#coord	neutral	conserved	gBGC.neutral	gBGC.conserved
1	0.76413	0.23463	0.00094964	0.000292
2	0.77002	0.22874	0.00095256	0.00028334
3	0.78026	0.21851	0.00096083	0.00026937
4	0.79718	0.2016	0.00097714	0.00024733
5	0.82294	0.17584	0.001004	0.00021473
6	0.86148	0.13731	0.001046	0.00016698
7	0.91284	0.085949	0.0011031	0.00010407
8	0.93539	0.063411	0.0011249	7.6492e-05
9	0.96589	0.032912	0.0011561	3.9585e-05
10	0.97775	0.021059	0.0011648	2.5238e-05
11	0.98216	0.016659	0.0011644	1.9876e-05
12	0.98884	0.009982	0.0011668	1.1854e-05
13	0.99153	0.0072929	0.0011643	8.6247e-06
14	0.99583	0.0030027	0.0011638	3.5401e-06
15	0.9976	0.0012372	0.0011602	1.4544e-06
16	0.99708	0.0017597	0.001154	2.0526e-06
17	0.99734	0.001506	0.0011488	1.747e-06
18	0.99698	0.0018754	0.0011428	2.1602e-06
19	0.9974	0.0014596	0.0011378	1.67e-06
20	0.99879	7.3995e-05	0.0011338	8.4364e-08
21	0.99884	2.7748e-05	0.0011284	3.1398e-08
22	0.99857	0.00030603	0.0011225	3.4524e-07
23	0.99817	0.00070934	0.0011166	7.9601e-07
24	0.99843	0.00045664	0.0011114	5.1018e-07
25	0.99854	0.00035341	0.0011061	3.9259e-07
26	0.99857	0.00033286	0.0011007	3.6699e-07
27	0.99758	0.001327	0.0010941	1.4556e-06
28	0.99747	0.0014367	0.0010885	1.5699e-06
29	0.99812	0.00079075	0.0010838	8.6016e-07
30	0.99842	0.00050485	0.0010786	5.4835e-07
31	0.99751	0.001419	0.0010722	1.5335e-06
32	0.99539	0.0035386	0.0010645	3.8011e-06
33	0.99425	0.0046832	0.0010579	5.0023e-06
34	0.99403	0.0049125	0.0010523	5.2173e-06
35	0.99484	0.0041049	0.0010478	4.3398e-06
36	0.99428	0.0046685	0.0010419	4.9078e-06
37	0.99474	0.0042156	0.001037	4.4117e-06
38	0.99611	0.002858	0.0010331	2.9778e-06
39	0.99626	0.0027047	0.0010279	2.8019e-06
40	0.99723	0.0017473	0.0010236	1.7984e-06
41	0.99735	0.0016326	0.0010184	1.6706e-06
42	0.99674	0.0022445	0.0010124	2.2852e-06
43	0.99689	0.0021003	0.0010073	2.1265e-06
44	0.99624	0.0027525	0.0010013	2.7733e-06
45	0.99647	0.0025353	0.00099618	2.5406e-06
46	0.99757	0.0014316	0.000992	1.4253e-06
47	0.998	0.0010151	0.00098709	1.0047e-06
48	0.99805	0.00096409	0.0009818	9.4996e-07
49	0.99882	0.00019825	0.00097724	1.9443e-07
50	0.99884	0.00018712	0.00097195	1.8205e-07
51	0.99896	7.5505e-05	0.00096674	7.3151e-08
52	0.99889	0.00015245	0.00096137	1.4658e-07
53	0.99808	0.00096358	0.00095533	9.19e-07
54	0.99654	0.0025126	0.00094857	2.3842e-06
55	0.99609	0.0029651	0.00094284	2.7986e-06
56	0.99668	0.0023843	0.00093806	2.2386e-06
57	0.99635	0.0027118	0.00093245	2.5307e-06
58	0.99502	0.0040513	0.00092589	3.7612e-06
59	0.98281	0.016266	0.00090933	1.5006e-05
60	0.97495	0.024127	0.00089686	2.2138e-05
61	0.96972	0.02937	0.00088691	2.6784e-05
62	0.96669	0.032404	0.00087904	2.9361e-05
63	0.96604	0.033059	0.00087333	2.9767e-05
64	0.96092	0.038179	0.00086359	3.4174e-05
65	0.95871	0.040394	0.00085647	3.5944e-05
66	0.95853	0.040581	0.0008512	3.5884e-05
67	0.95343	0.045684	0.00084157	4.0156e-05
68	0.95073	0.048394	0.00083413	4.227e-05
69	0.95083	0.0483	0.00082913	4.1921e-05
70	0.94572	0.05341	0.0008196	4.6081e-05
71	0.9438	0.05534	0.00081282	4.7459e-05
72	0.94479	0.054357	0.00080853	4.6336e-05
73	0.94812	0.051027	0.00080625	4.3222e-05
74	0.95475	0.04441	0.00080668	3.7382e-05
75	0.96455	0.034613	0.00080973	2.8935e-05
76	0.9675	0.031665	0.00080695	2.63e-05
77	0.97325	0.025919	0.00080643	2.1393e-05
78	0.98174	0.017439	0.00080811	1.4293e-05
79	0.98507	0.014115	0.00080548	1.1494e-05
80	0.98527	0.013914	0.00080031	1.1255e-05
81	0.9869	0.012293	0.00079631	9.8682e-06
82	0.97998	0.01922	0.00078543	1.5332e-05
83	0.97589	0.023316	0.00077685	1.8481e-05
84	0.97373	0.025485	0.00076987	2.0056e-05
85	0.97368	0.025537	0.00076454	1.9955e-05
86	0.96981	0.029407	0.00075622	2.2827e-05
87	0.96845	0.030774	0.00074984	2.3728e-05
88	0.96893	0.030304	0.00074492	2.3198e-05
89	0.9717	0.027535	0.00074173	2.0925e-05
90	0.97725	0.021995	0.00074056	1.6595e-05
91	0.98634	0.012909	0.00074197	9.6773e-06
92	0.98973	0.009519	0.00073907	7.0849e-06
93	0.99068	0.0085833	0.00073429	6.3467e-06
94	0.98955	0.0097139	0.00072801	7.133e-06
95	0.98967	0.0095973	0.00072268	6.9931e-06
96	0.99135	0.00793	0.00071845	5.7345e-06
97	0.99099	0.0082917	0.00071277	5.9481e-06
98	0.99207	0.0072167	0.00070809	5.136e-06
99	0.99474	0.0045547	0.0007045	3.2162e-06
100	0.99292	0.0063809	0.00069775	4.4707e-06
101	0.99246	0.0068475	0.00069195	4.7607e-06
102	0.99329	0.0060139	0.00068703	4.1493e-06
103	0.99246	0.0068568	0.00068093	4.6978e-06
104	0.99296	0.0063578	0.00067572	4.3264e-06
105	0.9946	0.0047219	0.0006713	3.1907e-06
106	0.99469	0.0046398	0.00066585	3.1107e-06
107	0.99324	0.0060947	0.00065935	4.0555e-06
108	0.99291	0.0064318	0.00065363	4.2448e-06
109	0.9939	0.0054494	0.00064875	3.5706e-06
110	0.99605	0.0033032	0.00064464	2.1508e-06
111	0.99668	0.0026796	0.00063955	1.7321e-06
112	0.99637	0.002992	0.00063388	1.917e-06
113	0.99694	0.0024265	0.00062879	1.5422e-06
114	0.99844	0.00093195	0.0006243	5.8935e-07
115	0.96886	0.030517	0.00060045	1.9013e-05
116	0.94861	0.05078	0.00058264	3.1377e-05
117	0.93509	0.064302	0.00056915	3.9404e-05
118	0.92565	0.073749	0.00055832	4.4797e-05
119	0.92035	0.079053	0.00055005	4.7603e-05
120	0.91852	0.080889	0.00054387	4.8294e-05
121	0.9193	0.080111	0.00053928	4.7417e-05
122	0.92276	0.076658	0.00053628	4.4981e-05
123	0.92917	0.070259	0.00053496	4.0874e-05
124	0.92857	0.070856	0.00052959	4.0839e-05
125	0.93048	0.068959	0.00052567	3.9375e-05
126	0.93502	0.06442	0.00052324	3.6439e-05
127	0.93316	0.066289	0.00051722	3.7119e-05
128	0.93429	0.06516	0.00051284	3.6131e-05
129	0.93871	0.06075	0.00051022	3.337e-05
130	0.93748	0.061987	0.00050447	3.3717e-05
131	0.93858	0.060888	0.0005	3.2795e-05
132	0.94214	0.057336	0.00049685	3.058e-05
133	0.93971	0.059773	0.00049054	3.1542e-05
134	0.94029	0.059192	0.00048579	3.0916e-05
135	0.94323	0.056256	0.00048228	2.9082e-05
136	0.94879	0.050706	0.00048009	2.5943e-05
137	0.95823	0.041269	0.00047977	2.0912e-05
138	0.97156	0.027949	0.00048131	1.4036e-05
139	0.97021	0.029301	0.00047549	1.4546e-05
140	0.97064	0.028871	0.00047057	1.417e-05
141	0.97289	0.026626	0.00046654	1.292e-05
142	0.97713	0.022396	0.00046346	1.0741e-05
143	0.97735	0.022185	0.00045846	1.0506e-05
144	0.97922	0.020312	0.00045425	9.4957e-06
145	0.98334	0.016203	0.00045103	7.4758e-06
146	0.98424	0.015312	0.00044627	6.9727e-06
147	0.98666	0.012888	0.00044221	5.7868e-06
148	0.99122	0.0083361	0.00043905	3.6819e-06
149	0.99268	0.0068811	0.0004345	2.9869e-06
150	0.9925	0.007068	0.00042921	3.0179e-06
151	0.99369	0.0058835	0.00042447	2.4643e-06
152	0.99611	0.0034657	0.00042027	1.401e-06
153	0.99703	0.0025507	0.00041539	9.8785e-07
154	0.99453	0.0050548	0.0004092	1.9125e-06
155	0.99344	0.0061501	0.00040355	2.2666e-06
156	0.9899	0.0096949	0.00039704	3.4968e-06
157	0.98789	0.011716	0.00039116	4.1215e-06
158	0.98751	0.012103	0.00038588	4.1239e-06
159	0.98391	0.015707	0.00037953	5.2231e-06
160	0.98239	0.017228	0.00037391	5.5624e-06
161	0.98239	0.017236	0.00036885	5.3524e-06
162	0.97899	0.020643	0.00036274	6.226e-06
163	0.96926	0.030373	0.00035479	8.9392e-06
164	0.96338	0.036264	0.00034809	1.0394e-05
165	0.96051	0.039139	0.00034235	1.0871e-05
166	0.95139	0.048264	0.00033486	1.3071e-05
167	0.94535	0.054304	0.00032837	1.4289e-05
168	0.94255	0.057112	0.00032284	1.4522e-05
169	0.94207	0.057601	0.00031804	1.4041e-05
170	0.94456	0.055112	0.00031412	1.267e-05
171	0.92867	0.070998	0.00031031	1.8195e-05
172	0.91739	0.082278	0.00030799	2.2229e-05
173	0.91092	0.08875	0.00030721	2.4715e-05
174	0.90835	0.091321	0.00030765	2.5951e-05
175	0.90849	0.091178	0.00030897	2.6318e-05
176	0.90133	0.098336	0.00030789	2.9061e-05
177	0.89736	0.1023	0.00030788	3.075e-05
178	0.89629	0.10337	0.00030882	3.1483e-05
179	0.89804	0.10162	0.00031069	3.1289e-05
180	0.90277	0.096888	0.00031355	3.0109e-05
181	0.912	0.087659	0.00031786	2.7471e-05
182	0.92701	0.072648	0.00032401	2.296e-05
183	0.94766	0.051987	0.00033204	1.6582e-05
184	0.95599	0.043662	0.00033619	1.4067e-05
185	0.9576	0.042044	0.00033819	1.3705e-05
186	0.95403	0.045613	0.00033842	1.5113e-05
187	0.94313	0.056513	0.00033601	1.9148e-05
188	0.93577	0.063871	0.00033485	2.1939e-05
189	0.93202	0.067625	0.00033493	2.3462e-05
190	0.93082	0.068825	0.00033593	2.4077e-05
191	0.93265	0.066984	0.00033799	2.3611e-05
192	0.93711	0.062532	0.000341	2.2202e-05
193	0.88938	0.11025	0.00032485	3.9962e-05
194	0.85649	0.14314	0.00031401	5.2387e-05
195	0.83424	0.16539	0.00030701	6.0957e-05
196	0.78222	0.21741	0.00028872	8.0805e-05
197	0.74341	0.25622	0.00027528	9.5803e-05
198	0.71478	0.28485	0.00026559	0.00010705
199	0.69408	0.30554	0.00025883	0.00011537
200	0.68118	0.31845	0.00025495	0.0001208
201	0.67315	0.32647	0.00025289	0.00012441
202	0.64551	0.35411	0.00024332	0.00013553
203	0.62553	0.37409	0.00023662	0.00014378
204	0.61178	0.38784	0.00023228	0.00014968
205	0.6031	0.39651	0.00022986	0.00015365
206	0.59892	0.4007	0.00022916	0.00015591
207	0.60024	0.39937	0.00023057	0.00015605
208	0.58721	0.4124	0.00022639	0.00016177
209	0.57916	0.42045	0.00022414	0.00016557
210	0.54909	0.45051	0.00021324	0.00017802
211	0.52731	0.4723	0.00020553	0.00018729
212	0.51209	0.48751	0.00020035	0.00019402
213	0.50226	0.49735	0.00019727	0.00019865
214	0.47021	0.5294	0.00018537	0.00021211
215	0.39497	0.60464	0.00015615	0.00024288
216	0.33826	0.66134	0.00013413	0.00026644
217	0.29564	0.70396	0.00011762	0.0002845
218	0.26685	0.73274	0.0001065	0.00029715
219	0.24554	0.75405	9.8326e-05	0.00030685
220	0.23009	0.7695	9.2471e-05	0.00031424
221	0.18525	0.81435	7.4679e-05	0.00033356
222	0.15459	0.845	6.2494e-05	0.00034726
223	0.13161	0.86798	5.3362e-05	0.00035791
224	0.11625	0.88334	4.7266e-05	0.00036551
225	0.10507	0.89452	4.2851e-05	0.00037143
226	0.09718	0.9024	3.9769e-05	0.00037601
227	0.092731	0.90685	3.8076e-05	0.00037919
228	0.091297	0.90828	3.7614e-05	0.00038113
229	0.092679	0.9069	3.8314e-05	0.00038189
230	0.096143	0.90344	3.9894e-05	0.00038178
231	0.102	0.89758	4.2494e-05	0.00038064
232	0.11169	0.88788	4.672e-05	0.00037786
233	0.12509	0.87448	5.2547e-05	0.00037348
234	0.14329	0.85628	6.0468e-05	0.000367
235	0.14712	0.85245	6.2314e-05	0.0003666
236	0.1551	0.84447	6.5939e-05	0.00036441
237	0.16674	0.83283	7.1168e-05	0.00036061
238	0.14925	0.85031	6.3852e-05	0.00036935
239	0.13648	0.86309	5.8537e-05	0.00037608
240	0.12851	0.87106	5.5259e-05	0.00038077
241	0.1245	0.87506	5.3674e-05	0.00038374
242	0.12294	0.87662	5.3153e-05	0.00038565
243	0.12376	0.8758	5.3673e-05	0.00038652
244	0.12701	0.87255	5.5272e-05	0.00038632
245	0.13386	0.8657	5.8451e-05	0.00038451
246	0.14398	0.85557	6.3102e-05	0.00038124
247	0.15962	0.83993	7.0208e-05	0.0003755
248	0.18077	0.81878	7.9817e-05	0.00036725
249	0.20916	0.79039	9.2735e-05	0.0003557
250	0.25019	0.74936	0.00011135	0.00033843
251	0.30437	0.69518	0.00013602	0.00031511
252	0.37616	0.62339	0.00016882	0.00028366
253	0.40662	0.59293	0.00018308	0.00027074
254	0.44746	0.55209	0.00020216	0.000253
255	0.50177	0.49777	0.00022752	0.00022897
256	0.52137	0.47818	0.00023717	0.00022067
257	0.54849	0.45105	0.00025036	0.00020882
258	0.58522	0.41432	0.00026809	0.00019245
259	0.63455	0.36499	0.0002918	0.00017009
260	0.70036	0.29918	0.00032337	0.00013987
261	0.7964	0.20313	0.00036918	9.539e-05
262	0.83499	0.16454	0.00038837	7.7547e-05
263	0.84995	0.14959	0.00039655	7.0709e-05
264	0.87324	0.12629	0.00040868	5.9911e-05
265	0.90476	0.094767	0.00042479	4.5128e-05
266	0.91795	0.081581	0.00043225	3.8992e-05
267	0.93641	0.063122	0.00044226	3.0297e-05
268	0.94254	0.056985	0.00044645	2.7438e-05
269	0.9423	0.057222	0.0004476	2.7614e-05
270	0.94438	0.055144	0.00044988	2.6674e-05
271	0.9489	0.050624	0.00045335	2.4547e-05
272	0.95624	0.043277	0.00045822	2.1031e-05
273	0.96817	0.031349	0.0004653	1.5276e-05
274	0.97229	0.02723	0.00046862	1.3295e-05
275	0.97943	0.020087	0.0004734	9.8316e-06
276	0.9905	0.0090108	0.0004801	4.431e-06
277	0.99498	0.0045319	0.0004836	2.2388e-06
278	0.99429	0.0052276	0.00048457	2.582e-06
279	0.99462	0.0048954	0.00048605	2.4211e-06
280	0.99364	0.0058738	0.00048687	2.9079e-06
281	0.99372	0.0057899	0.00048821	2.8719e-06
282	0.99208	0.0074231	0.00048871	3.6837e-06
283	0.99163	0.0078755	0.0004898	3.9133e-06
284	0.98919	0.010319	0.00048988	5.135e-06
285	0.98813	0.011374	0.00049065	5.6695e-06
286	0.98399	0.015511	0.00048986	7.7458e-06
287	0.98197	0.017536	0.0004901	8.7802e-06
288	0.98179	0.017707	0.00049124	8.893e-06
289	0.98345	0.016045	0.00049328	8.0889e-06
290	0.98678	0.012719	0.00049617	6.4395e-06
291	0.992	0.0074942	0.00050004	3.8194e-06
292	0.98494	0.014559	0.00049768	7.4285e-06
293	0.98065	0.018847	0.0004967	9.6436e-06
294	0.97821	0.021284	0.00049667	1.092e-05
295	0.97033	0.029161	0.00049385	1.4987e-05
296	0.9651	0.034387	0.00049238	1.7707e-05
297	0.96216	0.037332	0.00049209	1.9263e-05
298	0.96179	0.037697	0.00049309	1.9503e-05
299	0.9634	0.036083	0.00049513	1.8717e-05
300	0.96709	0.03239	0.00049825	1.6848e-05
301	0.95686	0.042624	0.00049418	2.2185e-05
302	0.95061	0.048875	0.00049212	2.5487e-05
303	0.94695	0.052529	0.00049141	2.7446e-05
304	0.94627	0.05321	0.00049222	2.7867e-05
305	0.9478	0.05168	0.00049419	2.7129e-05
306	0.9524	0.047073	0.00049776	2.4779e-05
307	0.95126	0.048212	0.00049834	2.5432e-05
308	0.95228	0.047193	0.00050005	2.4947e-05
309	0.95608	0.043394	0.00050322	2.2996e-05
310	0.96246	0.037011	0.00050778	1.966e-05
311	0.97188	0.02759	0.00051398	1.4685e-05
312	0.98647	0.013005	0.00052293	6.9449e-06
313	0.98718	0.012286	0.00052452	6.5715e-06
314	0.98961	0.0098577	0.000527	5.286e-06
315	0.99365	0.0058137	0.00053036	3.1252e-06
316	0.995	0.0044662	0.0005323	2.4037e-06
317	0.99496	0.0045072	0.00053346	2.4288e-06
318	0.9934	0.0060604	0.00053382	3.2662e-06
319	0.98941	0.01005	0.00053285	5.4225e-06
320	0.98703	0.012429	0.00053274	6.7148e-06
321	0.98642	0.013044	0.00053357	7.0615e-06
322	0.98714	0.012315	0.00053513	6.6775e-06
323	0.98549	0.013966	0.00053537	7.587e-06
324	0.98526	0.014192	0.0005364	7.7217e-06
325	0.98672	0.012732	0.00053833	6.9391e-06
326	0.99006	0.0093985	0.00054127	5.1325e-06
327	0.99579	0.0036656	0.0005455	2.0092e-06
328	0.99292	0.0065364	0.00054503	3.5906e-06
329	0.99136	0.0080895	0.0005453	4.4506e-06
330	0.99102	0.008431	0.00054623	4.6438e-06
331	0.99207	0.0073734	0.00054792	4.067e-06
332	0.99466	0.0047822	0.00055044	2.6415e-06
333	0.9992	0.00024844	0.00055402	1.3751e-07
334	0.99848	0.00096424	0.00055471	5.345e-07
335	0.99855	0.00089838	0.0005558	4.9891e-07
336	0.99942	2.4224e-05	0.00055734	1.3506e-08
337	0.99927	0.00017643	0.0005583	9.8551e-08
338	0.99526	0.0041794	0.00055709	2.3421e-06
339	0.99303	0.0064053	0.00055685	3.5989e-06
340	0.99203	0.007407	0.0005573	4.1691e-06
341	0.99241	0.0070271	0.00055851	3.9653e-06
342	0.99396	0.0054797	0.00056039	3.0994e-06
343	0.99062	0.0088124	0.00055948	4.9953e-06
344	0.98875	0.010681	0.00055941	6.0644e-06
345	0.98846	0.010977	0.00056021	6.2468e-06
346	0.98539	0.014047	0.00055941	8.0135e-06
347	0.98389	0.015538	0.00055951	8.8816e-06
348	0.98386	0.015567	0.00056046	8.9144e-06
349	0.98529	0.014136	0.00056225	8.1088e-06
350	0.98872	0.010705	0.00056516	6.1581e-06
351	0.99406	0.0053705	0.00056919	3.1036e-06
352	0.98874	0.010683	0.00056711	6.1688e-06
353	0.98533	0.014097	0.00056612	8.1458e-06
354	0.98391	0.015515	0.00056625	8.9816e-06
355	0.98395	0.015476	0.00056724	8.9741e-06
356	0.98543	0.013993	0.00056907	8.1274e-06
357	0.98847	0.010953	0.00057181	6.3708e-06
358	0.99376	0.0056635	0.00057585	3.3037e-06
359	0.99572	0.0037038	0.00057797	2.1647e-06
360	0.99614	0.003274	0.00057921	1.9144e-06
361	0.99555	0.003872	0.00057983	2.2658e-06
362	0.99588	0.0035325	0.000581	2.0689e-06
363	0.99501	0.0044016	0.00058148	2.5772e-06
364	0.99531	0.0041012	0.00058261	2.4039e-06
365	0.98981	0.009604	0.00058036	5.6262e-06
366	0.98658	0.012837	0.00057941	7.5316e-06
367	0.98526	0.014151	0.00057956	8.3179e-06
368	0.98536	0.014054	0.00058055	8.2722e-06
369	0.98722	0.012187	0.00058256	7.1851e-06
370	0.99112	0.00829	0.00058575	4.899e-06
371	0.9922	0.0072133	0.00058729	4.2701e-06
372	0.9915	0.0079108	0.00058776	4.6929e-06
373	0.99195	0.0074604	0.00058892	4.4327e-06
374	0.99382	0.0055876	0.00059091	3.3281e-06
375	0.99704	0.0023653	0.00059371	1.4131e-06
376	0.99838	0.0010204	0.00059541	6.1114e-07
377	0.99897	0.0004321	0.00059667	2.5925e-07
378	0.99931	9.6468e-05	0.00059778	5.7827e-08
379	0.99934	6.0603e-05	0.0005987	3.6461e-08
380	0.99849	0.00091185	0.00059909	5.4864e-07
381	0.99836	0.0010441	0.00059992	6.2898e-07
382	0.99781	0.0015846	0.00060048	9.569e-07
383	0.99645	0.0029442	0.00060052	1.7831e-06
384	0.99302	0.0063779	0.00059932	3.8672e-06
385	0.99125	0.0081438	0.0005991	4.949e-06
386	0.99072	0.0086756	0.00059964	5.282e-06
387	0.99138	0.0080149	0.00060091	4.889e-06
388	0.99328	0.0061099	0.00060294	3.7349e-06
389	0.99656	0.0028285	0.00060584	1.7345e-06
390	0.99786	0.001534	0.00060753	9.4328e-07
391	0.99329	0.0061007	0.00060564	3.7359e-06
392	0.99037	0.0090212	0.00060477	5.5257e-06
393	0.98911	0.010279	0.00060489	6.3054e-06
394	0.98913	0.010261	0.00060579	6.3025e-06
395	0.99067	0.0087213	0.00060762	5.3675e-06
396	0.9936	0.0057854	0.00061031	3.5675e-06
397	0.99458	0.0048078	0.00061178	2.9721e-06
398	0.99409	0.0052951	0.00061236	3.2777e-06
399	0.99462	0.0047626	0.00061357	2.952e-06
400	0.99371	0.0056767	0.00061391	3.5192e-06
401	0.99385	0.0055319	0.0006149	3.43e-06
402	0.99529	0.0040878	0.00061668	2.5365e-06
403	0.99824	0.0011429	0.00061938	7.108e-07
404	0.99823	0.0011506	0.00062025	7.1578e-07
405	0.99778	0.0015939	0.00062083	9.9299e-07
406	0.99663	0.0027478	0.00062095	1.716e-06
407	0.99638	0.0029953	0.00062164	1.8731e-06
408	0.99701	0.0023631	0.00062289	1.4789e-06
409	0.99688	0.0024934	0.00062364	1.5628e-06
410	0.99571	0.0036678	0.00062375	2.3e-06
411	0.9955	0.003876	0.00062447	2.4309e-06
412	0.99404	0.0053306	0.00062439	3.346e-06
413	0.99387	0.0054979	0.0006251	3.4562e-06
414	0.99497	0.0044012	0.00062658	2.7729e-06
415	0.9972	0.0021707	0.00062878	1.3704e-06
416	0.99804	0.0013259	0.00063013	8.3759e-07
417	0.99831	0.0010594	0.00063109	6.7043e-07
418	0.99048	0.0088876	0.00062689	5.6389e-06
419	0.98553	0.013841	0.00062449	8.7989e-06
420	0.98246	0.016905	0.00062329	1.0759e-05
421	0.97354	0.025821	0.00061839	1.644e-05
422	0.96745	0.031916	0.00061528	2.0331e-05
423	0.96371	0.035651	0.00061367	2.2722e-05
424	0.96251	0.036849	0.00061366	2.3506e-05
425	0.9637	0.035661	0.00061514	2.2774e-05
426	0.96753	0.031828	0.0006183	2.0355e-05
427	0.97378	0.025582	0.00062302	1.6378e-05
428	0.98372	0.015637	0.00063009	1.003e-05
429	0.99752	0.0018414	0.00063966	1.1833e-06
430	0.99572	0.0036433	0.00063922	2.3445e-06
431	0.99126	0.0081017	0.00063707	5.2148e-06
432	0.98847	0.010889	0.000636	7.0111e-06
433	0.98712	0.012239	0.00063586	7.8819e-06
434	0.98737	0.01199	0.00063674	7.7272e-06
435	0.98924	0.010112	0.00063864	6.523e-06
436	0.98378	0.015569	0.00063582	1.0047e-05
437	0.98073	0.018625	0.00063453	1.2032e-05
438	0.97975	0.019598	0.00063455	1.2677e-05
439	0.98034	0.01901	0.0006356	1.2307e-05
440	0.98289	0.016465	0.0006379	1.067e-05
441	0.98771	0.011638	0.00064166	7.5536e-06
442	0.98534	0.014007	0.00064073	9.1096e-06
443	0.98446	0.014886	0.00064077	9.6937e-06
444	0.98499	0.01436	0.00064175	9.3591e-06
445	0.98735	0.011996	0.0006439	7.8291e-06
446	0.9914	0.0079483	0.00064717	5.191e-06
447	0.99807	0.0012772	0.00065213	8.3946e-07
448	0.99509	0.0042586	0.00065078	2.8003e-06
449	0.99358	0.0057649	0.00065039	3.7983e-06
450	0.99317	0.0061736	0.00065072	4.0744e-06
451	0.99073	0.0086151	0.00064972	5.6883e-06
452	0.98961	0.0097366	0.0006496	6.4329e-06
453	0.98973	0.0096104	0.00065031	6.3541e-06
454	0.9911	0.0082402	0.00065185	5.4517e-06
455	0.99382	0.0055221	0.0006543	3.6536e-06
456	0.99856	0.00078087	0.00065806	5.1753e-07
457	0.98825	0.011092	0.00065185	7.3374e-06
458	0.98091	0.018435	0.00064761	1.2197e-05
459	0.976	0.023339	0.00064499	1.5445e-05
460	0.96388	0.035463	0.00063756	2.3484e-05
461	0.95614	0.043197	0.000633	2.8637e-05
462	0.95193	0.047403	0.00063074	3.1465e-05
463	0.79941	0.19993	0.00052995	0.00013284
464	0.69272	0.30661	0.00045935	0.000204
465	0.61227	0.38707	0.00040622	0.0002577
466	0.55729	0.44204	0.00036989	0.00029458
467	0.51622	0.48312	0.00034283	0.0003222
468	0.48884	0.51049	0.00032482	0.00034075
469	0.47135	0.52799	0.00031335	0.00035275
470	0.4595	0.53983	0.00030566	0.00036096
471	0.4537	0.54563	0.00030198	0.00036516
472	0.45321	0.54613	0.00030181	0.00036583
473	0.43732	0.56201	0.00029136	0.00037678
474	0.42685	0.57248	0.00028455	0.0003841
475	0.42215	0.57718	0.00028157	0.00038757
476	0.34135	0.65798	0.00022754	0.00044209
477	0.28035	0.71898	0.0001868	0.00048333
478	0.23787	0.76146	0.00015839	0.00051223
479	0.20584	0.79349	0.000137	0.00053411
480	0.18183	0.81749	0.000121	0.00055061
481	0.16412	0.83521	0.00010921	0.00056289
482	0.1513	0.84803	0.00010072	0.00057188
483	0.14238	0.85694	9.4834e-05	0.00057826
484	0.13661	0.86271	9.1065e-05	0.00058253
485	0.13457	0.86476	8.9773e-05	0.00058431
486	0.11978	0.87954	7.9947e-05	0.00059462
487	0.11014	0.88919	7.3536e-05	0.00060151
488	0.10458	0.89474	6.985e-05	0.00060566
489	0.10147	0.89786	6.7811e-05	0.00060816
490	0.088194	0.91113	5.895e-05	0.00061748
491	0.078437	0.92089	5.2454e-05	0.00062445
492	0.071504	0.92782	4.7856e-05	0.00062951
493	0.067512	0.93181	4.5217e-05	0.00063261
494	0.066079	0.93324	4.4288e-05	0.00063398
495	0.067004	0.93232	4.4939e-05	0.00063376
496	0.06023	0.93909	4.0398e-05	0.00063873
497	0.05634	0.94298	3.7788e-05	0.00064176
498	0.054105	0.94522	3.6301e-05	0.00064366
499	0.053897	0.94542	3.6174e-05	0.0006442
500	0.055689	0.94363	3.739e-05	0.00064337
501	0.059112	0.94021	3.9716e-05	0.00064144
502	0.06513	0.93419	4.3787e-05	0.00063775
503	0.073567	0.92575	4.9507e-05	0.00063242
504	0.086234	0.91308	5.8077e-05	0.00062422
505	0.10323	0.89608	6.9606e-05	0.00061306
506	0.1259	0.87342	8.5009e-05	0.00059803
507	0.13263	0.86669	8.962e-05	0.00059379
508	0.12972	0.86959	8.7695e-05	0.0005961
509	0.13006	0.86926	8.7957e-05	0.0005962
510	0.13282	0.86649	8.9888e-05	0.00059464
511	0.13823	0.86109	9.3634e-05	0.00059126
512	0.14675	0.85257	9.9522e-05	0.00058574
513	0.16061	0.8387	0.00010905	0.00057657
514	0.17953	0.81978	0.00012207	0.00056391
515	0.20494	0.79438	0.00013958	0.00054676
516	0.24243	0.75688	0.00016537	0.00052132
517	0.23891	0.7604	0.00016306	0.00052398
518	0.23968	0.75964	0.00016367	0.00052371
519	0.24504	0.75427	0.00016742	0.00052028
520	0.21194	0.78737	0.00014478	0.00054325
521	0.18926	0.81005	0.00012924	0.0005591
522	0.17252	0.82679	0.0001178	0.00057085
523	0.16046	0.83885	0.00010958	0.00057938
524	0.15216	0.84715	0.00010395	0.00058533
525	0.14704	0.85227	0.00010052	0.00058909
526	0.12936	0.86995	8.8437e-05	0.00060147
527	0.11785	0.88146	8.0567e-05	0.00060964
528	0.1098	0.88951	7.5076e-05	0.00061542
529	0.08499	0.91432	5.8099e-05	0.0006327
530	0.066155	0.93315	4.5227e-05	0.00064587
531	0.053106	0.9462	3.6293e-05	0.00065509
532	0.043314	0.95599	2.96e-05	0.00066207
533	0.036704	0.9626	2.5074e-05	0.00066687
534	0.031865	0.96744	2.1767e-05	0.00067045
535	0.029009	0.9703	1.9812e-05	0.00067267
536	0.027239	0.97207	1.8607e-05	0.00067414
537	0.026419	0.97289	1.8059e-05	0.00067495
538	0.026488	0.97282	1.8125e-05	0.00067515
539	0.02745	0.97186	1.8812e-05	0.00067473
540	0.029403	0.9699	2.0188e-05	0.00067363
541	0.026004	0.9733	1.7876e-05	0.00067621
542	0.024188	0.97512	1.6645e-05	0.0006777
543	0.023623	0.97568	1.6271e-05	0.00067832
544	0.018254	0.98105	1.2566e-05	0.00068226
545	0.014169	0.98514	9.7531e-06	0.0006853
546	0.011049	0.98826	7.6083e-06	0.00068768
547	0.0086504	0.99065	5.9624e-06	0.00068957
548	0.0070752	0.99223	4.8789e-06	0.00069087
549	0.0061035	0.9932	4.2079e-06	0.00069175
550	0.0053821	0.99392	3.7114e-06	0.00069246
551	0.0048547	0.99445	3.3499e-06	0.00069304
552	0.0046711	0.99463	3.2229e-06	0.00069337
553	0.0046077	0.9947	3.1801e-06	0.00069361
554	0.0046686	0.99463	3.2244e-06	0.00069377
555	0.0048586	0.99444	3.3594e-06	0.00069384
556	0.0051926	0.99411	3.5956e-06	0.00069381
557	0.0056967	0.99361	3.952e-06	0.00069366
558	0.0064103	0.99289	4.4569e-06	0.00069336
559	0.0073779	0.99192	5.1421e-06	0.00069289
560	0.0089675	0.99033	6.2596e-06	0.00069196
561	0.011337	0.98796	7.9203e-06	0.00069049
562	0.01479	0.98451	1.0334e-05	0.00068825
563	0.019272	0.98003	1.3476e-05	0.00068528
564	0.025865	0.97344	1.8089e-05	0.00068082
565	0.020488	0.97881	1.434e-05	0.00068473
566	0.016861	0.98244	1.1806e-05	0.00068741
567	0.014182	0.98512	9.9405e-06	0.00068943
568	0.012534	0.98677	8.7915e-06	0.00069072
569	0.011763	0.98754	8.2528e-06	0.00069138
570	0.011761	0.98754	8.2499e-06	0.00069149
571	0.012529	0.98677	8.7826e-06	0.00069106
572	0.0096913	0.98961	6.7933e-06	0.00069315
573	0.0077521	0.99155	5.4301e-06	0.0006946
574	0.0062466	0.99305	4.3748e-06	0.00069574
575	0.005247	0.99405	3.6712e-06	0.00069652
576	0.0044487	0.99485	3.1115e-06	0.00069716
577	0.0039859	0.99531	2.7843e-06	0.00069755
578	0.0036205	0.99568	2.5271e-06	0.00069787
579	0.0033238	0.99598	2.3197e-06	0.00069815
580	0.0032311	0.99607	2.2525e-06	0.00069827
581	0.0031716	0.99613	2.2097e-06	0.00069837
582	0.0031335	0.99617	2.1829e-06	0.00069845
583	0.0031211	0.99618	2.1751e-06	0.00069852
584	0.0032894	0.99601	2.291e-06	0.00069845
585	0.0034901	0.99581	2.4304e-06	0.00069835
586	0.0037382	0.99556	2.604e-06	0.00069823
587	0.0040526	0.99525	2.8252e-06	0.00069806
588	0.0046532	0.99465	3.2435e-06	0.00069767
589	0.0054113	0.99389	3.7735e-06	0.00069718
590	0.0063754	0.99292	4.4498e-06	0.00069654
591	0.0076188	0.99168	5.3241e-06	0.00069571
592	0.0092358	0.99006	6.4639e-06	0.00069461
593	0.011653	0.98765	8.1616e-06	0.00069294
594	0.01526	0.98404	1.0689e-05	0.00069043
595	0.019943	0.97936	1.3978e-05	0.00068715
596	0.026059	0.97324	1.8281e-05	0.00068287
597	0.034111	0.96519	2.3958e-05	0.00067721
598	0.045688	0.95361	3.2106e-05	0.00066907
599	0.049074	0.95022	3.4487e-05	0.00066668
600	0.046757	0.95254	3.2856e-05	0.00066829
601	0.046419	0.95288	3.2607e-05	0.00066851
602	0.039679	0.95962	2.7851e-05	0.00067322
603	0.034772	0.96453	2.4394e-05	0.00067663
604	0.031925	0.96737	2.238e-05	0.00067859
605	0.030741	0.96856	2.1527e-05	0.00067937
606	0.030579	0.96872	2.1398e-05	0.00067943
607	0.031827	0.96747	2.225e-05	0.0006785
608	0.034168	0.96513	2.3872e-05	0.0006768
609	0.037809	0.96149	2.6409e-05	0.00067418
610	0.043035	0.95626	3.0062e-05	0.00067045
611	0.042529	0.95677	2.9696e-05	0.00067073
612	0.043256	0.95604	3.0201e-05	0.00067013
613	0.045799	0.9535	3.1967e-05	0.00066826
614	0.04986	0.94944	3.4802e-05	0.00066533
615	0.055746	0.94355	3.8923e-05	0.00066111
616	0.043621	0.95568	3.0437e-05	0.00066949
617	0.034476	0.96482	2.4049e-05	0.00067576
618	0.028365	0.97094	1.9773e-05	0.00067992
619	0.023845	0.97546	1.6618e-05	0.00068295
620	0.020971	0.97833	1.4605e-05	0.00068483
621	0.019375	0.97993	1.3481e-05	0.00068581
622	0.018523	0.98078	1.2882e-05	0.00068626
623	0.018369	0.98093	1.2773e-05	0.00068623
624	0.019211	0.98009	1.3353e-05	0.00068549
625	0.021156	0.97815	1.4696e-05	0.00068398
626	0.024017	0.97528	1.6681e-05	0.00068183
627	0.028013	0.97129	1.9461e-05	0.00067888
628	0.034199	0.9651	2.3756e-05	0.0006744
629	0.04247	0.95683	2.9508e-05	0.00066847
630	0.054476	0.94483	3.7843e-05	0.00065995
631	0.071745	0.92756	4.9812e-05	0.00064778
632	0.076835	0.92247	5.3328e-05	0.00064406
633	0.084351	0.91495	5.8541e-05	0.00063864
634	0.083401	0.9159	5.7872e-05	0.00063912
635	0.084996	0.91431	5.8962e-05	0.00063781
636	0.089339	0.90996	6.1951e-05	0.0006346
637	0.097176	0.90213	6.735e-05	0.00062896
638	0.10816	0.89114	7.4945e-05	0.00062113
639	0.12321	0.87609	8.5375e-05	0.00061047
640	0.1457	0.8536	0.00010093	0.00059466
641	0.17554	0.82377	0.00012161	0.00057374
642	0.21515	0.78415	0.00014911	0.00054599
643	0.2283	0.77101	0.00015822	0.00053665
644	0.24853	0.75078	0.00017223	0.00052239
645	0.27896	0.72034	0.00019327	0.00050108
646	0.32386	0.67545	0.00022427	0.00046979
647	0.38324	0.61606	0.00026535	0.00042844
648	0.46978	0.52953	0.00032511	0.00036838
649	0.47592	0.52338	0.00032922	0.00036398
650	0.48821	0.5111	0.00033756	0.00035534
651	0.50626	0.49305	0.0003499	0.00034269
652	0.53156	0.46774	0.0003673	0.000325
653	0.56908	0.43023	0.00039309	0.00029889
654	0.61921	0.3801	0.00042765	0.00026403
655	0.63769	0.36162	0.00044029	0.00025109
656	0.66589	0.33342	0.00045962	0.00023144
657	0.70401	0.2953	0.00048585	0.0002049
658	0.76032	0.23899	0.00052459	0.00016584
659	0.83529	0.16402	0.00057628	0.00011382
660	0.93434	0.064967	0.00064474	4.5053e-05
661	0.93501	0.064298	0.00064494	4.4547e-05
662	0.93876	0.060556	0.00064724	4.1923e-05
663	0.94605	0.053265	0.00065197	3.6857e-05
664	0.95677	0.042537	0.00065908	2.9406e-05
665	0.97338	0.025934	0.00067022	1.7917e-05
666	0.98039	0.01892	0.0006747	1.307e-05
667	0.99038	0.0089278	0.00068124	6.1639e-06
668	0.99063	0.0086847	0.00068107	5.9867e-06
669	0.98866	0.010653	0.00067938	7.3257e-06
670	0.98828	0.011038	0.00067877	7.5798e-06
671	0.98942	0.0098892	0.00067918	6.7836e-06
672	0.99232	0.0069951	0.00068077	4.7939e-06
673	0.99308	0.0062324	0.00068087	4.27e-06
674	0.99236	0.0069557	0.00067994	4.7669e-06
675	0.99275	0.0065629	0.00067978	4.4958e-06
676	0.99455	0.0047634	0.00068056	3.2652e-06
677	0.99472	0.0045968	0.00068024	3.1503e-06
678	0.99339	0.005923	0.0006789	4.0546e-06
679	0.99338	0.0059376	0.00067844	4.0637e-06
680	0.99444	0.0048828	0.00067872	3.3398e-06
681	0.99693	0.0023897	0.00067996	1.6379e-06
682	0.99609	0.0032283	0.00067893	2.2111e-06
683	0.99616	0.0031544	0.00067854	2.1592e-06
684	0.99716	0.0021623	0.00067879	1.4794e-06
685	0.99511	0.0042138	0.00067696	2.8735e-06
686	0.99039	0.0089326	0.00067331	6.0844e-06
687	0.98779	0.011529	0.00067108	7.8512e-06
688	0.98663	0.012695	0.00066983	8.6391e-06
689	0.98235	0.016967	0.00066646	1.1542e-05
690	0.97991	0.019409	0.00066434	1.3192e-05
691	0.97911	0.020211	0.00066335	1.3723e-05
692	0.98028	0.019043	0.00066368	1.2921e-05
693	0.9831	0.016222	0.00066513	1.0997e-05
694	0.98827	0.01105	0.00066816	7.4885e-06
695	0.99579	0.0035328	0.00067278	2.3898e-06
696	0.99927	5.5183e-05	0.00067463	3.7269e-08
697	0.99928	4.1377e-05	0.00067412	2.8045e-08
698	0.99861	0.00071476	0.00067316	4.838e-07
699	0.99737	0.0019608	0.00067179	1.3287e-06
700	0.99443	0.0048953	0.00066929	3.313e-06
701	0.98783	0.011497	0.00066428	7.7801e-06
702	0.98391	0.015415	0.00066107	1.0433e-05
703	0.98172	0.017613	0.00065904	1.1916e-05
704	0.98107	0.018257	0.00065807	1.2346e-05
705	0.98193	0.017396	0.00065813	1.1758e-05
706	0.98439	0.014944	0.00065926	1.0099e-05
707	0.9886	0.010735	0.00066159	7.2555e-06
708	0.99488	0.0044469	0.00066533	3.0126e-06
709	0.95609	0.043241	0.00063881	2.9034e-05
710	0.92936	0.069969	0.00062037	4.6955e-05
711	0.90974	0.089596	0.00060676	6.0063e-05
712	0.8969	0.10244	0.00059767	6.8625e-05
713	0.88827	0.11106	0.00059144	7.434e-05
714	0.88399	0.11534	0.00058808	7.7156e-05
715	0.88366	0.11567	0.00058735	7.7339e-05
716	0.88628	0.11306	0.00058859	7.5552e-05
717	0.88047	0.11886	0.00058423	7.9365e-05
718	0.87786	0.12148	0.00058203	8.1039e-05
719	0.87901	0.12032	0.00058231	8.021e-05
720	0.88428	0.11506	0.00058528	7.667e-05
721	0.89314	0.1062	0.00059066	7.0733e-05
722	0.9063	0.093036	0.00059889	6.1942e-05
723	0.9248	0.074543	0.00061068	4.9611e-05
724	0.93193	0.067414	0.00061488	4.4847e-05
725	0.94259	0.056752	0.00062143	3.7741e-05
726	0.95759	0.041751	0.00063087	2.7756e-05
727	0.96286	0.036479	0.00063386	2.4227e-05
728	0.9717	0.027642	0.00063917	1.8352e-05
729	0.98413	0.015217	0.00064687	1.0101e-05
730	0.98395	0.015391	0.00064624	1.0197e-05
731	0.98087	0.018473	0.00064366	1.2211e-05
732	0.97948	0.019867	0.00064221	1.3107e-05
733	0.97966	0.019681	0.00064181	1.2961e-05
734	0.98186	0.017484	0.00064271	1.1499e-05
735	0.98585	0.013492	0.0006448	8.8544e-06
736	0.98688	0.01247	0.00064491	8.1694e-06
737	0.98974	0.0096085	0.00064621	6.2853e-06
738	0.99484	0.0045072	0.00064893	2.9459e-06
739	0.9907	0.008646	0.00064564	5.6358e-06
740	0.98847	0.010876	0.00064357	7.0817e-06
741	0.98792	0.011427	0.00064258	7.4362e-06
742	0.98483	0.014524	0.0006399	9.4499e-06
743	0.98332	0.016027	0.00063828	1.0418e-05
744	0.97769	0.021658	0.000634	1.4058e-05
745	0.96441	0.034947	0.00062473	2.2664e-05
746	0.95598	0.04337	0.0006186	2.8108e-05
747	0.95051	0.048848	0.00061441	3.1625e-05
748	0.94819	0.051163	0.00061225	3.3095e-05
749	0.94811	0.051243	0.00061155	3.3112e-05
750	0.9509	0.048452	0.00061268	3.1284e-05
751	0.95614	0.043216	0.00061539	2.7877e-05
752	0.96505	0.034309	0.00062043	2.2124e-05
753	0.97763	0.02173	0.00062784	1.4011e-05
754	0.99491	0.0044454	0.00063828	2.8737e-06
755	0.99407	0.0052855	0.00063705	3.4103e-06
756	0.99426	0.0050997	0.00063649	3.2854e-06
757	0.99291	0.0064555	0.00063496	4.1474e-06
758	0.99267	0.0066964	0.00063415	4.292e-06
759	0.99377	0.0055944	0.00063418	3.5804e-06
760	0.99637	0.0029955	0.00063514	1.9173e-06
761	0.99731	0.0020584	0.00063504	1.3164e-06
762	0.99922	0.00014446	0.00063558	9.2138e-08
763	0.99834	0.0010267	0.00063431	6.5271e-07
764	0.99827	0.0010972	0.00063354	6.9763e-07
765	0.99891	0.00045275	0.00063324	2.8794e-07
766	0.99844	0.00092304	0.00063223	5.8559e-07
767	0.99432	0.0050527	0.00062888	3.2034e-06
768	0.99171	0.0076541	0.00062652	4.8444e-06
769	0.99071	0.0086602	0.00062515	5.4768e-06
770	0.99089	0.0084785	0.00062455	5.3555e-06
771	0.99252	0.0068529	0.00062483	4.3272e-06
772	0.99244	0.0069343	0.00062401	4.3783e-06
773	0.99347	0.0059009	0.0006239	3.7256e-06
774	0.99571	0.0036607	0.00062456	2.3137e-06
775	0.9942	0.0051767	0.00062284	3.2699e-06
776	0.99375	0.0056213	0.00062179	3.5489e-06
777	0.99435	0.0050284	0.00062141	3.1748e-06
778	0.9934	0.0059713	0.00062008	3.7641e-06
779	0.99032	0.0090596	0.00061737	5.7025e-06
780	0.98866	0.010717	0.00061558	6.7376e-06
781	0.98384	0.015534	0.00061179	9.7539e-06
782	0.98091	0.018474	0.00060919	1.1586e-05
783	0.98003	0.019354	0.00060786	1.2132e-05
784	0.96149	0.037892	0.00059551	2.3702e-05
785	0.94935	0.050028	0.00058715	3.1262e-05
786	0.94096	0.058421	0.00058116	3.646e-05
787	0.93565	0.063729	0.00057712	3.9719e-05
788	0.9336	0.065782	0.00057508	4.096e-05
789	0.93395	0.065436	0.00057454	4.0706e-05
790	0.90923	0.090156	0.00055844	5.5995e-05
791	0.89112	0.10826	0.0005465	6.713e-05
792	0.87826	0.12113	0.00053785	7.4984e-05
793	0.86965	0.12973	0.00053186	8.0182e-05
794	0.86466	0.13473	0.00052812	8.3139e-05
795	0.86294	0.13645	0.00052641	8.407e-05
796	0.85184	0.14755	0.00051893	9.0752e-05
797	0.82079	0.1786	0.00049932	0.00010957
798	0.74335	0.25604	0.00045159	0.00015652
799	0.5517	0.44769	0.00033482	0.00027251
800	0.4174	0.58199	0.00025295	0.00035359
801	0.32491	0.67448	0.00019652	0.00040921
802	0.25467	0.74473	0.00015379	0.00045113
803	0.2056	0.7938	0.00012392	0.00048019
804	0.16842	0.83098	0.00010134	0.00050195
805	0.14031	0.85909	8.4311e-05	0.00051816
806	0.12096	0.87844	7.2569e-05	0.00052907
807	0.10817	0.89123	6.478e-05	0.00053602
808	0.10016	0.89924	5.9866e-05	0.00054008
809	0.09581	0.90359	5.7146e-05	0.00054192
810	0.093646	0.90576	5.5753e-05	0.00054245
811	0.081978	0.91742	4.8672e-05	0.00054865
812	0.074382	0.92502	4.4034e-05	0.00055239
813	0.0692	0.9302	4.0859e-05	0.00055467
814	0.066026	0.93338	3.8894e-05	0.00055574
815	0.064579	0.93483	3.7965e-05	0.00055578
816	0.064749	0.93466	3.7999e-05	0.00055485
817	0.066581	0.93283	3.902e-05	0.00055294
818	0.070866	0.92854	4.147e-05	0.00054958
819	0.077358	0.92205	4.5216e-05	0.00054493
820	0.087747	0.91166	5.1221e-05	0.00053801
821	0.10181	0.8976	5.9369e-05	0.00052895
822	0.1207	0.87872	7.0334e-05	0.00051707
823	0.1459	0.85352	8.4979e-05	0.00050151
824	0.18217	0.81724	0.00010602	0.00047954
825	0.23022	0.7692	0.0001339	0.00045074
826	0.24976	0.74966	0.00014505	0.00043865
827	0.27871	0.72071	0.0001616	0.00042114
828	0.31751	0.68191	0.00018385	0.00039794
829	0.36897	0.63045	0.00021341	0.00036743
830	0.43728	0.56214	0.00025271	0.00032719
831	0.52781	0.47161	0.00030484	0.00027411
832	0.51598	0.48344	0.0002975	0.00028049
833	0.51052	0.4889	0.00029383	0.00028319
834	0.50929	0.49014	0.00029263	0.00028342
835	0.51333	0.48609	0.00029444	0.00028062
836	0.52178	0.47765	0.00029879	0.00027529
837	0.53692	0.4625	0.00030695	0.00026614
838	0.5607	0.43873	0.00031997	0.0002521
839	0.59677	0.40266	0.00033991	0.00023113
840	0.64503	0.3544	0.00036676	0.00020325
841	0.70916	0.29027	0.00040259	0.0001664
842	0.73403	0.2654	0.00041603	0.00015195
843	0.74129	0.25814	0.00041942	0.00014755
844	0.75492	0.24451	0.00042638	0.00013956
845	0.77682	0.22262	0.00043796	0.00012694
846	0.80675	0.19269	0.00045406	0.00010979
847	0.80227	0.19716	0.00045069	0.00011213
848	0.80232	0.19712	0.00044986	0.00011191
849	0.80594	0.1935	0.00045105	0.00010967
850	0.81342	0.18602	0.00045443	0.00010526
851	0.82535	0.1741	0.0004603	9.8352e-05
852	0.84265	0.15679	0.00046919	8.8433e-05
853	0.86924	0.13021	0.00048321	7.3368e-05
854	0.90503	0.094412	0.00050237	5.3174e-05
855	0.91893	0.080519	0.00050922	4.5289e-05
856	0.91263	0.086814	0.0005048	4.8685e-05
857	0.91019	0.089259	0.0005025	4.9939e-05
858	0.91047	0.088979	0.00050173	4.9671e-05
859	0.91433	0.085115	0.00050292	4.7426e-05
860	0.9213	0.07815	0.00050583	4.3465e-05
861	0.93191	0.067538	0.00051076	3.7493e-05
862	0.94862	0.050834	0.000519	2.8192e-05
863	0.97135	0.0281	0.00053056	1.5583e-05
864	0.97278	0.026671	0.0005303	1.4764e-05
865	0.97611	0.02335	0.00053109	1.2906e-05
866	0.98155	0.017907	0.00053305	9.8888e-06
867	0.98953	0.00993	0.0005364	5.4891e-06
868	0.98881	0.010654	0.00053497	5.8679e-06
869	0.98959	0.0098707	0.00053435	5.4285e-06
870	0.99204	0.0074198	0.0005346	4.0888e-06
871	0.98868	0.010781	0.0005317	5.9158e-06
872	0.97995	0.019511	0.00052585	1.0667e-05
873	0.97397	0.025495	0.00052153	1.3904e-05
874	0.95743	0.042033	0.00051151	2.2838e-05
875	0.94654	0.052925	0.00050455	2.8698e-05
876	0.93912	0.060351	0.0004995	3.2657e-05
877	0.93459	0.064874	0.00049604	3.5034e-05
878	0.93263	0.066838	0.00049396	3.6028e-05
879	0.92349	0.075985	0.00048802	4.0866e-05
880	0.90032	0.099152	0.00047457	5.3201e-05
881	0.88345	0.11602	0.00046456	6.2107e-05
882	0.8716	0.12788	0.00045726	6.8294e-05
883	0.83962	0.15986	0.00043935	8.5106e-05
884	0.81604	0.18344	0.00042598	9.7387e-05
885	0.79916	0.20032	0.0004162	0.00010607
886	0.78758	0.2119	0.00040926	0.00011193
887	0.78043	0.21905	0.00040468	0.00011543
888	0.77715	0.22233	0.00040215	0.00011689
889	0.77756	0.22192	0.00040156	0.00011641
890	0.78163	0.21785	0.00040288	0.00011402
891	0.78968	0.20981	0.00040628	0.00010956
892	0.80374	0.19574	0.00041276	0.00010201
893	0.8237	0.17579	0.00042227	9.1419e-05
894	0.82907	0.17041	0.00042417	8.8432e-05
895	0.82534	0.17415	0.00042138	9.013e-05
896	0.82507	0.17442	0.00042038	9.0041e-05
897	0.82912	0.17037	0.00042157	8.7742e-05
898	0.83801	0.16148	0.00042521	8.2983e-05
899	0.85145	0.14804	0.00043117	7.5911e-05
900	0.87055	0.12894	0.00044	6.5963e-05
901	0.89681	0.10268	0.00045248	5.2386e-05
902	0.93517	0.064329	0.00047101	3.2726e-05
903	0.99144	0.0080555	0.00049851	4.0921e-06
904	0.98975	0.0097505	0.0004965	4.9344e-06
905	0.98933	0.010171	0.00049514	5.1307e-06
906	0.9904	0.0091032	0.00049452	4.5825e-06
907	0.98933	0.010174	0.00049282	5.105e-06
908	0.98975	0.0097561	0.00049186	4.885e-06
909	0.99144	0.0080638	0.00049153	4.0301e-06
910	0.99106	0.0084422	0.00049018	4.2062e-06
911	0.99186	0.0076482	0.00048941	3.7992e-06
912	0.99389	0.0056215	0.00048927	2.7828e-06
913	0.99098	0.0085326	0.00048666	4.2048e-06
914	0.98947	0.010043	0.00048476	4.9305e-06
915	0.98947	0.010043	0.00048358	4.9166e-06
916	0.99098	0.0085347	0.00048311	4.1683e-06
917	0.99389	0.0056253	0.00048334	2.7388e-06
918	0.9989	0.00061612	0.00048455	2.9986e-07
919	0.99867	0.00085085	0.00048322	4.1264e-07
920	0.99911	0.00041169	0.00048222	1.9873e-07
921	0.99941	0.00010917	0.00048113	5.2411e-08
922	0.99635	0.0031701	0.00047842	1.5191e-06
923	0.99473	0.004787	0.00047638	2.2889e-06
924	0.99439	0.0051304	0.00047493	2.4481e-06
925	0.9923	0.0072285	0.00047263	3.4445e-06
926	0.99142	0.0081005	0.00047093	3.8502e-06
927	0.99197	0.0075536	0.00046988	3.5831e-06
928	0.99083	0.0086961	0.00046801	4.1183e-06
929	0.99089	0.0086432	0.00046671	4.0845e-06
930	0.99214	0.0073909	0.00046598	3.4846e-06
931	0.99165	0.0078846	0.00046442	3.7093e-06
932	0.9923	0.0072318	0.0004634	3.3945e-06
933	0.99416	0.0053699	0.00046294	2.5152e-06
934	0.9943	0.0052336	0.00046169	2.4432e-06
935	0.99548	0.0040541	0.00046093	1.8859e-06
936	0.99808	0.0014572	0.0004608	6.7759e-07
937	0.99582	0.0037169	0.00045843	1.7185e-06
938	0.99467	0.0048671	0.00045658	2.2415e-06
939	0.99159	0.0079566	0.00045382	3.6529e-06
