#coord	neutral	conserved	gBGC.neutral	gBGC.conserved
1	0.76038	0.23348	0.0046896	0.0014502
2	0.76625	0.22762	0.0047192	0.0014118
3	0.77644	0.21744	0.004776	0.0013464
4	0.79328	0.20061	0.0048731	0.0012405
5	0.81891	0.17498	0.0050235	0.0010813
6	0.85727	0.13664	0.0052504	0.00084554
7	0.90838	0.085529	0.0055561	0.00053113
8	0.93082	0.063101	0.0056864	0.00039232
9	0.96118	0.032751	0.0058662	0.00020434
10	0.97298	0.020956	0.0059315	0.00013097
11	0.97737	0.016577	0.0059512	0.00010353
12	0.98402	0.0099334	0.0059852	6.196e-05
13	0.9867	0.0072574	0.0059942	4.5268e-05
14	0.99098	0.0029881	0.0060132	1.8695e-05
15	0.99274	0.0012312	0.0060169	7.7278e-06
16	0.99223	0.0017512	0.0060068	1.0861e-05
17	0.99249	0.0014987	0.0060015	9.2585e-06
18	0.99213	0.0018663	0.0059927	1.1436e-05
19	0.99255	0.0014525	0.0059889	8.8427e-06
20	0.99394	7.3635e-05	0.0059908	4.4562e-07
21	0.99399	2.7613e-05	0.0059844	1.6647e-07
22	0.99372	0.00030454	0.005976	1.8441e-06
23	0.99332	0.00070589	0.005967	4.2611e-06
24	0.99358	0.00045442	0.0059622	2.7304e-06
25	0.99369	0.0003517	0.0059563	2.1135e-06
26	0.99372	0.00033125	0.0059502	1.9781e-06
27	0.99273	0.0013205	0.0059379	7.8858e-06
28	0.99263	0.0014297	0.0059307	8.5505e-06
29	0.99328	0.00078691	0.0059283	4.6934e-06
30	0.99357	0.0005024	0.0059236	3.001e-06
31	0.99267	0.0014121	0.0059115	8.4704e-06
32	0.99056	0.0035215	0.0058926	2.1067e-05
33	0.98943	0.0046605	0.0058798	2.7798e-05
34	0.98921	0.0048886	0.0058726	2.9047e-05
35	0.99002	0.004085	0.0058714	2.4216e-05
36	0.98946	0.0046459	0.005862	2.7522e-05
37	0.98992	0.0041952	0.0058584	2.4878e-05
38	0.99128	0.0028442	0.0058604	1.6859e-05
39	0.99144	0.0026916	0.0058551	1.5979e-05
40	0.9924	0.0017388	0.0058548	1.0332e-05
41	0.99252	0.0016247	0.0058497	9.6293e-06
42	0.99191	0.0022336	0.0058402	1.3234e-05
43	0.99206	0.0020901	0.0058355	1.2362e-05
44	0.99142	0.0027392	0.0058258	1.6203e-05
45	0.99164	0.002523	0.0058216	1.4906e-05
46	0.99274	0.0014247	0.0058227	8.3823e-06
47	0.99316	0.0010101	0.0058197	5.9306e-06
48	0.99322	0.00095942	0.0058144	5.6413e-06
49	0.99399	0.00019729	0.0058134	1.1613e-06
50	0.994	0.00018621	0.0058083	1.0875e-06
51	0.99412	7.5139e-05	0.0058037	4.3972e-07
52	0.99405	0.00015171	0.0057981	8.8114e-07
53	0.99325	0.00095891	0.0057886	5.5244e-06
54	0.99171	0.0025004	0.0057746	1.4407e-05
55	0.99127	0.0029508	0.0057669	1.699e-05
56	0.99185	0.0023727	0.005765	1.3645e-05
57	0.99153	0.0026987	0.0057581	1.5474e-05
58	0.9902	0.0040316	0.0057453	2.3113e-05
59	0.97805	0.016187	0.0056699	9.3166e-05
60	0.97023	0.02401	0.0056193	0.00013831
61	0.96502	0.029227	0.0055843	0.00016814
62	0.96201	0.032247	0.0055623	0.0001851
63	0.96136	0.032899	0.0055537	0.00018853
64	0.95627	0.037994	0.0055194	0.00021759
65	0.95407	0.040198	0.0055015	0.00023012
66	0.95389	0.040385	0.0054956	0.00023089
67	0.94882	0.045462	0.0054614	0.00025982
68	0.94612	0.04816	0.0054412	0.00027487
69	0.94622	0.048066	0.0054368	0.00027405
70	0.94114	0.053152	0.0054025	0.00030302
71	0.93923	0.055072	0.0053861	0.00031396
72	0.94021	0.054094	0.0053861	0.00030846
73	0.94353	0.05078	0.0053997	0.00028947
74	0.95012	0.044195	0.0054316	0.00025208
75	0.95988	0.034446	0.0054819	0.00019653
76	0.96282	0.031512	0.0054937	0.00017964
77	0.96854	0.025793	0.0055211	0.00014707
78	0.97698	0.017355	0.0055643	9.8872e-05
79	0.9803	0.014046	0.005578	8.0065e-05
80	0.9805	0.013847	0.0055743	7.8856e-05
81	0.98212	0.012234	0.0055789	6.9518e-05
82	0.97523	0.019127	0.0055358	0.00010816
83	0.97116	0.023203	0.0055083	0.000131
84	0.969	0.025361	0.005492	0.00014284
85	0.96896	0.025413	0.0054875	0.00014287
86	0.96511	0.029265	0.0054613	0.0001644
87	0.96375	0.030624	0.005449	0.00017196
88	0.96423	0.030157	0.0054473	0.00016909
89	0.96699	0.027402	0.0054583	0.00015344
90	0.9725	0.021888	0.0054844	0.00012247
91	0.98155	0.012847	0.00553	7.2003e-05
92	0.98493	0.0094728	0.0055442	5.3083e-05
93	0.98587	0.0085417	0.0055445	4.793e-05
94	0.98475	0.0096667	0.0055336	5.4251e-05
95	0.98487	0.0095507	0.0055299	5.3518e-05
96	0.98653	0.0078914	0.0055346	4.42e-05
97	0.98617	0.0082514	0.0055283	4.6132e-05
98	0.98725	0.0071816	0.0055299	4.0118e-05
99	0.9899	0.0045326	0.00554	2.5359e-05
100	0.98809	0.0063499	0.0055255	3.5506e-05
101	0.98763	0.0068142	0.0055184	3.8126e-05
102	0.98846	0.0059847	0.0055183	3.3566e-05
103	0.98763	0.0068234	0.0055091	3.8284e-05
104	0.98813	0.0063268	0.0055073	3.5589e-05
105	0.98976	0.0046989	0.005512	2.6525e-05
106	0.98985	0.0046172	0.0055083	2.6077e-05
107	0.9884	0.006065	0.0054963	3.416e-05
108	0.98807	0.0064005	0.0054907	3.5967e-05
109	0.98905	0.0054228	0.0054923	3.0502e-05
110	0.99119	0.0032871	0.0055006	1.8526e-05
111	0.99182	0.0026666	0.0055006	1.5009e-05
112	0.99151	0.0029774	0.0054952	1.6749e-05
113	0.99208	0.0024147	0.005495	1.359e-05
114	0.99357	0.0009274	0.0055001	5.2454e-06
115	0.96413	0.030368	0.0053313	0.00017066
116	0.94397	0.050532	0.0052142	0.00028426
117	0.93052	0.063988	0.0051346	0.00036031
118	0.92112	0.073388	0.0050784	0.00041315
119	0.91585	0.078666	0.005045	0.00044304
120	0.91402	0.080493	0.0050306	0.00045377
121	0.9148	0.079719	0.0050311	0.00044982
122	0.91824	0.076282	0.0050468	0.00043093
123	0.92461	0.069915	0.0050791	0.00039559
124	0.92402	0.070508	0.005073	0.00039884
125	0.92591	0.068621	0.005081	0.00038811
126	0.93043	0.064104	0.005104	0.00036258
127	0.92857	0.065964	0.0050919	0.00037244
128	0.9297	0.06484	0.005096	0.00036589
129	0.93409	0.060452	0.005118	0.0003414
130	0.93286	0.061682	0.0051084	0.00034834
131	0.93396	0.060588	0.0051121	0.00034223
132	0.93749	0.057054	0.0051296	0.00032241
133	0.93507	0.059478	0.0051144	0.00033558
134	0.93565	0.0589	0.0051155	0.00033227
135	0.93858	0.055979	0.00513	0.00031581
136	0.9441	0.050455	0.0051592	0.00028473
137	0.95349	0.041065	0.0052097	0.00023238
138	0.96675	0.02781	0.005282	0.00015827
139	0.96541	0.029156	0.0052732	0.00016558
140	0.96583	0.028728	0.0052744	0.00016295
141	0.96807	0.026494	0.005286	0.00015016
142	0.97228	0.022285	0.005309	0.00012624
143	0.97249	0.022075	0.0053098	0.00012464
144	0.97436	0.020211	0.00532	0.00011376
145	0.97844	0.016122	0.0053425	9.0584e-05
146	0.97933	0.015235	0.0053468	8.5428e-05
147	0.98174	0.012824	0.0053598	7.1737e-05
148	0.98627	0.0082945	0.0053844	4.6394e-05
149	0.98772	0.0068467	0.0053921	3.8171e-05
150	0.98754	0.0070327	0.0053905	3.9076e-05
151	0.98872	0.0058541	0.0053962	3.2537e-05
152	0.99112	0.0034484	0.0054089	1.9177e-05
153	0.99203	0.002538	0.0054132	1.4158e-05
154	0.98954	0.0050294	0.005399	2.7868e-05
155	0.98845	0.0061192	0.0053923	3.3932e-05
156	0.98493	0.0096462	0.0053723	5.3375e-05
157	0.98292	0.011657	0.005361	6.44e-05
158	0.98253	0.012042	0.0053585	6.6579e-05
159	0.97895	0.015628	0.0053386	8.6269e-05
160	0.97743	0.017141	0.0053298	9.4681e-05
161	0.97743	0.017149	0.0053297	9.4743e-05
162	0.97404	0.020539	0.0053112	0.00011327
163	0.96436	0.030219	0.0052587	0.00016597
164	0.95849	0.03608	0.0052268	0.00019802
165	0.95563	0.038941	0.005211	0.0002138
166	0.94656	0.048019	0.0051608	0.00026393
167	0.94055	0.054028	0.0051279	0.00029697
168	0.93775	0.056821	0.0051123	0.00031254
169	0.93727	0.057308	0.0051097	0.0003153
170	0.93974	0.054831	0.005123	0.000302
171	0.92394	0.070636	0.0050354	0.00038962
172	0.91272	0.081859	0.0049735	0.00045158
173	0.90628	0.088299	0.0049376	0.00048747
174	0.90372	0.090856	0.0049228	0.00050216
175	0.90386	0.090714	0.0049232	0.00050185
176	0.89674	0.097836	0.0048833	0.00054178
177	0.8928	0.10178	0.0048613	0.00056394
178	0.89173	0.10284	0.0048555	0.00057005
179	0.89347	0.10111	0.0048655	0.0005606
180	0.89818	0.096395	0.0048922	0.00053458
181	0.90736	0.087214	0.0049432	0.00048421
182	0.92229	0.072279	0.0050252	0.0004026
183	0.94285	0.051724	0.0051388	0.00028967
184	0.95113	0.043441	0.0051846	0.00024446
185	0.95274	0.04183	0.005194	0.00023582
186	0.94919	0.045382	0.005175	0.00025571
187	0.93834	0.056226	0.0051151	0.00031647
188	0.93102	0.063548	0.0050751	0.00035739
189	0.92728	0.067282	0.0050548	0.0003786
190	0.92609	0.068476	0.0050489	0.00038555
191	0.92792	0.066644	0.0050595	0.00037594
192	0.93235	0.062215	0.0050848	0.0003518
193	0.88487	0.10969	0.0048184	0.0006192
194	0.85214	0.14242	0.0046341	0.00080443
195	0.83001	0.16455	0.0045088	0.00093052
196	0.77825	0.21631	0.0042141	0.0012259
197	0.73964	0.25492	0.0039953	0.0014455
198	0.71116	0.2834	0.0038347	0.0016072
199	0.69056	0.30399	0.0037192	0.0017239
200	0.67772	0.31683	0.0036466	0.0017976
201	0.66974	0.32482	0.0036016	0.0018439
202	0.64224	0.35232	0.0034479	0.001999
203	0.62236	0.3722	0.0033375	0.002111
204	0.60867	0.38588	0.0032621	0.0021882
205	0.60004	0.3945	0.0032151	0.002237
206	0.59588	0.39867	0.0031932	0.002261
207	0.5972	0.39735	0.0032011	0.0022551
208	0.58423	0.41031	0.0031305	0.0023278
209	0.57622	0.41832	0.0030877	0.0023729
210	0.54631	0.44823	0.0029249	0.0025382
211	0.52463	0.4699	0.0028079	0.0026578
212	0.50949	0.48504	0.0027272	0.0027412
213	0.49971	0.49482	0.0026761	0.0027952
214	0.46782	0.52671	0.0025055	0.0029689
215	0.39296	0.60156	0.0021001	0.0033772
216	0.33654	0.65798	0.0017961	0.0036844
217	0.29414	0.70038	0.0015687	0.003915
218	0.26549	0.72902	0.0014146	0.0040723
219	0.24429	0.75022	0.0013013	0.0041889
220	0.22892	0.76559	0.0012199	0.0042738
221	0.1843	0.8102	0.00098174	0.0045155
222	0.15381	0.84069	0.00081833	0.0046824
223	0.13094	0.86356	0.0006964	0.004808
224	0.11566	0.87883	0.00061464	0.0048933
225	0.10453	0.88996	0.00055552	0.0049561
226	0.096684	0.8978	0.00051427	0.0050012
227	0.092257	0.90222	0.00049115	0.0050281
228	0.090831	0.90365	0.00048403	0.0050389
229	0.092206	0.90227	0.00049193	0.0050347
230	0.095652	0.89882	0.00051134	0.005019
231	0.10148	0.89299	0.00054405	0.0049902
232	0.11112	0.88334	0.00059751	0.0049406
233	0.12445	0.87001	0.00067166	0.0048704
234	0.14256	0.85189	0.00077285	0.0047733
235	0.14637	0.84808	0.00079519	0.0047552
236	0.15431	0.84014	0.00084016	0.0047144
237	0.16588	0.82856	0.00090582	0.004653
238	0.14849	0.84595	0.00081177	0.0047514
239	0.13578	0.85866	0.00074365	0.0048241
240	0.12785	0.86658	0.00070127	0.0048709
241	0.12386	0.87057	0.00068029	0.0048963
242	0.12231	0.87211	0.00067304	0.0049081
243	0.12312	0.8713	0.00067916	0.0049066
244	0.12636	0.86805	0.00069915	0.0048914
245	0.13317	0.86123	0.00073911	0.0048562
246	0.14324	0.85116	0.00079796	0.0048022
247	0.1588	0.8356	0.00088783	0.0047171
248	0.17984	0.81455	0.0010098	0.0046001
249	0.20808	0.7863	0.0011741	0.0044408
250	0.24889	0.74549	0.0014104	0.0042094
251	0.3028	0.69158	0.0017242	0.0039008
252	0.37421	0.62016	0.002142	0.0034883
253	0.40451	0.58985	0.0023204	0.0033151
254	0.44514	0.54922	0.0025604	0.0030804
255	0.49917	0.49518	0.0028807	0.0027656
256	0.51866	0.47569	0.0029985	0.0026532
257	0.54564	0.4487	0.0031614	0.0024959
258	0.58217	0.41216	0.0033818	0.0022812
259	0.63125	0.36308	0.0036785	0.0019904
260	0.69671	0.29762	0.0040754	0.0015995
261	0.79225	0.20207	0.0046512	0.0010297
262	0.83063	0.16368	0.0048881	0.00079899
263	0.8455	0.1488	0.0049848	0.0007083
264	0.86867	0.12563	0.0051302	0.00056885
265	0.90002	0.094271	0.0053257	0.00037949
266	0.91307	0.081148	0.0054458	0.00033619
267	0.93136	0.062782	0.0055922	0.00026746
268	0.93739	0.056674	0.005689	0.00024917
269	0.93708	0.056905	0.0057568	0.00026093
270	0.93907	0.054834	0.0058383	0.00025991
271	0.94348	0.050336	0.0059344	0.00024527
272	0.95071	0.043027	0.0060474	0.00021463
273	0.96249	0.031166	0.0061851	0.00015888
274	0.9665	0.027068	0.0062854	0.0001416
275	0.97352	0.019966	0.0064027	0.00010685
276	0.98445	0.008956	0.0065425	4.9195e-05
277	0.98882	0.0045042	0.0066474	2.5814e-05
278	0.98805	0.0051951	0.0067222	3.2057e-05
279	0.9883	0.0048647	0.0068049	3.1472e-05
280	0.98725	0.0058366	0.0068783	3.9784e-05
281	0.98725	0.0057528	0.0069599	4.0738e-05
282	0.98554	0.007375	0.0070302	5.4136e-05
283	0.98501	0.0078238	0.0071098	5.9085e-05
284	0.9825	0.010251	0.0071736	7.9538e-05
285	0.98136	0.011298	0.0072486	8.9727e-05
286	0.97717	0.015406	0.0072982	0.00012499
287	0.97508	0.017415	0.0073633	0.0001443
288	0.97483	0.017583	0.0074422	0.00014935
289	0.97639	0.015932	0.0075351	0.00014007
290	0.97961	0.012629	0.0076425	0.00011727
291	0.98471	0.0074412	0.0077666	7.8743e-05
292	0.97761	0.014454	0.0077739	0.00015667
293	0.97328	0.018709	0.0078074	0.00020794
294	0.97077	0.021127	0.0078596	0.00024148
295	0.96287	0.028942	0.0078513	0.00033658
296	0.9576	0.034125	0.007871	0.00040471
297	0.95459	0.037043	0.0079149	0.00044979
298	0.95415	0.037401	0.0079838	0.00046931
299	0.95566	0.035795	0.0080732	0.00046944
300	0.95924	0.032127	0.0081838	0.00044944
301	0.94906	0.042277	0.0081242	0.0005336
302	0.94284	0.048476	0.0080988	0.00058333
303	0.93919	0.052099	0.0080974	0.00060945
304	0.93849	0.052774	0.0081236	0.00060787
305	0.93999	0.051255	0.0081721	0.00058431
306	0.94453	0.046685	0.0082518	0.00052933
307	0.94338	0.047813	0.0082716	0.00053415
308	0.94437	0.046801	0.0083127	0.00051791
309	0.94811	0.043033	0.0083814	0.00047401
310	0.95442	0.036702	0.0084775	0.00040305
311	0.96373	0.027359	0.0086066	0.0002995
312	0.97817	0.012896	0.0087905	0.0001409
313	0.97886	0.012182	0.0088255	0.00013109
314	0.98124	0.0097745	0.008877	0.0001045
315	0.98523	0.0057645	0.0089455	6.1409e-05
316	0.98654	0.0044282	0.0089861	4.6511e-05
317	0.98647	0.0044688	0.0090123	4.5831e-05
318	0.98491	0.0060086	0.0090246	5.9499e-05
319	0.98093	0.0099639	0.009014	9.5827e-05
320	0.97854	0.012322	0.0090185	0.00011741
321	0.97791	0.012932	0.0090389	0.00012297
322	0.9786	0.012209	0.0090722	0.00011595
323	0.97694	0.013844	0.0090831	0.00013121
324	0.97669	0.014068	0.0091077	0.00013319
325	0.97811	0.012621	0.0091477	0.00011954
326	0.98139	0.0093163	0.009205	8.8393e-05
327	0.98705	0.0036334	0.0092846	3.4704e-05
328	0.98418	0.0064788	0.009284	6.1681e-05
329	0.98261	0.0080181	0.0092961	7.6304e-05
330	0.98224	0.0083563	0.0093201	7.9492e-05
331	0.98327	0.007308	0.009357	6.9576e-05
332	0.98581	0.0047396	0.0094082	4.5175e-05
333	0.99027	0.00024623	0.0094776	2.3536e-06
334	0.98954	0.0009556	0.0094978	9.1241e-06
335	0.98958	0.00089031	0.0095253	8.5207e-06
336	0.99042	2.4006e-05	0.0095601	2.3072e-07
337	0.99024	0.00017484	0.0095851	1.7077e-06
338	0.98624	0.0041416	0.0095732	4.0419e-05
339	0.98401	0.0063471	0.0095779	6.2257e-05
340	0.98299	0.0073396	0.009595	7.2202e-05
341	0.98334	0.0069629	0.0096251	6.8858e-05
342	0.98485	0.0054295	0.0096672	5.3994e-05
343	0.98152	0.0087315	0.0096611	8.7184e-05
344	0.97964	0.010583	0.0096697	0.00010596
345	0.97932	0.010876	0.0096935	0.00010943
346	0.97625	0.013917	0.0096892	0.00014075
347	0.97475	0.015394	0.0097012	0.0001563
348	0.97469	0.015422	0.0097281	0.0001572
349	0.97608	0.014004	0.0097703	0.00014335
350	0.97945	0.010604	0.0098322	0.00010956
351	0.98471	0.00532	0.0099141	5.6221e-05
352	0.97942	0.010582	0.0098908	0.00010997
353	0.976	0.013963	0.009887	0.00014463
354	0.97457	0.015368	0.0099029	0.00015945
355	0.97458	0.015329	0.0099342	0.00015936
356	0.97602	0.013859	0.0099808	0.00014436
357	0.97899	0.010848	0.010044	0.0001131
358	0.9842	0.0056091	0.01013	5.8592e-05
359	0.98611	0.0036681	0.010182	3.8468e-05
360	0.9865	0.0032423	0.010219	3.4017e-05
361	0.98588	0.0038344	0.010244	4.0282e-05
362	0.98618	0.0034981	0.01028	3.6795e-05
363	0.98529	0.0043586	0.010304	4.5771e-05
364	0.98556	0.004061	0.01034	4.2724e-05
365	0.98008	0.0095095	0.010315	9.9809e-05
366	0.97684	0.01271	0.010314	0.0001338
367	0.97551	0.014011	0.010333	0.00014806
368	0.97557	0.013915	0.010366	0.00014741
369	0.97739	0.012066	0.010418	0.00012824
370	0.98121	0.0082071	0.010491	8.7686e-05
371	0.98225	0.007141	0.010536	7.6558e-05
372	0.98152	0.0078313	0.010561	8.4352e-05
373	0.98194	0.0073851	0.010599	7.9795e-05
374	0.98376	0.0055311	0.010651	6.0075e-05
375	0.98691	0.0023413	0.01072	2.5557e-05
376	0.98821	0.00101	0.010768	1.1025e-05
377	0.98876	0.00042768	0.010808	4.6961e-06
378	0.98906	9.5478e-05	0.010846	1.0466e-06
379	0.98906	5.9979e-05	0.01088	6.6094e-07
380	0.98818	0.00090244	0.010905	1.0026e-05
381	0.98802	0.0010333	0.010938	1.1507e-05
382	0.98745	0.0015682	0.010966	1.7562e-05
383	0.98607	0.0029135	0.010984	3.286e-05
384	0.98264	0.0063113	0.01098	7.1343e-05
385	0.98086	0.0080584	0.010994	9.1562e-05
386	0.9803	0.0085843	0.011022	9.7942e-05
387	0.98091	0.0079303	0.011064	9.085e-05
388	0.98276	0.0060452	0.011121	6.9556e-05
389	0.98598	0.0027984	0.011194	3.2368e-05
390	0.98722	0.0015176	0.011245	1.7581e-05
391	0.98267	0.0060354	0.01123	6.9523e-05
392	0.97974	0.0089244	0.011233	0.00010286
393	0.97846	0.010168	0.011255	0.0001176
394	0.97844	0.01015	0.011292	0.00011768
395	0.97993	0.0086268	0.011346	0.00010044
396	0.98279	0.0057225	0.011417	6.6814e-05
397	0.98372	0.0047553	0.011466	5.5769e-05
398	0.9832	0.0052371	0.011498	6.1542e-05
399	0.98369	0.0047102	0.011542	5.5389e-05
400	0.98275	0.0056142	0.011569	6.6196e-05
401	0.98286	0.0054707	0.011609	6.4579e-05
402	0.98425	0.0040424	0.011664	4.7823e-05
403	0.98712	0.0011301	0.011736	1.3453e-05
404	0.98707	0.0011377	0.011774	1.3571e-05
405	0.9866	0.001576	0.011807	1.8893e-05
406	0.98542	0.0027169	0.011831	3.2796e-05
407	0.98514	0.0029615	0.011866	3.5877e-05
408	0.98572	0.0023363	0.011913	2.836e-05
409	0.98556	0.0024651	0.01195	3.0042e-05
410	0.98435	0.003626	0.011975	4.4238e-05
411	0.98411	0.0038316	0.012012	4.6761e-05
412	0.98263	0.0052695	0.012034	6.4449e-05
413	0.98243	0.0054346	0.012071	6.6732e-05
414	0.98347	0.0043503	0.012123	5.3743e-05
415	0.98564	0.0021456	0.01219	2.668e-05
416	0.98643	0.0013104	0.01224	1.6358e-05
417	0.98666	0.001047	0.012283	1.3174e-05
418	0.97888	0.0087836	0.012226	0.00011047
419	0.97394	0.013679	0.012204	0.00017288
420	0.97088	0.016706	0.012206	0.00021178
421	0.96203	0.025516	0.012135	0.00032377
422	0.95596	0.031537	0.0121	0.00040073
423	0.95223	0.035226	0.012095	0.00044826
424	0.95101	0.036408	0.012121	0.00046448
425	0.95214	0.035233	0.012176	0.0004509
426	0.95589	0.031445	0.012265	0.00040398
427	0.96202	0.025273	0.012386	0.00032562
428	0.9718	0.015448	0.012553	0.00019992
429	0.98539	0.001819	0.012773	2.3286e-05
430	0.98354	0.0035987	0.012814	4.6859e-05
431	0.97907	0.0080021	0.012822	0.00010502
432	0.97625	0.010754	0.012852	0.00014176
433	0.97485	0.012086	0.012901	0.00015988
434	0.97503	0.01184	0.012971	0.00015736
435	0.97682	0.0099849	0.013062	0.00013346
436	0.97136	0.015373	0.013057	0.00020631
437	0.96828	0.018388	0.013082	0.00024817
438	0.96725	0.019348	0.013135	0.00026273
439	0.96777	0.018766	0.013209	0.00025614
440	0.97021	0.016252	0.01331	0.0002232
441	0.97491	0.011487	0.013441	0.00015921
442	0.97251	0.013825	0.013476	0.00019275
443	0.97157	0.014691	0.013531	0.00020585
444	0.97202	0.014171	0.013608	0.00019939
445	0.97429	0.011838	0.013709	0.00016749
446	0.97821	0.0078426	0.013835	0.00011139
447	0.98472	0.0012601	0.013999	1.8114e-05
448	0.98171	0.0042014	0.014025	6.0842e-05
449	0.98016	0.005687	0.014072	8.3045e-05
450	0.97969	0.0060898	0.014135	8.9571e-05
451	0.97721	0.0084976	0.01417	0.00012549
452	0.97603	0.009603	0.014225	0.00014243
453	0.97608	0.0094778	0.014299	0.00014122
454	0.97736	0.008126	0.014392	0.00012163
455	0.97997	0.0054452	0.014506	8.1764e-05
456	0.98457	0.00076995	0.01465	1.1754e-05
457	0.97433	0.010936	0.014571	0.00016528
458	0.96701	0.018175	0.014537	0.0002755
459	0.9621	0.023008	0.014539	0.00034993
460	0.95008	0.034956	0.014432	0.00053401
461	0.94238	0.042577	0.014388	0.00065418
462	0.93816	0.046719	0.014395	0.0007223
463	0.78778	0.19703	0.012135	0.0030595
464	0.68259	0.30214	0.010549	0.0047215
465	0.60326	0.38139	0.0093604	0.0059875
466	0.54905	0.43553	0.0085506	0.0068742
467	0.50854	0.47596	0.0079535	0.0075491
468	0.48153	0.50289	0.0075624	0.0080177
469	0.46426	0.52008	0.0073212	0.0083362
470	0.45256	0.53171	0.0071687	0.0085667
471	0.44681	0.53738	0.0071093	0.0087039
472	0.44629	0.53782	0.0071323	0.0087584
473	0.43061	0.55342	0.0069097	0.0090594
474	0.42026	0.56369	0.0067737	0.0092745
475	0.4156	0.56827	0.0067282	0.0093988
476	0.33603	0.64777	0.0054316	0.010774
477	0.27595	0.70777	0.0044541	0.011831
478	0.23412	0.74952	0.0037701	0.012594
479	0.20257	0.78098	0.0032561	0.013188
480	0.17893	0.80454	0.0028725	0.013652
481	0.16148	0.82191	0.0025914	0.014015
482	0.14886	0.83445	0.0023902	0.014298
483	0.14007	0.84316	0.0022526	0.014518
484	0.13438	0.84876	0.0021667	0.014687
485	0.13236	0.8507	0.0021407	0.014796
486	0.1178	0.86518	0.0019018	0.015119
487	0.10831	0.87459	0.0017459	0.015359
488	0.10283	0.87998	0.0016566	0.015532
489	0.099762	0.88297	0.0016082	0.015664
490	0.086702	0.89594	0.0013845	0.015972
491	0.077102	0.90546	0.0012202	0.016221
492	0.070279	0.91219	0.0011034	0.016424
493	0.066349	0.91604	0.0010348	0.016578
494	0.064934	0.91737	0.0010079	0.01669
495	0.065837	0.91638	0.0010189	0.016764
496	0.059174	0.92296	0.00089875	0.01697
497	0.055346	0.9267	0.00082662	0.017128
498	0.053145	0.92881	0.00078223	0.017258
499	0.052936	0.92894	0.00077013	0.017357
500	0.054692	0.9271	0.00078879	0.017424
501	0.058049	0.92365	0.00083244	0.017467
502	0.063953	0.91766	0.00091392	0.017472
503	0.072232	0.90929	0.0010312	0.017442
504	0.084663	0.89678	0.0012087	0.017352
505	0.10135	0.88	0.00145	0.017199
506	0.12359	0.85767	0.0017749	0.016962
507	0.13018	0.85099	0.0018664	0.01696
508	0.12732	0.85376	0.0018	0.017117
509	0.12764	0.85335	0.0017865	0.01722
510	0.13034	0.85056	0.0018121	0.017285
511	0.13564	0.84517	0.0018786	0.01731
512	0.14399	0.83673	0.0019919	0.017289
513	0.15758	0.82304	0.002182	0.017191
514	0.17613	0.8044	0.0024458	0.01702
515	0.20104	0.7794	0.0028043	0.016755
516	0.23781	0.74254	0.0033335	0.016319
517	0.23434	0.74591	0.003239	0.016508
518	0.23507	0.74509	0.0032181	0.016623
519	0.24032	0.73974	0.003271	0.016664
520	0.20786	0.7722	0.0028349	0.017107
521	0.18561	0.79444	0.0025388	0.01741
522	0.16919	0.81085	0.0023253	0.017631
523	0.15736	0.82268	0.0021777	0.017787
524	0.14922	0.83081	0.0020845	0.017888
525	0.14419	0.83583	0.002039	0.017941
526	0.12686	0.85315	0.001802	0.018187
527	0.11557	0.86443	0.0016518	0.018345
528	0.10767	0.87232	0.0015521	0.018453
529	0.083343	0.89664	0.0012041	0.018809
530	0.064873	0.9151	0.00094108	0.019081
531	0.052075	0.92789	0.00075885	0.019272
532	0.042473	0.93749	0.00062324	0.019417
533	0.035991	0.94396	0.00053269	0.019516
534	0.031245	0.9487	0.0004679	0.01959
535	0.028445	0.95149	0.00043238	0.019635
536	0.026709	0.95321	0.00041357	0.019663
537	0.025905	0.95401	0.00041001	0.019676
538	0.025972	0.95393	0.00042142	0.019674
539	0.026916	0.95298	0.00044871	0.019657
540	0.02883	0.95105	0.00049447	0.019622
541	0.025497	0.95438	0.00044191	0.019685
542	0.023716	0.95615	0.00041607	0.019721
543	0.023163	0.95669	0.00041202	0.019736
544	0.017897	0.96194	0.00031933	0.019839
545	0.013892	0.96594	0.00024909	0.01992
546	0.010833	0.96899	0.00019566	0.019984
547	0.0084813	0.97133	0.00015471	0.020036
548	0.0069368	0.97286	0.00012783	0.020074
549	0.0059841	0.9738	0.00011136	0.020101
550	0.0052768	0.9745	9.9277e-05	0.020124
551	0.0047596	0.97501	9.0612e-05	0.020145
552	0.0045796	0.97517	8.8038e-05	0.020159
553	0.0045174	0.97522	8.7664e-05	0.020171
554	0.0045771	0.97515	8.9641e-05	0.020181
555	0.0047633	0.97495	9.4129e-05	0.020188
556	0.0050907	0.97461	0.00010149	0.020193
557	0.0055848	0.97411	0.00011233	0.020195
558	0.0062844	0.9734	0.00012752	0.020193
559	0.0072329	0.97243	0.00014805	0.020185
560	0.0087911	0.97086	0.00018104	0.020165
561	0.011114	0.96853	0.00022972	0.02013
562	0.014498	0.96513	0.00030019	0.020072
563	0.018892	0.96072	0.00039228	0.019993
564	0.025355	0.95425	0.00052707	0.019872
565	0.020084	0.9595	0.0004184	0.019994
566	0.016528	0.96305	0.00034476	0.020081
567	0.013902	0.96566	0.00029082	0.020148
568	0.012286	0.96726	0.00025755	0.020195
569	0.01153	0.968	0.00024195	0.020224
570	0.011529	0.96799	0.00024188	0.020238
571	0.01228	0.96723	0.00025735	0.020235
572	0.0094992	0.96999	0.00019911	0.020307
573	0.0075984	0.97188	0.00015902	0.020361
574	0.0061226	0.97334	0.00012813	0.020406
575	0.0051427	0.97431	0.00010741	0.02044
576	0.0043603	0.97508	9.1012e-05	0.02047
577	0.0039066	0.97552	8.1309e-05	0.020494
578	0.0035484	0.97586	7.3745e-05	0.020516
579	0.0032576	0.97614	6.7707e-05	0.020536
580	0.0031667	0.97622	6.5654e-05	0.020553
581	0.0031084	0.97626	6.4376e-05	0.020569
582	0.0030709	0.97628	6.3613e-05	0.020584
583	0.0030587	0.97628	6.3457e-05	0.020599
584	0.0032237	0.9761	6.6799e-05	0.020611
585	0.0034203	0.97589	7.0882e-05	0.020622
586	0.0036634	0.97563	7.6022e-05	0.020633
587	0.0039714	0.9753	8.2622e-05	0.020642
588	0.0045599	0.9747	9.4883e-05	0.020646
589	0.0053027	0.97394	0.00011052	0.020646
590	0.0062474	0.97298	0.00013058	0.020642
591	0.0074657	0.97174	0.00015664	0.020633
592	0.00905	0.97014	0.00019075	0.020615
593	0.011418	0.96776	0.00024129	0.020582
594	0.014952	0.96421	0.00031627	0.020523
595	0.019541	0.9596	0.00041426	0.020442
596	0.025532	0.95359	0.00054302	0.020331
597	0.033422	0.94569	0.00071358	0.020178
598	0.044764	0.93433	0.0009578	0.019951
599	0.048081	0.93099	0.0010297	0.019896
600	0.04581	0.93325	0.00098151	0.019962
601	0.045478	0.93356	0.00097431	0.019986
602	0.038874	0.94015	0.00083151	0.020146
603	0.034065	0.94494	0.00072805	0.020267
604	0.031276	0.94771	0.00066741	0.020345
605	0.030115	0.94886	0.00064129	0.020388
606	0.029956	0.949	0.0006371	0.02041
607	0.031178	0.94776	0.00066197	0.020403
608	0.033471	0.94545	0.00071012	0.020372
609	0.037037	0.94186	0.00078598	0.020314
610	0.042156	0.93673	0.00089572	0.020223
611	0.041659	0.9372	0.00088484	0.020252
612	0.042371	0.93647	0.00090039	0.020255
613	0.044861	0.93397	0.00095346	0.02022
614	0.048837	0.92997	0.001039	0.020154
615	0.054602	0.92419	0.0011639	0.020048
616	0.042725	0.93604	0.00091038	0.020321
617	0.033767	0.94498	0.00072007	0.02053
618	0.027781	0.95095	0.00059228	0.020678
619	0.023354	0.95536	0.00049832	0.020791
620	0.020538	0.95815	0.00043828	0.020871
621	0.018975	0.9597	0.00040469	0.020924
622	0.01814	0.96051	0.0003871	0.020962
623	0.017989	0.96064	0.00038452	0.020985
624	0.018813	0.9598	0.00040262	0.020987
625	0.020717	0.95787	0.00044367	0.020966
626	0.023519	0.95505	0.00050458	0.020925
627	0.027431	0.95112	0.00059015	0.02086
628	0.033488	0.94504	0.00072179	0.020749
629	0.041586	0.93692	0.00089885	0.020593
630	0.053341	0.92515	0.0011548	0.020358
631	0.070249	0.90822	0.0015218	0.020011
632	0.075231	0.90321	0.0016314	0.019923
633	0.082588	0.89584	0.001794	0.019782
634	0.081657	0.89675	0.0017761	0.019821
635	0.083216	0.89516	0.0018121	0.019807
636	0.087467	0.89089	0.0019064	0.019734
637	0.095137	0.8832	0.0020749	0.019587
638	0.10589	0.87242	0.0023124	0.019371
639	0.12062	0.85767	0.0026395	0.019066
640	0.14264	0.83564	0.0031258	0.018601
641	0.17184	0.80641	0.0037743	0.017975
642	0.21062	0.76761	0.0046403	0.017132
643	0.22348	0.75473	0.0049335	0.016861
644	0.24327	0.73491	0.0053802	0.016437
645	0.27306	0.7051	0.0060479	0.015792
646	0.317	0.66114	0.0070278	0.014835
647	0.37511	0.603	0.0083307	0.013555
648	0.4598	0.51829	0.010222	0.011687
649	0.46581	0.51226	0.010366	0.011565
650	0.47782	0.50022	0.010644	0.01131
651	0.49547	0.48255	0.011051	0.010927
652	0.52023	0.45777	0.011621	0.01038
653	0.55693	0.42104	0.012459	0.009566
654	0.60597	0.37198	0.013582	0.0084671
655	0.62404	0.35389	0.014009	0.0080647
656	0.65163	0.32628	0.014651	0.0074474
657	0.68891	0.28896	0.015519	0.0066044
658	0.744	0.23386	0.016789	0.0053583
659	0.81733	0.1605	0.018486	0.003686
660	0.91423	0.063569	0.020738	0.0014601
661	0.91486	0.062912	0.020779	0.0014447
662	0.9185	0.059249	0.020889	0.0013611
663	0.92561	0.052114	0.021077	0.0011983
664	0.93608	0.041617	0.021345	0.00095666
665	0.9523	0.025372	0.021744	0.00058313
666	0.95914	0.018509	0.021927	0.00042592
667	0.96889	0.008734	0.022178	0.00020027
668	0.9691	0.0084959	0.02221	0.00019472
669	0.96715	0.010421	0.022193	0.00023834
670	0.96675	0.010797	0.02221	0.00024687
671	0.96784	0.0096735	0.022262	0.00022121
672	0.97065	0.0068423	0.022352	0.00015656
673	0.97137	0.0060961	0.022394	0.00013983
674	0.97064	0.0068034	0.022403	0.00015672
675	0.971	0.0064191	0.022437	0.00014818
676	0.97273	0.0046589	0.022502	0.00010807
677	0.97287	0.0044958	0.022532	0.00010456
678	0.97154	0.0057928	0.022528	0.00013478
679	0.9715	0.0058069	0.022554	0.00013545
680	0.97251	0.0047752	0.022604	0.00011155
681	0.97492	0.002337	0.022687	5.5063e-05
682	0.97407	0.0031569	0.022695	7.4489e-05
683	0.97412	0.0030846	0.022724	7.289e-05
684	0.97506	0.0021143	0.022775	5.0053e-05
685	0.97303	0.0041203	0.022757	9.6983e-05
686	0.96838	0.0087341	0.022677	0.00020559
687	0.96582	0.011272	0.022644	0.000266
688	0.96465	0.012412	0.022646	0.00029325
689	0.96044	0.016589	0.022575	0.00039273
690	0.95803	0.018975	0.022547	0.00044963
691	0.95722	0.019759	0.022558	0.00046835
692	0.95833	0.018616	0.022613	0.00044194
693	0.96106	0.015859	0.022708	0.00037672
694	0.96608	0.010802	0.022857	0.00025721
695	0.9734	0.0034533	0.023063	8.2104e-05
696	0.97677	5.3941e-05	0.023173	1.2909e-06
697	0.97675	4.0445e-05	0.023204	9.669e-07
698	0.97607	0.00069863	0.023218	1.6805e-05
699	0.97482	0.0019165	0.023219	4.6398e-05
700	0.97192	0.0047845	0.02318	0.00011585
701	0.96544	0.011236	0.023053	0.00027296
702	0.96158	0.015065	0.022988	0.00036738
703	0.9594	0.017213	0.022965	0.00042075
704	0.95874	0.017841	0.02298	0.00043708
705	0.95955	0.016999	0.023031	0.00041745
706	0.96192	0.014603	0.023121	0.00035965
707	0.966	0.010489	0.023254	0.00025937
708	0.97211	0.0043451	0.023438	0.00010851
709	0.93417	0.04225	0.022547	0.0010338
710	0.90802	0.068362	0.021938	0.0016761
711	0.88882	0.087536	0.021501	0.0021477
712	0.87624	0.10008	0.021223	0.0024597
713	0.86778	0.1085	0.021047	0.0026701
714	0.86357	0.11268	0.020973	0.0027782
715	0.86322	0.11299	0.020993	0.0027926
716	0.86574	0.11044	0.021085	0.0027357
717	0.86004	0.11611	0.020975	0.0028801
718	0.85745	0.11866	0.020944	0.002947
719	0.85855	0.11752	0.021003	0.0029242
720	0.86366	0.11238	0.021159	0.0028034
721	0.87228	0.10372	0.021404	0.0025942
722	0.88511	0.09086	0.021755	0.0022788
723	0.90313	0.072797	0.02224	0.0018309
724	0.91006	0.065832	0.022448	0.0016602
725	0.92044	0.055419	0.022744	0.0014016
726	0.93505	0.040768	0.023149	0.0010341
727	0.94016	0.035619	0.023317	0.00090454
728	0.94875	0.026989	0.023573	0.00068749
729	0.96084	0.014857	0.023919	0.00037977
730	0.96064	0.015026	0.023955	0.00038358
731	0.95759	0.018034	0.023918	0.00045937
732	0.95619	0.019394	0.023924	0.00049345
733	0.95633	0.019212	0.02397	0.00048834
734	0.95843	0.017067	0.024064	0.00043398
735	0.96229	0.013169	0.024205	0.00033432
736	0.96325	0.012172	0.024271	0.00030878
737	0.966	0.0093781	0.024382	0.00023794
738	0.97094	0.0043989	0.024548	0.00011182
739	0.96686	0.008438	0.024487	0.00021381
740	0.96465	0.010613	0.024472	0.00026931
741	0.96407	0.011151	0.024497	0.00028368
742	0.96101	0.014173	0.024459	0.00036192
743	0.9595	0.015638	0.024461	0.00040014
744	0.95397	0.021132	0.024361	0.00054091
745	0.94096	0.034098	0.024069	0.00087451
746	0.9327	0.042314	0.023895	0.0010882
747	0.92732	0.047657	0.023797	0.0012275
748	0.92502	0.049912	0.023777	0.0012885
749	0.9249	0.049988	0.023815	0.0012926
750	0.92759	0.047264	0.023923	0.0012251
751	0.93266	0.042154	0.024095	0.0010948
752	0.9413	0.033465	0.02436	0.0008722
753	0.95353	0.021194	0.02472	0.00055444
754	0.97035	0.0043356	0.025203	0.00011399
755	0.96949	0.0051548	0.025224	0.00013576
756	0.96962	0.0049734	0.025272	0.00013119
757	0.96826	0.0062952	0.025281	0.00016585
758	0.96798	0.0065299	0.025319	0.00017185
759	0.96901	0.005455	0.025392	0.00014371
760	0.9715	0.0029207	0.025502	7.7362e-05
761	0.97237	0.0020069	0.025571	5.3313e-05
762	0.97419	0.00014085	0.025666	3.7615e-06
763	0.97328	0.001001	0.025688	2.6719e-05
764	0.97317	0.0010697	0.025731	2.885e-05
765	0.97375	0.00044136	0.025793	1.2352e-05
766	0.97325	0.00089979	0.025826	2.5559e-05
767	0.96918	0.0049252	0.025756	0.00014079
768	0.9666	0.0074606	0.025729	0.00021434
769	0.96557	0.0084408	0.025745	0.00024517
770	0.9657	0.0082633	0.025793	0.00024385
771	0.96724	0.0066786	0.025879	0.0002042
772	0.96711	0.0067577	0.025918	0.00021212
773	0.96807	0.0057503	0.025987	0.00018936
774	0.97021	0.0035672	0.026091	0.00013355
775	0.96868	0.0050441	0.026077	0.00019522
776	0.9682	0.005477	0.026097	0.00022346
777	0.96873	0.0048989	0.026149	0.00022029
778	0.96782	0.0058176	0.02613	0.0002357
779	0.96481	0.0088265	0.026046	0.00031511
780	0.9632	0.010442	0.026003	0.00035453
781	0.95851	0.015134	0.025871	0.00048288
782	0.95565	0.017999	0.025791	0.00055954
783	0.9548	0.018856	0.025767	0.00058014
784	0.93674	0.036917	0.025262	0.0010818
785	0.92492	0.048741	0.024929	0.0014117
786	0.91674	0.056918	0.024699	0.0016387
787	0.91158	0.06209	0.024554	0.0017814
788	0.90958	0.06409	0.024495	0.0018371
789	0.90992	0.063753	0.024503	0.0018273
790	0.88584	0.087837	0.023829	0.0024987
791	0.8682	0.10548	0.023337	0.0029884
792	0.85566	0.11801	0.022989	0.0033349
793	0.84728	0.1264	0.022757	0.0035654
794	0.84241	0.13126	0.022624	0.0036981
795	0.84074	0.13294	0.02258	0.003742
796	0.82992	0.14376	0.022283	0.0040384
797	0.79967	0.174	0.021457	0.004864
798	0.72422	0.24946	0.019407	0.0069148
799	0.5375	0.43617	0.014355	0.011967
800	0.40666	0.56702	0.010802	0.015521
801	0.31655	0.65713	0.0083447	0.017979
802	0.24811	0.72556	0.0064869	0.019837
803	0.2003	0.77337	0.0051835	0.021141
804	0.16408	0.8096	0.0042001	0.022126
805	0.13669	0.83698	0.0034595	0.022868
806	0.11784	0.85583	0.0029464	0.023382
807	0.10538	0.86829	0.0026039	0.023726
808	0.097578	0.87609	0.0023851	0.023945
809	0.093338	0.88033	0.0022601	0.024071
810	0.09123	0.88244	0.0021919	0.024141
811	0.079862	0.8938	0.0018749	0.024459
812	0.072462	0.9012	0.0016636	0.024672
813	0.067413	0.90625	0.0015157	0.024821
814	0.064321	0.90934	0.0014193	0.024919
815	0.062911	0.91075	0.0013657	0.024974
816	0.063076	0.91058	0.0013508	0.024992
817	0.064861	0.90879	0.0013742	0.024971
818	0.069036	0.90462	0.0014506	0.024897
819	0.075359	0.89829	0.0015744	0.024776
820	0.085481	0.88817	0.0017784	0.024574
821	0.099178	0.87447	0.0020585	0.024297
822	0.11758	0.85606	0.0024387	0.02392
823	0.14213	0.83151	0.0029498	0.023412
824	0.17747	0.79617	0.0036845	0.022681
825	0.22427	0.74936	0.0046628	0.021707
826	0.2433	0.73032	0.0050458	0.021327
827	0.27151	0.70211	0.0056195	0.020757
828	0.30931	0.66431	0.0063963	0.019984
829	0.35944	0.61418	0.0074343	0.01895
830	0.42598	0.54763	0.0088213	0.017568
831	0.51417	0.45943	0.01067	0.015724
832	0.50268	0.47099	0.010449	0.01588
833	0.49739	0.47635	0.010374	0.015891
834	0.4962	0.4776	0.010403	0.015796
835	0.50017	0.47369	0.01057	0.015565
836	0.50843	0.4655	0.010861	0.01521
837	0.52322	0.45077	0.011343	0.014664
838	0.54642	0.42764	0.012079	0.013864
839	0.58161	0.39251	0.013181	0.012697
840	0.62869	0.34549	0.014657	0.011158
841	0.69125	0.283	0.016621	0.0091302
842	0.71554	0.25877	0.017368	0.0083209
843	0.72266	0.25171	0.017581	0.0080464
844	0.73599	0.23844	0.017977	0.0075889
845	0.75739	0.21711	0.018614	0.0068899
846	0.78663	0.18793	0.019493	0.0059496
847	0.78231	0.19231	0.019359	0.0060215
848	0.7824	0.19228	0.019343	0.0059747
849	0.78598	0.18876	0.019427	0.0058298
850	0.79333	0.18148	0.019619	0.0055769
851	0.80501	0.16986	0.019938	0.0051976
852	0.82194	0.15298	0.020414	0.0046632
853	0.84793	0.12705	0.021153	0.0038647
854	0.88291	0.092131	0.022161	0.0027977
855	0.89652	0.07858	0.022525	0.0023757
856	0.89043	0.084727	0.022326	0.0025164
857	0.8881	0.087117	0.022224	0.0025589
858	0.88843	0.086849	0.022196	0.0025297
859	0.89225	0.083082	0.02226	0.0024066
860	0.8991	0.076288	0.022409	0.0021999
861	0.90951	0.065933	0.022659	0.0018939
862	0.92588	0.049629	0.023071	0.0014242
863	0.94813	0.027435	0.02365	0.00078907
864	0.94958	0.026041	0.023639	0.00074309
865	0.95287	0.0228	0.023679	0.00064737
866	0.95824	0.017487	0.023776	0.00049548
867	0.96609	0.0096972	0.023941	0.00027604
868	0.96543	0.010404	0.023873	0.00029039
869	0.96625	0.0096399	0.023842	0.00026702
870	0.9687	0.0072466	0.023853	0.00020179
871	0.96547	0.01053	0.023716	0.00028504
872	0.957	0.019055	0.023447	0.00050148
873	0.9512	0.024901	0.023248	0.00064845
874	0.9351	0.041054	0.022791	0.0010537
875	0.92451	0.051695	0.022473	0.0013202
876	0.91731	0.058951	0.022243	0.0014999
877	0.91294	0.063372	0.022085	0.0016075
878	0.91106	0.065294	0.021991	0.0016521
879	0.90217	0.074233	0.021722	0.0018713
880	0.87959	0.096871	0.021112	0.0024313
881	0.86315	0.11336	0.020659	0.0028347
882	0.85161	0.12495	0.020331	0.0031143
883	0.82041	0.1562	0.019516	0.0038795
884	0.7974	0.17925	0.01891	0.0044372
885	0.78095	0.19575	0.018469	0.0048309
886	0.76967	0.20708	0.018156	0.0050958
887	0.76271	0.21408	0.017952	0.0052541
888	0.75954	0.2173	0.01784	0.0053197
889	0.75998	0.21691	0.017816	0.0052978
890	0.76399	0.21294	0.01788	0.0051894
891	0.77189	0.20509	0.018038	0.0049871
892	0.78567	0.19134	0.018335	0.004646
893	0.80522	0.17185	0.018771	0.0041661
894	0.8105	0.1666	0.018866	0.0040286
895	0.80689	0.17026	0.018747	0.0041037
896	0.80666	0.17054	0.01871	0.0040981
897	0.81065	0.16658	0.018771	0.0039936
898	0.81939	0.15789	0.018943	0.0037787
899	0.83256	0.14476	0.019221	0.0034583
900	0.85128	0.12609	0.019631	0.0030059
901	0.87699	0.10042	0.020209	0.0023863
902	0.91453	0.062912	0.021063	0.0014908
903	0.96961	0.0078783	0.022323	0.00018865
904	0.96799	0.0095364	0.022244	0.0002265
905	0.96762	0.0099484	0.022195	0.00023505
906	0.96871	0.008904	0.022178	0.00021011
907	0.9677	0.009952	0.022115	0.00023363
908	0.96815	0.0095433	0.022084	0.00022377
909	0.96984	0.0078882	0.022083	0.00018499
910	0.96951	0.0082587	0.022035	0.00019295
911	0.97033	0.0074823	0.022015	0.00017435
912	0.97235	0.0054998	0.022023	0.00012789
913	0.96954	0.008348	0.021922	0.00019187
914	0.9681	0.0098257	0.021853	0.0002243
915	0.96813	0.0098268	0.021816	0.00022351
916	0.96965	0.008351	0.021813	0.00018961
917	0.97253	0.0055044	0.021841	0.00012452
918	0.97747	0.00060291	0.021915	1.369e-05
919	0.97728	0.00083263	0.021873	1.8786e-05
920	0.97774	0.00040289	0.021847	9.0185e-06
921	0.97807	0.00010684	0.021817	2.3673e-06
922	0.97511	0.0031026	0.021714	6.8709e-05
923	0.97357	0.0046851	0.021643	0.00010371
924	0.97327	0.0050214	0.021598	0.00011115
925	0.97125	0.0070752	0.021515	0.00015688
926	0.97044	0.007929	0.02146	0.00017559
927	0.97101	0.0073939	0.021434	0.00016378
928	0.96993	0.0085126	0.021372	0.00018881
929	0.97001	0.0084612	0.021337	0.00018765
930	0.97128	0.0072354	0.021328	0.00016039
931	0.97083	0.007719	0.021281	0.0001711
932	0.9715	0.0070803	0.021259	0.00015687
933	0.97336	0.0052576	0.021265	0.00011644
934	0.97353	0.0051243	0.021233	0.00011312
935	0.97472	0.0039695	0.021225	8.7233e-05
936	0.9773	0.0014269	0.021247	3.1297e-05
937	0.97512	0.0036396	0.021164	7.9507e-05
938	0.97402	0.0047661	0.021106	0.00010374
939	0.97103	0.0077917	0.021006	0.00016933
940	0.96971	0.0091468	0.020942	0.00019878
941	0.9696	0.0092926	0.020905	0.00020171
942	0.9707	0.0082273	0.020895	0.00017821
943	0.96978	0.0091749	0.020843	0.00019793
944	0.97033	0.0086604	0.020821	0.00018641
945	0.97241	0.0066118	0.020832	0.00014227
946	0.97258	0.0064745	0.020801	0.00013942
947	0.97385	0.005246	0.020795	0.00011301
948	0.97629	0.002833	0.020814	6.1101e-05
949	0.97719	0.0019716	0.020801	4.2442e-05
950	0.97734	0.0018519	0.020771	3.9869e-05
951	0.97829	0.00092731	0.020759	2.0037e-05
952	0.97748	0.0017738	0.020709	3.8327e-05
953	0.9754	0.0038876	0.020632	8.3699e-05
954	0.97439	0.0049205	0.020579	0.00010571
955	0.97439	0.0049506	0.020549	0.00010619
956	0.97539	0.0039801	0.02054	8.5291e-05
957	0.97211	0.0072963	0.020439	0.00015569
958	0.94544	0.033997	0.01984	0.00072446
959	0.92564	0.053824	0.019392	0.0011435
960	0.91128	0.068211	0.019061	0.0014448
961	0.90124	0.078284	0.018824	0.0016533
962	0.89549	0.084061	0.018676	0.0017722
963	0.8933	0.086277	0.018602	0.0018168
964	0.89453	0.085077	0.018599	0.0017905
965	0.89846	0.081184	0.018653	0.0017075
966	0.90537	0.074302	0.018771	0.0015615
967	0.90503	0.074661	0.018738	0.0015661
968	0.90783	0.07189	0.01877	0.0015063
969	0.91339	0.066361	0.01886	0.0013885
970	0.92214	0.057638	0.019018	0.0012035
971	0.93589	0.04392	0.019279	0.00091603
972	0.95482	0.025014	0.019648	0.0005197
973	0.95544	0.024417	0.019635	0.00050606
974	0.95818	0.021705	0.019664	0.00044921
975	0.96338	0.016533	0.019744	0.00034234
976	0.96492	0.015018	0.019747	0.00031122
977	0.96806	0.01191	0.019784	0.00024714
978	0.97303	0.0069654	0.019859	0.00014507
979	0.9748	0.0052266	0.019869	0.00010898
980	0.97491	0.005141	0.019846	0.00010692
981	0.97626	0.0038095	0.019847	7.9541e-05
