#coord	neutral	conserved	gBGC.neutral	gBGC.conserved
1	0.76448	0.23474	0.00059298	0.00018247
2	0.77038	0.22885	0.00059522	0.00017718
3	0.78062	0.21861	0.00060083	0.00016854
4	0.79755	0.20169	0.00061148	0.00015485
5	0.82332	0.17592	0.00062874	0.00013454
6	0.86187	0.13737	0.00065548	0.00010473
7	0.91326	0.085988	0.00069182	6.5338e-05
8	0.93581	0.063439	0.00070601	4.8083e-05
9	0.96632	0.032927	0.00072612	2.4925e-05
10	0.97818	0.021068	0.00073212	1.5913e-05
11	0.98259	0.016666	0.0007325	1.2543e-05
12	0.98927	0.0099864	0.0007346	7.486e-06
13	0.99196	0.0072961	0.00073365	5.4517e-06
14	0.99626	0.003004	0.00073391	2.2392e-06
15	0.99803	0.0012377	0.0007323	9.1884e-07
16	0.99751	0.0017605	0.00072898	1.2986e-06
17	0.99777	0.0015067	0.00072625	1.1065e-06
18	0.9974	0.0018762	0.00072309	1.3687e-06
19	0.99782	0.0014602	0.00072053	1.0582e-06
20	0.99921	7.4026e-05	0.00071864	5.3481e-08
21	0.99926	2.7759e-05	0.00071577	2.0722e-08
22	0.99898	0.00030615	0.00071263	2.3537e-07
23	0.99858	0.00070963	0.0007094	5.5928e-07
24	0.99884	0.00045683	0.00070668	4.057e-07
25	0.99894	0.00035355	0.0007038	4.0005e-07
26	0.99897	0.000333	0.00069268	2.9641e-07
27	0.99799	0.0013275	0.00068076	9.583e-07
28	0.99789	0.0014373	0.00066943	1.0016e-06
29	0.99855	0.00079108	0.00065868	5.3731e-07
30	0.99885	0.00050507	0.00064764	3.3446e-07
31	0.99794	0.0014196	0.00063578	9.1357e-07
32	0.99583	0.0035402	0.00062327	2.2279e-06
33	0.9947	0.0046853	0.00061149	2.8906e-06
34	0.99448	0.0049147	0.00060037	2.9717e-06
35	0.9953	0.0041068	0.00058983	2.4353e-06
36	0.99475	0.0046707	0.00057844	2.7176e-06
37	0.99521	0.0042176	0.00056761	2.4096e-06
38	0.99658	0.0028594	0.00055736	1.6023e-06
39	0.99675	0.002706	0.00054638	1.4884e-06
40	0.99771	0.0017481	0.00053591	9.4318e-07
41	0.99784	0.0016334	0.00052505	8.6239e-07
42	0.99724	0.0022456	0.00051378	1.1613e-06
43	0.99739	0.0021014	0.00050298	1.0631e-06
44	0.99675	0.0027539	0.00049175	1.3639e-06
45	0.99698	0.0025366	0.00048103	1.2285e-06
46	0.9981	0.0014324	0.00047081	6.7686e-07
47	0.99852	0.0010156	0.00046021	4.6852e-07
48	0.99859	0.00096461	0.0004494	4.3512e-07
49	0.99936	0.00019835	0.00043898	8.7317e-08
50	0.99938	0.00018722	0.00042829	7.9831e-08
51	0.99951	7.5547e-05	0.00041762	3.0706e-08
52	0.99944	0.00015253	0.00040694	5.6945e-08
53	0.99864	0.00096412	0.00039608	3.3997e-07
54	0.9971	0.002514	0.00038496	8.4655e-07
55	0.99666	0.0029668	0.00037423	9.3474e-07
56	0.99725	0.0023857	0.00036383	6.5465e-07
57	0.99693	0.0027134	0.00035312	6.534e-07
58	0.99559	0.0040536	0.0003517	1.1579e-06
59	0.98337	0.016275	0.00034648	5.4524e-06
60	0.97551	0.024141	0.00034278	8.2063e-06
61	0.97026	0.029386	0.00034004	1.0023e-05
62	0.96723	0.032422	0.00033808	1.1057e-05
63	0.96657	0.033078	0.00033694	1.1266e-05
64	0.96145	0.0382	0.00033424	1.3017e-05
65	0.95924	0.040416	0.00033254	1.3761e-05
66	0.95905	0.040603	0.00033156	1.3798e-05
67	0.95395	0.045708	0.00032887	1.5522e-05
68	0.95124	0.04842	0.00032703	1.6411e-05
69	0.95133	0.048325	0.00032613	1.6342e-05
70	0.94622	0.053438	0.00032345	1.8049e-05
71	0.94429	0.055369	0.00032184	1.8669e-05
72	0.94528	0.054385	0.0003212	1.8304e-05
73	0.94861	0.051054	0.00032137	1.7143e-05
74	0.95523	0.044433	0.00032261	1.4892e-05
75	0.96503	0.034631	0.00032492	1.1583e-05
76	0.96798	0.031681	0.00032495	1.0568e-05
77	0.97373	0.025932	0.00032589	8.6322e-06
78	0.98222	0.017448	0.00032774	5.792e-06
79	0.98555	0.014122	0.00032785	4.6791e-06
80	0.98575	0.013921	0.00032694	4.6014e-06
81	0.98737	0.012299	0.00032651	4.0516e-06
82	0.98044	0.019229	0.00032328	6.3107e-06
83	0.97634	0.023327	0.00032098	7.6334e-06
84	0.97418	0.025496	0.00031933	8.3129e-06
85	0.97413	0.025548	0.00031836	8.3011e-06
86	0.97025	0.029421	0.00031613	9.5328e-06
87	0.96889	0.030788	0.0003147	9.9486e-06
88	0.96936	0.030318	0.00031389	9.7636e-06
89	0.97213	0.027547	0.0003138	8.8419e-06
90	0.97767	0.022005	0.00031457	7.0409e-06
91	0.98676	0.012915	0.00031645	4.1254e-06
92	0.99016	0.0095231	0.00031651	3.0335e-06
93	0.99109	0.008587	0.00031577	2.7302e-06
94	0.98996	0.009718	0.00031439	3.0821e-06
95	0.99008	0.0096013	0.00031341	3.0342e-06
96	0.99175	0.0079332	0.00031291	2.4996e-06
97	0.99139	0.008295	0.00031179	2.6037e-06
98	0.99247	0.0072195	0.00031109	2.2587e-06
99	0.99513	0.0045565	0.00031088	1.4229e-06
100	0.99331	0.0063834	0.00030927	1.9872e-06
101	0.99284	0.0068502	0.00030808	2.1272e-06
102	0.99367	0.0060162	0.00030728	1.8656e-06
103	0.99283	0.0068594	0.00030596	2.1213e-06
104	0.99333	0.0063602	0.00030505	1.9642e-06
105	0.99497	0.0047236	0.0003045	1.4577e-06
106	0.99505	0.0046415	0.00030348	1.4288e-06
107	0.9936	0.0060969	0.000302	1.8685e-06
108	0.99326	0.0064341	0.00030088	1.9636e-06
109	0.99425	0.0054513	0.00030014	1.6602e-06
110	0.99639	0.0033043	0.00029976	1.0056e-06
111	0.99702	0.0026806	0.00029894	8.1229e-07
112	0.99671	0.002993	0.00029783	9.0337e-07
113	0.99727	0.0024274	0.00029698	7.3039e-07
114	0.99877	0.00093225	0.00029643	2.8038e-07
115	0.96918	0.030527	0.00028658	9.107e-06
116	0.94891	0.050797	0.00027954	1.5116e-05
117	0.93538	0.064323	0.00027452	1.9092e-05
118	0.92594	0.073772	0.00027075	2.1824e-05
119	0.92063	0.079077	0.0002682	2.3325e-05
120	0.9188	0.080913	0.00026666	2.3804e-05
121	0.91958	0.080135	0.0002659	2.3511e-05
122	0.92303	0.07668	0.00026593	2.244e-05
123	0.92943	0.070279	0.00026682	2.0519e-05
124	0.92884	0.070876	0.0002657	2.0623e-05
125	0.93074	0.068978	0.0002653	2.0004e-05
126	0.93528	0.064438	0.00026568	1.8627e-05
127	0.93341	0.066307	0.00026422	1.9085e-05
128	0.93454	0.065178	0.00026361	1.8692e-05
129	0.93895	0.060766	0.0002639	1.7376e-05
130	0.93772	0.062003	0.00026258	1.767e-05
131	0.93882	0.060903	0.00026192	1.73e-05
132	0.94237	0.057351	0.00026197	1.624e-05
133	0.93994	0.059787	0.00026035	1.6858e-05
134	0.94052	0.059206	0.00025955	1.6635e-05
135	0.94346	0.05627	0.00025942	1.5757e-05
136	0.94901	0.050717	0.00026002	1.4155e-05
137	0.95845	0.041278	0.00026167	1.1499e-05
138	0.97177	0.027955	0.00026438	7.786e-06
139	0.97042	0.029308	0.00026304	8.1247e-06
140	0.97085	0.028877	0.00026221	7.9718e-06
141	0.9731	0.026632	0.00026188	7.3231e-06
142	0.97733	0.0224	0.0002621	6.1362e-06
143	0.97754	0.02219	0.00026123	6.0456e-06
144	0.97942	0.020316	0.00026082	5.5054e-06
145	0.98353	0.016206	0.00026099	4.3716e-06
146	0.98442	0.015315	0.00026028	4.1115e-06
147	0.98685	0.01289	0.00025998	3.4435e-06
148	0.9914	0.0083376	0.00026023	2.219e-06
149	0.99286	0.0068823	0.00025965	1.8215e-06
150	0.99267	0.0070692	0.00025863	1.8604e-06
151	0.99386	0.0058845	0.00025796	1.5431e-06
152	0.99628	0.0034663	0.00025761	9.0584e-07
153	0.99719	0.0025511	0.00025685	6.6531e-07
154	0.99469	0.0050556	0.00025521	1.3084e-06
155	0.99359	0.006151	0.00025393	1.5866e-06
156	0.99005	0.0096963	0.00025204	2.4884e-06
157	0.98803	0.011718	0.00025055	2.9928e-06
158	0.98764	0.012105	0.00024946	3.081e-06
159	0.98404	0.015709	0.00024757	3.9794e-06
160	0.98252	0.01723	0.0002462	4.349e-06
161	0.98251	0.017238	0.00024522	4.3343e-06
162	0.97911	0.020646	0.0002434	5.1651e-06
163	0.96938	0.030377	0.00024004	7.5515e-06
164	0.96349	0.036268	0.00023763	8.9763e-06
165	0.96061	0.039143	0.00023595	9.6506e-06
166	0.95149	0.048269	0.00023273	1.186e-05
167	0.94545	0.054309	0.00023029	1.3289e-05
168	0.94264	0.057117	0.00022864	1.3923e-05
169	0.94215	0.057607	0.00022756	1.3986e-05
170	0.94464	0.055117	0.00022719	1.3334e-05
171	0.92876	0.071004	0.00022237	1.7119e-05
172	0.91748	0.082285	0.00021871	1.9755e-05
173	0.911	0.088759	0.0002162	2.1227e-05
174	0.90843	0.09133	0.00021461	2.1761e-05
175	0.90858	0.091187	0.00021369	2.1644e-05
176	0.90142	0.098346	0.00021102	2.3253e-05
177	0.89746	0.10231	0.00020913	2.4091e-05
178	0.89639	0.10338	0.00020794	2.424e-05
179	0.89814	0.10163	0.00020742	2.3728e-05
180	0.90287	0.096899	0.0002076	2.2524e-05
181	0.9121	0.087669	0.00020879	2.0301e-05
182	0.92712	0.072657	0.00021126	1.6781e-05
183	0.94778	0.051994	0.000215	1.1995e-05
184	0.95611	0.043668	0.00021588	1.0059e-05
185	0.95773	0.042049	0.00021524	9.6525e-06
186	0.95416	0.045619	0.00021344	1.0421e-05
187	0.94326	0.05652	0.00020996	1.2843e-05
188	0.9359	0.06388	0.00020732	1.4441e-05
189	0.93214	0.067634	0.00020549	1.5223e-05
190	0.93095	0.068835	0.00020424	1.5426e-05
191	0.93279	0.066993	0.00020364	1.496e-05
192	0.93724	0.062541	0.00020363	1.3922e-05
193	0.88951	0.11027	0.00019217	2.4346e-05
194	0.85662	0.14316	0.00018401	3.1442e-05
195	0.83437	0.16541	0.00017823	3.6161e-05
196	0.78234	0.21745	0.00016598	4.7336e-05
197	0.74353	0.25626	0.00015673	5.551e-05
198	0.7149	0.28489	0.00014978	6.1397e-05
199	0.6942	0.30559	0.0001446	6.5517e-05
200	0.68129	0.3185	0.0001411	6.7951e-05
201	0.67326	0.32653	0.00013866	6.9324e-05
202	0.64562	0.35417	0.00013215	7.4776e-05
203	0.62564	0.37416	0.00012731	7.8565e-05
204	0.61188	0.38791	0.00012382	8.1015e-05
205	0.60321	0.39658	0.0001214	8.2389e-05
206	0.59903	0.40077	0.00011993	8.2825e-05
207	0.60035	0.39945	0.00011957	8.2143e-05
208	0.58732	0.41248	0.00011632	8.435e-05
209	0.57927	0.42053	0.00011411	8.5526e-05
210	0.5492	0.4506	0.00010755	9.1051e-05
211	0.52741	0.47239	0.00010271	9.4868e-05
212	0.51219	0.48761	9.9214e-05	9.7344e-05
213	0.50236	0.49745	9.6808e-05	9.8735e-05
214	0.4703	0.5295	9.0147e-05	0.00010438
215	0.39505	0.60476	7.5237e-05	0.00011827
216	0.33833	0.66148	6.4048e-05	0.00012845
217	0.2957	0.70411	5.5665e-05	0.00013582
218	0.26691	0.7329	4.9949e-05	0.00014051
219	0.24559	0.75422	4.5705e-05	0.00014373
220	0.23014	0.76967	4.2606e-05	0.00014582
221	0.18529	0.81453	3.4087e-05	0.00015331
222	0.15463	0.84518	2.8252e-05	0.00015811
223	0.13164	0.86818	2.3897e-05	0.00016144
224	0.11628	0.88354	2.0965e-05	0.00016333
225	0.10509	0.89473	1.8828e-05	0.00016443
226	0.097202	0.90262	1.7312e-05	0.00016491
227	0.092753	0.90707	1.6421e-05	0.00016476
228	0.091319	0.9085	1.607e-05	0.00016406
229	0.092702	0.90712	1.6215e-05	0.00016285
230	0.096167	0.90366	1.6728e-05	0.00016128
231	0.10202	0.8978	1.7657e-05	0.0001593
232	0.11172	0.8881	1.9235e-05	0.00015666
233	0.12512	0.8747	2.144e-05	0.00015339
234	0.14333	0.8565	2.4455e-05	0.00014932
235	0.14716	0.85267	2.4969e-05	0.00014775
236	0.15514	0.84469	2.6176e-05	0.00014548
237	0.16678	0.83305	2.7993e-05	0.0001426
238	0.14929	0.85054	2.487e-05	0.00014465
239	0.13651	0.86332	2.258e-05	0.00014587
240	0.12854	0.87129	2.1107e-05	0.00014627
241	0.12453	0.8753	2.03e-05	0.00014599
242	0.12297	0.87686	1.9907e-05	0.0001453
243	0.12379	0.87605	1.9908e-05	0.00014421
244	0.12705	0.87279	2.0306e-05	0.00014274
245	0.1339	0.86594	2.1268e-05	0.00014069
246	0.14402	0.85582	2.2743e-05	0.00013812
247	0.15967	0.84017	2.5063e-05	0.00013471
248	0.18082	0.81902	2.8225e-05	0.00013046
249	0.20922	0.79062	3.2489e-05	0.0001251
250	0.25026	0.74958	3.8641e-05	0.00011785
251	0.30446	0.69538	4.6761e-05	0.00010864
252	0.37627	0.62357	5.7499e-05	9.6808e-05
253	0.40674	0.5931	6.1736e-05	9.1469e-05
254	0.44759	0.55225	6.75e-05	8.4607e-05
255	0.50193	0.49792	7.5231e-05	7.578e-05
256	0.52153	0.47832	7.7613e-05	7.2293e-05
257	0.54867	0.45119	8.1087e-05	6.7717e-05
258	0.5854	0.41445	8.594e-05	6.1766e-05
259	0.63475	0.3651	9.2592e-05	5.4021e-05
260	0.70058	0.29927	0.00010158	4.3944e-05
261	0.79666	0.2032	0.00011479	2.9633e-05
262	0.83526	0.1646	0.00011951	2.3818e-05
263	0.85022	0.14963	0.00012074	2.1488e-05
264	0.87352	0.12634	0.00012309	1.8014e-05
265	0.90506	0.094798	0.00012657	1.3422e-05
266	0.91825	0.081608	0.0001274	1.1473e-05
267	0.93672	0.063143	0.00012893	8.8163e-06
268	0.94286	0.057004	0.00012874	7.8957e-06
269	0.94262	0.057241	0.00012765	7.862e-06
270	0.9447	0.055163	0.00012688	7.5126e-06
271	0.94923	0.050642	0.00012644	6.8375e-06
272	0.95658	0.043292	0.00012638	5.7922e-06
273	0.96851	0.03136	0.00012689	4.1597e-06
274	0.97263	0.02724	0.00012636	3.5785e-06
275	0.97978	0.020094	0.0001262	2.6152e-06
276	0.99086	0.009014	0.00012651	1.1641e-06
277	0.99534	0.0045336	0.00012597	5.7975e-07
278	0.99465	0.0052295	0.00012474	6.6134e-07
279	0.99498	0.0048972	0.00012366	6.1258e-07
280	0.994	0.005876	0.00012239	7.2722e-07
281	0.99409	0.0057921	0.00012127	7.0908e-07
282	0.99245	0.0074258	0.00011992	8.9963e-07
283	0.992	0.0078784	0.00011873	9.4413e-07
284	0.98956	0.010323	0.00011729	1.2244e-06
285	0.9885	0.011379	0.00011602	1.3349e-06
286	0.98437	0.015517	0.00011438	1.8015e-06
287	0.98234	0.017543	0.00011299	2.0165e-06
288	0.98217	0.017713	0.0001118	2.0165e-06
289	0.98384	0.016051	0.0001108	1.8104e-06
290	0.98716	0.012724	0.00011	1.4216e-06
291	0.99239	0.0074972	0.0001094	8.2985e-07
292	0.98533	0.014565	0.00010743	1.596e-06
293	0.98104	0.018854	0.00010577	2.0455e-06
294	0.9786	0.021293	0.00010432	2.2849e-06
295	0.97072	0.029173	0.00010228	3.0971e-06
296	0.96549	0.034401	0.00010056	3.6101e-06
297	0.96255	0.037347	9.9084e-05	3.8727e-06
298	0.96219	0.037713	9.787e-05	3.8659e-06
299	0.9638	0.036098	9.6862e-05	3.6571e-06
300	0.9675	0.032404	9.6065e-05	3.2435e-06
301	0.95726	0.042642	9.3895e-05	4.2071e-06
302	0.95101	0.048896	9.2123e-05	4.7613e-06
303	0.94735	0.052552	9.0622e-05	5.0496e-06
304	0.94667	0.053233	8.9399e-05	5.0489e-06
305	0.9482	0.051702	8.839e-05	4.8382e-06
306	0.95281	0.047094	8.7649e-05	4.3487e-06
307	0.95168	0.048232	8.6361e-05	4.3944e-06
308	0.9527	0.047213	8.5275e-05	4.2422e-06
309	0.9565	0.043413	8.4421e-05	3.8477e-06
310	0.96289	0.037027	8.3789e-05	3.2354e-06
311	0.97231	0.027603	8.3411e-05	2.3751e-06
312	0.9869	0.013011	8.3433e-05	1.1021e-06
313	0.98763	0.012291	8.2247e-05	1.0255e-06
314	0.99006	0.0098622	8.1188e-05	8.1107e-07
315	0.9941	0.0058163	8.0259e-05	4.7125e-07
316	0.99545	0.0044682	7.911e-05	3.5602e-07
317	0.99541	0.0045093	7.7837e-05	3.5346e-07
318	0.99386	0.0060632	7.6453e-05	4.6678e-07
319	0.98987	0.010055	7.4876e-05	7.61e-07
320	0.98749	0.012435	7.3436e-05	9.2435e-07
321	0.98688	0.01305	7.2117e-05	9.5323e-07
322	0.98761	0.012321	7.0903e-05	8.8335e-07
323	0.98596	0.013972	6.9507e-05	9.8344e-07
324	0.98573	0.014199	6.8219e-05	9.8007e-07
325	0.98719	0.012738	6.7035e-05	8.6201e-07
326	0.99053	0.009403	6.596e-05	6.236e-07
327	0.99627	0.0036673	6.502e-05	2.3831e-07
328	0.9934	0.0065395	6.3521e-05	4.1642e-07
329	0.99184	0.0080935	6.2117e-05	5.0408e-07
330	0.9915	0.0084351	6.0797e-05	5.1306e-07
331	0.99256	0.007377	5.9549e-05	4.3766e-07
332	0.99516	0.0047846	5.8378e-05	2.7554e-07
333	0.99969	0.00024857	5.7298e-05	9.7085e-09
334	0.99898	0.00096472	5.7949e-05	5.228e-08
335	0.99904	0.00089882	5.8635e-05	5.0494e-08
336	0.99992	2.4236e-05	5.9357e-05	1.3894e-09
337	0.99976	0.00017652	6.0011e-05	1.0615e-08
338	0.99576	0.0041815	6.0432e-05	2.5412e-07
339	0.99353	0.0064085	6.0945e-05	3.9414e-07
340	0.99253	0.0074107	6.1533e-05	4.6056e-07
341	0.99291	0.0070306	6.2196e-05	4.4193e-07
342	0.99445	0.0054824	6.2934e-05	3.4836e-07
343	0.99112	0.0088169	6.3351e-05	5.6617e-07
344	0.98925	0.010687	6.3861e-05	6.9281e-07
345	0.98895	0.010983	6.446e-05	7.1943e-07
346	0.98588	0.014055	6.4864e-05	9.3037e-07
347	0.98439	0.015546	6.5372e-05	1.0391e-06
348	0.98436	0.015575	6.5978e-05	1.0506e-06
349	0.98579	0.014143	6.6685e-05	9.6248e-07
350	0.98922	0.01071	6.752e-05	7.3614e-07
351	0.99456	0.0053732	6.8493e-05	3.7311e-07
352	0.98924	0.010688	6.8718e-05	7.4762e-07
353	0.98583	0.014104	6.9072e-05	9.9406e-07
354	0.98441	0.015523	6.9552e-05	1.1037e-06
355	0.98444	0.015484	7.0137e-05	1.1101e-06
356	0.98593	0.014	7.0828e-05	1.0117e-06
357	0.98897	0.010959	7.1636e-05	7.9758e-07
358	0.99426	0.0056664	7.2601e-05	4.1549e-07
359	0.99622	0.0037057	7.3316e-05	2.7409e-07
360	0.99665	0.0032756	7.392e-05	2.4395e-07
361	0.99605	0.003874	7.4437e-05	2.9069e-07
362	0.99639	0.0035343	7.5026e-05	2.6702e-07
363	0.99552	0.0044039	7.5524e-05	3.3447e-07
364	0.99582	0.0041033	7.6101e-05	3.1376e-07
365	0.99031	0.0096089	7.6234e-05	7.382e-07
366	0.98708	0.012843	7.6525e-05	9.9374e-07
367	0.98576	0.014158	7.6951e-05	1.1036e-06
368	0.98586	0.014061	7.7489e-05	1.1032e-06
369	0.98773	0.012194	7.8156e-05	9.6319e-07
370	0.99163	0.0082942	7.8976e-05	6.6035e-07
371	0.9927	0.007217	7.9576e-05	5.7849e-07
372	0.992	0.0079149	8.0023e-05	6.3909e-07
373	0.99245	0.0074642	8.0564e-05	6.0656e-07
374	0.99433	0.0055905	8.1211e-05	4.5778e-07
375	0.99755	0.0023666	8.1974e-05	1.9542e-07
376	0.9989	0.0010209	8.2585e-05	8.4955e-08
377	0.99948	0.00043232	8.3137e-05	3.6203e-08
378	0.99982	9.6517e-05	8.3669e-05	8.0956e-09
379	0.99986	6.0634e-05	8.4166e-05	5.1118e-09
380	0.999	0.00091232	8.4577e-05	7.753e-08
381	0.99887	0.0010446	8.505e-05	8.9236e-08
382	0.99833	0.0015854	8.5478e-05	1.3638e-07
383	0.99697	0.0029457	8.5823e-05	2.5535e-07
384	0.99353	0.0063812	8.5988e-05	5.5586e-07
385	0.99176	0.008148	8.6285e-05	7.1436e-07
386	0.99123	0.0086801	8.6691e-05	7.6544e-07
387	0.99189	0.008019	8.7204e-05	7.1118e-07
388	0.9938	0.0061131	8.783e-05	5.4526e-07
389	0.99708	0.00283	8.8583e-05	2.5389e-07
390	0.99838	0.0015348	8.9162e-05	1.3812e-07
391	0.99381	0.0061038	8.9204e-05	5.4926e-07
392	0.99088	0.0090259	8.9393e-05	8.149e-07
393	0.98963	0.010284	8.972e-05	9.3295e-07
394	0.98964	0.010266	9.0164e-05	9.3512e-07
395	0.99118	0.0087259	9.0736e-05	7.9836e-07
396	0.99412	0.0057884	9.1441e-05	5.3078e-07
397	0.9951	0.0048103	9.1956e-05	4.4245e-07
398	0.99461	0.0052978	9.2338e-05	4.8845e-07
399	0.99514	0.0047651	9.2818e-05	4.3932e-07
400	0.99423	0.0056797	9.3165e-05	5.2358e-07
401	0.99437	0.0055348	9.3614e-05	5.0887e-07
402	0.99582	0.0040899	9.4174e-05	3.7202e-07
403	0.99876	0.0011435	9.4866e-05	9.216e-08
404	0.99875	0.0011512	9.5289e-05	8.3784e-08
405	0.99831	0.0015947	9.5671e-05	1.052e-07
406	0.99715	0.0027493	0.00010079	2.3756e-07
407	0.9969	0.0029969	0.00010602	2.8721e-07
408	0.99752	0.0023643	0.00011137	2.4342e-07
409	0.99739	0.0024947	0.00011663	2.7644e-07
410	0.99621	0.0036697	0.0001218	4.353e-07
411	0.99599	0.0038779	0.00012711	4.8342e-07
412	0.99453	0.0053333	0.00013223	6.9834e-07
413	0.99436	0.0055006	0.0001375	7.5188e-07
414	0.99545	0.0044033	0.00014292	6.2712e-07
415	0.99768	0.0021718	0.00014856	3.2177e-07
416	0.99852	0.0013265	0.00015404	2.0402e-07
417	0.99878	0.0010599	0.00015942	1.6949e-07
418	0.99094	0.0088918	0.0001635	1.4727e-06
419	0.98598	0.013848	0.00016796	2.3708e-06
420	0.98291	0.016913	0.00017273	2.987e-06
421	0.97399	0.025833	0.00017645	4.6969e-06
422	0.96788	0.03193	0.00018064	5.9733e-06
423	0.96414	0.035667	0.00018525	6.8604e-06
424	0.96294	0.036865	0.00019029	7.2893e-06
425	0.96412	0.035677	0.00019579	7.2486e-06
426	0.96795	0.031842	0.00020183	6.6456e-06
427	0.97419	0.025593	0.00020847	5.4808e-06
428	0.98414	0.015644	0.00021596	3.4396e-06
429	0.99793	0.0018422	0.00022447	4.1559e-07
430	0.99612	0.0036448	0.00022951	8.4279e-07
431	0.99166	0.008105	0.00023393	1.9163e-06
432	0.98887	0.010893	0.00023875	2.6327e-06
433	0.98751	0.012243	0.00024394	3.0229e-06
434	0.98775	0.011995	0.00024948	3.0261e-06
435	0.98963	0.010116	0.00025543	2.6074e-06
436	0.98416	0.015575	0.00025951	4.097e-06
437	0.9811	0.018632	0.00026415	5.0044e-06
438	0.98012	0.019605	0.00026931	5.3764e-06
439	0.9807	0.019017	0.00027493	5.3188e-06
440	0.98324	0.016471	0.00028109	4.6979e-06
441	0.98807	0.011642	0.00028793	3.388e-06
442	0.98569	0.014012	0.00029265	4.1617e-06
443	0.98481	0.014892	0.00029785	4.5075e-06
444	0.98533	0.014365	0.0003035	4.4274e-06
445	0.98769	0.012001	0.00030971	3.7676e-06
446	0.99173	0.0079509	0.00031653	2.5398e-06
447	0.9984	0.0012776	0.00032422	4.1877e-07
448	0.99541	0.00426	0.00032882	1.4192e-06
449	0.9939	0.0057667	0.00033387	1.9568e-06
450	0.99348	0.0061755	0.00033931	2.133e-06
451	0.99104	0.0086178	0.00034408	3.0235e-06
452	0.98991	0.0097396	0.00034933	3.4712e-06
453	0.99003	0.0096132	0.00035505	3.4803e-06
454	0.99139	0.0082426	0.00036127	3.0302e-06
455	0.99411	0.0055237	0.00036806	2.0597e-06
456	0.99884	0.00078109	0.00037561	2.9575e-07
457	0.98852	0.011095	0.00037742	4.2479e-06
458	0.98117	0.01844	0.00038032	7.1586e-06
459	0.97626	0.023346	0.00038413	9.1884e-06
460	0.96413	0.035472	0.00038498	1.4162e-05
461	0.95639	0.043208	0.00038744	1.7507e-05
462	0.95217	0.047415	0.00039123	1.9496e-05
463	0.79961	0.19998	0.00033314	8.3403e-05
464	0.69289	0.30669	0.00029256	0.00012979
465	0.61242	0.38716	0.00026212	0.00016606
466	0.55742	0.44215	0.00024174	0.00019226
467	0.51633	0.48323	0.00022693	0.00021293
468	0.48895	0.5106	0.0002177	0.00022799
469	0.47145	0.5281	0.00021259	0.00023892
470	0.4596	0.53995	0.00020991	0.00024746
471	0.45379	0.54574	0.00020986	0.00025333
472	0.4533	0.54624	0.00021222	0.0002568
473	0.43741	0.56212	0.00020728	0.00026759
474	0.42693	0.57259	0.00020481	0.00027595
475	0.42222	0.57729	0.000205	0.00028163
476	0.34141	0.6581	0.00016744	0.00032505
477	0.28039	0.71911	0.00013894	0.00035943
478	0.23791	0.76159	0.00011904	0.0003852
479	0.20588	0.79361	0.00010405	0.00040609
480	0.18186	0.81762	9.2869e-05	0.0004232
481	0.16414	0.83534	8.472e-05	0.00043731
482	0.15132	0.84815	7.8968e-05	0.00044904
483	0.1424	0.85706	7.5158e-05	0.00045886
484	0.13663	0.86283	7.295e-05	0.0004671
485	0.13459	0.86487	7.2676e-05	0.0004734
486	0.1198	0.87965	6.5414e-05	0.00048671
487	0.11015	0.88929	6.0797e-05	0.00049737
488	0.10459	0.89484	5.834e-05	0.00050586
489	0.10148	0.89795	5.7218e-05	0.00051304
490	0.088202	0.91122	5.0214e-05	0.00052609
491	0.078445	0.92097	4.5109e-05	0.00053727
492	0.07151	0.9279	4.1553e-05	0.00054693
493	0.067518	0.93189	3.9634e-05	0.00055494
494	0.066084	0.93332	3.9179e-05	0.00056148
495	0.067008	0.93238	4.0117e-05	0.00056661
496	0.060234	0.93915	3.6385e-05	0.00057644
497	0.056343	0.94304	3.4331e-05	0.00058458
498	0.054108	0.94527	3.3272e-05	0.00059176
499	0.0539	0.94547	3.3444e-05	0.00059769
500	0.055692	0.94367	3.4863e-05	0.00060237
501	0.059115	0.94024	3.7353e-05	0.000606
502	0.065132	0.93422	4.1531e-05	0.00060794
503	0.073569	0.92578	4.7363e-05	0.00060825
504	0.086235	0.9131	5.603e-05	0.00060571
505	0.10324	0.8961	6.7732e-05	0.00060017
506	0.1259	0.87342	8.3449e-05	0.00059064
507	0.13263	0.86669	8.8742e-05	0.00059156
508	0.12972	0.86959	8.7577e-05	0.00059897
509	0.13005	0.86925	8.8582e-05	0.0006042
510	0.13282	0.86648	9.1299e-05	0.00060774
511	0.13823	0.86107	9.5924e-05	0.00060941
512	0.14674	0.85254	0.00010285	0.00060881
513	0.16061	0.83867	0.00011366	0.0006043
514	0.17952	0.81975	0.00012834	0.00059596
515	0.20493	0.79434	0.00014804	0.00058263
516	0.24242	0.75684	0.00017689	0.00056013
517	0.2389	0.76036	0.00017585	0.00056755
518	0.23966	0.75959	0.00017794	0.00057184
519	0.24503	0.75422	0.00018348	0.00057267
520	0.21193	0.78731	0.00015987	0.00060267
521	0.18924	0.80999	0.00014378	0.00062514
522	0.17251	0.82672	0.00013205	0.00064329
523	0.16044	0.83877	0.00012378	0.00065799
524	0.15214	0.84707	0.00011834	0.00066991
525	0.14702	0.85218	0.00011533	0.00067942
526	0.12934	0.86985	0.00010224	0.00069901
527	0.11784	0.88135	9.3833e-05	0.0007139
528	0.10978	0.8894	8.8096e-05	0.00072615
529	0.084978	0.9142	6.8667e-05	0.00075212
530	0.066146	0.93303	5.3848e-05	0.00077351
531	0.053098	0.94607	4.3515e-05	0.00079041
532	0.043307	0.95585	3.5745e-05	0.00080477
533	0.036699	0.96245	3.049e-05	0.00081661
534	0.031859	0.96729	2.6657e-05	0.00082706
535	0.029004	0.97014	2.4431e-05	0.00083589
536	0.027234	0.9719	2.3109e-05	0.00084384
537	0.026414	0.97271	2.2592e-05	0.00085102
538	0.026483	0.97264	2.2847e-05	0.00085746
539	0.027445	0.97167	2.3896e-05	0.00086312
540	0.029397	0.96971	2.5847e-05	0.00086792
541	0.025999	0.9731	2.3059e-05	0.00087749
542	0.024183	0.97491	2.1627e-05	0.00088569
543	0.023618	0.97547	2.1294e-05	0.00089279
544	0.018249	0.98083	1.6545e-05	0.00090429
545	0.014165	0.98491	1.2918e-05	0.0009147
546	0.011047	0.98802	1.0137e-05	0.00092429
547	0.0086483	0.99041	7.9908e-06	0.00093328
548	0.0070734	0.99198	6.5719e-06	0.00094153
549	0.0061019	0.99294	5.6922e-06	0.00094924
550	0.0053807	0.99366	5.0394e-06	0.00095675
551	0.0048534	0.99418	4.5628e-06	0.00096411
552	0.0046698	0.99435	4.399e-06	0.00097115
553	0.0046064	0.99441	4.3466e-06	0.00097811
554	0.0046672	0.99434	4.41e-06	0.00098498
555	0.0048571	0.99415	4.5945e-06	0.00099177
556	0.005191	0.99381	4.9149e-06	0.00099844
557	0.0056948	0.99329	5.3971e-06	0.001005
558	0.0064083	0.99257	6.0804e-06	0.0010114
559	0.0073755	0.9916	7.0095e-06	0.0010175
560	0.0089644	0.99	8.5314e-06	0.0010231
561	0.011333	0.98763	1.0802e-05	0.0010279
562	0.014784	0.98417	1.4115e-05	0.0010317
563	0.019265	0.97968	1.8454e-05	0.0010344
564	0.025855	0.97308	2.4853e-05	0.0010351
565	0.02048	0.97845	1.9187e-05	0.0010479
566	0.016855	0.98207	1.5271e-05	0.0010589
567	0.014176	0.98474	1.2298e-05	0.001069
568	0.012529	0.98638	1.0322e-05	0.0010782
569	0.011758	0.98715	9.157e-06	0.0010864
570	0.011757	0.98714	8.6486e-06	0.0010941
571	0.012523	0.98637	8.731e-06	0.0011011
572	0.0096873	0.9892	6.9903e-06	0.0011016
573	0.007749	0.99114	5.8186e-06	0.0011014
574	0.0062441	0.99265	4.8942e-06	0.0011011
575	0.0052448	0.99365	4.3017e-06	0.0011004
576	0.0044469	0.99445	3.8117e-06	0.0010996
577	0.0039843	0.99491	3.5638e-06	0.0010986
578	0.003619	0.99528	3.3607e-06	0.0010975
579	0.0033225	0.99558	3.1867e-06	0.0010964
580	0.0032298	0.99567	3.1824e-06	0.0010951
581	0.0031704	0.99573	3.1912e-06	0.0010939
582	0.0031322	0.99577	3.2061e-06	0.0010926
583	0.0031198	0.99579	3.2364e-06	0.0010914
584	0.0032882	0.99562	3.4429e-06	0.0010899
585	0.0034887	0.99542	3.6785e-06	0.0010885
586	0.0037367	0.99517	3.9618e-06	0.001087
587	0.004051	0.99486	4.3147e-06	0.0010854
588	0.0046514	0.99426	4.9654e-06	0.0010835
589	0.0054092	0.9935	5.7866e-06	0.0010815
590	0.006373	0.99254	6.8316e-06	0.0010793
591	0.0076159	0.9913	8.1812e-06	0.0010768
592	0.0092323	0.98968	9.9393e-06	0.0010739
593	0.011648	0.98727	1.255e-05	0.0010701
594	0.015254	0.98366	1.6429e-05	0.001065
595	0.019936	0.97898	2.1476e-05	0.0010588
596	0.026049	0.97287	2.8079e-05	0.0010511
597	0.034098	0.96482	3.6792e-05	0.0010412
598	0.04567	0.95325	4.9273e-05	0.0010276
599	0.049056	0.94987	5.2873e-05	0.0010229
600	0.04674	0.95219	5.0312e-05	0.0010243
601	0.046402	0.95252	4.9869e-05	0.0010235
602	0.039664	0.95926	4.2522e-05	0.0010297
603	0.034759	0.96417	3.7188e-05	0.0010339
604	0.031913	0.96702	3.406e-05	0.0010358
605	0.030729	0.9682	3.2705e-05	0.001036
606	0.030568	0.96836	3.2458e-05	0.0010351
607	0.031815	0.96712	3.3696e-05	0.0010327
608	0.034156	0.96478	3.6103e-05	0.0010291
609	0.037795	0.96114	3.9893e-05	0.0010242
610	0.04302	0.95592	4.5369e-05	0.0010175
611	0.042513	0.95642	4.4755e-05	0.001017
612	0.043241	0.9557	4.5461e-05	0.0010152
613	0.045783	0.95316	4.8062e-05	0.0010114
614	0.049842	0.9491	5.2271e-05	0.0010061
615	0.055726	0.94322	5.8413e-05	0.00099883
616	0.043606	0.95534	4.5628e-05	0.0010105
617	0.034464	0.96448	3.6023e-05	0.001019
618	0.028355	0.97059	2.9588e-05	0.0010244
619	0.023837	0.97511	2.4847e-05	0.001028
620	0.020963	0.97799	2.1819e-05	0.0010299
621	0.019368	0.97958	2.0121e-05	0.0010305
622	0.018517	0.98043	1.9212e-05	0.0010304
623	0.018363	0.98059	1.9042e-05	0.0010295
624	0.019204	0.97975	1.9897e-05	0.0010275
625	0.021148	0.97781	2.1885e-05	0.0010244
626	0.024009	0.97495	2.4832e-05	0.0010204
627	0.028003	0.97095	2.8964e-05	0.0010152
628	0.034188	0.96477	3.5342e-05	0.0010077
629	0.042455	0.9565	4.389e-05	0.00099813
630	0.054457	0.9445	5.6262e-05	0.00098468
631	0.071721	0.92724	7.4003e-05	0.00096586
632	0.076809	0.92215	7.9172e-05	0.00095962
633	0.084322	0.91464	8.6864e-05	0.00095087
634	0.083373	0.91559	8.5816e-05	0.00095088
635	0.084967	0.914	8.7375e-05	0.00094827
636	0.089309	0.90966	9.1741e-05	0.00094284
637	0.097143	0.90182	9.9661e-05	0.00093385
638	0.10813	0.89084	0.00011083	0.00092162
639	0.12317	0.8758	0.0001262	0.00090521
640	0.14566	0.85331	0.00014912	0.00088124
641	0.17548	0.82349	0.0001796	0.00084972
642	0.21508	0.78389	0.00022017	0.00080813
643	0.22822	0.77075	0.00023352	0.00079377
644	0.24845	0.75053	0.00025407	0.0007722
645	0.27887	0.7201	0.00028497	0.00074027
646	0.32375	0.67523	0.00033047	0.00069373
647	0.38312	0.61586	0.00039082	0.00063235
648	0.46962	0.52936	0.00047856	0.00054357
649	0.47577	0.52321	0.00048434	0.00053678
650	0.48805	0.51093	0.00049631	0.00052377
651	0.50609	0.49289	0.00051419	0.00050487
652	0.53139	0.46759	0.00053951	0.00047855
653	0.5689	0.43009	0.00057713	0.00043992
654	0.61901	0.37998	0.00062764	0.00038842
655	0.63748	0.36151	0.00064592	0.00036918
656	0.66568	0.33331	0.00067398	0.00034012
657	0.70379	0.2952	0.0007122	0.00030093
658	0.76008	0.23891	0.0007687	0.00024345
659	0.83502	0.16397	0.00084425	0.00016694
660	0.93404	0.064946	0.00094443	6.582e-05
661	0.93471	0.064277	0.00094424	6.5044e-05
662	0.93846	0.060536	0.00094713	6.118e-05
663	0.94575	0.053248	0.00095356	5.3759e-05
664	0.95647	0.042524	0.0009635	4.2857e-05
665	0.97307	0.025926	0.00097928	2.6084e-05
666	0.98008	0.018914	0.00098535	1.9013e-05
667	0.99007	0.008925	0.00099445	8.9394e-06
668	0.99032	0.0086819	0.0009937	8.6834e-06
669	0.98835	0.010649	0.00099078	1.0629e-05
670	0.98797	0.011034	0.00098943	1.0996e-05
671	0.98911	0.0098861	0.00098958	9.8384e-06
672	0.99201	0.0069929	0.00099144	6.9504e-06
673	0.99277	0.0062304	0.00099116	6.1923e-06
674	0.99205	0.0069535	0.00098937	6.9186e-06
675	0.99244	0.0065609	0.00098873	6.5258e-06
676	0.99424	0.004762	0.00098946	4.7421e-06
677	0.99441	0.0045953	0.0009886	4.5763e-06
678	0.99309	0.0059212	0.00098628	5.8892e-06
679	0.99307	0.0059358	0.00098524	5.903e-06
680	0.99413	0.0048813	0.00098529	4.8504e-06
681	0.99662	0.002389	0.00098673	2.382e-06
682	0.99578	0.0032273	0.0009849	3.2156e-06
683	0.99586	0.0031534	0.000984	3.1397e-06
684	0.99685	0.0021616	0.00098404	2.1513e-06
685	0.9948	0.0042125	0.00098103	4.185e-06
686	0.99009	0.0089299	0.00097544	8.8387e-06
687	0.98749	0.011525	0.00097192	1.14e-05
688	0.98633	0.012691	0.00096985	1.2537e-05
689	0.98206	0.016962	0.00096469	1.6744e-05
690	0.97962	0.019403	0.00096137	1.9128e-05
691	0.97882	0.020205	0.00095971	1.9887e-05
692	0.97998	0.019037	0.00095995	1.8722e-05
693	0.9828	0.016217	0.00096184	1.5928e-05
694	0.98798	0.011047	0.000966	1.0846e-05
695	0.99549	0.0035317	0.00097249	3.4585e-06
696	0.99897	5.5167e-05	0.00097498	5.4125e-08
697	0.99898	4.1365e-05	0.0009741	4.0462e-08
698	0.99831	0.00071455	0.00097254	7.0009e-07
699	0.99707	0.0019602	0.00097039	1.9243e-06
700	0.99413	0.0048938	0.00096661	4.7962e-06
701	0.98754	0.011493	0.00095922	1.1266e-05
702	0.98362	0.01541	0.00095444	1.5113e-05
703	0.98142	0.017608	0.00095137	1.7261e-05
704	0.98078	0.018251	0.00094986	1.7883e-05
705	0.98164	0.01739	0.00094984	1.7032e-05
706	0.98409	0.01494	0.00095139	1.4628e-05
707	0.9883	0.010731	0.00095468	1.0507e-05
708	0.99459	0.0044456	0.00096002	4.3571e-06
709	0.95581	0.043229	0.00092157	4.1984e-05
710	0.92909	0.069948	0.00089481	6.791e-05
711	0.90947	0.08957	0.00087504	8.6853e-05
712	0.89663	0.10241	0.00086183	9.9236e-05
713	0.88801	0.11103	0.00085276	0.00010749
714	0.88373	0.11531	0.00084785	0.00011156
715	0.8834	0.11564	0.00084673	0.00011185
716	0.88602	0.11302	0.00084847	0.00010928
717	0.88021	0.11883	0.00084216	0.00011479
718	0.8776	0.12144	0.00083896	0.0001172
719	0.87876	0.12029	0.00083935	0.00011601
720	0.88402	0.11503	0.00084363	0.00011091
721	0.89288	0.10617	0.0008514	0.00010235
722	0.90604	0.093009	0.00086332	8.9655e-05
723	0.92453	0.074522	0.00088039	7.1828e-05
724	0.93165	0.067394	0.0008865	6.4949e-05
725	0.94231	0.056736	0.00089603	5.4676e-05
726	0.95731	0.041739	0.00090975	4.0225e-05
727	0.96258	0.036468	0.00091416	3.5109e-05
728	0.97142	0.027634	0.00092193	2.6606e-05
729	0.98384	0.015212	0.00093319	1.4652e-05
730	0.98367	0.015386	0.00093237	1.4783e-05
731	0.98059	0.018468	0.00092877	1.7691e-05
732	0.97919	0.019861	0.0009268	1.8981e-05
733	0.97938	0.019675	0.00092636	1.8762e-05
734	0.98158	0.017479	0.00092781	1.6643e-05
735	0.98557	0.013488	0.00093099	1.2809e-05
736	0.98659	0.012467	0.00093132	1.1815e-05
737	0.98945	0.0096057	0.00093336	9.0887e-06
738	0.99455	0.0045059	0.00093749	4.261e-06
739	0.99042	0.0086435	0.00093292	8.1451e-06
740	0.98819	0.010872	0.00093013	1.0236e-05
741	0.98764	0.011424	0.0009289	1.0753e-05
742	0.98454	0.01452	0.00092525	1.3675e-05
743	0.98304	0.016022	0.00092314	1.5081e-05
744	0.97741	0.021652	0.00091718	2.035e-05
745	0.96413	0.034937	0.00090401	3.2818e-05
746	0.95571	0.043357	0.00089539	4.0721e-05
747	0.95023	0.048834	0.00088958	4.5829e-05
748	0.94792	0.051148	0.00088671	4.7979e-05
749	0.94784	0.051228	0.00088598	4.802e-05
750	0.95063	0.048438	0.00088789	4.5391e-05
751	0.95586	0.043203	0.00089213	4.0464e-05
752	0.96477	0.034299	0.00089975	3.2139e-05
753	0.97735	0.021723	0.00091083	2.0371e-05
754	0.99463	0.0044441	0.00092635	4.1882e-06
755	0.99379	0.005284	0.00092492	4.97e-06
756	0.99397	0.0050983	0.00092448	4.7887e-06
757	0.99262	0.0064536	0.00092262	6.0419e-06
758	0.99238	0.0066945	0.00092183	6.2506e-06
759	0.99348	0.0055928	0.00092227	5.2152e-06
760	0.99608	0.0029946	0.00092407	2.7959e-06
761	0.99702	0.0020578	0.00092435	1.9206e-06
762	0.99893	0.00014442	0.00092556	1.3428e-07
763	0.99805	0.0010264	0.00092416	9.5032e-07
764	0.99798	0.0010969	0.00092348	1.0164e-06
765	0.99862	0.00045262	0.00092349	4.1871e-07
766	0.99815	0.00092278	0.00092246	8.5392e-07
767	0.99403	0.0050512	0.00091801	4.6815e-06
768	0.99143	0.0076519	0.00091501	7.0816e-06
769	0.99042	0.0086577	0.00091347	8.012e-06
770	0.9906	0.0084761	0.00091305	7.8387e-06
771	0.99223	0.0068509	0.00091394	6.3403e-06
772	0.99215	0.0069323	0.00091323	6.4227e-06
773	0.99318	0.0058992	0.00091358	5.4721e-06
774	0.99542	0.0036597	0.00091506	3.4049e-06
775	0.99391	0.0051752	0.00091305	4.8168e-06
776	0.99346	0.0056197	0.00091206	5.2331e-06
777	0.99406	0.0050269	0.00091204	4.6879e-06
778	0.99311	0.0059696	0.00091063	5.5606e-06
779	0.99003	0.0090569	0.00090721	8.4284e-06
780	0.98837	0.010714	0.00090514	9.9647e-06
781	0.98356	0.015529	0.00090012	1.4436e-05
782	0.98062	0.018469	0.00089686	1.7158e-05
783	0.97974	0.019348	0.00089549	1.7988e-05
784	0.96121	0.03788	0.0008778	3.5147e-05
785	0.94907	0.050013	0.00086601	4.6399e-05
786	0.94068	0.058404	0.00085773	5.4151e-05
787	0.93538	0.06371	0.00085235	5.9032e-05
788	0.93333	0.065763	0.00084994	6.0931e-05
789	0.93367	0.065417	0.00084976	6.0611e-05
790	0.90896	0.090129	0.00082643	8.3426e-05
791	0.89086	0.10823	0.00080929	0.00010007
792	0.878	0.12109	0.00079704	0.00011184
793	0.8694	0.1297	0.00078876	0.00011967
794	0.8644	0.13469	0.00078383	0.00012417
795	0.86269	0.13641	0.00078194	0.00012564
796	0.85159	0.14751	0.00077144	0.00013571
797	0.82055	0.17854	0.00074286	0.00016387
798	0.74313	0.25597	0.00067234	0.000234
799	0.55154	0.44756	0.00049887	0.00040709
800	0.41728	0.58182	0.00037708	0.00052848
801	0.32482	0.67428	0.00029304	0.00061213
802	0.25459	0.7445	0.0002294	0.00067537
803	0.20553	0.79356	0.00018486	0.00071952
804	0.16836	0.83073	0.00015121	0.00075279
805	0.14026	0.85883	0.00012584	0.00077778
806	0.12092	0.87818	0.00010834	0.0007949
807	0.10814	0.89096	9.673e-05	0.00080611
808	0.10013	0.89897	8.941e-05	0.00081303
809	0.095781	0.90332	8.5372e-05	0.00081666
810	0.093617	0.90548	8.3329e-05	0.0008183
811	0.081953	0.91715	7.2763e-05	0.00082848
812	0.074359	0.92474	6.5844e-05	0.000835
813	0.069179	0.92992	6.1124e-05	0.00083934
814	0.066006	0.93309	5.8224e-05	0.00084186
815	0.064559	0.93454	5.6884e-05	0.00084284
816	0.064729	0.93437	5.6999e-05	0.00084237
817	0.066561	0.93254	5.8608e-05	0.00084042
818	0.070844	0.92826	6.2378e-05	0.0008363
819	0.077334	0.92177	6.8124e-05	0.00083021
820	0.08772	0.91138	7.73e-05	0.00082069
821	0.10178	0.89733	8.9759e-05	0.00080789
822	0.12066	0.87844	0.00010655	0.00079078
823	0.14585	0.85325	0.000129	0.00076801
824	0.18212	0.81699	0.00016125	0.00073544
825	0.23014	0.76896	0.00020406	0.00069232
826	0.24968	0.74943	0.00022136	0.00067469
827	0.27862	0.72048	0.00024696	0.00064876
828	0.31741	0.68169	0.00028139	0.00061401
829	0.36885	0.63026	0.00032717	0.00056793
830	0.43714	0.56196	0.00038812	0.00050669
831	0.52764	0.47146	0.00046911	0.00042542
832	0.51582	0.48328	0.00045844	0.00043582
833	0.51036	0.48874	0.00045342	0.00044057
834	0.50912	0.48998	0.00045223	0.00044151
835	0.51317	0.48594	0.00045572	0.00043774
836	0.52161	0.47749	0.00046319	0.00043002
837	0.53675	0.46235	0.0004766	0.00041634
838	0.56052	0.43859	0.00049766	0.00039501
839	0.59658	0.40253	0.00052958	0.0003628
840	0.64483	0.35428	0.00057245	0.00031964
841	0.70893	0.29018	0.00062961	0.00026223
842	0.73379	0.26531	0.00065173	0.00023986
843	0.74105	0.25805	0.00065811	0.00023326
844	0.75468	0.24443	0.00067014	0.00022099
845	0.77656	0.22255	0.0006895	0.00020138
846	0.80648	0.19263	0.00071611	0.00017453
847	0.80201	0.1971	0.00071194	0.00017848
848	0.80205	0.19705	0.00071178	0.00017841
849	0.80567	0.19344	0.00071486	0.00017512
850	0.81315	0.18596	0.00072145	0.00016834
851	0.82507	0.17404	0.00073207	0.00015754
852	0.84237	0.15674	0.00074758	0.00014186
853	0.86895	0.13016	0.00077139	0.00011789
854	0.90473	0.09438	0.00080357	8.5549e-05
855	0.91862	0.080492	0.00081603	7.2948e-05
856	0.91233	0.086785	0.0008103	7.8525e-05
857	0.90988	0.089229	0.00080798	8.0678e-05
858	0.91016	0.088949	0.00080813	8.0376e-05
859	0.91403	0.085086	0.00081146	7.6883e-05
860	0.92099	0.078124	0.0008176	7.0592e-05
861	0.9316	0.067516	0.00082707	6.1002e-05
862	0.9483	0.050817	0.00084195	4.5973e-05
863	0.97102	0.02809	0.00086232	2.548e-05
864	0.97245	0.026662	0.00086347	2.4187e-05
865	0.97577	0.023342	0.00086635	2.1188e-05
866	0.98121	0.017901	0.00087117	1.6271e-05
867	0.98919	0.0099266	0.0008783	9.0573e-06
868	0.98846	0.01065	0.00087756	9.705e-06
869	0.98925	0.0098673	0.00087815	9.0086e-06
870	0.9917	0.0074172	0.0008802	6.8271e-06
871	0.98834	0.010778	0.00087702	9.9017e-06
872	0.97961	0.019504	0.00086897	1.7856e-05
873	0.97363	0.025486	0.00086346	2.3306e-05
874	0.9571	0.042018	0.00084841	3.8307e-05
875	0.94621	0.052907	0.00083842	4.8225e-05
876	0.93878	0.06033	0.00083162	5.4983e-05
877	0.93426	0.064851	0.00082747	5.9105e-05
878	0.9323	0.066814	0.00082566	6.091e-05
879	0.92316	0.075958	0.00081733	6.9222e-05
880	0.9	0.099117	0.00079623	9.028e-05
881	0.88313	0.11598	0.0007809	0.00010559
882	0.87128	0.12783	0.00077016	0.00011634
883	0.83932	0.1598	0.00074132	0.00014519
884	0.81574	0.18337	0.00072012	0.00016642
885	0.79887	0.20024	0.000705	0.0001816
886	0.78729	0.21182	0.00069469	0.00019199
887	0.78014	0.21897	0.00068837	0.0001984
888	0.77686	0.22225	0.00068556	0.00020131
889	0.77727	0.22184	0.00068608	0.00020092
890	0.78134	0.21777	0.00068992	0.00019722
891	0.78938	0.20973	0.00069736	0.00018994
892	0.80344	0.19567	0.00071017	0.00017728
893	0.82339	0.17572	0.00072835	0.00015926
894	0.82876	0.17035	0.00073343	0.00015436
895	0.82503	0.17408	0.00073032	0.00015764
896	0.82475	0.17436	0.00073034	0.00015781
897	0.8288	0.17031	0.00073419	0.00015412
898	0.83769	0.16142	0.00074236	0.00014611
899	0.85113	0.14798	0.00075466	0.00013399
900	0.87022	0.12889	0.00077214	0.00011671
901	0.89647	0.10265	0.00079617	9.289e-05
902	0.93481	0.064304	0.00083108	5.8171e-05
903	0.99106	0.0080524	0.0008821	7.338e-06
904	0.98936	0.0097468	0.00088079	8.8498e-06
905	0.98894	0.010167	0.00088064	9.2149e-06
906	0.99001	0.0090996	0.00088181	8.2514e-06
907	0.98894	0.01017	0.00088109	9.206e-06
908	0.98936	0.0097522	0.00088167	8.8329e-06
909	0.99105	0.0080606	0.00088342	7.3108e-06
910	0.99067	0.0084389	0.00088334	7.6468e-06
911	0.99146	0.0076452	0.00088433	6.9259e-06
912	0.99349	0.0056193	0.00088645	5.0912e-06
913	0.99058	0.0085291	0.00088417	7.6855e-06
914	0.98907	0.010039	0.00088316	9.022e-06
915	0.98907	0.010039	0.00088348	9.0156e-06
916	0.99058	0.0085312	0.00088513	7.6638e-06
917	0.99348	0.005623	0.00088807	5.0474e-06
918	0.99849	0.00061587	0.00089286	5.5477e-07
919	0.99826	0.0008505	0.00089298	7.6433e-07
920	0.99869	0.00041153	0.00089371	3.6863e-07
921	0.999	0.00010913	0.00089431	9.7307e-08
922	0.99594	0.0031688	0.00089189	2.8286e-06
923	0.99432	0.004785	0.00089074	4.2759e-06
924	0.99398	0.0051283	0.0008907	4.5885e-06
925	0.99188	0.0072254	0.00088907	6.4801e-06
926	0.99101	0.0080971	0.00088857	7.266e-06
927	0.99155	0.0075504	0.00088931	6.7853e-06
928	0.99041	0.0086924	0.00088852	7.8278e-06
929	0.99046	0.0086395	0.00088883	7.79e-06
930	0.99172	0.0073877	0.00089024	6.6679e-06
931	0.99122	0.0078812	0.00089006	7.1224e-06
932	0.99187	0.0072287	0.00089093	6.5396e-06
933	0.99373	0.0053676	0.00089292	4.8612e-06
934	0.99387	0.0052313	0.00089338	4.7348e-06
935	0.99505	0.0040523	0.00089481	3.6629e-06
936	0.99764	0.0014566	0.00089749	1.3165e-06
937	0.99539	0.0037153	0.00089577	3.3545e-06
938	0.99424	0.004865	0.00089508	4.3889e-06
939	0.99115	0.0079531	0.00089261	7.178e-06
940	0.98976	0.0093359	0.00089166	8.437e-06
