#coord	neutral	conserved	gBGC.neutral	gBGC.conserved
1	0.76442	0.23472	0.00065554	0.00020157
2	0.77032	0.22883	0.000659	0.00019602
3	0.78055	0.21859	0.00066617	0.00018676
4	0.79748	0.20167	0.00067898	0.00017186
5	0.82324	0.17591	0.0006992	0.00014955
6	0.86179	0.13736	0.00073009	0.00011655
7	0.91318	0.08598	0.00077173	7.2808e-05
8	0.93572	0.063433	0.0007888	5.3636e-05
9	0.96624	0.032924	0.00081252	2.7821e-05
10	0.9781	0.021066	0.00082048	1.7778e-05
11	0.9825	0.016664	0.00082216	1.4034e-05
12	0.98918	0.0099855	0.00082575	8.3893e-06
13	0.99187	0.0072954	0.00082596	6.1182e-06
14	0.99617	0.0030037	0.00082751	2.5172e-06
15	0.99793	0.0012376	0.00082696	1.0366e-06
16	0.99741	0.0017603	0.00082451	1.4665e-06
17	0.99767	0.0015065	0.00082271	1.2511e-06
18	0.9973	0.001876	0.00082042	1.5506e-06
19	0.99772	0.00146	0.00081878	1.2016e-06
20	0.99911	7.4018e-05	0.00081793	6.0664e-08
21	0.99916	2.7756e-05	0.00081597	2.2688e-08
22	0.99888	0.00030612	0.00081373	2.5025e-07
23	0.99848	0.00070956	0.0008114	5.7842e-07
24	0.99873	0.00045678	0.00080962	3.7161e-07
25	0.99884	0.00035352	0.00080773	2.8664e-07
26	0.99886	0.00033296	0.00080579	2.6855e-07
27	0.99787	0.0013274	0.00080302	1.0677e-06
28	0.99776	0.0014371	0.00080095	1.1542e-06
29	0.99841	0.00079097	0.00079951	6.3329e-07
30	0.9987	0.00050499	0.00079776	4.0369e-07
31	0.99778	0.0014194	0.00079504	1.1341e-06
32	0.99567	0.0035396	0.00079138	2.8194e-06
33	0.99452	0.0046845	0.00078852	3.7193e-06
34	0.9943	0.0049138	0.0007864	3.8877e-06
35	0.99511	0.004106	0.00078509	3.239e-06
36	0.99454	0.0046697	0.00078269	3.675e-06
37	0.995	0.0042167	0.00078107	3.3127e-06
38	0.99636	0.0028587	0.00078018	2.2409e-06
39	0.99651	0.0027053	0.00077833	2.1174e-06
40	0.99747	0.0017477	0.00077712	1.3655e-06
41	0.99759	0.001633	0.00077526	1.272e-06
42	0.99698	0.002245	0.00077283	1.745e-06
43	0.99713	0.0021008	0.000771	1.6285e-06
44	0.99648	0.0027531	0.00076854	2.1299e-06
45	0.9967	0.0025359	0.00076677	1.9571e-06
46	0.9978	0.001432	0.0007657	1.102e-06
47	0.99822	0.0010153	0.00076408	7.8018e-07
48	0.99827	0.0009643	0.00076219	7.3898e-07
49	0.99904	0.00019829	0.00076086	1.5162e-07
50	0.99905	0.00018716	0.00075897	1.4224e-07
51	0.99917	7.5521e-05	0.00075714	5.7303e-08
52	0.99909	0.00015248	0.00075518	1.1513e-07
53	0.99828	0.00096378	0.00075269	7.2395e-07
54	0.99674	0.0025131	0.00074963	1.8838e-06
55	0.99628	0.0029657	0.00074739	2.2179e-06
56	0.99687	0.0023848	0.00074591	1.7794e-06
57	0.99654	0.0027123	0.00074376	2.0178e-06
58	0.9952	0.004052	0.00074086	3.0082e-06
59	0.98299	0.016269	0.00072987	1.2069e-05
60	0.97513	0.024132	0.00072214	1.7868e-05
61	0.96989	0.029375	0.00071639	2.1692e-05
62	0.96685	0.032409	0.00071231	2.3861e-05
63	0.9662	0.033065	0.00070997	2.4277e-05
64	0.96108	0.038185	0.00070435	2.7968e-05
65	0.95887	0.040401	0.00070086	2.9523e-05
66	0.95868	0.040588	0.00069887	2.9582e-05
67	0.95358	0.045691	0.00069329	3.3223e-05
68	0.95087	0.048402	0.00068949	3.51e-05
69	0.95097	0.048307	0.00068771	3.4943e-05
70	0.94586	0.053418	0.0006822	3.8534e-05
71	0.94393	0.055348	0.00067897	3.9824e-05
72	0.94492	0.054364	0.00067783	3.9024e-05
73	0.94825	0.051034	0.00067838	3.654e-05
74	0.95487	0.044416	0.00068125	3.1731e-05
75	0.96467	0.034618	0.00068638	2.4675e-05
76	0.96762	0.031669	0.00068663	2.251e-05
77	0.97337	0.025922	0.00068883	1.8382e-05
78	0.98185	0.017441	0.00069296	1.2334e-05
79	0.98518	0.014116	0.00069341	9.96e-06
80	0.98538	0.013916	0.00069167	9.7898e-06
81	0.98701	0.012295	0.00069094	8.6205e-06
82	0.98008	0.019222	0.00068426	1.3413e-05
83	0.97599	0.023319	0.00067956	1.622e-05
84	0.97382	0.025487	0.00067622	1.7667e-05
85	0.97377	0.025539	0.00067435	1.7647e-05
86	0.9699	0.02941	0.00066983	2.0265e-05
87	0.96854	0.030776	0.00066703	2.115e-05
88	0.96901	0.030307	0.00066551	2.0763e-05
89	0.97178	0.027537	0.00066555	1.881e-05
90	0.97732	0.021997	0.00066746	1.4983e-05
91	0.98641	0.01291	0.00067173	8.7774e-06
92	0.9898	0.0095197	0.00067213	6.4554e-06
93	0.99074	0.0085839	0.00067085	5.8089e-06
94	0.98961	0.0097145	0.00066819	6.5574e-06
95	0.98973	0.0095978	0.00066638	6.4584e-06
96	0.9914	0.0079304	0.0006656	5.3218e-06
97	0.99104	0.0082921	0.00066347	5.5464e-06
98	0.99212	0.007217	0.00066229	4.8133e-06
99	0.99478	0.0045549	0.00066215	3.0318e-06
100	0.99296	0.0063812	0.00065903	4.2353e-06
101	0.99249	0.0068478	0.00065681	4.5342e-06
102	0.99333	0.0060141	0.00065544	3.9755e-06
103	0.99249	0.006857	0.00065297	4.5214e-06
104	0.99299	0.0063579	0.00065138	4.1854e-06
105	0.99462	0.004722	0.00065054	3.1044e-06
106	0.99471	0.0046399	0.0006487	3.043e-06
107	0.99326	0.0060948	0.00064586	3.9826e-06
108	0.99292	0.0064319	0.00064377	4.1882e-06
109	0.9939	0.0054494	0.00064253	3.5405e-06
110	0.99605	0.0033032	0.00064204	2.1423e-06
111	0.99668	0.0026796	0.00064058	1.7327e-06
112	0.99637	0.002992	0.0006385	1.9293e-06
113	0.99693	0.0024265	0.000637	1.5613e-06
114	0.99843	0.00093194	0.00063611	6.0027e-07
115	0.96885	0.030517	0.00061537	1.949e-05
116	0.94859	0.05078	0.00060065	3.2355e-05
117	0.93507	0.064301	0.00059026	4.0875e-05
118	0.92562	0.073747	0.00058254	4.6748e-05
119	0.92032	0.07905	0.00057744	4.9981e-05
120	0.91849	0.080886	0.00057453	5.102e-05
121	0.91927	0.080108	0.00057328	5.0407e-05
122	0.92272	0.076655	0.00057372	4.8121e-05
123	0.92912	0.070256	0.00057599	4.4006e-05
124	0.92853	0.070852	0.00057392	4.4252e-05
125	0.93043	0.068956	0.00057341	4.2944e-05
126	0.93497	0.064417	0.00057454	4.0004e-05
127	0.9331	0.066285	0.00057172	4.1021e-05
128	0.93423	0.065156	0.00057074	4.02e-05
129	0.93864	0.060746	0.00057174	3.7381e-05
130	0.93741	0.061982	0.00056926	3.8032e-05
131	0.93851	0.060883	0.00056823	3.7253e-05
132	0.94206	0.057332	0.00056869	3.4982e-05
133	0.93963	0.059768	0.00056554	3.6342e-05
134	0.94021	0.059187	0.0005642	3.5881e-05
135	0.94315	0.056251	0.00056429	3.4e-05
136	0.9487	0.050701	0.00056595	3.0554e-05
137	0.95814	0.041265	0.0005699	2.481e-05
138	0.97146	0.027946	0.00057616	1.677e-05
139	0.97011	0.029298	0.00057362	1.7522e-05
140	0.97054	0.028868	0.00057215	1.7209e-05
141	0.97279	0.026623	0.00057177	1.5821e-05
142	0.97702	0.022393	0.00057256	1.3265e-05
143	0.97723	0.022183	0.00057099	1.3087e-05
144	0.97911	0.020309	0.00057041	1.1932e-05
145	0.98322	0.016201	0.00057111	9.4817e-06
146	0.98411	0.01531	0.00056991	8.9261e-06
147	0.98654	0.012886	0.0005696	7.4818e-06
148	0.99109	0.008335	0.00057051	4.819e-06
149	0.99255	0.0068801	0.0005696	3.9627e-06
150	0.99236	0.007067	0.00056773	4.0557e-06
151	0.99355	0.0058827	0.00056663	3.3673e-06
152	0.99597	0.0034652	0.00056625	1.9783e-06
153	0.99688	0.0025504	0.00056499	1.4538e-06
154	0.99438	0.005054	0.0005618	2.8686e-06
155	0.99329	0.0061491	0.0005594	3.4815e-06
156	0.98975	0.0096933	0.00055564	5.4685e-06
157	0.98773	0.011714	0.00055276	6.5848e-06
158	0.98734	0.012101	0.00055079	6.7834e-06
159	0.98374	0.015705	0.00054704	8.7714e-06
160	0.98222	0.017225	0.00054445	9.5929e-06
161	0.98221	0.017233	0.00054271	9.5679e-06
162	0.97881	0.02064	0.00053911	1.1416e-05
163	0.96908	0.030367	0.00053206	1.6718e-05
164	0.9632	0.036257	0.00052714	1.9892e-05
165	0.96032	0.039131	0.00052387	2.1403e-05
166	0.9512	0.048255	0.00051718	2.6319e-05
167	0.94517	0.054293	0.00051222	2.9517e-05
168	0.94236	0.0571	0.00050902	3.0951e-05
169	0.94187	0.05759	0.00050709	3.1118e-05
170	0.94436	0.055101	0.00050675	2.9688e-05
171	0.92848	0.070983	0.00049652	3.8141e-05
172	0.91721	0.082261	0.00048884	4.4057e-05
173	0.91074	0.088733	0.00048374	4.7379e-05
174	0.90817	0.091303	0.00048072	4.8611e-05
175	0.90831	0.091161	0.00047917	4.839e-05
176	0.90116	0.098317	0.00047374	5.2034e-05
177	0.8972	0.10228	0.00047003	5.3961e-05
178	0.89613	0.10335	0.00046788	5.435e-05
179	0.89788	0.1016	0.00046721	5.3259e-05
180	0.90261	0.096871	0.00046811	5.0611e-05
181	0.91184	0.087644	0.0004713	4.5657e-05
182	0.92685	0.072636	0.00047743	3.7762e-05
183	0.94751	0.051979	0.00048644	2.6996e-05
184	0.95583	0.043655	0.00048903	2.2643e-05
185	0.95745	0.042037	0.00048816	2.1747e-05
186	0.95389	0.045606	0.00048465	2.3509e-05
187	0.94299	0.056504	0.00047739	2.9015e-05
188	0.93563	0.063862	0.00047199	3.267e-05
189	0.93188	0.067615	0.00046842	3.4479e-05
190	0.93068	0.068815	0.00046618	3.498e-05
191	0.93253	0.066974	0.00046545	3.3955e-05
192	0.93698	0.062523	0.00046603	3.1624e-05
193	0.88927	0.11024	0.00044048	5.544e-05
194	0.85638	0.14312	0.00042247	7.1706e-05
195	0.83414	0.16537	0.00040985	8.2572e-05
196	0.78212	0.21739	0.00038244	0.00010821
197	0.74332	0.25619	0.00036183	0.00012707
198	0.7147	0.28481	0.0003464	0.00014076
199	0.69401	0.30551	0.00033499	0.00015043
200	0.6811	0.31841	0.00032743	0.00015624
201	0.67308	0.32644	0.00032231	0.00015962
202	0.64544	0.35408	0.00030774	0.00017246
203	0.62547	0.37406	0.00029699	0.00018149
204	0.61172	0.38781	0.00028931	0.00018745
205	0.60305	0.39648	0.00028412	0.00019093
206	0.59887	0.40066	0.00028111	0.00019224
207	0.60019	0.39934	0.0002807	0.00019095
208	0.58716	0.41237	0.00027353	0.00019641
209	0.57911	0.42042	0.00026876	0.00019948
210	0.54905	0.45048	0.00025376	0.0002128
211	0.52727	0.47226	0.00024273	0.00022215
212	0.51206	0.48748	0.00023484	0.00022837
213	0.50223	0.49731	0.00022949	0.00023205
214	0.47018	0.52936	0.00021402	0.00024586
215	0.39494	0.6046	0.00017892	0.00027929
216	0.33824	0.6613	0.00015254	0.000304
217	0.29562	0.70392	0.00013275	0.00032213
218	0.26684	0.73271	0.0001193	0.00033392
219	0.24553	0.75402	0.00010932	0.00034224
220	0.23008	0.76947	0.00010205	0.00034786
221	0.18524	0.81431	8.1792e-05	0.00036647
222	0.15459	0.84496	6.7932e-05	0.00037868
223	0.13161	0.86795	5.757e-05	0.00038739
224	0.11625	0.88331	5.0613e-05	0.00039269
225	0.10506	0.8945	4.5542e-05	0.00039611
226	0.097177	0.90238	4.1952e-05	0.00039805
227	0.092729	0.90683	3.9869e-05	0.00039848
228	0.091296	0.90827	3.9098e-05	0.0003976
229	0.092678	0.90689	3.9536e-05	0.0003955
230	0.096142	0.90342	4.0869e-05	0.0003925
231	0.102	0.89757	4.3221e-05	0.0003885
232	0.11169	0.88788	4.718e-05	0.00038288
233	0.12509	0.87448	5.2689e-05	0.00037571
234	0.14329	0.85628	6.0202e-05	0.00036655
235	0.14712	0.85245	6.1591e-05	0.00036351
236	0.1551	0.84447	6.4705e-05	0.00035875
237	0.16674	0.83284	6.9336e-05	0.00035247
238	0.14925	0.85033	6.1773e-05	0.00035839
239	0.13648	0.8631	5.6236e-05	0.00036228
240	0.12851	0.87108	5.2716e-05	0.00036416
241	0.1245	0.87508	5.0848e-05	0.00036438
242	0.12294	0.87664	5.0005e-05	0.00036357
243	0.12376	0.87583	5.0144e-05	0.00036179
244	0.12701	0.87258	5.1281e-05	0.00035901
245	0.13387	0.86573	5.3859e-05	0.00035479
246	0.14399	0.8556	5.7748e-05	0.00034926
247	0.15963	0.83997	6.3816e-05	0.00034155
248	0.18078	0.81882	7.2059e-05	0.00033166
249	0.20917	0.79043	8.3155e-05	0.00031893
250	0.2502	0.7494	9.9175e-05	0.00030127
251	0.30439	0.69521	0.00012033	0.00027848
252	0.37618	0.62342	0.00014833	0.00024884
253	0.40664	0.59296	0.00015973	0.0002358
254	0.44749	0.55212	0.00017515	0.00021875
255	0.50181	0.4978	0.00019576	0.00019651
256	0.5214	0.47821	0.00020259	0.00018804
257	0.54853	0.45108	0.00021231	0.00017669
258	0.58526	0.41435	0.00022569	0.00016168
259	0.6346	0.36501	0.00024387	0.00014189
260	0.70041	0.2992	0.00026829	0.00011585
261	0.79647	0.20315	0.00030408	7.8441e-05
262	0.83506	0.16456	0.0003176	6.3312e-05
263	0.85002	0.1496	0.00032198	5.732e-05
264	0.87332	0.12631	0.00032947	4.8219e-05
265	0.90485	0.094776	0.00034002	3.6057e-05
266	0.91804	0.081589	0.00034353	3.0931e-05
267	0.9365	0.063128	0.000349	2.3856e-05
268	0.94264	0.056991	0.0003498	2.1449e-05
269	0.9424	0.057228	0.00034822	2.1434e-05
270	0.94448	0.05515	0.00034751	2.0556e-05
271	0.949	0.05063	0.00034771	1.8779e-05
272	0.95635	0.043282	0.00034895	1.597e-05
273	0.96828	0.031353	0.00035183	1.1506e-05
274	0.9724	0.027233	0.0003518	9.9435e-06
275	0.97955	0.02009	0.00035285	7.3002e-06
276	0.99063	0.0090119	0.00035528	3.2641e-06
277	0.99511	0.0045325	0.00035531	1.635e-06
278	0.99442	0.0052283	0.00035346	1.8749e-06
279	0.99475	0.0048961	0.00035198	1.7466e-06
280	0.99377	0.0058746	0.00035004	2.0847e-06
281	0.99386	0.0057907	0.00034847	2.0449e-06
282	0.99223	0.0074242	0.00034632	2.6057e-06
283	0.99178	0.0078766	0.00034459	2.7488e-06
284	0.98933	0.010321	0.00034216	3.582e-06
285	0.98828	0.011376	0.00034022	3.9269e-06
286	0.98414	0.015514	0.00033723	5.3272e-06
287	0.98212	0.017539	0.00033495	5.9953e-06
288	0.98195	0.017709	0.0003333	6.0284e-06
289	0.98361	0.016047	0.00033227	5.4432e-06
290	0.98694	0.012721	0.00033179	4.3011e-06
291	0.99217	0.0074955	0.00033195	2.531e-06
292	0.98511	0.014561	0.000328	4.8877e-06
293	0.98082	0.01885	0.00032497	6.299e-06
294	0.97838	0.021288	0.00032259	7.0803e-06
295	0.97051	0.029166	0.00031843	9.6466e-06
296	0.96528	0.034394	0.00031517	1.1314e-05
297	0.96234	0.037339	0.00031269	1.2218e-05
298	0.96197	0.037705	0.00031104	1.2278e-05
299	0.96359	0.03609	0.00031004	1.1695e-05
300	0.96728	0.032397	0.00030971	1.0447e-05
301	0.95705	0.042633	0.00030493	1.3654e-05
302	0.9508	0.048885	0.00030144	1.557e-05
303	0.94714	0.05254	0.00029879	1.6642e-05
304	0.94646	0.053221	0.00029708	1.677e-05
305	0.948	0.051691	0.00029608	1.6202e-05
306	0.95261	0.047083	0.00029602	1.4682e-05
307	0.95147	0.048222	0.00029415	1.4961e-05
308	0.95249	0.047203	0.00029296	1.4568e-05
309	0.95629	0.043404	0.0002926	1.3329e-05
310	0.96268	0.037019	0.00029304	1.1309e-05
311	0.9721	0.027597	0.00029438	8.3823e-06
312	0.98669	0.013008	0.00029725	3.9295e-06
313	0.98741	0.012289	0.00029589	3.6927e-06
314	0.98984	0.0098601	0.00029503	2.9497e-06
315	0.99389	0.0058151	0.00029465	1.7327e-06
316	0.99524	0.0044672	0.00029346	1.3245e-06
317	0.9952	0.0045083	0.00029186	1.3303e-06
318	0.99365	0.0060619	0.00028982	1.7778e-06
319	0.98966	0.010053	0.00028706	2.932e-06
320	0.98728	0.012432	0.00028479	3.6053e-06
321	0.98667	0.013047	0.00028303	3.765e-06
322	0.9874	0.012318	0.00028166	3.5368e-06
323	0.98575	0.013969	0.0002796	3.9903e-06
324	0.98552	0.014196	0.00027796	4.0338e-06
325	0.98698	0.012735	0.00027678	3.6037e-06
326	0.99032	0.009401	0.00027611	2.6568e-06
327	0.99606	0.0036666	0.00027608	1.0576e-06
328	0.99319	0.0065382	0.00027354	1.8399e-06
329	0.99163	0.0080918	0.00027137	2.249e-06
330	0.99129	0.0084333	0.00026955	2.3208e-06
331	0.99235	0.0073755	0.0002681	2.0127e-06
332	0.99495	0.0047836	0.00026705	1.2951e-06
333	0.99948	0.00024852	0.00026651	6.681e-08
334	0.99877	0.00096452	0.00026455	2.5542e-07
335	0.99884	0.00089864	0.00026279	2.3618e-07
336	0.99971	2.4231e-05	0.00026124	6.3195e-09
337	0.99956	0.00017649	0.0002594	4.5904e-08
338	0.99556	0.0041807	0.00025657	1.0783e-06
339	0.99334	0.0064073	0.00025421	1.6424e-06
340	0.99234	0.0074093	0.00025217	1.8857e-06
341	0.99272	0.0070293	0.00025048	1.7774e-06
342	0.99427	0.0054814	0.00024908	1.3766e-06
343	0.99094	0.0088152	0.00024646	2.1987e-06
344	0.98907	0.010685	0.00024421	2.6451e-06
345	0.98877	0.010981	0.00024236	2.6997e-06
346	0.9857	0.014052	0.00023981	3.4317e-06
347	0.98422	0.015544	0.00023767	3.7684e-06
348	0.98419	0.015572	0.00023589	3.7472e-06
349	0.98562	0.014141	0.00023446	3.3764e-06
350	0.98906	0.010708	0.0002335	2.539e-06
351	0.99439	0.0053723	0.00023298	1.2649e-06
352	0.98908	0.010686	0.00022995	2.4945e-06
353	0.98567	0.014102	0.00022738	3.2641e-06
354	0.98425	0.015521	0.00022527	3.5651e-06
355	0.98429	0.015481	0.00022351	3.528e-06
356	0.98578	0.013998	0.00022208	3.1637e-06
357	0.98882	0.010957	0.000221	2.4546e-06
358	0.99411	0.0056656	0.00022041	1.2574e-06
359	0.99607	0.0037052	0.00021905	8.1504e-07
360	0.99651	0.0032752	0.00021733	7.1449e-07
361	0.99591	0.0038734	0.00021539	8.3851e-07
362	0.99625	0.0035338	0.00021366	7.5849e-07
363	0.99538	0.0044033	0.00021167	9.3619e-07
364	0.99569	0.0041028	0.00020993	8.6471e-07
365	0.99018	0.0096076	0.00020698	2.0051e-06
366	0.98695	0.012842	0.00020451	2.657e-06
367	0.98564	0.014156	0.00020243	2.9041e-06
368	0.98574	0.01406	0.00020066	2.858e-06
369	0.98761	0.012192	0.00019923	2.4563e-06
370	0.99151	0.0082932	0.00019819	1.657e-06
371	0.99259	0.0072162	0.00019659	1.4289e-06
372	0.99189	0.007914	0.00019462	1.5536e-06
373	0.99234	0.0074634	0.00019289	1.4515e-06
374	0.99422	0.0055899	0.00019142	1.0779e-06
375	0.99744	0.0023663	0.00019021	4.5265e-07
376	0.99879	0.0010208	0.00018864	1.9362e-07
377	0.99938	0.00043228	0.00018693	8.1241e-08
378	0.99972	9.6507e-05	0.00018518	1.796e-08
379	0.99976	6.0628e-05	0.00018337	1.1141e-08
380	0.99891	0.00091223	0.0001814	1.6607e-07
381	0.99878	0.0010445	0.00017956	1.882e-07
382	0.99824	0.0015853	0.00017765	2.8299e-07
383	0.99688	0.0029454	0.00017558	5.2117e-07
384	0.99345	0.0063807	0.00017316	1.117e-06
385	0.99168	0.0081473	0.00017103	1.4124e-06
386	0.99115	0.0086794	0.00016913	1.4894e-06
387	0.99181	0.0080184	0.00016744	1.3618e-06
388	0.99372	0.0061126	0.00016596	1.0276e-06
389	0.99701	0.0028297	0.00016471	4.7108e-07
390	0.9983	0.0015347	0.00016312	2.5273e-07
391	0.99374	0.0061034	0.00016058	9.9076e-07
392	0.99081	0.0090253	0.00015831	1.4474e-06
393	0.98956	0.010283	0.00015632	1.6309e-06
394	0.98958	0.010266	0.00015453	1.6095e-06
395	0.99112	0.0087253	0.00015297	1.3535e-06
396	0.99406	0.0057881	0.00015163	8.8889e-07
397	0.99504	0.00481	0.00014998	7.3049e-07
398	0.99455	0.0052976	0.00014812	7.9441e-07
399	0.99509	0.0047648	0.00014642	7.0563e-07
400	0.99418	0.0056794	0.0001445	8.2943e-07
401	0.99432	0.0055345	0.00014276	7.9713e-07
402	0.99577	0.0040898	0.00014118	5.8124e-07
403	0.99872	0.0011434	0.0001398	1.6057e-07
404	0.99871	0.0011511	0.00013801	1.5935e-07
405	0.99827	0.0015946	0.00013615	2.1781e-07
406	0.99712	0.0027492	0.00013419	3.7086e-07
407	0.99687	0.0029968	0.00013236	3.9882e-07
408	0.9975	0.0023643	0.00013065	3.1018e-07
409	0.99738	0.0024946	0.00012883	3.228e-07
410	0.9962	0.0036696	0.00012688	4.6776e-07
411	0.996	0.0038779	0.00012506	4.867e-07
412	0.99454	0.0053333	0.00012309	6.5938e-07
413	0.99438	0.0055007	0.00012126	6.7018e-07
414	0.99548	0.0044034	0.00011958	5.2888e-07
415	0.99771	0.0021718	0.00011804	2.5691e-07
416	0.99856	0.0013265	0.00011633	1.5421e-07
417	0.99883	0.0010599	0.00011454	1.2111e-07
418	0.99099	0.0088923	0.00011185	9.982e-07
419	0.98604	0.013848	0.00010949	1.5297e-06
420	0.98298	0.016914	0.00010737	1.8365e-06
421	0.97406	0.025835	0.00010464	2.755e-06
422	0.96796	0.031933	0.00010224	3.3438e-06
423	0.96423	0.03567	0.00010012	3.6662e-06
424	0.96303	0.036869	9.8254e-05	3.7185e-06
425	0.96422	0.03568	9.6625e-05	3.5291e-06
426	0.96806	0.031845	9.5242e-05	3.0851e-06
427	0.97431	0.025596	9.4084e-05	2.4212e-06
428	0.98426	0.015646	9.3244e-05	1.431e-06
429	0.99806	0.0018424	9.2733e-05	1.172e-07
430	0.99626	0.0036453	9.312e-05	2.9275e-07
431	0.9918	0.0081062	9.3258e-05	7.1694e-07
432	0.98901	0.010895	9.3551e-05	9.8788e-07
433	0.98766	0.012245	9.3976e-05	1.1254e-06
434	0.98791	0.011997	9.4544e-05	1.1133e-06
435	0.98979	0.010117	9.526e-05	9.4662e-07
436	0.98433	0.015578	9.5276e-05	1.4802e-06
437	0.98127	0.018635	9.5511e-05	1.7872e-06
438	0.98029	0.019609	9.5938e-05	1.8948e-06
439	0.98088	0.01902	9.6519e-05	1.8496e-06
440	0.98343	0.016474	9.7284e-05	1.6117e-06
441	0.98826	0.011645	9.8271e-05	1.1464e-06
442	0.98589	0.014015	9.8539e-05	1.3913e-06
443	0.985	0.014895	9.8956e-05	1.4882e-06
444	0.98553	0.014368	9.9515e-05	1.4437e-06
445	0.9879	0.012003	0.00010025	1.213e-06
446	0.99195	0.0079527	0.00010116	8.0776e-07
447	0.99862	0.0012779	0.00010234	1.3117e-07
448	0.99564	0.004261	0.00010253	4.4067e-07
449	0.99413	0.005768	0.00010286	6.0029e-07
450	0.99372	0.006177	0.00010331	6.4652e-07
451	0.99128	0.0086199	0.00010354	9.0624e-07
452	0.99015	0.009742	0.00010392	1.0288e-06
453	0.99028	0.0096157	0.00010442	1.0201e-06
454	0.99165	0.0082448	0.00010505	8.7849e-07
455	0.99437	0.0055252	0.00010584	5.9096e-07
456	0.99911	0.0007813	0.00010683	8.4161e-08
457	0.98879	0.011098	0.00010621	1.1943e-06
458	0.98145	0.018445	0.0001059	1.9923e-06
459	0.97654	0.023352	0.00010585	2.5317e-06
460	0.96441	0.035482	0.000105	3.8625e-06
461	0.95667	0.043221	0.00010461	4.7263e-06
462	0.95246	0.047429	0.00010459	5.2104e-06
463	0.79985	0.20004	8.8197e-05	2.207e-05
464	0.69311	0.30678	7.6722e-05	3.4006e-05
465	0.61261	0.38728	6.8089e-05	4.3099e-05
466	0.5576	0.44229	6.2215e-05	4.9427e-05
467	0.5165	0.48339	5.7861e-05	5.4234e-05
468	0.48911	0.51077	5.5004e-05	5.7537e-05
469	0.47161	0.52828	5.3233e-05	5.9748e-05
470	0.45976	0.54013	5.2093e-05	6.1327e-05
471	0.45395	0.54594	5.1626e-05	6.2227e-05
472	0.45346	0.54643	5.1755e-05	6.2524e-05
473	0.43756	0.56232	5.0119e-05	6.4586e-05
474	0.42708	0.5728	4.9098e-05	6.6034e-05
475	0.42238	0.5775	4.8729e-05	6.6821e-05
476	0.34154	0.65834	3.9496e-05	7.6467e-05
477	0.2805	0.71938	3.252e-05	8.3854e-05
478	0.238	0.76188	2.7654e-05	8.9126e-05
479	0.20596	0.79393	2.3989e-05	9.3196e-05
480	0.18194	0.81795	2.1247e-05	9.6341e-05
481	0.16421	0.83567	1.9232e-05	9.8758e-05
482	0.15138	0.8485	1.7786e-05	0.00010061
483	0.14246	0.85742	1.6793e-05	0.000102
484	0.13669	0.86319	1.617e-05	0.00010302
485	0.13464	0.86524	1.5982e-05	0.0001036
486	0.11985	0.88003	1.4274e-05	0.0001057
487	0.1102	0.88968	1.3165e-05	0.00010719
488	0.10464	0.89524	1.2538e-05	0.0001082
489	0.10152	0.89836	1.2204e-05	0.00010891
490	0.088243	0.91164	1.0634e-05	0.00011085
491	0.078481	0.9214	9.4838e-06	0.00011238
492	0.071544	0.92833	8.6719e-06	0.00011356
493	0.06755	0.93233	8.2115e-06	0.00011438
494	0.066115	0.93376	8.0594e-06	0.00011489
495	0.067041	0.93284	8.1941e-06	0.00011511
496	0.060263	0.93961	7.3817e-06	0.00011627
497	0.056371	0.94351	6.919e-06	0.00011708
498	0.054135	0.94574	6.6601e-06	0.00011768
499	0.053927	0.94595	6.6495e-06	0.00011803
500	0.05572	0.94415	6.8856e-06	0.00011813
501	0.059145	0.94073	7.3271e-06	0.00011802
502	0.065166	0.93471	8.092e-06	0.00011758
503	0.073608	0.92627	9.1647e-06	0.00011683
504	0.086282	0.91359	1.0769e-05	0.00011554
505	0.10329	0.89658	1.2928e-05	0.0001137
506	0.12597	0.8739	1.5816e-05	0.00011113
507	0.1327	0.86717	1.6704e-05	0.00011056
508	0.12979	0.87008	1.6376e-05	0.0001112
509	0.13013	0.86974	1.6456e-05	0.00011142
510	0.1329	0.86698	1.6847e-05	0.00011134
511	0.13831	0.86157	1.7581e-05	0.00011091
512	0.14683	0.85304	1.8719e-05	0.00011008
513	0.1607	0.83917	2.0547e-05	0.00010854
514	0.17963	0.82024	2.3039e-05	0.00010635
515	0.20505	0.79482	2.6388e-05	0.0001033
516	0.24257	0.7573	3.1314e-05	9.8659e-05
517	0.23905	0.76082	3.0929e-05	9.9332e-05
518	0.23981	0.76006	3.1096e-05	9.9447e-05
519	0.24518	0.75469	3.1861e-05	9.8959e-05
520	0.21206	0.78781	2.7597e-05	0.0001035
521	0.18936	0.81051	2.4674e-05	0.00010669
522	0.17262	0.82725	2.2526e-05	0.00010911
523	0.16055	0.83932	2.0987e-05	0.00011091
524	0.15224	0.84763	1.994e-05	0.00011222
525	0.14712	0.85275	1.9311e-05	0.00011312
526	0.12943	0.87044	1.7016e-05	0.00011567
527	0.11792	0.88195	1.5525e-05	0.00011742
528	0.10986	0.89001	1.4488e-05	0.00011871
529	0.085037	0.91483	1.1228e-05	0.00012222
530	0.066192	0.93367	8.7534e-06	0.00012494
531	0.053135	0.94673	7.0341e-06	0.0001269
532	0.043338	0.95653	5.745e-06	0.00012843
533	0.036725	0.96314	4.8732e-06	0.00012954
534	0.031882	0.96798	4.2362e-06	0.00013041
535	0.029025	0.97084	3.8609e-06	0.00013102
536	0.027254	0.97261	3.6307e-06	0.00013148
537	0.026434	0.97343	3.5281e-06	0.0001318
538	0.026502	0.97336	3.5456e-06	0.00013201
539	0.027465	0.9724	3.6844e-06	0.0001321
540	0.029419	0.97044	3.9588e-06	0.00013204
541	0.026019	0.97385	3.5098e-06	0.00013271
542	0.024201	0.97566	3.272e-06	0.00013317
543	0.023637	0.97623	3.2022e-06	0.00013345
544	0.018264	0.9816	2.476e-06	0.00013438
545	0.014177	0.98569	1.9238e-06	0.00013513
546	0.011055	0.98881	1.5025e-06	0.00013575
547	0.0086553	0.99121	1.1787e-06	0.00013628
548	0.0070791	0.99278	9.6556e-07	0.00013668
549	0.0061069	0.99376	8.3364e-07	0.000137
550	0.0053852	0.99448	7.3602e-07	0.00013729
551	0.0048574	0.995	6.6501e-07	0.00013754
552	0.0046737	0.99519	6.4042e-07	0.00013775
553	0.0046103	0.99525	6.3252e-07	0.00013793
554	0.0046712	0.99519	6.4195e-07	0.0001381
555	0.0048613	0.995	6.6944e-07	0.00013825
556	0.0051955	0.99467	7.172e-07	0.00013838
557	0.0056998	0.99416	7.8902e-07	0.00013848
558	0.0064139	0.99345	8.9063e-07	0.00013855
559	0.0073821	0.99248	1.0285e-06	0.00013858
560	0.0089725	0.99089	1.2531e-06	0.00013852
561	0.011344	0.98852	1.5869e-06	0.00013834
562	0.014798	0.98506	2.0723e-06	0.00013801
563	0.019282	0.98058	2.7046e-06	0.00013753
564	0.025879	0.97398	3.6333e-06	0.00013674
565	0.020499	0.97936	2.8826e-06	0.00013764
566	0.01687	0.98299	2.3751e-06	0.00013829
567	0.01419	0.98567	2.0013e-06	0.0001388
568	0.012541	0.98732	1.7713e-06	0.00013916
569	0.01177	0.98809	1.6639e-06	0.00013939
570	0.011768	0.98809	1.6645e-06	0.00013951
571	0.012536	0.98732	1.7732e-06	0.00013952
572	0.0096967	0.99016	1.3724e-06	0.00014003
573	0.0077565	0.9921	1.0977e-06	0.00014042
574	0.0062501	0.99361	8.8494e-07	0.00014074
575	0.0052499	0.99461	7.4308e-07	0.00014098
576	0.0044512	0.99541	6.3016e-07	0.00014119
577	0.0039881	0.99587	5.642e-07	0.00014135
578	0.0036225	0.99624	5.1238e-07	0.0001415
579	0.0033257	0.99653	4.7059e-07	0.00014163
580	0.0032329	0.99662	4.5717e-07	0.00014173
581	0.0031734	0.99668	4.4872e-07	0.00014182
582	0.0031352	0.99672	4.4349e-07	0.00014191
583	0.0031228	0.99673	4.4212e-07	0.00014199
584	0.0032913	0.99657	4.6588e-07	0.00014205
585	0.003492	0.99637	4.9443e-07	0.00014209
586	0.0037403	0.99612	5.2997e-07	0.00014213
587	0.0040549	0.9958	5.7521e-07	0.00014216
588	0.0046558	0.9952	6.6061e-07	0.00014214
589	0.0054143	0.99444	7.6883e-07	0.00014209
590	0.006379	0.99348	9.0691e-07	0.00014202
591	0.0076231	0.99223	1.0855e-06	0.0001419
592	0.009241	0.99062	1.3183e-06	0.00014173
593	0.011659	0.9882	1.665e-06	0.00014144
594	0.015268	0.98459	2.1812e-06	0.00014097
595	0.019955	0.9799	2.8531e-06	0.00014034
596	0.026073	0.97378	3.7325e-06	0.00013951
597	0.03413	0.96573	4.8931e-06	0.00013839
598	0.045713	0.95414	6.5587e-06	0.00013677
599	0.049102	0.95075	7.0467e-06	0.00013631
600	0.046783	0.95307	6.7144e-06	0.00013667
601	0.046445	0.95341	6.6645e-06	0.00013675
602	0.039701	0.96016	5.6924e-06	0.00013773
603	0.034791	0.96507	4.9858e-06	0.00013846
604	0.031942	0.96791	4.5739e-06	0.00013888
605	0.030758	0.9691	4.3994e-06	0.00013906
606	0.030596	0.96926	4.3729e-06	0.00013908
607	0.031845	0.96801	4.5468e-06	0.00013891
608	0.034187	0.96567	4.8781e-06	0.00013857
609	0.03783	0.96203	5.3964e-06	0.00013805
610	0.043059	0.9568	6.1428e-06	0.00013729
611	0.042552	0.9573	6.0671e-06	0.00013736
612	0.043281	0.95658	6.1694e-06	0.00013724
613	0.045825	0.95403	6.5292e-06	0.00013686
614	0.049887	0.94997	7.1073e-06	0.00013626
615	0.055777	0.94408	7.9481e-06	0.0001354
616	0.043645	0.95621	6.2155e-06	0.00013711
617	0.034495	0.96536	4.9116e-06	0.00013839
618	0.028381	0.97148	4.0385e-06	0.00013923
619	0.023859	0.976	3.3943e-06	0.00013984
620	0.020982	0.97887	2.9835e-06	0.00014021
621	0.019386	0.98047	2.7542e-06	0.0001404
622	0.018534	0.98132	2.632e-06	0.00014048
623	0.018379	0.98148	2.61e-06	0.00014045
624	0.019222	0.98064	2.729e-06	0.00014028
625	0.021168	0.97869	3.0037e-06	0.00013995
626	0.024031	0.97583	3.4096e-06	0.00013949
627	0.028028	0.97183	3.9779e-06	0.00013886
628	0.034218	0.96564	4.8556e-06	0.00013791
629	0.042494	0.95736	6.0311e-06	0.00013667
630	0.054506	0.94535	7.7338e-06	0.0001349
631	0.071785	0.92807	1.0178e-05	0.00013237
632	0.076878	0.92298	1.0894e-05	0.00013158
633	0.084398	0.91546	1.1956e-05	0.00013044
634	0.083447	0.91641	1.1816e-05	0.00013049
635	0.085043	0.91481	1.2036e-05	0.00013019
636	0.089389	0.91047	1.2642e-05	0.00012949
637	0.09723	0.90263	1.3739e-05	0.00012829
638	0.10822	0.89163	1.5283e-05	0.00012665
639	0.12328	0.87658	1.7403e-05	0.00012443
640	0.14579	0.85407	2.0567e-05	0.00012115
641	0.17563	0.82422	2.477e-05	0.00011684
642	0.21527	0.78458	3.036e-05	0.00011114
643	0.22843	0.77143	3.2201e-05	0.00010919
644	0.24867	0.75119	3.5035e-05	0.00010624
645	0.27912	0.72074	3.9298e-05	0.00010186
646	0.32404	0.67582	4.5578e-05	9.5447e-05
647	0.38345	0.61641	5.3898e-05	8.6997e-05
648	0.47004	0.52982	6.6002e-05	7.4758e-05
649	0.47619	0.52367	6.68e-05	7.3824e-05
650	0.48848	0.51138	6.8453e-05	7.2029e-05
651	0.50654	0.49332	7.0915e-05	6.9424e-05
652	0.53186	0.468	7.4397e-05	6.5799e-05
653	0.5694	0.43046	7.9572e-05	6.0474e-05
654	0.61955	0.38031	8.6514e-05	5.3382e-05
655	0.63804	0.36182	8.9015e-05	5.0732e-05
656	0.66626	0.3336	9.2861e-05	4.6728e-05
657	0.7044	0.29546	9.8095e-05	4.1338e-05
658	0.76074	0.23912	0.00010584	3.3428e-05
659	0.83575	0.16411	0.00011619	2.2916e-05
660	0.93486	0.065003	0.0001299	9.045e-06
661	0.93553	0.064333	0.00012984	8.9375e-06
662	0.93927	0.060589	0.00013019	8.4048e-06
663	0.94657	0.053294	0.00013103	7.3829e-06
664	0.9573	0.042561	0.00013234	5.8851e-06
665	0.97391	0.025948	0.00013445	3.5814e-06
666	0.98093	0.01893	0.00013523	2.6092e-06
667	0.99093	0.0089327	0.00013641	1.2274e-06
668	0.99117	0.0086895	0.00013624	1.1918e-06
669	0.9892	0.010658	0.00013577	1.4587e-06
670	0.98882	0.011044	0.00013551	1.5086e-06
671	0.98997	0.0098946	0.00013545	1.3491e-06
672	0.99286	0.0069989	0.00013562	9.5255e-07
673	0.99363	0.0062358	0.00013549	8.478e-07
674	0.9929	0.0069595	0.00013515	9.4584e-07
675	0.9933	0.0065665	0.00013497	8.9127e-07
676	0.9951	0.0047661	0.00013496	6.4665e-07
677	0.99527	0.0045993	0.00013474	6.233e-07
678	0.99394	0.0059263	0.00013431	8.0155e-07
679	0.99392	0.0059409	0.00013406	8.0248e-07
680	0.99498	0.0048855	0.00013395	6.5875e-07
681	0.99747	0.002391	0.00013403	3.2267e-07
682	0.99664	0.00323	0.00013365	4.3513e-07
683	0.99671	0.0031561	0.0001334	4.244e-07
684	0.9977	0.0021634	0.00013328	2.9041e-07
685	0.99565	0.0042161	0.00013275	5.6341e-07
686	0.99093	0.0089375	0.00013186	1.1914e-06
687	0.98833	0.011535	0.00013124	1.5354e-06
688	0.98717	0.012702	0.00013082	1.6871e-06
689	0.98289	0.016976	0.00012997	2.2509e-06
690	0.98045	0.019419	0.00012938	2.569e-06
691	0.97965	0.020222	0.000129	2.6685e-06
692	0.98082	0.019053	0.00012887	2.509e-06
693	0.98364	0.016231	0.00012897	2.1323e-06
694	0.98881	0.011056	0.00012936	1.4498e-06
695	0.99633	0.0035347	0.00013005	4.6195e-07
696	0.99981	5.5213e-05	0.00013021	7.1851e-09
697	0.99983	4.14e-05	0.0001299	5.3863e-09
698	0.99916	0.00071515	0.0001295	9.3042e-08
699	0.99791	0.0019619	0.00012902	2.551e-07
700	0.99497	0.0048979	0.00012831	6.3501e-07
701	0.98837	0.011503	0.00012713	1.4887e-06
702	0.98445	0.015423	0.00012629	1.9928e-06
703	0.98225	0.017622	0.00012568	2.2719e-06
704	0.98161	0.018267	0.00012526	2.3495e-06
705	0.98247	0.017405	0.00012504	2.2336e-06
706	0.98492	0.014952	0.00012503	1.9148e-06
707	0.98913	0.01074	0.00012524	1.3729e-06
708	0.99542	0.0044493	0.00012571	5.6869e-07
709	0.95661	0.043265	0.00012047	5.4706e-06
710	0.92987	0.070007	0.00011677	8.83e-06
711	0.91023	0.089645	0.00011399	1.1273e-05
712	0.89738	0.10249	0.00011206	1.2855e-05
713	0.88876	0.11112	0.00011067	1.3897e-05
714	0.88447	0.1154	0.00010982	1.4394e-05
715	0.88414	0.11573	0.00010946	1.4398e-05
716	0.88676	0.11312	0.00010946	1.4035e-05
717	0.88095	0.11893	0.00010843	1.4712e-05
718	0.87833	0.12155	0.00010779	1.499e-05
719	0.87949	0.12039	0.00010761	1.4804e-05
720	0.88475	0.11513	0.00010792	1.4118e-05
721	0.89362	0.10626	0.00010867	1.2995e-05
722	0.90679	0.093086	0.00010994	1.1352e-05
723	0.9253	0.074584	0.00011185	9.0673e-06
724	0.93243	0.06745	0.00011237	8.1755e-06
725	0.9431	0.056783	0.0001133	6.8606e-06
726	0.95811	0.041773	0.00011476	5.028e-06
727	0.96338	0.036498	0.00011502	4.3777e-06
728	0.97222	0.027656	0.0001157	3.3069e-06
729	0.98466	0.015225	0.0001168	1.8132e-06
730	0.98448	0.015399	0.00011638	1.8269e-06
731	0.9814	0.018483	0.00011562	2.1845e-06
732	0.98001	0.019877	0.00011506	2.3401e-06
733	0.98019	0.019691	0.00011468	2.3086e-06
734	0.98239	0.017494	0.00011454	2.0431e-06
735	0.98638	0.013499	0.0001146	1.5692e-06
736	0.98741	0.012477	0.0001143	1.4442e-06
737	0.99027	0.0096137	0.00011421	1.1082e-06
738	0.99538	0.0045096	0.00011436	5.1792e-07
739	0.99123	0.0086507	0.00011346	9.8912e-07
740	0.989	0.010881	0.00011277	1.2396e-06
741	0.98845	0.011433	0.00011226	1.298e-06
742	0.98535	0.014532	0.00011146	1.6448e-06
743	0.98385	0.016035	0.00011084	1.808e-06
744	0.97822	0.02167	0.00010976	2.4324e-06
745	0.96492	0.034966	0.00010782	3.9097e-06
746	0.9565	0.043393	0.00010642	4.8338e-06
747	0.95101	0.048874	0.00010536	5.4213e-06
748	0.9487	0.05119	0.00010465	5.655e-06
749	0.94862	0.05127	0.00010419	5.6394e-06
750	0.95141	0.048478	0.00010404	5.3104e-06
751	0.95665	0.043239	0.00010415	4.716e-06
752	0.96556	0.034327	0.00010464	3.7297e-06
753	0.97815	0.021741	0.00010553	2.3533e-06
754	0.99544	0.0044477	0.00010691	4.7983e-07
755	0.9946	0.0052883	0.00010633	5.6791e-07
756	0.99479	0.0051025	0.00010585	5.4537e-07
757	0.99344	0.0064589	0.00010522	6.8635e-07
758	0.99319	0.0067	0.0001047	7.0787e-07
759	0.9943	0.0055974	0.00010431	5.8839e-07
760	0.9969	0.0029971	0.00010408	3.1395e-07
761	0.99784	0.0020595	0.00010367	2.1477e-07
762	0.99975	0.00014454	0.00010336	1.5026e-08
763	0.99887	0.0010273	0.00010276	1.0581e-07
764	0.9988	0.0010978	0.00010223	1.1266e-07
765	0.99945	0.00045299	0.00010178	4.6378e-08
766	0.99898	0.00092353	0.00010122	9.4009e-08
767	0.99484	0.0050554	0.00010029	5.1092e-07
768	0.99224	0.0076582	9.9511e-05	7.6937e-07
769	0.99124	0.0086648	9.8891e-05	8.6618e-07
770	0.99142	0.008483	9.8391e-05	8.4344e-07
771	0.99304	0.0068565	9.8026e-05	6.7853e-07
772	0.99296	0.006938	9.7484e-05	6.8353e-07
773	0.994	0.005904	9.7052e-05	5.79e-07
774	0.99624	0.0036627	9.6736e-05	3.5773e-07
775	0.99472	0.0051794	9.6047e-05	5.0324e-07
776	0.99428	0.0056243	9.5463e-05	5.4356e-07
777	0.99487	0.0050311	9.4979e-05	4.8372e-07
778	0.99393	0.0059745	9.4349e-05	5.7068e-07
779	0.99084	0.0090644	9.3509e-05	8.6039e-07
780	0.98918	0.010723	9.2808e-05	1.0115e-06
781	0.98436	0.015542	9.1805e-05	1.4572e-06
782	0.98142	0.018484	9.0982e-05	1.7222e-06
783	0.98054	0.019364	9.0346e-05	1.794e-06
784	0.962	0.037912	8.8075e-05	3.4929e-06
785	0.94985	0.050054	8.6403e-05	4.5858e-06
786	0.94146	0.058452	8.5088e-05	5.3221e-06
787	0.93615	0.063762	8.4063e-05	5.7684e-06
788	0.93409	0.065817	8.3328e-05	5.9175e-06
789	0.93444	0.06547	8.281e-05	5.8494e-06
790	0.90971	0.090203	8.0062e-05	8.005e-06
791	0.89159	0.10832	7.7928e-05	9.5455e-06
792	0.87872	0.12119	7.6276e-05	1.0604e-05
793	0.87011	0.1298	7.5011e-05	1.1276e-05
794	0.86512	0.1348	7.4067e-05	1.1626e-05
795	0.8634	0.13652	7.3411e-05	1.1689e-05
796	0.85229	0.14763	7.1954e-05	1.2545e-05
797	0.82122	0.17869	6.884e-05	1.5058e-05
798	0.74374	0.25618	6.1912e-05	2.1386e-05
799	0.55199	0.44792	4.5627e-05	3.7063e-05
800	0.41762	0.5823	3.426e-05	4.7815e-05
801	0.32508	0.67484	2.6452e-05	5.5003e-05
802	0.2548	0.74512	2.057e-05	6.0262e-05
803	0.2057	0.79422	1.6468e-05	6.3737e-05
804	0.1685	0.83142	1.338e-05	6.6195e-05
805	0.14038	0.85954	1.1059e-05	6.7884e-05
806	0.12102	0.8789	9.4551e-06	6.8851e-05
807	0.10823	0.89169	8.3828e-06	6.9281e-05
808	0.10021	0.89971	7.6929e-06	6.9322e-05
809	0.09586	0.90406	7.2912e-06	6.9069e-05
810	0.093695	0.90623	7.0622e-06	6.8642e-05
811	0.082021	0.9179	6.1201e-06	6.8922e-05
812	0.074421	0.9255	5.4954e-06	6.8879e-05
813	0.069236	0.93069	5.0604e-06	6.8645e-05
814	0.066061	0.93387	4.78e-06	6.8254e-05
815	0.064613	0.93531	4.6292e-06	6.7732e-05
816	0.064782	0.93515	4.5966e-06	6.709e-05
817	0.066616	0.93331	4.682e-06	6.6327e-05
818	0.070903	0.92903	4.9351e-06	6.5392e-05
819	0.077398	0.92253	5.3361e-06	6.4306e-05
820	0.087793	0.91214	5.9934e-06	6.2959e-05
821	0.10186	0.89807	6.8868e-06	6.1374e-05
822	0.12076	0.87917	8.0875e-06	5.9479e-05
823	0.14597	0.85396	9.6851e-06	5.7186e-05
824	0.18227	0.81767	1.1974e-05	5.4196e-05
825	0.23033	0.7696	1.4984e-05	5.0482e-05
826	0.24989	0.75005	1.6081e-05	4.8676e-05
827	0.27886	0.72108	1.7747e-05	4.6296e-05
828	0.31768	0.68226	1.9995e-05	4.3331e-05
829	0.36916	0.63078	2.2983e-05	3.9626e-05
830	0.43751	0.56243	2.6945e-05	3.4944e-05
831	0.52808	0.47186	3.2177e-05	2.8992e-05
832	0.51625	0.48369	3.1084e-05	2.9363e-05
833	0.51079	0.48915	3.0384e-05	2.9336e-05
834	0.50955	0.49039	2.9942e-05	2.9049e-05
835	0.5136	0.48634	2.9804e-05	2.8451e-05
836	0.52205	0.47789	2.9916e-05	2.7603e-05
837	0.5372	0.46274	3.039e-05	2.6385e-05
838	0.56099	0.43896	3.132e-05	2.4706e-05
839	0.59708	0.40287	3.2887e-05	2.2384e-05
840	0.64537	0.35458	3.5067e-05	1.9447e-05
841	0.70952	0.29042	3.8032e-05	1.5724e-05
842	0.73441	0.26554	3.8818e-05	1.418e-05
843	0.74168	0.25827	3.8644e-05	1.3594e-05
844	0.75531	0.24464	3.878e-05	1.2692e-05
845	0.77722	0.22273	3.9309e-05	1.139e-05
846	0.80716	0.19279	4.0208e-05	9.717e-06
847	0.80269	0.19726	3.9364e-05	9.787e-06
848	0.80273	0.19722	3.874e-05	9.6305e-06
849	0.80635	0.1936	3.8286e-05	9.3019e-06
850	0.81384	0.18612	3.801e-05	8.7962e-06
851	0.82577	0.17419	3.7928e-05	8.0949e-06
852	0.84308	0.15687	3.8074e-05	7.1656e-06
853	0.86968	0.13027	3.86e-05	5.8488e-06
854	0.9055	0.09446	3.9491e-05	4.1662e-06
855	0.9194	0.080561	3.9378e-05	3.4875e-06
856	0.9131	0.086859	3.8387e-05	3.6854e-06
857	0.91065	0.089304	3.7559e-05	3.7143e-06
858	0.91093	0.089025	3.6845e-05	3.6281e-06
859	0.9148	0.085159	3.6266e-05	3.3996e-06
860	0.92177	0.07819	3.5803e-05	3.0553e-06
861	0.93239	0.067573	3.5468e-05	2.5816e-06
862	0.9491	0.05086	3.5337e-05	1.8967e-06
863	0.97185	0.028114	3.5402e-05	1.0162e-06
864	0.97328	0.026684	3.4655e-05	9.3952e-07
865	0.9766	0.023362	3.3972e-05	7.9893e-07
866	0.98205	0.017916	3.3356e-05	5.9108e-07
867	0.99003	0.009935	3.2815e-05	3.0718e-07
868	0.98931	0.010659	3.198e-05	3.1628e-07
869	0.99009	0.0098757	3.1186e-05	2.7814e-07
870	0.99255	0.0074236	3.0433e-05	1.9117e-07
871	0.98918	0.010787	2.9519e-05	2.6436e-07
872	0.98045	0.019521	2.8485e-05	4.5728e-07
873	0.97446	0.025508	2.7531e-05	5.6979e-07
874	0.95792	0.042054	2.6361e-05	8.9752e-07
875	0.94702	0.052952	2.5332e-05	1.0775e-06
876	0.93959	0.060382	2.4393e-05	1.166e-06
877	0.93507	0.064907	2.3526e-05	1.1819e-06
878	0.9331	0.066872	2.2719e-05	1.1376e-06
879	0.92395	0.076024	2.2798e-05	1.4033e-06
880	0.90077	0.099202	2.2513e-05	2.0259e-06
881	0.88389	0.11608	2.2373e-05	2.5021e-06
882	0.87203	0.12794	2.2348e-05	2.8596e-06
883	0.84004	0.15993	2.1788e-05	3.7488e-06
884	0.81645	0.18353	2.143e-05	4.4346e-06
885	0.79956	0.20042	2.1234e-05	4.955e-06
886	0.78797	0.212	2.1168e-05	5.3421e-06
887	0.78081	0.21916	2.1213e-05	5.6153e-06
888	0.77753	0.22244	2.1358e-05	5.7861e-06
889	0.77794	0.22203	2.16e-05	5.8571e-06
890	0.78202	0.21796	2.1941e-05	5.8261e-06
891	0.79006	0.20991	2.2392e-05	5.682e-06
892	0.80413	0.19584	2.3009e-05	5.3658e-06
893	0.8241	0.17587	2.3798e-05	4.8754e-06
894	0.82947	0.1705	2.4186e-05	4.7818e-06
895	0.82574	0.17423	2.431e-05	4.9471e-06
896	0.82546	0.17451	2.4531e-05	5.0118e-06
897	0.82952	0.17045	2.4874e-05	4.9485e-06
898	0.83841	0.16156	2.5356e-05	4.739e-06
899	0.85186	0.14811	2.5978e-05	4.3879e-06
900	0.87097	0.129	2.6775e-05	3.8579e-06
901	0.89724	0.10273	2.7799e-05	3.0991e-06
902	0.93561	0.06436	2.9199e-05	1.9578e-06
903	0.99191	0.0080593	3.1161e-05	2.4757e-07
904	0.99021	0.0097551	3.1349e-05	3.0406e-07
905	0.98979	0.010176	3.1575e-05	3.2061e-07
906	0.99086	0.0091074	3.1842e-05	2.8979e-07
907	0.98979	0.010179	3.2038e-05	3.2713e-07
908	0.99021	0.0097606	3.2275e-05	3.1657e-07
909	0.9919	0.0080675	3.2552e-05	2.6389e-07
910	0.99152	0.0084461	3.2759e-05	2.785e-07
911	0.99232	0.0076517	3.3003e-05	2.541e-07
912	0.99434	0.0056241	3.3286e-05	1.879e-07
913	0.99143	0.0085365	3.3396e-05	2.872e-07
914	0.98992	0.010047	3.3551e-05	3.4e-07
915	0.98992	0.010048	3.375e-05	3.4205e-07
916	0.99143	0.0085385	3.3994e-05	2.9245e-07
917	0.99434	0.0056278	3.4284e-05	1.9373e-07
918	0.99935	0.0006164	3.4641e-05	2.1333e-08
919	0.99911	0.00085123	3.4811e-05	2.9679e-08
920	0.99955	0.00041188	3.5002e-05	1.4443e-08
921	0.99986	0.00010922	3.5186e-05	3.834e-09
922	0.99679	0.0031716	3.5245e-05	1.1186e-07
923	0.99518	0.0047891	3.5347e-05	1.6974e-07
924	0.99483	0.0051327	3.5487e-05	1.828e-07
925	0.99273	0.0072317	3.5558e-05	2.5895e-07
926	0.99186	0.008104	3.567e-05	2.9138e-07
927	0.99241	0.0075569	3.5826e-05	2.729e-07
928	0.99126	0.0086999	3.5914e-05	3.1566e-07
929	0.99132	0.008647	3.6042e-05	3.1499e-07
930	0.99257	0.0073941	3.6213e-05	2.703e-07
931	0.99208	0.007888	3.6313e-05	2.8941e-07
932	0.99273	0.0072349	3.6452e-05	2.663e-07
933	0.99459	0.0053722	3.6634e-05	1.9823e-07
934	0.99473	0.0052358	3.6746e-05	1.9374e-07
935	0.99591	0.0040558	3.6895e-05	1.5037e-07
936	0.99851	0.0014578	3.7089e-05	5.4169e-08
937	0.99624	0.0037185	3.7096e-05	1.3857e-07
938	0.99509	0.0048692	3.7142e-05	1.8177e-07
939	0.992	0.00796	3.7108e-05	2.9788e-07
