#coord	neutral	conserved	gBGC.neutral	gBGC.conserved
1	0.76457	0.23477	0.00051055	0.00015834
2	0.77046	0.22887	0.00051345	0.00015406
3	0.7807	0.21863	0.00051931	0.00014685
4	0.79763	0.20171	0.00052955	0.00013524
5	0.8234	0.17594	0.00054554	0.00011787
6	0.86195	0.13738	0.00056978	9.2215e-05
7	0.91334	0.085996	0.00060258	5.8046e-05
8	0.9359	0.063445	0.00061611	4.3127e-05
9	0.96641	0.03293	0.00063494	2.2934e-05
10	0.97827	0.02107	0.00064149	1.5065e-05
11	0.98268	0.016667	0.00064311	1.2155e-05
12	0.98936	0.0099873	0.00064629	7.7179e-06
13	0.99205	0.0072967	0.00064673	5.9985e-06
14	0.99634	0.0030042	0.00064828	3.2008e-06
15	0.99812	0.0012378	0.00064432	1.2572e-06
16	0.9976	0.0017607	0.00063815	1.489e-06
17	0.99786	0.0015068	0.00063259	1.1886e-06
18	0.9975	0.0018764	0.00062665	1.3578e-06
19	0.99792	0.0014603	0.0006213	1.0134e-06
20	0.99931	7.4033e-05	0.00061654	5.002e-08
21	0.99936	2.7762e-05	0.0006108	1.7519e-08
22	0.99909	0.00030619	0.00060494	1.8719e-07
23	0.99869	0.00070971	0.00059909	4.2838e-07
24	0.99895	0.00045688	0.00059372	2.7204e-07
25	0.99906	0.0003536	0.00058821	2.0885e-07
26	0.99908	0.00033304	0.00058274	1.9366e-07
27	0.99809	0.0013277	0.00057665	7.6563e-07
28	0.99799	0.0014374	0.00057103	8.2346e-07
29	0.99864	0.00079116	0.00056592	4.4804e-07
30	0.99893	0.00050511	0.00056056	2.8416e-07
31	0.99802	0.0014197	0.00055449	7.9583e-07
32	0.99591	0.0035405	0.00054785	1.9616e-06
33	0.99477	0.0046856	0.00054185	2.5648e-06
34	0.99455	0.004915	0.00053643	2.6555e-06
35	0.99536	0.004107	0.00053154	2.1942e-06
36	0.9948	0.0046709	0.00052587	2.4717e-06
37	0.99526	0.0042178	0.0005207	2.2152e-06
38	0.99662	0.0028595	0.00051607	1.4891e-06
39	0.99678	0.0027061	0.00051078	1.4002e-06
40	0.99774	0.0017482	0.00050597	8.9994e-07
41	0.99786	0.0016334	0.0005008	8.3334e-07
42	0.99726	0.0022456	0.00049534	1.1302e-06
43	0.99741	0.0021014	0.00049034	1.0443e-06
44	0.99676	0.0027539	0.00048491	1.3539e-06
45	0.99698	0.0025366	0.00047998	1.233e-06
46	0.99809	0.0014324	0.00047555	6.8622e-07
47	0.99851	0.0010156	0.00047075	4.8051e-07
48	0.99857	0.00096459	0.00046573	4.5257e-07
49	0.99934	0.00019835	0.00046111	9.2227e-08
50	0.99936	0.00018721	0.00045622	8.5293e-08
51	0.99947	7.5544e-05	0.00045133	3.388e-08
52	0.9994	0.00015253	0.00044632	6.7689e-08
53	0.99859	0.00096408	0.00044107	4.202e-07
54	0.99705	0.0025139	0.00043547	1.0848e-06
55	0.9966	0.0029666	0.00043031	1.2659e-06
56	0.99719	0.0023855	0.00042557	1.0059e-06
57	0.99687	0.0027132	0.00042051	1.1282e-06
58	0.99553	0.0040534	0.000415	1.667e-06
59	0.98331	0.016274	0.00040501	6.65e-06
60	0.97545	0.02414	0.00039686	9.7639e-06
61	0.97021	0.029385	0.00038993	1.1733e-05
62	0.96718	0.03242	0.00038399	1.2766e-05
63	0.96653	0.033076	0.00037898	1.285e-05
64	0.96141	0.038198	0.00037221	1.4656e-05
65	0.9592	0.040415	0.00036656	1.5316e-05
66	0.95902	0.040602	0.00036176	1.518e-05
67	0.95392	0.045707	0.00035511	1.6873e-05
68	0.95121	0.048419	0.00034946	1.7628e-05
69	0.95131	0.048324	0.00034481	1.7354e-05
70	0.94621	0.053438	0.00033826	1.8946e-05
71	0.94428	0.055368	0.00033283	1.9377e-05
72	0.94527	0.054385	0.0003284	1.879e-05
73	0.9486	0.051053	0.00032483	1.74e-05
74	0.95523	0.044433	0.00032229	1.4951e-05
75	0.96504	0.034631	0.00032082	1.15e-05
76	0.96799	0.031681	0.0003171	1.0368e-05
77	0.97375	0.025932	0.00031422	8.3719e-06
78	0.98223	0.017448	0.00031222	5.5499e-06
79	0.98557	0.014122	0.00030849	4.4315e-06
80	0.98577	0.013921	0.00030383	4.302e-06
81	0.9874	0.0123	0.00029968	3.7371e-06
82	0.98047	0.019229	0.00029304	5.7255e-06
83	0.97638	0.023328	0.00028726	6.83e-06
84	0.97421	0.025497	0.00028214	7.3328e-06
85	0.97417	0.025549	0.0002776	7.2205e-06
86	0.9703	0.029422	0.00027197	8.178e-06
87	0.96894	0.030789	0.00026702	8.4181e-06
88	0.96941	0.030319	0.00026265	8.1426e-06
89	0.97218	0.027549	0.00025885	7.2666e-06
90	0.97773	0.022006	0.00025571	5.702e-06
91	0.98683	0.012916	0.00025338	3.2958e-06
92	0.99022	0.0095237	0.00024962	2.3877e-06
93	0.99117	0.0085876	0.00024518	2.1185e-06
94	0.99004	0.0097187	0.0002403	2.3552e-06
95	0.99016	0.009602	0.0002358	2.281e-06
96	0.99183	0.0079339	0.00023162	1.8489e-06
97	0.99148	0.0082957	0.00022703	1.8931e-06
98	0.99256	0.0072202	0.00022273	1.6144e-06
99	0.99522	0.0045569	0.00021874	1.0005e-06
100	0.9934	0.006384	0.00021382	1.373e-06
101	0.99294	0.0068509	0.00020917	1.4444e-06
102	0.99378	0.0060169	0.00020477	1.2456e-06
103	0.99294	0.0068601	0.00020008	1.3908e-06
104	0.99344	0.0063609	0.00019563	1.2654e-06
105	0.99508	0.0047241	0.00019146	9.2295e-07
106	0.99517	0.004642	0.00018704	8.8732e-07
107	0.99372	0.0060976	0.0001824	1.1358e-06
108	0.99339	0.0064349	0.00017803	1.1681e-06
109	0.99437	0.005452	0.00017387	9.6763e-07
110	0.99652	0.0033048	0.00016996	5.7393e-07
111	0.99715	0.0026809	0.00016583	4.5368e-07
112	0.99684	0.0029934	0.00016152	4.9375e-07
113	0.99741	0.0024277	0.0001574	3.9068e-07
114	0.99891	0.00093239	0.00015349	1.4734e-07
115	0.96932	0.030532	0.00014491	4.6153e-06
116	0.94905	0.050804	0.00013792	7.483e-06
117	0.93553	0.064332	0.00013202	9.2257e-06
118	0.92608	0.073783	0.00012686	1.0281e-05
119	0.92078	0.079089	0.00012231	1.0705e-05
120	0.91894	0.080926	0.00011822	1.0637e-05
121	0.91973	0.080148	0.00011454	1.0221e-05
122	0.92319	0.076693	0.00011123	9.4838e-06
123	0.92959	0.070291	0.00010829	8.4246e-06
124	0.929	0.070888	0.00010456	8.2126e-06
125	0.9309	0.068991	0.00010116	7.7195e-06
126	0.93545	0.06445	9.8083e-05	6.958e-06
127	0.93358	0.066319	9.436e-05	6.889e-06
128	0.93471	0.06519	9.092e-05	6.5139e-06
129	0.93913	0.060778	8.7753e-05	5.8403e-06
130	0.9379	0.062014	8.4008e-05	5.7179e-06
131	0.939	0.060915	8.0527e-05	5.3819e-06
132	0.94256	0.057362	7.7291e-05	4.8492e-06
133	0.94012	0.059799	7.3601e-05	4.8194e-06
134	0.94071	0.059218	7.013e-05	4.5461e-06
135	0.94365	0.056281	6.6871e-05	4.1074e-06
136	0.9492	0.050728	6.3818e-05	3.5108e-06
137	0.95865	0.041287	6.095e-05	2.7067e-06
138	0.97198	0.027961	5.8298e-05	1.7323e-06
139	0.97063	0.029314	5.4747e-05	1.7026e-06
140	0.97106	0.028884	5.1347e-05	1.5678e-06
141	0.97331	0.026638	4.808e-05	1.345e-06
142	0.97755	0.022405	4.4935e-05	1.0448e-06
143	0.97776	0.022195	4.1628e-05	9.4953e-07
144	0.97964	0.02032	3.8429e-05	7.9007e-07
145	0.98375	0.01621	3.5276e-05	5.6336e-07
146	0.98465	0.015318	3.1963e-05	4.7188e-07
147	0.98708	0.012893	2.8733e-05	3.4215e-07
148	0.99163	0.0083395	2.5518e-05	1.7485e-07
149	0.99309	0.0068839	2.2247e-05	1.0734e-07
150	0.99291	0.0070709	2.1795e-05	1.1581e-07
151	0.99409	0.0058859	2.1362e-05	9.7499e-08
152	0.99651	0.0034671	2.0956e-05	5.6536e-08
153	0.99743	0.0025517	2.0517e-05	4.1439e-08
154	0.99492	0.0050568	2.002e-05	8.8396e-08
155	0.99383	0.0061525	1.9544e-05	1.0668e-07
156	0.99028	0.0096986	1.903e-05	1.6701e-07
157	0.98826	0.01172	1.8551e-05	1.9655e-07
158	0.98787	0.012108	1.8096e-05	1.9592e-07
159	0.98427	0.015713	1.7592e-05	2.4674e-07
160	0.98275	0.017234	1.7118e-05	2.6077e-07
161	0.98274	0.017242	1.6675e-05	2.4878e-07
162	0.97933	0.020651	1.6186e-05	2.8593e-07
163	0.9696	0.030384	1.5619e-05	4.044e-07
164	0.96371	0.036277	1.5106e-05	4.6298e-07
165	0.96083	0.039152	1.4629e-05	4.764e-07
166	0.9517	0.048281	1.4073e-05	5.6264e-07
167	0.94566	0.054322	1.3567e-05	6.0255e-07
168	0.94286	0.05713	1.3097e-05	5.9893e-07
169	0.94237	0.05762	1.2661e-05	5.6497e-07
170	0.94486	0.055129	1.2253e-05	4.9589e-07
171	0.92897	0.07102	1.2261e-05	7.2731e-07
172	0.91768	0.082304	1.2326e-05	9.0328e-07
173	0.91121	0.088779	1.2444e-05	1.0199e-06
174	0.90864	0.09135	1.2605e-05	1.087e-06
175	0.90878	0.091208	1.2803e-05	1.118e-06
176	0.90162	0.098368	1.2894e-05	1.2499e-06
177	0.89765	0.10233	1.303e-05	1.3383e-06
178	0.89658	0.1034	1.3208e-05	1.3861e-06
179	0.89833	0.10166	1.3428e-05	1.3931e-06
180	0.90307	0.09692	1.3695e-05	1.3553e-06
181	0.9123	0.087688	1.4022e-05	1.2505e-06
182	0.92731	0.072672	1.443e-05	1.0582e-06
183	0.94798	0.052005	1.4931e-05	7.7473e-07
184	0.95631	0.043677	1.526e-05	6.6422e-07
185	0.95793	0.042058	1.5492e-05	6.5243e-07
186	0.95436	0.045628	1.5635e-05	7.2396e-07
187	0.94345	0.056532	1.5646e-05	9.2102e-07
188	0.93609	0.063893	1.5715e-05	1.0612e-06
189	0.93233	0.067648	1.5836e-05	1.143e-06
190	0.93113	0.068848	1.6003e-05	1.1814e-06
191	0.93298	0.067007	1.6215e-05	1.1677e-06
192	0.93743	0.062553	1.6476e-05	1.1069e-06
193	0.88969	0.11029	1.578e-05	1.997e-06
194	0.85679	0.14319	1.5331e-05	2.6333e-06
195	0.83453	0.16545	1.5062e-05	3.0838e-06
196	0.78249	0.21749	1.4205e-05	4.1153e-06
197	0.74367	0.25631	1.3591e-05	4.9065e-06
198	0.71503	0.28495	1.3163e-05	5.5113e-06
199	0.69433	0.30565	1.2884e-05	5.9698e-06
200	0.68142	0.31856	1.2743e-05	6.2842e-06
201	0.67339	0.32659	1.2695e-05	6.5056e-06
202	0.64574	0.35424	1.2258e-05	7.1177e-06
203	0.62575	0.37423	1.1968e-05	7.584e-06
204	0.612	0.38798	1.1799e-05	7.9305e-06
205	0.60332	0.39666	1.173e-05	8.178e-06
206	0.59914	0.40084	1.1751e-05	8.3364e-06
207	0.60046	0.39952	1.1877e-05	8.3839e-06
208	0.58743	0.41255	1.1711e-05	8.7252e-06
209	0.57937	0.42061	1.1646e-05	8.9662e-06
210	0.5493	0.45068	1.1121e-05	9.6671e-06
211	0.5275	0.47247	1.0764e-05	1.0202e-05
212	0.51228	0.48769	1.0541e-05	1.0605e-05
213	0.50245	0.49753	1.0429e-05	1.0897e-05
214	0.47038	0.5296	9.8444e-06	1.1662e-05
215	0.39512	0.60486	8.3169e-06	1.3365e-05
216	0.33839	0.66159	7.1698e-06	1.4688e-05
217	0.29575	0.70423	6.3131e-06	1.5722e-05
218	0.26695	0.73302	5.7364e-06	1.647e-05
219	0.24564	0.75434	5.3173e-06	1.7061e-05
220	0.23018	0.7698	5.0229e-06	1.7528e-05
221	0.18532	0.81466	4.0655e-06	1.8652e-05
222	0.15465	0.84532	3.4062e-06	1.9474e-05
223	0.13166	0.86832	2.9135e-06	2.0129e-05
224	0.1163	0.88368	2.5834e-06	2.0616e-05
225	0.10511	0.89487	2.3461e-06	2.1011e-05
226	0.097218	0.90276	2.1825e-06	2.1332e-05
227	0.092767	0.90721	2.094e-06	2.1573e-05
228	0.091333	0.90864	2.0725e-06	2.1743e-05
229	0.092716	0.90726	2.1148e-06	2.1843e-05
230	0.096182	0.90379	2.2073e-06	2.1894e-05
231	0.10204	0.89794	2.3584e-06	2.1886e-05
232	0.11174	0.88824	2.6001e-06	2.1782e-05
233	0.12514	0.87484	2.9343e-06	2.1586e-05
234	0.14335	0.85662	3.3902e-06	2.1269e-05
235	0.14718	0.85279	3.5031e-06	2.1295e-05
236	0.15516	0.84481	3.716e-06	2.1216e-05
237	0.16681	0.83317	4.0227e-06	2.1043e-05
238	0.14931	0.85066	3.612e-06	2.1588e-05
239	0.13653	0.86344	3.3161e-06	2.2019e-05
240	0.12856	0.87142	3.1338e-06	2.2331e-05
241	0.12455	0.87543	3.0467e-06	2.2543e-05
242	0.12299	0.87698	3.0218e-06	2.2693e-05
243	0.12381	0.87617	3.058e-06	2.2782e-05
244	0.12706	0.87291	3.1577e-06	2.2807e-05
245	0.13392	0.86606	3.3481e-06	2.2738e-05
246	0.14404	0.85593	3.6261e-06	2.2581e-05
247	0.15969	0.84028	4.0461e-06	2.2276e-05
248	0.18085	0.81913	4.6159e-06	2.1823e-05
249	0.20925	0.79072	5.3847e-06	2.1171e-05
250	0.25029	0.74968	6.487e-06	2.018e-05
251	0.3045	0.69547	7.9542e-06	1.8825e-05
252	0.37632	0.62365	9.9137e-06	1.6979e-05
253	0.40679	0.59318	1.0769e-05	1.6231e-05
254	0.44765	0.55232	1.1917e-05	1.5191e-05
255	0.50199	0.49798	1.3449e-05	1.3769e-05
256	0.52159	0.47838	1.4034e-05	1.3288e-05
257	0.54873	0.45124	1.4835e-05	1.2592e-05
258	0.58547	0.4145	1.5913e-05	1.162e-05
259	0.63483	0.36514	1.736e-05	1.0281e-05
260	0.70066	0.29931	1.9292e-05	8.4598e-06
261	0.79675	0.20322	2.2077e-05	5.778e-06
262	0.83536	0.16461	2.3262e-05	4.699e-06
263	0.85032	0.14965	2.3771e-05	4.2891e-06
264	0.87362	0.12635	2.4511e-05	3.6414e-06
265	0.90516	0.094809	2.5497e-05	2.75e-06
266	0.91835	0.081617	2.5953e-05	2.3817e-06
267	0.93682	0.06315	2.6569e-05	1.8568e-06
268	0.94296	0.057011	2.6835e-05	1.684e-06
269	0.94272	0.057248	2.692e-05	1.6949e-06
270	0.9448	0.055169	2.7076e-05	1.6375e-06
271	0.94932	0.050647	2.7307e-05	1.5069e-06
272	0.95667	0.043296	2.7628e-05	1.2903e-06
273	0.96861	0.031363	2.8077e-05	9.373e-07
274	0.97273	0.027242	2.83e-05	8.1477e-07
275	0.97987	0.020096	2.8605e-05	6.0198e-07
276	0.99096	0.0090149	2.9022e-05	2.7142e-07
277	0.99544	0.004534	2.9246e-05	1.3667e-07
278	0.99474	0.00523	2.9307e-05	1.5728e-07
279	0.99507	0.0048977	2.9402e-05	1.4712e-07
280	0.99409	0.0058765	2.9451e-05	1.7641e-07
281	0.99418	0.0057926	2.9534e-05	1.7381e-07
282	0.99254	0.0074265	2.9559e-05	2.2292e-07
283	0.99209	0.0078791	2.9621e-05	2.365e-07
284	0.98965	0.010324	2.9617e-05	3.1024e-07
285	0.98859	0.01138	2.9658e-05	3.4206e-07
286	0.98445	0.015518	2.9598e-05	4.6709e-07
287	0.98243	0.017544	2.9594e-05	5.2947e-07
288	0.98225	0.017715	2.9639e-05	5.3644e-07
289	0.98392	0.016052	2.9732e-05	4.8846e-07
290	0.98724	0.012725	2.9879e-05	3.8926e-07
291	0.99247	0.0074978	3.0088e-05	2.3124e-07
292	0.9854	0.014566	2.9912e-05	4.5078e-07
293	0.98111	0.018856	2.9814e-05	5.8584e-07
294	0.97868	0.021294	2.9776e-05	6.6326e-07
295	0.97079	0.029175	2.9573e-05	9.0879e-07
296	0.96557	0.034404	2.9455e-05	1.0718e-06
297	0.96262	0.03735	2.9411e-05	1.1639e-06
298	0.96225	0.037716	2.9439e-05	1.1774e-06
299	0.96387	0.0361	2.9531e-05	1.1287e-06
300	0.96756	0.032406	2.9692e-05	1.0146e-06
301	0.95732	0.042645	2.9426e-05	1.33e-06
302	0.95107	0.048899	2.9275e-05	1.5246e-06
303	0.94741	0.052555	2.9207e-05	1.6382e-06
304	0.94673	0.053236	2.9223e-05	1.6607e-06
305	0.94826	0.051705	2.9311e-05	1.6134e-06
306	0.95287	0.047097	2.9488e-05	1.4711e-06
307	0.95173	0.048235	2.9478e-05	1.5082e-06
308	0.95275	0.047216	2.954e-05	1.4771e-06
309	0.95655	0.043416	2.968e-05	1.3601e-06
310	0.96294	0.037029	2.9906e-05	1.1608e-06
311	0.97236	0.027604	3.0231e-05	8.6438e-07
312	0.98696	0.013012	3.0711e-05	4.069e-07
313	0.98768	0.012292	3.0748e-05	3.845e-07
314	0.99011	0.0098627	3.0832e-05	3.092e-07
315	0.99415	0.0058166	3.097e-05	1.8268e-07
316	0.9955	0.0044684	3.1026e-05	1.4015e-07
317	0.99546	0.0045095	3.1032e-05	1.4141e-07
318	0.99391	0.0060635	3.0994e-05	1.8958e-07
319	0.98991	0.010055	3.0872e-05	3.1425e-07
320	0.98753	0.012435	3.0804e-05	3.8798e-07
321	0.98692	0.013051	3.0784e-05	4.0717e-07
322	0.98765	0.012321	3.0809e-05	3.8385e-07
323	0.986	0.013973	3.0753e-05	4.3509e-07
324	0.98577	0.014199	3.0744e-05	4.4133e-07
325	0.98723	0.012738	3.0781e-05	3.9539e-07
326	0.99057	0.0094033	3.0869e-05	2.9166e-07
327	0.9963	0.0036675	3.1024e-05	1.1427e-07
328	0.99343	0.0065398	3.0914e-05	2.0387e-07
329	0.99188	0.0080937	3.0849e-05	2.5181e-07
330	0.99153	0.0084353	3.0825e-05	2.6158e-07
331	0.99259	0.0073773	3.0837e-05	2.2818e-07
332	0.99518	0.0047847	3.089e-05	1.4761e-07
333	0.99972	0.00024857	3.0995e-05	7.6631e-09
334	0.999	0.00096475	3.0941e-05	2.9671e-08
335	0.99907	0.00089885	3.0904e-05	2.76e-08
336	0.99994	2.4237e-05	3.0885e-05	7.4037e-10
337	0.99979	0.00017653	3.0827e-05	5.4296e-09
338	0.99579	0.0041816	3.0644e-05	1.2899e-07
339	0.99356	0.0064087	3.0508e-05	1.9776e-07
340	0.99256	0.007411	3.0414e-05	2.2814e-07
341	0.99294	0.0070309	3.0354e-05	2.1638e-07
342	0.99449	0.0054826	3.0334e-05	1.6854e-07
343	0.99115	0.0088171	3.0157e-05	2.707e-07
344	0.98928	0.010687	3.0029e-05	3.271e-07
345	0.98899	0.010983	2.9941e-05	3.3578e-07
346	0.98591	0.014055	2.9761e-05	4.2946e-07
347	0.98442	0.015547	2.9634e-05	4.7405e-07
348	0.98439	0.015576	2.9555e-05	4.7365e-07
349	0.98583	0.014144	2.9523e-05	4.2869e-07
350	0.98926	0.01071	2.9543e-05	3.2439e-07
351	0.9946	0.0053734	2.9623e-05	1.6274e-07
352	0.98928	0.010688	2.9376e-05	3.2186e-07
353	0.98587	0.014105	2.9191e-05	4.2264e-07
354	0.98445	0.015524	2.9057e-05	4.6406e-07
355	0.98449	0.015484	2.8971e-05	4.6151e-07
356	0.98597	0.014001	2.893e-05	4.158e-07
357	0.98901	0.010959	2.8938e-05	3.2382e-07
358	0.9943	0.0056667	2.9005e-05	1.6673e-07
359	0.99627	0.0037059	2.8966e-05	1.0886e-07
360	0.9967	0.0032758	2.8884e-05	9.5734e-08
361	0.9961	0.0038742	2.8765e-05	1.128e-07
362	0.99644	0.0035345	2.8677e-05	1.0241e-07
363	0.99557	0.0044041	2.8557e-05	1.2659e-07
364	0.99587	0.0041035	2.8463e-05	1.1739e-07
365	0.99036	0.0096093	2.8207e-05	2.7248e-07
366	0.98713	0.012844	2.801e-05	3.6283e-07
367	0.98581	0.014159	2.786e-05	3.9873e-07
368	0.98591	0.014062	2.7753e-05	3.9411e-07
369	0.98778	0.012194	2.7689e-05	3.4033e-07
370	0.99168	0.0082946	2.7673e-05	2.3098e-07
371	0.99275	0.0072174	2.7581e-05	2.0012e-07
372	0.99206	0.0079153	2.7433e-05	2.1884e-07
373	0.99251	0.0074646	2.732e-05	2.0538e-07
374	0.99438	0.0055908	2.7239e-05	1.5336e-07
375	0.99761	0.0023667	2.7197e-05	6.4535e-08
376	0.99895	0.0010209	2.7096e-05	2.7828e-08
377	0.99954	0.00043234	2.6977e-05	1.1755e-08
378	0.99988	9.6523e-05	2.6854e-05	2.5951e-09
379	0.99991	6.0638e-05	2.6716e-05	1.6235e-09
380	0.99906	0.00091237	2.6548e-05	2.4427e-08
381	0.99893	0.0010447	2.6402e-05	2.779e-08
382	0.99839	0.0015855	2.6238e-05	4.2059e-08
383	0.99703	0.0029459	2.6045e-05	7.8048e-08
384	0.99359	0.0063816	2.5802e-05	1.6792e-07
385	0.99183	0.0081485	2.5595e-05	2.1364e-07
386	0.99129	0.0086806	2.5425e-05	2.2649e-07
387	0.99195	0.0080195	2.5288e-05	2.0822e-07
388	0.99386	0.0061135	2.5186e-05	1.5801e-07
389	0.99714	0.0028301	2.5121e-05	7.2911e-08
390	0.99844	0.0015349	2.5007e-05	3.9263e-08
391	0.99387	0.0061042	2.4738e-05	1.5361e-07
392	0.99095	0.0090265	2.4515e-05	2.2508e-07
393	0.98969	0.010285	2.4327e-05	2.5494e-07
394	0.98971	0.010267	2.4173e-05	2.5274e-07
395	0.99125	0.0087265	2.405e-05	2.1379e-07
396	0.99419	0.0057888	2.3963e-05	1.411e-07
397	0.99517	0.0048106	2.382e-05	1.1685e-07
398	0.99468	0.0052982	2.3645e-05	1.2781e-07
399	0.99521	0.0047654	2.3496e-05	1.1414e-07
400	0.9943	0.0056801	2.3316e-05	1.3461e-07
401	0.99444	0.0055351	2.3164e-05	1.2976e-07
402	0.99589	0.0040902	2.3035e-05	9.5009e-08
403	0.99883	0.0011435	2.2933e-05	2.6442e-08
404	0.99883	0.0011513	2.2764e-05	2.6331e-08
405	0.99838	0.0015948	2.2579e-05	3.6205e-08
406	0.99723	0.0027495	2.2372e-05	6.2122e-08
407	0.99698	0.0029971	2.2187e-05	6.718e-08
408	0.99761	0.0023645	2.2024e-05	5.2485e-08
409	0.99748	0.0024949	2.1838e-05	5.495e-08
410	0.99631	0.00367	2.1631e-05	7.9932e-08
411	0.9961	0.0038783	2.1448e-05	8.3446e-08
412	0.99464	0.0053339	2.1232e-05	1.136e-07
413	0.99448	0.0055013	2.1036e-05	1.1618e-07
414	0.99558	0.0044038	2.086e-05	9.2402e-08
415	0.99781	0.0021721	2.071e-05	4.5251e-08
416	0.99865	0.0013267	2.0532e-05	2.7322e-08
417	0.99892	0.00106	2.0336e-05	2.1648e-08
418	0.99109	0.0088931	1.9969e-05	1.8051e-07
419	0.98613	0.01385	1.9655e-05	2.7883e-07
420	0.98306	0.016916	1.9384e-05	3.3691e-07
421	0.97414	0.025837	1.9003e-05	5.0779e-07
422	0.96805	0.031936	1.8683e-05	6.1949e-07
423	0.96431	0.035673	1.8413e-05	6.8294e-07
424	0.96311	0.036872	1.8185e-05	6.9729e-07
425	0.9643	0.035683	1.7996e-05	6.6684e-07
426	0.96813	0.031848	1.7848e-05	5.8845e-07
427	0.97438	0.025598	1.7746e-05	4.6706e-07
428	0.98434	0.015647	1.77e-05	2.8252e-07
429	0.99814	0.0018426	1.7721e-05	3.2849e-08
430	0.99634	0.0036455	1.7454e-05	6.419e-08
431	0.99188	0.0081068	1.7145e-05	1.4043e-07
432	0.98909	0.010896	1.6868e-05	1.857e-07
433	0.98774	0.012246	1.662e-05	2.0522e-07
434	0.98799	0.011998	1.6391e-05	1.9783e-07
435	0.98987	0.010118	1.6183e-05	1.6412e-07
436	0.9844	0.015579	1.5858e-05	2.4832e-07
437	0.98135	0.018637	1.5568e-05	2.9235e-07
438	0.98037	0.01961	1.5304e-05	3.0273e-07
439	0.98096	0.019022	1.5067e-05	2.8837e-07
440	0.98351	0.016475	1.4853e-05	2.4502e-07
441	0.98834	0.011645	1.4664e-05	1.6954e-07
442	0.98597	0.014016	1.4362e-05	2.0072e-07
443	0.98509	0.014896	1.4084e-05	2.0913e-07
444	0.98562	0.014369	1.3829e-05	1.9718e-07
445	0.98798	0.012004	1.3592e-05	1.6053e-07
446	0.99203	0.0079534	1.3379e-05	1.0215e-07
447	0.99871	0.001278	1.3191e-05	1.1714e-08
448	0.99573	0.0042614	1.3578e-05	5.4004e-08
449	0.99422	0.0057686	1.3976e-05	7.8198e-08
450	0.99381	0.0061775	1.4392e-05	8.7637e-08
451	0.99136	0.0086206	1.4781e-05	1.2769e-07
452	0.99024	0.0097429	1.5192e-05	1.4928e-07
453	0.99037	0.0096165	1.5626e-05	1.5191e-07
454	0.99174	0.0082455	1.6083e-05	1.34e-07
455	0.99446	0.0055257	1.6569e-05	9.2109e-08
456	0.9992	0.00078137	1.7084e-05	1.3472e-08
457	0.98888	0.011099	1.7342e-05	1.9545e-07
458	0.98154	0.018447	1.7649e-05	3.3225e-07
459	0.97663	0.023354	1.8e-05	4.3003e-07
460	0.9645	0.035486	1.8202e-05	6.6845e-07
461	0.95676	0.043225	1.8471e-05	8.335e-07
462	0.95255	0.047433	1.8795e-05	9.3595e-07
463	0.79992	0.20006	1.6126e-05	4.0346e-06
464	0.69317	0.30681	1.4257e-05	6.3275e-06
465	0.61266	0.38731	1.2862e-05	8.1484e-06
466	0.55765	0.44233	1.1936e-05	9.4953e-06
467	0.51655	0.48343	1.1275e-05	1.0579e-05
468	0.48916	0.51082	1.0878e-05	1.1393e-05
469	0.47165	0.52833	1.0676e-05	1.2004e-05
470	0.4598	0.54018	1.0596e-05	1.2498e-05
471	0.45399	0.54598	1.0643e-05	1.2857e-05
472	0.4535	0.54648	1.0808e-05	1.3094e-05
473	0.4376	0.56237	1.06e-05	1.3704e-05
474	0.42712	0.57285	1.0519e-05	1.4192e-05
475	0.42242	0.57756	1.0569e-05	1.4541e-05
476	0.34157	0.6584	8.6456e-06	1.6855e-05
477	0.28053	0.71945	7.1874e-06	1.8706e-05
478	0.23802	0.76195	6.1645e-06	2.0116e-05
479	0.20598	0.794	5.3957e-06	2.1273e-05
480	0.18195	0.81802	4.8244e-06	2.2235e-05
481	0.16422	0.83575	4.4105e-06	2.3041e-05
482	0.1514	0.84857	4.1214e-06	2.3724e-05
483	0.14247	0.8575	3.9338e-06	2.4307e-05
484	0.1367	0.86327	3.8303e-06	2.4808e-05
485	0.13465	0.86532	3.8265e-06	2.5204e-05
486	0.11986	0.88011	3.4534e-06	2.5971e-05
487	0.11021	0.88976	3.2168e-06	2.6596e-05
488	0.10465	0.89532	3.0923e-06	2.7104e-05
489	0.10153	0.89844	3.0393e-06	2.7541e-05
490	0.088251	0.91172	2.6698e-06	2.8291e-05
491	0.078488	0.92148	2.4018e-06	2.894e-05
492	0.07155	0.92842	2.2166e-06	2.9508e-05
493	0.067556	0.93241	2.1173e-06	2.9985e-05
494	0.066121	0.93385	2.0953e-06	3.038e-05
495	0.067047	0.93292	2.1471e-06	3.0695e-05
496	0.060269	0.9397	1.9477e-06	3.1264e-05
497	0.056376	0.94359	1.8374e-06	3.1738e-05
498	0.05414	0.94583	1.7812e-06	3.2159e-05
499	0.053932	0.94603	1.7904e-06	3.2511e-05
500	0.055725	0.94424	1.8658e-06	3.2791e-05
501	0.059151	0.94081	1.9996e-06	3.3014e-05
502	0.065172	0.93479	2.2231e-06	3.3142e-05
503	0.073615	0.92635	2.5365e-06	3.3182e-05
504	0.086289	0.91367	3.0007e-06	3.3067e-05
505	0.1033	0.89666	3.6297e-06	3.2788e-05
506	0.12598	0.87398	4.4773e-06	3.2292e-05
507	0.13271	0.86725	4.7643e-06	3.2359e-05
508	0.12981	0.87016	4.7026e-06	3.2777e-05
509	0.13014	0.86982	4.7567e-06	3.3073e-05
510	0.13291	0.86705	4.9048e-06	3.3278e-05
511	0.13832	0.86164	5.1576e-06	3.338e-05
512	0.14684	0.85312	5.5367e-06	3.3357e-05
513	0.16072	0.83924	6.1252e-06	3.312e-05
514	0.17965	0.82031	6.9261e-06	3.2672e-05
515	0.20507	0.79489	8.0041e-06	3.195e-05
516	0.24259	0.75737	9.5769e-06	3.0727e-05
517	0.23907	0.76089	9.5228e-06	3.1134e-05
518	0.23983	0.76013	9.6361e-06	3.1367e-05
519	0.2452	0.75476	9.9344e-06	3.141e-05
520	0.21208	0.78788	8.6467e-06	3.3042e-05
521	0.18938	0.81058	7.7648e-06	3.4262e-05
522	0.17263	0.82733	7.1238e-06	3.5244e-05
523	0.16056	0.8394	6.6737e-06	3.6037e-05
524	0.15225	0.8477	6.3789e-06	3.6677e-05
525	0.14713	0.85282	6.2176e-06	3.7185e-05
526	0.12944	0.87051	5.5075e-06	3.8238e-05
527	0.11793	0.88203	5.049e-06	3.9033e-05
528	0.10987	0.89009	4.7373e-06	3.9683e-05
529	0.085045	0.91491	3.6878e-06	4.1074e-05
530	0.066198	0.93376	2.89e-06	4.2215e-05
531	0.05314	0.94681	2.3319e-06	4.3111e-05
532	0.043342	0.95661	1.9138e-06	4.387e-05
533	0.036728	0.96323	1.6298e-06	4.4489e-05
534	0.031885	0.96807	1.4235e-06	4.5032e-05
535	0.029028	0.97093	1.3027e-06	4.5485e-05
536	0.027256	0.9727	1.2312e-06	4.5891e-05
537	0.026436	0.97352	1.2035e-06	4.6254e-05
538	0.026505	0.97345	1.2178e-06	4.6578e-05
539	0.027468	0.97248	1.2753e-06	4.686e-05
540	0.029422	0.97053	1.382e-06	4.7096e-05
541	0.026021	0.97393	1.2342e-06	4.7588e-05
542	0.024203	0.97575	1.1584e-06	4.8003e-05
543	0.023639	0.97631	1.1409e-06	4.8355e-05
544	0.018265	0.98168	8.8512e-07	4.894e-05
545	0.014178	0.98577	6.9061e-07	4.9465e-05
546	0.011056	0.98889	5.4214e-07	4.9947e-05
547	0.008656	0.99129	4.2812e-07	5.0397e-05
548	0.0070798	0.99287	3.5254e-07	5.0803e-05
549	0.0061074	0.99384	3.0549e-07	5.1176e-05
550	0.0053856	0.99456	2.7095e-07	5.1538e-05
551	0.0048578	0.99509	2.4618e-07	5.1892e-05
552	0.0046741	0.99527	2.3798e-07	5.2225e-05
553	0.0046107	0.99534	2.3615e-07	5.2554e-05
554	0.0046716	0.99528	2.4101e-07	5.2878e-05
555	0.0048617	0.99508	2.5298e-07	5.3198e-05
556	0.0051959	0.99475	2.7304e-07	5.3512e-05
557	0.0057003	0.99425	3.0285e-07	5.3818e-05
558	0.0064145	0.99353	3.4491e-07	5.4114e-05
559	0.0073827	0.99256	4.0209e-07	5.4398e-05
560	0.0089732	0.99097	4.9359e-07	5.4642e-05
561	0.011345	0.9886	6.2874e-07	5.4838e-05
562	0.014799	0.98515	8.2479e-07	5.4967e-05
563	0.019284	0.98066	1.0827e-06	5.5037e-05
564	0.025881	0.97406	1.461e-06	5.4982e-05
565	0.020501	0.97944	1.166e-06	5.5602e-05
566	0.016872	0.98307	9.6555e-07	5.6123e-05
567	0.014191	0.98575	8.1881e-07	5.6592e-05
568	0.012542	0.9874	7.2876e-07	5.7e-05
569	0.011771	0.98817	6.8777e-07	5.7353e-05
570	0.011769	0.98817	6.905e-07	5.7658e-05
571	0.012537	0.9874	7.3755e-07	5.7913e-05
572	0.0096975	0.99024	5.7312e-07	5.8382e-05
573	0.0077571	0.99218	4.5954e-07	5.8795e-05
574	0.0062506	0.99369	3.7183e-07	5.9185e-05
575	0.0052503	0.99469	3.1286e-07	5.9541e-05
576	0.0044515	0.99549	2.6618e-07	5.9887e-05
577	0.0039884	0.99595	2.3863e-07	6.0209e-05
578	0.0036228	0.99632	2.1725e-07	6.0528e-05
579	0.0033259	0.99661	2.0029e-07	6.0844e-05
580	0.0032331	0.99671	1.9489e-07	6.1144e-05
581	0.0031737	0.99676	1.9182e-07	6.1443e-05
582	0.0031355	0.9968	1.9032e-07	6.1744e-05
583	0.003123	0.99681	1.9067e-07	6.2046e-05
584	0.0032916	0.99665	2.0145e-07	6.2332e-05
585	0.0034923	0.99644	2.146e-07	6.2618e-05
586	0.0037406	0.9962	2.3113e-07	6.2903e-05
587	0.0040552	0.99588	2.5229e-07	6.3186e-05
588	0.0046561	0.99528	2.9083e-07	6.3447e-05
589	0.0054147	0.99452	3.4016e-07	6.3699e-05
590	0.0063795	0.99356	4.0364e-07	6.394e-05
591	0.0076237	0.99231	4.8638e-07	6.4164e-05
592	0.0092417	0.99069	5.9507e-07	6.4365e-05
593	0.01166	0.98827	7.5586e-07	6.4509e-05
594	0.01527	0.98466	9.9442e-07	6.457e-05
595	0.019956	0.97998	1.3078e-06	6.4559e-05
596	0.026075	0.97386	1.7215e-06	6.445e-05
597	0.034133	0.9658	2.2722e-06	6.4207e-05
598	0.045717	0.95422	3.0618e-06	6.372e-05
599	0.049105	0.95083	3.3036e-06	6.3776e-05
600	0.046787	0.95315	3.1599e-06	6.4212e-05
601	0.046449	0.95348	3.1468e-06	6.4512e-05
602	0.039704	0.96023	2.6933e-06	6.5247e-05
603	0.034794	0.96514	2.3655e-06	6.5859e-05
604	0.031945	0.96799	2.1745e-06	6.6329e-05
605	0.03076	0.96917	2.0948e-06	6.6682e-05
606	0.030598	0.96933	2.0869e-06	6.6967e-05
607	0.031847	0.96808	2.1739e-06	6.7151e-05
608	0.03419	0.96574	2.3386e-06	6.7261e-05
609	0.037833	0.9621	2.5963e-06	6.7281e-05
610	0.043062	0.95687	2.9683e-06	6.7189e-05
611	0.042556	0.95737	2.9406e-06	6.7492e-05
612	0.043284	0.95665	3.0012e-06	6.771e-05
613	0.045828	0.9541	3.1871e-06	6.7797e-05
614	0.049891	0.95004	3.4837e-06	6.7776e-05
615	0.055781	0.94415	3.9147e-06	6.7624e-05
616	0.043649	0.95628	3.0711e-06	6.875e-05
617	0.034498	0.96543	2.4368e-06	6.9669e-05
618	0.028383	0.97154	2.01e-06	7.0376e-05
619	0.02386	0.97607	1.6964e-06	7.0972e-05
620	0.020984	0.97894	1.4962e-06	7.145e-05
621	0.019387	0.98054	1.3851e-06	7.1834e-05
622	0.018535	0.98139	1.3286e-06	7.2166e-05
623	0.018381	0.98155	1.3237e-06	7.245e-05
624	0.019223	0.9807	1.3898e-06	7.2657e-05
625	0.021169	0.97876	1.5354e-06	7.278e-05
626	0.024032	0.97589	1.751e-06	7.2836e-05
627	0.02803	0.97189	2.0541e-06	7.2808e-05
628	0.034221	0.9657	2.519e-06	7.2612e-05
629	0.042497	0.95743	3.146e-06	7.2258e-05
630	0.054509	0.94541	4.0524e-06	7.1618e-05
631	0.07179	0.92813	5.3525e-06	7.058e-05
632	0.076883	0.92304	5.7519e-06	7.0446e-05
633	0.084403	0.91552	6.3421e-06	7.0125e-05
634	0.083453	0.91647	6.2952e-06	7.0444e-05
635	0.085049	0.91487	6.4387e-06	7.0567e-05
636	0.089395	0.91053	6.7896e-06	7.0478e-05
637	0.097236	0.90269	7.4054e-06	7.0118e-05
638	0.10823	0.89169	8.2725e-06	6.9511e-05
639	0.12329	0.87663	9.4664e-06	6.858e-05
640	0.14579	0.85413	1.1236e-05	6.7068e-05
641	0.17564	0.82428	1.3601e-05	6.4964e-05
642	0.21529	0.78463	1.6766e-05	6.2064e-05
643	0.22844	0.77148	1.7871e-05	6.1229e-05
644	0.24868	0.75124	1.9536e-05	5.9827e-05
645	0.27913	0.72079	2.2009e-05	5.7611e-05
646	0.32406	0.67586	2.5626e-05	5.4245e-05
647	0.38348	0.61644	3.0444e-05	4.9682e-05
648	0.47006	0.52986	3.7427e-05	4.2948e-05
649	0.47621	0.5237	3.8036e-05	4.2593e-05
650	0.48851	0.51141	3.9132e-05	4.1745e-05
651	0.50657	0.49335	4.0711e-05	4.0418e-05
652	0.53189	0.46803	4.2906e-05	3.8481e-05
653	0.56943	0.43049	4.6093e-05	3.5545e-05
654	0.61959	0.38033	5.0356e-05	3.1539e-05
655	0.63807	0.36184	5.2059e-05	3.0102e-05
656	0.6663	0.33362	5.4563e-05	2.7856e-05
657	0.70444	0.29548	5.793e-05	2.4754e-05
658	0.76078	0.23913	6.2813e-05	2.0127e-05
659	0.8358	0.16412	6.9328e-05	1.3876e-05
660	0.93491	0.065007	7.7968e-05	5.5066e-06
661	0.93558	0.064337	7.8295e-05	5.4583e-06
662	0.93932	0.060592	7.8871e-05	5.1517e-06
663	0.94662	0.053297	7.974e-05	4.5439e-06
664	0.95735	0.042563	8.092e-05	3.6336e-06
665	0.97397	0.02595	8.2595e-05	2.2185e-06
666	0.98098	0.018931	8.3442e-05	1.6233e-06
667	0.99098	0.0089332	8.456e-05	7.6408e-07
668	0.99122	0.0086899	8.483e-05	7.4395e-07
669	0.98926	0.010659	8.4921e-05	9.1165e-07
670	0.98887	0.011044	8.5137e-05	9.456e-07
671	0.99002	0.0098951	8.5474e-05	8.4854e-07
672	0.99291	0.0069993	8.5953e-05	6.014e-07
673	0.99368	0.0062361	8.6239e-05	5.3806e-07
674	0.99295	0.0069598	8.6386e-05	6.042e-07
675	0.99335	0.0065669	8.6639e-05	5.7215e-07
676	0.99515	0.0047663	8.7006e-05	4.1809e-07
677	0.99531	0.0045995	8.7239e-05	4.0518e-07
678	0.99399	0.0059266	8.7349e-05	5.2291e-07
679	0.99397	0.0059412	8.7565e-05	5.2634e-07
680	0.99503	0.0048857	8.7884e-05	4.3406e-07
681	0.99752	0.0023911	8.8321e-05	2.148e-07
682	0.99668	0.0032302	8.8471e-05	2.9099e-07
683	0.99675	0.0031563	8.8712e-05	2.8515e-07
684	0.99775	0.0021635	8.9044e-05	1.9611e-07
685	0.99569	0.0042163	8.9111e-05	3.8012e-07
686	0.99097	0.0089379	8.8927e-05	8.0682e-07
687	0.98837	0.011536	8.8922e-05	1.0456e-06
688	0.98721	0.012702	8.9054e-05	1.1544e-06
689	0.98293	0.016977	8.8893e-05	1.5483e-06
690	0.98049	0.01942	8.8907e-05	1.775e-06
691	0.97969	0.020223	8.9081e-05	1.8512e-06
692	0.98086	0.019054	8.9423e-05	1.7493e-06
693	0.98368	0.016232	8.9928e-05	1.493e-06
694	0.98885	0.011057	9.064e-05	1.0209e-06
695	0.99637	0.0035348	9.1582e-05	3.2614e-07
696	0.99985	5.5216e-05	9.2142e-05	5.0866e-09
697	0.99987	4.1402e-05	9.2372e-05	3.8404e-09
698	0.99919	0.00071518	9.253e-05	6.696e-08
699	0.99795	0.001962	9.2622e-05	1.8519e-07
700	0.99501	0.0048981	9.2564e-05	4.6274e-07
701	0.9884	0.011503	9.2145e-05	1.0917e-06
702	0.98448	0.015424	9.1967e-05	1.4712e-06
703	0.98228	0.017623	9.1961e-05	1.6866e-06
704	0.98164	0.018267	9.2112e-05	1.7537e-06
705	0.9825	0.017406	9.2415e-05	1.6763e-06
706	0.98495	0.014953	9.2881e-05	1.4451e-06
707	0.98916	0.010741	9.3527e-05	1.042e-06
708	0.99546	0.0044494	9.4387e-05	4.3361e-07
709	0.95664	0.043266	9.0891e-05	4.1669e-06
710	0.9299	0.070009	8.852e-05	6.7667e-06
711	0.91026	0.089647	8.6843e-05	8.6799e-06
712	0.89741	0.10249	8.5798e-05	9.9521e-06
713	0.88878	0.11112	8.5172e-05	1.0814e-05
714	0.8845	0.11541	8.4951e-05	1.1264e-05
715	0.88417	0.11574	8.5099e-05	1.1334e-05
716	0.88678	0.11312	8.5545e-05	1.1114e-05
717	0.88097	0.11893	8.5182e-05	1.1712e-05
718	0.87835	0.12155	8.5142e-05	1.1996e-05
719	0.87951	0.12039	8.5458e-05	1.1914e-05
720	0.88477	0.11513	8.6164e-05	1.1433e-05
721	0.89364	0.10626	8.7241e-05	1.0591e-05
722	0.90681	0.093088	8.8762e-05	9.312e-06
723	0.92532	0.074585	9.0837e-05	7.4876e-06
724	0.93245	0.067451	9.177e-05	6.7955e-06
725	0.94312	0.056784	9.3075e-05	5.7413e-06
726	0.95813	0.041774	9.4837e-05	4.2375e-06
727	0.9634	0.036499	9.5635e-05	3.7078e-06
728	0.97224	0.027657	9.6783e-05	2.8177e-06
729	0.98467	0.015225	9.8316e-05	1.5517e-06
730	0.9845	0.015399	9.8556e-05	1.5697e-06
731	0.98142	0.018483	9.8491e-05	1.8839e-06
732	0.98002	0.019878	9.8606e-05	2.0266e-06
733	0.98021	0.019692	9.8893e-05	2.0077e-06
734	0.9824	0.017494	9.9372e-05	1.786e-06
735	0.9864	0.013499	0.00010005	1.3766e-06
736	0.98742	0.012477	0.00010041	1.2725e-06
737	0.99028	0.0096138	0.00010095	9.8134e-07
738	0.99539	0.0045096	0.00010171	4.6149e-07
739	0.99125	0.0086508	0.00010153	8.8429e-07
740	0.98902	0.010882	0.00010154	1.1151e-06
741	0.98846	0.011433	0.00010171	1.1758e-06
742	0.98536	0.014532	0.0001016	1.5019e-06
743	0.98386	0.016035	0.00010167	1.6618e-06
744	0.97823	0.02167	0.00010132	2.2478e-06
745	0.96493	0.034966	0.00010016	3.6371e-06
746	0.9565	0.043393	9.9482e-05	4.5293e-06
747	0.95102	0.048875	9.9126e-05	5.112e-06
748	0.94871	0.05119	9.9087e-05	5.3689e-06
749	0.94863	0.05127	9.9294e-05	5.3888e-06
750	0.95142	0.048478	9.979e-05	5.11e-06
751	0.95666	0.043239	0.00010056	4.5685e-06
752	0.96557	0.034327	0.0001017	3.6413e-06
753	0.97815	0.021741	0.00010325	2.3151e-06
754	0.99545	0.0044478	0.00010533	4.7318e-07
755	0.99461	0.0052883	0.00010547	5.631e-07
756	0.99479	0.0051025	0.00010572	5.4301e-07
757	0.99343	0.0064589	0.00010581	6.8814e-07
758	0.99319	0.0067	0.00010601	7.1352e-07
759	0.9943	0.0055974	0.00010636	5.9647e-07
760	0.9969	0.0029971	0.00010685	3.1992e-07
761	0.99783	0.0020595	0.00010715	2.2105e-07
762	0.99975	0.00014454	0.00010758	1.5637e-08
763	0.99886	0.0010273	0.0001077	1.1092e-07
764	0.99879	0.0010978	0.00010791	1.1927e-07
765	0.99944	0.00045299	0.00010821	4.9539e-08
766	0.99897	0.00092353	0.00010839	1.008e-07
767	0.99484	0.0050554	0.00010816	5.5385e-07
768	0.99223	0.0076581	0.00010811	8.3928e-07
769	0.99123	0.0086647	0.00010822	9.5266e-07
770	0.99141	0.0084829	0.00010848	9.3459e-07
771	0.99303	0.0068564	0.00010888	7.5903e-07
772	0.99295	0.0069379	0.00010908	7.7229e-07
773	0.99399	0.0059039	0.00010941	6.6097e-07
774	0.99623	0.0036626	0.0001099	4.1386e-07
775	0.99471	0.0051794	0.00010995	5.8763e-07
776	0.99427	0.0056242	0.00011013	6.4082e-07
777	0.99486	0.005031	0.00011044	5.7678e-07
778	0.99391	0.0059744	0.00011058	6.8569e-07
779	0.99082	0.0090642	0.00011047	1.0418e-06
780	0.98917	0.010723	0.00011053	1.2351e-06
781	0.98435	0.015541	0.00011022	1.7945e-06
782	0.9814	0.018483	0.00011012	2.1388e-06
783	0.98052	0.019364	0.00011026	2.2513e-06
784	0.96198	0.037911	0.00010836	4.4054e-06
785	0.94983	0.050053	0.00010717	5.8346e-06
786	0.94144	0.05845	0.00010643	6.8285e-06
787	0.93613	0.063761	0.00010606	7.4642e-06
788	0.93407	0.065815	0.00010605	7.7299e-06
789	0.93442	0.065469	0.00010633	7.7153e-06
790	0.90968	0.090201	0.00010365	1.0645e-05
791	0.89157	0.10832	0.00010176	1.2798e-05
792	0.8787	0.12119	0.0001005	1.4337e-05
793	0.87009	0.1298	9.9737e-05	1.5377e-05
794	0.86509	0.1348	9.9411e-05	1.5995e-05
795	0.86337	0.13651	9.948e-05	1.6228e-05
796	0.85226	0.14762	9.8432e-05	1.7567e-05
797	0.8212	0.17869	9.5064e-05	2.1236e-05
798	0.74372	0.25617	8.63e-05	3.0311e-05
799	0.55197	0.44791	6.4273e-05	5.2657e-05
800	0.41761	0.58228	4.8733e-05	6.8508e-05
801	0.32507	0.67481	3.7961e-05	7.9584e-05
802	0.25479	0.74509	2.9807e-05	8.8048e-05
803	0.2057	0.79419	2.4077e-05	9.4083e-05
804	0.1685	0.83138	1.9753e-05	9.8716e-05
805	0.14037	0.85951	1.6499e-05	0.00010229
806	0.12102	0.87887	1.4249e-05	0.00010485
807	0.10822	0.89166	1.2757e-05	0.00010664
808	0.10021	0.89967	1.1821e-05	0.00010787
809	0.095856	0.90402	1.1312e-05	0.00010868
810	0.093691	0.90619	1.1069e-05	0.00010922
811	0.082017	0.91786	9.6723e-06	0.0001109
812	0.074417	0.92546	8.7559e-06	0.00011211
813	0.069233	0.93065	8.1351e-06	0.00011302
814	0.066057	0.93382	7.7597e-06	0.00011369
815	0.064609	0.93527	7.5951e-06	0.00011415
816	0.064779	0.9351	7.6283e-06	0.00011443
817	0.066612	0.93327	7.8659e-06	0.0001145
818	0.070899	0.92898	8.3942e-06	0.00011428
819	0.077394	0.92248	9.1966e-06	0.00011379
820	0.087788	0.91209	1.0465e-05	0.00011283
821	0.10185	0.89802	1.2193e-05	0.00011141
822	0.12075	0.87912	1.4531e-05	0.00010939
823	0.14596	0.85391	1.7671e-05	0.00010657
824	0.18226	0.81762	2.217e-05	0.00010239
825	0.23032	0.76955	2.8175e-05	9.6707e-05
826	0.24987	0.75	3.0658e-05	9.4541e-05
827	0.27884	0.72104	3.4299e-05	9.121e-05
828	0.31766	0.68222	3.9205e-05	8.662e-05
829	0.36913	0.63074	4.575e-05	8.0399e-05
830	0.43748	0.5624	5.4496e-05	7.1983e-05
831	0.52805	0.47183	6.6165e-05	6.0652e-05
832	0.51622	0.48366	6.4862e-05	6.2302e-05
833	0.51075	0.48912	6.4345e-05	6.3158e-05
834	0.50951	0.49036	6.4378e-05	6.3471e-05
835	0.51356	0.48631	6.5076e-05	6.3113e-05
836	0.52201	0.47786	6.6359e-05	6.2178e-05
837	0.53716	0.46271	6.8498e-05	6.0378e-05
838	0.56095	0.43893	7.1745e-05	5.7463e-05
839	0.59703	0.40284	7.657e-05	5.2962e-05
840	0.64532	0.35455	8.3036e-05	4.6828e-05
841	0.70947	0.2904	9.1651e-05	3.8554e-05
842	0.73435	0.26552	9.5185e-05	3.5371e-05
843	0.74162	0.25825	9.639e-05	3.4507e-05
844	0.75525	0.24462	9.842e-05	3.2809e-05
845	0.77715	0.22272	0.00010153	3.0026e-05
846	0.8071	0.19277	0.00010574	2.615e-05
847	0.80262	0.19725	0.0001054	2.6824e-05
848	0.80266	0.1972	0.00010566	2.6901e-05
849	0.80628	0.19358	0.00010642	2.6492e-05
850	0.81377	0.1861	0.00010771	2.5553e-05
851	0.8257	0.17417	0.00010963	2.3998e-05
852	0.84301	0.15686	0.00011231	2.1689e-05
853	0.8696	0.13026	0.00011625	1.8113e-05
854	0.90541	0.094451	0.00012151	1.3231e-05
855	0.91931	0.080553	0.00012379	1.1336e-05
856	0.91301	0.086851	0.00012331	1.2219e-05
857	0.91057	0.089296	0.00012333	1.2584e-05
858	0.91085	0.089016	0.00012375	1.2568e-05
859	0.91471	0.08515	0.00012465	1.206e-05
860	0.92168	0.078182	0.000126	1.111e-05
861	0.9323	0.067566	0.00012789	9.6324e-06
862	0.94901	0.050855	0.00013062	7.2954e-06
863	0.97175	0.028111	0.00013426	4.0743e-06
864	0.97318	0.026682	0.00013485	3.8819e-06
865	0.9765	0.023359	0.00013573	3.4162e-06
866	0.98195	0.017915	0.00013694	2.6402e-06
867	0.98993	0.009934	0.00013853	1.489e-06
868	0.9892	0.010658	0.00013887	1.5967e-06
869	0.98998	0.0098746	0.00013942	1.4897e-06
870	0.99244	0.0074227	0.00014019	1.1435e-06
871	0.98907	0.010786	0.00014012	1.6574e-06
872	0.98034	0.019519	0.00013925	2.983e-06
873	0.97435	0.025505	0.00013879	3.9003e-06
874	0.95781	0.042049	0.00013676	6.4097e-06
875	0.94691	0.052946	0.00013555	8.0945e-06
876	0.93948	0.060375	0.00013486	9.2598e-06
877	0.93496	0.064899	0.00013462	9.9905e-06
878	0.93299	0.066863	0.00013478	1.0337e-05
879	0.92384	0.076015	0.00013382	1.1785e-05
880	0.90066	0.09919	0.00013074	1.5381e-05
881	0.88379	0.11607	0.00012861	1.8023e-05
882	0.87193	0.12793	0.00012726	1.9907e-05
883	0.83994	0.15992	0.00012284	2.4865e-05
884	0.81635	0.1835	0.0001197	2.8556e-05
885	0.79946	0.20039	0.00011759	3.1238e-05
886	0.78787	0.21198	0.00011628	3.3119e-05
887	0.78071	0.21914	0.00011566	3.4332e-05
888	0.77744	0.22241	0.00011564	3.4953e-05
889	0.77785	0.222	0.0001162	3.5006e-05
890	0.78192	0.21793	0.00011735	3.4486e-05
891	0.78996	0.20988	0.00011914	3.3335e-05
892	0.80403	0.19581	0.00012186	3.1237e-05
893	0.824	0.17585	0.00012556	2.8177e-05
894	0.82937	0.17048	0.00012699	2.7403e-05
895	0.82564	0.17421	0.00012697	2.8067e-05
896	0.82536	0.17449	0.00012751	2.8186e-05
897	0.82941	0.17043	0.00012872	2.7624e-05
898	0.83831	0.16154	0.00013069	2.629e-05
899	0.85175	0.14809	0.00013342	2.4201e-05
900	0.87086	0.12898	0.00013713	2.1158e-05
901	0.89712	0.10272	0.00014207	1.6891e-05
902	0.93549	0.064351	0.00014902	1.0612e-05
903	0.99178	0.0080583	0.00015893	1.3535e-06
904	0.99009	0.0097539	0.00015932	1.6325e-06
905	0.98966	0.010175	0.00015993	1.703e-06
906	0.99073	0.0091063	0.00016077	1.5313e-06
907	0.98966	0.010178	0.00016128	1.7118e-06
908	0.99008	0.0097593	0.00016201	1.6494e-06
909	0.99177	0.0080664	0.00016298	1.3721e-06
910	0.99139	0.008445	0.00016362	1.4391e-06
911	0.99218	0.0076507	0.00016447	1.308e-06
912	0.99421	0.0056234	0.00016555	9.6518e-07
913	0.9913	0.0085353	0.00016581	1.4547e-06
914	0.98979	0.010046	0.00016631	1.7097e-06
915	0.98978	0.010046	0.00016706	1.7136e-06
916	0.99129	0.0085374	0.00016806	1.4625e-06
917	0.9942	0.005627	0.00016931	9.6606e-07
918	0.99921	0.00061632	0.00017092	1.0694e-07
919	0.99898	0.00085112	0.00017164	1.4755e-07
920	0.99942	0.00041182	0.00017249	7.118e-08
921	0.99972	0.00010921	0.0001733	1.8732e-08
922	0.99665	0.0031711	0.00017352	5.4858e-07
923	0.99504	0.0047885	0.00017396	8.3314e-07
924	0.99469	0.005132	0.00017462	8.9841e-07
925	0.99259	0.0072306	0.00017495	1.2762e-06
926	0.99172	0.0081029	0.00017551	1.4369e-06
927	0.99227	0.0075558	0.00017631	1.3485e-06
928	0.99112	0.0086987	0.00017679	1.5642e-06
929	0.99118	0.0086457	0.0001775	1.5641e-06
930	0.99243	0.007393	0.00017845	1.3449e-06
931	0.99193	0.0078868	0.00017907	1.4434e-06
932	0.99258	0.0072339	0.00017991	1.3314e-06
933	0.99445	0.0053714	0.00018099	9.9454e-07
934	0.99458	0.0052351	0.00018178	9.7167e-07
935	0.99576	0.0040552	0.00018278	7.5381e-07
936	0.99836	0.0014576	0.00018403	2.7312e-07
937	0.9961	0.0037179	0.00018436	6.9801e-07
938	0.99495	0.0048684	0.00018491	9.1657e-07
