#coord	neutral	conserved	gBGC.neutral	gBGC.conserved
1	0.76461	0.23478	0.00046958	0.00014428
2	0.7705	0.22889	0.00046983	0.00013965
3	0.78075	0.21865	0.00047266	0.00013243
4	0.79768	0.20172	0.00047942	0.00012129
5	0.82345	0.17595	0.00049128	0.00010502
6	0.86201	0.13739	0.00051047	8.1419e-05
7	0.91341	0.086002	0.00053689	5.0595e-05
8	0.93597	0.06345	0.00054601	3.7064e-05
9	0.96649	0.032932	0.00055956	1.9107e-05
10	0.97835	0.021072	0.00056213	1.2139e-05
11	0.98276	0.016669	0.00056034	9.5304e-06
12	0.98945	0.0099882	0.00055981	5.6667e-06
13	0.99214	0.0072974	0.00055697	4.1088e-06
14	0.99644	0.0030045	0.00055501	1.6792e-06
15	0.99821	0.0012379	0.00055161	6.864e-07
16	0.99769	0.0017608	0.00054693	9.6787e-07
17	0.99795	0.0015069	0.00054268	8.2158e-07
18	0.99758	0.0018766	0.00053811	1.014e-06
19	0.998	0.0014604	0.00053396	7.8215e-07
20	0.9994	7.404e-05	0.00053031	3.929e-08
21	0.99945	2.7764e-05	0.00052593	1.4584e-08
22	0.99917	0.00030621	0.00052135	1.5995e-07
23	0.99877	0.00070977	0.00051672	3.6749e-07
24	0.99903	0.00045692	0.00051242	2.3441e-07
25	0.99914	0.00035362	0.00050805	1.7989e-07
26	0.99916	0.00033306	0.00050363	1.678e-07
27	0.99817	0.0013278	0.0004987	6.6317e-07
28	0.99807	0.0014375	0.0004942	7.1191e-07
29	0.99872	0.00079122	0.00049008	3.882e-07
30	0.99901	0.00050515	0.00048577	2.457e-07
31	0.9981	0.0014198	0.00048087	6.8487e-07
32	0.99598	0.0035407	0.00047541	1.6916e-06
33	0.99484	0.004686	0.00047043	2.2171e-06
34	0.99462	0.0049154	0.0004659	2.3026e-06
35	0.99543	0.0041073	0.00046185	1.9053e-06
36	0.99487	0.0046713	0.00045714	2.1462e-06
37	0.99533	0.0042181	0.00045289	1.9197e-06
38	0.99669	0.0028597	0.00044906	1.2887e-06
39	0.99685	0.0027062	0.00044466	1.2079e-06
40	0.99781	0.0017483	0.00044062	7.7253e-07
41	0.99793	0.0016335	0.00043622	7.1411e-07
42	0.99732	0.0022458	0.00043148	9.716e-07
43	0.99747	0.0021015	0.00042708	8.9925e-07
44	0.99682	0.0027541	0.00042234	1.166e-06
45	0.99704	0.0025368	0.00041796	1.0617e-06
46	0.99815	0.0014325	0.00041396	5.9111e-07
47	0.99857	0.0010156	0.00040966	4.1243e-07
48	0.99863	0.00096465	0.0004052	3.849e-07
49	0.9994	0.00019836	0.00040103	7.1038e-08
50	0.99942	0.00018722	0.00039657	5.0976e-08
51	0.99953	7.5548e-05	0.00039839	2.6212e-08
52	0.99945	0.00015253	0.00040016	5.9576e-08
53	0.99863	0.00096411	0.00040163	3.856e-07
54	0.99708	0.002514	0.00040279	1.012e-06
55	0.99663	0.0029667	0.00040438	1.1997e-06
56	0.99721	0.0023856	0.00040638	9.6849e-07
57	0.99688	0.0027133	0.000408	1.1066e-06
58	0.99554	0.0040534	0.0004092	1.6613e-06
59	0.98331	0.016274	0.00040589	6.7081e-06
60	0.97545	0.024139	0.00040433	9.9954e-06
61	0.9702	0.029384	0.00040384	1.2217e-05
62	0.96716	0.03242	0.00040425	1.3532e-05
63	0.96651	0.033075	0.00040564	1.3861e-05
64	0.96138	0.038197	0.00040513	1.6074e-05
65	0.95916	0.040413	0.00040583	1.7077e-05
66	0.95898	0.0406	0.00040738	1.7224e-05
67	0.95387	0.045704	0.00040682	1.9468e-05
68	0.95116	0.048416	0.00040728	2.0704e-05
69	0.95125	0.048321	0.00040891	2.0744e-05
70	0.94613	0.053434	0.00040829	2.3031e-05
71	0.9442	0.055363	0.00040903	2.3959e-05
72	0.94519	0.05438	0.000411	2.3628e-05
73	0.94852	0.051049	0.00041401	2.2267e-05
74	0.95513	0.044428	0.00041846	1.9457e-05
75	0.96493	0.034627	0.00042433	1.5225e-05
76	0.96788	0.031677	0.00042721	1.398e-05
77	0.97363	0.025929	0.00043133	1.1487e-05
78	0.98211	0.017446	0.00043669	7.7576e-06
79	0.98543	0.01412	0.00043976	6.3031e-06
80	0.98563	0.013919	0.00044145	6.236e-06
81	0.98725	0.012298	0.00044377	5.5282e-06
82	0.98032	0.019226	0.00044225	8.6679e-06
83	0.97622	0.023324	0.00044197	1.0551e-05
84	0.97405	0.025493	0.00044256	1.157e-05
85	0.974	0.025545	0.0004441	1.1633e-05
86	0.97013	0.029417	0.00044388	1.3443e-05
87	0.96876	0.030783	0.00044478	1.4117e-05
88	0.96923	0.030314	0.00044653	1.3948e-05
89	0.97199	0.027544	0.00044933	1.2715e-05
90	0.97753	0.022002	0.00045341	1.0191e-05
91	0.98662	0.012913	0.00045914	6.004e-06
92	0.99001	0.0095217	0.00046225	4.4424e-06
93	0.99095	0.0085857	0.00046421	4.0204e-06
94	0.98981	0.0097165	0.00046521	4.5656e-06
95	0.98993	0.0095998	0.00046678	4.5249e-06
96	0.9916	0.007932	0.00046909	3.7511e-06
97	0.99123	0.0082937	0.00047043	3.9341e-06
98	0.99231	0.0072184	0.00047245	3.4349e-06
99	0.99497	0.0045558	0.00047522	2.1755e-06
100	0.99314	0.0063824	0.00047584	3.0575e-06
101	0.99267	0.006849	0.0004771	3.2921e-06
102	0.9935	0.0060152	0.00047898	2.9017e-06
103	0.99266	0.0068582	0.00048005	3.3192e-06
104	0.99316	0.006359	0.00048176	3.0886e-06
105	0.99479	0.0047228	0.00048403	2.3022e-06
106	0.99487	0.0046406	0.00048554	2.2693e-06
107	0.99341	0.0060958	0.0004863	2.9887e-06
108	0.99308	0.0064329	0.0004876	3.1623e-06
109	0.99406	0.0054503	0.00048954	2.6874e-06
110	0.9962	0.0033037	0.00049206	1.6334e-06
111	0.99682	0.00268	0.00049382	1.3292e-06
112	0.99651	0.0029924	0.00049511	1.489e-06
113	0.99708	0.0024269	0.00049683	1.2116e-06
114	0.99857	0.00093206	0.00049902	4.672e-07
115	0.96898	0.030521	0.00048559	1.5336e-05
116	0.94871	0.050786	0.00047675	2.5599e-05
117	0.93519	0.064309	0.00047125	3.2517e-05
118	0.92574	0.073756	0.00046779	3.7401e-05
119	0.92043	0.07906	0.00046638	4.0209e-05
120	0.9186	0.080896	0.00046672	4.1268e-05
121	0.91937	0.080117	0.00046839	4.0994e-05
122	0.92283	0.076663	0.00047144	3.9346e-05
123	0.92922	0.070264	0.00047601	3.6173e-05
124	0.92863	0.07086	0.000477	3.6581e-05
125	0.93052	0.068963	0.00047927	3.5701e-05
126	0.93506	0.064423	0.00048293	3.3443e-05
127	0.93319	0.066292	0.00048327	3.4498e-05
128	0.93432	0.065162	0.00048515	3.4001e-05
129	0.93873	0.060752	0.00048874	3.179e-05
130	0.93749	0.061988	0.00048937	3.2525e-05
131	0.93859	0.060888	0.00049123	3.2035e-05
132	0.94214	0.057336	0.00049438	3.0249e-05
133	0.9397	0.059773	0.00049439	3.161e-05
134	0.94028	0.059191	0.00049597	3.1385e-05
135	0.94322	0.056255	0.00049881	2.9907e-05
136	0.94877	0.050704	0.00050305	2.7028e-05
137	0.9582	0.041267	0.00050936	2.2065e-05
138	0.97152	0.027948	0.00051777	1.4996e-05
139	0.97017	0.0293	0.00051836	1.5757e-05
140	0.97059	0.02887	0.0005199	1.5562e-05
141	0.97284	0.026625	0.00052242	1.4386e-05
142	0.97707	0.022394	0.00052603	1.213e-05
143	0.97728	0.022184	0.00052747	1.204e-05
144	0.97915	0.02031	0.00052981	1.1044e-05
145	0.98326	0.016202	0.00053336	8.8296e-06
146	0.98415	0.01531	0.00053516	8.3616e-06
147	0.98657	0.012887	0.0005378	7.0525e-06
148	0.99112	0.0083352	0.0005416	4.5727e-06
149	0.99257	0.0068803	0.00054371	3.7816e-06
150	0.99238	0.0070672	0.00054491	3.8916e-06
151	0.99357	0.0058828	0.00054685	3.2474e-06
152	0.99598	0.0034653	0.00054948	1.9176e-06
153	0.9969	0.0025504	0.00055127	1.4155e-06
154	0.99439	0.0050541	0.00055117	2.8086e-06
155	0.9933	0.0061492	0.00055183	3.4257e-06
156	0.98975	0.0096934	0.00055112	5.4109e-06
157	0.98773	0.011714	0.00055126	6.5523e-06
158	0.98734	0.012101	0.0005523	6.7852e-06
159	0.98374	0.015705	0.00055153	8.8236e-06
160	0.98221	0.017225	0.00055192	9.7009e-06
161	0.9822	0.017233	0.00055315	9.7275e-06
162	0.9788	0.020639	0.00055247	1.1673e-05
163	0.96907	0.030367	0.0005482	1.7201e-05
164	0.96318	0.036257	0.00054607	2.0581e-05
165	0.9603	0.039131	0.00054564	2.2262e-05
166	0.95118	0.048254	0.00054161	2.7518e-05
167	0.94514	0.054292	0.00053933	3.1028e-05
168	0.94233	0.057099	0.00053888	3.2707e-05
169	0.94184	0.057588	0.00053975	3.3059e-05
170	0.94433	0.055098	0.00054232	3.1704e-05
171	0.92844	0.070981	0.00053429	4.0938e-05
172	0.91717	0.082257	0.00052889	4.7543e-05
173	0.91069	0.088729	0.00052623	5.1396e-05
174	0.90812	0.091298	0.0005258	5.3004e-05
175	0.90826	0.091156	0.00052695	5.3039e-05
176	0.90111	0.098312	0.00052384	5.7329e-05
177	0.89714	0.10227	0.00052257	5.9766e-05
178	0.89607	0.10334	0.000523	6.0516e-05
179	0.89782	0.1016	0.00052507	5.9617e-05
180	0.90255	0.096864	0.00052891	5.6956e-05
181	0.91177	0.087638	0.00053538	5.1645e-05
182	0.92678	0.07263	0.00054527	4.2912e-05
183	0.94744	0.051975	0.00055854	3.0803e-05
184	0.95576	0.043652	0.00056454	2.5945e-05
185	0.95737	0.042034	0.00056659	2.5041e-05
186	0.95381	0.045602	0.00056556	2.7218e-05
187	0.94291	0.056499	0.00056013	3.378e-05
188	0.93555	0.063856	0.00055681	3.8246e-05
189	0.93179	0.067609	0.0005556	4.0575e-05
190	0.93059	0.068809	0.00055593	4.1379e-05
191	0.93243	0.066968	0.00055806	4.0362e-05
192	0.93688	0.062517	0.00056177	3.777e-05
193	0.88917	0.11023	0.00053401	6.6651e-05
194	0.85629	0.14311	0.00051509	8.6682e-05
195	0.83405	0.16535	0.00050253	0.00010034
196	0.78204	0.21736	0.00047179	0.00013217
197	0.74324	0.25616	0.00044901	0.00015605
198	0.71461	0.28478	0.00043236	0.00017379
199	0.69392	0.30547	0.0004205	0.00018674
200	0.68102	0.31837	0.00041334	0.00019498
201	0.67299	0.3264	0.00040914	0.00020025
202	0.64536	0.35403	0.00039292	0.00021756
203	0.62538	0.37401	0.00038134	0.00023021
204	0.61163	0.38775	0.00037356	0.00023907
205	0.60296	0.39642	0.00036888	0.00024483
206	0.59878	0.4006	0.00036696	0.00024783
207	0.6001	0.39928	0.0003684	0.00024745
208	0.58707	0.41231	0.00036099	0.00025594
209	0.57903	0.42036	0.00035664	0.00026135
210	0.54897	0.45041	0.00033864	0.00028042
211	0.52719	0.47219	0.00032573	0.00029439
212	0.51198	0.4874	0.00031686	0.00030433
213	0.50214	0.49723	0.00031131	0.00031094
214	0.4701	0.52928	0.00029193	0.00033139
215	0.39488	0.6045	0.00024555	0.00037883
216	0.33818	0.66119	0.0002106	0.00041483
217	0.29557	0.7038	0.00018436	0.00044213
218	0.26679	0.73258	0.00016665	0.00046087
219	0.24549	0.75388	0.00015359	0.00047498
220	0.23004	0.76933	0.00014417	0.00048544
221	0.1852	0.81417	0.00011623	0.00051442
222	0.15456	0.84481	9.7116e-05	0.00053455
223	0.13158	0.86779	8.2787e-05	0.00054991
224	0.11623	0.88314	7.3216e-05	0.00056049
225	0.10504	0.89432	6.6263e-05	0.00056846
226	0.097158	0.90221	6.1381e-05	0.00057435
227	0.09271	0.90665	5.8659e-05	0.00057808
228	0.091277	0.90808	5.7839e-05	0.0005799
229	0.092659	0.9067	5.8804e-05	0.00057992
230	0.096122	0.90324	6.1104e-05	0.00057861
231	0.10198	0.89738	6.4941e-05	0.00057576
232	0.11167	0.88769	7.1241e-05	0.00057043
233	0.12506	0.87429	7.9938e-05	0.00056271
234	0.14326	0.85609	9.1756e-05	0.00055187
235	0.14709	0.85227	9.4365e-05	0.00055023
236	0.15507	0.84429	9.965e-05	0.00054591
237	0.1667	0.83265	0.00010732	0.00053921
238	0.14922	0.85013	9.617e-05	0.00055131
239	0.13645	0.8629	8.8047e-05	0.00056038
240	0.12848	0.87087	8.3004e-05	0.00056637
241	0.12447	0.87488	8.0514e-05	0.0005698
242	0.12291	0.87643	7.9612e-05	0.00057163
243	0.12373	0.87562	8.0257e-05	0.00057192
244	0.12698	0.87236	8.2496e-05	0.00057062
245	0.13383	0.86551	8.7082e-05	0.00056695
246	0.14395	0.85539	9.3824e-05	0.00056113
247	0.15959	0.83975	0.00010419	0.00055168
248	0.18073	0.81861	0.0001182	0.00053858
249	0.20912	0.79022	0.00013702	0.00052067
250	0.25013	0.74921	0.00016419	0.00049441
251	0.30431	0.69503	0.00020012	0.00045938
252	0.37608	0.62326	0.0002478	0.0004126
253	0.40654	0.5928	0.00026827	0.00039302
254	0.44737	0.55197	0.00029568	0.00036651
255	0.50167	0.49767	0.00033212	0.00033095
256	0.52126	0.47808	0.00034557	0.00031838
257	0.54838	0.45095	0.00036409	0.00030075
258	0.5851	0.41423	0.00038906	0.00027665
259	0.63442	0.36491	0.00042254	0.00024405
260	0.70022	0.29912	0.00046717	0.0002003
261	0.79624	0.20309	0.00053214	0.0001362
262	0.83482	0.16451	0.00055874	0.00011047
263	0.84977	0.14956	0.00056951	0.00010056
264	0.87306	0.12627	0.0005859	8.5029e-05
265	0.90458	0.094748	0.00060788	6.39e-05
266	0.91776	0.081565	0.00061752	5.5094e-05
267	0.93622	0.063109	0.00063076	4.2696e-05
268	0.94235	0.056974	0.00063571	3.8594e-05
269	0.94211	0.05721	0.00063634	3.88e-05
270	0.94419	0.055133	0.00063854	3.7435e-05
271	0.94871	0.050614	0.0006424	3.4406e-05
272	0.95605	0.043268	0.0006482	2.9442e-05
273	0.96798	0.031343	0.00065711	2.1353e-05
274	0.9721	0.027225	0.00066073	1.8564e-05
275	0.97924	0.020083	0.0006664	1.3708e-05
276	0.99031	0.009009	0.00067476	6.1585e-06
277	0.99479	0.004531	0.00067862	3.1002e-06
278	0.99409	0.0052265	0.00067894	3.5782e-06
279	0.99442	0.0048945	0.00067997	3.353e-06
280	0.99344	0.0058727	0.00068008	4.0262e-06
281	0.99353	0.0057888	0.00068093	3.9716e-06
282	0.99189	0.0074217	0.00068058	5.0963e-06
283	0.99144	0.0078739	0.00068105	5.411e-06
284	0.989	0.010317	0.00068013	7.097e-06
285	0.98794	0.011372	0.00068017	7.8289e-06
286	0.9838	0.015508	0.00067808	1.0687e-05
287	0.98178	0.017533	0.00067742	1.2096e-05
288	0.98161	0.017703	0.00067803	1.2229e-05
289	0.98327	0.016042	0.0006799	1.1098e-05
290	0.98659	0.012716	0.00068292	8.8099e-06
291	0.99181	0.0074928	0.00068726	5.199e-06
292	0.98475	0.014556	0.00068307	1.0113e-05
293	0.98046	0.018843	0.00068079	1.3109e-05
294	0.97803	0.02128	0.0006798	1.4821e-05
295	0.97015	0.029156	0.00067499	2.0331e-05
296	0.96492	0.034381	0.00067203	2.3999e-05
297	0.96198	0.037325	0.00067066	2.6078e-05
298	0.96161	0.03769	0.00067107	2.6363e-05
299	0.96323	0.036076	0.00067288	2.5261e-05
300	0.96692	0.032384	0.00067614	2.2699e-05
301	0.95668	0.042617	0.00066966	2.9881e-05
302	0.95043	0.048867	0.00066594	3.4291e-05
303	0.94678	0.05252	0.00066404	3.6884e-05
304	0.9461	0.053201	0.00066421	3.7397e-05
305	0.94763	0.051671	0.00066593	3.6352e-05
306	0.95223	0.047065	0.00066981	3.3143e-05
307	0.95109	0.048203	0.00066964	3.3978e-05
308	0.95211	0.047184	0.000671	3.329e-05
309	0.95591	0.043387	0.0006743	3.0642e-05
310	0.96229	0.037004	0.00067944	2.6158e-05
311	0.97171	0.027585	0.00068674	1.9513e-05
312	0.98629	0.013003	0.00069769	9.2034e-06
313	0.98701	0.012284	0.00069883	8.7021e-06
314	0.98944	0.009856	0.00070117	6.9905e-06
315	0.99348	0.0058127	0.00070466	4.1272e-06
316	0.99483	0.0044654	0.00070624	3.1726e-06
317	0.99478	0.0045064	0.00070683	3.2044e-06
318	0.99323	0.0060594	0.00070634	4.3105e-06
319	0.98924	0.010048	0.00070411	7.1539e-06
320	0.98686	0.012427	0.00070302	8.8526e-06
321	0.98625	0.013042	0.00070318	9.2986e-06
322	0.98697	0.012313	0.00070429	8.7844e-06
323	0.98532	0.013963	0.0007037	9.9696e-06
324	0.9851	0.01419	0.00070412	1.0137e-05
325	0.98656	0.012729	0.00070574	9.1001e-06
326	0.98989	0.0093969	0.0007087	6.7228e-06
327	0.99562	0.003665	0.00071336	2.626e-06
328	0.99275	0.0065353	0.00071186	4.6872e-06
329	0.99119	0.0080882	0.00071131	5.8043e-06
330	0.99085	0.0084296	0.00071163	6.0516e-06
331	0.99191	0.0073722	0.00071294	5.2952e-06
332	0.9945	0.0047814	0.00071535	3.436e-06
333	0.99903	0.0002484	0.00071914	1.784e-07
334	0.99832	0.00096408	0.00071915	6.9359e-07
335	0.99838	0.00089823	0.00071972	6.4672e-07
336	0.99925	2.422e-05	0.00072086	1.7452e-08
337	0.9991	0.0001764	0.00072124	1.2748e-07
338	0.9951	0.0041787	0.00071885	3.02e-06
339	0.99287	0.0064043	0.00071773	4.6331e-06
340	0.99187	0.0074058	0.00071749	5.3611e-06
341	0.99225	0.007026	0.00071824	5.0909e-06
342	0.9938	0.0054788	0.00071984	3.9732e-06
343	0.99046	0.008811	0.00071789	6.3949e-06
344	0.9886	0.01068	0.000717	7.7554e-06
345	0.9883	0.010976	0.00071724	7.977e-06
346	0.98523	0.014045	0.00071545	1.0218e-05
347	0.98374	0.015536	0.00071481	1.131e-05
348	0.98371	0.015565	0.00071524	1.1338e-05
349	0.98514	0.014134	0.00071673	1.0301e-05
350	0.98857	0.010703	0.00071967	7.8078e-06
351	0.9939	0.0053696	0.00072401	3.9211e-06
352	0.98859	0.010681	0.00072056	7.8011e-06
353	0.98518	0.014095	0.00071851	1.0298e-05
354	0.98376	0.015513	0.00071789	1.1341e-05
355	0.9838	0.015474	0.00071834	1.1319e-05
356	0.98528	0.013991	0.00071985	1.024e-05
357	0.98832	0.010952	0.00072251	8.0178e-06
358	0.99361	0.0056627	0.0007268	4.1474e-06
359	0.99557	0.0037033	0.00072864	2.7145e-06
360	0.99599	0.0032735	0.00072937	2.4002e-06
361	0.9954	0.0038714	0.00072933	2.8401e-06
362	0.99574	0.003532	0.00072999	2.592e-06
363	0.99487	0.004401	0.00072976	3.2294e-06
364	0.99517	0.0041006	0.00073037	3.0101e-06
365	0.98966	0.0096026	0.00072673	7.0473e-06
366	0.98643	0.012835	0.00072474	9.4247e-06
367	0.98512	0.014149	0.00072414	1.0396e-05
368	0.98521	0.014052	0.00072459	1.0329e-05
369	0.98708	0.012186	0.00072632	8.9621e-06
370	0.99098	0.0082888	0.00072954	6.1014e-06
371	0.99205	0.0072123	0.00073069	5.312e-06
372	0.99135	0.0079097	0.00073052	5.8302e-06
373	0.9918	0.0074593	0.0007312	5.501e-06
374	0.99368	0.0055868	0.00073292	4.1238e-06
375	0.9969	0.002365	0.00073564	1.7477e-06
376	0.99824	0.0010202	0.00073697	7.5462e-07
377	0.99883	0.00043204	0.00073775	3.1974e-07
378	0.99917	9.6454e-05	0.00073835	7.1325e-08
379	0.9992	6.0594e-05	0.00073871	4.4819e-08
380	0.99835	0.00091172	0.0007384	6.751e-07
381	0.99822	0.001044	0.00073863	7.7325e-07
382	0.99768	0.0015844	0.00073855	1.1746e-06
383	0.99632	0.0029438	0.00073784	2.1847e-06
384	0.99288	0.0063771	0.0007356	4.7339e-06
385	0.99112	0.0081427	0.00073459	6.0492e-06
386	0.99058	0.0086744	0.00073449	6.4479e-06
387	0.99124	0.0080138	0.00073527	5.9603e-06
388	0.99315	0.0061091	0.00073699	4.5465e-06
389	0.99643	0.0028281	0.00073973	2.1064e-06
390	0.99772	0.0015338	0.000741	1.1427e-06
391	0.99316	0.0060998	0.0007379	4.5394e-06
392	0.99024	0.00902	0.00073602	6.7123e-06
393	0.98898	0.010277	0.00073537	7.6513e-06
394	0.989	0.01026	0.00073567	7.6405e-06
395	0.99054	0.0087202	0.00073709	6.4982e-06
396	0.99347	0.0057846	0.00073955	4.3132e-06
397	0.99445	0.0048071	0.00074054	3.5875e-06
398	0.99396	0.0052944	0.00074045	3.9525e-06
399	0.99449	0.004762	0.00074111	3.5561e-06
400	0.99358	0.005676	0.0007407	4.2379e-06
401	0.99372	0.0055312	0.00074109	4.1288e-06
402	0.99517	0.0040873	0.00074243	3.0512e-06
403	0.99811	0.0011427	0.00074488	8.537e-07
404	0.9981	0.0011504	0.00074513	8.5933e-07
405	0.99766	0.0015937	0.00074504	1.1908e-06
406	0.99651	0.0027475	0.00074441	2.0547e-06
407	0.99626	0.002995	0.00074446	2.2405e-06
408	0.99689	0.0023628	0.00074517	1.7677e-06
409	0.99676	0.0024931	0.0007453	1.866e-06
410	0.99559	0.0036674	0.00074465	2.7446e-06
411	0.99538	0.0038755	0.00074472	2.8998e-06
412	0.99392	0.00533	0.00074385	3.9885e-06
413	0.99375	0.0054973	0.00074393	4.1153e-06
414	0.99485	0.0044006	0.00074495	3.297e-06
415	0.99708	0.0021705	0.00074682	1.6278e-06
416	0.99793	0.0013257	0.00074766	9.9456e-07
417	0.99819	0.0010593	0.00074805	7.9547e-07
418	0.99036	0.0088866	0.00074237	6.6699e-06
419	0.98541	0.01384	0.00073883	1.0393e-05
420	0.98235	0.016904	0.00073672	1.2696e-05
421	0.97343	0.025819	0.00073021	1.9389e-05
422	0.96734	0.031912	0.00072582	2.3963e-05
423	0.9636	0.035647	0.00072321	2.6766e-05
424	0.96241	0.036845	0.00072249	2.7668e-05
425	0.96359	0.035657	0.00072355	2.6781e-05
426	0.96743	0.031824	0.00072658	2.3911e-05
427	0.97367	0.025579	0.00073143	1.9222e-05
428	0.98361	0.015635	0.00073905	1.1756e-05
429	0.99741	0.0018412	0.00074957	1.385e-06
430	0.99561	0.0036429	0.00074836	2.7412e-06
431	0.99115	0.0081008	0.00074515	6.0944e-06
432	0.98836	0.010888	0.0007432	8.1897e-06
433	0.98701	0.012237	0.00074233	9.2027e-06
434	0.98726	0.011989	0.00074266	9.0158e-06
435	0.98914	0.010111	0.00074419	7.6043e-06
436	0.98368	0.015568	0.00074022	1.1707e-05
437	0.98063	0.018623	0.00073804	1.4006e-05
438	0.97965	0.019596	0.00073741	1.4742e-05
439	0.98024	0.019008	0.00073796	1.43e-05
440	0.98278	0.016463	0.00073998	1.2387e-05
441	0.98761	0.011637	0.0007437	8.7592e-06
442	0.98524	0.014006	0.00074199	1.0548e-05
443	0.98436	0.014885	0.00074141	1.1213e-05
444	0.98489	0.014359	0.00074188	1.0817e-05
445	0.98725	0.011995	0.00074374	9.0394e-06
446	0.9913	0.0079475	0.00074686	5.9891e-06
447	0.99797	0.0012771	0.00075195	9.648e-07
448	0.99499	0.0042582	0.00074976	3.2165e-06
449	0.99348	0.0057643	0.00074868	4.3566e-06
450	0.99307	0.006173	0.00074842	4.6674e-06
451	0.99063	0.0086143	0.00074664	6.5124e-06
452	0.98951	0.0097357	0.00074585	7.3597e-06
453	0.98964	0.0096094	0.000746	7.264e-06
454	0.99101	0.0082394	0.0007471	6.2279e-06
455	0.99372	0.0055216	0.00074922	4.1721e-06
456	0.99847	0.00078079	0.00075285	5.8997e-07
457	0.98816	0.011091	0.00074512	8.3697e-06
458	0.98081	0.018433	0.00073962	1.3906e-05
459	0.97591	0.023337	0.00073598	1.7601e-05
460	0.96379	0.03546	0.00072687	2.6741e-05
461	0.95605	0.043193	0.00072106	3.2577e-05
462	0.95185	0.047399	0.0007179	3.5755e-05
463	0.79934	0.19991	0.00060286	0.00015081
464	0.69266	0.30659	0.00052233	0.00023134
465	0.61222	0.38703	0.00046166	0.00029202
466	0.55724	0.44201	0.00042017	0.00033352
467	0.51617	0.48308	0.00038919	0.00036449
468	0.4888	0.51045	0.00036853	0.00038515
469	0.47131	0.52794	0.0003553	0.00039835
470	0.45946	0.53979	0.00034635	0.00040729
471	0.45366	0.54559	0.00034195	0.00041166
472	0.45317	0.54608	0.00034154	0.00041204
473	0.43729	0.56196	0.00032953	0.00042401
474	0.42681	0.57244	0.00032161	0.00043189
475	0.42211	0.57714	0.00031804	0.00043542
476	0.34132	0.65792	0.00025701	0.00049639
477	0.28032	0.71892	0.00021097	0.00054238
478	0.23785	0.7614	0.00017889	0.0005744
479	0.20583	0.79342	0.00015471	0.00059851
480	0.18182	0.81743	0.00013661	0.00061655
481	0.1641	0.83514	0.00012326	0.00062983
482	0.15129	0.84796	0.00011361	0.00063942
483	0.14237	0.85688	0.0001069	0.00064606
484	0.1366	0.86265	0.00010256	0.00065032
485	0.13456	0.86469	0.00010102	0.00065178
486	0.11977	0.87947	8.9914e-05	0.00066281
487	0.11013	0.88912	8.266e-05	0.00066998
488	0.10457	0.89467	7.8474e-05	0.00067407
489	0.10146	0.89779	7.6129e-05	0.00067632
490	0.088187	0.91106	6.6143e-05	0.0006862
491	0.078432	0.92082	5.881e-05	0.00069343
492	0.071499	0.92775	5.3603e-05	0.00069853
493	0.067507	0.93174	5.0601e-05	0.00070142
494	0.066074	0.93317	4.9515e-05	0.00070238
495	0.066999	0.93225	5.0195e-05	0.00070157
496	0.060225	0.93902	4.5099e-05	0.00070654
497	0.056335	0.94291	4.2164e-05	0.00070933
498	0.054101	0.94515	4.0476e-05	0.00071088
499	0.053893	0.94536	4.0304e-05	0.0007109
500	0.055685	0.94356	4.1627e-05	0.00070943
501	0.059108	0.94014	4.4174e-05	0.00070672
502	0.065126	0.93412	4.8655e-05	0.00070207
503	0.073562	0.92569	5.4949e-05	0.00069561
504	0.086228	0.91302	6.4394e-05	0.000686
505	0.10323	0.89602	7.7082e-05	0.00067313
506	0.12589	0.87336	9.4012e-05	0.00065603
507	0.13262	0.86663	9.9017e-05	0.00065084
508	0.12971	0.86954	9.6818e-05	0.00065286
509	0.13005	0.8692	9.7037e-05	0.00065245
510	0.13281	0.86644	9.9079e-05	0.00065022
511	0.13822	0.86103	0.0001031	0.00064601
512	0.14674	0.85251	0.00010946	0.00063946
513	0.1606	0.83865	0.0001198	0.00062892
514	0.17952	0.81973	0.00013392	0.00061459
515	0.20493	0.79433	0.00015291	0.00059541
516	0.24242	0.75683	0.00018091	0.0005672
517	0.2389	0.76035	0.00017824	0.00056966
518	0.23966	0.75959	0.00017875	0.00056892
519	0.24503	0.75423	0.0001827	0.00056474
520	0.21193	0.78732	0.00015793	0.00058929
521	0.18925	0.81001	0.00014093	0.00060605
522	0.17251	0.82674	0.00012839	0.00061835
523	0.16045	0.8388	0.00011936	0.00062714
524	0.15215	0.84711	0.00011315	0.00063312
525	0.14703	0.85223	0.00010931	0.00063671
526	0.12935	0.8699	9.6119e-05	0.00064965
527	0.11785	0.88141	8.7521e-05	0.00065799
528	0.10979	0.88946	8.1502e-05	0.00066375
529	0.084985	0.91427	6.3045e-05	0.00068195
530	0.066152	0.9331	4.9049e-05	0.00069568
531	0.053103	0.94615	3.9345e-05	0.00070511
532	0.043312	0.95594	3.2072e-05	0.00071211
533	0.036702	0.96255	2.7158e-05	0.00071675
534	0.031863	0.96739	2.3564e-05	0.00072006
535	0.029008	0.97025	2.1438e-05	0.0007219
536	0.027237	0.97202	2.012e-05	0.00072293
537	0.026417	0.97284	1.9509e-05	0.00072325
538	0.026486	0.97277	1.9558e-05	0.0007229
539	0.027449	0.97181	2.0271e-05	0.00072189
540	0.029401	0.96986	2.1718e-05	0.00072015
541	0.026003	0.97326	1.9207e-05	0.00072236
542	0.024187	0.97507	1.7864e-05	0.0007234
543	0.023622	0.97564	1.7444e-05	0.0007235
544	0.018253	0.98101	1.3468e-05	0.00072716
545	0.014168	0.98509	1.0447e-05	0.00072985
546	0.011049	0.98821	8.1433e-06	0.00073183
547	0.00865	0.99061	6.3744e-06	0.00073327
548	0.0070749	0.99219	5.2116e-06	0.0007341
549	0.0061032	0.99316	4.4927e-06	0.00073448
550	0.0053819	0.99388	3.9597e-06	0.00073467
551	0.0048545	0.99441	3.5706e-06	0.00073471
552	0.0046709	0.99459	3.4333e-06	0.0007345
553	0.0046075	0.99465	3.3851e-06	0.00073419
554	0.0046684	0.99459	3.4289e-06	0.00073379
555	0.0048584	0.9944	3.568e-06	0.00073329
556	0.0051924	0.99407	3.8134e-06	0.00073268
557	0.0056964	0.99357	4.1845e-06	0.00073195
558	0.0064101	0.99285	4.7105e-06	0.00073106
559	0.0073777	0.99189	5.424e-06	0.00072998
560	0.0089671	0.9903	6.593e-06	0.00072844
561	0.011337	0.98793	8.3331e-06	0.00072631
562	0.014789	0.98448	1.0865e-05	0.00072339
563	0.019271	0.98	1.4153e-05	0.00071972
564	0.025864	0.9734	1.8984e-05	0.00071449
565	0.020487	0.97878	1.5033e-05	0.00071804
566	0.01686	0.98241	1.2366e-05	0.0007203
567	0.014181	0.98509	1.0399e-05	0.00072186
568	0.012534	0.98673	9.1876e-06	0.00072265
569	0.011763	0.98751	8.6178e-06	0.0007228
570	0.011761	0.98751	8.6101e-06	0.00072237
571	0.012528	0.98674	9.1631e-06	0.00072138
572	0.009691	0.98958	7.083e-06	0.00072302
573	0.0077519	0.99152	5.6601e-06	0.000724
574	0.0062464	0.99302	4.5575e-06	0.00072465
575	0.0052468	0.99402	3.8239e-06	0.00072492
576	0.0044486	0.99482	3.2394e-06	0.00072505
577	0.0039858	0.99529	2.8987e-06	0.00072492
578	0.0036204	0.99565	2.6303e-06	0.00072472
579	0.0033237	0.99595	2.4129e-06	0.00072447
580	0.003231	0.99604	2.3428e-06	0.00072406
581	0.0031715	0.9961	2.2974e-06	0.00072363
582	0.0031334	0.99614	2.2681e-06	0.00072318
583	0.003121	0.99615	2.2579e-06	0.0007227
584	0.0032894	0.99599	2.3773e-06	0.00072209
585	0.00349	0.99579	2.5203e-06	0.00072145
586	0.0037381	0.99554	2.6979e-06	0.00072078
587	0.0040525	0.99522	2.9236e-06	0.00072006
588	0.0046531	0.99462	3.3542e-06	0.00071912
589	0.0054112	0.99387	3.8985e-06	0.00071807
590	0.0063753	0.9929	4.5915e-06	0.00071687
591	0.0076187	0.99166	5.4859e-06	0.00071547
592	0.0092356	0.99004	6.6497e-06	0.00071379
593	0.011653	0.98763	8.3864e-06	0.00071153
594	0.01526	0.98402	1.0974e-05	0.00070842
595	0.019943	0.97934	1.4336e-05	0.00070453
596	0.026058	0.97322	1.8725e-05	0.00069961
597	0.034111	0.96517	2.4506e-05	0.00069329
598	0.045687	0.9536	3.2805e-05	0.00068445
599	0.049074	0.95021	3.521e-05	0.0006815
600	0.046756	0.95253	3.352e-05	0.00068264
601	0.046419	0.95287	3.3246e-05	0.00068235
602	0.039679	0.95961	2.8385e-05	0.00068664
603	0.034771	0.96451	2.4847e-05	0.0006896
604	0.031924	0.96736	2.2785e-05	0.00069108
605	0.03074	0.96855	2.1911e-05	0.00069137
606	0.030579	0.96871	2.177e-05	0.00069092
607	0.031827	0.96746	2.263e-05	0.00068947
608	0.034168	0.96512	2.4267e-05	0.00068723
609	0.037809	0.96148	2.6828e-05	0.00068407
610	0.043035	0.95626	3.0512e-05	0.00067978
611	0.042528	0.95676	3.012e-05	0.00067956
612	0.043256	0.95603	3.0607e-05	0.00067846
613	0.045799	0.95349	3.2374e-05	0.00067608
614	0.049859	0.94943	3.5214e-05	0.00067262
615	0.055746	0.94355	3.9343e-05	0.00066786
616	0.043621	0.95567	3.0752e-05	0.00067583
617	0.034476	0.96482	2.4283e-05	0.00068167
618	0.028365	0.97093	1.9957e-05	0.00068536
619	0.023845	0.97545	1.6762e-05	0.00068792
620	0.02097	0.97833	1.4726e-05	0.00068931
621	0.019375	0.97992	1.3589e-05	0.0006898
622	0.018523	0.98077	1.2979e-05	0.00068976
623	0.018369	0.98093	1.2861e-05	0.00068922
624	0.019211	0.98009	1.3438e-05	0.00068798
625	0.021156	0.97814	1.4784e-05	0.00068596
626	0.024017	0.97528	1.677e-05	0.00068331
627	0.028013	0.97129	1.9547e-05	0.00067985
628	0.034199	0.9651	2.3844e-05	0.00067488
629	0.04247	0.95683	2.959e-05	0.00066845
630	0.054476	0.94483	3.7921e-05	0.00065942
631	0.071745	0.92756	4.9889e-05	0.00064676
632	0.076835	0.92247	5.3375e-05	0.00064257
633	0.084351	0.91495	5.8544e-05	0.0006367
634	0.083401	0.9159	5.7829e-05	0.00063671
635	0.084996	0.91431	5.8876e-05	0.00063495
636	0.08934	0.90997	6.182e-05	0.00063129
637	0.097176	0.90213	6.7167e-05	0.00062522
638	0.10816	0.89114	7.4686e-05	0.00061697
639	0.12321	0.87609	8.5003e-05	0.00060592
640	0.14571	0.8536	0.00010042	0.00058977
641	0.17554	0.82377	0.00012087	0.00056857
642	0.21516	0.78416	0.00014804	0.00054066
643	0.2283	0.77101	0.00015694	0.00053102
644	0.24853	0.75078	0.00017069	0.00051653
645	0.27897	0.72035	0.00019139	0.00049506
646	0.32386	0.67545	0.00022194	0.00046375
647	0.38325	0.61607	0.00026237	0.00042255
648	0.46978	0.52954	0.00032124	0.0003629
649	0.47593	0.52339	0.00032507	0.00035829
650	0.48821	0.5111	0.00033308	0.0003495
651	0.50626	0.49306	0.000345	0.00033679
652	0.53157	0.46775	0.00036186	0.00031915
653	0.56909	0.43023	0.00038697	0.00029325
654	0.61922	0.3801	0.00042061	0.0002588
655	0.63769	0.36163	0.00043269	0.00024593
656	0.6659	0.33342	0.00045132	0.00022649
657	0.70402	0.2953	0.00047665	0.00020036
658	0.76033	0.23899	0.00051421	0.00016198
659	0.8353	0.16402	0.00056434	0.00011104
660	0.93436	0.064968	0.00063069	4.3882e-05
661	0.93503	0.064299	0.00063037	4.337e-05
662	0.93877	0.060557	0.00063212	4.0791e-05
663	0.94606	0.053266	0.00063623	3.5835e-05
664	0.95679	0.042538	0.00064265	2.8575e-05
665	0.9734	0.025934	0.00065298	1.7396e-05
666	0.98041	0.01892	0.00065684	1.2675e-05
667	0.9904	0.0089279	0.00066268	5.9687e-06
668	0.99065	0.0086848	0.00066198	5.7979e-06
669	0.98868	0.010653	0.00065981	7.1001e-06
670	0.9883	0.011038	0.00065868	7.346e-06
671	0.98945	0.0098894	0.00065857	6.572e-06
672	0.99234	0.0069952	0.0006596	4.6421e-06
673	0.9931	0.0062325	0.0006592	4.1315e-06
674	0.99238	0.0069558	0.0006578	4.6074e-06
675	0.99278	0.0065631	0.00065715	4.3422e-06
676	0.99458	0.0047635	0.00065742	3.1492e-06
677	0.99474	0.0045969	0.0006566	3.0356e-06
678	0.99342	0.0059232	0.0006548	3.9057e-06
679	0.9934	0.0059378	0.00065386	3.9108e-06
680	0.99446	0.0048829	0.00065362	3.2116e-06
681	0.99695	0.0023898	0.00065432	1.5714e-06
682	0.99612	0.0032284	0.00065283	2.12e-06
683	0.99619	0.0031545	0.00065193	2.0685e-06
684	0.99718	0.0021623	0.00065164	1.4159e-06
685	0.99513	0.004214	0.00064935	2.7545e-06
686	0.99042	0.0089328	0.00064532	5.8271e-06
687	0.98782	0.011529	0.00064268	7.5107e-06
688	0.98666	0.012695	0.00064097	8.2575e-06
689	0.98238	0.016968	0.00063723	1.1021e-05
690	0.97994	0.019409	0.00063469	1.2587e-05
691	0.97914	0.020212	0.00063323	1.3085e-05
692	0.98031	0.019043	0.00063302	1.231e-05
693	0.98313	0.016223	0.00063388	1.047e-05
694	0.98831	0.011051	0.00063624	7.1222e-06
695	0.99582	0.0035329	0.0006401	2.2724e-06
696	0.9993	5.5185e-05	0.00064134	3.5469e-08
697	0.99932	4.1379e-05	0.00064035	2.6538e-08
698	0.99865	0.00071479	0.00063891	4.5805e-07
699	0.9974	0.0019609	0.00063709	1.2556e-06
700	0.99447	0.0048954	0.0006342	3.1291e-06
701	0.98787	0.011497	0.00062897	7.3393e-06
702	0.98395	0.015416	0.00062544	9.829e-06
703	0.98175	0.017614	0.00062302	1.1214e-05
704	0.98111	0.018257	0.00062159	1.1606e-05
705	0.98197	0.017396	0.00062112	1.1042e-05
706	0.98442	0.014945	0.00062166	9.4723e-06
707	0.98863	0.010735	0.0006233	6.7945e-06
708	0.99492	0.0044471	0.00062625	2.8115e-06
709	0.95613	0.043243	0.00060079	2.7228e-05
710	0.9294	0.069971	0.00058297	4.3991e-05
711	0.90977	0.0896	0.00056968	5.6231e-05
712	0.89693	0.10244	0.00056067	6.4185e-05
713	0.88831	0.11106	0.00055432	6.9468e-05
714	0.88403	0.11535	0.00055069	7.2028e-05
715	0.8837	0.11568	0.00054952	7.212e-05
716	0.88632	0.11306	0.00055018	7.0377e-05
717	0.88051	0.11887	0.00054561	7.3862e-05
718	0.8779	0.12149	0.00054304	7.5354e-05
719	0.87905	0.12033	0.0005428	7.4508e-05
720	0.88432	0.11507	0.00054507	7.1138e-05
721	0.89318	0.1062	0.00054956	6.5553e-05
722	0.90635	0.09304	0.00055667	5.7337e-05
723	0.92484	0.074547	0.00056704	4.5867e-05
724	0.93197	0.067417	0.00057039	4.1414e-05
725	0.94263	0.056755	0.00057589	3.4809e-05
726	0.95764	0.041753	0.00058402	2.5567e-05
727	0.96291	0.036481	0.00058619	2.2296e-05
728	0.97175	0.027643	0.0005905	1.6868e-05
729	0.98418	0.015218	0.00059698	9.2717e-06
730	0.984	0.015391	0.00059578	9.3556e-06
731	0.98092	0.018474	0.00059281	1.1201e-05
732	0.97953	0.019868	0.00059087	1.2018e-05
733	0.97972	0.019682	0.00058988	1.1878e-05
734	0.98191	0.017485	0.00059009	1.053e-05
735	0.98591	0.013493	0.00059139	8.1058e-06
736	0.98693	0.012471	0.00059087	7.4746e-06
737	0.98979	0.009609	0.00059145	5.7468e-06
738	0.9949	0.0045074	0.00059334	2.6906e-06
739	0.99076	0.0086465	0.00058972	5.1471e-06
740	0.98853	0.010876	0.00058723	6.4613e-06
741	0.98798	0.011428	0.00058573	6.7766e-06
742	0.98488	0.014525	0.00058272	8.5992e-06
743	0.98338	0.016028	0.00058066	9.4701e-06
744	0.97775	0.021659	0.00057617	1.2769e-05
745	0.96446	0.03495	0.00056717	2.0563e-05
746	0.95604	0.043372	0.00056105	2.5471e-05
747	0.95056	0.048851	0.00055668	2.8629e-05
748	0.94825	0.051166	0.00055416	2.9926e-05
749	0.94817	0.051246	0.00055296	2.991e-05
750	0.95096	0.048455	0.00055341	2.8225e-05
751	0.9562	0.043218	0.00055528	2.5123e-05
752	0.96511	0.034311	0.00055926	1.991e-05
753	0.97769	0.021731	0.00056534	1.2588e-05
754	0.99498	0.0044457	0.00057411	2.574e-06
755	0.99414	0.0052859	0.0005724	3.0528e-06
756	0.99433	0.0051001	0.00057127	2.9386e-06
757	0.99297	0.0064559	0.00056926	3.7089e-06
758	0.99273	0.0066969	0.0005679	3.8367e-06
759	0.99383	0.0055948	0.00056729	3.1977e-06
760	0.99644	0.0029957	0.00056752	1.7094e-06
761	0.99737	0.0020585	0.0005668	1.1721e-06
762	0.99929	0.00014447	0.00056663	8.2003e-08
763	0.99841	0.0010268	0.00056487	5.809e-07
764	0.99834	0.0010973	0.00056355	6.1966e-07
765	0.99898	0.00045278	0.00056264	2.5503e-07
766	0.99852	0.00092311	0.00056109	5.189e-07
767	0.99439	0.0050531	0.00055748	2.8357e-06
768	0.99179	0.0076547	0.00055473	4.2848e-06
769	0.99078	0.0086608	0.00055287	4.8375e-06
770	0.99096	0.0084792	0.00055168	4.7249e-06
771	0.99259	0.0068534	0.00055128	3.8114e-06
772	0.99251	0.0069348	0.00054992	3.8495e-06
773	0.99355	0.0059013	0.00054917	3.2697e-06
774	0.99579	0.003661	0.00054909	2.0256e-06
775	0.99427	0.0051771	0.00054692	2.8584e-06
776	0.99383	0.0056218	0.00054535	3.0974e-06
777	0.99442	0.0050288	0.00054435	2.7656e-06
778	0.99348	0.0059718	0.00054251	3.2756e-06
779	0.9904	0.0090603	0.00053948	4.957e-06
780	0.98874	0.010718	0.00053725	5.8495e-06
781	0.98392	0.015535	0.00053329	8.4574e-06
782	0.98098	0.018476	0.00053036	1.0033e-05
783	0.98011	0.019356	0.00052854	1.0489e-05
784	0.96157	0.037895	0.00051719	2.0475e-05
785	0.94943	0.050032	0.00050933	2.6967e-05
786	0.94104	0.058426	0.00050351	3.1411e-05
787	0.93573	0.063734	0.00049937	3.4176e-05
788	0.93368	0.065788	0.00049698	3.5192e-05
789	0.93403	0.065441	0.00049586	3.4921e-05
790	0.90931	0.090163	0.00048141	4.7982e-05
791	0.8912	0.10827	0.00047055	5.7458e-05
792	0.87833	0.12114	0.0004625	6.4108e-05
793	0.86973	0.12975	0.00045675	6.8471e-05
794	0.86474	0.13474	0.00045292	7.091e-05
795	0.86302	0.13646	0.00045082	7.1615e-05
796	0.85191	0.14756	0.00044381	7.722e-05
797	0.82087	0.17861	0.00042647	9.3164e-05
798	0.74342	0.25606	0.00038516	0.00013306
799	0.55175	0.44773	0.0002851	0.00023172
800	0.41744	0.58204	0.00021508	0.00030033
801	0.32494	0.67454	0.0001669	0.00034709
802	0.25469	0.74479	0.00013043	0.00038214
803	0.20562	0.79387	0.00010496	0.00040618
804	0.16843	0.83106	8.5714e-05	0.00042399
805	0.14032	0.85917	7.1196e-05	0.00043708
806	0.12097	0.87852	6.1188e-05	0.00044564
807	0.10818	0.89131	5.4544e-05	0.00045083
808	0.10017	0.89932	5.0341e-05	0.00045358
809	0.095819	0.90368	4.7994e-05	0.00045446
810	0.093655	0.90584	4.676e-05	0.00045422
811	0.081986	0.91751	4.079e-05	0.00045872
812	0.074389	0.92511	3.6877e-05	0.00046116
813	0.069207	0.9303	3.4188e-05	0.00046236
814	0.066033	0.93347	3.2511e-05	0.00046256
815	0.064585	0.93492	3.1696e-05	0.00046188
816	0.064755	0.93475	3.1682e-05	0.00046041
817	0.066588	0.93292	3.2483e-05	0.00045812
818	0.070874	0.92864	3.4471e-05	0.00045463
819	0.077366	0.92215	3.7522e-05	0.00045007
820	0.087756	0.91176	4.2438e-05	0.00044365
821	0.10182	0.8977	4.9101e-05	0.00043547
822	0.12071	0.87881	5.8057e-05	0.000425
823	0.14591	0.85361	6.9998e-05	0.00041154
824	0.18219	0.81733	8.7159e-05	0.00039286
825	0.23024	0.76928	0.00010985	0.00036864
826	0.24978	0.74974	0.0001188	0.00035815
827	0.27874	0.72078	0.00013215	0.00034326
828	0.31755	0.68198	0.00015008	0.00032378
829	0.36901	0.63052	0.00017387	0.00029844
830	0.43733	0.5622	0.00020546	0.0002653
831	0.52787	0.47167	0.0002473	0.00022191
832	0.51604	0.48349	0.00024096	0.0002267
833	0.51058	0.48895	0.00023761	0.00022849
834	0.50934	0.49019	0.00023624	0.00022829
835	0.51339	0.48615	0.00023732	0.00022564
836	0.52184	0.4777	0.00024042	0.00022097
837	0.53698	0.46256	0.00024657	0.00021324
838	0.56076	0.43878	0.00025661	0.00020161
839	0.59684	0.40271	0.00027217	0.00018445
840	0.64511	0.35444	0.00029319	0.00016183
841	0.70924	0.29031	0.00032126	0.00013216
842	0.73412	0.26543	0.00033138	0.00012043
843	0.74138	0.25817	0.00033349	0.00011672
844	0.75501	0.24454	0.00033842	0.00011018
845	0.77691	0.22265	0.00034699	9.9985e-05
846	0.80684	0.19271	0.00035908	8.6267e-05
847	0.80237	0.19719	0.00035579	8.7941e-05
848	0.80241	0.19714	0.00035449	8.7601e-05
849	0.80604	0.19352	0.00035478	8.5678e-05
850	0.81352	0.18604	0.00035676	8.2065e-05
851	0.82545	0.17412	0.00036067	7.6521e-05
852	0.84275	0.15681	0.00036689	6.8658e-05
853	0.86934	0.13022	0.00037709	5.6816e-05
854	0.90514	0.094423	0.00039121	4.1052e-05
855	0.91904	0.080529	0.00039573	3.4878e-05
856	0.91275	0.086825	0.00039151	3.7444e-05
857	0.9103	0.08927	0.00038895	3.8343e-05
858	0.91058	0.088991	0.00038755	3.8069e-05
859	0.91445	0.085126	0.00038767	3.6274e-05
860	0.92142	0.07816	0.00038909	3.3175e-05
861	0.93203	0.067547	0.00039203	2.8557e-05
862	0.94874	0.050841	0.00039748	2.1416e-05
863	0.97148	0.028103	0.00040541	1.18e-05
864	0.97291	0.026674	0.00040436	1.1155e-05
865	0.97623	0.023353	0.00040409	9.728e-06
866	0.98168	0.01791	0.00040468	7.4328e-06
867	0.98966	0.0099313	0.00040631	4.1089e-06
868	0.98894	0.010655	0.00040432	4.3884e-06
869	0.98972	0.009872	0.00040294	4.051e-06
870	0.99217	0.0074208	0.00040222	3.0393e-06
871	0.98881	0.010783	0.00039914	4.3952e-06
872	0.98008	0.019514	0.00039389	7.9121e-06
873	0.9741	0.025499	0.00038978	1.0291e-05
874	0.95756	0.042039	0.00038146	1.6879e-05
875	0.94667	0.052933	0.00037544	2.116e-05
876	0.93925	0.06036	0.00037084	2.4023e-05
877	0.93472	0.064883	0.00036741	2.571e-05
878	0.93276	0.066847	0.000365	2.6373e-05
879	0.92361	0.075996	0.00035978	2.9846e-05
880	0.90045	0.099166	0.0003491	3.8766e-05
881	0.88357	0.11604	0.00034095	4.5151e-05
882	0.87172	0.1279	0.0003348	4.9533e-05
883	0.83974	0.15988	0.00032096	6.1606e-05
884	0.81616	0.18346	0.00031046	7.0345e-05
885	0.79927	0.20035	0.00030259	7.6445e-05
886	0.78769	0.21193	0.0002968	8.0473e-05
887	0.78054	0.21909	0.00029271	8.279e-05
888	0.77726	0.22236	0.00029011	8.3624e-05
889	0.77768	0.22195	0.00028889	8.3069e-05
890	0.78175	0.21788	0.00028904	8.1152e-05
891	0.78979	0.20984	0.00029064	7.7777e-05
892	0.80386	0.19577	0.00029441	7.2217e-05
893	0.82382	0.17581	0.0003003	6.4543e-05
894	0.8292	0.17044	0.00030081	6.2256e-05
895	0.82547	0.17417	0.00029798	6.3289e-05
896	0.82519	0.17445	0.00029641	6.3061e-05
897	0.82924	0.1704	0.00029638	6.1282e-05
898	0.83814	0.1615	0.00029806	5.779e-05
899	0.85158	0.14806	0.00030132	5.271e-05
900	0.87069	0.12896	0.00030654	4.5672e-05
901	0.89695	0.1027	0.00031422	3.6176e-05
902	0.93531	0.064339	0.00032603	2.2541e-05
903	0.9916	0.0080568	0.00034392	2.8135e-06
904	0.9899	0.0097521	0.00034151	3.3836e-06
905	0.98948	0.010173	0.00033955	3.5087e-06
906	0.99055	0.0091046	0.00033808	3.1236e-06
907	0.98948	0.010176	0.00033589	3.4701e-06
908	0.9899	0.0097576	0.00033419	3.3096e-06
909	0.9916	0.0080651	0.00033291	2.7214e-06
910	0.99122	0.0084436	0.00033094	2.8323e-06
911	0.99202	0.0076494	0.00032936	2.5512e-06
912	0.99405	0.0056224	0.00032818	1.8645e-06
913	0.99114	0.0085339	0.00032538	2.8093e-06
914	0.98963	0.010044	0.00032304	3.2848e-06
915	0.98963	0.010045	0.00032118	3.2651e-06
916	0.99114	0.0085361	0.0003198	2.7585e-06
917	0.99405	0.0056262	0.00031887	1.8069e-06
918	0.99906	0.00061623	0.00031858	1.9692e-07
919	0.99883	0.00085099	0.00031661	2.7011e-07
920	0.99927	0.00041176	0.00031486	1.2978e-07
921	0.99958	0.00010919	0.00031305	3.4156e-08
922	0.99652	0.0031707	0.00031018	9.8595e-07
923	0.9949	0.0047878	0.00030776	1.4799e-06
924	0.99456	0.0051313	0.00030572	1.5766e-06
925	0.99246	0.0072297	0.00030314	2.2085e-06
926	0.99159	0.0081019	0.00030095	2.4594e-06
927	0.99214	0.0075549	0.00029917	2.2793e-06
928	0.991	0.0086976	0.00029687	2.6083e-06
929	0.99106	0.0086447	0.00029494	2.5761e-06
930	0.99231	0.0073922	0.00029335	2.1887e-06
931	0.99182	0.0078859	0.00029124	2.3199e-06
932	0.99248	0.0072331	0.00028947	2.114e-06
933	0.99434	0.0053709	0.00028804	1.5594e-06
934	0.99448	0.0052345	0.00028611	1.5089e-06
935	0.99566	0.0040548	0.00028447	1.1602e-06
936	0.99826	0.0014575	0.00028323	4.1404e-07
937	0.996	0.0037176	0.00028059	1.0482e-06
938	0.99485	0.004868	0.00027827	1.3623e-06
