#coord	neutral	conserved	gBGC.neutral	gBGC.conserved
1	0.76489	0.23486	0.00018709	5.7542e-05
2	0.77079	0.22897	0.00018668	5.554e-05
3	0.78103	0.21873	0.00018729	5.2515e-05
4	0.79797	0.20179	0.00018943	4.7954e-05
5	0.82375	0.17601	0.00019355	4.1403e-05
6	0.86232	0.13744	0.0002005	3.2016e-05
7	0.91374	0.086033	0.00021025	1.9842e-05
8	0.9363	0.063473	0.00021316	1.4501e-05
9	0.96683	0.032944	0.00021777	7.4626e-06
10	0.9787	0.021079	0.00021809	4.7304e-06
11	0.9831	0.016675	0.00021672	3.7031e-06
12	0.98979	0.0099916	0.00021584	2.195e-06
13	0.99248	0.0072999	0.00021405	1.5872e-06
14	0.99678	0.0030056	0.0002126	6.4731e-07
15	0.99855	0.0012384	0.00021061	2.6403e-07
16	0.99803	0.0017614	0.00020814	3.6985e-07
17	0.99829	0.0015075	0.00020584	3.1226e-07
18	0.99792	0.0018772	0.00020341	3.8393e-07
19	0.99834	0.0014609	0.00020115	2.9486e-07
20	0.99973	7.4064e-05	0.00019907	1.48e-08
21	0.99978	2.7773e-05	0.00019672	5.4734e-09
22	0.9995	0.00030631	0.00019431	5.9795e-08
23	0.9991	0.00071	0.00019189	1.3687e-07
24	0.99935	0.00045706	0.0001896	8.7082e-08
25	0.99946	0.00035374	0.00018729	6.6495e-08
26	0.99948	0.00033317	0.00018498	6.1642e-08
27	0.99849	0.0013282	0.00018247	2.4258e-07
28	0.99838	0.001438	0.00018012	2.5955e-07
29	0.99903	0.00079146	0.00017792	1.4089e-07
30	0.99932	0.0005053	0.00017563	8.8837e-08
31	0.99841	0.0014203	0.00017315	2.4607e-07
32	0.99629	0.0035418	0.00017048	6.0424e-07
33	0.99514	0.0046874	0.000168	7.8739e-07
34	0.99492	0.0049168	0.00016568	8.1234e-07
35	0.99573	0.0041085	0.00016353	6.6667e-07
36	0.99517	0.0046727	0.00016116	7.4465e-07
37	0.99562	0.0042193	0.00015895	6.5889e-07
38	0.99698	0.0028605	0.00015689	4.3248e-07
39	0.99714	0.002707	0.00015465	3.9592e-07
40	0.9981	0.0017488	0.00015254	2.3756e-07
41	0.99822	0.001634	0.00015029	2.0429e-07
42	0.99761	0.0022464	0.00014795	2.6201e-07
43	0.99775	0.0021021	0.00014572	2.119e-07
44	0.9971	0.0027549	0.00014624	3.2644e-07
45	0.99732	0.0025374	0.00014689	3.1831e-07
46	0.99842	0.0014328	0.00014766	1.85e-07
47	0.99884	0.0010159	0.00014835	1.3653e-07
48	0.99889	0.0009649	0.00014898	1.3535e-07
49	0.99965	0.00019841	0.00014971	2.8372e-08
50	0.99966	0.00018727	0.00015035	2.766e-08
51	0.99977	7.5567e-05	0.00015099	1.1343e-08
52	0.9997	0.00015257	0.0001516	2.3078e-08
53	0.99888	0.00096436	0.00015211	1.4619e-07
54	0.99733	0.0025146	0.0001525	3.8302e-07
55	0.99688	0.0029675	0.00015304	4.5397e-07
56	0.99746	0.0023862	0.00015374	3.6666e-07
57	0.99713	0.0027139	0.0001543	4.1849e-07
58	0.99579	0.0040544	0.00015469	6.2804e-07
59	0.98357	0.016279	0.0001534	2.5297e-06
60	0.9757	0.024146	0.00015276	3.7684e-06
61	0.97045	0.029392	0.00015253	4.603e-06
62	0.96741	0.032428	0.00015264	5.0943e-06
63	0.96676	0.033084	0.00015312	5.2146e-06
64	0.96163	0.038207	0.00015288	6.0446e-06
65	0.95942	0.040424	0.00015309	6.4196e-06
66	0.95923	0.040611	0.00015363	6.4709e-06
67	0.95412	0.045717	0.00015337	7.3118e-06
68	0.95141	0.048429	0.00015349	7.7713e-06
69	0.9515	0.048334	0.00015405	7.7821e-06
70	0.94639	0.053448	0.00015376	8.6381e-06
71	0.94446	0.055378	0.00015398	8.9836e-06
72	0.94544	0.054395	0.00015466	8.8571e-06
73	0.94877	0.051063	0.00015573	8.3426e-06
74	0.95539	0.044441	0.00015733	7.2861e-06
75	0.9652	0.034637	0.00015947	5.6945e-06
76	0.96815	0.031686	0.00016049	5.227e-06
77	0.9739	0.025936	0.00016196	4.2937e-06
78	0.98238	0.017451	0.00016389	2.8966e-06
79	0.98571	0.014124	0.00016497	2.3523e-06
80	0.98591	0.013923	0.00016553	2.3261e-06
81	0.98753	0.012301	0.00016633	2.0594e-06
82	0.9806	0.019232	0.00016569	3.2316e-06
83	0.9765	0.023331	0.00016551	3.9343e-06
84	0.97433	0.0255	0.00016566	4.3121e-06
85	0.97428	0.025552	0.00016616	4.3331e-06
86	0.9704	0.029425	0.000166	5.007e-06
87	0.96904	0.030792	0.00016625	5.2572e-06
88	0.96951	0.030322	0.00016683	5.1913e-06
89	0.97228	0.027552	0.00016779	4.7301e-06
90	0.97782	0.022008	0.00016922	3.7894e-06
91	0.98691	0.012917	0.00017126	2.2326e-06
92	0.9903	0.0095245	0.00017233	1.6513e-06
93	0.99124	0.0085882	0.00017297	1.4946e-06
94	0.99011	0.0097194	0.00017325	1.6971e-06
95	0.99022	0.0096026	0.00017376	1.6808e-06
96	0.99189	0.0079343	0.00017452	1.3926e-06
97	0.99153	0.0082962	0.00017494	1.4593e-06
98	0.9926	0.0072205	0.0001756	1.2731e-06
99	0.99527	0.0045571	0.00017654	8.0558e-07
100	0.99344	0.0063843	0.00017668	1.1315e-06
101	0.99297	0.0068511	0.00017706	1.2177e-06
102	0.9938	0.006017	0.00017766	1.0726e-06
103	0.99296	0.0068603	0.00017796	1.2276e-06
104	0.99346	0.006361	0.00017848	1.1429e-06
105	0.9951	0.0047242	0.00017922	8.5213e-07
106	0.99518	0.0046421	0.00017968	8.3974e-07
107	0.99372	0.0060976	0.00017985	1.1068e-06
108	0.99338	0.0064349	0.00018023	1.1711e-06
109	0.99437	0.005452	0.00018084	9.9605e-07
110	0.99651	0.0033047	0.00018167	6.0679e-07
111	0.99714	0.0026809	0.00018222	4.9414e-07
112	0.99682	0.0029933	0.00018261	5.5289e-07
113	0.99739	0.0024276	0.00018316	4.4973e-07
114	0.99888	0.00093236	0.00018389	1.7381e-07
115	0.96928	0.030531	0.00017886	5.6635e-06
116	0.94901	0.050802	0.00017552	9.4531e-06
117	0.93548	0.06433	0.00017341	1.2007e-05
118	0.92603	0.07378	0.00017205	1.3806e-05
119	0.92073	0.079085	0.00017146	1.4839e-05
120	0.91889	0.080922	0.0001715	1.5229e-05
121	0.91967	0.080143	0.00017203	1.5126e-05
122	0.92312	0.076688	0.00017308	1.4516e-05
123	0.92953	0.070286	0.00017469	1.3344e-05
124	0.92893	0.070883	0.00017499	1.3488e-05
125	0.93083	0.068985	0.00017577	1.3156e-05
126	0.93537	0.064444	0.00017706	1.2318e-05
127	0.9335	0.066313	0.00017712	1.27e-05
128	0.93463	0.065184	0.00017774	1.2514e-05
129	0.93904	0.060772	0.00017898	1.1701e-05
130	0.9378	0.062008	0.00017913	1.197e-05
131	0.9389	0.060909	0.00017974	1.1789e-05
132	0.94245	0.057356	0.00018082	1.1131e-05
133	0.94002	0.059793	0.00018075	1.1627e-05
134	0.9406	0.059211	0.00018126	1.1541e-05
135	0.94353	0.056274	0.00018223	1.0996e-05
136	0.94908	0.050722	0.00018372	9.9364e-06
137	0.95852	0.041281	0.00018596	8.1162e-06
138	0.97185	0.027957	0.00018898	5.5234e-06
139	0.9705	0.02931	0.00018913	5.8e-06
140	0.97093	0.02888	0.00018964	5.7257e-06
141	0.97317	0.026634	0.00019051	5.2913e-06
142	0.9774	0.022402	0.00019178	4.46e-06
143	0.97761	0.022191	0.00019226	4.4223e-06
144	0.97949	0.020317	0.00019308	4.0527e-06
145	0.9836	0.016207	0.00019433	3.2379e-06
146	0.98449	0.015316	0.00019493	3.0642e-06
147	0.98691	0.012891	0.00019585	2.5824e-06
148	0.99146	0.0083381	0.00019719	1.674e-06
149	0.99292	0.0068827	0.00019791	1.383e-06
150	0.99273	0.0070696	0.00019829	1.4218e-06
151	0.99391	0.0058849	0.00019894	1.1863e-06
152	0.99633	0.0034665	0.00019985	7.0056e-07
153	0.99725	0.0025513	0.00020044	5.1749e-07
154	0.99474	0.0050559	0.00020035	1.0251e-06
155	0.99365	0.0061513	0.00020053	1.2503e-06
156	0.9901	0.0096968	0.00020022	1.9734e-06
157	0.98808	0.011718	0.00020022	2.3882e-06
158	0.98769	0.012105	0.00020054	2.4731e-06
159	0.98409	0.01571	0.00020021	3.2141e-06
160	0.98256	0.017231	0.0002003	3.5334e-06
161	0.98256	0.017239	0.0002007	3.5426e-06
162	0.97915	0.020647	0.0002004	4.2481e-06
163	0.96942	0.030378	0.00019881	6.2516e-06
164	0.96352	0.03627	0.00019799	7.4767e-06
165	0.96065	0.039145	0.00019778	8.0866e-06
166	0.95152	0.048271	0.00019626	9.9962e-06
167	0.94548	0.054311	0.00019539	1.1269e-05
168	0.94267	0.057119	0.00019517	1.1878e-05
169	0.94218	0.057609	0.00019543	1.2004e-05
170	0.94467	0.055119	0.0001963	1.1512e-05
171	0.92879	0.071007	0.00019333	1.4868e-05
172	0.9175	0.082288	0.00019131	1.7263e-05
173	0.91103	0.088761	0.00019028	1.866e-05
174	0.90846	0.091332	0.00019006	1.9245e-05
175	0.9086	0.09119	0.00019042	1.9258e-05
176	0.90144	0.098348	0.00018922	2.0815e-05
177	0.89748	0.10231	0.0001887	2.1698e-05
178	0.89641	0.10338	0.0001888	2.1967e-05
179	0.89815	0.10164	0.0001895	2.1637e-05
180	0.90289	0.096901	0.00019085	2.0667e-05
181	0.91212	0.087671	0.00019314	1.8742e-05
182	0.92713	0.072658	0.00019666	1.5585e-05
183	0.94779	0.051995	0.0002014	1.1205e-05
184	0.95612	0.043669	0.00020351	9.4509e-06
185	0.95774	0.04205	0.00020419	9.125e-06
186	0.95417	0.045619	0.00020377	9.9147e-06
187	0.94327	0.056521	0.00020174	1.2299e-05
188	0.9359	0.063881	0.00020048	1.3919e-05
189	0.93215	0.067635	0.00019998	1.4765e-05
190	0.93095	0.068835	0.00020005	1.5058e-05
191	0.93279	0.066993	0.00020076	1.4694e-05
192	0.93724	0.062541	0.00020205	1.3759e-05
193	0.88951	0.11027	0.00019193	2.4235e-05
194	0.85662	0.14316	0.000185	3.1505e-05
195	0.83437	0.16541	0.00018038	3.6467e-05
196	0.78234	0.21744	0.00016915	4.8037e-05
197	0.74353	0.25626	0.00016082	5.67e-05
198	0.71489	0.28489	0.00015474	6.3125e-05
199	0.69419	0.30559	0.0001504	6.7807e-05
200	0.68128	0.3185	0.00014776	7.0788e-05
201	0.67326	0.32652	0.00014619	7.2693e-05
202	0.64561	0.35417	0.00014029	7.894e-05
203	0.62563	0.37415	0.00013607	8.3498e-05
204	0.61187	0.38791	0.00013324	8.6682e-05
205	0.6032	0.39658	0.00013152	8.8745e-05
206	0.59902	0.40076	0.00013081	8.9815e-05
207	0.60034	0.39944	0.0001313	8.9672e-05
208	0.58731	0.41247	0.00012861	9.2712e-05
209	0.57926	0.42052	0.00012702	9.4647e-05
210	0.54919	0.45059	0.00012055	0.00010147
211	0.5274	0.47238	0.00011591	0.00010647
212	0.51218	0.4876	0.00011273	0.00011001
213	0.50235	0.49743	0.00011074	0.00011236
214	0.47029	0.52949	0.00010382	0.00011965
215	0.39504	0.60474	8.7238e-05	0.00013659
216	0.33832	0.66146	7.4759e-05	0.00014943
217	0.29569	0.70408	6.5402e-05	0.00015915
218	0.2669	0.73288	5.9082e-05	0.00016583
219	0.24559	0.75419	5.4424e-05	0.00017084
220	0.23013	0.76964	5.1071e-05	0.00017456
221	0.18528	0.8145	4.1151e-05	0.00018484
222	0.15462	0.84515	3.4357e-05	0.00019199
223	0.13163	0.86814	2.9271e-05	0.00019743
224	0.11627	0.8835	2.5869e-05	0.00020119
225	0.10509	0.89469	2.3402e-05	0.00020401
226	0.097198	0.90257	2.1674e-05	0.00020609
227	0.092748	0.90702	2.0709e-05	0.0002074
228	0.091315	0.90846	2.0418e-05	0.00020804
229	0.092697	0.90707	2.0758e-05	0.00020804
230	0.096162	0.90361	2.1575e-05	0.00020756
231	0.10202	0.89775	2.2941e-05	0.00020653
232	0.11172	0.88805	2.518e-05	0.00020463
233	0.12511	0.87466	2.8276e-05	0.00020187
234	0.14332	0.85645	3.2489e-05	0.000198
235	0.14715	0.85262	3.3421e-05	0.0001974
236	0.15513	0.84464	3.5303e-05	0.00019585
237	0.16677	0.833	3.8038e-05	0.00019345
238	0.14928	0.85049	3.4059e-05	0.00019776
239	0.13651	0.86326	3.1163e-05	0.00020099
240	0.12853	0.87124	2.936e-05	0.00020312
241	0.12452	0.87524	2.8464e-05	0.00020434
242	0.12297	0.8768	2.8136e-05	0.00020498
243	0.12378	0.87598	2.8362e-05	0.00020508
244	0.12704	0.87273	2.9157e-05	0.00020461
245	0.13389	0.86588	3.0784e-05	0.0002033
246	0.14401	0.85575	3.3181e-05	0.00020123
247	0.15966	0.84011	3.686e-05	0.00019786
248	0.18081	0.81896	4.1842e-05	0.0001932
249	0.20921	0.79056	4.8545e-05	0.00018681
250	0.25024	0.74953	5.8206e-05	0.00017746
251	0.30444	0.69533	7.1003e-05	0.00016498
252	0.37624	0.62352	8.8006e-05	0.00014829
253	0.40671	0.59305	9.5289e-05	0.00014132
254	0.44756	0.55221	0.00010506	0.00013186
255	0.50188	0.49788	0.00011807	0.00011916
256	0.52148	0.47828	0.00012289	0.00011466
257	0.54862	0.45115	0.00012953	0.00010834
258	0.58535	0.41441	0.00013849	9.9698e-05
259	0.63469	0.36507	0.00015053	8.7983e-05
260	0.70052	0.29925	0.0001666	7.2245e-05
261	0.79658	0.20318	0.00018996	4.9209e-05
262	0.83518	0.16458	0.00019954	3.9949e-05
263	0.85014	0.14962	0.00020345	3.6373e-05
264	0.87344	0.12632	0.00020937	3.0776e-05
265	0.90497	0.094789	0.00021731	2.3152e-05
266	0.91816	0.0816	0.00022081	1.9979e-05
267	0.93662	0.063137	0.0002256	1.5505e-05
268	0.94276	0.056998	0.00022741	1.4022e-05
269	0.94252	0.057235	0.00022767	1.409e-05
270	0.9446	0.055157	0.00022851	1.3591e-05
271	0.94912	0.050636	0.00022995	1.2488e-05
272	0.95647	0.043287	0.00023209	1.0683e-05
273	0.9684	0.031357	0.00023536	7.7494e-06
274	0.97252	0.027237	0.00023672	6.7341e-06
275	0.97966	0.020092	0.00023881	4.9727e-06
276	0.99074	0.009013	0.00024187	2.239e-06
277	0.99522	0.004533	0.00024331	1.1301e-06
278	0.99453	0.0052288	0.00024347	1.3008e-06
279	0.99486	0.0048966	0.00024389	1.2178e-06
280	0.99388	0.0058752	0.00024397	1.4602e-06
281	0.99396	0.0057913	0.00024433	1.4401e-06
282	0.99233	0.0074249	0.00024426	1.8439e-06
283	0.99188	0.0078774	0.00024449	1.9558e-06
284	0.98943	0.010322	0.00024422	2.5624e-06
285	0.98838	0.011377	0.0002443	2.8251e-06
286	0.98424	0.015515	0.0002436	3.8543e-06
287	0.98221	0.01754	0.00024341	4.3636e-06
288	0.98204	0.017711	0.00024368	4.4146e-06
289	0.9837	0.016049	0.00024439	4.0115e-06
290	0.98703	0.012722	0.00024552	3.1907e-06
291	0.99225	0.0074961	0.00024714	1.8916e-06
292	0.98519	0.014563	0.00024568	3.6738e-06
293	0.9809	0.018851	0.0002449	4.7639e-06
294	0.97846	0.02129	0.0002446	5.3883e-06
295	0.97058	0.029169	0.00024292	7.3854e-06
296	0.96535	0.034396	0.00024192	8.715e-06
297	0.96241	0.037341	0.0002415	9.4691e-06
298	0.96204	0.037707	0.00024172	9.5767e-06
299	0.96366	0.036092	0.00024244	9.1811e-06
300	0.96735	0.032399	0.0002437	8.2555e-06
301	0.95711	0.042636	0.00024144	1.0855e-05
302	0.95086	0.048888	0.00024017	1.2455e-05
303	0.9472	0.052543	0.00023956	1.3397e-05
304	0.94652	0.053225	0.0002397	1.3588e-05
305	0.94805	0.051694	0.0002404	1.3214e-05
306	0.95266	0.047086	0.00024188	1.2057e-05
307	0.95152	0.048225	0.0002419	1.2362e-05
308	0.95254	0.047205	0.00024248	1.2113e-05
309	0.95634	0.043406	0.00024377	1.1154e-05
310	0.96272	0.037021	0.00024572	9.5264e-06
311	0.97215	0.027598	0.00024848	7.1083e-06
312	0.98674	0.013009	0.00025255	3.3589e-06
313	0.98745	0.012289	0.00025306	3.1747e-06
314	0.98988	0.0098605	0.00025401	2.5513e-06
315	0.99393	0.0058153	0.00025538	1.5069e-06
316	0.99528	0.0044674	0.00025606	1.1577e-06
317	0.99523	0.0045085	0.00025638	1.1684e-06
318	0.99368	0.0060621	0.0002563	1.5691e-06
319	0.98969	0.010053	0.00025559	2.602e-06
320	0.98731	0.012432	0.0002553	3.2185e-06
321	0.98669	0.013048	0.00025545	3.3814e-06
322	0.98742	0.012319	0.00025596	3.1942e-06
323	0.98577	0.01397	0.00025585	3.6258e-06
324	0.98554	0.014196	0.0002561	3.6863e-06
325	0.987	0.012735	0.00025679	3.3095e-06
326	0.99034	0.0094012	0.00025796	2.4456e-06
327	0.99607	0.0036666	0.00025974	9.5679e-07
328	0.9932	0.0065383	0.00025929	1.7084e-06
329	0.99165	0.0080919	0.00025919	2.1156e-06
330	0.9913	0.0084334	0.00025941	2.2051e-06
331	0.99236	0.0073756	0.00025999	1.9293e-06
332	0.99495	0.0047836	0.00026096	1.2519e-06
333	0.99949	0.00024852	0.00026243	6.5117e-08
334	0.99877	0.00096452	0.00026253	2.5287e-07
335	0.99884	0.00089864	0.00026283	2.3583e-07
336	0.99971	2.4231e-05	0.00026334	6.38e-09
337	0.99956	0.00017648	0.00026358	4.6503e-08
338	0.99556	0.0041807	0.00026279	1.1045e-06
339	0.99333	0.0064072	0.00026246	1.696e-06
340	0.99233	0.0074092	0.00026247	1.963e-06
341	0.99271	0.0070292	0.00026282	1.8655e-06
342	0.99425	0.0054813	0.0002635	1.4567e-06
343	0.99092	0.0088151	0.00026286	2.3471e-06
344	0.98905	0.010685	0.00026262	2.8475e-06
345	0.98875	0.010981	0.00026279	2.9313e-06
346	0.98568	0.014052	0.0002622	3.7583e-06
347	0.98419	0.015543	0.00026205	4.1626e-06
348	0.98416	0.015572	0.00026229	4.175e-06
349	0.98559	0.01414	0.00026292	3.7949e-06
350	0.98903	0.010708	0.00026409	2.8804e-06
351	0.99436	0.0053721	0.00026577	1.4514e-06
352	0.98905	0.010686	0.0002646	2.8816e-06
353	0.98563	0.014101	0.00026394	3.8017e-06
354	0.98421	0.01552	0.00026381	4.1888e-06
355	0.98425	0.015481	0.00026408	4.1823e-06
356	0.98573	0.013997	0.00026474	3.785e-06
357	0.98877	0.010957	0.00026583	2.9646e-06
358	0.99407	0.0056653	0.00026752	1.5366e-06
359	0.99603	0.003705	0.00026832	1.0062e-06
360	0.99646	0.003275	0.00026871	8.8904e-07
361	0.99586	0.0038732	0.00026881	1.0513e-06
362	0.9962	0.0035336	0.00026917	9.5917e-07
363	0.99533	0.004403	0.00026921	1.1936e-06
364	0.99563	0.0041025	0.00026956	1.1125e-06
365	0.99012	0.009607	0.00026834	2.6009e-06
366	0.98689	0.012841	0.00026772	3.4794e-06
367	0.98557	0.014155	0.00026762	3.8403e-06
368	0.98567	0.014059	0.0002679	3.8166e-06
369	0.98754	0.012191	0.00026865	3.3129e-06
370	0.99144	0.0082926	0.00026995	2.2578e-06
371	0.99251	0.0072156	0.00027049	1.9667e-06
372	0.99181	0.0079134	0.00027054	2.1604e-06
373	0.99226	0.0074628	0.0002709	2.0393e-06
374	0.99414	0.0055894	0.00027165	1.5305e-06
375	0.99736	0.0023661	0.00027277	6.4959e-07
376	0.99871	0.0010207	0.00027339	2.8083e-07
377	0.99929	0.00043224	0.0002738	1.1906e-07
378	0.99963	9.6499e-05	0.00027415	2.6531e-08
379	0.99966	6.0622e-05	0.00027441	1.6725e-08
380	0.99881	0.00091215	0.00027443	2.5145e-07
381	0.99868	0.0010444	0.00027465	2.8809e-07
382	0.99814	0.0015851	0.00027475	4.3812e-07
383	0.99678	0.0029451	0.00027462	8.1618e-07
384	0.99334	0.00638	0.00027391	1.769e-06
385	0.99158	0.0081465	0.00027366	2.2629e-06
386	0.99105	0.0086784	0.00027375	2.4141e-06
387	0.99171	0.0080175	0.00027418	2.2334e-06
388	0.99361	0.006112	0.00027497	1.7055e-06
389	0.99689	0.0028294	0.00027614	7.9187e-07
390	0.99819	0.0015345	0.00027677	4.3052e-07
391	0.99362	0.0061027	0.00027577	1.7024e-06
392	0.9907	0.0090242	0.00027523	2.5162e-06
393	0.98944	0.010282	0.00027514	2.8698e-06
394	0.98946	0.010264	0.00027541	2.8669e-06
395	0.991	0.0087242	0.00027611	2.4406e-06
396	0.99393	0.0057873	0.00027719	1.6215e-06
397	0.99491	0.0048094	0.00027773	1.3505e-06
398	0.99442	0.0052969	0.00027785	1.4886e-06
399	0.99496	0.0047642	0.00027827	1.34e-06
400	0.99404	0.0056787	0.00027829	1.5964e-06
401	0.99419	0.0055337	0.00027862	1.5548e-06
402	0.99563	0.0040892	0.0002793	1.1491e-06
403	0.99858	0.0011432	0.00028039	3.2192e-07
404	0.99857	0.001151	0.00028066	3.2396e-07
405	0.99812	0.0015944	0.00028079	4.4922e-07
406	0.99697	0.0027488	0.00028072	7.761e-07
407	0.99672	0.0029964	0.00028091	8.4679e-07
408	0.99735	0.0023639	0.00028135	6.6824e-07
409	0.99722	0.0024942	0.00028157	7.0587e-07
410	0.99605	0.0036691	0.0002815	1.0382e-06
411	0.99584	0.0038773	0.00028171	1.0966e-06
412	0.99438	0.0053325	0.00028156	1.5086e-06
413	0.99422	0.0054998	0.00028176	1.5577e-06
414	0.99531	0.0044027	0.00028231	1.2494e-06
415	0.99754	0.0021715	0.00028319	6.1734e-07
416	0.99839	0.0013263	0.00028368	3.7712e-07
417	0.99866	0.0010598	0.000284	3.0177e-07
418	0.99082	0.0088907	0.000282	2.5377e-06
419	0.98587	0.013846	0.00028081	3.9589e-06
420	0.9828	0.016911	0.00028016	4.8391e-06
421	0.97388	0.025831	0.00027785	7.3901e-06
422	0.96779	0.031927	0.00027635	9.1342e-06
423	0.96405	0.035664	0.00027553	1.0203e-05
424	0.96285	0.036862	0.00027542	1.0551e-05
425	0.96404	0.035674	0.00027599	1.0219e-05
426	0.96787	0.031839	0.0002773	9.1305e-06
427	0.97412	0.025591	0.00027932	7.3439e-06
428	0.98407	0.015643	0.00028239	4.4964e-06
429	0.99787	0.0018421	0.00028659	5.3034e-07
430	0.99607	0.0036446	0.00028629	1.0505e-06
431	0.99161	0.0081046	0.00028523	2.3354e-06
432	0.98882	0.010893	0.00028465	3.1384e-06
433	0.98747	0.012243	0.0002845	3.5264e-06
434	0.98772	0.011994	0.0002848	3.4558e-06
435	0.9896	0.010115	0.00028556	2.9162e-06
436	0.98414	0.015575	0.00028421	4.4899e-06
437	0.98108	0.018631	0.00028354	5.3751e-06
438	0.98011	0.019605	0.00028346	5.6617e-06
439	0.98069	0.019017	0.00028385	5.4945e-06
440	0.98324	0.016471	0.00028478	4.7621e-06
441	0.98807	0.011642	0.00028637	3.3706e-06
442	0.9857	0.014012	0.00028587	4.0645e-06
443	0.98482	0.014892	0.00028581	4.3241e-06
444	0.98534	0.014365	0.00028616	4.1736e-06
445	0.98771	0.012001	0.00028703	3.4905e-06
446	0.99176	0.0079512	0.00028841	2.3136e-06
447	0.99843	0.0012776	0.00029054	3.7441e-07
448	0.99545	0.0042602	0.00028986	1.2485e-06
449	0.99394	0.005767	0.0002896	1.6933e-06
450	0.99353	0.0061758	0.00028967	1.8162e-06
451	0.99109	0.0086183	0.00028915	2.5347e-06
452	0.98997	0.0097402	0.00028902	2.8656e-06
453	0.99009	0.0096139	0.00028926	2.8296e-06
454	0.99146	0.0082432	0.00028988	2.427e-06
455	0.99418	0.0055242	0.0002909	1.6259e-06
456	0.99893	0.00078115	0.0002925	2.3028e-07
457	0.98861	0.011096	0.00028967	3.2624e-06
458	0.98126	0.018442	0.00028772	5.4211e-06
459	0.97636	0.023348	0.00028649	6.8624e-06
460	0.96423	0.035476	0.00028313	1.0431e-05
461	0.95649	0.043213	0.00028104	1.2718e-05
462	0.95229	0.04742	0.00027997	1.3971e-05
463	0.79971	0.2	0.00023517	5.8971e-05
464	0.69298	0.30673	0.00020377	9.055e-05
465	0.6125	0.38721	0.00018015	0.00011436
466	0.5575	0.44221	0.00016399	0.0001307
467	0.51641	0.4833	0.00015196	0.00014293
468	0.48902	0.51068	0.00014394	0.00015113
469	0.47152	0.52818	0.00013882	0.00015642
470	0.45967	0.54003	0.00013538	0.00016003
471	0.45387	0.54584	0.00013372	0.00016187
472	0.45337	0.54633	0.00013362	0.00016213
473	0.43749	0.56222	0.00012896	0.00016696
474	0.42701	0.5727	0.00012592	0.00017017
475	0.4223	0.5774	0.00012457	0.00017168
476	0.34148	0.65822	0.00010063	0.00019579
477	0.28045	0.71925	8.2578e-05	0.00021401
478	0.23796	0.76175	6.9987e-05	0.00022677
479	0.20592	0.79378	6.0512e-05	0.00023641
480	0.1819	0.8178	5.3425e-05	0.00024367
481	0.16418	0.83552	4.8208e-05	0.00024906
482	0.15136	0.84835	4.4447e-05	0.00025299
483	0.14244	0.85727	4.1844e-05	0.00025577
484	0.13666	0.86304	4.0176e-05	0.00025762
485	0.13462	0.86508	3.9601e-05	0.00025837
486	0.11983	0.87987	3.526e-05	0.00026288
487	0.11018	0.88952	3.2426e-05	0.00026589
488	0.10462	0.89508	3.0794e-05	0.00026768
489	0.10151	0.8982	2.9891e-05	0.00026875
490	0.088227	0.91147	2.5979e-05	0.00027283
491	0.078467	0.92123	2.3113e-05	0.00027587
492	0.071531	0.92817	2.1084e-05	0.00027807
493	0.067538	0.93216	1.992e-05	0.0002794
494	0.066104	0.9336	1.9508e-05	0.00027998
495	0.067029	0.93267	1.9793e-05	0.00027985
496	0.060253	0.93945	1.7789e-05	0.00028201
497	0.056361	0.94334	1.6636e-05	0.00028332
498	0.054125	0.94557	1.5979e-05	0.00028413
499	0.053917	0.94578	1.5921e-05	0.00028434
500	0.055711	0.94399	1.6454e-05	0.00028395
501	0.059135	0.94056	1.7476e-05	0.00028307
502	0.065155	0.93454	1.9266e-05	0.00028142
503	0.073595	0.9261	2.1783e-05	0.00027905
504	0.086266	0.91343	2.5553e-05	0.00027542
505	0.10327	0.89643	3.0626e-05	0.00027049
506	0.12595	0.87375	3.7407e-05	0.00026385
507	0.13268	0.86702	3.9435e-05	0.00026196
508	0.12977	0.86993	3.8584e-05	0.00026296
509	0.13011	0.86959	3.8697e-05	0.00026299
510	0.13287	0.86683	3.9545e-05	0.00026228
511	0.13828	0.86142	4.1193e-05	0.00026078
512	0.1468	0.85289	4.3787e-05	0.00025833
513	0.16068	0.83902	4.7983e-05	0.00025428
514	0.1796	0.8201	5.3719e-05	0.00024869
515	0.20502	0.79468	6.1435e-05	0.00024112
516	0.24253	0.75717	7.2794e-05	0.0002299
517	0.23901	0.76069	7.1776e-05	0.00023106
518	0.23977	0.75993	7.2042e-05	0.00023093
519	0.24514	0.75456	7.3691e-05	0.00022942
520	0.21202	0.78767	6.3715e-05	0.00023953
521	0.18933	0.81037	5.6866e-05	0.0002465
522	0.17259	0.82711	5.1827e-05	0.00025167
523	0.16052	0.83918	4.8207e-05	0.00025543
524	0.15222	0.84748	4.573e-05	0.00025804
525	0.14709	0.8526	4.4219e-05	0.00025969
526	0.12941	0.87029	3.8902e-05	0.00026514
527	0.1179	0.8818	3.5437e-05	0.00026873
528	0.10984	0.88986	3.302e-05	0.00027128
529	0.085022	0.91467	2.555e-05	0.00027888
530	0.066181	0.93351	1.9888e-05	0.00028467
531	0.053126	0.94657	1.5957e-05	0.00028873
532	0.043331	0.95636	1.3013e-05	0.0002918
533	0.036718	0.96298	1.1022e-05	0.00029392
534	0.031877	0.96782	9.5679e-06	0.0002955
535	0.02902	0.97067	8.708e-06	0.00029648
536	0.027249	0.97245	8.1781e-06	0.00029713
537	0.026429	0.97327	7.9376e-06	0.0002975
538	0.026498	0.9732	7.9681e-06	0.00029759
539	0.027461	0.97223	8.272e-06	0.00029742
540	0.029414	0.97028	8.88e-06	0.00029694
541	0.026014	0.97368	7.8647e-06	0.00029809
542	0.024197	0.9755	7.3241e-06	0.00029876
543	0.023633	0.97606	7.1606e-06	0.00029904
544	0.018261	0.98143	5.5297e-06	0.00030079
545	0.014174	0.98552	4.2915e-06	0.00030214
546	0.011054	0.98864	3.348e-06	0.00030321
547	0.0086538	0.99104	2.6242e-06	0.00030405
548	0.0070779	0.99262	2.1475e-06	0.00030465
549	0.0061059	0.99359	1.8521e-06	0.00030505
550	0.0053842	0.99431	1.6336e-06	0.00030539
551	0.0048566	0.99484	1.4747e-06	0.00030566
552	0.0046729	0.99502	1.4188e-06	0.00030583
553	0.0046095	0.99508	1.4001e-06	0.00030596
554	0.0046704	0.99502	1.4198e-06	0.00030605
555	0.0048605	0.99483	1.4796e-06	0.00030611
556	0.0051946	0.9945	1.5841e-06	0.00030612
557	0.0056989	0.99399	1.7418e-06	0.00030608
558	0.0064128	0.99328	1.9652e-06	0.00030598
559	0.0073808	0.99231	2.2684e-06	0.0003058
560	0.008971	0.99072	2.7623e-06	0.00030542
561	0.011342	0.98835	3.4959e-06	0.0003048
562	0.014795	0.9849	4.5618e-06	0.00030384
563	0.019279	0.98041	5.9499e-06	0.00030256
564	0.025875	0.97382	7.9875e-06	0.00030063
565	0.020496	0.9792	6.3333e-06	0.00030239
566	0.016868	0.98282	5.215e-06	0.00030361
567	0.014187	0.9855	4.3921e-06	0.00030453
568	0.012539	0.98715	3.8852e-06	0.00030513
569	0.011768	0.98792	3.6476e-06	0.00030546
570	0.011766	0.98792	3.6466e-06	0.00030555
571	0.012534	0.98716	3.882e-06	0.0003054
572	0.009695	0.99	3.003e-06	0.00030636
573	0.0077552	0.99194	2.4003e-06	0.00030704
574	0.0062491	0.99344	1.934e-06	0.00030759
575	0.005249	0.99444	1.6229e-06	0.00030798
576	0.0044504	0.99524	1.3755e-06	0.0003083
577	0.0039874	0.9957	1.2307e-06	0.00030852
578	0.0036219	0.99607	1.117e-06	0.00030871
579	0.0033251	0.99636	1.0255e-06	0.00030888
580	0.0032323	0.99646	9.9565e-07	0.00030898
581	0.0031729	0.99652	9.7678e-07	0.00030907
582	0.0031347	0.99656	9.6504e-07	0.00030915
583	0.0031223	0.99657	9.6181e-07	0.00030923
584	0.0032907	0.9964	1.0131e-06	0.00030925
585	0.0034915	0.9962	1.0749e-06	0.00030926
586	0.0037397	0.99595	1.1519e-06	0.00030926
587	0.0040542	0.99564	1.2502e-06	0.00030924
588	0.004655	0.99503	1.4354e-06	0.00030912
589	0.0054134	0.99428	1.6704e-06	0.00030896
590	0.0063779	0.99331	1.9705e-06	0.00030874
591	0.0076218	0.99207	2.3586e-06	0.00030842
592	0.0092394	0.99045	2.8649e-06	0.000308
593	0.011657	0.98803	3.6184e-06	0.00030732
594	0.015266	0.98442	4.7399e-06	0.00030626
595	0.019951	0.97974	6.2002e-06	0.00030487
596	0.026069	0.97362	8.1119e-06	0.00030303
597	0.034125	0.96556	1.0636e-05	0.00030058
598	0.045705	0.95398	1.4257e-05	0.00029703
599	0.049093	0.9506	1.5318e-05	0.00029603
600	0.046775	0.95291	1.4596e-05	0.00029681
601	0.046437	0.95325	1.4488e-05	0.00029697
602	0.039695	0.95999	1.2376e-05	0.00029913
603	0.034785	0.9649	1.0842e-05	0.00030071
604	0.031937	0.96775	9.947e-06	0.00030165
605	0.030753	0.96894	9.5685e-06	0.00030207
606	0.030591	0.9691	9.5121e-06	0.00030217
607	0.031839	0.96785	9.8916e-06	0.00030182
608	0.034182	0.96551	1.0614e-05	0.00030114
609	0.037824	0.96186	1.1745e-05	0.00030005
610	0.043052	0.95664	1.3373e-05	0.00029846
611	0.042545	0.95714	1.3213e-05	0.00029866
612	0.043273	0.95641	1.3441e-05	0.00029847
613	0.045817	0.95387	1.423e-05	0.00029771
614	0.049879	0.94981	1.5497e-05	0.00029648
615	0.055768	0.94392	1.7338e-05	0.00029467
616	0.043638	0.95605	1.356e-05	0.00029848
617	0.034489	0.9652	1.0717e-05	0.00030136
618	0.028376	0.97131	8.8127e-06	0.00030329
619	0.023855	0.97583	7.4081e-06	0.00030473
620	0.020979	0.97871	6.5122e-06	0.00030565
621	0.019382	0.98031	6.0118e-06	0.00030617
622	0.018531	0.98116	5.7457e-06	0.00030646
623	0.018376	0.98131	5.6988e-06	0.00030653
624	0.019218	0.98047	5.9594e-06	0.00030629
625	0.021164	0.97852	6.5602e-06	0.0003057
626	0.024027	0.97566	7.4486e-06	0.00030483
627	0.028024	0.97166	8.693e-06	0.0003036
628	0.034213	0.96548	1.0615e-05	0.00030169
629	0.042486	0.9572	1.319e-05	0.00029913
630	0.054497	0.94519	1.6922e-05	0.00029541
631	0.071773	0.92791	2.2279e-05	0.00029005
632	0.076864	0.92282	2.3859e-05	0.00028848
633	0.084384	0.9153	2.6201e-05	0.00028615
634	0.083433	0.91625	2.591e-05	0.00028645
635	0.085029	0.91466	2.6407e-05	0.00028596
636	0.089374	0.91031	2.7754e-05	0.00028461
637	0.097213	0.90247	3.0182e-05	0.00028217
638	0.10821	0.89148	3.3597e-05	0.00027876
639	0.12326	0.87643	3.8287e-05	0.00027406
640	0.14576	0.85393	4.5282e-05	0.00026706
641	0.1756	0.82408	5.458e-05	0.00025776
642	0.21524	0.78445	6.6956e-05	0.00024538
643	0.22839	0.7713	7.1075e-05	0.00024126
644	0.24862	0.75107	7.7397e-05	0.00023494
645	0.27907	0.72062	8.6886e-05	0.00022544
646	0.32398	0.67571	0.00010086	0.00021145
647	0.38339	0.6163	0.00011938	0.00019291
648	0.46996	0.52973	0.00014631	0.00016596
649	0.4761	0.52358	0.00014822	0.00016403
650	0.4884	0.51129	0.00015203	0.0001602
651	0.50645	0.49324	0.00015765	0.00015456
652	0.53177	0.46792	0.00016555	0.00014664
653	0.5693	0.43039	0.00017725	0.00013492
654	0.61944	0.38024	0.00019292	0.00011923
655	0.63793	0.36176	0.0001987	0.00011343
656	0.66614	0.33355	0.00020751	0.0001046
657	0.70428	0.29541	0.00021945	9.2645e-05
658	0.76061	0.23908	0.00023705	7.502e-05
659	0.8356	0.16408	0.00026054	5.1514e-05
660	0.9347	0.064992	0.00029164	2.0398e-05
661	0.93537	0.064322	0.00029185	2.0175e-05
662	0.93911	0.060578	0.00029302	1.8994e-05
663	0.9464	0.053285	0.00029528	1.6705e-05
664	0.95713	0.042553	0.00029863	1.3333e-05
665	0.97374	0.025944	0.00030381	8.1271e-06
666	0.98076	0.018927	0.00030597	5.9313e-06
667	0.99076	0.0089311	0.00030907	2.7984e-06
668	0.991	0.0086879	0.00030913	2.7186e-06
669	0.98903	0.010657	0.0003085	3.327e-06
670	0.98865	0.011042	0.00030835	3.4433e-06
671	0.9898	0.0098929	0.00030868	3.0827e-06
672	0.99269	0.0069977	0.00030954	2.1794e-06
673	0.99345	0.0062347	0.00030972	1.9422e-06
674	0.99273	0.0069583	0.00030944	2.1695e-06
675	0.99312	0.0065654	0.0003095	2.0471e-06
676	0.99492	0.0047652	0.00031	1.4878e-06
677	0.99509	0.0045985	0.00030999	1.4362e-06
678	0.99376	0.0059252	0.00030953	1.8492e-06
679	0.99375	0.0059398	0.00030946	1.8544e-06
680	0.9948	0.0048846	0.00030974	1.5247e-06
681	0.9973	0.0023906	0.00031045	7.4851e-07
682	0.99646	0.0032295	0.00031013	1.011e-06
683	0.99653	0.0031556	0.0003101	9.8771e-07
684	0.99753	0.002163	0.00031037	6.7708e-07
685	0.99547	0.0042154	0.00030969	1.3151e-06
686	0.99075	0.0089359	0.00030817	2.7858e-06
687	0.98816	0.011533	0.0003073	3.5969e-06
688	0.98699	0.012699	0.00030689	3.9598e-06
689	0.98272	0.016973	0.00030549	5.2934e-06
690	0.98027	0.019416	0.00030468	6.053e-06
691	0.97947	0.020218	0.00030439	6.2993e-06
692	0.98064	0.019049	0.00030469	5.9347e-06
693	0.98346	0.016228	0.00030552	5.0533e-06
694	0.98864	0.011054	0.00030707	3.4431e-06
695	0.99616	0.003534	0.00030936	1.0992e-06
696	0.99963	5.5204e-05	0.00031038	1.7148e-08
697	0.99965	4.1393e-05	0.00031032	1.2922e-08
698	0.99897	0.00071502	0.00031004	2.2301e-07
699	0.99773	0.0019615	0.00030958	6.1298e-07
700	0.99479	0.004897	0.0003086	1.5292e-06
701	0.98819	0.011501	0.00030646	3.5936e-06
702	0.98427	0.015421	0.00030514	4.8225e-06
703	0.98207	0.017619	0.00030438	5.5114e-06
704	0.98143	0.018263	0.0003041	5.7137e-06
705	0.98229	0.017402	0.0003043	5.4454e-06
706	0.98474	0.01495	0.00030501	4.6802e-06
707	0.98895	0.010738	0.00030626	3.365e-06
708	0.99524	0.0044485	0.00030818	1.3988e-06
709	0.95643	0.043257	0.00029606	1.3469e-05
710	0.9297	0.069994	0.00028768	2.1796e-05
711	0.91006	0.089628	0.00028153	2.7896e-05
712	0.89722	0.10247	0.00027748	3.1893e-05
713	0.88859	0.1111	0.00027475	3.4569e-05
714	0.88431	0.11538	0.00027336	3.5902e-05
715	0.88398	0.11571	0.00027318	3.6012e-05
716	0.88659	0.1131	0.00027393	3.5204e-05
717	0.88078	0.11891	0.00027207	3.7004e-05
718	0.87817	0.12152	0.00027122	3.7807e-05
719	0.87933	0.12037	0.00027152	3.7445e-05
720	0.88459	0.1151	0.00027308	3.5818e-05
721	0.89345	0.10624	0.00027577	3.3068e-05
722	0.90662	0.093069	0.0002798	2.898e-05
723	0.92512	0.07457	0.0002855	2.3228e-05
724	0.93225	0.067437	0.00028766	2.1013e-05
725	0.94292	0.056772	0.00029092	1.7697e-05
726	0.95793	0.041765	0.00029554	1.3025e-05
727	0.9632	0.036491	0.00029715	1.1376e-05
728	0.97204	0.027651	0.00029985	8.624e-06
729	0.98447	0.015222	0.00030367	4.7507e-06
730	0.9843	0.015396	0.00030358	4.7979e-06
731	0.98121	0.018479	0.00030258	5.748e-06
732	0.97982	0.019873	0.00030211	6.1732e-06
733	0.98	0.019687	0.00030214	6.1074e-06
734	0.9822	0.017491	0.00030278	5.4218e-06
735	0.9862	0.013497	0.00030399	4.1769e-06
736	0.98722	0.012474	0.00030426	3.8559e-06
737	0.99008	0.0096118	0.00030509	2.9685e-06
738	0.99518	0.0045087	0.0003066	1.3924e-06
739	0.99104	0.008649	0.00030526	2.6648e-06
740	0.98881	0.010879	0.00030451	3.3509e-06
741	0.98826	0.011431	0.00030426	3.5215e-06
742	0.98516	0.014529	0.00030322	4.4791e-06
743	0.98366	0.016032	0.00030268	4.9419e-06
744	0.97803	0.021665	0.00030088	6.6729e-06
745	0.96473	0.034959	0.0002967	1.0766e-05
746	0.95631	0.043385	0.00029401	1.3363e-05
747	0.95083	0.048865	0.00029225	1.5047e-05
748	0.94851	0.05118	0.00029144	1.5759e-05
749	0.94843	0.05126	0.00029133	1.578e-05
750	0.95122	0.048468	0.0002921	1.4921e-05
751	0.95646	0.04323	0.00029362	1.3307e-05
752	0.96537	0.034321	0.00029626	1.057e-05
753	0.97796	0.021737	0.00030004	6.7006e-06
754	0.99525	0.0044469	0.00030527	1.3763e-06
755	0.99441	0.0052873	0.00030493	1.6345e-06
756	0.99459	0.0051014	0.00030492	1.5758e-06
757	0.99324	0.0064576	0.00030443	1.9902e-06
758	0.99299	0.0066987	0.00030429	2.0608e-06
759	0.9941	0.0055963	0.00030456	1.7204e-06
760	0.9967	0.0029965	0.00030528	9.2227e-07
761	0.99763	0.002059	0.00030549	6.3374e-07
762	0.99955	0.00014451	0.00030601	4.4383e-08
763	0.99867	0.0010271	0.00030566	3.1455e-07
764	0.9986	0.0010976	0.00030555	3.3657e-07
765	0.99924	0.0004529	0.00030566	1.3908e-07
766	0.99877	0.00092335	0.00030544	2.8302e-07
767	0.99464	0.0050544	0.00030409	1.5497e-06
768	0.99204	0.0076566	0.00030322	2.3454e-06
769	0.99103	0.008663	0.00030282	2.654e-06
770	0.99121	0.0084813	0.00030279	2.5976e-06
771	0.99284	0.0068551	0.0003032	2.1011e-06
772	0.99276	0.0069366	0.00030308	2.1282e-06
773	0.99379	0.0059028	0.0003033	1.813e-06
774	0.99603	0.0036619	0.0003039	1.1275e-06
775	0.99452	0.0051783	0.00030333	1.5951e-06
776	0.99407	0.0056231	0.00030311	1.733e-06
777	0.99467	0.00503	0.0003032	1.5521e-06
778	0.99372	0.0059732	0.00030283	1.8419e-06
779	0.99063	0.0090625	0.00030179	2.7929e-06
780	0.98897	0.010721	0.0003012	3.3029e-06
781	0.98416	0.015539	0.00029963	4.7862e-06
782	0.98122	0.01848	0.00029864	5.6904e-06
783	0.98034	0.01936	0.00029827	5.9655e-06
784	0.96179	0.037903	0.00029249	1.1664e-05
785	0.94965	0.050043	0.00028865	1.54e-05
786	0.94126	0.058439	0.00028599	1.7978e-05
787	0.93595	0.063749	0.00028428	1.9604e-05
788	0.93389	0.065803	0.00028355	2.0238e-05
789	0.93424	0.065456	0.00028357	2.0133e-05
790	0.90951	0.090184	0.00027588	2.7722e-05
791	0.8914	0.1083	0.00027025	3.3265e-05
792	0.87853	0.12117	0.00026623	3.7193e-05
793	0.86992	0.12977	0.00026354	3.9809e-05
794	0.86493	0.13477	0.00026195	4.1317e-05
795	0.86321	0.13649	0.00026138	4.1822e-05
796	0.8521	0.1476	0.00025793	4.5189e-05
797	0.82105	0.17865	0.00024844	5.4603e-05
798	0.74358	0.25612	0.00022493	7.805e-05
799	0.55187	0.44783	0.00016695	0.00013596
800	0.41753	0.58217	0.00012626	0.00017658
801	0.32501	0.67469	9.8188e-05	0.00020457
802	0.25475	0.74495	7.6918e-05	0.00022577
803	0.20566	0.79404	6.2034e-05	0.00024057
804	0.16847	0.83123	5.0783e-05	0.00025174
805	0.14035	0.85935	4.2297e-05	0.00026015
806	0.12099	0.8787	3.6445e-05	0.00026592
807	0.1082	0.89149	3.2567e-05	0.00026971
808	0.10019	0.89951	3.0127e-05	0.00027206
809	0.095838	0.90386	2.8787e-05	0.0002733
810	0.093674	0.90602	2.8115e-05	0.00027388
811	0.082002	0.9177	2.4566e-05	0.00027733
812	0.074404	0.92529	2.2245e-05	0.00027954
813	0.06922	0.93048	2.066e-05	0.00028102
814	0.066046	0.93365	1.9687e-05	0.00028189
815	0.064598	0.9351	1.9237e-05	0.00028224
816	0.064767	0.93493	1.9277e-05	0.0002821
817	0.066601	0.9331	1.9818e-05	0.00028146
818	0.070887	0.92881	2.1088e-05	0.00028009
819	0.07738	0.92232	2.3022e-05	0.00027806
820	0.087773	0.91193	2.6113e-05	0.00027486
821	0.10184	0.89786	3.0306e-05	0.00027056
822	0.12073	0.87897	3.5953e-05	0.00026482
823	0.14594	0.85376	4.3502e-05	0.00025717
824	0.18222	0.81748	5.4346e-05	0.00024622
825	0.23028	0.76942	6.8735e-05	0.00023173
826	0.24983	0.74987	7.4555e-05	0.0002258
827	0.27879	0.72091	8.317e-05	0.00021707
828	0.3176	0.6821	9.4745e-05	0.00020538
829	0.36907	0.63063	0.00011013	0.00018989
830	0.4374	0.5623	0.00013059	0.00016932
831	0.52795	0.47175	0.00015777	0.00014204
832	0.51613	0.48357	0.00015417	0.00014554
833	0.51067	0.48904	0.00015246	0.00014713
834	0.50943	0.49027	0.00015203	0.00014744
835	0.51348	0.48623	0.00015318	0.00014618
836	0.52192	0.47778	0.00015565	0.00014359
837	0.53707	0.46263	0.00016011	0.00013901
838	0.56085	0.43885	0.00016713	0.00013186
839	0.59693	0.40277	0.00017779	0.00012107
840	0.64521	0.35449	0.0001921	0.00010663
841	0.70935	0.29035	0.00021116	8.7442e-05
842	0.73423	0.26547	0.00021851	7.9967e-05
843	0.74149	0.25821	0.0002206	7.7759e-05
844	0.75512	0.24458	0.00022458	7.3656e-05
845	0.77702	0.22268	0.000231	6.7099e-05
846	0.80696	0.19274	0.00023984	5.8133e-05
847	0.80249	0.19722	0.0002384	5.9451e-05
848	0.80253	0.19717	0.00023829	5.9422e-05
849	0.80615	0.19355	0.00023927	5.8318e-05
850	0.81363	0.18607	0.00024141	5.6054e-05
851	0.82556	0.17414	0.00024489	5.2454e-05
852	0.84287	0.15683	0.00025	4.7235e-05
853	0.86946	0.13024	0.00025786	3.9253e-05
854	0.90527	0.094436	0.0002685	2.8499e-05
855	0.91916	0.08054	0.00027258	2.4312e-05
856	0.91287	0.086837	0.00027061	2.6169e-05
857	0.91042	0.089281	0.00026979	2.6881e-05
858	0.9107	0.089002	0.00026978	2.6776e-05
859	0.91457	0.085137	0.00027084	2.5604e-05
860	0.92153	0.07817	0.00027283	2.3503e-05
861	0.93215	0.067555	0.00027592	2.0305e-05
862	0.94886	0.050847	0.00028081	1.5295e-05
863	0.9716	0.028107	0.00028753	8.4716e-06
864	0.97303	0.026677	0.00028784	8.0393e-06
865	0.97635	0.023356	0.00028873	7.04e-06
866	0.98179	0.017912	0.00029026	5.4046e-06
867	0.98977	0.0099324	0.00029255	3.0079e-06
868	0.98905	0.010656	0.00029224	3.2201e-06
869	0.98983	0.0098731	0.00029237	2.9847e-06
870	0.99228	0.0074216	0.00029299	2.2548e-06
871	0.98892	0.010784	0.00029187	3.2666e-06
872	0.98019	0.019516	0.00028912	5.8985e-06
873	0.9742	0.025501	0.00028721	7.7005e-06
874	0.95766	0.042043	0.00028214	1.2666e-05
875	0.94677	0.052938	0.00027875	1.5943e-05
876	0.93934	0.060366	0.00027641	1.8173e-05
877	0.93482	0.06489	0.00027495	1.9531e-05
878	0.93285	0.066853	0.00027426	2.0122e-05
879	0.9237	0.076003	0.00027141	2.2863e-05
880	0.90053	0.099176	0.00026434	2.9814e-05
881	0.88366	0.11605	0.00025918	3.4864e-05
882	0.8718	0.12791	0.00025554	3.8404e-05
883	0.83981	0.15989	0.00024591	4.7933e-05
884	0.81623	0.18348	0.00023881	5.494e-05
885	0.79934	0.20036	0.00023372	5.9942e-05
886	0.78776	0.21195	0.00023021	6.336e-05
887	0.7806	0.2191	0.00022803	6.546e-05
888	0.77733	0.22238	0.00022701	6.6407e-05
889	0.77774	0.22197	0.00022708	6.626e-05
890	0.78181	0.2179	0.00022824	6.5026e-05
891	0.78985	0.20985	0.00023059	6.2612e-05
892	0.80392	0.19579	0.00023471	5.8424e-05
893	0.82388	0.17583	0.00024058	5.2484e-05
894	0.82925	0.17045	0.00024214	5.0861e-05
895	0.82552	0.17418	0.00024102	5.1922e-05
896	0.82525	0.17446	0.00024093	5.196e-05
897	0.8293	0.17041	0.0002421	5.0726e-05
898	0.83819	0.16151	0.00024469	4.8067e-05
899	0.85164	0.14807	0.00024864	4.4056e-05
900	0.87074	0.12897	0.00025428	3.8358e-05
901	0.897	0.10271	0.00026206	3.0522e-05
902	0.93536	0.064343	0.00027341	1.9108e-05
903	0.99165	0.0080572	0.00029004	2.4054e-06
904	0.98996	0.0097526	0.00028949	2.9e-06
905	0.98953	0.010174	0.00028931	3.0183e-06
906	0.9906	0.0091051	0.00028956	2.7002e-06
907	0.98953	0.010176	0.00028919	3.0112e-06
908	0.98995	0.0097581	0.00028925	2.8864e-06
909	0.99164	0.0080654	0.00028969	2.386e-06
910	0.99126	0.0084439	0.00028952	2.494e-06
911	0.99206	0.0076498	0.0002897	2.2567e-06
912	0.99409	0.0056227	0.00029026	1.656e-06
913	0.99117	0.0085343	0.00028935	2.5048e-06
914	0.98966	0.010045	0.00028886	2.9421e-06
915	0.98966	0.010045	0.00028881	2.9397e-06
916	0.99117	0.0085363	0.00028918	2.4978e-06
917	0.99408	0.0056263	0.00028997	1.6447e-06
918	0.99909	0.00061624	0.00029137	1.8054e-07
919	0.99886	0.00085102	0.00029124	2.4888e-07
920	0.9993	0.00041177	0.00029131	1.2009e-07
921	0.9996	0.0001092	0.00029133	3.1724e-08
922	0.99654	0.0031707	0.00029036	9.2167e-07
923	0.99492	0.0047879	0.00028981	1.3922e-06
924	0.99458	0.0051314	0.00028962	1.4927e-06
925	0.99248	0.0072298	0.0002889	2.1058e-06
926	0.99161	0.008102	0.00028856	2.3596e-06
927	0.99215	0.007555	0.00028861	2.2015e-06
928	0.99101	0.0086977	0.00028817	2.5371e-06
929	0.99106	0.0086448	0.00028807	2.5227e-06
930	0.99232	0.0073922	0.00028834	2.1578e-06
931	0.99182	0.007886	0.00028809	2.3029e-06
932	0.99248	0.0072331	0.00028817	2.113e-06
933	0.99434	0.0053709	0.00028862	1.5698e-06
934	0.99448	0.0052345	0.00028857	1.5286e-06
935	0.99566	0.0040548	0.00028882	1.1828e-06
936	0.99825	0.0014575	0.00028948	4.2626e-07
937	0.99599	0.0037175	0.00028874	1.0833e-06
938	0.99484	0.0048679	0.00028832	1.4164e-06
939	0.99175	0.007958	0.00028733	2.3142e-06
