#coord	neutral	conserved	gBGC.neutral	gBGC.conserved
1	0.75879	0.23299	0.006286	0.001931
2	0.76464	0.22714	0.0063345	0.0018825
3	0.7748	0.21698	0.0064188	0.0017981
4	0.7916	0.20018	0.006558	0.0016589
5	0.81717	0.17461	0.0067698	0.001447
6	0.85544	0.13635	0.0070867	0.0011301
7	0.90644	0.085346	0.0075092	0.00070745
8	0.92882	0.062965	0.0076945	0.00052209
9	0.9591	0.032681	0.0079454	0.00027112
10	0.97087	0.020911	0.008043	0.00017354
11	0.97524	0.016541	0.0080792	0.00013729
12	0.98187	0.0099117	0.0081343	8.2264e-05
13	0.98454	0.0072415	0.0081564	6.0112e-05
14	0.9888	0.0029815	0.0081918	2.4757e-05
15	0.99055	0.0012284	0.0082064	1.02e-05
16	0.99004	0.0017473	0.0082022	1.4502e-05
17	0.99029	0.0014954	0.0082043	1.241e-05
18	0.98992	0.0018621	0.0082014	1.5446e-05
19	0.99033	0.0014492	0.0082049	1.2015e-05
20	0.99171	7.347e-05	0.0082164	6.088e-07
21	0.99176	2.7551e-05	0.0082168	2.2828e-07
22	0.99148	0.00030385	0.0082146	2.5195e-06
23	0.99108	0.0007043	0.0082114	5.8385e-06
24	0.99133	0.00045339	0.0082136	3.7571e-06
25	0.99143	0.0003509	0.0082145	2.9082e-06
26	0.99145	0.00033049	0.0082148	2.7375e-06
27	0.99046	0.0013175	0.0082068	1.0915e-05
28	0.99036	0.0014264	0.008206	1.182e-05
29	0.991	0.0007851	0.0082114	6.5048e-06
30	0.99128	0.00050124	0.0082138	4.1542e-06
31	0.99037	0.0014089	0.0082064	1.1684e-05
32	0.98827	0.0035133	0.0081891	2.9131e-05
33	0.98713	0.0046497	0.0081798	3.8545e-05
34	0.9869	0.0048772	0.0081781	4.042e-05
35	0.98771	0.0040754	0.0081849	3.3771e-05
36	0.98715	0.004635	0.0081804	3.841e-05
37	0.9876	0.0041853	0.0081843	3.4692e-05
38	0.98894	0.0028375	0.0081956	2.3522e-05
39	0.9891	0.0026852	0.008197	2.2266e-05
40	0.99005	0.0017347	0.008205	1.4388e-05
41	0.99016	0.0016208	0.0082061	1.3441e-05
42	0.98955	0.0022283	0.0082013	1.8481e-05
43	0.98969	0.0020851	0.0082026	1.7292e-05
44	0.98905	0.0027326	0.0081975	2.2665e-05
45	0.98926	0.002517	0.0081994	2.0877e-05
46	0.99036	0.0014213	0.0082088	1.1785e-05
47	0.99077	0.0010077	0.0082124	8.3546e-06
48	0.99082	0.00095711	0.008213	7.9375e-06
49	0.99158	0.00019681	0.0082196	1.6326e-06
50	0.99159	0.00018576	0.0082199	1.5397e-06
51	0.9917	7.4957e-05	0.008221	6.2153e-07
52	0.99163	0.00015134	0.0082207	1.2539e-06
53	0.99082	0.00095657	0.0082143	7.9195e-06
54	0.98928	0.0024943	0.0082018	2.0653e-05
55	0.98883	0.0029435	0.0081983	2.4374e-05
56	0.98941	0.0023669	0.0082033	1.9598e-05
57	0.98908	0.002692	0.0082009	2.2285e-05
58	0.98775	0.0040217	0.0081902	3.3296e-05
59	0.97563	0.016147	0.0080899	0.00013376
60	0.96783	0.023951	0.0080255	0.00019845
61	0.96262	0.029155	0.0079826	0.00024156
62	0.95961	0.032166	0.007958	0.00026648
63	0.95896	0.032817	0.0079529	0.00027185
64	0.95388	0.037899	0.007911	0.00031398
65	0.95168	0.040098	0.007893	0.00033223
66	0.95149	0.040283	0.0078917	0.00033377
67	0.94643	0.045348	0.0078499	0.00037578
68	0.94374	0.048039	0.0078279	0.00039807
69	0.94383	0.047944	0.0078289	0.0003973
70	0.93876	0.053017	0.0077871	0.0004394
71	0.93684	0.054932	0.0077714	0.00045533
72	0.93782	0.053956	0.0077796	0.00044732
73	0.94112	0.050651	0.0078072	0.00041996
74	0.94769	0.044082	0.0078618	0.00036557
75	0.95741	0.034357	0.0079427	0.00028497
76	0.96034	0.031431	0.0079672	0.00026071
77	0.96605	0.025727	0.0080147	0.00021343
78	0.97446	0.01731	0.0080848	0.00014361
79	0.97776	0.01401	0.0081125	0.00011626
80	0.97796	0.013811	0.0081144	0.00011461
81	0.97957	0.012202	0.0081281	0.00010125
82	0.97269	0.019077	0.0080714	0.00015823
83	0.96863	0.023143	0.008038	0.00019194
84	0.96647	0.025295	0.0080206	0.00020976
85	0.96642	0.025346	0.0080205	0.00021017
86	0.96258	0.029188	0.007989	0.00024204
87	0.96122	0.030544	0.007978	0.00025331
88	0.96169	0.030078	0.0079822	0.00024943
89	0.96444	0.02733	0.0080053	0.00022664
90	0.96994	0.021831	0.0080512	0.00018105
91	0.97895	0.012813	0.0081263	0.00010629
92	0.98232	0.0094477	0.0081545	7.8387e-05
93	0.98325	0.008519	0.0081625	7.0702e-05
94	0.98213	0.009641	0.0081535	8.0026e-05
95	0.98224	0.0095252	0.0081549	7.9062e-05
96	0.9839	0.0078704	0.0081689	6.5332e-05
97	0.98354	0.0082293	0.0081663	6.8307e-05
98	0.9846	0.0071623	0.0081755	5.9453e-05
99	0.98724	0.0045204	0.0081978	3.7534e-05
100	0.98543	0.0063328	0.0081831	5.2587e-05
101	0.98497	0.0067959	0.0081796	5.6444e-05
102	0.9858	0.0059685	0.0081868	4.9593e-05
103	0.98496	0.006805	0.0081802	5.6553e-05
104	0.98545	0.0063097	0.0081846	5.2459e-05
105	0.98708	0.0046861	0.0081985	3.8982e-05
106	0.98716	0.0046047	0.0081996	3.8311e-05
107	0.98571	0.0060485	0.008188	5.0316e-05
108	0.98538	0.006383	0.0081856	5.3091e-05
109	0.98635	0.005408	0.0081942	4.4993e-05
110	0.98848	0.0032781	0.0082123	2.7282e-05
111	0.9891	0.0026593	0.0082179	2.2132e-05
112	0.98879	0.0029692	0.0082158	2.4713e-05
113	0.98935	0.0024081	0.008221	2.0046e-05
114	0.99083	0.00092484	0.0082338	7.7049e-06
115	0.96147	0.030285	0.0079899	0.00025213
116	0.94136	0.050393	0.0078228	0.00041964
117	0.92795	0.063811	0.0077114	0.0005315
118	0.91857	0.073185	0.0076338	0.00060965
119	0.91331	0.078448	0.0075903	0.0006536
120	0.91149	0.080269	0.0075754	0.00066894
121	0.91226	0.079497	0.0075822	0.00066266
122	0.91568	0.07607	0.0076111	0.00063425
123	0.92203	0.06972	0.0076644	0.00058149
124	0.92144	0.070312	0.00766	0.00058648
125	0.92332	0.068429	0.0076762	0.00057084
126	0.92783	0.063925	0.0077143	0.00053333
127	0.92597	0.065779	0.0076995	0.00054876
128	0.92709	0.064658	0.0077094	0.00053944
129	0.93147	0.060282	0.0077464	0.00050304
130	0.93024	0.061508	0.0077366	0.00051334
131	0.93133	0.060418	0.0077463	0.00050431
132	0.93486	0.056893	0.0077762	0.00047497
133	0.93244	0.059311	0.0077567	0.00049512
134	0.93301	0.058734	0.0077621	0.00049036
135	0.93593	0.055821	0.007787	0.0004661
136	0.94143	0.050313	0.0078336	0.00042017
137	0.9508	0.040948	0.0079123	0.00034212
138	0.96401	0.027732	0.0080233	0.00023187
139	0.96267	0.029073	0.0080128	0.00024306
140	0.9631	0.028647	0.0080171	0.00023949
141	0.96532	0.026419	0.0080364	0.00022087
142	0.96952	0.022221	0.0080723	0.00018579
143	0.96973	0.022012	0.0080749	0.00018399
144	0.97159	0.020153	0.0080912	0.00016841
145	0.97566	0.016077	0.0081261	0.00013433
146	0.97655	0.015192	0.0081343	0.00012693
147	0.97895	0.012787	0.0081552	0.00010682
148	0.98347	0.0082708	0.0081937	6.9097e-05
149	0.98491	0.0068272	0.0082066	5.7022e-05
150	0.98472	0.0070126	0.0082059	5.8555e-05
151	0.9859	0.0058374	0.0082165	4.8749e-05
152	0.9883	0.0034385	0.0082373	2.8721e-05
153	0.9892	0.0025307	0.0082457	2.1149e-05
154	0.98672	0.0050151	0.0082258	4.1884e-05
155	0.98563	0.0061017	0.0082175	5.0969e-05
156	0.98211	0.0096186	0.008189	8.0337e-05
157	0.98011	0.011624	0.0081731	9.7078e-05
158	0.97972	0.012008	0.0081707	0.00010031
159	0.97614	0.015583	0.0081417	0.00013017
160	0.97464	0.017092	0.00813	0.0001428
161	0.97463	0.0171	0.0081308	0.00014288
162	0.97125	0.02048	0.0081034	0.00017111
163	0.96159	0.030133	0.0080238	0.00025167
164	0.95575	0.035977	0.0079759	0.00030049
165	0.95289	0.038829	0.0079529	0.00032436
166	0.94384	0.047882	0.0078781	0.00040008
167	0.93785	0.053873	0.0078289	0.00045019
168	0.93506	0.056658	0.0078064	0.00047356
169	0.93458	0.057143	0.0078032	0.00047768
170	0.93704	0.054674	0.0078246	0.00045715
171	0.92128	0.070433	0.0076936	0.00058908
172	0.91009	0.081623	0.0076008	0.00068276
173	0.90367	0.088044	0.0075479	0.00073662
174	0.90112	0.090594	0.0075272	0.00075814
175	0.90126	0.090453	0.0075292	0.00075713
176	0.89416	0.097554	0.0074704	0.00081675
177	0.89023	0.10149	0.0074383	0.00084982
178	0.88917	0.10255	0.0074302	0.00085883
179	0.8909	0.10081	0.0074456	0.00084447
180	0.89559	0.096117	0.0074858	0.00080524
181	0.90475	0.086962	0.0075633	0.00072874
182	0.91964	0.072071	0.0076887	0.00060427
183	0.94013	0.051574	0.0078611	0.0004328
184	0.94839	0.043316	0.0079311	0.00036378
185	0.94999	0.04171	0.0079455	0.00035042
186	0.94645	0.045251	0.0079167	0.0003802
187	0.93564	0.056064	0.0078269	0.00047105
188	0.92834	0.063364	0.0077666	0.0005324
189	0.92461	0.067088	0.0077362	0.0005638
190	0.92342	0.068278	0.0077271	0.00057393
191	0.92525	0.066452	0.0077433	0.00055878
192	0.92966	0.062035	0.0077812	0.0005219
193	0.88232	0.10938	0.0073845	0.00091967
194	0.84969	0.14201	0.0071112	0.0011941
195	0.82762	0.16408	0.0069264	0.0013799
196	0.77601	0.21569	0.006493	0.0018144
197	0.73751	0.25418	0.0061699	0.0021385
198	0.70911	0.28258	0.0059318	0.0023777
199	0.68857	0.30312	0.0057599	0.0025506
200	0.67577	0.31592	0.0056529	0.0026588
201	0.66781	0.32388	0.0055866	0.0027262
202	0.64038	0.3513	0.0053568	0.0029571
203	0.62056	0.37112	0.0051909	0.0031241
204	0.60692	0.38476	0.005077	0.0032392
205	0.59832	0.39337	0.0050055	0.0033119
206	0.59416	0.39752	0.0049713	0.0033472
207	0.59548	0.3962	0.004983	0.0033367
208	0.58255	0.40913	0.0048752	0.0034458
209	0.57456	0.41712	0.0048088	0.0035133
210	0.54474	0.44694	0.0045593	0.0037641
211	0.52312	0.46855	0.0043787	0.003946
212	0.50803	0.48364	0.0042529	0.0040731
213	0.49827	0.4934	0.0041719	0.0041554
214	0.46648	0.5252	0.0039061	0.0044225
215	0.39183	0.59984	0.0032808	0.0050491
216	0.33557	0.65609	0.0028097	0.0055214
217	0.29329	0.69837	0.0024559	0.0058766
218	0.26473	0.72693	0.0022169	0.006117
219	0.24359	0.74807	0.0020401	0.0062951
220	0.22827	0.7634	0.0019121	0.0064245
221	0.18378	0.80789	0.0015393	0.0067986
222	0.15337	0.83829	0.0012845	0.0070548
223	0.13057	0.86109	0.0010935	0.0072472
224	0.11533	0.87633	0.00096577	0.0073762
225	0.10423	0.88742	0.00087285	0.0074705
226	0.096409	0.89525	0.00080741	0.0075373
227	0.091995	0.89966	0.00077053	0.0075756
228	0.090573	0.90108	0.00075872	0.0075888
229	0.091944	0.89971	0.00077032	0.0075785
230	0.095381	0.89627	0.00079931	0.0075509
231	0.10119	0.89046	0.00084828	0.0075033
232	0.11081	0.88084	0.00092924	0.0074238
233	0.1241	0.86755	0.0010411	0.0073133
234	0.14216	0.84949	0.0011933	0.0071626
235	0.14595	0.84569	0.0012255	0.0071318
236	0.15387	0.83777	0.0012924	0.0070664
237	0.16542	0.82622	0.0013898	0.0069703
238	0.14807	0.84357	0.001244	0.0071176
239	0.13539	0.85624	0.0011375	0.0072255
240	0.12749	0.86415	0.0010711	0.0072934
241	0.12351	0.86812	0.0010377	0.0073282
242	0.12196	0.86967	0.0010248	0.0073426
243	0.12277	0.86886	0.0010318	0.007337
244	0.126	0.86563	0.0010593	0.0073111
245	0.1328	0.85883	0.0011167	0.0072551
246	0.14284	0.84879	0.0012016	0.0071717
247	0.15836	0.83327	0.0013326	0.0070422
248	0.17934	0.81229	0.0015098	0.0068665
249	0.2075	0.78412	0.0017479	0.00663
250	0.2482	0.74342	0.0020916	0.0062877
251	0.30196	0.68966	0.002546	0.0058349
252	0.37317	0.61844	0.0031483	0.0052341
253	0.40339	0.58822	0.0034042	0.0049798
254	0.44391	0.54771	0.0037474	0.0046382
255	0.49779	0.49382	0.0042039	0.0041831
256	0.51723	0.47438	0.0043691	0.0040195
257	0.54414	0.44747	0.0045978	0.0037925
258	0.58058	0.41103	0.0049073	0.0034846
259	0.62952	0.36209	0.0053231	0.0030704
260	0.6948	0.2968	0.0058779	0.0025172
261	0.79008	0.20152	0.006687	0.0017097
262	0.82837	0.16324	0.0070132	0.0013851
263	0.8432	0.1484	0.0071405	0.0012595
264	0.86631	0.12529	0.0073378	0.0010638
265	0.89758	0.094015	0.0076047	0.0007985
266	0.91066	0.080934	0.0077172	0.00068767
267	0.92897	0.062621	0.0078742	0.0005323
268	0.93506	0.056533	0.0079275	0.00048065
269	0.93482	0.056768	0.0079271	0.00048273
270	0.93688	0.054706	0.0079463	0.00046527
271	0.94136	0.050222	0.0079861	0.00042719
272	0.94865	0.042933	0.0080498	0.00036522
273	0.96048	0.0311	0.0081521	0.00026461
274	0.96457	0.027014	0.0081886	0.00022984
275	0.97165	0.019928	0.0082506	0.00016956
276	0.98264	0.0089392	0.0083458	7.6095e-05
277	0.98708	0.0044959	0.0083853	3.8273e-05
278	0.98639	0.005186	0.0083812	4.4139e-05
279	0.98672	0.0048565	0.0083858	4.1328e-05
280	0.98574	0.0058271	0.0083792	4.9584e-05
281	0.98583	0.0057439	0.0083817	4.8872e-05
282	0.9842	0.0073641	0.0083697	6.2659e-05
283	0.98375	0.0078129	0.0083676	6.6475e-05
284	0.98133	0.010237	0.0083488	8.7112e-05
285	0.98028	0.011284	0.0083416	9.6017e-05
286	0.97617	0.015388	0.0083085	0.00013096
287	0.97416	0.017397	0.0082931	0.00014809
288	0.97399	0.017566	0.0082934	0.00014958
289	0.97564	0.015917	0.0083091	0.00013561
290	0.97894	0.012618	0.0083389	0.00010755
291	0.98412	0.0074347	0.0083848	6.3402e-05
292	0.97711	0.014443	0.0083268	0.00012322
293	0.97285	0.018697	0.0082922	0.00015957
294	0.97043	0.021115	0.0082733	0.00018026
295	0.96262	0.028929	0.0082083	0.00024706
296	0.95743	0.034114	0.0081657	0.00029139
297	0.95451	0.037035	0.0081426	0.00031639
298	0.95414	0.037398	0.0081412	0.00031958
299	0.95574	0.035796	0.0081566	0.00030598
300	0.9594	0.032133	0.0081897	0.00027473
301	0.94925	0.042285	0.0081048	0.00036145
302	0.94305	0.048487	0.0080537	0.0004145
303	0.93942	0.052112	0.0080245	0.00044553
304	0.93874	0.052787	0.0080205	0.00045139
305	0.94026	0.051269	0.0080353	0.00043848
306	0.94483	0.046699	0.0080762	0.00039948
307	0.94369	0.047828	0.0080683	0.00040924
308	0.9447	0.046817	0.0080788	0.00040067
309	0.94847	0.043049	0.0081128	0.00036852
310	0.9548	0.036716	0.0081689	0.00031438
311	0.96414	0.027371	0.0082508	0.00023437
312	0.97861	0.012902	0.0083766	0.00011048
313	0.97932	0.012188	0.0083846	0.00010439
314	0.98173	0.0097792	0.0084071	8.3794e-05
315	0.98574	0.0057674	0.0084434	4.9436e-05
316	0.98707	0.0044306	0.0084568	3.798e-05
317	0.98703	0.0044713	0.0084583	3.8337e-05
318	0.98549	0.0060121	0.0084471	5.1544e-05
319	0.98153	0.00997	0.0084151	8.5492e-05
320	0.97917	0.01233	0.0083968	0.00010573
321	0.97856	0.01294	0.0083935	0.00011099
322	0.97928	0.012217	0.0084016	0.0001048
323	0.97764	0.013854	0.0083895	0.00011887
324	0.97741	0.014079	0.0083896	0.0001208
325	0.97886	0.01263	0.0084039	0.00010839
326	0.98216	0.0093236	0.0084343	8.0028e-05
327	0.98785	0.0036364	0.008485	3.1235e-05
328	0.985	0.0064843	0.0084625	5.5716e-05
329	0.98345	0.008025	0.0084513	6.8962e-05
330	0.98311	0.0083637	0.0084504	7.1871e-05
331	0.98416	0.0073146	0.0084614	6.2859e-05
332	0.98673	0.0047441	0.0084855	4.0771e-05
333	0.99123	0.00024646	0.0085261	2.1167e-06
334	0.99051	0.00095655	0.008522	8.2226e-06
335	0.99058	0.00089121	0.0085245	7.663e-06
336	0.99144	2.4031e-05	0.0085339	2.0669e-07
337	0.99129	0.00017502	0.0085345	1.508e-06
338	0.98732	0.0041461	0.0085023	3.5714e-05
339	0.98511	0.0063542	0.0084852	5.476e-05
340	0.98411	0.0073479	0.0084786	6.3337e-05
341	0.98449	0.006971	0.0084838	6.0114e-05
342	0.98602	0.0054359	0.008499	4.6893e-05
343	0.98271	0.008742	0.0084724	7.5438e-05
344	0.98085	0.010596	0.0084584	9.1452e-05
345	0.98056	0.01089	0.0084578	9.4022e-05
346	0.97751	0.013935	0.0084335	0.00012037
347	0.97603	0.015414	0.0084227	0.00013318
348	0.976	0.015443	0.0084244	0.00013346
349	0.97742	0.014023	0.0084387	0.00012121
350	0.98082	0.010619	0.0084701	9.1831e-05
351	0.98611	0.0053275	0.0085179	4.6095e-05
352	0.98084	0.010597	0.0084744	9.1685e-05
353	0.97745	0.013984	0.0084471	0.00012099
354	0.97604	0.015391	0.008437	0.00013321
355	0.97608	0.015352	0.0084393	0.0001329
356	0.97754	0.013881	0.0084541	0.00012019
357	0.98056	0.010866	0.0084824	9.4086e-05
358	0.9858	0.0056182	0.0085299	4.8655e-05
359	0.98775	0.0036742	0.0085488	3.1832e-05
360	0.98817	0.0032477	0.0085546	2.814e-05
361	0.98757	0.003841	0.0085516	3.3287e-05
362	0.98791	0.0035042	0.0085567	3.0372e-05
363	0.98704	0.0043664	0.0085514	3.7838e-05
364	0.98734	0.0040684	0.0085561	3.526e-05
365	0.98188	0.009527	0.008511	8.2549e-05
366	0.97867	0.012734	0.0084853	0.00011037
367	0.97736	0.014037	0.0084761	0.0001217
368	0.97746	0.013941	0.0084791	0.00012089
369	0.97931	0.01209	0.0084973	0.00010486
370	0.98317	0.0082235	0.0085329	7.1365e-05
371	0.98424	0.0071555	0.0085443	6.2115e-05
372	0.98354	0.0078474	0.0085404	6.8152e-05
373	0.98399	0.0074005	0.0085465	6.4289e-05
374	0.98584	0.0055428	0.0085648	4.8176e-05
375	0.98904	0.0023464	0.0085947	2.0407e-05
376	0.99037	0.0010122	0.0086085	8.8065e-06
377	0.99095	0.00042863	0.0086159	3.7281e-06
378	0.99128	9.5693e-05	0.008621	8.3223e-07
379	0.99132	6.0116e-05	0.0086235	5.2352e-07
380	0.99047	0.00090453	0.0086184	7.8769e-06
381	0.99034	0.0010357	0.0086195	9.0208e-06
382	0.9898	0.0015719	0.0086171	1.3698e-05
383	0.98845	0.0029205	0.0086075	2.5468e-05
384	0.98504	0.0063267	0.0085801	5.5181e-05
385	0.98328	0.0080784	0.008567	7.0494e-05
386	0.98275	0.0086058	0.0085647	7.5125e-05
387	0.98341	0.0079504	0.0085726	6.943e-05
388	0.98529	0.0060608	0.0085914	5.295e-05
389	0.98855	0.0028057	0.0086222	2.4526e-05
390	0.98983	0.0015216	0.0086358	1.3303e-05
391	0.9853	0.0060516	0.0085986	5.2869e-05
392	0.9824	0.0089486	0.0085756	7.8177e-05
393	0.98115	0.010196	0.0085671	8.9101e-05
394	0.98116	0.010178	0.0085696	8.8968e-05
395	0.98269	0.0086511	0.0085853	7.5653e-05
396	0.9856	0.0057388	0.0086131	5.0207e-05
397	0.98657	0.004769	0.008624	4.1748e-05
398	0.98608	0.0052524	0.0086221	4.5992e-05
399	0.98661	0.0047242	0.0086292	4.1377e-05
400	0.9857	0.005631	0.0086237	4.9315e-05
401	0.98584	0.0054873	0.0086274	4.8051e-05
402	0.98727	0.0040548	0.0086424	3.5511e-05
403	0.99019	0.0011336	0.0086704	9.9336e-06
404	0.99018	0.0011413	0.0086729	1e-05
405	0.98973	0.001581	0.0086715	1.3857e-05
406	0.98859	0.0027257	0.0086639	2.3904e-05
407	0.98834	0.0029712	0.0086642	2.6065e-05
408	0.98896	0.002344	0.0086722	2.0566e-05
409	0.98883	0.0024733	0.0086735	2.1708e-05
410	0.98766	0.0036382	0.0086658	3.1933e-05
411	0.98746	0.0038447	0.0086665	3.3743e-05
412	0.98601	0.0052876	0.0086564	4.6414e-05
413	0.98584	0.0054535	0.0086574	4.7888e-05
414	0.98693	0.0043656	0.0086694	3.8358e-05
415	0.98914	0.0021532	0.0086914	1.8932e-05
416	0.98997	0.0013151	0.0087013	1.1567e-05
417	0.99023	0.0010508	0.0087062	9.2504e-06
418	0.98247	0.0088157	0.0086404	7.7596e-05
419	0.97755	0.013729	0.0085996	0.0001209
420	0.97451	0.016769	0.0085754	0.00014771
421	0.96566	0.025612	0.0085	0.00022562
422	0.95961	0.031657	0.0084494	0.00027889
423	0.95591	0.035362	0.0084194	0.00031155
424	0.95472	0.03655	0.0084115	0.00032209
425	0.95589	0.035372	0.0084244	0.00031179
426	0.95969	0.03157	0.0084604	0.00027838
427	0.96588	0.025375	0.0085176	0.00022382
428	0.97575	0.01551	0.0086071	0.00013688
429	0.98943	0.0018265	0.0087305	1.6127e-05
430	0.98764	0.0036137	0.0087174	3.192e-05
431	0.98321	0.008036	0.0086809	7.0983e-05
432	0.98044	0.010801	0.0086592	9.541e-05
433	0.9791	0.012139	0.0086501	0.00010724
434	0.97935	0.011893	0.0086549	0.00010508
435	0.98121	0.01003	0.008674	8.8643e-05
436	0.97579	0.015443	0.0086289	0.0001365
437	0.97276	0.018473	0.0086047	0.00016334
438	0.97179	0.019439	0.0085988	0.00017194
439	0.97237	0.018855	0.0086066	0.00016682
440	0.97489	0.016331	0.0086316	0.00014453
441	0.97968	0.011543	0.0086766	0.00010221
442	0.97733	0.013893	0.0086584	0.00012309
443	0.97645	0.014765	0.0086533	0.00013087
444	0.97697	0.014243	0.0086606	0.00012627
445	0.97931	0.011899	0.008684	0.00010553
446	0.98332	0.0078835	0.0087224	6.994e-05
447	0.98994	0.0012668	0.0087838	1.126e-05
448	0.98698	0.0042239	0.0087602	3.7552e-05
449	0.98548	0.0057179	0.0087496	5.0866e-05
450	0.98507	0.0061233	0.0087487	5.4501e-05
451	0.98265	0.0085449	0.00873	7.6068e-05
452	0.98153	0.0096572	0.0087228	8.599e-05
453	0.98166	0.009532	0.0087267	8.4896e-05
454	0.98301	0.0081729	0.0087417	7.2808e-05
455	0.98571	0.0054771	0.0087685	4.8793e-05
456	0.99041	0.00077449	0.0088133	6.9017e-06
457	0.98018	0.011001	0.0087251	9.798e-05
458	0.97289	0.018284	0.008663	0.00016286
459	0.96802	0.023149	0.0086226	0.00020621
460	0.956	0.035173	0.0085183	0.00031339
461	0.94832	0.042844	0.0084526	0.00038189
462	0.94415	0.047015	0.0084181	0.00041925
463	0.79287	0.19829	0.0070714	0.0017688
464	0.68705	0.3041	0.0061291	0.002714
465	0.60726	0.3839	0.0054189	0.0034271
466	0.55273	0.43842	0.0049336	0.0039153
467	0.51199	0.47916	0.0045714	0.0042804
468	0.48484	0.50631	0.0043303	0.0045244
469	0.46748	0.52366	0.0041765	0.0046811
470	0.45573	0.53541	0.0040727	0.0047878
471	0.44998	0.54116	0.0040225	0.0048409
472	0.44949	0.54165	0.0040193	0.004847
473	0.43373	0.5574	0.0038795	0.0049897
474	0.42334	0.56778	0.0037878	0.0050844
475	0.41868	0.57244	0.0037472	0.0051279
476	0.33855	0.65257	0.0030299	0.0058481
477	0.27804	0.71308	0.0024885	0.0063924
478	0.23591	0.7552	0.0021114	0.0067725
479	0.20415	0.78696	0.0018272	0.0070597
480	0.18034	0.81077	0.0016142	0.0072756
481	0.16277	0.82834	0.0014572	0.0074356
482	0.15006	0.84105	0.0013437	0.007552
483	0.14121	0.84989	0.0012649	0.0076338
484	0.13549	0.85561	0.0012142	0.0076876
485	0.13346	0.85764	0.0011964	0.0077084
486	0.1188	0.8723	0.0010654	0.0078425
487	0.10923	0.88186	0.00097987	0.007931
488	0.10372	0.88737	0.00093072	0.0079832
489	0.10063	0.89045	0.00090334	0.0080136
490	0.087466	0.90361	0.00078531	0.0081347
491	0.07779	0.91329	0.00069863	0.0082244
492	0.070914	0.92016	0.0006371	0.008289
493	0.066955	0.92412	0.00060174	0.0083274
494	0.065533	0.92553	0.00058915	0.0083431
495	0.06645	0.92461	0.00059757	0.0083377
496	0.059732	0.93133	0.00053726	0.0084011
497	0.055874	0.93518	0.00050263	0.0084388
498	0.053657	0.9374	0.00048282	0.0084617
499	0.053451	0.9376	0.00048108	0.0084665
500	0.055229	0.93582	0.00049719	0.0084535
501	0.058623	0.93242	0.00052793	0.0084258
502	0.064591	0.92645	0.00058185	0.008375
503	0.072958	0.91808	0.00065748	0.0083025
504	0.085519	0.90552	0.00077096	0.0081921
505	0.10238	0.88866	0.00092338	0.0080428
506	0.12486	0.86617	0.0011267	0.0078425
507	0.13153	0.8595	0.0011874	0.007785
508	0.12865	0.86238	0.0011618	0.0078138
509	0.12898	0.86204	0.0011652	0.0078135
510	0.13172	0.8593	0.0011904	0.0077915
511	0.13708	0.85393	0.0012395	0.0077456
512	0.14553	0.84548	0.0013166	0.0076717
513	0.15928	0.83173	0.0014418	0.0075497
514	0.17804	0.81297	0.0016126	0.0073821
515	0.20323	0.78777	0.0018421	0.0071558
516	0.24042	0.75058	0.0021805	0.0068206
517	0.23693	0.75407	0.0021496	0.0068547
518	0.23768	0.75331	0.0021572	0.0068504
519	0.243	0.74799	0.0022062	0.0068045
520	0.21018	0.78081	0.0019085	0.0071055
521	0.18768	0.8033	0.0017044	0.0073128
522	0.17108	0.8199	0.001554	0.0074665
523	0.15912	0.83186	0.0014457	0.007578
524	0.15089	0.84009	0.0013714	0.0076556
525	0.14581	0.84516	0.0013257	0.0077045
526	0.12828	0.86269	0.0011666	0.0078669
527	0.11687	0.87409	0.0010631	0.0079738
528	0.10888	0.88208	0.00099069	0.0080494
529	0.084279	0.90668	0.00076696	0.0082765
530	0.065602	0.92535	0.00059715	0.0084496
531	0.052661	0.93829	0.00047941	0.0085707
532	0.042951	0.948	0.0003911	0.0086623
533	0.036397	0.95455	0.00033146	0.0087253
534	0.031598	0.95934	0.00028781	0.0087723
535	0.028766	0.96217	0.00026207	0.0088013
536	0.02701	0.96392	0.00024614	0.0088206
537	0.026197	0.96473	0.00023883	0.0088313
538	0.026265	0.96466	0.00023958	0.0088339
539	0.02722	0.9637	0.00024846	0.0088285
540	0.029156	0.96176	0.00026634	0.008814
541	0.025786	0.96513	0.0002357	0.0088481
542	0.023985	0.96693	0.00021935	0.0088678
543	0.023425	0.96748	0.00021435	0.0088762
544	0.0181	0.97281	0.00016564	0.0089284
545	0.01405	0.97685	0.0001286	0.0089688
546	0.010956	0.97994	0.00010033	0.0090006
547	0.0085776	0.98232	7.8589e-05	0.0090258
548	0.0070156	0.98388	6.4304e-05	0.0090435
549	0.0060521	0.98484	5.5484e-05	0.0090558
550	0.0053368	0.98555	4.8943e-05	0.0090658
551	0.0048138	0.98607	4.4168e-05	0.009074
552	0.0046317	0.98625	4.2508e-05	0.0090792
553	0.0045688	0.98631	4.1947e-05	0.0090832
554	0.0046292	0.98624	4.2523e-05	0.0090862
555	0.0048176	0.98605	4.4281e-05	0.0090879
556	0.0051487	0.98572	4.736e-05	0.0090884
557	0.0056485	0.98521	5.2002e-05	0.0090873
558	0.0063562	0.9845	5.8573e-05	0.0090843
559	0.0073156	0.98354	6.7483e-05	0.009079
560	0.0088916	0.98196	8.2085e-05	0.009068
561	0.011242	0.9796	0.00010384	0.0090498
562	0.014664	0.97618	0.00013551	0.0090217
563	0.019109	0.97173	0.00017667	0.0089841
564	0.025645	0.96519	0.00023719	0.0089272
565	0.020314	0.97052	0.00018799	0.00898
566	0.016718	0.97411	0.00015478	0.0090168
567	0.014062	0.97676	0.00013027	0.0090449
568	0.012428	0.97839	0.00011519	0.0090636
569	0.011663	0.97915	0.00010815	0.0090742
570	0.011662	0.97915	0.00010817	0.0090778
571	0.012422	0.97839	0.00011524	0.0090744
572	0.0096089	0.9812	8.9173e-05	0.0091041
573	0.0076862	0.98312	7.1339e-05	0.0091255
574	0.0061935	0.98461	5.75e-05	0.009143
575	0.0052023	0.98559	4.8301e-05	0.0091558
576	0.0044108	0.98638	4.0961e-05	0.0091668
577	0.0039519	0.98684	3.6697e-05	0.0091747
578	0.0035896	0.9872	3.3335e-05	0.0091817
579	0.0032955	0.98749	3.061e-05	0.0091881
580	0.0032035	0.98757	2.9753e-05	0.0091926
581	0.0031446	0.98763	2.9207e-05	0.0091968
582	0.0031067	0.98766	2.886e-05	0.0092009
583	0.0030944	0.98767	2.8752e-05	0.0092047
584	0.0032613	0.9875	3.03e-05	0.0092068
585	0.0034603	0.9873	3.2147e-05	0.0092087
586	0.0037062	0.98705	3.4434e-05	0.0092102
587	0.004018	0.98673	3.7334e-05	0.009211
588	0.0046133	0.98613	4.286e-05	0.0092092
589	0.0053649	0.98538	4.9843e-05	0.009206
590	0.0063208	0.98442	5.8732e-05	0.0092009
591	0.0075535	0.98318	7.0205e-05	0.0091932
592	0.0091566	0.98158	8.5138e-05	0.0091821
593	0.011553	0.97918	0.00010744	0.0091636
594	0.015129	0.9756	0.00014072	0.0091341
595	0.019772	0.97095	0.00018397	0.0090947
596	0.025835	0.96488	0.0002405	0.009042
597	0.033818	0.9569	0.000315	0.0089713
598	0.045295	0.94542	0.00042209	0.0088681
599	0.048652	0.94205	0.00045344	0.0088406
600	0.046355	0.94435	0.00043188	0.0088659
601	0.046019	0.94468	0.00042864	0.008873
602	0.039337	0.95136	0.00036583	0.0089397
603	0.034472	0.95622	0.00032006	0.0089893
604	0.031649	0.95904	0.00029338	0.0090198
605	0.030475	0.96021	0.00028209	0.0090349
606	0.030315	0.96036	0.00028026	0.0090406
607	0.031552	0.95912	0.0002914	0.0090333
608	0.033873	0.9568	0.0003126	0.009016
609	0.037482	0.95319	0.00034575	0.0089867
610	0.042663	0.948	0.00039345	0.0089429
611	0.042161	0.9485	0.00038827	0.008952
612	0.042882	0.94777	0.00039447	0.0089497
613	0.045402	0.94525	0.00041731	0.0089308
614	0.049428	0.94122	0.00045407	0.0088979
615	0.055263	0.93538	0.00050755	0.0088484
616	0.043243	0.9474	0.00039393	0.008966
617	0.034177	0.95646	0.00030812	0.0090557
618	0.028119	0.96251	0.00025049	0.0091173
619	0.023638	0.96699	0.00020761	0.0091642
620	0.020788	0.96984	0.00017985	0.0091959
621	0.019206	0.97141	0.00016367	0.0092161
622	0.018362	0.97225	0.00015409	0.0092297
623	0.018209	0.9724	0.00015054	0.0092372
624	0.019043	0.97157	0.0001554	0.0092364
625	0.020971	0.96963	0.00016929	0.0092265
626	0.023807	0.96679	0.00019043	0.0092093
627	0.027768	0.96283	0.00022043	0.0091834
628	0.0339	0.95669	0.00026758	0.0091403
629	0.042098	0.94849	0.00033084	0.009081
630	0.053998	0.93659	0.000423	0.0089929
631	0.071116	0.91946	0.00055578	0.0088642
632	0.076161	0.91441	0.00059141	0.0088326
633	0.083611	0.90696	0.00064602	0.0087821
634	0.08267	0.9079	0.00062987	0.0088023
635	0.08425	0.90631	0.00063494	0.0088013
636	0.088555	0.902	0.00066187	0.0087785
637	0.096323	0.89423	0.00071559	0.0087288
638	0.10721	0.88334	0.00079277	0.0086557
639	0.12213	0.86842	0.00089989	0.0085527
640	0.14442	0.84612	0.0010615	0.0083952
641	0.17399	0.81655	0.0012766	0.0081842
642	0.21326	0.77727	0.0015629	0.0079021
643	0.22629	0.76424	0.0016518	0.0078174
644	0.24634	0.74419	0.0017931	0.0076802
645	0.27651	0.71401	0.0020089	0.0074685
646	0.32101	0.66951	0.0023291	0.0071525
647	0.37987	0.61065	0.0027538	0.006732
648	0.46564	0.52487	0.0033735	0.0061164
649	0.47174	0.51879	0.0034559	0.0060074
650	0.48393	0.50663	0.0036009	0.0058357
651	0.50183	0.48876	0.0038064	0.0056036
652	0.52693	0.46369	0.0040898	0.0052937
653	0.56414	0.42651	0.0045061	0.0048509
654	0.61384	0.37683	0.0050599	0.0042706
655	0.63217	0.35852	0.0052598	0.0040442
656	0.66015	0.33057	0.005564	0.0037136
657	0.69797	0.29278	0.0059747	0.0032765
658	0.75382	0.23696	0.0065821	0.0026426
659	0.82817	0.16264	0.0073908	0.0018076
660	0.92641	0.06442	0.008459	0.00071312
661	0.9271	0.063758	0.0084483	0.00069751
662	0.93083	0.060049	0.0084682	0.00065125
663	0.93809	0.052821	0.0085242	0.00056901
664	0.94875	0.042184	0.0086152	0.00045176
665	0.96524	0.025719	0.0087666	0.00027407
666	0.97222	0.018764	0.0088159	0.00019855
667	0.98216	0.0088544	0.0088951	9.3091e-05
668	0.98242	0.0086135	0.0088734	8.8604e-05
669	0.9805	0.010565	0.0088307	0.00010506
670	0.98014	0.010948	0.0088026	0.000107
671	0.98131	0.0098086	0.0087886	9.4841e-05
672	0.9842	0.0069382	0.0087907	6.6577e-05
673	0.98499	0.0061819	0.0087725	5.8638e-05
674	0.9843	0.0068994	0.0087405	6.4398e-05
675	0.98471	0.00651	0.0087186	6.017e-05
676	0.98652	0.0047251	0.0087092	4.3396e-05
677	0.98671	0.0045599	0.0086851	4.1471e-05
678	0.98542	0.0058756	0.0086478	5.2753e-05
679	0.98544	0.0058902	0.0086219	5.2528e-05
680	0.98651	0.004844	0.0086055	4.2975e-05
681	0.98901	0.0023708	0.0086015	2.0961e-05
682	0.9882	0.0032027	0.0085685	2.8075e-05
683	0.9883	0.0031295	0.0085434	2.7294e-05
684	0.98931	0.0021452	0.0085262	1.8635e-05
685	0.9873	0.0041808	0.008483	3.6057e-05
686	0.98264	0.0088628	0.0084172	7.6069e-05
687	0.98009	0.011439	0.0083696	9.7859e-05
688	0.97896	0.012596	0.0083343	0.00010741
689	0.97475	0.016836	0.0082729	0.0001431
690	0.97235	0.019259	0.0082271	0.00016317
691	0.97158	0.020055	0.0081953	0.00016937
692	0.97276	0.018897	0.0081799	0.00015909
693	0.97559	0.016098	0.0081783	0.00013511
694	0.98075	0.010966	0.0081961	9.1768e-05
695	0.98823	0.0035059	0.008233	2.9258e-05
696	0.99171	5.4766e-05	0.0082363	4.5601e-07
697	0.99175	4.1065e-05	0.008211	3.4028e-07
698	0.9911	0.00070939	0.0081801	5.8611e-06
699	0.98989	0.0019461	0.0081445	1.6038e-05
700	0.98701	0.0048587	0.0080952	3.9909e-05
701	0.98048	0.011411	0.0080163	9.3453e-05
702	0.97661	0.015301	0.0079594	0.00012495
703	0.97446	0.017483	0.0079167	0.00014233
704	0.97384	0.018122	0.0078866	0.00014708
705	0.97472	0.017268	0.0078688	0.00013971
706	0.97718	0.014835	0.0078636	0.00011966
707	0.98139	0.010656	0.0078724	8.5692e-05
708	0.98765	0.0044146	0.0078977	3.539e-05
709	0.94916	0.042928	0.0075653	0.00034262
710	0.92265	0.069463	0.0073301	0.0005527
711	0.90319	0.088951	0.0071523	0.00070544
712	0.89047	0.1017	0.0070286	0.000804
713	0.88193	0.11027	0.0069387	0.00086888
714	0.8777	0.11452	0.006883	0.00089954
715	0.87739	0.11485	0.0068582	0.00089929
716	0.88001	0.11226	0.0068563	0.00087622
717	0.87427	0.11803	0.0067893	0.00091825
718	0.87169	0.12063	0.0067473	0.00093541
719	0.87286	0.11948	0.0067342	0.00092352
720	0.87811	0.11426	0.0067525	0.00088039
721	0.88693	0.10546	0.006798	0.00081003
722	0.90003	0.092391	0.0068758	0.00070741
723	0.91841	0.074029	0.0069934	0.00056503
724	0.92552	0.06695	0.0070243	0.00050938
725	0.93613	0.056363	0.0070815	0.00042748
726	0.95105	0.041466	0.0071708	0.0003135
727	0.95631	0.03623	0.0071867	0.000273
728	0.96511	0.027454	0.0072288	0.00020621
729	0.97748	0.015114	0.0072973	0.00011317
730	0.97733	0.015287	0.0072719	0.00011404
731	0.97429	0.018349	0.007225	0.00013637
732	0.97293	0.019734	0.0071908	0.00014613
733	0.97314	0.01955	0.0071682	0.00014423
734	0.97534	0.017368	0.0071603	0.00012769
735	0.97933	0.013403	0.0071654	9.8165e-05
736	0.98037	0.012388	0.0071488	9.0402e-05
737	0.98324	0.0095454	0.0071454	6.941e-05
738	0.98833	0.0044777	0.0071579	3.245e-05
739	0.98424	0.0085897	0.007104	6.2003e-05
740	0.98205	0.010805	0.0070639	7.7724e-05
741	0.98153	0.011353	0.0070359	8.1396e-05
742	0.97848	0.014431	0.0069898	0.00010313
743	0.97701	0.015924	0.0069551	0.00011341
744	0.97144	0.021519	0.0068915	0.00015271
745	0.95826	0.034725	0.0067744	0.00024557
746	0.94991	0.043094	0.0066919	0.00030373
747	0.94449	0.048539	0.0066305	0.00034091
748	0.94221	0.05084	0.0065913	0.00035584
749	0.94216	0.050921	0.0065678	0.00035516
750	0.94495	0.048149	0.006564	0.00033467
751	0.95018	0.042946	0.0065771	0.00029747
752	0.95905	0.034096	0.006615	0.00023539
753	0.97158	0.021595	0.0066776	0.0001486
754	0.98878	0.004418	0.0067718	3.0327e-05
755	0.98797	0.0052531	0.0067422	3.5922e-05
756	0.98818	0.0050685	0.0067196	3.4532e-05
757	0.98685	0.0064161	0.0066866	4.3535e-05
758	0.98664	0.0066558	0.0066613	4.4981e-05
759	0.98776	0.0055606	0.0066449	3.744e-05
760	0.99036	0.0029775	0.0066385	1.9983e-05
761	0.99132	0.002046	0.0066209	1.3683e-05
762	0.99325	0.0001436	0.0066098	9.5637e-07
763	0.99239	0.0010206	0.0065802	6.768e-06
764	0.99235	0.0010907	0.0065559	7.2093e-06
765	0.99301	0.00045008	0.0065364	2.9647e-06
766	0.99257	0.00091761	0.0065095	6.025e-06
767	0.98849	0.0050231	0.006459	3.2849e-05
768	0.98592	0.0076094	0.0064185	4.957e-05
769	0.98495	0.0086098	0.0063885	5.5885e-05
770	0.98515	0.0084294	0.0063662	5.4511e-05
771	0.98679	0.0068133	0.0063532	4.3908e-05
772	0.98673	0.0068945	0.0063291	4.4281e-05
773	0.98778	0.0058671	0.0063122	3.7555e-05
774	0.99003	0.0036399	0.006303	2.3228e-05
775	0.98855	0.0051473	0.0062699	3.273e-05
776	0.98813	0.0055895	0.0062437	3.5416e-05
777	0.98874	0.0050001	0.006224	3.1575e-05
778	0.98783	0.0059378	0.0061948	3.7351e-05
779	0.98478	0.009009	0.0061522	5.6451e-05
780	0.98316	0.010658	0.0061187	6.653e-05
781	0.97839	0.015447	0.0060658	9.6064e-05
782	0.97549	0.018372	0.0060247	0.00011382
783	0.97464	0.019248	0.0059963	0.00011881
784	0.95622	0.037684	0.0058601	0.00023166
785	0.94418	0.049755	0.0057637	0.00030472
786	0.93585	0.058104	0.0056906	0.00035448
787	0.93059	0.063384	0.0056367	0.00038519
788	0.92857	0.065428	0.0056025	0.00039611
789	0.92894	0.065085	0.0055828	0.00039255
790	0.90437	0.089674	0.0054135	0.0005387
791	0.88638	0.10769	0.0052847	0.0006443
792	0.87361	0.12049	0.0051879	0.000718
793	0.86507	0.12905	0.0051168	0.00076593
794	0.86012	0.13402	0.0050675	0.00079223
795	0.85843	0.13573	0.0050376	0.00079913
796	0.8474	0.14678	0.004953	0.00086065
797	0.81654	0.17767	0.0047535	0.0010372
798	0.73951	0.25472	0.0042878	0.00148
799	0.54887	0.44539	0.0031698	0.0025751
800	0.41527	0.57901	0.0023884	0.0033336
801	0.32326	0.67104	0.0018513	0.0038478
802	0.25338	0.74095	0.001445	0.0042313
803	0.20456	0.78979	0.0011616	0.0044919
804	0.16757	0.8268	0.00094748	0.0046831
805	0.1396	0.85479	0.00078606	0.0048218
806	0.12035	0.87406	0.00067478	0.0049102
807	0.10763	0.8868	0.00060085	0.0049614
808	0.099667	0.89479	0.00055394	0.0049855
809	0.095338	0.89915	0.00052756	0.0049891
810	0.093187	0.90132	0.00051342	0.0049805
811	0.081578	0.91295	0.00044741	0.0050238
812	0.074021	0.92053	0.0004041	0.0050444
813	0.068866	0.92571	0.00037425	0.0050516
814	0.065709	0.92889	0.00035551	0.0050477
815	0.06427	0.93035	0.00034621	0.0050343
816	0.06444	0.9302	0.00034565	0.0050123
817	0.066265	0.9284	0.00035395	0.0049814
818	0.070531	0.92416	0.00037517	0.0049377
819	0.076994	0.91772	0.00040786	0.0048824
820	0.087336	0.9074	0.00046073	0.004807
821	0.10133	0.89342	0.00053239	0.0047129
822	0.12014	0.87464	0.00062867	0.0045941
823	0.14522	0.84958	0.00075695	0.0044434
824	0.18133	0.81349	0.00094133	0.0042366
825	0.22916	0.76568	0.0011848	0.0039707
826	0.24862	0.74625	0.0012799	0.0038532
827	0.27745	0.71744	0.0014221	0.0036886
828	0.31608	0.67883	0.0016131	0.0034752
829	0.36731	0.62762	0.0018666	0.0031994
830	0.43533	0.55963	0.002203	0.0028407
831	0.52546	0.46952	0.0026482	0.0023732
832	0.5137	0.4813	0.0025774	0.0024218
833	0.50828	0.48675	0.0025387	0.0024382
834	0.50705	0.48799	0.0025213	0.0024334
835	0.5111	0.48397	0.00253	0.0024026
836	0.51952	0.47557	0.0025601	0.0023502
837	0.53461	0.46051	0.0026227	0.0022655
838	0.55829	0.43685	0.0027265	0.0021396
839	0.59422	0.40094	0.0028887	0.0019551
840	0.64229	0.35289	0.0031083	0.0017134
841	0.70615	0.28905	0.0034021	0.0013975
842	0.73094	0.26428	0.0035054	0.0012721
843	0.73819	0.25706	0.0035239	0.0012316
844	0.75177	0.24349	0.0035721	0.0011613
845	0.77359	0.2217	0.0036587	0.0010527
846	0.80342	0.19189	0.0037822	0.0009072
847	0.79898	0.19635	0.0037436	0.00092388
848	0.79904	0.19631	0.0037261	0.00091935
849	0.80266	0.19271	0.0037253	0.00089825
850	0.81013	0.18527	0.0037421	0.00085949
851	0.82202	0.1734	0.0037791	0.00080062
852	0.83928	0.15616	0.0038403	0.00071766
853	0.86577	0.12969	0.0039428	0.00059329
854	0.90145	0.094038	0.004086	0.0004283
855	0.91531	0.080202	0.004129	0.00036357
856	0.90906	0.086474	0.0040809	0.00038995
857	0.90664	0.088911	0.0040502	0.00039892
858	0.90694	0.088634	0.0040318	0.00039569
859	0.91081	0.084787	0.0040291	0.00037665
860	0.91777	0.07785	0.00404	0.00034414
861	0.92836	0.067281	0.0040666	0.00029594
862	0.94502	0.050641	0.0041192	0.0002217
863	0.96769	0.027994	0.0041973	0.000122
864	0.96913	0.026571	0.0041825	0.00011522
865	0.97246	0.023263	0.0041758	0.00010038
866	0.9779	0.017841	0.004178	7.6614e-05
867	0.98587	0.0098933	0.0041909	4.2299e-05
868	0.98517	0.010615	0.0041666	4.5137e-05
869	0.98598	0.0098347	0.0041486	4.1619e-05
870	0.98844	0.0073928	0.0041375	3.1172e-05
871	0.98511	0.010742	0.0041022	4.504e-05
872	0.97643	0.019441	0.0040448	8.1025e-05
873	0.97049	0.025404	0.0039992	0.0001053
874	0.95403	0.041884	0.0039105	0.0001726
875	0.9432	0.052739	0.0038456	0.00021619
876	0.93582	0.060139	0.0037952	0.00024522
877	0.93133	0.064648	0.003757	0.00026222
878	0.9294	0.066606	0.0037292	0.00026874
879	0.9203	0.075723	0.0036728	0.00030388
880	0.89723	0.098812	0.0035611	0.00039438
881	0.88044	0.11563	0.0034752	0.00045897
882	0.86864	0.12744	0.0034099	0.00050311
883	0.83679	0.15932	0.0032666	0.00062532
884	0.81331	0.18282	0.0031573	0.00071352
885	0.7965	0.19965	0.0030749	0.00077482
886	0.78497	0.2112	0.0030136	0.00081504
887	0.77786	0.21833	0.0029698	0.00083787
888	0.77461	0.2216	0.002941	0.00084566
889	0.77503	0.2212	0.0029263	0.0008394
890	0.77911	0.21715	0.0029254	0.0008194
891	0.78714	0.20913	0.0029392	0.00078473
892	0.80118	0.19512	0.002975	0.00072805
893	0.82109	0.17523	0.0030321	0.00065017
894	0.82646	0.16988	0.0030347	0.00062669
895	0.82276	0.1736	0.003004	0.00063667
896	0.8225	0.17388	0.0029859	0.00063396
897	0.82655	0.16985	0.0029834	0.00061564
898	0.83544	0.16098	0.0029981	0.00058014
899	0.84886	0.14759	0.0030287	0.00052878
900	0.86791	0.12855	0.0030789	0.00045787
901	0.89411	0.10238	0.0031536	0.00036244
902	0.93237	0.064137	0.0032697	0.0002257
903	0.98849	0.0080316	0.0034466	2.8134e-05
904	0.98682	0.0097217	0.0034202	3.3825e-05
905	0.98643	0.010142	0.0033983	3.506e-05
906	0.98751	0.0090767	0.0033816	3.1191e-05
907	0.98646	0.010145	0.0033575	3.4636e-05
908	0.9869	0.009728	0.0033385	3.3013e-05
909	0.98861	0.0080407	0.0033238	2.7126e-05
910	0.98825	0.0084183	0.0033022	2.8218e-05
911	0.98906	0.0076267	0.0032845	2.5404e-05
912	0.9911	0.0056058	0.0032709	1.8556e-05
913	0.98822	0.0085088	0.003241	2.7958e-05
914	0.98674	0.010015	0.0032159	3.2682e-05
915	0.98676	0.010016	0.0031957	3.2471e-05
916	0.98828	0.0085114	0.0031803	2.7419e-05
917	0.9912	0.0056101	0.0031694	1.7953e-05
918	0.99622	0.00061447	0.003165	1.955e-06
919	0.996	0.00084859	0.0031439	2.681e-06
920	0.99646	0.00041061	0.003125	1.288e-06
921	0.99679	0.00010889	0.0031056	3.3898e-07
922	0.99375	0.0031619	0.0030759	9.78e-06
923	0.99216	0.0047746	0.0030506	1.4673e-05
924	0.99184	0.0051172	0.0030293	1.5624e-05
925	0.98977	0.00721	0.0030027	2.1874e-05
926	0.98892	0.00808	0.0029799	2.4349e-05
927	0.98948	0.0075346	0.0029613	2.2557e-05
928	0.98836	0.0086744	0.0029377	2.58e-05
929	0.98843	0.0086218	0.0029178	2.5472e-05
930	0.9897	0.0073727	0.0029013	2.1634e-05
931	0.98923	0.0078654	0.0028797	2.2923e-05
932	0.9899	0.0072143	0.0028615	2.0881e-05
933	0.99178	0.005357	0.0028468	1.5397e-05
934	0.99194	0.0052211	0.0028271	1.4897e-05
935	0.99313	0.0040445	0.0028104	1.1452e-05
936	0.99574	0.0014538	0.0027976	4.0836e-06
937	0.99351	0.0037083	0.0027712	1.0337e-05
938	0.99238	0.0048559	0.0027479	1.3432e-05
939	0.98932	0.0079385	0.0027194	2.1797e-05
940	0.98796	0.0093189	0.0026957	2.5399e-05
941	0.98783	0.0094674	0.0026753	2.5606e-05
942	0.98894	0.0083818	0.0026583	2.2487e-05
943	0.98799	0.0093471	0.0026359	2.4873e-05
944	0.98854	0.0088229	0.0026174	2.3284e-05
945	0.99064	0.0067357	0.002603	1.7615e-05
946	0.9908	0.0065958	0.0025834	1.7102e-05
947	0.99208	0.0053442	0.0025668	1.3718e-05
948	0.99455	0.002886	0.0025532	7.2862e-06
949	0.99545	0.0020084	0.0025355	4.9698e-06
950	0.99559	0.0018865	0.0025159	4.5676e-06
951	0.99655	0.00094461	0.0024984	2.125e-06
952	0.99571	0.0018069	0.0024766	3.9253e-06
953	0.99358	0.0039601	0.0024523	8.3994e-06
954	0.99255	0.0050121	0.0024305	1.028e-05
955	0.99254	0.0050427	0.0024112	9.7804e-06
956	0.99354	0.0040541	0.0023942	6.9319e-06
957	0.99019	0.007432	0.0023691	1.2238e-05
958	0.96299	0.034628	0.0023067	7.7527e-05
959	0.94279	0.054821	0.0022609	0.00012614
960	0.92814	0.069472	0.0022283	0.00016156
961	0.91788	0.079729	0.0022062	0.0001865
962	0.91199	0.08561	0.0021946	0.00020101
963	0.90974	0.087864	0.0021915	0.00020688
964	0.91096	0.086639	0.0021967	0.00020445
