#coord	neutral	conserved	gBGC.neutral	gBGC.conserved
1	0.76504	0.23491	3.5469e-05	1.1056e-05
2	0.77094	0.22902	3.4364e-05	1.0354e-05
3	0.78119	0.21877	3.3502e-05	9.482e-06
4	0.79812	0.20183	3.2839e-05	8.3744e-06
5	0.82391	0.17605	3.242e-05	6.9876e-06
6	0.86249	0.13747	3.2327e-05	5.2335e-06
7	0.91391	0.08605	3.2654e-05	3.1352e-06
8	0.93648	0.063485	3.1756e-05	2.2211e-06
9	0.96702	0.03295	3.1127e-05	1.1156e-06
10	0.97889	0.021083	2.9897e-05	6.8608e-07
11	0.98329	0.016678	2.848e-05	5.1671e-07
12	0.98998	0.0099936	2.7187e-05	2.9361e-07
13	0.99267	0.0073013	2.5724e-05	2.04e-07
14	0.99697	0.0030061	2.4362e-05	8.0659e-08
15	0.99874	0.0012386	2.2991e-05	3.1952e-08
16	0.99822	0.0017617	2.1625e-05	4.1503e-08
17	0.99847	0.0015077	2.0335e-05	3.3171e-08
18	0.9981	0.0018775	1.9089e-05	3.7894e-08
19	0.99852	0.0014612	1.7912e-05	2.7114e-08
20	0.99991	7.4078e-05	1.6719e-05	1.3092e-09
21	0.99996	2.7778e-05	1.5367e-05	4.3189e-10
22	0.99968	0.00030637	1.3977e-05	4.3889e-09
23	0.99928	0.00071012	1.2646e-05	9.1228e-09
24	0.99953	0.00045714	1.1381e-05	5.1603e-09
25	0.99964	0.0003538	1.0168e-05	3.2572e-09
26	0.99966	0.00033323	9.0058e-06	2.0623e-09
27	0.99866	0.0013284	8.899e-06	1.0998e-08
28	0.99855	0.0014382	8.79e-06	1.2161e-08
29	0.9992	0.0007916	8.6967e-06	6.5941e-09
30	0.99949	0.00050539	8.5906e-06	4.1881e-09
31	0.99857	0.0014205	8.6512e-06	1.2703e-08
32	0.99645	0.0035424	8.7094e-06	3.2162e-08
33	0.9953	0.0046881	8.7849e-06	4.2857e-08
34	0.99507	0.0049176	8.8776e-06	4.5184e-08
35	0.99588	0.0041092	8.9699e-06	3.8379e-08
36	0.99532	0.0046734	9.0588e-06	4.3883e-08
37	0.99577	0.0042199	9.1472e-06	4.0311e-08
38	0.99713	0.002861	9.2533e-06	2.7843e-08
39	0.99728	0.0027074	9.3575e-06	2.6498e-08
40	0.99824	0.0017491	9.4791e-06	1.7108e-08
41	0.99836	0.0016342	9.5822e-06	1.6085e-08
42	0.99774	0.0022467	9.6677e-06	2.2435e-08
43	0.99789	0.0021024	9.7702e-06	2.1199e-08
44	0.99723	0.0027552	9.8542e-06	2.8237e-08
45	0.99745	0.0025378	9.9566e-06	2.6353e-08
46	0.99856	0.001433	1.0078e-05	1.508e-08
47	0.99897	0.001016	1.0183e-05	1.1033e-08
48	0.99902	0.00096503	1.0273e-05	1.1054e-08
49	0.99979	0.00019844	1.038e-05	3.3496e-09
50	0.9998	0.0001873	1.013e-05	2.3118e-09
51	0.99991	7.5577e-05	9.8678e-06	8.2781e-10
52	0.99984	0.00015259	9.617e-06	1.499e-09
53	0.99903	0.00096449	9.3776e-06	8.7915e-09
54	0.99748	0.002515	9.1201e-06	2.2389e-08
55	0.99702	0.0029679	8.861e-06	2.5774e-08
56	0.9976	0.0023865	8.5988e-06	2.0261e-08
57	0.99728	0.0027143	8.3418e-06	2.2318e-08
58	0.99594	0.004055	8.0652e-06	3.2515e-08
59	0.98371	0.016281	7.7183e-06	1.2555e-07
60	0.97584	0.024149	7.3976e-06	1.8071e-07
61	0.9706	0.029396	7.1132e-06	2.118e-07
62	0.96756	0.032433	6.8592e-06	2.2424e-07
63	0.9669	0.033089	6.6116e-06	2.1956e-07
64	0.96178	0.038213	6.324e-06	2.4366e-07
65	0.95956	0.04043	6.0454e-06	2.4736e-07
66	0.95938	0.040617	5.7921e-06	2.3728e-07
67	0.95427	0.045724	5.5002e-06	2.5515e-07
68	0.95156	0.048437	5.2358e-06	2.5684e-07
69	0.95165	0.048342	4.9759e-06	2.429e-07
70	0.94654	0.053456	4.6794e-06	2.5441e-07
71	0.94461	0.055387	4.389e-06	2.4855e-07
72	0.94559	0.054403	4.1008e-06	2.291e-07
73	0.94893	0.051071	3.8337e-06	2.0056e-07
74	0.95555	0.044448	3.5658e-06	1.6207e-07
75	0.96535	0.034642	3.3166e-06	1.1626e-07
76	0.96831	0.031691	3.0522e-06	9.7013e-08
77	0.97406	0.02594	2.7834e-06	7.1633e-08
78	0.98254	0.017453	2.5293e-06	4.2238e-08
79	0.98587	0.014126	2.2476e-06	2.9555e-08
80	0.98607	0.013926	1.9688e-06	2.4712e-08
81	0.98769	0.012303	1.7024e-06	1.7555e-08
82	0.98076	0.019235	1.5564e-06	2.4515e-08
83	0.97666	0.023335	1.4084e-06	2.6066e-08
84	0.97449	0.025505	1.2681e-06	2.4174e-08
85	0.97444	0.025557	1.1231e-06	1.9499e-08
86	0.97057	0.02943	1.1734e-06	2.6057e-08
87	0.9692	0.030798	1.2201e-06	3.0003e-08
88	0.96967	0.030328	1.2702e-06	3.169e-08
89	0.97244	0.027556	1.3171e-06	3.0428e-08
90	0.97799	0.022012	1.3615e-06	2.5455e-08
91	0.98708	0.012919	1.4045e-06	1.5671e-08
92	0.99047	0.0095261	1.4423e-06	1.2052e-08
93	0.99141	0.0085897	1.471e-06	1.1414e-08
94	0.99028	0.009721	1.498e-06	1.3569e-08
95	0.99039	0.0096043	1.5283e-06	1.3807e-08
96	0.99206	0.0079357	1.5545e-06	1.1693e-08
97	0.9917	0.0082976	1.5792e-06	1.2494e-08
98	0.99278	0.0072218	1.5997e-06	1.106e-08
99	0.99544	0.0045579	1.6165e-06	7.1145e-09
100	0.99361	0.0063854	1.6274e-06	1.017e-08
101	0.99315	0.0068523	1.6344e-06	1.1069e-08
102	0.99398	0.0060181	1.6373e-06	9.8687e-09
103	0.99314	0.0068615	1.6387e-06	1.1342e-08
104	0.99364	0.0063621	1.636e-06	1.0632e-08
105	0.99527	0.004725	1.6365e-06	7.9714e-09
106	0.99536	0.0046429	1.6358e-06	7.8289e-09
107	0.9939	0.0060987	1.6262e-06	1.0296e-08
108	0.99356	0.006436	1.6199e-06	1.0822e-08
109	0.99455	0.0054529	1.6093e-06	9.2209e-09
110	0.99669	0.0033053	1.6019e-06	5.6735e-09
111	0.99732	0.0026814	1.5933e-06	4.6247e-09
112	0.997	0.0029939	1.5843e-06	5.1128e-09
113	0.99757	0.0024281	1.578e-06	4.1359e-09
114	0.99907	0.00093253	1.5744e-06	1.6187e-09
115	0.96946	0.030536	1.5216e-06	4.9495e-08
116	0.94919	0.050812	1.4778e-06	8.2388e-08
117	0.93566	0.064341	1.4391e-06	1.0408e-07
118	0.92621	0.073793	1.4087e-06	1.1841e-07
119	0.9209	0.0791	1.3792e-06	1.2585e-07
120	0.91906	0.080937	1.3495e-06	1.2755e-07
121	0.91984	0.080158	1.3251e-06	1.2498e-07
122	0.9233	0.076702	1.3057e-06	1.1829e-07
123	0.9297	0.0703	1.2916e-06	1.0729e-07
124	0.9291	0.070896	1.2683e-06	1.0637e-07
125	0.931	0.068998	1.2495e-06	1.0171e-07
126	0.93554	0.064456	1.2353e-06	9.326e-08
127	0.93367	0.066326	1.2131e-06	9.3605e-08
128	0.9348	0.065196	1.1892e-06	8.979e-08
129	0.93922	0.060783	1.1635e-06	8.1718e-08
130	0.93798	0.06202	1.1242e-06	8.0966e-08
131	0.93908	0.06092	1.0887e-06	7.7114e-08
132	0.94263	0.057366	1.0569e-06	7.0302e-08
133	0.94019	0.059804	1.0188e-06	7.0409e-08
134	0.94078	0.059222	9.7835e-07	6.6951e-08
135	0.94371	0.056285	9.4097e-07	6.0936e-08
136	0.94927	0.050731	9.0665e-07	5.2394e-08
137	0.95871	0.041289	8.6976e-07	4.0631e-08
138	0.97204	0.027962	8.3608e-07	2.6083e-08
139	0.97068	0.029315	7.888e-07	2.5506e-08
140	0.97111	0.028885	7.4338e-07	2.3315e-08
141	0.97336	0.026639	6.9952e-07	1.9738e-08
142	0.97759	0.022406	6.5699e-07	1.4906e-08
143	0.9778	0.022195	6.1142e-07	1.3098e-08
144	0.97968	0.020321	5.6682e-07	1.0285e-08
145	0.98379	0.01621	5.177e-07	6.4462e-09
146	0.98468	0.015319	5.9549e-07	7.5436e-09
147	0.98711	0.012894	6.7536e-07	7.4691e-09
148	0.99166	0.0083397	7.5109e-07	5.5251e-09
149	0.99312	0.0068841	8.263e-07	5.1195e-09
150	0.99293	0.0070711	8.9415e-07	5.8679e-09
151	0.99411	0.005886	9.5707e-07	5.358e-09
152	0.99653	0.0034672	1.0225e-06	3.4125e-09
153	0.99745	0.0025518	1.0804e-06	2.7326e-09
154	0.99494	0.0050569	1.1355e-06	5.8332e-09
155	0.99385	0.0061526	1.1859e-06	7.5376e-09
156	0.9903	0.0096988	1.2343e-06	1.2447e-08
157	0.98828	0.011721	1.2854e-06	1.5639e-08
158	0.98789	0.012108	1.3325e-06	1.683e-08
159	0.98429	0.015713	1.3762e-06	2.2547e-08
160	0.98276	0.017235	1.4163e-06	2.559e-08
161	0.98276	0.017242	1.4599e-06	2.6382e-08
162	0.97935	0.020651	1.4998e-06	3.2315e-08
163	0.96961	0.030384	1.5312e-06	4.8217e-08
164	0.96372	0.036277	1.5615e-06	5.8883e-08
165	0.96085	0.039153	1.5899e-06	6.5006e-08
166	0.95172	0.048281	1.601e-06	8.2025e-08
167	0.94568	0.054322	1.6186e-06	9.3901e-08
168	0.94287	0.057131	1.6354e-06	1.004e-07
169	0.94238	0.057621	1.6578e-06	1.0267e-07
170	0.94487	0.05513	1.6792e-06	9.9568e-08
171	0.92898	0.071021	1.6608e-06	1.3009e-07
172	0.91769	0.082305	1.6523e-06	1.5199e-07
173	0.91122	0.08878	1.6462e-06	1.6521e-07
174	0.90865	0.091351	1.6411e-06	1.7112e-07
175	0.90879	0.091209	1.6426e-06	1.7171e-07
176	0.90163	0.098369	1.6245e-06	1.8581e-07
177	0.89766	0.10233	1.6139e-06	1.9353e-07
178	0.8966	0.1034	1.6104e-06	1.9554e-07
179	0.89834	0.10166	1.6136e-06	1.9205e-07
180	0.90308	0.096921	1.624e-06	1.8267e-07
181	0.91231	0.087689	1.6364e-06	1.6492e-07
182	0.92733	0.072673	1.653e-06	1.3683e-07
183	0.94799	0.052006	1.6814e-06	9.8195e-08
184	0.95632	0.043678	1.6805e-06	8.2605e-08
185	0.95794	0.042058	1.669e-06	7.9069e-08
186	0.95437	0.045629	1.6496e-06	8.4708e-08
187	0.94347	0.056533	1.611e-06	1.0333e-07
188	0.9361	0.063894	1.5808e-06	1.1499e-07
189	0.93235	0.067649	1.5509e-06	1.2011e-07
190	0.93115	0.06885	1.5272e-06	1.2047e-07
191	0.93299	0.067008	1.5025e-06	1.1562e-07
192	0.93744	0.062554	1.4835e-06	1.0638e-07
193	0.8897	0.11029	1.3826e-06	1.8031e-07
194	0.8568	0.1432	1.3012e-06	2.2872e-07
195	0.83455	0.16545	1.2326e-06	2.584e-07
196	0.78251	0.21749	1.1137e-06	3.3217e-07
197	0.74369	0.25631	1.0214e-06	3.8035e-07
198	0.71505	0.28495	9.4872e-07	4.097e-07
199	0.69434	0.30566	8.9065e-07	4.2504e-07
200	0.68143	0.31857	8.3984e-07	4.275e-07
201	0.6734	0.3266	7.9739e-07	4.2203e-07
202	0.64575	0.35425	7.3343e-07	4.3843e-07
203	0.62576	0.37423	6.8171e-07	4.428e-07
204	0.61201	0.38799	6.3938e-07	4.3796e-07
205	0.60333	0.39666	6.0413e-07	4.2606e-07
206	0.59915	0.40085	5.7463e-07	4.084e-07
207	0.60047	0.39953	5.4675e-07	3.8369e-07
208	0.58744	0.41256	5.0689e-07	3.7091e-07
209	0.57938	0.42062	4.7278e-07	3.5218e-07
210	0.54931	0.45069	4.2425e-07	3.4762e-07
211	0.52752	0.47248	3.8464e-07	3.3376e-07
212	0.5123	0.4877	3.5154e-07	3.1292e-07
213	0.50246	0.49754	3.2319e-07	2.8674e-07
214	0.47039	0.52961	2.8565e-07	2.6909e-07
215	0.39512	0.60488	2.7642e-07	3.8296e-07
216	0.33839	0.66161	2.685e-07	4.9601e-07
217	0.29576	0.70424	2.632e-07	6.0694e-07
218	0.26696	0.73304	2.6084e-07	7.0963e-07
219	0.24564	0.75436	2.6213e-07	8.0897e-07
220	0.23019	0.76981	2.6716e-07	9.0495e-07
221	0.18532	0.81468	2.3213e-07	1.0414e-06
222	0.15466	0.84534	2.0593e-07	1.1639e-06
223	0.13166	0.86833	1.8629e-07	1.2802e-06
224	0.1163	0.8837	1.729e-07	1.3851e-06
225	0.10511	0.89489	1.6435e-07	1.4855e-06
226	0.09722	0.90278	1.6005e-07	1.5821e-06
227	0.092769	0.90723	1.5955e-07	1.6699e-06
228	0.091335	0.90866	1.6302e-07	1.7488e-06
229	0.092718	0.90728	1.7071e-07	1.8184e-06
230	0.096184	0.90381	1.831e-07	1.8836e-06
231	0.10204	0.89796	2.0133e-07	1.9433e-06
232	0.11174	0.88826	2.2719e-07	1.9905e-06
233	0.12514	0.87485	2.6295e-07	2.0282e-06
234	0.14335	0.85664	3.1221e-07	2.053e-06
235	0.14718	0.85281	3.3137e-07	2.1087e-06
236	0.15517	0.84483	3.5945e-07	2.1502e-06
237	0.16681	0.83319	3.9857e-07	2.1814e-06
238	0.14932	0.85068	3.6221e-07	2.2829e-06
239	0.13654	0.86346	3.3728e-07	2.3736e-06
240	0.12856	0.87144	3.2215e-07	2.4494e-06
241	0.12455	0.87544	3.1555e-07	2.5115e-06
242	0.12299	0.877	3.1604e-07	2.5672e-06
243	0.12381	0.87619	3.237e-07	2.6166e-06
244	0.12707	0.87293	3.3908e-07	2.6591e-06
245	0.13392	0.86608	3.6355e-07	2.6874e-06
246	0.14405	0.85595	3.9907e-07	2.7056e-06
247	0.15969	0.8403	4.4977e-07	2.7033e-06
248	0.18085	0.81915	5.1957e-07	2.683e-06
249	0.20926	0.79074	6.1533e-07	2.6378e-06
250	0.2503	0.7497	7.4927e-07	2.5491e-06
251	0.30451	0.69549	9.3119e-07	2.4138e-06
252	0.37633	0.62367	1.1793e-06	2.2138e-06
253	0.4068	0.59319	1.2915e-06	2.1436e-06
254	0.44766	0.55234	1.444e-06	2.035e-06
255	0.502	0.498	1.6502e-06	1.8747e-06
256	0.5216	0.47839	1.7429e-06	1.8302e-06
257	0.54874	0.45125	1.8682e-06	1.7555e-06
258	0.58549	0.41451	2.0362e-06	1.6406e-06
259	0.63484	0.36515	2.2619e-06	1.4709e-06
260	0.70068	0.29932	2.5653e-06	1.2266e-06
261	0.79677	0.20323	2.9868e-06	8.5723e-07
262	0.83538	0.16462	3.191e-06	7.0884e-07
263	0.85034	0.14966	3.3053e-06	6.5408e-07
264	0.87364	0.12635	3.4483e-06	5.6312e-07
265	0.90518	0.094811	3.6352e-06	4.3235e-07
266	0.91838	0.081619	3.7359e-06	3.8001e-07
267	0.93684	0.063152	3.8668e-06	3.0198e-07
268	0.94298	0.057012	3.9487e-06	2.7719e-07
269	0.94275	0.057249	4.007e-06	2.8078e-07
270	0.94483	0.05517	4.081e-06	2.7333e-07
271	0.94935	0.050648	4.1721e-06	2.5357e-07
272	0.9567	0.043297	4.2835e-06	2.1868e-07
273	0.96863	0.031364	4.41e-06	1.605e-07
274	0.97275	0.027243	4.5038e-06	1.4025e-07
275	0.9799	0.020097	4.6053e-06	1.045e-07
276	0.99098	0.0090151	4.7191e-06	4.842e-08
277	0.99546	0.0045341	4.8053e-06	2.516e-08
278	0.99477	0.0052301	4.87e-06	2.876e-08
279	0.9951	0.0048978	4.9457e-06	2.7005e-08
280	0.99412	0.0058767	5.0054e-06	3.2433e-08
281	0.9942	0.0057927	5.0763e-06	3.2235e-08
282	0.99257	0.0074267	5.1437e-06	4.1126e-08
283	0.99212	0.0078793	5.2233e-06	4.3723e-08
284	0.98967	0.010324	5.2831e-06	5.7482e-08
285	0.98861	0.01138	5.3565e-06	6.3698e-08
286	0.98448	0.015519	5.404e-06	8.7453e-08
287	0.98245	0.017545	5.4543e-06	1.0021e-07
288	0.98228	0.017715	5.5065e-06	1.029e-07
289	0.98394	0.016053	5.5606e-06	9.5419e-08
290	0.98727	0.012725	5.6308e-06	7.7814e-08
291	0.9925	0.007498	5.7188e-06	4.8275e-08
292	0.98543	0.014566	5.7381e-06	9.3649e-08
293	0.98114	0.018856	5.765e-06	1.2303e-07
294	0.9787	0.021295	5.8096e-06	1.4079e-07
295	0.97082	0.029176	5.8253e-06	1.9367e-07
296	0.96559	0.034405	5.8638e-06	2.2994e-07
297	0.96264	0.03735	5.9233e-06	2.5177e-07
298	0.96228	0.037717	5.9898e-06	2.5781e-07
299	0.96389	0.036101	6.0764e-06	2.5044e-07
300	0.96759	0.032407	6.1842e-06	2.284e-07
301	0.95735	0.042646	6.2063e-06	2.9915e-07
302	0.95109	0.0489	6.2439e-06	3.4563e-07
303	0.94744	0.052556	6.3059e-06	3.7464e-07
304	0.94676	0.053238	6.3784e-06	3.8418e-07
305	0.94829	0.051707	6.4738e-06	3.7766e-07
306	0.9529	0.047098	6.5817e-06	3.4957e-07
307	0.95176	0.048237	6.6566e-06	3.617e-07
308	0.95278	0.047217	6.7551e-06	3.5765e-07
309	0.95658	0.043417	6.8651e-06	3.3333e-07
310	0.96296	0.03703	7.0036e-06	2.8796e-07
311	0.97239	0.027605	7.1755e-06	2.1668e-07
312	0.98698	0.013012	7.3789e-06	1.0446e-07
313	0.9877	0.012292	7.4831e-06	9.928e-08
314	0.99013	0.0098629	7.5914e-06	8.0832e-08
315	0.99418	0.0058168	7.7215e-06	4.8376e-08
316	0.99552	0.0044685	7.8384e-06	3.7245e-08
317	0.99548	0.0045096	7.9344e-06	3.7715e-08
318	0.99393	0.0060636	8.0266e-06	5.033e-08
319	0.98994	0.010055	8.0885e-06	8.364e-08
320	0.98756	0.012436	8.1717e-06	1.0379e-07
321	0.98694	0.013051	8.2591e-06	1.1004e-07
322	0.98767	0.012322	8.3666e-06	1.045e-07
323	0.98602	0.013973	8.4441e-06	1.1956e-07
324	0.98579	0.0142	8.5428e-06	1.2208e-07
325	0.98725	0.012738	8.6465e-06	1.1024e-07
326	0.99059	0.0094036	8.757e-06	8.2072e-08
327	0.99632	0.0036676	8.8787e-06	3.2877e-08
328	0.99345	0.0065399	8.9333e-06	5.9302e-08
329	0.9919	0.0080939	9.0085e-06	7.3713e-08
330	0.99156	0.0084355	9.104e-06	7.6866e-08
331	0.99261	0.0073774	9.2024e-06	6.7425e-08
332	0.99521	0.0047848	9.3054e-06	4.3851e-08
333	0.99974	0.00024858	9.4164e-06	2.2993e-09
334	0.99903	0.00096477	9.4879e-06	8.9526e-09
335	0.99909	0.00089887	9.5571e-06	8.3957e-09
336	0.99997	2.4237e-05	9.6239e-06	2.3543e-10
337	0.99981	0.00017653	9.6901e-06	1.7484e-09
338	0.99581	0.0041817	9.7074e-06	4.2368e-08
339	0.99358	0.0064088	9.7317e-06	6.6023e-08
340	0.99258	0.0074111	9.7776e-06	7.7049e-08
341	0.99296	0.007031	9.827e-06	7.4595e-08
342	0.99451	0.0054827	9.8977e-06	5.9848e-08
343	0.99117	0.0088173	9.9063e-06	9.7508e-08
344	0.9893	0.010687	9.9397e-06	1.193e-07
345	0.98901	0.010984	9.9794e-06	1.251e-07
346	0.98593	0.014055	1.0019e-05	1.5927e-07
347	0.98444	0.015547	1.0086e-05	1.7638e-07
348	0.98441	0.015576	1.0178e-05	1.7747e-07
349	0.98585	0.014144	1.0296e-05	1.621e-07
350	0.98928	0.010711	1.0426e-05	1.2509e-07
351	0.99462	0.0053735	1.0589e-05	6.5186e-08
352	0.9893	0.010689	1.0641e-05	1.2558e-07
353	0.98588	0.014105	1.0725e-05	1.6499e-07
354	0.98446	0.015524	1.0819e-05	1.8333e-07
355	0.9845	0.015485	1.094e-05	1.8471e-07
356	0.98599	0.014001	1.109e-05	1.6872e-07
357	0.98903	0.01096	1.1269e-05	1.3317e-07
358	0.99432	0.0056668	1.1465e-05	7.0627e-08
359	0.99628	0.0037059	1.1634e-05	4.6906e-08
360	0.99671	0.0032758	1.1796e-05	4.1497e-08
361	0.99611	0.0038742	1.1933e-05	4.9211e-08
362	0.99645	0.0035346	1.2094e-05	4.5164e-08
363	0.99558	0.0044042	1.2251e-05	5.5928e-08
364	0.99588	0.0041036	1.2412e-05	5.2632e-08
365	0.99038	0.0096095	1.2519e-05	1.2106e-07
366	0.98714	0.012844	1.2642e-05	1.6346e-07
367	0.98583	0.014159	1.2776e-05	1.8278e-07
368	0.98592	0.014062	1.2941e-05	1.8324e-07
369	0.98779	0.012194	1.3118e-05	1.6084e-07
370	0.99169	0.0082947	1.331e-05	1.1163e-07
371	0.99277	0.0072175	1.3478e-05	9.8389e-08
372	0.99207	0.0079154	1.361e-05	1.0973e-07
373	0.99252	0.0074647	1.3771e-05	1.0467e-07
374	0.9944	0.0055909	1.394e-05	8.0026e-08
375	0.99762	0.0023667	1.4142e-05	3.4796e-08
376	0.99896	0.0010209	1.4332e-05	1.5355e-08
377	0.99955	0.00043235	1.4523e-05	6.591e-09
378	0.99989	9.6524e-05	1.4725e-05	1.4452e-09
379	0.99992	6.0638e-05	1.491e-05	9.1208e-10
380	0.99907	0.00091238	1.5068e-05	1.4128e-08
381	0.99894	0.0010447	1.525e-05	1.6318e-08
382	0.9984	0.0015855	1.5413e-05	2.5291e-08
383	0.99704	0.0029459	1.5551e-05	4.825e-08
384	0.9936	0.0063817	1.5668e-05	1.0532e-07
385	0.99184	0.0081486	1.5799e-05	1.3701e-07
386	0.9913	0.0086807	1.5964e-05	1.4814e-07
387	0.99196	0.0080196	1.6164e-05	1.3892e-07
388	0.99387	0.0061136	1.6401e-05	1.0763e-07
389	0.99715	0.0028302	1.6678e-05	5.0768e-08
390	0.99845	0.0015349	1.6937e-05	2.7614e-08
391	0.99388	0.0061043	1.7065e-05	1.0855e-07
392	0.99096	0.0090266	1.7237e-05	1.611e-07
393	0.9897	0.010285	1.7424e-05	1.8618e-07
394	0.98972	0.010267	1.765e-05	1.8792e-07
395	0.99126	0.0087265	1.789e-05	1.6269e-07
396	0.99419	0.0057888	1.8174e-05	1.0989e-07
397	0.99517	0.0048106	1.8408e-05	9.3522e-08
398	0.99468	0.0052982	1.8631e-05	1.0428e-07
399	0.99522	0.0047654	1.8891e-05	9.4928e-08
400	0.9943	0.0056801	1.914e-05	1.1324e-07
401	0.99445	0.0055352	1.9428e-05	1.1042e-07
402	0.99589	0.0040902	1.9727e-05	8.2127e-08
403	0.99884	0.0011435	2.0043e-05	2.3505e-08
404	0.99883	0.0011513	2.0317e-05	2.3715e-08
405	0.99838	0.0015948	2.0568e-05	3.3331e-08
406	0.99723	0.0027495	2.0789e-05	5.8832e-08
407	0.99698	0.0029971	2.1048e-05	6.4971e-08
408	0.99761	0.0023645	2.1344e-05	5.1674e-08
409	0.99748	0.0024949	2.1608e-05	5.5363e-08
410	0.99631	0.00367	2.1871e-05	8.1608e-08
411	0.9961	0.0038783	2.2174e-05	8.6267e-08
412	0.99464	0.0053339	2.2435e-05	1.1955e-07
413	0.99448	0.0055012	2.2709e-05	1.2509e-07
414	0.99557	0.0044038	2.2996e-05	1.0235e-07
415	0.9978	0.002172	2.333e-05	5.1517e-08
416	0.99865	0.0013267	2.3652e-05	3.166e-08
417	0.99892	0.00106	2.3946e-05	2.5745e-08
418	0.99108	0.008893	2.4024e-05	2.2145e-07
419	0.98613	0.01385	2.4153e-05	3.5146e-07
420	0.98306	0.016916	2.4349e-05	4.3393e-07
421	0.97414	0.025837	2.4418e-05	6.6464e-07
422	0.96804	0.031935	2.4576e-05	8.2526e-07
423	0.9643	0.035673	2.4815e-05	9.2658e-07
424	0.9631	0.036871	2.51e-05	9.6645e-07
425	0.96429	0.035683	2.543e-05	9.4585e-07
426	0.96813	0.031848	2.5815e-05	8.5611e-07
427	0.97438	0.025598	2.6291e-05	6.9553e-07
428	0.98433	0.015647	2.6853e-05	4.3337e-07
429	0.99813	0.0018425	2.7557e-05	5.2037e-08
430	0.99633	0.0036455	2.781e-05	1.045e-07
431	0.99187	0.0081067	2.8009e-05	2.3286e-07
432	0.98908	0.010896	2.8278e-05	3.1409e-07
433	0.98772	0.012246	2.861e-05	3.5406e-07
434	0.98797	0.011997	2.8971e-05	3.4954e-07
435	0.98985	0.010118	2.9364e-05	2.9784e-07
436	0.98439	0.015579	2.9565e-05	4.607e-07
437	0.98133	0.018636	2.9816e-05	5.5758e-07
438	0.98036	0.01961	3.011e-05	5.948e-07
439	0.98095	0.019022	3.0478e-05	5.8222e-07
440	0.98349	0.016475	3.0889e-05	5.0983e-07
441	0.98832	0.011645	3.1355e-05	3.664e-07
442	0.98595	0.014016	3.1577e-05	4.504e-07
443	0.98507	0.014896	3.1871e-05	4.8518e-07
444	0.9856	0.014369	3.2237e-05	4.7249e-07
445	0.98796	0.012004	3.2644e-05	4.0044e-07
446	0.99201	0.0079532	3.3137e-05	2.6766e-07
447	0.99869	0.001278	3.37e-05	4.6237e-08
448	0.9957	0.0042613	3.3958e-05	1.5488e-07
449	0.9942	0.0057684	3.4248e-05	2.1435e-07
450	0.99379	0.0061774	3.4603e-05	2.3402e-07
451	0.99134	0.0086205	3.4908e-05	3.287e-07
452	0.99022	0.0097427	3.5287e-05	3.7488e-07
453	0.99035	0.0096163	3.5741e-05	3.7405e-07
454	0.99172	0.0082453	3.6271e-05	3.245e-07
455	0.99444	0.0055256	3.6885e-05	2.1958e-07
456	0.99918	0.00078135	3.7559e-05	3.5206e-08
457	0.98886	0.011099	3.7561e-05	4.9566e-07
458	0.98151	0.018447	3.7717e-05	8.3081e-07
459	0.97661	0.023354	3.8005e-05	1.0633e-06
460	0.96448	0.035485	3.7926e-05	1.638e-06
461	0.95674	0.043224	3.8008e-05	2.033e-06
462	0.95253	0.047433	3.8218e-05	2.2796e-06
463	0.79991	0.20005	3.123e-05	9.7548e-06
464	0.69315	0.30681	2.6228e-05	1.5226e-05
465	0.61265	0.38731	2.2519e-05	1.9431e-05
466	0.55764	0.44232	1.9934e-05	2.2497e-05
467	0.51654	0.48342	1.8049e-05	2.4885e-05
468	0.48915	0.51081	1.6773e-05	2.6651e-05
469	0.47164	0.52831	1.5941e-05	2.7959e-05
470	0.45979	0.54017	1.5401e-05	2.8997e-05
471	0.45398	0.54597	1.512e-05	2.9764e-05
472	0.45349	0.54647	1.5056e-05	3.0301e-05
473	0.4376	0.56236	1.4404e-05	3.0507e-05
474	0.42711	0.57284	1.398e-05	3.0505e-05
475	0.42241	0.57755	1.3762e-05	3.0285e-05
476	0.34157	0.65839	1.0906e-05	3.2724e-05
477	0.28052	0.71944	8.8055e-06	3.4427e-05
478	0.23802	0.76194	7.3189e-06	3.5505e-05
479	0.20597	0.79399	6.2248e-06	3.6208e-05
480	0.18195	0.81801	5.4246e-06	3.6634e-05
481	0.16422	0.83574	4.8496e-06	3.6851e-05
482	0.1514	0.84856	4.4473e-06	3.6911e-05
483	0.14247	0.85749	4.181e-06	3.685e-05
484	0.1367	0.86326	4.0249e-06	3.6695e-05
485	0.13465	0.86531	3.9835e-06	3.6415e-05
486	0.11986	0.8801	3.5402e-06	3.6552e-05
487	0.11021	0.88975	3.2478e-06	3.6529e-05
488	0.10465	0.89531	3.0779e-06	3.6375e-05
489	0.10153	0.89843	2.9945e-06	3.6148e-05
490	0.08825	0.91171	2.5784e-06	3.6246e-05
491	0.078487	0.92147	2.2822e-06	3.6237e-05
492	0.07155	0.92841	2.0808e-06	3.6148e-05
493	0.067555	0.93241	1.9651e-06	3.5964e-05
494	0.066121	0.93384	1.9255e-06	3.5696e-05
495	0.067046	0.93292	1.9571e-06	3.5349e-05
496	0.060268	0.93969	1.7431e-06	3.526e-05
497	0.056376	0.94359	1.6149e-06	3.5077e-05
498	0.05414	0.94582	1.5438e-06	3.485e-05
499	0.053932	0.94603	1.532e-06	3.4556e-05
500	0.055725	0.94424	1.5782e-06	3.4196e-05
501	0.059151	0.94081	1.6787e-06	3.3795e-05
502	0.065172	0.93479	1.8528e-06	3.3312e-05
503	0.073614	0.92635	2.105e-06	3.2764e-05
504	0.086289	0.91368	2.4754e-06	3.209e-05
505	0.1033	0.89666	2.9824e-06	3.1292e-05
506	0.12598	0.87398	3.6695e-06	3.0328e-05
507	0.13271	0.86725	3.8533e-06	2.9879e-05
508	0.12981	0.87016	3.7382e-06	2.9743e-05
509	0.13014	0.86983	3.7172e-06	2.9504e-05
510	0.13291	0.86706	3.7778e-06	2.9196e-05
511	0.13832	0.86165	3.9262e-06	2.8813e-05
512	0.14684	0.85312	4.1778e-06	2.8339e-05
513	0.16072	0.83925	4.5812e-06	2.7704e-05
514	0.17965	0.82032	5.1484e-06	2.6918e-05
515	0.20507	0.7949	5.9281e-06	2.5932e-05
516	0.24259	0.75738	7.0547e-06	2.459e-05
517	0.23907	0.7609	6.9144e-06	2.4528e-05
518	0.23983	0.76014	6.8949e-06	2.4336e-05
519	0.2452	0.75477	7.0031e-06	2.4007e-05
520	0.21208	0.78789	5.975e-06	2.4828e-05
521	0.18938	0.81059	5.2517e-06	2.5334e-05
522	0.17263	0.82734	4.7271e-06	2.5655e-05
523	0.16056	0.83941	4.355e-06	2.5834e-05
524	0.15226	0.84771	4.1028e-06	2.5905e-05
525	0.14713	0.85284	3.9504e-06	2.5887e-05
526	0.12944	0.87053	3.4418e-06	2.6218e-05
527	0.11793	0.88204	3.0995e-06	2.6374e-05
528	0.10987	0.8901	2.8643e-06	2.6434e-05
529	0.085046	0.91493	2.1896e-06	2.6944e-05
530	0.066199	0.93377	1.6903e-06	2.7289e-05
531	0.053141	0.94683	1.3387e-06	2.7479e-05
532	0.043343	0.95663	1.0817e-06	2.7585e-05
533	0.036729	0.96324	9.0435e-07	2.7604e-05
534	0.031886	0.96809	7.7789e-07	2.7581e-05
535	0.029028	0.97094	6.9989e-07	2.7503e-05
536	0.027257	0.97272	6.5264e-07	2.7404e-05
537	0.026436	0.97354	6.3192e-07	2.7287e-05
538	0.026505	0.97347	6.358e-07	2.7155e-05
539	0.027468	0.9725	6.6456e-07	2.7008e-05
540	0.029422	0.97055	7.213e-07	2.6842e-05
541	0.026022	0.97395	6.4181e-07	2.6821e-05
542	0.024204	0.97577	5.9927e-07	2.6756e-05
543	0.023639	0.97633	5.8636e-07	2.6655e-05
544	0.018266	0.98171	4.471e-07	2.6672e-05
545	0.014178	0.98579	3.4393e-07	2.6663e-05
546	0.011057	0.98892	2.673e-07	2.6637e-05
547	0.0086562	0.99132	2.1013e-07	2.66e-05
548	0.0070799	0.99289	1.7152e-07	2.6537e-05
549	0.0061076	0.99387	1.465e-07	2.6454e-05
550	0.0053858	0.99459	1.2855e-07	2.6372e-05
551	0.0048579	0.99512	1.1603e-07	2.6294e-05
552	0.0046742	0.9953	1.1068e-07	2.6202e-05
553	0.0046108	0.99536	1.0873e-07	2.6115e-05
554	0.0046717	0.9953	1.1025e-07	2.6033e-05
555	0.0048619	0.99511	1.1537e-07	2.5956e-05
556	0.0051961	0.99478	1.2456e-07	2.5884e-05
557	0.0057005	0.99427	1.3864e-07	2.5815e-05
558	0.0064147	0.99356	1.589e-07	2.5748e-05
559	0.0073829	0.99259	1.8684e-07	2.5682e-05
560	0.0089735	0.991	2.2971e-07	2.5594e-05
561	0.011345	0.98863	2.9137e-07	2.5481e-05
562	0.0148	0.98517	3.7888e-07	2.5335e-05
563	0.019285	0.98069	4.9532e-07	2.5169e-05
564	0.025882	0.97409	6.6266e-07	2.4945e-05
565	0.020502	0.97947	5.2699e-07	2.5032e-05
566	0.016872	0.9831	4.3366e-07	2.507e-05
567	0.014191	0.98578	3.673e-07	2.509e-05
568	0.012543	0.98743	3.2564e-07	2.5078e-05
569	0.011771	0.9882	3.0512e-07	2.5038e-05
570	0.011769	0.98821	3.031e-07	2.4973e-05
571	0.012537	0.98744	3.1926e-07	2.4883e-05
572	0.0096978	0.99028	2.4582e-07	2.4891e-05
573	0.0077574	0.99222	1.9428e-07	2.487e-05
574	0.0062508	0.99372	1.5566e-07	2.4845e-05
575	0.0052505	0.99472	1.2893e-07	2.4801e-05
576	0.0044517	0.99552	1.0847e-07	2.4758e-05
577	0.0039886	0.99599	9.5488e-08	2.4702e-05
578	0.0036229	0.99635	8.5741e-08	2.4651e-05
579	0.0033261	0.99665	7.8347e-08	2.4605e-05
580	0.0032332	0.99674	7.4957e-08	2.4548e-05
581	0.0031738	0.9968	7.2853e-08	2.4499e-05
582	0.0031356	0.99684	7.1659e-08	2.4456e-05
583	0.0031232	0.99685	7.1468e-08	2.4421e-05
584	0.0032917	0.99668	7.4512e-08	2.4375e-05
585	0.0034925	0.99648	7.8644e-08	2.4337e-05
586	0.0037407	0.99623	8.4227e-08	2.4304e-05
587	0.0040554	0.99592	9.1754e-08	2.4278e-05
588	0.0046563	0.99532	1.0477e-07	2.4239e-05
589	0.0054149	0.99456	1.2194e-07	2.4204e-05
590	0.0063798	0.9936	1.4454e-07	2.4171e-05
591	0.007624	0.99235	1.7455e-07	2.4139e-05
592	0.0092421	0.99073	2.146e-07	2.4105e-05
593	0.011661	0.98831	2.7227e-07	2.4046e-05
594	0.01527	0.98471	3.5604e-07	2.3955e-05
595	0.019957	0.98002	4.6754e-07	2.3843e-05
596	0.026076	0.9739	6.1658e-07	2.3702e-05
597	0.034134	0.96584	8.174e-07	2.3517e-05
598	0.045719	0.95426	1.1005e-06	2.3244e-05
599	0.049108	0.95087	1.1812e-06	2.3166e-05
600	0.046789	0.95319	1.1197e-06	2.322e-05
601	0.046451	0.95353	1.1033e-06	2.3223e-05
602	0.039706	0.96027	9.3695e-07	2.3385e-05
603	0.034795	0.96518	8.1904e-07	2.3508e-05
604	0.031946	0.96803	7.4769e-07	2.3577e-05
605	0.030762	0.96921	7.1387e-07	2.3601e-05
606	0.0306	0.96938	7.0703e-07	2.3607e-05
607	0.031849	0.96813	7.3102e-07	2.3575e-05
608	0.034191	0.96578	7.83e-07	2.3523e-05
609	0.037835	0.96214	8.6828e-07	2.3446e-05
610	0.043064	0.95691	9.946e-07	2.3337e-05
611	0.042557	0.95742	9.8145e-07	2.336e-05
612	0.043286	0.95669	1.0005e-06	2.3358e-05
613	0.04583	0.95415	1.0596e-06	2.331e-05
614	0.049893	0.95008	1.1583e-06	2.323e-05
615	0.055784	0.94419	1.3053e-06	2.3111e-05
616	0.043651	0.95632	1.017e-06	2.3419e-05
617	0.034499	0.96548	8.0446e-07	2.366e-05
618	0.028384	0.97159	6.5917e-07	2.3827e-05
619	0.023861	0.97611	5.5462e-07	2.3962e-05
620	0.020985	0.97899	4.8627e-07	2.4053e-05
621	0.019388	0.98059	4.4626e-07	2.411e-05
622	0.018536	0.98144	4.258e-07	2.4155e-05
623	0.018381	0.98159	4.2357e-07	2.419e-05
624	0.019224	0.98075	4.4307e-07	2.4196e-05
625	0.02117	0.97881	4.8658e-07	2.4172e-05
626	0.024034	0.97594	5.5371e-07	2.4133e-05
627	0.028032	0.97194	6.5042e-07	2.4071e-05
628	0.034222	0.96575	7.9616e-07	2.3954e-05
629	0.042499	0.95748	9.9606e-07	2.3791e-05
630	0.054512	0.94546	1.2807e-06	2.3537e-05
631	0.071793	0.92818	1.683e-06	2.3158e-05
632	0.076887	0.92309	1.8038e-06	2.3069e-05
633	0.084408	0.91557	1.9887e-06	2.2924e-05
634	0.083457	0.91652	1.9729e-06	2.2989e-05
635	0.085053	0.91492	2.0148e-06	2.2989e-05
636	0.089399	0.91058	2.119e-06	2.292e-05
637	0.097241	0.90273	2.302e-06	2.2765e-05
638	0.10824	0.89174	2.5677e-06	2.2536e-05
639	0.1233	0.87668	2.9414e-06	2.2208e-05
640	0.1458	0.85417	3.4876e-06	2.1699e-05
641	0.17565	0.82432	4.2293e-06	2.1005e-05
642	0.2153	0.78468	5.2371e-06	2.0054e-05
643	0.22845	0.77152	5.5939e-06	1.9764e-05
644	0.24869	0.75128	6.1219e-06	1.9294e-05
645	0.27915	0.72082	6.8946e-06	1.8571e-05
646	0.32407	0.6759	8.0102e-06	1.7497e-05
647	0.3835	0.61648	9.5206e-06	1.6039e-05
648	0.47009	0.52988	1.1681e-05	1.3921e-05
649	0.47624	0.52373	1.1858e-05	1.3799e-05
650	0.48854	0.51144	1.2178e-05	1.3524e-05
651	0.5066	0.49338	1.2663e-05	1.3096e-05
652	0.53192	0.46806	1.3357e-05	1.2471e-05
653	0.56946	0.43051	1.4351e-05	1.1537e-05
654	0.61962	0.38035	1.5708e-05	1.0253e-05
655	0.63811	0.36186	1.6261e-05	9.7865e-06
656	0.66633	0.33364	1.7056e-05	9.0665e-06
657	0.70448	0.29549	1.815e-05	8.0623e-06
658	0.76083	0.23915	1.9708e-05	6.5818e-06
659	0.83584	0.16413	2.1826e-05	4.5569e-06
660	0.93496	0.06501	2.4681e-05	1.8103e-06
661	0.93563	0.06434	2.4826e-05	1.7901e-06
662	0.93938	0.060596	2.5041e-05	1.6879e-06
663	0.94667	0.0533	2.5338e-05	1.4903e-06
664	0.95741	0.042565	2.5754e-05	1.1902e-06
665	0.97402	0.025951	2.6317e-05	7.2906e-07
666	0.98104	0.018932	2.6598e-05	5.3737e-07
667	0.99104	0.0089337	2.6984e-05	2.5672e-07
668	0.99128	0.0086904	2.7071e-05	2.5206e-07
669	0.98931	0.01066	2.7116e-05	3.0858e-07
670	0.98893	0.011045	2.719e-05	3.2226e-07
671	0.99008	0.0098957	2.7293e-05	2.9413e-07
672	0.99297	0.0069997	2.743e-05	2.1873e-07
673	0.99374	0.0062365	2.7491e-05	2.0447e-07
674	0.99301	0.0069602	2.749e-05	2.3769e-07
675	0.9934	0.0065673	2.7542e-05	2.3633e-07
676	0.99521	0.0047666	2.7619e-05	1.9499e-07
677	0.99537	0.0045998	2.7662e-05	2.0564e-07
678	0.99405	0.0059269	2.7072e-05	2.2955e-07
679	0.99403	0.0059415	2.6501e-05	2.1487e-07
680	0.99509	0.004886	2.5991e-05	1.6802e-07
681	0.99758	0.0023913	2.5502e-05	8.1326e-08
682	0.99674	0.0032304	2.4936e-05	9.9207e-08
683	0.99682	0.0031565	2.4424e-05	9.2049e-08
684	0.99781	0.0021637	2.3962e-05	6.0919e-08
685	0.99576	0.0042166	2.3449e-05	1.0721e-07
686	0.99104	0.0089385	2.2857e-05	2.1528e-07
687	0.98844	0.011536	2.2298e-05	2.7154e-07
688	0.98727	0.012703	2.1801e-05	2.9177e-07
689	0.983	0.016978	2.1218e-05	3.8111e-07
690	0.98056	0.019422	2.0705e-05	4.2513e-07
691	0.97976	0.020224	2.0254e-05	4.3119e-07
692	0.98092	0.019055	1.9826e-05	3.9743e-07
693	0.98375	0.016233	1.9454e-05	3.3014e-07
694	0.98892	0.011057	1.9109e-05	2.2062e-07
695	0.99645	0.0035351	1.8829e-05	6.8134e-08
696	0.99993	5.522e-05	1.8447e-05	1.0278e-09
697	0.99994	4.1405e-05	1.7981e-05	7.7741e-10
698	0.99927	0.00071523	1.7526e-05	1.2973e-08
699	0.99802	0.0019621	1.7044e-05	3.533e-08
700	0.99508	0.0048985	1.6556e-05	8.5541e-08
701	0.98848	0.011504	1.5991e-05	1.9721e-07
702	0.98456	0.015425	1.5459e-05	2.598e-07
703	0.98236	0.017624	1.4981e-05	2.9e-07
704	0.98172	0.018269	1.4551e-05	2.9343e-07
705	0.98258	0.017407	1.4165e-05	2.7311e-07
706	0.98503	0.014954	1.3821e-05	2.2954e-07
707	0.98924	0.010742	1.3521e-05	1.6178e-07
708	0.99554	0.0044498	1.3266e-05	6.6562e-08
709	0.95672	0.04327	1.2421e-05	5.7853e-07
710	0.92997	0.070014	1.174e-05	9.138e-07
711	0.91033	0.089655	1.1189e-05	1.1362e-06
712	0.89748	0.1025	1.0718e-05	1.2652e-06
713	0.88886	0.11113	1.0324e-05	1.3333e-06
714	0.88457	0.11542	9.9724e-06	1.3469e-06
715	0.88424	0.11575	9.6538e-06	1.3144e-06
716	0.88686	0.11313	9.3836e-06	1.249e-06
717	0.88105	0.11894	9.0394e-06	1.2728e-06
718	0.87843	0.12156	8.7464e-06	1.2597e-06
719	0.87959	0.1204	8.4795e-06	1.2086e-06
720	0.88485	0.11514	8.2376e-06	1.1203e-06
721	0.89372	0.10627	8.0409e-06	1.0013e-06
722	0.90689	0.093097	7.8926e-06	8.4785e-07
723	0.9254	0.074592	7.7988e-06	6.5337e-07
724	0.93253	0.067458	7.5791e-06	5.6907e-07
725	0.9432	0.056789	7.3981e-06	4.5926e-07
726	0.95821	0.041778	7.2597e-06	3.1956e-07
727	0.96349	0.036502	7.0498e-06	2.6356e-07
728	0.97233	0.02766	6.8514e-06	1.8504e-07
729	0.98477	0.015227	6.6871e-06	8.4481e-08
730	0.98459	0.015401	6.4419e-06	7.6406e-08
731	0.98151	0.018485	6.634e-06	1.0278e-07
732	0.98011	0.019879	6.8474e-06	1.1859e-07
733	0.9803	0.019693	7.0827e-06	1.2369e-07
734	0.9825	0.017496	7.3208e-06	1.1492e-07
735	0.98649	0.013501	7.5849e-06	9.1595e-08
736	0.98751	0.012478	7.8178e-06	8.8173e-08
737	0.99038	0.0096147	8.0539e-06	7.0487e-08
738	0.99548	0.0045101	8.2971e-06	3.4693e-08
739	0.99134	0.0086516	8.4786e-06	7.1594e-08
740	0.98911	0.010883	8.6641e-06	9.3922e-08
741	0.98856	0.011435	8.8523e-06	1.0244e-07
742	0.98546	0.014534	9.0048e-06	1.3572e-07
743	0.98395	0.016037	9.1831e-06	1.5432e-07
744	0.97832	0.021672	9.3322e-06	2.1355e-07
745	0.96502	0.03497	9.3847e-06	3.5492e-07
746	0.95659	0.043398	9.47e-06	4.5254e-07
747	0.95111	0.048879	9.5957e-06	5.2091e-07
748	0.94879	0.051195	9.7412e-06	5.586e-07
749	0.94871	0.051275	9.9221e-06	5.7218e-07
750	0.95151	0.048483	1.0122e-05	5.5546e-07
751	0.95675	0.043243	1.0363e-05	5.0968e-07
752	0.96566	0.034331	1.0634e-05	4.224e-07
753	0.97825	0.021743	1.0964e-05	2.8811e-07
754	0.99554	0.0044482	1.1369e-05	9.0852e-08
755	0.9947	0.0052889	1.1239e-05	9.4792e-08
756	0.99489	0.005103	1.1132e-05	8.5112e-08
757	0.99353	0.0064595	1.1016e-05	9.6322e-08
758	0.99329	0.0067006	1.0923e-05	9.3717e-08
759	0.99439	0.0055979	1.0835e-05	7.5413e-08
760	0.99699	0.0029974	1.0754e-05	3.9768e-08
761	0.99793	0.0020597	1.0661e-05	2.6304e-08
762	0.99984	0.00014455	1.0589e-05	1.365e-09
763	0.99896	0.0010274	1.1183e-05	1.2719e-08
764	0.99889	0.0010979	1.1768e-05	1.5483e-08
765	0.99953	0.00045303	1.2388e-05	9.1205e-09
766	0.99906	0.00092362	1.2475e-05	1.4175e-08
767	0.99493	0.0050558	1.2504e-05	6.7507e-08
768	0.99233	0.0076589	1.2563e-05	1.0103e-07
769	0.99132	0.0086655	1.2631e-05	1.15e-07
770	0.9915	0.0084838	1.2725e-05	1.1309e-07
771	0.99313	0.0068571	1.2828e-05	9.2748e-08
772	0.99305	0.0069386	1.2897e-05	9.5345e-08
773	0.99408	0.0059045	1.2992e-05	8.2603e-08
774	0.99632	0.003663	1.3115e-05	5.2855e-08
775	0.99481	0.0051799	1.3175e-05	7.5536e-08
776	0.99436	0.0056248	1.3261e-05	8.3136e-08
777	0.99496	0.0050315	1.3373e-05	7.5952e-08
778	0.99401	0.005975	1.3475e-05	9.0558e-08
779	0.99092	0.0090651	1.3533e-05	1.3805e-07
780	0.98926	0.010724	1.3624e-05	1.6465e-07
781	0.98444	0.015543	1.3655e-05	2.4073e-07
782	0.9815	0.018485	1.3725e-05	2.8871e-07
783	0.98062	0.019366	1.3812e-05	3.0761e-07
784	0.96207	0.037914	1.3637e-05	6.0171e-07
785	0.94993	0.050058	1.3542e-05	8.0353e-07
786	0.94153	0.058456	1.3518e-05	9.4635e-07
787	0.93622	0.063767	1.3555e-05	1.041e-06
788	0.93416	0.065822	1.3628e-05	1.0878e-06
789	0.93451	0.065475	1.3752e-05	1.0963e-06
790	0.90978	0.09021	1.3456e-05	1.5166e-06
791	0.89166	0.10833	1.328e-05	1.8295e-06
792	0.87878	0.1212	1.32e-05	2.0583e-06
793	0.87017	0.12981	1.32e-05	2.2192e-06
794	0.86518	0.13481	1.327e-05	2.3222e-06
795	0.86346	0.13653	1.3407e-05	2.3717e-06
796	0.85235	0.14764	1.3373e-05	2.5796e-06
797	0.82128	0.1787	1.3023e-05	3.117e-06
798	0.74379	0.25619	1.1924e-05	4.4167e-06
799	0.55203	0.44795	8.9705e-06	7.584e-06
800	0.41765	0.58233	6.8407e-06	9.9177e-06
801	0.3251	0.67488	5.3328e-06	1.162e-05
802	0.25482	0.74516	4.2002e-06	1.2957e-05
803	0.20572	0.79427	3.3882e-06	1.3965e-05
804	0.16851	0.83147	2.7816e-06	1.4777e-05
805	0.14039	0.85959	2.3305e-06	1.5442e-05
806	0.12103	0.87895	2.0131e-06	1.5966e-05
807	0.10823	0.89175	1.7992e-06	1.6379e-05
808	0.10022	0.89976	1.6623e-06	1.6708e-05
809	0.095865	0.90412	1.5854e-06	1.697e-05
810	0.0937	0.90628	1.5509e-06	1.7197e-05
811	0.082025	0.91796	1.3321e-06	1.7602e-05
812	0.074425	0.92556	1.1832e-06	1.793e-05
813	0.06924	0.93074	1.082e-06	1.8218e-05
814	0.066064	0.93392	1.0196e-06	1.8476e-05
815	0.064616	0.93536	9.8992e-07	1.871e-05
816	0.064786	0.93519	9.9045e-07	1.8922e-05
817	0.066619	0.93336	1.0219e-06	1.9111e-05
818	0.070907	0.92907	1.0918e-06	1.9256e-05
819	0.077402	0.92258	1.2025e-06	1.9368e-05
820	0.087797	0.91218	1.3748e-06	1.9411e-05
821	0.10187	0.89811	1.6153e-06	1.9396e-05
822	0.12077	0.87921	1.9476e-06	1.9298e-05
823	0.14598	0.854	2.4032e-06	1.9086e-05
824	0.18227	0.8177	3.049e-06	1.8677e-05
825	0.23034	0.76963	3.9294e-06	1.8043e-05
826	0.2499	0.75008	4.3007e-06	1.7911e-05
827	0.27887	0.72111	4.8347e-06	1.7608e-05
828	0.31769	0.68229	5.5686e-06	1.7116e-05
829	0.36917	0.63081	6.5662e-06	1.6372e-05
830	0.43752	0.56245	7.9248e-06	1.5279e-05
831	0.5281	0.47188	9.7731e-06	1.371e-05
832	0.51627	0.48371	9.5418e-06	1.3817e-05
833	0.51081	0.48917	9.432e-06	1.3792e-05
834	0.50957	0.49041	9.4268e-06	1.3675e-05
835	0.51362	0.48636	9.5301e-06	1.344e-05
836	0.52207	0.47791	9.7494e-06	1.31e-05
837	0.53722	0.46276	1.0117e-05	1.2604e-05
838	0.561	0.43897	1.0676e-05	1.1905e-05
839	0.5971	0.40288	1.1508e-05	1.0923e-05
840	0.64539	0.35459	1.2654e-05	9.64e-06
841	0.70954	0.29043	1.4213e-05	7.9565e-06
842	0.73443	0.26555	1.479e-05	7.2685e-06
843	0.7417	0.25828	1.4935e-05	7.025e-06
844	0.75533	0.24465	1.5217e-05	6.6336e-06
845	0.77724	0.22274	1.5677e-05	6.0527e-06
846	0.80719	0.19279	1.635e-05	5.2728e-06
847	0.80271	0.19727	1.6197e-05	5.3321e-06
848	0.80275	0.19723	1.6133e-05	5.2912e-06
849	0.80637	0.1936	1.6167e-05	5.1657e-06
850	0.81386	0.18612	1.6308e-05	4.9475e-06
851	0.82579	0.17419	1.657e-05	4.6203e-06
852	0.8431	0.15688	1.6982e-05	4.1576e-06
853	0.8697	0.13028	1.7599e-05	3.4783e-06
854	0.90552	0.094462	1.8464e-05	2.5635e-06
855	0.91942	0.080562	1.8794e-05	2.1977e-06
856	0.91312	0.086861	1.865e-05	2.3198e-06
857	0.91067	0.089306	1.8578e-05	2.3587e-06
858	0.91095	0.089027	1.8583e-05	2.3334e-06
859	0.91482	0.08516	1.8656e-05	2.2283e-06
860	0.92179	0.078191	1.8818e-05	2.048e-06
861	0.9324	0.067574	1.9085e-05	1.7768e-06
862	0.94912	0.050861	1.948e-05	1.3651e-06
863	0.97186	0.028114	2.0043e-05	8.0006e-07
864	0.97329	0.026685	2.0063e-05	7.6511e-07
865	0.97662	0.023362	2.0144e-05	6.8399e-07
866	0.98206	0.017917	2.0292e-05	5.5024e-07
867	0.99004	0.0099352	2.0518e-05	3.5219e-07
868	0.98932	0.010659	2.0532e-05	3.7989e-07
869	0.9901	0.0098758	2.0571e-05	3.7081e-07
870	0.99256	0.0074236	2.0637e-05	3.2211e-07
871	0.98919	0.010787	2.0032e-05	3.8894e-07
872	0.98046	0.019521	1.9332e-05	5.7728e-07
873	0.97447	0.025509	1.8727e-05	6.9415e-07
874	0.95793	0.042055	1.7929e-05	1.0287e-06
875	0.94703	0.052953	1.7242e-05	1.2357e-06
876	0.9396	0.060382	1.666e-05	1.3598e-06
877	0.93507	0.064908	1.6166e-05	1.419e-06
878	0.93311	0.066872	1.5745e-05	1.425e-06
879	0.92396	0.076024	1.5174e-05	1.5665e-06
880	0.90078	0.099203	1.4331e-05	1.9647e-06
881	0.8839	0.11608	1.3647e-05	2.2247e-06
882	0.87204	0.12794	1.3086e-05	2.3811e-06
883	0.84005	0.15994	1.2222e-05	2.8594e-06
884	0.81646	0.18353	1.154e-05	3.173e-06
885	0.79957	0.20042	1.0999e-05	3.3627e-06
886	0.78798	0.21201	1.0566e-05	3.4599e-06
887	0.78082	0.21917	1.022e-05	3.485e-06
888	0.77754	0.22244	9.9485e-06	3.451e-06
889	0.77795	0.22203	9.7436e-06	3.3643e-06
890	0.78203	0.21796	9.6017e-06	3.2279e-06
891	0.79007	0.20991	9.5249e-06	3.0396e-06
892	0.80415	0.19584	9.5105e-06	2.7779e-06
893	0.82411	0.17588	9.5815e-06	2.4439e-06
894	0.82949	0.1705	9.4637e-06	2.3116e-06
895	0.82576	0.17423	9.2176e-06	2.2961e-06
896	0.82548	0.17451	9.027e-06	2.2379e-06
897	0.82953	0.17046	8.8747e-06	2.1306e-06
898	0.83843	0.16156	8.7633e-06	1.9716e-06
899	0.85188	0.14811	8.7123e-06	1.7647e-06
900	0.87099	0.129	8.7327e-06	1.4987e-06
901	0.89725	0.10274	8.8393e-06	1.1587e-06
902	0.93563	0.064361	9.0493e-06	7.0451e-07
903	0.99193	0.0080595	9.4086e-06	8.9425e-08
904	0.99024	0.0097553	9.1525e-06	1.0268e-07
905	0.98981	0.010176	8.9217e-06	1.0283e-07
906	0.99088	0.0091077	8.6933e-06	8.9557e-08
907	0.98981	0.010179	8.4573e-06	9.6018e-08
908	0.99023	0.0097609	8.2233e-06	8.9553e-08
909	0.99192	0.0080677	8.0118e-06	7.2241e-08
910	0.99155	0.0084463	7.7939e-06	7.2807e-08
911	0.99234	0.0076519	7.5965e-06	6.3641e-08
912	0.99437	0.0056243	7.419e-06	4.4891e-08
913	0.99146	0.0085367	7.1882e-06	6.4585e-08
914	0.98995	0.010047	6.9794e-06	7.2756e-08
915	0.98995	0.010048	6.7712e-06	7.0199e-08
916	0.99145	0.0085388	6.5625e-06	5.7822e-08
917	0.99437	0.005628	6.373e-06	3.6633e-08
918	0.99938	0.00061642	6.1844e-06	3.9663e-09
919	0.99914	0.00085126	5.9719e-06	5.233e-09
920	0.99958	0.00041189	5.773e-06	2.3996e-09
921	0.99989	0.00010923	5.5628e-06	6.1244e-10
922	0.99682	0.0031717	5.3206e-06	1.7341e-08
923	0.99521	0.0047893	5.077e-06	2.5348e-08
924	0.99486	0.0051328	4.8297e-06	2.6401e-08
925	0.99276	0.0072319	4.6055e-06	3.5061e-08
926	0.99189	0.0081043	4.3967e-06	3.7139e-08
927	0.99244	0.0075571	4.1842e-06	3.2951e-08
928	0.9913	0.0087002	3.9543e-06	3.6059e-08
929	0.99135	0.0086473	3.7386e-06	3.3917e-08
930	0.9926	0.0073943	3.5357e-06	2.7318e-08
931	0.99211	0.0078882	3.3168e-06	2.7374e-08
932	0.99276	0.0072352	3.11e-06	2.346e-08
933	0.99462	0.0053724	2.9146e-06	1.6097e-08
934	0.99476	0.005236	2.7213e-06	1.4288e-08
935	0.99594	0.0040559	2.5377e-06	9.7781e-09
936	0.99854	0.0014579	2.3477e-06	2.4481e-09
937	0.99628	0.0037186	2.4292e-06	8.3541e-09
938	0.99513	0.0048693	2.5166e-06	1.1752e-08
