#coord	neutral	conserved	gBGC.neutral	gBGC.conserved
1	0.75343	0.23135	0.011637	0.0035838
2	0.75924	0.22554	0.011723	0.0034924
3	0.76934	0.21545	0.011877	0.0033339
4	0.78602	0.19877	0.012132	0.0030741
5	0.81142	0.17338	0.01252	0.0026809
6	0.84942	0.13539	0.013101	0.0020951
7	0.90006	0.084746	0.013878	0.0013124
8	0.92229	0.062523	0.014216	0.00096996
9	0.95237	0.032451	0.014676	0.00050526
10	0.96406	0.020764	0.014852	0.00032401
11	0.9684	0.016425	0.014916	0.00025642
12	0.97499	0.0098422	0.015015	0.00015365
13	0.97765	0.0071907	0.015052	0.00011238
14	0.98188	0.0029606	0.015114	4.6432e-05
15	0.98362	0.0012198	0.015138	1.9206e-05
16	0.98311	0.0017351	0.015127	2.7141e-05
17	0.98336	0.0014849	0.015128	2.3189e-05
18	0.983	0.0018491	0.01512	2.8735e-05
19	0.98341	0.0014391	0.015124	2.2274e-05
20	0.98478	7.2957e-05	0.015143	1.1334e-06
21	0.98483	2.7358e-05	0.015142	4.2224e-07
22	0.98456	0.00030173	0.015135	4.6734e-06
23	0.98416	0.00069938	0.015127	1.0822e-05
24	0.98441	0.00045023	0.015129	6.9736e-06
25	0.98452	0.00034845	0.01513	5.3875e-06
26	0.98454	0.00032819	0.015129	5.0464e-06
27	0.98356	0.0013083	0.015113	2.011e-05
28	0.98345	0.0014165	0.01511	2.1825e-05
29	0.98409	0.00077963	0.015119	1.2024e-05
30	0.98437	0.00049775	0.015122	7.7348e-06
31	0.98347	0.001399	0.015107	2.174e-05
32	0.98138	0.0034888	0.015074	5.4095e-05
33	0.98025	0.0046173	0.015057	7.1503e-05
34	0.98003	0.0048433	0.015053	7.4904e-05
35	0.98082	0.0040471	0.015066	6.2664e-05
36	0.98027	0.0046027	0.015057	7.1183e-05
37	0.98072	0.0041561	0.015064	6.4366e-05
38	0.98205	0.0028177	0.015085	4.3706e-05
39	0.9822	0.0026665	0.015088	4.1312e-05
40	0.98315	0.0017226	0.015104	2.6619e-05
41	0.98326	0.0016095	0.015107	2.484e-05
42	0.98266	0.0022128	0.015098	3.417e-05
43	0.9828	0.0020706	0.015101	3.1956e-05
44	0.98215	0.0027136	0.015092	4.1918e-05
45	0.98237	0.0024994	0.015096	3.8604e-05
46	0.98345	0.0014114	0.015115	2.1745e-05
47	0.98386	0.0010007	0.015122	1.5404e-05
48	0.98391	0.00095043	0.015124	1.4661e-05
49	0.98466	0.00019544	0.015137	3.0198e-06
50	0.98467	0.00018446	0.015139	2.835e-06
51	0.98478	7.4434e-05	0.015142	1.1471e-06
52	0.9847	0.00015028	0.015143	2.3058e-06
53	0.9839	0.00094989	0.015133	1.4497e-05
54	0.98237	0.0024769	0.015112	3.7843e-05
55	0.98193	0.0029229	0.015107	4.4688e-05
56	0.9825	0.0023504	0.015117	3.5966e-05
57	0.98217	0.0026732	0.015114	4.0877e-05
58	0.98085	0.0039936	0.015096	6.1143e-05
59	0.96881	0.016034	0.014914	0.00024522
60	0.96106	0.023783	0.014797	0.00036408
61	0.95589	0.028951	0.01472	0.00044295
62	0.95289	0.031941	0.014677	0.00048816
63	0.95224	0.032587	0.01467	0.00049768
64	0.9472	0.037634	0.014595	0.00057484
65	0.94501	0.039817	0.014564	0.00060841
66	0.94482	0.040001	0.014564	0.00061096
67	0.93979	0.04503	0.014489	0.00068804
68	0.93712	0.047702	0.014451	0.00072859
69	0.93721	0.047608	0.014455	0.00072701
70	0.93217	0.052645	0.01438	0.00080443
71	0.93027	0.054546	0.014352	0.00083402
72	0.93123	0.053577	0.014368	0.00081981
73	0.93451	0.050295	0.01442	0.00076966
74	0.94104	0.043773	0.014522	0.00067009
75	0.95069	0.034116	0.014673	0.00052181
76	0.95359	0.03121	0.014719	0.00047747
77	0.95926	0.025546	0.014807	0.0003911
78	0.96761	0.017188	0.014938	0.0002629
79	0.97089	0.013912	0.01499	0.00021287
80	0.97108	0.013714	0.014996	0.00020985
81	0.97268	0.012116	0.015023	0.00018507
82	0.96585	0.018943	0.014921	0.0002897
83	0.96181	0.02298	0.014861	0.00035178
84	0.95967	0.025117	0.014832	0.00038436
85	0.95961	0.025168	0.014833	0.00038506
86	0.9558	0.028982	0.014777	0.00044382
87	0.95445	0.030329	0.014758	0.00046484
88	0.95491	0.029866	0.014768	0.00045768
89	0.95764	0.027137	0.014812	0.00041583
90	0.96309	0.021676	0.014898	0.00033223
91	0.97205	0.012722	0.015037	0.00019537
92	0.97538	0.009381	0.015091	0.00014414
93	0.9763	0.0084588	0.015107	0.00013022
94	0.97519	0.0095729	0.015092	0.00014756
95	0.9753	0.0094579	0.015097	0.00014573
96	0.97694	0.0078147	0.015125	0.00012043
97	0.97658	0.0081711	0.015122	0.00012583
98	0.97764	0.0071117	0.015141	0.00010948
99	0.98026	0.0044884	0.015184	6.91e-05
100	0.97846	0.006288	0.01516	9.6826e-05
101	0.97799	0.0067478	0.015155	0.00010396
102	0.97881	0.0059263	0.01517	9.1391e-05
103	0.97798	0.0067568	0.01516	0.00010445
104	0.97847	0.006265	0.015169	9.7145e-05
105	0.98008	0.0046529	0.015197	7.2349e-05
106	0.98016	0.004572	0.015201	7.1162e-05
107	0.97872	0.0060056	0.015181	9.3653e-05
108	0.97838	0.0063377	0.015179	9.8887e-05
109	0.97935	0.0053696	0.015197	8.4027e-05
110	0.98146	0.0032548	0.015233	5.1193e-05
111	0.98207	0.0026404	0.015246	4.1655e-05
112	0.98176	0.0029481	0.015245	4.6505e-05
113	0.98231	0.0023909	0.015258	3.778e-05
114	0.98378	0.00091827	0.015285	1.4656e-05
115	0.95463	0.030069	0.014831	0.00047376
116	0.93466	0.050034	0.01452	0.0007895
117	0.92133	0.063357	0.014312	0.0010013
118	0.91202	0.072663	0.014169	0.0011491
119	0.90679	0.077888	0.01409	0.0012331
120	0.90498	0.079696	0.014064	0.0012638
121	0.90574	0.078929	0.014079	0.0012536
122	0.90914	0.075526	0.014136	0.0012017
123	0.91544	0.069221	0.014239	0.0011038
124	0.91484	0.069808	0.014234	0.0011138
125	0.91671	0.067939	0.014269	0.0010848
126	0.92117	0.063466	0.014346	0.0010144
127	0.91933	0.065307	0.014324	0.0010432
128	0.92043	0.064194	0.014347	0.0010259
129	0.92477	0.059849	0.014422	0.00095799
130	0.92355	0.061066	0.014407	0.00097832
131	0.92463	0.059983	0.01443	0.00096198
132	0.92812	0.056483	0.014492	0.00090707
133	0.92571	0.058883	0.014461	0.00094525
134	0.92628	0.05831	0.014476	0.00093681
135	0.92916	0.055417	0.014528	0.00089129
136	0.93462	0.049949	0.014623	0.00080447
137	0.94391	0.040652	0.014777	0.00065725
138	0.95703	0.027531	0.014994	0.00044841
139	0.95569	0.028863	0.01498	0.00046989
140	0.9561	0.028439	0.014995	0.00046318
141	0.95831	0.026227	0.015039	0.00042769
142	0.96246	0.02206	0.015115	0.0003606
143	0.96266	0.021852	0.015128	0.00035696
144	0.9645	0.020006	0.015167	0.00032688
145	0.96854	0.015959	0.015242	0.00026172
146	0.96941	0.015081	0.015265	0.00024783
147	0.97178	0.012694	0.015313	0.00020956
148	0.97626	0.0082104	0.015394	0.00013787
149	0.97768	0.0067772	0.015426	0.00011524
150	0.97749	0.0069613	0.015431	0.00011933
151	0.97865	0.0057946	0.015458	0.00010168
152	0.98102	0.0034134	0.015505	6.4315e-05
153	0.98191	0.0025122	0.015527	5.1609e-05
154	0.97943	0.0049784	0.015485	0.00010359
155	0.97834	0.006057	0.015468	0.00012997
156	0.97484	0.0095479	0.015401	0.00020762
157	0.97284	0.011538	0.015362	0.00025606
158	0.97245	0.011919	0.015354	0.0002743
159	0.96889	0.015468	0.015277	0.00036147
160	0.96739	0.016965	0.015242	0.0004071
161	0.96737	0.016973	0.015236	0.00042384
162	0.964	0.020327	0.015154	0.00051671
163	0.95445	0.02991	0.014974	0.00066169
164	0.94869	0.035712	0.014855	0.00074554
165	0.94589	0.038545	0.014785	0.00078037
166	0.93694	0.047533	0.014613	0.00091667
167	0.93102	0.053483	0.014491	0.0010032
168	0.92829	0.056251	0.014421	0.0010381
169	0.92784	0.056735	0.014389	0.001035
170	0.93033	0.054285	0.014406	0.00098307
171	0.91471	0.069934	0.014129	0.0012244
172	0.90363	0.081047	0.013926	0.0013927
173	0.89729	0.087427	0.013797	0.0014865
174	0.89479	0.089962	0.013729	0.0015194
175	0.89496	0.089825	0.013704	0.0015093
176	0.88794	0.09688	0.013565	0.0016139
177	0.88407	0.10079	0.013476	0.0016682
178	0.88305	0.10184	0.013432	0.0016772
179	0.8848	0.10013	0.013434	0.001642
180	0.88949	0.095467	0.013482	0.0015599
181	0.89861	0.086377	0.013601	0.0014082
182	0.91344	0.071588	0.013808	0.0011671
183	0.93383	0.051231	0.014104	0.00083735
184	0.94206	0.043029	0.014204	0.00070408
185	0.94369	0.041435	0.014199	0.0006759
186	0.9402	0.044954	0.014115	0.00072748
187	0.92949	0.055698	0.013919	0.00089065
188	0.92227	0.062952	0.013778	0.00099918
189	0.9186	0.066654	0.013691	0.0010534
190	0.91745	0.067839	0.013643	0.0010687
191	0.91929	0.066026	0.013641	0.0010386
192	0.92371	0.06164	0.013678	0.00096914
193	0.8767	0.10868	0.012936	0.0016798
194	0.84431	0.14111	0.012416	0.0021681
195	0.8224	0.16304	0.012055	0.0024968
196	0.77114	0.21434	0.011249	0.003271
197	0.73291	0.2526	0.010646	0.0038425
198	0.70471	0.28084	0.010198	0.004259
199	0.68433	0.30125	0.0098701	0.0045555
200	0.67162	0.31398	0.0096569	0.0047376
201	0.66373	0.32191	0.0095168	0.0048468
202	0.6365	0.34917	0.0090926	0.0052406
203	0.61681	0.36888	0.0087828	0.0055202
204	0.60327	0.38246	0.0085654	0.0057079
205	0.59474	0.39102	0.0084227	0.0058211
206	0.59063	0.39516	0.0083456	0.005869
207	0.59195	0.39386	0.0083464	0.005839
208	0.57912	0.40673	0.0081436	0.0060129
209	0.5712	0.41468	0.0080132	0.0061147
210	0.54156	0.44434	0.0075738	0.0065259
211	0.52009	0.46584	0.0072538	0.0068178
212	0.5051	0.48086	0.0070282	0.0070158
213	0.49541	0.49057	0.0068795	0.0071372
214	0.46381	0.5222	0.0064249	0.0075647
215	0.3896	0.59643	0.0053738	0.0085887
216	0.33367	0.65239	0.0045851	0.0093505
217	0.29164	0.69445	0.0039947	0.0099143
218	0.26325	0.72287	0.0035936	0.010289
219	0.24223	0.74391	0.0032974	0.010559
220	0.227	0.75917	0.0030828	0.010747
221	0.18276	0.80344	0.0024737	0.01133
222	0.15252	0.8337	0.0020561	0.011722
223	0.12985	0.8564	0.0017444	0.012008
224	0.1147	0.87157	0.0015351	0.012191
225	0.10367	0.88263	0.0013832	0.012317
226	0.095889	0.89044	0.0012764	0.012399
227	0.091501	0.89485	0.0012152	0.012435
228	0.09009	0.89629	0.001194	0.01243
229	0.091456	0.89495	0.00121	0.012389
230	0.094877	0.89155	0.0012539	0.01232
231	0.10066	0.88579	0.00133	0.012218
232	0.11023	0.87625	0.0014562	0.012067
233	0.12345	0.86305	0.0016317	0.011867
234	0.14142	0.8451	0.0018713	0.011602
235	0.1452	0.84135	0.0019194	0.01153
236	0.15308	0.83349	0.0020219	0.011403
237	0.16457	0.82203	0.0021731	0.011227
238	0.14732	0.83931	0.0019376	0.011438
239	0.13471	0.85194	0.0017659	0.011586
240	0.12685	0.85983	0.0016573	0.01167
241	0.12289	0.8638	0.0016007	0.011702
242	0.12136	0.86536	0.0015768	0.011702
243	0.12217	0.86458	0.0015844	0.011671
244	0.12538	0.86139	0.0016241	0.011607
245	0.13215	0.85464	0.0017099	0.011498
246	0.14215	0.84467	0.0018385	0.011346
247	0.15759	0.82925	0.0020373	0.011123
248	0.17847	0.80839	0.0023076	0.01083
249	0.20651	0.78037	0.0026721	0.010442
250	0.24702	0.73989	0.0031972	0.0098936
251	0.30053	0.6864	0.0038928	0.0091751
252	0.37142	0.61554	0.0048168	0.0082284
253	0.40151	0.58547	0.0052011	0.0078213
254	0.44184	0.54516	0.0057197	0.0072801
255	0.49549	0.49154	0.0064131	0.0065645
256	0.51485	0.4722	0.0066564	0.0062992
257	0.54165	0.44542	0.0069979	0.0059359
258	0.57793	0.40916	0.0074647	0.0054477
259	0.62666	0.36045	0.0080962	0.0047949
260	0.69166	0.29547	0.0089435	0.0039267
261	0.78653	0.20062	0.010178	0.0026708
262	0.82466	0.16251	0.010665	0.0021633
263	0.83945	0.14774	0.010844	0.0019642
264	0.86247	0.12474	0.011129	0.0016582
265	0.89363	0.093602	0.011522	0.001245
266	0.90667	0.08058	0.011675	0.0010721
267	0.92492	0.062349	0.011896	0.00083078
268	0.931	0.056288	0.011957	0.00074944
269	0.93079	0.056523	0.011937	0.00075054
270	0.93286	0.054472	0.011947	0.00072158
271	0.93734	0.050008	0.011989	0.00066093
272	0.94462	0.042751	0.012067	0.00056354
273	0.95642	0.030969	0.012205	0.00040763
274	0.96051	0.0269	0.012241	0.00035296
275	0.96758	0.019844	0.012316	0.00025986
276	0.97854	0.0089021	0.01244	0.00011689
277	0.98298	0.0044773	0.012479	5.8944e-05
278	0.98231	0.0051647	0.012453	6.7459e-05
279	0.98266	0.0048366	0.01244	6.289e-05
280	0.98171	0.0058034	0.01241	7.5063e-05
281	0.98181	0.0057206	0.012393	7.3765e-05
282	0.98022	0.0073343	0.012356	9.3982e-05
283	0.97979	0.0077814	0.012334	9.928e-05
284	0.97739	0.010196	0.012286	0.00012955
285	0.97636	0.011239	0.012257	0.00014232
286	0.97229	0.015327	0.012189	0.00019348
287	0.97031	0.017328	0.012146	0.00021847
288	0.97016	0.017497	0.012127	0.00022054
289	0.97181	0.015855	0.01213	0.00020011
290	0.97512	0.012568	0.012154	0.000159
291	0.9803	0.0074058	0.012202	9.4378e-05
292	0.97333	0.014387	0.012097	0.00018257
293	0.96911	0.018625	0.012027	0.00023621
294	0.96672	0.021034	0.01198	0.00026652
295	0.95895	0.028819	0.011867	0.00036409
296	0.9538	0.033985	0.011787	0.00042832
297	0.95091	0.036895	0.011735	0.00046401
298	0.95056	0.037257	0.011716	0.00046817
299	0.95217	0.035662	0.011721	0.00044779
300	0.95583	0.032013	0.011752	0.00040174
301	0.94573	0.042129	0.011613	0.000526
302	0.93957	0.048308	0.011522	0.00060174
303	0.93597	0.05192	0.011464	0.00064532
304	0.93531	0.052594	0.011442	0.00065289
305	0.93684	0.051083	0.011447	0.0006333
306	0.9414	0.04653	0.011489	0.00057667
307	0.94029	0.047656	0.011461	0.00058967
308	0.94131	0.046649	0.011461	0.00057624
309	0.94508	0.042895	0.011494	0.00052943
310	0.9514	0.036586	0.011558	0.00045109
311	0.96073	0.027274	0.01166	0.00033569
312	0.97516	0.012856	0.011823	0.00015839
313	0.97589	0.012145	0.011819	0.00014926
314	0.9783	0.0097451	0.011835	0.00011969
315	0.98231	0.0057474	0.011871	7.0541e-05
316	0.98366	0.0044153	0.011874	5.4009e-05
317	0.98363	0.0044559	0.011861	5.4332e-05
318	0.98211	0.0059915	0.01183	7.2644e-05
319	0.97817	0.0099359	0.011769	0.00012004
320	0.97584	0.012288	0.011728	0.00014801
321	0.97524	0.012896	0.011708	0.00015512
322	0.97597	0.012176	0.011705	0.00014612
323	0.97435	0.013808	0.011673	0.00016544
324	0.97414	0.014032	0.011658	0.00016773
325	0.9756	0.012588	0.011663	0.00015019
326	0.97891	0.0092927	0.011689	0.00011072
327	0.98459	0.0036244	0.011744	4.3286e-05
328	0.98176	0.006463	0.011697	7.7128e-05
329	0.98024	0.0079988	0.011667	9.5251e-05
330	0.97991	0.0083365	0.011651	9.8979e-05
331	0.98097	0.0072909	0.011651	8.6363e-05
332	0.98355	0.0047288	0.011669	5.5889e-05
333	0.98804	0.00024567	0.01171	2.901e-06
334	0.98735	0.00095349	0.011689	1.1236e-05
335	0.98742	0.00088837	0.011677	1.0455e-05
336	0.9883	2.3954e-05	0.011675	2.8286e-07
337	0.98816	0.00017447	0.011661	2.0579e-06
338	0.98422	0.004133	0.011602	4.8838e-05
339	0.98203	0.0063343	0.011563	7.4899e-05
340	0.98105	0.007325	0.011539	8.6512e-05
341	0.98144	0.0069494	0.011531	8.2114e-05
342	0.98298	0.0054192	0.011537	6.4043e-05
343	0.9797	0.0087152	0.011486	0.00010297
344	0.97786	0.010564	0.011452	0.00012464
345	0.97758	0.010857	0.011436	0.00012811
346	0.97456	0.013893	0.011388	0.00016402
347	0.97309	0.015368	0.011358	0.00018134
348	0.97308	0.015397	0.011346	0.00018153
349	0.9745	0.013981	0.011352	0.00016468
350	0.97791	0.010588	0.01138	0.00012489
351	0.98319	0.0053118	0.01143	6.2978e-05
352	0.97795	0.010566	0.011358	0.00012449
353	0.97459	0.013943	0.011308	0.00016376
354	0.97319	0.015346	0.01128	0.0001801
355	0.97324	0.015308	0.01127	0.00017949
356	0.97472	0.013841	0.011277	0.00016212
357	0.97774	0.010835	0.011302	0.00012671
358	0.98298	0.0056021	0.011353	6.5628e-05
359	0.98493	0.0036637	0.011366	4.2902e-05
360	0.98536	0.0032385	0.011361	3.7794e-05
361	0.98478	0.0038301	0.011344	4.457e-05
362	0.98513	0.0034944	0.011339	4.0557e-05
363	0.98428	0.0043541	0.01132	5.0284e-05
364	0.98458	0.004057	0.011314	4.6759e-05
365	0.97915	0.0095005	0.011242	0.00010889
366	0.97596	0.012699	0.011196	0.00014539
367	0.97467	0.013999	0.011172	0.00016022
368	0.97477	0.013903	0.011164	0.00015891
369	0.97663	0.012057	0.011176	0.0001377
370	0.9805	0.0082011	0.01121	9.3756e-05
371	0.98157	0.0071361	0.011213	8.1539e-05
372	0.98089	0.0078262	0.011196	8.9464e-05
373	0.98134	0.0073806	0.011192	8.431e-05
374	0.98321	0.005528	0.011203	6.3221e-05
375	0.9864	0.0023401	0.011231	2.6825e-05
376	0.98774	0.0010095	0.011237	1.1589e-05
377	0.98833	0.0004275	0.011235	4.9062e-06
378	0.98867	9.5441e-05	0.011231	1.089e-06
379	0.98872	5.9959e-05	0.011223	6.8671e-07
380	0.98788	0.00090217	0.011205	1.0293e-05
381	0.98776	0.001033	0.011196	1.177e-05
382	0.98723	0.0015678	0.011181	1.7886e-05
383	0.9859	0.002913	0.011158	3.3312e-05
384	0.98251	0.0063104	0.011111	7.2064e-05
385	0.98077	0.0080577	0.011083	9.2103e-05
386	0.98025	0.0085839	0.011069	9.8137e-05
387	0.98091	0.0079302	0.011069	9.0683e-05
388	0.9828	0.0060455	0.011083	6.9175e-05
389	0.98606	0.0027987	0.011113	3.211e-05
390	0.98734	0.0015178	0.011121	1.7439e-05
391	0.98283	0.0060364	0.011064	6.8486e-05
392	0.97995	0.0089263	0.011025	0.00010094
393	0.97871	0.010171	0.011005	0.00011493
394	0.97873	0.010153	0.010999	0.00011459
395	0.98026	0.0086297	0.01101	9.7401e-05
396	0.98317	0.0057247	0.011037	6.4549e-05
397	0.98415	0.0047573	0.011041	5.3654e-05
398	0.98367	0.0052396	0.01103	5.8992e-05
399	0.9842	0.0047127	0.011031	5.2914e-05
400	0.9833	0.0056173	0.011016	6.2794e-05
401	0.98345	0.005474	0.011012	6.0857e-05
402	0.98489	0.0040451	0.011023	4.461e-05
403	0.98781	0.0011309	0.011051	1.1848e-05
404	0.9878	0.0011386	0.011046	1.1422e-05
405	0.98737	0.0015772	0.011037	1.5244e-05
406	0.98623	0.0027192	0.011021	2.5653e-05
407	0.98599	0.0029641	0.011015	2.6534e-05
408	0.98662	0.0023385	0.011019	1.8055e-05
409	0.98642	0.0024672	0.011094	2.1652e-05
410	0.98518	0.003629	0.01116	3.578e-05
411	0.98489	0.0038347	0.011236	3.9366e-05
412	0.98337	0.0052734	0.011299	5.6604e-05
413	0.98313	0.0054385	0.011376	5.9628e-05
414	0.98413	0.0043532	0.011467	4.8488e-05
415	0.98626	0.0021469	0.011571	2.4222e-05
416	0.98701	0.0013112	0.011662	1.499e-05
417	0.98719	0.0010476	0.011745	1.2193e-05
418	0.97937	0.008788	0.011732	0.00010553
419	0.9744	0.013685	0.011752	0.0001659
420	0.97129	0.016713	0.011795	0.00020406
421	0.96239	0.025526	0.011767	0.0003134
422	0.95629	0.031548	0.011774	0.00038948
423	0.95252	0.035237	0.011809	0.00043742
424	0.95125	0.036418	0.011875	0.00045491
425	0.95235	0.035241	0.011969	0.00044316
426	0.95605	0.03145	0.012096	0.00039838
427	0.96215	0.025277	0.012256	0.00032228
428	0.97189	0.015449	0.012462	0.0001986
429	0.98544	0.0018191	0.012721	2.3575e-05
430	0.98357	0.0035988	0.012781	4.6993e-05
431	0.97909	0.0080022	0.012807	0.000105
432	0.97625	0.010754	0.012855	0.00014181
433	0.97483	0.012086	0.012923	0.00016013
434	0.97499	0.01184	0.01301	0.00015777
435	0.97676	0.0099843	0.013119	0.00013388
436	0.97129	0.015372	0.013132	0.00020717
437	0.96819	0.018387	0.013176	0.00024942
438	0.96714	0.019346	0.013246	0.00026426
439	0.96764	0.018764	0.013339	0.00025785
440	0.97007	0.01625	0.013458	0.00022474
441	0.97475	0.011485	0.013608	0.00016004
442	0.97232	0.013822	0.013659	0.00019424
443	0.97137	0.014688	0.013731	0.00020784
444	0.97181	0.014168	0.013824	0.0002017
445	0.97405	0.011835	0.013943	0.00016967
446	0.97796	0.0078405	0.014087	0.00011306
447	0.98445	0.0012598	0.014268	1.8492e-05
448	0.98143	0.0042002	0.014313	6.1966e-05
449	0.97985	0.0056852	0.014377	8.4585e-05
450	0.97936	0.0060878	0.014459	9.1276e-05
451	0.97687	0.0084946	0.014512	0.00012802
452	0.97567	0.0095995	0.014584	0.00014548
453	0.9757	0.0094742	0.014676	0.0001444
454	0.97696	0.0081227	0.014788	0.00012449
455	0.97955	0.0054429	0.014922	8.3778e-05
456	0.98413	0.00076959	0.015086	1.1942e-05
457	0.97388	0.010931	0.015021	0.00016967
458	0.96655	0.018166	0.015	0.00028326
459	0.96163	0.022996	0.015017	0.00036027
460	0.94959	0.034938	0.01492	0.00055042
461	0.94188	0.042554	0.014889	0.00067482
462	0.93765	0.046692	0.014911	0.00074557
463	0.78734	0.19691	0.012587	0.0031639
464	0.6822	0.30196	0.010958	0.0048861
465	0.60291	0.38115	0.0097357	0.0062026
466	0.54872	0.43525	0.0089052	0.0071271
467	0.50822	0.47565	0.0082932	0.007834
468	0.48123	0.50255	0.0078945	0.0083272
469	0.46396	0.51972	0.0076513	0.0086647
470	0.45226	0.53133	0.0074996	0.0089115
471	0.44651	0.53699	0.0074447	0.0090611
472	0.44598	0.53742	0.0074761	0.0091243
473	0.43031	0.553	0.0072508	0.009445
474	0.41996	0.56325	0.0071152	0.0096768
475	0.41529	0.56782	0.0070743	0.0098136
476	0.33578	0.64724	0.0057366	0.011248
477	0.27574	0.70718	0.0047269	0.012355
478	0.23394	0.74888	0.0040213	0.013158
479	0.20242	0.7803	0.0034908	0.013786
480	0.17879	0.80383	0.003095	0.014281
481	0.16136	0.82117	0.0028054	0.01467
482	0.14874	0.83369	0.0025989	0.014976
483	0.13996	0.84237	0.0024589	0.015217
484	0.13427	0.84795	0.0023732	0.015404
485	0.13225	0.84987	0.0023514	0.015526
486	0.11771	0.86431	0.0021039	0.015876
487	0.10822	0.8737	0.001944	0.016137
488	0.10275	0.87907	0.001855	0.016328
489	0.099677	0.88204	0.0018096	0.016476
490	0.086629	0.89498	0.00158	0.016808
491	0.077038	0.90447	0.0014124	0.017079
492	0.07022	0.91118	0.0012951	0.017301
493	0.066293	0.91501	0.0012298	0.01747
494	0.064878	0.91632	0.0012105	0.017594
495	0.06578	0.91531	0.0012344	0.017674
496	0.059123	0.92186	0.0011143	0.017898
497	0.055298	0.92558	0.0010467	0.018071
498	0.053099	0.92768	0.0010101	0.018212
499	0.05289	0.92778	0.0010111	0.018316
500	0.054643	0.92592	0.0010499	0.018382
501	0.057995	0.92247	0.0011208	0.018417
502	0.063893	0.91646	0.0012417	0.018402
503	0.072162	0.90809	0.0014114	0.018338
504	0.084577	0.89557	0.0016642	0.018191
505	0.10124	0.8788	0.0020055	0.017957
506	0.12346	0.85647	0.0024636	0.017606
507	0.13004	0.84979	0.0026106	0.017567
508	0.12718	0.85254	0.0025665	0.01772
509	0.12749	0.85212	0.0025864	0.017809
510	0.13019	0.84931	0.0026564	0.017849
511	0.13547	0.84391	0.0027818	0.017833
512	0.1438	0.83547	0.0029733	0.017753
513	0.15737	0.82179	0.0032761	0.017561
514	0.17589	0.80316	0.0036887	0.01726
515	0.20076	0.77818	0.0042438	0.016817
516	0.23746	0.74137	0.0050575	0.016116
517	0.23399	0.74473	0.0050113	0.016275
518	0.23471	0.7439	0.0050546	0.016344
519	0.23993	0.73855	0.0051955	0.016316
520	0.2075	0.77088	0.0045111	0.017114
521	0.18527	0.79299	0.0040426	0.017695
522	0.16887	0.80928	0.0037003	0.018152
523	0.15704	0.82099	0.0034576	0.018509
524	0.1489	0.82902	0.0032956	0.018787
525	0.14387	0.83393	0.0032026	0.018996
526	0.12656	0.85113	0.0028301	0.019485
527	0.11529	0.86228	0.0025893	0.019841
528	0.1074	0.87006	0.0024238	0.020124
529	0.08312	0.89421	0.0018833	0.020782
530	0.064693	0.91252	0.0014725	0.021311
531	0.051925	0.92517	0.0011862	0.021715
532	0.042346	0.93463	0.00097164	0.022049
533	0.035879	0.94098	0.0008263	0.022313
534	0.031145	0.9456	0.00072043	0.022539
535	0.02835	0.94827	0.00065844	0.02272
536	0.026617	0.94988	0.00062122	0.022878
537	0.025813	0.95057	0.00060597	0.023014
538	0.025877	0.95038	0.00061158	0.02313
539	0.026814	0.94932	0.00063858	0.023226
540	0.028717	0.9473	0.00068971	0.023298
541	0.025395	0.95049	0.00061422	0.023497
542	0.023618	0.95215	0.00057506	0.02366
543	0.023064	0.95258	0.00056515	0.023794
544	0.017819	0.9577	0.00043815	0.024045
545	0.01383	0.96156	0.0003415	0.024266
546	0.010783	0.96448	0.00026767	0.024465
547	0.0084412	0.9667	0.00021091	0.024648
548	0.0069032	0.96811	0.00017342	0.024812
549	0.0059543	0.96893	0.00015019	0.024961
550	0.00525	0.96951	0.00013307	0.025104
551	0.0047348	0.9699	0.00012073	0.025244
552	0.0045552	0.96995	0.00011665	0.025376
553	0.0044928	0.96989	0.00011564	0.025505
554	0.0045516	0.9697	0.00011786	0.025632
555	0.0047362	0.96938	0.00012348	0.025756
556	0.005061	0.96893	0.00013297	0.025877
557	0.0055516	0.96831	0.0001471	0.025994
558	0.0062463	0.96748	0.00016703	0.026106
559	0.0071881	0.96641	0.00019408	0.026212
560	0.0087356	0.96473	0.0002377	0.026302
561	0.011043	0.96229	0.00030236	0.02637
562	0.014403	0.95879	0.00039635	0.026408
563	0.018766	0.9543	0.00051959	0.026419
564	0.025182	0.94775	0.00070068	0.026371
565	0.019945	0.95285	0.00055842	0.026648
566	0.016411	0.95625	0.00046202	0.026878
567	0.013802	0.95872	0.00039119	0.027084
568	0.012197	0.96019	0.00034778	0.027262
569	0.011445	0.96081	0.00032803	0.027417
570	0.011441	0.96068	0.00032932	0.02755
571	0.012186	0.9598	0.00035192	0.027662
572	0.009425	0.96243	0.00027342	0.027876
573	0.0075381	0.96418	0.00021937	0.028065
574	0.0060733	0.96551	0.0001775	0.028243
575	0.0051007	0.96634	0.00014948	0.028407
576	0.0043241	0.96698	0.00012721	0.028566
577	0.0038737	0.9673	0.00011419	0.028716
578	0.003518	0.96751	0.00010403	0.028864
579	0.0032293	0.96766	9.5916e-05	0.02901
580	0.0031388	0.96762	9.3444e-05	0.029151
581	0.0030806	0.96754	9.2031e-05	0.029292
582	0.0030431	0.96743	9.1322e-05	0.029433
583	0.0030306	0.9673	9.1455e-05	0.029573
584	0.0031936	0.967	9.6703e-05	0.029709
585	0.0033879	0.96666	0.00010305	0.029844
586	0.0036283	0.96628	0.00011096	0.029979
587	0.0039328	0.96583	0.00012104	0.030113
588	0.004515	0.96511	0.00013959	0.030237
589	0.0052498	0.96423	0.00016323	0.030358
590	0.0061842	0.96315	0.00019357	0.030473
591	0.0073892	0.9618	0.000233	0.030579
592	0.0089561	0.96008	0.00028467	0.030675
593	0.011298	0.9576	0.0003614	0.030745
594	0.014793	0.95395	0.00047556	0.030777
595	0.019331	0.94927	0.00062519	0.030775
596	0.025254	0.9432	0.00082233	0.030727
597	0.033053	0.93525	0.0010842	0.030614
598	0.044263	0.92389	0.0014605	0.030387
599	0.047537	0.92047	0.0015763	0.030421
600	0.045285	0.92257	0.0015086	0.030638
601	0.044951	0.92275	0.0015037	0.030792
602	0.038418	0.92914	0.0012893	0.031155
603	0.033661	0.93374	0.001134	0.03146
604	0.030901	0.93636	0.0010443	0.031699
605	0.02975	0.93736	0.0010082	0.031885
606	0.029589	0.93737	0.0010061	0.032037
607	0.030792	0.93601	0.0010501	0.032144
608	0.033052	0.9336	0.0011313	0.032214
609	0.036568	0.92993	0.0012572	0.03224
610	0.041616	0.92473	0.0014381	0.032212
611	0.04112	0.92508	0.0014269	0.032377
612	0.041816	0.92423	0.001458	0.0325
613	0.044267	0.92162	0.0015502	0.032561
614	0.048185	0.91755	0.0016959	0.032571
615	0.053865	0.91171	0.0019067	0.032516
616	0.042142	0.92328	0.001497	0.033081
617	0.033301	0.93196	0.0011883	0.033547
618	0.027394	0.93771	0.00098095	0.033911
619	0.023025	0.94193	0.00082813	0.034221
620	0.020246	0.94455	0.00073086	0.034476
621	0.018702	0.94593	0.00067721	0.034687
622	0.017877	0.9466	0.00064987	0.034873
623	0.017726	0.94659	0.00064744	0.035035
624	0.018535	0.94562	0.00067993	0.035161
625	0.020408	0.94359	0.00075152	0.035249
626	0.023165	0.94067	0.00085711	0.035303
627	0.027014	0.93666	0.0010051	0.035317
628	0.032974	0.93054	0.0012329	0.03525
629	0.040941	0.92241	0.0015396	0.035105
630	0.052506	0.91069	0.001984	0.034823
631	0.06914	0.89389	0.0026229	0.034346
632	0.074032	0.88884	0.0028212	0.03431
633	0.08126	0.88144	0.0031124	0.034183
634	0.080332	0.88221	0.0030917	0.034368
635	0.081854	0.88052	0.0031649	0.03446
636	0.086022	0.87619	0.0033408	0.034449
637	0.093552	0.86849	0.0036483	0.034306
638	0.10411	0.85777	0.0040793	0.03404
639	0.11858	0.84314	0.0046707	0.033616
640	0.1402	0.82135	0.0055489	0.032904
641	0.16887	0.79251	0.0067204	0.0319
642	0.20695	0.75426	0.008286	0.030503
643	0.21956	0.74149	0.0088372	0.030122
644	0.23897	0.7219	0.0096678	0.029461
645	0.26818	0.69252	0.010902	0.028396
646	0.31129	0.64924	0.01271	0.026758
647	0.3683	0.59206	0.015113	0.024526
648	0.45139	0.50881	0.018603	0.021205
649	0.45721	0.50281	0.018927	0.021052
650	0.46893	0.49092	0.019498	0.020653
651	0.48618	0.4735	0.020308	0.020015
652	0.51039	0.44911	0.021423	0.019074
653	0.54631	0.41301	0.023039	0.017631
654	0.59433	0.36483	0.025192	0.015654
655	0.61195	0.34703	0.026065	0.014957
656	0.6389	0.3199	0.027343	0.013855
657	0.67535	0.28327	0.02905	0.012325
658	0.72923	0.22921	0.031524	0.010029
659	0.80098	0.15729	0.034812	0.0069196
660	0.8958	0.062287	0.03916	0.0027514
661	0.89627	0.061634	0.039362	0.0027319
662	0.89969	0.058036	0.039693	0.0025825
663	0.90651	0.051038	0.040175	0.0022812
664	0.91661	0.040751	0.040811	0.0018279
665	0.93234	0.024841	0.041702	0.0011189
666	0.93888	0.018118	0.042182	0.00082049
667	0.94827	0.0085481	0.042797	0.00038877
668	0.94832	0.0083137	0.042991	0.00037897
669	0.94625	0.010196	0.043092	0.000465
670	0.94569	0.010562	0.04326	0.00048298
671	0.94661	0.0094613	0.043495	0.00043406
672	0.9492	0.0066911	0.043805	0.00030812
673	0.94974	0.0059604	0.044022	0.00027586
674	0.94887	0.0066509	0.044171	0.00030975
675	0.94906	0.0062741	0.044372	0.00029361
676	0.9506	0.0045529	0.044636	0.00021458
677	0.95057	0.0043928	0.044828	0.00020812
678	0.94912	0.005659	0.044956	0.000269
679	0.94892	0.0056719	0.045141	0.00027103
680	0.94974	0.0046633	0.045378	0.00022383
681	0.95193	0.0022819	0.045679	0.00011064
682	0.95094	0.0030819	0.04583	0.00015008
683	0.95082	0.0030108	0.046025	0.00014727
684	0.95157	0.0020634	0.046266	0.00010141
685	0.94942	0.0040204	0.046366	0.00019735
686	0.94472	0.0085207	0.046339	0.00041967
687	0.94205	0.010995	0.046409	0.00054445
688	0.94075	0.012104	0.046549	0.00060198
689	0.93648	0.016175	0.046538	0.00080842
690	0.93396	0.018499	0.046616	0.00092831
691	0.933	0.019259	0.046775	0.00096996
692	0.93391	0.018142	0.047026	0.00091786
693	0.9364	0.015452	0.04736	0.00078478
694	0.94113	0.010523	0.047809	0.00053723
695	0.94809	0.0033635	0.048376	0.00017207
696	0.9512	5.2529e-05	0.048747	2.6942e-06
697	0.95101	3.9379e-05	0.048949	2.0477e-06
698	0.95017	0.0006801	0.049118	3.5476e-05
699	0.94878	0.0018653	0.049258	9.8108e-05
700	0.94578	0.0046559	0.049315	0.0002457
701	0.9393	0.010932	0.049183	0.0005803
702	0.93538	0.014655	0.049184	0.00078279
703	0.93309	0.016741	0.049272	0.00089881
704	0.93227	0.017349	0.049442	0.00093611
705	0.93289	0.016527	0.04969	0.00089635
706	0.93501	0.014195	0.050023	0.00077414
707	0.9388	0.010194	0.050451	0.00055953
708	0.94455	0.004222	0.050991	0.00023433
709	0.90751	0.041045	0.049194	0.0022492
710	0.88194	0.0664	0.048003	0.0036563
711	0.86312	0.085007	0.047179	0.0046987
712	0.85074	0.097167	0.0467	0.0053959
713	0.84236	0.10532	0.046442	0.0058739
714	0.83811	0.10936	0.046407	0.0061278
715	0.8376	0.10964	0.046578	0.0061754
716	0.83989	0.10714	0.046909	0.0060649
717	0.83419	0.11262	0.046795	0.0064025
718	0.83151	0.11507	0.046852	0.0065695
719	0.83241	0.11394	0.04711	0.0065357
720	0.83719	0.10894	0.047588	0.0062813
721	0.84538	0.10052	0.048268	0.0058267
722	0.85764	0.088041	0.049192	0.0051308
723	0.87492	0.070524	0.050421	0.0041322
724	0.88146	0.063763	0.051026	0.003756
725	0.89132	0.053666	0.051835	0.0031784
726	0.90528	0.03947	0.052896	0.0023507
727	0.91004	0.034478	0.053421	0.0020618
728	0.91816	0.026119	0.054147	0.0015707
729	0.92967	0.014375	0.055086	0.00086959
730	0.92927	0.014535	0.055314	0.00088118
731	0.92612	0.017442	0.055375	0.0010589
732	0.92457	0.018753	0.055534	0.0011412
733	0.92451	0.018573	0.055786	0.001133
734	0.92634	0.016496	0.056152	0.0010097
735	0.92987	0.012726	0.056627	0.00078044
736	0.93059	0.011759	0.056928	0.00072306
737	0.93305	0.0090582	0.057336	0.00055882
738	0.93761	0.0042479	0.057874	0.00026331
739	0.93347	0.0081466	0.057877	0.00050537
740	0.93113	0.010245	0.057988	0.00063824
741	0.93037	0.010762	0.058195	0.00067391
742	0.92721	0.013675	0.05825	0.00086158
743	0.92556	0.015085	0.058401	0.00095491
744	0.92002	0.020381	0.058308	0.0012945
745	0.90727	0.032877	0.057751	0.002098
746	0.89912	0.04079	0.057478	0.0026165
747	0.89373	0.045931	0.057383	0.002959
748	0.89132	0.048094	0.057475	0.0031133
749	0.89101	0.048156	0.057707	0.003131
750	0.89339	0.045522	0.058111	0.0029744
751	0.89807	0.040591	0.058672	0.0026646
752	0.9062	0.032217	0.059459	0.0021275
753	0.91776	0.020399	0.060483	0.0013558
754	0.93373	0.004172	0.061813	0.00028067
755	0.93269	0.0049591	0.062016	0.00033451
756	0.93261	0.0047835	0.062287	0.00032378
757	0.93107	0.0060535	0.062463	0.0004101
758	0.93058	0.0062776	0.062712	0.000426
759	0.93135	0.0052431	0.063045	0.00035707
760	0.93353	0.0028066	0.063473	0.00019249
761	0.93414	0.001928	0.063798	0.00013288
762	0.93567	0.00013528	0.06419	9.3341e-06
763	0.93457	0.00096115	0.0644	6.6316e-05
764	0.93424	0.0010269	0.064662	7.1358e-05
765	0.93457	0.0004236	0.064972	2.9664e-05
766	0.93386	0.00086336	0.065213	6.0567e-05
767	0.92973	0.0047246	0.065211	0.00033328
768	0.92703	0.0071551	0.065312	0.00050637
769	0.92582	0.0080932	0.065515	0.00057578
770	0.92571	0.0079211	0.0658	0.00056608
771	0.92696	0.0064005	0.066179	0.0004604
772	0.92661	0.0064747	0.066444	0.00046898
773	0.9273	0.0055082	0.066787	0.00040187
774	0.92912	0.0034162	0.067216	0.00025183
775	0.92743	0.0048295	0.067387	0.00035817
776	0.92673	0.0052428	0.067634	0.00039129
777	0.927	0.0046885	0.067956	0.00035276
778	0.92584	0.0055661	0.068174	0.00042056
779	0.92268	0.0084423	0.068239	0.00064056
780	0.92085	0.0099841	0.068407	0.00076119
781	0.91608	0.014466	0.068347	0.0011082
782	0.91306	0.017199	0.068421	0.0013237
783	0.91195	0.018013	0.068637	0.0013956
784	0.89442	0.035255	0.067586	0.0027386
785	0.88285	0.046532	0.066982	0.0036332
786	0.87477	0.054321	0.066647	0.0042606
787	0.86956	0.059238	0.066537	0.004667
788	0.86737	0.061127	0.066657	0.0048419
789	0.86742	0.060786	0.066955	0.0048419
790	0.84418	0.083721	0.065399	0.0066949
791	0.8271	0.1005	0.064327	0.008067
792	0.81489	0.11241	0.06364	0.0090574
793	0.80664	0.12036	0.063266	0.0097361
794	0.80174	0.12495	0.063162	0.010149
795	0.79988	0.1265	0.063303	0.010319
796	0.78932	0.13675	0.062736	0.011197
797	0.76029	0.16546	0.060671	0.013575
798	0.68831	0.23713	0.055112	0.01945
799	0.51064	0.41448	0.040939	0.033942
800	0.38617	0.53863	0.030943	0.044257
801	0.30047	0.62401	0.024017	0.0515
802	0.23541	0.68876	0.018756	0.057081
803	0.18996	0.73388	0.015061	0.061096
804	0.15553	0.76799	0.012261	0.064217
805	0.12951	0.79369	0.010146	0.066657
806	0.1116	0.81128	0.0086825	0.068444
807	0.099753	0.8228	0.0077104	0.069739
808	0.092327	0.8299	0.0070967	0.070676
809	0.088279	0.83362	0.0067571	0.071338
810	0.086252	0.83533	0.0065837	0.071837
811	0.075466	0.84579	0.0056644	0.073081
812	0.06844	0.85249	0.0050555	0.074014
813	0.063643	0.85696	0.0046325	0.074763
814	0.060697	0.85958	0.0043618	0.075363
815	0.059341	0.8606	0.0042195	0.075836
816	0.059473	0.86014	0.0041947	0.076193
817	0.061133	0.85814	0.0042878	0.076435
818	0.065045	0.8539	0.0045472	0.07651
819	0.070979	0.84763	0.0049566	0.076438
820	0.080486	0.83778	0.0056227	0.076108
821	0.093353	0.82458	0.0065346	0.075535
822	0.11064	0.80695	0.0077714	0.074639
823	0.1337	0.78355	0.0094345	0.073319
824	0.16689	0.75001	0.011829	0.071268
825	0.21084	0.70572	0.015024	0.068417
826	0.22867	0.68755	0.016328	0.067459
827	0.2551	0.66077	0.018262	0.06587
828	0.29052	0.625	0.020871	0.063607
829	0.3375	0.57767	0.024353	0.060475
830	0.39987	0.51495	0.029005	0.056175
831	0.4825	0.43196	0.035209	0.050325
832	0.47153	0.44259	0.033955	0.051933
833	0.46638	0.44738	0.033291	0.05295
834	0.4651	0.4483	0.033005	0.053592
835	0.46866	0.44439	0.033152	0.053801
836	0.47622	0.43647	0.033643	0.053668
837	0.4899	0.42243	0.034618	0.05305
838	0.51144	0.40053	0.03619	0.051836
839	0.54419	0.36743	0.038586	0.049795
840	0.58803	0.32323	0.041814	0.046926
841	0.6463	0.2646	0.046125	0.042978
842	0.66892	0.2419	0.048803	0.040377
843	0.67548	0.23526	0.049645	0.039614
844	0.68785	0.22282	0.051122	0.038216
845	0.70774	0.20284	0.05343	0.035986
846	0.73495	0.17555	0.056567	0.032929
847	0.7309	0.17964	0.056592	0.032869
848	0.73095	0.17962	0.057087	0.032339
849	0.73427	0.17634	0.058004	0.031388
850	0.74111	0.16953	0.059417	0.029942
851	0.75199	0.15868	0.061441	0.027885
852	0.76779	0.14292	0.064239	0.025055
853	0.79204	0.1187	0.068394	0.020867
854	0.8247	0.086073	0.073941	0.015289
855	0.83739	0.073413	0.076138	0.013062
856	0.83168	0.079154	0.075692	0.013477
857	0.82947	0.081386	0.075632	0.013507
858	0.82975	0.081136	0.075869	0.013241
859	0.8333	0.077616	0.076517	0.012563
860	0.83968	0.071268	0.077546	0.011505
861	0.84938	0.061595	0.079041	0.0099819
862	0.86464	0.046363	0.081324	0.0076705
863	0.8854	0.02563	0.08441	0.0045568
864	0.88673	0.024327	0.084627	0.0043117
865	0.88979	0.021299	0.085067	0.0038443
866	0.89478	0.016335	0.085764	0.0031213
867	0.90208	0.0090582	0.086772	0.0020868
868	0.90159	0.0097213	0.08667	0.0020213
869	0.90247	0.0090094	0.086752	0.0017714
870	0.90487	0.0067744	0.087056	0.0012978
871	0.90197	0.0098432	0.086618	0.0015687
872	0.89417	0.017811	0.085671	0.0023472
873	0.88887	0.023277	0.084983	0.0028693
874	0.87393	0.038378	0.083339	0.0043484
875	0.86415	0.048329	0.082206	0.0053169
876	0.85752	0.05512	0.081393	0.0059661
877	0.85354	0.059261	0.080848	0.0063489
878	0.8519	0.061065	0.08054	0.0064974
879	0.84369	0.069434	0.079579	0.0072972
880	0.82267	0.090615	0.07736	0.0093549
881	0.80739	0.10605	0.075717	0.010838
882	0.7967	0.11691	0.074531	0.011867
883	0.7676	0.14616	0.071578	0.014663
884	0.74617	0.16775	0.069383	0.016703
885	0.73085	0.18321	0.067788	0.018145
886	0.72038	0.19384	0.066666	0.019115
887	0.71395	0.20042	0.065937	0.019694
888	0.71107	0.20345	0.06555	0.019933
889	0.71156	0.20311	0.065487	0.019848
890	0.7154	0.19941	0.065747	0.019443
891	0.72287	0.19208	0.066355	0.018689
892	0.73587	0.17923	0.067482	0.017418
893	0.75426	0.16099	0.069126	0.01563
894	0.75929	0.15609	0.069495	0.015119
895	0.75599	0.15953	0.069081	0.015393
896	0.75585	0.15981	0.068968	0.015367
897	0.75968	0.15613	0.069222	0.014973
898	0.76795	0.148	0.069889	0.014166
899	0.78038	0.1357	0.070952	0.012965
900	0.79801	0.11821	0.072508	0.011272
901	0.8222	0.094156	0.074689	0.0089541
902	0.8575	0.058995	0.077907	0.0056004
903	0.90924	0.0073888	0.082652	0.00071821
904	0.90782	0.0089445	0.082384	0.00085604
905	0.90756	0.0093317	0.082225	0.00088524
906	0.90867	0.0083528	0.082191	0.00078929
907	0.90781	0.0093368	0.081977	0.00087471
908	0.90832	0.0089542	0.081887	0.00083586
909	0.91	0.007402	0.081906	0.00068948
910	0.90978	0.0077503	0.081751	0.00071756
911	0.91063	0.0070223	0.081697	0.0006472
912	0.91262	0.0051622	0.081747	0.00047344
913	0.91007	0.0078362	0.081386	0.00071114
914	0.9088	0.0092242	0.081142	0.00083205
915	0.90892	0.009226	0.081022	0.00082944
916	0.91043	0.0078412	0.081024	0.0007037
917	0.91323	0.0051689	0.081143	0.00046238
918	0.91795	0.00056621	0.081432	5.0785e-05
919	0.91786	0.00078202	0.081292	6.9734e-05
920	0.91838	0.00037843	0.081208	3.3523e-05
921	0.91878	0.00010037	0.081112	8.8169e-06
922	0.91609	0.0029148	0.080744	0.00025584
923	0.91472	0.0044019	0.080492	0.00038614
924	0.91453	0.0047183	0.080342	0.00041379
925	0.91272	0.0066488	0.08005	0.00058375
926	0.91204	0.0074518	0.079859	0.00065346
927	0.91266	0.0069496	0.079781	0.00060943
928	0.91173	0.0080019	0.079566	0.00070227
929	0.9119	0.0079542	0.079449	0.00069793
930	0.91317	0.0068026	0.079431	0.00059657
931	0.91283	0.0072579	0.079271	0.00063638
932	0.91355	0.0066579	0.079205	0.00058353
933	0.91538	0.0049444	0.079238	0.00043332
934	0.91563	0.0048195	0.079133	0.0004213
935	0.91683	0.0037337	0.079114	0.00032543
936	0.91933	0.0013422	0.079207	0.00011743
937	0.91737	0.0034241	0.078913	0.0002973
938	0.91642	0.0044842	0.07871	0.00038793
939	0.91368	0.0073316	0.078352	0.000633
940	0.91252	0.0086074	0.078128	0.000743
941	0.9125	0.0087454	0.078004	0.00075424
942	0.91361	0.0077434	0.07798	0.00066702
943	0.91283	0.008636	0.077796	0.00074159
944	0.91342	0.0081525	0.077728	0.00069922
945	0.91546	0.0062246	0.077781	0.00053473
946	0.9157	0.0060958	0.077683	0.00052333
947	0.91696	0.0049396	0.077674	0.00042392
948	0.91934	0.0026677	0.077762	0.00022918
949	0.92026	0.0018567	0.077726	0.00015928
950	0.92048	0.0017442	0.077629	0.0001496
951	0.92145	0.00087343	0.077598	7.5456e-05
952	0.92076	0.0016709	0.077426	0.00014361
953	0.91887	0.0036623	0.077154	0.00031315
954	0.918	0.0046357	0.07697	0.00039556
955	0.91807	0.0046644	0.076868	0.0003976
956	0.91908	0.0037503	0.076847	0.00031981
957	0.91606	0.0068756	0.076483	0.00058417
958	0.89099	0.032039	0.074249	0.0027178
959	0.8724	0.050728	0.072576	0.004292
960	0.85894	0.064293	0.071345	0.0054258
961	0.84953	0.073793	0.070462	0.0062125
962	0.84418	0.079245	0.069916	0.0066616
963	0.84218	0.08134	0.069648	0.0068316
964	0.8434	0.080214	0.069647	0.0067352
965	0.84717	0.076549	0.069859	0.0064262
966	0.85374	0.070066	0.070308	0.0058821
967	0.85349	0.070409	0.070192	0.0059036
968	0.8562	0.067802	0.070319	0.0056825
969	0.8615	0.062591	0.070663	0.0052445
970	0.86982	0.054368	0.071259	0.0045557
971	0.88285	0.041431	0.07224	0.0034823
972	0.90077	0.023599	0.073627	0.0020029
973	0.90142	0.023037	0.073584	0.0019552
974	0.90407	0.02048	0.073705	0.0017437
975	0.90904	0.015601	0.074014	0.001343
976	0.91056	0.014172	0.074035	0.0012295
977	0.91359	0.01124	0.074183	0.00099142
978	0.91834	0.006574	0.074474	0.00061007
979	0.92007	0.0049333	0.074515	0.00048067
980	0.92024	0.0048529	0.07442	0.00048808
981	0.92158	0.0035962	0.074425	0.00039572
982	0.91926	0.006011	0.07406	0.00067195
983	0.91812	0.0072359	0.073814	0.0008311
984	0.91808	0.0073664	0.073672	0.00088632
985	0.91911	0.0064124	0.073631	0.00084242
986	0.91866	0.007173	0.0733	0.00086324
987	0.90776	0.018389	0.072094	0.0017584
988	0.90004	0.026412	0.071158	0.0023861
989	0.89491	0.031847	0.07044	0.0027988
990	0.89244	0.034626	0.069937	0.0029962
991	0.89185	0.035523	0.069591	0.0030392
992	0.8935	0.034172	0.069424	0.0029011
993	0.89758	0.030397	0.069452	0.0025687
994	0.88944	0.038842	0.068494	0.0032195
995	0.8841	0.04449	0.067768	0.003643
