#coord	neutral	conserved	gBGC.neutral	gBGC.conserved
1	0.76498	0.23489	0.00010128	3.1155e-05
2	0.77087	0.229	9.9858e-05	2.9715e-05
3	0.78112	0.21875	9.8971e-05	2.7753e-05
4	0.79806	0.20182	9.8843e-05	2.5023e-05
5	0.82384	0.17603	9.9675e-05	2.1322e-05
6	0.86242	0.13746	0.00010185	1.6266e-05
7	0.91384	0.086043	0.00010531	9.9401e-06
8	0.93641	0.06348	0.00010521	7.1602e-06
9	0.96694	0.032948	0.00010588	3.6303e-06
10	0.97881	0.021082	0.0001044	2.2659e-06
11	0.98322	0.016677	0.00010208	1.7455e-06
12	0.98991	0.0099928	9.9986e-05	1.0174e-06
13	0.9926	0.0073007	9.7447e-05	7.2303e-07
14	0.9969	0.0030059	9.5061e-05	2.8953e-07
15	0.99867	0.0012385	9.2429e-05	1.1576e-07
16	0.99815	0.0017616	8.9569e-05	1.5933e-07
17	0.99841	0.0015076	8.6792e-05	1.3205e-07
18	0.99804	0.0018774	8.3975e-05	1.588e-07
19	0.99846	0.0014611	8.1237e-05	1.1923e-07
20	0.99985	7.4073e-05	7.8562e-05	5.8204e-09
21	0.9999	2.7777e-05	7.5766e-05	2.0886e-09
22	0.99962	0.00030635	7.2934e-05	2.2103e-08
23	0.99922	0.00071008	7.0109e-05	4.8863e-08
24	0.99948	0.00045712	6.7344e-05	2.9163e-08
25	0.99958	0.00035378	6.4558e-05	1.9845e-08
26	0.9996	0.00033321	6.1781e-05	1.4154e-08
27	0.99861	0.0013283	6.1682e-05	7.671e-08
28	0.9985	0.0014381	6.1629e-05	8.5147e-08
29	0.99915	0.00079156	6.1622e-05	4.7227e-08
30	0.99943	0.00050536	6.1587e-05	3.0497e-08
31	0.99852	0.0014204	6.1471e-05	8.7211e-08
32	0.9964	0.0035422	6.128e-05	2.1797e-07
33	0.99525	0.0046879	6.1149e-05	2.8812e-07
34	0.99502	0.0049174	6.1075e-05	3.0159e-07
35	0.99583	0.004109	6.1057e-05	2.5161e-07
36	0.99527	0.0046731	6.0947e-05	2.8593e-07
37	0.99572	0.0042197	6.0891e-05	2.5814e-07
38	0.99708	0.0028608	6.0891e-05	1.7484e-07
39	0.99723	0.0027073	6.081e-05	1.6545e-07
40	0.99819	0.001749	6.0777e-05	1.0683e-07
41	0.99831	0.0016342	6.0692e-05	9.9596e-08
42	0.99769	0.0022466	6.0556e-05	1.3676e-07
43	0.99784	0.0021023	6.0465e-05	1.2772e-07
44	0.99718	0.0027551	6.0318e-05	1.6719e-07
45	0.9974	0.0025377	6.0224e-05	1.537e-07
46	0.99851	0.001433	6.0183e-05	8.6495e-08
47	0.99892	0.001016	6.0092e-05	6.1173e-08
48	0.99897	0.00096498	5.9972e-05	5.8056e-08
49	0.99974	0.00019843	5.9895e-05	1.1925e-08
50	0.99975	0.00018729	5.9771e-05	1.1194e-08
51	0.99986	7.5574e-05	5.9646e-05	4.5138e-09
52	0.99979	0.00015259	5.951e-05	9.0639e-09
53	0.99898	0.00096445	5.9329e-05	5.6955e-08
54	0.99743	0.0025148	5.9098e-05	1.4823e-07
55	0.99697	0.0029677	5.8924e-05	1.7451e-07
56	0.99755	0.0023864	5.8803e-05	1.3994e-07
57	0.99723	0.0027142	5.8629e-05	1.5858e-07
58	0.99589	0.0040548	5.8388e-05	2.3634e-07
59	0.98366	0.01628	5.7505e-05	9.4842e-07
60	0.97579	0.024148	5.6871e-05	1.4038e-06
61	0.97055	0.029395	5.6393e-05	1.7031e-06
62	0.96751	0.032431	5.6045e-05	1.8719e-06
63	0.96686	0.033087	5.5827e-05	1.9028e-06
64	0.96173	0.038211	5.5345e-05	2.1904e-06
65	0.95951	0.040428	5.5023e-05	2.31e-06
66	0.95933	0.040615	5.4819e-05	2.312e-06
67	0.95422	0.045721	5.4327e-05	2.5938e-06
68	0.95151	0.048434	5.3974e-05	2.7369e-06
69	0.9516	0.048339	5.3772e-05	2.7208e-06
70	0.94649	0.053454	5.3269e-05	2.998e-06
71	0.94456	0.055384	5.2939e-05	3.0949e-06
72	0.94554	0.0544	5.2765e-05	3.0288e-06
73	0.94888	0.051068	5.2721e-05	2.8319e-06
74	0.9555	0.044445	5.2849e-05	2.4557e-06
75	0.9653	0.034641	5.3149e-05	1.9066e-06
76	0.96826	0.03169	5.307e-05	1.7363e-06
77	0.97401	0.025939	5.3134e-05	1.4154e-06
78	0.98249	0.017453	5.3344e-05	9.4788e-07
79	0.98582	0.014126	5.3262e-05	7.6402e-07
80	0.98602	0.013925	5.3012e-05	7.4945e-07
81	0.98764	0.012303	5.2837e-05	6.5843e-07
82	0.98071	0.019234	5.2207e-05	1.0221e-06
83	0.97661	0.023334	5.1722e-05	1.2331e-06
84	0.97444	0.025503	5.1341e-05	1.3396e-06
85	0.97439	0.025555	5.1064e-05	1.3344e-06
86	0.97052	0.029429	5.0581e-05	1.5282e-06
87	0.96915	0.030796	5.0222e-05	1.5905e-06
88	0.96962	0.030326	4.9959e-05	1.5566e-06
89	0.97239	0.027555	4.9805e-05	1.4057e-06
90	0.97794	0.022011	4.9783e-05	1.1161e-06
91	0.98703	0.012919	4.9927e-05	6.5177e-07
92	0.99042	0.0095256	4.9781e-05	4.777e-07
93	0.99136	0.0085893	4.9502e-05	4.2842e-07
94	0.99023	0.0097206	4.912e-05	4.8189e-07
95	0.99035	0.0096038	4.8801e-05	4.7276e-07
96	0.99202	0.0079353	4.8549e-05	3.8803e-07
97	0.99165	0.0082972	4.8197e-05	4.027e-07
98	0.99273	0.0072215	4.7907e-05	3.4799e-07
99	0.99539	0.0045577	4.7685e-05	2.1827e-07
100	0.99357	0.0063851	4.7247e-05	3.0356e-07
101	0.9931	0.006852	4.6867e-05	3.2352e-07
102	0.99394	0.0060178	4.654e-05	2.8238e-07
103	0.99309	0.0068612	4.6135e-05	3.1961e-07
104	0.99359	0.0063618	4.5784e-05	2.9446e-07
105	0.99523	0.0047248	4.5485e-05	2.1737e-07
106	0.99531	0.0046427	4.5113e-05	2.1196e-07
107	0.99386	0.0060985	4.4672e-05	2.7583e-07
108	0.99352	0.0064358	4.4281e-05	2.8839e-07
109	0.9945	0.0054527	4.3941e-05	2.4243e-07
110	0.99665	0.0033052	4.3652e-05	1.4584e-07
111	0.99728	0.0026812	4.3293e-05	1.1722e-07
112	0.99696	0.0029937	4.2886e-05	1.2969e-07
113	0.99753	0.002428	4.2517e-05	1.0426e-07
114	0.99903	0.00093249	4.2185e-05	3.9747e-08
115	0.96942	0.030535	4.0537e-05	1.285e-06
116	0.94915	0.05081	3.9292e-05	2.1191e-06
117	0.93562	0.064339	3.8334e-05	2.6588e-06
118	0.92617	0.073791	3.7555e-05	3.0191e-06
119	0.92086	0.079097	3.6944e-05	3.2041e-06
120	0.91903	0.080934	3.6468e-05	3.2462e-06
121	0.91981	0.080155	3.6098e-05	3.1826e-06
122	0.92326	0.076699	3.5831e-05	3.0144e-06
123	0.92966	0.070297	3.5675e-05	2.7347e-06
124	0.92907	0.070894	3.5246e-05	2.727e-06
125	0.93097	0.068996	3.4911e-05	2.6239e-06
126	0.93551	0.064454	3.4674e-05	2.4229e-06
127	0.93364	0.066324	3.4195e-05	2.462e-06
128	0.93477	0.065194	3.382e-05	2.3903e-06
129	0.93918	0.060781	3.3555e-05	2.2019e-06
130	0.93795	0.062018	3.3077e-05	2.2185e-06
131	0.93905	0.060918	3.2681e-05	2.1514e-06
132	0.9426	0.057365	3.237e-05	1.9998e-06
133	0.94016	0.059802	3.185e-05	2.0555e-06
134	0.94075	0.05922	3.1426e-05	2.0075e-06
135	0.94368	0.056283	3.108e-05	1.8814e-06
136	0.94924	0.05073	3.0816e-05	1.6718e-06
137	0.95868	0.041288	3.0664e-05	1.3425e-06
138	0.97201	0.027962	3.0627e-05	8.9799e-07
139	0.97065	0.029315	3.0116e-05	9.2624e-07
140	0.97109	0.028884	2.966e-05	8.9796e-07
141	0.97333	0.026638	2.9259e-05	8.1469e-07
142	0.97756	0.022406	2.8913e-05	6.7391e-07
143	0.97778	0.022195	2.8445e-05	6.5544e-07
144	0.97965	0.02032	2.8023e-05	5.8893e-07
145	0.98376	0.01621	2.7656e-05	4.6102e-07
146	0.98465	0.015318	2.7187e-05	4.2731e-07
147	0.98708	0.012893	2.6758e-05	3.5244e-07
148	0.99163	0.0083395	2.6376e-05	2.2319e-07
149	0.99309	0.0068839	2.5907e-05	1.8004e-07
150	0.9929	0.0070709	2.5387e-05	1.8068e-07
151	0.99409	0.0058859	2.4894e-05	1.4685e-07
152	0.99651	0.0034671	2.4429e-05	8.3784e-08
153	0.99742	0.0025517	2.3918e-05	5.9531e-08
154	0.99492	0.0050568	2.3327e-05	1.1449e-07
155	0.99382	0.0061524	2.2762e-05	1.3521e-07
156	0.99028	0.0096986	2.2146e-05	2.07e-07
157	0.98826	0.01172	2.1564e-05	2.4238e-07
158	0.98787	0.012108	2.1011e-05	2.4176e-07
159	0.98427	0.015713	2.0395e-05	3.0352e-07
160	0.98275	0.017234	1.9816e-05	3.2111e-07
161	0.98274	0.017242	1.9266e-05	3.0805e-07
162	0.97933	0.02065	1.8655e-05	3.5479e-07
163	0.9696	0.030384	1.7942e-05	5.0215e-07
164	0.96371	0.036276	1.7296e-05	5.7587e-07
165	0.96083	0.039152	1.6697e-05	5.9466e-07
166	0.9517	0.04828	1.6001e-05	7.0264e-07
167	0.94566	0.054322	1.5361e-05	7.5446e-07
168	0.94285	0.05713	1.4766e-05	7.5341e-07
169	0.94237	0.05762	1.4205e-05	7.1646e-07
170	0.94486	0.055129	1.3679e-05	6.3844e-07
171	0.92897	0.07102	1.2929e-05	7.7622e-07
172	0.91768	0.082304	1.2248e-05	8.4395e-07
173	0.91121	0.088779	1.1624e-05	8.4783e-07
174	0.90864	0.09135	1.104e-05	8.0392e-07
175	0.90878	0.091208	1.0485e-05	7.2925e-07
176	0.90162	0.098368	1.0587e-05	8.4422e-07
177	0.89766	0.10233	1.072e-05	9.2503e-07
178	0.89659	0.1034	1.0882e-05	9.7399e-07
179	0.89833	0.10166	1.1072e-05	9.911e-07
180	0.90307	0.09692	1.1293e-05	9.7352e-07
181	0.9123	0.087688	1.156e-05	9.044e-07
182	0.92732	0.072672	1.1886e-05	7.6828e-07
183	0.94798	0.052005	1.2278e-05	5.6308e-07
184	0.95631	0.043677	1.2537e-05	4.8495e-07
185	0.95793	0.042058	1.2719e-05	4.8043e-07
186	0.95436	0.045629	1.2833e-05	5.4038e-07
187	0.94345	0.056532	1.284e-05	7.0041e-07
188	0.93609	0.063893	1.2889e-05	8.147e-07
189	0.93234	0.067648	1.298e-05	8.8131e-07
190	0.93114	0.068849	1.3102e-05	9.131e-07
191	0.93298	0.067007	1.326e-05	9.0282e-07
192	0.93743	0.062553	1.3452e-05	8.5515e-07
193	0.88969	0.11029	1.2885e-05	1.5629e-06
194	0.85679	0.14319	1.2517e-05	2.0655e-06
195	0.83454	0.16545	1.2292e-05	2.418e-06
196	0.7825	0.21749	1.1605e-05	3.2253e-06
197	0.74368	0.25631	1.1106e-05	3.842e-06
198	0.71504	0.28495	1.0752e-05	4.3101e-06
199	0.69433	0.30565	1.0512e-05	4.661e-06
200	0.68142	0.31856	1.0383e-05	4.895e-06
201	0.67339	0.32659	1.0324e-05	5.0541e-06
202	0.64574	0.35424	9.9523e-06	5.5202e-06
203	0.62576	0.37423	9.6946e-06	5.8687e-06
204	0.612	0.38798	9.5304e-06	6.1202e-06
205	0.60333	0.39666	9.4428e-06	6.2915e-06
206	0.59914	0.40084	9.4236e-06	6.3909e-06
207	0.60046	0.39952	9.4868e-06	6.4014e-06
208	0.58743	0.41256	9.319e-06	6.6394e-06
209	0.57937	0.42061	9.2281e-06	6.7968e-06
210	0.5493	0.45068	8.7803e-06	7.3077e-06
211	0.52751	0.47248	8.4618e-06	7.6857e-06
212	0.51229	0.4877	8.2463e-06	7.9572e-06
213	0.50245	0.49753	8.1153e-06	8.1405e-06
214	0.47039	0.5296	7.618e-06	8.6837e-06
215	0.39512	0.60487	6.4085e-06	9.9327e-06
216	0.33839	0.6616	5.4972e-06	1.088e-05
217	0.29575	0.70423	4.813e-06	1.1596e-05
218	0.26696	0.73303	4.3492e-06	1.2086e-05
219	0.24564	0.75435	4.0067e-06	1.245e-05
220	0.23018	0.7698	3.7593e-06	1.2715e-05
221	0.18532	0.81467	3.0271e-06	1.3459e-05
222	0.15466	0.84533	2.5244e-06	1.3968e-05
223	0.13166	0.86832	2.1479e-06	1.4346e-05
224	0.1163	0.88369	1.8949e-06	1.4595e-05
225	0.10511	0.89488	1.7108e-06	1.4771e-05
226	0.097218	0.90277	1.5809e-06	1.4888e-05
227	0.092768	0.90722	1.5064e-06	1.4944e-05
228	0.091334	0.90865	1.4803e-06	1.4946e-05
229	0.092717	0.90727	1.4993e-06	1.4896e-05
230	0.096182	0.9038	1.5519e-06	1.4809e-05
231	0.10204	0.89794	1.6431e-06	1.4679e-05
232	0.11174	0.88824	1.7947e-06	1.4483e-05
233	0.12514	0.87484	2.0051e-06	1.4224e-05
234	0.14335	0.85663	2.2916e-06	1.3884e-05
235	0.14718	0.8528	2.3454e-06	1.3774e-05
236	0.15517	0.84482	2.4637e-06	1.3593e-05
237	0.16681	0.83318	2.6392e-06	1.3351e-05
238	0.14931	0.85067	2.3494e-06	1.3567e-05
239	0.13653	0.86345	2.1367e-06	1.3703e-05
240	0.12856	0.87142	2e-06	1.3757e-05
241	0.12455	0.87543	1.9252e-06	1.3743e-05
242	0.12299	0.87699	1.8891e-06	1.3686e-05
243	0.12381	0.87618	1.8896e-06	1.3588e-05
244	0.12706	0.87292	1.9272e-06	1.3449e-05
245	0.13392	0.86607	2.0174e-06	1.3252e-05
246	0.14405	0.85594	2.1554e-06	1.3002e-05
247	0.15969	0.84029	2.3721e-06	1.2668e-05
248	0.18085	0.81914	2.6669e-06	1.2252e-05
249	0.20925	0.79073	3.0635e-06	1.173e-05
250	0.25029	0.74969	3.6349e-06	1.1028e-05
251	0.30451	0.69548	4.3866e-06	1.0141e-05
252	0.37632	0.62366	5.3773e-06	9.0107e-06
253	0.4068	0.59319	5.7555e-06	8.487e-06
254	0.44766	0.55233	6.2706e-06	7.8227e-06
255	0.502	0.49799	6.9615e-06	6.9789e-06
256	0.5216	0.47839	7.1517e-06	6.6293e-06
257	0.54874	0.45125	7.4374e-06	6.1805e-06
258	0.58548	0.4145	7.8429e-06	5.6084e-06
259	0.63484	0.36515	8.4037e-06	4.8773e-06
260	0.70067	0.29931	9.1647e-06	3.9425e-06
261	0.79676	0.20322	1.0289e-05	2.6376e-06
262	0.83537	0.16462	1.0635e-05	2.1052e-06
263	0.85033	0.14965	1.0661e-05	1.8849e-06
264	0.87364	0.12635	1.0779e-05	1.5671e-06
265	0.90518	0.09481	1.0985e-05	1.1572e-06
266	0.91837	0.081619	1.0952e-05	9.7983e-07
267	0.93684	0.063151	1.0973e-05	7.4526e-07
268	0.94298	0.057012	1.084e-05	6.6042e-07
269	0.94274	0.057248	1.0627e-05	6.5033e-07
270	0.94482	0.05517	1.0436e-05	6.1407e-07
271	0.94934	0.050648	1.0268e-05	5.5183e-07
272	0.95669	0.043297	1.0125e-05	4.6117e-07
273	0.96863	0.031364	1.002e-05	3.263e-07
274	0.97275	0.027243	9.8258e-06	2.764e-07
275	0.97989	0.020097	9.6534e-06	1.9857e-07
276	0.99098	0.0090151	9.5084e-06	8.6519e-08
277	0.99546	0.0045341	9.2927e-06	4.1987e-08
278	0.99476	0.0052301	9.0208e-06	4.6863e-08
279	0.99509	0.0048978	8.7551e-06	4.2288e-08
280	0.99411	0.0058766	8.4715e-06	4.8902e-08
281	0.9942	0.0057927	8.1939e-06	4.6218e-08
282	0.99257	0.0074267	7.8961e-06	5.6864e-08
283	0.99211	0.0078793	7.605e-06	5.7581e-08
284	0.98967	0.010324	7.2933e-06	7.2053e-08
285	0.98861	0.01138	6.9895e-06	7.5408e-08
286	0.98447	0.015519	6.66e-06	9.7664e-08
287	0.98245	0.017545	6.3395e-06	1.043e-07
288	0.98228	0.017715	6.0245e-06	9.8639e-08
289	0.98394	0.016053	5.7134e-06	8.2471e-08
290	0.98727	0.012725	5.4069e-06	5.8325e-08
291	0.9925	0.007498	5.1047e-06	2.663e-08
292	0.98543	0.014566	5.263e-06	6.6551e-08
293	0.98114	0.018856	5.4273e-06	9.3914e-08
294	0.9787	0.021295	5.5967e-06	1.1227e-07
295	0.97082	0.029176	5.7267e-06	1.6339e-07
296	0.96559	0.034405	5.8663e-06	2.0099e-07
297	0.96264	0.03735	6.0146e-06	2.2596e-07
298	0.96228	0.037717	6.1719e-06	2.3536e-07
299	0.96389	0.036101	6.3383e-06	2.3174e-07
300	0.96759	0.032407	6.5153e-06	2.1351e-07
301	0.95735	0.042646	6.5946e-06	2.8915e-07
302	0.95109	0.0489	6.6924e-06	3.3976e-07
303	0.94744	0.052556	6.8033e-06	3.7322e-07
304	0.94675	0.053238	6.9286e-06	3.8578e-07
305	0.94829	0.051707	7.0665e-06	3.8174e-07
306	0.95289	0.047098	7.2217e-06	3.5389e-07
307	0.95176	0.048237	7.3275e-06	3.6869e-07
308	0.95278	0.047217	7.4464e-06	3.6661e-07
309	0.95658	0.043417	7.5811e-06	3.4215e-07
310	0.96296	0.03703	7.7338e-06	2.9583e-07
311	0.97239	0.027605	7.9088e-06	2.2319e-07
312	0.98698	0.013012	8.1215e-06	1.0634e-07
313	0.9877	0.012292	8.2154e-06	1.0162e-07
314	0.99013	0.0098629	8.3172e-06	8.2442e-08
315	0.99417	0.0058167	8.4293e-06	4.9078e-08
316	0.99552	0.0044685	8.5152e-06	3.7992e-08
317	0.99548	0.0045096	8.5827e-06	3.8652e-08
318	0.99393	0.0060636	8.6306e-06	5.2419e-08
319	0.98994	0.010055	8.6503e-06	8.7673e-08
320	0.98756	0.012436	8.68e-06	1.0906e-07
321	0.98694	0.013051	8.7185e-06	1.1508e-07
322	0.98767	0.012322	8.765e-06	1.091e-07
323	0.98602	0.013973	8.7839e-06	1.2422e-07
324	0.98579	0.0142	8.8116e-06	1.2658e-07
325	0.98725	0.012738	8.848e-06	1.1382e-07
326	0.99059	0.0094035	8.8946e-06	8.4176e-08
327	0.99632	0.0036676	8.9562e-06	3.2945e-08
328	0.99345	0.0065399	8.9368e-06	5.8845e-08
329	0.9919	0.0080939	8.9254e-06	7.2811e-08
330	0.99156	0.0084355	8.9212e-06	7.578e-08
331	0.99261	0.0073774	8.923e-06	6.6161e-08
332	0.99521	0.0047848	8.9319e-06	4.2806e-08
333	0.99974	0.00024858	8.9515e-06	2.2041e-09
334	0.99903	0.00096477	8.9174e-06	8.5456e-09
335	0.99909	0.00089887	8.8838e-06	7.9112e-09
336	0.99997	2.4237e-05	8.8507e-06	1.4732e-10
337	0.99981	0.00017653	9.7264e-06	1.694e-09
338	0.99581	0.0041817	1.0561e-05	4.4377e-08
339	0.99358	0.0064088	1.1401e-05	7.369e-08
340	0.99258	0.0074111	1.2253e-05	9.166e-08
341	0.99296	0.007031	1.3114e-05	9.312e-08
342	0.9945	0.0054827	1.3992e-05	7.7388e-08
343	0.99117	0.0088173	1.4792e-05	1.3209e-07
344	0.9893	0.010687	1.5609e-05	1.6921e-07
345	0.989	0.010983	1.6442e-05	1.8336e-07
346	0.98593	0.014055	1.7218e-05	2.4674e-07
347	0.98443	0.015547	1.8019e-05	2.8612e-07
348	0.9844	0.015576	1.8845e-05	2.9976e-07
349	0.98584	0.014144	1.9701e-05	2.8402e-07
350	0.98927	0.010711	2.0594e-05	2.2421e-07
351	0.9946	0.0053734	2.1534e-05	1.1709e-07
352	0.98929	0.010688	2.2234e-05	2.4155e-07
353	0.98587	0.014105	2.2971e-05	3.3016e-07
354	0.98445	0.015524	2.3743e-05	3.7625e-07
355	0.98449	0.015485	2.455e-05	3.88e-07
356	0.98597	0.014001	2.5394e-05	3.6217e-07
357	0.98901	0.010959	2.6283e-05	2.9216e-07
358	0.99431	0.0056667	2.7231e-05	1.555e-07
359	0.99627	0.0037059	2.8085e-05	1.0468e-07
360	0.9967	0.0032758	2.8898e-05	9.5033e-08
361	0.9961	0.0038742	2.9674e-05	1.1543e-07
362	0.99643	0.0035345	3.0478e-05	1.0794e-07
363	0.99556	0.0044041	3.1237e-05	1.379e-07
364	0.99586	0.0041035	3.2024e-05	1.317e-07
365	0.99036	0.0096093	3.2621e-05	3.1565e-07
366	0.98712	0.012844	3.3279e-05	4.3197e-07
367	0.98581	0.014159	3.3989e-05	4.8728e-07
368	0.9859	0.014062	3.4748e-05	4.9458e-07
369	0.98777	0.012194	3.5563e-05	4.3819e-07
370	0.99167	0.0082946	3.6447e-05	3.0465e-07
371	0.99275	0.0072173	3.7232e-05	2.7057e-07
372	0.99205	0.0079152	3.7944e-05	3.029e-07
373	0.9925	0.0074645	3.8699e-05	2.9123e-07
374	0.99437	0.0055907	3.9504e-05	2.2253e-07
375	0.99759	0.0023667	4.0367e-05	9.6107e-08
376	0.99894	0.0010209	4.1158e-05	4.2238e-08
377	0.99953	0.00043234	4.192e-05	1.8159e-08
378	0.99986	9.6521e-05	4.2664e-05	4.1182e-09
379	0.9999	6.0637e-05	4.3388e-05	2.6436e-09
380	0.99904	0.00091236	4.4072e-05	4.0389e-08
381	0.99891	0.0010447	4.4789e-05	4.6981e-08
382	0.99837	0.0015855	4.5479e-05	7.2526e-08
383	0.99701	0.0029458	4.6122e-05	1.3711e-07
384	0.99357	0.0063815	4.6666e-05	3.0144e-07
385	0.9918	0.0081484	4.7278e-05	3.9105e-07
386	0.99127	0.0086804	4.7947e-05	4.2292e-07
387	0.99193	0.0080193	4.8676e-05	3.9655e-07
388	0.99384	0.0061134	4.9469e-05	3.0678e-07
389	0.99712	0.0028301	5.0335e-05	1.4415e-07
390	0.99841	0.0015348	5.1105e-05	7.9183e-08
391	0.99384	0.0061041	5.1563e-05	3.1784e-07
392	0.99092	0.0090262	5.2103e-05	4.7566e-07
393	0.98966	0.010284	5.2719e-05	5.4911e-07
394	0.98968	0.010267	5.3404e-05	5.5502e-07
395	0.99122	0.0087262	5.4164e-05	4.7788e-07
396	0.99416	0.0057886	5.5005e-05	3.208e-07
397	0.99513	0.0048104	5.5732e-05	2.6994e-07
398	0.99465	0.005298	5.6369e-05	3.0114e-07
399	0.99518	0.0047652	5.7065e-05	2.7415e-07
400	0.99426	0.0056799	5.7678e-05	3.3028e-07
401	0.99441	0.005535	5.8354e-05	3.2512e-07
402	0.99585	0.0040901	5.9099e-05	2.4279e-07
403	0.9988	0.0011435	5.9928e-05	6.8721e-08
404	0.99879	0.0011512	6.0583e-05	6.9873e-08
405	0.99834	0.0015947	6.1202e-05	9.7882e-08
406	0.99719	0.0027494	6.1769e-05	1.708e-07
407	0.99694	0.002997	6.2393e-05	1.8812e-07
408	0.99757	0.0023644	6.3073e-05	1.4983e-07
409	0.99744	0.0024948	6.3697e-05	1.5973e-07
410	0.99627	0.0036699	6.4254e-05	2.3703e-07
411	0.99606	0.0038782	6.4875e-05	2.5256e-07
412	0.9946	0.0053336	6.5405e-05	3.505e-07
413	0.99443	0.005501	6.601e-05	3.6503e-07
414	0.99553	0.0044036	6.6692e-05	2.9534e-07
415	0.99776	0.0021719	6.7453e-05	1.4724e-07
416	0.99861	0.0013266	6.8124e-05	9.0778e-08
417	0.99887	0.00106	6.8747e-05	7.3353e-08
418	0.99104	0.0088926	6.8808e-05	6.1967e-07
419	0.98608	0.013849	6.9053e-05	9.742e-07
420	0.98301	0.016915	6.9428e-05	1.1999e-06
421	0.97409	0.025836	6.9383e-05	1.8461e-06
422	0.96799	0.031934	6.9534e-05	2.2988e-06
423	0.96426	0.035671	6.985e-05	2.5868e-06
424	0.96306	0.03687	7.0338e-05	2.6946e-06
425	0.96425	0.035681	7.0992e-05	2.6285e-06
426	0.96808	0.031846	7.1836e-05	2.3653e-06
427	0.97433	0.025597	7.2867e-05	1.9157e-06
428	0.98428	0.015646	7.4175e-05	1.181e-06
429	0.99808	0.0018425	7.5791e-05	1.4001e-07
430	0.99628	0.0036453	7.6219e-05	2.7914e-07
431	0.99182	0.0081063	7.6441e-05	6.2453e-07
432	0.98903	0.010895	7.6791e-05	8.4453e-07
433	0.98768	0.012245	7.7251e-05	9.5475e-07
434	0.98792	0.011997	7.7827e-05	9.4113e-07
435	0.9898	0.010118	7.8525e-05	7.984e-07
436	0.98434	0.015578	7.8631e-05	1.2386e-06
437	0.98128	0.018635	7.8916e-05	1.4926e-06
438	0.98031	0.019609	7.9357e-05	1.5819e-06
439	0.9809	0.019021	7.9927e-05	1.5443e-06
440	0.98344	0.016474	8.0649e-05	1.3463e-06
441	0.98827	0.011645	8.1553e-05	9.5841e-07
442	0.9859	0.014015	8.1857e-05	1.1626e-06
443	0.98502	0.014895	8.2285e-05	1.2439e-06
444	0.98555	0.014368	8.2833e-05	1.2072e-06
445	0.98791	0.012003	8.3527e-05	1.0151e-06
446	0.99196	0.0079528	8.437e-05	6.7639e-07
447	0.99864	0.0012779	8.5432e-05	1.1011e-07
448	0.99565	0.0042611	8.567e-05	3.692e-07
449	0.99415	0.0057681	8.6025e-05	5.0338e-07
450	0.99374	0.0061771	8.6477e-05	5.4267e-07
451	0.99129	0.00862	8.675e-05	7.611e-07
452	0.99017	0.0097422	8.714e-05	8.6466e-07
453	0.9903	0.0096158	8.7641e-05	8.5794e-07
454	0.99167	0.0082449	8.8256e-05	7.3938e-07
455	0.99439	0.0055253	8.8995e-05	4.9758e-07
456	0.99913	0.00078131	8.9911e-05	7.073e-08
457	0.98881	0.011098	8.9457e-05	1.0063e-06
458	0.98146	0.018446	8.9267e-05	1.6796e-06
459	0.97656	0.023353	8.9295e-05	2.1356e-06
460	0.96443	0.035483	8.8647e-05	3.2605e-06
461	0.95669	0.043222	8.8383e-05	3.9929e-06
462	0.95248	0.04743	8.843e-05	4.4055e-06
463	0.79987	0.20004	7.4623e-05	1.8675e-05
464	0.69312	0.30679	6.4953e-05	2.88e-05
465	0.61262	0.38729	5.7683e-05	3.6524e-05
466	0.55761	0.4423	5.2739e-05	4.1916e-05
467	0.51651	0.4834	4.9081e-05	4.6022e-05
468	0.48912	0.51078	4.6686e-05	4.8858e-05
469	0.47162	0.52829	4.5209e-05	5.0769e-05
470	0.45976	0.54014	4.4268e-05	5.2144e-05
471	0.45396	0.54594	4.3896e-05	5.2943e-05
472	0.45346	0.54644	4.403e-05	5.323e-05
473	0.43757	0.56233	4.2662e-05	5.5019e-05
474	0.42709	0.57281	4.1816e-05	5.6285e-05
475	0.42239	0.57751	4.1525e-05	5.699e-05
476	0.34155	0.65835	3.3663e-05	6.5259e-05
477	0.28051	0.7194	2.7725e-05	7.1603e-05
478	0.23801	0.7619	2.358e-05	7.6149e-05
479	0.20596	0.79394	2.046e-05	7.9669e-05
480	0.18194	0.81796	1.8127e-05	8.2401e-05
481	0.16421	0.83569	1.6415e-05	8.4512e-05
482	0.15139	0.84851	1.5188e-05	8.6137e-05
483	0.14246	0.85743	1.4349e-05	8.7374e-05
484	0.13669	0.86321	1.3825e-05	8.8295e-05
485	0.13464	0.86525	1.3673e-05	8.8837e-05
486	0.11985	0.88005	1.2219e-05	9.0681e-05
487	0.1102	0.8897	1.1276e-05	9.2008e-05
488	0.10464	0.89526	1.0745e-05	9.2917e-05
489	0.10152	0.89837	1.0464e-05	9.3574e-05
490	0.088244	0.91165	9.122e-06	9.5287e-05
491	0.078482	0.92141	8.1396e-06	9.664e-05
492	0.071545	0.92835	7.4474e-06	9.7701e-05
493	0.067551	0.93234	7.0559e-06	9.8455e-05
494	0.066117	0.93378	6.9288e-06	9.894e-05
495	0.067042	0.93285	7.0477e-06	9.9172e-05
496	0.060264	0.93963	6.3518e-06	0.00010022
497	0.056372	0.94352	5.9557e-06	0.00010096
498	0.054136	0.94576	5.7355e-06	0.00010152
499	0.053928	0.94596	5.7287e-06	0.00010186
500	0.055721	0.94417	5.9342e-06	0.00010199
501	0.059146	0.94075	6.3175e-06	0.00010194
502	0.065167	0.93472	6.9797e-06	0.0001016
503	0.073609	0.92628	7.9088e-06	0.00010099
504	0.086283	0.91361	9.297e-06	9.9923e-05
505	0.10329	0.8966	1.1167e-05	9.837e-05
506	0.12597	0.87392	1.3669e-05	9.6183e-05
507	0.1327	0.86719	1.4445e-05	9.5723e-05
508	0.1298	0.87009	1.4168e-05	9.6314e-05
509	0.13013	0.86976	1.4243e-05	9.6548e-05
510	0.1329	0.86699	1.459e-05	9.6509e-05
511	0.13831	0.86158	1.5234e-05	9.6172e-05
512	0.14683	0.85306	1.6232e-05	9.5482e-05
513	0.16071	0.83918	1.7828e-05	9.4186e-05
514	0.17963	0.82025	2.0004e-05	9.231e-05
515	0.20506	0.79483	2.293e-05	8.9684e-05
516	0.24257	0.75731	2.7229e-05	8.5678e-05
517	0.23905	0.76084	2.6901e-05	8.6293e-05
518	0.23981	0.76007	2.7051e-05	8.6422e-05
519	0.24518	0.7547	2.772e-05	8.6028e-05
520	0.21206	0.78782	2.4011e-05	9.001e-05
521	0.18937	0.81052	2.1468e-05	9.282e-05
522	0.17262	0.82727	1.96e-05	9.4954e-05
523	0.16055	0.83933	1.8264e-05	9.6557e-05
524	0.15224	0.84764	1.7356e-05	9.773e-05
525	0.14712	0.85276	1.6813e-05	9.8538e-05
526	0.12943	0.87045	1.4817e-05	0.00010079
527	0.11792	0.88196	1.352e-05	0.00010234
528	0.10986	0.89002	1.2619e-05	0.0001035
529	0.085038	0.91485	9.7797e-06	0.00010659
530	0.066194	0.93369	7.6252e-06	0.00010899
531	0.053136	0.94675	6.1274e-06	0.00011073
532	0.043339	0.95654	5.0048e-06	0.0001121
533	0.036725	0.96316	4.2451e-06	0.0001131
534	0.031883	0.968	3.6905e-06	0.00011389
535	0.029026	0.97086	3.3633e-06	0.00011445
536	0.027254	0.97263	3.163e-06	0.00011488
537	0.026434	0.97345	3.0743e-06	0.0001152
538	0.026503	0.97338	3.0906e-06	0.00011541
539	0.027466	0.97242	3.2131e-06	0.00011552
540	0.02942	0.97046	3.4544e-06	0.0001155
541	0.026019	0.97386	3.0642e-06	0.00011612
542	0.024202	0.97568	2.8578e-06	0.00011655
543	0.023637	0.97624	2.7978e-06	0.00011682
544	0.018264	0.98162	2.1632e-06	0.00011766
545	0.014177	0.9857	1.6809e-06	0.00011835
546	0.011056	0.98882	1.313e-06	0.00011893
547	0.0086554	0.99122	1.0305e-06	0.00011942
548	0.0070793	0.9928	8.4434e-07	0.0001198
549	0.006107	0.99377	7.2895e-07	0.00012011
550	0.0053852	0.99449	6.4367e-07	0.00012039
551	0.0048575	0.99502	5.8174e-07	0.00012065
552	0.0046738	0.9952	5.6023e-07	0.00012085
553	0.0046103	0.99527	5.5341e-07	0.00012105
554	0.0046713	0.99521	5.6183e-07	0.00012122
555	0.0048614	0.99502	5.8616e-07	0.00012138
556	0.0051956	0.99468	6.2836e-07	0.00012152
557	0.0056999	0.99418	6.9179e-07	0.00012164
558	0.006414	0.99346	7.8154e-07	0.00012174
559	0.0073822	0.9925	9.0336e-07	0.0001218
560	0.0089726	0.9909	1.1014e-06	0.00012177
561	0.011344	0.98853	1.3953e-06	0.00012165
562	0.014798	0.98508	1.8225e-06	0.00012138
563	0.019283	0.98059	2.3794e-06	0.00012099
564	0.025879	0.974	3.1972e-06	0.00012033
565	0.0205	0.97938	2.5376e-06	0.00012114
566	0.016871	0.98301	2.0914e-06	0.00012174
567	0.01419	0.98569	1.7632e-06	0.00012222
568	0.012541	0.98733	1.5611e-06	0.00012256
569	0.01177	0.98811	1.4668e-06	0.00012279
570	0.011768	0.98811	1.4675e-06	0.00012293
571	0.012536	0.98734	1.5632e-06	0.00012295
572	0.0096968	0.99018	1.21e-06	0.00012343
573	0.0077566	0.99212	9.6775e-07	0.00012379
574	0.0062502	0.99362	7.8023e-07	0.0001241
575	0.00525	0.99463	6.5504e-07	0.00012434
576	0.0044513	0.99542	5.5551e-07	0.00012455
577	0.0039882	0.99589	4.9723e-07	0.00012471
578	0.0036225	0.99625	4.5152e-07	0.00012486
579	0.0033257	0.99655	4.1473e-07	0.000125
580	0.0032329	0.99664	4.0282e-07	0.00012511
581	0.0031735	0.9967	3.9535e-07	0.00012522
582	0.0031353	0.99674	3.9079e-07	0.00012532
583	0.0031228	0.99675	3.8969e-07	0.00012541
584	0.0032913	0.99658	4.1061e-07	0.00012548
585	0.0034921	0.99638	4.3582e-07	0.00012554
586	0.0037404	0.99613	4.6727e-07	0.0001256
587	0.004055	0.99582	5.0736e-07	0.00012565
588	0.0046558	0.99522	5.8275e-07	0.00012565
589	0.0054144	0.99446	6.7841e-07	0.00012564
590	0.0063791	0.99349	8.0061e-07	0.0001256
591	0.0076232	0.99225	9.5879e-07	0.00012552
592	0.0092411	0.99063	1.1652e-06	0.00012539
593	0.01166	0.98821	1.4723e-06	0.00012515
594	0.015269	0.9846	1.9291e-06	0.00012476
595	0.019955	0.97992	2.5242e-06	0.00012423
596	0.026074	0.9738	3.3038e-06	0.00012352
597	0.034131	0.96574	4.3336e-06	0.00012255
598	0.045714	0.95416	5.8109e-06	0.00012113
599	0.049103	0.95077	6.2444e-06	0.00012075
600	0.046784	0.95309	5.9506e-06	0.00012109
601	0.046446	0.95343	5.9066e-06	0.00012117
602	0.039702	0.96017	5.0443e-06	0.00012207
603	0.034792	0.96508	4.418e-06	0.00012273
604	0.031943	0.96793	4.0523e-06	0.00012312
605	0.030758	0.96911	3.8969e-06	0.0001233
606	0.030596	0.96928	3.8729e-06	0.00012334
607	0.031845	0.96803	4.0261e-06	0.0001232
608	0.034188	0.96568	4.3192e-06	0.00012293
609	0.037831	0.96204	4.7785e-06	0.00012248
610	0.04306	0.95681	5.4404e-06	0.00012183
611	0.042553	0.95732	5.3733e-06	0.0001219
612	0.043281	0.95659	5.4643e-06	0.00012182
613	0.045825	0.95405	5.7833e-06	0.0001215
614	0.049888	0.94998	6.2964e-06	0.00012098
615	0.055778	0.94409	7.043e-06	0.00012024
616	0.043646	0.95623	5.5078e-06	0.00012177
617	0.034496	0.96538	4.353e-06	0.00012292
618	0.028381	0.97149	3.5793e-06	0.00012369
619	0.023859	0.97601	3.0088e-06	0.00012425
620	0.020983	0.97889	2.6448e-06	0.0001246
621	0.019386	0.98049	2.4414e-06	0.00012478
622	0.018534	0.98134	2.3333e-06	0.00012486
623	0.01838	0.98149	2.3145e-06	0.00012486
624	0.019222	0.98065	2.4203e-06	0.00012473
625	0.021168	0.9787	2.6642e-06	0.00012445
626	0.024031	0.97584	3.025e-06	0.00012405
627	0.028029	0.97184	3.5303e-06	0.00012351
628	0.034219	0.96565	4.3103e-06	0.00012269
629	0.042494	0.95738	5.3557e-06	0.0001216
630	0.054507	0.94537	6.8691e-06	0.00012004
631	0.071786	0.92809	9.0407e-06	0.00011781
632	0.076879	0.92299	9.6777e-06	0.00011712
633	0.084399	0.91547	1.0624e-05	0.00011612
634	0.083449	0.91642	1.0501e-05	0.00011618
635	0.085045	0.91483	1.0697e-05	0.00011592
636	0.08939	0.91048	1.1237e-05	0.00011531
637	0.097231	0.90264	1.2213e-05	0.00011426
638	0.10823	0.89165	1.3587e-05	0.00011281
639	0.12328	0.87659	1.5476e-05	0.00011085
640	0.14579	0.85409	1.8293e-05	0.00010795
641	0.17564	0.82424	2.2037e-05	0.00010412
642	0.21528	0.7846	2.702e-05	9.9059e-05
643	0.22843	0.77144	2.8665e-05	9.7331e-05
644	0.24867	0.75121	3.1195e-05	9.4712e-05
645	0.27912	0.72075	3.4995e-05	9.0816e-05
646	0.32404	0.67583	4.0591e-05	8.5118e-05
647	0.38346	0.61641	4.801e-05	7.7597e-05
648	0.47004	0.52983	5.8795e-05	6.6702e-05
649	0.47619	0.52368	5.9512e-05	6.5876e-05
650	0.48849	0.51139	6.0989e-05	6.4284e-05
651	0.50655	0.49333	6.319e-05	6.1968e-05
652	0.53187	0.46801	6.6304e-05	5.874e-05
653	0.56941	0.43047	7.0926e-05	5.3996e-05
654	0.61956	0.38032	7.7128e-05	4.7673e-05
655	0.63805	0.36183	7.9372e-05	4.531e-05
656	0.66627	0.33361	8.2814e-05	4.1741e-05
657	0.70441	0.29546	8.7499e-05	3.6929e-05
658	0.76075	0.23912	9.4426e-05	2.9869e-05
659	0.83576	0.16411	0.00010368	2.0479e-05
660	0.93487	0.065004	0.00011595	8.0778e-06
661	0.93554	0.064334	0.00011591	7.9817e-06
662	0.93929	0.06059	0.00011624	7.5061e-06
663	0.94658	0.053295	0.000117	6.594e-06
664	0.95732	0.042561	0.00011818	5.2558e-06
665	0.97393	0.025949	0.00012008	3.1981e-06
666	0.98095	0.01893	0.00012078	2.3303e-06
667	0.99094	0.0089328	0.00012185	1.0956e-06
668	0.99119	0.0086896	0.0001217	1.0639e-06
669	0.98922	0.010659	0.00012129	1.3019e-06
670	0.98883	0.011044	0.00012106	1.3463e-06
671	0.98998	0.0098948	0.00012102	1.204e-06
672	0.99288	0.006999	0.00012117	8.5006e-07
673	0.99364	0.0062359	0.00012106	7.5676e-07
674	0.99292	0.0069596	0.00012076	8.4468e-07
675	0.99331	0.0065666	0.00012059	7.9608e-07
676	0.99511	0.0047661	0.00012059	5.7787e-07
677	0.99528	0.0045993	0.00012039	5.5715e-07
678	0.99395	0.0059264	0.00012002	7.1646e-07
679	0.99394	0.005941	0.00011979	7.1744e-07
680	0.99499	0.0048856	0.0001197	5.8899e-07
681	0.99749	0.0023911	0.00011976	2.8879e-07
682	0.99665	0.0032301	0.00011943	3.8948e-07
683	0.99672	0.0031562	0.00011922	3.7993e-07
684	0.99772	0.0021635	0.00011911	2.6004e-07
685	0.99566	0.0042162	0.00011864	5.041e-07
686	0.99094	0.0089376	0.00011785	1.0659e-06
687	0.98835	0.011535	0.0001173	1.3739e-06
688	0.98718	0.012702	0.00011693	1.5099e-06
689	0.98291	0.016977	0.00011618	2.0147e-06
690	0.98046	0.01942	0.00011565	2.2995e-06
691	0.97966	0.020222	0.00011531	2.3886e-06
692	0.98083	0.019053	0.00011521	2.2462e-06
693	0.98365	0.016231	0.0001153	1.9091e-06
694	0.98883	0.011056	0.00011565	1.2989e-06
695	0.99635	0.0035347	0.00011628	4.1495e-07
696	0.99983	5.5214e-05	0.00011643	6.4624e-09
697	0.99984	4.1401e-05	0.00011618	4.7177e-09
698	0.99917	0.00071516	0.00011586	8.0409e-08
699	0.99792	0.0019619	0.00011546	2.1926e-07
700	0.99499	0.004898	0.00011488	5.4402e-07
701	0.98838	0.011503	0.00011389	1.2737e-06
702	0.98446	0.015424	0.00011319	1.7014e-06
703	0.98226	0.017623	0.00011269	1.933e-06
704	0.98162	0.018267	0.00011236	1.9881e-06
705	0.98248	0.017405	0.00011221	1.8727e-06
706	0.98493	0.014953	0.00011224	1.5773e-06
707	0.98915	0.01074	0.00011247	1.0828e-06
708	0.99544	0.0044494	0.00011294	3.5303e-07
709	0.95662	0.043265	0.00011123	4.9196e-06
710	0.92987	0.070007	0.00011072	8.2649e-06
711	0.91023	0.089645	0.00011096	1.0884e-05
712	0.89738	0.10249	0.00011192	1.2766e-05
713	0.88875	0.11112	0.00011336	1.4176e-05
714	0.88447	0.1154	0.00011532	1.5069e-05
715	0.88413	0.11573	0.00011776	1.5459e-05
716	0.88675	0.11312	0.00012062	1.545e-05
717	0.88093	0.11893	0.00012233	1.6597e-05
718	0.87831	0.12154	0.00012449	1.7322e-05
719	0.87947	0.12039	0.00012716	1.7516e-05
720	0.88473	0.11512	0.00013043	1.71e-05
721	0.8936	0.10625	0.00013428	1.611e-05
722	0.90676	0.093083	0.00013887	1.4406e-05
723	0.92526	0.074581	0.00014438	1.1789e-05
724	0.93239	0.067447	0.00014818	1.0878e-05
725	0.94306	0.056781	0.00015261	9.3495e-06
726	0.95806	0.041771	0.00015783	7.0368e-06
727	0.96334	0.036497	0.00016152	6.2742e-06
728	0.97217	0.027655	0.00016584	4.8718e-06
729	0.9846	0.015224	0.00017086	2.7875e-06
730	0.98443	0.015398	0.00017371	2.8797e-06
731	0.98134	0.018482	0.00017601	3.5201e-06
732	0.97994	0.019876	0.00017862	3.8603e-06
733	0.98012	0.01969	0.00018154	3.9077e-06
734	0.98232	0.017493	0.00018483	3.5696e-06
735	0.98631	0.013498	0.0001885	2.8686e-06
736	0.98733	0.012476	0.00019159	2.7409e-06
737	0.99019	0.0096129	0.00019503	2.2376e-06
738	0.99529	0.0045092	0.00019894	1.2655e-06
739	0.99115	0.00865	0.00020066	2.4966e-06
740	0.98891	0.010881	0.00020283	3.2601e-06
741	0.98836	0.011432	0.0002054	3.613e-06
742	0.98526	0.014531	0.00020717	4.7561e-06
743	0.98375	0.016034	0.00020938	5.4804e-06
744	0.97812	0.021667	0.00020857	6.611e-06
745	0.96482	0.034963	0.00020608	9.4262e-06
746	0.9564	0.043389	0.00020461	1.1199e-05
747	0.95091	0.048869	0.0002038	1.2327e-05
748	0.9486	0.051185	0.00020367	1.2757e-05
749	0.94852	0.051264	0.00020406	1.268e-05
750	0.95131	0.048473	0.00020509	1.1941e-05
751	0.95655	0.043234	0.00020672	1.0622e-05
752	0.96546	0.034324	0.00020921	8.4276e-06
753	0.97804	0.021739	0.00021259	5.3396e-06
754	0.99533	0.0044473	0.00021714	1.0972e-06
755	0.99449	0.0052878	0.00021728	1.2671e-06
756	0.99468	0.0051019	0.00021766	1.2066e-06
757	0.99332	0.0064582	0.00021768	1.4962e-06
758	0.99308	0.0066992	0.00021797	1.5378e-06
759	0.99418	0.0055968	0.00021854	1.28e-06
760	0.99678	0.0029968	0.00021944	6.8559e-07
761	0.99772	0.0020592	0.00021996	4.6956e-07
762	0.99963	0.00014452	0.00022072	3.2807e-08
763	0.99875	0.0010271	0.00022082	2.2784e-07
764	0.99868	0.0010977	0.0002211	2.4393e-07
765	0.99933	0.00045294	0.00022154	1.0085e-07
766	0.99885	0.00092342	0.00022173	2.0608e-07
767	0.99472	0.0050548	0.0002211	1.1275e-06
768	0.99212	0.0076573	0.00022082	1.7085e-06
769	0.99111	0.0086637	0.00022088	1.9363e-06
770	0.99129	0.008482	0.00022122	1.898e-06
771	0.99292	0.0068556	0.00022186	1.5375e-06
772	0.99284	0.0069371	0.00022212	1.5602e-06
773	0.99387	0.0059033	0.00022262	1.3315e-06
774	0.99611	0.0036622	0.00022341	8.2963e-07
775	0.9946	0.0051788	0.00022334	1.1758e-06
776	0.99415	0.0056236	0.00022352	1.2796e-06
777	0.99474	0.0050304	0.00022393	1.1481e-06
778	0.9938	0.0059737	0.00022401	1.3646e-06
779	0.99071	0.0090632	0.00022358	2.0723e-06
780	0.98905	0.010722	0.00022349	2.4546e-06
781	0.98423	0.01554	0.00022266	3.5624e-06
782	0.98129	0.018481	0.00022226	4.242e-06
783	0.98041	0.019362	0.00022232	4.4544e-06
784	0.96187	0.037906	0.00021833	8.7213e-06
785	0.94973	0.050047	0.00021579	1.1533e-05
786	0.94133	0.058444	0.00021411	1.3484e-05
787	0.93602	0.063754	0.00021315	1.4726e-05
788	0.93396	0.065808	0.00021292	1.5225e-05
789	0.93431	0.065461	0.00021325	1.517e-05
790	0.90958	0.090191	0.00020776	2.0918e-05
791	0.89147	0.1083	0.00020381	2.5137e-05
792	0.87859	0.12118	0.00020108	2.8146e-05
793	0.86999	0.12978	0.00019934	3.0169e-05
794	0.86499	0.13478	0.00019843	3.1357e-05
795	0.86327	0.1365	0.00019829	3.1786e-05
796	0.85216	0.14761	0.00019596	3.4394e-05
797	0.8211	0.17866	0.00018903	4.1613e-05
798	0.74363	0.25614	0.00017138	5.9551e-05
799	0.55191	0.44786	0.00012737	0.00010385
800	0.41756	0.58221	9.6446e-05	0.00013506
801	0.32503	0.67473	7.5086e-05	0.0001567
802	0.25476	0.745	5.8884e-05	0.00017318
803	0.20567	0.79409	4.7536e-05	0.0001848
804	0.16848	0.83129	3.8952e-05	0.00019366
805	0.14036	0.85941	3.2473e-05	0.00020041
806	0.121	0.87876	2.8005e-05	0.00020515
807	0.10821	0.89156	2.5047e-05	0.00020838
808	0.1002	0.89957	2.3192e-05	0.00021049
809	0.095845	0.90392	2.2182e-05	0.00021175
810	0.09368	0.90609	2.1687e-05	0.0002125
811	0.082007	0.91776	1.8971e-05	0.00021547
812	0.074409	0.92536	1.7199e-05	0.00021749
813	0.069225	0.93054	1.5993e-05	0.00021895
814	0.06605	0.93371	1.526e-05	0.00021993
815	0.064602	0.93516	1.4932e-05	0.00022051
816	0.064772	0.93499	1.4985e-05	0.00022071
817	0.066605	0.93316	1.543e-05	0.00022052
818	0.070891	0.92887	1.6445e-05	0.00021976
819	0.077385	0.92238	1.7984e-05	0.00021847
820	0.087778	0.91199	2.0433e-05	0.00021627
821	0.10184	0.89792	2.3756e-05	0.00021319
822	0.12074	0.87902	2.8232e-05	0.00020896
823	0.14595	0.85381	3.422e-05	0.00020323
824	0.18224	0.81753	4.2823e-05	0.00019487
825	0.2303	0.76947	5.4253e-05	0.00018368
826	0.24984	0.74992	5.8931e-05	0.00017924
827	0.27881	0.72095	6.5833e-05	0.00017257
828	0.31762	0.68214	7.5104e-05	0.00016354
829	0.36909	0.63067	8.7427e-05	0.00015145
830	0.43743	0.56233	0.00010383	0.00013529
831	0.52799	0.47177	0.00012564	0.00011373
832	0.51616	0.4836	0.00012294	0.00011667
833	0.5107	0.48906	0.00012176	0.00011809
834	0.50946	0.4903	0.00012159	0.0001185
835	0.51351	0.48625	0.00012269	0.00011764
836	0.52195	0.47781	0.00012485	0.00011571
837	0.5371	0.46266	0.00012862	0.00011217
838	0.56088	0.43888	0.00013447	0.00010655
839	0.59696	0.40279	0.00014326	9.7975e-05
840	0.64525	0.35451	0.00015504	8.6417e-05
841	0.70939	0.29037	0.00017071	7.0972e-05
842	0.73427	0.26549	0.00017691	6.4996e-05
843	0.74154	0.25822	0.00017885	6.3284e-05
844	0.75517	0.24459	0.00018233	6.0027e-05
845	0.77707	0.22269	0.00018781	5.4761e-05
846	0.80701	0.19275	0.00019528	4.7513e-05
847	0.80253	0.19723	0.00019436	4.865e-05
848	0.80257	0.19718	0.00019454	4.8689e-05
849	0.8062	0.19356	0.0001956	4.7846e-05
850	0.81368	0.18608	0.00019762	4.6049e-05
851	0.82561	0.17415	0.00020075	4.3149e-05
852	0.84292	0.15684	0.00020523	3.8907e-05
853	0.86951	0.13025	0.00021198	3.2378e-05
854	0.90531	0.094441	0.00022105	2.3542e-05
855	0.91921	0.080544	0.00022471	2.011e-05
856	0.91291	0.086841	0.00022339	2.1668e-05
857	0.91047	0.089286	0.00022301	2.2284e-05
858	0.91075	0.089007	0.00022331	2.2223e-05
859	0.91461	0.085141	0.00022448	2.1278e-05
860	0.92158	0.078174	0.00022643	1.9556e-05
861	0.93219	0.067559	0.00022931	1.6916e-05
862	0.9489	0.05085	0.00023369	1.2759e-05
863	0.97165	0.028108	0.00023961	7.0756e-06
864	0.97307	0.026679	0.00024018	6.7223e-06
865	0.9764	0.023357	0.00024124	5.8935e-06
866	0.98184	0.017913	0.00024284	4.5292e-06
867	0.98982	0.0099329	0.00024509	2.522e-06
868	0.9891	0.010657	0.00024513	2.7047e-06
869	0.98988	0.0098736	0.00024555	2.5119e-06
870	0.99233	0.0074219	0.00024637	1.903e-06
871	0.98897	0.010784	0.00024573	2.7623e-06
872	0.98023	0.019517	0.00024373	4.9869e-06
873	0.97425	0.025503	0.00024243	6.5155e-06
874	0.95771	0.042045	0.00023845	1.0723e-05
875	0.94681	0.05294	0.00023589	1.3513e-05
876	0.93938	0.060368	0.00023421	1.5421e-05
877	0.93486	0.064893	0.00023327	1.6593e-05
878	0.93289	0.066856	0.00023299	1.7116e-05
879	0.92374	0.076007	0.00023086	1.9471e-05
880	0.90057	0.09918	0.00022514	2.542e-05
881	0.88369	0.11606	0.00022102	2.976e-05
882	0.87184	0.12791	0.0002182	3.2821e-05
883	0.83985	0.1599	0.00021025	4.1009e-05
884	0.81626	0.18349	0.00020444	4.7057e-05
885	0.79938	0.20037	0.00020034	5.1401e-05
886	0.78779	0.21195	0.0001976	5.4396e-05
887	0.78063	0.21911	0.00019598	5.6267e-05
888	0.77736	0.22239	0.00019536	5.7149e-05
889	0.77777	0.22198	0.00019569	5.709e-05
890	0.78184	0.21791	0.00019695	5.6091e-05
891	0.78988	0.20986	0.00019925	5.4069e-05
892	0.80395	0.19579	0.00020308	5.0506e-05
893	0.82391	0.17583	0.00020844	4.5412e-05
894	0.82929	0.17046	0.00021008	4.4053e-05
895	0.82555	0.17419	0.00020937	4.5032e-05
896	0.82528	0.17447	0.00020955	4.5123e-05
897	0.82933	0.17042	0.00021082	4.4108e-05
898	0.83823	0.16152	0.00021334	4.185e-05
899	0.85167	0.14808	0.00021704	3.8407e-05
900	0.87077	0.12897	0.00022223	3.3481e-05
901	0.89703	0.10271	0.00022931	2.6672e-05
902	0.9354	0.064345	0.00023952	1.6718e-05
903	0.99169	0.0080575	0.00025438	2.1083e-06
904	0.98999	0.0097529	0.0002542	2.5462e-06
905	0.98957	0.010174	0.00025436	2.6541e-06
906	0.99064	0.0091054	0.00025489	2.3783e-06
907	0.98957	0.010177	0.00025487	2.6564e-06
908	0.98998	0.0097584	0.00025523	2.5505e-06
909	0.99168	0.0080657	0.00025592	2.1122e-06
910	0.9913	0.0084442	0.00025608	2.2114e-06
911	0.99209	0.00765	0.00025656	2.0045e-06
912	0.99412	0.0056228	0.00025736	1.4746e-06
913	0.99121	0.0085345	0.00025688	2.2296e-06
914	0.9897	0.010045	0.00025678	2.6204e-06
915	0.98969	0.010046	0.00025705	2.6208e-06
916	0.9912	0.0085366	0.00025771	2.2294e-06
917	0.99411	0.0056265	0.00025874	1.4695e-06
918	0.99912	0.00061626	0.00026031	1.6156e-07
919	0.99889	0.00085104	0.00026052	2.2283e-07
920	0.99933	0.00041179	0.00026091	1.076e-07
921	0.99963	0.0001092	0.00026125	2.8441e-08
922	0.99657	0.0031708	0.00026071	8.272e-07
923	0.99495	0.004788	0.00026053	1.2511e-06
924	0.99461	0.0051315	0.00026068	1.3432e-06
925	0.99251	0.00723	0.00026035	1.8974e-06
926	0.99164	0.0081022	0.00026035	2.1287e-06
927	0.99218	0.0075552	0.00026071	1.9886e-06
928	0.99104	0.0086979	0.00026062	2.2948e-06
929	0.99109	0.008645	0.00026085	2.2847e-06
930	0.99234	0.0073924	0.00026141	1.9565e-06
931	0.99185	0.0078862	0.00026149	2.0906e-06
932	0.9925	0.0072333	0.00026188	1.9204e-06
933	0.99436	0.005371	0.0002626	1.4281e-06
934	0.9945	0.0052346	0.00026287	1.3919e-06
935	0.99568	0.0040549	0.00026343	1.0776e-06
936	0.99828	0.0014575	0.00026435	3.8756e-07
937	0.99602	0.0037176	0.00026397	9.8821e-07
938	0.99487	0.0048681	0.00026389	1.2938e-06
