#coord	neutral	conserved	gBGC.neutral	gBGC.conserved
1	0.76426	0.23467	0.00081817	0.00025207
2	0.77015	0.22878	0.00082379	0.0002455
3	0.78039	0.21855	0.00083414	0.00023421
4	0.79731	0.20163	0.00085157	0.00021583
5	0.82307	0.17587	0.00087833	0.00018812
6	0.86161	0.13733	0.00091852	0.00014696
7	0.91297	0.085961	0.00097253	9.201e-05
8	0.93552	0.063419	0.00099559	6.7984e-05
9	0.96602	0.032916	0.0010272	3.5408e-05
10	0.97788	0.021061	0.001039	2.2699e-05
11	0.98228	0.016661	0.0010429	1.7954e-05
12	0.98896	0.0099832	0.0010493	1.0749e-05
13	0.99165	0.0072937	0.0010513	7.8572e-06
14	0.99594	0.003003	0.0010551	3.2406e-06
15	0.99771	0.0012373	0.0010562	1.3342e-06
16	0.99718	0.0017599	0.0010548	1.889e-06
17	0.99744	0.0015062	0.0010543	1.6143e-06
18	0.99707	0.0018756	0.0010532	2.0002e-06
19	0.99749	0.0014597	0.0010529	1.5493e-06
20	0.99887	7.4001e-05	0.0010537	7.8217e-08
21	0.99892	2.775e-05	0.0010529	2.9487e-08
22	0.99864	0.00030605	0.0010519	3.2451e-07
23	0.99824	0.00070939	0.0010508	7.5011e-07
24	0.99849	0.00045667	0.0010504	4.81e-07
25	0.9986	0.00035343	0.0010498	3.7243e-07
26	0.99862	0.00033288	0.0010492	3.489e-07
27	0.99762	0.001327	0.0010475	1.3913e-06
28	0.99752	0.0014367	0.0010466	1.5089e-06
29	0.99816	0.00079078	0.0010467	8.2881e-07
30	0.99845	0.00050486	0.0010463	5.3013e-07
31	0.99753	0.001419	0.0010446	1.4963e-06
32	0.99542	0.0035387	0.0010417	3.7239e-06
33	0.99427	0.0046833	0.0010399	4.9169e-06
34	0.99404	0.0049125	0.0010391	5.142e-06
35	0.99485	0.0041049	0.0010393	4.2901e-06
36	0.99429	0.0046685	0.0010381	4.8785e-06
37	0.99474	0.0042156	0.0010379	4.412e-06
38	0.9961	0.002858	0.0010387	2.9936e-06
39	0.99625	0.0027046	0.0010382	2.84e-06
40	0.99721	0.0017473	0.0010386	1.8411e-06
41	0.99733	0.0016326	0.0010381	1.7211e-06
42	0.99672	0.0022444	0.0010369	2.359e-06
43	0.99686	0.0021002	0.0010365	2.2022e-06
44	0.99621	0.0027524	0.0010353	2.8838e-06
45	0.99643	0.0025352	0.001035	2.653e-06
46	0.99753	0.0014316	0.0010357	1.4927e-06
47	0.99795	0.001015	0.0010356	1.0563e-06
48	0.998	0.00096404	0.0010352	1.0046e-06
49	0.99877	0.00019824	0.0010355	2.0674e-07
50	0.99878	0.0001871	0.001035	1.9359e-07
51	0.99889	7.55e-05	0.0010347	7.778e-08
52	0.99881	0.00015244	0.0010341	1.57e-07
53	0.998	0.00096351	0.0010328	9.8659e-07
54	0.99645	0.0025124	0.0010307	2.574e-06
55	0.996	0.0029649	0.0010298	3.0367e-06
56	0.99658	0.0023841	0.0010299	2.44e-06
57	0.99626	0.0027116	0.0010291	2.7687e-06
58	0.99492	0.0040509	0.0010272	4.1371e-06
59	0.9827	0.016264	0.0010141	1.6675e-05
60	0.97485	0.024125	0.0010055	2.4762e-05
61	0.9696	0.029366	0.00099965	3.0115e-05
62	0.96657	0.0324	0.00099612	3.3171e-05
63	0.96592	0.033055	0.00099499	3.3803e-05
64	0.9608	0.038174	0.00098926	3.9029e-05
65	0.95858	0.040389	0.00098647	4.1292e-05
66	0.9584	0.040575	0.00098582	4.1449e-05
67	0.9533	0.045677	0.0009801	4.666e-05
68	0.95059	0.048387	0.00097689	4.9386e-05
69	0.95068	0.048292	0.00097651	4.926e-05
70	0.94557	0.053402	0.00097077	5.4486e-05
71	0.94364	0.055331	0.00096825	5.6473e-05
72	0.94463	0.054348	0.00096867	5.5501e-05
73	0.94796	0.051019	0.00097155	5.2104e-05
74	0.95457	0.044402	0.00097773	4.5387e-05
75	0.96437	0.034607	0.00098721	3.5396e-05
76	0.96732	0.031659	0.00098976	3.2368e-05
77	0.97306	0.025914	0.00099513	2.6508e-05
78	0.98154	0.017436	0.0010033	1.7829e-05
79	0.98487	0.014112	0.0010062	1.4442e-05
80	0.98507	0.013911	0.001006	1.423e-05
81	0.98669	0.012291	0.0010073	1.2553e-05
82	0.97977	0.019216	0.00099986	1.9546e-05
83	0.97567	0.023311	0.00099531	2.3685e-05
84	0.9735	0.025479	0.00099277	2.584e-05
85	0.97345	0.025531	0.00099234	2.586e-05
86	0.96958	0.0294	0.00098802	2.9769e-05
87	0.96822	0.030766	0.00098621	3.1151e-05
88	0.96869	0.030297	0.00098631	3.0646e-05
89	0.97146	0.027528	0.00098871	2.7825e-05
90	0.97699	0.021989	0.00099388	2.222e-05
91	0.98608	0.012906	0.0010026	1.3069e-05
92	0.98947	0.0095164	0.0010056	9.6416e-06
93	0.9904	0.008581	0.0010061	8.7096e-06
94	0.98927	0.0097112	0.0010045	9.8627e-06
95	0.98939	0.0095946	0.0010043	9.7366e-06
96	0.99106	0.0079277	0.0010055	8.0486e-06
97	0.9907	0.0082892	0.0010048	8.4075e-06
98	0.99177	0.0072145	0.0010055	7.3196e-06
99	0.99443	0.0045533	0.0010078	4.6379e-06
100	0.99261	0.006379	0.0010055	6.4998e-06
101	0.99214	0.0068454	0.0010047	6.9881e-06
102	0.99298	0.006012	0.0010051	6.1654e-06
103	0.99213	0.0068546	0.0010038	7.0429e-06
104	0.99263	0.0063557	0.0010039	6.5641e-06
105	0.99427	0.0047203	0.0010052	4.922e-06
106	0.99435	0.0046382	0.0010049	4.8627e-06
107	0.9929	0.0060926	0.0010031	6.3908e-06
108	0.99256	0.0064296	0.0010024	6.7629e-06
109	0.99354	0.0054475	0.0010031	5.7952e-06
110	0.99569	0.003302	0.001005	3.6321e-06
111	0.99631	0.0026787	0.0010053	3.0427e-06
112	0.996	0.0029909	0.0010046	3.4829e-06
113	0.99657	0.0024256	0.0010049	2.9995e-06
114	0.99806	0.00093159	0.0010061	1.5462e-06
115	0.96849	0.030506	0.0009716	3.1616e-05
116	0.94824	0.050761	0.0009467	5.2061e-05
117	0.93473	0.064278	0.00092871	6.5568e-05
118	0.92529	0.07372	0.00091505	7.4801e-05
119	0.91999	0.079022	0.00090555	7.9843e-05
120	0.91816	0.080857	0.0008995	8.1418e-05
121	0.91894	0.08008	0.00089613	8.0365e-05
122	0.9224	0.076628	0.00089546	7.6664e-05
123	0.9288	0.070232	0.00089773	7.0081e-05
124	0.92821	0.070828	0.00089318	7.036e-05
125	0.93011	0.068932	0.00089114	6.8186e-05
126	0.93465	0.064395	0.00089171	6.344e-05
127	0.93279	0.066263	0.00088614	6.4901e-05
128	0.93392	0.065135	0.0008834	6.35e-05
129	0.93833	0.060726	0.00088373	5.9002e-05
130	0.9371	0.061962	0.0008786	5.9947e-05
131	0.9382	0.060863	0.00087576	5.8649e-05
132	0.94176	0.057313	0.0008753	5.5024e-05
133	0.93933	0.059749	0.00086924	5.7038e-05
134	0.93991	0.059168	0.00086598	5.6241e-05
135	0.94285	0.056233	0.00086497	5.3236e-05
136	0.9484	0.050685	0.00086644	4.7799e-05
137	0.95784	0.041252	0.00087141	3.8841e-05
138	0.97116	0.027937	0.00087998	2.6332e-05
139	0.96981	0.029289	0.00087498	2.7437e-05
140	0.97024	0.028859	0.00087168	2.6891e-05
141	0.97249	0.026615	0.00087009	2.4682e-05
142	0.97672	0.022386	0.00087036	2.0666e-05
143	0.97694	0.022176	0.00086699	2.0325e-05
144	0.97881	0.020303	0.00086517	1.8479e-05
145	0.98292	0.016196	0.00086531	1.4657e-05
146	0.98382	0.015305	0.0008625	1.3767e-05
147	0.98625	0.012882	0.00086109	1.1515e-05
148	0.9908	0.0083325	0.00086151	7.4162e-06
149	0.99226	0.0068781	0.00085922	6.0777e-06
150	0.99207	0.007065	0.00085544	6.1967e-06
151	0.99326	0.005881	0.00085282	5.1374e-06
152	0.99568	0.0034642	0.00085131	3.0147e-06
153	0.9966	0.0025496	0.00084845	2.215e-06
154	0.9941	0.0050526	0.00084271	4.3428e-06
155	0.99301	0.0061474	0.00083815	5.2646e-06
156	0.98947	0.0096906	0.00083158	8.2472e-06
157	0.98745	0.011711	0.00082637	9.9101e-06
158	0.98707	0.012098	0.00082252	1.0201e-05
159	0.98347	0.0157	0.00081603	1.3164e-05
160	0.98195	0.01722	0.00081127	1.4385e-05
161	0.98195	0.017228	0.00080782	1.4332e-05
162	0.97855	0.020634	0.00080163	1.7065e-05
163	0.96883	0.030359	0.00079037	2.4909e-05
164	0.96294	0.036248	0.00078225	2.9594e-05
165	0.96007	0.039121	0.00077657	3.1814e-05
166	0.95095	0.048242	0.00076581	3.9101e-05
167	0.94492	0.054279	0.00075767	4.3807e-05
168	0.94212	0.057086	0.00075212	4.5901e-05
169	0.94163	0.057575	0.0007485	4.6104e-05
170	0.94412	0.055086	0.0007472	4.3961e-05
171	0.92825	0.070965	0.00073125	5.6461e-05
172	0.91698	0.08224	0.00071914	6.5156e-05
173	0.91051	0.088711	0.00071084	7.002e-05
174	0.90794	0.09128	0.0007056	7.1807e-05
175	0.90809	0.091138	0.00070255	7.1438e-05
176	0.90094	0.098293	0.00069378	7.6776e-05
177	0.89698	0.10225	0.0006876	7.9559e-05
178	0.89591	0.10332	0.00068374	8.0063e-05
179	0.89766	0.10158	0.00068211	7.8383e-05
180	0.9024	0.096848	0.00068281	7.4409e-05
181	0.91162	0.087623	0.00068684	6.7085e-05
182	0.92663	0.072619	0.00069511	5.5501e-05
183	0.94729	0.051967	0.00070762	3.9716e-05
184	0.95561	0.043645	0.00071082	3.3284e-05
185	0.95723	0.042027	0.00070899	3.1916e-05
186	0.95367	0.045596	0.00070319	3.4468e-05
187	0.94277	0.056491	0.00069189	4.2502e-05
188	0.93542	0.063848	0.00068336	4.7803e-05
189	0.93167	0.0676	0.0006775	5.0417e-05
190	0.93048	0.0688	0.0006736	5.1113e-05
191	0.93232	0.06696	0.00067188	4.9604e-05
192	0.93677	0.062509	0.0006721	4.6195e-05
193	0.88907	0.11021	0.00063411	8.0983e-05
194	0.85619	0.14309	0.00060714	0.00010473
195	0.83396	0.16533	0.00058804	0.00012058
196	0.78196	0.21734	0.00054726	0.00015811
197	0.74317	0.25613	0.00051657	0.00018557
198	0.71455	0.28475	0.00049358	0.00020538
199	0.69386	0.30544	0.00047653	0.00021927
200	0.68096	0.31835	0.00046506	0.00022758
201	0.67294	0.32637	0.00045716	0.00023234
202	0.64531	0.354	0.00043568	0.00025072
203	0.62534	0.37398	0.00041979	0.00026355
204	0.61159	0.38773	0.00040839	0.00027191
205	0.60293	0.3964	0.00040061	0.00027669
206	0.59874	0.40058	0.00039599	0.00027834
207	0.60007	0.39926	0.00039505	0.00027628
208	0.58704	0.41229	0.00038452	0.00028387
209	0.579	0.42034	0.00037745	0.00028801
210	0.54895	0.45039	0.0003559	0.00030667
211	0.52717	0.47217	0.00034006	0.00031964
212	0.51196	0.48738	0.00032872	0.00032814
213	0.50213	0.49722	0.00032103	0.00033303
214	0.47009	0.52926	0.00029916	0.00035213
215	0.39487	0.60448	0.0002497	0.0003988
216	0.33817	0.66118	0.00021263	0.0004331
217	0.29557	0.70379	0.00018491	0.00045809
218	0.26679	0.73257	0.00016601	0.00047424
219	0.24548	0.75388	0.00015202	0.0004855
220	0.23004	0.76933	0.00014185	0.00049297
221	0.1852	0.81416	0.0001135	0.00051861
222	0.15456	0.84481	9.4063e-05	0.00053533
223	0.13158	0.86779	7.957e-05	0.00054713
224	0.11623	0.88315	6.981e-05	0.00055419
225	0.10504	0.89433	6.2714e-05	0.0005586
226	0.09716	0.90222	5.7704e-05	0.00056095
227	0.092712	0.90667	5.4777e-05	0.00056121
228	0.09128	0.90811	5.366e-05	0.00055965
229	0.092662	0.90673	5.4212e-05	0.00055642
230	0.096125	0.90327	5.6013e-05	0.00055196
231	0.10198	0.89741	5.9237e-05	0.00054609
232	0.11167	0.88772	6.4665e-05	0.00053802
233	0.12507	0.87433	7.2248e-05	0.00052781
234	0.14327	0.85613	8.2627e-05	0.00051482
235	0.1471	0.85231	8.452e-05	0.00051035
236	0.15508	0.84433	8.8783e-05	0.00050349
237	0.16671	0.8327	9.5166e-05	0.00049454
238	0.14923	0.85018	8.4656e-05	0.0005025
239	0.13646	0.86296	7.6982e-05	0.00050764
240	0.12849	0.87093	7.2082e-05	0.00051001
241	0.12448	0.87494	6.9454e-05	0.00051009
242	0.12292	0.8765	6.826e-05	0.00050876
243	0.12374	0.87569	6.8436e-05	0.00050608
244	0.12699	0.87243	7.0003e-05	0.00050204
245	0.13384	0.86559	7.3545e-05	0.000496
246	0.14397	0.85547	7.8913e-05	0.00048816
247	0.1596	0.83983	8.727e-05	0.00047733
248	0.18075	0.81869	9.8656e-05	0.00046349
249	0.20914	0.7903	0.00011403	0.00044568
250	0.25016	0.74928	0.00013616	0.0004211
251	0.30434	0.6951	0.00016547	0.00038937
252	0.37612	0.62333	0.00020435	0.00034809
253	0.40658	0.59287	0.00022011	0.00032991
254	0.44742	0.55203	0.00024149	0.00030614
255	0.50173	0.49773	0.00027015	0.00027512
256	0.52132	0.47814	0.00027959	0.0002633
257	0.54845	0.45101	0.0002931	0.00024745
258	0.58517	0.41429	0.00031175	0.00022646
259	0.63451	0.36496	0.00033717	0.00019874
260	0.70031	0.29916	0.00037142	0.00016222
261	0.79635	0.20312	0.00042148	0.00010987
262	0.83494	0.16453	0.00044044	8.8641e-05
263	0.8499	0.14958	0.00044652	8.0274e-05
264	0.87319	0.12629	0.0004569	6.7601e-05
265	0.90472	0.094762	0.00047161	5.0631e-05
266	0.9179	0.081577	0.00047646	4.3495e-05
267	0.93636	0.063119	0.00048407	3.3624e-05
268	0.9425	0.056983	0.00048521	3.0258e-05
269	0.94227	0.05722	0.00048305	3.0231e-05
270	0.94435	0.055142	0.00048212	2.8992e-05
271	0.94887	0.050623	0.00048248	2.6485e-05
272	0.95622	0.043276	0.00048434	2.2518e-05
273	0.96815	0.031349	0.00048849	1.6239e-05
274	0.97227	0.02723	0.00048861	1.4019e-05
275	0.97941	0.020087	0.00049022	1.0287e-05
276	0.99049	0.0090107	0.00049377	4.6029e-06
277	0.99497	0.0045319	0.00049397	2.3021e-06
278	0.99428	0.0052275	0.00049152	2.6319e-06
279	0.99461	0.0048954	0.00048962	2.446e-06
280	0.99364	0.0058738	0.00048705	2.9135e-06
281	0.99372	0.0057899	0.00048503	2.8522e-06
282	0.99209	0.0074231	0.00048215	3.6336e-06
283	0.99164	0.0078755	0.00047989	3.8307e-06
284	0.9892	0.01032	0.00047664	4.9919e-06
285	0.98815	0.011374	0.00047411	5.4695e-06
286	0.98401	0.015511	0.00047008	7.4205e-06
287	0.98199	0.017536	0.00046706	8.3564e-06
288	0.98182	0.017707	0.00046491	8.4107e-06
289	0.98348	0.016045	0.00046359	7.6063e-06
290	0.98681	0.012719	0.00046309	6.0199e-06
291	0.99204	0.0074945	0.0004635	3.5496e-06
292	0.98498	0.01456	0.00045809	6.8748e-06
293	0.98069	0.018847	0.000454	8.8774e-06
294	0.97825	0.021285	0.00045082	9.9897e-06
295	0.97038	0.029163	0.00044516	1.3612e-05
296	0.96515	0.034389	0.00044079	1.5965e-05
297	0.96221	0.037334	0.00043753	1.724e-05
298	0.96185	0.0377	0.00043543	1.7338e-05
299	0.96346	0.036085	0.00043427	1.6526e-05
300	0.96716	0.032392	0.00043407	1.477e-05
301	0.95693	0.042627	0.00042764	1.9271e-05
302	0.95068	0.048879	0.000423	2.1973e-05
303	0.94702	0.052533	0.00041958	2.3484e-05
304	0.94634	0.053215	0.00041746	2.3676e-05
305	0.94788	0.051684	0.00041635	2.2879e-05
306	0.95249	0.047077	0.00041656	2.0748e-05
307	0.95135	0.048216	0.00041422	2.1157e-05
308	0.95237	0.047197	0.00041286	2.0613e-05
309	0.95617	0.043398	0.00041267	1.8878e-05
310	0.96256	0.037015	0.00041362	1.6029e-05
311	0.97198	0.027593	0.0004159	1.1879e-05
312	0.98657	0.013006	0.00042032	5.566e-06
313	0.98729	0.012287	0.00041875	5.2336e-06
314	0.98972	0.0098588	0.00041788	4.1864e-06
315	0.99377	0.0058144	0.00041771	2.4606e-06
316	0.99512	0.0044667	0.00041643	1.8792e-06
317	0.99508	0.0045077	0.00041453	1.8872e-06
318	0.99352	0.0060612	0.00041205	2.5195e-06
319	0.98954	0.010051	0.00040854	4.157e-06
320	0.98716	0.012431	0.00040573	5.1106e-06
321	0.98655	0.013046	0.00040364	5.3391e-06
322	0.98728	0.012317	0.00040213	5.0122e-06
323	0.98563	0.013968	0.00039963	5.6567e-06
324	0.9854	0.014194	0.00039775	5.7148e-06
325	0.98686	0.012733	0.00039652	5.0992e-06
326	0.9902	0.0093999	0.00039602	3.746e-06
327	0.99594	0.0036661	0.00039643	1.46e-06
328	0.99307	0.0065374	0.00039345	2.5937e-06
329	0.99152	0.0080908	0.00039103	3.1917e-06
330	0.99118	0.0084323	0.00038912	3.3041e-06
331	0.99223	0.0073746	0.00038774	2.8722e-06
332	0.99483	0.004783	0.00038693	1.8517e-06
333	0.99936	0.00024849	0.00038685	9.5767e-08
334	0.99865	0.0009644	0.00038476	3.6955e-07
335	0.99872	0.00089853	0.00038295	3.4258e-07
336	0.99959	2.4228e-05	0.00038144	9.1667e-09
337	0.99944	0.00017646	0.00037952	6.6889e-08
338	0.99544	0.0041802	0.00037613	1.5825e-06
339	0.99322	0.0064065	0.00037341	2.418e-06
340	0.99222	0.0074084	0.00037118	2.7816e-06
341	0.9926	0.0070285	0.00036945	2.6298e-06
342	0.99415	0.0054807	0.00036818	2.0423e-06
343	0.99082	0.0088142	0.00036508	3.2708e-06
344	0.98895	0.010684	0.00036257	3.9425e-06
345	0.98866	0.01098	0.00036061	4.0357e-06
346	0.98559	0.01405	0.00035763	5.1467e-06
347	0.9841	0.015542	0.00035526	5.6667e-06
348	0.98407	0.015571	0.00035345	5.6484e-06
349	0.9855	0.014139	0.0003522	5.1008e-06
350	0.98894	0.010707	0.00035163	3.8492e-06
351	0.99427	0.0053716	0.00035176	1.9255e-06
352	0.98896	0.010685	0.00034808	3.802e-06
353	0.98555	0.0141	0.00034511	4.9838e-06
354	0.98413	0.015519	0.00034284	5.46e-06
355	0.98417	0.01548	0.0003411	5.4186e-06
356	0.98566	0.013996	0.0003399	4.8723e-06
357	0.9887	0.010956	0.00033925	3.7884e-06
358	0.99399	0.0056649	0.00033935	1.9473e-06
359	0.99596	0.0037047	0.00033827	1.2686e-06
360	0.99639	0.0032748	0.00033669	1.114e-06
361	0.99579	0.003873	0.00033474	1.3104e-06
362	0.99613	0.0035334	0.00033313	1.188e-06
363	0.99526	0.0044028	0.00033115	1.4675e-06
364	0.99557	0.0041023	0.00032954	1.359e-06
365	0.99006	0.0096064	0.00032605	3.1529e-06
366	0.98683	0.01284	0.0003233	4.1922e-06
367	0.98552	0.014155	0.00032116	4.6002e-06
368	0.98562	0.014058	0.00031952	4.5419e-06
369	0.98749	0.012191	0.00031843	3.9178e-06
370	0.99139	0.0082922	0.00031796	2.6551e-06
371	0.99247	0.0072153	0.00031661	2.2982e-06
372	0.99177	0.007913	0.00031467	2.5102e-06
373	0.99222	0.0074624	0.00031313	2.3541e-06
374	0.9941	0.0055892	0.00031201	1.756e-06
375	0.99732	0.002366	0.00031134	7.3871e-07
376	0.99867	0.0010206	0.00031006	3.1806e-07
377	0.99926	0.00043222	0.00030856	1.3422e-07
378	0.9996	9.6496e-05	0.000307	2.9661e-08
379	0.99963	6.0621e-05	0.00030533	1.8548e-08
380	0.99878	0.00091212	0.00030338	2.7871e-07
381	0.99865	0.0010444	0.00030168	3.1715e-07
382	0.99811	0.0015851	0.00029984	4.7973e-07
383	0.99676	0.0029451	0.00029773	8.8952e-07
384	0.99332	0.0063799	0.00029504	1.9147e-06
385	0.99156	0.0081463	0.00029283	2.4357e-06
386	0.99103	0.0086783	0.00029102	2.5826e-06
387	0.99169	0.0080174	0.00028959	2.3747e-06
388	0.9936	0.0061119	0.00028854	1.8023e-06
389	0.99688	0.0028294	0.00028791	8.3155e-07
390	0.99818	0.0015345	0.00028671	4.4814e-07
391	0.99361	0.0061026	0.0002838	1.7582e-06
392	0.99069	0.0090242	0.00028141	2.5794e-06
393	0.98944	0.010282	0.00027948	2.9236e-06
394	0.98945	0.010264	0.00027793	2.9011e-06
395	0.991	0.0087242	0.0002768	2.4554e-06
396	0.99393	0.0057873	0.00027608	1.6217e-06
397	0.99491	0.0048094	0.00027478	1.3436e-06
398	0.99443	0.0052969	0.0002731	1.4714e-06
399	0.99496	0.0047642	0.00027173	1.3157e-06
400	0.99405	0.0056787	0.00026997	1.555e-06
401	0.9942	0.0055338	0.00026853	1.5023e-06
402	0.99564	0.0040892	0.00026742	1.1021e-06
403	0.99859	0.0011433	0.0002667	3.0707e-07
404	0.99858	0.001151	0.0002652	3.0656e-07
405	0.99814	0.0015944	0.00026357	4.2232e-07
406	0.99699	0.0027488	0.00026174	7.2567e-07
407	0.99674	0.0029964	0.00026017	7.8651e-07
408	0.99738	0.002364	0.00025886	6.1614e-07
409	0.99725	0.0024943	0.00025733	6.4664e-07
410	0.99607	0.0036692	0.00025555	9.4365e-07
411	0.99587	0.0038774	0.00025404	9.8863e-07
412	0.99441	0.0053326	0.0002522	1.3502e-06
413	0.99425	0.0055	0.00025068	1.3851e-06
414	0.99535	0.0044028	0.00024946	1.1047e-06
415	0.99758	0.0021716	0.00024854	5.4261e-07
416	0.99843	0.0013264	0.00024729	3.2897e-07
417	0.99869	0.0010598	0.00024588	2.616e-07
418	0.99086	0.0088911	0.00024246	2.1884e-06
419	0.98591	0.013847	0.00023976	3.3935e-06
420	0.98285	0.016912	0.00023755	4.1193e-06
421	0.97393	0.025832	0.00023397	6.2412e-06
422	0.96783	0.031929	0.00023111	7.6545e-06
423	0.9641	0.035665	0.00022885	8.4843e-06
424	0.9629	0.036864	0.00022718	8.7097e-06
425	0.96409	0.035676	0.00022607	8.376e-06
426	0.96793	0.031841	0.00022555	7.4337e-06
427	0.97418	0.025593	0.0002256	5.9366e-06
428	0.98413	0.015643	0.00022646	3.6124e-06
429	0.99793	0.0018422	0.00022821	4.2341e-07
430	0.99613	0.0036448	0.00022635	8.3307e-07
431	0.99167	0.0081051	0.00022392	1.8369e-06
432	0.98888	0.010894	0.00022189	2.4485e-06
433	0.98753	0.012244	0.00022021	2.7288e-06
434	0.98778	0.011995	0.00021887	2.6537e-06
435	0.98966	0.010116	0.00021788	2.2228e-06
436	0.98421	0.015576	0.0002153	3.3947e-06
437	0.98115	0.018633	0.00021325	4.0346e-06
438	0.98018	0.019606	0.00021163	4.2198e-06
439	0.98077	0.019018	0.00021038	4.0641e-06
440	0.98332	0.016472	0.00020952	3.4963e-06
441	0.98815	0.011643	0.00020913	2.4576e-06
442	0.98578	0.014013	0.00020719	2.9451e-06
443	0.9849	0.014893	0.0002056	3.1108e-06
444	0.98543	0.014366	0.00020432	2.9794e-06
445	0.98779	0.012002	0.0002034	2.4738e-06
446	0.99184	0.0079519	0.00020284	1.6263e-06
447	0.99852	0.0012778	0.00020279	2.6128e-07
448	0.99554	0.0042606	0.00020075	8.6865e-07
449	0.99403	0.0057675	0.000199	1.1714e-06
450	0.99362	0.0061764	0.0001975	1.2483e-06
451	0.99118	0.0086191	0.00019561	1.7284e-06
452	0.99006	0.0097411	0.00019401	1.9386e-06
453	0.99019	0.0096148	0.00019267	1.8993e-06
454	0.99156	0.008244	0.0001916	1.6162e-06
455	0.99428	0.0055247	0.0001908	1.0736e-06
456	0.99903	0.00078123	0.00019036	1.5202e-07
457	0.98871	0.011097	0.00018707	2.1094e-06
458	0.98137	0.018444	0.00018439	3.4737e-06
459	0.97646	0.02335	0.00018221	4.3586e-06
460	0.96434	0.03548	0.00017869	6.5705e-06
461	0.9566	0.043218	0.00017599	7.9496e-06
462	0.95239	0.047426	0.00017394	8.6674e-06
463	0.7998	0.20002	0.00014499	3.6295e-05
464	0.69306	0.30676	0.00012464	5.5322e-05
465	0.61257	0.38725	0.00010935	6.9298e-05
466	0.55756	0.44226	9.8745e-05	7.8577e-05
467	0.51647	0.48336	9.0787e-05	8.5225e-05
468	0.48908	0.51074	8.5305e-05	8.9387e-05
469	0.47158	0.52825	8.1594e-05	9.1771e-05
470	0.45973	0.5401	7.8926e-05	9.3123e-05
471	0.45393	0.5459	7.7309e-05	9.3416e-05
472	0.45343	0.5464	7.6595e-05	9.2799e-05
473	0.43754	0.56229	7.3306e-05	9.4768e-05
474	0.42706	0.57277	7.0983e-05	9.5782e-05
475	0.42236	0.57747	6.963e-05	9.5818e-05
476	0.34152	0.65831	5.5696e-05	0.00010843
477	0.28049	0.71935	4.5272e-05	0.00011754
478	0.23799	0.76185	3.7986e-05	0.0001235
479	0.20595	0.79389	3.2524e-05	0.00012765
480	0.18193	0.81791	2.8443e-05	0.00013043
481	0.1642	0.83564	2.543e-05	0.00013215
482	0.15138	0.84846	2.3237e-05	0.00013306
483	0.14246	0.85739	2.1687e-05	0.00013334
484	0.13668	0.86316	2.0646e-05	0.00013311
485	0.13464	0.86521	2.0174e-05	0.00013231
486	0.11984	0.88	1.7811e-05	0.00013341
487	0.11019	0.88966	1.6236e-05	0.00013371
488	0.10464	0.89522	1.528e-05	0.00013339
489	0.10152	0.89833	1.4701e-05	0.0001327
490	0.08824	0.91161	1.2651e-05	0.00013348
491	0.078479	0.92138	1.1147e-05	0.00013372
492	0.071542	0.92831	1.0075e-05	0.00013353
493	0.067548	0.93231	9.4279e-06	0.00013292
494	0.066114	0.93374	9.1427e-06	0.00013193
495	0.06704	0.93282	9.1828e-06	0.00013062
496	0.060262	0.9396	8.1677e-06	0.00013036
497	0.05637	0.94349	7.5569e-06	0.0001297
498	0.054134	0.94573	7.1832e-06	0.00012881
499	0.053926	0.94594	7.0811e-06	0.00012764
500	0.05572	0.94415	7.2386e-06	0.00012621
501	0.059145	0.94072	7.6075e-06	0.00012457
502	0.065166	0.9347	8.296e-06	0.00012261
503	0.073608	0.92626	9.2818e-06	0.00012036
504	0.086281	0.91359	1.077e-05	0.0001176
505	0.10329	0.89658	1.2774e-05	0.00011433
506	0.12597	0.8739	1.5447e-05	0.0001104
507	0.1327	0.86718	1.6115e-05	0.00010848
508	0.1298	0.87008	1.5598e-05	0.00010776
509	0.13013	0.86975	1.5473e-05	0.00010664
510	0.1329	0.86698	1.5643e-05	0.00010523
511	0.13831	0.86157	1.6126e-05	0.00010352
512	0.14683	0.85305	1.6968e-05	0.00010145
513	0.1607	0.83918	1.8402e-05	9.8786e-05
514	0.17963	0.82025	2.0395e-05	9.5571e-05
515	0.20506	0.79483	2.3098e-05	9.1654e-05
516	0.24257	0.75731	2.7092e-05	8.644e-05
517	0.23905	0.76084	2.6416e-05	8.5903e-05
518	0.23981	0.76008	2.6213e-05	8.4887e-05
519	0.24518	0.75471	2.6504e-05	8.3371e-05
520	0.21206	0.78783	2.2634e-05	8.6024e-05
521	0.18937	0.81052	1.9945e-05	8.749e-05
522	0.17262	0.82727	1.7951e-05	8.8268e-05
523	0.16055	0.83934	1.6493e-05	8.8518e-05
524	0.15225	0.84765	1.5457e-05	8.8353e-05
525	0.14712	0.85277	1.477e-05	8.7846e-05
526	0.12943	0.87046	1.2831e-05	8.8586e-05
527	0.11792	0.88198	1.1536e-05	8.8675e-05
528	0.10986	0.89004	1.0613e-05	8.8399e-05
529	0.08504	0.91486	8.1027e-06	8.9718e-05
530	0.066195	0.93371	6.2257e-06	9.0409e-05
531	0.053137	0.94677	4.9268e-06	9.0518e-05
532	0.04334	0.95657	3.9643e-06	9.0296e-05
533	0.036726	0.96318	3.3107e-06	8.976e-05
534	0.031884	0.96802	2.8347e-06	8.9053e-05
535	0.029026	0.97088	2.5434e-06	8.8156e-05
536	0.027255	0.97266	2.3557e-06	8.7161e-05
537	0.026435	0.97348	2.2559e-06	8.6085e-05
538	0.026504	0.97341	2.2353e-06	8.4935e-05
539	0.027467	0.97245	2.2916e-06	8.3714e-05
540	0.029421	0.97049	2.4303e-06	8.2416e-05
541	0.02602	0.9739	2.1245e-06	8.1569e-05
542	0.024202	0.97571	1.9519e-06	8.0584e-05
543	0.023638	0.97628	1.8819e-06	7.9491e-05
544	0.018265	0.98166	1.4304e-06	7.8774e-05
545	0.014178	0.98574	1.093e-06	7.7949e-05
546	0.011056	0.98887	8.3987e-07	7.7045e-05
547	0.0086558	0.99127	6.4888e-07	7.6085e-05
548	0.0070796	0.99284	5.2292e-07	7.5055e-05
549	0.0061073	0.99382	4.4362e-07	7.3973e-05
550	0.0053855	0.99454	3.8503e-07	7.2875e-05
551	0.0048577	0.99507	3.4216e-07	7.1768e-05
552	0.004674	0.99526	3.2362e-07	7.0631e-05
553	0.0046106	0.99532	3.1402e-07	6.949e-05
554	0.0046715	0.99526	3.1323e-07	6.8347e-05
555	0.0048617	0.99507	3.2117e-07	6.7199e-05
556	0.0051958	0.99474	3.3843e-07	6.6048e-05
557	0.0057003	0.99423	3.6633e-07	6.4891e-05
558	0.0064144	0.99352	4.0698e-07	6.3727e-05
559	0.0073826	0.99255	4.6266e-07	6.2553e-05
560	0.0089732	0.99096	5.5405e-07	6.1338e-05
561	0.011345	0.98859	6.8863e-07	6.0075e-05
562	0.014799	0.98514	8.8148e-07	5.8749e-05
563	0.019284	0.98066	1.1283e-06	5.7373e-05
564	0.025881	0.97406	1.4848e-06	5.5883e-05
565	0.020501	0.97944	1.1546e-06	5.5085e-05
566	0.016872	0.98307	9.3157e-07	5.4175e-05
567	0.014191	0.98575	7.6918e-07	5.3209e-05
568	0.012542	0.9874	6.6646e-07	5.2178e-05
569	0.011771	0.98818	6.1222e-07	5.1094e-05
570	0.011769	0.98818	5.9817e-07	4.9964e-05
571	0.012537	0.98741	6.2161e-07	4.8792e-05
572	0.0096976	0.99025	4.6969e-07	4.78e-05
573	0.0077572	0.9922	3.6619e-07	4.6755e-05
574	0.0062507	0.9937	2.8792e-07	4.569e-05
575	0.0052504	0.9947	2.3542e-07	4.4594e-05
576	0.0044516	0.9955	1.9454e-07	4.3491e-05
577	0.0039885	0.99597	1.6942e-07	4.2367e-05
578	0.0036228	0.99634	1.4979e-07	4.1242e-05
579	0.003326	0.99663	1.3408e-07	4.0119e-05
580	0.0032332	0.99673	1.2676e-07	3.8982e-05
581	0.0031737	0.99679	1.2124e-07	3.7848e-05
582	0.0031356	0.99683	1.1697e-07	3.6717e-05
583	0.0031231	0.99684	1.1409e-07	3.5589e-05
584	0.0032916	0.99667	1.1752e-07	3.445e-05
585	0.0034924	0.99647	1.2224e-07	3.3314e-05
586	0.0037407	0.99623	1.2875e-07	3.2181e-05
587	0.0040553	0.99591	1.3771e-07	3.105e-05
588	0.0046563	0.99531	1.5558e-07	2.9904e-05
589	0.0054149	0.99456	1.7835e-07	2.8759e-05
590	0.0063797	0.99359	2.0736e-07	2.7611e-05
591	0.007624	0.99235	2.4458e-07	2.6459e-05
592	0.0092421	0.99073	2.9246e-07	2.5301e-05
593	0.011661	0.98831	3.6203e-07	2.4116e-05
594	0.01527	0.98471	4.626e-07	2.2895e-05
595	0.019957	0.98002	5.8928e-07	2.1652e-05
596	0.026076	0.9739	7.4937e-07	2.038e-05
597	0.034135	0.96585	9.5313e-07	1.9069e-05
598	0.045719	0.95426	1.2345e-06	1.7674e-05
599	0.049108	0.95087	1.289e-06	1.7798e-05
600	0.046789	0.95319	1.2181e-06	1.8042e-05
601	0.046451	0.95353	1.1941e-06	1.8235e-05
602	0.039706	0.96027	1.0166e-06	1.8576e-05
603	0.034795	0.96518	8.8662e-07	1.8869e-05
604	0.031946	0.96803	8.0732e-07	1.9107e-05
605	0.030762	0.96922	7.6805e-07	1.9301e-05
606	0.0306	0.96938	7.5397e-07	1.9468e-05
607	0.031849	0.96813	7.7174e-07	1.9599e-05
608	0.034191	0.96579	8.1474e-07	1.9704e-05
609	0.037835	0.96214	8.8712e-07	1.9778e-05
610	0.043064	0.95691	9.9499e-07	1.9816e-05
611	0.042558	0.95742	9.8026e-07	1.9971e-05
612	0.043286	0.95669	9.9379e-07	2.0098e-05
613	0.04583	0.95415	1.0468e-06	2.0181e-05
614	0.049894	0.95009	1.1341e-06	2.0228e-05
615	0.055784	0.94419	1.2628e-06	2.0233e-05
616	0.043651	0.95633	9.9139e-07	2.0637e-05
617	0.034499	0.96548	7.867e-07	2.0973e-05
618	0.028384	0.97159	6.4877e-07	2.1238e-05
619	0.023861	0.97612	5.4699e-07	2.1466e-05
620	0.020985	0.97899	4.8169e-07	2.1653e-05
621	0.019388	0.98059	4.4493e-07	2.1807e-05
622	0.018536	0.98144	4.2552e-07	2.1942e-05
623	0.018382	0.9816	4.2242e-07	2.2061e-05
624	0.019224	0.98075	4.4171e-07	2.2152e-05
625	0.02117	0.97881	4.8588e-07	2.2214e-05
626	0.024034	0.97594	5.5175e-07	2.2254e-05
627	0.028032	0.97195	6.446e-07	2.2265e-05
628	0.034223	0.96575	7.8761e-07	2.2222e-05
629	0.042499	0.95748	9.8049e-07	2.2128e-05
630	0.054512	0.94546	1.2598e-06	2.1943e-05
631	0.071794	0.92818	1.6608e-06	2.1632e-05
632	0.076887	0.92309	1.7841e-06	2.1598e-05
633	0.084408	0.91557	1.9659e-06	2.1504e-05
634	0.083457	0.91652	1.9511e-06	2.1606e-05
635	0.085053	0.91492	1.995e-06	2.1645e-05
636	0.089399	0.91058	2.1028e-06	2.1616e-05
637	0.097241	0.90273	2.2922e-06	2.15e-05
638	0.10824	0.89174	2.5584e-06	2.1307e-05
639	0.1233	0.87668	2.9244e-06	2.1013e-05
640	0.1458	0.85417	3.4673e-06	2.0537e-05
641	0.17565	0.82432	4.1915e-06	1.9879e-05
642	0.2153	0.78468	5.1589e-06	1.8978e-05
643	0.22845	0.77152	5.4931e-06	1.8709e-05
644	0.24869	0.75128	5.998e-06	1.8265e-05
645	0.27915	0.72083	6.7491e-06	1.7569e-05
646	0.32407	0.6759	7.8489e-06	1.652e-05
647	0.3835	0.61648	9.3107e-06	1.5109e-05
648	0.47009	0.52988	1.1431e-05	1.3035e-05
649	0.47624	0.52373	1.1601e-05	1.2909e-05
650	0.48854	0.51144	1.1918e-05	1.2632e-05
651	0.5066	0.49338	1.238e-05	1.221e-05
652	0.53192	0.46806	1.3025e-05	1.1605e-05
653	0.56946	0.43051	1.3967e-05	1.0698e-05
654	0.61962	0.38035	1.5229e-05	9.4711e-06
655	0.63811	0.36186	1.5712e-05	9.0233e-06
656	0.66633	0.33364	1.6432e-05	8.333e-06
657	0.70448	0.29549	1.7405e-05	7.3899e-06
658	0.76083	0.23915	1.8825e-05	5.994e-06
659	0.83584	0.16413	2.0721e-05	4.1222e-06
660	0.93496	0.06501	2.3236e-05	1.6327e-06
661	0.93563	0.06434	2.328e-05	1.6154e-06
662	0.93938	0.060596	2.3394e-05	1.5214e-06
663	0.94668	0.0533	2.3591e-05	1.3387e-06
664	0.95741	0.042565	2.3877e-05	1.0682e-06
665	0.97402	0.025951	2.4304e-05	6.5068e-07
666	0.98104	0.018932	2.4483e-05	4.7479e-07
667	0.99104	0.0089337	2.4739e-05	2.2314e-07
668	0.99128	0.0086904	2.4744e-05	2.1674e-07
669	0.98932	0.01066	2.4695e-05	2.651e-07
670	0.98893	0.011045	2.4679e-05	2.7424e-07
671	0.99008	0.0098958	2.4696e-05	2.4536e-07
672	0.99298	0.0069997	2.4749e-05	1.7333e-07
673	0.99374	0.0062365	2.4744e-05	1.5449e-07
674	0.99301	0.0069603	2.4695e-05	1.7272e-07
675	0.99341	0.0065673	2.4675e-05	1.6292e-07
676	0.99521	0.0047666	2.4684e-05	1.1848e-07
677	0.99538	0.0045998	2.4653e-05	1.1433e-07
678	0.99405	0.0059269	2.4587e-05	1.4701e-07
679	0.99403	0.0059415	2.4547e-05	1.4733e-07
680	0.99509	0.004886	2.4534e-05	1.2098e-07
681	0.99758	0.0023913	2.455e-05	5.9495e-08
682	0.99675	0.0032304	2.4485e-05	8.0249e-08
683	0.99682	0.0031565	2.4444e-05	7.8291e-08
684	0.99781	0.0021637	2.4426e-05	5.3594e-08
685	0.99576	0.0042166	2.4335e-05	1.0361e-07
686	0.99104	0.0089385	2.4172e-05	2.1898e-07
687	0.98844	0.011536	2.4055e-05	2.8235e-07
688	0.98727	0.012703	2.3975e-05	3.1022e-07
689	0.983	0.016978	2.3813e-05	4.1395e-07
690	0.98055	0.019422	2.3697e-05	4.7222e-07
691	0.97975	0.020224	2.3622e-05	4.9013e-07
692	0.98092	0.019055	2.3589e-05	4.6069e-07
693	0.98374	0.016233	2.3597e-05	3.912e-07
694	0.98892	0.011057	2.3654e-05	2.6597e-07
695	0.99644	0.0035351	2.3769e-05	8.4565e-08
696	0.99992	5.5219e-05	2.3779e-05	1.3118e-09
697	0.99993	4.1404e-05	2.37e-05	9.793e-10
698	0.99926	0.00071523	2.3599e-05	1.6919e-08
699	0.99801	0.0019621	2.3479e-05	4.6393e-08
700	0.99508	0.0048985	2.332e-05	1.1518e-07
701	0.98847	0.011504	2.307e-05	2.6981e-07
702	0.98455	0.015425	2.2877e-05	3.6086e-07
703	0.98235	0.017624	2.2726e-05	4.1062e-07
704	0.98171	0.018269	2.2613e-05	4.2362e-07
705	0.98257	0.017407	2.2535e-05	4.0147e-07
706	0.98502	0.014954	2.2496e-05	3.4259e-07
707	0.98924	0.010741	2.2497e-05	2.4344e-07
708	0.99553	0.0044498	2.2546e-05	9.6959e-08
709	0.95671	0.043269	2.1929e-05	9.9593e-07
710	0.92996	0.070014	2.1565e-05	1.6363e-06
711	0.91032	0.089654	2.1358e-05	2.1209e-06
712	0.89747	0.1025	2.1296e-05	2.4549e-06
713	0.88884	0.11113	2.1332e-05	2.6924e-06
714	0.88456	0.11542	2.1463e-05	2.8288e-06
715	0.88423	0.11574	2.1683e-05	2.8703e-06
716	0.88685	0.11313	2.1978e-05	2.8377e-06
717	0.88104	0.11894	2.2064e-05	3.0152e-06
718	0.87842	0.12156	2.2232e-05	3.1134e-06
719	0.87957	0.1204	2.2488e-05	3.1162e-06
720	0.88484	0.11514	2.2845e-05	3.0124e-06
721	0.89371	0.10627	2.3302e-05	2.8103e-06
722	0.90688	0.093095	2.3881e-05	2.4882e-06
723	0.92538	0.074591	2.4613e-05	2.0143e-06
724	0.93252	0.067456	2.5038e-05	1.8402e-06
725	0.94318	0.056788	2.5567e-05	1.5647e-06
726	0.9582	0.041777	2.6225e-05	1.1621e-06
727	0.96347	0.036502	2.662e-05	1.0235e-06
728	0.97231	0.027659	2.7112e-05	7.8237e-07
729	0.98475	0.015226	2.7713e-05	4.3308e-07
730	0.98457	0.0154	2.7947e-05	4.4122e-07
731	0.98149	0.018484	2.809e-05	5.3342e-07
732	0.98009	0.019879	2.8283e-05	5.7766e-07
733	0.98028	0.019693	2.8523e-05	5.7598e-07
734	0.98248	0.017495	2.8817e-05	5.1537e-07
735	0.98647	0.0135	2.9167e-05	3.9972e-07
736	0.98749	0.012478	2.9423e-05	3.717e-07
737	0.99036	0.0096145	2.9729e-05	2.8822e-07
738	0.99546	0.00451	3.0096e-05	1.362e-07
739	0.99132	0.0086514	3.0187e-05	2.6272e-07
740	0.98909	0.010882	3.0328e-05	3.3292e-07
741	0.98853	0.011434	3.0513e-05	3.5254e-07
742	0.98544	0.014533	3.0612e-05	4.5206e-07
743	0.98393	0.016037	3.0762e-05	5.0227e-07
744	0.9783	0.021671	3.0784e-05	6.8249e-07
745	0.965	0.034969	3.0553e-05	1.1087e-06
746	0.95657	0.043397	3.0466e-05	1.3857e-06
747	0.95109	0.048878	3.0473e-05	1.57e-06
748	0.94877	0.051194	3.0573e-05	1.6548e-06
749	0.94869	0.051274	3.0747e-05	1.667e-06
750	0.95149	0.048482	3.1009e-05	1.586e-06
751	0.95673	0.043242	3.1355e-05	1.4227e-06
752	0.96564	0.03433	3.1816e-05	1.1372e-06
753	0.97822	0.021743	3.2406e-05	7.2508e-07
754	0.99552	0.0044481	3.3162e-05	1.4878e-07
755	0.99468	0.0052887	3.3307e-05	1.7765e-07
756	0.99486	0.0051028	3.3489e-05	1.7194e-07
757	0.99351	0.0064594	3.3611e-05	2.1857e-07
758	0.99327	0.0067005	3.3773e-05	2.2741e-07
759	0.99437	0.0055978	3.3975e-05	1.9069e-07
760	0.99697	0.0029973	3.4221e-05	1.0256e-07
761	0.99791	0.0020596	3.4405e-05	7.0991e-08
762	0.99982	0.00014455	3.4624e-05	5.0417e-09
763	0.99894	0.0010273	3.4752e-05	3.579e-08
764	0.99887	0.0010979	3.4902e-05	3.8533e-08
765	0.99951	0.00045302	3.5078e-05	1.6023e-08
766	0.99904	0.0009236	3.5218e-05	3.2705e-08
767	0.99491	0.0050557	3.522e-05	1.8001e-07
768	0.99231	0.0076587	3.5279e-05	2.7347e-07
769	0.9913	0.0086653	3.5387e-05	3.1096e-07
770	0.99148	0.0084836	3.554e-05	3.0566e-07
771	0.99311	0.0068569	3.5738e-05	2.4854e-07
772	0.99303	0.0069384	3.5869e-05	2.5313e-07
773	0.99406	0.0059044	3.6042e-05	2.1683e-07
774	0.9963	0.0036629	3.6262e-05	1.3575e-07
775	0.99478	0.0051797	3.6338e-05	1.9297e-07
776	0.99434	0.0056246	3.6455e-05	2.1065e-07
777	0.99493	0.0050314	3.6613e-05	1.897e-07
778	0.99399	0.0059748	3.6715e-05	2.259e-07
779	0.9909	0.0090649	3.673e-05	3.4377e-07
780	0.98924	0.010724	3.6801e-05	4.0811e-07
781	0.98442	0.015543	3.6743e-05	5.9369e-07
782	0.98148	0.018485	3.6759e-05	7.0849e-07
783	0.9806	0.019365	3.6846e-05	7.4618e-07
784	0.96205	0.037914	3.6255e-05	1.4627e-06
785	0.94991	0.050057	3.5899e-05	1.9389e-06
786	0.94151	0.058455	3.5688e-05	2.2715e-06
787	0.9362	0.063766	3.5598e-05	2.4855e-06
788	0.93414	0.06582	3.5625e-05	2.5757e-06
789	0.93449	0.065474	3.5748e-05	2.5723e-06
790	0.90975	0.090208	3.4882e-05	3.5525e-06
791	0.89164	0.10832	3.4274e-05	4.2752e-06
792	0.87876	0.1212	3.3873e-05	4.7939e-06
793	0.87015	0.12981	3.364e-05	5.1462e-06
794	0.86516	0.13481	3.355e-05	5.3572e-06
795	0.86344	0.13652	3.3592e-05	5.4389e-06
796	0.85233	0.14764	3.3255e-05	5.8926e-06
797	0.82126	0.1787	3.2133e-05	7.1328e-06
798	0.74377	0.25619	2.9185e-05	1.0202e-05
799	0.55202	0.44794	2.1741e-05	1.7768e-05
800	0.41764	0.58232	1.6492e-05	2.3133e-05
801	0.3251	0.67486	1.2856e-05	2.6881e-05
802	0.25481	0.74515	1.0099e-05	2.975e-05
803	0.20571	0.79425	8.1625e-06	3.1794e-05
804	0.16851	0.83145	6.6992e-06	3.3364e-05
805	0.14038	0.85957	5.5965e-06	3.4575e-05
806	0.12103	0.87893	4.8345e-06	3.544e-05
807	0.10823	0.89173	4.3295e-06	3.6043e-05
808	0.10022	0.89974	4.0127e-06	3.6453e-05
809	0.095863	0.9041	3.8407e-06	3.6714e-05
810	0.093698	0.90626	3.7584e-06	3.6885e-05
811	0.082023	0.91794	3.2862e-06	3.7441e-05
812	0.074423	0.92554	2.9768e-06	3.783e-05
813	0.069238	0.93072	2.7669e-06	3.812e-05
814	0.066063	0.9339	2.6396e-06	3.8327e-05
815	0.064615	0.93534	2.5832e-06	3.8463e-05
816	0.064784	0.93517	2.5935e-06	3.8532e-05
817	0.066618	0.93334	2.6726e-06	3.8533e-05
818	0.070905	0.92905	2.85e-06	3.8431e-05
819	0.0774	0.92256	3.1193e-06	3.8237e-05
820	0.087795	0.91216	3.5461e-06	3.7881e-05
821	0.10186	0.8981	4.1266e-06	3.7371e-05
822	0.12076	0.87919	4.9103e-06	3.6659e-05
823	0.14598	0.85398	5.9612e-06	3.5679e-05
824	0.18227	0.81769	7.4678e-06	3.4239e-05
825	0.23034	0.76962	9.4743e-06	3.23e-05
826	0.24989	0.75007	1.0297e-05	3.1539e-05
827	0.27886	0.7211	1.1506e-05	3.0387e-05
828	0.31768	0.68227	1.3134e-05	2.8817e-05
829	0.36916	0.63079	1.5302e-05	2.6707e-05
830	0.43752	0.56244	1.8195e-05	2.3873e-05
831	0.52809	0.47187	2.2048e-05	2.0081e-05
832	0.51626	0.4837	2.1586e-05	2.0604e-05
833	0.5108	0.48916	2.1386e-05	2.0861e-05
834	0.50956	0.4904	2.1367e-05	2.0937e-05
835	0.51361	0.48635	2.1567e-05	2.0789e-05
836	0.52206	0.4779	2.1958e-05	2.0451e-05
837	0.53721	0.46275	2.2629e-05	1.9828e-05
838	0.56099	0.43896	2.3661e-05	1.8838e-05
839	0.59708	0.40287	2.5209e-05	1.7326e-05
840	0.64537	0.35458	2.7286e-05	1.5286e-05
841	0.70953	0.29043	3.0056e-05	1.2556e-05
842	0.73442	0.26554	3.1156e-05	1.1497e-05
843	0.74168	0.25827	3.1493e-05	1.1195e-05
844	0.75532	0.24464	3.2096e-05	1.0621e-05
845	0.77722	0.22274	3.3044e-05	9.6956e-06
846	0.80717	0.19279	3.4344e-05	8.4205e-06
847	0.80269	0.19727	3.417e-05	8.6208e-06
848	0.80274	0.19722	3.4184e-05	8.6273e-06
849	0.80636	0.1936	3.4356e-05	8.4776e-06
850	0.81384	0.18612	3.47e-05	8.1589e-06
851	0.82577	0.17419	3.524e-05	7.6448e-06
852	0.84308	0.15687	3.602e-05	6.8932e-06
853	0.86968	0.13027	3.7196e-05	5.7401e-06
854	0.9055	0.09446	3.8782e-05	4.1788e-06
855	0.9194	0.080561	3.9416e-05	3.5707e-06
856	0.9131	0.086859	3.9173e-05	3.843e-06
857	0.91065	0.089304	3.9089e-05	3.9496e-06
858	0.91093	0.089025	3.9127e-05	3.9364e-06
859	0.9148	0.085158	3.9314e-05	3.7678e-06
860	0.92177	0.07819	3.964e-05	3.462e-06
861	0.93238	0.067573	4.0131e-05	2.9939e-06
862	0.9491	0.05086	4.0882e-05	2.2599e-06
863	0.97184	0.028114	4.1904e-05	1.2564e-06
864	0.97327	0.026684	4.1979e-05	1.1937e-06
865	0.9766	0.023362	4.214e-05	1.0471e-06
866	0.98204	0.017916	4.2398e-05	8.0612e-07
867	0.99002	0.0099349	4.2772e-05	4.517e-07
868	0.9893	0.010659	4.2762e-05	4.8346e-07
869	0.99008	0.0098756	4.2812e-05	4.4936e-07
870	0.99253	0.0074235	4.2928e-05	3.424e-07
871	0.98917	0.010787	4.2786e-05	4.9564e-07
872	0.98044	0.019521	4.2404e-05	8.9146e-07
873	0.97445	0.025508	4.2149e-05	1.1631e-06
874	0.9579	0.042054	4.1421e-05	1.9091e-06
875	0.94701	0.052951	4.0938e-05	2.4043e-06
876	0.93958	0.060381	4.0615e-05	2.7427e-06
877	0.93505	0.064906	4.0424e-05	2.9503e-06
878	0.93309	0.06687	4.035e-05	3.0432e-06
879	0.92393	0.076022	3.9946e-05	3.4597e-06
880	0.90076	0.099201	3.8916e-05	4.5052e-06
881	0.88388	0.11608	3.8172e-05	5.2658e-06
882	0.87202	0.12794	3.7657e-05	5.8005e-06
883	0.84002	0.15993	3.6249e-05	7.2303e-06
884	0.81643	0.18352	3.5219e-05	8.2834e-06
885	0.79954	0.20041	3.4491e-05	9.0371e-06
886	0.78796	0.212	3.4001e-05	9.5544e-06
887	0.7808	0.21916	3.371e-05	9.8751e-06
888	0.77752	0.22244	3.3593e-05	1.0023e-05
889	0.77793	0.22203	3.3643e-05	1.0007e-05
890	0.782	0.21795	3.3858e-05	9.827e-06
891	0.79005	0.20991	3.4254e-05	9.4681e-06
892	0.80412	0.19583	3.4911e-05	8.8417e-06
893	0.82409	0.17587	3.5839e-05	7.9477e-06
894	0.82946	0.17049	3.6117e-05	7.7044e-06
895	0.82573	0.17423	3.5983e-05	7.8671e-06
896	0.82545	0.17451	3.6006e-05	7.8753e-06
897	0.8295	0.17045	3.6214e-05	7.6922e-06
898	0.8384	0.16155	3.6631e-05	7.2942e-06
899	0.85185	0.14811	3.7256e-05	6.6902e-06
900	0.87096	0.129	3.8141e-05	5.8279e-06
901	0.89722	0.10273	3.9357e-05	4.6374e-06
902	0.9356	0.064359	4.111e-05	2.9034e-06
903	0.9919	0.0080592	4.3659e-05	3.6763e-07
904	0.9902	0.009755	4.3599e-05	4.4253e-07
905	0.98978	0.010176	4.3599e-05	4.6033e-07
906	0.99085	0.0091073	4.3658e-05	4.1228e-07
907	0.98978	0.010179	4.3624e-05	4.5953e-07
908	0.9902	0.0097605	4.365e-05	4.4098e-07
909	0.99189	0.0080674	4.3736e-05	3.6521e-07
910	0.99151	0.008446	4.3732e-05	3.8176e-07
911	0.9923	0.0076516	4.3782e-05	3.4569e-07
912	0.99433	0.005624	4.3891e-05	2.5409e-07
913	0.99142	0.0085364	4.3783e-05	3.8244e-07
914	0.98991	0.010047	4.3739e-05	4.4827e-07
915	0.98991	0.010048	4.3756e-05	4.4768e-07
916	0.99142	0.0085385	4.3832e-05	3.8051e-07
917	0.99433	0.0056277	4.3975e-05	2.5042e-07
918	0.99934	0.0006164	4.4203e-05	2.7566e-08
919	0.9991	0.00085123	4.4201e-05	3.7922e-08
920	0.99954	0.00041188	4.4231e-05	1.8251e-08
921	0.99985	0.00010922	4.4248e-05	4.803e-09
922	0.99678	0.0031715	4.411e-05	1.3963e-07
923	0.99517	0.0047891	4.403e-05	2.1104e-07
924	0.99482	0.0051326	4.3999e-05	2.2645e-07
925	0.99272	0.0072316	4.3883e-05	3.1992e-07
926	0.99185	0.008104	4.3824e-05	3.5849e-07
927	0.9924	0.0075568	4.3821e-05	3.347e-07
928	0.99126	0.0086998	4.3737e-05	3.8612e-07
929	0.99131	0.0086469	4.3708e-05	3.8409e-07
930	0.99256	0.007394	4.3735e-05	3.2857e-07
931	0.99207	0.0078879	4.3678e-05	3.5079e-07
932	0.99272	0.0072349	4.3675e-05	3.2188e-07
933	0.99458	0.0053722	4.3728e-05	2.3913e-07
934	0.99472	0.0052358	4.3707e-05	2.3255e-07
935	0.9959	0.0040558	4.3736e-05	1.7956e-07
936	0.9985	0.0014578	4.382e-05	6.4473e-08
937	0.99624	0.0037185	4.3682e-05	1.6397e-07
938	0.99509	0.0048691	4.3596e-05	2.1415e-07
939	0.992	0.0079599	4.3419e-05	3.4982e-07
940	0.99061	0.0093439	4.3309e-05	4.1085e-07
941	0.99046	0.0094926	4.3256e-05	4.1713e-07
