#coord	neutral	conserved	gBGC.neutral	gBGC.conserved
1	0.7646	0.23477	0.00048167	0.00014839
2	0.77049	0.22888	0.00048374	0.00014415
3	0.78073	0.21864	0.00048857	0.00013717
4	0.79766	0.20172	0.00049751	0.00012609
5	0.82343	0.17595	0.00051181	0.00010961
6	0.86199	0.13739	0.00053383	8.5403e-05
7	0.91338	0.086	0.00056374	5.333e-05
8	0.93594	0.063448	0.0005756	3.9299e-05
9	0.96646	0.032931	0.00059233	2.0413e-05
10	0.97832	0.021071	0.00059758	1.3052e-05
11	0.98272	0.016668	0.00059825	1.0297e-05
12	0.98941	0.0099878	0.00060034	6.149e-06
13	0.9921	0.007297	0.00059993	4.4828e-06
14	0.99639	0.0030044	0.00060053	1.8442e-06
15	0.99816	0.0012379	0.0005996	7.5728e-07
16	0.99764	0.0017607	0.00059726	1.0694e-06
17	0.9979	0.0015069	0.00059541	9.1148e-07
18	0.99753	0.0018765	0.00059323	1.1265e-06
19	0.99795	0.0014604	0.00059154	8.7034e-07
20	0.99934	7.4035e-05	0.00059041	4.3828e-08
21	0.99938	2.7763e-05	0.00058846	1.6477e-08
22	0.99911	0.00030619	0.00058634	1.8086e-07
23	0.99871	0.00070972	0.00058419	4.17e-07
24	0.99896	0.00045688	0.00058245	2.6671e-07
25	0.99907	0.0003536	0.0005806	2.0596e-07
26	0.99909	0.00033304	0.00057873	1.9246e-07
27	0.9981	0.0013277	0.00057626	7.6546e-07
28	0.99799	0.0014374	0.00057428	8.279e-07
29	0.99864	0.00079115	0.00057276	4.5354e-07
30	0.99892	0.0005051	0.00057102	2.893e-07
31	0.99801	0.0014197	0.00056857	8.1431e-07
32	0.99589	0.0035404	0.00056547	2.0212e-06
33	0.99475	0.0046855	0.00056296	2.6616e-06
34	0.99452	0.0049149	0.00056101	2.7761e-06
35	0.99533	0.0041069	0.00055962	2.3099e-06
36	0.99477	0.0046708	0.00055743	2.6195e-06
37	0.99522	0.0042176	0.0005558	2.3625e-06
38	0.99658	0.0028594	0.0005547	1.5985e-06
39	0.99674	0.0027059	0.0005529	1.5123e-06
40	0.9977	0.0017481	0.00055159	9.7761e-07
41	0.99782	0.0016334	0.00054983	9.1136e-07
42	0.99721	0.0022455	0.0005477	1.2458e-06
43	0.99735	0.0021013	0.00054602	1.1599e-06
44	0.9967	0.0027538	0.00054387	1.5147e-06
45	0.99692	0.0025364	0.00054224	1.3897e-06
46	0.99803	0.0014323	0.00054112	7.798e-07
47	0.99844	0.0010155	0.0005396	5.5032e-07
48	0.9985	0.00096452	0.00053786	5.2191e-07
49	0.99927	0.00019833	0.00053654	1.0711e-07
50	0.99928	0.0001872	0.00053483	1.0003e-07
51	0.99939	7.5538e-05	0.00053316	4.0085e-08
52	0.99932	0.00015251	0.00053137	8.0688e-08
53	0.99851	0.00096399	0.00052923	5.0567e-07
54	0.99696	0.0025137	0.00052668	1.3155e-06
55	0.99651	0.0029664	0.00052469	1.5476e-06
56	0.99709	0.0023853	0.00052322	1.2399e-06
57	0.99676	0.0027129	0.00052131	1.403e-06
58	0.99543	0.0040529	0.00051886	2.0903e-06
59	0.98321	0.016273	0.00051076	8.4001e-06
60	0.97535	0.024137	0.00050493	1.2437e-05
61	0.9701	0.029381	0.00050051	1.508e-05
62	0.96707	0.032416	0.00049728	1.6562e-05
63	0.96642	0.033072	0.00049525	1.6828e-05
64	0.9613	0.038194	0.00049092	1.937e-05
65	0.95908	0.04041	0.00048806	2.0432e-05
66	0.9589	0.040597	0.00048627	2.0447e-05
67	0.95379	0.045701	0.00048198	2.2948e-05
68	0.95108	0.048413	0.00047895	2.4215e-05
69	0.95118	0.048318	0.00047731	2.4079e-05
70	0.94607	0.05343	0.00047304	2.6551e-05
71	0.94414	0.05536	0.00047034	2.7433e-05
72	0.94513	0.054376	0.00046906	2.6876e-05
73	0.94846	0.051046	0.00046898	2.5151e-05
74	0.95508	0.044426	0.00047047	2.1839e-05
75	0.96488	0.034625	0.00047353	1.6978e-05
76	0.96784	0.031676	0.00047326	1.5477e-05
77	0.97359	0.025928	0.00047431	1.2635e-05
78	0.98207	0.017445	0.00047672	8.4708e-06
79	0.9854	0.01412	0.00047657	6.8397e-06
80	0.9856	0.013919	0.00047494	6.7179e-06
81	0.98722	0.012297	0.00047402	5.907e-06
82	0.9803	0.019226	0.00046905	9.1694e-06
83	0.9762	0.023324	0.00046543	1.1076e-05
84	0.97403	0.025493	0.00046277	1.2045e-05
85	0.97398	0.025545	0.00046109	1.2015e-05
86	0.97011	0.029416	0.00045759	1.3786e-05
87	0.96875	0.030783	0.00045526	1.4379e-05
88	0.96922	0.030313	0.00045382	1.4099e-05
89	0.97199	0.027544	0.00045343	1.2758e-05
90	0.97753	0.022001	0.00045428	1.0153e-05
91	0.98662	0.012913	0.00045672	5.95e-06
92	0.99002	0.0095217	0.00045655	4.3734e-06
93	0.99096	0.0085858	0.00045523	3.9363e-06
94	0.98983	0.0097166	0.00045299	4.4417e-06
95	0.98994	0.0095999	0.00045135	4.3692e-06
96	0.99161	0.0079321	0.0004504	3.5976e-06
97	0.99125	0.0082939	0.00044855	3.7441e-06
98	0.99233	0.0072186	0.00044733	3.2462e-06
99	0.995	0.0045559	0.0004468	2.0452e-06
100	0.99317	0.0063826	0.00044428	2.8548e-06
101	0.99271	0.0068493	0.00044235	3.0557e-06
102	0.99354	0.0060154	0.00044098	2.681e-06
103	0.9927	0.0068585	0.0004389	3.0481e-06
104	0.9932	0.0063593	0.00043739	2.8238e-06
105	0.99484	0.004723	0.0004364	2.0972e-06
106	0.99492	0.0046409	0.00043476	2.0553e-06
107	0.99347	0.0060961	0.00043247	2.6848e-06
108	0.99313	0.0064333	0.0004307	2.8187e-06
109	0.99412	0.0054506	0.00042948	2.3829e-06
110	0.99627	0.0033039	0.00042879	1.443e-06
111	0.99689	0.0026802	0.00042746	1.166e-06
112	0.99658	0.0029926	0.00042571	1.2976e-06
113	0.99715	0.002427	0.00042436	1.0503e-06
114	0.99864	0.00093214	0.00042343	4.0593e-07
115	0.96905	0.030523	0.00040921	1.307e-05
116	0.94879	0.05079	0.00039902	2.1698e-05
117	0.93527	0.064315	0.00039172	2.7413e-05
118	0.92582	0.073763	0.00038624	3.1334e-05
119	0.92052	0.079067	0.00038251	3.3493e-05
120	0.91868	0.080903	0.00038022	3.4191e-05
121	0.91946	0.080125	0.00037907	3.3782e-05
122	0.92292	0.076671	0.00037905	3.2256e-05
123	0.92932	0.070271	0.00038027	2.9511e-05
124	0.92872	0.070867	0.00037862	2.966e-05
125	0.93062	0.06897	0.00037804	2.8771e-05
126	0.93516	0.06443	0.00037856	2.6792e-05
127	0.9333	0.066299	0.00037648	2.7439e-05
128	0.93443	0.06517	0.0003756	2.6872e-05
129	0.93884	0.060759	0.00037602	2.499e-05
130	0.93761	0.061995	0.00037411	2.5416e-05
131	0.93871	0.060896	0.00037318	2.4889e-05
132	0.94226	0.057344	0.00037327	2.3371e-05
133	0.93982	0.05978	0.00037097	2.4252e-05
134	0.94041	0.059199	0.00036986	2.3935e-05
135	0.94334	0.056263	0.00036971	2.2675e-05
136	0.9489	0.050712	0.00037062	2.0377e-05
137	0.95834	0.041273	0.00037302	1.657e-05
138	0.97166	0.027952	0.00037697	1.1241e-05
139	0.97031	0.029304	0.00037513	1.1726e-05
140	0.97074	0.028874	0.00037401	1.1503e-05
141	0.97299	0.026629	0.00037363	1.0567e-05
142	0.97722	0.022398	0.00037404	8.855e-06
143	0.97743	0.022187	0.0003729	8.7178e-06
144	0.97931	0.020313	0.00037243	7.9331e-06
145	0.98342	0.016204	0.0003728	6.297e-06
146	0.98431	0.015313	0.00037189	5.92e-06
147	0.98673	0.012889	0.00037158	4.9554e-06
148	0.99129	0.0083366	0.00037207	3.1926e-06
149	0.99274	0.0068815	0.00037138	2.6177e-06
150	0.99256	0.0070684	0.00037004	2.6726e-06
151	0.99374	0.0058839	0.00036919	2.218e-06
152	0.99616	0.0034659	0.00036883	1.3027e-06
153	0.99708	0.0025509	0.00036788	9.5805e-07
154	0.99458	0.005055	0.00036568	1.8818e-06
155	0.99348	0.0061503	0.00036398	2.2835e-06
156	0.98994	0.0096952	0.00036142	3.581e-06
157	0.98792	0.011716	0.00035944	4.3068e-06
158	0.98753	0.012103	0.00035805	4.4366e-06
159	0.98393	0.015708	0.00035551	5.7302e-06
160	0.98241	0.017228	0.00035371	6.2665e-06
161	0.98241	0.017236	0.00035249	6.2484e-06
162	0.979	0.020643	0.00035007	7.4457e-06
163	0.96927	0.030373	0.00034544	1.0878e-05
164	0.96338	0.036264	0.00034216	1.2935e-05
165	0.96051	0.039139	0.00033995	1.3915e-05
166	0.95138	0.048264	0.0003355	1.7116e-05
167	0.94535	0.054303	0.0003322	1.9191e-05
168	0.94254	0.057111	0.00033003	2.0123e-05
169	0.94205	0.057601	0.0003287	2.0228e-05
170	0.94454	0.055111	0.00032839	1.9301e-05
171	0.92866	0.070997	0.00032162	2.4817e-05
172	0.91738	0.082276	0.00031653	2.8666e-05
173	0.91091	0.088749	0.00031311	3.0833e-05
174	0.90834	0.09132	0.00031102	3.1645e-05
175	0.90848	0.091178	0.00030991	3.1509e-05
176	0.90132	0.098336	0.00030626	3.3891e-05
177	0.89736	0.1023	0.00030376	3.5148e-05
178	0.89629	0.10337	0.00030228	3.54e-05
179	0.89804	0.10162	0.00030178	3.4686e-05
180	0.90278	0.096889	0.00030232	3.2956e-05
181	0.91201	0.08766	0.00030433	2.974e-05
182	0.92702	0.072649	0.00030822	2.4629e-05
183	0.94768	0.051988	0.000314	1.7649e-05
184	0.95601	0.043663	0.00031565	1.4809e-05
185	0.95763	0.042045	0.00031508	1.4216e-05
186	0.95406	0.045614	0.00031276	1.536e-05
187	0.94316	0.056514	0.00030798	1.8946e-05
188	0.9358	0.063873	0.00030443	2.132e-05
189	0.93205	0.067627	0.00030206	2.25e-05
190	0.93085	0.068827	0.00030056	2.2827e-05
191	0.93269	0.066986	0.00030004	2.2168e-05
192	0.93714	0.062534	0.00030038	2.066e-05
193	0.88942	0.11026	0.00028363	3.6227e-05
194	0.85653	0.14315	0.00027179	4.688e-05
195	0.83428	0.1654	0.00026345	5.4012e-05
196	0.78226	0.21742	0.00024538	7.0864e-05
197	0.74345	0.25623	0.00023181	8.3233e-05
198	0.71482	0.28486	0.00022167	9.2184e-05
199	0.69413	0.30556	0.00021418	9.8497e-05
200	0.68122	0.31847	0.00020919	0.00010231
201	0.67319	0.3265	0.00020581	0.00010453
202	0.64555	0.35414	0.00019629	0.00011289
203	0.62557	0.37412	0.00018929	0.00011875
204	0.61182	0.38787	0.0001843	0.00012262
205	0.60315	0.39654	0.00018094	0.00012487
206	0.59897	0.40073	0.000179	0.00012572
207	0.60029	0.3994	0.00017872	0.00012489
208	0.58726	0.41244	0.0001741	0.00012842
209	0.57921	0.42049	0.00017104	0.0001304
210	0.54914	0.45056	0.00016141	0.00013896
211	0.52736	0.47234	0.00015437	0.00014496
212	0.51214	0.48756	0.00014935	0.00014895
213	0.50231	0.49739	0.00014598	0.00015129
214	0.47025	0.52945	0.00013615	0.00016011
215	0.39501	0.6047	0.00011374	0.0001815
216	0.33829	0.66141	9.6945e-05	0.00019728
217	0.29567	0.70403	8.4381e-05	0.00020885
218	0.26688	0.73283	7.5824e-05	0.0002164
219	0.24557	0.75414	6.9498e-05	0.00022173
220	0.23012	0.76959	6.4906e-05	0.00022534
221	0.18527	0.81444	5.1982e-05	0.00023727
222	0.15461	0.8451	4.3118e-05	0.00024513
223	0.13163	0.86809	3.6507e-05	0.00025074
224	0.11627	0.88345	3.2058e-05	0.00025419
225	0.10508	0.89464	2.8826e-05	0.00025643
226	0.097192	0.90252	2.6546e-05	0.00025773
227	0.092743	0.90697	2.5221e-05	0.00025807
228	0.09131	0.90841	2.4728e-05	0.00025756
229	0.092692	0.90703	2.5002e-05	0.00025628
230	0.096157	0.90356	2.5854e-05	0.00025443
231	0.10201	0.89771	2.7363e-05	0.00025194
232	0.11171	0.88801	2.9893e-05	0.00024841
233	0.12511	0.87461	3.3424e-05	0.0002439
234	0.14332	0.85641	3.8254e-05	0.00023809
235	0.14714	0.85258	3.9162e-05	0.00023621
236	0.15513	0.8446	4.1171e-05	0.00023323
237	0.16676	0.83296	4.4165e-05	0.00022927
238	0.14928	0.85045	3.9322e-05	0.00023315
239	0.1365	0.86323	3.5789e-05	0.00023574
240	0.12853	0.8712	3.354e-05	0.00023703
241	0.12452	0.87521	3.2344e-05	0.00023726
242	0.12296	0.87677	3.1814e-05	0.00023684
243	0.12378	0.87595	3.1922e-05	0.00023579
244	0.12703	0.8727	3.2679e-05	0.00023409
245	0.13388	0.86585	3.436e-05	0.00023147
246	0.14401	0.85573	3.6896e-05	0.00022799
247	0.15965	0.84008	4.0834e-05	0.00022311
248	0.1808	0.81893	4.6196e-05	0.00021681
249	0.2092	0.79054	5.3431e-05	0.00020865
250	0.25023	0.74951	6.3851e-05	0.0001973
251	0.30443	0.69531	7.7647e-05	0.00018258
252	0.37623	0.62351	9.5961e-05	0.00016335
253	0.4067	0.59304	0.00010345	0.00015494
254	0.44755	0.55219	0.00011358	0.00014389
255	0.50187	0.49787	0.00012716	0.00012941
256	0.52147	0.47827	0.00013171	0.00012395
257	0.54861	0.45114	0.00013818	0.00011658
258	0.58534	0.41441	0.00014709	0.00010678
259	0.63469	0.36506	0.0001592	9.3784e-05
260	0.70051	0.29924	0.00017551	7.6611e-05
261	0.79657	0.20318	0.00019932	5.1927e-05
262	0.83517	0.16458	0.00020845	4.1929e-05
263	0.85013	0.14962	0.0002115	3.8001e-05
264	0.87343	0.12632	0.00021659	3.2026e-05
265	0.90496	0.094788	0.00022374	2.4005e-05
266	0.91815	0.0816	0.00022621	2.0637e-05
267	0.93662	0.063136	0.00023001	1.5966e-05
268	0.94276	0.056998	0.00023074	1.4379e-05
269	0.94252	0.057235	0.0002299	1.4378e-05
270	0.9446	0.055157	0.00022964	1.38e-05
271	0.94912	0.050636	0.00023001	1.2617e-05
272	0.95647	0.043287	0.00023109	1.0737e-05
273	0.9684	0.031357	0.00023326	7.7493e-06
274	0.97252	0.027237	0.00023351	6.6962e-06
275	0.97967	0.020092	0.00023447	4.9178e-06
276	0.99075	0.009013	0.00023636	2.2031e-06
277	0.99523	0.0045331	0.00023665	1.1037e-06
278	0.99453	0.0052289	0.00023567	1.2625e-06
279	0.99487	0.0048966	0.00023495	1.1742e-06
280	0.99389	0.0058753	0.00023391	1.3996e-06
281	0.99397	0.0057914	0.00023313	1.3712e-06
282	0.99234	0.007425	0.00023193	1.7481e-06
283	0.99189	0.0078775	0.00023103	1.8444e-06
284	0.98945	0.010322	0.00022965	2.4053e-06
285	0.98839	0.011377	0.00022861	2.6375e-06
286	0.98425	0.015515	0.00022685	3.5811e-06
287	0.98223	0.017541	0.00022557	4.0358e-06
288	0.98206	0.017711	0.0002247	4.065e-06
289	0.98372	0.016049	0.00022423	3.6788e-06
290	0.98705	0.012722	0.00022416	2.9136e-06
291	0.99228	0.0074963	0.00022453	1.7191e-06
292	0.98521	0.014563	0.00022207	3.3319e-06
293	0.98092	0.018852	0.00022025	4.3054e-06
294	0.97849	0.02129	0.00021887	4.8484e-06
295	0.97061	0.029169	0.00021628	6.6115e-06
296	0.96538	0.034397	0.00021432	7.7603e-06
297	0.96244	0.037342	0.0002129	8.3866e-06
298	0.96207	0.037708	0.00021203	8.4404e-06
299	0.96369	0.036094	0.00021162	8.051e-06
300	0.96738	0.0324	0.00021169	7.2009e-06
301	0.95714	0.042637	0.00020872	9.4034e-06
302	0.95089	0.04889	0.00020661	1.073e-05
303	0.94724	0.052545	0.00020509	1.1477e-05
304	0.94656	0.053227	0.00020421	1.1579e-05
305	0.94809	0.051696	0.00020382	1.1198e-05
306	0.9527	0.047088	0.00020407	1.0162e-05
307	0.95156	0.048227	0.00020307	1.037e-05
308	0.95258	0.047207	0.00020255	1.0111e-05
309	0.95638	0.043408	0.0002026	9.2662e-06
310	0.96277	0.037023	0.00020321	7.8734e-06
311	0.97219	0.027599	0.00020448	5.8391e-06
312	0.98678	0.013009	0.0002068	2.738e-06
313	0.9875	0.01229	0.00020617	2.5763e-06
314	0.98993	0.0098609	0.00020588	2.0622e-06
315	0.99398	0.0058156	0.00020593	1.2129e-06
316	0.99533	0.0044676	0.00020544	9.2694e-07
317	0.99529	0.0045087	0.00020465	9.3152e-07
318	0.99373	0.0060624	0.00020355	1.2446e-06
319	0.98974	0.010053	0.00020195	2.0548e-06
320	0.98736	0.012433	0.0002007	2.528e-06
321	0.98675	0.013049	0.0001998	2.6427e-06
322	0.98748	0.012319	0.00019918	2.4825e-06
323	0.98583	0.01397	0.00019807	2.8035e-06
324	0.9856	0.014197	0.00019726	2.8342e-06
325	0.98706	0.012736	0.00019677	2.5305e-06
326	0.9904	0.0094018	0.00019664	1.8601e-06
327	0.99614	0.0036669	0.00019696	7.2539e-07
328	0.99326	0.0065387	0.0001956	1.2893e-06
329	0.99171	0.0080924	0.00019451	1.5876e-06
330	0.99137	0.008434	0.00019368	1.6446e-06
331	0.99243	0.0073761	0.0001931	1.4305e-06
332	0.99502	0.0047839	0.00019281	9.2275e-07
333	0.99956	0.00024853	0.00019287	4.775e-08
334	0.99884	0.00096459	0.00019193	1.8436e-07
335	0.99891	0.0008987	0.00019114	1.71e-07
336	0.99979	2.4233e-05	0.00019048	4.5781e-09
337	0.99963	0.0001765	0.00018961	3.3418e-08
338	0.99563	0.004181	0.000188	7.9096e-07
339	0.9934	0.0064077	0.00018672	1.209e-06
340	0.9924	0.0074098	0.00018569	1.3915e-06
341	0.99278	0.0070298	0.00018491	1.316e-06
342	0.99433	0.0054817	0.00018435	1.0225e-06
343	0.991	0.0088158	0.00018287	1.6381e-06
344	0.98913	0.010685	0.00018169	1.9754e-06
345	0.98884	0.010982	0.00018078	2.0228e-06
346	0.98577	0.014053	0.00017935	2.5806e-06
347	0.98427	0.015545	0.00017823	2.8424e-06
348	0.98425	0.015573	0.00017739	2.8343e-06
349	0.98568	0.014142	0.00017683	2.5605e-06
350	0.98911	0.010709	0.00017661	1.9328e-06
351	0.99445	0.0053726	0.00017674	9.672e-07
352	0.98914	0.010687	0.00017495	1.9106e-06
353	0.98572	0.014102	0.00017352	2.5053e-06
354	0.9843	0.015522	0.00017243	2.7456e-06
355	0.98434	0.015482	0.00017162	2.7257e-06
356	0.98583	0.013999	0.00017107	2.4518e-06
357	0.98887	0.010958	0.0001708	1.907e-06
358	0.99416	0.0056658	0.0001709	9.8054e-07
359	0.99612	0.0037053	0.00017041	6.3897e-07
360	0.99655	0.0032753	0.00016966	5.6129e-07
361	0.99596	0.0038736	0.00016873	6.6042e-07
362	0.9963	0.003534	0.00016797	5.9891e-07
363	0.99543	0.0044035	0.00016701	7.4007e-07
364	0.99573	0.0041029	0.00016624	6.8556e-07
365	0.99023	0.009608	0.00016453	1.591e-06
366	0.98699	0.012842	0.00016318	2.116e-06
367	0.98568	0.014157	0.00016213	2.3224e-06
368	0.98578	0.01406	0.00016134	2.2935e-06
369	0.98764	0.012193	0.00016082	1.9787e-06
370	0.99154	0.0082935	0.00016061	1.3412e-06
371	0.99262	0.0072164	0.00015995	1.1611e-06
372	0.99193	0.0079143	0.00015899	1.2683e-06
373	0.99238	0.0074636	0.00015823	1.1896e-06
374	0.99425	0.0055901	0.00015768	8.8745e-07
375	0.99748	0.0023664	0.00015736	3.7337e-07
376	0.99882	0.0010208	0.00015672	1.6076e-07
377	0.99941	0.00043229	0.00015598	6.7846e-08
378	0.99975	9.651e-05	0.0001552	1.4995e-08
379	0.99978	6.063e-05	0.00015437	9.377e-09
380	0.99893	0.00091226	0.00015339	1.409e-07
381	0.9988	0.0010446	0.00015253	1.6033e-07
382	0.99826	0.0015853	0.0001516	2.4251e-07
383	0.9969	0.0029455	0.00015053	4.4963e-07
384	0.99347	0.0063808	0.00014916	9.6783e-07
385	0.9917	0.0081475	0.00014804	1.231e-06
386	0.99117	0.0086795	0.00014711	1.3052e-06
387	0.99183	0.0080185	0.00014638	1.2e-06
388	0.99374	0.0061128	0.00014584	9.107e-07
389	0.99702	0.0028298	0.00014551	4.2014e-07
390	0.99832	0.0015347	0.0001449	2.2641e-07
391	0.99375	0.0061035	0.00014342	8.8833e-07
392	0.99083	0.0090254	0.0001422	1.3032e-06
393	0.98957	0.010283	0.0001412	1.4769e-06
394	0.98959	0.010266	0.00014041	1.4654e-06
395	0.99113	0.0087254	0.00013981	1.2401e-06
396	0.99407	0.0057881	0.00013942	8.1886e-07
397	0.99505	0.00481	0.00013874	6.783e-07
398	0.99456	0.0052976	0.00013787	7.4267e-07
399	0.9951	0.0047649	0.00013715	6.6398e-07
400	0.99418	0.0056795	0.00013624	7.846e-07
401	0.99433	0.0055345	0.00013549	7.5791e-07
402	0.99577	0.0040898	0.0001349	5.5593e-07
403	0.99872	0.0011434	0.0001345	1.5486e-07
404	0.99872	0.0011511	0.00013371	1.5458e-07
405	0.99827	0.0015946	0.00013285	2.1291e-07
406	0.99712	0.0027492	0.00013188	3.6574e-07
407	0.99687	0.0029968	0.00013104	3.9631e-07
408	0.99751	0.0023643	0.00013033	3.1045e-07
409	0.99738	0.0024946	0.00012951	3.2577e-07
410	0.9962	0.0036696	0.00012857	4.7532e-07
411	0.99599	0.0038779	0.00012776	4.9795e-07
412	0.99454	0.0053333	0.00012678	6.7946e-07
413	0.99437	0.0055007	0.00012596	6.9653e-07
414	0.99547	0.0044034	0.00012529	5.5518e-07
415	0.9977	0.0021718	0.00012476	2.7254e-07
416	0.99855	0.0013265	0.00012407	1.6514e-07
417	0.99882	0.0010599	0.0001233	1.3122e-07
418	0.99099	0.0088922	0.00012151	1.0966e-06
419	0.98603	0.013848	0.00012008	1.6994e-06
420	0.98296	0.016914	0.0001189	2.0615e-06
421	0.97405	0.025835	0.00011702	3.1215e-06
422	0.96795	0.031932	0.00011552	3.8259e-06
423	0.96421	0.03567	0.00011431	4.2379e-06
424	0.96301	0.036868	0.0001134	4.3474e-06
425	0.9642	0.03568	0.00011276	4.1776e-06
426	0.96804	0.031845	0.00011241	3.7046e-06
427	0.97429	0.025596	0.00011234	2.956e-06
428	0.98424	0.015645	0.00011267	1.7971e-06
429	0.99804	0.0018424	0.00011344	2.1044e-07
430	0.99624	0.0036452	0.00011241	4.1367e-07
431	0.99178	0.008106	0.00011109	9.1128e-07
432	0.98899	0.010895	0.00010998	1.2136e-06
433	0.98764	0.012245	0.00010905	1.3512e-06
434	0.98789	0.011996	0.00010827	1.3127e-06
435	0.98977	0.010117	0.00010767	1.0983e-06
436	0.98431	0.015578	0.00010628	1.6756e-06
437	0.98126	0.018635	0.00010514	1.9891e-06
438	0.98029	0.019609	0.00010422	2.0778e-06
439	0.98087	0.01902	0.00010347	1.9987e-06
440	0.98342	0.016474	0.00010292	1.7171e-06
441	0.98825	0.011644	0.00010258	1.2052e-06
442	0.98588	0.014015	0.00010149	1.4422e-06
443	0.985	0.014895	0.00010056	1.5211e-06
444	0.98553	0.014368	9.9786e-05	1.4546e-06
445	0.9879	0.012003	9.9184e-05	1.2058e-06
446	0.99195	0.0079527	9.8757e-05	7.9122e-07
447	0.99862	0.0012779	9.8569e-05	1.264e-07
448	0.99564	0.004261	9.7407e-05	4.1983e-07
449	0.99413	0.0057681	9.6382e-05	5.6497e-07
450	0.99373	0.006177	9.5476e-05	6.0054e-07
451	0.99128	0.00862	9.4385e-05	8.2973e-07
452	0.99016	0.0097421	9.3433e-05	9.284e-07
453	0.99029	0.0096158	9.261e-05	9.0696e-07
454	0.99166	0.0082449	9.1913e-05	7.6886e-07
455	0.99438	0.0055253	9.1348e-05	5.0718e-07
456	0.99913	0.00078131	9.0951e-05	6.5629e-08
457	0.98881	0.011098	8.9279e-05	9.0838e-07
458	0.98146	0.018446	8.788e-05	1.4863e-06
459	0.97656	0.023353	8.6703e-05	1.8502e-06
460	0.96443	0.035483	8.4957e-05	2.7731e-06
461	0.95669	0.043222	8.3565e-05	3.3317e-06
462	0.95248	0.04743	8.2452e-05	3.6001e-06
463	0.79987	0.20004	7.0206e-05	1.501e-05
464	0.69312	0.30679	6.1598e-05	2.2773e-05
465	0.61263	0.38729	5.5142e-05	2.8389e-05
466	0.55762	0.4423	5.0658e-05	3.2024e-05
467	0.51652	0.4834	4.7295e-05	3.4545e-05
468	0.48913	0.51079	4.4973e-05	3.6017e-05
469	0.47162	0.52829	4.3399e-05	3.673e-05
470	0.45977	0.54015	4.2279e-05	3.6996e-05
471	0.45397	0.54595	4.1621e-05	3.6792e-05
472	0.45347	0.54645	4.1375e-05	3.6167e-05
473	0.43758	0.56234	4.0032e-05	3.6644e-05
474	0.4271	0.57282	3.9105e-05	3.6711e-05
475	0.4224	0.57753	3.8602e-05	3.6345e-05
476	0.34155	0.65837	3.1566e-05	4.4763e-05
477	0.28051	0.71941	2.6225e-05	5.1495e-05
478	0.23801	0.76191	2.2482e-05	5.662e-05
479	0.20596	0.79396	1.9661e-05	6.0831e-05
480	0.18194	0.81798	1.7555e-05	6.4333e-05
481	0.16421	0.8357	1.6018e-05	6.7274e-05
482	0.15139	0.84853	1.4929e-05	6.9774e-05
483	0.14247	0.85745	1.4201e-05	7.192e-05
484	0.13669	0.86322	1.3769e-05	7.3777e-05
485	0.13465	0.86526	1.3683e-05	7.528e-05
486	0.11985	0.88006	1.2324e-05	7.8064e-05
487	0.1102	0.88971	1.1452e-05	8.0353e-05
488	0.10464	0.89526	1.0974e-05	8.224e-05
489	0.10153	0.89838	1.0742e-05	8.3889e-05
490	0.088245	0.91166	9.4275e-06	8.6613e-05
491	0.078483	0.92142	8.4672e-06	8.8989e-05
492	0.071545	0.92836	7.7955e-06	9.1083e-05
493	0.067551	0.93235	7.4233e-06	9.2871e-05
494	0.066117	0.93378	7.3165e-06	9.4386e-05
495	0.067042	0.93285	7.4581e-06	9.5646e-05
496	0.060264	0.93963	6.7593e-06	9.7753e-05
497	0.056372	0.94352	6.3669e-06	9.9546e-05
498	0.054136	0.94576	6.1577e-06	0.00010116
499	0.053928	0.94596	6.1697e-06	0.00010255
500	0.055721	0.94417	6.4035e-06	0.00010371
501	0.059146	0.94074	6.8293e-06	0.00010468
502	0.065167	0.93472	7.551e-06	0.00010536
503	0.073609	0.92628	8.5663e-06	0.00010574
504	0.086282	0.9136	1.0077e-05	0.00010562
505	0.10329	0.89659	1.2126e-05	0.00010497
506	0.12597	0.87391	1.489e-05	0.00010362
507	0.1327	0.86718	1.5845e-05	0.00010408
508	0.1298	0.87008	1.5662e-05	0.00010569
509	0.13013	0.86975	1.5862e-05	0.0001069
510	0.1329	0.86698	1.637e-05	0.00010782
511	0.13831	0.86157	1.7223e-05	0.0001084
512	0.14683	0.85304	1.8491e-05	0.00010857
513	0.1607	0.83917	2.0455e-05	0.00010803
514	0.17963	0.82024	2.3122e-05	0.00010681
515	0.20505	0.79482	2.6706e-05	0.00010467
516	0.24257	0.7573	3.1943e-05	0.00010087
517	0.23905	0.76082	3.1819e-05	0.00010245
518	0.23981	0.76006	3.2256e-05	0.00010345
519	0.24518	0.75469	3.3315e-05	0.00010382
520	0.21206	0.7878	2.907e-05	0.00010951
521	0.18936	0.8105	2.6175e-05	0.00011384
522	0.17261	0.82724	2.4073e-05	0.00011738
523	0.16055	0.83931	2.2602e-05	0.0001203
524	0.15224	0.84762	2.1645e-05	0.00012272
525	0.14712	0.85274	2.1135e-05	0.0001247
526	0.12943	0.87042	1.8763e-05	0.00012853
527	0.11792	0.88193	1.7241e-05	0.0001315
528	0.10986	0.88999	1.6211e-05	0.00013399
529	0.085035	0.91481	1.265e-05	0.00013902
530	0.066191	0.93366	9.9347e-06	0.00014321
531	0.053134	0.94671	8.0363e-06	0.00014658
532	0.043337	0.95651	6.6098e-06	0.00014949
533	0.036724	0.96312	5.643e-06	0.00015192
534	0.031882	0.96796	4.9392e-06	0.00015411
535	0.029024	0.97082	4.5308e-06	0.00015599
536	0.027253	0.97258	4.2905e-06	0.00015771
537	0.026433	0.9734	4.2007e-06	0.00015929
538	0.026502	0.97333	4.2555e-06	0.00016073
539	0.027465	0.97237	4.4602e-06	0.00016203
540	0.029418	0.97041	4.8358e-06	0.00016316
541	0.026018	0.97381	4.3238e-06	0.0001652
542	0.0242	0.97563	4.0634e-06	0.00016697
543	0.023636	0.97619	4.0077e-06	0.00016853
544	0.018263	0.98156	3.1173e-06	0.00017092
545	0.014176	0.98565	2.4377e-06	0.00017311
546	0.011055	0.98877	1.9172e-06	0.00017515
547	0.0086549	0.99117	1.516e-06	0.00017708
548	0.0070788	0.99274	1.2506e-06	0.00017886
549	0.0061066	0.99371	1.0862e-06	0.00018054
550	0.0053849	0.99443	9.6531e-07	0.00018218
551	0.0048572	0.99496	8.7848e-07	0.00018379
552	0.0046735	0.99514	8.5113e-07	0.00018534
553	0.00461	0.9952	8.4622e-07	0.00018688
554	0.004671	0.99514	8.6505e-07	0.0001884
555	0.0048611	0.99495	9.0918e-07	0.0001899
556	0.0051952	0.99461	9.8223e-07	0.00019138
557	0.0056995	0.99411	1.0902e-06	0.00019284
558	0.0064136	0.99339	1.2422e-06	0.00019426
559	0.0073816	0.99242	1.4484e-06	0.00019564
560	0.008972	0.99083	1.7796e-06	0.00019689
561	0.011343	0.98846	2.2703e-06	0.00019796
562	0.014797	0.985	2.9842e-06	0.00019881
563	0.019281	0.98052	3.9232e-06	0.00019945
564	0.025877	0.97392	5.3047e-06	0.00019963
565	0.020498	0.9793	4.2397e-06	0.00020227
566	0.016869	0.98292	3.5172e-06	0.00020456
567	0.014189	0.9856	2.9865e-06	0.00020666
568	0.01254	0.98725	2.6622e-06	0.00020856
569	0.011769	0.98802	2.5173e-06	0.00021026
570	0.011767	0.98802	2.533e-06	0.0002118
571	0.012535	0.98725	2.7127e-06	0.00021317
572	0.0096959	0.99009	2.1125e-06	0.00021533
573	0.0077559	0.99203	1.6983e-06	0.00021729
574	0.0062496	0.99353	1.3772e-06	0.00021917
575	0.0052495	0.99453	1.162e-06	0.00022094
576	0.0044508	0.99533	9.9097e-07	0.00022267
577	0.0039878	0.99579	8.9111e-07	0.00022433
578	0.0036222	0.99615	8.1339e-07	0.00022597
579	0.0033254	0.99645	7.5144e-07	0.0002276
580	0.0032326	0.99654	7.333e-07	0.00022919
581	0.0031731	0.9966	7.235e-07	0.00023077
582	0.0031349	0.99663	7.1926e-07	0.00023236
583	0.0031225	0.99664	7.217e-07	0.00023396
584	0.003291	0.99647	7.6429e-07	0.0002355
585	0.0034917	0.99627	8.1573e-07	0.00023705
586	0.0037399	0.99602	8.7984e-07	0.00023859
587	0.0040545	0.9957	9.6147e-07	0.00024013
588	0.0046553	0.9951	1.1103e-06	0.00024159
589	0.0054137	0.99434	1.3004e-06	0.00024302
590	0.0063783	0.99338	1.5446e-06	0.00024441
591	0.0076223	0.99213	1.8626e-06	0.00024573
592	0.00924	0.99051	2.2799e-06	0.00024696
593	0.011658	0.98809	2.8992e-06	0.00024799
594	0.015267	0.98448	3.8208e-06	0.0002487
595	0.019952	0.97979	5.0316e-06	0.00024914
596	0.02607	0.97367	6.6303e-06	0.0002492
597	0.034126	0.96562	8.7586e-06	0.00024874
598	0.045708	0.95403	1.1819e-05	0.00024734
599	0.049096	0.95064	1.2774e-05	0.00024804
600	0.046778	0.95296	1.2237e-05	0.00025022
601	0.046439	0.9533	1.2209e-05	0.00025189
602	0.039696	0.96004	1.0465e-05	0.00025526
603	0.034787	0.96495	9.202e-06	0.00025816
604	0.031938	0.96779	8.4716e-06	0.00026053
605	0.030754	0.96898	8.176e-06	0.00026245
606	0.030592	0.96914	8.1586e-06	0.0002641
607	0.031841	0.96789	8.5159e-06	0.00026538
608	0.034183	0.96554	9.1775e-06	0.00026635
609	0.037825	0.9619	1.0205e-05	0.00026698
610	0.043053	0.95667	1.1684e-05	0.00026716
611	0.042547	0.95717	1.1588e-05	0.00026891
612	0.043274	0.95644	1.184e-05	0.00027033
613	0.045818	0.9539	1.2591e-05	0.00027124
614	0.04988	0.94983	1.3781e-05	0.00027172
615	0.055769	0.94394	1.5503e-05	0.00027168
616	0.043639	0.95607	1.2118e-05	0.00027675
617	0.03449	0.96522	9.5619e-06	0.00028101
618	0.028377	0.97133	7.8382e-06	0.00028443
619	0.023855	0.97585	6.5613e-06	0.00028742
620	0.020979	0.97873	5.738e-06	0.00028994
621	0.019383	0.98032	5.2683e-06	0.00029211
622	0.018531	0.98117	5.0092e-06	0.00029407
623	0.018376	0.98132	4.9466e-06	0.00029585
624	0.019218	0.98048	5.1558e-06	0.00029735
625	0.021164	0.97853	5.664e-06	0.00029855
626	0.024027	0.97567	6.4278e-06	0.0002995
627	0.028024	0.97167	7.5087e-06	0.00030014
628	0.034212	0.96548	9.1853e-06	0.00030018
629	0.042486	0.9572	1.1449e-05	0.00029965
630	0.054496	0.94519	1.4736e-05	0.00029809
631	0.071772	0.92791	1.9468e-05	0.00029507
632	0.076864	0.92282	2.0865e-05	0.0002954
633	0.084382	0.9153	2.296e-05	0.00029504
634	0.083432	0.91625	2.2611e-05	0.00029715
635	0.085028	0.91465	2.2994e-05	0.00029851
636	0.089372	0.9103	2.4154e-05	0.00029908
637	0.097212	0.90246	2.6286e-05	0.00029868
638	0.1082	0.89147	2.9317e-05	0.00029739
639	0.12326	0.87641	3.3511e-05	0.00029495
640	0.14576	0.85391	3.977e-05	0.00029044
641	0.1756	0.82407	4.814e-05	0.00028383
642	0.21523	0.78443	5.9347e-05	0.00027439
643	0.22838	0.77128	6.3169e-05	0.00027236
644	0.24862	0.75105	6.9018e-05	0.00026829
645	0.27906	0.7206	7.7771e-05	0.00026131
646	0.32397	0.67569	9.0629e-05	0.00025021
647	0.38338	0.61628	0.00010775	0.00023486
648	0.46994	0.52972	0.00013264	0.00021173
649	0.47609	0.52357	0.00013446	0.00021169
650	0.48838	0.51127	0.00013816	0.00020976
651	0.50643	0.49322	0.00014364	0.00020607
652	0.53174	0.4679	0.00015135	0.00020016
653	0.56928	0.43037	0.00016265	0.00019066
654	0.61942	0.38023	0.00017778	0.00017733
655	0.6379	0.36175	0.00018627	0.00016771
656	0.66612	0.33353	0.00019894	0.00015388
657	0.70425	0.2954	0.00021604	0.00013564
658	0.76058	0.23907	0.00024111	0.00010942
659	0.83557	0.16408	0.00027454	7.4856e-05
660	0.93466	0.06499	0.00031878	2.9501e-05
661	0.93533	0.06432	0.00031846	2.8716e-05
662	0.93908	0.060577	0.00031934	2.6721e-05
663	0.94637	0.053283	0.00032164	2.3294e-05
664	0.9571	0.042552	0.00032539	1.8442e-05
665	0.97371	0.025943	0.00033155	1.1161e-05
666	0.98073	0.018926	0.0003335	8.0681e-06
667	0.99073	0.0089309	0.00033669	3.7625e-06
668	0.99097	0.0086877	0.00033577	3.5485e-06
669	0.98901	0.010656	0.00033406	4.144e-06
670	0.98862	0.011042	0.00033289	4.1885e-06
671	0.98977	0.0098927	0.00033224	3.695e-06
672	0.99267	0.0069975	0.00033219	2.5858e-06
673	0.99343	0.0062346	0.00033133	2.2697e-06
674	0.99271	0.0069581	0.00032993	2.4822e-06
675	0.9931	0.0065653	0.00032893	2.3124e-06
676	0.9949	0.0047651	0.00032839	1.6686e-06
677	0.99507	0.0045984	0.00032731	1.5906e-06
678	0.99375	0.0059251	0.00032574	2.0123e-06
679	0.99373	0.0059397	0.00032459	2.0012e-06
680	0.99479	0.0048846	0.00032381	1.6351e-06
681	0.99729	0.0023906	0.00032349	8.012e-07
682	0.99645	0.0032294	0.00032208	1.0701e-06
683	0.99652	0.0031555	0.00032099	1.0391e-06
684	0.99752	0.002163	0.00032022	7.0907e-07
685	0.99546	0.0042154	0.00031849	1.362e-06
686	0.99075	0.0089358	0.00031588	2.8674e-06
687	0.98815	0.011533	0.00031395	3.6902e-06
688	0.98698	0.012699	0.0003125	4.0482e-06
689	0.98271	0.016973	0.00031004	5.3938e-06
690	0.98027	0.019416	0.0003082	6.1456e-06
691	0.97947	0.020218	0.00030691	6.3716e-06
692	0.98064	0.019049	0.00030621	5.9835e-06
693	0.98346	0.016228	0.00030605	5.0766e-06
694	0.98864	0.011054	0.00030659	3.4492e-06
695	0.99616	0.0035341	0.00030788	1.096e-06
696	0.99964	5.5204e-05	0.00030788	1.7006e-08
697	0.99965	4.1393e-05	0.00030679	1.2741e-08
698	0.99898	0.00071503	0.00030548	2.2043e-07
699	0.99773	0.0019616	0.00030397	6.0515e-07
700	0.9948	0.0048971	0.00030197	1.5036e-06
701	0.9882	0.011501	0.00029883	3.5244e-06
702	0.98428	0.015421	0.0002965	4.7184e-06
703	0.98208	0.017619	0.00029473	5.3759e-06
704	0.98144	0.018264	0.00029345	5.5554e-06
705	0.9823	0.017402	0.00029265	5.2775e-06
706	0.98475	0.01495	0.00029234	4.521e-06
707	0.98897	0.010739	0.00029258	3.2391e-06
708	0.99526	0.0044486	0.00029345	1.3384e-06
709	0.95645	0.043258	0.0002809	1.2832e-05
710	0.92971	0.069995	0.00027195	2.0708e-05
711	0.91008	0.08963	0.0002652	2.6407e-05
712	0.89723	0.10248	0.00026045	3.0092e-05
713	0.88861	0.1111	0.00025699	3.2504e-05
714	0.88433	0.11539	0.00025479	3.3646e-05
715	0.884	0.11571	0.00025371	3.3645e-05
716	0.88662	0.1131	0.00025351	3.2788e-05
717	0.88081	0.11891	0.00025091	3.4344e-05
718	0.87819	0.12153	0.00024926	3.4965e-05
719	0.87935	0.12037	0.00024867	3.4515e-05
720	0.88461	0.11511	0.00024922	3.2914e-05
721	0.89348	0.10624	0.0002508	3.0295e-05
722	0.90665	0.093071	0.0002536	2.6469e-05
723	0.92515	0.074572	0.00025792	2.1149e-05
724	0.93228	0.067439	0.00025898	1.9073e-05
725	0.94295	0.056774	0.00026103	1.6012e-05
726	0.95796	0.041767	0.00026431	1.1744e-05
727	0.96323	0.036493	0.00026487	1.0216e-05
728	0.97207	0.027652	0.00026639	7.7154e-06
729	0.9845	0.015223	0.00026891	4.2251e-06
730	0.98433	0.015397	0.0002679	4.2503e-06
731	0.98125	0.01848	0.00026608	5.0725e-06
732	0.97986	0.019874	0.00026475	5.426e-06
733	0.98004	0.019688	0.00026387	5.3455e-06
734	0.98224	0.017491	0.00026351	4.7273e-06
735	0.98624	0.013497	0.00026365	3.6244e-06
736	0.98726	0.012475	0.00026297	3.3316e-06
737	0.99012	0.0096122	0.00026276	2.5544e-06
738	0.99523	0.0045089	0.00026311	1.1938e-06
739	0.99109	0.0086494	0.00026105	2.275e-06
740	0.98886	0.01088	0.00025947	2.851e-06
741	0.98831	0.011432	0.00025832	2.9868e-06
742	0.98521	0.01453	0.00025649	3.7895e-06
743	0.98371	0.016033	0.0002551	4.1668e-06
744	0.97808	0.021667	0.00025267	5.6035e-06
745	0.96478	0.034961	0.00024826	9.0103e-06
746	0.95636	0.043387	0.00024509	1.1149e-05
747	0.95088	0.048867	0.00024273	1.2507e-05
748	0.94856	0.051183	0.00024116	1.3054e-05
749	0.94848	0.051263	0.00024019	1.3022e-05
750	0.95128	0.048471	0.00023992	1.2271e-05
751	0.95652	0.043233	0.00024029	1.0903e-05
752	0.96543	0.034323	0.00024154	8.6332e-06
753	0.97801	0.021738	0.00024372	5.4531e-06
754	0.9953	0.0044471	0.00024708	1.1085e-06
755	0.99447	0.0052876	0.00024588	1.3115e-06
756	0.99465	0.0051018	0.00024495	1.2578e-06
757	0.9933	0.006458	0.00024363	1.5845e-06
758	0.99306	0.0066991	0.0002426	1.6337e-06
759	0.99416	0.0055966	0.00024188	1.3578e-06
760	0.99676	0.0029967	0.0002415	7.2381e-07
761	0.9977	0.0020592	0.00024071	4.9661e-07
762	0.99962	0.00014452	0.00024016	3.4863e-08
763	0.99873	0.0010271	0.00023896	2.4601e-07
764	0.99866	0.0010977	0.00023794	2.6262e-07
765	0.99931	0.00045293	0.00023711	1.0828e-07
766	0.99884	0.00092341	0.00023602	2.1915e-07
767	0.99471	0.0050547	0.00023406	1.1961e-06
768	0.99211	0.0076572	0.00023248	1.8019e-06
769	0.9911	0.0086636	0.00023126	2.032e-06
770	0.99129	0.0084819	0.00023035	1.9809e-06
771	0.99291	0.0068556	0.00022975	1.5975e-06
772	0.99283	0.0069371	0.00022873	1.6139e-06
773	0.99387	0.0059032	0.00022799	1.3713e-06
774	0.99611	0.0036622	0.00022755	8.5156e-07
775	0.99459	0.0051787	0.00022622	1.2009e-06
776	0.99415	0.0056236	0.00022515	1.3006e-06
777	0.99474	0.0050304	0.00022434	1.1619e-06
778	0.9938	0.0059737	0.00022319	1.3728e-06
779	0.99071	0.0090632	0.00022155	2.0728e-06
780	0.98906	0.010722	0.00022024	2.4416e-06
781	0.98424	0.01554	0.00021821	3.5245e-06
782	0.9813	0.018481	0.00021663	4.1738e-06
783	0.98042	0.019362	0.00021549	4.3624e-06
784	0.96187	0.037907	0.00021044	8.4869e-06
785	0.94973	0.050048	0.00020681	1.1166e-05
786	0.94134	0.058444	0.00020406	1.2983e-05
787	0.93603	0.063754	0.00020203	1.4101e-05
788	0.93398	0.065809	0.0002007	1.4505e-05
789	0.93432	0.065462	0.00019991	1.4379e-05
790	0.90959	0.090192	0.00019364	1.9714e-05
791	0.89148	0.10831	0.00018889	2.3553e-05
792	0.87861	0.12118	0.00018532	2.622e-05
793	0.87	0.12979	0.0001827	2.7944e-05
794	0.86501	0.13478	0.00018089	2.8881e-05
795	0.86329	0.1365	0.0001798	2.9111e-05
796	0.85218	0.14761	0.00017672	3.1315e-05
797	0.82112	0.17867	0.00016953	3.7636e-05
798	0.74365	0.25614	0.00015287	5.3445e-05
799	0.55192	0.44787	0.00011306	9.2412e-05
800	0.41757	0.58222	8.5159e-05	0.00011947
801	0.32504	0.67475	6.5918e-05	0.00013785
802	0.25477	0.74503	5.1421e-05	0.00015149
803	0.20568	0.79412	4.1276e-05	0.00016078
804	0.16848	0.83132	3.3643e-05	0.00016756
805	0.14036	0.85944	2.7912e-05	0.00017245
806	0.12101	0.87879	2.3947e-05	0.00017556
807	0.10821	0.89159	2.1302e-05	0.00017734
808	0.1002	0.8996	1.9612e-05	0.00017816
809	0.095848	0.90395	1.8649e-05	0.00017825
810	0.093684	0.90612	1.813e-05	0.0001779
811	0.082011	0.91779	1.575e-05	0.00017941
812	0.074412	0.92539	1.4177e-05	0.0001801
813	0.069228	0.93058	1.3093e-05	0.00018031
814	0.066053	0.93375	1.241e-05	0.00018012
815	0.064605	0.9352	1.2067e-05	0.0001796
816	0.064775	0.93503	1.2038e-05	0.00017877
817	0.066608	0.9332	1.2325e-05	0.00017764
818	0.070895	0.92892	1.3059e-05	0.00017605
819	0.077389	0.92242	1.4202e-05	0.00017405
820	0.087783	0.91203	1.6044e-05	0.00017135
821	0.10185	0.89797	1.8554e-05	0.00016799
822	0.12075	0.87907	2.1939e-05	0.00016376
823	0.14596	0.85386	2.6467e-05	0.00015839
824	0.18225	0.81757	3.2952e-05	0.00015106
825	0.23031	0.76951	4.1548e-05	0.00014163
826	0.24986	0.74996	4.4879e-05	0.00013745
827	0.27882	0.721	4.9848e-05	0.00013162
828	0.31764	0.68218	5.6557e-05	0.00012407
829	0.36911	0.63071	6.5495e-05	0.00011429
830	0.43746	0.56237	7.7405e-05	0.00010155
831	0.52802	0.4718	9.3227e-05	8.4904e-05
832	0.51619	0.48363	9.0723e-05	8.6594e-05
833	0.51073	0.4891	8.9342e-05	8.7151e-05
834	0.50949	0.49033	8.8729e-05	8.695e-05
835	0.51354	0.48629	8.9027e-05	8.5828e-05
836	0.52199	0.47784	9.0102e-05	8.3937e-05
837	0.53714	0.46269	9.231e-05	8.0904e-05
838	0.56092	0.43891	9.5962e-05	7.6418e-05
839	0.59701	0.40282	0.00010165	6.9882e-05
840	0.64529	0.35454	0.0001094	6.13e-05
841	0.70944	0.29039	0.00011982	5.0059e-05
842	0.73432	0.26551	0.00012349	4.5574e-05
843	0.74159	0.25824	0.00012411	4.4126e-05
844	0.75522	0.24461	0.00012577	4.1628e-05
845	0.77713	0.22271	0.00012876	3.7787e-05
846	0.80707	0.19277	0.00013308	3.2633e-05
847	0.80259	0.19724	0.00013166	3.3222e-05
848	0.80264	0.1972	0.00013099	3.3063e-05
849	0.80626	0.19358	0.00013091	3.2308e-05
850	0.81374	0.18609	0.00013148	3.0922e-05
851	0.82567	0.17417	0.00013278	2.8813e-05
852	0.84299	0.15685	0.00013496	2.5837e-05
853	0.86958	0.13026	0.0001386	2.1396e-05
854	0.90539	0.094449	0.00014371	1.549e-05
855	0.91929	0.080551	0.00014525	1.3163e-05
856	0.91299	0.086849	0.00014355	1.4089e-05
857	0.91055	0.089294	0.00014245	1.44e-05
858	0.91083	0.089015	0.0001418	1.4274e-05
859	0.9147	0.085149	0.0001417	1.3588e-05
860	0.92166	0.078181	0.00014209	1.2418e-05
861	0.93228	0.067565	0.00014306	1.0681e-05
862	0.94899	0.050854	0.00014494	8.0183e-06
863	0.97174	0.028111	0.00014776	4.4334e-06
864	0.97317	0.026681	0.00014723	4.1892e-06
865	0.97649	0.023359	0.00014699	3.6549e-06
866	0.98194	0.017914	0.00014709	2.7983e-06
867	0.98992	0.0099339	0.00014758	1.5592e-06
868	0.98919	0.010658	0.00014675	1.6596e-06
869	0.98998	0.0098746	0.00014612	1.534e-06
870	0.99243	0.0074227	0.00014574	1.1622e-06
871	0.98907	0.010786	0.00014448	1.6728e-06
872	0.98034	0.019519	0.00014242	2.9918e-06
873	0.97435	0.025505	0.0001408	3.8823e-06
874	0.95781	0.042049	0.00013762	6.3377e-06
875	0.94691	0.052946	0.00013529	7.9388e-06
876	0.93948	0.060375	0.0001335	9.0077e-06
877	0.93496	0.0649	0.00013216	9.638e-06
878	0.933	0.066864	0.00013121	9.8884e-06
879	0.92384	0.076015	0.00012921	1.1182e-05
880	0.90067	0.099191	0.0001252	1.4484e-05
881	0.88379	0.11607	0.00012216	1.6839e-05
882	0.87193	0.12793	0.00011986	1.8451e-05
883	0.83995	0.15992	0.00011476	2.2877e-05
884	0.81636	0.18351	0.0001109	2.607e-05
885	0.79947	0.20039	0.00010802	2.8291e-05
886	0.78788	0.21198	0.00010591	2.9752e-05
887	0.78073	0.21914	0.00010444	3.0587e-05
888	0.77745	0.22242	0.00010351	3.0881e-05
889	0.77786	0.22201	0.0001031	3.0667e-05
890	0.78193	0.21793	0.0001032	2.9956e-05
891	0.78998	0.20989	0.00010384	2.8709e-05
892	0.80405	0.19582	0.00010526	2.6668e-05
893	0.82401	0.17585	0.00010747	2.3845e-05
894	0.82939	0.17048	0.00010772	2.2993e-05
895	0.82566	0.17421	0.00010675	2.3355e-05
896	0.82538	0.17449	0.00010624	2.3256e-05
897	0.82943	0.17044	0.00010628	2.2597e-05
898	0.83833	0.16154	0.00010694	2.1316e-05
899	0.85178	0.1481	0.00010819	1.9449e-05
900	0.87088	0.12899	0.00011018	1.6854e-05
901	0.89715	0.10272	0.00011309	1.3342e-05
902	0.93552	0.064354	0.00011751	8.3101e-06
903	0.99182	0.0080586	0.00012415	1.0465e-06
904	0.99012	0.0097542	0.00012334	1.2529e-06
905	0.9897	0.010175	0.00012269	1.2963e-06
906	0.99077	0.0091066	0.00012222	1.1548e-06
907	0.9897	0.010178	0.00012149	1.2803e-06
908	0.99012	0.0097597	0.00012093	1.2221e-06
909	0.99181	0.0080668	0.00012054	1.0068e-06
910	0.99143	0.0084454	0.0001199	1.0469e-06
911	0.99223	0.0076511	0.00011941	9.4293e-07
912	0.99426	0.0056236	0.00011908	6.8939e-07
913	0.99135	0.0085357	0.00011817	1.0321e-06
914	0.98984	0.010046	0.00011743	1.2033e-06
915	0.98983	0.010047	0.00011686	1.1954e-06
916	0.99134	0.0085378	0.00011646	1.0106e-06
917	0.99426	0.0056273	0.00011623	6.6134e-07
918	0.99927	0.00061635	0.00011624	7.1673e-08
919	0.99903	0.00085117	0.00011563	9.7498e-08
920	0.99947	0.00041185	0.00011511	4.5108e-08
921	0.99978	0.00010921	0.00011456	8.5137e-09
922	0.99671	0.0031713	0.00011624	3.6438e-07
923	0.99509	0.0047887	0.00011806	5.6273e-07
924	0.99475	0.0051322	0.00012	6.1506e-07
925	0.99265	0.007231	0.00012172	8.8507e-07
926	0.99177	0.0081033	0.0001236	1.0091e-06
927	0.99232	0.0075562	0.00012564	9.5803e-07
928	0.99117	0.0086991	0.00012745	1.1237e-06
929	0.99122	0.0086462	0.00012943	1.1362e-06
930	0.99247	0.0073934	0.00013159	9.8763e-07
931	0.99198	0.0078872	0.00013351	1.0713e-06
932	0.99263	0.0072342	0.0001356	9.9851e-07
933	0.99449	0.0053717	0.00013788	7.5336e-07
934	0.99462	0.0052353	0.00013995	7.4404e-07
935	0.9958	0.0040554	0.00014219	5.8334e-07
936	0.9984	0.0014577	0.00014463	2.1266e-07
937	0.99614	0.0037181	0.00014634	5.4921e-07
938	0.99498	0.0048686	0.00014823	7.2805e-07
