#coord	neutral	conserved	gBGC.neutral	gBGC.conserved
1	0.75625	0.23221	0.0088281	0.0027128
2	0.76208	0.22638	0.008897	0.0026449
3	0.7722	0.21625	0.0090164	0.0025265
4	0.78894	0.19951	0.0092129	0.002331
5	0.81443	0.17402	0.0095115	0.0020334
6	0.85257	0.13589	0.0099575	0.0015885
7	0.90339	0.085059	0.010552	0.00099464
8	0.9257	0.062754	0.010814	0.00073428
9	0.95588	0.032571	0.011167	0.00038152
10	0.96761	0.02084	0.011306	0.0002443
11	0.97196	0.016486	0.011358	0.0001933
12	0.97857	0.0098784	0.011437	0.00011584
13	0.98123	0.0072171	0.011469	8.4672e-05
14	0.98547	0.0029715	0.01152	3.4892e-05
15	0.98722	0.0012243	0.011542	1.4385e-05
16	0.9867	0.0017414	0.011537	2.0425e-05
17	0.98695	0.0014903	0.011541	1.7465e-05
18	0.98658	0.0018559	0.011538	2.1739e-05
19	0.98699	0.0014443	0.011545	1.6908e-05
20	0.98836	7.3222e-05	0.011562	8.5797e-07
21	0.98841	2.7458e-05	0.011564	3.2149e-07
22	0.98813	0.00030283	0.011562	3.5503e-06
23	0.98773	0.00070192	0.011559	8.2286e-06
24	0.98798	0.00045186	0.011563	5.2993e-06
25	0.98808	0.00034971	0.011566	4.1e-06
26	0.9881	0.00032937	0.011568	3.8567e-06
27	0.98711	0.001313	0.011558	1.5376e-05
28	0.987	0.0014216	0.011558	1.666e-05
29	0.98764	0.00078244	0.011568	9.1734e-06
30	0.98792	0.00049954	0.011572	5.869e-06
31	0.98702	0.0014041	0.011563	1.6499e-05
32	0.98492	0.0035014	0.011541	4.1127e-05
33	0.98378	0.0046339	0.011529	5.442e-05
34	0.98355	0.0048607	0.011528	5.7073e-05
35	0.98435	0.0040616	0.011539	4.7712e-05
36	0.98379	0.0046193	0.011535	5.4254e-05
37	0.98424	0.0041711	0.011542	4.9016e-05
38	0.98558	0.0028278	0.011559	3.3249e-05
39	0.98573	0.0026761	0.011563	3.146e-05
40	0.98667	0.0017288	0.011576	2.0313e-05
41	0.98679	0.0016153	0.011579	1.8977e-05
42	0.98618	0.0022207	0.011574	2.6097e-05
43	0.98632	0.002078	0.011578	2.442e-05
44	0.98567	0.0027233	0.011572	3.2016e-05
45	0.98589	0.0025084	0.011577	2.9493e-05
46	0.98698	0.0014164	0.011592	1.6646e-05
47	0.98739	0.0010043	0.011598	1.1801e-05
48	0.98743	0.00095383	0.011601	1.1216e-05
49	0.98819	0.00019614	0.011612	2.3078e-06
50	0.9882	0.00018512	0.011614	2.1755e-06
51	0.98831	7.47e-05	0.011618	8.7861e-07
52	0.98823	0.00015082	0.011619	1.7722e-06
53	0.98742	0.00095329	0.011612	1.1187e-05
54	0.98589	0.0024858	0.011596	2.9185e-05
55	0.98544	0.0029334	0.011593	3.4452e-05
56	0.98601	0.0023588	0.011601	2.7713e-05
57	0.98569	0.0026828	0.0116	3.1519e-05
58	0.98436	0.0040079	0.011586	4.7109e-05
59	0.97227	0.016092	0.011446	0.00018912
60	0.96449	0.023868	0.011357	0.00028063
61	0.95931	0.029054	0.011298	0.00034161
62	0.9563	0.032056	0.011265	0.00037685
63	0.95565	0.032704	0.01126	0.00038446
64	0.95059	0.037768	0.011203	0.00044408
65	0.94839	0.039959	0.011179	0.00046996
66	0.94821	0.040144	0.011179	0.00047215
67	0.94316	0.045191	0.011122	0.00053165
68	0.94047	0.047872	0.011092	0.00056322
69	0.94056	0.047778	0.011096	0.00056217
70	0.93551	0.052833	0.011038	0.00062185
71	0.9336	0.054741	0.011018	0.00064452
72	0.93457	0.053769	0.011031	0.00063328
73	0.93786	0.050475	0.011072	0.00059459
74	0.9444	0.043929	0.011151	0.00051761
75	0.95409	0.034238	0.011268	0.0004034
76	0.95701	0.031321	0.011304	0.00036911
77	0.96269	0.025637	0.011373	0.00030223
78	0.97107	0.01725	0.011474	0.00020333
79	0.97436	0.013961	0.011515	0.00016461
80	0.97455	0.013763	0.01152	0.0001623
81	0.97616	0.01216	0.011541	0.00014335
82	0.9693	0.01901	0.011463	0.00022422
83	0.96525	0.023062	0.011417	0.00027212
84	0.9631	0.025207	0.011394	0.00029744
85	0.96305	0.025258	0.011396	0.00029808
86	0.95922	0.029086	0.011353	0.00034339
87	0.95786	0.030437	0.011339	0.00035948
88	0.95833	0.029973	0.011347	0.00035403
89	0.96106	0.027234	0.011381	0.00032173
90	0.96654	0.021754	0.011448	0.00025705
91	0.97552	0.012768	0.011557	0.00015097
92	0.97888	0.0094146	0.011598	0.00011135
93	0.9798	0.0084891	0.011612	0.00010047
94	0.97868	0.0096072	0.011601	0.00011376
95	0.97879	0.0094918	0.011604	0.0001124
96	0.98044	0.0078427	0.011626	9.2887e-05
97	0.98008	0.0082004	0.011624	9.7121e-05
98	0.98114	0.0071371	0.011639	8.4534e-05
99	0.98377	0.0045045	0.011673	5.3361e-05
100	0.98196	0.0063105	0.011654	7.4772e-05
101	0.9815	0.0067719	0.011651	8.0263e-05
102	0.98232	0.0059475	0.011663	7.052e-05
103	0.98148	0.006781	0.011655	8.0465e-05
104	0.98197	0.0062874	0.011663	7.4679e-05
105	0.98359	0.0046696	0.011685	5.5511e-05
106	0.98367	0.0045884	0.011688	5.4568e-05
107	0.98223	0.0060271	0.011673	7.1725e-05
108	0.98189	0.0063604	0.011672	7.5714e-05
109	0.98286	0.0053889	0.011686	6.4206e-05
110	0.98498	0.0032665	0.011714	3.8974e-05
111	0.9856	0.0026498	0.011723	3.1644e-05
112	0.98528	0.0029587	0.011722	3.5335e-05
113	0.98584	0.0023995	0.011732	2.8671e-05
114	0.98732	0.00092156	0.011752	1.1034e-05
115	0.95806	0.030177	0.011405	0.00036015
116	0.93802	0.050214	0.011169	0.0005996
117	0.92464	0.063584	0.011011	0.00075967
118	0.9153	0.072925	0.010902	0.00087152
119	0.91006	0.078168	0.010842	0.00093457
120	0.90824	0.079983	0.010822	0.00095677
121	0.909	0.079213	0.010834	0.00094802
122	0.91242	0.075799	0.010877	0.00090761
123	0.91874	0.069471	0.010955	0.0008323
124	0.91815	0.07006	0.010951	0.00083955
125	0.92002	0.068184	0.010976	0.00081725
126	0.92451	0.063696	0.011033	0.00076359
127	0.92266	0.065543	0.011014	0.00078582
128	0.92377	0.064427	0.01103	0.00077267
129	0.92813	0.060066	0.011085	0.00072077
130	0.9269	0.061288	0.011072	0.00073576
131	0.92799	0.060201	0.011088	0.00072303
132	0.9315	0.056689	0.011133	0.00068118
133	0.92909	0.059097	0.011107	0.00071021
134	0.92966	0.058522	0.011117	0.00070356
135	0.93256	0.05562	0.011154	0.00066893
136	0.93804	0.050131	0.011223	0.00060317
137	0.94737	0.040801	0.011338	0.00049137
138	0.96054	0.027632	0.011499	0.00033328
139	0.9592	0.028969	0.011487	0.00034941
140	0.95962	0.028543	0.011495	0.00034432
141	0.96183	0.026324	0.011525	0.00031761
142	0.96601	0.022141	0.011579	0.00026722
143	0.96622	0.021933	0.011585	0.00026462
144	0.96807	0.02008	0.011611	0.0002422
145	0.97213	0.016018	0.011663	0.00019321
146	0.973	0.015137	0.011677	0.00018257
147	0.9754	0.012741	0.01171	0.00015365
148	0.97989	0.0082408	0.011767	9.942e-05
149	0.98133	0.0068024	0.011788	8.2044e-05
150	0.98114	0.0069871	0.011789	8.425e-05
151	0.98231	0.0058161	0.011807	7.0164e-05
152	0.98469	0.003426	0.011839	4.1358e-05
153	0.98559	0.0025215	0.011854	3.0477e-05
154	0.98312	0.0049968	0.011827	6.0322e-05
155	0.98203	0.0060794	0.011818	7.3426e-05
156	0.97852	0.0095834	0.011779	0.00011573
157	0.97652	0.011581	0.011759	0.00013985
158	0.97613	0.011964	0.011758	0.00014454
159	0.97257	0.015526	0.011718	0.00018759
160	0.97106	0.017029	0.011704	0.00020584
161	0.97105	0.017037	0.011707	0.00020601
162	0.96768	0.020405	0.01167	0.00024672
163	0.95806	0.030022	0.011558	0.00036282
164	0.95223	0.035845	0.011491	0.00043326
165	0.94939	0.038686	0.011461	0.0004678
166	0.94036	0.047705	0.011355	0.00057718
167	0.93439	0.053674	0.011286	0.00064961
168	0.93161	0.056449	0.011256	0.00068352
169	0.93112	0.056932	0.011254	0.00068964
170	0.93358	0.054472	0.011287	0.00066021
171	0.91788	0.070173	0.0111	0.00085104
172	0.90672	0.081321	0.010968	0.0009866
173	0.90032	0.087718	0.010894	0.0010647
174	0.89778	0.090258	0.010866	0.0010962
175	0.89792	0.090117	0.010871	0.001095
176	0.89084	0.097192	0.010788	0.0011816
177	0.88692	0.10111	0.010744	0.0012298
178	0.88586	0.10216	0.010735	0.0012432
179	0.88758	0.10044	0.010759	0.0012227
180	0.89225	0.095759	0.01082	0.0011662
181	0.90137	0.086638	0.010934	0.0010557
182	0.9162	0.071802	0.011118	0.00087594
183	0.93662	0.051382	0.01137	0.00062794
184	0.94484	0.043154	0.011474	0.00052821
185	0.94644	0.041554	0.011497	0.00050904
186	0.94291	0.045081	0.011458	0.0005524
187	0.93213	0.055854	0.01133	0.00068448
188	0.92486	0.063127	0.011244	0.00077375
189	0.92114	0.066836	0.011203	0.00081962
190	0.91995	0.068022	0.011192	0.00083459
191	0.92177	0.066202	0.011218	0.00081294
192	0.92616	0.061802	0.011275	0.00075968
193	0.87899	0.10897	0.010701	0.0013382
194	0.84649	0.14147	0.010305	0.0017378
195	0.8245	0.16346	0.010039	0.0020087
196	0.77308	0.21487	0.0094095	0.0026421
197	0.73472	0.25322	0.0089411	0.0031147
198	0.70642	0.28152	0.0085964	0.0034637
199	0.68597	0.30197	0.008348	0.0037164
200	0.67321	0.31472	0.0081938	0.0038749
201	0.66527	0.32265	0.0080989	0.0039742
202	0.63795	0.34997	0.0077661	0.0043114
203	0.6182	0.36971	0.0075263	0.0045557
204	0.60461	0.3833	0.0073621	0.0047243
205	0.59604	0.39187	0.0072597	0.0048313
206	0.5919	0.396	0.0072116	0.0048839
207	0.59321	0.39469	0.0072302	0.0048699
208	0.58033	0.40757	0.0070748	0.0050299
209	0.57237	0.41552	0.0069799	0.0051295
210	0.54265	0.44523	0.0066183	0.0054958
211	0.52112	0.46676	0.0063571	0.0057618
212	0.50608	0.48179	0.0061755	0.0059481
213	0.49636	0.49151	0.0060593	0.0060692
214	0.46469	0.52318	0.0056742	0.0064592
215	0.39033	0.59753	0.0047652	0.007373
216	0.33428	0.65357	0.0040808	0.0080624
217	0.29217	0.69569	0.0035669	0.0085812
218	0.26371	0.72413	0.0032197	0.0089334
219	0.24265	0.74519	0.0029631	0.009195
220	0.22739	0.76045	0.0027775	0.0093856
221	0.18307	0.80477	0.0022362	0.0099319
222	0.15277	0.83505	0.0018659	0.010307
223	0.13006	0.85776	0.0015885	0.01059
224	0.11488	0.87293	0.001403	0.01078
225	0.10383	0.88398	0.0012682	0.01092
226	0.096034	0.89177	0.0011733	0.01102
227	0.091638	0.89616	0.0011199	0.011079
228	0.090221	0.89758	0.001103	0.011101
229	0.091586	0.8962	0.0011202	0.011089
230	0.095009	0.89278	0.0011628	0.011051
231	0.1008	0.88699	0.0012347	0.010985
232	0.11038	0.8774	0.0013532	0.010871
233	0.12361	0.86416	0.001517	0.010713
234	0.1416	0.84616	0.0017398	0.010495
235	0.14538	0.84238	0.0017874	0.010453
236	0.15327	0.83449	0.0018856	0.01036
237	0.16477	0.82298	0.0020288	0.010222
238	0.14749	0.84026	0.0018159	0.01044
239	0.13486	0.85288	0.0016605	0.010601
240	0.12698	0.86075	0.0015636	0.010703
241	0.12302	0.8647	0.001515	0.010757
242	0.12148	0.86624	0.0014965	0.010781
243	0.12229	0.86543	0.0015071	0.010776
244	0.1255	0.86221	0.0015476	0.010741
245	0.13227	0.85543	0.0016321	0.010662
246	0.14228	0.84543	0.001757	0.010542
247	0.15773	0.82997	0.0019493	0.010355
248	0.17862	0.80907	0.0022097	0.0101
249	0.20668	0.781	0.0025596	0.0097561
250	0.24721	0.74046	0.0030646	0.0092566
251	0.30076	0.68692	0.0037324	0.0085943
252	0.37169	0.61598	0.0046183	0.007714
253	0.40179	0.58588	0.0049954	0.0073425
254	0.44214	0.54552	0.0055012	0.0068423
255	0.4958	0.49185	0.0061743	0.0061749
256	0.51516	0.47249	0.0064194	0.0059355
257	0.54196	0.44568	0.0067583	0.0056023
258	0.57825	0.40938	0.0072169	0.0051496
259	0.62699	0.36064	0.0078329	0.0045395
260	0.69201	0.29561	0.0086548	0.0037234
261	0.78691	0.20071	0.0098526	0.0025315
262	0.82503	0.16258	0.010338	0.0020524
263	0.8398	0.1478	0.010529	0.0018669
264	0.86281	0.12479	0.010824	0.0015776
265	0.89396	0.093635	0.011223	0.001185
266	0.90698	0.080607	0.011393	0.0010211
267	0.92521	0.062367	0.011629	0.00079109
268	0.93127	0.056304	0.011711	0.00071468
269	0.93103	0.056537	0.011715	0.00071778
270	0.93308	0.054484	0.011747	0.00069191
271	0.93754	0.050018	0.011809	0.00063538
272	0.94479	0.042758	0.011908	0.00054328
273	0.95657	0.030974	0.012064	0.00039375
274	0.96063	0.026904	0.012122	0.00034204
275	0.96768	0.019846	0.012218	0.00025241
276	0.97862	0.0089027	0.012363	0.00011341
277	0.98304	0.0044775	0.012426	5.7128e-05
278	0.98235	0.0051648	0.012423	6.5821e-05
279	0.98267	0.0048366	0.012434	6.1622e-05
280	0.98169	0.0058032	0.012428	7.3903e-05
281	0.98177	0.0057203	0.012436	7.2855e-05
282	0.98015	0.0073338	0.012422	9.3337e-05
283	0.9797	0.0077807	0.012423	9.9002e-05
284	0.97728	0.010195	0.012399	0.0001297
285	0.97623	0.011237	0.012392	0.00014296
286	0.97213	0.015324	0.012347	0.00019498
287	0.97013	0.017325	0.012328	0.00022055
288	0.96995	0.017493	0.012332	0.00022289
289	0.97159	0.015851	0.012359	0.00020222
290	0.97487	0.012565	0.012408	0.00016054
291	0.98002	0.0074037	0.01248	9.486e-05
292	0.97304	0.014383	0.012397	0.00018425
293	0.96879	0.018619	0.01235	0.00023868
294	0.96638	0.021027	0.012325	0.00026973
295	0.95859	0.028808	0.012232	0.0003696
296	0.95342	0.033971	0.012173	0.00043595
297	0.9505	0.036879	0.012142	0.00047343
298	0.95014	0.037241	0.012144	0.00047838
299	0.95172	0.035646	0.012171	0.00045821
300	0.95537	0.031998	0.012225	0.00041162
301	0.94525	0.042107	0.012102	0.00054143
302	0.93907	0.048282	0.01203	0.00062101
303	0.93545	0.051892	0.01199	0.00066764
304	0.93477	0.052564	0.011988	0.00067668
305	0.93628	0.051052	0.012015	0.00065757
306	0.94082	0.046501	0.01208	0.00059943
307	0.93969	0.047625	0.012072	0.00061421
308	0.94069	0.046618	0.012092	0.00060149
309	0.94443	0.042866	0.012147	0.00055344
310	0.95073	0.03656	0.012236	0.00047232
311	0.96003	0.027254	0.012363	0.00035224
312	0.97443	0.012846	0.012557	0.00016622
313	0.97513	0.012136	0.012573	0.00015707
314	0.97753	0.0097374	0.012611	0.00012611
315	0.98151	0.0057427	0.01267	7.4429e-05
316	0.98284	0.0044116	0.012695	5.7177e-05
317	0.98279	0.0044521	0.012702	5.7705e-05
318	0.98125	0.0059863	0.01269	7.7545e-05
319	0.9773	0.009927	0.012646	0.00012859
320	0.97494	0.012277	0.012623	0.00015904
321	0.97433	0.012884	0.012623	0.000167
322	0.97504	0.012164	0.01264	0.00015771
323	0.9734	0.013794	0.012626	0.00017893
324	0.97317	0.014018	0.012631	0.00018188
325	0.9746	0.012575	0.012657	0.00016323
326	0.97789	0.009283	0.012707	0.00012056
327	0.98354	0.0036205	0.012788	4.7089e-05
328	0.9807	0.006456	0.012759	8.4025e-05
329	0.97916	0.00799	0.012746	0.00010402
330	0.97881	0.0083271	0.01275	0.00010843
331	0.97985	0.0072826	0.012771	9.4851e-05
332	0.9824	0.0047233	0.012812	6.1536e-05
333	0.98687	0.00024538	0.012878	3.199e-06
334	0.98616	0.00095234	0.012876	1.242e-05
335	0.98622	0.00088728	0.012885	1.1578e-05
336	0.98707	2.3925e-05	0.012904	3.1273e-07
337	0.98691	0.00017425	0.012909	2.2791e-06
338	0.98295	0.0041277	0.012865	5.406e-05
339	0.98075	0.0063261	0.012844	8.2939e-05
340	0.97975	0.0073153	0.012839	9.5964e-05
341	0.98012	0.0069401	0.012851	9.1133e-05
342	0.98164	0.0054118	0.012879	7.113e-05
343	0.97834	0.0087032	0.012843	0.00011448
344	0.97649	0.010549	0.012827	0.00013884
345	0.97619	0.010841	0.012831	0.00014281
346	0.97315	0.013873	0.012798	0.00018294
347	0.97167	0.015345	0.012786	0.0002025
348	0.97163	0.015374	0.012794	0.00020301
349	0.97303	0.01396	0.01282	0.00018446
350	0.97642	0.010571	0.012873	0.00013986
351	0.98168	0.0053036	0.01295	7.0321e-05
352	0.97642	0.010549	0.012889	0.00013977
353	0.97304	0.013921	0.012852	0.00018445
354	0.97163	0.015322	0.012842	0.00020315
355	0.97166	0.015283	0.01285	0.00020276
356	0.97312	0.013818	0.012878	0.00018344
357	0.97611	0.010817	0.012926	0.00014366
358	0.98133	0.0055927	0.013003	7.4378e-05
359	0.98326	0.0036575	0.013037	4.8678e-05
360	0.98367	0.003233	0.013051	4.3027e-05
361	0.98307	0.0038235	0.013051	5.0893e-05
362	0.9834	0.0034883	0.013064	4.644e-05
363	0.98253	0.0043464	0.013061	5.784e-05
364	0.98282	0.0040498	0.013074	5.3911e-05
365	0.97738	0.0094834	0.01301	0.00012617
366	0.97418	0.012676	0.012976	0.00016874
367	0.97287	0.013973	0.012967	0.00018616
368	0.97296	0.013877	0.012976	0.00018498
369	0.9748	0.012034	0.013009	0.00016052
370	0.97864	0.0081855	0.013069	0.00010931
371	0.97969	0.0071224	0.013091	9.518e-05
372	0.97899	0.0078111	0.01309	0.00010449
373	0.97943	0.0073662	0.013105	9.8602e-05
374	0.98127	0.0055171	0.013138	7.3937e-05
375	0.98444	0.0023355	0.013189	3.1345e-05
376	0.98576	0.0010075	0.013216	1.3538e-05
377	0.98634	0.00042663	0.013232	5.7375e-06
378	0.98666	9.5247e-05	0.013245	1.2801e-06
379	0.98668	5.9835e-05	0.013254	8.0566e-07
380	0.98584	0.0009003	0.013252	1.2121e-05
381	0.9857	0.0010309	0.013259	1.3886e-05
382	0.98515	0.0015645	0.01326	2.1099e-05
383	0.9838	0.0029068	0.013251	3.9259e-05
384	0.9804	0.0062969	0.013214	8.5089e-05
385	0.97865	0.0080403	0.013199	0.00010877
386	0.97812	0.0085652	0.013201	0.00011597
387	0.97876	0.0079129	0.013219	0.00010724
388	0.98063	0.0060321	0.013253	8.1836e-05
389	0.98386	0.0027924	0.013306	3.7946e-05
390	0.98513	0.0015144	0.013332	2.0608e-05
391	0.98061	0.0060228	0.01328	8.1761e-05
392	0.97772	0.008906	0.013251	0.0001209
393	0.97647	0.010147	0.013243	0.00013785
394	0.97648	0.01013	0.013252	0.00013769
395	0.97799	0.0086097	0.013282	0.00011715
396	0.98088	0.0057113	0.013331	7.7788e-05
397	0.98184	0.0047462	0.013353	6.4726e-05
398	0.98135	0.0052272	0.013356	7.1332e-05
399	0.98186	0.0047015	0.013372	6.4199e-05
400	0.98095	0.0056039	0.01337	7.6523e-05
401	0.98108	0.0054608	0.013381	7.457e-05
402	0.9825	0.0040353	0.01341	5.5122e-05
403	0.9854	0.0011282	0.013459	1.543e-05
404	0.98538	0.0011358	0.013469	1.5535e-05
405	0.98493	0.0015733	0.013472	2.1536e-05
406	0.98378	0.0027124	0.013466	3.7175e-05
407	0.98353	0.0029567	0.013472	4.0552e-05
408	0.98414	0.0023326	0.013491	3.2006e-05
409	0.98401	0.0024612	0.013498	3.3798e-05
410	0.98284	0.0036204	0.013492	4.9727e-05
411	0.98262	0.0038259	0.013499	5.2553e-05
412	0.98118	0.0052617	0.013489	7.231e-05
413	0.981	0.0054267	0.013496	7.464e-05
414	0.98208	0.0043441	0.013521	5.9824e-05
415	0.98427	0.0021426	0.013561	2.9539e-05
416	0.98509	0.0013086	0.013582	1.8049e-05
417	0.98534	0.0010456	0.013596	1.4436e-05
418	0.97761	0.0087721	0.013498	0.00012128
419	0.97271	0.013661	0.01344	0.0001891
420	0.96968	0.016685	0.013408	0.00023112
421	0.96087	0.025485	0.013296	0.00035311
422	0.95484	0.0315	0.013222	0.00043659
423	0.95114	0.035186	0.013181	0.00048786
424	0.94995	0.036368	0.013174	0.00050453
425	0.95112	0.035195	0.0132	0.00048861
426	0.95489	0.031412	0.013262	0.00043646
427	0.96104	0.025248	0.013358	0.00035105
428	0.97085	0.015432	0.013504	0.00021482
429	0.98445	0.0018173	0.013703	2.5325e-05
430	0.98267	0.0035955	0.013689	5.0152e-05
431	0.97826	0.0079955	0.013637	0.00011155
432	0.9755	0.010746	0.013609	0.00014997
433	0.97415	0.012078	0.0136	0.0001686
434	0.97439	0.011832	0.013614	0.00016526
435	0.97623	0.0099788	0.01365	0.00013947
436	0.97084	0.015364	0.013585	0.00021482
437	0.96781	0.018379	0.013553	0.00025717
438	0.96684	0.01934	0.013549	0.00027084
439	0.96741	0.018759	0.013567	0.00026287
440	0.96991	0.016247	0.013612	0.00022785
441	0.97467	0.011484	0.013689	0.00016122
442	0.97232	0.013822	0.013666	0.00019429
443	0.97144	0.014689	0.013664	0.00020667
444	0.97195	0.01417	0.013682	0.0001995
445	0.97427	0.011838	0.013724	0.00016683
446	0.97826	0.0078429	0.013791	0.0001106
447	0.98483	0.0012602	0.013894	1.7845e-05
448	0.98188	0.0042021	0.013863	5.9531e-05
449	0.98038	0.0056883	0.013852	8.0698e-05
450	0.97997	0.0060915	0.013856	8.6526e-05
451	0.97755	0.0085005	0.013833	0.00012078
452	0.97643	0.009607	0.013827	0.00013657
453	0.97654	0.0094823	0.01384	0.00013488
454	0.97788	0.0081303	0.013869	0.00011572
455	0.98056	0.0054484	0.013918	7.7566e-05
456	0.98522	0.00077044	0.013996	1.0982e-05
457	0.97504	0.010944	0.013861	0.00015584
458	0.96778	0.018189	0.013769	0.00025909
459	0.96293	0.023027	0.013711	0.00032814
460	0.95096	0.034988	0.013551	0.0004989
461	0.94332	0.042618	0.013452	0.00060825
462	0.93916	0.046767	0.013403	0.00066813
463	0.78868	0.19724	0.011262	0.0028202
464	0.68341	0.30249	0.0097632	0.0043296
465	0.60404	0.38186	0.0086343	0.0054693
466	0.54979	0.4361	0.0078631	0.0062514
467	0.50926	0.47661	0.0072881	0.0068372
468	0.48225	0.50361	0.0069059	0.0072304
469	0.46499	0.52086	0.0066627	0.0074843
470	0.4533	0.53254	0.0064996	0.0076583
471	0.44757	0.53826	0.0064219	0.007747
472	0.44708	0.53874	0.0064191	0.0077606
473	0.4314	0.5544	0.0061979	0.0079928
474	0.42107	0.56473	0.0060535	0.0081482
475	0.41643	0.56936	0.0059909	0.0082218
476	0.33672	0.64905	0.0048445	0.0093792
477	0.27654	0.70923	0.0039792	0.010256
478	0.23464	0.75112	0.0033763	0.01087
479	0.20304	0.7827	0.0029221	0.011335
480	0.17936	0.80637	0.0025819	0.011686
481	0.16188	0.82384	0.0023313	0.011948
482	0.14924	0.83647	0.0021504	0.01214
483	0.14044	0.84526	0.0020251	0.012277
484	0.13475	0.85094	0.0019446	0.012369
485	0.13273	0.85295	0.0019171	0.012407
486	0.11814	0.86752	0.0017075	0.012628
487	0.10863	0.87702	0.001571	0.012776
488	0.10315	0.88249	0.0014926	0.012866
489	0.10008	0.88555	0.0014492	0.012921
490	0.086984	0.89863	0.0012603	0.013121
491	0.077361	0.90825	0.0011216	0.013271
492	0.070522	0.91507	0.0010233	0.013381
493	0.066584	0.919	0.00096698	0.013449
494	0.065169	0.9204	0.00094722	0.013481
495	0.066081	0.91948	0.00096128	0.013478
496	0.0594	0.92615	0.0008645	0.013586
497	0.055562	0.92998	0.00080903	0.013653
498	0.053358	0.93217	0.00077743	0.013697
499	0.053152	0.93236	0.00077496	0.013711
500	0.054919	0.93058	0.00080128	0.013696
501	0.058294	0.9272	0.00085129	0.013658
502	0.064228	0.92125	0.00093876	0.013582
503	0.072547	0.91292	0.0010615	0.013471
504	0.085037	0.90042	0.0012455	0.013298
505	0.1018	0.88364	0.0014927	0.013063
506	0.12415	0.86128	0.0018228	0.012745
507	0.13078	0.85464	0.001922	0.012657
508	0.12792	0.85749	0.0018813	0.01271
509	0.12824	0.85715	0.0018876	0.012715
510	0.13097	0.85441	0.0019294	0.012685
511	0.1363	0.84907	0.0020101	0.012617
512	0.1447	0.84066	0.0021364	0.012502
513	0.15837	0.82698	0.0023411	0.01231
514	0.17702	0.80832	0.0026203	0.012043
515	0.20207	0.78326	0.0029955	0.011679
516	0.23904	0.74628	0.0035484	0.011139
517	0.23556	0.74974	0.0034999	0.011199
518	0.23631	0.74898	0.003514	0.011197
519	0.2416	0.74368	0.0035958	0.011128
520	0.20896	0.7763	0.0031115	0.011624
521	0.1866	0.79866	0.0027796	0.011968
522	0.17009	0.81515	0.0025351	0.012225
523	0.1582	0.82703	0.0023594	0.012413
524	0.15001	0.83521	0.0022391	0.012545
525	0.14496	0.84024	0.0021657	0.012631
526	0.12753	0.85766	0.0019065	0.012903
527	0.11619	0.86899	0.001738	0.013084
528	0.10824	0.87692	0.0016203	0.013214
529	0.083786	0.90137	0.0012548	0.013592
530	0.065218	0.91992	0.00097735	0.013881
531	0.052352	0.93278	0.00078488	0.014086
532	0.042699	0.94242	0.00064054	0.014243
533	0.036182	0.94892	0.00054302	0.014353
534	0.031411	0.95368	0.00047171	0.014437
535	0.028596	0.95648	0.00042966	0.014492
536	0.02685	0.95822	0.00040374	0.01453
537	0.026042	0.95901	0.00039198	0.014555
538	0.026109	0.95893	0.00039349	0.014566
539	0.027058	0.95797	0.00040839	0.014564
540	0.028982	0.95603	0.00043817	0.014547
541	0.025632	0.95937	0.00038803	0.01461
542	0.023841	0.96115	0.00036136	0.014649
543	0.023285	0.96169	0.00035334	0.01467
544	0.017992	0.96697	0.00027314	0.014763
545	0.013965	0.97099	0.00021215	0.014837
546	0.01089	0.97405	0.00016558	0.014896
547	0.0085259	0.9764	0.0001298	0.014945
548	0.0069733	0.97794	0.00010627	0.014981
549	0.0060155	0.97888	9.1732e-05	0.015009
550	0.0053045	0.97958	8.0964e-05	0.015033
551	0.0047846	0.98009	7.3116e-05	0.015054
552	0.0046036	0.98026	7.0406e-05	0.015069
553	0.004541	0.98031	6.9522e-05	0.015083
554	0.004601	0.98023	7.0531e-05	0.015095
555	0.0047882	0.98003	7.3513e-05	0.015106
556	0.0051173	0.97969	7.8704e-05	0.015114
557	0.0056139	0.97918	8.6513e-05	0.015119
558	0.0063172	0.97846	9.756e-05	0.015121
559	0.0072706	0.9775	0.00011254	0.01512
560	0.0088369	0.97592	0.00013703	0.015109
561	0.011172	0.97357	0.00017348	0.015085
562	0.014574	0.97015	0.00022652	0.015046
563	0.01899	0.96572	0.00029554	0.01499
564	0.025487	0.95921	0.00039702	0.014902
565	0.020188	0.9645	0.00031482	0.014997
566	0.016614	0.96806	0.00025931	0.015066
567	0.013974	0.97069	0.00021836	0.015121
568	0.01235	0.9723	0.00019318	0.015159
569	0.01159	0.97304	0.00018142	0.015184
570	0.011589	0.97303	0.00018147	0.015198
571	0.012344	0.97226	0.00019335	0.015199
572	0.0095486	0.97505	0.00014966	0.015256
573	0.007638	0.97694	0.00011975	0.0153
574	0.0061545	0.97841	9.6553e-05	0.015336
575	0.0051695	0.97938	8.1115e-05	0.015365
576	0.004383	0.98016	6.8807e-05	0.015391
577	0.003927	0.9806	6.1648e-05	0.015412
578	0.0035669	0.98095	5.6013e-05	0.015431
579	0.0032746	0.98123	5.1456e-05	0.015449
580	0.0031832	0.9813	5.0026e-05	0.015464
581	0.0031246	0.98135	4.9127e-05	0.015478
582	0.0030869	0.98137	4.857e-05	0.015493
583	0.0030747	0.98137	4.8426e-05	0.015507
584	0.0032405	0.98119	5.1062e-05	0.015518
585	0.0034381	0.98098	5.4217e-05	0.015528
586	0.0036825	0.98072	5.813e-05	0.015538
587	0.0039922	0.9804	6.3098e-05	0.015547
588	0.0045837	0.97979	7.2505e-05	0.015551
589	0.0053304	0.97903	8.441e-05	0.015553
590	0.0062801	0.97807	9.9582e-05	0.015552
591	0.0075047	0.97683	0.00011919	0.015547
592	0.0090974	0.97522	0.00014472	0.015535
593	0.011478	0.97283	0.00018283	0.015511
594	0.015031	0.96926	0.00023965	0.015468
595	0.019644	0.96463	0.00031358	0.015408
596	0.025666	0.9586	0.0004103	0.015326
597	0.033598	0.95065	0.00053792	0.015212
598	0.044999	0.93924	0.00072132	0.015043
599	0.048334	0.93589	0.0007755	0.015003
600	0.046051	0.93816	0.00073952	0.015053
601	0.045717	0.93848	0.00073472	0.015072
602	0.039079	0.9451	0.00062835	0.015193
603	0.034245	0.94992	0.000551	0.015284
604	0.031441	0.95271	0.00050615	0.015344
605	0.030274	0.95386	0.00048756	0.015376
606	0.030115	0.95401	0.00048526	0.015393
607	0.031343	0.95276	0.00050529	0.015387
608	0.033648	0.95045	0.00054281	0.015364
609	0.037233	0.94685	0.00060114	0.01532
610	0.042379	0.94169	0.00068493	0.015251
611	0.04188	0.94217	0.00067738	0.015272
612	0.042596	0.94144	0.0006896	0.015275
613	0.045099	0.93892	0.00073074	0.015248
614	0.049097	0.93491	0.00079632	0.015197
615	0.054892	0.9291	0.00089136	0.015116
616	0.042952	0.94103	0.00069792	0.015324
617	0.033947	0.95002	0.00055206	0.015485
618	0.027929	0.95602	0.00045449	0.015597
619	0.023479	0.96046	0.00038239	0.015684
620	0.020648	0.96327	0.00033651	0.015744
621	0.019076	0.96483	0.00031106	0.015784
622	0.018238	0.96565	0.00029761	0.015812
623	0.018086	0.96579	0.00029541	0.015829
624	0.018914	0.96495	0.00030921	0.01583
625	0.020829	0.96302	0.00034075	0.015813
626	0.023646	0.96019	0.00038722	0.015782
627	0.027579	0.95624	0.00045216	0.015732
628	0.033669	0.95013	0.00055256	0.015646
629	0.041811	0.94198	0.00068702	0.015526
630	0.053629	0.93014	0.00088209	0.015346
631	0.070629	0.91313	0.0011626	0.015081
632	0.075638	0.9081	0.0012462	0.015012
633	0.083036	0.90069	0.0013696	0.014903
634	0.0821	0.90161	0.0013555	0.014933
635	0.083669	0.90003	0.0013827	0.01492
636	0.087943	0.89574	0.0014546	0.014863
637	0.095655	0.88801	0.0015835	0.01475
638	0.10647	0.87718	0.0017643	0.014584
639	0.12128	0.86235	0.002012	0.014351
640	0.14342	0.8402	0.0023817	0.013997
641	0.17278	0.81083	0.0028727	0.013521
642	0.21177	0.77182	0.0035257	0.012883
643	0.22471	0.75887	0.0037452	0.012679
644	0.24461	0.73895	0.0040815	0.012358
645	0.27456	0.70898	0.0045859	0.011869
646	0.31874	0.66479	0.0053288	0.011141
647	0.37719	0.60633	0.0063125	0.010173
648	0.46235	0.52115	0.0077449	0.0087555
649	0.46839	0.5151	0.0078535	0.0086622
650	0.48047	0.503	0.0080636	0.0084674
651	0.49823	0.48523	0.0083698	0.0081767
652	0.52312	0.46032	0.0087972	0.0077648
653	0.56004	0.42339	0.0094275	0.0071499
654	0.60936	0.37405	0.010269	0.0063237
655	0.62753	0.35586	0.010586	0.006022
656	0.65527	0.3281	0.011066	0.0055581
657	0.69278	0.29058	0.011712	0.0049274
658	0.74818	0.23517	0.012663	0.0039928
659	0.82193	0.1614	0.013927	0.0027436
660	0.91939	0.063927	0.015599	0.0010876
661	0.92003	0.063267	0.015626	0.0010771
662	0.9237	0.059584	0.015703	0.0010153
663	0.93086	0.052409	0.01584	0.00089387
664	0.9414	0.041853	0.016036	0.00071435
665	0.95772	0.025517	0.01633	0.00043591
666	0.9646	0.018615	0.016464	0.00031839
667	0.97442	0.0087838	0.016647	0.00015038
668	0.97464	0.0085445	0.016667	0.00014634
669	0.97269	0.010481	0.01665	0.00017949
670	0.97229	0.010859	0.01666	0.00018606
671	0.97341	0.0097291	0.016695	0.00016681
672	0.97624	0.0068817	0.01676	0.00011809
673	0.97697	0.0061313	0.016789	0.00010533
674	0.97625	0.0068427	0.016792	0.00011772
675	0.97662	0.0064563	0.016815	0.0001112
676	0.97837	0.0046859	0.016861	8.0844e-05
677	0.97852	0.0045219	0.01688	7.8106e-05
678	0.9772	0.0058265	0.016873	0.00010071
679	0.97717	0.0058407	0.016889	0.00010107
680	0.97819	0.004803	0.016923	8.3199e-05
681	0.98063	0.0023506	0.016982	4.0819e-05
682	0.97979	0.0031754	0.016984	5.5193e-05
683	0.97984	0.0031027	0.017001	5.3983e-05
684	0.9808	0.0021268	0.017035	3.7043e-05
685	0.97877	0.0041446	0.017016	7.2152e-05
686	0.97411	0.0087858	0.016952	0.00015306
687	0.97154	0.011339	0.016924	0.00019778
688	0.97038	0.012486	0.01692	0.00021799
689	0.96616	0.016687	0.016863	0.00029168
690	0.96374	0.019089	0.016837	0.00033395
691	0.96294	0.019877	0.01684	0.00034802
692	0.96407	0.018728	0.016876	0.00032823
693	0.96683	0.015954	0.016941	0.00027986
694	0.9719	0.010867	0.017047	0.00019086
695	0.97927	0.0034741	0.017194	6.104e-05
696	0.98267	5.4267e-05	0.017271	9.5395e-07
697	0.98267	4.069e-05	0.017288	7.1772e-07
698	0.98199	0.00070287	0.017293	1.2406e-05
699	0.98075	0.0019282	0.017288	3.4102e-05
700	0.97785	0.0048136	0.017254	8.5198e-05
701	0.97134	0.011305	0.017155	0.00020036
702	0.96747	0.015157	0.017103	0.00026905
703	0.96529	0.017318	0.017082	0.00030778
704	0.96464	0.017951	0.017087	0.0003194
705	0.96547	0.017104	0.017119	0.00030469
706	0.96787	0.014693	0.017179	0.00026209
707	0.97199	0.010554	0.017269	0.00018855
708	0.97815	0.0043721	0.017397	7.8321e-05
709	0.93999	0.042513	0.016734	0.00075894
710	0.9137	0.068789	0.016281	0.0012294
711	0.89439	0.088084	0.015952	0.0015756
712	0.88175	0.10071	0.015742	0.0018033
713	0.87325	0.10918	0.015606	0.001957
714	0.86903	0.11339	0.015546	0.0020346
715	0.86869	0.11371	0.015555	0.0020428
716	0.87125	0.11114	0.015616	0.001999
717	0.86552	0.11685	0.015529	0.0021037
718	0.86293	0.11942	0.015499	0.0021521
719	0.86406	0.11828	0.015535	0.0021338
720	0.86921	0.1131	0.015643	0.002043
721	0.87791	0.10439	0.015816	0.001888
722	0.89083	0.091448	0.016066	0.001656
723	0.90899	0.073269	0.016411	0.0013285
724	0.91598	0.06626	0.016555	0.001203
725	0.92644	0.05578	0.016762	0.001014
726	0.94117	0.041035	0.017047	0.00074695
727	0.94634	0.035853	0.017159	0.00065323
728	0.955	0.027167	0.017334	0.00049563
729	0.9672	0.014955	0.017575	0.00027323
730	0.96701	0.015126	0.01759	0.00027646
731	0.96396	0.018154	0.017553	0.00033191
732	0.96257	0.019524	0.017546	0.00035711
733	0.96274	0.019341	0.017568	0.00035394
734	0.96488	0.017182	0.017626	0.00031468
735	0.96878	0.013258	0.017716	0.00024291
736	0.96977	0.012254	0.017753	0.00022464
737	0.97256	0.0094417	0.017823	0.00017321
738	0.97756	0.0044289	0.017933	8.1339e-05
739	0.97347	0.0084957	0.017877	0.00015604
740	0.97126	0.010686	0.017855	0.00019647
741	0.9707	0.011228	0.017863	0.00020668
742	0.96764	0.014271	0.017825	0.00026309
743	0.96615	0.015747	0.017816	0.00029062
744	0.9606	0.021279	0.017733	0.00039304
745	0.94752	0.034336	0.017509	0.0006349
746	0.93923	0.04261	0.017374	0.00078889
747	0.93383	0.047991	0.017292	0.00088944
748	0.93154	0.050264	0.017267	0.00093264
749	0.93144	0.050341	0.017284	0.00093507
750	0.93416	0.047599	0.017352	0.00088519
751	0.93929	0.042454	0.017466	0.0007904
752	0.94802	0.033704	0.017647	0.00062841
753	0.96036	0.021346	0.017895	0.00039863
754	0.97732	0.0043668	0.018231	8.1799e-05
755	0.97648	0.005192	0.018235	9.7316e-05
756	0.97664	0.0050094	0.018257	9.397e-05
757	0.97529	0.006341	0.018251	0.00011896
758	0.97503	0.0065775	0.018266	0.00012345
759	0.9761	0.0054949	0.018306	0.00010322
760	0.97863	0.0029422	0.018373	5.5361e-05
761	0.97953	0.0020217	0.018409	3.8086e-05
762	0.98139	0.00014189	0.018464	2.6735e-06
763	0.98051	0.0010084	0.018467	1.8998e-05
764	0.98042	0.0010776	0.018485	2.0339e-05
765	0.98103	0.00044465	0.018517	8.4078e-06
766	0.98055	0.0009065	0.018528	1.7147e-05
767	0.97647	0.004962	0.01847	9.3987e-05
768	0.9739	0.0075166	0.018441	0.00014248
769	0.97289	0.0085044	0.018442	0.00016141
770	0.97305	0.0083259	0.018465	0.00015819
771	0.97463	0.0067293	0.018515	0.00012806
772	0.97453	0.0068092	0.018533	0.0001298
773	0.97552	0.0057943	0.018572	0.00011064
774	0.9777	0.0035945	0.018633	6.88e-05
775	0.9762	0.005083	0.018625	9.7429e-05
776	0.97574	0.0055194	0.018636	0.00010595
777	0.9763	0.0049371	0.018667	9.4945e-05
778	0.97536	0.0058628	0.018669	0.00011285
779	0.9723	0.0088948	0.018631	0.00017137
780	0.97066	0.010522	0.018619	0.00020294
781	0.96591	0.01525	0.018548	0.00029446
782	0.963	0.018137	0.018512	0.00035057
783	0.96212	0.019	0.018515	0.00036783
784	0.9439	0.037198	0.018182	0.00072056
785	0.93197	0.049111	0.017971	0.00095251
786	0.92371	0.05735	0.01783	0.0011135
787	0.91848	0.062559	0.017748	0.0012159
788	0.91644	0.064573	0.017728	0.0012566
789	0.91676	0.064232	0.017753	0.0012516
790	0.89248	0.088495	0.017299	0.001726
791	0.87469	0.10627	0.016971	0.0020745
792	0.86204	0.11889	0.016743	0.0023231
793	0.85358	0.12734	0.016597	0.0024904
794	0.84866	0.13223	0.016519	0.0025886
795	0.84695	0.13392	0.016505	0.0026242
796	0.83604	0.14481	0.01631	0.0028401
797	0.80555	0.17528	0.015732	0.0034391
798	0.72953	0.25128	0.014262	0.0049296
799	0.54143	0.43936	0.010598	0.0086148
800	0.40962	0.57114	0.0080265	0.011208
801	0.31885	0.66189	0.0062527	0.013003
802	0.24991	0.73081	0.0049056	0.014371
803	0.20175	0.77895	0.0039633	0.015335
804	0.16526	0.81542	0.0032495	0.01607
805	0.13768	0.84298	0.0027101	0.01663
806	0.11869	0.86195	0.0023386	0.017023
807	0.10614	0.87448	0.0020932	0.01729
808	0.098277	0.88232	0.0019398	0.017465
809	0.094005	0.88657	0.0018569	0.017569
810	0.09188	0.88867	0.0018166	0.017631
811	0.08043	0.9001	0.0015908	0.017878
812	0.072976	0.90753	0.0014439	0.018046
813	0.06789	0.9126	0.001344	0.018167
814	0.064775	0.91569	0.0012832	0.01825
815	0.063354	0.91709	0.0012561	0.018298
816	0.063519	0.91691	0.0012606	0.018316
817	0.065315	0.91509	0.0012978	0.0183
818	0.069517	0.91086	0.0013829	0.018237
819	0.075883	0.90448	0.0015116	0.01813
820	0.086072	0.89426	0.0017168	0.017947
821	0.099862	0.88045	0.0019947	0.01769
822	0.11839	0.8619	0.0023685	0.017339
823	0.1431	0.83717	0.002868	0.016861
824	0.17868	0.80157	0.0035865	0.016165
825	0.2258	0.75443	0.0045398	0.015233
826	0.24495	0.73525	0.0049311	0.014864
827	0.27335	0.70684	0.0055091	0.014308
828	0.31139	0.66877	0.006284	0.013555
829	0.36185	0.61829	0.0073126	0.012549
830	0.42883	0.55128	0.0086801	0.011204
831	0.5176	0.46249	0.010495	0.0094114
832	0.50599	0.47408	0.010271	0.0096577
833	0.50063	0.47942	0.010173	0.0097778
834	0.4994	0.48063	0.01016	0.0098135
835	0.50336	0.47665	0.010252	0.0097437
836	0.51163	0.46835	0.010433	0.0095854
837	0.52647	0.45349	0.010748	0.0092927
838	0.54976	0.43018	0.011236	0.0088267
839	0.58512	0.3948	0.011972	0.0081133
840	0.63242	0.34747	0.012955	0.0071526
841	0.69528	0.28459	0.014261	0.0058694
842	0.71965	0.2602	0.014779	0.0053741
843	0.72675	0.25307	0.014943	0.0052333
844	0.74009	0.23971	0.015235	0.0049637
845	0.76154	0.21824	0.015695	0.0045264
846	0.79086	0.18889	0.01632	0.0039248
847	0.78646	0.19328	0.016247	0.0040203
848	0.78648	0.19323	0.016266	0.0040242
849	0.79001	0.18968	0.016358	0.0039552
850	0.79732	0.18234	0.016529	0.003807
851	0.80899	0.17065	0.016792	0.0035675
852	0.82594	0.15368	0.017166	0.003217
853	0.85197	0.12762	0.01773	0.002676
854	0.88704	0.092534	0.018486	0.0019441
855	0.90063	0.078916	0.018793	0.0016604
856	0.89444	0.085084	0.018685	0.0017912
857	0.89202	0.087477	0.018657	0.0018433
858	0.89227	0.087201	0.018685	0.0018393
859	0.89604	0.083412	0.018786	0.0017615
860	0.90284	0.076584	0.018952	0.0016193
861	0.91322	0.066184	0.019194	0.0014011
862	0.92957	0.049813	0.019562	0.0010563
863	0.95182	0.027535	0.020057	0.00058526
864	0.9532	0.026134	0.02011	0.00055619
865	0.95643	0.022879	0.020203	0.00048765
866	0.96174	0.017546	0.02034	0.00037467
867	0.96953	0.0097293	0.02053	0.0002084
868	0.9688	0.010438	0.020539	0.00022366
869	0.96954	0.0096708	0.02058	0.00020755
870	0.97192	0.0072693	0.020655	0.00015659
871	0.9686	0.010562	0.020608	0.00022752
872	0.96003	0.019114	0.020448	0.00041186
873	0.95414	0.024976	0.020346	0.00053867
874	0.93791	0.041176	0.020021	0.00088828
875	0.92722	0.051845	0.019814	0.0011198
876	0.91992	0.059118	0.01968	0.0012784
877	0.91547	0.063547	0.019607	0.0013759
878	0.91352	0.065468	0.019588	0.0014194
879	0.90454	0.074427	0.019417	0.0016154
880	0.88183	0.097116	0.018947	0.00211
881	0.86528	0.11364	0.018611	0.0024716
882	0.85365	0.12525	0.01838	0.002727
883	0.82231	0.15656	0.017721	0.003411
884	0.79919	0.17965	0.01724	0.0039173
885	0.78264	0.19618	0.016901	0.0042816
886	0.77128	0.20751	0.016674	0.0045336
887	0.76425	0.21451	0.016542	0.0046916
888	0.76102	0.21772	0.016492	0.004767
889	0.76141	0.21731	0.016521	0.0047636
890	0.76537	0.21332	0.016629	0.0046818
891	0.77323	0.20544	0.016822	0.0045144
892	0.78698	0.19166	0.017144	0.0042176
893	0.8065	0.17212	0.017595	0.0037932
894	0.81173	0.16685	0.017733	0.0036814
895	0.80806	0.1705	0.017675	0.0037652
896	0.80777	0.17077	0.017692	0.0037747
897	0.81171	0.1668	0.017802	0.0036909
898	0.8204	0.15808	0.018016	0.0035025
899	0.83353	0.14492	0.01833	0.0032149
900	0.85221	0.12622	0.018768	0.0028033
901	0.87788	0.10052	0.019364	0.0022345
902	0.91541	0.06297	0.020224	0.0014011
903	0.97046	0.0078851	0.021475	0.0001757
904	0.96878	0.009544	0.021465	0.00021269
905	0.96834	0.0099556	0.021482	0.00022199
906	0.96936	0.0089098	0.021532	0.00019894
907	0.96828	0.0099579	0.021535	0.00022248
908	0.96867	0.0095483	0.02157	0.00021361
909	0.9703	0.0078918	0.021634	0.00017681
910	0.9699	0.0082619	0.021652	0.00018525
911	0.97065	0.0074847	0.021696	0.00016797
912	0.97261	0.0055012	0.021767	0.00012354
913	0.96973	0.0083496	0.02173	0.0001875
914	0.96823	0.009827	0.021724	0.00022078
915	0.9682	0.0098274	0.021751	0.00022101
916	0.96965	0.008351	0.021811	0.00018806
917	0.97247	0.005504	0.021902	0.00012406
918	0.97734	0.00060283	0.02204	1.362e-05
919	0.97709	0.00083247	0.022062	1.8821e-05
920	0.97749	0.00040279	0.022099	9.1073e-06
921	0.97776	0.00010681	0.022133	2.4142e-06
922	0.97474	0.0031014	0.022092	7.0217e-05
923	0.97313	0.004683	0.022084	0.00010619
924	0.97276	0.0050188	0.022103	0.00011399
925	0.97068	0.0070711	0.022083	0.00016091
926	0.9698	0.0079238	0.022091	0.00018057
927	0.97031	0.0073886	0.02213	0.00016865
928	0.96917	0.008506	0.022132	0.00019453
929	0.96919	0.008454	0.02216	0.00019365
930	0.97039	0.0072288	0.022215	0.00016584
931	0.96988	0.0077115	0.022231	0.0001772
932	0.97049	0.0070729	0.022273	0.00016278
933	0.97228	0.0052517	0.022343	0.00012107
934	0.97239	0.0051183	0.022374	0.00011811
935	0.97352	0.0039646	0.022428	9.1572e-05
936	0.97603	0.001425	0.022514	3.3002e-05
937	0.97379	0.0036347	0.022491	8.4151e-05
938	0.97264	0.0047593	0.022493	0.00011027
939	0.96959	0.0077801	0.022451	0.00018047
940	0.96821	0.0091326	0.022448	0.00021218
941	0.96803	0.0092776	0.022472	0.00021586
942	0.96907	0.0082134	0.022525	0.00019136
943	0.9681	0.0091589	0.022531	0.00021357
944	0.96858	0.0086448	0.022571	0.00020186
945	0.9706	0.0065995	0.022647	0.00015442
946	0.97071	0.006462	0.022678	0.00015143
947	0.97191	0.0052356	0.022736	0.00012288
948	0.97429	0.0028272	0.022821	6.6482e-05
949	0.97512	0.0019674	0.02287	4.6322e-05
950	0.97521	0.0018479	0.022901	4.3578e-05
951	0.9761	0.00092523	0.022952	2.1891e-05
952	0.97523	0.0017697	0.022961	4.1884e-05
953	0.97309	0.0038784	0.02294	9.1818e-05
954	0.97203	0.0049085	0.022945	0.00011633
955	0.97197	0.0049382	0.022973	0.00011718
956	0.97291	0.0039699	0.023026	9.4343e-05
957	0.96957	0.0072772	0.022976	0.00017305
958	0.94292	0.033906	0.022372	0.00080729
959	0.92311	0.053677	0.021929	0.0012793
960	0.90874	0.06802	0.021616	0.0016227
961	0.89867	0.078061	0.021404	0.0018642
962	0.89289	0.083817	0.021294	0.0020041
963	0.89065	0.086021	0.021268	0.0020597
964	0.89182	0.084819	0.021323	0.002034
965	0.89568	0.080933	0.021444	0.0019437
966	0.90252	0.074068	0.021636	0.0017815
967	0.90213	0.074421	0.021655	0.0017922
968	0.90487	0.071655	0.021749	0.001728
969	0.91035	0.06614	0.02191	0.0015972
970	0.91902	0.057443	0.022149	0.001389
971	0.93266	0.043768	0.022508	0.00106
972	0.95147	0.024927	0.022994	0.00060469
973	0.95204	0.02433	0.023038	0.0005908
974	0.95471	0.021627	0.023134	0.00052582
975	0.95984	0.016472	0.023289	0.00040119
976	0.96132	0.014962	0.023355	0.00036504
977	0.96438	0.011865	0.023461	0.00029004
978	0.96928	0.0069385	0.023612	0.00017007
979	0.97098	0.0052062	0.023685	0.00012788
980	0.97104	0.0051206	0.023718	0.00012593
981	0.97233	0.0037942	0.023781	9.3604e-05
982	0.96975	0.0063411	0.023749	0.00015662
983	0.96843	0.0076323	0.023748	0.00018881
984	0.96826	0.007769	0.023775	0.00019258
985	0.96924	0.0067622	0.023831	0.00016811
986	0.96841	0.0075602	0.023842	0.00018825
987	0.95656	0.019375	0.023579	0.00048256
988	0.94809	0.027818	0.0234	0.00069354
989	0.94234	0.033531	0.023288	0.00083696
