#coord	neutral	conserved	gBGC.neutral	gBGC.conserved
1	0.74291	0.22812	0.022155	0.0068128
2	0.74862	0.22239	0.022342	0.0066463
3	0.75856	0.21243	0.022657	0.0063524
4	0.77499	0.19598	0.023167	0.0058643
5	0.80001	0.17094	0.023933	0.0051191
6	0.83745	0.13348	0.02507	0.0040025
7	0.88736	0.083549	0.026585	0.0025084
8	0.90925	0.061639	0.027261	0.0018539
9	0.93887	0.031991	0.028171	0.00096479
10	0.95037	0.020469	0.028539	0.00061854
11	0.95463	0.016192	0.028689	0.00048982
12	0.9611	0.009702	0.028907	0.00029374
13	0.96369	0.0070881	0.029008	0.0002149
14	0.96784	0.0029183	0.029156	8.8676e-05
15	0.96953	0.0012024	0.02923	3.6601e-05
16	0.969	0.0017102	0.029237	5.1913e-05
17	0.96923	0.0014636	0.029267	4.4374e-05
18	0.96884	0.0018225	0.029278	5.5241e-05
19	0.96923	0.0014183	0.029313	4.2962e-05
20	0.97055	7.1902e-05	0.029376	2.1832e-06
21	0.97057	2.6962e-05	0.029401	8.1792e-07
22	0.97028	0.00029736	0.029415	9.0483e-06
23	0.96986	0.00068922	0.029426	2.0981e-05
24	0.97009	0.00044368	0.029456	1.3524e-05
25	0.97016	0.00034337	0.029483	1.0466e-05
26	0.97016	0.00032339	0.029507	9.8389e-06
27	0.96917	0.0012892	0.029501	3.9248e-05
28	0.96904	0.0013957	0.029521	4.2579e-05
29	0.96965	0.00076818	0.029563	2.3466e-05
30	0.9699	0.00049043	0.029595	1.5051e-05
31	0.96899	0.0013784	0.029591	4.2338e-05
32	0.96691	0.0034374	0.029552	0.00010555
33	0.96577	0.004549	0.029542	0.00013972
34	0.96552	0.0047716	0.029559	0.00014658
35	0.96628	0.003987	0.029607	0.00012265
36	0.96571	0.0045344	0.029615	0.00013952
37	0.96613	0.0040943	0.029652	0.00012618
38	0.96742	0.0027757	0.029717	8.568e-05
39	0.96755	0.0026267	0.029747	8.11e-05
40	0.96845	0.0016969	0.0298	5.2366e-05
41	0.96854	0.0015854	0.029828	4.8937e-05
42	0.96792	0.0021796	0.029835	6.7351e-05
43	0.96803	0.0020395	0.029864	6.3056e-05
44	0.96738	0.0026727	0.029869	8.2742e-05
45	0.96756	0.0024617	0.029901	7.6268e-05
46	0.96861	0.0013901	0.029959	4.3048e-05
47	0.96899	0.00098555	0.029997	3.0533e-05
48	0.96901	0.00093604	0.030024	2.9052e-05
49	0.96973	0.00019247	0.030072	5.9839e-06
50	0.96971	0.00018166	0.030098	5.6372e-06
51	0.9698	7.3301e-05	0.030127	2.2797e-06
52	0.9697	0.00014799	0.03015	4.5961e-06
53	0.96888	0.00093539	0.030152	2.8996e-05
54	0.96735	0.002439	0.030131	7.5711e-05
55	0.96689	0.0028782	0.030143	8.9446e-05
56	0.96743	0.0023143	0.030186	7.2012e-05
57	0.96708	0.0026322	0.030202	8.1939e-05
58	0.96576	0.0039321	0.030187	0.00012258
59	0.95388	0.015787	0.029844	0.00049229
60	0.94622	0.023416	0.029631	0.00073113
61	0.94111	0.028503	0.029497	0.00089046
62	0.93814	0.031447	0.029432	0.00098267
63	0.93748	0.032082	0.029438	0.001003
64	0.93248	0.037049	0.029308	0.0011593
65	0.93031	0.039197	0.029265	0.0012278
66	0.9301	0.039378	0.029285	0.0012342
67	0.92513	0.044327	0.029155	0.0013907
68	0.92247	0.046956	0.029098	0.0014741
69	0.92254	0.046863	0.029127	0.0014722
70	0.91756	0.05182	0.028995	0.0016298
71	0.91566	0.05369	0.028961	0.0016905
72	0.91659	0.052734	0.029015	0.0016624
73	0.91979	0.049503	0.029142	0.0015619
74	0.92619	0.043082	0.02937	0.0013607
75	0.93567	0.033577	0.029696	0.0010609
76	0.9385	0.030716	0.029812	0.00097138
77	0.94405	0.025141	0.030014	0.00079601
78	0.95225	0.016915	0.030301	0.00053575
79	0.95545	0.01369	0.03043	0.00043405
80	0.95561	0.013495	0.030462	0.00042823
81	0.95716	0.011923	0.030539	0.0003783
82	0.95042	0.01864	0.030352	0.00059227
83	0.94642	0.022612	0.030252	0.00071942
84	0.94429	0.024714	0.030212	0.0007868
85	0.94421	0.024764	0.030237	0.00078894
86	0.94043	0.028516	0.030143	0.00090965
87	0.93908	0.02984	0.030126	0.00095307
88	0.93951	0.029384	0.030167	0.0009392
89	0.94217	0.026698	0.03028	0.00085403
90	0.94751	0.021326	0.030478	0.0006828
91	0.9563	0.012516	0.030786	0.00040146
92	0.95956	0.0092288	0.030918	0.00029634
93	0.96044	0.0083213	0.030974	0.00026768
94	0.95931	0.0094171	0.030966	0.00030336
95	0.9594	0.0093037	0.030997	0.0002999
96	0.96099	0.0076871	0.031076	0.00024801
97	0.96061	0.0080375	0.031092	0.00025943
98	0.96163	0.0069952	0.031153	0.00022593
99	0.96418	0.0044148	0.031264	0.00014271
100	0.96238	0.0061847	0.031234	0.00020011
101	0.9619	0.0066367	0.031247	0.00021497
102	0.96268	0.0058286	0.0313	0.00018903
103	0.96184	0.0066452	0.031301	0.00021596
104	0.96229	0.0061614	0.031344	0.0002007
105	0.96385	0.0045759	0.031423	0.00014938
106	0.9639	0.0044962	0.031453	0.00014698
107	0.96247	0.0059059	0.031434	0.0001934
108	0.96211	0.0062323	0.031451	0.00020431
109	0.96304	0.0052802	0.03151	0.00017349
110	0.96509	0.0032005	0.031606	0.00010551
111	0.96566	0.0025963	0.031654	8.5786e-05
112	0.96533	0.0028988	0.031673	9.5852e-05
113	0.96585	0.0023509	0.03172	7.7861e-05
114	0.96727	0.00090286	0.031797	3.0071e-05
115	0.93858	0.029564	0.030877	0.00097911
116	0.91892	0.049192	0.030253	0.0016317
117	0.9058	0.062288	0.029845	0.0020693
118	0.89662	0.071437	0.029568	0.0023758
119	0.89146	0.076571	0.029423	0.00255
120	0.88965	0.078347	0.029389	0.0026132
121	0.89038	0.077591	0.029439	0.0025921
122	0.8937	0.074244	0.029577	0.0024843
123	0.89987	0.068044	0.02981	0.002281
124	0.89926	0.068619	0.029818	0.0023028
125	0.90107	0.06678	0.029908	0.0022436
126	0.90544	0.062382	0.030084	0.0020983
127	0.9036	0.06419	0.030051	0.0021609
128	0.90466	0.063095	0.030116	0.0021268
129	0.9089	0.058822	0.030286	0.0019867
130	0.90768	0.060017	0.030273	0.0020302
131	0.90872	0.058951	0.030336	0.0019975
132	0.91213	0.05551	0.03048	0.0018845
133	0.90974	0.057867	0.030429	0.0019664
134	0.91027	0.057302	0.030476	0.0019502
135	0.91308	0.054459	0.0306	0.0018568
136	0.91843	0.049083	0.030811	0.0016773
137	0.92753	0.039947	0.031149	0.0013708
138	0.9404	0.027052	0.031615	0.00093587
139	0.93906	0.028361	0.0316	0.00098254
140	0.93944	0.027943	0.031644	0.00097022
141	0.94158	0.02577	0.031749	0.00089772
142	0.94565	0.021674	0.03192	0.00075921
143	0.94582	0.02147	0.031958	0.00075388
144	0.9476	0.019656	0.032051	0.00069313
145	0.95154	0.015679	0.032219	0.00055835
146	0.95237	0.014816	0.032279	0.00053115
147	0.95469	0.01247	0.03239	0.00045261
148	0.95906	0.0080657	0.032572	0.00030333
149	0.96043	0.0066577	0.032651	0.00025787
150	0.96022	0.0068383	0.032671	0.00027027
151	0.96133	0.0056921	0.032739	0.00023563
152	0.96364	0.0033528	0.032849	0.00015893
153	0.96449	0.0024675	0.032904	0.00013622
154	0.96208	0.0048899	0.032816	0.00021528
155	0.96103	0.0059495	0.032777	0.00024623
156	0.95761	0.0093787	0.032653	0.0003614
157	0.95566	0.011334	0.03258	0.00042522
158	0.95529	0.011708	0.032563	0.00043397
159	0.95182	0.015195	0.032437	0.00055147
160	0.95035	0.016666	0.03238	0.0005996
161	0.95035	0.016674	0.032375	0.00059677
162	0.94707	0.01997	0.032255	0.00070782
163	0.93766	0.029383	0.031928	0.0010276
164	0.93197	0.035082	0.031726	0.001221
165	0.9292	0.037863	0.031624	0.0013148
166	0.92038	0.046692	0.031315	0.0016161
167	0.91454	0.052534	0.031108	0.0018147
168	0.91183	0.055251	0.031008	0.0019067
169	0.91137	0.055725	0.030985	0.0019215
170	0.91378	0.053317	0.031061	0.0018382
171	0.89842	0.068686	0.030527	0.0023637
172	0.88752	0.079599	0.030147	0.0027358
173	0.88126	0.085862	0.029926	0.0029495
174	0.87878	0.088349	0.029832	0.0030346
175	0.87893	0.088212	0.02983	0.0030297
176	0.87201	0.095138	0.029585	0.0032666
177	0.86818	0.098973	0.029446	0.0033973
178	0.86716	0.10001	0.029404	0.0034319
179	0.86885	0.09832	0.029456	0.0033732
180	0.87344	0.09374	0.029606	0.0032153
181	0.88237	0.084812	0.029904	0.0029099
182	0.8969	0.070289	0.030392	0.0024146
183	0.9169	0.0503	0.031067	0.0017323
184	0.92496	0.042246	0.031335	0.0014579
185	0.92653	0.04068	0.031381	0.0014046
186	0.92309	0.044134	0.031256	0.0015228
187	0.91255	0.05468	0.030887	0.0018844
188	0.90543	0.061801	0.030637	0.0021281
189	0.90181	0.065434	0.030505	0.0022529
190	0.90065	0.066595	0.030458	0.0022929
191	0.90244	0.064814	0.030511	0.002233
192	0.90676	0.060507	0.030651	0.0020868
193	0.86058	0.10668	0.029064	0.0036675
194	0.82877	0.13851	0.027967	0.0047582
195	0.80724	0.16004	0.027221	0.005497
196	0.75691	0.21038	0.025485	0.0072268
197	0.71936	0.24793	0.024191	0.0085143
198	0.69167	0.27564	0.023237	0.0094621
199	0.67164	0.29566	0.022547	0.010146
200	0.65916	0.30815	0.022114	0.010573
201	0.6514	0.31592	0.021842	0.010838
202	0.62465	0.34267	0.020926	0.011749
203	0.60532	0.36201	0.020263	0.012406
204	0.59202	0.37532	0.019807	0.012857
205	0.58363	0.38371	0.019518	0.01314
206	0.57958	0.38776	0.019378	0.013275
207	0.58087	0.38648	0.019417	0.013231
208	0.56826	0.3991	0.018986	0.013656
209	0.56047	0.40689	0.01872	0.013917
210	0.53138	0.43598	0.017736	0.014896
211	0.5103	0.45707	0.017024	0.015604
212	0.49558	0.47179	0.016527	0.016095
213	0.48607	0.48131	0.016207	0.016411
214	0.45505	0.51234	0.015167	0.017447
215	0.38224	0.58515	0.012723	0.019886
216	0.32736	0.64004	0.010885	0.02172
217	0.28612	0.68128	0.0095064	0.023095
218	0.25826	0.70915	0.0085733	0.024023
219	0.23763	0.72977	0.007884	0.024709
220	0.22268	0.74473	0.0073855	0.025203
221	0.17928	0.78813	0.0059407	0.026644
222	0.14962	0.8178	0.0049518	0.027629
223	0.12737	0.84005	0.0042117	0.028366
224	0.11251	0.85492	0.0037162	0.028857
225	0.10169	0.86574	0.0033562	0.029214
226	0.094053	0.87338	0.0031031	0.029463
227	0.089748	0.87769	0.0029601	0.029603
228	0.088361	0.87908	0.0029137	0.029645
229	0.089699	0.87775	0.0029576	0.029598
230	0.093052	0.8744	0.0030691	0.029483
231	0.09872	0.86873	0.0032582	0.02929
232	0.1081	0.85935	0.0035705	0.028975
233	0.12107	0.84639	0.0040029	0.028539
234	0.13869	0.82877	0.0045916	0.027947
235	0.1424	0.82507	0.0047158	0.02782
236	0.15012	0.81735	0.0049735	0.027559
237	0.16138	0.80609	0.0053504	0.027179
238	0.14446	0.82301	0.0047838	0.027743
239	0.1321	0.83538	0.0043707	0.028153
240	0.12438	0.8431	0.004112	0.028409
241	0.1205	0.84698	0.003981	0.028537
242	0.11899	0.84849	0.0039296	0.028586
243	0.11978	0.8477	0.0039553	0.028557
244	0.12293	0.84456	0.0040602	0.02845
245	0.12957	0.83793	0.0042805	0.028227
246	0.13936	0.82813	0.004607	0.027898
247	0.1545	0.81299	0.0051105	0.027392
248	0.17497	0.79253	0.0057928	0.026707
249	0.20246	0.76505	0.0067106	0.025787
250	0.24216	0.72534	0.0080346	0.024461
251	0.29462	0.67289	0.0097866	0.022707
252	0.3641	0.60341	0.012112	0.020379
253	0.39359	0.57392	0.013096	0.019393
254	0.43312	0.53439	0.014418	0.018069
255	0.48569	0.48182	0.01618	0.016305
256	0.50466	0.46286	0.016817	0.015667
257	0.53092	0.4366	0.0177	0.014782
258	0.56647	0.40105	0.018897	0.013583
259	0.61423	0.35329	0.020509	0.01197
260	0.67793	0.2896	0.022663	0.0098149
261	0.7709	0.19663	0.025802	0.006675
262	0.80825	0.15927	0.027065	0.005411
263	0.82273	0.1448	0.027555	0.0049198
264	0.84528	0.12225	0.028317	0.0041568
265	0.87579	0.091733	0.02935	0.0031225
266	0.88856	0.07897	0.029782	0.0026905
267	0.90643	0.061101	0.030387	0.0020849
268	0.91237	0.055161	0.030588	0.0018829
269	0.91214	0.05539	0.030581	0.0018896
270	0.91415	0.053379	0.03065	0.0018202
271	0.91853	0.049004	0.0308	0.0016703
272	0.92564	0.041892	0.031043	0.0014271
273	0.93718	0.030346	0.031436	0.0010338
274	0.94117	0.026359	0.031573	0.00089722
275	0.94809	0.019444	0.031809	0.00066169
276	0.95881	0.0087225	0.032173	0.00029746
277	0.96314	0.0043869	0.032321	0.00014991
278	0.96247	0.0050603	0.032299	0.00017237
279	0.96279	0.0047388	0.032311	0.00016117
280	0.96184	0.0056859	0.032279	0.00019302
281	0.96192	0.0056047	0.032283	0.00019011
282	0.96034	0.0071856	0.032231	0.00024314
283	0.9599	0.0076235	0.032217	0.00025759
284	0.95754	0.0099892	0.032138	0.00033708
285	0.95651	0.01101	0.032105	0.00037118
286	0.95251	0.015015	0.031972	0.00050576
287	0.95055	0.016975	0.031907	0.00057184
288	0.95038	0.01714	0.031902	0.00057776
289	0.95199	0.015532	0.031956	0.00052426
290	0.95521	0.012312	0.032065	0.00041638
291	0.96026	0.0072545	0.032236	0.00024643
292	0.95342	0.014093	0.032006	0.00047806
293	0.94927	0.018244	0.031866	0.00061912
294	0.94691	0.020603	0.031787	0.00069937
295	0.93928	0.028228	0.031531	0.00095748
296	0.93422	0.033287	0.031361	0.0011285
297	0.93137	0.036137	0.031267	0.0012247
298	0.93101	0.036491	0.031257	0.001237
299	0.93258	0.034928	0.031311	0.0011844
300	0.93615	0.031354	0.031434	0.0010637
301	0.92624	0.04126	0.031103	0.0013971
302	0.92019	0.047311	0.030901	0.0016012
303	0.91665	0.050848	0.030785	0.0017202
304	0.91599	0.051507	0.030765	0.0017427
305	0.91746	0.050026	0.030817	0.0016926
306	0.92192	0.045567	0.03097	0.0015425
307	0.92082	0.046668	0.030935	0.0015796
308	0.9218	0.045682	0.030972	0.001546
309	0.92547	0.042005	0.031099	0.0014219
310	0.93165	0.035826	0.031311	0.001213
311	0.94077	0.026707	0.031623	0.00090403
312	0.95488	0.012589	0.032103	0.00042663
313	0.95557	0.011892	0.03213	0.00040279
314	0.95792	0.0095421	0.032213	0.00032331
315	0.96183	0.0056275	0.032348	0.00019074
316	0.96313	0.0043231	0.032396	0.00014637
317	0.96309	0.0043629	0.032398	0.00014758
318	0.96158	0.0058663	0.032352	0.00019801
319	0.95772	0.0097281	0.032225	0.000328
320	0.95541	0.012031	0.032151	0.0004053
321	0.95481	0.012626	0.032135	0.00042534
322	0.95552	0.01192	0.032163	0.00040137
323	0.95391	0.013518	0.032113	0.00045511
324	0.95369	0.013737	0.032109	0.00046224
325	0.9551	0.012324	0.032161	0.00041456
326	0.95832	0.0090973	0.032273	0.00030603
327	0.96387	0.0035481	0.032463	0.00011958
328	0.96109	0.0063268	0.032373	0.00021328
329	0.95958	0.0078302	0.032327	0.00026385
330	0.95924	0.0081606	0.03232	0.00027476
331	0.96026	0.007137	0.032359	0.00024018
332	0.96277	0.0046289	0.032447	0.0001557
333	0.96715	0.00024048	0.032599	8.0908e-06
334	0.96646	0.00093331	0.03258	3.139e-05
335	0.96652	0.00086956	0.032586	2.9247e-05
336	0.96736	2.3447e-05	0.032619	7.9045e-07
337	0.96721	0.00017077	0.032618	5.7579e-06
338	0.96333	0.0040453	0.032491	0.00013661
339	0.96117	0.0061998	0.032422	0.00020958
340	0.96019	0.0071693	0.032394	0.00024237
341	0.96056	0.0068016	0.03241	0.00023015
342	0.96205	0.0053038	0.032465	0.0001796
343	0.95882	0.0085295	0.03236	0.000289
344	0.95701	0.010338	0.032303	0.00035027
345	0.95672	0.010625	0.032298	0.00036024
346	0.95374	0.013596	0.032201	0.00046141
347	0.95229	0.015039	0.032156	0.0005106
348	0.95226	0.015067	0.03216	0.00051168
349	0.95364	0.013682	0.032212	0.00046472
350	0.95696	0.010361	0.032329	0.0003524
351	0.96212	0.0051979	0.032509	0.00017736
352	0.95697	0.010339	0.03234	0.00035192
353	0.95366	0.013644	0.032233	0.00046396
354	0.95228	0.015017	0.032191	0.00051078
355	0.95231	0.014978	0.032198	0.00050958
356	0.95374	0.013543	0.032252	0.0004608
357	0.95668	0.010601	0.032358	0.00036065
358	0.96179	0.0054814	0.032538	0.00018675
359	0.96369	0.0035847	0.032608	0.00012218
360	0.9641	0.0031686	0.032628	0.00010788
361	0.96351	0.0037474	0.032615	0.00012749
362	0.96383	0.0034188	0.032632	0.00011623
363	0.96299	0.00426	0.03261	0.00014456
364	0.96327	0.0039692	0.032626	0.00013464
365	0.95794	0.0092947	0.032453	0.0003146
366	0.9548	0.012424	0.032353	0.00042054
367	0.95353	0.013695	0.032316	0.00046379
368	0.95361	0.013601	0.032326	0.00046059
369	0.95541	0.011795	0.032393	0.00039951
370	0.95918	0.0080228	0.032527	0.00027205
371	0.96021	0.0069808	0.032569	0.0002368
372	0.95953	0.0076558	0.032552	0.00025992
373	0.95996	0.0072198	0.032573	0.00024518
374	0.96177	0.0054074	0.032641	0.00018386
375	0.96488	0.002289	0.032754	7.7968e-05
376	0.96617	0.00098744	0.032805	3.3679e-05
377	0.96674	0.00041816	0.032831	1.4268e-05
378	0.96705	9.3354e-05	0.032849	3.1782e-06
379	0.96708	5.8647e-05	0.032858	2.0016e-06
380	0.96625	0.00088241	0.032837	3.0077e-05
381	0.96612	0.0010104	0.03284	3.4437e-05
382	0.96558	0.0015334	0.03283	5.2328e-05
383	0.96426	0.002849	0.032792	9.7399e-05
384	0.96093	0.0061719	0.032686	0.00021097
385	0.95922	0.0078806	0.032635	0.00026967
386	0.95869	0.0083951	0.032624	0.00028748
387	0.95932	0.0077557	0.032654	0.00026577
388	0.96116	0.0059123	0.032725	0.00020279
389	0.96433	0.002737	0.032842	9.4074e-05
390	0.96557	0.0014844	0.032893	5.1102e-05
391	0.96114	0.0059032	0.03275	0.00020207
392	0.95831	0.0087292	0.032663	0.00029849
393	0.95708	0.0099458	0.032629	0.0003402
394	0.95709	0.0099286	0.032639	0.00033963
395	0.95857	0.0084388	0.032698	0.00028891
396	0.96141	0.0055979	0.032804	0.0001918
397	0.96234	0.0046519	0.032845	0.00015961
398	0.96186	0.0051234	0.032838	0.00017582
399	0.96237	0.0046081	0.032865	0.00015816
400	0.96148	0.0054926	0.032844	0.00018832
401	0.96161	0.0053524	0.032858	0.00018331
402	0.96299	0.0039551	0.032915	0.0001354
403	0.96583	0.0011058	0.033022	3.7903e-05
404	0.96582	0.0011132	0.033032	3.8123e-05
405	0.96538	0.0015421	0.033026	5.2829e-05
406	0.96425	0.0026586	0.032997	9.12e-05
407	0.964	0.002898	0.032999	9.9444e-05
408	0.96461	0.0022863	0.033029	7.8431e-05
409	0.96447	0.0024123	0.033035	8.2795e-05
410	0.96332	0.0035485	0.033006	0.00012171
411	0.96311	0.0037499	0.033009	0.00012849
412	0.9617	0.0051572	0.032971	0.00017668
413	0.96152	0.005319	0.032975	0.00018232
414	0.96258	0.0042579	0.033021	0.00014614
415	0.96472	0.0021	0.033105	7.2159e-05
416	0.96553	0.0012827	0.033143	4.4061e-05
417	0.96578	0.0010249	0.033162	3.5237e-05
418	0.95819	0.0085979	0.032911	0.00029612
419	0.95339	0.01339	0.032756	0.00046167
420	0.95042	0.016354	0.032663	0.00056403
421	0.94178	0.024979	0.032377	0.00086101
422	0.93588	0.030874	0.032185	0.0010638
423	0.93225	0.034487	0.032071	0.0011878
424	0.93108	0.035646	0.032042	0.0012277
425	0.93222	0.034496	0.032092	0.0011885
426	0.93592	0.030788	0.032229	0.0010614
427	0.94195	0.024746	0.032448	0.00085335
428	0.95156	0.015126	0.03279	0.0005223
429	0.9649	0.0017812	0.033261	6.183e-05
430	0.96314	0.0035241	0.033211	0.00012248
431	0.95882	0.0078366	0.033072	0.00027226
432	0.95611	0.010533	0.03299	0.00036587
433	0.9548	0.011838	0.032956	0.0004112
434	0.95502	0.011597	0.032975	0.00040322
435	0.95683	0.0097806	0.033048	0.00034085
436	0.95154	0.015059	0.032876	0.00052479
437	0.94857	0.018014	0.032783	0.00062836
438	0.94762	0.018955	0.032761	0.0006622
439	0.94818	0.018386	0.032791	0.00064338
440	0.95063	0.015924	0.032886	0.00055909
441	0.95529	0.011256	0.033058	0.00039858
442	0.95298	0.013547	0.032987	0.00048119
443	0.95212	0.014397	0.032966	0.00051303
444	0.95262	0.013888	0.032994	0.0004971
445	0.9549	0.011602	0.033083	0.0004193
446	0.9588	0.007687	0.03323	0.00028444
447	0.96524	0.0012352	0.033464	6.1577e-05
448	0.96234	0.0041186	0.033328	0.00020966
449	0.96088	0.0055752	0.033255	0.00029428
450	0.96047	0.0059703	0.033227	0.00033394
451	0.95814	0.0083318	0.033125	0.00040696
452	0.95708	0.0094168	0.033069	0.00043272
453	0.95723	0.0092951	0.03306	0.00041287
454	0.95859	0.0079702	0.033098	0.00034653
455	0.96124	0.0053414	0.033187	0.00022875
456	0.96586	0.00075533	0.033355	3.2081e-05
457	0.95591	0.010729	0.032981	0.00037705
458	0.94884	0.017833	0.032708	0.0006217
459	0.94412	0.022577	0.032517	0.00078415
460	0.93242	0.034306	0.032086	0.0011873
461	0.92497	0.041789	0.0318	0.001444
462	0.92093	0.045859	0.031633	0.0015832
463	0.77339	0.19342	0.026531	0.0066566
464	0.6702	0.29664	0.022956	0.010203
465	0.59238	0.37449	0.020266	0.012865
466	0.5392	0.4277	0.018422	0.014681
467	0.49947	0.46745	0.017045	0.01603
468	0.473	0.49395	0.016122	0.016924
469	0.45609	0.51089	0.015527	0.017491
470	0.44464	0.52237	0.015121	0.017869
471	0.43904	0.528	0.014915	0.018048
472	0.43857	0.52849	0.014883	0.018052
473	0.42321	0.54388	0.014345	0.018562
474	0.41309	0.55403	0.013987	0.018892
475	0.40855	0.5586	0.013818	0.019033
476	0.33037	0.63681	0.011148	0.021675
477	0.27133	0.69587	0.0091372	0.023659
478	0.23023	0.737	0.0077346	0.025034
479	0.19924	0.76802	0.0066791	0.026063
480	0.176	0.79128	0.0058893	0.026826
481	0.15886	0.80845	0.0053071	0.027381
482	0.14646	0.82088	0.0048864	0.027775
483	0.13783	0.82954	0.0045938	0.028041
484	0.13225	0.83515	0.0044042	0.028204
485	0.13027	0.83715	0.0043351	0.028246
486	0.11596	0.85148	0.0038544	0.028701
487	0.10663	0.86085	0.0035398	0.028989
488	0.10125	0.86625	0.0033572	0.029145
489	0.098238	0.86929	0.0032543	0.029222
490	0.085389	0.88216	0.0028247	0.029625
491	0.075945	0.89163	0.0025095	0.029915
492	0.069234	0.89837	0.002286	0.030112
493	0.065371	0.90226	0.0021567	0.030216
494	0.063984	0.90367	0.0021093	0.030237
495	0.064882	0.9028	0.0021373	0.030183
496	0.058324	0.90938	0.0019185	0.030377
497	0.054558	0.91317	0.0017919	0.030477
498	0.052396	0.91536	0.0017189	0.030525
499	0.052196	0.91559	0.0017105	0.030508
500	0.053933	0.91387	0.0017656	0.030427
501	0.05725	0.91058	0.001873	0.030294
502	0.063079	0.90478	0.0020623	0.030079
503	0.071253	0.89663	0.0023287	0.029788
504	0.083523	0.88439	0.0027284	0.029363
505	0.099992	0.86794	0.003266	0.0288
506	0.12195	0.84601	0.0039838	0.028057
507	0.12847	0.83952	0.0041944	0.027821
508	0.12566	0.84235	0.0040988	0.027892
509	0.12598	0.84205	0.0041057	0.02786
510	0.12867	0.83939	0.0041903	0.027751
511	0.13391	0.83417	0.0043593	0.027558
512	0.14216	0.82594	0.0046276	0.027265
513	0.1556	0.81253	0.0050645	0.026804
514	0.17393	0.79422	0.0056623	0.026182
515	0.19855	0.76963	0.0064667	0.025353
516	0.23489	0.73332	0.0076522	0.024143
517	0.23148	0.73675	0.0075358	0.024236
518	0.23223	0.73603	0.0075545	0.024193
519	0.23743	0.73085	0.0077182	0.024005
520	0.20536	0.76294	0.0066659	0.025034
521	0.18339	0.78494	0.005943	0.025733
522	0.16717	0.80117	0.0054102	0.026242
523	0.15549	0.81288	0.0050266	0.026602
524	0.14745	0.82095	0.0047626	0.026842
525	0.14249	0.82593	0.0045995	0.026982
526	0.12536	0.84308	0.0040419	0.027516
527	0.11422	0.85425	0.0036778	0.027857
528	0.10641	0.86208	0.0034231	0.028089
529	0.08237	0.88614	0.0026457	0.028843
530	0.064118	0.90442	0.0020571	0.029408
531	0.051471	0.91709	0.0016487	0.029794
532	0.041982	0.9266	0.0013431	0.030077
533	0.035576	0.93303	0.0011364	0.03026
534	0.030886	0.93774	0.00098537	0.030389
535	0.028119	0.94053	0.00089588	0.030455
536	0.026403	0.94227	0.00084045	0.030488
537	0.025609	0.94308	0.0008148	0.030491
538	0.025677	0.94304	0.00081695	0.030467
539	0.02661	0.94213	0.00084704	0.030415
540	0.028504	0.94026	0.0009081	0.030331
541	0.02521	0.94357	0.00080326	0.030414
542	0.023449	0.94536	0.00074714	0.030448
543	0.022903	0.94592	0.00072962	0.030444
544	0.017697	0.95115	0.0005629	0.030588
545	0.013737	0.95513	0.00043643	0.030693
546	0.010713	0.95818	0.00034012	0.030768
547	0.0083873	0.96053	0.00026629	0.03082
548	0.0068602	0.96208	0.0002177	0.030847
549	0.0059181	0.96304	0.00018759	0.030855
550	0.0052188	0.96376	0.00016532	0.030856
551	0.0047075	0.96429	0.0001491	0.030851
552	0.0045295	0.96449	0.00014334	0.030835
553	0.0044682	0.96457	0.00014134	0.030816
554	0.0045273	0.96454	0.00014321	0.030793
555	0.0047117	0.96437	0.00014912	0.030766
556	0.0050357	0.96407	0.00015952	0.030734
557	0.0055246	0.9636	0.00017524	0.030698
558	0.0062169	0.96293	0.00019753	0.030655
559	0.0071554	0.96201	0.00022779	0.030604
560	0.0086972	0.96049	0.00027714	0.030534
561	0.010996	0.95821	0.00035044	0.03044
562	0.014345	0.95489	0.00045693	0.030313
563	0.018692	0.95056	0.00059543	0.030154
564	0.025087	0.94418	0.00079866	0.02993
565	0.019873	0.94942	0.00063248	0.030076
566	0.016355	0.95296	0.00052017	0.030168
567	0.013757	0.95558	0.0004375	0.03023
568	0.012158	0.95719	0.00038649	0.03026
569	0.011411	0.95796	0.00036238	0.030264
570	0.011409	0.95798	0.00036182	0.030244
571	0.012154	0.95726	0.0003847	0.030201
572	0.0094016	0.96003	0.00029728	0.030268
573	0.0075206	0.96193	0.00023739	0.030308
574	0.0060602	0.96342	0.00019106	0.030334
575	0.0050905	0.96441	0.00016017	0.030344
576	0.0043161	0.9652	0.00013561	0.030349
577	0.0038672	0.96567	0.00012122	0.030343
578	0.0035127	0.96604	0.00010992	0.030334
579	0.0032249	0.96635	0.0001008	0.030323
580	0.003135	0.96646	9.7786e-05	0.030307
581	0.0030774	0.96654	9.5844e-05	0.030289
582	0.0030405	0.96659	9.46e-05	0.03027
583	0.0030285	0.96663	9.4187e-05	0.030251
584	0.0031919	0.96648	9.9125e-05	0.030227
585	0.0033867	0.96631	0.00010508	0.030201
586	0.0036275	0.96609	0.0001125	0.030175
587	0.0039327	0.9658	0.00012197	0.030146
588	0.0045156	0.96524	0.00013993	0.030109
589	0.0052514	0.96452	0.00016269	0.030067
590	0.0061872	0.9636	0.00019171	0.030019
591	0.007394	0.96241	0.00022924	0.029962
592	0.0089634	0.96086	0.00027814	0.029895
593	0.011309	0.95854	0.00035097	0.029803
594	0.01481	0.95505	0.00045936	0.029676
595	0.019356	0.95053	0.00060033	0.029516
596	0.025292	0.94461	0.00078467	0.029314
597	0.033108	0.93681	0.0010278	0.029052
598	0.044345	0.92559	0.0013765	0.028685
599	0.047633	0.92232	0.0014777	0.028565
600	0.045385	0.92459	0.0014069	0.028618
601	0.045058	0.92494	0.0013955	0.028611
602	0.038516	0.9315	0.0011912	0.028796
603	0.033753	0.93628	0.0010428	0.028927
604	0.03099	0.93906	0.0009561	0.028995
605	0.029842	0.94023	0.00091917	0.029013
606	0.029685	0.9404	0.00091316	0.029001
607	0.030897	0.93921	0.00094902	0.028947
608	0.033171	0.93695	0.0010177	0.02886
609	0.036706	0.93343	0.0011253	0.028735
610	0.04178	0.92838	0.0012803	0.028562
611	0.041289	0.92889	0.0012641	0.02856
612	0.041997	0.9282	0.001285	0.028521
613	0.044466	0.92575	0.0013595	0.028429
614	0.048409	0.92182	0.0014794	0.028291
615	0.054126	0.91612	0.0016539	0.028099
616	0.042354	0.92791	0.0012926	0.028443
617	0.033475	0.93681	0.0010209	0.028697
618	0.027542	0.94276	0.00083894	0.028862
619	0.023154	0.94716	0.00070472	0.028979
620	0.020363	0.94997	0.00061908	0.029047
621	0.018814	0.95154	0.00057118	0.029077
622	0.017987	0.95238	0.00054554	0.029086
623	0.017838	0.95255	0.00054071	0.029073
624	0.018655	0.95175	0.00056506	0.029032
625	0.020544	0.94988	0.00062166	0.028958
626	0.023324	0.94711	0.00070539	0.028857
627	0.027204	0.94325	0.00082266	0.028723
628	0.033213	0.93726	0.0010039	0.028525
629	0.041245	0.92924	0.0012466	0.028265
630	0.052906	0.9176	0.0015983	0.027897
631	0.069679	0.90084	0.0021032	0.027375
632	0.074623	0.89592	0.002251	0.02721
633	0.081924	0.88863	0.0024704	0.026974
634	0.081003	0.88957	0.0024414	0.026987
635	0.082554	0.88803	0.0024867	0.026925
636	0.086774	0.88383	0.0026121	0.026783
637	0.094387	0.87623	0.0028391	0.02654
638	0.10506	0.86558	0.0031586	0.026204
639	0.11968	0.85097	0.0035974	0.025748
640	0.14153	0.82914	0.0042523	0.025077
641	0.17051	0.80018	0.0051224	0.024191
642	0.209	0.76171	0.0062799	0.023017
643	0.22177	0.74895	0.0066622	0.022619
644	0.24142	0.72931	0.0072506	0.022015
645	0.27099	0.69976	0.0081353	0.021114
646	0.31461	0.65616	0.0094389	0.019794
647	0.3723	0.59848	0.011166	0.018051
648	0.45637	0.51442	0.01368	0.015522
649	0.46235	0.50846	0.013851	0.015335
650	0.4743	0.49653	0.0142	0.01497
651	0.49184	0.47901	0.014718	0.014436
652	0.51643	0.45443	0.015448	0.01369
653	0.55289	0.41799	0.016532	0.012591
654	0.6016	0.36929	0.017984	0.011124
655	0.61956	0.35135	0.018514	0.010578
656	0.64698	0.32395	0.019325	0.0097516
657	0.68403	0.28691	0.020427	0.0086348
658	0.73875	0.23221	0.022055	0.0069918
659	0.8116	0.15937	0.024227	0.004804
660	0.90786	0.063126	0.027105	0.0019117
661	0.90852	0.062476	0.027111	0.0018911
662	0.91217	0.058841	0.027206	0.0017814
663	0.91927	0.051757	0.027403	0.0015688
664	0.92971	0.041334	0.027702	0.0012558
665	0.94586	0.025201	0.02817	0.00077305
666	0.95269	0.018385	0.028358	0.00056984
667	0.96241	0.0086757	0.028633	0.00027992
668	0.96266	0.0084396	0.028623	0.00027565
669	0.96076	0.010352	0.028545	0.00033972
670	0.9604	0.010727	0.028514	0.00035592
671	0.96153	0.0096105	0.028529	0.00032638
672	0.96436	0.006798	0.028596	0.00024553
673	0.96512	0.0060569	0.028597	0.00022982
674	0.96443	0.0067599	0.028547	0.00026474
675	0.96482	0.0063783	0.028534	0.00026404
676	0.96659	0.0046295	0.028563	0.00021982
677	0.96682	0.004468	0.028512	0.00019737
678	0.96561	0.0057577	0.028409	0.00022783
679	0.96566	0.0057724	0.028345	0.00021773
680	0.96676	0.0047473	0.028316	0.00017398
681	0.96926	0.0023236	0.028333	8.3902e-05
682	0.96852	0.0031391	0.028239	0.0001052
683	0.96866	0.0030675	0.028173	9.9705e-05
684	0.9697	0.0021028	0.028133	6.7205e-05
685	0.96777	0.0040982	0.028005	0.00012423
686	0.96325	0.008688	0.027801	0.00025635
687	0.9608	0.011214	0.027658	0.00032838
688	0.95974	0.012349	0.027555	0.00035975
689	0.95565	0.016506	0.027365	0.00047812
690	0.95334	0.018883	0.027228	0.00054461
691	0.95263	0.019664	0.027137	0.00056498
692	0.95384	0.018529	0.027101	0.00053076
693	0.95665	0.015786	0.027111	0.00045074
694	0.96176	0.010754	0.027185	0.00030632
695	0.96914	0.0034382	0.027323	9.7554e-05
696	0.9726	5.3711e-05	0.027349	1.5181e-06
697	0.97268	4.0276e-05	0.02728	1.1362e-06
698	0.97209	0.00069578	0.027191	1.9548e-05
699	0.97095	0.0019089	0.027087	5.3593e-05
700	0.96816	0.004766	0.026938	0.00013339
701	0.9618	0.011194	0.026689	0.00031271
702	0.95806	0.01501	0.026514	0.00041862
703	0.95599	0.017151	0.026386	0.00047728
704	0.95543	0.01778	0.0263	0.00049363
705	0.95633	0.016942	0.026256	0.00046933
706	0.95879	0.014556	0.026255	0.0004024
707	0.96295	0.010456	0.026301	0.00028861
708	0.96915	0.0043319	0.026402	0.00011965
709	0.93142	0.042126	0.025304	0.0011505
710	0.90544	0.068168	0.02453	0.0018573
711	0.88638	0.087296	0.023949	0.0023715
712	0.87393	0.099814	0.023549	0.0027049
713	0.86559	0.10822	0.023263	0.0029249
714	0.86147	0.1124	0.02309	0.0030305
715	0.86121	0.11273	0.023022	0.0030325
716	0.86382	0.11019	0.023031	0.0029573
717	0.85822	0.11586	0.022821	0.0031012
718	0.85573	0.11842	0.022695	0.0031612
719	0.85691	0.1173	0.022667	0.0031235
720	0.8621	0.11218	0.022744	0.0029806
721	0.8708	0.10354	0.022914	0.0027452
722	0.88369	0.090715	0.023194	0.0024
723	0.90178	0.072688	0.023611	0.001919
724	0.90879	0.06574	0.023733	0.0017319
725	0.91925	0.055347	0.023945	0.001455
726	0.93394	0.04072	0.024268	0.0010683
727	0.93915	0.03558	0.024341	0.0009309
728	0.94783	0.026963	0.024504	0.00070401
729	0.96001	0.014844	0.024758	0.00038688
730	0.9599	0.015015	0.024692	0.00038985
731	0.95696	0.018023	0.024553	0.00046603
732	0.95566	0.019384	0.024456	0.00049938
733	0.9559	0.019203	0.0244	0.00049295
734	0.95811	0.017062	0.024394	0.00043661
735	0.96207	0.013166	0.024433	0.00033562
736	0.96312	0.01217	0.024397	0.00030914
737	0.96598	0.0093779	0.024406	0.00023745
738	0.97102	0.0043993	0.02447	0.00011111
739	0.96704	0.0084396	0.024306	0.0002122
740	0.96493	0.010617	0.02419	0.00026621
741	0.96445	0.011156	0.024115	0.00027909
742	0.96149	0.01418	0.023977	0.00035413
743	0.96008	0.015648	0.023879	0.00038982
744	0.95465	0.021148	0.023682	0.00052517
745	0.94173	0.034126	0.0233	0.00084535
746	0.93356	0.042353	0.023036	0.0010468
747	0.92827	0.047706	0.022846	0.001176
748	0.92607	0.049969	0.022731	0.0012288
749	0.92605	0.05005	0.022671	0.0012276
750	0.92884	0.047327	0.022679	0.0011581
751	0.93401	0.042215	0.022745	0.0010305
752	0.94277	0.033517	0.022898	0.00081665
753	0.95512	0.021229	0.023137	0.00051644
754	0.97206	0.0043433	0.023487	0.00010579
755	0.9713	0.0051645	0.023407	0.00012535
756	0.97154	0.0049832	0.023352	0.00012058
757	0.97028	0.0063084	0.023261	0.00015198
758	0.9701	0.0065442	0.023197	0.00015703
759	0.97124	0.0054676	0.023163	0.0001308
760	0.97384	0.0029278	0.023165	6.9949e-05
761	0.97481	0.0020119	0.023128	4.7954e-05
762	0.97674	0.00014121	0.023114	3.3514e-06
763	0.97594	0.0010037	0.023034	2.3703e-05
764	0.97593	0.0010727	0.022974	2.53e-05
765	0.97662	0.00044265	0.02293	1.0429e-05
766	0.97622	0.00090249	0.022861	2.1177e-05
767	0.97224	0.0049405	0.022708	0.00011569
768	0.96975	0.0074846	0.022591	0.0001747
769	0.96882	0.0084689	0.02251	0.00019723
770	0.96906	0.0082917	0.022457	0.0001926
771	0.97071	0.0067023	0.022436	0.00015542
772	0.97068	0.0067823	0.022377	0.00015704
773	0.97175	0.0057719	0.022342	0.00013346
774	0.974	0.0035809	0.022336	8.2785e-05
775	0.97257	0.0050641	0.022244	0.00011685
776	0.9722	0.0054994	0.022177	0.00012665
777	0.97283	0.0049196	0.022134	0.00011316
778	0.97197	0.0058425	0.022057	0.00013398
779	0.969	0.0088646	0.021931	0.00020271
780	0.96743	0.010487	0.021838	0.00023918
781	0.96278	0.015201	0.021675	0.00034581
782	0.95996	0.018079	0.021555	0.00041021
783	0.95915	0.018942	0.02148	0.00042902
784	0.94106	0.037086	0.021016	0.00083701
785	0.92924	0.048968	0.020695	0.0011026
786	0.92107	0.057186	0.020457	0.0012843
787	0.91593	0.062385	0.020289	0.0013973
788	0.91397	0.064399	0.020192	0.0014391
789	0.91436	0.064064	0.020148	0.0014285
790	0.89021	0.08827	0.019558	0.0019625
791	0.87253	0.106	0.019116	0.0023497
792	0.85998	0.11861	0.01879	0.0026213
793	0.8516	0.12704	0.018558	0.0027995
794	0.84676	0.13194	0.018404	0.0028991
795	0.84512	0.13363	0.018322	0.0029279
796	0.83429	0.14451	0.018039	0.0031567
797	0.80393	0.17493	0.017336	0.0038062
798	0.72812	0.2508	0.015659	0.0054298
799	0.54043	0.43854	0.011596	0.0094404
800	0.40889	0.57012	0.0087496	0.012234
801	0.31831	0.66076	0.0067894	0.014141
802	0.2495	0.72962	0.0053067	0.015571
803	0.20144	0.77774	0.0042705	0.016554
804	0.16502	0.81421	0.0034882	0.017284
805	0.13748	0.8418	0.0028987	0.017821
806	0.11853	0.8608	0.002492	0.018175
807	0.106	0.87338	0.0022219	0.018393
808	0.098161	0.88128	0.002051	0.018511
809	0.093901	0.88559	0.0019556	0.018554
810	0.091785	0.88776	0.0019058	0.018552
811	0.080353	0.89924	0.0016618	0.018744
812	0.072911	0.90674	0.0015018	0.018852
813	0.067836	0.91186	0.0013919	0.018909
814	0.064728	0.91502	0.0013236	0.018926
815	0.063312	0.91649	0.0012905	0.018907
816	0.063482	0.91637	0.0012903	0.018856
817	0.065282	0.91462	0.0013236	0.018772
818	0.069487	0.91047	0.0014053	0.018639
819	0.075856	0.90415	0.0015307	0.018462
820	0.086048	0.89401	0.0017323	0.01821
821	0.099841	0.88027	0.0020059	0.017885
822	0.11837	0.86179	0.0023742	0.017466
823	0.14309	0.83712	0.0028659	0.016924
824	0.17868	0.80158	0.003572	0.016167
825	0.22581	0.7545	0.0045073	0.015182
826	0.24499	0.73537	0.0048782	0.014761
827	0.27341	0.707	0.00543	0.014159
828	0.31149	0.66897	0.0061719	0.013366
829	0.36198	0.61853	0.0071578	0.012331
830	0.42903	0.55153	0.0084685	0.01097
831	0.51787	0.46274	0.010207	0.0091826
832	0.5063	0.47436	0.009952	0.009388
833	0.50096	0.47975	0.0098205	0.0094698
834	0.49977	0.48098	0.0097716	0.0094694
835	0.50377	0.47704	0.0098239	0.0093679
836	0.51208	0.46877	0.0099606	0.009182
837	0.52697	0.45393	0.010224	0.0088696
838	0.55033	0.43062	0.010649	0.0083951
839	0.58577	0.39524	0.011304	0.007691
840	0.63317	0.34788	0.012188	0.0067584
841	0.69615	0.28495	0.013368	0.0055292
842	0.72061	0.26055	0.013803	0.0050454
843	0.72777	0.25343	0.013905	0.0048954
844	0.74118	0.24006	0.014125	0.0046269
845	0.76272	0.21858	0.014498	0.0042056
846	0.79214	0.1892	0.01502	0.0036352
847	0.78779	0.1936	0.014898	0.0037098
848	0.78787	0.19357	0.01486	0.0037
849	0.79146	0.19002	0.014889	0.0036234
850	0.79885	0.18269	0.01499	0.0034752
851	0.8106	0.17099	0.015173	0.0032449
852	0.82763	0.154	0.015455	0.0029157
853	0.85378	0.12789	0.015906	0.0024175
854	0.88899	0.092738	0.016526	0.0017511
855	0.90267	0.079096	0.01674	0.0014905
856	0.89653	0.085283	0.016583	0.0016011
857	0.89417	0.087688	0.016497	0.0016412
858	0.89449	0.087418	0.016461	0.0016314
859	0.89833	0.083626	0.016489	0.0015566
860	0.90521	0.076786	0.016574	0.0014258
861	0.91568	0.066363	0.016725	0.0012291
862	0.93214	0.049952	0.016985	0.00092376
863	0.95452	0.027613	0.017353	0.00051043
864	0.95597	0.02621	0.017334	0.00048333
865	0.95928	0.022948	0.01735	0.00042231
866	0.96467	0.0176	0.017404	0.00032346
867	0.97256	0.0097598	0.017503	0.00017956
868	0.97189	0.010472	0.017446	0.00019183
869	0.9727	0.0097023	0.017416	0.00017741
870	0.97516	0.0072936	0.017415	0.00013366
871	0.9719	0.010598	0.017311	0.00019325
872	0.96336	0.019181	0.017112	0.00034823
873	0.95752	0.025065	0.016962	0.00045364
874	0.9413	0.041325	0.016627	0.00074468
875	0.93064	0.052036	0.016393	0.00093529
876	0.92338	0.05934	0.01622	0.0010638
877	0.91897	0.06379	0.0161	0.0011408
878	0.91708	0.065723	0.016025	0.0011727
879	0.90812	0.074722	0.015825	0.0013296
880	0.88538	0.097507	0.015381	0.0017302
881	0.86883	0.1141	0.015049	0.0020189
882	0.85721	0.12577	0.014805	0.0022191
883	0.8258	0.15722	0.014218	0.0027641
884	0.80264	0.18042	0.013778	0.0031616
885	0.78607	0.19704	0.013455	0.0034421
886	0.77471	0.20843	0.013225	0.0036306
887	0.7677	0.21548	0.013071	0.0037428
888	0.76451	0.21872	0.012983	0.0037887
889	0.76495	0.21832	0.012958	0.0037721
890	0.76899	0.21432	0.012996	0.0036936
891	0.77693	0.20642	0.0131	0.0035486
892	0.7908	0.19259	0.013304	0.0033038
893	0.81047	0.17296	0.013605	0.0029612
894	0.81579	0.16769	0.013663	0.0028633
895	0.81215	0.17136	0.013569	0.0029168
896	0.81191	0.17164	0.013533	0.0029126
897	0.81593	0.16766	0.013568	0.0028373
898	0.82472	0.15892	0.013683	0.0026826
899	0.83798	0.1457	0.013872	0.0024533
900	0.85681	0.1269	0.014154	0.0021312
901	0.88269	0.10107	0.014554	0.0016921
902	0.92047	0.063319	0.015149	0.0010568
903	0.9759	0.0079294	0.016034	0.00013213
904	0.97428	0.0095982	0.015968	0.00015916
905	0.9739	0.010013	0.015922	0.00016541
906	0.97499	0.0089616	0.0159	0.00014769
907	0.97398	0.010016	0.015844	0.00016444
908	0.97443	0.0096051	0.015811	0.00015731
909	0.97613	0.0079393	0.0158	0.00012976
910	0.9758	0.0083122	0.015755	0.00013539
911	0.97662	0.0075307	0.015729	0.00012226
912	0.97865	0.0055354	0.015723	8.9537e-05
913	0.97582	0.0084021	0.015639	0.00013522
914	0.97437	0.0098894	0.015577	0.00015852
915	0.97441	0.0098905	0.015539	0.00015806
916	0.97594	0.0084051	0.015525	0.00013401
917	0.97884	0.0055401	0.015532	8.8049e-05
918	0.98381	0.00060682	0.015572	9.6414e-06
919	0.98362	0.00083803	0.01553	1.3266e-05
920	0.98409	0.00040551	0.015499	6.3885e-06
921	0.98442	0.00010754	0.015466	1.6847e-06
922	0.98145	0.0031227	0.015381	4.8834e-05
923	0.97989	0.0047156	0.015318	7.3596e-05
924	0.97959	0.005054	0.015274	7.8733e-05
925	0.97756	0.0071212	0.015204	0.00011081
926	0.97674	0.0079805	0.015153	0.00012389
927	0.97732	0.007442	0.015123	0.00011533
928	0.97623	0.008568	0.015067	0.00013261
929	0.97632	0.0085162	0.01503	0.00013157
930	0.97759	0.0072825	0.015012	0.00011228
931	0.97714	0.0077693	0.014967	0.00011957
932	0.97783	0.0071263	0.014939	0.00010946
933	0.9797	0.0052918	0.01493	8.114e-05
934	0.97987	0.0051576	0.014895	7.8846e-05
935	0.98107	0.0039953	0.014876	6.0883e-05
936	0.98366	0.0014362	0.014878	2.1887e-05
937	0.98147	0.0036634	0.014807	5.5523e-05
938	0.98038	0.0047972	0.014754	7.2449e-05
939	0.97737	0.0078426	0.014671	0.00011812
940	0.97604	0.0092065	0.014614	0.00013841
941	0.97593	0.0093533	0.014576	0.0001403
942	0.97704	0.008281	0.014556	0.00012393
943	0.97612	0.0092348	0.014506	0.00013775
944	0.97668	0.0087171	0.014477	0.00012971
945	0.97877	0.006655	0.014472	9.8936e-05
946	0.97895	0.0065169	0.014438	9.668e-05
947	0.98022	0.0052804	0.014421	7.8183e-05
948	0.98269	0.0028515	0.014421	4.2165e-05
949	0.98359	0.0019845	0.014398	2.9269e-05
950	0.98374	0.0018641	0.014365	2.744e-05
951	0.98471	0.00093339	0.014343	1.3759e-05
952	0.98389	0.0017854	0.014295	2.6201e-05
953	0.9818	0.0039131	0.01423	5.7171e-05
954	0.9808	0.0049528	0.01418	7.2148e-05
955	0.9808	0.0049831	0.014145	7.2407e-05
956	0.98181	0.0040063	0.014125	5.8087e-05
957	0.97851	0.0073443	0.014043	0.00010609
958	0.95167	0.034221	0.013621	0.00049306
959	0.93174	0.054178	0.013302	0.00077821
960	0.91729	0.068661	0.013063	0.00098321
961	0.90719	0.078801	0.012887	0.001125
962	0.90141	0.084616	0.012773	0.0012049
963	0.89921	0.086848	0.01271	0.0012338
964	0.90045	0.085639	0.012696	0.0012142
965	0.9044	0.081721	0.01272	0.0011562
966	0.91136	0.074794	0.012787	0.0010559
967	0.91104	0.075156	0.012751	0.0010583
968	0.91386	0.072367	0.012759	0.0010167
969	0.91946	0.066801	0.012806	0.00093633
970	0.92827	0.058021	0.012898	0.00081122
971	0.94211	0.044212	0.013059	0.00061696
972	0.96118	0.025181	0.013293	0.00035067
973	0.96181	0.02458	0.013269	0.00034124
974	0.96457	0.02185	0.013275	0.00030254
975	0.96981	0.016643	0.013315	0.00023003
976	0.97137	0.015119	0.013303	0.00020857
977	0.97453	0.01199	0.013314	0.00016515
978	0.97954	0.007012	0.01335	9.6525e-05
979	0.98132	0.0052616	0.013342	7.2302e-05
980	0.98144	0.0051755	0.013311	7.088e-05
981	0.98282	0.0038351	0.013297	5.2484e-05
982	0.98027	0.0064098	0.01323	8.7436e-05
983	0.979	0.0077155	0.01318	0.00010498
984	0.97889	0.0078543	0.013146	0.00010664
985	0.97994	0.0068368	0.013128	9.2683e-05
986	0.97917	0.0076441	0.013086	0.0001033
987	0.96725	0.019591	0.012894	0.0002635
988	0.95874	0.02813	0.012749	0.00037708
989	0.953	0.033909	0.012642	0.00045316
990	0.95008	0.036857	0.012573	0.00049137
991	0.94917	0.0378	0.01253	0.00050272
992	0.95065	0.036351	0.012519	0.00048252
993	0.9547	0.032325	0.012542	0.0004286
994	0.94577	0.041295	0.012392	0.0005465
995	0.93981	0.047285	0.012283	0.00062436
