#coord	neutral	conserved	gBGC.neutral	gBGC.conserved
1	0.76444	0.23473	0.00063825	0.00019705
2	0.77033	0.22883	0.0006421	0.00019173
3	0.78057	0.2186	0.00064969	0.00018272
4	0.79749	0.20167	0.00066275	0.00016822
5	0.82326	0.17591	0.000683	0.0001465
6	0.86181	0.13736	0.00071357	0.00011444
7	0.91319	0.085982	0.00075492	7.1641e-05
8	0.93574	0.063435	0.00077212	5.2966e-05
9	0.96625	0.032924	0.00079603	2.764e-05
10	0.97811	0.021066	0.00080455	1.7738e-05
11	0.98251	0.016665	0.00080693	1.4028e-05
12	0.98919	0.0099856	0.00081128	8.3961e-06
13	0.99189	0.0072955	0.00081223	6.1404e-06
14	0.99618	0.0030037	0.00081457	2.5414e-06
15	0.99795	0.0012376	0.00081485	1.0535e-06
16	0.99742	0.0017603	0.00081326	1.4793e-06
17	0.99768	0.0015065	0.00081236	1.2609e-06
18	0.99731	0.001876	0.000811	1.5545e-06
19	0.99773	0.00146	0.00081032	1.1998e-06
20	0.99912	7.4019e-05	0.00081041	6.1085e-08
21	0.99916	2.7756e-05	0.00080944	2.2637e-08
22	0.99889	0.00030612	0.00080819	2.5112e-07
23	0.99848	0.00070956	0.00080687	5.8053e-07
24	0.99874	0.00045678	0.00080614	3.7403e-07
25	0.99884	0.00035352	0.00080533	2.883e-07
26	0.99886	0.00033296	0.0008045	2.6866e-07
27	0.99787	0.0013274	0.00080282	1.0695e-06
28	0.99776	0.0014371	0.00080183	1.1622e-06
29	0.99841	0.00079097	0.0008015	6.4116e-07
30	0.99869	0.00050499	0.00080092	4.0769e-07
31	0.99778	0.0014194	0.00079934	1.1455e-06
32	0.99566	0.0035396	0.00079686	2.8411e-06
33	0.99452	0.0046844	0.00079515	3.7532e-06
34	0.99429	0.0049137	0.00079418	3.9319e-06
35	0.9951	0.0041059	0.00079403	3.2823e-06
36	0.99453	0.0046697	0.00079279	3.7285e-06
37	0.99499	0.0042166	0.00079235	3.3638e-06
38	0.99635	0.0028587	0.00079263	2.2796e-06
39	0.9965	0.0027053	0.00079195	2.1562e-06
40	0.99746	0.0017477	0.00079191	1.3942e-06
41	0.99757	0.001633	0.00079119	1.3039e-06
42	0.99696	0.002245	0.00078989	1.7933e-06
43	0.99711	0.0021008	0.00078919	1.682e-06
44	0.99646	0.0027531	0.00078785	2.2073e-06
45	0.99667	0.0025358	0.00078725	2.0337e-06
46	0.99778	0.0014319	0.00078741	1.1493e-06
47	0.9982	0.0010153	0.00078707	8.1029e-07
48	0.99825	0.00096428	0.0007864	7.6911e-07
49	0.99902	0.00019828	0.00078635	1.5829e-07
50	0.99903	0.00018715	0.00078574	1.4737e-07
51	0.99914	7.5519e-05	0.00078519	5.9675e-08
52	0.99906	0.00015247	0.00078452	1.1944e-07
53	0.99825	0.00096375	0.00078334	7.4716e-07
54	0.9967	0.002513	0.00078155	1.9508e-06
55	0.99625	0.0029656	0.00078059	2.3039e-06
56	0.99683	0.0023847	0.0007804	1.8565e-06
57	0.99651	0.0027122	0.00077956	2.1091e-06
58	0.99517	0.0040519	0.00077789	3.1571e-06
59	0.98295	0.016268	0.00076784	1.2634e-05
60	0.97509	0.024131	0.00076113	1.8756e-05
61	0.96985	0.029373	0.00075654	2.2791e-05
62	0.96681	0.032408	0.00075374	2.5077e-05
63	0.96616	0.033063	0.00075275	2.5539e-05
64	0.96104	0.038184	0.00074825	2.9481e-05
65	0.95882	0.040399	0.00074595	3.1192e-05
66	0.95864	0.040586	0.0007453	3.13e-05
67	0.95354	0.045689	0.0007408	3.5235e-05
68	0.95083	0.048399	0.00073824	3.7278e-05
69	0.95092	0.048304	0.00073779	3.7178e-05
70	0.94581	0.053415	0.00073327	4.1131e-05
71	0.94388	0.055345	0.00073116	4.2645e-05
72	0.94487	0.054361	0.00073125	4.1936e-05
73	0.9482	0.051031	0.00073322	3.9385e-05
74	0.95481	0.044414	0.00073766	3.4347e-05
75	0.96461	0.034616	0.00074461	2.683e-05
76	0.96756	0.031667	0.00074638	2.4548e-05
77	0.97331	0.02592	0.00075025	2.0142e-05
78	0.98179	0.01744	0.00075629	1.3596e-05
79	0.98512	0.014115	0.00075843	1.1007e-05
80	0.98532	0.013915	0.00075819	1.0826e-05
81	0.98694	0.012294	0.00075912	9.5278e-06
82	0.98001	0.01922	0.00075358	1.4745e-05
83	0.97592	0.023317	0.00075014	1.7832e-05
84	0.97375	0.025485	0.00074824	1.9418e-05
85	0.9737	0.025537	0.00074792	1.9407e-05
86	0.96983	0.029408	0.00074465	2.232e-05
87	0.96846	0.030774	0.00074324	2.3345e-05
88	0.96893	0.030304	0.00074331	2.2941e-05
89	0.9717	0.027535	0.00074508	2.0802e-05
90	0.97724	0.021995	0.00074892	1.6579e-05
91	0.98633	0.012909	0.00075539	9.7053e-06
92	0.98972	0.0095188	0.0007576	7.1171e-06
93	0.99065	0.0085831	0.00075793	6.4033e-06
94	0.98952	0.0097136	0.00075665	7.2602e-06
95	0.98964	0.009597	0.00075637	7.1552e-06
96	0.99131	0.0079296	0.00075723	5.8879e-06
97	0.99095	0.0082913	0.00075653	6.1586e-06
98	0.99202	0.0072163	0.00075688	5.3549e-06
99	0.99468	0.0045545	0.00075838	3.3703e-06
100	0.99286	0.0063806	0.00075648	4.7617e-06
101	0.99239	0.0068471	0.00075558	5.1307e-06
102	0.99323	0.0060135	0.00075563	4.5256e-06
103	0.99238	0.0068563	0.00075447	5.1747e-06
104	0.99288	0.0063573	0.00075429	4.816e-06
105	0.99452	0.0047215	0.00075502	3.5846e-06
106	0.9946	0.0046394	0.00075454	3.5396e-06
107	0.99315	0.0060941	0.00075294	4.6569e-06
108	0.99281	0.0064312	0.00075224	4.9108e-06
109	0.99379	0.0054488	0.00075252	4.1732e-06
110	0.99594	0.0033028	0.00075372	2.5406e-06
111	0.99656	0.0026793	0.00075382	2.0614e-06
112	0.99625	0.0029916	0.00075317	2.3055e-06
113	0.99682	0.0024262	0.00075323	1.8749e-06
114	0.99831	0.00093183	0.00075405	7.2972e-07
115	0.96873	0.030513	0.00073117	2.3344e-05
116	0.94847	0.050773	0.00071532	3.8908e-05
117	0.93495	0.064293	0.00070456	4.9354e-05
118	0.92551	0.073738	0.00069704	5.6602e-05
119	0.92021	0.07904	0.00069263	6.0718e-05
120	0.91837	0.080876	0.00069081	6.2218e-05
121	0.91915	0.080098	0.00069106	6.1691e-05
122	0.9226	0.076645	0.00069342	5.9097e-05
123	0.929	0.070247	0.00069809	5.4228e-05
124	0.9284	0.070843	0.00069738	5.4719e-05
125	0.9303	0.068946	0.00069864	5.3279e-05
126	0.93484	0.064408	0.00070198	4.9792e-05
127	0.93297	0.066276	0.00070051	5.1157e-05
128	0.9341	0.065147	0.00070127	5.0275e-05
129	0.93851	0.060738	0.00070447	4.6936e-05
130	0.93728	0.061973	0.0007033	4.7926e-05
131	0.93837	0.060875	0.00070399	4.7109e-05
132	0.94193	0.057323	0.00070662	4.4393e-05
133	0.93949	0.059759	0.00070475	4.621e-05
134	0.94007	0.059178	0.00070512	4.5765e-05
135	0.94301	0.056243	0.00070735	4.3497e-05
136	0.94856	0.050693	0.00071166	3.9195e-05
137	0.95799	0.041258	0.00071887	3.1963e-05
138	0.97131	0.027941	0.00072916	2.1695e-05
139	0.96996	0.029293	0.00072814	2.2718e-05
140	0.97039	0.028864	0.00072853	2.2362e-05
141	0.97263	0.026619	0.00073037	2.0599e-05
142	0.97686	0.02239	0.0007338	1.7288e-05
143	0.97707	0.022179	0.00073409	1.7089e-05
144	0.97894	0.020306	0.0007357	1.5602e-05
145	0.98305	0.016198	0.00073899	1.2429e-05
146	0.98394	0.015307	0.00073976	1.1736e-05
147	0.98636	0.012884	0.00074177	9.8593e-06
148	0.99091	0.0083335	0.00074535	6.3818e-06
149	0.99237	0.0068789	0.00074662	5.2522e-06
150	0.99218	0.0070657	0.00074661	5.3839e-06
151	0.99337	0.0058816	0.0007476	4.4899e-06
152	0.99578	0.0034646	0.00074958	2.6482e-06
153	0.9967	0.0025499	0.00075046	1.9412e-06
154	0.99419	0.0050531	0.00074873	3.8282e-06
155	0.9931	0.0061479	0.00074802	4.6635e-06
156	0.98956	0.0096915	0.00074542	7.3768e-06
157	0.98754	0.011712	0.00074402	8.9158e-06
158	0.98715	0.012099	0.00074383	9.2316e-06
159	0.98355	0.015702	0.00074125	1.1975e-05
160	0.98202	0.017222	0.0007402	1.3158e-05
161	0.98202	0.017229	0.00074037	1.3174e-05
162	0.97861	0.020635	0.0007379	1.58e-05
163	0.96888	0.030361	0.00073067	2.3216e-05
164	0.963	0.03625	0.00072631	2.775e-05
165	0.96012	0.039123	0.0007242	3.0013e-05
166	0.951	0.048245	0.00071737	3.7026e-05
167	0.94496	0.054282	0.00071299	4.1643e-05
168	0.94216	0.057088	0.000711	4.3833e-05
169	0.94167	0.057577	0.00071086	4.4227e-05
170	0.94416	0.055089	0.00071292	4.2387e-05
171	0.92828	0.070968	0.00070082	5.4686e-05
172	0.917	0.082243	0.00069237	6.3378e-05
173	0.91053	0.088713	0.00068753	6.8439e-05
174	0.90796	0.091282	0.00068561	7.055e-05
175	0.9081	0.09114	0.00068585	7.0548e-05
176	0.90095	0.098295	0.0006804	7.6203e-05
177	0.89699	0.10226	0.0006775	7.9354e-05
178	0.89592	0.10332	0.0006769	8.0245e-05
179	0.89766	0.10158	0.00067853	7.8944e-05
180	0.90239	0.096848	0.00068254	7.5305e-05
181	0.91162	0.087623	0.00068993	6.8264e-05
182	0.92662	0.072618	0.00070166	5.6857e-05
183	0.94727	0.051966	0.00071785	4.1021e-05
184	0.9556	0.043645	0.00072451	3.4702e-05
185	0.95721	0.042027	0.00072596	3.3568e-05
186	0.95365	0.045595	0.00072342	3.6462e-05
187	0.94275	0.05649	0.00071519	4.5091e-05
188	0.93539	0.063846	0.00070982	5.0904e-05
189	0.93164	0.067598	0.00070719	5.3947e-05
190	0.93044	0.068797	0.00070662	5.4969e-05
191	0.93228	0.066957	0.00070836	5.3663e-05
192	0.93673	0.062507	0.00071221	5.0295e-05
193	0.88903	0.11021	0.00067457	8.8381e-05
194	0.85615	0.14309	0.00064853	0.00011485
195	0.83391	0.16532	0.00063084	0.00013294
196	0.78191	0.21733	0.00058884	0.00017532
197	0.74312	0.25612	0.00055776	0.00020683
198	0.7145	0.28473	0.00053502	0.00023003
199	0.69381	0.30542	0.00051875	0.0002468
200	0.68091	0.31832	0.00050853	0.0002575
201	0.67289	0.32635	0.00050226	0.00026427
202	0.64526	0.35397	0.00048056	0.00028652
203	0.62528	0.37395	0.00046504	0.00030262
204	0.61154	0.38769	0.00045452	0.00031376
205	0.60287	0.39636	0.00044806	0.00032088
206	0.59869	0.40054	0.00044517	0.00032446
207	0.60001	0.39922	0.00044646	0.00032384
208	0.58698	0.41224	0.00043665	0.00033435
209	0.57894	0.42029	0.00043081	0.00034093
210	0.54888	0.45034	0.00040799	0.00036452
211	0.52711	0.47212	0.00039169	0.00038164
212	0.5119	0.48733	0.00038053	0.00039364
213	0.50207	0.49716	0.00037359	0.00040145
214	0.47003	0.5292	0.00034981	0.00042616
215	0.39482	0.60441	0.00029278	0.00048408
216	0.33813	0.66109	0.00025008	0.0005277
217	0.29553	0.70369	0.00021823	0.00056052
218	0.26675	0.73247	0.00019661	0.00058308
219	0.24545	0.75377	0.00018076	0.00059991
220	0.23001	0.76921	0.00016942	0.00061226
221	0.18518	0.81404	0.00013603	0.00064668
222	0.15454	0.84468	0.00011307	0.00067067
223	0.13156	0.86765	9.5964e-05	0.00068882
224	0.11621	0.88301	8.4465e-05	0.00070136
225	0.10503	0.89419	7.6167e-05	0.00071072
226	0.097143	0.90207	7.0388e-05	0.0007176
227	0.092696	0.90651	6.7132e-05	0.00072194
228	0.091263	0.90795	6.6101e-05	0.00072405
229	0.092645	0.90656	6.7152e-05	0.00072406
230	0.096107	0.9031	6.9817e-05	0.00072248
231	0.10196	0.89725	7.4345e-05	0.00071907
232	0.11165	0.88755	8.1736e-05	0.00071279
233	0.12504	0.87416	9.2022e-05	0.00070363
234	0.14324	0.85596	0.0001061	0.00069072
235	0.14707	0.85214	0.0001092	0.00068881
236	0.15504	0.84416	0.00011545	0.00068374
237	0.16668	0.83252	0.00012461	0.00067579
238	0.1492	0.85	0.00011094	0.00069066
239	0.13643	0.86277	0.00010103	0.0007018
240	0.12846	0.87074	9.4784e-05	0.00070925
241	0.12445	0.87474	9.1568e-05	0.00071367
242	0.12289	0.8763	9.0299e-05	0.00071617
243	0.12371	0.87548	9.0907e-05	0.00071682
244	0.12696	0.87223	9.344e-05	0.00071558
245	0.13381	0.86538	9.868e-05	0.00071162
246	0.14393	0.85526	0.0001065	0.00070511
247	0.15956	0.83962	0.00011848	0.00069442
248	0.1807	0.81848	0.00013481	0.00067942
249	0.20909	0.7901	0.0001569	0.00065869
250	0.25009	0.74909	0.00018862	0.00062831
251	0.30426	0.69492	0.00023086	0.00058744
252	0.37602	0.62316	0.00028727	0.00053245
253	0.40647	0.59271	0.00031132	0.00050979
254	0.44729	0.55188	0.00034377	0.00047877
255	0.50159	0.49759	0.00038722	0.00043679
256	0.52117	0.478	0.00040338	0.00042213
257	0.54829	0.45088	0.0004258	0.00040125
258	0.585	0.41417	0.00045625	0.00037238
259	0.63432	0.36485	0.00049733	0.00033293
260	0.7001	0.29907	0.00055242	0.00027951
261	0.79611	0.20306	0.00063214	0.00020143
262	0.83468	0.16448	0.00066517	0.00017009
263	0.84963	0.14953	0.0006787	0.0001583
264	0.87291	0.12625	0.00069914	0.00013956
265	0.90443	0.094732	0.00072676	0.0001137
266	0.91761	0.081551	0.00073876	0.00010343
267	0.93606	0.063099	0.00075544	8.8533e-05
268	0.94219	0.056964	0.0007632	7.9122e-05
269	0.94196	0.057201	0.00076329	7.7421e-05
270	0.94404	0.055124	0.00076591	7.3244e-05
271	0.94856	0.050606	0.00077132	6.6321e-05
272	0.9559	0.043262	0.0007801	5.6075e-05
273	0.96783	0.031338	0.00079428	4.0407e-05
274	0.97195	0.027221	0.00079869	3.4553e-05
275	0.97909	0.02008	0.00080649	2.5292e-05
276	0.99016	0.0090078	0.00081878	1.1511e-05
277	0.99464	0.0045304	0.00082294	5.9031e-06
278	0.99395	0.0052258	0.00082105	6.3267e-06
279	0.99428	0.0048938	0.00082017	5.7878e-06
280	0.9933	0.0058719	0.00081789	6.6135e-06
281	0.99339	0.005788	0.00081664	6.4669e-06
282	0.99176	0.0074207	0.00081376	7.9986e-06
283	0.99131	0.0078729	0.000812	8.4517e-06
284	0.98886	0.010316	0.00080825	1.0869e-05
285	0.98781	0.011371	0.00080584	1.1998e-05
286	0.98368	0.015506	0.00080048	1.6122e-05
287	0.98165	0.01753	0.00079704	1.8291e-05
288	0.98148	0.017701	0.00079527	1.8784e-05
289	0.98315	0.01604	0.00079507	1.767e-05
290	0.98647	0.012715	0.00079637	1.51e-05
291	0.9917	0.0074919	0.00079936	1.0893e-05
292	0.98464	0.014555	0.00078755	1.6656e-05
293	0.98036	0.018841	0.00077809	2.0014e-05
294	0.97793	0.021278	0.00077038	2.173e-05
295	0.97006	0.029153	0.00075821	2.8001e-05
296	0.96484	0.034378	0.00074845	3.1974e-05
297	0.9619	0.037322	0.00074074	3.4002e-05
298	0.96154	0.037688	0.00073508	3.3929e-05
299	0.96316	0.036074	0.00073116	3.2219e-05
300	0.96686	0.032383	0.00072903	2.8812e-05
301	0.95663	0.042615	0.00071651	3.626e-05
302	0.95039	0.048864	0.00070704	4.063e-05
303	0.94674	0.052518	0.00069971	4.2937e-05
304	0.94606	0.053199	0.0006946	4.2984e-05
305	0.9476	0.051669	0.00069129	4.1317e-05
306	0.95221	0.047064	0.00069024	3.7349e-05
307	0.95108	0.048202	0.00068488	3.778e-05
308	0.9521	0.047184	0.00068125	3.6577e-05
309	0.9559	0.043386	0.0006796	3.3346e-05
310	0.96229	0.037005	0.00067995	2.8197e-05
311	0.97171	0.027586	0.00068264	2.0802e-05
312	0.9863	0.013003	0.00068899	9.7063e-06
313	0.98702	0.012284	0.00068501	9.022e-06
314	0.98945	0.0098562	0.00068218	7.1409e-06
315	0.9935	0.0058128	0.00068059	4.113e-06
316	0.99485	0.0044655	0.00067696	3.082e-06
317	0.99482	0.0045066	0.00067161	3.0916e-06
318	0.99327	0.0060596	0.00066535	4.1144e-06
319	0.98929	0.010049	0.00065759	6.731e-06
320	0.98691	0.012428	0.00065104	8.2273e-06
321	0.9863	0.013043	0.00064561	8.5591e-06
322	0.98704	0.012314	0.00064116	7.9969e-06
323	0.98539	0.013964	0.00063512	8.9877e-06
324	0.98517	0.014191	0.00063011	9.0379e-06
325	0.98664	0.01273	0.00062611	8.028e-06
326	0.98997	0.0093977	0.00062322	5.8685e-06
327	0.99571	0.0036653	0.00062173	2.2683e-06
328	0.99285	0.0065359	0.00061481	4.0375e-06
329	0.9913	0.008089	0.00060884	4.9549e-06
330	0.99096	0.0084305	0.00060373	5.1087e-06
331	0.99202	0.007373	0.00059941	4.4237e-06
332	0.99462	0.004782	0.00059594	2.8422e-06
333	0.99916	0.00024844	0.00059354	1.5248e-07
334	0.99845	0.00096421	0.00058847	5.6798e-07
335	0.99852	0.00089835	0.00058381	5.2325e-07
336	0.9994	2.4223e-05	0.00057958	1.4022e-08
337	0.99925	0.00017643	0.00057471	1.0305e-07
338	0.99525	0.0041794	0.0005677	2.4083e-06
339	0.99303	0.0064053	0.00056169	3.6734e-06
340	0.99203	0.007407	0.00055649	4.2153e-06
341	0.99242	0.0070272	0.00055202	3.983e-06
342	0.99397	0.0054797	0.00054829	3.098e-06
343	0.99064	0.0088126	0.00054193	4.9237e-06
344	0.98878	0.010682	0.0005365	5.9054e-06
345	0.98848	0.010978	0.00053189	6.0272e-06
346	0.98542	0.014048	0.00052573	7.6613e-06
347	0.98393	0.015539	0.00052053	8.4083e-06
348	0.98391	0.015568	0.00051622	8.3557e-06
349	0.98534	0.014137	0.00051276	7.5244e-06
350	0.98878	0.010705	0.00051028	5.6758e-06
351	0.99412	0.0053708	0.00050885	2.8552e-06
352	0.98881	0.010683	0.00050196	5.5731e-06
353	0.9854	0.014098	0.00049617	7.2637e-06
354	0.98398	0.015516	0.00049137	7.9316e-06
355	0.98403	0.015477	0.00048739	7.8477e-06
356	0.98551	0.013994	0.00048421	7.037e-06
357	0.98856	0.010954	0.00048187	5.4578e-06
358	0.99385	0.0056641	0.00048056	2.813e-06
359	0.99582	0.0037042	0.00047767	1.8266e-06
360	0.99625	0.0032743	0.00047409	1.5943e-06
361	0.99566	0.0038724	0.00046998	1.8633e-06
362	0.996	0.0035329	0.00046638	1.6808e-06
363	0.99513	0.0044022	0.00046229	2.0617e-06
364	0.99544	0.0041017	0.00045871	1.9013e-06
365	0.98994	0.0096052	0.00045256	4.3771e-06
366	0.98671	0.012839	0.00044743	5.8002e-06
367	0.9854	0.014153	0.00044313	6.3472e-06
368	0.9855	0.014056	0.00043956	6.2456e-06
369	0.98737	0.012189	0.00043672	5.3715e-06
370	0.99127	0.0082912	0.00043471	3.6343e-06
371	0.99235	0.0072145	0.00043153	3.1373e-06
372	0.99166	0.0079121	0.00042753	3.4197e-06
373	0.99211	0.0074616	0.0004241	3.1984e-06
374	0.99399	0.0055886	0.00042123	2.3838e-06
375	0.99721	0.0023658	0.00041899	1.0063e-06
376	0.99856	0.0010205	0.00041601	4.3225e-07
377	0.99915	0.00043218	0.00041277	1.8166e-07
378	0.99949	9.6486e-05	0.00040949	3.9851e-08
379	0.99953	6.0615e-05	0.00040604	2.5027e-08
380	0.99869	0.00091203	0.0004023	3.7115e-07
381	0.99856	0.0010443	0.00039892	4.2084e-07
382	0.99802	0.0015849	0.00039534	6.3545e-07
383	0.99666	0.0029448	0.00039141	1.1772e-06
384	0.99323	0.0063793	0.00038673	2.5255e-06
385	0.99147	0.0081456	0.00038268	3.2068e-06
386	0.99094	0.0086775	0.00037919	3.3923e-06
387	0.9916	0.0080167	0.00037623	3.1119e-06
388	0.99351	0.0061114	0.0003738	2.3567e-06
389	0.9968	0.0028292	0.00037194	1.0858e-06
390	0.9981	0.0015344	0.00036938	5.8327e-07
391	0.99353	0.0061021	0.0003646	2.2674e-06
392	0.99061	0.0090234	0.00036053	3.3116e-06
393	0.98936	0.010281	0.00035703	3.7425e-06
394	0.98938	0.010264	0.00035407	3.701e-06
395	0.99092	0.0087236	0.00035161	3.1237e-06
396	0.99386	0.0057869	0.0003497	2.0545e-06
397	0.99484	0.004809	0.00034705	1.6965e-06
398	0.99436	0.0052965	0.00034394	1.8498e-06
399	0.99489	0.0047639	0.00034125	1.6446e-06
400	0.99398	0.0056783	0.00033812	1.9313e-06
401	0.99413	0.0055334	0.0003354	1.851e-06
402	0.99558	0.004089	0.00033309	1.3407e-06
403	0.99853	0.0011432	0.00033123	3.451e-07
404	0.99852	0.0011509	0.00033063	3.6123e-07
405	0.99808	0.0015943	0.00032992	5.1322e-07
406	0.99692	0.0027486	0.00032896	9.0119e-07
407	0.99667	0.0029962	0.00032833	9.8514e-07
408	0.99731	0.0023638	0.00032801	7.7605e-07
409	0.99718	0.0024941	0.00032743	8.2041e-07
410	0.996	0.0036689	0.00032653	1.2042e-06
411	0.9958	0.0038771	0.00032599	1.2662e-06
412	0.99434	0.0053322	0.00032501	1.7378e-06
413	0.99417	0.0054996	0.00032443	1.7921e-06
414	0.99527	0.0044025	0.00032425	1.4389e-06
415	0.9975	0.0021714	0.00032446	7.1312e-07
416	0.99835	0.0013263	0.00032425	4.3658e-07
417	0.99862	0.0010597	0.00032388	3.4786e-07
418	0.99079	0.0088904	0.00032084	2.908e-06
419	0.98583	0.013845	0.00031872	4.5335e-06
420	0.98277	0.016911	0.00031726	5.5275e-06
421	0.97385	0.02583	0.00031394	8.4028e-06
422	0.96775	0.031926	0.00031159	1.0343e-05
423	0.96402	0.035662	0.00031003	1.1507e-05
424	0.96282	0.03686	0.00030927	1.1864e-05
425	0.96401	0.035672	0.00030924	1.1463e-05
426	0.96784	0.031838	0.00031004	1.0226e-05
427	0.97409	0.02559	0.00031164	8.2044e-06
428	0.98404	0.015642	0.00031439	5.02e-06
429	0.99784	0.001842	0.00031842	5.8625e-07
430	0.99604	0.0036444	0.00031742	1.1583e-06
431	0.99158	0.0081043	0.00031556	2.5813e-06
432	0.98879	0.010893	0.00031426	3.4596e-06
433	0.98744	0.012243	0.00031346	3.8727e-06
434	0.98769	0.011994	0.00031313	3.7845e-06
435	0.98957	0.010115	0.00031331	3.1865e-06
436	0.98411	0.015574	0.0003112	4.8911e-06
437	0.98105	0.018631	0.00030983	5.8452e-06
438	0.98008	0.019605	0.00030909	6.149e-06
439	0.98067	0.019016	0.00030888	5.9524e-06
440	0.98322	0.01647	0.00030926	5.149e-06
441	0.98804	0.011642	0.00031032	3.643e-06
442	0.98567	0.014012	0.00030911	4.3971e-06
443	0.9848	0.014891	0.0003084	4.6729e-06
444	0.98532	0.014365	0.00030816	4.5006e-06
445	0.98769	0.012001	0.00030848	3.7612e-06
446	0.99174	0.007951	0.00030935	2.4885e-06
447	0.99841	0.0012776	0.00031101	4.117e-07
448	0.99543	0.0042601	0.00030966	1.3697e-06
449	0.99392	0.0057668	0.00030875	1.8621e-06
450	0.99351	0.0061757	0.00030823	2.002e-06
451	0.99107	0.0086181	0.00030708	2.7889e-06
452	0.98995	0.00974	0.00030638	3.1507e-06
453	0.99008	0.0096137	0.00030611	3.1139e-06
454	0.99145	0.0082431	0.00030626	2.6812e-06
455	0.99417	0.0055241	0.00030686	1.8194e-06
456	0.99891	0.00078114	0.00030807	3.3144e-07
457	0.9886	0.011096	0.00030342	4.6809e-06
458	0.98125	0.018442	0.00030002	7.8143e-06
459	0.97634	0.023348	0.00029761	9.9699e-06
460	0.96422	0.035475	0.00029212	1.5206e-05
461	0.95648	0.043213	0.00028837	1.8669e-05
462	0.95227	0.04742	0.00028601	2.0739e-05
463	0.7997	0.2	0.00023848	6.641e-05
464	0.69297	0.30673	0.00020501	9.8012e-05
465	0.61249	0.38721	0.00017993	0.00012124
466	0.55749	0.44221	0.00016255	0.00013678
467	0.5164	0.4833	0.00014955	0.00014794
468	0.48902	0.51068	0.00014063	0.00015502
469	0.47152	0.52818	0.00013463	0.00015916
470	0.45967	0.54003	0.00013039	0.00016157
471	0.45387	0.54584	0.00012789	0.00016222
472	0.45338	0.54633	0.00012691	0.00016135
473	0.43749	0.56222	0.00012157	0.00016485
474	0.42701	0.5727	0.00011787	0.00016675
475	0.42231	0.57741	0.0001158	0.00016701
476	0.34148	0.65823	9.2636e-05	0.00018838
477	0.28045	0.71927	7.5339e-05	0.00020391
478	0.23796	0.76176	6.3225e-05	0.00021425
479	0.20592	0.7938	5.4166e-05	0.00022156
480	0.18191	0.81782	4.742e-05	0.00022658
481	0.16418	0.83555	4.2463e-05	0.00022983
482	0.15136	0.84837	3.8882e-05	0.00023173
483	0.14244	0.85729	3.638e-05	0.00023257
484	0.13667	0.86307	3.4738e-05	0.00023257
485	0.13462	0.86511	3.4052e-05	0.0002316
486	0.11983	0.8799	3.0148e-05	0.00023388
487	0.11018	0.88956	2.7558e-05	0.00023483
488	0.10462	0.89511	2.6006e-05	0.00023473
489	0.10151	0.89823	2.5103e-05	0.000234
490	0.088231	0.91151	2.1651e-05	0.00023582
491	0.07847	0.92127	1.9132e-05	0.00023672
492	0.071534	0.92821	1.7351e-05	0.0002369
493	0.067541	0.93221	1.6293e-05	0.00023635
494	0.066107	0.93364	1.5856e-05	0.00023517
495	0.067032	0.93272	1.5985e-05	0.00023341
496	0.060256	0.9395	1.4259e-05	0.00023353
497	0.056364	0.94339	1.3231e-05	0.00023294
498	0.054128	0.94563	1.262e-05	0.00023195
499	0.05392	0.94584	1.2485e-05	0.00023048
500	0.055714	0.94404	1.2811e-05	0.00022854
501	0.059139	0.94062	1.3522e-05	0.00022623
502	0.065159	0.9346	1.4811e-05	0.00022334
503	0.0736	0.92616	1.6652e-05	0.00021991
504	0.086272	0.91349	1.9413e-05	0.00021556
505	0.10328	0.89649	2.3144e-05	0.00021025
506	0.12596	0.87381	2.814e-05	0.0002037
507	0.13269	0.86708	2.9482e-05	0.00020082
508	0.12978	0.86999	2.8612e-05	0.00020014
509	0.13012	0.86966	2.8459e-05	0.00019873
510	0.13288	0.86689	2.8861e-05	0.00019679
511	0.13829	0.86148	2.9854e-05	0.00019427
512	0.14682	0.85296	3.1534e-05	0.00019109
513	0.16069	0.83909	3.4331e-05	0.00018678
514	0.17962	0.82016	3.8212e-05	0.00018141
515	0.20503	0.79475	4.3481e-05	0.00017467
516	0.24255	0.75724	5.123e-05	0.00016544
517	0.23903	0.76076	5.0144e-05	0.00016506
518	0.23979	0.76	4.9955e-05	0.00016377
519	0.24516	0.75463	5.071e-05	0.00016153
520	0.21204	0.78775	4.3428e-05	0.00016735
521	0.18935	0.81044	3.8373e-05	0.00017093
522	0.1726	0.82719	3.4647e-05	0.00017319
523	0.16054	0.83926	3.1951e-05	0.00017445
524	0.15223	0.84756	3.0068e-05	0.00017491
525	0.14711	0.85269	2.8863e-05	0.00017471
526	0.12942	0.87038	2.5162e-05	0.000177
527	0.11791	0.88189	2.2703e-05	0.00017804
528	0.10985	0.88995	2.0971e-05	0.00017837
529	0.085031	0.91477	1.6046e-05	0.0001819
530	0.066188	0.93362	1.2355e-05	0.00018422
531	0.053132	0.94667	9.789e-06	0.00018541
532	0.043335	0.95647	7.8856e-06	0.00018595
533	0.036723	0.96308	6.5885e-06	0.00018587
534	0.031881	0.96793	5.6445e-06	0.00018546
535	0.029024	0.97079	5.0672e-06	0.00018467
536	0.027252	0.97256	4.699e-06	0.00018369
537	0.026432	0.97338	4.5093e-06	0.00018255
538	0.026501	0.97331	4.4819e-06	0.00018126
539	0.027464	0.97235	4.6138e-06	0.00017982
540	0.029418	0.9704	4.9189e-06	0.00017823
541	0.026018	0.9738	4.3368e-06	0.00017758
542	0.0242	0.97562	4.0209e-06	0.00017665
543	0.023636	0.97618	3.9146e-06	0.00017551
544	0.018263	0.98156	2.9995e-06	0.00017519
545	0.014176	0.98565	2.3129e-06	0.00017466
546	0.011055	0.98877	1.7958e-06	0.00017397
547	0.0086549	0.99117	1.404e-06	0.00017317
548	0.0070789	0.99275	1.145e-06	0.00017223
549	0.0061067	0.99372	9.8274e-07	0.00017118
550	0.005385	0.99444	8.6368e-07	0.00017011
551	0.0048572	0.99497	7.7779e-07	0.00016901
552	0.0046735	0.99516	7.4482e-07	0.00016786
553	0.0046101	0.99522	7.3197e-07	0.0001667
554	0.0046711	0.99516	7.397e-07	0.00016553
555	0.0048612	0.99497	7.6865e-07	0.00016435
556	0.0051953	0.99464	8.2115e-07	0.00016316
557	0.0056997	0.99414	9.0148e-07	0.00016196
558	0.0064138	0.99342	1.0161e-06	0.00016074
559	0.0073819	0.99246	1.1723e-06	0.00015949
560	0.0089723	0.99087	1.4231e-06	0.00015813
561	0.011344	0.9885	1.7915e-06	0.00015665
562	0.014798	0.98505	2.3212e-06	0.000155
563	0.019282	0.98056	3.0102e-06	0.00015321
564	0.025879	0.97397	4.0111e-06	0.00015109
565	0.020499	0.97935	3.1615e-06	0.00015084
566	0.01687	0.98298	2.5851e-06	0.00015031
567	0.01419	0.98566	2.1657e-06	0.00014963
568	0.012541	0.98731	1.9039e-06	0.00014879
569	0.01177	0.98808	1.7743e-06	0.0001478
570	0.011768	0.98808	1.7585e-06	0.0001467
571	0.012536	0.98732	1.8536e-06	0.00014548
572	0.0096966	0.99016	1.422e-06	0.0001448
573	0.0077564	0.9921	1.1251e-06	0.00014397
574	0.0062501	0.99361	8.987e-07	0.00014309
575	0.0052499	0.99461	7.4606e-07	0.00014212
576	0.0044512	0.99541	6.265e-07	0.00014114
577	0.0039881	0.99587	5.5399e-07	0.0001401
578	0.0036225	0.99624	4.9767e-07	0.00013906
579	0.0033257	0.99654	4.5292e-07	0.00013801
580	0.0032329	0.99663	4.3473e-07	0.00013693
581	0.0031734	0.99669	4.2223e-07	0.00013586
582	0.0031353	0.99673	4.1354e-07	0.0001348
583	0.0031228	0.99674	4.0914e-07	0.00013374
584	0.0032913	0.99658	4.2653e-07	0.00013266
585	0.0034921	0.99638	4.4851e-07	0.00013158
586	0.0037403	0.99613	4.7696e-07	0.0001305
587	0.0040549	0.99582	5.1427e-07	0.00012943
588	0.0046558	0.99522	5.8516e-07	0.00012832
589	0.0054144	0.99446	6.7582e-07	0.0001272
590	0.0063791	0.99349	7.9215e-07	0.00012606
591	0.0076232	0.99225	9.4316e-07	0.0001249
592	0.0092411	0.99063	1.1405e-06	0.0001237
593	0.01166	0.98822	1.431e-06	0.00012241
594	0.015269	0.98461	1.8587e-06	0.00012096
595	0.019955	0.97992	2.4143e-06	0.00011941
596	0.026074	0.97381	3.1397e-06	0.00011769
597	0.034131	0.96575	4.0951e-06	0.00011575
598	0.045714	0.95417	5.4503e-06	0.00011341
599	0.049103	0.95078	5.8058e-06	0.00011206
600	0.046784	0.9531	5.4814e-06	0.00011138
601	0.046446	0.95344	5.387e-06	0.00011046
602	0.039702	0.96018	4.5475e-06	0.00011028
603	0.034792	0.96509	3.9399e-06	0.00010988
604	0.031943	0.96794	3.5717e-06	0.00010923
605	0.030759	0.96913	3.3921e-06	0.00010839
606	0.030597	0.96929	3.3323e-06	0.00010744
607	0.031846	0.96804	3.422e-06	0.00010633
608	0.034188	0.9657	3.63e-06	0.00010511
609	0.037832	0.96206	3.9749e-06	0.00010377
610	0.043061	0.95683	4.4839e-06	0.00010227
611	0.042554	0.95734	4.3796e-06	0.00010138
612	0.043282	0.95661	4.4082e-06	0.00010037
613	0.045826	0.95407	4.6158e-06	9.9167e-05
614	0.04989	0.95001	4.9762e-06	9.7825e-05
615	0.05578	0.94412	5.5169e-06	9.6312e-05
616	0.043647	0.95625	4.2704e-06	9.66e-05
617	0.034497	0.9654	3.3449e-06	9.6578e-05
618	0.028382	0.97152	2.7229e-06	9.6245e-05
619	0.02386	0.97604	2.2688e-06	9.5754e-05
620	0.020983	0.97892	1.9752e-06	9.5096e-05
621	0.019387	0.98052	1.8045e-06	9.4307e-05
622	0.018535	0.98137	1.7086e-06	9.3453e-05
623	0.01838	0.98153	1.6811e-06	9.254e-05
624	0.019222	0.98068	1.7426e-06	9.1532e-05
625	0.021169	0.97874	1.9e-06	9.042e-05
626	0.024032	0.97588	2.1389e-06	8.9236e-05
627	0.02803	0.97188	2.4772e-06	8.7962e-05
628	0.03422	0.96569	2.9979e-06	8.6498e-05
629	0.042496	0.95742	3.6954e-06	8.4867e-05
630	0.054509	0.9454	4.6955e-06	8.2926e-05
631	0.071789	0.92812	6.1144e-06	8.056e-05
632	0.076882	0.92303	6.4779e-06	7.9258e-05
633	0.084403	0.91551	7.043e-06	7.7764e-05
634	0.083452	0.91646	6.8939e-06	7.6993e-05
635	0.085048	0.91487	6.9511e-06	7.601e-05
636	0.089394	0.91052	7.2241e-06	7.4803e-05
637	0.097236	0.90268	7.7631e-06	7.3322e-05
638	0.10823	0.89169	8.5454e-06	7.1608e-05
639	0.12329	0.87663	9.6374e-06	6.9593e-05
640	0.14579	0.85413	1.127e-05	6.703e-05
641	0.17565	0.82428	1.3442e-05	6.3937e-05
642	0.21529	0.78464	1.6332e-05	6.0137e-05
643	0.22844	0.77148	1.7152e-05	5.8415e-05
644	0.24868	0.75124	1.847e-05	5.6188e-05
645	0.27914	0.72079	2.0491e-05	5.325e-05
646	0.32406	0.67587	2.3487e-05	4.9328e-05
647	0.38348	0.61645	2.7472e-05	4.4427e-05
648	0.47007	0.52986	3.3238e-05	3.7736e-05
649	0.47622	0.52371	3.3216e-05	3.6822e-05
650	0.48851	0.51142	3.3591e-05	3.5502e-05
651	0.50657	0.49336	3.435e-05	3.3809e-05
652	0.5319	0.46804	3.5582e-05	3.1656e-05
653	0.56944	0.43049	3.7554e-05	2.8752e-05
654	0.6196	0.38034	4.0308e-05	2.508e-05
655	0.63809	0.36185	4.0949e-05	2.3532e-05
656	0.66631	0.33363	4.2159e-05	2.1406e-05
657	0.70446	0.29548	4.3966e-05	1.8695e-05
658	0.7608	0.23914	4.6805e-05	1.4941e-05
659	0.83581	0.16413	5.0721e-05	1.0124e-05
660	0.93493	0.065008	5.601e-05	3.9469e-06
661	0.9356	0.064338	5.5242e-05	3.8424e-06
662	0.93935	0.060594	5.4638e-05	3.5609e-06
663	0.94664	0.053298	5.4218e-05	3.0836e-06
664	0.95738	0.042564	5.4e-05	2.4198e-06
665	0.97399	0.02595	5.4074e-05	1.4499e-06
666	0.98101	0.018932	5.3575e-05	1.0413e-06
667	0.99101	0.0089334	5.3241e-05	4.812e-07
668	0.99126	0.0086902	5.2356e-05	4.5971e-07
669	0.98929	0.010659	5.1372e-05	5.5236e-07
670	0.9889	0.011045	5.0459e-05	5.6169e-07
671	0.99005	0.0098955	4.961e-05	4.9427e-07
672	0.99295	0.0069995	4.8831e-05	3.4423e-07
673	0.99372	0.0062364	4.796e-05	3.0111e-07
674	0.99299	0.0069601	4.7003e-05	3.3042e-07
675	0.99339	0.0065671	4.6115e-05	3.0577e-07
676	0.99519	0.0047665	4.5277e-05	2.1842e-07
677	0.99536	0.0045997	4.4377e-05	2.067e-07
678	0.99403	0.0059268	4.3426e-05	2.6021e-07
679	0.99402	0.0059414	4.2521e-05	2.5565e-07
680	0.99507	0.0048859	4.1675e-05	2.0555e-07
681	0.99757	0.0023912	4.0873e-05	9.888e-08
682	0.99673	0.0032303	3.9917e-05	1.3124e-07
683	0.9968	0.0031564	3.9014e-05	1.2572e-07
684	0.9978	0.0021636	3.816e-05	8.4607e-08
685	0.99575	0.0042165	3.7204e-05	1.5998e-07
686	0.99103	0.0089383	3.614e-05	3.3106e-07
687	0.98843	0.011536	3.5147e-05	4.1806e-07
688	0.98726	0.012703	3.4223e-05	4.4945e-07
689	0.98299	0.016978	3.321e-05	5.8437e-07
690	0.98055	0.019421	3.2279e-05	6.5006e-07
691	0.97974	0.020224	3.1418e-05	6.5788e-07
692	0.98091	0.019055	3.0608e-05	6.0312e-07
693	0.98374	0.016233	2.986e-05	4.9907e-07
694	0.98891	0.011057	2.9165e-05	3.3073e-07
695	0.99644	0.003535	2.8542e-05	1.0219e-07
696	0.99992	5.5219e-05	2.7779e-05	1.4874e-09
697	0.99993	4.1404e-05	2.6904e-05	8.2449e-10
698	0.99926	0.00071523	2.6029e-05	1.1877e-08
699	0.99801	0.0019621	2.617e-05	4.6126e-08
700	0.99508	0.0048984	2.6257e-05	1.2596e-07
701	0.98847	0.011504	2.6234e-05	3.0698e-07
702	0.98455	0.015425	2.6272e-05	4.1785e-07
703	0.98235	0.017624	2.6362e-05	4.8217e-07
704	0.9817	0.018269	2.6498e-05	5.0404e-07
705	0.98257	0.017407	2.6679e-05	4.8424e-07
706	0.98502	0.014954	2.691e-05	4.1962e-07
707	0.98923	0.010741	2.7196e-05	3.0446e-07
708	0.99552	0.0044497	2.7547e-05	1.2841e-07
709	0.9567	0.043269	2.6629e-05	1.226e-06
710	0.92996	0.070013	2.6028e-05	1.9985e-06
711	0.91032	0.089653	2.5629e-05	2.5726e-06
712	0.89747	0.1025	2.5409e-05	2.9604e-06
713	0.88884	0.11113	2.5313e-05	3.2283e-06
714	0.88456	0.11542	2.5331e-05	3.3743e-06
715	0.88423	0.11574	2.5453e-05	3.4073e-06
716	0.88684	0.11313	2.5667e-05	3.3529e-06
717	0.88103	0.11894	2.5639e-05	3.5444e-06
718	0.87841	0.12156	2.571e-05	3.6416e-06
719	0.87957	0.1204	2.5883e-05	3.6282e-06
720	0.88483	0.11514	2.617e-05	3.4931e-06
721	0.8937	0.10627	2.6573e-05	3.2462e-06
722	0.90688	0.093095	2.7115e-05	2.8639e-06
723	0.92538	0.07459	2.7833e-05	2.3109e-06
724	0.93251	0.067456	2.8196e-05	2.1041e-06
725	0.94318	0.056788	2.8677e-05	1.7838e-06
726	0.95819	0.041777	2.9305e-05	1.3218e-06
727	0.96347	0.036502	2.9636e-05	1.1602e-06
728	0.97231	0.027659	3.0072e-05	8.8553e-07
729	0.98474	0.015226	3.0633e-05	4.9138e-07
730	0.98457	0.0154	3.0798e-05	4.9755e-07
731	0.98148	0.018484	3.0861e-05	5.9713e-07
732	0.98009	0.019879	3.0983e-05	6.4304e-07
733	0.98028	0.019693	3.116e-05	6.3799e-07
734	0.98247	0.017495	3.1394e-05	5.686e-07
735	0.98647	0.0135	3.1692e-05	4.3894e-07
736	0.98749	0.012478	3.1885e-05	4.0636e-07
737	0.99035	0.0096145	3.2129e-05	3.1395e-07
738	0.99546	0.00451	3.2437e-05	1.4813e-07
739	0.99132	0.0086514	3.2448e-05	2.8372e-07
740	0.98908	0.010882	3.2513e-05	3.584e-07
741	0.98853	0.011434	3.2622e-05	3.7875e-07
742	0.98543	0.014533	3.2639e-05	4.8453e-07
743	0.98393	0.016037	3.2715e-05	5.3688e-07
744	0.9783	0.021671	3.2659e-05	7.2677e-07
745	0.965	0.034969	3.2332e-05	1.1773e-06
746	0.95657	0.043396	3.2157e-05	1.4684e-06
747	0.95109	0.048878	3.2086e-05	1.6595e-06
748	0.94877	0.051194	3.2112e-05	1.7454e-06
749	0.94869	0.051274	3.2221e-05	1.7542e-06
750	0.95148	0.048481	3.2417e-05	1.6659e-06
751	0.95672	0.043242	3.2704e-05	1.4915e-06
752	0.96564	0.03433	3.3109e-05	1.1913e-06
753	0.97822	0.021743	3.365e-05	7.5981e-07
754	0.99552	0.0044481	3.4366e-05	1.5818e-07
755	0.99468	0.0052887	3.4456e-05	1.8811e-07
756	0.99486	0.0051028	3.4588e-05	1.8182e-07
757	0.99351	0.0064594	3.467e-05	2.2948e-07
758	0.99326	0.0067005	3.4798e-05	2.3772e-07
759	0.99437	0.0055978	3.4963e-05	1.9898e-07
760	0.99697	0.0029973	3.5172e-05	1.0741e-07
761	0.9979	0.0020596	3.5329e-05	7.4128e-08
762	0.99982	0.00014455	3.5526e-05	5.1897e-09
763	0.99894	0.0010273	3.5614e-05	3.6714e-08
764	0.99887	0.0010979	3.5722e-05	3.9558e-08
765	0.99951	0.00045302	3.5861e-05	1.6481e-08
766	0.99904	0.0009236	3.5965e-05	3.3555e-08
767	0.99491	0.0050557	3.5926e-05	1.8464e-07
768	0.99231	0.0076587	3.5949e-05	2.8003e-07
769	0.9913	0.0086653	3.602e-05	3.1834e-07
770	0.99148	0.0084836	3.614e-05	3.1274e-07
771	0.99311	0.0068569	3.6303e-05	2.5464e-07
772	0.99302	0.0069384	3.6395e-05	2.5969e-07
773	0.99406	0.0059044	3.6534e-05	2.2297e-07
774	0.9963	0.0036629	3.6724e-05	1.406e-07
775	0.99478	0.0051797	3.678e-05	1.9897e-07
776	0.99434	0.0056246	3.6881e-05	2.1687e-07
777	0.99493	0.0050314	3.7028e-05	1.9528e-07
778	0.99399	0.0059748	3.7121e-05	2.3195e-07
779	0.9909	0.0090649	3.7123e-05	3.5222e-07
780	0.98924	0.010724	3.7184e-05	4.1771e-07
781	0.98442	0.015543	3.7113e-05	6.0714e-07
782	0.98148	0.018485	3.7119e-05	7.2407e-07
783	0.9806	0.019365	3.7195e-05	7.63e-07
784	0.96205	0.037914	3.6561e-05	1.5019e-06
785	0.94991	0.050057	3.6165e-05	1.9941e-06
786	0.94151	0.058455	3.5923e-05	2.3372e-06
787	0.9362	0.063766	3.5809e-05	2.5579e-06
788	0.93414	0.06582	3.5813e-05	2.6527e-06
789	0.93449	0.065474	3.5918e-05	2.6518e-06
790	0.90975	0.090208	3.5028e-05	3.6507e-06
791	0.89164	0.10832	3.4408e-05	4.3856e-06
792	0.87876	0.1212	3.4002e-05	4.912e-06
793	0.87015	0.12981	3.377e-05	5.269e-06
794	0.86516	0.13481	3.3687e-05	5.4822e-06
795	0.86344	0.13652	3.3742e-05	5.5641e-06
796	0.85233	0.14764	3.341e-05	6.0234e-06
797	0.82126	0.1787	3.229e-05	7.2759e-06
798	0.74377	0.25619	2.9335e-05	1.0368e-05
799	0.55202	0.44794	2.1872e-05	1.7974e-05
800	0.41764	0.58232	1.6595e-05	2.3386e-05
801	0.3251	0.67486	1.2929e-05	2.7179e-05
802	0.25481	0.74515	1.0158e-05	3.0082e-05
803	0.20571	0.79425	8.2053e-06	3.2159e-05
804	0.16851	0.83145	6.7341e-06	3.3757e-05
805	0.14038	0.85957	5.6286e-06	3.4992e-05
806	0.12103	0.87893	4.8627e-06	3.5882e-05
807	0.10823	0.89173	4.3537e-06	3.6508e-05
808	0.10022	0.89974	4.0332e-06	3.694e-05
809	0.095863	0.9041	3.8579e-06	3.722e-05
810	0.093698	0.90626	3.7744e-06	3.741e-05
811	0.082023	0.91794	3.2946e-06	3.7991e-05
812	0.074423	0.92554	2.9785e-06	3.8403e-05
813	0.069238	0.93072	2.7643e-06	3.8714e-05
814	0.066063	0.9339	2.6346e-06	3.8944e-05
815	0.064615	0.93534	2.5773e-06	3.9103e-05
816	0.064784	0.93517	2.5879e-06	3.9196e-05
817	0.066618	0.93334	2.6685e-06	3.9221e-05
818	0.070905	0.92905	2.8473e-06	3.9143e-05
819	0.0774	0.92256	3.1198e-06	3.8973e-05
820	0.087795	0.91216	3.5498e-06	3.8639e-05
821	0.10186	0.89809	4.1366e-06	3.8151e-05
822	0.12076	0.87919	4.9315e-06	3.7457e-05
823	0.14598	0.85398	6.0008e-06	3.6491e-05
824	0.18227	0.81769	7.5303e-06	3.5059e-05
825	0.23034	0.76962	9.5742e-06	3.3115e-05
826	0.24989	0.75007	1.0414e-05	3.2369e-05
827	0.27886	0.7211	1.1645e-05	3.1225e-05
828	0.31768	0.68227	1.3307e-05	2.9654e-05
829	0.36916	0.63079	1.5527e-05	2.7527e-05
830	0.43751	0.56244	1.8499e-05	2.4653e-05
831	0.52809	0.47187	2.2469e-05	2.0784e-05
832	0.51626	0.4837	2.2018e-05	2.134e-05
833	0.5108	0.48916	2.1832e-05	2.1624e-05
834	0.50956	0.4904	2.1836e-05	2.1723e-05
835	0.51361	0.48635	2.2062e-05	2.1592e-05
836	0.52206	0.4779	2.2488e-05	2.1264e-05
837	0.53721	0.46275	2.3202e-05	2.0641e-05
838	0.56099	0.43896	2.4287e-05	1.9641e-05
839	0.59708	0.40287	2.59e-05	1.8104e-05
840	0.64537	0.35458	2.8069e-05	1.6015e-05
841	0.70953	0.29043	3.0967e-05	1.3202e-05
842	0.73442	0.26554	3.2144e-05	1.2115e-05
843	0.74168	0.25827	3.2545e-05	1.1811e-05
844	0.75532	0.24464	3.3222e-05	1.1221e-05
845	0.77722	0.22274	3.4259e-05	1.0263e-05
846	0.80717	0.19279	3.5674e-05	8.9326e-06
847	0.80269	0.19727	3.5544e-05	9.1517e-06
848	0.80273	0.19722	3.5609e-05	9.1686e-06
849	0.80636	0.1936	3.5844e-05	9.0201e-06
850	0.81384	0.18612	3.6266e-05	8.6917e-06
851	0.82577	0.17419	3.6902e-05	8.1538e-06
852	0.84308	0.15687	3.7801e-05	7.3591e-06
853	0.86968	0.13027	3.9121e-05	6.1351e-06
854	0.90549	0.09446	4.0891e-05	4.4664e-06
855	0.91939	0.08056	4.1624e-05	3.8247e-06
856	0.9131	0.086858	4.1429e-05	4.1183e-06
857	0.91065	0.089304	4.1399e-05	4.2373e-06
858	0.91093	0.089024	4.1503e-05	4.2281e-06
859	0.9148	0.085158	4.1763e-05	4.0537e-06
860	0.92176	0.078189	4.2178e-05	3.7309e-06
861	0.93238	0.067572	4.2776e-05	3.2315e-06
862	0.94909	0.05086	4.3651e-05	2.4458e-06
863	0.97184	0.028114	4.4828e-05	1.3646e-06
864	0.97327	0.026684	4.498e-05	1.2989e-06
865	0.97659	0.023362	4.523e-05	1.1418e-06
866	0.98204	0.017916	4.5591e-05	8.8111e-07
867	0.99002	0.0099349	4.6083e-05	4.953e-07
868	0.98929	0.010659	4.6161e-05	5.2977e-07
869	0.99008	0.0098756	4.6301e-05	4.9307e-07
870	0.99253	0.0074234	4.6511e-05	3.7718e-07
871	0.98917	0.010787	4.6424e-05	5.4803e-07
872	0.98043	0.01952	4.6074e-05	9.8755e-07
873	0.97445	0.025508	4.5868e-05	1.2905e-06
874	0.9579	0.042053	4.5144e-05	2.1183e-06
875	0.947	0.052951	4.4684e-05	2.6728e-06
876	0.93957	0.060381	4.4403e-05	3.0543e-06
877	0.93505	0.064906	4.4274e-05	3.2914e-06
878	0.93308	0.06687	4.4277e-05	3.4015e-06
879	0.92393	0.076022	4.3911e-05	3.873e-06
880	0.90075	0.0992	4.282e-05	5.0599e-06
881	0.88387	0.11608	4.2054e-05	5.9279e-06
882	0.87201	0.12794	4.1547e-05	6.5433e-06
883	0.84002	0.15993	4.0038e-05	8.167e-06
884	0.81643	0.18352	3.8956e-05	9.3697e-06
885	0.79954	0.20041	3.8215e-05	1.0238e-05
886	0.78795	0.212	3.7744e-05	1.0842e-05
887	0.78079	0.21916	3.7499e-05	1.1227e-05
888	0.77752	0.22244	3.7453e-05	1.1417e-05
889	0.77793	0.22202	3.7599e-05	1.1422e-05
890	0.782	0.21795	3.7938e-05	1.1241e-05
891	0.79005	0.20991	3.8488e-05	1.0855e-05
892	0.80412	0.19583	3.9335e-05	1.0162e-05
893	0.82408	0.17587	4.05e-05	9.1581e-06
894	0.82946	0.17049	4.093e-05	8.8961e-06
895	0.82572	0.17423	4.0885e-05	9.1e-06
896	0.82545	0.1745	4.1023e-05	9.1267e-06
897	0.8295	0.17045	4.1371e-05	8.9342e-06
898	0.8384	0.16155	4.196e-05	8.4934e-06
899	0.85184	0.14811	4.2797e-05	7.8095e-06
900	0.87095	0.129	4.3948e-05	6.8189e-06
901	0.89722	0.10273	4.55e-05	5.435e-06
902	0.93559	0.064358	4.7685e-05	3.408e-06
903	0.99189	0.0080592	5.081e-05	4.3161e-07
904	0.99019	0.0097549	5.0879e-05	5.1892e-07
905	0.98977	0.010176	5.1022e-05	5.3954e-07
906	0.99084	0.0091073	5.1232e-05	4.8321e-07
907	0.98977	0.010179	5.1318e-05	5.4023e-07
908	0.99019	0.0097604	5.1472e-05	5.2025e-07
909	0.99188	0.0080673	5.1701e-05	4.3216e-07
910	0.9915	0.0084459	5.1829e-05	4.5273e-07
911	0.9923	0.0076516	5.2027e-05	4.105e-07
912	0.99432	0.005624	5.2299e-05	3.0143e-07
913	0.99141	0.0085363	5.2298e-05	4.556e-07
914	0.9899	0.010047	5.238e-05	5.3528e-07
915	0.9899	0.010048	5.253e-05	5.3601e-07
916	0.99141	0.0085384	5.2751e-05	4.5703e-07
917	0.99432	0.0056277	5.3056e-05	3.0136e-07
918	0.99933	0.00061639	5.3464e-05	3.3383e-08
919	0.9991	0.00085122	5.3599e-05	4.6087e-08
920	0.99953	0.00041187	5.3777e-05	2.2219e-08
921	0.99984	0.00010922	5.3938e-05	5.9174e-09
922	0.99677	0.0031715	5.3926e-05	1.7086e-07
923	0.99516	0.004789	5.3981e-05	2.5923e-07
924	0.99481	0.0051326	5.4094e-05	2.7941e-07
925	0.99271	0.0072315	5.41e-05	3.9675e-07
926	0.99184	0.0081039	5.4181e-05	4.4628e-07
927	0.99239	0.0075567	5.4329e-05	4.1885e-07
928	0.99125	0.0086998	5.4373e-05	4.8578e-07
929	0.9913	0.0086468	5.4491e-05	4.8575e-07
930	0.99255	0.0073939	5.4685e-05	4.1823e-07
931	0.99206	0.0078878	5.479e-05	4.4731e-07
932	0.99271	0.0072348	5.4967e-05	4.1157e-07
933	0.99457	0.0053721	5.5222e-05	3.0681e-07
934	0.99471	0.0052357	5.5388e-05	2.9874e-07
935	0.99589	0.0040557	5.5621e-05	2.3099e-07
936	0.99849	0.0014578	5.5924e-05	8.3329e-08
937	0.99623	0.0037184	5.5941e-05	2.1174e-07
938	0.99507	0.0048691	5.6029e-05	2.7717e-07
939	0.99198	0.0079598	5.5995e-05	4.5427e-07
