#coord	neutral	conserved	gBGC.neutral	gBGC.conserved
1	0.76437	0.23471	0.00070593	0.00021765
2	0.77026	0.22881	0.00071003	0.00021175
3	0.7805	0.21858	0.00071823	0.00020178
4	0.79742	0.20166	0.00073249	0.00018575
5	0.82319	0.17589	0.0007547	0.00016173
6	0.86174	0.13735	0.00078836	0.00012624
7	0.91311	0.085974	0.00083384	7.8977e-05
8	0.93566	0.063429	0.00085269	5.8323e-05
9	0.96617	0.032921	0.00087887	3.0376e-05
10	0.97803	0.021065	0.00088805	1.9467e-05
11	0.98243	0.016663	0.00089045	1.5386e-05
12	0.98911	0.0099848	0.00089499	9.2059e-06
13	0.9918	0.0072949	0.0008958	6.7267e-06
14	0.9961	0.0030035	0.00089812	2.7787e-06
15	0.99786	0.0012375	0.00089817	1.1494e-06
16	0.99734	0.0017602	0.00089616	1.6181e-06
17	0.9976	0.0015064	0.0008949	1.3796e-06
18	0.99723	0.0018759	0.00089311	1.704e-06
19	0.99765	0.0014599	0.00089208	1.317e-06
20	0.99903	7.4013e-05	0.00089188	6.6948e-08
21	0.99908	2.7754e-05	0.00089052	2.4864e-08
22	0.9988	0.0003061	0.00088884	2.7525e-07
23	0.9984	0.0007095	0.0008871	6.3632e-07
24	0.99866	0.00045674	0.00088598	4.0964e-07
25	0.99876	0.00035349	0.00088476	3.1586e-07
26	0.99878	0.00033294	0.00088352	2.9492e-07
27	0.99779	0.0013273	0.00088135	1.1737e-06
28	0.99768	0.001437	0.00087993	1.2735e-06
29	0.99833	0.00079091	0.00087923	7.0175e-07
30	0.99862	0.00050495	0.00087825	4.4635e-07
31	0.9977	0.0014193	0.00087618	1.2533e-06
32	0.99558	0.0035393	0.00087311	3.1107e-06
33	0.99444	0.0046841	0.00087089	4.1086e-06
34	0.99421	0.0049134	0.00086947	4.3028e-06
35	0.99502	0.0041056	0.00086895	3.5904e-06
36	0.99446	0.0046693	0.00086724	4.0771e-06
37	0.99491	0.0042163	0.00086641	3.6766e-06
38	0.99627	0.0028585	0.00086636	2.4902e-06
39	0.99643	0.0027051	0.00086526	2.3541e-06
40	0.99739	0.0017476	0.00086486	1.5208e-06
41	0.9975	0.0016328	0.00086372	1.4211e-06
42	0.99689	0.0022448	0.00086195	1.953e-06
43	0.99704	0.0021006	0.00086083	1.8295e-06
44	0.99639	0.0027529	0.00085901	2.3986e-06
45	0.9966	0.0025356	0.00085799	2.2084e-06
46	0.99771	0.0014318	0.00085779	1.247e-06
47	0.99813	0.0010152	0.00085702	8.7976e-07
48	0.99818	0.00096421	0.00085592	8.3461e-07
49	0.99895	0.00019827	0.00085547	1.7162e-07
50	0.99896	0.00018714	0.0008544	1.602e-07
51	0.99907	7.5514e-05	0.0008534	6.4773e-08
52	0.999	0.00015246	0.00085227	1.2983e-07
53	0.99818	0.00096368	0.00085056	8.1369e-07
54	0.99664	0.0025129	0.0008482	2.1224e-06
55	0.99619	0.0029654	0.00084675	2.5044e-06
56	0.99677	0.0023845	0.00084614	2.0157e-06
57	0.99644	0.0027121	0.00084481	2.2891e-06
58	0.9951	0.0040516	0.0008426	3.4227e-06
59	0.98289	0.016267	0.00083129	1.3697e-05
60	0.97503	0.024129	0.00082361	2.0316e-05
61	0.96979	0.029372	0.00081822	2.4681e-05
62	0.96675	0.032406	0.00081476	2.7156e-05
63	0.9661	0.033061	0.00081325	2.765e-05
64	0.96098	0.038181	0.00080797	3.1898e-05
65	0.95876	0.040396	0.00080509	3.3727e-05
66	0.95858	0.040583	0.00080397	3.3829e-05
67	0.95348	0.045686	0.00079871	3.8056e-05
68	0.95077	0.048396	0.00079551	4.0248e-05
69	0.95086	0.048302	0.00079462	4.0118e-05
70	0.94575	0.053412	0.00078934	4.4348e-05
71	0.94383	0.055341	0.00078668	4.5942e-05
72	0.94481	0.054358	0.0007864	4.5133e-05
73	0.94814	0.051028	0.00078813	4.2353e-05
74	0.95476	0.044411	0.00079251	3.6892e-05
75	0.96456	0.034614	0.00079959	2.8782e-05
76	0.96751	0.031665	0.00080105	2.6315e-05
77	0.97325	0.025919	0.00080478	2.1564e-05
78	0.98174	0.017439	0.00081082	1.4535e-05
79	0.98506	0.014115	0.00081265	1.1758e-05
80	0.98526	0.013914	0.00081193	1.1563e-05
81	0.98688	0.012293	0.00081244	1.0178e-05
82	0.97996	0.019219	0.000806	1.5779e-05
83	0.97586	0.023316	0.00080183	1.9084e-05
84	0.9737	0.025484	0.0007993	2.0786e-05
85	0.97365	0.025536	0.00079847	2.0772e-05
86	0.96978	0.029406	0.00079449	2.388e-05
87	0.96841	0.030772	0.00079252	2.4962e-05
88	0.96888	0.030303	0.00079211	2.4525e-05
89	0.97165	0.027534	0.00079353	2.2233e-05
90	0.97719	0.021994	0.00079715	1.7716e-05
91	0.98628	0.012909	0.00080358	1.0369e-05
92	0.98967	0.0095184	0.00080546	7.6082e-06
93	0.99061	0.0085827	0.00080532	6.8435e-06
94	0.98948	0.0097132	0.00080348	7.7502e-06
95	0.98959	0.0095965	0.0008027	7.6371e-06
96	0.99126	0.0079293	0.00080313	6.2858e-06
97	0.9909	0.0082909	0.0008019	6.5696e-06
98	0.99198	0.007216	0.0008018	5.7093e-06
99	0.99464	0.0045543	0.00080293	3.5928e-06
100	0.99281	0.0063803	0.00080044	5.0622e-06
101	0.99235	0.0068468	0.00079903	5.4452e-06
102	0.99318	0.0060133	0.00079862	4.7942e-06
103	0.99234	0.006856	0.00079693	5.4739e-06
104	0.99284	0.006357	0.00079627	5.0859e-06
105	0.99448	0.0047213	0.00079657	3.7803e-06
106	0.99456	0.0046392	0.00079559	3.7257e-06
107	0.99311	0.0060939	0.00079343	4.8963e-06
108	0.99277	0.0064309	0.0007922	5.1603e-06
109	0.99376	0.0054486	0.000792	4.3785e-06
110	0.9959	0.0033027	0.00079277	2.6603e-06
111	0.99653	0.0026792	0.00079236	2.1564e-06
112	0.99621	0.0029915	0.00079117	2.4087e-06
113	0.99678	0.0024262	0.00079073	1.9554e-06
114	0.99828	0.00093179	0.00079107	7.5658e-07
115	0.9687	0.030512	0.00076661	2.4386e-05
116	0.94844	0.050772	0.00074955	4.0599e-05
117	0.93492	0.064291	0.00073785	5.1438e-05
118	0.92548	0.073735	0.00072951	5.8947e-05
119	0.92017	0.079038	0.00072443	6.3172e-05
120	0.91834	0.080873	0.00072207	6.4659e-05
121	0.91912	0.080095	0.00072185	6.4043e-05
122	0.92257	0.076642	0.0007238	6.1285e-05
123	0.92897	0.070245	0.00072814	5.6174e-05
124	0.92838	0.070841	0.00072689	5.6631e-05
125	0.93027	0.068944	0.00072767	5.5092e-05
126	0.93481	0.064406	0.0007306	5.1441e-05
127	0.93294	0.066274	0.00072852	5.283e-05
128	0.93407	0.065145	0.00072875	5.1881e-05
129	0.93848	0.060736	0.00073152	4.8381e-05
130	0.93725	0.061972	0.00072979	4.9355e-05
131	0.93835	0.060873	0.00072996	4.8467e-05
132	0.9419	0.057322	0.00073211	4.5629e-05
133	0.93947	0.059758	0.00072961	4.7476e-05
134	0.94005	0.059176	0.00072943	4.6981e-05
135	0.94298	0.056241	0.00073116	4.4617e-05
136	0.94853	0.050692	0.00073499	4.0174e-05
137	0.95797	0.041257	0.00074182	3.2719e-05
138	0.97129	0.027941	0.00075176	2.2177e-05
139	0.96993	0.029293	0.00075011	2.3211e-05
140	0.97036	0.028863	0.0007499	2.2835e-05
141	0.97261	0.026618	0.00075116	2.1024e-05
142	0.97684	0.022389	0.00075403	1.764e-05
143	0.97705	0.022178	0.00075369	1.7432e-05
144	0.97892	0.020305	0.0007547	1.5914e-05
145	0.98303	0.016198	0.00075741	1.2672e-05
146	0.98392	0.015307	0.00075757	1.1958e-05
147	0.98635	0.012884	0.00075897	1.0043e-05
148	0.9909	0.0083333	0.00076199	6.4941e-06
149	0.99235	0.0068788	0.00076263	5.3443e-06
150	0.99217	0.0070656	0.00076197	5.4767e-06
151	0.99335	0.0058815	0.00076234	4.5616e-06
152	0.99577	0.0034645	0.00076371	2.6873e-06
153	0.99668	0.0025498	0.00076395	1.9698e-06
154	0.99418	0.005053	0.00076153	3.8864e-06
155	0.99309	0.0061479	0.00076017	4.7291e-06
156	0.98954	0.0096914	0.00075689	7.4686e-06
157	0.98752	0.011712	0.00075482	9.0192e-06
158	0.98714	0.012099	0.00075399	9.3257e-06
159	0.98354	0.015701	0.00075073	1.2089e-05
160	0.98202	0.017222	0.00074903	1.3266e-05
161	0.98201	0.017229	0.00074854	1.3269e-05
162	0.9786	0.020635	0.00074541	1.5896e-05
163	0.96888	0.030361	0.00073748	2.3346e-05
164	0.96299	0.03625	0.00073246	2.7875e-05
165	0.96012	0.039123	0.00072971	3.0108e-05
166	0.951	0.048245	0.00072222	3.7109e-05
167	0.94496	0.054281	0.00071718	4.1705e-05
168	0.94215	0.057088	0.00071456	4.3853e-05
169	0.94167	0.057577	0.00071377	4.4206e-05
170	0.94415	0.055088	0.00071521	4.2313e-05
171	0.92828	0.070968	0.00070252	5.4526e-05
172	0.917	0.082243	0.00069346	6.3139e-05
173	0.91053	0.088713	0.00068803	6.8106e-05
174	0.90796	0.091282	0.00068553	7.0117e-05
175	0.9081	0.09114	0.00068516	7.003e-05
176	0.90095	0.098295	0.00067917	7.5552e-05
177	0.89699	0.10226	0.00067569	7.8591e-05
178	0.89592	0.10332	0.00067448	7.9392e-05
179	0.89767	0.10158	0.00067546	7.8026e-05
180	0.9024	0.096848	0.00067878	7.4357e-05
181	0.91162	0.087624	0.00068546	6.7314e-05
182	0.92663	0.072619	0.00069644	5.5947e-05
183	0.94728	0.051967	0.00071179	4.0244e-05
184	0.9556	0.043645	0.0007177	3.3952e-05
185	0.95722	0.042027	0.00071848	3.2778e-05
186	0.95365	0.045595	0.00071533	3.5563e-05
187	0.94276	0.05649	0.0007066	4.3962e-05
188	0.9354	0.063846	0.00070066	4.9602e-05
189	0.93165	0.067599	0.00069743	5.251e-05
190	0.93045	0.068798	0.00069621	5.3443e-05
191	0.93229	0.066958	0.00069726	5.2089e-05
192	0.93674	0.062508	0.00070035	4.8729e-05
193	0.88904	0.11021	0.00066315	8.5632e-05
194	0.85616	0.14309	0.00063731	0.00011116
195	0.83393	0.16533	0.00061962	0.00012851
196	0.78192	0.21733	0.00057857	0.00016921
197	0.74313	0.25612	0.00054806	0.0001994
198	0.71451	0.28474	0.0005256	0.00022156
199	0.69383	0.30543	0.00050939	0.00023751
200	0.68092	0.31833	0.00049909	0.00024753
201	0.6729	0.32635	0.00049259	0.00025377
202	0.64527	0.35398	0.0004712	0.00027493
203	0.6253	0.37396	0.00045578	0.00029016
204	0.61155	0.3877	0.00044518	0.00030059
205	0.60288	0.39637	0.00043849	0.00030712
206	0.5987	0.40055	0.00043525	0.00031025
207	0.60003	0.39923	0.00043608	0.00030929
208	0.587	0.41226	0.00042618	0.00031907
209	0.57895	0.4203	0.0004201	0.00032507
210	0.5489	0.45036	0.00039766	0.00034746
211	0.52712	0.47213	0.0003815	0.00036358
212	0.51191	0.48734	0.00037031	0.00037477
213	0.50208	0.49717	0.00036318	0.00038192
214	0.47004	0.52921	0.00033979	0.00040534
215	0.39483	0.60443	0.00028451	0.00046066
216	0.33814	0.66111	0.00024307	0.00050215
217	0.29554	0.70372	0.00021209	0.0005332
218	0.26676	0.73249	0.00019107	0.00055429
219	0.24546	0.7538	0.00017561	0.00056983
220	0.23001	0.76924	0.00016449	0.00058106
221	0.18518	0.81407	0.00013218	0.0006135
222	0.15454	0.84471	0.00011	0.0006358
223	0.13157	0.86769	9.3455e-05	0.00065248
224	0.11621	0.88304	8.2347e-05	0.00066371
225	0.10503	0.89422	7.4313e-05	0.00067189
226	0.097147	0.90211	6.8699e-05	0.00067767
227	0.0927	0.90655	6.5527e-05	0.000681
228	0.091267	0.90799	6.4507e-05	0.00068217
229	0.092649	0.9066	6.5499e-05	0.00068131
230	0.096112	0.90314	6.8032e-05	0.00067894
231	0.10197	0.89729	7.2342e-05	0.0006748
232	0.11166	0.88759	7.9409e-05	0.0006679
233	0.12505	0.8742	8.923e-05	0.00065826
234	0.14325	0.856	0.00010265	0.00064505
235	0.14707	0.85218	0.00010554	0.00064239
236	0.15505	0.8442	0.00011144	0.0006367
237	0.16669	0.83257	0.00012009	0.00062829
238	0.14921	0.85005	0.0001072	0.0006414
239	0.13643	0.86282	9.7841e-05	0.000651
240	0.12847	0.87079	9.1961e-05	0.00065711
241	0.12446	0.87479	8.8956e-05	0.00066034
242	0.1229	0.87635	8.7785e-05	0.00066175
243	0.12372	0.87553	8.8388e-05	0.00066141
244	0.12697	0.87228	9.0814e-05	0.00065927
245	0.13382	0.86543	9.5838e-05	0.00065452
246	0.14394	0.85531	0.00010331	0.00064734
247	0.15957	0.83968	0.00011478	0.00063615
248	0.18071	0.81853	0.00013038	0.00062086
249	0.2091	0.79015	0.00015143	0.00060013
250	0.25011	0.74914	0.00018171	0.00057016
251	0.30428	0.69497	0.00022192	0.00053029
252	0.37605	0.6232	0.00027548	0.00047708
253	0.4065	0.59275	0.00029818	0.00045473
254	0.44733	0.55192	0.00032877	0.00042451
255	0.50162	0.49762	0.00036966	0.00038401
256	0.52121	0.47804	0.00038463	0.00036945
257	0.54833	0.45091	0.00040543	0.00034909
258	0.58505	0.4142	0.00043369	0.0003213
259	0.63437	0.36488	0.00047181	0.00028368
260	0.70015	0.29909	0.00052288	0.00023313
261	0.79617	0.20307	0.00059699	0.00015953
262	0.83475	0.16449	0.00062722	0.00012984
263	0.8497	0.14954	0.00063932	0.0001183
264	0.87298	0.12626	0.0006578	0.00010037
265	0.9045	0.09474	0.00068282	7.5925e-05
266	0.91768	0.081558	0.00069353	6.5778e-05
267	0.93614	0.063104	0.00070844	5.1459e-05
268	0.94227	0.056969	0.0007141	4.6528e-05
269	0.94203	0.057206	0.00071476	4.6631e-05
270	0.94411	0.055128	0.00071729	4.4894e-05
271	0.94863	0.05061	0.00072182	4.1194e-05
272	0.95597	0.043264	0.00072868	3.5197e-05
273	0.96789	0.03134	0.00073918	2.5543e-05
274	0.97201	0.027222	0.00074344	2.2161e-05
275	0.97915	0.020082	0.00075008	1.6375e-05
276	0.99022	0.0090083	0.00075984	7.454e-06
277	0.9947	0.0045307	0.00076433	3.8293e-06
278	0.994	0.0052261	0.00076461	4.403e-06
279	0.99434	0.004894	0.00076574	4.1568e-06
280	0.99336	0.0058722	0.00076576	4.9994e-06
281	0.99344	0.0057883	0.00076666	4.988e-06
282	0.99181	0.007421	0.00076618	6.4041e-06
283	0.99135	0.0078733	0.00076669	6.8588e-06
284	0.98891	0.010317	0.00076547	9.023e-06
285	0.98785	0.011371	0.00076544	1.0036e-05
286	0.98372	0.015507	0.00076279	1.3698e-05
287	0.98169	0.017531	0.00076187	1.5609e-05
288	0.98152	0.017702	0.00076246	1.5998e-05
289	0.98318	0.01604	0.0007645	1.4905e-05
290	0.9865	0.012715	0.00076794	1.2453e-05
291	0.99173	0.0074922	0.00077296	8.4592e-06
292	0.98466	0.014555	0.00076654	1.6145e-05
293	0.98037	0.018842	0.00076286	2.1066e-05
294	0.97794	0.021278	0.00076104	2.4163e-05
295	0.97006	0.029153	0.00075332	3.3193e-05
296	0.96483	0.034378	0.00074839	3.9472e-05
297	0.96189	0.037321	0.00074581	4.3444e-05
298	0.96152	0.037687	0.00074567	4.4939e-05
299	0.96314	0.036073	0.00074742	4.4593e-05
300	0.96683	0.032381	0.00075107	4.2386e-05
301	0.9566	0.042613	0.0007416	4.9794e-05
302	0.95035	0.048862	0.00073531	5.4e-05
303	0.9467	0.052516	0.00073125	5.6018e-05
304	0.94602	0.053196	0.00072969	5.5509e-05
305	0.94755	0.051667	0.00073016	5.3014e-05
306	0.95216	0.047061	0.00073341	4.7708e-05
307	0.95102	0.0482	0.00073135	4.7763e-05
308	0.95204	0.047181	0.0007312	4.5946e-05
309	0.95584	0.043384	0.00073347	4.1689e-05
310	0.96222	0.037002	0.00073814	3.5068e-05
311	0.97164	0.027584	0.00074567	2.562e-05
312	0.98623	0.013002	0.00075796	1.1402e-05
313	0.98695	0.012283	0.00075714	1.0323e-05
314	0.98938	0.0098555	0.00075773	7.8242e-06
315	0.99342	0.0058124	0.00075974	3.9322e-06
316	0.99477	0.0044652	0.0007593	2.4689e-06
317	0.99473	0.0045062	0.00076237	2.7105e-06
318	0.99317	0.006059	0.00076445	4.0079e-06
319	0.98918	0.010048	0.00076473	7.1517e-06
320	0.9868	0.012426	0.00076629	9.0659e-06
321	0.98618	0.013041	0.00076915	9.6514e-06
322	0.98691	0.012312	0.00077311	9.1941e-06
323	0.98525	0.013962	0.00077522	1.0565e-05
324	0.98502	0.014188	0.00077851	1.0821e-05
325	0.98648	0.012728	0.00078307	9.7694e-06
326	0.98981	0.0093962	0.00078906	7.2556e-06
327	0.99554	0.0036647	0.00079691	2.862e-06
328	0.99266	0.0065347	0.00079796	5.2251e-06
329	0.99111	0.0080874	0.00080013	6.5265e-06
330	0.99076	0.0084288	0.00080335	6.8438e-06
331	0.99181	0.0073715	0.00080766	6.0335e-06
332	0.9944	0.0047809	0.00081319	3.976e-06
333	0.99893	0.00024838	0.00082027	3.3203e-07
334	0.99822	0.00096398	0.00081936	8.8639e-07
335	0.99828	0.00089814	0.00081908	7.9152e-07
336	0.99916	2.4218e-05	0.00081946	2.1062e-08
337	0.999	0.00017639	0.00081892	1.4689e-07
338	0.995	0.0041783	0.00081523	3.452e-06
339	0.99278	0.0064037	0.00081298	5.3017e-06
340	0.99178	0.0074051	0.00081178	6.1306e-06
341	0.99216	0.0070253	0.00081168	5.8327e-06
342	0.9937	0.0054783	0.00081259	4.5666e-06
343	0.99037	0.0088102	0.00080952	7.3205e-06
344	0.9885	0.010679	0.0008077	8.8538e-06
345	0.98821	0.010975	0.00080714	9.1049e-06
346	0.98514	0.014044	0.00080426	1.1661e-05
347	0.98365	0.015535	0.00080272	1.2898e-05
348	0.98362	0.015563	0.00080244	1.2919e-05
349	0.98505	0.014133	0.00080341	1.1727e-05
350	0.98848	0.010702	0.00080599	8.9074e-06
351	0.99382	0.0053691	0.00081018	4.5051e-06
352	0.98851	0.01068	0.00080562	8.8866e-06
353	0.98509	0.014093	0.00080267	1.1686e-05
354	0.98367	0.015512	0.00080133	1.2862e-05
355	0.98371	0.015472	0.00080124	1.2827e-05
356	0.9852	0.01399	0.00080237	1.1594e-05
357	0.98824	0.010951	0.00080484	9.0667e-06
358	0.99352	0.0056622	0.00080912	4.7049e-06
359	0.99548	0.003703	0.00081069	3.0788e-06
360	0.99591	0.0032732	0.00081104	2.7118e-06
361	0.99532	0.0038711	0.00081052	3.1978e-06
362	0.99565	0.0035317	0.00081081	2.9102e-06
363	0.99479	0.0044006	0.00081014	3.6052e-06
364	0.99509	0.0041003	0.00081041	3.3537e-06
365	0.98958	0.0096018	0.000806	7.8011e-06
366	0.98635	0.012834	0.0008034	1.0424e-05
367	0.98504	0.014148	0.00080233	1.1499e-05
368	0.98514	0.014051	0.00080246	1.1413e-05
369	0.987	0.012185	0.00080399	9.8979e-06
370	0.9909	0.0082881	0.00080713	6.7488e-06
371	0.99197	0.0072117	0.00080803	5.8748e-06
372	0.99128	0.0079091	0.00080746	6.4548e-06
373	0.99173	0.0074587	0.00080786	6.0887e-06
374	0.9936	0.0055864	0.0008094	4.5732e-06
375	0.99682	0.0023648	0.00081208	1.9445e-06
376	0.99817	0.0010201	0.00081327	8.4159e-07
377	0.99875	0.000432	0.00081388	3.5667e-07
378	0.99909	9.6447e-05	0.00081431	7.9096e-08
379	0.99912	6.059e-05	0.00081447	5.0028e-08
380	0.99827	0.00091166	0.00081394	7.494e-07
381	0.99814	0.0010439	0.00081403	8.5751e-07
382	0.9976	0.0015843	0.00081377	1.3052e-06
383	0.99624	0.0029435	0.0008128	2.4361e-06
384	0.99281	0.0063766	0.00081016	5.2734e-06
385	0.99104	0.0081421	0.00080886	6.7504e-06
386	0.99051	0.0086738	0.00080862	7.2017e-06
387	0.99117	0.0080132	0.0008094	6.6632e-06
388	0.99307	0.0061087	0.00081125	5.0898e-06
389	0.99636	0.0028279	0.00081429	2.3669e-06
390	0.99765	0.0015337	0.00081572	1.2866e-06
391	0.99308	0.0060994	0.00081225	5.0734e-06
392	0.99016	0.0090193	0.0008102	7.4875e-06
393	0.98891	0.010276	0.00080948	8.5444e-06
394	0.98892	0.010259	0.00080986	8.5395e-06
395	0.99046	0.0087195	0.00081146	7.2921e-06
396	0.9934	0.0057842	0.00081426	4.8799e-06
397	0.99437	0.0048068	0.0008154	4.0972e-06
398	0.99389	0.005294	0.00081537	4.5339e-06
399	0.99442	0.0047616	0.00081622	4.1149e-06
400	0.9935	0.0056756	0.00081588	4.9165e-06
401	0.99365	0.0055307	0.00081648	4.8242e-06
402	0.99509	0.004087	0.00081813	3.6557e-06
403	0.99804	0.0011426	0.000821	1.2489e-06
404	0.99803	0.0011503	0.00082008	1.1507e-06
405	0.99759	0.0015935	0.00081878	1.4675e-06
406	0.99643	0.0027473	0.00081685	2.401e-06
407	0.99619	0.0029947	0.00081571	2.5747e-06
408	0.99682	0.0023626	0.00081534	2.0118e-06
409	0.99669	0.0024929	0.0008143	2.1016e-06
410	0.99552	0.0036671	0.00081243	3.0493e-06
411	0.99531	0.0038753	0.00081141	3.1971e-06
412	0.99386	0.0053297	0.00080933	4.3693e-06
413	0.99369	0.0054969	0.00080828	4.4985e-06
414	0.99479	0.0044003	0.00080823	3.6065e-06
415	0.99702	0.0021703	0.00080914	1.7845e-06
416	0.99786	0.0013256	0.00080896	1.0909e-06
417	0.99813	0.0010592	0.00080834	8.6868e-07
418	0.99031	0.0088861	0.0008011	7.2461e-06
419	0.98535	0.013839	0.00079618	1.1292e-05
420	0.98229	0.016903	0.00079285	1.3774e-05
421	0.97338	0.025817	0.00078486	2.0962e-05
422	0.96728	0.031911	0.00077922	2.5828e-05
423	0.96355	0.035645	0.00077554	2.8763e-05
424	0.96235	0.036843	0.00077387	2.9673e-05
425	0.96354	0.035655	0.00077408	2.8683e-05
426	0.96738	0.031823	0.00077637	2.5592e-05
427	0.97362	0.025578	0.00078065	2.0542e-05
428	0.98357	0.015635	0.00078784	1.2566e-05
429	0.99736	0.0018411	0.00079818	1.4702e-06
430	0.99556	0.0036427	0.00079597	2.9057e-06
431	0.9911	0.0081004	0.00079161	6.4727e-06
432	0.98832	0.010887	0.00078863	8.6814e-06
433	0.98697	0.012237	0.00078686	9.7279e-06
434	0.98722	0.011988	0.00078632	9.5122e-06
435	0.98909	0.01011	0.00078705	8.0124e-06
436	0.98364	0.015567	0.00078202	1.2308e-05
437	0.98058	0.018622	0.00077886	1.4713e-05
438	0.97961	0.019595	0.00077732	1.548e-05
439	0.9802	0.019007	0.00077706	1.4992e-05
440	0.98275	0.016462	0.00077832	1.2973e-05
441	0.98757	0.011636	0.00078133	9.1754e-06
442	0.9852	0.014005	0.00077864	1.1067e-05
443	0.98433	0.014884	0.00077717	1.1762e-05
444	0.98485	0.014358	0.00077687	1.1332e-05
445	0.98722	0.011995	0.00077797	9.4679e-06
446	0.99127	0.0079472	0.00078046	6.263e-06
447	0.99794	0.001277	0.00078495	1.0205e-06
448	0.99496	0.0042581	0.00078187	3.3949e-06
449	0.99345	0.0057641	0.00077993	4.6052e-06
450	0.99304	0.0061728	0.0007789	4.9368e-06
451	0.9906	0.008614	0.0007763	6.873e-06
452	0.98948	0.0097354	0.00077479	7.7529e-06
453	0.98961	0.0096092	0.00077431	7.6384e-06
454	0.99098	0.0082392	0.00077486	6.534e-06
455	0.9937	0.0055215	0.00077651	4.3554e-06
456	0.99844	0.00078077	0.00077972	5.9652e-07
457	0.98813	0.011091	0.00077135	8.3891e-06
458	0.98079	0.018433	0.00076532	1.3885e-05
459	0.97588	0.023337	0.0007612	1.75e-05
460	0.96376	0.035459	0.00075165	2.6528e-05
461	0.95603	0.043192	0.00074536	3.2272e-05
462	0.95183	0.047398	0.0007417	3.5364e-05
463	0.79932	0.1999	0.00062305	0.00015504
464	0.69264	0.30658	0.00053973	0.00023936
465	0.6122	0.38702	0.00047725	0.00030288
466	0.55723	0.44199	0.00043443	0.00034672
467	0.51615	0.48306	0.00040267	0.00037952
468	0.48878	0.51043	0.00038151	0.00040171
469	0.47129	0.52792	0.00036802	0.00041622
470	0.45945	0.53977	0.00035906	0.00042622
471	0.45365	0.54557	0.00035479	0.00043152
472	0.45315	0.54606	0.00035464	0.00043268
473	0.43727	0.56194	0.00034236	0.000446
474	0.4268	0.57241	0.00033444	0.00045499
475	0.4221	0.57711	0.00033102	0.00045947
476	0.34131	0.6579	0.00026707	0.0005245
477	0.28031	0.7189	0.000219	0.00057367
478	0.23784	0.76137	0.00018537	0.00060839
479	0.20582	0.79339	0.00016014	0.00063474
480	0.18181	0.81739	0.00014133	0.00065469
481	0.1641	0.83511	0.00012755	0.00066965
482	0.15128	0.84792	0.00011766	0.00068072
483	0.14236	0.85684	0.00011088	0.00068872
484	0.13659	0.8626	0.0001066	0.00069423
485	0.13455	0.86465	0.00010521	0.00069684
486	0.11977	0.87943	9.3793e-05	0.0007095
487	0.11012	0.88907	8.6344e-05	0.00071819
488	0.10457	0.89463	8.2072e-05	0.00072369
489	0.10145	0.89774	7.9769e-05	0.00072724
490	0.088182	0.91101	6.9309e-05	0.00073893
491	0.078427	0.92076	6.1674e-05	0.00074783
492	0.071494	0.92769	5.6304e-05	0.00075448
493	0.067503	0.93168	5.3226e-05	0.00075883
494	0.06607	0.93312	5.2155e-05	0.00076117
495	0.066994	0.93219	5.2943e-05	0.00076163
496	0.060221	0.93896	4.756e-05	0.00076829
497	0.056332	0.94285	4.4452e-05	0.00077266
498	0.054097	0.94508	4.2697e-05	0.0007757
499	0.053889	0.94529	4.2541e-05	0.00077714
500	0.055681	0.9435	4.3966e-05	0.00077698
501	0.059104	0.94007	4.6727e-05	0.00077551
502	0.065121	0.93406	5.1541e-05	0.00077197
503	0.073556	0.92562	5.8342e-05	0.00076648
504	0.086221	0.91295	6.8499e-05	0.00075761
505	0.10322	0.89595	8.2225e-05	0.0007452
506	0.12588	0.87329	0.00010065	0.00072812
507	0.13261	0.86656	0.00010625	0.00072388
508	0.1297	0.86947	0.00010393	0.00072754
509	0.13004	0.86913	0.00010423	0.00072858
510	0.1328	0.86636	0.00010655	0.00072762
511	0.13821	0.86096	0.00011109	0.00072447
512	0.14673	0.85244	0.00011824	0.00071873
513	0.16059	0.83857	0.00012973	0.00070864
514	0.1795	0.81966	0.00014548	0.0006943
515	0.20491	0.79425	0.00016675	0.00067448
516	0.2424	0.75676	0.00019796	0.00064471
517	0.23888	0.76028	0.0001953	0.00064883
518	0.23964	0.75952	0.00019615	0.00064942
519	0.245	0.75415	0.0002008	0.00064621
520	0.21191	0.78724	0.00017302	0.00067545
521	0.18923	0.80992	0.0001539	0.00069602
522	0.17249	0.82666	0.00013986	0.00071153
523	0.16043	0.83872	0.00012982	0.00072308
524	0.15213	0.84701	0.00012297	0.00073145
525	0.14701	0.85213	0.00011882	0.00073715
526	0.12934	0.86981	0.00010398	0.00075353
527	0.11783	0.88131	9.4252e-05	0.00076478
528	0.10978	0.88936	8.7468e-05	0.00077312
529	0.084975	0.91416	6.6501e-05	0.00079566
530	0.066144	0.93299	5.0612e-05	0.00081315
531	0.053096	0.94604	3.9496e-05	0.00082586
532	0.043306	0.95583	3.114e-05	0.00083583
533	0.036698	0.96243	2.5385e-05	0.00084319
534	0.031859	0.96727	2.11e-05	0.0008491
535	0.029004	0.97012	1.8378e-05	0.00085344
536	0.027234	0.97189	1.65e-05	0.00085696
537	0.026414	0.97271	1.5318e-05	0.0008598
538	0.026483	0.97264	1.4742e-05	0.00086207
539	0.027445	0.97168	1.4726e-05	0.00086379
540	0.029397	0.96972	1.5287e-05	0.00086497
541	0.025999	0.97312	1.3882e-05	0.00086241
542	0.024183	0.97494	1.3348e-05	0.00085898
543	0.023619	0.97551	1.3557e-05	0.00085479
544	0.01825	0.98089	1.0582e-05	0.00085382
545	0.014166	0.98497	8.3337e-06	0.00085216
546	0.011047	0.9881	6.6254e-06	0.00084999
547	0.008649	0.9905	5.3149e-06	0.00084747
548	0.007074	0.99208	4.4693e-06	0.00084446
549	0.0061025	0.99305	3.971e-06	0.0008411
550	0.0053813	0.99378	3.6083e-06	0.00083764
551	0.004854	0.99431	3.3517e-06	0.0008341
552	0.0046704	0.9945	3.3104e-06	0.00083034
553	0.004607	0.99456	3.3399e-06	0.00082655
554	0.004668	0.99451	3.4497e-06	0.0008227
555	0.004858	0.99432	3.649e-06	0.0008188
556	0.0051919	0.99399	3.9539e-06	0.00081483
557	0.005696	0.99349	4.3891e-06	0.00081076
558	0.0064096	0.99278	4.9896e-06	0.00080656
559	0.0073771	0.99181	5.7938e-06	0.00080219
560	0.0089665	0.99023	7.0777e-06	0.00079733
561	0.011336	0.98786	8.9627e-06	0.00079185
562	0.014788	0.98441	1.1678e-05	0.00078554
563	0.01927	0.97994	1.5208e-05	0.00077844
564	0.025862	0.97335	2.0352e-05	0.00076972
565	0.020486	0.97873	1.6077e-05	0.00077045
566	0.01686	0.98236	1.3181e-05	0.00076979
567	0.014181	0.98504	1.1066e-05	0.00076838
568	0.012533	0.98669	9.7529e-06	0.00076616
569	0.011762	0.98747	9.1168e-06	0.00076326
570	0.011761	0.98747	9.0681e-06	0.00075975
571	0.012528	0.98671	9.598e-06	0.00075566
572	0.0096907	0.98955	7.3871e-06	0.00075433
573	0.0077517	0.99149	5.8682e-06	0.00075231
574	0.0062463	0.993	4.7034e-06	0.00074996
575	0.0052467	0.994	3.9213e-06	0.00074722
576	0.0044485	0.9948	3.3052e-06	0.00074435
577	0.0039857	0.99527	2.9364e-06	0.00074122
578	0.0036203	0.99564	2.6489e-06	0.00073804
579	0.0033237	0.99594	2.4192e-06	0.00073483
580	0.003231	0.99604	2.3327e-06	0.00073147
581	0.0031715	0.9961	2.2748e-06	0.00072811
582	0.0031334	0.99614	2.2359e-06	0.00072476
583	0.003121	0.99616	2.2188e-06	0.00072142
584	0.0032894	0.99599	2.3227e-06	0.00071795
585	0.00349	0.99579	2.4513e-06	0.00071449
586	0.0037382	0.99555	2.6151e-06	0.00071101
587	0.0040526	0.99524	2.8274e-06	0.00070752
588	0.0046531	0.99464	3.2291e-06	0.00070383
589	0.0054113	0.99388	3.7413e-06	0.00070006
590	0.0063754	0.99292	4.3974e-06	0.00069618
591	0.0076189	0.99168	5.2481e-06	0.00069213
592	0.0092359	0.99007	6.3591e-06	0.00068784
593	0.011653	0.98766	8.0018e-06	0.00068302
594	0.01526	0.98405	1.0431e-05	0.0006774
595	0.019944	0.97937	1.3591e-05	0.00067107
596	0.026059	0.97326	1.7723e-05	0.00066381
597	0.034112	0.96521	2.3173e-05	0.00065525
598	0.045689	0.95364	3.0939e-05	0.00064437
599	0.049076	0.95025	3.3081e-05	0.0006391
600	0.046759	0.95257	3.1358e-05	0.00063769
601	0.046421	0.95291	3.0952e-05	0.00063495
602	0.039681	0.95966	2.6261e-05	0.00063648
603	0.034773	0.96457	2.2861e-05	0.00063675
604	0.031926	0.96742	2.0832e-05	0.00063564
605	0.030742	0.9686	1.9896e-05	0.00063342
606	0.03058	0.96877	1.9648e-05	0.00063055
607	0.031829	0.96752	2.0291e-05	0.00062677
608	0.03417	0.96519	2.1638e-05	0.00062232
609	0.037811	0.96155	2.3809e-05	0.00061708
610	0.043038	0.95632	2.6979e-05	0.00061086
611	0.042532	0.95683	2.6492e-05	0.00060829
612	0.043259	0.95611	2.6799e-05	0.00060495
613	0.045802	0.95357	2.821e-05	0.0006005
614	0.049863	0.94951	3.0563e-05	0.00059514
615	0.055751	0.94363	3.404e-05	0.00058868
616	0.043625	0.95576	2.648e-05	0.00059329
617	0.034479	0.9649	2.0833e-05	0.00059601
618	0.028368	0.97102	1.7043e-05	0.00059687
619	0.023847	0.97554	1.4265e-05	0.00059674
620	0.020972	0.97842	1.2479e-05	0.00059561
621	0.019377	0.98002	1.1461e-05	0.0005937
622	0.018525	0.98087	1.0905e-05	0.00059136
623	0.018371	0.98103	1.0777e-05	0.00058861
624	0.019213	0.98019	1.1225e-05	0.00058528
625	0.021158	0.97825	1.2303e-05	0.00058131
626	0.02402	0.97539	1.3918e-05	0.00057683
627	0.028016	0.9714	1.6192e-05	0.00057172
628	0.034203	0.96521	1.9696e-05	0.00056536
629	0.042475	0.95694	2.4396e-05	0.00055784
630	0.054482	0.94494	3.1169e-05	0.00054823
631	0.071754	0.92767	4.0835e-05	0.00053572
632	0.076844	0.92258	4.3523e-05	0.00053022
633	0.084362	0.91507	4.7591e-05	0.00052336
634	0.083412	0.91602	4.6854e-05	0.00052133
635	0.085007	0.91443	4.7532e-05	0.00051788
636	0.089351	0.91009	4.9716e-05	0.00051291
637	0.097189	0.90225	5.3789e-05	0.00050604
638	0.10818	0.89126	5.9597e-05	0.00049747
639	0.12323	0.87621	6.7635e-05	0.00048668
640	0.14573	0.85372	7.9624e-05	0.00047194
641	0.17556	0.82389	9.5586e-05	0.00045325
642	0.21519	0.78427	0.00011685	0.00042929
643	0.22833	0.77112	0.00012352	0.00041995
644	0.24857	0.75089	0.00013392	0.00040687
645	0.27901	0.72046	0.00014965	0.00038844
646	0.32391	0.67556	0.00017284	0.00036254
647	0.3833	0.61616	0.00020367	0.00032903
648	0.46985	0.52962	0.00024838	0.00028162
649	0.476	0.52347	0.00025028	0.00027701
650	0.48829	0.51118	0.0002553	0.00026926
651	0.50634	0.49313	0.00026332	0.00025854
652	0.53166	0.46782	0.00027508	0.00024411
653	0.56918	0.4303	0.00029292	0.00022359
654	0.61932	0.38017	0.00031716	0.0001967
655	0.6378	0.36169	0.00032505	0.0001862
656	0.66601	0.33348	0.00033772	0.00017089
657	0.70414	0.29535	0.0003554	0.00015062
658	0.76046	0.23903	0.00038195	0.00012146
659	0.83545	0.16405	0.00041778	8.3045e-05
660	0.93452	0.06498	0.00046558	3.2696e-05
661	0.93519	0.06431	0.00046362	3.2155e-05
662	0.93894	0.060568	0.00046314	3.0107e-05
663	0.94623	0.053275	0.00046436	2.6343e-05
664	0.95697	0.042546	0.0004673	2.09e-05
665	0.97358	0.025939	0.000473	1.2663e-05
666	0.98059	0.018923	0.00047391	9.1949e-06
667	0.99059	0.0089296	0.00047629	4.302e-06
668	0.99084	0.0086865	0.0004739	4.1594e-06
669	0.98887	0.010655	0.0004705	5.0619e-06
670	0.98849	0.01104	0.00046782	5.2127e-06
671	0.98964	0.0098913	0.00046585	4.6459e-06
672	0.99254	0.0069966	0.00046465	3.2762e-06
673	0.9933	0.0062338	0.00046249	2.9042e-06
674	0.99258	0.0069572	0.00045962	3.2294e-06
675	0.99298	0.0065644	0.00045731	3.0307e-06
676	0.99478	0.0047645	0.00045561	2.1945e-06
677	0.99495	0.0045978	0.0004532	2.1073e-06
678	0.99362	0.0059244	0.00045015	2.6947e-06
679	0.99361	0.005939	0.00044768	2.6884e-06
680	0.99467	0.004884	0.00044573	2.1968e-06
681	0.99716	0.0023903	0.00044438	1.0733e-06
682	0.99633	0.003229	0.00044151	1.4475e-06
683	0.9964	0.0031551	0.0004391	1.4099e-06
684	0.9974	0.0021628	0.00043712	9.649e-07
685	0.99535	0.0042149	0.00043385	1.8606e-06
686	0.99063	0.0089348	0.00042938	3.9221e-06
687	0.98804	0.011532	0.00042583	5.0449e-06
688	0.98687	0.012698	0.00042296	5.5294e-06
689	0.9826	0.016972	0.0004188	7.3377e-06
690	0.98016	0.019414	0.00041549	8.335e-06
691	0.97936	0.020216	0.00041293	8.618e-06
692	0.98053	0.019047	0.00041118	8.0748e-06
693	0.98336	0.016226	0.00041015	6.835e-06
694	0.98853	0.011053	0.00041007	4.6349e-06
695	0.99605	0.0035337	0.00041099	1.4689e-06
696	0.99953	5.5198e-05	0.00041016	2.2669e-08
697	0.99955	4.1388e-05	0.00040787	1.6651e-08
698	0.99888	0.00071495	0.00040535	2.8267e-07
699	0.99764	0.0019614	0.00040232	7.8972e-07
700	0.9947	0.0048966	0.00039858	1.9796e-06
701	0.9881	0.0115	0.00039334	4.6486e-06
702	0.98419	0.015419	0.00038918	6.2151e-06
703	0.98199	0.017618	0.00038577	7.0669e-06
704	0.98135	0.018262	0.00038304	7.2869e-06
705	0.98221	0.0174	0.00038093	6.9078e-06
706	0.98467	0.014949	0.00037949	5.9071e-06
707	0.98888	0.010738	0.00037876	4.2284e-06
708	0.99517	0.0044482	0.00037886	1.756e-06
709	0.95637	0.043254	0.00036169	1.6586e-05
710	0.92964	0.069989	0.00034923	2.669e-05
711	0.91	0.089622	0.00033965	3.3939e-05
712	0.89716	0.10247	0.00033267	3.8575e-05
713	0.88854	0.11109	0.00032738	4.1555e-05
714	0.88426	0.11538	0.0003237	4.2906e-05
715	0.88393	0.11571	0.00032146	4.28e-05
716	0.88655	0.11309	0.00032034	4.1606e-05
717	0.88074	0.1189	0.0003162	4.3464e-05
718	0.87812	0.12152	0.00031328	4.4131e-05
719	0.87928	0.12036	0.00031169	4.345e-05
720	0.88455	0.1151	0.00031152	4.1334e-05
721	0.89342	0.10623	0.00031264	3.7954e-05
722	0.90659	0.093065	0.00031529	3.3084e-05
723	0.92509	0.074567	0.0003198	2.6376e-05
724	0.93222	0.067435	0.00032023	2.3732e-05
725	0.94289	0.05677	0.0003219	1.988e-05
726	0.9579	0.041764	0.00032508	1.4556e-05
727	0.96317	0.03649	0.00032488	1.2632e-05
728	0.97201	0.027651	0.00032585	9.5268e-06
729	0.98445	0.015222	0.00032805	5.2225e-06
730	0.98427	0.015396	0.00032596	5.232e-06
731	0.98119	0.018479	0.00032289	6.214e-06
732	0.9798	0.019873	0.00032042	6.6208e-06
733	0.97999	0.019687	0.00031851	6.4989e-06
734	0.98219	0.01749	0.00031723	5.7288e-06
735	0.98618	0.013496	0.00031656	4.3767e-06
736	0.98721	0.012474	0.00031489	4.0089e-06
737	0.99007	0.0096117	0.00031378	3.0636e-06
738	0.99518	0.0045087	0.00031333	1.4277e-06
739	0.99104	0.008649	0.00031	2.7063e-06
740	0.98881	0.010879	0.00030726	3.3804e-06
741	0.98826	0.011431	0.00030502	3.5314e-06
742	0.98516	0.014529	0.00030197	4.4691e-06
743	0.98366	0.016032	0.00029946	4.9001e-06
744	0.97803	0.021666	0.00029574	6.5684e-06
745	0.96474	0.03496	0.00028971	1.0531e-05
746	0.95632	0.043385	0.00028516	1.2994e-05
747	0.95084	0.048865	0.00028156	1.4534e-05
748	0.94853	0.051181	0.0002789	1.5126e-05
749	0.94845	0.051261	0.00027693	1.5045e-05
750	0.95124	0.048469	0.00027577	1.4138e-05
751	0.95648	0.043231	0.00027534	1.2526e-05
752	0.96539	0.034321	0.00027592	9.8962e-06
753	0.97798	0.021737	0.00027755	6.2415e-06
754	0.99527	0.004447	0.00028051	1.2816e-06
755	0.99443	0.0052874	0.00027831	1.5096e-06
756	0.99462	0.0051016	0.00027644	1.4446e-06
757	0.99327	0.0064578	0.00027417	1.8071e-06
758	0.99303	0.0066989	0.00027224	1.8545e-06
759	0.99413	0.0055965	0.00027066	1.5367e-06
760	0.99673	0.0029966	0.00026945	8.1999e-07
761	0.99767	0.0020591	0.00026782	5.5988e-07
762	0.99959	0.00014452	0.00026648	3.8843e-08
763	0.99871	0.0010271	0.00026436	2.7237e-07
764	0.99864	0.0010977	0.00026244	2.9009e-07
765	0.99929	0.00045292	0.00026074	1.1941e-07
766	0.99882	0.00092339	0.00025878	2.4086e-07
767	0.99469	0.0050546	0.00025584	1.311e-06
768	0.99209	0.007657	0.00025335	1.9687e-06
769	0.99108	0.0086634	0.00025125	2.2142e-06
770	0.99127	0.0084817	0.00024948	2.1526e-06
771	0.99289	0.0068555	0.00024806	1.7328e-06
772	0.99282	0.006937	0.00024618	1.7471e-06
773	0.99385	0.0059031	0.00024461	1.4825e-06
774	0.99609	0.0036621	0.00024336	9.2217e-07
775	0.99458	0.0051787	0.00024121	1.2922e-06
776	0.99414	0.0056235	0.00023935	1.3936e-06
777	0.99473	0.0050303	0.00023777	1.2406e-06
778	0.99379	0.0059736	0.00023585	1.4591e-06
779	0.9907	0.0090631	0.00023339	2.1935e-06
780	0.98904	0.010722	0.00023132	2.5745e-06
781	0.98423	0.01554	0.00022847	3.7031e-06
782	0.98129	0.018481	0.00022612	4.3704e-06
783	0.98041	0.019362	0.00022423	4.5543e-06
784	0.96187	0.037906	0.00021819	8.8672e-06
785	0.94973	0.050047	0.00021367	1.1645e-05
786	0.94133	0.058444	0.00021009	1.3506e-05
787	0.93602	0.063754	0.00020727	1.4628e-05
788	0.93397	0.065808	0.00020518	1.5008e-05
789	0.93432	0.065462	0.00020366	1.4842e-05
790	0.90959	0.090192	0.0001966	2.0238e-05
791	0.89148	0.10831	0.00019112	2.4075e-05
792	0.87861	0.12118	0.00018688	2.6696e-05
793	0.87	0.12979	0.00018364	2.8346e-05
794	0.86501	0.13478	0.00018122	2.9191e-05
795	0.86329	0.1365	0.00017954	2.932e-05
796	0.85218	0.14761	0.00017587	3.142e-05
797	0.82112	0.17867	0.00016816	3.7593e-05
798	0.74365	0.25615	0.00015112	5.3102e-05
799	0.55193	0.44787	0.00011142	9.1301e-05
800	0.41757	0.58223	8.3635e-05	0.00011757
801	0.32505	0.67476	6.4499e-05	0.00013517
802	0.25477	0.74503	5.0138e-05	0.00014802
803	0.20568	0.79412	4.0093e-05	0.00015654
804	0.16848	0.83132	3.2561e-05	0.00016256
805	0.14036	0.85944	2.6922e-05	0.00016671
806	0.12101	0.8788	2.3015e-05	0.00016911
807	0.10822	0.89159	2.0395e-05	0.00017022
808	0.1002	0.89961	1.8703e-05	0.00017038
809	0.095849	0.90396	1.7712e-05	0.00016984
810	0.093684	0.90613	1.7151e-05	0.00016888
811	0.082012	0.9178	1.4833e-05	0.00016968
812	0.074413	0.9254	1.3288e-05	0.00016968
813	0.069229	0.93059	1.2217e-05	0.00016923
814	0.066054	0.93377	1.1529e-05	0.00016841
815	0.064606	0.93522	1.1163e-05	0.00016728
816	0.064776	0.93505	1.1089e-05	0.00016586
817	0.066609	0.93322	1.1309e-05	0.00016417
818	0.070896	0.92893	1.1935e-05	0.00016206
819	0.07739	0.92244	1.293e-05	0.00015959
820	0.087784	0.91205	1.4549e-05	0.00015649
821	0.10185	0.89798	1.676e-05	0.00015281
822	0.12075	0.87908	1.9745e-05	0.00014837
823	0.14596	0.85387	2.3737e-05	0.00014293
824	0.18225	0.81759	2.944e-05	0.00013577
825	0.23031	0.76952	3.6983e-05	0.00012679
826	0.24986	0.74998	3.9779e-05	0.00012254
827	0.27883	0.72101	4.3989e-05	0.00011687
828	0.31765	0.68219	4.9697e-05	0.00010972
829	0.36912	0.63072	5.7314e-05	0.00010067
830	0.43747	0.56238	6.7466e-05	8.9095e-05
831	0.52803	0.47181	8.0943e-05	7.4213e-05
832	0.5162	0.48364	7.8415e-05	7.5352e-05
833	0.51074	0.48911	7.6868e-05	7.5498e-05
834	0.5095	0.49035	7.5994e-05	7.4985e-05
835	0.51355	0.4863	7.5898e-05	7.3685e-05
836	0.522	0.47785	7.6464e-05	7.1736e-05
837	0.53715	0.4627	7.7973e-05	6.8832e-05
838	0.56094	0.43892	8.0672e-05	6.4728e-05
839	0.59702	0.40283	8.504e-05	5.8943e-05
840	0.64531	0.35455	9.1081e-05	5.1499e-05
841	0.70946	0.2904	9.9283e-05	4.1912e-05
842	0.73435	0.26551	0.00010183	3.7998e-05
843	0.74161	0.25825	0.00010186	3.6606e-05
844	0.75525	0.24462	0.00010274	3.4361e-05
845	0.77715	0.22271	0.00010469	3.1037e-05
846	0.80709	0.19277	0.00010769	2.6669e-05
847	0.80262	0.19725	0.00010601	2.7002e-05
848	0.80266	0.1972	0.00010492	2.6728e-05
849	0.80629	0.19358	0.00010433	2.5978e-05
850	0.81377	0.1861	0.00010425	2.4727e-05
851	0.8257	0.17417	0.00010476	2.2912e-05
852	0.84301	0.15686	0.00010595	2.0425e-05
853	0.86961	0.13026	0.00010826	1.681e-05
854	0.90542	0.094452	0.0001117	1.2079e-05
855	0.91932	0.080554	0.00011226	1.0209e-05
856	0.91303	0.086852	0.00011032	1.0863e-05
857	0.91058	0.089297	0.00010884	1.1038e-05
858	0.91086	0.089018	0.00010771	1.0877e-05
859	0.91473	0.085152	0.00010699	1.0294e-05
860	0.9217	0.078184	0.00010665	9.3517e-06
861	0.93232	0.067568	0.00010673	7.9945e-06
862	0.94903	0.050856	0.00010748	5.966e-06
863	0.97178	0.028112	0.0001089	3.2778e-06
864	0.97321	0.026682	0.00010782	3.0776e-06
865	0.97653	0.02336	0.00010697	2.6676e-06
866	0.98198	0.017915	0.00010636	2.0283e-06
867	0.98996	0.0099343	0.00010603	1.1204e-06
868	0.98924	0.010659	0.00010475	1.1829e-06
869	0.99002	0.009875	0.00010362	1.0845e-06
870	0.99247	0.007423	0.00010265	8.1414e-07
871	0.98911	0.010786	0.00010104	1.1664e-06
872	0.98038	0.019519	9.8884e-05	2.0747e-06
873	0.97439	0.025506	9.7056e-05	2.674e-06
874	0.95785	0.042051	9.4183e-05	4.3336e-06
875	0.94695	0.052948	9.19e-05	5.3901e-06
876	0.93953	0.060378	9.0008e-05	6.071e-06
877	0.935	0.064903	8.8435e-05	6.4472e-06
878	0.93304	0.066867	8.7136e-05	6.5643e-06
879	0.92389	0.076019	8.5139e-05	7.3657e-06
880	0.90071	0.099196	8.1814e-05	9.4827e-06
881	0.88384	0.11607	7.9156e-05	1.0947e-05
882	0.87198	0.12793	7.7019e-05	1.1904e-05
883	0.83999	0.15992	7.3111e-05	1.4646e-05
884	0.8164	0.18352	7.0048e-05	1.6555e-05
885	0.79951	0.20041	6.7646e-05	1.7818e-05
886	0.78793	0.21199	6.5754e-05	1.8582e-05
887	0.78077	0.21915	6.4279e-05	1.8942e-05
888	0.77749	0.22243	6.3156e-05	1.8961e-05
889	0.7779	0.22202	6.2358e-05	1.8668e-05
890	0.78198	0.21794	6.1871e-05	1.8075e-05
891	0.79002	0.2099	6.1708e-05	1.717e-05
892	0.80409	0.19583	6.1991e-05	1.5807e-05
893	0.82406	0.17586	6.2724e-05	1.4006e-05
894	0.82943	0.17049	6.2295e-05	1.3379e-05
895	0.8257	0.17422	6.1147e-05	1.3459e-05
896	0.82543	0.1745	6.0278e-05	1.3271e-05
897	0.82948	0.17045	5.9714e-05	1.2768e-05
898	0.83838	0.16155	5.9478e-05	1.1924e-05
899	0.85183	0.1481	5.9565e-05	1.077e-05
900	0.87093	0.129	6.0043e-05	9.236e-06
901	0.8972	0.10273	6.1002e-05	7.2321e-06
902	0.93558	0.064357	6.2725e-05	4.4537e-06
903	0.99187	0.0080591	6.5558e-05	5.5225e-07
904	0.99018	0.0097548	6.4401e-05	6.5257e-07
905	0.98976	0.010176	6.3344e-05	6.6633e-07
906	0.99083	0.0091072	6.2369e-05	5.8538e-07
907	0.98976	0.010179	6.1242e-05	6.4179e-07
908	0.99018	0.0097603	6.0195e-05	6.0542e-07
909	0.99187	0.0080673	5.9238e-05	4.9246e-07
910	0.9915	0.0084459	5.8166e-05	5.0557e-07
911	0.99229	0.0076515	5.7176e-05	4.4912e-07
912	0.99432	0.005624	5.6266e-05	3.2318e-07
913	0.99141	0.0085363	5.5063e-05	4.787e-07
914	0.9899	0.010047	5.3955e-05	5.5079e-07
915	0.9899	0.010048	5.2918e-05	5.3956e-07
916	0.99141	0.0085384	5.1948e-05	4.4966e-07
917	0.99432	0.0056277	5.106e-05	2.8991e-07
918	0.99933	0.00061639	5.0258e-05	3.1301e-08
919	0.9991	0.00085122	4.9198e-05	4.2218e-08
920	0.99954	0.00041187	4.8182e-05	1.9896e-08
921	0.99984	0.00010922	4.7147e-05	5.1636e-09
922	0.99678	0.0031715	4.5968e-05	1.4564e-07
923	0.99517	0.0047891	4.4848e-05	2.1523e-07
924	0.99482	0.0051326	4.3775e-05	2.2574e-07
925	0.99273	0.0072316	4.2615e-05	3.1161e-07
926	0.99185	0.008104	4.1522e-05	3.4088e-07
927	0.9924	0.0075568	4.0476e-05	3.1069e-07
928	0.99126	0.0086999	3.9349e-05	3.4965e-07
929	0.99131	0.008647	3.8282e-05	3.3916e-07
930	0.99257	0.0073941	3.7272e-05	2.8305e-07
931	0.99208	0.007888	3.6207e-05	2.9357e-07
932	0.99273	0.0072349	3.5194e-05	2.6172e-07
933	0.99459	0.0053722	3.4233e-05	1.8886e-07
934	0.99473	0.0052359	3.322e-05	1.7809e-07
935	0.99591	0.0040558	3.2251e-05	1.3326e-07
936	0.99851	0.0014578	3.1313e-05	4.6358e-08
937	0.99625	0.0037185	3.0208e-05	1.1376e-07
938	0.9951	0.0048692	2.9151e-05	1.4355e-07
