#coord	neutral	conserved	gBGC.neutral	gBGC.conserved
1	0.09474	0.029092	0.66931	0.20686
2	0.094832	0.028172	0.67518	0.20181
3	0.095429	0.026729	0.68502	0.19282
4	0.096827	0.024491	0.7007	0.17798
5	0.099269	0.021216	0.72408	0.15543
6	0.10321	0.016452	0.75854	0.1218
7	0.10859	0.010226	0.80471	0.076479
8	0.11049	0.0074911	0.82529	0.056736
9	0.11326	0.0038599	0.85316	0.029723
10	0.11379	0.0024512	0.86462	0.019138
11	0.11342	0.001924	0.86948	0.015175
12	0.11329	0.0011438	0.87647	0.0091015
13	0.11269	0.00082896	0.87981	0.0066727
14	0.11225	0.00033852	0.88465	0.0027637
15	0.1115	0.00013831	0.88722	0.0011401
16	0.1105	0.00019505	0.88769	0.0016117
17	0.10957	0.00016546	0.88889	0.0013792
18	0.10854	0.00020418	0.88955	0.0017058
19	0.10758	0.00015744	0.89095	0.0013194
20	0.10673	7.9121e-06	0.8932	6.8502e-05
21	0.10574	2.9482e-06	0.89422	3.3987e-05
22	0.1047	3.209e-05	0.89482	0.00044539
23	0.10447	7.4264e-05	0.8947	0.00076028
24	0.10429	4.7725e-05	0.8952	0.00046351
25	0.1041	3.6872e-05	0.89552	0.00034691
26	0.10389	3.4669e-05	0.89575	0.00032258
27	0.10358	0.00013791	0.89501	0.0012714
28	0.10337	0.00014903	0.89507	0.0014153
29	0.10322	8.1899e-05	0.89583	0.0008615
30	0.10304	5.2194e-05	0.89622	0.00067891
31	0.10275	0.00014616	0.89505	0.0020587
32	0.10286	0.000366	0.89288	0.0039026
33	0.10306	0.00048603	0.89162	0.0048346
34	0.10334	0.00051146	0.89124	0.004908
35	0.10373	0.00042876	0.89181	0.0040287
36	0.10399	0.00048903	0.89105	0.0044734
37	0.10435	0.00044292	0.8912	0.0040014
38	0.1048	0.00030118	0.89221	0.0026861
39	0.10513	0.0002858	0.89207	0.0025138
40	0.10553	0.00018515	0.89268	0.001601
41	0.10583	0.00017344	0.89254	0.0014593
42	0.10612	0.00023912	0.89162	0.0020237
43	0.10648	0.00022445	0.8914	0.0018998
44	0.10676	0.00029505	0.89044	0.0025049
45	0.10712	0.00027261	0.89029	0.0023174
46	0.10756	0.00015441	0.89096	0.0013226
47	0.10793	0.00010981	0.891	0.00096134
48	0.10827	0.00010461	0.89068	0.00094986
49	0.10867	2.1571e-05	0.89102	0.00028539
50	0.11001	2.0667e-05	0.88977	0.00020322
51	0.11136	8.4369e-06	0.88856	7.2614e-05
52	0.11272	1.7213e-05	0.88713	0.00013659
53	0.11396	0.00011003	0.88509	0.00084174
54	0.11512	0.00029027	0.8824	0.0021937
55	0.11642	0.00034655	0.88065	0.0025875
56	0.11786	0.00028191	0.87978	0.0020809
57	0.11915	0.00032429	0.87816	0.0023587
58	0.12034	0.00048996	0.87564	0.0035267
59	0.12021	0.0019896	0.86354	0.014258
60	0.12059	0.0029843	0.85523	0.021188
61	0.12125	0.0036725	0.84933	0.025741
62	0.12215	0.0040952	0.84544	0.028309
63	0.12336	0.0042222	0.84359	0.028826
64	0.124	0.0049272	0.83781	0.033268
65	0.12502	0.0052674	0.83452	0.035201
66	0.12627	0.0053457	0.83307	0.035321
67	0.12687	0.0060789	0.82729	0.039757
68	0.12776	0.0065033	0.82368	0.042051
69	0.12903	0.0065544	0.82247	0.041944
70	0.12961	0.0073188	0.81667	0.046403
71	0.13062	0.0076569	0.8136	0.048123
72	0.13204	0.0075936	0.81301	0.047358
73	0.13377	0.0071959	0.8145	0.044531
74	0.13599	0.0063216	0.81873	0.038953
75	0.13866	0.0049724	0.82575	0.030624
76	0.14033	0.0045899	0.82697	0.028116
77	0.14243	0.0037906	0.83052	0.023257
78	0.14492	0.002573	0.83649	0.016024
79	0.14667	0.0021008	0.83796	0.013264
80	0.14794	0.0020887	0.83674	0.013226
81	0.1494	0.0018608	0.83682	0.01192
82	0.14953	0.0029331	0.82898	0.018554
83	0.15009	0.0035868	0.82375	0.022577
84	0.15091	0.0039509	0.82035	0.024785
85	0.15207	0.0039896	0.81884	0.025103
86	0.15264	0.0046296	0.81366	0.029071
87	0.1536	0.0048817	0.81078	0.030735
88	0.15483	0.0048432	0.80962	0.030699
89	0.15645	0.0044334	0.81046	0.028662
90	0.15853	0.0035676	0.81362	0.024288
91	0.16121	0.0021092	0.81968	0.017002
92	0.16573	0.0016144	0.82041	0.012243
93	0.1699	0.0015053	0.81799	0.010604
94	0.17364	0.0017496	0.81347	0.011145
95	0.17752	0.0017731	0.81018	0.010529
96	0.18173	0.0015023	0.80829	0.0084752
97	0.18549	0.0016026	0.80446	0.008446
98	0.18956	0.0014247	0.80186	0.0071554
99	0.194	0.00091883	0.80063	0.0044543
100	0.19748	0.0013003	0.7954	0.0058275
101	0.20125	0.0014183	0.79125	0.0060868
102	0.20532	0.0012681	0.78813	0.0052836
103	0.20897	0.0014676	0.78368	0.0058839
104	0.21293	0.0013839	0.78027	0.0054083
105	0.21708	0.0010454	0.77787	0.0040045
106	0.22081	0.0010428	0.77426	0.0038848
107	0.22412	0.0013877	0.7695	0.0049898
108	0.22761	0.001486	0.76571	0.0051958
109	0.23143	0.0012782	0.76291	0.0043822
110	0.23547	0.00078645	0.76109	0.0026537
111	0.23909	0.00064689	0.75813	0.0021351
112	0.24251	0.0007317	0.7544	0.0023633
113	0.24607	0.00060147	0.75141	0.0019109
114	0.24981	0.00023412	0.74921	0.00074471
115	0.2456	0.0077374	0.72324	0.023428
116	0.24362	0.013042	0.70443	0.038909
117	0.24328	0.016729	0.6908	0.049186
118	0.24387	0.01943	0.6805	0.0562
119	0.24553	0.021088	0.67331	0.06008
120	0.24811	0.021846	0.66867	0.061372
121	0.25134	0.021898	0.66609	0.060674
122	0.25525	0.021201	0.66557	0.057978
123	0.25994	0.019656	0.6673	0.053107
124	0.26264	0.020046	0.66396	0.053354
125	0.26599	0.019723	0.66254	0.051741
126	0.27006	0.018622	0.66314	0.048177
127	0.27223	0.019361	0.65914	0.049261
128	0.2753	0.019228	0.65726	0.048214
129	0.27938	0.018109	0.65765	0.044861
130	0.28182	0.018664	0.6539	0.045619
131	0.2849	0.018514	0.65192	0.044673
132	0.28868	0.017602	0.65176	0.041958
133	0.29058	0.018521	0.64742	0.043477
134	0.29343	0.018511	0.64516	0.042898
135	0.29698	0.017753	0.64463	0.040638
136	0.30132	0.016144	0.64602	0.036523
137	0.30696	0.013256	0.65002	0.029767
138	0.31386	0.0090556	0.6568	0.020289
139	0.31599	0.0095715	0.65331	0.021124
140	0.31865	0.0095073	0.65114	0.020699
141	0.32186	0.0088377	0.6503	0.019002
142	0.3257	0.0074915	0.65089	0.015916
143	0.32816	0.0074761	0.64874	0.015624
144	0.33113	0.0068948	0.6478	0.01418
145	0.3349	0.0055405	0.64832	0.011239
146	0.3376	0.0052728	0.64658	0.010547
147	0.34079	0.0044693	0.64592	0.0088121
148	0.34476	0.0029112	0.64665	0.0056795
149	0.34761	0.0024191	0.64532	0.0046459
150	0.34991	0.0025005	0.64286	0.0047276
151	0.35272	0.0020951	0.64126	0.0039238
152	0.35593	0.0012423	0.64052	0.0023065
153	0.35863	0.00092006	0.63875	0.0017012
154	0.36005	0.0018326	0.6348	0.0033196
155	0.36199	0.0022433	0.63173	0.0040305
156	0.36298	0.0035575	0.62715	0.0063078
157	0.36447	0.0043252	0.62363	0.0075764
158	0.36658	0.0044954	0.62111	0.0078117
159	0.36744	0.0058688	0.61662	0.010076
160	0.36909	0.0064755	0.61341	0.011027
161	0.37125	0.0065165	0.61123	0.011
162	0.37208	0.0078494	0.60698	0.01309
163	0.37044	0.011613	0.59889	0.019058
164	0.37025	0.013942	0.59316	0.022649
165	0.37122	0.015132	0.58927	0.024377
166	0.36977	0.018763	0.58146	0.030014
167	0.36944	0.021227	0.57568	0.033657
168	0.37037	0.022447	0.57186	0.035319
169	0.37217	0.022761	0.56955	0.035522
170	0.37517	0.021894	0.56899	0.033942
171	0.37086	0.028357	0.5571	0.043684
172	0.36829	0.033035	0.54821	0.050463
173	0.36763	0.035822	0.54223	0.054316
174	0.36855	0.037053	0.53858	0.055813
175	0.37052	0.037187	0.53666	0.055633
176	0.36952	0.040314	0.53027	0.059899
177	0.36976	0.042152	0.52592	0.062165
178	0.37115	0.042805	0.52339	0.062651
179	0.37367	0.042288	0.52261	0.061429
180	0.37741	0.040512	0.52367	0.05841
181	0.38307	0.03683	0.52729	0.052812
182	0.39122	0.030669	0.53417	0.043936
183	0.4018	0.022051	0.5444	0.031752
184	0.40716	0.018606	0.54745	0.026782
185	0.40965	0.017997	0.5466	0.025759
186	0.40987	0.019611	0.54274	0.02778
187	0.40694	0.024401	0.53452	0.034148
188	0.40546	0.027695	0.52849	0.038356
189	0.40554	0.029447	0.52454	0.040475
190	0.40669	0.030095	0.52215	0.041073
191	0.40918	0.029413	0.52146	0.039947
192	0.41279	0.027571	0.52233	0.037304
193	0.39336	0.048795	0.49272	0.065118
194	0.38037	0.063603	0.47178	0.084252
195	0.37201	0.073785	0.45705	0.097151
196	0.35025	0.097383	0.42471	0.12766
197	0.33422	0.11522	0.40054	0.15002
198	0.32261	0.1286	0.3826	0.16619
199	0.31447	0.13848	0.36944	0.17761
200	0.30981	0.14489	0.36068	0.18461
201	0.30731	0.14911	0.35481	0.18877
202	0.29578	0.16233	0.33806	0.20383
203	0.28765	0.17212	0.32581	0.21442
204	0.28231	0.17908	0.31717	0.22144
205	0.27926	0.18373	0.31144	0.22558
206	0.27824	0.18632	0.30824	0.22721
207	0.27979	0.18634	0.30794	0.22592
208	0.27462	0.19307	0.29999	0.23232
209	0.27172	0.1975	0.29483	0.23595
210	0.25842	0.2123	0.27813	0.25116
211	0.24892	0.22327	0.266	0.26182
212	0.24245	0.23117	0.25745	0.26892
213	0.23849	0.23656	0.25182	0.27314
214	0.2239	0.25254	0.23495	0.28861
215	0.1886	0.28924	0.19604	0.32612
216	0.16197	0.31725	0.16698	0.3538
217	0.14195	0.33863	0.14533	0.37409
218	0.12847	0.35347	0.13055	0.3875
219	0.11853	0.36476	0.11969	0.39702
220	0.11136	0.37325	0.11187	0.40352
221	0.089891	0.39605	0.089494	0.42457
222	0.075216	0.41206	0.074095	0.43863
223	0.064198	0.42439	0.062656	0.44875
224	0.056854	0.43306	0.054935	0.45515
225	0.051516	0.4397	0.049354	0.45943
226	0.047769	0.44473	0.045447	0.46206
227	0.045698	0.44809	0.043182	0.46303
228	0.04511	0.44997	0.042353	0.46257
229	0.045916	0.45046	0.042853	0.46077
230	0.047758	0.4499	0.044378	0.45797
231	0.050801	0.44812	0.047077	0.45401
232	0.05578	0.4444	0.051555	0.44826
233	0.062638	0.43879	0.057826	0.44074
234	0.071943	0.43072	0.066435	0.4309
235	0.074043	0.42983	0.06813	0.428
236	0.078252	0.42684	0.071762	0.42315
237	0.084329	0.42196	0.077178	0.41654
238	0.075655	0.43181	0.068661	0.42387
239	0.069333	0.4393	0.062483	0.42889
240	0.065429	0.44437	0.058554	0.43165
241	0.063533	0.44744	0.056476	0.43256
242	0.062879	0.44924	0.055598	0.43228
243	0.063436	0.44982	0.055872	0.43087
244	0.065246	0.44914	0.057325	0.42829
245	0.06892	0.44659	0.060421	0.42407
246	0.074297	0.44232	0.065087	0.4183
247	0.082556	0.43517	0.072265	0.41001
248	0.093705	0.42512	0.082071	0.39911
249	0.10867	0.41124	0.095351	0.38475
250	0.13028	0.39071	0.1144	0.36461
251	0.15885	0.36321	0.13975	0.3382
252	0.19674	0.32636	0.17355	0.30335
253	0.21311	0.31104	0.1875	0.28835
254	0.23499	0.2902	0.20642	0.26839
255	0.26404	0.26216	0.23184	0.24195
256	0.27489	0.25234	0.24057	0.23219
257	0.28976	0.23848	0.25294	0.21882
258	0.30974	0.21948	0.26994	0.20083
259	0.33648	0.19371	0.29308	0.17672
260	0.37206	0.15908	0.32428	0.14458
261	0.42388	0.10821	0.36959	0.098313
262	0.44522	0.08781	0.38745	0.079528
263	0.454	0.079973	0.39381	0.072218
264	0.46728	0.067643	0.40402	0.061059
265	0.48501	0.050848	0.4182	0.045943
266	0.49295	0.043851	0.42356	0.039642
267	0.50373	0.033988	0.43147	0.030815
268	0.50788	0.030736	0.43356	0.027823
269	0.50857	0.030914	0.43267	0.027844
270	0.5105	0.02984	0.43291	0.02675
271	0.51374	0.027438	0.43434	0.02448
272	0.51849	0.023493	0.43717	0.02084
273	0.52576	0.017045	0.44213	0.015061
274	0.52878	0.014828	0.44338	0.013012
275	0.53346	0.010955	0.44602	0.0095617
276	0.54032	0.0049219	0.45047	0.0042964
277	0.54356	0.0024791	0.45181	0.0021517
278	0.54398	0.002863	0.4507	0.0024556
279	0.54495	0.0026847	0.45009	0.002281
280	0.5452	0.0032252	0.44886	0.002716
281	0.54602	0.0031834	0.44814	0.0026594
282	0.5459	0.0040866	0.44662	0.0033901
283	0.54641	0.0043414	0.44567	0.0035763
284	0.54584	0.0056961	0.4438	0.0046673
285	0.546	0.0062867	0.44259	0.0051195
286	0.54447	0.0085845	0.43999	0.0069585
287	0.54411	0.0097184	0.43832	0.00786
288	0.54478	0.0098266	0.43745	0.0079411
289	0.54648	0.0089168	0.43738	0.0072175
290	0.54909	0.0070781	0.43808	0.0057429
291	0.55275	0.0041763	0.43966	0.0034121
292	0.54956	0.0081241	0.43568	0.0066344
293	0.54793	0.010531	0.43294	0.0086056
294	0.5473	0.011909	0.43108	0.0097177
295	0.5436	0.016337	0.4268	0.013265
296	0.54136	0.01929	0.42377	0.015586
297	0.54037	0.020968	0.4218	0.016862
298	0.54084	0.0212	0.42095	0.01701
299	0.54241	0.020317	0.42102	0.016261
300	0.54513	0.01826	0.42204	0.014574
301	0.53997	0.024057	0.41698	0.018996
302	0.53706	0.027617	0.41362	0.021694
303	0.5356	0.029715	0.41146	0.023225
304	0.53582	0.030135	0.41057	0.023475
305	0.53728	0.029301	0.41068	0.022736
306	0.5405	0.026719	0.41211	0.020677
307	0.54046	0.027396	0.411	0.021147
308	0.54163	0.026847	0.41086	0.020658
309	0.5444	0.024714	0.4119	0.018983
310	0.54863	0.021101	0.41411	0.016165
311	0.55458	0.015747	0.41768	0.011999
312	0.5635	0.0074306	0.42344	0.0056319
313	0.56451	0.0070271	0.42315	0.0053107
314	0.56652	0.0056443	0.42357	0.0042667
315	0.56943	0.0033323	0.42471	0.002518
316	0.57079	0.0025625	0.42472	0.0019265
317	0.57136	0.0025887	0.42411	0.0019399
318	0.57104	0.0034841	0.42289	0.0025915
319	0.56932	0.0057833	0.4206	0.0042869
320	0.56852	0.0071593	0.41904	0.00528
321	0.56873	0.0075211	0.41822	0.0055334
322	0.5697	0.0071076	0.41799	0.0052057
323	0.56931	0.0080681	0.41673	0.0058926
324	0.56972	0.0082067	0.41611	0.0059652
325	0.57111	0.0073694	0.41618	0.0053362
326	0.5736	0.0054454	0.41702	0.0039322
327	0.57749	0.0021258	0.41884	0.0015434
328	0.57638	0.0037943	0.41707	0.0027528
329	0.57601	0.0047003	0.41589	0.0033954
330	0.57633	0.0049032	0.41524	0.0035199
331	0.57747	0.0042921	0.41517	0.0030662
332	0.57952	0.0027863	0.41572	0.0019812
333	0.5827	0.00014489	0.41705	0.00010288
334	0.58281	0.00056283	0.41623	0.00039783
335	0.58339	0.00052486	0.41572	0.00036999
336	0.58444	1.4166e-05	0.41554	9.9057e-06
337	0.5849	0.00010327	0.41492	7.2972e-05
338	0.58312	0.0024488	0.41269	0.0017399
339	0.58239	0.0037566	0.41118	0.0026729
340	0.58235	0.0043482	0.41022	0.0030856
341	0.58313	0.0041291	0.40981	0.0029322
342	0.58458	0.0032229	0.40991	0.0022877
343	0.58317	0.0051879	0.40796	0.0036801
344	0.5826	0.0062939	0.40665	0.0044503
345	0.58296	0.0064744	0.40598	0.0045772
346	0.5817	0.0082927	0.40414	0.0058682
347	0.58134	0.0091812	0.40299	0.0064882
348	0.58184	0.0092064	0.40246	0.0064918
349	0.58318	0.0083672	0.40257	0.0058822
350	0.58571	0.0063416	0.40349	0.0044625
351	0.58936	0.0031843	0.40521	0.0022457
352	0.5867	0.0063391	0.40252	0.004442
353	0.58515	0.008372	0.40064	0.0058366
354	0.58479	0.0092219	0.39956	0.0064221
355	0.58528	0.009206	0.39911	0.0063985
356	0.58662	0.0083302	0.39928	0.0057738
357	0.58886	0.0065258	0.40011	0.0045003
358	0.59246	0.0033768	0.40184	0.0023208
359	0.59408	0.00221	0.40219	0.0015198
360	0.59478	0.001955	0.40193	0.0013382
361	0.59487	0.0023138	0.40124	0.0015801
362	0.5955	0.0021125	0.40095	0.0014368
363	0.5954	0.002634	0.40019	0.0017763
364	0.596	0.002456	0.39989	0.0016504
365	0.59311	0.005755	0.3973	0.0038302
366	0.59158	0.0076976	0.3956	0.005114
367	0.59121	0.0084914	0.39466	0.0056389
368	0.59167	0.0084391	0.3943	0.0055879
369	0.59321	0.0073232	0.39463	0.0048406
370	0.59597	0.0049848	0.39575	0.0032996
371	0.59702	0.0043404	0.39577	0.0028686
372	0.59701	0.0047633	0.39507	0.0031507
373	0.59768	0.0044951	0.39486	0.002967
374	0.59921	0.003369	0.39519	0.0022256
375	0.60155	0.0014271	0.39609	0.00093921
376	0.60276	0.00061601	0.39622	0.00040757
377	0.6035	0.00026104	0.39607	0.00017311
378	0.60407	5.8314e-05	0.39583	3.8263e-05
379	0.60447	3.6657e-05	0.39547	2.4068e-05
380	0.60434	0.00055191	0.39475	0.00036475
381	0.60462	0.00063235	0.39433	0.00041676
382	0.60467	0.0009603	0.39373	0.00063464
383	0.60423	0.0017853	0.3928	0.0011861
384	0.60251	0.0038699	0.39106	0.0025632
385	0.60181	0.0049444	0.38996	0.0032814
386	0.60184	0.0052703	0.38939	0.0034987
387	0.60259	0.0048717	0.38931	0.0032348
388	0.60407	0.0037159	0.38975	0.0024693
389	0.60638	0.0017211	0.39075	0.0011471
390	0.60746	0.00093392	0.39098	0.00062076
391	0.60499	0.0037159	0.38887	0.0024289
392	0.60349	0.0054974	0.38744	0.0035727
393	0.60302	0.0062666	0.38664	0.0040702
394	0.60331	0.0062588	0.38637	0.004057
395	0.60454	0.0053222	0.38668	0.003455
396	0.6066	0.0035322	0.38757	0.0022957
397	0.60748	0.0029366	0.38767	0.0019161
398	0.60745	0.0032357	0.38721	0.0021084
399	0.60802	0.0029115	0.38717	0.0018943
400	0.6077	0.0034717	0.38658	0.0022437
401	0.60801	0.0033844	0.38643	0.0021724
402	0.60913	0.0025019	0.38677	0.0015995
403	0.61117	0.00069975	0.38768	0.00044899
404	0.61138	0.00070473	0.38746	0.00044948
405	0.61134	0.00097659	0.38706	0.00062261
406	0.61087	0.0016843	0.38636	0.0010779
407	0.61094	0.0018367	0.38604	0.0011746
408	0.61154	0.0014495	0.38609	0.00092453
409	0.61168	0.0015299	0.38582	0.00097636
410	0.61116	0.0022513	0.38516	0.00143
411	0.61122	0.0023798	0.3849	0.0015032
412	0.61052	0.003274	0.38415	0.0020627
413	0.61061	0.0033779	0.38388	0.0021301
414	0.6115	0.0027049	0.38408	0.0017153
415	0.61306	0.0013346	0.38475	0.00085606
416	0.61376	0.00081537	0.3849	0.00052931
417	0.61411	0.00065169	0.3848	0.00043342
418	0.60942	0.0054685	0.38162	0.0034858
419	0.60651	0.0085181	0.37954	0.0054321
420	0.60474	0.010406	0.37822	0.0066254
421	0.59936	0.015897	0.37467	0.010067
422	0.5957	0.019652	0.37225	0.012393
423	0.59348	0.021956	0.37077	0.013793
424	0.59283	0.022696	0.37025	0.014232
425	0.59365	0.021968	0.37062	0.013765
426	0.59611	0.01961	0.37199	0.012296
427	0.60004	0.015764	0.37432	0.0098767
428	0.60626	0.0096373	0.37805	0.0060562
429	0.61484	0.001135	0.38331	0.00071519
430	0.61382	0.0022459	0.38252	0.0014159
431	0.61114	0.0049949	0.38073	0.0031341
432	0.60948	0.006714	0.37961	0.0041958
433	0.6087	0.0075468	0.37906	0.0046955
434	0.6089	0.0073942	0.37912	0.0045905
435	0.61012	0.0062366	0.37978	0.0038681
436	0.60679	0.0096032	0.37767	0.0059352
437	0.60496	0.011489	0.37645	0.0070989
438	0.60442	0.01209	0.37602	0.0074765
439	0.60482	0.011728	0.3762	0.0072436
440	0.60644	0.010159	0.37713	0.006272
441	0.60948	0.0071815	0.3789	0.0044428
442	0.60808	0.0086442	0.3779	0.0053716
443	0.60759	0.0091874	0.37751	0.0057154
444	0.60795	0.0088632	0.37768	0.0055091
445	0.60945	0.0074049	0.37854	0.0046082
446	0.61198	0.0049064	0.38007	0.0030473
447	0.61613	0.00078848	0.38258	0.00049576
448	0.61434	0.0026293	0.38137	0.0016663
449	0.61346	0.0035595	0.38071	0.0022695
450	0.61324	0.0038121	0.38051	0.0024395
451	0.61176	0.0053199	0.37952	0.0033987
452	0.61108	0.0060125	0.37907	0.0038363
453	0.61115	0.0059345	0.37913	0.0037825
454	0.61198	0.0050884	0.37969	0.0032381
455	0.61363	0.0034099	0.3808	0.0021595
456	0.61653	0.00048231	0.38268	0.00030284
457	0.6102	0.006851	0.37862	0.0043286
458	0.60568	0.011387	0.37576	0.0071739
459	0.60266	0.014417	0.37387	0.0090565
460	0.59519	0.021906	0.36916	0.013747
461	0.59043	0.026684	0.36612	0.016766
462	0.58785	0.029284	0.36443	0.018435
463	0.49364	0.12351	0.30505	0.077796
464	0.42775	0.18942	0.26325	0.11958
465	0.37805	0.23912	0.23199	0.15084
466	0.3441	0.27309	0.21046	0.17235
467	0.31872	0.29846	0.19451	0.18831
468	0.30182	0.31537	0.18378	0.19903
469	0.29102	0.32618	0.17683	0.20597
470	0.2837	0.3335	0.17215	0.21065
471	0.28012	0.33708	0.16976	0.21304
472	0.27983	0.33739	0.16937	0.21342
473	0.27002	0.34719	0.16307	0.21972
474	0.26354	0.35365	0.15893	0.22387
475	0.26064	0.35655	0.15698	0.22584
476	0.21073	0.40645	0.12505	0.25777
477	0.17304	0.44412	0.10113	0.28171
478	0.14681	0.47034	0.084337	0.29851
479	0.12703	0.4901	0.07176	0.31111
480	0.1122	0.5049	0.062386	0.32052
481	0.10125	0.5158	0.055497	0.32744
482	0.093336	0.52367	0.050523	0.33247
483	0.087824	0.52913	0.047051	0.336
484	0.084255	0.53263	0.044773	0.33834
485	0.082987	0.53383	0.043819	0.33936
486	0.073856	0.54289	0.038169	0.34508
487	0.0679	0.54878	0.034392	0.34893
488	0.06447	0.55214	0.032089	0.3513
489	0.062546	0.55399	0.030687	0.35278
490	0.054357	0.56211	0.02548	0.35806
491	0.048339	0.56804	0.02162	0.362
492	0.044063	0.57223	0.018816	0.36489
493	0.041603	0.5746	0.017024	0.36677
494	0.040722	0.57539	0.016064	0.36782
495	0.041296	0.57474	0.015809	0.36816
496	0.037176	0.58033	0.014321	0.36817
497	0.034829	0.58415	0.013561	0.36746
498	0.033501	0.58693	0.013253	0.36631
499	0.033431	0.58846	0.013509	0.3646
500	0.03461	0.58875	0.014361	0.36228
501	0.036813	0.58799	0.015748	0.35944
502	0.040652	0.58561	0.017978	0.35576
503	0.046028	0.58166	0.02105	0.35126
504	0.054093	0.57504	0.025547	0.34532
505	0.064927	0.56562	0.031581	0.33787
506	0.079392	0.55255	0.039641	0.32842
507	0.083813	0.54951	0.042002	0.32468
508	0.082142	0.55254	0.04103	0.32429
509	0.082523	0.55352	0.041129	0.32282
510	0.084453	0.55294	0.042082	0.32052
511	0.088075	0.55065	0.043968	0.31731
512	0.0937	0.54633	0.046963	0.31301
513	0.10278	0.53856	0.051777	0.30688
514	0.11515	0.52749	0.058395	0.29896
515	0.13174	0.51218	0.067343	0.28874
516	0.15621	0.48899	0.080437	0.27436
517	0.15424	0.49223	0.079074	0.27446
518	0.15503	0.49271	0.079151	0.27311
519	0.15882	0.4902	0.080774	0.27021
520	0.13762	0.51265	0.06941	0.28032
521	0.12312	0.52841	0.061544	0.28692
522	0.11244	0.54034	0.055777	0.29144
523	0.10477	0.54924	0.051643	0.29435
524	0.099524	0.55569	0.048809	0.29597
525	0.096345	0.56006	0.047068	0.29652
526	0.084909	0.5727	0.041204	0.30119
527	0.077495	0.58131	0.037339	0.30385
528	0.072324	0.58767	0.03465	0.30536
529	0.056077	0.60509	0.026648	0.31219
530	0.043722	0.61859	0.020643	0.31704
531	0.035156	0.62832	0.01646	0.32007
532	0.028722	0.63589	0.013358	0.32203
533	0.02438	0.64138	0.011248	0.32299
534	0.021201	0.64569	0.009721	0.32339
535	0.019335	0.64869	0.0088059	0.32317
536	0.018187	0.65095	0.0082452	0.32261
537	0.01767	0.65257	0.0079926	0.32176
538	0.017748	0.65359	0.0080271	0.32064
539	0.018425	0.65398	0.0083508	0.31924
540	0.019771	0.6537	0.0089968	0.31754
541	0.017513	0.657	0.0079663	0.31752
542	0.016316	0.65925	0.0074148	0.31702
543	0.015961	0.66065	0.0072438	0.31614
544	0.012353	0.66532	0.0055598	0.31677
545	0.0096034	0.66911	0.0042943	0.31699
546	0.0075006	0.67224	0.00334	0.31692
547	0.0058813	0.67487	0.0026162	0.31663
548	0.004818	0.67695	0.0021361	0.31609
549	0.0041632	0.67863	0.0018343	0.31537
550	0.0036773	0.68012	0.0016134	0.31459
551	0.0033223	0.68147	0.0014547	0.31375
552	0.0032019	0.68259	0.0013942	0.31282
553	0.0031636	0.68361	0.0013722	0.31186
554	0.0032104	0.68453	0.0013897	0.31087
555	0.0033462	0.68535	0.0014481	0.30985
556	0.0035815	0.68606	0.0015524	0.30881
557	0.0039348	0.68664	0.001711	0.30772
558	0.004434	0.68705	0.0019371	0.30658
559	0.0051102	0.68728	0.0022455	0.30536
560	0.0062197	0.68708	0.0027378	0.30396
561	0.0078743	0.68633	0.0034602	0.30233
562	0.010286	0.68484	0.0045003	0.30038
563	0.013421	0.6826	0.005861	0.29811
564	0.018037	0.67889	0.007841	0.29523
565	0.014306	0.68352	0.0062081	0.29597
566	0.011788	0.68693	0.0050986	0.29618
567	0.0099276	0.68967	0.0042919	0.29611
568	0.0087852	0.6917	0.0037904	0.29572
569	0.0082554	0.69312	0.003548	0.29508
570	0.0082649	0.694	0.0035312	0.2942
571	0.0088156	0.69435	0.0037373	0.2931
572	0.0068277	0.69722	0.0028798	0.29307
573	0.0054685	0.69947	0.0022877	0.29278
574	0.004412	0.7014	0.0018353	0.29235
575	0.0037106	0.70298	0.0015296	0.29178
576	0.0031499	0.70441	0.00129	0.29115
577	0.0028257	0.7056	0.0011451	0.29043
578	0.0025697	0.70671	0.0010329	0.28968
579	0.0023619	0.70776	0.00094426	0.28893
580	0.0022988	0.70868	0.00090991	0.28812
581	0.0022591	0.70955	0.00088751	0.2873
582	0.0022345	0.7104	0.00087319	0.28649
583	0.0022281	0.71122	0.00086807	0.28568
584	0.002351	0.71191	0.00090874	0.28483
585	0.0024972	0.71257	0.00095981	0.28397
586	0.0026777	0.71318	0.0010255	0.28312
587	0.002906	0.71373	0.0011111	0.28225
588	0.0033403	0.71408	0.0012699	0.28131
589	0.0038886	0.71431	0.0014737	0.28033
590	0.0045863	0.71437	0.0017362	0.27931
591	0.0054864	0.71422	0.0020784	0.27821
592	0.0066576	0.71379	0.0025274	0.27703
593	0.0084086	0.71278	0.0031881	0.27562
594	0.011023	0.71091	0.0041623	0.2739
595	0.014421	0.70825	0.0054367	0.27189
596	0.018861	0.70453	0.0071119	0.2695
597	0.024714	0.69939	0.0093324	0.26656
598	0.033134	0.69169	0.012493	0.26269
599	0.035625	0.68991	0.013379	0.26108
600	0.033977	0.69228	0.01269	0.26105
601	0.033766	0.69322	0.012532	0.26048
602	0.028892	0.69882	0.010608	0.26168
603	0.025343	0.70309	0.0092158	0.26235
604	0.023291	0.70586	0.0083783	0.26247
605	0.02245	0.70743	0.0079826	0.26214
606	0.022354	0.70824	0.0078704	0.26154
607	0.023289	0.70802	0.0081159	0.26057
608	0.025027	0.70699	0.0086492	0.25934
609	0.02772	0.70499	0.0095204	0.25777
610	0.03158	0.70181	0.010801	0.25581
611	0.031237	0.70284	0.010589	0.25533
612	0.031801	0.70296	0.010705	0.25454
613	0.033701	0.70174	0.011265	0.2533
614	0.036722	0.69938	0.012211	0.25168
615	0.041094	0.69567	0.013619	0.24962
616	0.032182	0.70523	0.010443	0.25214
617	0.025455	0.7126	0.0080678	0.25388
618	0.02096	0.71773	0.0064555	0.25485
619	0.017634	0.72169	0.0052631	0.25541
620	0.01552	0.72444	0.0044719	0.25557
621	0.014351	0.72624	0.0039836	0.25542
622	0.013732	0.72749	0.003674	0.25511
623	0.013628	0.72821	0.0035218	0.25464
624	0.014265	0.72819	0.0035687	0.25398
625	0.015723	0.72735	0.0038199	0.2531
626	0.017865	0.72582	0.004236	0.25208
627	0.020855	0.72344	0.0048494	0.25086
628	0.025483	0.71941	0.0058258	0.24928
629	0.031672	0.71382	0.0071503	0.24736
630	0.040661	0.70543	0.0090715	0.24484
631	0.053599	0.69309	0.01182	0.24149
632	0.05745	0.68983	0.012412	0.24031
633	0.063123	0.68474	0.013418	0.23872
634	0.062601	0.68875	0.013431	0.23522
635	0.064005	0.69085	0.013933	0.23121
636	0.067514	0.69085	0.014986	0.22665
637	0.073724	0.68816	0.016758	0.22135
638	0.082401	0.68297	0.019209	0.21542
639	0.09428	0.67453	0.022538	0.20866
640	0.11202	0.66023	0.027414	0.20033
641	0.13562	0.64004	0.033843	0.19049
642	0.16705	0.61197	0.042337	0.17864
643	0.178	0.60434	0.044733	0.17292
644	0.19462	0.59106	0.048541	0.16578
645	0.21945	0.56957	0.054346	0.15663
646	0.25599	0.5364	0.062912	0.1447
647	0.30437	0.49134	0.07428	0.13002
648	0.37491	0.42413	0.090664	0.1103
649	0.38136	0.42097	0.090451	0.10723
650	0.39282	0.4128	0.091358	0.10301
651	0.40901	0.39987	0.093356	0.097763
652	0.43119	0.38089	0.096693	0.091224
653	0.46355	0.35176	0.10211	0.082587
654	0.50646	0.31202	0.10972	0.071805
655	0.52358	0.29801	0.11128	0.06713
656	0.54888	0.27585	0.11442	0.060852
657	0.58257	0.24525	0.11922	0.052957
658	0.63168	0.19925	0.12688	0.042187
659	0.69671	0.13727	0.13752	0.028492
660	0.78241	0.054576	0.15195	0.011063
661	0.78573	0.054204	0.14936	0.010713
662	0.79167	0.051232	0.14722	0.0098806
663	0.80067	0.045225	0.14559	0.0085182
664	0.81259	0.036246	0.14451	0.0066528
665	0.82962	0.022177	0.14423	0.0039664
666	0.83856	0.016236	0.14237	0.0028344
667	0.85004	0.007688	0.14097	0.0012997
668	0.85319	0.0075018	0.13807	0.0012313
669	0.85437	0.0092268	0.13493	0.0014642
670	0.85695	0.0095901	0.13199	0.0014775
671	0.86088	0.0086201	0.12921	0.0012906
672	0.86637	0.0061177	0.12662	0.00089036
673	0.87004	0.0054683	0.12372	0.0007754
674	0.87243	0.006122	0.1206	0.00084747
675	0.87575	0.005795	0.11767	0.00078053
676	0.88034	0.00422	0.11488	0.0005555
677	0.88344	0.0040854	0.11195	0.00052336
678	0.88515	0.0052803	0.10892	0.00065531
679	0.88805	0.0053103	0.106	0.0006408
680	0.89186	0.0043808	0.10325	0.00051306
681	0.89699	0.0021509	0.10061	0.00024772
682	0.89906	0.0029145	0.097703	0.00032469
683	0.90189	0.0028565	0.094945	0.00030816
684	0.9055	0.001964	0.092328	0.00020524
685	0.9063	0.0038383	0.089483	0.00038316
686	0.90467	0.0081601	0.086388	0.00078572
687	0.90498	0.010563	0.083471	0.0009848
688	0.90655	0.011665	0.080739	0.0010501
689	0.90527	0.015636	0.077738	0.0013595
690	0.9056	0.017938	0.074957	0.0015024
691	0.9074	0.018732	0.072362	0.0015089
692	0.91104	0.017699	0.069886	0.0013721
693	0.91619	0.01512	0.067569	0.0011254
694	0.92356	0.010328	0.065368	0.00073915
695	0.93312	0.0033109	0.063344	0.00022603
696	0.93894	5.186e-05	0.061004	3.2949e-06
697	0.94154	3.8988e-05	0.058416	2.0232e-06
698	0.94352	0.00067533	0.055774	3.1186e-05
699	0.94498	0.0018578	0.053089	7.7009e-05
700	0.94477	0.0046509	0.050403	0.0001739
701	0.93885	0.010926	0.049706	0.0005174
702	0.93548	0.014655	0.049142	0.00072184
703	0.93374	0.016751	0.048677	0.00083551
704	0.93346	0.017369	0.0483	0.0008697
705	0.93461	0.016555	0.048005	0.0008292
706	0.93727	0.014227	0.047796	0.00071176
707	0.94159	0.010223	0.047677	0.00051081
708	0.94789	0.0042364	0.047664	0.00021229
709	0.91108	0.041206	0.04562	0.0020969
710	0.88576	0.066687	0.04416	0.0033935
711	0.8672	0.085408	0.043067	0.0043292
712	0.8551	0.097664	0.042297	0.0049378
713	0.84702	0.1059	0.041743	0.0053356
714	0.84308	0.11	0.041391	0.0055275
715	0.84291	0.11034	0.041221	0.0055338
716	0.84554	0.10786	0.041198	0.0053987
717	0.84014	0.11342	0.040787	0.0056574
718	0.83777	0.11593	0.040536	0.0057615
719	0.83901	0.11485	0.040455	0.0056917
720	0.84416	0.10984	0.040556	0.0054353
721	0.85276	0.1014	0.040832	0.0050104
722	0.86546	0.088844	0.041313	0.0043849
723	0.88324	0.071195	0.04205	0.0035101
724	0.89019	0.064395	0.042246	0.003171
725	0.9005	0.05422	0.042613	0.0026675
726	0.91496	0.039893	0.043187	0.0019615
727	0.92012	0.034861	0.043315	0.0017077
728	0.92869	0.026419	0.043599	0.0012936
729	0.94069	0.014546	0.044055	0.00071257
730	0.94064	0.014714	0.043933	0.00071515
731	0.93781	0.017663	0.043674	0.00085049
732	0.9366	0.018998	0.043499	0.00090794
733	0.93688	0.018822	0.043402	0.00089305
734	0.9391	0.016724	0.043389	0.00078947
735	0.94303	0.012907	0.043463	0.00060413
736	0.94412	0.011931	0.043398	0.00055462
737	0.94697	0.0091939	0.043408	0.00042502
738	0.95198	0.0043132	0.043512	0.00019881
739	0.94813	0.0082748	0.043216	0.00037719
740	0.94612	0.01041	0.042998	0.00047288
741	0.94571	0.010939	0.04285	0.00049617
742	0.94288	0.013906	0.042585	0.00063111
743	0.94156	0.015346	0.042398	0.00069474
744	0.93629	0.020741	0.04204	0.00093409
745	0.92368	0.033472	0.041347	0.0015037
746	0.91573	0.041544	0.04086	0.0018641
747	0.9106	0.046798	0.04051	0.0020932
748	0.9085	0.049021	0.04029	0.002188
749	0.90854	0.049104	0.040173	0.0021851
750	0.91133	0.046436	0.040172	0.0020625
751	0.91646	0.041422	0.040281	0.0018349
752	0.92512	0.032889	0.040537	0.0014565
753	0.93729	0.020833	0.040954	0.00092218
754	0.95397	0.0042625	0.041576	0.00018717
755	0.95328	0.0050687	0.041426	0.00022147
756	0.95357	0.0048911	0.041325	0.0002122
757	0.95239	0.0061921	0.041154	0.00026752
758	0.95226	0.0064239	0.041035	0.00027571
759	0.95344	0.0053674	0.040968	0.00022918
760	0.95605	0.0028743	0.040956	0.00012226
761	0.95707	0.0019753	0.040872	8.4175e-05
762	0.95902	0.00013865	0.040834	5.8584e-06
763	0.9583	0.00098554	0.040676	4.1846e-05
764	0.95835	0.0010534	0.040549	4.4885e-05
765	0.95909	0.00043471	0.040455	1.8594e-05
766	0.95875	0.00088636	0.040321	3.7592e-05
767	0.95491	0.0048525	0.040035	0.00020572
768	0.95252	0.0073517	0.039817	0.00030994
769	0.95167	0.008319	0.03966	0.00035025
770	0.95196	0.0081455	0.039556	0.0003419
771	0.95363	0.0065845	0.039506	0.00027665
772	0.95367	0.0066636	0.039382	0.00028056
773	0.95478	0.0056712	0.039309	0.00023935
774	0.95704	0.0035187	0.039289	0.00014962
775	0.9557	0.0049764	0.039114	0.00021161
776	0.95538	0.0054045	0.038987	0.00022987
777	0.95605	0.004835	0.038908	0.00020628
778	0.95524	0.0057422	0.038772	0.00024391
779	0.95237	0.0087129	0.038545	0.00036867
780	0.95088	0.010308	0.038381	0.00043497
781	0.94634	0.014942	0.038086	0.00062902
782	0.94361	0.017772	0.037873	0.00074614
783	0.94286	0.018621	0.037737	0.00078261
784	0.92512	0.03646	0.036902	0.0015222
785	0.91353	0.048142	0.036318	0.0020075
786	0.90554	0.056224	0.035893	0.0023385
787	0.90052	0.061338	0.035598	0.0025442
788	0.89863	0.06332	0.035426	0.0026239
789	0.89905	0.062993	0.035353	0.0026083
790	0.87533	0.086797	0.034289	0.0035807
791	0.85798	0.10424	0.0335	0.004283
792	0.84566	0.11664	0.032926	0.004774
793	0.83745	0.12493	0.032527	0.0050953
794	0.8327	0.12975	0.032274	0.0052743
795	0.8311	0.13142	0.032153	0.0053255
796	0.82047	0.14212	0.03167	0.0057356
797	0.79062	0.17204	0.030447	0.0068903
798	0.71607	0.24665	0.027514	0.0097579
799	0.53149	0.4313	0.02041	0.016802
800	0.40213	0.56072	0.015405	0.021743
801	0.31305	0.64987	0.011937	0.025145
802	0.24538	0.7176	0.0093296	0.02769
803	0.19811	0.76493	0.0074964	0.029459
804	0.16229	0.80081	0.006121	0.030772
805	0.13521	0.82795	0.0050911	0.031742
806	0.11657	0.84665	0.0043768	0.032395
807	0.10426	0.85903	0.0038994	0.032809
808	0.096544	0.86681	0.0035948	0.033048
809	0.092355	0.87107	0.0034221	0.033153
810	0.090276	0.87321	0.0033325	0.033178
811	0.079033	0.88452	0.0028938	0.03355
812	0.071715	0.89191	0.0026027	0.033772
813	0.066723	0.89697	0.0024036	0.033905
814	0.063667	0.90009	0.00228	0.033965
815	0.062276	0.90154	0.0022204	0.033964
816	0.062443	0.90143	0.0022199	0.033905
817	0.064214	0.89972	0.0022798	0.033789
818	0.068351	0.89564	0.0024229	0.033588
819	0.074616	0.88943	0.002645	0.03331
820	0.084643	0.87946	0.0029986	0.032898
821	0.098211	0.86595	0.0034823	0.032359
822	0.11644	0.84777	0.0041383	0.031651
823	0.14076	0.8235	0.0050206	0.030718
824	0.17577	0.78855	0.0062806	0.029406
825	0.22213	0.74223	0.0079619	0.027675
826	0.241	0.72341	0.0086305	0.026955
827	0.26896	0.69551	0.0096171	0.025914
828	0.30642	0.6581	0.010954	0.024527
829	0.35609	0.60848	0.012742	0.02269
830	0.42204	0.54257	0.015137	0.02025
831	0.50944	0.45522	0.018336	0.017009
832	0.49804	0.46665	0.017907	0.0174
833	0.49279	0.47194	0.017695	0.017571
834	0.49161	0.47316	0.017639	0.017589
835	0.49554	0.46927	0.017764	0.017423
836	0.50371	0.46114	0.018051	0.0171
837	0.51835	0.44654	0.018567	0.016544
838	0.54133	0.4236	0.019377	0.015691
839	0.57618	0.38879	0.020605	0.014419
840	0.62281	0.34221	0.02227	0.012712
841	0.68475	0.2803	0.024506	0.010439
842	0.7088	0.25629	0.025365	0.0095445
843	0.71584	0.24929	0.025593	0.0092793
844	0.72903	0.23614	0.026035	0.0087954
845	0.75021	0.21501	0.026757	0.00803
846	0.77914	0.18611	0.027766	0.00698
847	0.77485	0.19044	0.027576	0.0071338
848	0.77493	0.1904	0.02754	0.0071306
849	0.77845	0.18691	0.027636	0.0069992
850	0.7857	0.17969	0.027874	0.0067297
851	0.79724	0.16818	0.028276	0.0063005
852	0.81398	0.15147	0.028875	0.005677
853	0.83968	0.12579	0.029794	0.0047313
854	0.87429	0.091212	0.031051	0.0034518
855	0.88772	0.077792	0.031533	0.0029501
856	0.88166	0.083875	0.031304	0.0031648
857	0.87931	0.086238	0.031204	0.0032465
858	0.87959	0.08597	0.031206	0.0032304
859	0.88334	0.082238	0.031329	0.00309
860	0.89009	0.075509	0.031568	0.0028377
861	0.90035	0.065257	0.031943	0.0024529
862	0.9165	0.049118	0.032529	0.0018548
863	0.93847	0.027152	0.033339	0.0010362
864	0.93986	0.025772	0.033379	0.00098455
865	0.94308	0.022563	0.033491	0.00086462
866	0.94834	0.017304	0.033685	0.00066766
867	0.95605	0.0095959	0.033975	0.00037787
868	0.95535	0.010295	0.033955	0.00040325
869	0.9561	0.0095386	0.033984	0.00037576
870	0.95847	0.0071704	0.034068	0.00028991
871	0.95522	0.010419	0.033942	0.00041772
872	0.94678	0.018854	0.03362	0.00074622
873	0.94099	0.024636	0.033406	0.00097155
874	0.92499	0.040615	0.032805	0.0015869
875	0.91446	0.051138	0.032406	0.0019979
876	0.90727	0.058312	0.032141	0.0022789
877	0.90288	0.06268	0.031987	0.0024523
878	0.90096	0.064575	0.031932	0.0025316
879	0.89211	0.073411	0.031606	0.0028775
880	0.8697	0.095789	0.03077	0.0037384
881	0.85338	0.11208	0.030174	0.0043642
882	0.8419	0.12353	0.029766	0.0048043
883	0.81098	0.15441	0.028636	0.0059721
884	0.78817	0.17718	0.027817	0.0068316
885	0.77183	0.19348	0.027246	0.0074471
886	0.76061	0.20465	0.026872	0.0078706
887	0.75365	0.21155	0.02666	0.0081347
888	0.75045	0.2147	0.026592	0.0082591
889	0.7508	0.21429	0.026661	0.0082501
890	0.75468	0.21035	0.026869	0.0081073
891	0.76239	0.20257	0.027226	0.0078175
892	0.77591	0.18898	0.027798	0.0073107
893	0.79512	0.1697	0.028597	0.0065812
894	0.80025	0.1645	0.028868	0.0063836
895	0.79659	0.16809	0.028802	0.0065187
896	0.79626	0.16835	0.028867	0.0065276
897	0.80011	0.16443	0.029084	0.0063819
898	0.80864	0.15583	0.029473	0.0060611
899	0.82154	0.14285	0.030038	0.005568
900	0.83991	0.12441	0.030825	0.004857
901	0.86517	0.099071	0.031895	0.0038668
902	0.9021	0.062061	0.033416	0.0024231
903	0.95632	0.007771	0.035602	0.00031054
904	0.9546	0.0094052	0.035618	0.00037236
905	0.95412	0.0098102	0.035686	0.00038688
906	0.95507	0.0087791	0.035805	0.00034727
907	0.95395	0.0098111	0.03585	0.00038667
908	0.95428	0.009407	0.035945	0.00037197
909	0.95582	0.0077745	0.036092	0.00030917
910	0.95537	0.0081385	0.036168	0.0003233
911	0.95604	0.0073723	0.036292	0.00029315
912	0.9579	0.0054182	0.036468	0.0002159
913	0.95499	0.0082229	0.036465	0.00032301
914	0.95343	0.009677	0.036518	0.00037791
915	0.95332	0.0096766	0.036623	0.00037773
916	0.95468	0.0082222	0.03678	0.00032184
917	0.95737	0.0054187	0.036996	0.00021201
918	0.9621	0.00059344	0.037287	2.3505e-05
919	0.96176	0.00081942	0.037386	3.2293e-05
920	0.96207	0.00039644	0.037515	1.5505e-05
921	0.96226	0.00010512	0.037634	4.0633e-06
922	0.95921	0.003052	0.037624	0.00011858
923	0.95755	0.0046081	0.037664	0.00017993
924	0.95712	0.0049382	0.037747	0.00019391
925	0.95501	0.0069569	0.037759	0.00027556
926	0.95407	0.0077954	0.037823	0.00030985
927	0.9545	0.0072683	0.037936	0.00029066
928	0.95332	0.0083669	0.037981	0.00033721
929	0.95327	0.0083152	0.038076	0.00033696
930	0.95438	0.0071096	0.038224	0.00028948
931	0.95381	0.0075837	0.0383	0.00031048
932	0.95433	0.0069551	0.038425	0.00028614
933	0.95602	0.0051639	0.038604	0.00021354
934	0.95604	0.0050322	0.038721	0.00020809
935	0.95706	0.0038976	0.038885	0.00016087
936	0.95944	0.0014008	0.0391	5.7962e-05
937	0.95716	0.0035726	0.039119	0.00014765
938	0.95594	0.0046776	0.039187	0.00019324
939	0.95286	0.007646	0.039173	0.00031689
940	0.95143	0.0089744	0.039222	0.00037411
941	0.95118	0.0091161	0.039326	0.00038144
942	0.95211	0.0080697	0.039484	0.00033844
943	0.95106	0.0089978	0.039567	0.00037695
944	0.95145	0.008492	0.039705	0.00035649
945	0.95334	0.0064822	0.039901	0.00027365
946	0.95337	0.0063466	0.040014	0.00026988
947	0.95446	0.0051416	0.040178	0.00022015
948	0.95671	0.0027762	0.040398	0.00012001
949	0.95743	0.0019317	0.040558	8.3931e-05
950	0.95742	0.0018142	0.040684	7.9504e-05
951	0.9582	0.0009083	0.040849	4.0768e-05
952	0.95724	0.0017371	0.040943	7.7883e-05
953	0.95504	0.0038066	0.040988	0.00017013
954	0.95388	0.004817	0.041084	0.00021587
955	0.95371	0.0048456	0.041229	0.00021826
956	0.95451	0.003895	0.041423	0.00017699
957	0.9511	0.0071389	0.041437	0.00032162
958	0.92483	0.033257	0.040418	0.0014947
959	0.90529	0.052641	0.039706	0.0023673
960	0.89106	0.066699	0.039236	0.0030028
961	0.88106	0.076533	0.038959	0.0034507
962	0.87526	0.082164	0.03886	0.0037173
963	0.87295	0.084313	0.038909	0.0038316
964	0.87398	0.083123	0.039102	0.0037982
965	0.87763	0.079303	0.039423	0.0036429
966	0.8842	0.072565	0.039886	0.0033504
967	0.88369	0.0729	0.040035	0.0033772
968	0.88624	0.070181	0.040318	0.0032659
969	0.89147	0.064769	0.040736	0.0030263
970	0.89981	0.056243	0.04131	0.0026357
971	0.91303	0.042847	0.042109	0.0020167
972	0.93129	0.024399	0.043164	0.0011472
973	0.9317	0.023811	0.04337	0.0011219
974	0.93417	0.021162	0.043669	0.0010008
975	0.93904	0.016116	0.044076	0.00076703
976	0.94035	0.014636	0.044311	0.00070158
977	0.94321	0.011605	0.044628	0.00056035
978	0.94785	0.0067855	0.045039	0.00033044
979	0.94935	0.0050906	0.045308	0.00024885
980	0.94925	0.0050062	0.045493	0.0002459
981	0.95037	0.0037089	0.045733	0.00018484
982	0.94771	0.0061976	0.04578	0.00031155
983	0.94627	0.0074584	0.045894	0.0003773
984	0.94595	0.0075909	0.046071	0.00038676
985	0.94674	0.0066061	0.04631	0.00033993
986	0.94577	0.0073845	0.046467	0.00038105
987	0.93404	0.018921	0.046069	0.00097354
988	0.9256	0.027162	0.045844	0.001399
989	0.91982	0.032733	0.04576	0.0016895
990	0.91678	0.035569	0.045807	0.0018451
991	0.91567	0.036471	0.045959	0.0019011
992	0.91687	0.035064	0.046224	0.0018412
993	0.92056	0.031173	0.04661	0.0016553
994	0.91173	0.039814	0.046332	0.0021291
995	0.90576	0.045578	0.046213	0.0024504
996	0.90222	0.048906	0.046229	0.0026427
997	0.90089	0.050024	0.046369	0.0027173
998	0.90164	0.049051	0.046628	0.0026796
999	0.8968	0.053663	0.046598	0.0029376
1000	0.8949	0.055345	0.046715	0.0030439
1001	0.89519	0.054822	0.046959	0.0030302
1002	0.8984	0.051388	0.047353	0.002862
1003	0.89613	0.053423	0.047459	0.0029874
1004	0.89604	0.053269	0.047694	0.0029923
1005	0.89881	0.050274	0.048076	0.002844
1006	0.89609	0.052748	0.048167	0.0029943
1007	0.89557	0.053022	0.048388	0.0030219
1008	0.89721	0.051122	0.048739	0.0029262
1009	0.9019	0.046185	0.049253	0.0026618
1010	0.91031	0.037525	0.049972	0.002189
1011	0.91226	0.03533	0.050338	0.0020753
1012	0.90969	0.03764	0.050457	0.0022164
1013	0.90906	0.038001	0.050695	0.0022454
1014	0.91089	0.03591	0.051066	0.0021359
1015	0.89746	0.049076	0.050542	0.0029173
1016	0.88795	0.058323	0.050252	0.0034723
1017	0.88163	0.064378	0.050153	0.0038428
1018	0.878	0.067721	0.05022	0.0040554
1019	0.87751	0.067942	0.050459	0.0040899
1020	0.87939	0.065783	0.05085	0.0039813
1021	0.8838	0.061079	0.051404	0.0037165
1022	0.8921	0.052492	0.052185	0.0032195
1023	0.90409	0.040218	0.053208	0.0024888
1024	0.92067	0.023333	0.054535	0.0014605
