#coord	neutral	conserved	gBGC.neutral	gBGC.conserved
1	0.7625	0.23413	0.0025754	0.00079115
2	0.76838	0.22825	0.002594	0.00077092
3	0.77859	0.21804	0.0026273	0.00073605
4	0.79547	0.20116	0.0026831	0.00067873
5	0.82118	0.17546	0.0027685	0.00059175
6	0.85963	0.13701	0.0028967	0.00046194
7	0.91088	0.085764	0.003068	0.00028906
8	0.93337	0.063274	0.0031423	0.00021323
9	0.96381	0.032841	0.0032433	0.00011069
10	0.97563	0.021013	0.0032816	7.0816e-05
11	0.98003	0.016622	0.0032948	5.5999e-05
12	0.98669	0.0099604	0.0033158	3.3539e-05
13	0.98938	0.007277	0.0033232	2.4497e-05
14	0.99366	0.0029961	0.0033361	1.0085e-05
15	0.99542	0.0012345	0.0033405	4.1531e-06
16	0.9949	0.0017559	0.0033372	5.9015e-06
17	0.99516	0.0015027	0.0033366	5.0479e-06
18	0.99479	0.0018713	0.0033338	6.2794e-06
19	0.99521	0.0014563	0.0033337	4.882e-06
20	0.99659	7.3832e-05	0.0033368	2.4725e-07
21	0.99664	2.7686e-05	0.0033355	9.2666e-08
22	0.99636	0.00030535	0.003333	1.0223e-06
23	0.99596	0.00070777	0.0033301	2.368e-06
24	0.99621	0.00045563	0.0033295	1.523e-06
25	0.99632	0.00035263	0.0033283	1.1783e-06
26	0.99634	0.00033212	0.0033269	1.1086e-06
27	0.99535	0.001324	0.003322	4.418e-06
28	0.99524	0.0014334	0.0033202	4.7826e-06
29	0.99589	0.00078897	0.0033208	2.6306e-06
30	0.99617	0.00050371	0.0033202	1.6793e-06
31	0.99526	0.0014158	0.0033157	4.7209e-06
32	0.99315	0.0035307	0.0033071	1.1765e-05
33	0.99201	0.0046726	0.0033018	1.5559e-05
34	0.99178	0.0049014	0.0032995	1.6308e-05
35	0.99259	0.0040956	0.0033007	1.3619e-05
36	0.99203	0.0046579	0.0032974	1.5482e-05
37	0.99248	0.004206	0.0032973	1.3977e-05
38	0.99384	0.0028515	0.0033003	9.4724e-06
39	0.99399	0.0026985	0.0032993	8.9628e-06
40	0.99495	0.0017433	0.003301	5.789e-06
41	0.99507	0.0016289	0.0032999	5.4054e-06
42	0.99446	0.0022393	0.0032964	7.4286e-06
43	0.9946	0.0020955	0.0032953	6.9475e-06
44	0.99395	0.0027462	0.0032917	9.102e-06
45	0.99417	0.0025294	0.0032909	8.3796e-06
46	0.99527	0.0014283	0.0032931	4.7278e-06
47	0.99569	0.0010127	0.003293	3.35e-06
48	0.99574	0.00096186	0.0032916	3.1814e-06
49	0.99651	0.00019779	0.0032927	6.5405e-07
50	0.99652	0.00018668	0.0032912	6.1651e-07
51	0.99663	7.5329e-05	0.0032901	2.4875e-07
52	0.99656	0.00015209	0.0032884	5.0159e-07
53	0.99575	0.00096133	0.0032843	3.1661e-06
54	0.99421	0.0025067	0.0032777	8.2532e-06
55	0.99376	0.0029582	0.0032747	9.7354e-06
56	0.99434	0.0023787	0.0032751	7.8244e-06
57	0.99401	0.0027055	0.0032726	8.893e-06
58	0.99268	0.0040417	0.0032667	1.3281e-05
59	0.98049	0.016228	0.0032252	5.333e-05
60	0.97265	0.02407	0.0031979	7.9085e-05
61	0.96742	0.0293	0.0031793	9.6219e-05
62	0.9644	0.032327	0.0031679	0.00010609
63	0.96375	0.032981	0.0031644	0.00010818
64	0.95864	0.038088	0.0031462	0.00012488
65	0.95643	0.040298	0.0031375	0.00013207
66	0.95625	0.040484	0.0031354	0.00013262
67	0.95116	0.045575	0.0031173	0.00014923
68	0.94846	0.048279	0.003107	0.000158
69	0.94855	0.048184	0.0031059	0.00015762
70	0.94346	0.053282	0.0030878	0.00017423
71	0.94153	0.055207	0.0030801	0.00018046
72	0.94251	0.054226	0.0030818	0.0001772
73	0.94584	0.050905	0.0030912	0.00016628
74	0.95244	0.044303	0.0031113	0.00014468
75	0.96222	0.03453	0.0031417	0.00011273
76	0.96516	0.031588	0.0031499	0.00010308
77	0.97089	0.025856	0.0031671	8.4344e-05
78	0.97935	0.017397	0.0031932	5.6724e-05
79	0.98267	0.01408	0.0032025	4.5898e-05
80	0.98287	0.01388	0.0032017	4.5224e-05
81	0.98449	0.012263	0.0032055	3.9931e-05
82	0.97758	0.019173	0.0031816	6.2369e-05
83	0.9735	0.023259	0.0031669	7.562e-05
84	0.97134	0.025422	0.0031584	8.2597e-05
85	0.97129	0.025474	0.0031568	8.2717e-05
86	0.96743	0.029335	0.0031428	9.5211e-05
87	0.96607	0.030698	0.0031369	9.9594e-05
88	0.96654	0.030229	0.003137	9.8021e-05
89	0.9693	0.027467	0.0031445	8.9018e-05
90	0.97483	0.021941	0.003161	7.1074e-05
91	0.98389	0.012877	0.0031888	4.1709e-05
92	0.98728	0.0094954	0.0031983	3.0743e-05
93	0.98821	0.008562	0.0031998	2.7715e-05
94	0.98708	0.0096897	0.0031947	3.1355e-05
95	0.9872	0.0095733	0.0031936	3.0961e-05
96	0.98887	0.0079101	0.0031975	2.5572e-05
97	0.98851	0.0082709	0.0031948	2.6722e-05
98	0.98958	0.0071986	0.0031968	2.3247e-05
99	0.99224	0.0045433	0.0032039	1.4669e-05
100	0.99042	0.0063649	0.0031965	2.0542e-05
101	0.98995	0.0068303	0.0031935	2.2037e-05
102	0.99079	0.0059988	0.0031947	1.9353e-05
103	0.98995	0.0068394	0.0031905	2.2059e-05
104	0.99045	0.0063417	0.0031906	2.0452e-05
105	0.99208	0.0047099	0.0031943	1.5191e-05
106	0.99216	0.004628	0.0031931	1.4922e-05
107	0.99071	0.0060792	0.003187	1.9587e-05
108	0.99038	0.0064154	0.0031844	2.0657e-05
109	0.99136	0.0054355	0.0031861	1.7497e-05
110	0.9935	0.0032947	0.0031916	1.0605e-05
111	0.99413	0.0026728	0.0031921	8.5981e-06
112	0.99382	0.0029843	0.0031896	9.596e-06
113	0.99438	0.0024203	0.00319	7.7801e-06
114	0.99587	0.00092955	0.0031933	2.9889e-06
115	0.96637	0.030439	0.0030971	9.775e-05
116	0.94616	0.050649	0.0030308	0.00016261
117	0.93267	0.064136	0.0029861	0.00020586
118	0.92325	0.073558	0.0029545	0.000236
119	0.91796	0.078848	0.0029361	0.00025289
120	0.91613	0.080679	0.0029288	0.0002587
121	0.91691	0.079902	0.0029299	0.00025614
122	0.92036	0.076458	0.0029396	0.00024504
123	0.92674	0.070076	0.0029586	0.00022454
124	0.92615	0.070671	0.0029554	0.00022635
125	0.92804	0.068779	0.0029601	0.0002202
126	0.93257	0.064251	0.0029733	0.00020563
127	0.93071	0.066115	0.002966	0.00021146
128	0.93183	0.064989	0.0029683	0.00020777
129	0.93623	0.06059	0.002981	0.00019365
130	0.935	0.061823	0.0029757	0.00019751
131	0.9361	0.060727	0.0029779	0.00019394
132	0.93964	0.057185	0.0029878	0.00018256
133	0.93722	0.059615	0.0029788	0.00019021
134	0.9378	0.059035	0.0029793	0.00018828
135	0.94073	0.056107	0.0029873	0.00017887
136	0.94626	0.050571	0.0030036	0.00016116
137	0.95568	0.041159	0.0030322	0.00013116
138	0.96896	0.027874	0.0030731	8.8853e-05
139	0.96762	0.029223	0.0030675	9.3091e-05
140	0.96805	0.028794	0.0030675	9.1673e-05
141	0.97029	0.026555	0.0030733	8.4502e-05
142	0.97451	0.022336	0.0030854	7.1042e-05
143	0.97472	0.022125	0.0030848	7.0316e-05
144	0.97659	0.020257	0.0030895	6.4325e-05
145	0.98069	0.016159	0.0031012	5.1281e-05
146	0.98158	0.01527	0.0031027	4.8428e-05
147	0.984	0.012853	0.003109	4.0733e-05
148	0.98854	0.0083135	0.0031221	2.6335e-05
149	0.98999	0.0068624	0.0031253	2.1721e-05
150	0.98981	0.0070488	0.0031234	2.2292e-05
151	0.99099	0.0058675	0.0031258	1.8549e-05
152	0.9934	0.0034563	0.0031321	1.0923e-05
153	0.99431	0.0025438	0.0031336	8.0387e-06
154	0.99182	0.005041	0.0031244	1.591e-05
155	0.99073	0.0061333	0.0031196	1.9351e-05
156	0.98719	0.0096684	0.0031071	3.0484e-05
157	0.98518	0.011684	0.0030995	3.6817e-05
158	0.9848	0.01207	0.0030969	3.802e-05
159	0.9812	0.015664	0.0030843	4.9312e-05
160	0.97969	0.017181	0.0030782	5.4068e-05
161	0.97968	0.017188	0.0030769	5.407e-05
162	0.97628	0.020586	0.0030649	6.4717e-05
163	0.96658	0.030289	0.0030332	9.5131e-05
164	0.96071	0.036164	0.0030134	0.00011352
165	0.95784	0.03903	0.0030032	0.00012248
166	0.94875	0.04813	0.0029733	0.00015099
167	0.94272	0.054153	0.0029532	0.00016981
168	0.93993	0.056953	0.0029431	0.00017853
169	0.93944	0.057441	0.0029403	0.00017998
170	0.94192	0.054958	0.0029468	0.00017215
171	0.92608	0.0708	0.0028959	0.00022172
172	0.91484	0.082048	0.0028595	0.00025684
173	0.90838	0.088503	0.002838	0.00027696
174	0.90582	0.091067	0.0028287	0.00028489
175	0.90596	0.090925	0.0028279	0.00028436
176	0.89883	0.098063	0.0028043	0.00030659
177	0.89488	0.10202	0.0027908	0.00031883
178	0.89381	0.10308	0.0027862	0.00032204
179	0.89555	0.10134	0.0027905	0.00031647
180	0.90027	0.09662	0.002804	0.0003016
181	0.90948	0.087417	0.0028315	0.0002728
182	0.92445	0.072448	0.0028769	0.00022607
183	0.94505	0.051844	0.0029398	0.00016182
184	0.95336	0.043542	0.0029644	0.00013593
185	0.95497	0.041928	0.0029682	0.00013086
186	0.95141	0.045488	0.0029558	0.0001419
187	0.94055	0.056358	0.0029207	0.00017571
188	0.93321	0.063697	0.0028966	0.00019848
189	0.92947	0.06744	0.0028837	0.00021006
190	0.92827	0.068637	0.0028788	0.00021371
191	0.93011	0.066801	0.0028832	0.00020795
192	0.93455	0.062361	0.0028958	0.0001941
193	0.88696	0.10995	0.0027467	0.00034183
194	0.85416	0.14275	0.0026437	0.00044357
195	0.83197	0.16494	0.0025737	0.00051231
196	0.78009	0.21682	0.0024114	0.00067326
197	0.74139	0.25552	0.0022903	0.00079309
198	0.71284	0.28407	0.0022008	0.00088129
199	0.6922	0.30471	0.0021359	0.00094487
200	0.67933	0.31759	0.0020951	0.00098437
201	0.67133	0.32559	0.0020694	0.0010088
202	0.64377	0.35316	0.0019832	0.0010937
203	0.62384	0.37308	0.0019207	0.0011549
204	0.61013	0.3868	0.0018776	0.0011968
205	0.60148	0.39545	0.0018501	0.001223
206	0.59731	0.39962	0.0018365	0.0012353
207	0.59863	0.3983	0.0018397	0.0012308
208	0.58563	0.4113	0.0017989	0.0012703
209	0.57761	0.41933	0.0017735	0.0012945
210	0.54762	0.44931	0.0016806	0.0013861
211	0.5259	0.47104	0.0016132	0.0014523
212	0.51073	0.48621	0.001566	0.0014983
213	0.50092	0.49602	0.0015353	0.0015277
214	0.46895	0.52799	0.0014367	0.0016251
215	0.39391	0.60303	0.001206	0.0018545
216	0.33736	0.65958	0.0010323	0.002027
217	0.29485	0.70209	0.00090176	0.0021563
218	0.26614	0.7308	0.00081351	0.0022433
219	0.24489	0.75205	0.0007482	0.0023074
220	0.22948	0.76746	0.00070085	0.0023535
221	0.18475	0.81219	0.00056391	0.0024892
222	0.15419	0.84276	0.00047027	0.0025817
223	0.13126	0.86569	0.0004001	0.0026506
224	0.11594	0.88101	0.00035317	0.0026963
225	0.10479	0.89216	0.000319	0.0027292
226	0.096924	0.90003	0.00029491	0.0027521
227	0.092487	0.90447	0.00028128	0.0027645
228	0.091058	0.9059	0.0002768	0.0027678
229	0.092436	0.90452	0.00028086	0.0027625
230	0.095891	0.90107	0.00029125	0.0027508
231	0.10173	0.89523	0.00030891	0.0027319
232	0.1114	0.88556	0.00033819	0.0027014
233	0.12476	0.8722	0.00037869	0.0026597
234	0.14292	0.85404	0.00043376	0.0026034
235	0.14674	0.85023	0.00044522	0.0025907
236	0.1547	0.84227	0.00046923	0.0025655
237	0.1663	0.83066	0.00050433	0.0025292
238	0.14886	0.8481	0.00045114	0.0025812
239	0.13612	0.86085	0.00041229	0.0026188
240	0.12817	0.8688	0.00038799	0.0026419
241	0.12418	0.8728	0.00037568	0.002653
242	0.12262	0.87435	0.0003708	0.0026566
243	0.12344	0.87354	0.00037311	0.0026531
244	0.12668	0.87029	0.00038281	0.0026422
245	0.13352	0.86346	0.00040333	0.0026205
246	0.14361	0.85337	0.00043374	0.0025888
247	0.15921	0.83777	0.00048075	0.0025406
248	0.1803	0.81668	0.00054437	0.0024758
249	0.20863	0.78836	0.00062984	0.0023891
250	0.24954	0.74744	0.00075329	0.0022645
251	0.30359	0.69339	0.00091641	0.0021002
252	0.37519	0.62179	0.0011326	0.0018828
253	0.40558	0.59141	0.0012239	0.0017902
254	0.44631	0.55067	0.0013465	0.0016664
255	0.50049	0.4965	0.0015097	0.001502
256	0.52003	0.47696	0.0015682	0.0014424
257	0.5471	0.4499	0.0016493	0.0013601
258	0.58373	0.41326	0.0017593	0.0012489
259	0.63294	0.36406	0.0019073	0.0010998
260	0.69858	0.29842	0.0021049	0.00090098
261	0.79438	0.20262	0.0023933	0.00061139
262	0.83287	0.16412	0.0025085	0.00049504
263	0.84779	0.14921	0.0025524	0.00044988
264	0.87103	0.12597	0.0026214	0.00037975
265	0.90247	0.094527	0.002715	0.00028489
266	0.91563	0.081375	0.0027535	0.00024521
267	0.93404	0.062963	0.0028079	0.0001897
268	0.94016	0.056841	0.0028252	0.0001712
269	0.93993	0.057078	0.0028233	0.00017184
270	0.942	0.055005	0.0028285	0.00016554
271	0.94651	0.050497	0.0028409	0.0001519
272	0.95384	0.043168	0.0028619	0.00012979
273	0.96574	0.031271	0.0028965	9.3979e-05
274	0.96985	0.027162	0.0029078	8.1582e-05
275	0.97697	0.020037	0.002928	6.0151e-05
276	0.98802	0.0089882	0.00296	2.6979e-05
277	0.99249	0.0045206	0.0029723	1.3561e-05
278	0.9918	0.0052145	0.002969	1.5632e-05
279	0.99213	0.0048832	0.0029689	1.4628e-05
280	0.99116	0.0058592	0.0029648	1.7542e-05
281	0.99124	0.0057755	0.0029639	1.7279e-05
282	0.98962	0.0074046	0.0029579	2.2142e-05
283	0.98917	0.0078559	0.0029554	2.3476e-05
284	0.98673	0.010294	0.0029469	3.0746e-05
285	0.98568	0.011346	0.0029426	3.3869e-05
286	0.98155	0.015473	0.0029292	4.6166e-05
287	0.97953	0.017493	0.002922	5.2175e-05
288	0.97936	0.017663	0.0029203	5.267e-05
289	0.98102	0.016005	0.0029241	4.7721e-05
290	0.98434	0.012687	0.0029328	3.7824e-05
291	0.98955	0.0074757	0.0029471	2.2286e-05
292	0.98251	0.014523	0.002925	4.3286e-05
293	0.97823	0.0188	0.002911	5.6025e-05
294	0.9758	0.021232	0.0029026	6.3249e-05
295	0.96795	0.029089	0.0028781	8.6635e-05
296	0.96273	0.034303	0.0028614	0.00010212
297	0.9598	0.03724	0.0028515	0.00011081
298	0.95943	0.037605	0.0028493	0.00011186
299	0.96105	0.035995	0.002853	0.00010704
300	0.96473	0.032311	0.0028628	9.6045e-05
301	0.95452	0.04252	0.0028314	0.00012628
302	0.94829	0.048756	0.0028118	0.00014473
303	0.94464	0.052401	0.0027999	0.00015546
304	0.94396	0.053081	0.0027968	0.00015741
305	0.94549	0.051554	0.0028002	0.00015281
306	0.95009	0.046959	0.0028128	0.00013913
307	0.94895	0.048095	0.0028083	0.00014244
308	0.94997	0.047078	0.0028102	0.00013937
309	0.95376	0.043289	0.0028203	0.00012811
310	0.96013	0.036921	0.002838	0.00010922
311	0.96953	0.027524	0.0028647	8.1371e-05
312	0.98408	0.012974	0.0029066	3.8328e-05
313	0.9848	0.012256	0.0029076	3.6192e-05
314	0.98722	0.009834	0.0029136	2.9032e-05
315	0.99126	0.0057997	0.0029243	1.7113e-05
316	0.9926	0.0044554	0.0029271	1.3136e-05
317	0.99256	0.0044964	0.0029259	1.3248e-05
318	0.99102	0.0060459	0.0029201	1.7806e-05
319	0.98704	0.010026	0.0029072	2.9524e-05
320	0.98467	0.012399	0.0028991	3.6495e-05
321	0.98405	0.013013	0.0028961	3.8288e-05
322	0.98478	0.012286	0.0028971	3.6128e-05
323	0.98314	0.013932	0.0028911	4.0955e-05
324	0.98291	0.014158	0.0028893	4.1596e-05
325	0.98437	0.012701	0.0028924	3.7297e-05
326	0.9877	0.0093761	0.002901	2.7521e-05
327	0.99342	0.0036569	0.0029166	1.0735e-05
328	0.99055	0.0065208	0.002907	1.9139e-05
329	0.989	0.0080703	0.0029013	2.3674e-05
330	0.98867	0.0084109	0.0028992	2.4656e-05
331	0.98972	0.0073559	0.0029011	2.155e-05
332	0.99231	0.0047709	0.0029075	1.3969e-05
333	0.99683	0.00024786	0.0029196	7.247e-07
334	0.99612	0.00096196	0.0029163	2.8136e-06
335	0.99619	0.00089625	0.0029153	2.6204e-06
336	0.99706	2.4167e-05	0.0029166	7.0633e-08
337	0.99691	0.00017602	0.002915	5.1507e-07
338	0.99292	0.0041696	0.0029021	1.2191e-05
339	0.9907	0.0063902	0.0028944	1.868e-05
340	0.9897	0.0073896	0.0028902	2.1592e-05
341	0.99008	0.0070106	0.0028901	2.048e-05
342	0.99162	0.0054668	0.0028934	1.5965e-05
343	0.9883	0.0087918	0.0028825	2.5668e-05
344	0.98644	0.010656	0.0028759	3.1096e-05
345	0.98614	0.010952	0.0028738	3.195e-05
346	0.98308	0.014015	0.0028637	4.0877e-05
347	0.98159	0.015502	0.0028581	4.52e-05
348	0.98157	0.015531	0.0028569	4.5265e-05
349	0.983	0.014103	0.0028599	4.1084e-05
350	0.98642	0.01068	0.0028686	3.1104e-05
351	0.99174	0.005358	0.0028829	1.5603e-05
352	0.98644	0.010658	0.0028663	3.1013e-05
353	0.98304	0.014064	0.0028552	4.0899e-05
354	0.98163	0.015479	0.0028499	4.4999e-05
355	0.98167	0.01544	0.0028489	4.4866e-05
356	0.98315	0.01396	0.002852	4.0547e-05
357	0.98618	0.010928	0.0028597	3.1718e-05
358	0.99146	0.0056504	0.0028738	1.6389e-05
359	0.99342	0.0036953	0.0028783	1.0714e-05
360	0.99385	0.0032664	0.0028784	9.4629e-06
361	0.99325	0.0038631	0.0028754	1.1185e-05
362	0.99359	0.0035244	0.0028752	1.0196e-05
363	0.99272	0.0043915	0.0028716	1.2697e-05
364	0.99303	0.0040918	0.0028712	1.1826e-05
365	0.98754	0.0095819	0.0028542	2.7675e-05
366	0.98431	0.012807	0.0028437	3.6979e-05
367	0.983	0.014118	0.0028387	4.0752e-05
368	0.9831	0.014022	0.0028378	4.0454e-05
369	0.98496	0.012159	0.002842	3.5067e-05
370	0.98885	0.008271	0.002852	2.385e-05
371	0.98993	0.0071968	0.0028539	2.0745e-05
372	0.98923	0.0078928	0.0028507	2.2747e-05
373	0.98968	0.0074434	0.0028508	2.1443e-05
374	0.99155	0.0055749	0.0028549	1.6059e-05
375	0.99477	0.00236	0.002863	6.7979e-06
376	0.99611	0.001018	0.0028657	2.9317e-06
377	0.9967	0.00043112	0.0028662	1.2402e-06
378	0.99704	9.6249e-05	0.002866	2.7666e-07
379	0.99707	6.0465e-05	0.0028649	1.7394e-07
380	0.99623	0.00090979	0.0028612	2.6152e-06
381	0.9961	0.0010417	0.0028597	2.9929e-06
382	0.99556	0.001581	0.0028569	4.5418e-06
383	0.9942	0.0029375	0.0028518	8.4391e-06
384	0.99078	0.0063635	0.0028408	1.8272e-05
385	0.98902	0.0081255	0.0028345	2.3327e-05
386	0.98849	0.008656	0.0028318	2.4843e-05
387	0.98915	0.0079968	0.0028325	2.2944e-05
388	0.99105	0.0060962	0.0028368	1.7486e-05
389	0.99432	0.0028221	0.002845	8.0935e-06
390	0.99562	0.0015305	0.0028476	4.3865e-06
391	0.99106	0.006087	0.0028334	1.7418e-05
392	0.98815	0.009001	0.0028239	2.5738e-05
393	0.9869	0.010256	0.0028192	2.9314e-05
394	0.98691	0.010238	0.0028181	2.9248e-05
395	0.98845	0.0087018	0.0028213	2.4852e-05
396	0.99138	0.0057725	0.0028285	1.6477e-05
397	0.99236	0.004797	0.0028302	1.3688e-05
398	0.99187	0.0052833	0.0028276	1.5073e-05
399	0.99241	0.004752	0.002828	1.3553e-05
400	0.9915	0.0056641	0.0028242	1.6144e-05
401	0.99164	0.0055196	0.0028235	1.572e-05
402	0.99308	0.0040787	0.0028264	1.161e-05
403	0.99602	0.0011403	0.0028336	3.2456e-06
404	0.99602	0.001148	0.0028325	3.2654e-06
405	0.99558	0.0015903	0.0028301	4.5221e-06
406	0.99442	0.0027418	0.0028256	7.7962e-06
407	0.99418	0.0029887	0.0028237	8.4951e-06
408	0.99481	0.0023579	0.0028244	6.6982e-06
409	0.99468	0.0024879	0.0028229	7.0652e-06
410	0.99351	0.0036597	0.0028184	1.0386e-05
411	0.9933	0.0038674	0.0028167	1.0967e-05
412	0.99185	0.0053189	0.0028114	1.5074e-05
413	0.99169	0.0054858	0.0028098	1.5542e-05
414	0.99278	0.0043915	0.0028117	1.2441e-05
415	0.99501	0.002166	0.0028169	6.136e-06
416	0.99586	0.0013229	0.0028181	3.7466e-06
417	0.99612	0.0010571	0.0028177	2.9942e-06
418	0.98831	0.0088682	0.0027944	2.5097e-05
419	0.98337	0.013811	0.0027793	3.9077e-05
420	0.98031	0.016869	0.0027695	4.7708e-05
421	0.97142	0.025765	0.0027433	7.2818e-05
422	0.96534	0.031846	0.002725	8.9946e-05
423	0.96161	0.035574	0.0027134	0.00010041
424	0.96042	0.036769	0.0027089	0.00010373
425	0.9616	0.035584	0.0027112	0.00010034
426	0.96543	0.031759	0.0027209	8.9528e-05
427	0.97166	0.025527	0.0027373	7.1927e-05
428	0.98159	0.015603	0.0027641	4.3957e-05
429	0.99536	0.0018374	0.0028018	5.1731e-06
430	0.99356	0.0036354	0.0027956	1.0231e-05
431	0.98911	0.0080842	0.0027819	2.2735e-05
432	0.98633	0.010865	0.002773	3.0535e-05
433	0.98499	0.012212	0.0027681	3.4293e-05
434	0.98523	0.011964	0.0027677	3.3575e-05
435	0.98711	0.01009	0.0027718	2.8296e-05
436	0.98167	0.015536	0.0027554	4.3557e-05
437	0.97862	0.018585	0.0027457	5.2091e-05
438	0.97765	0.019556	0.0027419	5.4798e-05
439	0.97824	0.018969	0.0027424	5.313e-05
440	0.98078	0.016429	0.0027484	4.5998e-05
441	0.98559	0.011613	0.0027607	3.2507e-05
442	0.98323	0.013977	0.0027529	3.9124e-05
443	0.98235	0.014854	0.0027493	4.1568e-05
444	0.98288	0.014329	0.0027496	4.0082e-05
445	0.98524	0.011971	0.002755	3.3475e-05
446	0.98928	0.0079313	0.0027652	2.2168e-05
447	0.99594	0.0012745	0.0027826	3.5671e-06
448	0.99297	0.0042496	0.0027731	1.1889e-05
449	0.99146	0.0057526	0.0027678	1.6093e-05
450	0.99106	0.0061604	0.0027655	1.7231e-05
451	0.98862	0.0085968	0.0027575	2.4032e-05
452	0.9875	0.0097159	0.0027533	2.7147e-05
453	0.98763	0.00959	0.0027525	2.6781e-05
454	0.989	0.0082227	0.0027552	2.2951e-05
455	0.99171	0.0055104	0.0027617	1.537e-05
456	0.99644	0.00077921	0.0027737	2.1724e-06
457	0.98616	0.011068	0.0027439	3.0815e-05
458	0.97883	0.018396	0.0027224	5.1182e-05
459	0.97394	0.02329	0.0027078	6.4755e-05
460	0.96184	0.035388	0.002673	9.8341e-05
461	0.95412	0.043106	0.0026505	0.00011975
462	0.94993	0.047303	0.0026377	0.00013137
463	0.79773	0.19951	0.0022141	0.00055384
464	0.69126	0.30597	0.0019176	0.00084918
465	0.61098	0.38625	0.0016942	0.0010715
466	0.55612	0.44112	0.0015413	0.0012232
467	0.51513	0.48211	0.0014271	0.0013363
468	0.48782	0.50942	0.0013508	0.0014115
469	0.47036	0.52688	0.0013019	0.0014593
470	0.45854	0.5387	0.0012686	0.0014914
471	0.45275	0.54449	0.001252	0.0015068
472	0.45226	0.54498	0.0012501	0.0015076
473	0.43641	0.56083	0.0012057	0.0015508
474	0.42596	0.57129	0.0011763	0.0015791
475	0.42127	0.57598	0.0011628	0.0015914
476	0.34064	0.65661	0.00093952	0.0018136
477	0.27976	0.71749	0.00077104	0.0019809
478	0.23737	0.75988	0.00065367	0.0020971
479	0.20541	0.79184	0.00056524	0.0021844
480	0.18146	0.81579	0.00049898	0.0022495
481	0.16378	0.83348	0.0004501	0.0022973
482	0.15099	0.84627	0.00041474	0.0023315
483	0.14209	0.85517	0.00039013	0.002355
484	0.13633	0.86093	0.00037418	0.0023698
485	0.13429	0.86297	0.00036845	0.0023744
486	0.11953	0.87772	0.00032783	0.0024139
487	0.10991	0.88735	0.0003013	0.0024393
488	0.10437	0.8929	0.00028597	0.0024535
489	0.10126	0.896	0.00027735	0.002461
490	0.088012	0.90925	0.00024093	0.0024963
491	0.078276	0.91899	0.00021417	0.0025219
492	0.071357	0.92591	0.00019516	0.0025398
493	0.067373	0.92989	0.00018419	0.0025496
494	0.065943	0.93132	0.0001802	0.0025525
495	0.066866	0.9304	0.00018264	0.0025489
496	0.060106	0.93716	0.00016407	0.0025663
497	0.056224	0.94105	0.00015338	0.0025759
498	0.053994	0.94328	0.00014722	0.0025809
499	0.053787	0.94349	0.00014657	0.0025804
500	0.055575	0.9417	0.00015137	0.0025744
501	0.058992	0.93828	0.0001606	0.0025641
502	0.064997	0.93228	0.00017687	0.0025466
503	0.073417	0.92386	0.00019971	0.0025227
504	0.086058	0.91122	0.00023399	0.0024872
505	0.10302	0.89426	0.00028004	0.00244
506	0.12564	0.87164	0.00034146	0.0023775
507	0.13236	0.86493	0.00035958	0.0023582
508	0.12946	0.86782	0.00035155	0.0023651
509	0.12979	0.86749	0.0003523	0.0023632
510	0.13255	0.86473	0.00035966	0.0023547
511	0.13795	0.85934	0.0003742	0.0023391
512	0.14645	0.85084	0.00039718	0.002315
513	0.16029	0.837	0.00043461	0.0022764
514	0.17917	0.81812	0.00048574	0.0022241
515	0.20452	0.79277	0.00055446	0.0021543
516	0.24194	0.75535	0.00065584	0.0020518
517	0.23843	0.75886	0.00064604	0.0020605
518	0.23919	0.7581	0.00064782	0.0020576
519	0.24455	0.75275	0.00066202	0.0020422
520	0.21151	0.78578	0.00057222	0.0021309
521	0.18888	0.80842	0.00051063	0.0021913
522	0.17217	0.82513	0.00046518	0.0022356
523	0.16014	0.83716	0.00043243	0.0022673
524	0.15185	0.84545	0.00040987	0.0022887
525	0.14674	0.85056	0.00039592	0.0023015
526	0.1291	0.8682	0.00034813	0.0023482
527	0.11762	0.87969	0.00031698	0.0023782
528	0.10958	0.88773	0.00029516	0.0023989
529	0.084819	0.91249	0.00022832	0.0024646
530	0.066023	0.93129	0.00017762	0.0025142
531	0.052999	0.94431	0.00014249	0.0025482
532	0.043227	0.95408	0.00011615	0.0025734
533	0.036631	0.96068	9.8355e-05	0.0025901
534	0.031801	0.96551	8.5336e-05	0.0026019
535	0.028951	0.96836	7.7639e-05	0.0026085
536	0.027184	0.97013	7.2863e-05	0.0026122
537	0.026366	0.97095	7.0644e-05	0.0026133
538	0.026435	0.97088	7.0811e-05	0.002612
539	0.027395	0.96992	7.3378e-05	0.0026083
540	0.029344	0.96798	7.86e-05	0.002602
541	0.025953	0.97137	6.9504e-05	0.0026099
542	0.02414	0.97318	6.4635e-05	0.0026137
543	0.023577	0.97375	6.311e-05	0.0026141
544	0.018217	0.97911	4.873e-05	0.0026274
545	0.014141	0.98318	3.7803e-05	0.0026372
546	0.011027	0.9863	2.9467e-05	0.0026444
547	0.0086333	0.98869	2.3065e-05	0.0026497
548	0.0070612	0.99027	1.8857e-05	0.0026528
549	0.0060914	0.99124	1.6258e-05	0.0026543
550	0.0053715	0.99196	1.433e-05	0.0026551
551	0.0048451	0.99249	1.2921e-05	0.0026554
552	0.0046619	0.99267	1.2426e-05	0.0026548
553	0.0045986	0.99274	1.2252e-05	0.0026538
554	0.0046594	0.99268	1.241e-05	0.0026526
555	0.004849	0.99249	1.2913e-05	0.0026509
556	0.0051824	0.99215	1.38e-05	0.002649
557	0.0056855	0.99165	1.5142e-05	0.0026465
558	0.0063978	0.99094	1.7042e-05	0.0026435
559	0.0073635	0.98998	1.962e-05	0.0026399
560	0.0089499	0.98839	2.3848e-05	0.0026345
561	0.011315	0.98603	3.0143e-05	0.0026271
562	0.014761	0.98258	3.9305e-05	0.0026169
563	0.019234	0.97811	5.1204e-05	0.0026039
564	0.025814	0.97153	6.8691e-05	0.0025853
565	0.020448	0.9769	5.4399e-05	0.0025985
566	0.016828	0.98052	4.4753e-05	0.002607
567	0.014154	0.9832	3.7636e-05	0.002613
568	0.01251	0.98484	3.3255e-05	0.0026163
569	0.01174	0.98561	3.1197e-05	0.0026172
570	0.011738	0.98561	3.1176e-05	0.0026161
571	0.012504	0.98485	3.3187e-05	0.002613
572	0.0096724	0.98768	2.5659e-05	0.0026194
573	0.0077371	0.98962	2.051e-05	0.0026234
574	0.0062345	0.99112	1.6518e-05	0.0026263
575	0.0052368	0.99212	1.3864e-05	0.0026279
576	0.0044401	0.99292	1.1748e-05	0.0026288
577	0.0039781	0.99338	1.0516e-05	0.002629
578	0.0036134	0.99375	9.5456e-06	0.0026288
579	0.0033174	0.99405	8.759e-06	0.0026285
580	0.0032248	0.99414	8.5075e-06	0.0026276
581	0.0031655	0.9942	8.3455e-06	0.0026267
582	0.0031274	0.99424	8.2411e-06	0.0026256
583	0.003115	0.99425	8.2057e-06	0.0026246
584	0.0032831	0.99409	8.6427e-06	0.002623
585	0.0034834	0.99389	9.1652e-06	0.0026214
586	0.003731	0.99364	9.8134e-06	0.0026196
587	0.0040448	0.99333	1.0637e-05	0.0026177
588	0.0046442	0.99273	1.2207e-05	0.002615
589	0.0054008	0.99197	1.4191e-05	0.0026119
590	0.0063632	0.99101	1.6717e-05	0.0026083
591	0.0076042	0.98977	1.9976e-05	0.0026039
592	0.0092181	0.98816	2.4217e-05	0.0025986
593	0.01163	0.98575	3.0548e-05	0.0025912
594	0.015231	0.98215	3.9988e-05	0.0025806
595	0.019905	0.97748	5.2248e-05	0.0025673
596	0.026009	0.97137	6.826e-05	0.0025501
597	0.034046	0.96334	8.9351e-05	0.002528
598	0.0456	0.95178	0.00011964	0.0024966
599	0.04898	0.9484	0.00012846	0.0024867
600	0.046668	0.95072	0.00012234	0.0024917
601	0.04633	0.95106	0.00012139	0.0024915
602	0.039603	0.95778	0.00010368	0.0025081
603	0.034705	0.96268	9.0804e-05	0.0025199
604	0.031864	0.96553	8.3309e-05	0.0025262
605	0.030682	0.96671	8.0156e-05	0.0025283
606	0.030521	0.96687	7.9679e-05	0.0025276
607	0.031766	0.96563	8.2869e-05	0.0025233
608	0.034103	0.96329	8.8908e-05	0.0025161
609	0.037737	0.95966	9.8333e-05	0.0025056
610	0.042953	0.95444	0.00011188	0.0024909
611	0.042448	0.95495	0.0001105	0.0024912
612	0.043174	0.95423	0.00011234	0.0024883
613	0.045712	0.95169	0.00011888	0.0024806
614	0.049765	0.94764	0.00012936	0.002469
615	0.055641	0.94176	0.00014459	0.0024526
616	0.043538	0.95387	0.00011308	0.0024831
617	0.034411	0.96299	8.9331e-05	0.0025057
618	0.028311	0.96909	7.3455e-05	0.0025205
619	0.0238	0.97361	6.1724e-05	0.0025311
620	0.020931	0.97648	5.4254e-05	0.0025374
621	0.019338	0.97807	5.0095e-05	0.0025405
622	0.018488	0.97892	4.787e-05	0.0025416
623	0.018334	0.97908	4.7456e-05	0.0025409
624	0.019175	0.97824	4.9611e-05	0.0025376
625	0.021116	0.9763	5.4608e-05	0.0025315
626	0.023972	0.97344	6.1975e-05	0.002523
627	0.02796	0.96946	7.227e-05	0.0025116
628	0.034135	0.96328	8.8202e-05	0.0024946
629	0.04239	0.95503	0.00010951	0.0024722
630	0.054373	0.94305	0.00014042	0.0024401
631	0.07161	0.92581	0.00018484	0.0023946
632	0.07669	0.92073	0.00019787	0.0023804
633	0.084192	0.91323	0.00021715	0.0023601
634	0.083244	0.91418	0.00021462	0.0023615
635	0.084836	0.91259	0.00021863	0.0023563
636	0.089171	0.90825	0.0002297	0.0023442
637	0.096994	0.90043	0.00024973	0.002323
638	0.10796	0.88947	0.00027786	0.0022938
639	0.12298	0.87445	0.00031642	0.0022541
640	0.14543	0.852	0.00037404	0.0021953
641	0.17521	0.82222	0.00045049	0.0021178
642	0.21475	0.78268	0.00055206	0.0020151
643	0.22787	0.76956	0.0005856	0.0019804
644	0.24806	0.74937	0.00063727	0.0019276
645	0.27844	0.719	0.00071504	0.0018488
646	0.32325	0.67419	0.00082973	0.0017329
647	0.38253	0.61491	0.00098153	0.00158
648	0.4689	0.52854	0.0012026	0.0013578
649	0.47503	0.52241	0.0012178	0.0013415
650	0.4873	0.51014	0.0012487	0.0013095
651	0.50531	0.49213	0.0012943	0.0012627
652	0.53057	0.46687	0.0013585	0.0011974
653	0.56802	0.42942	0.0014538	0.001101
654	0.61805	0.37939	0.0015813	0.00097237
655	0.6365	0.36095	0.0016279	0.0009247
656	0.66465	0.3328	0.0016992	0.00085224
657	0.7027	0.29475	0.0017959	0.00075446
658	0.75891	0.23854	0.0019388	0.0006104
659	0.83373	0.16372	0.0021294	0.00041875
660	0.93261	0.064846	0.0023813	0.00016566
661	0.93328	0.064178	0.002382	0.00016386
662	0.93701	0.060443	0.0023905	0.00015425
663	0.94429	0.053166	0.002408	0.00013562
664	0.955	0.042458	0.0024343	0.00010824
665	0.97157	0.025886	0.0024754	6.5949e-05
666	0.97858	0.018885	0.0024921	4.8092e-05
667	0.98855	0.0089112	0.0025164	2.2671e-05
668	0.98879	0.0086686	0.0025159	2.2041e-05
669	0.98683	0.010633	0.0025098	2.7017e-05
670	0.98645	0.011017	0.0025077	2.7978e-05
671	0.98759	0.0098709	0.0025095	2.5054e-05
672	0.99048	0.0069821	0.0025157	1.7712e-05
673	0.99125	0.0062209	0.0025165	1.5777e-05
674	0.99053	0.0069428	0.0025135	1.7608e-05
675	0.99092	0.0065508	0.0025133	1.6609e-05
676	0.99272	0.0047546	0.0025167	1.2055e-05
677	0.99288	0.0045883	0.0025159	1.1631e-05
678	0.99156	0.0059121	0.0025114	1.4979e-05
679	0.99155	0.0059267	0.0025102	1.5012e-05
680	0.9926	0.0048738	0.0025117	1.234e-05
681	0.99509	0.0023853	0.0025169	6.0421e-06
682	0.99426	0.0032223	0.0025136	8.1591e-06
683	0.99433	0.0031486	0.0025126	7.9692e-06
684	0.99532	0.0021583	0.002514	5.4608e-06
685	0.99328	0.0042061	0.0025077	1.0628e-05
686	0.98857	0.0089162	0.0024947	2.2517e-05
687	0.98598	0.011508	0.002487	2.9052e-05
688	0.98481	0.012671	0.0024829	3.1976e-05
689	0.98055	0.016936	0.002471	4.2723e-05
690	0.97811	0.019373	0.0024637	4.8846e-05
691	0.97731	0.020174	0.0024606	5.0836e-05
692	0.97848	0.019008	0.0024624	4.7878e-05
693	0.9813	0.016193	0.0024684	4.0767e-05
694	0.98646	0.01103	0.0024802	2.7763e-05
695	0.99397	0.0035263	0.002498	8.8753e-06
696	0.99744	5.5082e-05	0.0025056	1.3867e-07
697	0.99745	4.1302e-05	0.0025045	1.039e-07
698	0.99678	0.00071345	0.0025017	1.7929e-06
699	0.99554	0.0019572	0.0024974	4.9192e-06
700	0.99261	0.0048863	0.002489	1.2273e-05
701	0.98602	0.011476	0.0024713	2.8818e-05
702	0.98211	0.015387	0.0024604	3.8635e-05
703	0.97992	0.017581	0.0024537	4.4128e-05
704	0.97928	0.018223	0.002451	4.5725e-05
705	0.98014	0.017364	0.0024521	4.3553e-05
706	0.98259	0.014917	0.0024571	3.7404e-05
707	0.98679	0.010715	0.0024666	2.686e-05
708	0.99307	0.0044388	0.0024812	1.1127e-05
709	0.95435	0.043163	0.0023833	0.00010796
710	0.92767	0.069841	0.0023155	0.00017463
711	0.90808	0.089433	0.0022655	0.00022349
712	0.89526	0.10225	0.0022325	0.00025542
713	0.88666	0.11086	0.00221	0.0002768
714	0.88238	0.11513	0.0021983	0.00028736
715	0.88206	0.11546	0.0021965	0.00028808
716	0.88467	0.11285	0.002202	0.00028147
717	0.87887	0.11865	0.0021866	0.00029579
718	0.87626	0.12126	0.0021791	0.00030216
719	0.87742	0.1201	0.002181	0.00029916
720	0.88267	0.11485	0.002193	0.00028599
721	0.89152	0.10601	0.0022141	0.00026388
722	0.90466	0.092867	0.0022457	0.00023111
723	0.92312	0.074408	0.0022906	0.00018512
724	0.93023	0.067291	0.0023073	0.00016736
725	0.94088	0.056649	0.0023327	0.00014085
726	0.95585	0.041675	0.0023689	0.00010359
727	0.96112	0.036413	0.0023809	9.0467e-05
728	0.96994	0.027591	0.0024018	6.8533e-05
729	0.98234	0.015189	0.0024315	3.772e-05
730	0.98217	0.015363	0.00243	3.812e-05
731	0.97909	0.018439	0.0024213	4.5712e-05
732	0.9777	0.019831	0.0024169	4.9122e-05
733	0.97789	0.019645	0.0024163	4.8626e-05
734	0.98008	0.017453	0.0024207	4.3173e-05
735	0.98407	0.013467	0.0024295	3.3287e-05
736	0.98509	0.012448	0.0024309	3.0743e-05
737	0.98795	0.0095911	0.0024369	2.3673e-05
738	0.99304	0.004499	0.0024484	1.11e-05
739	0.98891	0.0086304	0.0024372	2.1271e-05
740	0.98669	0.010856	0.0024306	2.6744e-05
741	0.98614	0.011407	0.0024281	2.8091e-05
742	0.98305	0.014498	0.0024194	3.5698e-05
743	0.98155	0.015998	0.0024147	3.9375e-05
744	0.97593	0.021619	0.0023998	5.3178e-05
745	0.96266	0.034884	0.0023661	8.5772e-05
746	0.95426	0.043292	0.0023443	0.00010641
747	0.94879	0.04876	0.0023298	0.0001198
748	0.94648	0.05107	0.0023231	0.00012542
749	0.9464	0.05115	0.0023218	0.00012556
750	0.94919	0.048364	0.0023276	0.00011868
751	0.95442	0.043138	0.0023394	0.00010581
752	0.96331	0.034247	0.0023601	8.3989e-05
753	0.97587	0.02169	0.0023898	5.3188e-05
754	0.99312	0.0044374	0.002431	1.0889e-05
755	0.99228	0.005276	0.0024278	1.2938e-05
756	0.99247	0.0050906	0.0024272	1.2476e-05
757	0.99112	0.0064439	0.0024228	1.5777e-05
758	0.99088	0.0066844	0.0024212	1.6351e-05
759	0.99198	0.0055843	0.0024228	1.3652e-05
760	0.99457	0.0029901	0.002428	7.3101e-06
761	0.99551	0.0020547	0.0024293	5.0214e-06
762	0.99742	0.0001442	0.0024328	3.5246e-07
763	0.99654	0.0010249	0.0024296	2.4996e-06
764	0.99647	0.0010953	0.0024284	2.6711e-06
765	0.99712	0.00045194	0.0024289	1.1023e-06
766	0.99665	0.00092139	0.0024267	2.2476e-06
767	0.99253	0.0050436	0.0024155	1.2293e-05
768	0.98993	0.0076404	0.0024082	1.8611e-05
769	0.98893	0.0086446	0.0024047	2.1052e-05
770	0.98911	0.0084633	0.002404	2.0603e-05
771	0.99074	0.0068406	0.0024069	1.6655e-05
772	0.99066	0.0069219	0.0024057	1.6849e-05
773	0.99169	0.0058903	0.0024071	1.4336e-05
774	0.99393	0.0036542	0.0024115	8.8959e-06
775	0.99241	0.0051674	0.0024068	1.2573e-05
776	0.99197	0.0056112	0.0024046	1.3649e-05
777	0.99256	0.0050194	0.002405	1.2209e-05
778	0.99162	0.0059606	0.0024017	1.4489e-05
779	0.98854	0.0090433	0.0023932	2.197e-05
780	0.98689	0.010698	0.0023882	2.5978e-05
781	0.98208	0.015506	0.0023754	3.7635e-05
782	0.97915	0.018441	0.0023673	4.4738e-05
783	0.97827	0.019319	0.0023641	4.6862e-05
784	0.95977	0.037824	0.0023183	9.1677e-05
785	0.94765	0.049938	0.0022879	0.000121
786	0.93928	0.058316	0.0022666	0.00014124
787	0.93398	0.063615	0.0022528	0.000154
788	0.93193	0.065664	0.0022469	0.00015891
789	0.93228	0.065319	0.0022467	0.00015802
790	0.9076	0.089994	0.0021861	0.0002176
791	0.88953	0.10807	0.0021415	0.00026116
792	0.87669	0.12091	0.0021096	0.00029204
793	0.8681	0.1295	0.002088	0.00031262
794	0.86311	0.13449	0.0020751	0.00032449
795	0.8614	0.1362	0.0020701	0.00032846
796	0.85032	0.14729	0.0020426	0.00035498
797	0.81933	0.17828	0.0019672	0.00042932
798	0.74202	0.25558	0.0017808	0.00061475
799	0.55072	0.44689	0.0013212	0.0010734
800	0.41666	0.58095	0.00099902	0.0013945
801	0.32433	0.67328	0.00077712	0.0016154
802	0.25421	0.74339	0.00060875	0.0017828
803	0.20523	0.79238	0.00049108	0.0018994
804	0.16811	0.8295	0.00040201	0.0019875
805	0.14006	0.85756	0.00033473	0.0020537
806	0.12074	0.87687	0.00028839	0.0020991
807	0.10798	0.88964	0.00025772	0.0021287
808	0.099983	0.89763	0.00023847	0.0021469
809	0.095638	0.90198	0.00022795	0.0021564
810	0.093479	0.90414	0.00022266	0.0021607
811	0.081831	0.91579	0.00019474	0.0021876
812	0.074249	0.92337	0.00017654	0.0022048
813	0.069076	0.92854	0.00016411	0.0022162
814	0.065908	0.93171	0.00015647	0.0022228
815	0.064464	0.93316	0.00015295	0.0022253
816	0.064633	0.93299	0.00015328	0.0022239
817	0.066462	0.93116	0.00015756	0.0022186
818	0.07074	0.92689	0.00016764	0.0022075
819	0.07722	0.92041	0.00018295	0.0021912
820	0.087591	0.91004	0.00020747	0.0021657
821	0.10163	0.896	0.00024067	0.0021314
822	0.12048	0.87715	0.0002853	0.0020858
823	0.14564	0.85199	0.00034487	0.0020252
824	0.18185	0.81578	0.00043056	0.0019385
825	0.2298	0.76783	0.00054407	0.001824
826	0.24931	0.74832	0.00059004	0.001777
827	0.27821	0.71942	0.00065818	0.0017078
828	0.31695	0.68069	0.00074957	0.0016154
829	0.36831	0.62933	0.00087082	0.0014932
830	0.4365	0.56114	0.0010319	0.0013311
831	0.52687	0.47077	0.0012454	0.0011165
832	0.51506	0.48257	0.001217	0.0011439
833	0.50961	0.48803	0.0012036	0.0011564
834	0.50838	0.48926	0.0012002	0.0011588
835	0.51242	0.48522	0.0012092	0.0011487
836	0.52085	0.47679	0.0012286	0.0011283
837	0.53597	0.46168	0.0012638	0.0010921
838	0.5597	0.43795	0.0013193	0.0010356
839	0.5957	0.40194	0.0014036	0.0009503
840	0.64388	0.35376	0.0015166	0.00083629
841	0.70789	0.28976	0.0016669	0.00068499
842	0.73272	0.26493	0.0017247	0.00062613
843	0.73997	0.25768	0.0017411	0.00060875
844	0.75358	0.24408	0.0017724	0.00057644
845	0.77543	0.22222	0.0018231	0.00052475
846	0.80531	0.19234	0.0018926	0.00045417
847	0.80084	0.19681	0.0018813	0.00046449
848	0.80089	0.19677	0.0018806	0.0004642
849	0.8045	0.19315	0.0018883	0.0004555
850	0.81197	0.18569	0.001905	0.00043774
851	0.82387	0.17379	0.0019322	0.00040953
852	0.84115	0.15651	0.0019721	0.00036869
853	0.86768	0.12998	0.0020336	0.00030614
854	0.90342	0.094243	0.0021168	0.00022199
855	0.91729	0.080376	0.0021485	0.00018928
856	0.911	0.086659	0.0021329	0.0002039
857	0.90856	0.089099	0.0021263	0.00020952
858	0.90884	0.088821	0.0021261	0.00020875
859	0.9127	0.084963	0.0021343	0.0001996
860	0.91966	0.078011	0.0021497	0.00018319
861	0.93025	0.067418	0.0021736	0.00015825
862	0.94693	0.050744	0.0022118	0.0001191
863	0.96962	0.028049	0.0022641	6.5843e-05
864	0.97105	0.026623	0.0022665	6.2469e-05
865	0.97436	0.023308	0.0022733	5.4675e-05
866	0.9798	0.017875	0.0022851	4.1925e-05
867	0.98776	0.0099123	0.0023028	2.3258e-05
868	0.98704	0.010635	0.0023001	2.4934e-05
869	0.98782	0.0098531	0.002301	2.31e-05
870	0.99027	0.0074065	0.0023057	1.7388e-05
871	0.98692	0.010762	0.0022969	2.5241e-05
872	0.9782	0.019476	0.0022755	4.562e-05
873	0.97223	0.02545	0.0022606	5.9571e-05
874	0.95572	0.041958	0.0022211	9.8105e-05
875	0.94485	0.052831	0.0021947	0.00012347
876	0.93744	0.060244	0.0021765	0.00014073
877	0.93293	0.064759	0.0021651	0.00015122
878	0.93097	0.066718	0.0021596	0.00015574
879	0.92184	0.07585	0.0021374	0.00017697
880	0.89871	0.098975	0.0020826	0.0002308
881	0.88187	0.11582	0.0020425	0.00026993
882	0.87004	0.12765	0.0020141	0.00029736
883	0.83812	0.15957	0.0019391	0.00037143
884	0.81458	0.18311	0.0018836	0.00042594
885	0.79773	0.19996	0.0018438	0.00046487
886	0.78617	0.21152	0.0018162	0.00049148
887	0.77903	0.21866	0.001799	0.00050782
888	0.77576	0.22193	0.0017907	0.00051517
889	0.77617	0.22152	0.001791	0.00051398
890	0.78024	0.21746	0.0017997	0.00050433
891	0.78826	0.20943	0.0018176	0.0004855
892	0.80231	0.19539	0.0018494	0.0004528
893	0.82223	0.17547	0.0018948	0.00040649
894	0.82759	0.17011	0.0019065	0.00039388
895	0.82387	0.17383	0.0018972	0.00040227
896	0.82359	0.17411	0.0018959	0.00040269
897	0.82763	0.17007	0.0019045	0.00039316
898	0.83651	0.16119	0.0019243	0.00037249
899	0.84993	0.14777	0.0019545	0.00034136
900	0.869	0.12871	0.0019977	0.00029719
901	0.89521	0.1025	0.0020575	0.00023654
902	0.93349	0.064214	0.002145	0.00014811
903	0.98967	0.0080411	0.0022736	1.8568e-05
904	0.98798	0.0097331	0.0022688	2.2447e-05
905	0.98756	0.010153	0.002267	2.3396e-05
906	0.98862	0.0090869	0.0022685	2.0932e-05
907	0.98756	0.010156	0.0022652	2.3375e-05
908	0.98797	0.0097386	0.0022652	2.2407e-05
909	0.98966	0.0080493	0.0022682	1.8517e-05
910	0.98929	0.0084271	0.0022665	1.9373e-05
911	0.99008	0.0076345	0.0022674	1.7542e-05
912	0.9921	0.0056114	0.0022712	1.2888e-05
913	0.9892	0.0085173	0.0022636	1.953e-05
914	0.98769	0.010025	0.0022593	2.2963e-05
915	0.98769	0.010025	0.0022585	2.295e-05
916	0.9892	0.0085194	0.002261	1.9495e-05
917	0.99211	0.0056152	0.0022668	1.2841e-05
918	0.99711	0.00061502	0.0022773	1.4069e-06
919	0.99687	0.00084933	0.0022759	1.941e-06
920	0.99731	0.00041096	0.002276	9.3807e-07
921	0.99761	0.00010898	0.0022758	2.484e-07
922	0.99456	0.0031645	0.002268	7.2111e-06
923	0.99295	0.0047784	0.0022634	1.0886e-05
924	0.99261	0.0051212	0.0022617	1.1665e-05
925	0.99051	0.0072155	0.002256	1.6436e-05
926	0.98964	0.0080859	0.0022531	1.8412e-05
927	0.99019	0.00754	0.0022534	1.7167e-05
928	0.98905	0.0086805	0.0022499	1.9763e-05
929	0.9891	0.0086277	0.0022491	1.9638e-05
930	0.99035	0.0073776	0.002251	1.6789e-05
931	0.98986	0.0078704	0.002249	1.7906e-05
932	0.99052	0.0072188	0.0022496	1.642e-05
933	0.99237	0.0053603	0.0022529	1.2189e-05
934	0.99251	0.0052242	0.0022523	1.1873e-05
935	0.99369	0.0040467	0.0022541	9.1899e-06
936	0.99628	0.0014546	0.0022591	3.3017e-06
937	0.99403	0.0037102	0.002253	8.4158e-06
938	0.99288	0.0048583	0.0022495	1.1013e-05
939	0.9898	0.0079423	0.0022416	1.7996e-05
940	0.98842	0.0093232	0.0022376	2.1121e-05
941	0.98827	0.0094716	0.0022363	2.145e-05
942	0.98936	0.0083854	0.0022379	1.8981e-05
943	0.98839	0.0093509	0.0022348	2.1151e-05
944	0.98892	0.0088263	0.0022351	1.9955e-05
945	0.99101	0.0067382	0.0022389	1.523e-05
946	0.99115	0.0065981	0.0022383	1.4911e-05
947	0.9924	0.005346	0.0022402	1.2079e-05
948	0.99486	0.0028869	0.0022448	6.5211e-06
949	0.99574	0.002009	0.0022459	4.5391e-06
950	0.99586	0.001887	0.0022452	4.263e-06
951	0.99681	0.00094485	0.0022464	2.136e-06
952	0.99595	0.0018073	0.0022436	4.082e-06
953	0.99379	0.0039609	0.0022378	8.9377e-06
954	0.99274	0.0050131	0.0022345	1.1305e-05
955	0.99271	0.0050436	0.0022336	1.1368e-05
956	0.9937	0.0040548	0.0022349	9.1345e-06
957	0.99032	0.007433	0.0022264	1.6731e-05
958	0.96313	0.034633	0.0021643	7.7921e-05
959	0.94293	0.054829	0.0021181	0.00012329
960	0.92828	0.069483	0.0020843	0.00015614
961	0.91802	0.079741	0.0020605	0.00017909
