#coord	neutral	conserved	gBGC.neutral	gBGC.conserved
1	0.76165	0.23387	0.0034318	0.0010541
2	0.76752	0.228	0.003457	0.0010273
3	0.77772	0.2178	0.0035018	0.00098094
4	0.79458	0.20094	0.0035765	0.00090465
5	0.82025	0.17527	0.0036907	0.00078881
6	0.85866	0.13686	0.0038621	0.00061581
7	0.90986	0.085668	0.0040909	0.00038538
8	0.93232	0.063203	0.0041904	0.00028429
9	0.96272	0.032804	0.0043255	0.00014757
10	0.97454	0.02099	0.0043771	9.4417e-05
11	0.97893	0.016604	0.0043952	7.4668e-05
12	0.98558	0.0099492	0.0044236	4.4726e-05
13	0.98826	0.0072688	0.0044341	3.2669e-05
14	0.99254	0.0029928	0.0044517	1.345e-05
15	0.9943	0.0012331	0.0044581	5.5395e-06
16	0.99378	0.0017539	0.0044542	7.8733e-06
17	0.99404	0.001501	0.0044538	6.7353e-06
18	0.99367	0.0018692	0.0044506	8.3805e-06
19	0.99409	0.0014547	0.0044509	6.517e-06
20	0.99547	7.3749e-05	0.0044555	3.3013e-07
21	0.99552	2.7655e-05	0.0044542	1.2374e-07
22	0.99524	0.00030501	0.0044514	1.3651e-06
23	0.99484	0.00070697	0.004448	3.1624e-06
24	0.9951	0.00045512	0.0044476	2.0344e-06
25	0.9952	0.00035223	0.0044465	1.5741e-06
26	0.99522	0.00033175	0.0044451	1.4813e-06
27	0.99423	0.0013225	0.0044391	5.904e-06
28	0.99412	0.0014318	0.0044371	6.3913e-06
29	0.99477	0.00078809	0.0044384	3.516e-06
30	0.99506	0.00050315	0.0044381	2.2445e-06
31	0.99415	0.0014142	0.0044325	6.3099e-06
32	0.99204	0.0035267	0.0044215	1.5727e-05
33	0.9909	0.0046674	0.0044149	2.0803e-05
34	0.99067	0.0048959	0.0044124	2.1808e-05
35	0.99148	0.004091	0.0044145	1.8214e-05
36	0.99092	0.0046527	0.0044104	2.0708e-05
37	0.99137	0.0042013	0.0044109	1.8696e-05
38	0.99272	0.0028483	0.0044154	1.2672e-05
39	0.99288	0.0026955	0.0044145	1.1991e-05
40	0.99383	0.0017413	0.0044172	7.745e-06
41	0.99395	0.001627	0.0044162	7.2329e-06
42	0.99334	0.0022368	0.0044119	9.9409e-06
43	0.99349	0.0020931	0.004411	9.2984e-06
44	0.99284	0.0027431	0.0044066	1.2183e-05
45	0.99306	0.0025266	0.0044061	1.1217e-05
46	0.99416	0.0014267	0.0044094	6.33e-06
47	0.99457	0.0010116	0.0044098	4.486e-06
48	0.99463	0.00096078	0.0044085	4.2603e-06
49	0.99539	0.00019757	0.0044103	8.759e-07
50	0.9954	0.00018647	0.0044089	8.2587e-07
51	0.99552	7.5245e-05	0.0044078	3.3324e-07
52	0.99544	0.00015192	0.004406	6.7215e-07
53	0.99463	0.00096025	0.0044009	4.244e-06
54	0.99309	0.0025039	0.0043926	1.1064e-05
55	0.99264	0.0029549	0.0043891	1.3052e-05
56	0.99322	0.002376	0.0043901	1.0491e-05
57	0.9929	0.0027024	0.0043872	1.1926e-05
58	0.99157	0.0040372	0.0043798	1.7811e-05
59	0.97939	0.01621	0.0043245	7.1523e-05
60	0.97156	0.024043	0.0042884	0.00010607
61	0.96634	0.029267	0.0042639	0.00012906
62	0.96332	0.032291	0.0042491	0.00014233
63	0.96267	0.032944	0.0042448	0.00014515
64	0.95757	0.038046	0.0042208	0.00016757
65	0.95536	0.040253	0.0042096	0.00017724
66	0.95518	0.040439	0.0042073	0.00017799
67	0.95009	0.045524	0.0041835	0.00020031
68	0.94739	0.048225	0.0041702	0.00021211
69	0.94749	0.04813	0.0041691	0.00021162
70	0.9424	0.053223	0.0041453	0.00023395
71	0.94048	0.055145	0.0041353	0.00024233
72	0.94146	0.054165	0.0041381	0.00023797
73	0.94478	0.050847	0.0041512	0.00022333
74	0.95137	0.044254	0.0041787	0.00019433
75	0.96114	0.034491	0.00422	0.00015142
76	0.96408	0.031553	0.0042314	0.00013847
77	0.9698	0.025827	0.004255	0.00011332
78	0.97826	0.017377	0.0042906	7.6218e-05
79	0.98157	0.014065	0.0043036	6.1675e-05
80	0.98177	0.013865	0.004303	6.0777e-05
81	0.98339	0.01225	0.0043086	5.3671e-05
82	0.97649	0.019151	0.0042769	8.3848e-05
83	0.97241	0.023233	0.0042575	0.00010168
84	0.97025	0.025394	0.0042466	0.00011107
85	0.9702	0.025445	0.0042449	0.00011125
86	0.96634	0.029302	0.0042266	0.00012807
87	0.96498	0.030664	0.0042191	0.00013398
88	0.96545	0.030196	0.0042197	0.00013188
89	0.96821	0.027436	0.0042303	0.00011978
90	0.97374	0.021916	0.0042529	9.5647e-05
91	0.98279	0.012863	0.0042908	5.6131e-05
92	0.98617	0.0094847	0.0043041	4.1377e-05
93	0.9871	0.0085524	0.0043066	3.7304e-05
94	0.98598	0.0096788	0.0043002	4.2207e-05
95	0.9861	0.0095626	0.0042992	4.1682e-05
96	0.98776	0.0079013	0.0043049	3.443e-05
97	0.9874	0.0082616	0.0043018	3.5984e-05
98	0.98847	0.0071905	0.0043049	3.1307e-05
99	0.99113	0.0045382	0.004315	1.9757e-05
100	0.98931	0.0063577	0.0043055	2.7669e-05
101	0.98885	0.0068226	0.004302	2.9686e-05
102	0.98968	0.005992	0.004304	2.6071e-05
103	0.98884	0.0068318	0.0042989	2.9717e-05
104	0.98934	0.0063346	0.0042995	2.7553e-05
105	0.99097	0.0047046	0.004305	2.0465e-05
106	0.99105	0.0046228	0.0043039	2.0104e-05
107	0.98961	0.0060724	0.0042961	2.6394e-05
108	0.98927	0.0064082	0.0042931	2.784e-05
109	0.99025	0.0054294	0.0042959	2.3583e-05
110	0.99239	0.0032911	0.0043037	1.4294e-05
111	0.99301	0.0026698	0.0043049	1.1591e-05
112	0.9927	0.002981	0.004302	1.2937e-05
113	0.99327	0.0024176	0.004303	1.049e-05
114	0.99476	0.00092851	0.0043079	4.0297e-06
115	0.96528	0.030405	0.0041787	0.00013183
116	0.9451	0.050593	0.0040897	0.00021931
117	0.93163	0.064064	0.0040298	0.00027766
118	0.92222	0.073476	0.0039876	0.00031835
119	0.91694	0.078759	0.0039633	0.00034116
120	0.91511	0.080588	0.003954	0.00034901
121	0.91589	0.079813	0.0039559	0.00034559
122	0.91933	0.076373	0.0039694	0.00033063
123	0.9257	0.069997	0.0039955	0.00030299
124	0.92511	0.070592	0.0039916	0.00030546
125	0.927	0.068702	0.0039984	0.00029719
126	0.93153	0.06418	0.0040166	0.00027755
127	0.92967	0.066041	0.0040072	0.00028547
128	0.93079	0.064917	0.0040107	0.00028051
129	0.93519	0.060523	0.0040283	0.00026146
130	0.93396	0.061754	0.0040216	0.0002667
131	0.93505	0.060659	0.0040249	0.0002619
132	0.93859	0.057121	0.0040388	0.00024656
133	0.93617	0.059548	0.004027	0.00025692
134	0.93675	0.058969	0.0040282	0.00025434
135	0.93967	0.056044	0.0040394	0.00024166
136	0.94521	0.050514	0.0040619	0.00021775
137	0.95461	0.041113	0.004101	0.00017722
138	0.96788	0.027843	0.0041567	0.00012005
139	0.96653	0.02919	0.0041495	0.00012579
140	0.96696	0.028762	0.00415	0.00012389
141	0.9692	0.026525	0.0041583	0.00011422
142	0.97342	0.022311	0.0041751	9.6034e-05
143	0.97363	0.022101	0.0041747	9.507e-05
144	0.9755	0.020234	0.0041814	8.6987e-05
145	0.97959	0.016141	0.0041976	6.9358e-05
146	0.98048	0.015253	0.0042001	6.5509e-05
147	0.9829	0.012839	0.0042091	5.5109e-05
148	0.98743	0.0083042	0.0042272	3.5634e-05
149	0.98888	0.0068547	0.0042321	2.9395e-05
150	0.9887	0.0070409	0.0042299	3.0174e-05
151	0.98988	0.005861	0.0042336	2.511e-05
152	0.99229	0.0034524	0.0042425	1.4787e-05
153	0.9932	0.0025409	0.004245	1.0883e-05
154	0.99071	0.0050354	0.004233	2.1546e-05
155	0.98962	0.0061264	0.0042269	2.6209e-05
156	0.98609	0.0096575	0.0042105	4.1293e-05
157	0.98408	0.011671	0.0042005	4.9878e-05
158	0.98369	0.012056	0.0041975	5.1513e-05
159	0.98011	0.015647	0.0041808	6.6821e-05
160	0.97859	0.017162	0.004173	7.3272e-05
161	0.97859	0.017169	0.0041716	7.3282e-05
162	0.97519	0.020563	0.0041558	8.7726e-05
163	0.9655	0.030255	0.0041132	0.00012898
164	0.95964	0.036123	0.0040869	0.00015394
165	0.95677	0.038987	0.0040734	0.00016609
166	0.94769	0.048077	0.0040333	0.00020477
167	0.94167	0.054092	0.0040064	0.00023032
168	0.93888	0.056889	0.0039932	0.00024216
169	0.93839	0.057377	0.0039898	0.00024417
170	0.94087	0.054897	0.003999	0.00023356
171	0.92505	0.070721	0.0039304	0.00030083
172	0.91381	0.081957	0.0038813	0.00034852
173	0.90737	0.088405	0.0038526	0.00037584
174	0.90481	0.090965	0.0038405	0.00038664
175	0.90495	0.090823	0.0038398	0.00038595
176	0.89782	0.097954	0.0038082	0.00041615
177	0.89388	0.1019	0.0037902	0.0004328
178	0.89281	0.10297	0.0037844	0.0004372
179	0.89455	0.10123	0.0037906	0.00042969
180	0.89927	0.096512	0.0038094	0.00040954
181	0.90846	0.08732	0.0038471	0.00037045
182	0.92342	0.072367	0.0039092	0.00030701
183	0.944	0.051786	0.0039951	0.00021974
184	0.95229	0.043494	0.0040289	0.00018458
185	0.95391	0.041881	0.0040344	0.00017771
186	0.95035	0.045437	0.0040181	0.00019272
187	0.9395	0.056295	0.0039708	0.00023867
188	0.93217	0.063625	0.0039384	0.00026963
189	0.92843	0.067365	0.0039213	0.0002854
190	0.92723	0.06856	0.003915	0.00029038
191	0.92907	0.066726	0.0039215	0.00028257
192	0.93351	0.062291	0.0039389	0.00026376
193	0.88597	0.10983	0.0037367	0.00046464
194	0.85321	0.14259	0.003597	0.000603
195	0.83105	0.16476	0.0035022	0.00069651
196	0.77922	0.21658	0.0032819	0.0009154
197	0.74057	0.25524	0.0031176	0.0010784
198	0.71205	0.28376	0.0029961	0.0011985
199	0.69143	0.30437	0.0029082	0.0012851
200	0.67858	0.31723	0.002853	0.001339
201	0.67058	0.32523	0.0028184	0.0013723
202	0.64305	0.35276	0.0027014	0.001488
203	0.62314	0.37267	0.0026166	0.0015714
204	0.60945	0.38637	0.0025581	0.0016286
205	0.60081	0.39501	0.002521	0.0016644
206	0.59664	0.39917	0.0025027	0.0016814
207	0.59796	0.39785	0.0025074	0.0016754
208	0.58498	0.41084	0.0024521	0.0017294
209	0.57696	0.41886	0.0024176	0.0017625
210	0.54701	0.44881	0.0022913	0.0018876
211	0.52531	0.47051	0.0021996	0.001978
212	0.51016	0.48567	0.0021355	0.0020409
213	0.50036	0.49547	0.0020939	0.0020812
214	0.46843	0.5274	0.0019596	0.0022142
215	0.39347	0.60235	0.0016452	0.0025273
216	0.33698	0.65885	0.0014083	0.0027629
217	0.29453	0.7013	0.0012304	0.0029395
218	0.26585	0.72998	0.0011102	0.0030585
219	0.24462	0.75122	0.0010212	0.0031463
220	0.22923	0.76661	0.00095663	0.0032096
221	0.18455	0.81129	0.00076982	0.0033951
222	0.15401	0.84182	0.00064209	0.0035216
223	0.13112	0.86472	0.00054637	0.003616
224	0.11581	0.88002	0.00048236	0.0036788
225	0.10467	0.89117	0.00043575	0.0037241
226	0.096816	0.89903	0.0004029	0.0037557
227	0.092384	0.90346	0.00038431	0.003773
228	0.090956	0.90489	0.00037824	0.0037778
229	0.092333	0.90351	0.00038383	0.003771
230	0.095784	0.90006	0.00039807	0.0037554
231	0.10162	0.89423	0.00042223	0.00373
232	0.11128	0.88457	0.00046228	0.0036887
233	0.12462	0.87123	0.00051766	0.0036321
234	0.14276	0.85309	0.00059297	0.0035555
235	0.14657	0.84928	0.00060867	0.0035385
236	0.15452	0.84133	0.00064155	0.0035044
237	0.16612	0.82974	0.00068958	0.0034551
238	0.1487	0.84716	0.00061695	0.0035265
239	0.13597	0.85989	0.0005639	0.0035783
240	0.12803	0.86783	0.00053073	0.0036102
241	0.12404	0.87182	0.00051396	0.0036257
242	0.12248	0.87338	0.00050734	0.0036311
243	0.1233	0.87256	0.00051056	0.0036266
244	0.12654	0.86932	0.00052386	0.0036121
245	0.13337	0.8625	0.000552	0.0035827
246	0.14345	0.85241	0.00059365	0.0035398
247	0.15903	0.83683	0.00065802	0.0034742
248	0.1801	0.81577	0.00074513	0.0033858
249	0.20839	0.78748	0.00086215	0.0032676
250	0.24926	0.74661	0.0010312	0.0030973
251	0.30325	0.69262	0.0012545	0.0028728
252	0.37478	0.6211	0.0015504	0.0025756
253	0.40513	0.59075	0.0016756	0.0024492
254	0.44582	0.55006	0.0018435	0.00228
255	0.49993	0.49594	0.0020671	0.0020552
256	0.51945	0.47642	0.0021472	0.0019738
257	0.54649	0.44939	0.0022585	0.0018614
258	0.58308	0.4128	0.0024093	0.0017093
259	0.63223	0.36365	0.0026121	0.0015053
260	0.6978	0.29808	0.0028828	0.0012334
261	0.79349	0.20239	0.0032779	0.00083708
262	0.83194	0.16394	0.0034359	0.00067785
263	0.84685	0.14904	0.0034965	0.00061607
264	0.87006	0.12583	0.0035913	0.00052006
265	0.90147	0.094422	0.0037199	0.00039018
266	0.91461	0.081284	0.003773	0.00033585
267	0.933	0.062892	0.0038478	0.00025983
268	0.93912	0.056778	0.0038719	0.00023451
269	0.93888	0.057014	0.0038698	0.00023542
270	0.94095	0.054944	0.0038772	0.0002268
271	0.94546	0.05044	0.0038946	0.00020814
272	0.95278	0.04312	0.0039237	0.00017786
273	0.96466	0.031236	0.0039716	0.0001288
274	0.96877	0.027132	0.0039874	0.00011183
275	0.97589	0.020015	0.0040155	8.2462e-05
276	0.98692	0.0089782	0.0040598	3.6987e-05
277	0.99139	0.0045156	0.004077	1.8595e-05
278	0.9907	0.0052087	0.0040729	2.1437e-05
279	0.99103	0.0048778	0.0040731	2.0064e-05
280	0.99006	0.0058526	0.0040679	2.4063e-05
281	0.99014	0.0057691	0.004067	2.3708e-05
282	0.98851	0.0073964	0.0040592	3.0382e-05
283	0.98806	0.0078471	0.0040561	3.2218e-05
284	0.98563	0.010282	0.0040449	4.2201e-05
285	0.98458	0.011333	0.0040394	4.6494e-05
286	0.98046	0.015455	0.0040214	6.3382e-05
287	0.97844	0.017473	0.0040119	7.1638e-05
288	0.97827	0.017643	0.00401	7.2322e-05
289	0.97993	0.015987	0.0040155	6.553e-05
290	0.98325	0.012673	0.0040279	5.1941e-05
291	0.98845	0.0074674	0.004048	3.0604e-05
292	0.98142	0.014507	0.004018	5.9446e-05
293	0.97714	0.018779	0.0039993	7.6944e-05
294	0.97472	0.021208	0.0039881	8.6874e-05
295	0.96687	0.029057	0.0039548	0.000119
296	0.96166	0.034265	0.0039323	0.00014029
297	0.95873	0.037199	0.0039191	0.00015225
298	0.95837	0.037563	0.0039164	0.0001537
299	0.95998	0.035955	0.0039218	0.00014708
300	0.96366	0.032275	0.0039357	0.00013199
301	0.95346	0.042473	0.0038929	0.00017358
302	0.94723	0.048702	0.0038664	0.00019896
303	0.94359	0.052343	0.0038504	0.00021375
304	0.94292	0.053022	0.0038465	0.00021645
305	0.94444	0.051497	0.0038516	0.00021015
306	0.94903	0.046907	0.0038692	0.00019136
307	0.9479	0.048041	0.0038634	0.00019593
308	0.94892	0.047026	0.0038664	0.00019173
309	0.9527	0.043241	0.0038807	0.00017625
310	0.95906	0.03688	0.0039055	0.00015028
311	0.96845	0.027493	0.0039426	0.00011197
312	0.98299	0.012959	0.0040006	5.2752e-05
313	0.98371	0.012243	0.0040024	4.9818e-05
314	0.98613	0.009823	0.004011	3.9964e-05
315	0.99016	0.0057932	0.0040262	2.3561e-05
316	0.9915	0.0044505	0.0040305	1.8088e-05
317	0.99146	0.0044914	0.0040292	1.8245e-05
318	0.98991	0.0060391	0.0040217	2.4526e-05
319	0.98594	0.010015	0.0040043	4.0667e-05
320	0.98357	0.012385	0.0039935	5.0275e-05
321	0.98296	0.012998	0.0039898	5.2749e-05
322	0.98369	0.012272	0.0039916	4.9781e-05
323	0.98204	0.013917	0.0039837	5.6437e-05
324	0.98182	0.014142	0.0039816	5.7328e-05
325	0.98328	0.012687	0.0039863	5.1409e-05
326	0.9866	0.0093657	0.0039986	3.7938e-05
327	0.99231	0.0036528	0.0040205	1.4798e-05
328	0.98945	0.0065136	0.0040077	2.6384e-05
329	0.98791	0.0080613	0.0040002	3.264e-05
330	0.98757	0.0084016	0.0039977	3.4e-05
331	0.98862	0.0073478	0.0040007	2.9722e-05
332	0.99121	0.0047656	0.00401	1.9268e-05
333	0.99572	0.00024758	0.004027	9.9996e-07
334	0.99501	0.00096089	0.0040229	3.882e-06
335	0.99508	0.00089526	0.0040219	3.6159e-06
336	0.99595	2.414e-05	0.0040242	9.7474e-08
337	0.9958	0.00017582	0.0040223	7.1062e-07
338	0.99181	0.0041649	0.004005	1.6822e-05
339	0.9896	0.0063831	0.0039948	2.5779e-05
340	0.9886	0.0073814	0.0039895	2.98e-05
341	0.98898	0.0070028	0.0039898	2.8267e-05
342	0.99052	0.0054607	0.0039948	2.2038e-05
343	0.9872	0.008782	0.0039801	3.5434e-05
344	0.98534	0.010645	0.0039714	4.2933e-05
345	0.98505	0.01094	0.0039689	4.4114e-05
346	0.98199	0.013999	0.0039554	5.6444e-05
347	0.9805	0.015485	0.0039481	6.2418e-05
348	0.98048	0.015514	0.0039468	6.2515e-05
349	0.9819	0.014088	0.0039513	5.6747e-05
350	0.98533	0.010668	0.0039639	4.2966e-05
351	0.99064	0.005352	0.003984	2.1554e-05
352	0.98535	0.010646	0.0039615	4.2849e-05
353	0.98195	0.014049	0.0039466	5.6517e-05
354	0.98054	0.015462	0.0039397	6.2188e-05
355	0.98058	0.015423	0.0039387	6.2011e-05
356	0.98206	0.013945	0.0039434	5.6048e-05
357	0.98509	0.010916	0.0039544	4.3851e-05
358	0.99036	0.0056442	0.0039743	2.2662e-05
359	0.99231	0.0036912	0.003981	1.4816e-05
360	0.99274	0.0032628	0.0039815	1.3089e-05
361	0.99215	0.0038588	0.0039779	1.5473e-05
362	0.99249	0.0035205	0.003978	1.4108e-05
363	0.99162	0.0043866	0.0039733	1.7571e-05
364	0.99192	0.0040873	0.0039733	1.6367e-05
365	0.98644	0.0095713	0.0039501	3.8308e-05
366	0.98322	0.012793	0.003936	5.119e-05
367	0.98191	0.014103	0.0039295	5.6418e-05
368	0.98201	0.014006	0.0039287	5.6012e-05
369	0.98387	0.012146	0.0039349	4.8558e-05
370	0.98776	0.0082618	0.0039492	3.3027e-05
371	0.98883	0.0071889	0.0039523	2.873e-05
372	0.98814	0.007884	0.0039482	3.1504e-05
373	0.98859	0.0074351	0.0039488	2.9701e-05
374	0.99045	0.0055687	0.003955	2.2244e-05
375	0.99367	0.0023573	0.0039666	9.4165e-06
376	0.99501	0.0010169	0.0039707	4.0613e-06
377	0.9956	0.00043064	0.0039718	1.7185e-06
378	0.99593	9.6142e-05	0.0039719	3.8343e-07
379	0.99597	6.0398e-05	0.0039709	2.4103e-07
380	0.99512	0.00090878	0.0039662	3.6246e-06
381	0.99499	0.0010406	0.0039645	4.1486e-06
382	0.99445	0.0015793	0.0039611	6.2957e-06
383	0.9931	0.0029343	0.0039545	1.1698e-05
384	0.98968	0.0063565	0.0039396	2.5331e-05
385	0.98792	0.0081164	0.0039314	3.2341e-05
386	0.98739	0.0086464	0.003928	3.4446e-05
387	0.98805	0.007988	0.0039295	3.1816e-05
388	0.98995	0.0060894	0.0039358	2.4249e-05
389	0.99322	0.002819	0.0039476	1.1224e-05
390	0.99451	0.0015288	0.0039516	6.0844e-06
391	0.98996	0.0060802	0.0039323	2.4169e-05
392	0.98705	0.008991	0.0039196	3.5719e-05
393	0.9858	0.010244	0.0039134	4.0686e-05
394	0.98582	0.010227	0.0039123	4.06e-05
395	0.98736	0.0086922	0.0039172	3.45e-05
396	0.99028	0.0057661	0.0039276	2.2877e-05
397	0.99126	0.0047917	0.0039303	1.9007e-05
398	0.99077	0.0052774	0.0039272	2.0931e-05
399	0.99131	0.0047467	0.0039281	1.8821e-05
400	0.9904	0.0056578	0.0039233	2.2423e-05
401	0.99054	0.0055134	0.0039227	2.1839e-05
402	0.99198	0.0040742	0.0039272	1.6131e-05
403	0.99492	0.0011391	0.0039376	4.5096e-06
404	0.99491	0.0011468	0.0039364	4.5378e-06
405	0.99447	0.0015886	0.0039335	6.2848e-06
406	0.99332	0.0027387	0.0039277	1.0835e-05
407	0.99308	0.0029854	0.0039255	1.1808e-05
408	0.99371	0.0023553	0.0039268	9.3115e-06
409	0.99358	0.0024851	0.0039251	9.8225e-06
410	0.99241	0.0036557	0.0039193	1.4442e-05
411	0.9922	0.0038632	0.0039173	1.5252e-05
412	0.99076	0.005313	0.0039104	2.0968e-05
413	0.99059	0.0054797	0.0039086	2.162e-05
414	0.99168	0.0043866	0.0039117	1.7307e-05
415	0.99391	0.0021636	0.0039193	8.5362e-06
416	0.99475	0.0013215	0.0039214	5.2125e-06
417	0.99502	0.0010559	0.0039213	4.1656e-06
418	0.98722	0.0088584	0.0038893	3.4924e-05
419	0.98228	0.013796	0.0038687	5.4381e-05
420	0.97923	0.01685	0.0038555	6.6399e-05
421	0.97034	0.025737	0.0038193	0.00010136
422	0.96427	0.031811	0.0037943	0.00012523
423	0.96055	0.035534	0.0037786	0.00013981
424	0.95935	0.036728	0.0037727	0.00014446
425	0.96054	0.035544	0.0037763	0.00013976
426	0.96436	0.031724	0.0037901	0.0001247
427	0.97059	0.025498	0.0038135	0.0001002
428	0.9805	0.015586	0.0038513	6.1239e-05
429	0.99425	0.0018354	0.0039041	7.2081e-06
430	0.99246	0.0036314	0.0038959	1.4257e-05
431	0.98802	0.0080752	0.0038773	3.1687e-05
432	0.98524	0.010853	0.0038652	4.2566e-05
433	0.98389	0.012199	0.0038588	4.7814e-05
434	0.98414	0.011951	0.0038587	4.682e-05
435	0.98602	0.010079	0.0038648	3.9465e-05
436	0.98058	0.015519	0.0038424	6.0754e-05
437	0.97753	0.018564	0.0038293	7.2663e-05
438	0.97657	0.019534	0.0038243	7.6445e-05
439	0.97715	0.018948	0.0038254	7.4127e-05
440	0.97969	0.016411	0.0038342	6.4183e-05
441	0.9845	0.0116	0.0038518	4.5361e-05
442	0.98214	0.013962	0.0038413	5.4597e-05
443	0.98127	0.014838	0.0038367	5.8012e-05
444	0.98179	0.014314	0.0038376	5.5943e-05
445	0.98415	0.011958	0.0038456	4.6726e-05
446	0.98819	0.0079225	0.0038602	3.0947e-05
447	0.99484	0.001273	0.003885	4.9783e-06
448	0.99187	0.0042449	0.0038722	1.6594e-05
449	0.99037	0.0057462	0.0038651	2.2463e-05
450	0.98996	0.0061536	0.0038623	2.4053e-05
451	0.98753	0.0085873	0.0038516	3.3551e-05
452	0.98641	0.0097052	0.0038461	3.7904e-05
453	0.98654	0.0095794	0.0038454	3.7399e-05
454	0.9879	0.0082136	0.0038496	3.2055e-05
455	0.99062	0.0055043	0.0038591	2.1469e-05
456	0.99534	0.00077835	0.0038763	3.0349e-06
457	0.98507	0.011056	0.0038351	4.3064e-05
458	0.97775	0.018376	0.0038055	7.1538e-05
459	0.97286	0.023264	0.0037854	9.0524e-05
460	0.96078	0.035349	0.0037372	0.00013749
461	0.95307	0.043058	0.0037061	0.00016744
462	0.94888	0.047251	0.0036887	0.0001837
463	0.79684	0.19928	0.0030967	0.00077457
464	0.6905	0.30563	0.0026824	0.0011877
465	0.61031	0.38582	0.0023701	0.0014988
466	0.5555	0.44063	0.0021565	0.0017112
467	0.51456	0.48157	0.0019969	0.0018696
468	0.48728	0.50886	0.0018904	0.001975
469	0.46984	0.5263	0.0018221	0.0020421
470	0.45803	0.53811	0.0017757	0.0020873
471	0.45225	0.54389	0.0017527	0.0021091
472	0.45176	0.54438	0.0017502	0.0021104
473	0.43593	0.56021	0.0016883	0.0021712
474	0.42549	0.57066	0.0016473	0.002211
475	0.4208	0.57534	0.0016287	0.0022285
476	0.34026	0.65588	0.0013161	0.0025398
477	0.27945	0.71669	0.0010803	0.0027744
478	0.23711	0.75903	0.00091607	0.0029375
479	0.20519	0.79096	0.00079228	0.0030601
480	0.18126	0.81489	0.00069952	0.0031517
481	0.16359	0.83256	0.00063108	0.003219
482	0.15082	0.84533	0.00058159	0.0032673
483	0.14193	0.85422	0.00054713	0.0033006
484	0.13618	0.85998	0.00052482	0.0033218
485	0.13414	0.86201	0.00051683	0.0033286
486	0.1194	0.87675	0.00045991	0.0033843
487	0.10979	0.88637	0.00042274	0.0034204
488	0.10425	0.89191	0.00040128	0.0034406
489	0.10115	0.89501	0.00038922	0.0034515
490	0.087915	0.90825	0.00033816	0.0035014
491	0.078189	0.91797	0.00030064	0.0035378
492	0.071278	0.92488	0.00027399	0.0035633
493	0.067299	0.92887	0.00025861	0.0035775
494	0.06587	0.9303	0.00025304	0.0035819
495	0.066792	0.92937	0.00025649	0.0035773
496	0.06004	0.93613	0.00023046	0.0036021
497	0.056162	0.94001	0.00021547	0.003616
498	0.053934	0.94224	0.00020685	0.0036234
499	0.053727	0.94244	0.00020597	0.0036231
500	0.055514	0.94066	0.00021273	0.0036152
501	0.058926	0.93725	0.00022574	0.003601
502	0.064925	0.93125	0.00024863	0.0035769
503	0.073336	0.92284	0.00028077	0.0035436
504	0.085963	0.91021	0.00032901	0.0034942
505	0.10291	0.89327	0.00039379	0.0034282
506	0.12551	0.87067	0.00048019	0.0033407
507	0.13221	0.86397	0.00050571	0.003314
508	0.12932	0.86687	0.00049448	0.003324
509	0.12965	0.86653	0.00049559	0.0033218
510	0.13241	0.86378	0.000506	0.0033102
511	0.1378	0.85839	0.00052649	0.0032885
512	0.14629	0.8499	0.00055886	0.003255
513	0.16011	0.83608	0.00061158	0.0032011
514	0.17897	0.81722	0.00068356	0.003128
515	0.2043	0.79189	0.00078028	0.0030301
516	0.24168	0.75451	0.00092299	0.0028863
517	0.23817	0.75802	0.00090931	0.0028988
518	0.23893	0.75727	0.00091191	0.002895
519	0.24428	0.75192	0.00093202	0.0028737
520	0.21128	0.78492	0.00080573	0.0029989
521	0.18867	0.80753	0.00071913	0.0030843
522	0.17198	0.82422	0.00065523	0.003147
523	0.15996	0.83624	0.00060918	0.0031919
524	0.15168	0.84452	0.00057747	0.0032225
525	0.14658	0.84962	0.00055788	0.0032409
526	0.12896	0.86725	0.0004906	0.003307
527	0.11749	0.87872	0.00044677	0.0033497
528	0.10946	0.88675	0.00041607	0.0033792
529	0.084726	0.91148	0.00032191	0.0034722
530	0.06595	0.93026	0.00025047	0.0035425
531	0.052941	0.94327	0.00020096	0.0035909
532	0.04318	0.95303	0.00016383	0.0036269
533	0.03659	0.95962	0.00013876	0.0036508
534	0.031766	0.96445	0.00012041	0.003668
535	0.028919	0.96729	0.00010957	0.0036777
536	0.027154	0.96906	0.00010284	0.0036832
537	0.026337	0.96988	9.9721e-05	0.0036852
538	0.026406	0.96981	9.9965e-05	0.0036838
539	0.027365	0.96885	0.00010359	0.003679
540	0.029312	0.96691	0.00011097	0.0036705
541	0.025924	0.9703	9.813e-05	0.0036822
542	0.024113	0.97211	9.1261e-05	0.003688
543	0.023551	0.97267	8.9116e-05	0.003689
544	0.018197	0.97803	6.8823e-05	0.0037081
545	0.014125	0.9821	5.3399e-05	0.0037224
546	0.011015	0.98521	4.1629e-05	0.003733
547	0.0086238	0.9876	3.2586e-05	0.0037409
548	0.0070534	0.98917	2.6645e-05	0.0037457
549	0.0060847	0.99014	2.2975e-05	0.0037482
550	0.0053656	0.99086	2.0253e-05	0.0037498
551	0.0048398	0.99139	1.8264e-05	0.0037507
552	0.0046567	0.99158	1.7566e-05	0.0037502
553	0.0045935	0.99164	1.7322e-05	0.0037493
554	0.0046543	0.99158	1.7548e-05	0.003748
555	0.0048437	0.99139	1.826e-05	0.0037461
556	0.0051766	0.99106	1.9515e-05	0.0037437
557	0.0056792	0.99056	2.1412e-05	0.0037407
558	0.0063907	0.98985	2.4099e-05	0.0037369
559	0.0073553	0.98888	2.7743e-05	0.0037321
560	0.00894	0.9873	3.3722e-05	0.003725
561	0.011303	0.98494	4.2627e-05	0.003715
562	0.014744	0.9815	5.5589e-05	0.0037009
563	0.019213	0.97703	7.2424e-05	0.003683
564	0.025786	0.97046	9.7169e-05	0.0036571
565	0.020425	0.97582	7.6958e-05	0.0036762
566	0.016809	0.97944	6.3318e-05	0.0036887
567	0.014139	0.98211	5.3252e-05	0.0036976
568	0.012496	0.98375	4.7056e-05	0.0037027
569	0.011727	0.98452	4.4149e-05	0.0037044
570	0.011726	0.98453	4.4125e-05	0.0037033
571	0.01249	0.98376	4.698e-05	0.0036993
572	0.0096617	0.98659	3.6328e-05	0.0037088
573	0.0077285	0.98853	2.9044e-05	0.003715
574	0.0062276	0.99003	2.3394e-05	0.0037195
575	0.005231	0.99103	1.9639e-05	0.0037221
576	0.0044352	0.99182	1.6644e-05	0.0037239
577	0.0039738	0.99229	1.4903e-05	0.0037245
578	0.0036095	0.99265	1.3529e-05	0.0037247
579	0.0033137	0.99295	1.2416e-05	0.0037247
580	0.0032212	0.99304	1.2062e-05	0.0037239
581	0.003162	0.9931	1.1834e-05	0.003723
582	0.003124	0.99314	1.1688e-05	0.003722
583	0.0031116	0.99316	1.1639e-05	0.0037209
584	0.0032795	0.99299	1.2261e-05	0.0037192
585	0.0034795	0.99279	1.3004e-05	0.0037173
586	0.0037269	0.99254	1.3925e-05	0.0037152
587	0.0040404	0.99223	1.5094e-05	0.0037129
588	0.0046391	0.99163	1.7324e-05	0.0037096
589	0.0053949	0.99088	2.0143e-05	0.0037056
590	0.0063562	0.98992	2.3729e-05	0.0037009
591	0.0075958	0.98868	2.8356e-05	0.0036952
592	0.0092079	0.98707	3.4377e-05	0.003688
593	0.011618	0.98466	4.3368e-05	0.0036779
594	0.015214	0.98107	5.6775e-05	0.0036634
595	0.019883	0.9764	7.4188e-05	0.0036448
596	0.02598	0.9703	9.6929e-05	0.003621
597	0.034008	0.96227	0.00012688	0.0035899
598	0.04555	0.95073	0.00016991	0.0035457
599	0.048926	0.94736	0.00018245	0.0035321
600	0.046616	0.94967	0.00017378	0.0035396
601	0.046279	0.95001	0.00017245	0.0035398
602	0.03956	0.95673	0.00014733	0.0035638
603	0.034667	0.96162	0.00012905	0.0035809
604	0.031829	0.96446	0.00011842	0.0035904
605	0.030648	0.96564	0.00011396	0.0035937
606	0.030487	0.96581	0.0001133	0.0035932
607	0.031731	0.96456	0.00011786	0.0035875
608	0.034066	0.96223	0.00012647	0.0035778
609	0.037696	0.9586	0.0001399	0.0035632
610	0.042906	0.95339	0.00015919	0.0035428
611	0.042401	0.9539	0.00015725	0.0035436
612	0.043127	0.95317	0.00015989	0.0035398
613	0.045662	0.95064	0.00016922	0.0035293
614	0.04971	0.94659	0.00018417	0.0035132
615	0.055579	0.94072	0.00020587	0.0034904
616	0.04349	0.95281	0.00016102	0.0035341
617	0.034373	0.96193	0.00012722	0.0035668
618	0.02828	0.96803	0.00010463	0.0035882
619	0.023774	0.97253	8.7931e-05	0.0036038
620	0.020908	0.9754	7.73e-05	0.0036133
621	0.019317	0.97699	7.1386e-05	0.0036181
622	0.018468	0.97784	6.8225e-05	0.0036201
623	0.018314	0.978	6.7641e-05	0.0036196
624	0.019153	0.97716	7.0721e-05	0.0036153
625	0.021093	0.97522	7.7855e-05	0.0036071
626	0.023946	0.97237	8.8366e-05	0.0035954
627	0.027929	0.96839	0.00010305	0.0035796
628	0.034097	0.96222	0.00012578	0.0035557
629	0.042343	0.95398	0.00015618	0.0035242
630	0.054313	0.94201	0.00020028	0.003479
631	0.071531	0.92479	0.00026368	0.0034144
632	0.076606	0.91972	0.0002823	0.0033947
633	0.0841	0.91222	0.00030984	0.003366
634	0.083153	0.91317	0.00030627	0.0033684
635	0.084743	0.91158	0.00031203	0.0033615
636	0.089073	0.90725	0.00032787	0.0033445
637	0.096887	0.89944	0.00035651	0.0033148
638	0.10784	0.88849	0.0003967	0.0032734
639	0.12285	0.87348	0.00045181	0.0032172
640	0.14527	0.85106	0.00053413	0.0031337
641	0.17501	0.82132	0.00064337	0.0030233
642	0.21452	0.78182	0.00078848	0.0028771
643	0.22762	0.76871	0.00083647	0.002828
644	0.24779	0.74855	0.00091037	0.0027529
645	0.27813	0.7182	0.0010216	0.0026406
646	0.3229	0.67344	0.0011856	0.0024754
647	0.3821	0.61424	0.0014027	0.0022572
648	0.46838	0.52796	0.0017188	0.0019399
649	0.47451	0.52183	0.0017408	0.0019168
650	0.48676	0.50958	0.0017851	0.0018713
651	0.50476	0.49159	0.0018506	0.0018047
652	0.52999	0.46636	0.0019425	0.0017116
653	0.5674	0.42895	0.0020791	0.0015739
654	0.61737	0.37897	0.0022617	0.0013902
655	0.6358	0.36055	0.0023285	0.0013222
656	0.66392	0.33243	0.0024309	0.0012187
657	0.70193	0.29442	0.0025694	0.0010791
658	0.75807	0.23828	0.0027742	0.0008731
659	0.83282	0.16354	0.0030471	0.00059905
660	0.93158	0.064775	0.003408	0.00023706
661	0.93225	0.064108	0.0034094	0.00023452
662	0.93598	0.060377	0.003422	0.00022079
663	0.94325	0.053107	0.0034475	0.00019414
664	0.95395	0.042412	0.0034855	0.00015497
665	0.9705	0.025857	0.0035449	9.4443e-05
666	0.9775	0.018864	0.0035693	6.8879e-05
667	0.98746	0.0089014	0.0036046	3.2478e-05
668	0.98771	0.008659	0.0036043	3.1581e-05
669	0.98574	0.010621	0.003596	3.8718e-05
670	0.98536	0.011005	0.0035935	4.0101e-05
671	0.98651	0.0098601	0.0035965	3.5915e-05
672	0.98939	0.0069744	0.0036058	2.5395e-05
673	0.99016	0.006214	0.0036074	2.2622e-05
674	0.98944	0.0069352	0.0036036	2.5249e-05
675	0.98983	0.0065436	0.0036039	2.3818e-05
676	0.99162	0.0047494	0.0036092	1.7288e-05
677	0.99179	0.0045832	0.0036086	1.6681e-05
678	0.99047	0.0059056	0.0036026	2.1486e-05
679	0.99046	0.0059202	0.0036014	2.1535e-05
680	0.99151	0.0048684	0.0036041	1.7704e-05
681	0.994	0.0023827	0.0036119	8.6681e-06
682	0.99316	0.0032188	0.0036077	1.1707e-05
683	0.99324	0.0031451	0.0036068	1.1435e-05
684	0.99423	0.0021559	0.0036092	7.8368e-06
685	0.99218	0.0042015	0.0036006	1.5257e-05
686	0.98748	0.0089064	0.0035824	3.2329e-05
687	0.98489	0.011495	0.0035719	4.1718e-05
688	0.98373	0.012657	0.0035665	4.5921e-05
689	0.97947	0.016917	0.0035499	6.1362e-05
690	0.97704	0.019352	0.0035399	7.0168e-05
691	0.97624	0.020152	0.0035359	7.3037e-05
692	0.97741	0.018987	0.003539	6.8796e-05
693	0.98022	0.016175	0.003548	5.8586e-05
694	0.98538	0.011018	0.0035655	3.9902e-05
695	0.99287	0.0035224	0.0035915	1.2756e-05
696	0.99634	5.5022e-05	0.0036029	1.993e-07
697	0.99636	4.1256e-05	0.0036018	1.4936e-07
698	0.99569	0.00071267	0.0035983	2.5781e-06
699	0.99445	0.0019551	0.0035926	7.0734e-06
700	0.99152	0.0048809	0.0035809	1.7651e-05
701	0.98494	0.011463	0.003556	4.1448e-05
702	0.98103	0.01537	0.0035407	5.5571e-05
703	0.97884	0.017561	0.0035317	6.348e-05
704	0.9782	0.018203	0.0035282	6.5784e-05
705	0.97906	0.017345	0.0035302	6.2666e-05
706	0.98151	0.014901	0.0035379	5.3824e-05
707	0.98571	0.010703	0.003552	3.8656e-05
708	0.99198	0.0044339	0.0035735	1.6014e-05
709	0.9533	0.043115	0.003433	0.00015545
710	0.92665	0.069764	0.0033358	0.00025148
711	0.90708	0.089334	0.0032643	0.0003219
712	0.89428	0.10214	0.0032171	0.00036793
713	0.88568	0.11074	0.0031851	0.00039878
714	0.88141	0.11501	0.0031688	0.00041404
715	0.88109	0.11533	0.0031665	0.00041513
716	0.88369	0.11273	0.0031749	0.00040565
717	0.8779	0.11852	0.0031531	0.00042635
718	0.8753	0.12113	0.0031427	0.00043559
719	0.87645	0.11997	0.0031459	0.00043132
720	0.8817	0.11473	0.0031637	0.00041237
721	0.89054	0.10589	0.0031944	0.00038053
722	0.90366	0.092765	0.0032405	0.0003333
723	0.9221	0.074326	0.0033057	0.000267
724	0.92921	0.067217	0.0033302	0.00024141
725	0.93984	0.056587	0.0033673	0.0002032
726	0.9548	0.041629	0.00342	0.00014946
727	0.96006	0.036372	0.0034378	0.00013054
728	0.96887	0.027561	0.0034683	9.8899e-05
729	0.98126	0.015172	0.0035117	5.4437e-05
730	0.98109	0.015346	0.00351	5.5027e-05
731	0.97802	0.018419	0.0034979	6.6002e-05
732	0.97663	0.019809	0.0034919	7.094e-05
733	0.97681	0.019623	0.0034915	7.0237e-05
734	0.97901	0.017434	0.0034983	6.2372e-05
735	0.98299	0.013453	0.0035115	4.81e-05
736	0.98401	0.012434	0.0035141	4.4433e-05
737	0.98686	0.0095806	0.0035232	3.4221e-05
738	0.99195	0.0044941	0.0035403	1.6048e-05
739	0.98782	0.0086209	0.0035245	3.0761e-05
740	0.9856	0.010844	0.0035155	3.868e-05
741	0.98505	0.011394	0.0035124	4.0633e-05
742	0.98197	0.014482	0.0035003	5.1641e-05
743	0.98047	0.01598	0.0034938	5.6966e-05
744	0.97486	0.021595	0.0034727	7.6949e-05
745	0.96161	0.034846	0.0034244	0.00012413
746	0.95321	0.043244	0.0033934	0.00015401
747	0.94775	0.048706	0.0033729	0.00017341
748	0.94544	0.051014	0.0033636	0.00018158
749	0.94536	0.051094	0.0033623	0.00018181
750	0.94815	0.048311	0.0033711	0.00017186
751	0.95337	0.04309	0.0033886	0.00015325
752	0.96225	0.03421	0.0034191	0.00012165
753	0.97479	0.021667	0.0034626	7.7042e-05
754	0.99203	0.0044325	0.0035227	1.5771e-05
755	0.99119	0.0052702	0.0035187	1.8742e-05
756	0.99138	0.005085	0.0035182	1.8075e-05
757	0.99003	0.0064368	0.0035124	2.2864e-05
758	0.98979	0.006677	0.0035104	2.3702e-05
759	0.99089	0.0055782	0.0035133	1.9793e-05
760	0.99348	0.0029868	0.0035213	1.0598e-05
761	0.99442	0.0020524	0.0035236	7.281e-06
762	0.99633	0.00014404	0.0035293	5.1108e-07
763	0.99545	0.0010237	0.0035251	3.6263e-06
764	0.99538	0.0010941	0.0035237	3.8753e-06
765	0.99602	0.00045144	0.0035249	1.5993e-06
766	0.99555	0.00092037	0.0035222	3.261e-06
767	0.99144	0.0050381	0.0035065	1.784e-05
768	0.98884	0.007632	0.0034963	2.7013e-05
769	0.98784	0.0086351	0.0034917	3.0558e-05
770	0.98802	0.008454	0.0034913	2.9911e-05
771	0.98965	0.006833	0.0034959	2.4179e-05
772	0.98957	0.0069143	0.0034946	2.4463e-05
773	0.9906	0.0058838	0.0034971	2.0815e-05
774	0.99283	0.0036502	0.003504	1.2917e-05
775	0.99132	0.0051617	0.0034976	1.8259e-05
776	0.99088	0.0056051	0.003495	1.9823e-05
777	0.99147	0.0050139	0.003496	1.7732e-05
778	0.99053	0.0059541	0.0034916	2.1048e-05
779	0.98745	0.0090334	0.0034797	3.192e-05
780	0.9858	0.010686	0.0034729	3.7748e-05
781	0.981	0.015489	0.0034549	5.4694e-05
782	0.97807	0.018421	0.0034435	6.5027e-05
783	0.97719	0.019298	0.0034393	6.8119e-05
784	0.95871	0.037782	0.0033731	0.00013329
785	0.94661	0.049883	0.0033294	0.00017594
786	0.93824	0.058252	0.0032989	0.0002054
787	0.93295	0.063545	0.0032793	0.00022399
788	0.93091	0.065592	0.0032711	0.00023115
789	0.93125	0.065247	0.0032713	0.00022989
790	0.9066	0.089895	0.0031835	0.00031662
791	0.88855	0.10795	0.0031191	0.00038006
792	0.87572	0.12078	0.003073	0.00042506
793	0.86714	0.12936	0.003042	0.00045508
794	0.86216	0.13434	0.0030236	0.00047243
795	0.86045	0.13605	0.0030167	0.00047829
796	0.84938	0.14713	0.002977	0.000517
797	0.81843	0.17808	0.0028676	0.00062539
798	0.7412	0.2553	0.0025962	0.00089579
799	0.55011	0.4464	0.0019263	0.0015646
800	0.4162	0.58031	0.0014569	0.0020331
801	0.32398	0.67254	0.0011335	0.0023555
802	0.25393	0.74258	0.00088805	0.0025999
803	0.205	0.79151	0.00071655	0.0027704
804	0.16793	0.82858	0.00058669	0.0028992
805	0.1399	0.85661	0.00048858	0.0029963
806	0.12061	0.87591	0.00042101	0.0030629
807	0.10786	0.88866	0.00037632	0.0031065
808	0.099873	0.89665	0.00034827	0.0031336
809	0.095533	0.90099	0.00033297	0.0031478
810	0.093376	0.90314	0.0003253	0.0031545
811	0.081741	0.91478	0.00028459	0.0031942
812	0.074167	0.92235	0.00025804	0.0032197
813	0.069001	0.92752	0.00023993	0.0032368
814	0.065836	0.93069	0.00022881	0.0032469
815	0.064393	0.93213	0.0002237	0.003251
816	0.064562	0.93196	0.00022421	0.0032494
817	0.066389	0.93014	0.0002305	0.0032421
818	0.070662	0.92587	0.00024528	0.0032263
819	0.077135	0.91939	0.00026771	0.0032029
820	0.087494	0.90904	0.00030361	0.003166
821	0.10151	0.89502	0.00035223	0.0031163
822	0.12035	0.87618	0.00041757	0.00305
823	0.14548	0.85106	0.00050477	0.0029618
824	0.18165	0.81489	0.00063024	0.0028353
825	0.22955	0.76698	0.00079645	0.0026681
826	0.24904	0.7475	0.00086384	0.0025997
827	0.27791	0.71863	0.00096372	0.0024988
828	0.3166	0.67994	0.0010977	0.0023638
829	0.3679	0.62864	0.0012754	0.0021851
830	0.43602	0.56052	0.0015114	0.0019481
831	0.52629	0.47025	0.0018242	0.0016342
832	0.5145	0.48204	0.0017828	0.0016746
833	0.50905	0.48749	0.0017634	0.001693
834	0.50782	0.48873	0.0017587	0.0016968
835	0.51185	0.48469	0.0017722	0.0016823
836	0.52028	0.47627	0.0018009	0.0016526
837	0.53538	0.46117	0.0018526	0.0015998
838	0.55908	0.43747	0.0019342	0.0015172
839	0.59505	0.4015	0.002058	0.0013924
840	0.64318	0.35338	0.002224	0.0012254
841	0.70711	0.28944	0.0024446	0.0010037
842	0.73192	0.26464	0.0025298	0.00091759
843	0.73916	0.25739	0.0025541	0.00089224
844	0.75275	0.24381	0.0026004	0.00084497
845	0.77458	0.22198	0.0026751	0.00076926
846	0.80442	0.19213	0.0027775	0.00066583
847	0.79996	0.1966	0.0027613	0.00068107
848	0.80001	0.19655	0.0027606	0.00068073
849	0.80362	0.19294	0.0027723	0.00066806
850	0.81108	0.18548	0.0027973	0.00064208
851	0.82297	0.17359	0.0028376	0.00060078
852	0.84022	0.15634	0.0028964	0.00054094
853	0.86673	0.12983	0.0029872	0.0004492
854	0.90243	0.094139	0.0031097	0.00032573
855	0.91628	0.080287	0.0031567	0.00027776
856	0.91	0.086564	0.0031342	0.00029929
857	0.90757	0.089001	0.0031249	0.00030759
858	0.90785	0.088723	0.003125	0.00030651
859	0.9117	0.08487	0.0031374	0.00029312
860	0.91865	0.077925	0.0031605	0.00026906
861	0.92923	0.067344	0.0031961	0.00023246
862	0.94588	0.050688	0.0032527	0.00017495
863	0.96855	0.028019	0.0033299	9.6727e-05
864	0.96998	0.026594	0.0033339	9.1783e-05
865	0.97329	0.023283	0.0033444	8.034e-05
866	0.97872	0.017856	0.0033621	6.161e-05
867	0.98668	0.0099014	0.0033886	3.4176e-05
868	0.98596	0.010623	0.0033852	3.6647e-05
869	0.98674	0.0098422	0.0033869	3.3954e-05
870	0.98918	0.0073984	0.0033943	2.5551e-05
871	0.98583	0.01075	0.0033818	3.7101e-05
872	0.97713	0.019455	0.0033509	6.7077e-05
873	0.97116	0.025422	0.0033294	8.7608e-05
874	0.95467	0.041912	0.0032717	0.00014432
875	0.94381	0.052773	0.0032334	0.00018166
876	0.93641	0.060177	0.003207	0.00020709
877	0.9319	0.064687	0.0031906	0.00022254
878	0.92994	0.066645	0.003183	0.00022923
879	0.92082	0.075766	0.0031508	0.00026051
880	0.89772	0.098867	0.0030705	0.00033981
881	0.8809	0.11569	0.0030119	0.00039749
882	0.86908	0.12751	0.0029705	0.00043795
883	0.8372	0.15939	0.0028603	0.00054716
884	0.81369	0.18291	0.002779	0.00062758
885	0.79685	0.19974	0.0027206	0.00068506
886	0.78531	0.21129	0.0026803	0.00072438
887	0.77817	0.21842	0.0026552	0.00074859
888	0.77491	0.22169	0.0026434	0.00075953
889	0.77532	0.22128	0.0026441	0.0007579
890	0.77938	0.21722	0.0026573	0.00074378
891	0.7874	0.2092	0.0026841	0.00071611
892	0.80142	0.19518	0.0027314	0.00066795
893	0.82132	0.17528	0.0027987	0.00059972
894	0.82668	0.16992	0.0028164	0.0005812
895	0.82296	0.17364	0.002803	0.00059368
896	0.82268	0.17392	0.0028014	0.0005944
897	0.82672	0.16988	0.0028145	0.00058042
898	0.83559	0.16101	0.002844	0.00054998
899	0.849	0.14761	0.002889	0.00050407
900	0.86804	0.12857	0.0029533	0.00043891
901	0.89422	0.10239	0.0030419	0.0003494
902	0.93247	0.064143	0.0031716	0.00021881
903	0.98858	0.0080323	0.0033621	2.7426e-05
904	0.98689	0.0097224	0.0033555	3.3166e-05
905	0.98647	0.010142	0.0033532	3.4577e-05
906	0.98754	0.0090769	0.0033559	3.0939e-05
907	0.98647	0.010145	0.0033514	3.4558e-05
908	0.98689	0.0097279	0.003352	3.3131e-05
909	0.98858	0.0080405	0.0033568	2.7382e-05
910	0.9882	0.0084178	0.0033547	2.8653e-05
911	0.98899	0.0076261	0.0033565	2.5949e-05
912	0.99101	0.0056053	0.0033625	1.9068e-05
913	0.98811	0.0085079	0.0033518	2.8906e-05
914	0.98661	0.010014	0.0033459	3.3996e-05
915	0.98661	0.010014	0.003345	3.3983e-05
916	0.98811	0.00851	0.0033493	2.8871e-05
917	0.99101	0.005609	0.0033583	1.9021e-05
918	0.99601	0.00061434	0.0033743	2.0838e-06
919	0.99578	0.00084839	0.0033727	2.8757e-06
920	0.99621	0.0004105	0.0033733	1.3902e-06
921	0.99652	0.00010886	0.0033735	3.6827e-07
922	0.99347	0.003161	0.0033623	1.0692e-05
923	0.99185	0.0047731	0.0033559	1.6143e-05
924	0.99151	0.0051155	0.0033539	1.7299e-05
925	0.98942	0.0072075	0.0033459	2.4376e-05
926	0.98855	0.008077	0.0033421	2.731e-05
927	0.9891	0.0075317	0.003343	2.5465e-05
928	0.98796	0.0086709	0.0033383	2.9317e-05
929	0.98802	0.0086182	0.0033376	2.9136e-05
930	0.98926	0.0073694	0.0033409	2.491e-05
931	0.98877	0.0078617	0.0033383	2.6571e-05
932	0.98943	0.0072109	0.0033396	2.4368e-05
933	0.99128	0.0053544	0.003345	1.8092e-05
934	0.99142	0.0052184	0.0033446	1.7625e-05
935	0.9926	0.0040423	0.0033477	1.3645e-05
936	0.99519	0.001453	0.0033556	4.9032e-06
937	0.99293	0.0037061	0.0033471	1.25e-05
938	0.99179	0.004853	0.0033424	1.6361e-05
939	0.98871	0.0079336	0.0033311	2.674e-05
940	0.98733	0.009313	0.0033255	3.1386e-05
941	0.98718	0.0094611	0.0033241	3.1878e-05
942	0.98827	0.0083762	0.0033269	2.8213e-05
943	0.98731	0.0093406	0.0033228	3.1446e-05
944	0.98783	0.0088166	0.0033237	2.9672e-05
945	0.98992	0.0067308	0.0033298	2.2649e-05
946	0.99006	0.0065908	0.0033294	2.2176e-05
947	0.99131	0.0053401	0.0033327	1.7966e-05
948	0.99377	0.0028837	0.0033401	9.7005e-06
949	0.99464	0.0020068	0.0033421	6.7522e-06
950	0.99477	0.001885	0.0033416	6.342e-06
951	0.99571	0.00094381	0.0033439	3.1774e-06
952	0.99485	0.0018053	0.0033401	6.0737e-06
953	0.9927	0.0039566	0.003332	1.3302e-05
954	0.99165	0.0050076	0.0033276	1.6829e-05
955	0.99162	0.0050381	0.0033267	1.6925e-05
956	0.99261	0.0040503	0.0033292	1.3602e-05
957	0.98923	0.0074248	0.003317	2.4919e-05
958	0.96206	0.034594	0.003225	0.00011607
959	0.94189	0.054769	0.0031565	0.00018369
960	0.92725	0.069406	0.0031066	0.00023268
961	0.91701	0.079654	0.0030715	0.00026693
962	0.91113	0.085529	0.0030511	0.00028653
