#coord	neutral	conserved	gBGC.neutral	gBGC.conserved
1	0.76239	0.2341	0.0026898	0.00082686
2	0.76826	0.22822	0.0027091	0.00080564
3	0.77848	0.21801	0.0027438	0.00076908
4	0.79536	0.20113	0.0028018	0.0007091
5	0.82105	0.17544	0.0028908	0.0006182
6	0.8595	0.13699	0.0030243	0.00048268
7	0.91074	0.085751	0.003203	0.0003021
8	0.93323	0.063265	0.0032802	0.00022294
9	0.96366	0.032836	0.0033854	0.00011584
10	0.97549	0.02101	0.0034251	7.4175e-05
11	0.97988	0.01662	0.0034387	5.8677e-05
12	0.98655	0.0099589	0.0034604	3.5175e-05
13	0.98923	0.007276	0.0034681	2.5692e-05
14	0.99351	0.0029957	0.0034814	1.058e-05
15	0.99528	0.0012343	0.0034858	4.3559e-06
16	0.99476	0.0017556	0.0034822	6.18e-06
17	0.99501	0.0015025	0.0034814	5.2838e-06
18	0.99464	0.001871	0.0034784	6.5657e-06
19	0.99506	0.0014561	0.0034781	5.1002e-06
20	0.99644	7.3821e-05	0.0034812	2.5814e-07
21	0.99649	2.7682e-05	0.0034797	9.6915e-08
22	0.99622	0.00030531	0.003477	1.0678e-06
23	0.99582	0.00070766	0.0034739	2.4722e-06
24	0.99607	0.00045556	0.0034731	1.5891e-06
25	0.99617	0.00035257	0.0034718	1.2297e-06
26	0.9962	0.00033207	0.0034702	1.1559e-06
27	0.99521	0.0013238	0.0034651	4.6071e-06
28	0.9951	0.0014332	0.003463	4.9892e-06
29	0.99574	0.00078886	0.0034636	2.7436e-06
30	0.99603	0.00050364	0.0034629	1.7521e-06
31	0.99512	0.0014156	0.003458	4.9299e-06
32	0.99301	0.0035302	0.003449	1.2283e-05
33	0.99187	0.004672	0.0034434	1.6239e-05
34	0.99164	0.0049007	0.003441	1.7013e-05
35	0.99245	0.004095	0.0034422	1.4205e-05
36	0.99189	0.0046573	0.0034386	1.615e-05
37	0.99234	0.0042054	0.0034385	1.4586e-05
38	0.9937	0.0028511	0.0034416	9.8884e-06
39	0.99385	0.0026981	0.0034405	9.3624e-06
40	0.99481	0.0017431	0.0034422	6.0533e-06
41	0.99492	0.0016286	0.003441	5.6551e-06
42	0.99432	0.002239	0.0034373	7.7649e-06
43	0.99446	0.0020952	0.0034362	7.2586e-06
44	0.99381	0.0027458	0.0034324	9.5075e-06
45	0.99403	0.0025291	0.0034316	8.7513e-06
46	0.99513	0.0014281	0.0034339	4.9346e-06
47	0.99555	0.0010126	0.0034338	3.4955e-06
48	0.9956	0.00096172	0.0034325	3.3204e-06
49	0.99637	0.00019776	0.0034336	6.8275e-07
50	0.99638	0.00018665	0.0034321	6.4263e-07
51	0.99649	7.5319e-05	0.003431	2.5888e-07
52	0.99642	0.00015207	0.0034292	5.2249e-07
53	0.99561	0.0009612	0.0034249	3.2955e-06
54	0.99407	0.0025064	0.0034181	8.5922e-06
55	0.99362	0.0029578	0.0034151	1.0136e-05
56	0.9942	0.0023784	0.0034155	8.1457e-06
57	0.99387	0.0027051	0.0034129	9.2551e-06
58	0.99254	0.0040412	0.0034068	1.3823e-05
59	0.98036	0.016225	0.0033635	5.5552e-05
60	0.97252	0.024067	0.003335	8.2404e-05
61	0.96729	0.029296	0.0033156	0.00010025
62	0.96426	0.032322	0.0033039	0.00011052
63	0.96361	0.032976	0.0033002	0.00011268
64	0.95851	0.038083	0.0032812	0.00013008
65	0.9563	0.040292	0.0032721	0.00013758
66	0.95611	0.040479	0.00327	0.00013814
67	0.95103	0.045568	0.0032511	0.00015546
68	0.94832	0.048272	0.0032405	0.00016459
69	0.94842	0.048177	0.0032393	0.00016419
70	0.94332	0.053275	0.0032204	0.00018152
71	0.9414	0.055199	0.0032123	0.00018804
72	0.94238	0.054219	0.0032141	0.00018467
73	0.94571	0.050897	0.0032239	0.00017331
74	0.95231	0.044297	0.0032448	0.00015083
75	0.96208	0.034525	0.0032765	0.00011754
76	0.96502	0.031584	0.003285	0.00010748
77	0.97076	0.025852	0.003303	8.7965e-05
78	0.97922	0.017394	0.0033302	5.916e-05
79	0.98253	0.014079	0.00334	4.788e-05
80	0.98274	0.013878	0.0033392	4.7178e-05
81	0.98435	0.012262	0.0033432	4.1647e-05
82	0.97745	0.01917	0.0033184	6.501e-05
83	0.97336	0.023256	0.0033031	7.8813e-05
84	0.9712	0.025418	0.0032943	8.6065e-05
85	0.97115	0.02547	0.0032928	8.6178e-05
86	0.96729	0.029331	0.0032782	9.9198e-05
87	0.96593	0.030694	0.0032722	0.00010377
88	0.9664	0.030225	0.0032723	0.00010213
89	0.96916	0.027463	0.0032802	9.2741e-05
90	0.97469	0.021938	0.0032974	7.4049e-05
91	0.98375	0.012876	0.0033264	4.3472e-05
92	0.98714	0.009494	0.0033364	3.2047e-05
93	0.98807	0.0085608	0.003338	2.8902e-05
94	0.98695	0.0096883	0.0033327	3.2703e-05
95	0.98706	0.009572	0.0033316	3.2289e-05
96	0.98873	0.007909	0.0033357	2.6671e-05
97	0.98837	0.0082698	0.0033331	2.7867e-05
98	0.98944	0.0071975	0.0033352	2.4243e-05
99	0.9921	0.0045426	0.0033427	1.5304e-05
100	0.99028	0.006364	0.0033351	2.1432e-05
101	0.98982	0.0068293	0.003332	2.2999e-05
102	0.99065	0.0059979	0.0033333	2.0209e-05
103	0.98981	0.0068385	0.003329	2.3038e-05
104	0.99031	0.0063408	0.0033292	2.1373e-05
105	0.99194	0.0047092	0.0033332	1.5886e-05
106	0.99202	0.0046274	0.003332	1.5609e-05
107	0.99058	0.0060783	0.0033257	2.0484e-05
108	0.99024	0.0064145	0.0033232	2.1598e-05
109	0.99122	0.0054347	0.0033251	1.8301e-05
110	0.99336	0.0032943	0.0033309	1.1098e-05
111	0.99399	0.0026724	0.0033317	8.9992e-06
112	0.99368	0.0029839	0.0033292	1.0045e-05
113	0.99424	0.00242	0.0033298	8.1486e-06
114	0.99573	0.00092942	0.0033335	3.1388e-06
115	0.96623	0.030434	0.003233	0.00010231
116	0.94602	0.050642	0.0031637	0.00017025
117	0.93254	0.064127	0.0031171	0.00021559
118	0.92312	0.073548	0.0030842	0.00024719
119	0.91783	0.078837	0.0030651	0.00026494
120	0.916	0.080667	0.0030576	0.0002711
121	0.91678	0.079891	0.0030589	0.00026851
122	0.92023	0.076447	0.0030691	0.00025696
123	0.92661	0.070066	0.0030893	0.00023557
124	0.92602	0.070661	0.0030861	0.00023749
125	0.92791	0.068769	0.0030913	0.00023107
126	0.93244	0.064242	0.0031054	0.00021581
127	0.93057	0.066106	0.0030981	0.00022191
128	0.9317	0.06498	0.0031008	0.00021805
129	0.9361	0.060582	0.0031143	0.00020329
130	0.93487	0.061814	0.003109	0.00020737
131	0.93597	0.060718	0.0031116	0.00020366
132	0.93951	0.057176	0.0031223	0.00019176
133	0.93708	0.059606	0.0031131	0.00019977
134	0.93766	0.059026	0.003114	0.00019777
135	0.94059	0.056099	0.0031227	0.00018792
136	0.94613	0.050563	0.0031402	0.00016935
137	0.95554	0.041153	0.0031705	0.00013791
138	0.96882	0.02787	0.0032138	9.3524e-05
139	0.96748	0.029219	0.0032082	9.7968e-05
140	0.96791	0.02879	0.0032087	9.6471e-05
141	0.97014	0.026551	0.0032152	8.8928e-05
142	0.97436	0.022332	0.0032283	7.4769e-05
143	0.97458	0.022122	0.0032282	7.3977e-05
144	0.97644	0.020254	0.0032335	6.7651e-05
145	0.98054	0.016157	0.0032463	5.3926e-05
146	0.98143	0.015268	0.0032483	5.0917e-05
147	0.98385	0.012851	0.0032554	4.2817e-05
148	0.98839	0.0083123	0.0032696	2.7687e-05
149	0.98984	0.0068614	0.0032735	2.2827e-05
150	0.98966	0.0070478	0.0032719	2.3419e-05
151	0.99084	0.0058667	0.0032749	1.9491e-05
152	0.99325	0.0034558	0.0032819	1.1481e-05
153	0.99416	0.0025434	0.003284	8.4559e-06
154	0.99167	0.0050402	0.0032747	1.6721e-05
155	0.99058	0.0061323	0.0032702	2.0344e-05
156	0.98704	0.0096669	0.0032575	3.2043e-05
157	0.98503	0.011682	0.0032499	3.8696e-05
158	0.98464	0.012068	0.0032477	3.9974e-05
159	0.98105	0.015662	0.0032349	5.1842e-05
160	0.97954	0.017178	0.003229	5.6858e-05
161	0.97953	0.017186	0.0032281	5.6874e-05
162	0.97613	0.020583	0.003216	6.8066e-05
163	0.96643	0.030284	0.0031832	0.0001
164	0.96056	0.036158	0.003163	0.00011935
165	0.95769	0.039024	0.0031527	0.00012879
166	0.9486	0.048123	0.0031217	0.00015882
167	0.94258	0.054144	0.003101	0.00017865
168	0.93978	0.056944	0.0030909	0.00018788
169	0.93929	0.057432	0.0030884	0.00018946
170	0.94177	0.054949	0.0030957	0.00018129
171	0.92594	0.070789	0.0030425	0.00023358
172	0.91469	0.082035	0.0030046	0.00027063
173	0.90824	0.088489	0.0029824	0.00029191
174	0.90567	0.091052	0.002973	0.00030039
175	0.90582	0.09091	0.0029726	0.00029993
176	0.89868	0.098047	0.0029481	0.00032349
177	0.89473	0.102	0.0029342	0.0003365
178	0.89367	0.10306	0.0029299	0.00033997
179	0.89541	0.10132	0.0029349	0.00033419
180	0.90013	0.096604	0.0029497	0.00031857
181	0.90933	0.087403	0.0029791	0.00028828
182	0.9243	0.072436	0.0030274	0.00023914
183	0.9449	0.051836	0.0030943	0.00017147
184	0.9532	0.043535	0.0031208	0.00014417
185	0.95481	0.041921	0.0031254	0.00013884
186	0.95126	0.04548	0.0031129	0.00015053
187	0.94039	0.056348	0.0030764	0.00018632
188	0.93305	0.063686	0.0030515	0.00021043
189	0.92931	0.067429	0.0030384	0.00022275
190	0.92811	0.068625	0.0030338	0.00022666
191	0.92995	0.066789	0.0030391	0.00022064
192	0.93439	0.062351	0.0030529	0.00020606
193	0.88681	0.10993	0.0028954	0.00036284
194	0.85401	0.14273	0.0027866	0.00047095
195	0.83183	0.16491	0.0027126	0.00054412
196	0.77996	0.21678	0.0025405	0.00071543
197	0.74127	0.25548	0.0024122	0.00084299
198	0.71272	0.28403	0.0023176	0.00093691
199	0.69208	0.30466	0.0022491	0.0010047
200	0.67922	0.31753	0.0022061	0.0010469
201	0.67121	0.32553	0.0021791	0.0010732
202	0.64365	0.35309	0.0020881	0.0011635
203	0.62373	0.37302	0.0020223	0.0012287
204	0.61002	0.38673	0.0019769	0.0012734
205	0.60137	0.39538	0.0019482	0.0013014
206	0.5972	0.39955	0.0019342	0.0013148
207	0.59852	0.39823	0.0019381	0.0013104
208	0.58553	0.41122	0.0018953	0.0013526
209	0.5775	0.41925	0.0018688	0.0013785
210	0.54753	0.44923	0.0017709	0.0014759
211	0.5258	0.47095	0.0016999	0.0015462
212	0.51063	0.48612	0.0016505	0.0015952
213	0.50083	0.49593	0.0016185	0.0016266
214	0.46887	0.52789	0.0015148	0.0017298
215	0.39384	0.60291	0.0012714	0.0019727
216	0.3373	0.65946	0.0010882	0.0021555
217	0.2948	0.70196	0.00095071	0.0022925
218	0.26609	0.73066	0.00085771	0.002385
219	0.24484	0.75191	0.00078897	0.0024533
220	0.22944	0.76732	0.00073923	0.0025026
221	0.18472	0.81204	0.00059469	0.0026467
222	0.15416	0.8426	0.00049579	0.0027451
223	0.13124	0.86552	0.00042173	0.0028188
224	0.11592	0.88084	0.00037217	0.0028679
225	0.10477	0.89199	0.00033613	0.0029035
226	0.096905	0.89986	0.00031076	0.0029284
227	0.092469	0.90429	0.00029641	0.0029423
228	0.09104	0.90572	0.00029173	0.0029466
229	0.092418	0.90434	0.00029607	0.0029418
230	0.095872	0.90089	0.00030714	0.0029303
231	0.10171	0.89505	0.00032593	0.0029111
232	0.11138	0.88538	0.00035701	0.0028796
233	0.12474	0.87203	0.00040003	0.0028361
234	0.14289	0.85387	0.00045858	0.0027772
235	0.14671	0.85006	0.00047088	0.0027645
236	0.15467	0.8421	0.00049648	0.0027385
237	0.16627	0.83049	0.00053392	0.0027007
238	0.14883	0.84793	0.00047759	0.0027567
239	0.1361	0.86067	0.00043649	0.0027974
240	0.12815	0.86862	0.00041079	0.0028228
241	0.12415	0.87262	0.00039781	0.0028354
242	0.1226	0.87417	0.00039275	0.0028401
243	0.12341	0.87336	0.00039536	0.0028371
244	0.12666	0.87011	0.00040585	0.0028263
245	0.13349	0.86328	0.00042786	0.002804
246	0.14358	0.85319	0.00046045	0.0027711
247	0.15918	0.83759	0.00051073	0.0027205
248	0.18027	0.8165	0.00057881	0.0026521
249	0.20858	0.78819	0.00067034	0.0025603
250	0.24949	0.74728	0.00080243	0.0024279
251	0.30353	0.69324	0.00097714	0.0022529
252	0.37511	0.62166	0.0012089	0.0020209
253	0.40549	0.59128	0.001307	0.0019225
254	0.44622	0.55055	0.0014388	0.0017904
255	0.50038	0.49639	0.0016143	0.0016147
256	0.51992	0.47685	0.0016774	0.0015513
257	0.54698	0.4498	0.001765	0.0014635
258	0.5836	0.41317	0.0018838	0.0013445
259	0.6328	0.36398	0.0020436	0.0011845
260	0.69842	0.29835	0.002257	0.00097088
261	0.7942	0.20257	0.0025681	0.00065954
262	0.83268	0.16409	0.0026932	0.00053426
263	0.8476	0.14917	0.0027416	0.00048574
264	0.87083	0.12595	0.0028168	0.00041031
265	0.90227	0.094506	0.0029188	0.0003081
266	0.91542	0.081356	0.0029613	0.00026541
267	0.93383	0.062948	0.003021	0.00020557
268	0.93995	0.056828	0.0030408	0.00018564
269	0.93971	0.057064	0.0030399	0.00018635
270	0.94178	0.054992	0.0030467	0.00017954
271	0.94629	0.050485	0.0030613	0.00016478
272	0.95362	0.043158	0.0030853	0.00014081
273	0.96551	0.031263	0.003124	0.00010199
274	0.96962	0.027155	0.0031374	8.8532e-05
275	0.97674	0.020032	0.0031606	6.5284e-05
276	0.98779	0.0089861	0.0031965	2.9301e-05
277	0.99225	0.0045195	0.003211	1.473e-05
278	0.99156	0.0052132	0.0032087	1.6966e-05
279	0.99189	0.004882	0.0032098	1.5872e-05
280	0.99092	0.0058577	0.0032065	1.9025e-05
281	0.991	0.0057741	0.0032068	1.8738e-05
282	0.98937	0.0074028	0.0032015	2.4008e-05
283	0.98892	0.0078539	0.0032	2.5455e-05
284	0.98648	0.010291	0.0031921	3.3342e-05
285	0.98543	0.011343	0.0031887	3.6731e-05
286	0.98131	0.015469	0.0031753	5.0077e-05
287	0.97929	0.017488	0.0031687	5.6621e-05
288	0.97912	0.017658	0.003168	5.7193e-05
289	0.98077	0.016001	0.0031733	5.1865e-05
290	0.98409	0.012684	0.0031839	4.115e-05
291	0.9893	0.0074738	0.0032008	2.4286e-05
292	0.98226	0.014519	0.0031778	4.72e-05
293	0.97798	0.018795	0.0031638	6.1138e-05
294	0.97555	0.021226	0.0031558	6.9062e-05
295	0.96769	0.029082	0.0031303	9.4589e-05
296	0.96248	0.034294	0.0031134	0.0001115
297	0.95954	0.03723	0.0031039	0.00012102
298	0.95918	0.037595	0.0031027	0.00012221
299	0.96079	0.035985	0.0031079	0.00011699
300	0.96447	0.032303	0.00312	0.00010501
301	0.95427	0.042509	0.0030871	0.00013801
302	0.94803	0.048743	0.0030669	0.00015819
303	0.94439	0.052387	0.0030553	0.00016995
304	0.94371	0.053066	0.0030531	0.00017214
305	0.94523	0.05154	0.0030582	0.00016716
306	0.94983	0.046946	0.0030732	0.00015226
307	0.94869	0.048081	0.0030696	0.00015595
308	0.94971	0.047065	0.003073	0.00015264
309	0.9535	0.043277	0.0030853	0.00014038
310	0.95986	0.036911	0.0031061	0.00011973
311	0.96926	0.027516	0.0031367	8.9214e-05
312	0.9838	0.01297	0.003184	4.2034e-05
313	0.98452	0.012253	0.0031864	3.9707e-05
314	0.98694	0.0098312	0.0031943	3.1875e-05
315	0.99098	0.005798	0.0032075	1.8806e-05
316	0.99232	0.0044541	0.0032119	1.4441e-05
317	0.99228	0.0044951	0.0032119	1.4572e-05
318	0.99073	0.0060441	0.003207	1.9578e-05
319	0.98675	0.010023	0.0031943	3.2463e-05
320	0.98438	0.012396	0.0031867	4.0131e-05
321	0.98376	0.013009	0.0031849	4.2118e-05
322	0.98449	0.012282	0.0031874	3.9751e-05
323	0.98284	0.013928	0.0031822	4.5077e-05
324	0.98262	0.014154	0.0031816	4.5791e-05
325	0.98408	0.012697	0.0031865	4.1071e-05
326	0.9874	0.0093733	0.0031973	3.0318e-05
327	0.99312	0.0036558	0.0032159	1.184e-05
328	0.99025	0.0065188	0.0032068	2.1119e-05
329	0.9887	0.0080678	0.0032019	2.6129e-05
330	0.98836	0.0084084	0.003201	2.7215e-05
331	0.98942	0.0073537	0.0032046	2.3792e-05
332	0.992	0.0047694	0.0032131	1.5426e-05
333	0.99652	0.00024778	0.0032279	8.0149e-07
334	0.99581	0.00096166	0.0032257	3.1099e-06
335	0.99588	0.00089597	0.0032261	2.8974e-06
336	0.99675	2.4159e-05	0.003229	7.8245e-08
337	0.99659	0.00017596	0.0032287	5.6984e-07
338	0.9926	0.0041683	0.0032158	1.3513e-05
339	0.99038	0.0063882	0.0032087	2.0723e-05
340	0.98938	0.0073873	0.0032056	2.3964e-05
341	0.98976	0.0070084	0.003207	2.2747e-05
342	0.99131	0.005465	0.0032121	1.7744e-05
343	0.98798	0.0087889	0.0032015	2.8544e-05
344	0.98612	0.010653	0.0031956	3.4594e-05
345	0.98582	0.010948	0.0031947	3.5566e-05
346	0.98276	0.01401	0.0031849	4.5539e-05
347	0.98127	0.015497	0.0031802	5.0382e-05
348	0.98124	0.015526	0.0031803	5.0478e-05
349	0.98267	0.014099	0.0031851	4.5833e-05
350	0.98609	0.010676	0.0031964	3.4726e-05
351	0.99141	0.0053562	0.0032139	1.7435e-05
352	0.98611	0.010654	0.0031968	3.4658e-05
353	0.98271	0.014059	0.003186	4.5715e-05
354	0.98129	0.015474	0.0031816	5.0326e-05
355	0.98133	0.015435	0.0031819	5.0202e-05
356	0.98281	0.013956	0.003187	4.5388e-05
357	0.98584	0.010924	0.0031971	3.5513e-05
358	0.99112	0.0056485	0.0032145	1.8359e-05
359	0.99307	0.003694	0.0032211	1.2012e-05
360	0.9935	0.0032653	0.0032228	1.0614e-05
361	0.9929	0.0038617	0.0032211	1.2553e-05
362	0.99324	0.0035232	0.0032224	1.1449e-05
363	0.99238	0.00439	0.0032199	1.4251e-05
364	0.99268	0.0040904	0.0032212	1.3276e-05
365	0.98719	0.0095785	0.0032037	3.1052e-05
366	0.98396	0.012803	0.0031935	4.1508e-05
367	0.98265	0.014113	0.0031895	4.577e-05
368	0.98275	0.014017	0.0031901	4.5453e-05
369	0.98461	0.012155	0.0031965	3.9419e-05
370	0.9885	0.008268	0.0032093	2.6829e-05
371	0.98957	0.0071942	0.0032131	2.3348e-05
372	0.98887	0.0078899	0.0032111	2.5618e-05
373	0.98932	0.0074406	0.0032128	2.416e-05
374	0.99119	0.0055729	0.0032191	1.8105e-05
375	0.9944	0.0023591	0.0032299	7.6628e-06
376	0.99574	0.0010177	0.0032345	3.3095e-06
377	0.99633	0.00043096	0.0032367	1.4025e-06
378	0.99667	9.6213e-05	0.0032382	3.1268e-07
379	0.9967	6.0443e-05	0.0032386	1.9651e-07
380	0.99585	0.00090944	0.0032361	2.961e-06
381	0.99572	0.0010413	0.003236	3.39e-06
382	0.99518	0.0015804	0.0032346	5.1492e-06
383	0.99382	0.0029364	0.0032304	9.5786e-06
384	0.9904	0.0063611	0.0032196	2.0747e-05
385	0.98864	0.0081223	0.0032141	2.6509e-05
386	0.98811	0.0086527	0.0032127	2.8252e-05
387	0.98876	0.0079937	0.0032152	2.611e-05
388	0.99066	0.0060938	0.0032218	1.9914e-05
389	0.99394	0.002821	0.0032329	9.2262e-06
390	0.99523	0.0015299	0.0032375	5.0031e-06
391	0.99067	0.0060846	0.0032231	1.985e-05
392	0.98776	0.0089974	0.003214	2.9334e-05
393	0.9865	0.010252	0.0032103	3.3431e-05
394	0.98652	0.010234	0.0032108	3.3373e-05
395	0.98806	0.0086983	0.0032162	2.8382e-05
396	0.99098	0.0057702	0.0032262	1.8837e-05
397	0.99196	0.0047951	0.0032298	1.5669e-05
398	0.99147	0.0052811	0.0032287	1.7259e-05
399	0.992	0.00475	0.0032309	1.5525e-05
400	0.99109	0.0056618	0.0032285	1.849e-05
401	0.99124	0.0055173	0.0032295	1.8004e-05
402	0.99267	0.004077	0.0032347	1.3299e-05
403	0.99561	0.0011398	0.0032448	3.7214e-06
404	0.9956	0.0011476	0.0032453	3.7439e-06
405	0.99516	0.0015897	0.0032443	5.1875e-06
406	0.99401	0.0027406	0.003241	8.9515e-06
407	0.99376	0.0029875	0.0032407	9.7594e-06
408	0.99439	0.0023569	0.0032433	7.6974e-06
409	0.99426	0.0024868	0.0032434	8.1242e-06
410	0.99309	0.0036582	0.0032402	1.1945e-05
411	0.99288	0.0038658	0.0032401	1.2613e-05
412	0.99143	0.0053166	0.0032359	1.7344e-05
413	0.99126	0.0054835	0.0032359	1.7894e-05
414	0.99236	0.0043896	0.0032399	1.4337e-05
415	0.99458	0.002165	0.0032478	7.0763e-06
416	0.99542	0.0013224	0.0032511	4.3209e-06
417	0.99569	0.0010566	0.0032525	3.4544e-06
418	0.98788	0.0088643	0.0032275	2.9014e-05
419	0.98294	0.013805	0.0032118	4.5217e-05
420	0.97988	0.016861	0.0032023	5.5236e-05
421	0.97099	0.025754	0.0031738	8.4329e-05
422	0.96491	0.031832	0.0031545	0.00010419
423	0.96118	0.035558	0.003143	0.00011635
424	0.95999	0.036752	0.0031397	0.00012025
425	0.96117	0.035568	0.0031441	0.00011639
426	0.96499	0.031745	0.0031572	0.00010392
427	0.97122	0.025515	0.0031781	8.3536e-05
428	0.98114	0.015596	0.0032112	5.1099e-05
429	0.9949	0.0018366	0.0032568	6.0214e-06
430	0.9931	0.0036337	0.0032515	1.1919e-05
431	0.98866	0.0080805	0.0032376	2.6491e-05
432	0.98587	0.01086	0.0032291	3.559e-05
433	0.98453	0.012206	0.0032254	3.9981e-05
434	0.98478	0.011959	0.0032268	3.9165e-05
435	0.98665	0.010085	0.0032336	3.3032e-05
436	0.9812	0.015528	0.0032164	5.0843e-05
437	0.97816	0.018576	0.0032071	6.0833e-05
438	0.97718	0.019547	0.0032045	6.4035e-05
439	0.97777	0.01896	0.0032071	6.2115e-05
440	0.98031	0.016421	0.003216	5.3808e-05
441	0.98512	0.011608	0.0032324	3.8055e-05
442	0.98276	0.013971	0.0032252	4.5846e-05
443	0.98188	0.014847	0.0032229	4.8743e-05
444	0.98241	0.014322	0.0032253	4.7024e-05
445	0.98476	0.011965	0.0032336	3.9301e-05
446	0.9888	0.0079274	0.0032476	2.6037e-05
447	0.99545	0.0012738	0.00327	4.1935e-06
448	0.99248	0.0042475	0.0032609	1.4003e-05
449	0.99097	0.0057497	0.0032565	1.8979e-05
450	0.99057	0.0061574	0.0032558	2.0342e-05
451	0.98813	0.0085925	0.0032484	2.8385e-05
452	0.98701	0.0097111	0.0032454	3.2081e-05
453	0.98714	0.0095852	0.0032465	3.1666e-05
454	0.9885	0.0082186	0.0032517	2.7151e-05
455	0.99121	0.0055077	0.0032614	1.8186e-05
456	0.99594	0.00077882	0.0032778	2.5721e-06
457	0.98566	0.011063	0.0032446	3.6466e-05
458	0.97833	0.018387	0.0032212	6.0585e-05
459	0.97344	0.023278	0.0032059	7.6676e-05
460	0.96135	0.03537	0.0031668	0.00011651
461	0.95363	0.043084	0.0031421	0.00014197
462	0.94944	0.047279	0.0031289	0.00015586
463	0.79731	0.1994	0.002628	0.00065756
464	0.6909	0.30581	0.0022772	0.0010091
465	0.61066	0.38605	0.0020131	0.0012739
466	0.55583	0.44088	0.0018324	0.0014553
467	0.51486	0.48185	0.0016977	0.0015908
468	0.48756	0.50915	0.0016079	0.0016814
469	0.47011	0.5266	0.0015505	0.0017395
470	0.45829	0.53841	0.0015118	0.001779
471	0.45251	0.5442	0.0014929	0.0017986
472	0.45202	0.54469	0.0014915	0.0018008
473	0.43617	0.56053	0.0014394	0.0018537
474	0.42573	0.57098	0.0014051	0.0018886
475	0.42104	0.57567	0.0013899	0.0019047
476	0.34045	0.65625	0.0011231	0.0021722
477	0.27961	0.7171	0.0009219	0.0023742
478	0.23724	0.75946	0.00078165	0.0025152
479	0.2053	0.7914	0.00067603	0.0026216
480	0.18136	0.81534	0.00059697	0.0027014
481	0.16369	0.83302	0.00053871	0.0027605
482	0.1509	0.8458	0.00049665	0.0028034
483	0.14201	0.85469	0.00046747	0.0028334
484	0.13625	0.86045	0.00044869	0.002853
485	0.13421	0.86248	0.00044212	0.0028604
486	0.11947	0.87723	0.00039364	0.0029097
487	0.10985	0.88685	0.000362	0.0029422
488	0.10431	0.89239	0.00034378	0.0029613
489	0.1012	0.89549	0.00033364	0.0029723
490	0.087962	0.90873	0.00028993	0.0030168
491	0.078231	0.91846	0.00025786	0.0030498
492	0.071316	0.92538	0.00023513	0.0030734
493	0.067334	0.92936	0.00022204	0.0030873
494	0.065905	0.93079	0.00021735	0.0030929
495	0.066827	0.92986	0.00022042	0.0030907
496	0.060071	0.93662	0.00019809	0.0031139
497	0.056191	0.9405	0.00018523	0.0031276
498	0.053962	0.94272	0.00017787	0.0031358
499	0.053755	0.94293	0.00017717	0.0031374
500	0.055543	0.94114	0.00018305	0.0031324
501	0.058957	0.93773	0.00019434	0.0031219
502	0.064958	0.93172	0.00021414	0.003103
503	0.073373	0.92331	0.00024198	0.0030761
504	0.086006	0.91068	0.00028371	0.0030352
505	0.10296	0.89372	0.00033982	0.00298
506	0.12557	0.87111	0.00041475	0.0029059
507	0.13228	0.8644	0.00043708	0.0028845
508	0.12938	0.8673	0.00042757	0.002895
509	0.12971	0.86696	0.00042874	0.0028947
510	0.13247	0.8642	0.00043801	0.0028864
511	0.13786	0.85881	0.00045609	0.0028693
512	0.14636	0.85031	0.00048455	0.0028418
513	0.16019	0.83648	0.00053072	0.0027965
514	0.17906	0.81761	0.00059379	0.0027345
515	0.2044	0.79227	0.00067858	0.0026507
516	0.24179	0.75488	0.00080353	0.0025267
517	0.23828	0.75839	0.00079213	0.0025391
518	0.23904	0.75763	0.00079491	0.0025373
519	0.24439	0.75227	0.00081297	0.0025202
520	0.21138	0.78529	0.00070301	0.0026312
521	0.18876	0.80791	0.00062757	0.0027076
522	0.17206	0.8246	0.00057201	0.0027642
523	0.16003	0.83663	0.00053206	0.0028051
524	0.15175	0.84491	0.00050465	0.0028336
525	0.14665	0.85001	0.00048787	0.0028514
526	0.12902	0.86764	0.00042922	0.0029111
527	0.11754	0.87912	0.00039103	0.0029503
528	0.10951	0.88715	0.00036435	0.002978
529	0.084764	0.91189	0.00028197	0.0030615
530	0.06598	0.93068	0.00021949	0.003125
531	0.052964	0.94369	0.00017614	0.0031694
532	0.043199	0.95345	0.00014366	0.003203
533	0.036607	0.96005	0.00012171	0.003226
534	0.03178	0.96487	0.00010566	0.0032432
535	0.028932	0.96772	9.6178e-05	0.0032537
536	0.027166	0.96948	9.0325e-05	0.0032607
537	0.026348	0.9703	8.7652e-05	0.0032645
538	0.026417	0.97023	8.7955e-05	0.0032653
539	0.027377	0.96927	9.1258e-05	0.0032631
540	0.029324	0.96732	9.7893e-05	0.0032576
541	0.025935	0.97071	8.6661e-05	0.00327
542	0.024123	0.97252	8.0675e-05	0.0032772
543	0.02356	0.97308	7.8852e-05	0.0032801
544	0.018205	0.97844	6.0911e-05	0.0032992
545	0.014131	0.98251	4.728e-05	0.003314
546	0.01102	0.98562	3.6883e-05	0.0033256
547	0.0086273	0.98801	2.8899e-05	0.0033348
548	0.0070563	0.98958	2.3647e-05	0.0033412
549	0.0060872	0.99055	2.0399e-05	0.0033456
550	0.0053678	0.99127	1.7993e-05	0.0033492
551	0.0048417	0.99179	1.624e-05	0.0033521
552	0.0046586	0.99197	1.5628e-05	0.003354
553	0.0045954	0.99203	1.5421e-05	0.0033554
554	0.0046561	0.99197	1.5636e-05	0.0033564
555	0.0048456	0.99178	1.6288e-05	0.0033569
556	0.0051787	0.99145	1.743e-05	0.0033571
557	0.0056814	0.99094	1.9152e-05	0.0033566
558	0.0063932	0.99023	2.1591e-05	0.0033554
559	0.0073581	0.98926	2.4899e-05	0.0033534
560	0.0089434	0.98768	3.0304e-05	0.0033493
561	0.011307	0.98531	3.8344e-05	0.0033425
562	0.01475	0.98187	5.0037e-05	0.0033321
563	0.01922	0.9774	6.5251e-05	0.0033182
564	0.025795	0.97082	8.7602e-05	0.0032971
565	0.020433	0.97618	6.9447e-05	0.0033165
566	0.016816	0.9798	5.7183e-05	0.0033301
567	0.014144	0.98247	4.8145e-05	0.0033404
568	0.0125	0.98411	4.2582e-05	0.0033473
569	0.011731	0.98488	3.998e-05	0.0033512
570	0.01173	0.98488	3.9979e-05	0.0033524
571	0.012495	0.98411	4.2578e-05	0.0033511
572	0.0096651	0.98694	3.2943e-05	0.003362
573	0.0077312	0.98887	2.6345e-05	0.0033699
574	0.0062298	0.99037	2.1231e-05	0.0033763
575	0.0052328	0.99137	1.7826e-05	0.003381
576	0.0044367	0.99216	1.5114e-05	0.003385
577	0.0039751	0.99262	1.3533e-05	0.0033879
578	0.0036107	0.99299	1.2289e-05	0.0033904
579	0.0033148	0.99328	1.1284e-05	0.0033927
580	0.0032223	0.99337	1.0964e-05	0.0033944
581	0.003163	0.99343	1.0761e-05	0.0033959
582	0.003125	0.99347	1.0634e-05	0.0033974
583	0.0031126	0.99348	1.0598e-05	0.0033987
584	0.0032805	0.99331	1.1168e-05	0.0033995
585	0.0034806	0.99311	1.1852e-05	0.0034002
586	0.0037281	0.99286	1.2701e-05	0.0034007
587	0.0040416	0.99254	1.3782e-05	0.003401
588	0.0046405	0.99194	1.5828e-05	0.0034004
589	0.0053966	0.99119	1.8419e-05	0.0033992
590	0.0063581	0.99022	2.1722e-05	0.0033973
591	0.0075981	0.98898	2.5991e-05	0.0033944
592	0.0092107	0.98737	3.1554e-05	0.0033903
593	0.011621	0.98496	3.9848e-05	0.0033834
594	0.015218	0.98136	5.2206e-05	0.0033725
595	0.019889	0.97668	6.8286e-05	0.0033579
596	0.025987	0.97058	8.9321e-05	0.0033383
597	0.034018	0.96255	0.00011707	0.003312
598	0.045563	0.95101	0.00015693	0.0032736
599	0.04894	0.94763	0.00016864	0.0032633
600	0.046629	0.94994	0.00016072	0.0032727
601	0.046292	0.95027	0.00015959	0.0032753
602	0.039571	0.95699	0.00013638	0.0032999
603	0.034676	0.96189	0.00011951	0.0033182
604	0.031837	0.96472	0.00010969	0.0033295
605	0.030656	0.9659	0.00010558	0.003335
606	0.030495	0.96606	0.00010501	0.003337
607	0.03174	0.96482	0.00010926	0.0033342
608	0.034074	0.96248	0.00011729	0.0033276
609	0.037705	0.95885	0.00012982	0.0033166
610	0.042917	0.95364	0.00014785	0.0033
611	0.042412	0.95414	0.00014612	0.0033032
612	0.043137	0.95341	0.00014866	0.0033022
613	0.045673	0.95087	0.00015744	0.0032949
614	0.049722	0.94682	0.00017148	0.0032823
615	0.055593	0.94095	0.00019186	0.0032634
616	0.043501	0.95304	0.00015014	0.0033067
617	0.034381	0.96216	0.00011871	0.0033397
618	0.028287	0.96825	9.768e-05	0.0033622
619	0.023779	0.97276	8.215e-05	0.0033793
620	0.020913	0.97562	7.2261e-05	0.0033907
621	0.019321	0.97721	6.6764e-05	0.0033978
622	0.018472	0.97806	6.3851e-05	0.0034022
623	0.018318	0.97821	6.3361e-05	0.0034043
624	0.019158	0.97737	6.6299e-05	0.0034029
625	0.021097	0.97543	7.3038e-05	0.0033977
626	0.023951	0.97258	8.2974e-05	0.0033893
627	0.027935	0.96859	9.687e-05	0.003377
628	0.034104	0.96242	0.00011835	0.0033571
629	0.042352	0.95417	0.00014711	0.0033299
630	0.054324	0.9422	0.00018882	0.0032898
631	0.071545	0.92497	0.00024876	0.0032314
632	0.076621	0.9199	0.00026653	0.0032152
633	0.084116	0.9124	0.00029279	0.0031906
634	0.083168	0.91335	0.00028965	0.0031953
635	0.084759	0.91175	0.00029534	0.0031912
636	0.08909	0.90742	0.00031056	0.0031776
637	0.096904	0.89961	0.00033792	0.0031519
638	0.10786	0.88865	0.00037633	0.003115
639	0.12287	0.87364	0.00042902	0.003064
640	0.1453	0.85121	0.00050762	0.002987
641	0.17504	0.82146	0.00061206	0.0028842
642	0.21455	0.78195	0.00075097	0.0027469
643	0.22766	0.76884	0.00079744	0.0027021
644	0.24783	0.74867	0.00086869	0.0026325
645	0.27818	0.71832	0.00097565	0.0025272
646	0.32295	0.67355	0.0011332	0.0023714
647	0.38216	0.61433	0.0013418	0.0021643
648	0.46845	0.52804	0.0016455	0.0018623
649	0.47458	0.52191	0.0016678	0.0018416
650	0.48683	0.50966	0.0017117	0.0017995
651	0.50483	0.49166	0.0017759	0.0017369
652	0.53006	0.46642	0.0018658	0.0016487
653	0.56747	0.42901	0.0019986	0.0015176
654	0.61746	0.37902	0.0021762	0.0013417
655	0.63588	0.3606	0.0022425	0.0012771
656	0.664	0.33247	0.0023431	0.0011782
657	0.70202	0.29446	0.002479	0.0010441
658	0.75817	0.23831	0.0026791	0.00084573
659	0.83292	0.16356	0.0029456	0.00058092
660	0.93169	0.064783	0.0032982	0.00023014
661	0.93236	0.064115	0.0033023	0.00022779
662	0.93608	0.060383	0.0033173	0.00021459
663	0.94335	0.053113	0.0033448	0.00018884
664	0.95405	0.042416	0.0033846	0.00015082
665	0.9706	0.02586	0.0034452	9.1961e-05
666	0.9776	0.018866	0.0034718	6.7122e-05
667	0.98756	0.0089023	0.0035091	3.1647e-05
668	0.9878	0.0086599	0.0035117	3.0787e-05
669	0.98583	0.010622	0.0035066	3.7747e-05
670	0.98545	0.011006	0.003507	3.9114e-05
671	0.98659	0.0098609	0.0035128	3.5051e-05
672	0.98948	0.006975	0.0035248	2.4801e-05
673	0.99023	0.0062145	0.0035292	2.2116e-05
674	0.98951	0.0069357	0.0035283	2.4717e-05
675	0.9899	0.0065441	0.0035314	2.3339e-05
676	0.99169	0.0047497	0.0035395	1.6965e-05
677	0.99186	0.0045835	0.0035419	1.6387e-05
678	0.99053	0.005906	0.0035389	2.112e-05
679	0.99052	0.0059205	0.0035406	2.1191e-05
680	0.99157	0.0048687	0.0035461	1.7436e-05
681	0.99405	0.0023828	0.0035568	8.5557e-06
682	0.99321	0.003219	0.0035556	1.1565e-05
683	0.99329	0.0031453	0.0035576	1.1306e-05
684	0.99427	0.002156	0.003563	7.7554e-06
685	0.99223	0.0042016	0.0035576	1.5092e-05
686	0.98752	0.0089067	0.0035425	3.1997e-05
687	0.98493	0.011495	0.003535	4.1334e-05
688	0.98376	0.012658	0.0035327	4.5536e-05
689	0.9795	0.016918	0.0035192	6.0907e-05
690	0.97707	0.019352	0.0035123	6.97e-05
691	0.97626	0.020152	0.0035113	7.2599e-05
692	0.97743	0.018987	0.0035173	6.8442e-05
693	0.98024	0.016175	0.0035294	5.8326e-05
694	0.98539	0.011018	0.0035498	3.9763e-05
695	0.99289	0.0035224	0.0035788	1.2709e-05
696	0.99635	5.5022e-05	0.0035932	1.9848e-07
697	0.99636	4.1256e-05	0.0035952	1.4937e-07
698	0.99569	0.00071267	0.0035947	2.5804e-06
699	0.99445	0.0019551	0.0035921	7.0922e-06
700	0.99152	0.0048809	0.0035834	1.7709e-05
701	0.98493	0.011463	0.0035614	4.1634e-05
702	0.98103	0.01537	0.003549	5.5892e-05
703	0.97883	0.017561	0.0035429	6.3913e-05
704	0.97819	0.018203	0.0035425	6.6298e-05
705	0.97904	0.017344	0.0035475	6.3219e-05
706	0.98149	0.0149	0.0035584	5.4356e-05
707	0.98568	0.010703	0.0035757	3.9083e-05
708	0.99195	0.0044338	0.0036006	1.6215e-05
709	0.95327	0.043114	0.0034617	0.00015712
710	0.92662	0.069762	0.0033664	0.00025445
711	0.90705	0.089331	0.003297	0.00032595
712	0.89424	0.10213	0.0032521	0.00037291
713	0.88564	0.11073	0.0032225	0.00040451
714	0.88137	0.115	0.0032087	0.0004204
715	0.88104	0.11533	0.0032092	0.00042194
716	0.88365	0.11272	0.0032204	0.00041273
717	0.87785	0.11851	0.0032011	0.00043417
718	0.87524	0.12112	0.0031934	0.00044395
719	0.8764	0.11996	0.0031994	0.00044001
720	0.88164	0.11472	0.0032204	0.00042114
721	0.89047	0.10588	0.0032546	0.00038905
722	0.9036	0.092758	0.0033046	0.00034114
723	0.92203	0.07432	0.0033743	0.00027358
724	0.92914	0.067212	0.0034024	0.00024764
725	0.93977	0.056582	0.0034435	0.00020867
726	0.95472	0.041626	0.0035007	0.00015366
727	0.95997	0.036369	0.0035223	0.00013432
728	0.96878	0.027559	0.0035569	0.00010188
729	0.98117	0.015171	0.0036049	5.6141e-05
730	0.98099	0.015344	0.0036065	5.6767e-05
731	0.97792	0.018417	0.0035975	6.8102e-05
732	0.97653	0.019807	0.0035946	7.3226e-05
733	0.97671	0.019621	0.0035976	7.2528e-05
734	0.9789	0.017432	0.003608	6.4445e-05
735	0.98287	0.013451	0.003625	4.9705e-05
736	0.98389	0.012432	0.0036311	4.5932e-05
737	0.98674	0.0095794	0.0036439	3.5388e-05
738	0.99182	0.0044935	0.0036649	1.6589e-05
739	0.9877	0.0086198	0.0036519	3.1835e-05
740	0.98547	0.010843	0.0036459	4.0077e-05
741	0.98492	0.011392	0.003646	4.2151e-05
742	0.98183	0.01448	0.0036367	5.3649e-05
743	0.98033	0.015978	0.0036334	5.9244e-05
744	0.97471	0.021592	0.0036148	8.009e-05
745	0.96146	0.034841	0.0035677	0.00012934
746	0.95306	0.043237	0.0035386	0.00016066
747	0.9476	0.048699	0.0035205	0.00018106
748	0.94529	0.051006	0.003514	0.00018978
749	0.94521	0.051086	0.0035158	0.0001902
750	0.94799	0.048303	0.0035283	0.00017998
751	0.95321	0.043083	0.0035499	0.00016064
752	0.96208	0.034204	0.0035851	0.00012766
753	0.97462	0.021663	0.0036341	8.0939e-05
754	0.99185	0.0044317	0.0037008	1.6556e-05
755	0.99101	0.0052692	0.0036999	1.9691e-05
756	0.99119	0.005084	0.0037029	1.8998e-05
757	0.98984	0.0064356	0.0037002	2.4058e-05
758	0.9896	0.0066757	0.0037016	2.4955e-05
759	0.99069	0.0055771	0.003708	2.0854e-05
760	0.99328	0.0029862	0.00372	1.1172e-05
761	0.99421	0.002052	0.0037257	7.6873e-06
762	0.99612	0.00014401	0.0037352	5.394e-07
763	0.99524	0.0010235	0.0037341	3.8406e-06
764	0.99517	0.0010938	0.0037361	4.1114e-06
765	0.99581	0.00045134	0.0037408	1.6995e-06
766	0.99533	0.00092017	0.0037414	3.4638e-06
767	0.99122	0.005037	0.0037282	1.8981e-05
768	0.98862	0.0076302	0.0037208	2.8758e-05
769	0.98762	0.0086331	0.0037193	3.2567e-05
770	0.98779	0.008452	0.0037223	3.1904e-05
771	0.98941	0.0068314	0.0037307	2.582e-05
772	0.98933	0.0069126	0.0037327	2.6165e-05
773	0.99036	0.0058824	0.0037389	2.23e-05
774	0.99259	0.0036493	0.0037497	1.3867e-05
775	0.99107	0.0051604	0.0037462	1.9632e-05
776	0.99063	0.0056036	0.0037469	2.1343e-05
777	0.99122	0.0050126	0.0037515	1.9123e-05
778	0.99027	0.0059525	0.0037504	2.2717e-05
779	0.98719	0.009031	0.003741	3.4482e-05
780	0.98554	0.010684	0.0037372	4.0818e-05
781	0.98074	0.015484	0.0037212	5.9201e-05
782	0.9778	0.018416	0.0037124	7.0452e-05
783	0.97692	0.019293	0.0037114	7.3901e-05
784	0.95844	0.037771	0.0036431	0.00014468
785	0.94634	0.049869	0.003599	0.00019118
786	0.93797	0.058235	0.0035693	0.0002234
787	0.93268	0.063526	0.0035514	0.00024384
788	0.93063	0.065573	0.0035458	0.00025192
789	0.93097	0.065227	0.0035494	0.00025083
790	0.90633	0.089868	0.003457	0.00034574
791	0.88828	0.10792	0.0033899	0.00041534
792	0.87545	0.12074	0.0033429	0.00046488
793	0.86687	0.12932	0.0033123	0.00049812
794	0.86189	0.1343	0.0032955	0.00051754
795	0.86018	0.13601	0.0032913	0.0005244
796	0.8491	0.14708	0.003251	0.00056727
797	0.81816	0.17802	0.0031345	0.00068646
798	0.74096	0.25522	0.0028405	0.00098311
799	0.54993	0.44625	0.00211	0.0017163
800	0.41606	0.58011	0.0015973	0.0022317
801	0.32386	0.6723	0.0012436	0.0025881
802	0.25385	0.74232	0.00097524	0.0028592
803	0.20493	0.79123	0.00078747	0.0030496
804	0.16787	0.82829	0.00064533	0.0031945
805	0.13985	0.85631	0.00053798	0.0033045
806	0.12056	0.87559	0.00046402	0.0033812
807	0.10782	0.88833	0.00041511	0.0034328
808	0.099836	0.89631	0.00038447	0.0034662
809	0.095498	0.90065	0.00036785	0.0034855
810	0.093341	0.9028	0.00035968	0.0034964
811	0.08171	0.91443	0.00031476	0.003544
812	0.074139	0.922	0.00028548	0.003576
813	0.068974	0.92716	0.00026554	0.0035987
814	0.06581	0.93032	0.00025338	0.0036136
815	0.064367	0.93176	0.0002479	0.0036218
816	0.064536	0.93159	0.00024868	0.0036238
817	0.066362	0.92976	0.00025591	0.0036193
818	0.070633	0.92549	0.00027259	0.0036054
819	0.077103	0.91902	0.00029785	0.003583
820	0.087458	0.90866	0.00033816	0.0035454
821	0.10147	0.89464	0.00039279	0.0034936
822	0.1203	0.87581	0.00046631	0.0034229
823	0.14541	0.85069	0.00056454	0.0033275
824	0.18157	0.81454	0.00070581	0.0031891
825	0.22945	0.76665	0.00089327	0.0030045
826	0.24893	0.74717	0.00096991	0.0029307
827	0.27779	0.71831	0.0010832	0.0028203
828	0.31646	0.67964	0.0012351	0.0026712
829	0.36774	0.62835	0.0014369	0.0024723
830	0.43582	0.56027	0.0017052	0.0022068
831	0.52605	0.47004	0.0020614	0.0018536
832	0.51426	0.48182	0.0020167	0.0019012
833	0.50882	0.48726	0.0019969	0.001924
834	0.50758	0.4885	0.0019936	0.0019302
835	0.51161	0.48446	0.0020111	0.0019157
836	0.52003	0.47604	0.0020459	0.0018838
837	0.53512	0.46095	0.0021071	0.0018256
838	0.55881	0.43725	0.0022023	0.0017333
839	0.59476	0.4013	0.0023459	0.0015927
840	0.64286	0.3532	0.002538	0.0014035
841	0.70676	0.28929	0.0027934	0.0011512
842	0.73155	0.2645	0.002894	0.0010535
843	0.73879	0.25726	0.0029249	0.0010256
844	0.75236	0.24368	0.002981	0.00097248
845	0.77418	0.22186	0.0030698	0.00088665
846	0.80401	0.19203	0.0031908	0.00076871
847	0.79954	0.19649	0.0031754	0.00078713
848	0.79959	0.19645	0.0031778	0.00078766
849	0.80319	0.19284	0.0031946	0.0007739
850	0.81064	0.18539	0.0032269	0.00074468
851	0.82252	0.1735	0.0032771	0.00069762
852	0.83977	0.15625	0.0033489	0.00062889
853	0.86626	0.12976	0.0034578	0.00052305
854	0.90193	0.094088	0.003604	0.00037998
855	0.91577	0.080243	0.0036627	0.00032447
856	0.90949	0.086516	0.0036405	0.00034984
857	0.90706	0.088951	0.0036337	0.00035987
858	0.90733	0.088673	0.0036378	0.00035894
859	0.91118	0.084821	0.0036562	0.00034365
860	0.91812	0.07788	0.0036873	0.00031582
861	0.92869	0.067305	0.0037332	0.00027318
862	0.94533	0.050658	0.0038036	0.00020595
863	0.96799	0.028002	0.0038987	0.00011414
864	0.96941	0.026578	0.0039076	0.00010844
865	0.97271	0.023269	0.0039243	9.507e-05
866	0.97813	0.017845	0.0039496	7.3054e-05
867	0.98608	0.0098954	0.0039853	4.0682e-05
868	0.98535	0.010617	0.0039857	4.3642e-05
869	0.98613	0.0098362	0.0039921	4.0506e-05
870	0.98857	0.0073938	0.0040054	3.0609e-05
871	0.98522	0.010744	0.0039949	4.445e-05
872	0.97651	0.019442	0.0039624	8.0331e-05
873	0.97055	0.025406	0.0039411	0.00010499
874	0.95407	0.041885	0.0038766	0.00017295
875	0.94321	0.052739	0.0038351	0.00021794
876	0.9358	0.060139	0.0038077	0.00024872
877	0.93129	0.064645	0.0037923	0.0002676
878	0.92934	0.066601	0.0037875	0.000276
879	0.92022	0.075717	0.003753	0.000314
880	0.89713	0.098801	0.0036607	0.00040975
881	0.88031	0.11561	0.0035944	0.00047963
882	0.8685	0.12742	0.0035487	0.00052892
883	0.83663	0.15929	0.0034202	0.00066103
884	0.81313	0.18278	0.0033262	0.00075867
885	0.79631	0.1996	0.0032598	0.00082882
886	0.78477	0.21114	0.0032151	0.0008772
887	0.77763	0.21827	0.0031886	0.0009074
888	0.77437	0.22153	0.0031782	0.00092162
889	0.77477	0.22112	0.0031829	0.00092064
890	0.77883	0.21707	0.0032029	0.00090449
891	0.78684	0.20905	0.0032394	0.00087183
892	0.80085	0.19504	0.0033009	0.00081422
893	0.82073	0.17515	0.003387	0.00073198
894	0.82608	0.1698	0.0034127	0.00071012
895	0.82236	0.17352	0.0034007	0.00072603
896	0.82208	0.17379	0.003403	0.00072761
897	0.82611	0.16976	0.0034232	0.00071127
898	0.83497	0.16089	0.0034636	0.00067479
899	0.84836	0.1475	0.003523	0.00061923
900	0.86738	0.12847	0.0036064	0.00053982
901	0.89354	0.10231	0.00372	0.00043016
902	0.93175	0.064094	0.0038844	0.0002697
903	0.98782	0.0080261	0.0041241	3.3998e-05
904	0.98612	0.0097148	0.0041209	4.1118e-05
905	0.9857	0.010134	0.0041231	4.2904e-05
906	0.98676	0.0090698	0.0041315	3.8469e-05
907	0.98569	0.010137	0.004131	4.3011e-05
908	0.9861	0.0097202	0.0041367	4.1322e-05
909	0.98778	0.008034	0.0041478	3.4262e-05
910	0.9874	0.008411	0.0041502	3.5919e-05
911	0.98819	0.0076199	0.0041576	3.2627e-05
912	0.9902	0.0056007	0.0041702	2.4115e-05
913	0.9873	0.0085009	0.0041619	3.657e-05
914	0.98579	0.010005	0.0041596	4.3086e-05
915	0.98579	0.010006	0.0041636	4.3224e-05
916	0.98729	0.0085029	0.004174	3.6977e-05
917	0.99018	0.0056043	0.0041904	2.4765e-05
918	0.99517	0.00061382	0.0042157	3.6533e-06
919	0.99493	0.00084767	0.0042133	4.294e-06
920	0.99537	0.00041016	0.0042138	1.9783e-06
921	0.99568	0.00010877	0.0042135	4.9839e-07
922	0.99263	0.0031583	0.0041989	1.3375e-05
923	0.99102	0.0047691	0.0041903	2.0173e-05
924	0.99068	0.0051113	0.004187	2.1614e-05
925	0.98859	0.0072015	0.0041763	3.0456e-05
926	0.98772	0.0080703	0.0041709	3.4114e-05
927	0.98827	0.0075254	0.0041713	3.1812e-05
928	0.98714	0.0086637	0.0041647	3.6635e-05
929	0.98719	0.008611	0.0041631	3.6412e-05
930	0.98844	0.0073633	0.0041666	3.1132e-05
931	0.98795	0.0078552	0.0041627	3.3211e-05
932	0.9886	0.0072049	0.0041637	3.0459e-05
933	0.99046	0.0053499	0.0041698	2.2615e-05
934	0.9906	0.0052141	0.0041687	2.2021e-05
935	0.99177	0.0040389	0.004172	1.7037e-05
936	0.99436	0.0014518	0.0041812	6.1207e-06
937	0.99211	0.0037031	0.00417	1.5594e-05
938	0.99097	0.004849	0.0041635	2.0399e-05
939	0.98789	0.007927	0.0041489	3.3336e-05
940	0.98651	0.0093053	0.0041414	3.9135e-05
941	0.98637	0.0094533	0.0041391	3.9746e-05
942	0.98745	0.0083692	0.004142	3.517e-05
943	0.98649	0.009333	0.0041363	3.9177e-05
944	0.98702	0.0088093	0.0041369	3.6959e-05
945	0.9891	0.0067253	0.004144	2.8216e-05
946	0.98924	0.0065854	0.0041429	2.7638e-05
947	0.9905	0.0053357	0.0041464	2.2398e-05
948	0.99295	0.0028813	0.0041551	1.2103e-05
949	0.99383	0.0020051	0.0041572	8.4221e-06
950	0.99395	0.0018834	0.0041561	7.9148e-06
951	0.99489	0.00094304	0.0041585	3.9749e-06
952	0.99404	0.0018038	0.0041533	7.5945e-06
953	0.99189	0.0039533	0.0041427	1.662e-05
954	0.99084	0.0050035	0.0041368	2.1024e-05
955	0.99081	0.005034	0.0041352	2.115e-05
956	0.9918	0.004047	0.0041379	1.7011e-05
957	0.98843	0.0074188	0.0041224	3.111e-05
958	0.96128	0.034566	0.0040074	0.00014476
959	0.94113	0.054724	0.0039217	0.00022897
960	0.9265	0.06935	0.0038594	0.00028993
961	0.91626	0.079589	0.0038155	0.00033248
962	0.91039	0.08546	0.0037898	0.00035685
