#coord	neutral	conserved	gBGC.neutral	gBGC.conserved
1	0.76244	0.23411	0.0026331	0.00080994
2	0.76833	0.22824	0.0026466	0.00078753
3	0.77854	0.21803	0.0026751	0.00075021
4	0.79543	0.20115	0.0027262	0.00069026
5	0.82114	0.17546	0.0028069	0.00060057
6	0.85959	0.13701	0.0029305	0.00046806
7	0.91085	0.085761	0.0030972	0.00029242
8	0.93335	0.063272	0.0031653	0.00021545
9	0.96379	0.03284	0.00326	0.00011183
10	0.97562	0.021013	0.0032915	7.1505e-05
11	0.98002	0.016622	0.0032978	5.6466e-05
12	0.98669	0.0099604	0.0033118	3.3798e-05
13	0.98939	0.0072771	0.0033124	2.4639e-05
14	0.99368	0.0029962	0.0033184	1.013e-05
15	0.99545	0.0012345	0.0033158	4.1615e-06
16	0.99493	0.0017559	0.0033056	5.8853e-06
17	0.99519	0.0015028	0.003298	5.0201e-06
18	0.99483	0.0018714	0.0032884	6.2196e-06
19	0.99526	0.0014564	0.0032815	4.8177e-06
20	0.99665	7.3836e-05	0.0032777	2.4318e-07
21	0.9967	2.7688e-05	0.0032695	9.1196e-08
22	0.99643	0.00030537	0.0032602	1.0024e-06
23	0.99604	0.00070782	0.0032506	2.3151e-06
24	0.9963	0.00045567	0.0032432	1.4842e-06
25	0.99641	0.00035266	0.0032353	1.1464e-06
26	0.99644	0.00033215	0.0032271	1.0745e-06
27	0.99546	0.0013241	0.0032157	4.2744e-06
28	0.99535	0.0014336	0.003207	4.6212e-06
29	0.99601	0.00078907	0.0032009	2.5352e-06
30	0.9963	0.00050378	0.0031935	1.6164e-06
31	0.9954	0.001416	0.0031823	4.5423e-06
32	0.99329	0.0035312	0.0031672	1.129e-05
33	0.99216	0.0046733	0.0031554	1.4891e-05
34	0.99194	0.0049021	0.0031466	1.5561e-05
35	0.99275	0.0040963	0.0031411	1.2963e-05
36	0.9922	0.0046587	0.0031311	1.4708e-05
37	0.99266	0.0042067	0.0031243	1.326e-05
38	0.99402	0.002852	0.0031203	8.9725e-06
39	0.99418	0.002699	0.0031126	8.4816e-06
40	0.99514	0.0017436	0.0031074	5.476e-06
41	0.99527	0.0016292	0.0030996	5.1058e-06
42	0.99466	0.0022398	0.0030897	6.9924e-06
43	0.99482	0.0020959	0.0030821	6.5203e-06
44	0.99417	0.0027468	0.0030721	8.5218e-06
45	0.9944	0.00253	0.0030648	7.8262e-06
46	0.99551	0.0014287	0.0030603	4.401e-06
47	0.99593	0.001013	0.0030536	3.11e-06
48	0.99599	0.0009621	0.0030458	2.9488e-06
49	0.99676	0.00019784	0.0030402	6.0516e-07
50	0.99678	0.00018673	0.0030323	5.676e-07
51	0.9969	7.5349e-05	0.0030247	2.2801e-07
52	0.99683	0.00015213	0.0030165	4.5919e-07
53	0.99603	0.0009616	0.0030061	2.8871e-06
54	0.99449	0.0025074	0.0029935	7.5121e-06
55	0.99405	0.002959	0.0029842	8.8421e-06
56	0.99464	0.0023794	0.0029779	7.09e-06
57	0.99432	0.0027063	0.0029689	8.0349e-06
58	0.99299	0.004043	0.0029569	1.1975e-05
59	0.98081	0.016233	0.0029127	4.8053e-05
60	0.97297	0.024078	0.0028815	7.1138e-05
61	0.96775	0.02931	0.0028582	8.6339e-05
62	0.96473	0.032338	0.0028416	9.4942e-05
63	0.96408	0.032992	0.0028319	9.6564e-05
64	0.95898	0.038102	0.0028091	0.00011122
65	0.95678	0.040312	0.0027948	0.00011737
66	0.9566	0.040499	0.0027865	0.00011757
67	0.95151	0.045592	0.0027639	0.00013201
68	0.94882	0.048297	0.0027484	0.00013942
69	0.94892	0.048203	0.002741	0.00013875
70	0.94383	0.053303	0.0027185	0.00015305
71	0.94191	0.055229	0.0027051	0.00015819
72	0.9429	0.054248	0.0027	0.00015502
73	0.94623	0.050925	0.0027017	0.00014514
74	0.95284	0.044322	0.0027125	0.00012604
75	0.96263	0.034544	0.0027324	9.8007e-05
76	0.96558	0.031602	0.0027328	8.9403e-05
77	0.97132	0.025867	0.002741	7.3004e-05
78	0.97979	0.017405	0.0027569	4.8979e-05
79	0.98312	0.014087	0.0027582	3.9552e-05
80	0.98332	0.013887	0.0027508	3.8877e-05
81	0.98495	0.012269	0.0027474	3.4228e-05
82	0.97804	0.019182	0.0027203	5.3263e-05
83	0.97396	0.02327	0.0027012	6.4405e-05
84	0.97181	0.025434	0.0026875	7.014e-05
85	0.97176	0.025486	0.0026795	7.0047e-05
86	0.96791	0.029349	0.0026611	8.0428e-05
87	0.96655	0.030713	0.0026495	8.3932e-05
88	0.96703	0.030245	0.002643	8.2383e-05
89	0.9698	0.027481	0.0026426	7.4618e-05
90	0.97534	0.021952	0.0026497	5.9427e-05
91	0.98441	0.012884	0.0026661	3.4813e-05
92	0.98781	0.0095005	0.0026672	2.56e-05
93	0.98875	0.0085666	0.0026616	2.3037e-05
94	0.98763	0.009695	0.0026505	2.6003e-05
95	0.98775	0.0095787	0.0026428	2.5605e-05
96	0.98943	0.0079146	0.0026392	2.1096e-05
97	0.98907	0.0082756	0.0026303	2.1981e-05
98	0.99015	0.0072027	0.0026251	1.9073e-05
99	0.99282	0.0045459	0.0026241	1.2013e-05
100	0.991	0.0063686	0.0026112	1.678e-05
101	0.99055	0.0068344	0.0026019	1.7963e-05
102	0.99139	0.0060024	0.0025959	1.575e-05
103	0.99055	0.0068436	0.0025857	1.7911e-05
104	0.99106	0.0063456	0.0025788	1.658e-05
105	0.9927	0.0047128	0.002575	1.23e-05
106	0.99279	0.0046309	0.0025672	1.2055e-05
107	0.99135	0.0060831	0.0025555	1.5773e-05
108	0.99102	0.0064196	0.0025468	1.6582e-05
109	0.99201	0.005439	0.0025414	1.4017e-05
110	0.99416	0.0032969	0.002539	8.482e-06
111	0.99479	0.0026746	0.0025327	6.859e-06
112	0.99448	0.0029863	0.0025241	7.6363e-06
113	0.99505	0.002422	0.0025177	6.1797e-06
114	0.99655	0.00093018	0.0025137	2.378e-06
115	0.96703	0.03046	0.0024312	7.7118e-05
116	0.94681	0.050685	0.0023725	0.00012801
117	0.93333	0.064181	0.002331	0.00016171
118	0.9239	0.07361	0.0023	0.00018492
119	0.91862	0.078904	0.0022794	0.00019769
120	0.91679	0.080737	0.0022675	0.00020179
121	0.91758	0.079961	0.0022621	0.00019936
122	0.92103	0.076514	0.0022634	0.00019032
123	0.92743	0.070128	0.002272	0.00017405
124	0.92684	0.070723	0.0022634	0.000175
125	0.92874	0.06883	0.002261	0.00016981
126	0.93328	0.0643	0.0022651	0.00015818
127	0.93142	0.066166	0.0022536	0.00016217
128	0.93255	0.065039	0.0022494	0.0001589
129	0.93696	0.060638	0.0022529	0.00014776
130	0.93574	0.061872	0.0022428	0.00015033
131	0.93684	0.060775	0.0022383	0.00014724
132	0.94039	0.05723	0.0022398	0.00013827
133	0.93797	0.059662	0.0022269	0.00014361
134	0.93855	0.059082	0.0022213	0.00014179
135	0.94149	0.056153	0.0022213	0.00013436
136	0.94704	0.050612	0.0022275	0.00012075
137	0.95647	0.041193	0.0022427	9.8103e-05
138	0.96977	0.027897	0.002267	6.6407e-05
139	0.96843	0.029247	0.0022567	6.9347e-05
140	0.96886	0.028818	0.0022507	6.8085e-05
141	0.97111	0.026577	0.002249	6.258e-05
142	0.97534	0.022355	0.0022519	5.2466e-05
143	0.97556	0.022145	0.0022455	5.1739e-05
144	0.97744	0.020274	0.002243	4.7159e-05
145	0.98154	0.016173	0.0022455	3.7475e-05
146	0.98244	0.015284	0.0022406	3.5272e-05
147	0.98487	0.012864	0.0022392	2.9567e-05
148	0.98942	0.0083209	0.0022425	1.9064e-05
149	0.99088	0.0068686	0.0022388	1.5665e-05
150	0.9907	0.0070552	0.0022313	1.6016e-05
151	0.99189	0.0058729	0.0022268	1.3292e-05
152	0.99431	0.0034594	0.0022252	7.8075e-06
153	0.99523	0.0025461	0.00222	5.7362e-06
154	0.99274	0.0050457	0.0022073	1.1298e-05
155	0.99165	0.006139	0.0021977	1.3707e-05
156	0.98812	0.0096774	0.0021828	2.1519e-05
157	0.98611	0.011695	0.0021713	2.5904e-05
158	0.98573	0.012081	0.0021634	2.6685e-05
159	0.98214	0.015679	0.0021485	3.4496e-05
160	0.98063	0.017197	0.0021382	3.7726e-05
161	0.98063	0.017205	0.0021312	3.7626e-05
162	0.97723	0.020606	0.0021169	4.4883e-05
163	0.96753	0.030319	0.0020891	6.5704e-05
164	0.96165	0.036199	0.0020696	7.8167e-05
165	0.95879	0.039069	0.0020566	8.4103e-05
166	0.94969	0.048178	0.0020302	0.00010342
167	0.94367	0.054207	0.0020106	0.00011598
168	0.94087	0.05701	0.0019979	0.00012161
169	0.94039	0.057499	0.0019902	0.00012227
170	0.94288	0.055014	0.0019887	0.00011665
171	0.92703	0.070872	0.0019483	0.00014987
172	0.91578	0.082133	0.001918	0.00017311
173	0.90932	0.088595	0.0018978	0.00018616
174	0.90676	0.091161	0.0018858	0.00019101
175	0.90691	0.09102	0.0018795	0.00019015
176	0.89977	0.098166	0.001858	0.00020447
177	0.89582	0.10212	0.0018433	0.00021204
178	0.89476	0.10319	0.0018347	0.00021356
179	0.89651	0.10145	0.001832	0.00020927
180	0.90124	0.096724	0.0018354	0.00019887
181	0.91046	0.087512	0.0018478	0.00017943
182	0.92545	0.072526	0.0018717	0.00014845
183	0.94609	0.051901	0.0019069	0.00010622
184	0.9544	0.04359	0.0019171	8.9073e-05
185	0.95603	0.041974	0.0019137	8.552e-05
186	0.95247	0.045538	0.0019	9.2398e-05
187	0.94159	0.05642	0.0018715	0.00011395
188	0.93425	0.063768	0.0018503	0.00012825
189	0.93051	0.067516	0.0018363	0.00013531
190	0.92932	0.068714	0.0018275	0.00013724
191	0.93117	0.066877	0.0018246	0.00013319
192	0.93562	0.062432	0.0018269	0.00012401
193	0.88798	0.11008	0.0017265	0.00021751
194	0.85514	0.14292	0.0016557	0.00028138
195	0.83294	0.16513	0.001606	0.00032406
196	0.781	0.21707	0.0014983	0.00042477
197	0.74226	0.25582	0.0014172	0.00049884
198	0.71368	0.28441	0.0013566	0.00055253
199	0.69302	0.30507	0.0013117	0.00059047
200	0.68014	0.31796	0.001282	0.00061326
201	0.67213	0.32598	0.0012618	0.00062652
202	0.64454	0.35358	0.0012046	0.00067686
203	0.62459	0.37353	0.0011623	0.00071225
204	0.61087	0.38727	0.0011322	0.00073559
205	0.60221	0.39593	0.0011118	0.00074919
206	0.59804	0.40011	0.0011	0.00075429
207	0.59936	0.39879	0.0010984	0.00074918
208	0.58636	0.4118	0.0010702	0.00077056
209	0.57832	0.41984	0.0010516	0.00078255
210	0.54831	0.44987	0.0009928	0.00083464
211	0.52655	0.47162	0.00094963	0.00087118
212	0.51137	0.48682	0.00091875	0.00089547
213	0.50155	0.49664	0.00089784	0.00090981
214	0.46955	0.52865	0.00083737	0.00096375
215	0.39441	0.60379	0.00070011	0.0010944
216	0.33779	0.66042	0.00059699	0.001191
217	0.29523	0.70299	0.00051968	0.0012618
218	0.26649	0.73174	0.00046711	0.0013079
219	0.24521	0.75303	0.00042813	0.0013403
220	0.22978	0.76846	0.00039972	0.0013623
221	0.185	0.81325	0.00032033	0.0014351
222	0.15439	0.84386	0.00026598	0.001483
223	0.13143	0.86682	0.00022537	0.0015171
224	0.1161	0.88217	0.00019808	0.0015378
225	0.10493	0.89334	0.0001782	0.0015512
226	0.097052	0.90122	0.00016413	0.0015587
227	0.09261	0.90567	0.00015596	0.0015604
228	0.091179	0.90711	0.00015291	0.0015569
229	0.09256	0.90574	0.0001546	0.0015486
230	0.096021	0.90228	0.00015979	0.0015369
231	0.10187	0.89644	0.00016897	0.0015212
232	0.11155	0.88676	0.00018443	0.0014992
233	0.12493	0.87339	0.00020594	0.0014711
234	0.14312	0.85521	0.00023531	0.0014352
235	0.14694	0.8514	0.00024073	0.0014233
236	0.15491	0.84343	0.00025289	0.0014047
237	0.16653	0.83181	0.00027099	0.0013801
238	0.14907	0.84928	0.00024139	0.0014032
239	0.13631	0.86205	0.00021974	0.0014184
240	0.12835	0.87002	0.00020596	0.0014257
241	0.12435	0.87402	0.00019864	0.0014265
242	0.12279	0.87559	0.00019533	0.0014234
243	0.12361	0.87478	0.00019588	0.0014164
244	0.12686	0.87153	0.00020032	0.0014055
245	0.13371	0.8647	0.0002104	0.0013889
246	0.14382	0.85459	0.00022561	0.0013673
247	0.15944	0.83897	0.00024933	0.0013371
248	0.18056	0.81786	0.00028158	0.0012984
249	0.20893	0.7895	0.00032499	0.0012486
250	0.24991	0.74853	0.00038765	0.0011795
251	0.30404	0.6944	0.00047042	0.0010903
252	0.37574	0.6227	0.00058002	0.00097428
253	0.40618	0.59228	0.00062464	0.00092322
254	0.44697	0.55149	0.00068499	0.00085647
255	0.50123	0.49723	0.00076567	0.00076941
256	0.52081	0.47766	0.00079241	0.00073626
257	0.54791	0.45057	0.00083048	0.00069181
258	0.5846	0.41388	0.00088291	0.00063303
259	0.63389	0.3646	0.00095416	0.00055545
260	0.69963	0.29887	0.0010499	0.00045341
261	0.79558	0.20292	0.0011902	0.00030682
262	0.83414	0.16437	0.0012432	0.00024752
263	0.84908	0.14943	0.0012602	0.00022412
264	0.87236	0.12617	0.0012894	0.00018857
265	0.90386	0.094672	0.0013306	0.00014106
266	0.91703	0.0815	0.0013442	0.00012105
267	0.93548	0.06306	0.0013655	9.3413e-05
268	0.94162	0.056929	0.0013686	8.4013e-05
269	0.94139	0.057166	0.0013624	8.3965e-05
270	0.94347	0.055091	0.0013596	8.0542e-05
271	0.94799	0.050576	0.0013603	7.3595e-05
272	0.95534	0.043236	0.0013652	6.2604e-05
273	0.96726	0.03132	0.0013764	4.5146e-05
274	0.97138	0.027205	0.0013764	3.9007e-05
275	0.97852	0.020069	0.0013806	2.8632e-05
276	0.98959	0.0090025	0.0013902	1.2798e-05
277	0.99408	0.0045278	0.0013904	6.4039e-06
278	0.99339	0.0052228	0.0013832	7.3372e-06
279	0.99372	0.004891	0.0013775	6.829e-06
280	0.99275	0.0058686	0.0013699	8.1449e-06
281	0.99284	0.0057848	0.0013639	7.9821e-06
282	0.99122	0.0074166	0.0013554	1.0177e-05
283	0.99077	0.0078686	0.0013487	1.0737e-05
284	0.98834	0.010311	0.0013392	1.3996e-05
285	0.98729	0.011365	0.0013316	1.5343e-05
286	0.98316	0.015498	0.0013198	2.0818e-05
287	0.98114	0.017521	0.0013109	2.3431e-05
288	0.98098	0.017692	0.0013045	2.3561e-05
289	0.98265	0.016032	0.0013004	2.1273e-05
290	0.98598	0.012708	0.0012985	1.6806e-05
291	0.9912	0.0074882	0.0012991	9.8797e-06
292	0.98415	0.014547	0.0012835	1.9114e-05
293	0.97987	0.018832	0.0012716	2.4647e-05
294	0.97744	0.021267	0.0012622	2.7711e-05
295	0.96958	0.029139	0.0012459	3.7761e-05
296	0.96436	0.034361	0.001233	4.4289e-05
297	0.96143	0.037303	0.0012233	4.7824e-05
298	0.96107	0.037669	0.0012167	4.8061e-05
299	0.96269	0.036056	0.0012128	4.5779e-05
300	0.96638	0.032366	0.0012114	4.089e-05
301	0.95616	0.042593	0.0011927	5.3432e-05
302	0.94992	0.04884	0.001179	6.0924e-05
303	0.94627	0.052492	0.0011686	6.511e-05
304	0.9456	0.053173	0.0011619	6.5609e-05
305	0.94713	0.051644	0.0011579	6.3378e-05
306	0.95174	0.047041	0.0011577	5.7432e-05
307	0.95061	0.048179	0.0011503	5.8519e-05
308	0.95164	0.047161	0.0011456	5.6978e-05
309	0.95544	0.043365	0.0011442	5.213e-05
310	0.96182	0.036987	0.0011458	4.4228e-05
311	0.97124	0.027572	0.0011511	3.2774e-05
312	0.98583	0.012997	0.0011622	1.5355e-05
313	0.98655	0.012278	0.0011569	1.4427e-05
314	0.98898	0.0098515	0.0011534	1.1522e-05
315	0.99303	0.0058101	0.0011519	6.7619e-06
316	0.99438	0.0044634	0.0011472	5.1629e-06
317	0.99435	0.0045045	0.0011409	5.1809e-06
318	0.9928	0.0060568	0.0011329	6.9191e-06
319	0.98882	0.010044	0.0011221	1.1408e-05
320	0.98645	0.012422	0.0011132	1.402e-05
321	0.98584	0.013037	0.0011063	1.4631e-05
322	0.98658	0.012308	0.0011009	1.3728e-05
323	0.98493	0.013958	0.0010928	1.5478e-05
324	0.98471	0.014184	0.0010864	1.5629e-05
325	0.98618	0.012725	0.0010818	1.3935e-05
326	0.98952	0.0093934	0.0010791	1.0226e-05
327	0.99525	0.0036636	0.0010789	3.9726e-06
328	0.99239	0.0065329	0.0010695	7.0453e-06
329	0.99084	0.0080853	0.0010615	8.6632e-06
330	0.99051	0.0084266	0.0010549	8.9661e-06
331	0.99157	0.0073697	0.0010498	7.7892e-06
332	0.99417	0.0047798	0.0010461	5.0181e-06
333	0.99871	0.00024832	0.0010445	2.5915e-07
334	0.998	0.00096377	0.0010373	9.9912e-07
335	0.99807	0.00089795	0.001031	9.2502e-07
336	0.99895	2.4213e-05	0.0010254	2.4843e-08
337	0.9988	0.00017635	0.0010188	1.7976e-07
338	0.99481	0.0041775	0.0010083	4.2379e-06
339	0.99259	0.0064025	0.00099953	6.4594e-06
340	0.9916	0.0074038	0.00099209	7.4206e-06
341	0.99198	0.0070241	0.00098598	6.9994e-06
342	0.99354	0.0054773	0.00098106	5.4247e-06
343	0.99021	0.0088088	0.00097129	8.6702e-06
344	0.98835	0.010677	0.00096302	1.0437e-05
345	0.98806	0.010973	0.00095626	1.066e-05
346	0.985	0.014042	0.00094678	1.356e-05
347	0.98351	0.015532	0.0009389	1.49e-05
348	0.98349	0.015561	0.00093246	1.4826e-05
349	0.98493	0.014131	0.00092743	1.3368e-05
350	0.98836	0.010701	0.00092422	1.006e-05
351	0.9937	0.0053685	0.00092277	5.0175e-06
352	0.9884	0.010679	0.00091136	9.8995e-06
353	0.98499	0.014092	0.0009018	1.2961e-05
354	0.98358	0.01551	0.00089406	1.4167e-05
355	0.98363	0.015471	0.00088769	1.403e-05
356	0.98512	0.013988	0.00088266	1.2592e-05
357	0.98816	0.01095	0.00087902	9.7776e-06
358	0.99346	0.0056618	0.0008773	5.0166e-06
359	0.99542	0.0037027	0.00087254	3.2586e-06
360	0.99586	0.003273	0.00086644	2.8571e-06
361	0.99527	0.0038709	0.00085942	3.3532e-06
362	0.99561	0.0035316	0.00085323	3.0344e-06
363	0.99475	0.0044005	0.00084605	3.7458e-06
364	0.99506	0.0041002	0.00083982	3.4619e-06
365	0.98956	0.0096016	0.00082877	8.0279e-06
366	0.98634	0.012834	0.00081963	1.0647e-05
367	0.98503	0.014147	0.00081207	1.1648e-05
368	0.98513	0.014051	0.00080571	1.1473e-05
369	0.987	0.012185	0.00080075	9.8687e-06
370	0.99091	0.0082882	0.00079734	6.6636e-06
371	0.99199	0.0072118	0.00079168	5.7511e-06
372	0.9913	0.0079093	0.00078455	6.259e-06
373	0.99176	0.0074589	0.00077837	5.8529e-06
374	0.99364	0.0055866	0.00077325	4.3496e-06
375	0.99686	0.0023649	0.00076917	1.8249e-06
376	0.99822	0.0010202	0.00076358	7.8181e-07
377	0.99881	0.00043203	0.00075743	3.2854e-07
378	0.99915	9.6453e-05	0.00075111	7.2536e-08
379	0.99919	6.0594e-05	0.00074452	4.5185e-08
380	0.99835	0.00091173	0.00073724	6.7519e-07
381	0.99822	0.001044	0.00073052	7.6588e-07
382	0.99769	0.0015844	0.00072347	1.153e-06
383	0.99634	0.0029438	0.0007158	2.1263e-06
384	0.99291	0.0063773	0.00070669	4.5619e-06
385	0.99115	0.008143	0.00069877	5.7756e-06
386	0.99063	0.0086748	0.00069177	6.0974e-06
387	0.99129	0.0080142	0.00068563	5.5819e-06
388	0.99321	0.0061095	0.00068037	4.2168e-06
389	0.99649	0.0028283	0.00067606	1.9353e-06
390	0.99779	0.0015339	0.00067038	1.039e-06
391	0.99323	0.0061003	0.00066074	4.0752e-06
392	0.99032	0.0090208	0.00065227	5.9595e-06
393	0.98907	0.010278	0.00064489	6.7232e-06
394	0.98909	0.010261	0.00063838	6.6423e-06
395	0.99064	0.0087211	0.0006328	5.5916e-06
396	0.99358	0.0057853	0.00062812	3.6731e-06
397	0.99457	0.0048077	0.00062213	3.0244e-06
398	0.99409	0.0052951	0.00061525	3.2956e-06
399	0.99463	0.0047626	0.00060902	2.9323e-06
400	0.99372	0.0056768	0.00060194	3.4526e-06
401	0.99387	0.005532	0.00059554	3.323e-06
402	0.99532	0.0040879	0.00058986	2.4267e-06
403	0.99827	0.0011429	0.000585	6.716e-07
404	0.99827	0.0011506	0.00057842	6.6761e-07
405	0.99783	0.0015939	0.00057155	9.1432e-07
406	0.99669	0.002748	0.00056424	1.5599e-06
407	0.99645	0.0029955	0.00055749	1.6805e-06
408	0.99708	0.0023633	0.00055125	1.3092e-06
409	0.99696	0.0024936	0.00054455	1.3651e-06
410	0.99579	0.0036681	0.0005373	1.9815e-06
411	0.99559	0.0038763	0.00053062	2.0653e-06
412	0.99414	0.0053312	0.00052325	2.8034e-06
413	0.99398	0.0054985	0.00051652	2.8553e-06
414	0.99509	0.0044017	0.00051041	2.2587e-06
415	0.99732	0.002171	0.00050488	1.1003e-06
416	0.99817	0.001326	0.00049866	6.6255e-07
417	0.99845	0.0010595	0.0004921	5.2239e-07
418	0.99063	0.0088889	0.00048154	4.3324e-06
419	0.98568	0.013843	0.00047242	6.6595e-06
420	0.98262	0.016908	0.0004643	8.0189e-06
421	0.97371	0.025826	0.00045351	1.2062e-05
422	0.96762	0.031922	0.00044418	1.4681e-05
423	0.96389	0.035658	0.00043602	1.6145e-05
424	0.9627	0.036856	0.00042901	1.6433e-05
425	0.96389	0.035668	0.00042301	1.5661e-05
426	0.96773	0.031835	0.00041811	1.3765e-05
427	0.97399	0.025588	0.00041421	1.0888e-05
428	0.98394	0.015641	0.00041172	6.554e-06
429	0.99775	0.0018418	0.00041073	7.5828e-07
430	0.99595	0.0036441	0.00040318	1.4756e-06
431	0.9915	0.0081037	0.00039463	3.2222e-06
432	0.98872	0.010892	0.00038682	4.2517e-06
433	0.98737	0.012242	0.00037962	4.6891e-06
434	0.98763	0.011993	0.00037301	4.5074e-06
435	0.98951	0.010115	0.00036696	3.7271e-06
436	0.98406	0.015574	0.00035825	5.6264e-06
437	0.98101	0.01863	0.00035043	6.6008e-06
438	0.98005	0.019604	0.00034334	6.809e-06
439	0.98064	0.019016	0.00033683	6.4662e-06
440	0.98319	0.01647	0.00033092	5.4763e-06
441	0.98803	0.011642	0.00032569	3.7737e-06
442	0.98567	0.014012	0.00031805	4.4452e-06
443	0.98479	0.014891	0.00031094	4.6142e-06
444	0.98533	0.014365	0.00030429	4.3376e-06
445	0.9877	0.012001	0.00029815	3.5182e-06
446	0.99175	0.0079511	0.00029249	2.2335e-06
447	0.99843	0.0012776	0.0002875	2.538e-07
448	0.99545	0.0042602	0.00028848	1.134e-06
449	0.99394	0.005767	0.00028984	1.5975e-06
450	0.99353	0.0061758	0.00029152	1.7451e-06
451	0.99109	0.0086182	0.00029261	2.4884e-06
452	0.98996	0.0097401	0.00029408	2.8469e-06
453	0.99009	0.0096138	0.00029592	2.836e-06
454	0.99146	0.0082431	0.00029813	2.4505e-06
455	0.99417	0.0055241	0.00030076	1.6524e-06
456	0.99891	0.00078114	0.00030397	2.3522e-07
457	0.9886	0.011096	0.00030257	3.3993e-06
458	0.98125	0.018442	0.00030206	5.6794e-06
459	0.97634	0.023348	0.00030228	7.226e-06
460	0.96421	0.035475	0.00030021	1.1039e-05
461	0.95647	0.043212	0.00029943	1.3524e-05
462	0.95227	0.047419	0.0002997	1.4927e-05
463	0.79969	0.2	0.00025299	6.3309e-05
464	0.69296	0.30672	0.00022029	9.7657e-05
465	0.61248	0.3872	0.0001957	0.00012389
466	0.55748	0.4422	0.00017898	0.00014222
467	0.51639	0.48329	0.00016661	0.0001562
468	0.48901	0.51067	0.00015853	0.00016587
469	0.47151	0.52817	0.00015355	0.0001724
470	0.45966	0.54002	0.00015039	0.00017711
471	0.45385	0.54582	0.00014917	0.00017986
472	0.45336	0.54631	0.00014965	0.00018087
473	0.43747	0.5622	0.00014503	0.00018699
474	0.42699	0.57268	0.00014218	0.00019132
475	0.42229	0.57738	0.00014122	0.00019375
476	0.34147	0.6582	0.00011452	0.00022189
477	0.28044	0.71922	9.434e-05	0.00024349
478	0.23795	0.76171	8.0257e-05	0.00025898
479	0.20591	0.79375	6.9651e-05	0.00027098
480	0.18189	0.81776	6.1722e-05	0.0002803
481	0.16417	0.83549	5.5899e-05	0.00028751
482	0.15135	0.8483	5.1724e-05	0.00029307
483	0.14243	0.85722	4.8868e-05	0.00029729
484	0.13666	0.863	4.7083e-05	0.00030044
485	0.13461	0.86504	4.6565e-05	0.0003023
486	0.11982	0.87983	4.161e-05	0.00030859
487	0.11017	0.88948	3.8399e-05	0.00031311
488	0.10461	0.89503	3.6588e-05	0.0003162
489	0.1015	0.89815	3.5631e-05	0.00031844
490	0.088222	0.91142	3.1058e-05	0.00032426
491	0.078463	0.92118	2.771e-05	0.00032885
492	0.071527	0.92812	2.5349e-05	0.00033245
493	0.067534	0.93211	2.4013e-05	0.000335
494	0.0661	0.93354	2.3577e-05	0.00033662
495	0.067025	0.93261	2.3978e-05	0.00033739
496	0.060249	0.93939	2.1606e-05	0.00034091
497	0.056357	0.94328	2.0256e-05	0.0003434
498	0.054122	0.94551	1.9502e-05	0.00034527
499	0.053914	0.94572	1.9475e-05	0.0003464
500	0.055707	0.94393	2.017e-05	0.00034678
501	0.059131	0.9405	2.1468e-05	0.00034655
502	0.06515	0.93448	2.3714e-05	0.00034535
503	0.07359	0.92604	2.6864e-05	0.00034323
504	0.08626	0.91337	3.1572e-05	0.00033954
505	0.10327	0.89636	3.7911e-05	0.0003342
506	0.12594	0.87369	4.6392e-05	0.00032672
507	0.13267	0.86696	4.9009e-05	0.0003251
508	0.12976	0.86986	4.8053e-05	0.00032704
509	0.1301	0.86953	4.8291e-05	0.00032776
510	0.13286	0.86676	4.9448e-05	0.00032755
511	0.13827	0.86135	5.1611e-05	0.00032634
512	0.14679	0.85283	5.4967e-05	0.00032392
513	0.16066	0.83896	6.0347e-05	0.00031946
514	0.17959	0.82003	6.7683e-05	0.00031303
515	0.205	0.79462	7.7544e-05	0.00030407
516	0.24251	0.75711	9.2039e-05	0.00029045
517	0.23899	0.76063	9.0916e-05	0.00029245
518	0.23975	0.75987	9.1411e-05	0.0002928
519	0.24512	0.7545	9.366e-05	0.00029137
520	0.21201	0.78761	8.1117e-05	0.00030473
521	0.18931	0.8103	7.2515e-05	0.00031412
522	0.17257	0.82704	6.6193e-05	0.00032122
523	0.16051	0.83911	6.1668e-05	0.00032653
524	0.1522	0.84741	5.8589e-05	0.00033038
525	0.14708	0.85253	5.674e-05	0.00033299
526	0.1294	0.87021	4.9991e-05	0.00034048
527	0.11789	0.88172	4.5603e-05	0.00034558
528	0.10983	0.88978	4.2552e-05	0.00034934
529	0.085015	0.91459	3.2971e-05	0.00035962
530	0.066175	0.93343	2.57e-05	0.00036759
531	0.053121	0.94648	2.0646e-05	0.00037331
532	0.043327	0.95628	1.6859e-05	0.00037776
533	0.036715	0.96289	1.4297e-05	0.00038096
534	0.031874	0.96773	1.2425e-05	0.00038346
535	0.029018	0.97059	1.1321e-05	0.00038517
536	0.027247	0.97236	1.0644e-05	0.00038645
537	0.026427	0.97318	1.0342e-05	0.00038735
538	0.026495	0.97311	1.0392e-05	0.00038788
539	0.027458	0.97214	1.0799e-05	0.00038805
540	0.029411	0.97019	1.1604e-05	0.00038782
541	0.026012	0.97359	1.0288e-05	0.00038969
542	0.024195	0.9754	9.5894e-06	0.00039093
543	0.02363	0.97597	9.3835e-06	0.00039165
544	0.018259	0.98134	7.2523e-06	0.00039427
545	0.014173	0.98543	5.633e-06	0.00039638
546	0.011052	0.98855	4.398e-06	0.00039809
547	0.008653	0.99094	3.4498e-06	0.0003995
548	0.0070773	0.99252	2.8251e-06	0.00040057
549	0.0061053	0.99349	2.4381e-06	0.00040138
550	0.0053837	0.99421	2.1518e-06	0.00040208
551	0.0048561	0.99474	1.9436e-06	0.00040269
552	0.0046724	0.99492	1.8709e-06	0.00040315
553	0.004609	0.99499	1.8471e-06	0.00040355
554	0.00467	0.99492	1.874e-06	0.00040389
555	0.00486	0.99473	1.9538e-06	0.00040417
556	0.0051941	0.9944	2.0928e-06	0.00040438
557	0.0056983	0.99389	2.3021e-06	0.00040452
558	0.0064122	0.99318	2.5985e-06	0.00040456
559	0.0073801	0.99221	3.0006e-06	0.00040449
560	0.0089701	0.99062	3.6553e-06	0.00040414
561	0.011341	0.98825	4.6273e-06	0.00040345
562	0.014794	0.9848	6.0397e-06	0.00040229
563	0.019277	0.98031	7.8796e-06	0.0004007
564	0.025872	0.97372	1.058e-05	0.00039823
565	0.020494	0.9791	8.3907e-06	0.00040064
566	0.016866	0.98272	6.9103e-06	0.00040232
567	0.014186	0.9854	5.8207e-06	0.00040359
568	0.012538	0.98705	5.1494e-06	0.00040443
569	0.011767	0.98782	4.8348e-06	0.00040488
570	0.011765	0.98783	4.8334e-06	0.000405
571	0.012532	0.98706	5.1451e-06	0.00040478
572	0.0096941	0.9899	3.9798e-06	0.00040603
573	0.0077544	0.99184	3.1808e-06	0.00040689
574	0.0062484	0.99334	2.5625e-06	0.00040756
575	0.0052485	0.99434	2.1499e-06	0.000408
576	0.00445	0.99514	1.8218e-06	0.00040835
577	0.003987	0.9956	1.6296e-06	0.00040854
578	0.0036215	0.99597	1.4787e-06	0.00040868
579	0.0033248	0.99627	1.3571e-06	0.00040879
580	0.003232	0.99636	1.3172e-06	0.00040879
581	0.0031725	0.99642	1.2918e-06	0.00040876
582	0.0031344	0.99646	1.2758e-06	0.00040872
583	0.003122	0.99647	1.271e-06	0.00040866
584	0.0032904	0.9963	1.3381e-06	0.00040851
585	0.0034911	0.9961	1.419e-06	0.00040833
586	0.0037393	0.99585	1.5199e-06	0.00040813
587	0.0040538	0.99554	1.6486e-06	0.00040789
588	0.0046545	0.99494	1.8917e-06	0.00040751
589	0.0054129	0.99418	2.2e-06	0.00040707
590	0.0063773	0.99321	2.5935e-06	0.00040652
591	0.0076211	0.99197	3.1022e-06	0.00040586
592	0.0092385	0.99035	3.7655e-06	0.00040503
593	0.011656	0.98794	4.7525e-06	0.00040386
594	0.015264	0.98433	6.2206e-06	0.00040218
595	0.019949	0.97964	8.1306e-06	0.00040005
596	0.026066	0.97353	1.0629e-05	0.00039732
597	0.034121	0.96547	1.3925e-05	0.00039379
598	0.045701	0.95389	1.865e-05	0.00038881
599	0.049089	0.9505	2.0019e-05	0.00038716
600	0.046771	0.95282	1.9057e-05	0.00038782
601	0.046433	0.95316	1.8896e-05	0.00038765
602	0.039691	0.9599	1.6121e-05	0.00039007
603	0.034782	0.96481	1.4104e-05	0.00039172
604	0.031934	0.96766	1.2923e-05	0.00039251
605	0.03075	0.96885	1.2415e-05	0.00039261
606	0.030588	0.96901	1.2325e-05	0.00039228
607	0.031836	0.96776	1.2799e-05	0.00039136
608	0.034178	0.96542	1.3715e-05	0.00039
609	0.03782	0.96178	1.5155e-05	0.0003881
610	0.043048	0.95655	1.7233e-05	0.00038556
611	0.042541	0.95706	1.7e-05	0.0003853
612	0.043269	0.95633	1.7266e-05	0.00038454
613	0.045813	0.95379	1.8251e-05	0.00038304
614	0.049875	0.94972	1.9843e-05	0.00038092
615	0.055763	0.94384	2.2166e-05	0.00037806
616	0.043634	0.95597	1.7312e-05	0.00038237
617	0.034486	0.96511	1.3664e-05	0.00038547
618	0.028374	0.97123	1.1221e-05	0.00038734
619	0.023852	0.97575	9.4194e-06	0.00038856
620	0.020977	0.97863	8.2686e-06	0.00038911
621	0.019381	0.98022	7.6225e-06	0.00038913
622	0.018529	0.98107	7.2747e-06	0.00038884
623	0.018375	0.98123	7.2051e-06	0.00038827
624	0.019217	0.98039	7.5234e-06	0.00038728
625	0.021162	0.97844	8.2694e-06	0.00038584
626	0.024025	0.97558	9.3746e-06	0.00038404
627	0.028021	0.97159	1.0923e-05	0.00038179
628	0.03421	0.9654	1.3315e-05	0.00037866
629	0.042483	0.95713	1.6518e-05	0.00037472
630	0.054492	0.94512	2.1151e-05	0.00036933
631	0.071767	0.92784	2.7794e-05	0.0003619
632	0.076859	0.92275	2.9705e-05	0.0003592
633	0.084377	0.91523	3.2554e-05	0.00035555
634	0.083427	0.91619	3.2125e-05	0.00035517
635	0.085023	0.91459	3.2671e-05	0.00035379
636	0.089367	0.91025	3.4262e-05	0.00035135
637	0.097206	0.90241	3.7174e-05	0.00034755
638	0.1082	0.89142	4.1286e-05	0.00034256
639	0.12325	0.87636	4.6942e-05	0.00033601
640	0.14575	0.85387	5.5386e-05	0.00032664
641	0.17559	0.82403	6.6599e-05	0.0003145
642	0.21522	0.7844	8.1503e-05	0.00029867
643	0.22837	0.77125	8.6306e-05	0.00029293
644	0.24861	0.75102	9.3745e-05	0.00028453
645	0.27905	0.72057	0.00010497	0.00027232
646	0.32396	0.67566	0.00012152	0.00025475
647	0.38336	0.61626	0.00014346	0.00023179
648	0.46993	0.5297	0.00017535	0.00019886
649	0.47608	0.52355	0.00017714	0.00019601
650	0.48837	0.51126	0.00018118	0.0001909
651	0.50642	0.49321	0.00018734	0.00018366
652	0.53174	0.46789	0.00019617	0.00017374
653	0.56927	0.43036	0.00020941	0.00015939
654	0.61941	0.38022	0.00022724	0.00014044
655	0.63789	0.36174	0.00023336	0.00013321
656	0.66611	0.33353	0.00024296	0.00012246
657	0.70424	0.29539	0.00025615	0.00010812
658	0.76057	0.23907	0.00027582	8.7278e-05
659	0.83556	0.16408	0.00030218	5.9738e-05
660	0.93465	0.064989	0.00033717	2.3573e-05
661	0.93532	0.064319	0.00033633	2.3239e-05
662	0.93907	0.060576	0.00033655	2.1805e-05
663	0.94636	0.053282	0.00033801	1.9111e-05
664	0.95709	0.042551	0.00034068	1.5199e-05
665	0.9737	0.025943	0.00034539	9.2275e-06
666	0.98072	0.018926	0.00034661	6.7072e-06
667	0.99072	0.0089308	0.00034887	3.1468e-06
668	0.99096	0.0086876	0.00034764	3.0473e-06
669	0.98899	0.010656	0.00034563	3.7182e-06
670	0.98861	0.011041	0.00034416	3.835e-06
671	0.98976	0.0098926	0.00034318	3.4206e-06
672	0.99266	0.0069974	0.00034277	2.4089e-06
673	0.99342	0.0062345	0.00034158	2.1385e-06
674	0.9927	0.0069581	0.00033985	2.3798e-06
675	0.99309	0.0065652	0.00033851	2.2366e-06
676	0.9949	0.0047651	0.00033761	1.6188e-06
677	0.99506	0.0045983	0.00033616	1.5562e-06
678	0.99374	0.0059251	0.0003342	1.9955e-06
679	0.99373	0.0059397	0.00033266	1.9924e-06
680	0.99478	0.0048845	0.00033147	1.6311e-06
681	0.99728	0.0023905	0.00033073	7.9708e-07
682	0.99644	0.0032294	0.00032888	1.0718e-06
683	0.99652	0.0031555	0.00032733	1.0424e-06
684	0.99751	0.002163	0.00032609	7.1123e-07
685	0.99546	0.0042153	0.00032385	1.3751e-06
686	0.99074	0.0089358	0.00032072	2.899e-06
687	0.98815	0.011533	0.00031826	3.7249e-06
688	0.98698	0.012699	0.00031626	4.0806e-06
689	0.98271	0.016973	0.00031325	5.4276e-06
690	0.98027	0.019416	0.00031083	6.1752e-06
691	0.97947	0.020218	0.00030895	6.3937e-06
692	0.98064	0.019049	0.00030765	5.9923e-06
693	0.98346	0.016228	0.00030687	5.0756e-06
694	0.98864	0.011054	0.00030678	3.4398e-06
695	0.99616	0.0035341	0.0003074	1.0922e-06
696	0.99964	5.5204e-05	0.00030672	1.6944e-08
697	0.99965	4.1393e-05	0.00030493	1.269e-08
698	0.99898	0.00071503	0.00030294	2.1773e-07
699	0.99774	0.0019616	0.00030074	5.9497e-07
700	0.9948	0.0048971	0.00029803	1.4756e-06
701	0.9882	0.011501	0.00029421	3.447e-06
702	0.98428	0.015421	0.00029117	4.5979e-06
703	0.98209	0.01762	0.00028867	5.2226e-06
704	0.98144	0.018264	0.00028662	5.3806e-06
705	0.98231	0.017402	0.00028502	5.0955e-06
706	0.98476	0.01495	0.00028388	4.3509e-06
707	0.98898	0.010739	0.00028324	3.1067e-06
708	0.99527	0.0044486	0.00028319	1.2799e-06
709	0.95646	0.043258	0.00027027	1.2285e-05
710	0.92972	0.069996	0.00026086	1.975e-05
711	0.91009	0.089631	0.00025355	2.5108e-05
712	0.89725	0.10248	0.00024817	2.8508e-05
713	0.88862	0.1111	0.00024402	3.0686e-05
714	0.88434	0.11539	0.00024106	3.1643e-05
715	0.88401	0.11572	0.00023915	3.1511e-05
716	0.88663	0.1131	0.00023804	3.0579e-05
717	0.88082	0.11891	0.00023468	3.1905e-05
718	0.87821	0.12153	0.00023219	3.2354e-05
719	0.87937	0.12037	0.00023067	3.1801e-05
720	0.88463	0.11511	0.00023018	3.0183e-05
721	0.8935	0.10624	0.00023062	2.7647e-05
722	0.90667	0.093074	0.00023212	2.4036e-05
723	0.92517	0.074574	0.00023495	1.911e-05
724	0.93231	0.067441	0.00023477	1.7146e-05
725	0.94297	0.056776	0.00023546	1.432e-05
726	0.95798	0.041768	0.00023719	1.0451e-05
727	0.96326	0.036494	0.00023646	9.0498e-06
728	0.9721	0.027653	0.00023654	6.801e-06
729	0.98454	0.015223	0.00023745	3.713e-06
730	0.98436	0.015397	0.00023528	3.7164e-06
731	0.98128	0.018481	0.00023238	4.4121e-06
732	0.97989	0.019875	0.0002299	4.6949e-06
733	0.98008	0.019689	0.00022779	4.6013e-06
734	0.98228	0.017492	0.00022611	4.0456e-06
735	0.98627	0.013498	0.00022483	3.0859e-06
736	0.9873	0.012476	0.00022283	2.8202e-06
737	0.99016	0.0096126	0.00022121	2.1483e-06
738	0.99527	0.0045091	0.00022003	9.9513e-07
739	0.99113	0.0086498	0.00021678	1.8881e-06
740	0.9889	0.01088	0.00021393	2.3498e-06
741	0.98835	0.011432	0.00021141	2.4428e-06
742	0.98526	0.014531	0.00020833	3.0732e-06
743	0.98376	0.016034	0.0002056	3.3527e-06
744	0.97813	0.021668	0.00020202	4.4757e-06
745	0.96483	0.034963	0.00019687	7.1375e-06
746	0.95641	0.043389	0.00019274	8.7535e-06
747	0.95093	0.04887	0.00018924	9.736e-06
748	0.94862	0.051186	0.00018636	1.007e-05
749	0.94854	0.051266	0.00018393	9.9544e-06
750	0.95133	0.048474	0.00018201	9.2902e-06
751	0.95658	0.043235	0.00018054	8.175e-06
752	0.96549	0.034325	0.0001797	6.4051e-06
753	0.97808	0.02174	0.00017949	4.0024e-06
754	0.99537	0.0044474	0.00018007	8.0617e-07
755	0.99453	0.005288	0.00017729	9.441e-07
756	0.99472	0.0051021	0.00017469	8.9643e-07
757	0.99337	0.0064585	0.00017179	1.117e-06
758	0.99313	0.0066996	0.00016909	1.1396e-06
759	0.99424	0.0055971	0.00016658	9.3629e-07
760	0.99684	0.0029969	0.00016428	4.9301e-07
761	0.99778	0.0020593	0.00016167	3.3348e-07
762	0.9997	0.00014453	0.00015921	2.2931e-08
763	0.99882	0.0010272	0.00015627	1.6032e-07
764	0.99875	0.0010978	0.00015342	1.6829e-07
765	0.9994	0.00045297	0.00015069	6.7702e-08
766	0.99893	0.00092349	0.00014778	1.3457e-07
767	0.9948	0.0050552	0.00014432	7.2189e-07
768	0.9922	0.0076579	0.00014111	1.0692e-06
769	0.9912	0.0086644	0.00013809	1.182e-06
770	0.99138	0.0084827	0.00013524	1.1273e-06
771	0.99301	0.0068563	0.00013255	8.8238e-07
772	0.99293	0.0069378	0.0001296	8.6657e-07
773	0.99397	0.0059038	0.0001268	7.0877e-07
774	0.99621	0.0036626	0.00012413	4.0698e-07
775	0.9947	0.0051793	0.00012099	5.515e-07
776	0.99426	0.0056242	0.00011797	5.6585e-07
777	0.99485	0.005031	0.00011507	4.6203e-07
778	0.99391	0.0059744	0.00011202	5.0889e-07
779	0.99083	0.0090642	0.00010877	7.2698e-07
780	0.98917	0.010723	0.00010566	7.9651e-07
781	0.98435	0.015542	0.000107	1.363e-06
782	0.98141	0.018483	0.00010852	1.7419e-06
783	0.98052	0.019364	0.00011022	1.907e-06
784	0.96198	0.037911	0.0001099	4.0896e-06
785	0.94983	0.050053	0.00011023	5.5941e-06
786	0.94143	0.05845	0.00011095	6.6958e-06
787	0.93612	0.06376	0.00011201	7.4547e-06
788	0.93406	0.065815	0.00011342	7.8382e-06
789	0.93441	0.065468	0.00011511	7.9323e-06
790	0.90968	0.0902	0.00011361	1.1179e-05
791	0.89156	0.10832	0.00011288	1.366e-05
792	0.87868	0.12119	0.00011275	1.5521e-05
793	0.87007	0.1298	0.00011314	1.6865e-05
794	0.86508	0.13479	0.00011397	1.7756e-05
795	0.86336	0.13651	0.00011522	1.8222e-05
796	0.85224	0.14762	0.00011516	1.9965e-05
797	0.82118	0.17868	0.00011233	2.4477e-05
798	0.7437	0.25616	0.00010296	3.5516e-05
799	0.55196	0.4479	7.7356e-05	6.2784e-05
800	0.4176	0.58226	5.9198e-05	8.2578e-05
801	0.32506	0.67479	4.657e-05	9.6816e-05
802	0.25479	0.74507	3.6897e-05	0.00010809
803	0.20569	0.79416	3.0087e-05	0.00011647
804	0.16849	0.83136	2.4899e-05	0.00012322
805	0.14037	0.85948	2.0961e-05	0.00012871
806	0.12101	0.87884	1.8249e-05	0.00013294
807	0.10822	0.89163	1.6472e-05	0.00013622
808	0.10021	0.89964	1.5389e-05	0.00013878
809	0.095852	0.90399	1.4846e-05	0.00014077
810	0.093687	0.90616	1.4636e-05	0.00014242
811	0.082014	0.91783	1.2907e-05	0.00014556
812	0.074414	0.92543	1.1792e-05	0.00014806
813	0.06923	0.93061	1.1049e-05	0.00015018
814	0.066055	0.93378	1.062e-05	0.00015197
815	0.064607	0.93523	1.0466e-05	0.00015348
816	0.064776	0.93506	1.0575e-05	0.00015471
817	0.066609	0.93322	1.0963e-05	0.00015565
818	0.070896	0.92894	1.1759e-05	0.00015615
819	0.07739	0.92244	1.2939e-05	0.00015626
820	0.087784	0.91205	1.4789e-05	0.00015568
821	0.10185	0.89798	1.7294e-05	0.00015443
822	0.12075	0.87908	2.067e-05	0.00015229
823	0.14596	0.85387	2.5194e-05	0.000149
824	0.18225	0.81758	3.17e-05	0.0001437
825	0.23031	0.76951	4.0376e-05	0.00013621
826	0.24986	0.74996	4.4099e-05	0.00013366
827	0.27882	0.721	4.9526e-05	0.00012937
828	0.31764	0.68218	5.6794e-05	0.00012324
829	0.36911	0.63071	6.6447e-05	0.00011471
830	0.43745	0.56236	7.9304e-05	0.00010296
831	0.52802	0.4718	9.6415e-05	8.6952e-05
832	0.51619	0.48363	9.4821e-05	8.964e-05
833	0.51072	0.48909	9.436e-05	9.1167e-05
834	0.50948	0.49033	9.4677e-05	9.1906e-05
835	0.51353	0.48628	9.5965e-05	9.1649e-05
836	0.52198	0.47783	9.8094e-05	9.0541e-05
837	0.53713	0.46268	0.00010149	8.8138e-05
838	0.56091	0.4389	0.00010654	8.4056e-05
839	0.59699	0.40281	0.00011396	7.7575e-05
840	0.64528	0.35453	0.00012381	6.866e-05
841	0.70942	0.29038	0.00013683	5.6558e-05
842	0.73431	0.2655	0.00014234	5.1968e-05
843	0.74157	0.25823	0.00014441	5.0784e-05
844	0.7552	0.2446	0.00014771	4.8338e-05
845	0.7771	0.2227	0.00015264	4.4241e-05
846	0.80704	0.19276	0.0001592	3.8506e-05
847	0.80257	0.19724	0.00015896	3.9561e-05
848	0.80261	0.19719	0.00015959	3.9719e-05
849	0.80623	0.19357	0.00016093	3.9151e-05
850	0.81371	0.18609	0.00016307	3.7793e-05
851	0.82564	0.17416	0.00016611	3.5514e-05
852	0.84295	0.15685	0.00017027	3.2112e-05
853	0.86954	0.13025	0.00017632	2.6792e-05
854	0.90535	0.094445	0.00018431	1.9528e-05
855	0.91925	0.080548	0.00018784	1.6723e-05
856	0.91295	0.086844	0.0001872	1.8071e-05
857	0.9105	0.08929	0.00018732	1.8632e-05
858	0.91078	0.08901	0.000188	1.8627e-05
859	0.91465	0.085144	0.0001894	1.7876e-05
860	0.92162	0.078177	0.00019145	1.6465e-05
861	0.93223	0.067561	0.00019428	1.4273e-05
862	0.94894	0.050851	0.00019838	1.0786e-05
863	0.97168	0.028109	0.00020377	5.9923e-06
864	0.97311	0.02668	0.00020462	5.7052e-06
865	0.97643	0.023358	0.00020587	5.0123e-06
866	0.98188	0.017913	0.00020758	3.8606e-06
867	0.98985	0.0099333	0.00020983	2.1569e-06
868	0.98913	0.010657	0.00021021	2.317e-06
869	0.98991	0.0098739	0.00021088	2.155e-06
870	0.99236	0.0074222	0.00021189	1.6345e-06
871	0.989	0.010785	0.00021162	2.3762e-06
872	0.98027	0.019517	0.00021017	4.2969e-06
873	0.97428	0.025504	0.00020931	5.6222e-06
874	0.95774	0.042046	0.00020613	9.2674e-06
875	0.94684	0.052942	0.00020414	1.1692e-05
876	0.93941	0.06037	0.0002029	1.336e-05
877	0.93489	0.064895	0.00020228	1.4391e-05
878	0.93292	0.066859	0.00020223	1.486e-05
879	0.92377	0.076009	0.00020055	1.6922e-05
880	0.9006	0.099183	0.00019576	2.2094e-05
881	0.88372	0.11606	0.00019235	2.5878e-05
882	0.87186	0.12792	0.00019004	2.8556e-05
883	0.83988	0.1599	0.00018326	3.5696e-05
884	0.81629	0.18349	0.00017832	4.0985e-05
885	0.7994	0.20038	0.00017486	4.4793e-05
886	0.78782	0.21196	0.00017257	4.7429e-05
887	0.78066	0.21912	0.00017125	4.9084e-05
888	0.77738	0.2224	0.00017078	4.9875e-05
889	0.77779	0.22199	0.00017114	4.9842e-05
890	0.78186	0.21791	0.00017231	4.8986e-05
891	0.78991	0.20987	0.00017437	4.7232e-05
892	0.80398	0.1958	0.00017776	4.4126e-05
893	0.82394	0.17584	0.00018248	3.9679e-05
894	0.82931	0.17046	0.00018393	3.8496e-05
895	0.82558	0.1742	0.00018331	3.9353e-05
896	0.8253	0.17447	0.00018346	3.9431e-05
897	0.82935	0.17042	0.00018455	3.8539e-05
898	0.83825	0.16152	0.00018671	3.6557e-05
899	0.8517	0.14808	0.0001899	3.3539e-05
900	0.8708	0.12898	0.00019437	2.9227e-05
901	0.89706	0.10271	0.00020048	2.3275e-05
902	0.93543	0.064347	0.0002093	1.4582e-05
903	0.99172	0.0080578	0.00022214	1.8359e-06
904	0.99002	0.0097532	0.00022185	2.2166e-06
905	0.9896	0.010174	0.00022184	2.3094e-06
906	0.99067	0.0091057	0.00022214	2.0677e-06
907	0.9896	0.010177	0.00022196	2.3079e-06
908	0.99002	0.0097588	0.00022207	2.2137e-06
909	0.99171	0.008066	0.00022247	1.831e-06
910	0.99133	0.0084445	0.0002224	1.915e-06
911	0.99213	0.0076503	0.00022259	1.7337e-06
912	0.99415	0.005623	0.00022305	1.2732e-06
913	0.99124	0.0085348	0.0002224	1.9237e-06
914	0.98973	0.010045	0.00022205	2.2584e-06
915	0.98973	0.010046	0.00022202	2.2552e-06
916	0.99124	0.0085369	0.00022229	1.9141e-06
917	0.99415	0.0056267	0.00022288	1.2568e-06
918	0.99916	0.00061629	0.0002239	1.3004e-07
919	0.99892	0.00085107	0.00022637	1.8766e-07
920	0.99936	0.0004118	0.00022899	9.2392e-08
921	0.99966	0.0001092	0.00023155	2.4889e-08
922	0.9966	0.0031709	0.0002333	7.4014e-07
923	0.99498	0.0047882	0.00023534	1.1301e-06
924	0.99463	0.0051316	0.00023764	1.2245e-06
925	0.99253	0.0072302	0.00023949	1.7452e-06
926	0.99165	0.0081024	0.00024163	1.9754e-06
927	0.9922	0.0075553	0.00024408	1.8614e-06
928	0.99105	0.0086981	0.00024608	2.166e-06
929	0.9911	0.0086451	0.00024838	2.1745e-06
930	0.99235	0.0073925	0.00025098	1.8775e-06
931	0.99186	0.0078863	0.00025311	2.0224e-06
932	0.99251	0.0072333	0.00025553	1.8726e-06
933	0.99437	0.005371	0.00025828	1.4035e-06
934	0.9945	0.0052347	0.00026058	1.3788e-06
935	0.99568	0.0040549	0.00026316	1.0759e-06
936	0.99828	0.0014575	0.00026609	3.8994e-07
937	0.99601	0.0037176	0.00026769	1.0019e-06
938	0.99486	0.004868	0.00026958	1.3216e-06
939	0.99177	0.0079581	0.0002709	2.1781e-06
940	0.99038	0.0093418	0.00027265	2.579e-06
941	0.99023	0.0094904	0.00027474	2.6411e-06
942	0.99132	0.008402	0.00027717	2.3558e-06
943	0.99035	0.0093694	0.00027904	2.6443e-06
944	0.99087	0.0088438	0.00028128	2.5141e-06
945	0.99296	0.0067515	0.00028395	1.9348e-06
946	0.9931	0.0066111	0.00028603	1.9104e-06
