#coord	neutral	conserved	gBGC.neutral	gBGC.conserved
1	0.76346	0.23442	0.0016192	0.00049853
2	0.76935	0.22854	0.0016268	0.00048451
3	0.77958	0.21832	0.0016436	0.0004613
4	0.79648	0.20142	0.0016743	0.00042423
5	0.82222	0.17569	0.0017232	0.00036895
6	0.86073	0.13719	0.0017982	0.00028753
7	0.91205	0.085874	0.0018997	0.00017962
8	0.93457	0.063355	0.0019405	0.00013237
9	0.96505	0.032883	0.0019977	6.8771e-05
10	0.9769	0.02104	0.0020162	4.4002e-05
11	0.9813	0.016644	0.0020193	3.4749e-05
12	0.98798	0.0099734	0.0020271	2.0808e-05
13	0.99067	0.0072866	0.0020266	1.5166e-05
14	0.99496	0.0030001	0.0020295	6.2362e-06
15	0.99673	0.0012361	0.0020273	2.5606e-06
16	0.99622	0.0017582	0.0020203	3.6138e-06
17	0.99648	0.0015047	0.0020149	3.0801e-06
18	0.99611	0.0018738	0.0020083	3.8095e-06
19	0.99654	0.0014583	0.0020034	2.9464e-06
20	0.99793	7.3931e-05	0.0020004	1.4853e-07
21	0.99798	2.7723e-05	0.0019946	5.5758e-08
22	0.99771	0.00030576	0.0019883	6.1238e-07
23	0.99731	0.00070872	0.0019817	1.4131e-06
24	0.99757	0.00045625	0.0019766	9.0486e-07
25	0.99768	0.00035311	0.0019711	6.9887e-07
26	0.9977	0.00033257	0.0019655	6.5401e-07
27	0.99671	0.0013258	0.0019579	2.6016e-06
28	0.99661	0.0014354	0.001952	2.8134e-06
29	0.99726	0.00079006	0.0019476	1.5424e-06
30	0.99755	0.00050441	0.0019424	9.8367e-07
31	0.99664	0.0014178	0.0019349	2.7669e-06
32	0.99453	0.0035356	0.0019251	6.8725e-06
33	0.99339	0.0046792	0.0019173	9.0571e-06
34	0.99317	0.0049082	0.0019114	9.4556e-06
35	0.99398	0.0041013	0.0019074	7.8725e-06
36	0.99343	0.0046645	0.0019007	8.9303e-06
37	0.99388	0.004212	0.0018959	8.0532e-06
38	0.99525	0.0028556	0.0018929	5.4494e-06
39	0.9954	0.0027023	0.0018876	5.1538e-06
40	0.99637	0.0017458	0.0018838	3.3299e-06
41	0.99649	0.0016312	0.0018785	3.1047e-06
42	0.99588	0.0022425	0.0018719	4.2479e-06
43	0.99603	0.0020985	0.0018668	3.958e-06
44	0.99538	0.0027501	0.0018602	5.1711e-06
45	0.99561	0.0025331	0.0018553	4.7468e-06
46	0.99671	0.0014304	0.001852	2.6664e-06
47	0.99714	0.0010142	0.0018475	1.883e-06
48	0.99719	0.00096326	0.0018422	1.7857e-06
49	0.99796	0.00019808	0.0018383	3.665e-07
50	0.99798	0.00018695	0.0018331	3.4298e-07
51	0.9981	7.544e-05	0.001828	1.376e-07
52	0.99802	0.00015232	0.0018225	2.7706e-07
53	0.99722	0.00096275	0.0018158	1.7391e-06
54	0.99568	0.0025104	0.0018077	4.5248e-06
55	0.99523	0.0029626	0.0018015	5.3248e-06
56	0.99582	0.0023822	0.0017971	4.268e-06
57	0.99549	0.0027095	0.0017912	4.8331e-06
58	0.99416	0.0040478	0.0017835	7.2024e-06
59	0.98196	0.016252	0.0017563	2.8926e-05
60	0.97411	0.024106	0.0017369	4.2827e-05
61	0.96888	0.029344	0.0017224	5.1956e-05
62	0.96586	0.032376	0.0017119	5.7098e-05
63	0.96521	0.033031	0.0017055	5.8045e-05
64	0.9601	0.038146	0.0016913	6.684e-05
65	0.95789	0.040359	0.0016821	7.0523e-05
66	0.95771	0.040546	0.0016766	7.0611e-05
67	0.95261	0.045644	0.0016625	7.9268e-05
68	0.94991	0.048353	0.0016527	8.3686e-05
69	0.95001	0.048258	0.0016477	8.3253e-05
70	0.94491	0.053365	0.0016336	9.1822e-05
71	0.94299	0.055292	0.001625	9.4895e-05
72	0.94398	0.05431	0.0016213	9.2985e-05
73	0.94731	0.050984	0.0016218	8.7045e-05
74	0.95392	0.044372	0.0016277	7.5591e-05
75	0.96372	0.034584	0.001639	5.8776e-05
76	0.96667	0.031638	0.0016387	5.3599e-05
77	0.97242	0.025896	0.0016431	4.3765e-05
78	0.98089	0.017424	0.0016521	2.9353e-05
79	0.98422	0.014103	0.0016523	2.3704e-05
80	0.98443	0.013902	0.0016473	2.3292e-05
81	0.98605	0.012283	0.0016448	2.0494e-05
82	0.97914	0.019203	0.0016282	3.1851e-05
83	0.97505	0.023296	0.0016162	3.8495e-05
84	0.97289	0.025463	0.0016076	4.1894e-05
85	0.97284	0.025515	0.0016024	4.1816e-05
86	0.96898	0.029382	0.0015908	4.7999e-05
87	0.96762	0.030747	0.0015834	5.0078e-05
88	0.96809	0.030278	0.001579	4.9131e-05
89	0.97087	0.027512	0.0015783	4.4482e-05
90	0.97641	0.021976	0.001582	3.5415e-05
91	0.98549	0.012898	0.0015912	2.0752e-05
92	0.98888	0.0095108	0.0015913	1.5258e-05
93	0.98982	0.0085759	0.0015874	1.3732e-05
94	0.9887	0.0097055	0.0015803	1.5499e-05
95	0.98882	0.009589	0.0015753	1.5255e-05
96	0.99049	0.0079231	0.0015726	1.2565e-05
97	0.99014	0.0082845	0.0015668	1.3085e-05
98	0.99122	0.0072104	0.0015632	1.135e-05
99	0.99388	0.0045508	0.001562	7.1506e-06
100	0.99206	0.0063754	0.0015539	9.9853e-06
101	0.9916	0.0068416	0.0015478	1.0689e-05
102	0.99244	0.0060088	0.0015438	9.3766e-06
103	0.9916	0.0068509	0.0015372	1.0663e-05
104	0.99211	0.0063523	0.0015326	9.8753e-06
105	0.99375	0.0047178	0.0015298	7.331e-06
106	0.99383	0.0046358	0.0015247	7.1854e-06
107	0.99238	0.0060894	0.0015173	9.394e-06
108	0.99205	0.0064263	0.0015117	9.8696e-06
109	0.99304	0.0054447	0.001508	8.3441e-06
110	0.99519	0.0033003	0.0015062	5.0514e-06
111	0.99582	0.0026773	0.0015021	4.0836e-06
112	0.99551	0.0029894	0.0014965	4.5457e-06
113	0.99608	0.0024244	0.0014923	3.6795e-06
114	0.99758	0.00093114	0.0014896	1.4193e-06
115	0.96802	0.030491	0.0014402	4.5855e-05
116	0.94778	0.050736	0.001405	7.6128e-05
117	0.93428	0.064247	0.0013799	9.6182e-05
118	0.92484	0.073685	0.0013612	0.00010997
119	0.91955	0.078984	0.0013486	0.00011757
120	0.91772	0.080818	0.0013411	0.00012002
121	0.9185	0.080041	0.0013376	0.00011859
122	0.92196	0.076591	0.001338	0.00011323
123	0.92836	0.070198	0.0013428	0.00010359
124	0.92776	0.070794	0.0013374	0.00010414
125	0.92966	0.068899	0.0013358	0.00010104
126	0.9342	0.064364	0.001338	9.4111e-05
127	0.93234	0.066231	0.001331	9.6439e-05
128	0.93347	0.065104	0.0013283	9.4478e-05
129	0.93788	0.060697	0.0013302	8.7866e-05
130	0.93665	0.061932	0.0013239	8.9384e-05
131	0.93776	0.060835	0.001321	8.7545e-05
132	0.94131	0.057286	0.0013217	8.2215e-05
133	0.93888	0.05972	0.0013139	8.5359e-05
134	0.93947	0.05914	0.0013104	8.4264e-05
135	0.9424	0.056207	0.0013102	7.9845e-05
136	0.94795	0.050661	0.0013137	7.1761e-05
137	0.95739	0.041232	0.0013226	5.8337e-05
138	0.9707	0.027924	0.0013368	3.954e-05
139	0.96935	0.029275	0.0013306	4.1269e-05
140	0.96979	0.028846	0.001327	4.0505e-05
141	0.97203	0.026603	0.0013259	3.7223e-05
142	0.97627	0.022376	0.0013276	3.1202e-05
143	0.97648	0.022165	0.0013237	3.0745e-05
144	0.97836	0.020294	0.0013223	2.8002e-05
145	0.98247	0.016189	0.0013238	2.2242e-05
146	0.98336	0.015298	0.0013208	2.0925e-05
147	0.98579	0.012876	0.0013199	1.753e-05
148	0.99034	0.0083286	0.0013219	1.1303e-05
149	0.9918	0.0068749	0.0013197	9.28e-06
150	0.99161	0.0070617	0.0013152	9.4804e-06
151	0.9928	0.0058783	0.0013125	7.8684e-06
152	0.99522	0.0034626	0.0013115	4.6224e-06
153	0.99614	0.0025485	0.0013084	3.3986e-06
154	0.99364	0.0050503	0.0013008	6.6831e-06
155	0.99255	0.0061446	0.0012951	8.1099e-06
156	0.98901	0.0096862	0.0012863	1.2725e-05
157	0.987	0.011706	0.0012795	1.5313e-05
158	0.98662	0.012092	0.0012748	1.5777e-05
159	0.98302	0.015693	0.001266	2.0389e-05
160	0.98151	0.017213	0.0012599	2.2301e-05
161	0.9815	0.01722	0.0012557	2.2244e-05
162	0.9781	0.020625	0.0012473	2.6523e-05
163	0.96838	0.030346	0.001231	3.8791e-05
164	0.9625	0.036231	0.0012195	4.6142e-05
165	0.95964	0.039103	0.0012119	4.9652e-05
166	0.95052	0.048221	0.0011963	6.1074e-05
167	0.94449	0.054254	0.0011847	6.8493e-05
168	0.94169	0.05706	0.0011772	7.1833e-05
169	0.94121	0.057549	0.0011726	7.2226e-05
170	0.9437	0.055062	0.0011718	6.8932e-05
171	0.92783	0.070934	0.0011479	8.8593e-05
172	0.91656	0.082203	0.00113	0.00010234
173	0.9101	0.088671	0.0011181	0.00011007
174	0.90754	0.091239	0.0011109	0.00011297
175	0.90768	0.091098	0.0011072	0.00011249
176	0.90053	0.09825	0.0010945	0.000121
177	0.89658	0.10221	0.0010858	0.0001255
178	0.89552	0.10328	0.0010807	0.00012642
179	0.89726	0.10153	0.0010792	0.0001239
180	0.902	0.096805	0.0010813	0.00011776
181	0.91122	0.087585	0.0010886	0.00010629
182	0.92622	0.072587	0.0011028	8.803e-05
183	0.94687	0.051944	0.0011236	6.3098e-05
184	0.95519	0.043626	0.0011297	5.2972e-05
185	0.95681	0.042009	0.0011279	5.0878e-05
186	0.95325	0.045576	0.0011198	5.4955e-05
187	0.94236	0.056467	0.0011031	6.774e-05
188	0.93501	0.06382	0.0010907	7.6217e-05
189	0.93127	0.067571	0.0010825	8.0423e-05
190	0.93007	0.06877	0.0010774	8.1584e-05
191	0.93191	0.06693	0.0010758	7.9213e-05
192	0.93637	0.062482	0.0010774	7.38e-05
193	0.88869	0.11017	0.0010179	0.00012934
194	0.85582	0.14303	0.00097589	0.00016733
195	0.8336	0.16526	0.00094644	0.00019277
196	0.78162	0.21725	0.00088235	0.0002528
197	0.74285	0.25602	0.00083421	0.00029694
198	0.71424	0.28463	0.00079824	0.00032894
199	0.69356	0.30531	0.00077171	0.00035154
200	0.68067	0.31821	0.0007541	0.00036519
201	0.67265	0.32623	0.0007422	0.00037317
202	0.64504	0.35385	0.00070834	0.00040314
203	0.62507	0.37382	0.0006834	0.00042423
204	0.61133	0.38756	0.00066566	0.00043816
205	0.60267	0.39623	0.00065373	0.00044632
206	0.59849	0.40041	0.00064687	0.00044944
207	0.59982	0.39909	0.00064602	0.00044652
208	0.5868	0.41211	0.00062952	0.00045928
209	0.57875	0.42016	0.00061862	0.00046649
210	0.54871	0.4502	0.00058403	0.00049741
211	0.52695	0.47198	0.00055869	0.00051912
212	0.51175	0.48718	0.00054063	0.00053358
213	0.50192	0.49701	0.00052848	0.00054215
214	0.46989	0.52904	0.000493	0.0005741
215	0.3947	0.60423	0.0004121	0.00065145
216	0.33803	0.66091	0.00035138	0.00070863
217	0.29545	0.7035	0.00030592	0.00075059
218	0.26668	0.73227	0.00027499	0.00077799
219	0.24538	0.75357	0.00025209	0.00079738
220	0.22995	0.76901	0.00023545	0.00081055
221	0.18513	0.81383	0.00018866	0.00085384
222	0.1545	0.84446	0.0001566	0.00088238
223	0.13153	0.86744	0.00013266	0.00090282
224	0.11618	0.88279	0.00011657	0.0009154
225	0.105	0.89397	0.00010486	0.00092361
226	0.09712	0.90185	9.6594e-05	0.0009284
227	0.092675	0.9063	9.1799e-05	0.0009297
228	0.091242	0.90774	9.0025e-05	0.00092796
229	0.092624	0.90636	9.1041e-05	0.00092341
230	0.096086	0.9029	9.4143e-05	0.00091679
231	0.10194	0.89705	9.9621e-05	0.00090782
232	0.11163	0.88737	0.00010881	0.00089512
233	0.12502	0.87398	0.00012162	0.00087882
234	0.14321	0.85579	0.00013912	0.00085786
235	0.14704	0.85197	0.00014241	0.00085112
236	0.15501	0.844	0.00014969	0.00084037
237	0.16665	0.83237	0.00016054	0.00082609
238	0.14917	0.84985	0.000143	0.0008402
239	0.1364	0.86262	0.00013019	0.00084962
240	0.12844	0.87059	0.00012205	0.00085434
241	0.12443	0.8746	0.00011773	0.00085522
242	0.12287	0.87616	0.00011581	0.00085372
243	0.12369	0.87534	0.0001162	0.00084993
244	0.12694	0.87209	0.00011893	0.00084383
245	0.13379	0.86525	0.00012502	0.00083435
246	0.14391	0.85513	0.00013419	0.0008218
247	0.15954	0.83951	0.00014845	0.00080415
248	0.18068	0.81837	0.00016785	0.00078138
249	0.20906	0.79	0.00019399	0.00075188
250	0.25006	0.749	0.00023169	0.00071082
251	0.30422	0.69484	0.00028154	0.00065761
252	0.37598	0.62309	0.00034766	0.00058817
253	0.40643	0.59264	0.0003747	0.00055779
254	0.44725	0.55182	0.00041128	0.00051788
255	0.50154	0.49754	0.00046023	0.00046564
256	0.52112	0.47795	0.00047663	0.00044592
257	0.54824	0.45084	0.00049993	0.00041932
258	0.58495	0.41413	0.000532	0.00038399
259	0.63427	0.36482	0.00057556	0.0003372
260	0.70005	0.29904	0.00063412	0.00027543
261	0.79605	0.20304	0.00071972	0.00018659
262	0.83463	0.16447	0.00075247	0.00015064
263	0.84958	0.14952	0.00076337	0.00013651
264	0.87286	0.12624	0.00078162	0.00011499
265	0.90438	0.094727	0.00080724	8.6131e-05
266	0.91756	0.081547	0.0008161	7.4004e-05
267	0.93602	0.063096	0.00082968	5.7201e-05
268	0.94215	0.056962	0.00083219	5.1497e-05
269	0.94192	0.057199	0.00082903	5.1495e-05
270	0.944	0.055122	0.00082798	4.9425e-05
271	0.94852	0.050604	0.00082913	4.5189e-05
272	0.95587	0.04326	0.00083281	3.8457e-05
273	0.96779	0.031337	0.00084043	2.7753e-05
274	0.97192	0.02722	0.00084114	2.3986e-05
275	0.97906	0.02008	0.00084443	1.7616e-05
276	0.99013	0.0090074	0.00085105	7.8841e-06
277	0.99461	0.0045303	0.0008519	3.947e-06
278	0.99392	0.0052257	0.00084822	4.5206e-06
279	0.99426	0.0048936	0.00084545	4.2074e-06
280	0.99328	0.0058717	0.00084153	5.0185e-06
281	0.99337	0.0057879	0.00083855	4.9192e-06
282	0.99174	0.0074205	0.00083408	6.2741e-06
283	0.99129	0.0078728	0.00083066	6.6216e-06
284	0.98885	0.010316	0.00082553	8.6367e-06
285	0.9878	0.01137	0.00082161	9.4725e-06
286	0.98367	0.015506	0.00081512	1.2862e-05
287	0.98164	0.01753	0.00081034	1.4491e-05
288	0.98148	0.017701	0.00080707	1.4589e-05
289	0.98314	0.01604	0.00080525	1.3193e-05
290	0.98647	0.012715	0.00080483	1.044e-05
291	0.9917	0.0074919	0.00080598	6.1515e-06
292	0.98464	0.014555	0.00079704	1.1917e-05
293	0.98035	0.018841	0.00079036	1.5389e-05
294	0.97792	0.021278	0.00078525	1.7322e-05
295	0.97005	0.029153	0.00077581	2.3622e-05
296	0.96483	0.034377	0.0007686	2.7726e-05
297	0.96189	0.037321	0.00076329	2.9962e-05
298	0.96152	0.037687	0.00076001	3.0145e-05
299	0.96314	0.036073	0.00075833	2.8745e-05
300	0.96683	0.032382	0.00075834	2.5703e-05
301	0.95661	0.042613	0.00074745	3.3587e-05
302	0.95036	0.048863	0.00073968	3.8325e-05
303	0.94671	0.052516	0.00073401	4.0991e-05
304	0.94603	0.053197	0.00073062	4.1348e-05
305	0.94756	0.051667	0.00072898	3.998e-05
306	0.95217	0.047062	0.00072965	3.6271e-05
307	0.95104	0.0482	0.00072585	3.7001e-05
308	0.95206	0.047182	0.00072374	3.6066e-05
309	0.95586	0.043384	0.0007237	3.3041e-05
310	0.96224	0.037003	0.00072564	2.8066e-05
311	0.97167	0.027584	0.00072988	2.0814e-05
312	0.98625	0.013002	0.0007379	9.7601e-06
313	0.98697	0.012283	0.0007354	9.181e-06
314	0.9894	0.0098557	0.00073413	7.344e-06
315	0.99345	0.0058125	0.00073408	4.3168e-06
316	0.9948	0.0044653	0.00073206	3.2991e-06
317	0.99476	0.0045063	0.00072897	3.3145e-06
318	0.99321	0.0060593	0.00072482	4.4293e-06
319	0.98923	0.010048	0.00071886	7.3114e-06
320	0.98685	0.012427	0.00071413	8.9944e-06
321	0.98624	0.013042	0.00071065	9.3992e-06
322	0.98697	0.012313	0.00070818	8.8285e-06
323	0.98532	0.013963	0.00070396	9.967e-06
324	0.9851	0.01419	0.00070081	1.0075e-05
325	0.98656	0.01273	0.00069882	8.9938e-06
326	0.9899	0.009397	0.00069809	6.6089e-06
327	0.99563	0.003665	0.00069898	2.574e-06
328	0.99277	0.0065354	0.00069387	4.5725e-06
329	0.99122	0.0080883	0.00068974	5.6293e-06
330	0.99088	0.0084298	0.00068649	5.8317e-06
331	0.99194	0.0073724	0.00068417	5.0721e-06
332	0.99453	0.0047816	0.00068286	3.2715e-06
333	0.99907	0.00024841	0.00068281	1.6922e-07
334	0.99836	0.00096412	0.00067922	6.5328e-07
335	0.99843	0.00089827	0.00067612	6.0575e-07
336	0.9993	2.4221e-05	0.00067353	1.6314e-08
337	0.99915	0.00017641	0.00067028	1.1822e-07
338	0.99515	0.004179	0.00066442	2.7941e-06
339	0.99293	0.0064047	0.00065973	4.2679e-06
340	0.99193	0.0074063	0.00065591	4.9109e-06
341	0.99232	0.0070265	0.00065296	4.6418e-06
342	0.99387	0.0054792	0.00065081	3.6046e-06
343	0.99054	0.0088117	0.00064543	5.7723e-06
344	0.98867	0.010681	0.00064106	6.9594e-06
345	0.98838	0.010977	0.00063768	7.1228e-06
346	0.98531	0.014046	0.00063247	9.0808e-06
347	0.98382	0.015537	0.00062833	9.998e-06
348	0.9838	0.015566	0.00062518	9.9664e-06
349	0.98523	0.014135	0.00062299	9.0017e-06
350	0.98867	0.010704	0.00062201	6.7904e-06
351	0.994	0.0053702	0.00062225	3.3951e-06
352	0.9887	0.010682	0.00061575	6.7077e-06
353	0.98528	0.014096	0.0006105	8.796e-06
354	0.98387	0.015515	0.00060647	9.6351e-06
355	0.98391	0.015475	0.00060338	9.5616e-06
356	0.9854	0.013992	0.00060121	8.5982e-06
357	0.98844	0.010953	0.00060002	6.6877e-06
358	0.99373	0.0056634	0.00060014	3.4379e-06
359	0.9957	0.0037037	0.00059817	2.2387e-06
360	0.99613	0.0032739	0.00059531	1.9664e-06
361	0.99553	0.003872	0.00059179	2.3129e-06
362	0.99588	0.0035325	0.00058887	2.0971e-06
363	0.99501	0.0044016	0.00058526	2.5923e-06
364	0.99531	0.0041012	0.00058231	2.4008e-06
365	0.98981	0.009604	0.00057602	5.5745e-06
366	0.98658	0.012837	0.00057104	7.4106e-06
367	0.98527	0.014151	0.00056714	8.1285e-06
368	0.98537	0.014054	0.0005641	8.0248e-06
369	0.98724	0.012188	0.00056202	6.9202e-06
370	0.99114	0.0082902	0.00056104	4.6865e-06
371	0.99222	0.0072135	0.00055848	4.0551e-06
372	0.99153	0.0079111	0.0005549	4.4263e-06
373	0.99198	0.0074607	0.00055198	4.1497e-06
374	0.99386	0.0055879	0.00054982	3.0931e-06
375	0.99708	0.0023655	0.00054842	1.3006e-06
376	0.99843	0.0010204	0.00054594	5.5884e-07
377	0.99902	0.00043212	0.00054307	2.3502e-07
378	0.99936	9.6473e-05	0.00054009	5.0747e-08
379	0.9994	6.0607e-05	0.00053691	2.7296e-08
380	0.99855	0.00091191	0.00053332	3.887e-07
381	0.99843	0.0010442	0.00053013	3.8369e-07
382	0.99788	0.0015847	0.00053592	7.2123e-07
383	0.99651	0.0029443	0.00054123	1.4947e-06
384	0.99307	0.0063783	0.00054544	3.42e-06
385	0.9913	0.0081442	0.00055049	4.4638e-06
386	0.99076	0.008676	0.00055627	4.8317e-06
387	0.99142	0.0080152	0.00056277	4.5265e-06
388	0.99332	0.0061101	0.00057004	3.4965e-06
389	0.99659	0.0028286	0.00057819	1.6406e-06
390	0.99788	0.001534	0.00058527	9.0054e-07
391	0.99331	0.0061008	0.00058884	3.6302e-06
392	0.99038	0.0090213	0.0005934	5.4214e-06
393	0.98912	0.010279	0.00059889	6.2461e-06
394	0.98913	0.010261	0.00060519	6.3e-06
395	0.99066	0.0087213	0.0006124	5.4164e-06
396	0.99359	0.0057853	0.00062056	3.6336e-06
397	0.99456	0.0048077	0.00062747	3.0568e-06
398	0.99407	0.005295	0.00063351	3.4011e-06
399	0.99459	0.0047624	0.00064025	3.0896e-06
400	0.99367	0.0056766	0.00064612	3.7119e-06
401	0.99381	0.0055316	0.00065272	3.6451e-06
402	0.99525	0.0040876	0.00066015	2.717e-06
403	0.99819	0.0011428	0.00066856	7.6832e-07
404	0.99817	0.0011505	0.00067505	7.7952e-07
405	0.99772	0.0015938	0.00068121	1.0905e-06
406	0.99656	0.0027476	0.00068683	1.9015e-06
407	0.99631	0.0029951	0.00069312	2.0923e-06
408	0.99694	0.0023629	0.00070008	1.6645e-06
409	0.9968	0.0024932	0.00070646	1.7731e-06
410	0.99562	0.0036675	0.00071215	2.628e-06
411	0.9954	0.0038756	0.00071858	2.7966e-06
412	0.99394	0.0053301	0.00072406	3.8778e-06
413	0.99377	0.0054973	0.00073042	4.0369e-06
414	0.99486	0.0044007	0.00073767	3.2658e-06
415	0.99708	0.0021705	0.00074583	1.6272e-06
416	0.99792	0.0013257	0.00075304	1.0015e-06
417	0.99818	0.0010592	0.00075978	8.0789e-07
418	0.99035	0.0088864	0.00076024	6.8521e-06
419	0.98539	0.013839	0.00076278	1.0776e-05
420	0.98232	0.016903	0.0007668	1.3271e-05
421	0.9734	0.025818	0.00076623	2.041e-05
422	0.9673	0.031911	0.00076786	2.5405e-05
423	0.96355	0.035645	0.00077137	2.8579e-05
424	0.96235	0.036843	0.00077682	2.9768e-05
425	0.96353	0.035655	0.00078415	2.9041e-05
426	0.96736	0.031822	0.00079361	2.6141e-05
427	0.9736	0.025577	0.00080519	2.1177e-05
428	0.98353	0.015634	0.00081988	1.3066e-05
429	0.99732	0.0018411	0.00083802	1.5526e-06
430	0.99551	0.0036425	0.00084307	3.098e-06
431	0.99105	0.0081	0.00084588	6.932e-06
432	0.98825	0.010887	0.00085014	9.3762e-06
433	0.9869	0.012236	0.00085567	1.0603e-05
434	0.98714	0.011987	0.00086253	1.046e-05
435	0.98901	0.010109	0.00087078	8.8869e-06
436	0.98355	0.015566	0.00087263	1.377e-05
437	0.98049	0.01862	0.0008765	1.6597e-05
438	0.97951	0.019593	0.00088215	1.7603e-05
439	0.98009	0.019005	0.00088927	1.7195e-05
440	0.98263	0.01646	0.00089813	1.5001e-05
441	0.98745	0.011635	0.00090907	1.0691e-05
442	0.98507	0.014003	0.00091336	1.2984e-05
443	0.98418	0.014882	0.00091909	1.3905e-05
444	0.9847	0.014356	0.00092619	1.3506e-05
445	0.98706	0.011993	0.00093498	1.1369e-05
446	0.9911	0.0079459	0.00094549	7.5807e-06
447	0.99776	0.0012768	0.00095851	1.2331e-06
448	0.99478	0.0042573	0.00096222	4.1524e-06
449	0.99326	0.005763	0.0009673	5.6735e-06
450	0.99285	0.0061716	0.00097349	6.1267e-06
451	0.9904	0.0086123	0.00097773	8.6028e-06
452	0.98927	0.0097333	0.00098331	9.7845e-06
453	0.98939	0.0096071	0.0009902	9.7198e-06
454	0.99076	0.0082373	0.00099842	8.3862e-06
455	0.99347	0.0055202	0.0010081	5.6484e-06
456	0.9982	0.00078059	0.0010199	8.0404e-07
457	0.98788	0.011088	0.0010161	1.1441e-05
458	0.98054	0.018428	0.0010153	1.9116e-05
459	0.97563	0.02333	0.0010171	2.4331e-05
460	0.9635	0.035449	0.0010112	3.7195e-05
461	0.95576	0.04318	0.0010096	4.5622e-05
462	0.95155	0.047384	0.0010117	5.0421e-05
463	0.79909	0.19985	0.00085496	0.00021407
464	0.69244	0.30649	0.00074519	0.00033072
465	0.61201	0.3869	0.0006628	0.00042005
466	0.55705	0.44186	0.00060688	0.00048287
467	0.51599	0.48291	0.00056568	0.00053101
468	0.48863	0.51027	0.00053894	0.00056467
469	0.47114	0.52775	0.00052272	0.00058777
470	0.45929	0.53959	0.00051269	0.00060473
471	0.45349	0.54538	0.00050924	0.00061508
472	0.453	0.54587	0.00051166	0.00061953
473	0.43712	0.56175	0.0004966	0.00064151
474	0.42664	0.57221	0.00048762	0.00065746
475	0.42194	0.57691	0.00048508	0.00066692
476	0.34118	0.65766	0.00039372	0.00076519
477	0.28021	0.71863	0.0003247	0.00084116
478	0.23775	0.76108	0.00027649	0.00089629
479	0.20574	0.79308	0.00024023	0.00093952
480	0.18174	0.81707	0.00021316	0.00097359
481	0.16403	0.83478	0.00019334	0.0010004
482	0.15122	0.84758	0.00017921	0.0010217
483	0.14231	0.85649	0.00016964	0.0010384
484	0.13654	0.86225	0.00016378	0.0010514
485	0.13449	0.86428	0.00016231	0.00106
486	0.11972	0.87906	0.00014534	0.0010841
487	0.11007	0.88869	0.00013439	0.0011022
488	0.10452	0.89423	0.0001283	0.0011155
489	0.10141	0.89734	0.00012522	0.0011257
490	0.088142	0.9106	0.00010934	0.0011487
491	0.078391	0.92034	9.7743e-05	0.0011675
492	0.071461	0.92727	8.9611e-05	0.0011829
493	0.067471	0.93125	8.5071e-05	0.0011946
494	0.066038	0.93267	8.3709e-05	0.0012032
495	0.066962	0.93174	8.5323e-05	0.0012087
496	0.060192	0.93851	7.7027e-05	0.0012242
497	0.056304	0.94239	7.2347e-05	0.0012361
498	0.05407	0.94461	6.9804e-05	0.0012458
499	0.053862	0.94482	6.9857e-05	0.001253
500	0.055653	0.94302	7.2508e-05	0.0012575
501	0.059074	0.93959	7.7363e-05	0.0012598
502	0.065087	0.93357	8.5663e-05	0.0012587
503	0.073518	0.92513	9.7302e-05	0.0012543
504	0.086175	0.91247	0.00011465	0.0012442
505	0.10316	0.89547	0.00013807	0.001228
506	0.12581	0.87281	0.00016947	0.0012039
507	0.13253	0.86609	0.00017954	0.0012011
508	0.12963	0.86898	0.00017649	0.0012116
509	0.12996	0.86864	0.00017784	0.0012176
510	0.13273	0.86587	0.00018262	0.0012202
511	0.13813	0.86046	0.00019118	0.001219
512	0.14664	0.85194	0.00020427	0.0012134
513	0.16049	0.83808	0.00022498	0.0012002
514	0.1794	0.81917	0.00025319	0.0011794
515	0.20478	0.79378	0.00029112	0.0011491
516	0.24225	0.7563	0.00034675	0.0011009
517	0.23873	0.75981	0.00034354	0.0011117
518	0.23949	0.75905	0.00034644	0.0011163
519	0.24485	0.75368	0.00035604	0.0011142
520	0.21177	0.78675	0.00030916	0.0011687
521	0.18911	0.80941	0.00027708	0.0012083
522	0.17238	0.82613	0.00025361	0.0012393
523	0.16033	0.83817	0.00023696	0.0012636
524	0.15203	0.84646	0.00022583	0.0012824
525	0.14692	0.85157	0.0002194	0.0012965
526	0.12925	0.86923	0.00019388	0.0013297
527	0.11775	0.88071	0.00017737	0.0013539
528	0.1097	0.88876	0.00016602	0.001373
529	0.084917	0.91354	0.00012899	0.0014177
530	0.066098	0.93235	0.00010085	0.0014537
531	0.053059	0.94538	8.1248e-05	0.001481
532	0.043276	0.95515	6.6545e-05	0.0015035
533	0.036672	0.96175	5.6592e-05	0.0015213
534	0.031836	0.96658	4.9336e-05	0.0015364
535	0.028983	0.96942	4.5088e-05	0.0015484
536	0.027214	0.97118	4.2531e-05	0.0015588
537	0.026395	0.972	4.1474e-05	0.0015678
538	0.026463	0.97192	4.1838e-05	0.0015754
539	0.027424	0.97095	4.366e-05	0.0015815
540	0.029375	0.96899	4.7122e-05	0.0015861
541	0.02598	0.97238	4.1945e-05	0.0015993
542	0.024165	0.97419	3.9254e-05	0.0016101
543	0.023601	0.97474	3.8561e-05	0.0016188
544	0.018236	0.9801	2.9895e-05	0.0016355
545	0.014155	0.98417	2.3298e-05	0.0016501
546	0.011038	0.98728	1.8256e-05	0.0016633
547	0.0086418	0.98967	1.4378e-05	0.0016753
548	0.0070681	0.99123	1.1819e-05	0.0016859
549	0.0060973	0.9922	1.0234e-05	0.0016956
550	0.0053767	0.99291	9.0656e-06	0.0017049
551	0.0048497	0.99343	8.2214e-06	0.001714
552	0.0046662	0.9936	7.9419e-06	0.0017224
553	0.0046029	0.99366	7.871e-06	0.0017307
554	0.0046637	0.99359	8.0185e-06	0.0017388
555	0.0048535	0.99339	8.3967e-06	0.0017467
556	0.005187	0.99305	9.0361e-06	0.0017544
557	0.0056905	0.99254	9.9886e-06	0.0017618
558	0.0064034	0.99182	1.1332e-05	0.0017689
559	0.0073699	0.99084	1.3155e-05	0.0017756
560	0.0089576	0.98925	1.6102e-05	0.0017811
561	0.011325	0.98687	2.0472e-05	0.0017852
562	0.014773	0.98341	2.6828e-05	0.0017872
563	0.01925	0.97893	3.5152e-05	0.0017874
564	0.025835	0.97233	4.739e-05	0.0017836
565	0.020465	0.9777	3.775e-05	0.0018017
566	0.016842	0.98131	3.1222e-05	0.0018167
567	0.014165	0.98398	2.6421e-05	0.00183
568	0.012519	0.98562	2.3478e-05	0.0018415
569	0.011749	0.98638	2.2136e-05	0.0018513
570	0.011747	0.98637	2.2218e-05	0.0018596
571	0.012514	0.9856	2.374e-05	0.0018666
572	0.0096796	0.98842	1.8439e-05	0.0018803
573	0.0077428	0.99035	1.4793e-05	0.0018924
574	0.006239	0.99185	1.1966e-05	0.0019038
575	0.0052405	0.99284	1.0077e-05	0.0019142
576	0.0044432	0.99362	8.5735e-06	0.0019242
577	0.0039809	0.99408	7.6962e-06	0.0019336
578	0.0036159	0.99443	7.0107e-06	0.0019428
579	0.0033196	0.99472	6.4617e-06	0.001952
580	0.003227	0.99481	6.2949e-06	0.0019607
581	0.0031676	0.99486	6.1985e-06	0.0019695
582	0.0031295	0.99489	6.1485e-06	0.0019782
583	0.003117	0.99489	6.1543e-06	0.0019869
584	0.0032852	0.99471	6.506e-06	0.0019953
585	0.0034855	0.9945	6.93e-06	0.0020036
586	0.0037333	0.99425	7.4582e-06	0.0020119
587	0.0040472	0.99392	8.1306e-06	0.0020201
588	0.0046469	0.99332	9.3722e-06	0.0020277
589	0.005404	0.99255	1.0953e-05	0.002035
590	0.0063668	0.99158	1.2979e-05	0.0020419
591	0.0076084	0.99033	1.561e-05	0.0020482
592	0.0092231	0.9887	1.9055e-05	0.0020538
593	0.011637	0.98628	2.4175e-05	0.0020577
594	0.015239	0.98267	3.1796e-05	0.0020591
595	0.019915	0.97798	4.1776e-05	0.0020581
596	0.026022	0.97187	5.491e-05	0.0020541
597	0.034063	0.96382	7.234e-05	0.0020458
598	0.045622	0.95225	9.7395e-05	0.0020299
599	0.049004	0.94886	0.00010506	0.0020313
600	0.04669	0.95117	0.0001005	0.002045
601	0.046352	0.95149	0.00010013	0.0020544
602	0.039621	0.95822	8.5806e-05	0.0020777
603	0.03472	0.96311	7.5423e-05	0.0020972
604	0.031877	0.96594	6.9422e-05	0.0021123
605	0.030695	0.96711	6.6988e-05	0.0021237
606	0.030533	0.96727	6.6815e-05	0.002133
607	0.031779	0.96601	6.9706e-05	0.0021392
608	0.034116	0.96367	7.5061e-05	0.002143
609	0.037751	0.96002	8.3369e-05	0.0021438
610	0.042969	0.95479	9.5311e-05	0.0021411
611	0.042463	0.95529	9.4498e-05	0.0021511
612	0.043189	0.95456	9.6484e-05	0.0021584
613	0.045727	0.95201	0.00010252	0.0021616
614	0.049781	0.94795	0.00011208	0.0021614
615	0.055658	0.94206	0.00012592	0.0021569
616	0.043552	0.95416	9.8851e-05	0.0021933
617	0.034421	0.96328	7.8445e-05	0.0022232
618	0.028319	0.96937	6.4755e-05	0.0022463
619	0.023807	0.97387	5.4659e-05	0.0022659
620	0.020936	0.97673	4.8238e-05	0.0022818
621	0.019343	0.97832	4.4703e-05	0.0022948
622	0.018493	0.97916	4.29e-05	0.0023061
623	0.018339	0.9793	4.2738e-05	0.0023158
624	0.019179	0.97845	4.4885e-05	0.0023232
625	0.02112	0.9765	4.9617e-05	0.002328
626	0.023977	0.97364	5.6587e-05	0.0023306
627	0.027965	0.96964	6.6347e-05	0.0023305
628	0.034141	0.96345	8.1371e-05	0.0023251
629	0.042397	0.95519	0.00010158	0.0023145
630	0.054381	0.94319	0.00013087	0.0022949
631	0.07162	0.92594	0.000173	0.0022624
632	0.0767	0.92085	0.000186	0.002259
633	0.084203	0.91334	0.00020511	0.0022497
634	0.083254	0.91428	0.00020366	0.0022609
635	0.084845	0.91268	0.00020839	0.002266
636	0.089179	0.90834	0.00021989	0.0022642
637	0.097001	0.90051	0.00024005	0.0022538
638	0.10797	0.88953	0.00026829	0.0022353
639	0.12299	0.8745	0.00030703	0.0022064
640	0.14544	0.85204	0.0003646	0.0021587
641	0.17521	0.82225	0.00044134	0.0020918
642	0.21476	0.7827	0.00054382	0.0019993
643	0.22787	0.76957	0.00057968	0.0019734
644	0.24806	0.74937	0.00063384	0.0019293
645	0.27844	0.71899	0.00071442	0.0018586
646	0.32324	0.67417	0.00083253	0.0017505
647	0.38251	0.61489	0.00098943	0.0016036
648	0.46888	0.52852	0.0012174	0.0013855
649	0.47501	0.52238	0.0012381	0.0013749
650	0.48727	0.51011	0.0012748	0.0013481
651	0.50527	0.49209	0.0013272	0.0013059
652	0.53053	0.46683	0.0013994	0.0012439
653	0.56797	0.42938	0.0015042	0.0011491
654	0.61799	0.37935	0.0016439	0.0010197
655	0.63642	0.36091	0.0017	0.00097385
656	0.66456	0.33275	0.0017825	0.00090162
657	0.7026	0.2947	0.0018927	0.00080168
658	0.75879	0.23851	0.0020528	0.0006519
659	0.8336	0.16369	0.0022656	0.00044948
660	0.93244	0.064835	0.002547	0.00017858
661	0.9331	0.064166	0.0025589	0.00017726
662	0.93682	0.060431	0.0025792	0.00016749
663	0.94409	0.053154	0.0026093	0.00014786
664	0.95478	0.042449	0.0026493	0.00011841
665	0.97134	0.02588	0.0027059	7.2395e-05
666	0.97833	0.01888	0.0027357	5.3015e-05
667	0.98829	0.0089089	0.0027743	2.5031e-05
668	0.98852	0.0086662	0.0027854	2.4414e-05
669	0.98655	0.01063	0.0027904	2.9993e-05
670	0.98615	0.011014	0.0027998	3.1162e-05
671	0.98729	0.0098679	0.0028135	2.8004e-05
672	0.99017	0.0069799	0.0028321	1.9873e-05
673	0.99092	0.0062188	0.0028446	1.7788e-05
674	0.99019	0.0069404	0.0028527	1.9967e-05
675	0.99057	0.0065485	0.0028642	1.8921e-05
676	0.99235	0.0047529	0.0028797	1.3817e-05
677	0.99251	0.0045865	0.0028906	1.3396e-05
678	0.99118	0.0059098	0.0028973	1.7314e-05
679	0.99115	0.0059243	0.0029077	1.7436e-05
680	0.99219	0.0048718	0.0029213	1.4393e-05
681	0.99467	0.0023843	0.0029392	7.1052e-06
682	0.99382	0.0032209	0.0029474	9.6348e-06
683	0.99389	0.0031472	0.0029583	9.4501e-06
684	0.99486	0.0021573	0.0029722	6.5039e-06
685	0.99281	0.0042041	0.0029771	1.2661e-05
686	0.98809	0.0089118	0.0029738	2.6915e-05
687	0.98549	0.011502	0.0029767	3.4895e-05
688	0.98431	0.012665	0.002984	3.8562e-05
689	0.98004	0.016927	0.0029818	5.1755e-05
690	0.97759	0.019363	0.0029852	5.9402e-05
691	0.97678	0.020163	0.0029938	6.2041e-05
692	0.97794	0.018997	0.0030082	5.8676e-05
693	0.98074	0.016183	0.003028	5.0145e-05
694	0.98589	0.011024	0.003055	3.4306e-05
695	0.99338	0.0035242	0.0030896	1.0986e-05
696	0.99683	5.5049e-05	0.0031116	1.7194e-07
697	0.99684	4.1276e-05	0.0031228	1.3038e-07
698	0.99615	0.000713	0.003132	2.2576e-06
699	0.9949	0.001956	0.0031392	6.2358e-06
700	0.99196	0.0048831	0.0031412	1.561e-05
701	0.98536	0.011468	0.0031312	3.6839e-05
702	0.98144	0.015376	0.0031296	4.9652e-05
703	0.97924	0.017569	0.0031336	5.697e-05
704	0.97859	0.018211	0.0031427	5.9292e-05
705	0.97944	0.017351	0.0031568	5.6728e-05
706	0.98187	0.014906	0.0031762	4.8944e-05
707	0.98606	0.010707	0.0032016	3.532e-05
708	0.99232	0.0044354	0.0032341	1.4718e-05
709	0.95361	0.043129	0.0031184	0.00014226
710	0.92694	0.069786	0.0030413	0.00023117
711	0.90735	0.089361	0.0029874	0.00029695
712	0.89454	0.10217	0.0029554	0.00034082
713	0.88593	0.11077	0.0029373	0.0003708
714	0.88164	0.11504	0.0029334	0.00038659
715	0.88131	0.11536	0.0029425	0.00038932
716	0.8839	0.11275	0.0029617	0.0003821
717	0.8781	0.11854	0.0029527	0.00040314
718	0.87548	0.12115	0.0029546	0.00041343
719	0.87662	0.12	0.0029691	0.00041105
720	0.88186	0.11475	0.0029975	0.00039477
721	0.89069	0.10591	0.0030385	0.00036594
722	0.9038	0.092779	0.0030947	0.000322
723	0.92223	0.074337	0.00317	0.00025913
724	0.92933	0.067226	0.0032061	0.00023537
725	0.93995	0.056594	0.0032549	0.00019903
726	0.9549	0.041634	0.0033195	0.00014708
727	0.96014	0.036376	0.0033503	0.00012892
728	0.96894	0.027563	0.0033938	9.8133e-05
729	0.98132	0.015173	0.0034504	5.427e-05
730	0.98114	0.015347	0.0034626	5.4975e-05
731	0.97805	0.01842	0.0034644	6.6051e-05
732	0.97665	0.019809	0.0034723	7.1156e-05
733	0.97682	0.019624	0.0034859	7.0614e-05
734	0.979	0.017433	0.0035067	6.2894e-05
735	0.98296	0.013452	0.0035342	4.8579e-05
736	0.98397	0.012433	0.0035509	4.4978e-05
737	0.98681	0.0095801	0.0035742	3.472e-05
738	0.99188	0.0044938	0.0036056	1.6295e-05
739	0.98775	0.0086202	0.0036034	3.1359e-05
740	0.98551	0.010843	0.003608	3.9607e-05
741	0.98495	0.011393	0.0036186	4.1801e-05
742	0.98185	0.01448	0.0036197	5.3417e-05
743	0.98034	0.015978	0.0036267	5.9173e-05
744	0.97471	0.021592	0.0036187	8.0198e-05
745	0.96145	0.03484	0.0035819	0.00012993
746	0.95304	0.043236	0.0035627	0.00016193
747	0.94757	0.048697	0.0035546	0.00018301
748	0.94525	0.051004	0.0035581	0.00019242
749	0.94515	0.051083	0.0035701	0.00019339
750	0.94792	0.0483	0.0035929	0.00018357
751	0.95313	0.04308	0.0036252	0.00016432
752	0.962	0.034201	0.0036715	0.00013105
753	0.97452	0.021661	0.0037324	8.3367e-05
754	0.99174	0.0044312	0.003812	1.7082e-05
755	0.99089	0.0052686	0.0038219	2.0367e-05
756	0.99106	0.0050833	0.0038359	1.9688e-05
757	0.9897	0.0064346	0.0038439	2.4993e-05
758	0.98944	0.0066747	0.0038564	2.5976e-05
759	0.99053	0.0055762	0.0038739	2.1757e-05
760	0.99311	0.0029857	0.0038973	1.1686e-05
761	0.99403	0.0020516	0.0039141	8.0727e-06
762	0.99592	0.00014399	0.003935	5.6736e-07
763	0.99503	0.0010233	0.0039448	4.0576e-06
764	0.99494	0.0010936	0.0039577	4.3624e-06
765	0.99557	0.00045124	0.0039736	1.8112e-06
766	0.99509	0.00091994	0.0039852	3.697e-06
767	0.99096	0.0050357	0.003982	2.0327e-05
768	0.98836	0.0076282	0.003985	3.0864e-05
769	0.98734	0.0086307	0.0039943	3.5062e-05
770	0.98751	0.0084496	0.0040085	3.4441e-05
771	0.98911	0.0068294	0.0040285	2.7976e-05
772	0.98902	0.0069105	0.0040415	2.8462e-05
773	0.99004	0.0058805	0.0040593	2.4354e-05
774	0.99225	0.003648	0.0040822	1.5225e-05
775	0.99073	0.0051586	0.0040895	2.1627e-05
776	0.99027	0.0056017	0.0041013	2.3594e-05
777	0.99085	0.0050107	0.0041177	2.1228e-05
778	0.9899	0.0059502	0.0041277	2.5278e-05
779	0.98681	0.0090275	0.0041286	3.8465e-05
780	0.98514	0.010679	0.0041356	4.5656e-05
781	0.98033	0.015478	0.004129	6.6403e-05
782	0.97738	0.018408	0.0041304	7.9237e-05
783	0.97649	0.019284	0.0041404	8.3415e-05
784	0.95801	0.037754	0.0040745	0.00016359
785	0.9459	0.049846	0.0040356	0.00021683
786	0.93753	0.058208	0.0040127	0.00025405
787	0.93222	0.063495	0.0040033	0.00027803
788	0.93016	0.06554	0.0040077	0.00028812
789	0.9305	0.065194	0.0040227	0.00028776
790	0.90585	0.089821	0.0039274	0.00039759
791	0.8878	0.10786	0.0038609	0.00047873
792	0.87497	0.12068	0.0038174	0.0005371
793	0.86638	0.12925	0.0037926	0.00057688
794	0.8614	0.13422	0.0037838	0.00060084
795	0.85967	0.13593	0.0037895	0.00061032
796	0.8486	0.14699	0.0037533	0.0006617
797	0.81766	0.17791	0.0036285	0.00080189
798	0.7405	0.25506	0.003297	0.0011488
799	0.54957	0.44596	0.0024565	0.0020049
800	0.41579	0.57974	0.0018644	0.0026126
801	0.32365	0.67186	0.0014546	0.0030379
802	0.25367	0.74182	0.0011434	0.0033647
803	0.20479	0.79069	0.00092512	0.0035986
804	0.16775	0.82771	0.00075989	0.0037795
805	0.13975	0.85569	0.00063517	0.00392
806	0.12048	0.87495	0.00054916	0.0040218
807	0.10774	0.88767	0.00049235	0.0040944
808	0.09976	0.89564	0.00045694	0.0041455
809	0.095424	0.89996	0.00043805	0.0041801
810	0.093267	0.9021	0.00042929	0.0042046
811	0.081645	0.91371	0.0003761	0.0042735
812	0.074079	0.92126	0.00034146	0.0043239
813	0.068917	0.9264	0.00031804	0.0043631
814	0.065755	0.92955	0.00030399	0.0043931
815	0.064313	0.93097	0.00029802	0.0044151
816	0.06448	0.93079	0.00029968	0.0044296
817	0.066304	0.92895	0.00030924	0.0044362
818	0.07057	0.92467	0.00033029	0.0044314
819	0.077033	0.91819	0.00036201	0.0044159
820	0.087378	0.90783	0.00041221	0.004382
821	0.10138	0.89381	0.00048037	0.0043302
822	0.12019	0.87499	0.00057233	0.0042547
823	0.14528	0.84988	0.00069558	0.004148
824	0.18139	0.81375	0.00087265	0.0039875
825	0.22923	0.7659	0.0011086	0.0037682
826	0.24868	0.74643	0.0012072	0.0036862
827	0.2775	0.71759	0.001352	0.003558
828	0.31613	0.67894	0.0015464	0.0033803
829	0.36735	0.6277	0.0018052	0.0031384
830	0.43536	0.55968	0.0021501	0.0028105
831	0.52548	0.46954	0.0026093	0.0023684
832	0.5137	0.4813	0.0025597	0.0024352
833	0.50826	0.48673	0.0025413	0.0024708
834	0.50702	0.48795	0.0025442	0.0024852
835	0.51104	0.48392	0.0025736	0.0024731
836	0.51943	0.4755	0.0026257	0.0024383
837	0.5345	0.46042	0.002712	0.0023694
838	0.55816	0.43674	0.0028425	0.0022562
839	0.59405	0.40083	0.0030361	0.0020798
840	0.64209	0.35278	0.0032944	0.0018389
841	0.70591	0.28894	0.0036372	0.0015137
842	0.73065	0.26418	0.0037792	0.0013893
843	0.73787	0.25695	0.0038299	0.0013562
844	0.75142	0.24338	0.0039138	0.0012899
845	0.7732	0.22158	0.0040409	0.0011802
846	0.80297	0.19179	0.0042116	0.0010272
847	0.79851	0.19624	0.0042021	0.0010545
848	0.79854	0.19619	0.0042162	0.0010581
849	0.80212	0.19258	0.0042496	0.0010426
850	0.80955	0.18514	0.0043042	0.0010061
851	0.82141	0.17327	0.0043832	0.00094524
852	0.83861	0.15604	0.0044923	0.0008546
853	0.86505	0.12958	0.0046518	0.00071335
854	0.90066	0.093956	0.0048632	0.00052043
855	0.91447	0.080129	0.0049564	0.00044586
856	0.90819	0.086392	0.0049397	0.00048147
857	0.90574	0.088822	0.0049435	0.00049637
858	0.906	0.088543	0.0049626	0.00049624
859	0.90983	0.084696	0.0050012	0.00047641
860	0.91674	0.077763	0.0050576	0.00043903
861	0.92728	0.067203	0.0051351	0.00038081
862	0.94388	0.050581	0.0052468	0.00028819
863	0.96649	0.027959	0.0053938	0.00016055
864	0.96789	0.026537	0.0054205	0.00015299
865	0.97118	0.023232	0.0054584	0.00013458
866	0.97657	0.017817	0.0055087	0.00010386
867	0.98449	0.0098795	0.005574	5.8275e-05
868	0.98375	0.010599	0.0055897	6.2605e-05
869	0.98451	0.0098201	0.0056138	5.8342e-05
870	0.98693	0.0073816	0.0056475	4.4481e-05
871	0.98356	0.010726	0.0056473	6.4641e-05
872	0.97486	0.01941	0.0056154	0.00011678
873	0.96888	0.025362	0.0055996	0.00015289
874	0.95241	0.041813	0.0055211	0.00025198
875	0.94156	0.052647	0.0054753	0.00031833
876	0.93415	0.060033	0.00545	0.00036425
877	0.92963	0.06453	0.0054421	0.00039301
878	0.92766	0.066482	0.0054497	0.00040656
879	0.91854	0.075579	0.0054135	0.00046368
880	0.89548	0.09862	0.0052924	0.000606
881	0.87868	0.1154	0.005209	0.00071077
882	0.86687	0.12719	0.0051557	0.00078555
883	0.83505	0.15899	0.0049801	0.00098295
884	0.81158	0.18243	0.0048549	0.0011301
885	0.79477	0.19922	0.00477	0.0012372
886	0.78324	0.21073	0.0047172	0.0013123
887	0.77611	0.21784	0.0046912	0.0013608
888	0.77283	0.22109	0.0046892	0.0013856
889	0.77322	0.22068	0.00471	0.0013877
890	0.77725	0.21663	0.0047538	0.001367
891	0.78523	0.20863	0.0048229	0.0013211
892	0.7992	0.19463	0.0049298	0.0012375
893	0.81902	0.17479	0.005075	0.0011157
894	0.82434	0.16944	0.0051293	0.0010851
895	0.82061	0.17315	0.005126	0.0011119
896	0.82032	0.17342	0.0051448	0.0011169
897	0.82433	0.16939	0.0051908	0.0010946
898	0.83315	0.16054	0.0052676	0.0010414
899	0.84649	0.14718	0.0053744	0.00095833
900	0.86546	0.12818	0.0055191	0.00083766
901	0.89154	0.10208	0.0057121	0.00066897
902	0.92965	0.063949	0.0059848	0.00042037
903	0.98556	0.0080078	0.0063759	5.3283e-05
904	0.98385	0.0096925	0.0063891	6.4437e-05
905	0.98341	0.010111	0.0064107	6.7304e-05
906	0.98445	0.0090485	0.0064419	6.048e-05
907	0.98336	0.010113	0.0064594	6.7688e-05
908	0.98375	0.009697	0.0064864	6.5175e-05
909	0.98541	0.0080147	0.0065223	5.4143e-05
910	0.98501	0.0083906	0.0065446	5.6817e-05
911	0.98577	0.0076013	0.006575	5.1635e-05
912	0.98776	0.0055869	0.006614	3.8088e-05
913	0.98484	0.0084797	0.0066202	5.7639e-05
914	0.98332	0.0099801	0.0066359	6.7864e-05
915	0.98329	0.0099805	0.0066616	6.804e-05
916	0.98476	0.0084811	0.0066974	5.804e-05
917	0.98763	0.0055898	0.0067431	3.8351e-05
918	0.99258	0.00061223	0.0068031	4.2326e-06
919	0.99232	0.00084545	0.0068276	5.8487e-06
920	0.99273	0.00040907	0.006857	2.8288e-06
921	0.99301	0.00010848	0.0068854	7.4868e-07
922	0.98994	0.0031497	0.0068905	2.1842e-05
923	0.98831	0.0047561	0.0069052	3.3135e-05
924	0.98794	0.0050971	0.0069287	3.5686e-05
925	0.98583	0.0071814	0.0069396	5.0588e-05
926	0.98494	0.0080475	0.0069594	5.6921e-05
927	0.98545	0.0075039	0.006989	5.3348e-05
928	0.98429	0.0086387	0.0070065	6.1772e-05
929	0.98432	0.008586	0.0070327	6.1693e-05
930	0.98554	0.0073417	0.0070677	5.2993e-05
931	0.98502	0.0078319	0.0070902	5.6805e-05
932	0.98564	0.0071833	0.0071212	5.234e-05
933	0.98747	0.0053337	0.0071613	3.9044e-05
934	0.98757	0.0051982	0.0071892	3.8151e-05
935	0.98872	0.0040265	0.007225	2.9606e-05
936	0.99127	0.0014473	0.0072711	1.0679e-05
937	0.989	0.0036914	0.0072815	2.7298e-05
938	0.98783	0.0048336	0.0073003	3.5831e-05
939	0.98473	0.0079017	0.0073045	5.88e-05
940	0.98333	0.0092753	0.0073211	6.9359e-05
941	0.98316	0.0094226	0.007347	7.0746e-05
942	0.98421	0.0083418	0.0073825	6.2847e-05
943	0.98322	0.009302	0.007403	7.0229e-05
944	0.98372	0.0087799	0.0074345	6.6509e-05
945	0.98577	0.0067026	0.0074776	5.1015e-05
946	0.98588	0.006563	0.0075059	5.0223e-05
947	0.9871	0.0053174	0.007543	4.0906e-05
948	0.98952	0.0028714	0.0075897	2.2228e-05
949	0.99036	0.0019981	0.0076247	1.5537e-05
950	0.99045	0.0018768	0.0076537	1.4679e-05
951	0.99136	0.00093969	0.0076894	7.4378e-06
952	0.99048	0.0017974	0.0077113	1.4254e-05
953	0.98831	0.0039391	0.0077233	3.1275e-05
954	0.98723	0.0049853	0.0077441	3.9718e-05
955	0.98717	0.0050155	0.0077732	4.0132e-05
