#coord	neutral	conserved	gBGC.neutral	gBGC.conserved
1	0.76381	0.23453	0.0012703	0.00039069
2	0.7697	0.22865	0.0012775	0.00038008
3	0.77993	0.21842	0.0012919	0.00036227
4	0.79684	0.20151	0.0013173	0.0003335
5	0.82259	0.17577	0.001357	0.00029032
6	0.86111	0.13725	0.0014175	0.00022637
7	0.91245	0.085912	0.001499	0.00014149
8	0.93498	0.063383	0.0015328	0.0001043
9	0.96547	0.032897	0.0015795	5.4151e-05
10	0.97732	0.021049	0.0015956	3.4639e-05
11	0.98172	0.016651	0.0015996	2.7366e-05
12	0.9884	0.0099776	0.0016072	1.6387e-05
13	0.99109	0.0072896	0.0016083	1.1953e-05
14	0.99538	0.0030013	0.0016121	4.9161e-06
15	0.99715	0.0012366	0.0016117	2.0208e-06
16	0.99663	0.0017589	0.0016076	2.8602e-06
17	0.99689	0.0015053	0.0016048	2.4412e-06
18	0.99652	0.0018746	0.001601	3.0267e-06
19	0.99694	0.0014589	0.0015985	2.3462e-06
20	0.99833	7.396e-05	0.0015975	1.1851e-07
21	0.99838	2.7735e-05	0.0015944	4.4457e-08
22	0.9981	0.00030588	0.0015907	4.8896e-07
23	0.9977	0.00070901	0.0015869	1.13e-06
24	0.99796	0.00045643	0.0015842	7.2494e-07
25	0.99807	0.00035324	0.0015812	5.6021e-07
26	0.99809	0.0003327	0.0015781	5.2546e-07
27	0.9971	0.0013263	0.0015733	2.0915e-06
28	0.99699	0.001436	0.00157	2.2622e-06
29	0.99764	0.00079036	0.0015679	1.2418e-06
30	0.99793	0.0005046	0.0015651	7.9212e-07
31	0.99702	0.0014183	0.0015605	2.2268e-06
32	0.9949	0.0035369	0.001554	5.5384e-06
33	0.99376	0.0046809	0.0015491	7.3093e-06
34	0.99354	0.00491	0.0015457	7.6432e-06
35	0.99435	0.0041028	0.0015438	6.3711e-06
36	0.99379	0.0046662	0.0015398	7.2327e-06
37	0.99424	0.0042135	0.0015373	6.5241e-06
38	0.9956	0.0028566	0.0015363	4.4168e-06
39	0.99576	0.0027033	0.0015334	4.1771e-06
40	0.99672	0.0017464	0.0015317	2.698e-06
41	0.99684	0.0016318	0.0015288	2.517e-06
42	0.99623	0.0022433	0.0015248	3.4494e-06
43	0.99638	0.0020992	0.001522	3.2186e-06
44	0.99573	0.0027511	0.0015179	4.2092e-06
45	0.99595	0.002534	0.0015152	3.868e-06
46	0.99705	0.0014309	0.0015138	2.1767e-06
47	0.99747	0.0010145	0.0015114	1.5392e-06
48	0.99753	0.00096358	0.0015085	1.4601e-06
49	0.99829	0.00019814	0.0015066	2.9982e-07
50	0.99831	0.00018702	0.0015036	2.8146e-07
51	0.99842	7.5465e-05	0.0015007	1.1315e-07
52	0.99835	0.00015237	0.0014975	2.2801e-07
53	0.99754	0.00096306	0.0014933	1.4348e-06
54	0.996	0.0025112	0.001488	3.7354e-06
55	0.99555	0.0029635	0.0014842	4.3994e-06
56	0.99613	0.002383	0.001482	3.5299e-06
57	0.99581	0.0027103	0.0014785	4.0031e-06
58	0.99447	0.004049	0.0014734	5.9698e-06
59	0.98227	0.016257	0.0014524	2.3966e-05
60	0.97441	0.024114	0.0014377	3.55e-05
61	0.96918	0.029353	0.001427	4.3115e-05
62	0.96615	0.032386	0.0014196	4.7444e-05
63	0.9655	0.033041	0.0014157	4.8287e-05
64	0.96038	0.038157	0.0014052	5.5653e-05
65	0.95817	0.040371	0.001399	5.8769e-05
66	0.95799	0.040558	0.0013958	5.8905e-05
67	0.95289	0.045658	0.0013854	6.6184e-05
68	0.95018	0.048367	0.0013785	6.9949e-05
69	0.95028	0.048272	0.0013757	6.9659e-05
70	0.94518	0.05338	0.0013653	7.6889e-05
71	0.94325	0.055308	0.0013596	7.9523e-05
72	0.94424	0.054325	0.0013579	7.7978e-05
73	0.94757	0.050998	0.0013597	7.306e-05
74	0.95419	0.044384	0.0013661	6.3486e-05
75	0.96398	0.034593	0.0013771	4.9397e-05
76	0.96693	0.031646	0.0013783	4.5092e-05
77	0.97268	0.025903	0.0013834	3.6845e-05
78	0.98115	0.017429	0.0013924	2.4737e-05
79	0.98448	0.014106	0.0013941	1.9989e-05
80	0.98468	0.013906	0.0013913	1.9662e-05
81	0.98631	0.012286	0.0013906	1.7324e-05
82	0.97939	0.019208	0.0013779	2.6981e-05
83	0.9753	0.023302	0.0013691	3.265e-05
84	0.97313	0.025469	0.0013631	3.5585e-05
85	0.97308	0.025521	0.0013601	3.5564e-05
86	0.96922	0.029389	0.0013517	4.0865e-05
87	0.96786	0.030755	0.0013468	4.2676e-05
88	0.96833	0.030286	0.0013445	4.1921e-05
89	0.9711	0.027518	0.0013453	3.7999e-05
90	0.97664	0.021981	0.00135	3.0286e-05
91	0.98572	0.012901	0.0013594	1.7754e-05
92	0.98911	0.009513	0.001361	1.3065e-05
93	0.99005	0.0085779	0.0013591	1.1765e-05
94	0.98892	0.0097078	0.0013545	1.3289e-05
95	0.98904	0.0095912	0.0013516	1.3096e-05
96	0.99071	0.0079249	0.0013508	1.0798e-05
97	0.99036	0.0082864	0.0013473	1.1261e-05
98	0.99143	0.007212	0.0013457	9.7782e-06
99	0.9941	0.0045518	0.0013462	6.1632e-06
100	0.99227	0.0063768	0.0013407	8.6155e-06
101	0.99181	0.0068431	0.001337	9.2297e-06
102	0.99265	0.00601	0.001335	8.0982e-06
103	0.99181	0.0068523	0.0013308	9.2164e-06
104	0.99231	0.0063536	0.0013284	8.5377e-06
105	0.99395	0.0047187	0.0013275	6.3376e-06
106	0.99403	0.0046367	0.0013245	6.2165e-06
107	0.99258	0.0060907	0.0013196	8.1406e-06
108	0.99225	0.0064275	0.0013161	8.5658e-06
109	0.99323	0.0054457	0.0013144	7.2462e-06
110	0.99538	0.003301	0.0013143	4.3879e-06
111	0.99601	0.0026778	0.0013121	3.5513e-06
112	0.9957	0.0029899	0.0013087	3.957e-06
113	0.99627	0.0024249	0.0013065	3.2046e-06
114	0.99776	0.00093131	0.0013055	1.2337e-06
115	0.9682	0.030496	0.0012637	4.0065e-05
116	0.94795	0.050746	0.0012343	6.6558e-05
117	0.93444	0.064258	0.0012137	8.4145e-05
118	0.92501	0.073698	0.0011986	9.6302e-05
119	0.91971	0.078998	0.0011889	0.00010303
120	0.91788	0.080832	0.0011837	0.00010526
121	0.91866	0.080055	0.0011819	0.00010407
122	0.92211	0.076604	0.0011836	9.9428e-05
123	0.92851	0.07021	0.0011891	9.1002e-05
124	0.92792	0.070806	0.0011856	9.1576e-05
125	0.92982	0.06891	0.0011854	8.8937e-05
126	0.93435	0.064374	0.0011886	8.2913e-05
127	0.93249	0.066242	0.0011836	8.5082e-05
128	0.93362	0.065114	0.0011824	8.3441e-05
129	0.93803	0.060707	0.0011853	7.7657e-05
130	0.9368	0.061942	0.001181	7.9072e-05
131	0.9379	0.060844	0.0011797	7.7514e-05
132	0.94145	0.057295	0.0011815	7.2853e-05
133	0.93902	0.059729	0.0011758	7.5742e-05
134	0.9396	0.059148	0.0011739	7.4843e-05
135	0.94254	0.056215	0.0011749	7.0984e-05
136	0.94809	0.050668	0.0011792	6.3852e-05
137	0.95752	0.041238	0.0011884	5.1917e-05
138	0.97083	0.027928	0.0012023	3.5167e-05
139	0.96949	0.029279	0.001198	3.676e-05
140	0.96992	0.02885	0.0011958	3.6125e-05
141	0.97216	0.026606	0.001196	3.3235e-05
142	0.97639	0.022379	0.0011986	2.7889e-05
143	0.97661	0.022168	0.0011963	2.7531e-05
144	0.97848	0.020296	0.0011961	2.5119e-05
145	0.98259	0.016191	0.0011985	1.9981e-05
146	0.98348	0.0153	0.001197	1.8825e-05
147	0.98591	0.012878	0.0011973	1.5796e-05
148	0.99046	0.0083297	0.0012002	1.0194e-05
149	0.99192	0.0068758	0.0011994	8.3856e-06
150	0.99173	0.0070625	0.0011965	8.5828e-06
151	0.99292	0.005879	0.0011952	7.1298e-06
152	0.99534	0.003463	0.0011955	4.1919e-06
153	0.99625	0.0025487	0.0011939	3.0825e-06
154	0.99375	0.0050508	0.0011882	6.0785e-06
155	0.99266	0.0061452	0.0011842	7.3819e-06
156	0.98912	0.0096873	0.0011773	1.1601e-05
157	0.98711	0.011707	0.0011723	1.398e-05
158	0.98672	0.012093	0.0011691	1.4414e-05
159	0.98312	0.015695	0.0011622	1.8654e-05
160	0.98161	0.017214	0.0011578	2.042e-05
161	0.9816	0.017222	0.0011552	2.0386e-05
162	0.9782	0.020627	0.0011486	2.4344e-05
163	0.96848	0.030349	0.0011346	3.5678e-05
164	0.9626	0.036235	0.0011252	4.249e-05
165	0.95973	0.039107	0.0011193	4.5763e-05
166	0.95061	0.048225	0.001106	5.6331e-05
167	0.94458	0.054259	0.0010965	6.3237e-05
168	0.94178	0.057065	0.0010907	6.6375e-05
169	0.94129	0.057554	0.0010876	6.6801e-05
170	0.94378	0.055067	0.001088	6.3799e-05
171	0.92791	0.07094	0.001067	8.205e-05
172	0.91664	0.082211	0.0010515	9.4873e-05
173	0.91018	0.088678	0.0010416	0.00010213
174	0.90761	0.091247	0.0010362	0.0001049
175	0.90776	0.091105	0.0010338	0.00010454
176	0.90061	0.098257	0.0010232	0.00011253
177	0.89665	0.10222	0.0010162	0.00011682
178	0.89558	0.10329	0.0010126	0.00011779
179	0.89733	0.10154	0.0010122	0.00011555
180	0.90206	0.096812	0.0010152	0.00010993
181	0.91129	0.087591	0.0010232	9.9286e-05
182	0.92629	0.072592	0.0010376	8.2229e-05
183	0.94694	0.051948	0.0010583	5.8888e-05
184	0.95526	0.043629	0.0010652	4.9432e-05
185	0.95688	0.042012	0.0010645	4.7513e-05
186	0.95331	0.045579	0.0010581	5.1396e-05
187	0.94242	0.05647	0.0010434	6.3463e-05
188	0.93507	0.063824	0.0010328	7.1512e-05
189	0.93132	0.067575	0.0010262	7.5538e-05
190	0.93013	0.068774	0.0010225	7.6705e-05
191	0.93197	0.066934	0.0010221	7.4525e-05
192	0.93642	0.062486	0.0010246	6.9469e-05
193	0.88874	0.11017	0.00096944	0.000122
194	0.85587	0.14304	0.00093083	0.00015802
195	0.83364	0.16527	0.00090404	0.0001822
196	0.78166	0.21726	0.00084452	0.0002391
197	0.74288	0.25604	0.00079988	0.00028113
198	0.71428	0.28465	0.00076665	0.00031177
199	0.6936	0.30533	0.00074226	0.00033359
200	0.6807	0.31823	0.00072637	0.00034689
201	0.67268	0.32625	0.00071586	0.00035482
202	0.64506	0.35387	0.00068431	0.00038382
203	0.6251	0.37384	0.00066118	0.0004044
204	0.61136	0.38758	0.00064488	0.00041819
205	0.60269	0.39624	0.00063409	0.00042646
206	0.59852	0.40043	0.00062815	0.00042991
207	0.59984	0.3991	0.00062801	0.00042753
208	0.58682	0.41213	0.00061275	0.00044031
209	0.57878	0.42017	0.00060283	0.00044774
210	0.54873	0.45022	0.00056991	0.0004782
211	0.52696	0.47199	0.00054585	0.00049981
212	0.51176	0.4872	0.00052879	0.00051443
213	0.50193	0.49702	0.00051743	0.00052337
214	0.4699	0.52906	0.00048321	0.00055518
215	0.39471	0.60425	0.00040457	0.0006314
216	0.33804	0.66092	0.00034545	0.00068811
217	0.29545	0.70352	0.00030112	0.00073005
218	0.26668	0.73229	0.00027103	0.00075773
219	0.24539	0.75358	0.00024875	0.00077761
220	0.22995	0.76903	0.00023256	0.00079142
221	0.18513	0.81385	0.00018663	0.00083495
222	0.1545	0.84448	0.00015519	0.00086398
223	0.13153	0.86745	0.00013168	0.0008851
224	0.11618	0.8828	0.00011591	0.00089846
225	0.105	0.89398	0.00010443	0.00090755
226	0.097122	0.90187	9.6322e-05	0.00091327
227	0.092676	0.90632	9.1659e-05	0.00091553
228	0.091244	0.90775	9e-05	0.00091479
229	0.092625	0.90637	9.1126e-05	0.00091124
230	0.096088	0.90291	9.4322e-05	0.00090564
231	0.10194	0.89706	9.9881e-05	0.00089769
232	0.11163	0.88737	0.00010917	0.00088599
233	0.12502	0.87399	0.00012208	0.00087068
234	0.14321	0.8558	0.00013968	0.00085069
235	0.14704	0.85197	0.00014311	0.00084488
236	0.15501	0.844	0.00015056	0.00083505
237	0.16665	0.83237	0.00016157	0.00082166
238	0.14917	0.84985	0.00014416	0.0008367
239	0.1364	0.86262	0.00013143	0.00084707
240	0.12844	0.87059	0.00012338	0.00085275
241	0.12443	0.8746	0.00011919	0.00085456
242	0.12287	0.87615	0.00011739	0.00085399
243	0.12369	0.87534	0.0001179	0.00085112
244	0.12694	0.87209	0.00012076	0.00084591
245	0.13379	0.86524	0.00012703	0.00083728
246	0.14391	0.85513	0.00013643	0.00082554
247	0.15954	0.8395	0.000151	0.0008086
248	0.18068	0.81837	0.00017079	0.00078646
249	0.20906	0.78999	0.00019742	0.00075749
250	0.25006	0.74899	0.00023585	0.00071671
251	0.30422	0.69483	0.00028664	0.00066357
252	0.37597	0.62308	0.00035395	0.00059393
253	0.40642	0.59263	0.00038182	0.00056372
254	0.44724	0.55182	0.00041938	0.00052382
255	0.50153	0.49753	0.00046954	0.00047135
256	0.52111	0.47795	0.00048676	0.0004518
257	0.54823	0.45083	0.000511	0.00042523
258	0.58494	0.41412	0.00054417	0.00038976
259	0.63425	0.36481	0.00058905	0.00034258
260	0.70003	0.29904	0.00064923	0.00028013
261	0.79603	0.20304	0.00073718	0.00018988
262	0.83461	0.16447	0.00077133	0.00015345
263	0.84956	0.14952	0.0007833	0.00013918
264	0.87284	0.12624	0.00080286	0.00011731
265	0.90436	0.094724	0.00082997	8.7906e-05
266	0.91754	0.081545	0.00084001	7.5562e-05
267	0.93599	0.063094	0.00085486	5.841e-05
268	0.94213	0.05696	0.00085837	5.2626e-05
269	0.94189	0.057197	0.00085604	5.2694e-05
270	0.94397	0.05512	0.00085585	5.064e-05
271	0.94849	0.050603	0.0008579	4.6359e-05
272	0.95584	0.043258	0.00086253	3.9511e-05
273	0.96776	0.031336	0.00087126	2.8546e-05
274	0.97188	0.027219	0.00087288	2.4713e-05
275	0.97903	0.020079	0.00087719	1.8176e-05
276	0.9901	0.0090071	0.00088498	8.1393e-06
277	0.99458	0.0045301	0.00088681	4.0809e-06
278	0.99389	0.0052255	0.00088396	4.6857e-06
279	0.99422	0.0048935	0.00088205	4.3703e-06
280	0.99324	0.0058715	0.00087895	5.2234e-06
281	0.99333	0.0057877	0.00087681	5.1298e-06
282	0.9917	0.0074202	0.00087314	6.5541e-06
283	0.99125	0.0078724	0.00087054	6.9294e-06
284	0.98881	0.010315	0.00086617	9.0518e-06
285	0.98776	0.01137	0.00086304	9.9441e-06
286	0.98362	0.015505	0.00085722	1.3521e-05
287	0.9816	0.017529	0.00085323	1.525e-05
288	0.98143	0.0177	0.00085084	1.5366e-05
289	0.9831	0.016039	0.00085	1.3903e-05
290	0.98642	0.012714	0.00085062	1.1006e-05
291	0.99165	0.0074916	0.00085289	6.4831e-06
292	0.98459	0.014554	0.00084452	1.2569e-05
293	0.98031	0.01884	0.00083855	1.6243e-05
294	0.97787	0.021277	0.00083422	1.8302e-05
295	0.97	0.029151	0.00082526	2.4997e-05
296	0.96478	0.034376	0.00081862	2.9385e-05
297	0.96184	0.037319	0.00081397	3.1803e-05
298	0.96147	0.037685	0.00081149	3.2034e-05
299	0.96309	0.036071	0.00081071	3.0583e-05
300	0.96678	0.03238	0.0008117	2.738e-05
301	0.95655	0.042611	0.00080101	3.5868e-05
302	0.95031	0.04886	0.00079367	4.0995e-05
303	0.94665	0.052513	0.00078854	4.3918e-05
304	0.94598	0.053194	0.00078588	4.4361e-05
305	0.94751	0.051664	0.00078508	4.2957e-05
306	0.95212	0.047059	0.0007868	3.9022e-05
307	0.95098	0.048197	0.00078373	3.9859e-05
308	0.952	0.047179	0.00078246	3.8906e-05
309	0.9558	0.043382	0.00078345	3.5684e-05
310	0.96218	0.037	0.00078656	3.0351e-05
311	0.9716	0.027582	0.00079216	2.2549e-05
312	0.98619	0.013001	0.00080189	1.0593e-05
313	0.98691	0.012282	0.00080027	9.9783e-06
314	0.98934	0.009855	0.0008	7.9893e-06
315	0.99338	0.0058121	0.00080105	4.701e-06
316	0.99473	0.004465	0.00079993	3.5991e-06
317	0.99469	0.004506	0.00079767	3.6214e-06
318	0.99314	0.0060588	0.00079422	4.8501e-06
319	0.98916	0.010047	0.00078881	8.0186e-06
320	0.98678	0.012426	0.00078472	9.8825e-06
321	0.98617	0.013041	0.00078202	1.0342e-05
322	0.9869	0.012312	0.00078041	9.7316e-06
323	0.98525	0.013962	0.00077689	1.1003e-05
324	0.98503	0.014189	0.00077453	1.1143e-05
325	0.98649	0.012729	0.00077346	9.9646e-06
326	0.98982	0.0093963	0.00077384	7.334e-06
327	0.99556	0.0036647	0.00077604	2.8573e-06
328	0.99269	0.0065349	0.00077155	5.0822e-06
329	0.99114	0.0080877	0.00076812	6.2685e-06
330	0.9908	0.0084291	0.00076565	6.508e-06
331	0.99186	0.0073718	0.00076425	5.6715e-06
332	0.99445	0.0047812	0.00076399	3.6654e-06
333	0.99899	0.00024839	0.00076519	1.8989e-07
334	0.99827	0.00096404	0.00076238	7.3446e-07
335	0.99834	0.00089819	0.00076016	6.8219e-07
336	0.99922	2.4219e-05	0.00075853	1.8378e-08
337	0.99907	0.0001764	0.00075613	1.3342e-07
338	0.99507	0.0041786	0.00075082	3.1557e-06
339	0.99284	0.0064041	0.00074684	4.8259e-06
340	0.99184	0.0074056	0.0007438	5.563e-06
341	0.99223	0.0070258	0.00074179	5.2651e-06
342	0.99378	0.0054787	0.00074066	4.0947e-06
343	0.99045	0.0088109	0.00073588	6.5673e-06
344	0.98858	0.01068	0.00073221	7.9336e-06
345	0.98829	0.010976	0.0007297	8.1321e-06
346	0.98522	0.014045	0.00072512	1.0382e-05
347	0.98373	0.015536	0.00072174	1.145e-05
348	0.9837	0.015565	0.00071945	1.1435e-05
349	0.98514	0.014134	0.00071826	1.0349e-05
350	0.98857	0.010703	0.00071849	7.8176e-06
351	0.99391	0.0053696	0.0007201	3.9135e-06
352	0.9886	0.010681	0.00071396	7.752e-06
353	0.98519	0.014095	0.00070924	1.019e-05
354	0.98377	0.015513	0.00070594	1.1182e-05
355	0.98381	0.015474	0.00070372	1.1118e-05
356	0.9853	0.013991	0.00070254	1.0019e-05
357	0.98834	0.010952	0.00070249	7.8115e-06
358	0.99363	0.0056628	0.000704	4.0245e-06
359	0.99559	0.0037034	0.0007031	2.625e-06
360	0.99602	0.0032736	0.00070114	2.3113e-06
361	0.99543	0.0038716	0.00069843	2.7243e-06
362	0.99577	0.0035321	0.0006964	2.4761e-06
363	0.9949	0.0044011	0.00069354	3.0703e-06
364	0.9952	0.0041008	0.00069148	2.8502e-06
365	0.9897	0.009603	0.00068542	6.6402e-06
366	0.98647	0.012836	0.00068093	8.8462e-06
367	0.98516	0.014149	0.00067775	9.7221e-06
368	0.98526	0.014053	0.00067557	9.6208e-06
369	0.98713	0.012186	0.00067457	8.3149e-06
370	0.99103	0.0082892	0.00067493	5.641e-06
371	0.99211	0.0072127	0.00067337	4.892e-06
372	0.99141	0.0079102	0.0006706	5.35e-06
373	0.99187	0.0074598	0.00066861	5.0277e-06
374	0.99374	0.0055872	0.00066757	3.755e-06
375	0.99697	0.0023652	0.00066743	1.5835e-06
376	0.99831	0.0010203	0.00066601	6.8181e-07
377	0.9989	0.00043207	0.00066409	2.8799e-07
378	0.99924	9.6461e-05	0.00066202	6.3932e-08
379	0.99928	6.0599e-05	0.00065973	4.004e-08
380	0.99843	0.0009118	0.00065685	6.0147e-07
381	0.9983	0.001044	0.00065445	6.8606e-07
382	0.99776	0.0015845	0.00065177	1.0386e-06
383	0.99641	0.002944	0.00064854	1.9259e-06
384	0.99297	0.0063777	0.00064398	4.1557e-06
385	0.99121	0.0081435	0.0006405	5.2916e-06
386	0.99068	0.0086752	0.00063784	5.6192e-06
387	0.99134	0.0080146	0.00063597	5.1747e-06
388	0.99325	0.0061098	0.00063491	3.9326e-06
389	0.99654	0.0028284	0.00063473	1.8158e-06
390	0.99783	0.001534	0.00063329	9.8084e-07
391	0.99327	0.0061005	0.00062811	3.8726e-06
392	0.99035	0.009021	0.000624	5.6998e-06
393	0.98909	0.010278	0.00062093	6.4716e-06
394	0.98911	0.010261	0.00061869	6.4357e-06
395	0.99066	0.0087212	0.00061737	5.4533e-06
396	0.99359	0.0057853	0.00061694	3.606e-06
397	0.99457	0.0048077	0.00061526	2.9891e-06
398	0.99409	0.0052951	0.00061268	3.2796e-06
399	0.99462	0.0047626	0.00061075	2.9384e-06
400	0.99371	0.0056768	0.00060794	3.4847e-06
401	0.99386	0.0055319	0.0006058	3.3783e-06
402	0.99531	0.0040878	0.00060443	2.4848e-06
403	0.99825	0.0011429	0.00060395	6.9156e-07
404	0.99825	0.0011506	0.00060168	6.9186e-07
405	0.99781	0.0015939	0.00059914	9.5377e-07
406	0.99665	0.0027479	0.00059616	1.6386e-06
407	0.99641	0.0029954	0.00059373	1.7766e-06
408	0.99704	0.0023632	0.00059185	1.39e-06
409	0.99692	0.0024935	0.0005895	1.4561e-06
410	0.99574	0.0036679	0.00058655	2.1267e-06
411	0.99554	0.0038761	0.00058419	2.2264e-06
412	0.99408	0.0053309	0.0005811	3.0405e-06
413	0.99392	0.0054982	0.00057874	3.1085e-06
414	0.99502	0.0044014	0.00057709	2.4502e-06
415	0.99725	0.0021708	0.0005761	1.1423e-06
416	0.9981	0.0013259	0.00057433	6.2672e-07
417	0.99837	0.0010594	0.00057224	4.1781e-07
418	0.99053	0.0088881	0.00057296	4.97e-06
419	0.98557	0.013842	0.00057525	7.93e-06
420	0.98251	0.016906	0.00057863	9.8235e-06
421	0.97358	0.025823	0.00057853	1.522e-05
422	0.96748	0.031917	0.00058006	1.9011e-05
423	0.96374	0.035652	0.00058299	2.1435e-05
424	0.96254	0.03685	0.00058739	2.2358e-05
425	0.96372	0.035662	0.00059323	2.1834e-05
426	0.96755	0.031829	0.00060069	1.9666e-05
427	0.97379	0.025583	0.00060973	1.5944e-05
428	0.98373	0.015637	0.00062114	9.838e-06
429	0.99752	0.0018414	0.00063513	1.1692e-06
430	0.99572	0.0036433	0.00063927	2.3399e-06
431	0.99125	0.0081017	0.0006417	5.248e-06
432	0.98846	0.010889	0.00064519	7.1077e-06
433	0.9871	0.012238	0.00064964	8.0475e-06
434	0.98735	0.01199	0.00065511	7.9452e-06
435	0.98922	0.010112	0.00066165	6.7538e-06
436	0.98376	0.015569	0.0006633	1.0476e-05
437	0.9807	0.018624	0.0006665	1.2633e-05
438	0.97972	0.019597	0.00067107	1.3401e-05
439	0.9803	0.019009	0.00067673	1.3098e-05
440	0.98284	0.016464	0.00068374	1.1432e-05
441	0.98766	0.011638	0.00069236	8.1469e-06
442	0.98529	0.014006	0.00069592	9.8913e-06
443	0.9844	0.014885	0.00070055	1.0595e-05
444	0.98492	0.014359	0.00070621	1.0296e-05
445	0.98728	0.011996	0.00071318	8.6681e-06
446	0.99133	0.0079477	0.00072143	5.7831e-06
447	0.99799	0.0012771	0.00073162	9.3848e-07
448	0.995	0.0042583	0.00073472	3.1594e-06
449	0.99349	0.0057644	0.00073887	4.3143e-06
450	0.99308	0.006173	0.00074385	4.6577e-06
451	0.99063	0.0086143	0.00074732	6.544e-06
452	0.98951	0.0097356	0.00075179	7.4465e-06
453	0.98963	0.0096093	0.00075725	7.4004e-06
454	0.99099	0.0082393	0.00076369	6.388e-06
455	0.9937	0.0055215	0.00077123	4.3065e-06
456	0.99844	0.00078077	0.00078036	6.132e-07
457	0.98812	0.01109	0.00077765	8.7452e-06
458	0.98078	0.018433	0.00077722	1.4623e-05
459	0.97587	0.023336	0.0007787	1.8625e-05
460	0.96374	0.035458	0.0007743	2.8485e-05
461	0.956	0.043191	0.00077328	3.494e-05
462	0.95179	0.047396	0.00077503	3.8613e-05
463	0.79929	0.1999	0.00065513	0.00016396
464	0.69261	0.30657	0.00057126	0.00025326
465	0.61217	0.387	0.00050821	0.00032176
466	0.5572	0.44197	0.00046549	0.00036992
467	0.51612	0.48303	0.00043398	0.00040689
468	0.48875	0.5104	0.00041357	0.00043275
469	0.47126	0.52789	0.00040125	0.0004505
470	0.45941	0.53973	0.00039364	0.00046357
471	0.45361	0.54553	0.00039109	0.00047156
472	0.45311	0.54602	0.00039306	0.00047502
473	0.43723	0.56189	0.0003816	0.00049193
474	0.42676	0.57236	0.00037477	0.00050423
475	0.42206	0.57706	0.0003729	0.00051155
476	0.34128	0.65783	0.00030298	0.00058692
477	0.28028	0.71882	0.00025009	0.00064527
478	0.23781	0.76128	0.00021319	0.00068762
479	0.20579	0.7933	0.00018539	0.00072089
480	0.18179	0.8173	0.00016462	0.00074715
481	0.16408	0.83501	0.00014939	0.00076789
482	0.15126	0.84781	0.00013851	0.00078429
483	0.14235	0.85673	0.00013113	0.00079722
484	0.13658	0.86249	0.00012659	0.00080731
485	0.13453	0.86453	0.00012545	0.000814
486	0.11975	0.87931	0.00011233	0.00083268
487	0.11011	0.88894	0.00010388	0.00084669
488	0.10455	0.89449	9.9199e-05	0.00085692
489	0.10144	0.8976	9.6812e-05	0.00086487
490	0.088168	0.91086	8.4577e-05	0.00088266
491	0.078414	0.92061	7.5628e-05	0.00089718
492	0.071482	0.92754	6.9337e-05	0.00090906
493	0.067491	0.93152	6.5832e-05	0.00091814
494	0.066058	0.93295	6.4788e-05	0.00092475
495	0.066982	0.93202	6.605e-05	0.00092905
496	0.06021	0.93879	5.9659e-05	0.00094102
497	0.056321	0.94267	5.6069e-05	0.00095018
498	0.054087	0.9449	5.4117e-05	0.00095771
499	0.053879	0.9451	5.4178e-05	0.00096322
500	0.05567	0.94331	5.6257e-05	0.00096671
501	0.059092	0.93988	6.0032e-05	0.00096852
502	0.065107	0.93386	6.6486e-05	0.00096764
503	0.073541	0.92542	7.5515e-05	0.0009642
504	0.086202	0.91275	8.8987e-05	0.00095631
505	0.1032	0.89575	0.00010714	0.00094376
506	0.12585	0.87309	0.00013145	0.00092507
507	0.13258	0.86636	0.00013924	0.00092292
508	0.12967	0.86926	0.00013689	0.00093092
509	0.13001	0.86892	0.00013795	0.00093551
510	0.13277	0.86615	0.00014164	0.00093748
511	0.13817	0.86074	0.00014824	0.00093656
512	0.14669	0.85222	0.0001583	0.00093219
513	0.16055	0.83836	0.00017427	0.00092191
514	0.17946	0.81944	0.00019599	0.0009059
515	0.20485	0.79404	0.00022516	0.00088246
516	0.24233	0.75656	0.000268	0.00084534
517	0.23881	0.76007	0.00026548	0.00085359
518	0.23957	0.7593	0.0002677	0.0008571
519	0.24493	0.75394	0.0002751	0.00085542
520	0.21185	0.78702	0.00023896	0.00089729
521	0.18917	0.80969	0.00021427	0.00092771
522	0.17244	0.82641	0.00019618	0.00095154
523	0.16038	0.83846	0.00018332	0.00097016
524	0.15208	0.84676	0.00017469	0.00098458
525	0.14697	0.85187	0.00016968	0.00099539
526	0.1293	0.86953	0.00014996	0.0010209
527	0.1178	0.88103	0.00013722	0.0010394
528	0.10974	0.88907	0.00012843	0.001054
529	0.084947	0.91386	9.9814e-05	0.0010885
530	0.066122	0.93268	7.803e-05	0.0011161
531	0.053079	0.94572	6.2874e-05	0.0011371
532	0.043292	0.9555	5.149e-05	0.0011543
533	0.036685	0.9621	4.3794e-05	0.0011678
534	0.031848	0.96693	3.8172e-05	0.0011793
535	0.028994	0.96978	3.4884e-05	0.0011885
536	0.027224	0.97155	3.2894e-05	0.0011963
537	0.026404	0.97236	3.2055e-05	0.001203
538	0.026473	0.97229	3.2306e-05	0.0012087
539	0.027435	0.97132	3.3671e-05	0.0012133
540	0.029386	0.96936	3.6287e-05	0.0012166
541	0.02599	0.97275	3.225e-05	0.0012266
542	0.024174	0.97456	3.0139e-05	0.0012346
543	0.02361	0.97512	2.9572e-05	0.0012412
544	0.018243	0.98048	2.2887e-05	0.0012538
545	0.01416	0.98456	1.7787e-05	0.0012648
546	0.011043	0.98767	1.3878e-05	0.0012747
547	0.0086452	0.99006	1.086e-05	0.0012837
548	0.0070709	0.99163	8.8581e-06	0.0012917
549	0.0060997	0.99259	7.6021e-06	0.0012989
550	0.0053788	0.99331	6.653e-06	0.0013059
551	0.0048516	0.99383	5.9367e-06	0.0013126
552	0.0046681	0.99401	5.632e-06	0.0013189
553	0.0046047	0.99406	5.4571e-06	0.0013251
554	0.0046656	0.994	5.4096e-06	0.0013312
555	0.0048554	0.9938	5.4854e-06	0.0013372
556	0.0051891	0.99346	5.6901e-06	0.0013431
557	0.0056928	0.99295	6.0398e-06	0.0013488
558	0.006406	0.99223	6.5621e-06	0.0013544
559	0.0073729	0.99126	7.2855e-06	0.0013598
560	0.0089613	0.98967	8.5731e-06	0.0013647
561	0.01133	0.98729	1.0541e-05	0.0013688
562	0.014779	0.98384	1.3444e-05	0.001372
563	0.019258	0.97935	1.7202e-05	0.0013744
564	0.025847	0.97276	2.278e-05	0.001375
565	0.020474	0.97813	1.8387e-05	0.0013757
566	0.016849	0.98176	1.55e-05	0.001375
567	0.014172	0.98444	1.3416e-05	0.0013735
568	0.012525	0.98609	1.2268e-05	0.001371
569	0.011755	0.98687	1.1972e-05	0.0013677
570	0.011753	0.98687	1.2486e-05	0.0013636
571	0.01252	0.98611	1.3878e-05	0.0013585
572	0.0096847	0.98895	1.0862e-05	0.0013579
573	0.0077469	0.99089	8.8119e-06	0.0013564
574	0.0062424	0.9924	7.2157e-06	0.0013543
575	0.0052435	0.9934	6.1672e-06	0.0013518
576	0.0044457	0.9942	5.3216e-06	0.001349
577	0.0039833	0.99467	4.8502e-06	0.0013458
578	0.0036181	0.99503	4.4737e-06	0.0013426
579	0.0033217	0.99533	4.1626e-06	0.0013393
580	0.003229	0.99543	4.0902e-06	0.0013358
581	0.0031696	0.99549	4.0483e-06	0.0013322
582	0.0031315	0.99554	4.0248e-06	0.0013287
583	0.0031191	0.99555	4.0281e-06	0.0013251
584	0.0032874	0.99539	4.2557e-06	0.0013213
585	0.0034879	0.99519	4.5217e-06	0.0013175
586	0.0037359	0.99495	4.847e-06	0.0013136
587	0.0040501	0.99463	5.257e-06	0.0013097
588	0.0046503	0.99404	6.03e-06	0.0013053
589	0.005408	0.99328	7.0058e-06	0.0013008
590	0.0063716	0.99232	8.2472e-06	0.0012961
591	0.0076143	0.99108	9.8486e-06	0.001291
592	0.0092303	0.98947	1.1932e-05	0.0012854
593	0.011646	0.98706	1.5031e-05	0.0012788
594	0.015251	0.98346	1.9638e-05	0.0012707
595	0.019932	0.97878	2.5617e-05	0.0012612
596	0.026043	0.97267	3.3419e-05	0.0012499
597	0.034091	0.96463	4.3688e-05	0.0012361
598	0.045661	0.95306	5.8393e-05	0.0012179
599	0.049046	0.94968	6.2553e-05	0.0012103
600	0.046731	0.952	5.9428e-05	0.0012099
601	0.046393	0.95234	5.8814e-05	0.001207
602	0.039657	0.95908	5.0086e-05	0.0012122
603	0.034752	0.96399	4.3741e-05	0.0012151
604	0.031907	0.96684	4.0009e-05	0.0012153
605	0.030724	0.96802	3.8371e-05	0.0012134
606	0.030562	0.96819	3.803e-05	0.0012102
607	0.03181	0.96695	3.9429e-05	0.0012053
608	0.03415	0.96461	4.2183e-05	0.001199
609	0.037789	0.96097	4.6535e-05	0.0011912
610	0.043012	0.95575	5.2826e-05	0.0011814
611	0.042506	0.95626	5.203e-05	0.0011787
612	0.043234	0.95554	5.2761e-05	0.0011745
613	0.045775	0.953	5.5687e-05	0.0011681
614	0.049834	0.94895	6.0454e-05	0.0011598
615	0.055718	0.94307	6.7425e-05	0.0011494
616	0.043599	0.95519	5.2584e-05	0.0011608
617	0.034458	0.96433	4.144e-05	0.0011685
618	0.028351	0.97044	3.3982e-05	0.0011725
619	0.023833	0.97496	2.8486e-05	0.0011746
620	0.02096	0.97784	2.4972e-05	0.0011746
621	0.019365	0.97944	2.2991e-05	0.0011732
622	0.018514	0.98029	2.1914e-05	0.0011708
623	0.01836	0.98045	2.1676e-05	0.0011676
624	0.019201	0.97961	2.2607e-05	0.0011632
625	0.021146	0.97767	2.482e-05	0.0011576
626	0.024006	0.97482	2.8105e-05	0.0011508
627	0.027999	0.97083	3.2709e-05	0.0011428
628	0.034183	0.96464	3.983e-05	0.0011323
629	0.04245	0.95638	4.9354e-05	0.0011193
630	0.05445	0.94438	6.3137e-05	0.0011021
631	0.071712	0.92713	8.2893e-05	0.0010789
632	0.076799	0.92204	8.851e-05	0.0010699
633	0.084312	0.91453	9.691e-05	0.001058
634	0.083363	0.91549	9.5548e-05	0.001056
635	0.084958	0.91389	9.7091e-05	0.001051
636	0.089299	0.90956	0.00010174	0.001043
637	0.097133	0.90173	0.00011032	0.001031
638	0.10812	0.89075	0.00012243	0.0010154
639	0.12316	0.87571	0.00013911	0.00099535
640	0.14564	0.85323	0.00016403	0.00096701
641	0.17546	0.82341	0.00019712	0.00093052
642	0.21506	0.78381	0.00024108	0.00088317
643	0.2282	0.77068	0.00025514	0.00086574
644	0.24842	0.75046	0.00027699	0.0008405
645	0.27885	0.72004	0.00031001	0.00080408
646	0.32372	0.67517	0.00035878	0.0007519
647	0.38308	0.61581	0.00042339	0.0006839
648	0.46958	0.52931	0.00051737	0.00058652
649	0.47573	0.52317	0.00052252	0.00057797
650	0.48801	0.51089	0.00053433	0.00056276
651	0.50605	0.49285	0.0005524	0.0005413
652	0.53135	0.46756	0.00057833	0.00051199
653	0.56886	0.43006	0.00061731	0.00046963
654	0.61897	0.37995	0.00066982	0.00041376
655	0.63744	0.36148	0.00068779	0.00039243
656	0.66563	0.33329	0.00071609	0.00036077
657	0.70374	0.29518	0.00075497	0.00031855
658	0.76003	0.2389	0.00081301	0.00025715
659	0.83497	0.16396	0.00089079	0.00017602
660	0.93399	0.064943	0.00099402	6.9472e-05
661	0.93467	0.064274	0.00099168	6.8503e-05
662	0.93841	0.060533	0.00099258	6.4293e-05
663	0.9457	0.053245	0.00099717	5.6368e-05
664	0.95643	0.042522	0.0010054	4.4846e-05
665	0.97303	0.025925	0.0010196	2.724e-05
666	0.98004	0.018913	0.0010237	1.9809e-05
667	0.99004	0.0089246	0.0010309	9.2999e-06
668	0.99028	0.0086816	0.0010279	9.0114e-06
669	0.98832	0.010649	0.0010225	1.1003e-05
670	0.98794	0.011034	0.0010188	1.1357e-05
671	0.98909	0.0098858	0.0010167	1.0137e-05
672	0.99198	0.0069927	0.0010163	7.1452e-06
673	0.99275	0.0062303	0.0010137	6.3485e-06
674	0.99203	0.0069534	0.0010096	7.0706e-06
675	0.99243	0.0065608	0.0010066	6.6516e-06
676	0.99423	0.0047619	0.001005	4.8188e-06
677	0.9944	0.0045953	0.0010018	4.6375e-06
678	0.99308	0.0059211	0.00099716	5.9535e-06
679	0.99306	0.0059357	0.00099378	5.9514e-06
680	0.99412	0.0048813	0.00099149	4.8781e-06
681	0.99662	0.002389	0.0009906	2.3865e-06
682	0.99578	0.0032273	0.00098641	3.2133e-06
683	0.99586	0.0031534	0.00098315	3.1295e-06
684	0.99686	0.0021616	0.00098083	2.1384e-06
685	0.99481	0.0042126	0.00097553	4.1415e-06
686	0.99009	0.0089299	0.00096761	8.7451e-06
687	0.9875	0.011525	0.00096177	1.1254e-05
688	0.98634	0.012691	0.00095736	1.235e-05
689	0.98207	0.016962	0.00094993	1.6455e-05
690	0.97963	0.019403	0.00094432	1.8756e-05
691	0.97884	0.020205	0.00094033	1.9456e-05
692	0.98001	0.019037	0.00093821	1.827e-05
693	0.98283	0.016218	0.00093769	1.5506e-05
694	0.988	0.011047	0.00093936	1.0531e-05
695	0.99552	0.0035318	0.00094326	3.351e-06
696	0.999	5.5169e-05	0.00094326	5.2109e-08
697	0.99902	4.1366e-05	0.00093995	3.9108e-08
698	0.99835	0.00071457	0.00093602	6.7267e-07
699	0.99711	0.0019603	0.00093154	1.8424e-06
700	0.99418	0.004894	0.0009255	4.581e-06
701	0.98758	0.011494	0.00091604	1.0729e-05
702	0.98367	0.015411	0.00090909	1.4348e-05
703	0.98147	0.017609	0.00090379	1.6342e-05
704	0.98083	0.018252	0.00089996	1.6884e-05
705	0.9817	0.017391	0.00089754	1.6035e-05
706	0.98415	0.014941	0.00089659	1.3733e-05
707	0.98836	0.010732	0.00089725	9.8349e-06
708	0.99465	0.0044458	0.00089981	4.0647e-06
709	0.95587	0.043231	0.00086149	3.9155e-05
710	0.92915	0.069953	0.00083425	6.3153e-05
711	0.90953	0.089576	0.00081361	8.0557e-05
712	0.8967	0.10241	0.00079914	9.1782e-05
713	0.88808	0.11104	0.00078856	9.9143e-05
714	0.8838	0.11532	0.00078185	0.00010261
715	0.88347	0.11565	0.00077864	0.00010256
716	0.88609	0.11303	0.00077805	9.9911e-05
717	0.88029	0.11884	0.00077009	0.00010465
718	0.87767	0.12146	0.00076498	0.00010656
719	0.87883	0.1203	0.00076316	0.00010517
720	0.8841	0.11504	0.00076485	0.00010024
721	0.89296	0.10618	0.00076965	9.2216e-05
722	0.90612	0.093018	0.00077814	8.0526e-05
723	0.92462	0.074529	0.00079118	6.4312e-05
724	0.93175	0.067401	0.00079432	5.7971e-05
725	0.94241	0.056742	0.00080047	4.8646e-05
726	0.95741	0.041743	0.00081028	3.5673e-05
727	0.96269	0.036472	0.00081176	3.1046e-05
728	0.97152	0.027637	0.0008162	2.345e-05
729	0.98395	0.015214	0.00082364	1.2868e-05
730	0.98378	0.015388	0.00082043	1.295e-05
731	0.9807	0.01847	0.00081478	1.5461e-05
732	0.97931	0.019863	0.00081058	1.6545e-05
733	0.9795	0.019677	0.00080771	1.631e-05
734	0.9817	0.017482	0.00080647	1.4425e-05
735	0.98569	0.01349	0.00080672	1.1071e-05
736	0.98672	0.012468	0.00080449	1.0182e-05
737	0.98958	0.009607	0.00080373	7.8069e-06
738	0.99469	0.0045065	0.00080475	3.641e-06
739	0.99055	0.0086447	0.00079826	6.955e-06
740	0.98832	0.010874	0.00079332	8.7166e-06
741	0.98778	0.011426	0.0007897	9.127e-06
742	0.98468	0.014522	0.00078404	1.1567e-05
743	0.98318	0.016024	0.00077969	1.2715e-05
744	0.97756	0.021655	0.00077212	1.7108e-05
745	0.96427	0.034943	0.00075852	2.7502e-05
746	0.95585	0.043364	0.0007488	3.4007e-05
747	0.95038	0.048842	0.00074146	3.8146e-05
748	0.94807	0.051156	0.00073659	3.9798e-05
749	0.94799	0.051236	0.0007335	3.9696e-05
750	0.95078	0.048446	0.00073259	3.7388e-05
751	0.95602	0.04321	0.00073357	3.3212e-05
752	0.96493	0.034305	0.00073729	2.6274e-05
753	0.97751	0.021727	0.00074379	1.6581e-05
754	0.9948	0.0044449	0.00075382	3.3741e-06
755	0.99396	0.0052849	0.00075	3.9932e-06
756	0.99415	0.0050992	0.00074698	3.833e-06
757	0.9928	0.0064548	0.00074279	4.8296e-06
758	0.99256	0.0066957	0.00073946	4.984e-06
759	0.99366	0.0055938	0.00073711	4.1437e-06
760	0.99627	0.0029952	0.00073583	2.2087e-06
761	0.99721	0.0020582	0.0007333	1.5128e-06
762	0.99912	0.00014445	0.0007315	1.0558e-07
763	0.99824	0.0010266	0.00072763	7.4836e-07
764	0.99818	0.0010971	0.00072433	7.9746e-07
765	0.99883	0.00045271	0.00072158	3.281e-07
766	0.99836	0.00092296	0.00071803	6.6505e-07
767	0.99423	0.0050523	0.00071184	3.6264e-06
768	0.99163	0.0076535	0.0007068	5.4654e-06
769	0.99063	0.0086595	0.00070288	6.1582e-06
770	0.99082	0.0084779	0.00069983	6.0014e-06
771	0.99245	0.0068524	0.00069778	4.8329e-06
772	0.99237	0.0069338	0.0006945	4.8736e-06
773	0.9934	0.0059005	0.00069201	4.1333e-06
774	0.99565	0.0036605	0.00069038	2.5581e-06
775	0.99413	0.0051764	0.00068612	3.6031e-06
776	0.99369	0.005621	0.00068262	3.897e-06
777	0.99429	0.0050281	0.00067985	3.474e-06
778	0.99335	0.005971	0.00067605	4.1042e-06
779	0.99026	0.0090591	0.00067077	6.1958e-06
780	0.98861	0.010717	0.0006665	7.2945e-06
781	0.9838	0.015533	0.00066007	1.0526e-05
782	0.98086	0.018473	0.00065496	1.246e-05
783	0.97998	0.019353	0.00065122	1.3003e-05
784	0.96145	0.03789	0.00063573	2.5315e-05
785	0.94932	0.050026	0.00062458	3.3275e-05
786	0.94093	0.058419	0.000616	3.8671e-05
787	0.93562	0.063727	0.00060953	4.1978e-05
788	0.93357	0.06578	0.00060519	4.3136e-05
789	0.93392	0.065434	0.00060245	4.2717e-05
790	0.9092	0.090153	0.00058344	5.8549e-05
791	0.8911	0.10826	0.00056889	6.9937e-05
792	0.87824	0.12113	0.00055784	7.7836e-05
793	0.86964	0.12973	0.00054962	8.2927e-05
794	0.86464	0.13473	0.00054376	8.567e-05
795	0.86293	0.13644	0.00054001	8.6311e-05
796	0.85183	0.14755	0.00053038	9.2825e-05
797	0.82078	0.1786	0.00050846	0.00011165
798	0.74334	0.25604	0.00045815	0.00015887
799	0.5517	0.44769	0.00033844	0.0002755
800	0.4174	0.58199	0.00025474	0.0003561
801	0.32491	0.67448	0.00019718	0.00041057
802	0.25467	0.74473	0.00015374	0.00045092
803	0.2056	0.7938	0.0001234	0.00047815
804	0.16842	0.83099	0.00010054	0.00049791
805	0.14031	0.8591	8.3343e-05	0.00051203
806	0.12096	0.87845	7.1468e-05	0.00052081
807	0.10817	0.89124	6.3556e-05	0.00052561
808	0.10016	0.89925	5.851e-05	0.00052755
809	0.095811	0.90361	5.5636e-05	0.00052729
810	0.093648	0.90577	5.4069e-05	0.00052574
811	0.081979	0.91744	4.7019e-05	0.00052967
812	0.074384	0.92504	4.2372e-05	0.00053118
813	0.069202	0.93023	3.9162e-05	0.00053125
814	0.066028	0.9334	3.7133e-05	0.00053016
815	0.064581	0.93485	3.6104e-05	0.00052808
816	0.064751	0.93469	3.5994e-05	0.00052508
817	0.066583	0.93286	3.6815e-05	0.00052116
818	0.070869	0.92858	3.897e-05	0.00051589
819	0.077361	0.92209	4.2321e-05	0.00050944
820	0.087751	0.9117	4.7748e-05	0.0005009
821	0.10181	0.89764	5.512e-05	0.00049042
822	0.1207	0.87875	6.5037e-05	0.0004774
823	0.1459	0.85356	7.8263e-05	0.00046109
824	0.18218	0.81728	9.7239e-05	0.00043901
825	0.23023	0.76924	0.00012231	0.00041085
826	0.24977	0.7497	0.00013194	0.00039811
827	0.27873	0.72075	0.00014638	0.00038056
828	0.31753	0.68194	0.00016583	0.00035801
829	0.36899	0.63049	0.00019167	0.00032906
830	0.43731	0.56218	0.00022601	0.00029164
831	0.52784	0.47164	0.00027149	0.00024308
832	0.51602	0.48347	0.00026389	0.00024762
833	0.51056	0.48893	0.00025957	0.00024886
834	0.50932	0.49017	0.00025743	0.00024793
835	0.51337	0.48613	0.00025794	0.00024434
836	0.52182	0.47768	0.00026065	0.00023856
837	0.53697	0.46254	0.00026662	0.00022951
838	0.56074	0.43877	0.00027674	0.00021629
839	0.59682	0.40269	0.00029273	0.00019719
840	0.64509	0.35443	0.0003145	0.00017232
841	0.70922	0.2903	0.00034375	0.00013999
842	0.7341	0.26542	0.00035365	0.00012701
843	0.74136	0.25816	0.00035491	0.00012266
844	0.75499	0.24453	0.00035913	0.00011534
845	0.77689	0.22264	0.00036714	0.0001042
846	0.80682	0.19271	0.00037884	8.9401e-05
847	0.80235	0.19718	0.00037434	9.081e-05
848	0.8024	0.19714	0.00037192	9.012e-05
849	0.80602	0.19352	0.00037116	8.7781e-05
850	0.8135	0.18604	0.00037217	8.3691e-05
851	0.82543	0.17411	0.00037518	7.7612e-05
852	0.84274	0.15681	0.00038058	6.915e-05
853	0.86933	0.13022	0.00039004	5.662e-05
854	0.90513	0.094422	0.0004035	4.0091e-05
855	0.91903	0.080529	0.00040701	3.3539e-05
856	0.91274	0.086824	0.00040173	3.5779e-05
857	0.9103	0.089269	0.00039808	3.638e-05
858	0.91058	0.08899	0.00039561	3.5816e-05
859	0.91445	0.085126	0.00039462	3.3746e-05
860	0.92141	0.07816	0.00039495	3.0378e-05
861	0.93203	0.067547	0.00039681	2.5495e-05
862	0.94874	0.050841	0.00040115	1.8104e-05
863	0.97148	0.028103	0.00040798	8.2515e-06
864	0.97291	0.026674	0.00041127	8.149e-06
865	0.97622	0.023353	0.00041526	7.3518e-06
866	0.98166	0.017909	0.00042005	5.7796e-06
867	0.98964	0.0099311	0.00042578	3.2829e-06
868	0.98891	0.010655	0.00042855	3.7487e-06
869	0.98969	0.0098717	0.00043192	3.6062e-06
870	0.99214	0.0074205	0.00043595	2.7947e-06
871	0.98878	0.010782	0.00043759	4.3746e-06
872	0.98004	0.019513	0.00043681	8.4011e-06
873	0.97405	0.025498	0.00043723	1.1229e-05
874	0.95751	0.042036	0.00043278	1.8943e-05
875	0.94662	0.05293	0.00043082	2.4164e-05
876	0.93919	0.060356	0.00043041	2.7835e-05
877	0.93466	0.064879	0.00043133	3.0192e-05
878	0.93269	0.066842	0.00043345	3.1373e-05
879	0.92354	0.07599	0.00043212	3.5983e-05
880	0.90037	0.099158	0.00042403	4.7366e-05
881	0.8835	0.11603	0.00041885	5.5852e-05
882	0.87164	0.12788	0.00041601	6.2008e-05
883	0.83966	0.15986	0.00040331	7.8039e-05
884	0.81607	0.18344	0.00039455	9.0146e-05
885	0.79919	0.20032	0.00038897	9.9094e-05
886	0.7876	0.2119	0.00038592	0.00010552
887	0.78045	0.21906	0.00038502	0.00010981
888	0.77717	0.22234	0.00038603	0.00011219
889	0.77757	0.22192	0.00038891	0.00011274
890	0.78164	0.21785	0.00039366	0.00011141
891	0.78968	0.20981	0.0004005	0.00010801
892	0.80375	0.19574	0.00041048	0.00010147
893	0.8237	0.17579	0.00042364	9.1744e-05
894	0.82907	0.17041	0.00042934	8.9508e-05
895	0.82533	0.17414	0.00043026	9.2026e-05
896	0.82505	0.17442	0.000433	9.2738e-05
897	0.8291	0.17037	0.00043803	9.1158e-05
898	0.83799	0.16147	0.00044565	8.6965e-05
899	0.85143	0.14803	0.00045581	8.0244e-05
900	0.87053	0.12894	0.00046917	7.0334e-05
901	0.89678	0.10268	0.00048664	5.6341e-05
902	0.93513	0.064326	0.00051093	3.5509e-05
903	0.99139	0.0080552	0.00054537	4.5068e-06
904	0.9897	0.00975	0.00054786	5.4785e-06
905	0.98927	0.010171	0.00055106	5.7458e-06
906	0.99034	0.0091026	0.00055508	5.1799e-06
907	0.98926	0.010174	0.00055792	5.8208e-06
908	0.98968	0.0097554	0.00056157	5.6223e-06
909	0.99137	0.0080632	0.00056598	4.6872e-06
910	0.99098	0.0084415	0.00056922	4.9388e-06
911	0.99177	0.0076476	0.00057316	4.5089e-06
912	0.9938	0.005621	0.00057784	3.3495e-06
913	0.99088	0.0085318	0.00057963	5.1004e-06
914	0.98937	0.010042	0.00058226	6.0364e-06
915	0.98937	0.010042	0.00058575	6.085e-06
916	0.99087	0.0085337	0.00059013	5.2315e-06
917	0.99378	0.0056246	0.00059539	3.5201e-06
918	0.99878	0.00061605	0.00060191	5.2184e-07
919	0.99855	0.00085075	0.00060281	6.1435e-07
920	0.99898	0.00041164	0.00060414	2.8339e-07
921	0.99929	0.00010916	0.00060533	7.1474e-08
922	0.99622	0.0031697	0.00060445	1.924e-06
923	0.99461	0.0047864	0.00060442	2.9082e-06
924	0.99426	0.0051297	0.00060515	3.1227e-06
925	0.99216	0.0072275	0.00060478	4.4109e-06
926	0.99129	0.0080994	0.00060518	4.9506e-06
927	0.99184	0.0075525	0.00060642	4.6268e-06
928	0.99069	0.0086949	0.00060661	5.3405e-06
929	0.99075	0.008642	0.00060755	5.3193e-06
930	0.992	0.0073898	0.00060923	4.5574e-06
931	0.9915	0.0078834	0.00060982	4.8721e-06
932	0.99215	0.0072307	0.00061114	4.4775e-06
933	0.99401	0.0053691	0.00061321	3.3315e-06
934	0.99415	0.0052328	0.00061423	3.2495e-06
935	0.99533	0.0040534	0.00061591	2.5179e-06
936	0.99792	0.001457	0.00061846	9.063e-07
937	0.99566	0.0037163	0.00061797	2.3127e-06
938	0.99451	0.0048663	0.00061818	3.0304e-06
939	0.99142	0.0079553	0.00061717	4.9617e-06
940	0.99004	0.0093385	0.00061719	5.8369e-06
941	0.98989	0.0094871	0.00061799	5.9395e-06
942	0.99098	0.0083991	0.00061959	5.2652e-06
943	0.99001	0.0093662	0.00061991	5.8743e-06
944	0.99053	0.0088407	0.00062114	5.5515e-06
945	0.99262	0.0067492	0.00062335	4.2469e-06
946	0.99276	0.0066088	0.00062431	4.1687e-06
