#coord	neutral	conserved	gBGC.neutral	gBGC.conserved
1	0.76486	0.23486	0.00021887	6.7274e-05
2	0.77076	0.22896	0.0002159	6.4191e-05
3	0.78101	0.21872	0.00021409	5.998e-05
4	0.79794	0.20179	0.00021392	5.4102e-05
5	0.82373	0.17601	0.00021584	4.6117e-05
6	0.8623	0.13744	0.00022068	3.5187e-05
7	0.91372	0.086031	0.00022831	2.1494e-05
8	0.93628	0.063472	0.00022824	1.5477e-05
9	0.96682	0.032943	0.00022983	7.8245e-06
10	0.97869	0.021079	0.00022664	4.8856e-06
11	0.9831	0.016675	0.00022166	3.7657e-06
12	0.98979	0.0099916	0.00021716	2.1963e-06
13	0.99249	0.0072999	0.0002117	1.562e-06
14	0.99679	0.0030056	0.00020656	6.2635e-07
15	0.99856	0.0012384	0.0002009	2.5127e-07
16	0.99804	0.0017614	0.00019479	3.4616e-07
17	0.9983	0.0015075	0.00018887	2.8706e-07
18	0.99794	0.0018772	0.00018286	3.4543e-07
19	0.99836	0.001461	0.00017701	2.5944e-07
20	0.99975	7.4066e-05	0.00017131	1.2359e-08
21	0.99981	2.7774e-05	0.00016534	3.1636e-09
22	0.99953	0.00030632	0.00016541	5.0104e-08
23	0.99912	0.00071002	0.00016545	1.1749e-07
24	0.99938	0.00045707	0.00016561	7.5864e-08
25	0.99948	0.00035374	0.00016574	5.8776e-08
26	0.9995	0.00033317	0.00016586	5.5262e-08
27	0.99851	0.0013282	0.00016579	2.2054e-07
28	0.9984	0.001438	0.00016586	2.3927e-07
29	0.99904	0.00079147	0.00016605	1.3184e-07
30	0.99933	0.00050531	0.00016616	8.4597e-08
31	0.99841	0.0014203	0.00016607	2.3789e-07
32	0.99629	0.0035418	0.00016579	5.9272e-07
33	0.99515	0.0046874	0.00016566	7.8416e-07
34	0.99492	0.0049168	0.00016569	8.222e-07
35	0.99572	0.0041085	0.00016588	6.8775e-07
36	0.99516	0.0046726	0.00016584	7.8184e-07
37	0.99561	0.0042193	0.00016595	7.0675e-07
38	0.99697	0.0028605	0.00016621	4.797e-07
39	0.99713	0.002707	0.00016628	4.5372e-07
40	0.99808	0.0017488	0.00016647	2.9269e-07
41	0.9982	0.001634	0.00016651	2.7329e-07
42	0.99759	0.0022464	0.00016642	3.7586e-07
43	0.99773	0.0021021	0.00016645	3.5159e-07
44	0.99708	0.0027548	0.00016633	4.6099e-07
45	0.9973	0.0025374	0.00016635	4.2453e-07
46	0.9984	0.0014328	0.00016653	2.3932e-07
47	0.99882	0.0010159	0.00016657	1.6955e-07
48	0.99887	0.00096488	0.00016654	1.6118e-07
49	0.99963	0.00019841	0.00016662	3.3138e-08
50	0.99965	0.00018727	0.00016658	3.1104e-08
51	0.99976	7.5565e-05	0.00016654	1.2377e-08
52	0.99968	0.00015257	0.00016647	2.4098e-08
53	0.99887	0.00096434	0.00016629	1.496e-07
54	0.99732	0.0025146	0.00016598	3.8644e-07
55	0.99687	0.0029674	0.00016583	4.4725e-07
56	0.99745	0.0023861	0.00016583	3.4085e-07
57	0.99712	0.0027139	0.00016569	3.703e-07
58	0.99578	0.0040544	0.0001654	5.3672e-07
59	0.98356	0.016278	0.00016368	2.1385e-06
60	0.97569	0.024145	0.00016253	3.1436e-06
61	0.97044	0.029392	0.00016176	3.7775e-06
62	0.96741	0.032428	0.00016131	4.0933e-06
63	0.96675	0.033084	0.00016118	4.0635e-06
64	0.96163	0.038207	0.00016046	4.6205e-06
65	0.95941	0.040423	0.00016011	4.7771e-06
66	0.95922	0.04061	0.00016007	4.6372e-06
67	0.95411	0.045716	0.00016471	5.8196e-06
68	0.9514	0.048428	0.00016972	6.6532e-06
69	0.95148	0.048333	0.00017516	7.0416e-06
70	0.94637	0.053447	0.00017966	8.3463e-06
71	0.94443	0.055377	0.00018467	9.1141e-06
72	0.94541	0.054393	0.00019019	9.3548e-06
73	0.94873	0.05106	0.00019619	9.1321e-06
74	0.95535	0.044439	0.00020285	8.2374e-06
75	0.96515	0.034635	0.00021024	6.6345e-06
76	0.96809	0.031684	0.00021635	6.2894e-06
77	0.97384	0.025934	0.00022306	5.3188e-06
78	0.98232	0.017449	0.00023046	3.6864e-06
79	0.98564	0.014123	0.00023681	3.0814e-06
80	0.98583	0.013922	0.00024251	3.1497e-06
81	0.98745	0.0123	0.00024859	2.8679e-06
82	0.98051	0.01923	0.00025251	4.7206e-06
83	0.97641	0.023329	0.00025707	5.915e-06
84	0.97423	0.025498	0.00026212	6.6385e-06
85	0.97418	0.02555	0.0002677	6.813e-06
86	0.9703	0.029422	0.0002722	8.0494e-06
87	0.96893	0.030789	0.00027734	8.6198e-06
88	0.96939	0.030319	0.00028303	8.6707e-06
89	0.97215	0.027548	0.00028937	8.0404e-06
90	0.97769	0.022005	0.00029655	6.5511e-06
91	0.98678	0.012915	0.00030485	3.9238e-06
92	0.99016	0.0095231	0.00031151	2.9501e-06
93	0.99109	0.0085869	0.00031742	2.715e-06
94	0.98996	0.0097179	0.0003227	3.1362e-06
95	0.99007	0.0096011	0.0003284	3.1555e-06
96	0.99173	0.007933	0.00033461	2.6538e-06
97	0.99136	0.0082948	0.00034017	2.8235e-06
98	0.99243	0.0072193	0.0003462	2.4989e-06
99	0.99509	0.0045563	0.00035278	1.6034e-06
100	0.99326	0.0063831	0.0003578	2.2855e-06
101	0.99278	0.0068498	0.00036328	2.4932e-06
102	0.99361	0.0060159	0.00036921	2.2252e-06
103	0.99276	0.0068589	0.0003745	2.5802e-06
104	0.99326	0.0063597	0.00038026	2.4329e-06
105	0.99489	0.0047232	0.00038651	1.8367e-06
106	0.99496	0.0046411	0.00039218	1.8323e-06
107	0.9935	0.0060963	0.00039722	2.4444e-06
108	0.99316	0.0064334	0.00040273	2.6169e-06
109	0.99414	0.0054507	0.00040875	2.2519e-06
110	0.99628	0.003304	0.00041529	1.388e-06
111	0.9969	0.0026802	0.00042125	1.1433e-06
112	0.99658	0.0029926	0.00042684	1.2936e-06
113	0.99714	0.002427	0.00043284	1.0641e-06
114	0.99863	0.00093212	0.00043929	4.1646e-07
115	0.96903	0.030523	0.00043182	1.3711e-05
116	0.94876	0.050789	0.00042821	2.3129e-05
117	0.93523	0.064312	0.00042744	2.9686e-05
118	0.92578	0.073759	0.00042845	3.4486e-05
119	0.92047	0.079063	0.00043128	3.7447e-05
120	0.91863	0.080898	0.00043567	3.8819e-05
121	0.9194	0.080119	0.00044134	3.8945e-05
122	0.92285	0.076665	0.00044836	3.7748e-05
123	0.92924	0.070265	0.00045692	3.5049e-05
124	0.92864	0.070861	0.00046208	3.5772e-05
125	0.93053	0.068963	0.00046854	3.5231e-05
126	0.93507	0.064424	0.00047641	3.3305e-05
127	0.93319	0.066292	0.00048104	3.4647e-05
128	0.93432	0.065162	0.0004872	3.4446e-05
129	0.93872	0.060751	0.00049507	3.2497e-05
130	0.93748	0.061987	0.00049994	3.3537e-05
131	0.93857	0.060887	0.00050609	3.3317e-05
132	0.94212	0.057335	0.00051364	3.1732e-05
133	0.93968	0.059771	0.00051795	3.3424e-05
134	0.94025	0.059189	0.00052389	3.346e-05
135	0.94318	0.056253	0.0005312	3.2148e-05
136	0.94873	0.050702	0.00054009	2.9292e-05
137	0.95816	0.041265	0.00055127	2.4127e-05
138	0.97147	0.027946	0.00056488	1.6558e-05
139	0.97011	0.029298	0.00056999	1.7525e-05
140	0.97054	0.028868	0.00057618	1.7438e-05
141	0.97278	0.026623	0.00058352	1.6243e-05
142	0.977	0.022393	0.00059214	1.3799e-05
143	0.97721	0.022182	0.00059835	1.3788e-05
144	0.97907	0.020308	0.00060565	1.2732e-05
145	0.98318	0.0162	0.00061435	1.025e-05
146	0.98406	0.015309	0.00062101	9.7736e-06
147	0.98648	0.012885	0.00062871	8.2986e-06
148	0.99102	0.0083344	0.00063779	5.4198e-06
149	0.99247	0.0068796	0.00064494	4.5105e-06
150	0.99228	0.0070664	0.00065098	4.6708e-06
151	0.99346	0.0058822	0.00065791	3.9259e-06
152	0.99587	0.0034649	0.00066572	2.3354e-06
153	0.99678	0.0025501	0.00067251	1.7378e-06
154	0.99427	0.0050534	0.00067701	3.4662e-06
155	0.99316	0.0061484	0.00068242	4.2582e-06
156	0.98962	0.0096921	0.00068614	6.7676e-06
157	0.98759	0.011712	0.00069093	8.2468e-06
158	0.9872	0.012099	0.00069683	8.5994e-06
159	0.98359	0.015702	0.00070045	1.1252e-05
160	0.98206	0.017222	0.0007055	1.2454e-05
161	0.98205	0.01723	0.00071168	1.2571e-05
162	0.97863	0.020636	0.0007154	1.5175e-05
163	0.9689	0.030362	0.00071446	2.2478e-05
164	0.96301	0.03625	0.00071621	2.7059e-05
165	0.96013	0.039123	0.00072012	2.9458e-05
166	0.951	0.048245	0.00071921	3.6652e-05
167	0.94496	0.054281	0.00072059	4.1585e-05
168	0.94214	0.057087	0.00072436	4.4113e-05
169	0.94165	0.057576	0.00072994	4.4864e-05
170	0.94413	0.055087	0.0007378	4.33e-05
171	0.92825	0.070966	0.00073111	5.6271e-05
172	0.91697	0.08224	0.00072795	6.5739e-05
173	0.91049	0.088709	0.00072848	7.15e-05
174	0.90792	0.091278	0.00073205	7.4192e-05
175	0.90805	0.091135	0.00073785	7.4692e-05
176	0.90089	0.098289	0.00073759	8.1219e-05
177	0.89693	0.10225	0.00073995	8.5168e-05
178	0.89585	0.10332	0.00074473	8.6735e-05
179	0.89759	0.10157	0.0007519	8.5937e-05
180	0.90232	0.096839	0.00076168	8.2568e-05
181	0.91153	0.087615	0.00077532	7.5318e-05
182	0.92653	0.072611	0.000794	6.3004e-05
183	0.94718	0.051961	0.00081783	4.5574e-05
184	0.95549	0.04364	0.0008311	3.8669e-05
185	0.9571	0.042022	0.00083863	3.7551e-05
186	0.95353	0.045589	0.0008416	4.103e-05
187	0.94263	0.056483	0.00083787	5.1178e-05
188	0.93527	0.063837	0.00083727	5.8239e-05
189	0.93151	0.067588	0.00083982	6.2125e-05
190	0.9303	0.068787	0.00084471	6.3705e-05
191	0.93214	0.066947	0.00085235	6.2511e-05
192	0.93658	0.062497	0.00086249	5.886e-05
193	0.88888	0.11019	0.00082365	0.00010422
194	0.856	0.14306	0.00079817	0.0001362
195	0.83376	0.16529	0.00078235	0.00015849
196	0.78177	0.21729	0.0007374	0.0002099
197	0.74298	0.25607	0.00070473	0.00024905
198	0.71436	0.28468	0.00068158	0.00027872
199	0.69367	0.30536	0.00066591	0.00030095
200	0.68077	0.31826	0.00065758	0.00031581
201	0.67274	0.32628	0.00065398	0.00032598
202	0.64512	0.3539	0.00063076	0.0003558
203	0.62514	0.37386	0.00061494	0.00037825
204	0.6114	0.3876	0.00060519	0.00039467
205	0.60273	0.39627	0.00060046	0.0004061
206	0.59854	0.40045	0.00060023	0.00041307
207	0.59986	0.39912	0.00060553	0.00041448
208	0.58683	0.41214	0.00059609	0.00043066
209	0.57878	0.42018	0.00059171	0.00044182
210	0.54874	0.45022	0.00056434	0.00047601
211	0.52696	0.47199	0.00054531	0.00050188
212	0.51176	0.48719	0.00053296	0.0005211
213	0.50192	0.49701	0.00052616	0.00053481
214	0.46989	0.52904	0.00049569	0.00057223
215	0.3947	0.60423	0.0004185	0.00065635
216	0.33803	0.66089	0.00036035	0.00072145
217	0.29544	0.70347	0.00031676	0.00077203
218	0.26667	0.73224	0.00028751	0.00080825
219	0.24537	0.75353	0.00026611	0.00083665
220	0.22993	0.76896	0.0002509	0.00085887
221	0.18511	0.81377	0.00020311	0.00091372
222	0.15448	0.84439	0.00017036	0.00095351
223	0.13151	0.86735	0.00014581	0.00098512
224	0.11617	0.8827	0.00012946	0.0010085
225	0.10499	0.89387	0.00011765	0.0010274
226	0.097108	0.90174	0.00010947	0.0010427
227	0.092662	0.90618	0.00010508	0.0010542
228	0.091229	0.9076	0.00010407	0.0010623
229	0.092609	0.90622	0.00010629	0.0010671
230	0.09607	0.90275	0.00011098	0.0010695
231	0.10192	0.89689	0.00011855	0.0010691
232	0.11161	0.8872	0.00013071	0.001064
233	0.12499	0.87381	0.00014745	0.0010544
234	0.14318	0.85561	0.0001702	0.0010388
235	0.14701	0.85178	0.00017587	0.0010403
236	0.15498	0.8438	0.00018661	0.0010367
237	0.1666	0.83216	0.00020197	0.0010286
238	0.14913	0.84963	0.00018162	0.0010561
239	0.13637	0.86239	0.00016689	0.001078
240	0.1284	0.87035	0.00015792	0.0010942
241	0.1244	0.87435	0.00015375	0.0011056
242	0.12284	0.8759	0.00015264	0.0011139
243	0.12365	0.87507	0.00015453	0.0011192
244	0.1269	0.87182	0.00015956	0.0011215
245	0.13375	0.86496	0.00016918	0.0011191
246	0.14386	0.85484	0.00018315	0.0011124
247	0.15949	0.83921	0.00020433	0.0010985
248	0.18061	0.81808	0.00023295	0.0010772
249	0.20898	0.7897	0.00027144	0.001046
250	0.24997	0.74871	0.00032686	0.0009979
251	0.3041	0.69456	0.00040043	0.00093167
252	0.37582	0.62284	0.00049846	0.00084102
253	0.40626	0.5924	0.00054198	0.00080485
254	0.44706	0.55159	0.00060006	0.00075415
255	0.50132	0.49732	0.00067722	0.00068442
256	0.52089	0.47774	0.00070779	0.00066131
257	0.54799	0.45063	0.00074915	0.00062745
258	0.58468	0.41394	0.00080438	0.00057976
259	0.63396	0.36465	0.00087797	0.00051375
260	0.6997	0.2989	0.00097575	0.00042358
261	0.79565	0.20294	0.0011172	0.00028974
262	0.8342	0.16439	0.0011784	0.00023619
263	0.84913	0.14944	0.0012063	0.00021592
264	0.8724	0.12617	0.0012465	0.00018344
265	0.90389	0.094675	0.001299	0.00013857
266	0.91705	0.081502	0.0013252	0.00012006
267	0.93549	0.06306	0.0013594	9.3558e-05
268	0.94161	0.056929	0.0013758	8.4951e-05
269	0.94137	0.057165	0.0013829	8.5697e-05
270	0.94343	0.055089	0.0013935	8.298e-05
271	0.94794	0.050573	0.0014078	7.6546e-05
272	0.95527	0.043233	0.0014266	6.5737e-05
273	0.96718	0.031317	0.0014524	4.787e-05
274	0.97129	0.027202	0.0014665	4.1757e-05
275	0.97842	0.020066	0.0014853	3.0955e-05
276	0.98947	0.0090014	0.0015102	1.3994e-05
277	0.99394	0.0045272	0.001525	7.0927e-06
278	0.99324	0.0052221	0.001532	8.1941e-06
279	0.99356	0.0048902	0.0015406	7.7001e-06
280	0.99258	0.0058675	0.001547	9.2673e-06
281	0.99265	0.0057837	0.0015552	9.1741e-06
282	0.99101	0.0074151	0.0015608	1.179e-05
283	0.99055	0.0078669	0.0015682	1.2552e-05
284	0.9881	0.010308	0.0015725	1.6506e-05
285	0.98704	0.011362	0.0015789	1.8266e-05
286	0.9829	0.015494	0.0015804	2.5014e-05
287	0.98087	0.017516	0.0015851	2.8426e-05
288	0.98069	0.017687	0.0015929	2.8869e-05
289	0.98234	0.016027	0.0016035	2.6335e-05
290	0.98566	0.012704	0.001617	2.1029e-05
291	0.99087	0.0074857	0.0016337	1.252e-05
292	0.9838	0.014542	0.0016301	2.4403e-05
293	0.97951	0.018825	0.001631	3.1762e-05
294	0.97707	0.021259	0.001635	3.6058e-05
295	0.96919	0.029127	0.0016298	4.9602e-05
296	0.96397	0.034347	0.0016291	5.8744e-05
297	0.96102	0.037287	0.0016322	6.4059e-05
298	0.96064	0.037653	0.0016397	6.5025e-05
299	0.96225	0.03604	0.0016506	6.2569e-05
300	0.96593	0.032351	0.0016653	5.6467e-05
301	0.9557	0.042573	0.0016558	7.4504e-05
302	0.94945	0.048816	0.0016531	8.5795e-05
303	0.94579	0.052465	0.0016549	9.2611e-05
304	0.9451	0.053145	0.0016618	9.4272e-05
305	0.94662	0.051616	0.0016728	9.2004e-05
306	0.95121	0.047014	0.0016891	8.4257e-05
307	0.95007	0.048151	0.0016954	8.6694e-05
308	0.95108	0.047133	0.0017055	8.5248e-05
309	0.95486	0.043339	0.0017207	7.8784e-05
310	0.96123	0.036964	0.0017407	6.7526e-05
311	0.97063	0.027555	0.0017665	5.0563e-05
312	0.98519	0.012988	0.0018018	2.398e-05
313	0.9859	0.01227	0.0018119	2.2744e-05
314	0.98831	0.0098448	0.0018251	1.8342e-05
315	0.99234	0.005806	0.0018414	1.0872e-05
316	0.99368	0.0044602	0.0018529	8.3809e-06
317	0.99363	0.0045012	0.0018616	8.4879e-06
318	0.99207	0.0060523	0.0018676	1.1437e-05
319	0.98808	0.010036	0.001869	1.9029e-05
320	0.98569	0.012412	0.0018733	2.3618e-05
321	0.98507	0.013026	0.001881	2.4899e-05
322	0.98579	0.012298	0.0018913	2.3602e-05
323	0.98413	0.013946	0.001897	2.6883e-05
324	0.98389	0.014172	0.0019055	2.7425e-05
325	0.98534	0.012714	0.0019172	2.4706e-05
326	0.98866	0.0093853	0.0019326	1.8319e-05
327	0.99438	0.0036604	0.0019526	7.1929e-06
328	0.9915	0.0065271	0.0019559	1.2888e-05
329	0.98994	0.008078	0.0019618	1.6013e-05
330	0.98959	0.0084188	0.0019702	1.6746e-05
331	0.99064	0.0073628	0.0019814	1.4701e-05
332	0.99322	0.0047753	0.0019955	9.5714e-06
333	0.99774	0.00024808	0.0020136	4.9955e-07
334	0.99701	0.00096282	0.0020213	1.9464e-06
335	0.99707	0.00089705	0.0020304	1.8214e-06
336	0.99793	2.4188e-05	0.0020412	4.9463e-08
337	0.99777	0.00017617	0.00205	3.6186e-07
338	0.99377	0.0041731	0.0020508	8.6248e-06
339	0.99154	0.0063957	0.0020551	1.329e-05
340	0.99053	0.0073958	0.002062	1.5435e-05
341	0.9909	0.0070164	0.0020718	1.4721e-05
342	0.99243	0.0054713	0.0020841	1.1538e-05
343	0.9891	0.0087989	0.002086	1.8646e-05
344	0.98722	0.010665	0.0020911	2.2693e-05
345	0.98692	0.01096	0.0020995	2.3439e-05
346	0.98384	0.014025	0.0021018	3.0152e-05
347	0.98234	0.015514	0.0021076	3.3506e-05
348	0.98231	0.015543	0.0021166	3.3717e-05
349	0.98373	0.014114	0.0021288	3.0749e-05
350	0.98714	0.010688	0.0021454	2.342e-05
351	0.99246	0.0053618	0.0021662	1.1844e-05
352	0.98715	0.010665	0.0021638	2.3584e-05
353	0.98373	0.014074	0.0021656	3.1213e-05
354	0.9823	0.01549	0.0021717	3.4505e-05
355	0.98233	0.015451	0.0021811	3.4565e-05
356	0.98381	0.01397	0.0021938	3.1384e-05
357	0.98683	0.010935	0.0022101	2.4662e-05
358	0.9921	0.0056541	0.0022314	1.2827e-05
359	0.99405	0.0036976	0.0022454	8.4269e-06
360	0.99447	0.0032685	0.002256	7.4694e-06
361	0.99386	0.0038655	0.0022643	8.8612e-06
362	0.99419	0.0035265	0.0022747	8.1106e-06
363	0.99331	0.0043941	0.0022825	1.0124e-05
364	0.9936	0.0040942	0.0022929	9.4672e-06
365	0.9881	0.0095874	0.0022899	2.2201e-05
366	0.98486	0.012815	0.0022921	2.9796e-05
367	0.98354	0.014126	0.0022986	3.2996e-05
368	0.98363	0.014029	0.0023085	3.2899e-05
369	0.98548	0.012166	0.0023225	2.8654e-05
370	0.98936	0.0082753	0.0023413	1.9599e-05
371	0.99043	0.0072005	0.0023536	1.7126e-05
372	0.98972	0.0078967	0.0023616	1.8872e-05
373	0.99016	0.007447	0.0023724	1.787e-05
374	0.99202	0.0055775	0.0023866	1.3455e-05
375	0.99523	0.002361	0.0024042	5.73e-06
376	0.99656	0.0010185	0.0024174	2.4853e-06
377	0.99714	0.00043131	0.0024288	1.057e-06
378	0.99746	9.629e-05	0.0024397	2.362e-07
379	0.99749	6.0491e-05	0.0024499	1.4939e-07
380	0.99663	0.00091015	0.0024579	2.2528e-06
381	0.99649	0.0010421	0.0024677	2.5893e-06
382	0.99594	0.0015816	0.0024765	3.9506e-06
383	0.99457	0.0029386	0.0024832	7.3842e-06
384	0.99113	0.0063658	0.0024847	1.6055e-05
385	0.98936	0.0081283	0.0024903	2.0604e-05
386	0.98882	0.0086589	0.002499	2.2051e-05
387	0.98947	0.0079994	0.0025109	2.0466e-05
388	0.99136	0.0060981	0.002526	1.5679e-05
389	0.99462	0.002823	0.0025448	7.3041e-06
390	0.99591	0.001531	0.0025587	3.9841e-06
391	0.99134	0.0060887	0.0025574	1.5795e-05
392	0.98841	0.0090034	0.0025604	2.3415e-05
393	0.98715	0.010258	0.0025677	2.679e-05
394	0.98715	0.01024	0.0025783	2.6846e-05
395	0.98868	0.0087038	0.0025928	2.2927e-05
396	0.9916	0.0057737	0.0026112	1.5281e-05
397	0.99256	0.004798	0.0026244	1.2768e-05
398	0.99207	0.0052843	0.0026338	1.4118e-05
399	0.99259	0.0047528	0.002646	1.2747e-05
400	0.99167	0.0056651	0.0026544	1.5231e-05
401	0.9918	0.0055204	0.0026657	1.4879e-05
402	0.99323	0.0040793	0.0026805	1.103e-05
403	0.99616	0.0011405	0.0026993	3.0999e-06
404	0.99614	0.0011482	0.0027103	3.1288e-06
405	0.99569	0.0015905	0.00272	4.3521e-06
406	0.99452	0.002742	0.0027277	7.543e-06
407	0.99426	0.002989	0.002738	8.2554e-06
408	0.99488	0.0023581	0.0027507	6.5344e-06
409	0.99474	0.002488	0.0027614	6.9237e-06
410	0.99356	0.0036599	0.0027692	1.0214e-05
411	0.99334	0.0038676	0.0027797	1.082e-05
412	0.99188	0.005319	0.0027867	1.4931e-05
413	0.9917	0.0054859	0.0027973	1.5464e-05
414	0.99278	0.0043915	0.0028114	1.2443e-05
415	0.995	0.0021659	0.0028288	6.1674e-06
416	0.99583	0.0013229	0.0028424	3.7789e-06
417	0.99609	0.001057	0.0028543	3.0333e-06
418	0.98826	0.0088678	0.0028429	2.559e-05
419	0.98331	0.01381	0.0028395	4.0045e-05
420	0.98024	0.016867	0.0028416	4.9097e-05
421	0.97134	0.025763	0.0028268	7.5202e-05
422	0.96524	0.031843	0.0028201	9.3227e-05
423	0.96151	0.03557	0.0028203	0.00010445
424	0.9603	0.036764	0.0028277	0.00010833
425	0.96147	0.035579	0.0028422	0.00010524
426	0.96529	0.031754	0.0028644	9.432e-05
427	0.97151	0.025523	0.002894	7.6093e-05
428	0.98142	0.0156	0.0029347	4.6734e-05
429	0.99517	0.0018371	0.0029873	5.5292e-06
430	0.99336	0.0036347	0.0029932	1.0986e-05
431	0.9889	0.0080825	0.0029912	2.4495e-05
432	0.98611	0.010863	0.0029942	3.3014e-05
433	0.98475	0.012209	0.0030016	3.7205e-05
434	0.98499	0.011961	0.0030139	3.6568e-05
435	0.98685	0.010087	0.003031	3.0951e-05
436	0.98139	0.015531	0.0030258	4.7794e-05
437	0.97834	0.018579	0.0030278	5.739e-05
438	0.97735	0.01955	0.0030361	6.0634e-05
439	0.97793	0.018963	0.0030494	5.9019e-05
440	0.98046	0.016424	0.0030687	5.1307e-05
441	0.98526	0.011609	0.0030951	3.6427e-05
442	0.98288	0.013972	0.003099	4.4063e-05
443	0.982	0.014849	0.0031076	4.702e-05
444	0.98251	0.014324	0.0031208	4.5519e-05
445	0.98486	0.011966	0.0031398	3.8185e-05
446	0.98888	0.0079281	0.0031643	2.5386e-05
447	0.99552	0.0012739	0.0031973	4.1231e-06
448	0.99254	0.0042477	0.0031994	1.3789e-05
449	0.99103	0.00575	0.0032061	1.876e-05
450	0.99061	0.0061576	0.0032165	2.0182e-05
451	0.98816	0.0085928	0.0032203	2.825e-05
452	0.98703	0.0097112	0.0032285	3.2032e-05
453	0.98714	0.0095852	0.0032409	3.1723e-05
454	0.9885	0.0082185	0.0032575	2.729e-05
455	0.9912	0.0055076	0.0032787	1.8334e-05
456	0.99591	0.0007788	0.0033066	2.605e-06
457	0.98562	0.011062	0.0032843	3.7005e-05
458	0.97828	0.018386	0.0032719	6.1669e-05
459	0.97338	0.023277	0.0032676	7.8291e-05
460	0.96127	0.035367	0.0032388	0.00011935
461	0.95355	0.04308	0.0032244	0.00014596
462	0.94934	0.047274	0.0032217	0.00016083
463	0.79722	0.19938	0.002714	0.00068084
464	0.69082	0.30577	0.0023585	0.0010486
465	0.61058	0.386	0.0020912	0.0013282
466	0.55575	0.44082	0.0019091	0.0015226
467	0.51478	0.48178	0.0017742	0.0016699
468	0.48748	0.50907	0.0016855	0.0017709
469	0.47003	0.52651	0.0016304	0.0018384
470	0.45821	0.53831	0.0015947	0.0018864
471	0.45242	0.54409	0.0015798	0.0019137
472	0.45192	0.54458	0.0015832	0.0019226
473	0.43608	0.56041	0.0015325	0.0019857
474	0.42562	0.57084	0.0015008	0.0020299
475	0.42093	0.57552	0.0014891	0.002054
476	0.34037	0.65608	0.0012063	0.0023494
477	0.27953	0.7169	0.00099272	0.0025755
478	0.23718	0.75924	0.00084372	0.0027371
479	0.20524	0.79117	0.00073156	0.0028619
480	0.1813	0.81509	0.00064772	0.0029584
481	0.16363	0.83275	0.00058615	0.0030327
482	0.15085	0.84552	0.000542	0.0030897
483	0.14196	0.8544	0.00051175	0.0031328
484	0.1362	0.86014	0.0004928	0.0031646
485	0.13416	0.86217	0.00048719	0.0031832
486	0.11942	0.8769	0.00043504	0.0032483
487	0.1098	0.8865	0.00040124	0.003295
488	0.10426	0.89203	0.00038215	0.003327
489	0.10116	0.89512	0.00037203	0.0033501
490	0.087924	0.90834	0.00032428	0.003411
491	0.078196	0.91806	0.00028933	0.003459
492	0.071283	0.92496	0.00026471	0.0034968
493	0.067303	0.92892	0.00025082	0.0035238
494	0.065873	0.93034	0.00024636	0.0035414
495	0.066794	0.9294	0.0002507	0.0035502
496	0.060041	0.93615	0.00022596	0.0035881
497	0.056162	0.94001	0.00021192	0.0036154
498	0.053934	0.94223	0.00020414	0.0036364
499	0.053726	0.94242	0.00020399	0.0036497
500	0.055512	0.94062	0.00021143	0.0036555
501	0.058923	0.9372	0.00022524	0.003655
502	0.064921	0.93119	0.00024904	0.0036444
503	0.073329	0.92276	0.00028242	0.0036243
504	0.085954	0.91013	0.00033229	0.0035878
505	0.1029	0.89317	0.00039947	0.0035339
506	0.12549	0.87056	0.0004894	0.0034574
507	0.13219	0.86385	0.00051747	0.0034428
508	0.1293	0.86673	0.00050778	0.0034661
509	0.12963	0.86639	0.00051076	0.0034766
510	0.13238	0.86362	0.00052349	0.0034775
511	0.13777	0.85822	0.00054694	0.0034677
512	0.14626	0.84971	0.00058312	0.0034452
513	0.16007	0.83588	0.00064093	0.0034011
514	0.17893	0.81702	0.00071971	0.003336
515	0.20424	0.79169	0.0008256	0.003244
516	0.24161	0.75431	0.00098122	0.0031022
517	0.2381	0.7578	0.00097034	0.0031269
518	0.23885	0.75703	0.00097679	0.0031343
519	0.2442	0.75168	0.0010021	0.0031229
520	0.21121	0.78465	0.0008689	0.00327
521	0.1886	0.80725	0.00077772	0.003375
522	0.17192	0.82391	0.00071084	0.0034559
523	0.1599	0.83592	0.00066312	0.0035176
524	0.15162	0.84418	0.00063087	0.0035639
525	0.14652	0.84927	0.00061182	0.0035971
526	0.1289	0.86688	0.00053981	0.0036833
527	0.11744	0.87833	0.00049315	0.003744
528	0.10941	0.88634	0.00046085	0.0037905
529	0.084685	0.91105	0.00035761	0.003908
530	0.065918	0.9298	0.00027917	0.0040008
531	0.052914	0.94279	0.00022462	0.0040696
532	0.043157	0.95253	0.00018371	0.0041249
533	0.036571	0.95911	0.00015604	0.0041669
534	0.031748	0.96391	0.00013585	0.0042015
535	0.028903	0.96675	0.00012399	0.0042277
536	0.027138	0.9685	0.00011679	0.0042494
537	0.026321	0.9693	0.00011369	0.004267
538	0.026389	0.96922	0.00011446	0.0042808
539	0.027348	0.96824	0.00011919	0.0042908
540	0.029293	0.96628	0.00012834	0.0042963
541	0.025907	0.96965	0.00011401	0.0043254
542	0.024097	0.97145	0.00010649	0.0043477
543	0.023534	0.972	0.00010442	0.0043645
544	0.018184	0.97733	8.0864e-05	0.0044028
545	0.014115	0.98139	6.2938e-05	0.0044355
546	0.011007	0.98448	4.9243e-05	0.0044641
547	0.0086172	0.98685	3.8711e-05	0.0044896
548	0.007048	0.98841	3.1772e-05	0.0045114
549	0.0060799	0.98936	2.748e-05	0.0045306
550	0.0053613	0.99007	2.4309e-05	0.0045488
551	0.0048358	0.99058	2.2009e-05	0.0045661
552	0.0046528	0.99074	2.1236e-05	0.0045819
553	0.0045896	0.99079	2.1016e-05	0.0045972
554	0.0046502	0.99072	2.1375e-05	0.004612
555	0.0048394	0.99051	2.2342e-05	0.0046262
556	0.005172	0.99016	2.3993e-05	0.0046399
557	0.005674	0.98965	2.6462e-05	0.0046528
558	0.0063847	0.98892	2.9948e-05	0.0046647
559	0.0073483	0.98794	3.4676e-05	0.0046754
560	0.0089313	0.98634	4.2354e-05	0.0046832
561	0.011292	0.98397	5.376e-05	0.0046873
562	0.01473	0.98051	7.0355e-05	0.0046861
563	0.019193	0.97603	9.2035e-05	0.00468
564	0.025759	0.96945	0.00012391	0.0046636
565	0.020404	0.97479	9.854e-05	0.0047045
566	0.016791	0.97839	8.1379e-05	0.0047372
567	0.014123	0.98104	6.8741e-05	0.0047655
568	0.012482	0.98267	6.0987e-05	0.0047889
569	0.011714	0.98342	5.7425e-05	0.004808
570	0.011712	0.98341	5.7574e-05	0.0048235
571	0.012476	0.98263	6.1465e-05	0.0048352
572	0.0096504	0.98544	4.7685e-05	0.0048646
573	0.0077193	0.98735	3.8223e-05	0.0048897
574	0.0062201	0.98884	3.0886e-05	0.0049128
575	0.0052246	0.98982	2.5991e-05	0.0049333
576	0.0044297	0.9906	2.2092e-05	0.004953
577	0.0039688	0.99104	1.9822e-05	0.004971
578	0.0036049	0.99139	1.8042e-05	0.0049886
579	0.0033094	0.99167	1.6611e-05	0.0050059
580	0.003217	0.99174	1.6173e-05	0.0050223
581	0.0031578	0.99179	1.5911e-05	0.0050385
582	0.0031198	0.99181	1.5765e-05	0.0050546
583	0.0031074	0.99181	1.5758e-05	0.0050707
584	0.003275	0.99162	1.6645e-05	0.0050859
585	0.0034747	0.99141	1.7711e-05	0.005101
586	0.0037216	0.99114	1.9036e-05	0.0051158
587	0.0040346	0.99081	2.0719e-05	0.0051304
588	0.0046324	0.9902	2.3858e-05	0.0051436
589	0.005387	0.98943	2.7844e-05	0.0051559
590	0.0063467	0.98845	3.2941e-05	0.0051672
591	0.0075844	0.9872	3.9547e-05	0.0051771
592	0.0091939	0.98557	4.818e-05	0.005185
593	0.0116	0.98315	6.1032e-05	0.0051887
594	0.01519	0.97954	8.0179e-05	0.0051861
595	0.019852	0.97487	0.00010519	0.0051776
596	0.025939	0.96876	0.00013803	0.0051615
597	0.033954	0.96073	0.00018152	0.0051347
598	0.045476	0.94919	0.00024405	0.0050889
599	0.048846	0.9458	0.00026296	0.0050867
600	0.046539	0.94809	0.00025128	0.0051151
601	0.046202	0.94842	0.00025012	0.0051329
602	0.039492	0.95511	0.00021421	0.0051855
603	0.034607	0.95998	0.00018815	0.0052283
604	0.031773	0.96279	0.00017308	0.0052602
605	0.030595	0.96396	0.00016693	0.005283
606	0.030433	0.9641	0.00016639	0.0053004
607	0.031675	0.96284	0.0001735	0.00531
608	0.034004	0.9605	0.00018669	0.0053137
609	0.037627	0.95686	0.00020716	0.0053102
610	0.042827	0.95164	0.00023657	0.0052978
611	0.042322	0.95213	0.00023437	0.005317
612	0.043046	0.95139	0.00023906	0.0053294
613	0.045575	0.94884	0.00025381	0.0053317
614	0.049615	0.94478	0.00027718	0.0053255
615	0.055472	0.93891	0.00031101	0.0053088
616	0.043405	0.95096	0.00024365	0.0053934
617	0.034305	0.96004	0.00019285	0.0054615
618	0.028224	0.9661	0.00015877	0.0055128
619	0.023726	0.97059	0.0001336	0.0055553
620	0.020865	0.97343	0.00011754	0.0055887
621	0.019277	0.975	0.0001086	0.005615
622	0.01843	0.97583	0.00010388	0.0056371
623	0.018276	0.97597	0.00010314	0.0056553
624	0.019113	0.97511	0.00010799	0.0056679
625	0.021048	0.97316	0.00011906	0.0056743
626	0.023894	0.97029	0.00013542	0.0056755
627	0.027869	0.9663	0.00015836	0.0056701
628	0.034023	0.96013	0.0001938	0.0056523
629	0.04225	0.95189	0.00024142	0.0056224
630	0.054192	0.93993	0.0003105	0.0055709
631	0.071371	0.92273	0.00040989	0.0054892
632	0.076432	0.91765	0.00043992	0.0054769
633	0.083908	0.91016	0.00048424	0.0054504
634	0.082961	0.91109	0.00047947	0.005473
635	0.084546	0.90948	0.00048948	0.0054809
636	0.088865	0.90515	0.00051548	0.0054727
637	0.096658	0.89734	0.00056184	0.0054442
638	0.10759	0.88639	0.00062693	0.0053971
639	0.12255	0.8714	0.00071631	0.0053257
640	0.14492	0.84902	0.00084945	0.0052106
641	0.17459	0.81933	0.0010268	0.0050513
642	0.21399	0.77991	0.0012632	0.0048331
643	0.22706	0.76683	0.0013443	0.0047702
644	0.24717	0.7467	0.0014678	0.004665
645	0.27744	0.71641	0.0016523	0.0044987
646	0.32208	0.67175	0.0019234	0.0042457
647	0.38113	0.61268	0.0022832	0.0039042
648	0.46718	0.52661	0.0028066	0.0033991
649	0.47328	0.52049	0.0028497	0.0033744
650	0.4855	0.50826	0.0029302	0.0033122
651	0.50343	0.49031	0.0030465	0.0032144
652	0.52859	0.46513	0.003208	0.0030714
653	0.56589	0.42782	0.0034443	0.0028536
654	0.61572	0.37796	0.0037595	0.002557
655	0.63408	0.35958	0.0038824	0.0024529
656	0.66211	0.33153	0.0040657	0.0022883
657	0.70001	0.29362	0.0043117	0.0020611
658	0.75598	0.23762	0.0046709	0.0017206
659	0.83051	0.16308	0.0051488	0.0012616
660	0.92898	0.064594	0.0057806	0.00064885
661	0.92964	0.063928	0.0057998	0.00062962
662	0.93336	0.060208	0.0058441	0.00058535
663	0.94061	0.052959	0.0059189	0.0005105
664	0.95128	0.042293	0.0060246	0.00040492
665	0.96779	0.025785	0.0061836	0.00024585
666	0.97476	0.018811	0.0062515	0.00017794
667	0.98469	0.0088767	0.0063458	8.3646e-05
668	0.98494	0.0086349	0.0063515	7.7993e-05
669	0.98298	0.010592	0.0063407	8.8948e-05
670	0.9826	0.010974	0.0063407	8.908e-05
671	0.98374	0.0098325	0.0063514	7.8411e-05
672	0.98662	0.006955	0.0063748	5.5102e-05
673	0.98737	0.0061967	0.0063816	4.8267e-05
674	0.98665	0.0069158	0.0063776	5.2268e-05
675	0.98704	0.0065253	0.0063812	4.8717e-05
676	0.98883	0.0047361	0.0063944	3.5574e-05
677	0.989	0.0045704	0.0063959	3.4103e-05
678	0.98768	0.005889	0.0063871	4.3065e-05
679	0.98767	0.0059035	0.006387	4.3271e-05
680	0.98871	0.0048548	0.0063941	3.6314e-05
681	0.99119	0.002376	0.0064108	1.9782e-05
682	0.99036	0.0032097	0.0064036	2.7207e-05
683	0.99043	0.0031363	0.0064029	2.8196e-05
684	0.99142	0.0021498	0.0064086	2.2823e-05
685	0.9894	0.0041897	0.0063788	3.5121e-05
686	0.98472	0.0088815	0.0063315	6.4907e-05
687	0.98216	0.011463	0.0062979	8.0879e-05
688	0.98102	0.012623	0.0062738	8.7452e-05
689	0.97679	0.016871	0.0062296	0.00011415
690	0.97437	0.019299	0.0061974	0.00012895
691	0.97359	0.020097	0.0061759	0.00013313
692	0.97477	0.018936	0.006167	0.00012473
693	0.97759	0.016132	0.0061688	0.00010572
694	0.98275	0.010989	0.0061855	7.1758e-05
695	0.99025	0.0035131	0.0062173	2.2825e-05
696	0.99372	5.4877e-05	0.0062226	3.5449e-07
697	0.99375	4.1148e-05	0.0062054	2.5996e-07
698	0.9931	0.00071082	0.0061841	4.451e-06
699	0.99188	0.00195	0.0061592	1.2204e-05
700	0.98898	0.0048684	0.006124	3.0364e-05
701	0.98243	0.011434	0.0060661	7.1178e-05
702	0.97855	0.015331	0.0060248	9.5288e-05
703	0.97638	0.017517	0.0059945	0.00010863
704	0.97576	0.018158	0.0059739	0.00011233
705	0.97663	0.017302	0.0059626	0.00010679
706	0.97908	0.014864	0.0059612	9.1558e-05
707	0.98329	0.010677	0.0059705	6.5668e-05
708	0.98956	0.0044231	0.0059925	2.7238e-05
709	0.95099	0.043011	0.0057421	0.00026136
710	0.92442	0.069596	0.0055652	0.00042188
711	0.90491	0.08912	0.0054323	0.00053856
712	0.89215	0.10189	0.0053404	0.00061415
713	0.88359	0.11047	0.0052744	0.00066399
714	0.87934	0.11474	0.0052343	0.00068785
715	0.87903	0.11506	0.0052177	0.00068823
716	0.88165	0.11246	0.0052187	0.0006711
717	0.87588	0.11824	0.0051701	0.00070362
718	0.87329	0.12085	0.0051407	0.00071706
719	0.87446	0.1197	0.0051334	0.00070841
720	0.87971	0.11447	0.0051499	0.00067594
721	0.88854	0.10565	0.0051874	0.00062251
722	0.90165	0.092558	0.0052499	0.00054419
723	0.92006	0.074162	0.0053433	0.0004351
724	0.92717	0.067069	0.0053701	0.00039263
725	0.93779	0.056464	0.0054173	0.00032985
726	0.95273	0.041539	0.0054894	0.00024217
727	0.95799	0.036294	0.0055052	0.00021097
728	0.9668	0.027502	0.0055412	0.00015955
729	0.97917	0.01514	0.0055977	8.7675e-05
730	0.97902	0.015313	0.0055819	8.8311e-05
731	0.97596	0.01838	0.0055494	0.00010551
732	0.97459	0.019767	0.0055268	0.00011302
733	0.97479	0.019583	0.0055132	0.00011152
734	0.97699	0.017398	0.0055109	9.8745e-05
735	0.98098	0.013425	0.0055188	7.5871e-05
736	0.98201	0.012409	0.0055098	6.9857e-05
737	0.98487	0.0095613	0.0055109	5.3641e-05
738	0.98997	0.0044851	0.0055243	2.5097e-05
739	0.98586	0.0086038	0.0054865	4.79e-05
740	0.98366	0.010823	0.0054593	6.008e-05
741	0.98312	0.011372	0.0054413	6.2983e-05
742	0.98006	0.014454	0.0054092	7.9916e-05
743	0.97858	0.015949	0.0053861	8.7955e-05
744	0.97299	0.021554	0.0053407	0.00011846
745	0.95978	0.03478	0.0052535	0.00019065
746	0.95141	0.043162	0.005193	0.00023607
747	0.94597	0.048615	0.005149	0.00026515
748	0.94368	0.050919	0.0051222	0.00027703
749	0.94362	0.050999	0.0051077	0.0002767
750	0.94641	0.048223	0.0051085	0.00026101
751	0.95163	0.043012	0.0051225	0.0002322
752	0.96051	0.034148	0.0051558	0.00018402
753	0.97305	0.021628	0.0052088	0.00011637
754	0.99026	0.0044246	0.0052866	2.3854e-05
755	0.98944	0.0052609	0.0052677	2.8255e-05
756	0.98964	0.0050761	0.0052544	2.7172e-05
757	0.98831	0.0064256	0.005233	3.4228e-05
758	0.98808	0.0066655	0.0052177	3.5349e-05
759	0.98919	0.0055687	0.0052093	2.9436e-05
760	0.99179	0.0029818	0.0052087	1.5743e-05
761	0.99274	0.0020489	0.0051995	1.0792e-05
762	0.99466	0.0001438	0.0051954	7.538e-07
763	0.9938	0.001022	0.0051767	5.3278e-06
764	0.99374	0.0010923	0.0051622	5.6874e-06
765	0.9944	0.0004507	0.0051515	2.3447e-06
766	0.99394	0.00091888	0.0051351	4.759e-06
767	0.98984	0.00503	0.0050998	2.5996e-05
768	0.98727	0.0076198	0.0050726	3.9244e-05
769	0.98628	0.0086215	0.0050536	4.4302e-05
770	0.98648	0.0084407	0.0050408	4.3254e-05
771	0.98811	0.0068224	0.0050353	3.4904e-05
772	0.98804	0.0069036	0.0050209	3.5273e-05
773	0.98908	0.0058748	0.0050124	2.9979e-05
774	0.99133	0.0036446	0.00501	1.8602e-05
775	0.98983	0.005154	0.0049886	2.6255e-05
776	0.9894	0.0055967	0.0049727	2.8458e-05
777	0.99001	0.0050064	0.0049621	2.5429e-05
778	0.98908	0.0059453	0.004944	3.0101e-05
779	0.98602	0.0090203	0.004915	4.553e-05
780	0.98438	0.010671	0.0048934	5.3714e-05
781	0.9796	0.015467	0.004856	7.7647e-05
782	0.97669	0.018395	0.0048282	9.2091e-05
783	0.97582	0.019271	0.0048105	9.6316e-05
784	0.95738	0.037729	0.0047057	0.00018784
785	0.94531	0.049814	0.0046328	0.00024742
786	0.93696	0.058173	0.0045788	0.00028814
787	0.93169	0.063459	0.0045403	0.00031344
788	0.92966	0.065504	0.0045177	0.0003228
789	0.93001	0.06516	0.004507	0.00032038
790	0.90541	0.089777	0.0043742	0.00044005
791	0.88739	0.10781	0.0042744	0.00052675
792	0.87459	0.12062	0.0042007	0.0005875
793	0.86603	0.12919	0.004148	0.00062729
794	0.86107	0.13417	0.0041131	0.00064946
795	0.85937	0.13588	0.0040941	0.00065578
796	0.84832	0.14694	0.0040303	0.00070684
797	0.81741	0.17786	0.0038725	0.00085191
798	0.7403	0.25499	0.0034974	0.0012145
799	0.54944	0.44586	0.0025896	0.0021098
800	0.4157	0.57961	0.0019537	0.0027332
801	0.32359	0.67174	0.0015156	0.0031588
802	0.25364	0.7417	0.0011843	0.0034775
803	0.20476	0.79059	0.00095281	0.0036966
804	0.16774	0.82763	0.00077809	0.0038589
805	0.13974	0.85563	0.0006465	0.0039781
806	0.12047	0.87492	0.00055569	0.0040565
807	0.10774	0.88766	0.00049534	0.0041045
808	0.099762	0.89565	0.00045711	0.0041303
809	0.095428	0.9	0.00043572	0.0041393
810	0.093274	0.90216	0.00042452	0.0041381
811	0.081653	0.9138	0.00037001	0.0041803
812	0.074089	0.92137	0.0003342	0.0042037
813	0.068928	0.92655	0.00030963	0.0042159
814	0.065767	0.92972	0.00029432	0.004219
815	0.064326	0.93117	0.00028689	0.0042142
816	0.064496	0.93101	0.00028679	0.0042021
817	0.066322	0.9292	0.00029414	0.0041826
818	0.070592	0.92494	0.00031225	0.0041524
819	0.077059	0.91849	0.00034009	0.0041125
820	0.087409	0.90815	0.00038485	0.0040557
821	0.10142	0.89416	0.00044562	0.0039829
822	0.12024	0.87535	0.00052745	0.0038891
823	0.14534	0.85026	0.00063675	0.0037679
824	0.18148	0.81413	0.00079367	0.0035991
825	0.22934	0.76628	0.0010015	0.0033794
826	0.24881	0.74682	0.0010838	0.0032852
827	0.27766	0.71798	0.0012062	0.0031509
828	0.31632	0.67934	0.0013709	0.0029744
829	0.36758	0.62809	0.0015899	0.0027437
830	0.43564	0.56004	0.001881	0.0024408
831	0.52584	0.46985	0.0022674	0.0020428
832	0.51406	0.48164	0.0022104	0.0020882
833	0.50863	0.48708	0.0021808	0.0021061
834	0.5074	0.48832	0.0021696	0.0021056
835	0.51144	0.4843	0.0021809	0.0020828
836	0.51986	0.47589	0.0022109	0.0020411
837	0.53495	0.46081	0.002269	0.0019715
838	0.55865	0.43713	0.002363	0.0018658
839	0.59459	0.40119	0.0025079	0.0017093
840	0.64269	0.35311	0.0027035	0.0015022
841	0.70658	0.28922	0.002965	0.0012291
842	0.73138	0.26444	0.0030612	0.0011215
843	0.73862	0.25721	0.0030833	0.0010881
844	0.75221	0.24363	0.0031316	0.0010283
845	0.77403	0.22182	0.0032138	0.00093471
846	0.80386	0.192	0.0033292	0.00080805
847	0.79941	0.19646	0.0033015	0.00082447
848	0.79947	0.19642	0.0032925	0.00082219
849	0.80308	0.19281	0.0032984	0.00080508
850	0.81054	0.18536	0.0033202	0.00077207
851	0.82244	0.17348	0.0033604	0.00072085
852	0.83969	0.15624	0.0034226	0.00064766
853	0.86619	0.12975	0.0035222	0.00053703
854	0.90187	0.094082	0.0036592	0.00038907
855	0.91572	0.080239	0.0037063	0.00033117
856	0.90946	0.086513	0.0036711	0.0003556
857	0.90703	0.088949	0.0036514	0.00036442
858	0.90732	0.088672	0.003643	0.00036215
859	0.91118	0.084822	0.0036488	0.00034552
860	0.91813	0.077882	0.0036672	0.00031644
861	0.92872	0.067307	0.0037003	0.00027276
862	0.94538	0.050661	0.0037574	0.00020501
863	0.96804	0.028004	0.0038385	0.00011332
864	0.96948	0.02658	0.0038339	0.00010729
865	0.9728	0.023271	0.0038369	9.375e-05
866	0.97823	0.017847	0.0038484	7.1817e-05
867	0.98619	0.0098965	0.0038699	3.9895e-05
868	0.98548	0.010618	0.0038569	4.2602e-05
869	0.98627	0.0098376	0.0038498	3.9401e-05
870	0.98873	0.007395	0.0038491	2.9713e-05
871	0.98539	0.010745	0.0038256	4.2933e-05
872	0.9767	0.019446	0.0037808	7.7327e-05
873	0.97074	0.025411	0.0037472	0.00010071
874	0.95427	0.041894	0.0036725	0.00016524
875	0.94342	0.052751	0.00362	0.00020752
876	0.93603	0.060153	0.0035814	0.00023601
877	0.93153	0.064662	0.0035542	0.00025307
878	0.92958	0.066619	0.0035372	0.00026014
879	0.92047	0.075738	0.0034924	0.00029491
880	0.89739	0.09883	0.0033936	0.00038368
881	0.88059	0.11565	0.0033196	0.00044763
882	0.86878	0.12746	0.0032654	0.00049196
883	0.83691	0.15934	0.0031349	0.00061256
884	0.81342	0.18285	0.0030373	0.00070046
885	0.7966	0.19968	0.0029656	0.00076245
886	0.78506	0.21122	0.0029143	0.00080406
887	0.77794	0.21836	0.00288	0.00082881
888	0.77468	0.22162	0.0028604	0.00083888
889	0.77509	0.22122	0.0028548	0.00083511
890	0.77916	0.21716	0.0028628	0.0008177
891	0.78718	0.20915	0.0028856	0.00078557
892	0.80121	0.19513	0.0029305	0.00073142
893	0.82111	0.17524	0.002997	0.00065564
894	0.82648	0.16988	0.0030095	0.00063394
895	0.82276	0.1736	0.0029886	0.00064565
896	0.82249	0.17388	0.0029806	0.00064463
897	0.82654	0.16984	0.0029882	0.00062789
898	0.83541	0.16098	0.0030133	0.00059366
899	0.84882	0.14758	0.003055	0.00054294
900	0.86787	0.12854	0.0031172	0.00047172
901	0.89405	0.10237	0.0032054	0.00037459
902	0.9323	0.064132	0.0033369	0.00023417
903	0.98841	0.0080309	0.0035322	2.9882e-05
904	0.98673	0.0097208	0.0035177	3.5785e-05
905	0.98631	0.01014	0.0035079	3.7082e-05
906	0.98739	0.0090755	0.0035034	3.3068e-05
907	0.98633	0.010143	0.0034913	3.6719e-05
908	0.98675	0.0097266	0.0034844	3.509e-05
909	0.98845	0.0080394	0.0034821	2.8932e-05
910	0.98808	0.0084168	0.0034726	3.0134e-05
911	0.98888	0.0076253	0.0034672	2.7186e-05
912	0.99091	0.0056047	0.0034663	1.9895e-05
913	0.98802	0.0085071	0.003448	2.9959e-05
914	0.98652	0.010013	0.0034347	3.5081e-05
915	0.98653	0.010013	0.0034266	3.4964e-05
916	0.98804	0.0085094	0.0034236	2.9639e-05
917	0.99095	0.0056086	0.0034256	1.947e-05
918	0.99595	0.00061431	0.0034347	2.1329e-06
919	0.99572	0.00084835	0.0034258	2.9309e-06
920	0.99617	0.00041048	0.0034192	1.4105e-06
921	0.99648	0.00010885	0.0034121	3.7161e-07
922	0.99343	0.0031609	0.0033936	1.077e-05
923	0.99183	0.004773	0.0033799	1.6234e-05
924	0.9915	0.0051155	0.0033705	1.7371e-05
925	0.98941	0.0072075	0.0033552	2.4456e-05
926	0.98855	0.008077	0.0033441	2.7347e-05
927	0.98911	0.0075317	0.0033378	2.5464e-05
928	0.98797	0.008671	0.0033257	2.9288e-05
929	0.98803	0.0086184	0.0033177	2.9064e-05
930	0.98929	0.0073697	0.0033138	2.4809e-05
931	0.98881	0.007862	0.0033041	2.6424e-05
932	0.98947	0.0072112	0.0032982	2.4196e-05
933	0.99133	0.0053546	0.0032964	1.794e-05
934	0.99147	0.0052187	0.0032889	1.7432e-05
935	0.99266	0.0040426	0.003285	1.3459e-05
936	0.99526	0.0014531	0.0032857	4.8419e-06
937	0.99301	0.0037064	0.0032704	1.2276e-05
938	0.99187	0.0048534	0.0032588	1.6015e-05
939	0.9888	0.0079343	0.0032409	2.6112e-05
940	0.98743	0.0093139	0.0032285	3.0604e-05
941	0.98729	0.0094621	0.0032203	3.1029e-05
942	0.98838	0.0083771	0.0032161	2.7411e-05
943	0.98742	0.0093418	0.0032054	3.0464e-05
944	0.98795	0.0088177	0.0031994	2.8692e-05
945	0.99005	0.0067317	0.0031985	2.1894e-05
946	0.9902	0.0065917	0.0031913	2.1399e-05
947	0.99145	0.0053409	0.0031877	1.7309e-05
948	0.99392	0.0028841	0.0031881	9.3393e-06
949	0.9948	0.0020071	0.0031834	6.4843e-06
950	0.99493	0.0018853	0.0031763	6.0815e-06
951	0.99588	0.00094398	0.0031719	3.0545e-06
952	0.99503	0.0018056	0.0031617	5.8107e-06
953	0.99288	0.0039573	0.0031475	1.2671e-05
954	0.99184	0.0050085	0.0031369	1.599e-05
955	0.99182	0.0050391	0.0031296	1.6049e-05
956	0.99281	0.0040511	0.0031256	1.2877e-05
