#coord	neutral	conserved	gBGC.neutral	gBGC.conserved
1	0.76498	0.23489	9.8603e-05	3.0363e-05
2	0.77088	0.229	9.7506e-05	2.9043e-05
3	0.78112	0.21875	9.6942e-05	2.7207e-05
4	0.79806	0.20182	9.7131e-05	2.4608e-05
5	0.82385	0.17604	9.8277e-05	2.104e-05
6	0.86242	0.13746	0.00010077	1.6114e-05
7	0.91384	0.086043	0.00010458	9.8882e-06
8	0.93641	0.06348	0.00010488	7.1562e-06
9	0.96694	0.032948	0.00010597	3.6499e-06
10	0.97881	0.021082	0.00010494	2.2919e-06
11	0.98322	0.016677	0.00010308	1.7756e-06
12	0.9899	0.0099928	0.00010146	1.0427e-06
13	0.9926	0.0073007	9.9418e-05	7.4495e-07
14	0.9969	0.0030059	9.7543e-05	3.0014e-07
15	0.99867	0.0012385	9.542e-05	1.2067e-07
16	0.99815	0.0017616	9.306e-05	1.6661e-07
17	0.9984	0.0015076	9.0791e-05	1.3891e-07
18	0.99803	0.0018774	8.8482e-05	1.6795e-07
19	0.99845	0.0014611	8.6261e-05	1.2691e-07
20	0.99984	7.4073e-05	8.4106e-05	6.2461e-09
21	0.99989	2.7777e-05	8.1821e-05	2.288e-09
22	0.99961	0.00030635	7.9528e-05	2.4501e-08
23	0.99921	0.00071008	7.7242e-05	5.5092e-08
24	0.99947	0.00045712	7.5025e-05	3.4347e-08
25	0.99957	0.00035378	7.2784e-05	2.5809e-08
26	0.9996	0.00033321	7.0553e-05	2.3472e-08
27	0.9986	0.0013283	6.824e-05	9.0659e-08
28	0.9985	0.0014381	6.5976e-05	9.5093e-08
29	0.99914	0.00079155	6.3779e-05	5.0499e-08
30	0.99943	0.00050536	6.1544e-05	3.1159e-08
31	0.99852	0.0014204	5.9223e-05	8.4699e-08
32	0.9964	0.0035422	5.6854e-05	2.03e-07
33	0.99526	0.0046879	5.4566e-05	2.5778e-07
34	0.99503	0.0049174	5.2347e-05	2.5891e-07
35	0.99584	0.004109	5.0169e-05	2.0698e-07
36	0.99528	0.0046732	4.791e-05	2.25e-07
37	0.99573	0.0042198	4.5687e-05	1.9401e-07
38	0.9971	0.0028609	4.3518e-05	1.2523e-07
39	0.99725	0.0027073	4.1282e-05	1.127e-07
40	0.99821	0.001749	3.9092e-05	6.9103e-08
41	0.99833	0.0016342	3.6882e-05	6.0967e-08
42	0.99772	0.0022467	3.4663e-05	7.867e-08
43	0.99787	0.0021024	3.2486e-05	6.8874e-08
44	0.99721	0.0027552	3.0273e-05	8.4166e-08
45	0.99743	0.0025377	2.8102e-05	7.191e-08
46	0.99854	0.001433	2.5969e-05	3.7367e-08
47	0.99896	0.001016	2.3802e-05	2.4225e-08
48	0.99901	0.00096502	2.1614e-05	2.0904e-08
49	0.99978	0.00019844	1.9455e-05	3.8151e-09
50	0.9998	0.00018729	1.7294e-05	3.0605e-09
51	0.99991	7.5577e-05	1.5123e-05	7.1614e-10
52	0.99983	0.00015259	1.4886e-05	1.6216e-09
53	0.99902	0.00096449	1.4641e-05	9.5812e-09
54	0.99747	0.002515	1.5246e-05	3.4247e-08
55	0.99702	0.0029679	1.586e-05	4.3718e-08
56	0.9976	0.0023865	1.6481e-05	3.7069e-08
57	0.99727	0.0027143	1.7091e-05	4.4474e-08
58	0.99593	0.004055	1.7674e-05	6.9925e-08
59	0.9837	0.016281	1.805e-05	2.9582e-07
60	0.97583	0.024149	1.8486e-05	4.5441e-07
61	0.97058	0.029396	1.8966e-05	5.7072e-07
62	0.96755	0.032433	1.9486e-05	6.4847e-07
63	0.96689	0.033088	2.0044e-05	6.8075e-07
64	0.96177	0.038212	2.0499e-05	8.0874e-07
65	0.95955	0.040429	2.1004e-05	8.7937e-07
66	0.95936	0.040616	2.1553e-05	9.0658e-07
67	0.95425	0.045723	2.1983e-05	1.0471e-06
68	0.95154	0.048436	2.2465e-05	1.1364e-06
69	0.95164	0.048341	2.3003e-05	1.1613e-06
70	0.94652	0.053455	2.3406e-05	1.3148e-06
71	0.94459	0.055386	2.3876e-05	1.3938e-06
72	0.94557	0.054402	2.4412e-05	1.3999e-06
73	0.9489	0.05107	2.5012e-05	1.3426e-06
74	0.95553	0.044447	2.5697e-05	1.1938e-06
75	0.96533	0.034641	2.6479e-05	9.4993e-07
76	0.96828	0.03169	2.7082e-05	8.8612e-07
77	0.97403	0.025939	2.776e-05	7.3975e-07
78	0.98252	0.017453	2.8526e-05	5.0706e-07
79	0.98584	0.014126	2.9141e-05	4.1828e-07
80	0.98604	0.013925	2.9667e-05	4.1966e-07
81	0.98767	0.012303	3.024e-05	3.7689e-07
82	0.98073	0.019235	3.055e-05	5.976e-07
83	0.97663	0.023334	3.0935e-05	7.367e-07
84	0.97446	0.025504	3.1381e-05	8.1753e-07
85	0.97441	0.025556	3.1885e-05	8.3177e-07
86	0.97054	0.029429	3.2255e-05	9.7286e-07
87	0.96917	0.030797	3.2698e-05	1.0339e-06
88	0.96964	0.030327	3.3205e-05	1.0329e-06
89	0.97241	0.027555	3.3784e-05	9.5188e-07
90	0.97795	0.022011	3.4456e-05	7.7119e-07
91	0.98705	0.012919	3.5251e-05	4.5975e-07
92	0.99044	0.0095258	3.5852e-05	3.4379e-07
93	0.99137	0.0085894	3.6358e-05	3.1461e-07
94	0.99024	0.0097207	3.6792e-05	3.6094e-07
95	0.99036	0.0096039	3.7273e-05	3.6102e-07
96	0.99203	0.0079354	3.7806e-05	3.0213e-07
97	0.99166	0.0082973	3.8264e-05	3.1959e-07
98	0.99274	0.0072215	3.8771e-05	2.8152e-07
99	0.9954	0.0045577	3.9333e-05	1.8009e-07
100	0.99357	0.0063852	3.972e-05	2.5528e-07
101	0.99311	0.006852	4.0153e-05	2.7736e-07
102	0.99394	0.0060179	4.0631e-05	2.4689e-07
103	0.9931	0.0068612	4.1043e-05	2.8482e-07
104	0.9936	0.0063618	4.1502e-05	2.6759e-07
105	0.99523	0.0047249	4.2013e-05	2.0148e-07
106	0.99531	0.0046427	4.246e-05	2.0025e-07
107	0.99386	0.0060985	4.2843e-05	2.6541e-07
108	0.99352	0.0064358	4.3276e-05	2.8267e-07
109	0.9945	0.0054527	4.3759e-05	2.4224e-07
110	0.99665	0.0033052	4.4298e-05	1.4865e-07
111	0.99727	0.0026812	4.4772e-05	1.2178e-07
112	0.99696	0.0029937	4.5196e-05	1.3736e-07
113	0.99753	0.002428	4.5662e-05	1.1265e-07
114	0.99902	0.00093249	4.6175e-05	4.4045e-08
115	0.96942	0.030535	4.5224e-05	1.441e-06
116	0.94914	0.050809	4.4681e-05	2.4231e-06
117	0.93561	0.064338	4.4435e-05	3.1002e-06
118	0.92616	0.07379	4.438e-05	3.5891e-06
119	0.92086	0.079096	4.4511e-05	3.8845e-06
120	0.91902	0.080933	4.48e-05	4.0142e-06
121	0.9198	0.080154	4.5221e-05	4.0145e-06
122	0.92325	0.076699	4.5779e-05	3.8793e-06
123	0.92965	0.070296	4.6493e-05	3.5914e-06
124	0.92906	0.070893	4.6858e-05	3.6532e-06
125	0.93095	0.068995	4.7355e-05	3.5862e-06
126	0.9355	0.064453	4.7995e-05	3.3793e-06
127	0.93363	0.066323	4.8306e-05	3.5029e-06
128	0.93475	0.065193	4.8765e-05	3.471e-06
129	0.93917	0.06078	4.9391e-05	3.2648e-06
130	0.93793	0.062017	4.9709e-05	3.3585e-06
131	0.93903	0.060917	5.0156e-05	3.3261e-06
132	0.94258	0.057363	5.074e-05	3.1582e-06
133	0.94014	0.059801	5.1002e-05	3.315e-06
134	0.94073	0.059219	5.1421e-05	3.3081e-06
135	0.94366	0.056282	5.1974e-05	3.1686e-06
136	0.94922	0.050729	5.2681e-05	2.8785e-06
137	0.95866	0.041287	5.3603e-05	2.3652e-06
138	0.97198	0.027961	5.4759e-05	1.6204e-06
139	0.97063	0.029314	5.5084e-05	1.7091e-06
140	0.97106	0.028884	5.5515e-05	1.695e-06
141	0.9733	0.026637	5.6055e-05	1.5739e-06
142	0.97754	0.022405	5.6718e-05	1.333e-06
143	0.97775	0.022194	5.7149e-05	1.327e-06
144	0.97962	0.02032	5.7682e-05	1.221e-06
145	0.98373	0.016209	5.8343e-05	9.7965e-07
146	0.98462	0.015318	5.8804e-05	9.3095e-07
147	0.98705	0.012893	5.9362e-05	7.8772e-07
148	0.9916	0.0083392	6.0044e-05	5.1294e-07
149	0.99306	0.0068837	6.0541e-05	4.2532e-07
150	0.99287	0.0070706	6.093e-05	4.3882e-07
151	0.99405	0.0058857	6.1395e-05	3.678e-07
152	0.99647	0.003467	6.1942e-05	2.1819e-07
153	0.99739	0.0025516	6.2387e-05	1.6201e-07
154	0.99488	0.0050566	6.262e-05	3.2175e-07
155	0.99378	0.0061522	6.2932e-05	3.9421e-07
156	0.99024	0.0096982	6.3089e-05	6.2442e-07
157	0.98822	0.01172	6.3345e-05	7.5843e-07
158	0.98783	0.012107	6.3697e-05	7.8873e-07
159	0.98422	0.015712	6.3842e-05	1.0287e-06
160	0.9827	0.017234	6.4113e-05	1.1355e-06
161	0.98269	0.017241	6.4486e-05	1.1429e-06
162	0.97928	0.02065	6.4637e-05	1.3751e-06
163	0.96955	0.030382	6.437e-05	2.029e-06
164	0.96366	0.036275	6.4342e-05	2.4352e-06
165	0.96078	0.03915	6.4504e-05	2.6438e-06
166	0.95165	0.048278	6.423e-05	3.2807e-06
167	0.94561	0.054319	6.4165e-05	3.7115e-06
168	0.9428	0.057127	6.4308e-05	3.9263e-06
169	0.94231	0.057617	6.4613e-05	3.9819e-06
170	0.9448	0.055126	6.5115e-05	3.833e-06
171	0.92891	0.071016	6.4325e-05	4.9682e-06
172	0.91763	0.082299	6.3854e-05	5.7873e-06
173	0.91116	0.088774	6.3705e-05	6.277e-06
174	0.90858	0.091345	6.3818e-05	6.4959e-06
175	0.90873	0.091202	6.4128e-05	6.5218e-06
176	0.90157	0.098362	6.3905e-05	7.0723e-06
177	0.8976	0.10233	6.3912e-05	7.3952e-06
178	0.89653	0.10339	6.4131e-05	7.5099e-06
179	0.89828	0.10165	6.4557e-05	7.4197e-06
180	0.90301	0.096914	6.5208e-05	7.1087e-06
181	0.91224	0.087683	6.618e-05	6.468e-06
182	0.92726	0.072668	6.7571e-05	5.4004e-06
183	0.94792	0.052002	6.9395e-05	3.9029e-06
184	0.95625	0.043675	7.0324e-05	3.3031e-06
185	0.95787	0.042055	7.0762e-05	3.1976e-06
186	0.9543	0.045626	7.0814e-05	3.4808e-06
187	0.9434	0.056528	7.0299e-05	4.3237e-06
188	0.93604	0.06389	7.0052e-05	4.9023e-06
189	0.93228	0.067644	7.0065e-05	5.2128e-06
190	0.93108	0.068844	7.0276e-05	5.3288e-06
191	0.93292	0.067003	7.071e-05	5.2138e-06
192	0.93737	0.06255	7.1351e-05	4.8951e-06
193	0.88964	0.11029	6.7916e-05	8.6438e-06
194	0.85674	0.14318	6.5599e-05	1.1267e-05
195	0.83449	0.16544	6.4089e-05	1.3077e-05
196	0.78245	0.21748	6.0179e-05	1.7279e-05
197	0.74363	0.25629	5.7307e-05	2.0445e-05
198	0.71499	0.28493	5.5235e-05	2.2813e-05
199	0.69429	0.30563	5.3788e-05	2.4559e-05
200	0.68138	0.31854	5.2942e-05	2.5698e-05
201	0.67335	0.32657	5.2485e-05	2.645e-05
202	0.6457	0.35422	5.0451e-05	2.8781e-05
203	0.62572	0.3742	4.9027e-05	3.0504e-05
204	0.61196	0.38796	4.8101e-05	3.1732e-05
205	0.60329	0.39663	4.7582e-05	3.2555e-05
206	0.5991	0.40082	4.7426e-05	3.3017e-05
207	0.60043	0.39949	4.7705e-05	3.3037e-05
208	0.58739	0.41253	4.6821e-05	3.4223e-05
209	0.57934	0.42058	4.6341e-05	3.5006e-05
210	0.54926	0.45065	4.4064e-05	3.7589e-05
211	0.52747	0.47245	4.2455e-05	3.9506e-05
212	0.51225	0.48766	4.1378e-05	4.0892e-05
213	0.50242	0.4975	4.0741e-05	4.1842e-05
214	0.47035	0.52956	3.8279e-05	4.4618e-05
215	0.39509	0.60483	3.2223e-05	5.0982e-05
216	0.33837	0.66155	2.767e-05	5.5844e-05
217	0.29573	0.70418	2.4261e-05	5.9564e-05
218	0.26694	0.73298	2.1961e-05	6.2169e-05
219	0.24562	0.7543	2.0274e-05	6.4161e-05
220	0.23017	0.76975	1.907e-05	6.5672e-05
221	0.1853	0.81461	1.5386e-05	6.9658e-05
222	0.15464	0.84527	1.2857e-05	7.2481e-05
223	0.13165	0.86826	1.0966e-05	7.4668e-05
224	0.11629	0.88363	9.7009e-06	7.6224e-05
225	0.1051	0.89481	8.7858e-06	7.743e-05
226	0.097212	0.9027	8.1482e-06	7.836e-05
227	0.092761	0.90715	7.7959e-06	7.8999e-05
228	0.091328	0.90859	7.6961e-06	7.9379e-05
229	0.09271	0.9072	7.8344e-06	7.9516e-05
230	0.096175	0.90374	8.1549e-06	7.9471e-05
231	0.10203	0.89788	8.6866e-06	7.9216e-05
232	0.11173	0.88818	9.55e-06	7.8623e-05
233	0.12513	0.87478	1.0744e-05	7.7701e-05
234	0.14334	0.85657	1.2371e-05	7.6347e-05
235	0.14717	0.85274	1.2747e-05	7.6245e-05
236	0.15515	0.84476	1.3487e-05	7.5773e-05
237	0.1668	0.83312	1.4558e-05	7.497e-05
238	0.1493	0.85061	1.3052e-05	7.6746e-05
239	0.13652	0.86339	1.196e-05	7.8109e-05
240	0.12855	0.87136	1.1284e-05	7.9051e-05
241	0.12454	0.87537	1.0954e-05	7.964e-05
242	0.12298	0.87693	1.0845e-05	8.0009e-05
243	0.1238	0.87611	1.0952e-05	8.0164e-05
244	0.12705	0.87285	1.1281e-05	8.0097e-05
245	0.13391	0.866	1.1934e-05	7.97e-05
246	0.14403	0.85587	1.2892e-05	7.9e-05
247	0.15968	0.84023	1.4352e-05	7.7792e-05
248	0.18083	0.81907	1.633e-05	7.6067e-05
249	0.20924	0.79067	1.8994e-05	7.3657e-05
250	0.25027	0.74963	2.2826e-05	7.0074e-05
251	0.30448	0.69542	2.7912e-05	6.5237e-05
252	0.37629	0.62361	3.4684e-05	5.8716e-05
253	0.40677	0.59314	3.7615e-05	5.6031e-05
254	0.44762	0.55229	4.1545e-05	5.2347e-05
255	0.50195	0.49795	4.6781e-05	4.736e-05
256	0.52155	0.47835	4.8749e-05	4.5635e-05
257	0.54869	0.45121	5.145e-05	4.3178e-05
258	0.58543	0.41447	5.509e-05	3.9784e-05
259	0.63479	0.36512	5.9973e-05	3.5151e-05
260	0.70062	0.29929	6.6488e-05	2.8888e-05
261	0.7967	0.20321	7.5929e-05	1.9692e-05
262	0.8353	0.1646	7.9874e-05	1.5995e-05
263	0.85026	0.14964	8.1527e-05	1.4583e-05
264	0.87356	0.12634	8.3983e-05	1.2359e-05
265	0.9051	0.094802	8.7264e-05	9.3147e-06
266	0.91829	0.081612	8.8754e-05	8.0522e-06
267	0.93676	0.063146	9.0776e-05	6.2623e-06
268	0.9429	0.057007	9.1602e-05	5.672e-06
269	0.94266	0.057244	9.1808e-05	5.7058e-06
270	0.94474	0.055165	9.2249e-05	5.5092e-06
271	0.94926	0.050643	9.2939e-05	5.0672e-06
272	0.95661	0.043293	9.392e-05	4.338e-06
273	0.96854	0.031361	9.5352e-05	3.1492e-06
274	0.97266	0.027241	9.6011e-05	2.7379e-06
275	0.97981	0.020095	9.6966e-05	2.0226e-06
276	0.99089	0.0090143	9.831e-05	9.1069e-07
277	0.99537	0.0045337	9.8998e-05	4.586e-07
278	0.99467	0.0052296	9.9156e-05	5.2841e-07
279	0.995	0.0048973	9.9422e-05	4.9471e-07
280	0.99402	0.0058761	9.9546e-05	5.9361e-07
281	0.99411	0.0057922	9.9783e-05	5.8529e-07
282	0.99247	0.007426	9.9836e-05	7.5094e-07
283	0.99202	0.0078786	0.00010001	7.9719e-07
284	0.98958	0.010323	9.998e-05	1.046e-06
285	0.98852	0.011379	0.00010009	1.1539e-06
286	0.98438	0.015517	9.9881e-05	1.5759e-06
287	0.98236	0.017543	9.9874e-05	1.786e-06
288	0.98218	0.017714	0.00010005	1.8087e-06
289	0.98385	0.016051	0.0001004	1.6453e-06
290	0.98717	0.012724	0.00010092	1.3097e-06
291	0.9924	0.0074972	0.00010165	7.7638e-07
292	0.98533	0.014565	0.0001011	1.5128e-06
293	0.98104	0.018854	0.00010083	1.965e-06
294	0.9786	0.021293	0.00010075	2.2247e-06
295	0.97072	0.029173	0.00010011	3.0509e-06
296	0.9655	0.034401	9.9756e-05	3.6014e-06
297	0.96255	0.037347	9.9639e-05	3.914e-06
298	0.96218	0.037713	9.978e-05	3.9604e-06
299	0.9638	0.036098	0.00010013	3.7982e-06
300	0.96749	0.032404	0.00010071	3.4157e-06
301	0.95725	0.042642	9.984e-05	4.4882e-06
302	0.951	0.048896	9.937e-05	5.1505e-06
303	0.94734	0.052551	9.9177e-05	5.54e-06
304	0.94666	0.053232	9.9285e-05	5.6202e-06
305	0.94819	0.051702	9.9632e-05	5.4653e-06
306	0.9528	0.047093	0.00010029	4.9865e-06
307	0.95166	0.048232	0.00010034	5.1159e-06
308	0.95268	0.047212	0.00010062	5.0151e-06
309	0.95648	0.043413	0.00010119	4.6206e-06
310	0.96287	0.037027	0.00010204	3.9471e-06
311	0.97229	0.027602	0.00010322	2.9437e-06
312	0.98688	0.013011	0.00010495	1.3881e-06
313	0.9876	0.012291	0.00010519	1.3132e-06
314	0.99003	0.0098619	0.0001056	1.0564e-06
315	0.99408	0.0058162	0.00010619	6.2452e-07
316	0.99542	0.0044681	0.0001065	4.7996e-07
317	0.99538	0.0045091	0.00010665	4.8494e-07
318	0.99383	0.006063	0.00010665	6.5168e-07
319	0.98984	0.010054	0.00010637	1.0818e-06
320	0.98746	0.012434	0.00010627	1.3383e-06
321	0.98684	0.01305	0.00010635	1.4065e-06
322	0.98757	0.01232	0.00010658	1.3285e-06
323	0.98592	0.013972	0.00010654	1.5083e-06
324	0.98569	0.014198	0.00010666	1.5332e-06
325	0.98715	0.012737	0.00010696	1.3763e-06
326	0.99049	0.0094026	0.00010745	1.0171e-06
327	0.99622	0.0036672	0.0001082	3.9842e-07
328	0.99335	0.0065392	0.00010801	7.1179e-07
329	0.9918	0.0080931	0.00010797	8.8122e-07
330	0.99146	0.0084347	0.00010807	9.1797e-07
331	0.99251	0.0073767	0.00010832	8.0285e-07
332	0.99511	0.0047843	0.00010872	5.2074e-07
333	0.99964	0.00024856	0.00010933	2.7089e-08
334	0.99893	0.00096467	0.00010937	1.0516e-07
335	0.99899	0.00089878	0.00010948	9.8062e-08
336	0.99987	2.4235e-05	0.00010968	2.6573e-09
337	0.99971	0.00017651	0.00010976	1.936e-08
338	0.99571	0.0041813	0.00010942	4.6022e-07
339	0.99348	0.0064082	0.00010926	7.0701e-07
340	0.99248	0.0074104	0.00010924	8.1812e-07
341	0.99286	0.0070303	0.00010937	7.7774e-07
342	0.99441	0.0054821	0.00010963	6.0741e-07
343	0.99107	0.0088164	0.00010934	9.7824e-07
344	0.9892	0.010686	0.00010922	1.1861e-06
345	0.98891	0.010982	0.00010926	1.2209e-06
346	0.98584	0.014054	0.00010898	1.5655e-06
347	0.98434	0.015546	0.00010889	1.7335e-06
348	0.98431	0.015574	0.00010896	1.7379e-06
349	0.98575	0.014143	0.0001092	1.5786e-06
350	0.98918	0.01071	0.00010966	1.1977e-06
351	0.99452	0.0053729	0.00011033	6.0236e-07
352	0.9892	0.010688	0.00010981	1.1968e-06
353	0.98579	0.014103	0.0001095	1.5784e-06
354	0.98437	0.015523	0.00010941	1.7389e-06
355	0.98441	0.015483	0.00010948	1.7357e-06
356	0.98589	0.013999	0.00010972	1.5698e-06
357	0.98893	0.010959	0.00011014	1.228e-06
358	0.99422	0.0056662	0.00011081	6.3491e-07
359	0.99618	0.0037056	0.00011109	4.1589e-07
360	0.99661	0.0032755	0.00011121	3.6742e-07
361	0.99601	0.0038738	0.0001112	4.3469e-07
362	0.99635	0.0035342	0.0001113	3.9644e-07
363	0.99548	0.0044037	0.00011127	4.9288e-07
364	0.99579	0.0041032	0.00011137	4.5915e-07
365	0.99028	0.0096085	0.00011082	1.0723e-06
366	0.98704	0.012843	0.00011051	1.4339e-06
367	0.98573	0.014158	0.00011041	1.5823e-06
368	0.98583	0.014061	0.00011048	1.5714e-06
369	0.98769	0.012193	0.00011073	1.3632e-06
370	0.99159	0.0082939	0.0001112	9.2885e-07
371	0.99267	0.0072168	0.00011136	8.0858e-07
372	0.99197	0.0079146	0.00011131	8.8798e-07
373	0.99242	0.007464	0.0001114	8.3755e-07
374	0.9943	0.0055903	0.00011163	6.2817e-07
375	0.99752	0.0023665	0.00011203	2.658e-07
376	0.99887	0.0010208	0.0001122	1.1502e-07
377	0.99946	0.00043231	0.0001123	4.8796e-08
378	0.99979	9.6515e-05	0.00011237	1.0855e-08
379	0.99983	6.0632e-05	0.0001124	6.8257e-09
380	0.99898	0.0009123	0.00011232	1.0307e-07
381	0.99884	0.0010446	0.00011232	1.1797e-07
382	0.9983	0.0015854	0.00011228	1.7939e-07
383	0.99694	0.0029456	0.00011213	3.3428e-07
384	0.99351	0.0063811	0.00011175	7.2377e-07
385	0.99174	0.0081478	0.00011155	9.2559e-07
386	0.99121	0.0086799	0.00011149	9.8683e-07
387	0.99187	0.0080188	0.00011157	9.124e-07
388	0.99377	0.006113	0.00011181	6.9625e-07
389	0.99706	0.0028299	0.0001122	3.2293e-07
390	0.99835	0.0015348	0.00011237	1.7506e-07
391	0.99378	0.0061037	0.00011187	6.9186e-07
392	0.99086	0.0090257	0.00011156	1.0213e-06
393	0.9896	0.010284	0.00011143	1.1641e-06
394	0.98962	0.010266	0.00011145	1.1619e-06
395	0.99116	0.0087257	0.00011163	9.8875e-07
396	0.9941	0.0057883	0.00011198	6.5661e-07
397	0.99508	0.0048102	0.00011209	5.4685e-07
398	0.99459	0.0052977	0.00011205	6.0229e-07
399	0.99512	0.004765	0.00011212	5.4168e-07
400	0.99421	0.0056796	0.00011204	6.4421e-07
401	0.99435	0.0055347	0.00011208	6.2632e-07
402	0.9958	0.0040899	0.00011226	4.6228e-07
403	0.99874	0.0011434	0.00011259	1.2948e-07
404	0.99874	0.0011512	0.0001126	1.3008e-07
405	0.99829	0.0015947	0.00011256	1.8023e-07
406	0.99714	0.0027492	0.00011242	3.1134e-07
407	0.99689	0.0029969	0.00011239	3.3938e-07
408	0.99752	0.0023643	0.00011247	2.6746e-07
409	0.99739	0.0024947	0.00011245	2.823e-07
410	0.99622	0.0036697	0.00011231	4.1452e-07
411	0.99601	0.003878	0.00011229	4.3703e-07
412	0.99455	0.0053334	0.00011213	6.0048e-07
413	0.99439	0.0055007	0.00011209	6.1949e-07
414	0.99548	0.0044034	0.00011219	4.9673e-07
415	0.99772	0.0021719	0.00011243	2.4532e-07
416	0.99856	0.0013265	0.00011251	1.4964e-07
417	0.99883	0.0010599	0.00011252	1.1966e-07
418	0.991	0.0088923	0.00011161	1.0062e-06
419	0.98604	0.013848	0.00011101	1.5688e-06
420	0.98297	0.016914	0.00011063	1.9154e-06
421	0.97405	0.025835	0.00010959	2.9201e-06
422	0.96795	0.031933	0.00010889	3.6035e-06
423	0.96422	0.03567	0.00010845	4.0188e-06
424	0.96302	0.036868	0.00010829	4.1503e-06
425	0.96421	0.03568	0.00010839	4.0149e-06
426	0.96804	0.031845	0.00010878	3.5837e-06
427	0.97429	0.025596	0.00010945	2.8789e-06
428	0.98424	0.015645	0.00011052	1.7616e-06
429	0.99805	0.0018424	0.00011203	2.0762e-07
430	0.99624	0.0036452	0.00011177	4.1087e-07
431	0.99178	0.008106	0.00011122	9.117e-07
432	0.98899	0.010895	0.00011087	1.223e-06
433	0.98764	0.012245	0.00011068	1.3716e-06
434	0.98789	0.011996	0.00011067	1.3421e-06
435	0.98977	0.010117	0.00011082	1.131e-06
436	0.98431	0.015578	0.00011017	1.7382e-06
437	0.98125	0.018635	0.00010977	2.0783e-06
438	0.98028	0.019608	0.0001096	2.1866e-06
439	0.98087	0.01902	0.0001096	2.1188e-06
440	0.98341	0.016474	0.00010982	1.8339e-06
441	0.98824	0.011644	0.00011028	1.2966e-06
442	0.98587	0.014015	0.00010992	1.5625e-06
443	0.98499	0.014894	0.00010974	1.6603e-06
444	0.98552	0.014368	0.00010973	1.6e-06
445	0.98789	0.012003	0.0001099	1.3364e-06
446	0.99194	0.0079526	0.00011027	8.8411e-07
447	0.99861	0.0012779	0.00011093	1.4272e-07
448	0.99563	0.0042609	0.00011049	4.77e-07
449	0.99412	0.005768	0.00011022	6.4682e-07
450	0.99371	0.006177	0.00011007	6.9319e-07
451	0.99127	0.0086198	0.0001097	9.6588e-07
452	0.99015	0.0097419	0.00010948	1.0902e-06
453	0.99027	0.0096156	0.00010941	1.0747e-06
454	0.99164	0.0082447	0.00010948	9.2019e-07
455	0.99436	0.0055252	0.0001097	6.1503e-07
456	0.99911	0.0007813	0.00011014	8.6872e-08
457	0.98879	0.011098	0.00010891	1.2263e-06
458	0.98144	0.018445	0.00010801	2.0334e-06
459	0.97654	0.023352	0.00010739	2.5683e-06
460	0.96441	0.035482	0.00010596	3.8968e-06
461	0.95667	0.043221	0.00010501	4.7439e-06
462	0.95246	0.047429	0.00010444	5.204e-06
463	0.79985	0.20004	8.7605e-05	2.193e-05
464	0.69311	0.30678	7.579e-05	3.363e-05
465	0.61261	0.38728	6.6912e-05	4.2396e-05
466	0.5576	0.44229	6.0813e-05	4.8376e-05
467	0.5165	0.48339	5.6267e-05	5.2805e-05
468	0.48911	0.51078	5.321e-05	5.5739e-05
469	0.47161	0.52828	5.1227e-05	5.7591e-05
470	0.45976	0.54013	4.9874e-05	5.8817e-05
471	0.45395	0.54594	4.9173e-05	5.9384e-05
472	0.45346	0.54643	4.9041e-05	5.9374e-05
473	0.43757	0.56232	4.7247e-05	6.103e-05
474	0.42709	0.57281	4.6052e-05	6.2088e-05
475	0.42238	0.57751	4.5476e-05	6.2522e-05
476	0.34154	0.65835	3.6637e-05	7.1211e-05
477	0.2805	0.71939	2.9992e-05	7.771e-05
478	0.238	0.76189	2.5349e-05	8.2199e-05
479	0.20596	0.79393	2.1861e-05	8.5535e-05
480	0.18194	0.81796	1.9255e-05	8.7991e-05
481	0.16421	0.83568	1.7337e-05	8.976e-05
482	0.15139	0.84851	1.5952e-05	9.0998e-05
483	0.14246	0.85743	1.499e-05	9.1814e-05
484	0.13669	0.8632	1.4368e-05	9.2292e-05
485	0.13464	0.86525	1.4137e-05	9.2374e-05
486	0.11985	0.88004	1.2567e-05	9.3795e-05
487	0.1102	0.88969	1.1536e-05	9.4671e-05
488	0.10464	0.89525	1.0934e-05	9.5112e-05
489	0.10152	0.89837	1.0594e-05	9.5293e-05
490	0.088244	0.91165	9.1838e-06	9.6539e-05
491	0.078482	0.92141	8.1508e-06	9.7408e-05
492	0.071545	0.92835	7.4193e-06	9.7977e-05
493	0.067551	0.93234	6.9929e-06	9.8236e-05
494	0.066117	0.93378	6.8312e-06	9.8223e-05
495	0.067042	0.93285	6.9125e-06	9.7963e-05
496	0.060264	0.93963	6.1953e-06	9.8501e-05
497	0.056372	0.94352	5.7766e-06	9.8736e-05
498	0.054136	0.94576	5.5331e-06	9.8796e-05
499	0.053928	0.94597	5.497e-06	9.8643e-05
500	0.055722	0.94417	5.6638e-06	9.8282e-05
501	0.059147	0.94075	5.999e-06	9.7754e-05
502	0.065168	0.93473	6.594e-06	9.696e-05
503	0.07361	0.92629	7.4354e-06	9.5921e-05
504	0.086284	0.91361	8.697e-06	9.4456e-05
505	0.10329	0.8966	1.0397e-05	9.2554e-05
506	0.12597	0.87392	1.267e-05	9.008e-05
507	0.1327	0.86719	1.3324e-05	8.9226e-05
508	0.1298	0.8701	1.3003e-05	8.9349e-05
509	0.13013	0.86977	1.3006e-05	8.9141e-05
510	0.1329	0.867	1.3258e-05	8.8686e-05
511	0.13831	0.86159	1.378e-05	8.7964e-05
512	0.14683	0.85306	1.4617e-05	8.6926e-05
513	0.16071	0.83919	1.5983e-05	8.5354e-05
514	0.17964	0.82026	1.7858e-05	8.3274e-05
515	0.20506	0.79484	2.0387e-05	8.0542e-05
516	0.24258	0.75732	2.4108e-05	7.661e-05
517	0.23905	0.76085	2.3712e-05	7.6799e-05
518	0.23982	0.76008	2.3738e-05	7.6559e-05
519	0.24519	0.75471	2.4217e-05	7.586e-05
520	0.21207	0.78783	2.0873e-05	7.8985e-05
521	0.18937	0.81053	1.8568e-05	8.1065e-05
522	0.17262	0.82728	1.687e-05	8.2539e-05
523	0.16055	0.83935	1.5647e-05	8.3541e-05
524	0.15225	0.84765	1.4802e-05	8.4165e-05
525	0.14712	0.85278	1.4276e-05	8.4472e-05
526	0.12944	0.87047	1.2522e-05	8.6e-05
527	0.11792	0.88198	1.1371e-05	8.692e-05
528	0.10986	0.89004	1.0564e-05	8.7497e-05
529	0.08504	0.91486	8.1477e-06	8.9685e-05
530	0.066195	0.93371	6.3232e-06	9.1281e-05
531	0.053137	0.94677	5.0561e-06	9.2315e-05
532	0.04334	0.95656	4.1105e-06	9.3028e-05
533	0.036726	0.96318	3.4695e-06	9.3431e-05
534	0.031884	0.96802	3.0022e-06	9.3661e-05
535	0.029026	0.97088	2.7231e-06	9.3697e-05
536	0.027255	0.97265	2.5495e-06	9.3629e-05
537	0.026435	0.97347	2.4677e-06	9.3469e-05
538	0.026503	0.9734	2.4711e-06	9.3225e-05
539	0.027466	0.97244	2.5599e-06	9.2897e-05
540	0.02942	0.97048	2.743e-06	9.2475e-05
541	0.02602	0.97389	2.4238e-06	9.2556e-05
542	0.024202	0.9757	2.2516e-06	9.2484e-05
543	0.023638	0.97627	2.1955e-06	9.2291e-05
544	0.018265	0.98164	1.6892e-06	9.2542e-05
545	0.014177	0.98573	1.3064e-06	9.2671e-05
546	0.011056	0.98885	1.0161e-06	9.2708e-05
547	0.0086556	0.99125	7.9433e-07	9.2677e-05
548	0.0070795	0.99283	6.4805e-07	9.2565e-05
549	0.0061072	0.9938	5.5689e-07	9.2393e-05
550	0.0053854	0.99452	4.8958e-07	9.2197e-05
551	0.0048576	0.99505	4.4066e-07	9.1984e-05
552	0.0046739	0.99523	4.2242e-07	9.1734e-05
553	0.0046105	0.9953	4.1546e-07	9.1474e-05
554	0.0046714	0.99524	4.2004e-07	9.1203e-05
555	0.0048616	0.99505	4.3653e-07	9.0921e-05
556	0.0051957	0.99471	4.6625e-07	9.0626e-05
557	0.0057001	0.99421	5.1157e-07	9.0316e-05
558	0.0064142	0.9935	5.7607e-07	8.9988e-05
559	0.0073824	0.99253	6.6384e-07	8.9637e-05
560	0.0089729	0.99094	8.0643e-07	8.9226e-05
561	0.011344	0.98857	1.0175e-06	8.8741e-05
562	0.014799	0.98511	1.3231e-06	8.8155e-05
563	0.019283	0.98063	1.7204e-06	8.7479e-05
564	0.02588	0.97403	2.3012e-06	8.6614e-05
565	0.0205	0.97941	1.819e-06	8.6812e-05
566	0.016871	0.98304	1.4926e-06	8.6849e-05
567	0.014191	0.98572	1.2534e-06	8.6799e-05
568	0.012542	0.98737	1.1051e-06	8.6653e-05
569	0.01177	0.98814	1.0337e-06	8.6425e-05
570	0.011769	0.98814	1.0293e-06	8.6124e-05
571	0.012536	0.98738	1.0909e-06	8.5752e-05
572	0.0096972	0.99022	8.4049e-07	8.5692e-05
573	0.0077569	0.99216	6.6877e-07	8.5548e-05
574	0.0062505	0.99366	5.3661e-07	8.5365e-05
575	0.0052502	0.99466	4.4815e-07	8.5133e-05
576	0.0044514	0.99546	3.7819e-07	8.4883e-05
577	0.0039883	0.99593	3.3666e-07	8.4599e-05
578	0.0036227	0.99629	3.0413e-07	8.4307e-05
579	0.0033259	0.99659	2.7801e-07	8.4008e-05
580	0.0032331	0.99668	2.6856e-07	8.3688e-05
581	0.0031736	0.99674	2.6224e-07	8.3365e-05
582	0.0031354	0.99678	2.5796e-07	8.304e-05
583	0.003123	0.99679	2.5608e-07	8.2714e-05
584	0.0032915	0.99663	2.6842e-07	8.2368e-05
585	0.0034923	0.99643	2.8352e-07	8.2019e-05
586	0.0037405	0.99618	3.0257e-07	8.1667e-05
587	0.0040551	0.99586	3.2711e-07	8.131e-05
588	0.0046561	0.99526	3.7386e-07	8.0925e-05
589	0.0054146	0.9945	4.3324e-07	8.0528e-05
590	0.0063794	0.99354	5.0906e-07	8.0115e-05
591	0.0076236	0.9923	6.0714e-07	7.968e-05
592	0.0092416	0.99068	7.3494e-07	7.9216e-05
593	0.01166	0.98826	9.2451e-07	7.8685e-05
594	0.015269	0.98465	1.2055e-06	7.8056e-05
595	0.019956	0.97997	1.5702e-06	7.7345e-05
596	0.026075	0.97385	2.0462e-06	7.6522e-05
597	0.034133	0.96579	2.6729e-06	7.5549e-05
598	0.045716	0.95421	3.5674e-06	7.4303e-05
599	0.049105	0.95082	3.8145e-06	7.3699e-05
600	0.046786	0.95314	3.6165e-06	7.3534e-05
601	0.046448	0.95348	3.5709e-06	7.3212e-05
602	0.039704	0.96022	3.0324e-06	7.3376e-05
603	0.034793	0.96513	2.6413e-06	7.3394e-05
604	0.031945	0.96798	2.4089e-06	7.3247e-05
605	0.03076	0.96916	2.3028e-06	7.2968e-05
606	0.030598	0.96933	2.2754e-06	7.2612e-05
607	0.031847	0.96808	2.3514e-06	7.2146e-05
608	0.03419	0.96574	2.5081e-06	7.16e-05
609	0.037833	0.96209	2.7594e-06	7.096e-05
610	0.043062	0.95686	3.125e-06	7.0206e-05
611	0.042555	0.95737	3.0688e-06	6.9868e-05
612	0.043284	0.95664	3.1034e-06	6.944e-05
613	0.045828	0.9541	3.2658e-06	6.8879e-05
614	0.049891	0.95004	3.5359e-06	6.821e-05
615	0.055781	0.94415	3.934e-06	6.7414e-05
616	0.043649	0.95628	3.0586e-06	6.7891e-05
617	0.034498	0.96543	2.4039e-06	6.8149e-05
618	0.028383	0.97155	1.9651e-06	6.8185e-05
619	0.02386	0.97607	1.6427e-06	6.8104e-05
620	0.020984	0.97895	1.4355e-06	6.7904e-05
621	0.019387	0.98054	1.317e-06	6.7609e-05
622	0.018535	0.9814	1.2513e-06	6.7261e-05
623	0.018381	0.98155	1.2342e-06	6.6865e-05
624	0.019223	0.98071	1.2831e-06	6.6398e-05
625	0.021169	0.97876	1.4038e-06	6.5853e-05
626	0.024033	0.9759	1.5845e-06	6.5249e-05
627	0.028031	0.9719	1.8388e-06	6.4571e-05
628	0.034221	0.96571	2.2317e-06	6.3749e-05
629	0.042497	0.95744	2.7569e-06	6.2796e-05
630	0.05451	0.94542	3.5143e-06	6.1604e-05
631	0.071791	0.92814	4.5953e-06	6.0083e-05
632	0.076884	0.92305	4.8876e-06	5.9352e-05
633	0.084404	0.91553	5.3317e-06	5.8469e-05
634	0.083454	0.91648	5.2368e-06	5.8125e-05
635	0.08505	0.91489	5.2999e-06	5.7618e-05
636	0.089396	0.91054	5.5303e-06	5.6938e-05
637	0.097238	0.9027	5.9693e-06	5.6044e-05
638	0.10823	0.89171	6.5963e-06	5.4962e-05
639	0.12329	0.87665	7.4638e-06	5.3639e-05
640	0.1458	0.85414	8.7618e-06	5.1881e-05
641	0.17565	0.82429	1.0485e-05	4.9699e-05
642	0.21529	0.78465	1.2771e-05	4.6953e-05
643	0.22844	0.7715	1.3457e-05	4.5809e-05
644	0.24869	0.75126	1.4542e-05	4.4259e-05
645	0.27914	0.7208	1.6196e-05	4.2134e-05
646	0.32406	0.67588	1.8647e-05	3.9207e-05
647	0.38349	0.61646	2.1894e-05	3.5484e-05
648	0.47008	0.52987	2.6608e-05	3.0288e-05
649	0.47623	0.52372	2.6728e-05	2.9687e-05
650	0.48852	0.51142	2.7177e-05	2.875e-05
651	0.50658	0.49336	2.7939e-05	2.7502e-05
652	0.5319	0.46804	2.9089e-05	2.5868e-05
653	0.56945	0.4305	3.0871e-05	2.3596e-05
654	0.6196	0.38034	3.3306e-05	2.0671e-05
655	0.63809	0.36185	3.4001e-05	1.9489e-05
656	0.66632	0.33363	3.5186e-05	1.7809e-05
657	0.70446	0.29548	3.6875e-05	1.5628e-05
658	0.76081	0.23914	3.9463e-05	1.2541e-05
659	0.83582	0.16413	4.2974e-05	8.5322e-06
660	0.93494	0.065009	4.7666e-05	3.3445e-06
661	0.93561	0.064339	4.7244e-05	3.2746e-06
662	0.93936	0.060594	4.6967e-05	3.0516e-06
663	0.94665	0.053299	4.6854e-05	2.6565e-06
664	0.95739	0.042564	4.6908e-05	2.0974e-06
665	0.974	0.025951	4.7229e-05	1.2641e-06
666	0.98102	0.018932	4.706e-05	9.1238e-07
667	0.99102	0.0089335	4.703e-05	4.2446e-07
668	0.99126	0.0086902	4.6521e-05	4.0783e-07
669	0.98929	0.010659	4.5913e-05	4.9346e-07
670	0.98891	0.011045	4.5371e-05	5.0487e-07
671	0.99006	0.0098956	4.4891e-05	4.4667e-07
672	0.99296	0.0069995	4.448e-05	3.1199e-07
673	0.99372	0.0062364	4.3963e-05	2.748e-07
674	0.993	0.0069601	4.3372e-05	3.0351e-07
675	0.99339	0.0065672	4.2834e-05	2.8289e-07
676	0.99519	0.0047665	4.2347e-05	2.0317e-07
677	0.99536	0.0045997	4.1792e-05	1.9368e-07
678	0.99403	0.0059268	4.1178e-05	2.4607e-07
679	0.99402	0.0059414	4.0611e-05	2.4354e-07
680	0.99507	0.0048859	4.0091e-05	1.9752e-07
681	0.99757	0.0023912	3.9618e-05	9.5795e-08
682	0.99673	0.0032304	3.9014e-05	1.2758e-07
683	0.99681	0.0031564	3.8449e-05	1.2287e-07
684	0.9978	0.0021636	3.7922e-05	8.3008e-08
685	0.99575	0.0042165	3.7283e-05	1.5855e-07
686	0.99102	0.0089383	3.6539e-05	3.3068e-07
687	0.98843	0.011536	3.587e-05	4.2052e-07
688	0.98726	0.012703	3.5257e-05	4.5567e-07
689	0.98299	0.016978	3.4529e-05	5.9946e-07
690	0.98054	0.019421	3.3872e-05	6.7419e-07
691	0.97974	0.020224	3.3277e-05	6.8975e-07
692	0.98091	0.019055	3.274e-05	6.3877e-07
693	0.98373	0.016233	3.2259e-05	5.3434e-07
694	0.98891	0.011057	3.1843e-05	3.5768e-07
695	0.99643	0.003535	3.1498e-05	1.1201e-07
696	0.99991	5.5219e-05	3.101e-05	1.7133e-09
697	0.99993	4.1404e-05	3.0405e-05	1.2684e-09
698	0.99925	0.00071522	2.9781e-05	2.1434e-08
699	0.99801	0.0019621	2.9134e-05	5.779e-08
700	0.99507	0.0048984	2.8441e-05	1.4113e-07
701	0.98847	0.011504	2.7641e-05	3.2481e-07
702	0.98455	0.015425	2.6915e-05	4.2666e-07
703	0.98235	0.017624	2.6243e-05	4.7683e-07
704	0.98171	0.018269	2.5617e-05	4.8308e-07
705	0.98257	0.017407	2.5033e-05	4.4965e-07
706	0.98502	0.014954	2.449e-05	3.7716e-07
707	0.98923	0.010741	2.3989e-05	2.6435e-07
708	0.99553	0.0044498	2.3535e-05	1.0666e-07
709	0.95671	0.043269	2.2022e-05	9.9982e-07
710	0.92996	0.070014	2.082e-05	1.575e-06
711	0.91032	0.089654	1.9811e-05	1.9595e-06
712	0.89748	0.1025	1.8962e-05	2.176e-06
713	0.88885	0.11113	1.8219e-05	2.2885e-06
714	0.88456	0.11542	1.7566e-05	2.3035e-06
715	0.88424	0.11575	1.6988e-05	2.2367e-06
716	0.88685	0.11313	1.6468e-05	2.1139e-06
717	0.88104	0.11894	1.5794e-05	2.1454e-06
718	0.87842	0.12156	1.5186e-05	2.1135e-06
719	0.87958	0.1204	1.4637e-05	2.0151e-06
720	0.88485	0.11514	1.4145e-05	1.8522e-06
721	0.89372	0.10627	1.3704e-05	1.6401e-06
722	0.90689	0.093096	1.3317e-05	1.3753e-06
723	0.92539	0.074592	1.2991e-05	1.0515e-06
724	0.93253	0.067457	1.248e-05	9.0568e-07
725	0.9432	0.056789	1.2006e-05	7.235e-07
726	0.95821	0.041778	1.1573e-05	5.0188e-07
727	0.96349	0.036502	1.101e-05	4.1227e-07
728	0.97233	0.027659	1.0471e-05	2.9104e-07
729	0.98476	0.015227	9.9585e-06	1.4454e-07
730	0.98459	0.015401	9.3116e-06	1.3403e-07
731	0.98151	0.018485	8.634e-06	1.4702e-07
732	0.98011	0.019879	7.975e-06	1.4287e-07
733	0.9803	0.019693	7.3306e-06	1.2559e-07
734	0.9825	0.017496	6.6917e-06	9.5438e-08
735	0.98649	0.013501	6.0621e-06	5.7384e-08
736	0.98752	0.012478	6.097e-06	5.5864e-08
737	0.99038	0.0096147	6.1359e-06	4.4457e-08
738	0.99548	0.0045101	6.1807e-06	2.1276e-08
739	0.99134	0.0086516	6.17e-06	4.7459e-08
740	0.98911	0.010883	6.1651e-06	6.1991e-08
741	0.98856	0.011435	6.1645e-06	6.6255e-08
742	0.98546	0.014534	6.1425e-06	8.6072e-08
743	0.98396	0.016037	6.1277e-06	9.5841e-08
744	0.97832	0.021672	6.0847e-06	1.3091e-07
745	0.96502	0.03497	5.9884e-06	2.1341e-07
746	0.9566	0.043398	5.9168e-06	2.6532e-07
747	0.95111	0.048879	5.8612e-06	2.9835e-07
748	0.9488	0.051195	5.8195e-06	3.1156e-07
749	0.94872	0.051275	5.7891e-06	3.107e-07
750	0.95151	0.048483	5.7702e-06	2.9231e-07
751	0.95675	0.043243	5.7633e-06	2.5913e-07
752	0.96566	0.034331	5.772e-06	2.0447e-07
753	0.97825	0.021743	5.7989e-06	1.2861e-07
754	0.99555	0.0044482	5.8498e-06	2.6036e-08
755	0.99471	0.0052889	5.7876e-06	3.0693e-08
756	0.99489	0.005103	5.7285e-06	2.9281e-08
757	0.99353	0.0064596	5.6548e-06	3.6662e-08
758	0.99329	0.0067007	5.5847e-06	3.7523e-08
759	0.9944	0.005598	5.5161e-06	3.0906e-08
760	0.997	0.0029974	5.4496e-06	1.6303e-08
761	0.99793	0.0020597	5.3678e-06	1.105e-08
762	0.99985	0.00014455	5.2882e-06	7.5787e-10
763	0.99897	0.0010274	5.1879e-06	5.3049e-09
764	0.9989	0.0010979	5.086e-06	5.5571e-09
765	0.99954	0.00045304	4.9848e-06	2.208e-09
766	0.99907	0.00092362	4.8752e-06	4.341e-09
767	0.99494	0.0050559	4.7431e-06	2.3152e-08
768	0.99234	0.0076589	4.6161e-06	3.3998e-08
769	0.99133	0.0086656	4.4909e-06	3.7173e-08
770	0.99151	0.0084838	4.3682e-06	3.4885e-08
771	0.99314	0.0068571	4.2457e-06	2.6549e-08
772	0.99306	0.0069387	4.1102e-06	2.5382e-08
773	0.99409	0.0059046	3.9762e-06	1.9792e-08
774	0.99633	0.003663	3.8437e-06	9.8672e-09
775	0.99482	0.0051799	4.124e-06	1.7829e-08
776	0.99437	0.0056248	4.4061e-06	2.1984e-08
777	0.99496	0.0050315	4.6909e-06	2.1608e-08
778	0.99402	0.005975	4.9668e-06	2.8155e-08
779	0.99093	0.0090652	5.2247e-06	4.6553e-08
780	0.98927	0.010724	5.4871e-06	5.8621e-08
781	0.98445	0.015543	5.7238e-06	9.0179e-08
782	0.98151	0.018485	5.9676e-06	1.127e-07
783	0.98063	0.019366	6.2168e-06	1.2363e-07
784	0.96208	0.037915	6.3454e-06	2.5315e-07
785	0.94993	0.050058	6.5027e-06	3.4786e-07
786	0.94154	0.058457	6.6792e-06	4.214e-07
787	0.93623	0.063768	6.873e-06	4.7587e-07
788	0.93417	0.065822	7.0831e-06	5.0788e-07
789	0.93452	0.065476	7.3096e-06	5.2161e-07
790	0.90978	0.09021	7.3248e-06	7.4043e-07
791	0.89166	0.10833	7.3829e-06	9.1443e-07
792	0.87879	0.1212	7.4767e-06	1.0509e-06
793	0.87018	0.12981	7.6009e-06	1.155e-06
794	0.86518	0.13481	7.7527e-06	1.2296e-06
795	0.86346	0.13653	7.9313e-06	1.2755e-06
796	0.85235	0.14764	8.0143e-06	1.4109e-06
797	0.82129	0.1787	7.8985e-06	1.7431e-06
798	0.7438	0.2562	7.3117e-06	2.5445e-06
799	0.55203	0.44796	5.5469e-06	4.5219e-06
800	0.41765	0.58234	4.282e-06	5.9935e-06
801	0.32511	0.67488	3.3947e-06	7.0819e-06
802	0.25482	0.74517	2.7101e-06	7.9649e-06
803	0.20572	0.79427	2.2249e-06	8.6432e-06
804	0.16852	0.83147	1.8535e-06	9.2049e-06
805	0.14039	0.8596	1.5707e-06	9.6753e-06
806	0.12103	0.87896	1.3756e-06	1.0053e-05
807	0.10824	0.89175	1.2482e-06	1.0357e-05
808	0.10022	0.89977	1.1715e-06	1.0605e-05
809	0.095866	0.90412	1.1349e-06	1.0807e-05
810	0.093701	0.90629	1.1235e-06	1.0982e-05
811	0.082026	0.91796	9.9373e-07	1.127e-05
812	0.074425	0.92556	9.1017e-07	1.1506e-05
813	0.06924	0.93075	8.5498e-07	1.1711e-05
814	0.066065	0.93392	8.2391e-07	1.1889e-05
815	0.064617	0.93537	8.1412e-07	1.2043e-05
816	0.064786	0.9352	8.2487e-07	1.2173e-05
817	0.06662	0.93337	8.5743e-07	1.2279e-05
818	0.070907	0.92908	9.2191e-07	1.2348e-05
819	0.077402	0.92258	1.0169e-06	1.2383e-05
820	0.087798	0.91219	1.1647e-06	1.236e-05
821	0.10187	0.89812	1.3648e-06	1.2283e-05
822	0.12077	0.87922	1.6347e-06	1.2132e-05
823	0.14598	0.85401	1.9969e-06	1.1887e-05
824	0.18228	0.81771	2.5166e-06	1.1478e-05
825	0.23035	0.76964	3.2108e-06	1.0893e-05
826	0.2499	0.75009	3.5095e-06	1.0698e-05
827	0.27887	0.72112	3.943e-06	1.0362e-05
828	0.31769	0.68229	4.5238e-06	9.8765e-06
829	0.36917	0.63081	5.2957e-06	9.1974e-06
830	0.43753	0.56246	6.3247e-06	8.2589e-06
831	0.52811	0.47188	7.6951e-06	6.9767e-06
832	0.51628	0.48371	7.5676e-06	7.1903e-06
833	0.51081	0.48917	7.5283e-06	7.3098e-06
834	0.50957	0.49041	7.5511e-06	7.3651e-06
835	0.51362	0.48636	7.6491e-06	7.3394e-06
836	0.52207	0.47791	7.814e-06	7.2446e-06
837	0.53722	0.46276	8.0775e-06	7.0455e-06
838	0.56101	0.43898	8.4695e-06	6.712e-06
839	0.5971	0.40288	9.0462e-06	6.1879e-06
840	0.64539	0.35459	9.8139e-06	5.4707e-06
841	0.70955	0.29044	1.0832e-05	4.5014e-06
842	0.73444	0.26555	1.125e-05	4.1295e-06
843	0.7417	0.25828	1.1392e-05	4.028e-06
844	0.75534	0.24465	1.1628e-05	3.8268e-06
845	0.77724	0.22274	1.1987e-05	3.4965e-06
846	0.80719	0.19279	1.2471e-05	3.0383e-06
847	0.80271	0.19727	1.242e-05	3.1138e-06
848	0.80276	0.19723	1.2435e-05	3.1183e-06
849	0.80638	0.19361	1.2504e-05	3.0656e-06
850	0.81386	0.18612	1.2634e-05	2.9512e-06
851	0.82579	0.17419	1.2833e-05	2.7655e-06
852	0.84311	0.15688	1.3117e-05	2.4934e-06
853	0.86971	0.13028	1.3541e-05	2.0749e-06
854	0.90552	0.094463	1.4111e-05	1.5088e-06
855	0.91942	0.080563	1.4333e-05	1.2882e-06
856	0.91312	0.086861	1.4236e-05	1.3862e-06
857	0.91068	0.089306	1.4193e-05	1.4237e-06
858	0.91096	0.089027	1.4191e-05	1.4176e-06
859	0.91482	0.085161	1.424e-05	1.3551e-06
860	0.92179	0.078192	1.4337e-05	1.2431e-06
861	0.93241	0.067574	1.449e-05	1.0732e-06
862	0.94912	0.050861	1.4732e-05	8.0804e-07
863	0.97187	0.028114	1.5068e-05	4.4768e-07
864	0.9733	0.026685	1.506e-05	4.243e-07
865	0.97662	0.023362	1.508e-05	3.7114e-07
866	0.98207	0.017917	1.5133e-05	2.847e-07
867	0.99005	0.0099352	1.5223e-05	1.5863e-07
868	0.98933	0.010659	1.5175e-05	1.6938e-07
869	0.99011	0.0098759	1.5144e-05	1.568e-07
870	0.99256	0.0074237	1.5132e-05	1.1867e-07
871	0.9892	0.010787	1.5028e-05	1.7136e-07
872	0.98046	0.019521	1.4839e-05	3.0758e-07
873	0.97448	0.025509	1.4692e-05	3.9996e-07
874	0.95793	0.042055	1.4382e-05	6.5457e-07
875	0.94703	0.052953	1.4153e-05	8.2093e-07
876	0.9396	0.060383	1.3978e-05	9.3232e-07
877	0.93508	0.064908	1.3846e-05	9.9819e-07
878	0.93311	0.066872	1.3753e-05	1.0245e-06
879	0.92396	0.076025	1.3545e-05	1.1589e-06
880	0.90078	0.099203	1.3126e-05	1.5019e-06
881	0.8839	0.11608	1.2805e-05	1.7465e-06
882	0.87204	0.12794	1.256e-05	1.9133e-06
883	0.84005	0.15994	1.202e-05	2.3725e-06
884	0.81646	0.18353	1.1608e-05	2.7026e-06
885	0.79957	0.20042	1.1296e-05	2.9308e-06
886	0.78798	0.21201	1.1062e-05	3.0789e-06
887	0.78082	0.21917	1.0892e-05	3.1612e-06
888	0.77754	0.22244	1.0777e-05	3.1864e-06
889	0.77795	0.22203	1.0713e-05	3.1584e-06
890	0.78203	0.21796	1.07e-05	3.0784e-06
891	0.79007	0.20991	1.074e-05	2.9431e-06
892	0.80415	0.19584	1.0856e-05	2.7259e-06
893	0.82411	0.17587	1.1049e-05	2.4296e-06
894	0.82949	0.1705	1.1038e-05	2.3352e-06
895	0.82575	0.17423	1.0898e-05	2.3638e-06
896	0.82548	0.17451	1.0804e-05	2.3449e-06
897	0.82953	0.17046	1.0761e-05	2.2686e-06
898	0.83843	0.16156	1.0774e-05	2.1297e-06
899	0.85188	0.14811	1.0844e-05	1.9331e-06
900	0.87098	0.129	1.0982e-05	1.6662e-06
901	0.89725	0.10274	1.1206e-05	1.3116e-06
902	0.93563	0.064361	1.1568e-05	8.1191e-07
903	0.99193	0.0080595	1.2136e-05	1.0133e-07
904	0.99023	0.0097553	1.1971e-05	1.2065e-07
905	0.98981	0.010176	1.1822e-05	1.2402e-07
906	0.99088	0.0091076	1.1683e-05	1.0962e-07
907	0.98981	0.010179	1.1518e-05	1.2064e-07
908	0.99023	0.0097608	1.1363e-05	1.1416e-07
909	0.99192	0.0080677	1.1222e-05	9.3159e-08
910	0.99154	0.0084463	1.1055e-05	9.5993e-08
911	0.99234	0.0076519	1.0899e-05	8.5621e-08
912	0.99436	0.0056242	1.0755e-05	6.1958e-08
913	0.99145	0.0085367	1.0556e-05	9.1926e-08
914	0.98994	0.010047	1.0371e-05	1.0606e-07
915	0.98994	0.010048	1.0195e-05	1.0412e-07
916	0.99145	0.0085387	1.0029e-05	8.6909e-08
917	0.99436	0.0056279	9.8746e-06	5.615e-08
918	0.99937	0.00061642	9.7331e-06	6.0544e-09
919	0.99914	0.00085126	9.5376e-06	8.1692e-09
920	0.99958	0.00041189	9.3466e-06	3.8528e-09
921	0.99988	0.00010923	9.148e-06	9.899e-10
922	0.99682	0.0031716	8.9131e-06	2.8105e-08
923	0.9952	0.0047893	8.6859e-06	4.143e-08
924	0.99486	0.0051328	8.4638e-06	4.3278e-08
925	0.99276	0.0072319	8.2211e-06	5.9463e-08
926	0.99189	0.0081043	7.9875e-06	6.4737e-08
927	0.99244	0.0075571	7.759e-06	5.8557e-08
928	0.99129	0.0087002	7.5112e-06	6.5387e-08
929	0.99135	0.0086472	7.271e-06	6.2817e-08
930	0.9926	0.0073943	7.0375e-06	5.1689e-08
931	0.9921	0.0078882	6.7854e-06	5.3049e-08
932	0.99276	0.0072352	6.5392e-06	4.656e-08
933	0.99462	0.0053724	6.2986e-06	3.2683e-08
934	0.99476	0.005236	6.0449e-06	3.0052e-08
935	0.99594	0.0040559	5.7953e-06	2.1423e-08
936	0.99854	0.0014579	5.5466e-06	5.6091e-09
937	0.99628	0.0037186	5.7707e-06	1.933e-08
938	0.99512	0.0048693	5.9984e-06	2.7427e-08
