#coord	neutral	conserved	gBGC.neutral	gBGC.conserved
1	0.76211	0.23401	0.0029647	0.0009115
2	0.76799	0.22814	0.0029872	0.00088846
3	0.77819	0.21793	0.0030267	0.00084847
4	0.79506	0.20106	0.0030921	0.00078261
5	0.82075	0.17537	0.0031916	0.00068257
6	0.85918	0.13694	0.0033404	0.0005332
7	0.91041	0.085719	0.0035393	0.00033385
8	0.93289	0.063241	0.0036261	0.0002465
9	0.9633	0.032824	0.003744	0.00012814
10	0.97513	0.021002	0.0037896	8.2068e-05
11	0.97952	0.016614	0.0038063	6.493e-05
12	0.98617	0.0099551	0.0038319	3.8902e-05
13	0.98886	0.0072732	0.003842	2.8433e-05
14	0.99314	0.0029946	0.0038583	1.1716e-05
15	0.9949	0.0012338	0.0038648	4.8266e-06
16	0.99438	0.001755	0.0038625	6.8548e-06
17	0.99463	0.0015019	0.0038631	5.8644e-06
18	0.99426	0.0018703	0.0038614	7.2902e-06
19	0.99468	0.0014556	0.0038627	5.6643e-06
20	0.99606	7.3792e-05	0.0038678	2.8669e-07
21	0.9961	2.7671e-05	0.0038677	1.0747e-07
22	0.99583	0.00030519	0.0038663	1.1877e-06
23	0.99543	0.00070739	0.0038644	2.7509e-06
24	0.99568	0.00045538	0.0038652	1.7685e-06
25	0.99578	0.00035244	0.0038653	1.3692e-06
26	0.9958	0.00033194	0.0038651	1.2872e-06
27	0.99481	0.0013233	0.003861	5.133e-06
28	0.9947	0.0014327	0.0038603	5.5619e-06
29	0.99535	0.00078855	0.0038626	3.0593e-06
30	0.99563	0.00050344	0.0038634	1.9548e-06
31	0.99472	0.001415	0.0038596	5.5042e-06
32	0.99261	0.0035287	0.0038511	1.3718e-05
33	0.99147	0.0046701	0.0038465	1.8141e-05
34	0.99124	0.0048987	0.0038454	1.901e-05
35	0.99204	0.0040933	0.0038484	1.5877e-05
36	0.99148	0.0046554	0.003846	1.8058e-05
37	0.99193	0.0042037	0.0038475	1.6316e-05
38	0.99329	0.0028499	0.0038525	1.1064e-05
39	0.99344	0.002697	0.0038529	1.0479e-05
40	0.99439	0.0017423	0.0038564	6.7739e-06
41	0.99451	0.0016279	0.0038567	6.3254e-06
42	0.9939	0.0022381	0.0038541	8.6979e-06
43	0.99404	0.0020943	0.0038546	8.1365e-06
44	0.99339	0.0027446	0.0038519	1.0667e-05
45	0.99361	0.002528	0.0038526	9.8238e-06
46	0.99471	0.0014275	0.0038568	5.5409e-06
47	0.99513	0.0010121	0.0038583	3.9268e-06
48	0.99518	0.00096131	0.0038583	3.7328e-06
49	0.99594	0.00019767	0.0038612	7.6808e-07
50	0.99595	0.00018657	0.0038612	7.2318e-07
51	0.99606	7.5286e-05	0.0038615	2.9211e-07
52	0.99599	0.00015201	0.0038612	5.884e-07
53	0.99518	0.00096078	0.0038581	3.7096e-06
54	0.99363	0.0025053	0.0038521	9.6763e-06
55	0.99318	0.0029565	0.0038503	1.142e-05
56	0.99376	0.0023773	0.0038524	9.1814e-06
57	0.99343	0.0027039	0.0038511	1.0435e-05
58	0.9921	0.0040394	0.0038459	1.5593e-05
59	0.97992	0.016218	0.0037987	6.2711e-05
60	0.97208	0.024056	0.0037683	9.3075e-05
61	0.96686	0.029283	0.003748	0.00011328
62	0.96383	0.032308	0.0037363	0.00012492
63	0.96318	0.032961	0.0037338	0.00012741
64	0.95807	0.038066	0.003714	0.00014716
65	0.95586	0.040274	0.0037054	0.00015572
66	0.95568	0.04046	0.0037046	0.00015642
67	0.95059	0.045547	0.0036849	0.00017612
68	0.94789	0.04825	0.0036744	0.00018654
69	0.94798	0.048155	0.0036747	0.00018616
70	0.94289	0.05325	0.0036549	0.00020592
71	0.94097	0.055174	0.0036473	0.00021342
72	0.94195	0.054193	0.0036509	0.00020971
73	0.94527	0.050874	0.0036637	0.0001969
74	0.95186	0.044276	0.0036891	0.00017146
75	0.96163	0.034509	0.0037268	0.00013369
76	0.96457	0.031569	0.0037381	0.0001223
77	0.9703	0.02584	0.0037603	0.00010014
78	0.97875	0.017386	0.003793	6.7382e-05
79	0.98207	0.014072	0.0038058	5.4563e-05
80	0.98227	0.013872	0.0038066	5.3787e-05
81	0.98388	0.012256	0.0038129	4.7499e-05
82	0.97698	0.019161	0.0037863	7.4159e-05
83	0.97289	0.023245	0.0037706	8.9942e-05
84	0.97073	0.025406	0.0037624	9.8252e-05
85	0.97068	0.025458	0.0037623	9.842e-05
86	0.96682	0.029317	0.0037474	0.00011334
87	0.96546	0.030679	0.0037422	0.00011863
88	0.96593	0.030211	0.0037441	0.00011679
89	0.96869	0.02745	0.0037548	0.0001061
90	0.97421	0.021927	0.0037762	8.4758e-05
91	0.98327	0.012869	0.0038112	4.9791e-05
92	0.98665	0.0094893	0.0038243	3.6723e-05
93	0.98758	0.0085565	0.0038279	3.3139e-05
94	0.98646	0.0096835	0.0038236	3.7517e-05
95	0.98657	0.0095672	0.0038242	3.7058e-05
96	0.98823	0.0079051	0.0038307	3.0624e-05
97	0.98787	0.0082656	0.0038294	3.2011e-05
98	0.98894	0.0071939	0.0038337	2.7861e-05
99	0.9916	0.0045403	0.003844	1.7599e-05
100	0.98978	0.0063608	0.0038371	2.4658e-05
101	0.98931	0.0068259	0.0038353	2.6475e-05
102	0.99014	0.0059949	0.0038386	2.3279e-05
103	0.9893	0.006835	0.0038354	2.6552e-05
104	0.9898	0.0063375	0.0038374	2.465e-05
105	0.99143	0.0047068	0.0038439	1.8335e-05
106	0.99151	0.004625	0.0038443	1.8025e-05
107	0.99006	0.0060752	0.0038389	2.3662e-05
108	0.98973	0.0064112	0.0038378	2.4957e-05
109	0.99071	0.0054319	0.0038418	2.1159e-05
110	0.99284	0.0032926	0.0038504	1.2838e-05
111	0.99347	0.002671	0.003853	1.0413e-05
112	0.99315	0.0029823	0.0038521	1.1628e-05
113	0.99372	0.0024187	0.0038545	9.4353e-06
114	0.99521	0.00092893	0.0038607	3.6319e-06
115	0.96572	0.030418	0.0037459	0.00011866
116	0.94552	0.050615	0.0036673	0.00019758
117	0.93204	0.064093	0.0036148	0.00025034
118	0.92263	0.073508	0.0035782	0.00028718
119	0.91734	0.078794	0.0035577	0.00030796
120	0.91551	0.080624	0.0035506	0.00031531
121	0.91629	0.079848	0.0035538	0.00031247
122	0.91973	0.076406	0.0035673	0.00029921
123	0.92611	0.070028	0.0035924	0.00027446
124	0.92551	0.070622	0.0035904	0.00027684
125	0.9274	0.068731	0.0035982	0.00026949
126	0.93192	0.064207	0.0036163	0.00025183
127	0.93006	0.066069	0.0036096	0.00025904
128	0.93119	0.064944	0.0036144	0.00025465
129	0.93558	0.060548	0.003632	0.00023755
130	0.93435	0.06178	0.0036275	0.00024244
131	0.93545	0.060685	0.0036322	0.00023822
132	0.93898	0.057145	0.0036465	0.00022442
133	0.93656	0.059573	0.0036375	0.00023389
134	0.93714	0.058993	0.0036403	0.00023167
135	0.94006	0.056067	0.0036522	0.00022024
136	0.94559	0.050535	0.0036744	0.00019858
137	0.955	0.041129	0.0037117	0.00016182
138	0.96827	0.027854	0.0037643	0.00010984
139	0.96692	0.029202	0.0037597	0.0001151
140	0.96735	0.028773	0.003762	0.00011339
141	0.96959	0.026536	0.0037715	0.00010457
142	0.9738	0.02232	0.0037888	8.7959e-05
143	0.97401	0.022109	0.0037905	8.7052e-05
144	0.97588	0.020242	0.0037986	7.963e-05
145	0.97997	0.016148	0.0038155	6.3499e-05
146	0.98086	0.015259	0.0038198	5.9977e-05
147	0.98328	0.012844	0.0038301	5.0454e-05
148	0.98781	0.0083074	0.0038486	3.264e-05
149	0.98926	0.0068574	0.0038551	2.6919e-05
150	0.98907	0.0070436	0.0038552	2.7624e-05
151	0.99025	0.0058632	0.0038606	2.3003e-05
152	0.99266	0.0034537	0.0038708	1.3556e-05
153	0.99357	0.0025419	0.0038751	9.99e-06
154	0.99108	0.0050372	0.0038661	1.9756e-05
155	0.98998	0.0061287	0.0038626	2.4048e-05
156	0.98645	0.0096611	0.0038496	3.789e-05
157	0.98444	0.011675	0.0038425	4.5774e-05
158	0.98405	0.012061	0.0038418	4.731e-05
159	0.98046	0.015652	0.0038286	6.1379e-05
160	0.97894	0.017168	0.0038235	6.7352e-05
161	0.97893	0.017175	0.0038243	6.7402e-05
162	0.97554	0.020571	0.0038119	8.0694e-05
163	0.96584	0.030266	0.0037749	0.00011858
164	0.95997	0.036136	0.0037529	0.00014158
165	0.9571	0.039	0.0037425	0.00015286
166	0.94801	0.048093	0.0037076	0.00018861
167	0.94199	0.054111	0.0036849	0.00021226
168	0.93919	0.056908	0.0036747	0.00022334
169	0.93871	0.057396	0.0036736	0.00022533
170	0.94119	0.054915	0.0036841	0.00021572
171	0.92535	0.070744	0.0036226	0.00027811
172	0.91411	0.081984	0.0035793	0.00032238
173	0.90766	0.088434	0.0035547	0.00034791
174	0.9051	0.090995	0.0035453	0.00035821
175	0.90524	0.090853	0.0035466	0.00035785
176	0.89811	0.097985	0.0035191	0.00038617
177	0.89416	0.10193	0.0035044	0.0004019
178	0.89309	0.103	0.003501	0.00040624
179	0.89483	0.10126	0.0035087	0.00039952
180	0.89955	0.096542	0.0035282	0.00038101
181	0.90874	0.087347	0.0035653	0.00034493
182	0.9237	0.072389	0.003625	0.00028625
183	0.94429	0.051802	0.003707	0.00020527
184	0.95258	0.043507	0.0037406	0.00017272
185	0.95419	0.041894	0.0037479	0.00016646
186	0.95063	0.045451	0.0037348	0.00018059
187	0.93977	0.056311	0.0036928	0.00022371
188	0.93244	0.063644	0.0036647	0.00025283
189	0.9287	0.067384	0.0036509	0.00026779
190	0.9275	0.06858	0.0036471	0.00027266
191	0.92933	0.066745	0.0036553	0.00026559
192	0.93377	0.062309	0.0036738	0.00024819
193	0.88622	0.10986	0.0034863	0.0004368
194	0.85344	0.14263	0.0033572	0.00056709
195	0.83127	0.1648	0.0032699	0.00065547
196	0.77944	0.21664	0.0030643	0.00086223
197	0.74077	0.25531	0.0029112	0.0010164
198	0.71224	0.28383	0.0027987	0.0011301
199	0.69162	0.30445	0.0027176	0.0012124
200	0.67875	0.31731	0.0026672	0.001264
201	0.67076	0.32531	0.0026361	0.0012963
202	0.64321	0.35285	0.0025272	0.0014063
203	0.6233	0.37276	0.0024488	0.001486
204	0.6096	0.38646	0.0023951	0.0015409
205	0.60096	0.3951	0.0023616	0.0015757
206	0.59679	0.39927	0.0023459	0.0015928
207	0.59811	0.39795	0.0023518	0.0015881
208	0.58512	0.41094	0.0023011	0.0016402
209	0.5771	0.41896	0.0022701	0.0016724
210	0.54714	0.44891	0.0021525	0.0017915
211	0.52543	0.47062	0.0020675	0.0018778
212	0.51027	0.48578	0.0020086	0.0019381
213	0.50047	0.49558	0.0019709	0.0019773
214	0.46854	0.52752	0.0018456	0.002104
215	0.39356	0.60249	0.0015497	0.0024014
216	0.33706	0.65899	0.001327	0.0026255
217	0.29459	0.70146	0.0011599	0.002794
218	0.2659	0.73014	0.001047	0.0029084
219	0.24467	0.75137	0.00096356	0.0029933
220	0.22928	0.76677	0.00090329	0.0030551
221	0.18459	0.81145	0.00072708	0.0032328
222	0.15405	0.84199	0.00060647	0.0033549
223	0.13114	0.86489	0.00051617	0.0034467
224	0.11584	0.8802	0.00045575	0.0035086
225	0.10469	0.89134	0.00041185	0.003554
226	0.096834	0.8992	0.00038099	0.0035864
227	0.092401	0.90363	0.00036361	0.0036053
228	0.090973	0.90506	0.00035805	0.0036124
229	0.09235	0.90368	0.00036356	0.0036084
230	0.095802	0.90022	0.00037734	0.0035962
231	0.10164	0.89439	0.00040063	0.0035745
232	0.1113	0.88473	0.00043906	0.0035376
233	0.12465	0.87138	0.00049223	0.003486
234	0.14278	0.85324	0.0005646	0.0034152
235	0.1466	0.84942	0.00058008	0.0034014
236	0.15455	0.84147	0.00061197	0.0033711
237	0.16615	0.82987	0.00065851	0.0033262
238	0.14872	0.84729	0.00058926	0.003397
239	0.13599	0.86002	0.00053879	0.0034491
240	0.12805	0.86796	0.00050728	0.0034823
241	0.12406	0.87195	0.00049144	0.0034998
242	0.1225	0.8735	0.00048538	0.0035075
243	0.12332	0.87269	0.00048882	0.0035057
244	0.12656	0.86945	0.00050202	0.0034942
245	0.13338	0.86262	0.00052947	0.0034684
246	0.14347	0.85253	0.00057005	0.0034295
247	0.15905	0.83694	0.00063255	0.0033687
248	0.18013	0.81587	0.00071719	0.0032858
249	0.20842	0.78758	0.00083102	0.0031737
250	0.2493	0.7467	0.00099523	0.0030113
251	0.30329	0.6927	0.0012125	0.0027957
252	0.37482	0.62117	0.001501	0.0025091
253	0.40517	0.59081	0.0016237	0.0023881
254	0.44587	0.55012	0.0017883	0.0022252
255	0.49999	0.496	0.0020077	0.0020077
256	0.51951	0.47647	0.0020873	0.0019299
257	0.54654	0.44944	0.0021975	0.0018215
258	0.58314	0.41284	0.0023468	0.0016741
259	0.63229	0.36369	0.0025474	0.0014754
260	0.69786	0.29811	0.0028153	0.0012094
261	0.79356	0.20241	0.0032055	0.00082109
262	0.83202	0.16396	0.0033631	0.00066538
263	0.84692	0.14905	0.0034251	0.00060525
264	0.87012	0.12584	0.0035207	0.0005115
265	0.90154	0.094429	0.0036499	0.0003842
266	0.91467	0.08129	0.0037049	0.0003311
267	0.93307	0.062897	0.0037814	0.0002565
268	0.93918	0.056782	0.0038081	0.0002317
269	0.93894	0.057018	0.0038089	0.00023278
270	0.94101	0.054947	0.0038192	0.00022443
271	0.94551	0.050443	0.0038395	0.00020611
272	0.95283	0.043122	0.0038714	0.00017621
273	0.96471	0.031237	0.0039219	0.0001277
274	0.96882	0.027133	0.0039408	0.00011092
275	0.97593	0.020015	0.0039719	8.1835e-05
276	0.98697	0.0089786	0.0040189	3.6754e-05
277	0.99143	0.0045157	0.0040392	1.8486e-05
278	0.99073	0.0052089	0.0040384	2.1316e-05
279	0.99106	0.0048779	0.0040418	1.9954e-05
280	0.99008	0.0058528	0.0040399	2.394e-05
281	0.99016	0.0057692	0.0040423	2.3591e-05
282	0.98854	0.0073965	0.0040377	3.0249e-05
283	0.98808	0.0078473	0.0040379	3.2087e-05
284	0.98565	0.010282	0.00403	4.2055e-05
285	0.98459	0.011334	0.0040278	4.635e-05
286	0.98047	0.015456	0.004013	6.3228e-05
287	0.97845	0.017473	0.0040068	7.1531e-05
288	0.97828	0.017643	0.0040081	7.2293e-05
289	0.97993	0.015987	0.0040168	6.5595e-05
290	0.98324	0.012673	0.0040324	5.2063e-05
291	0.98845	0.0074674	0.0040558	3.0722e-05
292	0.9814	0.014507	0.0040289	5.9747e-05
293	0.97713	0.018779	0.0040133	7.7434e-05
294	0.9747	0.021208	0.0040053	8.7508e-05
295	0.96685	0.029057	0.0039749	0.00012001
296	0.96164	0.034264	0.0039554	0.00014158
297	0.9587	0.037198	0.0039454	0.00015376
298	0.95834	0.037562	0.0039459	0.00015538
299	0.95994	0.035953	0.0039546	0.00014882
300	0.96362	0.032274	0.003972	0.00013367
301	0.95342	0.042471	0.0039321	0.00017576
302	0.94719	0.0487	0.0039085	0.00020157
303	0.94355	0.052341	0.0038957	0.00021667
304	0.94287	0.053019	0.003895	0.00021957
305	0.94439	0.051494	0.0039035	0.00021332
306	0.94898	0.046904	0.0039247	0.00019441
307	0.94784	0.048038	0.0039221	0.00019923
308	0.94885	0.047023	0.0039285	0.00019511
309	0.95264	0.043238	0.0039463	0.00017953
310	0.95899	0.036878	0.0039749	0.0001532
311	0.96838	0.027491	0.0040162	0.00011419
312	0.98291	0.012958	0.0040789	5.3806e-05
313	0.98362	0.012242	0.0040841	5.0851e-05
314	0.98604	0.0098222	0.0040964	4.0837e-05
315	0.99007	0.0057927	0.0041155	2.4089e-05
316	0.99141	0.00445	0.0041234	1.8491e-05
317	0.99136	0.0044909	0.0041255	1.8657e-05
318	0.98981	0.0060385	0.0041214	2.5104e-05
319	0.98584	0.010014	0.0041071	4.1687e-05
320	0.98346	0.012384	0.0040995	5.1573e-05
321	0.98285	0.012997	0.0040992	5.4162e-05
322	0.98357	0.012271	0.0041045	5.1145e-05
323	0.98193	0.013915	0.0040999	5.8036e-05
324	0.9817	0.014141	0.0041013	5.8984e-05
325	0.98315	0.012686	0.0041097	5.2931e-05
326	0.98647	0.0093645	0.0041258	3.9093e-05
327	0.99218	0.0036523	0.0041519	1.5279e-05
328	0.98932	0.0065127	0.0041423	2.7275e-05
329	0.98777	0.0080602	0.0041381	3.3763e-05
330	0.98743	0.0084004	0.0041391	3.5181e-05
331	0.98848	0.0073467	0.0041459	3.0769e-05
332	0.99106	0.0047649	0.0041591	1.9957e-05
333	0.99557	0.00024754	0.0041803	1.0372e-06
334	0.99486	0.00096074	0.0041797	4.0389e-06
335	0.99492	0.00089511	0.0041822	3.7742e-06
336	0.99579	2.4136e-05	0.0041882	1.2773e-07
337	0.99563	0.00017579	0.0041894	1.1898e-06
338	0.99165	0.0041643	0.004164	1.7925e-05
339	0.98944	0.0063822	0.004146	2.7175e-05
340	0.98846	0.0073803	0.0041333	3.1252e-05
341	0.98884	0.0070019	0.0041263	2.956e-05
342	0.99039	0.00546	0.0041242	2.299e-05
343	0.98708	0.0087809	0.0041018	3.6776e-05
344	0.98523	0.010643	0.0040856	4.442e-05
345	0.98494	0.010938	0.0040758	4.5549e-05
346	0.98189	0.013998	0.0040546	5.8153e-05
347	0.98041	0.015484	0.00404	6.4177e-05
348	0.98039	0.015512	0.0040315	6.4147e-05
349	0.98183	0.014086	0.0040291	5.8109e-05
350	0.98525	0.010667	0.0040347	4.3934e-05
351	0.99058	0.0053517	0.0040482	2.2011e-05
352	0.98529	0.010645	0.0040181	4.362e-05
353	0.9819	0.014048	0.0039959	5.7394e-05
354	0.98049	0.015461	0.0039818	6.3043e-05
355	0.98054	0.015422	0.0039737	6.2749e-05
356	0.98203	0.013945	0.0039715	5.6604e-05
357	0.98506	0.010916	0.0039757	4.4183e-05
358	0.99034	0.0056441	0.0039887	2.2781e-05
359	0.99231	0.0036911	0.0039883	1.4866e-05
360	0.99274	0.0032628	0.0039818	1.3099e-05
361	0.99215	0.0038588	0.0039711	1.5451e-05
362	0.9925	0.0035205	0.0039643	1.4049e-05
363	0.99164	0.0043867	0.0039526	1.7462e-05
364	0.99195	0.0040874	0.0039455	1.6237e-05
365	0.98647	0.0095716	0.0039155	3.7921e-05
366	0.98326	0.012794	0.0038946	5.059e-05
367	0.98196	0.014103	0.0038812	5.5671e-05
368	0.98206	0.014007	0.0038735	5.5166e-05
369	0.98393	0.012147	0.0038726	4.7741e-05
370	0.98783	0.0082624	0.0038796	3.2431e-05
371	0.98891	0.0071894	0.0038757	2.8165e-05
372	0.98822	0.0078847	0.0038647	3.0843e-05
373	0.98868	0.0074358	0.0038583	2.9028e-05
374	0.99055	0.0055693	0.0038574	2.1714e-05
375	0.99377	0.0023576	0.0038618	9.1833e-06
376	0.99512	0.001017	0.0038588	3.9549e-06
377	0.99571	0.00043069	0.003853	1.6684e-06
378	0.99606	9.6154e-05	0.0038462	3.7128e-07
379	0.9961	6.0406e-05	0.0038382	2.3355e-07
380	0.99526	0.0009089	0.0038269	3.5036e-06
381	0.99514	0.0010407	0.0038183	4.0022e-06
382	0.99461	0.0015795	0.0038082	6.0664e-06
383	0.99326	0.0029347	0.0037949	1.1263e-05
384	0.98984	0.0063576	0.0037738	2.434e-05
385	0.98809	0.0081179	0.0037591	3.1036e-05
386	0.98757	0.008648	0.0037491	3.3005e-05
387	0.98824	0.0079895	0.0037437	3.0439e-05
388	0.99014	0.0060906	0.0037431	2.3167e-05
389	0.99342	0.0028196	0.0037477	1.0715e-05
390	0.99472	0.0015292	0.0037448	5.7943e-06
391	0.99018	0.0060815	0.0037199	2.2909e-05
392	0.98727	0.008993	0.0037012	3.377e-05
393	0.98603	0.010247	0.0036888	3.8398e-05
394	0.98605	0.010229	0.0036812	3.8239e-05
395	0.98759	0.0086943	0.0036793	3.244e-05
396	0.99053	0.0057675	0.0036825	2.1465e-05
397	0.99151	0.0047929	0.0036784	1.7803e-05
398	0.99103	0.0052788	0.0036689	1.958e-05
399	0.99157	0.004748	0.0036632	1.7579e-05
400	0.99067	0.0056594	0.0036522	2.0897e-05
401	0.99082	0.005515	0.0036451	2.0303e-05
402	0.99227	0.0040754	0.0036428	1.4964e-05
403	0.99521	0.0011394	0.0036459	4.1789e-06
404	0.99521	0.0011471	0.0036383	4.1955e-06
405	0.99478	0.0015891	0.003629	5.8019e-06
406	0.99363	0.0027396	0.0036172	9.993e-06
407	0.99339	0.0029864	0.0036087	1.0871e-05
408	0.99403	0.002356	0.0036034	8.5545e-06
409	0.99391	0.002486	0.0035954	9.0093e-06
410	0.99275	0.0036569	0.0035836	1.3214e-05
411	0.99255	0.0038645	0.0035754	1.392e-05
412	0.9911	0.0053149	0.0035627	1.9097e-05
413	0.99094	0.0054817	0.0035546	1.9659e-05
414	0.99205	0.0043882	0.003551	1.572e-05
415	0.99428	0.0021644	0.0035514	7.7458e-06
416	0.99513	0.001322	0.003547	4.7221e-06
417	0.9954	0.0010563	0.0035404	3.7714e-06
418	0.9876	0.0088618	0.0035052	3.1533e-05
419	0.98267	0.013801	0.0034802	4.9032e-05
420	0.97962	0.016857	0.0034621	5.9756e-05
421	0.97074	0.025747	0.0034235	9.1004e-05
422	0.96467	0.031824	0.0033949	0.00011217
423	0.96095	0.035549	0.0033749	0.00012495
424	0.95976	0.036744	0.0033637	0.00012884
425	0.96096	0.03556	0.0033608	0.00012442
426	0.96478	0.031738	0.003367	0.00011084
427	0.97102	0.02551	0.0033816	8.8891e-05
428	0.98094	0.015593	0.0034089	5.4253e-05
429	0.99471	0.0018362	0.0034495	6.3704e-06
430	0.99292	0.003633	0.003436	1.2579e-05
431	0.98848	0.008079	0.0034135	2.7886e-05
432	0.98571	0.010859	0.0033968	3.7369e-05
433	0.98437	0.012204	0.0033851	4.1869e-05
434	0.98462	0.011957	0.0033789	4.0902e-05
435	0.9865	0.010084	0.0033782	3.4393e-05
436	0.98107	0.015526	0.0033524	5.2873e-05
437	0.97803	0.018573	0.0033349	6.3142e-05
438	0.97707	0.019544	0.0033245	6.6327e-05
439	0.97766	0.018958	0.0033194	6.4194e-05
440	0.9802	0.01642	0.0033208	5.5484e-05
441	0.98502	0.011606	0.0033299	3.9156e-05
442	0.98267	0.013969	0.0033147	4.7083e-05
443	0.9818	0.014846	0.0033045	4.9951e-05
444	0.98233	0.014321	0.0032992	4.808e-05
445	0.9847	0.011964	0.0033	4.0095e-05
446	0.98874	0.007927	0.0033064	2.6504e-05
447	0.9954	0.0012738	0.0033214	4.2711e-06
448	0.99243	0.0042473	0.0033043	1.421e-05
449	0.99094	0.0057495	0.0032921	1.9215e-05
450	0.99054	0.0061572	0.0032837	2.0547e-05
451	0.98811	0.0085924	0.0032685	2.86e-05
452	0.987	0.009711	0.0032578	3.2245e-05
453	0.98713	0.0095851	0.0032513	3.1752e-05
454	0.98851	0.0082186	0.0032489	2.7159e-05
455	0.99122	0.0055077	0.003251	1.8145e-05
456	0.99596	0.00077883	0.0032597	2.5601e-06
457	0.98568	0.011063	0.0032191	3.6188e-05
458	0.97836	0.018387	0.0031884	5.9974e-05
459	0.97348	0.023279	0.0031658	7.5713e-05
460	0.96139	0.035371	0.0031198	0.00011476
461	0.95369	0.043086	0.0030881	0.00013952
462	0.9495	0.047282	0.0030679	0.00015282
463	0.79737	0.19942	0.0025706	0.00064322
464	0.69096	0.30583	0.0022221	0.00098479
465	0.61072	0.38608	0.0019597	0.0012403
466	0.55588	0.44093	0.0017796	0.0014136
467	0.51491	0.4819	0.0016448	0.0015415
468	0.48761	0.50921	0.0015541	0.0016254
469	0.47017	0.52666	0.001495	0.0016776
470	0.45835	0.53848	0.0014541	0.0017116
471	0.45257	0.54427	0.0014325	0.0017263
472	0.45208	0.54477	0.0014277	0.0017243
473	0.43624	0.56062	0.0013745	0.0017707
474	0.42579	0.57107	0.0013386	0.0017998
475	0.42111	0.57576	0.0013208	0.0018107
476	0.34051	0.65636	0.0010645	0.0020601
477	0.27966	0.71722	0.00087161	0.0022463
478	0.23729	0.7596	0.00073708	0.002374
479	0.20534	0.79155	0.00063585	0.0024684
480	0.18139	0.81551	0.00056007	0.0025375
481	0.16372	0.83319	0.00050416	0.0025867
482	0.15094	0.84598	0.00046366	0.0026205
483	0.14204	0.85488	0.00043537	0.0026421
484	0.13628	0.86064	0.00041689	0.0026539
485	0.13425	0.86269	0.0004098	0.0026543
486	0.1195	0.87745	0.000364	0.0026935
487	0.10987	0.88707	0.00033394	0.0027169
488	0.10433	0.89262	0.00031637	0.0027279
489	0.10123	0.89574	0.0003063	0.0027313
490	0.087986	0.90898	0.00026552	0.0027655
491	0.078253	0.91872	0.00023559	0.0027888
492	0.071336	0.92565	0.00021431	0.0028035
493	0.067354	0.92963	0.0002019	0.0028094
494	0.065925	0.93107	0.00019716	0.0028075
495	0.066848	0.93015	0.00019946	0.0027986
496	0.06009	0.93692	0.00017882	0.0028127
497	0.05621	0.94081	0.0001668	0.0028181
498	0.05398	0.94304	0.00015979	0.0028186
499	0.053773	0.94325	0.00015877	0.002813
500	0.055562	0.94147	0.00016363	0.0028016
501	0.058978	0.93806	0.0001733	0.0027854
502	0.064982	0.93207	0.00019049	0.0027617
503	0.0734	0.92365	0.00021473	0.0027309
504	0.086039	0.91102	0.00025114	0.002688
505	0.103	0.89407	0.00030009	0.0026325
506	0.12562	0.87146	0.00036539	0.0025607
507	0.13233	0.86475	0.00038414	0.0025356
508	0.12943	0.86765	0.00037488	0.0025384
509	0.12977	0.86733	0.00037499	0.0025318
510	0.13253	0.86457	0.00038218	0.0025182
511	0.13792	0.85918	0.000397	0.002497
512	0.14642	0.85069	0.00042079	0.0024669
513	0.16026	0.83686	0.00045979	0.0024215
514	0.17914	0.81799	0.00051324	0.0023617
515	0.20449	0.79264	0.00058519	0.0022834
516	0.24191	0.75523	0.00069133	0.002171
517	0.2384	0.75875	0.00067977	0.0021762
518	0.23916	0.75799	0.00068039	0.0021692
519	0.24451	0.75264	0.00069401	0.0021493
520	0.21149	0.78568	0.00059855	0.0022384
521	0.18885	0.80832	0.00053289	0.0022977
522	0.17215	0.82502	0.00048441	0.0023399
523	0.16012	0.83707	0.0004494	0.0023686
524	0.15183	0.84535	0.00042515	0.0023866
525	0.14673	0.85047	0.00040996	0.0023955
526	0.12909	0.86812	0.00035973	0.0024395
527	0.11761	0.8796	0.00032684	0.0024662
528	0.10957	0.88765	0.00030374	0.002483
529	0.084812	0.91241	0.00023443	0.0025461
530	0.066018	0.93121	0.00018201	0.0025924
531	0.052995	0.94424	0.00014567	0.0026225
532	0.043224	0.95401	0.00011849	0.0026435
533	0.036628	0.96062	0.0001001	0.0026558
534	0.031799	0.96545	8.667e-05	0.002663
535	0.028949	0.96831	7.8677e-05	0.0026649
536	0.027183	0.97008	7.3691e-05	0.0026637
537	0.026365	0.9709	7.1322e-05	0.00266
538	0.026434	0.97084	7.1385e-05	0.0026538
539	0.027394	0.96989	7.3881e-05	0.0026453
540	0.029343	0.96794	7.906e-05	0.002634
541	0.025952	0.97134	6.9816e-05	0.0026372
542	0.024139	0.97316	6.483e-05	0.0026362
543	0.023576	0.97373	6.3203e-05	0.0026318
544	0.018217	0.97909	4.8688e-05	0.0026403
545	0.014141	0.98318	3.769e-05	0.0026452
546	0.011027	0.9863	2.9325e-05	0.0026476
547	0.0086333	0.9887	2.292e-05	0.002648
548	0.0070612	0.99027	1.8705e-05	0.0026462
549	0.0060915	0.99125	1.6092e-05	0.0026429
550	0.0053716	0.99198	1.4156e-05	0.0026388
551	0.0048452	0.99251	1.2744e-05	0.0026343
552	0.004662	0.9927	1.223e-05	0.0026289
553	0.0045988	0.99277	1.2036e-05	0.0026231
554	0.0046596	0.99271	1.2172e-05	0.0026171
555	0.0048492	0.99253	1.2649e-05	0.0026107
556	0.0051826	0.9922	1.3502e-05	0.002604
557	0.0056857	0.9917	1.4801e-05	0.0025968
558	0.0063981	0.991	1.6648e-05	0.0025891
559	0.0073639	0.99004	1.9155e-05	0.0025808
560	0.0089505	0.98846	2.3257e-05	0.0025709
561	0.011316	0.9861	2.9353e-05	0.002559
562	0.014762	0.98266	3.8204e-05	0.0025443
563	0.019236	0.97819	4.9693e-05	0.002527
564	0.025816	0.97161	6.6539e-05	0.0025043
565	0.02045	0.97699	5.2615e-05	0.0025125
566	0.01683	0.98061	4.321e-05	0.0025161
567	0.014156	0.98329	3.629e-05	0.0025172
568	0.012511	0.98494	3.2015e-05	0.0025157
569	0.011741	0.98572	2.9979e-05	0.002512
570	0.01174	0.98572	2.9897e-05	0.0025062
571	0.012506	0.98496	3.1752e-05	0.0024986
572	0.0096736	0.9878	2.4501e-05	0.0025001
573	0.007738	0.98974	1.9538e-05	0.0024992
574	0.0062353	0.99125	1.5703e-05	0.0024973
575	0.0052375	0.99226	1.3147e-05	0.0024941
576	0.0044407	0.99306	1.1116e-05	0.0024904
577	0.0039787	0.99353	9.9242e-06	0.0024858
578	0.003614	0.9939	8.9866e-06	0.002481
579	0.0033179	0.9942	8.2293e-06	0.002476
580	0.0032253	0.9943	7.9722e-06	0.0024706
581	0.003166	0.99436	7.8025e-06	0.002465
582	0.0031279	0.9944	7.6894e-06	0.0024595
583	0.0031156	0.99442	7.6433e-06	0.0024538
584	0.0032837	0.99426	8.0316e-06	0.0024478
585	0.003484	0.99407	8.5e-06	0.0024417
586	0.0037317	0.99382	9.0851e-06	0.0024354
587	0.0040456	0.99352	9.8326e-06	0.0024291
588	0.0046451	0.99292	1.1261e-05	0.002422
589	0.0054019	0.99217	1.307e-05	0.0024146
590	0.0063645	0.99121	1.5374e-05	0.0024067
591	0.0076058	0.98998	1.8349e-05	0.0023982
592	0.00922	0.98837	2.2222e-05	0.0023888
593	0.011633	0.98596	2.799e-05	0.0023775
594	0.015234	0.98237	3.6571e-05	0.0023633
595	0.01991	0.9777	4.7709e-05	0.0023467
596	0.026015	0.9716	6.2246e-05	0.0023266
597	0.034054	0.96356	8.138e-05	0.002302
598	0.045611	0.95201	0.0001088	0.002269
599	0.048992	0.94864	0.00011659	0.0022557
600	0.046679	0.95095	0.00011082	0.002256
601	0.046342	0.9513	0.00010972	0.0022516
602	0.039613	0.95803	9.3494e-05	0.0022623
603	0.034714	0.96294	8.1693e-05	0.0022686
604	0.031872	0.96578	7.4767e-05	0.00227
605	0.03069	0.96697	7.1751e-05	0.0022675
606	0.030529	0.96714	7.1153e-05	0.0022626
607	0.031775	0.9659	7.3817e-05	0.0022544
608	0.034113	0.96356	7.9015e-05	0.0022437
609	0.037748	0.95993	8.7209e-05	0.00223
610	0.042966	0.95472	9.9041e-05	0.0022128
611	0.04246	0.95523	9.7602e-05	0.0022087
612	0.043187	0.95451	9.9023e-05	0.0022019
613	0.045726	0.95198	0.00010457	0.0021909
614	0.04978	0.94793	0.00011357	0.0021765
615	0.055658	0.94206	0.00012672	0.0021579
616	0.043552	0.95417	9.8884e-05	0.0021804
617	0.034422	0.9633	7.7967e-05	0.0021959
618	0.028321	0.96941	6.397e-05	0.0022045
619	0.023808	0.97393	5.365e-05	0.0022095
620	0.020938	0.9768	4.7057e-05	0.0022107
621	0.019345	0.9784	4.3351e-05	0.0022091
622	0.018495	0.97926	4.1342e-05	0.0022057
623	0.018341	0.97942	4.0912e-05	0.0022008
624	0.019181	0.97858	4.2689e-05	0.0021937
625	0.021123	0.97665	4.6894e-05	0.0021841
626	0.023981	0.97379	5.3125e-05	0.0021726
627	0.02797	0.96981	6.1854e-05	0.0021586
628	0.034148	0.96364	7.5356e-05	0.0021397
629	0.042406	0.95538	9.3416e-05	0.0021164
630	0.054393	0.9434	0.00011956	0.0020849
631	0.071637	0.92616	0.00015707	0.0020421
632	0.07672	0.92109	0.0001678	0.0020261
633	0.084225	0.91359	0.00018382	0.0020048
634	0.083277	0.91454	0.00018133	0.002002
635	0.08487	0.91295	0.00018437	0.0019938
636	0.089207	0.90862	0.00019331	0.0019795
637	0.097033	0.9008	0.00020973	0.0019579
638	0.10801	0.88983	0.0002329	0.0019294
639	0.12303	0.87481	0.00026476	0.0018923
640	0.14549	0.85236	0.00031237	0.0018395
641	0.17528	0.82257	0.00037557	0.0017711
642	0.21484	0.78302	0.00045954	0.0016819
643	0.22797	0.76989	0.00048659	0.0016497
644	0.24817	0.7497	0.00052855	0.0016025
645	0.27856	0.71931	0.00059192	0.001534
646	0.32339	0.67448	0.00068547	0.0014352
647	0.3827	0.61519	0.00080936	0.0013061
648	0.46911	0.52878	0.00098964	0.0011206
649	0.47525	0.52264	0.0010001	0.001105
650	0.48752	0.51038	0.0010234	0.0010765
651	0.50555	0.49236	0.0010587	0.0010361
652	0.53082	0.46709	0.001109	0.00098058
653	0.56829	0.42963	0.0011845	0.00089994
654	0.61835	0.37957	0.001286	0.0007933
655	0.6368	0.36112	0.0013214	0.00075288
656	0.66497	0.33296	0.0013766	0.00069253
657	0.70305	0.29489	0.0014522	0.00061183
658	0.75928	0.23866	0.0015648	0.0004941
659	0.83415	0.1638	0.0017156	0.00033829
660	0.93307	0.064879	0.0019155	0.00013337
661	0.93375	0.06421	0.0019121	0.00013163
662	0.93749	0.060474	0.0019151	0.00012364
663	0.94477	0.053193	0.0019251	0.00010848
664	0.95549	0.04248	0.0019422	8.6374e-05
665	0.97208	0.025899	0.001971	5.2505e-05
666	0.97909	0.018894	0.0019802	3.8211e-05
667	0.98907	0.0089159	0.0019953	1.7957e-05
668	0.98932	0.0086732	0.0019908	1.7419e-05
669	0.98736	0.010639	0.0019819	2.1298e-05
670	0.98698	0.011023	0.0019761	2.2005e-05
671	0.98813	0.0098763	0.0019733	1.9661e-05
672	0.99103	0.0069859	0.001974	1.3869e-05
673	0.99179	0.0062243	0.0019704	1.2333e-05
674	0.99108	0.0069467	0.0019639	1.3746e-05
675	0.99147	0.0065545	0.0019596	1.2942e-05
676	0.99328	0.0047573	0.001958	9.3815e-06
677	0.99345	0.0045909	0.0019533	9.0355e-06
678	0.99213	0.0059155	0.0019456	1.1611e-05
679	0.99212	0.0059301	0.0019406	1.1615e-05
680	0.99318	0.0048766	0.0019376	9.5283e-06
681	0.99567	0.0023867	0.0019374	4.6634e-06
682	0.99484	0.0032242	0.0019307	6.2847e-06
683	0.99492	0.0031504	0.0019259	6.1259e-06
684	0.99591	0.0021596	0.0019228	4.1895e-06
685	0.99387	0.0042086	0.0019139	8.1243e-06
686	0.98916	0.0089215	0.0018999	1.7171e-05
687	0.98657	0.011515	0.00189	2.2114e-05
688	0.98541	0.012679	0.0018829	2.4288e-05
689	0.98115	0.016946	0.0018698	3.2387e-05
690	0.97872	0.019385	0.0018603	3.6947e-05
691	0.97792	0.020186	0.0018539	3.8362e-05
692	0.97909	0.019019	0.0018513	3.6056e-05
693	0.98191	0.016203	0.0018518	3.0632e-05
694	0.98709	0.011037	0.0018567	2.0826e-05
695	0.9946	0.0035285	0.001866	6.6478e-06
696	0.99808	5.5118e-05	0.0018677	1.0377e-07
697	0.9981	4.1328e-05	0.0018629	7.7555e-08
698	0.99743	0.00071391	0.0018568	1.3337e-06
699	0.99619	0.0019585	0.0018497	3.6553e-06
700	0.99326	0.0048895	0.0018394	9.0978e-06
701	0.98667	0.011483	0.0018224	2.1325e-05
702	0.98276	0.015397	0.0018103	2.8543e-05
703	0.98057	0.017592	0.0018015	3.2539e-05
704	0.97994	0.018236	0.0017957	3.3649e-05
705	0.9808	0.017375	0.0017926	3.1987e-05
706	0.98325	0.014927	0.0017924	2.7418e-05
707	0.98746	0.010722	0.0017955	1.9654e-05
708	0.99375	0.0044418	0.0018023	8.1293e-06
709	0.955	0.043192	0.0017273	7.8459e-05
710	0.92831	0.069889	0.0016744	0.00012666
711	0.90871	0.089495	0.0016347	0.00016174
712	0.89589	0.10232	0.0016073	0.00018446
713	0.88728	0.11094	0.0015876	0.00019946
714	0.883	0.11521	0.0015758	0.00020664
715	0.88268	0.11554	0.0015709	0.00020675
716	0.8853	0.11293	0.0015714	0.00020161
717	0.8795	0.11873	0.001557	0.0002114
718	0.87689	0.12135	0.0015483	0.00021547
719	0.87805	0.12019	0.0015463	0.00021288
720	0.88331	0.11494	0.0015514	0.00020312
721	0.89217	0.10608	0.0015628	0.00018705
722	0.90532	0.092935	0.0015818	0.00016351
723	0.9238	0.074463	0.00161	0.00013072
724	0.93092	0.067341	0.0016182	0.00011795
725	0.94158	0.056692	0.0016325	9.9084e-05
726	0.95657	0.041706	0.0016543	7.2737e-05
727	0.96184	0.03644	0.0016592	6.3376e-05
728	0.97067	0.027612	0.0016701	4.7922e-05
729	0.98309	0.015201	0.0016872	2.6329e-05
730	0.98292	0.015374	0.0016825	2.6533e-05
731	0.97984	0.018454	0.0016728	3.172e-05
732	0.97845	0.019846	0.0016661	3.3991e-05
733	0.97864	0.01966	0.0016621	3.3554e-05
734	0.98084	0.017466	0.0016615	2.9718e-05
735	0.98484	0.013478	0.0016639	2.2845e-05
736	0.98586	0.012457	0.0016613	2.1042e-05
737	0.98872	0.0095986	0.0016617	1.6162e-05
738	0.99382	0.0045026	0.0016658	7.5618e-06
739	0.98969	0.0086372	0.0016545	1.4443e-05
740	0.98747	0.010865	0.0016464	1.8117e-05
741	0.98692	0.011416	0.001641	1.8991e-05
742	0.98383	0.01451	0.0016314	2.4091e-05
743	0.98234	0.016011	0.0016245	2.6514e-05
744	0.97672	0.021636	0.0016109	3.5717e-05
745	0.96345	0.034913	0.0015846	5.7484e-05
746	0.95504	0.043327	0.0015665	7.117e-05
747	0.94957	0.0488	0.0015532	7.994e-05
748	0.94726	0.051112	0.0015452	8.3516e-05
749	0.94718	0.051192	0.0015409	8.3419e-05
750	0.94998	0.048405	0.0015411	7.8681e-05
751	0.95521	0.043174	0.0015454	6.9995e-05
752	0.96411	0.034276	0.0015555	5.5456e-05
753	0.97668	0.021709	0.0015715	3.5059e-05
754	0.99396	0.0044411	0.0015949	7.177e-06
755	0.99312	0.0052805	0.0015892	8.5037e-06
756	0.99331	0.0050949	0.0015852	8.179e-06
757	0.99196	0.0064494	0.0015788	1.0309e-05
758	0.99173	0.0066901	0.0015741	1.0652e-05
759	0.99283	0.0055891	0.0015716	8.8711e-06
760	0.99543	0.0029927	0.0015714	4.7424e-06
761	0.99637	0.0020564	0.0015685	3.2505e-06
762	0.99829	0.00014433	0.0015673	2.2714e-07
763	0.99741	0.0010258	0.0015616	1.6066e-06
764	0.99734	0.0010962	0.0015572	1.7141e-06
765	0.99799	0.00045234	0.0015539	7.0588e-07
766	0.99753	0.0009222	0.0015489	1.4371e-06
767	0.99341	0.0050481	0.0015382	7.8366e-06
768	0.99081	0.0076472	0.0015299	1.1831e-05
769	0.98981	0.0086523	0.0015241	1.3353e-05
770	0.99	0.0084709	0.0015202	1.3036e-05
771	0.99162	0.0068467	0.0015185	1.0515e-05
772	0.99155	0.0069281	0.0015141	1.0622e-05
773	0.99258	0.0058956	0.0015114	9.0232e-06
774	0.99483	0.0036575	0.0015106	5.5941e-06
775	0.99332	0.0051721	0.0015041	7.8931e-06
776	0.99288	0.0056164	0.0014992	8.5526e-06
777	0.99347	0.005024	0.0014959	7.6384e-06
778	0.99253	0.0059661	0.0014903	9.0424e-06
779	0.98945	0.0090517	0.0014815	1.3678e-05
780	0.9878	0.010708	0.0014749	1.6135e-05
781	0.98299	0.01552	0.0014635	2.3322e-05
782	0.98006	0.018458	0.001455	2.7658e-05
783	0.97918	0.019337	0.0014496	2.8917e-05
784	0.96067	0.037859	0.0014179	5.6408e-05
785	0.94854	0.049985	0.0013959	7.4285e-05
786	0.94016	0.058371	0.0013795	8.6504e-05
787	0.93486	0.063675	0.0013678	9.4091e-05
788	0.93282	0.065727	0.0013609	9.688e-05
789	0.93317	0.065381	0.0013575	9.6131e-05
790	0.90847	0.09008	0.0013175	0.00013204
791	0.89038	0.10817	0.0012873	0.00015805
792	0.87753	0.12103	0.001265	0.00017628
793	0.86894	0.12963	0.001249	0.00018822
794	0.86395	0.13462	0.0012383	0.00019487
795	0.86224	0.13633	0.0012324	0.00019676
796	0.85114	0.14743	0.0012131	0.00021208
797	0.82013	0.17845	0.0011654	0.00025568
798	0.74275	0.25583	0.0010524	0.00036475
799	0.55126	0.44733	0.00077895	0.0006342
800	0.41707	0.58152	0.0005875	0.00082167
801	0.32465	0.67394	0.00045569	0.00094948
802	0.25447	0.74413	0.00035599	0.0010452
803	0.20543	0.79317	0.00028634	0.0011109
804	0.16828	0.83032	0.00023375	0.0011595
805	0.1402	0.85842	0.00019411	0.0011951
806	0.12086	0.87775	0.00016677	0.0012185
807	0.10809	0.89053	0.00014861	0.0012327
808	0.10008	0.89854	0.0001371	0.0012402
809	0.095735	0.90289	0.00013066	0.0012427
810	0.093574	0.90506	0.00012726	0.0012421
811	0.081915	0.91672	0.00011094	0.0012544
812	0.074325	0.92431	0.00010024	0.0012612
813	0.069147	0.9295	9.2885e-05	0.0012646
814	0.065976	0.93267	8.83e-05	0.0012652
815	0.06453	0.93412	8.6075e-05	0.0012635
816	0.0647	0.93395	8.6039e-05	0.0012596
817	0.066531	0.93213	8.8232e-05	0.0012535
818	0.070813	0.92785	9.3655e-05	0.0012441
819	0.0773	0.92137	0.00010199	0.0012319
820	0.087682	0.91099	0.00011539	0.0012146
821	0.10173	0.89694	0.00013358	0.0011925
822	0.12061	0.87807	0.00015806	0.0011641
823	0.14579	0.85289	0.00019072	0.0011276
824	0.18204	0.81665	0.00023764	0.0010768
825	0.23005	0.76864	0.00029974	0.0010108
826	0.24958	0.74912	0.00032427	0.0009824
827	0.27851	0.72019	0.00036081	0.00094197
828	0.31728	0.68142	0.00040994	0.00088897
829	0.3687	0.63	0.00047521	0.00081984
830	0.43697	0.56174	0.00056195	0.00072925
831	0.52743	0.47128	0.00067695	0.00061042
832	0.51562	0.4831	0.0006598	0.00062375
833	0.51016	0.48856	0.00065084	0.00062889
834	0.50893	0.48979	0.00064736	0.00062857
835	0.51298	0.48575	0.00065057	0.00062153
836	0.52142	0.47731	0.00065939	0.00060892
837	0.53655	0.46218	0.00067657	0.00058791
838	0.56031	0.43843	0.00070448	0.00055618
839	0.59636	0.40238	0.00074758	0.00050925
840	0.64459	0.35415	0.00080578	0.00044723
841	0.70867	0.29008	0.00088355	0.00036565
842	0.73353	0.26522	0.00091195	0.00033347
843	0.74079	0.25796	0.00091826	0.00032339
844	0.75441	0.24435	0.00093238	0.00030549
845	0.7763	0.22247	0.00095658	0.00027751
846	0.80621	0.19256	0.00099059	0.00023972
847	0.80174	0.19703	0.00098206	0.0002445
848	0.80179	0.19699	0.00097907	0.00024372
849	0.80541	0.19337	0.0009805	0.00023854
850	0.81289	0.1859	0.00098665	0.00022866
851	0.82481	0.17398	0.00099821	0.00021339
852	0.8421	0.15669	0.0010163	0.00019163
853	0.86867	0.13012	0.0010454	0.00015879
854	0.90445	0.094351	0.0010856	0.00011493
855	0.91834	0.080468	0.0010991	9.7765e-05
856	0.91205	0.086759	0.0010882	0.00010497
857	0.90961	0.089202	0.001082	0.00010754
858	0.90989	0.088923	0.001079	0.00010683
859	0.91376	0.085061	0.0010803	0.00010188
860	0.92072	0.078101	0.0010853	9.326e-05
861	0.93133	0.067496	0.0010946	8.035e-05
862	0.94803	0.050803	0.001111	6.0339e-05
863	0.97075	0.028082	0.0011344	3.3304e-05
864	0.97218	0.026654	0.0011326	3.1514e-05
865	0.9755	0.023336	0.0011329	2.7513e-05
866	0.98095	0.017896	0.0011358	2.1052e-05
867	0.98892	0.0099239	0.0011416	1.1663e-05
868	0.9882	0.010647	0.0011372	1.2462e-05
869	0.98899	0.0098647	0.0011346	1.1521e-05
870	0.99144	0.0074153	0.0011338	8.6748e-06
871	0.98809	0.010775	0.0011263	1.2547e-05
872	0.97937	0.019499	0.0011127	2.258e-05
873	0.97339	0.02548	0.0011024	2.9391e-05
874	0.95686	0.042008	0.00108	4.8214e-05
875	0.94598	0.052894	0.0010641	6.0511e-05
876	0.93856	0.060316	0.0010523	6.878e-05
877	0.93405	0.064836	0.0010439	7.3706e-05
878	0.93209	0.066799	0.0010384	7.5712e-05
879	0.92295	0.075941	0.0010248	8.5786e-05
880	0.8998	0.099095	0.0009955	0.00011155
881	0.88294	0.11596	0.00097346	0.00013009
882	0.8711	0.1278	0.00095716	0.0001429
883	0.83914	0.15976	0.00091869	0.00017789
884	0.81558	0.18333	0.00088977	0.00020335
885	0.79871	0.2002	0.00086843	0.00022126
886	0.78714	0.21178	0.00085303	0.00023323
887	0.77999	0.21893	0.00084257	0.00024028
888	0.77671	0.22221	0.0008364	0.00024306
889	0.77713	0.2218	0.00083426	0.00024182
890	0.7812	0.21773	0.00083611	0.00023662
891	0.78924	0.20969	0.00084223	0.00022715
892	0.8033	0.19563	0.00085474	0.00021128
893	0.82325	0.17569	0.00087351	0.00018917
894	0.82862	0.17032	0.00087658	0.00018277
895	0.82489	0.17405	0.00086993	0.00018609
896	0.82462	0.17433	0.00086697	0.00018572
897	0.82867	0.17028	0.00086856	0.0001808
898	0.83756	0.16139	0.00087519	0.00017083
899	0.851	0.14796	0.00088657	0.00015612
900	0.87009	0.12887	0.00090384	0.00013553
901	0.89633	0.10263	0.00092854	0.00010754
902	0.93467	0.064295	0.00096563	6.7133e-05
903	0.99092	0.0080513	0.001021	8.4152e-06
904	0.98923	0.0097454	0.001016	1.0129e-05
905	0.98881	0.010166	0.0010123	1.0519e-05
906	0.98988	0.0090984	0.0010102	9.3858e-06
907	0.98881	0.010169	0.0010058	1.0444e-05
908	0.98924	0.0097511	0.001003	9.9839e-06
909	0.99093	0.0080596	0.0010014	8.2308e-06
910	0.99056	0.0084379	0.00099783	8.583e-06
911	0.99135	0.0076443	0.00099542	7.7482e-06
912	0.99338	0.0056187	0.00099426	5.6759e-06
913	0.99048	0.0085282	0.00098816	8.5573e-06
914	0.98897	0.010038	0.0009835	1.0021e-05
915	0.98897	0.010038	0.00098033	9.9829e-06
916	0.99048	0.0085304	0.00097863	8.4556e-06
917	0.99339	0.0056225	0.00097833	5.5513e-06
918	0.9984	0.00061582	0.00098005	6.0718e-07
919	0.99817	0.00085043	0.00097662	8.3439e-07
920	0.99861	0.00041149	0.00097387	4.0154e-07
921	0.99892	0.00010912	0.00097096	1.0581e-07
922	0.99586	0.0031686	0.00096479	3.0637e-06
923	0.99425	0.0047847	0.00096001	4.6128e-06
924	0.99391	0.0051279	0.00095645	4.93e-06
925	0.99182	0.007225	0.00095119	6.9311e-06
926	0.99095	0.0080966	0.00094714	7.7422e-06
927	0.9915	0.00755	0.00094442	7.1998e-06
928	0.99036	0.008692	0.00094008	8.2693e-06
929	0.99042	0.0086391	0.0009369	8.1956e-06
930	0.99167	0.0073874	0.00093488	6.9869e-06
931	0.99118	0.0078809	0.00093118	7.4323e-06
932	0.99184	0.0072284	0.00092858	6.7965e-06
933	0.9937	0.0053674	0.00092713	5.0317e-06
934	0.99384	0.0052312	0.00092408	4.8842e-06
935	0.99502	0.0040522	0.00092201	3.7666e-06
936	0.99762	0.0014565	0.00092123	1.349e-06
937	0.99537	0.0037152	0.00091594	3.4259e-06
938	0.99422	0.0048649	0.0009117	4.4673e-06
939	0.99113	0.007953	0.00090568	7.2778e-06
940	0.98975	0.0093358	0.00090121	8.5181e-06
941	0.98961	0.0094844	0.0008979	8.6243e-06
942	0.9907	0.0083968	0.00089572	7.6069e-06
943	0.98974	0.0093636	0.00089171	8.4455e-06
944	0.99026	0.0088383	0.00088902	7.9414e-06
945	0.99236	0.0067474	0.00088771	6.0433e-06
946	0.9925	0.0066071	0.00088464	5.901e-06
947	0.99376	0.0053533	0.00088257	4.7667e-06
948	0.99623	0.0028908	0.00088158	2.5661e-06
949	0.99711	0.0020118	0.00087916	1.7825e-06
950	0.99723	0.0018896	0.00087609	1.6696e-06
951	0.99818	0.00094615	0.00087375	8.3557e-07
952	0.99732	0.0018098	0.00086985	1.5903e-06
953	0.99517	0.0039664	0.00086483	3.4674e-06
954	0.99411	0.00502	0.0008608	4.3705e-06
955	0.99409	0.0050506	0.00085769	4.38e-06
956	0.99508	0.0040604	0.00085547	3.5074e-06
957	0.9917	0.0074433	0.00084947	6.3988e-06
958	0.96447	0.034681	0.00082305	2.9704e-05
959	0.94424	0.054905	0.00080282	4.6828e-05
