#coord	neutral	conserved	gBGC.neutral	gBGC.conserved
1	0.76185	0.23393	0.0032285	0.00099216
2	0.76772	0.22806	0.0032508	0.00096646
3	0.77793	0.21786	0.0032916	0.0009224
4	0.7948	0.20099	0.0033604	0.00085026
5	0.82048	0.17532	0.0034662	0.00074107
6	0.8589	0.1369	0.0036255	0.0005784
7	0.91011	0.085691	0.0038386	0.00036187
8	0.93258	0.063221	0.0039302	0.00026692
9	0.96299	0.032813	0.0040552	0.00013858
10	0.97481	0.020995	0.0041018	8.8666e-05
11	0.9792	0.016609	0.0041171	7.0098e-05
12	0.98586	0.009952	0.0041419	4.1974e-05
13	0.98855	0.0072709	0.00415	3.0654e-05
14	0.99283	0.0029936	0.0041647	1.2625e-05
15	0.99459	0.0012334	0.0041689	5.2036e-06
16	0.99407	0.0017544	0.0041635	7.3825e-06
17	0.99433	0.0015015	0.0041614	6.3105e-06
18	0.99397	0.0018697	0.0041567	7.8416e-06
19	0.99438	0.0014551	0.0041553	6.0912e-06
20	0.99577	7.3771e-05	0.004158	3.0825e-07
21	0.99582	2.7663e-05	0.004155	1.1549e-07
22	0.99554	0.0003051	0.0041506	1.2747e-06
23	0.99514	0.00070719	0.0041458	2.9517e-06
24	0.9954	0.00045525	0.0041437	1.8993e-06
25	0.99551	0.00035234	0.004141	1.468e-06
26	0.99553	0.00033185	0.004138	1.3792e-06
27	0.99454	0.0013229	0.0041308	5.4933e-06
28	0.99443	0.0014323	0.0041273	5.9462e-06
29	0.99508	0.00078834	0.0041268	3.2691e-06
30	0.99537	0.00050331	0.0041249	2.0867e-06
31	0.99446	0.0014147	0.004118	5.8677e-06
32	0.99235	0.0035278	0.0041061	1.4616e-05
33	0.99121	0.0046689	0.0040983	1.9321e-05
34	0.99099	0.0048974	0.0040944	2.0238e-05
35	0.9918	0.0040923	0.0040946	1.6894e-05
36	0.99124	0.0046542	0.0040892	1.92e-05
37	0.99169	0.0042027	0.004088	1.7333e-05
38	0.99305	0.0028493	0.0040905	1.1744e-05
39	0.9932	0.0026963	0.004088	1.1112e-05
40	0.99416	0.0017419	0.0040889	7.1768e-06
41	0.99428	0.0016276	0.0040863	6.6986e-06
42	0.99367	0.0022376	0.0040807	9.2041e-06
43	0.99382	0.0020938	0.0040783	8.6056e-06
44	0.99317	0.002744	0.0040726	1.1273e-05
45	0.99339	0.0025275	0.0040704	1.0376e-05
46	0.99449	0.0014272	0.0040719	5.8539e-06
47	0.99491	0.0010119	0.0040706	4.1501e-06
48	0.99497	0.00096111	0.0040678	3.9383e-06
49	0.99573	0.00019763	0.004068	8.0939e-07
50	0.99575	0.00018654	0.0040651	7.6171e-07
51	0.99586	7.5271e-05	0.0040625	3.0731e-07
52	0.99579	0.00015197	0.0040593	6.1911e-07
53	0.99498	0.00096059	0.0040531	3.9041e-06
54	0.99344	0.0025048	0.0040439	1.0176e-05
55	0.99299	0.0029559	0.0040391	1.2001e-05
56	0.99358	0.0023769	0.0040385	9.6449e-06
57	0.99325	0.0027034	0.0040342	1.0959e-05
58	0.99192	0.0040387	0.0040258	1.6365e-05
59	0.97975	0.016215	0.0039735	6.573e-05
60	0.97191	0.024052	0.0039387	9.7467e-05
61	0.96669	0.029278	0.0039147	0.00011855
62	0.96367	0.032302	0.0038996	0.00013067
63	0.96302	0.032956	0.0038941	0.0001332
64	0.95792	0.03806	0.0038706	0.00015373
65	0.95571	0.040268	0.0038587	0.00016256
66	0.95553	0.040454	0.0038551	0.0001632
67	0.95044	0.04554	0.0038317	0.00018361
68	0.94775	0.048243	0.0038179	0.00019436
69	0.94784	0.048148	0.0038155	0.00019386
70	0.94275	0.053243	0.0037921	0.0002142
71	0.94083	0.055166	0.0037816	0.00022178
72	0.94181	0.054186	0.0037826	0.00021772
73	0.94514	0.050867	0.0037931	0.00020425
74	0.95174	0.04427	0.0038167	0.00017768
75	0.9615	0.034504	0.003853	0.00013842
76	0.96445	0.031565	0.0038619	0.00012653
77	0.97018	0.025837	0.0038819	0.00010351
78	0.97863	0.017384	0.0039129	6.9592e-05
79	0.98195	0.01407	0.0039232	5.6298e-05
80	0.98215	0.01387	0.0039211	5.545e-05
81	0.98377	0.012254	0.0039247	4.8936e-05
82	0.97687	0.019159	0.0038944	7.6355e-05
83	0.97279	0.023242	0.0038753	9.2534e-05
84	0.97063	0.025404	0.003864	0.00010102
85	0.97058	0.025455	0.003861	0.00010113
86	0.96673	0.029314	0.0038428	0.00011636
87	0.96537	0.030676	0.0038346	0.00012169
88	0.96584	0.030208	0.0038336	0.00011972
89	0.9686	0.027447	0.0038417	0.00010869
90	0.97413	0.021925	0.0038607	8.6756e-05
91	0.98319	0.012868	0.0038936	5.091e-05
92	0.98657	0.0094886	0.003904	3.7516e-05
93	0.98751	0.0085559	0.0039048	3.3819e-05
94	0.98638	0.0096828	0.0038974	3.8252e-05
95	0.9865	0.0095665	0.003895	3.7758e-05
96	0.98817	0.0079045	0.0038986	3.1177e-05
97	0.98781	0.0082651	0.0038943	3.2567e-05
98	0.98888	0.0071935	0.0038957	2.8323e-05
99	0.99154	0.0045401	0.0039032	1.7872e-05
100	0.98972	0.0063604	0.0038931	2.502e-05
101	0.98926	0.0068255	0.0038883	2.6837e-05
102	0.99009	0.0059946	0.0038887	2.357e-05
103	0.98926	0.0068347	0.0038824	2.686e-05
104	0.98976	0.0063373	0.0038814	2.4905e-05
105	0.99139	0.0047066	0.0038849	1.8501e-05
106	0.99147	0.0046248	0.0038824	1.8172e-05
107	0.99003	0.006075	0.0038738	2.3841e-05
108	0.98969	0.006411	0.0038697	2.5132e-05
109	0.99068	0.0054317	0.0038706	2.1286e-05
110	0.99282	0.0032925	0.0038762	1.2902e-05
111	0.99344	0.0026709	0.0038758	1.0459e-05
112	0.99313	0.0029822	0.0038718	1.167e-05
113	0.9937	0.0024187	0.0038711	9.4623e-06
114	0.99519	0.00092891	0.0038742	3.6405e-06
115	0.96571	0.030418	0.0037563	0.00011872
116	0.94551	0.050615	0.0036748	0.00019748
117	0.93204	0.064093	0.0036195	0.00024997
118	0.92263	0.073508	0.0035802	0.00028651
119	0.91734	0.078794	0.0035569	0.00030696
120	0.91551	0.080624	0.0035471	0.00031397
121	0.91629	0.079849	0.0035475	0.00031083
122	0.91974	0.076407	0.0035582	0.00029733
123	0.92612	0.070029	0.0035803	0.00027244
124	0.92553	0.070623	0.0035755	0.00027456
125	0.92742	0.068733	0.0035803	0.00026704
126	0.93195	0.064209	0.0035954	0.0002493
127	0.93009	0.066071	0.0035858	0.00025627
128	0.93121	0.064946	0.0035877	0.00025172
129	0.93561	0.06055	0.0036021	0.00023457
130	0.93438	0.061782	0.0035948	0.00023919
131	0.93548	0.060687	0.0035965	0.0002348
132	0.93902	0.057147	0.0036077	0.00022098
133	0.9366	0.059575	0.0035959	0.00023014
134	0.93718	0.058996	0.0035956	0.00022774
135	0.94011	0.05607	0.0036045	0.0002163
136	0.94564	0.050538	0.0036233	0.00019483
137	0.95505	0.041132	0.003657	0.00015852
138	0.96833	0.027856	0.0037056	0.00010735
139	0.96699	0.029204	0.0036979	0.00011244
140	0.96742	0.028775	0.003697	0.0001107
141	0.96966	0.026538	0.0037031	0.00010202
142	0.97388	0.022321	0.0037169	8.574e-05
143	0.97409	0.022111	0.0037153	8.4823e-05
144	0.97596	0.020244	0.00372	7.7553e-05
145	0.98006	0.016149	0.0037333	6.1793e-05
146	0.98095	0.01526	0.0037342	5.8327e-05
147	0.98337	0.012845	0.003741	4.9027e-05
148	0.9879	0.0083082	0.0037558	3.1668e-05
149	0.98936	0.006858	0.0037588	2.6111e-05
150	0.98917	0.0070443	0.0037556	2.6795e-05
151	0.99036	0.0058638	0.0037575	2.2297e-05
152	0.99277	0.0034541	0.0037641	1.3129e-05
153	0.99368	0.0025422	0.003765	9.6664e-06
154	0.99119	0.0050378	0.0037529	1.913e-05
155	0.9901	0.0061294	0.0037462	2.3268e-05
156	0.98657	0.0096623	0.0037303	3.6646e-05
157	0.98456	0.011677	0.0037202	4.4244e-05
158	0.98418	0.012062	0.0037162	4.5685e-05
159	0.98059	0.015654	0.0037001	5.9233e-05
160	0.97907	0.01717	0.0036919	6.4937e-05
161	0.97907	0.017178	0.0036893	6.4928e-05
162	0.97567	0.020573	0.0036741	7.7682e-05
163	0.96598	0.03027	0.0036352	0.00011412
164	0.96011	0.036141	0.0036107	0.00013614
165	0.95725	0.039006	0.0035974	0.00014685
166	0.94816	0.048101	0.0035608	0.00018101
167	0.94214	0.054119	0.0035357	0.00020353
168	0.93935	0.056918	0.0035228	0.00021394
169	0.93886	0.057405	0.0035186	0.00021565
170	0.94134	0.054924	0.0035255	0.00020625
171	0.92551	0.070757	0.0034636	0.00026561
172	0.91428	0.081998	0.0034191	0.00030761
173	0.90783	0.088449	0.0033925	0.00033164
174	0.90527	0.091011	0.0033805	0.00034111
175	0.90541	0.09087	0.0033786	0.00034043
176	0.89828	0.098004	0.0033495	0.00036699
177	0.89433	0.10195	0.0033324	0.00038157
178	0.89327	0.10302	0.0033261	0.00038534
179	0.89501	0.10128	0.0033304	0.00037861
180	0.89973	0.096562	0.0033458	0.00036075
181	0.90893	0.087365	0.0033778	0.00032627
182	0.92389	0.072404	0.0034311	0.00027045
183	0.94449	0.051813	0.0035054	0.00019371
184	0.95279	0.043516	0.0035338	0.0001628
185	0.9544	0.041903	0.0035374	0.00015674
186	0.95085	0.045461	0.0035218	0.00016992
187	0.93999	0.056324	0.0034789	0.00021033
188	0.93265	0.063659	0.0034493	0.00023752
189	0.92892	0.0674	0.003433	0.00025135
190	0.92772	0.068596	0.0034262	0.00025569
191	0.92956	0.066761	0.0034307	0.00024882
192	0.934	0.062324	0.0034447	0.0002323
193	0.88644	0.10989	0.0032659	0.00040875
194	0.85366	0.14267	0.003142	0.00053025
195	0.83149	0.16484	0.0030575	0.00061231
196	0.77964	0.21669	0.0028627	0.00080459
197	0.74096	0.25537	0.0027173	0.00094758
198	0.71243	0.28391	0.0026098	0.0010527
199	0.6918	0.30454	0.0025318	0.0011283
200	0.67894	0.3174	0.0024824	0.0011753
201	0.67094	0.3254	0.0024511	0.0012042
202	0.64339	0.35295	0.0023479	0.001305
203	0.62348	0.37287	0.002273	0.0013776
204	0.60978	0.38658	0.0022211	0.0014271
205	0.60113	0.39522	0.002188	0.0014579
206	0.59697	0.39939	0.0021713	0.0014723
207	0.59829	0.39807	0.0021746	0.0014667
208	0.5853	0.41106	0.0021257	0.0015133
209	0.57728	0.41909	0.0020951	0.0015417
210	0.54731	0.44905	0.0019844	0.00165
211	0.5256	0.47077	0.0019041	0.0017281
212	0.51044	0.48593	0.0018479	0.0017821
213	0.50063	0.49574	0.0018113	0.0018165
214	0.46869	0.52769	0.0016944	0.0019312
215	0.39369	0.60268	0.0014214	0.002202
216	0.33717	0.65921	0.0012159	0.0024053
217	0.29469	0.70169	0.0010617	0.0025574
218	0.26599	0.73039	0.0009573	0.0026596
219	0.24475	0.75163	0.00088007	0.0027346
220	0.22935	0.76703	0.00082409	0.0027885
221	0.18465	0.81174	0.00066274	0.0029477
222	0.1541	0.84229	0.00055237	0.0030559
223	0.13119	0.8652	0.00046971	0.0031364
224	0.11588	0.88052	0.00041439	0.0031896
225	0.10473	0.89167	0.00037414	0.0032277
226	0.09687	0.89953	0.00034578	0.0032539
227	0.092436	0.90397	0.00032969	0.0032679
228	0.091007	0.9054	0.00032436	0.003271
229	0.092385	0.90402	0.00032907	0.0032642
230	0.095838	0.90057	0.00034123	0.0032499
231	0.10168	0.89474	0.00036194	0.003227
232	0.11134	0.88507	0.00039629	0.0031906
233	0.12469	0.87172	0.00044383	0.0031409
234	0.14284	0.85358	0.00050852	0.0030741
235	0.14666	0.84976	0.00052191	0.0030586
236	0.15461	0.84181	0.00055003	0.0030284
237	0.16621	0.83021	0.0005912	0.0029851
238	0.14878	0.84764	0.00052863	0.0030456
239	0.13605	0.86038	0.00048295	0.0030892
240	0.1281	0.86833	0.00045433	0.0031157
241	0.12411	0.87232	0.00043979	0.0031281
242	0.12256	0.87388	0.000434	0.0031319
243	0.12337	0.87307	0.00043667	0.0031271
244	0.12661	0.86982	0.00044802	0.0031137
245	0.13344	0.863	0.00047207	0.0030876
246	0.14353	0.85291	0.00050773	0.0030499
247	0.15913	0.83732	0.00056286	0.0029927
248	0.18021	0.81624	0.0006375	0.002916
249	0.20851	0.78793	0.00073784	0.0028136
250	0.24941	0.74704	0.00088268	0.0026667
251	0.30343	0.69302	0.0010742	0.0024732
252	0.37499	0.62146	0.001328	0.0022173
253	0.40536	0.59109	0.001435	0.0021083
254	0.44608	0.55038	0.0015788	0.0019625
255	0.50023	0.49624	0.0017703	0.0017689
256	0.51976	0.4767	0.0018386	0.0016986
257	0.54681	0.44966	0.0019336	0.0016017
258	0.58342	0.41305	0.0020625	0.0014707
259	0.6326	0.36386	0.0022361	0.0012952
260	0.69821	0.29826	0.0024681	0.0010612
261	0.79396	0.20251	0.0028066	0.00072078
262	0.83244	0.16404	0.0029417	0.00058376
263	0.84735	0.14913	0.0029931	0.00053044
264	0.87057	0.12591	0.0030738	0.00044776
265	0.902	0.094478	0.0031837	0.00033597
266	0.91515	0.081333	0.0032285	0.0002892
267	0.93355	0.06293	0.003292	0.00022379
268	0.93967	0.056812	0.0033119	0.00020195
269	0.93944	0.057048	0.0033094	0.00020261
270	0.94151	0.054977	0.003315	0.00019509
271	0.94602	0.050471	0.0033294	0.00017894
272	0.95335	0.043146	0.0033537	0.0001528
273	0.96524	0.031254	0.0033941	0.00011056
274	0.96935	0.027148	0.0034069	9.5941e-05
275	0.97647	0.020027	0.0034302	7.0722e-05
276	0.98752	0.0089836	0.0034673	3.1731e-05
277	0.99198	0.0045183	0.0034812	1.5955e-05
278	0.99129	0.0052118	0.0034769	1.8379e-05
279	0.99163	0.0048807	0.0034762	1.7195e-05
280	0.99065	0.0058562	0.0034709	2.0611e-05
281	0.99074	0.0057726	0.0034694	2.0302e-05
282	0.98911	0.0074008	0.0034619	2.5991e-05
283	0.98866	0.0078519	0.0034585	2.7542e-05
284	0.98623	0.010289	0.0034482	3.6051e-05
285	0.98518	0.01134	0.0034427	3.9696e-05
286	0.98105	0.015465	0.0034265	5.4087e-05
287	0.97904	0.017484	0.0034176	6.112e-05
288	0.97887	0.017654	0.0034151	6.1703e-05
289	0.98053	0.015997	0.003419	5.5924e-05
290	0.98385	0.012681	0.0034287	4.4351e-05
291	0.98906	0.007472	0.0034451	2.6175e-05
292	0.98201	0.014516	0.0034187	5.0787e-05
293	0.97774	0.018791	0.0034019	6.5723e-05
294	0.97531	0.021221	0.0033916	7.4191e-05
295	0.96746	0.029075	0.0033624	0.00010155
296	0.96225	0.034286	0.0033426	0.00011965
297	0.95932	0.037221	0.0033307	0.00012979
298	0.95895	0.037586	0.0033277	0.000131
299	0.96057	0.035977	0.0033316	0.00012533
300	0.96425	0.032295	0.0033428	0.00011245
301	0.95405	0.042499	0.0033058	0.00014773
302	0.94782	0.048732	0.0032825	0.00016926
303	0.94417	0.052375	0.0032683	0.00018176
304	0.9435	0.053055	0.0032644	0.00018401
305	0.94502	0.051529	0.0032681	0.00017859
306	0.94962	0.046936	0.0032824	0.00016259
307	0.94849	0.048071	0.0032768	0.00016644
308	0.9495	0.047055	0.0032787	0.00016283
309	0.95329	0.043268	0.0032901	0.00014967
310	0.95966	0.036903	0.0033104	0.0001276
311	0.96905	0.02751	0.0033413	9.5045e-05
312	0.9836	0.012967	0.0033899	4.4782e-05
313	0.98432	0.01225	0.0033906	4.2288e-05
314	0.98674	0.0098291	0.0033972	3.3937e-05
315	0.99077	0.0057969	0.0034094	2.0032e-05
316	0.99212	0.0044532	0.0034123	1.5393e-05
317	0.99208	0.0044942	0.0034105	1.5538e-05
318	0.99053	0.0060429	0.0034034	2.0878e-05
319	0.98656	0.010021	0.003388	3.4609e-05
320	0.98419	0.012393	0.0033781	4.278e-05
321	0.98357	0.013007	0.0033743	4.4904e-05
322	0.9843	0.01228	0.0033751	4.2408e-05
323	0.98266	0.013925	0.0033677	4.8095e-05
324	0.98243	0.014151	0.0033652	4.8883e-05
325	0.98389	0.012695	0.0033685	4.3907e-05
326	0.98722	0.0093716	0.0033781	3.2548e-05
327	0.99294	0.0036551	0.0033959	1.303e-05
328	0.99008	0.0065177	0.0033838	2.2776e-05
329	0.98853	0.0080664	0.0033763	2.7999e-05
330	0.98819	0.0084069	0.003373	2.9067e-05
331	0.98925	0.0073524	0.0033745	2.5359e-05
332	0.99183	0.0047686	0.0033811	1.6417e-05
333	0.99636	0.00024774	0.0033944	8.5193e-07
334	0.99565	0.0009615	0.0033897	3.2759e-06
335	0.99571	0.00089583	0.0033876	3.0476e-06
336	0.99659	2.4155e-05	0.0033882	8.2098e-08
337	0.99644	0.00017593	0.0033854	5.9861e-07
338	0.99245	0.0041676	0.0033695	1.4157e-05
339	0.99023	0.0063872	0.0033596	2.1692e-05
340	0.98923	0.0073862	0.0033539	2.5066e-05
341	0.98962	0.0070073	0.0033529	2.3773e-05
342	0.99116	0.0054643	0.0033558	1.8529e-05
343	0.98784	0.0087877	0.0033422	2.9784e-05
344	0.98598	0.010651	0.0033337	3.6071e-05
345	0.98569	0.010947	0.0033303	3.7055e-05
346	0.98263	0.014008	0.0033176	4.7405e-05
347	0.98114	0.015495	0.0033103	5.2406e-05
348	0.98112	0.015524	0.003308	5.2467e-05
349	0.98255	0.014097	0.0033105	4.7604e-05
350	0.98597	0.010675	0.0033198	3.6036e-05
351	0.99129	0.0053555	0.0033355	1.8074e-05
352	0.986	0.010653	0.0033154	3.5908e-05
353	0.98259	0.014058	0.0033017	4.7333e-05
354	0.98118	0.015472	0.0032946	5.2065e-05
355	0.98122	0.015433	0.0032925	5.1896e-05
356	0.9827	0.013954	0.0032953	4.6883e-05
357	0.98574	0.010923	0.0033033	3.6654e-05
358	0.99101	0.0056479	0.0033188	1.8925e-05
359	0.99297	0.0036936	0.0033231	1.2363e-05
360	0.9934	0.0032649	0.0033222	1.0921e-05
361	0.99281	0.0038614	0.0033179	1.2912e-05
362	0.99315	0.0035228	0.0033168	1.1771e-05
363	0.99228	0.0043896	0.0033117	1.4648e-05
364	0.99259	0.00409	0.0033104	1.3638e-05
365	0.9871	0.0095777	0.0032899	3.1891e-05
366	0.98388	0.012802	0.0032769	4.2599e-05
367	0.98257	0.014112	0.0032703	4.6937e-05
368	0.98267	0.014016	0.0032684	4.6578e-05
369	0.98453	0.012154	0.0032723	4.0366e-05
370	0.98842	0.0082674	0.0032829	2.7452e-05
371	0.9895	0.0071937	0.0032842	2.3873e-05
372	0.9888	0.0078894	0.0032796	2.6174e-05
373	0.98926	0.0074401	0.0032788	2.4668e-05
374	0.99113	0.0055725	0.0032827	1.8474e-05
375	0.99434	0.0023589	0.003291	7.8221e-06
376	0.99569	0.0010176	0.0032932	3.3744e-06
377	0.99627	0.00043093	0.0032929	1.4284e-06
378	0.99661	9.6208e-05	0.0032918	3.1869e-07
379	0.99665	6.044e-05	0.0032897	1.9974e-07
380	0.9958	0.0009094	0.0032847	3.0045e-06
381	0.99567	0.0010413	0.0032821	3.4373e-06
382	0.99514	0.0015804	0.0032781	5.2162e-06
383	0.99378	0.0029363	0.0032714	9.6937e-06
384	0.99036	0.0063609	0.0032579	2.0981e-05
385	0.9886	0.008122	0.0032499	2.6785e-05
386	0.98807	0.0086524	0.0032459	2.8522e-05
387	0.98873	0.0079935	0.0032459	2.6338e-05
388	0.99064	0.0060937	0.00325	2.0071e-05
389	0.99391	0.002821	0.0032587	9.2924e-06
390	0.9952	0.0015299	0.0032608	5.037e-06
391	0.99065	0.0060845	0.0032437	1.9979e-05
392	0.98774	0.0089973	0.0032321	2.9509e-05
393	0.98649	0.010251	0.0032258	3.3605e-05
394	0.98651	0.010234	0.0032238	3.3527e-05
395	0.98805	0.0086983	0.0032267	2.8495e-05
396	0.99098	0.0057701	0.0032341	1.891e-05
397	0.99195	0.0047951	0.0032353	1.5711e-05
398	0.99147	0.0052811	0.0032316	1.7285e-05
399	0.992	0.00475	0.0032313	1.5533e-05
400	0.99109	0.0056618	0.0032263	1.8484e-05
401	0.99124	0.0055173	0.0032248	1.7985e-05
402	0.99268	0.0040771	0.0032275	1.3275e-05
403	0.99562	0.0011399	0.003235	3.7111e-06
404	0.99562	0.0011476	0.003233	3.7305e-06
405	0.99518	0.0015897	0.0032295	5.1639e-06
406	0.99403	0.0027407	0.0032237	8.9016e-06
407	0.99378	0.0029875	0.0032208	9.6971e-06
408	0.99441	0.0023569	0.0032209	7.643e-06
409	0.99429	0.0024869	0.0032184	8.0602e-06
410	0.99312	0.0036583	0.0032126	1.1843e-05
411	0.99291	0.0038659	0.0032099	1.2498e-05
412	0.99146	0.0053168	0.0032033	1.7173e-05
413	0.9913	0.0054837	0.0032007	1.7704e-05
414	0.99239	0.0043898	0.0032022	1.4172e-05
415	0.99462	0.0021651	0.0032073	6.9906e-06
416	0.99547	0.0013224	0.003208	4.2677e-06
417	0.99573	0.0010567	0.0032068	3.4115e-06
418	0.98793	0.0088647	0.0031797	2.8578e-05
419	0.98299	0.013806	0.0031617	4.4495e-05
420	0.97993	0.016862	0.0031499	5.4308e-05
421	0.97104	0.025755	0.0031194	8.2854e-05
422	0.96497	0.031834	0.0030979	0.0001023
423	0.96124	0.03556	0.0030841	0.00011415
424	0.96005	0.036754	0.0030784	0.00011789
425	0.96124	0.03557	0.0030803	0.00011402
426	0.96506	0.031747	0.0030906	0.00010171
427	0.97129	0.025517	0.0031087	8.1696e-05
428	0.98121	0.015597	0.0031384	4.9925e-05
429	0.99498	0.0018367	0.0031805	5.8709e-06
430	0.99318	0.003634	0.0031727	1.1619e-05
431	0.98874	0.0080811	0.0031565	2.5816e-05
432	0.98596	0.010861	0.0031457	3.4661e-05
433	0.98461	0.012207	0.0031394	3.8913e-05
434	0.98486	0.01196	0.0031383	3.809e-05
435	0.98674	0.010086	0.0031423	3.2101e-05
436	0.9813	0.01553	0.003123	4.9376e-05
437	0.97825	0.018578	0.0031113	5.903e-05
438	0.97728	0.019549	0.0031063	6.2085e-05
439	0.97787	0.018962	0.0031062	6.0176e-05
440	0.98041	0.016423	0.0031122	5.2086e-05
441	0.98523	0.011609	0.0031255	3.6805e-05
442	0.98287	0.013972	0.0031159	4.4297e-05
443	0.98199	0.014849	0.0031112	4.7056e-05
444	0.98252	0.014324	0.0031108	4.5361e-05
445	0.98488	0.011966	0.0031163	3.7879e-05
446	0.98892	0.0079284	0.0031271	2.5077e-05
447	0.99558	0.001274	0.0031461	4.0404e-06
448	0.9926	0.004248	0.0031346	1.346e-05
449	0.9911	0.0057505	0.0031279	1.8221e-05
450	0.9907	0.0061582	0.0031246	1.9509e-05
451	0.98826	0.0085937	0.0031149	2.7199e-05
452	0.98715	0.0097124	0.0031094	3.0715e-05
453	0.98728	0.0095865	0.0031079	3.0294e-05
454	0.98864	0.0082198	0.0031103	2.5955e-05
455	0.99136	0.0055085	0.0031169	1.7374e-05
456	0.99609	0.00077893	0.0031299	2.4591e-06
457	0.98581	0.011064	0.0030957	3.4787e-05
458	0.97848	0.01839	0.0030708	5.7751e-05
459	0.97359	0.023282	0.0030537	7.3036e-05
460	0.9615	0.035375	0.0030139	0.00011088
461	0.95379	0.043091	0.0029879	0.000135
462	0.94959	0.047286	0.0029729	0.00014808
463	0.79745	0.19944	0.0024949	0.00062419
464	0.69102	0.30586	0.0021602	0.00095697
465	0.61077	0.38612	0.0019081	0.0012072
466	0.55593	0.44096	0.0017354	0.0013779
467	0.51495	0.48194	0.0016065	0.0015049
468	0.48765	0.50924	0.0015202	0.0015893
469	0.4702	0.5267	0.0014648	0.0016428
470	0.45838	0.53851	0.001427	0.0016787
471	0.45259	0.5443	0.001408	0.0016957
472	0.4521	0.5448	0.0014055	0.0016963
473	0.43626	0.56064	0.0013553	0.0017446
474	0.42581	0.57109	0.0013219	0.001776
475	0.42112	0.57578	0.0013065	0.0017895
476	0.34052	0.65638	0.001055	0.0020391
477	0.27967	0.71724	0.0008654	0.0022268
478	0.23729	0.75962	0.00073326	0.002357
479	0.20534	0.79157	0.00063374	0.0024545
480	0.1814	0.81552	0.00055921	0.0025272
481	0.16372	0.8332	0.00050424	0.0025802
482	0.15094	0.84598	0.0004645	0.0026181
483	0.14204	0.85488	0.00043683	0.0026438
484	0.13628	0.86064	0.00041891	0.0026599
485	0.13424	0.86268	0.00041241	0.0026645
486	0.11949	0.87743	0.00036687	0.0027082
487	0.10987	0.88705	0.0003371	0.0027361
488	0.10433	0.8926	0.00031986	0.0027514
489	0.10122	0.89571	0.00031016	0.0027592
490	0.087983	0.90895	0.00026932	0.0027982
491	0.07825	0.91868	0.00023933	0.0028263
492	0.071333	0.9256	0.00021804	0.0028457
493	0.067351	0.92959	0.00020572	0.0028561
494	0.065921	0.93102	0.00020121	0.0028587
495	0.066844	0.9301	0.00020388	0.0028542
496	0.060087	0.93686	0.00018308	0.0028731
497	0.056206	0.94074	0.00017107	0.0028832
498	0.053976	0.94297	0.00016413	0.0028882
499	0.053769	0.94318	0.00016336	0.0028871
500	0.055557	0.94139	0.00016864	0.0028799
501	0.058973	0.93798	0.00017888	0.0028677
502	0.064976	0.93198	0.00019694	0.0028477
503	0.073393	0.92356	0.00022233	0.0028204
504	0.08603	0.91093	0.00026044	0.0027804
505	0.10299	0.89397	0.00031166	0.0027273
506	0.1256	0.87136	0.00038	0.0026571
507	0.13231	0.86465	0.00040008	0.0026351
508	0.12942	0.86755	0.00039104	0.0026422
509	0.12975	0.86722	0.00039177	0.0026396
510	0.13251	0.86446	0.00039987	0.0026297
511	0.13791	0.85907	0.00041598	0.0026117
512	0.1464	0.85057	0.0004415	0.0025843
513	0.16024	0.83674	0.00048308	0.0025408
514	0.17911	0.81787	0.00053993	0.0024821
515	0.20446	0.79252	0.00061637	0.0024039
516	0.24187	0.75511	0.00072909	0.0022893
517	0.23836	0.75863	0.00071809	0.0022984
518	0.23912	0.75787	0.00071995	0.0022947
519	0.24447	0.75252	0.00073563	0.0022772
520	0.21145	0.78554	0.00063561	0.0023753
521	0.18882	0.80817	0.00056695	0.0024421
522	0.17212	0.82487	0.00051632	0.0024909
523	0.16009	0.83691	0.00047984	0.0025255
524	0.1518	0.84519	0.00045471	0.0025488
525	0.1467	0.8503	0.00043918	0.0025625
526	0.12906	0.86794	0.00038605	0.0026138
527	0.11758	0.87942	0.0003514	0.0026466
528	0.10954	0.88746	0.00032713	0.002669
529	0.084794	0.91221	0.00025296	0.0027414
530	0.066003	0.931	0.00019674	0.0027958
531	0.052983	0.94403	0.00015775	0.0028329
532	0.043214	0.9538	0.00012855	0.0028603
533	0.03662	0.96039	0.00010882	0.0028782
534	0.031791	0.96522	9.4387e-05	0.0028908
535	0.028942	0.96807	8.5845e-05	0.0028975
536	0.027176	0.96984	8.0547e-05	0.002901
537	0.026358	0.97066	7.8087e-05	0.0029017
538	0.026427	0.9706	7.8275e-05	0.0028997
539	0.027387	0.96964	8.1125e-05	0.002895
540	0.029335	0.96769	8.6921e-05	0.0028874
541	0.025945	0.97108	7.6866e-05	0.0028957
542	0.024133	0.9729	7.1482e-05	0.0028993
543	0.02357	0.97346	6.9794e-05	0.0028992
544	0.018212	0.97882	5.387e-05	0.0029133
545	0.014137	0.9829	4.1778e-05	0.0029236
546	0.011024	0.98601	3.256e-05	0.002931
547	0.0086308	0.98841	2.5485e-05	0.0029363
548	0.0070592	0.98998	2.0834e-05	0.0029392
549	0.0060897	0.99095	1.7956e-05	0.0029403
550	0.00537	0.99167	1.5823e-05	0.0029406
551	0.0048437	0.9922	1.4267e-05	0.0029404
552	0.0046605	0.99239	1.3716e-05	0.0029392
553	0.0045973	0.99245	1.3522e-05	0.0029376
554	0.0046581	0.99239	1.3696e-05	0.0029356
555	0.0048477	0.9922	1.4252e-05	0.0029333
556	0.0051809	0.99187	1.5234e-05	0.0029306
557	0.0056838	0.99137	1.6719e-05	0.0029273
558	0.006396	0.99066	1.8824e-05	0.0029235
559	0.0073614	0.9897	2.168e-05	0.0029189
560	0.0089474	0.98811	2.6356e-05	0.0029125
561	0.011312	0.98575	3.3313e-05	0.0029038
562	0.014757	0.98231	4.343e-05	0.0028919
563	0.019229	0.97784	5.6575e-05	0.002877
564	0.025807	0.97126	7.5881e-05	0.0028559
565	0.020442	0.97663	6.0091e-05	0.00287
566	0.016823	0.98025	4.9429e-05	0.0028789
567	0.01415	0.98292	4.157e-05	0.002885
568	0.012506	0.98457	3.6729e-05	0.002888
569	0.011737	0.98534	3.445e-05	0.0028885
570	0.011735	0.98534	3.4417e-05	0.0028868
571	0.012501	0.98458	3.6623e-05	0.0028828
572	0.0096698	0.98741	2.8308e-05	0.0028893
573	0.007735	0.98935	2.2619e-05	0.0028932
574	0.0062328	0.99085	1.8211e-05	0.0028958
575	0.0052353	0.99185	1.5278e-05	0.002897
576	0.0044389	0.99265	1.2942e-05	0.0028975
577	0.0039771	0.99311	1.1579e-05	0.0028971
578	0.0036125	0.99348	1.0505e-05	0.0028964
579	0.0033165	0.99378	9.6371e-06	0.0028955
580	0.0032239	0.99387	9.3555e-06	0.002894
581	0.0031646	0.99393	9.1739e-06	0.0028924
582	0.0031266	0.99397	9.0569e-06	0.0028907
583	0.0031142	0.99399	9.017e-06	0.002889
584	0.0032822	0.99382	9.4935e-06	0.0028867
585	0.0034824	0.99362	1.0065e-05	0.0028844
586	0.00373	0.99338	1.0775e-05	0.0028819
587	0.0040437	0.99307	1.1679e-05	0.0028793
588	0.004643	0.99247	1.34e-05	0.0028758
589	0.0053994	0.99171	1.5577e-05	0.0028719
590	0.0063615	0.99075	1.8349e-05	0.0028673
591	0.0076022	0.98951	2.193e-05	0.002862
592	0.0092157	0.9879	2.6591e-05	0.0028556
593	0.011627	0.98549	3.3543e-05	0.002847
594	0.015227	0.98189	4.39e-05	0.0028349
595	0.0199	0.97722	5.7358e-05	0.0028197
596	0.026002	0.97112	7.494e-05	0.0028004
597	0.034037	0.96309	9.8107e-05	0.0027755
598	0.045588	0.95154	0.00013136	0.0027405
599	0.048968	0.94816	0.00014102	0.0027291
600	0.046656	0.95048	0.00013426	0.0027341
601	0.046319	0.95081	0.00013318	0.0027334
602	0.039593	0.95754	0.00011371	0.0027511
603	0.034696	0.96244	9.9551e-05	0.0027635
604	0.031856	0.96528	9.1295e-05	0.00277
605	0.030674	0.96647	8.7796e-05	0.0027717
606	0.030513	0.96663	8.7238e-05	0.0027705
607	0.031758	0.96539	9.069e-05	0.0027653
608	0.034095	0.96305	9.7265e-05	0.0027569
609	0.037728	0.95942	0.00010755	0.0027449
610	0.042943	0.95421	0.00012235	0.0027283
611	0.042437	0.95471	0.0001208	0.0027281
612	0.043164	0.95399	0.00012278	0.0027243
613	0.045701	0.95145	0.00012989	0.0027155
614	0.049753	0.9474	0.00014132	0.0027023
615	0.055627	0.94153	0.00015795	0.0026839
616	0.043528	0.95363	0.00012348	0.0027166
617	0.034402	0.96276	9.7531e-05	0.0027408
618	0.028305	0.96886	8.0174e-05	0.0027564
619	0.023794	0.97337	6.7357e-05	0.0027675
620	0.020926	0.97624	5.919e-05	0.0027739
621	0.019334	0.97784	5.4634e-05	0.0027767
622	0.018484	0.97869	5.2196e-05	0.0027774
623	0.01833	0.97884	5.1739e-05	0.0027762
624	0.01917	0.978	5.4079e-05	0.0027721
625	0.021111	0.97606	5.9514e-05	0.0027649
626	0.023966	0.97321	6.7535e-05	0.0027551
627	0.027953	0.96923	7.8753e-05	0.0027421
628	0.034127	0.96305	9.6105e-05	0.002723
629	0.04238	0.9548	0.00011932	0.0026981
630	0.05436	0.94282	0.00015298	0.0026627
631	0.071593	0.92559	0.00020133	0.0026125
632	0.076672	0.92052	0.00021548	0.0025966
633	0.084173	0.91302	0.00023645	0.0025739
634	0.083225	0.91397	0.00023366	0.002575
635	0.084817	0.91238	0.00023799	0.0025689
636	0.089151	0.90804	0.00024999	0.0025551
637	0.096971	0.90023	0.00027172	0.0025316
638	0.10794	0.88926	0.00030227	0.0024993
639	0.12295	0.87425	0.00034419	0.0024557
640	0.1454	0.8518	0.0004068	0.0023913
641	0.17517	0.82204	0.00048992	0.0023064
642	0.2147	0.7825	0.00060039	0.0021942
643	0.22782	0.76939	0.00063681	0.002156
644	0.24801	0.7492	0.00069292	0.0020982
645	0.27838	0.71883	0.00077736	0.002012
646	0.32318	0.67403	0.00090187	0.0018857
647	0.38244	0.61477	0.0010667	0.0017191
648	0.46879	0.52842	0.0013067	0.0014773
649	0.47493	0.52229	0.001323	0.0014593
650	0.48719	0.51003	0.0013563	0.0014243
651	0.5052	0.49202	0.0014056	0.0013732
652	0.53045	0.46677	0.001475	0.001302
653	0.5679	0.42933	0.0015783	0.001197
654	0.61792	0.37931	0.0017165	0.001057
655	0.63636	0.36087	0.0017668	0.001005
656	0.6645	0.33272	0.001844	0.00092609
657	0.70255	0.29468	0.0019486	0.00081968
658	0.75874	0.23849	0.0021035	0.0006631
659	0.83355	0.16368	0.00231	0.00045482
660	0.9324	0.064832	0.0025833	0.00017978
661	0.93307	0.064164	0.0025836	0.00017777
662	0.93681	0.06043	0.0025923	0.0001673
663	0.94409	0.053154	0.0026108	0.00014706
664	0.95479	0.042449	0.0026388	0.00011733
665	0.97137	0.02588	0.0026829	7.1469e-05
666	0.97837	0.01888	0.0027004	5.2108e-05
667	0.98834	0.0089093	0.0027262	2.4547e-05
668	0.98858	0.0086668	0.0027251	2.3859e-05
669	0.98662	0.010631	0.002718	2.9235e-05
670	0.98624	0.011015	0.0027152	3.0266e-05
671	0.98739	0.0098689	0.0027165	2.7095e-05
672	0.99028	0.0069807	0.0027226	1.9151e-05
673	0.99104	0.0062196	0.0027229	1.7058e-05
674	0.99032	0.0069414	0.002719	1.9041e-05
675	0.99071	0.0065495	0.0027183	1.7958e-05
676	0.99251	0.0047537	0.0027213	1.3037e-05
677	0.99268	0.0045873	0.00272	1.2577e-05
678	0.99136	0.0059109	0.0027145	1.6194e-05
679	0.99135	0.0059255	0.0027126	1.6228e-05
680	0.9924	0.0048728	0.0027137	1.3337e-05
681	0.99489	0.0023848	0.0027187	6.5341e-06
682	0.99405	0.0032217	0.0027146	8.822e-06
683	0.99413	0.0031479	0.0027129	8.615e-06
684	0.99512	0.0021578	0.0027139	5.9022e-06
685	0.99308	0.0042052	0.0027065	1.1477e-05
686	0.98837	0.0089144	0.0026919	2.4307e-05
687	0.98578	0.011505	0.002683	3.136e-05
688	0.98462	0.012669	0.0026781	3.4507e-05
689	0.98036	0.016933	0.0026647	4.6099e-05
690	0.97792	0.019369	0.0026563	5.2693e-05
691	0.97712	0.02017	0.0026524	5.4822e-05
692	0.97829	0.019004	0.0026538	5.1622e-05
693	0.98111	0.016189	0.0026597	4.3941e-05
694	0.98627	0.011028	0.0026719	2.9918e-05
695	0.99377	0.0035256	0.0026905	9.5523e-06
696	0.99725	5.5072e-05	0.0026981	1.4899e-07
697	0.99726	4.1294e-05	0.0026964	1.1176e-07
698	0.99659	0.00071332	0.0026927	1.9319e-06
699	0.99535	0.0019569	0.0026875	5.3024e-06
700	0.99242	0.0048854	0.0026777	1.3225e-05
701	0.98584	0.011473	0.0026581	3.1052e-05
702	0.98193	0.015384	0.0026456	4.1631e-05
703	0.97974	0.017577	0.0026379	4.7545e-05
704	0.9791	0.01822	0.0026343	4.9258e-05
705	0.97996	0.017361	0.0026348	4.6913e-05
706	0.98241	0.014914	0.0026397	4.0288e-05
707	0.98661	0.010713	0.0026492	2.8935e-05
708	0.99289	0.004438	0.0026644	1.1998e-05
709	0.95417	0.043155	0.0025586	0.00011601
710	0.9275	0.069828	0.0024853	0.00018762
711	0.90791	0.089416	0.0024311	0.00024005
712	0.8951	0.10223	0.0023951	0.00027428
713	0.88649	0.11084	0.0023705	0.00029716
714	0.88222	0.11511	0.0023574	0.00030844
715	0.8819	0.11544	0.0023549	0.00030917
716	0.88451	0.11283	0.0023603	0.00030202
717	0.87871	0.11863	0.0023432	0.00031732
718	0.8761	0.12124	0.0023348	0.00032406
719	0.87726	0.12008	0.0023363	0.00032078
720	0.88251	0.11483	0.0023487	0.00030661
721	0.89136	0.10599	0.0023707	0.00028285
722	0.9045	0.092851	0.0024042	0.00024766
723	0.92296	0.074395	0.0024518	0.0001983
724	0.93007	0.067279	0.0024691	0.00017923
725	0.94071	0.05664	0.0024958	0.00015079
726	0.95569	0.041668	0.0025341	0.00011081
727	0.96095	0.036406	0.0025465	9.6741e-05
728	0.96977	0.027587	0.0025682	7.3264e-05
729	0.98217	0.015187	0.0025994	4.0289e-05
730	0.982	0.01536	0.0025973	4.0712e-05
731	0.97893	0.018436	0.0025874	4.8822e-05
732	0.97754	0.019827	0.002582	5.2456e-05
733	0.97773	0.019642	0.0025809	5.191e-05
734	0.97992	0.01745	0.0025849	4.6079e-05
735	0.98391	0.013465	0.0025938	3.5509e-05
736	0.98493	0.012446	0.0025948	3.2786e-05
737	0.98778	0.0095895	0.0026005	2.5239e-05
738	0.99288	0.0044983	0.0026122	1.1832e-05
739	0.98875	0.008629	0.0025996	2.2673e-05
740	0.98653	0.010854	0.0025919	2.8504e-05
741	0.98598	0.011405	0.0025887	2.9937e-05
742	0.98289	0.014496	0.0025788	3.8048e-05
743	0.98139	0.015995	0.0025731	4.196e-05
744	0.97577	0.021616	0.0025566	5.6652e-05
745	0.96251	0.034879	0.0025201	9.1363e-05
746	0.95411	0.043285	0.0024963	0.00011333
747	0.94864	0.048752	0.0024803	0.00012756
748	0.94633	0.051062	0.0024725	0.00013353
749	0.94625	0.051142	0.0024706	0.00013364
750	0.94904	0.048357	0.0024761	0.0001263
751	0.95427	0.043131	0.002488	0.00011258
752	0.96316	0.034242	0.0025094	8.9351e-05
753	0.97572	0.021687	0.0025404	5.6577e-05
754	0.99297	0.0044367	0.0025836	1.1575e-05
755	0.99213	0.0052752	0.0025796	1.3753e-05
756	0.99232	0.0050898	0.0025783	1.326e-05
757	0.99097	0.0064429	0.002573	1.6762e-05
758	0.99073	0.0066834	0.0025707	1.7365e-05
759	0.99183	0.0055835	0.0025717	1.4495e-05
760	0.99443	0.0029897	0.0025767	7.7623e-06
761	0.99536	0.0020544	0.0025773	5.3317e-06
762	0.99727	0.00014418	0.0025805	3.7436e-07
763	0.9964	0.0010247	0.0025765	2.6518e-06
764	0.99633	0.0010951	0.0025746	2.8344e-06
765	0.99697	0.00045187	0.0025745	1.1707e-06
766	0.9965	0.00092125	0.0025715	2.3843e-06
767	0.99238	0.0050429	0.0025592	1.3026e-05
768	0.98979	0.0076393	0.0025508	1.971e-05
769	0.98879	0.0086434	0.0025465	2.2289e-05
770	0.98897	0.0084621	0.0025453	2.1805e-05
771	0.9906	0.0068396	0.0025478	1.762e-05
772	0.99052	0.0069209	0.0025458	1.7828e-05
773	0.99155	0.0058895	0.0025468	1.5169e-05
774	0.99379	0.0036537	0.0025508	9.4131e-06
775	0.99227	0.0051667	0.0025452	1.3305e-05
776	0.99183	0.0056105	0.0025424	1.4442e-05
777	0.99243	0.0050187	0.0025422	1.2914e-05
778	0.99149	0.0059598	0.0025382	1.5319e-05
779	0.98841	0.0090421	0.0025286	2.3219e-05
780	0.98675	0.010697	0.0025227	2.7444e-05
781	0.98195	0.015504	0.0025087	3.9748e-05
782	0.97901	0.018438	0.0024995	4.7233e-05
783	0.97814	0.019317	0.0024956	4.9462e-05
784	0.95964	0.037819	0.0024466	9.6811e-05
785	0.94753	0.049931	0.0024139	0.00012778
786	0.93915	0.058309	0.0023908	0.00014913
787	0.93386	0.063606	0.0023757	0.00016257
788	0.93181	0.065656	0.0023688	0.00016773
789	0.93215	0.06531	0.0023681	0.00016676
790	0.90748	0.089983	0.0023035	0.00022959
791	0.88941	0.10805	0.002256	0.00027547
792	0.87657	0.1209	0.0022218	0.00030794
793	0.86799	0.12949	0.0021986	0.00032953
794	0.863	0.13447	0.0021845	0.00034193
795	0.86129	0.13618	0.0021788	0.000346
796	0.85021	0.14727	0.0021493	0.0003738
797	0.81922	0.17826	0.0020697	0.00045183
798	0.74193	0.25555	0.0018734	0.00064646
799	0.55065	0.44683	0.0013897	0.0011286
800	0.4166	0.58088	0.0010506	0.001466
801	0.32429	0.67319	0.00081694	0.001698
802	0.25418	0.7433	0.00063978	0.0018735
803	0.2052	0.79228	0.00051594	0.0019956
804	0.16809	0.8294	0.00042226	0.0020877
805	0.14004	0.85745	0.00035153	0.0021567
806	0.12073	0.87677	0.00030279	0.0022038
807	0.10797	0.88953	0.00027052	0.0022344
808	0.099971	0.89753	0.00025023	0.002253
809	0.095627	0.90187	0.00023909	0.0022625
810	0.093468	0.90403	0.00023347	0.0022664
811	0.081822	0.91568	0.00020407	0.0022941
812	0.07424	0.92326	0.00018486	0.0023116
813	0.069069	0.92844	0.00017174	0.002323
814	0.065901	0.93161	0.00016366	0.0023294
815	0.064456	0.93305	0.0001599	0.0023315
816	0.064626	0.93288	0.00016018	0.0023295
817	0.066455	0.93106	0.0001646	0.0023234
818	0.070732	0.92678	0.00017507	0.0023113
819	0.077211	0.9203	0.00019101	0.0022936
820	0.087581	0.90994	0.00021654	0.0022664
821	0.10161	0.8959	0.00025114	0.0022301
822	0.12047	0.87705	0.00029768	0.0021819
823	0.14562	0.8519	0.00035981	0.0021181
824	0.18183	0.8157	0.00044915	0.0020271
825	0.22978	0.76775	0.00056754	0.0019071
826	0.24928	0.74824	0.00061534	0.0018576
827	0.27818	0.71934	0.00068622	0.001785
828	0.31691	0.68062	0.00078134	0.0016882
829	0.36827	0.62926	0.00090761	0.0015603
830	0.43645	0.56108	0.0010754	0.0013908
831	0.52681	0.47072	0.001298	0.0011666
832	0.51501	0.48253	0.001268	0.0011949
833	0.50956	0.48798	0.0012537	0.0012075
834	0.50833	0.48921	0.0012499	0.0012097
835	0.51237	0.48518	0.001259	0.001199
836	0.5208	0.47675	0.001279	0.0011774
837	0.53591	0.46163	0.0013153	0.0011393
838	0.55964	0.43791	0.0013727	0.0010803
839	0.59565	0.4019	0.0014601	0.00099121
840	0.64382	0.35373	0.0015773	0.0008723
841	0.70782	0.28973	0.0017334	0.00071457
842	0.73265	0.2649	0.0017932	0.00065311
843	0.7399	0.25765	0.0018098	0.00063485
844	0.7535	0.24405	0.001842	0.00060106
845	0.77536	0.2222	0.0018942	0.00054715
846	0.80523	0.19233	0.0019661	0.00047359
847	0.80077	0.19679	0.0019538	0.00048422
848	0.80081	0.19675	0.0019526	0.00048381
849	0.80443	0.19314	0.0019601	0.00047465
850	0.81189	0.18567	0.0019771	0.00045604
851	0.8238	0.17377	0.0020049	0.00042658
852	0.84107	0.1565	0.0020459	0.00038398
853	0.86761	0.12996	0.0021094	0.00031884
854	0.90334	0.094235	0.0021954	0.00023124
855	0.91721	0.080369	0.0022279	0.00019715
856	0.91092	0.086652	0.0022112	0.00021226
857	0.90849	0.089092	0.0022039	0.00021803
858	0.90877	0.088813	0.0022032	0.00021715
859	0.91263	0.084956	0.0022112	0.00020759
860	0.91958	0.078004	0.0022267	0.00019049
861	0.93017	0.067412	0.0022511	0.00016452
862	0.94685	0.050739	0.0022902	0.00012382
863	0.96954	0.028047	0.002344	6.849e-05
864	0.97097	0.026621	0.0023459	6.4971e-05
865	0.97428	0.023306	0.0023524	5.6864e-05
866	0.97972	0.017874	0.0023641	4.3615e-05
867	0.98768	0.0099115	0.002382	2.4226e-05
868	0.98696	0.010634	0.0023787	2.5951e-05
869	0.98774	0.0098523	0.0023791	2.4041e-05
870	0.99019	0.007406	0.0023835	1.8115e-05
871	0.98684	0.010761	0.0023738	2.6269e-05
872	0.97813	0.019475	0.0023511	4.7418e-05
873	0.97216	0.025448	0.0023351	6.1885e-05
874	0.95565	0.041955	0.0022937	0.00010183
875	0.94478	0.052827	0.0022658	0.00012812
876	0.93737	0.060239	0.0022465	0.00014599
877	0.93286	0.064754	0.0022341	0.00015683
878	0.9309	0.066713	0.002228	0.0001615
879	0.92177	0.075844	0.0022046	0.00018346
880	0.89865	0.098968	0.0021473	0.00023919
881	0.88181	0.11581	0.0021054	0.00027966
882	0.86998	0.12764	0.0020755	0.00030799
883	0.83806	0.15956	0.0019975	0.00038452
884	0.81453	0.18309	0.0019398	0.00044077
885	0.79768	0.19995	0.0018983	0.00048089
886	0.78612	0.2115	0.0018695	0.00050826
887	0.77898	0.21865	0.0018513	0.00052501
888	0.77571	0.22192	0.0018425	0.00053247
889	0.77612	0.22151	0.0018424	0.00053112
890	0.78018	0.21744	0.0018511	0.00052104
891	0.78821	0.20942	0.0018693	0.00050148
892	0.80225	0.19538	0.0019018	0.00046762
893	0.82217	0.17546	0.0019483	0.00041974
894	0.82753	0.1701	0.0019601	0.00040661
895	0.82381	0.17382	0.0019502	0.00041513
896	0.82354	0.1741	0.0019486	0.00041544
897	0.82758	0.17006	0.0019571	0.00040551
898	0.83646	0.16118	0.0019771	0.00038412
899	0.84988	0.14776	0.0020079	0.00035195
900	0.86894	0.1287	0.0020522	0.00030634
901	0.89515	0.10249	0.0021134	0.00024374
902	0.93343	0.06421	0.0022033	0.00015256
903	0.9896	0.0080406	0.0023353	1.9107e-05
904	0.98791	0.0097325	0.00233	2.3088e-05
905	0.9875	0.010153	0.0023276	2.4055e-05
906	0.98856	0.0090863	0.0023288	2.1519e-05
907	0.9875	0.010155	0.0023249	2.4022e-05
908	0.98791	0.009738	0.0023245	2.3024e-05
909	0.98961	0.0080488	0.0023271	1.9024e-05
910	0.98923	0.0084266	0.0023248	1.9895e-05
911	0.99002	0.0076341	0.0023254	1.8006e-05
912	0.99205	0.0056111	0.0023288	1.3218e-05
913	0.98914	0.0085168	0.0023207	2.0024e-05
914	0.98764	0.010024	0.0023158	2.3535e-05
915	0.98764	0.010025	0.0023145	2.3516e-05
916	0.98914	0.0085189	0.0023166	1.9973e-05
917	0.99205	0.0056148	0.0023221	1.3151e-05
918	0.99705	0.00061499	0.0023324	1.4395e-06
919	0.99682	0.00084928	0.0023305	1.9878e-06
920	0.99726	0.00041093	0.0023301	9.6147e-07
921	0.99756	0.00010897	0.0023294	2.5417e-07
922	0.99451	0.0031643	0.0023209	7.3734e-06
923	0.99289	0.0047782	0.0023158	1.113e-05
924	0.99255	0.0051209	0.0023135	1.1925e-05
925	0.99046	0.0072151	0.0023072	1.6804e-05
926	0.98959	0.0080855	0.0023038	1.8821e-05
927	0.99014	0.0075396	0.0023036	1.7545e-05
928	0.989	0.00868	0.0022995	2.0199e-05
929	0.98905	0.0086273	0.0022982	2.0069e-05
930	0.99031	0.0073772	0.0022997	1.7151e-05
931	0.98981	0.00787	0.0022971	1.8289e-05
932	0.99047	0.0072185	0.0022972	1.6765e-05
933	0.99233	0.00536	0.0023001	1.2437e-05
934	0.99246	0.0052239	0.002299	1.2113e-05
935	0.99364	0.0040466	0.0023003	9.3721e-06
936	0.99624	0.0014545	0.0023048	3.3657e-06
937	0.99398	0.00371	0.0022982	8.5819e-06
938	0.99284	0.0048581	0.0022941	1.1226e-05
939	0.98975	0.0079419	0.0022855	1.8344e-05
940	0.98837	0.0093228	0.0022808	2.1527e-05
941	0.98823	0.0094712	0.002279	2.1856e-05
942	0.98932	0.008385	0.0022801	1.9332e-05
943	0.98835	0.0093505	0.0022764	2.1544e-05
944	0.98888	0.008826	0.0022761	2.0328e-05
945	0.99097	0.0067379	0.0022794	1.5524e-05
946	0.99111	0.0065978	0.0022783	1.5199e-05
947	0.99236	0.0053458	0.0022797	1.2312e-05
948	0.99482	0.0028867	0.0022839	6.6494e-06
949	0.9957	0.0020089	0.0022845	4.6249e-06
950	0.99583	0.001887	0.0022833	4.3436e-06
951	0.99677	0.00094482	0.002284	2.1784e-06
952	0.99591	0.0018072	0.0022806	4.1606e-06
953	0.99376	0.0039608	0.0022742	9.1038e-06
954	0.99271	0.0050129	0.0022704	1.1512e-05
955	0.99268	0.0050434	0.0022689	1.1574e-05
956	0.99367	0.0040546	0.0022698	9.3001e-06
957	0.99029	0.0074327	0.0022607	1.7026e-05
958	0.96309	0.034631	0.002197	7.9277e-05
959	0.9429	0.054827	0.0021495	0.00012539
960	0.92825	0.06948	0.0021148	0.00015874
961	0.91799	0.079739	0.0020901	0.00018201
962	0.91211	0.085621	0.0020755	0.0001953
