#coord	neutral	conserved	gBGC.neutral	gBGC.conserved
1	0.76454	0.23476	0.00053895	0.00016592
2	0.77043	0.22886	0.00054096	0.0001611
3	0.78067	0.21863	0.00054605	0.00015323
4	0.7976	0.2017	0.0005557	0.00014077
5	0.82337	0.17593	0.00057135	0.0001223
6	0.86193	0.13738	0.0005956	9.5211e-05
7	0.91332	0.085994	0.0006286	5.9406e-05
8	0.93587	0.063443	0.00064145	4.373e-05
9	0.96639	0.032929	0.0006597	2.2681e-05
10	0.97825	0.021069	0.00066512	1.4485e-05
11	0.98266	0.016667	0.00066545	1.1419e-05
12	0.98934	0.0099871	0.00066734	6.8145e-06
13	0.99203	0.0072966	0.00066647	4.9634e-06
14	0.99633	0.0030042	0.00066669	2.0393e-06
15	0.9981	0.0012378	0.00066522	8.3674e-07
16	0.99758	0.0017606	0.00066218	1.1819e-06
17	0.99783	0.0015068	0.0006597	1.0069e-06
18	0.99747	0.0018763	0.00065683	1.2448e-06
19	0.99788	0.0014603	0.0006545	9.6182e-07
20	0.99927	7.403e-05	0.00065279	4.8411e-08
21	0.99932	2.7761e-05	0.00065018	1.8071e-08
22	0.99905	0.00030617	0.00064734	1.9935e-07
23	0.99865	0.00070968	0.00064444	4.5955e-07
24	0.9989	0.00045686	0.000642	2.9389e-07
25	0.99901	0.00035358	0.00063945	2.2673e-07
26	0.99903	0.00033302	0.00063686	2.1189e-07
27	0.99804	0.0013276	0.00063362	8.4186e-07
28	0.99793	0.0014373	0.00063092	9.0934e-07
29	0.99858	0.00079111	0.00062872	4.9785e-07
30	0.99887	0.00050508	0.00062628	3.1709e-07
31	0.99796	0.0014196	0.00062306	8.9086e-07
32	0.99584	0.0035402	0.00061913	2.2098e-06
33	0.9947	0.0046853	0.00061584	2.9084e-06
34	0.99447	0.0049146	0.00061316	3.032e-06
35	0.99528	0.0041067	0.00061109	2.5207e-06
36	0.99472	0.0046706	0.00060816	2.8553e-06
37	0.99517	0.0042174	0.00060583	2.5711e-06
38	0.99653	0.0028593	0.00060408	1.7364e-06
39	0.99669	0.0027058	0.00060157	1.6392e-06
40	0.99765	0.001748	0.00059958	1.0559e-06
41	0.99777	0.0016333	0.0005971	9.8126e-07
42	0.99716	0.0022454	0.00059417	1.3439e-06
43	0.99731	0.0021012	0.00059172	1.2515e-06
44	0.99666	0.0027536	0.00058878	1.6344e-06
45	0.99688	0.0025363	0.00058638	1.4987e-06
46	0.99798	0.0014322	0.00058453	8.4071e-07
47	0.9984	0.0010155	0.00058226	5.9301e-07
48	0.99846	0.00096448	0.00057975	5.6176e-07
49	0.99922	0.00019833	0.00057768	1.1517e-07
50	0.99924	0.00018719	0.00057519	1.077e-07
51	0.99935	7.5535e-05	0.00057275	4.3334e-08
52	0.99928	0.00015251	0.00057023	8.6595e-08
53	0.99847	0.00096395	0.00056732	5.4189e-07
54	0.99692	0.0025136	0.00056398	1.4073e-06
55	0.99647	0.0029662	0.00056124	1.6525e-06
56	0.99705	0.0023852	0.00055906	1.32e-06
57	0.99673	0.0027129	0.00055635	1.4956e-06
58	0.99539	0.0040528	0.00055307	2.2295e-06
59	0.98318	0.016272	0.00054377	8.9586e-06
60	0.97531	0.024136	0.00053689	1.3246e-05
61	0.97007	0.02938	0.00053153	1.6046e-05
62	0.96704	0.032415	0.00052743	1.7606e-05
63	0.96639	0.033071	0.00052462	1.7871e-05
64	0.96127	0.038193	0.00051937	2.0546e-05
65	0.95905	0.040408	0.00051568	2.1645e-05
66	0.95887	0.040595	0.00051313	2.1637e-05
67	0.95377	0.0457	0.00050793	2.4251e-05
68	0.95106	0.048411	0.00050406	2.5561e-05
69	0.95116	0.048316	0.00050166	2.5389e-05
70	0.94605	0.053429	0.0004965	2.7956e-05
71	0.94412	0.055358	0.00049301	2.8844e-05
72	0.94511	0.054375	0.000491	2.8218e-05
73	0.94844	0.051044	0.00049024	2.6376e-05
74	0.95506	0.044425	0.00049112	2.2875e-05
75	0.96486	0.034625	0.00049363	1.7772e-05
76	0.96782	0.031675	0.00049265	1.6187e-05
77	0.97357	0.025927	0.00049304	1.3209e-05
78	0.98205	0.017445	0.00049482	8.8709e-06
79	0.98538	0.014119	0.00049394	7.1703e-06
80	0.98558	0.013919	0.00049151	7.0445e-06
81	0.98721	0.012297	0.00048982	6.2061e-06
82	0.98028	0.019226	0.00048389	9.6322e-06
83	0.97619	0.023323	0.00047938	1.1629e-05
84	0.97402	0.025492	0.00047586	1.2646e-05
85	0.97397	0.025544	0.00047337	1.2623e-05
86	0.9701	0.029416	0.00046899	1.4476e-05
87	0.96874	0.030783	0.00046582	1.5099e-05
88	0.96921	0.030313	0.00046358	1.482e-05
89	0.97198	0.027543	0.00046241	1.345e-05
90	0.97753	0.022001	0.00046252	1.0788e-05
91	0.98662	0.012913	0.00046423	6.5001e-06
92	0.99001	0.0095217	0.00046327	4.9137e-06
93	0.99095	0.0085857	0.00046109	4.5181e-06
94	0.98982	0.0097166	0.00045791	5.1584e-06
95	0.98994	0.0095999	0.00045537	5.1819e-06
96	0.99161	0.0079321	0.00045354	4.4694e-06
97	0.99125	0.0082939	0.00045071	4.786e-06
98	0.99233	0.0072185	0.00044857	4.4019e-06
99	0.99499	0.0045559	0.00044715	3.278e-06
100	0.99318	0.0063826	0.00043701	3.9032e-06
101	0.99272	0.0068494	0.00042749	3.8725e-06
102	0.99356	0.0060156	0.00041854	3.2341e-06
103	0.99273	0.0068587	0.00040884	3.4276e-06
104	0.99324	0.0063596	0.00039969	3.0357e-06
105	0.99488	0.0047232	0.00039109	2.173e-06
106	0.99497	0.0046412	0.00038185	2.029e-06
107	0.99353	0.0060965	0.00037208	2.4988e-06
108	0.9932	0.0064337	0.00036282	2.5244e-06
109	0.99419	0.005451	0.00035402	2.0646e-06
110	0.99635	0.0033042	0.00034569	1.2048e-06
111	0.99698	0.0026805	0.00033685	9.3292e-07
112	0.99668	0.0029929	0.00032764	9.9159e-07
113	0.99725	0.0024273	0.0003188	7.6187e-07
114	0.99876	0.00093224	0.00031032	2.4998e-07
115	0.96916	0.030527	0.00029926	9.4816e-06
116	0.9489	0.050796	0.00029117	1.5731e-05
117	0.93537	0.064322	0.00028521	1.9836e-05
118	0.92593	0.073771	0.00028057	2.2627e-05
119	0.92062	0.079076	0.00027722	2.4129e-05
120	0.91879	0.080912	0.00027491	2.4569e-05
121	0.91957	0.080134	0.00027341	2.4212e-05
122	0.92302	0.07668	0.00027273	2.3056e-05
123	0.92943	0.070279	0.00027294	2.1035e-05
124	0.92883	0.070876	0.00027108	2.1089e-05
125	0.93073	0.068978	0.00026998	2.0406e-05
126	0.93527	0.064438	0.00026966	1.8953e-05
127	0.93341	0.066307	0.00026749	1.9368e-05
128	0.93454	0.065178	0.00026617	1.892e-05
129	0.93895	0.060766	0.00026576	1.7546e-05
130	0.93772	0.062003	0.00026372	1.7797e-05
131	0.93882	0.060903	0.00026235	1.738e-05
132	0.94237	0.057351	0.00026169	1.6274e-05
133	0.93994	0.059788	0.00025937	1.6846e-05
134	0.94052	0.059206	0.00025787	1.658e-05
135	0.94346	0.05627	0.00025704	1.5663e-05
136	0.94901	0.050718	0.00025694	1.4034e-05
137	0.95845	0.041278	0.00025785	1.1374e-05
138	0.97178	0.027955	0.00025981	7.6861e-06
139	0.97043	0.029308	0.00025778	7.9971e-06
140	0.97086	0.028878	0.00025625	7.8244e-06
141	0.97311	0.026632	0.00025523	7.1676e-06
142	0.97734	0.022401	0.00025473	5.9891e-06
143	0.97755	0.02219	0.00025319	5.8822e-06
144	0.97943	0.020316	0.00025209	5.3399e-06
145	0.98354	0.016206	0.00025155	4.2274e-06
146	0.98443	0.015315	0.00025014	3.9637e-06
147	0.98686	0.01289	0.00024914	3.3093e-06
148	0.99141	0.0083377	0.00024866	2.1263e-06
149	0.99287	0.0068824	0.00024739	1.7397e-06
150	0.99268	0.0070693	0.00024569	1.7709e-06
151	0.99387	0.0058846	0.00024432	1.4646e-06
152	0.99629	0.0034663	0.00024326	8.5716e-07
153	0.99721	0.0025512	0.00024181	6.2784e-07
154	0.9947	0.0050557	0.00023954	1.23e-06
155	0.99361	0.0061511	0.0002376	1.487e-06
156	0.99007	0.0096965	0.0002351	2.3244e-06
157	0.98805	0.011718	0.00023299	2.7864e-06
158	0.98766	0.012105	0.00023125	2.8598e-06
159	0.98406	0.01571	0.00022877	3.6813e-06
160	0.98254	0.017231	0.00022678	4.0107e-06
161	0.98253	0.017238	0.00022516	3.9843e-06
162	0.97913	0.020646	0.00022277	4.7317e-06
163	0.9694	0.030377	0.00021899	6.8918e-06
164	0.96351	0.036269	0.00021608	8.1645e-06
165	0.96063	0.039144	0.00021384	8.7491e-06
166	0.95151	0.048271	0.00021021	1.0717e-05
167	0.94547	0.054311	0.00020731	1.1968e-05
168	0.94266	0.057119	0.00020511	1.2498e-05
169	0.94218	0.057608	0.00020345	1.2511e-05
170	0.94467	0.055118	0.00020241	1.1887e-05
171	0.92878	0.071006	0.00019741	1.521e-05
172	0.9175	0.082287	0.00019346	1.7491e-05
173	0.91103	0.088761	0.00019054	1.8728e-05
174	0.90846	0.091332	0.00018845	1.9132e-05
175	0.9086	0.09119	0.00018694	1.8961e-05
176	0.90145	0.098349	0.00018391	2.0298e-05
177	0.89748	0.10231	0.00018157	2.0952e-05
178	0.89642	0.10338	0.00017985	2.1002e-05
179	0.89816	0.10164	0.00017872	2.0482e-05
180	0.9029	0.096902	0.00017819	1.9368e-05
181	0.91213	0.087672	0.00017852	1.739e-05
182	0.92715	0.072659	0.00017992	1.4323e-05
183	0.94781	0.051996	0.00018238	1.0202e-05
184	0.95614	0.043669	0.00018239	8.5245e-06
185	0.95776	0.042051	0.00018111	8.1486e-06
186	0.95419	0.045621	0.00017885	8.7609e-06
187	0.94329	0.056522	0.00017521	1.0751e-05
188	0.93593	0.063883	0.00017228	1.2037e-05
189	0.93218	0.067637	0.00017002	1.2637e-05
190	0.93098	0.068837	0.00016826	1.2752e-05
191	0.93282	0.066996	0.00016704	1.2316e-05
192	0.93728	0.062543	0.0001663	1.1414e-05
193	0.88955	0.11027	0.00015623	1.9858e-05
194	0.85666	0.14317	0.00014891	2.5531e-05
195	0.83441	0.16542	0.00014355	2.9232e-05
196	0.78237	0.21745	0.00013302	3.8097e-05
197	0.74356	0.25627	0.00012498	4.4471e-05
198	0.71493	0.2849	0.00011885	4.8956e-05
199	0.69423	0.30561	0.00011418	5.1994e-05
200	0.68132	0.31851	0.00011085	5.3671e-05
201	0.67329	0.32654	0.00010839	5.4493e-05
202	0.64565	0.35419	0.00010277	5.8488e-05
203	0.62567	0.37417	9.8498e-05	6.1144e-05
204	0.61191	0.38793	9.53e-05	6.2734e-05
205	0.60324	0.3966	9.296e-05	6.3476e-05
206	0.59906	0.40079	9.136e-05	6.3487e-05
207	0.60038	0.39946	9.0604e-05	6.2643e-05
208	0.58735	0.4125	8.7671e-05	6.3985e-05
209	0.5793	0.42055	8.5542e-05	6.4532e-05
210	0.54923	0.45062	8.0184e-05	6.8316e-05
211	0.52744	0.47242	7.6152e-05	7.0784e-05
212	0.51222	0.48763	7.3155e-05	7.2225e-05
213	0.50239	0.49747	7.0988e-05	7.2845e-05
214	0.47033	0.52953	6.5734e-05	7.6559e-05
215	0.39507	0.60479	5.4539e-05	8.6204e-05
216	0.33835	0.66151	4.6157e-05	9.3045e-05
217	0.29572	0.70414	3.9882e-05	9.7784e-05
218	0.26692	0.73294	3.5572e-05	0.00010055
219	0.24561	0.75426	3.2355e-05	0.00010223
220	0.23016	0.76971	2.998e-05	0.00010307
221	0.1853	0.81457	2.3836e-05	0.00010767
222	0.15464	0.84523	1.9628e-05	0.00011033
223	0.13165	0.86822	1.6495e-05	0.00011192
224	0.11628	0.88359	1.4375e-05	0.00011248
225	0.1051	0.89478	1.2824e-05	0.00011249
226	0.097208	0.90267	1.1713e-05	0.00011205
227	0.092758	0.90712	1.1034e-05	0.00011118
228	0.091325	0.90855	1.0722e-05	0.00010993
229	0.092707	0.90717	1.0741e-05	0.00010835
230	0.096173	0.90371	1.1001e-05	0.00010652
231	0.10203	0.89785	1.1528e-05	0.00010444
232	0.11173	0.88816	1.2465e-05	0.00010193
233	0.12513	0.87476	1.3791e-05	9.9048e-05
234	0.14334	0.85655	1.5613e-05	9.5669e-05
235	0.14717	0.85272	1.5817e-05	9.3914e-05
236	0.15515	0.84474	1.6449e-05	9.1722e-05
237	0.16679	0.8331	1.7449e-05	8.9166e-05
238	0.1493	0.85059	1.5369e-05	8.9683e-05
239	0.13652	0.86337	1.3833e-05	8.966e-05
240	0.12855	0.87135	1.2815e-05	8.9111e-05
241	0.12454	0.87536	1.221e-05	8.814e-05
242	0.12298	0.87692	1.1862e-05	8.6916e-05
243	0.1238	0.8761	1.1751e-05	8.5461e-05
244	0.12705	0.87285	1.1872e-05	8.3779e-05
245	0.13391	0.866	1.2314e-05	8.1768e-05
246	0.14403	0.85587	1.3038e-05	7.9478e-05
247	0.15968	0.84023	1.4221e-05	7.6721e-05
248	0.18083	0.81908	1.585e-05	7.3523e-05
249	0.20924	0.79067	1.8055e-05	6.9754e-05
250	0.25028	0.74964	2.1242e-05	6.4994e-05
251	0.30448	0.69543	2.5424e-05	5.9245e-05
252	0.3763	0.62362	3.0916e-05	5.2192e-05
253	0.40677	0.59315	3.2801e-05	4.8734e-05
254	0.44763	0.55229	3.5433e-05	4.4537e-05
255	0.50196	0.49796	3.901e-05	3.94e-05
256	0.52156	0.47836	3.973e-05	3.711e-05
257	0.54871	0.45122	4.0967e-05	3.4309e-05
258	0.58545	0.41448	4.2842e-05	3.0877e-05
259	0.6348	0.36513	4.5535e-05	2.6634e-05
260	0.70063	0.2993	4.9269e-05	2.1358e-05
261	0.79672	0.20321	5.4883e-05	1.419e-05
262	0.83532	0.16461	5.6295e-05	1.1231e-05
263	0.85029	0.14965	5.5993e-05	9.9748e-06
264	0.87359	0.12634	5.617e-05	8.2273e-06
265	0.90513	0.094805	5.6809e-05	6.0263e-06
266	0.91832	0.081615	5.6199e-05	5.0621e-06
267	0.93679	0.063148	5.5877e-05	3.8191e-06
268	0.94293	0.057009	5.4782e-05	3.3565e-06
269	0.9427	0.057246	5.3291e-05	3.2781e-06
270	0.94478	0.055167	5.1939e-05	3.0698e-06
271	0.9493	0.050646	5.072e-05	2.7356e-06
272	0.95665	0.043295	4.9646e-05	2.2658e-06
273	0.96859	0.031363	4.8769e-05	1.5869e-06
274	0.97271	0.027242	4.7477e-05	1.3308e-06
275	0.97986	0.020096	4.6303e-05	9.4419e-07
276	0.99094	0.0090148	4.5276e-05	3.9973e-07
277	0.99542	0.0045339	4.3928e-05	1.8385e-07
278	0.99473	0.0052299	4.2337e-05	1.9965e-07
279	0.99506	0.0048976	4.0797e-05	1.7226e-07
280	0.99408	0.0058764	3.9198e-05	1.9193e-07
281	0.99417	0.0057926	3.7648e-05	1.7056e-07
282	0.99254	0.0074265	3.6034e-05	2.0006e-07
283	0.99209	0.0078791	3.4471e-05	1.879e-07
284	0.98964	0.010324	3.4582e-05	2.813e-07
285	0.98859	0.011379	3.4739e-05	3.2819e-07
286	0.98445	0.015518	3.4782e-05	4.7999e-07
287	0.98242	0.017544	3.4887e-05	5.5989e-07
288	0.98225	0.017715	3.5047e-05	5.7631e-07
289	0.98391	0.016052	3.5261e-05	5.2981e-07
290	0.98724	0.012725	3.5533e-05	4.2493e-07
291	0.99247	0.0074977	3.5871e-05	2.53e-07
292	0.9854	0.014566	3.5767e-05	5.134e-07
293	0.98111	0.018856	3.5753e-05	6.7481e-07
294	0.97867	0.021294	3.5806e-05	7.6896e-07
295	0.97079	0.029175	3.5647e-05	1.0653e-06
296	0.96556	0.034404	3.5585e-05	1.2644e-06
297	0.96261	0.037349	3.5606e-05	1.3794e-06
298	0.96225	0.037715	3.5713e-05	1.3997e-06
299	0.96386	0.0361	3.5894e-05	1.3455e-06
300	0.96756	0.032406	3.6152e-05	1.2124e-06
301	0.95732	0.042645	3.589e-05	1.6e-06
302	0.95106	0.048899	3.5765e-05	1.8408e-06
303	0.94741	0.052555	3.5737e-05	1.9838e-06
304	0.94673	0.053236	3.5812e-05	2.0155e-06
305	0.94826	0.051705	3.597e-05	1.9624e-06
306	0.95287	0.047096	3.6236e-05	1.7922e-06
307	0.95173	0.048235	3.6275e-05	1.8407e-06
308	0.95275	0.047216	3.6395e-05	1.8059e-06
309	0.95655	0.043415	3.6614e-05	1.6648e-06
310	0.96293	0.037029	3.6932e-05	1.4228e-06
311	0.97236	0.027604	3.7369e-05	1.0615e-06
312	0.98695	0.013012	3.7996e-05	5.0065e-07
313	0.98767	0.012292	3.808e-05	4.7378e-07
314	0.9901	0.0098626	3.8221e-05	3.8117e-07
315	0.99414	0.0058166	3.8424e-05	2.253e-07
316	0.99549	0.0044684	3.8523e-05	1.7315e-07
317	0.99545	0.0045095	3.8558e-05	1.7496e-07
318	0.9939	0.0060634	3.8535e-05	2.3516e-07
319	0.98991	0.010055	3.8408e-05	3.9033e-07
320	0.98753	0.012435	3.8342e-05	4.8261e-07
321	0.98691	0.013051	3.8336e-05	5.0677e-07
322	0.98764	0.012321	3.8381e-05	4.7823e-07
323	0.98599	0.013973	3.8325e-05	5.4238e-07
324	0.98576	0.014199	3.8324e-05	5.5071e-07
325	0.98722	0.012738	3.8379e-05	4.9371e-07
326	0.99056	0.0094033	3.8498e-05	3.643e-07
327	0.99629	0.0036674	3.8699e-05	1.4246e-07
328	0.99342	0.0065397	3.8567e-05	2.541e-07
329	0.99187	0.0080937	3.8485e-05	3.1404e-07
330	0.99153	0.0084353	3.8451e-05	3.2654e-07
331	0.99258	0.0073772	3.8461e-05	2.8502e-07
332	0.99518	0.0047847	3.8521e-05	1.8446e-07
333	0.99971	0.00024857	3.8647e-05	9.5174e-09
334	0.999	0.00096474	3.856e-05	3.7035e-08
335	0.99906	0.00089884	3.8494e-05	3.4453e-08
336	0.99994	2.4236e-05	3.8449e-05	9.2743e-10
337	0.99979	0.00017652	3.8356e-05	6.8008e-09
338	0.99578	0.0041816	3.8115e-05	1.6031e-07
339	0.99355	0.0064087	3.7932e-05	2.4543e-07
340	0.99255	0.0074109	3.7797e-05	2.8302e-07
341	0.99293	0.0070308	3.7705e-05	2.6807e-07
342	0.99448	0.0054825	3.7657e-05	2.0858e-07
343	0.99115	0.0088171	3.7414e-05	3.3464e-07
344	0.98928	0.010687	3.7227e-05	4.0417e-07
345	0.98898	0.010983	3.709e-05	4.1434e-07
346	0.98591	0.014055	3.684e-05	5.2904e-07
347	0.98442	0.015547	3.6649e-05	5.8329e-07
348	0.98439	0.015576	3.6514e-05	5.8221e-07
349	0.98582	0.014144	3.6432e-05	5.2649e-07
350	0.98925	0.01071	3.6414e-05	3.976e-07
351	0.99459	0.0053733	3.6465e-05	1.99e-07
352	0.98928	0.010688	3.6115e-05	3.9349e-07
353	0.98586	0.014104	3.5835e-05	5.1638e-07
354	0.98444	0.015524	3.5619e-05	5.6599e-07
355	0.98448	0.015484	3.5456e-05	5.6198e-07
356	0.98596	0.014	3.5345e-05	5.0556e-07
357	0.989	0.010959	3.5289e-05	3.9335e-07
358	0.9943	0.0056666	3.5302e-05	2.0224e-07
359	0.99626	0.0037058	3.5186e-05	1.3171e-07
360	0.99669	0.0032758	3.5015e-05	1.1568e-07
361	0.99609	0.0038741	3.4798e-05	1.3603e-07
362	0.99643	0.0035345	3.4613e-05	1.233e-07
363	0.99556	0.0044041	3.4386e-05	1.5234e-07
364	0.99586	0.0041035	3.419e-05	1.41e-07
365	0.99036	0.0096093	3.3796e-05	3.2713e-07
366	0.98712	0.012844	3.3471e-05	4.3447e-07
367	0.98581	0.014159	3.3203e-05	4.7602e-07
368	0.9859	0.014062	3.2983e-05	4.6936e-07
369	0.98777	0.012194	3.2811e-05	4.0418e-07
370	0.99167	0.0082946	3.2696e-05	2.7335e-07
371	0.99275	0.0072174	3.2487e-05	2.3615e-07
372	0.99205	0.0079153	3.221e-05	2.5728e-07
373	0.9925	0.0074646	3.197e-05	2.4074e-07
374	0.99438	0.0055908	3.1766e-05	1.7916e-07
375	0.9976	0.0023667	3.1604e-05	7.542e-08
376	0.99895	0.0010209	3.138e-05	3.2326e-08
377	0.99954	0.00043234	3.1131e-05	1.3577e-08
378	0.99987	9.6522e-05	3.0873e-05	2.9887e-09
379	0.99991	6.0637e-05	3.0596e-05	1.8585e-09
380	0.99906	0.00091237	3.0283e-05	2.7778e-08
381	0.99893	0.0010447	2.9992e-05	3.1483e-08
382	0.99838	0.0015855	2.9679e-05	4.739e-08
383	0.99702	0.0029459	2.9333e-05	8.7396e-08
384	0.99359	0.0063816	2.8927e-05	1.8725e-07
385	0.99182	0.0081485	2.8561e-05	2.3688e-07
386	0.99129	0.0086806	2.8231e-05	2.4978e-07
387	0.99195	0.0080195	2.7936e-05	2.2835e-07
388	0.99386	0.0061135	2.7673e-05	1.7226e-07
389	0.99714	0.0028301	2.7448e-05	7.8957e-08
390	0.99844	0.0015349	2.7164e-05	4.2289e-08
391	0.99387	0.0061042	2.6712e-05	1.6513e-07
392	0.99095	0.0090265	2.6306e-05	2.4074e-07
393	0.98969	0.010285	2.5937e-05	2.7088e-07
394	0.98971	0.010267	2.5601e-05	2.6682e-07
395	0.99125	0.0087264	2.5295e-05	2.2398e-07
396	0.99419	0.0057888	2.5022e-05	1.4667e-07
397	0.99516	0.0048106	2.4689e-05	1.2041e-07
398	0.99468	0.0052982	2.4319e-05	1.3069e-07
399	0.99521	0.0047654	2.3972e-05	1.1579e-07
400	0.9943	0.0056801	2.359e-05	1.3562e-07
401	0.99444	0.0055351	2.3233e-05	1.2981e-07
402	0.99589	0.0040902	2.2896e-05	9.4274e-08
403	0.99883	0.0011435	2.2583e-05	2.5964e-08
404	0.99883	0.0011513	2.22e-05	2.5641e-08
405	0.99838	0.0015948	2.1799e-05	3.49e-08
406	0.99723	0.0027495	2.1374e-05	5.9187e-08
407	0.99698	0.0029971	2.0968e-05	6.3313e-08
408	0.99761	0.0023645	2.0579e-05	4.8942e-08
409	0.99748	0.0024949	2.0165e-05	5.0631e-08
410	0.99631	0.00367	1.9729e-05	7.2832e-08
411	0.9961	0.0038783	1.9312e-05	7.518e-08
412	0.99465	0.0053339	1.8863e-05	1.0104e-07
413	0.99448	0.0055013	1.8429e-05	1.0188e-07
414	0.99558	0.0044038	1.8009e-05	7.9777e-08
415	0.99781	0.0021721	1.7607e-05	3.8469e-08
416	0.99866	0.0013267	1.7178e-05	2.2909e-08
417	0.99892	0.00106	1.673e-05	1.7879e-08
418	0.99109	0.0088931	1.6148e-05	1.4556e-07
419	0.98613	0.01385	1.5609e-05	2.2053e-07
420	0.98307	0.016916	1.5104e-05	2.6143e-07
421	0.97415	0.025838	1.4512e-05	3.8656e-07
422	0.96805	0.031936	1.3969e-05	4.621e-07
423	0.96431	0.035673	1.3464e-05	4.986e-07
424	0.96311	0.036872	1.2987e-05	4.9733e-07
425	0.9643	0.035683	1.2534e-05	4.6381e-07
426	0.96814	0.031848	1.2104e-05	3.9832e-07
427	0.97439	0.025598	1.1698e-05	3.0724e-07
428	0.98434	0.015647	1.1319e-05	1.7996e-07
429	0.99815	0.0018426	1.0972e-05	1.9855e-08
430	0.99634	0.0036456	1.0438e-05	3.7314e-08
431	0.99188	0.0081068	9.8793e-06	7.8507e-08
432	0.98909	0.010896	9.3391e-06	9.9438e-08
433	0.98774	0.012246	8.813e-06	1.0475e-07
434	0.98799	0.011998	8.2926e-06	9.5457e-08
435	0.98987	0.010118	7.7757e-06	7.3779e-08
436	0.98441	0.015579	7.2048e-06	1.0464e-07
437	0.98136	0.018637	6.6463e-06	1.1428e-07
438	0.98038	0.019611	6.0944e-06	1.0826e-07
439	0.98097	0.019022	5.5507e-06	9.2553e-08
440	0.98352	0.016475	5.0072e-06	6.7834e-08
441	0.98835	0.011646	4.462e-06	3.5939e-08
442	0.98598	0.014016	4.5157e-06	4.9075e-08
443	0.9851	0.014896	4.571e-06	5.5727e-08
444	0.98563	0.014369	4.6279e-06	5.609e-08
445	0.98799	0.012004	4.685e-06	4.8285e-08
446	0.99204	0.0079534	4.7451e-06	3.27e-08
447	0.99872	0.001278	4.8091e-06	5.3573e-09
448	0.99573	0.0042614	4.8264e-06	1.9911e-08
449	0.99423	0.0057686	4.8428e-06	2.7465e-08
450	0.99382	0.0061776	4.8599e-06	2.9661e-08
451	0.99137	0.0086207	4.8623e-06	4.1683e-08
452	0.99025	0.009743	4.8664e-06	4.7198e-08
453	0.99038	0.0096166	4.8719e-06	4.651e-08
454	0.99175	0.0082456	4.8789e-06	3.9616e-08
455	0.99447	0.0055258	4.8878e-06	2.6006e-08
456	0.99921	0.00078138	4.8987e-06	2.5359e-09
457	0.9889	0.011099	5.5304e-06	6.0877e-08
458	0.98155	0.018447	6.1662e-06	1.1461e-07
459	0.97664	0.023355	6.8086e-06	1.6126e-07
460	0.96451	0.035486	7.3802e-06	2.6962e-07
461	0.95677	0.043225	7.9627e-06	3.5782e-07
462	0.95256	0.047434	8.5575e-06	4.2449e-07
463	0.79993	0.20006	7.7169e-06	1.926e-06
464	0.69317	0.30681	7.1376e-06	3.1573e-06
465	0.61267	0.38732	6.7096e-06	4.2363e-06
466	0.55766	0.44233	6.4649e-06	5.1233e-06
467	0.51655	0.48344	6.3214e-06	5.9077e-06
468	0.48916	0.51083	6.2957e-06	6.5659e-06
469	0.47166	0.52833	6.3635e-06	7.1221e-06
470	0.4598	0.54018	6.49e-06	7.618e-06
471	0.454	0.54599	6.686e-06	8.0361e-06
472	0.4535	0.54648	6.9517e-06	8.3764e-06
473	0.43761	0.56238	6.9717e-06	8.9606e-06
474	0.42713	0.57286	7.063e-06	9.4719e-06
475	0.42242	0.57756	7.236e-06	9.8933e-06
476	0.34157	0.65841	6.0458e-06	1.167e-05
477	0.28053	0.71945	5.128e-06	1.3172e-05
478	0.23802	0.76196	4.4846e-06	1.4392e-05
479	0.20598	0.794	3.9982e-06	1.5452e-05
480	0.18195	0.81803	3.6372e-06	1.6385e-05
481	0.16422	0.83576	3.3793e-06	1.7213e-05
482	0.1514	0.84858	3.2055e-06	1.7954e-05
483	0.14248	0.8575	3.1024e-06	1.8622e-05
484	0.1367	0.86328	3.0598e-06	1.9228e-05
485	0.13466	0.86532	3.0936e-06	1.9749e-05
486	0.11986	0.88012	2.83e-06	2.0565e-05
487	0.11021	0.88977	2.6701e-06	2.127e-05
488	0.10465	0.89533	2.5978e-06	2.188e-05
489	0.10153	0.89844	2.5814e-06	2.2432e-05
490	0.088251	0.91172	2.3014e-06	2.324e-05
491	0.078489	0.92149	2.0998e-06	2.3967e-05
492	0.071551	0.92842	1.9637e-06	2.4626e-05
493	0.067556	0.93242	1.8989e-06	2.5206e-05
494	0.066122	0.93385	1.9004e-06	2.5712e-05
495	0.067047	0.93292	1.9672e-06	2.6146e-05
496	0.060269	0.9397	1.8133e-06	2.6798e-05
497	0.056376	0.94359	1.7362e-06	2.7365e-05
498	0.05414	0.94583	1.706e-06	2.7883e-05
499	0.053932	0.94604	1.7357e-06	2.8334e-05
500	0.055726	0.94424	1.8285e-06	2.8714e-05
501	0.059151	0.94082	1.978e-06	2.9036e-05
502	0.065173	0.9348	2.2176e-06	2.9259e-05
503	0.073615	0.92635	2.5485e-06	2.9389e-05
504	0.08629	0.91368	3.035e-06	2.9356e-05
505	0.1033	0.89667	3.6919e-06	2.915e-05
506	0.12598	0.87398	4.5757e-06	2.8715e-05
507	0.13271	0.86725	4.9011e-06	2.8837e-05
508	0.12981	0.87016	4.8896e-06	2.9293e-05
509	0.13014	0.86982	4.991e-06	2.9628e-05
510	0.13291	0.86706	5.1861e-06	2.9868e-05
511	0.13832	0.86165	5.4887e-06	2.9998e-05
512	0.14684	0.85312	5.9234e-06	2.9994e-05
513	0.16072	0.83925	6.5827e-06	2.9758e-05
514	0.17965	0.82031	7.4704e-06	2.9291e-05
515	0.20507	0.79489	8.6577e-06	2.8523e-05
516	0.24259	0.75737	1.0387e-05	2.7205e-05
517	0.23907	0.76089	1.0421e-05	2.758e-05
518	0.23983	0.76013	1.0623e-05	2.778e-05
519	0.2452	0.75476	1.1019e-05	2.7778e-05
520	0.21208	0.78788	9.9299e-06	2.9259e-05
521	0.18938	0.81058	9.2066e-06	3.0366e-05
522	0.17263	0.82733	8.7007e-06	3.1255e-05
523	0.16056	0.8394	8.3711e-06	3.1964e-05
524	0.15226	0.8477	8.19e-06	3.2524e-05
525	0.14713	0.85283	8.1428e-06	3.2948e-05
526	0.12944	0.87051	7.8105e-06	3.853e-05
527	0.11793	0.88202	7.6915e-06	4.3889e-05
528	0.10987	0.89008	7.7014e-06	4.9143e-05
529	0.085043	0.91489	6.3892e-06	5.5744e-05
530	0.066197	0.93374	5.3088e-06	6.2137e-05
531	0.053138	0.94679	4.5223e-06	6.8227e-05
532	0.04334	0.95658	3.9018e-06	7.4175e-05
533	0.036727	0.96319	3.4801e-06	7.9915e-05
534	0.031884	0.96803	3.1717e-06	8.5566e-05
535	0.029026	0.97088	3.018e-06	9.1053e-05
536	0.027255	0.97265	2.9559e-06	9.6471e-05
537	0.026434	0.97346	2.9855e-06	0.00010182
538	0.026503	0.97339	3.1128e-06	0.0001071
539	0.027466	0.97242	3.3512e-06	0.00011229
540	0.029419	0.97046	3.7261e-06	0.00011737
541	0.026019	0.97385	3.4333e-06	0.00012314
542	0.024201	0.97567	3.3175e-06	0.00012872
543	0.023637	0.97623	3.3574e-06	0.00013415
544	0.018264	0.98159	2.6844e-06	0.00014027
545	0.014177	0.98568	2.1547e-06	0.00014627
546	0.011055	0.98879	1.7368e-06	0.00015219
547	0.0086551	0.99119	1.4054e-06	0.00015805
548	0.007079	0.99276	1.1848e-06	0.00016379
549	0.0061067	0.99372	1.0506e-06	0.00016943
550	0.005385	0.99444	9.5234e-07	0.00017506
551	0.0048572	0.99496	8.8335e-07	0.00018069
552	0.0046735	0.99514	8.7194e-07	0.00018625
553	0.00461	0.9952	8.8289e-07	0.00019182
554	0.0046709	0.99513	9.1884e-07	0.00019738
555	0.004861	0.99494	9.8277e-07	0.00020294
556	0.0051951	0.9946	1.0801e-06	0.0002085
557	0.0056994	0.99409	1.219e-06	0.00021404
558	0.0064134	0.99337	1.4116e-06	0.00021955
559	0.0073814	0.99239	1.6722e-06	0.00022502
560	0.0089717	0.9908	2.0871e-06	0.00023033
561	0.011343	0.98842	2.7045e-06	0.00023543
562	0.014796	0.98496	3.6103e-06	0.00024023
563	0.01928	0.98047	4.818e-06	0.00024475
564	0.025876	0.97387	6.6117e-06	0.00024868
565	0.020497	0.97924	5.3608e-06	0.00025568
566	0.016868	0.98286	4.5102e-06	0.00026227
567	0.014188	0.98554	3.8815e-06	0.00026867
568	0.012539	0.98718	3.5059e-06	0.0002748
569	0.011768	0.98795	3.3582e-06	0.0002807
570	0.011766	0.98794	3.4228e-06	0.00028637
571	0.012534	0.98717	3.7122e-06	0.00029182
572	0.0096951	0.99	2.9262e-06	0.00029836
573	0.0077552	0.99194	2.3812e-06	0.00030465
574	0.006249	0.99344	1.9536e-06	0.00031086
575	0.005249	0.99443	1.6678e-06	0.00031691
576	0.0044504	0.99523	1.4383e-06	0.00032294
577	0.0039874	0.99568	1.3081e-06	0.00032885
578	0.0036218	0.99604	1.207e-06	0.00033477
579	0.003325	0.99633	1.1267e-06	0.00034069
580	0.0032322	0.99642	1.1111e-06	0.00034654
581	0.0031727	0.99647	1.1073e-06	0.0003524
582	0.0031345	0.99651	1.1114e-06	0.00035829
583	0.0031221	0.99651	1.1252e-06	0.00036419
584	0.0032905	0.99634	1.2027e-06	0.00037002
585	0.0034912	0.99613	1.295e-06	0.00037586
586	0.0037394	0.99588	1.4084e-06	0.00038171
587	0.0040539	0.99556	1.5512e-06	0.00038756
588	0.0046546	0.99495	1.8058e-06	0.00039329
589	0.0054129	0.99419	2.1311e-06	0.00039898
590	0.0063773	0.99322	2.5498e-06	0.0004046
591	0.007621	0.99197	3.0961e-06	0.00041013
592	0.0092384	0.99034	3.8153e-06	0.00041551
593	0.011656	0.98792	4.886e-06	0.00042053
594	0.015264	0.9843	6.4861e-06	0.00042501
595	0.019949	0.97961	8.6011e-06	0.00042901
596	0.026065	0.97349	1.1411e-05	0.00043234
597	0.03412	0.96543	1.5173e-05	0.00043475
598	0.045699	0.95385	2.0614e-05	0.00043547
599	0.049086	0.95045	2.2428e-05	0.00043981
600	0.046768	0.95276	2.1615e-05	0.00044677
601	0.04643	0.9531	2.1698e-05	0.00045282
602	0.039688	0.95983	1.8687e-05	0.00046195
603	0.034779	0.96473	1.6503e-05	0.00047029
604	0.031931	0.96758	1.5261e-05	0.00047767
605	0.030747	0.96875	1.4799e-05	0.00048427
606	0.030585	0.96891	1.4837e-05	0.0004904
607	0.031833	0.96766	1.5565e-05	0.00049582
608	0.034174	0.96531	1.6858e-05	0.00050072
609	0.037816	0.96166	1.8839e-05	0.00050495
610	0.043042	0.95643	2.1676e-05	0.00050837
611	0.042535	0.95693	2.1578e-05	0.00051471
612	0.043263	0.95619	2.213e-05	0.00052043
613	0.045806	0.95365	2.3633e-05	0.00052519
614	0.049867	0.94958	2.5974e-05	0.00052914
615	0.055754	0.94368	2.9345e-05	0.00053209
616	0.043627	0.95581	2.2798e-05	0.000545
617	0.03448	0.96495	1.781e-05	0.00055638
618	0.028368	0.97105	1.442e-05	0.00056615
619	0.023848	0.97557	1.1874e-05	0.00057511
620	0.020973	0.97843	1.0195e-05	0.0005832
621	0.019377	0.98002	9.1849e-06	0.0005906
622	0.018525	0.98087	8.5551e-06	0.00059766
623	0.01837	0.98102	8.2713e-06	0.00060441
624	0.019212	0.98017	8.4627e-06	0.00061067
625	0.021157	0.97822	9.1576e-06	0.00061642
626	0.024019	0.97535	1.0257e-05	0.0006218
627	0.028014	0.97135	1.1853e-05	0.00062671
628	0.034201	0.96515	1.4396e-05	0.00063067
629	0.042472	0.95688	1.7851e-05	0.00063374
630	0.054478	0.94486	2.2914e-05	0.0006352
631	0.071747	0.92759	3.0251e-05	0.00063438
632	0.076837	0.9225	3.4221e-05	0.00063011
633	0.084354	0.91498	3.972e-05	0.00062432
634	0.083404	0.91593	4.0024e-05	0.00062374
635	0.084999	0.91434	4.1754e-05	0.00062172
636	0.089342	0.90999	4.5124e-05	0.00061805
637	0.097179	0.90216	5.0676e-05	0.0006122
638	0.10817	0.89117	5.8288e-05	0.00060429
639	0.12322	0.87612	6.8602e-05	0.00059369
640	0.14571	0.85363	8.381e-05	0.00057819
641	0.17554	0.8238	0.00010397	0.00055775
642	0.21516	0.78418	0.00013076	0.00053069
643	0.22831	0.77103	0.0001398	0.0005214
644	0.24854	0.7508	0.00015352	0.00050741
645	0.27897	0.72037	0.000174	0.00048665
646	0.32387	0.67547	0.00020407	0.0004563
647	0.38325	0.61609	0.00024393	0.00041616
648	0.46979	0.52955	0.00030181	0.000358
649	0.47594	0.5234	0.00030594	0.00035359
650	0.48823	0.51111	0.00031411	0.00034513
651	0.50627	0.49307	0.00032616	0.00033282
652	0.53158	0.46776	0.00034312	0.0003156
653	0.5691	0.43024	0.00036818	0.00029029
654	0.61923	0.38011	0.00040177	0.00025645
655	0.63771	0.36164	0.00041415	0.00024383
656	0.66591	0.33343	0.00043299	0.00022474
657	0.70404	0.29531	0.00045856	0.00019895
658	0.76035	0.239	0.00049622	0.00016104
659	0.83532	0.16403	0.00054655	0.00011049
660	0.93437	0.064969	0.00061328	4.3552e-05
661	0.93504	0.0643	0.00061359	4.3019e-05
662	0.93879	0.060558	0.00061591	4.046e-05
663	0.94608	0.053266	0.00062056	3.5559e-05
664	0.95681	0.042539	0.00062753	2.8351e-05
665	0.97341	0.025935	0.00063837	1.7259e-05
666	0.98042	0.01892	0.00064278	1.2582e-05
667	0.99042	0.0089281	0.0006492	5.9137e-06
668	0.99066	0.008685	0.00064912	5.7363e-06
669	0.98869	0.010653	0.00064761	7.0031e-06
670	0.98831	0.011038	0.00064711	7.2388e-06
671	0.98946	0.0098895	0.0006476	6.4747e-06
672	0.99235	0.0069953	0.00064921	4.574e-06
673	0.99311	0.0062326	0.00064941	4.0747e-06
674	0.99239	0.0069559	0.00064861	4.5514e-06
675	0.99278	0.0065632	0.00064856	4.2929e-06
676	0.99458	0.0047636	0.00064941	3.1208e-06
677	0.99475	0.0045969	0.00064922	3.0115e-06
678	0.99342	0.0059232	0.00064808	3.8738e-06
679	0.99341	0.0059378	0.00064777	3.8835e-06
680	0.99447	0.004883	0.00064819	3.1906e-06
681	0.99696	0.0023898	0.00064952	1.5651e-06
682	0.99612	0.0032284	0.0006487	2.1114e-06
683	0.99619	0.0031545	0.0006485	2.0591e-06
684	0.99719	0.0021623	0.00064892	1.4046e-06
685	0.99514	0.004214	0.00064733	2.7323e-06
686	0.99042	0.0089329	0.00064395	5.8087e-06
687	0.98782	0.011529	0.00064192	7.5073e-06
688	0.98666	0.012695	0.00064086	8.2658e-06
689	0.98238	0.016968	0.00063775	1.1055e-05
690	0.97994	0.019409	0.00063586	1.264e-05
691	0.97914	0.020211	0.00063507	1.3149e-05
692	0.98031	0.019043	0.00063553	1.2386e-05
693	0.98313	0.016223	0.0006371	1.0543e-05
694	0.9883	0.011051	0.00064016	7.1837e-06
695	0.99582	0.0035329	0.00064478	2.2911e-06
696	0.9993	5.5185e-05	0.00064674	3.5897e-08
697	0.99931	4.1379e-05	0.00064648	2.6865e-08
698	0.99864	0.00071478	0.00064575	4.6542e-07
699	0.99739	0.0019609	0.00064463	1.2807e-06
700	0.99446	0.0048954	0.00064244	3.1931e-06
701	0.98786	0.011497	0.00063783	7.506e-06
702	0.98394	0.015415	0.00063494	1.0077e-05
703	0.98174	0.017613	0.0006332	1.1516e-05
704	0.9811	0.018257	0.0006325	1.1938e-05
705	0.98196	0.017396	0.00063281	1.1377e-05
706	0.98441	0.014945	0.00063417	9.777e-06
707	0.98862	0.010735	0.0006367	7.0278e-06
708	0.99491	0.004447	0.00064061	2.917e-06
709	0.95611	0.043243	0.00061524	2.8072e-05
710	0.92939	0.06997	0.00059764	4.5436e-05
711	0.90976	0.089598	0.00058473	5.8136e-05
712	0.89692	0.10244	0.00057618	6.6462e-05
713	0.88829	0.11106	0.00057041	7.2026e-05
714	0.88401	0.11535	0.00056741	7.48e-05
715	0.88368	0.11567	0.00056694	7.5036e-05
716	0.8863	0.11306	0.0005684	7.3358e-05
717	0.88049	0.11887	0.00056446	7.7097e-05
718	0.87788	0.12148	0.00056261	7.8757e-05
719	0.87903	0.12033	0.00056317	7.8e-05
720	0.88429	0.11507	0.00056634	7.4623e-05
721	0.89316	0.1062	0.00057186	6.8909e-05
722	0.90632	0.093038	0.00058019	6.0403e-05
723	0.92481	0.074545	0.00059201	4.8426e-05
724	0.93194	0.067415	0.00059645	4.3818e-05
725	0.94261	0.056754	0.0006032	3.6913e-05
726	0.95761	0.041752	0.0006128	2.7176e-05
727	0.96288	0.036479	0.00061613	2.3732e-05
728	0.97172	0.027642	0.00062173	1.7998e-05
729	0.98414	0.015217	0.0006297	9.9192e-06
730	0.98397	0.015391	0.00062952	1.001e-05
731	0.98089	0.018473	0.00062744	1.198e-05
732	0.97949	0.019867	0.00062647	1.2857e-05
733	0.97968	0.019681	0.00062655	1.2711e-05
734	0.98188	0.017485	0.00062789	1.1281e-05
735	0.98587	0.013492	0.00063043	8.6834e-06
736	0.98689	0.01247	0.00063102	8.0114e-06
737	0.98975	0.0096086	0.00063277	6.1654e-06
738	0.99485	0.0045072	0.00063592	2.8922e-06
739	0.99072	0.0086462	0.00063319	5.5287e-06
740	0.98849	0.010876	0.00063166	6.9519e-06
741	0.98793	0.011427	0.00063118	7.308e-06
742	0.98484	0.014525	0.00062904	9.301e-06
743	0.98333	0.016027	0.00062795	1.0264e-05
744	0.9777	0.021658	0.00062426	1.3855e-05
745	0.96441	0.034948	0.00061564	2.2358e-05
746	0.95599	0.04337	0.0006101	2.7762e-05
747	0.95051	0.048849	0.00060648	3.1261e-05
748	0.9482	0.051163	0.00060486	3.2749e-05
749	0.94812	0.051243	0.0006047	3.2795e-05
750	0.95091	0.048452	0.00060635	3.102e-05
751	0.95615	0.043216	0.00060959	2.767e-05
752	0.96505	0.034309	0.00061514	2.1995e-05
753	0.97763	0.02173	0.00062307	1.3954e-05
754	0.99492	0.0044454	0.00063406	2.8741e-06
755	0.99408	0.0052855	0.00063346	3.4116e-06
756	0.99426	0.0050998	0.00063353	3.2886e-06
757	0.99291	0.0064555	0.00063264	4.1493e-06
758	0.99267	0.0066964	0.00063249	4.2934e-06
759	0.99377	0.0055944	0.00063317	3.5839e-06
760	0.99637	0.0029955	0.00063479	1.9233e-06
761	0.9973	0.0020584	0.00063537	1.3221e-06
762	0.99922	0.00014446	0.0006366	9.2422e-08
763	0.99834	0.0010267	0.00063602	6.5401e-07
764	0.99827	0.0010972	0.00063593	7.0012e-07
765	0.99891	0.00045275	0.00063633	2.8853e-07
766	0.99844	0.00092304	0.000636	5.889e-07
767	0.99431	0.0050527	0.00063331	3.2321e-06
768	0.99171	0.0076541	0.00063162	4.8912e-06
769	0.9907	0.0086601	0.00063093	5.5379e-06
770	0.99089	0.0084785	0.00063102	5.4214e-06
771	0.99251	0.0068528	0.00063202	4.389e-06
772	0.99243	0.0069343	0.0006319	4.4505e-06
773	0.99346	0.0059008	0.00063252	3.7956e-06
774	0.9957	0.0036607	0.00063393	2.365e-06
775	0.99419	0.0051766	0.00063292	3.3485e-06
776	0.99374	0.0056213	0.00063261	3.6409e-06
777	0.99434	0.0050283	0.00063299	3.2651e-06
778	0.99339	0.0059712	0.00063241	3.8749e-06
779	0.9903	0.0090595	0.00063041	5.8766e-06
780	0.98865	0.010717	0.00062937	6.952e-06
781	0.98383	0.015533	0.00062626	1.0078e-05
782	0.98089	0.018474	0.00062438	1.1986e-05
783	0.98001	0.019354	0.00062381	1.2577e-05
784	0.96147	0.037891	0.00061183	2.4583e-05
785	0.94934	0.050027	0.00060396	3.2476e-05
786	0.94094	0.05842	0.00059855	3.7926e-05
787	0.93564	0.063728	0.00059516	4.1369e-05
788	0.93358	0.065781	0.00059384	4.2732e-05
789	0.93393	0.065435	0.0005941	4.254e-05
790	0.90921	0.090154	0.0005781	5.8584e-05
791	0.8911	0.10826	0.00056644	7.0309e-05
792	0.87824	0.12113	0.00055821	7.8624e-05
793	0.86963	0.12973	0.00055276	8.4172e-05
794	0.86464	0.13472	0.00054967	8.7383e-05
795	0.86292	0.13644	0.00054871	8.8475e-05
796	0.85182	0.14755	0.0005417	9.5612e-05
797	0.82077	0.17859	0.00052197	0.00011548
798	0.74333	0.25603	0.00047272	0.00016489
799	0.55169	0.44768	0.00035101	0.00028678
800	0.41739	0.58197	0.00026547	0.00037248
801	0.3249	0.67446	0.00020638	0.00043171
802	0.25466	0.7447	0.00016165	0.00047661
803	0.20559	0.79377	0.00013031	0.00050811
804	0.16841	0.83095	0.00010663	0.00053195
805	0.1403	0.85906	8.8798e-05	0.00054996
806	0.12095	0.87841	7.6483e-05	0.00056244
807	0.10817	0.89119	6.8314e-05	0.00057077
808	0.10016	0.8992	6.3169e-05	0.00057607
809	0.095806	0.90355	6.0338e-05	0.00057904
810	0.093642	0.90572	5.8921e-05	0.00058061
811	0.081974	0.91739	5.1461e-05	0.00058823
812	0.074379	0.92498	4.6576e-05	0.00059327
813	0.069197	0.93016	4.3249e-05	0.00059676
814	0.066023	0.93334	4.1214e-05	0.00059897
815	0.064576	0.93478	4.0286e-05	0.00060008
816	0.064746	0.93461	4.0393e-05	0.00060017
817	0.066578	0.93278	4.1566e-05	0.0005992
818	0.070863	0.9285	4.4273e-05	0.00059669
819	0.077354	0.92201	4.8394e-05	0.00059278
820	0.087743	0.91162	5.4959e-05	0.00058642
821	0.1018	0.89756	6.3879e-05	0.00057771
822	0.12069	0.87867	7.5907e-05	0.0005659
823	0.14589	0.85347	9.201e-05	0.00055003
824	0.18216	0.8172	0.00011512	0.00052714
825	0.2302	0.76916	0.00014585	0.00049665
826	0.24974	0.74962	0.00015833	0.00048439
827	0.27869	0.72066	0.00017678	0.00046616
828	0.31749	0.68186	0.00020158	0.00044158
829	0.36894	0.63041	0.00023459	0.00040882
830	0.43725	0.5621	0.00027857	0.00036509
831	0.52777	0.47158	0.00033707	0.00030686
832	0.51595	0.48341	0.00032964	0.00031458
833	0.51049	0.48887	0.00032626	0.00031823
834	0.50925	0.4901	0.00032564	0.00031914
835	0.5133	0.48606	0.00032839	0.00031665
836	0.52174	0.47761	0.00033404	0.0003113
837	0.53689	0.46247	0.00034398	0.00030164
838	0.56066	0.4387	0.00035945	0.00028644
839	0.59672	0.40263	0.00038279	0.00026335
840	0.64498	0.35437	0.00041411	0.00023229
841	0.7091	0.29025	0.00045586	0.00019083
842	0.73397	0.26538	0.00047225	0.00017474
843	0.74124	0.25812	0.00047724	0.00017007
844	0.75486	0.24449	0.00048634	0.00016127
845	0.77675	0.2226	0.00050077	0.00014713
846	0.80668	0.19267	0.00052052	0.00012769
847	0.8022	0.19715	0.00051786	0.00013068
848	0.80225	0.1971	0.00051811	0.00013074
849	0.80587	0.19348	0.00052075	0.00012843
850	0.81335	0.186	0.00052595	0.00012358
851	0.82527	0.17408	0.00053413	0.00011577
852	0.84257	0.15678	0.00054592	0.00010436
853	0.86915	0.1302	0.00056378	8.6869e-05
854	0.90495	0.094403	0.00058784	6.3199e-05
855	0.91884	0.080512	0.00059746	5.3988e-05
856	0.91254	0.086806	0.00059377	5.811e-05
857	0.9101	0.08925	0.00059256	5.9723e-05
858	0.91038	0.08897	0.00059319	5.9528e-05
859	0.91424	0.085106	0.00059616	5.6981e-05
860	0.9212	0.078142	0.00060122	5.2356e-05
861	0.93181	0.067531	0.00060875	4.5278e-05
862	0.94852	0.050829	0.00062031	3.4159e-05
863	0.97125	0.028097	0.00063597	1.8959e-05
864	0.97268	0.026668	0.00063736	1.8008e-05
865	0.976	0.023347	0.00064005	1.5787e-05
866	0.98144	0.017905	0.00064418	1.2136e-05
867	0.98941	0.0099288	0.00065005	6.7667e-06
868	0.98869	0.010653	0.00065006	7.2507e-06
869	0.98947	0.0098695	0.00065104	6.737e-06
870	0.99192	0.0074189	0.00065312	5.1181e-06
871	0.98856	0.01078	0.00065129	7.4203e-06
872	0.97983	0.019509	0.00064583	1.3374e-05
873	0.97385	0.025492	0.00064226	1.7462e-05
874	0.95731	0.042028	0.00063156	2.8701e-05
875	0.94642	0.052919	0.00062462	3.6159e-05
876	0.939	0.060344	0.00062006	4.126e-05
877	0.93447	0.064866	0.00061749	4.4391e-05
878	0.93251	0.066829	0.00061667	4.5788e-05
879	0.92336	0.075975	0.00061094	5.2076e-05
880	0.9002	0.099139	0.0005956	6.7968e-05
881	0.88333	0.11601	0.00058458	7.9554e-05
882	0.87147	0.12786	0.00057701	8.7719e-05
883	0.8395	0.15983	0.0005558	0.00010953
884	0.81593	0.18341	0.00054033	0.00012563
885	0.79904	0.20029	0.00052942	0.00013718
886	0.78747	0.21187	0.00052212	0.00014514
887	0.78031	0.21902	0.00051784	0.00015011
888	0.77703	0.2223	0.0005162	0.00015244
889	0.77744	0.22189	0.00051709	0.00015227
890	0.78151	0.21782	0.00052049	0.0001496
891	0.78955	0.20978	0.00052664	0.00014421
892	0.80362	0.19571	0.00053687	0.00013472
893	0.82357	0.17576	0.0005512	0.00012115
894	0.82894	0.17039	0.00055561	0.00011752
895	0.82521	0.17412	0.00055379	0.00012011
896	0.82493	0.1744	0.00055435	0.00012033
897	0.82898	0.17034	0.00055782	0.00011762
898	0.83787	0.16145	0.00056458	0.00011162
899	0.85131	0.14801	0.00057452	0.00010245
900	0.8704	0.12892	0.00058845	8.9318e-05
901	0.89665	0.10267	0.00060743	7.1145e-05
902	0.935	0.064318	0.00063478	4.459e-05
903	0.99127	0.0080541	0.00067452	5.6388e-06
904	0.98957	0.0097488	0.00067415	6.8016e-06
905	0.98915	0.01017	0.00067469	7.0859e-06
906	0.99022	0.0091015	0.00067624	6.3515e-06
907	0.98914	0.010172	0.00067633	7.0901e-06
908	0.98956	0.0097543	0.00067742	6.8098e-06
909	0.99125	0.0080622	0.00067942	5.6431e-06
910	0.99087	0.0084406	0.00068001	5.9067e-06
911	0.99167	0.0076467	0.00068144	5.3545e-06
912	0.99369	0.0056204	0.00068375	3.9397e-06
913	0.99078	0.0085309	0.00068267	5.9459e-06
914	0.98927	0.010041	0.00068257	6.9823e-06
915	0.98927	0.010041	0.0006835	6.9826e-06
916	0.99078	0.0085329	0.00068545	5.9414e-06
917	0.99368	0.0056241	0.00068841	3.9159e-06
918	0.99869	0.000616	0.0006928	4.3112e-07
919	0.99846	0.00085067	0.00069358	5.9423e-07
920	0.99889	0.00041161	0.00069484	2.8666e-07
921	0.99919	0.00010915	0.00069599	7.5663e-08
922	0.99613	0.0031695	0.00069479	2.202e-06
923	0.99452	0.004786	0.00069457	3.3324e-06
924	0.99417	0.0051293	0.00069521	3.5803e-06
925	0.99207	0.0072269	0.0006946	5.0633e-06
926	0.9912	0.0080987	0.00069488	5.6833e-06
927	0.99175	0.0075519	0.00069612	5.3137e-06
928	0.9906	0.0086941	0.00069616	6.1382e-06
929	0.99066	0.0086412	0.00069707	6.1157e-06
930	0.99191	0.0073891	0.00069885	5.2406e-06
931	0.99141	0.0078827	0.00069937	5.6043e-06
932	0.99206	0.0072301	0.00070073	5.1515e-06
933	0.99392	0.0053686	0.00070298	3.8337e-06
934	0.99406	0.0052323	0.00070403	3.7368e-06
935	0.99524	0.0040531	0.00070585	2.8926e-06
936	0.99783	0.0014569	0.00070866	1.0406e-06
937	0.99557	0.003716	0.00070799	2.6532e-06
938	0.99442	0.0048659	0.00070813	3.4739e-06
