#coord	neutral	conserved	gBGC.neutral	gBGC.conserved
1	0.75944	0.23319	0.0056334	0.0017308
2	0.7653	0.22734	0.0056748	0.0016866
3	0.77547	0.21717	0.0057483	0.0016104
4	0.79229	0.20036	0.0058709	0.0014851
5	0.81789	0.17476	0.0060584	0.0012948
6	0.85619	0.13646	0.0063395	0.0010109
7	0.90723	0.08542	0.0067151	0.00063258
8	0.92963	0.063021	0.0068783	0.00046668
9	0.95995	0.032709	0.0071	0.00024218
10	0.97173	0.020929	0.0071845	0.00015501
11	0.97611	0.016556	0.0072142	0.00012261
12	0.98275	0.0099205	0.0072606	7.3451e-05
13	0.98542	0.0072479	0.0072777	5.367e-05
14	0.98969	0.0029842	0.0073066	2.2113e-05
15	0.99144	0.0012295	0.007317	9.1195e-06
16	0.99093	0.0017489	0.0073106	1.2952e-05
17	0.99118	0.0014967	0.00731	1.1078e-05
18	0.99082	0.0018638	0.0073048	1.3774e-05
19	0.99123	0.0014505	0.0073054	1.0706e-05
20	0.99261	7.3537e-05	0.0073131	5.4202e-07
21	0.99266	2.7576e-05	0.0073109	2.0319e-07
22	0.99239	0.00030413	0.0073063	2.2437e-06
23	0.99199	0.00070494	0.0073009	5.1978e-06
24	0.99224	0.00045381	0.0073003	3.346e-06
25	0.99235	0.00035122	0.0072986	2.5875e-06
26	0.99237	0.0003308	0.0072964	2.4326e-06
27	0.99138	0.0013187	0.0072867	9.6937e-06
28	0.99128	0.0014277	0.0072835	1.0499e-05
29	0.99192	0.00078583	0.0072859	5.7783e-06
30	0.99221	0.00050171	0.0072855	3.6956e-06
31	0.9913	0.0014102	0.0072765	1.0384e-05
32	0.9892	0.0035166	0.0072587	2.5871e-05
33	0.98806	0.004654	0.007248	3.4217e-05
34	0.98784	0.0048819	0.0072441	3.5868e-05
35	0.98864	0.0040793	0.0072478	2.9972e-05
36	0.98809	0.0046394	0.0072414	3.4065e-05
37	0.98854	0.0041893	0.0072425	3.0762e-05
38	0.98989	0.0028402	0.0072502	2.0858e-05
39	0.99004	0.0026878	0.0072491	1.9726e-05
40	0.991	0.0017364	0.007254	1.273e-05
41	0.99111	0.0016224	0.0072527	1.1887e-05
42	0.99051	0.0022304	0.007246	1.6339e-05
43	0.99065	0.0020872	0.0072449	1.5282e-05
44	0.99001	0.0027353	0.007238	2.0027e-05
45	0.99022	0.0025194	0.0072375	1.844e-05
46	0.99132	0.0014227	0.0072434	1.0402e-05
47	0.99174	0.0010087	0.0072443	7.3712e-06
48	0.99179	0.00095804	0.0072426	7.0028e-06
49	0.99256	0.000197	0.007246	1.4402e-06
50	0.99257	0.00018594	0.007244	1.3569e-06
51	0.99268	7.5031e-05	0.0072427	5.4778e-07
52	0.99261	0.00015149	0.0072401	1.1043e-06
53	0.9918	0.00095752	0.0072323	6.9673e-06
54	0.99027	0.0024968	0.007219	1.8167e-05
55	0.98982	0.0029464	0.0072137	2.1436e-05
56	0.9904	0.0023693	0.0072158	1.7236e-05
57	0.99007	0.0026947	0.0072114	1.9593e-05
58	0.98875	0.0040257	0.0071997	2.9271e-05
59	0.97661	0.016163	0.0071094	0.00011745
60	0.9688	0.023975	0.0070506	0.0001742
61	0.96359	0.029184	0.0070109	0.00021196
62	0.96058	0.032199	0.0069871	0.0002337
63	0.95993	0.03285	0.0069805	0.00023831
64	0.95485	0.037938	0.0069417	0.00027514
65	0.95265	0.040138	0.0069237	0.00029103
66	0.95246	0.040324	0.0069205	0.00029225
67	0.9474	0.045394	0.0068818	0.00032892
68	0.9447	0.048088	0.0068604	0.00034829
69	0.9448	0.047993	0.0068592	0.00034747
70	0.93972	0.053072	0.0068205	0.00038418
71	0.93781	0.054988	0.0068046	0.000398
72	0.93879	0.054012	0.0068096	0.00039088
73	0.9421	0.050703	0.0068316	0.00036682
74	0.94868	0.044128	0.0068772	0.00031918
75	0.95841	0.034393	0.0069457	0.00024863
76	0.96134	0.031463	0.0069648	0.00022739
77	0.96706	0.025754	0.007004	0.0001861
78	0.97548	0.017328	0.007063	0.00012514
79	0.97879	0.014025	0.0070848	0.00010126
80	0.97899	0.013826	0.0070842	9.9792e-05
81	0.9806	0.012215	0.0070939	8.8094e-05
82	0.97372	0.019097	0.0070422	0.00013773
83	0.96965	0.023167	0.0070108	0.00016707
84	0.9675	0.025322	0.0069934	0.00018253
85	0.96745	0.025373	0.006991	0.00018283
86	0.96361	0.029219	0.0069613	0.00021053
87	0.96225	0.030577	0.0069495	0.00022029
88	0.96272	0.03011	0.0069509	0.00021685
89	0.96548	0.027359	0.0069687	0.00019696
90	0.97098	0.021854	0.0070063	0.00015729
91	0.98001	0.012827	0.0070691	9.2334e-05
92	0.98338	0.0094579	0.0070913	6.8071e-05
93	0.98431	0.0085282	0.0070959	6.1392e-05
94	0.98319	0.0096515	0.0070857	6.9479e-05
95	0.98331	0.0095356	0.0070846	6.8615e-05
96	0.98497	0.007879	0.0070945	5.6677e-05
97	0.98461	0.0082383	0.0070899	5.9231e-05
98	0.98568	0.0071702	0.0070956	5.1529e-05
99	0.98833	0.0045254	0.0071125	3.2511e-05
100	0.98652	0.0063398	0.0070975	4.5534e-05
101	0.98606	0.0068034	0.0070921	4.8854e-05
102	0.98689	0.0059751	0.007096	4.2903e-05
103	0.98605	0.0068125	0.0070879	4.8932e-05
104	0.98655	0.0063167	0.0070893	4.5393e-05
105	0.98818	0.0046913	0.0070989	3.3727e-05
106	0.98826	0.0046098	0.0070975	3.3139e-05
107	0.98682	0.0060553	0.007085	4.3538e-05
108	0.98648	0.0063902	0.0070806	4.5937e-05
109	0.98746	0.0054141	0.0070855	3.8938e-05
110	0.9896	0.0032818	0.0070988	2.3627e-05
111	0.99022	0.0026623	0.0071013	1.9176e-05
112	0.98991	0.0029726	0.0070972	2.1403e-05
113	0.99047	0.0024108	0.0070993	1.736e-05
114	0.99196	0.0009259	0.0071081	6.6823e-06
115	0.96257	0.030319	0.006895	0.00021796
116	0.94244	0.05045	0.0067484	0.00036271
117	0.92901	0.063884	0.00665	0.00045933
118	0.91962	0.073269	0.0065808	0.00052672
119	0.91436	0.078538	0.0065411	0.00056457
120	0.91253	0.080362	0.006526	0.00057773
121	0.91331	0.079589	0.0065297	0.00057222
122	0.91674	0.076158	0.0065525	0.00054762
123	0.9231	0.069801	0.0065963	0.00050202
124	0.92251	0.070393	0.0065905	0.00050619
125	0.9244	0.068509	0.0066024	0.00049256
126	0.92891	0.063999	0.0066332	0.00046008
127	0.92705	0.065856	0.0066185	0.00047317
128	0.92818	0.064734	0.0066251	0.00046499
129	0.93256	0.060353	0.0066549	0.00043354
130	0.93133	0.061581	0.0066444	0.0004423
131	0.93243	0.060489	0.0066507	0.00043442
132	0.93596	0.05696	0.0066744	0.00040906
133	0.93354	0.059381	0.0066557	0.00042623
134	0.93412	0.058803	0.0066583	0.00042202
135	0.93703	0.055887	0.0066777	0.00040103
136	0.94255	0.050372	0.0067158	0.00036143
137	0.95193	0.040997	0.0067814	0.0002943
138	0.96516	0.027765	0.0068747	0.00019953
139	0.96382	0.029108	0.0068637	0.00020906
140	0.96425	0.028681	0.0068654	0.0002059
141	0.96648	0.026451	0.0068801	0.00018983
142	0.97068	0.022248	0.0069089	0.00015963
143	0.97089	0.022039	0.0069092	0.00015799
144	0.97276	0.020177	0.0069214	0.00014452
145	0.97684	0.016096	0.0069494	0.00011522
146	0.97773	0.01521	0.0069545	0.00010882
147	0.98014	0.012803	0.0069705	9.1533e-05
148	0.98466	0.0082809	0.0070015	5.9194e-05
149	0.98611	0.0068355	0.0070106	4.882e-05
150	0.98592	0.0070212	0.007008	5.0101e-05
151	0.9871	0.0058445	0.0070151	4.1702e-05
152	0.9895	0.0034427	0.0070309	2.4564e-05
153	0.99041	0.0025338	0.0070361	1.8089e-05
154	0.98793	0.0050212	0.0070171	3.579e-05
155	0.98684	0.0061092	0.0070081	4.3545e-05
156	0.98332	0.0096304	0.0069817	6.8602e-05
157	0.98131	0.011638	0.0069663	8.2862e-05
158	0.98093	0.012022	0.0069623	8.5601e-05
159	0.97735	0.015603	0.0069356	0.00011104
160	0.97584	0.017113	0.0069236	0.00012179
161	0.97583	0.017121	0.0069224	0.00012183
162	0.97245	0.020505	0.0068972	0.00014583
163	0.96279	0.03017	0.0068276	0.00021434
164	0.95694	0.036022	0.006785	0.00025583
165	0.95408	0.038877	0.0067635	0.00027609
166	0.94502	0.047941	0.006698	0.00034049
167	0.93902	0.05394	0.0066542	0.00038304
168	0.93623	0.056729	0.0066333	0.00040284
169	0.93575	0.057215	0.0066287	0.00040625
170	0.93822	0.054742	0.0066451	0.00038873
171	0.92245	0.070522	0.0065317	0.00050086
172	0.91124	0.081726	0.0064511	0.00058036
173	0.90481	0.088156	0.0064042	0.00062602
174	0.90226	0.090709	0.0063848	0.00064422
175	0.9024	0.090568	0.0063846	0.00064325
176	0.8953	0.097678	0.0063329	0.00069379
177	0.89136	0.10161	0.0063038	0.00072172
178	0.8903	0.10268	0.0062952	0.00072921
179	0.89203	0.10094	0.0063065	0.00071685
180	0.89674	0.09624	0.0063389	0.00068339
181	0.9059	0.087074	0.0064028	0.00061839
182	0.92082	0.072163	0.0065073	0.00051285
183	0.94134	0.051641	0.0066516	0.0003675
184	0.94961	0.043371	0.006709	0.000309
185	0.95122	0.041763	0.0067193	0.00029765
186	0.94767	0.045309	0.0066931	0.00032285
187	0.93685	0.056136	0.0066151	0.00039984
188	0.92954	0.063446	0.0065622	0.00045177
189	0.92581	0.067175	0.0065346	0.00047832
190	0.92462	0.068367	0.0065251	0.00048682
191	0.92645	0.066538	0.006537	0.00047398
192	0.93087	0.062116	0.0065673	0.00044273
193	0.88347	0.10952	0.0062296	0.00077946
194	0.8508	0.14219	0.0059964	0.0010117
195	0.8287	0.16429	0.0058383	0.0011689
196	0.77703	0.21597	0.0054695	0.0015367
197	0.73848	0.25452	0.0051945	0.0018107
198	0.71004	0.28296	0.0049917	0.0020126
199	0.68948	0.30352	0.004845	0.0021584
200	0.67666	0.31634	0.0047531	0.0022493
201	0.66869	0.32431	0.0046957	0.0023059
202	0.64123	0.35177	0.0045005	0.0025003
203	0.62138	0.37162	0.0043593	0.0026406
204	0.60773	0.38528	0.0042621	0.002737
205	0.59911	0.39389	0.0042007	0.0027977
206	0.59496	0.39805	0.0041709	0.0028268
207	0.59627	0.39673	0.0041796	0.0028173
208	0.58333	0.40968	0.0040878	0.0029085
209	0.57533	0.41767	0.004031	0.0029646
210	0.54547	0.44754	0.0038202	0.0031747
211	0.52383	0.46918	0.0036676	0.0033266
212	0.50871	0.48429	0.0035612	0.0034325
213	0.49894	0.49406	0.0034924	0.0035007
214	0.4671	0.5259	0.0032689	0.0037237
215	0.39236	0.60065	0.0027438	0.0042482
216	0.33603	0.65698	0.0023485	0.004643
217	0.29369	0.69932	0.0020518	0.0049393
218	0.26509	0.72792	0.0018511	0.0051394
219	0.24392	0.74909	0.0017027	0.0052873
220	0.22858	0.76443	0.0015953	0.0053943
221	0.18403	0.80899	0.0012838	0.0057054
222	0.15358	0.83943	0.0010706	0.005918
223	0.13074	0.86227	0.00091101	0.0060772
224	0.11549	0.87753	0.00080423	0.0061836
225	0.10438	0.88864	0.00072657	0.0062608
226	0.096541	0.89647	0.0006719	0.0063151
227	0.092121	0.90089	0.00064102	0.0063456
228	0.090697	0.90232	0.00063105	0.0063551
229	0.09207	0.90094	0.00064057	0.0063452
230	0.095512	0.8975	0.00066462	0.0063207
231	0.10133	0.89169	0.00070535	0.0062796
232	0.11096	0.88205	0.0007727	0.0062119
233	0.12427	0.86875	0.00086587	0.0061183
234	0.14235	0.85066	0.0009926	0.0059912
235	0.14616	0.84686	0.0010193	0.0059642
236	0.15408	0.83893	0.0010748	0.0059083
237	0.16565	0.82737	0.0011559	0.0058269
238	0.14827	0.84474	0.001034	0.0059485
239	0.13558	0.85743	0.0009451	0.0060371
240	0.12766	0.86535	0.00088951	0.0060924
241	0.12368	0.86934	0.00086143	0.0061201
242	0.12214	0.87088	0.00085047	0.0061308
243	0.12295	0.87007	0.00085607	0.0061249
244	0.12618	0.86684	0.00087869	0.006102
245	0.13299	0.86003	0.00092624	0.0060542
246	0.14304	0.84998	0.00099661	0.0059835
247	0.15858	0.83444	0.0011052	0.0058747
248	0.17959	0.81343	0.0012523	0.0057274
249	0.2078	0.78522	0.0014499	0.0055295
250	0.24855	0.74447	0.0017352	0.005244
251	0.30239	0.69064	0.0021124	0.0048665
252	0.3737	0.61932	0.0026127	0.0043661
253	0.40397	0.58906	0.0028247	0.0041539
254	0.44454	0.54848	0.0031092	0.0038692
255	0.4985	0.49452	0.0034881	0.0034902
256	0.51796	0.47506	0.0036249	0.0033533
257	0.54492	0.4481	0.0038145	0.0031636
258	0.5814	0.41162	0.0040714	0.0029066
259	0.63042	0.36261	0.004417	0.002561
260	0.69579	0.29723	0.0048783	0.0020997
261	0.79121	0.20181	0.0055511	0.0014269
262	0.82955	0.16347	0.0058217	0.0011564
263	0.84441	0.14861	0.0059267	0.0010514
264	0.86755	0.12547	0.0060901	0.00088802
265	0.89887	0.09415	0.0063114	0.00066675
266	0.91197	0.08105	0.0064039	0.00057429
267	0.93031	0.062711	0.0065336	0.00044472
268	0.93641	0.056614	0.0065768	0.00040158
269	0.93617	0.05685	0.0065754	0.00040313
270	0.93824	0.054785	0.0065903	0.0003884
271	0.94273	0.050295	0.0066225	0.0003565
272	0.95003	0.042995	0.0066746	0.00030467
273	0.96188	0.031145	0.0067588	0.00022071
274	0.96597	0.027053	0.0067881	0.00019163
275	0.97306	0.019957	0.0068386	0.00014135
276	0.98407	0.0089522	0.0069167	6.3483e-05
277	0.98852	0.0045025	0.0069485	3.1965e-05
278	0.98783	0.0051936	0.006944	3.6808e-05
279	0.98816	0.0048636	0.0069467	3.4442e-05
280	0.98718	0.0058357	0.0069402	4.1284e-05
281	0.98727	0.0057523	0.0069411	4.0678e-05
282	0.98564	0.0073749	0.0069301	5.2086e-05
283	0.98519	0.0078243	0.0069274	5.5218e-05
284	0.98276	0.010252	0.0069107	7.2304e-05
285	0.98172	0.0113	0.0069038	7.9656e-05
286	0.97761	0.01541	0.0068753	0.00010858
287	0.97559	0.017422	0.0068615	0.00012277
288	0.97542	0.017592	0.0068606	0.00012401
289	0.97707	0.015941	0.0068725	0.00011246
290	0.98038	0.012636	0.0068961	8.9249e-05
291	0.98557	0.0074456	0.006933	5.2718e-05
292	0.97855	0.014465	0.0068839	0.00010234
293	0.97429	0.018724	0.0068541	0.00013252
294	0.97187	0.021146	0.0068374	0.00014968
295	0.96404	0.028972	0.0067826	0.000205
296	0.95885	0.034164	0.0067465	0.00024169
297	0.95592	0.03709	0.0067264	0.00026234
298	0.95556	0.037453	0.0067243	0.00026497
299	0.95716	0.035849	0.0067362	0.00025368
300	0.96083	0.03218	0.0067627	0.00022778
301	0.95066	0.042348	0.0066917	0.00029946
302	0.94445	0.048559	0.0066485	0.0003433
303	0.94082	0.052189	0.0066236	0.00036891
304	0.94014	0.052866	0.0066195	0.00037372
305	0.94166	0.051345	0.0066309	0.000363
306	0.94624	0.046769	0.0066638	0.00033076
307	0.94511	0.047899	0.0066565	0.00033875
308	0.94612	0.046887	0.0066644	0.00033158
309	0.94989	0.043113	0.0066918	0.00030495
310	0.95623	0.036771	0.0067373	0.00026013
311	0.96559	0.027412	0.0068043	0.00019391
312	0.98008	0.012921	0.0069076	9.1467e-05
313	0.98079	0.012206	0.0069134	8.6385e-05
314	0.98321	0.0097939	0.0069313	6.9331e-05
315	0.98722	0.0057761	0.0069605	4.0898e-05
316	0.98856	0.0044373	0.0069709	3.1403e-05
317	0.98852	0.004478	0.0069714	3.1677e-05
318	0.98697	0.0060212	0.0069615	4.2545e-05
319	0.98301	0.009985	0.0069343	7.0515e-05
320	0.98065	0.012349	0.0069186	8.7172e-05
321	0.98003	0.01296	0.0069151	9.1489e-05
322	0.98076	0.012235	0.0069211	8.6359e-05
323	0.97912	0.013875	0.0069104	9.7932e-05
324	0.97889	0.0141	0.0069098	9.9497e-05
325	0.98034	0.012649	0.0069209	8.9251e-05
326	0.98365	0.0093377	0.0069451	6.5889e-05
327	0.98935	0.0036419	0.0069861	2.5725e-05
328	0.98649	0.0064941	0.0069669	4.5883e-05
329	0.98495	0.0080372	0.0069569	5.6776e-05
330	0.98461	0.0083764	0.0069555	5.9149e-05
331	0.98566	0.0073257	0.0069638	5.1719e-05
332	0.98823	0.0047513	0.0069829	3.3537e-05
333	0.99274	0.00024684	0.0070156	1.7426e-06
334	0.99202	0.000958	0.0070115	6.7623e-06
335	0.99209	0.00089257	0.0070128	6.3009e-06
336	0.99296	2.4067e-05	0.0070198	1.7013e-07
337	0.9928	0.00017529	0.0070197	1.2392e-06
338	0.98883	0.0041524	0.0069924	2.9383e-05
339	0.98661	0.0063639	0.0069776	4.5059e-05
340	0.98562	0.0073591	0.0069714	5.2111e-05
341	0.98599	0.0069817	0.006975	4.9466e-05
342	0.98753	0.0054442	0.0069867	3.8591e-05
343	0.98422	0.0087555	0.0069641	6.2084e-05
344	0.98236	0.010612	0.0069519	7.5254e-05
345	0.98207	0.010906	0.0069507	7.7375e-05
346	0.97901	0.013957	0.0069298	9.907e-05
347	0.97753	0.015438	0.0069202	0.00010962
348	0.9775	0.015467	0.0069209	0.00010984
349	0.97892	0.014045	0.006932	9.9758e-05
350	0.98233	0.010635	0.0069571	7.5604e-05
351	0.98763	0.0053357	0.0069958	3.7999e-05
352	0.98235	0.010614	0.0069593	7.5486e-05
353	0.97896	0.014006	0.0069363	9.9567e-05
354	0.97755	0.015415	0.0069273	0.00010961
355	0.97759	0.015376	0.0069287	0.00010935
356	0.97906	0.013902	0.0069403	9.888e-05
357	0.98208	0.010883	0.0069629	7.7399e-05
358	0.98733	0.0056269	0.0070014	4.0053e-05
359	0.98928	0.0036799	0.0070164	2.6199e-05
360	0.9897	0.0032528	0.0070207	2.3145e-05
361	0.98911	0.003847	0.0070177	2.7361e-05
362	0.98944	0.0035097	0.0070213	2.4951e-05
363	0.98858	0.0043732	0.0070165	3.1058e-05
364	0.98888	0.0040747	0.0070199	2.893e-05
365	0.98341	0.0095419	0.0069824	6.7668e-05
366	0.98019	0.012754	0.0069609	9.0454e-05
367	0.97889	0.014059	0.0069528	9.9738e-05
368	0.97898	0.013963	0.0069548	9.9048e-05
369	0.98084	0.012109	0.0069692	8.589e-05
370	0.98471	0.0082363	0.0069979	5.8426e-05
371	0.98578	0.0071667	0.0070067	5.0861e-05
372	0.98508	0.0078596	0.0070029	5.5826e-05
373	0.98553	0.0074121	0.0070073	5.2667e-05
374	0.98739	0.0055515	0.0070216	3.9478e-05
375	0.99059	0.00235	0.0070456	1.673e-05
376	0.99192	0.0010138	0.0070564	7.2238e-06
377	0.99251	0.0004293	0.0070619	3.0607e-06
378	0.99284	9.5843e-05	0.0070656	6.8264e-07
379	0.99287	6.0211e-05	0.0070671	4.2959e-07
380	0.99203	0.00090595	0.0070625	6.4602e-06
381	0.99189	0.0010373	0.0070629	7.3974e-06
382	0.99135	0.0015744	0.0070605	1.1235e-05
383	0.99	0.0029251	0.0070521	2.0897e-05
384	0.98659	0.0063366	0.0070292	4.527e-05
385	0.98483	0.0080911	0.0070179	5.7841e-05
386	0.9843	0.0086194	0.0070155	6.1646e-05
387	0.98496	0.007963	0.0070216	5.6977e-05
388	0.98685	0.0060704	0.0070366	4.3461e-05
389	0.99011	0.0028102	0.0070615	2.0144e-05
390	0.99139	0.0015241	0.0070722	1.0935e-05
391	0.98685	0.0060611	0.0070414	4.3357e-05
392	0.98395	0.0089628	0.0070223	6.4081e-05
393	0.9827	0.010212	0.0070149	7.3031e-05
394	0.98272	0.010194	0.0070167	7.2912e-05
395	0.98424	0.0086648	0.0070292	6.2006e-05
396	0.98716	0.0057479	0.0070517	4.1154e-05
397	0.98813	0.0047766	0.0070603	3.4229e-05
398	0.98764	0.0052607	0.0070585	3.7705e-05
399	0.98817	0.0047317	0.007064	3.3919e-05
400	0.98726	0.0056399	0.0070592	4.0409e-05
401	0.9874	0.005496	0.0070621	3.9358e-05
402	0.98884	0.0040613	0.0070741	2.908e-05
403	0.99176	0.0011354	0.0070968	8.1363e-06
404	0.99175	0.0011431	0.0070985	8.1878e-06
405	0.99131	0.0015835	0.0070971	1.1345e-05
406	0.99016	0.00273	0.0070906	1.9576e-05
407	0.98991	0.0029759	0.0070906	2.1344e-05
408	0.99054	0.0023478	0.0070969	1.6838e-05
409	0.99041	0.0024772	0.0070977	1.7773e-05
410	0.98924	0.003644	0.0070912	2.6136e-05
411	0.98903	0.0038508	0.0070915	2.7608e-05
412	0.98758	0.005296	0.007083	3.7968e-05
413	0.98742	0.0054622	0.0070836	3.9174e-05
414	0.9885	0.0043725	0.0070932	3.1384e-05
415	0.99072	0.0021566	0.0071109	1.549e-05
416	0.99155	0.0013172	0.0071188	9.4602e-06
417	0.99182	0.0010525	0.0071225	7.5631e-06
418	0.98404	0.0088298	0.0070683	6.3515e-05
419	0.97912	0.013751	0.0070347	9.8983e-05
420	0.97607	0.016795	0.0070145	0.00012092
421	0.96721	0.025653	0.0069527	0.00018466
422	0.96115	0.031708	0.006911	0.00022821
423	0.95744	0.035419	0.0068863	0.00025488
424	0.95625	0.036609	0.0068796	0.00026347
425	0.95743	0.035429	0.0068899	0.00025503
426	0.96123	0.031621	0.0069191	0.00022771
427	0.96744	0.025416	0.0069657	0.00018307
428	0.97731	0.015535	0.0070386	0.00011198
429	0.99102	0.0018294	0.0071393	1.3195e-05
430	0.98923	0.0036195	0.0071283	2.6119e-05
431	0.98479	0.0080489	0.0070983	5.8067e-05
432	0.98202	0.010818	0.0070803	7.8028e-05
433	0.98068	0.012159	0.0070727	8.7678e-05
434	0.98093	0.011912	0.0070764	8.5901e-05
435	0.98279	0.010046	0.0070918	7.2459e-05
436	0.97737	0.015468	0.0070547	0.00011155
437	0.97433	0.018503	0.0070348	0.00013348
438	0.97336	0.01947	0.0070297	0.00014051
439	0.97394	0.018886	0.0070359	0.00013632
440	0.97647	0.016357	0.0070561	0.0001181
441	0.98126	0.011562	0.0070926	8.3526e-05
442	0.97891	0.013916	0.0070774	0.00010062
443	0.97803	0.014789	0.007073	0.00010698
444	0.97855	0.014266	0.0070788	0.00010322
445	0.9809	0.011918	0.0070977	8.6273e-05
446	0.98492	0.0078963	0.0071288	5.717e-05
447	0.99154	0.0012688	0.0071788	9.2182e-06
448	0.98858	0.0042308	0.0071593	3.0736e-05
449	0.98708	0.0057271	0.0071504	4.1645e-05
450	0.98667	0.0061332	0.0071494	4.463e-05
451	0.98425	0.0085587	0.0071338	6.2281e-05
452	0.98313	0.0096729	0.0071278	7.0396e-05
453	0.98325	0.0095474	0.0071309	6.9494e-05
454	0.98461	0.0081862	0.007143	5.9594e-05
455	0.98731	0.005486	0.0071649	3.9927e-05
456	0.99202	0.00077575	0.0072014	5.6505e-06
457	0.98177	0.011019	0.007129	8.0154e-05
458	0.97447	0.018314	0.0070782	0.0001332
459	0.9696	0.023186	0.0070451	0.00016862
460	0.95755	0.03523	0.0069597	0.00025624
461	0.94987	0.042914	0.0069059	0.00031227
462	0.94569	0.047092	0.0068775	0.00034285
463	0.79416	0.19861	0.005776	0.0014465
464	0.68817	0.3046	0.005005	0.0022198
465	0.60825	0.38452	0.0044242	0.0028028
466	0.55363	0.43914	0.0040271	0.0032021
467	0.51282	0.47995	0.0037309	0.0035006
468	0.48563	0.50714	0.0035335	0.0037002
469	0.46825	0.52451	0.0034075	0.0038284
470	0.45648	0.53628	0.0033226	0.0039156
471	0.45072	0.54204	0.0032813	0.0039591
472	0.45022	0.54253	0.0032783	0.0039643
473	0.43444	0.55831	0.0031638	0.004081
474	0.42404	0.56872	0.0030887	0.0041584
475	0.41937	0.57338	0.0030553	0.0041941
476	0.3391	0.65365	0.0024694	0.0047823
477	0.2785	0.71425	0.0020273	0.0052267
478	0.2363	0.75644	0.0017193	0.005537
479	0.20449	0.78826	0.0014872	0.0057714
480	0.18064	0.8121	0.0013134	0.0059475
481	0.16303	0.8297	0.0011854	0.006078
482	0.1503	0.84243	0.0010929	0.0061729
483	0.14144	0.85129	0.0010287	0.0062395
484	0.13571	0.85702	0.00098735	0.0062833
485	0.13368	0.85905	0.00097293	0.0063001
486	0.11899	0.87373	0.00086617	0.0064093
487	0.10941	0.88331	0.00079652	0.0064814
488	0.10389	0.88883	0.00075643	0.006524
489	0.1008	0.89192	0.00073411	0.0065487
490	0.08761	0.9051	0.00063808	0.0066473
491	0.077919	0.91479	0.00056759	0.0067203
492	0.071031	0.92168	0.00051761	0.0067728
493	0.067065	0.92564	0.00048889	0.006804
494	0.065641	0.92706	0.00047867	0.0068167
495	0.06656	0.92614	0.00048555	0.0068124
496	0.059831	0.93287	0.00043645	0.006864
497	0.055966	0.93673	0.00040824	0.0068947
498	0.053746	0.93895	0.0003921	0.0069134
499	0.053539	0.93915	0.00039067	0.0069173
500	0.05532	0.93737	0.00040374	0.0069068
501	0.05872	0.93397	0.00042874	0.0068843
502	0.064698	0.92799	0.00047257	0.006843
503	0.073078	0.9196	0.00053411	0.006784
504	0.085661	0.90702	0.00062639	0.0066943
505	0.10255	0.89013	0.00075042	0.0065728
506	0.12506	0.86761	0.00091598	0.0064098
507	0.13174	0.86093	0.00096538	0.006363
508	0.12886	0.86381	0.00094449	0.0063865
509	0.12919	0.86348	0.00094718	0.0063865
510	0.13194	0.86073	0.00096774	0.0063686
511	0.13731	0.85535	0.0010077	0.0063313
512	0.14577	0.84689	0.0010706	0.0062711
513	0.15954	0.83311	0.0011726	0.0061717
514	0.17834	0.81432	0.0013119	0.0060351
515	0.20357	0.78908	0.0014992	0.0058506
516	0.24082	0.75183	0.0017751	0.0055774
517	0.23732	0.75533	0.0017501	0.0056051
518	0.23808	0.75457	0.0017564	0.0056016
519	0.24341	0.74923	0.0017965	0.0055642
520	0.21053	0.78211	0.0015538	0.0058097
521	0.18799	0.80464	0.0013874	0.0059788
522	0.17137	0.82126	0.0012648	0.0061042
523	0.15939	0.83324	0.0011766	0.0061952
524	0.15114	0.84149	0.0011161	0.0062585
525	0.14605	0.84657	0.0010791	0.0062983
526	0.12849	0.86413	0.00094947	0.0064307
527	0.11706	0.87555	0.00086512	0.0065179
528	0.10906	0.88355	0.0008062	0.0065797
529	0.08442	0.90819	0.00062403	0.0067647
530	0.065712	0.9269	0.00048583	0.0069058
531	0.052749	0.93986	0.00038997	0.0070045
532	0.043023	0.94958	0.00031811	0.0070793
533	0.036458	0.95614	0.00026955	0.0071307
534	0.031651	0.96095	0.00023404	0.0071691
535	0.028814	0.96378	0.00021309	0.007193
536	0.027055	0.96554	0.00020014	0.0072088
537	0.026241	0.96635	0.00019423	0.0072177
538	0.026309	0.96628	0.0001949	0.00722
539	0.027265	0.96532	0.0002022	0.0072157
540	0.029205	0.96337	0.00021686	0.007204
541	0.025829	0.96675	0.00019197	0.007232
542	0.024025	0.96855	0.0001787	0.0072483
543	0.023464	0.96911	0.00017466	0.0072553
544	0.01813	0.97444	0.00013495	0.007298
545	0.014073	0.97849	0.00010477	0.0073312
546	0.010975	0.98159	8.1733e-05	0.0073573
547	0.008592	0.98397	6.404e-05	0.0073781
548	0.0070274	0.98553	5.2405e-05	0.0073928
549	0.0060622	0.98649	4.5213e-05	0.007403
550	0.0053458	0.9872	3.9885e-05	0.0074114
551	0.0048219	0.98772	3.6e-05	0.0074184
552	0.0046395	0.9879	3.4646e-05	0.0074229
553	0.0045765	0.98796	3.4191e-05	0.0074264
554	0.004637	0.9879	3.4667e-05	0.0074291
555	0.0048257	0.98771	3.6111e-05	0.0074308
556	0.0051574	0.98737	3.8637e-05	0.0074314
557	0.005658	0.98687	4.2445e-05	0.0074308
558	0.0063669	0.98616	4.7836e-05	0.0074287
559	0.0073279	0.98519	5.5149e-05	0.0074246
560	0.0089066	0.98361	6.711e-05	0.0074159
561	0.01126	0.98125	8.491e-05	0.0074013
562	0.014689	0.97782	0.00011081	0.0073786
563	0.019141	0.97337	0.0001445	0.0073482
564	0.025689	0.96682	0.00019401	0.0073019
565	0.020349	0.97215	0.00015379	0.0073454
566	0.016746	0.97575	0.00012664	0.0073758
567	0.014085	0.97841	0.00010661	0.007399
568	0.012449	0.98004	9.4292e-05	0.0074146
569	0.011683	0.9808	8.8534e-05	0.0074236
570	0.011681	0.9808	8.8541e-05	0.0074269
571	0.012443	0.98004	9.4316e-05	0.0074243
572	0.0096251	0.98285	7.2979e-05	0.0074489
573	0.0076992	0.98478	5.8373e-05	0.0074667
574	0.0062039	0.98627	4.7049e-05	0.0074813
575	0.0052111	0.98726	3.9513e-05	0.0074921
576	0.0044183	0.98805	3.3506e-05	0.0075014
577	0.0039586	0.9885	3.001e-05	0.0075082
578	0.0035957	0.98886	2.7257e-05	0.0075142
579	0.003301	0.98915	2.5031e-05	0.0075197
580	0.0032089	0.98924	2.4326e-05	0.0075237
581	0.0031499	0.9893	2.388e-05	0.0075275
582	0.003112	0.98933	2.36e-05	0.0075311
583	0.0030996	0.98934	2.3521e-05	0.0075346
584	0.0032669	0.98917	2.4791e-05	0.0075367
585	0.0034661	0.98897	2.6312e-05	0.0075385
586	0.0037125	0.98872	2.82e-05	0.0075401
587	0.0040248	0.9884	3.0598e-05	0.0075411
588	0.0046212	0.9878	3.5144e-05	0.00754
589	0.005374	0.98705	4.0898e-05	0.0075376
590	0.0063315	0.98609	4.823e-05	0.0075338
591	0.0075664	0.98485	5.7702e-05	0.0075278
592	0.0091722	0.98324	7.0039e-05	0.007519
593	0.011573	0.98083	8.8446e-05	0.0075041
594	0.015155	0.97725	0.00011588	0.0074801
595	0.019806	0.97259	0.00015157	0.0074479
596	0.025879	0.96652	0.00019824	0.0074048
597	0.033876	0.95852	0.00025979	0.0073468
598	0.045372	0.94702	0.00034823	0.0072619
599	0.048735	0.94365	0.00037422	0.0072395
600	0.046434	0.94595	0.0003567	0.0072605
601	0.046098	0.94628	0.00035423	0.0072665
602	0.039404	0.95297	0.00030281	0.0073214
603	0.034531	0.95784	0.00026541	0.0073624
604	0.031703	0.96067	0.0002437	0.0073876
605	0.030527	0.96184	0.00023464	0.0074002
606	0.030367	0.96199	0.00023342	0.0074049
607	0.031606	0.96075	0.00024295	0.0073989
608	0.033931	0.95842	0.00026086	0.0073846
609	0.037546	0.9548	0.00028877	0.0073602
610	0.042736	0.94961	0.00032888	0.0073237
611	0.042233	0.95011	0.00032511	0.0073311
612	0.042955	0.94939	0.00033083	0.007329
613	0.04548	0.94686	0.00035041	0.007313
614	0.049512	0.94282	0.0003817	0.0072853
615	0.055357	0.93697	0.00042708	0.0072436
616	0.043317	0.94901	0.00033424	0.0073401
617	0.034235	0.95809	0.00026428	0.0074137
618	0.028167	0.96415	0.00021747	0.0074642
619	0.023679	0.96864	0.00018289	0.0075024
620	0.020824	0.97149	0.00016087	0.0075281
621	0.019239	0.97307	0.00014864	0.007544
622	0.018394	0.97391	0.00014215	0.0075542
623	0.01824	0.97406	0.00014104	0.007559
624	0.019076	0.97322	0.00014756	0.0075562
625	0.021007	0.97129	0.00016254	0.0075449
626	0.023849	0.96844	0.00018462	0.0075265
627	0.027816	0.96447	0.0002155	0.0074993
628	0.033959	0.95832	0.00026324	0.0074553
629	0.042172	0.95011	0.00032716	0.0073952
630	0.054092	0.93818	0.00041987	0.0073062
631	0.07124	0.92103	0.00055316	0.0071766
632	0.076294	0.91597	0.00059267	0.0071409
633	0.083757	0.90851	0.00065106	0.0070863
634	0.082813	0.90945	0.00064407	0.007097
635	0.084397	0.90786	0.00065672	0.0070882
636	0.088709	0.90354	0.0006906	0.0070581
637	0.09649	0.89576	0.00075146	0.007001
638	0.1074	0.88484	0.00083688	0.0069194
639	0.12234	0.8699	0.00095399	0.0068061
640	0.14467	0.84756	0.0011288	0.0066351
641	0.17429	0.81794	0.0013609	0.0064068
642	0.21363	0.7786	0.0016696	0.006102
643	0.22668	0.76554	0.0017728	0.0060027
644	0.24677	0.74546	0.0019312	0.0058482
645	0.27698	0.71523	0.0021689	0.0056143
646	0.32156	0.67065	0.0025191	0.0052679
647	0.38052	0.61169	0.002983	0.004808
648	0.46644	0.52577	0.0036582	0.0041366
649	0.47254	0.51966	0.0037079	0.0040908
650	0.48474	0.50746	0.0038055	0.0039971
651	0.50265	0.48954	0.0039483	0.0038582
652	0.52778	0.46441	0.0041481	0.0036623
653	0.56503	0.42716	0.0044435	0.0033709
654	0.61479	0.37739	0.0048381	0.0029802
655	0.63314	0.35904	0.0049855	0.0028368
656	0.66114	0.33104	0.0052091	0.0026172
657	0.69898	0.29319	0.005511	0.0023193
658	0.75489	0.23728	0.0059557	0.0018786
659	0.82931	0.16285	0.0065479	0.0012905
660	0.92766	0.064502	0.0073309	0.00051153
661	0.92832	0.063837	0.0073401	0.0005064
662	0.93203	0.060122	0.0073735	0.00047714
663	0.93926	0.052883	0.0074348	0.00041995
664	0.94991	0.042232	0.0075233	0.00033554
665	0.96639	0.025748	0.0076581	0.00020481
666	0.97335	0.018784	0.0077175	0.00014953
667	0.98327	0.0088636	0.0078006	7.059e-05
668	0.9835	0.0086222	0.0078068	6.8648e-05
669	0.98154	0.010576	0.0077955	8.4125e-05
670	0.98116	0.010958	0.0077967	8.7155e-05
671	0.98229	0.0098179	0.00781	7.8096e-05
672	0.98516	0.0069446	0.007837	5.5256e-05
673	0.98592	0.0061874	0.0078472	4.9262e-05
674	0.98519	0.0069054	0.0078455	5.5028e-05
675	0.98558	0.0065155	0.0078528	5.1951e-05
676	0.98736	0.004729	0.0078711	3.7753e-05
677	0.98752	0.0045635	0.0078766	3.6458e-05
678	0.9862	0.0058802	0.0078703	4.6983e-05
679	0.98618	0.0058946	0.0078744	4.7134e-05
680	0.98723	0.0048474	0.007887	3.8782e-05
681	0.9897	0.0023724	0.007911	1.9021e-05
682	0.98886	0.0032048	0.0079086	2.5707e-05
683	0.98893	0.0031315	0.0079135	2.5132e-05
684	0.98991	0.0021465	0.0079257	1.7239e-05
685	0.98787	0.0041832	0.0079138	3.356e-05
686	0.98318	0.0088676	0.0078806	7.1158e-05
687	0.9806	0.011445	0.0078642	9.1915e-05
688	0.97944	0.012602	0.0078592	0.00010126
689	0.97519	0.016844	0.0078294	0.00013544
690	0.97276	0.019267	0.0078142	0.000155
691	0.97196	0.020063	0.0078122	0.00016147
692	0.97312	0.018903	0.0078259	0.00015222
693	0.97591	0.016104	0.0078529	0.00012973
694	0.98104	0.010969	0.0078986	8.8439e-05
695	0.9885	0.0035069	0.0079633	2.8272e-05
696	0.99195	5.4779e-05	0.0079956	4.4165e-07
697	0.99196	4.1074e-05	0.0080001	3.3219e-07
698	0.99129	0.00070952	0.0079992	5.7396e-06
699	0.99004	0.0019464	0.0079936	1.5771e-05
700	0.98713	0.0048593	0.0079745	3.9385e-05
701	0.98057	0.011412	0.0079258	9.2588e-05
702	0.97668	0.015302	0.0078986	0.00012428
703	0.97449	0.017483	0.0078852	0.00014211
704	0.97385	0.018122	0.0078845	0.00014742
705	0.9747	0.017267	0.0078959	0.00014058
706	0.97712	0.014834	0.0079202	0.00012088
707	0.9813	0.010655	0.0079588	8.6925e-05
708	0.98754	0.004414	0.0080144	3.6097e-05
709	0.94902	0.042922	0.0077057	0.00034954
710	0.92249	0.069451	0.007494	0.00056599
711	0.903	0.088933	0.0073397	0.00072506
712	0.89025	0.10168	0.00724	0.00082951
713	0.88169	0.11024	0.0071744	0.00089984
714	0.87743	0.11449	0.0071439	0.00093517
715	0.8771	0.11481	0.0071452	0.00093857
716	0.8797	0.11222	0.0071705	0.00091806
717	0.87393	0.11798	0.0071277	0.00096577
718	0.87132	0.12058	0.0071107	0.00098757
719	0.87247	0.11943	0.0071244	0.00097881
720	0.87769	0.11421	0.0071712	0.0009368
721	0.88648	0.10541	0.0072475	0.00086536
722	0.89954	0.092342	0.007359	0.00075876
723	0.91789	0.073987	0.0075143	0.00060847
724	0.92496	0.06691	0.0075769	0.00055075
725	0.93554	0.056328	0.0076686	0.00046406
726	0.95042	0.041438	0.007796	0.00034171
727	0.95565	0.036206	0.007844	0.00029871
728	0.96442	0.027434	0.0079212	0.00022656
729	0.97674	0.015103	0.008028	0.00012485
730	0.97657	0.015275	0.0080317	0.00012627
731	0.9735	0.018334	0.0080115	0.00015153
732	0.97211	0.019717	0.0080053	0.00016296
733	0.97229	0.019533	0.008012	0.00016145
734	0.97447	0.017353	0.0080351	0.00014348
735	0.97843	0.01339	0.0080731	0.00011071
736	0.97943	0.012376	0.0080866	0.00010233
737	0.98227	0.009536	0.0081153	7.8875e-05
738	0.98733	0.0044731	0.0081622	3.7024e-05
739	0.98321	0.0085807	0.0081335	7.0994e-05
740	0.981	0.010793	0.0081203	8.9352e-05
741	0.98044	0.011341	0.0081208	9.3962e-05
742	0.97737	0.014414	0.0081003	0.00011956
743	0.97587	0.015905	0.008093	0.00013202
744	0.97028	0.021494	0.0080517	0.00017847
745	0.95708	0.034682	0.0079472	0.00028818
746	0.94872	0.04304	0.0078826	0.00035794
747	0.94328	0.048477	0.0078423	0.0004034
748	0.94098	0.050773	0.007828	0.00042283
749	0.94089	0.050852	0.0078323	0.00042376
750	0.94366	0.048083	0.0078603	0.000401
751	0.94885	0.042886	0.0079086	0.00035792
752	0.95768	0.034047	0.0079872	0.00028446
753	0.97016	0.021564	0.0080966	0.00018038
754	0.98731	0.0044114	0.0082452	3.7004e-05
755	0.98647	0.0052451	0.0082436	4.4005e-05
756	0.98665	0.0050607	0.0082505	4.2475e-05
757	0.9853	0.006406	0.0082446	5.3748e-05
758	0.98505	0.0066451	0.0082481	5.5748e-05
759	0.98614	0.0055515	0.0082627	4.6593e-05
760	0.98871	0.0029725	0.0082898	2.4982e-05
761	0.98964	0.0020425	0.008303	1.718e-05
762	0.99153	0.00014335	0.0083245	1.2054e-06
763	0.99065	0.0010188	0.0083227	8.5621e-06
764	0.99057	0.0010888	0.0083275	9.163e-06
765	0.99121	0.00044926	0.0083384	3.7866e-06
766	0.99074	0.00091592	0.00834	7.719e-06
767	0.98663	0.0050137	0.008311	4.2294e-05
768	0.98405	0.0075949	0.0082948	6.409e-05
769	0.98304	0.0085932	0.0082918	7.2578e-05
770	0.98322	0.0084129	0.0082989	7.1102e-05
771	0.98482	0.0067997	0.008318	5.7537e-05
772	0.98474	0.0068805	0.0083228	5.8298e-05
773	0.98576	0.0058551	0.0083371	4.9677e-05
774	0.98798	0.0036323	0.0083615	3.0881e-05
775	0.98647	0.0051364	0.0083543	4.3715e-05
776	0.98602	0.0055776	0.0083561	4.7521e-05
777	0.9866	0.0049892	0.0083668	4.257e-05
778	0.98566	0.0059248	0.0083645	5.0577e-05
779	0.98259	0.0089889	0.0083441	7.6776e-05
780	0.98094	0.010634	0.0083357	9.0886e-05
781	0.97616	0.015412	0.0083005	0.00013182
782	0.97323	0.01833	0.0082813	0.00015688
783	0.97235	0.019202	0.0082794	0.00016454
784	0.95396	0.037595	0.0081275	0.0003222
785	0.94191	0.049635	0.0080298	0.00042576
786	0.93358	0.057962	0.0079639	0.00049752
787	0.9283	0.063228	0.0079242	0.00054307
788	0.92626	0.065265	0.0079121	0.00056106
789	0.9266	0.064921	0.0079204	0.00055861
790	0.90207	0.089446	0.0077149	0.00077004
791	0.8841	0.10741	0.0075657	0.00092514
792	0.87133	0.12017	0.0074612	0.0010356
793	0.86279	0.12871	0.0073931	0.0011097
794	0.85783	0.13366	0.0073558	0.0011531
795	0.85612	0.13537	0.0073465	0.0011685
796	0.8451	0.14638	0.0072569	0.0012641
797	0.81429	0.17718	0.0069971	0.0015301
798	0.73746	0.25401	0.0063411	0.0021922
799	0.54732	0.44414	0.0047103	0.0038292
800	0.41409	0.57737	0.003566	0.0049798
801	0.32233	0.66912	0.0027768	0.0057751
802	0.25264	0.7388	0.0021777	0.0063804
803	0.20396	0.78748	0.0017587	0.0068056
804	0.16707	0.82436	0.0014414	0.0071291
805	0.13919	0.85224	0.0012017	0.0073751
806	0.11999	0.87143	0.0010366	0.0075465
807	0.10731	0.8841	0.00092745	0.0076618
808	0.09936	0.89204	0.00085912	0.0077364
809	0.095042	0.89636	0.00082209	0.0077796
810	0.092895	0.8985	0.00080393	0.007804
811	0.08132	0.91007	0.00070374	0.0079105
812	0.073785	0.91759	0.00063847	0.007982
813	0.068644	0.92273	0.00059403	0.0080326
814	0.065495	0.92587	0.00056693	0.008066
815	0.064059	0.9273	0.00055475	0.0080845
816	0.064227	0.92713	0.00055654	0.0080891
817	0.066044	0.9253	0.00057275	0.0080792
818	0.070294	0.92105	0.00061008	0.0080483
819	0.076733	0.9146	0.0006666	0.0079981
820	0.087038	0.90429	0.0007568	0.0079143
821	0.10098	0.89034	0.00087901	0.0077985
822	0.11972	0.8716	0.0010434	0.0076406
823	0.14471	0.8466	0.001263	0.0074274
824	0.18069	0.81061	0.0015789	0.007118
825	0.22835	0.76295	0.0019979	0.0067055
826	0.24773	0.74356	0.0021693	0.0065406
827	0.27644	0.71484	0.0024226	0.0062937
828	0.31493	0.67635	0.0027624	0.0059604
829	0.36596	0.62531	0.0032135	0.0055159
830	0.43371	0.55755	0.0038131	0.0049229
831	0.5235	0.46776	0.0046087	0.0041338
832	0.51177	0.47948	0.0045087	0.0042404
833	0.50635	0.4849	0.0044641	0.0042916
834	0.50511	0.48612	0.0044566	0.0043057
835	0.50912	0.48211	0.0044954	0.0042735
836	0.5175	0.47373	0.004573	0.0042025
837	0.53251	0.4587	0.0047094	0.0040727
838	0.55609	0.43512	0.0049216	0.0038671
839	0.59186	0.39935	0.005242	0.0035533
840	0.63972	0.35148	0.0056704	0.0031315
841	0.70331	0.28788	0.0062397	0.0025689
842	0.72797	0.26321	0.006464	0.0023513
843	0.73517	0.25601	0.0065332	0.0022889
844	0.74868	0.24249	0.0066586	0.0021702
845	0.77039	0.22078	0.0068571	0.0019783
846	0.80007	0.19109	0.0071274	0.0017148
847	0.79562	0.19553	0.0070931	0.0017559
848	0.79566	0.19548	0.0070988	0.001757
849	0.79924	0.19189	0.0071364	0.0017262
850	0.80666	0.18447	0.0072085	0.001661
851	0.81848	0.17265	0.0073204	0.0015559
852	0.83563	0.15549	0.0074808	0.0014026
853	0.86199	0.12912	0.007724	0.0011663
854	0.89748	0.093624	0.0080502	0.00084704
855	0.91125	0.079847	0.008181	0.00072321
856	0.905	0.086088	0.0081315	0.00077986
857	0.90257	0.088511	0.0081161	0.00080224
858	0.90284	0.088234	0.0081253	0.0008002
859	0.90667	0.084401	0.0081665	0.00076608
860	0.91357	0.077494	0.0082357	0.00070399
861	0.92408	0.066971	0.0083379	0.0006089
862	0.94064	0.050407	0.008495	0.00045893
863	0.96318	0.027863	0.008707	0.0002542
864	0.96459	0.026446	0.0087268	0.00024149
865	0.96787	0.023153	0.0087639	0.00021166
866	0.97326	0.017756	0.0088202	0.00016257
867	0.98116	0.0098461	0.0088997	9.0404e-05
868	0.98044	0.010564	0.0089005	9.6984e-05
869	0.98121	0.0097871	0.0089149	8.9965e-05
870	0.98363	0.0073569	0.0089443	6.7865e-05
871	0.98029	0.01069	0.0089209	9.8561e-05
872	0.97163	0.019345	0.0088485	0.00017835
873	0.96569	0.025279	0.0088011	0.00023317
874	0.94928	0.041675	0.0086573	0.00038435
875	0.93848	0.052474	0.0085647	0.00048434
876	0.93111	0.059837	0.0085038	0.00055276
877	0.92662	0.064321	0.0084693	0.0005947
878	0.92466	0.066267	0.0084583	0.0006133
879	0.91559	0.075336	0.0083814	0.00069775
880	0.89261	0.098303	0.0081756	0.00091109
881	0.87588	0.11503	0.0080274	0.0010668
882	0.86412	0.12678	0.0079252	0.0011767
883	0.83241	0.15848	0.0076383	0.0014712
884	0.80902	0.18186	0.0074282	0.001689
885	0.79228	0.19859	0.0072796	0.0018454
886	0.7808	0.21007	0.0071795	0.0019533
887	0.77369	0.21717	0.0071199	0.0020207
888	0.77044	0.22041	0.0070961	0.0020524
889	0.77084	0.22	0.0071061	0.0020503
890	0.77487	0.21596	0.00715	0.0020144
891	0.78284	0.20799	0.0072307	0.0019417
892	0.79677	0.19404	0.007367	0.0018135
893	0.81655	0.17426	0.0075581	0.0016304
894	0.82187	0.16893	0.0076147	0.0015819
895	0.81816	0.17263	0.0075874	0.0016173
896	0.81788	0.17291	0.0075922	0.0016208
897	0.82189	0.16889	0.0076368	0.0015843
898	0.8307	0.16007	0.0077264	0.0015029
899	0.84402	0.14675	0.0078585	0.001379
900	0.86294	0.12781	0.0080437	0.0012021
901	0.88896	0.10179	0.0082962	0.00095781
902	0.92697	0.063766	0.008662	0.00060036
903	0.98274	0.0079849	0.0091953	7.5259e-05
904	0.98106	0.0096649	0.0091877	9.1046e-05
905	0.98063	0.010082	0.0091921	9.4978e-05
906	0.98168	0.0090231	0.0092103	8.5066e-05
907	0.98061	0.010085	0.0092086	9.5077e-05
908	0.98102	0.00967	0.0092207	9.1235e-05
909	0.98269	0.0079926	0.0092448	7.546e-05
910	0.9823	0.0083676	0.0092495	7.9054e-05
911	0.98308	0.0075805	0.0092653	7.1664e-05
912	0.98508	0.0055717	0.0092927	5.2692e-05
913	0.98219	0.0084569	0.0092738	7.9974e-05
914	0.98068	0.0099534	0.009268	9.4149e-05
915	0.98068	0.009954	0.0092764	9.422e-05
916	0.98216	0.0084587	0.0092988	8.0148e-05
917	0.98504	0.0055752	0.0093346	5.2855e-05
918	0.98999	0.00061063	0.0093901	5.8015e-06
919	0.98975	0.00084326	0.0093963	8.0153e-06
920	0.99018	0.00040802	0.009409	3.8771e-06
921	0.99047	0.0001082	0.0094203	1.0274e-06
922	0.98743	0.0031418	0.0094	2.9874e-05
923	0.98582	0.0047441	0.0093931	4.5164e-05
924	0.98547	0.0050844	0.0093982	4.8465e-05
925	0.98338	0.0071635	0.0093867	6.8398e-05
926	0.98251	0.0080276	0.0093868	7.6727e-05
927	0.98304	0.0074856	0.0094003	7.1643e-05
928	0.9819	0.0086177	0.0093978	8.2609e-05
929	0.98195	0.0085652	0.0094066	8.2211e-05
930	0.98318	0.0073241	0.009427	7.0384e-05
931	0.98268	0.0078133	0.0094306	7.5182e-05
932	0.98332	0.0071664	0.0094453	6.9042e-05
933	0.98516	0.0053213	0.0094716	5.1335e-05
934	0.98528	0.0051861	0.0094815	5.0063e-05
935	0.98644	0.0040172	0.0095015	3.88e-05
936	0.98901	0.001444	0.009535	1.398e-05
937	0.98676	0.0036831	0.009522	3.5632e-05
938	0.98561	0.0048228	0.0095198	4.6674e-05
939	0.98254	0.0078841	0.0094988	7.6362e-05
940	0.98116	0.0092548	0.0094941	8.9754e-05
941	0.98101	0.0094019	0.0095014	9.1282e-05
942	0.98207	0.0083237	0.0095206	8.0895e-05
943	0.98111	0.009282	0.0095201	9.0253e-05
944	0.98162	0.0087612	0.009534	8.5275e-05
945	0.98368	0.0066884	0.0095628	6.5217e-05
946	0.98381	0.0065493	0.009573	6.3935e-05
947	0.98505	0.0053064	0.009594	5.1866e-05
948	0.98748	0.0028654	0.0096268	2.8052e-05
949	0.98834	0.0019941	0.0096444	1.9539e-05
950	0.98845	0.001873	0.0096546	1.8376e-05
951	0.98938	0.00093781	0.0096728	9.2294e-06
952	0.98852	0.0017938	0.0096735	1.7651e-05
953	0.98637	0.0039314	0.0096617	3.868e-05
954	0.98531	0.0049756	0.0096606	4.8989e-05
955	0.98528	0.0050058	0.0096695	4.9333e-05
956	0.98625	0.0040244	0.0096885	3.9705e-05
957	0.98289	0.0073772	0.0096647	7.2805e-05
958	0.95588	0.034372	0.0094073	0.00033953
959	0.93583	0.054416	0.0092183	0.00053785
960	0.92128	0.068959	0.0090836	0.00068202
961	0.91109	0.079139	0.0089918	0.00078323
962	0.90524	0.084976	0.0089427	0.00084176
963	0.90299	0.087213	0.0089291	0.00086483
964	0.9042	0.085996	0.0089495	0.00085377
