#coord	neutral	conserved	gBGC.neutral	gBGC.conserved
1	0.76409	0.23462	0.00098567	0.00030298
2	0.76998	0.22873	0.00099175	0.0002949
3	0.78022	0.2185	0.0010035	0.00028121
4	0.79713	0.20158	0.0010237	0.000259
5	0.82289	0.17583	0.0010551	0.00022555
6	0.86142	0.1373	0.0011027	0.00017592
7	0.91278	0.085943	0.0011667	0.00010995
8	0.93532	0.063406	0.0011936	8.1042e-05
9	0.96582	0.032909	0.0012307	4.2013e-05
10	0.97767	0.021057	0.0012438	2.6876e-05
11	0.98207	0.016657	0.0012474	2.1237e-05
12	0.98875	0.0099812	0.001254	1.2709e-05
13	0.99144	0.0072922	0.0012555	9.2788e-06
14	0.99573	0.0030024	0.001259	3.822e-06
15	0.9975	0.0012371	0.0012593	1.576e-06
16	0.99698	0.0017596	0.0012567	2.2334e-06
17	0.99724	0.0015059	0.0012551	1.9076e-06
18	0.99687	0.0018752	0.0012528	2.3671e-06
19	0.99729	0.0014594	0.0012514	1.836e-06
20	0.99867	7.3986e-05	0.0012513	9.2775e-08
21	0.99872	2.7744e-05	0.0012494	3.474e-08
22	0.99845	0.00030599	0.0012472	3.8365e-07
23	0.99805	0.00070925	0.0012448	8.8759e-07
24	0.9983	0.00045658	0.0012432	5.7084e-07
25	0.9984	0.00035336	0.0012415	4.4075e-07
26	0.99843	0.00033282	0.0012397	4.1337e-07
27	0.99743	0.0013268	0.0012366	1.6452e-06
28	0.99733	0.0014364	0.0012346	1.7808e-06
29	0.99797	0.00079063	0.0012336	9.792e-07
30	0.99826	0.00050477	0.0012321	6.2661e-07
31	0.99735	0.0014188	0.0012291	1.7586e-06
32	0.99523	0.0035381	0.0012247	4.3744e-06
33	0.99409	0.0046824	0.0012215	5.7772e-06
34	0.99386	0.0049116	0.0012194	6.0472e-06
35	0.99467	0.0041042	0.0012186	5.0486e-06
36	0.99411	0.0046677	0.0012162	5.73e-06
37	0.99457	0.0042148	0.0012149	5.1701e-06
38	0.99592	0.0028575	0.0012148	3.5028e-06
39	0.99608	0.0027042	0.0012133	3.308e-06
40	0.99704	0.001747	0.0012127	2.1311e-06
41	0.99715	0.0016323	0.0012111	1.987e-06
42	0.99654	0.002244	0.0012086	2.7285e-06
43	0.99669	0.0020999	0.001207	2.5486e-06
44	0.99604	0.0027519	0.0012045	3.3367e-06
45	0.99626	0.0025348	0.001203	3.0686e-06
46	0.99736	0.0014313	0.0012026	1.7281e-06
47	0.99778	0.0010148	0.0012014	1.2229e-06
48	0.99784	0.00096388	0.0011997	1.1609e-06
49	0.9986	0.0001982	0.0011989	2.3857e-07
50	0.99862	0.00018707	0.0011972	2.2423e-07
51	0.99873	7.5488e-05	0.0011956	9.0474e-08
52	0.99865	0.00015241	0.0011938	1.8199e-07
53	0.99784	0.00096335	0.0011912	1.1455e-06
54	0.9963	0.002512	0.0011876	2.9842e-06
55	0.99585	0.0029644	0.0011854	3.5175e-06
56	0.99643	0.0023837	0.0011843	2.8255e-06
57	0.9961	0.0027112	0.0011822	3.2076e-06
58	0.99477	0.0040502	0.0011789	4.7877e-06
59	0.98256	0.016262	0.0011628	1.9183e-05
60	0.9747	0.024121	0.0011519	2.8424e-05
61	0.96946	0.029362	0.0011441	3.4538e-05
62	0.96643	0.032395	0.0011389	3.8026e-05
63	0.96577	0.03305	0.0011365	3.8723e-05
64	0.96066	0.038168	0.0011289	4.4654e-05
65	0.95845	0.040383	0.0011246	4.7181e-05
66	0.95826	0.04057	0.0011228	4.7316e-05
67	0.95316	0.045671	0.0011152	5.3193e-05
68	0.95045	0.04838	0.0011104	5.6251e-05
69	0.95055	0.048286	0.0011089	5.6048e-05
70	0.94544	0.053395	0.0011013	6.1902e-05
71	0.94352	0.055323	0.0010974	6.4058e-05
72	0.9445	0.05434	0.0010969	6.2845e-05
73	0.94783	0.051012	0.0010991	5.8905e-05
74	0.95445	0.044397	0.0011051	5.1195e-05
75	0.96424	0.034602	0.0011147	3.9821e-05
76	0.96719	0.031655	0.0011164	3.6376e-05
77	0.97294	0.02591	0.0011213	2.9738e-05
78	0.98142	0.017433	0.0011294	1.9968e-05
79	0.98474	0.01411	0.0011315	1.6139e-05
80	0.98494	0.01391	0.00113	1.5885e-05
81	0.98657	0.012289	0.0011302	1.3999e-05
82	0.97964	0.019213	0.0011206	2.1865e-05
83	0.97555	0.023308	0.0011142	2.6496e-05
84	0.97339	0.025476	0.0011101	2.8908e-05
85	0.97334	0.025528	0.0011083	2.8918e-05
86	0.96947	0.029397	0.0011023	3.3262e-05
87	0.9681	0.030763	0.001099	3.4766e-05
88	0.96857	0.030293	0.0010978	3.4178e-05
89	0.97134	0.027525	0.0010993	3.1003e-05
90	0.97688	0.021987	0.0011038	2.4727e-05
91	0.98597	0.012905	0.0011122	1.4503e-05
92	0.98936	0.0095154	0.0011143	1.068e-05
93	0.9903	0.0085801	0.0011136	9.6234e-06
94	0.98917	0.0097102	0.0011106	1.088e-05
95	0.98929	0.0095936	0.001109	1.073e-05
96	0.99096	0.0079268	0.0011091	8.8514e-06
97	0.9906	0.0082884	0.001107	9.2366e-06
98	0.99167	0.0072138	0.0011065	8.0242e-06
99	0.99433	0.0045529	0.0011077	5.0561e-06
100	0.99251	0.0063783	0.001104	7.0723e-06
101	0.99205	0.0068447	0.0011017	7.5788e-06
102	0.99288	0.0060114	0.0011009	6.6481e-06
103	0.99204	0.0068539	0.0010982	7.5763e-06
104	0.99254	0.0063551	0.0010969	7.0238e-06
105	0.99418	0.0047198	0.001097	5.2149e-06
106	0.99426	0.0046378	0.0010953	5.1182e-06
107	0.99281	0.0060921	0.001092	6.7181e-06
108	0.99247	0.006429	0.0010898	7.0796e-06
109	0.99346	0.005447	0.0010892	5.9968e-06
110	0.9956	0.0033017	0.0010898	3.638e-06
111	0.99623	0.0026784	0.0010887	2.9506e-06
112	0.99592	0.0029906	0.0010867	3.2887e-06
113	0.99649	0.0024254	0.0010856	2.6648e-06
114	0.99798	0.00093152	0.0010856	1.0265e-06
115	0.96841	0.030503	0.0010516	3.3339e-05
116	0.94816	0.050757	0.0010278	5.5423e-05
117	0.93465	0.064272	0.0010115	7.0117e-05
118	0.92521	0.073714	0.00099961	8.0306e-05
119	0.91991	0.079015	0.00099225	8.5982e-05
120	0.91807	0.08085	0.00098864	8.7899e-05
121	0.91885	0.080072	0.00098789	8.6972e-05
122	0.92231	0.07662	0.00099005	8.3152e-05
123	0.9287	0.070224	0.00099539	7.616e-05
124	0.92811	0.07082	0.00099323	7.6698e-05
125	0.93001	0.068924	0.00099377	7.4542e-05
126	0.93455	0.064388	0.00099716	6.9545e-05
127	0.93268	0.066255	0.0009937	7.1417e-05
128	0.93381	0.065127	0.00099343	7.0092e-05
129	0.93822	0.060719	0.00099664	6.5282e-05
130	0.93699	0.061954	0.00099378	6.6522e-05
131	0.93809	0.060856	0.00099343	6.526e-05
132	0.94164	0.057306	0.00099572	6.1382e-05
133	0.9392	0.059741	0.00099167	6.3865e-05
134	0.93979	0.05916	0.00099079	6.3155e-05
135	0.94272	0.056226	0.00099243	5.9944e-05
136	0.94827	0.050678	0.00099686	5.3962e-05
137	0.9577	0.041246	0.0010053	4.3908e-05
138	0.97102	0.027933	0.0010179	2.9764e-05
139	0.96967	0.029285	0.001015	3.1136e-05
140	0.9701	0.028855	0.001014	3.0622e-05
141	0.97235	0.026611	0.0010149	2.8194e-05
142	0.97658	0.022383	0.001018	2.3677e-05
143	0.97679	0.022172	0.0010168	2.3392e-05
144	0.97866	0.0203	0.0010173	2.136e-05
145	0.98277	0.016194	0.0010202	1.7004e-05
146	0.98366	0.015303	0.0010197	1.6033e-05
147	0.98609	0.01288	0.0010208	1.3464e-05
148	0.99064	0.0083311	0.0010241	8.6964e-06
149	0.99209	0.006877	0.0010242	7.1592e-06
150	0.99191	0.0070638	0.0010225	7.3337e-06
151	0.99309	0.00588	0.0010223	6.0969e-06
152	0.99551	0.0034636	0.0010233	3.5874e-06
153	0.99643	0.0025492	0.0010228	2.64e-06
154	0.99392	0.0050517	0.0010187	5.2104e-06
155	0.99283	0.0061463	0.0010161	6.3326e-06
156	0.98929	0.0096889	0.001011	9.9602e-06
157	0.98727	0.011709	0.0010075	1.2012e-05
158	0.98689	0.012095	0.0010057	1.2396e-05
159	0.98329	0.015697	0.0010006	1.6055e-05
160	0.98177	0.017217	0.00099756	1.7589e-05
161	0.98176	0.017225	0.00099613	1.7574e-05
162	0.97836	0.02063	0.00099127	2.1004e-05
163	0.96864	0.030353	0.00098004	3.0809e-05
164	0.96275	0.03624	0.0009727	3.6722e-05
165	0.95988	0.039113	0.0009684	3.9583e-05
166	0.95076	0.048233	0.00095777	4.8764e-05
167	0.94473	0.054268	0.0009503	5.4789e-05
168	0.94192	0.057074	0.00094609	5.7556e-05
169	0.94143	0.057563	0.00094424	5.7973e-05
170	0.94392	0.055075	0.00094535	5.5414e-05
171	0.92805	0.07095	0.00092798	7.1326e-05
172	0.91678	0.082223	0.00091532	8.2544e-05
173	0.91031	0.088691	0.00090748	8.8936e-05
174	0.90774	0.09126	0.00090352	9.1423e-05
175	0.90789	0.091118	0.00090231	9.1184e-05
176	0.90074	0.098272	0.00089379	9.824e-05
177	0.89678	0.10223	0.00088851	0.00010208
178	0.89571	0.1033	0.00088614	0.00010301
179	0.89746	0.10156	0.00088659	0.00010114
180	0.90219	0.096825	0.00089003	9.6299e-05
181	0.91141	0.087603	0.00089786	8.7048e-05
182	0.92641	0.072602	0.00091133	7.2147e-05
183	0.94706	0.051955	0.00093037	5.1693e-05
184	0.95538	0.043635	0.00093718	4.3453e-05
185	0.957	0.042017	0.0009374	4.182e-05
186	0.95344	0.045585	0.00093253	4.5299e-05
187	0.94255	0.056477	0.0009204	5.6019e-05
188	0.93519	0.063832	0.00091182	6.3203e-05
189	0.93144	0.067583	0.00090678	6.684e-05
190	0.93025	0.068783	0.00090427	6.7951e-05
191	0.93209	0.066943	0.00090472	6.61e-05
192	0.93654	0.062494	0.00090774	6.1697e-05
193	0.88884	0.11019	0.0008597	0.00010837
194	0.85598	0.14306	0.00082623	0.00014045
195	0.83374	0.16529	0.00080321	0.00016207
196	0.78175	0.21728	0.00075103	0.00021284
197	0.74297	0.25607	0.00071201	0.00025047
198	0.71436	0.28468	0.00068308	0.00027802
199	0.69368	0.30536	0.00066198	0.00029776
200	0.68078	0.31826	0.00064844	0.00030992
201	0.67276	0.32628	0.00063968	0.00031731
202	0.64514	0.35391	0.00061207	0.00034357
203	0.62517	0.37388	0.00059196	0.00036234
204	0.61143	0.38762	0.00057792	0.00037505
205	0.60276	0.39629	0.0005688	0.00038285
206	0.59858	0.40047	0.00056402	0.00038632
207	0.5999	0.39915	0.00056445	0.00038457
208	0.58688	0.41217	0.00055127	0.00039645
209	0.57884	0.42022	0.00054288	0.00040355
210	0.54879	0.45026	0.00051372	0.00043142
211	0.52702	0.47204	0.0004925	0.00045137
212	0.51181	0.48724	0.00047756	0.00046504
213	0.50198	0.49707	0.00046775	0.0004736
214	0.46995	0.52911	0.00043722	0.00050289
215	0.39475	0.60431	0.00036634	0.00057252
216	0.33808	0.66099	0.00031304	0.00062457
217	0.29548	0.70358	0.00027307	0.00066332
218	0.26671	0.73236	0.00024598	0.00068917
219	0.24541	0.75365	0.00022593	0.00070798
220	0.22997	0.7691	0.0002114	0.0007213
221	0.18515	0.81392	0.00016985	0.00076163
222	0.15451	0.84456	0.00014141	0.00078885
223	0.13154	0.86753	0.00012013	0.00080891
224	0.11619	0.88288	0.00010588	0.00082195
225	0.10501	0.89406	9.5509e-05	0.00083111
226	0.09713	0.90194	8.8203e-05	0.00083721
227	0.092684	0.90639	8.4037e-05	0.00084017
228	0.091251	0.90783	8.2622e-05	0.00084037
229	0.092633	0.90645	8.3764e-05	0.000838
230	0.096095	0.90298	8.6814e-05	0.00083374
231	0.10195	0.89713	9.205e-05	0.00082729
232	0.11164	0.88744	0.00010075	0.00081738
233	0.12503	0.87405	0.00011281	0.00080411
234	0.14322	0.85586	0.00012924	0.00078648
235	0.14705	0.85204	0.00013258	0.00078195
236	0.15503	0.84406	0.00013965	0.00077368
237	0.16666	0.83243	0.00015005	0.00076209
238	0.14918	0.84991	0.000134	0.00077695
239	0.13641	0.86268	0.00012228	0.00078748
240	0.12844	0.87065	0.0001149	0.00079366
241	0.12444	0.87465	0.0001111	0.00079626
242	0.12288	0.87621	0.00010953	0.00079663
243	0.1237	0.8754	0.00011011	0.00079486
244	0.12695	0.87214	0.00011289	0.0007909
245	0.1338	0.8653	0.00011887	0.00078374
246	0.14392	0.85518	0.00012777	0.00077366
247	0.15955	0.83955	0.00014156	0.00075868
248	0.18069	0.81841	0.00016026	0.00073881
249	0.20907	0.79003	0.00018542	0.00071248
250	0.25007	0.74903	0.00022172	0.000675
251	0.30424	0.69487	0.00026973	0.00062582
252	0.37599	0.62311	0.00033341	0.00056099
253	0.40644	0.59266	0.00036005	0.00053318
254	0.44726	0.55184	0.00039591	0.00049616
255	0.50155	0.49755	0.00044374	0.00044718
256	0.52114	0.47797	0.00046062	0.00042916
257	0.54826	0.45085	0.00048421	0.00040443
258	0.58497	0.41414	0.00051635	0.00037117
259	0.63428	0.36483	0.00055972	0.0003267
260	0.70006	0.29905	0.00061776	0.00026755
261	0.79607	0.20305	0.00070247	0.00018174
262	0.83464	0.16447	0.00073596	0.00014715
263	0.84959	0.14952	0.0007484	0.00013363
264	0.87288	0.12624	0.00076816	0.00011277
265	0.90439	0.094728	0.00079524	8.4606e-05
266	0.91757	0.081548	0.00080594	7.2814e-05
267	0.93603	0.063096	0.00082131	5.6356e-05
268	0.94216	0.056962	0.00082576	5.0835e-05
269	0.94193	0.057199	0.00082458	5.0955e-05
270	0.944	0.055122	0.00082547	4.9025e-05
271	0.94852	0.050604	0.00082853	4.4935e-05
272	0.95587	0.04326	0.0008341	3.8346e-05
273	0.96779	0.031337	0.00084366	2.7745e-05
274	0.97191	0.02722	0.00084634	2.405e-05
275	0.97905	0.020079	0.00085165	1.7716e-05
276	0.99012	0.0090073	0.00086037	7.9546e-06
277	0.9946	0.0045302	0.00086329	4.0041e-06
278	0.99391	0.0052256	0.00086168	4.5984e-06
279	0.99424	0.0048936	0.00086098	4.2946e-06
280	0.99326	0.0058716	0.00085913	5.1371e-06
281	0.99335	0.0057878	0.00085821	5.0537e-06
282	0.99172	0.0074203	0.00085582	6.456e-06
283	0.99127	0.0078726	0.00085446	6.8315e-06
284	0.98882	0.010316	0.00085138	8.929e-06
285	0.98777	0.01137	0.00084951	9.8206e-06
286	0.98364	0.015506	0.00084498	1.3366e-05
287	0.98161	0.01753	0.00084226	1.5094e-05
288	0.98144	0.0177	0.00084111	1.5232e-05
289	0.98311	0.016039	0.00084152	1.3805e-05
290	0.98643	0.012714	0.00084337	1.0951e-05
291	0.99166	0.0074916	0.00084685	6.4737e-06
292	0.98459	0.014554	0.0008398	1.2544e-05
293	0.98031	0.01884	0.00083513	1.6226e-05
294	0.97787	0.021277	0.00083207	1.8307e-05
295	0.97	0.029151	0.00082438	2.5034e-05
296	0.96478	0.034376	0.00081899	2.9472e-05
297	0.96183	0.037319	0.00081557	3.1946e-05
298	0.96147	0.037685	0.00081433	3.223e-05
299	0.96308	0.036071	0.0008148	3.0823e-05
300	0.96678	0.03238	0.00081704	2.7648e-05
301	0.95655	0.04261	0.0008075	3.6273e-05
302	0.9503	0.04886	0.00080132	4.1524e-05
303	0.94665	0.052512	0.00079737	4.4558e-05
304	0.94597	0.053193	0.00079592	4.5087e-05
305	0.9475	0.051664	0.00079635	4.374e-05
306	0.9521	0.047058	0.00079935	3.9816e-05
307	0.95097	0.048196	0.00079752	4.0725e-05
308	0.95198	0.047178	0.00079754	3.9811e-05
309	0.95578	0.043381	0.00079986	3.6574e-05
310	0.96216	0.037	0.00080437	3.1163e-05
311	0.97158	0.027582	0.00081145	2.3199e-05
312	0.98617	0.013001	0.00082281	1.0935e-05
313	0.98689	0.012282	0.00082255	1.0312e-05
314	0.98931	0.0098548	0.0008237	8.2675e-06
315	0.99336	0.005812	0.00082621	4.8717e-06
316	0.9947	0.0044648	0.00082647	3.7343e-06
317	0.99466	0.0045059	0.00082556	3.7607e-06
318	0.99311	0.0060587	0.00082341	5.0398e-06
319	0.98913	0.010047	0.00081922	8.3385e-06
320	0.98675	0.012425	0.0008164	1.0292e-05
321	0.98613	0.01304	0.00081502	1.0788e-05
322	0.98686	0.012312	0.00081477	1.0168e-05
323	0.98521	0.013962	0.00081254	1.1515e-05
324	0.98499	0.014188	0.0008115	1.1682e-05
325	0.98645	0.012728	0.00081184	1.0465e-05
326	0.98978	0.0093959	0.0008137	7.7156e-06
327	0.99551	0.0036646	0.0008175	3.0112e-06
328	0.99265	0.0065346	0.00081426	5.3646e-06
329	0.99109	0.0080873	0.00081212	6.6286e-06
330	0.99075	0.0084287	0.00081098	6.8944e-06
331	0.99181	0.0073715	0.00081098	6.0192e-06
332	0.9944	0.0047809	0.00081222	3.8974e-06
333	0.99894	0.00024838	0.00081501	2.0227e-07
334	0.99822	0.00096399	0.00081355	7.838e-07
335	0.99829	0.00089815	0.0008127	7.294e-07
336	0.99916	2.4218e-05	0.00081251	1.9689e-08
337	0.99901	0.00017639	0.00081149	1.4324e-07
338	0.99501	0.0041784	0.00080733	3.3943e-06
339	0.99279	0.0064037	0.0008046	5.2008e-06
340	0.99179	0.0074052	0.00080289	6.0071e-06
341	0.99217	0.0070254	0.00080229	5.697e-06
342	0.99371	0.0054783	0.00080264	4.4402e-06
343	0.99038	0.0088103	0.00079903	7.1357e-06
344	0.98852	0.010679	0.00079662	8.6379e-06
345	0.98822	0.010975	0.00079547	8.8725e-06
346	0.98515	0.014044	0.00079207	1.135e-05
347	0.98366	0.015535	0.00078996	1.2544e-05
348	0.98363	0.015564	0.00078905	1.2555e-05
349	0.98507	0.014133	0.00078933	1.1388e-05
350	0.9885	0.010702	0.00079119	8.6246e-06
351	0.99383	0.0053692	0.00079459	4.3353e-06
352	0.98852	0.01068	0.00078946	8.5911e-06
353	0.98511	0.014094	0.00078588	1.1312e-05
354	0.98369	0.015512	0.00078388	1.2438e-05
355	0.98373	0.015473	0.00078306	1.2393e-05
356	0.98522	0.01399	0.0007834	1.1192e-05
357	0.98826	0.010951	0.00078501	8.7488e-06
358	0.99354	0.0056623	0.00078838	4.5243e-06
359	0.9955	0.003703	0.00078911	2.9559e-06
360	0.99594	0.0032733	0.00078863	2.6064e-06
361	0.99534	0.0038712	0.00078732	3.0759e-06
362	0.99568	0.0035318	0.00078677	2.8002e-06
363	0.99481	0.0044007	0.00078527	3.4778e-06
364	0.99511	0.0041004	0.00078469	3.2342e-06
365	0.98961	0.009602	0.00077956	7.5474e-06
366	0.98638	0.012834	0.00077621	1.0076e-05
367	0.98507	0.014148	0.00077435	1.1097e-05
368	0.98516	0.014051	0.00077362	1.1004e-05
369	0.98703	0.012185	0.00077425	9.5287e-06
370	0.99093	0.0082884	0.00077646	6.4729e-06
371	0.99201	0.0072119	0.00077645	5.629e-06
372	0.99131	0.0079093	0.00077504	6.1741e-06
373	0.99176	0.007459	0.00077453	5.8183e-06
374	0.99363	0.0055866	0.00077513	4.3581e-06
375	0.99686	0.0023649	0.00077678	1.846e-06
376	0.9982	0.0010202	0.00077699	7.9655e-07
377	0.99879	0.00043202	0.00077661	3.3715e-07
378	0.99913	9.645e-05	0.00077605	7.503e-08
379	0.99916	6.0592e-05	0.00077525	4.7217e-08
380	0.99831	0.00091169	0.00077376	7.0874e-07
381	0.99818	0.0010439	0.00077285	8.1042e-07
382	0.99764	0.0015843	0.00077161	1.2299e-06
383	0.99628	0.0029437	0.00076972	2.2863e-06
384	0.99285	0.0063769	0.00076624	4.9459e-06
385	0.99109	0.0081425	0.00076405	6.3139e-06
386	0.99056	0.0086742	0.00076282	6.7221e-06
387	0.99122	0.0080136	0.00076253	6.2066e-06
388	0.99312	0.006109	0.00076321	4.7299e-06
389	0.9964	0.002828	0.00076496	2.1914e-06
390	0.9977	0.0015337	0.00076519	1.1889e-06
391	0.99313	0.0060997	0.00076092	4.6951e-06
392	0.99022	0.0090198	0.00075794	6.9267e-06
393	0.98896	0.010277	0.00075622	7.8847e-06
394	0.98898	0.010259	0.00075549	7.8615e-06
395	0.99052	0.00872	0.00075591	6.6792e-06
396	0.99345	0.0057845	0.00075741	4.4287e-06
397	0.99443	0.0048071	0.0007574	3.6808e-06
398	0.99395	0.0052943	0.00075628	4.0495e-06
399	0.99448	0.0047619	0.00075595	3.6382e-06
400	0.99357	0.0056759	0.00075453	4.3265e-06
401	0.99371	0.0055311	0.00075394	4.2063e-06
402	0.99516	0.0040872	0.00075431	3.103e-06
403	0.9981	0.0011427	0.00075581	8.6754e-07
404	0.99809	0.0011504	0.00075508	8.7147e-07
405	0.99765	0.0015936	0.00075401	1.2061e-06
406	0.9965	0.0027475	0.00075238	2.0795e-06
407	0.99625	0.0029949	0.00075146	2.2646e-06
408	0.99688	0.0023628	0.00075121	1.7838e-06
409	0.99675	0.0024931	0.00075038	1.8807e-06
410	0.99558	0.0036674	0.00074877	2.7612e-06
411	0.99537	0.0038755	0.00074791	2.9114e-06
412	0.99392	0.00533	0.0007461	3.9981e-06
413	0.99375	0.0054972	0.00074524	4.1204e-06
414	0.99485	0.0044006	0.00074531	3.2984e-06
415	0.99708	0.0021705	0.00074625	1.6266e-06
416	0.99793	0.0013257	0.00074615	9.9186e-07
417	0.99819	0.0010593	0.00074562	7.9217e-07
418	0.99037	0.0088866	0.00073902	6.6485e-06
419	0.98542	0.01384	0.00073455	1.0352e-05
420	0.98235	0.016904	0.00073153	1.263e-05
421	0.97344	0.025819	0.00072417	1.9256e-05
422	0.96734	0.031913	0.00071894	2.3759e-05
423	0.96361	0.035647	0.00071549	2.6494e-05
424	0.96241	0.036845	0.00071392	2.7348e-05
425	0.9636	0.035657	0.00071409	2.6439e-05
426	0.96744	0.031825	0.00071621	2.358e-05
427	0.97368	0.02558	0.00072012	1.8932e-05
428	0.98363	0.015636	0.00072674	1.157e-05
429	0.99742	0.0018412	0.00073621	1.3621e-06
430	0.99562	0.0036429	0.00073414	2.6931e-06
431	0.99116	0.0081009	0.00073012	5.9771e-06
432	0.98838	0.010888	0.00072735	8.0187e-06
433	0.98703	0.012237	0.00072567	8.9951e-06
434	0.98728	0.011989	0.00072514	8.7998e-06
435	0.98916	0.010111	0.00072579	7.4129e-06
436	0.9837	0.015568	0.00072109	1.1394e-05
437	0.98065	0.018623	0.00071814	1.3616e-05
438	0.97967	0.019596	0.00071669	1.4317e-05
439	0.98026	0.019008	0.00071641	1.387e-05
440	0.98281	0.016463	0.00071754	1.2001e-05
441	0.98763	0.011637	0.00072031	8.4789e-06
442	0.98527	0.014006	0.00071782	1.0206e-05
443	0.98439	0.014885	0.00071643	1.0839e-05
444	0.98491	0.014359	0.00071609	1.0443e-05
445	0.98728	0.011996	0.00071706	8.7189e-06
446	0.99133	0.0079477	0.00071927	5.7695e-06
447	0.998	0.0012771	0.00072335	9.3151e-07
448	0.99502	0.0042583	0.00072044	3.1011e-06
449	0.99351	0.0057645	0.00071859	4.1984e-06
450	0.9931	0.0061732	0.00071755	4.495e-06
451	0.99066	0.0086146	0.00071505	6.2632e-06
452	0.98954	0.009736	0.00071353	7.0691e-06
453	0.98967	0.0096098	0.00071292	6.9688e-06
454	0.99104	0.0082397	0.00071322	5.9674e-06
455	0.99376	0.0055218	0.00071451	3.9912e-06
456	0.9985	0.00078082	0.00071723	5.643e-07
457	0.98819	0.011091	0.0007091	7.9835e-06
458	0.98085	0.018434	0.00070314	1.3245e-05
459	0.97595	0.023338	0.00069896	1.674e-05
460	0.96382	0.035461	0.0006896	2.5402e-05
461	0.95609	0.043195	0.00068337	3.0919e-05
462	0.95189	0.047401	0.00067966	3.391e-05
463	0.79937	0.19992	0.00056997	0.00014289
464	0.69269	0.3066	0.0004931	0.00021903
465	0.61224	0.38705	0.00043525	0.00027618
466	0.55727	0.44202	0.00039558	0.00031513
467	0.51619	0.4831	0.00036596	0.00034404
468	0.48882	0.51047	0.0003461	0.00036318
469	0.47133	0.52796	0.00033326	0.00037529
470	0.45948	0.53981	0.00032449	0.00038334
471	0.45368	0.54561	0.00032	0.0003871
472	0.45319	0.54611	0.00031925	0.00038711
473	0.43731	0.56199	0.00030764	0.000398
474	0.42683	0.57246	0.00029991	0.00040501
475	0.42213	0.57716	0.00029624	0.00040795
476	0.34134	0.65796	0.00023895	0.00046451
477	0.28034	0.71896	0.00019581	0.00050694
478	0.23786	0.76144	0.00016572	0.00053631
479	0.20584	0.79346	0.00014308	0.00055823
480	0.18183	0.81747	0.00012613	0.00057447
481	0.16411	0.83519	0.00011364	0.00058625
482	0.1513	0.848	0.00010462	0.00059458
483	0.14238	0.85692	9.8335e-05	0.00060017
484	0.13661	0.86269	9.4263e-05	0.00060355
485	0.13456	0.86474	9.2766e-05	0.00060435
486	0.11978	0.87952	8.2468e-05	0.00061396
487	0.11013	0.88917	7.5723e-05	0.00062001
488	0.10458	0.89473	7.1803e-05	0.00062323
489	0.10147	0.89784	6.9588e-05	0.00062475
490	0.088192	0.91111	6.039e-05	0.00063325
491	0.078436	0.92087	5.3643e-05	0.00063931
492	0.071503	0.9278	4.8858e-05	0.00064342
493	0.067511	0.9318	4.6087e-05	0.0006455
494	0.066078	0.93323	4.5065e-05	0.00064583
495	0.067003	0.93231	4.5653e-05	0.00064454
496	0.060229	0.93908	4.097e-05	0.00064853
497	0.056339	0.94297	3.8259e-05	0.00065054
498	0.054104	0.94521	3.6693e-05	0.00065141
499	0.053897	0.94542	3.6505e-05	0.00065089
500	0.055689	0.94362	3.7671e-05	0.00064902
501	0.059112	0.9402	3.9951e-05	0.00064604
502	0.06513	0.93418	4.3977e-05	0.0006413
503	0.073567	0.92575	4.9645e-05	0.00063493
504	0.086233	0.91308	5.815e-05	0.00062571
505	0.10323	0.89608	6.9587e-05	0.00061357
506	0.1259	0.87342	8.4859e-05	0.0005976
507	0.13263	0.86669	8.9323e-05	0.00059244
508	0.12972	0.8696	8.7265e-05	0.00059381
509	0.13006	0.86926	8.739e-05	0.00059298
510	0.13282	0.8665	8.917e-05	0.00059051
511	0.13823	0.86109	9.2744e-05	0.00058625
512	0.14675	0.85257	9.8428e-05	0.00057989
513	0.16061	0.83871	0.00010769	0.00056993
514	0.17953	0.81979	0.00012037	0.00055657
515	0.20494	0.79438	0.00013744	0.00053882
516	0.24244	0.75689	0.0001626	0.00051299
517	0.23892	0.76041	0.00016009	0.00051482
518	0.23968	0.75965	0.00016044	0.00051378
519	0.24505	0.75428	0.00016387	0.00050966
520	0.21194	0.78738	0.00014149	0.00053135
521	0.18926	0.81007	0.00012611	0.00054604
522	0.17252	0.82681	0.00011477	0.00055669
523	0.16046	0.83887	0.00010661	0.00056418
524	0.15216	0.84717	0.00010098	0.00056912
525	0.14704	0.85229	9.75e-05	0.00057193
526	0.12936	0.86997	8.5656e-05	0.0005831
527	0.11786	0.88148	7.7918e-05	0.00059015
528	0.1098	0.88953	7.2501e-05	0.00059489
529	0.084992	0.91434	5.6022e-05	0.0006107
530	0.066157	0.93318	4.3546e-05	0.0006225
531	0.053107	0.94623	3.4891e-05	0.00063048
532	0.043315	0.95602	2.8415e-05	0.00063629
533	0.036705	0.96263	2.4035e-05	0.00063999
534	0.031865	0.96747	2.0835e-05	0.00064252
535	0.02901	0.97033	1.8937e-05	0.00064374
536	0.027239	0.9721	1.776e-05	0.00064424
537	0.02642	0.97292	1.7213e-05	0.00064412
538	0.026488	0.97285	1.7253e-05	0.00064341
539	0.027451	0.97189	1.7883e-05	0.00064212
540	0.029404	0.96994	1.9167e-05	0.00064018
541	0.026005	0.97334	1.6949e-05	0.00064174
542	0.024189	0.97515	1.5761e-05	0.00064227
543	0.023624	0.97572	1.5387e-05	0.00064198
544	0.018254	0.98109	1.1867e-05	0.00064483
545	0.014169	0.98517	9.1971e-06	0.00064684
546	0.01105	0.98829	7.165e-06	0.00064821
547	0.0086508	0.99069	5.6077e-06	0.00064911
548	0.0070755	0.99227	4.5826e-06	0.00064947
549	0.0061037	0.99324	3.947e-06	0.00064944
550	0.0053824	0.99396	3.4767e-06	0.00064924
551	0.0048549	0.99449	3.1341e-06	0.00064893
552	0.0046713	0.99468	3.0114e-06	0.00064838
553	0.0046079	0.99474	2.9675e-06	0.00064777
554	0.0046688	0.99468	3.0051e-06	0.00064707
555	0.0048588	0.99449	3.127e-06	0.0006463
556	0.0051928	0.99416	3.3429e-06	0.00064543
557	0.0056969	0.99365	3.6699e-06	0.00064446
558	0.0064107	0.99294	4.134e-06	0.00064335
559	0.0073783	0.99197	4.7641e-06	0.00064209
560	0.0089679	0.99039	5.7926e-06	0.00064042
561	0.011338	0.98802	7.3205e-06	0.00063824
562	0.01479	0.98456	9.5396e-06	0.00063537
563	0.019273	0.98008	1.2425e-05	0.00063183
564	0.025866	0.97349	1.6657e-05	0.00062695
565	0.020489	0.97887	1.3189e-05	0.00062976
566	0.016862	0.9825	1.0845e-05	0.00063145
567	0.014183	0.98518	9.1207e-06	0.00063252
568	0.012535	0.98682	8.0569e-06	0.00063293
569	0.011764	0.9876	7.554e-06	0.00063277
570	0.011762	0.9876	7.5422e-06	0.00063211
571	0.012529	0.98683	8.0192e-06	0.00063095
572	0.0096919	0.98967	6.1953e-06	0.0006321
573	0.0077526	0.99161	4.946e-06	0.00063268
574	0.006247	0.99312	3.9799e-06	0.00063297
575	0.0052473	0.99412	3.3358e-06	0.00063293
576	0.004449	0.99492	2.8238e-06	0.00063277
577	0.0039861	0.99538	2.5236e-06	0.00063239
578	0.0036207	0.99575	2.2878e-06	0.00063195
579	0.003324	0.99604	2.0975e-06	0.00063146
580	0.0032313	0.99614	2.0342e-06	0.00063085
581	0.0031718	0.9962	1.9932e-06	0.00063021
582	0.0031337	0.99623	1.9667e-06	0.00062957
583	0.0031213	0.99625	1.9575e-06	0.00062891
584	0.0032897	0.99608	2.0594e-06	0.00062814
585	0.0034903	0.99588	2.1822e-06	0.00062735
586	0.0037385	0.99563	2.3355e-06	0.00062653
587	0.0040529	0.99532	2.5312e-06	0.00062567
588	0.0046535	0.99472	2.9027e-06	0.00062463
589	0.0054117	0.99396	3.3734e-06	0.0006235
590	0.0063759	0.993	3.9737e-06	0.00062224
591	0.0076194	0.99176	4.7496e-06	0.00062081
592	0.0092365	0.99014	5.7606e-06	0.00061915
593	0.011654	0.98772	7.266e-06	0.00061699
594	0.015261	0.98412	9.5057e-06	0.00061409
595	0.019945	0.97943	1.2418e-05	0.00061052
596	0.026061	0.97332	1.6224e-05	0.00060605
597	0.034114	0.96526	2.1242e-05	0.00060039
598	0.045691	0.95369	2.8436e-05	0.00059254
599	0.049078	0.9503	3.0513e-05	0.0005898
600	0.046761	0.95262	2.9039e-05	0.0005906
601	0.046423	0.95296	2.8789e-05	0.00059018
602	0.039682	0.9597	2.4563e-05	0.00059372
603	0.034774	0.96461	2.1492e-05	0.00059612
604	0.031927	0.96746	1.9696e-05	0.00059723
605	0.030743	0.96864	1.8925e-05	0.00059732
606	0.030582	0.9688	1.8792e-05	0.00059676
607	0.03183	0.96756	1.9519e-05	0.00059535
608	0.034171	0.96521	2.092e-05	0.00059326
609	0.037812	0.96157	2.312e-05	0.00059038
610	0.043039	0.95635	2.6293e-05	0.00058653
611	0.042532	0.95686	2.5947e-05	0.00058619
612	0.04326	0.95613	2.6361e-05	0.0005851
613	0.045803	0.95359	2.7876e-05	0.0005829
614	0.049864	0.94953	3.0318e-05	0.00057977
615	0.055751	0.94364	3.3876e-05	0.00057554
616	0.043625	0.95577	2.6464e-05	0.00058227
617	0.034479	0.96491	2.089e-05	0.00058716
618	0.028368	0.97102	1.7158e-05	0.00059021
619	0.023848	0.97555	1.4406e-05	0.00059228
620	0.020973	0.97842	1.2649e-05	0.00059335
621	0.019377	0.98002	1.1664e-05	0.00059364
622	0.018525	0.98087	1.1135e-05	0.00059348
623	0.018371	0.98103	1.103e-05	0.0005929
624	0.019213	0.98018	1.1521e-05	0.00059172
625	0.021158	0.97824	1.2668e-05	0.00058987
626	0.02402	0.97538	1.4366e-05	0.00058748
627	0.028016	0.97138	1.6745e-05	0.00058442
628	0.034203	0.9652	2.0422e-05	0.00058004
629	0.042474	0.95693	2.5345e-05	0.00057443
630	0.054481	0.94492	3.2476e-05	0.0005666
631	0.071752	0.92765	4.2709e-05	0.00055567
632	0.076843	0.92256	4.5684e-05	0.00055199
633	0.084359	0.91504	5.0106e-05	0.00054688
634	0.08341	0.91599	4.949e-05	0.0005468
635	0.085005	0.9144	5.0379e-05	0.00054522
636	0.089348	0.91006	5.2887e-05	0.00054201
637	0.097186	0.90222	5.7447e-05	0.00053674
638	0.10817	0.89123	6.3871e-05	0.00052961
639	0.12323	0.87618	7.27e-05	0.00052008
640	0.14572	0.85369	8.5879e-05	0.0005062
641	0.17555	0.82385	0.00010339	0.00048799
642	0.21518	0.78423	0.00012667	0.000464
643	0.22832	0.77109	0.0001343	0.00045568
644	0.24855	0.75086	0.00014607	0.00044322
645	0.27899	0.72042	0.00016378	0.00042479
646	0.32389	0.67552	0.0001899	0.00039796
647	0.38328	0.61613	0.00022451	0.00036265
648	0.46983	0.52959	0.00027485	0.00031159
649	0.47597	0.52344	0.00027811	0.00030762
650	0.48826	0.51115	0.00028492	0.00030009
651	0.50631	0.4931	0.00029511	0.00028919
652	0.53162	0.46779	0.00030955	0.00027405
653	0.56914	0.43027	0.00033104	0.00025185
654	0.61928	0.38014	0.00035987	0.00022231
655	0.63776	0.36166	0.00037022	0.00021126
656	0.66596	0.33346	0.00038619	0.00019458
657	0.70409	0.29533	0.00040793	0.00017215
658	0.76041	0.23901	0.00044013	0.00013924
659	0.83538	0.16404	0.00048315	9.5509e-05
660	0.93445	0.064974	0.00054017	3.7802e-05
661	0.93512	0.064305	0.00053993	3.7351e-05
662	0.93886	0.060562	0.00054146	3.5129e-05
663	0.94615	0.053271	0.00054502	3.0868e-05
664	0.95688	0.042542	0.00055057	2.462e-05
665	0.97349	0.025937	0.00055947	1.501e-05
666	0.9805	0.018922	0.00056284	1.0941e-05
667	0.9905	0.0089288	0.00056794	5.156e-06
668	0.99074	0.0086857	0.00056741	5.002e-06
669	0.98877	0.010654	0.00056563	6.1118e-06
670	0.98839	0.011039	0.00056475	6.3174e-06
671	0.98954	0.0098904	0.00056472	5.649e-06
672	0.99243	0.0069959	0.00056568	3.9891e-06
673	0.9932	0.0062331	0.00056541	3.5503e-06
674	0.99248	0.0069565	0.00056428	3.96e-06
675	0.99287	0.0065637	0.00056379	3.732e-06
676	0.99467	0.004764	0.00056409	2.7088e-06
677	0.99484	0.0045973	0.00056348	2.6116e-06
678	0.99351	0.0059237	0.00056202	3.3584e-06
679	0.9935	0.0059383	0.0005613	3.3638e-06
680	0.99455	0.0048834	0.00056119	2.7627e-06
681	0.99705	0.00239	0.00056189	1.3543e-06
682	0.99621	0.0032287	0.0005607	1.827e-06
683	0.99628	0.0031548	0.00056005	1.783e-06
684	0.99728	0.0021625	0.00055992	1.2209e-06
685	0.99523	0.0042143	0.00055809	2.3694e-06
686	0.99051	0.0089337	0.00055475	5.0138e-06
687	0.98791	0.01153	0.00055259	6.4662e-06
688	0.98675	0.012696	0.00055126	7.111e-06
689	0.98247	0.016969	0.00054817	9.4953e-06
690	0.98003	0.019411	0.00054612	1.0846e-05
691	0.97923	0.020213	0.000545	1.1276e-05
692	0.9804	0.019045	0.00054497	1.0612e-05
693	0.98322	0.016224	0.00054587	9.0266e-06
694	0.98839	0.011052	0.00054805	6.1435e-06
695	0.99591	0.0035332	0.00055155	1.9594e-06
696	0.99939	5.519e-05	0.00055278	3.0539e-08
697	0.99941	4.1382e-05	0.00055207	2.2975e-08
698	0.99873	0.00071485	0.000551	3.9612e-07
699	0.99749	0.0019611	0.00054959	1.0874e-06
700	0.99455	0.0048959	0.00054727	2.71e-06
701	0.98795	0.011498	0.0005429	6.3613e-06
702	0.98403	0.015417	0.00054001	8.5269e-06
703	0.98184	0.017615	0.00053809	9.7343e-06
704	0.98119	0.018259	0.00053704	1.0081e-05
705	0.98206	0.017398	0.00053682	9.5967e-06
706	0.98451	0.014946	0.00053749	8.2388e-06
707	0.98872	0.010736	0.00053913	5.9166e-06
708	0.99501	0.0044474	0.00054192	2.456e-06
709	0.95621	0.043247	0.00052006	2.3646e-05
710	0.92948	0.069977	0.00050481	3.8222e-05
711	0.90985	0.089607	0.0004935	4.8869e-05
712	0.89701	0.10245	0.00048588	5.581e-05
713	0.88838	0.11107	0.00048059	6.043e-05
714	0.8841	0.11536	0.00047765	6.2692e-05
715	0.88378	0.11569	0.00047684	6.2814e-05
716	0.88639	0.11307	0.00047764	6.1337e-05
717	0.88058	0.11888	0.0004739	6.4405e-05
718	0.87797	0.1215	0.00047191	6.5734e-05
719	0.87912	0.12034	0.00047193	6.5035e-05
720	0.88439	0.11508	0.00047414	6.214e-05
721	0.89325	0.10621	0.0004783	5.7307e-05
722	0.90642	0.093048	0.00048478	5.0165e-05
723	0.92491	0.074553	0.00049412	4.0164e-05
724	0.93204	0.067422	0.00049732	3.6294e-05
725	0.94271	0.05676	0.00050242	3.0532e-05
726	0.95771	0.041756	0.00050985	2.2446e-05
727	0.96299	0.036483	0.00051207	1.9584e-05
728	0.97182	0.027645	0.00051617	1.483e-05
729	0.98425	0.015219	0.00052219	8.1601e-06
730	0.98408	0.015393	0.00052148	8.2334e-06
731	0.981	0.018475	0.0005192	9.855e-06
732	0.9796	0.019869	0.00051785	1.0574e-05
733	0.97979	0.019683	0.00051734	1.0451e-05
734	0.98199	0.017487	0.00051787	9.2686e-06
735	0.98598	0.013494	0.00051937	7.134e-06
736	0.987	0.012472	0.00051928	6.5794e-06
737	0.98987	0.0096097	0.00052015	5.0602e-06
738	0.99497	0.0045077	0.00052217	2.3709e-06
739	0.99083	0.0086471	0.00051935	4.5337e-06
740	0.9886	0.010877	0.00051753	5.695e-06
741	0.98805	0.011429	0.00051657	5.9783e-06
742	0.98495	0.014526	0.00051426	7.5953e-06
743	0.98345	0.016029	0.00051281	8.3712e-06
744	0.97782	0.021661	0.00050922	1.1292e-05
745	0.96453	0.034952	0.00050163	1.82e-05
746	0.95611	0.043375	0.00049657	2.2566e-05
747	0.95063	0.048854	0.00049307	2.5382e-05
748	0.94831	0.051169	0.00049121	2.6555e-05
749	0.94823	0.051249	0.00049052	2.6562e-05
750	0.95103	0.048458	0.00049129	2.509e-05
751	0.95626	0.043221	0.00049334	2.2352e-05
752	0.96517	0.034313	0.00049726	1.7736e-05
753	0.97775	0.021732	0.00050308	1.123e-05
754	0.99504	0.0044459	0.00051133	2.3033e-06
755	0.9942	0.0052862	0.00051023	2.7326e-06
756	0.99439	0.0051004	0.00050966	2.6319e-06
757	0.99303	0.0064563	0.00050832	3.3213e-06
758	0.99279	0.0066973	0.00050755	3.436e-06
759	0.99389	0.0055951	0.00050746	2.8656e-06
760	0.99649	0.0029959	0.00050813	1.5344e-06
761	0.99743	0.0020586	0.00050795	1.0532e-06
762	0.99935	0.00014448	0.00050827	7.3698e-08
763	0.99847	0.0010269	0.00050716	5.2189e-07
764	0.9984	0.0010974	0.00050645	5.5775e-07
765	0.99904	0.00045281	0.00050611	2.3019e-07
766	0.99857	0.00092316	0.00050522	4.6802e-07
767	0.99444	0.0050534	0.00050246	2.5599e-06
768	0.99184	0.0076551	0.00050049	3.8704e-06
769	0.99084	0.0086613	0.00049932	4.3751e-06
770	0.99102	0.0084796	0.00049875	4.2775e-06
771	0.99264	0.0068537	0.0004989	3.456e-06
772	0.99256	0.0069352	0.00049818	3.4965e-06
773	0.9936	0.0059016	0.00049803	2.9752e-06
774	0.99584	0.0036612	0.00049849	1.8477e-06
775	0.99432	0.0051773	0.00049706	2.6112e-06
776	0.99388	0.005622	0.00049617	2.8337e-06
777	0.99447	0.005029	0.0004958	2.5349e-06
778	0.99353	0.0059721	0.00049468	3.0051e-06
779	0.99044	0.0090607	0.00049247	4.5521e-06
780	0.98878	0.010719	0.00049099	5.3779e-06
781	0.98397	0.015536	0.00048792	7.7847e-06
782	0.98103	0.018476	0.00048581	9.2458e-06
783	0.98015	0.019356	0.00048471	9.6817e-06
784	0.96161	0.037896	0.00047482	1.8912e-05
785	0.94947	0.050034	0.00046812	2.4943e-05
786	0.94108	0.058428	0.00046331	2.9089e-05
787	0.93577	0.063737	0.00046006	3.1687e-05
788	0.93372	0.06579	0.00045841	3.2675e-05
789	0.93407	0.065444	0.00045796	3.2472e-05
790	0.90934	0.090167	0.0004451	4.4666e-05
791	0.89124	0.10828	0.00043556	5.3544e-05
792	0.87837	0.12114	0.00042865	5.9806e-05
793	0.86976	0.12975	0.00042386	6.3948e-05
794	0.86477	0.13475	0.00042087	6.6303e-05
795	0.86305	0.13646	0.0004195	6.7044e-05
796	0.85194	0.14757	0.00041354	7.2369e-05
797	0.8209	0.17862	0.00039791	8.7366e-05
798	0.74344	0.25607	0.00035986	0.00012478
799	0.55177	0.44775	0.00026681	0.00021722
800	0.41745	0.58206	0.00020157	0.00028183
801	0.32495	0.67456	0.0001566	0.00032616
802	0.2547	0.74482	0.00012255	0.00035958
803	0.20562	0.7939	9.8742e-05	0.00038276
804	0.16844	0.83108	8.0752e-05	0.00040011
805	0.14032	0.8592	6.7187e-05	0.00041305
806	0.12097	0.87855	5.7831e-05	0.00042177
807	0.10818	0.89134	5.1625e-05	0.00042733
808	0.10017	0.89935	4.771e-05	0.0004306
809	0.095821	0.9037	4.5545e-05	0.00043211
810	0.093657	0.90587	4.4437e-05	0.00043256
811	0.081988	0.91754	3.8793e-05	0.00043754
812	0.074391	0.92513	3.5097e-05	0.00044058
813	0.069208	0.93032	3.2567e-05	0.00044244
814	0.066034	0.93349	3.1003e-05	0.00044335
815	0.064587	0.93494	3.0265e-05	0.00044343
816	0.064756	0.93477	3.0296e-05	0.00044275
817	0.066589	0.93294	3.1113e-05	0.00044128
818	0.070875	0.92865	3.3072e-05	0.00043866
819	0.077367	0.92216	3.6066e-05	0.00043502
820	0.087758	0.91177	4.0863e-05	0.00042956
821	0.10182	0.89771	4.7372e-05	0.00042239
822	0.12071	0.87882	5.6134e-05	0.00041298
823	0.14591	0.85362	6.7839e-05	0.00040062
824	0.18219	0.81734	8.4654e-05	0.00038315
825	0.23024	0.76929	0.00010694	0.00036021
826	0.24979	0.74975	0.00011587	0.00035062
827	0.27874	0.72079	0.00012913	0.0003367
828	0.31755	0.68199	0.00014694	0.00031823
829	0.36901	0.63053	0.0001706	0.0002939
830	0.43733	0.56221	0.00020208	0.00026178
831	0.52787	0.47167	0.00024384	0.00021937
832	0.51604	0.48349	0.00023802	0.00022453
833	0.51058	0.48896	0.00023514	0.00022674
834	0.50934	0.49019	0.00023424	0.00022699
835	0.51339	0.48615	0.00023575	0.0002248
836	0.52184	0.4777	0.0002393	0.00022059
837	0.53699	0.46256	0.0002459	0.00021332
838	0.56076	0.43878	0.00025641	0.00020213
839	0.59684	0.40271	0.00027247	0.00018538
840	0.64511	0.35444	0.00029409	0.00016308
841	0.70924	0.29031	0.00032293	0.00013357
842	0.73411	0.26543	0.00033381	0.00012202
843	0.74138	0.25817	0.00033664	0.00011852
844	0.75501	0.24454	0.00034235	0.00011214
845	0.7769	0.22264	0.00035177	0.00010204
846	0.80684	0.19271	0.00036483	8.83e-05
847	0.80236	0.19719	0.00036226	9.0209e-05
848	0.80241	0.19714	0.00036172	9.0068e-05
849	0.80603	0.19352	0.00036281	8.8299e-05
850	0.81351	0.18604	0.00036567	8.4779e-05
851	0.82544	0.17411	0.00037054	7.9248e-05
852	0.84274	0.15681	0.00037785	7.1285e-05
853	0.86933	0.13022	0.0003893	5.917e-05
854	0.90513	0.094422	0.00040491	4.2906e-05
855	0.91902	0.080528	0.00041061	3.6561e-05
856	0.91273	0.086824	0.00040721	3.9316e-05
857	0.91029	0.089268	0.00040553	4.0344e-05
858	0.91057	0.088989	0.00040508	4.0145e-05
859	0.91443	0.085124	0.00040623	3.8347e-05
860	0.9214	0.078158	0.00040876	3.5161e-05
861	0.93201	0.067546	0.00041294	3.0345e-05
862	0.94872	0.05084	0.0004198	2.283e-05
863	0.97146	0.028102	0.00042936	1.2628e-05
864	0.97289	0.026674	0.00042937	1.1971e-05
865	0.97621	0.023352	0.00043022	1.0471e-05
866	0.98165	0.017909	0.00043202	8.0283e-06
867	0.98963	0.009931	0.00043495	4.4613e-06
868	0.98891	0.010655	0.00043402	4.7715e-06
869	0.98969	0.0098717	0.00043374	4.4175e-06
870	0.99214	0.0074205	0.00043418	3.3316e-06
871	0.98878	0.010782	0.00043205	4.8224e-06
872	0.98005	0.019513	0.00042752	8.6998e-06
873	0.97407	0.025498	0.00042423	1.1346e-05
874	0.95753	0.042037	0.0004163	1.8645e-05
875	0.94664	0.052931	0.00041086	2.3442e-05
876	0.93921	0.060357	0.00040697	2.6693e-05
877	0.93469	0.064881	0.00040438	2.8655e-05
878	0.93272	0.066844	0.00040292	2.9488e-05
879	0.92358	0.075993	0.0003983	3.3469e-05
880	0.90041	0.099162	0.00038753	4.3598e-05
881	0.88353	0.11603	0.00037956	5.0928e-05
882	0.87168	0.12789	0.00037382	5.6038e-05
883	0.8397	0.15987	0.00035936	6.9873e-05
884	0.81612	0.18345	0.00034861	8.0005e-05
885	0.79924	0.20034	0.00034081	8.7197e-05
886	0.78766	0.21192	0.00033533	9.207e-05
887	0.7805	0.21907	0.00033178	9.5018e-05
888	0.77722	0.22235	0.00032992	9.6287e-05
889	0.77763	0.22194	0.00032965	9.5965e-05
890	0.78171	0.21787	0.00033096	9.4071e-05
891	0.78975	0.20983	0.00033398	9.0476e-05
892	0.80382	0.19576	0.00033954	8.4324e-05
893	0.82377	0.1758	0.00034762	7.5659e-05
894	0.82915	0.17043	0.00034947	7.3236e-05
895	0.82542	0.17416	0.00034745	7.4684e-05
896	0.82514	0.17444	0.00034691	7.4658e-05
897	0.82919	0.17039	0.0003482	7.2803e-05
898	0.83809	0.16149	0.00035151	6.8907e-05
899	0.85153	0.14805	0.00035676	6.3083e-05
900	0.87063	0.12895	0.00036441	5.486e-05
901	0.89689	0.10269	0.00037511	4.3601e-05
902	0.93525	0.064335	0.00039088	2.7259e-05
903	0.99153	0.0080562	0.00041414	3.4097e-06
904	0.98983	0.0097514	0.00041285	4.1108e-06
905	0.98941	0.010172	0.0004121	4.2755e-06
906	0.99048	0.0091039	0.00041196	3.8199e-06
907	0.98941	0.010175	0.00041094	4.2566e-06
908	0.98983	0.0097569	0.00041052	4.0746e-06
909	0.99152	0.0080644	0.00041064	3.3616e-06
910	0.99114	0.0084429	0.00040989	3.5128e-06
911	0.99194	0.0076488	0.00040963	3.1764e-06
912	0.99397	0.005622	0.00040989	2.329e-06
913	0.99106	0.0085332	0.0004081	3.5238e-06
914	0.98955	0.010043	0.00040689	4.1363e-06
915	0.98955	0.010044	0.0004063	4.129e-06
916	0.99105	0.0085353	0.00040631	3.5043e-06
917	0.99397	0.0056257	0.00040691	2.3048e-06
918	0.99898	0.00061617	0.00040835	2.5264e-07
919	0.99874	0.00085092	0.00040764	3.4808e-07
920	0.99918	0.00041173	0.00040722	1.678e-07
921	0.99948	0.00010918	0.00040674	4.4295e-08
922	0.99642	0.0031704	0.00040487	1.2854e-06
923	0.99481	0.0047874	0.00040359	1.9391e-06
924	0.99446	0.0051308	0.00040281	2.0763e-06
925	0.99237	0.007229	0.00040132	2.9249e-06
926	0.9915	0.0081011	0.00040033	3.2732e-06
927	0.99204	0.0075541	0.0003999	3.0498e-06
928	0.9909	0.0086967	0.00039878	3.5098e-06
929	0.99095	0.0086438	0.00039814	3.4852e-06
930	0.99221	0.0073914	0.000398	2.9771e-06
931	0.99171	0.0078851	0.00039715	3.173e-06
932	0.99237	0.0072323	0.00039676	2.9074e-06
933	0.99423	0.0053703	0.00039687	2.157e-06
934	0.99437	0.0052339	0.00039628	2.0979e-06
935	0.99555	0.0040543	0.00039613	1.6213e-06
936	0.99815	0.0014573	0.00039652	5.8337e-07
937	0.99589	0.0037172	0.00039499	1.4811e-06
938	0.99474	0.0048674	0.0003939	1.9343e-06
939	0.99165	0.0079571	0.00039204	3.1564e-06
940	0.99026	0.0093407	0.00039085	3.7017e-06
941	0.99012	0.0094893	0.00039015	3.7557e-06
