#coord	neutral	conserved	gBGC.neutral	gBGC.conserved
1	0.76387	0.23455	0.0012033	0.00036964
2	0.76977	0.22867	0.0012069	0.00035866
3	0.78	0.21844	0.0012172	0.00034098
4	0.79692	0.20153	0.0012378	0.00031307
5	0.82267	0.17578	0.0012717	0.00027177
6	0.8612	0.13726	0.0013248	0.00021123
7	0.91255	0.085921	0.001397	0.00013158
8	0.93509	0.06339	0.0014246	9.6628e-05
9	0.96558	0.032901	0.0014638	4.9915e-05
10	0.97744	0.021052	0.0014745	3.1798e-05
11	0.98185	0.016653	0.0014739	2.5034e-05
12	0.98853	0.0099789	0.0014766	1.4928e-05
13	0.99123	0.0072906	0.0014732	1.0856e-05
14	0.99552	0.0030018	0.0014722	4.4506e-06
15	0.99729	0.0012368	0.0014674	1.8262e-06
16	0.99678	0.0017592	0.0014593	2.5823e-06
17	0.99704	0.0015056	0.0014523	2.1984e-06
18	0.99668	0.0018749	0.0014444	2.7216e-06
19	0.9971	0.0014591	0.0014376	2.1058e-06
20	0.99849	7.3973e-05	0.0014322	1.0614e-07
21	0.99855	2.7739e-05	0.0014249	3.9596e-08
22	0.99828	0.00030594	0.0014171	4.3491e-07
23	0.99788	0.00070913	0.0014091	1.0027e-06
24	0.99814	0.00045651	0.0014021	6.4221e-07
25	0.99825	0.00035331	0.0013948	4.9424e-07
26	0.99828	0.00033277	0.0013875	4.6255e-07
27	0.99729	0.0013266	0.0013787	1.834e-06
28	0.99719	0.0014363	0.0013712	1.9759e-06
29	0.99784	0.00079052	0.0013646	1.0819e-06
30	0.99814	0.00050471	0.0013576	6.8798e-07
31	0.99723	0.0014186	0.001349	1.9232e-06
32	0.99512	0.0035377	0.0013387	4.7678e-06
33	0.99398	0.0046819	0.0013298	6.2737e-06
34	0.99376	0.0049111	0.0013222	6.5427e-06
35	0.99457	0.0041038	0.0013159	5.4379e-06
36	0.99402	0.0046673	0.0013078	6.1486e-06
37	0.99448	0.0042145	0.001301	5.5222e-06
38	0.99584	0.0028573	0.0012954	3.7238e-06
39	0.996	0.0027039	0.0012883	3.5031e-06
40	0.99697	0.0017468	0.0012821	2.249e-06
41	0.99709	0.0016322	0.0012749	2.0887e-06
42	0.99649	0.0022439	0.0012667	2.8552e-06
43	0.99664	0.0020998	0.0012595	2.6558e-06
44	0.99599	0.0027518	0.0012513	3.4607e-06
45	0.99622	0.0025346	0.0012442	3.1686e-06
46	0.99733	0.0014313	0.0012382	1.7778e-06
47	0.99775	0.0010148	0.0012313	1.2527e-06
48	0.99781	0.00096386	0.0012239	1.1831e-06
49	0.99858	0.0001982	0.0012174	2.4187e-07
50	0.9986	0.00018707	0.00121	2.2665e-07
51	0.99872	7.5487e-05	0.0012027	9.0926e-08
52	0.99865	0.00015241	0.0011952	1.8221e-07
53	0.99785	0.00096336	0.0011869	1.1431e-06
54	0.99631	0.002512	0.0011776	2.9623e-06
55	0.99586	0.0029644	0.0011696	3.4732e-06
56	0.99645	0.0023838	0.0011629	2.7737e-06
57	0.99613	0.0027112	0.0011551	3.1324e-06
58	0.9948	0.0040504	0.0011461	4.6487e-06
59	0.98259	0.016263	0.0011247	1.8538e-05
60	0.97474	0.024122	0.0011085	2.7318e-05
61	0.96951	0.029363	0.0010953	3.3026e-05
62	0.96648	0.032397	0.0010847	3.6181e-05
63	0.96583	0.033052	0.0010767	3.665e-05
64	0.96072	0.038171	0.0010638	4.2033e-05
65	0.95852	0.040386	0.0010542	4.4161e-05
66	0.95834	0.040573	0.0010468	4.4042e-05
67	0.95324	0.045674	0.0010341	4.9231e-05
68	0.95054	0.048385	0.001024	5.1771e-05
69	0.95064	0.04829	0.001017	5.1284e-05
70	0.94554	0.0534	0.0010044	5.6302e-05
71	0.94362	0.055329	0.00099526	5.7907e-05
72	0.94461	0.054347	0.00098914	5.6448e-05
73	0.94794	0.051018	0.00098545	5.2565e-05
74	0.95457	0.044402	0.00098508	4.5353e-05
75	0.96437	0.034607	0.00098787	3.4983e-05
76	0.96733	0.031659	0.00098355	3.1708e-05
77	0.97308	0.025914	0.00098197	2.5668e-05
78	0.98156	0.017436	0.00098306	1.6979e-05
79	0.9849	0.014112	0.00097889	1.3525e-05
80	0.9851	0.013912	0.00097164	1.316e-05
81	0.98673	0.012291	0.00096578	1.142e-05
82	0.97981	0.019216	0.00095189	1.7683e-05
83	0.97573	0.023312	0.00094071	2.1226e-05
84	0.97357	0.02548	0.00093138	2.292e-05
85	0.97352	0.025532	0.00092402	2.2635e-05
86	0.96966	0.029403	0.00091323	2.5764e-05
87	0.9683	0.030769	0.00090472	2.6596e-05
88	0.96878	0.0303	0.00089789	2.5756e-05
89	0.97155	0.027531	0.00089309	2.2861e-05
90	0.9771	0.021992	0.00089072	1.7525e-05
91	0.98619	0.012908	0.00089142	9.1031e-06
92	0.98959	0.0095176	0.00088699	5.8258e-06
93	0.99052	0.008582	0.00089173	5.5527e-06
94	0.98939	0.0097123	0.00089492	6.8309e-06
95	0.9895	0.0095956	0.00089918	7.0508e-06
96	0.99116	0.0079285	0.00090471	5.9792e-06
97	0.99079	0.00829	0.00090863	6.5125e-06
98	0.99187	0.0072152	0.00091378	5.8001e-06
99	0.99452	0.0045537	0.00092029	3.7175e-06
100	0.99269	0.0063795	0.00092295	5.4775e-06
101	0.99222	0.0068459	0.00092684	6.0038e-06
102	0.99305	0.0060125	0.00093189	5.3416e-06
103	0.9922	0.006855	0.00093541	6.2005e-06
104	0.9927	0.0063561	0.00094015	5.8134e-06
105	0.99433	0.0047206	0.00094597	4.355e-06
106	0.99441	0.0046385	0.00095036	4.3257e-06
107	0.99295	0.0060929	0.00095327	5.7565e-06
108	0.99261	0.0064298	0.00095725	6.1235e-06
109	0.99358	0.0054477	0.00096248	5.223e-06
110	0.99573	0.0033021	0.00096885	3.1864e-06
111	0.99634	0.0026787	0.00097377	2.6027e-06
112	0.99603	0.0029909	0.00097778	2.9263e-06
113	0.99659	0.0024257	0.00098265	2.3871e-06
114	0.99808	0.00093161	0.00098845	9.2305e-07
115	0.9685	0.030506	0.0009633	3.0414e-05
116	0.94824	0.050761	0.0009472	5.0844e-05
117	0.93472	0.064277	0.00093767	6.4677e-05
118	0.92527	0.073719	0.00093215	7.4502e-05
119	0.91997	0.07902	0.00093073	8.0213e-05
120	0.91813	0.080855	0.00093278	8.2444e-05
121	0.9189	0.080076	0.00093748	8.2014e-05
122	0.92235	0.076624	0.00094495	7.8829e-05
123	0.92874	0.070227	0.00095548	7.2575e-05
124	0.92814	0.070823	0.00095884	7.3498e-05
125	0.93004	0.068927	0.00096479	7.183e-05
126	0.93457	0.064389	0.00097353	6.7384e-05
127	0.9327	0.066257	0.00097559	6.9609e-05
128	0.93382	0.065128	0.00098077	6.8701e-05
129	0.93823	0.060719	0.0009894	6.4323e-05
130	0.93699	0.061954	0.00099206	6.59e-05
131	0.93808	0.060856	0.0009972	6.4997e-05
132	0.94163	0.057305	0.001005	6.1458e-05
133	0.93919	0.05974	0.0010064	6.4312e-05
134	0.93977	0.059159	0.001011	6.394e-05
135	0.9427	0.056224	0.0010181	6.1011e-05
136	0.94824	0.050676	0.0010282	5.5211e-05
137	0.95767	0.041244	0.0010425	4.5132e-05
138	0.97098	0.027932	0.0010611	3.0711e-05
139	0.96962	0.029283	0.0010637	3.2313e-05
140	0.97005	0.028853	0.0010683	3.1956e-05
141	0.97229	0.02661	0.0010749	2.9581e-05
142	0.97651	0.022382	0.0010837	2.4975e-05
143	0.97672	0.022171	0.0010881	2.4822e-05
144	0.97858	0.020298	0.0010943	2.2801e-05
145	0.98269	0.016192	0.0011031	1.8253e-05
146	0.98357	0.015301	0.0011082	1.7308e-05
147	0.98599	0.012879	0.0011151	1.4617e-05
148	0.99054	0.0083303	0.0011244	9.4897e-06
149	0.99199	0.0068762	0.0011303	7.8585e-06
150	0.99179	0.007063	0.0011342	8.0977e-06
151	0.99297	0.0058793	0.0011397	6.7657e-06
152	0.99539	0.0034632	0.0011466	4.0003e-06
153	0.9963	0.0025489	0.0011518	2.9563e-06
154	0.99379	0.005051	0.001153	5.8741e-06
155	0.99269	0.0061454	0.0011558	7.1734e-06
156	0.98915	0.0096875	0.0011558	1.1345e-05
157	0.98712	0.011707	0.0011575	1.3755e-05
158	0.98673	0.012094	0.0011611	1.4262e-05
159	0.98313	0.015695	0.0011609	1.8569e-05
160	0.9816	0.017214	0.0011631	2.044e-05
161	0.98159	0.017222	0.0011671	2.0521e-05
162	0.97818	0.020626	0.0011671	2.4656e-05
163	0.96846	0.030348	0.0011595	3.6379e-05
164	0.96257	0.036234	0.0011564	4.3579e-05
165	0.95969	0.039106	0.0011568	4.7196e-05
166	0.95057	0.048223	0.0011497	5.8406e-05
167	0.94453	0.054257	0.0011462	6.5936e-05
168	0.94172	0.057062	0.0011466	6.9584e-05
169	0.94123	0.05755	0.0011498	7.0417e-05
170	0.94371	0.055063	0.0011566	6.7608e-05
171	0.92784	0.070934	0.0011408	8.7402e-05
172	0.91656	0.082203	0.0011306	0.00010162
173	0.91009	0.08867	0.0011263	0.00010998
174	0.90752	0.091238	0.0011267	0.00011356
175	0.90766	0.091095	0.0011305	0.00011376
176	0.90051	0.098246	0.0011251	0.0001231
177	0.89654	0.10221	0.0011237	0.00012848
178	0.89547	0.10327	0.0011259	0.00013024
179	0.89721	0.10153	0.0011316	0.00012846
180	0.90194	0.096799	0.0011412	0.00012286
181	0.91115	0.087578	0.0011565	0.00011153
182	0.92615	0.072581	0.0011792	9.2773e-05
183	0.94678	0.051939	0.0012092	6.6665e-05
184	0.9551	0.043622	0.0012236	5.6213e-05
185	0.95671	0.042005	0.0012294	5.4314e-05
186	0.95314	0.04557	0.0012286	5.9102e-05
187	0.94225	0.05646	0.0012182	7.3436e-05
188	0.93489	0.063812	0.0012123	8.324e-05
189	0.93114	0.067561	0.001211	8.8407e-05
190	0.92994	0.06876	0.0012131	9.0258e-05
191	0.93177	0.06692	0.0012191	8.8137e-05
192	0.93622	0.062472	0.0012285	8.2565e-05
193	0.88854	0.11015	0.0011691	0.00014587
194	0.85567	0.14301	0.001129	0.00018993
195	0.83345	0.16523	0.0011026	0.0002201
196	0.78147	0.2172	0.0010364	0.00029023
197	0.7427	0.25597	0.00098742	0.00034302
198	0.71409	0.28457	0.00095186	0.00038244
199	0.69341	0.30525	0.00092677	0.00041138
200	0.68052	0.31814	0.00091199	0.00043
201	0.6725	0.32616	0.00090371	0.00044212
202	0.64488	0.35377	0.00086882	0.00048085
203	0.62492	0.37373	0.00084415	0.00050936
204	0.61118	0.38746	0.00082782	0.00052954
205	0.60251	0.39613	0.00081833	0.00054287
206	0.59833	0.4003	0.00081492	0.00055013
207	0.59965	0.39898	0.000819	0.00054988
208	0.58663	0.412	0.00080338	0.00056934
209	0.57859	0.42004	0.00079453	0.00058202
210	0.54855	0.45007	0.00075523	0.00062515
211	0.52679	0.47183	0.00072719	0.00065703
212	0.51158	0.48703	0.00070813	0.00067993
213	0.50176	0.49685	0.00069644	0.00069545
214	0.46974	0.52887	0.00065374	0.00074199
215	0.39457	0.60403	0.0005504	0.00084916
216	0.33792	0.66068	0.0004725	0.00093089
217	0.29534	0.70325	0.000414	0.00099321
218	0.26658	0.73201	0.0003746	0.0010364
219	0.24529	0.75329	0.00034556	0.0010693
220	0.22986	0.76872	0.00032466	0.001094
221	0.18506	0.81352	0.00026201	0.0011604
222	0.15444	0.84414	0.00021916	0.0012071
223	0.13148	0.86709	0.00018702	0.001243
224	0.11613	0.88243	0.00016557	0.0012683
225	0.10496	0.8936	0.00015	0.0012876
226	0.09708	0.90148	0.00013909	0.0013023
227	0.092635	0.90592	0.00013306	0.0013121
228	0.091203	0.90735	0.00013134	0.0013176
229	0.092584	0.90596	0.00013368	0.001319
230	0.096044	0.9025	0.00013905	0.0013174
231	0.10189	0.89665	0.00014794	0.0013122
232	0.11158	0.88696	0.00016247	0.0013014
233	0.12496	0.87357	0.00018249	0.0012851
234	0.14314	0.85538	0.00020969	0.0012616
235	0.14697	0.85156	0.00021587	0.0012592
236	0.15494	0.84358	0.00022819	0.0012506
237	0.16656	0.83195	0.000246	0.0012365
238	0.1491	0.84942	0.00022067	0.0012655
239	0.13633	0.86218	0.00020222	0.0012877
240	0.12837	0.87014	0.00019083	0.0013027
241	0.12437	0.87414	0.00018529	0.0013119
242	0.12281	0.87569	0.0001834	0.0013175
243	0.12362	0.87487	0.00018507	0.0013195
244	0.12687	0.87162	0.00019042	0.0013178
245	0.13372	0.86477	0.0002012	0.0013107
246	0.14383	0.85466	0.00021699	0.0012986
247	0.15945	0.83903	0.0002412	0.001278
248	0.18057	0.8179	0.00027391	0.0012489
249	0.20894	0.78954	0.00031784	0.0012087
250	0.24992	0.74855	0.00038123	0.0011489
251	0.30404	0.69442	0.00046511	0.0010686
252	0.37575	0.62271	0.00057649	0.00096089
253	0.40618	0.59228	0.00062471	0.00091628
254	0.44697	0.55148	0.00068921	0.0008554
255	0.50122	0.49723	0.00077491	0.00077332
256	0.52079	0.47765	0.00080715	0.0007447
257	0.54789	0.45055	0.00085129	0.00070418
258	0.58458	0.41386	0.00091065	0.00064844
259	0.63385	0.36458	0.00099008	0.00057264
260	0.69959	0.29885	0.0010958	0.00047054
261	0.79552	0.20291	0.0012495	0.00032042
262	0.83407	0.16436	0.0013133	0.00026023
263	0.849	0.14942	0.0013401	0.00023713
264	0.87227	0.12615	0.0013801	0.00020072
265	0.90375	0.094661	0.0014334	0.00015102
266	0.91692	0.08149	0.0014576	0.00013035
267	0.93536	0.063051	0.0014904	0.00010114
268	0.94148	0.056921	0.0015036	9.1529e-05
269	0.94124	0.057158	0.0015067	9.2096e-05
270	0.94332	0.055082	0.0015134	8.8936e-05
271	0.94783	0.050567	0.0015242	8.1817e-05
272	0.95516	0.043228	0.0015395	7.0084e-05
273	0.96707	0.031314	0.0015623	5.0881e-05
274	0.97118	0.027199	0.0015725	4.4279e-05
275	0.97832	0.020064	0.0015877	3.2733e-05
276	0.98938	0.0090005	0.0016092	1.4728e-05
277	0.99385	0.0045268	0.0016201	7.4294e-06
278	0.99315	0.0052216	0.0016225	8.5783e-06
279	0.99348	0.0048898	0.0016267	8.0462e-06
280	0.99249	0.0058671	0.0016286	9.6686e-06
281	0.99257	0.0057833	0.0016323	9.5484e-06
282	0.99094	0.0074145	0.0016332	1.2257e-05
283	0.99048	0.0078664	0.001636	1.3025e-05
284	0.98804	0.010307	0.0016355	1.7095e-05
285	0.98698	0.011361	0.0016373	1.8877e-05
286	0.98285	0.015493	0.0016339	2.5789e-05
287	0.98082	0.017516	0.001634	2.9219e-05
288	0.98065	0.017686	0.0016372	2.9573e-05
289	0.9823	0.016026	0.0016434	2.6868e-05
290	0.98562	0.012704	0.0016524	2.1359e-05
291	0.99084	0.0074854	0.0016646	1.2633e-05
292	0.98378	0.014542	0.0016562	2.458e-05
293	0.97949	0.018824	0.0016524	3.189e-05
294	0.97705	0.021259	0.0016517	3.6092e-05
295	0.96918	0.029127	0.0016418	4.9537e-05
296	0.96396	0.034347	0.0016363	5.8524e-05
297	0.96101	0.037287	0.0016347	6.3656e-05
298	0.96065	0.037653	0.0016374	6.4418e-05
299	0.96225	0.03604	0.0016436	6.1793e-05
300	0.96594	0.032352	0.0016533	5.559e-05
301	0.95571	0.042573	0.0016391	7.325e-05
302	0.94947	0.048817	0.0016317	8.4147e-05
303	0.94581	0.052466	0.0016288	9.0606e-05
304	0.94513	0.053146	0.0016309	9.1967e-05
305	0.94666	0.051618	0.0016369	8.9501e-05
306	0.95125	0.047017	0.0016482	8.1702e-05
307	0.95011	0.048153	0.0016495	8.3839e-05
308	0.95113	0.047135	0.0016546	8.2224e-05
309	0.95492	0.043342	0.0016646	7.5762e-05
310	0.96129	0.036966	0.001679	6.4748e-05
311	0.9707	0.027557	0.0016989	4.8358e-05
312	0.98526	0.012989	0.0017279	2.2849e-05
313	0.98598	0.012271	0.0017326	2.1622e-05
314	0.9884	0.0098457	0.0017403	1.7385e-05
315	0.99243	0.0058066	0.0017509	1.0274e-05
316	0.99377	0.0044607	0.0017567	7.9047e-06
317	0.99373	0.0045017	0.0017601	7.9898e-06
318	0.99218	0.0060529	0.0017608	1.0755e-05
319	0.98819	0.010038	0.0017571	1.7861e-05
320	0.98581	0.012414	0.0017563	2.2124e-05
321	0.98519	0.013028	0.0017586	2.3262e-05
322	0.98592	0.0123	0.0017632	2.2e-05
323	0.98426	0.013948	0.0017637	2.4993e-05
324	0.98403	0.014174	0.0017666	2.5441e-05
325	0.98549	0.012716	0.0017726	2.2863e-05
326	0.98881	0.0093867	0.001782	1.6908e-05
327	0.99454	0.003661	0.0017956	6.6114e-06
328	0.99167	0.0065282	0.0017938	1.1812e-05
329	0.99011	0.0080793	0.0017944	1.4643e-05
330	0.98977	0.0084203	0.0017971	1.5284e-05
331	0.99082	0.0073641	0.0018024	1.3389e-05
332	0.9934	0.0047761	0.0018104	8.6977e-06
333	0.99793	0.00024813	0.001822	4.5271e-07
334	0.99721	0.00096301	0.001824	1.7599e-06
335	0.99727	0.00089723	0.0018275	1.6426e-06
336	0.99814	2.4193e-05	0.0018324	4.441e-08
337	0.99799	0.00017621	0.0018354	3.2404e-07
338	0.99399	0.0041741	0.0018314	7.694e-06
339	0.99176	0.0063971	0.0018305	1.1817e-05
340	0.99076	0.0073975	0.0018319	1.3689e-05
341	0.99113	0.0070181	0.0018359	1.3014e-05
342	0.99268	0.0054726	0.001842	1.0168e-05
343	0.98934	0.0088011	0.001839	1.6384e-05
344	0.98747	0.010668	0.0018388	1.9893e-05
345	0.98717	0.010963	0.0018415	2.0485e-05
346	0.98411	0.014029	0.0018389	2.6267e-05
347	0.98261	0.015518	0.0018393	2.9109e-05
348	0.98258	0.015547	0.0018425	2.9215e-05
349	0.98401	0.014118	0.0018483	2.6575e-05
350	0.98743	0.010691	0.001858	2.0168e-05
351	0.99276	0.0053634	0.0018712	1.0148e-05
352	0.98745	0.010669	0.0018644	2.0199e-05
353	0.98403	0.014078	0.0018612	2.669e-05
354	0.98261	0.015495	0.0018617	2.9427e-05
355	0.98265	0.015456	0.001865	2.9402e-05
356	0.98413	0.013974	0.001871	2.6629e-05
357	0.98716	0.010939	0.00188	2.0878e-05
358	0.99244	0.005656	0.0018933	1.0818e-05
359	0.99439	0.0036989	0.0019003	7.087e-06
360	0.99482	0.0032696	0.0019043	6.2716e-06
361	0.99422	0.0038669	0.0019064	7.4267e-06
362	0.99456	0.0035278	0.0019103	6.784e-06
363	0.99368	0.0043958	0.0019118	8.46e-06
364	0.99398	0.0040957	0.0019156	7.893e-06
365	0.98848	0.0095911	0.0019083	1.8497e-05
366	0.98525	0.01282	0.0019052	2.4763e-05
367	0.98394	0.014132	0.0019058	2.7344e-05
368	0.98403	0.014035	0.0019092	2.7197e-05
369	0.98589	0.012171	0.001916	2.3619e-05
370	0.98978	0.0082787	0.0019267	1.6088e-05
371	0.99085	0.0072035	0.0019319	1.4025e-05
372	0.99015	0.0079001	0.0019336	1.5414e-05
373	0.9906	0.0074502	0.0019376	1.4562e-05
374	0.99246	0.00558	0.0019443	1.093e-05
375	0.99568	0.0023621	0.0019538	4.6372e-06
376	0.99702	0.001019	0.0019595	2.0047e-06
377	0.9976	0.00043151	0.0019638	8.5052e-07
378	0.99794	9.6335e-05	0.0019676	1.9004e-07
379	0.99797	6.052e-05	0.0019708	1.1971e-07
380	0.99712	0.0009106	0.0019723	1.8032e-06
381	0.99698	0.0010427	0.0019751	2.0678e-06
382	0.99644	0.0015824	0.0019772	3.1444e-06
383	0.99508	0.0029401	0.0019776	5.8549e-06
384	0.99164	0.0063691	0.0019739	1.2702e-05
385	0.98988	0.0081325	0.0019734	1.6249e-05
386	0.98934	0.0086635	0.0019754	1.734e-05
387	0.99	0.0080037	0.0019798	1.6048e-05
388	0.9919	0.0061014	0.0019867	1.2256e-05
389	0.99517	0.0028245	0.0019964	5.6865e-06
390	0.99646	0.0015318	0.0020021	3.0904e-06
391	0.9919	0.0060921	0.0019961	1.2281e-05
392	0.98898	0.0090086	0.0019933	1.818e-05
393	0.98772	0.010264	0.0019939	2.0746e-05
394	0.98774	0.010246	0.001997	2.0741e-05
395	0.98927	0.008709	0.0020032	1.766e-05
396	0.9922	0.0057772	0.0020123	1.1735e-05
397	0.99317	0.004801	0.0020173	9.7716e-06
398	0.99268	0.0052876	0.0020194	1.0778e-05
399	0.99321	0.0047558	0.0020236	9.7086e-06
400	0.99229	0.0056687	0.0020249	1.1584e-05
401	0.99244	0.005524	0.0020283	1.13e-05
402	0.99388	0.004082	0.0020343	8.3603e-06
403	0.99681	0.0011412	0.0020435	2.3418e-06
404	0.9968	0.0011489	0.0020465	2.3601e-06
405	0.99636	0.0015916	0.0020487	3.2743e-06
406	0.9952	0.0027439	0.0020494	5.6558e-06
407	0.99495	0.002991	0.002052	6.1745e-06
408	0.99558	0.0023597	0.0020563	4.8774e-06
409	0.99545	0.0024898	0.0020591	5.1543e-06
410	0.99427	0.0036625	0.0020598	7.5905e-06
411	0.99406	0.0038704	0.0020624	8.0293e-06
412	0.9926	0.0053229	0.0020625	1.1057e-05
413	0.99243	0.0054899	0.0020651	1.1422e-05
414	0.99353	0.0043948	0.0020704	9.1601e-06
415	0.99575	0.0021676	0.0020781	4.5259e-06
416	0.99659	0.0013239	0.0020829	2.7677e-06
417	0.99685	0.0010578	0.0020865	2.2151e-06
418	0.98903	0.0088747	0.0020731	1.862e-05
419	0.98408	0.013821	0.0020656	2.9049e-05
420	0.98102	0.016881	0.0020622	3.553e-05
421	0.97212	0.025784	0.0020464	5.4329e-05
422	0.96603	0.031869	0.0020365	6.7228e-05
423	0.96229	0.035599	0.0020316	7.5182e-05
424	0.9611	0.036795	0.0020319	7.7808e-05
425	0.96228	0.035608	0.0020373	7.5405e-05
426	0.9661	0.031781	0.0020483	6.7402e-05
427	0.97234	0.025544	0.0020644	5.425e-05
428	0.98226	0.015614	0.0020884	3.3217e-05
429	0.99604	0.0018387	0.0021207	3.9181e-06
430	0.99423	0.0036379	0.0021198	7.7639e-06
431	0.98978	0.0080896	0.0021132	1.7283e-05
432	0.98699	0.010873	0.0021102	2.3253e-05
433	0.98564	0.01222	0.0021103	2.6162e-05
434	0.98589	0.011972	0.0021138	2.5662e-05
435	0.98776	0.010097	0.0021207	2.167e-05
436	0.98231	0.015546	0.0021119	3.3402e-05
437	0.97925	0.018597	0.0021082	4.0012e-05
438	0.97828	0.019569	0.002109	4.2164e-05
439	0.97886	0.018981	0.0021131	4.0951e-05
440	0.9814	0.01644	0.0021215	3.5516e-05
441	0.98622	0.011621	0.0021347	2.5144e-05
442	0.98385	0.013986	0.0021324	3.0315e-05
443	0.98297	0.014864	0.0021334	3.2265e-05
444	0.98349	0.014338	0.0021373	3.1164e-05
445	0.98585	0.011978	0.0021453	2.6073e-05
446	0.98989	0.0079362	0.002157	1.7296e-05
447	0.99655	0.0012752	0.0021743	2.7891e-06
448	0.99357	0.0042521	0.0021707	9.3104e-06
449	0.99206	0.005756	0.0021702	1.2625e-05
450	0.99165	0.0061641	0.0021721	1.3542e-05
451	0.98921	0.0086019	0.0021696	1.8919e-05
452	0.98809	0.0097217	0.00217	2.1407e-05
453	0.98821	0.0095956	0.0021731	2.1155e-05
454	0.98958	0.0082275	0.002179	1.8161e-05
455	0.99229	0.0055136	0.0021879	1.2182e-05
456	0.99702	0.00077966	0.0022012	1.7254e-06
457	0.98672	0.011075	0.0021813	2.4512e-05
458	0.97938	0.018407	0.0021679	4.078e-05
459	0.97449	0.023303	0.0021599	5.168e-05
460	0.96238	0.035408	0.0021358	7.8618e-05
461	0.95465	0.04313	0.0021213	9.5896e-05
462	0.95045	0.047329	0.0021147	0.00010538
463	0.79816	0.19961	0.0017778	0.00044505
464	0.69164	0.30614	0.0015422	0.00068355
465	0.61131	0.38646	0.0013646	0.00086393
466	0.55642	0.44135	0.0012434	0.00098794
467	0.5154	0.48236	0.0011531	0.0010811
468	0.48807	0.50969	0.0010932	0.0011438
469	0.47061	0.52715	0.0010552	0.0011845
470	0.45878	0.53898	0.0010299	0.0012126
471	0.45298	0.54477	0.0010181	0.0012272
472	0.45249	0.54526	0.0010182	0.0012299
473	0.43663	0.56112	0.00098356	0.0012673
474	0.42617	0.57158	0.00096111	0.0012925
475	0.42148	0.57627	0.00095162	0.0013047
476	0.34081	0.65693	0.00077	0.0014891
477	0.2799	0.71784	0.00063286	0.001629
478	0.23749	0.76025	0.00053732	0.0017273
479	0.20551	0.79222	0.00046531	0.001802
480	0.18154	0.81619	0.00041138	0.0018587
481	0.16385	0.83387	0.00037164	0.0019012
482	0.15106	0.84667	0.00034297	0.0019326
483	0.14215	0.85557	0.00032313	0.0019552
484	0.13639	0.86133	0.00031041	0.0019707
485	0.13435	0.86336	0.00030615	0.0019777
486	0.11959	0.87812	0.00027281	0.0020138
487	0.10996	0.88775	0.0002511	0.0020383
488	0.10441	0.8933	0.00023869	0.0020534
489	0.1013	0.8964	0.00023185	0.002063
490	0.088051	0.90965	0.00020171	0.0020958
491	0.07831	0.91939	0.00017959	0.0021207
492	0.071388	0.92631	0.00016392	0.0021391
493	0.067402	0.93029	0.00015495	0.0021508
494	0.065971	0.93172	0.00015184	0.0021566
495	0.066894	0.93079	0.00015415	0.002157
496	0.060131	0.93755	0.0001387	0.0021751
497	0.056247	0.94144	0.00012986	0.0021867
498	0.054016	0.94366	0.00012483	0.0021944
499	0.053808	0.94387	0.00012449	0.0021974
500	0.055598	0.94208	0.00012876	0.0021958
501	0.059015	0.93866	0.00013684	0.0021904
502	0.065023	0.93265	0.00015095	0.0021789
503	0.073445	0.92422	0.00017073	0.0021618
504	0.086091	0.91157	0.00020037	0.0021348
505	0.10306	0.8946	0.00024021	0.0020976
506	0.12569	0.87197	0.00029339	0.0020471
507	0.13241	0.86525	0.00030944	0.0020337
508	0.12951	0.86815	0.00030299	0.0020428
509	0.12984	0.86781	0.0003041	0.0020443
510	0.1326	0.86505	0.00031093	0.0020401
511	0.138	0.85965	0.00032401	0.0020297
512	0.1465	0.85114	0.00034445	0.0020119
513	0.16034	0.8373	0.00037752	0.0019815
514	0.17923	0.81841	0.00042262	0.001939
515	0.20459	0.79304	0.00048319	0.0018811
516	0.24203	0.75561	0.00057247	0.0017944
517	0.23851	0.75912	0.0005648	0.0018047
518	0.23927	0.75836	0.00056723	0.0018049
519	0.24463	0.753	0.00058058	0.0017942
520	0.21158	0.78604	0.00050257	0.0018748
521	0.18894	0.80868	0.00044913	0.0019308
522	0.17223	0.82539	0.00040977	0.0019728
523	0.16019	0.83743	0.00038149	0.0020037
524	0.1519	0.84571	0.00036213	0.0020256
525	0.14679	0.85082	0.00035035	0.00204
526	0.12914	0.86847	0.00030852	0.0020845
527	0.11765	0.87995	0.00028133	0.0021142
528	0.10961	0.88799	0.00026235	0.0021358
529	0.084844	0.91276	0.00020324	0.0021975
530	0.066042	0.93155	0.00015835	0.002245
531	0.053014	0.94458	0.00012721	0.0022787
532	0.043239	0.95435	0.00010384	0.0023046
533	0.036641	0.96095	8.8064e-05	0.002323
534	0.03181	0.96578	7.652e-05	0.0023371
535	0.028959	0.96862	6.972e-05	0.0023464
536	0.027191	0.97039	6.553e-05	0.0023532
537	0.026373	0.97121	6.3632e-05	0.0023576
538	0.026442	0.97113	6.3883e-05	0.0023599
539	0.027402	0.97017	6.6305e-05	0.0023601
540	0.029352	0.96822	7.114e-05	0.0023578
541	0.025959	0.97161	6.3005e-05	0.0023685
542	0.024146	0.97342	5.8681e-05	0.0023754
543	0.023582	0.97398	5.7384e-05	0.0023792
544	0.018222	0.97934	4.4372e-05	0.0023948
545	0.014144	0.98341	3.4471e-05	0.0024072
546	0.01103	0.98653	2.691e-05	0.0024173
547	0.0086353	0.98892	2.1095e-05	0.0024257
548	0.0070628	0.99049	1.7272e-05	0.002432
549	0.0060928	0.99146	1.4912e-05	0.0024369
550	0.0053727	0.99217	1.3163e-05	0.0024412
551	0.0048461	0.9927	1.1887e-05	0.0024449
552	0.0046628	0.99288	1.1447e-05	0.0024479
553	0.0045996	0.99294	1.1304e-05	0.0024505
554	0.0046604	0.99288	1.1467e-05	0.0024529
555	0.00485	0.99268	1.195e-05	0.0024549
556	0.0051834	0.99235	1.279e-05	0.0024566
557	0.0056865	0.99184	1.4055e-05	0.0024578
558	0.006399	0.99113	1.5844e-05	0.0024586
559	0.0073648	0.99016	1.827e-05	0.0024587
560	0.0089515	0.98857	2.2241e-05	0.0024572
561	0.011317	0.9862	2.8153e-05	0.0024538
562	0.014763	0.98275	3.6762e-05	0.0024476
563	0.019237	0.97828	4.7961e-05	0.0024389
564	0.025818	0.97169	6.4431e-05	0.0024249
565	0.020451	0.97706	5.1099e-05	0.0024407
566	0.016831	0.98068	4.2098e-05	0.0024522
567	0.014156	0.98335	3.5456e-05	0.0024613
568	0.012512	0.98499	3.1373e-05	0.0024679
569	0.011742	0.98576	2.9473e-05	0.0024722
570	0.01174	0.98576	2.9493e-05	0.0024746
571	0.012506	0.98499	3.1438e-05	0.0024751
572	0.0096737	0.98782	2.434e-05	0.0024846
573	0.0077381	0.98975	1.9481e-05	0.0024919
574	0.0062353	0.99125	1.5711e-05	0.0024981
575	0.0052374	0.99225	1.3204e-05	0.002503
576	0.0044406	0.99304	1.1203e-05	0.0025074
577	0.0039786	0.9935	1.0042e-05	0.002511
578	0.0036139	0.99386	9.1268e-06	0.0025143
579	0.0033177	0.99416	8.3861e-06	0.0025174
580	0.0032252	0.99425	8.1558e-06	0.00252
581	0.0031658	0.9943	8.0111e-06	0.0025226
582	0.0031277	0.99434	7.9216e-06	0.002525
583	0.0031153	0.99435	7.8987e-06	0.0025275
584	0.0032834	0.99418	8.3303e-06	0.0025294
585	0.0034837	0.99398	8.8459e-06	0.0025313
586	0.0037313	0.99373	9.4847e-06	0.002533
587	0.0040452	0.99341	1.0295e-05	0.0025346
588	0.0046446	0.99281	1.1831e-05	0.0025354
589	0.0054013	0.99205	1.3773e-05	0.0025359
590	0.0063636	0.99108	1.6248e-05	0.0025358
591	0.0076047	0.98984	1.9444e-05	0.002535
592	0.0092187	0.98822	2.3607e-05	0.0025332
593	0.011631	0.98581	2.9821e-05	0.0025293
594	0.015232	0.98221	3.9089e-05	0.0025224
595	0.019906	0.97753	5.1145e-05	0.0025127
596	0.02601	0.97142	6.6914e-05	0.0024993
597	0.034048	0.96338	8.7714e-05	0.0024809
598	0.045602	0.95183	0.00011761	0.0024533
599	0.048982	0.94844	0.00012645	0.0024468
600	0.046669	0.95075	0.00012058	0.002455
601	0.046332	0.95109	0.00011981	0.0024581
602	0.039605	0.95782	0.00010247	0.0024778
603	0.034706	0.96271	8.9863e-05	0.0024927
604	0.031864	0.96555	8.2555e-05	0.0025023
605	0.030683	0.96673	7.9534e-05	0.0025076
606	0.030521	0.96689	7.9164e-05	0.0025103
607	0.031767	0.96564	8.244e-05	0.0025093
608	0.034103	0.9633	8.8564e-05	0.0025055
609	0.037737	0.95967	9.8082e-05	0.0024982
610	0.042953	0.95445	0.00011175	0.0024868
611	0.042448	0.95495	0.00011052	0.0024903
612	0.043174	0.95422	0.00011251	0.0024906
613	0.045712	0.95168	0.00011922	0.0024862
614	0.049765	0.94763	0.00012991	0.0024778
615	0.05564	0.94175	0.0001454	0.0024646
616	0.043538	0.95385	0.00011385	0.0024984
617	0.03441	0.96298	9.0053e-05	0.0025244
618	0.028311	0.96907	7.4139e-05	0.0025426
619	0.0238	0.97358	6.2376e-05	0.0025566
620	0.02093	0.97645	5.4893e-05	0.0025663
621	0.019338	0.97804	5.0744e-05	0.0025727
622	0.018488	0.97889	4.8548e-05	0.0025771
623	0.018334	0.97904	4.8186e-05	0.0025797
624	0.019174	0.9782	5.0434e-05	0.0025797
625	0.021115	0.97625	5.5579e-05	0.0025768
626	0.023971	0.97339	6.3151e-05	0.0025714
627	0.027958	0.9694	7.3733e-05	0.0025631
628	0.034133	0.96323	9.0097e-05	0.0025489
629	0.042387	0.95497	0.000112	0.0025292
630	0.05437	0.94299	0.00014379	0.0024996
631	0.071605	0.92575	0.00018951	0.0024561
632	0.076685	0.92067	0.00020312	0.0024447
633	0.084186	0.91316	0.00022319	0.0024268
634	0.083238	0.91411	0.00022087	0.0024313
635	0.08483	0.91252	0.00022528	0.0024291
636	0.089164	0.90818	0.00023698	0.0024195
637	0.096985	0.90036	0.00025796	0.0024007
638	0.10795	0.88939	0.00028737	0.0023735
639	0.12297	0.87437	0.00032767	0.0023354
640	0.14542	0.85192	0.00038782	0.0022774
641	0.17519	0.82214	0.00046768	0.0021997
642	0.21473	0.7826	0.00057387	0.0020956
643	0.22785	0.76948	0.00060951	0.0020622
644	0.24804	0.74929	0.00066412	0.0020097
645	0.27841	0.71891	0.00074609	0.0019299
646	0.32321	0.67411	0.00086683	0.0018113
647	0.38248	0.61484	0.0010267	0.0016535
648	0.46884	0.52848	0.0012595	0.0014228
649	0.47497	0.52234	0.001277	0.0014075
650	0.48724	0.51008	0.001311	0.0013756
651	0.50525	0.49206	0.0013605	0.0013282
652	0.5305	0.46681	0.0014298	0.0012611
653	0.56794	0.42936	0.0015319	0.001161
654	0.61797	0.37934	0.0016684	0.0010266
655	0.63641	0.3609	0.0017196	0.00097752
656	0.66455	0.33275	0.0017972	0.00090206
657	0.7026	0.2947	0.0019018	0.00079958
658	0.75879	0.23851	0.0020557	0.00064777
659	0.8336	0.16369	0.0022605	0.00044504
660	0.93246	0.064836	0.0025312	0.00017646
661	0.93312	0.064168	0.0025351	0.00017475
662	0.93686	0.060433	0.0025472	0.0001647
663	0.94413	0.053157	0.002569	0.00014499
664	0.95483	0.042451	0.0026002	0.00011588
665	0.9714	0.025881	0.0026475	7.0748e-05
666	0.9784	0.018881	0.0026686	5.1659e-05
667	0.98837	0.0089096	0.002698	2.4394e-05
668	0.98861	0.008667	0.0027008	2.3734e-05
669	0.98664	0.010631	0.0026975	2.9102e-05
670	0.98626	0.011015	0.0026986	3.0163e-05
671	0.9874	0.009869	0.0027038	2.7037e-05
672	0.99029	0.0069807	0.0027138	1.9135e-05
673	0.99105	0.0062196	0.0027179	1.7063e-05
674	0.99032	0.0069414	0.002718	1.9062e-05
675	0.99071	0.0065494	0.0027211	1.7999e-05
676	0.99251	0.0047536	0.002728	1.308e-05
677	0.99267	0.0045873	0.0027305	1.2633e-05
678	0.99134	0.0059108	0.0027289	1.6286e-05
679	0.99133	0.0059254	0.0027309	1.634e-05
680	0.99238	0.0048727	0.0027359	1.3447e-05
681	0.99486	0.0023848	0.0027447	6.5934e-06
682	0.99403	0.0032216	0.0027445	8.9132e-06
683	0.9941	0.0031478	0.0027467	8.7157e-06
684	0.99508	0.0021578	0.0027515	5.9792e-06
685	0.99304	0.0042051	0.0027479	1.1648e-05
686	0.98832	0.008914	0.0027369	2.4705e-05
687	0.98573	0.011505	0.0027317	3.1914e-05
688	0.98457	0.012668	0.0027305	3.5167e-05
689	0.9803	0.016932	0.0027207	4.7043e-05
690	0.97786	0.019368	0.0027159	5.3849e-05
691	0.97706	0.020169	0.0027157	5.6107e-05
692	0.97822	0.019003	0.0027209	5.2904e-05
693	0.98104	0.016188	0.0027308	4.5097e-05
694	0.9862	0.011027	0.0027471	3.0746e-05
695	0.99369	0.0035253	0.0027701	9.8324e-06
696	0.99716	5.5067e-05	0.0027818	1.5364e-07
697	0.99717	4.129e-05	0.0027838	1.1549e-07
698	0.9965	0.00071325	0.0027839	1.996e-06
699	0.99526	0.0019567	0.0027825	5.4839e-06
700	0.99233	0.0048849	0.0027762	1.3698e-05
701	0.98574	0.011472	0.0027597	3.2202e-05
702	0.98182	0.015382	0.0027507	4.3225e-05
703	0.97963	0.017575	0.0027464	4.9431e-05
704	0.97898	0.018218	0.0027466	5.1281e-05
705	0.97984	0.017358	0.0027509	4.8904e-05
706	0.98229	0.014912	0.0027598	4.2053e-05
707	0.98648	0.010712	0.0027736	3.024e-05
708	0.99276	0.0044374	0.0027933	1.2552e-05
709	0.95404	0.043149	0.0026862	0.00012174
710	0.92737	0.069819	0.0026128	0.00019714
711	0.90778	0.089404	0.0025594	0.0002526
712	0.89497	0.10222	0.002525	0.00028902
713	0.88636	0.11082	0.0025024	0.00031357
714	0.88209	0.11509	0.0024921	0.00032591
715	0.88176	0.11542	0.0024929	0.00032711
716	0.88437	0.11281	0.002502	0.00031999
717	0.87857	0.11861	0.0024874	0.00033666
718	0.87596	0.12122	0.0024817	0.0003443
719	0.87711	0.12006	0.0024868	0.00034128
720	0.88236	0.11481	0.0025034	0.00032664
721	0.8912	0.10597	0.0025303	0.00030174
722	0.90433	0.092834	0.0025694	0.00026458
723	0.92278	0.074381	0.0026239	0.00021218
724	0.9299	0.067267	0.002646	0.00019205
725	0.94053	0.056629	0.0026782	0.00016182
726	0.9555	0.04166	0.0027229	0.00011916
727	0.96076	0.036399	0.0027399	0.00010418
728	0.96957	0.027581	0.0027671	7.9013e-05
729	0.98197	0.015183	0.0028046	4.354e-05
730	0.98179	0.015357	0.0028061	4.4048e-05
731	0.97872	0.018432	0.0027993	5.2876e-05
732	0.97732	0.019823	0.0027973	5.6881e-05
733	0.97751	0.019637	0.0027998	5.6366e-05
734	0.9797	0.017446	0.0028081	5.0101e-05
735	0.98368	0.013462	0.0028216	3.8668e-05
736	0.9847	0.012443	0.0028265	3.5752e-05
737	0.98755	0.0095872	0.0028367	2.756e-05
738	0.99264	0.0044972	0.0028533	1.2938e-05
739	0.9885	0.0086269	0.0028434	2.4817e-05
740	0.98628	0.010851	0.0028389	3.1237e-05
741	0.98573	0.011402	0.0028392	3.2848e-05
742	0.98263	0.014492	0.0028322	4.1794e-05
743	0.98113	0.015991	0.0028298	4.615e-05
744	0.97551	0.02161	0.0028155	6.2396e-05
745	0.96225	0.034869	0.0027791	0.00010076
746	0.95385	0.043273	0.0027566	0.00012514
747	0.94838	0.048739	0.0027427	0.00014104
748	0.94607	0.051048	0.0027378	0.00014784
749	0.94598	0.051127	0.0027394	0.00014817
750	0.94877	0.048343	0.0027493	0.00014021
751	0.95399	0.043118	0.0027662	0.00012514
752	0.96287	0.034232	0.0027938	9.9448e-05
753	0.97542	0.021681	0.0028321	6.3052e-05
754	0.99267	0.0044353	0.0028842	1.2927e-05
755	0.99183	0.0052736	0.0028837	1.5375e-05
756	0.99201	0.0050882	0.0028861	1.4842e-05
757	0.99066	0.0064409	0.0028842	1.8787e-05
758	0.99041	0.0066812	0.0028854	1.9491e-05
759	0.99151	0.0055817	0.0028906	1.6292e-05
760	0.9941	0.0029887	0.0029	8.7334e-06
761	0.99504	0.0020537	0.0029047	6.0057e-06
762	0.99694	0.00014413	0.0029122	4.2151e-07
763	0.99606	0.0010244	0.0029116	2.9951e-06
764	0.99599	0.0010947	0.0029133	3.2046e-06
765	0.99663	0.00045172	0.0029171	1.3239e-06
766	0.99616	0.00092093	0.0029177	2.6995e-06
767	0.99204	0.0050411	0.0029075	1.479e-05
768	0.98944	0.0076366	0.0029018	2.2413e-05
769	0.98843	0.0086403	0.0029007	2.538e-05
770	0.98861	0.008459	0.0029032	2.4864e-05
771	0.99023	0.0068371	0.0029098	2.0117e-05
772	0.99015	0.0069183	0.0029115	2.0378e-05
773	0.99118	0.0058873	0.0029164	1.7361e-05
774	0.99341	0.0036523	0.0029249	1.0787e-05
775	0.9919	0.0051647	0.0029223	1.5268e-05
776	0.99145	0.0056083	0.0029229	1.6595e-05
777	0.99204	0.0050167	0.0029265	1.4863e-05
778	0.9911	0.0059575	0.0029256	1.7658e-05
779	0.98802	0.0090385	0.0029184	2.6806e-05
780	0.98636	0.010693	0.0029154	3.1731e-05
781	0.98155	0.015497	0.002903	4.6021e-05
782	0.97862	0.018431	0.0028962	5.4768e-05
783	0.97774	0.019309	0.0028954	5.7433e-05
784	0.95924	0.037803	0.0028423	0.00011247
785	0.94713	0.049911	0.002808	0.00014861
786	0.93876	0.058284	0.0027849	0.00017365
787	0.93346	0.063579	0.0027709	0.00018954
788	0.93141	0.065628	0.0027665	0.0001958
789	0.93175	0.065282	0.0027693	0.00019492
790	0.90709	0.089944	0.0026974	0.0002687
791	0.88902	0.10801	0.0026452	0.00032282
792	0.87619	0.12084	0.0026085	0.00036137
793	0.8676	0.12943	0.0025846	0.00038724
794	0.86262	0.13441	0.0025714	0.00040236
795	0.8609	0.13612	0.002568	0.00040771
796	0.84982	0.1472	0.0025365	0.00044109
797	0.81885	0.17817	0.0024455	0.00053398
798	0.74158	0.25543	0.0022162	0.0007653
799	0.55039	0.44663	0.001646	0.0013374
800	0.41641	0.58061	0.0012461	0.0017393
801	0.32414	0.67287	0.00097034	0.0020169
802	0.25406	0.74295	0.00076097	0.0022282
803	0.20511	0.7919	0.00061457	0.0023765
804	0.16801	0.82899	0.00050368	0.0024893
805	0.13997	0.85704	0.00041988	0.002575
806	0.12067	0.87634	0.00036217	0.0026347
807	0.10791	0.88909	0.00032404	0.0026747
808	0.099921	0.89708	0.00030016	0.0027005
809	0.095579	0.90142	0.00028723	0.0027153
810	0.09342	0.90358	0.00028087	0.0027235
811	0.08178	0.91521	0.0002459	0.0027603
812	0.074202	0.92279	0.00022312	0.002785
813	0.069033	0.92796	0.00020761	0.0028024
814	0.065866	0.93112	0.00019815	0.0028137
815	0.064423	0.93256	0.00019389	0.0028198
816	0.064592	0.93239	0.0001945	0.0028211
817	0.06642	0.93056	0.00020014	0.0028173
818	0.070694	0.92629	0.00021315	0.0028062
819	0.077169	0.91981	0.00023286	0.0027883
820	0.087534	0.90944	0.00026432	0.0027587
821	0.10156	0.89542	0.00030694	0.002718
822	0.1204	0.87657	0.00036424	0.0026625
823	0.14554	0.85143	0.00044075	0.0025879
824	0.18173	0.81524	0.00055084	0.0024797
825	0.22965	0.76732	0.00069682	0.0023355
826	0.24914	0.74782	0.00075648	0.0022777
827	0.27803	0.71894	0.0008447	0.0021914
828	0.31673	0.68023	0.000963	0.0020749
829	0.36806	0.6289	0.00112	0.0019198
830	0.4362	0.56076	0.0013286	0.001713
831	0.52651	0.47045	0.0016053	0.0014382
832	0.51471	0.48224	0.0015702	0.0014751
833	0.50926	0.48769	0.0015545	0.0014927
834	0.50803	0.48893	0.0015517	0.0014973
835	0.51206	0.48489	0.0015649	0.0014859
836	0.52049	0.47646	0.0015917	0.001461
837	0.53559	0.46135	0.0016389	0.0014156
838	0.5593	0.43764	0.0017125	0.0013438
839	0.59528	0.40166	0.0018237	0.0012345
840	0.64343	0.35351	0.0019724	0.0010875
841	0.70739	0.28955	0.0021699	0.0008918
842	0.7322	0.26474	0.0022475	0.00081604
843	0.73944	0.25749	0.0022711	0.00079423
844	0.75303	0.2439	0.0023143	0.00075286
845	0.77487	0.22206	0.0023829	0.00068609
846	0.80472	0.19221	0.0024763	0.00059448
847	0.80026	0.19667	0.002464	0.00060862
848	0.8003	0.19662	0.0024655	0.00060888
849	0.80391	0.19301	0.0024781	0.00059809
850	0.81137	0.18555	0.0025027	0.00057536
851	0.82326	0.17366	0.002541	0.00053885
852	0.84052	0.1564	0.0025961	0.00048562
853	0.86704	0.12988	0.0026799	0.00040368
854	0.90274	0.094173	0.0027923	0.00029305
855	0.9166	0.080315	0.0028371	0.00025013
856	0.91032	0.086594	0.0028194	0.00026973
857	0.90788	0.089032	0.0028135	0.00027743
858	0.90815	0.088753	0.0028161	0.00027669
859	0.91201	0.084898	0.0028298	0.00026484
860	0.91895	0.077951	0.0028531	0.00024332
861	0.92954	0.067366	0.0028879	0.00021041
862	0.9462	0.050704	0.0029416	0.00015853
863	0.96887	0.028028	0.0030142	8.7755e-05
864	0.97029	0.026602	0.0030205	8.3347e-05
865	0.9736	0.02329	0.0030326	7.3029e-05
866	0.97903	0.017861	0.0030515	5.6067e-05
867	0.98699	0.0099045	0.0030782	3.1153e-05
868	0.98626	0.010626	0.0030778	3.3422e-05
869	0.98704	0.0098453	0.0030821	3.0993e-05
870	0.98948	0.0074007	0.0030916	2.3355e-05
871	0.98613	0.010753	0.0030829	3.3925e-05
872	0.97742	0.01946	0.0030573	6.1391e-05
873	0.97145	0.025429	0.0030403	8.0252e-05
874	0.95495	0.041924	0.0029901	0.00013229
875	0.94409	0.052788	0.0029575	0.00016668
876	0.93668	0.060195	0.0029359	0.00019018
877	0.93217	0.064706	0.0029234	0.00020456
878	0.93021	0.066664	0.0029189	0.0002109
879	0.92108	0.075788	0.0028918	0.00023989
880	0.89797	0.098894	0.0028203	0.00031318
881	0.88114	0.11572	0.0027687	0.00036664
882	0.86932	0.12754	0.0027329	0.00040431
883	0.83742	0.15944	0.0026336	0.00050549
884	0.8139	0.18295	0.0025607	0.00058023
885	0.79706	0.19979	0.002509	0.00063388
886	0.78551	0.21134	0.002474	0.00067082
887	0.77837	0.21848	0.0024529	0.00069382
888	0.77511	0.22175	0.002444	0.00070457
889	0.77551	0.22134	0.0024469	0.00070367
890	0.77957	0.21727	0.0024613	0.00069117
891	0.78759	0.20925	0.0024884	0.00066607
892	0.80162	0.19522	0.0025345	0.00062188
893	0.82152	0.17532	0.0025994	0.00055892
894	0.82688	0.16996	0.0026181	0.00054214
895	0.82315	0.17368	0.002608	0.0005542
896	0.82288	0.17396	0.0026089	0.0005553
897	0.82691	0.16992	0.0026235	0.00054268
898	0.83578	0.16105	0.0026535	0.00051466
899	0.84919	0.14764	0.002698	0.00047211
900	0.86823	0.1286	0.0027606	0.00041142
901	0.89442	0.10241	0.0028462	0.00032777
902	0.93267	0.064157	0.0029706	0.0002054
903	0.98879	0.008034	0.0031522	2.5727e-05
904	0.9871	0.0097244	0.0031487	3.1132e-05
905	0.98667	0.010144	0.0031493	3.2476e-05
906	0.98774	0.0090787	0.0031546	2.9079e-05
907	0.98667	0.010147	0.0031531	3.2501e-05
908	0.98708	0.0097298	0.0031563	3.1179e-05
909	0.98877	0.008042	0.0031636	2.578e-05
910	0.98839	0.0084194	0.0031643	2.7004e-05
911	0.98918	0.0076276	0.0031687	2.4476e-05
912	0.9912	0.0056063	0.0031771	1.7994e-05
913	0.98829	0.0085095	0.0031697	2.7315e-05
914	0.98679	0.010015	0.0031668	3.2155e-05
915	0.98678	0.010016	0.0031686	3.2172e-05
916	0.98829	0.0085115	0.0031753	2.7358e-05
917	0.99119	0.00561	0.0031865	1.8038e-05
918	0.99618	0.00061445	0.0032045	1.9786e-06
919	0.99594	0.00084853	0.0032056	2.7333e-06
920	0.99638	0.00041057	0.0032089	1.3222e-06
921	0.99668	0.00010888	0.0032117	3.5043e-07
922	0.99362	0.0031615	0.0032038	1.0185e-05
923	0.99201	0.0047739	0.0032004	1.5392e-05
924	0.99167	0.0051163	0.0032011	1.651e-05
925	0.98957	0.0072086	0.0031962	2.3287e-05
926	0.9887	0.0080782	0.0031951	2.6113e-05
927	0.98924	0.0075328	0.0031987	2.4372e-05
928	0.9881	0.0086722	0.0031968	2.8087e-05
929	0.98815	0.0086194	0.0031987	2.794e-05
930	0.9894	0.0073705	0.0032046	2.391e-05
931	0.98891	0.0078628	0.0032047	2.5528e-05
932	0.98956	0.0072118	0.0032086	2.3433e-05
933	0.99141	0.005355	0.0032165	1.7415e-05
934	0.99155	0.0052191	0.0032187	1.6979e-05
935	0.99272	0.0040428	0.0032244	1.3156e-05
936	0.99531	0.0014532	0.0032346	4.7365e-06
937	0.99305	0.0037066	0.0032291	1.2074e-05
938	0.9919	0.0048536	0.0032272	1.5813e-05
939	0.98882	0.0079345	0.003219	2.5864e-05
940	0.98744	0.009314	0.0032163	3.0386e-05
941	0.98729	0.0094622	0.0032176	3.089e-05
942	0.98837	0.008377	0.003223	2.7365e-05
943	0.98741	0.0093416	0.0032217	3.0523e-05
944	0.98793	0.0088175	0.0032252	2.8829e-05
945	0.99001	0.0067315	0.0032338	2.2034e-05
946	0.99015	0.0065914	0.0032361	2.1592e-05
947	0.9914	0.0053406	0.003242	1.7508e-05
948	0.99385	0.0028839	0.0032519	9.4641e-06
949	0.99473	0.002007	0.0032566	6.5897e-06
950	0.99485	0.0018851	0.0032589	6.1945e-06
951	0.99579	0.00094389	0.0032638	3.1081e-06
952	0.99493	0.0018054	0.0032629	5.9439e-06
953	0.99277	0.0039569	0.0032577	1.3025e-05
954	0.99172	0.0050079	0.0032561	1.6491e-05
955	0.99169	0.0050384	0.0032579	1.66e-05
956	0.99267	0.0040506	0.003263	1.3355e-05
957	0.9893	0.0074253	0.0032538	2.4484e-05
958	0.96212	0.034597	0.003166	0.00011414
