#coord	neutral	conserved	gBGC.neutral	gBGC.conserved
1	0.76345	0.23442	0.0016254	0.00049946
2	0.76934	0.22854	0.0016362	0.00048637
3	0.77956	0.21832	0.0016562	0.00046403
4	0.79647	0.20142	0.0016903	0.00042759
5	0.8222	0.17568	0.001743	0.00037255
6	0.8607	0.13718	0.0018225	0.00029067
7	0.91202	0.085871	0.0019291	0.00018175
8	0.93454	0.063353	0.0019745	0.00013399
9	0.96501	0.032882	0.0020366	6.9487e-05
10	0.97686	0.021039	0.0020593	4.4452e-05
11	0.98126	0.016643	0.0020663	3.5137e-05
12	0.98793	0.0099728	0.0020781	2.1034e-05
13	0.99062	0.0072862	0.0020814	1.536e-05
14	0.99491	0.0029999	0.0020882	6.3257e-06
15	0.99667	0.001236	0.0020896	2.6076e-06
16	0.99615	0.0017581	0.0020862	3.6995e-06
17	0.99641	0.0015046	0.0020845	3.1617e-06
18	0.99604	0.0018737	0.0020815	3.9275e-06
19	0.99646	0.0014582	0.0020802	3.0494e-06
20	0.99785	7.3925e-05	0.0020808	1.5424e-07
21	0.99789	2.7721e-05	0.0020787	5.7779e-08
22	0.99762	0.00030574	0.0020758	6.3779e-07
23	0.99722	0.00070866	0.0020727	1.4764e-06
24	0.99747	0.0004562	0.002071	9.4974e-07
25	0.99758	0.00035307	0.002069	7.3382e-07
26	0.9976	0.00033254	0.0020669	6.8912e-07
27	0.99661	0.0013257	0.0020626	2.744e-06
28	0.9965	0.0014353	0.0020602	2.9702e-06
29	0.99715	0.00078997	0.0020593	1.6336e-06
30	0.99744	0.00050435	0.0020577	1.0446e-06
31	0.99653	0.0014176	0.0020536	2.933e-06
32	0.99441	0.0035351	0.0020471	7.3009e-06
33	0.99327	0.0046786	0.0020426	9.6481e-06
34	0.99304	0.0049076	0.00204	1.0105e-05
35	0.99385	0.0041008	0.0020395	8.4384e-06
36	0.99329	0.0046639	0.0020362	9.583e-06
37	0.99375	0.0042114	0.002035	8.6483e-06
38	0.9951	0.0028551	0.0020356	5.8602e-06
39	0.99526	0.0027019	0.0020338	5.5376e-06
40	0.99622	0.0017455	0.0020337	3.5705e-06
41	0.99633	0.0016309	0.0020318	3.3311e-06
42	0.99572	0.0022422	0.0020285	4.5756e-06
43	0.99587	0.0020982	0.0020266	4.2763e-06
44	0.99522	0.0027497	0.0020232	5.6e-06
45	0.99544	0.0025327	0.0020215	5.1523e-06
46	0.99655	0.0014302	0.0020217	2.9038e-06
47	0.99696	0.001014	0.0020204	2.0561e-06
48	0.99702	0.00096309	0.0020184	1.9521e-06
49	0.99778	0.00019804	0.0020179	4.0122e-07
50	0.9978	0.00018692	0.0020158	3.7758e-07
51	0.99791	7.5426e-05	0.002014	1.5234e-07
52	0.99784	0.00015229	0.0020117	3.0679e-07
53	0.99703	0.00096256	0.0020081	1.9335e-06
54	0.99548	0.0025099	0.0020029	5.0381e-06
55	0.99503	0.002962	0.0019999	5.9404e-06
56	0.99561	0.0023818	0.001999	4.773e-06
57	0.99529	0.0027089	0.0019962	5.4215e-06
58	0.99395	0.0040469	0.0019915	8.0939e-06
59	0.98175	0.016249	0.0019651	3.245e-05
60	0.9739	0.024101	0.0019473	4.8095e-05
61	0.96867	0.029338	0.0019349	5.8471e-05
62	0.96564	0.032369	0.0019269	6.4416e-05
63	0.96499	0.033023	0.0019236	6.5631e-05
64	0.95988	0.038137	0.0019114	7.5715e-05
65	0.95767	0.04035	0.001905	8.0029e-05
66	0.95748	0.040537	0.0019027	8.0299e-05
67	0.95239	0.045633	0.0018906	9.0308e-05
68	0.94968	0.048341	0.0018833	9.5548e-05
69	0.94978	0.048246	0.0018815	9.5248e-05
70	0.94467	0.053351	0.0018694	0.00010523
71	0.94275	0.055278	0.0018636	0.00010893
72	0.94373	0.054296	0.0018635	0.00010691
73	0.94706	0.05097	0.0018681	0.00010025
74	0.95367	0.044361	0.001879	8.7162e-05
75	0.96346	0.034574	0.0018963	6.7837e-05
76	0.96641	0.031629	0.0019	6.1993e-05
77	0.97215	0.025889	0.0019092	5.0698e-05
78	0.98062	0.017419	0.0019237	3.4062e-05
79	0.98395	0.014099	0.0019281	2.7542e-05
80	0.98415	0.013898	0.0019264	2.712e-05
81	0.98577	0.012279	0.0019275	2.3919e-05
82	0.97885	0.019198	0.001912	3.7368e-05
83	0.97476	0.02329	0.001902	4.5296e-05
84	0.9726	0.025455	0.0018957	4.9446e-05
85	0.97255	0.025507	0.0018936	4.9486e-05
86	0.96869	0.029373	0.001884	5.6939e-05
87	0.96732	0.030738	0.0018793	5.9533e-05
88	0.96779	0.030269	0.0018781	5.8555e-05
89	0.97056	0.027503	0.0018814	5.3141e-05
90	0.9761	0.021969	0.00189	4.2403e-05
91	0.98518	0.012894	0.0019054	2.4875e-05
92	0.98856	0.0095077	0.0019098	1.8324e-05
93	0.9895	0.0085732	0.0019095	1.6515e-05
94	0.98837	0.0097024	0.0019052	1.8676e-05
95	0.98849	0.0095858	0.0019033	1.8428e-05
96	0.99016	0.0079205	0.0019044	1.5209e-05
97	0.9898	0.0082817	0.0019016	1.5881e-05
98	0.99088	0.007208	0.0019016	1.3804e-05
99	0.99354	0.0045492	0.0019045	8.7018e-06
100	0.99172	0.0063732	0.0018989	1.2177e-05
101	0.99125	0.0068392	0.0018959	1.3055e-05
102	0.99209	0.0060066	0.0018954	1.1456e-05
103	0.99125	0.0068484	0.0018916	1.3056e-05
104	0.99175	0.00635	0.0018904	1.2104e-05
105	0.99338	0.0047161	0.0018914	8.9876e-06
106	0.99347	0.0046341	0.0018894	8.8239e-06
107	0.99202	0.0060872	0.0018845	1.1584e-05
108	0.99168	0.0064239	0.0018817	1.2213e-05
109	0.99267	0.0054426	0.0018815	1.0345e-05
110	0.99481	0.0032991	0.0018834	6.2742e-06
111	0.99544	0.0026763	0.0018825	5.0889e-06
112	0.99513	0.0029882	0.0018798	5.6749e-06
113	0.99569	0.0024235	0.0018788	4.5994e-06
114	0.99719	0.00093078	0.0018796	1.77e-06
115	0.96764	0.030479	0.0018216	5.7634e-05
116	0.94741	0.050716	0.0017814	9.5837e-05
117	0.9339	0.064221	0.0017539	0.00012127
118	0.92447	0.073655	0.0017341	0.00013895
119	0.91918	0.078952	0.0017222	0.00014882
120	0.91735	0.080785	0.0017168	0.00015218
121	0.91812	0.080008	0.0017163	0.00015061
122	0.92158	0.076559	0.0017208	0.00014403
123	0.92797	0.070169	0.0017309	0.00013194
124	0.92737	0.070764	0.0017278	0.00013292
125	0.92927	0.06887	0.0017295	0.00012924
126	0.93381	0.064337	0.0017362	0.00012062
127	0.93194	0.066203	0.0017309	0.00012394
128	0.93307	0.065075	0.0017311	0.00012169
129	0.93748	0.060671	0.0017375	0.00011337
130	0.93625	0.061905	0.0017332	0.00011557
131	0.93735	0.060808	0.0017334	0.00011342
132	0.94089	0.057261	0.0017381	0.00010671
133	0.93846	0.059694	0.0017318	0.00011109
134	0.93905	0.059113	0.001731	0.0001099
135	0.94198	0.056182	0.0017346	0.00010435
136	0.94752	0.050638	0.001743	9.3972e-05
137	0.95695	0.041213	0.0017586	7.6466e-05
138	0.97026	0.027911	0.0017813	5.1816e-05
139	0.96891	0.029262	0.0017769	5.4239e-05
140	0.96934	0.028832	0.0017759	5.3373e-05
141	0.97158	0.02659	0.0017782	4.9164e-05
142	0.97581	0.022365	0.0017842	4.1306e-05
143	0.97602	0.022155	0.0017828	4.084e-05
144	0.97789	0.020284	0.0017845	3.7322e-05
145	0.982	0.016181	0.0017902	2.9729e-05
146	0.98289	0.015291	0.00179	2.805e-05
147	0.98531	0.01287	0.0017926	2.3571e-05
148	0.98986	0.0083246	0.0017991	1.523e-05
149	0.99132	0.0068716	0.0017999	1.2548e-05
150	0.99113	0.0070583	0.0017977	1.2865e-05
151	0.99232	0.0058754	0.001798	1.0699e-05
152	0.99473	0.0034609	0.0018005	6.2971e-06
153	0.99565	0.0025472	0.0018003	4.634e-06
154	0.99315	0.0050478	0.0017939	9.1572e-06
155	0.99206	0.0061415	0.0017901	1.1133e-05
156	0.98852	0.0096813	0.0017818	1.7522e-05
157	0.9865	0.0117	0.0017764	2.1144e-05
158	0.98612	0.012086	0.0017738	2.1825e-05
159	0.98252	0.015685	0.0017655	2.8284e-05
160	0.981	0.017204	0.001761	3.0997e-05
161	0.981	0.017211	0.0017591	3.0982e-05
162	0.9776	0.020614	0.0017512	3.7051e-05
163	0.96788	0.03033	0.0017321	5.4397e-05
164	0.962	0.036212	0.0017198	6.4869e-05
165	0.95913	0.039083	0.0017129	6.9947e-05
166	0.95002	0.048195	0.0016948	8.6193e-05
167	0.944	0.054226	0.0016823	9.688e-05
168	0.94119	0.05703	0.0016755	0.0001018
169	0.94071	0.057518	0.0016729	0.00010258
170	0.94319	0.055032	0.0016756	9.8076e-05
171	0.92733	0.070896	0.0016455	0.00012627
172	0.91607	0.082159	0.0016238	0.00014618
173	0.90961	0.088623	0.0016105	0.00015755
174	0.90704	0.09119	0.0016042	0.000162
175	0.90719	0.091048	0.0016028	0.00016162
176	0.90004	0.098196	0.0015883	0.00017418
177	0.89609	0.10215	0.0015796	0.00018104
178	0.89502	0.10322	0.0015761	0.00018276
179	0.89676	0.10148	0.0015775	0.0001795
180	0.90149	0.096751	0.0015843	0.00017098
181	0.91071	0.087536	0.0015988	0.00015459
182	0.9257	0.072546	0.0016235	0.00012812
183	0.94634	0.051915	0.001658	9.1757e-05
184	0.95465	0.043601	0.0016708	7.7106e-05
185	0.95627	0.041985	0.0016719	7.4217e-05
186	0.95271	0.04555	0.0016639	8.0427e-05
187	0.94182	0.056434	0.001643	9.9514e-05
188	0.93448	0.063783	0.0016284	0.00011233
189	0.93073	0.067532	0.0016201	0.00011883
190	0.92953	0.06873	0.0016163	0.00012084
191	0.93137	0.066892	0.0016178	0.00011757
192	0.93582	0.062446	0.0016238	0.00010974
193	0.88817	0.1101	0.0015388	0.00019296
194	0.85532	0.14295	0.0014798	0.00025022
195	0.83311	0.16516	0.0014394	0.00028884
196	0.78116	0.21712	0.001347	0.00037942
197	0.74241	0.25587	0.0012779	0.00044668
198	0.71382	0.28446	0.0012268	0.00049603
199	0.69315	0.30513	0.0011896	0.00053147
200	0.68026	0.31802	0.0011659	0.00055338
201	0.67225	0.32604	0.0011507	0.00056679
202	0.64465	0.35364	0.0011018	0.000614
203	0.62469	0.37359	0.0010662	0.00064786
204	0.61096	0.38733	0.0010414	0.00067089
205	0.6023	0.39599	0.0010255	0.00068513
206	0.59813	0.40017	0.0010173	0.00069163
207	0.59945	0.39884	0.0010185	0.00068872
208	0.58644	0.41186	0.00099514	0.00071033
209	0.5784	0.4199	0.00098041	0.00072336
210	0.54837	0.44992	0.00092825	0.00077384
211	0.52662	0.47168	0.00089034	0.00081008
212	0.51143	0.48688	0.0008637	0.00083506
213	0.5016	0.4967	0.00084627	0.00085084
214	0.4696	0.52871	0.00079137	0.00090411
215	0.39445	0.60385	0.00066356	0.0010303
216	0.33782	0.66049	0.00056739	0.0011248
217	0.29526	0.70305	0.00049521	0.0011954
218	0.26651	0.7318	0.00044633	0.0012426
219	0.24523	0.75309	0.00041017	0.0012771
220	0.2298	0.76852	0.00038394	0.0013017
221	0.18501	0.81331	0.00030865	0.0013754
222	0.1544	0.84392	0.00025715	0.0014253
223	0.13144	0.86688	0.00021859	0.0014623
224	0.1161	0.88222	0.00019277	0.0014865
225	0.10493	0.89339	0.00017399	0.0015036
226	0.097057	0.90127	0.00016074	0.0015153
227	0.092614	0.90571	0.00015322	0.0015212
228	0.091183	0.90714	0.00015069	0.0015221
229	0.092563	0.90577	0.00015283	0.0015184
230	0.096023	0.90231	0.00015843	0.0015111
231	0.10187	0.89646	0.00016801	0.0015
232	0.11156	0.88678	0.0001839	0.0014824
233	0.12494	0.8734	0.00020592	0.0014588
234	0.14312	0.85522	0.00023589	0.0014273
235	0.14694	0.8514	0.00024203	0.0014195
236	0.15491	0.84343	0.00025499	0.001405
237	0.16653	0.83181	0.00027401	0.0013844
238	0.14907	0.84927	0.00024486	0.0014119
239	0.13631	0.86203	0.00022357	0.0014316
240	0.12835	0.87	0.00021021	0.0014434
241	0.12435	0.874	0.00020337	0.0014486
242	0.12279	0.87556	0.00020058	0.0014498
243	0.12361	0.87474	0.00020172	0.0014471
244	0.12686	0.8715	0.00020687	0.0014404
245	0.1337	0.86465	0.00021787	0.0014278
246	0.14381	0.85455	0.00023423	0.0014098
247	0.15943	0.83893	0.00025954	0.001383
248	0.18055	0.81781	0.00029383	0.0013471
249	0.20891	0.78945	0.00033995	0.0012994
250	0.24989	0.74847	0.00040652	0.0012312
251	0.30401	0.69435	0.00049452	0.0011417
252	0.37571	0.62265	0.00061118	0.0010235
253	0.40614	0.59223	0.00066019	0.00097289
254	0.44693	0.55144	0.00072607	0.00090545
255	0.50118	0.49719	0.00081386	0.0008161
256	0.52075	0.47762	0.00084503	0.0007834
257	0.54785	0.45052	0.00088847	0.00073843
258	0.58454	0.41384	0.00094753	0.00067785
259	0.63382	0.36456	0.0010271	0.00059674
260	0.69955	0.29883	0.0011336	0.00048882
261	0.79548	0.2029	0.0012889	0.00033197
262	0.83403	0.16435	0.0013506	0.0002688
263	0.84897	0.14941	0.0013737	0.00024417
264	0.87223	0.12615	0.0014103	0.00020607
265	0.90373	0.094658	0.0014603	0.0001546
266	0.9169	0.081488	0.0014804	0.00013306
267	0.93534	0.06305	0.001509	0.00010296
268	0.94147	0.05692	0.0015176	9.2894e-05
269	0.94123	0.057157	0.0015159	9.3158e-05
270	0.94331	0.055082	0.0015179	8.9668e-05
271	0.94783	0.050567	0.0015239	8.2222e-05
272	0.95517	0.043228	0.0015346	7.0199e-05
273	0.96708	0.031314	0.0015525	5.0806e-05
274	0.9712	0.0272	0.0015578	4.4066e-05
275	0.97833	0.020065	0.001568	3.2472e-05
276	0.9894	0.0090008	0.0015845	1.4575e-05
277	0.99388	0.0045269	0.0015903	7.334e-06
278	0.99318	0.0052218	0.0015878	8.4336e-06
279	0.99352	0.00489	0.0015869	7.8824e-06
280	0.99254	0.0058673	0.001584	9.4371e-06
281	0.99262	0.0057836	0.0015827	9.289e-06
282	0.99099	0.0074149	0.0015788	1.1879e-05
283	0.99054	0.0078668	0.0015767	1.2579e-05
284	0.9881	0.010308	0.0015714	1.6453e-05
285	0.98705	0.011362	0.0015684	1.8107e-05
286	0.98292	0.015494	0.0015605	2.4657e-05
287	0.9809	0.017517	0.0015559	2.7853e-05
288	0.98073	0.017687	0.0015543	2.811e-05
289	0.98239	0.016028	0.0015555	2.5473e-05
290	0.98572	0.012705	0.0015593	2.0201e-05
291	0.99094	0.0074862	0.0015662	1.1928e-05
292	0.98388	0.014543	0.0015537	2.313e-05
293	0.9796	0.018826	0.0015455	2.9924e-05
294	0.97716	0.021261	0.0015403	3.377e-05
295	0.9693	0.02913	0.0015265	4.6203e-05
296	0.96408	0.034351	0.0015169	5.4416e-05
297	0.96114	0.037292	0.001511	5.9008e-05
298	0.96077	0.037658	0.0015091	5.9544e-05
299	0.96239	0.036045	0.0015104	5.6956e-05
300	0.96608	0.032356	0.0015149	5.1096e-05
301	0.95586	0.04258	0.0014976	6.7094e-05
302	0.94961	0.048824	0.0014865	7.684e-05
303	0.94596	0.052475	0.0014796	8.2489e-05
304	0.94528	0.053155	0.0014773	8.3488e-05
305	0.94681	0.051626	0.0014784	8.1016e-05
306	0.95142	0.047025	0.0014844	7.3755e-05
307	0.95028	0.048162	0.0014814	7.5465e-05
308	0.9513	0.047144	0.0014817	7.3795e-05
309	0.9551	0.04335	0.0014864	6.7807e-05
310	0.96147	0.036973	0.0014951	5.7788e-05
311	0.97089	0.027562	0.0015086	4.3034e-05
312	0.98546	0.012992	0.0015301	2.0283e-05
313	0.98618	0.012273	0.00153	1.9136e-05
314	0.9886	0.0098477	0.0015325	1.5344e-05
315	0.99265	0.0058078	0.0015375	9.0435e-06
316	0.99399	0.0044616	0.0015383	6.9362e-06
317	0.99395	0.0045027	0.001537	6.9892e-06
318	0.9924	0.0060543	0.0015334	9.3753e-06
319	0.98842	0.01004	0.0015259	1.5522e-05
320	0.98604	0.012417	0.001521	1.9167e-05
321	0.98543	0.013031	0.0015188	2.0097e-05
322	0.98616	0.012303	0.0015187	1.8951e-05
323	0.98451	0.013952	0.0015149	2.1469e-05
324	0.98429	0.014178	0.0015133	2.1789e-05
325	0.98575	0.012719	0.0015143	1.9526e-05
326	0.98908	0.0093892	0.0015182	1.4401e-05
327	0.99481	0.003662	0.0015257	5.6186e-06
328	0.99194	0.00653	0.00152	1.0012e-05
329	0.99039	0.0080816	0.0015164	1.2376e-05
330	0.99005	0.0084227	0.0015146	1.2879e-05
331	0.99111	0.0073662	0.001515	1.1249e-05
332	0.9937	0.0047776	0.0015176	7.2869e-06
333	0.99823	0.0002482	0.0015233	3.7827e-07
334	0.99751	0.00096331	0.0015209	1.4664e-06
335	0.99758	0.00089751	0.0015197	1.365e-06
336	0.99846	2.4201e-05	0.0015197	3.683e-08
337	0.99831	0.00017626	0.0015182	2.6801e-07
338	0.99431	0.0041754	0.0015108	6.3497e-06
339	0.99208	0.0063992	0.0015061	9.729e-06
340	0.99109	0.0074	0.0015033	1.124e-05
341	0.99147	0.0070204	0.0015026	1.066e-05
342	0.99301	0.0054745	0.0015037	8.3092e-06
343	0.98969	0.0088041	0.0014973	1.3355e-05
344	0.98782	0.010671	0.0014932	1.6172e-05
345	0.98752	0.010967	0.0014914	1.6612e-05
346	0.98446	0.014034	0.0014855	2.1251e-05
347	0.98297	0.015524	0.0014819	2.3491e-05
348	0.98294	0.015553	0.0014806	2.3516e-05
349	0.98437	0.014123	0.0014815	2.1336e-05
350	0.9878	0.010695	0.0014854	1.6157e-05
351	0.99313	0.0053655	0.0014921	8.1158e-06
352	0.98783	0.010673	0.0014829	1.61e-05
353	0.98442	0.014084	0.0014765	2.1212e-05
354	0.983	0.015501	0.0014731	2.3328e-05
355	0.98304	0.015462	0.001472	2.325e-05
356	0.98453	0.01398	0.001473	2.1003e-05
357	0.98756	0.010943	0.0014763	1.6423e-05
358	0.99285	0.0056584	0.001483	8.4919e-06
359	0.99481	0.0037004	0.0014847	5.5492e-06
360	0.99524	0.003271	0.0014841	4.8964e-06
361	0.99464	0.0038685	0.001482	5.7817e-06
362	0.99498	0.0035293	0.0014813	5.2666e-06
363	0.99412	0.0043977	0.0014788	6.547e-06
364	0.99442	0.0040975	0.0014781	6.0916e-06
365	0.98892	0.0095954	0.0014687	1.4229e-05
366	0.98569	0.012825	0.0014627	1.9001e-05
367	0.98438	0.014138	0.0014596	2.0931e-05
368	0.98448	0.014042	0.0014585	2.0764e-05
369	0.98635	0.012177	0.0014601	1.7987e-05
370	0.99024	0.0082826	0.0014646	1.2222e-05
371	0.99132	0.0072069	0.001465	1.063e-05
372	0.99062	0.0079039	0.0014627	1.1658e-05
373	0.99107	0.0074538	0.0014621	1.0987e-05
374	0.99295	0.0055827	0.0014636	8.2288e-06
375	0.99617	0.0023633	0.0014671	3.4845e-06
376	0.99751	0.0010195	0.0014678	1.5033e-06
377	0.9981	0.00043172	0.0014675	6.3633e-07
378	0.99844	9.6384e-05	0.0014667	1.4174e-07
379	0.99847	6.055e-05	0.0014656	8.9139e-08
380	0.99762	0.00091106	0.0014631	1.3389e-06
381	0.99749	0.0010432	0.0014617	1.5315e-06
382	0.99695	0.0015833	0.0014597	2.324e-06
383	0.9956	0.0029416	0.0014565	4.3189e-06
384	0.99217	0.0063725	0.0014502	9.3462e-06
385	0.9904	0.0081369	0.0014464	1.1931e-05
386	0.98987	0.0086682	0.0014444	1.2703e-05
387	0.99054	0.0080081	0.0014442	1.173e-05
388	0.99244	0.0061048	0.0014458	8.9391e-06
389	0.99572	0.0028261	0.0014495	4.1401e-06
390	0.99701	0.0015327	0.0014502	2.2456e-06
391	0.99245	0.0060955	0.0014424	8.887e-06
392	0.98954	0.0090136	0.001437	1.3119e-05
393	0.98828	0.01027	0.0014341	1.4936e-05
394	0.9883	0.010252	0.001433	1.4897e-05
395	0.98984	0.008714	0.001434	1.2656e-05
396	0.99277	0.0057806	0.0014372	8.3922e-06
397	0.99375	0.0048038	0.0014374	6.9739e-06
398	0.99327	0.0052907	0.0014356	7.6742e-06
399	0.9938	0.0047586	0.0014353	6.8964e-06
400	0.99289	0.0056721	0.0014328	8.2062e-06
401	0.99303	0.0055273	0.001432	7.9831e-06
402	0.99448	0.0040844	0.0014329	5.8917e-06
403	0.99742	0.0011419	0.0014361	1.647e-06
404	0.99741	0.0011496	0.0014349	1.6554e-06
405	0.99697	0.0015926	0.0014332	2.2915e-06
406	0.99582	0.0027456	0.0014304	3.9504e-06
407	0.99557	0.0029929	0.0014289	4.3028e-06
408	0.99621	0.0023612	0.0014287	3.3906e-06
409	0.99608	0.0024914	0.0014274	3.5752e-06
410	0.99491	0.0036649	0.0014246	5.2516e-06
411	0.9947	0.0038729	0.0014232	5.5405e-06
412	0.99325	0.0053264	0.00142	7.6113e-06
413	0.99308	0.0054935	0.0014187	7.845e-06
414	0.99418	0.0043976	0.0014191	6.2794e-06
415	0.99641	0.002169	0.0014212	3.0964e-06
416	0.99725	0.0013248	0.0014213	1.8889e-06
417	0.99752	0.0010585	0.0014205	1.5086e-06
418	0.9897	0.0088806	0.0014082	1.2659e-05
419	0.98475	0.01383	0.0014	1.9709e-05
420	0.98169	0.016892	0.0013946	2.4052e-05
421	0.97278	0.025801	0.0013808	3.6686e-05
422	0.96669	0.031891	0.0013711	4.5285e-05
423	0.96296	0.035623	0.0013648	5.052e-05
424	0.96177	0.03682	0.001362	5.2164e-05
425	0.96295	0.035633	0.0013626	5.0441e-05
426	0.96678	0.031803	0.0013669	4.4991e-05
427	0.97303	0.025562	0.0013746	3.6131e-05
428	0.98297	0.015625	0.0013876	2.208e-05
429	0.99675	0.00184	0.0014059	2.5993e-06
430	0.99495	0.0036405	0.0014023	5.1398e-06
431	0.9905	0.0080955	0.0013949	1.1413e-05
432	0.98771	0.010881	0.0013898	1.5318e-05
433	0.98637	0.012229	0.0013869	1.7192e-05
434	0.98662	0.011981	0.0013861	1.6825e-05
435	0.98849	0.010104	0.0013877	1.4176e-05
436	0.98304	0.015558	0.0013789	2.1799e-05
437	0.97999	0.018611	0.0013735	2.6056e-05
438	0.97902	0.019583	0.0013711	2.74e-05
439	0.97961	0.018996	0.0013708	2.6553e-05
440	0.98215	0.016452	0.0013732	2.2979e-05
441	0.98698	0.011629	0.0013788	1.6236e-05
442	0.98461	0.013997	0.0013744	1.9539e-05
443	0.98373	0.014875	0.001372	2.0753e-05
444	0.98426	0.014349	0.0013716	2.0002e-05
445	0.98662	0.011988	0.0013738	1.67e-05
446	0.99067	0.0079424	0.0013783	1.1054e-05
447	0.99734	0.0012762	0.0013864	1.7818e-06
448	0.99436	0.0042555	0.0013811	5.9342e-06
449	0.99285	0.0057606	0.0013779	8.0328e-06
450	0.99245	0.0061691	0.0013762	8.6e-06
451	0.99001	0.0086088	0.0013717	1.1987e-05
452	0.98889	0.0097295	0.001369	1.3534e-05
453	0.98902	0.0096034	0.0013681	1.3345e-05
454	0.99039	0.0082342	0.001369	1.1431e-05
455	0.9931	0.0055182	0.0013717	7.6493e-06
456	0.99784	0.00078031	0.0013771	1.0814e-06
457	0.98754	0.011084	0.0013618	1.5317e-05
458	0.9802	0.018422	0.0013506	2.5423e-05
459	0.9753	0.023323	0.0013428	3.2145e-05
460	0.96319	0.035438	0.0013251	4.8794e-05
461	0.95546	0.043166	0.0013134	5.9397e-05
462	0.95126	0.047369	0.0013065	6.5147e-05
463	0.79884	0.19979	0.001096	0.00027456
464	0.69223	0.3064	0.00094857	0.00042089
465	0.61184	0.38679	0.00083753	0.00053083
466	0.5569	0.44173	0.00076146	0.00060579
467	0.51585	0.48278	0.00070464	0.00066151
468	0.4885	0.51014	0.00066659	0.00069844
469	0.47102	0.52762	0.00064207	0.00072185
470	0.45918	0.53946	0.00062534	0.00073747
471	0.45338	0.54525	0.00061685	0.00074483
472	0.45289	0.54575	0.00061558	0.00074497
473	0.43702	0.56162	0.00059338	0.00076605
474	0.42655	0.57209	0.00057862	0.0007797
475	0.42186	0.57679	0.0005717	0.0007855
476	0.34112	0.65753	0.00046145	0.00089464
477	0.28015	0.71849	0.00037835	0.00097663
478	0.23771	0.76094	0.00032043	0.0010334
479	0.2057	0.79295	0.00027682	0.0010759
480	0.18171	0.81694	0.00024416	0.0011075
481	0.16401	0.83464	0.00022008	0.0011305
482	0.1512	0.84745	0.00020267	0.0011468
483	0.14229	0.85637	0.00019054	0.0011578
484	0.13652	0.86213	0.00018268	0.0011646
485	0.13448	0.86418	0.00017981	0.0011664
486	0.1197	0.87895	0.0001599	0.0011853
487	0.11006	0.88859	0.00014686	0.0011972
488	0.10451	0.89415	0.00013931	0.0012037
489	0.1014	0.89726	0.00013504	0.0012068
490	0.088135	0.91052	0.00011723	0.0012236
491	0.078385	0.92027	0.00010416	0.0012356
492	0.071457	0.9272	9.4885e-05	0.0012438
493	0.067468	0.93119	8.9518e-05	0.0012481
494	0.066035	0.93263	8.7549e-05	0.0012489
495	0.06696	0.93171	8.8706e-05	0.0012467
496	0.06019	0.93848	7.9639e-05	0.0012547
497	0.056303	0.94236	7.4399e-05	0.0012588
498	0.054069	0.9446	7.1375e-05	0.0012608
499	0.053862	0.94481	7.1029e-05	0.00126
500	0.055653	0.94302	7.3318e-05	0.0012566
501	0.059074	0.9396	7.7769e-05	0.0012511
502	0.065088	0.93358	8.5621e-05	0.0012421
503	0.073519	0.92515	9.6663e-05	0.00123
504	0.086178	0.9125	0.00011324	0.0012123
505	0.10317	0.89551	0.00013551	0.0011889
506	0.12582	0.87286	0.00016523	0.0011581
507	0.13254	0.86614	0.00017394	0.0011483
508	0.12964	0.86904	0.00016998	0.0011512
509	0.12997	0.86871	0.00017026	0.0011498
510	0.13274	0.86594	0.00017376	0.0011453
511	0.13814	0.86054	0.00018073	0.0011372
512	0.14666	0.85203	0.0001918	0.0011251
513	0.16051	0.83817	0.00020985	0.0011059
514	0.17942	0.81927	0.00023454	0.0010802
515	0.20481	0.79388	0.00026774	0.0010459
516	0.24228	0.75641	0.0003167	0.00099587
517	0.23876	0.75992	0.00031186	0.00099964
518	0.23953	0.75916	0.0003126	0.00099781
519	0.24489	0.7538	0.00031935	0.00098998
520	0.21181	0.78688	0.00027585	0.0010324
521	0.18914	0.80955	0.00024598	0.0010612
522	0.17241	0.82628	0.00022395	0.0010821
523	0.16036	0.83834	0.00020808	0.0010969
524	0.15206	0.84663	0.00019714	0.0011068
525	0.14695	0.85175	0.00019037	0.0011125
526	0.12928	0.86942	0.0001673	0.0011345
527	0.11778	0.88092	0.00015224	0.0011485
528	0.10973	0.88897	0.00014169	0.001158
529	0.084938	0.91376	0.00010953	0.0011891
530	0.066115	0.93259	8.5167e-05	0.0012124
531	0.053073	0.94563	6.8271e-05	0.0012282
532	0.043288	0.95542	5.5619e-05	0.0012398
533	0.036682	0.96202	4.7066e-05	0.0012473
534	0.031845	0.96686	4.0814e-05	0.0012525
535	0.028992	0.96972	3.711e-05	0.0012551
536	0.027222	0.97149	3.4812e-05	0.0012563
537	0.026403	0.97231	3.3743e-05	0.0012563
538	0.026472	0.97224	3.382e-05	0.0012552
539	0.027434	0.97128	3.5049e-05	0.0012529
540	0.029385	0.96933	3.7553e-05	0.0012494
541	0.025989	0.97273	3.3205e-05	0.0012527
542	0.024173	0.97454	3.0875e-05	0.001254
543	0.023609	0.97511	3.0142e-05	0.0012536
544	0.018243	0.98047	2.3257e-05	0.0012595
545	0.01416	0.98456	1.8032e-05	0.0012636
546	0.011043	0.98768	1.405e-05	0.0012666
547	0.0086454	0.99008	1.0996e-05	0.0012686
548	0.0070711	0.99165	8.9871e-06	0.0012695
549	0.0060999	0.99262	7.7436e-06	0.0012697
550	0.005379	0.99334	6.8224e-06	0.0012696
551	0.0048519	0.99387	6.1505e-06	0.0012692
552	0.0046684	0.99406	5.9114e-06	0.0012684
553	0.004605	0.99412	5.8265e-06	0.0012674
554	0.0046659	0.99406	5.9005e-06	0.0012663
555	0.0048558	0.99387	6.1393e-06	0.001265
556	0.0051896	0.99354	6.5618e-06	0.0012635
557	0.0056934	0.99304	7.2012e-06	0.0012619
558	0.0064067	0.99233	8.1079e-06	0.0012599
559	0.0073737	0.99136	9.3387e-06	0.0012577
560	0.0089624	0.98977	1.1352e-05	0.0012546
561	0.011331	0.9874	1.4346e-05	0.0012506
562	0.014781	0.98395	1.8699e-05	0.0012452
563	0.019261	0.97948	2.4354e-05	0.0012385
564	0.02585	0.97289	3.2658e-05	0.0012291
565	0.020476	0.97826	2.5858e-05	0.0012349
566	0.016852	0.98189	2.1265e-05	0.0012384
567	0.014174	0.98457	1.7882e-05	0.0012408
568	0.012527	0.98622	1.5797e-05	0.0012418
569	0.011757	0.98699	1.4814e-05	0.0012417
570	0.011755	0.98699	1.4795e-05	0.0012407
571	0.012522	0.98622	1.5738e-05	0.0012387
572	0.0096859	0.98906	1.2162e-05	0.0012412
573	0.0077479	0.991	9.714e-06	0.0012426
574	0.0062432	0.99251	7.8191e-06	0.0012434
575	0.0052441	0.99351	6.5572e-06	0.0012436
576	0.0044462	0.9943	5.5528e-06	0.0012435
577	0.0039837	0.99477	4.9659e-06	0.001243
578	0.0036185	0.99513	4.504e-06	0.0012424
579	0.003322	0.99543	4.1307e-06	0.0012417
580	0.0032293	0.99553	4.0084e-06	0.0012408
581	0.0031699	0.99559	3.9294e-06	0.0012398
582	0.0031318	0.99563	3.8782e-06	0.0012388
583	0.0031194	0.99564	3.8604e-06	0.0012377
584	0.0032877	0.99547	4.0631e-06	0.0012364
585	0.0034882	0.99527	4.3066e-06	0.0012351
586	0.0037362	0.99503	4.6097e-06	0.0012338
587	0.0040505	0.99471	4.9957e-06	0.0012323
588	0.0046507	0.99411	5.7304e-06	0.0012305
589	0.0054084	0.99336	6.6601e-06	0.0012285
590	0.006372	0.99239	7.8447e-06	0.0012263
591	0.0076148	0.99115	9.3747e-06	0.0012237
592	0.0092309	0.98954	1.1367e-05	0.0012207
593	0.011647	0.98712	1.4337e-05	0.0012167
594	0.015252	0.98352	1.8759e-05	0.0012112
595	0.019933	0.97884	2.4506e-05	0.0012044
596	0.026045	0.97273	3.2014e-05	0.0011958
597	0.034093	0.96468	4.1907e-05	0.0011849
598	0.045664	0.95311	5.6101e-05	0.0011697
599	0.049049	0.94973	6.021e-05	0.0011645
600	0.046733	0.95204	5.7315e-05	0.0011663
601	0.046395	0.95238	5.6839e-05	0.0011657
602	0.039658	0.95912	4.8518e-05	0.001173
603	0.034753	0.96403	4.2467e-05	0.0011779
604	0.031908	0.96687	3.8935e-05	0.0011804
605	0.030725	0.96806	3.7432e-05	0.0011808
606	0.030563	0.96822	3.7185e-05	0.00118
607	0.031811	0.96697	3.8644e-05	0.0011774
608	0.034151	0.96463	4.1435e-05	0.0011735
609	0.03779	0.961	4.5804e-05	0.0011681
610	0.043013	0.95577	5.2097e-05	0.0011607
611	0.042507	0.95628	5.1428e-05	0.0011603
612	0.043234	0.95555	5.2261e-05	0.0011584
613	0.045776	0.95301	5.5278e-05	0.0011543
614	0.049834	0.94896	6.0132e-05	0.0011484
615	0.055718	0.94307	6.7194e-05	0.0011402
616	0.043599	0.95519	5.2512e-05	0.0011538
617	0.034459	0.96434	4.1462e-05	0.0011638
618	0.028351	0.97044	3.407e-05	0.0011701
619	0.023833	0.97496	2.8612e-05	0.0011745
620	0.02096	0.97784	2.5132e-05	0.0011769
621	0.019365	0.97943	2.3186e-05	0.0011777
622	0.018514	0.98029	2.2142e-05	0.0011777
623	0.01836	0.98044	2.1938e-05	0.0011768
624	0.019201	0.9796	2.292e-05	0.0011747
625	0.021145	0.97766	2.5211e-05	0.0011713
626	0.024005	0.9748	2.8597e-05	0.0011669
627	0.027999	0.97081	3.3335e-05	0.001161
628	0.034182	0.96462	4.0663e-05	0.0011526
629	0.042449	0.95636	5.047e-05	0.0011417
630	0.054449	0.94436	6.4682e-05	0.0011264
631	0.07171	0.9271	8.5092e-05	0.0011049
632	0.076797	0.92201	9.1041e-05	0.0010978
633	0.08431	0.9145	9.9872e-05	0.0010879
634	0.08336	0.91545	9.8663e-05	0.001088
635	0.084955	0.91386	0.00010046	0.0010851
636	0.089296	0.90952	0.00010549	0.001079
637	0.097129	0.90169	0.00011462	0.0010688
638	0.10811	0.89071	0.00012747	0.0010548
639	0.12315	0.87566	0.0001451	0.0010361
640	0.14563	0.85319	0.00017145	0.0010086
641	0.17545	0.82337	0.00020642	0.00097253
642	0.21505	0.78377	0.00025291	0.00092494
643	0.22819	0.77063	0.00026817	0.00090858
644	0.24841	0.75042	0.00029172	0.00088393
645	0.27883	0.72	0.00032717	0.00084737
646	0.3237	0.67512	0.00037944	0.00079398
647	0.38306	0.61577	0.00044867	0.00072364
648	0.46955	0.52928	0.00054943	0.00062175
649	0.4757	0.52313	0.00055609	0.00061398
650	0.48798	0.51085	0.00056988	0.00059907
651	0.50602	0.49282	0.00059041	0.00057743
652	0.53131	0.46752	0.00061941	0.00054732
653	0.56881	0.43002	0.00066255	0.00050306
654	0.61892	0.37992	0.00072037	0.00044412
655	0.63738	0.36145	0.00074125	0.00042214
656	0.66558	0.33326	0.00077338	0.0003889
657	0.70368	0.29516	0.00081704	0.00034413
658	0.75997	0.23887	0.0008817	0.00027836
659	0.8349	0.16395	0.000968	0.00019095
660	0.93391	0.064937	0.0010823	7.5585e-05
661	0.93458	0.064268	0.0010821	7.4713e-05
662	0.93832	0.060527	0.0010854	7.029e-05
663	0.94561	0.05324	0.0010928	6.1776e-05
664	0.95633	0.042517	0.0011042	4.9286e-05
665	0.97293	0.025922	0.0011223	3.0044e-05
666	0.97994	0.018911	0.0011293	2.1903e-05
667	0.98993	0.0089236	0.0011398	1.0325e-05
668	0.99017	0.0086807	0.0011391	1.0024e-05
669	0.9882	0.010648	0.0011357	1.2261e-05
670	0.98782	0.011033	0.0011342	1.2682e-05
671	0.98897	0.0098847	0.0011345	1.1345e-05
672	0.99186	0.0069918	0.0011367	8.0149e-06
673	0.99263	0.0062295	0.0011365	7.1349e-06
674	0.99191	0.0069525	0.0011345	7.9587e-06
675	0.9923	0.0065599	0.0011338	7.5024e-06
676	0.9941	0.0047613	0.0011348	5.4448e-06
677	0.99427	0.0045947	0.0011338	5.2502e-06
678	0.99294	0.0059203	0.0011312	6.7551e-06
679	0.99293	0.0059349	0.0011301	6.7669e-06
680	0.99398	0.0048806	0.0011302	5.5593e-06
681	0.99648	0.0023886	0.0011319	2.7235e-06
682	0.99564	0.0032268	0.0011298	3.6752e-06
683	0.99571	0.003153	0.0011288	3.5876e-06
684	0.99671	0.0021613	0.0011288	2.4571e-06
685	0.99466	0.0042119	0.0011254	4.7743e-06
686	0.98994	0.0089286	0.001119	1.0107e-05
687	0.98735	0.011524	0.001115	1.3036e-05
688	0.98618	0.012689	0.0011126	1.434e-05
689	0.98191	0.01696	0.0011066	1.9152e-05
690	0.97948	0.0194	0.0011028	2.1884e-05
691	0.97867	0.020202	0.0011008	2.276e-05
692	0.97984	0.019034	0.0011011	2.1424e-05
693	0.98266	0.016215	0.0011032	1.823e-05
694	0.98783	0.011045	0.0011079	1.2409e-05
695	0.99535	0.0035312	0.0011152	3.9602e-06
696	0.99883	5.5159e-05	0.001118	6.176e-08
697	0.99884	4.1359e-05	0.0011169	4.6409e-08
698	0.99817	0.00071445	0.0011151	8.0054e-07
699	0.99693	0.00196	0.0011126	2.1969e-06
700	0.99399	0.0048931	0.0011082	5.4774e-06
701	0.9874	0.011491	0.0010997	1.2858e-05
702	0.98348	0.015408	0.0010942	1.7234e-05
703	0.98128	0.017605	0.0010906	1.9677e-05
704	0.98064	0.018249	0.0010888	2.0381e-05
705	0.9815	0.017388	0.0010886	1.9406e-05
706	0.98396	0.014938	0.0010903	1.6661e-05
707	0.98816	0.01073	0.0010939	1.1964e-05
708	0.99445	0.0044449	0.0010998	4.9628e-06
709	0.95567	0.043223	0.0010558	4.7924e-05
710	0.92896	0.069938	0.0010251	7.7482e-05
711	0.90934	0.089557	0.0010025	9.91e-05
712	0.89651	0.10239	0.00098728	0.0001132
713	0.88789	0.11101	0.0009768	0.00012261
714	0.88361	0.11529	0.00097111	0.00012722
715	0.88328	0.11562	0.00096974	0.00012749
716	0.8859	0.11301	0.00097164	0.00012451
717	0.88009	0.11881	0.0009643	0.00013078
718	0.87748	0.12143	0.00096049	0.00013351
719	0.87864	0.12027	0.0009608	0.00013212
720	0.88389	0.11501	0.00096558	0.00012626
721	0.89276	0.10615	0.0009743	0.00011645
722	0.90591	0.092996	0.00098773	0.00010195
723	0.9244	0.074511	0.001007	8.1635e-05
724	0.93153	0.067385	0.0010138	7.3777e-05
725	0.94219	0.056728	0.0010244	6.2071e-05
726	0.95718	0.041733	0.0010398	4.5636e-05
727	0.96245	0.036463	0.0010446	3.983e-05
728	0.97129	0.02763	0.0010532	3.0163e-05
729	0.98371	0.01521	0.0010657	1.6597e-05
730	0.98353	0.015384	0.0010645	1.6757e-05
731	0.98045	0.018465	0.0010601	2.0072e-05
732	0.97906	0.019858	0.0010576	2.1549e-05
733	0.97925	0.019672	0.0010568	2.1312e-05
734	0.98145	0.017477	0.0010582	1.8908e-05
735	0.98544	0.013486	0.0010615	1.4563e-05
736	0.98646	0.012465	0.0010616	1.3439e-05
737	0.98932	0.0096044	0.0010636	1.034e-05
738	0.99442	0.0045053	0.001068	4.846e-06
739	0.99029	0.0086424	0.0010625	9.2746e-06
740	0.98806	0.010871	0.0010591	1.1654e-05
741	0.98751	0.011422	0.0010574	1.2236e-05
742	0.98441	0.014518	0.001053	1.5545e-05
743	0.98291	0.01602	0.0010503	1.7137e-05
744	0.97728	0.021649	0.0010433	2.3128e-05
745	0.964	0.034933	0.001028	3.7284e-05
746	0.95558	0.043352	0.001018	4.6235e-05
747	0.95011	0.048828	0.0010111	5.2021e-05
748	0.9478	0.051141	0.0010076	5.4438e-05
749	0.94772	0.051221	0.0010065	5.4468e-05
750	0.95051	0.048432	0.0010084	5.1459e-05
751	0.95574	0.043198	0.0010129	4.5855e-05
752	0.96465	0.034295	0.0010212	3.6387e-05
753	0.97722	0.021721	0.0010335	2.3038e-05
754	0.9945	0.0044435	0.0010507	4.7208e-06
755	0.99366	0.0052833	0.0010488	5.604e-06
756	0.99385	0.0050976	0.0010479	5.3997e-06
757	0.99249	0.0064528	0.0010454	6.8199e-06
758	0.99226	0.0066937	0.0010441	7.0605e-06
759	0.99336	0.0055921	0.0010442	5.8909e-06
760	0.99596	0.0029943	0.0010459	3.1538e-06
761	0.99689	0.0020575	0.0010458	2.1653e-06
762	0.99881	0.0001444	0.0010468	1.5164e-07
763	0.99793	0.0010263	0.0010448	1.0749e-06
764	0.99786	0.0010968	0.0010436	1.1486e-06
765	0.9985	0.00045257	0.0010432	4.7396e-07
766	0.99803	0.00092267	0.0010417	9.6436e-07
767	0.99391	0.0050506	0.0010363	5.2754e-06
768	0.99131	0.007651	0.0010325	7.9799e-06
769	0.9903	0.0086566	0.0010304	9.0218e-06
770	0.99049	0.0084751	0.0010295	8.8233e-06
771	0.99211	0.0068501	0.0010302	7.1287e-06
772	0.99203	0.0069315	0.001029	7.2118e-06
773	0.99307	0.0058985	0.001029	6.1359e-06
774	0.99531	0.0036593	0.0010302	3.8089e-06
775	0.99379	0.0051746	0.0010276	5.3832e-06
776	0.99335	0.005619	0.001026	5.8424e-06
777	0.99394	0.0050264	0.0010256	5.2257e-06
778	0.993	0.0059689	0.0010236	6.1975e-06
779	0.98992	0.0090559	0.0010193	9.3914e-06
780	0.98826	0.010713	0.0010165	1.1098e-05
781	0.98345	0.015527	0.0010105	1.607e-05
782	0.98051	0.018467	0.0010064	1.9091e-05
783	0.97963	0.019346	0.0010045	1.9992e-05
784	0.9611	0.037876	0.00098431	3.9074e-05
785	0.94897	0.050007	0.00097076	5.1547e-05
786	0.94058	0.058397	0.00096111	6.0131e-05
787	0.93528	0.063703	0.00095466	6.5522e-05
788	0.93323	0.065756	0.00095154	6.7579e-05
789	0.93357	0.06541	0.00095089	6.7171e-05
790	0.90886	0.090119	0.00092456	9.243e-05
791	0.89077	0.10822	0.00090508	0.00011085
792	0.8779	0.12108	0.00089101	0.00012386
793	0.8693	0.12968	0.00088133	0.00013249
794	0.86431	0.13467	0.00087536	0.00013742
795	0.8626	0.13639	0.00087274	0.00013901
796	0.8515	0.14749	0.0008606	0.00015012
797	0.82046	0.17853	0.00082833	0.00018135
798	0.74305	0.25594	0.00074936	0.0002593
799	0.55148	0.44751	0.0005557	0.00045194
800	0.41724	0.58176	0.00041995	0.00058666
801	0.32478	0.67421	0.00032642	0.00067915
802	0.25457	0.74443	0.00025554	0.000749
803	0.20551	0.79348	0.00020599	0.00079751
804	0.16835	0.83065	0.00016853	0.00083394
805	0.14025	0.85875	0.00014025	0.00086118
806	0.12091	0.87809	0.00012077	0.00087963
807	0.10813	0.89087	0.00010785	0.00089149
808	0.10012	0.89888	9.9723e-05	0.00089857
809	0.095771	0.90323	9.5246e-05	0.00090199
810	0.093609	0.9054	9.297e-05	0.0009032
811	0.081945	0.91706	8.1223e-05	0.00091389
812	0.074352	0.92465	7.3542e-05	0.0009205
813	0.069173	0.92983	6.829e-05	0.00092468
814	0.066	0.93301	6.5049e-05	0.00092686
815	0.064553	0.93446	6.3531e-05	0.00092731
816	0.064723	0.93429	6.362e-05	0.00092617
817	0.066555	0.93246	6.5355e-05	0.00092338
818	0.070838	0.92817	6.949e-05	0.00091818
819	0.077327	0.92169	7.5795e-05	0.00091082
820	0.087712	0.9113	8.5897e-05	0.00089965
821	0.10177	0.89725	9.9594e-05	0.00088489
822	0.12065	0.87837	0.00011802	0.00086541
823	0.14584	0.85318	0.00014262	0.00083976
824	0.1821	0.81692	0.00017798	0.00080333
825	0.23012	0.7689	0.00022484	0.00075542
826	0.24966	0.74936	0.00024369	0.0007355
827	0.2786	0.72042	0.00027165	0.00070647
828	0.31739	0.68164	0.00030919	0.00066786
829	0.36882	0.6302	0.00035904	0.00061695
830	0.43711	0.56192	0.0004253	0.00054963
831	0.5276	0.47143	0.00051318	0.0004607
832	0.51578	0.48325	0.00050111	0.0004717
833	0.51032	0.48871	0.00049523	0.00047651
834	0.50908	0.48994	0.00049349	0.00047719
835	0.51313	0.4859	0.00049685	0.00047275
836	0.52157	0.47746	0.00050449	0.00046404
837	0.53671	0.46232	0.00051857	0.00044888
838	0.56048	0.43856	0.00054093	0.00042543
839	0.59653	0.4025	0.00057504	0.00039022
840	0.64478	0.35426	0.00062088	0.0003433
841	0.70888	0.29016	0.00068195	0.00028114
842	0.73374	0.2653	0.00070514	0.00025687
843	0.741	0.25804	0.00071136	0.00024958
844	0.75462	0.24442	0.00072365	0.00023621
845	0.77651	0.22253	0.00074382	0.00021495
846	0.80643	0.19261	0.00077169	0.000186
847	0.80196	0.19709	0.00076652	0.00019009
848	0.802	0.19704	0.00076567	0.00018985
849	0.80562	0.19342	0.00076826	0.00018618
850	0.8131	0.18595	0.00077456	0.00017881
851	0.82502	0.17403	0.00078512	0.00016719
852	0.84232	0.15673	0.00080082	0.00015043
853	0.86889	0.13016	0.00082531	0.00012487
854	0.90468	0.094374	0.00085858	9.0532e-05
855	0.91856	0.080488	0.00087091	7.7155e-05
856	0.91227	0.08678	0.00086399	8.3028e-05
857	0.90983	0.089223	0.00086072	8.5243e-05
858	0.91011	0.088944	0.00086005	8.486e-05
859	0.91397	0.085082	0.00086277	8.1087e-05
860	0.92094	0.078119	0.00086843	7.4373e-05
861	0.93155	0.067512	0.00087755	6.4206e-05
862	0.94825	0.050814	0.00089239	4.8306e-05
863	0.97097	0.028089	0.00091294	2.6712e-05
864	0.9724	0.02666	0.00091327	2.5328e-05
865	0.97572	0.023341	0.00091539	2.2158e-05
866	0.98116	0.0179	0.00091951	1.6989e-05
867	0.98914	0.0099261	0.00092603	9.4336e-06
868	0.98842	0.01065	0.00092434	1.0098e-05
869	0.9892	0.0098668	0.00092405	9.3502e-06
870	0.99165	0.0074169	0.00092531	7.0438e-06
871	0.98829	0.010777	0.0009211	1.0207e-05
872	0.97957	0.019503	0.00091183	1.8429e-05
873	0.97359	0.025485	0.00090517	2.4046e-05
874	0.95706	0.042016	0.00088863	3.9551e-05
875	0.94617	0.052905	0.00087738	4.9746e-05
876	0.93875	0.060328	0.00086943	5.6662e-05
877	0.93423	0.064849	0.00086421	6.0846e-05
878	0.93226	0.066811	0.0008614	6.2629e-05
879	0.92312	0.075956	0.00085188	7.1113e-05
880	0.89996	0.099113	0.00082928	9.2674e-05
881	0.8831	0.11598	0.00081261	0.0001083
882	0.87125	0.12783	0.00080067	0.00011922
883	0.83929	0.15979	0.00077011	0.00014875
884	0.81572	0.18336	0.00074743	0.00017041
885	0.79884	0.20024	0.00073101	0.00018582
886	0.78727	0.21181	0.00071953	0.0001963
887	0.78012	0.21897	0.00071216	0.00020266
888	0.77684	0.22224	0.00070839	0.00020545
889	0.77725	0.22183	0.00070802	0.00020483
890	0.78132	0.21776	0.00071102	0.00020085
891	0.78936	0.20972	0.00071767	0.00019323
892	0.80343	0.19566	0.0007298	0.00018013
893	0.82337	0.17572	0.00074731	0.00016164
894	0.82874	0.17035	0.00075146	0.00015652
895	0.82502	0.17408	0.00074732	0.0001597
896	0.82474	0.17435	0.00074635	0.00015972
897	0.82879	0.17031	0.00074929	0.00015581
898	0.83768	0.16141	0.00075661	0.00014752
899	0.85112	0.14798	0.00076807	0.00013509
900	0.87021	0.12889	0.00078468	0.00011753
901	0.89645	0.10264	0.0008078	9.3453e-05
902	0.9348	0.064304	0.00084183	5.8457e-05
903	0.99105	0.0080523	0.000892	7.3137e-06
904	0.98936	0.0097467	0.0008895	8.8274e-06
905	0.98894	0.010167	0.00088816	9.1884e-06
906	0.99	0.0090996	0.00088815	8.2127e-06
907	0.98893	0.01017	0.00088622	9.159e-06
908	0.98935	0.0097522	0.00088561	8.7711e-06
909	0.99105	0.0080606	0.00088616	7.2396e-06
910	0.99067	0.0084388	0.00088483	7.5688e-06
911	0.99146	0.0076452	0.00088457	6.8471e-06
912	0.99349	0.0056193	0.00088541	5.0236e-06
913	0.99058	0.0085292	0.00088183	7.6076e-06
914	0.98907	0.010039	0.00087952	8.9365e-06
915	0.98907	0.010039	0.00087853	8.9247e-06
916	0.99058	0.0085313	0.00087887	7.5766e-06
917	0.99349	0.005623	0.00088047	4.986e-06
918	0.9985	0.00061588	0.0008839	5.4633e-07
919	0.99827	0.00085051	0.00088269	7.5318e-07
920	0.99871	0.00041153	0.00088208	3.6348e-07
921	0.99901	0.00010913	0.00088134	9.6076e-08
922	0.99595	0.0031689	0.00087763	2.7883e-06
923	0.99434	0.0047851	0.00087518	4.207e-06
924	0.99399	0.0051283	0.00087384	4.5056e-06
925	0.9919	0.0072256	0.00087095	6.3467e-06
926	0.99103	0.0080972	0.00086915	7.1049e-06
927	0.99157	0.0075505	0.00086858	6.621e-06
928	0.99043	0.0086926	0.00086651	7.6197e-06
929	0.99049	0.0086397	0.0008655	7.5679e-06
930	0.99174	0.0073879	0.00086555	6.466e-06
931	0.99125	0.0078814	0.00086406	6.8929e-06
932	0.9919	0.0072289	0.00086358	6.3172e-06
933	0.99376	0.0053678	0.00086417	4.6876e-06
934	0.9939	0.0052315	0.00086325	4.5616e-06
935	0.99508	0.0040524	0.00086325	3.5276e-06
936	0.99768	0.0014566	0.00086447	1.2688e-06
937	0.99542	0.0037154	0.00086147	3.2256e-06
938	0.99427	0.0048651	0.00085945	4.2157e-06
939	0.99118	0.0079534	0.00085574	6.8825e-06
940	0.9898	0.0093363	0.0008535	8.0731e-06
941	0.98965	0.0094848	0.00085234	8.1935e-06
942	0.99074	0.0083971	0.00085225	7.2459e-06
943	0.98978	0.009364	0.0008504	8.066e-06
944	0.9903	0.0088387	0.00084981	7.605e-06
945	0.9924	0.0067477	0.00085056	5.805e-06
946	0.99254	0.0066073	0.00084964	5.679e-06
947	0.99379	0.0053535	0.00084969	4.5975e-06
948	0.99626	0.0028909	0.00085077	2.4817e-06
949	0.99714	0.0020118	0.0008505	1.7249e-06
950	0.99726	0.0018897	0.00084958	1.6188e-06
951	0.9982	0.00094618	0.00084936	8.1173e-07
952	0.99734	0.0018098	0.0008476	1.5487e-06
953	0.99519	0.0039665	0.00084475	3.3856e-06
954	0.99413	0.0050201	0.00084285	4.2785e-06
955	0.9941	0.0050507	0.00084183	4.2992e-06
956	0.99509	0.0040605	0.00084169	3.4529e-06
