#coord	neutral	conserved	gBGC.neutral	gBGC.conserved
1	0.76101	0.23367	0.0040683	0.0012502
2	0.76688	0.22781	0.0040983	0.0012183
3	0.77707	0.21762	0.0041516	0.0011633
4	0.79392	0.20077	0.0042404	0.0010727
5	0.81957	0.17512	0.004376	0.00093535
6	0.85795	0.13674	0.0045792	0.00073036
7	0.9091	0.085596	0.0048507	0.00045703
8	0.93154	0.06315	0.0049687	0.00033722
9	0.96192	0.032777	0.0051292	0.00017502
10	0.97373	0.020972	0.0051903	0.00011206
11	0.97811	0.01659	0.005212	8.8648e-05
12	0.98476	0.0099409	0.0052458	5.311e-05
13	0.98744	0.0072628	0.0052584	3.8815e-05
14	0.99171	0.0029903	0.0052795	1.6e-05
15	0.99347	0.0012321	0.0052873	6.6016e-06
16	0.99296	0.0017525	0.0052829	9.3722e-06
17	0.99321	0.0014998	0.0052827	8.0158e-06
18	0.99284	0.0018676	0.0052792	9.9637e-06
19	0.99326	0.0014535	0.0052799	7.7413e-06
20	0.99464	7.3687e-05	0.0052858	3.9183e-07
21	0.99469	2.7632e-05	0.0052845	1.469e-07
22	0.99441	0.00030475	0.0052814	1.6231e-06
23	0.99401	0.00070638	0.0052778	3.76e-06
24	0.99427	0.00045474	0.0052776	2.4208e-06
25	0.99437	0.00035194	0.0052767	1.8718e-06
26	0.99439	0.00033147	0.0052755	1.7589e-06
27	0.9934	0.0013214	0.0052688	7.0094e-06
28	0.9933	0.0014306	0.0052667	7.5938e-06
29	0.99394	0.00078743	0.0052687	4.1801e-06
30	0.99423	0.00050273	0.0052688	2.6757e-06
31	0.99332	0.001413	0.0052626	7.5186e-06
32	0.99121	0.0035238	0.00525	1.873e-05
33	0.99007	0.0046635	0.0052427	2.477e-05
34	0.98984	0.0048918	0.0052402	2.5963e-05
35	0.99065	0.0040876	0.0052431	2.1699e-05
36	0.99009	0.0046488	0.0052389	2.4661e-05
37	0.99054	0.0041978	0.00524	2.2275e-05
38	0.99189	0.0028459	0.005246	1.5107e-05
39	0.99205	0.0026932	0.0052456	1.4286e-05
40	0.993	0.0017399	0.0052495	9.2179e-06
41	0.99312	0.0016257	0.0052489	8.6065e-06
42	0.99251	0.0022349	0.0052445	1.1832e-05
43	0.99265	0.0020914	0.0052441	1.1067e-05
44	0.99201	0.0027408	0.0052394	1.4504e-05
45	0.99222	0.0025245	0.0052394	1.3356e-05
46	0.99332	0.0014255	0.0052441	7.5329e-06
47	0.99374	0.0010107	0.0052452	5.3379e-06
48	0.99379	0.00095997	0.0052443	5.0724e-06
49	0.99455	0.0001974	0.0052472	1.0435e-06
50	0.99457	0.00018631	0.0052462	9.8263e-07
51	0.99468	7.5182e-05	0.0052456	3.9682e-07
52	0.9946	0.00015179	0.0052442	7.9966e-07
53	0.9938	0.00095944	0.0052389	5.043e-06
54	0.99226	0.0025018	0.0052297	1.3152e-05
55	0.99181	0.0029524	0.0052263	1.5521e-05
56	0.99239	0.002374	0.0052282	1.2481e-05
57	0.99206	0.0027001	0.0052254	1.4188e-05
58	0.99073	0.0040338	0.0052174	2.1201e-05
59	0.97857	0.016196	0.0051524	8.5066e-05
60	0.97074	0.024023	0.0051102	0.00012619
61	0.96552	0.029242	0.0050819	0.00015354
62	0.9625	0.032263	0.0050651	0.00016928
63	0.96185	0.032916	0.0050608	0.00017262
64	0.95675	0.038013	0.0050331	0.00019931
65	0.95455	0.040219	0.0050205	0.00021085
66	0.95436	0.040405	0.0050186	0.00021174
67	0.94929	0.045485	0.0049909	0.00023833
68	0.94659	0.048184	0.0049759	0.00025238
69	0.94668	0.048089	0.0049754	0.0002518
70	0.9416	0.053177	0.0049477	0.00027843
71	0.93968	0.055098	0.0049366	0.00028848
72	0.94066	0.054119	0.0049406	0.00028336
73	0.94397	0.050804	0.004957	0.00026595
74	0.95056	0.044216	0.0049904	0.00023143
75	0.96032	0.034462	0.0050406	0.00018027
76	0.96325	0.031526	0.0050549	0.00016489
77	0.96898	0.025805	0.0050837	0.00013496
78	0.97742	0.017362	0.0051269	9.0753e-05
79	0.98073	0.014053	0.0051431	7.3445e-05
80	0.98093	0.013853	0.0051432	7.2384e-05
81	0.98255	0.012239	0.0051507	6.3892e-05
82	0.97565	0.019135	0.0051136	9.9909e-05
83	0.97157	0.023213	0.0050913	0.00012122
84	0.96942	0.025372	0.0050791	0.00013244
85	0.96937	0.025423	0.0050778	0.00013266
86	0.96551	0.029277	0.0050567	0.00015278
87	0.96415	0.030637	0.0050485	0.00015989
88	0.96462	0.03017	0.00505	0.0001574
89	0.96738	0.027413	0.0050633	0.00014298
90	0.9729	0.021897	0.0050911	0.00011419
91	0.98194	0.012852	0.0051371	6.705e-05
92	0.98532	0.0094765	0.0051537	4.9437e-05
93	0.98625	0.008545	0.0051574	4.4598e-05
94	0.98513	0.0096705	0.0051505	5.0483e-05
95	0.98525	0.0095544	0.0051501	4.9857e-05
96	0.98691	0.0078944	0.0051578	4.1186e-05
97	0.98655	0.0082545	0.0051549	4.3042e-05
98	0.98762	0.0071843	0.0051595	3.7446e-05
99	0.99027	0.0045342	0.0051723	2.3628e-05
100	0.98845	0.0063522	0.0051619	3.3095e-05
101	0.98799	0.0068167	0.0051584	3.5513e-05
102	0.98882	0.0059869	0.0051617	3.1192e-05
103	0.98798	0.0068259	0.0051563	3.5587e-05
104	0.98848	0.0063291	0.0051578	3.3026e-05
105	0.99011	0.0047005	0.0051652	2.4547e-05
106	0.99019	0.0046188	0.0051646	2.4122e-05
107	0.98875	0.0060671	0.005156	3.1701e-05
108	0.98841	0.0064027	0.0051533	3.3452e-05
109	0.98939	0.0054247	0.0051574	2.8365e-05
110	0.99153	0.0032882	0.0051675	1.7222e-05
111	0.99215	0.0026675	0.0051698	1.3983e-05
112	0.99184	0.0029784	0.0051673	1.5607e-05
113	0.9924	0.0024155	0.0051694	1.2662e-05
114	0.99389	0.0009277	0.0051764	4.8789e-06
115	0.96444	0.030378	0.0050215	0.00015895
116	0.94427	0.050549	0.0049151	0.00026456
117	0.93081	0.064008	0.0048437	0.00033511
118	0.92141	0.073411	0.0047937	0.00038432
119	0.91613	0.07869	0.0047652	0.00041202
120	0.91431	0.080518	0.0047547	0.00042172
121	0.91508	0.079743	0.0047578	0.0004178
122	0.91852	0.076306	0.0047749	0.00039993
123	0.92489	0.069936	0.0048074	0.00036673
124	0.9243	0.07053	0.0048037	0.00036982
125	0.92619	0.068641	0.0048129	0.00035992
126	0.9307	0.064123	0.004836	0.00033623
127	0.92885	0.065983	0.0048259	0.00034581
128	0.92997	0.064859	0.0048312	0.00033987
129	0.93436	0.060469	0.0048535	0.00031695
130	0.93313	0.061699	0.0048464	0.0003234
131	0.93423	0.060605	0.0048516	0.00031769
132	0.93776	0.05707	0.0048695	0.0002992
133	0.93534	0.059495	0.0048564	0.00031177
134	0.93592	0.058916	0.0048589	0.00030873
135	0.93884	0.055994	0.0048737	0.00029342
136	0.94436	0.050469	0.0049021	0.0002645
137	0.95376	0.041076	0.0049507	0.00021545
138	0.96702	0.027818	0.0050195	0.00014616
139	0.96567	0.029164	0.0050121	0.00015313
140	0.9661	0.028736	0.0050141	0.00015083
141	0.96833	0.026501	0.0050255	0.00013907
142	0.97255	0.022291	0.0050473	0.00011695
143	0.97276	0.022081	0.0050483	0.00011574
144	0.97462	0.020216	0.0050579	0.00010586
145	0.97871	0.016127	0.0050791	8.4404e-05
146	0.9796	0.015239	0.0050835	7.9712e-05
147	0.98201	0.012827	0.005096	6.7047e-05
148	0.98654	0.0082967	0.0051194	4.3365e-05
149	0.98799	0.0068485	0.0051268	3.5761e-05
150	0.9878	0.0070346	0.0051256	3.6695e-05
151	0.98898	0.0058557	0.0051315	3.0548e-05
152	0.99139	0.0034493	0.0051438	1.7999e-05
153	0.9923	0.0025386	0.0051483	1.3259e-05
154	0.98981	0.0050308	0.0051351	2.6224e-05
155	0.98872	0.0061208	0.0051292	3.1914e-05
156	0.98519	0.0096487	0.0051106	5.0276e-05
157	0.98318	0.01166	0.0051	6.0729e-05
158	0.98279	0.012045	0.0050978	6.275e-05
159	0.97921	0.015632	0.005079	8.1398e-05
160	0.97769	0.017146	0.005071	8.9296e-05
161	0.97769	0.017153	0.0050708	8.9343e-05
162	0.9743	0.020544	0.0050531	0.00010695
163	0.96461	0.030227	0.0050028	0.00015716
164	0.95875	0.03609	0.0049723	0.0001876
165	0.95589	0.038951	0.0049573	0.00020249
166	0.94681	0.048032	0.0049099	0.00024978
167	0.9408	0.054042	0.0048786	0.00028104
168	0.938	0.056836	0.0048639	0.00029563
169	0.93752	0.057323	0.0048613	0.00029819
170	0.93999	0.054846	0.004874	0.0002854
171	0.92419	0.070655	0.0047914	0.00036782
172	0.91296	0.08188	0.0047329	0.00042627
173	0.90652	0.088322	0.0046992	0.0004599
174	0.90396	0.09088	0.0046856	0.00047339
175	0.9041	0.090738	0.0046861	0.00047278
176	0.89698	0.097862	0.0046487	0.00051005
177	0.89304	0.10181	0.004628	0.00053069
178	0.89197	0.10287	0.0046224	0.0005363
179	0.89371	0.10113	0.0046314	0.0005273
180	0.89842	0.096421	0.0046559	0.00050278
181	0.9076	0.087237	0.0047037	0.00045508
182	0.92254	0.072298	0.0047812	0.00037758
183	0.9431	0.051737	0.004888	0.00027076
184	0.95139	0.043453	0.004931	0.0002278
185	0.953	0.041842	0.0049393	0.00021951
186	0.94945	0.045394	0.0049208	0.00023812
187	0.9386	0.056241	0.0048641	0.00029493
188	0.93128	0.063565	0.0048258	0.00033327
189	0.92754	0.0673	0.0048063	0.00035293
190	0.92635	0.068494	0.0048	0.00035929
191	0.92818	0.066662	0.0048095	0.00034993
192	0.93261	0.062232	0.0048326	0.000327
193	0.88512	0.10972	0.0045842	0.00057552
194	0.85238	0.14246	0.0044128	0.00074705
195	0.83024	0.1646	0.0042967	0.00086329
196	0.77847	0.21637	0.0040249	0.0011352
197	0.73985	0.25499	0.0038224	0.0013379
198	0.71136	0.28348	0.0036732	0.0014873
199	0.69076	0.30408	0.0035655	0.0015952
200	0.67792	0.31692	0.0034981	0.0016628
201	0.66993	0.32491	0.0034562	0.0017049
202	0.64242	0.35242	0.0033126	0.0018488
203	0.62254	0.3723	0.0032089	0.0019528
204	0.60885	0.38599	0.0031377	0.0020243
205	0.60022	0.39462	0.0030929	0.0020695
206	0.59606	0.39878	0.0030714	0.0020913
207	0.59737	0.39746	0.0030783	0.0020848
208	0.5844	0.41043	0.003011	0.0021525
209	0.57639	0.41844	0.0029697	0.0021943
210	0.54647	0.44836	0.0028146	0.0023498
211	0.52479	0.47004	0.0027025	0.0024624
212	0.50965	0.48519	0.0026244	0.002541
213	0.49986	0.49497	0.0025743	0.0025917
214	0.46796	0.52687	0.0024098	0.0027568
215	0.39308	0.60175	0.0020227	0.0031445
216	0.33664	0.65819	0.0017313	0.0034365
217	0.29423	0.7006	0.0015126	0.0036558
218	0.26558	0.72925	0.0013647	0.0038043
219	0.24437	0.75046	0.0012555	0.0039142
220	0.229	0.76583	0.0011765	0.0039939
221	0.18436	0.81047	0.00094675	0.0042242
222	0.15386	0.84097	0.00078956	0.0043821
223	0.13098	0.86384	0.00067186	0.0045005
224	0.1157	0.87913	0.00059312	0.0045799
225	0.10457	0.89026	0.00053589	0.0046379
226	0.096717	0.89811	0.00049563	0.0046789
227	0.092289	0.90254	0.00047293	0.0047023
228	0.090863	0.90396	0.00046565	0.0047103
229	0.092238	0.90259	0.00047278	0.0047039
230	0.095686	0.89914	0.00049067	0.0046867
231	0.10151	0.89331	0.00052092	0.0046572
232	0.11116	0.88366	0.00057087	0.004608
233	0.1245	0.87033	0.00063997	0.0045397
234	0.14261	0.85221	0.000734	0.0044465
235	0.14642	0.8484	0.00075396	0.0044273
236	0.15436	0.84045	0.00079527	0.0043868
237	0.16595	0.82887	0.00085557	0.0043273
238	0.14854	0.84627	0.00076536	0.0044184
239	0.13583	0.85899	0.00069958	0.004485
240	0.12789	0.86692	0.00065846	0.0045269
241	0.12391	0.87091	0.00063774	0.0045485
242	0.12236	0.87246	0.00062971	0.0045573
243	0.12317	0.87164	0.00063399	0.0045539
244	0.12641	0.8684	0.00065091	0.0045379
245	0.13322	0.86159	0.00068633	0.0045034
246	0.1433	0.85151	0.00073873	0.0044519
247	0.15886	0.83594	0.00081953	0.004372
248	0.17991	0.8149	0.00092893	0.0042635
249	0.20817	0.78664	0.001076	0.0041173
250	0.249	0.74581	0.0012883	0.003906
251	0.30293	0.69188	0.0015691	0.0036261
252	0.37437	0.62043	0.0019417	0.0032545
253	0.40469	0.59011	0.0020998	0.0030974
254	0.44534	0.54947	0.0023121	0.0028861
255	0.49939	0.49541	0.0025948	0.0026044
256	0.51889	0.47591	0.0026973	0.002503
257	0.54589	0.44891	0.0028393	0.0023621
258	0.58244	0.41235	0.0030316	0.0021708
259	0.63154	0.36325	0.0032903	0.0019133
260	0.69704	0.29776	0.0036357	0.0015691
261	0.79263	0.20217	0.004139	0.0010669
262	0.83103	0.16376	0.0043422	0.00086497
263	0.84591	0.14888	0.0044217	0.00078662
264	0.8691	0.12569	0.0045449	0.00066467
265	0.90047	0.094317	0.0047115	0.00049927
266	0.91359	0.081194	0.0047818	0.00043022
267	0.93196	0.062823	0.00488	0.00033333
268	0.93807	0.056715	0.0049135	0.00030109
269	0.93783	0.056951	0.0049137	0.00030228
270	0.9399	0.054883	0.004926	0.00029129
271	0.9444	0.050384	0.0049513	0.0002674
272	0.95171	0.043071	0.0049916	0.00022856
273	0.96358	0.031201	0.005056	0.00016561
274	0.96768	0.027101	0.0050793	0.0001438
275	0.97478	0.019992	0.0051184	0.00010609
276	0.98581	0.0089681	0.0051783	4.7679e-05
277	0.99026	0.0045104	0.0052034	2.4023e-05
278	0.98957	0.0052028	0.0052012	2.7652e-05
279	0.9899	0.0048722	0.0052046	2.5873e-05
280	0.98892	0.0058459	0.0052009	3.1008e-05
281	0.989	0.0057625	0.0052029	3.0556e-05
282	0.98738	0.0073879	0.005196	3.9116e-05
283	0.98693	0.0078381	0.0051952	4.1467e-05
284	0.98449	0.01027	0.005184	5.4296e-05
285	0.98344	0.01132	0.0051801	5.9821e-05
286	0.97932	0.015438	0.00516	8.1551e-05
287	0.9773	0.017453	0.005151	9.2231e-05
288	0.97713	0.017623	0.0051516	9.3198e-05
289	0.97878	0.015969	0.0051618	8.4563e-05
290	0.98209	0.012658	0.0051808	6.7149e-05
291	0.98729	0.0074586	0.0052099	3.9708e-05
292	0.98026	0.01449	0.0051742	7.7083e-05
293	0.97599	0.018757	0.0051531	9.9845e-05
294	0.97356	0.021183	0.0051418	0.00011281
295	0.96572	0.029023	0.0051018	0.00015452
296	0.96052	0.034224	0.0050759	0.0001822
297	0.95759	0.037154	0.0050621	0.0001978
298	0.95722	0.037518	0.0050618	0.00019984
299	0.95883	0.035911	0.0050721	0.00019139
300	0.9625	0.032236	0.0050935	0.00017191
301	0.95231	0.042422	0.0050413	0.00022598
302	0.94609	0.048643	0.00501	0.0002591
303	0.94245	0.05228	0.0049926	0.00027847
304	0.94177	0.052957	0.0049908	0.00028218
305	0.94329	0.051434	0.0050007	0.00027416
306	0.94787	0.046849	0.0050269	0.00024989
307	0.94674	0.047982	0.0050228	0.00025599
308	0.94775	0.046968	0.0050301	0.00025063
309	0.95153	0.043188	0.0050521	0.00023057
310	0.95788	0.036835	0.005088	0.00019674
311	0.96725	0.027459	0.0051401	0.00014668
312	0.98177	0.012943	0.0052195	6.9224e-05
313	0.98248	0.012227	0.0052254	6.5387e-05
314	0.9849	0.0098108	0.0052404	5.2495e-05
315	0.98892	0.005786	0.005264	3.0977e-05
316	0.99026	0.0044449	0.0052733	2.3786e-05
317	0.99022	0.0044857	0.0052751	2.3996e-05
318	0.98867	0.0060315	0.0052691	3.2223e-05
319	0.98469	0.010002	0.00525	5.3408e-05
320	0.98232	0.01237	0.0052395	6.603e-05
321	0.98171	0.012982	0.0052383	6.9318e-05
322	0.98243	0.012256	0.0052444	6.5441e-05
323	0.98079	0.013899	0.0052377	7.4228e-05
324	0.98056	0.014124	0.0052387	7.5426e-05
325	0.98201	0.012671	0.0052486	6.7672e-05
326	0.98533	0.0093536	0.0052685	4.9971e-05
327	0.99103	0.0036481	0.005301	1.9523e-05
328	0.98817	0.0065051	0.0052879	3.4831e-05
329	0.98662	0.0080509	0.0052818	4.3108e-05
330	0.98628	0.0083907	0.0052822	4.4914e-05
331	0.98733	0.0073382	0.0052901	3.9278e-05
332	0.98991	0.0047593	0.0053061	2.5474e-05
333	0.99442	0.00024726	0.0053324	1.324e-06
334	0.9937	0.00095963	0.0053308	5.139e-06
335	0.99377	0.00089408	0.0053333	4.7896e-06
336	0.99464	2.4108e-05	0.0053401	1.2941e-07
337	0.99448	0.00017559	0.0053415	9.4295e-07
338	0.9905	0.0041594	0.0053223	2.237e-05
339	0.98828	0.0063746	0.0053125	3.4321e-05
340	0.98728	0.0073716	0.0053093	3.9703e-05
341	0.98766	0.0069935	0.0053135	3.7704e-05
342	0.98919	0.0054534	0.005324	2.9427e-05
343	0.98587	0.0087702	0.0053082	4.7359e-05
344	0.98401	0.01063	0.0053004	5.7419e-05
345	0.98372	0.010925	0.005301	5.9061e-05
346	0.98066	0.01398	0.0052866	7.5654e-05
347	0.97917	0.015464	0.0052807	8.3737e-05
348	0.97914	0.015493	0.0052828	8.3935e-05
349	0.98056	0.014068	0.0052928	7.6251e-05
350	0.98398	0.010653	0.0053135	5.782e-05
351	0.98928	0.0053447	0.0053445	2.9087e-05
352	0.98399	0.010631	0.0053182	5.7768e-05
353	0.98059	0.014029	0.0053022	7.6201e-05
354	0.97918	0.015441	0.0052968	8.3912e-05
355	0.97922	0.015402	0.0052994	8.3738e-05
356	0.98069	0.013926	0.0053099	7.5743e-05
357	0.98371	0.010901	0.0053288	5.9302e-05
358	0.98897	0.0056363	0.0053599	3.0705e-05
359	0.99092	0.003686	0.005373	2.0091e-05
360	0.99135	0.0032582	0.0053779	1.7749e-05
361	0.99075	0.0038534	0.0053773	2.0984e-05
362	0.99108	0.0035155	0.0053817	1.9138e-05
363	0.99022	0.0043804	0.0053796	2.3818e-05
364	0.99051	0.0040814	0.0053838	2.2189e-05
365	0.98503	0.0095576	0.0053568	5.1892e-05
366	0.98181	0.012775	0.0053419	6.9385e-05
367	0.9805	0.014082	0.0053373	7.6532e-05
368	0.9806	0.013986	0.0053405	7.602e-05
369	0.98245	0.012128	0.0053531	6.5937e-05
370	0.98633	0.0082499	0.0053768	4.4866e-05
371	0.9874	0.0071784	0.0053851	3.9074e-05
372	0.9867	0.0078726	0.0053838	4.2912e-05
373	0.98715	0.0074243	0.0053888	4.05e-05
374	0.98901	0.0055606	0.0054015	3.0377e-05
375	0.99221	0.0023539	0.0054216	1.2886e-05
376	0.99355	0.0010154	0.0054315	5.5731e-06
377	0.99413	0.00043	0.0054374	2.3705e-06
378	0.99446	9.6e-05	0.005442	5.4534e-07
379	0.99449	6.0309e-05	0.0054448	4.0359e-07
380	0.99364	0.00090743	0.0054416	6.3453e-06
381	0.99351	0.001039	0.0054427	8.051e-06
382	0.99297	0.0015769	0.0054402	1.3245e-05
383	0.99161	0.0029299	0.0054303	2.5851e-05
384	0.98821	0.0063471	0.0053988	4.3965e-05
385	0.98647	0.0081046	0.0053766	5.2714e-05
386	0.98595	0.0086339	0.0053615	5.4463e-05
387	0.98662	0.0079765	0.0053532	4.9411e-05
388	0.98853	0.0060808	0.0053521	3.7223e-05
389	0.99181	0.002815	0.005359	1.71e-05
390	0.99311	0.0015267	0.0053539	9.1377e-06
391	0.98858	0.0060717	0.0053164	3.3567e-05
392	0.98568	0.0089786	0.0052879	4.9035e-05
393	0.98445	0.01023	0.0052683	5.5561e-05
394	0.98448	0.010213	0.0052557	5.523e-05
395	0.98602	0.0086804	0.0052511	4.6805e-05
396	0.98896	0.0057584	0.005254	3.0967e-05
397	0.98994	0.0047854	0.0052464	2.5664e-05
398	0.98947	0.0052705	0.005231	2.8143e-05
399	0.99001	0.0047405	0.0052211	2.5226e-05
400	0.98912	0.0056505	0.0052036	2.9923e-05
401	0.98927	0.0055064	0.0051918	2.904e-05
402	0.99072	0.004069	0.0051867	2.1388e-05
403	0.99367	0.0011376	0.0051893	5.9683e-06
404	0.99367	0.0011453	0.0051766	5.9828e-06
405	0.99324	0.0015866	0.0051616	8.2614e-06
406	0.99211	0.0027354	0.0051429	1.4212e-05
407	0.99187	0.0029818	0.005129	1.5452e-05
408	0.99252	0.0023524	0.0051196	1.2155e-05
409	0.9924	0.0024822	0.0051063	1.2794e-05
410	0.99124	0.0036514	0.0050878	1.8759e-05
411	0.99105	0.0038587	0.0050742	1.9755e-05
412	0.98961	0.0053069	0.0050543	2.7091e-05
413	0.98946	0.0054735	0.005041	2.7876e-05
414	0.99056	0.0043817	0.0050339	2.2276e-05
415	0.9928	0.0021611	0.0050327	1.0966e-05
416	0.99365	0.00132	0.0050245	6.6782e-06
417	0.99393	0.0010547	0.0050133	5.3248e-06
418	0.98615	0.0088487	0.0049615	4.4606e-05
419	0.98123	0.013781	0.0049242	6.9334e-05
420	0.97819	0.016832	0.0048965	8.4469e-05
421	0.96932	0.02571	0.0048399	0.00012861
422	0.96327	0.031778	0.0047977	0.00015848
423	0.95956	0.035498	0.0047673	0.00017649
424	0.95838	0.03669	0.0047496	0.00018192
425	0.95957	0.035508	0.0047435	0.0001756
426	0.9634	0.031692	0.0047503	0.00015636
427	0.96963	0.025473	0.004769	0.00012535
428	0.97955	0.015571	0.0048055	7.6474e-05
429	0.9933	0.0018336	0.0048607	8.9876e-06
430	0.99151	0.0036279	0.0048396	1.7742e-05
431	0.98709	0.0080676	0.0048057	3.9325e-05
432	0.98432	0.010843	0.0047801	5.2688e-05
433	0.98299	0.012187	0.0047616	5.9026e-05
434	0.98325	0.01194	0.0047508	5.7662e-05
435	0.98513	0.01007	0.0047477	4.8501e-05
436	0.97971	0.015505	0.0047096	7.4446e-05
437	0.97668	0.018548	0.0046831	8.883e-05
438	0.97572	0.019517	0.0046664	9.325e-05
439	0.97632	0.018932	0.0046573	9.0205e-05
440	0.97887	0.016397	0.0046574	7.7926e-05
441	0.98369	0.011591	0.0046682	5.4964e-05
442	0.98134	0.01395	0.0046449	6.6037e-05
443	0.98048	0.014826	0.0046287	7.0017e-05
444	0.98101	0.014302	0.0046193	6.7362e-05
445	0.98338	0.011948	0.0046184	5.6145e-05
446	0.98742	0.0079164	0.0046254	3.7097e-05
447	0.99408	0.0012721	0.0046444	5.9711e-06
448	0.99112	0.0042417	0.0046184	1.985e-05
449	0.98963	0.0057419	0.0045994	2.6824e-05
450	0.98924	0.0061491	0.0045855	2.8668e-05
451	0.98682	0.0085811	0.0045624	3.9888e-05
452	0.98571	0.0096983	0.0045454	4.4953e-05
453	0.98585	0.0095727	0.0045343	4.4247e-05
454	0.98723	0.008208	0.0045289	3.7832e-05
455	0.98994	0.0055006	0.0045297	2.5269e-05
456	0.99468	0.00077783	0.0045397	3.5661e-06
457	0.98442	0.011049	0.004481	5.0409e-05
458	0.97712	0.018364	0.0044362	8.3514e-05
459	0.97224	0.023249	0.0044026	0.0001054
460	0.96018	0.035327	0.0043367	0.0001597
461	0.95248	0.043032	0.0042906	0.00019405
462	0.9483	0.047222	0.0042604	0.00021245
463	0.79637	0.19917	0.0035674	0.00089377
464	0.6901	0.30545	0.0030818	0.0013677
465	0.60996	0.3856	0.0027161	0.0017218
466	0.55519	0.44038	0.0024648	0.0019613
467	0.51428	0.48131	0.0022767	0.0021378
468	0.48701	0.50858	0.0021498	0.0022531
469	0.46959	0.52602	0.0020669	0.0023243
470	0.45779	0.53783	0.0020093	0.0023703
471	0.45202	0.54361	0.0019784	0.0023895
472	0.45153	0.54411	0.0019706	0.0023856
473	0.43571	0.55994	0.001896	0.0024486
474	0.42528	0.57038	0.0018454	0.0024877
475	0.4206	0.57507	0.0018199	0.0025016
476	0.34011	0.65558	0.0014661	0.0028438
477	0.27933	0.71637	0.0011998	0.0030986
478	0.23701	0.7587	0.0010142	0.0032728
479	0.2051	0.79062	0.00087442	0.003401
480	0.18118	0.81456	0.00076979	0.0034942
481	0.16353	0.83222	0.00069254	0.0035601
482	0.15076	0.845	0.00063654	0.0036047
483	0.14188	0.85389	0.00059733	0.0036326
484	0.13613	0.85965	0.00057161	0.003647
485	0.13409	0.8617	0.00056157	0.0036457
486	0.11936	0.87644	0.00049842	0.0036976
487	0.10975	0.88607	0.00045693	0.0037278
488	0.10421	0.89161	0.00043258	0.0037409
489	0.10111	0.89472	0.00041853	0.0037437
490	0.087887	0.90796	0.00036265	0.0037884
491	0.078166	0.91769	0.0003216	0.0038182
492	0.071257	0.92461	0.0002924	0.0038362
493	0.06728	0.9286	0.00027534	0.0038421
494	0.065852	0.93004	0.00026877	0.0038375
495	0.066774	0.92913	0.00027181	0.0038233
496	0.060025	0.93589	0.00024355	0.0038404
497	0.056148	0.93978	0.00022708	0.0038457
498	0.053922	0.94202	0.00021743	0.0038443
499	0.053715	0.94223	0.00021596	0.0038346
500	0.055502	0.94046	0.00022248	0.0038169
501	0.058914	0.93706	0.00023554	0.0037928
502	0.064913	0.93107	0.00025882	0.0037584
503	0.073322	0.92267	0.00029164	0.0037145
504	0.085948	0.91006	0.00034098	0.003654
505	0.10289	0.89312	0.00040727	0.0035767
506	0.12549	0.87054	0.00049567	0.0034773
507	0.13219	0.86385	0.0005208	0.0034411
508	0.1293	0.86675	0.00050792	0.0034431
509	0.12963	0.86643	0.00050777	0.0034322
510	0.13239	0.86368	0.00051718	0.0034119
511	0.13778	0.8583	0.0005369	0.0033813
512	0.14627	0.84982	0.00056869	0.0033386
513	0.1601	0.83601	0.00062101	0.0032754
514	0.17896	0.81716	0.00069273	0.0031928
515	0.20428	0.79184	0.0007893	0.0030854
516	0.24166	0.75447	0.00093184	0.0029321
517	0.23816	0.75799	0.00091578	0.0029373
518	0.23892	0.75724	0.00091615	0.0029262
519	0.24427	0.7519	0.00093406	0.0028974
520	0.21128	0.7849	0.00080518	0.0030155
521	0.18867	0.80752	0.00071652	0.0030934
522	0.17198	0.82422	0.00065103	0.0031481
523	0.15996	0.83625	0.00060365	0.0031848
524	0.15169	0.84454	0.00057077	0.003207
525	0.14658	0.84965	0.00055006	0.003217
526	0.12896	0.86728	0.00048241	0.003274
527	0.11749	0.87876	0.00043809	0.0033077
528	0.10946	0.8868	0.00040691	0.0033282
529	0.084731	0.91154	0.0003139	0.0034106
530	0.065955	0.93033	0.00024357	0.0034703
531	0.052945	0.94335	0.00019484	0.0035085
532	0.043184	0.95312	0.00015841	0.0035343
533	0.036594	0.95972	0.00013377	0.0035484
534	0.03177	0.96456	0.00011576	0.0035559
535	0.028923	0.96742	0.00010503	0.003556
536	0.027158	0.96919	9.8323e-05	0.0035522
537	0.026341	0.97002	9.511e-05	0.0035449
538	0.02641	0.96996	9.5135e-05	0.0035344
539	0.02737	0.96901	9.8396e-05	0.0035207
540	0.029317	0.96707	0.00010522	0.0035035
541	0.025929	0.97047	9.2848e-05	0.0035055
542	0.024118	0.97229	8.6158e-05	0.0035018
543	0.023555	0.97287	8.3941e-05	0.0034936
544	0.018201	0.97823	6.463e-05	0.0035025
545	0.014128	0.98232	5.0002e-05	0.0035068
546	0.011018	0.98544	3.888e-05	0.0035076
547	0.0086258	0.98784	3.0366e-05	0.0035058
548	0.0070551	0.98942	2.4767e-05	0.003501
549	0.0060863	0.9904	2.1294e-05	0.0034942
550	0.005367	0.99113	1.8722e-05	0.0034864
551	0.0048411	0.99166	1.6843e-05	0.003478
552	0.004658	0.99186	1.6154e-05	0.0034684
553	0.0045949	0.99193	1.5888e-05	0.0034584
554	0.0046557	0.99188	1.6056e-05	0.003448
555	0.0048452	0.9917	1.6671e-05	0.0034372
556	0.0051783	0.99138	1.7782e-05	0.0034259
557	0.0056811	0.99089	1.9475e-05	0.0034141
558	0.0063929	0.99018	2.1883e-05	0.0034016
559	0.0073579	0.98923	2.5154e-05	0.0033882
560	0.0089432	0.98765	3.0514e-05	0.0033727
561	0.011307	0.9853	3.8481e-05	0.0033547
562	0.01475	0.98187	5.0048e-05	0.003333
563	0.01922	0.97741	6.5048e-05	0.0033079
564	0.025796	0.97084	8.7035e-05	0.0032758
565	0.020434	0.97621	6.8766e-05	0.003284
566	0.016816	0.97984	5.6431e-05	0.0032863
567	0.014145	0.98252	4.7352e-05	0.0032853
568	0.012501	0.98418	4.174e-05	0.0032808
569	0.011732	0.98496	3.9056e-05	0.0032734
570	0.011731	0.98497	3.8921e-05	0.0032635
571	0.012496	0.98421	4.1309e-05	0.003251
572	0.0096662	0.98705	3.1851e-05	0.0032504
573	0.0077322	0.989	2.5383e-05	0.0032468
574	0.0062306	0.99051	2.0386e-05	0.0032418
575	0.0052336	0.99151	1.7057e-05	0.0032351
576	0.0044374	0.99232	1.4411e-05	0.0032277
577	0.0039758	0.99279	1.2858e-05	0.0032192
578	0.0036113	0.99317	1.1636e-05	0.0032104
579	0.0033155	0.99347	1.0647e-05	0.0032014
580	0.003223	0.99357	1.0308e-05	0.0031918
581	0.0031637	0.99364	1.0081e-05	0.0031821
582	0.0031257	0.99369	9.9277e-06	0.0031723
583	0.0031133	0.99371	9.8599e-06	0.0031624
584	0.0032813	0.99356	1.0354e-05	0.003152
585	0.0034815	0.99337	1.0949e-05	0.0031416
586	0.0037291	0.99313	1.1693e-05	0.0031309
587	0.0040428	0.99282	1.2644e-05	0.0031202
588	0.0046419	0.99224	1.447e-05	0.0031085
589	0.0053982	0.99149	1.678e-05	0.0030964
590	0.0063601	0.99054	1.972e-05	0.0030836
591	0.0076006	0.98931	2.3513e-05	0.0030701
592	0.0092138	0.9877	2.8447e-05	0.0030554
593	0.011625	0.9853	3.5798e-05	0.0030383
594	0.015224	0.98171	4.6732e-05	0.0030176
595	0.019896	0.97705	6.0908e-05	0.0029937
596	0.025997	0.97096	7.9389e-05	0.0029655
597	0.034032	0.96293	0.00010369	0.0029315
598	0.045581	0.95139	0.00013849	0.002887
599	0.048961	0.94802	0.00014828	0.0028675
600	0.046649	0.95034	0.00014082	0.0028652
601	0.046313	0.95069	0.00013932	0.002857
602	0.039588	0.95743	0.00011864	0.002868
603	0.034692	0.96233	0.00010359	0.0028733
604	0.031852	0.96518	9.4749e-05	0.0028724
605	0.030671	0.96637	9.0868e-05	0.0028666
606	0.03051	0.96654	9.0048e-05	0.0028577
607	0.031756	0.96531	9.3352e-05	0.0028447
608	0.034092	0.96298	9.9849e-05	0.0028285
609	0.037725	0.95936	0.00011011	0.0028086
610	0.04294	0.95415	0.00012494	0.0027842
611	0.042435	0.95467	0.00012303	0.0027764
612	0.043162	0.95395	0.00012472	0.0027651
613	0.045699	0.95142	0.0001316	0.0027486
614	0.049751	0.94738	0.00014281	0.0027278
615	0.055626	0.94151	0.00015919	0.0027019
616	0.043527	0.95362	0.0001241	0.0027274
617	0.034402	0.96276	9.7744e-05	0.0027442
618	0.028305	0.96886	8.0116e-05	0.0027522
619	0.023795	0.97338	6.7117e-05	0.0027557
620	0.020926	0.97626	5.8805e-05	0.0027545
621	0.019334	0.97786	5.4115e-05	0.0027496
622	0.018485	0.97872	5.1547e-05	0.0027426
623	0.018331	0.97888	5.0947e-05	0.0027337
624	0.019171	0.97805	5.3093e-05	0.0027221
625	0.021112	0.97612	5.8251e-05	0.0027074
626	0.023968	0.97328	6.5907e-05	0.0026902
627	0.027955	0.9693	7.6635e-05	0.00267
628	0.03413	0.96313	9.3245e-05	0.0026439
629	0.042384	0.95489	0.00011544	0.0026123
630	0.054365	0.94292	0.00014757	0.0025707
631	0.071601	0.92569	0.00019364	0.0025151
632	0.076681	0.92062	0.00020664	0.0024926
633	0.084183	0.91313	0.00022611	0.0024638
634	0.083236	0.91408	0.00022279	0.0024577
635	0.084828	0.9125	0.00022626	0.0024448
636	0.089164	0.90817	0.00023697	0.0024246
637	0.096986	0.90036	0.00025681	0.0023954
638	0.10795	0.8894	0.00028484	0.0023579
639	0.12298	0.87439	0.00032341	0.00231
640	0.14542	0.85195	0.00038112	0.0022429
641	0.1752	0.82219	0.00045767	0.002157
642	0.21474	0.78265	0.00055928	0.002046
643	0.22786	0.76954	0.00059148	0.0020045
644	0.24806	0.74936	0.00064171	0.0019449
645	0.27844	0.71899	0.00071778	0.0018595
646	0.32325	0.67418	0.00083023	0.0017377
647	0.38253	0.61491	0.00097908	0.0015795
648	0.4689	0.52855	0.0011957	0.0013535
649	0.47504	0.52242	0.0012069	0.001333
650	0.48731	0.51016	0.0012335	0.0012971
651	0.50533	0.49215	0.0012745	0.0012469
652	0.5306	0.46689	0.0013334	0.0011787
653	0.56805	0.42945	0.0014224	0.0010804
654	0.61809	0.37941	0.0015423	0.00095123
655	0.63654	0.36097	0.0015827	0.00090167
656	0.6647	0.33282	0.0016467	0.00082839
657	0.70276	0.29477	0.0017349	0.00073101
658	0.75898	0.23856	0.001867	0.00058968
659	0.83382	0.16373	0.0020441	0.0004034
660	0.93271	0.064853	0.0022791	0.00015924
661	0.93339	0.064186	0.0022723	0.00015696
662	0.93713	0.060451	0.0022729	0.00014725
663	0.94442	0.053173	0.0022819	0.00012905
664	0.95513	0.042464	0.0022992	0.00010267
665	0.97172	0.02589	0.0023303	6.2411e-05
666	0.97873	0.018887	0.0023383	4.5371e-05
667	0.98871	0.0089127	0.0023533	2.1326e-05
668	0.98896	0.0086701	0.0023449	2.0643e-05
669	0.98701	0.010635	0.0023314	2.5174e-05
670	0.98663	0.011019	0.0023216	2.5961e-05
671	0.98779	0.0098729	0.0023154	2.3157e-05
672	0.99069	0.0069836	0.0023132	1.6311e-05
673	0.99146	0.0062222	0.002306	1.4478e-05
674	0.99074	0.0069444	0.0022952	1.6103e-05
675	0.99115	0.0065523	0.0022871	1.5135e-05
676	0.99295	0.0047558	0.0022823	1.0952e-05
677	0.99313	0.0045894	0.0022736	1.053e-05
678	0.99181	0.0059136	0.0022616	1.3507e-05
679	0.99181	0.0059282	0.0022526	1.3491e-05
680	0.99287	0.0048751	0.0022461	1.105e-05
681	0.99537	0.002386	0.0022427	5.398e-06
682	0.99454	0.0032232	0.0022319	7.2624e-06
683	0.99462	0.0031495	0.0022231	7.068e-06
684	0.99562	0.0021589	0.0022165	4.8261e-06
685	0.99358	0.0042074	0.0022031	9.3473e-06
686	0.98888	0.008919	0.0021838	1.9727e-05
687	0.98629	0.011511	0.0021693	2.5367e-05
688	0.98514	0.012675	0.002158	2.7819e-05
689	0.98088	0.016942	0.0021399	3.7039e-05
690	0.97845	0.01938	0.0021258	4.2191e-05
691	0.97766	0.020181	0.0021155	4.3743e-05
692	0.97884	0.019014	0.0021093	4.1048e-05
693	0.98166	0.016198	0.0021067	3.4819e-05
694	0.98683	0.011034	0.0021091	2.3627e-05
695	0.99435	0.0035276	0.0021164	7.516e-06
696	0.99783	5.5104e-05	0.002115	1.1683e-07
697	0.99785	4.1318e-05	0.0021062	8.7535e-08
698	0.99719	0.00071374	0.002096	1.505e-06
699	0.99595	0.0019581	0.0020846	4.1175e-06
700	0.99303	0.0048884	0.0020696	1.0233e-05
701	0.98645	0.01148	0.0020471	2.3944e-05
702	0.98254	0.015394	0.0020302	3.1992e-05
703	0.98036	0.017589	0.002017	3.641e-05
704	0.97972	0.018232	0.0020071	3.7589e-05
705	0.98059	0.017372	0.0020003	3.5674e-05
706	0.98305	0.014924	0.0019967	3.053e-05
707	0.98726	0.01072	0.0019967	2.1853e-05
708	0.99355	0.0044409	0.0020009	9.0356e-06
709	0.95481	0.043184	0.0019145	8.692e-05
710	0.92813	0.069876	0.0018527	0.00014007
711	0.90854	0.089478	0.0018057	0.00017854
712	0.89572	0.1023	0.0017723	0.00020327
713	0.88712	0.11092	0.0017476	0.00021942
714	0.88285	0.11519	0.0017316	0.00022691
715	0.88253	0.11552	0.0017232	0.00022662
716	0.88515	0.11291	0.0017207	0.00022058
717	0.87935	0.11871	0.0017019	0.00023089
718	0.87675	0.12133	0.0016893	0.00023491
719	0.87791	0.12017	0.0016841	0.00023167
720	0.88317	0.11492	0.0016866	0.00022063
721	0.89203	0.10607	0.0016959	0.00020279
722	0.90519	0.092921	0.0017133	0.00017693
723	0.92367	0.074452	0.0017406	0.00014118
724	0.93079	0.067332	0.0017461	0.00012714
725	0.94145	0.056684	0.0017582	0.0001066
726	0.95644	0.041701	0.0017783	7.8098e-05
727	0.96172	0.036435	0.0017801	6.7919e-05
728	0.97055	0.027609	0.0017884	5.1254e-05
729	0.98297	0.015199	0.0018032	2.8103e-05
730	0.9828	0.015373	0.0017947	2.827e-05
731	0.97973	0.018451	0.0017809	3.3737e-05
732	0.97835	0.019844	0.0017702	3.6086e-05
733	0.97854	0.019658	0.0017625	3.5556e-05
734	0.98075	0.017465	0.0017583	3.143e-05
735	0.98474	0.013477	0.0017574	2.4117e-05
736	0.98577	0.012456	0.001751	2.2171e-05
737	0.98864	0.0095978	0.0017479	1.6995e-05
738	0.99374	0.0045022	0.0017486	7.9351e-06
739	0.98962	0.0086366	0.0017331	1.5128e-05
740	0.9874	0.010864	0.001721	1.8937e-05
741	0.98685	0.011415	0.0017117	1.9807e-05
742	0.98377	0.014509	0.0016981	2.507e-05
743	0.98228	0.01601	0.0016873	2.7532e-05
744	0.97666	0.021635	0.0016695	3.7012e-05
745	0.96339	0.034911	0.0016388	5.9437e-05
746	0.95499	0.043325	0.0016164	7.3423e-05
747	0.94952	0.048798	0.0015993	8.2288e-05
748	0.94722	0.05111	0.0015874	8.5775e-05
749	0.94714	0.05119	0.0015794	8.5484e-05
750	0.94994	0.048403	0.0015761	8.0443e-05
751	0.95518	0.043172	0.0015769	7.1398e-05
752	0.96409	0.034275	0.0015835	5.6432e-05
753	0.97666	0.021708	0.0015961	3.5588e-05
754	0.99394	0.004441	0.0016161	7.2647e-06
755	0.9931	0.0052804	0.0016066	8.5885e-06
756	0.9933	0.0050948	0.0015988	8.2417e-06
757	0.99195	0.0064493	0.0015885	1.0366e-05
758	0.99172	0.0066901	0.00158	1.0687e-05
759	0.99283	0.0055891	0.0015737	8.8794e-06
760	0.99543	0.0029927	0.0015696	4.7345e-06
761	0.99638	0.0020564	0.001563	3.2371e-06
762	0.9983	0.00014433	0.0015579	2.2572e-07
763	0.99742	0.0010258	0.0015484	1.5931e-06
764	0.99736	0.0010962	0.0015401	1.6953e-06
765	0.99801	0.00045234	0.001533	6.9659e-07
766	0.99755	0.00092222	0.0015242	1.4112e-06
767	0.99343	0.0050482	0.0015098	7.6866e-06
768	0.99084	0.0076474	0.0014978	1.1577e-05
769	0.98985	0.0086526	0.0014883	1.3032e-05
770	0.99004	0.0084712	0.0014805	1.2689e-05
771	0.99167	0.006847	0.0014749	1.0208e-05
772	0.99159	0.0069284	0.0014667	1.0282e-05
773	0.99264	0.0058959	0.0014602	8.7094e-06
774	0.99488	0.0036577	0.0014555	5.3827e-06
775	0.99337	0.0051724	0.0014452	7.5736e-06
776	0.99294	0.0056167	0.0014366	8.1829e-06
777	0.99354	0.0050243	0.0014295	7.2862e-06
778	0.9926	0.0059665	0.0014201	8.6017e-06
779	0.98953	0.0090524	0.0014078	1.2975e-05
780	0.98788	0.010709	0.0013975	1.5262e-05
781	0.98307	0.015521	0.0013828	2.1997e-05
782	0.98014	0.01846	0.0013708	2.6012e-05
783	0.97927	0.019339	0.0013617	2.7113e-05
784	0.96076	0.037863	0.0013281	5.2741e-05
785	0.94864	0.04999	0.0013036	6.9249e-05
786	0.94026	0.058377	0.0012845	8.0399e-05
787	0.93496	0.063682	0.0012698	8.719e-05
788	0.93292	0.065734	0.0012595	8.9498e-05
789	0.93327	0.065388	0.0012526	8.853e-05
790	0.90858	0.090091	0.0012119	0.00012123
791	0.89049	0.10819	0.0011806	0.00014467
792	0.87764	0.12104	0.0011565	0.00016086
793	0.86905	0.12964	0.0011383	0.00017122
794	0.86406	0.13464	0.0011249	0.00017671
795	0.86235	0.13635	0.001116	0.00017786
796	0.85126	0.14745	0.0010949	0.0001911
797	0.82024	0.17848	0.0010485	0.00022968
798	0.74286	0.25587	0.00094376	0.00032668
799	0.55134	0.4474	0.00069631	0.00056638
800	0.41713	0.58161	0.00052352	0.0007314
801	0.3247	0.67405	0.00040481	0.00084233
802	0.25451	0.74425	0.00031527	0.00092411
803	0.20547	0.7933	0.0002528	0.0009788
804	0.16831	0.83047	0.00020573	0.0010181
805	0.14022	0.85856	0.00017032	0.0010458
806	0.12088	0.87791	0.00014587	0.0010625
807	0.10811	0.89069	0.00012958	0.001071
808	0.1001	0.8987	0.00011915	0.0010737
809	0.095753	0.90306	0.00011318	0.0010718
810	0.093592	0.90523	0.00010986	0.0010674
811	0.081931	0.9169	9.5444e-05	0.001074
812	0.07434	0.9245	8.5928e-05	0.0010757
813	0.069161	0.92968	7.9337e-05	0.0010746
814	0.06599	0.93286	7.514e-05	0.001071
815	0.064544	0.93432	7.2966e-05	0.0010654
816	0.064714	0.93416	7.2647e-05	0.001058
817	0.066546	0.93233	7.4198e-05	0.0010487
818	0.070829	0.92806	7.8432e-05	0.0010368
819	0.077318	0.92157	8.5048e-05	0.0010224
820	0.087702	0.9112	9.5814e-05	0.0010039
821	0.10176	0.89715	0.00011043	0.00098161
822	0.12064	0.87828	0.00013009	0.00095426
823	0.14583	0.8531	0.00015627	0.00092039
824	0.18208	0.81685	0.00019384	0.00087513
825	0.23011	0.76883	0.00024338	0.00081791
826	0.24964	0.74931	0.00026216	0.00079144
827	0.27858	0.72037	0.00029041	0.00075548
828	0.31737	0.68159	0.00032848	0.00070973
829	0.3688	0.63017	0.00037905	0.0006515
830	0.43709	0.56189	0.00044617	0.00057672
831	0.52758	0.47141	0.00053496	0.00048031
832	0.51576	0.48323	0.00051901	0.00048861
833	0.51031	0.48869	0.00050957	0.00049038
834	0.50907	0.48993	0.00050445	0.00048786
835	0.51312	0.48589	0.00050453	0.00048012
836	0.52157	0.47745	0.00050887	0.00046814
837	0.53671	0.46232	0.00051956	0.0004498
838	0.56048	0.43856	0.00053826	0.00042342
839	0.59654	0.40251	0.00056827	0.00038573
840	0.64479	0.35426	0.00060932	0.00033701
841	0.70889	0.29017	0.0006646	0.00027409
842	0.73377	0.2653	0.00068239	0.00024867
843	0.74103	0.25805	0.00068354	0.00023992
844	0.75466	0.24443	0.00069039	0.00022545
845	0.77655	0.22254	0.00070451	0.00020369
846	0.80648	0.19262	0.0007256	0.00017499
847	0.80201	0.1971	0.00071546	0.00017753
848	0.80206	0.19706	0.00070938	0.000176
849	0.80568	0.19344	0.00070647	0.00017132
850	0.81317	0.18596	0.00070692	0.00016331
851	0.82509	0.17404	0.00071114	0.00015154
852	0.8424	0.15674	0.00071985	0.00013531
853	0.86898	0.13017	0.00073616	0.00011146
854	0.90478	0.094385	0.00075991	8.0192e-05
855	0.91867	0.080497	0.00076479	6.7811e-05
856	0.91238	0.086791	0.00075274	7.2393e-05
857	0.90995	0.089235	0.00074391	7.373e-05
858	0.91023	0.088956	0.00073736	7.2808e-05
859	0.9141	0.085094	0.00073368	6.9007e-05
860	0.92107	0.078131	0.00073244	6.2775e-05
861	0.93169	0.067522	0.00073403	5.3745e-05
862	0.9484	0.050822	0.00074021	4.0099e-05
863	0.97113	0.028093	0.00075088	2.1987e-05
864	0.97257	0.026665	0.00074474	2.067e-05
865	0.9759	0.023345	0.00074005	1.7927e-05
866	0.98135	0.017904	0.00073693	1.3625e-05
867	0.98933	0.009928	0.00073567	7.4985e-06
868	0.98861	0.010652	0.00072785	7.9546e-06
869	0.9894	0.0098688	0.00072111	7.2987e-06
870	0.99186	0.0074184	0.00071556	5.4482e-06
871	0.98851	0.010779	0.0007058	7.8213e-06
872	0.97979	0.019508	0.00069222	1.399e-05
873	0.97381	0.025491	0.00068074	1.8084e-05
874	0.95728	0.042026	0.000662	2.9463e-05
875	0.9464	0.052917	0.00064738	3.6706e-05
876	0.93898	0.060343	0.00063532	4.141e-05
877	0.93447	0.064865	0.00062535	4.4037e-05
878	0.93251	0.066829	0.00061719	4.4885e-05
879	0.92337	0.075976	0.00060428	5.046e-05
880	0.90021	0.099141	0.00058229	6.51e-05
881	0.88335	0.11601	0.00056475	7.5306e-05
882	0.8715	0.12786	0.00055069	8.2047e-05
883	0.83954	0.15984	0.00052414	0.00010131
884	0.81596	0.18342	0.00050333	0.00011484
885	0.79909	0.2003	0.00048702	0.0001239
886	0.78752	0.21188	0.00047421	0.00012948
887	0.78037	0.21904	0.00046424	0.00013223
888	0.7771	0.22231	0.0004567	0.00013258
889	0.77751	0.22191	0.00045139	0.00013072
890	0.78159	0.21784	0.0004482	0.00012674
891	0.78964	0.2098	0.00044725	0.00012055
892	0.80371	0.19573	0.00044956	0.00011109
893	0.82367	0.17578	0.00045498	9.8527e-05
894	0.82904	0.17041	0.00045211	9.428e-05
895	0.82532	0.17414	0.00044424	9.5042e-05
896	0.82505	0.17442	0.0004383	9.3901e-05
897	0.8291	0.17037	0.00043462	9.0478e-05
898	0.83801	0.16148	0.00043338	8.4594e-05
899	0.85145	0.14804	0.00043439	7.649e-05
900	0.87056	0.12894	0.00043811	6.569e-05
901	0.89682	0.10269	0.00044518	5.1555e-05
902	0.93518	0.06433	0.00045783	3.1821e-05
903	0.99146	0.0080557	0.00047862	3.9276e-06
904	0.98977	0.0097508	0.00047075	4.6749e-06
905	0.98936	0.010172	0.00046353	4.7981e-06
906	0.99044	0.0091035	0.00045698	4.228e-06
907	0.98937	0.010175	0.00044946	4.6471e-06
908	0.9898	0.0097566	0.0004426	4.3853e-06
909	0.9915	0.0080642	0.00043632	3.5659e-06
910	0.99112	0.0084427	0.00042909	3.6717e-06
911	0.99193	0.0076487	0.00042239	3.2706e-06
912	0.99396	0.0056219	0.00041622	2.362e-06
913	0.99106	0.0085332	0.00040796	3.5197e-06
914	0.98955	0.010043	0.00040033	4.0674e-06
915	0.98956	0.010044	0.0003933	3.995e-06
916	0.99107	0.0085355	0.00038684	3.3344e-06
917	0.99399	0.0056258	0.00038092	2.1563e-06
918	0.99901	0.00061619	0.00037573	2.3125e-07
919	0.99878	0.00085095	0.00036854	3.1238e-07
920	0.99923	0.00041174	0.00036163	1.4603e-07
921	0.99954	0.00010919	0.00035464	3.3777e-08
922	0.99648	0.0031706	0.0003466	9.4863e-07
923	0.99487	0.0047877	0.00033903	1.3727e-06
924	0.99454	0.0051311	0.00033186	1.3815e-06
925	0.99244	0.0072296	0.00032421	1.8559e-06
926	0.99158	0.0081018	0.00031695	1.9488e-06
927	0.99213	0.0075548	0.00031009	1.6274e-06
928	0.99099	0.0086975	0.00031038	2.071e-06
929	0.99104	0.0086446	0.00031102	2.1619e-06
930	0.99229	0.007392	0.000312	1.9034e-06
931	0.9918	0.0078858	0.0003125	2.1228e-06
932	0.99245	0.0072329	0.00031333	1.9961e-06
933	0.99431	0.0053707	0.00031453	1.5064e-06
934	0.99445	0.0052344	0.00031524	1.5055e-06
935	0.99563	0.0040546	0.00031627	1.1833e-06
936	0.99822	0.0014574	0.00031771	4.3023e-07
937	0.99596	0.0037174	0.00031768	1.1567e-06
938	0.99481	0.0048678	0.00031799	1.5311e-06
939	0.99172	0.0079577	0.00031766	2.5282e-06
940	0.99034	0.0093413	0.00031786	2.9828e-06
941	0.99019	0.0094899	0.00031846	3.041e-06
942	0.99128	0.0084016	0.00031945	2.7e-06
943	0.99031	0.0093691	0.00031979	3.0189e-06
944	0.99083	0.0088434	0.00032058	2.8572e-06
945	0.99292	0.0067513	0.00032187	2.1888e-06
946	0.99306	0.0066108	0.00032253	2.1494e-06
947	0.99432	0.0053563	0.00032355	1.7462e-06
948	0.99678	0.0028924	0.00032496	9.4577e-07
949	0.99766	0.0020129	0.00032586	6.5963e-07
950	0.99778	0.0018907	0.0003265	6.2137e-07
951	0.99873	0.00094667	0.00032741	3.1268e-07
952	0.99786	0.0018108	0.00032772	5.9877e-07
953	0.9957	0.0039686	0.0003276	1.3132e-06
954	0.99465	0.0050227	0.00032784	1.6646e-06
955	0.99462	0.0050533	0.00032842	1.6777e-06
956	0.99561	0.0040626	0.00032934	1.3515e-06
957	0.99222	0.0074472	0.00032879	2.4796e-06
958	0.96497	0.034699	0.00032025	1.1573e-05
