#coord	neutral	conserved	gBGC.neutral	gBGC.conserved
1	0.76475	0.23482	0.00032542	0.00010008
2	0.77065	0.22893	0.00032543	9.6815e-05
3	0.78089	0.21869	0.00032725	9.1755e-05
4	0.79783	0.20176	0.00033177	8.3985e-05
5	0.8236	0.17598	0.00033981	7.2685e-05
6	0.86217	0.13742	0.00035288	5.6343e-05
7	0.91358	0.086018	0.00037096	3.5005e-05
8	0.93614	0.063461	0.00037705	2.5647e-05
9	0.96666	0.032938	0.00038621	1.3231e-05
10	0.97853	0.021075	0.00038779	8.408e-06
11	0.98294	0.016672	0.00038637	6.5993e-06
12	0.98962	0.0099899	0.00038584	3.9219e-06
13	0.99231	0.0072986	0.0003837	2.8434e-06
14	0.99661	0.003005	0.00038218	1.1623e-06
15	0.99838	0.0012381	0.00037967	4.7488e-07
16	0.99786	0.0017611	0.00037628	6.686e-07
17	0.99812	0.0015072	0.00037319	5.6718e-07
18	0.99775	0.0018769	0.00036989	6.9891e-07
19	0.99817	0.0014607	0.00036689	5.3825e-07
20	0.99956	7.4052e-05	0.00036423	2.7e-08
21	0.99961	2.7769e-05	0.00036106	1.0033e-08
22	0.99934	0.00030626	0.00035777	1.0996e-07
23	0.99894	0.00070988	0.00035444	2.524e-07
24	0.99919	0.00045699	0.00035137	1.6079e-07
25	0.9993	0.00035368	0.00034822	1.2338e-07
26	0.99932	0.00033312	0.00034507	1.1489e-07
27	0.99833	0.001328	0.00034155	4.5401e-07
28	0.99822	0.0014377	0.00033833	4.875e-07
29	0.99887	0.00079134	0.00033538	2.6561e-07
30	0.99916	0.00050522	0.00033229	1.6815e-07
31	0.99825	0.0014201	0.00032878	4.6914e-07
32	0.99613	0.0035413	0.00032491	1.1578e-06
33	0.99499	0.0046867	0.00032138	1.5162e-06
34	0.99476	0.0049161	0.00031817	1.5729e-06
35	0.99558	0.0041079	0.00031527	1.3006e-06
36	0.99501	0.0046719	0.00031193	1.4645e-06
37	0.99547	0.0042187	0.00030889	1.3101e-06
38	0.99683	0.0028601	0.00030614	8.7932e-07
39	0.99699	0.0027066	0.000303	8.2441e-07
40	0.99795	0.0017486	0.00030012	5.2745e-07
41	0.99807	0.0016338	0.000297	4.873e-07
42	0.99746	0.0022461	0.00029365	6.63e-07
43	0.99761	0.0021018	0.00029054	6.1353e-07
44	0.99696	0.0027545	0.00028718	7.9568e-07
45	0.99718	0.0025371	0.0002841	7.2476e-07
46	0.99829	0.0014327	0.00028127	4.0417e-07
47	0.99871	0.0010158	0.00027824	2.8319e-07
48	0.99876	0.00096477	0.00027508	2.6617e-07
49	0.99953	0.00019839	0.00027214	5.41e-08
50	0.99954	0.00018725	0.000269	5.0214e-08
51	0.99966	7.5558e-05	0.00026588	1.9716e-08
52	0.99958	0.00015255	0.00026272	3.7802e-08
53	0.99878	0.00096425	0.0002594	2.3152e-07
54	0.99723	0.0025144	0.0002559	5.8992e-07
55	0.99678	0.0029672	0.00025267	6.7226e-07
56	0.99736	0.0023859	0.00024967	5.0122e-07
57	0.99704	0.0027137	0.00024649	5.3273e-07
58	0.9957	0.0040541	0.0002431	7.565e-07
59	0.98348	0.016277	0.00023771	2.9747e-06
60	0.97562	0.024144	0.00023319	4.3007e-06
61	0.97038	0.02939	0.00022924	5.0763e-06
62	0.96734	0.032426	0.00022576	5.3934e-06
63	0.96669	0.033082	0.00022275	5.2312e-06
64	0.96157	0.038205	0.0002225	6.5313e-06
65	0.95935	0.040421	0.00022286	7.2027e-06
66	0.95916	0.040608	0.00022367	7.4365e-06
67	0.95405	0.045713	0.0002234	8.7404e-06
68	0.95134	0.048426	0.00022367	9.5083e-06
69	0.95144	0.048331	0.00022455	9.6573e-06
70	0.94632	0.053444	0.00022425	1.0975e-05
71	0.94439	0.055374	0.00022466	1.157e-05
72	0.94537	0.054391	0.00022571	1.1508e-05
73	0.9487	0.051059	0.00022731	1.0912e-05
74	0.95532	0.044437	0.00022963	9.5791e-06
75	0.96513	0.034634	0.00023268	7.5229e-06
76	0.96808	0.031684	0.00023426	6.95e-06
77	0.97382	0.025934	0.00023646	5.7368e-06
78	0.98231	0.017449	0.0002393	3.887e-06
79	0.98563	0.014123	0.000241	3.1774e-06
80	0.98583	0.013922	0.00024199	3.1768e-06
81	0.98745	0.0123	0.00024332	2.8343e-06
82	0.98052	0.01923	0.0002426	4.5593e-06
83	0.97642	0.023329	0.00024254	5.6011e-06
84	0.97425	0.025498	0.00024297	6.1706e-06
85	0.9742	0.02555	0.0002439	6.221e-06
86	0.97033	0.029423	0.00024387	7.223e-06
87	0.96896	0.03079	0.00024445	7.6061e-06
88	0.96943	0.03032	0.00024549	7.5274e-06
89	0.9722	0.027549	0.00024711	6.8705e-06
90	0.97774	0.022006	0.00024941	5.5121e-06
91	0.98683	0.012916	0.00025261	3.252e-06
92	0.99022	0.0095237	0.00025439	2.4095e-06
93	0.99115	0.0085875	0.00025555	2.1859e-06
94	0.99002	0.0097185	0.00025618	2.49e-06
95	0.99014	0.0096018	0.00025714	2.4715e-06
96	0.99181	0.0079336	0.00025849	2.0512e-06
97	0.99144	0.0082955	0.00025932	2.1543e-06
98	0.99252	0.0072199	0.00026052	1.8828e-06
99	0.99518	0.0045567	0.00026212	1.1941e-06
100	0.99335	0.0063837	0.00026256	1.6819e-06
101	0.99288	0.0068505	0.00026333	1.8133e-06
102	0.99372	0.0060165	0.00026444	1.6007e-06
103	0.99287	0.0068597	0.00026512	1.8331e-06
104	0.99337	0.0063604	0.00026613	1.7083e-06
105	0.99501	0.0047238	0.00026747	1.2755e-06
106	0.99509	0.0046417	0.00026839	1.2585e-06
107	0.99363	0.0060971	0.0002689	1.6578e-06
108	0.99329	0.0064343	0.00026971	1.7544e-06
109	0.99428	0.0054515	0.00027088	1.4925e-06
110	0.99642	0.0033044	0.00027237	9.088e-07
111	0.99705	0.0026806	0.00027345	7.3955e-07
112	0.99673	0.002993	0.00027427	8.2861e-07
113	0.9973	0.0024274	0.00027533	6.7459e-07
114	0.99879	0.00093227	0.00027666	2.6061e-07
115	0.96919	0.030528	0.00026928	8.5397e-06
116	0.94892	0.050798	0.00026445	1.4266e-05
117	0.9354	0.064324	0.00026146	1.8134e-05
118	0.92595	0.073773	0.00025962	2.0868e-05
119	0.92064	0.079078	0.00025892	2.2449e-05
120	0.9188	0.080914	0.00025918	2.3057e-05
121	0.91958	0.080135	0.00026019	2.2921e-05
122	0.92304	0.076681	0.00026197	2.2018e-05
123	0.92944	0.07028	0.00026461	2.0261e-05
124	0.92884	0.070876	0.00026526	2.0499e-05
125	0.93074	0.068978	0.00026664	2.0015e-05
126	0.93527	0.064438	0.00026879	1.8759e-05
127	0.9334	0.066307	0.0002691	1.9352e-05
128	0.93453	0.065177	0.00027027	1.908e-05
129	0.93894	0.060766	0.00027238	1.7852e-05
130	0.93771	0.062002	0.00027283	1.8274e-05
131	0.93881	0.060903	0.00027397	1.8009e-05
132	0.94236	0.05735	0.00027585	1.7016e-05
133	0.93992	0.059786	0.00027597	1.7783e-05
134	0.9405	0.059205	0.00027697	1.7665e-05
135	0.94344	0.056268	0.00027868	1.6842e-05
136	0.94899	0.050716	0.00028118	1.5229e-05
137	0.95843	0.041277	0.00028484	1.2448e-05
138	0.97175	0.027954	0.00028969	8.4766e-06
139	0.97039	0.029307	0.00029015	8.9065e-06
140	0.97082	0.028877	0.00029116	8.7981e-06
141	0.97307	0.026631	0.00029272	8.1362e-06
142	0.9773	0.0224	0.0002949	6.8629e-06
143	0.97751	0.022189	0.00029587	6.8096e-06
144	0.97938	0.020315	0.00029735	6.2451e-06
145	0.98349	0.016206	0.00029951	4.9931e-06
146	0.98438	0.015314	0.00030067	4.7285e-06
147	0.9868	0.01289	0.00030231	3.988e-06
148	0.99136	0.0083372	0.0003046	2.587e-06
149	0.99281	0.006882	0.00030595	2.1388e-06
150	0.99262	0.0070689	0.00030678	2.2003e-06
151	0.99381	0.0058842	0.00030802	1.8372e-06
152	0.99622	0.0034661	0.00030965	1.0857e-06
153	0.99714	0.002551	0.00031081	8.0244e-07
154	0.99463	0.0050553	0.0003109	1.5905e-06
155	0.99354	0.0061506	0.00031141	1.9413e-06
156	0.98999	0.0096957	0.00031116	3.0663e-06
157	0.98797	0.011717	0.00031139	3.7136e-06
158	0.98758	0.012104	0.00031212	3.8483e-06
159	0.98397	0.015708	0.00031184	5.005e-06
160	0.98245	0.017229	0.0003122	5.5063e-06
161	0.98244	0.017237	0.00031306	5.5245e-06
162	0.97904	0.020644	0.00031283	6.6298e-06
163	0.96931	0.030374	0.00031057	9.7644e-06
164	0.96341	0.036265	0.00030952	1.1686e-05
165	0.96054	0.03914	0.00030942	1.2649e-05
166	0.95141	0.048266	0.00030727	1.5647e-05
167	0.94537	0.054305	0.00030612	1.7652e-05
168	0.94256	0.057113	0.000306	1.8619e-05
169	0.94207	0.057602	0.00030664	1.883e-05
170	0.94456	0.055112	0.00030824	1.8072e-05
171	0.92867	0.070998	0.00030378	2.3355e-05
172	0.91739	0.082278	0.00030084	2.7137e-05
173	0.91092	0.088751	0.00029944	2.9355e-05
174	0.90835	0.091321	0.00029931	3.0296e-05
175	0.90849	0.091179	0.00030009	3.0337e-05
176	0.90133	0.098337	0.00029843	3.2814e-05
177	0.89737	0.1023	0.00029783	3.4229e-05
178	0.8963	0.10337	0.0002982	3.4678e-05
179	0.89804	0.10162	0.00029952	3.4182e-05
180	0.90278	0.096889	0.00030186	3.2673e-05
181	0.912	0.08766	0.00030571	2.965e-05
182	0.92702	0.072649	0.0003115	2.467e-05
183	0.94767	0.051988	0.00031924	1.7746e-05
184	0.956	0.043663	0.00032282	1.4976e-05
185	0.95762	0.042044	0.00032414	1.4469e-05
186	0.95405	0.045614	0.00032369	1.5732e-05
187	0.94315	0.056513	0.0003207	1.9529e-05
188	0.93579	0.063873	0.00031893	2.2117e-05
189	0.93203	0.067626	0.00031837	2.3478e-05
190	0.93083	0.068826	0.0003187	2.3959e-05
191	0.93267	0.066985	0.00032007	2.3395e-05
192	0.93712	0.062533	0.00032235	2.1919e-05
193	0.8894	0.11026	0.00030644	3.864e-05
194	0.85651	0.14315	0.00029561	5.0267e-05
195	0.83426	0.16539	0.00028845	5.8223e-05
196	0.78224	0.21742	0.0002707	7.6751e-05
197	0.74343	0.25622	0.00025759	9.0656e-05
198	0.7148	0.28485	0.00024803	0.000101
199	0.6941	0.30555	0.00024127	0.00010857
200	0.68119	0.31846	0.0002372	0.00011342
201	0.67317	0.32648	0.00023486	0.00011655
202	0.64553	0.35412	0.00022555	0.00012666
203	0.62554	0.3741	0.00021895	0.00013407
204	0.61179	0.38785	0.00021455	0.00013927
205	0.60312	0.39652	0.00021195	0.00014269
206	0.59894	0.40071	0.00021094	0.00014451
207	0.60026	0.39938	0.00021189	0.00014437
208	0.58723	0.41242	0.0002077	0.00014937
209	0.57918	0.42047	0.00020529	0.00015259
210	0.54911	0.45053	0.00019499	0.00016372
211	0.52733	0.47231	0.00018763	0.0001719
212	0.51211	0.48753	0.00018262	0.00017774
213	0.50228	0.49736	0.00017953	0.00018166
214	0.47022	0.52942	0.00016845	0.00019359
215	0.39498	0.60466	0.00014169	0.00022117
216	0.33827	0.66137	0.00012156	0.00024214
217	0.29565	0.70398	0.00010646	0.00025808
218	0.26686	0.73277	9.6272e-05	0.00026909
219	0.24555	0.75408	8.8773e-05	0.00027742
220	0.2301	0.76953	8.3385e-05	0.00028365
221	0.18525	0.81438	6.7239e-05	0.00030062
222	0.1546	0.84503	5.618e-05	0.0003125
223	0.13162	0.86802	4.7899e-05	0.0003216
224	0.11626	0.88337	4.2364e-05	0.00032795
225	0.10507	0.89456	3.8351e-05	0.00033278
226	0.097184	0.90244	3.5543e-05	0.00033641
227	0.092735	0.90689	3.3983e-05	0.00033878
228	0.091301	0.90832	3.3525e-05	0.00034005
229	0.092684	0.90694	3.4103e-05	0.00034027
230	0.096148	0.90348	3.5463e-05	0.00033971
231	0.102	0.89762	3.7728e-05	0.00033825
232	0.1117	0.88792	4.1428e-05	0.00033534
233	0.1251	0.87453	4.654e-05	0.00033103
234	0.1433	0.85632	5.3495e-05	0.00032488
235	0.14713	0.85249	5.5063e-05	0.00032411
236	0.15511	0.84451	5.8197e-05	0.00032178
237	0.16675	0.83287	6.2741e-05	0.00031803
238	0.14926	0.85036	5.6227e-05	0.00032534
239	0.13648	0.86313	5.149e-05	0.00033087
240	0.12851	0.8711	4.8552e-05	0.00033459
241	0.1245	0.87511	4.7107e-05	0.00033682
242	0.12295	0.87667	4.66e-05	0.00033811
243	0.12376	0.87585	4.7007e-05	0.00033849
244	0.12702	0.8726	4.8358e-05	0.00033792
245	0.13387	0.86574	5.1089e-05	0.00033597
246	0.14399	0.85562	5.51e-05	0.00033274
247	0.15963	0.83998	6.1247e-05	0.00032737
248	0.18078	0.81883	6.9565e-05	0.00031983
249	0.20918	0.79043	8.0753e-05	0.00030943
250	0.2502	0.74941	9.6879e-05	0.00029408
251	0.30439	0.69522	0.00011824	0.00027349
252	0.37618	0.62343	0.00014664	0.00024587
253	0.40665	0.59296	0.00015888	0.00023441
254	0.44749	0.55212	0.00017528	0.00021878
255	0.5018	0.4978	0.0001971	0.00019774
256	0.5214	0.47821	0.00020524	0.00019038
257	0.54853	0.45107	0.00021641	0.00017998
258	0.58526	0.41435	0.00023148	0.00016569
259	0.63459	0.36501	0.00025169	0.00014627
260	0.7004	0.2992	0.00027863	0.00012012
261	0.79645	0.20315	0.00031777	8.1763e-05
262	0.83505	0.16455	0.00033397	6.6354e-05
263	0.85	0.1496	0.00034066	6.0445e-05
264	0.8733	0.1263	0.00035071	5.116e-05
265	0.90482	0.094773	0.00036415	3.8487e-05
266	0.91801	0.081587	0.00037019	3.3218e-05
267	0.93647	0.063126	0.0003784	2.5773e-05
268	0.94261	0.056989	0.00038164	2.3314e-05
269	0.94237	0.057226	0.00038227	2.3451e-05
270	0.94445	0.055148	0.00038385	2.2639e-05
271	0.94897	0.050628	0.00038645	2.0818e-05
272	0.95631	0.04328	0.00039024	1.7821e-05
273	0.96824	0.031352	0.0003959	1.2933e-05
274	0.97236	0.027232	0.00039837	1.1246e-05
275	0.9795	0.020089	0.00040209	8.3076e-06
276	0.99058	0.0090115	0.00040742	3.7366e-06
277	0.99506	0.0045323	0.00041004	1.8816e-06
278	0.99436	0.005228	0.00041051	2.1713e-06
279	0.99469	0.0048958	0.00041142	2.0344e-06
280	0.99371	0.0058742	0.00041176	2.4431e-06
281	0.99379	0.0057904	0.00041256	2.41e-06
282	0.99216	0.0074237	0.00041263	3.0934e-06
283	0.99171	0.0078761	0.00041319	3.2848e-06
284	0.98926	0.01032	0.00041292	4.3102e-06
285	0.98821	0.011375	0.00041323	4.7557e-06
286	0.98407	0.015512	0.00041223	6.4951e-06
287	0.98204	0.017537	0.0004121	7.3574e-06
288	0.98187	0.017708	0.00041274	7.4455e-06
289	0.98353	0.016046	0.00041413	6.765e-06
290	0.98686	0.01272	0.00041624	5.3768e-06
291	0.99208	0.0074948	0.00041917	3.1773e-06
292	0.98502	0.01456	0.00041687	6.187e-06
293	0.98073	0.018848	0.00041574	8.029e-06
294	0.97829	0.021286	0.00041539	9.0846e-06
295	0.97041	0.029164	0.00041271	1.2474e-05
296	0.96518	0.03439	0.00041116	1.4733e-05
297	0.96224	0.037335	0.00041059	1.6018e-05
298	0.96187	0.037701	0.00041111	1.6206e-05
299	0.96349	0.036086	0.00041248	1.5541e-05
300	0.96718	0.032393	0.00041477	1.3974e-05
301	0.95694	0.042628	0.00041108	1.8391e-05
302	0.95069	0.04888	0.00040908	2.1114e-05
303	0.94703	0.052534	0.0004082	2.2719e-05
304	0.94635	0.053215	0.00040858	2.3048e-05
305	0.94788	0.051685	0.00040993	2.2416e-05
306	0.95249	0.047078	0.00041261	2.0451e-05
307	0.95135	0.048216	0.00041278	2.0981e-05
308	0.95237	0.047197	0.0004139	2.0569e-05
309	0.95617	0.043398	0.00041621	1.8948e-05
310	0.96255	0.037014	0.00041968	1.6187e-05
311	0.97197	0.027593	0.0004245	1.2078e-05
312	0.98656	0.013006	0.00043158	5.698e-06
313	0.98728	0.012287	0.00043257	5.3912e-06
314	0.9897	0.0098587	0.00043431	4.3355e-06
315	0.99375	0.0058142	0.00043676	2.5623e-06
316	0.99509	0.0044666	0.00043805	1.9702e-06
317	0.99505	0.0045076	0.00043871	1.9912e-06
318	0.9935	0.006061	0.00043871	2.6785e-06
319	0.98951	0.010051	0.00043762	4.448e-06
320	0.98713	0.01243	0.00043725	5.5059e-06
321	0.98651	0.013045	0.00043765	5.7872e-06
322	0.98724	0.012316	0.00043865	5.4692e-06
323	0.98559	0.013967	0.00043858	6.211e-06
324	0.98536	0.014193	0.00043915	6.3174e-06
325	0.98682	0.012733	0.00044046	5.6737e-06
326	0.99015	0.0093994	0.0004426	4.1941e-06
327	0.99589	0.0036659	0.0004458	1.6412e-06
328	0.99301	0.006537	0.00044516	2.9321e-06
329	0.99146	0.0080903	0.00044513	3.6322e-06
330	0.99112	0.0084318	0.00044564	3.7873e-06
331	0.99218	0.0073742	0.00044677	3.3149e-06
332	0.99477	0.0047827	0.00044858	2.1516e-06
333	0.9993	0.00024847	0.00045126	1.1156e-07
334	0.99858	0.00096434	0.00045157	4.3465e-07
335	0.99865	0.00089847	0.00045221	4.0558e-07
336	0.99952	2.4226e-05	0.00045321	1.0953e-08
337	0.99937	0.00017645	0.00045373	8.0326e-08
338	0.99537	0.0041799	0.00045251	1.9023e-06
339	0.99314	0.006406	0.00045208	2.9218e-06
340	0.99214	0.0074078	0.00045222	3.3827e-06
341	0.99252	0.0070279	0.00045297	3.2157e-06
342	0.99406	0.0054802	0.00045427	2.5119e-06
343	0.99073	0.0088134	0.00045332	4.0464e-06
344	0.98886	0.010683	0.00045304	4.9097e-06
345	0.98856	0.010979	0.00045348	5.0547e-06
346	0.98549	0.014049	0.00045262	6.4816e-06
347	0.984	0.01554	0.0004525	7.1801e-06
348	0.98397	0.015569	0.00045306	7.2024e-06
349	0.9854	0.014138	0.00045431	6.5471e-06
350	0.98883	0.010706	0.00045647	4.9678e-06
351	0.99417	0.005371	0.00045953	2.4981e-06
352	0.98885	0.010684	0.00045764	4.97e-06
353	0.98544	0.014098	0.00045663	6.5618e-06
354	0.98402	0.015517	0.00045654	7.2327e-06
355	0.98406	0.015478	0.00045713	7.2235e-06
356	0.98554	0.013994	0.00045841	6.5382e-06
357	0.98858	0.010955	0.00046042	5.1205e-06
358	0.99387	0.0056642	0.00046348	2.6499e-06
359	0.99583	0.0037042	0.00046497	1.7362e-06
360	0.99626	0.0032743	0.00046576	1.5356e-06
361	0.99566	0.0038725	0.00046605	1.8182e-06
362	0.996	0.0035329	0.00046679	1.66e-06
363	0.99513	0.0044021	0.00046697	2.0676e-06
364	0.99543	0.0041017	0.00046769	1.9281e-06
365	0.98992	0.0096051	0.00046569	4.512e-06
366	0.98669	0.012838	0.00046474	6.0383e-06
367	0.98538	0.014152	0.00046468	6.6667e-06
368	0.98547	0.014056	0.00046529	6.6274e-06
369	0.98734	0.012189	0.00046673	5.7543e-06
370	0.99124	0.0082909	0.00046911	3.9225e-06
371	0.99231	0.0072142	0.00047017	3.4177e-06
372	0.99161	0.0079118	0.00047038	3.7552e-06
373	0.99206	0.0074613	0.00047114	3.5457e-06
374	0.99394	0.0055883	0.00047257	2.6615e-06
375	0.99716	0.0023656	0.00047466	1.1296e-06
376	0.9985	0.0010205	0.00047586	4.881e-07
377	0.99909	0.00043215	0.00047671	2.0649e-07
378	0.99943	9.6479e-05	0.00047743	4.609e-08
379	0.99946	6.061e-05	0.00047799	2.9105e-08
380	0.99861	0.00091196	0.00047813	4.3797e-07
381	0.99848	0.0010442	0.00047863	5.0188e-07
382	0.99794	0.0015848	0.00047892	7.6335e-07
383	0.99658	0.0029445	0.0004788	1.4222e-06
384	0.99314	0.0063787	0.00047769	3.0834e-06
385	0.99137	0.0081448	0.00047736	3.9449e-06
386	0.99084	0.0086767	0.00047764	4.2091e-06
387	0.9915	0.0080159	0.00047851	3.8946e-06
388	0.99341	0.0061107	0.00048	2.974e-06
389	0.99669	0.0028288	0.00048216	1.3798e-06
390	0.99798	0.0015342	0.00048337	7.4892e-07
391	0.99341	0.0061014	0.00048171	2.9707e-06
392	0.99049	0.0090223	0.00048087	4.3932e-06
393	0.98923	0.01028	0.00048081	5.0121e-06
394	0.98925	0.010262	0.00048139	5.0084e-06
395	0.99079	0.0087224	0.0004827	4.2647e-06
396	0.99373	0.0057861	0.0004847	2.8339e-06
397	0.9947	0.0048084	0.00048573	2.3607e-06
398	0.99422	0.0052958	0.00048605	2.6029e-06
399	0.99475	0.0047632	0.00048689	2.3436e-06
400	0.99383	0.0056775	0.00048702	2.7929e-06
401	0.99398	0.0055326	0.00048769	2.7209e-06
402	0.99542	0.0040883	0.00048898	2.0115e-06
403	0.99837	0.001143	0.000491	5.6362e-07
404	0.99836	0.0011507	0.00049157	5.6737e-07
405	0.99791	0.0015941	0.00049192	7.8696e-07
406	0.99676	0.0027482	0.0004919	1.3599e-06
407	0.99651	0.0029957	0.00049234	1.4841e-06
408	0.99714	0.0023634	0.00049323	1.1715e-06
409	0.99701	0.0024937	0.00049372	1.2378e-06
410	0.99584	0.0036683	0.00049371	1.821e-06
411	0.99563	0.0038765	0.00049418	1.9241e-06
412	0.99417	0.0053313	0.00049402	2.6479e-06
413	0.994	0.0054986	0.00049449	2.7348e-06
414	0.9951	0.0044017	0.00049558	2.1943e-06
415	0.99733	0.002171	0.00049724	1.085e-06
416	0.99818	0.001326	0.00049822	6.6364e-07
417	0.99844	0.0010595	0.0004989	5.3194e-07
418	0.99061	0.0088888	0.00049553	4.4606e-06
419	0.98566	0.013843	0.00049358	6.9592e-06
420	0.98259	0.016908	0.00049259	8.5084e-06
421	0.97367	0.025825	0.00048866	1.2997e-05
422	0.96758	0.03192	0.00048616	1.6069e-05
423	0.96384	0.035656	0.00048486	1.7956e-05
424	0.96264	0.036854	0.00048481	1.8574e-05
425	0.96383	0.035666	0.00048595	1.7994e-05
426	0.96766	0.031832	0.00048841	1.6082e-05
427	0.97391	0.025586	0.00049211	1.2939e-05
428	0.98386	0.015639	0.00049767	7.9241e-06
429	0.99765	0.0018417	0.00050521	9.3487e-07
430	0.99585	0.0036438	0.00050484	1.8523e-06
431	0.99139	0.0081028	0.00050312	4.1192e-06
432	0.9886	0.01089	0.00050226	5.5374e-06
433	0.98725	0.01224	0.00050214	6.2243e-06
434	0.9875	0.011992	0.00050282	6.1016e-06
435	0.98938	0.010113	0.00050432	5.1506e-06
436	0.98392	0.015571	0.00050209	7.9326e-06
437	0.98086	0.018627	0.00050107	9.4996e-06
438	0.97989	0.019601	0.00050109	1.0009e-05
439	0.98048	0.019013	0.00050193	9.7166e-06
440	0.98302	0.016467	0.00050375	8.4243e-06
441	0.98785	0.01164	0.00050673	5.9645e-06
442	0.98548	0.014009	0.00050601	7.1944e-06
443	0.9846	0.014888	0.00050606	7.6562e-06
444	0.98512	0.014362	0.00050685	7.3922e-06
445	0.98749	0.011998	0.00050857	6.1842e-06
446	0.99154	0.0079494	0.00051118	4.1005e-06
447	0.99821	0.0012774	0.00051513	6.6362e-07
448	0.99522	0.0042592	0.0005141	2.2137e-06
449	0.99372	0.0057657	0.00051381	3.0032e-06
450	0.99331	0.0061744	0.00051411	3.2221e-06
451	0.99087	0.0086163	0.00051336	4.4984e-06
452	0.98974	0.009738	0.00051331	5.0874e-06
453	0.98987	0.0096117	0.00051391	5.0253e-06
454	0.99124	0.0082413	0.00051518	4.3117e-06
455	0.99396	0.0055229	0.00051716	2.8893e-06
456	0.9987	0.00078098	0.00052019	4.0894e-07
457	0.98839	0.011093	0.00051534	5.7955e-06
458	0.98104	0.018438	0.00051205	9.6336e-06
459	0.97614	0.023343	0.00051004	1.2199e-05
460	0.96401	0.035468	0.00050423	1.8548e-05
461	0.95627	0.043203	0.00050069	2.2621e-05
462	0.95207	0.04741	0.00049898	2.4858e-05
463	0.79952	0.19995	0.00041941	0.00010496
464	0.69282	0.30666	0.00036367	0.00016122
465	0.61236	0.38712	0.00032173	0.00020368
466	0.55737	0.44211	0.00029306	0.00023287
467	0.51629	0.48319	0.00027172	0.00025474
468	0.48891	0.51056	0.00025753	0.00026945
469	0.47141	0.52806	0.0002485	0.00027898
470	0.45956	0.53991	0.00024247	0.00028552
471	0.45376	0.54571	0.00023961	0.00028889
472	0.45327	0.5462	0.00023953	0.00028946
473	0.43738	0.56209	0.00023132	0.00029817
474	0.42691	0.57256	0.00022598	0.00030402
475	0.42221	0.57726	0.00022367	0.00030682
476	0.3414	0.65807	0.00018079	0.00035019
477	0.28038	0.71908	0.00014845	0.00038302
478	0.2379	0.76157	0.0001259	0.00040606
479	0.20587	0.7936	0.00010892	0.00042353
480	0.18186	0.81761	9.6225e-05	0.00043672
481	0.16414	0.83533	8.688e-05	0.00044657
482	0.15132	0.84814	8.0148e-05	0.0004538
483	0.1424	0.85706	7.5493e-05	0.00045897
484	0.13663	0.86283	7.2517e-05	0.00046245
485	0.13459	0.86488	7.1509e-05	0.00046397
486	0.1198	0.87967	6.3718e-05	0.00047227
487	0.11015	0.88931	5.8638e-05	0.00047785
488	0.1046	0.89487	5.5722e-05	0.00048126
489	0.10148	0.89798	5.4119e-05	0.00048336
490	0.088206	0.91126	4.7055e-05	0.00049091
491	0.078448	0.92101	4.1878e-05	0.00049659
492	0.071514	0.92795	3.8215e-05	0.00050075
493	0.067521	0.93194	3.6113e-05	0.00050334
494	0.066088	0.93337	3.5375e-05	0.00050456
495	0.067013	0.93245	3.5896e-05	0.00050452
496	0.060238	0.93922	3.2277e-05	0.00050862
497	0.056347	0.94311	3.0197e-05	0.00051117
498	0.054112	0.94535	2.9014e-05	0.00051283
499	0.053904	0.94555	2.8916e-05	0.0005134
500	0.055697	0.94376	2.989e-05	0.00051289
501	0.059121	0.94034	3.1753e-05	0.0005115
502	0.065139	0.93432	3.5009e-05	0.0005087
503	0.073577	0.92588	3.9585e-05	0.00050459
504	0.086245	0.91321	4.644e-05	0.00049819
505	0.10325	0.89621	5.5664e-05	0.00048943
506	0.12592	0.87354	6.7995e-05	0.00047756
507	0.13264	0.86681	7.1705e-05	0.00047432
508	0.12974	0.86971	7.0192e-05	0.00047631
509	0.13007	0.86938	7.0429e-05	0.00047654
510	0.13284	0.86661	7.2002e-05	0.00047544
511	0.13825	0.8612	7.5032e-05	0.00047288
512	0.14677	0.85268	7.9784e-05	0.00046861
513	0.16064	0.83882	8.7458e-05	0.0004614
514	0.17956	0.81989	9.7941e-05	0.0004514
515	0.20497	0.79448	0.00011204	0.00043778
516	0.24247	0.75698	0.00013279	0.0004175
517	0.23895	0.7605	0.00013097	0.00041978
518	0.23971	0.75974	0.00013149	0.00041972
519	0.24508	0.75437	0.00013453	0.00041713
520	0.21197	0.78748	0.00011636	0.00043575
521	0.18928	0.81016	0.0001039	0.00044866
522	0.17254	0.8269	9.4724e-05	0.00045829
523	0.16048	0.83897	8.814e-05	0.00046533
524	0.15218	0.84727	8.3637e-05	0.00047029
525	0.14706	0.85239	8.0898e-05	0.00047349
526	0.12938	0.87007	7.1198e-05	0.00048365
527	0.11787	0.88158	6.488e-05	0.00049041
528	0.10981	0.88963	6.0476e-05	0.00049527
529	0.085001	0.91444	4.6813e-05	0.00050939
530	0.066164	0.93328	3.6453e-05	0.00052021
531	0.053113	0.94633	2.9259e-05	0.00052786
532	0.04332	0.95612	2.387e-05	0.0005337
533	0.036709	0.96273	2.0225e-05	0.0005378
534	0.031869	0.96757	1.7563e-05	0.00054092
535	0.029013	0.97043	1.5989e-05	0.00054294
536	0.027242	0.9722	1.5021e-05	0.00054436
537	0.026422	0.97302	1.4583e-05	0.00054525
538	0.026491	0.97295	1.4642e-05	0.00054565
539	0.027454	0.97199	1.5203e-05	0.00054555
540	0.029407	0.97003	1.6323e-05	0.0005449
541	0.026008	0.97343	1.4461e-05	0.00054723
542	0.024191	0.97525	1.3471e-05	0.00054868
543	0.023627	0.97581	1.3175e-05	0.00054943
544	0.018256	0.98118	1.0178e-05	0.00055288
545	0.014171	0.98527	7.9024e-06	0.00055561
546	0.011051	0.98839	6.1672e-06	0.0005578
547	0.0086516	0.99078	4.8355e-06	0.00055959
548	0.0070761	0.99236	3.9585e-06	0.00056092
549	0.0061043	0.99333	3.4152e-06	0.00056191
550	0.0053829	0.99405	3.0135e-06	0.00056276
551	0.0048553	0.99458	2.7213e-06	0.00056351
552	0.0046717	0.99476	2.6191e-06	0.00056406
553	0.0046083	0.99482	2.5854e-06	0.00056454
554	0.0046692	0.99476	2.6228e-06	0.00056496
555	0.0048592	0.99457	2.7341e-06	0.00056531
556	0.0051932	0.99424	2.9283e-06	0.00056558
557	0.0056974	0.99373	3.2209e-06	0.00056575
558	0.0064112	0.99302	3.6351e-06	0.0005658
559	0.0073789	0.99205	4.1973e-06	0.00056572
560	0.0089686	0.99046	5.113e-06	0.00056527
561	0.011339	0.98809	6.4734e-06	0.00056437
562	0.014792	0.98464	8.4508e-06	0.00056284
563	0.019274	0.98015	1.1027e-05	0.00056072
564	0.025868	0.97356	1.481e-05	0.00055739
565	0.020491	0.97894	1.1748e-05	0.0005609
566	0.016863	0.98256	9.6777e-06	0.00056342
567	0.014184	0.98524	8.1539e-06	0.0005654
568	0.012536	0.98689	7.2159e-06	0.00056678
569	0.011765	0.98766	6.7778e-06	0.00056765
570	0.011763	0.98766	6.7791e-06	0.00056808
571	0.01253	0.98689	7.2204e-06	0.00056806
572	0.0096925	0.98973	5.5881e-06	0.00057012
573	0.0077531	0.99167	4.4689e-06	0.00057166
574	0.0062474	0.99318	3.6024e-06	0.00057295
575	0.0052476	0.99418	3.0245e-06	0.00057395
576	0.0044492	0.99497	2.5648e-06	0.00057483
577	0.0039864	0.99544	2.296e-06	0.00057551
578	0.0036209	0.9958	2.0851e-06	0.00057614
579	0.0033242	0.9961	1.9151e-06	0.00057673
580	0.0032315	0.99619	1.8604e-06	0.0005772
581	0.003172	0.99625	1.826e-06	0.00057766
582	0.0031339	0.99629	1.805e-06	0.0005781
583	0.0031214	0.9963	1.7997e-06	0.00057853
584	0.0032898	0.99613	1.8966e-06	0.00057886
585	0.0034905	0.99593	2.0132e-06	0.00057916
586	0.0037387	0.99568	2.1584e-06	0.00057944
587	0.0040531	0.99536	2.3434e-06	0.00057969
588	0.0046537	0.99476	2.692e-06	0.00057976
589	0.0054119	0.99401	3.134e-06	0.00057975
590	0.0063762	0.99304	3.6984e-06	0.00057962
591	0.0076197	0.9918	4.4286e-06	0.00057932
592	0.0092369	0.99018	5.3811e-06	0.00057881
593	0.011654	0.98776	6.7995e-06	0.00057782
594	0.015262	0.98415	8.9111e-06	0.00057614
595	0.019946	0.97947	1.1662e-05	0.00057382
596	0.026062	0.97335	1.5264e-05	0.00057065
597	0.034115	0.9653	2.0022e-05	0.00056633
598	0.045693	0.95372	2.6852e-05	0.00055993
599	0.04908	0.95033	2.8864e-05	0.00055834
600	0.046762	0.95265	2.7516e-05	0.0005601
601	0.046424	0.95299	2.7325e-05	0.0005607
602	0.039684	0.95973	2.3349e-05	0.00056508
603	0.034775	0.96464	2.0461e-05	0.00056837
604	0.031928	0.96748	1.878e-05	0.00057045
605	0.030744	0.96867	1.8072e-05	0.00057155
606	0.030582	0.96883	1.7973e-05	0.00057205
607	0.031831	0.96758	1.8699e-05	0.00057171
608	0.034172	0.96524	2.0074e-05	0.00057073
609	0.037813	0.9616	2.2222e-05	0.00056898
610	0.04304	0.95637	2.5314e-05	0.00056629
611	0.042533	0.95687	2.502e-05	0.00056698
612	0.043261	0.95615	2.546e-05	0.00056694
613	0.045804	0.9536	2.6966e-05	0.00056582
614	0.049865	0.94954	2.9378e-05	0.00056381
615	0.055752	0.94365	3.2882e-05	0.0005607
616	0.043626	0.95578	2.5734e-05	0.00056826
617	0.03448	0.96493	2.0352e-05	0.00057405
618	0.028368	0.97104	1.6748e-05	0.00057805
619	0.023848	0.97556	1.4089e-05	0.00058112
620	0.020973	0.97843	1.2394e-05	0.00058321
621	0.019377	0.98003	1.1451e-05	0.00058454
622	0.018525	0.98088	1.0953e-05	0.00058544
623	0.018371	0.98103	1.0873e-05	0.00058592
624	0.019213	0.98019	1.138e-05	0.0005858
625	0.021158	0.97824	1.2539e-05	0.00058503
626	0.02402	0.97538	1.4249e-05	0.00058371
627	0.028016	0.97139	1.6643e-05	0.00058171
628	0.034203	0.9652	2.0339e-05	0.0005784
629	0.042474	0.95693	2.5293e-05	0.00057384
630	0.054481	0.94492	3.2473e-05	0.00056705
631	0.071752	0.92765	4.2787e-05	0.00055711
632	0.076842	0.92256	4.5851e-05	0.00055443
633	0.084359	0.91504	5.0384e-05	0.00055028
634	0.083409	0.91599	4.9856e-05	0.0005512
635	0.085004	0.91439	5.0844e-05	0.0005506
636	0.089348	0.91005	5.3474e-05	0.00054834
637	0.097185	0.90221	5.8189e-05	0.000544
638	0.10817	0.89122	6.4816e-05	0.00053774
639	0.12323	0.87617	7.3913e-05	0.00052903
640	0.14572	0.85368	8.7473e-05	0.00051584
641	0.17555	0.82384	0.0001055	0.00049818
642	0.21517	0.78422	0.00012951	0.00047456
643	0.22832	0.77108	0.00013756	0.00046689
644	0.24855	0.75085	0.00014989	0.00045494
645	0.27899	0.72041	0.00016838	0.00043682
646	0.32389	0.67551	0.00019558	0.00040998
647	0.38328	0.61612	0.00023165	0.00037428
648	0.46982	0.52958	0.00028411	0.00032218
649	0.47596	0.52343	0.00028801	0.00031865
650	0.48825	0.51114	0.00029561	0.00031141
651	0.5063	0.49309	0.00030675	0.00030063
652	0.53161	0.46778	0.00032235	0.00028541
653	0.56913	0.43026	0.00034536	0.00026275
654	0.61926	0.38013	0.00037615	0.00023234
655	0.63774	0.36165	0.00038769	0.00022117
656	0.66594	0.33345	0.00040516	0.00020408
657	0.70407	0.29532	0.00042876	0.00018085
658	0.76038	0.23901	0.00046346	0.00014651
659	0.83535	0.16404	0.00050973	0.00010062
660	0.93442	0.064972	0.00057096	3.9773e-05
661	0.93509	0.064303	0.00057173	3.937e-05
662	0.93883	0.06056	0.00057437	3.7092e-05
663	0.94612	0.053269	0.00057917	3.2644e-05
664	0.95685	0.04254	0.0005861	2.6069e-05
665	0.97345	0.025936	0.00059663	1.5894e-05
666	0.98047	0.018921	0.00060125	1.1603e-05
667	0.99046	0.0089284	0.00060774	5.4677e-06
668	0.9907	0.0086853	0.00060822	5.3199e-06
669	0.98873	0.010653	0.00060736	6.5236e-06
670	0.98835	0.011039	0.00060746	6.7605e-06
671	0.9895	0.0098899	0.00060848	6.0584e-06
672	0.99239	0.0069956	0.00061056	4.2868e-06
673	0.99315	0.0062328	0.00061132	3.8241e-06
674	0.99243	0.0069562	0.00061116	4.2767e-06
675	0.99282	0.0065634	0.00061169	4.0392e-06
676	0.99462	0.0047638	0.00061308	2.938e-06
677	0.99479	0.0045971	0.00061347	2.8387e-06
678	0.99346	0.0059234	0.00061296	3.6589e-06
679	0.99345	0.005938	0.00061323	3.6722e-06
680	0.9945	0.0048831	0.00061419	3.0218e-06
681	0.99699	0.0023899	0.00061602	1.4846e-06
682	0.99615	0.0032285	0.00061579	2.0071e-06
683	0.99623	0.0031546	0.00061615	1.9627e-06
684	0.99722	0.0021624	0.00061709	1.347e-06
685	0.99517	0.0042141	0.00061615	2.619e-06
686	0.99045	0.0089331	0.00061353	5.5522e-06
687	0.98785	0.011529	0.00061222	7.1741e-06
688	0.98668	0.012695	0.00061181	7.9044e-06
689	0.98241	0.016968	0.00060944	1.0574e-05
690	0.97997	0.01941	0.00060823	1.2101e-05
691	0.97917	0.020212	0.00060806	1.2605e-05
692	0.98034	0.019044	0.00060909	1.1886e-05
693	0.98316	0.016223	0.00061117	1.0133e-05
694	0.98833	0.011051	0.0006147	6.9182e-06
695	0.99585	0.0035329	0.00061971	2.2292e-06
696	0.99932	5.5186e-05	0.00062222	5.53e-08
697	0.99934	4.138e-05	0.00061849	2.7723e-08
698	0.99867	0.0007148	0.00061433	4.2804e-07
699	0.99743	0.001961	0.00060982	1.1585e-06
700	0.9945	0.0048956	0.00060436	2.8607e-06
701	0.9879	0.011497	0.00059678	6.6679e-06
702	0.98398	0.015416	0.00059079	8.8694e-06
703	0.98179	0.017614	0.00058586	1.0036e-05
704	0.98115	0.018258	0.00058187	1.028e-05
705	0.98201	0.017397	0.00057878	9.643e-06
706	0.98447	0.014946	0.00057663	8.0877e-06
707	0.98868	0.010735	0.0005755	5.5275e-06
708	0.99498	0.0044473	0.00057557	1.7906e-06
709	0.95617	0.043245	0.00055549	2.4453e-05
710	0.92944	0.069975	0.00054225	4.027e-05
711	0.90981	0.089603	0.0005331	5.2017e-05
712	0.89697	0.10244	0.00052782	5.9871e-05
713	0.88834	0.11107	0.00052501	6.5277e-05
714	0.88406	0.11535	0.00052471	6.8155e-05
715	0.88373	0.11568	0.00052673	6.8707e-05
716	0.88634	0.11306	0.00053052	6.7493e-05
717	0.88053	0.11887	0.0005293	7.1317e-05
718	0.87791	0.12149	0.00053	7.3231e-05
719	0.87906	0.12033	0.00053295	7.288e-05
720	0.88432	0.11507	0.00053837	7.0039e-05
721	0.89318	0.1062	0.00054605	6.4962e-05
722	0.90635	0.09304	0.00055644	5.719e-05
723	0.92484	0.074547	0.00057022	4.6047e-05
724	0.93196	0.067416	0.00057704	4.1847e-05
725	0.94262	0.056755	0.00058611	3.5403e-05
726	0.95762	0.041752	0.00059799	2.6174e-05
727	0.96289	0.03648	0.00060386	2.2966e-05
728	0.97173	0.027642	0.00061199	1.7489e-05
729	0.98415	0.015217	0.00062247	9.6773e-06
730	0.98397	0.015391	0.00062501	9.8233e-06
731	0.98089	0.018473	0.00062567	1.1834e-05
732	0.97949	0.019867	0.00062741	1.2772e-05
733	0.97968	0.019681	0.00063019	1.2695e-05
734	0.98187	0.017485	0.00063426	1.1321e-05
735	0.98586	0.013492	0.00063952	8.7614e-06
736	0.98688	0.01247	0.00064285	8.1255e-06
737	0.98974	0.0096085	0.00064737	6.2835e-06
738	0.99484	0.0045071	0.00065336	2.9602e-06
739	0.9907	0.008646	0.0006533	5.6967e-06
740	0.98846	0.010876	0.00065447	7.1962e-06
741	0.98791	0.011427	0.00065672	7.5956e-06
742	0.98481	0.014524	0.00065726	9.7035e-06
743	0.9833	0.016026	0.00065887	1.0752e-05
744	0.97767	0.021658	0.00065771	1.4582e-05
745	0.96438	0.034947	0.00065133	2.3629e-05
746	0.95595	0.043369	0.00064815	2.9454e-05
747	0.95047	0.048847	0.00064696	3.3304e-05
748	0.94816	0.051161	0.00064789	3.5027e-05
749	0.94807	0.05124	0.00065036	3.522e-05
750	0.95086	0.04845	0.0006548	3.3442e-05
751	0.9561	0.043214	0.00066096	2.9948e-05
752	0.965	0.034307	0.00066968	2.3888e-05
753	0.97758	0.021728	0.00068103	1.5205e-05
754	0.99486	0.0044451	0.00069579	3.1356e-06
755	0.99401	0.0052852	0.00069789	3.7393e-06
756	0.9942	0.0050994	0.00070074	3.62e-06
757	0.99284	0.006455	0.0007025	4.5913e-06
758	0.99259	0.006696	0.00070508	4.7741e-06
759	0.99369	0.005594	0.00070859	4.002e-06
760	0.99629	0.0029953	0.00071317	2.1542e-06
761	0.99722	0.0020582	0.00071658	1.4864e-06
762	0.99913	0.00014445	0.00072073	1.0476e-07
763	0.99825	0.0010266	0.00072283	7.4605e-07
764	0.99818	0.0010971	0.00072551	8.0269e-07
765	0.99882	0.00045271	0.00072873	3.3617e-07
766	0.99835	0.00092295	0.00073112	6.9283e-07
767	0.99421	0.0050522	0.00073076	3.806e-06
768	0.99161	0.0076533	0.00073155	5.7918e-06
769	0.9906	0.0086593	0.00073351	6.5981e-06
770	0.99078	0.0084776	0.00073637	6.5144e-06
771	0.9924	0.0068521	0.0007403	5.3472e-06
772	0.99232	0.0069335	0.00074292	5.4789e-06
773	0.99335	0.0059002	0.00074641	4.7587e-06
774	0.99559	0.0036603	0.00075085	3.1096e-06
775	0.99407	0.0051761	0.00075226	4.4696e-06
776	0.99362	0.0056206	0.00075455	4.9746e-06
777	0.99421	0.0050278	0.00075768	4.6528e-06
778	0.99326	0.0059706	0.00075948	5.6723e-06
779	0.99017	0.0090584	0.00075923	8.737e-06
780	0.98851	0.010716	0.00076024	1.0557e-05
781	0.98369	0.015531	0.00075812	1.5494e-05
782	0.98075	0.018471	0.00075772	1.8726e-05
783	0.97987	0.019351	0.00075916	2.0112e-05
784	0.96133	0.037886	0.00074251	3.9597e-05
785	0.94919	0.05002	0.00073222	5.2715e-05
786	0.9408	0.058412	0.00072563	6.2143e-05
787	0.93549	0.063719	0.00072206	6.8575e-05
788	0.93344	0.065771	0.00072156	7.1923e-05
789	0.93378	0.065425	0.00072328	7.307e-05
790	0.90906	0.09014	0.00069793	0.00010127
791	0.89095	0.10824	0.00067965	0.00012242
792	0.87809	0.12111	0.00066693	0.00013803
793	0.86948	0.12971	0.00065865	0.00014921
794	0.86449	0.1347	0.00065404	0.00015674
795	0.86277	0.13642	0.00065266	0.00016106
796	0.85166	0.14752	0.000641	0.00017564
797	0.82062	0.17856	0.00060601	0.00021357
798	0.74319	0.25599	0.00054782	0.00027
799	0.55159	0.4476	0.00040588	0.00041021
800	0.41732	0.58187	0.00030641	0.00050793
801	0.32485	0.67434	0.00023788	0.0005747
802	0.25462	0.74457	0.00018603	0.0006248
803	0.20555	0.79364	0.00014979	0.00065928
804	0.16838	0.83081	0.00012244	0.00068488
805	0.14028	0.85892	0.00010183	0.00070374
806	0.12093	0.87826	8.7649e-05	0.00071618
807	0.10815	0.89105	7.8276e-05	0.0007238
808	0.10014	0.89906	7.2417e-05	0.00072789
809	0.09579	0.90341	6.9263e-05	0.00072927
810	0.093627	0.90558	6.7758e-05	0.00072902
811	0.081961	0.91724	5.9191e-05	0.00073583
812	0.074367	0.92484	5.3616e-05	0.00073964
813	0.069186	0.93002	4.9841e-05	0.00074166
814	0.066013	0.9332	4.7563e-05	0.00074219
815	0.064566	0.93465	4.6577e-05	0.00074144
816	0.064736	0.93448	4.6806e-05	0.00073948
817	0.066568	0.93265	4.8292e-05	0.00073627
818	0.070852	0.92836	5.1626e-05	0.0007312
819	0.077343	0.92188	5.6647e-05	0.00072446
820	0.08773	0.91149	6.4627e-05	0.00071475
821	0.10179	0.89743	7.542e-05	0.00070223
822	0.12067	0.87855	8.9919e-05	0.00068602
823	0.14587	0.85336	0.00010926	0.00066497
824	0.18214	0.81709	0.00013702	0.0006355
825	0.23017	0.76906	0.00017378	0.00059703
826	0.24971	0.74952	0.00018842	0.00058068
827	0.27866	0.72057	0.00021015	0.00055721
828	0.31745	0.68178	0.00023937	0.00052629
829	0.3689	0.63034	0.00027819	0.00048577
830	0.4372	0.56204	0.00032979	0.00043246
831	0.52771	0.47153	0.00039825	0.00036232
832	0.51589	0.48335	0.00038848	0.00037042
833	0.51043	0.48881	0.00038352	0.0003737
834	0.50919	0.49005	0.00038179	0.00037375
835	0.51324	0.486	0.00038404	0.00036982
836	0.52169	0.47756	0.00038961	0.00036258
837	0.53683	0.46242	0.00040017	0.00035034
838	0.5606	0.43865	0.00041711	0.0003317
839	0.59666	0.40259	0.00044313	0.00030398
840	0.64492	0.35433	0.0004782	0.00026722
841	0.70903	0.29022	0.00052504	0.0002187
842	0.7339	0.26535	0.00054244	0.00019963
843	0.74117	0.25809	0.00054668	0.00019374
844	0.75479	0.24447	0.00055558	0.00018317
845	0.77668	0.22258	0.00057053	0.00016654
846	0.80661	0.19266	0.0005914	0.00014401
847	0.80214	0.19713	0.00058678	0.00014697
848	0.80218	0.19709	0.00058548	0.00014661
849	0.8058	0.19347	0.00058683	0.00014361
850	0.81328	0.18599	0.00059103	0.00013777
851	0.82521	0.17407	0.0005985	0.00012867
852	0.84251	0.15677	0.0006099	0.00011565
853	0.86909	0.13019	0.000628	9.5924e-05
854	0.90488	0.094396	0.00065281	6.9507e-05
855	0.91877	0.080506	0.00066153	5.918e-05
856	0.91248	0.0868	0.00065556	6.3563e-05
857	0.91004	0.089244	0.00065236	6.516e-05
858	0.91032	0.088965	0.00065116	6.4776e-05
859	0.91418	0.085101	0.00065251	6.1823e-05
860	0.92115	0.078137	0.00065611	5.6638e-05
861	0.93176	0.067527	0.00066234	4.8838e-05
862	0.94846	0.050826	0.00067287	3.6713e-05
863	0.9712	0.028095	0.00068772	2.0289e-05
864	0.97263	0.026666	0.00068721	1.9213e-05
865	0.97595	0.023346	0.00068807	1.6789e-05
866	0.98139	0.017904	0.00069044	1.2859e-05
867	0.98937	0.0099284	0.00069461	7.1338e-06
868	0.98865	0.010652	0.00069256	7.6257e-06
869	0.98943	0.0098691	0.00069156	7.0574e-06
870	0.99188	0.0074186	0.00069171	5.324e-06
871	0.98852	0.01078	0.00068776	7.7024e-06
872	0.9798	0.019508	0.00068004	1.3864e-05
873	0.97382	0.025491	0.00067431	1.8057e-05
874	0.95728	0.042026	0.0006612	2.9633e-05
875	0.94639	0.052917	0.00065206	3.7224e-05
876	0.93897	0.060342	0.00064541	4.2348e-05
877	0.93445	0.064864	0.00064081	4.5423e-05
878	0.93249	0.066827	0.00063803	4.6704e-05
879	0.92334	0.075974	0.00063025	5.2966e-05
880	0.90018	0.099137	0.00061275	6.8934e-05
881	0.88331	0.11601	0.00059971	8.0457e-05
882	0.87146	0.12786	0.0005902	8.8458e-05
883	0.83949	0.15983	0.00056696	0.0001102
884	0.81592	0.18341	0.00054961	0.00012608
885	0.79904	0.20029	0.00053692	0.00013729
886	0.78746	0.21187	0.0005279	0.00014485
887	0.78031	0.21902	0.00052193	0.00014937
888	0.77703	0.2223	0.00051862	0.00015124
889	0.77744	0.22189	0.00051782	0.00015061
890	0.78152	0.21782	0.0005195	0.00014751
891	0.78956	0.20978	0.00052386	0.00014175
892	0.80362	0.19571	0.00053221	0.00013199
893	0.82358	0.17576	0.00054449	0.0001183
894	0.82895	0.17039	0.00054699	0.0001144
895	0.82522	0.17412	0.0005434	0.00011659
896	0.82494	0.1744	0.00054212	0.00011647
897	0.82899	0.17035	0.00054369	0.00011349
898	0.83789	0.16145	0.00054842	0.00010735
899	0.85133	0.14802	0.00055616	9.8204e-05
900	0.87043	0.12892	0.00056763	8.5342e-05
901	0.89668	0.10267	0.0005838	6.7781e-05
902	0.93503	0.06432	0.00060784	4.2354e-05
903	0.9913	0.0080544	0.00064346	5.3198e-06
904	0.9896	0.0097491	0.00064098	6.407e-06
905	0.98918	0.01017	0.00063935	6.659e-06
906	0.99025	0.0091019	0.00063866	5.948e-06
907	0.98918	0.010173	0.0006366	6.6237e-06
908	0.9896	0.0097547	0.00063549	6.3393e-06
909	0.9913	0.0080626	0.00063522	5.2327e-06
910	0.99092	0.008441	0.00063362	5.4618e-06
911	0.99172	0.0076471	0.00063279	4.9356e-06
912	0.99374	0.0056207	0.00063276	3.6195e-06
913	0.99083	0.0085313	0.00062958	5.4589e-06
914	0.98933	0.010041	0.00062732	6.3975e-06
915	0.98933	0.010042	0.000626	6.3792e-06
916	0.99084	0.0085334	0.00062563	5.4093e-06
917	0.99375	0.0056244	0.00062615	3.5548e-06
918	0.99876	0.00061604	0.00062796	3.8943e-07
919	0.99852	0.00085073	0.00062648	5.3559e-07
920	0.99896	0.00041164	0.00062544	2.5794e-07
921	0.99927	0.00010916	0.00062429	6.8049e-08
922	0.99621	0.0031697	0.00062104	1.9713e-06
923	0.99459	0.0047863	0.00061868	2.9719e-06
924	0.99425	0.0051297	0.00061711	3.1803e-06
925	0.99215	0.0072274	0.00061443	4.4776e-06
926	0.99128	0.0080993	0.00061253	5.0076e-06
927	0.99183	0.0075525	0.00061149	4.663e-06
928	0.99069	0.0086949	0.0006094	5.3632e-06
929	0.99074	0.008642	0.00060806	5.3224e-06
930	0.992	0.0073898	0.00060747	4.5433e-06
931	0.99151	0.0078834	0.00060579	4.8393e-06
932	0.99216	0.0072308	0.00060482	4.4311e-06
933	0.99402	0.0053692	0.00060461	3.2848e-06
934	0.99416	0.0052329	0.00060336	3.192e-06
935	0.99534	0.0040535	0.00060275	2.464e-06
936	0.99794	0.001457	0.00060298	8.8352e-07
937	0.99568	0.0037164	0.00060026	2.2462e-06
938	0.99453	0.0048664	0.00059822	2.9322e-06
