#coord	neutral	conserved	gBGC.neutral	gBGC.conserved
1	0.7614	0.23379	0.0036745	0.0011295
2	0.76727	0.22793	0.0036999	0.0011003
3	0.77747	0.21773	0.0037463	0.0010501
4	0.79433	0.20088	0.0038246	0.00096792
5	0.82	0.17521	0.0039451	0.00084363
6	0.8584	0.13682	0.0041263	0.00065852
7	0.90958	0.085641	0.004369	0.00041203
8	0.93204	0.063184	0.0044732	0.00030398
9	0.96243	0.032794	0.0046154	0.00015788
10	0.97425	0.020983	0.0046685	0.00010104
11	0.97864	0.016599	0.0046859	7.9884e-05
12	0.98529	0.0099462	0.0047143	4.7832e-05
13	0.98797	0.0072667	0.0047235	3.4935e-05
14	0.99225	0.0029919	0.0047403	1.4389e-05
15	0.99402	0.0012327	0.0047451	5.9286e-06
16	0.9935	0.0017534	0.0047391	8.403e-06
17	0.99376	0.0015006	0.0047367	7.1752e-06
18	0.99339	0.0018687	0.0047314	8.9209e-06
19	0.99381	0.0014543	0.0047299	6.9298e-06
20	0.99519	7.3728e-05	0.0047329	3.5149e-07
21	0.99524	2.7647e-05	0.0047295	1.3153e-07
22	0.99497	0.00030492	0.0047247	1.4521e-06
23	0.99457	0.00070678	0.0047192	3.3623e-06
24	0.99483	0.00045499	0.004717	2.1638e-06
25	0.99493	0.00035214	0.004714	1.6723e-06
26	0.99496	0.00033166	0.0047107	1.5706e-06
27	0.99397	0.0013222	0.0047026	6.2562e-06
28	0.99386	0.0014315	0.0046987	6.7749e-06
29	0.99451	0.00078788	0.0046983	3.7277e-06
30	0.9948	0.00050302	0.0046962	2.3851e-06
31	0.99389	0.0014139	0.0046885	6.6992e-06
32	0.99178	0.0035258	0.0046752	1.668e-05
33	0.99065	0.0046662	0.0046665	2.2049e-05
34	0.99042	0.0048946	0.0046622	2.3101e-05
35	0.99123	0.00409	0.0046627	1.9298e-05
36	0.99067	0.0046515	0.0046568	2.1923e-05
37	0.99112	0.0042003	0.0046556	1.9792e-05
38	0.99248	0.0028476	0.0046588	1.3417e-05
39	0.99264	0.0026948	0.0046563	1.2682e-05
40	0.99359	0.0017409	0.0046577	8.1791e-06
41	0.99371	0.0016266	0.004655	7.6331e-06
42	0.9931	0.0022363	0.0046489	1.0489e-05
43	0.99325	0.0020926	0.0046464	9.8058e-06
44	0.9926	0.0027424	0.0046402	1.2846e-05
45	0.99282	0.002526	0.0046381	1.1823e-05
46	0.99393	0.0014264	0.0046401	6.6654e-06
47	0.99435	0.0010113	0.0046389	4.721e-06
48	0.9944	0.00096056	0.004636	4.4842e-06
49	0.99517	0.00019752	0.0046364	9.2204e-07
50	0.99518	0.00018643	0.0046334	8.6785e-07
51	0.99529	7.5228e-05	0.0046307	3.5032e-07
52	0.99522	0.00015189	0.0046273	7.056e-07
53	0.99441	0.00096004	0.0046205	4.4476e-06
54	0.99287	0.0025034	0.0046103	1.1594e-05
55	0.99243	0.0029542	0.0046051	1.3676e-05
56	0.99301	0.0023755	0.0046047	1.0993e-05
57	0.99269	0.0027018	0.0046001	1.2491e-05
58	0.99135	0.0040363	0.0045908	1.8656e-05
59	0.97919	0.016206	0.0045316	7.4819e-05
60	0.97136	0.024038	0.0044924	0.00011094
61	0.96614	0.029261	0.0044654	0.00013492
62	0.96312	0.032284	0.0044486	0.00014868
63	0.96247	0.032937	0.0044427	0.00015154
64	0.95737	0.038038	0.0044162	0.00017489
65	0.95517	0.040245	0.0044031	0.00018493
66	0.95498	0.040431	0.0043994	0.00018562
67	0.9499	0.045514	0.0043731	0.00020884
68	0.94721	0.048215	0.0043578	0.00022104
69	0.9473	0.048121	0.0043554	0.00022043
70	0.94221	0.053212	0.0043291	0.00024363
71	0.9403	0.055134	0.0043173	0.00025231
72	0.94128	0.054155	0.0043187	0.00024772
73	0.9446	0.050838	0.0043309	0.00023238
74	0.95119	0.044245	0.004358	0.00020213
75	0.96096	0.034485	0.0043997	0.00015738
76	0.9639	0.031547	0.00441	0.00014389
77	0.96963	0.025822	0.0044331	0.00011773
78	0.97808	0.017374	0.0044685	7.9146e-05
79	0.98139	0.014062	0.0044805	6.4035e-05
80	0.9816	0.013862	0.0044784	6.3073e-05
81	0.98321	0.012247	0.0044828	5.5642e-05
82	0.97632	0.019148	0.0044484	8.6943e-05
83	0.97224	0.023229	0.0044268	0.00010543
84	0.97008	0.025389	0.0044141	0.00011512
85	0.97003	0.025441	0.0044108	0.00011526
86	0.96618	0.029297	0.0043903	0.00013267
87	0.96482	0.030658	0.0043811	0.00013877
88	0.96529	0.030191	0.0043802	0.00013654
89	0.96805	0.027432	0.0043897	0.00012396
90	0.97358	0.021912	0.0044115	9.8954e-05
91	0.98263	0.012861	0.0044493	5.8078e-05
92	0.98601	0.0094832	0.0044614	4.28e-05
93	0.98695	0.008551	0.0044624	3.8592e-05
94	0.98582	0.0096773	0.0044542	4.3662e-05
95	0.98594	0.0095611	0.0044517	4.3098e-05
96	0.98761	0.0079001	0.0044561	3.5585e-05
97	0.98725	0.0082604	0.0044515	3.7169e-05
98	0.98833	0.0071894	0.0044532	3.232e-05
99	0.99098	0.0045375	0.004462	2.0383e-05
100	0.98916	0.0063568	0.0044508	2.8535e-05
101	0.9887	0.0068216	0.0044456	3.0605e-05
102	0.98954	0.0059912	0.0044462	2.6867e-05
103	0.9887	0.0068308	0.0044393	3.0637e-05
104	0.9892	0.0063337	0.0044383	2.8419e-05
105	0.99083	0.004704	0.0044425	2.1112e-05
106	0.99092	0.0046222	0.0044397	2.0737e-05
107	0.98947	0.0060716	0.0044301	2.7237e-05
108	0.98914	0.0064074	0.0044255	2.8727e-05
109	0.99012	0.0054287	0.0044268	2.4347e-05
110	0.99226	0.0032906	0.0044332	1.4774e-05
111	0.99289	0.0026694	0.004433	1.1989e-05
112	0.99258	0.0029806	0.0044286	1.3374e-05
113	0.99314	0.0024173	0.0044281	1.0843e-05
114	0.99464	0.00092839	0.0044319	4.1727e-06
115	0.96517	0.030401	0.0042973	0.00013585
116	0.94498	0.050587	0.0042042	0.00022601
117	0.93152	0.064057	0.0041411	0.00028613
118	0.92211	0.073467	0.0040964	0.00032798
119	0.91683	0.07875	0.00407	0.00035143
120	0.915	0.080579	0.004059	0.0003595
121	0.91578	0.079804	0.0040596	0.00035594
122	0.91922	0.076364	0.0040722	0.00034051
123	0.9256	0.06999	0.0040978	0.00031202
124	0.92501	0.070584	0.0040926	0.00031446
125	0.9269	0.068694	0.0040984	0.00030583
126	0.93143	0.064173	0.004116	0.0002855
127	0.92957	0.066034	0.0041052	0.00029353
128	0.93069	0.06491	0.0041076	0.00028837
129	0.93509	0.060516	0.0041244	0.0002688
130	0.93386	0.061748	0.0041162	0.00027417
131	0.93496	0.060653	0.0041183	0.00026921
132	0.9385	0.057115	0.0041313	0.00025344
133	0.93608	0.059542	0.0041181	0.00026398
134	0.93666	0.058963	0.004118	0.00026129
135	0.93958	0.056039	0.0041283	0.00024823
136	0.94512	0.050509	0.0041502	0.00022365
137	0.95452	0.041109	0.0041891	0.00018209
138	0.96779	0.02784	0.0042451	0.00012347
139	0.96645	0.029187	0.0042366	0.00012932
140	0.96688	0.028759	0.004236	0.00012732
141	0.96912	0.026523	0.0042434	0.00011734
142	0.97333	0.022309	0.0042596	9.8629e-05
143	0.97355	0.022099	0.0042582	9.7561e-05
144	0.97541	0.020232	0.0042641	8.9193e-05
145	0.97951	0.01614	0.0042798	7.1078e-05
146	0.9804	0.015252	0.0042812	6.7095e-05
147	0.98282	0.012838	0.0042895	5.6407e-05
148	0.98735	0.0083035	0.0043069	3.6465e-05
149	0.9888	0.0068542	0.0043109	3.0056e-05
150	0.98862	0.0070404	0.0043077	3.0828e-05
151	0.9898	0.0058605	0.0043103	2.5652e-05
152	0.99221	0.0034522	0.0043184	1.5106e-05
153	0.99313	0.0025407	0.0043199	1.1124e-05
154	0.99064	0.005035	0.0043066	2.1991e-05
155	0.98955	0.006126	0.0042994	2.675e-05
156	0.98602	0.0096569	0.0042815	4.212e-05
157	0.98401	0.01167	0.0042704	5.0851e-05
158	0.98363	0.012055	0.0042663	5.2516e-05
159	0.98004	0.015646	0.0042484	6.8088e-05
160	0.97853	0.01716	0.0042394	7.4655e-05
161	0.97852	0.017168	0.004237	7.4655e-05
162	0.97513	0.020562	0.00422	8.9317e-05
163	0.96544	0.030253	0.0041758	0.00013118
164	0.95957	0.036121	0.0041482	0.00015651
165	0.95671	0.038984	0.0041335	0.00016884
166	0.94763	0.048074	0.0040917	0.00020816
167	0.94161	0.054089	0.0040635	0.00023409
168	0.93882	0.056886	0.0040491	0.00024611
169	0.93833	0.057373	0.0040447	0.00024811
170	0.94082	0.054894	0.0040531	0.00023734
171	0.925	0.070717	0.0039824	0.00030573
172	0.91376	0.081952	0.0039316	0.00035412
173	0.90732	0.0884	0.0039015	0.00038186
174	0.90476	0.09096	0.0038881	0.00039285
175	0.9049	0.090819	0.0038864	0.00039214
176	0.89778	0.097949	0.0038534	0.00042282
177	0.89383	0.1019	0.0038341	0.0004397
178	0.89277	0.10296	0.0038274	0.00044411
179	0.89451	0.10122	0.0038328	0.00043642
180	0.89923	0.096508	0.0038511	0.0004159
181	0.90842	0.087316	0.0038884	0.00037625
182	0.92337	0.072363	0.0039504	0.00031201
183	0.94396	0.051784	0.0040365	0.00022363
184	0.95225	0.043492	0.0040698	0.00018805
185	0.95386	0.04188	0.0040744	0.00018111
186	0.95031	0.045435	0.004057	0.00019636
187	0.93946	0.056292	0.004008	0.00024308
188	0.93213	0.063623	0.0039744	0.00027452
189	0.92839	0.067362	0.0039561	0.00029056
190	0.9272	0.068557	0.0039488	0.00029564
191	0.92903	0.066724	0.0039544	0.00028779
192	0.93347	0.062289	0.0039712	0.00026878
193	0.88594	0.10983	0.0037651	0.00047279
194	0.85318	0.14259	0.0036223	0.00061337
195	0.83102	0.16475	0.0035251	0.00070843
196	0.7792	0.21657	0.0033002	0.0009311
197	0.74054	0.25523	0.0031324	0.0010967
198	0.71202	0.28375	0.0030084	0.0012185
199	0.69141	0.30436	0.0029186	0.0013062
200	0.67856	0.31722	0.0028618	0.0013608
201	0.67056	0.32522	0.002826	0.0013945
202	0.64303	0.35275	0.002707	0.0015114
203	0.62313	0.37266	0.0026208	0.0015955
204	0.60943	0.38636	0.0025613	0.0016531
205	0.60079	0.39499	0.0025233	0.0016891
206	0.59663	0.39916	0.0025044	0.001706
207	0.59795	0.39784	0.0025087	0.0016997
208	0.58497	0.41083	0.0024525	0.0017539
209	0.57695	0.41885	0.0024175	0.001787
210	0.547	0.4488	0.00229	0.0019126
211	0.5253	0.4705	0.0021976	0.0020032
212	0.51014	0.48566	0.002133	0.002066
213	0.50035	0.49545	0.002091	0.0021061
214	0.46842	0.52739	0.0019564	0.0022389
215	0.39347	0.60234	0.0016412	0.0025523
216	0.33697	0.65883	0.001404	0.0027878
217	0.29452	0.70129	0.001226	0.002964
218	0.26584	0.72997	0.0011055	0.0030827
219	0.24461	0.7512	0.0010164	0.00317
220	0.22922	0.76659	0.00095194	0.0032328
221	0.18455	0.81127	0.00076565	0.0034174
222	0.15401	0.84181	0.00063818	0.0035431
223	0.13111	0.86471	0.00054275	0.0036369
224	0.11581	0.88001	0.00047887	0.003699
225	0.10467	0.89115	0.00043242	0.0037438
226	0.096814	0.89901	0.00039972	0.0037748
227	0.092382	0.90344	0.00038121	0.0037917
228	0.090955	0.90487	0.00037514	0.003796
229	0.092332	0.9035	0.00038067	0.0037888
230	0.095783	0.90005	0.00039486	0.0037729
231	0.10162	0.89422	0.00041898	0.0037471
232	0.11128	0.88456	0.00045891	0.0037055
233	0.12462	0.87121	0.00051419	0.0036486
234	0.14276	0.85308	0.00058943	0.0035717
235	0.14657	0.84927	0.00060513	0.0035544
236	0.15452	0.84132	0.00063794	0.0035199
237	0.16612	0.82973	0.00068594	0.0034703
238	0.1487	0.84715	0.00061327	0.0035414
239	0.13597	0.85988	0.00056024	0.0035928
240	0.12803	0.86782	0.00052702	0.0036244
241	0.12404	0.87181	0.00051014	0.0036396
242	0.12248	0.87337	0.00050344	0.0036447
243	0.1233	0.87256	0.00050658	0.00364
244	0.12654	0.86932	0.00051982	0.0036252
245	0.13337	0.86249	0.00054781	0.0035956
246	0.14345	0.85241	0.00058931	0.0035525
247	0.15903	0.83683	0.00065341	0.0034869
248	0.1801	0.81576	0.00074024	0.0033985
249	0.20839	0.78747	0.00085701	0.0032802
250	0.24926	0.7466	0.0010255	0.0031101
251	0.30325	0.69261	0.0012484	0.0028857
252	0.37477	0.62109	0.001544	0.0025886
253	0.40512	0.59074	0.0016688	0.0024623
254	0.44581	0.55006	0.0018365	0.0022931
255	0.49993	0.49594	0.0020599	0.0020682
256	0.51945	0.47642	0.0021401	0.0019865
257	0.54648	0.44939	0.0022516	0.0018737
258	0.58307	0.4128	0.0024028	0.001721
259	0.63223	0.36365	0.0026065	0.0015161
260	0.6978	0.29808	0.0028786	0.0012426
261	0.79349	0.20239	0.0032753	0.00084453
262	0.83194	0.16394	0.0034342	0.00068429
263	0.84684	0.14904	0.0034953	0.00062197
264	0.87005	0.12583	0.0035907	0.00052526
265	0.90146	0.094421	0.0037203	0.00039435
266	0.9146	0.081284	0.0037737	0.00033962
267	0.933	0.062892	0.0038491	0.000263
268	0.93911	0.056778	0.0038734	0.00023743
269	0.93888	0.057014	0.0038714	0.00023824
270	0.94095	0.054944	0.003879	0.00022945
271	0.94545	0.05044	0.0038968	0.00021052
272	0.95277	0.04312	0.0039264	0.00017984
273	0.96466	0.031236	0.0039749	0.00013024
274	0.96876	0.027131	0.003991	0.00011302
275	0.97588	0.020015	0.0040196	8.3334e-05
276	0.98692	0.0089782	0.0040643	3.7434e-05
277	0.99138	0.0045155	0.0040818	1.8851e-05
278	0.99069	0.0052087	0.0040779	2.1686e-05
279	0.99102	0.0048777	0.0040783	2.0279e-05
280	0.99005	0.0058526	0.0040732	2.429e-05
281	0.99013	0.005769	0.0040726	2.3922e-05
282	0.98851	0.0073963	0.0040649	3.0605e-05
283	0.98806	0.0078471	0.0040621	3.2426e-05
284	0.98562	0.010282	0.0040511	4.2434e-05
285	0.98457	0.011333	0.0040459	4.6725e-05
286	0.98045	0.015455	0.004028	6.3663e-05
287	0.97844	0.017473	0.0040187	7.196e-05
288	0.97827	0.017643	0.0040169	7.2676e-05
289	0.97992	0.015987	0.0040227	6.5907e-05
290	0.98324	0.012673	0.0040352	5.2308e-05
291	0.98845	0.0074674	0.0040557	3.0917e-05
292	0.98141	0.014507	0.0040257	5.9983e-05
293	0.97714	0.018779	0.004007	7.7654e-05
294	0.97471	0.021208	0.003996	8.7692e-05
295	0.96686	0.029057	0.0039628	0.00012005
296	0.96165	0.034264	0.0039405	0.00014147
297	0.95872	0.037198	0.0039276	0.0001535
298	0.95836	0.037563	0.0039253	0.000155
299	0.95997	0.035954	0.0039311	0.00014836
300	0.96365	0.032275	0.0039455	0.00013319
301	0.95345	0.042473	0.003903	0.00017498
302	0.94722	0.048701	0.0038766	0.00020051
303	0.94358	0.052343	0.003861	0.00021538
304	0.9429	0.053021	0.0038575	0.00021814
305	0.94443	0.051496	0.0038631	0.00021182
306	0.94902	0.046906	0.0038812	0.00019297
307	0.94789	0.04804	0.0038758	0.00019757
308	0.9489	0.047025	0.0038794	0.00019332
309	0.95269	0.04324	0.0038943	0.00017775
310	0.95905	0.03688	0.0039197	0.00015159
311	0.96844	0.027493	0.0039577	0.00011296
312	0.98297	0.012959	0.0040167	5.328e-05
313	0.98369	0.012242	0.0040191	5.0298e-05
314	0.98611	0.0098229	0.0040283	4.036e-05
315	0.99014	0.0057931	0.0040443	2.3803e-05
316	0.99148	0.0044504	0.0040492	1.8267e-05
317	0.99144	0.0044913	0.0040484	1.8417e-05
318	0.98989	0.006039	0.0040415	2.4717e-05
319	0.98592	0.010015	0.0040247	4.0945e-05
320	0.98355	0.012385	0.0040145	5.0593e-05
321	0.98294	0.012998	0.0040114	5.3083e-05
322	0.98366	0.012272	0.0040138	5.0086e-05
323	0.98202	0.013916	0.0040065	5.678e-05
324	0.9818	0.014142	0.0040051	5.7663e-05
325	0.98325	0.012687	0.0040104	5.1707e-05
326	0.98657	0.0093654	0.0040234	3.8161e-05
327	0.99229	0.0036527	0.004046	1.4901e-05
328	0.98943	0.0065134	0.0040337	2.657e-05
329	0.98788	0.0080611	0.0040269	3.2866e-05
330	0.98754	0.0084014	0.004025	3.4223e-05
331	0.98859	0.0073475	0.0040287	2.9912e-05
332	0.99118	0.0047654	0.0040387	1.9388e-05
333	0.99569	0.00024757	0.0040564	1.0072e-06
334	0.99498	0.00096086	0.004053	3.907e-06
335	0.99505	0.00089523	0.0040526	3.6394e-06
336	0.99592	2.4139e-05	0.0040555	9.8348e-08
337	0.99577	0.00017582	0.0040543	7.1684e-07
338	0.99178	0.0041648	0.0040374	1.6999e-05
339	0.98956	0.0063829	0.0040277	2.6069e-05
340	0.98857	0.0073812	0.004023	3.0147e-05
341	0.98894	0.0070026	0.0040239	2.8627e-05
342	0.99049	0.0054605	0.0040296	2.2354e-05
343	0.98717	0.0087817	0.0040155	3.5903e-05
344	0.9853	0.010644	0.0040074	4.3484e-05
345	0.98501	0.010939	0.0040057	4.4694e-05
346	0.98195	0.013999	0.0039926	5.72e-05
347	0.98047	0.015484	0.003986	6.3266e-05
348	0.98044	0.015513	0.0039854	6.3375e-05
349	0.98186	0.014087	0.0039908	5.7539e-05
350	0.98528	0.010667	0.0040042	4.3607e-05
351	0.9906	0.0053518	0.0040255	2.1926e-05
352	0.98531	0.010645	0.0040035	4.3507e-05
353	0.98191	0.014048	0.0039892	5.7353e-05
354	0.98049	0.015461	0.0039831	6.312e-05
355	0.98053	0.015422	0.0039829	6.2954e-05
356	0.98201	0.013944	0.0039886	5.6913e-05
357	0.98504	0.010915	0.0040006	4.4535e-05
358	0.99031	0.0056439	0.0040218	2.3049e-05
359	0.99226	0.003691	0.0040295	1.5075e-05
360	0.99269	0.0032626	0.004031	1.3311e-05
361	0.9921	0.0038586	0.0040283	1.5729e-05
362	0.99244	0.0035203	0.0040294	1.4339e-05
363	0.99157	0.0043864	0.0040257	1.7837e-05
364	0.99187	0.004087	0.0040267	1.6611e-05
365	0.98639	0.0095708	0.0040043	3.8826e-05
366	0.98316	0.012793	0.003991	5.1888e-05
367	0.98186	0.014102	0.0039854	5.7207e-05
368	0.98195	0.014006	0.0039856	5.6801e-05
369	0.98381	0.012145	0.0039929	4.9256e-05
370	0.9877	0.0082613	0.0040083	3.3525e-05
371	0.98877	0.0071884	0.0040124	2.9173e-05
372	0.98808	0.0078835	0.0040093	3.2008e-05
373	0.98852	0.0074346	0.0040109	3.0185e-05
374	0.99039	0.0055684	0.0040182	2.2624e-05
375	0.9936	0.0023572	0.004031	9.5881e-06
376	0.99494	0.0010168	0.0040363	4.1396e-06
377	0.99553	0.00043061	0.0040385	1.7532e-06
378	0.99586	9.6135e-05	0.0040397	3.9064e-07
379	0.9959	6.0394e-05	0.0040397	2.4583e-07
380	0.99505	0.00090871	0.0040362	3.6944e-06
381	0.99492	0.0010405	0.0040356	4.2292e-06
382	0.99438	0.0015792	0.0040333	6.4233e-06
383	0.99303	0.002934	0.0040276	1.1948e-05
384	0.9896	0.006356	0.0040136	2.5876e-05
385	0.98784	0.0081158	0.0040063	3.3061e-05
386	0.98731	0.0086458	0.004004	3.5232e-05
387	0.98797	0.0079873	0.0040067	3.256e-05
388	0.98987	0.006089	0.0040144	2.4834e-05
389	0.99314	0.0028188	0.0040277	1.1513e-05
390	0.99443	0.0015287	0.004033	6.2505e-06
391	0.98988	0.0060797	0.0040146	2.4744e-05
392	0.98697	0.0089903	0.0040029	3.6554e-05
393	0.98572	0.010243	0.0039979	4.1651e-05
394	0.98573	0.010226	0.0039981	4.1573e-05
395	0.98727	0.0086914	0.0040045	3.5352e-05
396	0.99019	0.0057656	0.0040165	2.3461e-05
397	0.99117	0.0047913	0.0040205	1.9514e-05
398	0.99068	0.0052769	0.0040187	2.1492e-05
399	0.99121	0.0047463	0.0040211	1.9329e-05
400	0.9903	0.0056573	0.0040176	2.3016e-05
401	0.99045	0.0055129	0.0040185	2.2407e-05
402	0.99189	0.0040738	0.0040245	1.6549e-05
403	0.99482	0.0011389	0.0040367	4.6305e-06
404	0.99481	0.0011466	0.0040369	4.6577e-06
405	0.99437	0.0015884	0.0040353	6.4527e-06
406	0.99322	0.0027384	0.0040308	1.1134e-05
407	0.99297	0.0029851	0.00403	1.2138e-05
408	0.9936	0.002355	0.0040328	9.5721e-06
409	0.99347	0.0024849	0.0040325	1.0102e-05
410	0.9923	0.0036553	0.004028	1.485e-05
411	0.99209	0.0038627	0.0040275	1.5678e-05
412	0.99064	0.0053124	0.0040219	2.1556e-05
413	0.99048	0.0054791	0.0040214	2.2237e-05
414	0.99157	0.0043861	0.0040261	1.7816e-05
415	0.99379	0.0021633	0.0040353	8.7929e-06
416	0.99463	0.0013213	0.0040391	5.3683e-06
417	0.9949	0.0010558	0.0040404	4.2914e-06
418	0.9871	0.0088573	0.0040089	3.6043e-05
419	0.98216	0.013794	0.003989	5.6169e-05
420	0.97911	0.016848	0.0039768	6.8606e-05
421	0.97022	0.025733	0.0039409	0.00010473
422	0.96415	0.031807	0.0039166	0.00012938
423	0.96042	0.03553	0.0039019	0.00014445
424	0.95923	0.036723	0.0038974	0.00014928
425	0.96041	0.035539	0.0039025	0.00014447
426	0.96423	0.031719	0.0039182	0.00012898
427	0.97046	0.025495	0.0039438	0.00010367
428	0.98037	0.015584	0.0039844	6.3409e-05
429	0.99412	0.0018351	0.0040406	7.4716e-06
430	0.99232	0.0036308	0.0040336	1.4788e-05
431	0.98788	0.0080741	0.0040159	3.2863e-05
432	0.9851	0.010852	0.0040049	4.4144e-05
433	0.98375	0.012197	0.0039999	4.9583e-05
434	0.984	0.011949	0.0040013	4.8564e-05
435	0.98587	0.010077	0.0040092	4.0956e-05
436	0.98043	0.015516	0.0039875	6.303e-05
437	0.97739	0.018561	0.0039755	7.5406e-05
438	0.97642	0.019531	0.0039719	7.9368e-05
439	0.977	0.018945	0.0039746	7.698e-05
440	0.97954	0.016409	0.0039853	6.6678e-05
441	0.98435	0.011598	0.0040051	4.7156e-05
442	0.98199	0.01396	0.0039957	5.6808e-05
443	0.98111	0.014836	0.0039925	6.0393e-05
444	0.98164	0.014311	0.0039949	5.8258e-05
445	0.98399	0.011956	0.0040048	4.8687e-05
446	0.98802	0.0079212	0.0040216	3.2255e-05
447	0.99467	0.0012728	0.004049	5.2065e-06
448	0.9917	0.0042441	0.0040373	1.7355e-05
449	0.9902	0.0057452	0.0040314	2.3515e-05
450	0.98979	0.0061526	0.0040301	2.52e-05
451	0.98736	0.0085858	0.0040206	3.5156e-05
452	0.98624	0.0097035	0.0040165	3.9727e-05
453	0.98637	0.0095777	0.0040175	3.9209e-05
454	0.98773	0.0082122	0.0040236	3.3614e-05
455	0.99044	0.0055034	0.0040352	2.2513e-05
456	0.99516	0.00077821	0.0040551	3.186e-06
457	0.98489	0.011054	0.0040136	4.5157e-05
458	0.97757	0.018372	0.0039843	7.5015e-05
459	0.97268	0.02326	0.0039649	9.4929e-05
460	0.9606	0.035342	0.0039162	0.00014423
461	0.95289	0.04305	0.0038852	0.00017574
462	0.9487	0.047242	0.0038685	0.00019293
463	0.79669	0.19925	0.0032481	0.00081387
464	0.69037	0.30557	0.0028136	0.0012488
465	0.61019	0.38575	0.0024865	0.0015765
466	0.5554	0.44054	0.0022627	0.0018008
467	0.51446	0.48148	0.0020958	0.0019683
468	0.48718	0.50876	0.0019844	0.0020802
469	0.46975	0.52619	0.0019132	0.0021519
470	0.45794	0.538	0.001865	0.0022006
471	0.45216	0.54378	0.0018415	0.0022247
472	0.45166	0.54427	0.0018394	0.0022272
473	0.43584	0.5601	0.0017747	0.0022924
474	0.4254	0.57054	0.0017322	0.0023355
475	0.42071	0.57522	0.0017131	0.0023551
476	0.34019	0.65574	0.0013839	0.0026849
477	0.27939	0.71654	0.0011356	0.0029337
478	0.23706	0.75887	0.00096258	0.0031073
479	0.20514	0.79079	0.00083228	0.0032382
480	0.18122	0.81471	0.00073475	0.0033363
481	0.16356	0.83237	0.00066288	0.0034088
482	0.15079	0.84514	0.000611	0.0034613
483	0.1419	0.85403	0.000575	0.003498
484	0.13615	0.85978	0.00055181	0.0035219
485	0.13411	0.86182	0.00054367	0.0035307
486	0.11937	0.87655	0.00048391	0.0035911
487	0.10976	0.88616	0.00044489	0.0036308
488	0.10423	0.8917	0.00042239	0.003654
489	0.10112	0.8948	0.00040985	0.0036672
490	0.087893	0.90803	0.00035614	0.0037216
491	0.07817	0.91775	0.00031673	0.0037618
492	0.071261	0.92466	0.00028881	0.0037904
493	0.067282	0.92864	0.00027274	0.0038072
494	0.065854	0.93007	0.000267	0.0038137
495	0.066775	0.92914	0.0002708	0.0038106
496	0.060025	0.93589	0.00024335	0.0038388
497	0.056148	0.93977	0.00022755	0.0038553
498	0.05392	0.942	0.00021851	0.003865
499	0.053713	0.9422	0.00021767	0.0038666
500	0.0555	0.94042	0.0002249	0.0038601
501	0.058911	0.937	0.0002388	0.0038469
502	0.064908	0.93101	0.00026318	0.0038232
503	0.073316	0.9226	0.00029743	0.0037897
504	0.08594	0.90997	0.00034878	0.0037391
505	0.10288	0.89303	0.00041783	0.0036708
506	0.12547	0.87044	0.00051003	0.0035793
507	0.13217	0.86374	0.00053748	0.0035526
508	0.12928	0.86663	0.00052576	0.0035652
509	0.12961	0.8663	0.00052717	0.0035645
510	0.13237	0.86354	0.00053854	0.003554
511	0.13776	0.85815	0.00056075	0.0035326
512	0.14625	0.84966	0.00059575	0.0034984
513	0.16007	0.83584	0.00065252	0.0034425
514	0.17892	0.81699	0.00073007	0.0033658
515	0.20424	0.79166	0.00083436	0.0032624
516	0.24161	0.7543	0.00098803	0.0031095
517	0.2381	0.7578	0.00097393	0.0031245
518	0.23886	0.75704	0.00097728	0.003122
519	0.24421	0.75169	0.00099941	0.0031007
520	0.21122	0.78468	0.00086412	0.0032369
521	0.18861	0.80729	0.0007713	0.0033306
522	0.17193	0.82397	0.00070293	0.0033998
523	0.15991	0.83599	0.00065377	0.0034499
524	0.15164	0.84426	0.00062004	0.0034845
525	0.14653	0.84936	0.00059938	0.0035061
526	0.12892	0.86698	0.00052728	0.0035792
527	0.11745	0.87844	0.0004803	0.0036271
528	0.10942	0.88647	0.00044749	0.0036608
529	0.084699	0.91119	0.00034627	0.003763
530	0.065929	0.92996	0.00026951	0.0038407
531	0.052924	0.94297	0.00021626	0.0038949
532	0.043166	0.95272	0.00017636	0.0039358
533	0.036579	0.95931	0.00014939	0.0039637
534	0.031755	0.96413	0.00012968	0.0039844
535	0.02891	0.96698	0.00011803	0.003997
536	0.027145	0.96874	0.00011084	0.0040052
537	0.026328	0.96955	0.00010755	0.0040095
538	0.026397	0.96949	0.00010792	0.0040102
539	0.027356	0.96852	0.00011197	0.0040072
540	0.029302	0.96658	0.00012011	0.0040001
541	0.025915	0.96996	0.00010633	0.0040149
542	0.024105	0.97177	9.898e-05	0.0040234
543	0.023542	0.97233	9.6738e-05	0.0040267
544	0.018191	0.97768	7.4718e-05	0.0040497
545	0.01412	0.98175	5.799e-05	0.0040675
546	0.011011	0.98486	4.5234e-05	0.0040814
547	0.0086207	0.98725	3.5442e-05	0.0040923
548	0.0070509	0.98882	2.8999e-05	0.0040998
549	0.0060825	0.98979	2.5013e-05	0.0041049
550	0.0053636	0.99051	2.2061e-05	0.0041089
551	0.004838	0.99103	1.9911e-05	0.0041122
552	0.004655	0.99121	1.9157e-05	0.004114
553	0.0045918	0.99127	1.8903e-05	0.0041154
554	0.0046525	0.99121	1.9165e-05	0.0041163
555	0.0048419	0.99102	1.9964e-05	0.0041166
556	0.0051747	0.99069	2.1363e-05	0.0041164
557	0.005677	0.99018	2.3474e-05	0.0041155
558	0.0063883	0.98947	2.6463e-05	0.0041137
559	0.0073525	0.98851	3.0519e-05	0.0041109
560	0.0089366	0.98692	3.7144e-05	0.0041055
561	0.011298	0.98456	4.6996e-05	0.0040969
562	0.014739	0.98112	6.1322e-05	0.0040837
563	0.019205	0.97665	7.9963e-05	0.0040663
564	0.025775	0.97008	0.00010734	0.0040401
565	0.020417	0.97543	8.5092e-05	0.0040636
566	0.016803	0.97905	7.006e-05	0.0040798
567	0.014133	0.98172	5.8984e-05	0.0040921
568	0.012491	0.98336	5.2166e-05	0.0041002
569	0.011722	0.98412	4.8975e-05	0.0041046
570	0.011721	0.98412	4.8967e-05	0.0041058
571	0.012485	0.98336	5.2144e-05	0.0041038
572	0.0096577	0.98619	4.0341e-05	0.0041168
573	0.0077253	0.98812	3.2256e-05	0.004126
574	0.006225	0.98962	2.5993e-05	0.0041335
575	0.0052288	0.99061	2.1821e-05	0.0041389
576	0.0044333	0.9914	1.8499e-05	0.0041434
577	0.0039721	0.99186	1.6561e-05	0.0041465
578	0.0036079	0.99223	1.5037e-05	0.0041493
579	0.0033123	0.99252	1.3806e-05	0.0041518
580	0.0032199	0.99261	1.3412e-05	0.0041534
581	0.0031606	0.99267	1.3161e-05	0.0041549
582	0.0031226	0.99271	1.3005e-05	0.0041563
583	0.0031102	0.99272	1.2961e-05	0.0041576
584	0.003278	0.99255	1.3656e-05	0.0041582
585	0.003478	0.99235	1.4491e-05	0.0041586
586	0.0037252	0.9921	1.553e-05	0.0041589
587	0.0040385	0.99179	1.6851e-05	0.0041589
588	0.004637	0.99119	1.9351e-05	0.0041577
589	0.0053924	0.99043	2.2518e-05	0.0041559
590	0.0063532	0.98947	2.6557e-05	0.0041532
591	0.0075923	0.98823	3.1777e-05	0.0041493
592	0.0092036	0.98661	3.8579e-05	0.0041439
593	0.011612	0.9842	4.8719e-05	0.0041352
594	0.015207	0.98061	6.3824e-05	0.0041214
595	0.019874	0.97594	8.3478e-05	0.0041031
596	0.025968	0.96984	0.00010919	0.0040788
597	0.033992	0.96182	0.00014312	0.0040463
598	0.045528	0.95028	0.00019183	0.003999
599	0.048903	0.9469	0.00020613	0.0039861
600	0.046594	0.94921	0.00019645	0.0039972
601	0.046257	0.94955	0.00019505	0.0039999
602	0.03954	0.95626	0.00016668	0.0040297
603	0.03465	0.96115	0.00014606	0.0040517
604	0.031813	0.96399	0.00013407	0.004065
605	0.030633	0.96517	0.00012904	0.0040714
606	0.030472	0.96533	0.00012834	0.0040735
607	0.031715	0.96408	0.00013353	0.0040696
608	0.034048	0.96175	0.00014334	0.0040612
609	0.037677	0.95812	0.00015865	0.0040473
610	0.042884	0.95291	0.00018067	0.0040267
611	0.042379	0.95341	0.00017856	0.0040302
612	0.043105	0.95269	0.00018168	0.0040285
613	0.045638	0.95015	0.0001924	0.0040192
614	0.049684	0.9461	0.00020956	0.0040035
615	0.05555	0.94024	0.00023447	0.00398
616	0.043468	0.95232	0.00018345	0.0040324
617	0.034355	0.96143	0.00014503	0.0040723
618	0.028265	0.96752	0.00011931	0.0040995
619	0.023761	0.97202	0.00010033	0.0041199
620	0.020897	0.97488	8.8228e-05	0.0041335
621	0.019307	0.97647	8.1494e-05	0.0041417
622	0.018458	0.97732	7.7918e-05	0.0041467
623	0.018304	0.97747	7.73e-05	0.0041488
624	0.019143	0.97663	8.0861e-05	0.0041467
625	0.021081	0.97469	8.9053e-05	0.00414
626	0.023933	0.97184	0.00010114	0.0041293
627	0.027914	0.96785	0.00011805	0.0041139
628	0.034078	0.96169	0.00014419	0.0040893
629	0.04232	0.95345	0.0001792	0.0040557
630	0.054283	0.94148	0.00022995	0.0040065
631	0.071491	0.92427	0.00030289	0.003935
632	0.076563	0.9192	0.00032449	0.0039149
633	0.084052	0.91171	0.00035642	0.0038845
634	0.083105	0.91265	0.00035257	0.0038899
635	0.084695	0.91106	0.00035945	0.0038845
636	0.089022	0.90673	0.00037793	0.0038676
637	0.096831	0.89892	0.00041117	0.0038358
638	0.10778	0.88797	0.00045785	0.0037906
639	0.12278	0.87297	0.0005219	0.0037281
640	0.14519	0.85056	0.00061745	0.0036341
641	0.17491	0.82084	0.0007444	0.0035087
642	0.21439	0.78136	0.00091329	0.0033414
643	0.22749	0.76826	0.00096971	0.0032865
644	0.24764	0.7481	0.0010563	0.0032016
645	0.27797	0.71777	0.0011862	0.0030732
646	0.3227	0.67304	0.0013775	0.0028834
647	0.38187	0.61386	0.001631	0.0026315
648	0.4681	0.52764	0.002	0.0022641
649	0.47422	0.52151	0.0020269	0.0022388
650	0.48646	0.50927	0.0020799	0.0021873
651	0.50445	0.49129	0.0021577	0.0021111
652	0.52966	0.46607	0.0022667	0.0020037
653	0.56704	0.42868	0.0024279	0.0018441
654	0.61699	0.37874	0.0026433	0.0016303
655	0.6354	0.36033	0.0027236	0.0015516
656	0.6635	0.33222	0.0028455	0.0014314
657	0.70149	0.29424	0.0030103	0.0012683
658	0.75759	0.23813	0.0032529	0.0010273
659	0.83229	0.16343	0.0035763	0.0007056
660	0.93098	0.064734	0.004004	0.00027954
661	0.93165	0.064066	0.0040087	0.00027666
662	0.93538	0.060338	0.0040264	0.00026061
663	0.94264	0.053073	0.0040594	0.00022932
664	0.95333	0.042384	0.0041073	0.00018314
665	0.96987	0.02584	0.0041805	0.00011169
666	0.97685	0.018851	0.0042123	8.1545e-05
667	0.98681	0.0088955	0.0042571	3.8493e-05
668	0.98705	0.0086533	0.0042599	3.7428e-05
669	0.98509	0.010614	0.0042532	4.5857e-05
670	0.9847	0.010998	0.0042534	4.7501e-05
671	0.98584	0.0098534	0.00426	4.2556e-05
672	0.98873	0.0069697	0.0042742	3.0106e-05
673	0.98948	0.0062098	0.0042792	2.6841e-05
674	0.98876	0.0069305	0.0042777	2.9989e-05
675	0.98915	0.0065391	0.004281	2.8312e-05
676	0.99094	0.0047461	0.0042904	2.0579e-05
677	0.99111	0.0045801	0.0042928	1.9873e-05
678	0.98978	0.0059015	0.0042889	2.5607e-05
679	0.98977	0.005916	0.0042905	2.5689e-05
680	0.99082	0.004865	0.0042968	2.1135e-05
681	0.9933	0.002381	0.0043093	1.0371e-05
682	0.99246	0.0032165	0.0043074	1.4016e-05
683	0.99253	0.0031429	0.0043095	1.3701e-05
684	0.99352	0.0021544	0.0043156	9.3971e-06
685	0.99147	0.0041985	0.0043086	1.8281e-05
686	0.98677	0.0089	0.00429	3.8754e-05
687	0.98418	0.011487	0.0042805	5.0058e-05
688	0.98302	0.012648	0.0042773	5.5142e-05
689	0.97876	0.016905	0.0042605	7.3749e-05
690	0.97633	0.019338	0.0042517	8.4388e-05
691	0.97553	0.020137	0.0042502	8.7887e-05
692	0.97669	0.018973	0.0042571	8.2848e-05
693	0.9795	0.016163	0.0042712	7.0594e-05
694	0.98465	0.01101	0.0042956	4.8123e-05
695	0.99213	0.0035198	0.0043303	1.5378e-05
696	0.9956	5.4981e-05	0.0043473	2.4015e-07
697	0.99561	4.1225e-05	0.0043492	1.808e-07
698	0.99494	0.00071213	0.0043482	3.1232e-06
699	0.99369	0.0019536	0.0043446	8.5846e-06
700	0.99077	0.0048772	0.0043337	2.1433e-05
701	0.98419	0.011454	0.0043066	5.0389e-05
702	0.98028	0.015358	0.0042913	6.7644e-05
703	0.97809	0.017548	0.0042835	7.7348e-05
704	0.97745	0.018189	0.0042825	8.0233e-05
705	0.9783	0.017331	0.0042882	7.6508e-05
706	0.98074	0.014889	0.0043009	6.5789e-05
707	0.98494	0.010695	0.0043215	4.7319e-05
708	0.9912	0.0044304	0.0043512	1.967e-05
709	0.95255	0.043081	0.0041829	0.00019009
710	0.92592	0.069709	0.0040673	0.00030779
711	0.90636	0.089263	0.003983	0.00039423
712	0.89356	0.10206	0.0039284	0.00045099
713	0.88497	0.11065	0.0038923	0.00048917
714	0.8807	0.11491	0.0038753	0.00050835
715	0.88037	0.11524	0.0038755	0.00051021
716	0.88298	0.11263	0.0038888	0.00049906
717	0.87719	0.11842	0.0038651	0.00052491
718	0.87458	0.12103	0.0038556	0.00053666
719	0.87573	0.11987	0.0038626	0.00053185
720	0.88097	0.11463	0.0038876	0.00050901
721	0.8898	0.1058	0.0039287	0.00047019
722	0.90291	0.092688	0.0039888	0.00041227
723	0.92133	0.074264	0.0040728	0.00033061
724	0.92843	0.067161	0.0041064	0.00029924
725	0.93905	0.05654	0.0041558	0.00025214
726	0.954	0.041594	0.0042246	0.00018567
727	0.95925	0.036342	0.0042503	0.00016228
728	0.96805	0.027538	0.0042919	0.00012309
729	0.98042	0.015159	0.0043495	6.7834e-05
730	0.98025	0.015333	0.0043512	6.8579e-05
731	0.97717	0.018403	0.0043399	8.2252e-05
732	0.97578	0.019792	0.0043361	8.8427e-05
733	0.97597	0.019606	0.0043395	8.7574e-05
734	0.97815	0.017418	0.0043517	7.7811e-05
735	0.98213	0.013441	0.0043719	6.0015e-05
736	0.98314	0.012423	0.0043789	5.546e-05
737	0.98599	0.0095721	0.0043941	4.2736e-05
738	0.99107	0.0044901	0.0044192	2.0059e-05
739	0.98695	0.0086133	0.0044032	3.844e-05
740	0.98472	0.010834	0.0043957	4.8374e-05
741	0.98417	0.011384	0.0043956	5.0869e-05
742	0.98108	0.014469	0.0043841	6.4732e-05
743	0.97958	0.015966	0.0043797	7.1473e-05
744	0.97397	0.021576	0.004357	9.66e-05
745	0.96073	0.034814	0.0043	0.00015597
746	0.95234	0.043204	0.0042647	0.00019373
747	0.94688	0.048662	0.0042425	0.00021831
748	0.94457	0.050967	0.0042344	0.00022882
749	0.94449	0.051047	0.0042363	0.0002293
750	0.94727	0.048266	0.004251	0.00021698
751	0.95248	0.04305	0.0042768	0.00019366
752	0.96135	0.034178	0.0043189	0.00015393
753	0.97388	0.021646	0.0043777	9.7621e-05
754	0.99109	0.0044283	0.0044578	2.0042e-05
755	0.99025	0.0052652	0.0044565	2.3827e-05
756	0.99044	0.0050801	0.0044599	2.2994e-05
757	0.98908	0.0064306	0.0044564	2.9083e-05
758	0.98884	0.0066706	0.004458	3.0154e-05
759	0.98994	0.0055728	0.0044656	2.5198e-05
760	0.99252	0.0029839	0.0044798	1.3514e-05
761	0.99345	0.0020504	0.0044867	9.2929e-06
762	0.99536	0.0001439	0.004498	6.5175e-07
763	0.99448	0.0010227	0.0044966	4.6266e-06
764	0.9944	0.001093	0.0044989	4.9524e-06
765	0.99504	0.000451	0.0045045	2.0471e-06
766	0.99457	0.00091946	0.004505	4.1715e-06
767	0.99046	0.0050331	0.004489	2.2857e-05
768	0.98786	0.0076244	0.00448	3.463e-05
769	0.98686	0.0086265	0.004478	3.9217e-05
770	0.98703	0.0084455	0.0044816	3.8416e-05
771	0.98865	0.0068262	0.0044916	3.1091e-05
772	0.98857	0.0069073	0.0044938	3.1508e-05
773	0.98959	0.0058779	0.0045012	2.6854e-05
774	0.99182	0.0036464	0.0045141	1.6701e-05
775	0.99031	0.0051564	0.0045098	2.3644e-05
776	0.98986	0.0055993	0.0045105	2.5705e-05
777	0.99045	0.0050087	0.004516	2.3033e-05
778	0.98951	0.0059479	0.0045145	2.7361e-05
779	0.98643	0.009024	0.0045031	4.1529e-05
780	0.98478	0.010675	0.0044983	4.9158e-05
781	0.97998	0.015473	0.004479	7.1295e-05
782	0.97705	0.018401	0.0044683	8.4842e-05
783	0.97617	0.019278	0.004467	8.8998e-05
784	0.9577	0.037742	0.0043846	0.00017422
785	0.94561	0.04983	0.0043315	0.00023022
786	0.93725	0.05819	0.0042955	0.00026901
787	0.93196	0.063477	0.0042738	0.00029362
788	0.92991	0.065522	0.004267	0.00030335
789	0.93025	0.065177	0.0042713	0.00030203
790	0.90563	0.089798	0.0041599	0.00041629
791	0.88759	0.10783	0.0040791	0.00050007
792	0.87477	0.12065	0.0040224	0.0005597
793	0.8662	0.12922	0.0039854	0.0005997
794	0.86122	0.13419	0.0039651	0.00062305
795	0.85951	0.1359	0.00396	0.00063129
796	0.84844	0.14696	0.0039115	0.00068286
797	0.81752	0.17788	0.0037712	0.00082626
798	0.74038	0.25502	0.0034174	0.0011832
799	0.5495	0.4459	0.0025386	0.0020652
800	0.41573	0.57966	0.0019217	0.0026852
801	0.32361	0.67178	0.0014962	0.0031139
802	0.25365	0.74174	0.0011732	0.0034399
803	0.20477	0.79061	0.00094732	0.003669
804	0.16774	0.82764	0.00077633	0.0038432
805	0.13974	0.85564	0.00064719	0.0039755
806	0.12047	0.8749	0.00055821	0.0040677
807	0.10774	0.88764	0.00049937	0.0041297
808	0.099757	0.89561	0.0004625	0.0041697
809	0.095423	0.89994	0.00044249	0.0041929
810	0.093267	0.90209	0.00043265	0.0042059
811	0.081646	0.91371	0.0003786	0.0042631
812	0.074081	0.92127	0.00034336	0.0043014
813	0.068919	0.92643	0.00031936	0.0043286
814	0.065758	0.92959	0.00030472	0.0043464
815	0.064317	0.93103	0.00029813	0.0043562
816	0.064485	0.93086	0.00029907	0.0043585
817	0.06631	0.92903	0.00030777	0.0043531
818	0.070577	0.92476	0.00032782	0.0043363
819	0.077042	0.91829	0.00035821	0.0043091
820	0.087389	0.90794	0.00040669	0.0042639
821	0.10139	0.89393	0.0004724	0.0042015
822	0.1202	0.87512	0.00056084	0.0041163
823	0.1453	0.85002	0.00067902	0.0040015
824	0.18142	0.81389	0.00084896	0.0038348
825	0.22927	0.76604	0.0010745	0.0036127
826	0.24873	0.74658	0.0011667	0.0035238
827	0.27756	0.71774	0.0013029	0.0033909
828	0.31621	0.6791	0.0014856	0.0032114
829	0.36744	0.62786	0.0017284	0.0029721
830	0.43548	0.55982	0.0020512	0.0026527
831	0.52563	0.46967	0.0024797	0.0022275
832	0.51385	0.48144	0.0024258	0.0022849
833	0.50841	0.48688	0.0024017	0.0023124
834	0.50718	0.48811	0.0023976	0.0023199
835	0.5112	0.48407	0.0024183	0.0023025
836	0.51961	0.47566	0.0024601	0.0022642
837	0.53469	0.46058	0.0025334	0.0021943
838	0.55836	0.43691	0.0026475	0.0020836
839	0.59428	0.40098	0.0028196	0.0019148
840	0.64234	0.35292	0.00305	0.0016878
841	0.7062	0.28906	0.0033563	0.001385
842	0.73096	0.26429	0.003477	0.0012678
843	0.73819	0.25706	0.0035141	0.0012341
844	0.75176	0.24349	0.0035815	0.0011702
845	0.77356	0.22169	0.0036883	0.0010669
846	0.80336	0.19188	0.0038336	0.00092503
847	0.7989	0.19633	0.0038151	0.00094714
848	0.79894	0.19629	0.003818	0.00094773
849	0.80255	0.19269	0.0038381	0.00093115
850	0.80999	0.18524	0.0038769	0.00089597
851	0.82186	0.17336	0.0039371	0.00083933
852	0.83909	0.15613	0.0040235	0.00075663
853	0.86556	0.12966	0.0041545	0.00062929
854	0.9012	0.094012	0.0043303	0.00045718
855	0.91503	0.080178	0.0044008	0.00039039
856	0.90876	0.086446	0.004374	0.00042085
857	0.90632	0.088879	0.0043657	0.00043288
858	0.9066	0.088601	0.0043707	0.00043174
859	0.91044	0.084753	0.0043928	0.00041333
860	0.91737	0.077817	0.0044301	0.00037983
861	0.92794	0.06725	0.0044852	0.00032853
862	0.94457	0.050617	0.0045699	0.00024767
863	0.9672	0.027979	0.0046841	0.00013725
864	0.96862	0.026557	0.0046948	0.00013039
865	0.97192	0.02325	0.0047147	0.00011429
866	0.97734	0.017831	0.0047451	8.781e-05
867	0.98528	0.0098873	0.004788	4.8871e-05
868	0.98455	0.010608	0.0047884	5.2409e-05
869	0.98533	0.0098282	0.0047962	4.8625e-05
870	0.98776	0.0073878	0.004812	3.6719e-05
871	0.98441	0.010735	0.0047994	5.33e-05
872	0.97572	0.019427	0.0047602	9.6411e-05
873	0.96975	0.025385	0.0047346	0.00012603
874	0.95328	0.041851	0.0046569	0.00020767
875	0.94244	0.052696	0.0046069	0.0002617
876	0.93504	0.060089	0.004574	0.00029867
877	0.93053	0.064592	0.0045554	0.00032134
878	0.92857	0.066547	0.0045494	0.00033142
879	0.91946	0.075654	0.0045079	0.00037704
880	0.89639	0.09872	0.0043967	0.00049229
881	0.87959	0.11552	0.0043167	0.00057641
882	0.86778	0.12732	0.0042615	0.00063573
883	0.83594	0.15916	0.0041067	0.00079471
884	0.81246	0.18263	0.0039935	0.00091218
885	0.79565	0.19944	0.0039134	0.00099657
886	0.78412	0.21097	0.0038595	0.0010548
887	0.77699	0.21809	0.0038275	0.0010911
888	0.77373	0.22135	0.0038147	0.0011082
889	0.77413	0.22094	0.0038203	0.0011071
890	0.77818	0.21689	0.0038441	0.0010877
891	0.78618	0.20888	0.0038878	0.0010485
892	0.80018	0.19487	0.0039614	0.0009794
893	0.82005	0.17501	0.0040647	0.00088068
894	0.82539	0.16966	0.0040954	0.00085446
895	0.82167	0.17337	0.004081	0.00087349
896	0.82139	0.17365	0.0040838	0.0008753
897	0.82542	0.16961	0.0041082	0.00085558
898	0.83427	0.16076	0.0041567	0.00081167
899	0.84765	0.14738	0.0042281	0.0007448
900	0.86666	0.12836	0.0043284	0.00064925
901	0.89279	0.10222	0.004465	0.00051731
902	0.93097	0.064041	0.0046627	0.00032427
903	0.98699	0.0080194	0.0049509	4.078e-05
904	0.9853	0.0097067	0.0049471	4.9284e-05
905	0.98487	0.010126	0.0049497	5.139e-05
906	0.98593	0.0090621	0.0049598	4.6032e-05
907	0.98486	0.010128	0.0049592	5.1428e-05
908	0.98527	0.009712	0.004966	4.9358e-05
909	0.98695	0.0080273	0.0049793	4.0845e-05
910	0.98657	0.0084039	0.0049822	4.2763e-05
911	0.98736	0.0076135	0.0049911	3.8751e-05
912	0.98937	0.005596	0.0050062	2.8482e-05
913	0.98647	0.0084937	0.0049964	4.3177e-05
914	0.98496	0.0099968	0.0049937	5.0804e-05
915	0.98495	0.0099974	0.0049986	5.0834e-05
916	0.98645	0.0084957	0.0050111	4.3243e-05
917	0.98934	0.0055995	0.0050307	2.8514e-05
918	0.99432	0.0006133	0.005061	3.1314e-06
919	0.99408	0.00084695	0.0050648	4.3241e-06
920	0.99452	0.0004098	0.005072	2.0906e-06
921	0.99481	0.00010867	0.0050785	5.5357e-07
922	0.99176	0.0031555	0.0050678	1.6099e-05
923	0.99015	0.0047649	0.0050645	2.4343e-05
924	0.9898	0.0051067	0.0050676	2.6128e-05
925	0.98771	0.007195	0.0050617	3.6887e-05
926	0.98683	0.008063	0.0050621	4.1384e-05
927	0.98737	0.0075185	0.0050697	3.8651e-05
928	0.98623	0.0086557	0.0050686	4.4582e-05
929	0.98628	0.008603	0.0050736	4.4377e-05
930	0.98752	0.0073565	0.0050849	3.7999e-05
931	0.98702	0.0078478	0.0050872	4.0599e-05
932	0.98767	0.0071981	0.0050955	3.729e-05
933	0.98952	0.0053448	0.00511	2.7733e-05
934	0.98965	0.0052091	0.0051157	2.7045e-05
935	0.99082	0.0040351	0.0051269	2.0959e-05
936	0.9934	0.0014504	0.0051454	7.5565e-06
937	0.99114	0.0036994	0.0051388	1.9249e-05
938	0.98999	0.0048442	0.0051379	2.521e-05
939	0.98691	0.0079191	0.005127	4.1247e-05
940	0.98553	0.009296	0.0051248	4.8492e-05
941	0.98538	0.0094438	0.0051291	4.9324e-05
942	0.98646	0.0083608	0.0051399	4.3717e-05
943	0.98549	0.0093235	0.0051401	4.8769e-05
944	0.98601	0.0088003	0.0051479	4.6084e-05
945	0.98808	0.0067183	0.0051639	3.5259e-05
946	0.98822	0.0065786	0.0051698	3.4572e-05
947	0.98946	0.0053301	0.0051816	2.8051e-05
948	0.99191	0.0028783	0.0051998	1.5177e-05
949	0.99278	0.002003	0.0052097	1.0572e-05
950	0.99289	0.0018814	0.0052157	9.9448e-06
951	0.99383	0.00094203	0.005226	4.9995e-06
952	0.99296	0.0018019	0.0052268	9.5583e-06
953	0.99081	0.003949	0.0052209	2.0939e-05
954	0.98975	0.004998	0.0052208	2.6519e-05
955	0.98972	0.0050284	0.0052262	2.6707e-05
956	0.9907	0.0040425	0.005237	2.1499e-05
957	0.98733	0.0074105	0.0052246	3.9414e-05
958	0.9602	0.034528	0.0050858	0.00018382
959	0.94006	0.054662	0.004984	0.00029119
960	0.92545	0.069271	0.0049116	0.00036923
961	0.91522	0.079498	0.0048625	0.00042401
962	0.90935	0.085362	0.0048364	0.00045573
963	0.90709	0.087609	0.0048295	0.00046828
