#coord	neutral	conserved	gBGC.neutral	gBGC.conserved
1	0.7436	0.22833	0.021472	0.0065987
2	0.74932	0.22259	0.021652	0.0064371
3	0.75926	0.21263	0.021954	0.0061524
4	0.77571	0.19617	0.022446	0.0056794
5	0.80076	0.1711	0.023186	0.0049573
6	0.83824	0.1336	0.024287	0.0038747
7	0.88819	0.083628	0.025752	0.0024277
8	0.91011	0.061697	0.026405	0.0017933
9	0.93976	0.032022	0.027284	0.00093244
10	0.95128	0.020488	0.027637	0.00059744
11	0.95554	0.016207	0.02778	0.00047301
12	0.96202	0.0097113	0.027988	0.00028363
13	0.96461	0.0070949	0.028083	0.00020743
14	0.96877	0.0029211	0.028224	8.5534e-05
15	0.97047	0.0012035	0.028293	3.5286e-05
16	0.96994	0.0017118	0.028297	5.0118e-05
17	0.97017	0.001465	0.028324	4.2872e-05
18	0.96979	0.0018243	0.028332	5.3389e-05
19	0.97018	0.0014197	0.028363	4.1543e-05
20	0.9715	7.1973e-05	0.028422	2.1095e-06
21	0.97153	2.6989e-05	0.028442	7.9079e-07
22	0.97124	0.00029765	0.028454	8.7391e-06
23	0.97083	0.00068991	0.028462	2.0266e-05
24	0.97105	0.00044412	0.028488	1.3059e-05
25	0.97114	0.00034371	0.028511	1.0109e-05
26	0.97114	0.00032372	0.028531	9.5124e-06
27	0.97015	0.0012905	0.028523	3.7944e-05
28	0.97002	0.0013971	0.028539	4.1139e-05
29	0.97063	0.00076897	0.028577	2.2666e-05
30	0.97089	0.00049093	0.028605	1.4513e-05
31	0.96998	0.0013798	0.028599	4.082e-05
32	0.9679	0.0034409	0.028558	0.0001018
33	0.96677	0.0045537	0.028545	0.00013478
34	0.96652	0.0047765	0.028559	0.00014142
35	0.96729	0.0039912	0.028602	0.00011829
36	0.96672	0.0045391	0.028606	0.00013458
37	0.96714	0.0040986	0.028639	0.00012166
38	0.96844	0.0027786	0.028699	8.2577e-05
39	0.96857	0.0026295	0.028724	7.8173e-05
40	0.96948	0.0016987	0.028772	5.0499e-05
41	0.96957	0.0015871	0.028796	4.7199e-05
42	0.96895	0.0021819	0.028799	6.4945e-05
43	0.96907	0.0020417	0.028824	6.0806e-05
44	0.96842	0.0026756	0.028826	7.9765e-05
45	0.96861	0.0024644	0.028853	7.3518e-05
46	0.96966	0.0013916	0.028906	4.1514e-05
47	0.97005	0.00098663	0.028939	2.9447e-05
48	0.97007	0.00093707	0.028961	2.8006e-05
49	0.9708	0.00019268	0.029004	5.7672e-06
50	0.97079	0.00018186	0.029026	5.4419e-06
51	0.97087	7.3383e-05	0.02905	2.2094e-06
52	0.97078	0.00014816	0.029069	4.5013e-06
53	0.96997	0.00093646	0.029066	2.8539e-05
54	0.96844	0.0024418	0.029042	7.4678e-05
55	0.96798	0.0028815	0.029049	8.8649e-05
56	0.96852	0.002317	0.029087	7.2318e-05
57	0.96818	0.0026353	0.029097	8.3151e-05
58	0.96686	0.0039368	0.029076	0.00012516
59	0.95497	0.015806	0.02872	0.00050323
60	0.94731	0.023444	0.028496	0.00074828
61	0.9422	0.028537	0.028353	0.00091327
62	0.93923	0.031484	0.028277	0.001011
63	0.93857	0.03212	0.028273	0.0010369
64	0.93358	0.037094	0.02813	0.0012012
65	0.9314	0.039245	0.028076	0.0012767
66	0.9312	0.039425	0.028084	0.0012904
67	0.92622	0.044381	0.027938	0.0014578
68	0.92357	0.047014	0.027867	0.001551
69	0.92364	0.04692	0.027881	0.0015584
70	0.91866	0.051883	0.027731	0.00173
71	0.91676	0.053756	0.027681	0.0018024
72	0.9177	0.0528	0.02772	0.0017854
73	0.92091	0.049564	0.02783	0.0016969
74	0.92732	0.043136	0.028039	0.0015099
75	0.93681	0.033619	0.028343	0.0012277
76	0.93965	0.030754	0.02844	0.0011525
77	0.94521	0.025173	0.028622	0.00099229
78	0.95343	0.016937	0.028887	0.00074959
79	0.95663	0.013707	0.028993	0.00066536
80	0.95685	0.013513	0.02901	0.00062807
81	0.95844	0.011939	0.029078	0.00053919
82	0.95174	0.018666	0.02886	0.00073711
83	0.94778	0.022645	0.028728	0.00084971
84	0.94569	0.024752	0.028654	0.0009031
85	0.94566	0.024803	0.028647	0.00089046
86	0.94192	0.028562	0.028519	0.00099762
87	0.94061	0.02989	0.028468	0.0010287
88	0.94109	0.029435	0.028474	0.0010031
89	0.9438	0.026746	0.028551	0.00090563
90	0.9492	0.021365	0.028716	0.00072031
91	0.95804	0.01254	0.028995	0.00042169
92	0.96136	0.0092465	0.029087	0.00030908
93	0.96229	0.0083377	0.0291	0.00027581
94	0.96121	0.009436	0.02905	0.00030647
95	0.96134	0.0093228	0.029037	0.00029967
96	0.96298	0.0077033	0.029071	0.00024614
97	0.96265	0.0080548	0.029042	0.00025464
98	0.96371	0.0070106	0.029057	0.00022033
99	0.96632	0.0044247	0.029119	0.00013856
100	0.96456	0.0061988	0.029046	0.0001913
101	0.96413	0.0066522	0.029014	0.00020412
102	0.96496	0.0058425	0.02902	0.00017873
103	0.96416	0.0066613	0.028976	0.00020291
104	0.96466	0.0061767	0.028971	0.00018781
105	0.96627	0.0045874	0.029	0.00013933
106	0.96637	0.0045077	0.028983	0.00013656
107	0.96498	0.0059213	0.028921	0.00017884
108	0.96467	0.0062489	0.028892	0.00018839
109	0.96564	0.0052945	0.028901	0.00015954
110	0.96775	0.0032093	0.028945	9.6737e-05
111	0.96837	0.0026036	0.028944	7.8429e-05
112	0.96809	0.002907	0.028916	8.7414e-05
113	0.96866	0.0023577	0.028913	7.0837e-05
114	0.97013	0.00090552	0.028938	2.7237e-05
115	0.9414	0.029652	0.02806	0.00088639
116	0.92173	0.049342	0.027453	0.0014744
117	0.90861	0.062482	0.027043	0.0018665
118	0.89945	0.071662	0.026751	0.0021394
119	0.89431	0.076816	0.026579	0.0022922
120	0.89255	0.078601	0.026508	0.0023447
121	0.89332	0.077847	0.026513	0.0023213
122	0.89669	0.074492	0.026595	0.0022204
123	0.90293	0.068275	0.026763	0.0020345
124	0.90237	0.068856	0.026728	0.0020504
125	0.90423	0.067014	0.026766	0.0019941
126	0.90865	0.062604	0.026881	0.0018616
127	0.90685	0.064421	0.02681	0.001914
128	0.90797	0.063325	0.026826	0.0018804
129	0.91227	0.05904	0.026936	0.0017526
130	0.91109	0.060242	0.026882	0.0017875
131	0.91217	0.059175	0.026897	0.0017551
132	0.91564	0.055724	0.026982	0.0016521
133	0.91329	0.058093	0.026895	0.0017209
134	0.91387	0.057529	0.026895	0.0017033
135	0.91674	0.054677	0.026962	0.0016181
136	0.92215	0.049282	0.027105	0.0014578
137	0.93134	0.040111	0.027359	0.0011866
138	0.94431	0.027165	0.027723	0.00080425
139	0.94301	0.02848	0.027668	0.00084239
140	0.94345	0.028062	0.027663	0.00082939
141	0.94564	0.02588	0.027711	0.00076437
142	0.94977	0.021769	0.027816	0.00064251
143	0.94999	0.021564	0.027806	0.00063566
144	0.95183	0.019743	0.027843	0.00058125
145	0.95584	0.01575	0.027944	0.00046324
146	0.95673	0.014884	0.027953	0.00043733
147	0.9591	0.012528	0.028006	0.0003677
148	0.96354	0.0081033	0.028119	0.0002377
149	0.96497	0.006689	0.028144	0.00019596
150	0.96481	0.0068708	0.028122	0.00020103
151	0.96597	0.0057194	0.028139	0.00016727
152	0.96834	0.0033691	0.028192	9.8494e-05
153	0.96925	0.0024797	0.028201	7.2508e-05
154	0.96683	0.004914	0.028113	0.0001434
155	0.96578	0.0059788	0.028066	0.00017442
156	0.96235	0.0094251	0.027949	0.00027467
157	0.9604	0.01139	0.027876	0.00033163
158	0.96004	0.011766	0.027848	0.00034246
159	0.95655	0.015271	0.02773	0.00044403
160	0.95509	0.016749	0.027671	0.00048682
161	0.9551	0.016757	0.027655	0.0004868
162	0.9518	0.02007	0.027543	0.00058247
163	0.94236	0.02953	0.027254	0.0008557
164	0.93665	0.035258	0.027073	0.0010209
165	0.93387	0.038054	0.026976	0.0011013
166	0.92501	0.046926	0.026704	0.0013577
167	0.91916	0.052799	0.026519	0.0015267
168	0.91644	0.05553	0.026424	0.001605
169	0.91598	0.056007	0.026395	0.001618
170	0.91842	0.053587	0.02645	0.0015476
171	0.90298	0.069034	0.025988	0.0019932
172	0.89203	0.080003	0.025657	0.0023087
173	0.88575	0.086299	0.02546	0.0024893
174	0.88327	0.088799	0.025373	0.0025607
175	0.88342	0.088662	0.025362	0.0025558
176	0.87647	0.095624	0.025147	0.0027556
177	0.87263	0.09948	0.025021	0.0028654
178	0.87161	0.10052	0.024977	0.002894
179	0.87332	0.098825	0.025011	0.0028438
180	0.87794	0.094223	0.02513	0.00271
181	0.88693	0.08525	0.025373	0.0024513
182	0.90154	0.070652	0.025777	0.0020322
183	0.92165	0.05056	0.026338	0.0014558
184	0.92976	0.042465	0.026554	0.0012237
185	0.93135	0.040891	0.026585	0.0011783
186	0.92789	0.044363	0.02647	0.0012775
187	0.9173	0.054965	0.026151	0.0015816
188	0.91016	0.062123	0.025931	0.0017862
189	0.90652	0.065775	0.025812	0.0018904
190	0.90537	0.066943	0.025764	0.0019233
191	0.90717	0.065154	0.0258	0.0018719
192	0.91152	0.060824	0.025909	0.0017478
193	0.86511	0.10725	0.024567	0.0030757
194	0.83313	0.13924	0.023637	0.0039904
195	0.81151	0.16088	0.023004	0.0046085
196	0.76091	0.21149	0.021541	0.0060563
197	0.72317	0.24924	0.02045	0.0071335
198	0.69533	0.2771	0.019643	0.0079256
199	0.67521	0.29723	0.019058	0.0084962
200	0.66267	0.30979	0.018688	0.0088508
201	0.65487	0.31761	0.018455	0.0090696
202	0.62799	0.3445	0.01768	0.0098302
203	0.60856	0.36395	0.017118	0.010378
204	0.59519	0.37733	0.01673	0.010752
205	0.58676	0.38577	0.016482	0.010986
206	0.5827	0.38985	0.016358	0.011095
207	0.584	0.38856	0.016385	0.011054
208	0.57133	0.40125	0.016019	0.011407
209	0.5635	0.40909	0.01579	0.011622
210	0.53426	0.43834	0.014958	0.01244
211	0.51307	0.45955	0.014354	0.01303
212	0.49827	0.47436	0.013932	0.013439
213	0.48871	0.48393	0.013657	0.0137
214	0.45753	0.51513	0.012777	0.014566
215	0.38432	0.58835	0.01072	0.01661
216	0.32915	0.64353	0.0091715	0.018145
217	0.28768	0.68501	0.0080091	0.019294
218	0.25967	0.71304	0.0072226	0.020068
219	0.23894	0.73378	0.0066408	0.020636
220	0.22391	0.74883	0.0062192	0.021045
221	0.18027	0.79248	0.0050024	0.022248
222	0.15044	0.82232	0.00417	0.023068
223	0.12808	0.8447	0.0035467	0.023678
224	0.11313	0.85965	0.0031296	0.024082
225	0.10225	0.87055	0.0028261	0.024373
226	0.094577	0.87824	0.0026123	0.024574
227	0.090248	0.88258	0.0024912	0.024682
228	0.088855	0.88398	0.0024514	0.024709
229	0.090201	0.88265	0.0024874	0.02466
230	0.093574	0.87929	0.0025798	0.024555
231	0.099274	0.8736	0.0027368	0.024385
232	0.10871	0.86418	0.002997	0.024112
233	0.12175	0.85115	0.0033572	0.02374
234	0.13947	0.83344	0.0038472	0.023237
235	0.1432	0.82973	0.0039491	0.023123
236	0.15097	0.82197	0.0041625	0.022897
237	0.1623	0.81065	0.0044748	0.022572
238	0.14528	0.82769	0.0040012	0.023033
239	0.13285	0.84013	0.0036555	0.023367
240	0.12509	0.8479	0.003439	0.023571
241	0.12119	0.85181	0.003329	0.023669
242	0.11967	0.85334	0.0032852	0.0237
243	0.12047	0.85256	0.0033055	0.023668
244	0.12364	0.8494	0.0033915	0.023569
245	0.13031	0.84274	0.0035736	0.023375
246	0.14017	0.8329	0.0038437	0.023093
247	0.15539	0.81768	0.004261	0.022664
248	0.17598	0.7971	0.004826	0.022087
249	0.20363	0.76947	0.0055857	0.021315
250	0.24357	0.72954	0.0066823	0.020207
251	0.29633	0.6768	0.0081321	0.018745
252	0.36622	0.60692	0.010054	0.016811
253	0.39588	0.57727	0.010866	0.015988
254	0.43565	0.53751	0.011956	0.014886
255	0.48853	0.48464	0.013407	0.013423
256	0.50762	0.46557	0.013927	0.012891
257	0.53404	0.43916	0.01465	0.012157
258	0.5698	0.4034	0.015631	0.011165
259	0.61784	0.35537	0.016951	0.0098336
260	0.68192	0.2913	0.018715	0.0080589
261	0.77545	0.19779	0.021287	0.0054749
262	0.81303	0.16022	0.022316	0.004435
263	0.82761	0.14565	0.02271	0.0040306
264	0.8503	0.12298	0.023326	0.0034031
265	0.881	0.092278	0.024164	0.0025542
266	0.89385	0.07944	0.024508	0.0021991
267	0.91184	0.061466	0.024994	0.0017024
268	0.91782	0.055491	0.025149	0.0015366
269	0.9176	0.055722	0.025133	0.0015418
270	0.91964	0.053699	0.02518	0.0014849
271	0.92405	0.049298	0.025292	0.0013623
272	0.93121	0.042144	0.02548	0.0011638
273	0.94284	0.030529	0.025791	0.0008427
274	0.94686	0.026518	0.025892	0.00073134
275	0.95383	0.019562	0.026074	0.0005392
276	0.96462	0.0087754	0.02636	0.00024209
277	0.96899	0.0044136	0.02647	0.00012185
278	0.96833	0.0050911	0.026442	0.00014024
279	0.96866	0.0047677	0.026441	0.00013116
280	0.96772	0.0057206	0.026405	0.00015714
281	0.96781	0.005639	0.026397	0.00015476
282	0.96623	0.0072296	0.026344	0.00019806
283	0.9658	0.0076703	0.026323	0.00020987
284	0.96343	0.010051	0.026248	0.00027468
285	0.96241	0.011078	0.02621	0.00030247
286	0.95839	0.015108	0.026091	0.00041212
287	0.95643	0.01708	0.026028	0.00046577
288	0.95627	0.017246	0.026013	0.00047029
289	0.9579	0.015628	0.026048	0.00042634
290	0.96115	0.012388	0.026126	0.00033821
291	0.96625	0.0072997	0.026255	0.00019972
292	0.95937	0.014181	0.026058	0.00038753
293	0.95521	0.018358	0.025934	0.00050159
294	0.95284	0.020732	0.02586	0.00056633
295	0.94518	0.028405	0.025642	0.00077529
296	0.9401	0.033496	0.025494	0.00091362
297	0.93724	0.036365	0.025407	0.00099126
298	0.93689	0.036721	0.025389	0.0010008
299	0.93847	0.035149	0.025423	0.00095771
300	0.94208	0.031552	0.025512	0.00085958
301	0.93212	0.041522	0.025233	0.0011295
302	0.92603	0.047612	0.025059	0.0012943
303	0.92248	0.051172	0.024955	0.0013902
304	0.92183	0.051836	0.024928	0.0014078
305	0.92333	0.050346	0.024961	0.0013668
306	0.92782	0.045858	0.025074	0.0012449
307	0.92672	0.046968	0.025036	0.0012744
308	0.92772	0.045976	0.025055	0.0012469
309	0.93143	0.042276	0.025147	0.0011463
310	0.93766	0.036057	0.025307	0.00097738
311	0.94684	0.02688	0.025548	0.00072824
312	0.96106	0.01267	0.025924	0.00034338
313	0.96177	0.01197	0.025935	0.00032415
314	0.96414	0.0096041	0.025991	0.00026005
315	0.96809	0.0056642	0.026089	0.00015334
316	0.96941	0.0043513	0.026117	0.00011768
317	0.96938	0.0043914	0.026108	0.00011865
318	0.96788	0.0059047	0.026059	0.00015928
319	0.964	0.0097919	0.025946	0.00026387
320	0.96169	0.01211	0.025876	0.00032605
321	0.9611	0.012709	0.025852	0.00034205
322	0.96181	0.011999	0.025864	0.00032272
323	0.96021	0.013607	0.025813	0.00036581
324	0.96	0.013828	0.025799	0.00037149
325	0.96143	0.012405	0.02583	0.00033308
326	0.96469	0.0091577	0.025909	0.00024579
327	0.97028	0.0035717	0.026051	9.5931e-05
328	0.96749	0.006369	0.025968	0.00017103
329	0.96599	0.0078825	0.02592	0.00021154
330	0.96566	0.0082152	0.025903	0.00022028
331	0.9667	0.0071848	0.025923	0.00019252
332	0.96923	0.0046599	0.025983	0.00012478
333	0.97366	0.00024209	0.026094	6.4812e-06
334	0.97297	0.0009396	0.026068	2.514e-05
335	0.97304	0.00087543	0.026062	2.3415e-05
336	0.9739	2.3605e-05	0.026077	6.3233e-07
337	0.97376	0.00017193	0.026065	4.6076e-06
338	0.96986	0.0040728	0.025953	0.00010922
339	0.9677	0.0062419	0.025887	0.00016744
340	0.96673	0.0072182	0.025853	0.0001936
341	0.96711	0.006848	0.025856	0.00018377
342	0.96863	0.00534	0.025889	0.00014344
343	0.96539	0.0085879	0.025794	0.00023038
344	0.96357	0.010409	0.025738	0.00027902
345	0.96329	0.010698	0.025723	0.00028672
346	0.96031	0.01369	0.025636	0.00036686
347	0.95886	0.015143	0.02559	0.0004057
348	0.95884	0.015171	0.025582	0.00040634
349	0.96024	0.013777	0.025613	0.00036887
350	0.96359	0.010433	0.025695	0.00027945
351	0.9688	0.005234	0.025827	0.00014041
352	0.96363	0.010411	0.025682	0.00027871
353	0.96031	0.013739	0.025587	0.00036743
354	0.95893	0.015121	0.025543	0.00040431
355	0.95898	0.015083	0.025537	0.00040318
356	0.96043	0.013638	0.02557	0.00036443
357	0.9634	0.010676	0.025642	0.00028515
358	0.96856	0.0055199	0.025774	0.00014751
359	0.97048	0.0036099	0.025818	9.6458e-05
360	0.9709	0.003191	0.025823	8.5178e-05
361	0.97032	0.0037739	0.025801	0.00010065
362	0.97066	0.0034431	0.025804	9.1757e-05
363	0.96982	0.0042902	0.025776	0.00011416
364	0.97012	0.0039974	0.025777	0.00010631
365	0.96476	0.0093609	0.025629	0.00024854
366	0.96162	0.012512	0.025539	0.00033211
367	0.96034	0.013793	0.025499	0.00036607
368	0.96044	0.013699	0.025496	0.00036343
369	0.96227	0.011879	0.025538	0.00031509
370	0.96607	0.0080805	0.025633	0.00021439
371	0.96713	0.0070311	0.025654	0.00018652
372	0.96645	0.007711	0.02563	0.00020459
373	0.9669	0.007272	0.025636	0.0001929
374	0.96873	0.0054466	0.025679	0.00014453
375	0.97188	0.0023056	0.025756	6.1224e-05
376	0.97319	0.00099461	0.025785	2.6423e-05
377	0.97377	0.0004212	0.025795	1.1188e-05
378	0.97411	9.4035e-05	0.025798	2.4936e-06
379	0.97415	5.9075e-05	0.025793	1.5683e-06
380	0.97332	0.00088887	0.025766	2.3571e-05
381	0.9732	0.0010178	0.025757	2.6979e-05
382	0.97268	0.0015447	0.025737	4.0961e-05
383	0.97136	0.00287	0.025697	7.6158e-05
384	0.96802	0.0062173	0.025602	0.00016491
385	0.9663	0.0079388	0.025551	0.00021063
386	0.96579	0.0084572	0.025532	0.0002244
387	0.96644	0.0078132	0.025544	0.00020733
388	0.9683	0.0059563	0.025588	0.00015808
389	0.9715	0.0027574	0.025668	7.3246e-05
390	0.97277	0.0014954	0.025697	3.9748e-05
391	0.96832	0.0059473	0.025574	0.00015749
392	0.96548	0.0087945	0.025494	0.00023267
393	0.96426	0.01002	0.025457	0.00026506
394	0.96428	0.010003	0.025453	0.00026452
395	0.96578	0.0085023	0.025488	0.00022486
396	0.96865	0.0056401	0.025559	0.00014918
397	0.96961	0.0046871	0.02558	0.00012403
398	0.96914	0.0051622	0.025563	0.00013657
399	0.96966	0.0046431	0.025572	0.00012281
400	0.96878	0.0055343	0.025544	0.00014624
401	0.96892	0.0053931	0.025544	0.00014237
402	0.97033	0.0039853	0.025577	0.00010514
403	0.97321	0.0011142	0.025648	2.9408e-05
404	0.9732	0.0011217	0.025644	2.958e-05
405	0.97278	0.0015539	0.025628	4.0971e-05
406	0.97166	0.002679	0.025594	7.0667e-05
407	0.97142	0.0029203	0.025584	7.702e-05
408	0.97204	0.0023039	0.025596	6.0733e-05
409	0.97192	0.0024309	0.025588	6.4078e-05
410	0.97078	0.003576	0.025554	9.4191e-05
411	0.97058	0.0037789	0.025545	9.9448e-05
412	0.96916	0.0051972	0.025504	0.00013671
413	0.969	0.0053603	0.025496	0.000141
414	0.97008	0.004291	0.02552	0.00011292
415	0.97225	0.0021164	0.025573	5.571e-05
416	0.97308	0.0012927	0.025591	3.4009e-05
417	0.97335	0.0010329	0.025594	2.7179e-05
418	0.96572	0.0086654	0.025389	0.00022816
419	0.96089	0.013495	0.025258	0.00035544
420	0.95791	0.016483	0.025176	0.00043405
421	0.94922	0.025176	0.024943	0.00066254
422	0.94328	0.031119	0.024784	0.00081843
423	0.93964	0.034761	0.024685	0.00091369
424	0.93848	0.035929	0.024651	0.00094408
425	0.93964	0.034771	0.024678	0.0009135
426	0.94338	0.031033	0.024773	0.00081532
427	0.94947	0.024944	0.024929	0.0006552
428	0.95917	0.015247	0.025181	0.00040062
429	0.97263	0.0017955	0.025531	4.719e-05
430	0.97087	0.0035524	0.025481	9.3372e-05
431	0.96653	0.0078996	0.025363	0.00020749
432	0.96382	0.010617	0.025289	0.0002787
433	0.9625	0.011933	0.025251	0.00031303
434	0.96275	0.011691	0.025255	0.00030656
435	0.96458	0.0098598	0.025299	0.00025848
436	0.95926	0.015181	0.025157	0.00039777
437	0.95629	0.018161	0.025076	0.00047577
438	0.95534	0.01911	0.025048	0.00050064
439	0.95592	0.018536	0.02506	0.0004855
440	0.9584	0.016055	0.025122	0.00042044
441	0.96311	0.011348	0.025242	0.00029725
442	0.96081	0.013658	0.025178	0.00035795
443	0.95995	0.014516	0.025152	0.00038044
444	0.96047	0.014003	0.025163	0.00036692
445	0.96278	0.011698	0.02522	0.00030656
446	0.96673	0.0077505	0.025321	0.00020306
447	0.97323	0.0012454	0.025488	3.2736e-05
448	0.97033	0.0041527	0.025409	0.00010911
449	0.96886	0.0056214	0.025367	0.00014778
450	0.96847	0.00602	0.025354	0.00015831
451	0.96609	0.0084009	0.025289	0.00022083
452	0.965	0.0094945	0.025258	0.00024951
453	0.96512	0.0093714	0.025258	0.00024621
454	0.96646	0.0080353	0.025291	0.00021105
455	0.96912	0.0053849	0.025358	0.00014134
456	0.97374	0.00076146	0.025477	1.9995e-05
457	0.96369	0.010816	0.025212	0.00028349
458	0.95653	0.017977	0.025022	0.00047091
459	0.95175	0.022759	0.024895	0.00059587
460	0.93993	0.034582	0.024583	0.00090516
461	0.93239	0.042124	0.024383	0.0011026
462	0.92829	0.046226	0.024274	0.0012102
463	0.77956	0.19496	0.020378	0.0051038
464	0.67552	0.299	0.01765	0.0078291
465	0.59707	0.37745	0.015596	0.0098815
466	0.54345	0.43107	0.01419	0.011285
467	0.5034	0.47113	0.013141	0.012332
468	0.47671	0.49782	0.012441	0.01303
469	0.45965	0.51488	0.011993	0.013476
470	0.4481	0.52644	0.011689	0.013778
471	0.44244	0.53209	0.011539	0.013926
472	0.44196	0.53258	0.011524	0.013938
473	0.42647	0.54807	0.011117	0.014343
474	0.41626	0.55828	0.010849	0.01461
475	0.41168	0.56287	0.010728	0.014729
476	0.33289	0.64166	0.0086666	0.016788
477	0.27339	0.70115	0.0071121	0.018341
478	0.23197	0.74258	0.0060288	0.019423
479	0.20074	0.77381	0.0052128	0.020237
480	0.17733	0.79723	0.0046018	0.020846
481	0.16005	0.81451	0.0041514	0.021295
482	0.14755	0.827	0.0038259	0.021619
483	0.13885	0.8357	0.0035998	0.021844
484	0.13323	0.84133	0.0034538	0.021988
485	0.13123	0.84333	0.0034021	0.022039
486	0.11681	0.85775	0.0030276	0.022412
487	0.10741	0.86715	0.002783	0.022655
488	0.10199	0.87257	0.0026419	0.022795
489	0.098953	0.87561	0.0025629	0.022873
490	0.086009	0.88856	0.0022268	0.023208
491	0.076494	0.89807	0.00198	0.023453
492	0.069733	0.90484	0.001805	0.023627
493	0.06584	0.90873	0.0017042	0.023727
494	0.064442	0.91013	0.001668	0.023762
495	0.065344	0.90923	0.0016913	0.023738
496	0.058738	0.91583	0.0015197	0.023908
497	0.054944	0.91963	0.0014209	0.024006
498	0.052765	0.92181	0.0013642	0.024062
499	0.052562	0.92201	0.0013587	0.024066
500	0.05431	0.92027	0.0014037	0.02402
501	0.057649	0.91693	0.0014901	0.023933
502	0.063518	0.91106	0.0016418	0.02378
503	0.071746	0.90283	0.001855	0.023566
504	0.084099	0.89048	0.0021747	0.023246
505	0.10068	0.8739	0.0026043	0.022815
506	0.12278	0.8518	0.0031779	0.022241
507	0.12934	0.84524	0.003348	0.02207
508	0.12651	0.84807	0.0032744	0.022143
509	0.12684	0.84775	0.0032825	0.022135
510	0.12953	0.84505	0.0033525	0.022064
511	0.13481	0.83978	0.0034898	0.021926
512	0.14312	0.83147	0.0037062	0.02171
513	0.15664	0.81795	0.004058	0.021357
514	0.17509	0.7995	0.0045385	0.020877
515	0.19987	0.77472	0.0051845	0.02023
516	0.23643	0.73815	0.0061368	0.019278
517	0.233	0.74158	0.0060479	0.019366
518	0.23374	0.74084	0.0060673	0.019347
519	0.23898	0.73561	0.0062033	0.019211
520	0.2067	0.76789	0.005363	0.020051
521	0.18458	0.79001	0.0047867	0.020627
522	0.16825	0.80633	0.0043619	0.021051
523	0.15649	0.8181	0.0040562	0.021357
524	0.14839	0.82619	0.0038461	0.021567
525	0.1434	0.83119	0.003717	0.021696
526	0.12616	0.84843	0.0032693	0.022144
527	0.11494	0.85965	0.0029777	0.022436
528	0.10708	0.86751	0.0027738	0.02264
529	0.082887	0.8917	0.0021462	0.023268
530	0.064519	0.91007	0.0016702	0.023744
531	0.051792	0.92279	0.0013401	0.024074
532	0.042242	0.93234	0.0010927	0.024322
533	0.035796	0.93879	0.00092551	0.02449
534	0.031076	0.94351	0.00080327	0.024612
535	0.028291	0.94629	0.00073104	0.024685
536	0.026565	0.94802	0.00068637	0.02473
537	0.025765	0.94882	0.00066583	0.024751
538	0.025832	0.94875	0.00066787	0.02475
539	0.026771	0.94781	0.00069263	0.024725
540	0.028675	0.94591	0.00074261	0.024676
541	0.025361	0.94922	0.00065713	0.024762
542	0.023589	0.95099	0.00061149	0.024809
543	0.023039	0.95154	0.00059744	0.024824
544	0.017802	0.95678	0.00046142	0.02496
545	0.013818	0.96076	0.00035807	0.025064
546	0.010776	0.9638	0.00027924	0.025144
547	0.0084363	0.96614	0.00021871	0.025206
548	0.0069001	0.96767	0.00017891	0.025246
549	0.0059524	0.96862	0.0001543	0.025272
550	0.0052489	0.96932	0.00013606	0.025291
551	0.0047345	0.96984	0.00012276	0.025305
552	0.0045555	0.97002	0.0001181	0.025311
553	0.0044936	0.97008	0.0001165	0.025314
554	0.004553	0.97002	0.00011808	0.025313
555	0.0047383	0.96983	0.00012296	0.02531
556	0.005064	0.9695	0.00013152	0.025303
557	0.0055556	0.96901	0.00014443	0.025291
558	0.0062517	0.96831	0.00016272	0.025274
559	0.0071953	0.96737	0.00018754	0.025251
560	0.0087455	0.96581	0.00022814	0.025212
561	0.011057	0.9635	0.00028855	0.025153
562	0.014423	0.96013	0.00037643	0.025066
563	0.018794	0.95576	0.0004907	0.024954
564	0.025224	0.94933	0.00065858	0.024787
565	0.019981	0.95457	0.00052189	0.024925
566	0.016443	0.95811	0.00042958	0.025019
567	0.013831	0.96072	0.00036152	0.025089
568	0.012224	0.96232	0.00031963	0.025133
569	0.011472	0.96307	0.0003	0.025154
570	0.01147	0.96307	0.00029991	0.025156
571	0.012218	0.96232	0.00031935	0.025138
572	0.0094511	0.96509	0.00024701	0.025212
573	0.0075601	0.96698	0.0001975	0.025263
574	0.0060918	0.96845	0.00015912	0.025303
575	0.0051169	0.96942	0.00013358	0.02533
576	0.0043384	0.9702	0.00011323	0.025353
577	0.0038871	0.97065	0.00010138	0.025366
578	0.0035307	0.971	9.2041e-05	0.025377
579	0.0032414	0.97129	8.4492e-05	0.025387
580	0.003151	0.97138	8.208e-05	0.025391
581	0.003093	0.97143	8.0542e-05	0.025395
582	0.0030558	0.97147	7.957e-05	0.025398
583	0.0030437	0.97148	7.9276e-05	0.0254
584	0.0032079	0.97131	8.3524e-05	0.025398
585	0.0034035	0.97111	8.8616e-05	0.025395
586	0.0036455	0.97087	9.4939e-05	0.025391
587	0.0039521	0.97056	0.00010298	0.025385
588	0.0045377	0.96997	0.00011824	0.025372
589	0.005277	0.96923	0.00013754	0.025355
590	0.0062173	0.96829	0.00016215	0.025333
591	0.0074298	0.96707	0.00019393	0.025304
592	0.0090066	0.96549	0.00023532	0.025265
593	0.011364	0.96313	0.00029707	0.025206
594	0.014881	0.95961	0.00038908	0.025116
595	0.019448	0.95504	0.00050872	0.024999
596	0.025412	0.94908	0.00066514	0.024846
597	0.033264	0.94122	0.0008714	0.024642
598	0.044553	0.92993	0.0011676	0.024348
599	0.047856	0.92663	0.0012543	0.024264
600	0.045596	0.92888	0.0011952	0.024326
601	0.045266	0.92921	0.0011865	0.024338
602	0.038693	0.93578	0.0010138	0.024513
603	0.033908	0.94056	0.00088832	0.024641
604	0.031131	0.94334	0.00081532	0.024717
605	0.029977	0.94449	0.00078472	0.02475
606	0.029819	0.94464	0.00078037	0.024758
607	0.031036	0.94342	0.00081189	0.024729
608	0.033319	0.94114	0.00087145	0.024672
609	0.036869	0.93758	0.00096433	0.024582
610	0.041965	0.93249	0.0010979	0.024452
611	0.041471	0.93298	0.0010849	0.024468
612	0.042181	0.93226	0.0011036	0.024452
613	0.04466	0.92978	0.0011685	0.02439
614	0.048619	0.92582	0.0012724	0.024289
615	0.054359	0.92008	0.0014232	0.024142
616	0.042536	0.9319	0.0011134	0.024455
617	0.033618	0.94081	0.00088004	0.024691
618	0.027659	0.94677	0.00072391	0.024851
619	0.023252	0.95117	0.00060858	0.024969
620	0.020448	0.95397	0.00053513	0.025046
621	0.018892	0.95552	0.00049425	0.02509
622	0.018062	0.95635	0.00047249	0.025115
623	0.017912	0.9565	0.00046864	0.025123
624	0.018732	0.95567	0.00049014	0.025105
625	0.020629	0.95377	0.00053972	0.025058
626	0.023419	0.95098	0.00061283	0.024989
627	0.027315	0.94708	0.00071508	0.02489
628	0.033347	0.94104	0.0008732	0.024736
629	0.041411	0.93298	0.0010849	0.024527
630	0.053117	0.92127	0.0013918	0.024224
631	0.069956	0.90442	0.001833	0.023787
632	0.074918	0.89946	0.0019633	0.02366
633	0.082247	0.89213	0.002156	0.023471
634	0.08132	0.89305	0.0021322	0.023499
635	0.082875	0.89149	0.0021733	0.023461
636	0.087109	0.88725	0.0022846	0.023354
637	0.09475	0.87961	0.0024851	0.023157
638	0.10546	0.86889	0.0027667	0.022879
639	0.12014	0.85421	0.0031528	0.022497
640	0.14207	0.83228	0.0037292	0.021925
641	0.17115	0.80319	0.0044946	0.021163
642	0.20978	0.76456	0.0055124	0.020149
643	0.22259	0.75174	0.0058513	0.019815
644	0.24232	0.73201	0.0063718	0.019298
645	0.27199	0.70234	0.0071539	0.01852
646	0.31576	0.65856	0.0083063	0.017372
647	0.37366	0.60066	0.0098324	0.01585
648	0.45803	0.51629	0.012054	0.013632
649	0.46402	0.51029	0.012214	0.013477
650	0.476	0.49831	0.012531	0.013164
651	0.49359	0.48071	0.012997	0.012702
652	0.51826	0.45604	0.01365	0.012053
653	0.55484	0.41946	0.014617	0.01109
654	0.6037	0.37058	0.015911	0.0098017
655	0.62172	0.35257	0.01639	0.009327
656	0.64921	0.32507	0.017119	0.008602
657	0.68638	0.2879	0.018106	0.0076202
658	0.74127	0.233	0.01956	0.0061702
659	0.81435	0.15991	0.021498	0.0042368
660	0.91092	0.063339	0.024061	0.0016782
661	0.91157	0.062686	0.024084	0.0016608
662	0.91521	0.059037	0.024185	0.0015641
663	0.92232	0.051929	0.024378	0.0013761
664	0.93277	0.04147	0.02466	0.0010988
665	0.94895	0.025283	0.025094	0.00067002
666	0.95579	0.018445	0.02528	0.00048902
667	0.96552	0.0087037	0.025543	0.00023079
668	0.96575	0.0084666	0.025554	0.00022441
669	0.96383	0.010385	0.025509	0.00027499
670	0.96345	0.01076	0.025504	0.00028483
671	0.96457	0.0096407	0.025539	0.00025516
672	0.96738	0.0068193	0.025618	0.00018048
673	0.96812	0.0060757	0.025643	0.00016087
674	0.96741	0.0067808	0.025629	0.00017967
675	0.96779	0.0063979	0.025644	0.00016958
676	0.96954	0.0046436	0.025695	0.0001232
677	0.9697	0.0044811	0.025705	0.00011895
678	0.9684	0.005774	0.025676	0.00015325
679	0.96838	0.0057882	0.02568	0.0001537
680	0.9694	0.0047599	0.025713	0.00012642
681	0.97183	0.0023295	0.025783	6.1991e-05
682	0.971	0.003147	0.025766	8.376e-05
683	0.97107	0.0030749	0.025774	8.1863e-05
684	0.97203	0.0021078	0.025805	5.6133e-05
685	0.97003	0.0041076	0.025757	0.00010924
686	0.96542	0.0087074	0.025641	0.00023154
687	0.96288	0.011238	0.025579	0.00029899
688	0.96174	0.012374	0.025554	0.00032929
689	0.95757	0.016539	0.025449	0.00044029
690	0.95519	0.018919	0.025391	0.00050371
691	0.9544	0.019701	0.025376	0.00052452
692	0.95553	0.018562	0.025412	0.00049434
693	0.95828	0.015813	0.025491	0.00042116
694	0.96331	0.010771	0.025631	0.00028702
695	0.97063	0.0034435	0.025832	9.1724e-05
696	0.97402	5.3789e-05	0.025929	1.4395e-06
697	0.97402	4.0332e-05	0.025935	1.1175e-06
698	0.97336	0.0006967	0.025923	1.9524e-05
699	0.97214	0.0019113	0.025894	5.4046e-05
700	0.96927	0.0047715	0.025819	0.00013545
701	0.96283	0.011206	0.025641	0.00031892
702	0.95901	0.015025	0.025537	0.00042923
703	0.95686	0.017167	0.025479	0.00049279
704	0.95623	0.017795	0.025464	0.00051441
705	0.95706	0.016955	0.025489	0.00049571
706	0.95944	0.014566	0.025556	0.00043468
707	0.96354	0.010463	0.025671	0.00032709
708	0.96966	0.0043344	0.02584	0.00016467
709	0.93184	0.042147	0.024415	0.0015964
710	0.90579	0.068197	0.023427	0.0025906
711	0.88665	0.087326	0.022696	0.0033285
712	0.87413	0.09984	0.022206	0.0038249
713	0.86572	0.10824	0.021864	0.0041743
714	0.86154	0.11242	0.021667	0.0043775
715	0.86122	0.11273	0.021597	0.0044549
716	0.86376	0.11018	0.021614	0.0044448
717	0.85813	0.11585	0.021478	0.0045423
718	0.85561	0.11841	0.021432	0.0045503
719	0.85677	0.11729	0.021497	0.0044466
720	0.86193	0.11216	0.021692	0.0042132
721	0.8706	0.10353	0.022006	0.0038613
722	0.88347	0.090703	0.022465	0.0033641
723	0.90153	0.072678	0.023108	0.0026836
724	0.90852	0.06573	0.023347	0.0024072
725	0.91895	0.055338	0.023702	0.0020138
726	0.93361	0.040712	0.024204	0.0014742
727	0.93879	0.035573	0.024367	0.0012746
728	0.94744	0.026957	0.024645	0.00095903
729	0.95959	0.01484	0.025042	0.00052509
730	0.95946	0.01501	0.025016	0.00051404
731	0.95649	0.018017	0.024907	0.00058523
732	0.95517	0.019376	0.024844	0.00061127
733	0.95539	0.019196	0.024824	0.00059448
734	0.95756	0.017054	0.02486	0.00052209
735	0.96149	0.01316	0.024946	0.0003993
736	0.96253	0.012164	0.024945	0.00036354
737	0.96536	0.009373	0.024994	0.00027743
738	0.97037	0.0043969	0.025106	0.00012932
739	0.96637	0.0084343	0.024966	0.00023259
740	0.96423	0.010609	0.024874	0.00028731
741	0.96373	0.011148	0.024826	0.00029932
742	0.96074	0.01417	0.024712	0.00037614
743	0.95931	0.015636	0.024639	0.00041244
744	0.95385	0.021131	0.024463	0.00055235
745	0.94092	0.034097	0.024095	0.00088369
746	0.93274	0.042316	0.023849	0.0010927
747	0.92743	0.047663	0.023678	0.0012274
748	0.92521	0.049923	0.023586	0.001283
749	0.92516	0.050003	0.023551	0.0012826
750	0.92792	0.047281	0.023586	0.0012109
751	0.93307	0.042173	0.023683	0.0010783
752	0.94179	0.033483	0.02387	0.00085513
753	0.9541	0.021207	0.024148	0.00054108
754	0.97101	0.0043386	0.024542	0.00011078
755	0.97022	0.0051587	0.024486	0.00013126
756	0.97044	0.0049776	0.024455	0.00012634
757	0.96915	0.0063011	0.024387	0.00015938
758	0.96895	0.0065365	0.024346	0.00016489
759	0.97006	0.005461	0.024338	0.00013749
760	0.97264	0.0029242	0.024367	7.356e-05
761	0.97359	0.0020094	0.024355	5.0469e-05
762	0.97549	0.00014103	0.024366	3.533e-06
763	0.97466	0.0010024	0.02431	2.5013e-05
764	0.97463	0.0010713	0.024273	2.6712e-05
765	0.97529	0.00044205	0.024254	1.1016e-05
766	0.97487	0.00090125	0.024208	2.2407e-05
767	0.97087	0.0049336	0.024073	0.00012251
768	0.96837	0.0074739	0.023975	0.00018526
769	0.96742	0.0084566	0.023916	0.00020935
770	0.96763	0.0082795	0.023887	0.00020467
771	0.96925	0.0066922	0.023891	0.00016528
772	0.96921	0.006772	0.023855	0.00016712
773	0.97025	0.005763	0.023845	0.00014211
774	0.97247	0.0035753	0.023865	8.816e-05
775	0.97103	0.005056	0.023794	0.00012454
776	0.97063	0.0054905	0.023749	0.0001351
777	0.97124	0.0049115	0.02373	0.00012078
778	0.97035	0.0058327	0.023673	0.00014319
779	0.96737	0.0088497	0.023565	0.0002169
780	0.96578	0.010469	0.023492	0.00025622
781	0.96111	0.015175	0.023344	0.00037084
782	0.95827	0.018048	0.02324	0.0004404
783	0.95744	0.018908	0.023186	0.00046096
784	0.93937	0.03702	0.022713	0.00090068
785	0.92754	0.048878	0.022392	0.0011877
786	0.91937	0.057081	0.022161	0.0013849
787	0.91422	0.062269	0.022004	0.0015085
788	0.91224	0.064277	0.021924	0.0015553
789	0.91261	0.063941	0.021901	0.0015452
790	0.88849	0.088099	0.021287	0.0021255
791	0.87082	0.1058	0.020831	0.0025482
792	0.85828	0.11837	0.0205	0.0028464
793	0.8499	0.12679	0.02027	0.0030437
794	0.84505	0.13167	0.020125	0.0031559
795	0.8434	0.13336	0.020057	0.0031912
796	0.83257	0.14421	0.019771	0.0034451
797	0.80225	0.17456	0.019022	0.0041609
798	0.72658	0.25027	0.017202	0.0059484
799	0.53928	0.43761	0.012751	0.010367
800	0.40801	0.5689	0.0096329	0.013453
801	0.31761	0.65933	0.0074852	0.015569
802	0.24896	0.72802	0.0058578	0.017164
803	0.20099	0.77602	0.0047206	0.018269
804	0.16465	0.81239	0.0038607	0.019097
805	0.13717	0.8399	0.0032118	0.019714
806	0.11826	0.85885	0.0027646	0.020129
807	0.10576	0.87138	0.0024682	0.020393
808	0.097934	0.87924	0.0022815	0.020548
809	0.093681	0.88352	0.0021785	0.020619
810	0.091569	0.88567	0.0021258	0.02064
811	0.080162	0.8971	0.0018568	0.020877
812	0.072737	0.90456	0.001681	0.021021
813	0.067672	0.90966	0.0015606	0.021109
814	0.06457	0.91279	0.0014862	0.021152
815	0.063157	0.91424	0.0014511	0.021155
816	0.063324	0.9141	0.0014527	0.021122
817	0.065119	0.91234	0.0014918	0.021052
818	0.069312	0.90818	0.0015857	0.020926
819	0.075663	0.90186	0.0017289	0.020752
820	0.085828	0.89172	0.0019587	0.020491
821	0.099584	0.878	0.0022702	0.020148
822	0.11806	0.85955	0.0026891	0.019698
823	0.14272	0.83492	0.0032482	0.019108
824	0.17821	0.79947	0.004052	0.018273
825	0.22521	0.75249	0.0051166	0.017177
826	0.24434	0.7334	0.0055437	0.016719
827	0.27267	0.70509	0.006178	0.016054
828	0.31064	0.66715	0.0070296	0.015172
829	0.36099	0.61683	0.00816	0.01401
830	0.42785	0.55001	0.0096622	0.012477
831	0.51644	0.46145	0.011654	0.010455
832	0.50488	0.47304	0.011377	0.010702
833	0.49956	0.4784	0.01124	0.010808
834	0.49836	0.47962	0.011197	0.01082
835	0.50234	0.47568	0.01127	0.010716
836	0.51062	0.46743	0.01144	0.010516
837	0.52545	0.45262	0.011757	0.01017
838	0.54873	0.42937	0.01226	0.0096356
839	0.58405	0.39408	0.01303	0.0088351
840	0.63131	0.34686	0.014065	0.0077699
841	0.69409	0.28411	0.015444	0.0063606
842	0.71846	0.25977	0.015965	0.0058095
843	0.72559	0.25267	0.016102	0.0056432
844	0.73895	0.23934	0.016376	0.0053392
845	0.7604	0.21792	0.016828	0.0048569
846	0.78972	0.18862	0.017454	0.0042012
847	0.78537	0.19301	0.017332	0.0042926
848	0.78543	0.19297	0.017309	0.0042861
849	0.789	0.18943	0.017364	0.0042021
850	0.79635	0.18212	0.017501	0.0040346
851	0.80805	0.17045	0.017735	0.0037714
852	0.82501	0.15351	0.018085	0.0033924
853	0.85107	0.12749	0.018633	0.002815
854	0.88614	0.092441	0.019379	0.0020402
855	0.89977	0.078841	0.019651	0.0017382
856	0.89363	0.085007	0.01949	0.0018703
857	0.89127	0.087403	0.019412	0.0019198
858	0.89157	0.087132	0.019392	0.0019108
859	0.89538	0.08335	0.019448	0.0018254
860	0.90222	0.076532	0.019571	0.0016738
861	0.91264	0.066142	0.019772	0.0014447
862	0.92903	0.049785	0.020101	0.0010866
863	0.95132	0.02752	0.020559	0.00060057
864	0.95275	0.026121	0.020561	0.00056932
865	0.95603	0.02287	0.020604	0.00049793
866	0.96139	0.01754	0.020692	0.00038164
867	0.96923	0.0097263	0.020834	0.0002118
868	0.96855	0.010436	0.020791	0.00022671
869	0.96934	0.0096688	0.020779	0.00020985
870	0.97177	0.0072682	0.020803	0.00015798
871	0.96851	0.010561	0.020704	0.00022892
872	0.95998	0.019113	0.020492	0.00041331
873	0.95415	0.024976	0.020338	0.00053918
874	0.93797	0.041179	0.019962	0.0008868
875	0.92733	0.051851	0.019706	0.0011151
876	0.92008	0.059128	0.019524	0.0012699
877	0.91567	0.063561	0.019403	0.0013633
878	0.91378	0.065486	0.019336	0.001403
879	0.90484	0.074451	0.019118	0.0015927
880	0.88216	0.097153	0.018608	0.0020752
881	0.86566	0.11369	0.018231	0.0024246
882	0.85407	0.12531	0.01796	0.0026685
883	0.82275	0.15664	0.017272	0.0033293
884	0.79967	0.17976	0.016761	0.0038136
885	0.78315	0.1963	0.01639	0.0041578
886	0.77182	0.20766	0.016129	0.0043914
887	0.76483	0.21468	0.015961	0.004533
888	0.76164	0.21789	0.015873	0.0045944
889	0.76206	0.2175	0.015861	0.0045797
890	0.76607	0.21351	0.015924	0.0044898
891	0.77398	0.20564	0.016069	0.0043185
892	0.78778	0.19186	0.016337	0.0040247
893	0.80736	0.1723	0.016724	0.0036108
894	0.81265	0.16704	0.016813	0.0034957
895	0.80902	0.1707	0.016717	0.0035662
896	0.80876	0.17098	0.016691	0.0035661
897	0.81276	0.16701	0.016753	0.0034782
898	0.8215	0.1583	0.016913	0.0032925
899	0.83469	0.14513	0.017165	0.0030146
900	0.85344	0.12641	0.017532	0.0026221
901	0.8792	0.10067	0.018043	0.0020849
902	0.91683	0.063068	0.018798	0.0013041
903	0.97203	0.0078978	0.019913	0.00016351
904	0.97039	0.0095599	0.019854	0.00019729
905	0.97	0.0099727	0.019821	0.00020532
906	0.97107	0.0089256	0.019817	0.00018351
907	0.97005	0.0099761	0.01977	0.00020463
908	0.97048	0.0095662	0.019754	0.00019596
909	0.97217	0.007907	0.019763	0.00016179
910	0.97182	0.0082783	0.01973	0.00016905
911	0.97263	0.0074999	0.019721	0.00015288
912	0.97464	0.0055127	0.019737	0.00011214
913	0.97181	0.0083675	0.019655	0.00016971
914	0.97035	0.0098486	0.0196	0.0001993
915	0.97038	0.0098495	0.019576	0.00019899
916	0.97188	0.0083702	0.019581	0.0001689
917	0.97476	0.005517	0.019614	0.00011114
918	0.9797	0.00060428	0.019688	1.2173e-05
919	0.97949	0.00083452	0.019659	1.6776e-05
920	0.97995	0.0004038	0.019643	8.0959e-06
921	0.98027	0.00010708	0.019624	2.1402e-06
922	0.97729	0.0031095	0.019539	6.2093e-05
923	0.97573	0.0046955	0.019483	9.3673e-05
924	0.97542	0.0050325	0.019452	0.00010031
925	0.97338	0.0070907	0.019386	0.00014126
926	0.97255	0.0079463	0.019345	0.00015812
927	0.97311	0.00741	0.019331	0.00014733
928	0.97202	0.008531	0.019284	0.00016952
929	0.97209	0.0084793	0.01926	0.00016835
930	0.97334	0.0072509	0.01926	0.00014382
931	0.97288	0.0077354	0.019227	0.0001533
932	0.97355	0.0070952	0.019215	0.00014048
933	0.9754	0.0052686	0.019227	0.00010423
934	0.97556	0.0051349	0.019206	0.00010143
935	0.97674	0.0039777	0.019204	7.8437e-05
936	0.97931	0.0014298	0.019231	2.8202e-05
937	0.97712	0.0036471	0.019163	7.172e-05
938	0.97601	0.0047758	0.019117	9.3739e-05
939	0.97301	0.0078076	0.019034	0.00015303
940	0.97167	0.0091653	0.018984	0.00017949
941	0.97155	0.0093113	0.018957	0.00018215
942	0.97264	0.0082437	0.018954	0.00016108
943	0.97171	0.0091932	0.018913	0.00017932
944	0.97225	0.0086776	0.018899	0.00016906
945	0.97433	0.0066248	0.018916	0.00012902
946	0.97449	0.0064872	0.018895	0.00012622
947	0.97575	0.0052562	0.018895	0.00010217
948	0.97819	0.0028385	0.018919	5.5144e-05
949	0.97907	0.0019754	0.018913	3.8326e-05
950	0.97922	0.0018555	0.018892	3.5967e-05
951	0.98017	0.00092908	0.018887	1.8028e-05
952	0.97934	0.0017772	0.018847	3.4402e-05
953	0.97725	0.003895	0.018783	7.5219e-05
954	0.97623	0.0049298	0.018741	9.5058e-05
955	0.97623	0.0049599	0.018718	9.5518e-05
956	0.97722	0.0039875	0.018714	7.6711e-05
957	0.97392	0.0073099	0.018628	0.00014035
958	0.9472	0.03406	0.018092	0.00065311
959	0.92735	0.053923	0.01769	0.0010323
960	0.91296	0.068336	0.017394	0.0013062
961	0.90289	0.078428	0.017181	0.0014968
962	0.89713	0.084215	0.01705	0.0016052
963	0.89493	0.086435	0.016987	0.0016456
964	0.89616	0.085231	0.016989	0.0016211
965	0.90008	0.08133	0.017043	0.0015453
966	0.907	0.074436	0.017153	0.0014129
967	0.90666	0.074795	0.017126	0.0014179
968	0.90946	0.072019	0.017158	0.0013637
969	0.91502	0.066479	0.017242	0.0012574
970	0.92378	0.05774	0.017387	0.0010907
971	0.93755	0.043997	0.017625	0.00083037
972	0.95651	0.025059	0.017961	0.00047248
973	0.95713	0.02446	0.017952	0.00046045
974	0.95987	0.021744	0.017981	0.00040877
975	0.96507	0.016562	0.018057	0.0003111
976	0.96661	0.015045	0.018064	0.00028236
977	0.96974	0.011931	0.018101	0.00022378
978	0.97472	0.0069775	0.018172	0.00013085
979	0.97648	0.0052356	0.018183	9.8107e-05
980	0.97659	0.0051499	0.018164	9.6334e-05
981	0.97795	0.003816	0.018167	7.137e-05
982	0.9754	0.006378	0.018098	0.00011909
983	0.97413	0.0076771	0.018053	0.00014316
984	0.97401	0.0078151	0.018029	0.00014559
985	0.97504	0.0068026	0.018027	0.00012664
986	0.97426	0.0076058	0.017991	0.00014137
987	0.9624	0.019493	0.01775	0.00036139
988	0.95392	0.027989	0.017572	0.00051802
989	0.94819	0.033739	0.017446	0.00062345
990	0.94528	0.03667	0.017371	0.00067685
991	0.94436	0.037609	0.017334	0.00069335
992	0.94583	0.036167	0.01734	0.00066618
993	0.94985	0.032161	0.017393	0.00059214
994	0.94095	0.041084	0.017209	0.0007558
995	0.93501	0.047044	0.017079	0.00086449
