#coord	neutral	conserved	gBGC.neutral	gBGC.conserved
1	0.75991	0.23334	0.0051635	0.0015869
2	0.76577	0.22748	0.0052021	0.0015466
3	0.77595	0.2173	0.0052701	0.0014769
4	0.79277	0.20048	0.0053832	0.0013621
5	0.81839	0.17487	0.0055558	0.0011879
6	0.85671	0.13655	0.0058143	0.00092764
7	0.90779	0.085473	0.0061596	0.00058069
8	0.9302	0.063059	0.00631	0.00042857
9	0.96053	0.032729	0.0065143	0.00022264
10	0.97232	0.020942	0.0065927	0.00014253
11	0.9767	0.016566	0.0066209	0.00011275
12	0.98334	0.0099265	0.0066646	6.7548e-05
13	0.98602	0.0072523	0.0066812	4.9359e-05
14	0.99029	0.002986	0.0067087	2.034e-05
15	0.99204	0.0012303	0.0067191	8.389e-06
16	0.99152	0.0017499	0.0067142	1.1908e-05
17	0.99178	0.0014976	0.0067145	1.0184e-05
18	0.99141	0.0018649	0.0067106	1.2661e-05
19	0.99183	0.0014514	0.0067121	9.8406e-06
20	0.99321	7.3581e-05	0.00672	4.9919e-07
21	0.99325	2.7592e-05	0.006719	1.8685e-07
22	0.99298	0.00030431	0.0067158	2.0627e-06
23	0.99258	0.00070536	0.0067118	4.7791e-06
24	0.99283	0.00045408	0.0067122	3.077e-06
25	0.99293	0.00035143	0.0067117	2.3797e-06
26	0.99296	0.00033099	0.0067106	2.2373e-06
27	0.99197	0.0013195	0.0067027	8.9168e-06
28	0.99186	0.0014286	0.0067007	9.6591e-06
29	0.9925	0.00078629	0.0067038	5.3171e-06
30	0.99279	0.000502	0.0067045	3.4017e-06
31	0.99188	0.001411	0.0066972	9.5596e-06
32	0.98978	0.0035187	0.0066818	2.382e-05
33	0.98864	0.0046568	0.006673	3.1508e-05
34	0.98841	0.0048847	0.0066704	3.3031e-05
35	0.98922	0.0040817	0.0066747	2.7606e-05
36	0.98866	0.0046421	0.0066699	3.138e-05
37	0.98911	0.0041917	0.0066718	2.8343e-05
38	0.99046	0.0028418	0.0066799	1.9221e-05
39	0.99061	0.0026893	0.0066799	1.818e-05
40	0.99157	0.0017374	0.0066854	1.1734e-05
41	0.99168	0.0016233	0.0066852	1.0958e-05
42	0.99107	0.0022317	0.0066801	1.5065e-05
43	0.99122	0.0020884	0.0066801	1.4092e-05
44	0.99057	0.0027368	0.0066747	1.847e-05
45	0.99079	0.0025208	0.0066752	1.7009e-05
46	0.99189	0.0014235	0.0066817	9.596e-06
47	0.9923	0.0010093	0.0066835	6.8008e-06
48	0.99235	0.00095859	0.0066829	6.4622e-06
49	0.99311	0.00019711	0.0066871	1.3293e-06
50	0.99313	0.00018605	0.0066863	1.2524e-06
51	0.99324	7.5073e-05	0.0066861	5.057e-07
52	0.99316	0.00015157	0.0066847	1.0195e-06
53	0.99236	0.00095806	0.0066785	6.4328e-06
54	0.99082	0.0024982	0.0066673	1.6776e-05
55	0.99037	0.0029481	0.0066634	1.9798e-05
56	0.99095	0.0023706	0.0066664	1.5921e-05
57	0.99062	0.0026962	0.0066633	1.8102e-05
58	0.98929	0.004028	0.0066535	2.7048e-05
59	0.97715	0.016172	0.0065711	0.00010854
60	0.96933	0.023988	0.0065178	0.00016102
61	0.96412	0.0292	0.006482	0.00019594
62	0.96111	0.032217	0.0064611	0.00021607
63	0.96046	0.032868	0.006456	0.00022036
64	0.95537	0.037958	0.0064211	0.00025445
65	0.95317	0.04016	0.0064055	0.0002692
66	0.95298	0.040346	0.0064035	0.00027036
67	0.94791	0.045419	0.0063686	0.00030434
68	0.94521	0.048114	0.0063499	0.00032231
69	0.94531	0.048019	0.0063497	0.0003216
70	0.94023	0.0531	0.0063149	0.00035563
71	0.93831	0.055018	0.0063011	0.00036848
72	0.93929	0.054041	0.0063068	0.00036195
73	0.9426	0.05073	0.0063281	0.00033973
74	0.94918	0.044152	0.0063713	0.00029565
75	0.95892	0.034412	0.0064358	0.00023033
76	0.96185	0.03148	0.0064546	0.00021069
77	0.96757	0.025767	0.0064919	0.00017246
78	0.976	0.017337	0.0065475	0.00011599
79	0.97931	0.014032	0.0065688	9.387e-05
80	0.97951	0.013833	0.0065693	9.2521e-05
81	0.98112	0.012221	0.0065793	8.1685e-05
82	0.97423	0.019107	0.0065325	0.00012773
83	0.97016	0.02318	0.0065044	0.00015498
84	0.96801	0.025335	0.0064892	0.00016934
85	0.96796	0.025386	0.0064881	0.00016964
86	0.96411	0.029234	0.0064615	0.00019537
87	0.96275	0.030593	0.0064516	0.00020447
88	0.96322	0.030126	0.0064539	0.0002013
89	0.96597	0.027373	0.0064715	0.00018287
90	0.97148	0.021865	0.0065074	0.00014606
91	0.98051	0.012833	0.0065668	8.5761e-05
92	0.98389	0.0094627	0.0065885	6.3236e-05
93	0.98482	0.0085326	0.0065938	5.7043e-05
94	0.98369	0.0096564	0.0065855	6.4568e-05
95	0.98381	0.0095404	0.0065854	6.3775e-05
96	0.98547	0.0078829	0.0065957	5.2687e-05
97	0.98511	0.0082425	0.0065925	5.5069e-05
98	0.98618	0.0071738	0.0065989	4.7916e-05
99	0.98883	0.0045276	0.0066157	3.0236e-05
100	0.98701	0.006343	0.0066028	4.2355e-05
101	0.98655	0.0068068	0.0065989	4.5451e-05
102	0.98738	0.0059781	0.0066036	3.9922e-05
103	0.98654	0.0068159	0.0065971	4.5541e-05
104	0.98704	0.0063199	0.0065995	4.2257e-05
105	0.98867	0.0046937	0.0066095	3.1404e-05
106	0.98875	0.0046121	0.0066093	3.0861e-05
107	0.9873	0.0060583	0.0065987	4.0554e-05
108	0.98697	0.0063933	0.0065957	4.2796e-05
109	0.98795	0.0054168	0.0066014	3.6284e-05
110	0.99008	0.0032834	0.0066149	2.2023e-05
111	0.9907	0.0026636	0.0066183	1.7878e-05
112	0.99039	0.002974	0.0066155	1.9957e-05
113	0.99095	0.002412	0.0066186	1.619e-05
114	0.99244	0.00092634	0.006628	6.2343e-06
115	0.96303	0.030334	0.0064303	0.00020333
116	0.94289	0.050475	0.0062946	0.00033842
117	0.92945	0.063915	0.0062037	0.00042866
118	0.92006	0.073304	0.0061401	0.00049163
119	0.91479	0.078575	0.0061041	0.00052706
120	0.91297	0.0804	0.0060911	0.00053945
121	0.91374	0.079626	0.0060955	0.0005344
122	0.91718	0.076194	0.0061178	0.00051153
123	0.92354	0.069834	0.0061598	0.00046903
124	0.92295	0.070426	0.0061553	0.00047301
125	0.92483	0.068541	0.0061676	0.00046035
126	0.92934	0.064029	0.0061974	0.00043007
127	0.92749	0.065887	0.0061847	0.00044238
128	0.92861	0.064764	0.0061919	0.0004348
129	0.93299	0.060381	0.0062208	0.00040547
130	0.93177	0.061609	0.0062121	0.00041373
131	0.93286	0.060517	0.006219	0.00040643
132	0.93639	0.056987	0.0062423	0.00038278
133	0.93397	0.059408	0.0062258	0.00039891
134	0.93455	0.05883	0.0062293	0.00039503
135	0.93746	0.055912	0.0062486	0.00037546
136	0.94298	0.050395	0.0062853	0.00033845
137	0.95236	0.041016	0.0063478	0.00027564
138	0.9656	0.027777	0.0064363	0.00018693
139	0.96426	0.029121	0.0064271	0.00019589
140	0.96468	0.028694	0.0064298	0.00019296
141	0.96691	0.026463	0.0064447	0.00017793
142	0.97112	0.022258	0.0064728	0.00014964
143	0.97133	0.022049	0.0064743	0.00014812
144	0.97319	0.020186	0.0064868	0.00013551
145	0.97727	0.016103	0.0065142	0.00010806
146	0.97816	0.015217	0.0065201	0.00010207
147	0.98057	0.012808	0.0065363	8.5866e-05
148	0.98509	0.0082845	0.0065665	5.5539e-05
149	0.98654	0.0068385	0.0065762	4.5811e-05
150	0.98635	0.0070242	0.0065749	4.7019e-05
151	0.98753	0.0058471	0.0065827	3.9143e-05
152	0.98993	0.0034442	0.0065988	2.3062e-05
153	0.99084	0.0025349	0.0066048	1.6987e-05
154	0.98835	0.0050234	0.0065881	3.3611e-05
155	0.98727	0.0061118	0.0065808	4.0902e-05
156	0.98374	0.0096346	0.0065572	6.4447e-05
157	0.98174	0.011643	0.0065438	7.7855e-05
158	0.98135	0.012028	0.0065412	8.0445e-05
159	0.97777	0.015609	0.0065174	0.00010436
160	0.97626	0.017121	0.0065073	0.00011449
161	0.97625	0.017128	0.0065072	0.00011455
162	0.97286	0.020514	0.0064847	0.00013714
163	0.9632	0.030183	0.0064204	0.00020159
164	0.95734	0.036037	0.0063815	0.00024065
165	0.95448	0.038894	0.0063624	0.00025976
166	0.94542	0.047962	0.0063018	0.00032041
167	0.93941	0.053963	0.0062618	0.00036051
168	0.93662	0.056753	0.0062432	0.00037922
169	0.93614	0.057239	0.00624	0.00038251
170	0.93861	0.054765	0.0062565	0.00036608
171	0.92283	0.070551	0.0061509	0.00047178
172	0.91162	0.08176	0.006076	0.00054676
173	0.90519	0.088192	0.006033	0.00058989
174	0.90263	0.090746	0.0060158	0.00060715
175	0.90277	0.090605	0.0060167	0.00060636
176	0.89566	0.097718	0.005969	0.00065413
177	0.89172	0.10166	0.0059426	0.0006806
178	0.89066	0.10272	0.0059356	0.00068779
179	0.89239	0.10098	0.0059473	0.00067626
180	0.8971	0.096279	0.005979	0.00064481
181	0.90627	0.087109	0.0060404	0.0005836
182	0.92118	0.072192	0.0061401	0.00048412
183	0.94171	0.051661	0.0062774	0.00034701
184	0.94999	0.043389	0.0063327	0.00029186
185	0.9516	0.04178	0.0063436	0.0002812
186	0.94805	0.045327	0.00632	0.00030506
187	0.93722	0.056158	0.0062474	0.00037788
188	0.9299	0.063471	0.0061986	0.00042702
189	0.92617	0.067201	0.0061737	0.00045221
190	0.92498	0.068393	0.0061658	0.00046034
191	0.92681	0.066564	0.0061781	0.00044829
192	0.93123	0.06214	0.0062079	0.00041884
193	0.88381	0.10956	0.0058896	0.00073746
194	0.85113	0.14225	0.0056701	0.00095733
195	0.82902	0.16435	0.0055215	0.0011063
196	0.77732	0.21605	0.0051733	0.0014547
197	0.73876	0.25461	0.004914	0.0017144
198	0.71031	0.28306	0.0047228	0.0019059
199	0.68974	0.30363	0.0045848	0.0020443
200	0.67692	0.31646	0.0044986	0.0021309
201	0.66894	0.32443	0.004445	0.0021849
202	0.64147	0.3519	0.0042609	0.0023695
203	0.62162	0.37175	0.0041279	0.0025029
204	0.60795	0.38542	0.0040366	0.0025947
205	0.59933	0.39403	0.0039791	0.0026527
206	0.59518	0.39819	0.0039516	0.0026808
207	0.59649	0.39688	0.0039606	0.0026724
208	0.58354	0.40983	0.0038742	0.0027593
209	0.57554	0.41783	0.0038211	0.002813
210	0.54566	0.4477	0.0036219	0.0030128
211	0.52401	0.46935	0.0034779	0.0031576
212	0.5089	0.48447	0.0033775	0.0032586
213	0.49912	0.49424	0.003313	0.0033239
214	0.46727	0.52609	0.0031015	0.0035362
215	0.3925	0.60086	0.0026037	0.0040347
216	0.33615	0.65721	0.0022289	0.0044102
217	0.29379	0.69957	0.0019476	0.0046924
218	0.26519	0.72817	0.0017574	0.0048833
219	0.24401	0.74935	0.0016168	0.0050247
220	0.22866	0.7647	0.0015151	0.0051273
221	0.18409	0.80927	0.0012194	0.0054238
222	0.15363	0.83973	0.0010171	0.0056269
223	0.13079	0.86257	0.00086559	0.0057793
224	0.11553	0.87783	0.00076425	0.0058815
225	0.10441	0.88894	0.00069057	0.0059561
226	0.096574	0.89678	0.00063872	0.0060089
227	0.092153	0.9012	0.00060948	0.006039
228	0.090728	0.90262	0.00060011	0.0060492
229	0.092102	0.90125	0.00060929	0.0060409
230	0.095544	0.8978	0.00063229	0.0060188
231	0.10136	0.89198	0.00067119	0.0059809
232	0.111	0.88235	0.00073545	0.0059175
233	0.12431	0.86904	0.00082432	0.0058296
234	0.1424	0.85094	0.00094522	0.0057096
235	0.1462	0.84714	0.00097085	0.005685
236	0.15413	0.83921	0.001024	0.0056329
237	0.1657	0.82764	0.0011014	0.0055564
238	0.14832	0.84502	0.00098547	0.0056733
239	0.13563	0.85771	0.00090086	0.0057589
240	0.12771	0.86563	0.00084801	0.0058128
241	0.12372	0.86962	0.00082138	0.0058404
242	0.12217	0.87116	0.00081108	0.0058517
243	0.12299	0.87035	0.00081658	0.0058472
244	0.12622	0.86712	0.00083833	0.0058265
245	0.13303	0.86031	0.00088388	0.005782
246	0.14309	0.85025	0.00095125	0.0057157
247	0.15863	0.8347	0.0010552	0.0056129
248	0.17964	0.81369	0.0011958	0.0054733
249	0.20786	0.78547	0.0013849	0.0052853
250	0.24863	0.7447	0.0016578	0.0050135
251	0.30248	0.69085	0.0020187	0.0046537
252	0.37382	0.61951	0.0024974	0.0041761
253	0.40409	0.58924	0.0027007	0.0039741
254	0.44467	0.54865	0.0029734	0.0037025
255	0.49865	0.49467	0.0033364	0.0033406
256	0.51812	0.4752	0.003468	0.0032103
257	0.54508	0.44824	0.0036502	0.0030293
258	0.58158	0.41174	0.003897	0.0027838
259	0.6306	0.36271	0.0042287	0.0024534
260	0.696	0.29732	0.0046716	0.0020119
261	0.79145	0.20187	0.0053172	0.0013676
262	0.8298	0.16352	0.0055776	0.0011086
263	0.84466	0.14866	0.0056794	0.0010081
264	0.8678	0.12551	0.0058372	0.00085168
265	0.89913	0.094177	0.0060507	0.00063962
266	0.91223	0.081074	0.0061406	0.00055105
267	0.93058	0.062729	0.0062663	0.00042684
268	0.93667	0.056631	0.0063091	0.00038552
269	0.93644	0.056866	0.006309	0.00038707
270	0.9385	0.054801	0.0063246	0.000373
271	0.94299	0.050309	0.0063567	0.00034243
272	0.95029	0.043007	0.0064081	0.0002927
273	0.96214	0.031154	0.0064903	0.00021208
274	0.96624	0.027061	0.0065198	0.00018417
275	0.97333	0.019962	0.0065697	0.00013587
276	0.98434	0.0089547	0.0066461	6.104e-05
277	0.98879	0.0045037	0.006678	3.0744e-05
278	0.98809	0.005195	0.006675	3.5404e-05
279	0.98842	0.0048649	0.006679	3.3133e-05
280	0.98745	0.0058372	0.0066741	3.972e-05
281	0.98753	0.0057539	0.0066764	3.9144e-05
282	0.98591	0.0073769	0.0066671	5.0126e-05
283	0.98545	0.0078264	0.0066659	5.3149e-05
284	0.98302	0.010255	0.0066512	6.9605e-05
285	0.98197	0.011303	0.0066459	7.6695e-05
286	0.97786	0.015415	0.0066198	0.00010456
287	0.97585	0.017427	0.0066079	0.00011825
288	0.97568	0.017596	0.0066084	0.00011947
289	0.97733	0.015945	0.0066212	0.00010838
290	0.98063	0.012639	0.0066453	8.603e-05
291	0.98582	0.0074475	0.0066823	5.0836e-05
292	0.9788	0.014468	0.0066362	9.8702e-05
293	0.97453	0.018729	0.0066089	0.00012783
294	0.97211	0.021151	0.0065942	0.00014443
295	0.96428	0.028979	0.0065426	0.00019784
296	0.95908	0.034173	0.0065091	0.00023328
297	0.95616	0.037099	0.0064911	0.00025327
298	0.95579	0.037462	0.0064904	0.00025586
299	0.95739	0.035858	0.0065032	0.00024501
300	0.96106	0.032188	0.0065302	0.00022004
301	0.95089	0.042358	0.006463	0.00028932
302	0.94468	0.04857	0.0064226	0.00033175
303	0.94104	0.052202	0.0063998	0.00035655
304	0.94036	0.052878	0.0063972	0.00036129
305	0.94188	0.051358	0.0064095	0.00035099
306	0.94646	0.04678	0.0064427	0.00031989
307	0.94532	0.047911	0.006437	0.00032768
308	0.94634	0.046898	0.006446	0.00032081
309	0.95011	0.043123	0.0064738	0.00029511
310	0.95645	0.03678	0.0065193	0.00025179
311	0.96581	0.027418	0.0065855	0.00018773
312	0.9803	0.012924	0.0066869	8.8574e-05
313	0.98101	0.012209	0.006694	8.3667e-05
314	0.98342	0.0097961	0.0067126	6.7165e-05
315	0.98744	0.0057774	0.0067424	3.9629e-05
316	0.98878	0.0044382	0.0067539	3.0433e-05
317	0.98873	0.004479	0.0067558	3.0704e-05
318	0.98719	0.0060225	0.0067476	4.1243e-05
319	0.98322	0.0099872	0.0067227	6.8368e-05
320	0.98086	0.012351	0.0067088	8.4533e-05
321	0.98024	0.012962	0.0067069	8.8738e-05
322	0.98096	0.012238	0.0067141	8.3777e-05
323	0.97932	0.013878	0.0067052	9.5024e-05
324	0.97909	0.014103	0.006706	9.656e-05
325	0.98054	0.012652	0.0067182	8.6633e-05
326	0.98385	0.0093396	0.0067432	6.3969e-05
327	0.98955	0.0036426	0.0067844	2.4983e-05
328	0.98669	0.0064954	0.0067671	4.4569e-05
329	0.98515	0.0080388	0.0067589	5.516e-05
330	0.98481	0.0083781	0.0067589	5.7476e-05
331	0.98585	0.0073272	0.0067685	5.0265e-05
332	0.98843	0.0047522	0.0067885	3.2601e-05
333	0.99293	0.00024689	0.0068217	1.6943e-06
334	0.99222	0.00095819	0.0068192	6.5762e-06
335	0.99228	0.00089274	0.0068219	6.1288e-06
336	0.99315	2.4072e-05	0.0068302	1.6553e-07
337	0.99299	0.00017533	0.0068315	1.206e-06
338	0.98901	0.0041532	0.0068064	2.8603e-05
339	0.9868	0.0063651	0.0067935	4.3874e-05
340	0.9858	0.0073605	0.0067889	5.0752e-05
341	0.98618	0.006983	0.0067938	4.8187e-05
342	0.98771	0.0054452	0.0068068	3.7603e-05
343	0.9844	0.008757	0.0067862	6.0508e-05
344	0.98254	0.010614	0.0067757	7.3359e-05
345	0.98224	0.010908	0.006776	7.5444e-05
346	0.97919	0.013959	0.0067571	9.6622e-05
347	0.9777	0.015441	0.0067492	0.00010693
348	0.97767	0.015469	0.0067514	0.00010718
349	0.97909	0.014047	0.0067636	9.7358e-05
350	0.9825	0.010637	0.0067896	7.3806e-05
351	0.9878	0.0053366	0.0068288	3.7108e-05
352	0.98252	0.010615	0.0067947	7.3724e-05
353	0.97912	0.014008	0.0067737	9.726e-05
354	0.97771	0.015418	0.0067664	0.00010709
355	0.97775	0.015378	0.0067691	0.00010686
356	0.97922	0.013905	0.0067819	9.6653e-05
357	0.98223	0.010884	0.0068056	7.5673e-05
358	0.98749	0.0056278	0.0068447	3.9173e-05
359	0.98943	0.0036804	0.0068609	2.5631e-05
360	0.98986	0.0032533	0.0068666	2.2648e-05
361	0.98926	0.0038476	0.0068651	2.678e-05
362	0.9896	0.0035102	0.0068702	2.4429e-05
363	0.98873	0.0043738	0.0068669	3.0414e-05
364	0.98902	0.0040753	0.0068717	2.834e-05
365	0.98355	0.0095433	0.0068365	6.6298e-05
366	0.98034	0.012756	0.0068169	8.8645e-05
367	0.97903	0.014061	0.0068105	9.7772e-05
368	0.97912	0.013965	0.0068139	9.7128e-05
369	0.98098	0.01211	0.0068295	8.4263e-05
370	0.98485	0.0082375	0.0068591	5.7369e-05
371	0.98591	0.0071677	0.0068693	4.9944e-05
372	0.98522	0.0078607	0.0068672	5.4816e-05
373	0.98566	0.0074131	0.0068731	5.1717e-05
374	0.98752	0.0055522	0.0068887	3.8773e-05
375	0.99072	0.0023503	0.0069139	1.6435e-05
376	0.99205	0.0010139	0.006926	7.0976e-06
377	0.99263	0.00042936	0.006933	3.0073e-06
378	0.99297	9.5856e-05	0.0069382	6.7066e-07
379	0.993	6.0218e-05	0.0069414	4.2207e-07
380	0.99215	0.00090606	0.0069384	6.3476e-06
381	0.99201	0.0010375	0.0069404	7.27e-06
382	0.99147	0.0015745	0.0069396	1.1045e-05
383	0.99012	0.0029255	0.006933	2.0549e-05
384	0.98671	0.0063374	0.006912	4.4524e-05
385	0.98495	0.008092	0.0069026	5.6904e-05
386	0.98442	0.0086204	0.0069018	6.0662e-05
387	0.98507	0.0079639	0.0069094	5.6082e-05
388	0.98696	0.0060711	0.0069257	4.2789e-05
389	0.99022	0.0028105	0.0069518	1.9839e-05
390	0.9915	0.0015242	0.006964	1.0773e-05
391	0.98696	0.0060618	0.0069352	4.2711e-05
392	0.98406	0.0089637	0.006918	6.3138e-05
393	0.9828	0.010213	0.0069124	7.1973e-05
394	0.98282	0.010195	0.0069157	7.1872e-05
395	0.98434	0.0086657	0.0069297	6.1137e-05
396	0.98726	0.0057485	0.0069535	4.0587e-05
397	0.98823	0.0047771	0.0069635	3.3767e-05
398	0.98774	0.0052613	0.0069633	3.7205e-05
399	0.98826	0.0047321	0.0069704	3.3476e-05
400	0.98735	0.0056404	0.0069673	3.9889e-05
401	0.98749	0.0054965	0.0069717	3.8858e-05
402	0.98892	0.0040616	0.0069853	2.8716e-05
403	0.99185	0.0011355	0.0070093	8.0369e-06
404	0.99184	0.0011432	0.0070126	8.0892e-06
405	0.99139	0.0015836	0.0070129	1.1211e-05
406	0.99024	0.0027302	0.0070081	1.935e-05
407	0.98999	0.0029761	0.0070097	2.1103e-05
408	0.99062	0.0023479	0.0070176	1.6651e-05
409	0.99048	0.0024774	0.00702	1.758e-05
410	0.98931	0.0036443	0.0070152	2.5858e-05
411	0.9891	0.0038511	0.0070172	2.7318e-05
412	0.98766	0.0052964	0.0070104	3.7578e-05
413	0.98749	0.0054626	0.0070126	3.8781e-05
414	0.98857	0.0043729	0.0070238	3.1078e-05
415	0.99078	0.0021568	0.007043	1.5343e-05
416	0.99162	0.0013173	0.0070524	9.3723e-06
417	0.99188	0.0010526	0.0070578	7.4948e-06
418	0.9841	0.0088304	0.0070058	6.2959e-05
419	0.97918	0.013752	0.006974	9.8143e-05
420	0.97613	0.016796	0.0069557	0.00011993
421	0.96727	0.025655	0.006896	0.00018317
422	0.96121	0.03171	0.0068563	0.00022642
423	0.95749	0.035421	0.0068333	0.00025293
424	0.9563	0.036611	0.0068283	0.00026151
425	0.95748	0.035431	0.0068402	0.0002532
426	0.96128	0.031622	0.0068708	0.00022613
427	0.96748	0.025417	0.0069186	0.00018184
428	0.97736	0.015536	0.0069928	0.00011126
429	0.99106	0.0018295	0.0070945	1.3113e-05
430	0.98927	0.0036197	0.0070852	2.5964e-05
431	0.98484	0.0080492	0.007057	5.7733e-05
432	0.98206	0.010818	0.0070408	7.7596e-05
433	0.98072	0.012159	0.0070349	8.7209e-05
434	0.98096	0.011912	0.0070403	8.546e-05
435	0.98282	0.010046	0.0070573	7.2103e-05
436	0.9774	0.015468	0.0070221	0.00011103
437	0.97436	0.018504	0.0070039	0.00013288
438	0.97339	0.019471	0.0070005	0.00013992
439	0.97397	0.018886	0.0070083	0.00013577
440	0.97649	0.016358	0.0070301	0.00011765
441	0.98129	0.011562	0.0070681	8.3235e-05
442	0.97893	0.013916	0.0070547	0.0001003
443	0.97805	0.014789	0.007052	0.00010666
444	0.97857	0.014267	0.0070594	0.00010294
445	0.98092	0.011918	0.00708	8.6061e-05
446	0.98493	0.0078965	0.0071127	5.7042e-05
447	0.99156	0.0012688	0.0071642	9.202e-06
448	0.98859	0.0042308	0.0071465	3.0689e-05
449	0.98709	0.0057272	0.0071393	4.1593e-05
450	0.98668	0.0061333	0.00714	4.4586e-05
451	0.98425	0.0085588	0.0071262	6.2233e-05
452	0.98313	0.0096729	0.0071219	7.0358e-05
453	0.98326	0.0095475	0.0071267	6.9472e-05
454	0.98461	0.0081863	0.0071405	5.9588e-05
455	0.98731	0.005486	0.0071641	3.9931e-05
456	0.99202	0.00077575	0.0072023	5.6527e-06
457	0.98177	0.011019	0.0071316	8.0194e-05
458	0.97447	0.018314	0.0070825	0.00013329
459	0.96959	0.023186	0.007051	0.00016877
460	0.95755	0.03523	0.0069672	0.00025654
461	0.94986	0.042913	0.006915	0.0003127
462	0.94568	0.047091	0.0068882	0.00034342
463	0.79415	0.19861	0.0057863	0.0014493
464	0.68816	0.3046	0.005015	0.0022246
465	0.60824	0.38452	0.0044341	0.0028095
466	0.55362	0.43913	0.004037	0.0032105
467	0.51281	0.47994	0.0037409	0.0035106
468	0.48562	0.50713	0.0035438	0.0037117
469	0.46824	0.5245	0.0034182	0.0038413
470	0.45647	0.53627	0.0033338	0.0039297
471	0.4507	0.54203	0.0032931	0.0039744
472	0.45021	0.54252	0.0032909	0.0039805
473	0.43443	0.55829	0.0031767	0.0040987
474	0.42402	0.5687	0.003102	0.0041775
475	0.41935	0.57336	0.0030692	0.0042143
476	0.33909	0.65362	0.0024811	0.0048065
477	0.27849	0.71422	0.0020373	0.0052544
478	0.23629	0.75641	0.0017281	0.0055677
479	0.20448	0.78822	0.0014951	0.0058048
480	0.18063	0.81207	0.0013207	0.0059833
481	0.16303	0.82966	0.0011922	0.006116
482	0.1503	0.84239	0.0010994	0.006213
483	0.14144	0.85125	0.0010351	0.0062815
484	0.1357	0.85698	0.00099373	0.0063271
485	0.13367	0.859	0.00097946	0.0063456
486	0.11898	0.87369	0.00087219	0.0064571
487	0.1094	0.88326	0.00080224	0.0065313
488	0.10388	0.88878	0.00076204	0.0065758
489	0.10079	0.89187	0.00073974	0.0066023
490	0.087605	0.90505	0.00064312	0.0067032
491	0.077914	0.91474	0.00057223	0.0067785
492	0.071026	0.92162	0.00052198	0.0068331
493	0.067061	0.92558	0.00049313	0.0068662
494	0.065637	0.927	0.00048296	0.0068807
495	0.066555	0.92608	0.00049002	0.006878
496	0.059826	0.9328	0.00044058	0.0069318
497	0.055962	0.93666	0.0004122	0.0069645
498	0.053742	0.93888	0.00039601	0.0069851
499	0.053535	0.93908	0.00039465	0.0069908
500	0.055315	0.93729	0.00040796	0.0069818
501	0.058715	0.93389	0.00043334	0.0069608
502	0.064692	0.92791	0.00047777	0.0069207
503	0.073072	0.91953	0.00054013	0.0068627
504	0.085653	0.90694	0.00063362	0.0067736
505	0.10254	0.89005	0.00075928	0.0066524
506	0.12505	0.86753	0.00092707	0.006489
507	0.13173	0.86085	0.00097733	0.0064432
508	0.12885	0.86373	0.00095642	0.0064686
509	0.12918	0.86339	0.0009594	0.0064701
510	0.13192	0.86064	0.00098048	0.0064535
511	0.1373	0.85527	0.0010213	0.0064173
512	0.14576	0.8468	0.0010853	0.0063578
513	0.15953	0.83303	0.0011891	0.0062586
514	0.17832	0.81423	0.0013307	0.0061215
515	0.20355	0.78899	0.0015211	0.0059357
516	0.24079	0.75175	0.0018016	0.0056598
517	0.23729	0.75524	0.0017766	0.0056894
518	0.23805	0.75448	0.0017834	0.0056872
519	0.24338	0.74915	0.0018246	0.0056507
520	0.2105	0.78202	0.0015784	0.0059015
521	0.18797	0.80454	0.0014097	0.0060749
522	0.17135	0.82116	0.0012853	0.0062038
523	0.15937	0.83314	0.001196	0.0062978
524	0.15112	0.84138	0.0011348	0.0063637
525	0.14603	0.84646	0.0010974	0.0064059
526	0.12848	0.86402	0.00096582	0.0065422
527	0.11705	0.87544	0.00088021	0.0066325
528	0.10905	0.88344	0.00082045	0.006697
529	0.084409	0.90807	0.0006352	0.006887
530	0.065703	0.92677	0.00049463	0.0070324
531	0.052742	0.93973	0.00039712	0.0071347
532	0.043017	0.94945	0.00032401	0.0072126
533	0.036453	0.95601	0.00027461	0.0072668
534	0.031646	0.96081	0.00023849	0.0073077
535	0.02881	0.96364	0.00021718	0.0073338
536	0.027051	0.96539	0.00020403	0.0073518
537	0.026237	0.9662	0.00019805	0.0073627
538	0.026305	0.96613	0.00019878	0.0073669
539	0.027261	0.96517	0.00020628	0.0073643
540	0.0292	0.96322	0.00022131	0.0073542
541	0.025825	0.96659	0.00019596	0.0073845
542	0.024021	0.96839	0.00018246	0.007403
543	0.02346	0.96895	0.00017838	0.007412
544	0.018127	0.97428	0.00013785	0.0074575
545	0.014071	0.97833	0.00010704	0.0074933
546	0.010973	0.98142	8.3531e-05	0.0075218
547	0.0085906	0.9838	6.5466e-05	0.0075449
548	0.0070262	0.98536	5.3585e-05	0.0075618
549	0.0060612	0.98632	4.6241e-05	0.0075741
550	0.0053448	0.98703	4.0801e-05	0.0075846
551	0.004821	0.98755	3.6836e-05	0.0075937
552	0.0046386	0.98773	3.5459e-05	0.0076001
553	0.0045757	0.98778	3.5002e-05	0.0076056
554	0.0046361	0.98772	3.5498e-05	0.0076102
555	0.0048248	0.98752	3.6987e-05	0.0076139
556	0.0051564	0.98719	3.9586e-05	0.0076164
557	0.005657	0.98668	4.3501e-05	0.0076177
558	0.0063656	0.98597	4.9043e-05	0.0076174
559	0.0073264	0.985	5.6559e-05	0.0076151
560	0.0089049	0.98342	6.8846e-05	0.0076081
561	0.011258	0.98106	8.7131e-05	0.007595
562	0.014686	0.97763	0.00011374	0.0075736
563	0.019137	0.97317	0.00014835	0.0075442
564	0.025683	0.96662	0.00019924	0.0074986
565	0.020344	0.97195	0.00015798	0.0075451
566	0.016743	0.97555	0.00013012	0.0075782
567	0.014082	0.9782	0.00010957	0.007604
568	0.012446	0.97984	9.6937e-05	0.0076219
569	0.01168	0.9806	9.104e-05	0.0076331
570	0.011679	0.98059	9.1069e-05	0.0076383
571	0.01244	0.97982	9.703e-05	0.0076376
572	0.009623	0.98264	7.5097e-05	0.0076648
573	0.0076975	0.98456	6.008e-05	0.0076851
574	0.0062026	0.98605	4.8436e-05	0.0077021
575	0.0052099	0.98703	4.0686e-05	0.0077151
576	0.0044173	0.98782	3.4509e-05	0.0077266
577	0.0039577	0.98828	3.0914e-05	0.0077355
578	0.0035948	0.98863	2.8084e-05	0.0077436
579	0.0033003	0.98892	2.5797e-05	0.0077513
580	0.0032082	0.98901	2.5075e-05	0.0077574
581	0.0031491	0.98906	2.462e-05	0.0077632
582	0.0031112	0.9891	2.4338e-05	0.0077689
583	0.0030989	0.9891	2.4263e-05	0.0077744
584	0.0032661	0.98893	2.5579e-05	0.0077785
585	0.0034653	0.98873	2.7155e-05	0.0077824
586	0.0037116	0.98847	2.911e-05	0.0077859
587	0.0040238	0.98816	3.1595e-05	0.0077889
588	0.00462	0.98755	3.6298e-05	0.0077897
589	0.0053727	0.9868	4.2252e-05	0.0077893
590	0.0063299	0.98583	4.9841e-05	0.0077872
591	0.0075644	0.98459	5.9647e-05	0.007783
592	0.0091698	0.98298	7.2424e-05	0.0077758
593	0.011569	0.98058	9.1483e-05	0.0077624
594	0.015151	0.97699	0.00011989	0.0077395
595	0.0198	0.97233	0.00015685	0.0077082
596	0.025872	0.96626	0.00020521	0.0076655
597	0.033866	0.95826	0.00026902	0.0076073
598	0.045359	0.94676	0.00036069	0.0075213
599	0.048721	0.94339	0.00038771	0.0074999
600	0.046421	0.94569	0.00036965	0.0075236
601	0.046085	0.94602	0.00036718	0.0075318
602	0.039393	0.9527	0.00031395	0.0075906
603	0.034521	0.95757	0.00027524	0.007635
604	0.031694	0.96039	0.00025277	0.0076631
605	0.030519	0.96156	0.00024343	0.0076781
606	0.030358	0.96172	0.00024223	0.007685
607	0.031597	0.96047	0.00025216	0.0076807
608	0.033921	0.95814	0.00027082	0.0076677
609	0.037535	0.95452	0.00029987	0.0076444
610	0.042723	0.94933	0.00034161	0.0076084
611	0.04222	0.94982	0.00033777	0.0076179
612	0.042942	0.9491	0.0003438	0.0076177
613	0.045466	0.94657	0.00036424	0.007603
614	0.049497	0.94253	0.00039687	0.0075762
615	0.05534	0.93668	0.00044417	0.0075347
616	0.043303	0.94871	0.0003477	0.0076369
617	0.034224	0.95779	0.00027498	0.0077155
618	0.028158	0.96385	0.00022633	0.00777
619	0.023671	0.96833	0.00019039	0.0078117
620	0.020817	0.97117	0.00016751	0.0078405
621	0.019233	0.97275	0.00015481	0.007859
622	0.018388	0.97359	0.00014808	0.0078716
623	0.018234	0.97374	0.00014696	0.0078786
624	0.01907	0.9729	0.00015379	0.0078777
625	0.021	0.97096	0.00016945	0.0078679
626	0.023841	0.96812	0.00019252	0.0078507
627	0.027807	0.96414	0.00022478	0.0078244
628	0.033948	0.958	0.00027465	0.0077805
629	0.042157	0.94978	0.00034143	0.0077196
630	0.054074	0.93786	0.0004383	0.0076287
631	0.071216	0.92071	0.00057758	0.0074954
632	0.076267	0.91565	0.000619	0.0074599
633	0.083727	0.90819	0.00068016	0.0074048
634	0.082784	0.90912	0.00067304	0.0074179
635	0.084367	0.90754	0.00068643	0.0074105
636	0.088677	0.90322	0.00072202	0.0073809
637	0.096455	0.89544	0.00078585	0.0073231
638	0.10736	0.88452	0.0008754	0.0072396
639	0.1223	0.86958	0.00099818	0.0071229
640	0.14462	0.84725	0.0011814	0.0069458
641	0.17423	0.81764	0.0014247	0.0067085
642	0.21355	0.77831	0.0017483	0.006391
643	0.2266	0.76526	0.001857	0.0062885
644	0.24667	0.74518	0.0020234	0.0061282
645	0.27688	0.71496	0.0022731	0.0058847
646	0.32144	0.6704	0.0026408	0.0055231
647	0.38037	0.61146	0.0031278	0.0050422
648	0.46626	0.52557	0.0038368	0.0043393
649	0.47236	0.51946	0.00389	0.0042923
650	0.48455	0.50726	0.0039933	0.0041951
651	0.50246	0.48935	0.0041442	0.0040504
652	0.52757	0.46423	0.0043551	0.0038457
653	0.5648	0.42699	0.0046664	0.0035406
654	0.61455	0.37724	0.0050822	0.0031311
655	0.63288	0.3589	0.0052384	0.0029812
656	0.66087	0.3309	0.0054748	0.0027511
657	0.6987	0.29307	0.0057937	0.0024385
658	0.75458	0.23718	0.0062628	0.0019757
659	0.82897	0.16278	0.0068874	0.0013574
660	0.92727	0.064476	0.0077132	0.000538
661	0.92793	0.063811	0.007725	0.00053271
662	0.93164	0.060097	0.0077621	0.00050201
663	0.93887	0.052861	0.0078286	0.0004419
664	0.94951	0.042214	0.0079238	0.00035308
665	0.96598	0.025737	0.0080679	0.00021542
666	0.97293	0.018776	0.0081324	0.00015732
667	0.98284	0.0088598	0.0082219	7.4291e-05
668	0.98308	0.0086185	0.0082304	7.2277e-05
669	0.98112	0.010571	0.0082206	8.8619e-05
670	0.98073	0.010953	0.0082239	9.1845e-05
671	0.98186	0.0098136	0.0082399	8.2324e-05
672	0.98473	0.0069416	0.0082704	5.8265e-05
673	0.98548	0.0061847	0.0082832	5.1963e-05
674	0.98476	0.0069024	0.0082835	5.807e-05
675	0.98514	0.0065126	0.0082932	5.4841e-05
676	0.98692	0.0047269	0.0083146	3.9867e-05
677	0.98708	0.0045614	0.0083225	3.8512e-05
678	0.98575	0.0058775	0.0083179	4.9647e-05
679	0.98573	0.0058919	0.0083242	4.9822e-05
680	0.98677	0.0048452	0.0083396	4.1004e-05
681	0.98924	0.0023713	0.0083671	2.0118e-05
682	0.9884	0.0032034	0.0083666	2.7199e-05
683	0.98847	0.00313	0.0083738	2.6598e-05
684	0.98945	0.0021455	0.0083889	1.8249e-05
685	0.9874	0.0041812	0.0083783	3.5532e-05
686	0.98272	0.0088634	0.0083452	7.5359e-05
687	0.98013	0.011439	0.0083299	9.7368e-05
688	0.97897	0.012596	0.0083267	0.0001073
689	0.97472	0.016835	0.0082972	0.00014355
690	0.97229	0.019258	0.0082832	0.00016432
691	0.97149	0.020054	0.0082831	0.00017121
692	0.97264	0.018894	0.0082997	0.00016145
693	0.97544	0.016096	0.0083303	0.00013763
694	0.98056	0.010964	0.008381	9.3849e-05
695	0.98801	0.0035052	0.0084517	3.0008e-05
696	0.99146	5.4752e-05	0.0084881	4.6886e-07
697	0.99146	4.1054e-05	0.008495	3.5281e-07
698	0.99079	0.00070916	0.0084961	6.0973e-06
699	0.98955	0.0019455	0.0084923	1.676e-05
700	0.98663	0.0048569	0.0084741	4.1863e-05
701	0.98007	0.011406	0.0084244	9.8441e-05
702	0.97618	0.015294	0.0083975	0.00013218
703	0.97399	0.017474	0.0083854	0.00015118
704	0.97334	0.018113	0.0083867	0.00015687
705	0.97419	0.017258	0.0084009	0.00014963
706	0.97662	0.014826	0.0084289	0.00012869
707	0.98079	0.01065	0.0084721	9.2572e-05
708	0.98702	0.0044117	0.0085334	3.8457e-05
709	0.94852	0.042899	0.0082067	0.00037235
710	0.922	0.069414	0.0079832	0.00060308
711	0.90252	0.088885	0.0078207	0.00077276
712	0.88978	0.10162	0.0077164	0.00088431
713	0.88121	0.11018	0.0076484	0.00095952
714	0.87696	0.11442	0.0076177	0.00099745
715	0.87663	0.11475	0.007621	0.0010013
716	0.87922	0.11215	0.0076499	0.00097972
717	0.87345	0.11792	0.0076061	0.0010309
718	0.87085	0.12051	0.0075899	0.0010544
719	0.87199	0.11936	0.0076063	0.0010453
720	0.8772	0.11414	0.0076582	0.0010007
721	0.88599	0.10535	0.0077416	0.00092466
722	0.89904	0.09229	0.0078627	0.00081097
723	0.91737	0.073945	0.0080307	0.00065052
724	0.92444	0.066872	0.0080997	0.00058896
725	0.93501	0.056296	0.0081997	0.00049639
726	0.94988	0.041415	0.008338	0.00036561
727	0.9551	0.036185	0.0083915	0.00031969
728	0.96386	0.027419	0.0084762	0.00024253
729	0.97618	0.015094	0.0085927	0.00013369
730	0.976	0.015266	0.0085988	0.00013524
731	0.97293	0.018323	0.0085794	0.00016232
732	0.97154	0.019706	0.0085748	0.00017461
733	0.97172	0.019521	0.0085841	0.00017302
734	0.97389	0.017343	0.0086111	0.0001538
735	0.97785	0.013382	0.0086539	0.00011869
736	0.97885	0.012369	0.0086706	0.00010974
737	0.98168	0.0095303	0.0087035	8.4599e-05
738	0.98673	0.0044704	0.0087561	3.9722e-05
739	0.98262	0.0085755	0.0087274	7.6179e-05
740	0.9804	0.010787	0.0087154	9.5902e-05
741	0.97985	0.011334	0.0087181	0.00010088
742	0.97677	0.014406	0.0086983	0.00012839
743	0.97527	0.015895	0.0086926	0.00014181
744	0.96968	0.021481	0.0086504	0.00019175
745	0.95649	0.034661	0.0085402	0.0003097
746	0.94813	0.043014	0.0084729	0.00038478
747	0.94269	0.048446	0.0084317	0.00043375
748	0.94039	0.050741	0.0084185	0.00045476
749	0.9403	0.05082	0.0084252	0.00045588
750	0.94306	0.048052	0.0084574	0.00043151
751	0.94824	0.042859	0.0085115	0.00038525
752	0.95707	0.034025	0.0085983	0.00030626
753	0.96954	0.02155	0.0087182	0.00019426
754	0.98667	0.0044085	0.0088805	3.9869e-05
755	0.98583	0.0052417	0.0088809	4.7423e-05
756	0.98601	0.0050574	0.0088906	4.5784e-05
757	0.98465	0.0064018	0.0088865	5.7946e-05
758	0.98441	0.0066407	0.0088925	6.0114e-05
759	0.98549	0.0055478	0.0089104	5.0255e-05
760	0.98806	0.0029705	0.0089418	2.6955e-05
761	0.98898	0.0020412	0.0089584	1.8543e-05
762	0.99087	0.00014326	0.0089838	1.3046e-06
763	0.98999	0.0010181	0.008984	9.2738e-06
764	0.98991	0.0010881	0.0089915	9.945e-06
765	0.99054	0.00044896	0.0090055	4.1556e-06
766	0.99007	0.00091531	0.0090094	8.5222e-06
767	0.98596	0.0050103	0.0089793	4.676e-05
768	0.98338	0.0075898	0.0089634	7.0994e-05
769	0.98237	0.0085874	0.008962	8.0652e-05
770	0.98254	0.0084072	0.0089715	7.9432e-05
771	0.98415	0.0067952	0.0089942	6.5037e-05
772	0.98406	0.0068759	0.0090011	6.6451e-05
773	0.98507	0.0058511	0.0090183	5.758e-05
774	0.98729	0.0036299	0.0090466	3.7591e-05
775	0.98577	0.005133	0.0090386	5.3907e-05
776	0.98533	0.0055739	0.0090411	5.9889e-05
777	0.9859	0.004986	0.0090534	5.596e-05
778	0.98496	0.0059209	0.0090498	6.8139e-05
779	0.98189	0.0089831	0.0090217	0.00010475
780	0.98024	0.010627	0.0090086	0.00012635
781	0.97545	0.015402	0.0089585	0.000185
782	0.97253	0.018317	0.0089289	0.00022313
783	0.97165	0.01919	0.0089214	0.00023917
784	0.95326	0.03757	0.0086993	0.00046986
785	0.94122	0.049602	0.0085539	0.00062385
786	0.93289	0.057923	0.0084527	0.00073363
787	0.92762	0.063185	0.0083874	0.00080771
788	0.92558	0.06522	0.0083585	0.00084523
789	0.92591	0.064876	0.0083555	0.00085697
790	0.9014	0.089383	0.0080363	0.0011848
791	0.88344	0.10733	0.0078011	0.0014288
792	0.87067	0.12009	0.0076314	0.0016072
793	0.86214	0.12862	0.007514	0.0017335
794	0.85718	0.13356	0.0074395	0.0018169
795	0.85547	0.13527	0.0074023	0.001863
796	0.84445	0.14627	0.0072472	0.0020271
797	0.81369	0.17705	0.0069762	0.0022835
798	0.73692	0.25383	0.0063096	0.0029356
799	0.54694	0.44383	0.0046769	0.0045539
800	0.4138	0.57698	0.0035332	0.0056831
801	0.32212	0.66868	0.0027456	0.0064562
802	0.25248	0.73833	0.002149	0.0070384
803	0.20383	0.787	0.0017322	0.0074407
804	0.16697	0.82387	0.0014172	0.0077413
805	0.1391	0.85175	0.0011796	0.0079646
806	0.11992	0.87095	0.0010161	0.0081137
807	0.10725	0.88364	0.00090826	0.0082072
808	0.099308	0.89159	0.00084093	0.0082601
809	0.094994	0.89592	0.00080483	0.0082819
810	0.09285	0.89808	0.00078764	0.0082847
811	0.081282	0.90966	0.00068874	0.0083693
812	0.073752	0.9172	0.00062448	0.0084192
813	0.068615	0.92236	0.00058092	0.0084485
814	0.065468	0.92552	0.00055461	0.0084605
815	0.064034	0.92696	0.00054318	0.0084577
816	0.064203	0.92681	0.00054576	0.008441
817	0.066021	0.92501	0.00056283	0.0084098
818	0.070272	0.92077	0.0006013	0.0083571
819	0.07671	0.91435	0.0006592	0.0082851
820	0.087013	0.90406	0.00075137	0.0081789
821	0.10096	0.89013	0.00087597	0.0080402
822	0.11969	0.87141	0.0010433	0.0078589
823	0.14468	0.84643	0.0012664	0.0076218
824	0.18066	0.81047	0.0015869	0.0072873
825	0.22831	0.76283	0.0020112	0.006849
826	0.24769	0.74346	0.0021814	0.0066649
827	0.27641	0.71476	0.002434	0.0063983
828	0.31489	0.67629	0.002773	0.0060454
829	0.36593	0.62527	0.0032229	0.0055816
830	0.43369	0.55752	0.0038208	0.0049699
831	0.52348	0.46775	0.0046133	0.0041636
832	0.51176	0.47948	0.0045029	0.0042603
833	0.50635	0.4849	0.0044482	0.0043011
834	0.50513	0.48614	0.0044308	0.0043048
835	0.50915	0.48213	0.0044594	0.0042625
836	0.51753	0.47376	0.0045264	0.0041818
837	0.53256	0.45875	0.0046513	0.0040431
838	0.55615	0.43517	0.0048507	0.00383
839	0.59193	0.3994	0.0051558	0.0035111
840	0.63982	0.35153	0.0055661	0.0030871
841	0.70343	0.28793	0.0061128	0.0025267
842	0.72811	0.26326	0.0063187	0.0023073
843	0.73533	0.25606	0.0063717	0.0022407
844	0.74885	0.24255	0.0064793	0.0021195
845	0.77058	0.22083	0.0066576	0.0019277
846	0.80028	0.19115	0.0069047	0.0016671
847	0.79586	0.19559	0.0068555	0.0017028
848	0.79591	0.19555	0.0068451	0.0016997
849	0.79951	0.19196	0.0068654	0.001666
850	0.80694	0.18454	0.0069188	0.0015992
851	0.81878	0.17271	0.0070102	0.0014945
852	0.83596	0.15555	0.0071474	0.001344
853	0.86235	0.12918	0.0073631	0.0011151
854	0.89787	0.093665	0.007657	0.00080797
855	0.91166	0.079883	0.0077635	0.00068822
856	0.90543	0.08613	0.0076984	0.00074021
857	0.90302	0.088556	0.007666	0.00075956
858	0.90331	0.08828	0.0076567	0.00075578
859	0.90715	0.084447	0.0076775	0.00072183
860	0.91408	0.077537	0.0077246	0.00066174
861	0.92462	0.06701	0.0078023	0.00057101
862	0.9412	0.050437	0.007931	0.00042937
863	0.96377	0.02788	0.0081102	0.00023726
864	0.9652	0.026463	0.0081096	0.00022485
865	0.96851	0.023168	0.008125	0.0001966
866	0.97392	0.017768	0.0081581	0.00015064
867	0.98185	0.009853	0.0082124	8.3566e-05
868	0.98115	0.010571	0.0081938	8.9408e-05
869	0.98194	0.0097944	0.0081877	8.2728e-05
870	0.98438	0.0073625	0.0081954	6.2251e-05
871	0.98106	0.010698	0.0081548	9.0156e-05
872	0.97241	0.019361	0.0080695	0.00016269
873	0.96648	0.025299	0.0080074	0.00021218
874	0.95008	0.04171	0.007858	0.00034887
875	0.93929	0.05252	0.0077557	0.00043858
876	0.93193	0.059889	0.0076823	0.00049933
877	0.92745	0.064379	0.0076332	0.00053594
878	0.92552	0.066328	0.0076053	0.00055138
879	0.91645	0.075407	0.0075184	0.0006258
880	0.89347	0.098398	0.0073165	0.00081519
881	0.87674	0.11514	0.0071669	0.00095226
882	0.86498	0.12691	0.007059	0.0010478
883	0.83326	0.15864	0.0067875	0.0013069
884	0.80987	0.18205	0.0065854	0.0014968
885	0.79313	0.1988	0.0064384	0.0016315
886	0.78164	0.2103	0.0063349	0.0017227
887	0.77455	0.21741	0.0062676	0.0017779
888	0.77131	0.22066	0.0062319	0.0018015
889	0.77172	0.22025	0.0062261	0.0017953
890	0.77577	0.21622	0.0062498	0.0017596
891	0.78377	0.20824	0.0063055	0.001692
892	0.79774	0.19428	0.0064092	0.0015763
893	0.81755	0.17448	0.00656	0.0014136
894	0.82289	0.16914	0.0065934	0.0013683
895	0.8192	0.17285	0.0065541	0.0013957
896	0.81893	0.17313	0.0065426	0.0013954
897	0.82296	0.16911	0.0065653	0.0013608
898	0.8318	0.16028	0.0066264	0.0012879
899	0.84515	0.14694	0.0067235	0.001179
900	0.86412	0.12799	0.0068655	0.0010253
901	0.89019	0.10193	0.0070641	0.00081499
902	0.92828	0.063855	0.0073577	0.00050964
903	0.98415	0.0079963	0.0077918	6.3776e-05
904	0.98248	0.0096789	0.0077668	7.6992e-05
905	0.98207	0.010097	0.007752	8.0141e-05
906	0.98314	0.0090365	0.0077488	7.1626e-05
907	0.98209	0.0101	0.0077288	7.9881e-05
908	0.98252	0.0096848	0.0077205	7.6493e-05
909	0.98421	0.008005	0.0077222	6.3148e-05
910	0.98385	0.0083807	0.0077078	6.5979e-05
911	0.98465	0.0075926	0.0077026	5.966e-05
912	0.98667	0.0055807	0.007707	4.3755e-05
913	0.98379	0.0084707	0.007673	6.6221e-05
914	0.9823	0.0099699	0.00765	7.7757e-05
915	0.98231	0.0099706	0.0076387	7.7624e-05
916	0.98382	0.008473	0.0076389	6.5871e-05
917	0.98672	0.0055847	0.00765	4.3335e-05
918	0.99171	0.00061169	0.0076772	4.7455e-06
919	0.99148	0.00084473	0.0076639	6.5393e-06
920	0.99193	0.00040874	0.007656	3.1552e-06
921	0.99224	0.00010839	0.0076469	8.3391e-07
922	0.98922	0.0031474	0.0076122	2.419e-05
923	0.98762	0.0047528	0.0075884	3.6484e-05
924	0.98729	0.0050938	0.0075744	3.9058e-05
925	0.98522	0.0071769	0.007547	5.4993e-05
926	0.98437	0.0080428	0.007529	6.1543e-05
927	0.98492	0.0074999	0.0075218	5.7329e-05
928	0.9838	0.0086344	0.0075017	6.5949e-05
929	0.98386	0.008582	0.0074908	6.5476e-05
930	0.98512	0.0073385	0.007489	5.5923e-05
931	0.98464	0.0078288	0.0074739	5.9594e-05
932	0.9853	0.0071808	0.0074676	5.4598e-05
933	0.98716	0.0053321	0.0074704	4.0499e-05
934	0.9873	0.0051968	0.0074603	3.94e-05
935	0.98849	0.0040256	0.007458	3.0462e-05
936	0.99108	0.001447	0.0074664	1.095e-05
937	0.98884	0.0036909	0.0074383	2.784e-05
938	0.98771	0.004833	0.0074187	3.6378e-05
939	0.98466	0.007901	0.0073846	5.9373e-05
940	0.98329	0.0092749	0.0073632	6.9621e-05
941	0.98316	0.0094225	0.0073511	7.0636e-05
942	0.98425	0.0083421	0.0073483	6.2449e-05
943	0.9833	0.0093027	0.0073302	6.9503e-05
944	0.98383	0.0087809	0.0073232	6.5512e-05
945	0.98592	0.0067036	0.0073277	4.9985e-05
946	0.98607	0.0065643	0.0073179	4.8885e-05
947	0.98733	0.0053186	0.0073163	3.9563e-05
948	0.98978	0.0028721	0.0073236	2.1348e-05
949	0.99067	0.0019988	0.0073193	1.4833e-05
950	0.9908	0.0018775	0.0073094	1.3917e-05
951	0.99175	0.00094006	0.0073055	6.9741e-06
952	0.9909	0.0017981	0.0072885	1.3305e-05
953	0.98877	0.0039409	0.007262	2.9083e-05
954	0.98773	0.0049878	0.0072437	3.6744e-05
955	0.98771	0.0050182	0.007233	3.6913e-05
956	0.98871	0.0040344	0.0072297	2.9638e-05
957	0.98536	0.0073957	0.0071946	5.4211e-05
958	0.9583	0.034459	0.006986	0.0002522
959	0.93822	0.054555	0.0068291	0.00039855
960	0.92365	0.069136	0.0067131	0.00050415
961	0.91345	0.079344	0.0066292	0.00057755
962	0.90761	0.085198	0.0065771	0.00061921
963	0.90537	0.087443	0.0065512	0.00063465
964	0.9066	0.086224	0.0065504	0.00062503
