#coord	neutral	conserved	gBGC.neutral	gBGC.conserved
1	0.75713	0.23248	0.0079488	0.0024418
2	0.76296	0.22665	0.0080094	0.0023803
3	0.7731	0.21651	0.0081153	0.0022735
4	0.78987	0.19975	0.0082906	0.0020972
5	0.81539	0.17423	0.0085577	0.0018291
6	0.85357	0.13605	0.0089575	0.0014284
7	0.90446	0.085159	0.0094907	0.00089417
8	0.92679	0.062828	0.0097241	0.00065984
9	0.95701	0.032609	0.01004	0.00034264
10	0.96875	0.020865	0.010163	0.0002193
11	0.97311	0.016505	0.010208	0.00017348
12	0.97973	0.0098901	0.010276	0.00010395
13	0.98239	0.0072257	0.010304	7.5953e-05
14	0.98665	0.002975	0.010347	3.1287e-05
15	0.9884	0.0012258	0.010365	1.2898e-05
16	0.98788	0.0017435	0.010359	1.8327e-05
17	0.98813	0.0014921	0.010361	1.568e-05
18	0.98777	0.0018581	0.010356	1.951e-05
19	0.98818	0.0014461	0.01036	1.5174e-05
20	0.98955	7.331e-05	0.010373	7.6954e-07
21	0.9896	2.7491e-05	0.010373	2.8831e-07
22	0.98932	0.00030319	0.01037	3.1815e-06
23	0.98893	0.00070277	0.010365	7.3729e-06
24	0.98918	0.00045241	0.010367	4.7468e-06
25	0.98928	0.00035013	0.010367	3.6725e-06
26	0.9893	0.00032977	0.010367	3.456e-06
27	0.98832	0.0013146	0.010356	1.3776e-05
28	0.98821	0.0014233	0.010354	1.4919e-05
29	0.98885	0.0007834	0.01036	8.2123e-06
30	0.98913	0.00050015	0.010362	5.2487e-06
31	0.98823	0.0014058	0.010352	1.4752e-05
32	0.98613	0.0035057	0.01033	3.6774e-05
33	0.98499	0.0046396	0.010317	4.8657e-05
34	0.98477	0.0048667	0.010314	5.1026e-05
35	0.98557	0.0040666	0.010322	4.2643e-05
36	0.98501	0.004625	0.010316	4.8486e-05
37	0.98546	0.0041763	0.01032	4.3789e-05
38	0.98681	0.0028313	0.010334	2.9693e-05
39	0.98696	0.0026794	0.010335	2.8093e-05
40	0.98791	0.001731	0.010344	1.8141e-05
41	0.98802	0.0016173	0.010345	1.6946e-05
42	0.98741	0.0022235	0.010338	2.3297e-05
43	0.98756	0.0020806	0.010339	2.1798e-05
44	0.98691	0.0027267	0.010332	2.8569e-05
45	0.98713	0.0025115	0.010334	2.6312e-05
46	0.98822	0.0014182	0.010345	1.4852e-05
47	0.98863	0.0010055	0.010349	1.0528e-05
48	0.98869	0.00095504	0.010349	1.0002e-05
49	0.98944	0.00019639	0.010357	2.0572e-06
50	0.98946	0.00018536	0.010356	1.94e-06
51	0.98957	7.4795e-05	0.010357	7.831e-07
52	0.98949	0.00015101	0.010356	1.58e-06
53	0.98869	0.00095451	0.010347	9.9781e-06
54	0.98715	0.0024889	0.010331	2.6021e-05
55	0.98671	0.0029372	0.010326	3.0709e-05
56	0.98728	0.0023618	0.010332	2.4695e-05
57	0.98696	0.0026863	0.010328	2.8083e-05
58	0.98563	0.004013	0.010314	4.1959e-05
59	0.97353	0.016113	0.010187	0.00016843
60	0.96575	0.023899	0.010105	0.00024985
61	0.96055	0.029092	0.01005	0.0003041
62	0.95755	0.032097	0.010019	0.00033544
63	0.9569	0.032747	0.010012	0.00034217
64	0.95183	0.037818	0.0099584	0.00039514
65	0.94964	0.040012	0.0099352	0.00041807
66	0.94945	0.040197	0.009933	0.00041995
67	0.9444	0.045251	0.0098798	0.00047276
68	0.94171	0.047936	0.0098515	0.00050075
69	0.94181	0.047841	0.0098523	0.00049972
70	0.93674	0.052903	0.009799	0.00055262
71	0.93483	0.054814	0.0097787	0.0005726
72	0.93581	0.05384	0.0097885	0.00056246
73	0.93911	0.050542	0.0098226	0.00052799
74	0.94566	0.043988	0.0098907	0.00045952
75	0.95537	0.034284	0.0099918	0.00035808
76	0.95829	0.031363	0.010022	0.00032757
77	0.96398	0.025672	0.010081	0.00026814
78	0.97238	0.017273	0.010169	0.00018038
79	0.97567	0.01398	0.010203	0.00014599
80	0.97587	0.013781	0.010204	0.00014391
81	0.97748	0.012176	0.010221	0.0001271
82	0.97062	0.019036	0.010149	0.00019874
83	0.96656	0.023093	0.010106	0.00024112
84	0.96441	0.025241	0.010084	0.00026352
85	0.96436	0.025292	0.010083	0.00026403
86	0.96053	0.029126	0.010042	0.00030407
87	0.95918	0.030479	0.010028	0.00031822
88	0.95964	0.030014	0.010032	0.00031334
89	0.96238	0.027271	0.010061	0.00028469
90	0.96787	0.021784	0.010118	0.0002274
91	0.97687	0.012786	0.010211	0.0001335
92	0.98023	0.0094276	0.010246	9.844e-05
93	0.98116	0.0085008	0.010255	8.8784e-05
94	0.98004	0.0096205	0.010243	0.00010049
95	0.98015	0.009505	0.010244	9.9274e-05
96	0.9818	0.0078536	0.010261	8.2023e-05
97	0.98145	0.0082118	0.010257	8.5751e-05
98	0.98251	0.0071471	0.010268	7.4624e-05
99	0.98515	0.0045108	0.010295	4.7096e-05
100	0.98334	0.0063194	0.010276	6.5977e-05
101	0.98288	0.0067815	0.010271	7.0803e-05
102	0.9837	0.0059559	0.010279	6.2188e-05
103	0.98287	0.0067905	0.01027	7.0925e-05
104	0.98336	0.0062963	0.010275	6.579e-05
105	0.98498	0.0046762	0.010291	4.8878e-05
106	0.98507	0.0045949	0.010292	4.8033e-05
107	0.98362	0.0060357	0.010277	6.3109e-05
108	0.98329	0.0063695	0.010273	6.6601e-05
109	0.98426	0.0053966	0.010283	5.6449e-05
110	0.98639	0.0032712	0.010305	3.4241e-05
111	0.98701	0.0026536	0.010311	2.7787e-05
112	0.9867	0.0029629	0.010307	3.1024e-05
113	0.98726	0.002403	0.010313	2.5165e-05
114	0.98874	0.00092289	0.010328	9.678e-06
115	0.95944	0.030221	0.010022	0.00031628
116	0.93938	0.050286	0.0098115	0.00052638
117	0.92599	0.063676	0.0096711	0.00066665
118	0.91663	0.073031	0.009573	0.00076461
119	0.91138	0.078282	0.0095178	0.00081968
120	0.90956	0.0801	0.0094985	0.00083886
121	0.91033	0.079329	0.0095063	0.00083093
122	0.91375	0.07591	0.0095418	0.00079526
123	0.92009	0.069573	0.0096079	0.00072906
124	0.9195	0.070163	0.0096017	0.00073527
125	0.92138	0.068285	0.0096213	0.00071561
126	0.92587	0.06379	0.0096684	0.00066854
127	0.92402	0.06564	0.0096491	0.00068783
128	0.92514	0.064522	0.0096609	0.0006761
129	0.92951	0.060155	0.0097065	0.00063043
130	0.92828	0.061379	0.0096937	0.00064329
131	0.92937	0.060291	0.009705	0.00063193
132	0.93289	0.056774	0.0097419	0.00059513
133	0.93048	0.059186	0.0097167	0.00062034
134	0.93105	0.05861	0.0097228	0.00061432
135	0.93396	0.055703	0.0097533	0.00058389
136	0.93946	0.050207	0.009811	0.00052632
137	0.9488	0.040862	0.0099089	0.00042852
138	0.96199	0.027673	0.010047	0.00029042
139	0.96065	0.029012	0.010033	0.00030441
140	0.96108	0.028587	0.010038	0.00029991
141	0.9633	0.026364	0.010061	0.00027658
142	0.96749	0.022175	0.010106	0.00023263
143	0.9677	0.021966	0.010108	0.00023036
144	0.96955	0.020111	0.010128	0.00021083
145	0.97362	0.016043	0.010171	0.00016816
146	0.9745	0.01516	0.01018	0.00015887
147	0.9769	0.01276	0.010206	0.00013369
148	0.98141	0.0082535	0.010253	8.6477e-05
149	0.98285	0.0068129	0.010269	7.1358e-05
150	0.98266	0.0069979	0.010267	7.327e-05
151	0.98383	0.0058252	0.01028	6.0996e-05
152	0.98623	0.0034313	0.010305	3.5934e-05
153	0.98713	0.0025254	0.010315	2.6459e-05
154	0.98465	0.0050046	0.010289	5.2394e-05
155	0.98357	0.0060889	0.010278	6.3755e-05
156	0.98006	0.0095985	0.010242	0.00010048
157	0.97806	0.011599	0.010221	0.00012141
158	0.97767	0.011983	0.010217	0.00012544
159	0.97411	0.015551	0.01018	0.00016277
160	0.9726	0.017056	0.010165	0.00017855
161	0.97259	0.017064	0.010165	0.00017864
162	0.96922	0.020437	0.01013	0.00021392
163	0.95959	0.03007	0.01003	0.00031461
164	0.95375	0.035902	0.0099693	0.00037561
165	0.95091	0.038748	0.0099399	0.00040542
166	0.94187	0.047782	0.0098456	0.00050003
167	0.93589	0.05376	0.0097834	0.00056263
168	0.93311	0.05654	0.0097546	0.00059179
169	0.93263	0.057024	0.0097499	0.00059691
170	0.93509	0.05456	0.009776	0.00057121
171	0.91937	0.070287	0.0096116	0.00073602
172	0.9082	0.081453	0.009495	0.000853
173	0.90179	0.087861	0.0094281	0.00092023
174	0.89925	0.090406	0.0094017	0.00094705
175	0.89939	0.090265	0.0094034	0.00094572
176	0.8923	0.097351	0.0093294	0.0010201
177	0.88838	0.10127	0.0092886	0.0010614
178	0.88732	0.10233	0.0092778	0.0010725
179	0.88904	0.1006	0.0092963	0.0010545
180	0.89373	0.095918	0.0093458	0.0010055
181	0.90287	0.086782	0.0094419	0.0009099
182	0.91773	0.071921	0.0095978	0.00075446
183	0.93818	0.051467	0.0098123	0.00054037
184	0.94642	0.043226	0.009899	0.00045418
185	0.94802	0.041623	0.0099162	0.00043748
186	0.94449	0.045157	0.0098796	0.00047463
187	0.9337	0.055947	0.0097667	0.000588
188	0.92641	0.063233	0.0096907	0.00066454
189	0.9227	0.066949	0.0096521	0.00070368
190	0.92151	0.068137	0.00964	0.00071628
191	0.92333	0.066314	0.0096595	0.00069735
192	0.92774	0.061907	0.0097061	0.00065128
193	0.88049	0.10915	0.0092104	0.0011476
194	0.84793	0.14171	0.0088687	0.0014898
195	0.8259	0.16374	0.0086376	0.0017216
196	0.7744	0.21524	0.0080962	0.0022635
197	0.73598	0.25366	0.0076926	0.0026676
198	0.70764	0.282	0.0073951	0.0029658
199	0.68715	0.30249	0.0071802	0.0031813
200	0.67437	0.31527	0.0070461	0.0033159
201	0.66643	0.32321	0.0069629	0.0033998
202	0.63906	0.35058	0.0066759	0.0036875
203	0.61928	0.37036	0.0064686	0.0038954
204	0.60567	0.38397	0.0063261	0.0040386
205	0.59708	0.39255	0.0062364	0.004129
206	0.59294	0.3967	0.0061934	0.0041727
207	0.59425	0.39538	0.0062075	0.0041594
208	0.58135	0.40829	0.0060726	0.004295
209	0.57338	0.41626	0.0059895	0.0043789
210	0.54361	0.44602	0.0056781	0.0046911
211	0.52204	0.46758	0.0054527	0.0049173
212	0.50698	0.48265	0.0052956	0.0050754
213	0.49725	0.49238	0.0051943	0.0051775
214	0.46551	0.52411	0.0048628	0.0055098
215	0.39102	0.5986	0.0040836	0.0062899
216	0.33488	0.65474	0.0034967	0.0068778
217	0.29269	0.69693	0.0030558	0.0073196
218	0.26419	0.72543	0.0027579	0.0076184
219	0.24309	0.74653	0.0025375	0.0078397
220	0.2278	0.76182	0.002378	0.0080002
221	0.1834	0.80622	0.0019142	0.0084649
222	0.15305	0.83657	0.0015971	0.008783
223	0.1303	0.85932	0.0013595	0.0090216
224	0.11509	0.87453	0.0012006	0.0091814
225	0.10402	0.8856	0.001085	0.009298
226	0.09621	0.89341	0.0010036	0.0093805
227	0.091806	0.89781	0.00095766	0.0094274
228	0.090387	0.89923	0.00094292	0.0094431
229	0.091755	0.89786	0.0009573	0.0094297
230	0.095185	0.89443	0.00099329	0.0093947
231	0.10098	0.88863	0.0010541	0.0093349
232	0.11058	0.87903	0.0011547	0.0092353
233	0.12384	0.86577	0.0012938	0.0090973
234	0.14186	0.84774	0.0014828	0.0089093
235	0.14565	0.84395	0.0015228	0.0088704
236	0.15355	0.83605	0.0016058	0.0087885
237	0.16508	0.82453	0.0017268	0.0086685
238	0.14776	0.84184	0.0015454	0.008851
239	0.13512	0.85449	0.001413	0.0089845
240	0.12722	0.86238	0.0013303	0.0090682
241	0.12326	0.86634	0.0012887	0.0091109
242	0.12171	0.86788	0.0012726	0.0091281
243	0.12252	0.86708	0.0012812	0.0091206
244	0.12574	0.86385	0.0013151	0.0090878
245	0.13253	0.85707	0.0013864	0.0090177
246	0.14255	0.84705	0.0014917	0.0089135
247	0.15803	0.83156	0.0016542	0.0087521
248	0.17897	0.81062	0.0018741	0.0085333
249	0.20708	0.78251	0.0021695	0.0082391
250	0.24769	0.7419	0.0025961	0.0078136
251	0.30134	0.68825	0.0031599	0.007251
252	0.37241	0.61718	0.0039073	0.0065048
253	0.40257	0.58702	0.0042247	0.0061886
254	0.443	0.54658	0.0046502	0.0057642
255	0.49677	0.49281	0.0052166	0.0051992
256	0.51617	0.47341	0.0054214	0.0049955
257	0.54303	0.44655	0.005705	0.0047132
258	0.57939	0.41019	0.0060891	0.0043304
259	0.62823	0.36135	0.0066051	0.0038157
260	0.69338	0.2962	0.0072937	0.0031285
261	0.78847	0.20111	0.008298	0.0021255
262	0.82667	0.1629	0.0087025	0.0017223
263	0.84148	0.1481	0.0088601	0.001566
264	0.86454	0.12504	0.0091049	0.0013227
265	0.89575	0.093823	0.009436	0.00099294
266	0.9088	0.080769	0.0095752	0.00085514
267	0.92708	0.062493	0.0097697	0.00066204
268	0.93315	0.056417	0.0098353	0.00059783
269	0.93291	0.056652	0.0098343	0.00060029
270	0.93497	0.054595	0.0098575	0.0005785
271	0.93944	0.05012	0.0099065	0.00053109
272	0.94672	0.042845	0.0099851	0.000454
273	0.95852	0.031037	0.010112	0.00032892
274	0.9626	0.026959	0.010156	0.00028568
275	0.96967	0.019887	0.010233	0.00021075
276	0.98063	0.008921	0.010351	9.4614e-05
277	0.98507	0.0044868	0.010399	4.7622e-05
278	0.98438	0.0051755	0.010393	5.4887e-05
279	0.9847	0.0048466	0.010399	5.1384e-05
280	0.98373	0.0058153	0.01039	6.1627e-05
281	0.98381	0.0057322	0.010392	6.0742e-05
282	0.9822	0.0073491	0.010377	7.7832e-05
283	0.98175	0.007797	0.010374	8.2552e-05
284	0.97933	0.010217	0.01035	0.00010814
285	0.97828	0.011261	0.010341	0.00011918
286	0.97418	0.015357	0.010299	0.00016251
287	0.97218	0.017361	0.010279	0.00018376
288	0.97201	0.01753	0.010279	0.00018561
289	0.97365	0.015885	0.010298	0.00016829
290	0.97694	0.012592	0.010334	0.0001335
291	0.98211	0.0074195	0.010391	7.8775e-05
292	0.97511	0.014414	0.010318	0.000153
293	0.97087	0.018659	0.010275	0.00019811
294	0.96845	0.021072	0.010251	0.00022378
295	0.96065	0.02887	0.01017	0.00030658
296	0.95548	0.034044	0.010117	0.00036153
297	0.95256	0.036959	0.010087	0.0003925
298	0.9522	0.037321	0.010085	0.00039644
299	0.95379	0.035723	0.010104	0.00037955
300	0.95745	0.032067	0.010145	0.00034081
301	0.94731	0.042199	0.010039	0.00044831
302	0.94112	0.048388	0.0099751	0.00051406
303	0.9375	0.052005	0.0099385	0.00055251
304	0.93683	0.052679	0.0099331	0.00055977
305	0.93834	0.051164	0.009951	0.00054377
306	0.9429	0.046604	0.010001	0.00049545
307	0.94177	0.04773	0.009991	0.00050749
308	0.94278	0.046722	0.010004	0.00049682
309	0.94654	0.042961	0.010045	0.00045694
310	0.95285	0.036642	0.010115	0.0003898
311	0.96218	0.027315	0.010216	0.00029061
312	0.97662	0.012875	0.010371	0.00013705
313	0.97733	0.012163	0.010381	0.00012947
314	0.97973	0.0097593	0.010408	0.00010391
315	0.98373	0.0057556	0.010453	6.1299e-05
316	0.98506	0.0044216	0.010469	4.7084e-05
317	0.98502	0.0044622	0.010471	4.7511e-05
318	0.98348	0.0059999	0.010456	6.3852e-05
319	0.97953	0.0099497	0.010416	0.00010587
320	0.97717	0.012305	0.010393	0.00013092
321	0.97656	0.012914	0.010389	0.00013742
322	0.97728	0.012192	0.010399	0.00012974
323	0.97564	0.013826	0.010383	0.00014715
324	0.97542	0.01405	0.010383	0.00014953
325	0.97686	0.012604	0.0104	0.00013416
326	0.98016	0.0093046	0.010438	9.9049e-05
327	0.98583	0.0036289	0.0105	3.8659e-05
328	0.98299	0.006471	0.010472	6.8952e-05
329	0.98145	0.0080086	0.010457	8.5339e-05
330	0.98111	0.0083467	0.010456	8.8934e-05
331	0.98215	0.0072997	0.010469	7.7779e-05
332	0.98472	0.0047344	0.010499	5.0447e-05
333	0.9892	0.00024596	0.010549	2.6214e-06
334	0.98849	0.00095459	0.010543	1.0174e-05
335	0.98856	0.00088939	0.010546	9.4811e-06
336	0.98942	2.3982e-05	0.010557	2.5587e-07
337	0.98927	0.00017467	0.010558	1.8639e-06
338	0.9853	0.0041376	0.010517	4.4182e-05
339	0.9831	0.0063412	0.010496	6.7743e-05
340	0.9821	0.0073329	0.010487	7.8352e-05
341	0.98248	0.0069568	0.010493	7.4365e-05
342	0.98401	0.0054248	0.010512	5.8011e-05
343	0.9807	0.0087242	0.010479	9.3325e-05
344	0.97885	0.010574	0.010461	0.00011313
345	0.97856	0.010868	0.01046	0.00011631
346	0.97551	0.013907	0.010429	0.00014891
347	0.97404	0.015383	0.010416	0.00016476
348	0.97401	0.015411	0.010417	0.0001651
349	0.97542	0.013995	0.010435	0.00014996
350	0.97882	0.010597	0.010473	0.00011362
351	0.98409	0.0053166	0.010532	5.7066e-05
352	0.97883	0.010576	0.010478	0.00011345
353	0.97545	0.013956	0.010444	0.00014969
354	0.97404	0.01536	0.010431	0.00016479
355	0.97408	0.015321	0.010434	0.00016441
356	0.97555	0.013853	0.010452	0.00014868
357	0.97855	0.010844	0.010486	0.0001164
358	0.98379	0.0056067	0.010545	6.0222e-05
359	0.98573	0.0036667	0.010568	3.9395e-05
360	0.98615	0.0032411	0.010575	3.4817e-05
361	0.98555	0.0038332	0.010571	4.1174e-05
362	0.98589	0.0034971	0.010577	3.7563e-05
363	0.98503	0.0043575	0.01057	4.6786e-05
364	0.98532	0.00406	0.010575	4.3595e-05
365	0.97987	0.0095075	0.010519	0.00010204
366	0.97667	0.012708	0.010487	0.00013642
367	0.97537	0.014009	0.010476	0.00015042
368	0.97546	0.013913	0.010479	0.00014942
369	0.9773	0.012065	0.010501	0.0001296
370	0.98116	0.0082067	0.010545	8.82e-05
371	0.98222	0.0071408	0.010559	7.6767e-05
372	0.98153	0.0078313	0.010554	8.4225e-05
373	0.98197	0.0073854	0.010561	7.9448e-05
374	0.98383	0.0055315	0.010583	5.9536e-05
375	0.98701	0.0023416	0.01062	2.522e-05
376	0.98834	0.0010101	0.010637	1.0886e-05
377	0.98892	0.00042775	0.010646	4.6112e-06
378	0.98925	9.5497e-05	0.010652	1.0289e-06
379	0.98928	5.9993e-05	0.010655	6.47e-07
380	0.98844	0.00090267	0.010648	9.7328e-06
381	0.98831	0.0010336	0.010649	1.1146e-05
382	0.98777	0.0015687	0.010646	1.6925e-05
383	0.98642	0.0029145	0.010634	3.1469e-05
384	0.98302	0.0063137	0.0106	6.818e-05
385	0.98127	0.0080618	0.010583	8.71e-05
386	0.98074	0.0085882	0.01058	9.2823e-05
387	0.98139	0.0079341	0.01059	8.5786e-05
388	0.98327	0.0060484	0.010613	6.5427e-05
389	0.98652	0.0028	0.010651	3.0312e-05
390	0.9878	0.0015185	0.010667	1.645e-05
391	0.98327	0.0060391	0.010621	6.5322e-05
392	0.98038	0.0089302	0.010592	9.658e-05
393	0.97913	0.010175	0.010582	0.00011007
394	0.97915	0.010157	0.010585	0.0001099
395	0.98067	0.0086333	0.010604	9.3452e-05
396	0.98357	0.005727	0.010638	6.2018e-05
397	0.98454	0.0047592	0.010651	5.1569e-05
398	0.98405	0.0052416	0.010649	5.6809e-05
399	0.98458	0.0047145	0.010657	5.1107e-05
400	0.98367	0.0056194	0.01065	6.0909e-05
401	0.98381	0.005476	0.010655	5.9346e-05
402	0.98524	0.0040465	0.010673	4.3856e-05
403	0.98815	0.0011313	0.010707	1.2268e-05
404	0.98814	0.0011389	0.01071	1.235e-05
405	0.9877	0.0015777	0.010708	1.7112e-05
406	0.98655	0.00272	0.010699	2.9519e-05
407	0.9863	0.002965	0.010699	3.2187e-05
408	0.98693	0.0023392	0.010709	2.5395e-05
409	0.98679	0.0024682	0.01071	2.6804e-05
410	0.98563	0.0036307	0.0107	3.9429e-05
411	0.98542	0.0038367	0.010701	4.1662e-05
412	0.98398	0.0052767	0.010688	5.7305e-05
413	0.98381	0.0054422	0.010689	5.9123e-05
414	0.98489	0.0043566	0.010704	4.7355e-05
415	0.9871	0.0021487	0.010731	2.3368e-05
416	0.98793	0.0013124	0.010743	1.4274e-05
417	0.98819	0.0010486	0.010749	1.141e-05
418	0.98044	0.0087975	0.010667	9.5792e-05
419	0.97553	0.013701	0.010617	0.00014926
420	0.9725	0.016734	0.010587	0.00018235
421	0.96367	0.02556	0.010493	0.00027852
422	0.95763	0.031592	0.010431	0.00034428
423	0.95393	0.035289	0.010393	0.00038459
424	0.95274	0.036475	0.010383	0.00039759
425	0.95392	0.035299	0.010399	0.00038487
426	0.95771	0.031505	0.010443	0.00034363
427	0.96389	0.025322	0.010514	0.00027626
428	0.97373	0.015478	0.010624	0.00016895
429	0.98738	0.0018227	0.010776	1.9905e-05
430	0.98559	0.0036062	0.010759	3.9398e-05
431	0.98118	0.0080193	0.010714	8.7611e-05
432	0.97842	0.010778	0.010687	0.00011776
433	0.97708	0.012114	0.010676	0.00013235
434	0.97732	0.011868	0.010681	0.00012968
435	0.97918	0.010009	0.010705	0.00010939
436	0.97377	0.015411	0.010649	0.00016845
437	0.97074	0.018435	0.010619	0.00020156
438	0.96978	0.019398	0.010611	0.00021217
439	0.97036	0.018816	0.010621	0.00020585
440	0.97287	0.016297	0.010651	0.00017834
441	0.97765	0.01152	0.010706	0.00012612
442	0.9753	0.013865	0.010684	0.00015188
443	0.97443	0.014735	0.010677	0.00016147
444	0.97494	0.014214	0.010686	0.00015581
445	0.97728	0.011874	0.010715	0.00013021
446	0.98128	0.0078672	0.010762	8.6292e-05
447	0.98788	0.0012641	0.010837	1.3894e-05
448	0.98493	0.0042152	0.010808	4.6333e-05
449	0.98344	0.005706	0.010794	6.276e-05
450	0.98303	0.0061105	0.010793	6.7245e-05
451	0.98061	0.0085271	0.01077	9.3852e-05
452	0.9795	0.0096371	0.010761	0.00010609
453	0.97962	0.0095122	0.010765	0.00010474
454	0.98097	0.008156	0.010783	8.9823e-05
455	0.98366	0.0054657	0.010816	6.0195e-05
456	0.98835	0.00077288	0.010871	8.5168e-06
457	0.97814	0.010978	0.010762	0.00012091
458	0.97087	0.018246	0.010685	0.00020096
459	0.96601	0.0231	0.010635	0.00025444
460	0.95401	0.0351	0.010506	0.00038669
461	0.94635	0.042755	0.010425	0.00047121
462	0.94218	0.046917	0.010382	0.0005173
463	0.79122	0.19788	0.0087202	0.0021825
464	0.68562	0.30347	0.0075573	0.0033487
465	0.60599	0.3831	0.0066809	0.0042284
466	0.55158	0.43751	0.006082	0.0048306
467	0.51092	0.47816	0.005635	0.0052809
468	0.48383	0.50525	0.0053373	0.0055819
469	0.46651	0.52257	0.0051474	0.0057752
470	0.45478	0.53429	0.0050192	0.0059066
471	0.44904	0.54003	0.0049571	0.0059721
472	0.44855	0.54052	0.0049529	0.0059796
473	0.43283	0.55623	0.0047803	0.0061555
474	0.42246	0.5666	0.0046669	0.0062722
475	0.41781	0.57125	0.0046167	0.0063258
476	0.33784	0.65121	0.0037327	0.0072132
477	0.27746	0.71159	0.0030654	0.0078838
478	0.23542	0.75363	0.0026006	0.008352
479	0.20372	0.78532	0.0022503	0.0087057
480	0.17996	0.80908	0.0019878	0.0089716
481	0.16243	0.82661	0.0017943	0.0091685
482	0.14974	0.83929	0.0016545	0.0093118
483	0.14092	0.84811	0.0015574	0.0094124
484	0.1352	0.85382	0.0014948	0.0094785
485	0.13318	0.85584	0.0014729	0.0095038
486	0.11855	0.87047	0.0013113	0.0096689
487	0.109	0.88002	0.001206	0.0097777
488	0.1035	0.88551	0.0011454	0.0098418
489	0.10042	0.88859	0.0011116	0.0098791
490	0.087283	0.90172	0.00096634	0.010028
491	0.077627	0.91137	0.00085965	0.010138
492	0.070765	0.91823	0.00078393	0.010217
493	0.066814	0.92218	0.00074041	0.010265
494	0.065396	0.9236	0.00072493	0.010284
495	0.066311	0.92268	0.00073533	0.010277
496	0.059607	0.92938	0.00066108	0.010355
497	0.055757	0.93322	0.00061846	0.010401
498	0.053545	0.93543	0.00059406	0.010429
499	0.053339	0.93563	0.00059192	0.010434
500	0.055113	0.93386	0.00061177	0.010418
501	0.0585	0.93047	0.00064961	0.010384
502	0.064455	0.92451	0.000716	0.010321
503	0.072804	0.91616	0.00080913	0.010231
504	0.085339	0.90362	0.00094884	0.010095
505	0.10216	0.88679	0.0011365	0.0099113
506	0.12459	0.86435	0.0013869	0.0096646
507	0.13125	0.8577	0.0014616	0.0095935
508	0.12838	0.86057	0.00143	0.0096288
509	0.12871	0.86023	0.0014341	0.0096284
510	0.13144	0.85749	0.0014651	0.009601
511	0.13679	0.85214	0.0015255	0.0095443
512	0.14522	0.8437	0.0016204	0.0094532
513	0.15894	0.82998	0.0017744	0.0093028
514	0.17766	0.81125	0.0019847	0.0090963
515	0.20281	0.78611	0.0022671	0.0088176
516	0.23991	0.749	0.0026837	0.0084048
517	0.23643	0.75248	0.0026457	0.0084466
518	0.23718	0.75173	0.002655	0.008441
519	0.24249	0.74641	0.0027154	0.0083843
520	0.20973	0.77916	0.0023489	0.0087546
521	0.18728	0.80161	0.0020977	0.0090095
522	0.17072	0.81817	0.0019125	0.0091985
523	0.15878	0.8301	0.0017793	0.0093356
524	0.15057	0.83831	0.0016877	0.0094309
525	0.1455	0.84338	0.0016316	0.0094909
526	0.12801	0.86087	0.0014357	0.0096906
527	0.11662	0.87225	0.0013083	0.0098219
528	0.10865	0.88022	0.0012192	0.0099148
529	0.084101	0.90476	0.00094385	0.010194
530	0.065464	0.92339	0.00073486	0.010407
531	0.05255	0.9363	0.00058996	0.010556
532	0.042861	0.94599	0.00048128	0.010668
533	0.03632	0.95253	0.00040788	0.010746
534	0.031531	0.95731	0.00035417	0.010803
535	0.028705	0.96013	0.00032249	0.010839
536	0.026953	0.96188	0.0003029	0.010862
537	0.026142	0.96269	0.00029391	0.010875
538	0.02621	0.96262	0.00029484	0.010878
539	0.027162	0.96166	0.00030578	0.010871
540	0.029094	0.95972	0.0003278	0.010853
541	0.025731	0.96308	0.00029009	0.010895
542	0.023934	0.96488	0.00026998	0.010919
543	0.023375	0.96543	0.00026382	0.010929
544	0.018062	0.97074	0.00020387	0.010993
545	0.01402	0.97478	0.00015828	0.011043
546	0.010933	0.97786	0.00012348	0.011082
547	0.0085594	0.98023	9.6724e-05	0.011112
548	0.0070007	0.98179	7.9143e-05	0.011134
549	0.0060392	0.98274	6.8287e-05	0.011149
550	0.0053255	0.98345	6.0237e-05	0.011161
551	0.0048035	0.98397	5.4361e-05	0.011171
552	0.0046218	0.98415	5.2318e-05	0.011177
553	0.0045591	0.98421	5.1627e-05	0.011182
554	0.0046194	0.98414	5.2336e-05	0.011185
555	0.0048073	0.98395	5.4501e-05	0.011187
556	0.0051378	0.98362	5.8291e-05	0.011188
557	0.0056365	0.98311	6.4005e-05	0.011186
558	0.0063426	0.9824	7.2093e-05	0.011182
559	0.0073	0.98144	8.3062e-05	0.011175
560	0.0088727	0.97986	0.00010104	0.011162
561	0.011218	0.97752	0.00012781	0.011139
562	0.014633	0.9741	0.00016679	0.011104
563	0.019068	0.96966	0.00021745	0.011058
564	0.025591	0.96313	0.00029194	0.010988
565	0.020271	0.96845	0.00023138	0.011052
566	0.016682	0.97203	0.0001905	0.011097
567	0.014032	0.97468	0.00016033	0.011132
568	0.012401	0.9763	0.00014178	0.011155
569	0.011638	0.97706	0.00013311	0.011167
570	0.011637	0.97706	0.00013312	0.011172
571	0.012396	0.9763	0.00014183	0.011167
572	0.0095883	0.9791	0.00010974	0.011204
573	0.0076698	0.98101	8.7794e-05	0.01123
574	0.0061802	0.9825	7.0763e-05	0.011251
575	0.0051912	0.98348	5.9442e-05	0.011267
576	0.0044014	0.98427	5.0409e-05	0.01128
577	0.0039435	0.98472	4.5163e-05	0.011289
578	0.0035819	0.98508	4.1027e-05	0.011298
579	0.0032884	0.98537	3.7676e-05	0.011305
580	0.0031966	0.98546	3.6625e-05	0.011311
581	0.0031378	0.98551	3.5957e-05	0.011316
582	0.0031001	0.98554	3.5536e-05	0.01132
583	0.0030878	0.98555	3.5412e-05	0.011325
584	0.0032543	0.98538	3.7329e-05	0.011327
585	0.0034528	0.98518	3.9618e-05	0.011329
586	0.0036983	0.98493	4.2455e-05	0.011331
587	0.0040093	0.98461	4.6053e-05	0.011332
588	0.0046034	0.98401	5.2895e-05	0.011329
589	0.0053534	0.98326	6.1544e-05	0.011325
590	0.0063072	0.9823	7.2557e-05	0.011318
591	0.0075373	0.98107	8.6773e-05	0.011309
592	0.0091369	0.97946	0.00010528	0.011295
593	0.011528	0.97707	0.00013291	0.011271
594	0.015096	0.97349	0.00017413	0.011235
595	0.01973	0.96886	0.0002277	0.011185
596	0.025779	0.9628	0.00029772	0.01112
597	0.033745	0.95483	0.00039001	0.011032
598	0.045197	0.94338	0.00052266	0.010904
599	0.048547	0.94002	0.00056163	0.01087
600	0.046255	0.94231	0.00053531	0.0109
601	0.04592	0.94264	0.0005316	0.010909
602	0.039253	0.9493	0.00045449	0.01099
603	0.034398	0.95415	0.00039838	0.011051
604	0.031581	0.95697	0.00036583	0.011088
605	0.03041	0.95813	0.00035229	0.011106
606	0.03025	0.95829	0.00035051	0.011112
607	0.031484	0.95705	0.00036486	0.011102
608	0.0338	0.95473	0.00039179	0.01108
609	0.037401	0.95112	0.00043369	0.011042
610	0.042571	0.94595	0.00049387	0.010987
611	0.04207	0.94645	0.00048821	0.010997
612	0.042789	0.94572	0.00049676	0.010993
613	0.045304	0.9432	0.00052615	0.010968
614	0.049321	0.93918	0.00057305	0.010926
615	0.055144	0.93335	0.00064106	0.010863
616	0.043149	0.94534	0.00050174	0.011006
617	0.034103	0.95438	0.00039669	0.011116
618	0.028058	0.96042	0.00032646	0.011191
619	0.023587	0.96489	0.00027454	0.011248
620	0.020743	0.96773	0.0002415	0.011285
621	0.019165	0.9693	0.00022316	0.011308
622	0.018322	0.97014	0.00021342	0.011323
623	0.01817	0.97029	0.00021173	0.011329
624	0.019002	0.96945	0.00022151	0.011324
625	0.020926	0.96752	0.00024401	0.011306
626	0.023756	0.96469	0.00027713	0.011277
627	0.027708	0.96073	0.00032342	0.011236
628	0.033828	0.95461	0.00039502	0.011169
629	0.042008	0.94642	0.00049083	0.011078
630	0.053883	0.93454	0.00062985	0.010944
631	0.070964	0.91746	0.00082979	0.010748
632	0.075998	0.91242	0.00088901	0.010694
633	0.083432	0.90498	0.00097645	0.010611
634	0.082492	0.90592	0.00096588	0.010626
635	0.084069	0.90433	0.00098476	0.010612
636	0.088364	0.90003	0.0010355	0.010566
637	0.096115	0.89228	0.0011267	0.01048
638	0.10698	0.88141	0.0012547	0.010357
639	0.12187	0.86652	0.00143	0.010186
640	0.14411	0.84427	0.0016918	0.009929
641	0.17362	0.81476	0.0020393	0.0095863
642	0.2128	0.77557	0.0025011	0.0091293
643	0.2258	0.76257	0.0026553	0.0089799
644	0.24581	0.74255	0.002892	0.008748
645	0.27591	0.71245	0.0032477	0.0083972
646	0.32031	0.66804	0.0037719	0.0078778
647	0.37904	0.60931	0.0044657	0.0071888
648	0.46462	0.52372	0.0054762	0.0061831
649	0.4707	0.51764	0.0055502	0.006114
650	0.48285	0.50548	0.0056958	0.0059733
651	0.50069	0.48763	0.0059089	0.005765
652	0.52572	0.4626	0.0062072	0.0054716
653	0.56282	0.42549	0.0066484	0.0050353
654	0.61239	0.37592	0.0072377	0.004451
655	0.63066	0.35764	0.0074572	0.0042364
656	0.65856	0.32975	0.0077906	0.0039079
657	0.69626	0.29204	0.0082409	0.0034626
658	0.75194	0.23635	0.0089044	0.002804
659	0.82607	0.16221	0.0097878	0.0019255
660	0.92403	0.06425	0.010955	0.00076296
661	0.92469	0.063588	0.010968	0.0007553
662	0.92838	0.059887	0.011017	0.00071159
663	0.93559	0.052676	0.011107	0.00062618
664	0.94619	0.042067	0.011238	0.00050021
665	0.96261	0.025647	0.011438	0.00030509
666	0.96954	0.01871	0.011526	0.0002227
667	0.97942	0.0088289	0.011648	0.00010513
668	0.97965	0.0085885	0.011656	0.00010228
669	0.9777	0.010535	0.011638	0.00012543
670	0.97732	0.010915	0.011639	0.00012999
671	0.97845	0.0097795	0.011657	0.00011649
672	0.9813	0.0069174	0.011697	8.2426e-05
673	0.98205	0.0061632	0.01171	7.3478e-05
674	0.98133	0.0068784	0.011707	8.2063e-05
675	0.98172	0.00649	0.011717	7.7468e-05
676	0.98349	0.0047105	0.011743	5.6274e-05
677	0.98365	0.0045456	0.01175	5.4335e-05
678	0.98233	0.0058571	0.011739	7.0032e-05
679	0.98231	0.0058715	0.011744	7.0244e-05
680	0.98335	0.0048284	0.011762	5.7791e-05
681	0.98581	0.0023631	0.011796	2.8321e-05
682	0.98498	0.0031923	0.011792	3.8275e-05
683	0.98505	0.0031192	0.011798	3.7416e-05
684	0.98602	0.0021381	0.011815	2.566e-05
685	0.98399	0.0041668	0.011795	4.9987e-05
686	0.97932	0.0088327	0.011745	0.00010599
687	0.97674	0.0114	0.011719	0.00013688
688	0.97559	0.012553	0.01171	0.00015079
689	0.97136	0.016777	0.011665	0.00020164
690	0.96894	0.019191	0.011641	0.00023075
691	0.96814	0.019984	0.011637	0.00024037
692	0.96929	0.018829	0.011656	0.00022658
693	0.97207	0.01604	0.011694	0.00019309
694	0.97718	0.010926	0.011761	0.0001316
695	0.98461	0.0034931	0.011856	4.2078e-05
696	0.98804	5.4563e-05	0.011903	6.574e-07
697	0.98805	4.0912e-05	0.011908	4.9383e-07
698	0.98738	0.00070672	0.011906	8.5328e-06
699	0.98614	0.0019388	0.011896	2.3432e-05
700	0.98324	0.0048402	0.011866	5.8518e-05
701	0.9767	0.011367	0.011793	0.00013752
702	0.97282	0.015241	0.011751	0.00018453
703	0.97064	0.017414	0.01173	0.00021096
704	0.97	0.018051	0.011727	0.0002188
705	0.97085	0.017199	0.011743	0.00020859
706	0.97327	0.014775	0.011778	0.00017931
707	0.97742	0.010613	0.011834	0.0001289
708	0.98364	0.0043966	0.011915	5.3476e-05
709	0.94527	0.042752	0.011455	0.00051889
710	0.91884	0.069177	0.011139	0.00084006
711	0.89943	0.088581	0.010909	0.0010761
712	0.88673	0.10128	0.010759	0.0012309
713	0.8782	0.1098	0.010661	0.0013352
714	0.87396	0.11403	0.010614	0.0013873
715	0.87364	0.11436	0.010615	0.0013921
716	0.87622	0.11177	0.010651	0.0013614
717	0.87047	0.11751	0.010586	0.001432
718	0.86788	0.1201	0.01056	0.0014641
719	0.86902	0.11895	0.010578	0.0014509
720	0.87421	0.11375	0.010647	0.0013883
721	0.88297	0.10499	0.010759	0.0012821
722	0.89598	0.091976	0.010922	0.0011239
723	0.91425	0.073694	0.011151	0.00090107
724	0.9213	0.066645	0.011242	0.00081538
725	0.93183	0.056105	0.011377	0.00068686
726	0.94666	0.041274	0.011564	0.00050562
727	0.95186	0.036062	0.011633	0.00044196
728	0.96059	0.027326	0.011746	0.00033511
729	0.97287	0.015043	0.011902	0.00018461
730	0.97269	0.015214	0.011906	0.00018674
731	0.96964	0.018261	0.011874	0.00022415
732	0.96826	0.019639	0.011863	0.0002411
733	0.96843	0.019455	0.011871	0.00023888
734	0.9706	0.017284	0.011904	0.00021229
735	0.97454	0.013337	0.011958	0.00016383
736	0.97555	0.012327	0.011976	0.00015146
737	0.97837	0.0094981	0.012017	0.00011674
738	0.9834	0.0044553	0.012085	5.4787e-05
739	0.97931	0.0085466	0.012041	0.00010509
740	0.9771	0.01075	0.012019	0.00013225
741	0.97655	0.011296	0.012018	0.00013904
742	0.97348	0.014357	0.011986	0.00017685
743	0.97199	0.015842	0.011974	0.00019525
744	0.96642	0.021408	0.011911	0.00026394
745	0.95327	0.034544	0.011755	0.00042612
746	0.94494	0.042869	0.011658	0.00052914
747	0.93952	0.048284	0.011597	0.00059627
748	0.93723	0.050571	0.011574	0.00062486
749	0.93715	0.05065	0.011579	0.00062615
750	0.9399	0.047891	0.011618	0.00059239
751	0.94507	0.042715	0.011688	0.00052865
752	0.95387	0.033911	0.011803	0.00042
753	0.96629	0.021478	0.011962	0.00026622
754	0.98337	0.0043938	0.01218	5.4553e-05
755	0.98254	0.0052242	0.012176	6.4878e-05
756	0.98271	0.0050405	0.012184	6.262e-05
757	0.98137	0.0063805	0.012174	7.9264e-05
758	0.98112	0.0066186	0.012177	8.223e-05
759	0.98221	0.0055293	0.012197	6.8723e-05
760	0.98477	0.0029606	0.012235	3.683e-05
761	0.98569	0.0020344	0.012252	2.5322e-05
762	0.98757	0.00014278	0.012282	1.7772e-06
763	0.9867	0.0010147	0.012277	1.2629e-05
764	0.98662	0.0010844	0.012283	1.3508e-05
765	0.98725	0.00044747	0.012297	5.5793e-06
766	0.98678	0.00091226	0.012297	1.1376e-05
767	0.98269	0.0049936	0.012252	6.2311e-05
768	0.98011	0.0075646	0.012227	9.4423e-05
769	0.97911	0.0085588	0.01222	0.0001069
770	0.97929	0.0083792	0.012229	0.00010471
771	0.98089	0.0067726	0.012255	8.4701e-05
772	0.9808	0.006853	0.01226	8.5782e-05
773	0.98182	0.0058317	0.012279	7.3063e-05
774	0.98402	0.0036178	0.012313	4.5384e-05
775	0.98252	0.0051159	0.012301	6.4224e-05
776	0.98207	0.0055553	0.012302	6.9792e-05
777	0.98265	0.0049693	0.012315	6.2489e-05
778	0.98171	0.005901	0.01231	7.4238e-05
779	0.97866	0.0089529	0.012278	0.00011268
780	0.97701	0.010591	0.012264	0.00013337
781	0.97225	0.01535	0.01221	0.00019341
782	0.96933	0.018256	0.01218	0.00023014
783	0.96846	0.019126	0.012175	0.00024129
784	0.95013	0.037444	0.01195	0.00047252
785	0.93813	0.049436	0.011805	0.00062424
786	0.92983	0.05773	0.011706	0.00072934
787	0.92458	0.062975	0.011646	0.000796
788	0.92255	0.065003	0.011626	0.00082217
789	0.92288	0.064661	0.011637	0.00081837
790	0.89845	0.089087	0.011334	0.001128
791	0.88055	0.10698	0.011113	0.0013551
792	0.86783	0.11969	0.010958	0.0015168
793	0.85933	0.12819	0.010856	0.0016252
794	0.85438	0.13313	0.0108	0.0016886
795	0.85268	0.13482	0.010784	0.0017109
796	0.8417	0.1458	0.010651	0.0018508
797	0.81102	0.17647	0.010268	0.0022405
798	0.73449	0.25299	0.0093036	0.0032113
799	0.54513	0.44235	0.0069093	0.0056125
800	0.41242	0.57505	0.0052299	0.0072986
801	0.32103	0.66643	0.0040725	0.0084628
802	0.25163	0.73583	0.0031935	0.0093486
803	0.20314	0.78431	0.002579	0.0099698
804	0.1664	0.82104	0.0021135	0.010442
805	0.13863	0.84881	0.0017617	0.010801
806	0.11951	0.86792	0.0015195	0.01105
807	0.10688	0.88055	0.0013594	0.011217
808	0.098961	0.88846	0.0012592	0.011324
809	0.09466	0.89275	0.0012049	0.011385
810	0.092522	0.89488	0.0011782	0.011418
811	0.080993	0.9064	0.0010315	0.011572
812	0.073488	0.9139	0.00093603	0.011674
813	0.068368	0.91902	0.00087099	0.011746
814	0.065231	0.92214	0.00083128	0.011793
815	0.063801	0.92357	0.00081338	0.011817
816	0.063968	0.92339	0.0008159	0.011822
817	0.065778	0.92158	0.00083948	0.011805
818	0.070011	0.91734	0.00089402	0.011758
819	0.076423	0.91092	0.00097657	0.011682
820	0.086687	0.90065	0.0011084	0.011557
821	0.10058	0.88675	0.001287	0.011385
822	0.11924	0.86808	0.001527	0.011152
823	0.14413	0.84318	0.0018475	0.010839
824	0.17996	0.80734	0.0023087	0.010385
825	0.22742	0.75988	0.0029201	0.0097804
826	0.24673	0.74057	0.0031698	0.0095377
827	0.27533	0.71196	0.0035393	0.0091752
828	0.31366	0.67362	0.0040347	0.0086869
829	0.36448	0.62279	0.0046919	0.0080368
830	0.43196	0.5553	0.0055651	0.0071707
831	0.52138	0.46587	0.0067231	0.0060198
832	0.5097	0.47755	0.006576	0.006174
833	0.5043	0.48294	0.0065099	0.0062472
834	0.50307	0.48416	0.0064977	0.0062665
835	0.50707	0.48016	0.006553	0.0062184
836	0.51541	0.47181	0.0066647	0.0061139
837	0.53036	0.45685	0.0068621	0.0059237
838	0.55384	0.43337	0.0071699	0.0056229
839	0.58947	0.39773	0.0076353	0.0051647
840	0.63714	0.35006	0.0082576	0.0045496
841	0.70047	0.28672	0.0090843	0.0037301
842	0.72503	0.26215	0.0094086	0.003413
843	0.7322	0.25497	0.0095073	0.0033216
844	0.74565	0.24151	0.0096877	0.0031484
845	0.76727	0.21988	0.0099745	0.0028689
846	0.79683	0.19032	0.010365	0.0024855
847	0.7924	0.19474	0.010313	0.0025446
848	0.79244	0.19469	0.01032	0.0025456
849	0.79601	0.19112	0.010372	0.0025004
850	0.80339	0.18373	0.010475	0.0024052
851	0.81516	0.17195	0.010635	0.0022525
852	0.83225	0.15486	0.010865	0.0020299
853	0.8585	0.1286	0.011215	0.0016872
854	0.89385	0.093245	0.011685	0.0012246
855	0.90756	0.079523	0.011872	0.0010452
856	0.90134	0.08574	0.011797	0.0011272
857	0.89891	0.088153	0.011773	0.0011594
858	0.89918	0.087877	0.011783	0.0011564
859	0.90299	0.084059	0.01184	0.0011068
860	0.90987	0.07718	0.011938	0.0010168
861	0.92034	0.0667	0.012083	0.0008793
862	0.93683	0.050202	0.012307	0.00066241
863	0.95927	0.02775	0.012611	0.00036661
864	0.96068	0.026339	0.012637	0.00034819
865	0.96395	0.023059	0.012688	0.00030506
866	0.96932	0.017684	0.012766	0.00023417
867	0.97719	0.0098061	0.012878	0.00013006
868	0.97646	0.010521	0.012876	0.00013955
869	0.97723	0.0097474	0.012894	0.0001294
870	0.97964	0.007327	0.012934	9.7456e-05
871	0.97631	0.010646	0.012897	0.00014159
872	0.96769	0.019267	0.012791	0.00025625
873	0.96177	0.025176	0.01272	0.00033499
874	0.94543	0.041506	0.01251	0.00055231
875	0.93467	0.052262	0.012374	0.00069585
876	0.92733	0.059594	0.012284	0.00079395
877	0.92285	0.06406	0.012232	0.00085397
878	0.92091	0.065998	0.012213	0.0008804
879	0.91187	0.07503	0.0121	0.0010014
880	0.88899	0.097904	0.011802	0.0013074
881	0.87232	0.11456	0.011587	0.0015307
882	0.86061	0.12627	0.011437	0.0016879
883	0.82903	0.15784	0.011023	0.0021106
884	0.80574	0.18112	0.010719	0.0024228
885	0.78906	0.19779	0.010502	0.002647
886	0.77762	0.20922	0.010356	0.0028013
887	0.77055	0.21628	0.010268	0.0028974
888	0.76731	0.21952	0.010231	0.0029424
889	0.76771	0.21911	0.010243	0.0029386
890	0.77172	0.21509	0.010304	0.0028864
891	0.77966	0.20715	0.010417	0.0027814
892	0.79354	0.19326	0.01061	0.0025967
893	0.81323	0.17355	0.010881	0.0023335
894	0.81853	0.16825	0.01096	0.0022636
895	0.81484	0.17193	0.010917	0.0023142
896	0.81456	0.1722	0.010921	0.002319
897	0.81855	0.1682	0.010982	0.0022664
898	0.82732	0.15942	0.011107	0.0021494
899	0.84059	0.14615	0.011293	0.0019718
900	0.85943	0.12729	0.011555	0.0017184
901	0.88535	0.10137	0.011913	0.0013691
902	0.9232	0.063506	0.012432	0.00085812
903	0.97875	0.0079524	0.013191	0.00010757
904	0.97707	0.0096256	0.013177	0.00013021
905	0.97664	0.010041	0.013179	0.00013587
906	0.97769	0.0089864	0.013202	0.00012169
907	0.97662	0.010044	0.013196	0.00013605
908	0.97703	0.0096307	0.01321	0.00013055
909	0.97869	0.0079601	0.013241	0.00010798
910	0.97831	0.0083336	0.013244	0.0001131
911	0.97908	0.0075497	0.013263	0.0001025
912	0.98108	0.0055491	0.013299	7.5362e-05
913	0.97819	0.0084225	0.013269	0.00011438
914	0.9767	0.0099129	0.013257	0.00013465
915	0.97669	0.0099135	0.013266	0.00013473
916	0.97817	0.0084243	0.013294	0.00011457
917	0.98103	0.0055525	0.013342	7.5545e-05
918	0.98597	0.00060815	0.013418	8.2851e-06
919	0.98573	0.00083983	0.013423	1.1445e-05
920	0.98615	0.00040636	0.013438	5.5376e-06
921	0.98644	0.00010776	0.013451	1.4681e-06
922	0.98341	0.003129	0.013418	4.2666e-05
923	0.98181	0.0047248	0.013405	6.4478e-05
924	0.98146	0.0050637	0.013409	6.9162e-05
925	0.97938	0.0071344	0.013389	9.7549e-05
926	0.97851	0.007995	0.013386	0.00010939
927	0.97904	0.0074551	0.013402	0.0001021
928	0.9779	0.0085827	0.013395	0.00011766
929	0.97795	0.0085304	0.013404	0.00011704
930	0.97918	0.0072943	0.01343	0.00010016
931	0.97868	0.0077815	0.013431	0.00010695
932	0.97932	0.0071372	0.013449	9.8173e-05
933	0.98114	0.0052996	0.013483	7.2961e-05
934	0.98127	0.005165	0.013494	7.1145e-05
935	0.98243	0.0040009	0.013518	5.5135e-05
936	0.98498	0.0014381	0.013562	1.9847e-05
937	0.98274	0.0036681	0.013541	5.061e-05
938	0.9816	0.0048031	0.013534	6.6294e-05
939	0.97854	0.007852	0.0135	0.00010844
940	0.97717	0.0092171	0.01349	0.0001274
941	0.97701	0.0093636	0.013497	0.00012953
942	0.97807	0.0082898	0.013521	0.00011475
943	0.97711	0.0092442	0.013517	0.00012802
944	0.97762	0.0087255	0.013533	0.00012092
945	0.97968	0.0066612	0.01357	9.2418e-05
946	0.97981	0.0065226	0.013581	9.0567e-05
947	0.98103	0.0052847	0.013607	7.3441e-05
948	0.98346	0.0028538	0.01365	3.9699e-05
949	0.98432	0.0019859	0.013671	2.7644e-05
950	0.98443	0.0018654	0.013682	2.5988e-05
951	0.98535	0.00093399	0.013704	1.3036e-05
952	0.98449	0.0017865	0.013701	2.4937e-05
953	0.98235	0.0039153	0.013681	5.4658e-05
954	0.9813	0.0049553	0.013675	6.9214e-05
955	0.98126	0.0049854	0.013684	6.9681e-05
956	0.98223	0.004008	0.013707	5.6062e-05
957	0.97888	0.0073471	0.01367	0.0001028
958	0.95199	0.034232	0.013302	0.00047929
959	0.93201	0.054194	0.013032	0.00075916
960	0.91752	0.068678	0.012838	0.00096253
961	0.90737	0.078817	0.012705	0.0011052
962	0.90155	0.08463	0.012632	0.0011875
963	0.89931	0.086858	0.012609	0.0012197
964	0.90052	0.085646	0.012634	0.0012036
965	0.90443	0.081723	0.012698	0.0011494
966	0.91135	0.074793	0.012804	0.0010528
967	0.91098	0.075151	0.012808	0.0010585
968	0.91376	0.07236	0.012856	0.0010199
969	0.91932	0.066792	0.012943	0.00094213
970	0.9281	0.05801	0.013076	0.00081882
971	0.94189	0.044201	0.01328	0.00062444
972	0.96091	0.025174	0.013558	0.00035593
973	0.9615	0.024572	0.013576	0.00034759
974	0.96422	0.021842	0.013624	0.00030917
975	0.96942	0.016637	0.013707	0.0002357
976	0.97094	0.015112	0.013738	0.00021429
977	0.97405	0.011984	0.013792	0.0001701
978	0.97902	0.0070082	0.013872	9.9599e-05
979	0.98076	0.0052586	0.013906	7.4801e-05
980	0.98084	0.0051723	0.013917	7.3606e-05
981	0.98217	0.0038325	0.013946	5.4607e-05
982	0.97958	0.0064053	0.013919	9.1308e-05
983	0.97827	0.0077098	0.01391	0.00010998
984	0.97812	0.0078481	0.013918	0.00011204
