#coord	neutral	conserved	gBGC.neutral	gBGC.conserved
1	0.76496	0.23489	0.00011813	3.685e-05
2	0.77086	0.22899	0.00011564	3.4869e-05
3	0.78111	0.21875	0.00011394	3.2281e-05
4	0.79804	0.20181	0.000113	2.8849e-05
5	0.82383	0.17603	0.000113	2.4385e-05
6	0.86241	0.13746	0.00011428	1.8527e-05
7	0.91383	0.086042	0.00011716	1.127e-05
8	0.9364	0.063479	0.00011583	8.1186e-06
9	0.96693	0.032947	0.00011552	4.1525e-06
10	0.9788	0.021081	0.00011299	2.6015e-06
11	0.98321	0.016676	0.0001097	1.9969e-06
12	0.9899	0.0099928	0.00010683	1.1579e-06
13	0.9926	0.0073007	0.00010337	8.2259e-07
14	0.99689	0.0030059	0.00010023	3.3312e-07
15	0.99866	0.0012385	9.6976e-05	1.3522e-07
16	0.99814	0.0017616	9.3643e-05	1.7984e-07
17	0.9984	0.0015076	9.054e-05	1.4737e-07
18	0.99803	0.0018774	8.7529e-05	1.7282e-07
19	0.99845	0.0014611	8.4729e-05	1.2679e-07
20	0.99984	7.4073e-05	8.1924e-05	4.5184e-09
21	0.99989	2.7777e-05	8.2048e-05	2.1619e-09
22	0.99961	0.00030635	8.2109e-05	2.6141e-08
23	0.99921	0.00071007	8.221e-05	6.0649e-08
24	0.99946	0.00045711	8.2417e-05	3.9522e-08
25	0.99956	0.00035377	8.2663e-05	3.0696e-08
26	0.99958	0.0003332	8.2954e-05	2.878e-08
27	0.99859	0.0013283	8.3102e-05	1.163e-07
28	0.99848	0.0014381	8.3284e-05	1.3058e-07
29	0.99912	0.00079154	8.3584e-05	7.8886e-08
30	0.99941	0.00050535	8.3811e-05	6.1977e-08
31	0.9985	0.0014204	8.3069e-05	1.3943e-07
32	0.99638	0.0035421	8.2281e-05	3.199e-07
33	0.99523	0.0046878	8.1638e-05	4.1244e-07
34	0.995	0.0049173	8.1131e-05	4.2465e-07
35	0.99581	0.0041089	8.0669e-05	3.537e-07
36	0.99525	0.004673	8.0148e-05	3.9552e-07
37	0.9957	0.0042197	7.967e-05	3.567e-07
38	0.99706	0.0028608	7.9321e-05	2.4209e-07
39	0.99721	0.0027072	7.8926e-05	2.2597e-07
40	0.99817	0.001749	7.865e-05	1.4308e-07
41	0.99829	0.0016341	7.8263e-05	1.3185e-07
42	0.99768	0.0022466	7.7778e-05	1.8041e-07
43	0.99782	0.0021023	7.7406e-05	1.6729e-07
44	0.99717	0.002755	7.693e-05	2.1892e-07
45	0.99739	0.0025376	7.6576e-05	2.004e-07
46	0.99849	0.001433	7.6343e-05	1.1115e-07
47	0.99891	0.001016	7.6018e-05	7.8041e-08
48	0.99896	0.00096497	7.5624e-05	7.4502e-08
49	0.99973	0.00019843	7.5337e-05	1.5429e-08
50	0.99974	0.00018728	7.5048e-05	1.4064e-08
51	0.99985	7.5572e-05	7.4727e-05	5.7437e-09
52	0.99977	0.00015258	7.4442e-05	1.1348e-08
53	0.99896	0.00096443	7.4154e-05	6.962e-08
54	0.99741	0.0025148	7.3774e-05	1.8208e-07
55	0.99696	0.0029677	7.3435e-05	2.1534e-07
56	0.99754	0.0023864	7.3132e-05	1.7466e-07
57	0.99721	0.0027142	7.2813e-05	1.9837e-07
58	0.99587	0.0040547	7.2383e-05	2.9811e-07
59	0.98365	0.01628	7.1212e-05	1.185e-06
60	0.97578	0.024148	7.0317e-05	1.7597e-06
61	0.97053	0.029394	6.9675e-05	2.1293e-06
62	0.9675	0.032431	6.9248e-05	2.3304e-06
63	0.96684	0.033087	6.8952e-05	2.366e-06
64	0.96172	0.038211	6.8295e-05	2.726e-06
65	0.9595	0.040427	6.7805e-05	2.8825e-06
66	0.95932	0.040614	6.7514e-05	2.8867e-06
67	0.95421	0.045721	6.6832e-05	3.2461e-06
68	0.9515	0.048434	6.6377e-05	3.4248e-06
69	0.95159	0.048339	6.6077e-05	3.412e-06
70	0.94648	0.053453	6.5367e-05	3.7737e-06
71	0.94455	0.055384	6.484e-05	3.9148e-06
72	0.94553	0.0544	6.4475e-05	3.8587e-06
73	0.94886	0.051067	6.4323e-05	3.6355e-06
74	0.95549	0.044445	6.4347e-05	3.2025e-06
75	0.96529	0.03464	6.4633e-05	2.5526e-06
76	0.96824	0.031689	6.4511e-05	2.3582e-06
77	0.97399	0.025939	6.4534e-05	1.9842e-06
78	0.98248	0.017452	6.479e-05	1.4222e-06
79	0.98581	0.014125	6.4652e-05	1.2187e-06
80	0.98601	0.013925	6.4337e-05	1.2376e-06
81	0.98763	0.012303	6.4173e-05	1.151e-06
82	0.9807	0.019234	6.2539e-05	1.5394e-06
83	0.9766	0.023333	6.1047e-05	1.74e-06
84	0.97444	0.025503	5.976e-05	1.8051e-06
85	0.97438	0.025555	5.8562e-05	1.7374e-06
86	0.97051	0.029428	5.7064e-05	1.9089e-06
87	0.96915	0.030796	5.5668e-05	1.929e-06
88	0.96962	0.030326	5.4458e-05	1.835e-06
89	0.97239	0.027555	5.3328e-05	1.6151e-06
90	0.97794	0.022011	5.2293e-05	1.2531e-06
91	0.98703	0.012919	5.1378e-05	7.215e-07
92	0.99042	0.0095256	5.0207e-05	5.1666e-07
93	0.99136	0.0085893	4.8847e-05	4.5293e-07
94	0.99023	0.0097206	4.7455e-05	4.927e-07
95	0.99035	0.0096039	4.6194e-05	4.6814e-07
96	0.99202	0.0079354	4.4957e-05	3.7437e-07
97	0.99166	0.0082973	4.3691e-05	3.7531e-07
98	0.99274	0.0072215	4.2441e-05	3.1507e-07
99	0.9954	0.0045577	4.1206e-05	1.9331e-07
100	0.99357	0.0063852	3.9849e-05	2.5921e-07
101	0.99311	0.0068521	3.8504e-05	2.6895e-07
102	0.99394	0.0060179	3.7164e-05	2.2989e-07
103	0.9931	0.0068612	3.5828e-05	2.5281e-07
104	0.9936	0.0063619	3.4494e-05	2.278e-07
105	0.99524	0.0047249	3.3262e-05	1.6434e-07
106	0.99533	0.0046428	3.2038e-05	1.5508e-07
107	0.99387	0.0060986	3.0721e-05	1.9594e-07
108	0.99353	0.0064359	2.9503e-05	1.9823e-07
109	0.99452	0.0054528	2.828e-05	1.6277e-07
110	0.99667	0.0033052	2.7145e-05	9.6399e-08
111	0.99729	0.0026813	2.6022e-05	7.553e-08
112	0.99698	0.0029938	2.4925e-05	8.0168e-08
113	0.99755	0.002428	2.3902e-05	6.2077e-08
114	0.99904	0.00093251	2.2949e-05	2.2593e-08
115	0.96944	0.030536	2.1368e-05	6.5687e-07
116	0.94917	0.050811	1.9996e-05	1.049e-06
117	0.93564	0.06434	1.8759e-05	1.271e-06
118	0.92619	0.073792	1.7675e-05	1.385e-06
119	0.92088	0.079099	1.6648e-05	1.4079e-06
120	0.91905	0.080935	1.5657e-05	1.3619e-06
121	0.91983	0.080157	1.4757e-05	1.2694e-06
122	0.92328	0.076701	1.3938e-05	1.1374e-06
123	0.92969	0.070299	1.3196e-05	9.689e-07
124	0.92909	0.070895	1.2387e-05	9.0495e-07
125	0.93099	0.068997	1.1646e-05	8.0895e-07
126	0.93553	0.064456	1.0968e-05	6.8467e-07
127	0.93366	0.066325	1.0247e-05	6.3635e-07
128	0.93479	0.065196	9.5295e-06	5.5683e-07
129	0.93921	0.060783	8.8095e-06	4.498e-07
130	0.93797	0.062019	8.9629e-06	4.8812e-07
131	0.93907	0.06092	9.1501e-06	5.0447e-07
132	0.94262	0.057366	9.374e-06	4.9693e-07
133	0.94019	0.059803	9.5574e-06	5.4323e-07
134	0.94077	0.059222	9.7492e-06	5.6055e-07
135	0.9437	0.056285	9.9791e-06	5.5281e-07
136	0.94926	0.050731	1.0252e-05	5.158e-07
137	0.9587	0.041289	1.0547e-05	4.3725e-07
138	0.97203	0.027962	1.0902e-05	3.116e-07
139	0.97067	0.029315	1.112e-05	3.3842e-07
140	0.9711	0.028885	1.1374e-05	3.4401e-07
141	0.97335	0.026639	1.1667e-05	3.2664e-07
142	0.97758	0.022406	1.2003e-05	2.8242e-07
143	0.97779	0.022195	1.2308e-05	2.8596e-07
144	0.97967	0.020321	1.2654e-05	2.6666e-07
145	0.98378	0.01621	1.3008e-05	2.169e-07
146	0.98467	0.015318	1.3291e-05	2.0964e-07
147	0.98709	0.012893	1.3614e-05	1.7966e-07
148	0.99165	0.0083396	1.3946e-05	1.1902e-07
149	0.9931	0.006884	1.4256e-05	9.9736e-08
150	0.99291	0.007071	1.4518e-05	1.0439e-07
151	0.9941	0.005886	1.4776e-05	8.9226e-08
152	0.99652	0.0034671	1.5074e-05	5.3974e-08
153	0.99743	0.0025518	1.5326e-05	4.1317e-08
154	0.99493	0.0050568	1.5541e-05	8.3025e-08
155	0.99383	0.0061525	1.5755e-05	1.0367e-07
156	0.99029	0.0096986	1.5947e-05	1.6573e-07
157	0.98826	0.01172	1.6182e-05	2.0293e-07
158	0.98788	0.012108	1.6421e-05	2.1414e-07
159	0.98427	0.015713	1.6623e-05	2.8125e-07
160	0.98275	0.017234	1.6836e-05	3.1454e-07
161	0.98274	0.017242	1.7096e-05	3.2052e-07
162	0.97933	0.020651	1.7314e-05	3.8774e-07
163	0.9696	0.030384	1.7438e-05	5.7111e-07
164	0.96371	0.036276	1.7601e-05	6.9125e-07
165	0.96083	0.039152	1.7792e-05	7.5899e-07
166	0.9517	0.04828	1.7832e-05	9.5389e-07
167	0.94566	0.054322	1.7952e-05	1.0891e-06
168	0.94285	0.05713	1.8108e-05	1.1648e-06
169	0.94236	0.05762	1.8332e-05	1.1933e-06
170	0.94485	0.055129	1.859e-05	1.1636e-06
171	0.92896	0.07102	1.8432e-05	1.5263e-06
172	0.91768	0.082303	1.8392e-05	1.7916e-06
173	0.9112	0.088778	1.8424e-05	1.9612e-06
174	0.90863	0.091349	1.8512e-05	2.0507e-06
175	0.90877	0.091207	1.8681e-05	2.0803e-06
176	0.90161	0.098367	1.8659e-05	2.2766e-06
177	0.89765	0.10233	1.8731e-05	2.4004e-06
178	0.89658	0.1034	1.8888e-05	2.4586e-06
179	0.89832	0.10165	1.9131e-05	2.4518e-06
180	0.90306	0.096919	1.9467e-05	2.3739e-06
181	0.91229	0.087688	1.9881e-05	2.1943e-06
182	0.92731	0.072672	2.0401e-05	1.8838e-06
183	0.94797	0.052005	2.1086e-05	1.4304e-06
184	0.9563	0.043677	2.1463e-05	1.2605e-06
185	0.95792	0.042058	2.1705e-05	1.2481e-06
186	0.95435	0.045628	2.1833e-05	1.3729e-06
187	0.94345	0.056531	2.1718e-05	1.7163e-06
188	0.93608	0.063893	2.1725e-05	1.9614e-06
189	0.93233	0.067648	2.1801e-05	2.1131e-06
190	0.93113	0.068848	2.1971e-05	2.1941e-06
191	0.93297	0.067006	2.2196e-05	2.1963e-06
192	0.93742	0.062553	2.2517e-05	2.1263e-06
193	0.88968	0.11029	2.1209e-05	3.7106e-06
194	0.85678	0.14319	2.0305e-05	4.8661e-06
195	0.83453	0.16545	1.9694e-05	5.7044e-06
196	0.78249	0.21749	1.7979e-05	7.6242e-06
197	0.74367	0.25631	1.6736e-05	9.0929e-06
198	0.71503	0.28495	1.5853e-05	1.0222e-05
199	0.69433	0.30565	1.525e-05	1.1094e-05
200	0.68141	0.31856	1.4862e-05	1.1728e-05
201	0.67339	0.32659	1.4647e-05	1.2211e-05
202	0.64574	0.35424	1.3769e-05	1.3376e-05
203	0.62575	0.37422	1.3161e-05	1.4292e-05
204	0.61199	0.38798	1.277e-05	1.5012e-05
205	0.60332	0.39665	1.2552e-05	1.5579e-05
206	0.59913	0.40084	1.2486e-05	1.6015e-05
207	0.60046	0.39951	1.2554e-05	1.6297e-05
208	0.58742	0.41255	1.1951e-05	1.6115e-05
209	0.57937	0.4206	1.1504e-05	1.5807e-05
210	0.54929	0.45068	1.0586e-05	1.5998e-05
211	0.5275	0.47247	9.8971e-06	1.5988e-05
212	0.51228	0.48769	9.385e-06	1.5828e-05
213	0.50244	0.49753	9.015e-06	1.555e-05
214	0.47038	0.52959	8.2401e-06	1.5701e-05
215	0.39511	0.60486	6.6823e-06	1.6612e-05
216	0.33839	0.66159	5.544e-06	1.7126e-05
217	0.29575	0.70423	4.7115e-06	1.7354e-05
218	0.26695	0.73303	4.1206e-06	1.7322e-05
219	0.24564	0.75434	3.6867e-06	1.7151e-05
220	0.23018	0.7698	3.3712e-06	1.6879e-05
221	0.18532	0.81466	2.643e-06	1.7037e-05
222	0.15465	0.84533	2.1358e-06	1.6957e-05
223	0.13166	0.86832	1.7685e-06	1.6753e-05
224	0.1163	0.88369	1.513e-06	1.6421e-05
225	0.10511	0.89488	1.3303e-06	1.603e-05
226	0.097218	0.90277	1.2027e-06	1.5599e-05
227	0.092768	0.90722	1.1195e-06	1.5109e-05
228	0.091334	0.90865	1.0734e-06	1.4565e-05
229	0.092717	0.90727	1.0594e-06	1.3972e-05
230	0.096182	0.9038	1.0735e-06	1.3365e-05
231	0.10204	0.89795	1.1176e-06	1.2743e-05
232	0.11174	0.88825	1.1973e-06	1.2069e-05
233	0.12514	0.87485	1.3157e-06	1.137e-05
234	0.14335	0.85664	1.4823e-06	1.0635e-05
235	0.14718	0.85281	1.4692e-06	1.0094e-05
236	0.15517	0.84482	1.4894e-06	9.5032e-06
237	0.16681	0.83318	1.544e-06	8.8905e-06
238	0.14932	0.85067	1.3061e-06	8.554e-06
239	0.13654	0.86346	1.1307e-06	8.167e-06
240	0.12856	0.87143	1.0005e-06	7.7194e-06
241	0.12455	0.87544	9.0328e-07	7.2228e-06
242	0.12299	0.877	8.311e-07	6.7128e-06
243	0.12381	0.87618	7.7935e-07	6.1939e-06
244	0.12707	0.87293	7.4482e-07	5.6685e-06
245	0.13392	0.86608	7.23e-07	5.1155e-06
246	0.14405	0.85595	7.1444e-07	4.5594e-06
247	0.15969	0.8403	7.161e-07	3.9779e-06
248	0.18085	0.81915	7.2819e-07	3.3963e-06
249	0.20926	0.79074	7.4961e-07	2.8156e-06
250	0.2503	0.7497	7.7331e-07	2.2172e-06
251	0.30451	0.69549	7.9337e-07	1.6327e-06
252	0.37633	0.62367	8.0009e-07	1.0723e-06
253	0.4068	0.59319	8.5908e-07	1.0637e-06
254	0.44766	0.55234	9.4014e-07	1.0306e-06
255	0.502	0.498	1.0507e-06	9.6565e-07
256	0.5216	0.47839	1.1032e-06	9.5688e-07
257	0.54875	0.45125	1.1731e-06	9.2873e-07
258	0.58549	0.41451	1.266e-06	8.7584e-07
259	0.63484	0.36515	1.3901e-06	7.9031e-07
260	0.70068	0.29932	1.5562e-06	6.6156e-07
261	0.79677	0.20323	1.7796e-06	4.6206e-07
262	0.83538	0.16462	1.8836e-06	3.8144e-07
263	0.85034	0.14966	1.9368e-06	3.5106e-07
264	0.87365	0.12635	1.9964e-06	3.0027e-07
265	0.90519	0.094811	2.0769e-06	2.2843e-07
266	0.91838	0.08162	2.1011e-06	1.9859e-07
267	0.93685	0.063152	2.1385e-06	1.5573e-07
268	0.94299	0.057012	2.1476e-06	1.411e-07
269	0.94275	0.057249	2.1421e-06	1.4118e-07
270	0.94483	0.05517	2.1427e-06	1.3536e-07
271	0.94935	0.050648	2.1494e-06	1.2332e-07
272	0.9567	0.043297	2.1635e-06	1.041e-07
273	0.96863	0.031364	2.1739e-06	7.424e-08
274	0.97275	0.027243	2.1659e-06	6.3036e-08
275	0.9799	0.020097	2.1505e-06	4.5135e-08
276	0.99098	0.0090151	2.129e-06	1.9235e-08
277	0.99546	0.0045341	2.0923e-06	8.6505e-09
278	0.99477	0.0052301	2.0447e-06	9.142e-09
279	0.9951	0.0048978	1.9994e-06	7.4778e-09
280	0.99412	0.0058767	2.4561e-06	1.2803e-08
281	0.9942	0.0057928	2.9296e-06	1.5947e-08
282	0.99257	0.0074267	3.4131e-06	2.4752e-08
283	0.99212	0.0078793	3.9164e-06	3.0429e-08
284	0.98967	0.010324	4.3877e-06	4.5488e-08
285	0.98862	0.01138	4.8814e-06	5.5888e-08
286	0.98448	0.015519	5.3351e-06	8.4275e-08
287	0.98245	0.017545	5.7754e-06	1.0428e-07
288	0.98228	0.017715	6.204e-06	1.1449e-07
289	0.98394	0.016053	6.6232e-06	1.127e-07
290	0.98727	0.012725	7.073e-06	9.719e-08
291	0.99249	0.0074979	7.5582e-06	6.3642e-08
292	0.98543	0.014566	7.9622e-06	1.3012e-07
293	0.98114	0.018856	8.3615e-06	1.7896e-07
294	0.9787	0.021295	8.7936e-06	2.1373e-07
295	0.97081	0.029176	9.1877e-06	3.0628e-07
296	0.96559	0.034404	9.6234e-06	3.7804e-07
297	0.96264	0.03735	1.0102e-05	4.2962e-07
298	0.96227	0.037716	1.0581e-05	4.555e-07
299	0.96389	0.036101	1.1106e-05	4.575e-07
300	0.96758	0.032407	1.1684e-05	4.3087e-07
301	0.95734	0.042646	1.2109e-05	5.8248e-07
302	0.95109	0.0489	1.255e-05	6.9326e-07
303	0.94743	0.052556	1.3047e-05	7.7308e-07
304	0.94675	0.053237	1.3556e-05	8.1428e-07
305	0.94828	0.051706	1.4124e-05	8.2139e-07
306	0.95289	0.047097	1.4715e-05	7.7915e-07
307	0.95175	0.048236	1.5245e-05	8.256e-07
308	0.95277	0.047217	1.584e-05	8.3533e-07
309	0.95657	0.043416	1.6457e-05	7.958e-07
310	0.96295	0.03703	1.7158e-05	7.0225e-07
311	0.97238	0.027604	1.7958e-05	5.3937e-07
312	0.98697	0.013012	1.884e-05	2.6531e-07
313	0.98769	0.012292	1.9487e-05	2.5715e-07
314	0.99012	0.0098628	2.0141e-05	2.1336e-07
315	0.99416	0.0058167	2.0867e-05	1.3005e-07
316	0.99551	0.0044684	2.1571e-05	1.0193e-07
317	0.99547	0.0045095	2.2214e-05	1.0509e-07
318	0.99391	0.0060635	2.2857e-05	1.4277e-07
319	0.98992	0.010055	2.3409e-05	2.4149e-07
320	0.98754	0.012435	2.403e-05	3.0455e-07
321	0.98692	0.013051	2.466e-05	3.2792e-07
322	0.98765	0.012321	2.5361e-05	3.161e-07
323	0.986	0.013973	2.5969e-05	3.67e-07
324	0.98577	0.014199	2.6651e-05	3.801e-07
325	0.98723	0.012738	2.7348e-05	3.48e-07
326	0.99057	0.0094034	2.8068e-05	2.6258e-07
327	0.9963	0.0036675	2.8827e-05	1.0664e-07
328	0.99343	0.0065398	2.9377e-05	1.9494e-07
329	0.99188	0.0080937	3.0003e-05	2.4536e-07
330	0.99153	0.0084353	3.0705e-05	2.5899e-07
331	0.99259	0.0073773	3.1418e-05	2.2992e-07
332	0.99518	0.0047847	3.2148e-05	1.513e-07
333	0.99972	0.00024857	3.2911e-05	8.027e-09
334	0.999	0.00096474	3.3545e-05	3.162e-08
335	0.99907	0.00089885	3.4173e-05	2.9992e-08
336	0.99994	2.4237e-05	3.4795e-05	8.5303e-10
337	0.99979	0.00017653	3.5423e-05	6.4202e-09
338	0.99578	0.0041816	3.5872e-05	1.5738e-07
339	0.99355	0.0064087	3.6349e-05	2.4802e-07
340	0.99255	0.0074109	3.6911e-05	2.9262e-07
341	0.99293	0.0070308	3.7491e-05	2.866e-07
342	0.99448	0.0054825	3.8158e-05	2.3282e-07
343	0.99114	0.0088171	3.8589e-05	3.8331e-07
344	0.98927	0.010687	3.912e-05	4.7384e-07
345	0.98898	0.010983	3.9681e-05	5.0226e-07
346	0.9859	0.014055	4.0243e-05	6.458e-07
347	0.98441	0.015547	4.0917e-05	7.2242e-07
348	0.98438	0.015576	4.1702e-05	7.3442e-07
349	0.98581	0.014144	4.2604e-05	6.7811e-07
350	0.98925	0.01071	4.356e-05	5.3018e-07
351	0.99458	0.0053733	4.4665e-05	2.8249e-07
352	0.98927	0.010688	4.5307e-05	5.4937e-07
353	0.98585	0.014104	4.609e-05	7.291e-07
354	0.98443	0.015524	4.6922e-05	8.1931e-07
355	0.98447	0.015484	4.7883e-05	8.3574e-07
356	0.98595	0.014	4.8976e-05	7.7484e-07
357	0.98899	0.010959	5.0216e-05	6.2493e-07
358	0.99428	0.0056665	5.154e-05	3.5063e-07
359	0.99624	0.0037058	5.2752e-05	2.4937e-07
360	0.99667	0.0032757	5.394e-05	2.3462e-07
361	0.99607	0.0038741	5.5012e-05	2.9078e-07
362	0.99641	0.0035344	5.6206e-05	2.8905e-07
363	0.99554	0.004404	5.7375e-05	3.7702e-07
364	0.99584	0.0041034	5.8572e-05	3.908e-07
365	0.99033	0.009609	5.8098e-05	6.9708e-07
366	0.9871	0.012844	5.7721e-05	8.726e-07
367	0.98578	0.014158	5.7422e-05	9.3587e-07
368	0.98588	0.014062	5.7254e-05	9.0982e-07
369	0.98775	0.012194	5.7157e-05	7.793e-07
370	0.99165	0.0082944	5.7144e-05	5.2977e-07
371	0.99273	0.0072172	5.6998e-05	4.5495e-07
372	0.99203	0.0079151	5.6708e-05	4.9112e-07
373	0.99248	0.0074644	5.6529e-05	4.5718e-07
374	0.99435	0.0055906	5.6398e-05	3.4267e-07
375	0.99758	0.0023666	5.6389e-05	1.4639e-07
376	0.99892	0.0010209	5.6307e-05	6.3273e-08
377	0.99951	0.00043233	5.6219e-05	2.6486e-08
378	0.99985	9.652e-05	5.6155e-05	5.6462e-09
379	0.99988	6.0636e-05	5.6039e-05	3.4612e-09
380	0.99903	0.00091235	5.5833e-05	5.262e-08
381	0.9989	0.0010447	5.571e-05	6.0024e-08
382	0.99836	0.0015855	5.553e-05	9.1929e-08
383	0.997	0.0029458	5.5279e-05	1.7249e-07
384	0.99356	0.0063814	5.4951e-05	3.7077e-07
385	0.9918	0.0081483	5.4683e-05	4.7606e-07
386	0.99126	0.0086804	5.4529e-05	5.0817e-07
387	0.99193	0.0080193	5.4484e-05	4.7053e-07
388	0.99383	0.0061133	5.4551e-05	3.601e-07
389	0.99712	0.0028301	5.4739e-05	1.6812e-07
390	0.99841	0.0015348	5.485e-05	9.0652e-08
391	0.99384	0.006104	5.4571e-05	3.4903e-07
392	0.99092	0.0090262	5.4427e-05	5.1099e-07
393	0.98966	0.010284	5.4341e-05	5.8328e-07
394	0.98968	0.010267	5.4369e-05	5.8163e-07
395	0.99122	0.0087262	5.4447e-05	4.9796e-07
396	0.99416	0.0057886	5.4644e-05	3.3305e-07
397	0.99513	0.0048105	5.4696e-05	2.8076e-07
398	0.99465	0.0052981	5.4707e-05	3.0975e-07
399	0.99518	0.0047653	5.4815e-05	2.7942e-07
400	0.99426	0.0056799	5.4882e-05	3.2977e-07
401	0.99441	0.005535	5.5051e-05	3.1862e-07
402	0.99585	0.0040901	5.5258e-05	2.3615e-07
403	0.9988	0.0011435	5.5514e-05	7.137e-08
404	0.99879	0.0011512	5.5641e-05	7.4501e-08
405	0.99835	0.0015948	5.5706e-05	1.0764e-07
406	0.99719	0.0027494	5.5685e-05	1.9293e-07
407	0.99695	0.002997	5.5762e-05	2.2119e-07
408	0.99758	0.0023644	5.5932e-05	1.9499e-07
409	0.99745	0.0024948	5.6011e-05	2.268e-07
410	0.99628	0.0036699	5.4678e-05	2.7486e-07
411	0.99607	0.0038782	5.3473e-05	2.6335e-07
412	0.99461	0.0053337	5.215e-05	3.2589e-07
413	0.99445	0.0055011	5.085e-05	3.1883e-07
414	0.99555	0.0044037	4.9566e-05	2.4747e-07
415	0.99778	0.002172	4.8407e-05	1.1894e-07
416	0.99863	0.0013266	4.7234e-05	6.9266e-08
417	0.99889	0.00106	4.5984e-05	5.3044e-08
418	0.99106	0.0088929	4.4312e-05	4.1504e-07
419	0.98611	0.013849	4.2742e-05	6.3149e-07
420	0.98304	0.016915	4.1337e-05	7.4855e-07
421	0.97412	0.025837	3.9788e-05	1.0953e-06
422	0.96803	0.031935	3.8438e-05	1.3025e-06
423	0.96429	0.035673	3.7252e-05	1.4014e-06
424	0.96309	0.036871	3.6127e-05	1.4e-06
425	0.96428	0.035683	3.505e-05	1.3114e-06
426	0.96812	0.031847	3.4019e-05	1.1351e-06
427	0.97437	0.025598	3.3123e-05	8.8134e-07
428	0.98432	0.015647	3.2291e-05	5.244e-07
429	0.99813	0.0018425	3.1623e-05	6.0142e-08
430	0.99632	0.0036455	3.0395e-05	1.1482e-07
431	0.99186	0.0081067	2.9148e-05	2.4333e-07
432	0.98908	0.010896	2.8014e-05	3.1226e-07
433	0.98773	0.012246	2.6977e-05	3.3464e-07
434	0.98798	0.011997	2.5947e-05	3.1355e-07
435	0.98986	0.010118	2.4919e-05	2.531e-07
436	0.9844	0.015579	2.3764e-05	3.7016e-07
437	0.98134	0.018636	2.2638e-05	4.2279e-07
438	0.98037	0.01961	2.1524e-05	4.2455e-07
439	0.98096	0.019022	2.0496e-05	3.9045e-07
440	0.98351	0.016475	1.9468e-05	3.2007e-07
441	0.98834	0.011645	1.8439e-05	2.144e-07
442	0.98597	0.014016	1.7235e-05	2.4505e-07
443	0.98509	0.014896	1.6113e-05	2.4467e-07
444	0.98562	0.014369	1.5063e-05	2.2007e-07
445	0.98798	0.012004	1.4e-05	1.7123e-07
446	0.99203	0.0079534	1.3003e-05	1.0446e-07
447	0.99871	0.001278	1.199e-05	1.6003e-08
448	0.99573	0.0042614	1.0903e-05	4.8394e-08
449	0.99422	0.0057686	9.8017e-06	5.9869e-08
450	0.99381	0.0061776	8.7583e-06	5.7878e-08
451	0.99137	0.0086207	7.7415e-06	7.1395e-08
452	0.99025	0.0097429	6.7788e-06	7.058e-08
453	0.99038	0.0096166	5.8644e-06	5.9998e-08
454	0.99175	0.0082456	4.9918e-06	4.3241e-08
455	0.99447	0.0055258	4.1562e-06	2.3151e-08
456	0.99922	0.00078138	3.2916e-06	1.4283e-09
457	0.9889	0.011099	3.2261e-06	2.6981e-08
458	0.98155	0.018447	3.1722e-06	4.3189e-08
459	0.97664	0.023355	3.128e-06	5.1936e-08
460	0.96451	0.035486	3.7073e-06	1.1441e-07
461	0.95677	0.043226	4.2667e-06	1.7285e-07
462	0.95256	0.047434	4.8098e-06	2.2296e-07
463	0.79994	0.20006	4.514e-06	1.1342e-06
464	0.69318	0.30682	4.293e-06	1.9484e-06
465	0.61267	0.38732	4.1525e-06	2.7013e-06
466	0.55766	0.44234	4.0838e-06	3.3612e-06
467	0.51655	0.48344	4.0826e-06	3.9715e-06
468	0.48916	0.51083	4.1337e-06	4.5093e-06
469	0.47166	0.52833	4.2295e-06	4.9823e-06
470	0.4598	0.54019	4.3755e-06	5.4217e-06
471	0.454	0.54599	4.5568e-06	5.8066e-06
472	0.4535	0.54649	4.7758e-06	6.135e-06
473	0.43761	0.56238	4.8298e-06	6.6471e-06
474	0.42713	0.57286	4.9461e-06	7.1145e-06
475	0.42242	0.57756	5.1093e-06	7.5158e-06
476	0.34158	0.65841	4.264e-06	8.9436e-06
477	0.28053	0.71946	3.6225e-06	1.0185e-05
478	0.23803	0.76196	3.1561e-06	1.1233e-05
479	0.20598	0.79401	2.8117e-06	1.2175e-05
480	0.18195	0.81803	2.5644e-06	1.3036e-05
481	0.16422	0.83576	2.397e-06	1.3834e-05
482	0.1514	0.84858	2.2955e-06	1.4582e-05
483	0.14248	0.85751	2.2501e-06	1.5292e-05
484	0.1367	0.86328	2.2543e-06	1.597e-05
485	0.13466	0.86533	2.3098e-06	1.6579e-05
486	0.11986	0.88012	2.1346e-06	1.7436e-05
487	0.11021	0.88977	2.0288e-06	1.8207e-05
488	0.10465	0.89533	1.9844e-06	1.8899e-05
489	0.10153	0.89845	1.9896e-06	1.956e-05
490	0.088251	0.91173	1.7659e-06	2.0431e-05
491	0.078489	0.92149	1.6097e-06	2.1253e-05
492	0.071551	0.92843	1.5098e-06	2.2037e-05
493	0.067556	0.93242	1.4619e-06	2.2753e-05
494	0.066122	0.93385	1.4636e-06	2.3401e-05
495	0.067047	0.93293	1.5147e-06	2.3983e-05
496	0.060269	0.9397	1.3787e-06	2.477e-05
497	0.056376	0.9436	1.3024e-06	2.5481e-05
498	0.05414	0.94583	1.2687e-06	2.6167e-05
499	0.053932	0.94604	1.28e-06	2.6791e-05
500	0.055726	0.94425	1.3376e-06	2.7353e-05
501	0.059151	0.94082	1.4432e-06	2.7885e-05
502	0.065172	0.9348	1.613e-06	2.8337e-05
503	0.073615	0.92635	1.8572e-06	2.8733e-05
504	0.08629	0.91368	2.2123e-06	2.9001e-05
505	0.1033	0.89667	2.7051e-06	2.9151e-05
506	0.12598	0.87398	3.385e-06	2.9136e-05
507	0.13271	0.86725	3.6403e-06	2.9567e-05
508	0.12981	0.87016	3.6138e-06	3.0302e-05
509	0.13014	0.86983	3.6756e-06	3.0931e-05
510	0.13291	0.86706	3.8233e-06	3.1496e-05
511	0.13832	0.86165	4.0682e-06	3.1988e-05
512	0.14684	0.85312	4.4328e-06	3.2385e-05
513	0.16072	0.83925	4.9714e-06	3.2588e-05
514	0.17965	0.82031	5.7147e-06	3.2611e-05
515	0.20507	0.79489	6.7315e-06	3.2387e-05
516	0.24259	0.75737	8.1853e-06	3.1705e-05
517	0.23907	0.76089	8.1955e-06	3.2495e-05
518	0.23983	0.76013	8.3496e-06	3.312e-05
519	0.2452	0.75476	8.6641e-06	3.3563e-05
520	0.21208	0.78788	7.3799e-06	3.5633e-05
521	0.18938	0.81058	6.4737e-06	3.7305e-05
522	0.17263	0.82732	5.8198e-06	3.8752e-05
523	0.16056	0.83939	5.3639e-06	4.0028e-05
524	0.15225	0.8477	5.0672e-06	4.1174e-05
525	0.14713	0.85282	4.9062e-06	4.2213e-05
526	0.12944	0.87051	4.1463e-06	4.3831e-05
527	0.11793	0.88202	3.6251e-06	4.519e-05
528	0.10987	0.89008	3.2571e-06	4.6424e-05
529	0.085044	0.91491	2.4778e-06	4.6357e-05
530	0.066198	0.93375	1.9067e-06	4.611e-05
531	0.05314	0.94681	1.5069e-06	4.5673e-05
532	0.043342	0.95661	1.2179e-06	4.5151e-05
533	0.036728	0.96323	1.0206e-06	4.452e-05
534	0.031885	0.96807	8.8254e-07	4.3855e-05
535	0.029028	0.97093	8.007e-07	4.3116e-05
536	0.027256	0.9727	7.5523e-07	4.2365e-05
537	0.026436	0.97352	7.4165e-07	4.1606e-05
538	0.026505	0.97345	7.5834e-07	4.0841e-05
539	0.027468	0.97249	8.0631e-07	4.0067e-05
540	0.029422	0.97054	8.902e-07	3.9281e-05
541	0.026021	0.97394	7.8996e-07	3.8702e-05
542	0.024203	0.97576	7.3664e-07	3.8057e-05
543	0.023639	0.97632	7.2058e-07	3.7359e-05
544	0.018265	0.9817	5.4409e-07	3.6803e-05
545	0.014178	0.98579	4.1497e-07	3.6222e-05
546	0.011056	0.98891	3.2022e-07	3.5628e-05
547	0.0086561	0.99131	2.5034e-07	3.5031e-05
548	0.0070799	0.99289	2.033e-07	3.4393e-05
549	0.0061075	0.99386	1.7271e-07	3.3722e-05
550	0.0053857	0.99458	1.5074e-07	3.3062e-05
551	0.0048579	0.99511	1.3528e-07	3.2417e-05
552	0.0046742	0.99529	1.2805e-07	3.1746e-05
553	0.0046108	0.99536	1.2463e-07	3.109e-05
554	0.0046717	0.9953	1.2502e-07	3.045e-05
555	0.0048618	0.99511	1.2927e-07	2.9825e-05
556	0.005196	0.99477	1.3775e-07	2.9213e-05
557	0.0057005	0.99427	1.5121e-07	2.8614e-05
558	0.0064146	0.99356	1.7083e-07	2.8026e-05
559	0.0073829	0.99259	1.9793e-07	2.7447e-05
560	0.0089735	0.991	2.3938e-07	2.6837e-05
561	0.011345	0.98863	2.9819e-07	2.6194e-05
562	0.0148	0.98517	3.8016e-07	2.5513e-05
563	0.019285	0.98069	4.873e-07	2.4822e-05
564	0.025882	0.97409	6.3818e-07	2.4072e-05
565	0.020502	0.97947	4.9675e-07	2.363e-05
566	0.016872	0.9831	3.996e-07	2.3128e-05
567	0.014192	0.98579	3.3106e-07	2.2614e-05
568	0.012543	0.98744	2.8676e-07	2.206e-05
569	0.011771	0.98821	2.6213e-07	2.147e-05
570	0.011769	0.98821	2.5358e-07	2.0849e-05
571	0.012537	0.98744	2.5957e-07	2.0196e-05
572	0.0096979	0.99028	1.9434e-07	1.9631e-05
573	0.0077574	0.99222	1.4902e-07	1.903e-05
574	0.0062509	0.99373	1.1588e-07	1.8432e-05
575	0.0052505	0.99473	9.292e-08	1.7809e-05
576	0.0044517	0.99553	7.5701e-08	1.7194e-05
577	0.0039886	0.99599	6.4335e-08	1.6558e-05
578	0.0036229	0.99636	5.5766e-08	1.5934e-05
579	0.0033261	0.99666	4.9204e-08	1.5322e-05
580	0.0032333	0.99675	4.5301e-08	1.4692e-05
581	0.0031738	0.99681	4.2365e-08	1.4075e-05
582	0.0031356	0.99685	4.0103e-08	1.347e-05
583	0.0031232	0.99686	3.8516e-08	1.2877e-05
584	0.0032917	0.9967	3.853e-08	1.2267e-05
585	0.0034925	0.9965	3.9027e-08	1.1669e-05
586	0.0037408	0.99625	4.0131e-08	1.1082e-05
587	0.0040554	0.99593	4.2005e-08	1.0505e-05
588	0.0046564	0.99533	4.5868e-08	9.9108e-06
589	0.005415	0.99458	5.1026e-08	9.3268e-06
590	0.0063799	0.99361	5.7765e-08	8.7515e-06
591	0.0076241	0.99237	6.6552e-08	8.1841e-06
592	0.0092422	0.99075	7.7956e-08	7.6234e-06
593	0.011661	0.98833	9.3558e-08	7.0445e-06
594	0.015271	0.98472	1.1472e-07	6.4455e-06
595	0.019957	0.98004	1.4077e-07	5.851e-06
596	0.026077	0.97392	1.7282e-07	5.2594e-06
597	0.034135	0.96586	2.1241e-07	4.6691e-06
598	0.045719	0.95428	2.6214e-07	4.0547e-06
599	0.049109	0.95089	2.5655e-07	3.4813e-06
600	0.04679	0.95321	2.4746e-07	3.6838e-06
601	0.046452	0.95354	2.4661e-07	3.8657e-06
602	0.039707	0.96029	2.1423e-07	4.0811e-06
603	0.034796	0.9652	1.9135e-07	4.2871e-06
604	0.031947	0.96805	1.7754e-07	4.4717e-06
605	0.030762	0.96923	1.7139e-07	4.6366e-06
606	0.0306	0.96939	1.7147e-07	4.7954e-06
607	0.031849	0.96815	1.7831e-07	4.9355e-06
608	0.034192	0.9658	1.9212e-07	5.0689e-06
609	0.037835	0.96216	2.1446e-07	5.1942e-06
610	0.043065	0.95693	2.476e-07	5.3094e-06
611	0.042558	0.95744	2.4811e-07	5.4449e-06
612	0.043287	0.95671	2.5676e-07	5.5728e-06
613	0.045831	0.95416	2.7507e-07	5.6789e-06
614	0.049894	0.9501	3.0421e-07	5.7748e-06
615	0.055785	0.94421	3.4693e-07	5.8581e-06
616	0.043651	0.95634	2.7467e-07	6.0439e-06
617	0.0345	0.96549	2.2086e-07	6.2124e-06
618	0.028385	0.97161	1.8343e-07	6.352e-06
619	0.023862	0.97613	1.5648e-07	6.4823e-06
620	0.020985	0.97901	1.387e-07	6.5911e-06
621	0.019388	0.9806	1.2832e-07	6.6805e-06
622	0.018536	0.98146	1.2344e-07	6.7651e-06
623	0.018382	0.98161	1.2383e-07	6.8456e-06
624	0.019224	0.98077	1.3026e-07	6.9078e-06
625	0.02117	0.97882	1.4351e-07	6.9511e-06
626	0.024034	0.97596	1.6394e-07	6.9881e-06
627	0.028032	0.97196	1.9344e-07	7.017e-06
628	0.034223	0.96577	2.3732e-07	7.0191e-06
629	0.042499	0.95749	2.9786e-07	7.0058e-06
630	0.054513	0.94548	3.8344e-07	6.9552e-06
631	0.071795	0.9282	5.0366e-07	6.8576e-06
632	0.076888	0.9231	5.4049e-07	6.8447e-06
633	0.084409	0.91558	5.9689e-07	6.8139e-06
634	0.083459	0.91653	5.937e-07	6.8443e-06
635	0.085055	0.91494	6.0654e-07	6.8462e-06
636	0.089401	0.91059	6.368e-07	6.8181e-06
637	0.097243	0.90275	6.8903e-07	6.7552e-06
638	0.10824	0.89175	7.6582e-07	6.6693e-06
639	0.1233	0.87669	8.746e-07	6.5533e-06
640	0.14581	0.85419	1.0315e-06	6.3762e-06
641	0.17566	0.82434	1.2449e-06	6.1445e-06
642	0.2153	0.78469	1.5349e-06	5.8385e-06
643	0.22846	0.77154	1.6333e-06	5.7265e-06
644	0.2487	0.75129	1.7771e-06	5.5558e-06
645	0.27915	0.72084	1.9853e-06	5.3069e-06
646	0.32408	0.67591	2.2831e-06	4.9545e-06
647	0.38351	0.61649	2.6873e-06	4.4988e-06
648	0.4701	0.52989	3.2578e-06	3.8623e-06
649	0.47625	0.52374	3.2703e-06	3.7879e-06
650	0.48855	0.51145	3.3139e-06	3.6678e-06
651	0.5066	0.49339	3.4013e-06	3.5081e-06
652	0.53193	0.46806	3.5429e-06	3.2986e-06
653	0.56947	0.43052	3.7499e-06	3.0088e-06
654	0.61963	0.38036	4.045e-06	2.6355e-06
655	0.63812	0.36187	4.1285e-06	2.479e-06
656	0.66635	0.33365	4.2593e-06	2.2596e-06
657	0.7045	0.2955	4.4593e-06	1.9761e-06
658	0.76084	0.23915	4.7517e-06	1.5841e-06
659	0.83586	0.16413	5.1656e-06	1.0765e-06
660	0.93498	0.065012	5.7354e-06	4.1895e-07
661	0.93565	0.064342	5.6673e-06	4.0624e-07
662	0.9394	0.060597	5.601e-06	3.7487e-07
663	0.94669	0.053301	5.538e-06	3.2314e-07
664	0.95743	0.042566	5.5016e-06	2.5153e-07
665	0.97404	0.025952	5.4782e-06	1.4931e-07
666	0.98106	0.018933	5.3784e-06	1.0641e-07
667	0.99106	0.0089339	5.3007e-06	4.8308e-08
668	0.9913	0.0086906	5.8872e-06	6.103e-08
669	0.98933	0.01066	5.9365e-06	7.1467e-08
670	0.98895	0.011045	5.978e-06	7.2546e-08
671	0.9901	0.0098959	6.0121e-06	6.42e-08
672	0.99299	0.0069998	6.0395e-06	4.5015e-08
673	0.99376	0.0062366	6.0355e-06	3.9817e-08
674	0.99303	0.0069604	6.0044e-06	4.4137e-08
675	0.99343	0.0065674	5.9872e-06	4.1318e-08
676	0.99523	0.0047667	5.9609e-06	3.0158e-08
677	0.99539	0.0045999	5.9309e-06	2.8925e-08
678	0.99407	0.005927	5.9003e-06	3.6547e-08
679	0.99405	0.0059416	5.8599e-06	3.6433e-08
680	0.99511	0.0048861	5.8324e-06	2.9716e-08
681	0.9976	0.0023913	5.7957e-06	1.4831e-08
682	0.99676	0.0032305	5.7456e-06	1.9785e-08
683	0.99684	0.0031565	5.7075e-06	1.9174e-08
684	0.99783	0.0021637	5.6813e-06	1.3064e-08
685	0.99578	0.0042167	5.6436e-06	2.4526e-08
686	0.99106	0.0089386	5.574e-06	5.1279e-08
687	0.98846	0.011537	5.4992e-06	6.5879e-08
688	0.98729	0.012703	5.439e-06	7.1809e-08
689	0.98302	0.016979	5.3447e-06	9.5142e-08
690	0.98057	0.019422	5.2675e-06	1.0736e-07
691	0.97977	0.020224	5.2058e-06	1.1003e-07
692	0.98094	0.019055	5.1375e-06	1.0231e-07
693	0.98376	0.016233	5.0836e-06	8.5679e-08
694	0.98894	0.011058	5.0246e-06	5.7642e-08
695	0.99646	0.0035351	4.9827e-06	1.79e-08
696	0.99994	5.522e-05	4.9017e-06	2.7084e-10
697	0.99995	4.1405e-05	4.786e-06	2.0563e-10
698	0.99928	0.00071524	4.6726e-06	3.4337e-09
699	0.99803	0.0019621	4.5395e-06	9.3442e-09
700	0.9951	0.0048985	4.4045e-06	2.2584e-08
701	0.98849	0.011504	4.2369e-06	5.1903e-08
702	0.98457	0.015425	4.0655e-06	6.7989e-08
703	0.98237	0.017625	3.9081e-06	7.5354e-08
704	0.98173	0.018269	3.7629e-06	7.5603e-08
705	0.98259	0.017407	3.6285e-06	6.9673e-08
706	0.98504	0.014954	3.5046e-06	5.7873e-08
707	0.98925	0.010742	3.3907e-06	4.0181e-08
708	0.99555	0.0044498	3.287e-06	1.6056e-08
709	0.95673	0.04327	3.0415e-06	1.3753e-07
710	0.92998	0.070015	2.8262e-06	2.1326e-07
711	0.91034	0.089656	2.6438e-06	2.595e-07
712	0.89749	0.1025	2.4705e-06	2.813e-07
713	0.88886	0.11113	2.3159e-06	2.8741e-07
714	0.88458	0.11542	2.1603e-06	2.7949e-07
715	0.88425	0.11575	2.0006e-06	2.6021e-07
716	0.88687	0.11313	1.8503e-06	2.3403e-07
717	0.88106	0.11894	1.6863e-06	2.2411e-07
718	0.87844	0.12156	1.5322e-06	2.0611e-07
719	0.8796	0.1204	1.3713e-06	1.8029e-07
720	0.88486	0.11514	1.2014e-06	1.483e-07
721	0.89373	0.10627	1.0363e-06	1.1372e-07
722	0.9069	0.093097	8.7388e-07	7.8012e-08
723	0.92541	0.074593	7.1218e-07	4.2964e-08
724	0.93254	0.067458	7.7928e-07	4.4951e-08
725	0.94321	0.05679	8.4758e-07	4.2614e-08
726	0.95822	0.041778	9.1859e-07	3.4614e-08
727	0.9635	0.036503	9.8061e-07	3.2818e-08
728	0.97234	0.02766	1.0342e-06	2.6652e-08
729	0.98477	0.015227	1.0901e-06	1.5549e-08
730	0.9846	0.015401	1.1313e-06	1.6543e-08
731	0.98151	0.018485	1.1549e-06	2.0805e-08
732	0.98012	0.01988	1.1782e-06	2.3006e-08
733	0.98031	0.019694	1.2011e-06	2.3148e-08
734	0.9825	0.017496	1.2135e-06	2.0696e-08
735	0.9865	0.013501	1.2261e-06	1.5773e-08
736	0.98752	0.012478	1.222e-06	1.4373e-08
737	0.99038	0.0096148	1.2069e-06	1.0726e-08
738	0.99549	0.0045101	1.1811e-06	4.6032e-09
739	0.99135	0.0086517	1.1429e-06	8.5012e-09
740	0.98912	0.010883	1.094e-06	1.0066e-08
741	0.98856	0.011435	1.0339e-06	9.6793e-09
742	0.98547	0.014534	9.5873e-07	1.1182e-08
743	0.98396	0.016037	8.832e-07	1.0759e-08
744	0.97833	0.021672	8.0321e-07	1.2378e-08
745	0.96503	0.03497	9.751e-07	3.0434e-08
746	0.9566	0.043398	1.1333e-06	4.7408e-08
747	0.95112	0.04888	1.294e-06	6.3031e-08
748	0.9488	0.051196	1.4432e-06	7.5339e-08
749	0.94872	0.051275	1.5972e-06	8.4339e-08
750	0.95152	0.048483	1.7417e-06	8.7784e-08
751	0.95675	0.043243	1.8936e-06	8.5239e-08
752	0.96567	0.034331	2.0402e-06	7.3372e-08
753	0.97825	0.021744	2.1995e-06	5.0387e-08
754	0.99555	0.0044482	2.3763e-06	1.2009e-08
755	0.99471	0.0052889	2.5433e-06	1.4936e-08
756	0.99489	0.005103	2.7164e-06	1.518e-08
757	0.99354	0.0064596	2.8892e-06	1.9919e-08
758	0.9933	0.0067007	3.0695e-06	2.1515e-08
759	0.9944	0.005598	3.2375e-06	1.8801e-08
760	0.997	0.0029974	3.3945e-06	1.0665e-08
761	0.99794	0.0020597	3.5507e-06	7.6664e-09
762	0.99985	0.00014455	3.7159e-06	5.4848e-10
763	0.99897	0.0010274	3.8505e-06	3.9802e-09
764	0.9989	0.0010979	3.9719e-06	4.456e-09
765	0.99954	0.00045304	4.101e-06	1.9284e-09
766	0.99907	0.00092362	4.2319e-06	3.9855e-09
767	0.99494	0.0050559	4.3301e-06	2.2537e-08
768	0.99234	0.0076589	4.4398e-06	3.4845e-08
769	0.99133	0.0086656	4.5393e-06	4.0527e-08
770	0.99151	0.0084838	4.6495e-06	4.0573e-08
771	0.99314	0.0068571	4.7502e-06	3.3744e-08
772	0.99306	0.0069387	4.8263e-06	3.5154e-08
773	0.99409	0.0059046	4.9133e-06	3.0783e-08
774	0.99633	0.003663	5.0125e-06	1.9827e-08
775	0.99481	0.0051799	5.075e-06	2.8642e-08
776	0.99437	0.0056248	5.1486e-06	3.1763e-08
777	0.99496	0.0050315	5.2335e-06	2.9161e-08
778	0.99402	0.005975	5.3161e-06	3.499e-08
779	0.99093	0.0090652	5.3692e-06	5.369e-08
780	0.98927	0.010724	5.4361e-06	6.4339e-08
781	0.98445	0.015543	5.4668e-06	9.4481e-08
782	0.98151	0.018485	5.5144e-06	1.1367e-07
783	0.98063	0.019366	5.5563e-06	1.2126e-07
784	0.96208	0.037915	5.4953e-06	2.3777e-07
785	0.94994	0.050058	5.4536e-06	3.1776e-07
786	0.94154	0.058457	5.4416e-06	3.7427e-07
787	0.93623	0.063768	5.4548e-06	4.1154e-07
788	0.93417	0.065822	5.4711e-06	4.2927e-07
789	0.93452	0.065476	5.5085e-06	4.316e-07
790	0.90978	0.090211	5.3666e-06	5.9661e-07
791	0.89167	0.10833	5.274e-06	7.1803e-07
792	0.87879	0.1212	5.2211e-06	8.0541e-07
793	0.87018	0.12981	5.2012e-06	8.6536e-07
794	0.86518	0.13481	5.2102e-06	9.0211e-07
795	0.86347	0.13653	5.2464e-06	9.1755e-07
796	0.85235	0.14764	5.2058e-06	9.9296e-07
797	0.82129	0.1787	5.0453e-06	1.194e-06
798	0.7438	0.2562	4.6015e-06	1.6841e-06
799	0.55203	0.44796	3.4583e-06	2.8787e-06
800	0.41765	0.58234	2.6321e-06	3.7416e-06
801	0.32511	0.67489	2.0454e-06	4.3504e-06
802	0.25482	0.74517	1.6086e-06	4.8117e-06
803	0.20572	0.79427	1.2943e-06	5.1372e-06
804	0.16852	0.83148	1.0616e-06	5.3827e-06
805	0.14039	0.8596	8.9002e-07	5.5683e-06
806	0.12103	0.87896	7.681e-07	5.6917e-06
807	0.10824	0.89176	6.8411e-07	5.7643e-06
808	0.10022	0.89977	6.2795e-07	5.7964e-06
809	0.095866	0.90413	5.9294e-07	5.7947e-06
810	0.093701	0.90629	5.7387e-07	5.7778e-06
811	0.082026	0.91797	4.9209e-07	5.8113e-06
812	0.074426	0.92557	4.3497e-07	5.8078e-06
813	0.069241	0.93075	3.9557e-07	5.7873e-06
814	0.066065	0.93393	3.703e-07	5.7535e-06
815	0.064617	0.93538	3.5664e-07	5.7085e-06
816	0.064787	0.93521	3.5342e-07	5.6536e-06
817	0.06662	0.93337	3.6061e-07	5.5887e-06
818	0.070908	0.92909	3.7926e-07	5.5002e-06
819	0.077403	0.92259	4.1071e-07	5.3994e-06
820	0.087798	0.9122	4.5974e-07	5.2686e-06
821	0.10187	0.89813	5.2841e-07	5.1186e-06
822	0.12077	0.87923	6.2293e-07	4.9434e-06
823	0.14598	0.85401	7.5123e-07	4.7351e-06
824	0.18228	0.81772	9.2831e-07	4.4654e-06
825	0.23035	0.76965	1.165e-06	4.1371e-06
826	0.2499	0.75009	1.2397e-06	3.9579e-06
827	0.27887	0.72112	1.3497e-06	3.7304e-06
828	0.3177	0.6823	1.505e-06	3.4592e-06
829	0.36918	0.63082	1.7172e-06	3.1325e-06
830	0.43753	0.56246	2.005e-06	2.7322e-06
831	0.52811	0.47188	2.3914e-06	2.2354e-06
832	0.51628	0.48371	2.3753e-06	2.3266e-06
833	0.51082	0.48918	2.3779e-06	2.3846e-06
834	0.50958	0.49042	2.4041e-06	2.4213e-06
835	0.51363	0.48637	2.4464e-06	2.4279e-06
836	0.52208	0.47792	2.5146e-06	2.4107e-06
837	0.53723	0.46277	2.6066e-06	2.3556e-06
838	0.56101	0.43898	2.7311e-06	2.2538e-06
839	0.59711	0.40289	2.9036e-06	2.0894e-06
840	0.6454	0.3546	3.1425e-06	1.8612e-06
841	0.70956	0.29044	3.4687e-06	1.5484e-06
842	0.73445	0.26555	3.6064e-06	1.4276e-06
843	0.74171	0.25828	3.6597e-06	1.3948e-06
844	0.75535	0.24465	3.7318e-06	1.3276e-06
845	0.77725	0.22274	3.8312e-06	1.2177e-06
846	0.8072	0.1928	3.9769e-06	1.065e-06
847	0.80272	0.19727	3.9503e-06	1.0887e-06
848	0.80277	0.19723	3.933e-06	1.0877e-06
849	0.80639	0.19361	3.9391e-06	1.0672e-06
850	0.81387	0.18612	3.9701e-06	1.0259e-06
851	0.8258	0.17419	4.0294e-06	9.6032e-07
852	0.84312	0.15688	4.1225e-06	8.6501e-07
853	0.86972	0.13028	4.2473e-06	7.2198e-07
854	0.90553	0.094464	4.4263e-06	5.2885e-07
855	0.91943	0.080564	4.4936e-06	4.5179e-07
856	0.91313	0.086862	4.4593e-06	4.8085e-07
857	0.91069	0.089307	4.4286e-06	4.9008e-07
858	0.91097	0.089028	4.4171e-06	4.8463e-07
859	0.91483	0.085162	4.4077e-06	4.6075e-07
860	0.9218	0.078193	4.4192e-06	4.2052e-07
861	0.93242	0.067575	4.4546e-06	3.6098e-07
862	0.94913	0.050862	4.5033e-06	2.7175e-07
863	0.97188	0.028115	4.5874e-06	1.5156e-07
864	0.97331	0.026685	4.544e-06	1.4269e-07
865	0.97663	0.023363	4.515e-06	1.243e-07
866	0.98208	0.017917	4.5009e-06	9.5366e-08
867	0.99006	0.0099353	4.5038e-06	5.3847e-08
868	0.98934	0.01066	4.4668e-06	5.6473e-08
869	0.99012	0.009876	4.4208e-06	5.2081e-08
870	0.99257	0.0074238	4.3658e-06	4.0235e-08
871	0.98921	0.010787	4.2893e-06	5.6741e-08
872	0.98047	0.019521	4.1913e-06	9.8851e-08
873	0.97449	0.025509	4.1118e-06	1.2664e-07
874	0.95794	0.042055	3.9882e-06	2.0241e-07
875	0.94704	0.052953	3.8756e-06	2.5154e-07
876	0.93961	0.060383	3.7841e-06	2.8307e-07
877	0.93509	0.064909	3.7102e-06	3.0052e-07
878	0.93312	0.066873	3.6514e-06	3.0611e-07
879	0.92397	0.076025	3.5467e-06	3.4219e-07
880	0.90079	0.099204	3.367e-06	4.3785e-07
881	0.88391	0.11608	3.2218e-06	5.0207e-07
882	0.87205	0.12795	3.1034e-06	5.4237e-07
883	0.84006	0.15994	2.9116e-06	6.5888e-07
884	0.81647	0.18353	2.7603e-06	7.3702e-07
885	0.79958	0.20042	2.6407e-06	7.8577e-07
886	0.78799	0.21201	2.5452e-06	8.1218e-07
887	0.78083	0.21917	2.469e-06	8.2079e-07
888	0.77755	0.22245	2.4092e-06	8.1453e-07
889	0.77796	0.22203	2.3641e-06	7.9486e-07
890	0.78204	0.21796	2.333e-06	7.625e-07
891	0.79008	0.20992	2.3161e-06	7.1695e-07
892	0.80416	0.19584	2.3041e-06	6.5227e-07
893	0.82412	0.17588	2.3105e-06	5.7037e-07
894	0.8295	0.1705	2.2709e-06	5.3562e-07
895	0.82576	0.17423	2.1909e-06	5.2681e-07
896	0.82549	0.17451	2.1227e-06	5.0721e-07
897	0.82954	0.17046	2.0532e-06	4.7489e-07
898	0.83844	0.16156	1.9818e-06	4.3004e-07
899	0.85188	0.14811	1.9213e-06	3.7544e-07
900	0.87099	0.129	1.8728e-06	3.0989e-07
901	0.89726	0.10274	1.8377e-06	2.3177e-07
902	0.93564	0.064362	1.8069e-06	1.3515e-07
903	0.99194	0.0080596	1.7837e-06	1.6078e-08
904	0.99024	0.0097554	1.6415e-06	1.7563e-08
905	0.98982	0.010176	1.5028e-06	1.6498e-08
906	0.99089	0.0091077	1.3519e-06	1.3217e-08
907	0.98982	0.010179	1.1989e-06	1.289e-08
908	0.99024	0.0097609	1.0336e-06	1.0606e-08
909	0.99193	0.0080678	8.6995e-07	7.26e-09
910	0.99155	0.0084464	7.0465e-07	5.9607e-09
911	0.99235	0.007652	5.4002e-07	3.8603e-09
912	0.99438	0.0056243	3.7511e-07	1.5482e-09
913	0.99146	0.0085367	4.0217e-07	2.9712e-09
914	0.98995	0.010047	4.2449e-07	3.8594e-09
915	0.98995	0.010048	4.3586e-07	4.0597e-09
916	0.99146	0.0085388	4.3635e-07	3.5222e-09
917	0.99437	0.005628	4.3226e-07	2.299e-09
918	0.99938	0.00061642	4.1722e-07	2.4843e-10
919	0.99915	0.00085126	3.9471e-07	3.3171e-10
920	0.99959	0.00041189	3.6707e-07	1.431e-10
921	0.99989	0.00010923	3.2762e-07	2.4809e-11
922	0.99683	0.0031717	4.5693e-07	1.4892e-09
923	0.99521	0.0047893	5.7332e-07	2.8807e-09
924	0.99487	0.0051328	6.7708e-07	3.742e-09
925	0.99277	0.0072319	7.8819e-07	6.0344e-09
926	0.99189	0.0081043	8.9819e-07	7.6057e-09
927	0.99244	0.0075571	9.9598e-07	7.8779e-09
928	0.9913	0.0087002	1.0785e-06	9.9141e-09
929	0.99135	0.0086473	1.1606e-06	1.0635e-08
930	0.9926	0.0073943	1.2426e-06	9.7283e-09
931	0.99211	0.0078883	1.3092e-06	1.0994e-08
932	0.99276	0.0072352	1.3758e-06	1.062e-08
933	0.99463	0.0053724	1.4431e-06	8.2743e-09
934	0.99476	0.005236	1.5069e-06	8.3281e-09
935	0.99594	0.0040559	1.5714e-06	6.6057e-09
936	0.99854	0.0014579	1.6245e-06	2.4279e-09
937	0.99628	0.0037186	1.6515e-06	6.3148e-09
938	0.99513	0.0048693	1.6791e-06	8.3609e-09
