#coord	neutral	conserved	gBGC.neutral	gBGC.conserved
1	0.76203	0.23399	0.0030499	0.00093729
2	0.7679	0.22811	0.003072	0.00091334
3	0.77811	0.21791	0.0031115	0.00087206
4	0.79498	0.20104	0.0031776	0.00080418
5	0.82066	0.17536	0.0032787	0.00070118
6	0.85909	0.13693	0.0034306	0.00054746
7	0.91031	0.085711	0.0036335	0.00034272
8	0.93279	0.063235	0.0037216	0.00025282
9	0.96321	0.03282	0.0038414	0.00013124
10	0.97503	0.021	0.0038869	8.3968e-05
11	0.97942	0.016612	0.0039027	6.6398e-05
12	0.98608	0.0099542	0.0039275	3.9769e-05
13	0.98876	0.0072725	0.0039365	2.9047e-05
14	0.99304	0.0029943	0.0039518	1.1961e-05
15	0.9948	0.0012337	0.0039571	4.9287e-06
16	0.99428	0.0017548	0.0039533	6.9981e-06
17	0.99454	0.0015018	0.0039526	5.9844e-06
18	0.99417	0.0018701	0.0039494	7.4424e-06
19	0.99459	0.0014554	0.0039493	5.7857e-06
20	0.99597	7.3786e-05	0.0039531	2.93e-07
21	0.99602	2.7669e-05	0.0039516	1.0979e-07
22	0.99574	0.00030516	0.0039487	1.2112e-06
23	0.99534	0.00070733	0.0039454	2.8055e-06
24	0.9956	0.00045535	0.0039447	1.8044e-06
25	0.9957	0.00035241	0.0039434	1.3961e-06
26	0.99572	0.00033192	0.0039418	1.3135e-06
27	0.99474	0.0013232	0.0039361	5.2347e-06
28	0.99463	0.0014326	0.003934	5.6668e-06
29	0.99527	0.00078849	0.0039348	3.117e-06
30	0.99556	0.0005034	0.0039342	1.9898e-06
31	0.99465	0.0014149	0.0039289	5.5942e-06
32	0.99254	0.0035285	0.0039188	1.3941e-05
33	0.9914	0.0046698	0.0039126	1.8438e-05
34	0.99117	0.0048983	0.0039101	1.9325e-05
35	0.99198	0.0040931	0.0039115	1.6139e-05
36	0.99142	0.0046551	0.0039076	1.8347e-05
37	0.99187	0.0042034	0.0039077	1.6564e-05
38	0.99323	0.0028498	0.0039113	1.1226e-05
39	0.99338	0.0026968	0.0039102	1.0622e-05
40	0.99434	0.0017422	0.0039123	6.8611e-06
41	0.99445	0.0016279	0.003911	6.4066e-06
42	0.99385	0.002238	0.0039069	8.8047e-06
43	0.99399	0.0020942	0.0039058	8.2347e-06
44	0.99334	0.0027445	0.0039016	1.0789e-05
45	0.99356	0.0025279	0.0039007	9.9325e-06
46	0.99466	0.0014275	0.0039034	5.604e-06
47	0.99508	0.0010121	0.0039033	3.971e-06
48	0.99513	0.00096127	0.0039018	3.7712e-06
49	0.9959	0.00019767	0.0039031	7.7532e-07
50	0.99591	0.00018657	0.0039015	7.3083e-07
51	0.99602	7.5283e-05	0.0039003	2.9489e-07
52	0.99595	0.000152	0.0038983	5.9462e-07
53	0.99514	0.00096074	0.0038935	3.7534e-06
54	0.9936	0.0025052	0.0038858	9.7842e-06
55	0.99315	0.0029564	0.0038824	1.1542e-05
56	0.99373	0.0023772	0.003883	9.2763e-06
57	0.99341	0.0027038	0.00388	1.0543e-05
58	0.99207	0.0040393	0.0038731	1.5745e-05
59	0.97989	0.016218	0.003824	6.323e-05
60	0.97206	0.024056	0.0037917	9.3768e-05
61	0.96683	0.029282	0.0037697	0.00011409
62	0.96381	0.032307	0.0037563	0.0001258
63	0.96316	0.032961	0.0037522	0.00012827
64	0.95806	0.038065	0.0037307	0.00014808
65	0.95585	0.040273	0.0037204	0.00015661
66	0.95566	0.04046	0.0037181	0.00015726
67	0.95058	0.045547	0.0036967	0.00017696
68	0.94788	0.048249	0.0036846	0.00018737
69	0.94797	0.048155	0.0036834	0.00018692
70	0.94288	0.05325	0.003662	0.00020663
71	0.94096	0.055173	0.0036528	0.00021402
72	0.94194	0.054193	0.003655	0.00021016
73	0.94526	0.050874	0.0036662	0.00019721
74	0.95186	0.044276	0.0036901	0.0001716
75	0.96163	0.034509	0.0037263	0.0001337
76	0.96457	0.031569	0.0037361	0.00012226
77	0.9703	0.02584	0.0037566	0.00010004
78	0.97876	0.017386	0.0037876	6.7283e-05
79	0.98207	0.014072	0.0037988	5.4443e-05
80	0.98228	0.013872	0.0037979	5.3645e-05
81	0.98389	0.012256	0.0038025	4.7367e-05
82	0.97699	0.019161	0.0037742	7.3985e-05
83	0.97291	0.023245	0.0037568	8.9705e-05
84	0.97075	0.025407	0.0037469	9.7984e-05
85	0.9707	0.025458	0.003745	9.8128e-05
86	0.96684	0.029317	0.0037285	0.00011295
87	0.96548	0.030679	0.0037216	0.00011816
88	0.96595	0.030211	0.0037218	0.00011629
89	0.96871	0.027451	0.0037308	0.00010561
90	0.97424	0.021927	0.0037504	8.4326e-05
91	0.9833	0.01287	0.0037835	4.9487e-05
92	0.98668	0.0094896	0.0037949	3.6477e-05
93	0.98761	0.0085568	0.0037967	3.2886e-05
94	0.98649	0.0096838	0.0037907	3.7205e-05
95	0.98661	0.0095676	0.0037895	3.6739e-05
96	0.98827	0.0079054	0.0037942	3.0344e-05
97	0.98791	0.0082659	0.0037912	3.171e-05
98	0.98898	0.0071942	0.0037936	2.7586e-05
99	0.99164	0.0045405	0.0038021	1.7408e-05
100	0.98982	0.006361	0.0037934	2.4378e-05
101	0.98936	0.0068262	0.00379	2.6154e-05
102	0.99019	0.0059952	0.0037915	2.2969e-05
103	0.98935	0.0068353	0.0037866	2.618e-05
104	0.98985	0.0063379	0.0037868	2.4274e-05
105	0.99148	0.0047071	0.0037913	1.803e-05
106	0.99157	0.0046252	0.00379	1.7712e-05
107	0.99012	0.0060755	0.0037828	2.3249e-05
108	0.98978	0.0064116	0.0037798	2.4519e-05
109	0.99077	0.0054322	0.0037819	2.0769e-05
110	0.99291	0.0032928	0.0037884	1.2588e-05
111	0.99353	0.0026712	0.0037892	1.0207e-05
112	0.99322	0.0029825	0.0037863	1.1392e-05
113	0.99379	0.0024189	0.0037869	9.2361e-06
114	0.99528	0.00092899	0.0037909	3.5485e-06
115	0.96579	0.03042	0.0036768	0.00011605
116	0.94559	0.050619	0.0035981	0.00019306
117	0.93211	0.064098	0.0035451	0.00024441
118	0.9227	0.073514	0.0035077	0.00028021
119	0.91741	0.0788	0.003486	0.00030027
120	0.91558	0.08063	0.0034774	0.00030717
121	0.91636	0.079855	0.0034788	0.00030414
122	0.91981	0.076412	0.0034903	0.00029097
123	0.92619	0.070034	0.003513	0.00026664
124	0.92559	0.070628	0.0035093	0.00026879
125	0.92749	0.068738	0.003515	0.0002615
126	0.93201	0.064213	0.0035307	0.0002442
127	0.93015	0.066076	0.0035222	0.00025113
128	0.93128	0.06495	0.003525	0.00024675
129	0.93568	0.060554	0.0035401	0.00022999
130	0.93445	0.061786	0.0035339	0.00023458
131	0.93554	0.060691	0.0035366	0.00023034
132	0.93908	0.057151	0.0035485	0.00021684
133	0.93666	0.059579	0.0035378	0.00022592
134	0.93724	0.059	0.0035385	0.00022364
135	0.94017	0.056073	0.0035481	0.00021247
136	0.9457	0.050541	0.0035676	0.00019144
137	0.95511	0.041134	0.0036016	0.0001558
138	0.96839	0.027857	0.0036503	0.00010555
139	0.96704	0.029205	0.0036437	0.00011059
140	0.96747	0.028777	0.0036439	0.00010891
141	0.96971	0.026539	0.0036509	0.00010039
142	0.97393	0.022322	0.0036654	8.4402e-05
143	0.97414	0.022112	0.0036647	8.354e-05
144	0.97601	0.020245	0.0036703	7.6425e-05
145	0.98011	0.01615	0.0036843	6.0928e-05
146	0.981	0.015261	0.0036862	5.7539e-05
147	0.98341	0.012845	0.0036938	4.8398e-05
148	0.98795	0.0083086	0.0037094	3.1292e-05
149	0.9894	0.0068583	0.0037134	2.5809e-05
150	0.98922	0.0070446	0.0037112	2.6489e-05
151	0.9904	0.0058641	0.0037142	2.2042e-05
152	0.99281	0.0034542	0.0037217	1.298e-05
153	0.99372	0.0025423	0.0037236	9.5529e-06
154	0.99123	0.005038	0.0037128	1.8907e-05
155	0.99014	0.0061296	0.0037072	2.2998e-05
156	0.98661	0.0096626	0.0036924	3.6229e-05
157	0.9846	0.011677	0.0036834	4.3756e-05
158	0.98421	0.012063	0.0036805	4.5188e-05
159	0.98062	0.015655	0.0036656	5.8609e-05
160	0.97911	0.017171	0.0036584	6.4263e-05
161	0.9791	0.017178	0.0036569	6.4268e-05
162	0.97571	0.020574	0.0036428	7.6925e-05
163	0.96601	0.030271	0.0036052	0.00011308
164	0.96014	0.036142	0.0035819	0.00013494
165	0.95728	0.039007	0.0035697	0.00014559
166	0.94818	0.048102	0.0035343	0.00017949
167	0.94217	0.054121	0.0035105	0.00020187
168	0.93937	0.056919	0.0034986	0.00021224
169	0.93888	0.057407	0.0034954	0.00021398
170	0.94137	0.054926	0.0035032	0.00020467
171	0.92554	0.070758	0.0034428	0.00026361
172	0.9143	0.082	0.0033995	0.00030538
173	0.90785	0.088451	0.0033741	0.0003293
174	0.90529	0.091013	0.0033632	0.00033875
175	0.90543	0.090871	0.0033623	0.00033813
176	0.8983	0.098005	0.0033344	0.00036457
177	0.89435	0.10196	0.0033183	0.00037914
178	0.89328	0.10302	0.003313	0.00038296
179	0.89502	0.10128	0.0033181	0.00037636
180	0.89974	0.096563	0.0033343	0.00035869
181	0.90894	0.087366	0.0033671	0.00032444
182	0.9239	0.072405	0.0034212	0.00026889
183	0.9445	0.051814	0.0034961	0.00019248
184	0.9528	0.043517	0.0035255	0.00016169
185	0.95441	0.041904	0.00353	0.00015567
186	0.95085	0.045461	0.0035154	0.00016881
187	0.93999	0.056324	0.0034737	0.00020903
188	0.93266	0.063659	0.0034452	0.00023613
189	0.92892	0.0674	0.0034299	0.00024992
190	0.92773	0.068596	0.0034241	0.00025428
191	0.92956	0.066761	0.0034295	0.00024743
192	0.934	0.062324	0.0034445	0.00023097
193	0.88644	0.10989	0.0032671	0.00040695
194	0.85366	0.14267	0.0031444	0.00052816
195	0.83149	0.16484	0.003061	0.00061007
196	0.77964	0.21669	0.0028678	0.00080185
197	0.74096	0.25537	0.0027235	0.00094464
198	0.71243	0.28391	0.002617	0.0010498
199	0.6918	0.30454	0.0025397	0.0011255
200	0.67894	0.3174	0.0024911	0.0011727
201	0.67094	0.3254	0.0024606	0.0012018
202	0.64339	0.35295	0.002358	0.0013029
203	0.62348	0.37287	0.0022837	0.0013758
204	0.60977	0.38657	0.0022324	0.0014257
205	0.60113	0.39521	0.0021997	0.0014569
206	0.59696	0.39939	0.0021835	0.0014717
207	0.59828	0.39807	0.0021875	0.0014663
208	0.58529	0.41106	0.0021389	0.0015135
209	0.57727	0.41908	0.0021087	0.0015423
210	0.5473	0.44905	0.0019981	0.0016515
211	0.52559	0.47076	0.0019179	0.0017303
212	0.51043	0.48593	0.0018618	0.0017851
213	0.50063	0.49573	0.0018253	0.0018202
214	0.46868	0.52768	0.001708	0.0019361
215	0.39368	0.60267	0.0014336	0.0022092
216	0.33716	0.6592	0.001227	0.0024145
217	0.29468	0.70168	0.0010718	0.0025684
218	0.26599	0.73037	0.00096679	0.002672
219	0.24475	0.75161	0.00088912	0.0027483
220	0.22935	0.76701	0.0008328	0.0028033
221	0.18465	0.81172	0.00067005	0.0029647
222	0.1541	0.84227	0.00055876	0.0030746
223	0.13119	0.86518	0.00047537	0.0031567
224	0.11588	0.88049	0.0004196	0.0032111
225	0.10473	0.89164	0.000379	0.0032504
226	0.096867	0.8995	0.00035038	0.0032777
227	0.092433	0.90394	0.00033418	0.0032926
228	0.091004	0.90537	0.00032888	0.0032965
229	0.092382	0.90399	0.00033373	0.0032904
230	0.095835	0.90054	0.00034611	0.0032766
231	0.10167	0.89471	0.00036714	0.0032543
232	0.11134	0.88504	0.00040199	0.0032181
233	0.12469	0.87169	0.00045019	0.0031686
234	0.14284	0.85355	0.00051575	0.0031017
235	0.14665	0.84973	0.0005294	0.0030867
236	0.15461	0.84178	0.00055799	0.0030568
237	0.16621	0.83018	0.00059977	0.0030137
238	0.14878	0.84761	0.00053654	0.0030756
239	0.13604	0.86035	0.00049036	0.0031205
240	0.1281	0.86829	0.00046147	0.0031481
241	0.1241	0.87229	0.00044686	0.0031614
242	0.12255	0.87384	0.00044109	0.0031659
243	0.12336	0.87303	0.00044388	0.0031618
244	0.12661	0.86979	0.00045547	0.0031489
245	0.13344	0.86296	0.00047995	0.0031231
246	0.14353	0.85287	0.00051621	0.0030856
247	0.15912	0.83728	0.00057225	0.0030282
248	0.1802	0.8162	0.00064808	0.0029511
249	0.2085	0.7879	0.00074996	0.0028479
250	0.2494	0.74701	0.0008971	0.0026995
251	0.30342	0.69299	0.0010915	0.0025038
252	0.37498	0.62143	0.0013492	0.0022448
253	0.40534	0.59106	0.0014581	0.0021346
254	0.44606	0.55035	0.0016043	0.0019872
255	0.5002	0.49621	0.0017989	0.0017913
256	0.51973	0.47668	0.0018686	0.0017203
257	0.54678	0.44963	0.0019654	0.0016223
258	0.58339	0.41302	0.0020966	0.0014898
259	0.63257	0.36384	0.0022731	0.001312
260	0.69817	0.29824	0.0025088	0.0010751
261	0.79392	0.2025	0.0028528	0.00072988
262	0.83239	0.16403	0.0029904	0.00059104
263	0.8473	0.14912	0.003043	0.00053716
264	0.87052	0.1259	0.0031254	0.00045347
265	0.90195	0.094472	0.0032374	0.00034026
266	0.9151	0.081328	0.0032835	0.00029291
267	0.9335	0.062926	0.0033485	0.00022666
268	0.93962	0.056808	0.0033693	0.00020458
269	0.93938	0.057045	0.0033673	0.00020533
270	0.94146	0.054973	0.0033737	0.00019779
271	0.94596	0.050467	0.0033888	0.0001815
272	0.95329	0.043143	0.003414	0.00015507
273	0.96518	0.031252	0.0034556	0.00011228
274	0.96929	0.027146	0.0034692	9.7465e-05
275	0.97641	0.020025	0.0034936	7.1856e-05
276	0.98745	0.008983	0.003532	3.2216e-05
277	0.99192	0.004518	0.0035468	1.6199e-05
278	0.99123	0.0052115	0.0035431	1.8674e-05
279	0.99156	0.0048804	0.0035431	1.7478e-05
280	0.99058	0.0058558	0.0035384	2.096e-05
281	0.99067	0.0057722	0.0035375	2.0652e-05
282	0.98904	0.0074003	0.0035305	2.6456e-05
283	0.98859	0.0078513	0.0035277	2.8048e-05
284	0.98616	0.010288	0.0035178	3.6729e-05
285	0.98511	0.011339	0.0035128	4.0458e-05
286	0.98098	0.015464	0.003497	5.5145e-05
287	0.97897	0.017482	0.0034886	6.2325e-05
288	0.9788	0.017653	0.0034867	6.2919e-05
289	0.98046	0.015996	0.0034914	5.7014e-05
290	0.98377	0.01268	0.003502	4.5198e-05
291	0.98898	0.0074714	0.0035194	2.6642e-05
292	0.98194	0.014515	0.003493	5.1747e-05
293	0.97767	0.018789	0.0034766	6.6981e-05
294	0.97524	0.021219	0.0034667	7.5627e-05
295	0.96739	0.029073	0.0034376	0.00010356
296	0.96218	0.034283	0.0034179	0.00012206
297	0.95924	0.037218	0.0034063	0.00013245
298	0.95888	0.037583	0.0034038	0.00013371
299	0.96049	0.035974	0.0034084	0.00012794
300	0.96417	0.032292	0.0034204	0.00011481
301	0.95397	0.042496	0.0033831	0.00015095
302	0.94774	0.048728	0.0033598	0.000173
303	0.9441	0.052371	0.0033458	0.00018583
304	0.94342	0.05305	0.0033423	0.00018817
305	0.94495	0.051525	0.0033467	0.00018268
306	0.94954	0.046932	0.0033618	0.00016634
307	0.94841	0.048067	0.0033567	0.00017031
308	0.94942	0.047051	0.0033592	0.00016664
309	0.95321	0.043264	0.0033714	0.00015319
310	0.95958	0.0369	0.0033929	0.00013061
311	0.96897	0.027508	0.003425	9.7313e-05
312	0.98351	0.012966	0.0034753	4.5845e-05
313	0.98423	0.012249	0.0034767	4.3294e-05
314	0.98665	0.0098283	0.003484	3.4733e-05
315	0.99069	0.0057963	0.0034971	2.048e-05
316	0.99203	0.0044528	0.0035007	1.5725e-05
317	0.99199	0.0044938	0.0034994	1.5863e-05
318	0.99044	0.0060424	0.0034928	2.1315e-05
319	0.98647	0.01002	0.0034776	3.5332e-05
320	0.9841	0.012392	0.0034681	4.3672e-05
321	0.98348	0.013005	0.0034648	4.5818e-05
322	0.98421	0.012278	0.0034662	4.3236e-05
323	0.98257	0.013924	0.0034592	4.9013e-05
324	0.98234	0.01415	0.0034573	4.9781e-05
325	0.9838	0.012694	0.0034613	4.4639e-05
326	0.98712	0.0093707	0.0034718	3.2941e-05
327	0.99284	0.0036547	0.0034907	1.285e-05
328	0.98998	0.0065171	0.0034795	2.2909e-05
329	0.98843	0.0080656	0.0034729	2.8339e-05
330	0.98809	0.0084061	0.0034705	2.9517e-05
331	0.98915	0.0073517	0.0034731	2.5801e-05
332	0.99173	0.0047681	0.003481	1.6725e-05
333	0.99626	0.00024771	0.0034956	8.6863e-07
334	0.99554	0.0009614	0.003492	3.3697e-06
335	0.99561	0.00089574	0.003491	3.1383e-06
336	0.99648	2.4153e-05	0.0034929	8.46e-08
337	0.99633	0.00017591	0.0034912	6.1695e-07
338	0.99234	0.0041672	0.003476	1.4603e-05
339	0.99012	0.0063865	0.003467	2.2378e-05
340	0.98913	0.0073853	0.0034623	2.5868e-05
341	0.98951	0.0070066	0.0034624	2.4539e-05
342	0.99105	0.0054636	0.0034667	1.9132e-05
343	0.98773	0.0087867	0.0034538	3.0762e-05
344	0.98587	0.01065	0.0034461	3.7271e-05
345	0.98557	0.010945	0.0034439	3.8298e-05
346	0.98251	0.014007	0.003432	4.9004e-05
347	0.98103	0.015493	0.0034256	5.4191e-05
348	0.981	0.015522	0.0034244	5.4275e-05
349	0.98243	0.014095	0.0034282	4.9268e-05
350	0.98585	0.010674	0.003439	3.731e-05
351	0.99117	0.0053549	0.0034564	1.8728e-05
352	0.98587	0.010652	0.0034367	3.7207e-05
353	0.98247	0.014056	0.0034237	4.9065e-05
354	0.98106	0.01547	0.0034176	5.3984e-05
355	0.9811	0.015431	0.0034166	5.3828e-05
356	0.98258	0.013952	0.0034207	4.8649e-05
357	0.98561	0.010922	0.0034301	3.806e-05
358	0.99089	0.0056472	0.0034474	1.967e-05
359	0.99284	0.0036931	0.0034531	1.2862e-05
360	0.99327	0.0032645	0.0034534	1.1363e-05
361	0.99268	0.0038608	0.0034502	1.3433e-05
362	0.99302	0.0035224	0.0034502	1.2249e-05
363	0.99215	0.004389	0.0034461	1.525e-05
364	0.99245	0.0040894	0.003446	1.4202e-05
365	0.98696	0.0095764	0.0034259	3.3227e-05
366	0.98374	0.0128	0.0034136	4.4397e-05
367	0.98243	0.01411	0.0034079	4.893e-05
368	0.98253	0.014014	0.0034071	4.8575e-05
369	0.98439	0.012152	0.0034124	4.211e-05
370	0.98828	0.0082662	0.0034247	2.8642e-05
371	0.98936	0.0071927	0.0034273	2.4915e-05
372	0.98866	0.0078882	0.0034238	2.732e-05
373	0.98911	0.0074391	0.0034242	2.5756e-05
374	0.99098	0.0055717	0.0034295	1.929e-05
375	0.99419	0.0023586	0.0034395	8.1652e-06
376	0.99554	0.0010174	0.003443	3.5201e-06
377	0.99612	0.00043087	0.0034439	1.4907e-06
378	0.99646	9.6193e-05	0.0034439	3.3246e-07
379	0.9965	6.043e-05	0.0034429	2.0883e-07
380	0.99565	0.00090926	0.0034388	3.1431e-06
381	0.99552	0.0010411	0.0034372	3.5974e-06
382	0.99498	0.0015801	0.0034342	5.4596e-06
383	0.99363	0.0029358	0.0034284	1.0146e-05
384	0.9902	0.0063599	0.0034154	2.1969e-05
385	0.98844	0.0081207	0.0034082	2.8049e-05
386	0.98791	0.008651	0.0034052	2.9874e-05
387	0.98857	0.0079922	0.0034064	2.7593e-05
388	0.99047	0.0060927	0.0034118	2.1031e-05
389	0.99375	0.0028205	0.003422	9.7355e-06
390	0.99504	0.0015297	0.0034253	5.2772e-06
391	0.99049	0.0060834	0.0034085	2.0957e-05
392	0.98758	0.0089958	0.0033974	3.0968e-05
393	0.98632	0.01025	0.003392	3.5274e-05
394	0.98634	0.010232	0.003391	3.5199e-05
395	0.98788	0.0086968	0.0033952	2.9912e-05
396	0.99081	0.0057691	0.0034041	1.9836e-05
397	0.99178	0.0047942	0.0034064	1.6481e-05
398	0.9913	0.0052802	0.0034036	1.8144e-05
399	0.99183	0.0047492	0.0034044	1.6309e-05
400	0.99092	0.0056608	0.0034001	1.9431e-05
401	0.99107	0.0055164	0.0033996	1.8923e-05
402	0.99251	0.0040764	0.0034034	1.3977e-05
403	0.99544	0.0011397	0.0034124	3.9077e-06
404	0.99544	0.0011474	0.0034112	3.9321e-06
405	0.995	0.0015894	0.0034086	5.4463e-06
406	0.99385	0.0027402	0.0034036	9.3906e-06
407	0.9936	0.002987	0.0034016	1.0234e-05
408	0.99423	0.0023565	0.0034027	8.0696e-06
409	0.9941	0.0024864	0.0034011	8.5125e-06
410	0.99293	0.0036576	0.003396	1.2514e-05
411	0.99273	0.0038652	0.0033943	1.3215e-05
412	0.99128	0.0053158	0.0033882	1.8167e-05
413	0.99111	0.0054826	0.0033865	1.8732e-05
414	0.99221	0.0043889	0.0033892	1.4996e-05
415	0.99443	0.0021647	0.0033957	7.3971e-06
416	0.99528	0.0013222	0.0033975	4.517e-06
417	0.99554	0.0010565	0.0033973	3.6103e-06
418	0.98774	0.008863	0.0033695	3.0265e-05
419	0.9828	0.013803	0.0033516	4.7127e-05
420	0.97974	0.016859	0.00334	5.7541e-05
421	0.97085	0.02575	0.0033087	8.7834e-05
422	0.96478	0.031828	0.0032869	0.0001085
423	0.96105	0.035553	0.0032732	0.00012113
424	0.95986	0.036747	0.0032682	0.00012515
425	0.96104	0.035563	0.0032712	0.00012108
426	0.96487	0.03174	0.0032831	0.00010804
427	0.9711	0.025512	0.0033033	8.6809e-05
428	0.98102	0.015594	0.0033359	5.3062e-05
429	0.99478	0.0018364	0.0033816	6.255e-06
430	0.99298	0.0036333	0.0033745	1.2366e-05
431	0.98853	0.0080795	0.0033583	2.7474e-05
432	0.98576	0.010859	0.0033478	3.6903e-05
433	0.98441	0.012205	0.0033422	4.1451e-05
434	0.98466	0.011957	0.0033421	4.0593e-05
435	0.98653	0.010084	0.0033474	3.4224e-05
436	0.98109	0.015527	0.0033279	5.2666e-05
437	0.97805	0.018574	0.0033165	6.2983e-05
438	0.97708	0.019544	0.0033122	6.6261e-05
439	0.97766	0.018958	0.0033131	6.4251e-05
440	0.9802	0.01642	0.0033207	5.5638e-05
441	0.98502	0.011606	0.0033359	3.9335e-05
442	0.98266	0.013969	0.0033269	4.7333e-05
443	0.98178	0.014846	0.0033228	5.0287e-05
444	0.98231	0.014321	0.0033236	4.8488e-05
445	0.98467	0.011964	0.0033305	4.0497e-05
446	0.9887	0.0079267	0.0033432	2.6819e-05
447	0.99536	0.0012737	0.0033646	4.3121e-06
448	0.99239	0.0042471	0.0033535	1.4376e-05
449	0.99088	0.0057492	0.0033474	1.9463e-05
450	0.99048	0.0061568	0.0033449	2.0842e-05
451	0.98804	0.0085918	0.0033357	2.9071e-05
452	0.98693	0.0097102	0.0033308	3.2842e-05
453	0.98705	0.0095844	0.0033303	3.2404e-05
454	0.98842	0.0082179	0.0033339	2.7773e-05
455	0.99113	0.0055072	0.003342	1.86e-05
456	0.99586	0.00077876	0.003357	2.6298e-06
457	0.98558	0.011062	0.0033213	3.7271e-05
458	0.97826	0.018385	0.0032957	6.1907e-05
459	0.97337	0.023276	0.0032783	7.8329e-05
460	0.96128	0.035367	0.0032366	0.00011897
461	0.95356	0.043081	0.0032097	0.00014487
462	0.94937	0.047275	0.0031946	0.00015894
463	0.79726	0.19939	0.0026819	0.0006707
464	0.69086	0.30579	0.002323	0.0010286
465	0.61062	0.38602	0.0020525	0.001298
466	0.55579	0.44086	0.0018675	0.001482
467	0.51483	0.48182	0.0017293	0.0016192
468	0.48753	0.50912	0.001637	0.0017104
469	0.47008	0.52657	0.0015778	0.0017685
470	0.45827	0.53839	0.0015377	0.0018077
471	0.45248	0.54417	0.0015177	0.0018266
472	0.45199	0.54466	0.0015155	0.0018277
473	0.43615	0.56051	0.0014619	0.0018804
474	0.42571	0.57095	0.0014264	0.0019148
475	0.42102	0.57564	0.0014102	0.00193
476	0.34044	0.65622	0.0011395	0.0021997
477	0.2796	0.71706	0.0009352	0.0024029
478	0.23723	0.75943	0.00079291	0.0025441
479	0.20529	0.79137	0.00068569	0.0026503
480	0.18135	0.81532	0.00060536	0.0027296
481	0.16368	0.83299	0.0005461	0.0027878
482	0.1509	0.84577	0.00050324	0.0028297
483	0.142	0.85466	0.00047342	0.0028585
484	0.13625	0.86042	0.00045411	0.0028768
485	0.13421	0.86246	0.00044719	0.0028827
486	0.11946	0.87721	0.00039793	0.0029309
487	0.10984	0.88683	0.00036575	0.0029621
488	0.1043	0.89237	0.00034717	0.0029796
489	0.1012	0.89548	0.00033673	0.0029891
490	0.08796	0.90872	0.00029252	0.0030322
491	0.07823	0.91845	0.00026005	0.0030637
492	0.071315	0.92536	0.00023698	0.0030858
493	0.067333	0.92934	0.00022366	0.0030981
494	0.065904	0.93078	0.00021883	0.0031019
495	0.066827	0.92985	0.00022181	0.0030979
496	0.060071	0.93661	0.00019927	0.0031194
497	0.056191	0.94049	0.00018628	0.0031313
498	0.053962	0.94272	0.0001788	0.0031378
499	0.053755	0.94293	0.00017803	0.0031375
500	0.055543	0.94114	0.00018386	0.0031307
501	0.058957	0.93773	0.00019509	0.0031184
502	0.064959	0.93173	0.00021486	0.0030976
503	0.073373	0.92332	0.00024263	0.0030688
504	0.086007	0.91068	0.00028431	0.0030261
505	0.10296	0.89373	0.00034029	0.0029691
506	0.12557	0.87112	0.00041496	0.0028934
507	0.13228	0.86442	0.00043701	0.0028703
508	0.12938	0.86731	0.00042727	0.002879
509	0.12971	0.86698	0.00042821	0.0028771
510	0.13247	0.86422	0.00043718	0.0028671
511	0.13787	0.85883	0.00045489	0.0028484
512	0.14636	0.85033	0.00048286	0.0028194
513	0.16019	0.83651	0.00052842	0.0027728
514	0.17906	0.81764	0.00059065	0.0027096
515	0.2044	0.7923	0.00067427	0.002625
516	0.2418	0.7549	0.00079764	0.0025006
517	0.23829	0.75841	0.00078581	0.0025114
518	0.23905	0.75765	0.00078806	0.0025082
519	0.2444	0.7523	0.00080545	0.0024898
520	0.21139	0.78532	0.00069628	0.0025979
521	0.18876	0.80794	0.00062141	0.0026718
522	0.17207	0.82464	0.00056618	0.002726
523	0.16004	0.83667	0.00052639	0.0027648
524	0.15176	0.84495	0.000499	0.0027912
525	0.14665	0.85006	0.0004821	0.0028072
526	0.12902	0.86769	0.00042395	0.0028643
527	0.11755	0.87917	0.00038607	0.0029012
528	0.10951	0.8872	0.00035955	0.0029267
529	0.084769	0.91195	0.00027817	0.0030071
530	0.065984	0.93073	0.00021643	0.0030679
531	0.052968	0.94375	0.00017364	0.0031097
532	0.043202	0.95352	0.00014156	0.0031408
533	0.036609	0.96011	0.00011989	0.0031615
534	0.031782	0.96494	0.00010404	0.0031763
535	0.028934	0.96779	9.4674e-05	0.0031847
536	0.027168	0.96955	8.8867e-05	0.0031895
537	0.02635	0.97037	8.6177e-05	0.0031913
538	0.026419	0.9703	8.64e-05	0.0031901
539	0.027379	0.96935	8.955e-05	0.0031859
540	0.029327	0.9674	9.5945e-05	0.0031786
541	0.025937	0.97079	8.4855e-05	0.0031887
542	0.024125	0.9726	7.8923e-05	0.0031937
543	0.023563	0.97317	7.7075e-05	0.0031946
544	0.018206	0.97852	5.9522e-05	0.0032111
545	0.014132	0.9826	4.6181e-05	0.0032235
546	0.011021	0.98571	3.6003e-05	0.0032327
547	0.0086282	0.9881	2.8185e-05	0.0032396
548	0.007057	0.98968	2.3047e-05	0.0032438
549	0.0060878	0.99065	1.9873e-05	0.003246
550	0.0053683	0.99137	1.7519e-05	0.0032473
551	0.0048422	0.99189	1.58e-05	0.0032481
552	0.0046591	0.99208	1.5197e-05	0.0032477
553	0.0045959	0.99214	1.4987e-05	0.003247
554	0.0046566	0.99208	1.5183e-05	0.0032458
555	0.0048461	0.99189	1.5801e-05	0.0032443
556	0.0051793	0.99156	1.6889e-05	0.0032422
557	0.0056821	0.99106	1.8533e-05	0.0032396
558	0.0063939	0.99035	2.0863e-05	0.0032364
559	0.007359	0.98938	2.4022e-05	0.0032323
560	0.0089445	0.9878	2.9202e-05	0.0032261
561	0.011308	0.98544	3.6916e-05	0.0032175
562	0.014752	0.98199	4.8143e-05	0.0032053
563	0.019222	0.97753	6.2725e-05	0.0031898
564	0.025799	0.97095	8.4157e-05	0.0031674
565	0.020436	0.97631	6.6656e-05	0.0031839
566	0.016818	0.97993	5.4843e-05	0.0031948
567	0.014146	0.98261	4.6128e-05	0.0032026
568	0.012502	0.98425	4.0763e-05	0.003207
569	0.011733	0.98502	3.8246e-05	0.0032085
570	0.011731	0.98502	3.8224e-05	0.0032076
571	0.012497	0.98426	4.0695e-05	0.0032042
572	0.0096666	0.98709	3.1467e-05	0.0032124
573	0.0077324	0.98902	2.5156e-05	0.0032178
574	0.0062307	0.99053	2.0263e-05	0.0032217
575	0.0052336	0.99153	1.7009e-05	0.003224
576	0.0044374	0.99232	1.4414e-05	0.0032256
577	0.0039758	0.99279	1.2905e-05	0.0032262
578	0.0036113	0.99315	1.1715e-05	0.0032264
579	0.0033154	0.99345	1.0751e-05	0.0032264
580	0.0032229	0.99354	1.0444e-05	0.0032257
581	0.0031636	0.9936	1.0246e-05	0.003225
582	0.0031255	0.99364	1.0119e-05	0.0032241
583	0.0031131	0.99365	1.0077e-05	0.0032232
584	0.0032811	0.99349	1.0615e-05	0.0032217
585	0.0034813	0.99329	1.1258e-05	0.0032201
586	0.0037287	0.99304	1.2056e-05	0.0032184
587	0.0040424	0.99273	1.3069e-05	0.0032164
588	0.0046414	0.99213	1.5e-05	0.0032135
589	0.0053976	0.99137	1.744e-05	0.0032101
590	0.0063593	0.99041	2.0547e-05	0.0032061
591	0.0075996	0.98917	2.4557e-05	0.0032011
592	0.0092125	0.98756	2.9774e-05	0.003195
593	0.011623	0.98515	3.7564e-05	0.0031863
594	0.015221	0.98156	4.9177e-05	0.0031737
595	0.019893	0.97688	6.4263e-05	0.0031577
596	0.025993	0.97079	8.3969e-05	0.003137
597	0.034025	0.96275	0.00010993	0.0031102
598	0.045572	0.95121	0.00014722	0.0030719
599	0.048951	0.94783	0.00015808	0.0030601
600	0.046639	0.95014	0.00015057	0.0030667
601	0.046302	0.95048	0.00014942	0.0030669
602	0.039579	0.95721	0.00012765	0.0030877
603	0.034684	0.9621	0.0001118	0.0031026
604	0.031844	0.96494	0.00010259	0.0031109
605	0.030663	0.96612	9.8716e-05	0.0031138
606	0.030502	0.96629	9.8141e-05	0.0031134
607	0.031747	0.96504	0.00010208	0.0031085
608	0.034082	0.96271	0.00010954	0.0031001
609	0.037714	0.95908	0.00012116	0.0030875
610	0.042927	0.95387	0.00013788	0.0030698
611	0.042422	0.95437	0.00013619	0.0030705
612	0.043148	0.95365	0.00013847	0.0030673
613	0.045684	0.95111	0.00014655	0.0030583
614	0.049735	0.94706	0.0001595	0.0030444
615	0.055607	0.94119	0.0001783	0.0030246
616	0.043512	0.95329	0.00013946	0.0030625
617	0.03439	0.96241	0.00011019	0.0030909
618	0.028294	0.96851	9.0616e-05	0.0031095
619	0.023786	0.97302	7.6154e-05	0.003123
620	0.020918	0.97588	6.6946e-05	0.0031313
621	0.019326	0.97748	6.1822e-05	0.0031354
622	0.018477	0.97833	5.9084e-05	0.0031372
623	0.018323	0.97848	5.858e-05	0.0031368
624	0.019163	0.97764	6.1249e-05	0.0031332
625	0.021103	0.9757	6.7427e-05	0.0031261
626	0.023957	0.97285	7.6533e-05	0.003116
627	0.027943	0.96887	8.9258e-05	0.0031023
628	0.034114	0.9627	0.00010895	0.0030817
629	0.042364	0.95445	0.00013529	0.0030544
630	0.05434	0.94247	0.0001735	0.0030153
631	0.071566	0.92525	0.00022842	0.0029594
632	0.076643	0.92017	0.00024455	0.0029423
633	0.084141	0.91267	0.00026842	0.0029175
634	0.083194	0.91362	0.00026532	0.0029196
635	0.084785	0.91203	0.00027032	0.0029137
636	0.089117	0.9077	0.00028405	0.002899
637	0.096934	0.89988	0.00030885	0.0028733
638	0.10789	0.88892	0.00034369	0.0028375
639	0.12291	0.87391	0.00039144	0.0027888
640	0.14534	0.85148	0.00046278	0.0027165
641	0.1751	0.82172	0.00055745	0.0026209
642	0.21462	0.7822	0.00068323	0.0024941
643	0.22773	0.76909	0.00072484	0.0024516
644	0.24791	0.74891	0.00078891	0.0023866
645	0.27827	0.71855	0.0008853	0.0022892
646	0.32305	0.67377	0.0010275	0.0021461
647	0.38229	0.61454	0.0012156	0.001957
648	0.46861	0.52822	0.0014896	0.0016821
649	0.47474	0.52209	0.0015086	0.0016621
650	0.487	0.50983	0.0015471	0.0016227
651	0.505	0.49183	0.0016038	0.001565
652	0.53025	0.46659	0.0016836	0.0014843
653	0.56767	0.42916	0.001802	0.001365
654	0.61768	0.37916	0.0019603	0.0012057
655	0.63611	0.36073	0.0020183	0.0011467
656	0.66424	0.33259	0.0021071	0.001057
657	0.70227	0.29457	0.0022272	0.00093593
658	0.75844	0.2384	0.0024049	0.00075736
659	0.83322	0.16362	0.0026416	0.00051972
660	0.93203	0.064807	0.0029546	0.00020576
661	0.9327	0.064139	0.0029559	0.00020355
662	0.93644	0.060406	0.0029669	0.00019163
663	0.94371	0.053133	0.0029891	0.0001685
664	0.95441	0.042432	0.0030221	0.0001345
665	0.97097	0.02587	0.0030737	8.1962e-05
666	0.97797	0.018873	0.003095	5.9776e-05
667	0.98794	0.0089057	0.0031256	2.8182e-05
668	0.98818	0.0086632	0.0031255	2.7401e-05
669	0.98622	0.010626	0.0031183	3.3585e-05
670	0.98584	0.011011	0.0031162	3.4782e-05
671	0.98699	0.0098648	0.0031189	3.115e-05
672	0.98987	0.0069778	0.003127	2.2025e-05
673	0.99063	0.006217	0.0031285	1.9621e-05
674	0.98991	0.0069385	0.0031252	2.19e-05
675	0.99031	0.0065468	0.0031255	2.0659e-05
676	0.9921	0.0047517	0.0031301	1.4997e-05
677	0.99227	0.0045854	0.0031297	1.447e-05
678	0.99095	0.0059084	0.0031246	1.8638e-05
679	0.99093	0.005923	0.0031235	1.8681e-05
680	0.99199	0.0048708	0.0031259	1.5358e-05
681	0.99448	0.0023838	0.0031328	7.5212e-06
682	0.99364	0.0032203	0.0031292	1.0158e-05
683	0.99372	0.0031466	0.0031284	9.9224e-06
684	0.99471	0.0021569	0.0031306	6.8e-06
685	0.99266	0.0042035	0.0031232	1.3236e-05
686	0.98795	0.0089106	0.0031075	2.8045e-05
687	0.98536	0.0115	0.0030984	3.6192e-05
688	0.9842	0.012663	0.0030938	3.9839e-05
689	0.97994	0.016926	0.0030794	5.3236e-05
690	0.97751	0.019361	0.0030708	6.0876e-05
691	0.97671	0.020161	0.0030674	6.3364e-05
692	0.97787	0.018996	0.0030701	5.9685e-05
693	0.98069	0.016182	0.0030781	5.0826e-05
694	0.98585	0.011023	0.0030933	3.4615e-05
695	0.99335	0.0035241	0.0031159	1.1059e-05
696	0.99682	5.5048e-05	0.0031259	1.7281e-07
697	0.99683	4.1276e-05	0.003125	1.295e-07
698	0.99616	0.00071301	0.0031219	2.2376e-06
699	0.99492	0.001956	0.0031171	6.1407e-06
700	0.99199	0.0048833	0.0031069	1.5323e-05
701	0.98541	0.011468	0.0030853	3.5985e-05
702	0.9815	0.015377	0.0030721	4.8251e-05
703	0.97931	0.01757	0.0030643	5.5121e-05
704	0.97867	0.018212	0.0030613	5.7125e-05
705	0.97953	0.017353	0.0030631	5.4421e-05
706	0.98198	0.014908	0.0030698	4.6747e-05
707	0.98618	0.010708	0.003082	3.3579e-05
708	0.99245	0.004436	0.0031008	1.3921e-05
709	0.95375	0.043136	0.0029788	0.00013496
710	0.92709	0.069797	0.0028946	0.00021832
711	0.90751	0.089377	0.0028325	0.00027945
712	0.8947	0.10219	0.0027916	0.00031942
713	0.8861	0.11079	0.002764	0.00034621
714	0.88183	0.11506	0.0027498	0.00035947
715	0.8815	0.11539	0.0027479	0.00036042
716	0.88411	0.11278	0.0027552	0.00035221
717	0.87832	0.11857	0.0027363	0.00037019
718	0.87571	0.12118	0.0027274	0.00037822
719	0.87687	0.12003	0.0027302	0.00037452
720	0.88211	0.11478	0.0027457	0.00035809
721	0.89096	0.10594	0.0027724	0.00033045
722	0.90409	0.092809	0.0028125	0.00028946
723	0.92254	0.074361	0.0028692	0.00023189
724	0.92965	0.067249	0.0028905	0.00020968
725	0.94029	0.056614	0.0029228	0.0001765
726	0.95525	0.041649	0.0029686	0.00012983
727	0.96051	0.03639	0.0029841	0.0001134
728	0.96933	0.027574	0.0030107	8.5917e-05
729	0.98172	0.01518	0.0030485	4.7295e-05
730	0.98155	0.015353	0.0030471	4.7804e-05
731	0.97848	0.018428	0.0030367	5.7333e-05
732	0.97709	0.019818	0.0030316	6.1619e-05
733	0.97728	0.019633	0.0030313	6.1005e-05
734	0.97947	0.017442	0.0030373	5.4173e-05
735	0.98345	0.013459	0.0030488	4.1773e-05
736	0.98447	0.01244	0.0030512	3.8587e-05
737	0.98733	0.0095851	0.0030591	2.9718e-05
738	0.99242	0.0044962	0.003074	1.3936e-05
739	0.98829	0.008625	0.0030604	2.671e-05
740	0.98606	0.010849	0.0030526	3.3587e-05
741	0.98552	0.011399	0.00305	3.5284e-05
742	0.98243	0.014489	0.0030396	4.4846e-05
743	0.98093	0.015988	0.0030341	4.9473e-05
744	0.97531	0.021605	0.0030158	6.6826e-05
745	0.96206	0.034862	0.0029739	0.0001078
746	0.95365	0.043264	0.0029471	0.00013376
747	0.94819	0.048729	0.0029293	0.00015061
748	0.94588	0.051038	0.0029213	0.00015771
749	0.9458	0.051118	0.0029202	0.00015791
750	0.94859	0.048334	0.002928	0.00014928
751	0.95381	0.04311	0.0029432	0.00013312
752	0.9627	0.034226	0.0029698	0.00010567
753	0.97525	0.021677	0.0030076	6.6926e-05
754	0.99249	0.0044346	0.00306	1.3693e-05
755	0.99165	0.0052727	0.0030565	1.6277e-05
756	0.99184	0.0050873	0.0030562	1.57e-05
757	0.99049	0.0064398	0.0030511	1.986e-05
758	0.99025	0.0066801	0.0030495	2.0587e-05
759	0.99135	0.0055808	0.003052	1.7193e-05
760	0.99394	0.0029882	0.0030591	9.2072e-06
761	0.99488	0.0020534	0.0030611	6.3257e-06
762	0.99679	0.00014411	0.0030662	4.436e-07
763	0.99591	0.0010242	0.0030626	3.1502e-06
764	0.99584	0.0010946	0.0030615	3.367e-06
765	0.99648	0.00045165	0.0030626	1.3896e-06
766	0.99602	0.0009208	0.0030602	2.831e-06
767	0.9919	0.0050404	0.0030467	1.5495e-05
768	0.9893	0.0076355	0.0030379	2.3461e-05
769	0.9883	0.0086391	0.0030339	2.6541e-05
770	0.98848	0.0084579	0.0030336	2.5976e-05
771	0.99011	0.0068362	0.0030377	2.0996e-05
772	0.99002	0.0069175	0.0030365	2.1247e-05
773	0.99106	0.0058865	0.0030388	1.8083e-05
774	0.99329	0.0036518	0.0030448	1.1224e-05
775	0.99178	0.0051641	0.0030393	1.587e-05
776	0.99134	0.0056077	0.003037	1.7233e-05
777	0.99193	0.0050162	0.003038	1.5418e-05
778	0.99099	0.0059568	0.0030343	1.8301e-05
779	0.98791	0.0090376	0.0030239	2.7756e-05
780	0.98626	0.010691	0.003018	3.2826e-05
781	0.98145	0.015496	0.0030024	4.7564e-05
782	0.97852	0.018429	0.0029926	5.6552e-05
783	0.97764	0.019307	0.002989	5.9245e-05
784	0.95915	0.037799	0.0029315	0.00011592
785	0.94705	0.049906	0.0028935	0.00015302
786	0.93868	0.058279	0.002867	0.00017864
787	0.93338	0.063574	0.00285	0.00019481
788	0.93133	0.065622	0.0028429	0.00020106
789	0.93168	0.065277	0.0028431	0.00019997
790	0.90702	0.089937	0.0027668	0.0002754
791	0.88896	0.108	0.0027108	0.00033058
792	0.87612	0.12084	0.0026708	0.00036972
793	0.86754	0.12942	0.0026439	0.00039583
794	0.86256	0.1344	0.0026279	0.00041092
795	0.86085	0.13611	0.002622	0.00041601
796	0.84977	0.14719	0.0025875	0.00044968
797	0.8188	0.17816	0.0024925	0.00054391
798	0.74154	0.25542	0.0022566	0.00077895
799	0.55036	0.4466	0.0016745	0.0013603
800	0.41639	0.58058	0.0012665	0.0017675
801	0.32412	0.67284	0.00098537	0.0020478
802	0.25405	0.74292	0.00077206	0.0022603
803	0.2051	0.79187	0.00062298	0.0024085
804	0.16801	0.82896	0.00051011	0.0025206
805	0.13997	0.857	0.00042485	0.002605
806	0.12066	0.87631	0.00036613	0.0026629
807	0.10791	0.88906	0.00032728	0.002701
808	0.099918	0.89705	0.00030291	0.0027245
809	0.095577	0.9014	0.0002896	0.002737
810	0.093418	0.90356	0.00028295	0.0027428
811	0.081779	0.9152	0.00024751	0.0027774
812	0.074201	0.92277	0.0002244	0.0027997
813	0.069032	0.92794	0.00020863	0.0028146
814	0.065866	0.93111	0.00019894	0.0028235
815	0.064422	0.93256	0.00019449	0.0028271
816	0.064591	0.93239	0.00019493	0.0028258
817	0.066419	0.93056	0.0002004	0.0028195
818	0.070694	0.92629	0.00021324	0.0028059
819	0.07717	0.91981	0.00023274	0.0027855
820	0.087534	0.90945	0.00026395	0.0027535
821	0.10156	0.89542	0.00030621	0.0027104
822	0.1204	0.87658	0.00036304	0.0026528
823	0.14554	0.85144	0.00043887	0.0025761
824	0.18173	0.81526	0.00054798	0.0024662
825	0.22966	0.76733	0.00069254	0.0023208
826	0.24915	0.74784	0.00075115	0.0022614
827	0.27803	0.71895	0.00083801	0.0021737
828	0.31674	0.68025	0.00095451	0.0020564
829	0.36807	0.62892	0.0011091	0.001901
830	0.43622	0.56077	0.0013144	0.0016948
831	0.52652	0.47047	0.0015867	0.0014218
832	0.51473	0.48226	0.0015507	0.0014569
833	0.50928	0.48771	0.0015339	0.001473
834	0.50805	0.48895	0.0015298	0.0014763
835	0.51209	0.48491	0.0015416	0.0014637
836	0.52051	0.47649	0.0015666	0.0014379
837	0.53562	0.46138	0.0016117	0.0013919
838	0.55933	0.43766	0.0016827	0.0013201
839	0.59532	0.40168	0.0017905	0.0012115
840	0.64346	0.35353	0.0019349	0.0010662
841	0.70743	0.28957	0.002127	0.00087334
842	0.73225	0.26475	0.0022012	0.00079836
843	0.73949	0.25751	0.0022225	0.0007763
844	0.75308	0.24392	0.0022628	0.00073516
845	0.77493	0.22208	0.0023279	0.00066926
846	0.80478	0.19222	0.0024171	0.00057924
847	0.80032	0.19668	0.002403	0.00059252
848	0.80037	0.19664	0.0024024	0.00059225
849	0.80398	0.19303	0.0024126	0.00058125
850	0.81144	0.18557	0.0024344	0.00055866
851	0.82334	0.17367	0.0024695	0.00052273
852	0.8406	0.15641	0.0025208	0.00047066
853	0.86712	0.12989	0.0025998	0.00039084
854	0.90283	0.094182	0.0027065	0.00028338
855	0.91669	0.080323	0.0027475	0.00024163
856	0.91041	0.086603	0.0027279	0.00026038
857	0.90797	0.089041	0.0027199	0.00026762
858	0.90825	0.088763	0.00272	0.0002667
859	0.91211	0.084908	0.0027309	0.00025506
860	0.91906	0.07796	0.002751	0.00023414
861	0.92964	0.067374	0.002782	0.0002023
862	0.94631	0.05071	0.0028313	0.00015228
863	0.96899	0.028031	0.0028985	8.4213e-05
864	0.97041	0.026606	0.002902	7.9919e-05
865	0.97373	0.023293	0.0029112	6.9965e-05
866	0.97916	0.017864	0.0029267	5.3666e-05
867	0.98711	0.0099058	0.0029498	2.9787e-05
868	0.98639	0.010628	0.0029469	3.1937e-05
869	0.98718	0.0098466	0.0029485	2.959e-05
870	0.98962	0.0074017	0.002955	2.2273e-05
871	0.98627	0.010755	0.0029442	3.2336e-05
872	0.97756	0.019463	0.0029173	5.8452e-05
873	0.97159	0.025433	0.0028987	7.6337e-05
874	0.9551	0.04193	0.0028485	0.00012573
875	0.94423	0.052796	0.0028152	0.00015827
876	0.93682	0.060204	0.0027923	0.00018042
877	0.93231	0.064716	0.0027781	0.00019389
878	0.93035	0.066674	0.0027716	0.00019971
879	0.92123	0.0758	0.0027436	0.00022696
880	0.89812	0.09891	0.0026737	0.00029605
881	0.88129	0.11574	0.0026227	0.00034629
882	0.86947	0.12757	0.0025868	0.00038154
883	0.83757	0.15946	0.0024908	0.00047676
884	0.81405	0.18299	0.0024199	0.00054688
885	0.79721	0.19983	0.0023691	0.00059699
886	0.78566	0.21138	0.0023341	0.00063129
887	0.77852	0.21852	0.0023123	0.0006524
888	0.77525	0.22179	0.002302	0.00066196
889	0.77566	0.22138	0.0023027	0.00066056
890	0.77972	0.21732	0.0023143	0.00064827
891	0.78774	0.20929	0.0023377	0.00062417
892	0.80178	0.19526	0.002379	0.00058222
893	0.82168	0.17536	0.0024377	0.00052277
894	0.82704	0.17	0.0024532	0.00050663
895	0.82332	0.17372	0.0024416	0.00051752
896	0.82305	0.174	0.0024403	0.00051815
897	0.82709	0.16996	0.0024518	0.00050597
898	0.83596	0.16108	0.0024776	0.00047946
899	0.84937	0.14768	0.0025169	0.00043946
900	0.86842	0.12862	0.002573	0.00038266
901	0.89461	0.10243	0.0026504	0.00030462
902	0.93287	0.064172	0.0027636	0.00019077
903	0.98901	0.0080358	0.0029297	2.3921e-05
904	0.98732	0.0097266	0.002924	2.8924e-05
905	0.9869	0.010146	0.0029221	3.0153e-05
906	0.98797	0.0090808	0.0029246	2.6982e-05
907	0.9869	0.010149	0.0029208	3.0138e-05
908	0.98732	0.0097321	0.0029214	2.8895e-05
909	0.98901	0.008044	0.0029257	2.3884e-05
910	0.98863	0.0084215	0.0029239	2.4993e-05
911	0.98942	0.0076294	0.0029256	2.2634e-05
912	0.99144	0.0056077	0.002931	1.6632e-05
913	0.98854	0.0085116	0.0029217	2.5208e-05
914	0.98704	0.010018	0.0029167	2.9644e-05
915	0.98704	0.010019	0.002916	2.9632e-05
916	0.98854	0.0085137	0.0029199	2.5175e-05
917	0.99144	0.0056114	0.0029278	1.6586e-05
918	0.99644	0.00061461	0.0029419	1.8174e-06
919	0.99621	0.00084876	0.0029406	2.5078e-06
920	0.99665	0.00041068	0.0029412	1.2122e-06
921	0.99695	0.00010891	0.0029415	3.2105e-07
922	0.9939	0.0031623	0.0029318	9.3218e-06
923	0.99228	0.0047752	0.0029264	1.4075e-05
924	0.99194	0.0051178	0.0029247	1.5085e-05
925	0.98985	0.0072107	0.0029179	2.1258e-05
926	0.98898	0.0080805	0.0029146	2.3818e-05
927	0.98953	0.007535	0.0029156	2.2211e-05
928	0.98839	0.0086747	0.0029115	2.5574e-05
929	0.98844	0.0086219	0.002911	2.5418e-05
930	0.98969	0.0073726	0.002914	2.1733e-05
931	0.9892	0.0078651	0.0029118	2.3185e-05
932	0.98985	0.007214	0.0029131	2.1264e-05
933	0.99171	0.0053567	0.0029179	1.5788e-05
934	0.99185	0.0052207	0.0029176	1.5381e-05
935	0.99302	0.004044	0.0029205	1.1907e-05
936	0.99561	0.0014536	0.0029274	4.2789e-06
937	0.99336	0.0037077	0.0029201	1.0908e-05
938	0.99221	0.0048551	0.0029161	1.4277e-05
939	0.98913	0.007937	0.0029064	2.3335e-05
940	0.98775	0.009317	0.0029016	2.7391e-05
941	0.98761	0.0094652	0.0029005	2.7822e-05
942	0.98869	0.0083798	0.0029031	2.4624e-05
943	0.98773	0.0093447	0.0028996	2.7445e-05
944	0.98825	0.0088204	0.0029005	2.5897e-05
945	0.99034	0.0067337	0.0029059	1.9769e-05
946	0.99048	0.0065936	0.0029056	1.936e-05
947	0.99173	0.0053424	0.0029086	1.5686e-05
948	0.99419	0.0028849	0.0029152	8.4716e-06
949	0.99507	0.0020076	0.0029171	5.8939e-06
950	0.99519	0.0018858	0.0029168	5.536e-06
951	0.99613	0.00094422	0.0029189	2.7732e-06
952	0.99527	0.0018061	0.0029157	5.3042e-06
953	0.99312	0.0039583	0.0029087	1.1619e-05
954	0.99207	0.0050097	0.002905	1.4701e-05
955	0.99204	0.0050402	0.0029042	1.4787e-05
956	0.99303	0.004052	0.0029065	1.1886e-05
957	0.98965	0.007428	0.002896	2.1777e-05
958	0.96247	0.034609	0.0028156	0.00010144
959	0.94229	0.054792	0.0027559	0.00016053
960	0.92765	0.069436	0.0027124	0.00020335
961	0.9174	0.079687	0.0026819	0.00023328
962	0.91152	0.085566	0.0026641	0.00025042
