#coord	neutral	conserved	gBGC.neutral	gBGC.conserved
1	0.76042	0.23349	0.0046593	0.0014328
2	0.76628	0.22763	0.004692	0.0013959
3	0.77647	0.21745	0.0047512	0.0013324
4	0.79331	0.20062	0.0048509	0.0012284
5	0.81894	0.17499	0.0050042	0.0010709
6	0.85729	0.13664	0.0052346	0.00083615
7	0.9084	0.085531	0.0055429	0.00052355
8	0.93084	0.063102	0.005676	0.00038622
9	0.96119	0.032752	0.0058575	0.00020054
10	0.97299	0.020956	0.0059255	0.00012832
11	0.97737	0.016577	0.0059483	0.00010145
12	0.98402	0.0099334	0.0059849	6.0749e-05
13	0.9867	0.0072574	0.0059971	4.4367e-05
14	0.99097	0.0029881	0.0060192	1.8273e-05
15	0.99274	0.0012311	0.0060259	7.5314e-06
16	0.99222	0.0017512	0.0060187	1.068e-05
17	0.99248	0.0014987	0.0060163	9.1283e-06
18	0.99211	0.0018663	0.0060101	1.1342e-05
19	0.99253	0.0014524	0.0060088	8.8104e-06
20	0.99391	7.3633e-05	0.0060132	4.4587e-07
21	0.99396	2.7612e-05	0.0060095	1.6699e-07
22	0.99369	0.00030453	0.0060039	1.8429e-06
23	0.99329	0.00070587	0.0059975	4.2668e-06
24	0.99355	0.00045441	0.0059951	2.7427e-06
25	0.99365	0.00035168	0.0059918	2.1219e-06
26	0.99368	0.00033123	0.0059881	1.9948e-06
27	0.99269	0.0013205	0.0059782	7.9492e-06
28	0.99259	0.0014296	0.0059736	8.6057e-06
29	0.99323	0.00078687	0.0059736	4.7317e-06
30	0.99352	0.00050237	0.0059713	3.0207e-06
31	0.99262	0.001412	0.0059619	8.495e-06
32	0.99051	0.0035213	0.0059453	2.1163e-05
33	0.98938	0.0046602	0.0059346	2.7977e-05
34	0.98915	0.0048884	0.0059294	2.9309e-05
35	0.98996	0.0040847	0.0059304	2.4467e-05
36	0.9894	0.0046456	0.0059232	2.7811e-05
37	0.98986	0.0041949	0.005922	2.5108e-05
38	0.99121	0.002844	0.0059262	1.7014e-05
39	0.99137	0.0026914	0.0059232	1.6099e-05
40	0.99233	0.0017387	0.005925	1.0399e-05
41	0.99244	0.0016246	0.0059219	9.706e-06
42	0.99184	0.0022334	0.0059144	1.3337e-05
43	0.99199	0.00209	0.0059114	1.247e-05
44	0.99134	0.0027389	0.0059037	1.6336e-05
45	0.99156	0.0025228	0.0059012	1.5036e-05
46	0.99266	0.0014246	0.005904	8.4789e-06
47	0.99308	0.0010101	0.0059026	6.0061e-06
48	0.99314	0.00095934	0.0058991	5.7041e-06
49	0.9939	0.00019727	0.0058999	1.1727e-06
50	0.99392	0.00018619	0.0058962	1.1044e-06
51	0.99403	7.5133e-05	0.005893	4.4566e-07
52	0.99396	0.0001517	0.0058888	8.9785e-07
53	0.99316	0.00095883	0.0058804	5.6621e-06
54	0.99162	0.0025002	0.0058675	1.4758e-05
55	0.99117	0.0029505	0.0058611	1.7406e-05
56	0.99175	0.0023725	0.0058608	1.3986e-05
57	0.99143	0.0026984	0.0058551	1.5889e-05
58	0.9901	0.0040312	0.0058435	2.3726e-05
59	0.97795	0.016186	0.0057681	9.5307e-05
60	0.97013	0.024008	0.0057183	0.00014133
61	0.96492	0.029224	0.0056839	0.00017191
62	0.9619	0.032243	0.0056626	0.00018949
63	0.96126	0.032896	0.0056551	0.00019317
64	0.95617	0.03799	0.0056215	0.00022295
65	0.95397	0.040194	0.0056049	0.00023576
66	0.95378	0.04038	0.0056002	0.00023667
67	0.94871	0.045457	0.0055667	0.00026629
68	0.94602	0.048155	0.0055474	0.00028188
69	0.94611	0.04806	0.0055443	0.00028114
70	0.94103	0.053146	0.0055109	0.00031074
71	0.93912	0.055065	0.0054959	0.00032181
72	0.9401	0.054087	0.0054979	0.00031597
73	0.94342	0.050774	0.0055135	0.00029646
74	0.95	0.04419	0.0055482	0.00025794
75	0.95976	0.034441	0.0056013	0.00020096
76	0.96269	0.031508	0.0056148	0.00018372
77	0.96842	0.02579	0.0056443	0.00015032
78	0.97686	0.017352	0.0056898	0.00010108
79	0.98017	0.014045	0.0057053	8.178e-05
80	0.98037	0.013845	0.0057027	8.0564e-05
81	0.98199	0.012232	0.0057084	7.1111e-05
82	0.9751	0.019124	0.0056648	0.000111
83	0.97103	0.0232	0.0056375	0.00013455
84	0.96887	0.025358	0.0056214	0.00014691
85	0.96883	0.025409	0.0056176	0.00014708
86	0.96498	0.029261	0.0055916	0.00016927
87	0.96362	0.03062	0.0055801	0.00017703
88	0.96409	0.030153	0.0055792	0.00017419
89	0.96685	0.027398	0.0055915	0.00015816
90	0.97237	0.021885	0.0056196	0.00012625
91	0.98141	0.012845	0.0056679	7.4094e-05
92	0.98479	0.0094715	0.0056836	5.4606e-05
93	0.98573	0.0085404	0.0056852	4.9231e-05
94	0.9846	0.0096654	0.005675	5.5691e-05
95	0.98472	0.0095493	0.0056719	5.4977e-05
96	0.98639	0.0078903	0.0056778	4.54e-05
97	0.98603	0.0082502	0.005672	4.7428e-05
98	0.9871	0.0071805	0.0056744	4.1252e-05
99	0.98976	0.0045319	0.0056859	2.6032e-05
100	0.98794	0.006349	0.0056717	3.6448e-05
101	0.98748	0.0068132	0.0056653	3.91e-05
102	0.98832	0.0059838	0.0056663	3.4343e-05
103	0.98748	0.0068224	0.0056577	3.914e-05
104	0.98798	0.0063259	0.0056568	3.6295e-05
105	0.98961	0.0046982	0.0056624	2.6965e-05
106	0.9897	0.0046165	0.0056591	2.6487e-05
107	0.98825	0.0060641	0.0056472	3.4753e-05
108	0.98792	0.0063995	0.0056417	3.6638e-05
109	0.9889	0.005422	0.0056436	3.1034e-05
110	0.99104	0.0032866	0.0056522	1.8811e-05
111	0.99167	0.0026662	0.0056522	1.5248e-05
112	0.99136	0.0029769	0.0056468	1.7015e-05
113	0.99193	0.0024143	0.0056464	1.3794e-05
114	0.99342	0.00092726	0.0056513	5.3018e-06
115	0.96398	0.030364	0.0054798	0.00017324
116	0.94383	0.050525	0.0053613	0.00028819
117	0.93038	0.063978	0.005281	0.00036483
118	0.92098	0.073377	0.005224	0.0004182
119	0.91571	0.078654	0.0051905	0.00044809
120	0.91388	0.080481	0.0051766	0.00045837
121	0.91466	0.079706	0.0051776	0.00045383
122	0.9181	0.076271	0.0051936	0.00043416
123	0.92447	0.069904	0.0052264	0.00039787
124	0.92388	0.070498	0.0052197	0.00040102
125	0.92577	0.068611	0.0052272	0.00039007
126	0.93029	0.064095	0.0052496	0.00036421
127	0.92844	0.065954	0.005236	0.00037444
128	0.92956	0.064831	0.0052392	0.00036782
129	0.93395	0.060443	0.0052608	0.00034281
130	0.93273	0.061673	0.0052505	0.00034961
131	0.93382	0.060579	0.0052534	0.00034325
132	0.93736	0.057046	0.0052701	0.00032309
133	0.93494	0.05947	0.0052533	0.00033653
134	0.93552	0.058892	0.0052534	0.00033307
135	0.93845	0.055971	0.0052667	0.00031639
136	0.94397	0.050448	0.0052947	0.00028504
137	0.95336	0.041059	0.0053444	0.00023202
138	0.96662	0.027807	0.0054158	0.00015725
139	0.96528	0.029152	0.0054051	0.0001647
140	0.96571	0.028724	0.0054044	0.00016215
141	0.96795	0.026491	0.0054139	0.00014943
142	0.97216	0.022282	0.0054345	0.00012561
143	0.97237	0.022072	0.0054327	0.00012426
144	0.97424	0.020208	0.0054402	0.00011363
145	0.97833	0.01612	0.0054601	9.0557e-05
146	0.97922	0.015234	0.005462	8.5489e-05
147	0.98163	0.012822	0.0054725	7.1879e-05
148	0.98617	0.0082935	0.0054947	4.6466e-05
149	0.98762	0.006846	0.0054998	3.8306e-05
150	0.98743	0.0070319	0.0054956	3.9295e-05
151	0.98861	0.0058535	0.005499	3.2694e-05
152	0.99102	0.003448	0.0055093	1.9251e-05
153	0.99194	0.0025377	0.0055112	1.4171e-05
154	0.98945	0.005029	0.0054943	2.8023e-05
155	0.98836	0.0061186	0.005485	3.4083e-05
156	0.98484	0.0096453	0.0054623	5.3672e-05
157	0.98283	0.011656	0.0054481	6.4802e-05
158	0.98245	0.012041	0.0054428	6.6918e-05
159	0.97887	0.015627	0.0054199	8.6766e-05
160	0.97736	0.01714	0.0054084	9.5128e-05
161	0.97735	0.017148	0.0054054	9.5122e-05
162	0.97397	0.020537	0.0053836	0.00011382
163	0.96429	0.030217	0.0053272	0.00016721
164	0.95843	0.036078	0.0052919	0.0001995
165	0.95557	0.038938	0.0052731	0.00021521
166	0.9465	0.048016	0.0052199	0.0002653
167	0.94049	0.054025	0.0051838	0.00029834
168	0.9377	0.056818	0.0051655	0.00031364
169	0.93722	0.057305	0.0051599	0.00031617
170	0.9397	0.054828	0.0051706	0.00030241
171	0.9239	0.070633	0.0050804	0.00038949
172	0.91268	0.081855	0.0050157	0.00045113
173	0.90624	0.088295	0.0049773	0.00048642
174	0.90369	0.090852	0.0049602	0.00050036
175	0.90383	0.090711	0.0049581	0.00049941
176	0.89671	0.097833	0.004916	0.00053843
177	0.89277	0.10178	0.0048915	0.00055988
178	0.89171	0.10284	0.0048828	0.00056546
179	0.89345	0.1011	0.0048897	0.00055564
180	0.89816	0.096394	0.0049128	0.00052947
181	0.90735	0.087213	0.0049604	0.0004789
182	0.92229	0.072278	0.0050393	0.00039697
183	0.94284	0.051723	0.005149	0.00028428
184	0.95113	0.043441	0.0051914	0.00023889
185	0.95274	0.04183	0.0051973	0.00023001
186	0.94919	0.045382	0.005175	0.00024936
187	0.93835	0.056226	0.0051127	0.00030869
188	0.93103	0.063548	0.0050698	0.00034863
189	0.9273	0.067283	0.0050465	0.00036895
190	0.92611	0.068477	0.0050372	0.00037534
191	0.92795	0.066645	0.0050443	0.00036525
192	0.93238	0.062216	0.0050656	0.00034098
193	0.8849	0.1097	0.0048031	0.00060055
194	0.85218	0.14242	0.0046214	0.00077933
195	0.83005	0.16456	0.0044975	0.00090014
196	0.77829	0.21632	0.0042115	0.0011832
197	0.73968	0.25493	0.003998	0.0013937
198	0.71119	0.28342	0.0038402	0.0015485
199	0.6906	0.30401	0.0037257	0.00166
200	0.67776	0.31685	0.0036535	0.0017293
201	0.66978	0.32484	0.0036078	0.0017721
202	0.64228	0.35234	0.0034563	0.0019207
203	0.6224	0.37222	0.0033464	0.0020277
204	0.60872	0.38591	0.0032704	0.0021009
205	0.6001	0.39454	0.0032219	0.0021466
206	0.59593	0.3987	0.0031977	0.002168
207	0.59725	0.39738	0.003203	0.0021599
208	0.58429	0.41035	0.0031312	0.0022288
209	0.57628	0.41836	0.0030864	0.0022709
210	0.54637	0.44828	0.0029238	0.0024308
211	0.52469	0.46996	0.0028058	0.0025461
212	0.50956	0.4851	0.0027232	0.002626
213	0.49977	0.49488	0.0026695	0.002677
214	0.46788	0.52678	0.0024975	0.0028464
215	0.39301	0.60165	0.0020954	0.0032459
216	0.33659	0.65807	0.0017927	0.003546
217	0.29418	0.70048	0.0015654	0.0037706
218	0.26554	0.72913	0.0014117	0.0039217
219	0.24433	0.75034	0.0012979	0.0040329
220	0.22896	0.76571	0.0012155	0.0041127
221	0.18433	0.81034	0.00097764	0.004348
222	0.15383	0.84084	0.00081492	0.0045082
223	0.13096	0.86372	0.00069306	0.0046275
224	0.11568	0.879	0.00061151	0.0047064
225	0.10455	0.89013	0.00055217	0.0047632
226	0.096703	0.89798	0.00051037	0.0048025
227	0.092277	0.90241	0.00048668	0.0048236
228	0.090851	0.90384	0.00047888	0.0048289
229	0.092226	0.90247	0.00048588	0.0048193
230	0.095674	0.89902	0.0005039	0.0047987
231	0.1015	0.8932	0.00053455	0.0047656
232	0.11115	0.88355	0.00058533	0.0047122
233	0.12448	0.87022	0.00065563	0.0046394
234	0.1426	0.85211	0.00075129	0.0045412
235	0.14641	0.8483	0.00077116	0.0045189
236	0.15435	0.84037	0.0008128	0.0044747
237	0.16593	0.82879	0.00087374	0.0044113
238	0.14853	0.84619	0.00078138	0.0045012
239	0.13582	0.8589	0.00071395	0.0045661
240	0.12788	0.86684	0.00067173	0.0046059
241	0.1239	0.87083	0.00065032	0.0046248
242	0.12235	0.87238	0.00064184	0.0046309
243	0.12316	0.87157	0.00064587	0.0046244
244	0.1264	0.86834	0.00066274	0.0046051
245	0.13321	0.86152	0.0006984	0.004567
246	0.14329	0.85145	0.00075126	0.0045117
247	0.15885	0.83589	0.00083293	0.0044276
248	0.1799	0.81484	0.0009435	0.0043146
249	0.20816	0.78659	0.0010921	0.0041636
250	0.24898	0.74576	0.0013067	0.0039466
251	0.30291	0.69184	0.0015904	0.0036606
252	0.37435	0.6204	0.0019664	0.0032821
253	0.40467	0.59008	0.0021252	0.003121
254	0.44532	0.54944	0.0023384	0.0029054
255	0.49937	0.49539	0.0026224	0.0026191
256	0.51887	0.47589	0.0027239	0.0025152
257	0.54587	0.44889	0.0028649	0.0023718
258	0.58242	0.41234	0.0030564	0.0021781
259	0.63152	0.36324	0.003314	0.0019181
260	0.69702	0.29775	0.0036583	0.0015716
261	0.79261	0.20216	0.0041606	0.0010671
262	0.83102	0.16376	0.0043613	0.00086405
263	0.8459	0.14887	0.0044379	0.00078526
264	0.86909	0.12569	0.0045578	0.00066299
265	0.90046	0.094317	0.004721	0.00049756
266	0.91359	0.081194	0.0047879	0.00042839
267	0.93196	0.062823	0.0048824	0.00033159
268	0.93807	0.056715	0.0049125	0.0002993
269	0.93784	0.056951	0.0049092	0.00030035
270	0.93991	0.054883	0.0049181	0.00028927
271	0.94441	0.050385	0.0049399	0.00026539
272	0.95172	0.043072	0.0049765	0.0002267
273	0.9636	0.031201	0.0050369	0.00016412
274	0.9677	0.027102	0.0050565	0.00014242
275	0.97481	0.019993	0.0050918	0.00010497
276	0.98584	0.0089683	0.0051476	4.7051e-05
277	0.9903	0.0045106	0.0051688	2.3659e-05
278	0.98961	0.005203	0.005163	2.7264e-05
279	0.98994	0.0048724	0.0051626	2.5512e-05
280	0.98897	0.0058462	0.0051553	3.059e-05
281	0.98905	0.0057627	0.0051536	3.0136e-05
282	0.98743	0.0073883	0.0051431	3.8586e-05
283	0.98698	0.0078385	0.0051387	4.0893e-05
284	0.98455	0.010271	0.0051239	5.3535e-05
285	0.9835	0.011321	0.0051164	5.8953e-05
286	0.97939	0.015439	0.0050929	8.0336e-05
287	0.97737	0.017454	0.0050803	9.0791e-05
288	0.97721	0.017624	0.0050773	9.1662e-05
289	0.97886	0.01597	0.0050837	8.3076e-05
290	0.98218	0.012659	0.0050987	6.5874e-05
291	0.98738	0.0074593	0.0051236	3.885e-05
292	0.98035	0.014491	0.0050848	7.5462e-05
293	0.97608	0.018759	0.0050604	9.7691e-05
294	0.97366	0.021185	0.0050457	0.0001103
295	0.96582	0.029026	0.0050029	0.00015102
296	0.96062	0.034228	0.0049738	0.00017796
297	0.95769	0.037158	0.0049567	0.00019308
298	0.95733	0.037523	0.0049528	0.0001949
299	0.95894	0.035916	0.0049591	0.00018649
300	0.96262	0.03224	0.0049763	0.00016734
301	0.95243	0.042427	0.0049217	0.00021989
302	0.94621	0.048649	0.0048877	0.00025195
303	0.94258	0.052287	0.004867	0.00027059
304	0.9419	0.052965	0.0048617	0.00027397
305	0.94342	0.051442	0.0048677	0.00026594
306	0.94801	0.046856	0.0048895	0.00024214
307	0.94688	0.047989	0.0048818	0.0002479
308	0.9479	0.046975	0.0048851	0.00024255
309	0.95168	0.043195	0.0049027	0.00022296
310	0.95804	0.036841	0.0049336	0.00019009
311	0.96741	0.027464	0.0049801	0.00014159
312	0.98193	0.012945	0.005053	6.6691e-05
313	0.98265	0.012229	0.0050548	6.2974e-05
314	0.98507	0.0098125	0.0050652	5.0527e-05
315	0.9891	0.0057871	0.0050839	2.9795e-05
316	0.99044	0.0044457	0.0050889	2.2872e-05
317	0.9904	0.0044866	0.0050867	2.3071e-05
318	0.98886	0.0060327	0.0050768	3.0989e-05
319	0.98489	0.010004	0.0050544	5.1362e-05
320	0.98252	0.012372	0.0050404	6.3473e-05
321	0.98191	0.012985	0.0050353	6.6588e-05
322	0.98264	0.012259	0.0050371	6.2824e-05
323	0.981	0.013902	0.0050267	7.1212e-05
324	0.98078	0.014127	0.0050237	7.2315e-05
325	0.98223	0.012674	0.0050292	6.4836e-05
326	0.98555	0.0093558	0.0050442	4.7841e-05
327	0.99126	0.0036489	0.0050714	1.867e-05
328	0.98841	0.0065067	0.0050548	3.3286e-05
329	0.98686	0.0080528	0.0050449	4.1169e-05
330	0.98652	0.0083927	0.0050413	4.2867e-05
331	0.98758	0.00734	0.0050448	3.7462e-05
332	0.99016	0.0047605	0.005056	2.428e-05
333	0.99467	0.00024732	0.005077	1.2609e-06
334	0.99396	0.00095988	0.0050714	4.8908e-06
335	0.99403	0.00089432	0.0050698	4.5547e-06
336	0.9949	2.4114e-05	0.0050722	1.2278e-07
337	0.99475	0.00017564	0.0050694	8.9648e-07
338	0.99077	0.0041606	0.005047	2.121e-05
339	0.98856	0.0063764	0.0050337	3.2508e-05
340	0.98756	0.0073737	0.0050266	3.7576e-05
341	0.98794	0.0069955	0.0050265	3.5649e-05
342	0.98948	0.005455	0.0050324	2.7797e-05
343	0.98617	0.0087728	0.0050135	4.4696e-05
344	0.98431	0.010633	0.005002	5.4148e-05
345	0.98402	0.010928	0.0049985	5.5645e-05
346	0.98096	0.013984	0.0049809	7.121e-05
347	0.97948	0.015469	0.0049714	7.8749e-05
348	0.97945	0.015498	0.0049693	7.8869e-05
349	0.98088	0.014073	0.0049746	7.1589e-05
350	0.9843	0.010657	0.00499	5.4226e-05
351	0.98961	0.0053464	0.005015	2.7236e-05
352	0.98432	0.010635	0.0049863	5.4072e-05
353	0.98093	0.014034	0.0049672	7.128e-05
354	0.97952	0.015446	0.0049581	7.8424e-05
355	0.97956	0.015407	0.0049565	7.8192e-05
356	0.98104	0.01393	0.0049622	7.0662e-05
357	0.98406	0.010905	0.0049758	5.5268e-05
358	0.98933	0.0056383	0.0050006	2.856e-05
359	0.99129	0.0036873	0.0050087	1.8676e-05
360	0.99172	0.0032594	0.005009	1.6496e-05
361	0.99112	0.0038548	0.0050041	1.9499e-05
362	0.99146	0.0035168	0.005004	1.7777e-05
363	0.9906	0.0043821	0.0049979	2.2122e-05
364	0.9909	0.004083	0.0049976	2.06e-05
365	0.98542	0.0095614	0.0049682	4.8169e-05
366	0.98221	0.01278	0.0049502	6.4361e-05
367	0.9809	0.014088	0.0049418	7.0935e-05
368	0.981	0.013992	0.0049405	7.0414e-05
369	0.98286	0.012133	0.0049481	6.104e-05
370	0.98674	0.0082533	0.0049657	4.1525e-05
371	0.98781	0.0071815	0.0049693	3.6122e-05
372	0.98712	0.0078759	0.0049639	3.9614e-05
373	0.98757	0.0074275	0.0049644	3.7345e-05
374	0.98944	0.005563	0.0049719	2.7974e-05
375	0.99265	0.0023549	0.0049862	1.1843e-05
376	0.99399	0.0010159	0.0049912	5.1046e-06
377	0.99458	0.0004302	0.0049923	2.1621e-06
378	0.99491	9.6043e-05	0.0049922	4.8194e-07
379	0.99495	6.0336e-05	0.0049906	3.0277e-07
380	0.9941	0.00090785	0.0049845	4.5589e-06
381	0.99397	0.0010395	0.004982	5.2173e-06
382	0.99344	0.0015777	0.0049775	7.9198e-06
383	0.99209	0.0029313	0.0049688	1.4723e-05
384	0.98867	0.00635	0.0049499	3.1876e-05
385	0.98691	0.0081082	0.0049392	4.0705e-05
386	0.98638	0.0086376	0.0049347	4.3357e-05
387	0.98704	0.0079798	0.0049362	4.005e-05
388	0.98894	0.0060832	0.004944	3.0528e-05
389	0.99221	0.0028161	0.0049587	1.4134e-05
390	0.9935	0.0015273	0.0049635	7.6602e-06
391	0.98896	0.006074	0.004939	3.0392e-05
392	0.98605	0.0089819	0.0049228	4.4898e-05
393	0.9848	0.010234	0.0049149	5.1141e-05
394	0.98482	0.010216	0.0049133	5.1027e-05
395	0.98635	0.0086834	0.0049193	4.3366e-05
396	0.98928	0.0057602	0.0049322	2.8756e-05
397	0.99025	0.0047869	0.0049354	2.3897e-05
398	0.98977	0.0052721	0.0049313	2.6303e-05
399	0.9903	0.0047419	0.0049323	2.3638e-05
400	0.98939	0.0056521	0.0049261	2.8159e-05
401	0.98954	0.0055079	0.0049252	2.7417e-05
402	0.99098	0.0040701	0.0049308	2.0247e-05
403	0.99391	0.0011379	0.0049437	5.6624e-06
404	0.99391	0.0011456	0.004942	5.6969e-06
405	0.99347	0.001587	0.0049381	7.8917e-06
406	0.99232	0.0027359	0.0049307	1.3612e-05
407	0.99208	0.0029824	0.0049278	1.4834e-05
408	0.99271	0.0023529	0.0049293	1.1695e-05
409	0.99258	0.0024826	0.004927	1.2338e-05
410	0.99141	0.003652	0.0049195	1.8134e-05
411	0.9912	0.0038593	0.0049169	1.9143e-05
412	0.98976	0.0053077	0.0049081	2.6313e-05
413	0.98959	0.0054742	0.0049056	2.7133e-05
414	0.99069	0.0043822	0.0049093	2.1727e-05
415	0.99291	0.0021614	0.0049187	1.0721e-05
416	0.99375	0.0013201	0.0049212	6.5472e-06
417	0.99402	0.0010548	0.0049209	5.2356e-06
418	0.98623	0.0088495	0.0048807	4.3872e-05
419	0.9813	0.013782	0.0048546	6.8327e-05
420	0.97825	0.016833	0.0048378	8.3422e-05
421	0.96937	0.025711	0.0047924	0.00012731
422	0.9633	0.031779	0.0047609	0.00015724
423	0.95958	0.035499	0.0047411	0.00017551
424	0.95839	0.036691	0.0047337	0.00018131
425	0.95958	0.035509	0.0047381	0.00017541
426	0.9634	0.031692	0.0047554	0.00015653
427	0.96962	0.025473	0.0047846	0.00012577
428	0.97952	0.01557	0.0048318	7.6896e-05
429	0.99326	0.0018336	0.0048981	9.0743e-06
430	0.99147	0.0036277	0.0048877	1.7933e-05
431	0.98703	0.0080672	0.0048643	3.9825e-05
432	0.98425	0.010843	0.0048492	5.348e-05
433	0.98291	0.012186	0.0048412	6.0057e-05
434	0.98316	0.011939	0.004841	5.8808e-05
435	0.98503	0.010069	0.0048487	4.9584e-05
436	0.9796	0.015503	0.0048205	7.6286e-05
437	0.97656	0.018546	0.0048041	9.1232e-05
438	0.97559	0.019515	0.0047978	9.599e-05
439	0.97618	0.018929	0.0047993	9.3079e-05
440	0.97871	0.016395	0.0048102	8.061e-05
441	0.98352	0.011589	0.0048323	5.7014e-05
442	0.98116	0.013948	0.0048192	6.8611e-05
443	0.98029	0.014823	0.0048134	7.2892e-05
444	0.98082	0.014299	0.0048146	7.0279e-05
445	0.98317	0.011946	0.0048247	5.87e-05
446	0.9872	0.0079147	0.0048431	3.8869e-05
447	0.99385	0.0012718	0.0048743	6.2545e-06
448	0.99088	0.0042406	0.0048582	2.0855e-05
449	0.98938	0.0057405	0.0048493	2.8243e-05
450	0.98898	0.0061475	0.0048458	3.0251e-05
451	0.98655	0.0085788	0.0048324	4.2192e-05
452	0.98543	0.0096955	0.0048255	4.7662e-05
453	0.98556	0.0095698	0.0048248	4.7024e-05
454	0.98692	0.0082055	0.0048302	4.0301e-05
455	0.98963	0.0054989	0.0048421	2.6985e-05
456	0.99435	0.00077758	0.0048639	3.8158e-06
457	0.98409	0.011045	0.0048124	5.3996e-05
458	0.97678	0.018358	0.0047755	8.9666e-05
459	0.97189	0.023241	0.0047504	0.00011343
460	0.95982	0.035314	0.0046903	0.00017226
461	0.95212	0.043016	0.0046515	0.00020979
462	0.94794	0.047204	0.0046297	0.00023018
463	0.79605	0.19909	0.0038866	0.00097197
464	0.68982	0.30533	0.0033663	0.0014909
465	0.6097	0.38544	0.0029743	0.0018815
466	0.55495	0.44019	0.0027061	0.0021483
467	0.51405	0.4811	0.0025059	0.0023472
468	0.48679	0.50835	0.0023721	0.0024796
469	0.46937	0.52577	0.0022863	0.0025639
470	0.45758	0.53757	0.0022281	0.0026208
471	0.4518	0.54335	0.0021992	0.0026483
472	0.45131	0.54384	0.002196	0.0026501
473	0.43549	0.55966	0.0021182	0.0027265
474	0.42506	0.57009	0.0020668	0.0027765
475	0.42038	0.57477	0.0020433	0.0027986
476	0.33993	0.65523	0.0016506	0.00319
477	0.27918	0.71598	0.0013543	0.0034848
478	0.23688	0.75828	0.0011479	0.0036899
479	0.20498	0.79018	0.00099243	0.003844
480	0.18108	0.81409	0.00087599	0.003959
481	0.16343	0.83173	0.00079015	0.0040435
482	0.15067	0.8445	0.0007281	0.0041043
483	0.14179	0.85338	0.00068496	0.0041461
484	0.13604	0.85913	0.00065707	0.0041727
485	0.13401	0.86116	0.0006471	0.0041813
486	0.11928	0.87589	0.00057583	0.0042513
487	0.10968	0.8855	0.00052927	0.0042966
488	0.10415	0.89103	0.00050237	0.0043221
489	0.10105	0.89413	0.00048728	0.0043359
490	0.087828	0.90735	0.00042325	0.0043986
491	0.078112	0.91707	0.00037624	0.0044443
492	0.071208	0.92397	0.00034287	0.0044764
493	0.067232	0.92795	0.0003236	0.0044944
494	0.065805	0.92938	0.00031661	0.0045001
495	0.066726	0.92846	0.00032091	0.0044944
496	0.059981	0.93521	0.00028825	0.0045258
497	0.056106	0.93908	0.00026941	0.0045433
498	0.053881	0.94131	0.00025857	0.0045528
499	0.053674	0.94152	0.00025743	0.0045526
500	0.055459	0.93973	0.00026583	0.0045429
501	0.058868	0.93632	0.00028206	0.0045253
502	0.064861	0.93033	0.00031065	0.0044954
503	0.073263	0.92193	0.00035082	0.0044539
504	0.085878	0.90932	0.00041109	0.0043923
505	0.10281	0.89239	0.0004921	0.00431
506	0.12538	0.86982	0.00060021	0.0042006
507	0.13208	0.86312	0.00063216	0.0041673
508	0.12919	0.86601	0.00061806	0.0041802
509	0.12952	0.86568	0.00061941	0.0041775
510	0.13228	0.86293	0.00063243	0.0041633
511	0.13766	0.85754	0.00065812	0.0041363
512	0.14614	0.84906	0.00069873	0.0040945
513	0.15995	0.83525	0.00076482	0.0040271
514	0.17879	0.81641	0.00085511	0.0039356
515	0.2041	0.79111	0.00097652	0.003813
516	0.24144	0.75377	0.0011555	0.0036327
517	0.23793	0.75728	0.0011384	0.0036486
518	0.23869	0.75652	0.0011418	0.0036441
519	0.24404	0.75118	0.001167	0.0036176
520	0.21107	0.78414	0.0010087	0.0037746
521	0.18848	0.80674	0.0009001	0.003882
522	0.17181	0.82341	0.00082002	0.0039609
523	0.1598	0.83542	0.00076237	0.0040174
524	0.15153	0.84369	0.00072273	0.0040558
525	0.14644	0.84879	0.00069831	0.0040791
526	0.12883	0.86639	0.00061407	0.0041622
527	0.11737	0.87785	0.00055916	0.0042159
528	0.10935	0.88588	0.00052074	0.0042531
529	0.084642	0.91058	0.00040282	0.0043699
530	0.065885	0.92934	0.00031341	0.0044581
531	0.052889	0.94234	0.00025141	0.004519
532	0.043137	0.95209	0.00020495	0.0045643
533	0.036554	0.95868	0.00017355	0.0045945
534	0.031735	0.9635	0.0001506	0.0046164
535	0.028891	0.96634	0.00013702	0.0046288
536	0.027128	0.96811	0.00012862	0.0046361
537	0.026311	0.96893	0.00012475	0.0046388
538	0.02638	0.96886	0.0001251	0.0046373
539	0.027338	0.9679	0.00012971	0.0046316
540	0.029283	0.96596	0.00013904	0.0046212
541	0.025898	0.96934	0.00012301	0.0046362
542	0.024089	0.97115	0.00011444	0.0046437
543	0.023527	0.97172	0.00011178	0.0046452
544	0.018179	0.97706	8.631e-05	0.0046696
545	0.014111	0.98113	6.6962e-05	0.0046879
546	0.011004	0.98424	5.2208e-05	0.0047016
547	0.0086153	0.98663	4.0881e-05	0.0047118
548	0.0070465	0.9882	3.3433e-05	0.0047182
549	0.0060787	0.98917	2.8826e-05	0.0047217
550	0.0053603	0.98989	2.5413e-05	0.0047241
551	0.004835	0.99042	2.2924e-05	0.0047255
552	0.0046521	0.9906	2.2048e-05	0.0047253
553	0.004589	0.99066	2.1745e-05	0.0047245
554	0.0046497	0.99061	2.2033e-05	0.0047232
555	0.0048389	0.99042	2.2937e-05	0.0047213
556	0.0051715	0.99009	2.4527e-05	0.0047187
557	0.0056736	0.98958	2.6929e-05	0.0047153
558	0.0063844	0.98887	3.0331e-05	0.0047109
559	0.0073481	0.98791	3.4948e-05	0.0047053
560	0.0089312	0.98633	4.2502e-05	0.0046968
561	0.011292	0.98397	5.3741e-05	0.0046845
562	0.01473	0.98053	7.009e-05	0.0046672
563	0.019194	0.97607	9.134e-05	0.0046449
564	0.02576	0.9695	0.00012256	0.0046127
565	0.020405	0.97486	9.7092e-05	0.0046372
566	0.016793	0.97847	7.9897e-05	0.0046534
567	0.014125	0.98114	6.7221e-05	0.004665
568	0.012484	0.98279	5.9415e-05	0.0046718
569	0.011716	0.98355	5.5751e-05	0.0046745
570	0.011714	0.98356	5.5719e-05	0.0046735
571	0.012478	0.98279	5.9313e-05	0.0046689
572	0.0096522	0.98562	4.5865e-05	0.0046813
573	0.0077209	0.98755	3.6661e-05	0.0046894
574	0.0062215	0.98905	2.9529e-05	0.0046955
575	0.0052258	0.99005	2.4782e-05	0.0046992
576	0.0044308	0.99085	2.1001e-05	0.004702
577	0.0039698	0.99131	1.8796e-05	0.0047032
578	0.0036059	0.99167	1.7061e-05	0.0047039
579	0.0033104	0.99197	1.5657e-05	0.0047043
580	0.0032181	0.99206	1.5205e-05	0.0047037
581	0.0031589	0.99212	1.4916e-05	0.004703
582	0.0031209	0.99216	1.4732e-05	0.0047022
583	0.0031085	0.99218	1.4673e-05	0.0047012
584	0.0032762	0.99201	1.5454e-05	0.0046995
585	0.0034761	0.99181	1.6391e-05	0.0046976
586	0.0037232	0.99156	1.7555e-05	0.0046954
587	0.0040364	0.99125	1.9035e-05	0.004693
588	0.0046345	0.99065	2.1849e-05	0.0046892
589	0.0053896	0.9899	2.5408e-05	0.0046847
590	0.0063499	0.98894	2.9943e-05	0.0046792
591	0.0075883	0.9877	3.5801e-05	0.0046725
592	0.0091988	0.98609	4.3427e-05	0.0046639
593	0.011606	0.98369	5.4804e-05	0.0046516
594	0.015199	0.9801	7.1756e-05	0.0046337
595	0.019863	0.97543	9.3791e-05	0.0046108
596	0.025954	0.96934	0.00012259	0.0045811
597	0.033975	0.96132	0.00016056	0.0045422
598	0.045505	0.94979	0.00021507	0.0044868
599	0.048878	0.94642	0.00023097	0.00447
600	0.04657	0.94873	0.00022	0.00448
601	0.046233	0.94907	0.00021832	0.0044807
602	0.03952	0.95578	0.00018648	0.0045116
603	0.034632	0.96067	0.00016332	0.0045338
604	0.031797	0.96351	0.00014984	0.0045464
605	0.030618	0.96469	0.00014415	0.0045511
606	0.030457	0.96485	0.0001433	0.004551
607	0.0317	0.96361	0.00014903	0.0045443
608	0.034032	0.96128	0.0001599	0.0045324
609	0.037658	0.95765	0.00017688	0.0045145
610	0.042863	0.95245	0.0002013	0.0044892
611	0.042359	0.95295	0.00019884	0.0044907
612	0.043084	0.95223	0.00020218	0.0044864
613	0.045616	0.9497	0.00021398	0.0044737
614	0.049661	0.94565	0.00023292	0.0044538
615	0.055524	0.93979	0.00026042	0.0044254
616	0.043447	0.95187	0.00020368	0.0044813
617	0.034338	0.96098	0.00016094	0.0045231
618	0.028252	0.96706	0.00013236	0.0045508
619	0.02375	0.97157	0.00011124	0.0045711
620	0.020887	0.97443	9.7795e-05	0.0045836
621	0.019298	0.97602	9.0305e-05	0.0045902
622	0.01845	0.97687	8.6312e-05	0.0045933
623	0.018296	0.97703	8.5592e-05	0.0045931
624	0.019134	0.97619	8.9502e-05	0.0045883
625	0.021072	0.97425	9.8538e-05	0.0045784
626	0.023922	0.9714	0.00011187	0.0045642
627	0.027901	0.96742	0.0001305	0.0045447
628	0.034063	0.96126	0.00015933	0.004515
629	0.042301	0.95303	0.0001979	0.0044755
630	0.054259	0.94107	0.00025384	0.0044187
631	0.07146	0.92387	0.00033421	0.0043374
632	0.076529	0.9188	0.00035785	0.0043129
633	0.084016	0.91131	0.00039285	0.004277
634	0.08307	0.91226	0.00038838	0.0042806
635	0.084658	0.91067	0.00039575	0.0042724
636	0.088984	0.90635	0.00041588	0.0042514
637	0.09679	0.89854	0.00045223	0.0042141
638	0.10773	0.8876	0.0005033	0.0041622
639	0.12272	0.87261	0.00057336	0.0040913
640	0.14513	0.85021	0.00067795	0.0039858
641	0.17484	0.8205	0.00081684	0.0038461
642	0.2143	0.78104	0.0010015	0.0036606
643	0.22739	0.76795	0.0010627	0.0035985
644	0.24754	0.7478	0.0011568	0.0035035
645	0.27786	0.71748	0.0012984	0.0033611
646	0.32257	0.67277	0.001507	0.0031516
647	0.38172	0.61362	0.0017833	0.0028745
648	0.46791	0.52743	0.0021855	0.0024714
649	0.47404	0.52131	0.0022137	0.0024424
650	0.48627	0.50907	0.0022703	0.0023848
651	0.50425	0.4911	0.0023539	0.0023004
652	0.52946	0.46589	0.0024714	0.0021821
653	0.56683	0.42852	0.0026456	0.0020071
654	0.61675	0.37859	0.0028786	0.0017732
655	0.63516	0.36019	0.0029642	0.0016867
656	0.66325	0.3321	0.0030951	0.0015551
657	0.70122	0.29413	0.0032723	0.0013771
658	0.75731	0.23804	0.0035339	0.0011146
659	0.83198	0.16337	0.0038827	0.00076508
660	0.93064	0.06471	0.004344	0.00030291
661	0.93131	0.064043	0.0043466	0.00029965
662	0.93504	0.060316	0.0043633	0.00028211
663	0.9423	0.053054	0.0043966	0.00024809
664	0.95299	0.042369	0.0044459	0.00019802
665	0.96953	0.025831	0.0045224	0.00012067
666	0.97651	0.018845	0.0045543	8.8018e-05
667	0.98647	0.0088925	0.0046	4.1482e-05
668	0.98671	0.0086503	0.0046004	4.0331e-05
669	0.98475	0.01061	0.0045905	4.9424e-05
670	0.98437	0.010994	0.0045879	5.1184e-05
671	0.98551	0.0098501	0.0045924	4.5839e-05
672	0.9884	0.0069674	0.004605	3.2413e-05
673	0.98916	0.0062078	0.0046076	2.8883e-05
674	0.98844	0.0069282	0.0046034	3.2251e-05
675	0.98883	0.006537	0.0046043	3.0431e-05
676	0.99062	0.0047446	0.0046117	2.2101e-05
677	0.99079	0.0045786	0.0046116	2.1331e-05
678	0.98947	0.0058996	0.0046046	2.7476e-05
679	0.98945	0.0059142	0.0046037	2.7547e-05
680	0.99051	0.0048635	0.0046077	2.265e-05
681	0.99299	0.0023803	0.0046184	1.1102e-05
682	0.99216	0.0032155	0.0046137	1.4996e-05
683	0.99223	0.0031419	0.0046132	1.4651e-05
684	0.99322	0.0021537	0.004617	1.0042e-05
685	0.99118	0.0041972	0.0046068	1.9536e-05
686	0.98648	0.0088973	0.0045842	4.1394e-05
687	0.98389	0.011483	0.0045713	5.3431e-05
688	0.98273	0.012644	0.0045651	5.8824e-05
689	0.97848	0.0169	0.0045445	7.8622e-05
690	0.97605	0.019332	0.0045325	8.9913e-05
691	0.97525	0.020131	0.0045281	9.3592e-05
692	0.97641	0.018967	0.0045327	8.8171e-05
693	0.97922	0.016158	0.004545	7.5089e-05
694	0.98437	0.011007	0.0045682	5.1153e-05
695	0.99186	0.0035188	0.0046023	1.634e-05
696	0.99533	5.4966e-05	0.0046176	2.5549e-07
697	0.99534	4.1214e-05	0.0046169	1.9144e-07
698	0.99467	0.00071194	0.0046131	3.31e-06
699	0.99343	0.0019531	0.0046065	9.0897e-06
700	0.99051	0.004876	0.0045921	2.2683e-05
701	0.98393	0.011451	0.0045608	5.3286e-05
702	0.98003	0.015354	0.0045418	7.1477e-05
703	0.97784	0.017543	0.0045308	8.1674e-05
704	0.9772	0.018185	0.0045271	8.4662e-05
705	0.97806	0.017327	0.0045303	8.0675e-05
706	0.9805	0.014885	0.004541	6.9319e-05
707	0.9847	0.010692	0.0045598	4.9814e-05
708	0.99096	0.0044294	0.0045883	2.0673e-05
709	0.95232	0.043071	0.0044084	0.00019999
710	0.9257	0.069693	0.0042841	0.0003236
711	0.90615	0.089243	0.0041929	0.00041425
712	0.89336	0.10203	0.0041329	0.00047359
713	0.88477	0.11062	0.0040925	0.00051337
714	0.88051	0.11489	0.0040721	0.00053313
715	0.88018	0.11521	0.0040699	0.00053469
716	0.88279	0.11261	0.0040814	0.00052263
717	0.877	0.1184	0.004054	0.00054939
718	0.8744	0.121	0.0040415	0.00056138
719	0.87555	0.11985	0.0040462	0.000556
720	0.88079	0.11461	0.0040699	0.00053175
721	0.88962	0.10578	0.0041102	0.00049085
722	0.90273	0.092669	0.0041704	0.00043008
723	0.92115	0.074249	0.0042553	0.00034465
724	0.92825	0.067148	0.0042876	0.00031173
725	0.93887	0.056529	0.0043364	0.00026247
726	0.95382	0.041586	0.0044052	0.00019313
727	0.95907	0.036335	0.0044291	0.00016871
728	0.96787	0.027533	0.0044695	0.00012787
729	0.98025	0.015157	0.0045264	7.0413e-05
730	0.98007	0.01533	0.0045253	7.1161e-05
731	0.977	0.0184	0.0045106	8.5329e-05
732	0.97562	0.019788	0.0045038	9.1699e-05
733	0.9758	0.019603	0.0045043	9.0777e-05
734	0.97799	0.017416	0.004514	8.0614e-05
735	0.98197	0.013439	0.0045321	6.2153e-05
736	0.98299	0.012421	0.0045364	5.7409e-05
737	0.98584	0.0095706	0.0045491	4.4215e-05
738	0.99092	0.0044894	0.0045721	2.0739e-05
739	0.9868	0.0086119	0.0045526	3.9735e-05
740	0.98458	0.010833	0.0045419	4.9973e-05
741	0.98403	0.011382	0.0045389	5.2513e-05
742	0.98094	0.014467	0.0045241	6.6771e-05
743	0.97945	0.015964	0.0045167	7.3674e-05
744	0.97384	0.021573	0.0044903	9.9521e-05
745	0.9606	0.03481	0.0044288	0.00016058
746	0.95221	0.043199	0.0043895	0.00019931
747	0.94676	0.048655	0.0043639	0.00022445
748	0.94445	0.050961	0.0043527	0.00023509
749	0.94437	0.05104	0.0043519	0.00023543
750	0.94715	0.048261	0.0043641	0.00022262
751	0.95237	0.043045	0.0043877	0.00019855
752	0.96124	0.034174	0.0044281	0.00015768
753	0.97377	0.021644	0.0044854	9.9901e-05
754	0.99099	0.0044278	0.0045643	2.045e-05
755	0.99015	0.0052647	0.00456	2.4313e-05
756	0.99034	0.0050796	0.0045604	2.3455e-05
757	0.98899	0.00643	0.0045537	2.9667e-05
758	0.98875	0.00667	0.0045522	3.0751e-05
759	0.98985	0.0055723	0.0045569	2.5683e-05
760	0.99243	0.0029837	0.0045684	1.3762e-05
761	0.99337	0.0020502	0.0045722	9.4574e-06
762	0.99527	0.00014389	0.0045806	6.6308e-07
763	0.9944	0.0010227	0.0045762	4.7077e-06
764	0.99433	0.0010929	0.0045754	5.0345e-06
765	0.99497	0.00045096	0.0045779	2.079e-06
766	0.9945	0.0009194	0.0045754	4.2348e-06
767	0.99039	0.0050328	0.004556	2.3186e-05
768	0.9878	0.0076239	0.0045437	3.5109e-05
769	0.9868	0.008626	0.0045386	3.9729e-05
770	0.98698	0.008445	0.0045391	3.8891e-05
771	0.9886	0.0068258	0.0045461	3.1448e-05
772	0.98852	0.0069069	0.0045453	3.1841e-05
773	0.98955	0.0058776	0.0045496	2.7113e-05
774	0.99178	0.0036463	0.0045595	1.6843e-05
775	0.99027	0.0051562	0.0045521	2.3825e-05
776	0.98983	0.0055991	0.0045497	2.588e-05
777	0.99042	0.0050085	0.004552	2.3167e-05
778	0.98948	0.0059477	0.0045474	2.7503e-05
779	0.9864	0.0090238	0.0045328	4.1718e-05
780	0.98475	0.010675	0.0045249	4.9347e-05
781	0.97995	0.015472	0.0045024	7.152e-05
782	0.97703	0.018401	0.0044885	8.5051e-05
783	0.97615	0.019277	0.0044841	8.9141e-05
784	0.95769	0.037742	0.0043985	0.00017441
785	0.9456	0.04983	0.0043423	0.0002303
786	0.93724	0.05819	0.0043034	0.00026892
787	0.93195	0.063477	0.0042787	0.00029331
788	0.92991	0.065522	0.0042689	0.0003028
789	0.93025	0.065177	0.0042702	0.00030126
790	0.90563	0.089799	0.0041561	0.00041496
791	0.8876	0.10783	0.0040727	0.00049816
792	0.87478	0.12065	0.0040134	0.00055721
793	0.86621	0.12922	0.0039737	0.00059665
794	0.86124	0.13419	0.0039507	0.00061949
795	0.85952	0.13591	0.0039427	0.00062726
796	0.84846	0.14697	0.0038917	0.00067809
797	0.81754	0.17789	0.0037495	0.00082011
798	0.7404	0.25503	0.0033954	0.0011741
799	0.54952	0.44592	0.0025203	0.0020491
800	0.41575	0.57968	0.0019065	0.0026627
801	0.32362	0.67181	0.0014835	0.0030856
802	0.25366	0.74177	0.0011625	0.0034064
803	0.20478	0.79065	0.00093808	0.0036307
804	0.16775	0.82768	0.00076823	0.0038004
805	0.13975	0.85568	0.00063997	0.0039285
806	0.12048	0.87495	0.00055161	0.0040167
807	0.10774	0.88769	0.00049314	0.0040751
808	0.099764	0.89567	0.00045644	0.0041116
809	0.095429	0.9	0.00043642	0.0041314
810	0.093274	0.90216	0.00042645	0.0041412
811	0.081652	0.91378	0.00037299	0.0041945
812	0.074086	0.92135	0.00033811	0.0042292
813	0.068925	0.92651	0.00031432	0.0042528
814	0.065764	0.92967	0.00029973	0.0042672
815	0.064322	0.93111	0.00029305	0.0042738
816	0.064491	0.93094	0.00029377	0.0042729
817	0.066316	0.92912	0.00030208	0.0042645
818	0.070584	0.92485	0.00032152	0.0042449
819	0.07705	0.91838	0.00035104	0.0042153
820	0.087398	0.90804	0.00039823	0.0041679
821	0.1014	0.89403	0.00046219	0.0041039
822	0.12022	0.87522	0.00054821	0.0040177
823	0.14532	0.85012	0.00066309	0.0039028
824	0.18145	0.81399	0.00082831	0.0037374
825	0.2293	0.76614	0.0010474	0.0035183
826	0.24876	0.74667	0.0011363	0.0034292
827	0.2776	0.71783	0.0012681	0.0032974
828	0.31625	0.67919	0.0014448	0.0031205
829	0.36749	0.62794	0.0016795	0.0028858
830	0.43554	0.5599	0.0019913	0.0025738
831	0.5257	0.46973	0.0024051	0.0021601
832	0.51393	0.48151	0.0023512	0.0022139
833	0.50849	0.48695	0.0023263	0.0022388
834	0.50725	0.48818	0.0023207	0.0022444
835	0.51128	0.48415	0.0023392	0.0022258
836	0.5197	0.47574	0.0023779	0.0021871
837	0.53478	0.46066	0.0024471	0.0021178
838	0.55846	0.43698	0.0025556	0.0020093
839	0.59438	0.40105	0.0027201	0.0018447
840	0.64246	0.35298	0.0029405	0.0016242
841	0.70632	0.28911	0.0032337	0.001331
842	0.7311	0.26434	0.0033475	0.0012172
843	0.73833	0.25711	0.0033809	0.0011838
844	0.7519	0.24353	0.0034433	0.0011214
845	0.77371	0.22173	0.0035434	0.0010213
846	0.80352	0.19192	0.0036804	0.00088431
847	0.79906	0.19637	0.0036598	0.00090481
848	0.79911	0.19633	0.0036599	0.00090469
849	0.80271	0.19272	0.0036764	0.00088815
850	0.81016	0.18528	0.0037107	0.0008539
851	0.82204	0.1734	0.0037654	0.00079924
852	0.83927	0.15616	0.0038448	0.00071984
853	0.86575	0.12969	0.0039667	0.00059801
854	0.9014	0.094033	0.0041309	0.0004338
855	0.91524	0.080196	0.0041948	0.00036999
856	0.90897	0.086466	0.0041661	0.00039875
857	0.90653	0.0889	0.004155	0.00040993
858	0.90681	0.088622	0.0041564	0.0004086
859	0.91066	0.084773	0.0041741	0.0003909
860	0.9176	0.077836	0.0042061	0.00035895
861	0.92817	0.067267	0.0042549	0.00031024
862	0.9448	0.05063	0.0043316	0.00023366
863	0.96745	0.027987	0.004436	0.00012933
864	0.96887	0.026563	0.0044426	0.00012278
865	0.97218	0.023256	0.0044579	0.00010754
866	0.9776	0.017835	0.0044831	8.2538e-05
867	0.98554	0.00989	0.0045199	4.5868e-05
868	0.98482	0.010611	0.0045167	4.9178e-05
869	0.9856	0.0098309	0.0045205	4.5589e-05
870	0.98804	0.0073899	0.0045318	3.4369e-05
871	0.9847	0.010738	0.0045165	4.989e-05
872	0.976	0.019432	0.0044764	9.0144e-05
873	0.97004	0.025393	0.004449	0.00011773
874	0.95357	0.041863	0.0043731	0.00019387
875	0.94272	0.052712	0.0043231	0.00024409
876	0.93532	0.060108	0.0042891	0.00027833
877	0.93082	0.064612	0.0042685	0.00029919
878	0.92886	0.066568	0.0042597	0.00030828
879	0.91975	0.075678	0.0042179	0.00035043
880	0.89668	0.098752	0.0041113	0.00045719
881	0.87988	0.11555	0.0040339	0.0005349
882	0.86807	0.12736	0.0039796	0.00058949
883	0.83622	0.15921	0.0038326	0.00073674
884	0.81274	0.18269	0.0037244	0.00084527
885	0.79592	0.19951	0.0036471	0.00092293
886	0.78439	0.21104	0.0035942	0.00097619
887	0.77726	0.21817	0.0035616	0.0010091
888	0.774	0.22143	0.003547	0.0010242
889	0.77441	0.22102	0.0035493	0.0010223
890	0.77846	0.21697	0.0035684	0.0010036
891	0.78647	0.20896	0.0036059	0.00096659
892	0.80048	0.19495	0.003671	0.00090197
893	0.82035	0.17507	0.0037633	0.00081017
894	0.8257	0.16972	0.0037886	0.00078537
895	0.82199	0.17344	0.003772	0.00080242
896	0.82171	0.17371	0.0037713	0.00080358
897	0.82574	0.16968	0.0037905	0.00078492
898	0.8346	0.16082	0.0038318	0.00074405
899	0.84799	0.14744	0.0038941	0.00068222
900	0.86701	0.12841	0.0039826	0.00059423
901	0.89316	0.10227	0.0041043	0.00047314
902	0.93136	0.064067	0.0042816	0.00029638
903	0.9874	0.0080227	0.0045412	3.7222e-05
904	0.98571	0.0097108	0.004534	4.4996e-05
905	0.98529	0.01013	0.0045326	4.6908e-05
906	0.98635	0.009066	0.004538	4.1993e-05
907	0.98529	0.010133	0.0045337	4.6905e-05
908	0.9857	0.0097162	0.0045361	4.499e-05
909	0.98739	0.0080308	0.0045445	3.7207e-05
910	0.98701	0.0084077	0.0045433	3.8941e-05
911	0.9878	0.0076169	0.0045476	3.5276e-05
912	0.98982	0.0055985	0.0045576	2.593e-05
913	0.98692	0.0084976	0.0045449	3.9276e-05
914	0.98541	0.010001	0.0045387	4.618e-05
915	0.98541	0.010002	0.0045394	4.617e-05
916	0.98691	0.0084997	0.0045469	3.924e-05
917	0.98981	0.0056022	0.004561	2.5856e-05
918	0.9948	0.0006136	0.0045847	2.8359e-06
919	0.99456	0.00084736	0.0045843	3.9128e-06
920	0.995	0.00041	0.004587	1.8908e-06
921	0.9953	0.00010873	0.0045891	5.0052e-07
922	0.99225	0.0031571	0.0045757	1.454e-05
923	0.99064	0.0047673	0.0045689	2.1966e-05
924	0.9903	0.0051093	0.0045679	2.3553e-05
925	0.98821	0.0071987	0.0045588	3.3217e-05
926	0.98734	0.0080671	0.0045554	3.7233e-05
927	0.98788	0.0075224	0.0045585	3.4739e-05
928	0.98675	0.0086603	0.0045538	4.0026e-05
929	0.9868	0.0086076	0.0045546	3.9803e-05
930	0.98804	0.0073604	0.004561	3.405e-05
931	0.98755	0.007852	0.0045593	3.6343e-05
932	0.9882	0.0072019	0.0045629	3.3348e-05
933	0.99006	0.0053477	0.0045721	2.4773e-05
934	0.99019	0.005212	0.0045734	2.4139e-05
935	0.99136	0.0040373	0.0045796	1.8689e-05
936	0.99395	0.0014512	0.0045922	6.7182e-06
937	0.9917	0.0037015	0.0045825	1.7129e-05
938	0.99055	0.0048469	0.0045778	2.2423e-05
939	0.98748	0.0079237	0.0045643	3.6663e-05
940	0.9861	0.0093013	0.0045585	4.306e-05
941	0.98595	0.0094493	0.0045585	4.3755e-05
942	0.98703	0.0083657	0.0045642	3.8739e-05
943	0.98607	0.0093289	0.0045604	4.3182e-05
944	0.98659	0.0088055	0.0045635	4.0759e-05
945	0.98867	0.0067223	0.0045738	3.1131e-05
946	0.98881	0.0065825	0.0045751	3.0504e-05
947	0.99006	0.0053334	0.0045816	2.473e-05
948	0.99251	0.00288	0.0045936	1.3365e-05
949	0.99339	0.0020043	0.0045984	9.3015e-06
950	0.99351	0.0018826	0.0045997	8.7416e-06
951	0.99445	0.00094262	0.0046047	4.383e-06
952	0.99359	0.001803	0.0046014	8.3877e-06
953	0.99144	0.0039516	0.0045922	1.8377e-05
954	0.99039	0.0050012	0.0045881	2.3259e-05
955	0.99036	0.0050316	0.0045887	2.3404e-05
956	0.99134	0.0040451	0.0045941	1.8821e-05
957	0.98797	0.0074153	0.0045792	3.4486e-05
958	0.96084	0.03455	0.0044538	0.00016071
959	0.94069	0.054699	0.0043609	0.00025438
960	0.92607	0.069317	0.0042938	0.00032231
961	0.91583	0.079551	0.0042471	0.00036985
962	0.90996	0.08542	0.0042206	0.00039717
963	0.90771	0.087669	0.0042109	0.00040772
