#coord	neutral	conserved	gBGC.neutral	gBGC.conserved
1	0.76163	0.23386	0.0034448	0.0010603
2	0.7675	0.22799	0.003471	0.0010335
3	0.7777	0.21779	0.0035169	0.00098708
4	0.79456	0.20093	0.0035929	0.00091057
5	0.82023	0.17526	0.0037085	0.00079434
6	0.85864	0.13686	0.0038815	0.00062078
7	0.90983	0.085665	0.0041126	0.00038916
8	0.9323	0.063201	0.0042139	0.00028734
9	0.9627	0.032803	0.0043514	0.00014938
10	0.97451	0.020989	0.0044046	9.5679e-05
11	0.9789	0.016603	0.0044242	7.5696e-05
12	0.98555	0.0099489	0.0044542	4.5355e-05
13	0.98823	0.0072686	0.004466	3.3149e-05
14	0.99251	0.0029927	0.0044851	1.3669e-05
15	0.99427	0.001233	0.0044929	5.6405e-06
16	0.99375	0.0017539	0.0044902	7.9925e-06
17	0.994	0.001501	0.0044912	6.8331e-06
18	0.99363	0.0018691	0.0044893	8.4875e-06
19	0.99405	0.0014547	0.0044911	6.5926e-06
20	0.99543	7.3746e-05	0.0044971	3.3362e-07
21	0.99548	2.7654e-05	0.0044972	1.2499e-07
22	0.9952	0.00030499	0.0044957	1.3812e-06
23	0.9948	0.00070694	0.0044937	3.199e-06
24	0.99505	0.00045509	0.0044947	2.0566e-06
25	0.99515	0.00035221	0.004495	1.5923e-06
26	0.99517	0.00033173	0.004495	1.4969e-06
27	0.99418	0.0013225	0.0044903	5.9695e-06
28	0.99407	0.0014318	0.0044897	6.4688e-06
29	0.99472	0.00078805	0.0044925	3.5582e-06
30	0.995	0.00050312	0.0044936	2.2737e-06
31	0.99409	0.0014141	0.0044893	6.4028e-06
32	0.99198	0.0035265	0.0044796	1.5957e-05
33	0.99084	0.0046671	0.0044744	2.1103e-05
34	0.99061	0.0048956	0.0044733	2.2114e-05
35	0.99141	0.0040907	0.0044769	1.847e-05
36	0.99085	0.0046524	0.0044743	2.1008e-05
37	0.9913	0.004201	0.0044762	1.8983e-05
38	0.99266	0.0028481	0.0044822	1.2873e-05
39	0.99281	0.0026953	0.0044828	1.2193e-05
40	0.99376	0.0017412	0.0044871	7.8823e-06
41	0.99388	0.0016269	0.0044876	7.3605e-06
42	0.99327	0.0022366	0.0044848	1.0122e-05
43	0.99341	0.002093	0.0044854	9.4687e-06
44	0.99276	0.0027429	0.0044825	1.2414e-05
45	0.99298	0.0025264	0.0044835	1.1433e-05
46	0.99408	0.0014266	0.0044885	6.4487e-06
47	0.99449	0.0010115	0.0044904	4.5703e-06
48	0.99454	0.0009607	0.0044907	4.3447e-06
49	0.99531	0.00019755	0.0044942	8.9405e-07
50	0.99532	0.00018646	0.0044943	8.4175e-07
51	0.99543	7.5238e-05	0.0044949	3.4003e-07
52	0.99535	0.00015191	0.0044946	6.8489e-07
53	0.99454	0.00096017	0.0044912	4.3179e-06
54	0.993	0.0025037	0.0044843	1.1263e-05
55	0.99255	0.0029546	0.0044824	1.3293e-05
56	0.99313	0.0023758	0.0044851	1.0688e-05
57	0.9928	0.0027022	0.0044838	1.2147e-05
58	0.99147	0.0040368	0.0044779	1.8153e-05
59	0.9793	0.016208	0.0044231	7.3013e-05
60	0.97146	0.024041	0.0043878	0.00010837
61	0.96624	0.029264	0.0043644	0.0001319
62	0.96322	0.032287	0.0043509	0.00014546
63	0.96256	0.03294	0.0043482	0.00014837
64	0.95746	0.038041	0.0043253	0.00017136
65	0.95525	0.040248	0.0043154	0.00018134
66	0.95507	0.040435	0.0043147	0.00018216
67	0.94998	0.045518	0.0042918	0.00020511
68	0.94728	0.048219	0.0042798	0.00021725
69	0.94738	0.048124	0.0042803	0.00021682
70	0.94229	0.053216	0.0042574	0.00023984
71	0.94036	0.055138	0.0042487	0.00024859
72	0.94134	0.054159	0.0042531	0.00024429
73	0.94466	0.050841	0.0042681	0.00022938
74	0.95125	0.044248	0.0042978	0.00019974
75	0.96102	0.034487	0.0043419	0.00015575
76	0.96395	0.031549	0.0043553	0.00014249
77	0.96968	0.025824	0.0043813	0.00011668
78	0.97813	0.017375	0.0044196	7.8513e-05
79	0.98144	0.014063	0.0044347	6.358e-05
80	0.98164	0.013863	0.0044357	6.2678e-05
81	0.98325	0.012248	0.0044433	5.5352e-05
82	0.97635	0.019149	0.0044125	8.6419e-05
83	0.97227	0.02323	0.0043943	0.00010481
84	0.97011	0.02539	0.0043849	0.0001145
85	0.97006	0.025442	0.004385	0.0001147
86	0.9662	0.029298	0.0043678	0.00013209
87	0.96484	0.030659	0.0043619	0.00013826
88	0.96531	0.030191	0.0043643	0.00013613
89	0.96807	0.027432	0.004377	0.00012367
90	0.97359	0.021913	0.0044021	9.8797e-05
91	0.98264	0.012861	0.004443	5.8042e-05
92	0.98602	0.0094832	0.0044585	4.281e-05
93	0.98695	0.008551	0.0044629	3.8635e-05
94	0.98582	0.0096773	0.004458	4.3741e-05
95	0.98594	0.0095611	0.0044588	4.3207e-05
96	0.9876	0.0079	0.0044666	3.5708e-05
97	0.98724	0.0082603	0.0044653	3.7325e-05
98	0.98831	0.0071893	0.0044704	3.2487e-05
99	0.99096	0.0045374	0.0044826	2.0523e-05
100	0.98914	0.0063567	0.0044747	2.8755e-05
101	0.98867	0.0068215	0.0044729	3.0876e-05
102	0.9895	0.005991	0.0044769	2.715e-05
103	0.98867	0.0068306	0.0044733	3.097e-05
104	0.98916	0.0063335	0.0044758	2.8753e-05
105	0.99079	0.0047038	0.0044835	2.1389e-05
106	0.99087	0.004622	0.0044842	2.1029e-05
107	0.98942	0.0060713	0.0044781	2.7605e-05
108	0.98909	0.006407	0.004477	2.9117e-05
109	0.99007	0.0054284	0.0044818	2.4687e-05
110	0.9922	0.0032904	0.004492	1.498e-05
111	0.99282	0.0026693	0.0044953	1.2151e-05
112	0.99251	0.0029804	0.0044944	1.3569e-05
113	0.99307	0.0024171	0.0044974	1.1011e-05
114	0.99456	0.00092833	0.0045047	4.2388e-06
115	0.96509	0.030399	0.004371	0.00013849
116	0.94491	0.050583	0.0042794	0.0002306
117	0.93144	0.064051	0.0042183	0.0002922
118	0.92203	0.073461	0.0041758	0.00033521
119	0.91675	0.078743	0.004152	0.00035949
120	0.91492	0.080572	0.0041439	0.00036809
121	0.91569	0.079796	0.0041477	0.0003648
122	0.91913	0.076356	0.0041637	0.00034933
123	0.9255	0.069982	0.0041932	0.00032046
124	0.92491	0.070576	0.004191	0.00032326
125	0.9268	0.068687	0.0042003	0.00031469
126	0.93132	0.064165	0.0042216	0.00029407
127	0.92946	0.066026	0.0042139	0.00030251
128	0.93058	0.064902	0.0042198	0.00029739
129	0.93497	0.060509	0.0042404	0.00027743
130	0.93374	0.06174	0.0042354	0.00028316
131	0.93484	0.060645	0.004241	0.00027825
132	0.93837	0.057107	0.0042579	0.00026214
133	0.93595	0.059534	0.0042476	0.00027321
134	0.93652	0.058955	0.004251	0.00027062
135	0.93945	0.056031	0.0042651	0.00025729
136	0.94497	0.050502	0.0042913	0.00023199
137	0.95437	0.041102	0.004335	0.00018906
138	0.96764	0.027836	0.0043966	0.00012834
139	0.96629	0.029183	0.0043914	0.00013449
140	0.96672	0.028754	0.0043943	0.0001325
141	0.96895	0.026518	0.0044056	0.0001222
142	0.97317	0.022305	0.004426	0.00010279
143	0.97338	0.022095	0.0044281	0.00010173
144	0.97524	0.020229	0.0044379	9.3061e-05
145	0.97933	0.016137	0.0044578	7.421e-05
146	0.98022	0.015249	0.004463	7.0097e-05
147	0.98263	0.012835	0.0044752	5.8968e-05
148	0.98716	0.0083019	0.0044971	3.815e-05
149	0.98861	0.0068529	0.0045049	3.1463e-05
150	0.98842	0.007039	0.0045052	3.2288e-05
151	0.9896	0.0058593	0.0045116	2.6888e-05
152	0.99201	0.0034514	0.0045238	1.5846e-05
153	0.99292	0.0025402	0.004529	1.1679e-05
154	0.99042	0.0050339	0.0045187	2.3096e-05
155	0.98933	0.0061246	0.0045148	2.8116e-05
156	0.9858	0.0096547	0.0044998	4.43e-05
157	0.98379	0.011667	0.0044918	5.352e-05
158	0.9834	0.012053	0.0044911	5.5319e-05
159	0.97981	0.015642	0.0044759	7.1772e-05
160	0.97829	0.017156	0.0044701	7.8761e-05
161	0.97829	0.017164	0.0044712	7.8825e-05
162	0.97489	0.020557	0.0044569	9.4372e-05
163	0.9652	0.030246	0.0044139	0.00013869
164	0.95933	0.036112	0.0043883	0.00016559
165	0.95647	0.038974	0.0043763	0.00017879
166	0.94738	0.048061	0.0043357	0.00022062
167	0.94137	0.054075	0.0043093	0.0002483
168	0.93857	0.056871	0.0042976	0.00026127
169	0.93808	0.057358	0.0042966	0.00026361
170	0.94056	0.054879	0.004309	0.00025239
171	0.92474	0.070697	0.0042373	0.0003254
172	0.91351	0.081929	0.0041868	0.00037722
173	0.90706	0.088375	0.0041581	0.00040711
174	0.9045	0.090934	0.0041473	0.0004192
175	0.90464	0.090792	0.004149	0.0004188
176	0.89751	0.09792	0.0041171	0.00045197
177	0.89356	0.10187	0.0040999	0.00047041
178	0.8925	0.10293	0.0040962	0.00047552
179	0.89423	0.10119	0.0041054	0.00046767
180	0.89895	0.096478	0.0041284	0.00044604
181	0.90814	0.087288	0.004172	0.00040384
182	0.92308	0.072341	0.0042421	0.00033519
183	0.94365	0.051768	0.0043382	0.00024043
184	0.95194	0.043478	0.0043777	0.00020235
185	0.95355	0.041866	0.0043864	0.00019504
186	0.95	0.04542	0.0043713	0.00021161
187	0.93914	0.056274	0.0043222	0.00026215
188	0.93181	0.063601	0.0042896	0.00029628
189	0.92807	0.067339	0.0042735	0.00031384
190	0.92688	0.068534	0.0042693	0.00031958
191	0.92871	0.0667	0.004279	0.00031133
192	0.93314	0.062267	0.0043009	0.00029099
193	0.88562	0.10979	0.0040806	0.00051279
194	0.85287	0.14254	0.0039288	0.00066606
195	0.83071	0.16469	0.0038263	0.00077008
196	0.77891	0.21649	0.0035845	0.0010133
197	0.74027	0.25513	0.0034045	0.0011947
198	0.71176	0.28364	0.0032722	0.0013286
199	0.69115	0.30425	0.0031769	0.0014255
200	0.6783	0.3171	0.0031175	0.0014864
201	0.6703	0.32509	0.003081	0.0015245
202	0.64278	0.35261	0.0029534	0.0016537
203	0.62288	0.37251	0.0028615	0.0017472
204	0.60919	0.3862	0.0027987	0.0018117
205	0.60055	0.39484	0.0027594	0.0018527
206	0.59638	0.399	0.0027411	0.0018728
207	0.5977	0.39768	0.002748	0.0018675
208	0.58472	0.41066	0.0026886	0.0019287
209	0.57671	0.41867	0.0026524	0.0019667
210	0.54677	0.44861	0.0025144	0.0021065
211	0.52508	0.4703	0.0024149	0.0022079
212	0.50993	0.48545	0.0023458	0.0022789
213	0.50013	0.49524	0.0023016	0.002325
214	0.46822	0.52716	0.0021551	0.0024734
215	0.39329	0.60208	0.001809	0.0028215
216	0.33683	0.65854	0.0015486	0.0030838
217	0.29439	0.70098	0.0013532	0.0032812
218	0.26572	0.72964	0.0012211	0.0034153
219	0.2445	0.75086	0.0011236	0.0035148
220	0.22912	0.76624	0.0010531	0.0035873
221	0.18446	0.8109	0.00084755	0.0037949
222	0.15394	0.84142	0.00070685	0.0039377
223	0.13105	0.8643	0.00060152	0.0040451
224	0.11576	0.87959	0.00053104	0.0041176
225	0.10462	0.89073	0.00047984	0.0041709
226	0.096768	0.89858	0.00044387	0.004209
227	0.092337	0.90301	0.00042362	0.0042314
228	0.09091	0.90443	0.00041719	0.0042399
229	0.092286	0.90305	0.00042369	0.0042355
230	0.095735	0.8996	0.00043986	0.0042215
231	0.10157	0.89377	0.00046716	0.0041963
232	0.11122	0.88411	0.00051216	0.0041534
233	0.12456	0.87077	0.00057442	0.0040933
234	0.14269	0.85264	0.00065916	0.0040108
235	0.1465	0.84883	0.00067731	0.0039949
236	0.15444	0.84088	0.00071467	0.0039597
237	0.16603	0.82929	0.00076917	0.0039074
238	0.14862	0.8467	0.00068832	0.0039905
239	0.1359	0.85942	0.0006294	0.0040517
240	0.12796	0.86736	0.00059265	0.0040907
241	0.12397	0.87135	0.00057423	0.0041114
242	0.12242	0.87289	0.00056726	0.0041207
243	0.12323	0.87208	0.00057141	0.0041188
244	0.12647	0.86884	0.00058699	0.0041056
245	0.13329	0.86201	0.0006193	0.0040756
246	0.14337	0.85193	0.00066701	0.0040303
247	0.15894	0.83636	0.00074046	0.0039592
248	0.18	0.8153	0.00083991	0.0038621
249	0.20827	0.78702	0.00097365	0.0037307
250	0.24912	0.74617	0.0011666	0.0035402
251	0.30308	0.69221	0.0014219	0.0032873
252	0.37456	0.62073	0.0017608	0.0029509
253	0.40489	0.5904	0.001905	0.0028091
254	0.44555	0.54973	0.0020986	0.0026179
255	0.49963	0.49565	0.0023565	0.0023626
256	0.51914	0.47614	0.0024502	0.0022713
257	0.54615	0.44912	0.0025799	0.0021441
258	0.58272	0.41255	0.0027555	0.0019711
259	0.63184	0.36343	0.0029915	0.0017376
260	0.69737	0.2979	0.0033066	0.0014251
261	0.793	0.20226	0.0037655	0.00096883
262	0.83142	0.16384	0.0039517	0.0007853
263	0.84631	0.14895	0.0040252	0.00071443
264	0.8695	0.12575	0.0041383	0.00060393
265	0.90089	0.094362	0.004291	0.00045385
266	0.91402	0.081232	0.0043562	0.00039126
267	0.9324	0.062852	0.0044468	0.0003033
268	0.93851	0.056741	0.0044787	0.00027407
269	0.93827	0.056977	0.0044802	0.00027527
270	0.94033	0.054908	0.0044929	0.00026535
271	0.94483	0.050407	0.0045174	0.00024367
272	0.95214	0.043091	0.0045557	0.0002083
273	0.96402	0.031215	0.0046159	0.00015094
274	0.96812	0.027113	0.0046386	0.00013107
275	0.97523	0.020001	0.0046758	9.6675e-05
276	0.98625	0.0089721	0.004732	4.3369e-05
277	0.99071	0.0045125	0.0047563	2.1833e-05
278	0.99001	0.0052051	0.0047558	2.5176e-05
279	0.99034	0.0048744	0.0047602	2.3578e-05
280	0.98936	0.0058486	0.0047583	2.8295e-05
281	0.98945	0.005765	0.0047616	2.79e-05
282	0.98782	0.0073912	0.0047566	3.5743e-05
283	0.98736	0.0078416	0.0047574	3.7904e-05
284	0.98493	0.010275	0.0047486	4.9657e-05
285	0.98387	0.011325	0.0047464	5.4723e-05
286	0.97975	0.015444	0.0047295	7.4634e-05
287	0.97773	0.01746	0.0047226	8.4437e-05
288	0.97756	0.01763	0.0047246	8.5348e-05
289	0.97921	0.015976	0.0047353	7.7459e-05
290	0.98252	0.012664	0.0047542	6.1509e-05
291	0.98772	0.0074619	0.0047823	3.634e-05
292	0.98068	0.014496	0.004751	7.0669e-05
293	0.97641	0.018765	0.0047329	9.1605e-05
294	0.97398	0.021192	0.004724	0.00010355
295	0.96613	0.029035	0.0046886	0.0001419
296	0.96093	0.034239	0.0046662	0.00016736
297	0.95799	0.03717	0.0046549	0.00018173
298	0.95763	0.037534	0.004656	0.00018365
299	0.95923	0.035927	0.0046669	0.00017591
300	0.9629	0.03225	0.0046879	0.000158
301	0.95271	0.04244	0.0046414	0.00020771
302	0.94648	0.048663	0.0046141	0.0002382
303	0.94284	0.052302	0.0045994	0.00025605
304	0.94216	0.052979	0.0045992	0.0002595
305	0.94368	0.051456	0.0046098	0.00025213
306	0.94827	0.046869	0.0046353	0.0002298
307	0.94713	0.048002	0.0046328	0.00023552
308	0.94814	0.046987	0.0046409	0.00023067
309	0.95192	0.043206	0.0046625	0.00021228
310	0.95827	0.03685	0.0046968	0.00018116
311	0.96765	0.02747	0.0047462	0.00013506
312	0.98217	0.012948	0.0048209	6.3667e-05
313	0.98288	0.012232	0.0048276	6.0181e-05
314	0.98529	0.0098147	0.0048427	4.8347e-05
315	0.98932	0.0057883	0.0048658	2.8544e-05
316	0.99066	0.0044467	0.0048757	2.1931e-05
317	0.99061	0.0044875	0.0048788	2.2143e-05
318	0.98906	0.0060339	0.0048745	2.9763e-05
319	0.98509	0.010006	0.0048582	4.938e-05
320	0.98271	0.012375	0.0048498	6.1075e-05
321	0.9821	0.012987	0.0048501	6.4141e-05
322	0.98282	0.012261	0.0048571	6.0569e-05
323	0.98117	0.013904	0.0048523	6.8728e-05
324	0.98095	0.01413	0.0048545	6.9854e-05
325	0.9824	0.012676	0.0048651	6.2689e-05
326	0.98571	0.0093573	0.0048848	4.6305e-05
327	0.99142	0.0036495	0.0049164	1.8101e-05
328	0.98855	0.0065077	0.0049055	3.231e-05
329	0.987	0.008054	0.0049013	3.9997e-05
330	0.98666	0.0083939	0.004903	4.1679e-05
331	0.98771	0.007341	0.0049117	3.6456e-05
332	0.99029	0.0047612	0.0049279	2.3649e-05
333	0.9948	0.00024735	0.0049538	1.2295e-06
334	0.99408	0.00095999	0.0049537	4.7735e-06
335	0.99414	0.00089442	0.0049574	4.4501e-06
336	0.99501	2.4117e-05	0.0049651	1.201e-07
337	0.99486	0.00017565	0.0049678	8.7932e-07
338	0.99087	0.004161	0.0049513	2.0816e-05
339	0.98865	0.006377	0.0049435	3.1949e-05
340	0.98765	0.0073743	0.004942	3.6968e-05
341	0.98802	0.006996	0.0049472	3.512e-05
342	0.98956	0.0054554	0.0049584	2.742e-05
343	0.98624	0.0087734	0.0049451	4.4143e-05
344	0.98437	0.010634	0.0049392	5.3533e-05
345	0.98407	0.010929	0.0049411	5.5083e-05
346	0.98102	0.013985	0.0049291	7.0586e-05
347	0.97953	0.01547	0.004925	7.8151e-05
348	0.9795	0.015498	0.0049284	7.8358e-05
349	0.98092	0.014073	0.0049391	7.1203e-05
350	0.98433	0.010657	0.0049598	5.4013e-05
351	0.98964	0.0053466	0.0049903	2.7183e-05
352	0.98434	0.010635	0.0049671	5.3978e-05
353	0.98094	0.014034	0.0049536	7.1208e-05
354	0.97953	0.015446	0.00495	7.8433e-05
355	0.97956	0.015407	0.0049539	7.8284e-05
356	0.98103	0.01393	0.0049651	7.0818e-05
357	0.98406	0.010905	0.0049843	5.5438e-05
358	0.98932	0.0056382	0.0050148	2.8676e-05
359	0.99127	0.0036873	0.0050285	1.8776e-05
360	0.99169	0.0032593	0.0050345	1.6599e-05
361	0.99109	0.0038547	0.0050352	1.9641e-05
362	0.99142	0.0035167	0.0050407	1.7923e-05
363	0.99056	0.0043819	0.0050402	2.2317e-05
364	0.99085	0.0040828	0.0050456	2.0802e-05
365	0.98537	0.0095609	0.0050216	4.8666e-05
366	0.98215	0.012779	0.005009	6.5096e-05
367	0.98083	0.014087	0.0050061	7.1834e-05
368	0.98093	0.013991	0.0050105	7.1381e-05
369	0.98278	0.012133	0.0050238	6.1949e-05
370	0.98666	0.0082526	0.0050474	4.2202e-05
371	0.98773	0.0071808	0.0050567	3.6754e-05
372	0.98703	0.0078752	0.005057	4.0362e-05
373	0.98747	0.0074267	0.0050632	3.8093e-05
374	0.98933	0.0055624	0.0050766	2.8575e-05
375	0.99254	0.0023547	0.005097	1.2115e-05
376	0.99387	0.0010157	0.0051078	5.226e-06
377	0.99445	0.00043014	0.0051148	2.2167e-06
378	0.99478	9.6031e-05	0.0051205	4.9434e-07
379	0.99481	6.0328e-05	0.0051247	3.1098e-07
380	0.99396	0.00090772	0.0051243	4.6909e-06
381	0.99383	0.0010394	0.0051276	5.374e-06
382	0.99329	0.0015774	0.0051288	8.1696e-06
383	0.99193	0.0029308	0.0051257	1.5212e-05
384	0.98851	0.006349	0.005112	3.297e-05
385	0.98674	0.0081068	0.0051068	4.2162e-05
386	0.98621	0.0086361	0.005108	4.4966e-05
387	0.98686	0.0079784	0.0051155	4.1588e-05
388	0.98876	0.0060821	0.0051294	3.1743e-05
389	0.99202	0.0028156	0.0051506	1.4718e-05
390	0.9933	0.001527	0.0051616	7.9838e-06
391	0.98875	0.0060728	0.0051421	3.1675e-05
392	0.98584	0.00898	0.0051312	4.6832e-05
393	0.98459	0.010232	0.0051288	5.3407e-05
394	0.9846	0.010214	0.0051331	5.3345e-05
395	0.98613	0.0086814	0.0051453	4.5394e-05
396	0.98905	0.0057589	0.0051649	3.0136e-05
397	0.99002	0.0047857	0.0051742	2.5077e-05
398	0.98953	0.0052708	0.005176	2.7631e-05
399	0.99005	0.0047407	0.0051831	2.4852e-05
400	0.98914	0.0056506	0.0051827	2.9637e-05
401	0.98928	0.0055064	0.0051878	2.888e-05
402	0.99071	0.004069	0.0051997	2.1349e-05
403	0.99364	0.0011376	0.0052194	5.9799e-06
404	0.99362	0.0011453	0.0052237	6.0221e-06
405	0.99318	0.0015865	0.0052258	8.3537e-06
406	0.99203	0.0027351	0.005224	1.4432e-05
407	0.99178	0.0029815	0.0052271	1.5747e-05
408	0.9924	0.0023522	0.0052349	1.2428e-05
409	0.99227	0.0024818	0.0052386	1.3127e-05
410	0.99109	0.0036508	0.0052368	1.9311e-05
411	0.99088	0.003858	0.0052403	2.0402e-05
412	0.98943	0.0053059	0.0052371	2.8072e-05
413	0.98926	0.0054724	0.0052406	2.8984e-05
414	0.99035	0.0043807	0.0052508	2.3245e-05
415	0.99256	0.0021606	0.005267	1.1489e-05
416	0.9934	0.0013197	0.005276	7.0252e-06
417	0.99366	0.0010545	0.0052819	5.6281e-06
418	0.98586	0.0088462	0.0052449	4.7194e-05
419	0.98093	0.013777	0.005223	7.3605e-05
420	0.97787	0.016827	0.0052112	8.997e-05
421	0.96899	0.025701	0.0051684	0.00013742
422	0.96292	0.031767	0.0051406	0.00016989
423	0.9592	0.035484	0.0051254	0.00018981
424	0.958	0.036676	0.0051236	0.0001963
425	0.95918	0.035494	0.0051345	0.00019014
426	0.96299	0.031679	0.0051594	0.00016989
427	0.9692	0.025462	0.0051973	0.00013667
428	0.9791	0.015564	0.005255	8.3686e-05
429	0.99282	0.0018328	0.0053335	9.9012e-06
430	0.99103	0.0036261	0.0053286	1.9582e-05
431	0.98658	0.0080635	0.0053094	4.3513e-05
432	0.9838	0.010838	0.0052993	5.8483e-05
433	0.98246	0.012181	0.005297	6.5734e-05
434	0.9827	0.011933	0.0053032	6.4438e-05
435	0.98456	0.010064	0.0053181	5.4399e-05
436	0.97913	0.015496	0.0052937	8.3773e-05
437	0.97608	0.018537	0.005282	0.00010031
438	0.97511	0.019505	0.0052815	0.00010568
439	0.97569	0.01892	0.0052895	0.0001026
440	0.97822	0.016386	0.0053081	8.8974e-05
441	0.98302	0.011583	0.0053389	6.3039e-05
442	0.98065	0.013941	0.0053309	7.5963e-05
443	0.97977	0.014815	0.005331	8.0798e-05
444	0.98029	0.014292	0.0053389	7.7988e-05
445	0.98264	0.011939	0.0053566	6.5223e-05
446	0.98666	0.0079103	0.0053837	4.3234e-05
447	0.9933	0.0012711	0.005425	6.9732e-06
448	0.99032	0.0042383	0.0054137	2.3284e-05
449	0.98882	0.0057372	0.0054104	3.1585e-05
450	0.98841	0.006144	0.0054131	3.3883e-05
451	0.98597	0.0085738	0.0054047	4.7308e-05
452	0.98485	0.0096898	0.0054037	5.3504e-05
453	0.98497	0.0095642	0.0054095	5.285e-05
454	0.98633	0.0082005	0.0054222	4.5348e-05
455	0.98903	0.0054955	0.0054425	3.0398e-05
456	0.99374	0.0007771	0.0054738	4.3194e-06
457	0.98348	0.011038	0.0054223	6.1079e-05
458	0.97617	0.018346	0.0053872	0.00010153
459	0.97128	0.023226	0.0053656	0.00012858
460	0.95921	0.035291	0.005304	0.00019551
461	0.95151	0.042988	0.0052665	0.00023843
462	0.94732	0.047173	0.0052482	0.000262
463	0.79553	0.19896	0.0044069	0.0011087
464	0.68935	0.30512	0.0038177	0.0017031
465	0.60929	0.38518	0.0033742	0.002152
466	0.55458	0.43989	0.0030711	0.0024604
467	0.5137	0.48077	0.0028453	0.0026916
468	0.48646	0.508	0.0026951	0.0028471
469	0.46904	0.52541	0.0025996	0.0029479
470	0.45725	0.53719	0.0025356	0.0030173
471	0.45148	0.54296	0.0025051	0.0030532
472	0.45098	0.54345	0.0025039	0.0030597
473	0.43518	0.55925	0.0024169	0.0031521
474	0.42475	0.56967	0.0023602	0.0032142
475	0.42007	0.57435	0.0023355	0.0032443
476	0.33967	0.65474	0.0018821	0.0037031
477	0.27896	0.71545	0.0015401	0.0040506
478	0.2367	0.75771	0.0013015	0.0042946
479	0.20483	0.78957	0.0011218	0.0044797
480	0.18093	0.81346	0.00098719	0.0046198
481	0.1633	0.83108	0.00088795	0.0047246
482	0.15055	0.84383	0.00081621	0.0048019
483	0.14168	0.8527	0.00076629	0.0048574
484	0.13593	0.85844	0.00073394	0.0048954
485	0.1339	0.86047	0.00072213	0.0049128
486	0.11919	0.87517	0.00063902	0.0050015
487	0.10959	0.88477	0.0005845	0.0050617
488	0.10406	0.89029	0.00055265	0.0050992
489	0.10096	0.89338	0.00053437	0.0051231
490	0.087752	0.90659	0.00045886	0.0052043
491	0.078044	0.91629	0.00040314	0.0052657
492	0.071145	0.92318	0.0003632	0.0053114
493	0.067172	0.92715	0.00033942	0.0053409
494	0.065746	0.92857	0.00032946	0.0053565
495	0.066666	0.92764	0.00033195	0.0053597
496	0.059926	0.93438	0.00029218	0.0054052
497	0.056054	0.93824	0.00026821	0.0054349
498	0.053831	0.94046	0.00025316	0.0054557
499	0.053624	0.94066	0.00024861	0.005466
500	0.055407	0.93887	0.00025399	0.0054664
501	0.058812	0.93546	0.00026717	0.005459
502	0.064799	0.92947	0.0002924	0.0054395
503	0.073192	0.92107	0.00032864	0.0054091
504	0.085794	0.90846	0.00038387	0.0053596
505	0.10271	0.89154	0.00045853	0.0052908
506	0.12526	0.86899	0.00055857	0.0051966
507	0.13195	0.86229	0.00058503	0.005176
508	0.12906	0.86517	0.00056249	0.0052045
509	0.12939	0.86484	0.00055653	0.0052164
510	0.13214	0.86208	0.0005624	0.0052165
511	0.13752	0.85669	0.00058057	0.0052043
512	0.146	0.84821	0.00061268	0.0051782
513	0.15979	0.83441	0.00066796	0.0051289
514	0.17861	0.81559	0.00074479	0.0050581
515	0.20389	0.79031	0.00084908	0.0049599
516	0.24119	0.753	0.0010039	0.0048111
517	0.23769	0.75649	0.00097192	0.0048492
518	0.23844	0.75573	0.00096215	0.0048651
519	0.24378	0.75039	0.0009744	0.0048589
520	0.21085	0.78333	0.00084298	0.0049776
521	0.18829	0.80591	0.00075373	0.0050542
522	0.17164	0.82257	0.00068893	0.0051063
523	0.15964	0.83458	0.00064358	0.005139
524	0.15138	0.84285	0.0006142	0.0051559
525	0.14629	0.84796	0.00059878	0.0051588
526	0.1287	0.86555	0.00052794	0.0052171
527	0.11726	0.87701	0.00048288	0.0052496
528	0.10924	0.88504	0.00045255	0.0052675
529	0.084559	0.90973	0.00035047	0.0053571
530	0.065821	0.92848	0.00027327	0.0054219
531	0.052838	0.94148	0.00022	0.0054628
532	0.043096	0.95123	0.00018028	0.0054901
533	0.03652	0.95782	0.00015383	0.0055042
534	0.031705	0.96265	0.00013481	0.0055109
535	0.028864	0.9655	0.00012432	0.0055091
536	0.027103	0.96728	0.00011859	0.0055026
537	0.026287	0.9681	0.00011716	0.0054918
538	0.026356	0.96805	0.00011991	0.0054768
539	0.027314	0.9671	0.00012706	0.0054575
540	0.029258	0.96517	0.00013925	0.0054333
541	0.025876	0.96856	0.00012393	0.0054365
542	0.024069	0.97038	0.00011623	0.0054322
543	0.023508	0.97096	0.00011469	0.0054217
544	0.018165	0.97631	8.8767e-05	0.0054355
545	0.0141	0.98039	6.9111e-05	0.0054431
546	0.010996	0.9835	5.4138e-05	0.0054461
547	0.0086086	0.9859	4.2646e-05	0.0054457
548	0.0070411	0.98748	3.5137e-05	0.0054413
549	0.0060742	0.98846	3.0558e-05	0.0054339
550	0.0053564	0.98919	2.7178e-05	0.0054254
551	0.0048315	0.98973	2.4727e-05	0.005416
552	0.0046489	0.98992	2.3981e-05	0.0054048
553	0.0045858	0.99	2.3819e-05	0.0053932
554	0.0046465	0.98995	2.4277e-05	0.0053809
555	0.0048357	0.98977	2.5392e-05	0.0053681
556	0.0051682	0.98945	2.725e-05	0.0053545
557	0.00567	0.98896	3e-05	0.0053401
558	0.0063804	0.98826	3.3857e-05	0.0053247
559	0.0073436	0.98731	3.9062e-05	0.0053079
560	0.0089258	0.98574	4.7533e-05	0.0052879
561	0.011285	0.98339	6.0097e-05	0.0052637
562	0.014721	0.97997	7.8323e-05	0.0052339
563	0.019183	0.97552	0.00010198	0.0051987
564	0.025746	0.96897	0.00013665	0.0051525
565	0.020394	0.97433	0.00010807	0.0051696
566	0.016784	0.97795	8.8771e-05	0.0051774
567	0.014117	0.98063	7.4568e-05	0.0051801
568	0.012477	0.98228	6.5798e-05	0.0051774
569	0.01171	0.98306	6.1629e-05	0.0051701
570	0.011708	0.98307	6.1474e-05	0.0051588
571	0.012472	0.98232	6.5304e-05	0.0051434
572	0.0096476	0.98516	5.0397e-05	0.0051469
573	0.0077173	0.9871	4.0195e-05	0.0051456
574	0.0062187	0.98861	3.231e-05	0.0051421
575	0.0052235	0.98961	2.7055e-05	0.005136
576	0.0044289	0.99042	2.2879e-05	0.0051288
577	0.0039682	0.99089	2.0429e-05	0.0051198
578	0.0036044	0.99127	1.8502e-05	0.0051104
579	0.0033091	0.99157	1.6945e-05	0.0051007
580	0.0032168	0.99168	1.6418e-05	0.0050899
581	0.0031577	0.99175	1.607e-05	0.005079
582	0.0031197	0.9918	1.584e-05	0.005068
583	0.0031074	0.99182	1.5747e-05	0.0050569
584	0.0032751	0.99166	1.6549e-05	0.0050449
585	0.0034749	0.99147	1.7516e-05	0.0050328
586	0.003722	0.99124	1.8724e-05	0.0050205
587	0.0040351	0.99094	2.0267e-05	0.0050079
588	0.0046331	0.99035	2.3214e-05	0.0049939
589	0.005388	0.98961	2.6945e-05	0.0049791
590	0.006348	0.98866	3.17e-05	0.0049633
591	0.0075862	0.98743	3.784e-05	0.0049462
592	0.0091963	0.98583	4.5832e-05	0.0049273
593	0.011603	0.98343	5.7737e-05	0.0049045
594	0.015195	0.97985	7.5445e-05	0.0048759
595	0.019859	0.9752	9.8434e-05	0.004842
596	0.025948	0.96912	0.00012844	0.0048011
597	0.033967	0.96111	0.00016795	0.0047508
598	0.045495	0.9496	0.00022456	0.0046834
599	0.048868	0.94623	0.00024068	0.0046565
600	0.046561	0.94855	0.00022878	0.0046575
601	0.046225	0.9489	0.00022655	0.0046489
602	0.039514	0.95562	0.00019306	0.0046716
603	0.034627	0.96052	0.00016871	0.0046851
604	0.031792	0.96336	0.00015442	0.0046886
605	0.030614	0.96455	0.0001482	0.004684
606	0.030453	0.96473	0.00014698	0.0046745
607	0.031696	0.96349	0.0001525	0.0046582
608	0.034028	0.96117	0.00016326	0.0046367
609	0.037654	0.95756	0.00018021	0.004609
610	0.042859	0.95236	0.00020469	0.0045739
611	0.042356	0.95288	0.00020174	0.0045662
612	0.043081	0.95216	0.0002047	0.0045526
613	0.045614	0.94964	0.00021619	0.0045305
614	0.049658	0.94561	0.00023484	0.0045012
615	0.055522	0.93975	0.00026206	0.0044635
616	0.043446	0.95184	0.00020452	0.0045105
617	0.034338	0.96096	0.00016127	0.0045433
618	0.028252	0.96705	0.00013234	0.0045617
619	0.02375	0.97157	0.000111	0.0045726
620	0.020887	0.97444	9.7371e-05	0.0045758
621	0.019298	0.97604	8.9713e-05	0.004573
622	0.01845	0.9769	8.5566e-05	0.0045667
623	0.018297	0.97706	8.4687e-05	0.0045572
624	0.019135	0.97623	8.8378e-05	0.0045431
625	0.021073	0.97431	9.7097e-05	0.004524
626	0.023923	0.97147	0.00011002	0.0045007
627	0.027903	0.9675	0.00012811	0.0044723
628	0.034066	0.96134	0.0001561	0.004434
629	0.042305	0.95312	0.00019355	0.0043863
630	0.054265	0.94117	0.00024776	0.0043218
631	0.071468	0.92397	0.00032552	0.0042337
632	0.076539	0.91891	0.00034783	0.0042012
633	0.084027	0.91143	0.00038109	0.0041577
634	0.083081	0.91239	0.00037599	0.0041526
635	0.084671	0.91081	0.00038234	0.0041361
636	0.088999	0.90649	0.00040095	0.0041073
637	0.096806	0.8987	0.00043507	0.0040629
638	0.10775	0.88776	0.00048322	0.0040046
639	0.12275	0.87277	0.00054941	0.0039283
640	0.14515	0.85038	0.00064832	0.0038193
641	0.17488	0.82067	0.00077964	0.0036779
642	0.21435	0.78121	0.00095413	0.0034933
643	0.22744	0.76812	0.0010105	0.003427
644	0.2476	0.74797	0.0010978	0.0033296
645	0.27792	0.71766	0.0012296	0.0031877
646	0.32265	0.67294	0.0014242	0.0029831
647	0.38182	0.61378	0.0016819	0.0027154
648	0.46804	0.52757	0.002057	0.0023304
649	0.47417	0.52145	0.0020791	0.0022982
650	0.48641	0.50922	0.0021279	0.0022395
651	0.5044	0.49124	0.0022016	0.0021558
652	0.52962	0.46603	0.0023068	0.0020407
653	0.56701	0.42866	0.0024643	0.0018733
654	0.61696	0.37872	0.002676	0.0016518
655	0.63537	0.36031	0.00275	0.0015679
656	0.66348	0.33221	0.0028655	0.0014426
657	0.70147	0.29423	0.0030235	0.0012749
658	0.75758	0.23813	0.0032587	0.0010299
659	0.83229	0.16343	0.0035733	0.00070555
660	0.931	0.064734	0.0039904	0.00027872
661	0.93167	0.064068	0.0039844	0.00027509
662	0.93541	0.06034	0.0039915	0.00025842
663	0.94268	0.053075	0.0040134	0.00022677
664	0.95338	0.042386	0.00405	0.00018059
665	0.96994	0.025842	0.0041111	0.0001098
666	0.97694	0.018853	0.0041314	7.9917e-05
667	0.9869	0.0088964	0.0041641	3.7562e-05
668	0.98715	0.0086542	0.0041556	3.6433e-05
669	0.9852	0.010615	0.0041379	4.4534e-05
670	0.98483	0.010999	0.0041268	4.6012e-05
671	0.98598	0.0098548	0.0041221	4.1114e-05
672	0.98888	0.0069708	0.0041246	2.9008e-05
673	0.98965	0.0062108	0.0041181	2.5797e-05
674	0.98893	0.0069317	0.0041055	2.8756e-05
675	0.98934	0.0065404	0.0040975	2.7078e-05
676	0.99114	0.0047471	0.0040953	1.9633e-05
677	0.99131	0.004581	0.0040864	1.8912e-05
678	0.99	0.0059028	0.0040714	2.4305e-05
679	0.99	0.0059174	0.0040618	2.432e-05
680	0.99106	0.0048662	0.0040567	1.9954e-05
681	0.99355	0.0023816	0.0040573	9.7688e-06
682	0.99273	0.0032174	0.0040444	1.3167e-05
683	0.99281	0.0031438	0.0040353	1.2837e-05
684	0.99381	0.002155	0.00403	8.7807e-06
685	0.99177	0.0041997	0.0040124	1.7029e-05
686	0.98708	0.0089027	0.0039841	3.6e-05
687	0.9845	0.01149	0.0039644	4.6376e-05
688	0.98335	0.012652	0.0039505	5.0946e-05
689	0.9791	0.016911	0.0039241	6.7953e-05
690	0.97667	0.019345	0.0039053	7.754e-05
691	0.97588	0.020144	0.003893	8.0528e-05
692	0.97706	0.01898	0.0038886	7.5703e-05
693	0.97988	0.016169	0.0038908	6.4326e-05
694	0.98504	0.011014	0.0039022	4.3731e-05
695	0.99254	0.0035212	0.0039228	1.3934e-05
696	0.99602	5.5004e-05	0.0039273	2.1753e-07
697	0.99604	4.1243e-05	0.0039182	1.6259e-07
698	0.99538	0.00071245	0.0039064	2.8069e-06
699	0.99415	0.0019545	0.0038924	7.6963e-06
700	0.99123	0.0048795	0.0038718	1.9161e-05
701	0.98466	0.01146	0.0038368	4.4926e-05
702	0.98076	0.015366	0.0038124	6.0151e-05
703	0.97858	0.017557	0.0037949	6.8593e-05
704	0.97795	0.018199	0.0037834	7.0955e-05
705	0.97881	0.01734	0.0037779	6.7475e-05
706	0.98127	0.014897	0.0037785	5.7862e-05
707	0.98547	0.010701	0.003786	4.1504e-05
708	0.99175	0.0044329	0.0038014	1.7205e-05
709	0.95308	0.043105	0.0036442	0.00016561
710	0.92645	0.069749	0.0035336	0.0002674
711	0.90689	0.089316	0.0034506	0.00034152
712	0.8941	0.10212	0.0033938	0.00038961
713	0.88551	0.11071	0.0033532	0.0004214
714	0.88125	0.11498	0.0033291	0.0004367
715	0.88093	0.11531	0.00332	0.00043707
716	0.88354	0.11271	0.003322	0.00042632
717	0.87776	0.1185	0.0032924	0.00044716
718	0.87516	0.12111	0.003275	0.0004559
719	0.87632	0.11995	0.0032717	0.00045056
720	0.88157	0.11471	0.0032836	0.00043003
721	0.89042	0.10588	0.0033088	0.00039614
722	0.90355	0.092753	0.00335	0.00034639
723	0.92199	0.074317	0.0034108	0.00027702
724	0.92911	0.06721	0.0034292	0.00025005
725	0.93975	0.056581	0.0034606	0.00021011
726	0.95471	0.041625	0.003508	0.0001543
727	0.95998	0.036369	0.0035194	0.00013448
728	0.9688	0.027559	0.0035437	0.00010172
729	0.98119	0.015171	0.0035811	5.591e-05
730	0.98103	0.015345	0.0035723	5.6359e-05
731	0.97796	0.018418	0.0035529	6.7396e-05
732	0.97658	0.019808	0.0035397	7.2243e-05
733	0.97677	0.019623	0.0035324	7.1336e-05
734	0.97897	0.017433	0.0035322	6.3201e-05
735	0.98296	0.013452	0.0035386	4.8602e-05
736	0.98399	0.012434	0.0035342	4.4782e-05
737	0.98685	0.0095804	0.0035362	3.4411e-05
738	0.99194	0.004494	0.0035462	1.6113e-05
739	0.98782	0.0086209	0.0035233	3.0769e-05
740	0.98561	0.010844	0.0035072	3.8604e-05
741	0.98507	0.011394	0.0034971	4.0478e-05
742	0.98199	0.014483	0.0034779	5.1363e-05
743	0.9805	0.015981	0.0034644	5.6548e-05
744	0.97489	0.021596	0.0034366	7.6199e-05
745	0.96165	0.034848	0.0033819	0.00012267
746	0.95326	0.043246	0.0033444	0.00015193
747	0.9478	0.048709	0.0033174	0.00017072
748	0.9455	0.051017	0.0033014	0.00017842
749	0.94543	0.051098	0.0032934	0.00017828
750	0.94822	0.048315	0.0032953	0.00016821
751	0.95345	0.043094	0.0033056	0.00014969
752	0.96234	0.034213	0.0033285	0.00011864
753	0.97489	0.021669	0.003364	7.5017e-05
754	0.99214	0.004433	0.0034156	1.5329e-05
755	0.99131	0.0052708	0.0034046	1.8183e-05
756	0.9915	0.0050856	0.0033973	1.7501e-05
757	0.99016	0.0064376	0.0033847	2.2077e-05
758	0.98992	0.0066779	0.003376	2.2824e-05
759	0.99103	0.005579	0.0033718	1.9017e-05
760	0.99363	0.0029873	0.0033726	1.0171e-05
761	0.99457	0.0020527	0.0033679	6.9752e-06
762	0.99649	0.00014407	0.0033665	4.8768e-07
763	0.99562	0.0010239	0.0033556	3.4526e-06
764	0.99555	0.0010943	0.0033474	3.6856e-06
765	0.99621	0.00045152	0.0033416	1.5193e-06
766	0.99574	0.00092055	0.0033322	3.0862e-06
767	0.99163	0.0050391	0.0033105	1.6862e-05
768	0.98905	0.0076335	0.0032941	2.5469e-05
769	0.98805	0.0086369	0.0032829	2.8759e-05
770	0.98824	0.0084558	0.0032758	2.8088e-05
771	0.98987	0.0068346	0.0032734	2.2668e-05
772	0.9898	0.0069159	0.0032653	2.2907e-05
773	0.99083	0.0058852	0.0032609	1.9469e-05
774	0.99308	0.0036511	0.0032606	1.2076e-05
775	0.99157	0.005163	0.0032478	1.7047e-05
776	0.99114	0.0056065	0.0032386	1.8479e-05
777	0.99174	0.0050152	0.0032329	1.6512e-05
778	0.9908	0.0059557	0.0032222	1.9555e-05
779	0.98773	0.0090359	0.0032045	2.9591e-05
780	0.98608	0.01069	0.0031916	3.4922e-05
781	0.98129	0.015493	0.0031683	5.0499e-05
782	0.97836	0.018426	0.0031513	5.9915e-05
783	0.97749	0.019304	0.0031409	6.267e-05
784	0.95901	0.037794	0.0030737	0.0001223
785	0.94691	0.049899	0.0030273	0.00016113
786	0.93855	0.058271	0.0029932	0.00018772
787	0.93326	0.063566	0.0029691	0.00020428
788	0.93122	0.065614	0.0029554	0.00021043
789	0.93157	0.065269	0.0029495	0.00020889
790	0.90692	0.089927	0.0028638	0.00028705
791	0.88887	0.10799	0.0027996	0.00034376
792	0.87604	0.12082	0.0027524	0.00038358
793	0.86746	0.12941	0.0027188	0.00040974
794	0.86249	0.13439	0.0026968	0.00042441
795	0.86078	0.1361	0.0026852	0.00042871
796	0.84971	0.14718	0.0026443	0.00046231
797	0.81875	0.17815	0.0025417	0.00055761
798	0.7415	0.25541	0.0022963	0.00079578
799	0.55034	0.44658	0.0017007	0.0013842
800	0.41637	0.58055	0.0012835	0.0017942
801	0.32411	0.67282	0.00099616	0.0020743
802	0.25404	0.74289	0.00077876	0.0022845
803	0.20509	0.79185	0.00062683	0.0024293
804	0.168	0.82895	0.00051209	0.0025368
805	0.13996	0.85699	0.0004256	0.0026162
806	0.12066	0.8763	0.00036595	0.0026687
807	0.10791	0.88906	0.00032635	0.0027011
808	0.099919	0.89706	0.0003013	0.002719
809	0.095578	0.90141	0.00028735	0.0027257
810	0.09342	0.90357	0.00028008	0.0027259
811	0.081781	0.91522	0.00024428	0.0027545
812	0.074204	0.9228	0.00022081	0.0027708
813	0.069035	0.92798	0.0002047	0.0027798
814	0.065869	0.93115	0.00019469	0.0027827
815	0.064425	0.9326	0.00018986	0.0027804
816	0.064595	0.93244	0.00018986	0.0027733
817	0.066424	0.93062	0.00019478	0.0027614
818	0.070699	0.92635	0.00020683	0.0027423
819	0.077176	0.91988	0.00022531	0.0027168
820	0.087541	0.90952	0.00025502	0.00268
821	0.10157	0.8955	0.00029533	0.0026327
822	0.12042	0.87666	0.00034957	0.0025715
823	0.14556	0.85153	0.00042199	0.0024922
824	0.18175	0.81534	0.00052601	0.0023812
825	0.22968	0.76742	0.00066378	0.0022365
826	0.24918	0.74793	0.00071849	0.0021748
827	0.27807	0.71904	0.00079988	0.0020865
828	0.31678	0.68034	0.00090929	0.0019702
829	0.36812	0.62901	0.0010546	0.0018179
830	0.43628	0.56085	0.0012479	0.0016178
831	0.5266	0.47054	0.0015041	0.0013548
832	0.51481	0.48234	0.0014669	0.0013852
833	0.50936	0.48779	0.0014479	0.0013974
834	0.50813	0.48903	0.001441	0.0013975
835	0.51217	0.48499	0.0014491	0.0013826
836	0.5206	0.47657	0.0014696	0.0013553
837	0.53572	0.46146	0.0015088	0.0013093
838	0.55944	0.43775	0.0015721	0.0012393
839	0.59543	0.40176	0.0016693	0.0011353
840	0.6436	0.35361	0.0018004	0.00099745
841	0.70758	0.28963	0.0019754	0.00081569
842	0.7324	0.26481	0.0020402	0.00074419
843	0.73966	0.25757	0.0020557	0.00072207
844	0.75326	0.24397	0.0020886	0.00068241
845	0.77511	0.22213	0.0021443	0.0006201
846	0.80498	0.19227	0.002222	0.00053572
847	0.80052	0.19673	0.0022042	0.00054681
848	0.80057	0.19669	0.0021989	0.00054544
849	0.80418	0.19308	0.0022035	0.00053421
850	0.81165	0.18562	0.0022186	0.0005124
851	0.82356	0.17372	0.002246	0.00047846
852	0.84083	0.15645	0.002288	0.0004299
853	0.86736	0.12993	0.002355	0.00035636
854	0.90309	0.094209	0.0024469	0.00025794
855	0.91695	0.080347	0.0024788	0.00021947
856	0.91068	0.086629	0.0024559	0.0002359
857	0.90825	0.089068	0.0024434	0.0002419
858	0.90853	0.08879	0.0024383	0.00024052
859	0.91239	0.084934	0.0024427	0.00022956
860	0.91935	0.077985	0.0024555	0.00021029
861	0.92994	0.067396	0.002478	0.00018132
862	0.94662	0.050727	0.0025166	0.00013628
863	0.96931	0.028041	0.0025712	7.5297e-05
864	0.97075	0.026615	0.0025687	7.1318e-05
865	0.97407	0.023301	0.0025713	6.2327e-05
866	0.9795	0.01787	0.0025795	4.7741e-05
867	0.98747	0.0099093	0.0025944	2.6497e-05
868	0.98675	0.010632	0.0025863	2.8327e-05
869	0.98754	0.0098503	0.0025821	2.6204e-05
870	0.98999	0.0074045	0.0025823	1.9737e-05
871	0.98665	0.010759	0.0025672	2.8563e-05
872	0.97794	0.019471	0.002538	5.1434e-05
873	0.97197	0.025443	0.0025163	6.6991e-05
874	0.95548	0.041947	0.0024671	0.00010996
875	0.94461	0.052817	0.0024328	0.0001381
876	0.93721	0.060229	0.0024076	0.00015708
877	0.9327	0.064743	0.0023901	0.00016844
878	0.93075	0.066702	0.0023794	0.00017314
879	0.92162	0.075832	0.0023501	0.00019631
880	0.89851	0.098953	0.0022848	0.00025546
881	0.88168	0.11579	0.0022361	0.00029811
882	0.86985	0.12762	0.0022004	0.0003277
883	0.83794	0.15954	0.0021135	0.0004085
884	0.81441	0.18307	0.0020485	0.00046746
885	0.79757	0.19992	0.0020009	0.0005091
886	0.78602	0.21148	0.0019669	0.0005371
887	0.77888	0.21862	0.0019443	0.00055381
888	0.77562	0.22189	0.0019315	0.00056068
889	0.77603	0.22148	0.001928	0.00055827
890	0.7801	0.21742	0.0019337	0.00054669
891	0.78813	0.2094	0.0019494	0.00052523
892	0.80217	0.19536	0.0019798	0.00048895
893	0.82209	0.17544	0.0020249	0.00043813
894	0.82746	0.17008	0.0020336	0.00042365
895	0.82374	0.17381	0.0020197	0.00043171
896	0.82347	0.17409	0.0020145	0.00043121
897	0.82752	0.17004	0.0020198	0.00042014
898	0.8364	0.16117	0.0020369	0.00039729
899	0.84982	0.14775	0.002065	0.00036339
900	0.86888	0.12869	0.0021069	0.00031574
901	0.89509	0.10249	0.0021663	0.00025074
902	0.93338	0.064207	0.0022546	0.00015665
903	0.98955	0.0080402	0.0023859	1.9656e-05
904	0.98787	0.009732	0.0023762	2.3684e-05
905	0.98745	0.010152	0.0023696	2.4618e-05
906	0.98853	0.009086	0.0023666	2.1986e-05
907	0.98746	0.010155	0.0023584	2.4486e-05
908	0.98788	0.0097377	0.0023539	2.343e-05
909	0.98958	0.0080486	0.0023523	1.9334e-05
910	0.98921	0.0084264	0.0023459	2.0179e-05
911	0.99001	0.0076339	0.0023423	1.8233e-05
912	0.99203	0.0056111	0.0023416	1.3369e-05
913	0.98913	0.0085167	0.0023293	2.0173e-05
914	0.98763	0.010024	0.0023204	2.3644e-05
915	0.98764	0.010025	0.002315	2.3575e-05
916	0.98915	0.0085189	0.0023131	1.9987e-05
917	0.99206	0.0056149	0.0023145	1.3133e-05
918	0.99706	0.00061499	0.0023208	1.4379e-06
919	0.99683	0.00084929	0.0023148	1.9778e-06
920	0.99728	0.00041094	0.0023104	9.5261e-07
921	0.99759	0.00010898	0.0023057	2.5125e-07
922	0.99454	0.0031644	0.0022932	7.2818e-06
923	0.99293	0.0047783	0.002284	1.0975e-05
924	0.99259	0.0051211	0.0022778	1.1741e-05
925	0.9905	0.0072154	0.0022675	1.6523e-05
926	0.98964	0.0080859	0.0022601	1.8475e-05
927	0.99019	0.00754	0.0022559	1.7199e-05
928	0.98905	0.0086805	0.0022478	1.9774e-05
929	0.98911	0.0086277	0.0022425	1.9618e-05
930	0.99037	0.0073777	0.0022399	1.6742e-05
931	0.98988	0.0078705	0.0022334	1.7828e-05
932	0.99054	0.007219	0.0022294	1.632e-05
933	0.9924	0.0053604	0.0022283	1.2095e-05
934	0.99254	0.0052243	0.0022233	1.1753e-05
935	0.99372	0.0040469	0.0022206	9.0729e-06
936	0.99632	0.0014546	0.0022211	3.2531e-06
937	0.99407	0.0037104	0.0022107	8.2706e-06
938	0.99293	0.0048586	0.0022028	1.0796e-05
939	0.98985	0.0079427	0.0021907	1.7607e-05
940	0.98847	0.0093238	0.0021823	2.0631e-05
941	0.98833	0.0094721	0.0021766	2.0911e-05
942	0.98942	0.0083859	0.0021738	1.8465e-05
943	0.98846	0.0093516	0.0021665	2.0524e-05
944	0.98899	0.008827	0.0021624	1.9321e-05
945	0.99108	0.0067387	0.0021616	1.4721e-05
946	0.99123	0.0065986	0.0021566	1.4392e-05
947	0.99249	0.0053464	0.0021541	1.1641e-05
948	0.99495	0.0028871	0.0021542	6.277e-06
949	0.99584	0.0020092	0.0021509	4.3571e-06
950	0.99596	0.0018872	0.0021459	4.0851e-06
951	0.99691	0.00094495	0.0021427	2.0443e-06
952	0.99605	0.0018075	0.0021356	3.9028e-06
953	0.9939	0.0039614	0.0021258	8.5262e-06
954	0.99286	0.0050137	0.0021184	1.0762e-05
955	0.99283	0.0050442	0.0021132	1.0801e-05
956	0.99383	0.0040553	0.0021102	8.6643e-06
957	0.99045	0.007434	0.0020979	1.5829e-05
958	0.96325	0.034637	0.002035	7.3576e-05
959	0.94306	0.054837	0.0019873	0.00011613
960	0.92841	0.069493	0.0019516	0.00014673
961	0.91815	0.079753	0.0019254	0.0001679
962	0.91228	0.085637	0.0019084	0.00017983
963	0.91002	0.087892	0.001899	0.00018414
