#coord	neutral	conserved	gBGC.neutral	gBGC.conserved
1	0.76307	0.23431	0.0020033	0.00061569
2	0.76896	0.22843	0.0020167	0.00059962
3	0.77918	0.21821	0.0020416	0.00057217
4	0.79607	0.20132	0.0020838	0.00052732
5	0.82179	0.1756	0.002149	0.00045952
6	0.86028	0.13712	0.0022473	0.00035859
7	0.91157	0.085829	0.0023789	0.00022432
8	0.93408	0.063322	0.0024352	0.00016545
9	0.96454	0.032866	0.0025121	8.591e-05
10	0.97638	0.021029	0.0025404	5.4976e-05
11	0.98077	0.016635	0.0025494	4.3453e-05
12	0.98744	0.0099679	0.0025643	2.6013e-05
13	0.99013	0.0072826	0.0025688	1.8993e-05
14	0.99442	0.0029984	0.0025774	7.8202e-06
15	0.99618	0.0012354	0.0025795	3.2225e-06
16	0.99566	0.0017572	0.0025756	4.5692e-06
17	0.99592	0.0015039	0.0025738	3.9045e-06
18	0.99555	0.0018727	0.0025704	4.8501e-06
19	0.99597	0.0014575	0.002569	3.7665e-06
20	0.99736	7.3888e-05	0.0025701	1.9056e-07
21	0.9974	2.7708e-05	0.0025677	7.1372e-08
22	0.99713	0.00030559	0.0025645	7.8762e-07
23	0.99673	0.00070831	0.002561	1.8234e-06
24	0.99698	0.00045598	0.0025592	1.173e-06
25	0.99709	0.0003529	0.002557	9.0647e-07
26	0.99711	0.00033238	0.0025546	8.5145e-07
27	0.99612	0.001325	0.0025497	3.3906e-06
28	0.99601	0.0014346	0.0025469	3.6694e-06
29	0.99666	0.00078959	0.0025461	2.0169e-06
30	0.99695	0.00050411	0.0025444	1.2872e-06
31	0.99604	0.0014169	0.0025396	3.6188e-06
32	0.99393	0.0035334	0.0025318	9.0124e-06
33	0.99279	0.0046763	0.0025265	1.1911e-05
34	0.99256	0.0049052	0.0025235	1.2474e-05
35	0.99337	0.0040988	0.0025231	1.041e-05
36	0.99281	0.0046616	0.0025193	1.1829e-05
37	0.99326	0.0042093	0.002518	1.0676e-05
38	0.99462	0.0028538	0.002519	7.2322e-06
39	0.99478	0.0027006	0.0025169	6.8417e-06
40	0.99573	0.0017447	0.0025169	4.4178e-06
41	0.99585	0.0016301	0.0025148	4.1226e-06
42	0.99524	0.0022411	0.0025109	5.6633e-06
43	0.99539	0.0020971	0.0025088	5.2939e-06
44	0.99474	0.0027483	0.0025048	6.9334e-06
45	0.99496	0.0025314	0.0025029	6.3806e-06
46	0.99606	0.0014295	0.0025033	3.5989e-06
47	0.99648	0.0010135	0.002502	2.5508e-06
48	0.99654	0.00096263	0.0024997	2.4201e-06
49	0.9973	0.00019794	0.0024993	4.9728e-07
50	0.99732	0.00018683	0.0024969	4.6788e-07
51	0.99743	7.539e-05	0.0024949	1.8872e-07
52	0.99736	0.00015221	0.0024923	3.8011e-07
53	0.99655	0.0009621	0.002488	2.3964e-06
54	0.995	0.0025087	0.0024818	6.2447e-06
55	0.99455	0.0029605	0.0024783	7.3634e-06
56	0.99514	0.0023806	0.0024774	5.9164e-06
57	0.99481	0.0027076	0.0024743	6.7209e-06
58	0.99348	0.004045	0.0024686	1.0034e-05
59	0.98128	0.016241	0.0024359	4.0294e-05
60	0.97344	0.02409	0.0024141	5.9737e-05
61	0.9682	0.029324	0.0023988	7.2642e-05
62	0.96518	0.032353	0.0023891	8.005e-05
63	0.96453	0.033008	0.0023852	8.1585e-05
64	0.95942	0.038119	0.0023702	9.4139e-05
65	0.95721	0.040331	0.0023625	9.9524e-05
66	0.95702	0.040517	0.0023597	9.9891e-05
67	0.95193	0.045612	0.0023448	0.00011236
68	0.94923	0.048318	0.0023359	0.00011891
69	0.94932	0.048223	0.0023339	0.00011857
70	0.94422	0.053326	0.0023191	0.00013099
71	0.9423	0.055252	0.0023121	0.0001356
72	0.94328	0.05427	0.0023122	0.00013308
73	0.94661	0.050946	0.0023181	0.00012482
74	0.95322	0.044339	0.002332	0.00010856
75	0.963	0.034558	0.0023536	8.4552e-05
76	0.96595	0.031614	0.0023585	7.7271e-05
77	0.97169	0.025877	0.0023702	6.32e-05
78	0.98016	0.017411	0.0023886	4.2481e-05
79	0.98348	0.014092	0.0023943	3.4359e-05
80	0.98368	0.013892	0.0023925	3.3833e-05
81	0.9853	0.012273	0.0023942	2.9852e-05
82	0.97839	0.019189	0.0023751	4.6567e-05
83	0.9743	0.023278	0.0023629	5.6421e-05
84	0.97214	0.025443	0.0023555	6.1581e-05
85	0.97209	0.025495	0.0023531	6.1631e-05
86	0.96823	0.029359	0.0023415	7.09e-05
87	0.96687	0.030723	0.0023359	7.4127e-05
88	0.96734	0.030255	0.0023348	7.2912e-05
89	0.9701	0.02749	0.0023392	6.6178e-05
90	0.97564	0.021959	0.0023502	5.2811e-05
91	0.98471	0.012888	0.0023696	3.0983e-05
92	0.9881	0.0095033	0.0023754	2.2827e-05
93	0.98904	0.0085691	0.0023753	2.0573e-05
94	0.98791	0.0096978	0.0023703	2.3264e-05
95	0.98803	0.0095813	0.0023682	2.2958e-05
96	0.98969	0.0079167	0.0023699	1.8952e-05
97	0.98934	0.0082778	0.0023667	1.9792e-05
98	0.99041	0.0072046	0.0023669	1.7208e-05
99	0.99307	0.0045471	0.0023709	1.0856e-05
100	0.99125	0.0063702	0.0023642	1.5194e-05
101	0.99079	0.006836	0.0023608	1.6294e-05
102	0.99162	0.0060038	0.0023604	1.4307e-05
103	0.99078	0.0068452	0.0023561	1.63e-05
104	0.99128	0.006347	0.0023549	1.5111e-05
105	0.99292	0.0047139	0.0023564	1.1223e-05
106	0.993	0.0046319	0.0023543	1.102e-05
107	0.99155	0.0060843	0.0023485	1.4455e-05
108	0.99122	0.0064209	0.0023454	1.5234e-05
109	0.9922	0.0054401	0.0023455	1.29e-05
110	0.99435	0.0032975	0.0023482	7.8173e-06
111	0.99497	0.0026751	0.0023474	6.3352e-06
112	0.99466	0.0029868	0.0023444	7.0676e-06
113	0.99523	0.0024224	0.0023435	5.7292e-06
114	0.99672	0.00093034	0.0023447	2.2043e-06
115	0.96719	0.030465	0.0022728	7.1864e-05
116	0.94696	0.050693	0.0022229	0.00011951
117	0.93347	0.064191	0.0021889	0.00015124
118	0.92404	0.073621	0.0021646	0.0001733
119	0.91875	0.078915	0.00215	0.00018563
120	0.91692	0.080748	0.0021435	0.00018983
121	0.9177	0.079971	0.0021432	0.00018789
122	0.92115	0.076524	0.0021491	0.00017969
123	0.92754	0.070136	0.002162	0.00016461
124	0.92694	0.070732	0.0021585	0.00016586
125	0.92884	0.068838	0.0021609	0.00016128
126	0.93337	0.064307	0.0021694	0.00015054
127	0.93151	0.066172	0.0021631	0.00015472
128	0.93264	0.065045	0.0021636	0.00015194
129	0.93704	0.060643	0.0021718	0.00014156
130	0.93581	0.061877	0.0021668	0.00014432
131	0.93691	0.06078	0.0021673	0.00014165
132	0.94046	0.057234	0.0021735	0.00013329
133	0.93803	0.059666	0.0021659	0.00013877
134	0.93861	0.059086	0.0021652	0.00013728
135	0.94154	0.056156	0.0021699	0.00013035
136	0.94709	0.050615	0.0021808	0.00011737
137	0.95651	0.041194	0.0022005	9.5478e-05
138	0.96981	0.027898	0.0022292	6.4643e-05
139	0.96846	0.029248	0.002224	6.7686e-05
140	0.96889	0.028819	0.002223	6.6618e-05
141	0.97113	0.026578	0.0022261	6.1373e-05
142	0.97536	0.022355	0.0022338	5.1567e-05
143	0.97557	0.022145	0.0022323	5.0999e-05
144	0.97744	0.020275	0.0022346	4.6614e-05
145	0.98155	0.016174	0.002242	3.7131e-05
146	0.98244	0.015284	0.002242	3.5038e-05
147	0.98486	0.012864	0.0022455	2.9443e-05
148	0.98941	0.0083208	0.0022538	1.9013e-05
149	0.99086	0.0068684	0.002255	1.5672e-05
150	0.99068	0.007055	0.0022525	1.6077e-05
151	0.99186	0.0058727	0.0022531	1.3374e-05
152	0.99428	0.0034593	0.0022565	7.8732e-06
153	0.99519	0.002546	0.0022564	5.7949e-06
154	0.99269	0.0050455	0.0022486	1.1464e-05
155	0.9916	0.0061387	0.002244	1.394e-05
156	0.98807	0.0096769	0.0022339	2.1947e-05
157	0.98605	0.011694	0.0022272	2.649e-05
158	0.98567	0.012081	0.0022243	2.7346e-05
159	0.98207	0.015678	0.0022141	3.5446e-05
160	0.98056	0.017196	0.0022086	3.8849e-05
161	0.98055	0.017204	0.0022065	3.8834e-05
162	0.97715	0.020605	0.0021968	4.6449e-05
163	0.96744	0.030316	0.002173	6.8216e-05
164	0.96157	0.036196	0.0021577	8.1359e-05
165	0.9587	0.039065	0.0021493	8.7735e-05
166	0.94959	0.048173	0.0021268	0.00010812
167	0.94357	0.054201	0.0021113	0.00012154
168	0.94077	0.057004	0.002103	0.00012772
169	0.94028	0.057492	0.0020999	0.0001287
170	0.94277	0.055007	0.0021035	0.00012306
171	0.92691	0.070863	0.002066	0.00015844
172	0.91566	0.082122	0.0020389	0.00018344
173	0.9092	0.088583	0.0020225	0.00019772
174	0.90663	0.091149	0.0020148	0.00020331
175	0.90678	0.091007	0.0020131	0.00020285
176	0.89963	0.098151	0.0019952	0.00021862
177	0.89568	0.10211	0.0019845	0.00022725
178	0.89462	0.10317	0.0019802	0.00022943
179	0.89636	0.10143	0.0019822	0.00022536
180	0.90109	0.096707	0.0019908	0.00021467
181	0.9103	0.087496	0.0020093	0.0001941
182	0.92529	0.072513	0.0020405	0.00016085
183	0.94591	0.051891	0.0020841	0.00011518
184	0.95422	0.043582	0.0021004	9.6774e-05
185	0.95584	0.041966	0.002102	9.3148e-05
186	0.95228	0.045529	0.0020921	0.00010095
187	0.9414	0.056409	0.0020661	0.00012493
188	0.93406	0.063754	0.0020479	0.00014104
189	0.93031	0.067501	0.0020377	0.00014921
190	0.92912	0.068699	0.0020331	0.00015174
191	0.93096	0.066862	0.0020351	0.00014762
192	0.9354	0.062418	0.0020429	0.00013779
193	0.88777	0.11005	0.0019363	0.00024237
194	0.85494	0.14288	0.0018623	0.00031433
195	0.83273	0.16509	0.0018117	0.00036287
196	0.78081	0.21702	0.0016958	0.00047669
197	0.74207	0.25576	0.0016092	0.00056125
198	0.7135	0.28433	0.0015451	0.00062333
199	0.69284	0.30499	0.0014984	0.00066793
200	0.67996	0.31788	0.0014688	0.00069553
201	0.67195	0.32589	0.0014499	0.00071244
202	0.64436	0.35348	0.0013884	0.00077188
203	0.62441	0.37343	0.0013437	0.00081453
204	0.61069	0.38715	0.0013127	0.00084359
205	0.60203	0.39581	0.0012927	0.00086158
206	0.59786	0.39999	0.0012825	0.00086983
207	0.59918	0.39867	0.0012841	0.00086623
208	0.58618	0.41168	0.0012548	0.00089352
209	0.57814	0.41971	0.0012364	0.00091001
210	0.54813	0.44972	0.0011708	0.00097368
211	0.52639	0.47147	0.0011231	0.0010194
212	0.5112	0.48666	0.0010896	0.001051
213	0.50138	0.49648	0.0010677	0.001071
214	0.46939	0.52848	0.00099849	0.0011383
215	0.39428	0.60359	0.00083737	0.0012975
216	0.33767	0.6602	0.00071611	0.0014168
217	0.29513	0.70274	0.00062508	0.001506
218	0.26639	0.73148	0.00056346	0.0015657
219	0.24512	0.75275	0.00051785	0.0016094
220	0.2297	0.76818	0.00048477	0.0016406
221	0.18493	0.81295	0.00038974	0.0017338
222	0.15433	0.84355	0.00032474	0.0017969
223	0.13138	0.8665	0.00027606	0.0018437
224	0.11605	0.88183	0.00024347	0.0018744
225	0.10489	0.893	0.00021976	0.0018962
226	0.097014	0.90087	0.00020304	0.0019111
227	0.092573	0.90531	0.00019353	0.0019187
228	0.091143	0.90675	0.00019035	0.00192
229	0.092523	0.90537	0.00019306	0.0019154
230	0.095981	0.90191	0.00020013	0.0019064
231	0.10183	0.89607	0.00021222	0.0018925
232	0.11151	0.88639	0.00023229	0.0018705
233	0.12488	0.87302	0.00026008	0.0018409
234	0.14305	0.85485	0.0002979	0.0018012
235	0.14688	0.85103	0.00030565	0.0017916
236	0.15484	0.84306	0.00032202	0.0017733
237	0.16646	0.83145	0.00034603	0.0017475
238	0.149	0.8489	0.00030931	0.0017823
239	0.13625	0.86166	0.00028249	0.0018073
240	0.12829	0.86962	0.00026567	0.0018223
241	0.12429	0.87362	0.00025709	0.001829
242	0.12274	0.87518	0.00025363	0.0018306
243	0.12355	0.87436	0.00025511	0.0018273
244	0.1268	0.87112	0.00026166	0.0018189
245	0.13364	0.86428	0.00027563	0.0018031
246	0.14375	0.85418	0.00029636	0.0017805
247	0.15936	0.83856	0.00032844	0.0017466
248	0.18048	0.81745	0.00037188	0.0017013
249	0.20882	0.78911	0.00043029	0.0016411
250	0.24978	0.74815	0.0005146	0.0015549
251	0.30388	0.69405	0.00062605	0.0014416
252	0.37555	0.62238	0.00077376	0.0012921
253	0.40597	0.59197	0.00083588	0.0012282
254	0.44674	0.5512	0.00091935	0.0011429
255	0.50097	0.49697	0.0010306	0.0010299
256	0.52053	0.47741	0.00107	0.00098863
257	0.54762	0.45033	0.0011249	0.00093191
258	0.58429	0.41366	0.0011995	0.00085547
259	0.63354	0.3644	0.0013001	0.00075311
260	0.69925	0.2987	0.0014345	0.00061689
261	0.79514	0.20281	0.0016308	0.00041886
262	0.83367	0.16428	0.0017087	0.00033913
263	0.8486	0.14935	0.0017381	0.00030806
264	0.87186	0.12609	0.0017844	0.00025997
265	0.90334	0.094618	0.0018476	0.000195
266	0.91651	0.081453	0.001873	0.0001678
267	0.93494	0.063023	0.0019092	0.00012981
268	0.94107	0.056896	0.0019202	0.00011711
269	0.94083	0.057133	0.0019181	0.00011745
270	0.94291	0.055058	0.0019208	0.00011305
271	0.94742	0.050545	0.0019285	0.00010366
272	0.95476	0.04321	0.001942	8.8493e-05
273	0.96667	0.031301	0.0019647	6.4009e-05
274	0.97078	0.027188	0.0019715	5.5527e-05
275	0.97792	0.020056	0.0019844	4.0918e-05
276	0.98898	0.0089969	0.0020052	1.8353e-05
277	0.99345	0.004525	0.0020126	9.2251e-06
278	0.99276	0.0052195	0.0020094	1.0623e-05
279	0.99309	0.0048879	0.0020084	9.9352e-06
280	0.99212	0.0058648	0.0020047	1.1905e-05
281	0.9922	0.0057811	0.0020032	1.1723e-05
282	0.99058	0.0074118	0.0019982	1.5002e-05
283	0.99013	0.0078635	0.0019956	1.5892e-05
284	0.98769	0.010304	0.0019889	2.0794e-05
285	0.98663	0.011357	0.0019852	2.2889e-05
286	0.98251	0.015488	0.0019752	3.1177e-05
287	0.98049	0.01751	0.0019694	3.5219e-05
288	0.98032	0.01768	0.0019673	3.5544e-05
289	0.98198	0.016021	0.0019689	3.2204e-05
290	0.9853	0.0127	0.0019739	2.5531e-05
291	0.99052	0.007483	0.0019826	1.5062e-05
292	0.98347	0.014537	0.0019667	2.9214e-05
293	0.97919	0.018819	0.0019564	3.7794e-05
294	0.97676	0.021252	0.0019499	4.2648e-05
295	0.96889	0.029118	0.0019325	5.8355e-05
296	0.96367	0.034336	0.0019204	6.8731e-05
297	0.96074	0.037276	0.0019129	7.453e-05
298	0.96037	0.037642	0.0019106	7.52e-05
299	0.96199	0.03603	0.0019122	7.1919e-05
300	0.96567	0.032343	0.001918	6.4502e-05
301	0.95546	0.042562	0.0018961	8.4713e-05
302	0.94922	0.048804	0.0018822	9.702e-05
303	0.94557	0.052453	0.0018734	0.00010415
304	0.94489	0.053133	0.0018705	0.0001054
305	0.94642	0.051605	0.001872	0.00010226
306	0.95102	0.047005	0.0018795	9.3063e-05
307	0.94989	0.048142	0.0018757	9.5231e-05
308	0.95091	0.047124	0.0018761	9.313e-05
309	0.9547	0.043332	0.001882	8.5568e-05
310	0.96108	0.036958	0.001893	7.2912e-05
311	0.97049	0.027551	0.00191	5.4277e-05
312	0.98505	0.012986	0.0019371	2.5535e-05
313	0.98577	0.012268	0.0019369	2.4103e-05
314	0.9882	0.0098437	0.0019399	1.9332e-05
315	0.99224	0.0058054	0.0019462	1.1395e-05
316	0.99358	0.0044598	0.0019472	8.7443e-06
317	0.99354	0.0045008	0.0019454	8.8179e-06
318	0.992	0.0060518	0.0019407	1.1841e-05
319	0.98801	0.010036	0.0019312	1.9621e-05
320	0.98564	0.012411	0.001925	2.4237e-05
321	0.98503	0.013026	0.0019221	2.5416e-05
322	0.98576	0.012298	0.0019219	2.3968e-05
323	0.98411	0.013946	0.001917	2.7157e-05
324	0.98389	0.014172	0.0019149	2.7565e-05
325	0.98535	0.012714	0.0019161	2.4703e-05
326	0.98868	0.0093854	0.0019209	1.822e-05
327	0.9944	0.0036605	0.0019303	7.1093e-06
328	0.99154	0.0065273	0.001923	1.2666e-05
329	0.98999	0.0080783	0.0019184	1.5657e-05
330	0.98965	0.0084193	0.0019161	1.6295e-05
331	0.99071	0.0073632	0.0019165	1.4233e-05
332	0.9933	0.0047756	0.0019198	9.22e-06
333	0.99782	0.0002481	0.0019268	4.7861e-07
334	0.99711	0.00096292	0.0019238	1.8553e-06
335	0.99718	0.00089715	0.0019222	1.727e-06
336	0.99805	2.4191e-05	0.0019222	4.6641e-08
337	0.9979	0.00017619	0.0019202	3.3956e-07
338	0.99391	0.0041737	0.0019108	8.0286e-06
339	0.99169	0.0063966	0.0019048	1.2299e-05
340	0.99069	0.007397	0.0019012	1.4209e-05
341	0.99107	0.0070176	0.0019003	1.3474e-05
342	0.99262	0.0054723	0.0019016	1.05e-05
343	0.98929	0.0088006	0.0018935	1.6875e-05
344	0.98742	0.010667	0.0018883	2.0432e-05
345	0.98713	0.010963	0.001886	2.0986e-05
346	0.98407	0.014029	0.0018785	2.6842e-05
347	0.98258	0.015518	0.0018739	2.9668e-05
348	0.98255	0.015547	0.0018722	2.9697e-05
349	0.98398	0.014117	0.0018733	2.6939e-05
350	0.98741	0.01069	0.0018782	2.0389e-05
351	0.99274	0.0053633	0.0018867	1.0224e-05
352	0.98744	0.010668	0.0018749	2.0308e-05
353	0.98403	0.014078	0.0018668	2.6764e-05
354	0.98261	0.015495	0.0018625	2.9434e-05
355	0.98265	0.015456	0.0018609	2.9333e-05
356	0.98414	0.013975	0.0018621	2.6493e-05
357	0.98717	0.010939	0.0018662	2.0709e-05
358	0.99246	0.0056561	0.0018746	1.069e-05
359	0.99442	0.003699	0.0018766	6.9819e-06
360	0.99485	0.0032697	0.0018758	6.166e-06
361	0.99425	0.003867	0.001873	7.2887e-06
362	0.99459	0.003528	0.0018719	6.6432e-06
363	0.99373	0.0043959	0.0018686	8.2653e-06
364	0.99403	0.0040959	0.0018675	7.6935e-06
365	0.98853	0.0095916	0.0018556	1.7987e-05
366	0.98531	0.01282	0.0018479	2.4022e-05
367	0.984	0.014133	0.0018437	2.6462e-05
368	0.9841	0.014036	0.0018423	2.6254e-05
369	0.98596	0.012172	0.0018441	2.2748e-05
370	0.98986	0.0082794	0.0018497	1.5467e-05
371	0.99093	0.0072041	0.00185	1.3448e-05
372	0.99024	0.0079008	0.001847	1.4741e-05
373	0.99069	0.0074509	0.0018461	1.389e-05
374	0.99256	0.0055806	0.0018479	1.04e-05
375	0.99578	0.0023624	0.0018522	4.4025e-06
376	0.99713	0.0010191	0.0018531	1.8988e-06
377	0.99772	0.00043156	0.0018525	8.0363e-07
378	0.99805	9.6347e-05	0.0018515	1.7925e-07
379	0.99809	6.0527e-05	0.0018499	1.1232e-07
380	0.99724	0.00091071	0.0018467	1.6891e-06
381	0.99711	0.0010428	0.0018448	1.9321e-06
382	0.99657	0.0015826	0.0018421	2.9313e-06
383	0.99522	0.0029405	0.001838	5.4464e-06
384	0.99179	0.00637	0.00183	1.1786e-05
385	0.99003	0.0081338	0.001825	1.5043e-05
386	0.9895	0.0086649	0.0018224	1.6014e-05
387	0.99016	0.008005	0.001822	1.4785e-05
388	0.99206	0.0061024	0.0018239	1.1265e-05
389	0.99534	0.002825	0.0018283	5.2141e-06
390	0.99664	0.0015321	0.0018291	2.8257e-06
391	0.99208	0.0060932	0.0018191	1.1205e-05
392	0.98916	0.0090102	0.0018122	1.6546e-05
393	0.98791	0.010266	0.0018083	1.8838e-05
394	0.98793	0.010248	0.0018067	1.879e-05
395	0.98947	0.0087107	0.0018079	1.5967e-05
396	0.9924	0.0057784	0.0018117	1.0593e-05
397	0.99338	0.004802	0.0018119	8.7996e-06
398	0.99289	0.0052887	0.0018095	9.679e-06
399	0.99343	0.0047569	0.0018089	8.6959e-06
400	0.99251	0.0056699	0.0018057	1.0345e-05
401	0.99266	0.0055252	0.0018044	1.0063e-05
402	0.9941	0.0040829	0.0018055	7.4265e-06
403	0.99705	0.0011415	0.0018093	2.0756e-06
404	0.99704	0.0011492	0.0018077	2.086e-06
405	0.9966	0.001592	0.0018054	2.8868e-06
406	0.99545	0.0027446	0.0018017	4.9752e-06
407	0.9952	0.0029918	0.0017997	5.4185e-06
408	0.99584	0.0023603	0.0017993	4.2697e-06
409	0.99571	0.0024905	0.0017975	4.5018e-06
410	0.99454	0.0036635	0.0017938	6.6127e-06
411	0.99433	0.0038714	0.0017919	6.977e-06
412	0.99288	0.0053244	0.0017878	9.5845e-06
413	0.99271	0.0054915	0.0017859	9.8781e-06
414	0.99381	0.004396	0.0017863	7.9057e-06
415	0.99604	0.0021682	0.0017887	3.8988e-06
416	0.99688	0.0013243	0.0017887	2.3797e-06
417	0.99715	0.0010582	0.0017876	1.9019e-06
418	0.98933	0.0088774	0.001772	1.5928e-05
419	0.98439	0.013825	0.0017616	2.4793e-05
420	0.98133	0.016886	0.0017546	3.0254e-05
421	0.97242	0.025792	0.0017371	4.6145e-05
422	0.96634	0.031879	0.0017248	5.6961e-05
423	0.96261	0.03561	0.0017167	6.3545e-05
424	0.96141	0.036807	0.0017131	6.5611e-05
425	0.9626	0.03562	0.0017137	6.3439e-05
426	0.96643	0.031792	0.001719	5.6579e-05
427	0.97267	0.025553	0.0017286	4.5435e-05
428	0.98261	0.015619	0.0017447	2.7761e-05
429	0.99639	0.0018393	0.0017677	3.2692e-06
430	0.99459	0.0036392	0.0017629	6.4639e-06
431	0.99014	0.0080926	0.0017535	1.4354e-05
432	0.98736	0.010877	0.001747	1.9266e-05
433	0.98601	0.012225	0.0017432	2.1625e-05
434	0.98626	0.011977	0.0017421	2.1164e-05
435	0.98814	0.010101	0.0017439	1.7836e-05
436	0.98269	0.015552	0.0017328	2.7415e-05
437	0.97964	0.018604	0.0017259	3.2763e-05
438	0.97867	0.019576	0.0017226	3.4447e-05
439	0.97926	0.018989	0.0017222	3.3378e-05
440	0.9818	0.016446	0.0017251	2.8883e-05
441	0.98662	0.011625	0.001732	2.0404e-05
442	0.98426	0.013992	0.0017263	2.455e-05
443	0.98338	0.01487	0.0017232	2.6071e-05
444	0.98391	0.014344	0.0017226	2.5125e-05
445	0.98627	0.011983	0.0017252	2.0975e-05
446	0.99032	0.0079396	0.0017308	1.3883e-05
447	0.99698	0.0012758	0.0017408	2.2363e-06
448	0.994	0.004254	0.0017341	7.4467e-06
449	0.9925	0.0057586	0.0017299	1.0078e-05
450	0.99209	0.0061669	0.0017276	1.0788e-05
451	0.98966	0.0086058	0.0017218	1.5037e-05
452	0.98854	0.0097261	0.0017184	1.6976e-05
453	0.98867	0.0096	0.0017171	1.6739e-05
454	0.99004	0.0082313	0.001718	1.4337e-05
455	0.99275	0.0055162	0.0017212	9.5949e-06
456	0.99749	0.00078003	0.001728	1.3577e-06
457	0.98719	0.01108	0.0017086	1.92e-05
458	0.97986	0.018415	0.0016945	3.1867e-05
459	0.97496	0.023314	0.0016846	4.029e-05
460	0.96285	0.035425	0.0016622	6.1153e-05
461	0.95513	0.043151	0.0016474	7.4434e-05
462	0.95093	0.047353	0.0016387	8.1627e-05
463	0.79857	0.19972	0.0013749	0.00034398
464	0.69199	0.30629	0.0011901	0.00052723
465	0.61163	0.38666	0.0010509	0.00066492
466	0.55671	0.44158	0.0009556	0.00075875
467	0.51567	0.48261	0.00088437	0.00082848
468	0.48833	0.50996	0.00083667	0.00087467
469	0.47086	0.52743	0.00080593	0.00090389
470	0.45902	0.53927	0.00078494	0.00092337
471	0.45323	0.54507	0.00077429	0.00093249
472	0.45274	0.54556	0.00077269	0.00093257
473	0.43687	0.56143	0.00074486	0.00095886
474	0.42641	0.57189	0.00072635	0.00097586
475	0.42171	0.57659	0.00071767	0.00098302
476	0.341	0.6573	0.00057936	0.0011198
477	0.28006	0.71825	0.0004751	0.0012225
478	0.23763	0.76068	0.00040244	0.0012937
479	0.20563	0.79267	0.00034772	0.0013468
480	0.18165	0.81666	0.00030673	0.0013863
481	0.16395	0.83436	0.00027651	0.001415
482	0.15115	0.84716	0.00025464	0.0014354
483	0.14224	0.85607	0.00023941	0.0014491
484	0.13647	0.86184	0.00022952	0.0014575
485	0.13443	0.86388	0.0002259	0.0014596
486	0.11966	0.87865	0.0002009	0.0014831
487	0.11003	0.88829	0.00018454	0.0014979
488	0.10448	0.89384	0.00017506	0.0015059
489	0.10136	0.89696	0.0001697	0.0015098
490	0.088105	0.91022	0.00014731	0.0015306
491	0.078359	0.91996	0.00013087	0.0015456
492	0.071433	0.92689	0.00011919	0.0015557
493	0.067445	0.93088	0.00011243	0.001561
494	0.066013	0.93232	0.00010993	0.001562
495	0.066937	0.93139	0.00011135	0.001559
496	0.06017	0.93816	9.9963e-05	0.0015689
497	0.056284	0.94205	9.3377e-05	0.0015739
498	0.054051	0.94428	8.9567e-05	0.0015762
499	0.053844	0.94449	8.9116e-05	0.0015751
500	0.055635	0.9427	9.1968e-05	0.0015707
501	0.059055	0.93928	9.7523e-05	0.0015636
502	0.065066	0.93327	0.00010734	0.0015523
503	0.073495	0.92485	0.00012114	0.0015369
504	0.08615	0.91219	0.00014186	0.0015147
505	0.10313	0.89521	0.00016971	0.0014853
506	0.12578	0.87257	0.00020686	0.0014466
507	0.1325	0.86585	0.00021773	0.0014342
508	0.1296	0.86875	0.00021274	0.0014377
509	0.12993	0.86842	0.00021307	0.0014358
510	0.13269	0.86566	0.00021741	0.0014299
511	0.1381	0.86026	0.0002261	0.0014197
512	0.14661	0.85175	0.0002399	0.0014044
513	0.16046	0.8379	0.00026242	0.0013804
514	0.17936	0.819	0.00029321	0.0013481
515	0.20474	0.79362	0.00033462	0.0013051
516	0.2422	0.75616	0.00039569	0.0012425
517	0.23869	0.75968	0.0003896	0.0012471
518	0.23945	0.75892	0.00039048	0.0012447
519	0.24481	0.75356	0.00039886	0.0012348
520	0.21174	0.78663	0.00034452	0.0012876
521	0.18908	0.80929	0.00030721	0.0013234
522	0.17236	0.82601	0.00027968	0.0013494
523	0.16031	0.83806	0.00025984	0.0013677
524	0.15201	0.84636	0.00024615	0.0013799
525	0.1469	0.85148	0.00023767	0.0013869
526	0.12924	0.86914	0.00020885	0.0014142
527	0.11774	0.88063	0.00019004	0.0014315
528	0.10969	0.88869	0.00017685	0.0014431
529	0.084911	0.91347	0.00013671	0.0014818
530	0.066094	0.93229	0.00010629	0.0015107
531	0.053056	0.94533	8.5201e-05	0.0015302
532	0.043274	0.95511	6.9407e-05	0.0015445
533	0.03667	0.96172	5.8732e-05	0.0015537
534	0.031835	0.96655	5.0926e-05	0.00156
535	0.028982	0.96941	4.6302e-05	0.0015631
536	0.027214	0.97118	4.343e-05	0.0015644
537	0.026395	0.972	4.209e-05	0.0015642
538	0.026463	0.97193	4.2177e-05	0.0015626
539	0.027425	0.97097	4.3698e-05	0.0015596
540	0.029376	0.96902	4.6805e-05	0.001555
541	0.025981	0.97242	4.1377e-05	0.0015589
542	0.024166	0.97424	3.8466e-05	0.0015604
543	0.023602	0.9748	3.7546e-05	0.0015598
544	0.018237	0.98017	2.8969e-05	0.0015668
545	0.014156	0.98425	2.2459e-05	0.0015718
546	0.011039	0.98737	1.7497e-05	0.0015753
547	0.0086427	0.98977	1.3691e-05	0.0015776
548	0.0070689	0.99134	1.1188e-05	0.0015786
549	0.006098	0.99231	9.6394e-06	0.0015786
550	0.0053774	0.99304	8.4916e-06	0.0015782
551	0.0048504	0.99356	7.6539e-06	0.0015776
552	0.0046669	0.99375	7.3558e-06	0.0015764
553	0.0046036	0.99381	7.2491e-06	0.001575
554	0.0046645	0.99375	7.3399e-06	0.0015734
555	0.0048543	0.99357	7.6352e-06	0.0015716
556	0.005188	0.99323	8.1584e-06	0.0015695
557	0.0056916	0.99273	8.9505e-06	0.0015673
558	0.0064047	0.99202	1.0074e-05	0.0015646
559	0.0073715	0.99106	1.1599e-05	0.0015616
560	0.0089596	0.98947	1.4095e-05	0.0015576
561	0.011328	0.9871	1.781e-05	0.0015524
562	0.014777	0.98365	2.321e-05	0.0015455
563	0.019255	0.97918	3.0225e-05	0.001537
564	0.025842	0.97259	4.0524e-05	0.0015252
565	0.02047	0.97797	3.208e-05	0.0015321
566	0.016846	0.98159	2.6378e-05	0.0015363
567	0.01417	0.98427	2.2177e-05	0.001539
568	0.012523	0.98592	1.9587e-05	0.0015401
569	0.011753	0.98669	1.8365e-05	0.0015398
570	0.011751	0.98669	1.834e-05	0.0015383
571	0.012518	0.98593	1.9508e-05	0.0015356
572	0.009683	0.98876	1.5074e-05	0.0015385
573	0.0077455	0.9907	1.2039e-05	0.00154
574	0.0062413	0.99221	9.6898e-06	0.0015408
575	0.0052425	0.99321	8.1258e-06	0.0015408
576	0.0044449	0.99401	6.8806e-06	0.0015405
577	0.0039825	0.99447	6.1535e-06	0.0015397
578	0.0036174	0.99484	5.5809e-06	0.0015388
579	0.003321	0.99514	5.1177e-06	0.0015377
580	0.0032283	0.99523	4.9662e-06	0.0015363
581	0.003169	0.99529	4.8679e-06	0.0015348
582	0.0031309	0.99533	4.8039e-06	0.0015334
583	0.0031184	0.99534	4.7809e-06	0.0015319
584	0.0032867	0.99518	5.0316e-06	0.0015301
585	0.0034872	0.99498	5.3324e-06	0.0015282
586	0.0037351	0.99473	5.7065e-06	0.0015263
587	0.0040493	0.99442	6.1828e-06	0.0015243
588	0.0046493	0.99382	7.0909e-06	0.0015219
589	0.0054068	0.99307	8.2396e-06	0.0015192
590	0.0063702	0.9921	9.7026e-06	0.0015162
591	0.0076126	0.99086	1.1591e-05	0.0015128
592	0.0092282	0.98925	1.405e-05	0.0015089
593	0.011643	0.98684	1.7716e-05	0.0015037
594	0.015247	0.98323	2.3177e-05	0.0014967
595	0.019927	0.97855	3.027e-05	0.0014881
596	0.026037	0.97245	3.9533e-05	0.0014773
597	0.034083	0.9644	5.1734e-05	0.0014636
598	0.04565	0.95284	6.9243e-05	0.0014445
599	0.049035	0.94945	7.4301e-05	0.0014379
600	0.046719	0.95177	7.0715e-05	0.00144
601	0.046382	0.95211	7.0117e-05	0.001439
602	0.039647	0.95885	5.9841e-05	0.0014477
603	0.034744	0.96375	5.2366e-05	0.0014537
604	0.031899	0.9666	4.8003e-05	0.0014565
605	0.030716	0.96778	4.6143e-05	0.0014568
606	0.030554	0.96794	4.5831e-05	0.0014555
607	0.031802	0.9667	4.7623e-05	0.0014522
608	0.034141	0.96436	5.1054e-05	0.0014472
609	0.037779	0.96072	5.6427e-05	0.0014402
610	0.043001	0.9555	6.4165e-05	0.0014309
611	0.042495	0.95601	6.3326e-05	0.0014302
612	0.043222	0.95529	6.4335e-05	0.0014276
613	0.045763	0.95275	6.8034e-05	0.0014224
614	0.04982	0.94869	7.399e-05	0.0014149
615	0.055702	0.94281	8.2657e-05	0.0014046
616	0.043587	0.95493	6.4593e-05	0.0014211
617	0.034449	0.96407	5.0997e-05	0.0014332
618	0.028343	0.97017	4.1903e-05	0.0014407
619	0.023827	0.97469	3.5189e-05	0.0014459
620	0.020954	0.97757	3.0908e-05	0.0014486
621	0.01936	0.97916	2.8517e-05	0.0014494
622	0.018509	0.98001	2.7232e-05	0.0014492
623	0.018355	0.98017	2.6982e-05	0.0014479
624	0.019196	0.97933	2.819e-05	0.0014451
625	0.021139	0.97739	3.1009e-05	0.0014407
626	0.023999	0.97453	3.5172e-05	0.001435
627	0.027991	0.97054	4.0997e-05	0.0014276
628	0.034173	0.96436	5.0007e-05	0.001417
629	0.042437	0.9561	6.206e-05	0.0014034
630	0.054434	0.9441	7.953e-05	0.0013843
631	0.07169	0.92685	0.00010462	0.0013576
632	0.076776	0.92176	0.00011192	0.0013488
633	0.084287	0.91425	0.00012276	0.0013364
634	0.083338	0.9152	0.00012125	0.0013363
635	0.084932	0.91361	0.00012344	0.0013325
636	0.089272	0.90927	0.00012961	0.0013248
637	0.097102	0.90144	0.00014081	0.001312
638	0.10808	0.89047	0.00015657	0.0012946
639	0.12312	0.87543	0.0001782	0.0012714
640	0.1456	0.85296	0.00021051	0.0012375
641	0.1754	0.82315	0.00025341	0.001193
642	0.21499	0.78356	0.0003104	0.0011344
643	0.22813	0.77043	0.00032908	0.0011142
644	0.24834	0.75022	0.0003579	0.0010838
645	0.27875	0.71981	0.00040133	0.0010388
646	0.32362	0.67495	0.00046538	0.00097311
647	0.38296	0.61561	0.00055019	0.0008867
648	0.46943	0.52914	0.00067365	0.00076163
649	0.47557	0.523	0.0006817	0.00075198
650	0.48785	0.51072	0.0006985	0.00073357
651	0.50588	0.49269	0.00072354	0.00070693
652	0.53117	0.4674	0.00075894	0.00066994
653	0.56866	0.42991	0.00081166	0.00061561
654	0.61875	0.37982	0.00088232	0.00054335
655	0.63722	0.36136	0.00090772	0.00051636
656	0.6654	0.33317	0.00094689	0.00047559
657	0.7035	0.29508	0.0010002	0.00042073
658	0.75977	0.23881	0.0010791	0.00034019
659	0.83468	0.1639	0.0011845	0.00023323
660	0.93366	0.06492	0.001324	9.2142e-05
661	0.93433	0.064251	0.0013234	9.1069e-05
662	0.93808	0.060512	0.0013272	8.5661e-05
663	0.94536	0.053226	0.001336	7.526e-05
664	0.95608	0.042506	0.0013496	6.0015e-05
665	0.97268	0.025915	0.0013715	3.6537e-05
666	0.97969	0.018906	0.0013798	2.6625e-05
667	0.98967	0.0089214	0.0013922	1.2536e-05
668	0.98992	0.0086785	0.0013909	1.2178e-05
669	0.98795	0.010645	0.0013866	1.4914e-05
670	0.98757	0.01103	0.0013844	1.5432e-05
671	0.98872	0.0098822	0.0013844	1.3808e-05
672	0.99161	0.0069901	0.0013868	9.7541e-06
673	0.99238	0.006228	0.0013862	8.6836e-06
674	0.99166	0.0069507	0.0013835	9.6878e-06
675	0.99205	0.0065583	0.0013823	9.1324e-06
676	0.99385	0.0047601	0.0013832	6.6261e-06
677	0.99402	0.0045935	0.0013817	6.3892e-06
678	0.99269	0.0059189	0.0013782	8.2219e-06
679	0.99268	0.0059335	0.0013765	8.235e-06
680	0.99374	0.0048794	0.0013763	6.7644e-06
681	0.99623	0.002388	0.001378	3.3122e-06
682	0.99539	0.003226	0.0013752	4.4695e-06
683	0.99547	0.0031522	0.0013736	4.3622e-06
684	0.99646	0.0021607	0.0013734	2.987e-06
685	0.99441	0.0042109	0.0013689	5.8049e-06
686	0.9897	0.0089264	0.0013607	1.2287e-05
687	0.98711	0.011521	0.0013555	1.5844e-05
688	0.98594	0.012686	0.0013523	1.7424e-05
689	0.98168	0.016956	0.0013447	2.3265e-05
690	0.97924	0.019396	0.0013398	2.6578e-05
691	0.97844	0.020197	0.001337	2.7636e-05
692	0.97961	0.019029	0.001337	2.6008e-05
693	0.98243	0.016211	0.0013392	2.2126e-05
694	0.9876	0.011043	0.0013446	1.5057e-05
695	0.99511	0.0035303	0.0013532	4.8046e-06
696	0.99859	5.5146e-05	0.0013563	7.5085e-08
697	0.9986	4.1349e-05	0.0013546	5.6192e-08
698	0.99793	0.00071428	0.001352	9.7056e-07
699	0.99669	0.0019595	0.0013486	2.6626e-06
700	0.99376	0.004892	0.001343	6.6375e-06
701	0.98716	0.011489	0.0013324	1.5576e-05
702	0.98325	0.015405	0.0013254	2.0872e-05
703	0.98105	0.017601	0.0013207	2.3824e-05
704	0.98041	0.018245	0.0013182	2.4671e-05
705	0.98127	0.017384	0.0013177	2.3486e-05
706	0.98373	0.014934	0.0013193	2.0162e-05
707	0.98793	0.010727	0.0013234	1.448e-05
708	0.99422	0.0044439	0.0013302	6.0167e-06
709	0.95545	0.043213	0.0012764	5.8143e-05
710	0.92875	0.069922	0.0012389	9.398e-05
711	0.90913	0.089536	0.0012111	0.00012018
712	0.8963	0.10237	0.0011924	0.00013725
713	0.88769	0.11099	0.0011793	0.00014863
714	0.88341	0.11527	0.0011721	0.00015421
715	0.88308	0.11559	0.0011701	0.00015452
716	0.8857	0.11298	0.0011721	0.00015091
717	0.87989	0.11879	0.0011629	0.00015848
718	0.87728	0.1214	0.0011579	0.00016179
719	0.87844	0.12024	0.0011579	0.0001601
720	0.8837	0.11499	0.0011634	0.00015302
721	0.89256	0.10613	0.0011735	0.00014119
722	0.90571	0.092975	0.0011894	0.00012371
723	0.92419	0.074495	0.0012122	9.9247e-05
724	0.93132	0.06737	0.00122	8.9795e-05
725	0.94198	0.056716	0.0012324	7.5716e-05
726	0.95697	0.041724	0.0012505	5.5962e-05
727	0.96224	0.036455	0.0012558	4.9031e-05
728	0.97107	0.027624	0.0012657	3.7462e-05
729	0.98349	0.015207	0.0012803	2.1221e-05
730	0.98332	0.015381	0.0012783	2.16e-05
731	0.98024	0.018461	0.0012722	2.5996e-05
732	0.97885	0.019854	0.0012685	2.8086e-05
733	0.97904	0.019668	0.0012668	2.8047e-05
734	0.98123	0.017473	0.0012679	2.5342e-05
735	0.98523	0.013483	0.0012713	2.0278e-05
736	0.98625	0.012462	0.0012707	1.9225e-05
737	0.98911	0.0096024	0.0012725	1.5726e-05
738	0.99421	0.0045043	0.0012772	9.306e-06
739	0.99008	0.0086407	0.0012615	1.4325e-05
740	0.98787	0.010869	0.0012483	1.6785e-05
741	0.98733	0.01142	0.0012374	1.7003e-05
742	0.98424	0.014516	0.0012231	2.0567e-05
743	0.98275	0.016017	0.0012109	2.2051e-05
744	0.97713	0.021646	0.0011936	2.8654e-05
745	0.96386	0.034928	0.0011671	4.4462e-05
746	0.95545	0.043346	0.0011467	5.4142e-05
747	0.94999	0.048822	0.00113	6.0115e-05
748	0.94769	0.051135	0.0011172	6.2224e-05
749	0.94762	0.051216	0.0011072	6.1641e-05
750	0.95041	0.048427	0.0011004	5.7694e-05
751	0.95566	0.043194	0.0010965	5.0946e-05
752	0.96457	0.034292	0.0010968	4.0065e-05
753	0.97715	0.021719	0.0011011	2.5139e-05
754	0.99444	0.0044433	0.0011105	5.0967e-06
755	0.99361	0.0052831	0.001099	5.964e-06
756	0.99381	0.0050974	0.0010887	5.6821e-06
757	0.99246	0.0064526	0.0010768	7.0882e-06
758	0.99223	0.0066935	0.0010661	7.263e-06
759	0.99335	0.005592	0.0010568	6.0014e-06
760	0.99595	0.0029943	0.0010491	3.1825e-06
761	0.9969	0.0020575	0.0010396	2.1633e-06
762	0.99882	0.00014441	0.0010311	1.5021e-07
763	0.99795	0.0010263	0.0010198	1.0487e-06
764	0.99789	0.0010968	0.0010092	1.1091e-06
765	0.99855	0.00045259	0.00099946	4.5147e-07
766	0.99809	0.00092271	0.00098859	9.0787e-07
767	0.99397	0.005051	0.00097421	4.9078e-06
768	0.99138	0.0076515	0.00096143	7.3458e-06
769	0.99038	0.0086573	0.0009502	8.2116e-06
770	0.99058	0.0084758	0.00094014	7.9317e-06
771	0.99221	0.0068507	0.00093142	6.3072e-06
772	0.99214	0.0069323	0.00092108	6.2887e-06
773	0.99318	0.0058992	0.00091179	5.2488e-06
774	0.99543	0.0036597	0.0009036	3.1367e-06
775	0.99393	0.0051753	0.00089207	4.351e-06
776	0.99349	0.0056199	0.00088152	4.6074e-06
777	0.9941	0.0050271	0.00087191	3.9625e-06
778	0.99316	0.0059699	0.00086108	4.5645e-06
779	0.99009	0.0090575	0.00084863	6.7693e-06
780	0.98844	0.010715	0.0008374	7.7871e-06
781	0.98363	0.01553	0.00082391	1.1047e-05
782	0.98071	0.01847	0.00081195	1.281e-05
783	0.97984	0.01935	0.00080156	1.2987e-05
784	0.96131	0.037884	0.00077934	2.4981e-05
785	0.94919	0.050019	0.00076172	3.2352e-05
786	0.9408	0.058411	0.00074688	3.6978e-05
787	0.93551	0.063719	0.00073431	3.9373e-05
788	0.93346	0.065772	0.000724	3.9486e-05
789	0.93382	0.065427	0.0007154	3.7907e-05
790	0.90911	0.090144	0.00069197	5.1159e-05
791	0.89102	0.10825	0.00067288	6.0089e-05
792	0.87816	0.12112	0.0006572	6.564e-05
793	0.86957	0.12972	0.00064427	6.8474e-05
794	0.86458	0.13472	0.00063364	6.9027e-05
795	0.86287	0.13644	0.00062509	6.7521e-05
796	0.85177	0.14754	0.00061712	7.6176e-05
797	0.82072	0.17858	0.00059496	9.9017e-05
798	0.74329	0.25602	0.00053928	0.00015538
799	0.55165	0.44765	0.00040061	0.00029472
800	0.41737	0.58194	0.00030328	0.00039271
801	0.32488	0.67442	0.00023615	0.00046049
802	0.25465	0.74466	0.00018519	0.00051211
803	0.20558	0.79372	0.00014953	0.00054841
804	0.1684	0.8309	0.00012253	0.00057605
805	0.14029	0.85901	0.00010212	0.0005971
806	0.12095	0.87835	8.8051e-05	0.0006118
807	0.10816	0.89114	7.8732e-05	0.00062175
808	0.10015	0.89915	7.2868e-05	0.00062823
809	0.0958	0.9035	6.9644e-05	0.00063206
810	0.093636	0.90566	6.8005e-05	0.00063431
811	0.081969	0.91733	5.9489e-05	0.00064342
812	0.074374	0.92492	5.3922e-05	0.00064958
813	0.069193	0.9301	5.0113e-05	0.00065398
814	0.066019	0.93328	4.7763e-05	0.00065692
815	0.064572	0.93472	4.6661e-05	0.00065861
816	0.064741	0.93455	4.6726e-05	0.00065913
817	0.066574	0.93272	4.7984e-05	0.00065846
818	0.070858	0.92843	5.0981e-05	0.00065605
819	0.077349	0.92194	5.5553e-05	0.00065205
820	0.087737	0.91155	6.2877e-05	0.0006453
821	0.1018	0.8975	7.2816e-05	0.00063593
822	0.12068	0.87861	8.6197e-05	0.00062312
823	0.14588	0.85341	0.00010408	0.0006058
824	0.18215	0.81714	0.00012981	0.00058063
825	0.23019	0.7691	0.00016395	0.00054705
826	0.24972	0.74956	0.00017791	0.00053365
827	0.27868	0.72061	0.00019855	0.00051355
828	0.31747	0.68182	0.00022623	0.00048641
829	0.36892	0.63037	0.00026299	0.0004502
830	0.43722	0.56206	0.00031185	0.00040188
831	0.52774	0.47155	0.0003767	0.00033758
832	0.51591	0.48337	0.00036852	0.0003463
833	0.51045	0.48883	0.00036487	0.00035049
834	0.50921	0.49007	0.00036426	0.00035164
835	0.51326	0.48602	0.00036741	0.00034901
836	0.5217	0.47758	0.00037374	0.00034322
837	0.53685	0.46244	0.00038487	0.00033261
838	0.56062	0.43867	0.00040218	0.00031581
839	0.59668	0.4026	0.00042831	0.00029018
840	0.64494	0.35434	0.00046326	0.00025572
841	0.70905	0.29023	0.00050972	0.00020978
842	0.73392	0.26536	0.000528	0.000192
843	0.74118	0.2581	0.00053361	0.00018689
844	0.7548	0.24447	0.00054381	0.00017719
845	0.77669	0.22258	0.00055997	0.00016152
846	0.80662	0.19266	0.00058198	0.00014
847	0.80215	0.19713	0.00057912	0.00014334
848	0.80219	0.19709	0.00057953	0.00014342
849	0.80581	0.19347	0.00058253	0.0001409
850	0.81329	0.18599	0.00058836	0.00013556
851	0.82521	0.17407	0.00059743	0.00012697
852	0.84251	0.15677	0.00061045	0.00011445
853	0.86909	0.13019	0.00063022	9.516e-05
854	0.90488	0.094395	0.00065675	6.9107e-05
855	0.91877	0.080506	0.00066735	5.8997e-05
856	0.91247	0.086799	0.00066322	6.3611e-05
857	0.91003	0.089243	0.00066188	6.5428e-05
858	0.91031	0.088964	0.00066254	6.5253e-05
859	0.91417	0.0851	0.0006658	6.2462e-05
860	0.92114	0.078136	0.00067134	5.7391e-05
861	0.93174	0.067526	0.00067958	4.9633e-05
862	0.94845	0.050825	0.00069227	3.7404e-05
863	0.97118	0.028094	0.00070942	2.0716e-05
864	0.9726	0.026666	0.00071092	1.9678e-05
865	0.97592	0.023346	0.00071381	1.7245e-05
866	0.98136	0.017904	0.00071827	1.3244e-05
867	0.98934	0.0099281	0.00072462	7.3665e-06
868	0.98862	0.010652	0.00072455	7.9017e-06
869	0.9894	0.0098688	0.00072558	7.3297e-06
870	0.99185	0.0074183	0.00072782	5.5306e-06
871	0.98849	0.010779	0.00072577	8.0313e-06
872	0.97976	0.019507	0.00071974	1.4517e-05
873	0.97378	0.02549	0.00071574	1.897e-05
874	0.95724	0.042025	0.00070392	3.1254e-05
875	0.94635	0.052915	0.00069625	3.9373e-05
876	0.93892	0.060339	0.00069115	4.4922e-05
877	0.9344	0.064861	0.00068821	4.8319e-05
878	0.93244	0.066824	0.00068717	4.9817e-05
879	0.92329	0.07597	0.00068077	5.6661e-05
880	0.90013	0.099132	0.0006639	7.3965e-05
881	0.88326	0.116	0.00065172	8.6584e-05
882	0.87141	0.12785	0.00064327	9.5474e-05
883	0.83944	0.15982	0.00061985	0.00011934
884	0.81586	0.1834	0.00060268	0.00013696
885	0.79899	0.20027	0.00059048	0.00014961
886	0.78741	0.21185	0.00058223	0.00015831
887	0.78025	0.21901	0.00057727	0.00016373
888	0.77698	0.22228	0.0005752	0.00016625
889	0.77739	0.22187	0.00057589	0.00016603
890	0.78146	0.2178	0.00057931	0.00016307
891	0.7895	0.20976	0.00058571	0.00015714
892	0.80356	0.1957	0.0005966	0.00014671
893	0.82351	0.17575	0.00061192	0.00013184
894	0.82888	0.17038	0.00061636	0.00012786
895	0.82515	0.17411	0.00061397	0.0001307
896	0.82487	0.17438	0.00061418	0.00013095
897	0.82892	0.17033	0.0006176	0.00012797
898	0.83781	0.16144	0.00062464	0.00012136
899	0.85125	0.148	0.00063511	0.00011132
900	0.87034	0.12891	0.00064986	9.7008e-05
901	0.89659	0.10266	0.00067004	7.7273e-05
902	0.93494	0.064314	0.00069932	4.842e-05
903	0.9912	0.0080536	0.00074208	6.0715e-06
904	0.9895	0.0097481	0.00074122	7.3451e-06
905	0.98908	0.010169	0.00074131	7.6614e-06
906	0.99015	0.0091009	0.00074251	6.8614e-06
907	0.98908	0.010172	0.0007421	7.668e-06
908	0.9895	0.0097536	0.0007428	7.3576e-06
909	0.99119	0.0080617	0.00074447	6.0863e-06
910	0.99081	0.00844	0.00074458	6.3721e-06
911	0.9916	0.0076462	0.00074558	5.7735e-06
912	0.99363	0.0056201	0.00074751	4.2429e-06
913	0.99072	0.0085303	0.00074571	6.4346e-06
914	0.98921	0.01004	0.00074497	7.5709e-06
915	0.98921	0.010041	0.00074535	7.5731e-06
916	0.99071	0.0085324	0.00074686	6.4391e-06
917	0.99362	0.0056237	0.00074943	4.2443e-06
918	0.99863	0.00061596	0.00075358	4.6507e-07
919	0.99839	0.00085062	0.00075375	6.4293e-07
920	0.99883	0.00041158	0.00075444	3.113e-07
921	0.99914	0.00010914	0.00075503	8.2378e-08
922	0.99608	0.0031693	0.00075307	2.3924e-06
923	0.99446	0.0047857	0.00075218	3.6151e-06
924	0.99411	0.005129	0.00075225	3.8774e-06
925	0.99202	0.0072264	0.00075097	5.4695e-06
926	0.99115	0.0080982	0.00075062	6.1322e-06
927	0.99169	0.0075514	0.00075134	5.7225e-06
928	0.99055	0.0086936	0.00075076	6.5949e-06
929	0.9906	0.0086407	0.00075109	6.5592e-06
930	0.99185	0.0073887	0.00075234	5.6113e-06
931	0.99136	0.0078823	0.00075225	5.9898e-06
932	0.99201	0.0072297	0.00075304	5.4962e-06
933	0.99387	0.0053683	0.00075475	4.0813e-06
934	0.99401	0.0052321	0.00075514	3.9789e-06
935	0.99519	0.0040528	0.00075633	3.0817e-06
936	0.99778	0.0014568	0.00075858	1.1078e-06
937	0.99552	0.0037158	0.00075712	2.8274e-06
938	0.99437	0.0048656	0.00075652	3.7023e-06
939	0.99129	0.0079542	0.00075442	6.0553e-06
940	0.9899	0.0093372	0.00075361	7.1131e-06
941	0.98975	0.0094858	0.00075374	7.2288e-06
942	0.99084	0.008398	0.00075482	6.4001e-06
943	0.98987	0.0093649	0.00075432	7.1391e-06
944	0.9904	0.0088395	0.00075495	6.7427e-06
945	0.99249	0.0067483	0.00075675	5.1543e-06
946	0.99263	0.0066079	0.00075708	5.051e-06
947	0.99388	0.005354	0.00075826	4.0955e-06
948	0.99635	0.0028912	0.00076037	2.2139e-06
949	0.99723	0.002012	0.00076127	1.5413e-06
950	0.99735	0.0018899	0.00076158	1.4489e-06
951	0.99829	0.00094626	0.00076253	7.2736e-07
952	0.99743	0.00181	0.00076209	1.3905e-06
953	0.99527	0.0039668	0.00076067	3.0452e-06
954	0.99422	0.0050205	0.0007601	3.8543e-06
955	0.99418	0.0050511	0.00076031	3.8787e-06
