#coord	neutral	conserved	gBGC.neutral	gBGC.conserved
1	0.75551	0.23199	0.0094498	0.0030482
2	0.76133	0.22616	0.0095256	0.0029793
3	0.77144	0.21604	0.0096563	0.0028556
4	0.78816	0.19932	0.0098702	0.0026487
5	0.81362	0.17385	0.010194	0.002332
6	0.85171	0.13575	0.010676	0.001857
7	0.90249	0.084974	0.011318	0.0012213
8	0.92476	0.062691	0.011603	0.00094403
9	0.95491	0.032538	0.011987	0.00056675
10	0.96662	0.020819	0.012139	0.00042226
11	0.97098	0.016469	0.012218	0.00032869
12	0.9776	0.0098688	0.012339	0.00019461
13	0.98027	0.0072103	0.012381	0.00013888
14	0.98453	0.0029687	0.01245	5.6318e-05
15	0.98628	0.0012232	0.01247	2.2446e-05
16	0.98578	0.0017398	0.012451	2.7484e-05
17	0.98605	0.001489	0.012443	2.2323e-05
18	0.98569	0.0018542	0.012426	2.6092e-05
19	0.98612	0.0014431	0.012419	1.9791e-05
20	0.9875	7.3159e-05	0.012425	9.8978e-07
21	0.98756	2.7434e-05	0.012412	3.5117e-07
22	0.9873	0.00030257	0.012396	3.8162e-06
23	0.98691	0.00070134	0.012378	8.8272e-06
24	0.98718	0.00045149	0.012368	5.6787e-06
25	0.98729	0.00034943	0.012356	4.3857e-06
26	0.98732	0.00032912	0.012343	4.1139e-06
27	0.98635	0.001312	0.012318	1.6378e-05
28	0.98626	0.0014205	0.012304	1.773e-05
29	0.98691	0.00078186	0.012299	9.7422e-06
30	0.9872	0.00049918	0.01229	6.2194e-06
31	0.98631	0.0014031	0.012266	1.7499e-05
32	0.98423	0.003499	0.012227	4.3564e-05
33	0.98311	0.0046307	0.0122	5.755e-05
34	0.9829	0.0048574	0.012185	6.0239e-05
35	0.98371	0.0040589	0.012182	5.0259e-05
36	0.98316	0.0046163	0.012163	5.7109e-05
37	0.98362	0.0041685	0.012156	5.1557e-05
38	0.98498	0.0028261	0.01216	3.4927e-05
39	0.98514	0.0026745	0.012149	3.3054e-05
40	0.9861	0.0017278	0.012148	2.135e-05
41	0.98623	0.0016144	0.012137	1.9917e-05
42	0.98564	0.0022195	0.012117	2.7363e-05
43	0.98579	0.0020769	0.012107	2.5575e-05
44	0.98516	0.0027219	0.012086	3.3501e-05
45	0.98539	0.0025071	0.012077	3.083e-05
46	0.98649	0.0014157	0.012078	1.7385e-05
47	0.98691	0.0010038	0.012071	1.2328e-05
48	0.98698	0.00095339	0.012059	1.1694e-05
49	0.98775	0.00019605	0.012057	2.4031e-06
50	0.98777	0.00018504	0.012045	2.2574e-06
51	0.98789	7.4669e-05	0.012034	9.1083e-07
52	0.98783	0.00015076	0.012021	1.8325e-06
53	0.98704	0.00095292	0.012	1.154e-05
54	0.98552	0.0024848	0.01197	3.0074e-05
55	0.98508	0.0029323	0.011952	3.5464e-05
56	0.98567	0.002358	0.011947	2.8498e-05
57	0.98535	0.0026819	0.011932	3.2365e-05
58	0.98404	0.0040066	0.011904	4.8329e-05
59	0.97197	0.016087	0.011746	0.00019423
60	0.96421	0.023861	0.01164	0.00028803
61	0.95904	0.029046	0.011566	0.00035023
62	0.95605	0.032047	0.011519	0.00038587
63	0.95541	0.032696	0.0115	0.00039324
64	0.95036	0.037759	0.011428	0.00045377
65	0.94818	0.03995	0.01139	0.00047979
66	0.94801	0.040136	0.011376	0.00048155
67	0.94297	0.045182	0.011305	0.00054173
68	0.9403	0.047864	0.011261	0.00057329
69	0.94041	0.04777	0.011251	0.0005717
70	0.93536	0.052825	0.01118	0.00063152
71	0.93347	0.054734	0.011146	0.00065377
72	0.93445	0.053762	0.011146	0.00064174
73	0.93775	0.050469	0.011175	0.00060192
74	0.94431	0.043925	0.011241	0.00052363
75	0.95401	0.034235	0.011345	0.0004079
76	0.95694	0.031319	0.011369	0.00037276
77	0.96263	0.025636	0.011426	0.00030493
78	0.97103	0.017249	0.011514	0.00020496
79	0.97433	0.013961	0.011542	0.00016581
80	0.97454	0.013763	0.011533	0.00016326
81	0.97616	0.01216	0.011541	0.00014401
82	0.96932	0.019011	0.01145	0.00022444
83	0.96527	0.023063	0.011391	0.00027188
84	0.96314	0.025208	0.011355	0.00029667
85	0.9631	0.025259	0.011344	0.00029686
86	0.95928	0.029088	0.011288	0.0003415
87	0.95794	0.03044	0.011262	0.00035706
88	0.95842	0.029976	0.011257	0.00035118
89	0.96117	0.027237	0.011278	0.00031873
90	0.96666	0.021757	0.011331	0.00025437
91	0.97566	0.01277	0.011425	0.00014931
92	0.97902	0.009416	0.011453	0.00011003
93	0.97996	0.0084905	0.011453	9.9206e-05
94	0.97885	0.0096089	0.011429	0.00011221
95	0.97898	0.0094936	0.01142	0.00011073
96	0.98064	0.0078443	0.011428	9.143e-05
97	0.98029	0.0082021	0.011413	9.5477e-05
98	0.98136	0.0071388	0.011415	8.3035e-05
99	0.98401	0.0045056	0.011434	5.244e-05
100	0.98221	0.0063121	0.011403	7.3412e-05
101	0.98176	0.0067738	0.011386	7.8771e-05
102	0.9826	0.0059492	0.011385	6.9247e-05
103	0.98177	0.006783	0.011365	7.8941e-05
104	0.98228	0.0062894	0.011359	7.328e-05
105	0.98391	0.0046711	0.011367	5.4567e-05
106	0.984	0.0045899	0.011358	5.3672e-05
107	0.98257	0.0060292	0.01133	7.0437e-05
108	0.98225	0.0063627	0.011316	7.4321e-05
109	0.98323	0.0053909	0.011317	6.3152e-05
110	0.98536	0.0032678	0.011331	3.8668e-05
111	0.98599	0.0026509	0.011327	3.1669e-05
112	0.98569	0.0029599	0.011313	3.5624e-05
113	0.98626	0.0024006	0.011309	2.947e-05
114	0.98775	0.00092198	0.011316	1.2663e-05
115	0.95849	0.030191	0.010906	0.00041241
116	0.93845	0.050238	0.010621	0.0006873
117	0.92509	0.063615	0.010426	0.00087235
118	0.91575	0.072961	0.010285	0.0010032
119	0.91051	0.078209	0.010198	0.0010803
120	0.90871	0.080026	0.010154	0.0011135
121	0.90949	0.079256	0.010143	0.0011144
122	0.91291	0.075841	0.010164	0.0010833
123	0.91925	0.06951	0.01022	0.0010178
124	0.91867	0.070101	0.01019	0.001038
125	0.92056	0.068225	0.010191	0.0010272
126	0.92506	0.063734	0.010224	0.00098473
127	0.92322	0.065584	0.010175	0.0010246
128	0.92434	0.064467	0.010164	0.0010259
129	0.92872	0.060104	0.010193	0.00098725
130	0.9275	0.061327	0.010147	0.0010232
131	0.9286	0.060241	0.010133	0.0010283
132	0.93212	0.056727	0.010149	0.0010025
133	0.92975	0.059141	0.010098	0.0010092
134	0.93037	0.05857	0.010087	0.00097688
135	0.93331	0.055668	0.010107	0.00091259
136	0.93885	0.050179	0.010164	0.00081154
137	0.94823	0.040842	0.010278	0.00065414
138	0.96145	0.027661	0.010449	0.00043965
139	0.96015	0.029001	0.010401	0.00044392
140	0.96062	0.028577	0.010375	0.00042632
141	0.96289	0.026356	0.010373	0.00038589
142	0.96711	0.02217	0.010396	0.00031996
143	0.96737	0.021962	0.010365	0.00030848
144	0.96926	0.020108	0.010354	0.00027693
145	0.97337	0.016041	0.01037	0.00021781
146	0.9743	0.015159	0.010344	0.0002011
147	0.97674	0.01276	0.010337	0.00016636
148	0.98129	0.0082538	0.010355	0.00010622
149	0.98277	0.0068134	0.010333	8.5818e-05
150	0.98263	0.0069986	0.010291	8.5288e-05
151	0.98384	0.005826	0.010264	6.9702e-05
152	0.98628	0.0034319	0.01025	4.0529e-05
153	0.98723	0.0025259	0.010219	2.9256e-05
154	0.98479	0.0050055	0.010152	5.4569e-05
155	0.98375	0.0060903	0.010099	6.5265e-05
156	0.98028	0.0096009	0.010021	0.00010091
157	0.97832	0.011603	0.0099595	0.00012075
158	0.97798	0.011986	0.0099144	0.00012397
159	0.97445	0.015557	0.0098372	0.00015951
160	0.97298	0.017063	0.009781	0.00017398
161	0.97301	0.017072	0.0097403	0.00017319
162	0.96968	0.020447	0.0096662	0.00020608
163	0.96008	0.030086	0.0095304	0.00030082
164	0.95429	0.035922	0.0094329	0.00035727
165	0.95148	0.038771	0.0093651	0.00038388
166	0.94248	0.047813	0.0092364	0.00047129
167	0.93654	0.053798	0.0091389	0.00052786
168	0.93379	0.056581	0.0090728	0.00055286
169	0.93335	0.057069	0.0090296	0.00055523
170	0.93585	0.054604	0.0090147	0.00052916
171	0.92015	0.070347	0.008824	0.0006789
172	0.90901	0.081526	0.0086789	0.00078328
173	0.90263	0.087944	0.0085799	0.00084144
174	0.90013	0.090494	0.008518	0.00086242
175	0.9003	0.090357	0.0084821	0.00085765
176	0.89325	0.097455	0.0083778	0.00092126
177	0.88936	0.10139	0.0083041	0.0009544
178	0.88833	0.10245	0.0082579	0.00096031
179	0.8901	0.10072	0.008238	0.00094009
180	0.89483	0.096035	0.0082458	0.00089246
181	0.90401	0.086892	0.008294	0.00080433
182	0.91893	0.072015	0.0083937	0.00066462
183	0.93944	0.051537	0.0085438	0.00047473
184	0.94774	0.043286	0.0085808	0.00039783
185	0.94938	0.041683	0.0085573	0.00038171
186	0.94588	0.045223	0.0084874	0.0004122
187	0.93511	0.056032	0.0083519	0.00050818
188	0.92785	0.063331	0.0082492	0.00057161
189	0.92416	0.067055	0.0081788	0.00060266
190	0.92301	0.068248	0.0081316	0.00061081
191	0.92487	0.066425	0.0081109	0.00059234
192	0.92932	0.062013	0.0081131	0.00055117
193	0.88203	0.10934	0.0076604	0.00096506
194	0.84945	0.14197	0.0073397	0.0012469
195	0.82742	0.16404	0.0071133	0.0014345
196	0.77585	0.21564	0.0066309	0.001878
197	0.73739	0.25414	0.0062669	0.0022032
198	0.70902	0.28255	0.0059936	0.002438
199	0.68852	0.30309	0.0057904	0.0026029
200	0.67574	0.31591	0.0056541	0.0027008
201	0.6678	0.32388	0.0055601	0.0027566
202	0.64041	0.35131	0.0053034	0.0029753
203	0.62061	0.37115	0.0051128	0.003128
204	0.60699	0.38481	0.0049756	0.0032276
205	0.59841	0.39343	0.0048815	0.0032842
206	0.59428	0.39759	0.0048249	0.0033035
207	0.59562	0.39629	0.004813	0.003278
208	0.58271	0.40924	0.0046854	0.0033684
209	0.57474	0.41724	0.0045991	0.0034177
210	0.54492	0.4471	0.0043379	0.0036421
211	0.52332	0.46873	0.0041452	0.0037981
212	0.50824	0.48385	0.0040063	0.0039005
213	0.4985	0.49363	0.0039111	0.0039594
214	0.46671	0.52546	0.0036437	0.0041906
215	0.39204	0.60016	0.0030429	0.0047552
216	0.33577	0.65647	0.0025915	0.0051705
217	0.29347	0.6988	0.002253	0.0054731
218	0.26491	0.7274	0.0020226	0.0056675
219	0.24376	0.74859	0.0018515	0.0058029
220	0.22843	0.76395	0.0017265	0.0058922
221	0.18391	0.8085	0.0013824	0.0062008
222	0.15349	0.83896	0.0011469	0.0064008
223	0.13067	0.86181	0.00097094	0.0065414
224	0.11543	0.87709	0.0008527	0.0066242
225	0.10433	0.88823	0.00076647	0.0066752
226	0.096499	0.89609	0.00070532	0.0067012
227	0.092085	0.90054	0.00066963	0.0067017
228	0.090665	0.902	0.00065601	0.0066802
229	0.092041	0.90066	0.00066271	0.0066384
230	0.095484	0.89725	0.0006844	0.0065816
231	0.1013	0.89147	0.00072309	0.0065081
232	0.11094	0.88187	0.00078859	0.0064076
233	0.12425	0.86859	0.00087985	0.0062816
234	0.14233	0.85054	0.0010044	0.0061224
235	0.14614	0.84677	0.0010266	0.0060657
236	0.15407	0.83887	0.0010775	0.0059803
237	0.16564	0.82734	0.0011535	0.0058699
238	0.14827	0.84474	0.0010266	0.0059625
239	0.13559	0.85746	0.00093363	0.0060213
240	0.12767	0.86541	0.0008743	0.0060465
241	0.12369	0.86942	0.00084247	0.0060442
242	0.12215	0.871	0.00082768	0.0060249
243	0.12297	0.87022	0.00082918	0.0059895
244	0.1262	0.86701	0.00084717	0.0059377
245	0.13302	0.86023	0.00088892	0.0058622
246	0.14308	0.8502	0.00095221	0.0057652
247	0.15863	0.83469	0.0010513	0.0056325
248	0.17965	0.8137	0.001186	0.0054642
249	0.20787	0.78551	0.0013674	0.0052494
250	0.24865	0.74477	0.0016294	0.0049539
251	0.30252	0.69093	0.0019752	0.0045748
252	0.37388	0.61961	0.0024327	0.0040842
253	0.40417	0.58935	0.0026173	0.0038664
254	0.44477	0.54877	0.0028672	0.0035834
255	0.49878	0.4948	0.0032016	0.0032161
256	0.51827	0.47534	0.0033102	0.0030746
257	0.54526	0.44839	0.0034657	0.0028863
258	0.58179	0.41189	0.0036807	0.0026386
259	0.63085	0.36286	0.0039735	0.0023133
260	0.6963	0.29745	0.0043674	0.001887
261	0.79182	0.20196	0.0049455	0.0012766
262	0.83021	0.1636	0.0051605	0.0010294
263	0.84511	0.14874	0.0052267	0.00093108
264	0.86829	0.12558	0.0053432	0.00078252
265	0.89967	0.094234	0.0055091	0.0005846
266	0.91281	0.081125	0.0055607	0.00050102
267	0.9312	0.062771	0.0056438	0.00038608
268	0.93733	0.05667	0.0056514	0.00034679
269	0.93713	0.056908	0.0056205	0.00034619
270	0.93922	0.054843	0.0056037	0.00033169
271	0.94375	0.050349	0.0056015	0.00030272
272	0.95108	0.043043	0.005616	0.00025716
273	0.96298	0.031181	0.005657	0.00018509
274	0.9671	0.027085	0.0056512	0.00015979
275	0.97424	0.019981	0.0056627	0.00011719
276	0.98529	0.0089634	0.0056963	5.2324e-05
277	0.98977	0.0045082	0.0056914	2.6159e-05
278	0.98911	0.0052004	0.0056566	2.9956e-05
279	0.98947	0.0048701	0.0056277	2.7861e-05
280	0.98853	0.0058436	0.0055914	3.3207e-05
281	0.98865	0.0057604	0.0055613	3.2518e-05
282	0.98705	0.0073854	0.0055218	4.1374e-05
283	0.98663	0.0078358	0.0054891	4.3572e-05
284	0.98423	0.010268	0.0054454	5.6701e-05
285	0.98321	0.011318	0.0054097	6.2059e-05
286	0.97912	0.015434	0.0053572	8.4081e-05
287	0.97714	0.01745	0.0053163	9.4491e-05
288	0.977	0.01762	0.0052854	9.4848e-05
289	0.97868	0.015967	0.0052643	8.5435e-05
290	0.98202	0.012657	0.0052521	6.7235e-05
291	0.98725	0.0074583	0.0052499	3.9143e-05
292	0.98025	0.01449	0.0051835	7.5454e-05
293	0.97601	0.018758	0.0051318	9.7038e-05
294	0.97362	0.021184	0.0050901	0.00010879
295	0.96581	0.029025	0.0050211	0.00014796
296	0.96063	0.034228	0.0049662	0.00017318
297	0.95773	0.03716	0.0049234	0.00018654
298	0.95739	0.037525	0.0048935	0.00018683
299	0.95903	0.035919	0.0048738	0.00017712
300	0.96273	0.032244	0.0048646	0.00015706
301	0.95257	0.042433	0.0047878	0.00020484
302	0.94638	0.048658	0.0047305	0.00023299
303	0.94277	0.052297	0.0046862	0.00024826
304	0.94212	0.052977	0.0046563	0.00024913
305	0.94367	0.051455	0.0046373	0.00023929
306	0.94828	0.04687	0.0046328	0.0002148
307	0.94718	0.048004	0.0046009	0.00021772
308	0.94822	0.046991	0.0045794	0.00021043
309	0.95203	0.04321	0.0045707	0.00019021
310	0.95841	0.036855	0.0045742	0.000158
311	0.96782	0.027475	0.0045919	0.00011179
312	0.98237	0.012951	0.004633	4.1992e-05
313	0.98309	0.012235	0.0046346	4.1502e-05
314	0.98551	0.0098168	0.004643	3.42e-05
315	0.98953	0.0057896	0.0046577	2.0534e-05
316	0.99087	0.0044476	0.0046631	1.6328e-05
317	0.99083	0.0044885	0.0046631	1.7426e-05
318	0.98928	0.0060353	0.0046566	2.5066e-05
319	0.98531	0.010008	0.0046389	4.3953e-05
320	0.98294	0.012377	0.0046287	5.5309e-05
321	0.98232	0.01299	0.0046267	5.8518e-05
322	0.98305	0.012264	0.0046309	5.5487e-05
323	0.9814	0.013908	0.0046242	6.3413e-05
324	0.98118	0.014133	0.0046241	6.4686e-05
325	0.98263	0.012679	0.0046319	5.816e-05
326	0.98595	0.0093595	0.0046482	4.3005e-05
327	0.99166	0.0036504	0.0046755	1.6826e-05
328	0.9888	0.0065093	0.0046632	3.0353e-05
329	0.98725	0.008056	0.0046572	3.7677e-05
330	0.98691	0.008396	0.0046568	3.93e-05
331	0.98796	0.0073428	0.004663	3.4385e-05
332	0.99054	0.0047624	0.0046764	2.2305e-05
333	0.99505	0.00024741	0.0046987	1.1595e-06
334	0.99434	0.00096024	0.0046966	4.52e-06
335	0.9944	0.00089465	0.0046982	4.2138e-06
336	0.99527	2.4123e-05	0.0047035	1.1411e-07
337	0.99512	0.0001757	0.0047041	8.3277e-07
338	0.99113	0.0041621	0.0046865	1.97e-05
339	0.98891	0.0063787	0.0046773	3.0224e-05
340	0.98791	0.0073763	0.0046739	3.4956e-05
341	0.98829	0.006998	0.004677	3.3195e-05
342	0.98983	0.0054569	0.0046857	2.5902e-05
343	0.98651	0.0087759	0.0046712	4.1683e-05
344	0.98465	0.010637	0.0046638	5.0525e-05
345	0.98435	0.010932	0.0046637	5.1964e-05
346	0.98129	0.013989	0.0046504	6.6564e-05
347	0.97981	0.015474	0.0046447	7.3664e-05
348	0.97978	0.015503	0.004646	7.3821e-05
349	0.9812	0.014077	0.0046542	6.7039e-05
350	0.98462	0.01066	0.0046719	5.0813e-05
351	0.98993	0.0053481	0.0046987	2.5518e-05
352	0.98464	0.010638	0.0046749	5.0726e-05
353	0.98123	0.014038	0.0046603	6.6912e-05
354	0.97982	0.015451	0.004655	7.3682e-05
355	0.97986	0.015412	0.0046567	7.3514e-05
356	0.98133	0.013935	0.0046653	6.6471e-05
357	0.98436	0.010908	0.0046814	5.1999e-05
358	0.98962	0.00564	0.0047082	2.686e-05
359	0.99157	0.0036884	0.004719	1.7559e-05
360	0.992	0.0032603	0.0047226	1.5526e-05
361	0.9914	0.0038559	0.0047213	1.838e-05
362	0.99174	0.0035178	0.0047245	1.6772e-05
363	0.99087	0.0043833	0.004722	2.0884e-05
364	0.99117	0.0040842	0.004725	1.9462e-05
365	0.98569	0.009564	0.0047006	4.5533e-05
366	0.98247	0.012784	0.0046868	6.0888e-05
367	0.98116	0.014092	0.0046821	6.7167e-05
368	0.98125	0.013996	0.0046842	6.6717e-05
369	0.98311	0.012137	0.0046947	5.788e-05
370	0.98699	0.0082554	0.0047147	3.9419e-05
371	0.98806	0.0071833	0.0047214	3.4319e-05
372	0.98736	0.0078779	0.0047197	3.7677e-05
373	0.98781	0.0074293	0.0047235	3.5547e-05
374	0.98968	0.0055643	0.004734	2.666e-05
375	0.99288	0.0023555	0.004751	1.1308e-05
376	0.99422	0.0010161	0.0047591	4.8857e-06
377	0.9948	0.0004303	0.0047637	2.0708e-06
378	0.99514	9.6065e-05	0.0047671	4.6247e-07
379	0.99517	6.035e-05	0.0047692	2.8981e-07
380	0.99432	0.00090805	0.0047669	4.3653e-06
381	0.99419	0.0010397	0.0047682	4.999e-06
382	0.99365	0.001578	0.0047674	7.5973e-06
383	0.99229	0.0029319	0.0047627	1.4143e-05
384	0.98887	0.0063513	0.0047481	3.064e-05
385	0.98711	0.0081098	0.0047414	3.917e-05
386	0.98658	0.0086393	0.0047407	4.1762e-05
387	0.98723	0.0079814	0.0047458	3.8613e-05
388	0.98913	0.0060844	0.0047569	2.9464e-05
389	0.99239	0.0028167	0.0047748	1.3663e-05
390	0.99368	0.0015276	0.0047831	7.415e-06
391	0.98913	0.0060751	0.0047632	2.94e-05
392	0.98622	0.0089834	0.0047512	4.3453e-05
393	0.98497	0.010236	0.0047472	4.9545e-05
394	0.98498	0.010218	0.0047494	4.9483e-05
395	0.98651	0.0086848	0.0047589	4.2122e-05
396	0.98944	0.0057611	0.0047751	2.8005e-05
397	0.99041	0.0047876	0.004782	2.3301e-05
398	0.98992	0.0052729	0.0047819	2.5656e-05
399	0.99045	0.0047426	0.0047868	2.3076e-05
400	0.98953	0.0056529	0.0047847	2.747e-05
401	0.98968	0.0055086	0.0047878	2.674e-05
402	0.99111	0.0040706	0.0047972	1.9753e-05
403	0.99404	0.0011381	0.0048137	5.5306e-06
404	0.99403	0.0011457	0.0048161	5.5624e-06
405	0.99359	0.0015872	0.0048163	7.708e-06
406	0.99244	0.0027363	0.004813	1.3307e-05
407	0.99219	0.0029827	0.0048142	1.4513e-05
408	0.99282	0.0023531	0.0048197	1.1451e-05
409	0.99268	0.0024829	0.0048214	1.2092e-05
410	0.99151	0.0036524	0.0048182	1.778e-05
411	0.9913	0.0038596	0.0048196	1.8778e-05
412	0.98985	0.0053082	0.0048151	2.5828e-05
413	0.98968	0.0054747	0.0048167	2.6662e-05
414	0.99077	0.0043826	0.0048244	2.1385e-05
415	0.99299	0.0021616	0.0048376	1.0582e-05
416	0.99383	0.0013203	0.0048442	6.4844e-06
417	0.99409	0.0010549	0.004848	5.2131e-06
418	0.98629	0.0088501	0.004812	4.3704e-05
419	0.98136	0.013783	0.0047901	6.8167e-05
420	0.97831	0.016834	0.0047774	8.3339e-05
421	0.96942	0.025712	0.0047361	0.00012727
422	0.96335	0.031781	0.0047087	0.00015733
423	0.95963	0.0355	0.0046929	0.00017579
424	0.95844	0.036693	0.0046895	0.00018187
425	0.95962	0.03551	0.0046977	0.0001763
426	0.96343	0.031693	0.0047188	0.00015783
427	0.96965	0.025474	0.0047518	0.00012748
428	0.97955	0.015571	0.0048029	7.9068e-05
429	0.99328	0.0018336	0.004873	1.1663e-05
430	0.99148	0.0036278	0.0048636	2.3674e-05
431	0.98704	0.0080673	0.0048368	5.3245e-05
432	0.98426	0.010843	0.00482	7.2769e-05
433	0.98292	0.012187	0.0048117	8.3867e-05
434	0.98316	0.011939	0.0048125	8.5883e-05
435	0.98503	0.010069	0.0048221	7.9047e-05
436	0.97961	0.015503	0.0047861	0.00010426
437	0.97657	0.018546	0.0047622	0.00011733
438	0.97562	0.019515	0.004749	0.00011964
439	0.97621	0.01893	0.0047442	0.00011367
440	0.97876	0.016396	0.00475	9.7133e-05
441	0.98357	0.01159	0.0047682	6.805e-05
442	0.98123	0.013949	0.0047468	7.8602e-05
443	0.98036	0.014825	0.004733	8.1665e-05
444	0.9809	0.014301	0.0047263	7.763e-05
445	0.98326	0.011947	0.0047289	6.4263e-05
446	0.9873	0.0079156	0.0047402	4.2264e-05
447	0.99396	0.0012719	0.0047649	6.7935e-06
448	0.991	0.0042412	0.0047401	2.1015e-05
449	0.98951	0.0057413	0.0047223	2.8139e-05
450	0.98911	0.0061484	0.0047098	2.9971e-05
451	0.98669	0.00858	0.0046878	4.1493e-05
452	0.98558	0.0096971	0.0046721	4.6678e-05
453	0.98572	0.0095714	0.0046625	4.5909e-05
454	0.9871	0.0082069	0.0046588	3.924e-05
455	0.98981	0.0054999	0.0046616	2.6205e-05
456	0.99454	0.00077773	0.0046738	3.7064e-06
457	0.98429	0.011047	0.0046153	5.193e-05
458	0.97698	0.018361	0.0045711	8.6026e-05
459	0.97211	0.023246	0.0045384	0.00010858
460	0.96004	0.035322	0.0044723	0.00016455
461	0.95235	0.043026	0.0044267	0.00020003
462	0.94817	0.047215	0.0043974	0.0002191
463	0.79626	0.19914	0.0036843	0.00092203
464	0.69	0.30541	0.0031846	0.0014117
465	0.60987	0.38555	0.0028083	0.0017778
466	0.55511	0.44031	0.00255	0.0020261
467	0.5142	0.48123	0.0023567	0.0022093
468	0.48694	0.50851	0.0022265	0.0023294
469	0.46952	0.52594	0.0021417	0.0024041
470	0.45772	0.53774	0.0020831	0.0024527
471	0.45195	0.54353	0.002052	0.0024737
472	0.45146	0.54402	0.0020449	0.0024707
473	0.43564	0.55985	0.0019685	0.0025371
474	0.42521	0.57029	0.001917	0.0025786
475	0.42053	0.57498	0.0018915	0.0025942
476	0.34005	0.65547	0.0015242	0.0029515
477	0.27928	0.71625	0.0012477	0.003218
478	0.23697	0.75858	0.0010549	0.0034009
479	0.20506	0.79049	0.00090981	0.003536
480	0.18115	0.81441	0.00080124	0.0036347
481	0.1635	0.83207	0.00072115	0.003705
482	0.15073	0.84485	0.00066316	0.0037532
483	0.14185	0.85374	0.00062265	0.0037839
484	0.1361	0.8595	0.00059618	0.0038007
485	0.13407	0.86154	0.00058602	0.0038011
486	0.11934	0.87628	0.00052048	0.003857
487	0.10973	0.8859	0.00047745	0.0038903
488	0.1042	0.89145	0.00045227	0.0039058
489	0.10109	0.89456	0.00043785	0.0039106
490	0.08787	0.90779	0.00037948	0.0039593
491	0.078151	0.91752	0.00033664	0.0039925
492	0.071243	0.92444	0.0003062	0.0040133
493	0.067267	0.92842	0.00028843	0.0040215
494	0.065839	0.92986	0.00028163	0.0040187
495	0.066761	0.92895	0.00028488	0.0040058
496	0.060013	0.93571	0.00025532	0.0040258
497	0.056137	0.93959	0.00023811	0.0040334
498	0.053911	0.94183	0.00022804	0.004034
499	0.053704	0.94204	0.00022655	0.0040259
500	0.055491	0.94027	0.00023345	0.0040094
501	0.058902	0.93686	0.00024721	0.0039861
502	0.064899	0.93088	0.0002717	0.0039521
503	0.073307	0.92248	0.00030625	0.0039081
504	0.08593	0.90987	0.00035817	0.0038467
505	0.10287	0.89293	0.00042796	0.0037674
506	0.12546	0.87035	0.0005211	0.0036648
507	0.13216	0.86366	0.00054779	0.0036288
508	0.12927	0.86656	0.0005345	0.0036327
509	0.1296	0.86624	0.00053459	0.0036233
510	0.13236	0.86349	0.00054478	0.0036038
511	0.13775	0.85811	0.00056588	0.0035734
512	0.14624	0.84963	0.00059978	0.0035302
513	0.16006	0.83582	0.00065537	0.0034654
514	0.17892	0.81697	0.00073158	0.00338
515	0.20424	0.79166	0.0008342	0.0032682
516	0.24161	0.7543	0.00098557	0.0031076
517	0.2381	0.75781	0.00096913	0.0031149
518	0.23886	0.75706	0.00097008	0.0031049
519	0.24421	0.75172	0.00098959	0.0030762
520	0.21123	0.78472	0.0008534	0.0032033
521	0.18862	0.80733	0.00075971	0.0032878
522	0.17194	0.82402	0.00069056	0.0033479
523	0.15992	0.83605	0.00064063	0.0033887
524	0.15165	0.84433	0.00060607	0.0034143
525	0.14655	0.84944	0.00058444	0.0034269
526	0.12893	0.86707	0.00051282	0.0034896
527	0.11746	0.87854	0.00046592	0.0035275
528	0.10944	0.88658	0.00043299	0.0035515
529	0.08471	0.91131	0.00033416	0.0036414
530	0.065939	0.93009	0.00025942	0.0037072
531	0.052932	0.94311	0.00020761	0.0037501
532	0.043173	0.95288	0.00016887	0.00378
533	0.036585	0.95948	0.00014266	0.0037974
534	0.031761	0.96431	0.00012351	0.0038077
535	0.028915	0.96716	0.00011212	0.0038102
536	0.027151	0.96894	0.00010502	0.0038085
537	0.026334	0.96976	0.00010166	0.0038031
538	0.026403	0.9697	0.00010177	0.0037943
539	0.027362	0.96875	0.00010535	0.003782
540	0.029309	0.96681	0.00011277	0.0037659
541	0.025922	0.97021	9.9599e-05	0.0037704
542	0.024111	0.97203	9.2498e-05	0.0037689
543	0.023549	0.9726	9.0189e-05	0.0037626
544	0.018196	0.97796	6.9471e-05	0.0037746
545	0.014124	0.98204	5.3777e-05	0.0037817
546	0.011015	0.98516	4.1843e-05	0.0037851
547	0.0086234	0.98756	3.2707e-05	0.0037856
548	0.0070531	0.98914	2.6695e-05	0.0037831
549	0.0060845	0.99011	2.2965e-05	0.0037782
550	0.0053655	0.99084	2.0204e-05	0.0037725
551	0.0048397	0.99138	1.8191e-05	0.003766
552	0.0046567	0.99157	1.7457e-05	0.0037582
553	0.0045935	0.99164	1.7182e-05	0.00375
554	0.0046543	0.99159	1.7378e-05	0.0037414
555	0.0048438	0.99141	1.806e-05	0.0037323
556	0.0051767	0.99108	1.9283e-05	0.0037227
557	0.0056793	0.99059	2.1143e-05	0.0037125
558	0.0063909	0.98988	2.3786e-05	0.0037015
559	0.0073556	0.98893	2.7376e-05	0.0036897
560	0.0089405	0.98735	3.3245e-05	0.0036755
561	0.011303	0.985	4.1961e-05	0.0036585
562	0.014745	0.98156	5.4615e-05	0.0036375
563	0.019214	0.9771	7.1044e-05	0.0036128
564	0.025788	0.97054	9.5129e-05	0.0035805
565	0.020427	0.97591	7.5228e-05	0.0035921
566	0.016811	0.97953	6.1784e-05	0.0035973
567	0.01414	0.98221	5.1894e-05	0.003599
568	0.012497	0.98386	4.5784e-05	0.0035969
569	0.011729	0.98464	4.2874e-05	0.0035915
570	0.011727	0.98465	4.2755e-05	0.0035834
571	0.012492	0.98389	4.5405e-05	0.0035725
572	0.009663	0.98673	3.5035e-05	0.0035747
573	0.0077296	0.98867	2.7936e-05	0.0035735
574	0.0062285	0.99018	2.2452e-05	0.0035708
575	0.0052318	0.99118	1.8796e-05	0.0035663
576	0.0044359	0.99199	1.5891e-05	0.003561
577	0.0039744	0.99246	1.4185e-05	0.0035545
578	0.0036101	0.99283	1.2844e-05	0.0035477
579	0.0033143	0.99313	1.1762e-05	0.0035407
580	0.0032219	0.99323	1.1393e-05	0.0035329
581	0.0031626	0.9933	1.1149e-05	0.0035251
582	0.0031246	0.99335	1.0988e-05	0.0035172
583	0.0031122	0.99337	1.0923e-05	0.0035092
584	0.0032802	0.99321	1.1477e-05	0.0035006
585	0.0034803	0.99302	1.2146e-05	0.003492
586	0.0037278	0.99278	1.2983e-05	0.0034831
587	0.0040413	0.99247	1.4052e-05	0.0034741
588	0.0046402	0.99188	1.6094e-05	0.0034641
589	0.0053963	0.99113	1.868e-05	0.0034536
590	0.0063578	0.99018	2.1976e-05	0.0034424
591	0.0075978	0.98895	2.6233e-05	0.0034303
592	0.0092104	0.98734	3.1775e-05	0.0034169
593	0.011621	0.98494	4.0028e-05	0.0034009
594	0.015218	0.98135	5.23e-05	0.0033807
595	0.019889	0.97669	6.8235e-05	0.003357
596	0.025988	0.97059	8.9038e-05	0.0033284
597	0.034019	0.96257	0.00011643	0.0032932
598	0.045564	0.95103	0.00015567	0.0032462
599	0.048942	0.94766	0.00016683	0.0032273
600	0.046631	0.94998	0.00015856	0.0032278
601	0.046295	0.95033	0.000157	0.0032216
602	0.039573	0.95706	0.00013377	0.003237
603	0.034679	0.96196	0.00011688	0.0032461
604	0.03184	0.9648	0.00010696	0.0032483
605	0.030659	0.96599	0.00010264	0.0032448
606	0.030498	0.96616	0.00010178	0.0032379
607	0.031743	0.96492	0.00010558	0.0032263
608	0.034079	0.9626	0.00011301	0.0032112
609	0.03771	0.95897	0.00012473	0.0031917
610	0.042923	0.95377	0.00014166	0.0031671
611	0.042418	0.95428	0.0001396	0.0031615
612	0.043144	0.95356	0.00014163	0.0031518
613	0.045681	0.95103	0.00014957	0.0031362
614	0.049731	0.94699	0.00016246	0.0031157
615	0.055603	0.94113	0.00018128	0.0030893
616	0.043509	0.95323	0.00014145	0.0031216
617	0.034388	0.96236	0.00011154	0.0031439
618	0.028293	0.96846	9.1513e-05	0.0031564
619	0.023785	0.97297	7.6752e-05	0.0031637
620	0.020917	0.97585	6.7321e-05	0.0031656
621	0.019326	0.97745	6.2018e-05	0.0031633
622	0.018477	0.97831	5.9146e-05	0.0031587
623	0.018323	0.97847	5.8535e-05	0.0031518
624	0.019163	0.97763	6.1081e-05	0.0031418
625	0.021103	0.9757	6.7101e-05	0.0031283
626	0.023958	0.97285	7.6024e-05	0.0031119
627	0.027943	0.96888	8.8528e-05	0.003092
628	0.034115	0.96271	0.00010786	0.0030652
629	0.042365	0.95447	0.00013373	0.0030319
630	0.054341	0.9425	0.00017118	0.002987
631	0.071569	0.92528	0.00022488	0.0029259
632	0.076647	0.92021	0.00024026	0.0029031
633	0.084145	0.91272	0.00026322	0.0028728
634	0.083198	0.91367	0.00025968	0.002869
635	0.08479	0.91209	0.00026404	0.0028573
636	0.089123	0.90776	0.00027686	0.0028371
637	0.096942	0.89995	0.00030039	0.0028062
638	0.1079	0.889	0.0003336	0.0027657
639	0.12292	0.87399	0.00037927	0.0027127
640	0.14536	0.85156	0.00044751	0.0026371
641	0.17512	0.8218	0.00053812	0.0025392
642	0.21464	0.78229	0.00065853	0.0024115
643	0.22776	0.76918	0.00069737	0.0023655
644	0.24794	0.749	0.00075759	0.002298
645	0.27831	0.71865	0.00084849	0.0021999
646	0.3231	0.67386	0.00098265	0.0020585
647	0.38234	0.61462	0.0011604	0.0018735
648	0.46868	0.52829	0.0014189	0.0016077
649	0.47481	0.52217	0.0014341	0.0015854
650	0.48708	0.50991	0.0014675	0.0015447
651	0.50509	0.49191	0.0015182	0.0014868
652	0.53034	0.46666	0.0015906	0.0014073
653	0.56777	0.42924	0.001699	0.0012917
654	0.61779	0.37923	0.0018449	0.0011387
655	0.63623	0.3608	0.0018957	0.0010808
656	0.66437	0.33266	0.0019752	0.00099424
657	0.70241	0.29462	0.0020839	0.00087845
658	0.7586	0.23845	0.0022457	0.00070951
659	0.8334	0.16365	0.0024624	0.00048582
660	0.93224	0.064821	0.0027497	0.0001915
661	0.93291	0.064153	0.0027452	0.00018901
662	0.93665	0.06042	0.0027496	0.00017754
663	0.94393	0.053146	0.0027643	0.00015579
664	0.95464	0.042442	0.002789	0.00012405
665	0.97122	0.025876	0.0028306	7.5409e-05
666	0.97822	0.018878	0.002844	5.4886e-05
667	0.9882	0.0089081	0.0028661	2.5794e-05
668	0.98845	0.0086656	0.0028598	2.5024e-05
669	0.98649	0.010629	0.0028472	3.0597e-05
670	0.98612	0.011014	0.0028392	3.1615e-05
671	0.98727	0.0098677	0.0028355	2.8251e-05
672	0.99016	0.0069799	0.0028368	1.9934e-05
673	0.99093	0.0062189	0.0028319	1.7732e-05
674	0.99022	0.0069407	0.0028227	1.9765e-05
675	0.99062	0.0065488	0.0028168	1.861e-05
676	0.99242	0.0047532	0.0028148	1.3493e-05
677	0.99259	0.0045869	0.0028083	1.2997e-05
678	0.99128	0.0059104	0.0027976	1.67e-05
679	0.99127	0.005925	0.0027905	1.6709e-05
680	0.99233	0.0048725	0.0027865	1.3708e-05
681	0.99482	0.0023847	0.0027865	6.7115e-06
682	0.99399	0.0032215	0.0027772	9.0451e-06
683	0.99407	0.0031478	0.0027706	8.8171e-06
684	0.99507	0.0021577	0.0027665	6.0302e-06
685	0.99303	0.004205	0.002754	1.1691e-05
686	0.98833	0.008914	0.0027341	2.4709e-05
687	0.98574	0.011505	0.0027201	3.1827e-05
688	0.98459	0.012668	0.0027102	3.4958e-05
689	0.98033	0.016932	0.0026917	4.6622e-05
690	0.9779	0.019369	0.0026783	5.319e-05
691	0.97711	0.020169	0.0026695	5.5229e-05
692	0.97828	0.019004	0.002666	5.1912e-05
693	0.9811	0.016189	0.0026671	4.4102e-05
694	0.98627	0.011028	0.0026744	2.9979e-05
695	0.99378	0.0035256	0.0026882	9.5499e-06
696	0.99725	5.5072e-05	0.0026908	1.4917e-07
697	0.99727	4.1294e-05	0.0026842	1.1141e-07
698	0.99661	0.00071333	0.0026756	1.923e-06
699	0.99537	0.0019569	0.0026655	5.2728e-06
700	0.99245	0.0048855	0.002651	1.3125e-05
701	0.98587	0.011474	0.0026266	3.0769e-05
702	0.98196	0.015385	0.0026095	4.1193e-05
703	0.97978	0.017578	0.002597	4.6967e-05
704	0.97914	0.018221	0.0025887	4.8577e-05
705	0.98001	0.017361	0.0025845	4.6187e-05
706	0.98246	0.014915	0.0025845	3.9601e-05
707	0.98667	0.010714	0.0025892	2.8401e-05
708	0.99295	0.0044382	0.0025993	1.1769e-05
709	0.95424	0.043158	0.0024914	0.00011318
710	0.92757	0.069833	0.0024154	0.00018271
711	0.90798	0.089423	0.0023584	0.00023332
712	0.89517	0.10224	0.0023192	0.00026612
713	0.88657	0.11085	0.0022911	0.00028778
714	0.88231	0.11512	0.0022743	0.00029817
715	0.88198	0.11545	0.0022676	0.00029837
716	0.8846	0.11284	0.0022686	0.00029098
717	0.87881	0.11864	0.0022481	0.00030514
718	0.8762	0.12125	0.0022358	0.00031104
719	0.87736	0.1201	0.0022332	0.00030733
720	0.88262	0.11485	0.0022409	0.00029326
721	0.89147	0.106	0.0022578	0.00027007
722	0.90462	0.092863	0.0022855	0.00023607
723	0.92308	0.074405	0.0023266	0.00018868
724	0.9302	0.067289	0.0023388	0.00017023
725	0.94085	0.056648	0.0023598	0.00014295
726	0.95583	0.041674	0.0023917	0.00010484
727	0.9611	0.036412	0.002399	9.1351e-05
728	0.96992	0.027591	0.002415	6.9064e-05
729	0.98233	0.015189	0.00244	3.7905e-05
730	0.98217	0.015363	0.0024335	3.8225e-05
731	0.9791	0.018439	0.0024197	4.5748e-05
732	0.97771	0.019831	0.0024102	4.9052e-05
733	0.9779	0.019645	0.0024046	4.844e-05
734	0.9801	0.017453	0.002404	4.2916e-05
735	0.98409	0.013468	0.0024077	3.3001e-05
736	0.98512	0.012448	0.0024042	3.041e-05
737	0.98798	0.0095914	0.002405	2.337e-05
738	0.99308	0.0044992	0.0024112	1.0954e-05
739	0.98895	0.0086308	0.0023951	2.0913e-05
740	0.98673	0.010856	0.0023836	2.6233e-05
741	0.98619	0.011407	0.0023762	2.7502e-05
742	0.9831	0.014499	0.0023626	3.4893e-05
743	0.98161	0.015999	0.0023529	3.8407e-05
744	0.97599	0.02162	0.0023335	5.1741e-05
745	0.96273	0.034887	0.0022958	8.328e-05
746	0.95433	0.043295	0.0022698	0.00010313
747	0.94887	0.048764	0.0022509	0.00011585
748	0.94656	0.051075	0.0022396	0.00012105
749	0.94649	0.051155	0.0022336	0.00012092
750	0.94928	0.048369	0.0022343	0.00011407
751	0.95452	0.043142	0.0022408	0.00010149
752	0.96341	0.034251	0.0022557	8.042e-05
753	0.97598	0.021693	0.0022792	5.0842e-05
754	0.99324	0.0044379	0.0023136	1.0387e-05
755	0.99241	0.0052767	0.0023056	1.2319e-05
756	0.9926	0.0050912	0.0023001	1.1854e-05
757	0.99125	0.0064447	0.002291	1.4948e-05
758	0.99101	0.0066853	0.0022846	1.5449e-05
759	0.99212	0.0055851	0.0022812	1.2869e-05
760	0.99472	0.0029906	0.0022812	6.8826e-06
761	0.99566	0.002055	0.0022774	4.7193e-06
762	0.99758	0.00014423	0.0022758	3.3097e-07
763	0.9967	0.001025	0.002268	2.3355e-06
764	0.99664	0.0010955	0.0022619	2.493e-06
765	0.99729	0.00045202	0.0022575	1.0289e-06
766	0.99683	0.00092155	0.0022506	2.0907e-06
767	0.99271	0.0050445	0.0022355	1.139e-05
768	0.99012	0.0076418	0.002224	1.7195e-05
769	0.98912	0.0086463	0.002216	1.941e-05
770	0.98931	0.008465	0.0022107	1.8951e-05
771	0.99093	0.0068419	0.0022087	1.5288e-05
772	0.99086	0.0069233	0.0022027	1.5444e-05
773	0.9919	0.0058915	0.0021993	1.312e-05
774	0.99414	0.003655	0.0021986	8.1282e-06
775	0.99263	0.0051685	0.0021895	1.1468e-05
776	0.99219	0.0056125	0.0021829	1.2423e-05
777	0.99279	0.0050205	0.0021786	1.1087e-05
778	0.99185	0.005962	0.0021709	1.3119e-05
779	0.98878	0.0090455	0.0021586	1.984e-05
780	0.98713	0.010701	0.0021494	2.3397e-05
781	0.98232	0.01551	0.0021334	3.3817e-05
782	0.97939	0.018446	0.0021215	4.0098e-05
783	0.97852	0.019324	0.0021141	4.1909e-05
784	0.96002	0.037833	0.0020685	8.1888e-05
785	0.9479	0.049951	0.0020368	0.0001079
786	0.93953	0.058332	0.0020134	0.00012569
787	0.93423	0.063632	0.0019968	0.00013673
788	0.93219	0.065683	0.0019872	0.0001408
789	0.93254	0.065337	0.0019827	0.0001397
790	0.90786	0.09002	0.0019249	0.00019195
791	0.88979	0.1081	0.0018814	0.00022982
792	0.87695	0.12095	0.0018494	0.00025636
793	0.86836	0.12954	0.0018265	0.00027374
794	0.86338	0.13453	0.0018114	0.00028342
795	0.86167	0.13624	0.0018032	0.00028616
796	0.85058	0.14733	0.0017753	0.00030858
797	0.81959	0.17833	0.0017061	0.00037229
798	0.74226	0.25567	0.0015414	0.00053155
799	0.5509	0.44704	0.0011413	0.00092624
800	0.41679	0.58114	0.000861	0.001201
801	0.32444	0.6735	0.00066799	0.0013885
802	0.2543	0.74365	0.00052202	0.001529
803	0.2053	0.79265	0.00042	0.0016256
804	0.16817	0.82979	0.00034299	0.0016971
805	0.1401	0.85786	0.00028496	0.0017497
806	0.12078	0.87719	0.00024493	0.0017843
807	0.10802	0.88996	0.00021833	0.0018054
808	0.10002	0.89796	0.00020149	0.0018168
809	0.095674	0.90231	0.00019207	0.0018207
810	0.093514	0.90448	0.00018713	0.0018202
811	0.081863	0.91614	0.00016312	0.0018387
812	0.074278	0.92373	0.00014737	0.001849
813	0.069103	0.92891	0.00013654	0.0018544
814	0.065934	0.93208	0.0001298	0.0018557
815	0.064489	0.93353	0.00012652	0.0018536
816	0.064659	0.93337	0.00012646	0.0018482
817	0.066489	0.93154	0.00012968	0.0018396
818	0.070769	0.92727	0.00013764	0.0018263
819	0.077252	0.92079	0.00014987	0.0018087
820	0.087627	0.91042	0.00016955	0.0017836
821	0.10167	0.89638	0.00019627	0.0017515
822	0.12053	0.87752	0.00023222	0.0017102
823	0.1457	0.85236	0.00028023	0.0016569
824	0.18193	0.81614	0.00034918	0.0015826
825	0.22991	0.76817	0.00044048	0.001486
826	0.24942	0.74866	0.0004766	0.0014446
827	0.27834	0.71974	0.00053038	0.0013855
828	0.31709	0.681	0.0006027	0.0013079
829	0.36848	0.62962	0.00069879	0.0012065
830	0.4367	0.5614	0.00082654	0.0010735
831	0.52711	0.47099	0.00099595	0.00089883
832	0.51531	0.4828	0.00097092	0.00091866
833	0.50986	0.48826	0.00095793	0.00092642
834	0.50862	0.4895	0.00095301	0.00092615
835	0.51267	0.48546	0.00095796	0.00091599
836	0.5211	0.47703	0.00097116	0.00089761
837	0.53623	0.46191	0.00099671	0.00086686
838	0.55998	0.43817	0.0010381	0.0008203
839	0.596	0.40214	0.0011018	0.00075131
840	0.64421	0.35394	0.0011879	0.00066005
841	0.70825	0.2899	0.0013029	0.00053987
842	0.7331	0.26506	0.0013451	0.0004925
843	0.74036	0.25781	0.0013547	0.00047774
844	0.75397	0.2442	0.0013759	0.00045143
845	0.77584	0.22234	0.001412	0.00041021
846	0.80574	0.19245	0.0014626	0.00035449
847	0.80127	0.19692	0.0014503	0.00036165
848	0.80132	0.19687	0.0014462	0.00036059
849	0.80494	0.19326	0.0014487	0.00035303
850	0.81241	0.18579	0.0014582	0.0003385
851	0.82433	0.17388	0.0014757	0.00031599
852	0.84161	0.1566	0.0015028	0.00028385
853	0.86817	0.13005	0.0015464	0.00023529
854	0.90393	0.094296	0.0016063	0.00017039
855	0.91781	0.080421	0.0016267	0.00014499
856	0.91152	0.086709	0.0016111	0.0001557
857	0.90909	0.089151	0.0016023	0.00015955
858	0.90937	0.088872	0.0015984	0.00015854
859	0.91324	0.085013	0.0016008	0.00015124
860	0.9202	0.078056	0.0016086	0.00013848
861	0.9308	0.067458	0.0016229	0.00011935
862	0.94749	0.050774	0.0016476	8.9675e-05
863	0.9702	0.028066	0.0016829	4.954e-05
864	0.97163	0.026639	0.0016807	4.6897e-05
865	0.97495	0.023322	0.0016817	4.0967e-05
866	0.9804	0.017886	0.0016865	3.1372e-05
867	0.98837	0.0099184	0.0016957	1.7417e-05
868	0.98765	0.010641	0.0016897	1.8604e-05
869	0.98844	0.0098592	0.0016863	1.7203e-05
870	0.99089	0.0074112	0.0016858	1.2963e-05
871	0.98754	0.010769	0.0016752	1.8738e-05
872	0.97882	0.019488	0.0016555	3.3703e-05
873	0.97285	0.025466	0.0016406	4.3871e-05
874	0.95634	0.041985	0.0016079	7.1957e-05
875	0.94546	0.052865	0.0015848	9.0334e-05
876	0.93805	0.060283	0.0015677	0.00010271
877	0.93353	0.064801	0.0015557	0.0001101
878	0.93158	0.066762	0.001548	0.00011314
879	0.92244	0.0759	0.0015283	0.00012823
880	0.89931	0.099041	0.0014851	0.0001668
881	0.88246	0.11589	0.0014527	0.00019457
882	0.87062	0.12774	0.0014289	0.0002138
883	0.83868	0.15968	0.0013719	0.00026622
884	0.81514	0.18323	0.0013291	0.00030441
885	0.79828	0.2001	0.0012977	0.00033131
886	0.78671	0.21166	0.0012752	0.00034935
887	0.77957	0.21881	0.00126	0.00036004
888	0.7763	0.22209	0.0012513	0.00036434
889	0.77671	0.22168	0.0012486	0.00036261
890	0.78078	0.21761	0.0012519	0.00035495
891	0.78882	0.20958	0.0012616	0.00034087
892	0.80287	0.19553	0.0012809	0.0003172
893	0.82281	0.1756	0.0013096	0.00028412
894	0.82818	0.17023	0.0013148	0.00027461
895	0.82446	0.17396	0.0013053	0.00027969
896	0.82418	0.17424	0.0013015	0.00027924
897	0.82823	0.17019	0.0013044	0.00027195
898	0.83712	0.16131	0.001315	0.00025705
899	0.85055	0.14788	0.0013327	0.00023502
900	0.86963	0.1288	0.0013593	0.00020411
901	0.89586	0.10258	0.0013971	0.000162
902	0.93418	0.064262	0.0014537	0.00010115
903	0.9904	0.0080471	0.0015378	1.2649e-05
904	0.98871	0.0097404	0.0015309	1.5238e-05
905	0.9883	0.010161	0.001526	1.5834e-05
906	0.98937	0.0090937	0.0015234	1.4134e-05
907	0.9883	0.010164	0.0015175	1.5736e-05
908	0.98873	0.009746	0.0015138	1.505e-05
909	0.99042	0.0080555	0.0015122	1.241e-05
910	0.99005	0.0084335	0.0015074	1.2945e-05
911	0.99084	0.0076404	0.0015044	1.1687e-05
912	0.99287	0.0056158	0.0015033	8.5557e-06
913	0.98997	0.0085239	0.0014947	1.2919e-05
914	0.98846	0.010032	0.0014883	1.5141e-05
915	0.98847	0.010033	0.0014841	1.5092e-05
916	0.98998	0.0085261	0.0014822	1.279e-05
917	0.99289	0.0056196	0.0014824	8.3995e-06
918	0.9979	0.00061551	0.0014856	9.1728e-07
919	0.99767	0.00085	0.001481	1.2643e-06
920	0.99811	0.00041128	0.0014774	6.1022e-07
921	0.99842	0.00010907	0.0014737	1.6065e-07
922	0.99536	0.003167	0.001465	4.6489e-06
923	0.99375	0.0047823	0.0014584	7.0027e-06
924	0.99341	0.0051254	0.0014536	7.4873e-06
925	0.99132	0.0072214	0.0014463	1.0532e-05
926	0.99045	0.0080926	0.0014408	1.1769e-05
927	0.99101	0.0075462	0.0014373	1.0949e-05
928	0.98987	0.0086877	0.0014314	1.2582e-05
929	0.98993	0.0086348	0.0014272	1.2474e-05
930	0.99118	0.0073837	0.0014248	1.0636e-05
931	0.99069	0.007877	0.0014199	1.1317e-05
932	0.99135	0.0072249	0.0014166	1.035e-05
933	0.99321	0.0053648	0.0014151	7.6581e-06
934	0.99335	0.0052286	0.0014111	7.4406e-06
935	0.99454	0.0040502	0.0014086	5.7415e-06
936	0.99713	0.0014558	0.001408	2.0567e-06
937	0.99488	0.0037134	0.0014006	5.2324e-06
938	0.99374	0.0048625	0.0013948	6.8267e-06
939	0.99065	0.0079492	0.0013863	1.1129e-05
940	0.98928	0.0093313	0.0013801	1.3033e-05
941	0.98913	0.0094798	0.0013757	1.32e-05
942	0.99022	0.0083927	0.001373	1.1645e-05
943	0.98926	0.0093591	0.0013675	1.2946e-05
944	0.98979	0.0088341	0.001364	1.2188e-05
945	0.99188	0.0067442	0.0013627	9.2923e-06
946	0.99203	0.0066039	0.0013586	9.0783e-06
947	0.99329	0.0053507	0.0013562	7.3385e-06
948	0.99575	0.0028894	0.0013553	3.9558e-06
949	0.99663	0.0020108	0.0013524	2.7448e-06
950	0.99676	0.0018887	0.0013484	2.5726e-06
951	0.99771	0.00094571	0.0013455	1.2892e-06
952	0.99685	0.0018089	0.0013402	2.4546e-06
953	0.9947	0.0039645	0.0013332	5.3539e-06
954	0.99365	0.0050177	0.0013277	6.7524e-06
955	0.99362	0.0050482	0.0013236	6.772e-06
956	0.99462	0.0040585	0.001321	5.4285e-06
957	0.99124	0.0074398	0.0013124	9.9086e-06
958	0.96402	0.034665	0.0012722	4.6023e-05
959	0.94381	0.05488	0.0012416	7.2592e-05
960	0.92914	0.069547	0.0012185	9.1655e-05
961	0.91888	0.079816	0.0012014	0.00010481
962	0.91299	0.085704	0.00119	0.00011218
963	0.91074	0.087961	0.0011834	0.00011479
964	0.91197	0.086735	0.0011812	0.00011288
965	0.91595	0.082764	0.0011827	0.00010741
966	0.92297	0.075746	0.0011881	9.8018e-05
