#coord	neutral	conserved	gBGC.neutral	gBGC.conserved
1	0.76305	0.2343	0.00203	0.00062359
2	0.76893	0.22842	0.0020403	0.00060634
3	0.77916	0.2182	0.0020621	0.00057766
4	0.79606	0.20131	0.0021012	0.00053151
5	0.82178	0.17559	0.0021634	0.00046239
6	0.86027	0.13711	0.0022586	0.00036016
7	0.91156	0.085828	0.0023869	0.00022487
8	0.93407	0.063322	0.0024393	0.00016551
9	0.96454	0.032866	0.0025121	8.5717e-05
10	0.97638	0.021029	0.0025361	5.4717e-05
11	0.98078	0.016635	0.0025406	4.3171e-05
12	0.98746	0.0099681	0.002551	2.5798e-05
13	0.99015	0.0072827	0.002551	1.88e-05
14	0.99444	0.0029985	0.0025551	7.7211e-06
15	0.99621	0.0012355	0.0025527	3.172e-06
16	0.99569	0.0017573	0.0025444	4.497e-06
17	0.99595	0.0015039	0.0025381	3.837e-06
18	0.99559	0.0018728	0.0025302	4.7616e-06
19	0.99601	0.0014575	0.0025243	3.6919e-06
20	0.99741	7.3892e-05	0.0025208	1.8158e-07
21	0.99746	2.7709e-05	0.002514	4.7772e-08
22	0.99717	0.0003056	0.0025277	7.6266e-07
23	0.99675	0.00070833	0.0025412	1.7981e-06
24	0.99699	0.00045598	0.0025563	1.1656e-06
25	0.99708	0.00035289	0.002571	9.0867e-07
26	0.99708	0.00033237	0.0025856	8.6093e-07
27	0.99607	0.001325	0.0025975	3.454e-06
28	0.99595	0.0014345	0.0026117	3.7616e-06
29	0.99658	0.00078952	0.0026279	2.0815e-06
30	0.99685	0.00050406	0.0026431	1.3367e-06
31	0.99592	0.0014167	0.0026551	3.78e-06
32	0.99379	0.003533	0.0026639	9.4762e-06
33	0.99264	0.0046756	0.0026753	1.2607e-05
34	0.99239	0.0049044	0.0026892	1.3291e-05
35	0.99318	0.0040981	0.0027058	1.1164e-05
36	0.99261	0.0046606	0.0027187	1.2765e-05
37	0.99305	0.0042084	0.0027344	1.1591e-05
38	0.99439	0.0028531	0.0027526	7.9001e-06
39	0.99453	0.0026999	0.0027675	7.5176e-06
40	0.99547	0.0017442	0.0027847	4.8831e-06
41	0.99557	0.0016297	0.0027995	4.5854e-06
42	0.99494	0.0022404	0.0028123	6.3372e-06
43	0.99507	0.0020965	0.0028272	5.9602e-06
44	0.9944	0.0027474	0.0028399	7.852e-06
45	0.99461	0.0025306	0.002855	7.2691e-06
46	0.99569	0.0014289	0.0028728	4.1241e-06
47	0.9961	0.0010131	0.0028885	2.9384e-06
48	0.99613	0.00096224	0.0029032	2.8057e-06
49	0.99688	0.00019786	0.00292	5.7979e-07
50	0.99688	0.00018675	0.0029347	5.4919e-07
51	0.99697	7.5355e-05	0.0029496	2.2288e-07
52	0.99688	0.00015214	0.0029639	4.5193e-07
53	0.99606	0.00096163	0.0029761	2.8682e-06
54	0.9945	0.0025075	0.002986	7.5159e-06
55	0.99403	0.002959	0.0029992	8.9118e-06
56	0.9946	0.0023793	0.0030154	7.1982e-06
57	0.99426	0.0027061	0.003029	8.2269e-06
58	0.99291	0.0040427	0.0030394	1.2353e-05
59	0.9807	0.016231	0.0030164	4.9877e-05
60	0.97284	0.024075	0.0030064	7.4349e-05
61	0.9676	0.029305	0.0030043	9.0926e-05
62	0.96456	0.032332	0.003009	0.00010078
63	0.96389	0.032986	0.0030211	0.00010329
64	0.95877	0.038093	0.003019	0.00011984
65	0.95654	0.040303	0.003026	0.00012739
66	0.95634	0.040488	0.0030393	0.00012856
67	0.95124	0.045578	0.003037	0.0001454
68	0.94852	0.048282	0.0030422	0.00015472
69	0.9486	0.048187	0.0030564	0.00015512
70	0.94349	0.053284	0.0030537	0.00017232
71	0.94155	0.055208	0.0030611	0.00017937
72	0.94252	0.054226	0.003078	0.00017699
73	0.94583	0.050904	0.0031026	0.00016691
74	0.95241	0.044302	0.0031381	0.00014593
75	0.96217	0.034528	0.0031843	0.00011426
76	0.9651	0.031586	0.0032081	0.00010498
77	0.97082	0.025854	0.0032413	8.632e-05
78	0.97926	0.017395	0.0032838	5.8334e-05
79	0.98256	0.014079	0.0033092	4.7426e-05
80	0.98275	0.013879	0.0033243	4.6955e-05
81	0.98435	0.012262	0.0033442	4.1658e-05
82	0.97743	0.01917	0.003335	6.538e-05
83	0.97333	0.023255	0.0033354	7.9648e-05
84	0.97115	0.025417	0.0033422	8.741e-05
85	0.97109	0.025469	0.0033563	8.7952e-05
86	0.96721	0.029328	0.0033571	0.00010171
87	0.96584	0.030691	0.0033665	0.00010689
88	0.96629	0.030222	0.0033823	0.0001057
89	0.96904	0.02746	0.0034062	9.6434e-05
90	0.97455	0.021934	0.0034398	7.7352e-05
91	0.98359	0.012874	0.0034861	4.5601e-05
92	0.98696	0.0094923	0.0035126	3.3765e-05
93	0.98788	0.0085591	0.0035303	3.0579e-05
94	0.98674	0.0096863	0.0035407	3.4752e-05
95	0.98684	0.0095698	0.0035556	3.4472e-05
96	0.98849	0.0079071	0.0035761	2.86e-05
97	0.98811	0.0082676	0.0035893	3.0022e-05
98	0.98917	0.0071956	0.0036077	2.6235e-05
99	0.99181	0.0045413	0.003632	1.6628e-05
100	0.98997	0.006362	0.0036398	2.3389e-05
101	0.9895	0.0068271	0.0036526	2.5203e-05
102	0.99031	0.0059959	0.0036702	2.223e-05
103	0.98946	0.0068361	0.0036816	2.5448e-05
104	0.98994	0.0063384	0.003698	2.3697e-05
105	0.99156	0.0047074	0.0037186	1.7676e-05
106	0.99162	0.0046255	0.0037335	1.7438e-05
107	0.99016	0.0060758	0.0037427	2.2989e-05
108	0.98981	0.0064117	0.003756	2.4349e-05
109	0.99077	0.0054323	0.0037743	2.071e-05
110	0.9929	0.0032927	0.0037972	1.2599e-05
111	0.9935	0.0026711	0.0038142	1.0262e-05
112	0.99318	0.0029824	0.0038276	1.1505e-05
113	0.99373	0.0024187	0.0038445	9.369e-06
114	0.9952	0.00092892	0.003865	3.6148e-06
115	0.9657	0.030418	0.0037645	0.00011879
116	0.94549	0.050614	0.0036995	0.00019845
117	0.932	0.06409	0.0036604	0.00025228
118	0.92257	0.073504	0.003637	0.00029045
119	0.91727	0.078788	0.0036296	0.00031253
120	0.91543	0.080616	0.0036358	0.00032104
121	0.91619	0.07984	0.0036523	0.00031919
122	0.91962	0.076397	0.0036796	0.00030662
123	0.92598	0.070018	0.0037189	0.00028214
124	0.92537	0.070612	0.0037302	0.00028559
125	0.92725	0.06872	0.0037516	0.00027898
126	0.93176	0.064196	0.0037839	0.00026159
127	0.92988	0.066057	0.0037902	0.00027012
128	0.93099	0.064931	0.0038087	0.00026649
129	0.93538	0.060535	0.0038406	0.00024939
130	0.93413	0.061765	0.0038494	0.0002554
131	0.93521	0.060669	0.0038679	0.00025179
132	0.93874	0.057129	0.0038965	0.00023798
133	0.93629	0.059556	0.0039005	0.00024895
134	0.93686	0.058976	0.0039169	0.00024742
135	0.93977	0.05605	0.0039432	0.000236
136	0.94529	0.050519	0.0039806	0.00021349
137	0.95468	0.041115	0.0040346	0.00017443
138	0.96793	0.027844	0.0041054	0.00011863
139	0.96657	0.029191	0.0041142	0.00012479
140	0.96698	0.028762	0.0041306	0.00012337
141	0.96921	0.026525	0.0041548	0.00011417
142	0.97341	0.02231	0.0041876	9.6367e-05
143	0.9736	0.0221	0.0042033	9.5762e-05
144	0.97545	0.020233	0.0042262	8.7951e-05
145	0.97953	0.01614	0.0042588	7.0392e-05
146	0.9804	0.015252	0.0042776	6.6737e-05
147	0.9828	0.012837	0.004303	5.6354e-05
148	0.98732	0.0083033	0.0043379	3.6576e-05
149	0.98876	0.0068539	0.0043593	3.0286e-05
150	0.98856	0.0070399	0.0043735	3.1205e-05
151	0.98972	0.00586	0.0043937	2.6066e-05
152	0.99211	0.0034518	0.0044194	1.5408e-05
153	0.99301	0.0025404	0.0044386	1.1383e-05
154	0.9905	0.0050343	0.0044424	2.2619e-05
155	0.98939	0.006125	0.0044526	2.7616e-05
156	0.98585	0.0096552	0.0044516	4.3671e-05
157	0.98382	0.011668	0.0044575	5.2944e-05
158	0.98342	0.012053	0.0044707	5.4882e-05
159	0.97982	0.015642	0.0044693	7.1452e-05
160	0.97829	0.017156	0.0044773	7.8639e-05
161	0.97827	0.017164	0.0044922	7.8939e-05
162	0.97486	0.020556	0.0044915	9.484e-05
163	0.96515	0.030244	0.0044616	0.00013994
164	0.95927	0.03611	0.0044492	0.00016762
165	0.9564	0.038971	0.0044505	0.00018151
166	0.9473	0.048057	0.0044226	0.0002246
167	0.94127	0.054069	0.0044089	0.00025353
168	0.93846	0.056864	0.0044101	0.00026753
169	0.93796	0.05735	0.0044222	0.00027071
170	0.94042	0.054871	0.0044482	0.00025989
171	0.92459	0.070686	0.0043874	0.00033594
172	0.91335	0.081915	0.004348	0.00039057
173	0.90689	0.088358	0.0043311	0.00042269
174	0.90432	0.090916	0.0043327	0.00043638
175	0.90444	0.090772	0.0043472	0.00043714
176	0.8973	0.097897	0.0043265	0.00047302
177	0.89334	0.10184	0.0043211	0.00049368
178	0.89227	0.1029	0.0043296	0.00050044
179	0.89399	0.10116	0.0043518	0.00049357
180	0.89869	0.09645	0.0043887	0.00047208
181	0.90786	0.087262	0.0044475	0.00042852
182	0.92279	0.072318	0.004535	0.00035641
183	0.94334	0.051751	0.0046507	0.00025604
184	0.95162	0.043463	0.0047062	0.00021585
185	0.95321	0.041851	0.0047289	0.00020855
186	0.94964	0.045403	0.0047258	0.00022695
187	0.93878	0.056252	0.0046861	0.00028201
188	0.93144	0.063576	0.0046639	0.0003197
189	0.92769	0.067311	0.0046594	0.00033955
190	0.92648	0.068504	0.0046677	0.00034667
191	0.9283	0.066671	0.0046912	0.00033852
192	0.93272	0.062239	0.0047281	0.0003171
193	0.8852	0.10974	0.0045002	0.00056043
194	0.85246	0.14247	0.0043463	0.00072977
195	0.8303	0.16461	0.0042457	0.00084579
196	0.77851	0.21638	0.0039916	0.0011154
197	0.73988	0.255	0.003804	0.0013184
198	0.71137	0.28349	0.0036678	0.0014701
199	0.69077	0.30408	0.0035718	0.0015816
200	0.67791	0.31692	0.0035155	0.0016534
201	0.66991	0.3249	0.0034842	0.0017002
202	0.6424	0.3524	0.0033505	0.0018494
203	0.6225	0.37228	0.0032561	0.0019595
204	0.60881	0.38596	0.0031937	0.0020374
205	0.60017	0.39458	0.0031576	0.0020891
206	0.596	0.39874	0.003145	0.0021173
207	0.5973	0.39742	0.0031613	0.0021167
208	0.58433	0.41038	0.0031016	0.002192
209	0.57631	0.41838	0.0030681	0.0022413
210	0.54638	0.44829	0.002917	0.002408
211	0.5247	0.46996	0.0028094	0.0025314
212	0.50955	0.48509	0.0027363	0.0026202
213	0.49976	0.49487	0.0026916	0.0026806
214	0.46786	0.52675	0.0025272	0.0028609
215	0.39299	0.60161	0.0021285	0.0032753
216	0.33656	0.65802	0.001828	0.0035917
217	0.29415	0.70041	0.0016022	0.0038333
218	0.2655	0.72904	0.0014502	0.0040011
219	0.2443	0.75023	0.0013383	0.0041289
220	0.22892	0.76559	0.0012577	0.0042253
221	0.1843	0.8102	0.0010153	0.0044836
222	0.1538	0.84068	0.00084953	0.0046652
223	0.13094	0.86353	0.00072517	0.0048055
224	0.11565	0.8788	0.00064222	0.0049043
225	0.10453	0.88991	0.00058201	0.0049804
226	0.096678	0.89774	0.00053983	0.0050385
227	0.09225	0.90216	0.00051655	0.0050777
228	0.090823	0.90357	0.00051	0.0051001
229	0.092197	0.90218	0.00051918	0.0051068
230	0.095641	0.89872	0.00054015	0.0051018
231	0.10146	0.89288	0.00057476	0.0050831
232	0.11111	0.88322	0.00063128	0.0050425
233	0.12443	0.86988	0.00070916	0.0049806
234	0.14254	0.85176	0.00081492	0.0048908
235	0.14634	0.84794	0.00083913	0.0048826
236	0.15428	0.83998	0.00088722	0.0048505
237	0.16585	0.8284	0.00095664	0.0047971
238	0.14846	0.84577	0.00085849	0.0049113
239	0.13575	0.85847	0.00078707	0.0049987
240	0.12782	0.86638	0.00074303	0.0050588
241	0.12383	0.87035	0.00072174	0.0050961
242	0.12228	0.87189	0.00071463	0.0051193
243	0.12309	0.87106	0.00072136	0.0051286
244	0.12632	0.86781	0.00074243	0.0051236
245	0.13313	0.86099	0.0007847	0.0050974
246	0.1432	0.8509	0.00084651	0.0050517
247	0.15875	0.83534	0.00094118	0.0049732
248	0.17978	0.81429	0.001069	0.0048614
249	0.20801	0.78604	0.0012407	0.0047059
250	0.24881	0.74523	0.0014885	0.0044742
251	0.30269	0.69133	0.0018164	0.0041625
252	0.37407	0.61993	0.0022518	0.0037433
253	0.40436	0.58963	0.0024409	0.0035704
254	0.44496	0.54901	0.0026937	0.0033338
255	0.49897	0.49499	0.0030295	0.0030142
256	0.51844	0.4755	0.0031564	0.0029036
257	0.54541	0.44851	0.0033298	0.0027464
258	0.58192	0.41199	0.0035628	0.0025297
259	0.63097	0.36292	0.0038742	0.0022345
260	0.69639	0.29748	0.0042886	0.0018365
261	0.79188	0.20198	0.004891	0.0012504
262	0.83024	0.16361	0.0051422	0.0010155
263	0.84509	0.14873	0.0052483	0.00092569
264	0.86824	0.12557	0.0054066	0.00078373
265	0.89957	0.094223	0.005617	0.00058974
266	0.91267	0.081112	0.0057139	0.00050912
267	0.931	0.062758	0.0058444	0.00039505
268	0.93709	0.056656	0.0058982	0.00035758
269	0.93684	0.05689	0.0059122	0.00035999
270	0.93889	0.054823	0.0059408	0.00034782
271	0.94337	0.050329	0.0059849	0.00032012
272	0.95065	0.043024	0.0060472	0.00027434
273	0.9625	0.031166	0.0061388	0.00019924
274	0.96658	0.02707	0.006181	0.00017347
275	0.97366	0.019969	0.0062427	0.00012829
276	0.98465	0.0089576	0.0063298	5.7708e-05
277	0.98909	0.0045051	0.0063749	2.9094e-05
278	0.98838	0.0051965	0.0063869	3.3633e-05
279	0.9887	0.0048663	0.0064055	3.1566e-05
280	0.98771	0.0058388	0.0064156	3.7963e-05
281	0.98777	0.0057553	0.0064326	3.7506e-05
282	0.98613	0.0073786	0.0064385	4.82e-05
283	0.98567	0.0078281	0.006452	5.1255e-05
284	0.98322	0.010257	0.0064525	6.7325e-05
285	0.98216	0.011305	0.006462	7.4381e-05
286	0.97803	0.015417	0.0064513	0.00010168
287	0.976	0.017429	0.0064543	0.00011525
288	0.97582	0.017599	0.0064695	0.00011669
289	0.97745	0.015947	0.0064967	0.00010603
290	0.98074	0.012641	0.006535	8.428e-05
291	0.98592	0.0074482	0.0065861	4.98e-05
292	0.97888	0.014469	0.0065555	9.7006e-05
293	0.9746	0.01873	0.0065432	0.00012591
294	0.97216	0.021153	0.0065432	0.00014256
295	0.96432	0.02898	0.0065066	0.00019583
296	0.95911	0.034174	0.0064876	0.0002315
297	0.95617	0.037099	0.0064838	0.00025193
298	0.95579	0.037462	0.0064974	0.00025505
299	0.95737	0.035857	0.0065244	0.00024474
300	0.96103	0.032187	0.0065656	0.00022024
301	0.95084	0.042356	0.0065122	0.00029042
302	0.94461	0.048567	0.0064856	0.00033379
303	0.94097	0.052197	0.0064766	0.00035959
304	0.94027	0.052873	0.0064879	0.00036513
305	0.94178	0.051352	0.0065143	0.00035547
306	0.94634	0.046774	0.0065621	0.00032458
307	0.94519	0.047904	0.0065702	0.00033324
308	0.94619	0.046891	0.0065933	0.00032699
309	0.94995	0.043116	0.0066357	0.00030142
310	0.95627	0.036773	0.0066962	0.0002577
311	0.96562	0.027412	0.0067783	0.00019254
312	0.98009	0.012921	0.0068967	9.0959e-05
313	0.98079	0.012206	0.0069184	8.6134e-05
314	0.98318	0.0097937	0.0069521	6.9291e-05
315	0.98719	0.0057759	0.0069973	4.0969e-05
316	0.98851	0.004437	0.0070237	3.1543e-05
317	0.98845	0.0044777	0.0070402	3.1909e-05
318	0.98689	0.0060207	0.0070461	4.2995e-05
319	0.98291	0.009984	0.0070346	7.1466e-05
320	0.98053	0.012347	0.0070344	8.8579e-05
321	0.9799	0.012958	0.0070468	9.3184e-05
322	0.98061	0.012234	0.0070688	8.8173e-05
323	0.97895	0.013873	0.0070737	0.00010022
324	0.97871	0.014098	0.0070889	0.00010207
325	0.98015	0.012647	0.0071162	9.1779e-05
326	0.98344	0.0093357	0.007157	6.7909e-05
327	0.98912	0.003641	0.0072154	2.6561e-05
328	0.98625	0.0064925	0.0072115	4.748e-05
329	0.98469	0.0080351	0.0072171	5.8891e-05
330	0.98433	0.0083741	0.0072316	6.1505e-05
331	0.98537	0.0073236	0.0072563	5.3906e-05
332	0.98792	0.0047498	0.0072922	3.5038e-05
333	0.99241	0.00024676	0.0073425	1.8229e-06
334	0.99168	0.00095767	0.0073542	7.0959e-06
335	0.99173	0.00089224	0.0073718	6.6268e-06
336	0.99258	2.4058e-05	0.0073952	1.7911e-07
337	0.99241	0.00017522	0.0074111	1.3094e-06
338	0.98842	0.0041507	0.0073984	3.1077e-05
339	0.98619	0.0063612	0.0073988	4.7749e-05
340	0.98518	0.0073559	0.0074082	5.5341e-05
341	0.98554	0.0069785	0.007428	5.2633e-05
342	0.98706	0.0054416	0.0074566	4.1141e-05
343	0.98373	0.0087512	0.0074485	6.6321e-05
344	0.98186	0.010607	0.0074514	8.0564e-05
345	0.98155	0.010901	0.0074661	8.2996e-05
346	0.97848	0.013949	0.0074597	0.00010647
347	0.97699	0.015429	0.0074653	0.00011804
348	0.97694	0.015458	0.007482	0.00011853
349	0.97835	0.014037	0.0075098	0.00010787
350	0.98174	0.010629	0.007553	8.1886e-05
351	0.98702	0.0053324	0.0076109	4.1186e-05
352	0.98172	0.010607	0.0075873	8.2086e-05
353	0.97832	0.013997	0.0075781	0.00010854
354	0.97689	0.015405	0.0075841	0.00011974
355	0.97691	0.015365	0.0076014	0.00011971
356	0.97837	0.013893	0.00763	0.00010847
357	0.98137	0.010875	0.0076707	8.5082e-05
358	0.9866	0.0056228	0.0077291	4.4086e-05
359	0.98853	0.0036771	0.0077616	2.89e-05
360	0.98894	0.0032503	0.0077823	2.5599e-05
361	0.98833	0.0038439	0.0077949	3.0341e-05
362	0.98865	0.0035069	0.0078149	2.7739e-05
363	0.98777	0.0043696	0.0078254	3.4626e-05
364	0.98805	0.0040713	0.0078451	3.2331e-05
365	0.98257	0.0095337	0.0078191	7.5839e-05
366	0.97934	0.012743	0.0078108	0.00010159
367	0.97802	0.014047	0.0078176	0.00011225
368	0.9781	0.013951	0.0078356	0.00011172
369	0.97994	0.012097	0.0078677	9.7095e-05
370	0.98379	0.0082286	0.007916	6.6207e-05
371	0.98484	0.0071599	0.007942	5.7738e-05
372	0.98413	0.0078521	0.0079537	6.3471e-05
373	0.98456	0.0074048	0.0079747	5.9989e-05
374	0.9864	0.0055459	0.0080072	4.5041e-05
375	0.98958	0.0023477	0.0080506	1.9117e-05
376	0.9909	0.0010127	0.008079	8.2672e-06
377	0.99147	0.00042885	0.0081014	3.5088e-06
378	0.99178	9.5741e-05	0.0081218	7.8439e-07
379	0.9918	6.0146e-05	0.0081397	4.9378e-07
380	0.99094	0.00090496	0.0081504	7.4489e-06
381	0.99079	0.0010362	0.008167	8.5471e-06
382	0.99023	0.0015726	0.0081802	1.3004e-05
383	0.98887	0.0029217	0.0081866	2.4223e-05
384	0.98544	0.0063293	0.0081759	5.2582e-05
385	0.98367	0.0080816	0.0081789	6.7301e-05
386	0.98313	0.0086091	0.008192	7.1858e-05
387	0.98377	0.0079533	0.0082151	6.6536e-05
388	0.98564	0.0060629	0.0082486	5.0839e-05
389	0.98888	0.0028067	0.0082937	2.3594e-05
390	0.99014	0.0015221	0.0083223	1.2824e-05
391	0.98559	0.0060534	0.0083019	5.1061e-05
392	0.98268	0.0089512	0.0082952	7.5647e-05
393	0.98141	0.010199	0.0083024	8.6382e-05
394	0.98141	0.010181	0.0083203	8.6419e-05
395	0.98292	0.0086531	0.008351	7.3631e-05
396	0.98582	0.0057401	0.0083936	4.8973e-05
397	0.98677	0.00477	0.0084197	4.0812e-05
398	0.98627	0.0052534	0.0084334	4.5055e-05
399	0.98678	0.004725	0.0084558	4.0628e-05
400	0.98585	0.0056319	0.008466	4.8526e-05
401	0.98598	0.0054881	0.0084852	4.7396e-05
402	0.98739	0.0040554	0.0085155	3.5143e-05
403	0.9903	0.0011338	0.0085588	9.9706e-06
404	0.99027	0.0011414	0.0085767	1.0145e-05
405	0.98981	0.0015811	0.0085908	1.4193e-05
406	0.98865	0.0027259	0.0085984	2.4656e-05
407	0.98839	0.0029713	0.008614	2.7204e-05
408	0.989	0.0023441	0.0086373	2.2047e-05
409	0.98885	0.0024733	0.0086537	2.3833e-05
410	0.98767	0.0036382	0.0086601	3.5593e-05
411	0.98744	0.0038447	0.0086753	3.861e-05
412	0.98598	0.0052875	0.0086782	5.3988e-05
413	0.9858	0.0054533	0.008693	5.7374e-05
414	0.98687	0.0043653	0.0087194	4.9151e-05
415	0.98906	0.002153	0.0087562	3.0631e-05
416	0.9899	0.001315	0.0087642	1.7501e-05
417	0.99017	0.0010508	0.008764	1.2675e-05
418	0.98241	0.0088153	0.0086903	8.1311e-05
419	0.9775	0.013729	0.0086419	0.00012463
420	0.97447	0.016768	0.0086102	0.00015127
421	0.96563	0.025612	0.0085273	0.00022922
422	0.95959	0.031657	0.0084691	0.00028233
423	0.95589	0.035362	0.0084318	0.00031469
424	0.95471	0.03655	0.0084167	0.00032479
425	0.95589	0.035372	0.0084225	0.00031399
426	0.9597	0.03157	0.0084515	0.00028002
427	0.9659	0.025375	0.0085016	0.00022489
428	0.97577	0.015511	0.0085841	0.0001374
429	0.98946	0.0018265	0.0087004	1.6172e-05
430	0.98767	0.0036139	0.0086797	3.1872e-05
431	0.98326	0.0080363	0.0086359	7.0702e-05
432	0.9805	0.010801	0.0086068	9.4913e-05
433	0.97916	0.01214	0.0085902	0.00010657
434	0.97941	0.011893	0.0085875	0.00010433
435	0.98128	0.01003	0.008599	8.7926e-05
436	0.97587	0.015444	0.0085467	0.00013525
437	0.97285	0.018475	0.0085154	0.00016169
438	0.97189	0.019441	0.0085021	0.00017004
439	0.97248	0.018857	0.0085024	0.00016483
440	0.97501	0.016333	0.0085196	0.00014268
441	0.9798	0.011545	0.0085565	0.00010081
442	0.97745	0.013895	0.0085311	0.0001213
443	0.97659	0.014767	0.0085186	0.00012885
444	0.97711	0.014245	0.0085184	0.00012422
445	0.97946	0.011901	0.0085339	0.00010372
446	0.98348	0.0078848	0.0085641	6.8677e-05
447	0.99011	0.001267	0.0086168	1.1047e-05
448	0.98715	0.0042247	0.0085862	3.6806e-05
449	0.98566	0.0057189	0.0085683	4.9811e-05
450	0.98526	0.0061244	0.0085599	5.3324e-05
451	0.98285	0.0085466	0.008534	7.436e-05
452	0.98174	0.0096592	0.0085195	8.3984e-05
453	0.98187	0.009534	0.0085159	8.2843e-05
454	0.98323	0.0081748	0.0085229	7.0985e-05
455	0.98593	0.0054783	0.0085416	4.753e-05
456	0.99064	0.00077467	0.0085777	6.7172e-06
457	0.98042	0.011004	0.0084843	9.5277e-05
458	0.97314	0.018289	0.0084166	0.00015823
459	0.96828	0.023155	0.00837	0.00020017
460	0.95625	0.035182	0.0082614	0.00030394
461	0.94858	0.042856	0.0081906	0.00037005
462	0.94442	0.047029	0.0081499	0.00040589
463	0.7931	0.19835	0.0068401	0.001711
464	0.68726	0.3042	0.0059234	0.0026229
465	0.60744	0.38401	0.0052324	0.0033092
466	0.5529	0.43856	0.0047596	0.0037772
467	0.51215	0.47932	0.0044063	0.0041258
468	0.485	0.50648	0.0041702	0.0043572
469	0.46764	0.52383	0.0040185	0.0045041
470	0.45589	0.53559	0.0039152	0.0046027
471	0.45014	0.54135	0.0038635	0.0046496
472	0.44965	0.54184	0.003857	0.0046514
473	0.43389	0.5576	0.0037196	0.0047841
474	0.4235	0.568	0.0036284	0.0048705
475	0.41884	0.57266	0.0035864	0.0049079
476	0.33868	0.65283	0.0028973	0.0055922
477	0.27815	0.71336	0.0023775	0.0061073
478	0.23601	0.75551	0.0020154	0.0064647
479	0.20423	0.78729	0.0017425	0.0067329
480	0.18042	0.81111	0.0015381	0.0069326
481	0.16284	0.8287	0.0013872	0.0070788
482	0.15012	0.84142	0.0012781	0.0071833
483	0.14127	0.85027	0.001202	0.0072547
484	0.13555	0.856	0.0011527	0.0072994
485	0.13352	0.85803	0.0011349	0.0073126
486	0.11885	0.87271	0.0010097	0.0074332
487	0.10928	0.88228	0.0009278	0.0075104
488	0.10377	0.8878	0.00088047	0.0075531
489	0.10068	0.89089	0.0008538	0.0075752
490	0.08751	0.90407	0.00074157	0.0076828
491	0.07783	0.91375	0.00065911	0.0077606
492	0.07095	0.92063	0.00060051	0.0078146
493	0.06699	0.9246	0.00056665	0.0078439
494	0.065568	0.92603	0.00055429	0.0078516
495	0.066486	0.92511	0.00056171	0.0078396
496	0.059765	0.93184	0.00050455	0.0078922
497	0.055905	0.9357	0.00047159	0.0079205
498	0.053687	0.93792	0.00045258	0.007935
499	0.053481	0.93814	0.00045053	0.0079324
500	0.05526	0.93636	0.0004652	0.0079132
501	0.058657	0.93297	0.0004935	0.0078803
502	0.064629	0.927	0.00054341	0.0078258
503	0.073001	0.91863	0.0006135	0.0077511
504	0.085571	0.90607	0.00071873	0.0076413
505	0.10244	0.8892	0.00086005	0.0074954
506	0.12494	0.86671	0.0010485	0.0073024
507	0.13161	0.86004	0.001104	0.0072424
508	0.12873	0.86293	0.0010792	0.0072627
509	0.12906	0.8626	0.0010813	0.007256
510	0.13181	0.85986	0.0011037	0.0072291
511	0.13717	0.8545	0.0011482	0.0071801
512	0.14563	0.84605	0.0012185	0.0071053
513	0.15939	0.83229	0.0013331	0.0069862
514	0.17816	0.81352	0.0014897	0.0068251
515	0.20337	0.78831	0.0017002	0.0066102
516	0.24058	0.75111	0.0020107	0.0062952
517	0.23709	0.75461	0.0019805	0.006321
518	0.23785	0.75385	0.0019857	0.0063112
519	0.24318	0.74853	0.0020291	0.0062634
520	0.21033	0.78138	0.0017537	0.0065343
521	0.18782	0.8039	0.0015648	0.0067188
522	0.17121	0.82051	0.0014254	0.0068537
523	0.15924	0.83249	0.0013249	0.0069498
524	0.151	0.84073	0.0012557	0.0070146
525	0.14592	0.84581	0.0012128	0.007053
526	0.12838	0.86336	0.0010663	0.0071951
527	0.11696	0.87478	0.00097082	0.0072862
528	0.10897	0.88278	0.00090391	0.0073487
529	0.084347	0.9074	0.00069916	0.0075491
530	0.065655	0.9261	0.00054387	0.0077
531	0.052704	0.93906	0.00043625	0.0078032
532	0.042987	0.94878	0.00035558	0.0078795
533	0.036427	0.95534	0.00030109	0.0079296
534	0.031624	0.96015	0.00026121	0.0079652
535	0.02879	0.96299	0.00023764	0.0079844
536	0.027033	0.96475	0.000223	0.0079946
537	0.02622	0.96557	0.00021619	0.0079971
538	0.026288	0.9655	0.00021669	0.0079923
539	0.027244	0.96455	0.00022451	0.0079801
540	0.029182	0.96262	0.00024047	0.0079599
541	0.025809	0.96599	0.00021261	0.0079834
542	0.024006	0.9678	0.00019769	0.0079941
543	0.023446	0.96837	0.00019301	0.0079945
544	0.018117	0.9737	0.00014902	0.0080341
545	0.014063	0.97776	0.0001156	0.0080633
546	0.010967	0.98086	9.0099e-05	0.0080845
547	0.0085857	0.98324	7.0515e-05	0.0080998
548	0.0070223	0.98481	5.7646e-05	0.0081084
549	0.0060579	0.98578	4.9696e-05	0.0081121
550	0.005342	0.9865	4.3799e-05	0.0081137
551	0.0048185	0.98703	3.949e-05	0.0081138
552	0.0046362	0.98721	3.7973e-05	0.008111
553	0.0045733	0.98728	3.7438e-05	0.0081073
554	0.0046338	0.98723	3.7919e-05	0.0081026
555	0.0048224	0.98704	3.9451e-05	0.0080968
556	0.0051539	0.98671	4.2156e-05	0.0080899
557	0.0056543	0.98622	4.6247e-05	0.0080816
558	0.0063627	0.98551	5.2043e-05	0.0080716
559	0.0073231	0.98456	5.9906e-05	0.0080596
560	0.0089009	0.98298	7.2802e-05	0.0080425
561	0.011253	0.98064	9.2011e-05	0.0080191
562	0.01468	0.97721	0.00011997	0.007987
563	0.019129	0.97277	0.00015626	0.0079465
564	0.025673	0.96623	0.00020961	0.007889
565	0.020336	0.97157	0.00016598	0.0079285
566	0.016736	0.97517	0.00013653	0.0079537
567	0.014077	0.97784	0.00011481	0.0079713
568	0.012441	0.97948	0.00010143	0.0079805
569	0.011676	0.98025	9.5145e-05	0.0079826
570	0.011675	0.98025	9.5071e-05	0.0079785
571	0.012436	0.97949	0.0001012	0.0079682
572	0.0096198	0.98231	7.8235e-05	0.007987
573	0.007695	0.98424	6.2533e-05	0.0079986
574	0.0062006	0.98574	5.0358e-05	0.0080066
575	0.0052084	0.98674	4.2264e-05	0.0080105
576	0.004416	0.98754	3.581e-05	0.0080128
577	0.0039566	0.988	3.2055e-05	0.0080124
578	0.0035939	0.98837	2.9094e-05	0.0080112
579	0.0032994	0.98866	2.6694e-05	0.0080095
580	0.0032074	0.98876	2.5927e-05	0.0080061
581	0.0031484	0.98882	2.5431e-05	0.0080025
582	0.0031105	0.98887	2.5111e-05	0.0079987
583	0.0030982	0.98888	2.5001e-05	0.0079947
584	0.0032654	0.98872	2.633e-05	0.0079893
585	0.0034646	0.98852	2.792e-05	0.0079836
586	0.0037109	0.98828	2.9892e-05	0.0079775
587	0.004023	0.98797	3.2396e-05	0.0079709
588	0.0046192	0.98738	3.7175e-05	0.0079621
589	0.0053718	0.98663	4.3214e-05	0.007952
590	0.0063289	0.98568	5.0899e-05	0.0079402
591	0.0075633	0.98445	6.0815e-05	0.0079263
592	0.0091685	0.98285	7.3716e-05	0.0079093
593	0.011568	0.98045	9.2979e-05	0.007886
594	0.015149	0.97688	0.0001217	0.0078533
595	0.019798	0.97223	0.000159	0.007812
596	0.025869	0.96616	0.0002077	0.0077592
597	0.033863	0.95817	0.00027184	0.0076911
598	0.045356	0.94669	0.00036396	0.007595
599	0.048718	0.94333	0.00039075	0.0075642
600	0.046418	0.94563	0.00037209	0.0075788
601	0.046083	0.94597	0.00036918	0.0075777
602	0.039392	0.95267	0.00031533	0.0076275
603	0.03452	0.95754	0.00027614	0.0076627
604	0.031694	0.96037	0.00025333	0.0076815
605	0.030518	0.96155	0.00024374	0.007687
606	0.030358	0.96172	0.00024227	0.0076845
607	0.031597	0.96048	0.00025196	0.0076708
608	0.033921	0.95816	0.00027031	0.0076484
609	0.037536	0.95455	0.00029894	0.0076158
610	0.042725	0.94936	0.0003401	0.0075706
611	0.042222	0.94987	0.00033589	0.0075709
612	0.042945	0.94915	0.00034145	0.0075613
613	0.045469	0.94663	0.0003613	0.0075375
614	0.049501	0.9426	0.00039314	0.0075017
615	0.055345	0.93676	0.00043939	0.0074515
616	0.043307	0.94881	0.0003436	0.0075433
617	0.034228	0.95789	0.00027142	0.0076115
618	0.028161	0.96396	0.00022317	0.0076558
619	0.023674	0.96845	0.00018752	0.0076876
620	0.02082	0.97131	0.00016481	0.0077063
621	0.019236	0.9729	0.00015217	0.007715
622	0.018391	0.97375	0.0001454	0.0077179
623	0.018237	0.9739	0.00014413	0.0077152
624	0.019073	0.97307	0.00015067	0.0077048
625	0.021004	0.97114	0.00016583	0.0076857
626	0.023846	0.96831	0.00018819	0.0076594
627	0.027813	0.96434	0.00021943	0.0076243
628	0.033955	0.95821	0.00026778	0.007572
629	0.042167	0.95	0.00033245	0.0075034
630	0.054087	0.93808	0.00042624	0.0074057
631	0.071233	0.92094	0.00056106	0.007267
632	0.076287	0.91589	0.00060057	0.0072236
633	0.08375	0.90843	0.00065904	0.0071613
634	0.082807	0.90938	0.00065132	0.0071651
635	0.084391	0.9078	0.00066346	0.0071491
636	0.088703	0.90349	0.00069701	0.0071117
637	0.096485	0.89571	0.00075774	0.007047
638	0.10739	0.8848	0.00084302	0.0069579
639	0.12234	0.86986	0.00095996	0.0068371
640	0.14467	0.84754	0.0011347	0.0066585
641	0.17429	0.81792	0.0013665	0.0064228
642	0.21363	0.77859	0.0016745	0.006111
643	0.22668	0.76554	0.0017761	0.0060056
644	0.24677	0.74546	0.0019326	0.0058452
645	0.27699	0.71524	0.0021683	0.0056056
646	0.32156	0.67067	0.002516	0.0052541
647	0.38053	0.6117	0.0029761	0.0047901
648	0.46645	0.52578	0.0036463	0.0041161
649	0.47256	0.51968	0.0036922	0.0040664
650	0.48476	0.50749	0.0037856	0.0039692
651	0.50268	0.48957	0.0039237	0.0038273
652	0.52781	0.46444	0.004118	0.0036291
653	0.56507	0.42719	0.0044066	0.0033367
654	0.61484	0.37742	0.0047928	0.0029467
655	0.63319	0.35907	0.0049337	0.002802
656	0.6612	0.33107	0.0051496	0.0025823
657	0.69906	0.29322	0.0054422	0.0022859
658	0.75497	0.2373	0.005875	0.0018493
659	0.82941	0.16287	0.006452	0.0012686
660	0.92777	0.06451	0.007215	0.0005019
661	0.92844	0.063846	0.0072167	0.00049643
662	0.93216	0.06013	0.007242	0.00046728
663	0.9394	0.052891	0.0072947	0.00041082
664	0.95006	0.042239	0.0073739	0.00032787
665	0.96655	0.025752	0.0074982	0.00019977
666	0.97352	0.018787	0.0075485	0.00014567
667	0.98344	0.0088652	0.0076218	6.8669e-05
668	0.98369	0.0086238	0.0076199	6.676e-05
669	0.98174	0.010578	0.007601	8.183e-05
670	0.98136	0.010961	0.0075944	8.4739e-05
671	0.9825	0.00982	0.0075994	7.5878e-05
672	0.98538	0.0069462	0.0076179	5.3643e-05
673	0.98614	0.0061888	0.0076199	4.7779e-05
674	0.98543	0.0069071	0.0076106	5.332e-05
675	0.98582	0.0065171	0.0076098	5.0291e-05
676	0.98761	0.0047302	0.0076198	3.6499e-05
677	0.98778	0.0045647	0.0076172	3.5211e-05
678	0.98647	0.0058817	0.0076033	4.5346e-05
679	0.98646	0.0058963	0.0075994	4.5443e-05
680	0.98751	0.0048488	0.0076038	3.7352e-05
681	0.98999	0.0023731	0.007619	1.8286e-05
682	0.98916	0.0032058	0.0076089	2.4692e-05
683	0.98924	0.0031325	0.0076057	2.4116e-05
684	0.99023	0.0021472	0.0076096	1.6523e-05
685	0.98819	0.0041846	0.0075902	3.2178e-05
686	0.98351	0.0088706	0.0075505	6.8153e-05
687	0.98094	0.011449	0.007527	8.7926e-05
688	0.97978	0.012607	0.0075144	9.6766e-05
689	0.97554	0.01685	0.0074782	0.00012928
690	0.97312	0.019274	0.007456	0.0001478
691	0.97233	0.020071	0.0074463	0.00015382
692	0.97349	0.018911	0.0074515	0.00014486
693	0.9763	0.01611	0.0074694	0.00012333
694	0.98144	0.010974	0.0075051	8.398e-05
695	0.98891	0.0035083	0.0075585	2.6827e-05
696	0.99236	5.4802e-05	0.0075813	4.1908e-07
697	0.99238	4.1092e-05	0.0075777	3.1396e-07
698	0.99172	0.00070983	0.0075689	5.4235e-06
699	0.99048	0.0019473	0.0075558	1.488e-05
700	0.98757	0.0048615	0.0075299	3.7124e-05
701	0.98102	0.011417	0.0074762	8.7162e-05
702	0.97713	0.015309	0.0074428	0.00011685
703	0.97495	0.017492	0.0074225	0.00013345
704	0.97432	0.018131	0.007414	0.00013828
705	0.97518	0.017276	0.007417	0.0001317
706	0.97761	0.014841	0.007432	0.0001131
707	0.9818	0.010661	0.0074603	8.1217e-05
708	0.98805	0.0044163	0.0075043	3.3641e-05
709	0.94952	0.042944	0.0072079	0.00032645
710	0.92298	0.069488	0.0070027	0.00052803
711	0.90349	0.088981	0.0068514	0.00067578
712	0.89074	0.10173	0.0067513	0.00077229
713	0.88218	0.1103	0.0066831	0.00083689
714	0.87793	0.11455	0.0066476	0.00086879
715	0.87761	0.11488	0.0066419	0.00087093
716	0.88021	0.11228	0.0066583	0.00085092
717	0.87444	0.11805	0.0066115	0.0008942
718	0.87185	0.12065	0.0065887	0.00091342
719	0.873	0.1195	0.0065942	0.00090432
720	0.87823	0.11428	0.0066305	0.00086448
721	0.88704	0.10547	0.0066938	0.00079761
722	0.90011	0.0924	0.0067894	0.00069851
723	0.91848	0.074034	0.0069249	0.00055949
724	0.92557	0.066953	0.0069751	0.0005058
725	0.93616	0.056365	0.0070517	0.00042567
726	0.95106	0.041466	0.0071609	0.00031305
727	0.9563	0.03623	0.0071971	0.00027338
728	0.96508	0.027453	0.0072599	0.00020709
729	0.97742	0.015113	0.0073495	0.00011398
730	0.97725	0.015286	0.0073449	0.00011519
731	0.9742	0.018347	0.0073185	0.00013813
732	0.97282	0.019731	0.0073048	0.00014844
733	0.973	0.019547	0.0073029	0.00014694
734	0.97519	0.017366	0.0073159	0.00013046
735	0.97916	0.0134	0.0073424	0.00010059
736	0.98017	0.012385	0.0073466	9.2903e-05
737	0.98302	0.0095433	0.0073646	7.1538e-05
738	0.98809	0.0044766	0.0073991	3.3543e-05
739	0.98398	0.0085874	0.007365	6.4281e-05
740	0.98177	0.010802	0.007345	8.0817e-05
741	0.98123	0.01135	0.0073375	8.4886e-05
742	0.97816	0.014426	0.007311	0.00010787
743	0.97667	0.015918	0.0072965	0.00011898
744	0.97108	0.021512	0.0072514	0.00016068
745	0.95788	0.034711	0.0071494	0.00025917
746	0.94952	0.043077	0.0070836	0.00032151
747	0.94408	0.048518	0.0070398	0.00036196
748	0.94178	0.050817	0.0070193	0.00037895
749	0.94171	0.050896	0.0070155	0.00037937
750	0.94448	0.048125	0.0070328	0.00035857
751	0.94969	0.042924	0.0070683	0.00031969
752	0.95854	0.034078	0.0071308	0.00025374
753	0.97104	0.021583	0.0072205	0.00016068
754	0.98821	0.0044154	0.0073449	3.2892e-05
755	0.98738	0.0052499	0.0073353	3.9081e-05
756	0.98756	0.0050654	0.0073334	3.7685e-05
757	0.98622	0.006412	0.0073201	4.7658e-05
758	0.98598	0.0066514	0.007315	4.9395e-05
759	0.98708	0.0055568	0.0073198	4.1242e-05
760	0.98967	0.0029754	0.0073356	2.2081e-05
761	0.9906	0.0020445	0.0073392	1.5167e-05
762	0.99251	0.00014349	0.00735	1.0633e-06
763	0.99163	0.0010198	0.0073402	7.5488e-06
764	0.99157	0.0010899	0.0073364	8.0659e-06
765	0.99221	0.00044971	0.0073378	3.326e-06
766	0.99175	0.00091685	0.0073311	6.7792e-06
767	0.98765	0.0050188	0.0072974	3.7108e-05
768	0.98507	0.0076028	0.007275	5.6179e-05
769	0.98407	0.0086021	0.0072643	6.3541e-05
770	0.98425	0.0084217	0.0072624	6.218e-05
771	0.98587	0.006807	0.007271	5.0249e-05
772	0.98579	0.0068879	0.007267	5.084e-05
773	0.98682	0.0058614	0.0072713	4.3259e-05
774	0.98905	0.0036363	0.0072844	2.6843e-05
775	0.98755	0.0051421	0.00727	3.795e-05
776	0.98711	0.0055838	0.0072635	4.12e-05
777	0.9877	0.0049948	0.0072646	3.6853e-05
778	0.98677	0.0059314	0.0072544	4.3739e-05
779	0.98371	0.0089991	0.0072286	6.6326e-05
780	0.98206	0.010646	0.0072132	7.8428e-05
781	0.97728	0.01543	0.0071748	0.00011362
782	0.97436	0.018351	0.0071501	0.00013507
783	0.97349	0.019225	0.0071404	0.00014148
784	0.95508	0.037639	0.0070019	0.00027679
785	0.94303	0.049694	0.0069101	0.00036531
786	0.9347	0.058032	0.0068458	0.00042641
787	0.92943	0.063305	0.006804	0.00046493
788	0.92739	0.065344	0.006786	0.00047974
789	0.92774	0.065001	0.0067855	0.00047706
790	0.90318	0.089556	0.0066024	0.00065693
791	0.8852	0.10754	0.0064677	0.00078844
792	0.87242	0.12032	0.0063713	0.00088166
793	0.86388	0.12887	0.006306	0.00094379
794	0.85892	0.13383	0.006267	0.00097962
795	0.85722	0.13554	0.0062519	0.00099161
796	0.84619	0.14657	0.0061687	0.0010717
797	0.81535	0.17741	0.0059411	0.0012962
798	0.73842	0.25434	0.005378	0.0018561
799	0.54805	0.44472	0.0039899	0.0032412
800	0.41464	0.57813	0.0030171	0.0042109
801	0.32276	0.67001	0.002347	0.0048779
802	0.25298	0.73979	0.0018385	0.0053833
803	0.20424	0.78855	0.0014832	0.0057355
804	0.1673	0.82548	0.0012142	0.0060014
805	0.13938	0.85341	0.001011	0.0062015
806	0.12016	0.87263	0.00087103	0.0063384
807	0.10746	0.88534	0.00077844	0.0064279
808	0.0995	0.8933	0.00072031	0.0064829
809	0.095177	0.89762	0.00068854	0.0065116
810	0.093028	0.89978	0.00067258	0.0065245
811	0.081437	0.91137	0.00058829	0.0066057
812	0.073891	0.91892	0.00053332	0.0066576
813	0.068744	0.92407	0.00049579	0.006692
814	0.065591	0.92722	0.00047273	0.006712
815	0.064153	0.92867	0.00046211	0.0067196
816	0.064322	0.9285	0.00046311	0.0067155
817	0.066143	0.92668	0.00047604	0.0066995
818	0.0704	0.92243	0.0005065	0.006666
819	0.076848	0.91598	0.00055275	0.0066168
820	0.08717	0.90566	0.00062681	0.0065397
821	0.10114	0.8917	0.00072711	0.0064363
822	0.1199	0.87294	0.00086193	0.0062985
823	0.14494	0.8479	0.0010418	0.0061156
824	0.18097	0.81187	0.0013007	0.0058537
825	0.2287	0.76415	0.0016436	0.0055078
826	0.24812	0.74474	0.0017824	0.005366
827	0.27688	0.71597	0.0019883	0.0051571
828	0.31543	0.67743	0.0022644	0.004878
829	0.36654	0.62632	0.0026306	0.0045087
830	0.43441	0.55845	0.0031172	0.0040192
831	0.52435	0.46852	0.0037622	0.0033713
832	0.5126	0.48027	0.0036763	0.0034542
833	0.50718	0.4857	0.0036359	0.0034917
834	0.50595	0.48693	0.0036256	0.003499
835	0.50997	0.48291	0.003653	0.0034687
836	0.51836	0.47452	0.0037117	0.003407
837	0.53341	0.45948	0.003818	0.0032978
838	0.55703	0.43586	0.0039855	0.0031272
839	0.59286	0.40003	0.0042403	0.0028695
840	0.64081	0.35208	0.0045817	0.0025252
841	0.70452	0.28838	0.0050357	0.0020682
842	0.72923	0.26367	0.0052106	0.0018904
843	0.73645	0.25645	0.0052601	0.001838
844	0.74999	0.24291	0.0053548	0.0017404
845	0.77174	0.22117	0.005508	0.0015843
846	0.80148	0.19143	0.0057182	0.0013711
847	0.79704	0.19588	0.0056841	0.0014023
848	0.79708	0.19583	0.0056821	0.0014015
849	0.80068	0.19224	0.0057055	0.0013752
850	0.80811	0.18481	0.0057562	0.0013215
851	0.81996	0.17296	0.0058386	0.0012364
852	0.83716	0.15577	0.005959	0.001113
853	0.86357	0.12936	0.0061451	0.00092411
854	0.89914	0.093797	0.0063965	0.00066992
855	0.91294	0.079995	0.0064924	0.00057112
856	0.90669	0.086249	0.0064454	0.00061535
857	0.90426	0.088678	0.0064255	0.00063236
858	0.90454	0.0884	0.006425	0.00063007
859	0.90839	0.084561	0.0064498	0.00060248
860	0.91531	0.077642	0.0064964	0.00055298
861	0.92585	0.067099	0.0065689	0.00047771
862	0.94245	0.050504	0.0066843	0.00035951
863	0.96504	0.027917	0.0068422	0.00019875
864	0.96646	0.026497	0.0068496	0.00018858
865	0.96977	0.023198	0.0068703	0.00016506
866	0.97518	0.017791	0.0069061	0.00012657
867	0.9831	0.0098655	0.0069597	7.0212e-05
868	0.98239	0.010585	0.0069518	7.5283e-05
869	0.98317	0.0098067	0.0069546	6.9748e-05
870	0.98561	0.0073717	0.006969	5.2493e-05
871	0.98227	0.010711	0.0069425	7.6218e-05
872	0.9736	0.019384	0.0068782	0.00013779
873	0.96766	0.02533	0.0068333	0.00017994
874	0.95123	0.041761	0.0067142	0.00029637
875	0.94041	0.052583	0.0066348	0.00037301
876	0.93303	0.05996	0.0065799	0.00042518
877	0.92854	0.064454	0.0065455	0.00045687
878	0.9266	0.066405	0.0065292	0.00047054
879	0.91751	0.075494	0.0064623	0.0005347
880	0.89449	0.098511	0.0062969	0.00069739
881	0.87774	0.11527	0.0061759	0.00081566
882	0.86596	0.12705	0.0060903	0.00089859
883	0.83419	0.15882	0.0058638	0.0011225
884	0.81077	0.18225	0.0056963	0.0012873
885	0.794	0.19902	0.005576	0.001405
886	0.78249	0.21053	0.0054929	0.0014855
887	0.77538	0.21764	0.0054408	0.001535
888	0.77213	0.22089	0.005416	0.0015572
889	0.77254	0.22049	0.005417	0.0015537
890	0.77659	0.21644	0.0054435	0.0015246
891	0.78458	0.20845	0.0054979	0.0014677
892	0.79856	0.19448	0.0055942	0.0013689
893	0.81839	0.17465	0.0057316	0.0012289
894	0.82373	0.16932	0.0057672	0.0011909
895	0.82002	0.17302	0.0057392	0.0012163
896	0.81975	0.1733	0.0057354	0.0012176
897	0.82377	0.16928	0.0057616	0.0011889
898	0.83261	0.16044	0.0058216	0.0011264
899	0.84597	0.14709	0.0059132	0.0010323
900	0.86495	0.12811	0.0060442	0.00089876
901	0.89104	0.10202	0.0062251	0.00071539
902	0.92915	0.063915	0.00649	0.00044796
903	0.98506	0.0080037	0.0068794	5.6152e-05
904	0.98338	0.0096878	0.0068651	6.7891e-05
905	0.98296	0.010106	0.0068598	7.0768e-05
906	0.98403	0.0090446	0.0068648	6.3316e-05
907	0.98297	0.010109	0.0068549	7.0713e-05
908	0.98338	0.0096934	0.0068554	6.7787e-05
909	0.98507	0.0080119	0.0068647	5.602e-05
910	0.98469	0.0083879	0.0068596	5.8615e-05
911	0.98549	0.0075991	0.0068628	5.3078e-05
912	0.9875	0.0055854	0.0068744	3.8998e-05
913	0.98461	0.0084778	0.006852	5.9105e-05
914	0.98311	0.0099781	0.0068392	6.9501e-05
915	0.98311	0.0099788	0.0068368	6.9467e-05
916	0.98462	0.0084799	0.0068449	5.9012e-05
917	0.98751	0.0055891	0.0068627	3.8873e-05
918	0.99249	0.00061217	0.0068949	4.2588e-06
919	0.99226	0.00084539	0.0068909	5.8762e-06
920	0.9927	0.00040905	0.0068916	2.8403e-06
921	0.993	0.00010847	0.0068913	7.5223e-07
922	0.98996	0.0031498	0.0068679	2.1838e-05
923	0.98836	0.0047563	0.0068543	3.297e-05
924	0.98802	0.0050975	0.0068496	3.5329e-05
925	0.98594	0.0071821	0.0068327	4.9779e-05
926	0.98507	0.0080486	0.0068243	5.5767e-05
927	0.98562	0.0075052	0.0068257	5.1995e-05
928	0.98448	0.0086404	0.0068154	5.9859e-05
929	0.98454	0.0085879	0.0068133	5.9485e-05
930	0.98579	0.0073435	0.0068196	5.0855e-05
931	0.9853	0.0078341	0.0068138	5.4243e-05
932	0.98595	0.0071855	0.0068159	4.9742e-05
933	0.9878	0.0053355	0.0068264	3.6928e-05
934	0.98794	0.0052001	0.006825	3.5971e-05
935	0.98911	0.0040281	0.0068307	2.7845e-05
936	0.9917	0.0014479	0.0068462	1.0005e-05
937	0.98945	0.0036931	0.0068284	2.5503e-05
938	0.98831	0.004836	0.0068182	3.3376e-05
939	0.98525	0.0079058	0.0067946	5.4544e-05
940	0.98387	0.0092804	0.0067828	6.4017e-05
941	0.98373	0.009428	0.0067794	6.5015e-05
942	0.98481	0.0083469	0.0067846	5.7535e-05
943	0.98385	0.009308	0.0067757	6.412e-05
944	0.98438	0.0087858	0.006777	6.0496e-05
945	0.98646	0.0067073	0.006789	4.6172e-05
946	0.9866	0.0065678	0.0067876	4.5205e-05
947	0.98785	0.0053214	0.0067938	3.6618e-05
948	0.9903	0.0028736	0.0068083	1.9765e-05
949	0.99117	0.0019998	0.006812	1.3753e-05
950	0.9913	0.0018784	0.0068105	1.292e-05
951	0.99224	0.00094052	0.0068146	6.4739e-06
952	0.99138	0.001799	0.0068064	1.2377e-05
953	0.98924	0.0039428	0.0067894	2.7107e-05
954	0.9882	0.0049902	0.0067799	3.4292e-05
955	0.98817	0.0050205	0.0067774	3.4486e-05
956	0.98915	0.0040362	0.006782	2.7712e-05
957	0.98579	0.007399	0.0067567	5.0764e-05
958	0.95872	0.034474	0.0065687	0.00023645
959	0.93862	0.054578	0.0064288	0.00037414
960	0.92403	0.069165	0.0063268	0.00047389
961	0.91382	0.079377	0.0062549	0.00054358
962	0.90797	0.085233	0.0062128	0.00058345
963	0.90573	0.087477	0.0061953	0.00059862
964	0.90695	0.086258	0.0062016	0.00059011
965	0.9109	0.082308	0.0062266	0.00056291
