#coord	neutral	conserved	gBGC.neutral	gBGC.conserved
1	0.79081	0.20916	2.8463e-05	8.1683e-06
2	0.79592	0.20405	2.7464e-05	7.6483e-06
3	0.80346	0.19651	2.6718e-05	7.0572e-06
4	0.81426	0.18571	2.5957e-05	6.3954e-06
5	0.82876	0.17121	2.5172e-05	5.6684e-06
6	0.84806	0.15191	2.4346e-05	4.872e-06
7	0.87136	0.12861	2.3776e-05	4.0069e-06
8	0.89941	0.10056	2.3475e-05	3.0487e-06
9	0.93296	0.067013	2.345e-05	1.9717e-06
10	0.97269	0.027287	2.3702e-05	7.5232e-07
11	0.98706	0.012919	2.2924e-05	3.5703e-07
12	0.99192	0.008058	2.2113e-05	2.123e-07
13	0.99318	0.0068023	2.1023e-05	1.7345e-07
14	0.99533	0.0046543	2.0092e-05	1.1572e-07
15	0.99844	0.0015402	1.931e-05	3.8678e-08
16	0.99957	0.00041139	1.8602e-05	1.0589e-08
17	0.99924	0.00074011	1.8035e-05	1.5324e-08
18	0.99948	0.00050245	1.756e-05	8.8465e-09
19	0.99944	0.00054217	1.6977e-05	8.5801e-09
20	0.9991	0.00088014	1.7086e-05	2.1264e-08
21	0.99802	0.0019618	1.6787e-05	3.8441e-08
22	0.99767	0.0023086	1.6468e-05	4.3736e-08
23	0.99798	0.0019995	1.6214e-05	3.6714e-08
24	0.99897	0.0010182	1.6024e-05	1.7392e-08
25	0.9992	0.00078694	1.5781e-05	1.293e-08
26	0.99891	0.0010736	1.558e-05	1.6114e-08
27	0.99787	0.0021189	1.53e-05	3.1629e-08
28	0.99759	0.0023909	1.4996e-05	3.6066e-08
29	0.99799	0.0019947	1.4756e-05	2.9316e-08
30	0.99913	0.00085672	1.4496e-05	1.2993e-08
31	0.99956	0.00042709	1.4152e-05	8.2284e-09
32	0.99877	0.0012148	1.3373e-05	1.9029e-08
33	0.9986	0.0013834	1.2706e-05	1.9873e-08
34	0.99905	0.00093743	1.2136e-05	1.2212e-08
35	0.99897	0.0010181	1.1463e-05	1.258e-08
36	0.99948	0.00050654	1.0886e-05	5.7717e-09
37	0.99965	0.00033801	1.0194e-05	3.9975e-09
38	0.99966	0.00033341	9.6152e-06	3.9253e-09
39	0.99951	0.0004829	9.1376e-06	5.3647e-09
40	0.99903	0.00096331	8.7443e-06	9.6549e-09
41	0.99913	0.00086172	8.4092e-06	8.2046e-09
42	0.99872	0.0012721	8.1194e-06	1.1005e-08
43	0.99892	0.0010756	7.8793e-06	8.3302e-09
44	0.99855	0.001445	7.5753e-06	1.0614e-08
45	0.9988	0.0011971	7.3214e-06	7.7665e-09
46	0.99834	0.0016537	7.1052e-06	9.085e-09
47	0.99856	0.0014318	6.8693e-06	6.0523e-09
48	0.99805	0.0019414	7.0293e-06	1.0532e-08
49	0.99819	0.0018036	7.2292e-06	1.0212e-08
50	0.99423	0.0057656	7.6785e-06	3.8445e-08
51	0.98359	0.016406	8.0166e-06	1.2341e-07
52	0.97503	0.024965	8.4315e-06	1.9656e-07
53	0.96832	0.031674	8.9306e-06	2.5904e-07
54	0.96373	0.036263	9.3932e-06	3.1149e-07
55	0.94903	0.050956	9.6657e-06	4.6871e-07
56	0.93795	0.062038	9.9191e-06	6.0676e-07
57	0.92915	0.070838	1.0251e-05	7.2463e-07
58	0.92287	0.077118	1.0565e-05	8.258e-07
59	0.91905	0.080934	1.0861e-05	9.0719e-07
60	0.91751	0.08248	1.1143e-05	9.6769e-07
61	0.91764	0.082345	1.1504e-05	1.0059e-06
62	0.91946	0.080525	1.1954e-05	1.0198e-06
63	0.92337	0.076621	1.2394e-05	1.0082e-06
64	0.92974	0.070247	1.2825e-05	9.6533e-07
65	0.93891	0.061076	1.3255e-05	8.8668e-07
66	0.95041	0.049577	1.3787e-05	7.6319e-07
67	0.96523	0.034751	1.4332e-05	5.9252e-07
68	0.9696	0.030381	1.4817e-05	5.526e-07
69	0.97604	0.023945	1.5291e-05	4.8235e-07
70	0.9771	0.022881	1.5598e-05	5.0019e-07
71	0.97965	0.02033	1.5891e-05	4.9615e-07
72	0.97831	0.021674	1.6059e-05	5.7959e-07
73	0.97809	0.021893	1.6309e-05	6.3635e-07
74	0.97916	0.020821	1.6549e-05	6.7124e-07
75	0.98136	0.018625	1.687e-05	6.8005e-07
76	0.97958	0.020401	1.6738e-05	7.1942e-07
77	0.9791	0.020887	1.6603e-05	7.3512e-07
78	0.97969	0.020296	1.6537e-05	7.2364e-07
79	0.97619	0.023793	1.6325e-05	8.2628e-07
80	0.96415	0.035836	1.5499e-05	9.8471e-07
81	0.95447	0.045516	1.4821e-05	1.0835e-06
82	0.94689	0.053093	1.427e-05	1.1354e-06
83	0.94156	0.058423	1.3712e-05	1.1525e-06
84	0.93795	0.062038	1.3261e-05	1.137e-06
85	0.93625	0.06374	1.2797e-05	1.0954e-06
86	0.93639	0.0636	1.2316e-05	1.0305e-06
87	0.93854	0.061442	1.1809e-05	9.4276e-07
88	0.94233	0.05766	1.1401e-05	8.3399e-07
89	0.94818	0.051803	1.097e-05	7.0757e-07
90	0.9566	0.043392	1.0507e-05	5.6318e-07
91	0.9578	0.042192	9.8336e-06	5.185e-07
92	0.9524	0.047586	9.2026e-06	5.4248e-07
93	0.94912	0.050875	8.5432e-06	5.4265e-07
94	0.93549	0.064503	7.9108e-06	6.275e-07
95	0.92454	0.075454	7.3876e-06	6.7346e-07
96	0.91669	0.083306	6.8529e-06	6.891e-07
97	0.91091	0.08908	6.4069e-06	6.8176e-07
98	0.90764	0.092356	5.9413e-06	6.5464e-07
99	0.90669	0.0933	5.4502e-06	6.1127e-07
100	0.90744	0.092551	5.0317e-06	5.5821e-07
101	0.91031	0.089685	4.5871e-06	4.9592e-07
102	0.91541	0.084584	4.1116e-06	4.2714e-07
103	0.91168	0.088314	3.6575e-06	4.021e-07
104	0.91028	0.089719	3.1754e-06	3.6512e-07
105	0.91055	0.089448	2.758e-06	3.2285e-07
106	0.87555	0.12445	2.4428e-06	4.1955e-07
107	0.8461	0.1539	2.1886e-06	4.8172e-07
108	0.82161	0.17838	1.985e-06	5.1798e-07
109	0.80285	0.19715	1.7848e-06	5.3328e-07
110	0.78757	0.21243	1.6207e-06	5.3409e-07
111	0.77548	0.22452	1.4874e-06	5.2434e-07
112	0.76685	0.23314	1.3506e-06	5.0427e-07
113	0.76072	0.23927	1.2372e-06	4.7866e-07
114	0.757	0.24299	1.1444e-06	4.4919e-07
115	0.7556	0.2444	1.0694e-06	4.1704e-07
116	0.75697	0.24303	9.8762e-07	3.8012e-07
117	0.76117	0.23883	8.9794e-07	3.3928e-07
118	0.76773	0.23227	8.2246e-07	2.9828e-07
119	0.77753	0.22247	7.3769e-07	2.5503e-07
120	0.79096	0.20904	6.4196e-07	2.1071e-07
121	0.79008	0.20992	5.4565e-07	1.8254e-07
122	0.79141	0.20859	4.6262e-07	1.5426e-07
123	0.79496	0.20504	3.9055e-07	1.2651e-07
124	0.80137	0.19863	3.096e-07	9.7606e-08
125	0.81031	0.18969	2.3742e-07	7.065e-08
126	0.82202	0.17798	1.7211e-07	4.6115e-08
127	0.83682	0.16318	1.1187e-07	2.4496e-08
128	0.85596	0.14404	4.0796e-08	5.1145e-09
129	0.8602	0.1398	3.1463e-08	3.6583e-09
130	0.8541	0.1459	4.6958e-08	7.8307e-09
131	0.85011	0.14989	6.2287e-08	1.1957e-08
132	0.8482	0.1518	7.8021e-08	1.5926e-08
133	0.84831	0.15169	9.4582e-08	1.9625e-08
134	0.85112	0.14888	1.064e-07	2.2405e-08
135	0.85598	0.14402	1.192e-07	2.4665e-08
136	0.86308	0.13692	1.3357e-07	2.6293e-08
137	0.87317	0.12683	1.4351e-07	2.676e-08
138	0.88593	0.11407	1.5515e-07	2.6374e-08
139	0.88692	0.11308	1.6643e-07	2.8031e-08
140	0.88973	0.11027	1.7945e-07	2.9179e-08
141	0.89444	0.10556	1.9456e-07	2.9706e-08
142	0.90116	0.098837	2.1215e-07	2.9458e-08
143	0.91007	0.089932	2.3272e-07	2.8222e-08
144	0.92146	0.078543	2.572e-07	2.5683e-08
145	0.93629	0.063714	2.7691e-07	2.1481e-08
146	0.95563	0.044369	2.916e-07	1.5478e-08
147	0.97894	0.021061	3.1111e-07	7.3881e-09
148	0.98735	0.012654	3.1869e-07	4.5232e-09
149	0.98985	0.01015	3.2953e-07	3.5669e-09
150	0.99376	0.0062429	3.338e-07	2.1254e-09
151	0.99474	0.0052609	3.2481e-07	1.7594e-09
152	0.99657	0.0034342	3.1912e-07	1.0928e-09
153	0.99948	0.00051837	3.0665e-07	1.5888e-10
154	0.99971	0.00028663	3.1835e-07	8.7356e-11
155	0.99982	0.00017651	3.1917e-07	5.9154e-11
156	0.99992	7.5353e-05	3.227e-07	2.7898e-11
157	0.99972	0.0002748	3.3226e-07	9.7972e-11
158	0.99939	0.00060687	3.3181e-07	2.41e-10
159	0.99961	0.00038869	3.3422e-07	1.8662e-10
160	0.99857	0.001426	2.9935e-07	4.6482e-10
161	0.99572	0.0042784	2.6879e-07	1.1061e-09
162	0.99378	0.0062196	2.4175e-07	1.3329e-09
163	0.98753	0.012473	2.1732e-07	2.1332e-09
164	0.9831	0.016902	1.8655e-07	2.2857e-09
165	0.98027	0.019733	1.4921e-07	1.8837e-09
166	0.97075	0.029253	1.6708e-07	4.1271e-09
167	0.96317	0.036827	1.8662e-07	6.2907e-09
168	0.95772	0.042277	2.0032e-07	8.2088e-09
169	0.95385	0.046153	2.1601e-07	9.8506e-09
170	0.94038	0.059624	2.2283e-07	1.3827e-08
171	0.93005	0.069946	2.2424e-07	1.7141e-08
172	0.92196	0.078043	2.2791e-07	1.9836e-08
173	0.91656	0.083445	2.2601e-07	2.1691e-08
174	0.91357	0.086426	2.186e-07	2.2659e-08
175	0.89848	0.10152	2.0974e-07	2.668e-08
176	0.88694	0.11306	1.9622e-07	2.9368e-08
177	0.87791	0.12209	1.8519e-07	3.1048e-08
178	0.87114	0.12886	1.7629e-07	3.1904e-08
179	0.86648	0.13352	1.6926e-07	3.2068e-08
180	0.86386	0.13614	1.6412e-07	3.1631e-08
181	0.84719	0.15281	1.5915e-07	3.3805e-08
182	0.83485	0.16515	1.4971e-07	3.4519e-08
183	0.82521	0.17479	1.4201e-07	3.4337e-08
184	0.81863	0.18137	1.3008e-07	3.283e-08
185	0.8143	0.1857	1.1959e-07	3.0614e-08
186	0.8121	0.1879	1.1028e-07	2.7794e-08
187	0.79506	0.20494	1.4503e-07	4.7188e-08
188	0.78141	0.21859	1.8225e-07	6.8637e-08
189	0.77141	0.22859	2.1249e-07	8.9964e-08
190	0.76409	0.23591	2.465e-07	1.1235e-07
191	0.75978	0.24022	2.7448e-07	1.3357e-07
192	0.7578	0.2422	3.0725e-07	1.5516e-07
193	0.75809	0.24191	3.4573e-07	1.7692e-07
194	0.76117	0.23883	3.7892e-07	1.9631e-07
195	0.76717	0.23283	4.0732e-07	2.1297e-07
196	0.7767	0.2233	4.3102e-07	2.2636e-07
197	0.78913	0.21087	4.6191e-07	2.3822e-07
198	0.80479	0.19521	5.013e-07	2.4787e-07
199	0.8056	0.1944	4.7162e-07	2.3084e-07
200	0.80908	0.19092	4.3602e-07	2.117e-07
201	0.81476	0.18523	4.0662e-07	1.9242e-07
202	0.82281	0.17719	3.8276e-07	1.7307e-07
203	0.83341	0.16659	3.6392e-07	1.5364e-07
204	0.84693	0.15307	3.5018e-07	1.34e-07
205	0.86362	0.13638	3.4086e-07	1.1403e-07
206	0.88403	0.11597	3.3633e-07	9.3434e-08
207	0.91041	0.089593	3.2518e-07	7.1947e-08
208	0.9183	0.081698	3.0603e-07	6.3009e-08
209	0.91713	0.082871	2.8708e-07	5.949e-08
210	0.90557	0.094427	2.6908e-07	6.0496e-08
211	0.89653	0.10346	2.5504e-07	6.0392e-08
212	0.88977	0.11023	2.4445e-07	5.9433e-08
213	0.88511	0.11489	2.3696e-07	5.7788e-08
214	0.88241	0.11759	2.3232e-07	5.5563e-08
215	0.8822	0.1178	2.2227e-07	5.223e-08
216	0.88387	0.11613	2.1486e-07	4.8445e-08
217	0.88746	0.11254	2.0993e-07	4.4223e-08
218	0.89375	0.10625	1.9947e-07	3.9111e-08
219	0.90221	0.097788	1.9104e-07	3.3693e-08
220	0.90083	0.099174	1.8273e-07	3.1347e-08
221	0.90117	0.098832	1.7614e-07	2.8598e-08
222	0.90387	0.096133	1.6413e-07	2.5099e-08
223	0.89692	0.10308	1.5271e-07	2.3616e-08
224	0.89268	0.10732	1.3617e-07	2.1155e-08
225	0.89036	0.10964	1.214e-07	1.8251e-08
226	0.88989	0.11011	1.0798e-07	1.5011e-08
227	0.89162	0.10838	8.9606e-08	1.1162e-08
228	0.89585	0.10415	6.5728e-08	6.8469e-09
229	0.89106	0.10894	7.5972e-08	9.2759e-09
230	0.88817	0.11183	8.6279e-08	1.1481e-08
231	0.88715	0.11285	9.7077e-08	1.3399e-08
232	0.88835	0.11165	1.0327e-07	1.467e-08
233	0.89137	0.10863	1.0998e-07	1.5527e-08
234	0.89635	0.10365	1.1756e-07	1.5919e-08
235	0.90336	0.096635	1.2603e-07	1.5776e-08
236	0.91346	0.08654	1.2965e-07	1.4793e-08
237	0.9261	0.073896	1.3429e-07	1.3204e-08
238	0.92811	0.071892	1.4001e-07	1.3155e-08
239	0.93175	0.068247	1.4674e-07	1.2698e-08
240	0.93755	0.062453	1.4851e-07	1.1651e-08
241	0.94598	0.054024	1.4498e-07	1.0041e-08
242	0.9566	0.043397	1.4248e-07	8.0525e-09
243	0.96977	0.030227	1.4119e-07	5.6489e-09
244	0.97356	0.026438	1.4057e-07	4.8219e-09
245	0.9791	0.020901	1.3468e-07	3.73e-09
246	0.98624	0.013762	1.295e-07	2.4415e-09
247	0.98822	0.011784	1.8586e-07	3.8448e-09
248	0.98707	0.012926	1.8851e-07	4.1481e-09
249	0.98691	0.013094	1.928e-07	4.2324e-09
250	0.98784	0.012155	1.9145e-07	4.08e-09
251	0.98554	0.014462	1.9058e-07	4.7907e-09
252	0.98429	0.015708	1.9137e-07	5.2527e-09
253	0.97808	0.021919	1.9459e-07	7.0414e-09
254	0.97337	0.02663	1.994e-07	8.5234e-09
255	0.97004	0.029959	2.0587e-07	9.7146e-09
256	0.96804	0.031958	2.144e-07	1.0608e-08
257	0.96729	0.032712	2.2488e-07	1.1194e-08
258	0.96776	0.032238	2.3752e-07	1.1433e-08
259	0.96951	0.030494	2.5289e-07	1.1255e-08
260	0.97257	0.027434	2.7137e-07	1.0561e-08
261	0.97744	0.022564	2.8366e-07	9.1929e-09
262	0.9774	0.022602	2.974e-07	9.4482e-09
263	0.97846	0.021535	3.1422e-07	9.2767e-09
264	0.98099	0.019007	3.2452e-07	8.5544e-09
265	0.98473	0.015265	3.3815e-07	7.2626e-09
266	0.98478	0.015218	3.3917e-07	7.4773e-09
267	0.98584	0.014157	3.4369e-07	7.2691e-09
268	0.98345	0.016549	3.5179e-07	8.517e-09
269	0.98216	0.017841	3.6367e-07	9.3312e-09
270	0.98193	0.018069	3.7956e-07	9.6957e-09
271	0.97715	0.022854	4.0022e-07	1.2095e-08
272	0.97375	0.026252	4.2574e-07	1.4017e-08
273	0.97197	0.02803	4.4401e-07	1.5336e-08
274	0.96343	0.036568	4.6348e-07	2.0031e-08
275	0.95715	0.042847	4.7632e-07	2.3969e-08
276	0.95288	0.047124	4.8277e-07	2.7019e-08
277	0.95011	0.049889	4.9415e-07	2.9231e-08
278	0.94909	0.050911	4.9918e-07	3.0486e-08
279	0.94951	0.050492	5.0966e-07	3.0857e-08
280	0.95165	0.048352	5.1382e-07	3.0196e-08
281	0.95526	0.044735	5.2319e-07	2.8554e-08
282	0.96045	0.03955	5.3807e-07	2.5777e-08
283	0.96733	0.032665	5.5891e-07	2.1621e-08
284	0.96828	0.031721	5.6776e-07	2.1237e-08
285	0.97051	0.029494	5.8268e-07	1.9915e-08
286	0.96779	0.032205	5.8104e-07	2.1753e-08
287	0.96661	0.033388	5.7275e-07	2.264e-08
288	0.96691	0.033092	5.5776e-07	2.2603e-08
289	0.96134	0.038664	5.3056e-07	2.6545e-08
290	0.95736	0.042637	5.0991e-07	2.9112e-08
291	0.95485	0.045152	4.9479e-07	3.0593e-08
292	0.94296	0.05704	4.7895e-07	3.7649e-08
293	0.93396	0.066038	4.5764e-07	4.2898e-08
294	0.92703	0.072974	4.4189e-07	4.6589e-08
295	0.92198	0.078022	4.3121e-07	4.9027e-08
296	0.91869	0.081308	4.2525e-07	5.0414e-08
297	0.91713	0.082867	4.2417e-07	5.0853e-08
298	0.90554	0.094459	4.0886e-07	5.6538e-08
299	0.89647	0.10353	3.9902e-07	6.0625e-08
300	0.88962	0.11038	3.9384e-07	6.3452e-08
301	0.88487	0.11513	3.9345e-07	6.5193e-08
302	0.88248	0.11752	3.8764e-07	6.5513e-08
303	0.88192	0.11808	3.8608e-07	6.4893e-08
304	0.88385	0.11615	3.7869e-07	6.281e-08
305	0.88764	0.11236	3.7546e-07	5.9838e-08
306	0.89417	0.10583	3.6634e-07	5.5478e-08
307	0.90295	0.097051	3.6173e-07	5.0201e-08
308	0.91422	0.085775	3.6165e-07	4.3852e-08
309	0.92895	0.071048	3.5605e-07	3.6262e-08
310	0.9321	0.067901	3.518e-07	3.3889e-08
311	0.91074	0.089258	3.626e-07	4.4564e-08
312	0.89435	0.10565	3.6735e-07	5.3919e-08
313	0.88101	0.11899	3.7655e-07	6.2191e-08
314	0.87103	0.12897	3.8028e-07	6.9076e-08
315	0.86342	0.13658	3.8842e-07	7.4938e-08
316	0.85801	0.14198	4.0105e-07	7.9873e-08
317	0.85515	0.14485	4.0827e-07	8.3279e-08
318	0.8543	0.14569	4.2053e-07	8.5674e-08
319	0.85611	0.14389	4.271e-07	8.6268e-08
320	0.85989	0.14011	4.3857e-07	8.5696e-08
321	0.86657	0.13343	4.4449e-07	8.3149e-08
322	0.84052	0.15948	3.7217e-07	7.0981e-08
323	0.76701	0.23299	3.6324e-07	1.1033e-07
324	0.70481	0.29519	3.6118e-07	1.4735e-07
325	0.65438	0.34562	3.5467e-07	1.8183e-07
326	0.61364	0.38636	3.4492e-07	2.1278e-07
327	0.5817	0.4183	3.3274e-07	2.3913e-07
328	0.55492	0.44508	3.2649e-07	2.6291e-07
329	0.53263	0.46737	3.2563e-07	2.8478e-07
330	0.46266	0.53734	3.0022e-07	3.3542e-07
331	0.40569	0.59431	2.744e-07	3.8004e-07
332	0.35938	0.64062	2.4906e-07	4.1798e-07
333	0.32271	0.67729	2.2496e-07	4.483e-07
334	0.29157	0.70843	2.073e-07	4.7503e-07
335	0.26648	0.73352	1.9023e-07	4.9534e-07
336	0.24696	0.75304	1.7397e-07	5.0874e-07
337	0.23074	0.76926	1.6254e-07	5.2021e-07
338	0.21811	0.78189	1.5132e-07	5.2583e-07
339	0.2089	0.7911	1.4032e-07	5.2532e-07
340	0.20177	0.79823	1.328e-07	5.2406e-07
341	0.19734	0.80266	1.2508e-07	5.1715e-07
342	0.19462	0.80538	1.202e-07	5.1005e-07
343	0.19401	0.80599	1.1482e-07	4.9793e-07
344	0.19496	0.80504	1.1174e-07	4.8576e-07
345	0.19802	0.80198	1.0798e-07	4.6881e-07
346	0.20334	0.79666	1.0335e-07	4.4724e-07
347	0.21056	0.78944	1.0083e-07	4.2606e-07
348	0.21989	0.78011	1.0035e-07	4.0516e-07
349	0.23157	0.76843	1.0195e-07	3.8434e-07
350	0.24714	0.75286	1.024e-07	3.59e-07
351	0.26593	0.73407	1.0496e-07	3.337e-07
352	0.26707	0.73293	1.01e-07	3.17e-07
353	0.27015	0.72985	9.8988e-08	3.0017e-07
354	0.27613	0.72387	9.5573e-08	2.7916e-07
355	0.28532	0.71468	9.049e-08	2.5419e-07
356	0.29696	0.70304	8.6863e-08	2.2935e-07
357	0.31134	0.68866	8.4563e-08	2.0456e-07
358	0.32984	0.67016	8.004e-08	1.7669e-07
359	0.35216	0.64784	7.6613e-08	1.4929e-07
360	0.37891	0.62109	7.4093e-08	1.2232e-07
361	0.41306	0.58694	6.8123e-08	9.3249e-08
362	0.45332	0.54668	6.198e-08	6.5454e-08
363	0.50072	0.49928	5.514e-08	3.9236e-08
364	0.5156	0.4844	6.6002e-08	4.8161e-08
365	0.53408	0.46592	7.8776e-08	5.5411e-08
366	0.55775	0.44225	8.9735e-08	5.9394e-08
367	0.58834	0.41166	9.8743e-08	6.002e-08
368	0.6249	0.3751	1.1042e-07	5.837e-08
369	0.67135	0.32865	1.2015e-07	5.3209e-08
370	0.68573	0.31427	1.2175e-07	5.1706e-08
371	0.70357	0.29643	1.2483e-07	4.9096e-08
372	0.72648	0.27352	1.2445e-07	4.4634e-08
373	0.754	0.246	1.2558e-07	3.9102e-08
374	0.78846	0.21154	1.2284e-07	3.2073e-08
375	0.8293	0.1707	1.214e-07	2.4229e-08
376	0.87754	0.12246	1.2122e-07	1.5567e-08
377	0.93441	0.065588	1.2224e-07	6.0947e-09
378	0.95514	0.044863	1.7306e-07	6.9046e-09
379	0.96182	0.038183	2.1784e-07	8.1591e-09
380	0.96191	0.038088	2.6682e-07	1.045e-08
381	0.96333	0.036669	3.2194e-07	1.2303e-08
382	0.96636	0.033641	3.699e-07	1.3309e-08
383	0.97112	0.028882	4.1108e-07	1.3275e-08
384	0.97744	0.022556	4.5878e-07	1.2019e-08
385	0.97838	0.021619	4.902e-07	1.2967e-08
386	0.98047	0.019529	5.2803e-07	1.3175e-08
387	0.9785	0.0215	5.7461e-07	1.5778e-08
388	0.97767	0.022326	6.2935e-07	1.7779e-08
389	0.97795	0.022053	6.928e-07	1.902e-08
390	0.97932	0.020675	7.6623e-07	1.9246e-08
391	0.98206	0.017937	8.3106e-07	1.814e-08
392	0.98605	0.013945	9.0791e-07	1.5279e-08
393	0.99166	0.0083421	9.7654e-07	1.0383e-08
394	0.99313	0.0068646	1.0528e-06	9.3409e-09
395	0.99246	0.0075403	1.1084e-06	1.1051e-08
396	0.99261	0.0073855	1.1752e-06	1.1723e-08
397	0.99378	0.0062139	1.2318e-06	1.1203e-08
398	0.99584	0.0041546	1.3013e-06	9.1902e-09
399	0.99602	0.0039805	1.3821e-06	1.0015e-08
400	0.99448	0.005519	1.345e-06	1.1294e-08
401	0.99377	0.0062283	1.3194e-06	1.1185e-08
402	0.99402	0.0059822	1.2841e-06	9.8808e-09
403	0.99523	0.0047681	1.2388e-06	7.4761e-09
404	0.99728	0.0027153	1.2041e-06	3.9573e-09
405	0.99773	0.0022738	1.1598e-06	3.0462e-09
406	0.99715	0.0028501	1.0943e-06	3.5697e-09
407	0.99726	0.0027348	1.0403e-06	3.2074e-09
408	0.99806	0.0019342	9.9622e-07	2.087e-09
409	0.99793	0.0020711	9.3207e-07	2.1102e-09
410	0.99654	0.0034641	8.765e-07	3.2059e-09
411	0.9959	0.0040988	8.3075e-07	3.4478e-09
412	0.98531	0.014685	7.8883e-07	1.0506e-08
413	0.97737	0.022634	7.3965e-07	1.5153e-08
414	0.97165	0.028354	6.827e-07	1.769e-08
415	0.96742	0.032576	6.3482e-07	1.8546e-08
416	0.96459	0.035406	5.9487e-07	1.8115e-08
417	0.96334	0.036659	5.4754e-07	1.656e-08
418	0.95518	0.044819	6.0579e-07	2.6818e-08
419	0.94929	0.050714	6.5519e-07	3.6682e-08
420	0.94511	0.054893	7.1399e-07	4.5991e-08
421	0.92899	0.071012	7.7135e-07	6.7913e-08
422	0.9158	0.084195	8.395e-07	8.9613e-08
423	0.90523	0.094773	9.1971e-07	1.1108e-07
424	0.89753	0.10247	9.8987e-07	1.3141e-07
425	0.89239	0.10761	1.051e-06	1.4995e-07
426	0.88982	0.11018	1.1034e-06	1.6589e-07
427	0.88911	0.11089	1.1694e-06	1.7986e-07
428	0.8906	0.1094	1.2278e-06	1.9074e-07
429	0.89398	0.10602	1.3014e-06	1.9877e-07
430	0.88825	0.11174	1.3377e-06	2.2265e-07
431	0.8845	0.1155	1.388e-06	2.4386e-07
432	0.88266	0.11734	1.4542e-06	2.6238e-07
433	0.88265	0.11735	1.5368e-06	2.7808e-07
434	0.8849	0.1151	1.6118e-06	2.8947e-07
435	0.8895	0.1105	1.6799e-06	2.9598e-07
436	0.8962	0.1038	1.7677e-06	2.9747e-07
437	0.8934	0.1066	1.8183e-06	3.2169e-07
438	0.89302	0.10698	1.861e-06	3.4093e-07
439	0.88142	0.11858	1.7642e-06	3.4562e-07
440	0.87293	0.12707	1.6627e-06	3.4255e-07
441	0.86721	0.13279	1.5551e-06	3.3268e-07
442	0.86425	0.13575	1.4392e-06	3.1651e-07
443	0.86327	0.13673	1.3439e-06	2.9697e-07
444	0.8642	0.1358	1.2657e-06	2.7484e-07
445	0.86776	0.13224	1.178e-06	2.4899e-07
446	0.87343	0.12657	1.1065e-06	2.216e-07
447	0.88214	0.11786	1.0247e-06	1.9166e-07
448	0.88008	0.11992	9.3999e-07	1.7835e-07
449	0.88029	0.11971	8.468e-07	1.6208e-07
450	0.88234	0.11766	7.6713e-07	1.4473e-07
451	0.88628	0.11372	6.9917e-07	1.2671e-07
452	0.8922	0.1078	6.4145e-07	1.0828e-07
453	0.90032	0.099677	5.9341e-07	8.9519e-08
454	0.91079	0.089207	5.5339e-07	7.0514e-08
455	0.92387	0.076131	5.2063e-07	5.1223e-08
456	0.94112	0.058878	4.789e-07	3.1561e-08
457	0.9462	0.053802	5.2552e-07	3.3016e-08
458	0.94409	0.05591	5.7499e-07	3.8478e-08
459	0.94349	0.056513	6.3324e-07	4.3189e-08
460	0.93439	0.065604	6.9902e-07	5.4617e-08
461	0.92783	0.072167	7.5574e-07	6.5292e-08
462	0.92373	0.07627	8.0351e-07	7.4596e-08
463	0.92136	0.078635	8.6187e-07	8.2723e-08
464	0.92099	0.079008	9.1234e-07	8.905e-08
465	0.92227	0.077724	9.7452e-07	9.3624e-08
466	0.92578	0.074219	1.0285e-06	9.5516e-08
467	0.93109	0.068905	1.0957e-06	9.4692e-08
468	0.93902	0.060981	1.1555e-06	9.0143e-08
469	0.94996	0.050042	1.2085e-06	8.1365e-08
470	0.96343	0.036567	1.2764e-06	6.7606e-08
471	0.98057	0.019428	1.3394e-06	4.8312e-08
472	0.98061	0.019393	1.3152e-06	4.8005e-08
473	0.9817	0.018298	1.3018e-06	4.5873e-08
474	0.98391	0.01609	1.2998e-06	4.1818e-08
475	0.98254	0.017454	1.2721e-06	4.508e-08
476	0.9598	0.040203	1.2628e-06	9.942e-08
477	0.94092	0.059077	1.2707e-06	1.4751e-07
478	0.92608	0.073914	1.2722e-06	1.9174e-07
479	0.91403	0.085971	1.2884e-06	2.3146e-07
480	0.90445	0.09555	1.3191e-06	2.6762e-07
481	0.8736	0.1264	1.3169e-06	3.5708e-07
482	0.84789	0.15211	1.3345e-06	4.4094e-07
483	0.82662	0.17337	1.3715e-06	5.2095e-07
484	0.80912	0.19088	1.4268e-06	5.9875e-07
485	0.79616	0.20383	1.4729e-06	6.7172e-07
486	0.78604	0.21396	1.5376e-06	7.4245e-07
487	0.77914	0.22085	1.5945e-06	8.081e-07
488	0.77548	0.22452	1.6446e-06	8.6696e-07
489	0.77408	0.22591	1.7152e-06	9.2249e-07
490	0.7566	0.2434	1.6472e-06	9.3344e-07
491	0.74249	0.25751	1.6002e-06	9.3588e-07
492	0.73149	0.26851	1.5727e-06	9.314e-07
493	0.69383	0.30617	1.4679e-06	9.8276e-07
494	0.6644	0.33559	1.3706e-06	1.0152e-06
495	0.64172	0.35828	1.2788e-06	1.0308e-06
496	0.57045	0.42955	1.1031e-06	1.1424e-06
497	0.51385	0.48615	9.5031e-07	1.2205e-06
498	0.46571	0.53429	8.3259e-07	1.2741e-06
499	0.42673	0.57326	7.2797e-07	1.3056e-06
500	0.39533	0.60467	6.3428e-07	1.3173e-06
501	0.36902	0.63098	5.6256e-07	1.3174e-06
502	0.34812	0.65188	4.9699e-07	1.3029e-06
503	0.33078	0.66922	4.4622e-07	1.2824e-06
504	0.31744	0.68256	3.9858e-07	1.2508e-06
505	0.30687	0.69313	3.6207e-07	1.2169e-06
506	0.2988	0.7012	3.3461e-07	1.182e-06
507	0.265	0.735	2.8079e-07	1.1825e-06
508	0.23643	0.76357	2.3987e-07	1.1767e-06
509	0.21337	0.78663	2.0323e-07	1.16e-06
510	0.19387	0.80613	1.7508e-07	1.1404e-06
511	0.17743	0.82257	1.536e-07	1.1195e-06
512	0.16373	0.83627	1.3765e-07	1.0983e-06
513	0.15337	0.84663	1.2292e-07	1.0693e-06
514	0.14492	0.85508	1.12e-07	1.0412e-06
515	0.13816	0.86184	1.0422e-07	1.0143e-06
516	0.13369	0.86631	9.6687e-08	9.8074e-07
517	0.13063	0.86937	9.1747e-08	9.4915e-07
518	0.12929	0.8707	8.6655e-08	9.1184e-07
519	0.12986	0.87014	8.1281e-08	8.6856e-07
520	0.13167	0.86833	7.7744e-08	8.2746e-07
521	0.13523	0.86477	7.3535e-08	7.8119e-07
522	0.14017	0.85983	7.082e-08	7.3726e-07
523	0.14663	0.85337	6.9463e-08	6.9551e-07
524	0.15476	0.84524	6.9392e-08	6.5575e-07
525	0.16485	0.83514	7.0727e-08	6.1794e-07
526	0.1621	0.8379	4.9889e-08	3.7217e-07
527	0.14432	0.85568	4.2301e-08	3.6555e-07
528	0.12935	0.87065	3.6553e-08	3.5828e-07
529	0.11669	0.88331	3.2177e-08	3.5047e-07
530	0.10604	0.89396	2.8908e-08	3.4228e-07
531	0.097673	0.90233	2.5518e-08	3.2942e-07
532	0.09083	0.90917	2.3048e-08	3.1647e-07
533	0.085714	0.91429	2.0417e-08	2.9894e-07
534	0.081705	0.9183	1.8445e-08	2.8127e-07
535	0.079281	0.92072	1.625e-08	2.5895e-07
536	0.077769	0.92223	1.4533e-08	2.3657e-07
537	0.077131	0.92287	1.3188e-08	2.1407e-07
538	0.077351	0.92265	1.2135e-08	1.9141e-07
539	0.078435	0.92157	1.1308e-08	1.685e-07
540	0.080455	0.91954	1.0683e-08	1.4538e-07
541	0.083468	0.91653	1.0211e-08	1.2196e-07
542	0.088139	0.91186	9.1755e-09	9.4509e-08
543	0.094462	0.90554	7.4102e-09	6.3305e-08
544	0.091352	0.90865	8.5828e-09	8.4693e-08
545	0.089319	0.91068	9.8433e-09	1.0531e-07
546	0.088309	0.91169	1.1277e-08	1.2521e-07
547	0.088294	0.91171	1.2974e-08	1.4445e-07
548	0.089807	0.91019	1.4297e-08	1.5951e-07
549	0.092924	0.90708	1.5287e-08	1.7036e-07
550	0.097191	0.90281	1.6703e-08	1.8043e-07
551	0.10272	0.89728	1.8636e-08	1.8973e-07
552	0.1104	0.8896	2.0285e-08	1.9469e-07
553	0.10737	0.89263	2.0098e-08	2.0135e-07
554	0.10553	0.89447	2.0346e-08	2.0742e-07
555	0.10482	0.89518	2.1045e-08	2.1292e-07
556	0.10523	0.89477	2.2236e-08	2.1787e-07
557	0.10676	0.89324	2.3989e-08	2.2223e-07
558	0.10946	0.89054	2.6407e-08	2.2597e-07
559	0.11334	0.88666	2.9577e-08	2.2888e-07
560	0.11925	0.88075	3.25e-08	2.2728e-07
561	0.1272	0.8728	3.5147e-08	2.2134e-07
562	0.12406	0.87594	3.33e-08	2.1257e-07
563	0.12216	0.87784	3.2229e-08	2.0301e-07
564	0.1221	0.8779	3.0711e-08	1.8911e-07
565	0.12328	0.87672	2.9912e-08	1.746e-07
566	0.12613	0.87387	2.8578e-08	1.5602e-07
567	0.13032	0.86968	2.7854e-08	1.3686e-07
568	0.12365	0.87635	3.349e-08	2.0009e-07
569	0.11916	0.88084	3.7746e-08	2.5894e-07
570	0.11662	0.88338	4.1011e-08	3.1309e-07
571	0.1159	0.8841	4.3566e-08	3.6233e-07
572	0.11632	0.88368	4.7152e-08	4.1305e-07
573	0.11833	0.88167	5.03e-08	4.5879e-07
574	0.1216	0.8784	5.4885e-08	5.0615e-07
575	0.12665	0.87335	5.9272e-08	5.4822e-07
576	0.13315	0.86685	6.5428e-08	5.9149e-07
577	0.14216	0.85784	7.1687e-08	6.2878e-07
578	0.15318	0.84682	8.0457e-08	6.6711e-07
579	0.1665	0.8335	9.2382e-08	7.0621e-07
580	0.18372	0.81628	1.0524e-07	7.3822e-07
581	0.20422	0.79578	1.226e-07	7.6997e-07
582	0.22839	0.77161	1.4552e-07	8.0047e-07
583	0.25701	0.74299	1.7593e-07	8.2866e-07
584	0.2932	0.7068	2.1025e-07	8.4609e-07
585	0.33565	0.66435	2.5532e-07	8.5804e-07
586	0.38543	0.61457	3.1442e-07	8.6188e-07
587	0.44379	0.55621	3.9183e-07	8.5406e-07
588	0.51712	0.48288	4.8141e-07	8.2589e-07
589	0.51865	0.48135	4.7576e-07	8.0591e-07
590	0.52252	0.47748	4.7694e-07	7.8503e-07
591	0.52885	0.47115	4.8508e-07	7.6298e-07
592	0.53778	0.46222	5.0064e-07	7.3923e-07
593	0.55041	0.44959	5.1448e-07	7.0987e-07
594	0.56778	0.43222	5.2651e-07	6.7434e-07
595	0.58896	0.41104	5.474e-07	6.3587e-07
596	0.6145	0.3855	5.7835e-07	5.9322e-07
597	0.64521	0.35479	6.2177e-07	5.4446e-07
598	0.68352	0.31648	6.6573e-07	4.8747e-07
599	0.73101	0.26899	7.0999e-07	4.223e-07
600	0.7456	0.2544	7.2419e-07	3.9858e-07
601	0.74482	0.25518	7.2932e-07	3.9523e-07
602	0.74715	0.25285	7.2994e-07	3.877e-07
603	0.75177	0.24823	7.3916e-07	3.7794e-07
604	0.74296	0.25703	7.1646e-07	3.8296e-07
605	0.73767	0.26233	6.8976e-07	3.8319e-07
606	0.73478	0.26522	6.7236e-07	3.8108e-07
607	0.73474	0.26526	6.5075e-07	3.7517e-07
608	0.73694	0.26306	6.3715e-07	3.675e-07
609	0.74151	0.25849	6.3176e-07	3.5807e-07
610	0.74859	0.25141	6.3459e-07	3.4672e-07
611	0.74257	0.25743	6.1339e-07	3.4901e-07
612	0.73891	0.26109	6.0003e-07	3.4923e-07
613	0.73752	0.26248	5.94e-07	3.4767e-07
614	0.73836	0.26164	5.9511e-07	3.4445e-07
615	0.74145	0.25855	6.0341e-07	3.3948e-07
616	0.74687	0.25312	6.1925e-07	3.3251e-07
617	0.75485	0.24515	6.4378e-07	3.2303e-07
618	0.76665	0.23335	6.6454e-07	3.089e-07
619	0.76435	0.23565	6.7886e-07	3.1085e-07
620	0.76481	0.23519	6.8863e-07	3.0943e-07
621	0.76805	0.23195	6.9394e-07	3.0457e-07
622	0.75697	0.24303	6.9218e-07	3.1528e-07
623	0.74868	0.25132	6.9932e-07	3.2369e-07
624	0.74352	0.25648	7.0207e-07	3.2852e-07
625	0.74128	0.25872	7.0055e-07	3.2971e-07
626	0.74126	0.25874	7.0711e-07	3.2885e-07
627	0.74348	0.25652	7.2192e-07	3.2585e-07
628	0.74893	0.25107	7.3232e-07	3.1866e-07
629	0.75693	0.24307	7.5221e-07	3.0869e-07
630	0.76836	0.23164	7.684e-07	2.9434e-07
631	0.78369	0.21631	7.8097e-07	2.7552e-07
632	0.80253	0.19747	8.0404e-07	2.5258e-07
633	0.82548	0.17451	8.3965e-07	2.2412e-07
634	0.85318	0.14682	8.8982e-07	1.8833e-07
635	0.88776	0.11223	9.3926e-07	1.4474e-07
636	0.93066	0.069341	9.8823e-07	9.2963e-08
637	0.94572	0.054278	9.8384e-07	7.5915e-08
638	0.94946	0.050542	9.7928e-07	7.1361e-08
639	0.95486	0.045135	9.8455e-07	6.4723e-08
640	0.95397	0.04603	1.1718e-06	8.8821e-08
641	0.95444	0.045562	1.3854e-06	1.13e-07
642	0.95631	0.043686	1.6319e-06	1.3621e-07
643	0.95961	0.040388	1.9152e-06	1.5708e-07
644	0.95688	0.043122	1.9743e-06	1.6506e-07
645	0.95595	0.044051	2.0238e-06	1.6943e-07
646	0.95678	0.043222	2.0643e-06	1.6993e-07
647	0.95897	0.041028	2.122e-06	1.6637e-07
648	0.95533	0.044667	2.134e-06	1.8199e-07
649	0.94115	0.058845	2.1333e-06	2.3067e-07
650	0.93023	0.069764	2.1274e-06	2.7291e-07
651	0.92161	0.078391	2.1415e-06	3.0829e-07
652	0.91511	0.084883	2.1764e-06	3.3769e-07
653	0.91096	0.089042	2.2043e-06	3.6192e-07
654	0.90856	0.091437	2.2516e-06	3.8107e-07
655	0.90792	0.092079	2.3202e-06	3.9509e-07
656	0.90935	0.090644	2.3816e-06	4.0351e-07
657	0.91251	0.087482	2.4646e-06	4.0609e-07
658	0.91815	0.081848	2.5407e-06	4.0122e-07
659	0.92584	0.074158	2.6423e-06	3.8818e-07
660	0.93572	0.064277	2.7717e-06	3.6525e-07
661	0.93651	0.063486	2.725e-06	3.394e-07
662	0.93917	0.060823	2.6704e-06	3.0794e-07
663	0.94382	0.056179	2.6073e-06	2.7114e-07
664	0.95021	0.049785	2.5674e-06	2.2835e-07
665	0.95924	0.040755	2.5186e-06	1.7936e-07
666	0.97107	0.02893	2.4606e-06	1.2529e-07
667	0.98548	0.014517	2.4278e-06	6.3843e-08
668	0.99034	0.0096557	2.3805e-06	4.1232e-08
669	0.99138	0.0086154	2.3423e-06	3.3751e-08
670	0.99	0.010001	2.2829e-06	3.4695e-08
671	0.98966	0.010341	2.2132e-06	3.3276e-08
672	0.99042	0.0095817	2.1314e-06	2.9574e-08
673	0.98844	0.011559	2.0588e-06	3.2674e-08
674	0.98766	0.012338	1.9748e-06	3.3242e-08
675	0.98784	0.012162	1.9084e-06	3.1453e-08
676	0.98918	0.010813	1.8304e-06	2.7664e-08
677	0.99152	0.0084822	1.7682e-06	2.194e-08
678	0.99489	0.0051104	1.7206e-06	1.4244e-08
679	0.99566	0.0043351	1.6855e-06	1.224e-08
680	0.99473	0.0052729	1.6641e-06	1.3883e-08
681	0.99471	0.0052869	1.6326e-06	1.4007e-08
682	0.99548	0.0045172	1.614e-06	1.256e-08
683	0.99453	0.0054718	1.6077e-06	1.472e-08
684	0.99437	0.005631	1.6138e-06	1.5265e-08
685	0.995	0.0049992	1.6324e-06	1.4201e-08
686	0.99386	0.0061352	1.6356e-06	1.7538e-08
687	0.9937	0.0063021	1.6291e-06	1.9274e-08
688	0.99107	0.0089249	1.4679e-06	2.1423e-08
689	0.98943	0.010573	1.3284e-06	2.1304e-08
690	0.98873	0.011271	1.2087e-06	1.949e-08
691	0.98896	0.011037	1.1064e-06	1.6411e-08
692	0.99034	0.0096601	9.9102e-07	1.239e-08
693	0.99268	0.0073203	8.9052e-07	7.779e-09
694	0.99256	0.0074391	7.6164e-07	6.3518e-09
695	0.98964	0.010356	6.4618e-07	6.6715e-09
696	0.988	0.012003	5.1831e-07	5.7235e-09
697	0.98733	0.012672	4.0578e-07	4.0406e-09
698	0.98286	0.017142	4.1103e-07	6.3645e-09
699	0.96982	0.030175	4.0312e-07	1.294e-08
700	0.9592	0.040801	3.9984e-07	1.8193e-08
701	0.95118	0.048821	3.9078e-07	2.2327e-08
702	0.92683	0.073172	3.6561e-07	3.4755e-08
703	0.90651	0.093485	3.4642e-07	4.438e-08
704	0.88973	0.11027	3.3236e-07	5.1838e-08
705	0.87605	0.12395	3.2281e-07	5.7596e-08
706	0.86522	0.13478	3.1768e-07	6.1975e-08
707	0.85688	0.14312	3.1632e-07	6.5248e-08
708	0.8508	0.1492	3.1859e-07	6.7566e-08
709	0.84691	0.15309	3.2481e-07	6.9003e-08
710	0.84553	0.15447	3.2596e-07	6.8978e-08
711	0.84618	0.15382	3.311e-07	6.8052e-08
712	0.83491	0.16509	3.2224e-07	7.1187e-08
713	0.82632	0.17368	3.1773e-07	7.3031e-08
714	0.82068	0.17932	3.0852e-07	7.3098e-08
715	0.81803	0.18197	2.9424e-07	7.1314e-08
716	0.81744	0.18256	2.8357e-07	6.861e-08
717	0.81898	0.18102	2.7654e-07	6.5079e-08
718	0.82261	0.17739	2.7268e-07	6.074e-08
719	0.829	0.171	2.6393e-07	5.498e-08
720	0.83876	0.16124	2.4976e-07	4.7865e-08
721	0.83642	0.16358	2.349e-07	4.4474e-08
722	0.83615	0.16385	2.2317e-07	4.0368e-08
723	0.83794	0.16206	2.1426e-07	3.5625e-08
724	0.82814	0.17186	2.7094e-07	5.3655e-08
725	0.8208	0.1792	3.3381e-07	7.2782e-08
726	0.81576	0.18424	4.0434e-07	9.2638e-08
727	0.81288	0.18712	4.8423e-07	1.128e-07
728	0.81261	0.18738	5.5619e-07	1.3093e-07
729	0.81442	0.18558	6.3944e-07	1.4809e-07
730	0.81834	0.18166	7.3621e-07	1.6352e-07
731	0.82507	0.17493	8.2626e-07	1.7462e-07
732	0.8343	0.1657	9.3377e-07	1.8178e-07
733	0.84629	0.15371	1.0625e-06	1.832e-07
734	0.86252	0.13748	1.1864e-06	1.7556e-07
735	0.88241	0.11759	1.3376e-06	1.5733e-07
736	0.88729	0.1127	1.4386e-06	1.5931e-07
737	0.89504	0.10496	1.5319e-06	1.5566e-07
738	0.90605	0.09395	1.6188e-06	1.4548e-07
739	0.90626	0.093733	1.7034e-06	1.5188e-07
740	0.90859	0.09141	1.7797e-06	1.5432e-07
741	0.91333	0.086665	1.8479e-06	1.5198e-07
742	0.92074	0.079256	1.9087e-06	1.4429e-07
743	0.9304	0.069597	1.9895e-06	1.3047e-07
744	0.94257	0.057429	2.0934e-06	1.0877e-07
745	0.94528	0.054722	2.1632e-06	1.0646e-07
746	0.9501	0.049902	2.2241e-06	9.9571e-08
747	0.95669	0.043303	2.3056e-06	8.7273e-08
748	0.95674	0.043257	2.8231e-06	1.2775e-07
749	0.95816	0.041835	3.4192e-06	1.6617e-07
750	0.96141	0.038587	3.9753e-06	1.9658e-07
751	0.96614	0.033856	4.6174e-06	2.1811e-07
752	0.97285	0.027146	5.2291e-06	2.2496e-07
753	0.98137	0.018626	5.942e-06	2.1311e-07
754	0.98355	0.016439	6.7725e-06	2.3493e-07
755	0.982	0.017993	7.0035e-06	2.5063e-07
756	0.9815	0.018493	7.2847e-06	2.5663e-07
757	0.98206	0.017929	7.6248e-06	2.516e-07
758	0.98368	0.016311	8.0283e-06	2.3408e-07
759	0.98671	0.013284	8.4102e-06	2.0261e-07
760	0.98645	0.013544	8.6857e-06	2.1261e-07
761	0.98714	0.012846	9.0193e-06	2.1134e-07
762	0.98884	0.011151	9.421e-06	1.9691e-07
763	0.98746	0.012525	9.8479e-06	2.2214e-07
764	0.9872	0.012791	1.0249e-05	2.3731e-07
765	0.98788	0.012114	1.0725e-05	2.3962e-07
766	0.98533	0.014659	1.0762e-05	2.5512e-07
767	0.97686	0.023132	1.1478e-05	4.1985e-07
768	0.97021	0.029778	1.2333e-05	5.7154e-07
769	0.96565	0.034332	1.3126e-05	7.1038e-07
770	0.96253	0.037452	1.406e-05	8.34e-07
771	0.95006	0.049926	1.501e-05	1.1567e-06
772	0.94053	0.059453	1.5892e-05	1.4664e-06
773	0.93309	0.066888	1.6953e-05	1.7558e-06
774	0.92762	0.072364	1.8223e-05	2.0243e-06
775	0.92448	0.075501	1.9414e-05	2.2631e-06
776	0.92298	0.076999	2.0823e-05	2.4733e-06
777	0.92308	0.076896	2.2479e-05	2.6489e-06
778	0.91371	0.086265	2.41e-05	3.1239e-06
779	0.90726	0.092711	2.5613e-05	3.5613e-06
780	0.90275	0.09722	2.7415e-05	3.9638e-06
781	0.90048	0.099489	2.9133e-05	4.3178e-06
782	0.89995	0.10001	3.1172e-05	4.6205e-06
783	0.88929	0.11067	3.2413e-05	5.3944e-06
784	0.8811	0.11886	3.3996e-05	6.1023e-06
785	0.87586	0.12409	3.5501e-05	6.7339e-06
786	0.87266	0.12729	3.7367e-05	7.295e-06
787	0.87142	0.12854	3.9637e-05	7.7814e-06
788	0.87248	0.12747	4.1844e-05	8.1696e-06
789	0.87544	0.1245	4.449e-05	8.4529e-06
790	0.88086	0.11908	4.7103e-05	8.5967e-06
791	0.88842	0.11152	5.0235e-05	8.577e-06
792	0.89829	0.10165	5.3982e-05	8.3453e-06
793	0.91073	0.089206	5.8466e-05	7.8342e-06
794	0.92605	0.073882	6.3841e-05	6.9518e-06
795	0.94474	0.055181	7.0352e-05	5.5598e-06
796	0.96883	0.031094	7.7109e-05	3.5661e-06
797	0.97662	0.023289	8.3167e-05	2.9316e-06
798	0.98643	0.013481	9.0353e-05	1.9424e-06
799	0.98941	0.010489	9.8118e-05	1.639e-06
800	0.98933	0.010567	0.00010441	1.7443e-06
801	0.99036	0.0095326	0.00011035	1.7328e-06
802	0.98856	0.011322	0.00011696	2.129e-06
803	0.98787	0.012007	0.00012322	2.4201e-06
804	0.9881	0.011764	0.00013052	2.5722e-06
805	0.98927	0.010586	0.00013899	2.5619e-06
806	0.98763	0.012221	0.00014564	3.1606e-06
807	0.98718	0.012665	0.00015193	3.6018e-06
808	0.98322	0.016623	0.00015664	5.1123e-06
809	0.98078	0.019052	0.00016114	6.3872e-06
810	0.97946	0.020368	0.00016668	7.4054e-06
811	0.95548	0.044346	0.00016337	1.4247e-05
812	0.93637	0.063447	0.00016065	2.0266e-05
813	0.92068	0.079138	0.0001594	2.5285e-05
814	0.90889	0.090918	0.0001586	2.9606e-05
815	0.89957	0.10024	0.00015895	3.3227e-05
816	0.89248	0.10733	0.00016042	3.6254e-05
817	0.88749	0.11231	0.00016305	3.8741e-05
818	0.88487	0.11493	0.00016581	4.0802e-05
819	0.88412	0.11566	0.00016971	4.2368e-05
820	0.88584	0.11394	0.00017375	4.3441e-05
821	0.88941	0.11037	0.00017897	4.3994e-05
822	0.89499	0.10479	0.00018556	4.3945e-05
823	0.90272	0.097047	0.00019375	4.3188e-05
824	0.91334	0.086413	0.00020226	4.1684e-05
825	0.92668	0.073072	0.00021275	3.9151e-05
826	0.92943	0.070306	0.00021945	3.9927e-05
827	0.93427	0.065465	0.00022626	4.0147e-05
828	0.94098	0.058743	0.00023475	3.9654e-05
829	0.93993	0.059789	0.00023696	3.9868e-05
830	0.9404	0.059318	0.00024023	3.9396e-05
831	0.9424	0.057319	0.00024466	3.8189e-05
832	0.94598	0.053737	0.0002504	3.6161e-05
833	0.94307	0.056644	0.00025247	3.7251e-05
834	0.9417	0.058008	0.00025568	3.7662e-05
835	0.93183	0.067869	0.00025501	4.1719e-05
836	0.92413	0.075566	0.00025571	4.4869e-05
837	0.91884	0.080854	0.00025683	4.7363e-05
838	0.89984	0.099856	0.00025119	5.6154e-05
839	0.8854	0.11429	0.00024671	6.3554e-05
840	0.87379	0.12589	0.00024403	6.9556e-05
841	0.86473	0.13496	0.00024298	7.4379e-05
842	0.85804	0.14164	0.00024352	7.8141e-05
843	0.85356	0.14612	0.0002456	8.0958e-05
844	0.85115	0.14851	0.00024923	8.2892e-05
845	0.85142	0.14824	0.0002533	8.402e-05
846	0.85365	0.14601	0.00025893	8.426e-05
847	0.85795	0.14171	0.00026636	8.3498e-05
848	0.86491	0.13473	0.00027435	8.1787e-05
849	0.87429	0.12534	0.00028451	7.8764e-05
850	0.88634	0.11329	0.00029723	7.4149e-05
851	0.90137	0.098253	0.00031303	6.756e-05
852	0.91979	0.079823	0.00033258	5.8483e-05
853	0.94361	0.055991	0.00035409	4.6745e-05
854	0.972	0.027585	0.00038058	3.1319e-05
855	0.97343	0.02615	0.00038707	2.9834e-05
856	0.96994	0.029636	0.00039112	3.155e-05
857	0.96813	0.031442	0.00039547	3.2548e-05
858	0.96758	0.031986	0.00040145	3.2703e-05
859	0.96861	0.030955	0.00040774	3.2106e-05
860	0.97091	0.028645	0.0004158	3.0567e-05
861	0.97455	0.024994	0.00042587	2.7967e-05
862	0.98006	0.019477	0.00043645	2.4317e-05
863	0.98716	0.012372	0.00044938	1.9277e-05
864	0.98904	0.010488	0.00045455	1.6494e-05
865	0.98805	0.011479	0.00045763	1.6381e-05
866	0.98798	0.011546	0.00046189	1.5542e-05
867	0.98883	0.010691	0.00046745	1.3926e-05
868	0.99062	0.0088924	0.00047446	1.1445e-05
869	0.99358	0.0059315	0.00048195	8.1731e-06
870	0.99414	0.0053672	0.00048651	7.4734e-06
871	0.99567	0.0038333	0.00049134	6.2033e-06
872	0.99551	0.00399	0.00049243	5.7214e-06
873	0.99609	0.0034109	0.00049437	4.6495e-06
874	0.99516	0.0043396	0.00049536	4.8796e-06
875	0.99507	0.0044314	0.00049665	4.6695e-06
876	0.99572	0.0037816	0.00049875	3.9325e-06
877	0.99481	0.0046882	0.00050015	4.3056e-06
878	0.99466	0.0048374	0.00050239	4.1788e-06
879	0.99535	0.0041379	0.00050489	3.614e-06
880	0.99446	0.0050347	0.00050575	4.2884e-06
881	0.99432	0.0051639	0.00050745	4.449e-06
882	0.99496	0.0045288	0.00051001	4.0976e-06
883	0.99638	0.0031001	0.00051352	3.1984e-06
884	0.99631	0.0031688	0.0005164	3.3724e-06
885	0.99695	0.0025315	0.00052028	3.0559e-06
886	0.99829	0.0011818	0.0005252	2.235e-06
887	0.99869	0.00078675	0.00052637	1.8381e-06
888	0.99859	0.00088214	0.00052504	1.7387e-06
889	0.99792	0.0015519	0.0005233	2.3451e-06
890	0.99788	0.0015967	0.0005223	2.4947e-06
891	0.99846	0.0010178	0.000522	2.1961e-06
892	0.99683	0.0026508	0.00051802	4.2043e-06
893	0.99594	0.0035423	0.00051505	5.5348e-06
894	0.99272	0.0067613	0.00050669	7.9208e-06
895	0.98372	0.015771	0.0004926	1.5316e-05
896	0.97657	0.02293	0.00048121	2.0883e-05
897	0.97136	0.028147	0.00047061	2.5249e-05
898	0.96787	0.031639	0.00046065	2.8554e-05
899	0.96571	0.033804	0.00045264	3.0718e-05
900	0.96485	0.034668	0.00044642	3.1846e-05
901	0.96527	0.034251	0.00044182	3.2023e-05
902	0.96721	0.032322	0.00043763	3.1481e-05
903	0.97088	0.028657	0.00043383	3.0172e-05
904	0.96086	0.038682	0.00041681	3.6946e-05
905	0.9529	0.046651	0.00040282	4.1901e-05
906	0.9472	0.052368	0.0003895	4.5596e-05
907	0.9432	0.056376	0.00037872	4.7952e-05
908	0.94109	0.058494	0.00036832	4.9372e-05
909	0.94046	0.059127	0.00035998	4.9797e-05
910	0.94135	0.058249	0.00035356	4.928e-05
911	0.94372	0.055879	0.00034885	4.7887e-05
912	0.94765	0.051958	0.00034576	4.5607e-05
913	0.94476	0.054864	0.00033071	4.3805e-05
914	0.9434	0.056242	0.00031842	4.1273e-05
915	0.9438	0.055859	0.00030584	3.8118e-05
916	0.94597	0.0537	0.00029283	3.441e-05
917	0.94971	0.049976	0.00028243	3.0116e-05
918	0.95564	0.04406	0.00027152	2.5267e-05
919	0.95489	0.044831	0.00025979	2.3647e-05
920	0.95548	0.044253	0.00025008	2.1561e-05
921	0.95787	0.041875	0.00023996	1.9028e-05
922	0.96173	0.038018	0.00023184	1.6044e-05
923	0.95986	0.039904	0.00022047	1.5318e-05
924	0.95971	0.040071	0.0002086	1.4198e-05
925	0.96126	0.038529	0.0001961	1.2746e-05
926	0.96417	0.035633	0.00018551	1.1024e-05
927	0.96898	0.030833	0.00017425	9.0596e-06
928	0.96854	0.031288	0.00016018	8.5316e-06
929	0.96931	0.030532	0.00014805	7.7788e-06
930	0.97131	0.028546	0.00013763	6.8436e-06
931	0.97459	0.02528	0.0001287	5.7504e-06
932	0.97308	0.026794	0.00012058	5.5288e-06
933	0.97277	0.027109	0.00011369	5.1186e-06
934	0.97365	0.026236	0.00010786	4.5461e-06
935	0.97571	0.024179	0.00010294	3.8288e-06
936	0.97939	0.020505	9.7715e-05	2.983e-06
937	0.97893	0.020974	9.0854e-05	2.765e-06
938	0.97955	0.020364	8.4946e-05	2.4354e-06
939	0.98156	0.018355	7.8654e-05	2.0141e-06
940	0.97981	0.020119	7.0663e-05	1.9831e-06
941	0.97914	0.020791	6.373e-05	1.846e-06
942	0.97958	0.020364	5.7755e-05	1.6299e-06
943	0.98112	0.018825	5.2611e-05	1.355e-06
944	0.98412	0.015833	4.7094e-05	1.0382e-06
945	0.98872	0.011237	4.115e-05	7.0313e-07
946	0.98948	0.010485	3.6095e-05	5.9372e-07
