#coord	neutral	conserved	gBGC.neutral	gBGC.conserved
1	0.78316	0.20713	0.0075118	0.0021894
2	0.78846	0.20214	0.0073259	0.0020727
3	0.79614	0.19473	0.0072027	0.0019336
4	0.80706	0.18408	0.007081	0.0017742
5	0.82168	0.16976	0.0069588	0.0015952
6	0.8411	0.15067	0.0068339	0.0013941
7	0.86446	0.1276	0.0067774	0.0011664
8	0.8925	0.099799	0.0067953	0.00090343
9	0.92599	0.066519	0.0068925	0.00059564
10	0.9656	0.027092	0.007073	0.00023391
11	0.98009	0.01283	0.0069675	0.00011619
12	0.98509	0.0080041	0.0068338	7.2616e-05
13	0.98655	0.0067582	0.0066317	6.1997e-05
14	0.98886	0.0046251	0.0064665	4.4561e-05
15	0.99211	0.0015308	0.0063366	1.9764e-05
16	0.99374	0.00040924	0.0058466	4.9568e-06
17	0.99382	0.00073638	0.0054427	5.7391e-06
18	0.9944	0.00050007	0.0050984	3.0773e-06
19	0.99477	0.00053976	0.0046893	2.7677e-06
20	0.99492	0.00087654	0.0041971	4.1495e-06
21	0.99424	0.0019544	0.0037939	7.8768e-06
22	0.99433	0.0023009	0.0033631	8.4602e-06
23	0.99501	0.0019937	0.0029912	6.5658e-06
24	0.99631	0.0010155	0.0026725	2.8775e-06
25	0.99688	0.00078516	0.0023367	1.8961e-06
26	0.99688	0.0010714	0.0020452	2.0521e-06
27	0.99618	0.0021154	0.0016994	3.3627e-06
28	0.99628	0.0023878	0.0013249	3.0159e-06
29	0.997	0.0019928	0.0010025	1.7617e-06
30	0.99849	0.00085617	0.00065529	3.4205e-07
31	0.99898	0.00042683	0.00059413	1.8099e-07
32	0.99821	0.0012141	0.00057082	6.4615e-07
33	0.99806	0.0013827	0.00055241	7.0166e-07
34	0.99852	0.00093696	0.00053846	3.8965e-07
35	0.9984	0.0010175	0.00058067	6.041e-07
36	0.99886	0.00050624	0.00063057	4.3154e-07
37	0.99899	0.00033779	0.00067084	5.3142e-07
38	0.999	0.00033319	0.00067004	6.2045e-07
39	0.99889	0.00048262	0.00062722	7.2464e-07
40	0.99855	0.00096293	0.00048736	7.4319e-07
41	0.99877	0.0008615	0.0003658	4.4041e-07
42	0.99847	0.0012719	0.00026038	3.7642e-07
43	0.99876	0.0010756	0.0001692	1.4592e-07
44	0.9984	0.0014449	0.00015526	2.0966e-07
45	0.99866	0.001197	0.00014362	1.6509e-07
46	0.99821	0.0016535	0.00013389	2.0631e-07
47	0.99845	0.0014317	0.00012228	1.6106e-07
48	0.99795	0.0019414	0.00010649	2.0341e-07
49	0.9981	0.0018037	9.2906e-05	1.6315e-07
50	0.99417	0.0057661	6.0987e-05	1.9993e-07
51	0.98353	0.016407	5.889e-05	6.5992e-07
52	0.97497	0.024967	5.7622e-05	9.4612e-07
53	0.96826	0.031677	5.7123e-05	1.0926e-06
54	0.96368	0.036267	5.5302e-05	1.1036e-06
55	0.94897	0.05096	7.179e-05	2.6216e-06
56	0.93787	0.062043	8.5868e-05	4.2652e-06
57	0.92905	0.070843	0.00010192	5.9888e-06
58	0.92275	0.077122	0.0001159	7.6412e-06
59	0.91893	0.080938	0.00012782	9.0997e-06
60	0.91737	0.082484	0.00013786	1.0283e-05
61	0.91749	0.082349	0.00015013	1.1231e-05
62	0.91929	0.080528	0.00016499	1.1868e-05
63	0.92318	0.076626	0.00017814	1.2029e-05
64	0.92955	0.070252	0.00018956	1.1608e-05
65	0.93871	0.061083	0.00019939	1.0529e-05
66	0.95019	0.049586	0.00021199	8.6814e-06
67	0.96501	0.034764	0.00022334	5.967e-06
68	0.96936	0.030396	0.00023533	5.1351e-06
69	0.97579	0.023962	0.00024544	3.771e-06
70	0.97678	0.022898	0.00032139	5.7642e-06
71	0.97925	0.020348	0.00039108	7.0922e-06
72	0.97784	0.021693	0.00045247	9.8701e-06
73	0.97755	0.021914	0.00052426	1.2313e-05
74	0.97855	0.020842	0.0005906	1.4116e-05
75	0.98067	0.018649	0.00066805	1.5044e-05
76	0.97879	0.020427	0.00076057	1.8902e-05
77	0.97822	0.020916	0.00084611	2.2105e-05
78	0.9787	0.020328	0.000946	2.4348e-05
79	0.97511	0.02383	0.0010309	3.1899e-05
80	0.96293	0.035889	0.0011249	5.1802e-05
81	0.95311	0.045578	0.0012375	7.1111e-05
82	0.94538	0.05316	0.0013715	8.984e-05
83	0.9399	0.058493	0.0014952	0.00010765
84	0.93612	0.062109	0.0016425	0.00012402
85	0.93427	0.063811	0.00178	0.00013821
86	0.93427	0.063673	0.001909	0.0001495
87	0.93629	0.06152	0.0020301	0.0001569
88	0.93992	0.057745	0.0021763	0.00015981
89	0.94563	0.0519	0.0023167	0.00015725
90	0.95389	0.043508	0.002452	0.00014782
91	0.9544	0.042254	0.0031123	0.00022902
92	0.94823	0.047575	0.0038269	0.00036595
93	0.94424	0.050776	0.0044732	0.00050811
94	0.93041	0.064356	0.0045952	0.00063396
95	0.91923	0.075255	0.0047695	0.00074669
96	0.91116	0.083057	0.0049316	0.00084894
97	0.90513	0.08878	0.0051463	0.00093978
98	0.90162	0.092013	0.005349	0.0010191
99	0.90045	0.092924	0.0055427	0.0010856
100	0.90093	0.092147	0.0057871	0.0011394
101	0.90353	0.089267	0.0060255	0.001179
102	0.90837	0.084168	0.0062609	0.0012026
103	0.9044	0.087839	0.0064445	0.0013172
104	0.90277	0.089197	0.0066218	0.0014152
105	0.90276	0.088884	0.0068555	0.001497
106	0.86788	0.12364	0.0065707	0.0019119
107	0.83849	0.15287	0.0063743	0.002261
108	0.81403	0.17715	0.0062588	0.0025554
109	0.79528	0.19574	0.0061657	0.0028127
110	0.77996	0.21087	0.0061353	0.0030326
111	0.76779	0.22282	0.0061669	0.0032205
112	0.75909	0.23132	0.0062074	0.0033849
113	0.75283	0.23734	0.0063027	0.0035242
114	0.74894	0.24096	0.0064572	0.0036397
115	0.74731	0.24228	0.0066751	0.0037318
116	0.74845	0.24086	0.0068988	0.0037987
117	0.7524	0.23663	0.007132	0.0038379
118	0.75866	0.23006	0.0074351	0.0038454
119	0.76813	0.2203	0.0077548	0.0038169
120	0.78119	0.20696	0.0080968	0.0037476
121	0.78009	0.20775	0.0082999	0.0038591
122	0.78112	0.20636	0.0085795	0.0039409
123	0.7843	0.20276	0.0089451	0.00399
124	0.79033	0.19635	0.0093215	0.0040025
125	0.7988	0.18743	0.009801	0.0039693
126	0.80994	0.17578	0.010404	0.0038785
127	0.82404	0.16109	0.011157	0.0037135
128	0.84243	0.14215	0.011952	0.0034685
129	0.84619	0.13789	0.012418	0.0034979
130	0.83982	0.14382	0.012617	0.0037434
131	0.83548	0.14765	0.012919	0.00395
132	0.83312	0.14943	0.013335	0.0041183
133	0.83267	0.14921	0.013876	0.0042475
134	0.83492	0.14633	0.014416	0.004331
135	0.83911	0.14144	0.015093	0.0043655
136	0.84539	0.13434	0.015936	0.0043389
137	0.85463	0.12433	0.016796	0.0042441
138	0.86638	0.11171	0.017855	0.0040588
139	0.86647	0.1106	0.018759	0.0041697
140	0.86821	0.1077	0.019862	0.0042268
141	0.87164	0.10295	0.021197	0.0042178
142	0.87684	0.09623	0.022807	0.0041244
143	0.88393	0.0874	0.024746	0.0039206
144	0.89315	0.07618	0.0271	0.0035659
145	0.90579	0.061679	0.029487	0.0030468
146	0.92287	0.042874	0.031942	0.0023184
147	0.94343	0.020311	0.034974	0.0012837
148	0.94972	0.012172	0.037175	0.00093559
149	0.95153	0.0097579	0.037998	0.00071654
150	0.95473	0.0059986	0.038841	0.00042664
151	0.95523	0.0050526	0.039367	0.00035057
152	0.95646	0.0032965	0.040024	0.00022267
153	0.95877	0.00049733	0.040686	4.5107e-05
154	0.95882	0.00027497	0.040885	1.9434e-05
155	0.9588	0.00016935	0.041021	1.0885e-05
156	0.95873	7.2391e-05	0.041194	5.8054e-06
157	0.95864	0.00026449	0.041087	1.2386e-05
158	0.95791	0.00058476	0.041464	4.1362e-05
159	0.95764	0.00037695	0.041937	4.3661e-05
160	0.95556	0.0013814	0.042871	0.00018944
161	0.95247	0.0041455	0.042945	0.00043678
162	0.95021	0.0060289	0.043144	0.00061678
163	0.9437	0.012085	0.043072	0.0011404
164	0.939	0.016372	0.043055	0.0015691
165	0.93589	0.019113	0.043087	0.0019114
166	0.92638	0.028319	0.042303	0.0029956
167	0.91871	0.035631	0.04179	0.0038643
168	0.91313	0.040886	0.041384	0.0045976
169	0.90902	0.044614	0.041196	0.0051708
170	0.89569	0.057592	0.039848	0.0068693
171	0.88545	0.067513	0.038708	0.0083318
172	0.87731	0.07527	0.037901	0.0095162
173	0.87181	0.080422	0.037256	0.010508
174	0.86868	0.083244	0.036752	0.011328
175	0.85386	0.097686	0.034819	0.013632
176	0.84253	0.10868	0.033164	0.01563
177	0.83357	0.11724	0.031922	0.017271
178	0.82676	0.12359	0.031029	0.018622
179	0.82193	0.1279	0.03044	0.019735
180	0.81901	0.13021	0.030135	0.020641
181	0.803	0.14613	0.028839	0.022032
182	0.79113	0.15792	0.027764	0.023183
183	0.78183	0.16712	0.026975	0.024082
184	0.77546	0.17339	0.026331	0.024819
185	0.77122	0.17751	0.025912	0.025363
186	0.76898	0.17958	0.025698	0.025736
187	0.75263	0.19581	0.024168	0.027389
188	0.73949	0.20879	0.023007	0.028709
189	0.72986	0.21828	0.022027	0.02983
190	0.72277	0.2252	0.021323	0.030711
191	0.71855	0.22925	0.020753	0.031443
192	0.71653	0.23107	0.020402	0.031993
193	0.71665	0.23072	0.02025	0.032381
194	0.71943	0.22772	0.020195	0.032656
195	0.725	0.22194	0.020235	0.032819
196	0.73392	0.21284	0.020383	0.032857
197	0.74556	0.20098	0.020722	0.03274
198	0.76023	0.18604	0.021271	0.032455
199	0.76081	0.18514	0.021085	0.032965
200	0.76393	0.18172	0.020998	0.033356
201	0.76912	0.17618	0.0211	0.033604
202	0.7765	0.16839	0.021394	0.033709
203	0.78627	0.15817	0.021893	0.033665
204	0.79875	0.14517	0.022627	0.03345
205	0.81418	0.12916	0.023622	0.033043
206	0.83304	0.10962	0.024935	0.0324
207	0.85754	0.084494	0.026452	0.03151
208	0.86493	0.077014	0.027008	0.031052
209	0.86398	0.078181	0.026851	0.030988
210	0.85367	0.089423	0.025785	0.031121
211	0.84565	0.098263	0.025008	0.031077
212	0.83971	0.10493	0.024486	0.030877
213	0.83569	0.10958	0.0242	0.03053
214	0.83349	0.11233	0.02414	0.030035
215	0.8337	0.11272	0.024178	0.029403
216	0.83565	0.11128	0.024457	0.028605
217	0.8394	0.10799	0.024997	0.027613
218	0.84579	0.10209	0.025685	0.02644
219	0.85422	0.094075	0.026683	0.025018
220	0.85389	0.096028	0.026369	0.023712
221	0.85513	0.096229	0.026348	0.02229
222	0.85877	0.094123	0.026388	0.020718
223	0.85303	0.10121	0.025664	0.020095
224	0.84997	0.1057	0.024976	0.019352
225	0.84864	0.1083	0.024549	0.018515
226	0.84901	0.10904	0.024376	0.017573
227	0.85161	0.10762	0.024246	0.016526
228	0.85676	0.10373	0.024159	0.015358
229	0.85329	0.10865	0.023142	0.014914
230	0.85153	0.11171	0.022371	0.014394
231	0.85148	0.11289	0.021834	0.013796
232	0.85368	0.11189	0.021307	0.013121
233	0.85759	0.10904	0.020998	0.012368
234	0.86336	0.10421	0.020915	0.011519
235	0.87109	0.097301	0.021055	0.010558
236	0.88198	0.087284	0.021251	0.0094824
237	0.89539	0.074649	0.021707	0.0082528
238	0.89804	0.072638	0.021535	0.0077874
239	0.90226	0.068977	0.021536	0.0072293
240	0.90867	0.063159	0.021578	0.0065915
241	0.91779	0.054681	0.021668	0.0058588
242	0.92907	0.043962	0.021972	0.0049942
243	0.94287	0.030645	0.022525	0.0039575
244	0.94814	0.026939	0.021697	0.0032257
245	0.95533	0.021409	0.020793	0.002463
246	0.96404	0.014163	0.020154	0.0016464
247	0.96773	0.012159	0.018748	0.0013628
248	0.968	0.013286	0.017438	0.0012764
249	0.96906	0.013434	0.016342	0.0011639
250	0.97132	0.012469	0.015177	0.0010333
251	0.97017	0.014748	0.014055	0.0010305
252	0.96991	0.015973	0.013114	0.0010004
253	0.96456	0.022118	0.012237	0.0010874
254	0.96058	0.026784	0.011503	0.0011343
255	0.95788	0.030084	0.010889	0.0011495
256	0.95641	0.032065	0.010384	0.0011378
257	0.95612	0.032806	0.0099687	0.0011038
258	0.95699	0.032324	0.0096325	0.0010494
259	0.95908	0.030574	0.0093713	0.00097426
260	0.96244	0.027507	0.0091794	0.00087725
261	0.96763	0.022628	0.00898	0.00076155
262	0.96857	0.022708	0.0080772	0.00065011
263	0.97049	0.02167	0.0073086	0.00053379
264	0.97395	0.019162	0.0064708	0.00041357
265	0.97854	0.015414	0.0057541	0.00029508
266	0.97875	0.015344	0.0056183	0.00029216
267	0.97995	0.014259	0.0055145	0.00027937
268	0.97796	0.016641	0.0051297	0.00027185
269	0.97701	0.017927	0.0048072	0.00025572
270	0.97708	0.018148	0.0045386	0.00023237
271	0.97255	0.022915	0.0042935	0.00023869
272	0.96937	0.026301	0.0040911	0.00023575
273	0.96782	0.028073	0.0038775	0.00022541
274	0.95951	0.036584	0.0036658	0.00024445
275	0.95345	0.042846	0.003449	0.00025322
276	0.94941	0.047116	0.0032245	0.00025329
277	0.94684	0.049878	0.0030368	0.000246
278	0.94602	0.050903	0.0028397	0.00023286
279	0.94662	0.050487	0.0026765	0.00021476
280	0.94895	0.048354	0.0025029	0.0001927
281	0.95273	0.044743	0.0023583	0.00016724
282	0.95806	0.039562	0.0022395	0.00013845
283	0.96507	0.03268	0.002144	0.00010607
284	0.96615	0.031736	0.0020151	9.4853e-05
285	0.9685	0.029509	0.0019087	8.0889e-05
286	0.96594	0.032217	0.0017669	7.9398e-05
287	0.96491	0.0334	0.0016165	7.4837e-05
288	0.96537	0.033105	0.001456	6.7877e-05
289	0.95998	0.038674	0.0012785	7.0809e-05
290	0.95616	0.042647	0.0011288	6.9687e-05
291	0.95377	0.045164	0.0010012	6.5837e-05
292	0.942	0.057046	0.00088248	7.1477e-05
293	0.93312	0.066043	0.00075957	7.2154e-05
294	0.92629	0.072981	0.0006557	6.9297e-05
295	0.92134	0.078033	0.00056764	6.4107e-05
296	0.91813	0.081323	0.00049277	5.7441e-05
297	0.91663	0.082887	0.00042951	4.99e-05
298	0.90505	0.094471	0.00042325	5.9139e-05
299	0.89598	0.10353	0.00042172	6.6706e-05
300	0.88912	0.11038	0.00042443	7.2968e-05
301	0.88436	0.11513	0.00043159	7.8082e-05
302	0.88197	0.11751	0.00043723	8.2103e-05
303	0.88141	0.11806	0.00044709	8.5089e-05
304	0.88332	0.11614	0.0004553	8.6798e-05
305	0.88711	0.11234	0.00046795	8.7337e-05
306	0.89362	0.10581	0.00047912	8.6379e-05
307	0.90239	0.09703	0.00049549	8.3818e-05
308	0.91365	0.085754	0.00051774	7.9246e-05
309	0.92836	0.071029	0.00053926	7.2485e-05
310	0.93149	0.06788	0.00055965	7.3034e-05
311	0.91015	0.089224	0.00054219	8.5076e-05
312	0.89378	0.10561	0.00052449	9.4314e-05
313	0.88045	0.11894	0.00051263	0.00010105
314	0.87048	0.12892	0.00050002	0.00010586
315	0.86288	0.13652	0.00049243	0.00010888
316	0.85748	0.14192	0.00048949	0.00011041
317	0.85462	0.14478	0.00048539	0.0001105
318	0.85378	0.14563	0.00048596	0.00010925
319	0.85558	0.14383	0.00048519	0.0001065
320	0.85936	0.14005	0.00048889	0.00010237
321	0.86604	0.13337	0.00049137	9.6622e-05
322	0.84001	0.1594	0.00048033	0.00010982
323	0.76654	0.23288	0.00043668	0.00015086
324	0.70438	0.29503	0.00040447	0.00018359
325	0.65398	0.34543	0.0003753	0.00021093
326	0.61326	0.38615	0.00034877	0.0002333
327	0.58135	0.41808	0.00032468	0.00025075
328	0.55459	0.44484	0.00030702	0.00026444
329	0.53231	0.46712	0.00029471	0.00027532
330	0.46238	0.53705	0.00026079	0.00031057
331	0.40545	0.59398	0.00023065	0.00034002
332	0.35916	0.64027	0.00020393	0.0003641
333	0.32252	0.67692	0.00018055	0.00038279
334	0.29139	0.70805	0.00016283	0.00039798
335	0.26632	0.73312	0.00014705	0.00040946
336	0.24681	0.75264	0.00013311	0.00041719
337	0.23061	0.76885	0.0001229	0.00042336
338	0.21799	0.78147	0.00011371	0.00042682
339	0.20878	0.79069	0.00010546	0.00042752
340	0.20166	0.79782	9.9725e-05	0.0004278
341	0.19723	0.80225	9.452e-05	0.00042576
342	0.19451	0.80497	9.1315e-05	0.00042376
343	0.19391	0.80559	8.8372e-05	0.00041988
344	0.19485	0.80465	8.7089e-05	0.00041618
345	0.19792	0.80158	8.5969e-05	0.00041072
346	0.20323	0.79628	8.4959e-05	0.00040352
347	0.21046	0.78906	8.5634e-05	0.00039662
348	0.21978	0.77974	8.8072e-05	0.00038988
349	0.23146	0.76807	9.2448e-05	0.00038308
350	0.24702	0.75251	9.7249e-05	0.00037414
351	0.2658	0.73373	0.00010446	0.00036468
352	0.26694	0.73259	0.00010508	0.00036376
353	0.27001	0.72952	0.00010763	0.00036282
354	0.27599	0.72354	0.00011037	0.00035993
355	0.28519	0.71435	0.00011333	0.00035504
356	0.29682	0.70271	0.00011845	0.0003498
357	0.31119	0.68834	0.00012605	0.00034389
358	0.32968	0.66985	0.00013425	0.0003357
359	0.35199	0.64754	0.00014581	0.00032617
360	0.37873	0.6208	0.00016149	0.00031459
361	0.41285	0.58667	0.00017895	0.00029928
362	0.4531	0.54642	0.00020192	0.00028052
363	0.50047	0.49904	0.00023183	0.000257
364	0.51534	0.48417	0.0002407	0.00025023
365	0.53381	0.46569	0.00025385	0.00024161
366	0.55747	0.44204	0.00026776	0.0002302
367	0.58804	0.41146	0.00028274	0.00021548
368	0.62458	0.37492	0.0003038	0.00019723
369	0.671	0.3285	0.00032694	0.00017456
370	0.68538	0.31412	0.0003314	0.00016797
371	0.70321	0.29629	0.00034013	0.00015965
372	0.72611	0.27339	0.00034885	0.00014909
373	0.75362	0.24588	0.00036272	0.00013599
374	0.78806	0.21144	0.00037711	0.00012006
375	0.82888	0.17062	0.000398	0.00010032
376	0.8771	0.1224	0.00042665	7.557e-05
377	0.93394	0.065556	0.00046479	4.4241e-05
378	0.95465	0.044841	0.00047658	3.3891e-05
379	0.96133	0.038164	0.00047759	3.1236e-05
380	0.96146	0.038072	0.00043928	2.7985e-05
381	0.96291	0.036655	0.0004075	2.4188e-05
382	0.96598	0.033631	0.00037232	1.9957e-05
383	0.97078	0.028874	0.00033336	1.5492e-05
384	0.97714	0.022551	0.00030015	1.0944e-05
385	0.97812	0.021615	0.00025609	9.183e-06
386	0.98025	0.019526	0.00021829	7.2913e-06
387	0.97831	0.021498	0.00018679	6.674e-06
388	0.97751	0.022325	0.00015984	5.7805e-06
389	0.97781	0.022053	0.00013652	4.7321e-06
390	0.97921	0.020675	0.00011628	3.6122e-06
391	0.98197	0.017938	9.351e-05	2.4695e-06
392	0.98598	0.013946	7.3622e-05	1.4199e-06
393	0.99161	0.0083428	5.1112e-05	5.4655e-07
394	0.9931	0.0068653	3.0913e-05	2.0767e-07
395	0.99243	0.0075409	2.9629e-05	2.2873e-07
396	0.99259	0.007386	2.8589e-05	2.1837e-07
397	0.99376	0.0062142	2.6319e-05	1.789e-07
398	0.99582	0.0041549	2.4317e-05	1.1715e-07
399	0.996	0.0039807	2.2538e-05	1.0513e-07
400	0.99446	0.0055191	2.1212e-05	1.2885e-07
401	0.99375	0.0062284	2.0028e-05	1.2793e-07
402	0.994	0.0059823	1.7688e-05	1.0494e-07
403	0.99522	0.0047681	1.4167e-05	6.6839e-08
404	0.99727	0.0027153	1.0733e-05	2.5194e-08
405	0.99772	0.0022739	6.1002e-06	8.8984e-09
406	0.99714	0.0028501	6.9288e-06	1.6839e-08
407	0.99726	0.0027348	7.5234e-06	1.8314e-08
408	0.99806	0.0019342	7.8732e-06	1.2151e-08
409	0.99791	0.0020712	1.6245e-05	4.124e-08
410	0.99651	0.0034641	2.5679e-05	1.1687e-07
411	0.99586	0.0040988	3.6114e-05	1.9849e-07
412	0.98527	0.014684	4.7599e-05	8.8006e-07
413	0.97731	0.022634	5.7105e-05	1.6932e-06
414	0.97158	0.028352	6.4809e-05	2.5372e-06
415	0.96735	0.032574	7.3647e-05	3.3803e-06
416	0.96451	0.035404	8.3823e-05	4.1993e-06
417	0.96325	0.036656	9.2329e-05	4.9217e-06
418	0.95508	0.044815	9.6974e-05	6.6789e-06
419	0.94918	0.050709	0.00010012	8.2935e-06
420	0.945	0.054887	0.00010466	9.7506e-06
421	0.92889	0.071005	9.3756e-05	1.038e-05
422	0.91572	0.084188	8.4815e-05	1.0426e-05
423	0.90515	0.094766	7.7496e-05	1.0052e-05
424	0.89746	0.10247	6.8962e-05	9.2478e-06
425	0.89233	0.1076	5.9124e-05	8.0626e-06
426	0.88977	0.11018	4.7746e-05	6.5407e-06
427	0.88907	0.11089	3.783e-05	4.946e-06
428	0.89057	0.1094	2.6403e-05	3.1846e-06
429	0.89396	0.10602	1.6156e-05	1.505e-06
430	0.88824	0.11175	1.6154e-05	1.7104e-06
431	0.88448	0.1155	1.6199e-05	1.8326e-06
432	0.88264	0.11734	1.6325e-05	1.8729e-06
433	0.88263	0.11735	1.65e-05	1.83e-06
434	0.88488	0.1151	1.5746e-05	1.6564e-06
435	0.88949	0.1105	1.4048e-05	1.3627e-06
436	0.89618	0.1038	1.241e-05	1.0117e-06
437	0.89338	0.1066	1.9153e-05	1.9555e-06
438	0.893	0.10698	2.4619e-05	2.7857e-06
439	0.88139	0.11858	3.0748e-05	4.0282e-06
440	0.87289	0.12707	3.5575e-05	5.2149e-06
441	0.86716	0.13279	3.9198e-05	6.2778e-06
442	0.8642	0.13575	4.1623e-05	7.1558e-06
443	0.86323	0.13672	4.4682e-05	7.9434e-06
444	0.86415	0.1358	4.8398e-05	8.623e-06
445	0.86771	0.13223	5.094e-05	9.0401e-06
446	0.87337	0.12657	5.4294e-05	9.2934e-06
447	0.88208	0.11785	5.6502e-05	9.2358e-06
448	0.88002	0.11991	5.8636e-05	9.8984e-06
449	0.88023	0.1197	5.9622e-05	1.0331e-05
450	0.88228	0.11765	6.1379e-05	1.0621e-05
451	0.88621	0.11372	6.3962e-05	1.0751e-05
452	0.89213	0.10779	6.7454e-05	1.0688e-05
453	0.90025	0.09967	7.2058e-05	1.0376e-05
454	0.91071	0.089201	7.7857e-05	9.7381e-06
455	0.92378	0.076125	8.5064e-05	8.6666e-06
456	0.94103	0.058873	9.1136e-05	7.0285e-06
457	0.9461	0.053798	9.3123e-05	6.655e-06
458	0.94399	0.055906	9.5332e-05	7.0518e-06
459	0.94339	0.056508	9.8794e-05	7.28e-06
460	0.93429	0.065598	0.00010314	8.4543e-06
461	0.92772	0.07216	0.00010606	9.4124e-06
462	0.92362	0.076263	0.00010751	1.0101e-05
463	0.92125	0.078627	0.00011035	1.0575e-05
464	0.92088	0.078999	0.00011184	1.0781e-05
465	0.92216	0.077716	0.00011476	1.0755e-05
466	0.92566	0.074211	0.00011623	1.0413e-05
467	0.93097	0.068898	0.00011921	9.788e-06
468	0.9389	0.060974	0.00012077	8.8006e-06
469	0.94984	0.050037	0.00012091	7.4496e-06
470	0.96331	0.036563	0.00012258	5.7095e-06
471	0.98045	0.019427	0.00012297	3.5944e-06
472	0.98047	0.019392	0.00013155	4.0686e-06
473	0.98156	0.018297	0.00014195	4.3801e-06
474	0.98375	0.016088	0.00015456	4.4777e-06
475	0.98238	0.017451	0.0001627	5.3967e-06
476	0.95964	0.040198	0.00015488	1.0465e-05
477	0.94077	0.059069	0.00014965	1.4474e-05
478	0.92593	0.073905	0.00014336	1.7771e-05
479	0.91388	0.08596	0.00013913	2.0368e-05
480	0.9043	0.095537	0.00013675	2.2425e-05
481	0.87345	0.12638	0.00013268	2.8452e-05
482	0.84774	0.15209	0.00013093	3.3572e-05
483	0.82648	0.17335	0.00013131	3.8023e-05
484	0.80898	0.19085	0.00013359	4.1993e-05
485	0.79602	0.2038	0.00013463	4.5309e-05
486	0.78589	0.21392	0.00013749	4.8233e-05
487	0.77899	0.22082	0.00013921	5.0548e-05
488	0.77532	0.22448	0.00013976	5.2165e-05
489	0.77393	0.22588	0.00014221	5.3406e-05
490	0.75644	0.24336	0.00014369	5.8042e-05
491	0.74233	0.25746	0.00014719	6.2235e-05
492	0.73132	0.26846	0.00015289	6.6063e-05
493	0.69366	0.30611	0.00014958	7.5503e-05
494	0.66424	0.33553	0.00014572	8.3575e-05
495	0.64156	0.35821	0.00014139	9.0246e-05
496	0.57031	0.42946	0.00012697	0.00010854
497	0.51372	0.48604	0.0001135	0.0001241
498	0.46558	0.53418	0.00010345	0.00013759
499	0.42662	0.57314	9.3889e-05	0.00014903
500	0.39522	0.60454	8.483e-05	0.00015845
501	0.36892	0.63084	7.8253e-05	0.00016671
502	0.34802	0.65173	7.191e-05	0.00017327
503	0.33068	0.66907	6.7359e-05	0.00017921
504	0.31735	0.68241	6.2864e-05	0.00018367
505	0.30678	0.69297	5.9861e-05	0.00018786
506	0.29871	0.70104	5.816e-05	0.00019198
507	0.26492	0.73483	5.098e-05	0.00020275
508	0.23635	0.76339	4.559e-05	0.00021297
509	0.21331	0.78643	4.0395e-05	0.00022162
510	0.19381	0.80593	3.6478e-05	0.0002301
511	0.17737	0.82236	3.3613e-05	0.00023866
512	0.16367	0.83605	3.1694e-05	0.00024753
513	0.15332	0.8464	2.9768e-05	0.00025497
514	0.14486	0.85484	2.8581e-05	0.00026284
515	0.1381	0.8616	2.8065e-05	0.00027124
516	0.13363	0.86606	2.7504e-05	0.00027825
517	0.13057	0.86911	2.7617e-05	0.00028592
518	0.12924	0.87044	2.7687e-05	0.00029228
519	0.12981	0.86987	2.7758e-05	0.00029721
520	0.13161	0.86806	2.8477e-05	0.00030272
521	0.13517	0.8645	2.9202e-05	0.00030688
522	0.14011	0.85954	3.0643e-05	0.0003116
523	0.14657	0.85308	3.2892e-05	0.00031683
524	0.15469	0.84495	3.6092e-05	0.0003225
525	0.16478	0.83485	4.0512e-05	0.00032854
526	0.16203	0.83759	4.1859e-05	0.00034001
527	0.14425	0.85536	3.6915e-05	0.00035442
528	0.12928	0.87031	3.3187e-05	0.00036931
529	0.11663	0.88295	3.0398e-05	0.00038489
530	0.10598	0.89359	2.8405e-05	0.0004014
531	0.097618	0.90194	2.6363e-05	0.00041646
532	0.090776	0.90877	2.5052e-05	0.00043269
533	0.085661	0.91387	2.3708e-05	0.00044746
534	0.081653	0.91786	2.2963e-05	0.00046344
535	0.079229	0.92027	2.2238e-05	0.00047779
536	0.077717	0.92177	2.2072e-05	0.00049345
537	0.077078	0.92239	2.2463e-05	0.00051055
538	0.077297	0.92215	2.344e-05	0.00052916
539	0.078378	0.92105	2.5067e-05	0.00054939
540	0.080396	0.91901	2.7499e-05	0.00057139
541	0.083404	0.91597	3.0903e-05	0.0005952
542	0.08807	0.91128	3.4625e-05	0.00061679
543	0.094386	0.90494	3.8719e-05	0.00063625
544	0.091277	0.90803	3.6975e-05	0.00065893
545	0.089244	0.91004	3.6209e-05	0.00068339
546	0.088233	0.91102	3.6388e-05	0.00070985
547	0.088217	0.91101	3.7534e-05	0.00073851
548	0.089726	0.90947	3.883e-05	0.00076498
549	0.092839	0.90633	4.0346e-05	0.00078923
550	0.097101	0.90204	4.3041e-05	0.00081553
551	0.10263	0.89648	4.7109e-05	0.00084392
552	0.11029	0.88879	5.17e-05	0.00086964
553	0.10727	0.89184	4.892e-05	0.00083977
554	0.10543	0.89371	4.748e-05	0.0008121
555	0.10472	0.89444	4.7272e-05	0.00078649
556	0.10513	0.89406	4.8266e-05	0.00076278
557	0.10666	0.89254	5.0504e-05	0.00074074
558	0.10936	0.88986	5.4101e-05	0.0007201
559	0.11324	0.886	5.9159e-05	0.00070049
560	0.11915	0.88011	6.4795e-05	0.00067844
561	0.1271	0.87218	7.0938e-05	0.00065414
562	0.12396	0.87534	6.7973e-05	0.00063481
563	0.12206	0.87726	6.6547e-05	0.00061656
564	0.12201	0.87733	6.5457e-05	0.00059606
565	0.12319	0.87617	6.5857e-05	0.00057675
566	0.12603	0.87335	6.6479e-05	0.00055548
567	0.13023	0.86917	6.863e-05	0.00053527
568	0.12356	0.87585	6.3411e-05	0.00051868
569	0.11908	0.88036	5.876e-05	0.00049961
570	0.11654	0.88292	5.4527e-05	0.00047817
571	0.11583	0.88367	5.0566e-05	0.00045449
572	0.11625	0.88327	4.7887e-05	0.00043213
573	0.11826	0.88129	4.5233e-05	0.00040798
574	0.12153	0.87804	4.3701e-05	0.00038533
575	0.12658	0.87301	4.2035e-05	0.00036109
576	0.13308	0.86654	4.1291e-05	0.00033827
577	0.1421	0.85755	4.0279e-05	0.00031387
578	0.15311	0.84656	4.0169e-05	0.00029097
579	0.16643	0.83326	4.0961e-05	0.00026937
580	0.18365	0.81606	4.1307e-05	0.00024644
581	0.20415	0.79559	4.2527e-05	0.00022477
582	0.22831	0.77144	4.4588e-05	0.0002041
583	0.25693	0.74284	4.7675e-05	0.00018423
584	0.29311	0.70667	5.0059e-05	0.00016335
585	0.33556	0.66425	5.3352e-05	0.00014326
586	0.38533	0.61449	5.7664e-05	0.00012374
587	0.44368	0.55615	6.3148e-05	0.00010453
588	0.51701	0.48283	6.7338e-05	8.486e-05
589	0.51854	0.48131	6.5941e-05	8.3651e-05
590	0.52241	0.47744	6.5593e-05	8.2299e-05
591	0.52874	0.47112	6.6297e-05	8.0783e-05
592	0.53767	0.46219	6.8104e-05	7.905e-05
593	0.5503	0.44956	6.9362e-05	7.6458e-05
594	0.56766	0.4322	7.0008e-05	7.2959e-05
595	0.58884	0.41101	7.1908e-05	6.9125e-05
596	0.61438	0.38548	7.5202e-05	6.4804e-05
597	0.64509	0.35477	8.0215e-05	5.9769e-05
598	0.68339	0.31647	8.4856e-05	5.3639e-05
599	0.73087	0.26899	8.9025e-05	4.6485e-05
600	0.74546	0.2544	9.0347e-05	4.398e-05
601	0.74468	0.25518	9.1098e-05	4.3829e-05
602	0.74701	0.25286	9.0812e-05	4.3086e-05
603	0.75162	0.24824	9.1775e-05	4.2086e-05
604	0.74282	0.25705	8.8209e-05	4.2665e-05
605	0.73753	0.26234	8.368e-05	4.2553e-05
606	0.73464	0.26523	8.0532e-05	4.2162e-05
607	0.7346	0.26528	7.6421e-05	4.1219e-05
608	0.7368	0.26308	7.3467e-05	4.009e-05
609	0.74138	0.25851	7.1666e-05	3.8795e-05
610	0.74846	0.25144	7.0975e-05	3.7327e-05
611	0.74242	0.25744	8.9604e-05	5.2957e-05
612	0.73873	0.26109	0.0001108	6.9865e-05
613	0.73731	0.26246	0.00013522	8.7934e-05
614	0.73812	0.26161	0.00016362	0.00010701
615	0.74118	0.25849	0.0001969	0.00012686
616	0.74657	0.25305	0.00023618	0.00014717
617	0.75449	0.24506	0.00028325	0.0001675
618	0.76625	0.23324	0.00032821	0.00018487
619	0.76394	0.23554	0.0003366	0.00018546
620	0.76439	0.23508	0.00034409	0.0001846
621	0.76763	0.23184	0.00035077	0.0001822
622	0.75655	0.24291	0.00035181	0.00018832
623	0.74826	0.25119	0.00035714	0.00019321
624	0.74309	0.25635	0.00036156	0.00019661
625	0.74084	0.25859	0.00036514	0.00019846
626	0.74082	0.2586	0.00037275	0.00019915
627	0.74303	0.25638	0.00038464	0.00019857
628	0.74847	0.25094	0.00039581	0.00019598
629	0.75646	0.24294	0.00041209	0.0001916
630	0.76787	0.23152	0.00042814	0.0001849
631	0.78319	0.21619	0.00044417	0.00017568
632	0.80201	0.19736	0.00046641	0.00016344
633	0.82494	0.17442	0.00049633	0.00014713
634	0.85261	0.14673	0.0005356	0.0001254
635	0.88716	0.11217	0.00057734	9.8251e-05
636	0.93001	0.069302	0.00062228	6.4981e-05
637	0.94506	0.054249	0.00063787	5.4552e-05
638	0.94878	0.050514	0.00065084	5.2291e-05
639	0.95417	0.04511	0.00066971	4.8353e-05
640	0.95327	0.046003	0.00067617	5.022e-05
641	0.95373	0.045536	0.00068782	5.0824e-05
642	0.95559	0.04366	0.00070527	5.0055e-05
643	0.95886	0.040363	0.00072871	4.7778e-05
644	0.9561	0.043095	0.00075384	5.0976e-05
645	0.95515	0.044022	0.00077611	5.2926e-05
646	0.95596	0.043192	0.00079579	5.3517e-05
647	0.95813	0.040999	0.00082201	5.2573e-05
648	0.95447	0.044634	0.00083333	5.8363e-05
649	0.94028	0.058799	0.00084037	7.5719e-05
650	0.92936	0.069707	0.00084591	9.0947e-05
651	0.92071	0.078324	0.00085911	0.00010369
652	0.9142	0.084808	0.00088046	0.00011423
653	0.91002	0.08896	0.00089969	0.00012298
654	0.90759	0.09135	0.00092675	0.00012976
655	0.90692	0.091987	0.00096275	0.0001345
656	0.90832	0.090549	0.0009965	0.0001371
657	0.91144	0.087387	0.0010396	0.00013722
658	0.91703	0.081756	0.0010806	0.00013433
659	0.92467	0.074071	0.0011329	0.0001278
660	0.93449	0.064198	0.0011979	0.00011675
661	0.93521	0.063404	0.0012639	0.00011873
662	0.93781	0.060741	0.0013264	0.00011804
663	0.9424	0.056099	0.0013863	0.00011427
664	0.94872	0.049711	0.0014599	0.00010643
665	0.95768	0.040692	0.0015314	9.3919e-05
666	0.96944	0.028884	0.0016021	7.6334e-05
667	0.98377	0.014493	0.00169	5.1348e-05
668	0.98862	0.0096398	0.0017035	3.5307e-05
669	0.98965	0.0086014	0.0017156	3.031e-05
670	0.98827	0.0099842	0.0017165	3.2177e-05
671	0.98793	0.010324	0.0017148	3.2266e-05
672	0.98869	0.0095662	0.0017103	3.0469e-05
673	0.98672	0.01154	0.0017061	3.4987e-05
674	0.98595	0.012318	0.0016992	3.7448e-05
675	0.98612	0.012142	0.0017012	3.7608e-05
676	0.98747	0.010795	0.0017004	3.5793e-05
677	0.98979	0.0084682	0.0017082	3.1655e-05
678	0.99315	0.0051018	0.0017249	2.4951e-05
679	0.99397	0.0043283	0.0016773	2.1169e-05
680	0.99308	0.0052649	0.0016371	2.2437e-05
681	0.99311	0.005279	0.0015927	2.2058e-05
682	0.99391	0.0045107	0.0015586	1.99e-05
683	0.9931	0.0054653	0.0014202	1.8636e-05
684	0.99306	0.0056255	0.0013027	1.5933e-05
685	0.99379	0.0049952	0.0012033	1.2082e-05
686	0.99277	0.0061307	0.0010907	1.187e-05
687	0.99272	0.0062982	0.0009685	1.0557e-05
688	0.99021	0.0089196	0.00086167	1.1958e-05
689	0.98865	0.010568	0.00077012	1.1963e-05
690	0.98803	0.011266	0.00069228	1.0955e-05
691	0.98833	0.011033	0.00062616	9.2186e-06
692	0.98978	0.0096572	0.00055358	6.9827e-06
693	0.99219	0.0073187	0.00049109	4.4443e-06
694	0.99214	0.0074379	0.00041403	3.6843e-06
695	0.98929	0.010355	0.00034877	3.905e-06
696	0.98772	0.012002	0.00027767	3.4379e-06
697	0.98711	0.012672	0.00021647	2.5765e-06
698	0.98271	0.017143	0.00014362	2.0831e-06
699	0.96969	0.030175	0.00013335	4.2328e-06
700	0.95907	0.0408	0.00012521	5.7372e-06
701	0.95106	0.04882	0.00011574	6.7628e-06
702	0.92672	0.073171	0.0001027	1.0053e-05
703	0.90641	0.093484	9.2159e-05	1.2254e-05
704	0.88963	0.11027	8.3646e-05	1.3653e-05
705	0.87596	0.12395	7.6805e-05	1.4463e-05
706	0.86514	0.13478	7.1454e-05	1.4833e-05
707	0.85679	0.14312	6.7285e-05	1.4881e-05
708	0.85072	0.1492	6.4145e-05	1.4683e-05
709	0.84683	0.15309	6.1998e-05	1.4288e-05
710	0.84546	0.15447	5.875e-05	1.3584e-05
711	0.8461	0.15383	5.6403e-05	1.2738e-05
712	0.83482	0.16509	7.0003e-05	1.8914e-05
713	0.82622	0.17367	8.5482e-05	2.5678e-05
714	0.82056	0.17931	9.8837e-05	3.2372e-05
715	0.81789	0.18196	0.00011022	3.8746e-05
716	0.81729	0.18254	0.00012373	4.5252e-05
717	0.81881	0.181	0.00013994	5.1821e-05
718	0.82242	0.17736	0.00015919	5.8318e-05
719	0.8288	0.17096	0.00017681	6.3927e-05
720	0.83854	0.1612	0.00019292	6.84e-05
721	0.8362	0.16354	0.00018808	6.6995e-05
722	0.83594	0.16381	0.00018565	6.511e-05
723	0.83773	0.16202	0.00018558	6.2743e-05
724	0.82793	0.17183	0.00017856	6.3539e-05
725	0.82061	0.17916	0.00017394	6.3686e-05
726	0.81557	0.1842	0.00017151	6.3305e-05
727	0.81269	0.18708	0.00017116	6.2462e-05
728	0.81242	0.18735	0.00016968	6.0924e-05
729	0.81423	0.18554	0.00017025	5.8944e-05
730	0.81815	0.18162	0.00017291	5.6472e-05
731	0.82488	0.17489	0.00017448	5.3261e-05
732	0.83411	0.16566	0.00017843	4.9391e-05
733	0.84609	0.15368	0.00018499	4.4667e-05
734	0.86232	0.13745	0.00019062	3.8844e-05
735	0.8822	0.11757	0.00019933	3.1744e-05
736	0.88709	0.11268	0.00019944	2.9347e-05
737	0.89484	0.10494	0.00019809	2.6311e-05
738	0.90585	0.093934	0.00019523	2.2656e-05
739	0.90607	0.093719	0.00019158	2.1642e-05
740	0.9084	0.091397	0.00018644	2.0175e-05
741	0.91315	0.086653	0.00017959	1.8254e-05
742	0.92057	0.079245	0.00017093	1.5931e-05
743	0.93023	0.069588	0.0001646	1.3296e-05
744	0.94241	0.057422	0.00016048	1.0291e-05
745	0.94512	0.054716	0.00015224	9.211e-06
746	0.94995	0.049897	0.00014208	7.872e-06
747	0.95656	0.043299	0.000134	6.3482e-06
748	0.95662	0.043254	0.00012104	5.8247e-06
749	0.95805	0.041832	0.00011019	5.1321e-06
750	0.96131	0.038585	9.7362e-05	4.2788e-06
751	0.96606	0.033854	8.6308e-05	3.3628e-06
752	0.97278	0.027146	7.3363e-05	2.4159e-06
753	0.98131	0.018626	6.1977e-05	1.5106e-06
754	0.98351	0.016439	5.236e-05	1.1609e-06
755	0.98196	0.017992	4.4212e-05	1.0518e-06
756	0.98147	0.018493	3.6973e-05	8.782e-07
757	0.98204	0.01793	3.0542e-05	6.6692e-07
758	0.98366	0.016311	2.4691e-05	4.4058e-07
759	0.9867	0.013285	1.7394e-05	2.1184e-07
760	0.98644	0.013544	1.9388e-05	2.7146e-07
761	0.98713	0.012846	2.1486e-05	3.0568e-07
762	0.98882	0.011151	2.3782e-05	3.0689e-07
763	0.98745	0.012525	2.6443e-05	3.8042e-07
764	0.98718	0.012791	2.7949e-05	4.2285e-07
765	0.98786	0.012114	2.9692e-05	4.3105e-07
766	0.98531	0.014658	3.1686e-05	5.427e-07
767	0.97684	0.023132	3.169e-05	8.7949e-07
768	0.97019	0.029777	3.205e-05	1.1447e-06
769	0.96564	0.034332	3.122e-05	1.3294e-06
770	0.96252	0.037451	3.0688e-05	1.4468e-06
771	0.95004	0.049925	3.0458e-05	1.8705e-06
772	0.94052	0.059452	2.9163e-05	2.1697e-06
773	0.93308	0.066887	2.8182e-05	2.3608e-06
774	0.92761	0.072363	2.753e-05	2.4589e-06
775	0.92447	0.0755	2.5772e-05	2.4283e-06
776	0.92297	0.076999	2.4267e-05	2.3204e-06
777	0.92308	0.076896	2.2974e-05	2.1449e-06
778	0.91371	0.086266	2.1665e-05	2.1707e-06
779	0.90727	0.092712	1.9325e-05	2.0389e-06
780	0.90276	0.097221	1.7177e-05	1.8106e-06
781	0.90049	0.099491	1.4045e-05	1.4477e-06
782	0.89997	0.10002	1.1043e-05	1.0209e-06
783	0.88931	0.11067	1.434e-05	1.7474e-06
784	0.88112	0.11886	1.7784e-05	2.4951e-06
785	0.87588	0.1241	2.0122e-05	3.1472e-06
786	0.87268	0.1273	2.2697e-05	3.7571e-06
787	0.87143	0.12854	2.5585e-05	4.3098e-06
788	0.8725	0.12747	2.7453e-05	4.699e-06
789	0.87546	0.12451	2.965e-05	4.9934e-06
790	0.88088	0.11908	3.0843e-05	5.098e-06
791	0.88844	0.11153	3.2411e-05	5.0812e-06
792	0.89831	0.10165	3.4407e-05	4.9196e-06
793	0.91075	0.089208	3.6903e-05	4.5791e-06
794	0.92607	0.073884	3.9992e-05	4.0121e-06
795	0.94477	0.055183	4.3866e-05	3.1447e-06
796	0.96886	0.031095	4.67e-05	1.929e-06
797	0.97666	0.02329	4.9537e-05	1.5171e-06
798	0.98646	0.013481	5.3157e-05	9.1632e-07
799	0.98945	0.010489	5.7547e-05	7.1134e-07
800	0.98937	0.010568	5.9483e-05	7.1032e-07
801	0.99041	0.0095328	6.0007e-05	6.4134e-07
802	0.98862	0.011322	6.0992e-05	7.4333e-07
803	0.98793	0.012008	6.0655e-05	7.7827e-07
804	0.98817	0.011765	6.0981e-05	7.4486e-07
805	0.98935	0.010587	6.1978e-05	6.4084e-07
806	0.98772	0.012222	6.0578e-05	7.0683e-07
807	0.98728	0.012666	5.7757e-05	6.9634e-07
808	0.98332	0.016624	5.3185e-05	8.6969e-07
809	0.9809	0.019054	4.7187e-05	9.2555e-07
810	0.97959	0.02037	4.1954e-05	8.9377e-07
811	0.95561	0.04435	4.201e-05	2.1036e-06
812	0.9365	0.063453	4.0966e-05	3.14e-06
813	0.92081	0.079146	4.0547e-05	3.9777e-06
814	0.90903	0.090928	3.9006e-05	4.6017e-06
815	0.89971	0.10025	3.7982e-05	5.0623e-06
816	0.89262	0.10734	3.743e-05	5.3873e-06
817	0.88763	0.11232	3.7379e-05	5.5947e-06
818	0.88502	0.11494	3.6275e-05	5.6196e-06
819	0.88428	0.11568	3.5651e-05	5.5395e-06
820	0.886	0.11396	3.3908e-05	5.2762e-06
821	0.88958	0.11038	3.2563e-05	4.9253e-06
822	0.89516	0.1048	3.1635e-05	4.4902e-06
823	0.9029	0.097064	3.1104e-05	3.9674e-06
824	0.91354	0.08643	2.9498e-05	3.3155e-06
825	0.92688	0.073086	2.826e-05	2.5968e-06
826	0.92965	0.070321	2.5428e-05	2.2455e-06
827	0.9345	0.06548	2.1453e-05	1.8183e-06
828	0.94122	0.058758	1.7796e-05	1.3832e-06
829	0.94018	0.059804	1.4458e-05	1.131e-06
830	0.94065	0.059334	1.1283e-05	8.4342e-07
831	0.94266	0.057335	8.1825e-06	5.3726e-07
832	0.94624	0.053752	5.07e-06	2.2993e-07
833	0.94333	0.056659	6.3479e-06	3.2817e-07
834	0.94197	0.058024	7.4243e-06	3.9212e-07
835	0.9321	0.067889	7.5148e-06	4.7553e-07
836	0.9244	0.075588	7.4045e-06	5.0419e-07
837	0.91912	0.080878	6.4256e-06	4.4932e-07
838	0.9001	0.099886	1.0709e-05	1.3065e-06
839	0.88566	0.11432	1.3746e-05	2.2306e-06
840	0.87405	0.12593	1.6819e-05	3.2244e-06
841	0.86498	0.135	2.0023e-05	4.2586e-06
842	0.85829	0.14168	2.3502e-05	5.3113e-06
843	0.85381	0.14616	2.7359e-05	6.3611e-06
844	0.8514	0.14856	3.171e-05	7.3854e-06
845	0.85168	0.14828	3.491e-05	8.2045e-06
846	0.8539	0.14605	3.8647e-05	8.9309e-06
847	0.8582	0.14175	4.3099e-05	9.5335e-06
848	0.86517	0.13477	4.6499e-05	9.8484e-06
849	0.87456	0.12538	5.0747e-05	9.9574e-06
850	0.88661	0.11333	5.6007e-05	9.7872e-06
851	0.90164	0.098284	6.2493e-05	9.2335e-06
852	0.92007	0.079848	7.0483e-05	8.1492e-06
853	0.94391	0.056009	7.7501e-05	6.3799e-06
854	0.97232	0.027595	8.6321e-05	3.7808e-06
855	0.97374	0.026159	0.00010174	4.1879e-06
856	0.97023	0.029646	0.00011886	5.3159e-06
857	0.96841	0.031452	0.00013365	6.3432e-06
858	0.96785	0.031996	0.00015106	7.2456e-06
859	0.96886	0.030964	0.0001662	7.8993e-06
860	0.97115	0.028653	0.00018428	8.2709e-06
861	0.97478	0.025001	0.00020582	8.2452e-06
862	0.98029	0.019481	0.00022507	7.6668e-06
863	0.98737	0.012375	0.00024807	6.3898e-06
864	0.98923	0.01049	0.00027492	6.481e-06
865	0.98824	0.011481	0.00027459	6.4996e-06
866	0.98817	0.011548	0.00027668	6.1771e-06
867	0.98902	0.010693	0.00028126	5.4976e-06
868	0.99081	0.0088944	0.00028843	4.4169e-06
869	0.99377	0.0059328	0.00029376	2.9586e-06
870	0.99433	0.0053684	0.00029543	2.6491e-06
871	0.99587	0.0038342	0.00029498	2.0621e-06
872	0.99571	0.003991	0.00029715	2.1358e-06
873	0.99628	0.0034117	0.00030198	1.931e-06
874	0.99535	0.0043405	0.00030878	2.3724e-06
875	0.99525	0.0044323	0.00031354	2.57e-06
876	0.99589	0.0037823	0.00032097	2.4724e-06
877	0.99501	0.0046893	0.0003024	2.4816e-06
878	0.99487	0.0048386	0.00028717	2.2039e-06
879	0.99559	0.004139	0.00026955	1.7118e-06
880	0.99472	0.0050362	0.00024605	1.8351e-06
881	0.99461	0.0051656	0.0002261	1.7142e-06
882	0.99526	0.0045303	0.00020925	1.4024e-06
883	0.9967	0.0031013	0.0001953	9.2777e-07
884	0.99665	0.00317	0.0001833	8.5988e-07
885	0.99729	0.0025325	0.00017362	6.4709e-07
886	0.99865	0.0011823	0.0001659	3.0642e-07
887	0.99905	0.00078716	0.0001599	2.0077e-07
888	0.99896	0.00088268	0.00015616	2.0463e-07
889	0.99829	0.0015529	0.00015386	3.1986e-07
890	0.99825	0.001598	0.00015305	3.2392e-07
891	0.99883	0.001019	0.00015372	2.1884e-07
892	0.99718	0.0026541	0.00016791	6.047e-07
893	0.99627	0.003547	0.00018459	8.8938e-07
894	0.99302	0.0067706	0.00020509	1.7649e-06
895	0.98398	0.015793	0.00021998	4.5129e-06
896	0.97679	0.022961	0.0002382	7.0527e-06
897	0.97155	0.028186	0.00025396	9.4317e-06
898	0.96804	0.031683	0.00026747	1.1555e-05
899	0.96585	0.033854	0.00028421	1.3351e-05
900	0.96496	0.03472	0.00030481	1.478e-05
901	0.96535	0.034306	0.00032978	1.5774e-05
902	0.96725	0.032378	0.00035228	1.6223e-05
903	0.9709	0.028714	0.00037227	1.5978e-05
904	0.9608	0.038758	0.00041513	2.4927e-05
905	0.95276	0.04674	0.00046547	3.4045e-05
906	0.94698	0.052467	0.00051086	4.309e-05
907	0.9429	0.05648	0.00056509	5.1877e-05
908	0.94072	0.058602	0.00061469	6.004e-05
909	0.94002	0.059237	0.00067361	6.7539e-05
910	0.94082	0.05836	0.00074397	7.4096e-05
911	0.9431	0.055991	0.00082703	7.9343e-05
912	0.94692	0.05207	0.00092504	8.269e-05
913	0.94389	0.054978	0.0010371	9.4761e-05
914	0.94237	0.056357	0.0011694	0.00010587
915	0.94262	0.055974	0.0012931	0.00011503
916	0.94465	0.053816	0.0014094	0.00012159
917	0.94823	0.050094	0.0015484	0.00012493
918	0.95401	0.044183	0.00168	0.00012366
919	0.9532	0.044969	0.0017116	0.00012157
920	0.95373	0.044404	0.0017545	0.00011597
921	0.95606	0.04204	0.0017953	0.00010684
922	0.95986	0.038199	0.0018492	9.3016e-05
923	0.95792	0.040108	0.0018817	9.3982e-05
924	0.9577	0.040296	0.0019115	9.2013e-05
925	0.9592	0.038774	0.001939	8.6928e-05
926	0.96205	0.035898	0.0019779	7.8027e-05
927	0.9668	0.031121	0.002015	6.5296e-05
928	0.96606	0.031598	0.0022578	7.877e-05
929	0.96651	0.030862	0.0025413	8.9663e-05
930	0.96814	0.028895	0.0028723	9.6686e-05
931	0.97099	0.02565	0.0032594	9.7983e-05
932	0.96896	0.027207	0.0037151	0.00011549
933	0.96806	0.027559	0.0042491	0.00012909
934	0.96827	0.026721	0.0048754	0.00013663
935	0.96956	0.0247	0.0056052	0.00013522
936	0.97252	0.021069	0.0062903	0.00012109
937	0.96839	0.021516	0.0098573	0.00023527
938	0.96481	0.020873	0.013973	0.00034827
939	0.96293	0.018847	0.017788	0.00043512
940	0.95791	0.02062	0.020864	0.00060903
941	0.95352	0.021277	0.024429	0.00077582
942	0.94965	0.020826	0.0286	0.0009233
943	0.94621	0.019273	0.033484	0.0010349
944	0.94455	0.016324	0.038046	0.0010828
945	0.94476	0.011852	0.042338	0.0010461
946	0.94024	0.011141	0.047428	0.0011924
947	0.93585	0.0095156	0.053357	0.0012811
948	0.93149	0.0069604	0.060267	0.0012866
949	0.92452	0.010442	0.063237	0.0017995
950	0.90971	0.021008	0.066039	0.0032401
951	0.89648	0.029331	0.069643	0.0045443
952	0.88448	0.035664	0.074122	0.0057374
953	0.87338	0.040256	0.079523	0.0068409
954	0.85003	0.056019	0.084281	0.0096753
955	0.82885	0.0685	0.090227	0.012422
956	0.80932	0.078084	0.097483	0.015109
957	0.77058	0.10827	0.099035	0.022112
958	0.73926	0.13156	0.10023	0.028947
959	0.71171	0.14998	0.10284	0.035461
960	0.68727	0.16401	0.10698	0.041746
961	0.66523	0.17415	0.11272	0.047901
962	0.6475	0.18066	0.118	0.053842
963	0.63348	0.18408	0.12295	0.059483
964	0.623	0.18462	0.12769	0.064692
