#coord	neutral	conserved	gBGC.neutral	gBGC.conserved
1	0.79073	0.20914	0.00010409	2.8389e-05
2	0.79584	0.20403	0.0001041	2.7532e-05
3	0.80338	0.19649	0.00010449	2.6338e-05
4	0.81418	0.18569	0.00010525	2.4753e-05
5	0.82868	0.17119	0.00010643	2.2734e-05
6	0.84798	0.15189	0.00010813	2.0165e-05
7	0.87127	0.1286	0.00011038	1.7079e-05
8	0.89932	0.10055	0.0001133	1.3372e-05
9	0.93287	0.067006	0.00011698	8.9381e-06
10	0.97259	0.027284	0.00012152	3.6805e-06
11	0.98696	0.012918	0.00012278	1.7507e-06
12	0.99182	0.0080572	0.00012271	1.112e-06
13	0.99308	0.0068016	0.00012222	9.4157e-07
14	0.99522	0.0046538	0.00012187	6.5432e-07
15	0.99834	0.00154	0.00012169	2.4039e-07
16	0.99947	0.00041135	0.00012128	9.4083e-08
17	0.99914	0.00074004	0.00011926	1.1965e-07
18	0.99938	0.0005024	0.0001174	7.3586e-08
19	0.99934	0.00054212	0.00011558	7.0558e-08
20	0.99901	0.00088005	0.00011367	1.0713e-07
21	0.99793	0.0019616	0.00011175	2.2649e-07
22	0.99758	0.0023084	0.00010989	2.6275e-07
23	0.99789	0.0019994	0.00010816	2.2395e-07
24	0.99888	0.0010181	0.00010659	1.1148e-07
25	0.99911	0.00078687	0.00010493	8.3836e-08
26	0.99882	0.0010735	0.00010321	1.1121e-07
27	0.99778	0.0021188	0.00010142	2.1433e-07
28	0.99751	0.0023907	9.9664e-05	2.3894e-07
29	0.99791	0.0019946	9.8049e-05	1.9472e-07
30	0.99905	0.00085665	9.6467e-05	8.2188e-08
31	0.99948	0.00042705	9.4772e-05	4.1505e-08
32	0.99869	0.0012147	9.303e-05	1.1656e-07
33	0.99853	0.0013833	9.1417e-05	1.3038e-07
34	0.99897	0.00093736	8.9927e-05	8.6507e-08
35	0.99889	0.001018	8.8354e-05	9.2986e-08
36	0.99941	0.0005065	8.6898e-05	4.6161e-08
37	0.99958	0.00033798	8.5476e-05	3.052e-08
38	0.99958	0.00033339	8.4096e-05	2.9742e-08
39	0.99943	0.00048287	8.276e-05	4.2386e-08
40	0.99896	0.00096324	8.1452e-05	8.2602e-08
41	0.99906	0.00086166	8.0244e-05	7.3394e-08
42	0.99865	0.001272	7.9059e-05	1.0529e-07
43	0.99885	0.0010756	7.7973e-05	8.7266e-08
44	0.99848	0.0014449	7.681e-05	1.1609e-07
45	0.99873	0.001197	7.5745e-05	9.5581e-08
46	0.99827	0.0016535	7.4748e-05	1.2522e-07
47	0.99849	0.0014317	7.3778e-05	1.0501e-07
48	0.99799	0.0019413	7.2726e-05	1.3951e-07
49	0.99812	0.0018035	7.1767e-05	1.251e-07
50	0.99416	0.0057653	7.0574e-05	3.8448e-07
51	0.98353	0.016404	6.892e-05	1.0811e-06
52	0.97497	0.024964	6.7473e-05	1.6104e-06
53	0.96826	0.031672	6.6209e-05	1.9967e-06
54	0.96367	0.036261	6.5061e-05	2.2437e-06
55	0.94898	0.050953	6.3267e-05	3.113e-06
56	0.9379	0.062035	6.1686e-05	3.7445e-06
57	0.9291	0.070835	6.0314e-05	4.2051e-06
58	0.92282	0.077114	5.9081e-05	4.5052e-06
59	0.91901	0.08093	5.7977e-05	4.6531e-06
60	0.91746	0.082476	5.6986e-05	4.6651e-06
61	0.9176	0.082341	5.6142e-05	4.5686e-06
62	0.91942	0.080521	5.5442e-05	4.3679e-06
63	0.92332	0.076618	5.4832e-05	4.0562e-06
64	0.9297	0.070244	5.4325e-05	3.6191e-06
65	0.93887	0.061073	5.3929e-05	3.0472e-06
66	0.95037	0.049574	5.369e-05	2.3554e-06
67	0.9652	0.03475	5.3578e-05	1.5159e-06
68	0.96957	0.03038	5.2866e-05	1.249e-06
69	0.976	0.023944	5.222e-05	8.9147e-07
70	0.97707	0.02288	5.1283e-05	7.9915e-07
71	0.97962	0.02033	5.0385e-05	6.4275e-07
72	0.97828	0.021673	5.0298e-05	7.5982e-07
73	0.97806	0.021892	5.0285e-05	8.1945e-07
74	0.97913	0.02082	5.032e-05	8.2104e-07
75	0.98132	0.018624	5.0425e-05	7.6781e-07
76	0.97955	0.0204	5.0367e-05	8.9389e-07
77	0.97906	0.020886	5.0361e-05	9.5734e-07
78	0.97965	0.020296	5.0428e-05	9.6374e-07
79	0.97616	0.023792	5.02e-05	1.2021e-06
80	0.96411	0.035835	4.9484e-05	1.9461e-06
81	0.95443	0.045514	4.8931e-05	2.5425e-06
82	0.94686	0.053091	4.8522e-05	3.0106e-06
83	0.94153	0.058421	4.8223e-05	3.3589e-06
84	0.93791	0.062035	4.8043e-05	3.6049e-06
85	0.93621	0.063738	4.7952e-05	3.7506e-06
86	0.93635	0.063598	4.7947e-05	3.8008e-06
87	0.93851	0.06144	4.8034e-05	3.748e-06
88	0.94229	0.057658	4.8228e-05	3.6036e-06
89	0.94815	0.051801	4.8514e-05	3.3566e-06
90	0.95656	0.04339	4.8912e-05	2.9867e-06
91	0.95776	0.04219	4.8909e-05	3.007e-06
92	0.95236	0.047584	4.8482e-05	3.4651e-06
93	0.94907	0.050873	4.8176e-05	3.7916e-06
94	0.93545	0.064501	4.7113e-05	4.8911e-06
95	0.9245	0.075451	4.6271e-05	5.7856e-06
96	0.91665	0.083302	4.5623e-05	6.4748e-06
97	0.91087	0.089076	4.5143e-05	7.0118e-06
98	0.9076	0.092352	4.481e-05	7.3908e-06
99	0.90665	0.093296	4.4608e-05	7.6272e-06
100	0.9074	0.092547	4.4532e-05	7.7525e-06
101	0.91027	0.089681	4.4566e-05	7.7588e-06
102	0.91537	0.08458	4.4709e-05	7.6451e-06
103	0.91164	0.08831	4.4312e-05	8.1121e-06
104	0.91023	0.089715	4.4058e-05	8.4255e-06
105	0.9105	0.089444	4.3935e-05	8.6216e-06
106	0.8755	0.12444	4.1352e-05	1.0907e-05
107	0.84606	0.15389	3.9191e-05	1.2789e-05
108	0.82157	0.17837	3.74e-05	1.4318e-05
109	0.80281	0.19714	3.5944e-05	1.5501e-05
110	0.78753	0.21242	3.4741e-05	1.6445e-05
111	0.77544	0.22451	3.3768e-05	1.7178e-05
112	0.76682	0.23313	3.2982e-05	1.7713e-05
113	0.76069	0.23926	3.2368e-05	1.8092e-05
114	0.75697	0.24298	3.1916e-05	1.8325e-05
115	0.75556	0.24439	3.1614e-05	1.8422e-05
116	0.75693	0.24302	3.1444e-05	1.838e-05
117	0.76113	0.23882	3.1402e-05	1.8199e-05
118	0.7677	0.23225	3.1499e-05	1.7894e-05
119	0.77749	0.22246	3.1735e-05	1.7441e-05
120	0.79092	0.20903	3.2121e-05	1.6828e-05
121	0.79005	0.20991	3.1456e-05	1.628e-05
122	0.79137	0.20858	3.0943e-05	1.5622e-05
123	0.79492	0.20503	3.0581e-05	1.4854e-05
124	0.80133	0.19862	3.0332e-05	1.3953e-05
125	0.81028	0.18968	3.0242e-05	1.2934e-05
126	0.82199	0.17797	3.0323e-05	1.1783e-05
127	0.83679	0.16317	3.0588e-05	1.0487e-05
128	0.85592	0.14404	3.1019e-05	9.0049e-06
129	0.86016	0.1398	3.0508e-05	8.4421e-06
130	0.85407	0.1459	2.9477e-05	8.3775e-06
131	0.85008	0.14988	2.8575e-05	8.2208e-06
132	0.84817	0.1518	2.7798e-05	7.9789e-06
133	0.84828	0.15169	2.7136e-05	7.6584e-06
134	0.85109	0.14888	2.6548e-05	7.2421e-06
135	0.85595	0.14402	2.6067e-05	6.7553e-06
136	0.86305	0.13692	2.5696e-05	6.1931e-06
137	0.87314	0.12683	2.5397e-05	5.5407e-06
138	0.8859	0.11407	2.5212e-05	4.8076e-06
139	0.88689	0.11308	2.4513e-05	4.5646e-06
140	0.88971	0.11027	2.3904e-05	4.2667e-06
141	0.89442	0.10556	2.338e-05	3.9149e-06
142	0.90114	0.098835	2.2941e-05	3.5085e-06
143	0.91004	0.089931	2.259e-05	3.0453e-06
144	0.92143	0.078542	2.2334e-05	2.5181e-06
145	0.93626	0.063713	2.2139e-05	1.9133e-06
146	0.95561	0.044369	2.2022e-05	1.2104e-06
147	0.97892	0.021061	2.2023e-05	4.2123e-07
148	0.98732	0.012654	2.2187e-05	2.5609e-07
149	0.98983	0.01015	2.2244e-05	2.0726e-07
150	0.99373	0.0062428	2.2321e-05	1.2995e-07
151	0.99472	0.0052608	2.2351e-05	1.1124e-07
152	0.99654	0.0034341	2.2411e-05	7.3055e-08
153	0.99946	0.00051836	2.2485e-05	1.1947e-08
154	0.99969	0.00028663	2.2513e-05	7.6361e-09
155	0.9998	0.00017651	2.2548e-05	6.5794e-09
156	0.9999	7.5351e-05	2.2199e-05	2.1873e-09
157	0.9997	0.00027479	2.1872e-05	6.3209e-09
158	0.99937	0.00060686	2.153e-05	1.3629e-08
159	0.99959	0.00038869	2.1216e-05	8.75e-09
160	0.99855	0.0014259	2.0861e-05	3.2043e-08
161	0.9957	0.0042783	2.0482e-05	9.4131e-08
162	0.99376	0.0062195	2.0139e-05	1.345e-07
163	0.98751	0.012473	1.9753e-05	2.5661e-07
164	0.98308	0.016902	1.9395e-05	3.4114e-07
165	0.98025	0.019733	1.9059e-05	3.9329e-07
166	0.97073	0.029253	1.858e-05	5.7826e-07
167	0.96316	0.036826	1.8159e-05	7.1728e-07
168	0.95771	0.042276	1.7772e-05	8.1362e-07
169	0.95383	0.046152	1.7432e-05	8.7552e-07
170	0.94036	0.059623	1.6886e-05	1.1207e-06
171	0.93004	0.069945	1.6395e-05	1.3022e-06
172	0.92194	0.078042	1.5966e-05	1.4338e-06
173	0.91654	0.083443	1.5578e-05	1.5148e-06
174	0.91356	0.086424	1.5223e-05	1.552e-06
175	0.89846	0.10152	1.4671e-05	1.8e-06
176	0.88693	0.11306	1.4178e-05	1.98e-06
177	0.87789	0.12209	1.375e-05	2.1076e-06
178	0.87113	0.12886	1.338e-05	2.1901e-06
179	0.86646	0.13352	1.306e-05	2.2333e-06
180	0.86385	0.13614	1.2788e-05	2.2405e-06
181	0.84718	0.1528	1.2314e-05	2.4609e-06
182	0.83484	0.16515	1.1902e-05	2.6111e-06
183	0.8252	0.17479	1.155e-05	2.7125e-06
184	0.81862	0.18137	1.1236e-05	2.7667e-06
185	0.81429	0.1857	1.097e-05	2.7842e-06
186	0.81209	0.1879	1.0747e-05	2.7686e-06
187	0.79505	0.20494	1.031e-05	2.9594e-06
188	0.7814	0.21859	9.9398e-06	3.0935e-06
189	0.7714	0.22858	9.6149e-06	3.1752e-06
190	0.76408	0.2359	9.341e-06	3.2159e-06
191	0.75977	0.24021	9.0999e-06	3.2167e-06
192	0.75779	0.2422	8.9003e-06	3.1856e-06
193	0.75808	0.24191	8.7394e-06	3.1253e-06
194	0.76116	0.23883	8.6034e-06	3.0333e-06
195	0.76717	0.23282	8.4914e-06	2.9103e-06
196	0.77669	0.2233	8.4067e-06	2.7524e-06
197	0.78912	0.21087	8.3602e-06	2.5658e-06
198	0.80478	0.19521	8.3542e-06	2.3481e-06
199	0.80559	0.19439	8.1906e-06	2.2972e-06
200	0.80907	0.19092	8.0468e-06	2.2197e-06
201	0.81476	0.18523	7.9335e-06	2.1201e-06
202	0.8228	0.17719	7.8509e-06	1.9981e-06
203	0.8334	0.16659	7.7996e-06	1.8527e-06
204	0.84692	0.15307	7.7828e-06	1.6811e-06
205	0.86361	0.13638	7.8013e-06	1.4817e-06
206	0.88403	0.11596	7.8602e-06	1.2498e-06
207	0.9104	0.089593	7.9581e-06	9.7179e-07
208	0.91829	0.081697	7.8787e-06	8.786e-07
209	0.91712	0.082871	7.7185e-06	8.736e-07
210	0.90557	0.094427	7.4717e-06	9.6281e-07
211	0.89653	0.10346	7.2589e-06	1.0251e-06
212	0.88977	0.11023	7.0763e-06	1.0643e-06
213	0.8851	0.11489	6.9206e-06	1.0833e-06
214	0.8824	0.11759	6.7894e-06	1.0843e-06
215	0.88219	0.1178	6.6719e-06	1.0653e-06
216	0.88386	0.11613	6.5763e-06	1.0306e-06
217	0.88745	0.11254	6.5025e-06	9.806e-07
218	0.89375	0.10625	6.4416e-06	9.1135e-07
219	0.90221	0.097788	6.4025e-06	8.2615e-07
220	0.90082	0.099173	6.2908e-06	8.1915e-07
221	0.90116	0.098831	6.1981e-06	7.9869e-07
222	0.90386	0.096132	6.1156e-06	7.6202e-07
223	0.89691	0.10308	5.9698e-06	7.9437e-07
224	0.89268	0.10731	5.8373e-06	8.0752e-07
225	0.89036	0.10964	5.7248e-06	8.0625e-07
226	0.88988	0.11011	5.6312e-06	7.9169e-07
227	0.89161	0.10838	5.5461e-06	7.6318e-07
228	0.89585	0.10414	5.4703e-06	7.1959e-07
229	0.89106	0.10893	5.3288e-06	7.3552e-07
230	0.88816	0.11183	5.206e-06	7.3811e-07
231	0.88714	0.11285	5.101e-06	7.2827e-07
232	0.88834	0.11165	5.0035e-06	7.0561e-07
233	0.89137	0.10863	4.9217e-06	6.7222e-07
234	0.89635	0.10365	4.8561e-06	6.2779e-07
235	0.90336	0.096635	4.8061e-06	5.7242e-07
236	0.91346	0.086539	4.7654e-06	5.0225e-07
237	0.9261	0.073896	4.7418e-06	4.1952e-07
238	0.9281	0.071892	4.6493e-06	3.9852e-07
239	0.93175	0.068247	4.5699e-06	3.6916e-07
240	0.93754	0.062453	4.4948e-06	3.3029e-07
241	0.94597	0.054023	4.4248e-06	2.8051e-07
242	0.9566	0.043397	4.3688e-06	2.2159e-07
243	0.96977	0.030227	4.3281e-06	1.5229e-07
244	0.97356	0.026438	4.2451e-06	1.3013e-07
245	0.9791	0.020901	4.1635e-06	1.0135e-07
246	0.98623	0.013762	4.0926e-06	6.6367e-08
247	0.98821	0.011784	3.9917e-06	5.6186e-08
248	0.98707	0.012926	3.8815e-06	5.9762e-08
249	0.9869	0.013094	3.7801e-06	5.9019e-08
250	0.98784	0.012155	3.6779e-06	5.4101e-08
251	0.98553	0.014462	3.5764e-06	6.1707e-08
252	0.98429	0.015708	3.4835e-06	6.4774e-08
253	0.97808	0.021919	3.3654e-06	8.6558e-08
254	0.97337	0.02663	3.2578e-06	1.0152e-07
255	0.97004	0.029959	3.1596e-06	1.1063e-07
256	0.96804	0.031958	3.0703e-06	1.1452e-07
257	0.96729	0.032712	2.9889e-06	1.1388e-07
258	0.96776	0.032238	2.9148e-06	1.0911e-07
259	0.9695	0.030494	2.8479e-06	1.0034e-07
260	0.97256	0.027434	2.7882e-06	8.7688e-08
261	0.97743	0.022564	2.7283e-06	7.0433e-08
262	0.9774	0.022602	2.6564e-06	6.8183e-08
263	0.97846	0.021535	2.5904e-06	6.2771e-08
264	0.98099	0.019007	2.5233e-06	5.3777e-08
265	0.98473	0.015265	2.4619e-06	4.1853e-08
266	0.98478	0.015218	2.3854e-06	4.027e-08
267	0.98584	0.014157	2.3145e-06	3.614e-08
268	0.98345	0.016549	2.2379e-06	4.0248e-08
269	0.98216	0.017841	2.1671e-06	4.1444e-08
270	0.98193	0.018069	2.1014e-06	4.0055e-08
271	0.97714	0.022854	2.0213e-06	4.8114e-08
272	0.97375	0.026252	1.9473e-06	5.2591e-08
273	0.97197	0.02803	1.8724e-06	5.3598e-08
274	0.96343	0.036568	1.7899e-06	6.6087e-08
275	0.95715	0.042847	1.7083e-06	7.3596e-08
276	0.95287	0.047124	1.6268e-06	7.6912e-08
277	0.95011	0.049889	1.5508e-06	7.7015e-08
278	0.94909	0.050911	1.4737e-06	7.407e-08
279	0.94951	0.050491	1.4014e-06	6.8763e-08
280	0.95165	0.048352	1.3274e-06	6.1172e-08
281	0.95526	0.044735	1.2571e-06	5.1893e-08
282	0.96045	0.03955	1.1903e-06	4.1137e-08
283	0.96733	0.032665	1.1267e-06	2.9079e-08
284	0.96828	0.031721	1.1877e-06	3.1699e-08
285	0.9705	0.029494	1.2521e-06	3.2598e-08
286	0.96779	0.032205	1.3127e-06	3.9432e-08
287	0.96661	0.033388	1.3713e-06	4.4502e-08
288	0.96691	0.033091	1.428e-06	4.7595e-08
289	0.96133	0.038664	1.4713e-06	6.0326e-08
290	0.95736	0.042637	1.5186e-06	7.0905e-08
291	0.95485	0.045152	1.5697e-06	7.9354e-08
292	0.94296	0.05704	1.6121e-06	1.0482e-07
293	0.93396	0.066038	1.6543e-06	1.267e-07
294	0.92702	0.072974	1.7013e-06	1.4559e-07
295	0.92198	0.078022	1.7534e-06	1.6149e-07
296	0.91869	0.081308	1.8107e-06	1.7432e-07
297	0.91713	0.082867	1.8737e-06	1.8382e-07
298	0.90554	0.094458	1.9097e-06	2.1599e-07
299	0.89647	0.10353	1.9525e-06	2.4374e-07
300	0.88962	0.11038	2.0018e-06	2.6739e-07
301	0.88487	0.11513	2.0579e-06	2.8678e-07
302	0.88248	0.11752	2.115e-06	3.0111e-07
303	0.88192	0.11808	2.1791e-06	3.1092e-07
304	0.88384	0.11615	2.2451e-06	3.1441e-07
305	0.88764	0.11236	2.3191e-06	3.1234e-07
306	0.89416	0.10583	2.3965e-06	3.0238e-07
307	0.90295	0.097051	2.4843e-06	2.8476e-07
308	0.91422	0.085774	2.5841e-06	2.5811e-07
309	0.92895	0.071048	2.6912e-06	2.1991e-07
310	0.9321	0.067901	2.7589e-06	2.1548e-07
311	0.91074	0.089258	2.7533e-06	2.8727e-07
312	0.89435	0.10565	2.7556e-06	3.4673e-07
313	0.88101	0.11899	2.769e-06	3.9765e-07
314	0.87102	0.12897	2.7873e-06	4.395e-07
315	0.86342	0.13658	2.8156e-06	4.7406e-07
316	0.85801	0.14198	2.8535e-06	5.0169e-07
317	0.85515	0.14485	2.8952e-06	5.2132e-07
318	0.8543	0.14569	2.947e-06	5.338e-07
319	0.8561	0.14389	3.0035e-06	5.3705e-07
320	0.85989	0.14011	3.0706e-06	5.3244e-07
321	0.86657	0.13343	3.1441e-06	5.1691e-07
322	0.84052	0.15948	3.1031e-06	6.2312e-07
323	0.767	0.23299	2.8699e-06	9.1715e-07
324	0.70481	0.29519	2.6783e-06	1.1726e-06
325	0.65438	0.34561	2.5191e-06	1.3915e-06
326	0.61363	0.38636	2.3875e-06	1.5789e-06
327	0.5817	0.4183	2.2826e-06	1.7355e-06
328	0.55492	0.44508	2.1997e-06	1.8724e-06
329	0.53263	0.46737	2.1362e-06	1.9922e-06
330	0.46266	0.53734	1.8905e-06	2.303e-06
331	0.40569	0.5943	1.6837e-06	2.5712e-06
332	0.35938	0.64062	1.5102e-06	2.8026e-06
333	0.32271	0.67729	1.3686e-06	2.9983e-06
334	0.29157	0.70843	1.2506e-06	3.1723e-06
335	0.26648	0.73352	1.153e-06	3.3227e-06
336	0.24696	0.75304	1.0749e-06	3.45e-06
337	0.23074	0.76925	1.0125e-06	3.5636e-06
338	0.21811	0.78188	9.6276e-07	3.6613e-06
339	0.2089	0.7911	9.2561e-07	3.743e-06
340	0.20177	0.79823	8.9926e-07	3.8159e-06
341	0.19733	0.80266	8.83e-07	3.8752e-06
342	0.19462	0.80538	8.7605e-07	3.9272e-06
343	0.19401	0.80598	8.771e-07	3.968e-06
344	0.19496	0.80504	8.8683e-07	4.0018e-06
345	0.19802	0.80197	9.0489e-07	4.0241e-06
346	0.20334	0.79666	9.3189e-07	4.0343e-06
347	0.21056	0.78943	9.6979e-07	4.0356e-06
348	0.21989	0.78011	1.0199e-06	4.0266e-06
349	0.23157	0.76843	1.0839e-06	4.0058e-06
350	0.24714	0.75286	1.1648e-06	3.9645e-06
351	0.26593	0.73406	1.265e-06	3.9061e-06
352	0.26707	0.73292	1.2857e-06	3.9342e-06
353	0.27014	0.72985	1.3185e-06	3.9526e-06
354	0.27613	0.72387	1.3641e-06	3.9545e-06
355	0.28532	0.71467	1.4243e-06	3.9381e-06
356	0.29696	0.70303	1.5006e-06	3.9078e-06
357	0.31134	0.68866	1.5954e-06	3.8613e-06
358	0.32984	0.67016	1.7108e-06	3.7906e-06
359	0.35216	0.64783	1.8525e-06	3.6961e-06
360	0.37891	0.62109	2.0253e-06	3.5731e-06
361	0.41305	0.58694	2.2381e-06	3.4064e-06
362	0.45332	0.54667	2.4944e-06	3.1986e-06
363	0.50072	0.49928	2.8028e-06	2.9414e-06
364	0.5156	0.48439	2.9161e-06	2.8751e-06
365	0.53408	0.46591	3.0567e-06	2.7847e-06
366	0.55775	0.44225	3.2255e-06	2.6619e-06
367	0.58834	0.41165	3.4323e-06	2.4968e-06
368	0.6249	0.3751	3.684e-06	2.2902e-06
369	0.67134	0.32865	3.9918e-06	2.0229e-06
370	0.68573	0.31427	4.1017e-06	1.9489e-06
371	0.70356	0.29643	4.2384e-06	1.8514e-06
372	0.72648	0.27352	4.4021e-06	1.7226e-06
373	0.754	0.24599	4.6016e-06	1.5614e-06
374	0.78845	0.21154	4.8396e-06	1.3572e-06
375	0.82929	0.1707	5.1271e-06	1.1071e-06
376	0.87754	0.12245	5.4731e-06	8.0238e-07
377	0.93441	0.065587	5.8884e-06	4.3223e-07
378	0.95513	0.044862	6.0611e-06	2.9933e-07
379	0.96181	0.038183	6.1368e-06	2.5797e-07
380	0.96191	0.038088	6.1743e-06	2.589e-07
381	0.96333	0.036668	6.2257e-06	2.5057e-07
382	0.96635	0.033641	6.2824e-06	2.3189e-07
383	0.97111	0.028881	6.3453e-06	2.0197e-07
384	0.97744	0.022555	6.424e-06	1.6058e-07
385	0.97837	0.021619	6.4718e-06	1.5508e-07
386	0.98046	0.019528	6.5328e-06	1.4116e-07
387	0.97849	0.0215	6.5579e-06	1.5607e-07
388	0.97767	0.022326	6.596e-06	1.628e-07
389	0.97794	0.022053	6.6465e-06	1.6155e-07
390	0.97932	0.020675	6.7097e-06	1.521e-07
391	0.98206	0.017937	6.7772e-06	1.3326e-07
392	0.98605	0.013945	6.8594e-06	1.0461e-07
393	0.99165	0.0083421	6.9479e-06	6.4441e-08
394	0.99313	0.0068646	7.024e-06	5.2963e-08
395	0.99245	0.0075403	7.0782e-06	5.7865e-08
396	0.99261	0.0073855	7.1436e-06	5.6511e-08
397	0.99378	0.0062138	7.2104e-06	4.7884e-08
398	0.99584	0.0041546	7.2895e-06	3.2161e-08
399	0.99601	0.0039805	7.3477e-06	3.1009e-08
400	0.99447	0.0055189	7.3984e-06	4.2703e-08
401	0.99376	0.0062283	7.4608e-06	4.8055e-08
402	0.99401	0.0059822	7.5243e-06	4.6468e-08
403	0.99522	0.0047681	7.589e-06	3.7684e-08
404	0.99728	0.0027152	7.6656e-06	2.1977e-08
405	0.99772	0.0022738	7.7241e-06	1.8979e-08
406	0.99714	0.00285	7.768e-06	2.4533e-08
407	0.99726	0.0027347	7.8229e-06	2.4418e-08
408	0.99806	0.0019342	7.8887e-06	1.859e-08
409	0.99792	0.0020711	7.9399e-06	2.1283e-08
410	0.99653	0.0034641	7.9836e-06	3.6648e-08
411	0.99589	0.0040988	8.0397e-06	4.5277e-08
412	0.98531	0.014684	7.9342e-06	1.3105e-07
413	0.97736	0.022634	7.8437e-06	1.9601e-07
414	0.97164	0.028353	7.7651e-06	2.4315e-07
415	0.96742	0.032575	7.7047e-06	2.7693e-07
416	0.96459	0.035406	7.6614e-06	2.9855e-07
417	0.96333	0.036658	7.6251e-06	3.0783e-07
418	0.95517	0.044819	7.5261e-06	3.7436e-07
419	0.94928	0.050713	7.44e-06	4.2277e-07
420	0.9451	0.054892	7.3742e-06	4.5598e-07
421	0.92898	0.071011	7.2185e-06	5.8419e-07
422	0.9158	0.084194	7.0933e-06	6.8649e-07
423	0.90522	0.094772	6.9952e-06	7.6633e-07
424	0.89752	0.10247	6.9138e-06	8.2432e-07
425	0.89238	0.10761	6.8469e-06	8.6274e-07
426	0.88981	0.11018	6.794e-06	8.8159e-07
427	0.8891	0.11089	6.7614e-06	8.8496e-07
428	0.8906	0.1094	6.7402e-06	8.7188e-07
429	0.89397	0.10602	6.739e-06	8.4358e-07
430	0.88825	0.11174	6.6607e-06	8.8686e-07
431	0.88449	0.1155	6.6033e-06	9.1367e-07
432	0.88266	0.11734	6.5664e-06	9.2466e-07
433	0.88265	0.11735	6.5487e-06	9.2092e-07
434	0.8849	0.1151	6.5424e-06	9.0072e-07
435	0.8895	0.11049	6.5479e-06	8.6367e-07
436	0.89619	0.1038	6.5746e-06	8.1021e-07
437	0.89339	0.1066	6.5236e-06	8.294e-07
438	0.89302	0.10698	6.4846e-06	8.3105e-07
439	0.88141	0.11858	6.3664e-06	9.167e-07
440	0.87293	0.12707	6.2663e-06	9.7922e-07
441	0.8672	0.13279	6.1818e-06	1.0212e-06
442	0.86424	0.13575	6.1121e-06	1.0429e-06
443	0.86327	0.13672	6.0628e-06	1.0488e-06
444	0.86419	0.1358	6.0324e-06	1.0402e-06
445	0.86776	0.13224	6.0147e-06	1.0135e-06
446	0.87342	0.12657	6.0171e-06	9.7131e-07
447	0.88213	0.11786	6.0339e-06	9.0928e-07
448	0.88007	0.11992	5.99e-06	9.2141e-07
449	0.88029	0.11971	5.957e-06	9.1786e-07
450	0.88234	0.11766	5.9418e-06	9.0065e-07
451	0.88627	0.11372	5.9445e-06	8.6953e-07
452	0.89219	0.1078	5.966e-06	8.2382e-07
453	0.90032	0.099676	6.0082e-06	7.6182e-07
454	0.91079	0.089207	6.0719e-06	6.8233e-07
455	0.92386	0.076131	6.1594e-06	5.8307e-07
456	0.94112	0.058878	6.2696e-06	4.5585e-07
457	0.94619	0.053802	6.2844e-06	4.1853e-07
458	0.94408	0.05591	6.2632e-06	4.3069e-07
459	0.94348	0.056513	6.2576e-06	4.3175e-07
460	0.93439	0.065604	6.1857e-06	4.9294e-07
461	0.92783	0.072167	6.1257e-06	5.3734e-07
462	0.92372	0.07627	6.0767e-06	5.6531e-07
463	0.92136	0.078634	6.045e-06	5.8045e-07
464	0.92099	0.079007	6.0215e-06	5.8242e-07
465	0.92227	0.077723	6.0144e-06	5.7243e-07
466	0.92577	0.074219	6.0163e-06	5.4807e-07
467	0.93109	0.068905	6.0354e-06	5.1088e-07
468	0.93901	0.06098	6.0657e-06	4.5721e-07
469	0.94995	0.050041	6.1091e-06	3.8502e-07
470	0.96343	0.036567	6.1739e-06	2.9549e-07
471	0.98057	0.019428	6.2557e-06	1.8407e-07
472	0.9806	0.019393	6.1122e-06	1.7509e-07
473	0.9817	0.018298	5.9824e-06	1.5867e-07
474	0.9839	0.01609	5.8666e-06	1.3476e-07
475	0.98254	0.017454	5.7311e-06	1.372e-07
476	0.95979	0.040203	5.5697e-06	2.7965e-07
477	0.94092	0.059076	5.439e-06	3.9549e-07
478	0.92608	0.073914	5.3275e-06	4.8733e-07
479	0.91402	0.08597	5.2384e-06	5.6043e-07
480	0.90445	0.095549	5.1694e-06	6.1722e-07
481	0.87359	0.1264	4.962e-06	8.0596e-07
482	0.84788	0.15211	4.793e-06	9.6006e-07
483	0.82662	0.17337	4.6571e-06	1.0849e-06
484	0.80912	0.19088	4.5486e-06	1.1857e-06
485	0.79616	0.20383	4.461e-06	1.2607e-06
486	0.78604	0.21396	4.3947e-06	1.3178e-06
487	0.77914	0.22085	4.3424e-06	1.3565e-06
488	0.77548	0.22452	4.3038e-06	1.3768e-06
489	0.77408	0.22591	4.2827e-06	1.383e-06
490	0.7566	0.2434	4.1723e-06	1.4821e-06
491	0.74249	0.25751	4.086e-06	1.5603e-06
492	0.73149	0.26851	4.022e-06	1.6195e-06
493	0.69383	0.30617	3.8145e-06	1.8259e-06
494	0.6644	0.33559	3.6463e-06	1.9885e-06
495	0.64171	0.35828	3.5104e-06	2.1143e-06
496	0.57045	0.42955	3.1077e-06	2.5101e-06
497	0.51385	0.48615	2.7799e-06	2.8267e-06
498	0.4657	0.53429	2.5069e-06	3.0911e-06
499	0.42673	0.57326	2.2805e-06	3.3052e-06
500	0.39532	0.60467	2.0928e-06	3.4769e-06
501	0.36902	0.63098	1.9391e-06	3.6172e-06
502	0.34812	0.65188	1.8124e-06	3.7268e-06
503	0.33077	0.66922	1.7093e-06	3.815e-06
504	0.31743	0.68256	1.6257e-06	3.8803e-06
505	0.30687	0.69312	1.5605e-06	3.9296e-06
506	0.2988	0.7012	1.5115e-06	3.9648e-06
507	0.265	0.735	1.3273e-06	4.1373e-06
508	0.23643	0.76357	1.175e-06	4.2801e-06
509	0.21337	0.78662	1.0489e-06	4.3934e-06
510	0.19387	0.80613	9.4447e-07	4.4868e-06
511	0.17743	0.82257	8.5832e-07	4.5637e-06
512	0.16373	0.83626	7.8835e-07	4.6264e-06
513	0.15337	0.84662	7.3328e-07	4.6709e-06
514	0.14492	0.85508	6.8948e-07	4.7058e-06
515	0.13816	0.86184	6.5555e-07	4.7324e-06
516	0.13369	0.86631	6.3147e-07	4.746e-06
517	0.13063	0.86937	6.1569e-07	4.7531e-06
518	0.12929	0.8707	6.0716e-07	4.7498e-06
519	0.12986	0.87013	6.0659e-07	4.7354e-06
520	0.13167	0.86833	6.1311e-07	4.7155e-06
521	0.13523	0.86477	6.2676e-07	4.6853e-06
522	0.14017	0.85982	6.4813e-07	4.6491e-06
523	0.14663	0.85336	6.7788e-07	4.6061e-06
524	0.15476	0.84523	7.1693e-07	4.5555e-06
525	0.16485	0.83514	7.6701e-07	4.4956e-06
526	0.1621	0.83789	7.5381e-07	4.5009e-06
527	0.14432	0.85567	6.6398e-07	4.5794e-06
528	0.12935	0.87065	5.9e-07	4.644e-06
529	0.11669	0.8833	5.2881e-07	4.6972e-06
530	0.10603	0.89396	4.7848e-07	4.7412e-06
531	0.097673	0.90232	4.3765e-07	4.7726e-06
532	0.090829	0.90917	4.0515e-07	4.7974e-06
533	0.085713	0.91428	3.7968e-07	4.8122e-06
534	0.081704	0.91829	3.6029e-07	4.8223e-06
535	0.07928	0.92071	3.4726e-07	4.823e-06
536	0.077769	0.92223	3.3921e-07	4.8202e-06
537	0.077131	0.92286	3.3588e-07	4.814e-06
538	0.077351	0.92264	3.3718e-07	4.8046e-06
539	0.078434	0.92156	3.4312e-07	4.7921e-06
540	0.080455	0.91954	3.5418e-07	4.7759e-06
541	0.083468	0.91653	3.7072e-07	4.7559e-06
542	0.088138	0.91186	3.94e-07	4.7261e-06
543	0.094461	0.90553	4.2393e-07	4.6866e-06
544	0.091351	0.90864	4.0699e-07	4.6909e-06
545	0.089319	0.91068	3.9606e-07	4.6908e-06
546	0.088309	0.91169	3.9077e-07	4.6866e-06
547	0.088294	0.9117	3.9093e-07	4.6786e-06
548	0.089806	0.91019	3.9708e-07	4.6615e-06
549	0.092923	0.90707	4.0947e-07	4.635e-06
550	0.09719	0.9028	4.2795e-07	4.604e-06
551	0.10272	0.89727	4.5313e-07	4.568e-06
552	0.1104	0.8896	4.8667e-07	4.5204e-06
553	0.10737	0.89262	4.7052e-07	4.524e-06
554	0.10553	0.89447	4.6085e-07	4.5227e-06
555	0.10482	0.89518	4.5734e-07	4.5169e-06
556	0.10523	0.89477	4.5987e-07	4.5066e-06
557	0.10676	0.89324	4.685e-07	4.4918e-06
558	0.10946	0.89054	4.8353e-07	4.4722e-06
559	0.11334	0.88665	5.0512e-07	4.4475e-06
560	0.11925	0.88074	5.35e-07	4.4113e-06
561	0.1272	0.87279	5.7316e-07	4.3638e-06
562	0.12406	0.87593	5.5958e-07	4.3698e-06
563	0.12216	0.87784	5.5277e-07	4.3705e-06
564	0.1221	0.87789	5.5326e-07	4.3607e-06
565	0.12328	0.87671	5.6063e-07	4.3457e-06
566	0.12612	0.87387	5.7461e-07	4.321e-06
567	0.13032	0.86967	5.9616e-07	4.2904e-06
568	0.12365	0.87634	5.6481e-07	4.3096e-06
569	0.11916	0.88083	5.423e-07	4.3168e-06
570	0.11662	0.88337	5.2767e-07	4.313e-06
571	0.1159	0.88409	5.2032e-07	4.2987e-06
572	0.11632	0.88367	5.1922e-07	4.2796e-06
573	0.11833	0.88167	5.2417e-07	4.2515e-06
574	0.1216	0.8784	5.358e-07	4.2183e-06
575	0.12665	0.87335	5.5402e-07	4.1754e-06
576	0.13315	0.86685	5.7952e-07	4.1268e-06
577	0.14216	0.85783	6.1419e-07	4.0657e-06
578	0.15318	0.84682	6.5855e-07	3.9967e-06
579	0.16649	0.8335	7.1404e-07	3.9181e-06
580	0.18372	0.81627	7.8379e-07	3.822e-06
581	0.20422	0.79578	8.6889e-07	3.7123e-06
582	0.22839	0.77161	9.7127e-07	3.5868e-06
583	0.25701	0.74298	1.095e-06	3.4417e-06
584	0.2932	0.7068	1.2469e-06	3.265e-06
585	0.33565	0.66435	1.4281e-06	3.0608e-06
586	0.38543	0.61457	1.6439e-06	2.8237e-06
587	0.44379	0.55621	1.9009e-06	2.5473e-06
588	0.51712	0.48287	2.215e-06	2.21e-06
589	0.51864	0.48135	2.2058e-06	2.1917e-06
590	0.52252	0.47748	2.2092e-06	2.1628e-06
591	0.52884	0.47115	2.2257e-06	2.1231e-06
592	0.53778	0.46222	2.2559e-06	2.0717e-06
593	0.55041	0.44959	2.2981e-06	2.0047e-06
594	0.56777	0.43222	2.3557e-06	1.9182e-06
595	0.58896	0.41104	2.4318e-06	1.8155e-06
596	0.6145	0.3855	2.5289e-06	1.694e-06
597	0.64521	0.35478	2.6511e-06	1.5498e-06
598	0.68352	0.31648	2.7993e-06	1.3758e-06
599	0.73101	0.26899	2.9783e-06	1.1671e-06
600	0.7456	0.2544	3.0113e-06	1.0989e-06
601	0.74482	0.25518	2.9748e-06	1.095e-06
602	0.74715	0.25285	2.9464e-06	1.0784e-06
603	0.75176	0.24823	2.9301e-06	1.0524e-06
604	0.74296	0.25703	2.863e-06	1.0805e-06
605	0.73767	0.26233	2.8062e-06	1.094e-06
606	0.73478	0.26522	2.7626e-06	1.097e-06
607	0.73474	0.26526	2.7263e-06	1.0887e-06
608	0.73694	0.26306	2.7014e-06	1.0713e-06
609	0.74151	0.25849	2.6884e-06	1.0448e-06
610	0.74859	0.25141	2.6874e-06	1.0088e-06
611	0.74257	0.25743	2.6322e-06	1.0227e-06
612	0.73891	0.26109	2.5891e-06	1.027e-06
613	0.73752	0.26248	2.5571e-06	1.0224e-06
614	0.73836	0.26164	2.5359e-06	1.0092e-06
615	0.74145	0.25855	2.5254e-06	9.8761e-07
616	0.74687	0.25312	2.5255e-06	9.5749e-07
617	0.75485	0.24515	2.5373e-06	9.1808e-07
618	0.76665	0.23335	2.5578e-06	8.658e-07
619	0.76435	0.23565	2.5305e-06	8.6365e-07
620	0.76481	0.23519	2.5089e-06	8.5196e-07
621	0.76805	0.23195	2.4928e-06	8.3089e-07
622	0.75697	0.24303	2.431e-06	8.5771e-07
623	0.74868	0.25132	2.3819e-06	8.7415e-07
624	0.74352	0.25648	2.3395e-06	8.7995e-07
625	0.74127	0.25872	2.3031e-06	8.7597e-07
626	0.74126	0.25874	2.2765e-06	8.6434e-07
627	0.74348	0.25652	2.2592e-06	8.4532e-07
628	0.74893	0.25107	2.2478e-06	8.1638e-07
629	0.75693	0.24307	2.2465e-06	7.7953e-07
630	0.76836	0.23164	2.2511e-06	7.3289e-07
631	0.78369	0.21631	2.2624e-06	6.7575e-07
632	0.80252	0.19747	2.2855e-06	6.089e-07
633	0.82548	0.17451	2.3223e-06	5.3062e-07
634	0.85318	0.14682	2.3745e-06	4.3918e-07
635	0.88776	0.11223	2.4395e-06	3.3105e-07
636	0.93066	0.069341	2.5195e-06	2.0392e-07
637	0.94572	0.054278	2.5214e-06	1.5773e-07
638	0.94946	0.050542	2.4854e-06	1.4471e-07
639	0.95486	0.045135	2.4561e-06	1.2733e-07
640	0.95397	0.04603	2.405e-06	1.2743e-07
641	0.95444	0.045562	2.3598e-06	1.2376e-07
642	0.95631	0.043686	2.3207e-06	1.1642e-07
643	0.95961	0.040388	2.2871e-06	1.0553e-07
644	0.95688	0.043122	2.2407e-06	1.0962e-07
645	0.95595	0.044051	2.1943e-06	1.0935e-07
646	0.95678	0.043222	2.1478e-06	1.0506e-07
647	0.95897	0.041028	2.1064e-06	9.7586e-08
648	0.95533	0.044667	2.0546e-06	1.0317e-07
649	0.94115	0.058845	1.9756e-06	1.3131e-07
650	0.93023	0.069764	1.9007e-06	1.5137e-07
651	0.92161	0.078391	1.834e-06	1.6522e-07
652	0.91512	0.084883	1.7747e-06	1.7366e-07
653	0.91096	0.089042	1.7166e-06	1.7698e-07
654	0.90856	0.091437	1.6643e-06	1.7635e-07
655	0.90792	0.092079	1.6175e-06	1.7209e-07
656	0.90935	0.090644	1.5706e-06	1.6411e-07
657	0.91252	0.087482	1.5283e-06	1.5314e-07
658	0.91815	0.081848	1.4858e-06	1.3847e-07
659	0.92584	0.074158	1.4479e-06	1.2093e-07
660	0.93572	0.064277	1.4144e-06	1.0059e-07
661	0.93651	0.063486	1.3678e-06	9.5055e-08
662	0.93918	0.060824	1.32e-06	8.6941e-08
663	0.94382	0.056179	1.271e-06	7.644e-08
664	0.95021	0.049785	1.2253e-06	6.4041e-08
665	0.95924	0.040755	1.1781e-06	4.9199e-08
666	0.97107	0.02893	1.1292e-06	3.233e-08
667	0.98548	0.014517	1.0835e-06	1.3894e-08
668	0.99034	0.0096557	1.0273e-06	7.4502e-09
669	0.99138	0.0086154	9.6214e-07	5.3552e-09
670	0.99	0.010001	1.0093e-06	7.4821e-09
671	0.98966	0.010341	1.0539e-06	8.6898e-09
672	0.99042	0.0095817	1.0959e-06	8.7951e-09
673	0.98844	0.011559	1.1364e-06	1.1684e-08
674	0.98766	0.012338	1.1744e-06	1.3363e-08
675	0.98784	0.012162	1.2147e-06	1.3889e-08
676	0.98919	0.010813	1.2527e-06	1.2982e-08
677	0.99152	0.0084822	1.2932e-06	1.0653e-08
678	0.99489	0.0051104	1.3365e-06	6.6955e-09
679	0.99566	0.0043351	1.378e-06	5.882e-09
680	0.99473	0.0052729	1.4128e-06	7.4516e-09
681	0.99471	0.0052869	1.4452e-06	7.7769e-09
682	0.99548	0.0045172	1.48e-06	6.8879e-09
683	0.99453	0.0054718	1.5138e-06	8.561e-09
684	0.99437	0.005631	1.5502e-06	9.0022e-09
685	0.995	0.0049992	1.5894e-06	8.1289e-09
686	0.99386	0.0061352	1.6139e-06	1.0279e-08
687	0.9937	0.0063021	1.6361e-06	1.0919e-08
688	0.99107	0.0089249	1.6552e-06	1.5827e-08
689	0.98942	0.010573	1.6772e-06	1.9093e-08
690	0.98873	0.011271	1.7024e-06	2.0695e-08
691	0.98896	0.011037	1.7307e-06	2.0597e-08
692	0.99034	0.0096601	1.7572e-06	1.8487e-08
693	0.99268	0.0073203	1.7869e-06	1.4461e-08
694	0.99256	0.0074391	1.8139e-06	1.4936e-08
695	0.98964	0.010356	1.8369e-06	2.0826e-08
696	0.98799	0.012003	1.8581e-06	2.4511e-08
697	0.98733	0.012672	1.8829e-06	2.6277e-08
698	0.98286	0.017142	1.896e-06	3.5988e-08
699	0.96982	0.030175	1.8865e-06	6.4356e-08
700	0.9592	0.040801	1.8832e-06	8.7868e-08
701	0.95118	0.048821	1.8812e-06	1.0654e-07
702	0.92683	0.073172	1.8382e-06	1.6227e-07
703	0.90651	0.093485	1.8053e-06	2.0919e-07
704	0.88973	0.11027	1.7814e-06	2.4849e-07
705	0.87605	0.12395	1.7655e-06	2.8112e-07
706	0.86522	0.13478	1.7571e-06	3.0765e-07
707	0.85687	0.14312	1.7555e-06	3.2886e-07
708	0.8508	0.1492	1.7601e-06	3.4516e-07
709	0.84691	0.15309	1.771e-06	3.5667e-07
710	0.84553	0.15447	1.7838e-06	3.6279e-07
711	0.84618	0.15382	1.8028e-06	3.6419e-07
712	0.83491	0.16509	1.7912e-06	3.9258e-07
713	0.82632	0.17368	1.7871e-06	4.1493e-07
714	0.82068	0.17932	1.7859e-06	4.3088e-07
715	0.81803	0.18197	1.7876e-06	4.4014e-07
716	0.81744	0.18256	1.7957e-06	4.444e-07
717	0.81898	0.18102	1.8104e-06	4.4349e-07
718	0.82261	0.17739	1.8318e-06	4.3736e-07
719	0.829	0.171	1.8561e-06	4.2464e-07
720	0.83876	0.16124	1.8845e-06	4.0405e-07
721	0.83642	0.16358	1.8862e-06	4.1166e-07
722	0.83615	0.16385	1.8946e-06	4.141e-07
723	0.83794	0.16206	1.9098e-06	4.1135e-07
724	0.82813	0.17186	1.893e-06	4.3666e-07
725	0.8208	0.17919	1.8838e-06	4.5584e-07
726	0.81576	0.18424	1.8817e-06	4.6933e-07
727	0.81288	0.18712	1.8865e-06	4.7741e-07
728	0.81261	0.18738	1.894e-06	4.7918e-07
729	0.81442	0.18558	1.9083e-06	4.7558e-07
730	0.81834	0.18166	1.9296e-06	4.6639e-07
731	0.82507	0.17493	1.9544e-06	4.5015e-07
732	0.8343	0.1657	1.9877e-06	4.2708e-07
733	0.84629	0.15371	2.0303e-06	3.9631e-07
734	0.86252	0.13748	2.0799e-06	3.5473e-07
735	0.88241	0.11759	2.1416e-06	3.0273e-07
736	0.88729	0.1127	2.1671e-06	2.8921e-07
737	0.89504	0.10496	2.1959e-06	2.684e-07
738	0.90605	0.093949	2.2289e-06	2.3936e-07
739	0.90626	0.093733	2.2365e-06	2.3762e-07
740	0.90859	0.09141	2.2456e-06	2.3064e-07
741	0.91333	0.086665	2.2566e-06	2.1768e-07
742	0.92074	0.079256	2.27e-06	1.9826e-07
743	0.9304	0.069597	2.2914e-06	1.7283e-07
744	0.94257	0.057429	2.3214e-06	1.4062e-07
745	0.94528	0.054722	2.3116e-06	1.3317e-07
746	0.9501	0.049902	2.3026e-06	1.2087e-07
747	0.95669	0.043303	2.3e-06	1.0419e-07
748	0.95674	0.043257	2.2772e-06	1.0345e-07
749	0.95816	0.041835	2.2599e-06	9.9256e-08
750	0.96141	0.038587	2.2425e-06	9.0983e-08
751	0.96614	0.033856	2.2304e-06	7.9207e-08
752	0.97285	0.027146	2.2186e-06	6.3322e-08
753	0.98137	0.018626	2.2125e-06	4.3411e-08
754	0.98356	0.016439	2.1867e-06	3.8278e-08
755	0.98201	0.017993	2.1542e-06	4.1538e-08
756	0.98151	0.018493	2.126e-06	4.2259e-08
757	0.98207	0.017929	2.1022e-06	4.0513e-08
758	0.98369	0.016311	2.0823e-06	3.64e-08
759	0.98671	0.013284	2.0612e-06	2.9483e-08
760	0.98645	0.013544	2.0287e-06	2.9815e-08
761	0.98715	0.012846	2e-06	2.8052e-08
762	0.98885	0.011151	1.9752e-06	2.4196e-08
763	0.98747	0.012525	1.9457e-06	2.6672e-08
764	0.98721	0.012791	1.9147e-06	2.6936e-08
765	0.98788	0.012114	1.8872e-06	2.5251e-08
766	0.98534	0.014659	1.8549e-06	2.9885e-08
767	0.97687	0.023132	1.8073e-06	4.609e-08
768	0.97022	0.029778	1.7655e-06	5.8074e-08
769	0.96567	0.034332	1.7239e-06	6.591e-08
770	0.96255	0.037452	1.6868e-06	7.0671e-08
771	0.95007	0.049926	1.6283e-06	9.2492e-08
772	0.94055	0.059453	1.5722e-06	1.0831e-07
773	0.93311	0.066888	1.5221e-06	1.1948e-07
774	0.92763	0.072365	1.4775e-06	1.2655e-07
775	0.9245	0.075502	1.4334e-06	1.2942e-07
776	0.923	0.077	1.3935e-06	1.2927e-07
777	0.9231	0.076897	1.3576e-06	1.2638e-07
778	0.91373	0.086267	1.3144e-06	1.3719e-07
779	0.90729	0.092713	1.2723e-06	1.4319e-07
780	0.90278	0.097222	1.2346e-06	1.458e-07
781	0.90051	0.099492	1.1969e-06	1.4496e-07
782	0.89998	0.10002	1.1629e-06	1.4146e-07
783	0.88933	0.11067	1.112e-06	1.5119e-07
784	0.88114	0.11886	1.0664e-06	1.567e-07
785	0.8759	0.1241	1.0215e-06	1.5791e-07
786	0.8727	0.1273	9.8065e-07	1.5611e-07
787	0.87146	0.12854	9.4345e-07	1.5169e-07
788	0.87253	0.12747	9.0562e-07	1.4453e-07
789	0.87549	0.12451	8.7062e-07	1.3538e-07
790	0.88091	0.11909	8.3453e-07	1.2395e-07
791	0.88847	0.11153	8.0089e-07	1.1089e-07
792	0.89834	0.10166	7.6952e-07	9.6311e-08
793	0.91079	0.089211	7.4029e-07	8.0303e-08
794	0.92611	0.073887	7.1308e-07	6.2932e-08
795	0.94481	0.055185	6.8801e-07	4.4165e-08
796	0.9689	0.031096	6.6141e-07	2.3452e-08
797	0.97671	0.023291	6.2184e-07	1.6339e-08
798	0.98652	0.013482	5.8355e-07	8.658e-09
799	0.98951	0.010489	5.3635e-07	6.1198e-09
800	0.98943	0.010568	4.8808e-07	5.4907e-09
801	0.99047	0.0095333	4.3686e-07	4.3638e-09
802	0.98868	0.011322	3.8496e-07	4.4484e-09
803	0.98799	0.012008	3.3036e-07	3.9715e-09
804	0.98823	0.011765	2.766e-07	3.1461e-09
805	0.98941	0.010587	2.2343e-07	2.1283e-09
806	0.98778	0.012222	1.7029e-07	1.6711e-09
807	0.98733	0.012667	1.1414e-07	8.9603e-10
808	0.98338	0.016625	1.1121e-07	1.3542e-09
809	0.98095	0.019055	1.0601e-07	1.5903e-09
810	0.97963	0.020371	9.9787e-08	1.6458e-09
811	0.95565	0.044352	1.0518e-07	4.4897e-09
812	0.93654	0.063455	1.0843e-07	7.0417e-09
813	0.92085	0.079149	1.1086e-07	9.2516e-09
814	0.90907	0.090931	1.1133e-07	1.0945e-08
815	0.89975	0.10025	1.1103e-07	1.2206e-08
816	0.89265	0.10734	1.0996e-07	1.3023e-08
817	0.88767	0.11233	1.0817e-07	1.3389e-08
818	0.88505	0.11495	1.0449e-07	1.3225e-08
819	0.88432	0.11568	1.0007e-07	1.2635e-08
820	0.88604	0.11396	9.3687e-08	1.1542e-08
821	0.88961	0.11039	8.6423e-08	1.0107e-08
822	0.89519	0.10481	7.8258e-08	8.3829e-09
823	0.90293	0.097067	6.9107e-08	6.4403e-09
824	0.91357	0.086431	5.7738e-08	4.3155e-09
825	0.92691	0.073087	4.5133e-08	2.2205e-09
826	0.92968	0.070322	5.4478e-08	2.9071e-09
827	0.93452	0.065481	6.1808e-08	3.266e-09
828	0.94124	0.058758	6.8123e-08	3.3027e-09
829	0.9402	0.059804	7.276e-08	3.6642e-09
830	0.94067	0.059333	7.6304e-08	3.8006e-09
831	0.94267	0.057334	7.8777e-08	3.6958e-09
832	0.94625	0.053751	8.0192e-08	3.3419e-09
833	0.94334	0.056658	7.885e-08	3.3271e-09
834	0.94198	0.058023	7.6445e-08	3.0697e-09
835	0.93211	0.067887	1.0985e-07	6.6759e-09
836	0.92441	0.075587	1.4248e-07	1.0618e-08
837	0.91912	0.080876	1.7237e-07	1.4524e-08
838	0.90012	0.099885	1.9604e-07	2.1854e-08
839	0.88568	0.11432	2.17e-07	2.9049e-08
840	0.87407	0.12593	2.3757e-07	3.6134e-08
841	0.865	0.135	2.5795e-07	4.2933e-08
842	0.85832	0.14168	2.7844e-07	4.9272e-08
843	0.85384	0.14616	2.992e-07	5.5009e-08
844	0.85144	0.14856	3.2041e-07	6.0008e-08
845	0.85171	0.14829	3.3996e-07	6.3763e-08
846	0.85394	0.14606	3.6018e-07	6.6477e-08
847	0.85825	0.14175	3.814e-07	6.796e-08
848	0.86522	0.13478	4.0149e-07	6.775e-08
849	0.87461	0.12539	4.2303e-07	6.5875e-08
850	0.88667	0.11333	4.4634e-07	6.2048e-08
851	0.90171	0.098289	4.7181e-07	5.592e-08
852	0.92015	0.079853	4.9991e-07	4.7063e-08
853	0.94399	0.056012	5.2876e-07	3.4422e-08
854	0.9724	0.027596	5.6123e-07	1.801e-08
855	0.97384	0.02616	5.7776e-07	1.7551e-08
856	0.97035	0.029648	5.9459e-07	2.006e-08
857	0.96854	0.031455	6.0926e-07	2.1604e-08
858	0.968	0.032	6.2485e-07	2.2302e-08
859	0.96903	0.030968	6.3837e-07	2.1933e-08
860	0.97134	0.028657	6.5297e-07	2.0579e-08
861	0.97499	0.025006	6.6876e-07	1.8136e-08
862	0.98051	0.019485	6.8281e-07	1.4278e-08
863	0.98762	0.012377	6.9825e-07	9.0569e-09
864	0.98951	0.010493	7.0997e-07	7.6134e-09
865	0.98852	0.011484	7.1983e-07	8.2161e-09
866	0.98845	0.011551	7.3047e-07	8.1131e-09
867	0.9893	0.010696	7.4194e-07	7.2723e-09
868	0.9911	0.0088967	7.5431e-07	5.641e-09
869	0.99406	0.0059344	7.6454e-07	3.087e-09
870	0.99463	0.0053698	9.2036e-07	3.9153e-09
871	0.99616	0.0038352	1.0718e-06	3.6244e-09
872	0.99601	0.003992	1.2262e-06	4.7165e-09
873	0.99659	0.0034126	1.3865e-06	4.8384e-09
874	0.99566	0.0043417	1.5497e-06	7.173e-09
875	0.99556	0.0044336	1.7087e-06	8.4171e-09
876	0.99621	0.0037834	1.874e-06	8.27e-09
877	0.99531	0.0046906	2.0412e-06	1.1438e-08
878	0.99516	0.0048398	2.2153e-06	1.3185e-08
879	0.99586	0.00414	2.3857e-06	1.2983e-08
880	0.99496	0.0050372	2.5578e-06	1.7459e-08
881	0.99483	0.0051665	2.7377e-06	2.005e-08
882	0.99547	0.0045311	2.926e-06	2.0335e-08
883	0.9969	0.0031017	3.124e-06	1.7748e-08
884	0.99683	0.0031704	3.1478e-06	1.6643e-08
885	0.99746	0.0025328	3.1768e-06	1.2941e-08
886	0.99881	0.0011824	3.211e-06	6.5252e-09
887	0.99921	0.00078716	3.243e-06	4.7544e-09
888	0.99911	0.0008826	3.275e-06	5.6183e-09
889	0.99844	0.0015527	3.1607e-06	7.0794e-09
890	0.9984	0.0015976	3.0525e-06	6.3715e-09
891	0.99898	0.0010184	2.9502e-06	3.6997e-09
892	0.99734	0.0026522	2.9362e-06	8.8709e-09
893	0.99645	0.0035441	2.9267e-06	1.1693e-08
894	0.99323	0.0067647	2.9123e-06	2.1751e-08
895	0.98422	0.015779	2.8826e-06	4.9503e-08
896	0.97706	0.022941	2.8611e-06	7.1245e-08
897	0.97184	0.028161	2.8413e-06	8.738e-08
898	0.96834	0.031654	2.8225e-06	9.8452e-08
899	0.96618	0.033821	2.8101e-06	1.0526e-07
900	0.96531	0.034684	2.804e-06	1.0793e-07
901	0.96573	0.034267	2.8043e-06	1.0657e-07
902	0.96766	0.032337	2.805e-06	1.0087e-07
903	0.97133	0.02867	2.8062e-06	9.0277e-08
904	0.9613	0.038699	2.7682e-06	1.211e-07
905	0.95333	0.046672	2.739e-06	1.452e-07
906	0.94761	0.052391	2.7124e-06	1.6272e-07
907	0.9436	0.056399	2.6935e-06	1.7474e-07
908	0.94148	0.058518	2.6761e-06	1.8128e-07
909	0.94085	0.05915	2.6654e-06	1.8316e-07
910	0.94173	0.058272	2.6616e-06	1.8035e-07
911	0.9441	0.055901	2.6643e-06	1.7294e-07
912	0.94802	0.051977	2.6739e-06	1.6074e-07
913	0.94511	0.054883	2.6657e-06	1.6851e-07
914	0.94374	0.05626	2.6643e-06	1.716e-07
915	0.94412	0.055875	2.664e-06	1.6972e-07
916	0.94628	0.053714	2.6647e-06	1.6283e-07
917	0.95001	0.049987	2.6724e-06	1.5115e-07
918	0.95593	0.044069	2.682e-06	1.3339e-07
919	0.95516	0.04484	2.6742e-06	1.3501e-07
920	0.95574	0.044261	2.6725e-06	1.3252e-07
921	0.95812	0.041881	2.6716e-06	1.2504e-07
922	0.96197	0.038023	2.6773e-06	1.131e-07
923	0.96009	0.039909	2.6689e-06	1.1757e-07
924	0.95992	0.040076	2.661e-06	1.1732e-07
925	0.96146	0.038533	2.6535e-06	1.124e-07
926	0.96436	0.035636	2.652e-06	1.0349e-07
927	0.96916	0.030835	2.6514e-06	8.9524e-08
928	0.96871	0.03129	2.6314e-06	9.0591e-08
929	0.96946	0.030534	2.617e-06	8.8111e-08
930	0.97145	0.028547	2.608e-06	8.2088e-08
931	0.97472	0.025281	2.6047e-06	7.241e-08
932	0.9732	0.026794	2.5833e-06	7.6201e-08
933	0.97289	0.02711	2.5674e-06	7.6525e-08
934	0.97376	0.026237	2.5571e-06	7.3467e-08
935	0.97582	0.02418	2.552e-06	6.708e-08
936	0.97949	0.020506	2.5468e-06	5.6591e-08
937	0.97902	0.020974	2.5259e-06	5.7471e-08
938	0.97963	0.020364	2.51e-06	5.5368e-08
939	0.98164	0.018355	2.4934e-06	4.9794e-08
940	0.97988	0.020119	2.4695e-06	5.3971e-08
941	0.97921	0.020791	2.4505e-06	5.5147e-08
942	0.97963	0.020364	2.4366e-06	5.3364e-08
943	0.98117	0.018825	2.4276e-06	4.8632e-08
944	0.98416	0.015833	2.4179e-06	4.0431e-08
945	0.98876	0.011237	2.4077e-06	2.8526e-08
946	0.98951	0.010485	2.3827e-06	2.6484e-08
947	0.9912	0.0087994	2.3618e-06	2.212e-08
