#coord	neutral	conserved	gBGC.neutral	gBGC.conserved
1	0.62876	0.1663	0.16112	0.043826
2	0.63286	0.16225	0.16213	0.042761
3	0.63888	0.15626	0.16371	0.041154
4	0.6475	0.14768	0.16591	0.03891
5	0.65907	0.13616	0.16882	0.035948
6	0.67447	0.12082	0.17265	0.032065
7	0.69303	0.10229	0.17737	0.027306
8	0.71536	0.079987	0.18316	0.021488
9	0.74206	0.053303	0.19021	0.014425
10	0.77365	0.021704	0.1987	0.0059479
11	0.78506	0.010276	0.20184	0.0028258
12	0.78891	0.0064094	0.20289	0.0017887
13	0.78988	0.0054104	0.20319	0.0015131
14	0.79155	0.0037017	0.20371	0.0010409
15	0.79396	0.0012249	0.20446	0.00035309
16	0.79478	0.00032715	0.20479	0.00010186
17	0.79436	0.00058839	0.20489	0.00016631
18	0.79437	0.00039936	0.20512	0.00011089
19	0.79414	0.00043082	0.20532	0.00011567
20	0.79368	0.0006992	0.20543	0.0001866
21	0.79262	0.001558	0.20542	0.00041028
22	0.79214	0.001833	0.20554	0.00048612
23	0.79218	0.0015872	0.20581	0.00042218
24	0.79272	0.00080797	0.20626	0.00021405
25	0.79267	0.00062429	0.20654	0.00016418
26	0.79221	0.00085143	0.20671	0.00022224
27	0.79115	0.00168	0.20673	0.00043673
28	0.79071	0.0018951	0.2069	0.00049571
29	0.79079	0.0015806	0.20722	0.00041165
30	0.79146	0.00067866	0.20769	0.00017708
31	0.79158	0.00033823	0.20799	9.0965e-05
32	0.79071	0.00096175	0.20806	0.00026022
33	0.79032	0.0010949	0.20828	0.00029655
34	0.7904	0.00074167	0.20866	0.00020063
35	0.79007	0.00080522	0.20891	0.00021974
36	0.79019	0.00040048	0.2093	0.00011136
37	0.79001	0.00026715	0.20965	7.551e-05
38	0.78969	0.00026343	0.20997	7.6003e-05
39	0.78922	0.0003814	0.21028	0.00011238
40	0.78847	0.00076048	0.21054	0.00022644
41	0.78816	0.00068	0.21094	0.0002131
42	0.78743	0.0010033	0.21125	0.00032301
43	0.78714	0.00084794	0.21171	0.00029727
44	0.78643	0.0011384	0.212	0.0004296
45	0.78618	0.00094228	0.21246	0.00041894
46	0.78594	0.001302	0.21228	0.00047125
47	0.78625	0.0011276	0.21225	0.00037498
48	0.78599	0.0015292	0.21202	0.00046398
49	0.78622	0.0014209	0.21195	0.00040876
50	0.78321	0.0045423	0.21106	0.0011922
51	0.77494	0.012926	0.2088	0.00333
52	0.7683	0.019673	0.20702	0.0050133
53	0.76309	0.024964	0.20565	0.0062967
54	0.75956	0.028584	0.20468	0.0071733
55	0.74808	0.040171	0.20167	0.010082
56	0.73944	0.048915	0.19934	0.012298
57	0.73259	0.055861	0.19753	0.014015
58	0.72774	0.060822	0.1962	0.015244
59	0.72483	0.063842	0.19533	0.015994
60	0.72373	0.065072	0.1949	0.016298
61	0.72393	0.064975	0.19487	0.016231
62	0.72545	0.063548	0.19522	0.01579
63	0.72861	0.060477	0.19597	0.014939
64	0.73374	0.055456	0.1972	0.013603
65	0.74109	0.048226	0.19896	0.011723
66	0.75026	0.039156	0.20125	0.0093299
67	0.76207	0.027457	0.20418	0.0062906
68	0.76564	0.024012	0.20496	0.0053905
69	0.77084	0.018934	0.20613	0.0040958
70	0.77182	0.0181	0.20622	0.0038574
71	0.77398	0.01609	0.20659	0.0033384
72	0.77312	0.01716	0.20614	0.0035808
73	0.77312	0.017342	0.20594	0.0035909
74	0.77416	0.016502	0.20598	0.0033591
75	0.77607	0.014773	0.20626	0.0028949
76	0.77482	0.01619	0.20586	0.0031296
77	0.7746	0.016586	0.20569	0.0031312
78	0.77521	0.016129	0.20575	0.0029156
79	0.77166	0.018889	0.20553	0.0039166
80	0.76131	0.02842	0.20333	0.0069367
81	0.75282	0.036056	0.20174	0.0093808
82	0.74598	0.042009	0.2007	0.01132
83	0.74094	0.046174	0.20011	0.01278
84	0.73723	0.048974	0.19996	0.013833
85	0.73505	0.050262	0.20021	0.014481
86	0.73434	0.050099	0.20082	0.01474
87	0.73523	0.048352	0.20184	0.014579
88	0.73736	0.045334	0.20327	0.014041
89	0.74112	0.040699	0.20511	0.013076
90	0.74688	0.034079	0.20744	0.011597
91	0.74702	0.033104	0.20818	0.011693
92	0.74197	0.037285	0.20718	0.013561
93	0.7386	0.039808	0.2067	0.014895
94	0.72713	0.050394	0.20311	0.019366
95	0.71775	0.058856	0.20038	0.023019
96	0.71082	0.064877	0.19846	0.02584
97	0.7055	0.069261	0.19719	0.028045
98	0.70216	0.071691	0.19655	0.029598
99	0.70064	0.072306	0.1965	0.030557
100	0.70041	0.071603	0.19694	0.031049
101	0.70183	0.069265	0.19787	0.031031
102	0.70499	0.065208	0.19931	0.03049
103	0.70201	0.068084	0.19885	0.031053
104	0.70083	0.069167	0.19896	0.031052
105	0.70092	0.068956	0.19954	0.030582
106	0.67355	0.095872	0.19144	0.039139
107	0.65047	0.11848	0.18478	0.046278
108	0.63122	0.13723	0.17939	0.05216
109	0.6164	0.15155	0.17527	0.056775
110	0.60426	0.16319	0.17204	0.060509
111	0.59457	0.17235	0.16964	0.063439
112	0.58756	0.17884	0.16801	0.065596
113	0.58245	0.18341	0.16703	0.067121
114	0.57917	0.18611	0.16669	0.068029
115	0.57765	0.18705	0.16697	0.068341
116	0.57826	0.18585	0.16788	0.068012
117	0.58104	0.1825	0.16944	0.067019
118	0.58561	0.17734	0.17166	0.065392
119	0.59263	0.16973	0.17465	0.062989
120	0.60243	0.15936	0.17849	0.059714
121	0.60127	0.15989	0.17891	0.059929
122	0.60176	0.15874	0.17994	0.059555
123	0.60393	0.1559	0.18161	0.058571
124	0.60826	0.15089	0.18396	0.056887
125	0.61449	0.14396	0.18707	0.054485
126	0.62278	0.13494	0.191	0.051277
127	0.63336	0.12361	0.19589	0.047149
128	0.64721	0.10901	0.20191	0.041877
129	0.6498	0.10569	0.20378	0.040728
130	0.64458	0.11019	0.20288	0.042344
131	0.64095	0.11309	0.20257	0.043392
132	0.63886	0.11441	0.20286	0.043876
133	0.63826	0.1142	0.20373	0.043805
134	0.63971	0.11197	0.20526	0.043063
135	0.64267	0.10819	0.2074	0.041736
136	0.64727	0.10274	0.21023	0.039755
137	0.65412	0.095059	0.21383	0.036991
138	0.66292	0.085397	0.21827	0.033422
139	0.66291	0.084557	0.21938	0.033154
140	0.66424	0.082352	0.22105	0.032364
141	0.66694	0.078737	0.2233	0.031019
142	0.67111	0.073628	0.2262	0.02907
143	0.67685	0.066907	0.2298	0.02645
144	0.68438	0.058355	0.23422	0.023045
145	0.69446	0.047275	0.2396	0.018669
146	0.70787	0.032878	0.24623	0.013022
147	0.72414	0.015586	0.25419	0.0060828
148	0.72946	0.0093525	0.2575	0.0036819
149	0.73037	0.0074921	0.2592	0.0029441
150	0.73232	0.0046022	0.26125	0.0018276
151	0.73208	0.003873	0.26252	0.0015313
152	0.73241	0.0025247	0.26408	0.00099003
153	0.73355	0.00038057	0.26591	0.00015267
154	0.73269	0.00021013	0.26702	8.3755e-05
155	0.73169	0.00012921	0.26813	5.1922e-05
156	0.73057	5.5118e-05	0.26935	2.2195e-05
157	0.72917	0.00020084	0.27055	7.9041e-05
158	0.72769	0.00044317	0.27169	0.00018135
159	0.72656	0.00028446	0.27302	0.00012974
160	0.72456	0.0010427	0.2739	0.00049866
161	0.72117	0.0031231	0.27419	0.0015122
162	0.71842	0.0045325	0.27482	0.002237
163	0.71353	0.0090902	0.27386	0.0035153
164	0.70999	0.01232	0.2733	0.0043819
165	0.70763	0.014387	0.27311	0.0048746
166	0.7004	0.021326	0.2714	0.0068742
167	0.69457	0.026847	0.27019	0.0083942
168	0.6903	0.030823	0.26943	0.0094431
169	0.68715	0.033655	0.2691	0.01009
170	0.67474	0.043303	0.26742	0.014539
171	0.66473	0.050598	0.26653	0.018145
172	0.65628	0.056228	0.26641	0.02108
173	0.64987	0.059881	0.26697	0.023275
174	0.64527	0.061779	0.26816	0.024795
175	0.63196	0.07226	0.26559	0.030194
176	0.6213	0.080128	0.26399	0.034577
177	0.61239	0.086157	0.26329	0.038155
178	0.60505	0.090528	0.26342	0.041004
179	0.59912	0.093379	0.26433	0.043175
180	0.59454	0.094771	0.26601	0.044679
181	0.58017	0.10584	0.26315	0.050829
182	0.56895	0.11383	0.2615	0.055719
183	0.55956	0.11987	0.26085	0.05972
184	0.55238	0.12375	0.26106	0.062801
185	0.54667	0.12606	0.26214	0.065122
186	0.54233	0.12689	0.26407	0.066707
187	0.52812	0.13764	0.26063	0.073614
188	0.51619	0.14599	0.25846	0.07936
189	0.50683	0.15182	0.25738	0.083969
190	0.49922	0.15579	0.25736	0.087634
191	0.49368	0.15774	0.25826	0.090327
192	0.48958	0.15812	0.26014	0.092165
193	0.48687	0.15699	0.26299	0.093151
194	0.486	0.15407	0.26675	0.09317
195	0.48702	0.14932	0.2715	0.092154
196	0.49029	0.14239	0.27744	0.089879
197	0.4952	0.13368	0.28471	0.086409
198	0.50193	0.12303	0.29347	0.081563
199	0.49921	0.1217	0.29683	0.082265
200	0.49818	0.11873	0.30111	0.081975
201	0.49837	0.11441	0.30647	0.08074
202	0.49984	0.10869	0.313	0.078468
203	0.50266	0.10147	0.32084	0.075029
204	0.50701	0.092571	0.33021	0.070214
205	0.51299	0.081895	0.34127	0.063846
206	0.52085	0.069167	0.35439	0.055597
207	0.53209	0.053153	0.37007	0.044693
208	0.5322	0.048099	0.37802	0.041684
209	0.52684	0.04835	0.38207	0.042745
210	0.51534	0.054553	0.38143	0.048673
211	0.50524	0.059171	0.3821	0.053487
212	0.49636	0.062382	0.38398	0.057283
213	0.48853	0.064326	0.38702	0.060123
214	0.48166	0.065111	0.39119	0.062039
215	0.47629	0.064508	0.39635	0.062852
216	0.47174	0.062876	0.40268	0.062704
217	0.46798	0.060228	0.41026	0.06153
218	0.4657	0.056214	0.41907	0.059011
219	0.46427	0.051146	0.42935	0.055234
220	0.45749	0.051202	0.43479	0.056517
221	0.45139	0.05035	0.44138	0.056872
222	0.44659	0.048333	0.44905	0.056032
223	0.43677	0.051086	0.45181	0.060343
224	0.42849	0.052421	0.45572	0.063368
225	0.42096	0.052762	0.46092	0.065355
226	0.4141	0.052181	0.46742	0.066299
227	0.40838	0.050577	0.47497	0.06607
228	0.4039	0.047864	0.48378	0.064456
229	0.39545	0.049259	0.48713	0.068167
230	0.38769	0.049724	0.49181	0.070778
231	0.38055	0.049311	0.49788	0.072267
232	0.37448	0.047938	0.50507	0.072508
233	0.36893	0.045802	0.5137	0.071567
234	0.36388	0.042891	0.52392	0.069304
235	0.35932	0.03923	0.53584	0.065607
236	0.35599	0.034482	0.5496	0.059925
237	0.35321	0.028908	0.56557	0.052313
238	0.34645	0.027537	0.57431	0.051703
239	0.34	0.02558	0.5845	0.049916
240	0.3344	0.022913	0.59599	0.046698
241	0.32977	0.019418	0.60911	0.041698
242	0.32549	0.0153	0.62424	0.034966
243	0.32158	0.010506	0.64176	0.026156
244	0.31409	0.0089741	0.65307	0.023864
245	0.30723	0.0069548	0.66552	0.020293
246	0.30047	0.0045361	0.67962	0.015378
247	0.29219	0.0037836	0.68956	0.014464
248	0.28265	0.0039775	0.69687	0.016503
249	0.2731	0.0038421	0.70538	0.017677
250	0.26403	0.0033814	0.71465	0.017934
251	0.26029	0.0039801	0.71606	0.019669
252	0.25673	0.0042777	0.71853	0.020461
253	0.25195	0.0058928	0.71618	0.025976
254	0.24749	0.0070656	0.71526	0.030175
255	0.24332	0.0078425	0.71567	0.033167
256	0.23939	0.008252	0.71737	0.034989
257	0.23566	0.0083306	0.72029	0.035712
258	0.23212	0.0080981	0.72444	0.035339
259	0.22875	0.0075596	0.72989	0.033807
260	0.22553	0.0067209	0.7367	0.031045
261	0.22278	0.0054897	0.745	0.026731
262	0.21874	0.0054136	0.74883	0.027017
263	0.2148	0.0050825	0.75384	0.026274
264	0.21127	0.0044374	0.76002	0.024272
265	0.20783	0.003549	0.76752	0.021108
266	0.20365	0.0034773	0.77113	0.021745
267	0.19954	0.0031853	0.77589	0.021385
268	0.19455	0.0036209	0.77675	0.025081
269	0.18965	0.0037902	0.77897	0.027591
270	0.18482	0.00372	0.78248	0.028974
271	0.17924	0.0045212	0.77961	0.036634
272	0.17383	0.0049721	0.7786	0.042598
273	0.16887	0.0050664	0.77929	0.046778
274	0.16587	0.006549	0.77262	0.05496
275	0.16333	0.0076034	0.76797	0.061093
276	0.16119	0.0082874	0.76514	0.065387
277	0.15927	0.0086935	0.76391	0.068129
278	0.15768	0.0087932	0.76428	0.069253
279	0.15628	0.0086437	0.76619	0.068881
280	0.1552	0.0082095	0.7697	0.066895
281	0.1543	0.0075367	0.77481	0.063361
282	0.15358	0.0066188	0.78164	0.058162
283	0.15307	0.0054442	0.79035	0.051132
284	0.15167	0.0052337	0.79228	0.05082
285	0.15041	0.0048195	0.79565	0.049121
286	0.14831	0.0051851	0.79317	0.053335
287	0.14648	0.005296	0.79229	0.055931
288	0.14493	0.0051706	0.79291	0.056993
289	0.14251	0.0059324	0.78535	0.066203
290	0.14031	0.0064165	0.77998	0.073291
291	0.1383	0.0066554	0.77652	0.078524
292	0.13606	0.0083779	0.76629	0.089268
293	0.13427	0.0096651	0.75864	0.09743
294	0.13277	0.010641	0.75309	0.1035
295	0.13152	0.011335	0.74949	0.10765
296	0.13052	0.011767	0.74771	0.11
297	0.12974	0.011947	0.74774	0.11057
298	0.12755	0.013558	0.7377	0.12119
299	0.1257	0.014792	0.7302	0.12931
300	0.12416	0.015699	0.72491	0.13523
301	0.1229	0.016299	0.72173	0.13907
302	0.12198	0.016561	0.72063	0.14082
303	0.1213	0.016562	0.72141	0.14072
304	0.12098	0.016221	0.72443	0.13836
305	0.12089	0.015622	0.72943	0.13406
306	0.12118	0.014657	0.73696	0.12721
307	0.12174	0.013392	0.74692	0.11794
308	0.1226	0.011801	0.75964	0.10596
309	0.12391	0.0097646	0.77568	0.090642
310	0.12369	0.0092943	0.77945	0.087568
311	0.12012	0.012135	0.75774	0.11001
312	0.11727	0.01427	0.74081	0.12765
313	0.11483	0.015966	0.72725	0.14196
314	0.11287	0.017193	0.71688	0.15306
315	0.11122	0.018085	0.70909	0.1616
316	0.10985	0.018672	0.70366	0.16782
317	0.10883	0.01892	0.70057	0.17168
318	0.10805	0.018898	0.69959	0.17346
319	0.10762	0.018537	0.701	0.17284
320	0.10742	0.017924	0.70444	0.17021
321	0.10758	0.016954	0.71043	0.16504
322	0.1036	0.020087	0.68215	0.19416
323	0.093761	0.029084	0.60028	0.27687
324	0.085464	0.036511	0.53188	0.34614
325	0.078757	0.042358	0.47551	0.40338
326	0.073348	0.046919	0.42911	0.45062
327	0.069099	0.050331	0.39187	0.4887
328	0.065523	0.053044	0.36077	0.52067
329	0.062525	0.055153	0.33489	0.54743
330	0.054218	0.063372	0.28746	0.59495
331	0.047462	0.070043	0.24835	0.63415
332	0.041976	0.075447	0.21613	0.66645
333	0.037637	0.079708	0.19023	0.69243
334	0.033951	0.083304	0.16853	0.71422
335	0.030985	0.086184	0.15077	0.73206
336	0.028678	0.088408	0.13667	0.74624
337	0.026761	0.090233	0.12511	0.75789
338	0.025268	0.091635	0.11588	0.76722
339	0.024178	0.092638	0.10887	0.77432
340	0.023331	0.093387	0.10343	0.77985
341	0.022801	0.093821	0.099713	0.78366
342	0.022471	0.094047	0.097247	0.78624
343	0.022388	0.094027	0.096061	0.78752
344	0.022484	0.093819	0.095959	0.78774
345	0.022828	0.093366	0.097091	0.78671
346	0.023434	0.092652	0.099501	0.78441
347	0.02426	0.09171	0.10316	0.78087
348	0.025326	0.090517	0.10819	0.77597
349	0.026662	0.089044	0.11475	0.76955
350	0.028449	0.087124	0.12346	0.76097
351	0.030604	0.084825	0.13423	0.75034
352	0.030812	0.085118	0.13805	0.74602
353	0.031247	0.08517	0.14347	0.74011
354	0.032029	0.084879	0.15107	0.73202
355	0.0332	0.084204	0.16119	0.72141
356	0.034668	0.083218	0.17363	0.70849
357	0.036469	0.081883	0.18875	0.69289
358	0.038781	0.080043	0.20742	0.67375
359	0.041565	0.077713	0.23	0.65073
360	0.0449	0.074818	0.25719	0.62309
361	0.04916	0.071004	0.29107	0.58876
362	0.054191	0.066403	0.33143	0.54798
363	0.060122	0.060886	0.37945	0.49954
364	0.062128	0.059302	0.39477	0.4838
365	0.06458	0.057255	0.41384	0.46432
366	0.067692	0.054553	0.43762	0.44014
367	0.07169	0.050973	0.46766	0.40968
368	0.076444	0.046618	0.50399	0.37295
369	0.082472	0.040998	0.54934	0.32719
370	0.08454	0.039346	0.56326	0.31285
371	0.08704	0.037243	0.58071	0.295
372	0.090202	0.034487	0.60268	0.27263
373	0.093953	0.031123	0.62941	0.24551
374	0.098614	0.026857	0.66236	0.21217
375	0.1041	0.021745	0.70195	0.1722
376	0.11056	0.01565	0.74936	0.12443
377	0.11814	0.0084101	0.80599	0.067457
378	0.12113	0.0057711	0.82613	0.046972
379	0.12234	0.0049261	0.83229	0.040445
380	0.12268	0.0049242	0.83217	0.040224
381	0.12318	0.0047511	0.83338	0.038693
382	0.12389	0.0043693	0.83601	0.035729
383	0.12484	0.0037606	0.84017	0.031224
384	0.12598	0.0029445	0.84591	0.025163
385	0.1264	0.0028271	0.84648	0.024296
386	0.12695	0.0025586	0.84821	0.022283
387	0.12699	0.0028192	0.84575	0.02444
388	0.12716	0.0029312	0.84447	0.025439
389	0.12745	0.0028995	0.84431	0.025341
390	0.12787	0.0027224	0.84526	0.024143
391	0.12848	0.0023657	0.84743	0.02172
392	0.12924	0.0018421	0.85086	0.018053
393	0.13023	0.0011036	0.85572	0.012947
394	0.13143	0.00091968	0.85744	0.010207
395	0.13237	0.00102	0.85633	0.010285
396	0.13338	0.0010081	0.85609	0.0095205
397	0.13455	0.00085585	0.85683	0.0077691
398	0.13581	0.00057721	0.85854	0.0050763
399	0.13683	0.00055638	0.85797	0.0046355
400	0.13758	0.00077331	0.85577	0.0058717
401	0.1384	0.00087704	0.85438	0.006336
402	0.13938	0.00084745	0.8538	0.0059717
403	0.14051	0.00067985	0.85404	0.0047653
404	0.14173	0.00038972	0.8551	0.0027728
405	0.14274	0.00032814	0.85457	0.0023641
406	0.14363	0.00041305	0.85298	0.0029769
407	0.14457	0.00039856	0.85208	0.0029503
408	0.14558	0.00028361	0.85184	0.0022954
409	0.14647	0.00030534	0.85058	0.0026449
410	0.14714	0.00051311	0.84783	0.0045201
411	0.14789	0.00061045	0.84589	0.0056104
412	0.14765	0.0022069	0.83393	0.01621
413	0.14782	0.0034332	0.82442	0.024336
414	0.14832	0.0043409	0.81697	0.030363
415	0.149	0.0050326	0.81113	0.034841
416	0.14983	0.005518	0.80674	0.037908
417	0.15093	0.0057634	0.80375	0.039557
418	0.15095	0.0071059	0.79358	0.048369
419	0.15133	0.0081094	0.78555	0.055007
420	0.15193	0.008851	0.77939	0.059827
421	0.15053	0.01154	0.76096	0.076972
422	0.14952	0.013787	0.74581	0.090878
423	0.14887	0.015634	0.73352	0.10197
424	0.1487	0.01703	0.72391	0.11036
425	0.14895	0.018017	0.71667	0.11637
426	0.14964	0.018584	0.71174	0.12003
427	0.1506	0.01884	0.70873	0.12183
428	0.15196	0.018721	0.7076	0.12172
429	0.1536	0.018271	0.70831	0.11983
430	0.15369	0.019391	0.69987	0.12705
431	0.15408	0.020178	0.69357	0.13218
432	0.15475	0.020633	0.6893	0.13531
433	0.15571	0.020766	0.6869	0.13662
434	0.15708	0.020498	0.68644	0.13598
435	0.1589	0.019804	0.68792	0.13338
436	0.16107	0.01872	0.69136	0.12885
437	0.16155	0.01934	0.68544	0.13367
438	0.16249	0.019526	0.68179	0.13619
439	0.16133	0.021768	0.66547	0.15143
440	0.16074	0.023461	0.6525	0.1633
441	0.16065	0.02466	0.64245	0.17224
442	0.1611	0.025357	0.6352	0.17835
443	0.16187	0.025684	0.63017	0.18228
444	0.16296	0.025651	0.62715	0.18424
445	0.16457	0.025116	0.62642	0.18389
446	0.16656	0.024169	0.62769	0.18158
447	0.16916	0.022625	0.63134	0.17687
448	0.17167	0.023658	0.62753	0.17714
449	0.17468	0.024238	0.62573	0.17535
450	0.17799	0.02441	0.62589	0.17171
451	0.18163	0.024139	0.62809	0.16614
452	0.18565	0.023383	0.63244	0.15853
453	0.19011	0.02207	0.63922	0.1486
454	0.19509	0.020143	0.6486	0.13617
455	0.20066	0.017516	0.6609	0.12093
456	0.20738	0.013799	0.6772	0.10162
457	0.21142	0.012825	0.67966	0.096101
458	0.21947	0.014432	0.67209	0.094017
459	0.22761	0.01561	0.66637	0.090404
460	0.23381	0.01896	0.65247	0.094764
461	0.24067	0.021787	0.64042	0.097127
462	0.24829	0.024031	0.63014	0.097536
463	0.25607	0.025783	0.62173	0.096417
464	0.2646	0.026934	0.61476	0.093709
465	0.2734	0.027486	0.60956	0.089552
466	0.28319	0.027212	0.60599	0.083603
467	0.29346	0.026142	0.60433	0.076068
468	0.30504	0.023928	0.6046	0.06643
469	0.31821	0.020297	0.60709	0.054406
470	0.33242	0.015306	0.61205	0.040223
471	0.34871	0.0083877	0.61965	0.02325
472	0.35335	0.0083482	0.61524	0.023064
473	0.35826	0.0078862	0.61183	0.022031
474	0.36347	0.0069607	0.60946	0.020115
475	0.36707	0.007481	0.60406	0.021396
476	0.3663	0.016414	0.58137	0.035919
477	0.36641	0.024184	0.562	0.047412
478	0.36795	0.030644	0.5452	0.056204
479	0.37015	0.036188	0.53074	0.062916
480	0.37296	0.040869	0.51833	0.067841
481	0.36687	0.05465	0.49271	0.085761
482	0.36229	0.06667	0.47112	0.099925
483	0.35904	0.077096	0.45292	0.11095
484	0.35697	0.086128	0.43751	0.1194
485	0.35681	0.093365	0.42463	0.1252
486	0.35757	0.099452	0.4138	0.12917
487	0.35979	0.10419	0.40468	0.13134
488	0.36355	0.1075	0.3972	0.13175
489	0.36816	0.10973	0.39128	0.13083
490	0.36477	0.11974	0.37714	0.13835
491	0.36264	0.12829	0.36527	0.14381
492	0.36171	0.13542	0.35543	0.14743
493	0.34713	0.156	0.33304	0.16383
494	0.33636	0.17287	0.31472	0.17605
495	0.32877	0.18664	0.29973	0.18486
496	0.29559	0.22582	0.26236	0.21622
497	0.26933	0.25816	0.23223	0.24028
498	0.24677	0.28663	0.20713	0.25947
499	0.22862	0.31075	0.18647	0.27415
500	0.21416	0.33126	0.16946	0.28512
501	0.20203	0.34926	0.15541	0.2933
502	0.19263	0.36459	0.14386	0.29892
503	0.18491	0.37809	0.13432	0.30268
504	0.17929	0.38954	0.12654	0.30462
505	0.17504	0.39947	0.12026	0.30522
506	0.17206	0.408	0.11527	0.30467
507	0.15397	0.43149	0.10016	0.31438
508	0.13855	0.45217	0.087685	0.32159
509	0.12613	0.4699	0.077473	0.32649
510	0.11556	0.48566	0.06901	0.32977
511	0.10661	0.49968	0.062012	0.3317
512	0.099137	0.5121	0.05629	0.33248
513	0.093595	0.52263	0.051786	0.33199
514	0.089107	0.53199	0.048139	0.33076
515	0.085573	0.54029	0.04523	0.3289
516	0.083424	0.54725	0.043089	0.32624
517	0.082105	0.55326	0.041532	0.3231
518	0.081871	0.55822	0.040519	0.31939
519	0.082856	0.562	0.040081	0.31507
520	0.084627	0.56488	0.040096	0.3104
521	0.087572	0.56662	0.040599	0.3052
522	0.091443	0.56734	0.041567	0.29965
523	0.096341	0.56692	0.043027	0.29371
524	0.10239	0.56525	0.04502	0.28733
525	0.10981	0.56212	0.047632	0.28044
526	0.10863	0.56748	0.046256	0.27764
527	0.097287	0.58303	0.040303	0.27938
528	0.087693	0.59674	0.035408	0.28016
529	0.07955	0.60891	0.031362	0.28018
530	0.072672	0.61972	0.02803	0.27957
531	0.067308	0.62905	0.025347	0.27829
532	0.062924	0.63731	0.023188	0.27658
533	0.059703	0.64442	0.021492	0.27438
534	0.057213	0.65073	0.020162	0.2719
535	0.055819	0.65596	0.019231	0.26899
536	0.055048	0.66049	0.018582	0.26588
537	0.054882	0.66433	0.018194	0.26259
538	0.055322	0.66749	0.018054	0.25913
539	0.05638	0.66996	0.018154	0.25551
540	0.05812	0.67166	0.01851	0.25171
541	0.060591	0.67256	0.019132	0.24772
542	0.064308	0.67223	0.020101	0.24336
543	0.069282	0.67067	0.021401	0.23865
544	0.067317	0.67607	0.020335	0.23628
545	0.06612	0.68063	0.019577	0.23368
546	0.065665	0.68436	0.019099	0.23087
547	0.065941	0.6873	0.018886	0.22788
548	0.067375	0.6891	0.018979	0.22455
549	0.07004	0.68969	0.019381	0.22089
550	0.073591	0.68932	0.02005	0.21704
551	0.078127	0.68789	0.021004	0.21298
552	0.084352	0.6848	0.022341	0.20851
553	0.082366	0.68985	0.02137	0.20641
554	0.081266	0.69395	0.0207	0.20409
555	0.081026	0.69711	0.020306	0.20156
556	0.081641	0.69936	0.020175	0.19883
557	0.08313	0.70066	0.0203	0.19591
558	0.085536	0.70099	0.020686	0.19279
559	0.08888	0.70031	0.021329	0.18948
560	0.093856	0.69803	0.022321	0.1858
561	0.10049	0.6941	0.02365	0.18176
562	0.098328	0.69891	0.022811	0.17995
563	0.097127	0.7027	0.022252	0.17792
564	0.097403	0.70503	0.022014	0.17556
565	0.09866	0.70632	0.02204	0.17298
566	0.10127	0.70627	0.022338	0.17012
567	0.10498	0.70506	0.022909	0.16705
568	0.099914	0.71265	0.021458	0.16598
569	0.096588	0.71852	0.020386	0.16451
570	0.094836	0.72283	0.019644	0.16269
571	0.094566	0.72569	0.019198	0.16055
572	0.095215	0.72756	0.01898	0.15824
573	0.097178	0.72814	0.018996	0.15568
574	0.10018	0.72762	0.019243	0.15295
575	0.10469	0.72561	0.019732	0.14996
576	0.11042	0.72233	0.02046	0.14679
577	0.11828	0.71693	0.021512	0.14327
578	0.12785	0.70977	0.022871	0.13951
579	0.1394	0.70057	0.024576	0.13545
580	0.15431	0.68803	0.026757	0.1309
581	0.17205	0.67261	0.029404	0.12594
582	0.19298	0.65394	0.032567	0.12052
583	0.21779	0.63133	0.036359	0.11452
584	0.24917	0.60217	0.04104	0.10761
585	0.28605	0.56747	0.046565	0.099916
586	0.32936	0.52627	0.053077	0.091287
587	0.38023	0.47747	0.060746	0.081555
588	0.44424	0.41554	0.070131	0.070081
589	0.44666	0.41526	0.06922	0.068868
590	0.45107	0.41291	0.068687	0.067337
591	0.45759	0.4084	0.068529	0.065486
592	0.46636	0.40158	0.068758	0.063304
593	0.4784	0.39151	0.069388	0.060699
594	0.49466	0.37726	0.070513	0.05757
595	0.51428	0.35959	0.072132	0.054004
596	0.53776	0.338	0.074302	0.049942
597	0.56585	0.31174	0.077126	0.045284
598	0.60076	0.27869	0.080696	0.039855
599	0.64394	0.23739	0.08514	0.033527
600	0.65826	0.22501	0.085422	0.031314
601	0.65906	0.22619	0.083797	0.03096
602	0.66264	0.22462	0.082479	0.030266
603	0.66821	0.221	0.081478	0.029316
604	0.66178	0.2293	0.079046	0.029868
605	0.65848	0.23452	0.076983	0.03002
606	0.65726	0.23759	0.075272	0.029882
607	0.65861	0.23812	0.073829	0.029447
608	0.66192	0.23662	0.072683	0.028774
609	0.66734	0.23296	0.071837	0.02786
610	0.67498	0.22703	0.071289	0.026704
611	0.67084	0.2329	0.069373	0.026886
612	0.66876	0.23666	0.067769	0.02681
613	0.6687	0.23835	0.066451	0.0265
614	0.67061	0.23802	0.065401	0.025972
615	0.67454	0.23562	0.064609	0.025233
616	0.68057	0.23107	0.064073	0.024285
617	0.68892	0.22416	0.063808	0.023114
618	0.70081	0.21373	0.063817	0.021645
619	0.69977	0.21618	0.062612	0.021438
620	0.70127	0.21611	0.061612	0.021005
621	0.70536	0.21348	0.060807	0.020355
622	0.69623	0.22401	0.058879	0.020873
623	0.68962	0.23199	0.057255	0.021132
624	0.68588	0.23711	0.055863	0.021141
625	0.68485	0.23955	0.054675	0.020924
626	0.68584	0.23993	0.053709	0.020528
627	0.68887	0.23822	0.052955	0.019961
628	0.69492	0.2335	0.052397	0.019177
629	0.70333	0.22639	0.052058	0.018217
630	0.71498	0.21606	0.05191	0.017047
631	0.73032	0.20206	0.051967	0.015651
632	0.74895	0.18473	0.052277	0.014044
633	0.77145	0.16348	0.052878	0.012189
634	0.79842	0.13772	0.053805	0.010051
635	0.83195	0.10543	0.055071	0.0075527
636	0.8734	0.065228	0.056732	0.0046392
637	0.8887	0.051127	0.05659	0.003579
638	0.8934	0.047669	0.05566	0.0032755
639	0.89963	0.042624	0.054871	0.0028759
640	0.89995	0.043519	0.053661	0.0028718
641	0.90151	0.043129	0.052576	0.0027842
642	0.90437	0.041401	0.051613	0.0026151
643	0.90855	0.03832	0.050767	0.002368
644	0.90697	0.040955	0.049623	0.002456
645	0.90712	0.041881	0.048553	0.0024484
646	0.90896	0.041137	0.04755	0.0023527
647	0.91207	0.039093	0.046653	0.0021872
648	0.90958	0.042599	0.045507	0.0023131
649	0.89706	0.056161	0.04383	0.0029443
650	0.88765	0.066643	0.04231	0.0034004
651	0.88036	0.074957	0.04096	0.0037219
652	0.87507	0.081244	0.039764	0.0039257
653	0.87201	0.085312	0.03866	0.0040201
654	0.8706	0.087694	0.037676	0.0040279
655	0.87084	0.088397	0.036806	0.0039554
656	0.87309	0.087106	0.036001	0.0038017
657	0.87697	0.084151	0.035296	0.0035793
658	0.88326	0.078809	0.034658	0.0032718
659	0.89151	0.071475	0.034125	0.002893
660	0.90185	0.06201	0.033693	0.0024418
661	0.90341	0.061302	0.032943	0.0023414
662	0.9068	0.058784	0.032238	0.0021799
663	0.91212	0.054346	0.031578	0.0019583
664	0.91911	0.048203	0.031002	0.0016832
665	0.92869	0.039497	0.030478	0.0013374
666	0.94101	0.028063	0.030007	0.00092374
667	0.95583	0.014095	0.02963	0.00044559
668	0.96137	0.0093827	0.02897	0.0002812
669	0.96322	0.0083786	0.028163	0.00023977
670	0.9628	0.0097329	0.027197	0.00026934
671	0.96341	0.010073	0.026243	0.00026966
672	0.96512	0.0093417	0.025297	0.00024232
673	0.96411	0.011279	0.024328	0.00028182
674	0.96429	0.01205	0.023371	0.00029034
675	0.96537	0.011888	0.022472	0.00027479
676	0.96761	0.01058	0.021577	0.00023499
677	0.97078	0.0083067	0.020734	0.00017624
678	0.97495	0.0050091	0.019938	9.9739e-05
679	0.97655	0.0042528	0.019119	7.8723e-05
680	0.97649	0.0051771	0.018245	8.9889e-05
681	0.97735	0.0051952	0.01737	8.4169e-05
682	0.97895	0.0044427	0.01654	6.518e-05
683	0.97883	0.0053859	0.015715	7.185e-05
684	0.97946	0.0055472	0.014931	6.5315e-05
685	0.98084	0.0049287	0.014187	4.7465e-05
686	0.97983	0.006049	0.01405	6.718e-05
687	0.97979	0.006214	0.013922	7.3871e-05
688	0.97732	0.0088009	0.013767	0.00011361
689	0.9758	0.010428	0.013632	0.00013849
690	0.97522	0.011117	0.013516	0.00014935
691	0.97555	0.010887	0.013419	0.00014687
692	0.97701	0.0095298	0.013333	0.00012978
693	0.97941	0.0072223	0.013265	9.9645e-05
694	0.97939	0.0073402	0.013171	0.00010172
695	0.9766	0.010219	0.013044	0.00014125
696	0.97506	0.011846	0.01293	0.00016395
697	0.97448	0.012508	0.012835	0.00017277
698	0.97016	0.016921	0.012684	0.00023356
699	0.95739	0.029788	0.012412	0.00041282
700	0.94698	0.040282	0.012181	0.00055498
701	0.93915	0.048204	0.011982	0.00066221
702	0.9152	0.072254	0.011554	0.00099411
703	0.89522	0.092321	0.011195	0.001263
704	0.87872	0.10891	0.010893	0.0014783
705	0.86529	0.12242	0.010642	0.0016477
706	0.85466	0.13313	0.010436	0.0017762
707	0.84647	0.14139	0.010269	0.0018701
708	0.84053	0.1474	0.010137	0.001933
709	0.83674	0.15125	0.010038	0.0019669
710	0.83544	0.15263	0.0099659	0.0019713
711	0.83613	0.152	0.0099242	0.0019494
712	0.82505	0.16314	0.0097341	0.0020731
713	0.81661	0.17164	0.0095835	0.0021614
714	0.81109	0.17723	0.0094643	0.0022155
715	0.80852	0.17986	0.0093763	0.0022354
716	0.808	0.18045	0.0093181	0.0022292
717	0.80957	0.17895	0.0092903	0.0021968
718	0.8132	0.17537	0.0092919	0.0021386
719	0.81957	0.16906	0.009321	0.0020502
720	0.82927	0.15942	0.0093833	0.0019257
721	0.827	0.16175	0.00931	0.0019404
722	0.82678	0.16202	0.0092658	0.0019299
723	0.82859	0.16026	0.0092503	0.0018947
724	0.81894	0.16996	0.0090999	0.0019912
725	0.81173	0.17722	0.008983	0.0020579
726	0.80679	0.18222	0.0088969	0.0020972
727	0.80397	0.18508	0.0088397	0.0021112
728	0.80374	0.18535	0.0088075	0.0020976
729	0.80556	0.18357	0.0088028	0.0020599
730	0.80947	0.1797	0.0088263	0.0019974
731	0.81616	0.17305	0.0088767	0.0019055
732	0.82533	0.16393	0.0089601	0.0017841
733	0.83721	0.15208	0.0090799	0.00163
734	0.8533	0.13602	0.009242	0.0014307
735	0.87301	0.11635	0.0094515	0.0011876
736	0.87787	0.11152	0.0094941	0.0011155
737	0.88556	0.10386	0.0095636	0.0010136
738	0.89649	0.092973	0.0096641	0.00087788
739	0.89673	0.092763	0.0096527	0.00085769
740	0.89906	0.090469	0.0096594	0.0008168
741	0.90378	0.085777	0.0096871	0.00075196
742	0.91115	0.078448	0.0097382	0.00066081
743	0.92075	0.068892	0.0098181	0.00054459
744	0.93282	0.056852	0.00993	0.00039994
745	0.9353	0.054161	0.010138	0.00040225
746	0.93987	0.04938	0.01036	0.00038543
747	0.9462	0.042842	0.010608	0.00034976
748	0.94605	0.042787	0.010795	0.00037036
749	0.94725	0.041372	0.011005	0.00037588
750	0.95026	0.038153	0.011229	0.00036273
751	0.95472	0.033468	0.011478	0.00033192
752	0.96115	0.026832	0.011744	0.00027935
753	0.96935	0.018409	0.012041	0.00020359
754	0.9713	0.016245	0.012267	0.00019087
755	0.96954	0.017776	0.012457	0.00022239
756	0.96882	0.018267	0.012669	0.00024025
757	0.96915	0.017707	0.012904	0.00024375
758	0.9705	0.016106	0.013163	0.00023235
759	0.97325	0.013117	0.013435	0.0002021
760	0.97276	0.013371	0.013655	0.00021763
761	0.9732	0.01268	0.013898	0.00021879
762	0.97462	0.011007	0.014167	0.00020435
763	0.97301	0.01236	0.014395	0.00024019
764	0.97249	0.01262	0.014634	0.00025936
765	0.97289	0.01195	0.014899	0.00026275
766	0.9701	0.014456	0.015109	0.00033009
767	0.96149	0.022803	0.015174	0.00053661
768	0.95466	0.029343	0.015285	0.00070852
769	0.94991	0.033819	0.015426	0.00084309
770	0.94657	0.036878	0.015605	0.00094987
771	0.93403	0.049139	0.015535	0.0012982
772	0.9244	0.058491	0.015516	0.0015887
773	0.91684	0.065777	0.015553	0.0018339
774	0.91119	0.07113	0.015643	0.0020364
775	0.90786	0.074179	0.015774	0.0021911
776	0.90612	0.075615	0.015951	0.00231
777	0.90596	0.075476	0.016174	0.0023937
778	0.89672	0.08467	0.016061	0.0025508
779	0.89035	0.090996	0.015998	0.0026546
780	0.88588	0.095419	0.01598	0.0027181
781	0.88362	0.097643	0.016002	0.0027386
782	0.88306	0.098156	0.016066	0.0027208
783	0.87256	0.10861	0.015913	0.0029174
784	0.86448	0.11664	0.015815	0.0030637
785	0.8593	0.12177	0.015768	0.0031556
786	0.85612	0.12491	0.015769	0.0032045
787	0.85485	0.12612	0.015816	0.0032115
788	0.85586	0.12506	0.015906	0.003173
789	0.85871	0.12215	0.016044	0.003092
790	0.86399	0.11683	0.016228	0.0029603
791	0.87135	0.10941	0.016468	0.0027784
792	0.88098	0.099715	0.016769	0.0025404
793	0.89312	0.087503	0.017139	0.0022383
794	0.90808	0.072468	0.017588	0.0018626
795	0.92635	0.054122	0.018132	0.0013978
796	0.9499	0.030496	0.018797	0.00080759
797	0.95748	0.02284	0.019072	0.00061238
798	0.96701	0.013221	0.019405	0.00036501
799	0.96986	0.010286	0.019561	0.0002901
800	0.9697	0.010362	0.01965	0.00028901
801	0.97063	0.0093467	0.019758	0.00026433
802	0.96879	0.011099	0.019804	0.00030662
803	0.96803	0.01177	0.01987	0.00032586
804	0.96818	0.011531	0.019963	0.00032391
805	0.96924	0.010376	0.020083	0.0003004
806	0.96754	0.011976	0.020142	0.00034517
807	0.967	0.01241	0.020222	0.00036407
808	0.96305	0.016286	0.020181	0.00048245
809	0.9606	0.018663	0.020172	0.00056479
810	0.95923	0.01995	0.020197	0.00061898
811	0.93577	0.043436	0.01965	0.001142
812	0.91709	0.062146	0.019202	0.001563
813	0.90174	0.077518	0.018841	0.001903
814	0.89022	0.089059	0.018557	0.0021618
815	0.88111	0.09819	0.018335	0.0023629
816	0.87418	0.10514	0.01817	0.0025124
817	0.86931	0.11002	0.018058	0.0026138
818	0.86675	0.11259	0.017991	0.002667
819	0.86604	0.11331	0.017972	0.0026774
820	0.86773	0.11163	0.017999	0.0026378
821	0.87124	0.10813	0.018074	0.002556
822	0.87671	0.10266	0.018199	0.0024281
823	0.88429	0.095081	0.01838	0.0022501
824	0.89471	0.084665	0.018617	0.0020118
825	0.90777	0.071595	0.018924	0.0017096
826	0.91049	0.068887	0.018971	0.0016513
827	0.91525	0.064147	0.019057	0.0015509
828	0.92184	0.057562	0.01919	0.0014079
829	0.92082	0.058587	0.01916	0.0014337
830	0.92128	0.058127	0.01917	0.0014247
831	0.92323	0.056168	0.01922	0.0013806
832	0.92673	0.052658	0.019311	0.0012999
833	0.92388	0.055506	0.019252	0.0013665
834	0.92253	0.056842	0.019233	0.0013976
835	0.91287	0.066505	0.018998	0.0016299
836	0.90533	0.074046	0.018818	0.0018104
837	0.90015	0.079227	0.018687	0.0019398
838	0.88153	0.097846	0.018228	0.002394
839	0.8674	0.11199	0.017865	0.0027475
840	0.85603	0.12336	0.017578	0.0030308
841	0.84715	0.13224	0.017357	0.0032522
842	0.8406	0.13878	0.017198	0.0034167
843	0.83621	0.14317	0.017096	0.0035294
844	0.83384	0.14552	0.017047	0.0035938
845	0.8341	0.14524	0.01705	0.003603
846	0.83627	0.14306	0.017102	0.0035675
847	0.84047	0.13884	0.017207	0.0034845
848	0.84729	0.132	0.017363	0.0033469
849	0.85646	0.1228	0.01758	0.0031538
850	0.86824	0.11099	0.017863	0.0028987
851	0.88295	0.096257	0.018223	0.002573
852	0.90097	0.0782	0.01867	0.0021656
853	0.92428	0.054851	0.019226	0.0016439
854	0.95207	0.027023	0.0199	0.0010111
855	0.95343	0.025614	0.019956	0.0010008
856	0.95016	0.029037	0.019754	0.001046
857	0.94855	0.030815	0.019585	0.0010533
858	0.94816	0.031356	0.019455	0.0010291
859	0.94932	0.030352	0.019357	0.00096876
860	0.95173	0.028093	0.019297	0.00087616
861	0.95545	0.024519	0.01928	0.00074934
862	0.96101	0.01911	0.019301	0.00057848
863	0.96812	0.012142	0.019371	0.00036671
864	0.9701	0.010295	0.019298	0.0003032
865	0.96926	0.011268	0.019161	0.00031194
866	0.96931	0.011335	0.01905	0.00030026
867	0.97027	0.010497	0.018966	0.00026826
868	0.97214	0.0087319	0.018909	0.00021542
869	0.97516	0.0058252	0.018871	0.00013879
870	0.97586	0.0052715	0.01875	0.00012206
871	0.9775	0.0037654	0.018643	8.6794e-05
872	0.97749	0.0039195	0.018506	8.7558e-05
873	0.97818	0.0033509	0.018391	7.3678e-05
874	0.97739	0.0042633	0.018253	8.9886e-05
875	0.97743	0.0043538	0.018126	9.0685e-05
876	0.97819	0.0037158	0.018019	7.7204e-05
877	0.97741	0.004607	0.017889	9.3552e-05
878	0.97737	0.004754	0.017779	9.5346e-05
879	0.97817	0.004067	0.01768	8.2141e-05
880	0.97739	0.0049488	0.017558	9.8708e-05
881	0.97737	0.0050763	0.017456	0.00010076
882	0.97809	0.0044523	0.017374	8.8606e-05
883	0.97958	0.0030481	0.017312	6.1852e-05
884	0.97958	0.0031158	0.017238	6.2066e-05
885	0.98028	0.0024894	0.017181	4.9355e-05
886	0.98167	0.0011622	0.017143	2.3693e-05
887	0.98212	0.00077376	0.017091	1.6275e-05
888	0.98208	0.00086761	0.017035	1.8561e-05
889	0.98147	0.0015264	0.016973	3.2413e-05
890	0.98147	0.0015706	0.016928	3.4876e-05
891	0.98207	0.0010012	0.016899	2.6105e-05
892	0.98061	0.0026079	0.016728	5.4895e-05
893	0.97987	0.0034853	0.016578	6.9968e-05
894	0.97683	0.0066534	0.016393	0.000126
895	0.96808	0.015521	0.016116	0.00028055
896	0.96115	0.022569	0.01588	0.0003996
897	0.95613	0.027707	0.015674	0.00048608
898	0.95282	0.031148	0.015492	0.00054387
899	0.9508	0.033284	0.01534	0.00057775
900	0.95006	0.034137	0.015216	0.0005888
901	0.95057	0.033731	0.015121	0.00057794
902	0.95258	0.031834	0.015045	0.00054407
903	0.9563	0.028228	0.01499	0.00048451
904	0.94653	0.038106	0.01472	0.00064613
905	0.93878	0.045961	0.014492	0.00077056
906	0.93325	0.051599	0.014297	0.00085945
907	0.92939	0.055552	0.014136	0.00091868
908	0.9274	0.057645	0.014001	0.00094918
909	0.92688	0.058274	0.013896	0.00095515
910	0.92783	0.057414	0.01382	0.00093674
911	0.93025	0.055083	0.013773	0.00089469
912	0.93419	0.051222	0.013756	0.00082831
913	0.93141	0.05409	0.01364	0.00086485
914	0.93012	0.055451	0.013554	0.00087709
915	0.93057	0.055077	0.013489	0.0008644
916	0.93278	0.052951	0.013446	0.00082689
917	0.93652	0.049281	0.013432	0.00076547
918	0.94243	0.04345	0.013444	0.00067422
919	0.94174	0.044213	0.013363	0.00068072
920	0.94238	0.043646	0.013307	0.00066668
921	0.9448	0.041303	0.013272	0.00062818
922	0.94867	0.0375	0.013264	0.00056767
923	0.94687	0.039363	0.013179	0.00058907
924	0.94677	0.039531	0.013113	0.00058727
925	0.94836	0.038011	0.013067	0.00056267
926	0.95128	0.035156	0.013045	0.00051842
927	0.95608	0.030422	0.013044	0.00044947
928	0.95571	0.030873	0.012965	0.00045537
929	0.95652	0.030129	0.012907	0.00044373
930	0.95854	0.028171	0.012872	0.00041453
931	0.96182	0.024949	0.012859	0.00036719
932	0.96039	0.026444	0.012775	0.00038742
933	0.96014	0.026757	0.012712	0.00039039
934	0.96106	0.025897	0.012671	0.0003765
935	0.96314	0.023868	0.01265	0.00034597
936	0.96682	0.020242	0.012647	0.00029498
937	0.96641	0.020706	0.012582	0.00030159
938	0.96706	0.020105	0.012537	0.00029314
939	0.9691	0.018122	0.012506	0.00026709
940	0.96741	0.019865	0.01243	0.00029181
941	0.9668	0.02053	0.012372	0.00030114
942	0.96726	0.020108	0.012335	0.00029521
943	0.96882	0.01859	0.012317	0.000274
944	0.97182	0.015636	0.012313	0.00023475
945	0.9764	0.011097	0.012326	0.00017593
946	0.97719	0.010355	0.012282	0.00016971
947	0.9789	0.008691	0.012255	0.00015084
948	0.98157	0.0060633	0.012244	0.00011889
949	0.97873	0.0090613	0.012056	0.00015583
950	0.96964	0.018301	0.011778	0.00027755
951	0.96244	0.025651	0.011535	0.00037028
952	0.95693	0.031308	0.011324	0.00043806
953	0.95292	0.03546	0.011139	0.00048454
954	0.93871	0.049805	0.010822	0.00065932
955	0.92714	0.061514	0.010548	0.00079561
956	0.91791	0.070879	0.010313	0.0008989
957	0.88942	0.099495	0.009864	0.0012224
958	0.86671	0.12233	0.0094818	0.0014756
959	0.84788	0.14128	0.009158	0.0016753
960	0.83257	0.15671	0.0088861	0.0018284
961	0.82036	0.16904	0.008659	0.0019417
962	0.81151	0.17801	0.0084659	0.0020178
963	0.80564	0.18399	0.0083022	0.0020614
964	0.80279	0.18697	0.0081668	0.0020731
965	0.802	0.18788	0.0080597	0.0020612
966	0.80327	0.18673	0.0079796	0.0020269
967	0.80661	0.18349	0.007926	0.0019705
968	0.8127	0.17752	0.007895	0.0018886
969	0.82121	0.16911	0.007893	0.0017824
970	0.83238	0.15805	0.0079217	0.0016499
971	0.84721	0.14332	0.0079793	0.0014856
972	0.86548	0.12516	0.0080743	0.0012885
973	0.86906	0.12168	0.0080159	0.0012407
974	0.87514	0.11572	0.007976	0.0011713
975	0.88394	0.10703	0.0079557	0.0010792
976	0.88275	0.10832	0.0078465	0.0010811
977	0.88337	0.1078	0.0077597	0.0010651
978	0.88582	0.10546	0.0076948	0.0010317
979	0.87848	0.11289	0.0075458	0.0010869
980	0.85166	0.1398	0.0072317	0.0013111
981	0.83093	0.16062	0.0069695	0.0014803
982	0.81523	0.17641	0.0067495	0.0016041
983	0.80272	0.18902	0.0065659	0.0016956
984	0.79304	0.19878	0.006414	0.0017594
985	0.75892	0.23299	0.0060515	0.0020297
986	0.73027	0.26173	0.0057475	0.0022452
987	0.70759	0.28451	0.0054923	0.0024093
988	0.68891	0.30328	0.0052791	0.0025349
989	0.67376	0.31851	0.0051021	0.0026276
990	0.66258	0.32978	0.0049547	0.0026882
991	0.65418	0.33826	0.0048351	0.0027245
992	0.64904	0.34349	0.0047382	0.0027356
993	0.64693	0.34569	0.0046617	0.0027239
994	0.64776	0.34494	0.0046042	0.0026908
995	0.63176	0.36103	0.0044252	0.0027826
996	0.61901	0.37387	0.0042772	0.0028466
997	0.60928	0.38367	0.0041573	0.0028856
998	0.60224	0.3908	0.0040616	0.0029034
999	0.59777	0.39534	0.0039886	0.0029016
1000	0.59634	0.39684	0.0039341	0.0028791
1001	0.59733	0.39594	0.0038998	0.0028395
1002	0.60167	0.39167	0.0038847	0.0027782
1003	0.6096	0.38382	0.0038894	0.0026948
1004	0.62038	0.37311	0.0039155	0.0025931
1005	0.63556	0.35801	0.0039647	0.0024658
1006	0.63427	0.35937	0.0039103	0.002446
1007	0.63538	0.35834	0.0038749	0.0024101
1008	0.63891	0.35487	0.003858	0.0023586
1009	0.64593	0.34792	0.0038593	0.0022866
1010	0.6568	0.33713	0.00388	0.0021929
1011	0.67069	0.32331	0.0039213	0.0020812
1012	0.68809	0.30598	0.0039861	0.001949
1013	0.70945	0.28468	0.0040772	0.0017933
1014	0.73723	0.25697	0.0041999	0.0016036
1015	0.77283	0.22144	0.0043602	0.0013738
1016	0.81524	0.17909	0.0045615	0.001106
1017	0.8656	0.1288	0.0048107	0.00079343
1018	0.92526	0.0692	0.0051157	0.0004279
1019	0.94681	0.0477	0.0051921	0.000294
1020	0.9727	0.021867	0.0052964	0.0001351
1021	0.98157	0.013052	0.0052997	8.0218e-05
1022	0.98434	0.010329	0.0052626	6.316e-05
1023	0.98823	0.0064925	0.0052344	3.9855e-05
1024	0.98912	0.0056498	0.0051913	3.425e-05
1025	0.99084	0.0039819	0.0051554	2.4074e-05
1026	0.99081	0.0040552	0.0051121	2.3923e-05
1027	0.98894	0.0059645	0.0050617	3.3629e-05
1028	0.9881	0.0068479	0.0050141	3.8035e-05
1029	0.98809	0.006903	0.0049737	3.7931e-05
1030	0.9856	0.0094226	0.0049233	5.0487e-05
1031	0.98432	0.010747	0.0048766	5.703e-05
1032	0.98395	0.011154	0.0048371	5.8665e-05
1033	0.9845	0.010636	0.0048051	5.5463e-05
1034	0.98597	0.0091983	0.0047801	4.7543e-05
