#coord	neutral	conserved	gBGC.neutral	gBGC.conserved
1	0.80076	0.19447	0.0038289	0.00094859
2	0.8047	0.19052	0.0038475	0.00092998
3	0.80933	0.1859	0.0038696	0.00090798
4	0.81476	0.18046	0.0038955	0.00088219
5	0.82103	0.17419	0.0039252	0.00085256
6	0.82827	0.16696	0.0039593	0.00081844
7	0.83621	0.15902	0.0039971	0.00078079
8	0.84489	0.15033	0.0040386	0.0007394
9	0.85433	0.14089	0.004084	0.00069419
10	0.86452	0.1307	0.0041333	0.00064519
11	0.86249	0.13273	0.0041235	0.0006553
12	0.86112	0.1341	0.0041171	0.00066214
13	0.8605	0.13472	0.0041141	0.00066544
14	0.86051	0.13471	0.0041144	0.0006656
15	0.86117	0.13405	0.0041179	0.00066251
16	0.86247	0.13275	0.0041248	0.00065617
17	0.86441	0.13081	0.004135	0.00064665
18	0.867	0.12821	0.0041484	0.00063384
19	0.87024	0.12498	0.0041652	0.00061781
20	0.87435	0.12087	0.004186	0.00059769
21	0.87913	0.11608	0.0042103	0.00057415
22	0.88472	0.1105	0.0042383	0.00054686
23	0.89098	0.10423	0.0042699	0.00051613
24	0.89796	0.097258	0.004305	0.00048182
25	0.90565	0.08956	0.0043439	0.00044383
26	0.91407	0.081143	0.0043866	0.0004022
27	0.91262	0.082586	0.0043807	0.00040899
28	0.91197	0.083236	0.0043786	0.00041205
29	0.91195	0.083257	0.0043796	0.00041196
30	0.91265	0.082562	0.004384	0.0004085
31	0.91413	0.081074	0.0043921	0.00040131
32	0.91625	0.078951	0.0044035	0.00039093
33	0.91901	0.07619	0.0044181	0.00037736
34	0.92242	0.072785	0.004436	0.00036055
35	0.92656	0.068638	0.0044574	0.00034023
36	0.93137	0.063831	0.0044822	0.00031658
37	0.93694	0.05826	0.0045106	0.00028931
38	0.94318	0.052023	0.0045424	0.00025869
39	0.9501	0.045093	0.0045778	0.00022455
40	0.95774	0.037455	0.0046168	0.00018682
41	0.95768	0.037518	0.004618	0.00018694
42	0.9582	0.036995	0.0046223	0.00018414
43	0.95931	0.035886	0.0046295	0.00017842
44	0.96112	0.034074	0.00464	0.00016936
45	0.96352	0.031669	0.0046536	0.00015732
46	0.96652	0.028665	0.0046702	0.0001423
47	0.97019	0.024994	0.00469	0.00012407
48	0.96869	0.026498	0.0046845	0.00013121
49	0.96775	0.027429	0.004682	0.0001355
50	0.95944	0.035745	0.0046437	0.00017552
51	0.95203	0.043153	0.0046097	0.0002113
52	0.94532	0.04986	0.0045792	0.00024358
53	0.93929	0.055881	0.0045522	0.00027244
54	0.93412	0.061053	0.0045291	0.00029733
55	0.91384	0.081333	0.0044328	0.00039544
56	0.89503	0.10014	0.0043433	0.00048675
57	0.8772	0.11797	0.0042587	0.00057312
58	0.86056	0.13461	0.0041796	0.000654
59	0.84522	0.14994	0.0041066	0.00072882
60	0.83114	0.16402	0.0040393	0.00079781
61	0.81793	0.17723	0.0039765	0.00086241
62	0.80555	0.18961	0.003918	0.00092275
63	0.79416	0.201	0.0038641	0.00097851
64	0.78387	0.21129	0.0038153	0.0010291
65	0.77464	0.22051	0.0037714	0.0010748
66	0.76613	0.22902	0.0037311	0.0011168
67	0.75849	0.23666	0.003695	0.0011548
68	0.75153	0.24362	0.0036624	0.0011893
69	0.74554	0.24961	0.0036342	0.0012192
70	0.74049	0.25465	0.0036105	0.0012448
71	0.73638	0.25877	0.0035911	0.0012659
72	0.73317	0.26197	0.0035759	0.0012828
73	0.73061	0.26453	0.0035641	0.0012964
74	0.72882	0.26632	0.003556	0.0013063
75	0.72764	0.26749	0.003551	0.0013131
76	0.72709	0.26804	0.0035493	0.0013167
77	0.72731	0.26782	0.0035512	0.0013166
78	0.72814	0.26699	0.0035563	0.0013135
79	0.72985	0.26528	0.0035656	0.0013061
80	0.7322	0.26293	0.0035782	0.0012954
81	0.73518	0.25994	0.0035942	0.0012815
82	0.73881	0.25631	0.0036135	0.0012641
83	0.74324	0.25188	0.0036367	0.001243
84	0.74833	0.24679	0.0036633	0.0012185
85	0.75424	0.24088	0.0036938	0.0011901
86	0.745	0.25012	0.0036496	0.0012363
87	0.73678	0.25833	0.0036102	0.0012778
88	0.72927	0.26584	0.0035745	0.0013156
89	0.72261	0.2725	0.0035427	0.0013494
90	0.7169	0.2782	0.0035154	0.0013787
91	0.71214	0.28297	0.0034925	0.0014036
92	0.70799	0.28711	0.0034729	0.0014253
93	0.70476	0.29034	0.0034576	0.0014427
94	0.70215	0.29295	0.0034456	0.0014568
95	0.70017	0.29492	0.0034369	0.0014676
96	0.69908	0.29602	0.0034324	0.0014743
97	0.6986	0.29649	0.0034311	0.0014777
98	0.69901	0.29608	0.003434	0.0014769
99	0.7003	0.29479	0.003441	0.001472
100	0.68393	0.31116	0.0033598	0.0015553
101	0.66862	0.32646	0.0032836	0.0016336
102	0.65434	0.34074	0.0032122	0.0017071
103	0.64081	0.35427	0.0031448	0.0017766
104	0.62841	0.36667	0.0030827	0.0018407
105	0.6167	0.37837	0.0030243	0.0019013
106	0.60569	0.38938	0.0029696	0.0019581
107	0.59534	0.39973	0.0029184	0.0020116
108	0.58564	0.40943	0.0028707	0.0020616
109	0.57692	0.41814	0.0028276	0.002107
110	0.56879	0.42627	0.0027876	0.0021493
111	0.56127	0.43379	0.0027508	0.0021884
112	0.5545	0.44056	0.0027176	0.002224
113	0.54828	0.44677	0.0026873	0.0022568
114	0.54262	0.45243	0.00266	0.0022865
115	0.53752	0.45753	0.0026356	0.0023134
116	0.53311	0.46193	0.0026145	0.002337
117	0.5294	0.46564	0.0025966	0.0023574
118	0.52618	0.46886	0.0025814	0.0023752
119	0.52364	0.4714	0.0025693	0.0023898
120	0.52177	0.47327	0.0025603	0.0024013
121	0.5204	0.47464	0.0025541	0.0024101
122	0.51953	0.47551	0.0025506	0.0024162
123	0.51916	0.47587	0.0025497	0.0024197
124	0.51945	0.47558	0.002552	0.0024201
125	0.52024	0.47478	0.0025569	0.0024179
126	0.52153	0.47349	0.0025646	0.002413
127	0.52333	0.47169	0.002575	0.0024053
128	0.5258	0.46922	0.0025886	0.0023946
129	0.52907	0.46594	0.002606	0.00238
130	0.53317	0.46184	0.0026272	0.0023615
131	0.53777	0.45724	0.0026512	0.0023402
132	0.54292	0.45209	0.0026782	0.0023161
133	0.54861	0.44639	0.0027082	0.002289
134	0.55519	0.43981	0.0027424	0.0022578
135	0.56231	0.43269	0.0027796	0.0022235
136	0.57003	0.42497	0.00282	0.0021861
137	0.57853	0.41646	0.0028643	0.0021448
138	0.58763	0.40736	0.0029118	0.0021004
139	0.59734	0.39764	0.0029627	0.0020526
140	0.60769	0.38729	0.003017	0.0020013
141	0.61868	0.3763	0.003075	0.0019465
142	0.63035	0.36463	0.0031368	0.0018881
143	0.6427	0.35227	0.0032024	0.0018258
144	0.65581	0.33916	0.0032721	0.0017594
145	0.6699	0.32507	0.0033467	0.0016882
146	0.6852	0.30977	0.0034273	0.001611
147	0.70134	0.29362	0.0035126	0.0015291
148	0.69992	0.29504	0.0035082	0.0015369
149	0.69911	0.29584	0.0035072	0.0015414
150	0.69919	0.29576	0.0035105	0.0015416
151	0.70015	0.2948	0.003518	0.0015375
152	0.70173	0.29321	0.003529	0.0015301
153	0.7042	0.29074	0.0035442	0.0015184
154	0.70728	0.28766	0.0035628	0.0015033
155	0.71113	0.2838	0.0035852	0.0014845
156	0.71561	0.27932	0.003611	0.0014623
157	0.70314	0.29178	0.00355	0.0015269
158	0.69163	0.30329	0.0034936	0.0015869
159	0.68084	0.31408	0.003441	0.0016432
160	0.6711	0.32381	0.0033935	0.0016944
161	0.66206	0.33285	0.0033498	0.0017418
162	0.65368	0.34123	0.0033096	0.0017858
163	0.64595	0.34895	0.0032729	0.0018263
164	0.63919	0.35571	0.0032409	0.0018621
165	0.63336	0.36153	0.0032134	0.0018934
166	0.62845	0.36644	0.0031903	0.0019203
167	0.62411	0.37077	0.0031703	0.0019441
168	0.62053	0.37435	0.003154	0.0019642
169	0.61751	0.37737	0.0031407	0.0019813
170	0.61535	0.37953	0.0031317	0.0019942
171	0.61392	0.38095	0.0031262	0.0020035
172	0.61304	0.38183	0.0031237	0.0020098
173	0.61301	0.38186	0.0031254	0.002012
174	0.61383	0.38103	0.0031312	0.0020099
175	0.59502	0.39983	0.003035	0.00211
176	0.57731	0.41754	0.002944	0.0022048
177	0.56036	0.43449	0.0028573	0.0022955
178	0.54416	0.45069	0.0027746	0.0023822
179	0.52866	0.46618	0.0026957	0.002465
180	0.51388	0.48095	0.0026208	0.002544
181	0.5002	0.49464	0.0025511	0.0026178
182	0.48755	0.50728	0.0024864	0.0026865
183	0.47548	0.51934	0.0024249	0.0027521
184	0.46422	0.5306	0.0023672	0.0028138
185	0.45349	0.54133	0.0023124	0.0028727
186	0.44328	0.55153	0.0022606	0.0029287
187	0.43379	0.56102	0.0022121	0.0029813
188	0.42481	0.57	0.0021665	0.0030312
189	0.4165	0.5783	0.002124	0.0030778
190	0.40866	0.58614	0.0020842	0.0031218
191	0.40145	0.59334	0.0020474	0.0031629
192	0.39468	0.6001	0.0020131	0.0032015
193	0.38834	0.60644	0.0019811	0.0032378
194	0.38258	0.61219	0.0019519	0.0032713
195	0.37739	0.61738	0.0019254	0.0033022
196	0.37288	0.62189	0.0019022	0.0033297
197	0.36875	0.62601	0.0018811	0.0033551
198	0.36499	0.62977	0.0018621	0.0033785
199	0.3616	0.63316	0.0018451	0.0033999
200	0.35871	0.63604	0.0018306	0.0034189
201	0.35615	0.6386	0.0018179	0.003436
202	0.35422	0.64053	0.0018083	0.0034502
203	0.3526	0.64214	0.0018004	0.0034626
204	0.35131	0.64342	0.0017944	0.0034731
205	0.35034	0.64439	0.0017903	0.0034819
206	0.3497	0.64503	0.001788	0.0034888
207	0.34967	0.64505	0.0017887	0.0034928
208	0.34994	0.64477	0.0017911	0.0034951
209	0.35052	0.64419	0.0017953	0.0034957
210	0.35143	0.64327	0.0018015	0.0034944
211	0.35296	0.64174	0.0018106	0.0034901
212	0.35482	0.63987	0.0018217	0.0034839
213	0.35703	0.63766	0.0018348	0.0034757
214	0.35958	0.6351	0.0018499	0.0034656
215	0.36277	0.63191	0.0018681	0.0034523
216	0.36632	0.62836	0.0018885	0.003437
217	0.37023	0.62444	0.0019109	0.0034196
218	0.37481	0.61985	0.0019367	0.0033989
219	0.37975	0.61491	0.0019647	0.0033761
220	0.38509	0.60957	0.0019949	0.003351
221	0.3908	0.60385	0.0020274	0.0033237
222	0.39724	0.59741	0.0020636	0.0032928
223	0.40411	0.59053	0.0021023	0.0032593
224	0.41175	0.58289	0.0021449	0.003222
225	0.41985	0.57478	0.0021903	0.0031819
226	0.42844	0.56619	0.0022386	0.003139
227	0.4377	0.55692	0.0022903	0.0030926
228	0.44783	0.54678	0.0023465	0.0030417
229	0.45887	0.53573	0.0024073	0.0029863
230	0.47045	0.52415	0.0024713	0.0029276
231	0.48262	0.51197	0.002539	0.0028654
232	0.49562	0.49897	0.0026109	0.0027989
233	0.50924	0.48535	0.0026865	0.0027287
234	0.52352	0.47106	0.0027662	0.0026546
235	0.53847	0.4561	0.0028499	0.0025765
236	0.5352	0.45937	0.0028339	0.002598
237	0.53241	0.46215	0.0028208	0.0026167
238	0.53044	0.46412	0.0028118	0.0026313
239	0.52896	0.46559	0.0028057	0.0026431
240	0.52814	0.46641	0.0028029	0.0026515
241	0.52812	0.46642	0.0028042	0.0026559
242	0.52858	0.46595	0.0028083	0.0026574
243	0.52955	0.46498	0.0028154	0.0026561
244	0.53103	0.46349	0.0028255	0.0026518
245	0.53318	0.46133	0.002839	0.0026441
246	0.53583	0.45868	0.0028555	0.0026335
247	0.53915	0.45535	0.0028754	0.0026193
248	0.54298	0.45152	0.0028984	0.0026023
249	0.54735	0.44714	0.0029245	0.0025821
250	0.55243	0.44206	0.0029544	0.0025582
251	0.55804	0.43644	0.0029874	0.0025312
252	0.56421	0.43026	0.0030238	0.0025009
253	0.57129	0.42318	0.0030649	0.0024658
254	0.57894	0.41553	0.0031095	0.0024273
255	0.58717	0.40729	0.0031576	0.0023854
256	0.59602	0.39843	0.0032095	0.0023397
257	0.6055	0.38895	0.0032652	0.0022904
258	0.61561	0.37883	0.0033247	0.0022373
259	0.6264	0.36804	0.0033884	0.00218
260	0.63789	0.35654	0.0034565	0.0021185
261	0.65048	0.34394	0.0035304	0.002051
262	0.66379	0.33062	0.0036089	0.0019792
263	0.67786	0.31655	0.003692	0.0019027
264	0.69314	0.30126	0.0037817	0.0018197
265	0.70922	0.28517	0.0038764	0.0017316
266	0.72662	0.26776	0.0039783	0.0016363
267	0.74494	0.24943	0.004086	0.0015354
268	0.74522	0.24915	0.0040906	0.0015376
269	0.74613	0.24823	0.0040991	0.001536
270	0.74768	0.24668	0.0041114	0.0015307
271	0.74984	0.24451	0.0041274	0.0015217
272	0.75265	0.24169	0.0041473	0.0015089
273	0.75636	0.23797	0.0041722	0.0014911
274	0.76074	0.23359	0.0042011	0.0014694
275	0.76592	0.2284	0.0042344	0.0014432
276	0.77193	0.22239	0.0042722	0.0014125
277	0.7786	0.21571	0.0043142	0.0013777
278	0.78613	0.20817	0.0043609	0.0013382
279	0.79438	0.19991	0.004412	0.0012943
280	0.80366	0.19062	0.0044689	0.0012446
281	0.81368	0.1806	0.0045303	0.0011904
282	0.82445	0.16982	0.0045965	0.0011317
283	0.83599	0.15827	0.0046675	0.0010681
284	0.84869	0.14557	0.0047449	0.0009981
285	0.86223	0.13202	0.0048277	0.00092277
286	0.87685	0.1174	0.0049165	0.00084138
287	0.89257	0.10167	0.0050117	0.00075367
288	0.90944	0.084786	0.0051133	0.0006594
289	0.91234	0.081878	0.0051307	0.00064933
290	0.91589	0.078322	0.0051522	0.0006353
291	0.92008	0.074127	0.0051776	0.00061737
292	0.91544	0.078753	0.0051407	0.00066181
293	0.91157	0.082622	0.0051083	0.00070161
294	0.90833	0.085855	0.0050801	0.00073733
295	0.90572	0.088456	0.005056	0.00076904
296	0.90374	0.090431	0.0050359	0.00079678
297	0.90239	0.091768	0.00502	0.00082048
298	0.90185	0.092301	0.005009	0.00083924
299	0.90194	0.092201	0.0050021	0.00085402
300	0.90265	0.091482	0.004999	0.00086494
301	0.8921	0.10204	0.0049397	0.00091886
302	0.88247	0.11167	0.0048856	0.00096756
303	0.87359	0.12056	0.0048359	0.0010118
304	0.8657	0.12845	0.0047919	0.0010504
305	0.85853	0.13564	0.0047523	0.0010847
306	0.8523	0.14187	0.0047179	0.0011137
307	0.84677	0.1474	0.0046879	0.0011384
308	0.84193	0.15225	0.0046621	0.001159
309	0.83789	0.15629	0.0046407	0.0011751
310	0.83452	0.15967	0.0046235	0.0011871
311	0.83179	0.1624	0.0046102	0.0011953
312	0.82994	0.16426	0.0046019	0.0011985
313	0.81065	0.18356	0.0044896	0.0013057
314	0.79258	0.20163	0.0043841	0.0014061
315	0.77543	0.21879	0.0042843	0.0015009
316	0.75919	0.23503	0.0041902	0.0015901
317	0.74406	0.25017	0.0041021	0.0016732
318	0.72978	0.26445	0.0040193	0.0017511
319	0.71669	0.27754	0.003943	0.0018225
320	0.70436	0.28988	0.0038714	0.0018892
321	0.69315	0.30109	0.0038058	0.0019499
322	0.68265	0.3116	0.0037447	0.0020062
323	0.67304	0.32121	0.0036884	0.0020577
324	0.66413	0.33012	0.0036363	0.0021049
325	0.65607	0.33819	0.0035889	0.0021475
326	0.64884	0.34542	0.0035459	0.0021857
327	0.64256	0.35171	0.0035081	0.0022186
328	0.63688	0.3574	0.0034739	0.002248
329	0.63179	0.36249	0.0034433	0.0022739
330	0.62731	0.36698	0.0034164	0.0022961
331	0.62358	0.37072	0.0033935	0.0023143
332	0.62059	0.37371	0.0033746	0.0023285
333	0.61847	0.37583	0.0033603	0.002338
334	0.61691	0.3774	0.0033494	0.0023443
335	0.61607	0.37824	0.0033422	0.0023467
336	0.61608	0.37824	0.0033397	0.0023445
337	0.61667	0.37765	0.0033405	0.002339
338	0.59789	0.39643	0.0032297	0.0024452
339	0.58043	0.4139	0.003126	0.0025443
340	0.56377	0.43057	0.0030274	0.0026383
341	0.5483	0.44604	0.0029353	0.0027258
342	0.53357	0.46077	0.0028477	0.0028088
343	0.51976	0.47459	0.0027652	0.0028869
344	0.50658	0.48777	0.0026865	0.002961
345	0.49426	0.5001	0.0026125	0.0030305
346	0.48275	0.51161	0.0025428	0.0030957
347	0.47184	0.52252	0.0024768	0.0031573
348	0.4615	0.53287	0.0024142	0.0032154
349	0.45171	0.54266	0.0023551	0.0032702
350	0.44279	0.55158	0.0023005	0.0033204
351	0.43439	0.56	0.002249	0.0033675
352	0.42647	0.56792	0.0022005	0.0034118
353	0.41903	0.57536	0.0021548	0.0034533
354	0.41237	0.58202	0.0021132	0.0034907
355	0.40616	0.58824	0.0020742	0.0035255
356	0.40035	0.59406	0.0020376	0.0035581
357	0.39493	0.59948	0.0020033	0.0035883
358	0.39009	0.60432	0.0019718	0.0036157
359	0.38565	0.60877	0.0019427	0.0036408
360	0.3816	0.61282	0.0019158	0.0036637
361	0.37823	0.6162	0.0018923	0.0036833
362	0.3752	0.61923	0.0018707	0.0037009
363	0.37252	0.62191	0.0018511	0.0037167
364	0.37049	0.62395	0.0018347	0.0037293
365	0.36882	0.62562	0.0018202	0.0037399
366	0.36765	0.62679	0.0018081	0.0037482
367	0.36712	0.62733	0.001799	0.0037534
368	0.36694	0.62752	0.0017918	0.0037568
369	0.36739	0.62707	0.0017876	0.0037572
370	0.36847	0.62599	0.0017863	0.0037547
371	0.36988	0.62458	0.0017867	0.0037504
372	0.3718	0.62266	0.0017894	0.0037439
373	0.37406	0.62041	0.0017938	0.0037358
374	0.37684	0.61764	0.0018005	0.0037253
375	0.37996	0.61452	0.0018089	0.0037131
376	0.38344	0.61104	0.0018191	0.0036992
377	0.38727	0.60721	0.0018311	0.0036836
378	0.3915	0.60299	0.0018451	0.0036661
379	0.39642	0.59807	0.0018621	0.0036455
380	0.40192	0.59257	0.0018816	0.0036224
381	0.40785	0.58665	0.0019031	0.0035974
382	0.41438	0.58012	0.0019272	0.0035697
383	0.42153	0.57297	0.0019538	0.0035395
384	0.42913	0.56538	0.0019825	0.0035073
385	0.43738	0.55713	0.002014	0.0034723
386	0.44613	0.54838	0.0020478	0.003435
387	0.4554	0.53912	0.002084	0.0033953
388	0.46518	0.52934	0.0021225	0.0033534
389	0.47548	0.51905	0.0021635	0.0033091
390	0.48632	0.50821	0.0022069	0.0032624
391	0.49795	0.49658	0.0022536	0.0032125
392	0.51021	0.48433	0.0023031	0.0031597
393	0.52332	0.47123	0.0023561	0.0031035
394	0.5371	0.45745	0.0024122	0.0030442
395	0.5518	0.44275	0.002472	0.0029812
396	0.5672	0.42735	0.0025349	0.0029152
397	0.56377	0.43079	0.0024976	0.0029493
398	0.56088	0.43368	0.0024632	0.0029805
399	0.5585	0.43606	0.0024315	0.0030092
400	0.55666	0.4379	0.0024027	0.003035
401	0.55535	0.43921	0.0023765	0.0030582
402	0.55487	0.4397	0.0023542	0.0030776
403	0.5552	0.43938	0.0023355	0.0030933
404	0.53482	0.45977	0.0022451	0.0031578
405	0.51556	0.47907	0.0021595	0.0032174
406	0.49755	0.4971	0.0020794	0.0032715
407	0.48029	0.51438	0.0020032	0.0033218
408	0.46372	0.53098	0.0019304	0.0033688
409	0.44825	0.54648	0.0018625	0.0034111
410	0.4334	0.56136	0.0017976	0.0034503
411	0.41916	0.57562	0.0017359	0.0034866
412	0.40572	0.58908	0.0016776	0.0035194
413	0.39323	0.6016	0.0016232	0.0035483
414	0.38162	0.61323	0.0015726	0.0035734
415	0.37049	0.62439	0.0015243	0.0035963
416	0.35979	0.63511	0.0014782	0.0036171
417	0.34974	0.64519	0.0014348	0.0036352
418	0.3403	0.65465	0.0013938	0.0036509
419	0.33145	0.66354	0.0013553	0.0036641
420	0.32298	0.67203	0.0013187	0.0036755
421	0.31489	0.68014	0.0012839	0.0036853
422	0.30713	0.68793	0.0012507	0.0036935
423	0.29968	0.6954	0.0012191	0.0037003
424	0.29273	0.70238	0.0011895	0.0037052
425	0.28624	0.70889	0.0011616	0.0037082
426	0.28035	0.71481	0.0011361	0.0037089
427	0.27473	0.72045	0.0011119	0.0037084
428	0.26954	0.72566	0.0010894	0.0037062
429	0.26461	0.73062	0.0010681	0.0037029
430	0.2602	0.73506	0.0010488	0.0036976
431	0.256	0.73928	0.0010306	0.0036913
432	0.25204	0.74327	0.0010134	0.0036841
433	0.24827	0.74706	0.00099723	0.0036761
434	0.24486	0.75049	0.00098233	0.0036668
435	0.2418	0.75358	0.00096867	0.0036562
436	0.23893	0.75647	0.00095597	0.0036448
437	0.2364	0.75902	0.00094444	0.0036321
438	0.23431	0.76114	0.00093452	0.0036179
439	0.2324	0.76307	0.00092546	0.0036029
440	0.23081	0.76469	0.00091748	0.0035868
441	0.22952	0.766	0.00091056	0.0035697
442	0.22866	0.76689	0.00090513	0.003551
443	0.22796	0.7676	0.00090046	0.0035317
444	0.22742	0.76817	0.00089645	0.0035119
445	0.22728	0.76833	0.00089388	0.0034905
446	0.22732	0.76832	0.00089204	0.0034686
447	0.22777	0.7679	0.00089161	0.0034453
448	0.22836	0.76733	0.0008918	0.0034215
449	0.22926	0.76645	0.00089295	0.0033967
450	0.23031	0.76543	0.00089471	0.0033714
451	0.23151	0.76425	0.0008971	0.0033456
452	0.23286	0.76292	0.00090011	0.0033193
453	0.2344	0.76141	0.00090385	0.0032924
454	0.23609	0.75974	0.00090822	0.003265
455	0.23795	0.7579	0.00091325	0.0032371
456	0.24025	0.75563	0.00091971	0.0032077
457	0.243	0.7529	0.00092763	0.0031768
458	0.24592	0.75	0.00093622	0.0031454
459	0.24906	0.74688	0.0009456	0.0031133
460	0.25255	0.74342	0.00095603	0.0030801
461	0.2564	0.73959	0.00096753	0.0030459
462	0.26075	0.73526	0.00098058	0.00301
463	0.26534	0.73069	0.0009945	0.0029734
464	0.27033	0.72572	0.0010096	0.0029357
465	0.27559	0.72049	0.0010255	0.0028972
466	0.2814	0.7147	0.0010432	0.0028569
467	0.28749	0.70863	0.0010618	0.0028159
468	0.29418	0.70197	0.0010823	0.002773
469	0.30149	0.69468	0.0011045	0.0027282
470	0.3091	0.68709	0.0011277	0.0026826
471	0.31723	0.67898	0.0011523	0.0026356
472	0.3259	0.67033	0.0011784	0.0025871
473	0.33493	0.66132	0.0012055	0.0025376
474	0.34437	0.65191	0.001234	0.002487
475	0.35441	0.64189	0.001264	0.0024347
476	0.36489	0.63143	0.0012955	0.0023812
477	0.37585	0.6205	0.0013283	0.0023264
478	0.38748	0.60889	0.001363	0.0022698
479	0.3996	0.59679	0.001399	0.0022119
480	0.41222	0.5842	0.0014366	0.0021527
481	0.4254	0.57104	0.0014758	0.0020919
482	0.43916	0.55729	0.0015168	0.0020294
483	0.45354	0.54293	0.0015596	0.0019653
484	0.44954	0.54696	0.0015372	0.0019666
485	0.44629	0.55023	0.0015173	0.0019653
486	0.44345	0.55309	0.0014991	0.0019623
487	0.44122	0.55534	0.001483	0.0019573
488	0.4397	0.55688	0.0014692	0.00195
489	0.43862	0.55798	0.0014571	0.001941
490	0.43826	0.55837	0.0014472	0.0019298
491	0.43829	0.55835	0.0014389	0.0019172
492	0.43876	0.55791	0.0014322	0.0019031
493	0.4398	0.55688	0.0014272	0.0018872
494	0.44157	0.55514	0.0014244	0.0018692
495	0.44406	0.55266	0.0014237	0.001849
496	0.44697	0.54977	0.0014244	0.0018275
497	0.45063	0.54614	0.0014271	0.0018039
498	0.45471	0.54208	0.0014313	0.001779
499	0.45942	0.53739	0.0014371	0.0017524
500	0.46476	0.53207	0.0014446	0.0017241
501	0.4706	0.52625	0.0014536	0.0016945
502	0.4771	0.51977	0.0014643	0.0016631
503	0.48408	0.51281	0.0014764	0.0016305
504	0.49177	0.50514	0.0014902	0.0015961
505	0.5	0.49694	0.0015055	0.0015603
506	0.50879	0.48817	0.0015224	0.0015231
507	0.51812	0.47886	0.0015408	0.0014845
508	0.52805	0.46895	0.0015608	0.0014444
509	0.53878	0.45824	0.0015827	0.0014025
510	0.55011	0.44692	0.0016061	0.0013591
511	0.56208	0.43498	0.0016311	0.0013142
512	0.57472	0.42235	0.0016579	0.0012677
513	0.58846	0.40863	0.0016872	0.0012187
514	0.60291	0.3942	0.0017182	0.001168
515	0.61809	0.37904	0.001751	0.0011157
516	0.6345	0.36266	0.0017864	0.0010607
517	0.65174	0.34543	0.0018239	0.0010038
518	0.6701	0.32709	0.0018637	0.00094455
519	0.68985	0.30736	0.0019064	0.00088232
520	0.71052	0.28671	0.0019512	0.00081815
521	0.73247	0.26478	0.0019985	0.00075142
522	0.75543	0.24184	0.002048	0.00068262
523	0.77944	0.21785	0.0020998	0.00061167
524	0.80454	0.19277	0.0021539	0.0005385
525	0.83083	0.16649	0.0022106	0.00046289
526	0.8365	0.16084	0.0022106	0.00044416
527	0.84312	0.15425	0.0022128	0.00042322
528	0.85046	0.14693	0.0022167	0.00040055
529	0.8585	0.1389	0.0022225	0.00037623
530	0.86727	0.13015	0.0022301	0.00035026
531	0.87695	0.12049	0.0022396	0.00032233
532	0.87489	0.12257	0.0022184	0.00032526
533	0.87358	0.12389	0.002199	0.00032625
534	0.8729	0.12459	0.0021815	0.00032556
535	0.87307	0.12444	0.002166	0.0003228
536	0.87386	0.12367	0.0021522	0.00031843
537	0.87528	0.12226	0.0021401	0.00031248
538	0.87734	0.12022	0.0021297	0.00030499
539	0.88004	0.11755	0.002121	0.00029597
540	0.88339	0.11421	0.0021139	0.0002854
541	0.88741	0.11021	0.0021085	0.00027329
542	0.89231	0.10532	0.002105	0.0002593
543	0.89801	0.099641	0.002103	0.00024364
544	0.8936	0.10407	0.0020767	0.0002523
545	0.88985	0.10783	0.0020523	0.0002592
546	0.88677	0.11093	0.0020297	0.00026438
547	0.8685	0.12923	0.0019724	0.00030445
548	0.8516	0.14614	0.0019187	0.00034085
549	0.83603	0.16172	0.0018684	0.00037378
550	0.82137	0.17641	0.0018209	0.00040405
551	0.80758	0.19022	0.0017761	0.00043177
552	0.79498	0.20283	0.0017342	0.00045648
553	0.78317	0.21466	0.0016947	0.00047896
554	0.77215	0.22569	0.0016575	0.00049924
555	0.7619	0.23596	0.0016225	0.00051742
556	0.75241	0.24547	0.0015897	0.00053357
557	0.74365	0.25424	0.0015589	0.0005478
558	0.73561	0.2623	0.0015301	0.00056017
559	0.72824	0.26969	0.0015031	0.00057082
560	0.72185	0.27609	0.0014782	0.0005793
561	0.71628	0.28168	0.0014552	0.00058596
562	0.71152	0.28645	0.0014338	0.00059086
563	0.70739	0.29061	0.001414	0.00059431
564	0.70416	0.29385	0.0013961	0.00059587
565	0.70157	0.29646	0.0013796	0.00059604
566	0.69974	0.2983	0.0013647	0.00059466
567	0.69854	0.29952	0.0013512	0.00059198
568	0.6981	0.29998	0.0013391	0.00058784
569	0.69854	0.29955	0.0013286	0.00058206
570	0.69987	0.29824	0.0013197	0.00057468
571	0.70209	0.29603	0.0013122	0.00056574
572	0.70491	0.29323	0.001306	0.0005557
573	0.70852	0.28964	0.0013011	0.00054437
574	0.71276	0.28541	0.0012973	0.00053193
575	0.7178	0.28039	0.0012948	0.00051825
576	0.72348	0.27472	0.0012934	0.00050353
577	0.73012	0.2681	0.0012934	0.00048736
578	0.73744	0.26079	0.0012946	0.00047014
579	0.74547	0.25278	0.0012969	0.00045187
580	0.75452	0.24375	0.0013006	0.00043215
581	0.76431	0.23397	0.0013055	0.0004114
582	0.77484	0.22346	0.0013115	0.00038965
583	0.77062	0.2277	0.0012922	0.00039329
584	0.76732	0.23101	0.0012745	0.00039532
585	0.76464	0.2337	0.0012581	0.00039616
586	0.7626	0.23576	0.0012429	0.00039585
587	0.76118	0.2372	0.001229	0.00039443
588	0.76065	0.23774	0.0012164	0.00039159
589	0.76076	0.23765	0.001205	0.00038767
590	0.76148	0.23694	0.0011947	0.00038274
591	0.76283	0.23561	0.0011855	0.00037684
592	0.7648	0.23365	0.0011773	0.00036998
593	0.76756	0.23091	0.0011703	0.00036202
594	0.77122	0.22726	0.0011644	0.00035281
595	0.77552	0.22297	0.0011595	0.00034271
596	0.78048	0.21803	0.0011556	0.00033174
597	0.78611	0.21241	0.0011526	0.00031988
598	0.79258	0.20596	0.0011507	0.000307
599	0.79991	0.19865	0.0011497	0.00029312
600	0.80796	0.19061	0.0011497	0.00027838
601	0.81704	0.18155	0.0011508	0.00026248
602	0.82718	0.17143	0.001153	0.00024541
603	0.83807	0.16054	0.0011562	0.00022754
604	0.83566	0.16297	0.0011404	0.00022849
605	0.83412	0.16453	0.0011259	0.00022821
606	0.83324	0.16543	0.0011124	0.00022698
607	0.81676	0.18192	0.0010779	0.00024667
608	0.80117	0.19752	0.0010453	0.00026465
609	0.78647	0.21223	0.0010144	0.00028096
610	0.77264	0.22608	0.0009852	0.00029568
611	0.76	0.23874	0.00095783	0.00030854
612	0.74812	0.25062	0.00093194	0.00032002
613	0.73721	0.26155	0.00090749	0.00033002
614	0.72703	0.27175	0.00088439	0.00033877
615	0.71755	0.28124	0.00086256	0.00034634
616	0.70877	0.29004	0.00084194	0.00035279
617	0.70068	0.29814	0.00082253	0.00035813
618	0.69358	0.30525	0.00080442	0.00036213
619	0.68716	0.31169	0.00078739	0.00036514
620	0.68154	0.31732	0.0007714	0.00036708
621	0.67672	0.32215	0.0007564	0.00036801
622	0.67251	0.32638	0.00074231	0.0003681
623	0.66892	0.32998	0.00072914	0.00036738
624	0.6661	0.33282	0.00071683	0.00036576
625	0.66403	0.3349	0.00070534	0.00036329
626	0.66254	0.3364	0.00069463	0.00036013
627	0.66164	0.33732	0.00068466	0.00035631
628	0.6616	0.33737	0.00067555	0.0003516
629	0.66217	0.33682	0.00066714	0.00034627
630	0.66348	0.33552	0.00065941	0.00034024
631	0.66555	0.33346	0.00065233	0.00033353
632	0.6682	0.33082	0.00064586	0.0003263
633	0.67147	0.32757	0.00064	0.00031854
634	0.67535	0.3237	0.00063475	0.00031027
635	0.68002	0.31905	0.00063006	0.0003014
636	0.68548	0.3136	0.00062591	0.00029196
637	0.69188	0.30721	0.0006224	0.00028185
638	0.69893	0.30018	0.00061939	0.00027132
639	0.70666	0.29247	0.00061689	0.00026038
640	0.71539	0.28375	0.00061498	0.0002488
641	0.72481	0.27434	0.00061352	0.00023685
642	0.73497	0.26419	0.00061254	0.00022452
643	0.74585	0.25332	0.00061199	0.00021184
644	0.75748	0.24171	0.00061186	0.00019883
645	0.77026	0.22895	0.00061227	0.00018524
646	0.78423	0.21499	0.00061321	0.00017108
647	0.79903	0.2002	0.00061453	0.00015662
648	0.81512	0.18412	0.00061635	0.00014162
649	0.8321	0.16715	0.00061855	0.00012634
650	0.85028	0.14899	0.0006211	0.00011066
651	0.86943	0.12985	0.00062399	9.4734e-05
652	0.87251	0.12678	0.00061483	9.0803e-05
653	0.87637	0.12294	0.00060609	8.643e-05
654	0.88089	0.11843	0.00059779	8.1698e-05
655	0.88609	0.11325	0.00058994	7.6615e-05
656	0.8921	0.10725	0.00058243	7.1151e-05
657	0.8988	0.10056	0.00057531	6.5389e-05
658	0.90645	0.092926	0.00056854	5.9222e-05
659	0.91483	0.084551	0.00056215	5.2781e-05
660	0.92396	0.07544	0.00055608	4.6099e-05
661	0.92292	0.076491	0.00054383	4.5699e-05
662	0.92259	0.076831	0.00053196	4.4871e-05
663	0.92298	0.07646	0.00052046	4.3644e-05
664	0.92397	0.075474	0.00050938	4.2079e-05
665	0.92576	0.0737	0.00049865	4.0126e-05
666	0.92827	0.071207	0.00048821	3.7849e-05
667	0.9314	0.068087	0.00047811	3.5306e-05
668	0.92597	0.073529	0.00046358	3.7161e-05
669	0.92122	0.078296	0.00044961	3.854e-05
670	0.91722	0.082301	0.00043608	3.9445e-05
671	0.91398	0.085555	0.00042295	3.991e-05
672	0.91156	0.087988	0.00041022	3.9931e-05
673	0.90978	0.089778	0.00039793	3.9603e-05
674	0.90882	0.09076	0.00038598	3.8894e-05
675	0.90848	0.091105	0.00037442	3.7893e-05
676	0.90895	0.090645	0.00036313	3.6569e-05
677	0.91005	0.089564	0.00035216	3.5011e-05
678	0.91177	0.087859	0.00034148	3.3243e-05
679	0.9143	0.08534	0.00033101	3.123e-05
680	0.91746	0.082189	0.00032078	2.9055e-05
681	0.92146	0.078206	0.00031071	2.6684e-05
682	0.92612	0.073558	0.00030084	2.4193e-05
683	0.93145	0.068237	0.00029116	2.1601e-05
684	0.93747	0.062231	0.00028165	1.893e-05
685	0.94418	0.05553	0.00027228	1.6201e-05
686	0.95171	0.048014	0.00026293	1.3417e-05
687	0.96017	0.039569	0.0002536	1.0577e-05
688	0.96935	0.030394	0.00024433	7.7541e-06
689	0.97929	0.020474	0.00023511	4.9695e-06
690	0.99	0.0097697	0.00022591	2.2394e-06
691	0.98942	0.010364	0.00021407	2.2399e-06
692	0.98942	0.010372	0.00020233	2.1084e-06
693	0.98995	0.0098593	0.00019076	1.8757e-06
694	0.99103	0.0087867	0.00017924	1.5555e-06
695	0.99264	0.0071896	0.00016787	1.1714e-06
696	0.99485	0.0049969	0.00015652	7.3315e-07
697	0.99765	0.0022008	0.00014515	2.606e-07
698	0.99837	0.0014968	0.00013353	1.2566e-07
699	0.99595	0.0039212	0.00013138	4.3935e-07
700	0.99408	0.0057891	0.0001293	6.7285e-07
701	0.99277	0.0071058	0.00012728	8.2976e-07
702	0.99202	0.0078502	0.00012532	9.1069e-07
703	0.99179	0.0080822	0.00012343	9.2431e-07
704	0.99208	0.0078021	0.00012162	8.7358e-07
705	0.99287	0.0070093	0.00011988	7.6131e-07
706	0.99112	0.0087614	0.00011783	9.3515e-07
707	0.9899	0.0099869	0.00011586	1.0405e-06
708	0.9892	0.010688	0.00011397	1.0805e-06
709	0.98432	0.01557	0.00011163	1.5427e-06
710	0.98011	0.019774	0.00010938	1.9148e-06
711	0.97652	0.023374	0.00010721	2.2049e-06
712	0.97358	0.026316	0.00010511	2.4139e-06
713	0.97123	0.028667	0.00010309	2.5492e-06
714	0.96952	0.030375	0.00010113	2.6115e-06
715	0.9685	0.031396	9.9229e-05	2.6006e-06
716	0.96805	0.031846	9.7396e-05	2.5284e-06
717	0.96819	0.031716	9.5631e-05	2.3973e-06
718	0.96889	0.031016	9.3929e-05	2.2113e-06
719	0.97023	0.02968	9.2267e-05	1.9699e-06
720	0.97225	0.027654	9.0646e-05	1.6724e-06
721	0.96883	0.031079	9.1046e-05	2.0648e-06
722	0.96601	0.033898	9.1503e-05	2.4042e-06
723	0.96379	0.036116	9.2016e-05	2.6896e-06
724	0.96228	0.037623	9.2577e-05	2.9125e-06
725	0.96136	0.038547	9.3196e-05	3.0805e-06
726	0.96101	0.03889	9.3873e-05	3.1924e-06
727	0.96125	0.038652	9.4609e-05	3.2469e-06
728	0.96214	0.037763	9.5396e-05	3.2385e-06
729	0.96361	0.036291	9.6244e-05	3.1698e-06
730	0.96567	0.034235	9.7157e-05	3.0393e-06
731	0.96838	0.031515	9.8125e-05	2.8407e-06
732	0.97171	0.028191	9.9163e-05	2.5756e-06
733	0.97564	0.024254	0.00010027	2.2418e-06
734	0.9743	0.025594	0.00010086	2.4135e-06
735	0.97353	0.026363	0.00010151	2.5264e-06
736	0.97343	0.026468	0.00010222	2.5725e-06
737	0.97399	0.025909	0.00010297	2.5502e-06
738	0.97521	0.024685	0.00010379	2.4581e-06
739	0.97117	0.028722	0.00010404	2.9136e-06
740	0.96781	0.032079	0.00010435	3.3027e-06
741	0.96518	0.034712	0.00010471	3.6194e-06
742	0.96326	0.036629	0.00010514	3.8631e-06
743	0.96194	0.037952	0.00010563	4.0423e-06
744	0.96121	0.038683	0.00010619	4.1562e-06
745	0.96118	0.038711	0.00010681	4.1944e-06
746	0.96185	0.038035	0.00010749	4.1556e-06
747	0.96312	0.036767	0.00010825	4.0476e-06
748	0.9651	0.034789	0.00010907	3.8595e-06
749	0.96767	0.032213	0.00010997	3.5991e-06
750	0.97097	0.028913	0.00011094	3.2545e-06
751	0.97487	0.025011	0.00011198	2.835e-06
752	0.97946	0.020422	0.0001131	2.3329e-06
753	0.98467	0.015215	0.00011429	1.7515e-06
754	0.99052	0.0093667	0.00011557	1.087e-06
755	0.99179	0.0080897	0.00011632	9.47e-07
756	0.99359	0.0062876	0.00011713	7.4265e-07
757	0.99298	0.0069	0.00011766	8.2101e-07
758	0.99288	0.0070045	0.00011826	8.3883e-07
759	0.99333	0.0065483	0.00011891	7.903e-07
760	0.99126	0.0086182	0.00011923	1.0483e-06
761	0.98972	0.010157	0.00011963	1.2434e-06
762	0.98872	0.011162	0.00012009	1.3743e-06
763	0.98294	0.01694	0.00011994	2.0975e-06
764	0.97787	0.022008	0.00011986	2.7416e-06
765	0.97342	0.026458	0.00011985	3.313e-06
766	0.96958	0.030299	0.00011992	3.8118e-06
767	0.96641	0.033463	0.00012006	4.2319e-06
768	0.96385	0.03602	0.00012027	4.5776e-06
769	0.96201	0.037861	0.00012056	4.8375e-06
770	0.95059	0.04928	0.00011962	6.3213e-06
771	0.94012	0.059756	0.00011878	7.7005e-06
772	0.93056	0.069316	0.00011802	8.9768e-06
773	0.92174	0.078132	0.00011736	1.0164e-05
774	0.91367	0.0862	0.00011679	1.1259e-05
775	0.90656	0.093315	0.00011632	1.2243e-05
776	0.90013	0.099736	0.00011594	1.3141e-05
777	0.8944	0.10547	0.00011565	1.3952e-05
778	0.88935	0.11052	0.00011544	1.4676e-05
779	0.88519	0.11468	0.00011534	1.5291e-05
780	0.88167	0.11819	0.00011532	1.5822e-05
781	0.87893	0.12094	0.00011538	1.6256e-05
782	0.86077	0.1391	0.00011338	1.8754e-05
783	0.84398	0.15589	0.00011153	2.1091e-05
784	0.8281	0.17177	0.00010979	2.3316e-05
785	0.8135	0.18637	0.00010819	2.539e-05
786	0.79977	0.2001	0.00010671	2.7353e-05
787	0.78688	0.21298	0.00010533	2.9208e-05
788	0.775	0.22487	0.00010407	3.0944e-05
789	0.76388	0.23599	0.0001029	3.258e-05
790	0.7537	0.24616	0.00010183	3.4101e-05
791	0.74425	0.25562	0.00010087	3.5527e-05
792	0.7355	0.26437	9.9996e-05	3.686e-05
793	0.72743	0.27243	9.9219e-05	3.8101e-05
794	0.72004	0.27983	9.8534e-05	3.9251e-05
795	0.71333	0.28653	9.7944e-05	4.0308e-05
796	0.70758	0.29228	9.7466e-05	4.124e-05
797	0.70246	0.2974	9.7078e-05	4.2084e-05
798	0.69799	0.30187	9.6783e-05	4.2838e-05
799	0.69414	0.30572	9.6577e-05	4.3504e-05
800	0.69106	0.3088	9.6463e-05	4.4066e-05
801	0.68888	0.31098	9.6458e-05	4.4507e-05
802	0.6873	0.31256	9.6541e-05	4.486e-05
803	0.68647	0.31339	9.6717e-05	4.5109e-05
804	0.68623	0.31362	9.6983e-05	4.5269e-05
805	0.68658	0.31327	9.734e-05	4.5341e-05
806	0.68769	0.31216	9.7792e-05	4.5305e-05
807	0.68969	0.31016	9.8357e-05	4.5143e-05
808	0.69259	0.30727	9.9037e-05	4.4853e-05
809	0.69639	0.30347	9.9834e-05	4.4433e-05
810	0.7008	0.29905	0.00010073	4.3915e-05
811	0.70601	0.29384	0.00010173	4.3281e-05
812	0.71204	0.28782	0.00010284	4.2527e-05
813	0.71873	0.28112	0.00010406	4.1666e-05
814	0.72611	0.27374	0.00010539	4.0694e-05
815	0.73416	0.26569	0.00010683	3.9612e-05
816	0.7429	0.25696	0.00010839	3.8418e-05
817	0.73643	0.26342	0.00010768	3.9473e-05
818	0.73079	0.26906	0.00010708	4.0411e-05
819	0.72582	0.27403	0.00010658	4.125e-05
820	0.72178	0.27807	0.0001062	4.1957e-05
821	0.71836	0.2815	0.00010592	4.2569e-05
822	0.71557	0.28428	0.00010574	4.3083e-05
823	0.71342	0.28643	0.00010566	4.3499e-05
824	0.71204	0.28781	0.00010568	4.3802e-05
825	0.71129	0.28856	0.00010579	4.4008e-05
826	0.7113	0.28855	0.00010601	4.4101e-05
827	0.71207	0.28778	0.00010633	4.4081e-05
828	0.71348	0.28637	0.00010676	4.3961e-05
829	0.71548	0.28437	0.00010728	4.3743e-05
830	0.71812	0.28173	0.00010791	4.3423e-05
831	0.7214	0.27845	0.00010864	4.2999e-05
832	0.72532	0.27453	0.00010948	4.247e-05
833	0.73016	0.26968	0.00011045	4.18e-05
834	0.73567	0.26417	0.00011154	4.1019e-05
835	0.74201	0.25784	0.00011273	4.0111e-05
836	0.74901	0.25084	0.00011404	3.9092e-05
837	0.75687	0.24298	0.00011548	3.7939e-05
838	0.76561	0.23423	0.00011703	3.6649e-05
839	0.7754	0.22444	0.00011874	3.5197e-05
840	0.78593	0.21391	0.00012057	3.362e-05
841	0.79722	0.20263	0.00012254	3.1914e-05
842	0.80931	0.19054	0.00012465	3.0069e-05
843	0.82223	0.17762	0.0001269	2.8082e-05
844	0.83635	0.16349	0.00012933	2.5905e-05
845	0.85174	0.14811	0.00013194	2.353e-05
846	0.86802	0.13183	0.00013471	2.1001e-05
847	0.88526	0.11458	0.00013765	1.8304e-05
848	0.90372	0.096128	0.00014077	1.5414e-05
849	0.92321	0.076637	0.00014408	1.2344e-05
850	0.92725	0.072595	0.00014492	1.1722e-05
851	0.93195	0.06789	0.00014588	1.099e-05
852	0.93733	0.062512	0.00014695	1.0147e-05
853	0.94357	0.056269	0.00014814	9.1671e-06
854	0.9505	0.049343	0.00014946	8.0728e-06
855	0.95812	0.041724	0.00015089	6.8615e-06
856	0.95804	0.041802	0.00015109	6.8846e-06
857	0.95867	0.041169	0.00015139	6.7967e-06
858	0.9599	0.03994	0.0001518	6.6111e-06
859	0.96185	0.037993	0.0001523	6.3128e-06
860	0.9644	0.035443	0.0001529	5.9149e-06
861	0.96756	0.032285	0.00015361	5.4162e-06
862	0.97145	0.028387	0.00015442	4.8001e-06
863	0.97596	0.023877	0.00015534	4.0818e-06
864	0.98109	0.018745	0.00015636	3.2594e-06
865	0.98089	0.018946	0.00015668	3.2815e-06
866	0.98124	0.018602	0.00015709	3.2142e-06
867	0.97678	0.023064	0.00015669	3.9452e-06
868	0.97292	0.02692	0.00015639	4.5788e-06
869	0.96973	0.030105	0.00015619	5.108e-06
870	0.96726	0.032575	0.00015607	5.5252e-06
871	0.9655	0.03434	0.00015606	5.8311e-06
872	0.96431	0.035524	0.00015615	6.0411e-06
873	0.96372	0.036121	0.00015634	6.1535e-06
874	0.96371	0.036131	0.00015663	6.168e-06
875	0.95638	0.043453	0.00015567	7.4099e-06
876	0.94975	0.050089	0.00015484	8.5394e-06
877	0.94378	0.056054	0.00015412	9.5584e-06
878	0.93848	0.061356	0.00015351	1.0468e-05
879	0.93394	0.0659	0.00015301	1.1258e-05
880	0.93014	0.069699	0.00015261	1.193e-05
881	0.92697	0.072865	0.00015232	1.2496e-05
882	0.92443	0.075403	0.00015215	1.2955e-05
883	0.92253	0.077305	0.00015208	1.3307e-05
884	0.9085	0.091332	0.00014997	1.571e-05
885	0.89536	0.10448	0.00014801	1.7967e-05
886	0.88304	0.11679	0.00014619	2.0086e-05
887	0.87153	0.1283	0.0001445	2.2071e-05
888	0.86081	0.13902	0.00014296	2.3924e-05
889	0.85088	0.14895	0.00014154	2.5645e-05
890	0.8417	0.15814	0.00014026	2.7241e-05
891	0.83324	0.16659	0.00013911	2.8713e-05
892	0.82567	0.17416	0.00013808	3.0046e-05
893	0.8188	0.18103	0.00013717	3.126e-05
894	0.81289	0.18694	0.0001364	3.2319e-05
895	0.80793	0.1919	0.00013577	3.3226e-05
896	0.80364	0.19619	0.00013527	3.4015e-05
897	0.80016	0.19967	0.00013488	3.4673e-05
898	0.79747	0.20236	0.00013461	3.5201e-05
899	0.79541	0.20442	0.00013445	3.5616e-05
900	0.79401	0.20582	0.00013442	3.5916e-05
901	0.79326	0.20657	0.0001345	3.6101e-05
902	0.79328	0.20655	0.0001347	3.6156e-05
903	0.79419	0.20564	0.00013503	3.6062e-05
904	0.79575	0.20408	0.00013549	3.5851e-05
905	0.79794	0.20188	0.00013606	3.5526e-05
906	0.80092	0.1989	0.00013676	3.5067e-05
907	0.78947	0.21035	0.00013495	3.711e-05
908	0.77899	0.22084	0.00013329	3.8997e-05
909	0.76923	0.23059	0.00013177	4.0754e-05
910	0.76023	0.2396	0.00013038	4.2379e-05
911	0.75192	0.2479	0.00012911	4.3881e-05
912	0.74433	0.25549	0.00012798	4.5256e-05
913	0.73744	0.26239	0.00012697	4.6507e-05
914	0.73123	0.2686	0.00012609	4.7635e-05
915	0.72585	0.27398	0.00012533	4.8627e-05
916	0.72127	0.27856	0.0001247	4.9484e-05
917	0.71734	0.28248	0.00012418	5.0224e-05
918	0.71433	0.2855	0.00012381	5.0809e-05
919	0.71192	0.2879	0.00012355	5.1283e-05
920	0.71013	0.2897	0.00012341	5.1647e-05
921	0.70922	0.29061	0.0001234	5.1858e-05
922	0.70893	0.29089	0.00012351	5.1954e-05
923	0.70942	0.29041	0.00012374	5.1919e-05
924	0.71079	0.28904	0.00012411	5.1731e-05
925	0.71305	0.28677	0.00012462	5.1388e-05
926	0.71593	0.2839	0.00012525	5.0932e-05
927	0.71971	0.28011	0.00012602	5.0317e-05
928	0.72442	0.2754	0.00012694	4.9543e-05
929	0.72977	0.27006	0.00012799	4.8649e-05
930	0.73576	0.26407	0.00012915	4.7633e-05
931	0.74258	0.25724	0.00013045	4.6471e-05
932	0.75007	0.24975	0.00013188	4.5182e-05
933	0.75828	0.24154	0.00013345	4.3758e-05
934	0.75107	0.24876	0.00013228	4.508e-05
935	0.74452	0.2553	0.00013123	4.628e-05
936	0.73894	0.26088	0.00013033	4.7314e-05
937	0.7343	0.26552	0.00012959	4.8186e-05
938	0.7303	0.26953	0.00012896	4.8942e-05
939	0.72721	0.27262	0.00012847	4.9539e-05
940	0.72502	0.2748	0.00012813	4.9979e-05
941	0.72344	0.27638	0.00012791	5.0305e-05
942	0.72249	0.27733	0.00012781	5.0513e-05
943	0.72217	0.27765	0.00012783	5.0603e-05
944	0.72274	0.27708	0.00012799	5.0537e-05
945	0.72421	0.27561	0.0001283	5.0316e-05
946	0.7263	0.27352	0.00012873	4.9976e-05
947	0.72901	0.27081	0.00012927	4.952e-05
948	0.73234	0.26748	0.00012994	4.8947e-05
949	0.73659	0.26323	0.00013075	4.8212e-05
950	0.74147	0.25835	0.00013169	4.7358e-05
951	0.74702	0.25281	0.00013276	4.6376e-05
952	0.75324	0.24658	0.00013396	4.5265e-05
953	0.76014	0.23968	0.00013529	4.4027e-05
954	0.76771	0.23211	0.00013676	4.2659e-05
955	0.77597	0.22385	0.00013836	4.1157e-05
956	0.78494	0.21488	0.0001401	3.952e-05
957	0.79483	0.20499	0.00014199	3.772e-05
958	0.80566	0.19416	0.00014403	3.5752e-05
959	0.81726	0.18256	0.00014623	3.3636e-05
960	0.82968	0.17014	0.00014859	3.1361e-05
961	0.84295	0.15687	0.00015112	2.8923e-05
962	0.85727	0.14255	0.00015382	2.6295e-05
963	0.87269	0.12713	0.00015671	2.3472e-05
964	0.88943	0.11039	0.00015981	2.0417e-05
965	0.89157	0.10825	0.00016023	2.0031e-05
966	0.89435	0.10547	0.00016078	1.9525e-05
967	0.89777	0.10205	0.00016145	1.8898e-05
968	0.89066	0.10916	0.00016018	2.0197e-05
969	0.88426	0.11556	0.00015905	2.1361e-05
970	0.87857	0.12124	0.00015805	2.2393e-05
971	0.87369	0.12613	0.00015719	2.3282e-05
972	0.86949	0.13033	0.00015646	2.4043e-05
973	0.86608	0.13374	0.00015585	2.4665e-05
974	0.86344	0.13638	0.00015537	2.515e-05
975	0.86157	0.13825	0.00015501	2.5499e-05
976	0.86046	0.13936	0.00015477	2.5712e-05
977	0.86001	0.13981	0.00015466	2.5803e-05
978	0.8602	0.13962	0.00015468	2.5771e-05
979	0.86105	0.13877	0.00015483	2.5616e-05
980	0.86253	0.13729	0.0001551	2.5342e-05
981	0.86487	0.13495	0.0001555	2.4915e-05
982	0.86808	0.13174	0.00015605	2.4336e-05
983	0.87197	0.12785	0.00015672	2.363e-05
