#coord	neutral	conserved	gBGC.neutral	gBGC.conserved
1	0.79072	0.19203	0.013847	0.0034031
2	0.79462	0.18813	0.013912	0.0033346
3	0.79919	0.18357	0.013988	0.003254
4	0.80456	0.1782	0.014078	0.0031597
5	0.81076	0.17201	0.014182	0.0030513
6	0.8179	0.16487	0.014302	0.0029266
7	0.82575	0.15703	0.014435	0.0027894
8	0.83433	0.14845	0.014581	0.0026391
9	0.84365	0.13913	0.014741	0.0024753
10	0.85372	0.12907	0.014914	0.0022983
11	0.85172	0.13107	0.014875	0.0023335
12	0.85037	0.13243	0.014847	0.0023572
13	0.84976	0.13304	0.014833	0.002368
14	0.84977	0.13303	0.01483	0.0023676
15	0.85043	0.13238	0.014838	0.0023558
16	0.85172	0.13109	0.014858	0.0023325
17	0.85364	0.12918	0.014889	0.002298
18	0.8562	0.12662	0.014933	0.0022518
19	0.8594	0.12342	0.014987	0.0021944
20	0.86346	0.11936	0.015057	0.0021221
21	0.86819	0.11464	0.015138	0.0020378
22	0.8737	0.10912	0.015233	0.0019399
23	0.87989	0.10294	0.01534	0.0018301
24	0.88678	0.096048	0.01546	0.0017076
25	0.89439	0.088446	0.015593	0.0015724
26	0.9027	0.080135	0.015739	0.0014244
27	0.90128	0.08156	0.015712	0.0014486
28	0.90064	0.082202	0.015699	0.0014593
29	0.90062	0.082223	0.015697	0.0014589
30	0.90131	0.081537	0.015707	0.0014463
31	0.90278	0.080067	0.015731	0.0014202
32	0.90488	0.077971	0.015766	0.0013829
33	0.90761	0.075244	0.015812	0.0013344
34	0.91097	0.071882	0.01587	0.0012746
35	0.91507	0.067787	0.01594	0.0012021
36	0.91982	0.06304	0.016022	0.001118
37	0.92532	0.057538	0.016117	0.001021
38	0.93148	0.051379	0.016224	0.00091217
39	0.93833	0.044534	0.016344	0.00079113
40	0.94588	0.036991	0.016476	0.00065762
41	0.94581	0.037054	0.016474	0.00065814
42	0.94633	0.036537	0.016482	0.00064839
43	0.94743	0.035442	0.016501	0.00062836
44	0.94922	0.033652	0.016532	0.00059636
45	0.9516	0.031277	0.016573	0.00055396
46	0.95456	0.028311	0.016625	0.00050107
47	0.95819	0.024685	0.016688	0.00043678
48	0.95671	0.02617	0.016662	0.00046224
49	0.95579	0.02709	0.016646	0.00047769
50	0.94757	0.035303	0.016503	0.00062009
51	0.94026	0.042619	0.016376	0.00074715
52	0.93363	0.049244	0.01626	0.00086188
53	0.92769	0.05519	0.016157	0.00096453
54	0.92258	0.060299	0.016069	0.0010528
55	0.90255	0.080328	0.01572	0.0014008
56	0.88398	0.098902	0.015396	0.0017241
57	0.86637	0.11651	0.01509	0.0020299
58	0.84993	0.13295	0.014804	0.0023157
59	0.83479	0.14809	0.014539	0.0025796
60	0.82089	0.162	0.014296	0.0028223
61	0.80783	0.17505	0.014068	0.0030496
62	0.79561	0.18727	0.013855	0.0032619
63	0.78436	0.19852	0.013659	0.0034577
64	0.7742	0.20868	0.013481	0.0036349
65	0.76509	0.21779	0.013322	0.0037942
66	0.75668	0.2262	0.013174	0.0039408
67	0.74914	0.23374	0.013042	0.0040727
68	0.74227	0.24062	0.012922	0.0041925
69	0.73635	0.24653	0.012818	0.004296
70	0.73137	0.25152	0.01273	0.0043836
71	0.72731	0.25558	0.012657	0.0044555
72	0.72414	0.25874	0.0126	0.004512
73	0.72162	0.26127	0.012554	0.0045572
74	0.71985	0.26304	0.012521	0.0045892
75	0.71869	0.2642	0.0125	0.0046105
76	0.71815	0.26474	0.012489	0.0046206
77	0.71837	0.26453	0.012491	0.0046178
78	0.71918	0.26371	0.012505	0.0046042
79	0.72087	0.26202	0.012533	0.0045757
80	0.72319	0.2597	0.012572	0.0045359
81	0.72615	0.25675	0.012623	0.0044848
82	0.72973	0.25316	0.012686	0.0044222
83	0.73411	0.24879	0.012762	0.0043462
84	0.73913	0.24376	0.01285	0.0042585
85	0.74497	0.23792	0.012951	0.004157
86	0.73584	0.24705	0.012791	0.0043167
87	0.72773	0.25516	0.012649	0.004459
88	0.72032	0.26257	0.012519	0.0045888
89	0.71374	0.26915	0.012403	0.0047044
90	0.7081	0.27479	0.012304	0.0048039
91	0.7034	0.27949	0.01222	0.0048876
92	0.6993	0.28359	0.012147	0.0049602
93	0.69611	0.28678	0.01209	0.0050175
94	0.69354	0.28935	0.012044	0.0050636
95	0.69158	0.29131	0.012009	0.0050986
96	0.69051	0.29239	0.011989	0.0051187
97	0.69004	0.29285	0.01198	0.0051278
98	0.69044	0.29245	0.011986	0.0051221
99	0.69172	0.29117	0.012006	0.0051015
100	0.67554	0.30735	0.011721	0.0053868
101	0.66043	0.32246	0.011453	0.005654
102	0.64633	0.33657	0.011203	0.0059039
103	0.63296	0.34993	0.010967	0.0061404
104	0.62071	0.36218	0.010749	0.0063578
105	0.60915	0.37374	0.010544	0.0065627
106	0.59828	0.38461	0.010352	0.0067551
107	0.58805	0.39484	0.010172	0.0069359
108	0.57847	0.40442	0.010003	0.0071048
109	0.56986	0.41303	0.009851	0.0072573
110	0.56183	0.42106	0.0097094	0.0073993
111	0.5544	0.42849	0.0095788	0.0075305
112	0.54772	0.43517	0.0094608	0.0076489
113	0.54158	0.44131	0.0093527	0.0077577
114	0.53599	0.4469	0.0092547	0.0078564
115	0.53095	0.45194	0.0091667	0.0079453
116	0.5266	0.45629	0.0090904	0.0080225
117	0.52293	0.45996	0.0090255	0.0080881
118	0.51975	0.46313	0.0089695	0.008145
119	0.51724	0.46564	0.0089247	0.0081906
120	0.51539	0.46749	0.008891	0.0082251
121	0.51404	0.46884	0.0088664	0.0082506
122	0.51318	0.4697	0.0088509	0.0082671
123	0.51282	0.47006	0.0088444	0.0082747
124	0.51311	0.46977	0.0088488	0.0082714
125	0.51389	0.46899	0.0088623	0.0082592
126	0.51517	0.46771	0.0088848	0.008238
127	0.51694	0.46593	0.0089165	0.0082077
128	0.51938	0.4635	0.0089592	0.0081665
129	0.52261	0.46026	0.0090153	0.0081117
130	0.52666	0.45621	0.0090851	0.0080432
131	0.53121	0.45166	0.009164	0.0079657
132	0.53629	0.44658	0.0092527	0.0078785
133	0.54192	0.44095	0.0093513	0.0077815
134	0.54841	0.43445	0.0094646	0.0076699
135	0.55545	0.42741	0.0095877	0.0075484
136	0.56308	0.41979	0.0097216	0.0074163
137	0.57148	0.41138	0.0098686	0.0072711
138	0.58047	0.40239	0.010026	0.0071152
139	0.59006	0.3928	0.010195	0.0069484
140	0.60028	0.38257	0.010376	0.0067702
141	0.61114	0.37171	0.010568	0.0065804
142	0.62266	0.36019	0.010772	0.0063785
143	0.63487	0.34798	0.010989	0.0061641
144	0.64782	0.33503	0.011219	0.0059363
145	0.66174	0.32111	0.011466	0.0056918
146	0.67685	0.30599	0.011734	0.0054269
147	0.69279	0.29004	0.012016	0.0051468
148	0.69139	0.29145	0.011995	0.0051712
149	0.69059	0.29224	0.011984	0.0051846
150	0.69067	0.29216	0.011989	0.0051831
151	0.69162	0.29121	0.012008	0.0051667
152	0.69318	0.28964	0.012038	0.0051393
153	0.69562	0.2872	0.012083	0.0050969
154	0.69866	0.28416	0.012139	0.0050437
155	0.70247	0.28034	0.012209	0.0049773
156	0.70689	0.27592	0.012289	0.0048999
157	0.69458	0.28823	0.012076	0.005116
158	0.68321	0.2996	0.011879	0.005316
159	0.67255	0.31026	0.011695	0.0055033
160	0.66293	0.31987	0.011529	0.0056729
161	0.654	0.3288	0.011375	0.00583
162	0.64572	0.33708	0.011233	0.0059756
163	0.63809	0.3447	0.011103	0.0061093
164	0.63141	0.35138	0.010988	0.0062269
165	0.62565	0.35713	0.01089	0.0063289
166	0.6208	0.36198	0.010806	0.0064155
167	0.61652	0.36626	0.010734	0.0064918
168	0.61297	0.3698	0.010673	0.0065555
169	0.60999	0.37278	0.010623	0.0066091
170	0.60786	0.37491	0.010588	0.0066482
171	0.60645	0.37632	0.010564	0.006675
172	0.60557	0.37718	0.01055	0.0066921
173	0.60554	0.37721	0.010551	0.0066948
174	0.60636	0.37639	0.010566	0.0066831
175	0.58778	0.39497	0.01024	0.0070129
176	0.57028	0.41246	0.0099319	0.0073243
177	0.55354	0.4292	0.0096379	0.0076219
178	0.53753	0.4452	0.0093572	0.0079063
179	0.52223	0.46051	0.0090893	0.0081779
180	0.50763	0.4751	0.0088345	0.0084366
181	0.49411	0.48862	0.0085978	0.0086772
182	0.48161	0.50111	0.0083784	0.0089003
183	0.4697	0.51302	0.0081697	0.009113
184	0.45857	0.52415	0.0079741	0.0093123
185	0.44797	0.53474	0.0077884	0.009502
186	0.43788	0.54482	0.0076121	0.0096824
187	0.42851	0.55419	0.0074478	0.0098508
188	0.41964	0.56306	0.0072927	0.01001
189	0.41143	0.57127	0.0071486	0.010158
190	0.40368	0.57901	0.0070133	0.010298
191	0.39656	0.58612	0.0068883	0.010427
192	0.38988	0.5928	0.0067714	0.010548
193	0.38362	0.59906	0.0066623	0.010661
194	0.37793	0.60474	0.0065628	0.010765
195	0.3728	0.60987	0.0064726	0.01086
196	0.36834	0.61432	0.0063938	0.010943
197	0.36426	0.61839	0.0063219	0.011019
198	0.36055	0.6221	0.0062568	0.011089
199	0.3572	0.62545	0.0061984	0.011152
200	0.35435	0.6283	0.0061484	0.011206
201	0.35182	0.63082	0.0061044	0.011255
202	0.34991	0.63273	0.0060707	0.011293
203	0.3483	0.63433	0.0060428	0.011326
204	0.34704	0.63559	0.0060211	0.011352
205	0.34608	0.63655	0.0060051	0.011373
206	0.34544	0.63718	0.0059953	0.011388
207	0.34541	0.6372	0.0059955	0.011393
208	0.34568	0.63693	0.0060014	0.011392
209	0.34625	0.63635	0.006013	0.011386
210	0.34715	0.63544	0.0060307	0.011373
211	0.34866	0.63393	0.0060586	0.011351
212	0.3505	0.63208	0.0060927	0.011322
213	0.35268	0.6299	0.0061332	0.011287
214	0.3552	0.62737	0.0061801	0.011246
215	0.35835	0.62422	0.0062376	0.011194
216	0.36186	0.62071	0.0063018	0.011135
217	0.36572	0.61684	0.0063728	0.01107
218	0.37025	0.6123	0.006455	0.010994
219	0.37513	0.60742	0.0065439	0.01091
220	0.3804	0.60214	0.0066401	0.01082
221	0.38604	0.59649	0.0067434	0.010723
222	0.3924	0.59013	0.0068589	0.010614
223	0.39919	0.58333	0.0069825	0.010496
224	0.40673	0.57578	0.0071191	0.010366
225	0.41474	0.56777	0.0072643	0.010226
226	0.42322	0.55929	0.0074186	0.010079
227	0.43237	0.55013	0.0075845	0.0099189
228	0.44238	0.54011	0.007765	0.0097446
229	0.45328	0.5292	0.007961	0.0095548
230	0.46472	0.51776	0.0081671	0.0093549
231	0.47674	0.50573	0.0083843	0.0091441
232	0.48958	0.49288	0.0086157	0.0089191
233	0.50303	0.47943	0.0088585	0.0086827
234	0.51714	0.46531	0.009114	0.0084338
235	0.53191	0.45054	0.009382	0.0081725
236	0.52867	0.45377	0.0093273	0.0082338
237	0.52592	0.45651	0.0092817	0.0082862
238	0.52397	0.45845	0.0092499	0.0083247
239	0.52251	0.45991	0.0092271	0.0083543
240	0.5217	0.46072	0.0092155	0.0083726
241	0.52168	0.46073	0.0092175	0.0083773
242	0.52213	0.46027	0.0092285	0.0083732
243	0.52309	0.4593	0.0092488	0.0083598
244	0.52455	0.45783	0.0092787	0.008337
245	0.52668	0.4557	0.0093199	0.0083028
246	0.52929	0.45308	0.0093703	0.0082595
247	0.53257	0.44979	0.0094324	0.0082046
248	0.53635	0.446	0.0095038	0.0081403
249	0.54067	0.44168	0.0095853	0.0080662
250	0.54568	0.43666	0.0096789	0.0079798
251	0.55122	0.43111	0.0097825	0.0078836
252	0.55732	0.425	0.0098968	0.0077769
253	0.56431	0.41801	0.010026	0.0076547
254	0.57186	0.41045	0.010167	0.0075218
255	0.57999	0.40231	0.010318	0.0073782
256	0.58874	0.39355	0.010482	0.0072228
257	0.5981	0.38419	0.010656	0.0070559
258	0.60808	0.3742	0.010843	0.0068772
259	0.61874	0.36353	0.011043	0.0066857
260	0.63009	0.35217	0.011256	0.006481
261	0.64253	0.33973	0.011488	0.006257
262	0.65568	0.32657	0.011734	0.0060194
263	0.66957	0.31267	0.011995	0.0057676
264	0.68466	0.29757	0.012277	0.0054944
265	0.70055	0.28167	0.012574	0.0052058
266	0.71773	0.26448	0.012894	0.0048941
267	0.73583	0.24638	0.013232	0.0045648
268	0.7361	0.2461	0.013245	0.004561
269	0.737	0.24519	0.013269	0.0045455
270	0.73852	0.24365	0.013306	0.0045182
271	0.74066	0.24151	0.013354	0.0044795
272	0.74343	0.23873	0.013414	0.0044288
273	0.7471	0.23505	0.01349	0.0043622
274	0.75141	0.23073	0.013578	0.0042832
275	0.75653	0.2256	0.013681	0.0041899
276	0.76246	0.21966	0.013798	0.004082
277	0.76905	0.21306	0.013928	0.0039615
278	0.77649	0.20561	0.014073	0.0038259
279	0.78463	0.19746	0.014232	0.0036766
280	0.7938	0.18828	0.014409	0.0035089
281	0.80369	0.17838	0.014601	0.0033274
282	0.81433	0.16773	0.014806	0.0031316
283	0.82573	0.15632	0.015027	0.0029211
284	0.83826	0.14378	0.015268	0.0026899
285	0.85164	0.13039	0.015525	0.0024425
286	0.86607	0.11595	0.015802	0.0021758
287	0.8816	0.10041	0.016098	0.001889
288	0.89826	0.083741	0.016416	0.0015814
289	0.90112	0.080869	0.016477	0.0015298
290	0.90463	0.077357	0.016551	0.001466
291	0.90876	0.073213	0.016636	0.0013903
292	0.90418	0.077782	0.016559	0.0014775
293	0.90035	0.081604	0.016495	0.0015512
294	0.89715	0.084796	0.016443	0.0016131
295	0.89457	0.087365	0.016403	0.0016633
296	0.89261	0.089316	0.016375	0.0017019
297	0.89128	0.090637	0.016359	0.0017286
298	0.89074	0.091163	0.016357	0.0017409
299	0.89083	0.091064	0.016367	0.0017414
300	0.89153	0.090354	0.016389	0.0017304
301	0.88109	0.10078	0.016207	0.0019242
302	0.87156	0.11029	0.016041	0.0021016
303	0.86277	0.11907	0.015889	0.0022653
304	0.85497	0.12686	0.015755	0.0024113
305	0.84787	0.13395	0.015635	0.0025442
306	0.84171	0.1401	0.015531	0.0026601
307	0.83623	0.14556	0.01544	0.0027631
308	0.83144	0.15034	0.015362	0.0028532
309	0.82744	0.15434	0.015298	0.0029291
310	0.82409	0.15767	0.015248	0.0029924
311	0.82138	0.16036	0.015209	0.0030438
312	0.81954	0.1622	0.015186	0.0030794
313	0.80047	0.18125	0.014841	0.0034369
314	0.78262	0.19909	0.014517	0.0037729
315	0.76567	0.21603	0.014211	0.0040919
316	0.74963	0.23206	0.013922	0.0043938
317	0.73467	0.247	0.013652	0.0046764
318	0.72055	0.2611	0.013399	0.004943
319	0.70762	0.27403	0.013166	0.0051885
320	0.69544	0.2862	0.012948	0.0054198
321	0.68435	0.29727	0.012749	0.0056314
322	0.67397	0.30763	0.012564	0.0058296
323	0.66448	0.31712	0.012394	0.006012
324	0.65567	0.32591	0.012238	0.0061812
325	0.6477	0.33387	0.012097	0.0063353
326	0.64055	0.341	0.011971	0.0064747
327	0.63434	0.3472	0.011862	0.0065971
328	0.62872	0.35281	0.011764	0.0067081
329	0.62368	0.35783	0.011677	0.0068079
330	0.61924	0.36226	0.011602	0.0068961
331	0.61555	0.36594	0.011541	0.0069708
332	0.61259	0.36888	0.011493	0.0070321
333	0.61049	0.37097	0.011461	0.0070777
334	0.60893	0.37251	0.011439	0.0071128
335	0.60809	0.37334	0.01143	0.0071347
336	0.6081	0.37333	0.011437	0.0071411
337	0.60866	0.37275	0.011455	0.0071365
338	0.59012	0.39127	0.01111	0.0074948
339	0.57287	0.40851	0.010788	0.00783
340	0.55642	0.42495	0.010482	0.0081498
341	0.54115	0.44021	0.010197	0.0084482
342	0.5266	0.45474	0.0099264	0.0087326
343	0.51296	0.46837	0.0096719	0.0090007
344	0.49994	0.48137	0.0094296	0.0092567
345	0.48777	0.49353	0.0092025	0.0094975
346	0.47641	0.50487	0.0089899	0.0097237
347	0.46563	0.51564	0.0087888	0.0099386
348	0.45542	0.52584	0.0085987	0.010142
349	0.44575	0.53549	0.0084194	0.010336
350	0.43694	0.54429	0.0082556	0.010514
351	0.42864	0.55258	0.0081018	0.010682
352	0.42082	0.56038	0.0079575	0.01084
353	0.41347	0.56772	0.0078225	0.010989
354	0.40689	0.57428	0.0077015	0.011125
355	0.40075	0.58041	0.0075892	0.011251
356	0.39501	0.58613	0.0074848	0.01137
357	0.38966	0.59147	0.0073882	0.011482
358	0.38488	0.59624	0.0073018	0.011583
359	0.38049	0.60061	0.0072233	0.011676
360	0.37649	0.6046	0.0071525	0.011762
361	0.37315	0.60792	0.0070939	0.011835
362	0.37016	0.61089	0.0070422	0.011902
363	0.36751	0.61353	0.0069974	0.011962
364	0.3655	0.61553	0.0069642	0.01201
365	0.36384	0.61717	0.0069383	0.012051
366	0.36268	0.61831	0.0069214	0.012083
367	0.36215	0.61883	0.0069161	0.012103
368	0.36196	0.619	0.0069179	0.012117
369	0.3624	0.61855	0.0069311	0.012119
370	0.36346	0.61747	0.006956	0.012109
371	0.36485	0.61607	0.0069875	0.012093
372	0.36674	0.61417	0.0070283	0.012067
373	0.36896	0.61193	0.007076	0.012035
374	0.37169	0.60919	0.0071333	0.011993
375	0.37476	0.6061	0.0071977	0.011944
376	0.37818	0.60266	0.0072693	0.011887
377	0.38196	0.59887	0.0073483	0.011824
378	0.38612	0.5947	0.0074355	0.011753
379	0.39097	0.58983	0.0075356	0.011668
380	0.39638	0.5844	0.0076464	0.011573
381	0.40222	0.57854	0.0077661	0.011469
382	0.40865	0.5721	0.007897	0.011354
383	0.4157	0.56503	0.0080397	0.011227
384	0.42318	0.55754	0.0081914	0.011091
385	0.43131	0.54939	0.0083556	0.010943
386	0.43993	0.54075	0.0085302	0.010784
387	0.44906	0.53161	0.0087157	0.010615
388	0.4587	0.52196	0.0089117	0.010435
389	0.46884	0.5118	0.0091188	0.010244
390	0.47952	0.5011	0.0093372	0.010042
391	0.49098	0.48962	0.0095708	0.009825
392	0.50305	0.47753	0.0098175	0.0095949
393	0.51597	0.4646	0.010081	0.0093483
394	0.52955	0.45101	0.010358	0.0090877
395	0.54403	0.43651	0.010653	0.0088092
396	0.5592	0.42132	0.010963	0.0085162
397	0.5558	0.4247	0.010903	0.0085927
398	0.55294	0.42755	0.010854	0.0086583
399	0.55059	0.42988	0.010816	0.0087135
400	0.54876	0.43169	0.010788	0.008758
401	0.54746	0.43297	0.010772	0.0087917
402	0.54697	0.43345	0.010771	0.0088099
403	0.54729	0.43312	0.010785	0.0088126
404	0.52718	0.4532	0.010399	0.0092167
405	0.50817	0.4722	0.010033	0.0096007
406	0.4904	0.48995	0.0096906	0.0099615
407	0.47338	0.50695	0.0093626	0.010308
408	0.45702	0.52329	0.009048	0.01064
409	0.44176	0.53853	0.0087538	0.010953
410	0.4271	0.55317	0.0084717	0.011253
411	0.41306	0.5672	0.0082019	0.011541
412	0.3998	0.58044	0.0079467	0.011815
413	0.38747	0.59275	0.0077088	0.012071
414	0.37602	0.60418	0.0074874	0.012311
415	0.36504	0.61515	0.0072753	0.012541
416	0.35449	0.62568	0.0070722	0.012763
417	0.34457	0.63558	0.0068807	0.012973
418	0.33525	0.64488	0.0067005	0.013172
419	0.32652	0.65359	0.006531	0.01336
420	0.31816	0.66193	0.0063695	0.01354
421	0.31018	0.66989	0.0062156	0.013712
422	0.30252	0.67753	0.0060685	0.013878
423	0.29518	0.68486	0.0059278	0.014038
424	0.28831	0.6917	0.0057961	0.014189
425	0.28192	0.69808	0.005673	0.014331
426	0.2761	0.70388	0.0055609	0.014462
427	0.27056	0.7094	0.0054546	0.014587
428	0.26543	0.71451	0.0053562	0.014704
429	0.26056	0.71936	0.0052631	0.014816
430	0.25621	0.72369	0.0051799	0.014918
431	0.25207	0.72782	0.0051011	0.015016
432	0.24815	0.73171	0.0050273	0.015109
433	0.24443	0.73541	0.0049578	0.015198
434	0.24106	0.73876	0.0048948	0.015281
435	0.23804	0.74177	0.0048382	0.015357
436	0.23521	0.74458	0.004786	0.015428
437	0.23271	0.74706	0.0047399	0.015494
438	0.23064	0.74911	0.0047021	0.015551
439	0.22875	0.75098	0.0046684	0.015604
440	0.22717	0.75254	0.0046406	0.015651
441	0.2259	0.75379	0.0046185	0.015693
442	0.22503	0.75464	0.0046044	0.015726
443	0.22434	0.75531	0.0045941	0.015756
444	0.22379	0.75584	0.0045872	0.015783
445	0.22365	0.75596	0.0045882	0.015801
446	0.22367	0.75592	0.004593	0.015816
447	0.22411	0.75547	0.0046057	0.015823
448	0.22468	0.75487	0.0046219	0.015827
449	0.22555	0.75398	0.0046438	0.015824
450	0.22657	0.75294	0.0046692	0.015819
451	0.22774	0.75175	0.0046981	0.01581
452	0.22907	0.7504	0.0047306	0.015798
453	0.23057	0.74889	0.0047672	0.015781
454	0.23222	0.74721	0.0048076	0.015761
455	0.23404	0.74537	0.0048518	0.015738
456	0.23629	0.7431	0.0049046	0.015705
457	0.23898	0.74039	0.0049663	0.015664
458	0.24185	0.7375	0.0050322	0.015619
459	0.24492	0.73441	0.0051029	0.015569
460	0.24834	0.73097	0.0051807	0.015512
461	0.25212	0.72717	0.0052656	0.015447
462	0.25638	0.72288	0.0053605	0.015373
463	0.26089	0.71836	0.0054611	0.015293
464	0.26578	0.71344	0.0055696	0.015205
465	0.27093	0.70827	0.0056843	0.015111
466	0.27663	0.70255	0.0058101	0.015006
467	0.28261	0.69655	0.0059427	0.014894
468	0.28917	0.68997	0.0060873	0.014771
469	0.29634	0.68278	0.0062445	0.014634
470	0.30381	0.67529	0.0064088	0.014491
471	0.31179	0.66729	0.0065838	0.014337
472	0.3203	0.65876	0.0067698	0.014172
473	0.32916	0.64988	0.0069642	0.013998
474	0.33841	0.6406	0.007168	0.013816
475	0.34826	0.63073	0.0073843	0.01362
476	0.35855	0.62042	0.007611	0.013415
477	0.3693	0.60966	0.0078485	0.013199
478	0.38071	0.59822	0.0081003	0.012968
479	0.3926	0.58631	0.0083633	0.012727
480	0.40498	0.57391	0.0086381	0.012473
481	0.41791	0.56096	0.008926	0.012207
482	0.43141	0.54743	0.0092277	0.011928
483	0.44552	0.5333	0.0095437	0.011634
484	0.44157	0.53723	0.0094698	0.01173
485	0.43835	0.54043	0.0094112	0.011811
486	0.43555	0.54321	0.0093618	0.011882
487	0.43333	0.5454	0.0093244	0.011942
488	0.43183	0.54688	0.0093018	0.011987
489	0.43075	0.54794	0.0092889	0.012022
490	0.43037	0.5483	0.0092907	0.012043
491	0.43039	0.54826	0.0093015	0.012054
492	0.43082	0.5478	0.009322	0.012056
493	0.43183	0.54677	0.0093545	0.012046
494	0.43355	0.54503	0.009402	0.012022
495	0.43598	0.54258	0.0094645	0.011981
496	0.43881	0.53972	0.0095366	0.011932
497	0.44238	0.53613	0.0096242	0.011867
498	0.44637	0.53212	0.0097217	0.011792
499	0.45097	0.52749	0.0098324	0.011704
500	0.4562	0.52224	0.0099565	0.011602
501	0.4619	0.51652	0.010092	0.01149
502	0.46826	0.51013	0.010242	0.011363
503	0.4751	0.50327	0.010402	0.011225
504	0.48262	0.49573	0.010578	0.011072
505	0.49067	0.48765	0.010767	0.010906
506	0.49927	0.47903	0.010969	0.010727
507	0.50841	0.46987	0.011183	0.010536
508	0.51813	0.46013	0.011412	0.010331
509	0.52863	0.4496	0.011658	0.010108
510	0.53973	0.43848	0.011918	0.0098713
511	0.55145	0.42674	0.012194	0.0096196
512	0.56382	0.41434	0.012485	0.0093519
513	0.57728	0.40086	0.012801	0.0090601
514	0.59143	0.38669	0.013134	0.0087516
515	0.60629	0.3718	0.013484	0.0084256
516	0.62236	0.35571	0.013861	0.0080728
517	0.63924	0.3388	0.014258	0.0076999
518	0.65722	0.3208	0.01468	0.0073021
519	0.67656	0.30143	0.015132	0.0068737
520	0.6968	0.28117	0.015607	0.0064232
521	0.7183	0.25965	0.01611	0.0059441
522	0.74077	0.23715	0.016638	0.0054408
523	0.76428	0.21361	0.017191	0.0049121
524	0.78886	0.18901	0.017771	0.004357
525	0.81461	0.16324	0.01838	0.003773
526	0.82013	0.15769	0.018528	0.0036499
527	0.82658	0.15122	0.018698	0.0035058
528	0.83373	0.14404	0.018884	0.0033448
529	0.84158	0.13616	0.019087	0.0031672
530	0.85014	0.12758	0.019307	0.0029725
531	0.85959	0.1181	0.019548	0.0027573
532	0.85753	0.12014	0.019524	0.0028069
533	0.85621	0.12143	0.019517	0.00284
534	0.85551	0.1221	0.019524	0.0028586
535	0.85563	0.12196	0.01955	0.0028587
536	0.85637	0.12119	0.019591	0.0028442
537	0.85773	0.11981	0.019646	0.0028152
538	0.85971	0.11781	0.019716	0.0027714
539	0.86231	0.11518	0.019801	0.0027128
540	0.86556	0.1119	0.019902	0.0026387
541	0.86946	0.10797	0.020019	0.002549
542	0.87422	0.10319	0.020156	0.0024394
543	0.87976	0.097615	0.02031	0.0023116
544	0.8754	0.10195	0.020233	0.002416
545	0.87169	0.10563	0.020171	0.002505
546	0.86863	0.10866	0.020124	0.0025787
547	0.85069	0.12658	0.019729	0.003001
548	0.83411	0.14313	0.019364	0.0033933
549	0.81882	0.15839	0.019028	0.0037568
550	0.80442	0.17277	0.018713	0.0040998
551	0.79088	0.18628	0.018417	0.0044228
552	0.77851	0.19863	0.018148	0.0047197
553	0.7669	0.2102	0.017897	0.0049987
554	0.75608	0.221	0.017664	0.0052594
555	0.74601	0.23104	0.017449	0.0055025
556	0.73668	0.24034	0.017252	0.0057281
557	0.72807	0.24892	0.017071	0.0059369
558	0.72017	0.2568	0.016908	0.006129
559	0.71292	0.26402	0.016761	0.0063056
560	0.70663	0.27027	0.016635	0.0064605
561	0.70115	0.27573	0.016527	0.0065972
562	0.69646	0.28039	0.016437	0.0067158
563	0.69238	0.28444	0.016362	0.0068199
564	0.68919	0.2876	0.016307	0.0069034
565	0.68662	0.29014	0.016267	0.0069721
566	0.6848	0.29193	0.016245	0.0070233
567	0.68359	0.29311	0.016238	0.0070597
568	0.68313	0.29355	0.016248	0.0070788
569	0.68353	0.29312	0.016278	0.0070777
570	0.6848	0.29182	0.016328	0.0070563
571	0.68694	0.28965	0.016399	0.0070144
572	0.68967	0.28689	0.016485	0.0069578
573	0.69316	0.28336	0.016589	0.0068832
574	0.69728	0.27922	0.016708	0.0067928
575	0.70218	0.27429	0.016846	0.0066837
576	0.70771	0.26874	0.017	0.006559
577	0.71417	0.26225	0.017177	0.0064118
578	0.7213	0.25508	0.017371	0.0062474
579	0.72911	0.24724	0.017582	0.0060654
580	0.73793	0.23839	0.017818	0.0058592
581	0.74748	0.22882	0.018073	0.0056344
582	0.75773	0.21853	0.018346	0.005391
583	0.75357	0.22266	0.018268	0.0054992
584	0.75031	0.22589	0.018211	0.0055863
585	0.74766	0.22851	0.01817	0.005658
586	0.74563	0.23051	0.018144	0.0057145
587	0.7442	0.23191	0.018133	0.0057558
588	0.74365	0.23243	0.018143	0.0057763
589	0.74372	0.23233	0.018169	0.005781
590	0.7444	0.23162	0.018211	0.0057704
591	0.74568	0.23031	0.018268	0.0057444
592	0.74757	0.22839	0.018341	0.0057029
593	0.75023	0.2257	0.018433	0.0056427
594	0.75377	0.22212	0.018546	0.0055609
595	0.75794	0.21792	0.018675	0.0054629
596	0.76275	0.21308	0.018821	0.0053484
597	0.76822	0.20758	0.018985	0.0052166
598	0.77451	0.20126	0.019169	0.0050645
599	0.78163	0.19411	0.019374	0.0048916
600	0.78946	0.18625	0.019597	0.0047001
601	0.79829	0.17738	0.019846	0.0044835
602	0.80815	0.16748	0.02012	0.0042409
603	0.81876	0.15684	0.020415	0.0039786
604	0.81637	0.15921	0.020381	0.0040437
605	0.81482	0.16072	0.020369	0.0040879
606	0.81392	0.16159	0.020373	0.0041157
607	0.79779	0.17769	0.019991	0.0045297
608	0.78252	0.19292	0.019631	0.0049221
609	0.76813	0.20728	0.019293	0.0052928
610	0.75459	0.2208	0.018976	0.0056423
611	0.7422	0.23315	0.018687	0.0059641
612	0.73057	0.24474	0.018417	0.0062669
613	0.71988	0.2554	0.018169	0.0065472
614	0.7099	0.26535	0.017939	0.0068096
615	0.70062	0.2746	0.017728	0.0070545
616	0.692	0.28318	0.017533	0.0072823
617	0.68408	0.29107	0.017356	0.0074926
618	0.67712	0.298	0.017203	0.0076795
619	0.67081	0.30428	0.017066	0.0078496
620	0.66529	0.30976	0.016949	0.0080004
621	0.66056	0.31446	0.016851	0.0081321
622	0.65642	0.31857	0.016768	0.0082484
623	0.65288	0.32207	0.016702	0.0083489
624	0.65009	0.32482	0.016654	0.0084309
625	0.64804	0.32684	0.016624	0.0084945
626	0.64656	0.32829	0.016609	0.0085432
627	0.64564	0.32917	0.01661	0.0085769
628	0.64558	0.3292	0.016632	0.0085891
629	0.6461	0.32864	0.016669	0.0085857
630	0.64735	0.32736	0.016726	0.0085637
631	0.64934	0.32534	0.0168	0.0085231
632	0.65189	0.32275	0.016891	0.008467
633	0.65505	0.31956	0.016998	0.0083946
634	0.6588	0.31577	0.017122	0.0083057
635	0.66332	0.31122	0.017265	0.0081971
636	0.66861	0.30589	0.017429	0.0080684
637	0.67483	0.29964	0.017616	0.0079157
638	0.68167	0.29276	0.017821	0.0077456
639	0.68917	0.28523	0.018045	0.007557
640	0.69765	0.27671	0.018294	0.0073426
641	0.70681	0.26752	0.018563	0.0071093
642	0.71668	0.25762	0.018852	0.0068557
643	0.72725	0.247	0.019161	0.006582
644	0.73855	0.23567	0.019491	0.0062877
645	0.75097	0.22321	0.019851	0.0059634
646	0.76455	0.20959	0.020242	0.0056079
647	0.77895	0.19517	0.020657	0.005229
648	0.79459	0.17949	0.021106	0.0048165
649	0.81111	0.16293	0.02158	0.0043786
650	0.82879	0.14522	0.022085	0.003909
651	0.84741	0.12656	0.022618	0.003412
652	0.85037	0.12357	0.022731	0.0033357
653	0.85409	0.11981	0.022863	0.0032393
654	0.85844	0.11542	0.023014	0.003125
655	0.86347	0.11036	0.023183	0.0029919
656	0.86928	0.10451	0.023374	0.0028375
657	0.87577	0.097985	0.023584	0.0026641
658	0.88317	0.090541	0.023819	0.0024657
659	0.8913	0.082376	0.024075	0.0022466
660	0.90015	0.073495	0.024351	0.002007
661	0.89909	0.074516	0.024359	0.0020364
662	0.89872	0.074843	0.024386	0.0020473
663	0.89905	0.074478	0.02443	0.0020397
664	0.89998	0.073514	0.024492	0.0020154
665	0.90167	0.071783	0.024574	0.0019704
666	0.90407	0.06935	0.024676	0.0019063
667	0.90707	0.066309	0.024794	0.0018251
668	0.90174	0.071605	0.024684	0.001973
669	0.89706	0.076243	0.024591	0.0021028
670	0.89313	0.080139	0.024519	0.0022129
671	0.88993	0.083304	0.024465	0.0023035
672	0.88753	0.085668	0.024433	0.0023727
673	0.88575	0.087406	0.024419	0.0024244
674	0.88476	0.088357	0.024426	0.0024548
675	0.88439	0.088689	0.024451	0.0024677
676	0.88481	0.088237	0.024497	0.0024593
677	0.88583	0.08718	0.02456	0.0024338
678	0.88745	0.085516	0.024641	0.0023909
679	0.88987	0.08306	0.024744	0.0023262
680	0.8929	0.079989	0.024864	0.0022437
681	0.89675	0.076108	0.025007	0.0021388
682	0.90123	0.071582	0.025169	0.0020151
683	0.90638	0.0664	0.025351	0.0018722
684	0.91219	0.060553	0.025552	0.0017099
685	0.91867	0.054029	0.025774	0.0015276
686	0.92595	0.046714	0.026017	0.0013228
687	0.93413	0.038495	0.026287	0.0010923
688	0.94301	0.029568	0.026578	0.00084061
689	0.95263	0.019916	0.026891	0.00056724
690	0.963	0.0095032	0.027227	0.00027092
691	0.96238	0.010081	0.02725	0.00028722
692	0.96233	0.010088	0.02729	0.00028752
693	0.96279	0.0095889	0.027344	0.00027328
694	0.9638	0.0085452	0.027414	0.00024362
695	0.96531	0.0069916	0.027499	0.0001992
696	0.9674	0.0048591	0.0276	0.00013824
697	0.97008	0.0021399	0.027718	6.0473e-05
698	0.97073	0.0014553	0.027778	4.0648e-05
699	0.96833	0.0038125	0.027747	0.00010812
700	0.96648	0.0056284	0.027731	0.00016036
701	0.96516	0.0069082	0.027731	0.00019744
702	0.9644	0.0076317	0.027746	0.00021873
703	0.96414	0.0078569	0.027775	0.0002256
704	0.96438	0.0075842	0.027819	0.00021801
705	0.96511	0.0068134	0.027879	0.0001959
706	0.96337	0.008516	0.027866	0.00024518
707	0.96214	0.0097069	0.027869	0.00027963
708	0.96143	0.010388	0.027887	0.00029927
709	0.95665	0.015132	0.027787	0.00043636
710	0.95252	0.019218	0.027705	0.00055494
711	0.94899	0.022715	0.027641	0.00065645
712	0.94609	0.025573	0.027595	0.00073985
713	0.94377	0.027857	0.027566	0.00080644
714	0.94207	0.029515	0.027555	0.00085515
715	0.94105	0.030506	0.027563	0.00088471
716	0.94057	0.030942	0.027587	0.00089786
717	0.94066	0.030815	0.027629	0.00089427
718	0.94131	0.030133	0.027687	0.00087416
719	0.94257	0.028833	0.027764	0.00083599
720	0.9445	0.026864	0.027859	0.00077823
721	0.94114	0.030191	0.027793	0.00087909
722	0.93836	0.032928	0.027744	0.00096247
723	0.93618	0.035082	0.027713	0.0010285
724	0.93468	0.036544	0.027702	0.0010744
725	0.93375	0.03744	0.027708	0.0011034
726	0.93338	0.037771	0.027732	0.0011155
727	0.93358	0.037539	0.027772	0.0011106
728	0.93441	0.036675	0.027831	0.001087
729	0.9358	0.035244	0.027908	0.0010462
730	0.93776	0.033245	0.028002	0.00098811
731	0.94037	0.030604	0.028115	0.00091087
732	0.94356	0.027374	0.028247	0.00081555
733	0.94735	0.02355	0.028397	0.00070187
734	0.94601	0.024851	0.028394	0.00074154
735	0.94523	0.025597	0.028408	0.00076441
736	0.94509	0.025698	0.02844	0.00076817
737	0.9456	0.025154	0.028492	0.00075276
738	0.94675	0.023965	0.028563	0.00071804
739	0.9428	0.027883	0.02848	0.00083722
740	0.93951	0.031141	0.028417	0.00093698
741	0.93691	0.033695	0.028374	0.001016
742	0.93502	0.035555	0.028351	0.0010743
743	0.9337	0.036838	0.028347	0.0011151
744	0.93296	0.037546	0.02836	0.0011381
745	0.93289	0.037571	0.028394	0.0011407
746	0.93352	0.036914	0.028448	0.0011228
747	0.93471	0.035682	0.02852	0.001087
748	0.93659	0.033762	0.028613	0.0010304
749	0.93906	0.031261	0.028724	0.00095553
750	0.94223	0.028057	0.028857	0.00085928
751	0.94598	0.02427	0.029008	0.00074459
752	0.95039	0.019816	0.02918	0.0006094
753	0.95541	0.014763	0.029371	0.00045511
754	0.96105	0.0090881	0.029583	0.00028098
755	0.96225	0.0078488	0.029658	0.00024335
756	0.96396	0.0061002	0.029748	0.00018976
757	0.96333	0.006694	0.029767	0.00020856
758	0.96319	0.0067952	0.029802	0.00021204
759	0.9636	0.0063524	0.029853	0.00019877
760	0.96155	0.0083601	0.029827	0.00026218
761	0.96002	0.0098525	0.029818	0.00030956
762	0.95901	0.010827	0.029825	0.00034076
763	0.95337	0.01643	0.029685	0.00051786
764	0.94841	0.021345	0.029567	0.0006741
765	0.94406	0.025661	0.029468	0.00081166
766	0.9403	0.029385	0.029387	0.00093074
767	0.93719	0.032452	0.029327	0.0010297
768	0.93467	0.034931	0.029285	0.0011102
769	0.93285	0.036714	0.029265	0.0011692
770	0.92174	0.047786	0.028949	0.0015233
771	0.91155	0.057941	0.028662	0.0018499
772	0.90224	0.067209	0.0284	0.0021496
773	0.89366	0.075754	0.028162	0.0024266
774	0.8858	0.083573	0.027948	0.0026806
775	0.87887	0.090468	0.027761	0.0029065
776	0.8726	0.096689	0.027596	0.0031109
777	0.86701	0.10225	0.027452	0.0032943
778	0.86208	0.10714	0.02733	0.0034563
779	0.85801	0.11117	0.027234	0.0035918
780	0.85457	0.11456	0.027159	0.003707
781	0.85188	0.11722	0.027107	0.0037991
782	0.83424	0.13482	0.026573	0.0043733
783	0.81793	0.15108	0.02608	0.0049068
784	0.80251	0.16647	0.025614	0.0054125
785	0.78832	0.18061	0.025187	0.0058804
786	0.77499	0.19391	0.024786	0.0063213
787	0.76247	0.20638	0.024412	0.006736
788	0.75092	0.21789	0.024068	0.0071211
789	0.74012	0.22865	0.023748	0.0074824
790	0.73023	0.2385	0.023455	0.0078156
791	0.72104	0.24765	0.023186	0.0081263
792	0.71253	0.25612	0.022939	0.008415
793	0.70468	0.26392	0.022713	0.0086821
794	0.69749	0.27107	0.022509	0.0089281
795	0.69096	0.27756	0.022327	0.0091524
796	0.68537	0.28311	0.022174	0.0093477
797	0.68038	0.28806	0.022041	0.0095229
798	0.67602	0.29237	0.021929	0.0096774
799	0.67226	0.29609	0.021837	0.0098123
800	0.66925	0.29906	0.021769	0.0099235
801	0.66711	0.30116	0.021728	0.010007
802	0.66554	0.30268	0.021707	0.010072
803	0.66471	0.30347	0.021709	0.010112
804	0.66445	0.30368	0.02173	0.010134
805	0.66477	0.30333	0.021771	0.010136
806	0.66581	0.30224	0.021836	0.010115
807	0.66772	0.30029	0.021928	0.010066
808	0.67049	0.29747	0.022049	0.0099887
809	0.67414	0.29378	0.022198	0.0098828
810	0.67838	0.2895	0.022367	0.0097564
811	0.68339	0.28444	0.022562	0.0096046
812	0.68919	0.2786	0.022783	0.0094269
813	0.69564	0.2721	0.023027	0.0092264
814	0.70275	0.26495	0.023295	0.0090025
815	0.71051	0.25714	0.023586	0.0087556
816	0.71894	0.24868	0.0239	0.0084852
817	0.71265	0.25493	0.023719	0.0087109
818	0.70716	0.26037	0.023563	0.0089109
819	0.70231	0.26517	0.023429	0.009089
820	0.69837	0.26907	0.023324	0.009238
821	0.69503	0.27237	0.02324	0.0093664
822	0.6923	0.27505	0.023178	0.0094737
823	0.69019	0.27711	0.023136	0.0095598
824	0.68882	0.27844	0.02312	0.0096216
825	0.68806	0.27915	0.023124	0.0096623
826	0.68804	0.27913	0.023153	0.0096786
827	0.68876	0.27836	0.023206	0.0096703
828	0.69008	0.27699	0.023281	0.0096408
829	0.69199	0.27504	0.023377	0.0095907
830	0.69451	0.27247	0.023495	0.0095189
831	0.69765	0.26929	0.023635	0.0094252
832	0.7014	0.26549	0.023797	0.0093093
833	0.70606	0.26079	0.02399	0.0091631
834	0.71135	0.25545	0.024206	0.0089937
835	0.71744	0.24931	0.024449	0.0087971
836	0.72418	0.24253	0.024716	0.0085772
837	0.73174	0.23492	0.025011	0.0083286
838	0.74016	0.22646	0.025336	0.0080506
839	0.74959	0.21698	0.025695	0.0077377
840	0.75973	0.20679	0.026081	0.0073984
841	0.7706	0.19587	0.026495	0.0070322
842	0.78225	0.18418	0.026937	0.0066371
843	0.7947	0.17168	0.02741	0.0062121
844	0.80831	0.15802	0.027924	0.0057461
845	0.82314	0.14314	0.02848	0.0052375
846	0.83883	0.1274	0.029069	0.0046962
847	0.85545	0.11073	0.029694	0.0041199
848	0.87324	0.092894	0.03036	0.0035018
849	0.89203	0.074056	0.031064	0.0028457
850	0.8959	0.070146	0.031239	0.0027193
851	0.9004	0.065597	0.031437	0.0025694
852	0.90555	0.060398	0.03166	0.0023957
853	0.91153	0.054363	0.031912	0.0021923
854	0.91818	0.04767	0.032189	0.0019645
855	0.92549	0.040307	0.032491	0.0017117
856	0.92537	0.040381	0.032517	0.001736
857	0.92593	0.039767	0.032567	0.0017354
858	0.92707	0.038578	0.032638	0.0017137
859	0.9289	0.036695	0.032735	0.001667
860	0.93132	0.03423	0.032853	0.0015987
861	0.93432	0.031179	0.032994	0.0015087
862	0.93803	0.027413	0.03316	0.0013926
863	0.94234	0.023055	0.033349	0.0012546
864	0.94725	0.018099	0.03356	0.0010941
865	0.94707	0.018294	0.033581	0.0010586
866	0.94741	0.017962	0.033622	0.001003
867	0.94312	0.02227	0.033467	0.0011436
868	0.93941	0.025994	0.033334	0.0012627
869	0.93635	0.029071	0.033224	0.0013584
870	0.93398	0.031457	0.033139	0.0014291
871	0.93229	0.033161	0.033078	0.0014752
872	0.93116	0.034305	0.033038	0.0015005
873	0.93059	0.034882	0.03302	0.001505
874	0.9306	0.034892	0.033022	0.0014884
875	0.92354	0.041963	0.032758	0.0017387
876	0.91714	0.048373	0.032519	0.0019645
877	0.9114	0.054133	0.032303	0.0021665
878	0.90629	0.059255	0.032111	0.0023449
879	0.90191	0.063644	0.031946	0.0024974
880	0.89826	0.067314	0.031805	0.0026242
881	0.89521	0.070372	0.031688	0.0027287
882	0.89277	0.072825	0.031592	0.0028109
883	0.89095	0.074662	0.03152	0.0028707
884	0.87741	0.08821	0.031023	0.0033553
885	0.86473	0.10091	0.030557	0.0038082
886	0.85284	0.1128	0.030122	0.0042315
887	0.84174	0.12392	0.029716	0.0046259
888	0.83139	0.13428	0.029338	0.0049923
889	0.82181	0.14387	0.028988	0.0053305
890	0.81295	0.15274	0.028665	0.0056421
891	0.8048	0.16091	0.028369	0.0059278
892	0.79749	0.16822	0.028102	0.0061837
893	0.79086	0.17486	0.02786	0.0064149
894	0.78517	0.18057	0.02765	0.0066136
895	0.78038	0.18537	0.027472	0.0067805
896	0.77625	0.18951	0.027318	0.0069234
897	0.7729	0.19287	0.027192	0.0070393
898	0.7703	0.19548	0.027091	0.0071285
899	0.76833	0.19746	0.027014	0.0071954
900	0.76698	0.19882	0.026959	0.0072392
901	0.76626	0.19955	0.026928	0.0072602
902	0.76629	0.19953	0.026923	0.0072551
903	0.76718	0.19865	0.026947	0.0072204
904	0.7687	0.19715	0.026994	0.0071628
905	0.77082	0.19503	0.027064	0.007083
906	0.77371	0.19215	0.02716	0.0069769
907	0.76266	0.20321	0.02676	0.0073672
908	0.75253	0.21335	0.026392	0.0077253
909	0.74312	0.22277	0.02605	0.0080571
910	0.73443	0.23147	0.025735	0.0083626
911	0.72641	0.2395	0.025445	0.0086432
912	0.71909	0.24683	0.025181	0.0088986
913	0.71243	0.2535	0.024941	0.0091293
914	0.70644	0.2595	0.024726	0.0093359
915	0.70125	0.2647	0.024538	0.0095151
916	0.69683	0.26913	0.024377	0.0096673
917	0.69304	0.27292	0.024239	0.0097966
918	0.69014	0.27584	0.024131	0.0098956
919	0.68782	0.27816	0.024045	0.0099732
920	0.68609	0.2799	0.023981	0.010029
921	0.68522	0.28078	0.023946	0.010056
922	0.68495	0.28106	0.023932	0.010061
923	0.68542	0.28059	0.023945	0.010041
924	0.68675	0.27927	0.023986	0.0099905
925	0.68895	0.27708	0.024058	0.0099108
926	0.69173	0.27431	0.02415	0.0098098
927	0.6954	0.27065	0.024273	0.0096788
928	0.69995	0.2661	0.024426	0.0095171
929	0.70512	0.26094	0.024602	0.0093334
930	0.71091	0.25516	0.0248	0.0091272
931	0.71751	0.24857	0.025026	0.0088934
932	0.72476	0.24133	0.025275	0.0086363
933	0.73269	0.2334	0.025549	0.0083544
934	0.72573	0.24037	0.025298	0.0085981
935	0.71942	0.2467	0.025071	0.0088184
936	0.71403	0.25209	0.024875	0.0090067
937	0.70955	0.25657	0.024711	0.0091638
938	0.70568	0.26045	0.024568	0.0092987
939	0.7027	0.26344	0.024457	0.0094033
940	0.70059	0.26555	0.024374	0.0094779
941	0.69907	0.26708	0.024314	0.0095312
942	0.69816	0.268	0.024276	0.0095625
943	0.69786	0.26831	0.02426	0.0095719
944	0.69842	0.26776	0.024273	0.0095518
945	0.69984	0.26635	0.024315	0.0095023
946	0.70187	0.26432	0.02438	0.0094308
947	0.70449	0.26171	0.024466	0.009338
948	0.70771	0.25849	0.024574	0.0092236
949	0.71182	0.25439	0.024713	0.009079
950	0.71654	0.24967	0.024873	0.0089124
951	0.72191	0.24431	0.025057	0.0087226
952	0.72793	0.2383	0.025265	0.0085091
953	0.7346	0.23164	0.025495	0.0082725
954	0.74192	0.22432	0.02575	0.0080124
955	0.74991	0.21633	0.026029	0.0077282
956	0.75858	0.20767	0.026333	0.0074194
957	0.76814	0.19811	0.026667	0.0070803
958	0.77861	0.18765	0.027032	0.0067101
959	0.78983	0.17644	0.027424	0.0063132
960	0.80183	0.16443	0.027845	0.0058877
961	0.81466	0.15161	0.028295	0.0054328
962	0.8285	0.13777	0.028781	0.0049429
963	0.84341	0.12287	0.029302	0.0044167
964	0.85959	0.10669	0.029867	0.0038471
965	0.86166	0.10463	0.029934	0.0037758
966	0.86435	0.10194	0.030022	0.0036825
967	0.86766	0.098636	0.030133	0.003567
968	0.8608	0.10551	0.029882	0.0038135
969	0.85462	0.11169	0.029656	0.004035
970	0.84913	0.11719	0.029455	0.004232
971	0.84441	0.1219	0.029281	0.004402
972	0.84036	0.12596	0.029131	0.0045483
973	0.83706	0.12926	0.029007	0.0046685
974	0.83451	0.13182	0.028908	0.0047628
975	0.83271	0.13362	0.028835	0.0048316
976	0.83164	0.13469	0.028788	0.004875
977	0.83121	0.13513	0.028763	0.0048958
978	0.8314	0.13495	0.028761	0.0048941
979	0.83222	0.13413	0.028781	0.00487
980	0.83365	0.1327	0.028824	0.0048239
981	0.83592	0.13043	0.028895	0.0047493
982	0.83903	0.12733	0.028995	0.004646
983	0.84278	0.12358	0.029118	0.0045196
984	0.84719	0.11918	0.029265	0.0043699
985	0.85226	0.11411	0.029435	0.0041965
986	0.85799	0.10839	0.029629	0.0039999
987	0.85306	0.11331	0.029442	0.0041841
988	0.84878	0.11759	0.029278	0.0043452
989	0.84514	0.12124	0.029138	0.0044835
990	0.84224	0.12414	0.029023	0.0045959
991	0.83997	0.12642	0.028931	0.0046859
992	0.83843	0.12796	0.028864	0.0047505
993	0.83763	0.12876	0.028822	0.0047899
994	0.83755	0.12884	0.028805	0.0048041
995	0.83809	0.1283	0.028811	0.0047965
996	0.83925	0.12715	0.028838	0.0047671
997	0.84103	0.12537	0.028888	0.0047151
998	0.84343	0.12297	0.02896	0.0046412
999	0.84647	0.11993	0.029056	0.0045446
1000	0.85026	0.11614	0.029177	0.0044222
1001	0.8547	0.1117	0.029321	0.0042766
1002	0.86001	0.10639	0.029495	0.0041013
1003	0.86622	0.10019	0.029699	0.0038957
1004	0.87311	0.093297	0.029928	0.0036656
1005	0.88093	0.085476	0.030188	0.0034039
1006	0.88948	0.07693	0.030475	0.0031166
1007	0.89877	0.067642	0.030787	0.0028029
1008	0.90882	0.057594	0.031127	0.0024624
1009	0.9199	0.046515	0.031502	0.0020868
1010	0.93205	0.034365	0.031913	0.0016749
1011	0.94501	0.0214	0.032353	0.0012343
1012	0.94826	0.018225	0.032486	0.0010279
1013	0.94698	0.019575	0.032398	0.0010428
1014	0.94633	0.020301	0.032333	0.0010352
1015	0.9463	0.020405	0.032289	0.0010053
1016	0.94681	0.01997	0.032266	0.00095589
1017	0.94786	0.018995	0.032262	0.00088709
1018	0.94945	0.017476	0.032278	0.00079888
1019	0.95167	0.015328	0.032316	0.00068822
1020	0.95444	0.012629	0.032375	0.00055796
1021	0.95345	0.013686	0.03228	0.00058103
1022	0.95306	0.014151	0.032206	0.00058362
1023	0.95318	0.014099	0.03215	0.00056823
1024	0.95382	0.013529	0.032112	0.00053495
1025	0.95498	0.012441	0.032093	0.00048385
1026	0.95264	0.014857	0.031947	0.00055915
1027	0.95084	0.016729	0.031821	0.00061556
