#coord	neutral	conserved	gBGC.neutral	gBGC.conserved
1	0.58958	0.14318	0.21454	0.052692
2	0.59333	0.14048	0.21475	0.05144
3	0.59759	0.13726	0.21514	0.05001
4	0.60246	0.13344	0.21572	0.048379
5	0.60796	0.12899	0.2165	0.046544
6	0.6142	0.12381	0.21751	0.044474
7	0.62098	0.11809	0.2187	0.042228
8	0.62832	0.1118	0.22008	0.039799
9	0.63624	0.10493	0.22165	0.037182
10	0.64473	0.097475	0.22341	0.034384
11	0.64413	0.099126	0.22196	0.034784
12	0.64401	0.10029	0.22069	0.035006
13	0.64445	0.1009	0.21961	0.035035
14	0.64536	0.10103	0.21871	0.034898
15	0.64676	0.10068	0.21797	0.034591
16	0.64864	0.099839	0.21741	0.034117
17	0.65099	0.098517	0.21701	0.03348
18	0.65384	0.096697	0.21679	0.032679
19	0.65717	0.094387	0.21672	0.031717
20	0.66118	0.09141	0.21686	0.030549
21	0.66571	0.087911	0.21717	0.029216
22	0.67085	0.083796	0.21765	0.027699
23	0.67653	0.079154	0.2183	0.026022
24	0.68274	0.073958	0.21912	0.024178
25	0.68953	0.068196	0.22011	0.022166
26	0.69687	0.061871	0.22127	0.019989
27	0.69669	0.063056	0.22002	0.020232
28	0.69713	0.063638	0.21895	0.020285
29	0.69804	0.063739	0.21804	0.020182
30	0.69951	0.063291	0.21729	0.019911
31	0.70159	0.062234	0.21672	0.019456
32	0.70416	0.060685	0.2163	0.018851
33	0.70722	0.058641	0.21604	0.018095
34	0.71078	0.056095	0.21594	0.017189
35	0.71493	0.052969	0.21599	0.01612
36	0.71959	0.049324	0.21619	0.014901
37	0.72485	0.045078	0.21655	0.013519
38	0.73064	0.040305	0.21706	0.011989
39	0.73698	0.03498	0.21773	0.010308
40	0.74388	0.029092	0.21856	0.0084749
41	0.74479	0.029178	0.21761	0.0084179
42	0.74616	0.028808	0.2168	0.0082258
43	0.74799	0.027979	0.21613	0.0079001
44	0.75037	0.0266	0.21561	0.0074217
45	0.75321	0.024753	0.21522	0.0068117
46	0.75653	0.022432	0.21497	0.0060708
47	0.76038	0.019582	0.21485	0.00519
48	0.76018	0.020786	0.2136	0.0054335
49	0.76042	0.021543	0.21248	0.0055475
50	0.75486	0.028108	0.20989	0.0071451
51	0.75	0.033975	0.20749	0.0085409
52	0.74567	0.039306	0.20526	0.0097709
53	0.74186	0.044107	0.20319	0.01084
54	0.73872	0.048251	0.2013	0.011726
55	0.72361	0.064359	0.19655	0.01548
56	0.70964	0.079342	0.19211	0.018911
57	0.6964	0.093587	0.18792	0.022101
58	0.68407	0.10693	0.18398	0.025028
59	0.67275	0.11926	0.18032	0.027671
60	0.6624	0.13063	0.17692	0.030045
61	0.65271	0.14134	0.17373	0.032212
62	0.64366	0.15141	0.17075	0.03418
63	0.63538	0.16071	0.16797	0.035935
64	0.62796	0.16916	0.16542	0.037458
65	0.62138	0.17678	0.16308	0.03876
66	0.61535	0.18385	0.16091	0.039896
67	0.61	0.19023	0.15892	0.040849
68	0.60519	0.19608	0.15708	0.041647
69	0.60114	0.20117	0.15544	0.042248
70	0.59785	0.20551	0.15398	0.04266
71	0.59531	0.20911	0.15269	0.042885
72	0.5935	0.21199	0.15159	0.04293
73	0.5922	0.21435	0.15062	0.042838
74	0.59153	0.21609	0.1498	0.042592
75	0.59134	0.21734	0.14911	0.042217
76	0.59166	0.21808	0.14855	0.041711
77	0.59261	0.21819	0.14814	0.041058
78	0.59405	0.21782	0.14785	0.040282
79	0.59622	0.21672	0.14772	0.03934
80	0.59891	0.21509	0.14772	0.038272
81	0.60213	0.21294	0.14786	0.037078
82	0.60587	0.21025	0.14811	0.035759
83	0.61029	0.20691	0.14851	0.034297
84	0.61525	0.20301	0.14904	0.032708
85	0.6209	0.19843	0.1497	0.030975
86	0.61251	0.20576	0.1484	0.03333
87	0.605	0.21223	0.14726	0.035506
88	0.59808	0.2181	0.14627	0.037551
89	0.59187	0.22327	0.14541	0.039447
90	0.58646	0.22765	0.14472	0.04117
91	0.58183	0.23124	0.1442	0.042724
92	0.57772	0.23432	0.1438	0.044155
93	0.57437	0.23665	0.14356	0.045419
94	0.57153	0.23847	0.14345	0.046557
95	0.5692	0.23976	0.14346	0.047568
96	0.5676	0.24034	0.14364	0.048412
97	0.5665	0.24041	0.14396	0.049128
98	0.56612	0.23977	0.14443	0.049673
99	0.56646	0.23842	0.14507	0.050047
100	0.55252	0.25134	0.14221	0.053926
101	0.53948	0.26337	0.13953	0.057616
102	0.5273	0.27455	0.13702	0.061124
103	0.51576	0.28509	0.13466	0.064492
104	0.50515	0.2947	0.1325	0.067651
105	0.49512	0.30372	0.13048	0.070678
106	0.48567	0.31216	0.1286	0.073568
107	0.47677	0.32006	0.12684	0.076333
108	0.46841	0.3274	0.12522	0.078966
109	0.46086	0.33395	0.12378	0.081413
110	0.45379	0.34001	0.12246	0.083742
111	0.44722	0.34557	0.12127	0.085947
112	0.44127	0.35051	0.12022	0.088006
113	0.43577	0.355	0.11928	0.089951
114	0.43072	0.35904	0.11846	0.091778
115	0.42612	0.36262	0.11777	0.093487
116	0.42209	0.36564	0.11721	0.095056
117	0.41862	0.36811	0.11679	0.096484
118	0.41554	0.37018	0.11647	0.097802
119	0.41301	0.37171	0.1163	0.098981
120	0.41101	0.37271	0.11625	0.10002
121	0.40942	0.37331	0.11633	0.10094
122	0.40821	0.37352	0.11652	0.10175
123	0.4074	0.37332	0.11684	0.10244
124	0.40711	0.37262	0.11729	0.10298
125	0.40721	0.37152	0.11787	0.10341
126	0.40769	0.37003	0.11857	0.10371
127	0.40857	0.36815	0.1194	0.10389
128	0.40996	0.36575	0.12037	0.10392
129	0.41198	0.36273	0.12153	0.10376
130	0.41465	0.35908	0.12286	0.10342
131	0.41769	0.35504	0.12433	0.10294
132	0.42114	0.35059	0.12594	0.10232
133	0.42501	0.34573	0.1277	0.10156
134	0.42955	0.34019	0.12966	0.10059
135	0.4345	0.33425	0.13178	0.099476
136	0.43989	0.32786	0.13405	0.098199
137	0.44587	0.32088	0.13652	0.096729
138	0.45229	0.31346	0.13915	0.095094
139	0.45917	0.30559	0.14195	0.093289
140	0.4665	0.29725	0.14494	0.091307
141	0.47431	0.28843	0.14811	0.089142
142	0.48261	0.27912	0.15148	0.086786
143	0.49142	0.26931	0.15504	0.084233
144	0.50076	0.25895	0.15883	0.081465
145	0.51083	0.24787	0.16286	0.078439
146	0.5218	0.23589	0.16721	0.075099
147	0.53338	0.22331	0.1718	0.071512
148	0.53159	0.22409	0.17212	0.072191
149	0.53027	0.22441	0.17261	0.072713
150	0.52963	0.22405	0.1733	0.073023
151	0.52965	0.22303	0.17419	0.073119
152	0.53014	0.22155	0.17526	0.073051
153	0.53131	0.21939	0.17654	0.072763
154	0.53292	0.21678	0.17798	0.072311
155	0.53512	0.2136	0.17962	0.071661
156	0.53778	0.20995	0.18143	0.07084
157	0.5277	0.21903	0.17895	0.074322
158	0.51837	0.22737	0.17667	0.077589
159	0.5096	0.23515	0.17456	0.080688
160	0.50164	0.24212	0.1727	0.083541
161	0.49422	0.24855	0.171	0.086225
162	0.4873	0.25448	0.16947	0.088749
163	0.48089	0.25989	0.16811	0.091108
164	0.47522	0.26457	0.16697	0.093238
165	0.47025	0.26855	0.16606	0.095142
166	0.46599	0.27184	0.16535	0.096823
167	0.46215	0.27469	0.16481	0.098353
168	0.45889	0.27698	0.16444	0.099697
169	0.45604	0.27885	0.16422	0.10089
170	0.45384	0.28007	0.16422	0.10187
171	0.45219	0.28075	0.16441	0.10265
172	0.45094	0.28103	0.16474	0.10329
173	0.45032	0.28068	0.16529	0.10371
174	0.45033	0.27971	0.16606	0.10389
175	0.43596	0.29313	0.16144	0.10947
176	0.42242	0.30572	0.15707	0.11479
177	0.40948	0.3177	0.15289	0.11992
178	0.39711	0.32912	0.1489	0.12487
179	0.38529	0.33998	0.14509	0.12964
180	0.37402	0.3503	0.14146	0.13423
181	0.36357	0.35979	0.13809	0.13855
182	0.35391	0.3685	0.13497	0.14262
183	0.34469	0.37676	0.13201	0.14654
184	0.33608	0.38443	0.12924	0.15026
185	0.32787	0.39168	0.1266	0.15384
186	0.32006	0.39854	0.12411	0.15729
187	0.3128	0.40486	0.12179	0.16056
188	0.30591	0.41079	0.1196	0.1637
189	0.29953	0.41622	0.11758	0.16666
190	0.2935	0.4213	0.1157	0.1695
191	0.28794	0.42592	0.11396	0.17218
192	0.28271	0.4302	0.11235	0.17474
193	0.27779	0.43416	0.11086	0.17718
194	0.27331	0.4377	0.10952	0.17947
195	0.26924	0.44082	0.10832	0.18162
196	0.26567	0.44345	0.1073	0.18358
197	0.26238	0.4458	0.10639	0.18543
198	0.25936	0.44788	0.10559	0.18717
199	0.25661	0.44969	0.1049	0.18881
200	0.25422	0.45113	0.10434	0.19031
201	0.25207	0.45234	0.10388	0.19171
202	0.25037	0.4531	0.10359	0.19294
203	0.24889	0.45363	0.1034	0.19408
204	0.24765	0.45392	0.10331	0.19511
205	0.24663	0.45399	0.10332	0.19605
206	0.24585	0.45383	0.10344	0.19688
207	0.2455	0.45323	0.10373	0.19754
208	0.24536	0.45242	0.10412	0.1981
209	0.24543	0.4514	0.10461	0.19856
210	0.24573	0.45014	0.10521	0.19892
211	0.24646	0.44845	0.10599	0.19909
212	0.24743	0.44654	0.10688	0.19916
213	0.24862	0.44438	0.10789	0.1991
214	0.25005	0.44199	0.10902	0.19894
215	0.25193	0.43916	0.11034	0.19857
216	0.25404	0.43609	0.11178	0.19809
217	0.2564	0.43277	0.11336	0.19748
218	0.25921	0.429	0.11513	0.19666
219	0.26226	0.42498	0.11704	0.19572
220	0.26558	0.42071	0.11909	0.19463
221	0.26914	0.41618	0.12127	0.19341
222	0.27319	0.41116	0.12369	0.19196
223	0.27753	0.40586	0.12626	0.19035
224	0.28238	0.40005	0.12908	0.18849
225	0.28753	0.39393	0.13207	0.18647
226	0.293	0.3875	0.13525	0.18426
227	0.29891	0.38062	0.13864	0.18183
228	0.3054	0.37317	0.14232	0.17911
229	0.3125	0.36512	0.14629	0.17609
230	0.31994	0.35673	0.15047	0.17287
231	0.32776	0.34795	0.15487	0.16942
232	0.33612	0.33864	0.15956	0.16569
233	0.34486	0.32893	0.16448	0.16172
234	0.35404	0.31879	0.16967	0.1575
235	0.36363	0.30823	0.17512	0.15302
236	0.3609	0.31	0.17454	0.15456
237	0.35851	0.31143	0.17413	0.15593
238	0.35668	0.3123	0.17397	0.15705
239	0.35517	0.31285	0.17398	0.15801
240	0.35412	0.31294	0.17419	0.15875
241	0.3536	0.31251	0.17466	0.15924
242	0.35341	0.31174	0.17529	0.15955
243	0.35355	0.31064	0.17612	0.15969
244	0.35403	0.3092	0.17712	0.15965
245	0.35496	0.30731	0.17835	0.15938
246	0.3562	0.3051	0.17975	0.15894
247	0.3579	0.30245	0.18138	0.15827
248	0.35992	0.29946	0.1832	0.15741
249	0.36229	0.29613	0.18523	0.15635
250	0.36512	0.29233	0.18749	0.15505
251	0.3683	0.2882	0.18996	0.15355
252	0.37183	0.28369	0.19265	0.15183
253	0.37595	0.27861	0.19564	0.1498
254	0.38042	0.27317	0.19886	0.14755
255	0.38526	0.26736	0.20231	0.14507
256	0.39049	0.26115	0.20602	0.14234
257	0.39611	0.25455	0.20997	0.13937
258	0.40211	0.24756	0.21417	0.13615
259	0.40854	0.24014	0.21866	0.13266
260	0.41541	0.23228	0.22343	0.12888
261	0.42296	0.22373	0.2286	0.12471
262	0.43096	0.21474	0.23406	0.12023
263	0.43942	0.20529	0.23985	0.11545
264	0.44863	0.19508	0.24607	0.11022
265	0.45834	0.18437	0.25264	0.10465
266	0.46887	0.17285	0.25969	0.098582
267	0.47995	0.16078	0.26714	0.092133
268	0.47939	0.16034	0.268	0.092264
269	0.47924	0.15951	0.2691	0.092155
270	0.47948	0.15826	0.27046	0.091803
271	0.48011	0.15662	0.27205	0.091215
272	0.48115	0.15457	0.2739	0.090377
273	0.48276	0.15196	0.27607	0.089209
274	0.48478	0.14892	0.27851	0.08778
275	0.48732	0.14538	0.28125	0.08605
276	0.49037	0.14133	0.28429	0.084011
277	0.49383	0.13687	0.2876	0.081703
278	0.49782	0.13188	0.29123	0.079069
279	0.50225	0.12645	0.29517	0.076139
280	0.50731	0.12038	0.29949	0.072815
281	0.51282	0.11387	0.30412	0.069184
282	0.51878	0.10691	0.30908	0.065237
283	0.5252	0.099475	0.31437	0.060963
284	0.53232	0.091348	0.3201	0.05624
285	0.53994	0.082711	0.3262	0.05115
286	0.54821	0.073434	0.33272	0.045635
287	0.55715	0.063495	0.33969	0.039674
288	0.56677	0.05287	0.34711	0.033251
289	0.56768	0.050975	0.34913	0.032218
290	0.56897	0.048683	0.35142	0.030923
291	0.57065	0.046001	0.35398	0.029367
292	0.56686	0.048791	0.3531	0.03125
293	0.56354	0.051103	0.3525	0.032853
294	0.56062	0.053015	0.35215	0.03421
295	0.55809	0.05453	0.35206	0.035321
296	0.55595	0.055655	0.35221	0.036185
297	0.55419	0.056383	0.35263	0.036796
298	0.55294	0.056616	0.35334	0.0371
299	0.55207	0.056459	0.35432	0.037147
300	0.55157	0.055924	0.35556	0.036944
301	0.54419	0.062272	0.35231	0.041232
302	0.5374	0.068032	0.34939	0.045181
303	0.53107	0.073319	0.34677	0.048844
304	0.52538	0.077981	0.34451	0.052136
305	0.52012	0.082199	0.34253	0.055151
306	0.51547	0.085826	0.3409	0.057808
307	0.51124	0.089017	0.33956	0.060187
308	0.50743	0.091781	0.3385	0.062291
309	0.50412	0.094055	0.33774	0.064089
310	0.50121	0.095918	0.33726	0.065615
311	0.49869	0.097388	0.33704	0.066878
312	0.49671	0.098329	0.33717	0.067798
313	0.4843	0.10968	0.33016	0.075853
314	0.47267	0.12027	0.3236	0.083461
315	0.46162	0.13027	0.31739	0.090715
316	0.45115	0.13969	0.31155	0.09761
317	0.44137	0.14842	0.30611	0.1041
318	0.43212	0.15662	0.30102	0.11025
319	0.42361	0.16408	0.29636	0.11595
320	0.41557	0.17106	0.29202	0.12135
321	0.40822	0.17736	0.28809	0.12633
322	0.40131	0.18321	0.28446	0.13102
323	0.39495	0.18852	0.28116	0.13537
324	0.38901	0.1934	0.27815	0.13943
325	0.3836	0.19777	0.27547	0.14316
326	0.37869	0.20164	0.27311	0.14657
327	0.37435	0.20493	0.27111	0.14961
328	0.37037	0.20787	0.26937	0.15239
329	0.36674	0.21045	0.26789	0.15492
330	0.36347	0.21267	0.26667	0.1572
331	0.36064	0.21444	0.26576	0.15916
332	0.35826	0.21577	0.26513	0.16083
333	0.35639	0.2166	0.26486	0.16214
334	0.35484	0.21711	0.26484	0.16321
335	0.35371	0.2172	0.26511	0.16398
336	0.35308	0.21679	0.26574	0.16439
337	0.35277	0.21606	0.26663	0.16454
338	0.34141	0.22639	0.25907	0.17313
339	0.33083	0.23593	0.25202	0.18122
340	0.32075	0.24498	0.24531	0.18896
341	0.31139	0.25331	0.23907	0.19623
342	0.30247	0.2612	0.23314	0.2032
343	0.2941	0.26853	0.22757	0.2098
344	0.28612	0.27548	0.22227	0.21614
345	0.27865	0.28191	0.2173	0.22213
346	0.27167	0.28787	0.21266	0.22781
347	0.26504	0.29346	0.20827	0.23322
348	0.25876	0.29871	0.20414	0.2384
349	0.2528	0.30363	0.20025	0.24333
350	0.24735	0.30804	0.19671	0.24791
351	0.2422	0.31214	0.1934	0.25226
352	0.23734	0.31596	0.19031	0.2564
353	0.23275	0.31949	0.18743	0.26033
354	0.22862	0.32257	0.18488	0.26393
355	0.22475	0.32539	0.18252	0.26734
356	0.22111	0.32797	0.18036	0.27056
357	0.2177	0.33032	0.17837	0.27361
358	0.21462	0.33234	0.17662	0.27642
359	0.21176	0.33413	0.17506	0.27905
360	0.20913	0.3357	0.17368	0.28149
361	0.20687	0.33689	0.17259	0.28365
362	0.20481	0.33788	0.17167	0.28564
363	0.20295	0.33867	0.17091	0.28747
364	0.20144	0.33911	0.17043	0.28902
365	0.20013	0.33935	0.17013	0.29039
366	0.1991	0.33931	0.17005	0.29155
367	0.19842	0.33892	0.17024	0.29242
368	0.19793	0.33835	0.17061	0.29312
369	0.19777	0.33743	0.17126	0.29353
370	0.19796	0.33618	0.17219	0.29366
371	0.19833	0.33475	0.1733	0.29362
372	0.19896	0.33306	0.17463	0.29335
373	0.19976	0.33118	0.17615	0.2929
374	0.20084	0.32904	0.1779	0.29222
375	0.2021	0.32672	0.17984	0.29135
376	0.20353	0.32421	0.18196	0.29029
377	0.20515	0.32152	0.18429	0.28904
378	0.20695	0.31863	0.18683	0.28758
379	0.20912	0.31539	0.1897	0.28579
380	0.21159	0.31185	0.19284	0.28372
381	0.21426	0.3081	0.19622	0.28142
382	0.21724	0.30404	0.19989	0.27883
383	0.22053	0.29968	0.20386	0.27592
384	0.22404	0.2951	0.20809	0.27278
385	0.22787	0.29019	0.21263	0.26931
386	0.23194	0.28504	0.21746	0.26555
387	0.23626	0.27964	0.22259	0.26151
388	0.24082	0.274	0.228	0.25718
389	0.24562	0.26811	0.23372	0.25256
390	0.25067	0.26195	0.23976	0.24762
391	0.25611	0.25542	0.24619	0.24228
392	0.26183	0.24859	0.25299	0.23658
393	0.26797	0.24136	0.26023	0.23044
394	0.27442	0.23381	0.26786	0.22391
395	0.28132	0.22582	0.27597	0.2169
396	0.28853	0.21751	0.28449	0.20948
397	0.28625	0.21885	0.28316	0.21175
398	0.28425	0.2199	0.28212	0.21373
399	0.28251	0.22069	0.28135	0.21545
400	0.28105	0.2212	0.28087	0.21688
401	0.27985	0.22143	0.28068	0.21804
402	0.27907	0.22125	0.28088	0.2188
403	0.27871	0.22067	0.28147	0.21915
404	0.26796	0.23046	0.27159	0.22999
405	0.25781	0.23966	0.26221	0.24032
406	0.24832	0.2482	0.25342	0.25007
407	0.23924	0.25632	0.245	0.25943
408	0.23053	0.26407	0.23693	0.26846
409	0.22241	0.27124	0.22938	0.27697
410	0.21461	0.27808	0.22213	0.28518
411	0.20715	0.28458	0.2152	0.29307
412	0.20011	0.29065	0.20864	0.30059
413	0.19356	0.29624	0.20252	0.30767
414	0.18748	0.30137	0.19682	0.31433
415	0.18165	0.30625	0.19136	0.32075
416	0.17605	0.31088	0.18613	0.32694
417	0.17079	0.31518	0.18119	0.33283
418	0.16585	0.31917	0.17655	0.33844
419	0.16121	0.32285	0.17217	0.34377
420	0.15678	0.32633	0.168	0.34889
421	0.15254	0.3296	0.16403	0.35382
422	0.14848	0.3327	0.16024	0.35858
423	0.14458	0.33562	0.15662	0.36317
424	0.14093	0.3383	0.15323	0.36753
425	0.13753	0.34074	0.15006	0.37167
426	0.13442	0.34288	0.14717	0.37552
427	0.13146	0.34488	0.14443	0.37923
428	0.12871	0.34667	0.1419	0.38273
429	0.12609	0.34832	0.13951	0.38609
430	0.12373	0.34971	0.13737	0.38919
431	0.12149	0.35099	0.13535	0.39218
432	0.11935	0.35215	0.13347	0.39504
433	0.11732	0.3532	0.13169	0.39779
434	0.11546	0.35408	0.13009	0.40036
435	0.11378	0.35479	0.12866	0.40277
436	0.11219	0.3554	0.12734	0.40507
437	0.11077	0.35585	0.12618	0.4072
438	0.10955	0.35609	0.12524	0.40912
439	0.10843	0.35624	0.1244	0.41093
440	0.10746	0.35624	0.12372	0.41258
441	0.10663	0.35609	0.12319	0.41408
442	0.10601	0.35575	0.12287	0.41537
443	0.10546	0.35533	0.12266	0.41656
444	0.10498	0.35483	0.12254	0.41765
445	0.1047	0.35414	0.12262	0.41854
446	0.10449	0.35337	0.12281	0.41933
447	0.10447	0.35242	0.12321	0.4199
448	0.10451	0.35139	0.12371	0.42038
449	0.1047	0.35023	0.12436	0.42071
450	0.10495	0.349	0.12511	0.42095
451	0.10526	0.3477	0.12595	0.42109
452	0.10564	0.34633	0.1269	0.42113
453	0.1061	0.34488	0.12796	0.42106
454	0.10663	0.34335	0.12913	0.42089
455	0.10722	0.34175	0.13041	0.42062
456	0.10801	0.33996	0.13191	0.42012
457	0.109	0.33797	0.13366	0.41937
458	0.11006	0.33591	0.13552	0.41851
459	0.11121	0.33375	0.13752	0.41752
460	0.11251	0.33145	0.13971	0.41633
461	0.11397	0.32899	0.14209	0.41495
462	0.11564	0.32632	0.14474	0.4133
463	0.1174	0.32355	0.14756	0.41149
464	0.11934	0.32062	0.15059	0.40946
465	0.12137	0.31758	0.15379	0.40726
466	0.12365	0.3143	0.1573	0.40476
467	0.12603	0.31091	0.16099	0.40207
468	0.12866	0.30727	0.16502	0.39905
469	0.13156	0.30338	0.16938	0.39568
470	0.13456	0.29936	0.17396	0.39211
471	0.13778	0.29514	0.17882	0.38826
472	0.14122	0.2907	0.18399	0.38409
473	0.1448	0.28612	0.18939	0.37969
474	0.14852	0.28139	0.19507	0.37502
475	0.15249	0.27641	0.20109	0.37001
476	0.15663	0.27125	0.2074	0.36471
477	0.16095	0.26592	0.21403	0.3591
478	0.16553	0.26032	0.22105	0.3531
479	0.1703	0.25453	0.22839	0.34678
480	0.17525	0.24856	0.23607	0.34013
481	0.18041	0.24236	0.24412	0.3331
482	0.18579	0.23595	0.25257	0.32569
483	0.19139	0.2293	0.26143	0.31788
484	0.18922	0.23043	0.25959	0.32076
485	0.18738	0.23123	0.25816	0.32323
486	0.18572	0.23185	0.25699	0.32544
487	0.18432	0.23221	0.25614	0.32733
488	0.18323	0.23227	0.25568	0.32882
489	0.18232	0.23214	0.2555	0.33004
490	0.1817	0.23171	0.25572	0.33087
491	0.18126	0.23112	0.25619	0.33144
492	0.18098	0.23034	0.25693	0.33175
493	0.18094	0.22933	0.258	0.33172
494	0.18121	0.22803	0.25948	0.33129
495	0.18177	0.22643	0.26137	0.33044
496	0.18249	0.22466	0.26353	0.32932
497	0.1835	0.2226	0.26612	0.32777
498	0.18469	0.22037	0.26899	0.32595
499	0.18612	0.2179	0.27222	0.32376
500	0.1878	0.21518	0.27583	0.32119
501	0.18966	0.21227	0.27976	0.31831
502	0.19178	0.20911	0.28408	0.31503
503	0.19408	0.20576	0.28872	0.31144
504	0.19664	0.20215	0.29379	0.30742
505	0.19941	0.19833	0.29921	0.30305
506	0.20237	0.19431	0.30502	0.2983
507	0.20553	0.19009	0.31119	0.29319
508	0.20889	0.18565	0.31778	0.28768
509	0.21256	0.18092	0.32485	0.28168
510	0.21644	0.17597	0.33233	0.27526
511	0.22053	0.17079	0.34025	0.26843
512	0.22486	0.16537	0.34864	0.26113
513	0.2296	0.15955	0.3577	0.25315
514	0.23457	0.15349	0.36725	0.24468
515	0.23979	0.14717	0.37732	0.23571
516	0.24546	0.14041	0.38814	0.22598
517	0.25141	0.13337	0.39955	0.21567
518	0.25775	0.12593	0.41167	0.20465
519	0.26459	0.118	0.42465	0.19276
520	0.27174	0.10975	0.43828	0.18023
521	0.27932	0.10107	0.45273	0.16688
522	0.28724	0.092055	0.46788	0.15282
523	0.2955	0.082687	0.48379	0.13803
524	0.30411	0.072958	0.50047	0.12246
525	0.31311	0.062836	0.518	0.10605
526	0.31431	0.060525	0.52251	0.10265
527	0.31585	0.057872	0.52762	0.098667
528	0.31763	0.054964	0.53321	0.094196
529	0.31966	0.051808	0.53929	0.089245
530	0.32193	0.0484	0.54587	0.083801
531	0.32452	0.044675	0.55303	0.077773
532	0.32276	0.045308	0.55268	0.079247
533	0.32129	0.045658	0.55279	0.080256
534	0.32005	0.045773	0.55333	0.080853
535	0.31911	0.04558	0.55438	0.080929
536	0.31841	0.045156	0.55585	0.08059
537	0.31792	0.044504	0.55775	0.079833
538	0.31765	0.043625	0.56007	0.078655
539	0.3176	0.04252	0.56283	0.07705
540	0.31777	0.041183	0.56605	0.075001
541	0.31816	0.039614	0.56972	0.0725
542	0.31887	0.037741	0.57396	0.069434
543	0.31985	0.035594	0.5787	0.065849
544	0.31723	0.037056	0.57683	0.068881
545	0.31485	0.03827	0.5754	0.071474
546	0.31271	0.03924	0.57442	0.073633
547	0.30522	0.045557	0.56341	0.085811
548	0.29827	0.051344	0.55324	0.097149
549	0.29182	0.056629	0.54387	0.10768
550	0.28572	0.061561	0.53509	0.11763
551	0.27996	0.066152	0.52688	0.12701
552	0.27464	0.070298	0.51941	0.13565
553	0.26962	0.074141	0.51245	0.14379
554	0.26489	0.077681	0.50602	0.15141
555	0.26045	0.08093	0.50011	0.15852
556	0.25628	0.083894	0.49469	0.16513
557	0.25238	0.086585	0.48977	0.17127
558	0.24873	0.08901	0.48533	0.17692
559	0.24533	0.091186	0.48135	0.18214
560	0.24228	0.093016	0.47797	0.18673
561	0.23952	0.094554	0.47511	0.19081
562	0.23705	0.095808	0.47276	0.19438
563	0.23479	0.096843	0.47084	0.19753
564	0.23285	0.097566	0.46949	0.20009
565	0.23112	0.098071	0.46859	0.20222
566	0.22965	0.098317	0.46818	0.20385
567	0.22838	0.098353	0.4682	0.20506
568	0.22737	0.098138	0.46873	0.20576
569	0.22665	0.097635	0.46982	0.20589
570	0.22622	0.096846	0.4715	0.20543
571	0.22608	0.095774	0.47376	0.20438
572	0.22612	0.094511	0.47646	0.20291
573	0.22641	0.093006	0.47968	0.20091
574	0.22688	0.091304	0.48337	0.19844
575	0.2276	0.089359	0.48759	0.19544
576	0.22851	0.087225	0.49229	0.19198
577	0.2297	0.084802	0.49763	0.18786
578	0.23109	0.082177	0.50349	0.18324
579	0.23268	0.079351	0.50988	0.17809
580	0.23456	0.076225	0.51697	0.17224
581	0.23665	0.072891	0.52461	0.16584
582	0.23893	0.069354	0.53282	0.15889
583	0.23665	0.070384	0.53072	0.16224
584	0.23467	0.071121	0.52922	0.16499
585	0.23288	0.071656	0.52818	0.16728
586	0.23129	0.071992	0.52759	0.16913
587	0.22988	0.072132	0.52746	0.17053
588	0.22874	0.072	0.52793	0.17133
589	0.2278	0.071673	0.52887	0.17166
590	0.22703	0.07116	0.53026	0.17155
591	0.22644	0.070462	0.53212	0.17098
592	0.22602	0.069582	0.53445	0.16995
593	0.22583	0.068476	0.53731	0.16838
594	0.22591	0.06711	0.5408	0.16618
595	0.22615	0.065565	0.54478	0.1635
596	0.22657	0.063841	0.54926	0.16033
597	0.22717	0.061931	0.55426	0.15664
598	0.22799	0.059795	0.55985	0.15237
599	0.22905	0.057431	0.56604	0.14748
600	0.23029	0.054878	0.5728	0.14203
601	0.2318	0.052054	0.58029	0.13585
602	0.23359	0.048954	0.58854	0.12891
603	0.23556	0.045665	0.59739	0.12138
604	0.23376	0.046144	0.59656	0.12354
605	0.23221	0.04637	0.59634	0.12508
606	0.23085	0.04641	0.59661	0.12614
607	0.22513	0.050785	0.58522	0.13886
608	0.2197	0.054868	0.57448	0.15095
609	0.21456	0.05866	0.56439	0.16239
610	0.20968	0.062173	0.55493	0.17321
611	0.20517	0.065322	0.54629	0.18321
612	0.2009	0.068224	0.53822	0.19265
613	0.19693	0.070834	0.5308	0.20144
614	0.19317	0.073216	0.52392	0.20969
615	0.18963	0.075378	0.51757	0.21743
616	0.18629	0.077328	0.51173	0.22466
617	0.18315	0.079066	0.50641	0.23137
618	0.18031	0.08052	0.50178	0.23739
619	0.17765	0.081778	0.49765	0.24292
620	0.17522	0.082806	0.49409	0.24788
621	0.17302	0.083612	0.49109	0.25229
622	0.17098	0.084246	0.48854	0.25623
623	0.1691	0.084707	0.48647	0.25971
624	0.16744	0.084962	0.48495	0.26265
625	0.16598	0.085018	0.48395	0.26505
626	0.16466	0.08492	0.48341	0.26701
627	0.16349	0.084671	0.48332	0.26853
628	0.16254	0.084201	0.48385	0.26941
629	0.16173	0.083582	0.48486	0.26983
630	0.1611	0.08278	0.4864	0.26971
631	0.16066	0.081798	0.48849	0.26904
632	0.16035	0.080678	0.49105	0.26792
633	0.16018	0.079415	0.49409	0.26631
634	0.16013	0.078011	0.49764	0.26422
635	0.16027	0.076432	0.50175	0.26155
636	0.16058	0.074678	0.50645	0.25829
637	0.1611	0.072717	0.51185	0.25432
638	0.16175	0.070623	0.51778	0.24985
639	0.16253	0.068389	0.52426	0.24482
640	0.16352	0.065945	0.53149	0.23904
641	0.16464	0.063365	0.53929	0.2327
642	0.1659	0.060643	0.5477	0.22576
643	0.16728	0.057785	0.55671	0.21823
644	0.16879	0.054788	0.56635	0.21008
645	0.17053	0.05157	0.57685	0.20105
646	0.17249	0.048123	0.58827	0.19111
647	0.1746	0.044532	0.60039	0.18048
648	0.17694	0.040704	0.6135	0.16886
649	0.17943	0.036725	0.62736	0.15648
650	0.18213	0.032539	0.64215	0.14318
651	0.18497	0.028196	0.65777	0.12906
652	0.18435	0.027312	0.66059	0.12775
653	0.18389	0.02627	0.664	0.12584
654	0.18355	0.025097	0.66797	0.12339
655	0.18333	0.023791	0.6725	0.12038
656	0.18327	0.022331	0.67767	0.11673
657	0.18333	0.020743	0.68341	0.11252
658	0.18357	0.018979	0.6899	0.10756
659	0.18393	0.017084	0.69701	0.10198
660	0.1844	0.015064	0.70474	0.095791
661	0.18417	0.015297	0.70563	0.094904
662	0.18409	0.015385	0.70709	0.093429
663	0.18416	0.015328	0.70915	0.091362
664	0.18434	0.015146	0.71175	0.088768
665	0.18468	0.014804	0.71501	0.085501
666	0.18517	0.014315	0.71889	0.081621
667	0.18579	0.013699	0.72332	0.077192
668	0.18468	0.014795	0.71974	0.080788
669	0.18371	0.015754	0.71671	0.083832
670	0.18288	0.01656	0.71428	0.086277
671	0.18221	0.017215	0.71244	0.088128
672	0.18171	0.017705	0.71126	0.089326
673	0.18133	0.018064	0.71061	0.08999
674	0.18112	0.018262	0.71062	0.090006
675	0.18102	0.01833	0.71116	0.08949
676	0.18109	0.018237	0.71235	0.088324
677	0.18128	0.018019	0.71406	0.086638
678	0.18159	0.017674	0.71631	0.084427
679	0.18206	0.017166	0.71922	0.081551
680	0.18266	0.01653	0.72267	0.078139
681	0.18342	0.015727	0.72681	0.074043
682	0.18431	0.01479	0.73152	0.06938
683	0.18533	0.013718	0.73681	0.064137
684	0.18648	0.012508	0.7427	0.058306
685	0.18777	0.011159	0.7492	0.051873
686	0.18921	0.0096463	0.75638	0.044762
687	0.19085	0.0079477	0.76433	0.036872
688	0.19262	0.0061034	0.77293	0.028347
689	0.19454	0.0041101	0.78218	0.01917
690	0.1966	0.0019606	0.79213	0.0093041
691	0.19646	0.0020768	0.79186	0.0096072
692	0.19643	0.0020762	0.79206	0.009438
693	0.1965	0.0019719	0.79269	0.0088415
694	0.19668	0.0017562	0.79377	0.0077936
695	0.19696	0.0014361	0.79529	0.0063148
696	0.19736	0.00099767	0.79729	0.004354
697	0.19788	0.00043923	0.79977	0.0019045
698	0.19799	0.0002984	0.80044	0.0012773
699	0.19748	0.00077908	0.79852	0.0032217
700	0.19708	0.0011493	0.79705	0.0047231
701	0.19679	0.00141	0.79601	0.0057856
702	0.19662	0.0015573	0.79543	0.0063927
703	0.19654	0.0016029	0.79527	0.006584
704	0.19656	0.0015469	0.79553	0.0063599
705	0.19667	0.0013894	0.79622	0.0057198
706	0.19628	0.001736	0.79485	0.0071362
707	0.19597	0.0019781	0.79392	0.0081249
708	0.19577	0.0021162	0.79342	0.0086876
709	0.19473	0.0030813	0.78957	0.012615
710	0.19383	0.0039119	0.78625	0.016007
711	0.19304	0.004622	0.78343	0.018904
712	0.19239	0.0052018	0.78113	0.02128
713	0.19184	0.005664	0.77932	0.023172
714	0.19142	0.0059988	0.77802	0.024555
715	0.19115	0.0061978	0.77726	0.025395
716	0.19097	0.0062837	0.77698	0.025767
717	0.19091	0.0062552	0.77717	0.025665
718	0.19095	0.0061141	0.77784	0.025095
719	0.19111	0.0058476	0.77902	0.024021
720	0.19142	0.0054457	0.78074	0.022401
721	0.19065	0.0061171	0.77804	0.02519
722	0.19	0.0066683	0.77585	0.027481
723	0.18945	0.0071006	0.77417	0.029279
724	0.18905	0.0073925	0.77304	0.030515
725	0.18876	0.0075695	0.7724	0.031272
726	0.18858	0.0076321	0.77224	0.031553
727	0.1885	0.0075806	0.77256	0.031357
728	0.18855	0.0074014	0.7734	0.030645
729	0.18871	0.0071081	0.77472	0.029453
730	0.18898	0.0067005	0.77654	0.027781
731	0.18938	0.0061639	0.77887	0.025582
732	0.18989	0.0055096	0.78172	0.022884
733	0.19051	0.0047365	0.78507	0.019681
734	0.19009	0.0049943	0.78417	0.020741
735	0.18978	0.0051401	0.78375	0.021333
736	0.1896	0.0051563	0.78385	0.021397
737	0.18955	0.0050433	0.78447	0.020934
738	0.18963	0.004801	0.78563	0.019942
739	0.18868	0.0055813	0.78255	0.023183
740	0.18787	0.0062283	0.78002	0.025885
741	0.1872	0.0067336	0.77805	0.028013
742	0.18667	0.0070994	0.77666	0.029575
743	0.18625	0.0073493	0.77575	0.030648
744	0.18594	0.0074841	0.77534	0.031233
745	0.18576	0.0074826	0.77549	0.031261
746	0.18573	0.0073453	0.7762	0.030729
747	0.1858	0.0070938	0.7774	0.02971
748	0.18601	0.0067061	0.77916	0.028126
749	0.18632	0.0062035	0.78142	0.026048
750	0.18678	0.0055627	0.78426	0.023393
751	0.18735	0.0048073	0.78761	0.020242
752	0.18804	0.0039215	0.7915	0.016541
753	0.18885	0.0029187	0.79591	0.012327
754	0.18977	0.0017952	0.80085	0.0075822
755	0.18981	0.0015489	0.80211	0.0065378
756	0.18993	0.0012027	0.8038	0.0050629
757	0.1896	0.0013185	0.80353	0.0055441
758	0.18936	0.0013372	0.80369	0.0056108
759	0.18923	0.001249	0.80429	0.0052277
760	0.18865	0.0016423	0.8028	0.0069036
761	0.18817	0.0019339	0.80176	0.0081451
762	0.18777	0.0021234	0.80115	0.0089494
763	0.1866	0.0032207	0.79634	0.013838
764	0.18556	0.004182	0.79211	0.018154
765	0.18463	0.0050251	0.78839	0.021955
766	0.18381	0.0057515	0.78519	0.025248
767	0.18312	0.0063485	0.78254	0.027995
768	0.18254	0.0068298	0.78039	0.030237
769	0.1821	0.0071745	0.77883	0.031902
770	0.17978	0.0093314	0.76963	0.04126
771	0.17765	0.011306	0.76117	0.049869
772	0.1757	0.013104	0.75345	0.05775
773	0.17388	0.014758	0.74635	0.065008
774	0.1722	0.016268	0.73989	0.07164
775	0.17071	0.017595	0.73419	0.077515
776	0.16934	0.018788	0.72907	0.082809
777	0.16809	0.01985	0.72452	0.087532
778	0.16698	0.02078	0.72057	0.091676
779	0.16603	0.021541	0.71731	0.095119
780	0.1652	0.022178	0.71461	0.098016
781	0.16452	0.02267	0.71251	0.1003
782	0.16095	0.026047	0.69772	0.11529
783	0.15765	0.02916	0.68401	0.12918
784	0.15451	0.032095	0.67108	0.14231
785	0.15163	0.034786	0.65916	0.15443
786	0.14891	0.037307	0.64798	0.1658
787	0.14634	0.039664	0.63753	0.17646
788	0.14397	0.041829	0.62786	0.18634
789	0.14174	0.043846	0.61885	0.19556
790	0.13969	0.045683	0.61058	0.20404
791	0.13778	0.047381	0.60293	0.21191
792	0.13599	0.048943	0.59588	0.21919
793	0.13433	0.050372	0.58941	0.22589
794	0.13279	0.051673	0.58352	0.23201
795	0.13138	0.052842	0.57822	0.23756
796	0.13015	0.053831	0.57366	0.24236
797	0.12903	0.0547	0.56965	0.24662
798	0.12803	0.055445	0.5662	0.25033
799	0.12714	0.056075	0.56327	0.25352
800	0.1264	0.05656	0.56095	0.2561
801	0.12582	0.056878	0.55934	0.25797
802	0.12534	0.057086	0.55824	0.25933
803	0.12501	0.057154	0.55774	0.2601
804	0.12478	0.057113	0.55775	0.26036
805	0.12466	0.056963	0.55826	0.26012
806	0.12467	0.056676	0.55938	0.25928
807	0.12484	0.056228	0.5612	0.25774
808	0.12517	0.055619	0.56373	0.25548
809	0.12567	0.054848	0.56698	0.2525
810	0.12627	0.053967	0.57075	0.249
811	0.12702	0.052944	0.57517	0.24487
812	0.12791	0.051778	0.58023	0.24008
813	0.12891	0.050493	0.58588	0.23472
814	0.13002	0.049088	0.59212	0.22877
815	0.13125	0.047566	0.59894	0.22225
816	0.13258	0.045925	0.60636	0.21513
817	0.1312	0.046999	0.60125	0.22055
818	0.12997	0.04792	0.59679	0.22532
819	0.12886	0.048719	0.5929	0.22952
820	0.12791	0.049349	0.58976	0.23298
821	0.12708	0.049865	0.58714	0.23592
822	0.12635	0.050265	0.58508	0.2383
823	0.12573	0.050549	0.58357	0.24015
824	0.12525	0.050697	0.58267	0.24139
825	0.12488	0.050732	0.58231	0.24208
826	0.12464	0.050631	0.58256	0.24217
827	0.12453	0.050397	0.58343	0.24164
828	0.12453	0.050052	0.58484	0.24058
829	0.12463	0.049602	0.58677	0.23899
830	0.12484	0.049041	0.58926	0.23686
831	0.12514	0.04837	0.5923	0.23418
832	0.12556	0.047589	0.59591	0.23095
833	0.12612	0.046651	0.60026	0.22696
834	0.1268	0.0456	0.6052	0.2224
835	0.12761	0.04441	0.61081	0.21717
836	0.12853	0.04311	0.617	0.21136
837	0.12959	0.041668	0.62389	0.20485
838	0.1308	0.040081	0.63149	0.19763
839	0.13218	0.038321	0.63995	0.18955
840	0.13368	0.036442	0.64906	0.18082
841	0.13528	0.034442	0.65884	0.17143
842	0.13701	0.032313	0.66933	0.16134
843	0.13887	0.030053	0.68057	0.15051
844	0.14092	0.027599	0.69279	0.13869
845	0.14317	0.024945	0.70605	0.12584
846	0.14555	0.022152	0.7201	0.11219
847	0.14808	0.019211	0.73502	0.097689
848	0.15079	0.016082	0.75094	0.082186
849	0.15366	0.012794	0.76779	0.06576
850	0.15393	0.01209	0.77161	0.062364
851	0.15431	0.011279	0.77602	0.058394
852	0.15478	0.010361	0.78102	0.05384
853	0.1554	0.0093046	0.78673	0.048567
854	0.15611	0.0081413	0.79305	0.042701
855	0.15693	0.0068702	0.79998	0.036227
856	0.15647	0.0068654	0.80036	0.036303
857	0.15613	0.0067443	0.80134	0.035789
858	0.15587	0.0065267	0.80284	0.034763
859	0.15574	0.0061938	0.80492	0.033141
860	0.15569	0.005765	0.80754	0.030999
861	0.15574	0.0052404	0.81069	0.02833
862	0.1559	0.0045999	0.81446	0.025044
863	0.15615	0.0038648	0.81876	0.021226
864	0.15648	0.0030349	0.82362	0.016868
865	0.15595	0.0030616	0.82388	0.01711
866	0.15551	0.0030014	0.82461	0.016883
867	0.15428	0.0037105	0.82111	0.020898
868	0.15315	0.0043188	0.81814	0.02439
869	0.15213	0.0048167	0.81573	0.027319
870	0.15123	0.0051984	0.81393	0.029648
871	0.15044	0.0054665	0.81271	0.031382
872	0.14974	0.0056417	0.812	0.032614
873	0.14913	0.0057239	0.81181	0.033336
874	0.1486	0.0057141	0.81214	0.033547
875	0.14692	0.0068497	0.80583	0.040399
876	0.14535	0.0078702	0.80013	0.046646
877	0.14389	0.0087786	0.79503	0.052301
878	0.14253	0.0095777	0.79052	0.057372
879	0.1413	0.010254	0.78665	0.061801
880	0.14018	0.010811	0.78341	0.065598
881	0.13916	0.011266	0.78074	0.068837
882	0.13823	0.011622	0.77862	0.071523
883	0.1374	0.011879	0.77708	0.073647
884	0.13472	0.013978	0.76421	0.087093
885	0.13218	0.015926	0.75215	0.099736
886	0.12979	0.017732	0.74085	0.11163
887	0.12752	0.0194	0.73029	0.12279
888	0.12538	0.020934	0.72044	0.13325
889	0.12336	0.022336	0.71132	0.14299
890	0.12146	0.023613	0.70287	0.15205
891	0.11968	0.024769	0.69508	0.16047
892	0.11804	0.025785	0.68805	0.16813
893	0.1165	0.026687	0.68164	0.17517
894	0.11512	0.027439	0.67606	0.18139
895	0.11388	0.028046	0.67128	0.1868
896	0.11274	0.028548	0.66711	0.1916
897	0.11172	0.028929	0.66363	0.19573
898	0.11082	0.029191	0.66081	0.19918
899	0.11001	0.029359	0.65856	0.20208
900	0.10929	0.02943	0.6569	0.20439
901	0.10865	0.029406	0.65582	0.20612
902	0.10813	0.029273	0.65539	0.20721
903	0.10773	0.029016	0.65571	0.20755
904	0.10741	0.028668	0.65661	0.20731
905	0.10717	0.028234	0.65808	0.20651
906	0.10704	0.027695	0.6602	0.20506
907	0.10494	0.029129	0.64844	0.21748
908	0.10299	0.030413	0.63754	0.22906
909	0.10115	0.031578	0.62732	0.23996
910	0.09942	0.032625	0.6178	0.25016
911	0.097796	0.03356	0.60892	0.25972
912	0.096276	0.034385	0.60071	0.26863
913	0.094856	0.035101	0.59314	0.2769
914	0.093534	0.035714	0.5862	0.28455
915	0.092333	0.036206	0.57996	0.2915
916	0.091247	0.036583	0.57441	0.29776
917	0.09025	0.036864	0.56945	0.30344
918	0.08938	0.037019	0.56526	0.30834
919	0.088589	0.037087	0.56162	0.31271
920	0.087878	0.037071	0.55851	0.31654
921	0.087285	0.036936	0.55615	0.31963
922	0.086769	0.036717	0.55433	0.32218
923	0.086353	0.036399	0.55314	0.3241
924	0.08605	0.035968	0.55269	0.32529
925	0.085859	0.035426	0.55296	0.32575
926	0.085737	0.034808	0.55375	0.3257
927	0.085726	0.034081	0.55528	0.32491
928	0.085825	0.033243	0.55755	0.32338
929	0.085992	0.032331	0.56035	0.32133
930	0.086227	0.031345	0.56369	0.31874
931	0.086556	0.030264	0.56767	0.31551
932	0.086953	0.029109	0.57221	0.31173
933	0.087422	0.027876	0.57734	0.30737
934	0.086827	0.028876	0.57329	0.31101
935	0.086305	0.029799	0.56979	0.31411
936	0.085893	0.030611	0.56705	0.31645
937	0.085592	0.031312	0.56506	0.31803
938	0.08536	0.031939	0.5636	0.3191
939	0.085237	0.032456	0.56289	0.31942
940	0.085222	0.032866	0.56291	0.319
941	0.085276	0.0332	0.56346	0.31807
942	0.085403	0.033455	0.56455	0.31659
943	0.085603	0.033631	0.5662	0.31457
944	0.085913	0.033697	0.56859	0.3118
945	0.086335	0.033652	0.57174	0.30828
946	0.086832	0.033525	0.57545	0.30419
947	0.087403	0.033317	0.57972	0.29956
948	0.08805	0.033028	0.58454	0.29438
949	0.088815	0.032621	0.59016	0.2884
950	0.089659	0.032129	0.59637	0.28184
951	0.090586	0.031547	0.60319	0.27467
952	0.091599	0.030874	0.61065	0.26688
953	0.092697	0.030109	0.61873	0.25846
954	0.093881	0.029252	0.62745	0.24942
955	0.095155	0.028299	0.63682	0.23973
956	0.09652	0.027249	0.64686	0.22937
957	0.09801	0.026074	0.65773	0.21818
958	0.099627	0.024771	0.66946	0.20614
959	0.10135	0.023361	0.68192	0.19337
960	0.10317	0.021835	0.69519	0.1798
961	0.10512	0.02019	0.70928	0.16541
962	0.1072	0.018399	0.72435	0.15005
963	0.10944	0.016455	0.74043	0.13367
964	0.11186	0.014329	0.75774	0.11606
965	0.1124	0.014079	0.76033	0.11319
966	0.11302	0.013745	0.76351	0.10973
967	0.11372	0.013326	0.76728	0.10568
968	0.11306	0.014258	0.76125	0.11144
969	0.11248	0.015101	0.75587	0.11655
970	0.11198	0.015856	0.75113	0.12104
971	0.11158	0.01651	0.74708	0.12483
972	0.11127	0.017078	0.74364	0.12801
973	0.11105	0.017546	0.74088	0.13053
974	0.11093	0.017915	0.73878	0.13238
975	0.11091	0.018185	0.73733	0.13357
976	0.11099	0.018357	0.73654	0.13411
977	0.11115	0.018443	0.73634	0.13407
978	0.11139	0.018444	0.73673	0.13343
979	0.1117	0.018359	0.73772	0.13221
980	0.1121	0.018189	0.73929	0.13042
981	0.11261	0.017905	0.7416	0.12789
982	0.11324	0.017505	0.74466	0.1246
983	0.11395	0.017014	0.74833	0.12071
984	0.11474	0.016431	0.75262	0.11621
985	0.11563	0.015755	0.75754	0.11108
986	0.1166	0.014986	0.76308	0.10534
987	0.11611	0.015676	0.75866	0.10956
988	0.1157	0.016281	0.75484	0.11318
989	0.11537	0.016799	0.75162	0.11621
990	0.11514	0.017215	0.74906	0.11858
991	0.11499	0.017547	0.74708	0.12038
992	0.11494	0.017777	0.74575	0.12153
993	0.115	0.017907	0.74507	0.12203
994	0.11515	0.017936	0.74503	0.12189
995	0.11538	0.017879	0.74556	0.12118
996	0.1157	0.017737	0.74667	0.1199
997	0.11609	0.017506	0.74837	0.11803
998	0.11657	0.017188	0.75065	0.1156
999	0.11712	0.01678	0.75353	0.11257
1000	0.11779	0.016266	0.75707	0.10887
1001	0.11854	0.015659	0.76123	0.10457
1002	0.11942	0.014928	0.76616	0.099495
1003	0.12042	0.014072	0.77187	0.093637
1004	0.12151	0.013117	0.77824	0.087133
1005	0.12274	0.012029	0.78542	0.079807
1006	0.12407	0.010836	0.79329	0.071804
1007	0.12549	0.0095364	0.80186	0.063107
1008	0.12702	0.0081271	0.81115	0.053698
1009	0.1287	0.0065698	0.82135	0.043373
1010	0.13053	0.0048585	0.83251	0.032097
1011	0.13248	0.0030289	0.84443	0.020057
1012	0.13304	0.0025809	0.8473	0.01708
1013	0.13295	0.002771	0.84602	0.018257
1014	0.13295	0.0028736	0.8453	0.01888
1015	0.13304	0.0028889	0.84512	0.018952
1016	0.13319	0.002828	0.84545	0.018532
1017	0.13342	0.0026907	0.84627	0.01762
1018	0.13372	0.0024767	0.84759	0.016213
1019	0.1341	0.0021735	0.84947	0.014249
1020	0.13456	0.001792	0.85186	0.011782
1021	0.13448	0.001942	0.85083	0.012746
1022	0.13449	0.0020084	0.85032	0.013183
1023	0.13456	0.0020017	0.85029	0.013151
1024	0.1347	0.0019217	0.85073	0.012649
1025	0.1349	0.0017683	0.85165	0.011676
1026	0.13461	0.0021117	0.84936	0.013918
1027	0.13438	0.002378	0.84758	0.015662
1028	0.13424	0.0025565	0.84635	0.016855
1029	0.13417	0.0026588	0.84561	0.017558
1030	0.13418	0.0026791	0.84539	0.017747
1031	0.13428	0.0026124	0.84571	0.017391
1032	0.13371	0.0032169	0.84165	0.021425
1033	0.13321	0.003737	0.83815	0.02491
1034	0.13117	0.0057862	0.82456	0.038482
1035	0.12926	0.0077097	0.81182	0.051216
1036	0.12745	0.0095147	0.79987	0.063165
1037	0.12576	0.011201	0.78871	0.074327
1038	0.12418	0.012771	0.77832	0.084726
1039	0.1227	0.014228	0.76868	0.094384
1040	0.12137	0.015539	0.75995	0.10313
1041	0.12019	0.016709	0.7521	0.111
1042	0.11914	0.017742	0.7451	0.11802
1043	0.11818	0.018678	0.73874	0.1244
1044	0.11734	0.019497	0.73311	0.13006
1045	0.11659	0.020219	0.7281	0.13509
1046	0.11595	0.02083	0.7238	0.13943
1047	0.11539	0.021349	0.72009	0.14317
1048	0.11492	0.021775	0.71698	0.14632
1049	0.11454	0.022111	0.71447	0.14888
1050	0.11424	0.022358	0.71253	0.15087
1051	0.11402	0.022514	0.71119	0.15228
1052	0.11389	0.022582	0.71042	0.15311
1053	0.11383	0.022562	0.71022	0.15339
1054	0.1139	0.022423	0.71076	0.15292
1055	0.11405	0.022197	0.71186	0.15189
1056	0.11428	0.021882	0.71355	0.15029
1057	0.11462	0.021461	0.71589	0.14803
1058	0.11507	0.020919	0.71899	0.14502
1059	0.11566	0.020253	0.72284	0.14125
1060	0.11637	0.019461	0.72748	0.13669
1061	0.11716	0.018574	0.73275	0.13152
1062	0.11805	0.01759	0.73866	0.1257
1063	0.11903	0.016509	0.7452	0.11926
1064	0.1201	0.015331	0.7524	0.11217
1065	0.12126	0.014054	0.76025	0.10443
1066	0.12252	0.012673	0.76881	0.095996
1067	0.12391	0.011165	0.77816	0.086766
1068	0.1254	0.0095513	0.78823	0.076825
1069	0.12699	0.0078287	0.79903	0.066153
1070	0.12868	0.0059913	0.81062	0.054705
1071	0.13049	0.0040396	0.82299	0.042481
1072	0.13196	0.003614	0.82763	0.036803
1073	0.13269	0.0039328	0.82573	0.03765
1074	0.13351	0.004159	0.82445	0.037887
1075	0.13443	0.004291	0.82377	0.037516
1076	0.13542	0.004342	0.82361	0.03663
1077	0.13548	0.005316	0.8173	0.04191
1078	0.13564	0.0061938	0.81164	0.046529
1079	0.1359	0.0069648	0.80669	0.050441
1080	0.13625	0.0076509	0.80233	0.053768
1081	0.1367	0.0082296	0.79865	0.056414
1082	0.13723	0.0087215	0.79555	0.058495
1083	0.13784	0.0091254	0.79301	0.060018
1084	0.13856	0.0094289	0.79107	0.060943
1085	0.13935	0.0096415	0.78969	0.061319
1086	0.14026	0.0097404	0.78895	0.061048
