#coord	neutral	conserved	gBGC.neutral	gBGC.conserved
1	0.80154	0.19466	0.0030558	0.000746
2	0.8055	0.19071	0.0030638	0.00072932
3	0.81013	0.18608	0.0030743	0.00071011
4	0.81558	0.18064	0.0030878	0.00068791
5	0.82186	0.17437	0.0031044	0.0006627
6	0.82912	0.16713	0.0031243	0.00063397
7	0.83707	0.15918	0.0031469	0.00060269
8	0.84577	0.15049	0.0031722	0.00056872
9	0.85523	0.14104	0.0032003	0.000532
10	0.86544	0.13084	0.003231	0.0004926
11	0.86342	0.13287	0.0032158	0.00049914
12	0.86205	0.13425	0.0032031	0.00050318
13	0.86144	0.13487	0.0031932	0.00050442
14	0.86145	0.13486	0.0031857	0.00050328
15	0.86212	0.1342	0.0031807	0.00049971
16	0.86343	0.13289	0.003178	0.00049374
17	0.86538	0.13095	0.0031778	0.00048542
18	0.86799	0.12836	0.0031799	0.00047471
19	0.87123	0.12512	0.0031845	0.00046165
20	0.87535	0.12101	0.0031921	0.00044549
21	0.88015	0.11622	0.0032021	0.0004269
22	0.88575	0.11063	0.003215	0.00040549
23	0.89203	0.10436	0.0032302	0.00038169
24	0.89902	0.097374	0.003248	0.00035539
25	0.90674	0.089667	0.0032684	0.00032655
26	0.91517	0.081241	0.0032912	0.00029522
27	0.91374	0.082687	0.0032783	0.00029965
28	0.91309	0.083338	0.0032683	0.00030123
29	0.91308	0.08336	0.0032605	0.00030052
30	0.91378	0.082665	0.0032553	0.00029727
31	0.91528	0.081175	0.0032528	0.00029123
32	0.91741	0.079051	0.0032527	0.00028293
33	0.92019	0.076287	0.0032548	0.00027237
34	0.9236	0.072878	0.0032591	0.00025957
35	0.92776	0.068727	0.003266	0.00024421
36	0.93258	0.063914	0.0032752	0.00022658
37	0.93817	0.058337	0.003287	0.00020636
38	0.94442	0.052092	0.003301	0.00018388
39	0.95137	0.045153	0.0033174	0.00015905
40	0.95903	0.037505	0.0033363	0.00013184
41	0.95897	0.037569	0.003328	0.00013168
42	0.9595	0.037046	0.0033219	0.00012947
43	0.96062	0.035935	0.0033178	0.00012522
44	0.96244	0.034121	0.0033161	0.00011858
45	0.96486	0.031713	0.0033165	0.00010991
46	0.96788	0.028705	0.0033189	9.9204e-05
47	0.97156	0.025029	0.0033235	8.6268e-05
48	0.97006	0.026535	0.0033102	9.1177e-05
49	0.96914	0.027469	0.0032989	9.4095e-05
50	0.96082	0.035796	0.0032626	0.00012212
51	0.95341	0.043215	0.0032294	0.00014695
52	0.9467	0.049933	0.0031988	0.00016926
53	0.94068	0.055963	0.0031706	0.00018911
54	0.93551	0.061143	0.0031454	0.00020603
55	0.9152	0.081454	0.0030696	0.00027353
56	0.89638	0.10029	0.002999	0.00033581
57	0.87853	0.11814	0.002932	0.00039446
58	0.86187	0.13481	0.0028693	0.00044889
59	0.84652	0.15017	0.002811	0.00049875
60	0.83243	0.16427	0.0027572	0.00054423
61	0.8192	0.17751	0.0027065	0.00058656
62	0.80681	0.18991	0.0026588	0.00062586
63	0.79541	0.20132	0.0026146	0.00066173
64	0.78511	0.21162	0.0025741	0.00069383
65	0.77588	0.22086	0.0025372	0.00072231
66	0.76736	0.22939	0.0025029	0.00074827
67	0.75972	0.23704	0.0024714	0.00077126
68	0.75275	0.24401	0.0024424	0.00079188
69	0.74676	0.25002	0.0024166	0.00080928
70	0.74171	0.25507	0.0023939	0.00082354
71	0.7376	0.2592	0.0023742	0.00083475
72	0.73439	0.26241	0.0023574	0.00084298
73	0.73184	0.26497	0.0023429	0.00084907
74	0.73005	0.26676	0.0023308	0.00085265
75	0.72888	0.26795	0.0023207	0.00085423
76	0.72834	0.2685	0.0023127	0.00085375
77	0.72856	0.26828	0.0023071	0.00085086
78	0.7294	0.26746	0.0023035	0.00084601
79	0.73112	0.26574	0.0023026	0.00083841
80	0.73348	0.26339	0.0023037	0.0008288
81	0.73648	0.2604	0.0023069	0.00081719
82	0.74012	0.25676	0.002312	0.00080358
83	0.74456	0.25233	0.0023196	0.00078757
84	0.74967	0.24723	0.0023292	0.00076954
85	0.7556	0.24131	0.0023412	0.00074907
86	0.74635	0.25057	0.0023061	0.00077568
87	0.73813	0.2588	0.0022742	0.00079898
88	0.73061	0.26632	0.0022448	0.00081993
89	0.72394	0.273	0.002218	0.00083819
90	0.71824	0.27872	0.0021942	0.00085342
91	0.71347	0.28349	0.0021734	0.00086572
92	0.70932	0.28765	0.0021545	0.00087601
93	0.70609	0.29089	0.0021385	0.00088349
94	0.70349	0.2935	0.0021244	0.00088897
95	0.70151	0.29549	0.0021124	0.00089249
96	0.70042	0.29658	0.002103	0.00089333
97	0.69995	0.29706	0.0020955	0.00089227
98	0.70037	0.29665	0.0020906	0.00088858
99	0.70167	0.29536	0.0020883	0.00088229
100	0.68527	0.31177	0.0020333	0.00092867
101	0.66994	0.32711	0.0019818	0.00097162
102	0.65564	0.34142	0.0019335	0.0010113
103	0.64209	0.35497	0.0018877	0.0010485
104	0.62967	0.3674	0.0018454	0.0010821
105	0.61795	0.37914	0.0018054	0.0011135
106	0.60692	0.39017	0.0017678	0.0011425
107	0.59655	0.40055	0.0017322	0.0011695
108	0.58684	0.41027	0.0016989	0.0011943
109	0.57811	0.419	0.0016684	0.0012161
110	0.56997	0.42715	0.0016399	0.001236
111	0.56244	0.4347	0.0016133	0.0012541
112	0.55566	0.44148	0.001589	0.0012698
113	0.54944	0.44771	0.0015664	0.0012838
114	0.54377	0.45338	0.0015456	0.0012961
115	0.53866	0.45851	0.0015265	0.0013067
116	0.53425	0.46292	0.0015094	0.0013152
117	0.53054	0.46664	0.0014943	0.0013217
118	0.52732	0.46987	0.0014807	0.0013267
119	0.52478	0.47242	0.001469	0.0013298
120	0.52291	0.4743	0.0014592	0.0013311
121	0.52154	0.47568	0.0014508	0.0013308
122	0.52067	0.47655	0.001444	0.0013291
123	0.52031	0.47692	0.0014386	0.0013259
124	0.52061	0.47663	0.0014349	0.001321
125	0.52141	0.47585	0.0014327	0.0013146
126	0.52271	0.47455	0.0014319	0.0013068
127	0.52452	0.47275	0.0014325	0.0012977
128	0.52699	0.47029	0.0014349	0.0012868
129	0.53028	0.46701	0.0014393	0.0012737
130	0.53439	0.4629	0.0014459	0.0012585
131	0.53901	0.45829	0.0014539	0.001242
132	0.54418	0.45314	0.0014632	0.001224
133	0.54989	0.44743	0.0014741	0.0012046
134	0.55649	0.44084	0.0014871	0.001183
135	0.56363	0.4337	0.0015015	0.00116
136	0.57138	0.42597	0.0015174	0.0011355
137	0.57991	0.41745	0.0015353	0.0011091
138	0.58903	0.40833	0.0015546	0.0010812
139	0.59878	0.3986	0.0015754	0.0010518
140	0.60915	0.38823	0.0015978	0.0010209
141	0.62018	0.37721	0.0016218	0.00098835
142	0.63188	0.36551	0.0016474	0.00095425
143	0.64428	0.35313	0.0016746	0.00091849
144	0.65742	0.33999	0.0017036	0.00088096
145	0.67156	0.32587	0.001735	0.00084112
146	0.6869	0.31053	0.0017691	0.00079842
147	0.70309	0.29435	0.0018053	0.00075376
148	0.70167	0.29578	0.0017959	0.00075457
149	0.70087	0.29658	0.0017882	0.00075375
150	0.70096	0.29651	0.0017827	0.00075069
151	0.70193	0.29554	0.0017794	0.00074541
152	0.70352	0.29396	0.0017777	0.00073855
153	0.70601	0.29148	0.0017782	0.00072949
154	0.7091	0.2884	0.0017802	0.00071893
155	0.71298	0.28453	0.001784	0.00070648
156	0.71747	0.28005	0.0017894	0.00069252
157	0.70498	0.29255	0.0017528	0.00072053
158	0.69345	0.30408	0.0017187	0.00074599
159	0.68264	0.31491	0.0016867	0.00076947
160	0.67288	0.32467	0.0016574	0.00079019
161	0.66383	0.33373	0.00163	0.00080901
162	0.65543	0.34214	0.0016044	0.00082605
163	0.64769	0.34988	0.0015805	0.0008413
164	0.64092	0.35666	0.0015591	0.00085412
165	0.63509	0.36251	0.0015401	0.0008646
166	0.63017	0.36744	0.0015232	0.0008728
167	0.62583	0.37178	0.0015079	0.00087951
168	0.62224	0.37538	0.0014944	0.00088436
169	0.61922	0.37841	0.0014824	0.00088778
170	0.61706	0.38058	0.0014724	0.0008891
171	0.61564	0.38201	0.0014641	0.00088869
172	0.61476	0.3829	0.0014572	0.00088692
173	0.61474	0.38293	0.0014523	0.00088315
174	0.61557	0.3821	0.0014494	0.0008774
175	0.59671	0.40097	0.0014011	0.00091699
176	0.57896	0.41873	0.0013555	0.00095375
177	0.56197	0.43573	0.0013122	0.00098838
178	0.54573	0.45198	0.0012708	0.001021
179	0.53019	0.46752	0.0012315	0.0010516
180	0.51538	0.48235	0.0011941	0.0010803
181	0.50166	0.49608	0.0011593	0.0011064
182	0.48898	0.50876	0.0011271	0.0011298
183	0.47689	0.52086	0.0010965	0.0011517
184	0.46559	0.53217	0.0010679	0.0011716
185	0.45484	0.54293	0.0010407	0.00119
186	0.44461	0.55317	0.0010149	0.0012071
187	0.43509	0.5627	0.00099082	0.0012224
188	0.42609	0.57171	0.00096811	0.0012363
189	0.41776	0.58005	0.00094701	0.0012487
190	0.4099	0.58791	0.00092716	0.0012598
191	0.40268	0.59514	0.0009088	0.0012693
192	0.39589	0.60194	0.00089158	0.0012778
193	0.38954	0.6083	0.00087547	0.0012851
194	0.38377	0.61408	0.00086072	0.0012911
195	0.37856	0.61929	0.00084728	0.0012958
196	0.37405	0.62382	0.00083539	0.0012988
197	0.36991	0.62796	0.00082446	0.001301
198	0.36614	0.63174	0.00081445	0.0013022
199	0.36274	0.63515	0.00080535	0.0013025
200	0.35985	0.63805	0.0007974	0.0013016
201	0.35729	0.64062	0.00079025	0.0013
202	0.35535	0.64257	0.00078447	0.001297
203	0.35373	0.6442	0.00077945	0.0012932
204	0.35245	0.64549	0.00077525	0.0012886
205	0.35148	0.64647	0.00077179	0.0012832
206	0.35084	0.64712	0.00076912	0.0012771
207	0.35081	0.64715	0.00076774	0.0012697
208	0.35109	0.64688	0.00076708	0.0012615
209	0.35168	0.6463	0.00076714	0.0012527
210	0.3526	0.64539	0.00076796	0.0012431
211	0.35413	0.64386	0.00077006	0.0012322
212	0.35601	0.642	0.00077292	0.0012205
213	0.35823	0.63979	0.00077655	0.0012081
214	0.36079	0.63723	0.00078095	0.0011949
215	0.364	0.63404	0.00078665	0.0011805
216	0.36756	0.63048	0.00079314	0.0011652
217	0.37149	0.62656	0.00080042	0.0011491
218	0.3761	0.62196	0.00080904	0.0011317
219	0.38106	0.61701	0.00081844	0.0011135
220	0.38642	0.61166	0.00082866	0.0010945
221	0.39215	0.60593	0.00083969	0.0010747
222	0.39862	0.59947	0.00085215	0.0010534
223	0.40552	0.59258	0.00086551	0.0010313
224	0.41319	0.58492	0.00088037	0.0010076
225	0.42133	0.57679	0.00089618	0.00098302
226	0.42995	0.56818	0.00091297	0.00095744
227	0.43925	0.55888	0.00093106	0.00093054
228	0.44943	0.54872	0.00095082	0.00090194
229	0.46051	0.53764	0.00097231	0.0008716
230	0.47214	0.52602	0.00099486	0.0008402
231	0.48436	0.51381	0.0010186	0.00080765
232	0.49742	0.50076	0.0010438	0.00077354
233	0.51109	0.4871	0.0010703	0.00073826
234	0.52543	0.47277	0.001098	0.0007017
235	0.54045	0.45776	0.001127	0.00066388
236	0.53715	0.46104	0.0011235	0.00068112
237	0.53435	0.46383	0.0011211	0.00069737
238	0.53237	0.4658	0.0011202	0.00071206
239	0.53088	0.46728	0.0011203	0.00072574
240	0.53005	0.46809	0.0011217	0.0007381
241	0.53003	0.4681	0.0011247	0.00074888
242	0.53049	0.46763	0.0011287	0.00075861
243	0.53146	0.46664	0.0011339	0.00076724
244	0.53294	0.46515	0.0011402	0.00077474
245	0.53509	0.46298	0.0011479	0.00078084
246	0.53774	0.46031	0.0011567	0.00078582
247	0.54108	0.45697	0.001167	0.00078934
248	0.54492	0.45311	0.0011785	0.00079168
249	0.54929	0.44872	0.0011912	0.00079277
250	0.55439	0.44362	0.0012055	0.00079229
251	0.56001	0.43798	0.0012211	0.00079053
252	0.5662	0.43177	0.0012381	0.00078741
253	0.5733	0.42466	0.0012571	0.00078229
254	0.58097	0.41698	0.0012775	0.00077575
255	0.58922	0.40871	0.0012993	0.00076775
256	0.59811	0.39981	0.0013228	0.00075817
257	0.60761	0.39029	0.0013479	0.00074702
258	0.61775	0.38014	0.0013746	0.00073424
259	0.62857	0.36931	0.0014031	0.0007197
260	0.6401	0.35776	0.0014335	0.00070333
261	0.65273	0.34512	0.0014664	0.00068435
262	0.66609	0.33175	0.0015013	0.00066344
263	0.68019	0.31763	0.0015382	0.00064052
264	0.69552	0.30229	0.0015781	0.00061465
265	0.71166	0.28614	0.0016202	0.00058655
266	0.72911	0.26867	0.0016655	0.00055523
267	0.74749	0.25028	0.0017134	0.00052137
268	0.74776	0.24999	0.001723	0.00052574
269	0.74867	0.24907	0.0017341	0.00052862
270	0.75021	0.24751	0.0017468	0.00053
271	0.75238	0.24533	0.0017609	0.00052988
272	0.75519	0.2425	0.0017767	0.00052818
273	0.75891	0.23877	0.0017946	0.00052432
274	0.7633	0.23437	0.0018143	0.00051879
275	0.76849	0.22916	0.0018358	0.00051126
276	0.77451	0.22313	0.0018595	0.00050166
277	0.7812	0.21642	0.0018849	0.00049028
278	0.78875	0.20886	0.0019126	0.00047671
279	0.79702	0.20057	0.0019422	0.00046116
280	0.80633	0.19125	0.0019744	0.00044295
281	0.81638	0.18119	0.0020088	0.00042267
282	0.82718	0.17038	0.0020453	0.00040024
283	0.83875	0.15879	0.0020841	0.0003756
284	0.85148	0.14604	0.0021259	0.00034786
285	0.86507	0.13245	0.0021703	0.00031762
286	0.87972	0.11778	0.0022176	0.00028439
287	0.89549	0.10199	0.002268	0.00024803
288	0.91241	0.085059	0.0023217	0.00020839
289	0.91531	0.082141	0.0023413	0.00020282
290	0.91887	0.078573	0.0023627	0.0001955
291	0.92306	0.074364	0.0023859	0.00018641
292	0.91841	0.079004	0.0023866	0.00019984
293	0.91451	0.082886	0.0023891	0.00021144
294	0.91126	0.086128	0.0023932	0.00022145
295	0.90863	0.088737	0.0023989	0.00022986
296	0.90664	0.090718	0.0024063	0.00023667
297	0.90528	0.09206	0.0024154	0.00024181
298	0.90473	0.092594	0.0024265	0.00024485
299	0.90482	0.092493	0.0024394	0.00024617
300	0.90553	0.091772	0.002454	0.0002458
301	0.89492	0.10236	0.002438	0.00027616
302	0.88525	0.11202	0.0024241	0.00030428
303	0.87632	0.12094	0.002412	0.0003306
304	0.86839	0.12885	0.0024025	0.00035443
305	0.86118	0.13605	0.0023947	0.00037648
306	0.85492	0.1423	0.0023893	0.00039609
307	0.84935	0.14785	0.0023858	0.00041388
308	0.84448	0.1527	0.0023842	0.00042986
309	0.84042	0.15676	0.0023846	0.00044372
310	0.83702	0.16014	0.0023869	0.00045576
311	0.83427	0.16288	0.002391	0.00046603
312	0.83239	0.16474	0.0023974	0.00047386
313	0.81303	0.18409	0.0023532	0.00053242
314	0.79489	0.20221	0.002312	0.000588
315	0.77767	0.21941	0.002273	0.00064137
316	0.76138	0.23569	0.0022363	0.00069247
317	0.74618	0.25087	0.0022023	0.00074082
318	0.73185	0.26519	0.0021705	0.00078702
319	0.71871	0.27832	0.0021418	0.00083011
320	0.70633	0.29068	0.002115	0.00087124
321	0.69508	0.30192	0.0020912	0.0009094
322	0.68453	0.31245	0.0020693	0.0009457
323	0.67489	0.32208	0.0020498	0.00097959
324	0.66594	0.33101	0.0020322	0.0010116
325	0.65785	0.33909	0.002017	0.0010413
326	0.65059	0.34634	0.002004	0.0010686
327	0.64428	0.35264	0.0019936	0.0010933
328	0.63857	0.35833	0.0019851	0.0011162
329	0.63345	0.36343	0.0019782	0.0011375
330	0.62894	0.36793	0.0019732	0.0011569
331	0.62519	0.37166	0.0019704	0.0011741
332	0.62219	0.37465	0.0019699	0.0011891
333	0.62005	0.37678	0.0019719	0.0012014
334	0.61847	0.37834	0.0019757	0.001212
335	0.61762	0.37918	0.0019818	0.0012203
336	0.61762	0.37917	0.0019905	0.0012259
337	0.61819	0.37858	0.0020012	0.0012296
338	0.59936	0.39739	0.0019485	0.0012966
339	0.58184	0.4149	0.0018995	0.00136
340	0.56513	0.4316	0.0018527	0.0014211
341	0.54962	0.44709	0.0018094	0.0014788
342	0.53484	0.46186	0.0017681	0.0015345
343	0.52099	0.4757	0.0017294	0.0015875
344	0.50777	0.4889	0.0016925	0.0016388
345	0.49541	0.50124	0.001658	0.0016876
346	0.48387	0.51277	0.0016259	0.001734
347	0.47292	0.5237	0.0015955	0.0017788
348	0.46255	0.53406	0.0015669	0.0018218
349	0.45273	0.54387	0.0015399	0.0018632
350	0.44378	0.5528	0.0015155	0.001902
351	0.43535	0.56122	0.0014927	0.0019392
352	0.42741	0.56915	0.0014714	0.0019749
353	0.41994	0.5766	0.0014517	0.0020092
354	0.41326	0.58326	0.0014343	0.0020409
355	0.40703	0.58948	0.0014184	0.0020713
356	0.4012	0.5953	0.0014038	0.0021005
357	0.39576	0.60072	0.0013905	0.0021283
358	0.39091	0.60556	0.001379	0.0021543
359	0.38645	0.61	0.0013688	0.002179
360	0.38238	0.61405	0.0013599	0.0022024
361	0.379	0.61743	0.0013533	0.0022236
362	0.37596	0.62045	0.0013479	0.0022435
363	0.37326	0.62313	0.0013438	0.0022623
364	0.37122	0.62516	0.0013418	0.0022788
365	0.36954	0.62683	0.0013411	0.0022941
366	0.36836	0.62799	0.0013422	0.0023076
367	0.36782	0.62851	0.0013456	0.0023188
368	0.36763	0.62869	0.0013502	0.0023287
369	0.36808	0.62823	0.0013572	0.0023363
370	0.36916	0.62714	0.0013665	0.0023416
371	0.37056	0.62571	0.001377	0.0023456
372	0.37248	0.62378	0.0013895	0.0023477
373	0.37474	0.62151	0.0014033	0.0023485
374	0.37751	0.61872	0.0014192	0.0023472
375	0.38063	0.61558	0.0014364	0.0023445
376	0.38411	0.6121	0.0014552	0.0023404
377	0.38794	0.60825	0.0014754	0.0023348
378	0.39217	0.60401	0.0014974	0.0023275
379	0.39709	0.59907	0.0015221	0.0023174
380	0.4026	0.59355	0.0015491	0.002305
381	0.40853	0.58761	0.001578	0.0022908
382	0.41506	0.58106	0.0016094	0.0022741
383	0.42222	0.57388	0.0016433	0.0022548
384	0.42981	0.56627	0.0016792	0.0022335
385	0.43807	0.558	0.0017179	0.0022095
386	0.44683	0.54923	0.0017589	0.0021831
387	0.45611	0.53994	0.0018022	0.0021545
388	0.46589	0.53014	0.0018479	0.0021235
389	0.4762	0.51982	0.0018961	0.0020901
390	0.48704	0.50896	0.0019468	0.0020541
391	0.49868	0.4973	0.0020009	0.0020147
392	0.51095	0.48502	0.002058	0.0019724
393	0.52406	0.47189	0.0021189	0.0019263
394	0.53786	0.45808	0.002183	0.001877
395	0.55257	0.44335	0.0022512	0.0018236
396	0.56798	0.42793	0.0023228	0.0017668
397	0.56453	0.43136	0.0023171	0.0017874
398	0.56163	0.43425	0.0023136	0.0018057
399	0.55924	0.43663	0.0023123	0.0018219
400	0.55738	0.43847	0.0023132	0.0018359
401	0.55606	0.43977	0.0023163	0.0018478
402	0.55557	0.44025	0.0023228	0.0018562
403	0.55589	0.43992	0.0023326	0.0018613
404	0.53547	0.46032	0.002255	0.0019539
405	0.51616	0.47962	0.0021813	0.0020425
406	0.49811	0.49765	0.0021123	0.0021264
407	0.48082	0.51492	0.0020461	0.0022076
408	0.46421	0.53152	0.0019824	0.0022863
409	0.44871	0.547	0.0019228	0.0023608
410	0.43383	0.56187	0.0018656	0.002433
411	0.41956	0.57613	0.0018106	0.002503
412	0.4061	0.58957	0.0017586	0.00257
413	0.39358	0.60208	0.0017102	0.0026333
414	0.38195	0.61369	0.0016653	0.0026932
415	0.37079	0.62484	0.0016221	0.0027513
416	0.36008	0.63554	0.0015807	0.0028078
417	0.35	0.6456	0.0015416	0.0028618
418	0.34054	0.65504	0.001505	0.0029135
419	0.33167	0.6639	0.0014706	0.0029628
420	0.32318	0.67237	0.0014377	0.0030107
421	0.31508	0.68046	0.0014063	0.0030571
422	0.3073	0.68822	0.0013763	0.0031022
423	0.29984	0.69567	0.0013474	0.0031461
424	0.29287	0.70262	0.0013206	0.003188
425	0.28637	0.7091	0.0012955	0.0032281
426	0.28046	0.715	0.0012729	0.0032657
427	0.27483	0.72061	0.0012515	0.0033022
428	0.26963	0.7258	0.0012318	0.0033369
429	0.26469	0.73073	0.0012132	0.0033706
430	0.26026	0.73514	0.0011968	0.0034021
431	0.25606	0.73933	0.0011812	0.0034327
432	0.25208	0.74329	0.0011667	0.0034623
433	0.2483	0.74705	0.0011531	0.003491
434	0.24488	0.75046	0.001141	0.0035183
435	0.24181	0.75352	0.0011303	0.0035441
436	0.23894	0.75637	0.0011205	0.003569
437	0.2364	0.7589	0.0011122	0.0035924
438	0.2343	0.76098	0.0011058	0.0036139
439	0.23238	0.76289	0.0011002	0.0036346
440	0.23078	0.76447	0.0010961	0.0036539
441	0.22948	0.76575	0.0010933	0.0036717
442	0.22861	0.76661	0.0010924	0.0036877
443	0.2279	0.7673	0.0010924	0.0037028
444	0.22735	0.76784	0.0010932	0.0037172
445	0.22721	0.76797	0.0010958	0.0037297
446	0.22723	0.76793	0.0010993	0.0037413
447	0.22767	0.76747	0.0011048	0.0037509
448	0.22826	0.76687	0.0011111	0.0037599
449	0.22914	0.76597	0.0011187	0.0037673
450	0.23018	0.76492	0.0011273	0.003774
451	0.23137	0.76371	0.0011366	0.0037798
452	0.23272	0.76235	0.0011468	0.0037848
453	0.23424	0.76081	0.001158	0.0037889
454	0.23592	0.75911	0.0011701	0.0037921
455	0.23777	0.75725	0.001183	0.0037944
456	0.24006	0.75495	0.0011982	0.0037945
457	0.24279	0.7522	0.0012157	0.0037923
458	0.24571	0.74927	0.0012342	0.0037891
459	0.24883	0.74613	0.0012539	0.0037848
460	0.25231	0.74264	0.0012754	0.0037785
461	0.25615	0.73878	0.0012989	0.0037704
462	0.26048	0.73443	0.0013249	0.0037597
463	0.26506	0.72984	0.0013523	0.0037476
464	0.27003	0.72485	0.0013819	0.0037333
465	0.27527	0.7196	0.001413	0.0037175
466	0.28106	0.71379	0.0014471	0.0036987
467	0.28714	0.7077	0.0014829	0.0036782
468	0.29381	0.70102	0.0015219	0.0036546
469	0.30109	0.69372	0.0015643	0.0036275
470	0.30868	0.68611	0.0016085	0.0035986
471	0.31679	0.67799	0.0016556	0.0035669
472	0.32544	0.66932	0.0017057	0.0035321
473	0.33444	0.6603	0.0017581	0.0034951
474	0.34385	0.65088	0.0018129	0.0034556
475	0.35386	0.64086	0.0018711	0.0034127
476	0.36431	0.63039	0.0019322	0.0033671
477	0.37523	0.61945	0.0019961	0.0033186
478	0.38684	0.60783	0.0020639	0.0032662
479	0.39891	0.59574	0.0021347	0.0032108
480	0.4115	0.58314	0.0022087	0.0031523
481	0.42464	0.56999	0.0022862	0.0030903
482	0.43836	0.55625	0.0023674	0.0030246
483	0.4527	0.54189	0.0024524	0.0029552
484	0.44869	0.54589	0.0024378	0.0029853
485	0.44542	0.54914	0.002427	0.0030116
486	0.44258	0.55197	0.0024185	0.0030357
487	0.44033	0.5542	0.0024132	0.0030566
488	0.4388	0.55571	0.0024116	0.0030737
489	0.43771	0.55679	0.0024125	0.0030884
490	0.43733	0.55715	0.0024172	0.0030992
491	0.43735	0.55712	0.0024242	0.0031078
492	0.43779	0.55666	0.0024337	0.003114
493	0.43882	0.55562	0.0024463	0.0031169
494	0.44057	0.55385	0.002463	0.0031158
495	0.44304	0.55136	0.0024836	0.0031107
496	0.44593	0.54846	0.0025068	0.0031031
497	0.44955	0.54482	0.0025342	0.0030913
498	0.45361	0.54075	0.0025642	0.0030769
499	0.45829	0.53605	0.0025978	0.0030589
500	0.46361	0.53072	0.0026351	0.0030372
501	0.46941	0.5249	0.0026754	0.0030125
502	0.47588	0.51842	0.0027197	0.0029838
503	0.48283	0.51146	0.002767	0.0029522
504	0.49047	0.50379	0.0028184	0.0029163
505	0.49866	0.49559	0.0028733	0.002877
506	0.50741	0.48683	0.0029319	0.0028342
507	0.5167	0.47752	0.0029939	0.0027879
508	0.52657	0.46763	0.0030598	0.0027377
509	0.53726	0.45693	0.0031306	0.0026827
510	0.54854	0.44563	0.0032054	0.0026237
511	0.56045	0.43371	0.0032843	0.0025606
512	0.57304	0.4211	0.0033677	0.002493
513	0.58672	0.40741	0.0034579	0.0024187
514	0.6011	0.39301	0.0035528	0.0023396
515	0.61621	0.37788	0.0036526	0.0022557
516	0.63255	0.36153	0.0037601	0.0021641
517	0.64971	0.34435	0.0038732	0.0020669
518	0.66799	0.32605	0.0039934	0.0019625
519	0.68766	0.30637	0.0041224	0.0018494
520	0.70824	0.28578	0.0042578	0.00173
521	0.73009	0.26391	0.0044013	0.0016024
522	0.75294	0.24104	0.0045518	0.0014678
523	0.77684	0.21712	0.0047096	0.001326
524	0.80183	0.19212	0.0048749	0.0011767
525	0.82801	0.16592	0.0050485	0.0010191
526	0.83363	0.16029	0.0050966	0.00098715
527	0.84019	0.15371	0.0051505	0.00094924
528	0.84747	0.14641	0.0052091	0.00090664
529	0.85546	0.13841	0.0052725	0.00085938
530	0.86417	0.12968	0.0053407	0.00080733
531	0.87379	0.12005	0.0054147	0.00074942
532	0.8717	0.12212	0.005416	0.00076425
533	0.87037	0.12344	0.0054218	0.00077449
534	0.86966	0.12412	0.0054316	0.00078079
535	0.8698	0.12397	0.0054466	0.00078192
536	0.87056	0.1232	0.0054656	0.00077906
537	0.87194	0.12179	0.0054887	0.00077216
538	0.87396	0.11976	0.0055159	0.00076118
539	0.87662	0.11709	0.0055473	0.00074606
540	0.87993	0.11376	0.005583	0.00072662
541	0.88391	0.10977	0.0056232	0.00070279
542	0.88876	0.1049	0.005669	0.00067329
543	0.8944	0.099238	0.0057201	0.00063857
544	0.88998	0.10365	0.0057061	0.00066868
545	0.88622	0.10739	0.0056964	0.00069459
546	0.88312	0.11047	0.0056909	0.00071632
547	0.86489	0.12869	0.005587	0.00083634
548	0.84804	0.14552	0.0054914	0.00094811
549	0.8325	0.16104	0.0054038	0.0010519
550	0.81787	0.17566	0.0053216	0.0011503
551	0.80411	0.1894	0.0052448	0.0012433
552	0.79154	0.20195	0.0051752	0.0013291
553	0.77976	0.21372	0.0051105	0.0014101
554	0.76876	0.2247	0.0050508	0.0014861
555	0.75853	0.23491	0.0049959	0.0015574
556	0.74906	0.24437	0.0049457	0.0016239
557	0.74031	0.2531	0.0049002	0.0016859
558	0.73228	0.26112	0.0048593	0.0017433
559	0.72492	0.26846	0.0048227	0.0017964
560	0.71854	0.27483	0.0047923	0.0018433
561	0.71297	0.28038	0.0047671	0.0018851
562	0.70821	0.28512	0.0047469	0.0019216
563	0.70407	0.28924	0.004731	0.0019541
564	0.70084	0.29246	0.0047209	0.0019807
565	0.69823	0.29505	0.004715	0.0020031
566	0.69639	0.29687	0.0047142	0.0020204
567	0.69517	0.29808	0.0047176	0.0020336
568	0.69471	0.29852	0.0047261	0.0020416
569	0.69513	0.29809	0.0047405	0.0020437
570	0.69643	0.29677	0.0047608	0.0020399
571	0.69862	0.29457	0.0047872	0.00203
572	0.7014	0.29176	0.0048179	0.0020158
573	0.70496	0.28818	0.0048539	0.0019963
574	0.70916	0.28397	0.0048946	0.0019721
575	0.71416	0.27896	0.0049409	0.0019424
576	0.71978	0.27332	0.0049918	0.0019081
577	0.72636	0.26672	0.0050494	0.001867
578	0.73362	0.25944	0.0051122	0.0018208
579	0.74159	0.25146	0.0051802	0.0017694
580	0.75057	0.24247	0.0052555	0.0017107
581	0.76028	0.23273	0.0053364	0.0016465
582	0.77073	0.22227	0.0054229	0.0015767
583	0.7665	0.22648	0.0054058	0.0016104
584	0.76319	0.22977	0.005395	0.0016379
585	0.76051	0.23244	0.0053886	0.001661
586	0.75846	0.23448	0.0053866	0.0016797
587	0.75702	0.2359	0.0053891	0.001694
588	0.75646	0.23644	0.0053978	0.001702
589	0.75655	0.23634	0.0054112	0.0017054
590	0.75725	0.23562	0.0054291	0.0017044
591	0.75856	0.23429	0.0054516	0.0016988
592	0.7605	0.23233	0.0054787	0.0016887
593	0.76321	0.2296	0.0055114	0.0016729
594	0.76683	0.22597	0.0055507	0.0016505
595	0.77109	0.2217	0.0055949	0.0016233
596	0.77599	0.21678	0.005644	0.0015911
597	0.78156	0.21118	0.0056983	0.0015538
598	0.78797	0.20476	0.0057589	0.0015103
599	0.79523	0.19748	0.0058258	0.0014604
600	0.80321	0.18949	0.0058984	0.0014048
601	0.81221	0.18047	0.0059787	0.0013416
602	0.82226	0.17041	0.006067	0.0012703
603	0.83306	0.15958	0.0061614	0.0011929
604	0.83064	0.16199	0.0061577	0.0012138
605	0.82908	0.16353	0.0061602	0.0012283
606	0.82817	0.16442	0.0061677	0.0012379
607	0.81177	0.1808	0.0060589	0.0013639
608	0.79625	0.19631	0.0059564	0.0014837
609	0.78162	0.21092	0.0058601	0.0015972
610	0.76785	0.22468	0.0057699	0.0017047
611	0.75526	0.23725	0.0056881	0.0018039
612	0.74344	0.24905	0.0056118	0.0018975
613	0.73257	0.2599	0.0055422	0.0019845
614	0.72243	0.27003	0.0054778	0.0020662
615	0.71299	0.27945	0.0054186	0.0021428
616	0.70424	0.28819	0.0053644	0.0022145
617	0.69618	0.29622	0.0053154	0.002281
618	0.68911	0.30328	0.0052735	0.0023403
619	0.6827	0.30967	0.0052367	0.0023948
620	0.6771	0.31525	0.0052057	0.0024433
621	0.67229	0.32004	0.0051805	0.0024859
622	0.66809	0.32423	0.00516	0.002524
623	0.6645	0.3278	0.0051442	0.0025574
624	0.66167	0.33061	0.0051341	0.0025851
625	0.6596	0.33266	0.0051298	0.002607
626	0.6581	0.33414	0.0051299	0.0026245
627	0.65718	0.33505	0.0051346	0.0026374
628	0.65713	0.33509	0.005146	0.0026437
629	0.65767	0.33453	0.0051622	0.0026451
630	0.65895	0.33322	0.0051842	0.0026408
631	0.66099	0.33117	0.0052121	0.0026306
632	0.6636	0.32854	0.0052447	0.0026156
633	0.66682	0.3253	0.0052825	0.0025957
634	0.67066	0.32145	0.0053253	0.0025706
635	0.67527	0.31682	0.0053744	0.0025393
636	0.68067	0.3114	0.0054298	0.0025016
637	0.68701	0.30504	0.0054929	0.0024563
638	0.69398	0.29805	0.0055614	0.0024056
639	0.70163	0.29039	0.0056358	0.0023491
640	0.71028	0.28172	0.0057183	0.0022843
641	0.71961	0.27237	0.0058069	0.0022136
642	0.72967	0.26229	0.0059018	0.0021366
643	0.74046	0.25149	0.0060032	0.0020532
644	0.75197	0.23995	0.0061111	0.0019633
645	0.76463	0.22727	0.0062286	0.0018638
646	0.77848	0.21341	0.0063561	0.0017543
647	0.79315	0.19872	0.006491	0.0016373
648	0.80909	0.18276	0.0066369	0.0015095
649	0.82593	0.16591	0.0067908	0.0013736
650	0.84394	0.14788	0.006955	0.0012274
651	0.86292	0.12888	0.007128	0.0010725
652	0.86595	0.12583	0.0071692	0.0010494
653	0.86975	0.12201	0.0072169	0.0010198
654	0.87421	0.11754	0.0072703	0.00098459
655	0.87934	0.11239	0.0073296	0.00094348
656	0.88528	0.10643	0.0073958	0.00089549
657	0.8919	0.09979	0.0074681	0.00084149
658	0.89946	0.09221	0.0075484	0.00077939
659	0.90776	0.083896	0.0076353	0.00071075
660	0.91678	0.074853	0.0077288	0.00063556
661	0.91572	0.075895	0.0077372	0.00064558
662	0.91537	0.076229	0.0077515	0.00064969
663	0.91572	0.075858	0.0077717	0.00064786
664	0.91668	0.074878	0.0077972	0.00064078
665	0.91843	0.073116	0.0078293	0.00062704
666	0.92089	0.07064	0.0078675	0.00060717
667	0.92396	0.067543	0.0079113	0.00058183
668	0.91855	0.07294	0.0078821	0.00062941
669	0.9138	0.077666	0.0078587	0.00067136
670	0.90982	0.081636	0.0078416	0.00070702
671	0.90657	0.084861	0.0078306	0.00073644
672	0.90414	0.087272	0.0078266	0.00075897
673	0.90235	0.089044	0.007828	0.000776
674	0.90136	0.090015	0.0078364	0.00078618
675	0.901	0.090354	0.0078503	0.00079083
676	0.90144	0.089896	0.007871	0.00078857
677	0.9025	0.088821	0.0078973	0.00078084
678	0.90418	0.087128	0.0079292	0.00076759
679	0.90666	0.084627	0.0079682	0.00074723
680	0.90977	0.081499	0.0080129	0.00072118
681	0.9137	0.077547	0.0080649	0.00068779
682	0.91829	0.072936	0.0081231	0.00064836
683	0.92355	0.067658	0.0081874	0.00060275
684	0.92949	0.061701	0.0082581	0.00055085
685	0.93612	0.055055	0.0083354	0.00049249
686	0.94355	0.047603	0.00842	0.00042673
687	0.95191	0.039228	0.008513	0.00035249
688	0.96098	0.030132	0.008613	0.00027137
689	0.9708	0.020296	0.0087202	0.00018318
690	0.98139	0.0096847	0.0088349	8.7515e-05
691	0.98079	0.010274	0.0088484	9.2955e-05
692	0.98076	0.010281	0.0088671	9.3184e-05
693	0.98125	0.0097727	0.0088906	8.871e-05
694	0.98229	0.0087092	0.0089191	7.9195e-05
695	0.98386	0.0071259	0.0089525	6.4885e-05
696	0.98601	0.0049526	0.0089912	4.5153e-05
697	0.98876	0.0021811	0.0090355	1.9893e-05
698	0.98944	0.0014834	0.0090608	1.3533e-05
699	0.98702	0.003886	0.0090573	3.5643e-05
700	0.98515	0.0057371	0.0090588	5.2788e-05
701	0.98383	0.0070418	0.0090652	6.4983e-05
702	0.98307	0.0077794	0.0090768	7.2008e-05
703	0.98282	0.0080091	0.009093	7.4342e-05
704	0.98308	0.0077314	0.0091141	7.1959e-05
705	0.98385	0.0069457	0.00914	6.4826e-05
706	0.98209	0.0086816	0.0091425	8.1183e-05
707	0.98086	0.0098957	0.0091498	9.2715e-05
708	0.98015	0.01059	0.009162	9.9411e-05
709	0.97529	0.015427	0.0091355	0.00014498
710	0.97111	0.019593	0.0091149	0.00018447
711	0.96752	0.023159	0.0091	0.00021843
712	0.96459	0.026074	0.009091	0.00024642
713	0.96224	0.028402	0.0090876	0.00026894
714	0.96053	0.030093	0.00909	0.00028556
715	0.9595	0.031104	0.0090988	0.00029582
716	0.95904	0.031549	0.009113	0.0003007
717	0.95915	0.03142	0.0091327	0.00030009
718	0.95982	0.030726	0.009158	0.00029404
719	0.96113	0.029401	0.0091893	0.00028197
720	0.96312	0.027394	0.0092271	0.00026333
721	0.9597	0.030787	0.0092129	0.00029662
722	0.95689	0.033579	0.0092045	0.0003242
723	0.95468	0.035775	0.0092019	0.00034609
724	0.95317	0.037266	0.0092059	0.00036131
725	0.95223	0.038181	0.0092155	0.00037095
726	0.95187	0.03852	0.0092308	0.000375
727	0.95209	0.038284	0.0092518	0.00037343
728	0.95295	0.037403	0.009279	0.0003656
729	0.95439	0.035944	0.009312	0.00035206
730	0.95641	0.033906	0.0093508	0.00033275
731	0.95908	0.031213	0.0093961	0.00030696
732	0.96236	0.027919	0.0094475	0.00027512
733	0.96624	0.02402	0.0095051	0.00023714
734	0.96489	0.025347	0.0095113	0.0002506
735	0.96411	0.026108	0.0095232	0.00025849
736	0.96399	0.026211	0.0095415	0.00025993
737	0.96452	0.025658	0.0095662	0.00025489
738	0.96571	0.024445	0.0095975	0.00024331
739	0.9617	0.028442	0.0095769	0.00028355
740	0.95835	0.031766	0.0095629	0.00031728
741	0.95573	0.034372	0.0095559	0.00034401
742	0.95381	0.03627	0.0095557	0.00036379
743	0.95248	0.037579	0.0095615	0.00037768
744	0.95174	0.038302	0.0095733	0.00038569
745	0.95169	0.038329	0.009592	0.00038674
746	0.95234	0.037658	0.0096177	0.0003808
747	0.95358	0.036402	0.0096494	0.00036886
748	0.95552	0.034444	0.0096882	0.0003498
749	0.95805	0.031893	0.0097333	0.00032457
750	0.9613	0.028625	0.0097856	0.000292
751	0.96514	0.024762	0.0098443	0.00025317
752	0.96966	0.020218	0.0099101	0.00020727
753	0.9748	0.015062	0.0099824	0.00015486
754	0.98057	0.0092727	0.010062	9.5682e-05
755	0.98181	0.0080083	0.010094	8.2859e-05
756	0.98358	0.0062243	0.010133	6.4602e-05
757	0.98295	0.0068303	0.010146	7.1066e-05
758	0.98283	0.0069337	0.010165	7.2332e-05
759	0.98326	0.0064819	0.01019	6.7864e-05
760	0.98119	0.0085308	0.010188	8.9506e-05
761	0.97965	0.010054	0.010192	0.00010573
762	0.97863	0.011048	0.010202	0.00011647
763	0.97289	0.016767	0.010162	0.00017696
764	0.96786	0.021783	0.010129	0.00023035
765	0.96343	0.026187	0.010102	0.00027748
766	0.95961	0.029988	0.010082	0.00031838
767	0.95646	0.033119	0.010068	0.00035241
768	0.95391	0.035649	0.010061	0.00038018
769	0.95207	0.03747	0.010061	0.00040058
770	0.94075	0.048771	0.0099595	0.00052253
771	0.93036	0.059137	0.0098674	0.00063506
772	0.92088	0.068597	0.0097844	0.00073843
773	0.91214	0.07732	0.0097091	0.00083421
774	0.90413	0.085302	0.0096416	0.00092232
775	0.89707	0.092341	0.0095837	0.0010007
776	0.8907	0.098693	0.0095331	0.0010719
777	0.88501	0.10437	0.0094897	0.0011361
778	0.87999	0.10936	0.0094535	0.0011929
779	0.87586	0.11348	0.0094265	0.0012407
780	0.87236	0.11695	0.0094064	0.0012815
781	0.86963	0.11966	0.0093944	0.0013143
782	0.85164	0.13763	0.0092146	0.0015148
783	0.83501	0.15424	0.0090489	0.0017012
784	0.81928	0.16995	0.0088925	0.0018784
785	0.80482	0.18439	0.0087491	0.0020425
786	0.79122	0.19797	0.0086149	0.0021975
787	0.77846	0.21071	0.0084895	0.0023438
788	0.76668	0.22246	0.0083744	0.0024798
789	0.75567	0.23346	0.0082672	0.0026078
790	0.74559	0.24352	0.0081699	0.002726
791	0.73622	0.25287	0.0080801	0.0028367
792	0.72754	0.26152	0.0079979	0.00294
793	0.71955	0.26949	0.007923	0.0030359
794	0.71222	0.2768	0.0078554	0.0031247
795	0.70557	0.28343	0.0077951	0.0032062
796	0.69987	0.28911	0.0077451	0.0032774
797	0.6948	0.29416	0.0077019	0.0033419
798	0.69036	0.29857	0.0076658	0.0033992
799	0.68653	0.30238	0.0076365	0.0034499
800	0.68347	0.30542	0.0076156	0.0034922
801	0.6813	0.30757	0.0076044	0.0035248
802	0.67972	0.30913	0.0075998	0.0035507
803	0.67889	0.30994	0.0076035	0.0035684
804	0.67864	0.31016	0.0076139	0.0035794
805	0.67897	0.30981	0.0076311	0.0035838
806	0.68006	0.30871	0.0076566	0.0035798
807	0.68202	0.30672	0.007692	0.0035659
808	0.68487	0.30385	0.0077374	0.0035419
809	0.68861	0.30009	0.0077929	0.0035078
810	0.69296	0.29572	0.0078557	0.0034665
811	0.6981	0.29056	0.0079275	0.0034161
812	0.70404	0.2846	0.0080086	0.0033565
813	0.71064	0.27797	0.0080977	0.0032889
814	0.71793	0.27067	0.008195	0.0032131
815	0.72587	0.2627	0.0083004	0.0031294
816	0.73449	0.25406	0.0084142	0.0030374
817	0.72808	0.26045	0.0083523	0.003121
818	0.72249	0.26601	0.0082996	0.0031954
819	0.71756	0.27092	0.0082545	0.0032624
820	0.71355	0.27491	0.0082198	0.0033189
821	0.71015	0.27829	0.0081923	0.0033683
822	0.70738	0.28104	0.0081721	0.0034104
823	0.70524	0.28316	0.0081593	0.0034452
824	0.70386	0.28451	0.0081552	0.0034713
825	0.7031	0.28525	0.0081585	0.00349
826	0.70309	0.28524	0.0081706	0.0035
827	0.70385	0.28446	0.0081914	0.0035013
828	0.70522	0.28307	0.0082196	0.0034951
829	0.70719	0.28108	0.0082551	0.0034817
830	0.70978	0.27846	0.0082983	0.0034608
831	0.713	0.27522	0.0083491	0.0034323
832	0.71686	0.27134	0.0084078	0.003396
833	0.72163	0.26654	0.0084773	0.0033488
834	0.72706	0.26109	0.008555	0.0032935
835	0.73331	0.25482	0.0086425	0.0032283
836	0.74021	0.2479	0.0087383	0.003155
837	0.74796	0.24012	0.0088443	0.0030715
838	0.75658	0.23148	0.0089609	0.0029773
839	0.76624	0.2218	0.0090901	0.0028705
840	0.77663	0.21139	0.0092286	0.0027545
841	0.78776	0.20023	0.0093766	0.0026289
842	0.79969	0.18828	0.0095349	0.0024933
843	0.81244	0.17551	0.0097038	0.0023471
844	0.82638	0.16155	0.0098874	0.0021861
845	0.84156	0.14634	0.010086	0.0020098
846	0.85763	0.13025	0.010297	0.0018219
847	0.87464	0.11321	0.01052	0.0016217
848	0.89286	0.094977	0.010758	0.0014064
849	0.91209	0.075718	0.011009	0.0011778
850	0.91607	0.071722	0.011071	0.0011395
851	0.9207	0.067072	0.01114	0.0010929
852	0.92599	0.061758	0.011218	0.0010379
853	0.93213	0.055588	0.011307	0.00097203
854	0.93895	0.048745	0.011405	0.00089752
855	0.94646	0.041216	0.011511	0.00081417
856	0.94639	0.041294	0.011523	0.00079354
857	0.94702	0.040669	0.011545	0.00076347
858	0.94824	0.039456	0.011574	0.00072562
859	0.95018	0.037533	0.011613	0.00067817
860	0.9527	0.035015	0.01166	0.00062278
861	0.95583	0.031896	0.011715	0.00055935
862	0.95969	0.028045	0.01178	0.00048591
863	0.96415	0.023589	0.011853	0.00040434
864	0.96923	0.01852	0.011935	0.00031452
865	0.96904	0.018719	0.011933	0.0003087
866	0.96939	0.018378	0.011937	0.00029599
867	0.96499	0.022787	0.011877	0.00034765
868	0.96119	0.026597	0.011825	0.00039176
869	0.95805	0.029744	0.011781	0.00042761
870	0.95562	0.032184	0.011746	0.00045465
871	0.95388	0.033928	0.011719	0.000473
872	0.95272	0.035098	0.0117	0.00048415
873	0.95214	0.035688	0.011688	0.00048801
874	0.95213	0.035698	0.011684	0.00048461
875	0.94491	0.042932	0.011587	0.00057273
876	0.93836	0.04949	0.0115	0.00065232
877	0.93247	0.055383	0.011421	0.00072355
878	0.92724	0.060622	0.01135	0.00078656
879	0.92276	0.065113	0.011288	0.00084034
880	0.91901	0.068867	0.011235	0.00088505
881	0.91589	0.071995	0.011191	0.00092195
882	0.91339	0.074504	0.011154	0.00095112
883	0.91152	0.076383	0.011125	0.00097244
884	0.89767	0.090244	0.010947	0.0011418
885	0.88469	0.10323	0.010781	0.0013001
886	0.87252	0.1154	0.010626	0.0014481
887	0.86116	0.12677	0.01048	0.001586
888	0.85057	0.13737	0.010344	0.0017141
889	0.84077	0.14718	0.010219	0.0018324
890	0.8317	0.15626	0.010102	0.0019414
891	0.82335	0.16461	0.0099947	0.0020413
892	0.81588	0.17209	0.0098979	0.0021307
893	0.80909	0.17889	0.0098097	0.0022114
894	0.80326	0.18473	0.0097331	0.0022806
895	0.79836	0.18963	0.0096678	0.0023384
896	0.79413	0.19387	0.0096109	0.0023879
897	0.7907	0.19731	0.0095635	0.0024279
898	0.78804	0.19997	0.0095255	0.0024584
899	0.78602	0.202	0.0094954	0.0024811
900	0.78464	0.20339	0.0094732	0.0024959
901	0.7839	0.20414	0.009459	0.0025028
902	0.78393	0.20411	0.009454	0.0025004
903	0.78484	0.20322	0.0094595	0.0024876
904	0.78638	0.20168	0.0094728	0.002467
905	0.78856	0.19951	0.0094939	0.0024387
906	0.79151	0.19657	0.0095242	0.0024011
907	0.7802	0.20788	0.0093816	0.0025364
908	0.76984	0.21825	0.0092504	0.0026602
909	0.76021	0.22789	0.0091284	0.002775
910	0.75131	0.23679	0.0090156	0.0028805
911	0.74311	0.245	0.0089114	0.0029775
912	0.73562	0.2525	0.008816	0.0030658
913	0.72881	0.25932	0.0087292	0.0031455
914	0.72268	0.26546	0.0086507	0.0032169
915	0.71736	0.27078	0.008582	0.0032786
916	0.71284	0.2753	0.0085228	0.0033307
917	0.70897	0.27919	0.0084716	0.0033749
918	0.70599	0.28217	0.008431	0.0034084
919	0.70362	0.28454	0.0083979	0.0034345
920	0.70185	0.28632	0.0083721	0.0034534
921	0.70096	0.28722	0.0083567	0.0034618
922	0.70068	0.28751	0.0083488	0.0034627
923	0.70116	0.28703	0.0083499	0.0034546
924	0.70252	0.28568	0.0083613	0.0034362
925	0.70477	0.28344	0.0083831	0.0034074
926	0.70762	0.2806	0.0084122	0.0033714
927	0.71136	0.27686	0.0084518	0.0033248
928	0.71602	0.27221	0.0085021	0.0032675
929	0.72131	0.26693	0.0085599	0.0032027
930	0.72723	0.26101	0.0086254	0.0031302
931	0.73398	0.25427	0.0087006	0.0030482
932	0.7414	0.24686	0.0087836	0.0029582
933	0.74951	0.23875	0.0088751	0.0028599
934	0.74239	0.24588	0.0087853	0.0029429
935	0.73593	0.25235	0.0087035	0.0030179
936	0.73042	0.25787	0.008633	0.0030816
937	0.72584	0.26246	0.0085734	0.0031344
938	0.72188	0.26642	0.0085215	0.0031796
939	0.71883	0.26948	0.0084801	0.0032142
940	0.71667	0.27164	0.0084492	0.0032383
941	0.71512	0.2732	0.0084257	0.0032551
942	0.71418	0.27414	0.0084096	0.0032644
943	0.71387	0.27446	0.0084011	0.0032662
944	0.71444	0.2739	0.0084028	0.0032578
945	0.7159	0.27245	0.0084148	0.0032391
946	0.71797	0.27038	0.0084343	0.003213
947	0.72065	0.2677	0.008461	0.0031796
948	0.72395	0.26442	0.0084951	0.003139
949	0.72815	0.26022	0.0085396	0.0030879
950	0.73298	0.2554	0.0085916	0.0030293
951	0.73847	0.24991	0.0086515	0.0029629
952	0.74463	0.24376	0.0087194	0.0028885
953	0.75145	0.23695	0.0087951	0.0028064
954	0.75894	0.22946	0.0088787	0.0027164
955	0.76712	0.22129	0.0089705	0.0026183
956	0.77599	0.21243	0.0090705	0.002512
957	0.78577	0.20265	0.0091809	0.0023953
958	0.79648	0.19195	0.009302	0.0022679
959	0.80796	0.18048	0.009432	0.0021316
960	0.82024	0.1682	0.0095716	0.0019858
961	0.83336	0.15509	0.009721	0.0018301
962	0.84752	0.14093	0.0098824	0.0016626
963	0.86278	0.12569	0.010056	0.0014826
964	0.87933	0.10914	0.010245	0.0012877
965	0.88145	0.10702	0.010264	0.0012622
966	0.8842	0.10428	0.010291	0.0012292
967	0.88759	0.1009	0.010325	0.0011888
968	0.88057	0.10793	0.010238	0.0012701
969	0.87425	0.11425	0.010159	0.0013429
970	0.86863	0.11987	0.010088	0.0014075
971	0.86381	0.1247	0.010027	0.0014628
972	0.85966	0.12885	0.0099739	0.0015101
973	0.85629	0.13223	0.0099296	0.0015485
974	0.85369	0.13484	0.0098941	0.0015779
975	0.85184	0.13669	0.0098674	0.0015986
976	0.85076	0.13778	0.0098494	0.0016106
977	0.85031	0.13824	0.009839	0.001615
978	0.85051	0.13804	0.0098362	0.0016119
979	0.85135	0.13721	0.0098411	0.0016012
980	0.85282	0.13574	0.0098533	0.0015832
981	0.85514	0.13343	0.0098752	0.0015554
982	0.85832	0.13025	0.0099069	0.0015178
983	0.86216	0.12642	0.0099464	0.0014725
984	0.86668	0.12191	0.0099937	0.0014194
985	0.87187	0.11673	0.010049	0.0013584
986	0.87772	0.11087	0.010112	0.0012896
987	0.87269	0.11591	0.010049	0.0013471
988	0.86831	0.1203	0.0099934	0.0013968
989	0.86459	0.12403	0.0099456	0.0014389
990	0.86163	0.12699	0.0099066	0.0014723
991	0.8593	0.12932	0.0098752	0.0014981
992	0.85773	0.1309	0.0098523	0.0015154
993	0.85692	0.13172	0.009838	0.0015241
994	0.85685	0.1318	0.0098322	0.0015242
995	0.8574	0.13125	0.0098337	0.0015171
996	0.85858	0.13007	0.0098425	0.0015026
