#coord	neutral	conserved	gBGC.neutral	gBGC.conserved
1	0.80248	0.19488	0.0021213	0.00051677
2	0.80644	0.19093	0.0021285	0.00050556
3	0.81107	0.1863	0.0021375	0.0004926
4	0.81652	0.18085	0.0021486	0.00047753
5	0.82281	0.17457	0.0021618	0.00046032
6	0.83006	0.16732	0.0021775	0.00044064
7	0.83802	0.15936	0.002195	0.00041915
8	0.84673	0.15066	0.0022143	0.00039576
9	0.85619	0.1412	0.0022357	0.00037044
10	0.86641	0.13099	0.0022589	0.00034321
11	0.86438	0.13302	0.0022501	0.00034802
12	0.86301	0.1344	0.002243	0.0003511
13	0.86239	0.13502	0.0022379	0.00035222
14	0.86241	0.13501	0.0022345	0.00035168
15	0.86307	0.13435	0.0022327	0.00034945
16	0.86438	0.13304	0.0022327	0.00034553
17	0.86633	0.1311	0.0022342	0.00033997
18	0.86893	0.1285	0.0022375	0.00033272
19	0.87218	0.12526	0.0022425	0.00032383
20	0.8763	0.12114	0.0022496	0.00031272
21	0.8811	0.11634	0.0022584	0.0002999
22	0.8867	0.11075	0.0022693	0.00028507
23	0.89298	0.10447	0.0022819	0.00026852
24	0.89998	0.097477	0.0022963	0.0002502
25	0.9077	0.089762	0.0023124	0.00023006
26	0.91613	0.081327	0.0023304	0.00020814
27	0.91469	0.082773	0.0023231	0.00021147
28	0.91404	0.083425	0.0023179	0.00021277
29	0.91403	0.083446	0.0023142	0.00021247
30	0.91473	0.08275	0.0023124	0.00021035
31	0.91622	0.081259	0.0023126	0.00020624
32	0.91835	0.079132	0.0023143	0.00020053
33	0.92112	0.076365	0.0023177	0.00019321
34	0.92454	0.072952	0.0023227	0.00018428
35	0.9287	0.068796	0.0023295	0.00017352
36	0.93352	0.063979	0.0023379	0.00016112
37	0.93911	0.058395	0.0023482	0.00014685
38	0.94536	0.052144	0.0023602	0.00013094
39	0.95232	0.045198	0.0023739	0.00011334
40	0.95997	0.037542	0.0023892	9.4015e-05
41	0.95991	0.037606	0.0023853	9.4e-05
42	0.96044	0.037082	0.0023829	9.2519e-05
43	0.96156	0.03597	0.0023819	8.9577e-05
44	0.96338	0.034154	0.0023827	8.4908e-05
45	0.96579	0.031743	0.0023849	7.8776e-05
46	0.96881	0.028733	0.0023886	7.1175e-05
47	0.97249	0.025053	0.0023939	6.1954e-05
48	0.97099	0.02656	0.0023863	6.5553e-05
49	0.97006	0.027495	0.0023802	6.7726e-05
50	0.96173	0.03583	0.002356	8.8032e-05
51	0.9543	0.043256	0.002334	0.00010606
52	0.94758	0.04998	0.0023139	0.0001223
53	0.94155	0.056015	0.0022955	0.0001368
54	0.93637	0.0612	0.0022791	0.00014919
55	0.91605	0.081529	0.0022261	0.00019832
56	0.8972	0.10038	0.0021768	0.00024372
57	0.87933	0.11825	0.00213	0.00028658
58	0.86265	0.13494	0.0020862	0.00032645
59	0.84728	0.15031	0.0020456	0.00036303
60	0.83317	0.16442	0.0020082	0.00039648
61	0.81993	0.17767	0.0019731	0.00042771
62	0.80753	0.19008	0.00194	0.0004568
63	0.79611	0.20149	0.0019094	0.00048343
64	0.7858	0.21181	0.0018816	0.00050734
65	0.77656	0.22105	0.0018563	0.00052863
66	0.76803	0.22959	0.0018328	0.00054814
67	0.76038	0.23725	0.0018115	0.00056549
68	0.7534	0.24422	0.0017919	0.00058115
69	0.7474	0.25023	0.0017746	0.00059446
70	0.74235	0.25529	0.0017596	0.00060549
71	0.73822	0.25942	0.0017468	0.00061429
72	0.73502	0.26263	0.0017362	0.0006209
73	0.73245	0.2652	0.0017271	0.00062595
74	0.73066	0.26699	0.0017199	0.00062917
75	0.72949	0.26817	0.0017141	0.00063092
76	0.72894	0.26872	0.0017099	0.00063116
77	0.72916	0.2685	0.0017074	0.00062961
78	0.72999	0.26767	0.0017064	0.00062663
79	0.73171	0.26596	0.0017074	0.00062159
80	0.73407	0.2636	0.0017099	0.00061506
81	0.73707	0.26061	0.001714	0.00060704
82	0.74072	0.25697	0.0017195	0.00059754
83	0.74516	0.25253	0.0017268	0.00058622
84	0.75026	0.24743	0.0017356	0.00057339
85	0.75619	0.2415	0.0017463	0.00055871
86	0.74693	0.25077	0.0017218	0.00057914
87	0.7387	0.259	0.0016998	0.00059714
88	0.73118	0.26653	0.0016795	0.00061343
89	0.7245	0.27321	0.0016612	0.00062772
90	0.71878	0.27893	0.0016451	0.00063977
91	0.71401	0.28371	0.0016311	0.00064964
92	0.70986	0.28787	0.0016187	0.00065803
93	0.70662	0.29111	0.0016084	0.00066432
94	0.70401	0.29372	0.0015995	0.00066913
95	0.70203	0.29571	0.0015921	0.00067249
96	0.70094	0.2968	0.0015867	0.00067382
97	0.70047	0.29728	0.0015827	0.00067374
98	0.70088	0.29687	0.0015808	0.00067166
99	0.70218	0.29557	0.0015808	0.0006676
100	0.68576	0.31199	0.0015409	0.00070344
101	0.67042	0.32734	0.0015035	0.00073676
102	0.65611	0.34166	0.0014685	0.00076765
103	0.64254	0.35523	0.0014353	0.00079673
104	0.63011	0.36766	0.0014048	0.00082317
105	0.61838	0.3794	0.0013759	0.00084795
106	0.60734	0.39044	0.0013488	0.00087105
107	0.59696	0.40082	0.0013231	0.00089259
108	0.58724	0.41055	0.0012991	0.00091256
109	0.5785	0.41929	0.0012773	0.0009303
110	0.57036	0.42744	0.0012569	0.00094664
111	0.56281	0.43499	0.0012379	0.00096157
112	0.55603	0.44177	0.0012206	0.00097477
113	0.5498	0.44801	0.0012046	0.0009867
114	0.54413	0.45368	0.0011899	0.00099732
115	0.53901	0.4588	0.0011765	0.0010067
116	0.5346	0.46322	0.0011646	0.0010145
117	0.53088	0.46694	0.0011543	0.0010207
118	0.52766	0.47017	0.0011451	0.0010259
119	0.52511	0.47272	0.0011373	0.0010295
120	0.52323	0.4746	0.0011311	0.0010317
121	0.52186	0.47598	0.0011259	0.0010327
122	0.521	0.47685	0.0011219	0.0010327
123	0.52063	0.47722	0.0011189	0.0010315
124	0.52093	0.47693	0.0011174	0.001029
125	0.52172	0.47613	0.001117	0.0010253
126	0.52302	0.47484	0.0011176	0.0010206
127	0.52483	0.47304	0.0011193	0.0010148
128	0.5273	0.47057	0.0011225	0.0010076
129	0.53059	0.46728	0.0011273	0.00099864
130	0.53471	0.46317	0.0011338	0.00098801
131	0.53933	0.45856	0.0011414	0.00097633
132	0.54449	0.4534	0.0011501	0.00096352
133	0.55021	0.44769	0.00116	0.00094957
134	0.5568	0.44109	0.0011716	0.00093383
135	0.56395	0.43395	0.0011844	0.00091696
136	0.57169	0.42621	0.0011983	0.00089889
137	0.58023	0.41768	0.0012139	0.00087924
138	0.58936	0.40855	0.0012306	0.0008584
139	0.5991	0.39881	0.0012486	0.00083633
140	0.60948	0.38844	0.0012678	0.000813
141	0.62051	0.37741	0.0012884	0.00078838
142	0.63222	0.36571	0.0013102	0.00076245
143	0.64462	0.35331	0.0013334	0.00073515
144	0.65777	0.34017	0.0013581	0.00070638
145	0.6719	0.32604	0.0013847	0.00067569
146	0.68725	0.31069	0.0014137	0.00064264
147	0.70345	0.2945	0.0014443	0.00060794
148	0.70203	0.29593	0.0014385	0.00060962
149	0.70122	0.29673	0.001434	0.00061
150	0.70131	0.29665	0.0014313	0.00060858
151	0.70227	0.29569	0.0014304	0.00060537
152	0.70387	0.2941	0.0014308	0.00060088
153	0.70635	0.29162	0.0014329	0.0005946
154	0.70944	0.28854	0.0014363	0.0005871
155	0.71331	0.28467	0.0014412	0.00057805
156	0.71781	0.28018	0.0014474	0.00056777
157	0.70531	0.29268	0.0014193	0.00059179
158	0.69377	0.30422	0.0013931	0.00061378
159	0.68295	0.31505	0.0013686	0.00063422
160	0.67319	0.32482	0.0013462	0.00065247
161	0.66412	0.33388	0.0013253	0.00066921
162	0.65572	0.34229	0.0013058	0.00068457
163	0.64798	0.35004	0.0012878	0.00069852
164	0.6412	0.35682	0.0012716	0.0007105
165	0.63536	0.36266	0.0012574	0.00072058
166	0.63043	0.36759	0.001245	0.00072881
167	0.62609	0.37194	0.0012339	0.00073585
168	0.6225	0.37554	0.0012242	0.00074138
169	0.61947	0.37857	0.0012156	0.00074575
170	0.61731	0.38073	0.0012088	0.00074841
171	0.61588	0.38217	0.0012034	0.00074963
172	0.615	0.38305	0.0011991	0.00074976
173	0.61498	0.38308	0.0011965	0.00074823
174	0.61581	0.38225	0.0011955	0.00074504
175	0.59694	0.40112	0.0011562	0.00078012
176	0.57918	0.41889	0.0011192	0.00081294
177	0.56218	0.43589	0.0010838	0.00084409
178	0.54593	0.45215	0.0010501	0.00087365
179	0.53039	0.46769	0.0010179	0.00090168
180	0.51556	0.48252	0.00098717	0.00092819
181	0.50184	0.49625	0.00095867	0.00095249
182	0.48915	0.50894	0.00093225	0.0009747
183	0.47705	0.52105	0.00090708	0.00099566
184	0.46575	0.53235	0.00088351	0.001015
185	0.45499	0.54311	0.00086108	0.0010332
186	0.44475	0.55336	0.00083974	0.0010504
187	0.43523	0.56288	0.00081983	0.0010661
188	0.42623	0.57189	0.00080098	0.0010807
189	0.41789	0.58023	0.00078346	0.001094
190	0.41003	0.5881	0.00076691	0.0011063
191	0.4028	0.59533	0.00075159	0.0011174
192	0.39601	0.60212	0.00073718	0.0011276
193	0.38966	0.60848	0.00072364	0.0011369
194	0.38388	0.61426	0.00071122	0.0011451
195	0.37867	0.61948	0.00069988	0.0011522
196	0.37415	0.624	0.00068984	0.001158
197	0.37001	0.62814	0.00068055	0.001163
198	0.36624	0.63192	0.00067199	0.0011674
199	0.36284	0.63532	0.00066415	0.001171
200	0.35995	0.63822	0.00065726	0.0011736
201	0.35738	0.64079	0.00065101	0.0011756
202	0.35544	0.64274	0.0006459	0.0011765
203	0.35382	0.64436	0.00064139	0.0011767
204	0.35254	0.64565	0.00063752	0.0011763
205	0.35156	0.64663	0.00063424	0.0011754
206	0.35092	0.64727	0.00063158	0.0011738
207	0.35089	0.64731	0.00063	0.0011711
208	0.35117	0.64703	0.00062899	0.0011679
209	0.35175	0.64645	0.00062854	0.0011641
210	0.35267	0.64554	0.0006287	0.0011597
211	0.35421	0.64401	0.00062992	0.0011542
212	0.35608	0.64214	0.00063175	0.0011481
213	0.3583	0.63992	0.00063418	0.0011414
214	0.36086	0.63736	0.00063722	0.0011341
215	0.36407	0.63416	0.00064135	0.0011257
216	0.36763	0.63061	0.0006461	0.0011167
217	0.37156	0.62668	0.00065148	0.0011071
218	0.37616	0.62208	0.00065798	0.0010963
219	0.38113	0.61712	0.00066509	0.0010849
220	0.38648	0.61177	0.00067286	0.0010729
221	0.39222	0.60604	0.00068125	0.0010603
222	0.39869	0.59958	0.00069084	0.0010464
223	0.40559	0.59268	0.00070114	0.0010318
224	0.41326	0.58501	0.0007127	0.001016
225	0.42139	0.57688	0.00072501	0.00099942
226	0.43001	0.56827	0.0007381	0.00098207
227	0.43932	0.55897	0.00075227	0.00096362
228	0.44949	0.5488	0.00076783	0.00094377
229	0.46058	0.53772	0.00078484	0.00092247
230	0.4722	0.52609	0.00080269	0.00090033
231	0.48443	0.51388	0.00082147	0.00087725
232	0.49748	0.50083	0.00084154	0.00085289
233	0.51115	0.48716	0.00086255	0.00082758
234	0.52549	0.47282	0.0008846	0.00080124
235	0.54051	0.45781	0.00090767	0.00077387
236	0.53722	0.4611	0.00089979	0.00077744
237	0.53443	0.46389	0.00089279	0.00078012
238	0.53246	0.46587	0.00088716	0.00078143
239	0.53097	0.46736	0.00088237	0.0007819
240	0.53016	0.46818	0.00087869	0.00078126
241	0.53014	0.4682	0.00087632	0.00077929
242	0.53061	0.46774	0.00087476	0.00077651
243	0.53159	0.46676	0.00087406	0.00077288
244	0.53308	0.46527	0.0008742	0.00076841
245	0.53525	0.46311	0.00087542	0.00076285
246	0.53791	0.46046	0.00087743	0.0007565
247	0.54125	0.45712	0.00088053	0.00074906
248	0.5451	0.45327	0.00088443	0.00074081
249	0.54949	0.44889	0.00088918	0.00073172
250	0.5546	0.44379	0.00089504	0.00072151
251	0.56023	0.43815	0.00090172	0.00071048
252	0.56644	0.43195	0.00090928	0.00069857
253	0.57355	0.42485	0.00091822	0.00068527
254	0.58123	0.41717	0.00092803	0.00067111
255	0.5895	0.4089	0.00093872	0.00065608
256	0.5984	0.40001	0.00095036	0.00064009
257	0.60792	0.39049	0.00096291	0.00062319
258	0.61807	0.38034	0.0009764	0.00060535
259	0.62891	0.36951	0.0009909	0.00058651
260	0.64046	0.35797	0.0010064	0.00056663
261	0.65311	0.34532	0.0010236	0.00054514
262	0.66649	0.33195	0.0010418	0.0005226
263	0.68061	0.31783	0.0010611	0.00049898
264	0.69596	0.30248	0.0010821	0.00047361
265	0.71212	0.28633	0.0011043	0.00044708
266	0.7296	0.26885	0.0011283	0.00041867
267	0.74801	0.25045	0.0011537	0.00038896
268	0.74829	0.25017	0.0011508	0.00038741
269	0.74921	0.24925	0.001149	0.00038487
270	0.75078	0.24769	0.0011482	0.00038135
271	0.75296	0.24552	0.0011483	0.00037689
272	0.75578	0.24269	0.0011494	0.00037145
273	0.75952	0.23896	0.0011518	0.00036467
274	0.76392	0.23456	0.0011552	0.0003569
275	0.76914	0.22936	0.0011597	0.00034795
276	0.77518	0.22332	0.0011655	0.00033781
277	0.78189	0.21661	0.0011722	0.0003267
278	0.78946	0.20905	0.0011802	0.00031438
279	0.79775	0.20076	0.0011891	0.00030102
280	0.80708	0.19143	0.0011996	0.00028621
281	0.81715	0.18136	0.001211	0.00027037
282	0.82798	0.17054	0.0012235	0.00025349
283	0.83958	0.15894	0.001237	0.00023555
284	0.85234	0.14619	0.0012522	0.00021602
285	0.86595	0.13258	0.0012685	0.00019533
286	0.88064	0.1179	0.0012862	0.0001732
287	0.89644	0.1021	0.0013054	0.00014959
288	0.9134	0.085151	0.0013261	0.00012444
289	0.91632	0.082232	0.0013263	0.00011983
290	0.9199	0.078661	0.0013274	0.0001143
291	0.92411	0.074449	0.0013294	0.00010786
292	0.91947	0.079096	0.0013186	0.00011422
293	0.91559	0.082983	0.001309	0.00011944
294	0.91234	0.086231	0.0013003	0.00012372
295	0.90974	0.088845	0.0012925	0.00012706
296	0.90775	0.09083	0.0012856	0.00012948
297	0.90641	0.092175	0.0012797	0.00013096
298	0.90588	0.092712	0.001275	0.00013131
299	0.90599	0.092613	0.0012711	0.00013075
300	0.90671	0.091892	0.0012681	0.00012931
301	0.89611	0.1025	0.0012493	0.00014371
302	0.88644	0.11217	0.0012318	0.00015673
303	0.87751	0.1211	0.0012155	0.00016861
304	0.86959	0.12903	0.0012006	0.00017904
305	0.86238	0.13624	0.0011868	0.00018841
306	0.85613	0.1425	0.0011744	0.0001964
307	0.85058	0.14806	0.001163	0.00020338
308	0.84571	0.15292	0.0011525	0.00020935
309	0.84166	0.15699	0.0011432	0.00021419
310	0.83827	0.16038	0.0011349	0.00021808
311	0.83553	0.16312	0.0011275	0.00022106
312	0.83367	0.16499	0.0011212	0.00022284
313	0.81429	0.18437	0.0010915	0.00024811
314	0.79614	0.20253	0.0010636	0.00027158
315	0.77891	0.21976	0.0010371	0.00029364
316	0.7626	0.23607	0.0010119	0.00031431
317	0.7474	0.25128	0.00098838	0.00033338
318	0.73305	0.26563	0.00096612	0.00035117
319	0.71991	0.27878	0.00094555	0.00036726
320	0.70752	0.29117	0.0009261	0.00038223
321	0.69626	0.30243	0.00090822	0.00039563
322	0.68571	0.31299	0.00089137	0.00040799
323	0.67606	0.32264	0.00087577	0.0004191
324	0.66711	0.3316	0.00086117	0.0004292
325	0.65902	0.33969	0.00084774	0.00043813
326	0.65176	0.34696	0.00083544	0.00044593
327	0.64545	0.35328	0.0008244	0.00045244
328	0.63974	0.35899	0.0008142	0.00045813
329	0.63463	0.36411	0.00080481	0.00046299
330	0.63012	0.36862	0.00079625	0.00046704
331	0.62637	0.37237	0.00078868	0.00047009
332	0.62338	0.37537	0.00078206	0.00047217
333	0.62125	0.3775	0.00077654	0.00047314
334	0.61968	0.37908	0.00077175	0.00047339
335	0.61883	0.37993	0.00076786	0.00047273
336	0.61884	0.37992	0.00076502	0.000471
337	0.61943	0.37934	0.00076291	0.00046856
338	0.60058	0.3982	0.00073687	0.00049003
339	0.58303	0.41575	0.00071258	0.00050974
340	0.5663	0.43249	0.00068946	0.00052828
341	0.55076	0.44802	0.00066794	0.00054522
342	0.53597	0.46283	0.00064746	0.00056111
343	0.52209	0.47671	0.00062822	0.00057575
344	0.50886	0.48994	0.00060989	0.00058949
345	0.49648	0.50233	0.0005927	0.00060208
346	0.48492	0.51389	0.00057658	0.00061359
347	0.47396	0.52485	0.00056128	0.00062428
348	0.46357	0.53524	0.00054678	0.00063417
349	0.45374	0.54508	0.00053304	0.0006433
350	0.44478	0.55404	0.0005204	0.00065132
351	0.43634	0.56249	0.00050845	0.00065865
352	0.42839	0.57045	0.00049717	0.00066532
353	0.42091	0.57793	0.00048652	0.00067135
354	0.41423	0.58462	0.00047684	0.00067641
355	0.40798	0.59087	0.00046774	0.00068089
356	0.40215	0.59671	0.00045917	0.00068484
357	0.39671	0.60215	0.00045111	0.00068827
358	0.39185	0.60702	0.00044375	0.000691
359	0.38739	0.61148	0.00043689	0.00069323
360	0.38332	0.61556	0.00043053	0.00069496
361	0.37993	0.61895	0.00042495	0.0006959
362	0.37689	0.62199	0.0004198	0.0006964
363	0.3742	0.62469	0.00041507	0.00069649
364	0.37216	0.62673	0.00041108	0.00069584
365	0.37048	0.62842	0.00040751	0.00069476
366	0.36931	0.6296	0.0004045	0.00069311
367	0.36877	0.63014	0.00040219	0.00069076
368	0.36859	0.63032	0.00040027	0.00068801
369	0.36904	0.62987	0.00039903	0.00068457
370	0.37013	0.62879	0.00039846	0.00068046
371	0.37155	0.62738	0.00039825	0.00067599
372	0.37348	0.62545	0.00039855	0.00067099
373	0.37575	0.62319	0.0003992	0.00066565
374	0.37854	0.6204	0.00040038	0.00065977
375	0.38168	0.61727	0.0004019	0.00065355
376	0.38517	0.61378	0.00040377	0.00064698
377	0.38902	0.60993	0.00040599	0.00064005
378	0.39326	0.60569	0.00040859	0.00063275
379	0.39821	0.60075	0.00041187	0.00062476
380	0.40374	0.59523	0.00041569	0.00061623
381	0.40969	0.58928	0.0004199	0.0006073
382	0.41625	0.58273	0.00042467	0.0005978
383	0.42344	0.57554	0.00042999	0.00058774
384	0.43107	0.56792	0.00043571	0.00057729
385	0.43936	0.55964	0.000442	0.00056625
386	0.44815	0.55085	0.00044873	0.00055477
387	0.45746	0.54154	0.00045591	0.00054285
388	0.46728	0.53172	0.00046351	0.00053051
389	0.47763	0.52138	0.00047154	0.00051773
390	0.48852	0.5105	0.00048002	0.00050451
391	0.50021	0.49882	0.00048917	0.00049061
392	0.51252	0.48651	0.00049882	0.00047621
393	0.52568	0.47335	0.00050917	0.00046109
394	0.53953	0.45951	0.00052006	0.00044544
395	0.5543	0.44474	0.0005317	0.00042904
396	0.56977	0.42927	0.00054387	0.00041209
397	0.56632	0.43273	0.00053788	0.00041332
398	0.56342	0.43564	0.00053245	0.00041398
399	0.56103	0.43803	0.00052754	0.00041412
400	0.55918	0.43988	0.00052317	0.00041373
401	0.55787	0.4412	0.00051932	0.00041281
402	0.55738	0.44169	0.00051623	0.00041112
403	0.55771	0.44136	0.00051389	0.00040868
404	0.53724	0.46184	0.00049246	0.00042532
405	0.51788	0.48121	0.00047222	0.00044077
406	0.49978	0.49931	0.0004533	0.00045488
407	0.48244	0.51666	0.00043525	0.00046813
408	0.46578	0.53332	0.00041799	0.00048059
409	0.45024	0.54886	0.00040187	0.00049189
410	0.43531	0.5638	0.00038645	0.0005025
411	0.42101	0.57811	0.00037174	0.0005124
412	0.40751	0.59162	0.00035786	0.00052146
413	0.39495	0.60418	0.00034492	0.00052956
414	0.38329	0.61584	0.00033287	0.00053677
415	0.3721	0.62704	0.00032134	0.00054345
416	0.36135	0.63779	0.00031032	0.00054964
417	0.35125	0.6479	0.00029994	0.00055517
418	0.34176	0.65739	0.00029017	0.00056008
419	0.33286	0.66629	0.00028098	0.0005644
420	0.32436	0.6748	0.00027221	0.0005683
421	0.31623	0.68294	0.00026385	0.00057179
422	0.30843	0.69074	0.00025584	0.00057492
423	0.30094	0.69823	0.00024818	0.00057771
424	0.29395	0.70522	0.00024099	0.00058002
425	0.28744	0.71175	0.00023425	0.00058188
426	0.28151	0.71768	0.00022804	0.00058319
427	0.27587	0.72332	0.00022212	0.00058421
428	0.27065	0.72855	0.00021658	0.00058484
429	0.26569	0.73351	0.00021132	0.0005852
430	0.26126	0.73795	0.0002065	0.0005851
431	0.25704	0.74217	0.00020191	0.00058477
432	0.25306	0.74616	0.00019754	0.00058422
433	0.24927	0.74995	0.00019337	0.00058347
434	0.24584	0.75339	0.00018951	0.0005824
435	0.24276	0.75647	0.00018594	0.00058104
436	0.23988	0.75936	0.00018256	0.00057948
437	0.23733	0.76191	0.00017946	0.00057764
438	0.23523	0.76402	0.0001767	0.00057544
439	0.23331	0.76594	0.00017411	0.00057307
440	0.23171	0.76755	0.00017176	0.00057046
441	0.23041	0.76885	0.00016965	0.00056759
442	0.22954	0.76973	0.00016786	0.0005644
443	0.22884	0.77044	0.0001662	0.00056108
444	0.22828	0.77099	0.00016467	0.00055763
445	0.22814	0.77114	0.00016342	0.00055388
446	0.22817	0.77111	0.00016231	0.00055
447	0.22862	0.77067	0.00016148	0.00054583
448	0.22921	0.77009	0.00016075	0.00054155
449	0.23011	0.76919	0.00016022	0.00053706
450	0.23116	0.76815	0.0001598	0.00053248
451	0.23236	0.76696	0.00015947	0.00052779
452	0.23371	0.76561	0.00015923	0.000523
453	0.23525	0.76408	0.00015911	0.0005181
454	0.23694	0.76239	0.00015909	0.00051311
455	0.2388	0.76053	0.00015916	0.00050801
456	0.2411	0.75823	0.00015951	0.00050264
457	0.24386	0.75549	0.00016011	0.00049699
458	0.24679	0.75256	0.00016081	0.00049125
459	0.24993	0.74942	0.00016162	0.0004854
460	0.25343	0.74593	0.00016262	0.00047935
461	0.25729	0.74208	0.00016381	0.00047309
462	0.26165	0.73772	0.00016527	0.00046656
463	0.26625	0.73312	0.00016685	0.00045992
464	0.27125	0.72812	0.00016861	0.00045307
465	0.27652	0.72286	0.0001705	0.00044611
466	0.28234	0.71705	0.00017266	0.00043886
467	0.28845	0.71094	0.00017495	0.00043148
468	0.29516	0.70424	0.00017752	0.00042381
469	0.30248	0.69692	0.00018039	0.00041583
470	0.31012	0.68929	0.00018337	0.00040774
471	0.31827	0.68114	0.00018656	0.00039943
472	0.32696	0.67246	0.00018999	0.00039088
473	0.33602	0.66341	0.00019353	0.0003822
474	0.34547	0.65396	0.00019722	0.00037338
475	0.35554	0.6439	0.00020115	0.00036432
476	0.36605	0.63339	0.00020523	0.00035509
477	0.37703	0.62241	0.00020946	0.00034572
478	0.38869	0.61076	0.00021396	0.00033607
479	0.40084	0.59861	0.0002186	0.00032628
480	0.41349	0.58597	0.00022339	0.00031633
481	0.4267	0.57276	0.00022836	0.00030621
482	0.44051	0.55896	0.00023351	0.0002959
483	0.45492	0.54455	0.00023885	0.0002854
484	0.4509	0.54858	0.00023445	0.00028464
485	0.44763	0.55186	0.00023046	0.00028345
486	0.44478	0.55471	0.00022673	0.00028201
487	0.44253	0.55697	0.00022331	0.00028024
488	0.44101	0.5585	0.00022028	0.00027808
489	0.43991	0.55959	0.00021748	0.00027568
490	0.43954	0.55997	0.00021503	0.00027292
491	0.43957	0.55995	0.00021279	0.00026996
492	0.44003	0.5595	0.00021075	0.00026679
493	0.44107	0.55846	0.00020898	0.00026334
494	0.44283	0.5567	0.00020753	0.00025956
495	0.44533	0.55421	0.00020639	0.00025546
496	0.44824	0.55131	0.00020542	0.0002512
497	0.45189	0.54765	0.00020475	0.00024662
498	0.45598	0.54357	0.00020423	0.00024189
499	0.46069	0.53886	0.00020394	0.00023692
500	0.46605	0.53352	0.00020388	0.00023171
501	0.47189	0.52768	0.00020397	0.00022635
502	0.4784	0.52117	0.00020428	0.00022076
503	0.4854	0.51418	0.00020473	0.00021503
504	0.4931	0.50649	0.00020539	0.00020908
505	0.50134	0.49825	0.0002062	0.00020298
506	0.51014	0.48945	0.00020715	0.00019674
507	0.51949	0.48011	0.00020823	0.00019037
508	0.52944	0.47017	0.00020946	0.00018385
509	0.54019	0.45942	0.00021088	0.00017712
510	0.55155	0.44807	0.00021243	0.00017027
511	0.56353	0.43609	0.0002141	0.00016329
512	0.5762	0.42343	0.0002159	0.00015619
513	0.58997	0.40966	0.00021797	0.0001488
514	0.60445	0.39519	0.00022015	0.0001413
515	0.61966	0.37999	0.00022244	0.00013369
516	0.63609	0.36356	0.000225	0.0001258
517	0.65337	0.34628	0.00022768	0.00011779
518	0.67177	0.32789	0.00023055	0.00010958
519	0.69156	0.30811	0.00023368	0.0001011
520	0.71227	0.2874	0.00023691	9.2516e-05
521	0.73426	0.26542	0.00024033	8.3735e-05
522	0.75726	0.24242	0.00024384	7.4858e-05
523	0.78131	0.21837	0.00024745	6.5889e-05
524	0.80647	0.19323	0.00025114	5.683e-05
525	0.83281	0.16689	0.00025494	4.767e-05
526	0.83848	0.16122	0.00025225	4.4981e-05
527	0.8451	0.1546	0.00024977	4.2074e-05
528	0.85245	0.14727	0.00024743	3.9028e-05
529	0.8605	0.13922	0.00024522	3.5856e-05
530	0.86928	0.13045	0.00024312	3.2566e-05
531	0.87897	0.12076	0.00024117	2.9122e-05
532	0.87689	0.12285	0.00023606	2.8813e-05
533	0.87557	0.12417	0.00023117	2.8289e-05
534	0.87488	0.12487	0.00022645	2.7589e-05
535	0.87503	0.12472	0.00022193	2.6676e-05
536	0.87581	0.12394	0.00021756	2.5609e-05
537	0.87723	0.12253	0.00021334	2.4399e-05
538	0.87928	0.12049	0.00020925	2.3055e-05
539	0.88197	0.1178	0.00020528	2.1585e-05
540	0.88532	0.11446	0.00020144	1.9996e-05
541	0.88934	0.11044	0.0001977	1.8296e-05
542	0.89424	0.10555	0.0001941	1.6454e-05
543	0.89994	0.099853	0.0001906	1.45e-05
544	0.8955	0.10429	0.00019004	1.5717e-05
545	0.89173	0.10806	0.00018962	1.6796e-05
546	0.88863	0.11116	0.00018932	1.7739e-05
547	0.8703	0.12949	0.00018588	2.1816e-05
548	0.85336	0.14643	0.0001827	2.5618e-05
549	0.83774	0.16205	0.00017977	2.9156e-05
550	0.82303	0.17676	0.00017701	3.2513e-05
551	0.8092	0.19059	0.00017443	3.5691e-05
552	0.79656	0.20323	0.00017207	3.8627e-05
553	0.78471	0.21508	0.00016987	4.1401e-05
554	0.77366	0.22613	0.00016782	4.4011e-05
555	0.76338	0.23641	0.00016593	4.646e-05
556	0.75385	0.24594	0.00016419	4.875e-05
557	0.74506	0.25472	0.00016259	5.0885e-05
558	0.73699	0.26279	0.00016114	5.2868e-05
559	0.7296	0.27019	0.00015983	5.4706e-05
560	0.72318	0.2766	0.00015871	5.6335e-05
561	0.71759	0.28219	0.00015776	5.7787e-05
562	0.71281	0.28697	0.00015697	5.9065e-05
563	0.70866	0.29113	0.0001563	6.0205e-05
564	0.70542	0.29437	0.00015583	6.1147e-05
565	0.7028	0.29698	0.00015549	6.1947e-05
566	0.70096	0.29882	0.0001553	6.2577e-05
567	0.69975	0.30003	0.00015525	6.3066e-05
568	0.69929	0.30049	0.00015536	6.3386e-05
569	0.69972	0.30006	0.00015565	6.3508e-05
570	0.70104	0.29874	0.00015613	6.3432e-05
571	0.70326	0.29652	0.00015679	6.3155e-05
572	0.70607	0.29371	0.00015759	6.2739e-05
573	0.70967	0.29011	0.00015855	6.2146e-05
574	0.71391	0.28587	0.00015966	6.1403e-05
575	0.71895	0.28083	0.00016093	6.0478e-05
576	0.72462	0.27516	0.00016235	5.9403e-05
577	0.73126	0.26852	0.00016397	5.8111e-05
578	0.73858	0.26119	0.00016574	5.6656e-05
579	0.74661	0.25317	0.00016767	5.5037e-05
580	0.75566	0.24411	0.00016983	5.3183e-05
581	0.76546	0.23432	0.00017214	5.1156e-05
582	0.77599	0.22379	0.00017463	4.8955e-05
583	0.77175	0.22803	0.00017384	5.0014e-05
584	0.76843	0.23135	0.00017325	5.0866e-05
585	0.76574	0.23403	0.00017279	5.1575e-05
586	0.76368	0.23609	0.00017247	5.2139e-05
587	0.76225	0.23753	0.00017228	5.256e-05
588	0.7617	0.23807	0.00017228	5.2778e-05
589	0.7618	0.23797	0.00017242	5.2849e-05
590	0.76252	0.23726	0.0001727	5.2775e-05
591	0.76385	0.23592	0.00017312	5.2557e-05
592	0.76582	0.23396	0.00017367	5.2194e-05
593	0.76856	0.23121	0.00017439	5.1651e-05
594	0.77222	0.22755	0.0001753	5.09e-05
595	0.77652	0.22326	0.00017636	4.9999e-05
596	0.78147	0.21831	0.00017756	4.8946e-05
597	0.7871	0.21268	0.00017891	4.7734e-05
598	0.79356	0.20621	0.00018045	4.6329e-05
599	0.80089	0.19889	0.00018216	4.4727e-05
600	0.80893	0.19084	0.00018404	4.2956e-05
601	0.81801	0.18176	0.00018614	4.095e-05
602	0.82815	0.17163	0.00018847	3.8702e-05
603	0.83905	0.16073	0.00019097	3.6275e-05
604	0.83662	0.16316	0.00019046	3.6859e-05
605	0.83506	0.16471	0.00019013	3.7242e-05
606	0.83416	0.16561	0.00018994	3.7473e-05
607	0.81766	0.18211	0.0001862	4.1258e-05
608	0.80204	0.19773	0.00018265	4.4838e-05
609	0.78732	0.21246	0.00017929	4.821e-05
610	0.77346	0.22632	0.00017614	5.1382e-05
611	0.76079	0.23898	0.00017324	5.4282e-05
612	0.74889	0.25088	0.00017051	5.7001e-05
613	0.73796	0.26181	0.00016799	5.9499e-05
614	0.72776	0.27202	0.00016564	6.1826e-05
615	0.71826	0.28151	0.00016344	6.3987e-05
616	0.70945	0.29032	0.0001614	6.5986e-05
617	0.70135	0.29842	0.00015951	6.7819e-05
618	0.69424	0.30553	0.00015784	6.9424e-05
619	0.68779	0.31198	0.00015632	7.0872e-05
620	0.68216	0.31761	0.00015498	7.2132e-05
621	0.67733	0.32244	0.00015381	7.3207e-05
622	0.67311	0.32667	0.00015277	7.4138e-05
623	0.6695	0.33027	0.00015187	7.4923e-05
624	0.66667	0.33311	0.00015114	7.5531e-05
625	0.66459	0.33518	0.00015057	7.5963e-05
626	0.6631	0.33668	0.00015013	7.6258e-05
627	0.66218	0.3376	0.00014982	7.6418e-05
628	0.66213	0.33764	0.00014969	7.6376e-05
629	0.66269	0.33708	0.0001497	7.6195e-05
630	0.664	0.33577	0.00014987	7.5842e-05
631	0.66606	0.33371	0.00015019	7.5317e-05
632	0.66871	0.33107	0.00015065	7.4656e-05
633	0.67196	0.32781	0.00015123	7.3854e-05
634	0.67584	0.32393	0.00015196	7.291e-05
635	0.6805	0.31927	0.00015284	7.1789e-05
636	0.68595	0.31382	0.00015389	7.049e-05
637	0.69236	0.30742	0.00015515	6.8979e-05
638	0.6994	0.30038	0.00015653	6.7324e-05
639	0.70712	0.29266	0.00015806	6.5517e-05
640	0.71585	0.28393	0.00015981	6.3486e-05
641	0.72527	0.27451	0.00016169	6.1303e-05
642	0.73542	0.26435	0.00016373	5.8958e-05
643	0.7463	0.25347	0.00016593	5.6453e-05
644	0.75793	0.24185	0.00016827	5.3786e-05
645	0.7707	0.22908	0.00017085	5.0871e-05
646	0.78467	0.21511	0.00017368	4.7698e-05
647	0.79947	0.20031	0.00017668	4.4348e-05
648	0.81556	0.18422	0.00017993	4.0724e-05
649	0.83254	0.16724	0.00018337	3.6911e-05
650	0.85072	0.14906	0.00018705	3.2848e-05
651	0.86986	0.12992	0.00019092	2.8583e-05
652	0.87294	0.12685	0.00019124	2.7856e-05
653	0.87679	0.123	0.00019172	2.6961e-05
654	0.88129	0.11849	0.00019234	2.5923e-05
655	0.88648	0.1133	0.00019309	2.4738e-05
656	0.89249	0.1073	0.00019401	2.3381e-05
657	0.89918	0.1006	0.00019506	2.1877e-05
658	0.90682	0.092964	0.0001963	2.0174e-05
659	0.9152	0.084584	0.00019768	1.8316e-05
660	0.92432	0.075468	0.00019921	1.6305e-05
661	0.92327	0.07652	0.00019854	1.6492e-05
662	0.92293	0.076859	0.00019801	1.6524e-05
663	0.9233	0.076486	0.00019762	1.6404e-05
664	0.92429	0.075499	0.00019735	1.6151e-05
665	0.92606	0.073724	0.00019723	1.5732e-05
666	0.92856	0.071229	0.00019726	1.5161e-05
667	0.93168	0.068107	0.00019741	1.4458e-05
668	0.92624	0.07355	0.00019574	1.5569e-05
669	0.92147	0.078318	0.00019421	1.653e-05
670	0.91747	0.082323	0.00019283	1.7325e-05
671	0.91421	0.085577	0.0001916	1.7958e-05
672	0.91178	0.088009	0.00019054	1.8415e-05
673	0.90999	0.089798	0.00018961	1.8733e-05
674	0.90901	0.090779	0.00018884	1.888e-05
675	0.90867	0.091123	0.00018819	1.8893e-05
676	0.90913	0.090663	0.0001877	1.8739e-05
677	0.91021	0.08958	0.00018732	1.8456e-05
678	0.91192	0.087874	0.00018707	1.8045e-05
679	0.91444	0.085354	0.00018697	1.7469e-05
680	0.9176	0.0822	0.00018699	1.6766e-05
681	0.92158	0.078216	0.00018716	1.5899e-05
682	0.92623	0.073567	0.00018746	1.4901e-05
683	0.93155	0.068244	0.00018787	1.3772e-05
684	0.93756	0.062237	0.00018841	1.2511e-05
685	0.94427	0.055535	0.00018908	1.1118e-05
686	0.95178	0.048018	0.00018988	9.573e-06
687	0.96023	0.039571	0.00019085	7.8544e-06
688	0.96941	0.030396	0.00019194	6.0029e-06
689	0.97933	0.020475	0.00019315	4.0169e-06
690	0.99003	0.0097699	0.0001945	1.891e-06
691	0.98944	0.010364	0.00019361	1.9924e-06
692	0.98943	0.010372	0.00019282	1.979e-06
693	0.98995	0.0098593	0.00019213	1.8642e-06
694	0.99102	0.0087865	0.00019153	1.6424e-06
695	0.99262	0.0071894	0.00019102	1.3211e-06
696	0.99481	0.0049968	0.00019061	8.8882e-07
697	0.99761	0.0022007	0.0001903	3.4555e-07
698	0.99831	0.0014967	0.00018958	1.9301e-07
699	0.99588	0.0039209	0.0001936	6.7873e-07
700	0.99401	0.0057887	0.0001977	1.076e-06
701	0.99269	0.0071052	0.00020188	1.3784e-06
702	0.99194	0.0078496	0.00020616	1.5743e-06
703	0.99171	0.0080815	0.00021053	1.6679e-06
704	0.99198	0.0078013	0.00021502	1.6525e-06
705	0.99277	0.0070086	0.00021961	1.5211e-06
706	0.99101	0.0087604	0.00022365	1.9516e-06
707	0.98978	0.0099857	0.00022778	2.2762e-06
708	0.98908	0.010687	0.00023203	2.4885e-06
709	0.98419	0.015568	0.00023527	3.7047e-06
710	0.97998	0.019772	0.00023862	4.8002e-06
711	0.97638	0.023371	0.00024208	5.7821e-06
712	0.97344	0.026313	0.00024567	6.6305e-06
713	0.97108	0.028663	0.00024938	7.3524e-06
714	0.96937	0.03037	0.00025322	7.9273e-06
715	0.96834	0.031391	0.00025722	8.3352e-06
716	0.96789	0.03184	0.00026136	8.5972e-06
717	0.96801	0.031711	0.00026566	8.7034e-06
718	0.96871	0.031011	0.00027012	8.6485e-06
719	0.97004	0.029674	0.00027475	8.4075e-06
720	0.97206	0.027648	0.00027958	7.957e-06
721	0.96863	0.031073	0.00028282	9.0817e-06
722	0.96581	0.033892	0.00028621	1.0056e-05
723	0.96359	0.036109	0.00028976	1.0872e-05
724	0.96208	0.037615	0.00029349	1.1492e-05
725	0.96115	0.038538	0.00029739	1.1943e-05
726	0.96081	0.038881	0.00030146	1.2219e-05
727	0.96104	0.038644	0.00030572	1.2313e-05
728	0.96192	0.037755	0.00031017	1.2194e-05
729	0.96339	0.036283	0.00031482	1.1877e-05
730	0.96544	0.034227	0.00031968	1.1352e-05
731	0.96816	0.031508	0.00032476	1.0587e-05
732	0.97148	0.028184	0.00033007	9.5919e-06
733	0.97541	0.024248	0.00033562	8.3564e-06
734	0.97406	0.025588	0.00033937	8.926e-06
735	0.97329	0.026357	0.0003433	9.3047e-06
736	0.97318	0.026461	0.00034746	9.4535e-06
737	0.97374	0.025903	0.00035183	9.3639e-06
738	0.97496	0.024679	0.00035645	9.0268e-06
739	0.97092	0.028714	0.00035913	1.0624e-05
740	0.96756	0.032071	0.00036201	1.2002e-05
741	0.96492	0.034703	0.00036514	1.3135e-05
742	0.963	0.036619	0.00036849	1.4018e-05
743	0.96167	0.037942	0.00037207	1.4685e-05
744	0.96094	0.038672	0.00037586	1.5132e-05
745	0.96091	0.0387	0.00037991	1.5306e-05
746	0.96158	0.038024	0.00038423	1.5201e-05
747	0.96284	0.036756	0.0003888	1.485e-05
748	0.96481	0.034779	0.00039365	1.42e-05
749	0.96738	0.032203	0.00039877	1.3284e-05
750	0.97068	0.028904	0.00040419	1.2047e-05
751	0.97458	0.025004	0.0004099	1.0527e-05
752	0.97916	0.020416	0.00041592	8.6844e-06
753	0.98436	0.01521	0.00042224	6.5362e-06
754	0.9902	0.0093638	0.00042889	4.0658e-06
755	0.99148	0.0080871	0.00043358	3.5461e-06
756	0.99327	0.0062856	0.00043851	2.7833e-06
757	0.99266	0.0068977	0.00044237	3.0834e-06
758	0.99255	0.0070022	0.00044645	3.1597e-06
759	0.993	0.0065461	0.00045077	2.9828e-06
760	0.99093	0.0086153	0.00045394	3.9612e-06
761	0.98938	0.010154	0.00045733	4.7106e-06
762	0.98838	0.011158	0.00046096	5.2229e-06
763	0.9826	0.016934	0.00046233	7.9919e-06
764	0.97753	0.022	0.00046398	1.0473e-05
765	0.97307	0.026449	0.00046589	1.2698e-05
766	0.96923	0.030288	0.00046805	1.4665e-05
767	0.96606	0.03345	0.00047049	1.6334e-05
768	0.9635	0.036007	0.00047321	1.773e-05
769	0.96166	0.037847	0.00047625	1.8793e-05
770	0.95024	0.049262	0.00047447	2.4665e-05
771	0.93976	0.059733	0.00047306	3.0157e-05
772	0.9302	0.06929	0.00047201	3.5272e-05
773	0.92139	0.078102	0.00047127	4.008e-05
774	0.91332	0.086167	0.00047085	4.4571e-05
775	0.9062	0.093279	0.00047084	4.8634e-05
776	0.89978	0.099697	0.00047114	5.2388e-05
777	0.89404	0.10543	0.00047175	5.5831e-05
778	0.88899	0.11048	0.00047268	5.8949e-05
779	0.88483	0.11464	0.00047403	6.1636e-05
780	0.88131	0.11815	0.0004757	6.4002e-05
781	0.87857	0.12089	0.00047775	6.5978e-05
782	0.86041	0.13904	0.00047129	7.6449e-05
783	0.84362	0.15582	0.00046544	8.6308e-05
784	0.82775	0.1717	0.00045996	9.5791e-05
785	0.81315	0.18629	0.00045505	0.00010469
786	0.79942	0.20001	0.00045053	0.0001132
787	0.78654	0.21289	0.00044638	0.00012134
788	0.77466	0.22477	0.00044268	0.00012901
789	0.76354	0.23588	0.00043934	0.00013633
790	0.75337	0.24605	0.00043644	0.0001432
791	0.74391	0.2555	0.00043389	0.00014971
792	0.73516	0.26425	0.00043168	0.00015589
793	0.7271	0.27231	0.0004298	0.00016172
794	0.71971	0.2797	0.00042827	0.00016721
795	0.713	0.2864	0.00042709	0.00017235
796	0.70725	0.29214	0.00042643	0.00017695
797	0.70214	0.29726	0.00042611	0.00018122
798	0.69767	0.30172	0.00042614	0.00018513
799	0.69381	0.30558	0.00042653	0.00018868
800	0.69073	0.30865	0.00042735	0.00019179
801	0.68855	0.31083	0.0004287	0.00019436
802	0.68696	0.31241	0.0004304	0.00019658
803	0.68613	0.31323	0.00043256	0.00019833
804	0.6859	0.31347	0.00043509	0.0001997
805	0.68624	0.31312	0.000438	0.0002007
806	0.68735	0.31201	0.00044138	0.0002012
807	0.68935	0.31001	0.00044534	0.00020113
808	0.69224	0.30711	0.00044988	0.00020046
809	0.69603	0.30331	0.00045503	0.00019917
810	0.70044	0.2989	0.00046061	0.00019745
811	0.70565	0.29369	0.00046674	0.00019517
812	0.71167	0.28767	0.00047344	0.0001923
813	0.71836	0.28097	0.00048064	0.00018894
814	0.72573	0.2736	0.00048836	0.00018506
815	0.73377	0.26555	0.00049659	0.00018066
816	0.7425	0.25682	0.00050536	0.00017573
817	0.73603	0.26328	0.00050376	0.00018115
818	0.7304	0.26891	0.00050268	0.00018606
819	0.72542	0.27388	0.00050202	0.00019054
820	0.72138	0.27792	0.00050196	0.00019441
821	0.71796	0.28134	0.0005023	0.00019787
822	0.71517	0.28412	0.00050307	0.00020091
823	0.71302	0.28627	0.00050427	0.00020351
824	0.71164	0.28765	0.00050599	0.00020558
825	0.71088	0.2884	0.00050816	0.00020721
826	0.71089	0.28839	0.00051085	0.0002083
827	0.71167	0.28761	0.00051409	0.00020883
828	0.71307	0.28621	0.00051779	0.0002089
829	0.71507	0.2842	0.00052195	0.00020851
830	0.7177	0.28156	0.0005266	0.00020764
831	0.72098	0.27829	0.00053173	0.00020627
832	0.72489	0.27437	0.00053738	0.00020439
833	0.72973	0.26952	0.00054373	0.0002018
834	0.73524	0.26402	0.00055062	0.00019866
835	0.74157	0.25768	0.00055816	0.00019486
836	0.74856	0.25068	0.00056626	0.00019051
837	0.75641	0.24283	0.00057505	0.00018545
838	0.76514	0.23409	0.00058456	0.00017966
839	0.77493	0.2243	0.00059493	0.00017301
840	0.78545	0.21378	0.00060594	0.0001657
841	0.79672	0.2025	0.00061762	0.00015773
842	0.8088	0.19042	0.00063003	0.00014903
843	0.82171	0.17751	0.00064317	0.00013959
844	0.83582	0.16339	0.00065735	0.00012911
845	0.8512	0.14801	0.00067261	0.00011753
846	0.86746	0.13174	0.00068871	0.00010512
847	0.88469	0.11451	0.0007057	9.1819e-05
848	0.90313	0.096066	0.00072377	7.7419e-05
849	0.92261	0.076587	0.00074282	6.204e-05
850	0.92664	0.072547	0.00074949	5.9041e-05
851	0.93134	0.067845	0.00075674	5.5469e-05
852	0.93671	0.062471	0.00076457	5.1311e-05
853	0.94295	0.056231	0.00077313	4.6404e-05
854	0.94987	0.04931	0.00078231	4.0887e-05
855	0.95748	0.041696	0.00079212	3.4739e-05
856	0.9574	0.041774	0.00079557	3.4949e-05
857	0.95802	0.041141	0.00079961	3.4566e-05
858	0.95925	0.039913	0.00080416	3.3677e-05
859	0.96119	0.037967	0.0008093	3.2176e-05
860	0.96374	0.035419	0.00081497	3.0148e-05
861	0.96689	0.032263	0.00082118	2.7582e-05
862	0.97078	0.028368	0.00082803	2.4363e-05
863	0.97528	0.02386	0.00083543	2.0589e-05
864	0.98041	0.018732	0.00084341	1.6245e-05
865	0.9802	0.018933	0.0008468	1.6485e-05
866	0.98054	0.018589	0.00085066	1.6253e-05
867	0.97608	0.023047	0.00085033	2.0216e-05
868	0.97222	0.026901	0.00085049	2.368e-05
869	0.96904	0.030084	0.00085121	2.6583e-05
870	0.96657	0.032552	0.00085252	2.8881e-05
871	0.9648	0.034315	0.00085442	3.0574e-05
872	0.96361	0.035498	0.00085683	3.176e-05
873	0.96301	0.036094	0.00085976	3.2429e-05
874	0.963	0.036104	0.00086321	3.2573e-05
875	0.95568	0.043421	0.00086005	3.9322e-05
876	0.94904	0.050052	0.00085746	4.55e-05
877	0.94308	0.056012	0.00085543	5.1111e-05
878	0.93778	0.06131	0.00085397	5.6159e-05
879	0.93324	0.065851	0.00085315	6.0554e-05
880	0.92944	0.069647	0.00085296	6.4299e-05
881	0.92627	0.07281	0.00085334	6.7483e-05
882	0.92373	0.075346	0.00085428	7.0107e-05
883	0.92183	0.077246	0.0008558	7.2153e-05
884	0.90781	0.091262	0.00084595	8.5553e-05
885	0.89467	0.1044	0.00083684	9.8219e-05
886	0.88236	0.1167	0.00082842	0.00011019
887	0.87086	0.1282	0.00082068	0.00012148
888	0.86014	0.13891	0.00081361	0.00013211
889	0.85021	0.14884	0.00080722	0.00014205
890	0.84104	0.15801	0.00080148	0.00015134
891	0.83259	0.16646	0.00079638	0.00015999
892	0.82502	0.17402	0.00079205	0.00016786
893	0.81815	0.18089	0.00078835	0.0001751
894	0.81224	0.18679	0.00078551	0.00018146
895	0.80728	0.19175	0.00078354	0.00018695
896	0.803	0.19603	0.0007822	0.00019181
897	0.79951	0.19951	0.0007816	0.00019592
898	0.79682	0.2022	0.00078174	0.00019928
899	0.79476	0.20425	0.00078249	0.00020202
900	0.79336	0.20565	0.00078388	0.00020413
901	0.79261	0.2064	0.00078591	0.00020559
902	0.79263	0.20638	0.0007887	0.0002063
903	0.79353	0.20547	0.00079235	0.00020612
904	0.79509	0.20391	0.00079667	0.00020527
905	0.79728	0.20172	0.00080164	0.00020378
906	0.80025	0.19874	0.00080741	0.00020147
907	0.78881	0.21018	0.00079855	0.00021379
908	0.77833	0.22066	0.00079057	0.00022521
909	0.76858	0.2304	0.00078328	0.00023595
910	0.75958	0.2394	0.00077669	0.00024598
911	0.75128	0.24769	0.00077077	0.00025535
912	0.7437	0.25527	0.00076553	0.00026403
913	0.73681	0.26216	0.00076097	0.00027203
914	0.7306	0.26836	0.00075708	0.00027937
915	0.72522	0.27374	0.00075399	0.00028589
916	0.72064	0.27831	0.00075169	0.00029161
917	0.71672	0.28224	0.00075005	0.00029667
918	0.7137	0.28525	0.00074932	0.00030081
919	0.7113	0.28765	0.00074923	0.00030432
920	0.7095	0.28944	0.00074976	0.0003072
921	0.70859	0.29035	0.00075121	0.00030915
922	0.70831	0.29063	0.00075333	0.00031043
923	0.70878	0.29015	0.00075625	0.0003109
924	0.71015	0.28878	0.00076011	0.00031042
925	0.71241	0.28651	0.00076492	0.00030898
926	0.71528	0.28364	0.00077041	0.00030686
927	0.71906	0.27986	0.00077689	0.00030373
928	0.72377	0.27515	0.00078439	0.00029959
929	0.7291	0.26981	0.00079261	0.00029472
930	0.73508	0.26383	0.00080157	0.0002891
931	0.7419	0.25701	0.00081148	0.00028253
932	0.74938	0.24952	0.00082217	0.00027517
933	0.75758	0.24132	0.00083371	0.00026697
934	0.75037	0.24853	0.00082826	0.00027576
935	0.74383	0.25506	0.00082351	0.00028385
936	0.73825	0.26064	0.00081977	0.00029091
937	0.73362	0.26527	0.00081703	0.00029697
938	0.72961	0.26927	0.00081497	0.00030234
939	0.72652	0.27236	0.0008139	0.00030672
940	0.72433	0.27454	0.0008138	0.00031011
941	0.72275	0.27612	0.00081439	0.00031282
942	0.7218	0.27707	0.00081568	0.00031482
943	0.72148	0.27738	0.00081769	0.0003161
944	0.72205	0.27681	0.0008207	0.00031638
945	0.72351	0.27535	0.00082471	0.00031565
946	0.7256	0.27325	0.00082946	0.00031417
947	0.72831	0.27055	0.00083493	0.00031197
948	0.73163	0.26722	0.00084114	0.00030903
949	0.73587	0.26298	0.00084842	0.00030502
950	0.74074	0.2581	0.00085646	0.00030023
951	0.74628	0.25256	0.00086533	0.00029463
952	0.7525	0.24633	0.00087502	0.0002882
953	0.75939	0.23945	0.00088554	0.00028094
954	0.76695	0.23188	0.00089691	0.00027284
955	0.7752	0.22363	0.00090915	0.00026386
956	0.78416	0.21466	0.00092228	0.00025399
957	0.79404	0.20478	0.00093654	0.00024298
958	0.80485	0.19396	0.00095196	0.0002308
959	0.81644	0.18237	0.00096838	0.00021763
960	0.82884	0.16997	0.00098586	0.00020339
961	0.84209	0.15671	0.0010044	0.00018805
962	0.8564	0.14241	0.0010244	0.00017137
963	0.8718	0.127	0.0010457	0.00015329
964	0.88852	0.11028	0.0010686	0.00013353
965	0.89065	0.10814	0.0010741	0.00013129
