#coord	neutral	conserved	gBGC.neutral	gBGC.conserved
1	0.85106	0.14693	0.0016537	0.0003508
2	0.85928	0.13872	0.0016694	0.00033529
3	0.87175	0.12625	0.0016951	0.00031009
4	0.89087	0.10713	0.0017333	0.00027219
5	0.91891	0.079082	0.001788	0.00021768
6	0.95992	0.038075	0.001866	0.00013977
7	0.9759	0.022095	0.0018968	0.00010927
8	0.97587	0.022128	0.0018922	0.00010945
9	0.97746	0.020542	0.001893	0.00010473
10	0.98067	0.017336	0.001899	9.513e-05
11	0.98043	0.017592	0.0018898	9.0558e-05
12	0.98167	0.01636	0.0018865	8.1111e-05
13	0.98482	0.013221	0.0018887	6.5767e-05
14	0.98489	0.01317	0.0018801	6.2086e-05
15	0.98631	0.011755	0.0018767	5.4207e-05
16	0.98519	0.012888	0.0018659	5.4531e-05
17	0.98533	0.012755	0.0018593	5.1449e-05
18	0.98683	0.011268	0.0018573	4.4499e-05
19	0.9897	0.0084089	0.0018601	3.3456e-05
20	0.99469	0.0034207	0.0018684	1.6548e-05
21	0.99432	0.0038038	0.0018601	1.7158e-05
22	0.99259	0.0055415	0.0018471	2.2227e-05
23	0.99191	0.0062244	0.0018374	2.4528e-05
24	0.98899	0.0091741	0.0018092	2.8798e-05
25	0.98747	0.010717	0.001786	2.9972e-05
26	0.98716	0.011041	0.0017669	2.8479e-05
27	0.98841	0.0098117	0.00175	2.3892e-05
28	0.99138	0.0068685	0.0017358	1.586e-05
29	0.99599	0.0022795	0.0017271	4.0269e-06
30	0.99806	0.00020986	0.0017284	5.72e-07
31	0.99781	0.00046512	0.0017217	1.0043e-06
32	0.99733	0.00095152	0.0017151	1.9045e-06
33	0.99754	0.00075112	0.0017103	1.5335e-06
34	0.99579	0.0024997	0.0017025	4.7795e-06
35	0.99513	0.003163	0.0016962	6.1509e-06
36	0.99537	0.0029367	0.0016921	5.8474e-06
37	0.99464	0.0036713	0.0016859	7.4793e-06
38	0.99479	0.0035214	0.0016817	7.4261e-06
39	0.99362	0.0046902	0.0016755	9.8839e-06
40	0.99347	0.0048482	0.0016716	1.0368e-05
41	0.9915	0.0068218	0.0016646	1.4338e-05
42	0.99072	0.007605	0.0016603	1.5953e-05
43	0.99107	0.0072563	0.0016585	1.5375e-05
44	0.9897	0.0086299	0.0016531	1.8304e-05
45	0.98953	0.0088012	0.0016504	1.8864e-05
46	0.99041	0.0079242	0.00165	1.738e-05
47	0.99257	0.0057688	0.0016516	1.3751e-05
48	0.99283	0.0055045	0.0016493	1.3942e-05
49	0.99404	0.0042951	0.0016491	1.2266e-05
50	0.99368	0.0046667	0.0016404	1.2011e-05
51	0.99435	0.0040096	0.0016332	9.9008e-06
52	0.9937	0.0046615	0.001624	1.0516e-05
53	0.99404	0.0043309	0.0016173	9.2501e-06
54	0.99559	0.0027925	0.0016125	5.8807e-06
55	0.99378	0.0046053	0.0016025	8.5798e-06
56	0.99325	0.0051508	0.0015941	9.2732e-06
57	0.99367	0.0047369	0.0015881	8.2757e-06
58	0.99275	0.0056613	0.0015794	9.6193e-06
59	0.98131	0.017112	0.0015531	2.8188e-05
60	0.97391	0.024517	0.0015329	4.042e-05
61	0.95506	0.043379	0.0014954	7.0493e-05
62	0.9413	0.057142	0.0014678	9.1425e-05
63	0.93243	0.066019	0.0014471	0.00010505
64	0.92754	0.070913	0.0014322	0.00011266
65	0.926	0.072465	0.0014219	0.00011527
66	0.92674	0.071731	0.0014161	0.00011397
67	0.93058	0.067892	0.0014145	0.00010822
68	0.93706	0.061427	0.0014178	9.8173e-05
69	0.94791	0.050577	0.0014267	8.2094e-05
70	0.95125	0.047244	0.0014232	7.7812e-05
71	0.95786	0.040648	0.0014236	6.9144e-05
72	0.96859	0.029921	0.001429	5.5236e-05
73	0.96551	0.033017	0.0014142	6.2241e-05
74	0.96475	0.033778	0.0014029	6.5362e-05
75	0.96574	0.0328	0.0013953	6.5368e-05
76	0.94919	0.049361	0.0013545	9.9241e-05
77	0.93819	0.060368	0.0013239	0.00012262
78	0.93047	0.068087	0.0013009	0.00013888
79	0.91042	0.088149	0.0012504	0.00018197
80	0.86019	0.13839	0.0011398	0.00028577
81	0.82246	0.17612	0.0010582	0.00036099
82	0.72696	0.27164	0.00092624	0.00047035
83	0.65961	0.33902	0.00082913	0.00054418
84	0.60879	0.38986	0.00075772	0.00059379
85	0.57348	0.42519	0.00070462	0.00062453
86	0.54946	0.44923	0.00066488	0.00064137
87	0.53425	0.46447	0.00063542	0.00064734
88	0.52432	0.47442	0.00061447	0.0006462
89	0.52003	0.47873	0.00059972	0.00063835
90	0.52111	0.47767	0.00059067	0.00062422
91	0.47062	0.52819	0.00051826	0.00067176
92	0.43174	0.56709	0.00046385	0.00070263
93	0.40552	0.59333	0.00042393	0.00071846
94	0.3865	0.61238	0.00039472	0.00072494
95	0.37324	0.62566	0.00037369	0.00072451
96	0.36616	0.63276	0.00035878	0.00071749
97	0.36309	0.63586	0.00034926	0.00070629
98	0.36503	0.63394	0.00034422	0.00069018
99	0.37223	0.62676	0.00034357	0.00066921
100	0.38356	0.61545	0.0003476	0.00064466
101	0.40182	0.59721	0.00035693	0.00061437
102	0.42918	0.56987	0.00037283	0.00057709
103	0.46511	0.53396	0.00039668	0.00053296
104	0.51759	0.4815	0.00043192	0.00047695
105	0.58542	0.41369	0.00048025	0.00040899
106	0.6116	0.38753	0.00049245	0.00037836
107	0.5999	0.39925	0.00047216	0.00038129
108	0.59296	0.4062	0.00045744	0.00037973
109	0.56848	0.4307	0.00042658	0.00039306
110	0.50037	0.49882	0.00036382	0.00043957
111	0.4489	0.55031	0.00031793	0.00047018
112	0.41302	0.58621	0.00028408	0.00048841
113	0.38568	0.61356	0.00025866	0.000499
114	0.36574	0.63352	0.00024017	0.0005035
115	0.31204	0.68723	0.00020072	0.00052973
116	0.27435	0.72494	0.00017208	0.0005449
117	0.24818	0.75111	0.00015124	0.00055204
118	0.22832	0.77099	0.00013578	0.00055444
119	0.21525	0.78408	0.00012463	0.00055231
120	0.2074	0.79194	0.00011672	0.00054672
121	0.18121	0.81814	9.8256e-05	0.00055237
122	0.16166	0.8377	8.4928e-05	0.00055353
123	0.14727	0.85211	7.5395e-05	0.00055149
124	0.13796	0.86143	6.8666e-05	0.00054648
125	0.13181	0.86759	6.4144e-05	0.00053984
126	0.12836	0.87105	6.1415e-05	0.00053194
127	0.12734	0.87208	6.024e-05	0.00052301
128	0.12939	0.87004	6.0481e-05	0.00051251
129	0.13494	0.8645	6.2273e-05	0.00050031
130	0.14472	0.85472	6.5837e-05	0.00048616
131	0.15806	0.8414	7.1254e-05	0.00047064
132	0.17626	0.8232	7.9238e-05	0.00045304
133	0.20071	0.79876	9.0523e-05	0.00043263
134	0.23641	0.76308	0.00010644	0.00040742
135	0.28246	0.71704	0.00012752	0.0003775
136	0.34318	0.65632	0.00015612	0.00034051
137	0.42905	0.57046	0.00019499	0.0002931
138	0.5394	0.46012	0.00024583	0.00023416
139	0.58228	0.41725	0.00026099	0.00021037
140	0.63794	0.3616	0.00028231	0.0001809
141	0.7099	0.28964	0.00031151	0.00014403
142	0.80269	0.19686	0.00035088	9.7464e-05
143	0.92217	0.077391	0.00040343	3.817e-05
144	0.97072	0.02885	0.00042166	1.3699e-05
145	0.99153	0.0080405	0.00042525	3.6362e-06
146	0.99057	0.0090111	0.0004182	3.9448e-06
147	0.9908	0.0087847	0.00041222	3.7043e-06
148	0.99246	0.0071288	0.00040657	2.9014e-06
149	0.99218	0.007413	0.00040062	2.8835e-06
150	0.98994	0.0096668	0.00039367	3.6318e-06
151	0.98414	0.01547	0.00038514	5.6925e-06
152	0.98039	0.019221	0.000378	6.8668e-06
153	0.97882	0.020806	0.0003714	7.261e-06
154	0.97873	0.020901	0.00036582	7.0598e-06
155	0.98054	0.019095	0.00036066	6.2148e-06
156	0.98397	0.01567	0.00035653	4.7671e-06
157	0.98923	0.010411	0.00035346	2.6388e-06
158	0.99106	0.0085871	0.00035375	2.2689e-06
159	0.99423	0.005415	0.0003546	1.4601e-06
160	0.99228	0.0073629	0.00035377	2.2284e-06
161	0.99154	0.0081018	0.00035352	2.5425e-06
162	0.98795	0.011698	0.00035245	3.803e-06
163	0.98593	0.013716	0.00035209	4.4736e-06
164	0.98564	0.014003	0.00035223	4.5798e-06
165	0.98705	0.012594	0.00035285	4.1321e-06
166	0.98609	0.013553	0.00035257	4.5184e-06
167	0.98641	0.013231	0.00035289	4.4226e-06
168	0.98838	0.011259	0.00035368	3.7831e-06
169	0.99181	0.0078357	0.00035514	2.5972e-06
170	0.99278	0.0068625	0.00035566	2.2774e-06
171	0.99207	0.0075762	0.00035552	2.5548e-06
172	0.98879	0.010852	0.00035427	3.8005e-06
173	0.98733	0.01231	0.00035357	4.4176e-06
174	0.9875	0.012144	0.00035337	4.4754e-06
175	0.98892	0.01072	0.00035376	4.0505e-06
176	0.98801	0.011631	0.0003532	4.5153e-06
177	0.98832	0.011322	0.00035324	4.4945e-06
178	0.98595	0.013689	0.0003524	5.4776e-06
179	0.98496	0.014679	0.00035223	5.9016e-06
180	0.98537	0.014273	0.00035275	5.7629e-06
181	0.98309	0.016548	0.00035213	6.7001e-06
182	0.98268	0.016957	0.0003521	6.9684e-06
183	0.97859	0.021053	0.00035077	8.6601e-06
184	0.97669	0.022953	0.00035018	9.5472e-06
185	0.97634	0.023299	0.00035035	9.7891e-06
186	0.97753	0.022111	0.00035128	9.4018e-06
187	0.97535	0.024286	0.00035075	1.0399e-05
188	0.97488	0.024754	0.00035107	1.0677e-05
189	0.97642	0.023219	0.00035206	1.0227e-05
190	0.97975	0.019887	0.00035393	9.0301e-06
191	0.97958	0.020052	0.00035461	9.1752e-06
192	0.98098	0.018657	0.00035611	8.6532e-06
193	0.98404	0.015596	0.00035849	7.4076e-06
194	0.98412	0.01551	0.00035949	7.4527e-06
195	0.98593	0.013706	0.00036108	6.8454e-06
196	0.98521	0.014421	0.00036145	7.3723e-06
197	0.98588	0.013752	0.0003626	7.2789e-06
198	0.98798	0.011647	0.00036453	6.5491e-06
199	0.98748	0.012146	0.00036548	6.9674e-06
200	0.98852	0.011102	0.00036699	6.7536e-06
201	0.99087	0.0087514	0.00036924	5.9457e-06
202	0.99085	0.0087751	0.00037051	6.2729e-06
203	0.98841	0.01121	0.00037053	8.0175e-06
204	0.98737	0.012249	0.00037151	8.9881e-06
205	0.98276	0.016859	0.00037047	1.2176e-05
206	0.98001	0.019609	0.00037074	1.426e-05
207	0.97928	0.020337	0.00037191	1.5335e-05
208	0.96072	0.038893	0.00036016	2.9176e-05
209	0.91311	0.0865	0.00033836	5.0695e-05
210	0.87735	0.12226	0.00032254	6.6361e-05
211	0.79316	0.20645	0.00028435	0.00010433
212	0.72946	0.27015	0.00025639	0.0001322
213	0.68146	0.31815	0.00023601	0.0001526
214	0.56168	0.43794	0.00018681	0.00020194
215	0.4784	0.52121	0.00015158	0.00023726
216	0.41527	0.58434	0.00012569	0.00026334
217	0.36755	0.63206	0.00010672	0.0002826
218	0.33489	0.66472	9.3237e-05	0.00029633
219	0.31001	0.6896	8.3201e-05	0.0003067
220	0.29133	0.70828	7.5822e-05	0.0003145
221	0.27769	0.72192	7.052e-05	0.00032031
222	0.26996	0.72965	6.7152e-05	0.00032414
223	0.26594	0.73367	6.5247e-05	0.00032661
224	0.26647	0.73314	6.4707e-05	0.00032767
225	0.27041	0.7292	6.5387e-05	0.00032761
226	0.26151	0.7381	6.3607e-05	0.00032678
227	0.25739	0.74222	6.3079e-05	0.00032465
228	0.25777	0.74185	6.383e-05	0.00032118
229	0.20572	0.79389	4.9491e-05	0.00033261
230	0.16525	0.83437	3.874e-05	0.0003406
231	0.13455	0.86508	3.0905e-05	0.00034583
232	0.11302	0.8866	2.5274e-05	0.00034881
233	0.096421	0.90321	2.109e-05	0.00035048
234	0.084045	0.91559	1.8109e-05	0.00035108
235	0.074683	0.92495	1.5961e-05	0.00035097
236	0.068844	0.93079	1.4597e-05	0.00035003
237	0.064854	0.93478	1.3754e-05	0.00034869
238	0.063291	0.93635	1.3465e-05	0.00034675
239	0.063154	0.93649	1.3598e-05	0.00034451
240	0.065125	0.93452	1.4235e-05	0.00034172
241	0.069586	0.93006	1.5476e-05	0.00033829
242	0.075978	0.92367	1.7308e-05	0.00033438
243	0.084978	0.91467	1.9968e-05	0.00032976
244	0.097263	0.90239	2.3701e-05	0.00032419
245	0.11512	0.88453	2.8909e-05	0.00031711
246	0.13823	0.86143	3.582e-05	0.00030843
247	0.1458	0.85386	3.7714e-05	0.00030465
248	0.15651	0.84315	4.0622e-05	0.00029997
249	0.17144	0.82822	4.492e-05	0.00029401
250	0.19343	0.80624	5.107e-05	0.00028616
251	0.22205	0.77762	5.9353e-05	0.00027628
252	0.26001	0.73965	7.0735e-05	0.00026342
253	0.31492	0.68475	8.6686e-05	0.00024594
254	0.38556	0.61411	0.00010778	0.00022343
255	0.47639	0.52328	0.00013564	0.00019425
256	0.59588	0.40379	0.00017343	0.00015527
257	0.74941	0.25026	0.00022329	0.00010432
258	0.94667	0.053008	0.00028909	3.7563e-05
259	0.95279	0.046886	0.00028875	3.3609e-05
260	0.96199	0.037689	0.00029031	2.8083e-05
261	0.97623	0.023457	0.00029395	2.0321e-05
262	0.98137	0.018326	0.00028598	1.4957e-05
263	0.98219	0.017517	0.00027555	1.2946e-05
264	0.98498	0.014748	0.00026544	1.0124e-05
265	0.98944	0.010295	0.00025692	6.5894e-06
266	0.99009	0.0096544	0.00024544	5.5421e-06
267	0.99204	0.007724	0.00023533	4.0471e-06
268	0.99183	0.0079459	0.00022497	3.5895e-06
269	0.98859	0.011192	0.0002133	4.0159e-06
270	0.98686	0.012929	0.00020288	4.0258e-06
271	0.98644	0.013365	0.00019348	3.7142e-06
272	0.98283	0.016986	0.00018244	4.0936e-06
273	0.9813	0.018527	0.00017141	4.0436e-06
274	0.98129	0.018542	0.00016151	3.6874e-06
275	0.98311	0.016731	0.00015152	3.0471e-06
276	0.98698	0.01288	0.00014141	2.1488e-06
277	0.98735	0.012516	0.0001314	1.877e-06
278	0.98518	0.014699	0.00012018	1.9606e-06
279	0.98448	0.015412	0.00010999	1.8275e-06
280	0.98064	0.019255	9.9084e-05	2.0064e-06
281	0.97849	0.021422	8.9131e-05	1.953e-06
282	0.9708	0.02912	7.9477e-05	2.2678e-06
283	0.96555	0.034381	7.0746e-05	2.2808e-06
284	0.96308	0.036854	6.1924e-05	2.0503e-06
285	0.96259	0.037352	5.39e-05	1.6837e-06
286	0.93997	0.059977	5.1205e-05	3.0517e-06
287	0.9246	0.075347	4.8924e-05	3.9514e-06
288	0.91466	0.08529	4.693e-05	4.5063e-06
289	0.88875	0.1112	4.3913e-05	6.0272e-06
290	0.86975	0.1302	4.1529e-05	7.0276e-06
291	0.85584	0.14411	3.9595e-05	7.6714e-06
292	0.81779	0.18216	3.661e-05	9.4995e-06
293	0.79158	0.20837	3.4235e-05	1.0672e-05
294	0.77203	0.22792	3.2358e-05	1.1427e-05
295	0.75791	0.24205	3.0871e-05	1.1866e-05
296	0.74832	0.25164	2.9695e-05	1.2063e-05
297	0.74298	0.25698	2.88e-05	1.2052e-05
298	0.74263	0.25733	2.8072e-05	1.1836e-05
299	0.74604	0.25393	2.757e-05	1.1464e-05
300	0.75312	0.24684	2.727e-05	1.0948e-05
301	0.74858	0.25138	2.6568e-05	1.0898e-05
302	0.74874	0.25123	2.6009e-05	1.0672e-05
303	0.75234	0.24763	2.5636e-05	1.0315e-05
304	0.74525	0.25472	2.4818e-05	1.037e-05
305	0.74183	0.25813	2.4197e-05	1.028e-05
306	0.74332	0.25665	2.3711e-05	1.0023e-05
307	0.73189	0.26807	2.2839e-05	1.021e-05
308	0.72501	0.27496	2.219e-05	1.0227e-05
309	0.7231	0.27687	2.1675e-05	1.0082e-05
310	0.72499	0.27498	2.1338e-05	9.8102e-06
311	0.7305	0.26947	2.116e-05	9.4222e-06
312	0.7418	0.25817	2.1123e-05	8.8666e-06
313	0.74004	0.25993	2.0709e-05	8.7306e-06
314	0.74294	0.25703	2.0403e-05	8.4605e-06
315	0.74949	0.25048	2.0248e-05	8.0823e-06
316	0.76008	0.23989	2.0251e-05	7.5844e-06
317	0.77731	0.22266	2.0405e-05	6.9118e-06
318	0.80128	0.19869	2.08e-05	6.0423e-06
319	0.80952	0.19046	2.0665e-05	5.6764e-06
320	0.82189	0.17809	2.0683e-05	5.1958e-06
321	0.84153	0.15844	2.0853e-05	4.5373e-06
322	0.83304	0.16694	2.0294e-05	4.6456e-06
323	0.80863	0.19134	1.9324e-05	5.1418e-06
324	0.791	0.20898	1.8588e-05	5.4445e-06
325	0.77999	0.21999	1.7989e-05	5.5873e-06
326	0.7743	0.22568	1.7494e-05	5.6032e-06
327	0.77345	0.22652	1.7086e-05	5.5074e-06
328	0.77594	0.22404	1.6792e-05	5.3331e-06
329	0.78192	0.21806	1.6613e-05	5.0802e-06
330	0.79212	0.20786	1.6565e-05	4.7327e-06
331	0.80871	0.19127	1.6621e-05	4.2598e-06
332	0.83366	0.16632	1.681e-05	3.6323e-06
333	0.87058	0.1294	1.7181e-05	2.7971e-06
334	0.88385	0.11613	1.7093e-05	2.462e-06
335	0.90397	0.096009	1.7097e-05	2.0109e-06
336	0.93387	0.066108	1.723e-05	1.4058e-06
337	0.97748	0.022507	1.7535e-05	6.0033e-07
338	0.98214	0.017843	1.599e-05	4.0795e-07
339	0.98984	0.010148	1.4404e-05	1.8394e-07
340	0.98891	0.011081	1.2755e-05	1.5537e-07
341	0.98517	0.014818	1.2502e-05	2.0899e-07
342	0.98311	0.016881	1.2299e-05	2.3691e-07
343	0.97674	0.023243	1.2018e-05	3.2585e-07
344	0.95965	0.04034	1.1616e-05	5.5696e-07
345	0.94819	0.051802	1.1274e-05	7.1112e-07
346	0.92057	0.079423	1.0688e-05	1.0919e-06
347	0.90015	0.099835	1.0243e-05	1.3555e-06
348	0.88542	0.11457	9.9072e-06	1.5323e-06
349	0.87525	0.12474	9.6576e-06	1.6438e-06
350	0.86988	0.13011	9.4499e-06	1.6975e-06
351	0.86774	0.13225	9.3045e-06	1.7093e-06
352	0.86865	0.13134	9.2165e-06	1.6833e-06
353	0.87268	0.12731	9.1851e-06	1.6199e-06
354	0.88124	0.11874	9.1864e-06	1.5087e-06
355	0.89403	0.10596	9.256e-06	1.3482e-06
356	0.91154	0.088454	9.3982e-06	1.1314e-06
357	0.93487	0.065118	9.6282e-06	8.4303e-07
358	0.9655	0.034485	9.9673e-06	4.6181e-07
359	0.96791	0.032084	9.988e-06	4.2585e-07
360	0.97241	0.027575	1.0054e-05	3.6288e-07
361	0.97282	0.027172	1.0052e-05	3.5273e-07
362	0.97487	0.025119	1.0087e-05	3.2243e-07
363	0.9787	0.021286	1.016e-05	2.6964e-07
364	0.98537	0.014616	1.025e-05	1.8471e-07
365	0.99485	0.0051366	1.0396e-05	6.2275e-08
366	0.99542	0.004569	1.0412e-05	5.3496e-08
367	0.99726	0.0027311	1.0427e-05	3.1276e-08
368	0.99773	0.00226	1.0445e-05	2.449e-08
369	0.99925	0.00073523	1.0458e-05	6.7437e-09
370	0.99906	0.0009335	1.0422e-05	7.6351e-09
371	0.99835	0.0016364	1.0398e-05	1.1882e-08
372	0.99667	0.0033193	1.1157e-05	3.3543e-08
373	0.99594	0.0040494	1.1981e-05	4.5996e-08
374	0.99629	0.0036975	1.2782e-05	4.6458e-08
375	0.99757	0.002421	1.3655e-05	3.3314e-08
376	0.99985	0.00013947	1.4608e-05	2.55e-09
377	0.99981	0.00017672	1.5597e-05	4.4711e-09
378	0.99983	0.00014974	1.5835e-05	2.8015e-09
379	0.99933	0.00065101	1.6039e-05	1.066e-08
380	0.99841	0.0015768	1.6217e-05	2.6114e-08
381	0.99827	0.0017162	1.6436e-05	2.8319e-08
382	0.99744	0.0025438	1.6624e-05	4.2571e-08
383	0.99757	0.0024113	1.6809e-05	4.1531e-08
384	0.99852	0.0014581	1.7034e-05	2.5684e-08
385	0.99882	0.0011635	1.7227e-05	2.1523e-08
386	0.99857	0.0014112	1.7441e-05	2.6716e-08
387	0.99906	0.00091865	1.7699e-05	1.8097e-08
388	0.99764	0.0023402	1.7953e-05	4.5154e-08
389	0.99709	0.0028946	1.8254e-05	5.6059e-08
390	0.99736	0.002617	1.8602e-05	5.0808e-08
391	0.99674	0.003246	1.8908e-05	6.3848e-08
392	0.997	0.0029798	1.9269e-05	5.8887e-08
393	0.99832	0.0016637	1.9626e-05	3.3743e-08
394	0.99873	0.0012547	1.9914e-05	2.7321e-08
395	0.99673	0.0032464	2.0196e-05	7.1431e-08
396	0.99573	0.0042446	2.0533e-05	9.4569e-08
397	0.99299	0.006987	2.0803e-05	1.5937e-07
398	0.99156	0.0084217	2.114e-05	1.9511e-07
399	0.98677	0.013205	2.1438e-05	3.0602e-07
400	0.98381	0.01617	2.1819e-05	3.7683e-07
401	0.98244	0.017538	2.2281e-05	4.114e-07
402	0.9829	0.017075	2.2753e-05	4.0659e-07
403	0.98526	0.014719	2.3241e-05	3.585e-07
404	0.98922	0.010756	2.3814e-05	2.6605e-07
405	0.99566	0.0043151	2.4422e-05	1.116e-07
406	0.99571	0.0042691	2.4844e-05	1.1473e-07
407	0.99673	0.0032448	2.5338e-05	9.1082e-08
408	0.99875	0.0012225	2.5903e-05	3.8412e-08
409	0.99934	0.00063336	2.64e-05	2.5207e-08
410	0.99846	0.00151	2.6888e-05	6.3906e-08
411	0.99634	0.0036362	2.6759e-05	1.1505e-07
412	0.99544	0.0045311	2.6641e-05	1.3427e-07
413	0.99571	0.0042673	2.6531e-05	1.2309e-07
414	0.99716	0.00281	2.6429e-05	8.0801e-08
415	0.99497	0.0050045	2.6258e-05	1.3736e-07
416	0.99387	0.0061053	2.6147e-05	1.6287e-07
417	0.99401	0.0059662	2.6047e-05	1.5715e-07
418	0.9954	0.0045707	2.5956e-05	1.2007e-07
419	0.99542	0.0045526	2.5807e-05	1.2046e-07
420	0.99643	0.0035413	2.5719e-05	9.3476e-08
421	0.99297	0.007002	2.5483e-05	1.8623e-07
422	0.99087	0.0091087	2.5315e-05	2.4017e-07
423	0.98998	0.0099942	2.521e-05	2.6017e-07
424	0.98644	0.013538	2.5014e-05	3.5014e-07
425	0.98479	0.015189	2.4845e-05	3.9344e-07
426	0.98489	0.015082	2.4695e-05	3.9385e-07
427	0.9717	0.028274	2.4236e-05	7.3704e-07
428	0.96299	0.03698	2.3868e-05	9.6757e-07
429	0.95717	0.042801	2.3616e-05	1.1147e-06
430	0.9544	0.045576	2.3417e-05	1.1875e-06
431	0.95362	0.046354	2.33e-05	1.2054e-06
432	0.95493	0.045041	2.3271e-05	1.1668e-06
433	0.95828	0.041696	2.3323e-05	1.0734e-06
434	0.96464	0.035337	2.3427e-05	9.0872e-07
435	0.97477	0.025209	2.3598e-05	6.5717e-07
436	0.97815	0.021829	2.3636e-05	5.6967e-07
437	0.97794	0.022037	2.356e-05	5.756e-07
438	0.97974	0.020235	2.351e-05	5.3469e-07
439	0.97807	0.021906	2.332e-05	5.8689e-07
440	0.97832	0.021652	2.3155e-05	5.9259e-07
441	0.98053	0.019444	2.3015e-05	5.5342e-07
442	0.97968	0.020299	2.277e-05	5.9661e-07
443	0.98038	0.019599	2.2601e-05	5.9659e-07
444	0.98258	0.017395	2.2499e-05	5.5721e-07
445	0.98189	0.01809	2.2293e-05	5.9999e-07
446	0.98269	0.01729	2.2162e-05	6.0026e-07
447	0.98544	0.01454	2.2054e-05	5.5487e-07
448	0.979	0.02098	2.1027e-05	6.8068e-07
449	0.97524	0.024742	2.003e-05	7.3735e-07
450	0.97324	0.026741	1.9145e-05	7.4649e-07
451	0.97288	0.0271	1.836e-05	7.1628e-07
452	0.97414	0.025845	1.7666e-05	6.5114e-07
453	0.97721	0.022768	1.7069e-05	5.4922e-07
454	0.98219	0.017791	1.6556e-05	4.1146e-07
455	0.98938	0.0106	1.6131e-05	2.3308e-07
456	0.9922	0.0077844	1.5566e-05	1.6301e-07
457	0.99286	0.00712	1.492e-05	1.4084e-07
458	0.99465	0.0053348	1.434e-05	1.0084e-07
459	0.99775	0.0022341	1.3828e-05	4.1038e-08
460	0.9973	0.0026858	1.331e-05	4.356e-08
461	0.99781	0.0021768	1.2779e-05	3.3254e-08
462	0.99937	0.00061364	1.2232e-05	1.0523e-08
463	0.99778	0.0022139	1.0389e-05	1.9231e-08
464	0.99421	0.005777	1.0104e-05	5.7661e-08
465	0.99207	0.0079245	9.8621e-06	7.8865e-08
466	0.98666	0.013335	9.5682e-06	1.3334e-07
467	0.98319	0.016805	9.3213e-06	1.6474e-07
468	0.98176	0.018229	9.0766e-06	1.7618e-07
469	0.97653	0.023464	8.7766e-06	2.2484e-07
470	0.97324	0.026747	8.5197e-06	2.5148e-07
471	0.97217	0.027819	8.2665e-06	2.578e-07
472	0.96655	0.033444	7.9542e-06	3.0626e-07
473	0.95057	0.049423	7.574e-06	4.4351e-07
474	0.93908	0.060909	7.2654e-06	5.314e-07
475	0.93196	0.068032	6.9802e-06	5.8011e-07
476	0.92776	0.072237	6.7442e-06	6.0087e-07
477	0.92615	0.073838	6.5507e-06	5.991e-07
478	0.92758	0.07241	6.3642e-06	5.7556e-07
479	0.9314	0.06859	6.2119e-06	5.3489e-07
480	0.92849	0.071504	6.0278e-06	5.423e-07
481	0.92807	0.071919	5.8798e-06	5.3101e-07
482	0.93013	0.069866	5.7656e-06	5.0244e-07
483	0.9348	0.065191	5.6848e-06	4.5619e-07
484	0.93277	0.06722	5.5729e-06	4.5436e-07
485	0.92318	0.076809	5.4023e-06	4.9804e-07
486	0.91675	0.083239	5.2661e-06	5.2013e-07
487	0.91391	0.086088	5.1384e-06	5.2129e-07
488	0.91444	0.085553	5.0165e-06	5.0339e-07
489	0.91765	0.082346	4.9247e-06	4.6998e-07
490	0.92467	0.075322	4.8389e-06	4.1742e-07
491	0.93496	0.065035	4.7827e-06	3.4789e-07
492	0.94953	0.050466	4.7628e-06	2.5576e-07
493	0.93326	0.066739	4.5558e-06	3.2215e-07
494	0.9228	0.07719	4.3653e-06	3.587e-07
495	0.9168	0.083191	4.1839e-06	3.7279e-07
496	0.91351	0.086489	4.0297e-06	3.7251e-07
497	0.91362	0.086373	3.8774e-06	3.5724e-07
498	0.9162	0.083797	3.748e-06	3.3154e-07
499	0.91201	0.087991	3.5791e-06	3.3299e-07
500	0.91117	0.088823	3.4114e-06	3.2081e-07
501	0.913	0.086999	3.268e-06	2.9858e-07
502	0.88777	0.11222	3.3124e-06	4.604e-07
503	0.86882	0.13117	3.3919e-06	6.013e-07
504	0.85651	0.14349	3.4823e-06	7.1819e-07
505	0.82276	0.17724	3.4546e-06	9.6954e-07
506	0.7978	0.2022	3.4799e-06	1.185e-06
507	0.77924	0.22076	3.5457e-06	1.3755e-06
508	0.73018	0.26981	3.4201e-06	1.7763e-06
509	0.69611	0.30389	3.3449e-06	2.1132e-06
510	0.67035	0.32965	3.3232e-06	2.4129e-06
511	0.65127	0.34872	3.3479e-06	2.6829e-06
512	0.63813	0.36186	3.4198e-06	2.9257e-06
513	0.63134	0.36865	3.5141e-06	3.1317e-06
514	0.62842	0.37157	3.6463e-06	3.3178e-06
515	0.62919	0.3708	3.8182e-06	3.4831e-06
516	0.63537	0.36462	4.0155e-06	3.6082e-06
517	0.64617	0.35382	4.2686e-06	3.6995e-06
518	0.66396	0.33603	4.5652e-06	3.7328e-06
519	0.69138	0.30861	4.9262e-06	3.6863e-06
520	0.6808	0.31919	4.9764e-06	3.9709e-06
521	0.6758	0.32419	5.0614e-06	4.2059e-06
522	0.67449	0.3255	5.1979e-06	4.41e-06
523	0.67679	0.3232	5.3873e-06	4.583e-06
524	0.68285	0.31714	5.6341e-06	4.7214e-06
525	0.69344	0.30655	5.9541e-06	4.8143e-06
526	0.69214	0.30785	6.1218e-06	5.0414e-06
527	0.69596	0.30403	6.3292e-06	5.2113e-06
528	0.70398	0.296	6.6101e-06	5.3355e-06
529	0.699	0.30099	6.5574e-06	5.3139e-06
530	0.69766	0.30233	6.5634e-06	5.2481e-06
531	0.70117	0.29882	6.6162e-06	5.1232e-06
532	0.70885	0.29114	6.7421e-06	4.9417e-06
533	0.72257	0.27741	6.9347e-06	4.681e-06
534	0.74173	0.25825	7.2218e-06	4.3406e-06
535	0.77087	0.22912	7.6281e-06	3.8674e-06
536	0.80914	0.19085	8.1886e-06	3.2553e-06
537	0.85895	0.14104	8.9476e-06	2.4601e-06
538	0.92344	0.076545	9.9645e-06	1.4229e-06
539	0.94503	0.054956	1.0318e-05	1.0658e-06
540	0.94378	0.056208	1.0329e-05	1.0695e-06
541	0.93515	0.064834	1.0272e-05	1.1692e-06
542	0.93045	0.069542	1.0246e-05	1.2229e-06
543	0.92891	0.071081	1.0245e-05	1.2376e-06
544	0.92015	0.079835	1.0125e-05	1.3551e-06
545	0.91468	0.085313	1.007e-05	1.4268e-06
546	0.91206	0.087926	1.0073e-05	1.4593e-06
547	0.89949	0.1005	9.978e-06	1.6173e-06
548	0.89206	0.10793	9.9275e-06	1.7157e-06
549	0.88879	0.1112	9.912e-06	1.764e-06
550	0.87383	0.12616	9.7624e-06	1.9654e-06
551	0.86353	0.13646	9.6941e-06	2.1044e-06
552	0.85815	0.14184	9.6691e-06	2.1851e-06
553	0.85582	0.14417	9.7017e-06	2.2249e-06
554	0.84198	0.15801	9.6047e-06	2.4138e-06
555	0.83271	0.16727	9.5867e-06	2.5433e-06
556	0.80527	0.19472	9.3619e-06	2.8999e-06
557	0.78525	0.21474	9.2486e-06	3.1655e-06
558	0.77114	0.22884	9.2277e-06	3.36e-06
559	0.73076	0.26923	8.9098e-06	3.8708e-06
560	0.70348	0.2965	8.712e-06	4.2457e-06
561	0.68537	0.31462	8.6007e-06	4.5196e-06
562	0.67425	0.32573	8.5575e-06	4.7112e-06
563	0.6674	0.33259	8.5881e-06	4.847e-06
564	0.66593	0.33406	8.6725e-06	4.914e-06
565	0.60433	0.39566	7.969e-06	5.7896e-06
566	0.56122	0.43876	7.4687e-06	6.4483e-06
567	0.52909	0.47089	7.1361e-06	6.9591e-06
568	0.45024	0.54975	6.112e-06	8.1481e-06
569	0.39563	0.60435	5.3775e-06	9.0345e-06
570	0.35811	0.64188	4.8552e-06	9.6962e-06
571	0.33275	0.66724	4.4891e-06	1.019e-05
572	0.31373	0.68625	4.232e-06	1.0589e-05
573	0.30163	0.69836	4.0625e-06	1.089e-05
574	0.29391	0.70607	3.9716e-06	1.1128e-05
575	0.29099	0.709	3.9402e-06	1.1296e-05
576	0.29124	0.70874	3.9663e-06	1.1422e-05
577	0.29625	0.70373	4.0511e-06	1.1477e-05
578	0.30522	0.69476	4.2076e-06	1.1477e-05
579	0.30032	0.69967	4.1698e-06	1.1689e-05
580	0.30021	0.69977	4.1928e-06	1.1829e-05
581	0.30365	0.69633	4.2833e-06	1.1919e-05
582	0.31054	0.68944	4.4408e-06	1.1958e-05
583	0.32172	0.67826	4.6843e-06	1.193e-05
584	0.33997	0.66002	5.0299e-06	1.1787e-05
585	0.36441	0.63558	5.502e-06	1.1536e-05
586	0.39657	0.60341	6.1384e-06	1.1138e-05
587	0.4385	0.56149	6.9907e-06	1.0544e-05
588	0.49938	0.5006	8.1665e-06	9.6116e-06
589	0.52071	0.47927	8.6933e-06	9.3524e-06
590	0.54925	0.45073	9.3969e-06	8.9388e-06
591	0.58679	0.41319	1.0331e-05	8.3189e-06
592	0.63569	0.36429	1.1568e-05	7.4214e-06
593	0.70538	0.2946	1.3228e-05	6.0826e-06
594	0.80586	0.19412	1.5509e-05	4.1038e-06
595	0.84544	0.15454	1.6629e-05	3.3145e-06
596	0.89688	0.1031	1.8095e-05	2.21e-06
597	0.96501	0.034974	2.0064e-05	6.3967e-07
598	0.97169	0.028291	2.0591e-05	4.8725e-07
599	0.96681	0.033166	2.0832e-05	5.6767e-07
600	0.96463	0.035347	2.1095e-05	6.0231e-07
601	0.95682	0.04316	2.1231e-05	7.4117e-07
602	0.95247	0.047511	2.1402e-05	8.2117e-07
603	0.95027	0.049703	2.1649e-05	8.5662e-07
604	0.91808	0.081897	2.2908e-05	1.9351e-06
605	0.89627	0.1037	2.4218e-05	2.8742e-06
606	0.88046	0.11951	2.5793e-05	3.7196e-06
607	0.87045	0.12952	2.7401e-05	4.4514e-06
608	0.86397	0.13599	2.9241e-05	5.1076e-06
609	0.86086	0.1391	3.1359e-05	5.6747e-06
610	0.84519	0.15477	3.3166e-05	6.8033e-06
611	0.83572	0.16423	3.5044e-05	7.758e-06
612	0.82987	0.17008	3.7221e-05	8.6028e-06
613	0.82833	0.17162	3.9473e-05	9.2744e-06
614	0.81449	0.18545	4.1219e-05	1.0647e-05
615	0.805	0.19494	4.3327e-05	1.1865e-05
616	0.79925	0.20069	4.5806e-05	1.2932e-05
617	0.79716	0.20278	4.8725e-05	1.382e-05
618	0.7833	0.21664	5.0503e-05	1.5536e-05
619	0.77423	0.2257	5.2773e-05	1.7015e-05
620	0.77019	0.22974	5.5221e-05	1.8201e-05
621	0.7707	0.22923	5.7871e-05	1.9073e-05
622	0.75796	0.24196	5.9737e-05	2.1044e-05
623	0.74989	0.25003	6.2176e-05	2.272e-05
624	0.74683	0.25308	6.4857e-05	2.4031e-05
625	0.7484	0.2515	6.7812e-05	2.4946e-05
626	0.7535	0.2464	7.1367e-05	2.5514e-05
627	0.76244	0.23746	7.5626e-05	2.5644e-05
628	0.77789	0.222	8.0487e-05	2.5029e-05
629	0.79961	0.20028	8.6536e-05	2.3538e-05
630	0.83155	0.16833	9.3771e-05	2.0717e-05
631	0.87751	0.12237	0.00010271	1.6049e-05
632	0.8949	0.10497	0.00010887	1.4455e-05
633	0.91873	0.081144	0.00011648	1.1775e-05
634	0.92736	0.072503	0.0001226	1.0961e-05
635	0.94097	0.058891	0.00012931	9.3699e-06
636	0.96117	0.038688	0.00013691	6.7222e-06
637	0.99087	0.0089829	0.00014585	2.5469e-06
638	0.99418	0.0056663	0.00014879	1.8723e-06
639	0.99519	0.0046574	0.00015142	1.6969e-06
640	0.9913	0.0085438	0.00015265	2.8251e-06
641	0.98888	0.010967	0.00015439	3.6132e-06
642	0.98784	0.012002	0.00015667	4.0833e-06
643	0.98323	0.016611	0.00015815	5.572e-06
644	0.98036	0.019477	0.00016027	6.6357e-06
645	0.97952	0.020309	0.0001627	7.2568e-06
646	0.97502	0.024803	0.00016379	9.0957e-06
647	0.97239	0.027435	0.00016562	1.0419e-05
648	0.97199	0.02783	0.00016786	1.1201e-05
649	0.96666	0.033162	0.00016722	1.2479e-05
650	0.964	0.035819	0.00016711	1.3172e-05
651	0.96318	0.036635	0.00016755	1.3402e-05
652	0.96429	0.035532	0.00016859	1.3145e-05
653	0.96783	0.031983	0.00017012	1.2339e-05
654	0.97352	0.026297	0.0001723	1.0975e-05
655	0.96788	0.031937	0.00017086	1.1754e-05
656	0.96495	0.034866	0.0001699	1.2002e-05
657	0.96387	0.035949	0.00016947	1.1812e-05
658	0.96518	0.034638	0.00016951	1.1094e-05
659	0.9685	0.03132	0.00017019	9.837e-06
660	0.9739	0.025916	0.00017155	7.9875e-06
661	0.97463	0.025189	0.0001717	7.447e-06
662	0.97748	0.022344	0.00017228	6.4268e-06
663	0.98278	0.017042	0.00017338	4.8304e-06
664	0.98393	0.015889	0.00017347	4.3327e-06
665	0.98705	0.012777	0.00017394	3.4104e-06
666	0.99242	0.0074051	0.00017485	1.9897e-06
667	0.99423	0.0055973	0.00017495	1.4698e-06
668	0.99428	0.0055444	0.00017472	1.3672e-06
669	0.99538	0.0044409	0.00017482	1.037e-06
670	0.99168	0.0081406	0.00017385	1.6634e-06
671	0.98974	0.010088	0.00017314	1.9918e-06
672	0.98936	0.010464	0.00017264	2.0496e-06
673	0.9862	0.013625	0.00017174	2.5982e-06
674	0.98493	0.014895	0.00017112	2.8253e-06
675	0.98507	0.014753	0.00017086	2.7792e-06
676	0.98698	0.01285	0.00017084	2.436e-06
677	0.99036	0.0094634	0.0001712	1.8076e-06
678	0.99096	0.0088646	0.00017113	1.679e-06
679	0.9931	0.006724	0.00017128	1.2892e-06
680	0.9966	0.0032312	0.00017176	6.387e-07
681	0.99807	0.0017547	0.00017181	3.7776e-07
682	0.99689	0.0029394	0.00017144	6.2497e-07
683	0.99662	0.0032112	0.00017134	6.9313e-07
684	0.99724	0.0025904	0.00017149	5.8873e-07
685	0.9969	0.0029314	0.00017155	6.7491e-07
686	0.99754	0.0022862	0.00017174	5.8514e-07
687	0.9974	0.002428	0.00017168	6.8249e-07
688	0.99619	0.0036354	0.00017143	1.0608e-06
689	0.99275	0.0070784	0.00016942	1.6288e-06
690	0.99074	0.0090911	0.00016783	1.9171e-06
691	0.98494	0.014888	0.00016575	2.8152e-06
692	0.98164	0.018192	0.00016401	3.3122e-06
693	0.97992	0.01991	0.00016267	3.5167e-06
694	0.98007	0.019764	0.00016157	3.4229e-06
695	0.9821	0.017737	0.00016071	3.0306e-06
696	0.98635	0.013492	0.00016011	2.2956e-06
697	0.98709	0.012745	0.00015907	2.1348e-06
698	0.98953	0.01031	0.00015823	1.7152e-06
699	0.99403	0.0058109	0.00015762	9.8979e-07
700	0.9928	0.0070378	0.00015709	1.2249e-06
701	0.99288	0.0069623	0.00015671	1.254e-06
702	0.99118	0.0086656	0.00015594	1.6165e-06
703	0.99064	0.0092022	0.00015548	1.7629e-06
704	0.99124	0.0086059	0.00015529	1.706e-06
705	0.993	0.0068391	0.00015539	1.4422e-06
706	0.98865	0.011193	0.00015447	2.3063e-06
707	0.9859	0.013947	0.00015394	2.8565e-06
708	0.98457	0.015276	0.00015376	3.1357e-06
709	0.97915	0.020696	0.00015297	4.1325e-06
710	0.97617	0.023669	0.00015255	4.7234e-06
711	0.97497	0.024877	0.00015255	4.9802e-06
712	0.96908	0.030758	0.0001516	6.1356e-06
713	0.9655	0.03434	0.00015119	6.8428e-06
714	0.96434	0.035498	0.00015113	7.1481e-06
715	0.95813	0.041711	0.00015002	8.4568e-06
716	0.95425	0.045593	0.00014946	9.2973e-06
717	0.9526	0.047239	0.00014942	9.7011e-06
718	0.94329	0.056549	0.00014806	1.1512e-05
719	0.9378	0.062039	0.0001473	1.267e-05
720	0.93561	0.064232	0.00014705	1.3264e-05
721	0.93642	0.063416	0.00014727	1.3352e-05
722	0.93966	0.06018	0.00014803	1.2983e-05
723	0.94556	0.05428	0.00014937	1.2114e-05
724	0.95557	0.044272	0.00015132	1.0592e-05
725	0.96927	0.030564	0.00015404	8.3828e-06
726	0.97395	0.025884	0.00015456	6.9653e-06
727	0.9741	0.025738	0.00015408	6.6315e-06
728	0.97632	0.023518	0.00015395	5.8994e-06
729	0.98031	0.019526	0.00015432	4.7643e-06
730	0.98702	0.012822	0.00015519	3.0729e-06
731	0.98532	0.01452	0.00015413	3.2552e-06
732	0.98505	0.014794	0.00015345	3.1695e-06
733	0.98618	0.013663	0.00015314	2.8134e-06
734	0.98452	0.015325	0.00015215	3e-06
735	0.9843	0.015542	0.00015152	2.9281e-06
736	0.98116	0.018684	0.00015034	3.3539e-06
737	0.98007	0.019776	0.00014941	3.4707e-06
738	0.98089	0.018962	0.00014871	3.2985e-06
739	0.9832	0.01665	0.00014837	2.8688e-06
740	0.98767	0.012181	0.00014829	2.1153e-06
741	0.99496	0.0048914	0.00014857	9.5006e-07
742	0.992	0.0078512	0.00014672	1.4043e-06
743	0.99041	0.0094411	0.00014523	1.6235e-06
744	0.99007	0.0097805	0.00014407	1.635e-06
745	0.99122	0.0086312	0.00014307	1.4314e-06
746	0.99049	0.0093704	0.00014168	1.5374e-06
747	0.99095	0.0089034	0.00014061	1.4497e-06
748	0.98248	0.017384	0.00013797	2.7758e-06
749	0.97662	0.023239	0.00013591	3.646e-06
750	0.97345	0.026407	0.00013417	4.1276e-06
751	0.97201	0.027849	0.00013282	4.3295e-06
752	0.97266	0.027202	0.0001317	4.2459e-06
753	0.97498	0.024886	0.00013093	3.9113e-06
754	0.97925	0.020618	0.00013056	3.2846e-06
755	0.98562	0.014249	0.0001306	2.3439e-06
756	0.99449	0.0053772	0.00013112	1.0226e-06
757	0.99187	0.0080024	0.00013	1.4536e-06
758	0.99049	0.0093754	0.00012916	1.6809e-06
759	0.9906	0.0092667	0.00012849	1.7002e-06
760	0.99221	0.0076619	0.00012796	1.5172e-06
761	0.99173	0.0081388	0.00012719	1.6615e-06
762	0.99241	0.0074612	0.00012669	1.6201e-06
763	0.98614	0.01373	0.00012478	2.9471e-06
764	0.93664	0.063231	0.00011602	1.0066e-05
765	0.89851	0.10136	0.00010931	1.5262e-05
766	0.86934	0.13053	0.00010417	1.9011e-05
767	0.84948	0.1504	0.0001002	2.1524e-05
768	0.79704	0.20284	9.2237e-05	2.8149e-05
769	0.76112	0.23876	8.6355e-05	3.2637e-05
770	0.73386	0.26602	8.1888e-05	3.5809e-05
771	0.66834	0.33154	7.2404e-05	4.3946e-05
772	0.62244	0.37745	6.5404e-05	4.9551e-05
773	0.58728	0.4126	6.0118e-05	5.3534e-05
774	0.56136	0.43853	5.6243e-05	5.6205e-05
775	0.54472	0.45517	5.3421e-05	5.7777e-05
776	0.53317	0.46672	5.1356e-05	5.8675e-05
777	0.52601	0.47389	4.9911e-05	5.9031e-05
778	0.52311	0.47678	4.9048e-05	5.8889e-05
779	0.52556	0.47433	4.8682e-05	5.821e-05
780	0.53187	0.46802	4.8797e-05	5.7123e-05
781	0.54418	0.45571	4.9433e-05	5.5479e-05
782	0.54153	0.45836	4.8643e-05	5.5357e-05
783	0.54424	0.45566	4.8333e-05	5.4717e-05
784	0.55083	0.44907	4.8492e-05	5.3678e-05
785	0.56381	0.43609	4.9186e-05	5.2065e-05
786	0.58272	0.41718	5.0542e-05	4.9866e-05
787	0.58544	0.41446	5.0363e-05	4.9276e-05
788	0.59358	0.40632	5.0642e-05	4.8193e-05
789	0.60624	0.39367	5.1434e-05	4.6661e-05
790	0.62644	0.37346	5.2844e-05	4.4478e-05
791	0.65362	0.34628	5.4998e-05	4.1615e-05
792	0.66065	0.33925	5.5271e-05	4.0702e-05
793	0.6545	0.3454	5.43e-05	4.1092e-05
794	0.65215	0.34776	5.3784e-05	4.1085e-05
795	0.65376	0.34614	5.374e-05	4.0668e-05
796	0.64311	0.35679	5.2427e-05	4.1487e-05
797	0.6367	0.36321	5.1605e-05	4.187e-05
798	0.63445	0.36545	5.1262e-05	4.1832e-05
799	0.63621	0.3637	5.1378e-05	4.1391e-05
800	0.64319	0.35672	5.1936e-05	4.0481e-05
801	0.65655	0.34336	5.3032e-05	3.9002e-05
802	0.65537	0.34454	5.2787e-05	3.8917e-05
803	0.65918	0.34073	5.2951e-05	3.8392e-05
804	0.6669	0.33301	5.3558e-05	3.7477e-05
805	0.67901	0.3209	5.4664e-05	3.6112e-05
806	0.69843	0.30148	5.6395e-05	3.4094e-05
807	0.728	0.27191	5.8979e-05	3.1191e-05
808	0.73861	0.2613	5.967e-05	3.015e-05
809	0.75631	0.2436	6.0917e-05	2.8519e-05
810	0.78028	0.21963	6.2819e-05	2.6287e-05
811	0.78661	0.2133	6.3192e-05	2.5658e-05
812	0.79836	0.20155	6.4003e-05	2.4561e-05
813	0.81542	0.18449	6.5403e-05	2.2932e-05
814	0.81904	0.18087	6.5583e-05	2.2581e-05
815	0.82607	0.17384	6.6168e-05	2.1877e-05
816	0.83694	0.16297	6.7209e-05	2.0768e-05
817	0.83693	0.16298	6.7224e-05	2.0741e-05
818	0.84104	0.15887	6.7587e-05	2.0336e-05
819	0.84879	0.15112	6.8398e-05	1.9539e-05
820	0.84752	0.15239	6.8216e-05	1.9704e-05
821	0.8492	0.15072	6.84e-05	1.9553e-05
822	0.8542	0.14571	6.8999e-05	1.9044e-05
823	0.84985	0.15006	6.8712e-05	1.9479e-05
824	0.84952	0.15039	6.8768e-05	1.9541e-05
825	0.8524	0.14751	6.9227e-05	1.9257e-05
826	0.84628	0.15363	6.8672e-05	1.9945e-05
827	0.84437	0.15555	6.8485e-05	2.0235e-05
828	0.84568	0.15423	6.8703e-05	2.0177e-05
829	0.83596	0.16395	6.7841e-05	2.1251e-05
830	0.83018	0.16973	6.7465e-05	2.1899e-05
831	0.8279	0.17201	6.7524e-05	2.2173e-05
832	0.81342	0.18649	6.6436e-05	2.3656e-05
833	0.80503	0.19488	6.5864e-05	2.4589e-05
834	0.80054	0.19937	6.5765e-05	2.511e-05
835	0.78277	0.21714	6.4229e-05	2.7036e-05
836	0.77009	0.22982	6.3286e-05	2.8426e-05
837	0.76307	0.23684	6.2829e-05	2.9296e-05
838	0.68316	0.31675	5.4487e-05	3.8021e-05
839	0.62792	0.37199	4.8526e-05	4.4334e-05
840	0.58539	0.41451	4.4083e-05	4.9179e-05
841	0.55291	0.447	4.0808e-05	5.2908e-05
842	0.52906	0.47085	3.8519e-05	5.5706e-05
843	0.51207	0.48784	3.6995e-05	5.7798e-05
844	0.46825	0.53166	3.2574e-05	6.2758e-05
845	0.43851	0.5614	2.9449e-05	6.6396e-05
846	0.41613	0.58378	2.7162e-05	6.9244e-05
847	0.40019	0.59971	2.5592e-05	7.1432e-05
848	0.39075	0.60915	2.4575e-05	7.3041e-05
849	0.38561	0.61429	2.402e-05	7.4246e-05
850	0.38438	0.61552	2.3867e-05	7.5105e-05
851	0.38698	0.61292	2.4094e-05	7.5644e-05
852	0.39359	0.60631	2.4714e-05	7.5852e-05
853	0.40636	0.59354	2.5776e-05	7.5589e-05
854	0.42429	0.5756	2.7324e-05	7.4899e-05
855	0.42592	0.57398	2.7545e-05	7.5595e-05
856	0.43159	0.56831	2.8187e-05	7.5939e-05
857	0.44331	0.55658	2.9292e-05	7.579e-05
858	0.46059	0.5393	3.0959e-05	7.5149e-05
859	0.48729	0.5126	3.335e-05	7.3752e-05
860	0.52335	0.47654	3.668e-05	7.1492e-05
861	0.5715	0.42839	4.126e-05	6.8062e-05
862	0.59036	0.40953	4.3098e-05	6.7274e-05
863	0.59239	0.4075	4.3424e-05	6.8097e-05
864	0.59826	0.40163	4.4229e-05	6.8519e-05
865	0.60873	0.39115	4.5604e-05	6.8462e-05
866	0.62411	0.37577	4.7586e-05	6.7886e-05
867	0.64537	0.35451	5.0304e-05	6.6664e-05
868	0.67385	0.32603	5.395e-05	6.4612e-05
869	0.71523	0.28465	5.8858e-05	6.125e-05
870	0.77548	0.2244	6.5587e-05	5.6015e-05
871	0.80027	0.19961	6.8633e-05	5.4411e-05
872	0.83302	0.16685	7.271e-05	5.1876e-05
873	0.84445	0.15543	7.455e-05	5.0001e-05
874	0.86094	0.13894	7.7327e-05	4.7252e-05
875	0.88554	0.11433	8.1274e-05	4.33e-05
876	0.91791	0.081966	8.6641e-05	3.7987e-05
877	0.91818	0.081695	8.6386e-05	3.8356e-05
878	0.92087	0.079007	8.6671e-05	3.8244e-05
879	0.8915	0.10838	8.1022e-05	4.276e-05
880	0.87142	0.12845	7.6775e-05	4.5824e-05
881	0.85664	0.14324	7.3571e-05	4.7934e-05
882	0.84621	0.15367	7.1202e-05	4.9296e-05
883	0.83978	0.1601	6.9582e-05	4.9997e-05
884	0.8366	0.16328	6.8552e-05	5.0185e-05
885	0.83672	0.16316	6.8119e-05	4.9858e-05
886	0.83989	0.15999	6.8224e-05	4.9062e-05
887	0.8463	0.15358	6.8905e-05	4.7758e-05
888	0.84259	0.15729	6.7291e-05	4.6307e-05
889	0.84217	0.15772	6.6329e-05	4.4405e-05
890	0.84474	0.15515	6.5978e-05	4.2062e-05
891	0.85048	0.14942	6.6298e-05	3.921e-05
892	0.86107	0.13882	6.732e-05	3.5576e-05
893	0.86124	0.13866	6.6421e-05	3.4024e-05
894	0.86454	0.13537	6.614e-05	3.202e-05
895	0.85949	0.14042	6.4475e-05	3.1322e-05
896	0.8577	0.1422	6.3349e-05	3.0245e-05
897	0.85978	0.14013	6.2597e-05	2.8724e-05
898	0.86597	0.13395	6.2262e-05	2.6712e-05
899	0.87566	0.12425	6.2532e-05	2.4241e-05
900	0.88986	0.11006	6.3593e-05	2.1134e-05
901	0.89308	0.10684	6.3001e-05	1.9826e-05
902	0.90024	0.099681	6.2792e-05	1.8067e-05
903	0.91244	0.087477	6.3083e-05	1.5734e-05
904	0.91456	0.085365	6.2067e-05	1.4856e-05
905	0.91926	0.080665	6.1463e-05	1.3692e-05
906	0.9279	0.072027	6.1199e-05	1.2122e-05
907	0.92878	0.071145	6.0067e-05	1.1556e-05
908	0.93278	0.067148	5.9158e-05	1.0703e-05
909	0.93942	0.060507	5.8636e-05	9.5818e-06
910	0.94941	0.050528	5.8595e-05	8.1054e-06
911	0.96312	0.03681	5.9063e-05	6.2252e-06
912	0.98145	0.018488	6.0145e-05	3.8326e-06
913	0.97672	0.023217	5.5966e-05	3.76e-06
914	0.97399	0.025952	5.2256e-05	3.5277e-06
915	0.97339	0.026561	4.855e-05	3.1498e-06
916	0.97484	0.025116	4.482e-05	2.6494e-06
917	0.97811	0.021843	4.149e-05	2.0577e-06
918	0.98407	0.015889	3.8118e-05	1.3536e-06
919	0.9856	0.014368	3.4601e-05	1.0653e-06
920	0.98859	0.011382	3.138e-05	7.3361e-07
921	0.99385	0.0061179	2.8073e-05	3.4704e-07
922	0.99576	0.0042108	2.49e-05	1.9725e-07
923	0.99616	0.0038202	2.1511e-05	1.3995e-07
924	0.99773	0.0022509	1.8001e-05	6.5048e-08
925	0.99829	0.0016922	1.4301e-05	3.6279e-08
926	0.99968	0.00031142	1.0853e-05	4.3842e-09
927	0.99981	0.00018687	7.031e-06	1.0814e-09
928	0.99773	0.0022591	6.4083e-06	1.4956e-08
929	0.99662	0.0033695	5.8341e-06	2.0313e-08
930	0.99641	0.003588	5.3033e-06	1.944e-08
931	0.99493	0.0050627	4.7418e-06	2.4627e-08
932	0.99447	0.0055291	4.2222e-06	2.3717e-08
933	0.99503	0.0049655	3.7444e-06	1.8311e-08
934	0.99667	0.0033295	3.304e-06	9.7285e-09
935	0.997	0.003	2.8991e-06	6.3164e-09
936	0.99637	0.0036284	2.9048e-06	8.6558e-09
937	0.99435	0.0056448	2.8963e-06	1.5051e-08
938	0.99343	0.0065678	2.8979e-06	1.8056e-08
939	0.99381	0.0061918	2.8931e-06	1.7466e-08
940	0.99257	0.0074273	2.8761e-06	2.1614e-08
941	0.99242	0.0075764	2.8692e-06	2.2362e-08
942	0.99341	0.0065871	2.8737e-06	1.9585e-08
943	0.99261	0.0073829	2.881e-06	2.1844e-08
944	0.99316	0.0068332	2.882e-06	2.0336e-08
945	0.99513	0.0048658	2.8768e-06	1.4903e-08
946	0.99531	0.0046895	2.8744e-06	1.4538e-08
947	0.99645	0.0035509	2.8816e-06	1.1183e-08
948	0.99862	0.0013783	2.8988e-06	4.548e-09
