#coord	neutral	conserved	gBGC.neutral	gBGC.conserved
1	0.85272	0.14722	4.934e-05	9.5136e-06
2	0.86096	0.13899	4.8943e-05	8.8764e-06
3	0.87345	0.12649	4.8916e-05	7.9767e-06
4	0.89261	0.10733	4.9168e-05	6.7478e-06
5	0.92071	0.079236	4.9781e-05	5.1058e-06
6	0.9618	0.038149	5.0896e-05	2.9029e-06
7	0.97781	0.022138	5.0783e-05	2.0318e-06
8	0.97778	0.022171	4.985e-05	2.0874e-06
9	0.97937	0.020582	4.9127e-05	2.0297e-06
10	0.98258	0.01737	4.8589e-05	1.8677e-06
11	0.98232	0.017625	4.7894e-05	1.945e-06
12	0.98356	0.016391	4.7383e-05	1.9138e-06
13	0.98671	0.013245	4.6942e-05	1.7753e-06
14	0.98676	0.013194	4.4972e-05	1.7054e-06
15	0.98818	0.011777	4.3296e-05	1.5437e-06
16	0.98705	0.012911	3.7736e-05	1.3302e-06
17	0.98719	0.012778	3.2737e-05	1.0664e-06
18	0.98868	0.011288	2.8284e-05	7.679e-07
19	0.99155	0.0084243	2.4265e-05	4.5541e-07
20	0.99655	0.0034269	2.0027e-05	1.341e-07
21	0.99617	0.0038108	1.5942e-05	9.0122e-08
22	0.99443	0.0055517	1.5288e-05	1.1544e-07
23	0.99375	0.0062358	1.4714e-05	1.2054e-07
24	0.9908	0.0091906	1.4165e-05	1.5955e-07
25	0.98925	0.010736	1.3696e-05	1.7358e-07
26	0.98893	0.01106	1.3291e-05	1.6797e-07
27	0.99016	0.0098286	1.2878e-05	1.4239e-07
28	0.99311	0.00688	1.2456e-05	9.6946e-08
29	0.9977	0.0022833	1.2106e-05	3.059e-08
30	0.99978	0.00021021	1.169e-05	3.1933e-09
31	0.99952	0.00046591	1.1341e-05	6.297e-09
32	0.99904	0.00095314	1.1031e-05	1.2095e-08
33	0.99924	0.00075239	1.0764e-05	9.5631e-09
34	0.99749	0.0025039	1.0509e-05	2.9271e-08
35	0.99682	0.0031684	1.0247e-05	3.7097e-08
36	0.99705	0.0029417	1.0027e-05	3.4566e-08
37	0.99631	0.0036775	9.7781e-06	4.353e-08
38	0.99646	0.0035274	9.5661e-06	4.2457e-08
39	0.99529	0.0046981	9.3681e-06	5.5386e-08
40	0.99513	0.0048563	9.2074e-06	5.6948e-08
41	0.99316	0.0068332	9.0498e-06	7.7027e-08
42	0.99237	0.0076176	8.9284e-06	8.398e-08
43	0.99272	0.0072684	8.8404e-06	7.9067e-08
44	0.99135	0.0086443	8.7201e-06	9.2411e-08
45	0.99118	0.0088158	8.6333e-06	9.3247e-08
46	0.99205	0.0079373	8.5774e-06	8.3444e-08
47	0.99421	0.0057784	8.5195e-06	6.3018e-08
48	0.99448	0.0055136	8.4286e-06	6.1957e-08
49	0.99569	0.0043022	8.3671e-06	5.1619e-08
50	0.99532	0.0046744	8.3072e-06	5.6974e-08
51	0.99598	0.0040161	8.2431e-06	5.349e-08
52	0.99532	0.0046691	7.8378e-06	5.2071e-08
53	0.99565	0.0043379	7.4839e-06	4.162e-08
54	0.9972	0.002797	7.1148e-06	2.2377e-08
55	0.99538	0.0046126	6.6916e-06	3.0001e-08
56	0.99483	0.005159	6.2508e-06	2.9088e-08
57	0.99525	0.0047444	5.8564e-06	2.1947e-08
58	0.99432	0.0056703	5.4285e-06	2.1699e-08
59	0.98286	0.017139	5.3906e-06	8.292e-08
60	0.97544	0.024556	5.3618e-06	1.2445e-07
61	0.95655	0.043447	5.2881e-06	2.2517e-07
62	0.94276	0.057231	5.2585e-06	2.9653e-07
63	0.93387	0.066121	5.2417e-06	3.4488e-07
64	0.92897	0.071022	5.2342e-06	3.7351e-07
65	0.92742	0.072576	5.2333e-06	3.8502e-07
66	0.92815	0.071841	5.2588e-06	3.827e-07
67	0.932	0.067995	5.2906e-06	3.6426e-07
68	0.93847	0.06152	5.3513e-06	3.2958e-07
69	0.94934	0.050653	5.4243e-06	2.7213e-07
70	0.95268	0.047315	5.4447e-06	2.565e-07
71	0.95929	0.040708	5.471e-06	2.2449e-07
72	0.97003	0.029966	5.5062e-06	1.7278e-07
73	0.96693	0.033066	5.4826e-06	1.9474e-07
74	0.96617	0.033827	5.462e-06	2.0369e-07
75	0.96715	0.032848	5.4652e-06	2.0158e-07
76	0.95056	0.049433	5.376e-06	3.0652e-07
77	0.93954	0.060456	5.3081e-06	3.8008e-07
78	0.93181	0.068185	5.2755e-06	4.3118e-07
79	0.91172	0.088275	5.1496e-06	5.6493e-07
80	0.86141	0.13859	4.8532e-06	8.8421e-07
81	0.82363	0.17637	4.6551e-06	1.1191e-06
82	0.72798	0.27202	4.1361e-06	1.6892e-06
83	0.66051	0.33948	3.7529e-06	2.1143e-06
84	0.60962	0.39038	3.4884e-06	2.4338e-06
85	0.57424	0.42575	3.2968e-06	2.6719e-06
86	0.55018	0.44981	3.16e-06	2.8471e-06
87	0.53494	0.46506	3.0664e-06	2.9706e-06
88	0.52499	0.47501	3.0188e-06	3.0602e-06
89	0.52068	0.47932	2.9969e-06	3.1162e-06
90	0.52175	0.47824	2.9989e-06	3.1399e-06
91	0.47118	0.52881	2.6298e-06	3.5266e-06
92	0.43225	0.56774	2.3593e-06	3.8246e-06
93	0.40599	0.594	2.1627e-06	4.0413e-06
94	0.38694	0.61306	2.0285e-06	4.2064e-06
95	0.37365	0.62634	1.9429e-06	4.3341e-06
96	0.36656	0.63343	1.8884e-06	4.4233e-06
97	0.36348	0.63652	1.8675e-06	4.4898e-06
98	0.36541	0.63458	1.8696e-06	4.5261e-06
99	0.37261	0.62738	1.8945e-06	4.5321e-06
100	0.38394	0.61605	1.9499e-06	4.5175e-06
101	0.40221	0.59778	2.0343e-06	4.4666e-06
102	0.42959	0.5704	2.1557e-06	4.3718e-06
103	0.46555	0.53445	2.3311e-06	4.233e-06
104	0.51807	0.48193	2.5745e-06	4.0184e-06
105	0.58594	0.41405	2.9108e-06	3.7216e-06
106	0.61213	0.38786	3.0537e-06	3.6313e-06
107	0.60041	0.39958	2.8931e-06	3.5669e-06
108	0.59346	0.40653	2.779e-06	3.4761e-06
109	0.56895	0.43105	2.5585e-06	3.4805e-06
110	0.50078	0.49922	2.1492e-06	3.6907e-06
111	0.44926	0.55073	1.856e-06	3.8022e-06
112	0.41334	0.58665	1.6328e-06	3.8346e-06
113	0.38598	0.61402	1.4679e-06	3.8229e-06
114	0.36601	0.63398	1.3503e-06	3.7786e-06
115	0.31227	0.68773	1.1209e-06	3.8604e-06
116	0.27455	0.72545	9.509e-07	3.8754e-06
117	0.24836	0.75163	8.2356e-07	3.8406e-06
118	0.22848	0.77151	7.3093e-07	3.7821e-06
119	0.2154	0.7846	6.6077e-07	3.6943e-06
120	0.20754	0.79246	6.071e-07	3.5832e-06
121	0.18133	0.81866	4.9994e-07	3.5377e-06
122	0.16176	0.83823	4.2418e-07	3.4719e-06
123	0.14736	0.85263	3.7113e-07	3.3938e-06
124	0.13805	0.86195	3.3158e-07	3.2963e-06
125	0.13189	0.8681	3.0518e-07	3.1954e-06
126	0.12844	0.87156	2.8925e-07	3.0933e-06
127	0.12742	0.87258	2.8229e-07	2.9909e-06
128	0.12947	0.87053	2.811e-07	2.8773e-06
129	0.13502	0.86498	2.8593e-07	2.7519e-06
130	0.14481	0.85519	2.9715e-07	2.6143e-06
131	0.15815	0.84185	3.1721e-07	2.4756e-06
132	0.17636	0.82364	3.494e-07	2.3331e-06
133	0.20082	0.79917	3.9681e-07	2.1835e-06
134	0.23653	0.76346	4.6e-07	2.0123e-06
135	0.2826	0.71739	5.4415e-07	1.8273e-06
136	0.34335	0.65664	6.5944e-07	1.619e-06
137	0.42926	0.57073	8.0691e-07	1.3726e-06
138	0.53966	0.46033	9.9843e-07	1.0896e-06
139	0.58255	0.41744	1.0444e-06	9.5973e-07
140	0.63824	0.36176	1.1172e-06	8.1021e-07
141	0.71023	0.28977	1.2235e-06	6.3425e-07
142	0.80305	0.19694	1.3723e-06	4.2277e-07
143	0.92257	0.077424	1.5757e-06	1.6372e-07
144	0.97114	0.028862	1.634e-06	5.7824e-08
145	0.99195	0.0080438	1.6215e-06	1.544e-08
146	0.99098	0.0090148	1.5578e-06	1.628e-08
147	0.99121	0.0087883	1.5046e-06	1.4976e-08
148	0.99287	0.0071317	1.4462e-06	1.1655e-08
149	0.99258	0.007416	1.3929e-06	1.1372e-08
150	0.99033	0.0096706	1.3292e-06	1.3931e-08
151	0.98452	0.015476	1.2532e-06	2.1147e-08
152	0.98077	0.019228	1.1888e-06	2.477e-08
153	0.97918	0.020814	1.1199e-06	2.5502e-08
154	0.97909	0.020909	1.0598e-06	2.4248e-08
155	0.9809	0.019102	9.9456e-07	2.109e-08
156	0.98432	0.015676	9.373e-07	1.6465e-08
157	0.98958	0.010415	8.8745e-07	1.0389e-08
158	0.99141	0.0085902	8.2717e-07	8.1579e-09
159	0.99458	0.0054169	7.7358e-07	4.9734e-09
160	0.99263	0.0073656	7.2103e-07	6.1532e-09
161	0.99189	0.0081047	6.7511e-07	6.2241e-09
162	0.9883	0.011702	6.3413e-07	7.9968e-09
163	0.98628	0.013721	5.9893e-07	8.4787e-09
164	0.98599	0.014008	5.5908e-07	7.8751e-09
165	0.9874	0.012599	5.1427e-07	6.3905e-09
166	0.98644	0.013558	4.6223e-07	6.1611e-09
167	0.98676	0.013236	4.149e-07	5.2628e-09
168	0.98874	0.011263	3.6252e-07	3.8045e-09
169	0.99216	0.0078385	3.1427e-07	2.0541e-09
170	0.99313	0.006865	2.6101e-07	1.2911e-09
171	0.99242	0.0075789	2.8246e-07	1.7627e-09
172	0.98914	0.010855	3.0481e-07	3.0008e-09
173	0.98769	0.012315	3.2296e-07	3.796e-09
174	0.98785	0.012148	3.3704e-07	4.0909e-09
175	0.98928	0.010724	3.5323e-07	3.8969e-09
176	0.98836	0.011635	3.6411e-07	4.5433e-09
177	0.98867	0.011326	3.7717e-07	4.6979e-09
178	0.98631	0.013694	3.9113e-07	5.9303e-09
179	0.98531	0.014685	4.076e-07	6.6037e-09
180	0.98572	0.014279	4.273e-07	6.6411e-09
181	0.98345	0.016553	4.4086e-07	7.9334e-09
182	0.98304	0.016963	4.5039e-07	8.4226e-09
183	0.97894	0.02106	4.6023e-07	1.0692e-08
184	0.97704	0.022961	4.6638e-07	1.1979e-08
185	0.97669	0.023307	4.7547e-07	1.2445e-08
186	0.97788	0.022119	4.8762e-07	1.2061e-08
187	0.97571	0.024294	4.9324e-07	1.3468e-08
188	0.97524	0.024763	5.0256e-07	1.3923e-08
189	0.97677	0.023227	5.082e-07	1.332e-08
190	0.98011	0.019894	5.1771e-07	1.1627e-08
191	0.97994	0.02006	5.2049e-07	1.1892e-08
192	0.98134	0.018664	5.2705e-07	1.1216e-08
193	0.9844	0.015601	5.3756e-07	9.4818e-09
194	0.98448	0.015516	5.4149e-07	9.5066e-09
195	0.98629	0.013711	5.4154e-07	8.5833e-09
196	0.98557	0.014427	5.3465e-07	9.1849e-09
197	0.98624	0.013757	5.3153e-07	8.9261e-09
198	0.98835	0.011651	5.3214e-07	7.7906e-09
199	0.98785	0.01215	5.3411e-07	8.1741e-09
200	0.98889	0.011106	5.3213e-07	7.703e-09
201	0.99124	0.0087546	5.333e-07	6.4299e-09
202	0.99122	0.0087783	5.3558e-07	6.6016e-09
203	0.98878	0.011215	5.3865e-07	8.3648e-09
204	0.98775	0.012254	5.4555e-07	9.2377e-09
205	0.98313	0.016865	5.5254e-07	1.2503e-08
206	0.98038	0.019617	5.638e-07	1.4603e-08
207	0.97965	0.020345	5.7113e-07	1.5521e-08
208	0.96109	0.038908	5.6879e-07	2.8923e-08
209	0.91347	0.086534	5.4864e-07	6.2812e-08
210	0.87769	0.12231	5.3924e-07	8.9168e-08
211	0.79347	0.20653	4.8751e-07	1.528e-07
212	0.72975	0.27025	4.5277e-07	2.0243e-07
213	0.68173	0.31827	4.3109e-07	2.4193e-07
214	0.56189	0.4381	3.6055e-07	3.3327e-07
215	0.47858	0.52142	3.0612e-07	4.0396e-07
216	0.41543	0.58457	2.6751e-07	4.6134e-07
217	0.36769	0.6323	2.408e-07	5.0925e-07
218	0.33502	0.66498	2.2037e-07	5.4672e-07
219	0.31013	0.68987	2.0659e-07	5.7937e-07
220	0.29145	0.70855	1.9818e-07	6.0852e-07
221	0.2778	0.7222	1.9429e-07	6.3506e-07
222	0.27006	0.72993	1.924e-07	6.5553e-07
223	0.26604	0.73396	1.9468e-07	6.7421e-07
224	0.26657	0.73343	1.9861e-07	6.8717e-07
225	0.27051	0.72949	2.0688e-07	6.9822e-07
226	0.26161	0.73838	2.0563e-07	7.2135e-07
227	0.25749	0.74251	2.0627e-07	7.3861e-07
228	0.25787	0.74213	2.0885e-07	7.4982e-07
229	0.2058	0.79419	1.656e-07	8.1009e-07
230	0.16531	0.83469	1.3306e-07	8.6166e-07
231	0.1346	0.8654	1.0952e-07	9.0668e-07
232	0.11307	0.88693	9.1406e-08	9.4251e-07
233	0.096457	0.90354	7.8083e-08	9.7544e-07
234	0.084077	0.91592	6.8905e-08	1.0066e-06
235	0.074712	0.92529	6.2587e-08	1.0369e-06
236	0.068869	0.93113	5.8282e-08	1.0614e-06
237	0.064878	0.93512	5.6017e-08	1.0858e-06
238	0.063315	0.93668	5.5256e-08	1.1049e-06
239	0.063177	0.93682	5.6295e-08	1.1242e-06
240	0.065149	0.93485	5.8782e-08	1.1383e-06
241	0.069612	0.93039	6.3044e-08	1.1469e-06
242	0.076005	0.92399	6.9807e-08	1.1551e-06
243	0.085009	0.91499	8.0106e-08	1.1623e-06
244	0.097298	0.9027	9.5095e-08	1.1674e-06
245	0.11516	0.88484	1.1518e-07	1.1637e-06
246	0.13828	0.86172	1.4278e-07	1.1548e-06
247	0.14585	0.85415	1.5166e-07	1.1607e-06
248	0.15656	0.84344	1.6536e-07	1.1643e-06
249	0.1715	0.8285	1.8586e-07	1.1641e-06
250	0.19349	0.8065	2.1316e-07	1.1531e-06
251	0.22212	0.77788	2.5097e-07	1.1342e-06
252	0.2601	0.7399	3.0449e-07	1.1032e-06
253	0.31502	0.68498	3.7688e-07	1.0487e-06
254	0.38569	0.61431	4.7577e-07	9.7105e-07
255	0.47655	0.52345	6.1078e-07	8.6077e-07
256	0.59607	0.40392	8.0047e-07	7.0045e-07
257	0.74966	0.25034	1.06e-06	4.7489e-07
258	0.94697	0.053025	1.4155e-06	1.5865e-07
259	0.9531	0.046901	1.3725e-06	1.3457e-07
260	0.9623	0.037701	1.3436e-06	1.0463e-07
261	0.97653	0.023464	1.315e-06	6.677e-08
262	0.98167	0.018331	1.2705e-06	5.1995e-08
263	0.98248	0.017521	1.2225e-06	4.732e-08
264	0.98525	0.014751	1.17e-06	3.9874e-08
265	0.9897	0.010297	1.1263e-06	3.0075e-08
266	0.99034	0.009656	1.107e-06	2.7135e-08
267	0.99227	0.0077252	1.0953e-06	2.2087e-08
268	0.99205	0.0079471	1.0838e-06	2.1478e-08
269	0.9888	0.011194	1.0954e-06	2.4896e-08
270	0.98707	0.012931	1.1143e-06	2.6322e-08
271	0.98663	0.013367	1.1399e-06	2.5954e-08
272	0.98301	0.016988	1.1669e-06	3.0016e-08
273	0.98147	0.01853	1.1897e-06	3.1713e-08
274	0.98145	0.018544	1.2208e-06	3.1227e-08
275	0.98327	0.016733	1.248e-06	2.825e-08
276	0.98712	0.012882	1.272e-06	2.2377e-08
277	0.98748	0.012517	1.2973e-06	2.1705e-08
278	0.9853	0.0147	1.3122e-06	2.5119e-08
279	0.98459	0.015413	1.3355e-06	2.6308e-08
280	0.98074	0.019257	1.3471e-06	3.2604e-08
281	0.97858	0.021423	1.3667e-06	3.6334e-08
282	0.97088	0.029122	1.3834e-06	4.8468e-08
283	0.96562	0.034383	1.4095e-06	5.7049e-08
284	0.96314	0.036856	1.4324e-06	6.1898e-08
285	0.96265	0.037353	1.4655e-06	6.3526e-08
286	0.94002	0.05998	1.4553e-06	1.0152e-07
287	0.92465	0.075351	1.4487e-06	1.2952e-07
288	0.9147	0.085294	1.4437e-06	1.4938e-07
289	0.88879	0.11121	1.4046e-06	1.9897e-07
290	0.86979	0.13021	1.3848e-06	2.3562e-07
291	0.85588	0.14412	1.3796e-06	2.6333e-07
292	0.81783	0.18217	1.3394e-06	3.3249e-07
293	0.79162	0.20838	1.3105e-06	3.8426e-07
294	0.77207	0.22793	1.2986e-06	4.2455e-07
295	0.75794	0.24206	1.3014e-06	4.5587e-07
296	0.74835	0.25165	1.3175e-06	4.7986e-07
297	0.74301	0.25699	1.3477e-06	4.9686e-07
298	0.74266	0.25734	1.3802e-06	5.0475e-07
299	0.74606	0.25394	1.4276e-06	5.0515e-07
300	0.75314	0.24685	1.4902e-06	4.9715e-07
301	0.74861	0.25139	1.5376e-06	5.1267e-07
302	0.74876	0.25123	1.5875e-06	5.1869e-07
303	0.75236	0.24763	1.653e-06	5.1663e-07
304	0.74527	0.25473	2.0725e-06	7.1802e-07
305	0.74186	0.25814	2.5384e-06	9.2497e-07
306	0.74334	0.25666	2.991e-06	1.1152e-06
307	0.73191	0.26808	3.4307e-06	1.3796e-06
308	0.72503	0.27496	3.9355e-06	1.6453e-06
309	0.72312	0.27687	4.4307e-06	1.8888e-06
310	0.72501	0.27498	5.009e-06	2.1191e-06
311	0.73051	0.26948	5.6782e-06	2.3272e-06
312	0.74182	0.25817	6.369e-06	2.4749e-06
313	0.74005	0.25994	7.0136e-06	2.7411e-06
314	0.74296	0.25703	7.6669e-06	2.9608e-06
315	0.7495	0.25049	8.4349e-06	3.1413e-06
316	0.7601	0.23989	9.3435e-06	3.2641e-06
317	0.77732	0.22266	1.0318e-05	3.2773e-06
318	0.80129	0.1987	1.1527e-05	3.1541e-06
319	0.80953	0.19046	1.2474e-05	3.2419e-06
320	0.82189	0.17809	1.3602e-05	3.2432e-06
321	0.84154	0.15844	1.4828e-05	3.0924e-06
322	0.83304	0.16694	1.504e-05	3.1793e-06
323	0.80864	0.19134	1.6525e-05	4.0695e-06
324	0.791	0.20898	1.8275e-05	4.9335e-06
325	0.77999	0.21999	1.9991e-05	5.7242e-06
326	0.77429	0.22568	2.1695e-05	6.4233e-06
327	0.77345	0.22652	2.3412e-05	7.0048e-06
328	0.77593	0.22403	2.5421e-05	7.497e-06
329	0.78191	0.21806	2.7776e-05	7.8657e-06
330	0.79211	0.20785	3.0594e-05	8.0437e-06
331	0.80869	0.19126	3.361e-05	7.899e-06
332	0.83364	0.16632	3.6951e-05	7.3078e-06
333	0.87056	0.12939	4.0814e-05	6.0694e-06
334	0.88382	0.11613	4.3984e-05	5.7681e-06
335	0.90394	0.096006	4.7434e-05	5.0597e-06
336	0.93384	0.066106	5.1337e-05	3.7654e-06
337	0.97744	0.022506	5.5937e-05	1.6446e-06
338	0.9821	0.017843	5.8841e-05	1.4747e-06
339	0.98979	0.010148	6.1802e-05	1.1079e-06
340	0.98886	0.011081	6.2506e-05	1.1636e-06
341	0.98512	0.014817	6.2919e-05	1.4602e-06
342	0.98305	0.01688	6.356e-05	1.6242e-06
343	0.97669	0.023242	6.3782e-05	2.1548e-06
344	0.9596	0.040338	6.3251e-05	3.5275e-06
345	0.94813	0.051799	6.3048e-05	4.5242e-06
346	0.92051	0.079419	6.1332e-05	6.9813e-06
347	0.9001	0.09983	6.0352e-05	8.7975e-06
348	0.88536	0.11457	5.9957e-05	1.0131e-05
349	0.87519	0.12474	6.0047e-05	1.1089e-05
350	0.86983	0.1301	6.0409e-05	1.1718e-05
351	0.86768	0.13225	6.1156e-05	1.2078e-05
352	0.86859	0.13134	6.2289e-05	1.2176e-05
353	0.87262	0.1273	6.3841e-05	1.1993e-05
354	0.88119	0.11874	6.5683e-05	1.1449e-05
355	0.89397	0.10595	6.8099e-05	1.0478e-05
356	0.91147	0.088447	7.1178e-05	8.9859e-06
357	0.9348	0.065114	7.5107e-05	6.8023e-06
358	0.96543	0.034482	8.0142e-05	3.6857e-06
359	0.96783	0.032081	8.2155e-05	3.4818e-06
360	0.97234	0.027573	8.4613e-05	3.0358e-06
361	0.97274	0.027169	8.6532e-05	3.0234e-06
362	0.97479	0.025116	8.8826e-05	2.8278e-06
363	0.97862	0.021285	9.1549e-05	2.4156e-06
364	0.98529	0.014615	9.4455e-05	1.6976e-06
365	0.99477	0.0051362	9.8002e-05	5.8619e-07
366	0.99533	0.0045686	0.00010039	5.1682e-07
367	0.99717	0.0027308	0.00010278	3.1486e-07
368	0.99763	0.0022598	0.00010528	2.5643e-07
369	0.99916	0.00073515	0.00010776	8.4313e-08
370	0.99896	0.0009334	0.00010993	1.0951e-07
371	0.99825	0.0016362	0.00011225	1.9107e-07
372	0.99657	0.0033189	0.00011434	3.9948e-07
373	0.99583	0.004049	0.00011677	4.9372e-07
374	0.99618	0.0036971	0.00011919	4.6794e-07
375	0.99746	0.0024207	0.00012199	3.1735e-07
376	0.99974	0.00013946	0.0001252	1.974e-08
377	0.99969	0.0001767	0.00012841	2.48e-08
378	0.99972	0.00014972	0.00013199	2.1386e-08
379	0.99921	0.00065094	0.0001359	9.0728e-08
380	0.99828	0.0015766	0.00013955	2.3126e-07
381	0.99814	0.001716	0.00014373	2.5723e-07
382	0.99731	0.0025435	0.0001476	3.9727e-07
383	0.99744	0.002411	0.00015141	4.0313e-07
384	0.99839	0.001458	0.00015574	2.6976e-07
385	0.99868	0.0011634	0.00015975	2.5004e-07
386	0.99842	0.001411	0.0001641	3.3622e-07
387	0.99891	0.00091851	0.00016909	2.8248e-07
388	0.99749	0.0023398	0.0001705	5.4607e-07
389	0.99693	0.0028942	0.00017227	6.4312e-07
390	0.99721	0.0026166	0.00017439	5.7648e-07
391	0.99658	0.0032455	0.00017622	7.0807e-07
392	0.99684	0.0029793	0.00017845	6.5961e-07
393	0.99816	0.0016635	0.00018077	4.2056e-07
394	0.99856	0.0012545	0.00018315	3.6093e-07
395	0.99657	0.0032459	0.00018476	9.4933e-07
396	0.99557	0.0042439	0.00018684	1.2969e-06
397	0.99282	0.0069858	0.00018821	2.2202e-06
398	0.99139	0.0084202	0.00019021	2.7878e-06
399	0.9866	0.013203	0.00018987	3.7068e-06
400	0.98364	0.016167	0.00019006	4.2185e-06
401	0.98227	0.017535	0.00019073	4.3704e-06
402	0.98273	0.017072	0.0001917	4.1633e-06
403	0.98509	0.014716	0.00019299	3.57e-06
404	0.98905	0.010754	0.0001948	2.5695e-06
405	0.99549	0.0043144	0.00019707	1.0356e-06
406	0.99553	0.0042684	0.00019778	1.0121e-06
407	0.99656	0.0032442	0.00019883	7.6317e-07
408	0.99858	0.0012222	0.00020024	2.7638e-07
409	0.99917	0.00063325	0.00020123	1.3901e-07
410	0.99829	0.0015098	0.00020204	3.0181e-07
411	0.99616	0.0036356	0.00020278	6.8366e-07
412	0.99527	0.0045303	0.00020367	8.44e-07
413	0.99553	0.0042665	0.0002047	7.889e-07
414	0.99698	0.0028095	0.00020588	5.0887e-07
415	0.99479	0.0050036	0.00020601	9.8388e-07
416	0.99369	0.0061042	0.00020651	1.2146e-06
417	0.99383	0.0059651	0.00020718	1.2069e-06
418	0.99522	0.0045699	0.00020803	9.5733e-07
419	0.99524	0.0045517	0.00020853	1.0014e-06
420	0.99625	0.0035406	0.00020938	8.1768e-07
421	0.99279	0.0070007	0.00020937	1.6234e-06
422	0.99068	0.009107	0.0002098	2.1037e-06
423	0.98979	0.0099923	0.00021065	2.2951e-06
424	0.98625	0.013535	0.00021081	3.1094e-06
425	0.9846	0.015186	0.00021129	3.5378e-06
426	0.98471	0.015079	0.00021206	3.6036e-06
427	0.97152	0.028268	0.00020901	7.2446e-06
428	0.96281	0.036973	0.00020698	9.8044e-06
429	0.95699	0.042792	0.00020592	1.1514e-05
430	0.95422	0.045567	0.00020551	1.2514e-05
431	0.95344	0.046346	0.00020576	1.2964e-05
432	0.95475	0.045032	0.0002067	1.2851e-05
433	0.95809	0.041687	0.0002083	1.2198e-05
434	0.96445	0.03533	0.00021049	1.089e-05
435	0.97457	0.025204	0.00021342	8.7865e-06
436	0.97795	0.021825	0.00021434	7.4336e-06
437	0.97775	0.022033	0.00021404	7.2414e-06
438	0.97955	0.020231	0.00021418	6.5591e-06
439	0.97788	0.021901	0.00021352	6.7881e-06
440	0.97813	0.021648	0.00021324	6.577e-06
441	0.98034	0.01944	0.00021336	5.9101e-06
442	0.97949	0.020295	0.00021257	6.0972e-06
443	0.98019	0.019595	0.00021232	5.8602e-06
444	0.98239	0.017392	0.00021258	5.2117e-06
445	0.9817	0.018087	0.00021198	5.3644e-06
446	0.9825	0.017286	0.00021189	5.1137e-06
447	0.98525	0.014537	0.00021219	4.4247e-06
448	0.97881	0.020976	0.00021034	6.0112e-06
449	0.97505	0.024738	0.00020905	6.9927e-06
450	0.97305	0.026735	0.00020833	7.4968e-06
451	0.97269	0.027095	0.00020813	7.5679e-06
452	0.97394	0.02584	0.00020846	7.2131e-06
453	0.97702	0.022764	0.00020937	6.3648e-06
454	0.982	0.017788	0.00021092	4.9842e-06
455	0.98919	0.010598	0.0002132	2.9534e-06
456	0.992	0.0077828	0.00021423	2.1588e-06
457	0.99266	0.0071185	0.0002146	1.9618e-06
458	0.99445	0.0053337	0.00021535	1.4714e-06
459	0.99755	0.0022336	0.00021658	6.1896e-07
460	0.9971	0.0026853	0.00021681	7.1357e-07
461	0.99761	0.0021763	0.00021719	5.9954e-07
462	0.99917	0.00061352	0.00021775	2.5846e-07
463	0.99757	0.0022134	0.00021743	9.2158e-07
464	0.99401	0.0057758	0.00021614	2.4934e-06
465	0.99186	0.0079229	0.00021552	3.5203e-06
466	0.98645	0.013332	0.00021328	6.0843e-06
467	0.98298	0.016802	0.00021199	7.8235e-06
468	0.98155	0.018226	0.00021131	8.8888e-06
469	0.97632	0.023459	0.00020869	1.1837e-05
470	0.97304	0.026742	0.00020706	1.3891e-05
471	0.97197	0.027813	0.00020615	1.5169e-05
472	0.96634	0.033437	0.00020277	1.887e-05
473	0.95037	0.049413	0.00019595	2.4715e-05
474	0.93888	0.060896	0.00019104	2.8777e-05
475	0.93176	0.068018	0.00018742	3.1496e-05
476	0.92756	0.072221	0.00018499	3.3145e-05
477	0.92596	0.073823	0.00018358	3.3903e-05
478	0.92739	0.072395	0.00018291	3.3862e-05
479	0.93121	0.068576	0.00018308	3.3091e-05
480	0.92829	0.07149	0.0001813	3.4368e-05
481	0.92788	0.071904	0.00018047	3.4801e-05
482	0.92993	0.069852	0.00018053	3.4442e-05
483	0.93461	0.065177	0.00018152	3.3258e-05
484	0.93258	0.067207	0.00018011	3.2828e-05
485	0.923	0.076794	0.00017648	3.4515e-05
486	0.91657	0.083223	0.00017389	3.5339e-05
487	0.91372	0.086072	0.00017204	3.5341e-05
488	0.91426	0.085537	0.00017089	3.4534e-05
489	0.91747	0.08233	0.00017074	3.293e-05
490	0.92449	0.075308	0.00017146	3.0365e-05
491	0.93478	0.065022	0.00017337	2.6785e-05
492	0.94934	0.050457	0.00017688	2.1787e-05
493	0.93308	0.066727	0.0001712	2.5822e-05
494	0.92263	0.077176	0.00016683	2.8459e-05
495	0.91663	0.083176	0.00016343	3.002e-05
496	0.91333	0.086474	0.00016098	3.0811e-05
497	0.91345	0.086357	0.0001592	3.0836e-05
498	0.91603	0.083782	0.00015823	3.0228e-05
499	0.91184	0.087975	0.00015532	3.1455e-05
500	0.91101	0.088807	0.00015309	3.1907e-05
501	0.91283	0.086984	0.00015175	3.1666e-05
502	0.88761	0.1122	0.00014244	3.9307e-05
503	0.86867	0.13115	0.00013542	4.4819e-05
504	0.85636	0.14346	0.00013006	4.859e-05
505	0.82262	0.17721	0.00011953	5.341e-05
506	0.79766	0.20217	0.00011153	5.6214e-05
507	0.77911	0.22073	0.00010529	5.7667e-05
508	0.73007	0.26977	9.4973e-05	6.3616e-05
509	0.696	0.30384	8.6916e-05	6.7141e-05
510	0.67025	0.3296	8.0766e-05	6.9106e-05
511	0.65118	0.34868	7.6077e-05	6.9926e-05
512	0.63804	0.36182	7.2627e-05	6.9826e-05
513	0.63126	0.3686	6.9897e-05	6.8873e-05
514	0.62834	0.37152	6.7967e-05	6.7393e-05
515	0.62911	0.37076	6.677e-05	6.5434e-05
516	0.63529	0.36458	6.6121e-05	6.2807e-05
517	0.64609	0.35378	6.6335e-05	5.9588e-05
518	0.66388	0.33599	6.7253e-05	5.5558e-05
519	0.6913	0.30858	6.9091e-05	5.0485e-05
520	0.68072	0.31916	6.6135e-05	5.0458e-05
521	0.67573	0.32416	6.3714e-05	4.9784e-05
522	0.67442	0.32547	6.1966e-05	4.8675e-05
523	0.67672	0.32317	6.0836e-05	4.7168e-05
524	0.68278	0.31711	6.0318e-05	4.5252e-05
525	0.69337	0.30653	6.0517e-05	4.2827e-05
526	0.69207	0.30783	5.9144e-05	4.1883e-05
527	0.69589	0.30401	5.8168e-05	4.0445e-05
528	0.70392	0.29598	5.7828e-05	3.8581e-05
529	0.69894	0.30097	5.6272e-05	3.8106e-05
530	0.6976	0.30231	5.5238e-05	3.7268e-05
531	0.70111	0.2988	5.4565e-05	3.5998e-05
532	0.70879	0.29112	5.4469e-05	3.4319e-05
533	0.72252	0.2774	5.4825e-05	3.2119e-05
534	0.74168	0.25824	5.5863e-05	2.9385e-05
535	0.77081	0.2291	5.7654e-05	2.5822e-05
536	0.80908	0.19084	6.0488e-05	2.1363e-05
537	0.85889	0.14103	6.4641e-05	1.5724e-05
538	0.92338	0.076541	7.0489e-05	8.5204e-06
539	0.94497	0.054953	7.0571e-05	6.323e-06
540	0.94372	0.056206	6.8706e-05	6.2831e-06
541	0.9351	0.064831	6.6416e-05	6.8587e-06
542	0.93039	0.069539	6.4354e-05	7.1128e-06
543	0.92885	0.071077	6.2453e-05	7.116e-06
544	0.9201	0.079832	5.9802e-05	7.7516e-06
545	0.91462	0.085309	5.7671e-05	8.0655e-06
546	0.91201	0.087923	5.5972e-05	8.1262e-06
547	0.89945	0.10049	5.3716e-05	8.9051e-06
548	0.89201	0.10792	5.1756e-05	9.3096e-06
549	0.88874	0.1112	5.0007e-05	9.4217e-06
550	0.87378	0.12616	4.7606e-05	1.0345e-05
551	0.86349	0.13646	4.5742e-05	1.0876e-05
552	0.85811	0.14184	4.413e-05	1.1086e-05
553	0.85578	0.14416	4.286e-05	1.1076e-05
554	0.84194	0.15801	4.1013e-05	1.1769e-05
555	0.83268	0.16727	3.9607e-05	1.2134e-05
556	0.80523	0.19471	3.7308e-05	1.3496e-05
557	0.78521	0.21474	3.5598e-05	1.4361e-05
558	0.77112	0.22884	3.4342e-05	1.4858e-05
559	0.73073	0.26922	3.1913e-05	1.6597e-05
560	0.70346	0.29649	3.0076e-05	1.7707e-05
561	0.68534	0.31461	2.8652e-05	1.8369e-05
562	0.67423	0.32572	2.7536e-05	1.8688e-05
563	0.66738	0.33258	2.6724e-05	1.8772e-05
564	0.66591	0.33405	2.6117e-05	1.8615e-05
565	0.60431	0.39565	2.2854e-05	1.9125e-05
566	0.56121	0.43875	2.0268e-05	1.8868e-05
567	0.52908	0.47089	1.8339e-05	1.8173e-05
568	0.45023	0.54974	1.537e-05	2.0938e-05
569	0.39562	0.60434	1.3222e-05	2.2863e-05
570	0.3581	0.64186	1.1667e-05	2.4179e-05
571	0.33274	0.66723	1.0543e-05	2.5048e-05
572	0.31373	0.68624	9.7251e-06	2.5641e-05
573	0.30162	0.69834	9.1387e-06	2.5988e-05
574	0.29391	0.70606	8.7554e-06	2.6164e-05
575	0.29098	0.70898	8.5168e-06	2.6181e-05
576	0.29124	0.70873	8.4128e-06	2.6092e-05
577	0.29625	0.70372	8.4352e-06	2.5862e-05
578	0.30522	0.69475	8.6061e-06	2.5514e-05
579	0.30031	0.69966	8.3642e-06	2.5608e-05
580	0.3002	0.69976	8.2544e-06	2.5557e-05
581	0.30364	0.69632	8.2834e-06	2.5395e-05
582	0.31053	0.68943	8.4424e-06	2.5129e-05
583	0.32171	0.67825	8.7628e-06	2.4729e-05
584	0.33996	0.66	9.2656e-06	2.4133e-05
585	0.3644	0.63557	9.9916e-06	2.3339e-05
586	0.39657	0.6034	1.1004e-05	2.2284e-05
587	0.43849	0.56148	1.2388e-05	2.0882e-05
588	0.49937	0.5006	1.4311e-05	1.8926e-05
589	0.52071	0.47926	1.502e-05	1.8215e-05
590	0.54924	0.45072	1.6024e-05	1.7236e-05
591	0.58678	0.41319	1.7409e-05	1.5904e-05
592	0.63568	0.36429	1.9292e-05	1.4101e-05
593	0.70537	0.2946	2.1854e-05	1.1604e-05
594	0.80585	0.19412	2.5387e-05	8.1167e-06
595	0.84542	0.15454	2.6888e-05	6.6952e-06
596	0.89687	0.10309	2.8929e-05	4.7662e-06
597	0.96499	0.034974	3.1763e-05	2.0852e-06
598	0.97168	0.028291	3.232e-05	1.7913e-06
599	0.9668	0.033165	3.2306e-05	2.0441e-06
600	0.96462	0.035347	3.2375e-05	2.1879e-06
601	0.95681	0.043159	3.2111e-05	2.6408e-06
602	0.95245	0.047511	3.1976e-05	2.9393e-06
603	0.95026	0.049702	3.1993e-05	3.1254e-06
604	0.91807	0.081896	3.0222e-05	5.0744e-06
605	0.89627	0.1037	2.8962e-05	6.4889e-06
606	0.88045	0.11951	2.8125e-05	7.5224e-06
607	0.87045	0.12952	2.7555e-05	8.2667e-06
608	0.86397	0.13599	2.7229e-05	8.8048e-06
609	0.86086	0.1391	2.7128e-05	9.1597e-06
610	0.84519	0.15477	2.6387e-05	1.02e-05
611	0.83573	0.16423	2.5919e-05	1.0943e-05
612	0.82988	0.17008	2.5693e-05	1.1484e-05
613	0.82834	0.17163	2.5636e-05	1.1834e-05
614	0.81451	0.18546	2.4919e-05	1.2289e-05
615	0.80502	0.19495	2.4435e-05	1.2549e-05
616	0.79927	0.2007	2.4151e-05	1.2644e-05
617	0.79718	0.20279	2.4068e-05	1.2578e-05
618	0.78332	0.21664	2.3469e-05	1.3007e-05
619	0.77425	0.22571	2.3109e-05	1.3235e-05
620	0.77021	0.22975	2.2907e-05	1.3286e-05
621	0.77073	0.22923	2.2852e-05	1.3171e-05
622	0.75799	0.24197	2.2311e-05	1.3575e-05
623	0.74993	0.25004	2.1999e-05	1.3786e-05
624	0.74687	0.2531	2.1842e-05	1.3824e-05
625	0.74845	0.25152	2.1832e-05	1.3698e-05
626	0.75355	0.24641	2.2001e-05	1.3424e-05
627	0.76249	0.23747	2.2369e-05	1.2983e-05
628	0.77794	0.22202	2.2956e-05	1.2304e-05
629	0.79967	0.20029	2.3865e-05	1.1339e-05
630	0.83162	0.16835	2.5134e-05	9.9946e-06
631	0.87758	0.12238	2.6885e-05	8.1489e-06
632	0.89498	0.10498	2.7389e-05	6.8315e-06
633	0.91882	0.081151	2.8352e-05	5.1364e-06
634	0.92746	0.07251	2.8424e-05	4.4116e-06
635	0.94107	0.058897	2.869e-05	3.4551e-06
636	0.96128	0.038693	2.9213e-05	2.2046e-06
637	0.99099	0.008984	3.0093e-05	5.5304e-07
638	0.9943	0.005667	2.9594e-05	3.5482e-07
639	0.99531	0.0046579	2.9046e-05	2.8248e-07
640	0.99143	0.0085448	2.8258e-05	4.122e-07
641	0.989	0.010968	2.7593e-05	4.8423e-07
642	0.98797	0.012003	2.7046e-05	5.0529e-07
643	0.98336	0.016613	2.6443e-05	6.3794e-07
644	0.98049	0.01948	2.5952e-05	7.0962e-07
645	0.97966	0.020312	2.5487e-05	7.241e-07
646	0.97517	0.024806	2.4872e-05	8.5668e-07
647	0.97254	0.027439	2.4372e-05	9.257e-07
648	0.97214	0.027834	2.3901e-05	9.3446e-07
649	0.96681	0.033167	2.3339e-05	1.0837e-06
650	0.96415	0.035825	2.2822e-05	1.1592e-06
651	0.96334	0.036641	2.241e-05	1.1779e-06
652	0.96444	0.035537	2.2102e-05	1.1408e-06
653	0.96799	0.031988	2.1825e-05	1.0475e-06
654	0.97368	0.026301	2.1646e-05	8.9833e-07
655	0.96804	0.031942	2.1205e-05	1.0567e-06
656	0.96511	0.034872	2.0812e-05	1.1442e-06
657	0.96402	0.035954	2.0511e-05	1.1771e-06
658	0.96533	0.034644	2.0243e-05	1.154e-06
659	0.96865	0.031325	2.0068e-05	1.0783e-06
660	0.97406	0.02592	1.9979e-05	9.4953e-07
661	0.97479	0.025193	1.9171e-05	8.4531e-07
662	0.97763	0.022347	1.8361e-05	6.9494e-07
663	0.98294	0.017045	1.7548e-05	4.9693e-07
664	0.98409	0.015891	1.6703e-05	4.2269e-07
665	0.9872	0.012779	1.5839e-05	3.1485e-07
666	0.99258	0.0074063	1.4956e-05	1.7466e-07
667	0.99439	0.0055982	1.4088e-05	1.2218e-07
668	0.99444	0.0055453	1.3278e-05	1.0693e-07
669	0.99555	0.0044416	1.2566e-05	7.5919e-08
670	0.99185	0.0081419	1.1747e-05	1.1204e-07
671	0.9899	0.01009	1.0909e-05	1.2432e-07
672	0.98952	0.010466	1.0043e-05	1.1812e-07
673	0.98636	0.013627	9.2368e-06	1.376e-07
674	0.98509	0.014898	8.4063e-06	1.3677e-07
675	0.98524	0.014755	7.6715e-06	1.2218e-07
676	0.98714	0.012852	6.9052e-06	9.613e-08
677	0.99053	0.009465	6.2164e-06	6.2946e-08
678	0.99113	0.0088661	5.5727e-06	5.113e-08
679	0.99327	0.0067252	4.8976e-06	3.2999e-08
680	0.99676	0.0032317	4.287e-06	1.1472e-08
681	0.99824	0.001755	4.2418e-06	7.0788e-09
682	0.99706	0.0029399	4.1992e-06	1.3375e-08
683	0.99678	0.0032118	4.1737e-06	1.5268e-08
684	0.9974	0.0025908	4.1647e-06	1.302e-08
685	0.99706	0.0029319	4.1644e-06	1.5034e-08
686	0.99771	0.0022866	4.159e-06	1.2949e-08
687	0.99757	0.0024284	4.1397e-06	1.5198e-08
688	0.99636	0.003636	4.1254e-06	2.3765e-08
689	0.99292	0.0070796	4.108e-06	4.6341e-08
690	0.9909	0.0090926	4.1111e-06	6.0551e-08
691	0.98511	0.014891	3.9238e-06	7.8594e-08
692	0.9818	0.018195	3.7335e-06	8.5893e-08
693	0.98008	0.019913	3.5686e-06	8.5772e-08
694	0.98023	0.019767	3.3981e-06	7.8823e-08
695	0.98226	0.01774	3.2206e-06	6.5844e-08
696	0.9865	0.013495	3.0348e-06	4.6955e-08
697	0.98725	0.012747	2.8578e-06	4.081e-08
698	0.98969	0.010312	2.672e-06	3.0523e-08
699	0.99419	0.0058118	2.4759e-06	1.6298e-08
700	0.99296	0.0070389	2.2852e-06	1.7839e-08
701	0.99303	0.0069634	2.0846e-06	1.6257e-08
702	0.99133	0.008667	1.866e-06	1.8555e-08
703	0.99079	0.0092036	1.6691e-06	1.7933e-08
704	0.99139	0.0086072	1.4915e-06	1.5239e-08
705	0.99316	0.0068401	1.3309e-06	1.1046e-08
706	0.9888	0.011195	1.1776e-06	1.5358e-08
707	0.98605	0.013949	1.0402e-06	1.6548e-08
708	0.98472	0.015278	9.1628e-07	1.5613e-08
709	0.9793	0.020699	8.0113e-07	1.7616e-08
710	0.97633	0.023672	6.802e-07	1.6771e-08
711	0.97512	0.024881	5.7189e-07	1.4248e-08
712	0.96924	0.030762	4.5344e-07	1.3483e-08
713	0.96565	0.034345	3.4728e-07	1.0692e-08
714	0.9645	0.035503	2.3452e-07	6.5174e-09
715	0.95828	0.041718	2.2773e-07	8.2577e-09
716	0.9544	0.0456	2.2239e-07	9.2852e-09
717	0.95275	0.047246	2.1872e-07	9.683e-09
718	0.94344	0.056558	2.1415e-07	1.1634e-08
719	0.93795	0.062049	2.0667e-07	1.2579e-08
720	0.93576	0.064242	1.9604e-07	1.2621e-08
721	0.93657	0.063426	1.8212e-07	1.1884e-08
722	0.93981	0.060189	1.6972e-07	1.0642e-08
723	0.94571	0.054289	1.5865e-07	8.9463e-09
724	0.95572	0.044279	1.4414e-07	6.7092e-09
725	0.96943	0.030569	1.3041e-07	4.1951e-09
726	0.97411	0.025889	1.1564e-07	3.1207e-09
727	0.97426	0.025742	1.0053e-07	2.6327e-09
728	0.97648	0.023522	8.1925e-08	1.9224e-09
729	0.98047	0.019529	6.3566e-08	1.1503e-09
730	0.98718	0.012824	4.1507e-08	3.9718e-10
731	0.98548	0.014522	4.7985e-08	6.1711e-10
732	0.9852	0.014796	5.3859e-08	7.5513e-10
733	0.98633	0.013666	5.9219e-08	7.848e-10
734	0.98467	0.015328	6.3879e-08	9.5042e-10
735	0.98446	0.015544	6.8142e-08	1.0002e-09
736	0.98131	0.018687	6.8914e-08	1.2088e-09
737	0.98022	0.019779	6.6541e-08	1.2359e-09
738	0.98104	0.018965	6.1007e-08	1.0925e-09
739	0.98335	0.016652	5.4891e-08	8.3762e-10
740	0.98782	0.012183	4.5621e-08	4.8391e-10
741	0.99511	0.0048921	3.3024e-08	1.0992e-10
742	0.99215	0.0078523	4.3962e-08	3.2242e-10
743	0.99056	0.0094425	5.4413e-08	5.1114e-10
744	0.99022	0.0097819	6.4533e-08	6.3421e-10
745	0.99137	0.0086325	7.1376e-08	6.3668e-10
746	0.99063	0.0093717	7.472e-08	7.5754e-10
747	0.9911	0.0089046	7.7777e-08	7.6854e-10
748	0.98261	0.017386	7.975e-08	1.5309e-09
749	0.97676	0.023242	8.1606e-08	2.0684e-09
750	0.97359	0.026411	8.0314e-08	2.3453e-09
751	0.97215	0.027853	7.8676e-08	2.4233e-09
752	0.97279	0.027205	7.3943e-08	2.2693e-09
753	0.97511	0.02489	6.881e-08	1.9545e-09
754	0.97938	0.020621	6.3409e-08	1.4938e-09
755	0.98575	0.014251	5.7459e-08	9.2325e-10
756	0.99462	0.0053779	5.087e-08	2.8246e-10
757	0.992	0.0080034	5.5579e-08	4.4474e-10
758	0.99062	0.0093766	5.9552e-08	5.3541e-10
759	0.99073	0.0092679	6.0357e-08	5.2336e-10
760	0.99234	0.0076629	5.7999e-08	4.0583e-10
761	0.99186	0.0081399	5.4735e-08	3.8683e-10
762	0.99254	0.0074622	5.0881e-08	2.8837e-10
763	0.98627	0.013731	8.1598e-08	1.1239e-09
764	0.93676	0.063239	1.0244e-07	7.7645e-09
765	0.89862	0.10138	1.2302e-07	1.5561e-08
766	0.86945	0.13055	1.4408e-07	2.3945e-08
767	0.84958	0.15042	1.6147e-07	3.1911e-08
768	0.79713	0.20287	1.7184e-07	4.8434e-08
769	0.76121	0.23879	1.7973e-07	6.3254e-08
770	0.73394	0.26605	1.8964e-07	7.7129e-08
771	0.66842	0.33158	1.8272e-07	1.0382e-07
772	0.62251	0.37749	1.7622e-07	1.2623e-07
773	0.58735	0.41265	1.731e-07	1.4608e-07
774	0.56142	0.43858	1.7345e-07	1.6371e-07
775	0.54478	0.45522	1.7343e-07	1.778e-07
776	0.53323	0.46677	1.7584e-07	1.9032e-07
777	0.52606	0.47394	1.8058e-07	2.0145e-07
778	0.52316	0.47684	1.8807e-07	2.112e-07
779	0.52562	0.47438	1.9494e-07	2.1762e-07
780	0.53193	0.46807	2.0457e-07	2.2234e-07
781	0.54424	0.45576	2.1419e-07	2.232e-07
782	0.54159	0.45841	2.1854e-07	2.3046e-07
783	0.54429	0.4557	2.2242e-07	2.3419e-07
784	0.55088	0.44911	2.2926e-07	2.361e-07
785	0.56386	0.43613	2.3612e-07	2.3396e-07
786	0.58277	0.41722	2.4739e-07	2.2901e-07
787	0.5855	0.4145	2.5276e-07	2.3165e-07
788	0.59364	0.40636	2.5774e-07	2.3068e-07
789	0.6063	0.3937	2.6633e-07	2.2743e-07
790	0.6265	0.3735	2.7536e-07	2.197e-07
791	0.65368	0.34632	2.8934e-07	2.0843e-07
792	0.66072	0.33928	2.9489e-07	2.0704e-07
793	0.65456	0.34544	2.9515e-07	2.126e-07
794	0.65221	0.34779	2.9881e-07	2.1627e-07
795	0.65383	0.34617	3.0645e-07	2.1798e-07
796	0.64317	0.35683	3.0379e-07	2.2566e-07
797	0.63676	0.36324	3.0488e-07	2.3117e-07
798	0.63451	0.36549	3.1009e-07	2.3463e-07
799	0.63627	0.36373	3.1951e-07	2.3599e-07
800	0.64325	0.35675	3.2859e-07	2.3348e-07
801	0.65661	0.34339	3.3781e-07	2.2646e-07
802	0.65543	0.34457	3.4025e-07	2.2796e-07
803	0.65924	0.34076	3.4209e-07	2.2581e-07
804	0.66696	0.33304	3.4796e-07	2.2138e-07
805	0.67907	0.32093	3.5831e-07	2.1424e-07
806	0.69849	0.30151	3.6926e-07	2.022e-07
807	0.72806	0.27194	3.8171e-07	1.8418e-07
808	0.73868	0.26132	3.7891e-07	1.7685e-07
809	0.75638	0.24362	3.7539e-07	1.6565e-07
810	0.78035	0.21965	3.7672e-07	1.5161e-07
811	0.78668	0.21332	3.7038e-07	1.4719e-07
812	0.79843	0.20157	3.6251e-07	1.3985e-07
813	0.8155	0.1845	3.5931e-07	1.3024e-07
814	0.81912	0.18088	3.5139e-07	1.2783e-07
815	0.82614	0.17386	3.4684e-07	1.2381e-07
816	0.83702	0.16298	3.4577e-07	1.1801e-07
817	0.83701	0.16299	2.8244e-07	9.1167e-08
818	0.84111	0.15889	2.1396e-07	6.3054e-08
819	0.84887	0.15113	1.5067e-07	3.6688e-08
820	0.84759	0.15241	1.5166e-07	3.7021e-08
821	0.84927	0.15073	1.536e-07	3.6637e-08
822	0.85428	0.14572	1.5687e-07	3.5448e-08
823	0.84993	0.15007	1.589e-07	3.6162e-08
824	0.8496	0.1504	1.5839e-07	3.5734e-08
825	0.85247	0.14753	1.592e-07	3.4534e-08
826	0.84635	0.15365	1.5479e-07	3.488e-08
827	0.84444	0.15556	1.479e-07	3.401e-08
828	0.84575	0.15425	1.4229e-07	3.2404e-08
829	0.83603	0.16397	1.359e-07	3.2664e-08
830	0.83025	0.16975	1.308e-07	3.202e-08
831	0.82797	0.17203	1.2681e-07	3.0614e-08
832	0.81349	0.18651	1.2149e-07	3.082e-08
833	0.8051	0.1949	1.14e-07	2.9563e-08
834	0.80061	0.19939	1.0758e-07	2.7474e-08
835	0.78284	0.21716	9.658e-08	2.6274e-08
836	0.77016	0.22984	8.6692e-08	2.388e-08
837	0.76314	0.23686	7.4757e-08	2.0064e-08
838	0.68322	0.31678	8.5042e-08	4.0368e-08
839	0.62798	0.37202	9.1275e-08	6.0852e-08
840	0.58545	0.41455	9.7664e-08	8.1759e-08
841	0.55296	0.44704	1.0467e-07	1.0272e-07
842	0.52911	0.47089	1.1303e-07	1.2346e-07
843	0.51212	0.48788	1.2302e-07	1.4387e-07
844	0.46829	0.53171	1.206e-07	1.725e-07
845	0.43855	0.56145	1.1808e-07	1.9744e-07
846	0.41617	0.58383	1.1766e-07	2.2104e-07
847	0.40024	0.59976	1.196e-07	2.4349e-07
848	0.39079	0.60921	1.2123e-07	2.626e-07
849	0.38565	0.61435	1.2508e-07	2.8071e-07
850	0.38442	0.61558	1.3121e-07	2.9786e-07
851	0.38702	0.61298	1.3988e-07	3.1395e-07
852	0.39363	0.60637	1.5155e-07	3.2867e-07
853	0.4064	0.5936	1.64e-07	3.3867e-07
854	0.42434	0.57566	1.8048e-07	3.4598e-07
855	0.42597	0.57403	1.9054e-07	3.6134e-07
856	0.43163	0.56837	2.0436e-07	3.7501e-07
857	0.44336	0.55664	2.192e-07	3.8351e-07
858	0.46064	0.53935	2.3956e-07	3.8871e-07
859	0.48734	0.51266	2.6323e-07	3.8636e-07
860	0.52341	0.47659	2.9607e-07	3.7723e-07
861	0.57156	0.42844	3.4142e-07	3.5825e-07
862	0.59043	0.40957	3.643e-07	3.5717e-07
863	0.59246	0.40754	3.7774e-07	3.6793e-07
864	0.59833	0.40167	3.9637e-07	3.7605e-07
865	0.6088	0.3912	4.2183e-07	3.8061e-07
866	0.62419	0.37581	4.5479e-07	3.8063e-07
867	0.64545	0.35455	4.9724e-07	3.7437e-07
868	0.67393	0.32607	5.5198e-07	3.5932e-07
869	0.71532	0.28468	6.1654e-07	3.2933e-07
870	0.77558	0.22442	6.9633e-07	2.7872e-07
871	0.80037	0.19963	7.3683e-07	2.6191e-07
872	0.83313	0.16687	7.9109e-07	2.3517e-07
873	0.84455	0.15545	8.2874e-07	2.299e-07
874	0.86105	0.13895	8.7846e-07	2.1776e-07
875	0.88565	0.11435	9.327e-07	1.9533e-07
876	0.91802	0.081976	1.0036e-06	1.6094e-07
877	0.91829	0.081705	1.0392e-06	1.6754e-07
878	0.92098	0.079016	1.0838e-06	1.7068e-07
879	0.89161	0.10839	1.0797e-06	2.2975e-07
880	0.87153	0.12847	1.0804e-06	2.7756e-07
881	0.85674	0.14326	1.0946e-06	3.1792e-07
882	0.84631	0.15368	1.1209e-06	3.523e-07
883	0.83988	0.16012	1.1605e-06	3.8111e-07
884	0.8367	0.1633	1.2118e-06	4.0532e-07
885	0.83682	0.16318	1.2772e-06	4.2435e-07
886	0.83999	0.16001	1.3565e-06	4.3787e-07
887	0.8464	0.1536	1.452e-06	4.4441e-07
888	0.84269	0.15731	1.5343e-06	4.7407e-07
889	0.84226	0.15774	1.635e-06	4.9754e-07
890	0.84483	0.15516	1.7544e-06	5.1416e-07
891	0.85057	0.14943	1.8956e-06	5.2188e-07
892	0.86116	0.13883	2.0421e-06	5.1436e-07
893	0.86132	0.13867	2.1718e-06	5.3719e-07
894	0.86462	0.13538	2.328e-06	5.5033e-07
895	0.85957	0.14042	2.4436e-06	5.9244e-07
896	0.85779	0.14221	2.5859e-06	6.2529e-07
897	0.85986	0.14014	2.73e-06	6.4512e-07
898	0.86604	0.13395	2.8787e-06	6.4933e-07
899	0.87574	0.12426	3.0592e-06	6.3744e-07
900	0.88994	0.11006	3.2826e-06	6.0202e-07
901	0.89315	0.10684	3.4812e-06	6.1263e-07
902	0.90031	0.099685	3.6857e-06	6.0419e-07
903	0.91252	0.08748	3.9022e-06	5.7017e-07
904	0.91463	0.085368	4.0923e-06	5.8427e-07
905	0.91933	0.080667	4.3186e-06	5.8315e-07
906	0.92797	0.072028	4.5535e-06	5.5924e-07
907	0.92885	0.071146	4.7704e-06	5.7928e-07
908	0.93284	0.06715	4.991e-06	5.8078e-07
909	0.93949	0.060508	5.2544e-06	5.6279e-07
910	0.94946	0.050529	5.574e-06	5.1719e-07
911	0.96318	0.03681	5.9569e-06	4.3635e-07
912	0.98151	0.018488	6.4192e-06	3.0697e-07
913	0.97678	0.023217	6.4311e-06	3.4279e-07
914	0.97404	0.025952	6.4776e-06	3.6094e-07
915	0.97343	0.026561	6.5294e-06	3.6252e-07
916	0.97488	0.025116	6.587e-06	3.4721e-07
917	0.97815	0.021843	6.6801e-06	3.1337e-07
918	0.9841	0.015889	6.7848e-06	2.5602e-07
919	0.98563	0.014367	6.6382e-06	2.1565e-07
920	0.98861	0.011382	6.5283e-06	1.595e-07
921	0.99388	0.0061177	6.4251e-06	8.1716e-08
922	0.99578	0.0042107	6.2979e-06	5.0865e-08
923	0.99617	0.0038201	6.1365e-06	4.0513e-08
924	0.99774	0.0022509	5.9681e-06	2.1891e-08
925	0.9983	0.0016922	5.7725e-06	1.4929e-08
926	0.99968	0.00031141	5.6038e-06	2.4831e-09
927	0.99981	0.00018687	5.4086e-06	1.2625e-09
928	0.99774	0.0022591	5.1799e-06	1.303e-08
929	0.99663	0.0033695	4.9793e-06	1.8523e-08
930	0.99641	0.003588	4.8041e-06	1.8874e-08
931	0.99493	0.0050627	4.6088e-06	2.5703e-08
932	0.99447	0.0055291	4.4384e-06	2.6991e-08
933	0.99503	0.0049655	4.293e-06	2.3214e-08
934	0.99667	0.0033295	4.171e-06	1.4564e-08
935	0.997	0.003	4.0307e-06	1.2374e-08
936	0.99637	0.0036284	3.8735e-06	1.4298e-08
937	0.99435	0.0056448	3.6977e-06	2.1578e-08
938	0.99343	0.0065678	3.5439e-06	2.3934e-08
939	0.9938	0.0061918	3.3816e-06	2.1813e-08
940	0.99257	0.0074273	3.2003e-06	2.5479e-08
941	0.99242	0.0075764	3.0403e-06	2.5025e-08
942	0.99341	0.0065871	2.9017e-06	2.0856e-08
943	0.99261	0.0073829	2.7748e-06	2.1937e-08
944	0.99316	0.0068332	2.6402e-06	1.9393e-08
