#coord	neutral	conserved	gBGC.neutral	gBGC.conserved
1	0.85262	0.1472	0.00015808	2.8344e-05
2	0.86085	0.13897	0.00015708	2.6345e-05
3	0.87334	0.12648	0.00015708	2.3546e-05
4	0.8925	0.10732	0.00015807	1.9671e-05
5	0.9206	0.079227	0.00016032	1.4423e-05
6	0.96168	0.038145	0.00016435	7.2761e-06
7	0.9777	0.022135	0.00016425	4.4566e-06
8	0.97767	0.022168	0.00016204	4.4578e-06
9	0.97926	0.020579	0.00016031	4.1548e-06
10	0.98247	0.017368	0.00015902	3.558e-06
11	0.98222	0.017623	0.00015728	3.5782e-06
12	0.98345	0.016389	0.00015597	3.3224e-06
13	0.9866	0.013244	0.00015488	2.7602e-06
14	0.98665	0.013193	0.00015338	2.7483e-06
15	0.98807	0.011775	0.00015226	2.4886e-06
16	0.98694	0.01291	0.00015081	2.6849e-06
17	0.98707	0.012777	0.00014971	2.6509e-06
18	0.98856	0.011287	0.00014896	2.374e-06
19	0.99143	0.008423	0.00014857	1.8535e-06
20	0.99642	0.0034264	0.00014844	9.983e-07
21	0.99604	0.0038102	0.00014447	9.5855e-07
22	0.99431	0.0055509	0.00014009	1.1744e-06
23	0.99363	0.006235	0.00013616	1.2104e-06
24	0.99068	0.0091895	0.00013228	1.5685e-06
25	0.98913	0.010735	0.00012886	1.7033e-06
26	0.98881	0.011059	0.00012584	1.6569e-06
27	0.99005	0.0098275	0.00012289	1.4128e-06
28	0.993	0.0068793	0.00012002	9.6447e-07
29	0.9976	0.002283	0.00011759	3.0833e-07
30	0.99968	0.00021018	0.00011462	3.3259e-08
31	0.99942	0.00046587	0.00011299	7.2645e-08
32	0.99894	0.00095305	0.00011144	1.5204e-07
33	0.99914	0.00075232	0.00011011	1.4425e-07
34	0.99739	0.0025037	0.00010514	3.2516e-07
35	0.99673	0.0031681	0.00010012	3.7991e-07
36	0.99696	0.0029415	9.5543e-05	3.3506e-07
37	0.99623	0.0036772	9.0699e-05	3.966e-07
38	0.99639	0.0035271	8.624e-05	3.6737e-07
39	0.99522	0.0046978	8.2044e-05	4.5656e-07
40	0.99507	0.004856	7.8225e-05	4.4873e-07
41	0.99309	0.0068328	7.4497e-05	5.8579e-07
42	0.99231	0.0076172	7.1123e-05	6.1538e-07
43	0.99266	0.007268	6.8067e-05	5.5543e-07
44	0.99129	0.0086438	6.4763e-05	6.2305e-07
45	0.99112	0.0088153	6.177e-05	6.0079e-07
46	0.992	0.0079369	5.9052e-05	5.0974e-07
47	0.99417	0.0057781	5.6298e-05	3.532e-07
48	0.99443	0.0055134	5.3306e-05	3.2109e-07
49	0.99565	0.004302	5.0571e-05	2.3864e-07
50	0.99528	0.0046742	4.7944e-05	2.4153e-07
51	0.99594	0.004016	4.5262e-05	1.9711e-07
52	0.99529	0.0046689	4.2704e-05	2.1343e-07
53	0.99562	0.0043377	4.0365e-05	1.8414e-07
54	0.99716	0.0027969	3.7976e-05	1.1167e-07
55	0.99535	0.0046125	3.5697e-05	1.6605e-07
56	0.99481	0.0051589	3.3378e-05	1.7193e-07
57	0.99522	0.0047443	3.1234e-05	1.44e-07
58	0.9943	0.0056702	2.8969e-05	1.5731e-07
59	0.98283	0.017138	2.6347e-05	4.3943e-07
60	0.97542	0.024555	2.3779e-05	5.7644e-07
61	0.95653	0.043446	2.1171e-05	9.1571e-07
62	0.94275	0.05723	1.8896e-05	1.0699e-06
63	0.93386	0.06612	1.6683e-05	1.0878e-06
64	0.92896	0.071021	1.4484e-05	1.0095e-06
65	0.92741	0.072575	1.2266e-05	8.6674e-07
66	0.92815	0.07184	1.0212e-05	6.9565e-07
67	0.932	0.067995	8.1052e-06	5.015e-07
68	0.93847	0.06152	6.1272e-06	3.1083e-07
69	0.94934	0.050653	4.0592e-06	1.2994e-07
70	0.95268	0.047315	3.7173e-06	1.129e-07
71	0.95929	0.040708	3.3614e-06	8.8314e-08
72	0.97003	0.029966	2.9897e-06	5.7718e-08
73	0.96693	0.033066	2.6098e-06	5.9141e-08
74	0.96617	0.033827	2.2172e-06	5.2939e-08
75	0.96715	0.032848	1.8487e-06	4.2621e-08
76	0.95057	0.049433	1.4787e-06	5.4778e-08
77	0.93954	0.060456	1.1075e-06	4.9198e-08
78	0.93181	0.068185	7.6383e-07	3.3394e-08
79	0.91172	0.088275	7.2239e-07	4.987e-08
80	0.86141	0.13859	6.6042e-07	8.7249e-08
81	0.82363	0.17637	6.1166e-07	1.1153e-07
82	0.72798	0.27202	5.3094e-07	1.6983e-07
83	0.66052	0.33948	4.6516e-07	2.0376e-07
84	0.60962	0.39038	4.153e-07	2.2109e-07
85	0.57425	0.42575	3.7128e-07	2.2343e-07
86	0.55019	0.44981	3.3028e-07	2.1366e-07
87	0.53494	0.46506	2.9011e-07	1.9378e-07
88	0.52499	0.47501	2.5463e-07	1.6823e-07
89	0.52068	0.47932	2.1701e-07	1.3585e-07
90	0.52175	0.47825	1.7606e-07	9.7596e-08
91	0.47119	0.52881	1.8109e-07	1.4344e-07
92	0.43226	0.56774	1.8625e-07	1.8651e-07
93	0.406	0.594	1.8951e-07	2.2291e-07
94	0.38694	0.61306	1.9456e-07	2.5522e-07
95	0.37366	0.62634	2.0147e-07	2.8346e-07
96	0.36657	0.63343	2.0706e-07	3.0449e-07
97	0.36348	0.63652	2.1469e-07	3.2125e-07
98	0.36541	0.63459	2.2133e-07	3.3049e-07
99	0.37262	0.62738	2.2728e-07	3.3191e-07
100	0.38395	0.61605	2.3566e-07	3.2825e-07
101	0.40221	0.59778	2.4413e-07	3.1608e-07
102	0.42959	0.57041	2.5323e-07	2.9483e-07
103	0.46555	0.53445	2.6644e-07	2.6696e-07
104	0.51807	0.48193	2.8187e-07	2.2814e-07
105	0.58594	0.41405	3.0287e-07	1.814e-07
106	0.61214	0.38786	3.0089e-07	1.5586e-07
107	0.60042	0.39958	2.8065e-07	1.4632e-07
108	0.59347	0.40653	2.626e-07	1.3265e-07
109	0.56895	0.43105	3.2708e-07	2.1035e-07
110	0.50078	0.49922	3.537e-07	3.2788e-07
111	0.44926	0.55073	3.7883e-07	4.4977e-07
112	0.41335	0.58665	3.9872e-07	5.6669e-07
113	0.38598	0.61402	4.2112e-07	6.8285e-07
114	0.36601	0.63398	4.4839e-07	7.9705e-07
115	0.31227	0.68773	4.2628e-07	9.6384e-07
116	0.27455	0.72545	4.0814e-07	1.1166e-06
117	0.24836	0.75163	3.9489e-07	1.2547e-06
118	0.22849	0.77151	3.8879e-07	1.3873e-06
119	0.2154	0.7846	3.8704e-07	1.506e-06
120	0.20754	0.79246	3.8951e-07	1.6108e-06
121	0.18133	0.81867	3.5294e-07	1.7571e-06
122	0.16176	0.83823	3.2799e-07	1.8944e-06
123	0.14736	0.85263	3.1266e-07	2.0248e-06
124	0.13805	0.86195	3.0342e-07	2.1396e-06
125	0.13189	0.8681	3.0173e-07	2.2495e-06
126	0.12844	0.87156	3.0716e-07	2.3553e-06
127	0.12742	0.87258	3.1986e-07	2.4569e-06
128	0.12947	0.87053	3.3833e-07	2.5432e-06
129	0.13502	0.86498	3.6442e-07	2.6121e-06
130	0.14481	0.85519	4.0058e-07	2.6611e-06
131	0.15815	0.84185	4.5046e-07	2.6986e-06
132	0.17636	0.82364	5.2013e-07	2.7198e-06
133	0.20082	0.79917	6.1659e-07	2.7181e-06
134	0.23653	0.76346	7.4875e-07	2.6703e-06
135	0.2826	0.71739	9.2691e-07	2.5798e-06
136	0.34335	0.65664	1.1733e-06	2.4258e-06
137	0.42926	0.57073	1.5109e-06	2.1699e-06
138	0.53966	0.46033	1.9665e-06	1.8006e-06
139	0.58255	0.41744	2.1575e-06	1.6748e-06
140	0.63824	0.36176	2.4123e-06	1.4909e-06
141	0.71022	0.28977	2.7516e-06	1.2285e-06
142	0.80305	0.19694	3.2037e-06	8.6034e-07
143	0.92257	0.077424	3.8064e-06	3.4924e-07
144	0.97113	0.028862	4.1271e-06	1.3087e-07
145	0.99195	0.0080438	4.3085e-06	3.6943e-08
146	0.99098	0.0090148	4.3755e-06	4.1828e-08
147	0.99121	0.0087882	4.4594e-06	4.1079e-08
148	0.99286	0.0071317	4.5347e-06	3.3881e-08
149	0.99258	0.0074159	4.6127e-06	3.5382e-08
150	0.99032	0.0096706	4.6653e-06	4.6551e-08
151	0.98452	0.015476	4.6842e-06	7.5755e-08
152	0.98077	0.019228	4.7246e-06	9.4803e-08
153	0.97918	0.020814	4.7593e-06	1.0398e-07
154	0.97909	0.020909	4.8112e-06	1.0544e-07
155	0.98089	0.019102	4.8574e-06	9.7702e-08
156	0.98432	0.015676	4.9222e-06	8.1085e-08
157	0.98958	0.010415	5.0074e-06	5.3938e-08
158	0.9914	0.0085901	5.049e-06	4.5019e-08
159	0.99458	0.0054169	5.1083e-06	2.85e-08
160	0.99263	0.0073655	5.1199e-06	3.9077e-08
161	0.99189	0.0081047	5.1499e-06	4.3034e-08
162	0.98829	0.011702	5.1756e-06	6.1505e-08
163	0.98627	0.013721	5.2219e-06	7.1524e-08
164	0.98599	0.014007	5.2607e-06	7.2922e-08
165	0.9874	0.012599	5.2922e-06	6.5615e-08
166	0.98644	0.013558	5.295e-06	7.1077e-08
167	0.98676	0.013236	5.3152e-06	6.9272e-08
168	0.98873	0.011263	5.3287e-06	5.8933e-08
169	0.99216	0.0078384	5.3608e-06	4.0211e-08
170	0.99313	0.0068649	5.3635e-06	3.4868e-08
171	0.99242	0.0075789	5.3418e-06	3.8511e-08
172	0.98914	0.010855	5.2779e-06	5.6095e-08
173	0.98768	0.012315	5.2075e-06	6.4074e-08
174	0.98785	0.012148	5.1293e-06	6.3659e-08
175	0.98927	0.010724	5.0684e-06	5.6429e-08
176	0.98836	0.011635	4.9797e-06	6.1617e-08
177	0.98867	0.011326	4.9081e-06	6.0091e-08
178	0.9863	0.013694	4.8332e-06	7.202e-08
179	0.98531	0.014685	4.7757e-06	7.637e-08
180	0.98572	0.014278	4.737e-06	7.3328e-08
181	0.98344	0.016553	4.6691e-06	8.3912e-08
182	0.98303	0.016963	4.5944e-06	8.5542e-08
183	0.97894	0.02106	4.5118e-06	1.0463e-07
184	0.97703	0.022961	4.4249e-06	1.1314e-07
185	0.97669	0.023307	4.3554e-06	1.1372e-07
186	0.97788	0.022118	4.3025e-06	1.0686e-07
187	0.9757	0.024294	4.219e-06	1.1588e-07
188	0.97523	0.024763	4.1545e-06	1.1655e-07
189	0.97677	0.023227	4.0839e-06	1.0872e-07
190	0.9801	0.019894	4.0318e-06	9.2981e-08
191	0.97994	0.020059	3.9768e-06	9.2328e-08
192	0.98133	0.018664	3.9388e-06	8.4706e-08
193	0.98439	0.015601	3.9178e-06	6.9746e-08
194	0.98448	0.015516	3.8692e-06	6.8123e-08
195	0.98629	0.013711	3.813e-06	5.9829e-08
196	0.98557	0.014427	3.7311e-06	6.2303e-08
197	0.98624	0.013757	3.6648e-06	5.8963e-08
198	0.98835	0.011651	3.6139e-06	4.989e-08
199	0.98785	0.01215	3.5619e-06	5.1057e-08
200	0.98889	0.011106	3.5016e-06	4.6614e-08
201	0.99124	0.0087546	3.4537e-06	3.7249e-08
202	0.99122	0.0087783	3.4041e-06	3.7027e-08
203	0.98878	0.011215	3.3526e-06	4.5848e-08
204	0.98774	0.012254	3.3149e-06	4.919e-08
205	0.98313	0.016865	3.2715e-06	6.5203e-08
206	0.98038	0.019617	3.2432e-06	7.4112e-08
207	0.97965	0.020345	3.2078e-06	7.6158e-08
208	0.96109	0.038908	3.0901e-06	1.4269e-07
209	0.91346	0.086533	2.8873e-06	3.0558e-07
210	0.87769	0.12231	2.7386e-06	4.218e-07
211	0.79347	0.20653	2.4138e-06	7.0073e-07
212	0.72974	0.27025	2.1757e-06	8.9963e-07
213	0.68172	0.31827	2.0019e-06	1.0403e-06
214	0.56189	0.4381	1.6235e-06	1.3911e-06
215	0.47858	0.52141	1.3469e-06	1.6287e-06
216	0.41543	0.58457	1.1454e-06	1.7954e-06
217	0.36769	0.6323	9.9912e-07	1.9109e-06
218	0.33502	0.66498	8.9034e-07	1.9783e-06
219	0.31013	0.68987	8.096e-07	2.02e-06
220	0.29145	0.70855	7.505e-07	2.0423e-06
221	0.2778	0.7222	7.0846e-07	2.0495e-06
222	0.27006	0.72993	6.7771e-07	2.0353e-06
223	0.26604	0.73396	6.5974e-07	2.0112e-06
224	0.26657	0.73343	6.4916e-07	1.9696e-06
225	0.27051	0.72949	6.4963e-07	1.9197e-06
226	0.26161	0.73838	6.2256e-07	1.9023e-06
227	0.25749	0.74251	6.0322e-07	1.8674e-06
228	0.25787	0.74213	5.906e-07	1.8158e-06
229	0.2058	0.79419	4.4963e-07	1.8748e-06
230	0.16531	0.83468	3.4598e-07	1.8979e-06
231	0.1346	0.8654	2.7172e-07	1.8937e-06
232	0.11307	0.88693	2.1732e-07	1.8604e-06
233	0.096457	0.90354	1.773e-07	1.8135e-06
234	0.084077	0.91592	1.4874e-07	1.7565e-06
235	0.074711	0.92529	1.2791e-07	1.6922e-06
236	0.068869	0.93113	1.1274e-07	1.6132e-06
237	0.064878	0.93512	1.0197e-07	1.5301e-06
238	0.063315	0.93668	9.4283e-08	1.4349e-06
239	0.063177	0.93682	8.9357e-08	1.3371e-06
240	0.065149	0.93485	8.621e-08	1.2287e-06
241	0.069612	0.93039	8.4571e-08	1.1099e-06
242	0.076005	0.92399	8.4623e-08	9.8942e-07
243	0.085009	0.91499	8.6626e-08	8.6763e-07
244	0.097298	0.9027	9.0509e-08	7.4438e-07
245	0.11516	0.88484	9.4706e-08	6.121e-07
246	0.13828	0.86172	9.9223e-08	4.792e-07
247	0.14585	0.85415	1.1307e-07	5.5678e-07
248	0.15656	0.84344	1.3079e-07	6.2911e-07
249	0.1715	0.8285	1.5433e-07	6.9503e-07
250	0.19349	0.80651	1.8394e-07	7.4624e-07
251	0.22212	0.77788	2.238e-07	7.8624e-07
252	0.2601	0.7399	2.79e-07	8.1086e-07
253	0.31502	0.68498	3.5362e-07	8.0687e-07
254	0.38569	0.61431	4.5585e-07	7.7501e-07
255	0.47655	0.52345	5.9584e-07	7.0553e-07
256	0.59607	0.40392	7.9226e-07	5.8109e-07
257	0.74966	0.25034	1.0614e-06	3.8526e-07
258	0.94697	0.053025	1.4301e-06	9.2114e-08
259	0.9531	0.046901	1.5248e-06	8.5821e-08
260	0.9623	0.037701	1.6319e-06	7.2365e-08
261	0.97653	0.023464	1.7372e-06	4.792e-08
262	0.98167	0.018331	1.8353e-06	3.9072e-08
263	0.98248	0.017521	1.9298e-06	3.8458e-08
264	0.98525	0.014751	2.0156e-06	3.3553e-08
265	0.9897	0.010297	2.1108e-06	2.4135e-08
266	0.99034	0.009656	2.1843e-06	2.3254e-08
267	0.99227	0.0077252	2.2675e-06	1.9041e-08
268	0.99205	0.0079471	2.3513e-06	1.9772e-08
269	0.9888	0.011194	2.414e-06	2.8062e-08
270	0.98707	0.012931	2.4873e-06	3.2781e-08
271	0.98663	0.013367	2.5698e-06	3.4178e-08
272	0.98301	0.016988	2.6189e-06	4.4062e-08
273	0.98147	0.01853	2.6597e-06	4.8896e-08
274	0.98145	0.018544	2.7118e-06	4.9402e-08
275	0.98326	0.016733	2.7558e-06	4.4914e-08
276	0.98712	0.012882	2.7925e-06	3.4739e-08
277	0.98748	0.012517	2.8256e-06	3.3799e-08
278	0.9853	0.0147	3.4438e-06	5.9089e-08
279	0.98458	0.015413	4.1062e-06	8.1885e-08
280	0.98074	0.019257	4.7139e-06	1.2851e-07
281	0.97857	0.021423	5.3638e-06	1.7134e-07
282	0.97087	0.029122	5.9983e-06	2.7036e-07
283	0.96561	0.034383	6.6827e-06	3.6319e-07
284	0.96314	0.036856	7.3481e-06	4.4091e-07
285	0.96264	0.037353	8.0778e-06	5.0473e-07
286	0.94001	0.05998	8.4176e-06	8.9477e-07
287	0.92464	0.07535	8.7822e-06	1.2296e-06
288	0.9147	0.085293	9.1682e-06	1.5136e-06
289	0.88878	0.1112	9.1825e-06	2.1407e-06
290	0.86978	0.1302	9.3246e-06	2.6831e-06
291	0.85587	0.14411	9.566e-06	3.1664e-06
292	0.81782	0.18217	9.1055e-06	3.6712e-06
293	0.79161	0.20838	8.7732e-06	4.03e-06
294	0.77206	0.22793	8.55e-06	4.2964e-06
295	0.75793	0.24206	8.4168e-06	4.4896e-06
296	0.74834	0.25165	8.3605e-06	4.6226e-06
297	0.743	0.25699	8.3803e-06	4.6989e-06
298	0.74265	0.25734	8.4476e-06	4.7094e-06
299	0.74605	0.25393	8.5887e-06	4.6655e-06
300	0.75314	0.24685	8.8034e-06	4.5656e-06
301	0.7486	0.25138	8.8651e-06	4.6392e-06
302	0.74875	0.25123	8.9729e-06	4.6486e-06
303	0.75236	0.24763	9.1509e-06	4.6059e-06
304	0.74526	0.25472	9.1452e-06	4.7278e-06
305	0.74185	0.25814	9.2104e-06	4.797e-06
306	0.74333	0.25665	9.3263e-06	4.7964e-06
307	0.73191	0.26808	9.2678e-06	4.9914e-06
308	0.72502	0.27496	9.2959e-06	5.1214e-06
309	0.72311	0.27687	9.376e-06	5.181e-06
310	0.72501	0.27498	9.5368e-06	5.1817e-06
311	0.73051	0.26948	9.7766e-06	5.123e-06
312	0.74181	0.25817	1.009e-05	4.9709e-06
313	0.74005	0.25994	1.021e-05	5.0324e-06
314	0.74295	0.25703	1.0384e-05	5.0208e-06
315	0.7495	0.25049	1.0641e-05	4.9462e-06
316	0.76009	0.23989	1.0995e-05	4.7969e-06
317	0.77732	0.22266	1.1444e-05	4.5319e-06
318	0.80129	0.1987	1.2053e-05	4.1316e-06
319	0.80953	0.19046	1.2352e-05	4.02e-06
320	0.82189	0.17809	1.2756e-05	3.8266e-06
321	0.84154	0.15844	1.3269e-05	3.5012e-06
322	0.83305	0.16694	1.3286e-05	3.6962e-06
323	0.80864	0.19134	1.2964e-05	4.2079e-06
324	0.791	0.20898	1.2796e-05	4.5933e-06
325	0.77999	0.21999	1.272e-05	4.866e-06
326	0.7743	0.22568	1.2717e-05	5.0443e-06
327	0.77346	0.22653	1.2782e-05	5.1342e-06
328	0.77594	0.22404	1.2933e-05	5.1593e-06
329	0.78192	0.21806	1.3178e-05	5.1153e-06
330	0.79212	0.20786	1.3536e-05	4.9847e-06
331	0.80871	0.19127	1.3994e-05	4.7323e-06
332	0.83366	0.16632	1.4588e-05	4.3232e-06
333	0.87059	0.1294	1.5378e-05	3.6956e-06
334	0.88385	0.11613	1.5366e-05	3.1829e-06
335	0.90397	0.096009	1.5472e-05	2.5248e-06
336	0.93387	0.066108	1.5743e-05	1.6714e-06
337	0.97748	0.022507	1.6235e-05	5.6563e-07
338	0.98214	0.017843	1.5815e-05	4.2858e-07
339	0.98984	0.010148	1.5415e-05	2.3974e-07
340	0.9889	0.011081	1.487e-05	2.396e-07
341	0.98517	0.014818	1.4212e-05	2.8782e-07
342	0.98311	0.016881	1.363e-05	3.0514e-07
343	0.97674	0.023243	1.2953e-05	3.8598e-07
344	0.95965	0.04034	1.2175e-05	6.0596e-07
345	0.94819	0.051802	1.1458e-05	7.3628e-07
346	0.92057	0.079423	1.0508e-05	1.0698e-06
347	0.90015	0.099836	9.7297e-06	1.2744e-06
348	0.88542	0.11457	9.0814e-06	1.3871e-06
349	0.87525	0.12474	8.5352e-06	1.4337e-06
350	0.86988	0.13011	8.0196e-06	1.4232e-06
351	0.86774	0.13225	7.5744e-06	1.3765e-06
352	0.86865	0.13134	7.1906e-06	1.3007e-06
353	0.87268	0.12731	6.8622e-06	1.1995e-06
354	0.88125	0.11875	6.5417e-06	1.0666e-06
355	0.89403	0.10596	6.2756e-06	9.0846e-07
356	0.91154	0.088454	6.0589e-06	7.2537e-07
357	0.93487	0.065119	5.8944e-06	5.1319e-07
358	0.96551	0.034485	5.7868e-06	2.661e-07
359	0.96791	0.032084	5.5014e-06	2.3316e-07
360	0.97242	0.027575	5.2495e-06	1.8851e-07
361	0.97282	0.027172	4.9479e-06	1.731e-07
362	0.97488	0.025119	4.6733e-06	1.4916e-07
363	0.97871	0.021286	4.4241e-06	1.1732e-07
364	0.98538	0.014616	4.1654e-06	7.5093e-08
365	0.99486	0.0051367	3.9355e-06	2.3655e-08
366	0.99543	0.004569	3.6387e-06	1.8731e-08
367	0.99727	0.0027311	3.3258e-06	9.9553e-09
368	0.99774	0.00226	3.0331e-06	6.9485e-09
369	0.99926	0.00073523	2.7236e-06	1.4349e-09
370	0.99906	0.0009335	2.8101e-06	2.2866e-09
371	0.99836	0.0016364	2.9021e-06	4.4672e-09
372	0.99668	0.0033193	2.969e-06	9.8468e-09
373	0.99595	0.0040495	3.0455e-06	1.24e-08
374	0.9963	0.0036975	3.1116e-06	1.1769e-08
375	0.99758	0.002421	3.1877e-06	7.9805e-09
376	0.99986	0.00013947	3.2748e-06	4.9461e-10
377	0.99982	0.00017672	3.3674e-06	6.2799e-10
378	0.99985	0.00014974	3.4758e-06	5.1449e-10
379	0.99935	0.00065102	3.565e-06	2.2983e-09
380	0.99842	0.0015768	3.6382e-06	5.7923e-09
381	0.99828	0.0017162	3.7241e-06	6.3694e-09
382	0.99745	0.0025439	3.7929e-06	9.6675e-09
383	0.99758	0.0024114	3.8509e-06	9.469e-09
384	0.99854	0.0014582	3.9205e-06	5.878e-09
385	0.99883	0.0011635	3.9732e-06	4.9258e-09
386	0.99858	0.0014112	4.0336e-06	6.1338e-09
387	0.99908	0.00091866	4.1075e-06	4.1677e-09
388	0.99766	0.0023402	4.1838e-06	1.0495e-08
389	0.9971	0.0028947	4.273e-06	1.3122e-08
390	0.99738	0.002617	4.3756e-06	1.1994e-08
391	0.99675	0.0032461	4.4625e-06	1.5074e-08
392	0.99702	0.0029798	4.5653e-06	1.3935e-08
393	0.99833	0.0016637	4.6577e-06	7.9626e-09
394	0.99874	0.0012548	4.7153e-06	6.3951e-09
395	0.99675	0.0032464	4.778e-06	1.6689e-08
396	0.99575	0.0042447	4.8557e-06	2.208e-08
397	0.99301	0.0069871	4.9077e-06	3.7116e-08
398	0.99157	0.0084218	4.9785e-06	4.5366e-08
399	0.98679	0.013205	5.0423e-06	7.1179e-08
400	0.98382	0.01617	5.1282e-06	8.7644e-08
401	0.98246	0.017539	5.2358e-06	9.5666e-08
402	0.98292	0.017075	5.3361e-06	9.43e-08
403	0.98528	0.014719	5.4302e-06	8.2701e-08
404	0.98924	0.010756	5.5457e-06	6.0956e-08
405	0.99568	0.0043152	5.6595e-06	2.4931e-08
406	0.99573	0.0042692	5.7204e-06	2.5259e-08
407	0.99675	0.0032448	5.8007e-06	1.9546e-08
408	0.99877	0.0012225	5.8992e-06	7.3703e-09
409	0.99936	0.00063338	5.972e-06	3.913e-09
410	0.99848	0.00151	6.0479e-06	9.2449e-09
411	0.99636	0.0036363	6.1382e-06	2.1739e-08
412	0.99546	0.0045312	6.219e-06	2.7336e-08
413	0.99573	0.0042674	6.2895e-06	2.6072e-08
414	0.99718	0.0028101	6.3503e-06	1.754e-08
415	0.99499	0.0050046	6.4005e-06	3.1701e-08
416	0.99389	0.0061054	6.4703e-06	3.8692e-08
417	0.99403	0.0059663	6.5313e-06	3.8033e-08
418	0.99542	0.0045708	6.5839e-06	2.941e-08
419	0.99544	0.0045527	6.611e-06	2.9868e-08
420	0.99645	0.0035414	6.6594e-06	2.3351e-08
421	0.99299	0.0070022	6.6568e-06	4.7265e-08
422	0.99088	0.0091089	6.6761e-06	6.1584e-08
423	0.99	0.0099944	6.7165e-06	6.73e-08
424	0.98646	0.013538	6.722e-06	9.1358e-08
425	0.9848	0.015189	6.7234e-06	1.0318e-07
426	0.98491	0.015082	6.7192e-06	1.0346e-07
427	0.97172	0.028274	6.6383e-06	1.9482e-07
428	0.96301	0.036981	6.5707e-06	2.5668e-07
429	0.95719	0.042801	6.5388e-06	2.9696e-07
430	0.95442	0.045576	6.5102e-06	3.1703e-07
431	0.95364	0.046355	6.5085e-06	3.2241e-07
432	0.95495	0.045042	6.5362e-06	3.1242e-07
433	0.9583	0.041696	6.5915e-06	2.8719e-07
434	0.96466	0.035338	6.6511e-06	2.4133e-07
435	0.97478	0.02521	6.7197e-06	1.702e-07
436	0.97816	0.021829	6.7568e-06	1.4501e-07
437	0.97796	0.022037	6.7523e-06	1.45e-07
438	0.97976	0.020235	6.7439e-06	1.3182e-07
439	0.97809	0.021906	6.677e-06	1.4271e-07
440	0.97834	0.021653	6.6063e-06	1.4097e-07
441	0.98055	0.019444	6.5312e-06	1.2693e-07
442	0.97969	0.0203	6.418e-06	1.3343e-07
443	0.98039	0.019599	6.3308e-06	1.2897e-07
444	0.9826	0.017395	6.2663e-06	1.1442e-07
445	0.9819	0.01809	6.1653e-06	1.191e-07
446	0.9827	0.01729	6.089e-06	1.1362e-07
447	0.98545	0.01454	6.0069e-06	9.6765e-08
448	0.97901	0.020981	5.8856e-06	1.3798e-07
449	0.97525	0.024743	5.7654e-06	1.6191e-07
450	0.97325	0.026741	5.6694e-06	1.7355e-07
451	0.97289	0.027101	5.5957e-06	1.7441e-07
452	0.97415	0.025845	5.5434e-06	1.6508e-07
453	0.97723	0.022769	5.5153e-06	1.4445e-07
454	0.9822	0.017792	5.5098e-06	1.1204e-07
455	0.98939	0.0106	5.5289e-06	6.5668e-08
456	0.99221	0.0077845	5.5033e-06	4.7751e-08
457	0.99287	0.00712	5.4478e-06	4.3315e-08
458	0.99466	0.0053348	5.4098e-06	3.2294e-08
459	0.99776	0.0022341	5.392e-06	1.3492e-08
460	0.99731	0.0026858	5.3706e-06	1.5364e-08
461	0.99782	0.0021768	5.3389e-06	1.2159e-08
462	0.99938	0.00061365	5.2965e-06	3.5231e-09
463	0.99778	0.0022139	5.2596e-06	1.191e-08
464	0.99422	0.005777	5.186e-06	3.1212e-08
465	0.99207	0.0079245	5.1329e-06	4.2204e-08
466	0.98666	0.013335	5.0462e-06	7.0675e-08
467	0.98319	0.016805	4.9828e-06	8.7807e-08
468	0.98177	0.018229	4.914e-06	9.4565e-08
469	0.97653	0.023464	4.8092e-06	1.213e-07
470	0.97325	0.026747	4.7257e-06	1.3674e-07
471	0.97218	0.027819	4.6381e-06	1.4115e-07
472	0.96655	0.033445	4.5122e-06	1.6868e-07
473	0.95057	0.049423	4.3466e-06	2.4586e-07
474	0.93909	0.060909	4.2183e-06	2.9712e-07
475	0.93196	0.068032	4.0967e-06	3.2683e-07
476	0.92776	0.072237	4.0014e-06	3.4112e-07
477	0.92616	0.073839	3.9295e-06	3.4259e-07
478	0.92759	0.07241	3.8563e-06	3.3087e-07
479	0.93141	0.068591	3.8023e-06	3.0865e-07
480	0.92849	0.071505	3.7283e-06	3.1488e-07
481	0.92808	0.07192	3.6751e-06	3.0993e-07
482	0.93013	0.069866	3.642e-06	2.9432e-07
483	0.9348	0.065191	3.6294e-06	2.6746e-07
484	0.93278	0.06722	3.5973e-06	2.6766e-07
485	0.92319	0.076809	3.5234e-06	2.9532e-07
486	0.91676	0.08324	3.47e-06	3.0999e-07
487	0.91391	0.086089	3.4162e-06	3.113e-07
488	0.91444	0.085554	3.3607e-06	3.0005e-07
489	0.91765	0.082346	3.3242e-06	2.7857e-07
490	0.92467	0.075323	3.2868e-06	2.4384e-07
491	0.93496	0.065035	3.2683e-06	1.9742e-07
492	0.94953	0.050467	3.274e-06	1.354e-07
493	0.93326	0.066739	3.6066e-06	2.3099e-07
494	0.92281	0.077191	3.9282e-06	3.1521e-07
495	0.9168	0.083191	4.2409e-06	3.8661e-07
496	0.91351	0.086489	4.5844e-06	4.4894e-07
497	0.91362	0.086373	4.9219e-06	4.953e-07
498	0.9162	0.083797	5.2957e-06	5.2764e-07
499	0.912	0.087991	5.6048e-06	6.0346e-07
500	0.91117	0.088823	5.9127e-06	6.5969e-07
501	0.91299	0.086999	6.2642e-06	6.9783e-07
502	0.88777	0.11222	6.351e-06	9.7432e-07
503	0.86882	0.13117	6.4989e-06	1.212e-06
504	0.8565	0.14349	6.6703e-06	1.4056e-06
505	0.82276	0.17724	6.635e-06	1.8316e-06
506	0.79779	0.2022	6.6919e-06	2.1924e-06
507	0.77923	0.22076	6.8197e-06	2.5073e-06
508	0.73018	0.26981	6.6171e-06	3.1821e-06
509	0.6961	0.30389	6.5082e-06	3.7418e-06
510	0.67034	0.32965	6.4925e-06	4.2336e-06
511	0.65127	0.34872	6.5581e-06	4.6706e-06
512	0.63813	0.36186	6.7062e-06	5.0565e-06
513	0.63134	0.36865	6.8977e-06	5.3759e-06
514	0.62842	0.37157	7.1565e-06	5.656e-06
515	0.62919	0.3708	7.4865e-06	5.8946e-06
516	0.63536	0.36462	7.8677e-06	6.0579e-06
517	0.64617	0.35382	8.3514e-06	6.1534e-06
518	0.66396	0.33603	8.9228e-06	6.1378e-06
519	0.69137	0.30861	9.624e-06	5.968e-06
520	0.68079	0.31919	9.761e-06	6.3939e-06
521	0.67579	0.32419	9.9602e-06	6.7339e-06
522	0.67449	0.3255	1.0249e-05	7.0166e-06
523	0.67679	0.32319	1.0631e-05	7.2396e-06
524	0.68284	0.31714	1.1117e-05	7.3947e-06
525	0.69343	0.30655	1.1735e-05	7.4594e-06
526	0.69213	0.30785	1.2089e-05	7.7604e-06
527	0.69595	0.30403	1.2517e-05	7.9593e-06
528	0.70398	0.296	1.3076e-05	8.069e-06
529	0.69899	0.30099	1.3399e-05	8.472e-06
530	0.69765	0.30233	1.3839e-05	8.8006e-06
531	0.70116	0.29881	1.436e-05	9.0186e-06
532	0.70884	0.29114	1.5034e-05	9.1341e-06
533	0.72256	0.27741	1.5833e-05	9.0945e-06
534	0.74172	0.25825	1.6837e-05	8.8967e-06
535	0.77086	0.22911	1.808e-05	8.4263e-06
536	0.80913	0.19085	1.9668e-05	7.6591e-06
537	0.85894	0.14104	2.1711e-05	6.4897e-06
538	0.92343	0.076544	2.4357e-05	4.7735e-06
539	0.94501	0.054955	2.586e-05	4.2624e-06
540	0.94376	0.056207	2.6601e-05	4.5874e-06
541	0.93514	0.064833	2.6306e-05	4.9541e-06
542	0.93043	0.069541	2.6137e-05	5.1666e-06
543	0.92889	0.071079	2.6069e-05	5.2527e-06
544	0.92014	0.079834	2.5613e-05	5.7003e-06
545	0.91466	0.085311	2.5347e-05	5.9938e-06
546	0.91204	0.087925	2.5245e-05	6.1584e-06
547	0.89947	0.10049	2.4235e-05	6.3152e-06
548	0.89204	0.10793	2.3356e-05	6.3018e-06
549	0.88877	0.1112	2.2576e-05	6.1492e-06
550	0.87381	0.12616	2.1495e-05	6.3618e-06
551	0.86351	0.13646	2.063e-05	6.4187e-06
552	0.85813	0.14184	1.9873e-05	6.3305e-06
553	0.85581	0.14417	1.926e-05	6.1498e-06
554	0.84196	0.15801	1.8389e-05	6.2811e-06
555	0.8327	0.16727	1.7701e-05	6.2822e-06
556	0.80526	0.19472	1.6658e-05	6.6852e-06
557	0.78524	0.21474	1.5855e-05	6.8944e-06
558	0.77114	0.22884	1.5239e-05	6.959e-06
559	0.73075	0.26923	1.417e-05	7.5126e-06
560	0.70348	0.2965	1.334e-05	7.7995e-06
561	0.68536	0.31462	1.2675e-05	7.8971e-06
562	0.67425	0.32573	1.2129e-05	7.8496e-06
563	0.66739	0.33259	1.1707e-05	7.7133e-06
564	0.66593	0.33405	1.1364e-05	7.4721e-06
565	0.60432	0.39566	1.0042e-05	8.2474e-06
566	0.56122	0.43876	9.0403e-06	8.6789e-06
567	0.52909	0.47089	8.2931e-06	8.8909e-06
568	0.45024	0.54975	6.8406e-06	9.7865e-06
569	0.39563	0.60435	5.7882e-06	1.026e-05
570	0.35811	0.64188	5.014e-06	1.0434e-05
571	0.33275	0.66724	4.4331e-06	1.0393e-05
572	0.31373	0.68625	3.9904e-06	1.0242e-05
573	0.30163	0.69836	3.6441e-06	9.9756e-06
574	0.29391	0.70607	3.3848e-06	9.6517e-06
575	0.29099	0.709	3.178e-06	9.2569e-06
576	0.29124	0.70875	3.0244e-06	8.8342e-06
577	0.29625	0.70373	2.9079e-06	8.3553e-06
578	0.30522	0.69477	2.841e-06	7.8547e-06
579	0.30032	0.69967	2.6437e-06	7.5109e-06
580	0.30021	0.69978	2.4827e-06	7.1126e-06
581	0.30365	0.69634	2.3656e-06	6.696e-06
582	0.31054	0.68945	2.2842e-06	6.2649e-06
583	0.32172	0.67827	2.242e-06	5.8177e-06
584	0.33997	0.66002	2.2275e-06	5.3256e-06
585	0.36441	0.63558	2.2504e-06	4.8161e-06
586	0.39658	0.60342	2.3144e-06	4.2848e-06
587	0.4385	0.56149	2.4248e-06	3.726e-06
588	0.49939	0.50061	2.5857e-06	3.0989e-06
589	0.52072	0.47927	2.4971e-06	2.7438e-06
590	0.54926	0.45074	2.4404e-06	2.3754e-06
591	0.5868	0.4132	2.4167e-06	1.992e-06
592	0.6357	0.3643	2.4276e-06	1.5913e-06
593	0.70539	0.29461	2.4591e-06	1.1526e-06
594	0.80587	0.19412	2.5093e-06	6.7574e-07
595	0.84545	0.15455	2.3101e-06	4.684e-07
596	0.8969	0.1031	2.1283e-06	2.6284e-07
597	0.96502	0.034975	1.9652e-06	5.9723e-08
598	0.97171	0.028291	1.607e-06	3.1375e-08
599	0.96683	0.033166	1.6035e-06	3.9693e-08
600	0.96465	0.035348	1.5923e-06	4.3783e-08
601	0.95684	0.04316	1.5611e-06	5.6132e-08
602	0.95249	0.047512	1.5238e-06	6.2687e-08
603	0.95029	0.049704	1.493e-06	6.5328e-08
604	0.9181	0.081898	1.3992e-06	1.1237e-07
605	0.8963	0.1037	1.312e-06	1.4107e-07
606	0.88048	0.11952	1.2401e-06	1.5786e-07
607	0.87048	0.12952	1.1672e-06	1.6448e-07
608	0.864	0.136	1.1029e-06	1.6467e-07
609	0.86089	0.1391	1.0468e-06	1.5951e-07
610	0.84522	0.15477	9.808e-07	1.6697e-07
611	0.83576	0.16424	9.1296e-07	1.6519e-07
612	0.82991	0.17009	8.5199e-07	1.5798e-07
613	0.82837	0.17163	7.8621e-07	1.4491e-07
614	0.81454	0.18546	7.13e-07	1.4054e-07
615	0.80505	0.19495	6.4663e-07	1.303e-07
616	0.7993	0.2007	5.8538e-07	1.1561e-07
617	0.79721	0.20279	5.2876e-07	9.7438e-08
618	0.78335	0.21665	6.0471e-07	1.3293e-07
619	0.77428	0.22572	6.8506e-07	1.6688e-07
620	0.77024	0.22976	7.5898e-07	1.9635e-07
621	0.77076	0.22924	8.2764e-07	2.2028e-07
622	0.75802	0.24198	8.8387e-07	2.587e-07
623	0.74995	0.25005	9.4732e-07	2.9307e-07
624	0.74689	0.25311	1.0067e-06	3.2055e-07
625	0.74847	0.25152	1.0628e-06	3.4034e-07
626	0.75358	0.24642	1.1271e-06	3.5408e-07
627	0.76252	0.23748	1.2014e-06	3.6034e-07
628	0.77797	0.22203	1.2774e-06	3.5345e-07
629	0.7997	0.2003	1.3708e-06	3.328e-07
630	0.83165	0.16835	1.4742e-06	2.9085e-07
631	0.87761	0.12238	1.5943e-06	2.2078e-07
632	0.89501	0.10499	1.6723e-06	1.959e-07
633	0.91884	0.081154	1.7704e-06	1.5558e-07
634	0.92749	0.072512	1.8464e-06	1.4215e-07
635	0.9411	0.058899	1.9217e-06	1.1744e-07
636	0.9613	0.038694	1.9995e-06	7.8142e-08
637	0.99101	0.0089842	2.0848e-06	1.8772e-08
638	0.99433	0.0056671	2.2374e-06	1.3213e-08
639	0.99534	0.004658	2.3952e-06	1.1919e-08
640	0.99145	0.0085449	2.5244e-06	2.3829e-08
641	0.98903	0.010968	2.6648e-06	3.2553e-08
642	0.98799	0.012003	2.8192e-06	3.7735e-08
643	0.98338	0.016613	2.9714e-06	5.4476e-08
644	0.98052	0.01948	3.138e-06	6.6795e-08
645	0.97968	0.020312	3.2945e-06	7.3287e-08
646	0.97519	0.024807	3.421e-06	9.3974e-08
647	0.97256	0.02744	3.5634e-06	1.0858e-07
648	0.97216	0.027835	3.6978e-06	1.1542e-07
649	0.96683	0.033168	3.8282e-06	1.4243e-07
650	0.96417	0.035826	3.9527e-06	1.6e-07
651	0.96335	0.036642	4.0955e-06	1.6984e-07
652	0.96446	0.035538	4.2603e-06	1.7074e-07
653	0.96801	0.031989	4.4209e-06	1.6008e-07
654	0.97369	0.026302	4.6052e-06	1.3725e-07
655	0.96805	0.031943	4.7562e-06	1.6954e-07
656	0.96512	0.034872	4.9023e-06	1.9024e-07
657	0.96404	0.035955	5.0707e-06	2.0146e-07
658	0.96535	0.034644	5.2343e-06	2.0014e-07
659	0.96867	0.031326	5.4258e-06	1.8612e-07
660	0.97407	0.02592	5.646e-06	1.5747e-07
661	0.9748	0.025193	5.8565e-06	1.5565e-07
662	0.97765	0.022348	6.0627e-06	1.4042e-07
663	0.98295	0.017045	6.2679e-06	1.0867e-07
664	0.9841	0.015891	6.4626e-06	1.0234e-07
665	0.98721	0.012779	6.6519e-06	8.2725e-08
666	0.99259	0.0074063	6.8397e-06	4.7091e-08
667	0.99439	0.0055982	7.0201e-06	3.4271e-08
668	0.99445	0.0055453	7.2076e-06	3.2605e-08
669	0.99555	0.0044416	7.4222e-06	2.2784e-08
670	0.99185	0.0081419	9.0316e-06	6.3936e-08
671	0.9899	0.01009	1.0588e-05	9.9122e-08
672	0.98952	0.010466	1.2094e-05	1.2207e-07
673	0.98636	0.013627	1.3669e-05	1.844e-07
674	0.98509	0.014897	1.5198e-05	2.2878e-07
675	0.98523	0.014755	1.6859e-05	2.5262e-07
676	0.98713	0.012852	1.8486e-05	2.4439e-07
677	0.99051	0.0094649	2.0254e-05	1.9845e-07
678	0.99111	0.008866	2.2083e-05	2.0191e-07
679	0.99325	0.006725	2.3879e-05	1.674e-07
680	0.99674	0.0032317	2.5833e-05	8.7998e-08
681	0.99822	0.0017549	2.7669e-05	5.4151e-08
682	0.99703	0.0029399	2.9559e-05	9.7051e-08
683	0.99676	0.0032117	3.1615e-05	1.1386e-07
684	0.99738	0.0025908	3.3853e-05	9.9634e-08
685	0.99703	0.0029318	3.6218e-05	1.193e-07
686	0.99767	0.0022865	3.8535e-05	1.0289e-07
687	0.99753	0.0024284	4.0729e-05	1.2095e-07
688	0.99632	0.0036359	4.3013e-05	1.9396e-07
689	0.99287	0.0070793	4.5386e-05	3.9217e-07
690	0.99086	0.0090923	4.8006e-05	5.3081e-07
691	0.98506	0.01489	5.0596e-05	9.0007e-07
692	0.98175	0.018194	5.3181e-05	1.1654e-06
693	0.98003	0.019912	5.6031e-05	1.3498e-06
694	0.98017	0.019766	5.8881e-05	1.4314e-06
695	0.9822	0.017739	6.1747e-05	1.3947e-06
696	0.98644	0.013494	6.466e-05	1.2061e-06
697	0.98719	0.012746	6.7543e-05	1.2472e-06
698	0.98962	0.010311	7.045e-05	1.1623e-06
699	0.99411	0.0058114	7.3413e-05	9.1556e-07
700	0.99289	0.0070384	7.4518e-05	1.0959e-06
701	0.99296	0.0069629	7.5685e-05	1.1564e-06
702	0.99126	0.0086663	7.6537e-05	1.4711e-06
703	0.99072	0.0092029	7.7613e-05	1.6554e-06
704	0.99131	0.0086065	7.8911e-05	1.7156e-06
705	0.99308	0.0068396	8.0441e-05	1.6483e-06
706	0.98872	0.011194	7.9872e-05	2.2209e-06
707	0.98597	0.013948	7.9562e-05	2.595e-06
708	0.98464	0.015277	7.9482e-05	2.7986e-06
709	0.97922	0.020697	7.7882e-05	3.1426e-06
710	0.97625	0.023671	7.6439e-05	3.2708e-06
711	0.97504	0.024879	7.5278e-05	3.2235e-06
712	0.96916	0.03076	7.3632e-05	3.6046e-06
713	0.96558	0.034342	7.2302e-05	3.7724e-06
714	0.96442	0.035501	7.1113e-05	3.7439e-06
715	0.95821	0.041715	6.9434e-05	4.1446e-06
716	0.95433	0.045597	6.8054e-05	4.3385e-06
717	0.95269	0.047243	6.6961e-05	4.342e-06
718	0.94338	0.056554	6.54e-05	4.8957e-06
719	0.93789	0.062045	6.4061e-05	5.1771e-06
720	0.93569	0.064238	6.2901e-05	5.2255e-06
721	0.93651	0.063422	6.1893e-05	5.0661e-06
722	0.93975	0.060186	6.1158e-05	4.7263e-06
723	0.94565	0.054286	6.0709e-05	4.1903e-06
724	0.95566	0.044277	6.047e-05	3.3917e-06
725	0.96937	0.030567	6.057e-05	2.3319e-06
726	0.97405	0.025887	6.0109e-05	1.9347e-06
727	0.9742	0.02574	5.9395e-05	1.8617e-06
728	0.97642	0.02352	5.8765e-05	1.6602e-06
729	0.98041	0.019528	5.8324e-05	1.3377e-06
730	0.98712	0.012823	5.8002e-05	8.5198e-07
731	0.98542	0.014521	5.7074e-05	9.2793e-07
732	0.98515	0.014795	5.6313e-05	9.1254e-07
733	0.98628	0.013665	5.5714e-05	8.0927e-07
734	0.98462	0.015327	5.4834e-05	8.7647e-07
735	0.9844	0.015543	5.4116e-05	8.5668e-07
736	0.98126	0.018686	5.3192e-05	9.9559e-07
737	0.98017	0.019778	5.2328e-05	1.0281e-06
738	0.98098	0.018964	5.1513e-05	9.6453e-07
739	0.9833	0.016652	5.0846e-05	8.2002e-07
740	0.98777	0.012182	5.0237e-05	5.7502e-07
741	0.99506	0.0048919	4.9703e-05	2.0591e-07
742	0.9921	0.007852	4.9802e-05	3.6956e-07
743	0.99051	0.009442	5.0029e-05	4.5992e-07
744	0.99017	0.0097814	5.0378e-05	4.8385e-07
745	0.99132	0.008632	5.0761e-05	4.361e-07
746	0.99058	0.0093712	5.1008e-05	4.873e-07
747	0.99104	0.0089042	5.1378e-05	4.7216e-07
748	0.98256	0.017385	5.1152e-05	9.6449e-07
749	0.97671	0.023241	5.1136e-05	1.3031e-06
750	0.97354	0.02641	5.1221e-05	1.5038e-06
751	0.9721	0.027852	5.1455e-05	1.6041e-06
752	0.97274	0.027204	5.1763e-05	1.5957e-06
753	0.97506	0.024888	5.222e-05	1.4891e-06
754	0.97933	0.02062	5.2852e-05	1.2643e-06
755	0.9857	0.01425	5.3671e-05	9.0769e-07
756	0.99457	0.0053777	5.4708e-05	3.8708e-07
757	0.99194	0.0080031	5.5135e-05	5.6282e-07
758	0.99057	0.0093762	5.5701e-05	6.6046e-07
759	0.99068	0.0092674	5.6308e-05	6.7275e-07
760	0.99228	0.0076626	5.696e-05	5.9737e-07
761	0.9918	0.0081395	5.7537e-05	6.5809e-07
762	0.99248	0.0074618	5.8263e-05	6.3992e-07
763	0.98621	0.013731	5.8381e-05	1.1845e-06
764	0.9367	0.063236	5.5487e-05	5.6712e-06
765	0.89856	0.10137	5.3577e-05	9.2809e-06
766	0.86939	0.13054	5.2461e-05	1.2209e-05
767	0.84952	0.15041	5.1936e-05	1.4483e-05
768	0.79707	0.20286	4.8368e-05	1.9924e-05
769	0.76116	0.23877	4.5979e-05	2.4122e-05
770	0.73389	0.26604	4.4424e-05	2.7594e-05
771	0.66837	0.33156	3.8559e-05	3.5319e-05
772	0.62246	0.37746	3.4295e-05	4.1392e-05
773	0.5873	0.41262	3.1135e-05	4.6457e-05
774	0.56137	0.43855	2.8936e-05	5.0673e-05
775	0.54473	0.45519	2.749e-05	5.4085e-05
776	0.53319	0.46673	2.6579e-05	5.7061e-05
777	0.52602	0.4739	2.6117e-05	5.9691e-05
778	0.52312	0.4768	2.609e-05	6.2004e-05
779	0.52557	0.47434	2.6422e-05	6.3906e-05
780	0.53188	0.46803	2.711e-05	6.5561e-05
781	0.54419	0.45572	2.8161e-05	6.6802e-05
782	0.54154	0.45837	2.7967e-05	6.7056e-05
783	0.54424	0.45566	2.8159e-05	6.6895e-05
784	0.55083	0.44907	2.8719e-05	6.6413e-05
785	0.56381	0.43609	2.9738e-05	6.5441e-05
786	0.58272	0.41719	3.1311e-05	6.3969e-05
787	0.58545	0.41446	3.1521e-05	6.3913e-05
788	0.59358	0.40632	3.213e-05	6.3428e-05
789	0.60624	0.39367	3.3173e-05	6.2559e-05
790	0.62644	0.37346	3.4767e-05	6.1109e-05
791	0.65362	0.34628	3.7006e-05	5.9062e-05
792	0.66065	0.33925	3.7446e-05	5.6964e-05
793	0.6545	0.3454	3.6579e-05	5.6263e-05
794	0.65215	0.34776	3.6116e-05	5.5245e-05
795	0.65376	0.34615	3.6092e-05	5.3878e-05
796	0.64311	0.3568	3.4884e-05	5.3651e-05
797	0.6367	0.36321	3.4088e-05	5.3092e-05
798	0.63446	0.36546	3.3707e-05	5.2203e-05
799	0.63621	0.3637	3.3738e-05	5.0984e-05
800	0.64319	0.35673	3.4163e-05	4.9332e-05
801	0.65656	0.34336	3.5083e-05	4.7142e-05
802	0.65538	0.34454	3.4669e-05	4.636e-05
803	0.65918	0.34074	3.4598e-05	4.5196e-05
804	0.6669	0.33302	3.4915e-05	4.3716e-05
805	0.67902	0.3209	3.567e-05	4.1869e-05
806	0.69843	0.30149	3.696e-05	3.9448e-05
807	0.72801	0.27192	3.8981e-05	3.6251e-05
808	0.73862	0.2613	3.9149e-05	3.486e-05
809	0.75632	0.2436	3.9766e-05	3.2974e-05
810	0.78029	0.21963	4.0922e-05	3.0628e-05
811	0.78663	0.21331	3.9107e-05	2.7544e-05
812	0.79838	0.20156	3.7509e-05	2.4119e-05
813	0.81545	0.1845	3.6429e-05	2.0465e-05
814	0.81907	0.18088	3.4108e-05	1.8327e-05
815	0.8261	0.17386	3.2135e-05	1.6076e-05
816	0.83697	0.16298	3.0496e-05	1.3712e-05
817	0.83697	0.16299	2.8172e-05	1.2269e-05
818	0.84108	0.15889	2.5905e-05	1.0665e-05
819	0.84883	0.15113	2.3938e-05	8.9893e-06
820	0.84756	0.15241	2.1331e-05	7.843e-06
821	0.84924	0.15073	1.8969e-05	6.6526e-06
822	0.85425	0.14573	1.6845e-05	5.4356e-06
823	0.8499	0.15008	1.4567e-05	4.5707e-06
824	0.84958	0.15041	1.2279e-05	3.6253e-06
825	0.85246	0.14753	1.0182e-05	2.6805e-06
826	0.84634	0.15365	9.8263e-06	2.682e-06
827	0.84443	0.15556	9.5059e-06	2.6261e-06
828	0.84574	0.15425	9.2569e-06	2.5271e-06
829	0.83602	0.16397	8.8892e-06	2.5705e-06
830	0.83024	0.16975	8.5997e-06	2.5611e-06
831	0.82796	0.17203	8.3781e-06	2.5079e-06
832	0.81348	0.18651	8.0454e-06	2.5889e-06
833	0.80509	0.1949	7.7607e-06	2.6017e-06
834	0.8006	0.19939	7.5432e-06	2.5696e-06
835	0.78283	0.21716	7.1726e-06	2.6717e-06
836	0.77015	0.22984	6.8795e-06	2.7149e-06
837	0.76313	0.23686	6.6261e-06	2.7e-06
838	0.68321	0.31678	5.6801e-06	3.3593e-06
839	0.62797	0.37202	4.9709e-06	3.763e-06
840	0.58544	0.41455	4.4283e-06	4.0173e-06
841	0.55295	0.44704	4.0111e-06	4.1623e-06
842	0.52911	0.47089	3.696e-06	4.2222e-06
843	0.51211	0.48788	3.4583e-06	4.2207e-06
844	0.46829	0.53171	3.0169e-06	4.4072e-06
845	0.43855	0.56145	2.68e-06	4.4736e-06
846	0.41616	0.58383	2.4207e-06	4.4753e-06
847	0.40023	0.59976	2.2252e-06	4.4272e-06
848	0.39079	0.60921	2.0665e-06	4.3284e-06
849	0.38564	0.61435	1.9468e-06	4.2038e-06
850	0.38442	0.61558	1.8596e-06	4.0591e-06
851	0.38701	0.61298	1.8011e-06	3.8976e-06
852	0.39363	0.60637	1.7697e-06	3.7201e-06
853	0.4064	0.5936	1.7566e-06	3.5109e-06
854	0.42434	0.57566	1.7698e-06	3.2848e-06
855	0.42596	0.57403	1.7043e-06	3.1463e-06
856	0.43163	0.56837	1.6632e-06	2.9936e-06
857	0.44336	0.55664	1.6362e-06	2.8138e-06
858	0.46064	0.53935	1.635e-06	2.618e-06
859	0.48734	0.51266	1.6527e-06	2.3901e-06
860	0.52341	0.47659	1.7035e-06	2.1392e-06
861	0.57156	0.42844	1.7939e-06	1.8584e-06
862	0.59043	0.40957	1.9629e-06	2.0086e-06
863	0.59246	0.40754	1.9461e-06	1.9669e-06
864	0.59832	0.40167	1.949e-06	1.9109e-06
865	0.6088	0.3912	1.9757e-06	1.8376e-06
866	0.62418	0.37581	2.0266e-06	1.7453e-06
867	0.64545	0.35455	2.1061e-06	1.6296e-06
868	0.67393	0.32607	2.2208e-06	1.484e-06
869	0.71531	0.28468	2.3731e-06	1.2886e-06
870	0.77557	0.22442	2.5802e-06	1.0254e-06
871	0.80037	0.19963	2.6237e-06	9.1272e-07
872	0.83312	0.16687	2.7013e-06	7.7206e-07
873	0.84455	0.15545	2.707e-06	7.158e-07
874	0.86104	0.13895	2.739e-06	6.4066e-07
875	0.88565	0.11435	2.7854e-06	5.3817e-07
876	0.91802	0.081976	2.8656e-06	4.0823e-07
877	0.91829	0.081705	2.8265e-06	4.0381e-07
878	0.92098	0.079016	2.8026e-06	3.9033e-07
879	0.89161	0.10839	2.679e-06	4.9642e-07
880	0.87153	0.12847	2.5759e-06	5.693e-07
881	0.85674	0.14326	2.4993e-06	6.2111e-07
882	0.84631	0.15368	2.4447e-06	6.5635e-07
883	0.83988	0.16012	2.4112e-06	6.7711e-07
884	0.8367	0.1633	2.3942e-06	6.8647e-07
885	0.83682	0.16318	2.3949e-06	6.8451e-07
886	0.83999	0.16001	2.4112e-06	6.7201e-07
887	0.8464	0.1536	2.4442e-06	6.4804e-07
888	0.84269	0.15731	2.4511e-06	6.5939e-07
889	0.84226	0.15774	2.4759e-06	6.5952e-07
890	0.84483	0.15516	2.5167e-06	6.4893e-07
891	0.85057	0.14943	2.5751e-06	6.2639e-07
892	0.86116	0.13883	2.639e-06	5.8558e-07
893	0.86132	0.13867	2.6699e-06	5.8344e-07
894	0.86462	0.13538	2.7198e-06	5.6951e-07
895	0.85957	0.14042	2.7258e-06	5.8609e-07
896	0.85779	0.14221	2.7507e-06	5.9102e-07
897	0.85986	0.14014	2.7768e-06	5.8184e-07
898	0.86604	0.13395	2.8053e-06	5.5746e-07
899	0.87574	0.12426	2.8533e-06	5.1941e-07
900	0.88994	0.11006	2.9271e-06	4.6303e-07
901	0.89315	0.10684	2.9662e-06	4.4887e-07
902	0.90031	0.099685	3.0072e-06	4.1976e-07
903	0.91252	0.08748	3.0532e-06	3.7201e-07
904	0.91463	0.085368	3.0685e-06	3.6258e-07
905	0.91933	0.080667	3.1005e-06	3.4289e-07
906	0.92797	0.072029	3.1339e-06	3.0855e-07
907	0.92885	0.071146	3.1455e-06	3.0385e-07
908	0.93285	0.06715	3.1553e-06	2.8768e-07
909	0.93949	0.060509	3.182e-06	2.6107e-07
910	0.94947	0.050529	3.2303e-06	2.2084e-07
911	0.96319	0.03681	3.3011e-06	1.6476e-07
912	0.98151	0.018488	3.3989e-06	8.836e-08
913	0.97678	0.023217	3.4223e-06	1.0626e-07
914	0.97404	0.025952	3.4621e-06	1.1657e-07
915	0.97344	0.026561	3.4957e-06	1.1916e-07
916	0.97488	0.025116	3.5234e-06	1.1397e-07
917	0.97815	0.021843	3.5676e-06	1.0103e-07
918	0.98411	0.015889	3.6078e-06	7.7687e-08
919	0.98563	0.014367	3.6374e-06	7.233e-08
920	0.98861	0.011382	3.6807e-06	6.06e-08
921	0.99388	0.0061178	3.7186e-06	3.9846e-08
922	0.99579	0.0042107	3.4472e-06	2.3739e-08
923	0.99618	0.0038201	3.1471e-06	1.7978e-08
924	0.99775	0.0022509	2.8305e-06	8.9558e-09
925	0.99831	0.0016922	2.4882e-06	5.4961e-09
926	0.99969	0.00031141	2.1648e-06	5.7803e-10
927	0.99981	0.00018687	2.2174e-06	3.9704e-10
928	0.99774	0.0022591	2.2473e-06	5.4439e-09
929	0.99663	0.0033695	2.284e-06	8.2688e-09
930	0.99641	0.003588	2.3275e-06	8.9642e-09
931	0.99493	0.0050627	2.3551e-06	1.2919e-08
932	0.99447	0.0055291	2.39e-06	1.4362e-08
933	0.99503	0.0049655	2.4337e-06	1.3129e-08
934	0.99667	0.0033295	2.4867e-06	8.9449e-09
935	0.997	0.003	2.5472e-06	7.9596e-09
936	0.99637	0.0036284	2.5829e-06	9.6348e-09
937	0.99435	0.0056448	2.6014e-06	1.5152e-08
938	0.99343	0.0065678	2.6281e-06	1.7689e-08
939	0.99381	0.0061918	2.6448e-06	1.6889e-08
940	0.99257	0.0074273	2.6433e-06	2.0604e-08
941	0.99242	0.0075764	2.6502e-06	2.1211e-08
942	0.99341	0.0065871	2.6669e-06	1.8537e-08
943	0.99261	0.0073829	2.6854e-06	2.0614e-08
944	0.99316	0.0068332	2.6941e-06	1.9133e-08
945	0.99513	0.0048658	2.6933e-06	1.3912e-08
