#coord	neutral	conserved	gBGC.neutral	gBGC.conserved
1	0.24334	0.042029	0.60602	0.10861
2	0.24596	0.039728	0.6118	0.10251
3	0.24968	0.036191	0.62117	0.092954
4	0.25539	0.030744	0.63505	0.078824
5	0.26373	0.022726	0.65486	0.05869
6	0.27588	0.010962	0.68307	0.030084
7	0.28074	0.0063717	0.69424	0.018645
8	0.28087	0.0063835	0.69391	0.018836
9	0.28133	0.0059262	0.69505	0.017694
10	0.28214	0.0050006	0.69764	0.015218
11	0.28182	0.0050699	0.69772	0.015399
12	0.28179	0.0047093	0.69916	0.01434
13	0.28238	0.0038018	0.70193	0.011888
14	0.28195	0.0037805	0.70243	0.011842
15	0.28178	0.0033673	0.7042	0.010653
16	0.28072	0.0036811	0.70414	0.011459
17	0.2799	0.0036318	0.70524	0.011223
18	0.27932	0.0031971	0.70764	0.0098446
19	0.27898	0.0023771	0.71136	0.0072813
20	0.27932	0.00096395	0.71663	0.0030812
21	0.27799	0.0010668	0.71763	0.0033092
22	0.27639	0.0015462	0.71739	0.0046735
23	0.27494	0.0017279	0.71815	0.0051889
24	0.27269	0.002532	0.71738	0.007392
25	0.27068	0.0029403	0.71791	0.0084735
26	0.26884	0.0030101	0.71957	0.0085879
27	0.26752	0.0026588	0.72222	0.0076006
28	0.26676	0.0018502	0.726	0.0053916
29	0.26625	0.00061036	0.73132	0.0018158
30	0.26515	5.6108e-05	0.73454	0.00025189
31	0.2631	0.00012296	0.73614	0.00063168
32	0.26256	0.0002511	0.7361	0.0010901
33	0.26206	0.00019768	0.73677	0.00096765
34	0.26236	0.00066003	0.73468	0.0022928
35	0.26303	0.00083796	0.73332	0.0028127
36	0.26378	0.00078041	0.73284	0.0026016
37	0.26435	0.00097816	0.73144	0.003234
38	0.26503	0.00094058	0.73089	0.0031412
39	0.26522	0.0012548	0.72942	0.0041033
40	0.26554	0.0012989	0.72893	0.004229
41	0.26526	0.0018288	0.72714	0.0057753
42	0.26516	0.0020397	0.72646	0.0063415
43	0.26523	0.0019467	0.72684	0.0059816
44	0.26492	0.0023153	0.72573	0.0070312
45	0.2648	0.0023609	0.72574	0.0071023
46	0.26482	0.002125	0.72674	0.0063115
47	0.26526	0.0015473	0.72859	0.0046027
48	0.26526	0.0014764	0.72884	0.0044182
49	0.26538	0.0011523	0.73	0.0034664
50	0.26496	0.0012511	0.73008	0.0037056
51	0.26489	0.0010752	0.73082	0.0032139
52	0.26433	0.0012491	0.73073	0.003687
53	0.26389	0.0011605	0.73157	0.0033746
54	0.26385	0.00075153	0.7332	0.0021951
55	0.26299	0.0012387	0.73213	0.0036331
56	0.26255	0.0013869	0.73191	0.0041523
57	0.26224	0.0012796	0.73258	0.0038992
58	0.26034	0.0015231	0.73336	0.00477
59	0.25575	0.0045724	0.72479	0.014893
60	0.25236	0.0065095	0.71936	0.021773
61	0.24582	0.011434	0.70415	0.038598
62	0.24051	0.014945	0.69391	0.050636
63	0.23661	0.017136	0.68742	0.058835
64	0.23387	0.018271	0.68399	0.063875
65	0.23208	0.01854	0.6831	0.066284
66	0.23073	0.018217	0.6844	0.066654
67	0.23024	0.017123	0.68792	0.064716
68	0.23024	0.015385	0.69382	0.060552
69	0.23139	0.012596	0.70273	0.053291
70	0.23076	0.01167	0.7056	0.051968
71	0.23101	0.0099627	0.71076	0.048269
72	0.23232	0.0072827	0.71865	0.041753
73	0.23158	0.0080385	0.71509	0.045291
74	0.23148	0.0082268	0.71362	0.046678
75	0.23168	0.0079895	0.71405	0.046273
76	0.22752	0.011994	0.69559	0.064897
77	0.22479	0.014637	0.68267	0.077909
78	0.22275	0.016467	0.6737	0.087086
79	0.21782	0.021259	0.65009	0.11083
80	0.20676	0.033595	0.60863	0.15102
81	0.1985	0.042984	0.57843	0.18009
82	0.17596	0.066518	0.50563	0.25189
83	0.16019	0.083345	0.45284	0.30362
84	0.14828	0.096196	0.41429	0.34124
85	0.14013	0.10532	0.38662	0.36792
86	0.13476	0.11173	0.36704	0.38646
87	0.13158	0.11602	0.35384	0.39857
88	0.12961	0.11897	0.34531	0.40612
89	0.12906	0.12054	0.34072	0.40967
90	0.12991	0.12078	0.33982	0.40949
91	0.11778	0.13406	0.29595	0.45222
92	0.10843	0.14444	0.26302	0.48411
93	0.10226	0.1517	0.23976	0.50629
94	0.097815	0.15712	0.22313	0.52193
95	0.094766	0.16104	0.21159	0.5326
96	0.093315	0.16341	0.20435	0.53892
97	0.092835	0.16471	0.2004	0.54206
98	0.093675	0.16473	0.19958	0.54202
99	0.095913	0.16339	0.20184	0.53886
100	0.099195	0.16092	0.2069	0.53299
101	0.10433	0.15663	0.21563	0.5234
102	0.11192	0.14994	0.22894	0.50919
103	0.12177	0.1409	0.24742	0.48992
104	0.13609	0.12743	0.27396	0.46252
105	0.15451	0.10976	0.30954	0.4262
106	0.16303	0.1043	0.32839	0.40428
107	0.16135	0.10884	0.31903	0.41077
108	0.1608	0.11206	0.31353	0.41361
109	0.15548	0.12015	0.29513	0.42924
110	0.13791	0.14032	0.24772	0.47405
111	0.1246	0.15606	0.21298	0.50636
112	0.1155	0.16767	0.18786	0.52897
113	0.10861	0.17692	0.16913	0.54534
114	0.10366	0.18408	0.15575	0.55651
115	0.08972	0.20482	0.13133	0.57413
116	0.080071	0.22141	0.11373	0.58478
117	0.07357	0.23499	0.10114	0.5903
118	0.068675	0.24667	0.091952	0.5927
119	0.065743	0.25652	0.085685	0.59205
120	0.064385	0.26492	0.081716	0.58898
121	0.057071	0.27896	0.069524	0.59445
122	0.051604	0.29084	0.060789	0.59677
123	0.047615	0.30096	0.054661	0.59677
124	0.045223	0.30959	0.050569	0.59462
125	0.043789	0.31698	0.048093	0.59114
126	0.04321	0.32325	0.047005	0.58654
127	0.043446	0.32845	0.047207	0.5809
128	0.044825	0.3326	0.04874	0.57383
129	0.047579	0.33549	0.051851	0.56508
130	0.052067	0.33675	0.056883	0.5543
131	0.058035	0.3363	0.063938	0.54173
132	0.066069	0.33352	0.073872	0.52654
133	0.076798	0.3278	0.087598	0.5078
134	0.09249	0.31723	0.10684	0.48344
135	0.11284	0.30177	0.13225	0.45314
136	0.13981	0.27945	0.16669	0.41405
137	0.17827	0.24575	0.21373	0.36225
138	0.22811	0.20042	0.27554	0.29592
139	0.24914	0.18367	0.29864	0.26855
140	0.27608	0.16076	0.32992	0.23324
141	0.31064	0.13	0.37182	0.18754
142	0.35505	0.089153	0.42761	0.12819
143	0.41218	0.035352	0.5016	0.050866
144	0.43731	0.013286	0.53076	0.018646
145	0.45008	0.0037345	0.54091	0.0052748
146	0.45103	0.0041812	0.539	0.0057881
147	0.45236	0.0040794	0.538	0.0055635
148	0.45445	0.0033171	0.53768	0.0045605
149	0.45546	0.0034505	0.53641	0.0046771
150	0.45567	0.004496	0.53383	0.0060044
151	0.45433	0.0071893	0.52894	0.0095381
152	0.45376	0.0089442	0.52554	0.011754
153	0.45428	0.0097021	0.52322	0.012793
154	0.45535	0.0097668	0.52197	0.012916
155	0.4574	0.0089437	0.52162	0.012037
156	0.46006	0.007356	0.52239	0.010195
157	0.46345	0.0048978	0.52441	0.0072516
158	0.46531	0.0040472	0.52428	0.0063602
159	0.46768	0.0025561	0.52511	0.0046551
160	0.46962	0.0035018	0.52126	0.005615
161	0.47189	0.0038789	0.51841	0.0058242
162	0.47257	0.0056262	0.51419	0.0076147
163	0.47378	0.0066284	0.51111	0.0084767
164	0.47595	0.0068016	0.5088	0.0084488
165	0.47908	0.0061508	0.50723	0.0075445
166	0.48119	0.0066518	0.50413	0.0080299
167	0.48373	0.0065257	0.50197	0.0077745
168	0.4872	0.0055824	0.50053	0.0066881
169	0.49121	0.0039053	0.50011	0.0047768
170	0.49414	0.0034369	0.49813	0.0042885
171	0.49639	0.003811	0.49499	0.0048114
172	0.49713	0.0054778	0.49056	0.0068297
173	0.49892	0.0062419	0.48698	0.0078603
174	0.50166	0.0061874	0.48411	0.0080338
175	0.50484	0.0054879	0.48218	0.0074902
176	0.50716	0.0059829	0.47842	0.0084438
177	0.50988	0.0058508	0.47562	0.0086437
178	0.51452	0.0071829	0.46863	0.0096678
179	0.51948	0.0078063	0.46282	0.0098918
180	0.52477	0.0076838	0.45823	0.0093155
181	0.52887	0.0090024	0.45186	0.010272
182	0.53421	0.0093276	0.44614	0.010322
183	0.53715	0.011682	0.43895	0.012222
184	0.54149	0.01286	0.43258	0.013068
185	0.54633	0.013178	0.42741	0.013089
186	0.5517	0.012622	0.42336	0.012324
187	0.55536	0.013978	0.41737	0.013289
188	0.55963	0.014365	0.41263	0.013375
189	0.56526	0.01359	0.40856	0.012589
190	0.57161	0.011737	0.40572	0.010935
191	0.57611	0.011926	0.40094	0.011028
192	0.5812	0.01118	0.39726	0.010361
193	0.58697	0.0094152	0.39471	0.0089026
194	0.59116	0.009426	0.39048	0.0089345
195	0.59657	0.0083901	0.38679	0.0082468
196	0.59824	0.0088474	0.38402	0.0088925
197	0.60056	0.008458	0.38214	0.0088415
198	0.60357	0.0071826	0.38115	0.0081
199	0.60481	0.0075018	0.37902	0.0086748
200	0.60709	0.0068709	0.37749	0.008545
201	0.61003	0.005427	0.37676	0.00778
202	0.61388	0.0054891	0.37291	0.0077255
203	0.61595	0.0070535	0.36791	0.0090932
204	0.6186	0.007752	0.36396	0.0096909
205	0.61876	0.010706	0.35825	0.012285
206	0.61982	0.012504	0.35385	0.013834
207	0.6223	0.013027	0.35023	0.014441
208	0.61694	0.025183	0.33628	0.021602
209	0.59208	0.056407	0.312	0.03952
210	0.57398	0.080426	0.29361	0.051986
211	0.52372	0.13686	0.25707	0.082349
212	0.48576	0.18058	0.23008	0.10357
213	0.45736	0.21439	0.21008	0.11818
214	0.37968	0.29713	0.16821	0.15499
215	0.3258	0.35624	0.1382	0.17976
216	0.28476	0.40222	0.1163	0.19672
217	0.25364	0.43801	0.10032	0.20803
218	0.23263	0.46381	0.088791	0.21477
219	0.21667	0.48434	0.080178	0.2188
220	0.20479	0.50059	0.073797	0.22082
221	0.19625	0.5133	0.069151	0.2213
222	0.19185	0.52196	0.065997	0.22018
223	0.18999	0.52789	0.064073	0.21805
224	0.19142	0.53062	0.063212	0.21475
225	0.19526	0.53073	0.063405	0.21061
226	0.18972	0.54002	0.060471	0.20979
227	0.18765	0.54593	0.05863	0.20779
228	0.1889	0.54862	0.057783	0.20469
229	0.15146	0.58981	0.044528	0.21421
230	0.12218	0.62266	0.034648	0.22051
231	0.09987	0.64838	0.027479	0.22427
232	0.084241	0.66748	0.022311	0.22596
233	0.072147	0.68291	0.018476	0.22647
234	0.063115	0.69512	0.015729	0.22603
235	0.056277	0.70501	0.013729	0.22499
236	0.05207	0.71233	0.012395	0.22321
237	0.049228	0.71815	0.011506	0.22111
238	0.048231	0.7222	0.011053	0.21851
239	0.048311	0.72505	0.010927	0.21571
240	0.050029	0.72631	0.011156	0.2125
241	0.053706	0.72569	0.011787	0.20882
242	0.058905	0.72342	0.012806	0.20487
243	0.066172	0.71894	0.01435	0.20054
244	0.076061	0.7117	0.016563	0.19567
245	0.090437	0.70005	0.019658	0.18986
246	0.10906	0.68402	0.023771	0.18315
247	0.11544	0.6803	0.024764	0.1795
248	0.12435	0.67393	0.02638	0.17534
249	0.13667	0.66402	0.028843	0.17046
250	0.15475	0.64841	0.032386	0.16445
251	0.17826	0.62727	0.037184	0.15729
252	0.20942	0.59834	0.043799	0.14844
253	0.25453	0.55553	0.053023	0.13692
254	0.31264	0.4996	0.065183	0.12258
255	0.38747	0.42683	0.081185	0.10451
256	0.48604	0.3302	0.10282	0.080944
257	0.6129	0.20515	0.13124	0.050718
258	0.77615	0.043573	0.16857	0.011709
259	0.78258	0.038623	0.16843	0.010365
260	0.79144	0.031112	0.16908	0.0083734
261	0.80457	0.019411	0.17053	0.0054815
262	0.81009	0.015198	0.1703	0.0044075
263	0.81193	0.014551	0.16931	0.0042113
264	0.81548	0.012276	0.16858	0.0036612
265	0.82032	0.0085912	0.16832	0.0027699
266	0.82162	0.0080686	0.1677	0.0026103
267	0.82389	0.0064692	0.16746	0.0021753
268	0.82427	0.0066625	0.16685	0.0022169
269	0.82179	0.0093823	0.16599	0.0028397
270	0.82047	0.010842	0.16554	0.0031506
271	0.82015	0.011215	0.16544	0.0031976
272	0.81706	0.01425	0.16484	0.0038527
273	0.81577	0.015549	0.16453	0.0041447
274	0.81566	0.015571	0.16464	0.0041298
275	0.81714	0.014071	0.16499	0.0037935
276	0.82038	0.01087	0.16564	0.0031014
277	0.82061	0.01058	0.16574	0.0030718
278	0.81875	0.012432	0.16521	0.0036098
279	0.81803	0.01305	0.16509	0.0038322
280	0.81473	0.016307	0.16417	0.0047877
281	0.81276	0.018151	0.16372	0.0053661
282	0.80603	0.024666	0.16213	0.0071737
283	0.80126	0.029118	0.1612	0.0084209
284	0.79892	0.031221	0.16073	0.0091252
285	0.79813	0.031663	0.16081	0.0093968
286	0.77767	0.050715	0.15666	0.014959
287	0.76349	0.063567	0.15395	0.018996
288	0.754	0.071806	0.15233	0.021868
289	0.73123	0.093406	0.14626	0.029106
290	0.71423	0.10911	0.14219	0.034474
291	0.70145	0.12047	0.13954	0.038532
292	0.66851	0.15186	0.13098	0.04864
293	0.64565	0.17325	0.12498	0.056116
294	0.62833	0.18898	0.12081	0.061872
295	0.61549	0.20012	0.11812	0.066281
296	0.60635	0.20742	0.11662	0.06961
297	0.60063	0.21115	0.11625	0.071962
298	0.59909	0.21081	0.11678	0.073331
299	0.60049	0.20737	0.11826	0.073889
300	0.60474	0.20093	0.12066	0.073666
301	0.5995	0.20383	0.12071	0.075961
302	0.59813	0.20294	0.12163	0.077296
303	0.59943	0.19924	0.12347	0.077858
304	0.59229	0.20409	0.12251	0.081097
305	0.58803	0.20593	0.12261	0.083433
306	0.58777	0.20386	0.12365	0.084721
307	0.57831	0.21281	0.12184	0.087035
308	0.5724	0.21813	0.12116	0.08832
309	0.57048	0.2195	0.12142	0.088599
310	0.5715	0.21784	0.12271	0.087954
311	0.57529	0.21331	0.12501	0.08639
312	0.58372	0.20421	0.12857	0.083499
313	0.58176	0.2054	0.12907	0.083769
314	0.58354	0.20292	0.13051	0.083027
315	0.58811	0.19755	0.133	0.081343
316	0.59578	0.18898	0.13668	0.078558
317	0.6087	0.17522	0.14189	0.07418
318	0.6268	0.15618	0.14917	0.067851
319	0.6326	0.14951	0.15207	0.065829
320	0.64153	0.1396	0.15623	0.062643
321	0.65621	0.12401	0.1621	0.057675
322	0.64979	0.13081	0.16077	0.05863
323	0.63102	0.15003	0.15595	0.062996
324	0.61743	0.16397	0.15272	0.065876
325	0.60907	0.17274	0.1507	0.067492
326	0.60492	0.17736	0.14968	0.068033
327	0.60462	0.1782	0.14964	0.067535
328	0.60687	0.17639	0.15056	0.066173
329	0.61179	0.17183	0.15252	0.063861
330	0.61996	0.16391	0.15582	0.060319
331	0.63323	0.15094	0.16069	0.055136
332	0.65318	0.13137	0.16764	0.047809
333	0.68269	0.1023	0.17754	0.037471
334	0.69345	0.091881	0.18114	0.03353
335	0.70972	0.076023	0.18637	0.027892
336	0.73383	0.052394	0.19389	0.019885
337	0.76893	0.017857	0.20457	0.0086493
338	0.7747	0.014224	0.20433	0.0067398
339	0.78306	0.0081297	0.20485	0.0039589
340	0.78437	0.0088975	0.20273	0.0040061
341	0.78355	0.011905	0.19975	0.004794
342	0.78387	0.013588	0.19739	0.0051535
343	0.78086	0.018723	0.19386	0.0065554
344	0.76905	0.032492	0.18817	0.010291
345	0.76181	0.041798	0.18359	0.012802
346	0.74033	0.064067	0.17643	0.019172
347	0.72452	0.080559	0.17121	0.023709
348	0.71315	0.092492	0.1675	0.026861
349	0.70535	0.10075	0.16496	0.028943
350	0.70148	0.10514	0.1633	0.03008
351	0.70011	0.10692	0.16248	0.030486
352	0.70112	0.10623	0.16244	0.03021
353	0.70456	0.103	0.16321	0.029233
354	0.71173	0.096107	0.16479	0.027381
355	0.72222	0.085786	0.16743	0.024565
356	0.73646	0.071627	0.17128	0.020639
357	0.75533	0.052738	0.17663	0.015295
358	0.78003	0.027931	0.18392	0.0081148
359	0.78195	0.025985	0.18455	0.0075223
360	0.78546	0.022332	0.18577	0.0064352
361	0.78572	0.022001	0.18598	0.0062912
362	0.78723	0.020334	0.18666	0.0057751
363	0.79007	0.017228	0.18785	0.0048454
364	0.79528	0.011827	0.18955	0.0033342
365	0.80266	0.0041554	0.19205	0.0011378
366	0.80289	0.0036941	0.19243	0.00098661
367	0.80422	0.0022074	0.19298	0.00058824
368	0.80434	0.0018255	0.19337	0.00047177
369	0.80538	0.00059367	0.19388	0.00015228
370	0.8051	0.00075306	0.19395	0.00019261
371	0.80432	0.0013191	0.19403	0.00033027
372	0.80282	0.0026745	0.19383	0.00067463
373	0.80198	0.0032616	0.19394	0.00081967
374	0.80209	0.0029773	0.19417	0.00076095
375	0.80284	0.0019487	0.1947	0.0005087
376	0.8043	0.00011221	0.19554	4.2033e-05
377	0.80511	0.00014235	0.19471	4.1245e-05
378	0.80584	0.00012072	0.19401	3.2082e-05
379	0.80603	0.00052517	0.19332	0.00012848
380	0.80595	0.001273	0.19247	0.0003138
381	0.80638	0.0013866	0.1919	0.0003377
382	0.80633	0.0020568	0.19111	0.00050315
383	0.80713	0.0019513	0.19043	0.00048937
384	0.80849	0.0011809	0.19002	0.00030975
385	0.80938	0.00094308	0.1894	0.00026906
386	0.80973	0.0011445	0.18879	0.00034393
387	0.81055	0.00074538	0.18844	0.0002642
388	0.81108	0.0019034	0.18649	0.00053334
389	0.81216	0.0023591	0.18486	0.00062223
390	0.81379	0.0021369	0.18353	0.00054251
391	0.81476	0.0026551	0.18193	0.0006516
392	0.81633	0.0024415	0.18065	0.00058301
393	0.81884	0.0013656	0.17947	0.00032964
394	0.82047	0.0010315	0.17826	0.00024628
395	0.82021	0.0026722	0.1765	0.0006231
396	0.82064	0.0034991	0.17506	0.00080329
397	0.81971	0.0057685	0.1732	0.0013201
398	0.81973	0.0069631	0.17173	0.0015763
399	0.81685	0.010932	0.16981	0.0024095
400	0.81534	0.013403	0.16837	0.0028906
401	0.81503	0.014554	0.16734	0.0030721
402	0.81632	0.014186	0.16654	0.0029566
403	0.81927	0.012243	0.16595	0.0025383
404	0.82345	0.0089567	0.16577	0.0018288
405	0.82978	0.0035975	0.16589	0.00073214
406	0.83087	0.0035633	0.16484	0.00072861
407	0.83265	0.0027113	0.16409	0.0005526
408	0.83516	0.0010225	0.16361	0.0002018
409	0.83656	0.00053027	0.16281	0.00010301
410	0.83663	0.0012653	0.16187	0.00023621
411	0.83553	0.0030493	0.16087	0.00054609
412	0.83554	0.0038032	0.15999	0.00067142
413	0.83659	0.0035852	0.1592	0.00062332
414	0.83873	0.0023633	0.15851	0.00039968
415	0.83805	0.0042145	0.15699	0.00074675
416	0.83817	0.0051482	0.15577	0.00090795
417	0.83942	0.0050375	0.15466	0.00088573
418	0.84181	0.0038644	0.15364	0.00068255
419	0.84312	0.0038547	0.15233	0.00069329
420	0.84514	0.0030024	0.15132	0.00054451
421	0.84317	0.0059446	0.14984	0.001051
422	0.84224	0.0077418	0.14868	0.0013363
423	0.84224	0.0085031	0.14782	0.0014272
424	0.84006	0.01153	0.14651	0.0019005
425	0.83955	0.01295	0.14539	0.0021129
426	0.84061	0.012874	0.14443	0.0020845
427	0.83053	0.024166	0.14126	0.0040428
428	0.82433	0.031653	0.13867	0.0053448
429	0.82046	0.036684	0.13669	0.0061611
430	0.81927	0.039116	0.13506	0.0065513
431	0.81969	0.039837	0.13385	0.006627
432	0.82178	0.038756	0.13308	0.0063821
433	0.82553	0.035919	0.13272	0.0058305
434	0.83196	0.030478	0.13267	0.0048887
435	0.84172	0.02177	0.13303	0.0034751
436	0.84556	0.018873	0.1326	0.0029697
437	0.84636	0.019075	0.13159	0.0029739
438	0.84899	0.017537	0.13075	0.0027251
439	0.84849	0.019007	0.12958	0.0029242
440	0.84973	0.018809	0.12858	0.00288
441	0.85274	0.016912	0.12775	0.0025962
442	0.85317	0.017679	0.12642	0.0027303
443	0.85484	0.017089	0.12542	0.0026433
444	0.85772	0.015185	0.12474	0.0023497
445	0.85815	0.015811	0.12359	0.0024509
446	0.85978	0.015128	0.12275	0.0023436
447	0.86319	0.012737	0.12207	0.0020061
448	0.85844	0.018398	0.12029	0.0028702
449	0.85611	0.021721	0.11878	0.0033896
450	0.85522	0.023499	0.11763	0.0036543
451	0.85568	0.023837	0.11679	0.0036919
452	0.85747	0.022752	0.11627	0.0035111
453	0.86077	0.02006	0.11608	0.0030847
454	0.86567	0.015686	0.11625	0.0024002
455	0.87244	0.0093517	0.1168	0.0014079
456	0.87543	0.0068725	0.11667	0.0010273
457	0.87659	0.0062901	0.11619	0.0009364
458	0.87865	0.0047159	0.11593	0.0007007
459	0.88179	0.0019763	0.11595	0.00029161
460	0.88184	0.0023769	0.11544	0.00034259
461	0.88281	0.0019277	0.11498	0.00028415
462	0.88478	0.00054447	0.11457	0.0001087
463	0.88522	0.0019688	0.11252	0.00029711
464	0.884	0.0051487	0.11012	0.00072921
465	0.88387	0.0070783	0.10808	0.00097129
466	0.87977	0.01192	0.1067	0.001617
467	0.87729	0.015035	0.10566	0.0020131
468	0.87671	0.016324	0.10477	0.0021869
469	0.87279	0.02103	0.10336	0.002828
470	0.87052	0.023993	0.10227	0.0032176
471	0.87028	0.024978	0.10137	0.0033673
472	0.86602	0.030056	0.099842	0.0040781
473	0.85236	0.04445	0.097181	0.0060083
474	0.84263	0.05482	0.095213	0.0073386
475	0.83687	0.061278	0.093669	0.0081853
476	0.83364	0.065114	0.092582	0.0086645
477	0.83267	0.066605	0.091896	0.0088307
478	0.83448	0.065369	0.091458	0.0086907
479	0.83838	0.061973	0.091368	0.0082804
480	0.83613	0.064645	0.090635	0.0085856
481	0.83606	0.065059	0.090275	0.0086005
482	0.83815	0.063242	0.090279	0.0083318
483	0.84252	0.059052	0.090665	0.0077587
484	0.84077	0.060914	0.090414	0.0078973
485	0.83224	0.069621	0.089299	0.0088432
486	0.82649	0.075469	0.088603	0.0094388
487	0.82403	0.078079	0.088198	0.0096919
488	0.82469	0.077631	0.088063	0.0096184
489	0.82769	0.074763	0.088304	0.0092467
490	0.83419	0.068447	0.088856	0.0085078
491	0.84358	0.059174	0.089842	0.0074035
492	0.85677	0.046029	0.091402	0.0058031
493	0.84129	0.060814	0.09033	0.0075621
494	0.8312	0.070286	0.089751	0.008766
495	0.82521	0.075706	0.089548	0.0095319
496	0.82161	0.078667	0.08973	0.0099898
497	0.82116	0.078538	0.090189	0.010109
498	0.82286	0.076186	0.091007	0.0099482
499	0.81755	0.079851	0.091939	0.010663
500	0.81536	0.080473	0.093134	0.011033
501	0.81544	0.078698	0.094779	0.011088
502	0.79133	0.1013	0.092726	0.014642
503	0.77287	0.11815	0.091592	0.017393
504	0.7605	0.12898	0.091119	0.019403
505	0.72885	0.15895	0.087918	0.024279
506	0.70508	0.18091	0.085995	0.028013
507	0.68702	0.19704	0.085	0.030944
508	0.64179	0.24019	0.080162	0.037865
509	0.61015	0.26982	0.076876	0.04315
510	0.58593	0.29192	0.074771	0.047382
511	0.56764	0.30795	0.073629	0.050783
512	0.55454	0.31864	0.073375	0.053451
513	0.54715	0.32371	0.073763	0.055384
514	0.54306	0.32533	0.074791	0.056815
515	0.54208	0.3237	0.076462	0.057752
516	0.54586	0.31742	0.078745	0.057977
517	0.55345	0.30715	0.0819	0.057498
518	0.56705	0.29097	0.085956	0.056023
519	0.58886	0.26668	0.091275	0.053183
520	0.5779	0.27489	0.091407	0.055804
521	0.57186	0.27827	0.092203	0.057661
522	0.56887	0.27845	0.093734	0.058945
523	0.56882	0.27552	0.096018	0.059647
524	0.57177	0.2694	0.099128	0.059702
525	0.57832	0.25947	0.10329	0.058917
526	0.57498	0.25956	0.10527	0.060195
527	0.57602	0.2554	0.10795	0.060643
528	0.58035	0.24772	0.11164	0.060293
529	0.57372	0.25081	0.11321	0.062258
530	0.56996	0.25081	0.11566	0.063569
531	0.5703	0.24684	0.11884	0.064021
532	0.57381	0.23946	0.12313	0.063602
533	0.58227	0.22726	0.12848	0.061982
534	0.59481	0.21076	0.13536	0.059066
535	0.61532	0.18644	0.14419	0.054045
536	0.64266	0.15505	0.15562	0.046664
537	0.67859	0.11482	0.17047	0.03612
538	0.72536	0.063453	0.18986	0.021321
539	0.73905	0.046258	0.19786	0.016827
540	0.73432	0.047204	0.20089	0.017588
541	0.72326	0.054188	0.20219	0.020361
542	0.71566	0.057892	0.20424	0.022213
543	0.71081	0.059006	0.20689	0.023296
544	0.69717	0.065575	0.2102	0.02706
545	0.68584	0.069322	0.21492	0.029918
546	0.67635	0.070671	0.221	0.031973
547	0.6586	0.0797	0.22433	0.037369
548	0.64544	0.084496	0.22865	0.041417
549	0.6359	0.085993	0.23381	0.044291
550	0.61714	0.09615	0.23511	0.051601
551	0.60166	0.10242	0.23852	0.057396
552	0.59034	0.10488	0.24308	0.061693
553	0.58086	0.10496	0.24923	0.064951
554	0.56276	0.11301	0.25128	0.072952
555	0.54762	0.1174	0.25563	0.079348
556	0.51969	0.13385	0.25276	0.093702
557	0.4969	0.14439	0.25325	0.10546
558	0.47793	0.15029	0.2566	0.11517
559	0.44201	0.17237	0.24874	0.13687
560	0.416	0.18503	0.24472	0.15425
561	0.39676	0.19132	0.24355	0.16837
562	0.38255	0.19297	0.24471	0.17978
563	0.37067	0.1916	0.2483	0.18943
564	0.36237	0.18707	0.25376	0.1968
565	0.3245	0.21924	0.23232	0.22394
566	0.29762	0.2406	0.21725	0.24453
567	0.27697	0.25538	0.20711	0.26054
568	0.2318	0.29486	0.17552	0.29781
569	0.20053	0.32061	0.15294	0.32593
570	0.17893	0.33683	0.13697	0.34727
571	0.16414	0.34639	0.1259	0.36357
572	0.15278	0.35225	0.11806	0.3769
573	0.14519	0.35448	0.11303	0.3873
574	0.13983	0.35419	0.11031	0.39567
575	0.13696	0.35154	0.10952	0.40198
576	0.13558	0.34714	0.11041	0.40687
577	0.1365	0.34057	0.11322	0.40971
578	0.13912	0.33201	0.11813	0.41074
579	0.1351	0.32966	0.117	0.41824
580	0.13342	0.32511	0.11787	0.4236
581	0.13323	0.31875	0.12073	0.42729
582	0.13442	0.31071	0.12558	0.42929
583	0.13724	0.30068	0.13297	0.4291
584	0.14302	0.28787	0.14363	0.42548
585	0.15102	0.2725	0.15809	0.41839
586	0.16171	0.25408	0.17748	0.40672
587	0.1757	0.232	0.20336	0.38894
588	0.19673	0.20309	0.23928	0.36091
589	0.20117	0.1901	0.2554	0.35332
590	0.20774	0.17454	0.27688	0.34083
591	0.21687	0.15595	0.30533	0.32185
592	0.22909	0.13375	0.34295	0.29421
593	0.24798	0.10517	0.39386	0.25299
594	0.27651	0.067287	0.46418	0.19203
595	0.28678	0.053064	0.50448	0.15567
596	0.30048	0.035143	0.5577	0.10667
597	0.31896	0.012121	0.62974	0.039188
598	0.31602	0.009769	0.64236	0.031857
599	0.30941	0.011293	0.64408	0.035208
600	0.30397	0.011882	0.64748	0.036674
601	0.29691	0.014296	0.64593	0.042859
602	0.29124	0.01552	0.64665	0.046581
603	0.286	0.016008	0.6495	0.048498
604	0.27153	0.025928	0.62706	0.075488
605	0.26081	0.032286	0.61215	0.094754
606	0.25184	0.036562	0.60288	0.10873
607	0.24494	0.038942	0.59776	0.11837
608	0.2389	0.040152	0.59601	0.12494
609	0.23357	0.040292	0.59751	0.12862
610	0.22443	0.043871	0.58931	0.1424
611	0.21738	0.045563	0.58542	0.15163
612	0.21111	0.046126	0.58499	0.15777
613	0.20623	0.04551	0.58756	0.1607
614	0.19791	0.04795	0.58038	0.17375
615	0.19055	0.049069	0.57732	0.18306
616	0.18388	0.049094	0.57785	0.18918
617	0.17774	0.048117	0.582	0.19214
618	0.16922	0.049793	0.57569	0.2053
619	0.16156	0.05013	0.57397	0.21434
620	0.15532	0.049288	0.57579	0.2196
621	0.15028	0.047485	0.5809	0.22133
622	0.1423	0.048203	0.57516	0.23434
623	0.135	0.047744	0.57407	0.24318
624	0.12896	0.046278	0.57663	0.24813
625	0.12399	0.043991	0.58267	0.24935
626	0.11921	0.041067	0.59246	0.24727
627	0.11457	0.037547	0.60645	0.24144
628	0.11098	0.033256	0.62568	0.23009
629	0.10755	0.028271	0.65187	0.21231
630	0.10533	0.022359	0.68677	0.18554
631	0.10455	0.015285	0.73356	0.14661
632	0.099394	0.012055	0.75639	0.13216
633	0.094059	0.0084013	0.78681	0.11073
634	0.091121	0.0072278	0.80339	0.098264
635	0.088735	0.0056571	0.82583	0.079781
636	0.086989	0.003596	0.85611	0.053309
637	0.086077	0.00085829	0.89759	0.015478
638	0.082484	0.00054018	0.90579	0.011181
639	0.078371	0.00043294	0.91123	0.0099676
640	0.074008	0.00073901	0.90895	0.016305
641	0.06953	0.00087431	0.90905	0.020548
642	0.064855	0.00086919	0.9114	0.022875
643	0.062412	0.001164	0.90846	0.027966
644	0.059947	0.0013178	0.90775	0.030981
645	0.057723	0.0013288	0.90909	0.031858
646	0.055372	0.0015595	0.90563	0.03744
647	0.052999	0.0016528	0.90462	0.040733
648	0.05086	0.0016069	0.90588	0.041653
649	0.048303	0.0018164	0.90137	0.048515
650	0.046003	0.0018578	0.89969	0.052452
651	0.043648	0.0017881	0.90046	0.054105
652	0.041198	0.0016191	0.90378	0.053406
653	0.038942	0.0013534	0.90955	0.050156
654	0.036576	0.0010171	0.91807	0.044341
655	0.035192	0.0011963	0.91404	0.049576
656	0.033968	0.0012641	0.91266	0.052105
657	0.03272	0.0012578	0.91359	0.052432
658	0.031607	0.0011692	0.91702	0.050201
659	0.030448	0.0010168	0.92316	0.045376
660	0.02924	0.00080748	0.93221	0.037747
661	0.027753	0.00074671	0.93549	0.036009
662	0.026378	0.00063025	0.94108	0.031911
663	0.025115	0.00045856	0.94941	0.025021
664	0.023624	0.00040226	0.95271	0.023263
665	0.022237	0.00030444	0.95811	0.01935
666	0.020944	0.00016721	0.96595	0.012942
667	0.019443	0.00011547	0.96957	0.010872
668	0.018773	0.00011141	0.97098	0.010135
669	0.018051	8.7452e-05	0.97388	0.0079826
670	0.017319	0.00015362	0.97033	0.012197
671	0.016649	0.00018308	0.96862	0.014545
672	0.016036	0.00018292	0.96857	0.015209
673	0.015312	0.00022668	0.96521	0.019251
674	0.014651	0.00023561	0.96389	0.021219
675	0.013945	0.00022042	0.96439	0.021448
676	0.013293	0.00018064	0.9667	0.019828
677	0.012595	0.00012325	0.97082	0.01646
678	0.012337	0.00011354	0.97246	0.015089
679	0.012113	8.4766e-05	0.97591	0.011888
680	0.011863	4.0242e-05	0.98127	0.0068222
681	0.011603	2.1298e-05	0.98346	0.0049143
682	0.011634	3.572e-05	0.98176	0.0065661
683	0.011637	3.894e-05	0.98132	0.0070032
684	0.011612	3.1176e-05	0.98209	0.0062668
685	0.011902	3.6733e-05	0.98172	0.0063427
686	0.012217	2.9697e-05	0.98252	0.0052328
687	0.012539	3.2163e-05	0.98183	0.0055942
688	0.013367	5.2206e-05	0.97977	0.0068092
689	0.014093	0.00010576	0.97504	0.01076
690	0.014765	0.00014224	0.97212	0.012976
691	0.015304	0.00024006	0.96508	0.019381
692	0.015904	0.00030459	0.96058	0.023209
693	0.016467	0.00034541	0.95803	0.025159
694	0.017085	0.00035529	0.95735	0.025206
695	0.017763	0.00033024	0.95855	0.023359
696	0.018516	0.00025997	0.96188	0.019348
697	0.020066	0.00027373	0.96202	0.017636
698	0.02172	0.0002438	0.96399	0.014042
699	0.023505	0.0001501	0.96823	0.0081144
700	0.025022	0.00019183	0.9656	0.0091864
701	0.026632	0.00020117	0.96422	0.0089426
702	0.028258	0.00026214	0.96067	0.010813
703	0.029795	0.00029199	0.95855	0.011362
704	0.031254	0.00028577	0.95782	0.01064
705	0.032646	0.00023695	0.95852	0.0085972
706	0.033718	0.00039522	0.95274	0.013144
707	0.034741	0.0005062	0.94885	0.015906
708	0.035718	0.00056995	0.94661	0.017107
709	0.036444	0.00078835	0.94051	0.022262
710	0.037294	0.00092343	0.93664	0.025145
711	0.038116	0.000993	0.93477	0.026126
712	0.038858	0.0012547	0.92787	0.032017
713	0.03959	0.001431	0.92356	0.035414
714	0.040458	0.0015121	0.92146	0.036568
715	0.041161	0.0018141	0.91399	0.043032
716	0.04187	0.0020232	0.90917	0.046934
717	0.042584	0.0021358	0.90686	0.048421
718	0.042868	0.0025978	0.89743	0.057108
719	0.04335	0.0028975	0.8914	0.062351
720	0.04402	0.0030509	0.88834	0.064589
721	0.044873	0.0030641	0.88798	0.064084
722	0.045758	0.002954	0.89027	0.061015
723	0.046697	0.0027034	0.8955	0.055103
724	0.047891	0.0022374	0.90439	0.045481
725	0.049212	0.0015657	0.91732	0.031906
726	0.05001	0.001342	0.92155	0.027097
727	0.050504	0.0013482	0.92142	0.02673
728	0.05114	0.001245	0.92318	0.024439
729	0.051802	0.0010438	0.92692	0.020238
730	0.052647	0.00069261	0.93316	0.013499
731	0.053086	0.00079077	0.93083	0.015294
732	0.053521	0.00081206	0.9301	0.015569
733	0.053955	0.00075551	0.93094	0.014353
734	0.054158	0.00085179	0.92918	0.015815
735	0.054366	0.00086794	0.929	0.015765
736	0.054444	0.0010474	0.92587	0.018638
737	0.054669	0.001114	0.92455	0.019669
738	0.055035	0.001074	0.92492	0.018973
739	0.055418	0.00094784	0.92691	0.016721
740	0.055955	0.00069775	0.93082	0.012524
741	0.056691	0.0002837	0.93717	0.0058512
742	0.056884	0.00045671	0.93289	0.0097672
743	0.057077	0.00055113	0.93036	0.012014
744	0.057266	0.00057266	0.92936	0.012803
745	0.057577	0.00050725	0.9298	0.012116
746	0.057812	0.0005518	0.92783	0.013806
747	0.058041	0.00052468	0.9274	0.014036
748	0.058544	0.0010463	0.91731	0.023105
749	0.059086	0.0014228	0.91035	0.02914
750	0.059834	0.0016443	0.90598	0.032543
751	0.060594	0.0017611	0.90365	0.033997
752	0.06153	0.0017471	0.90331	0.033415
753	0.062486	0.0016217	0.90492	0.030971
754	0.063479	0.0013618	0.90885	0.026308
755	0.064537	0.00095367	0.91529	0.019215
756	0.065692	0.00036661	0.9248	0.0091425
757	0.066493	0.00055283	0.92081	0.012142
758	0.067281	0.00065685	0.91839	0.013671
759	0.068222	0.00065962	0.91745	0.01367
760	0.069322	0.00055567	0.91798	0.012146
761	0.07018	0.0005979	0.9161	0.013122
762	0.071019	0.00055596	0.91571	0.012714
763	0.071415	0.0010267	0.90509	0.022469
764	0.068614	0.0047421	0.82599	0.10066
765	0.066511	0.0076669	0.76637	0.15945
766	0.064962	0.0099507	0.72161	0.20347
767	0.06413	0.011557	0.68948	0.23483
768	0.061728	0.016147	0.63222	0.28991
769	0.060519	0.019626	0.59135	0.3285
770	0.059765	0.022506	0.56091	0.35682
771	0.055715	0.028752	0.48825	0.42728
772	0.053158	0.033576	0.43552	0.47775
773	0.051273	0.03759	0.39594	0.5152
774	0.049999	0.04085	0.36725	0.5419
775	0.049541	0.043358	0.34733	0.55977
776	0.04943	0.045397	0.33316	0.57201
777	0.049633	0.047006	0.32366	0.5797
778	0.050162	0.048164	0.3185	0.58317
779	0.051262	0.048805	0.31749	0.58244
780	0.052705	0.048995	0.31997	0.57833
781	0.054835	0.048546	0.32665	0.56997
782	0.055366	0.049587	0.32115	0.5739
783	0.056506	0.050072	0.31981	0.57362
784	0.058016	0.050081	0.32194	0.56997
785	0.060299	0.049369	0.32842	0.56191
786	0.063222	0.0479	0.33967	0.54921
787	0.064291	0.048171	0.33855	0.54899
788	0.066031	0.047817	0.34137	0.54478
789	0.068261	0.046872	0.34799	0.53688
790	0.071464	0.045001	0.35954	0.52399
791	0.075498	0.042198	0.37649	0.50581
792	0.077097	0.041731	0.37846	0.50271
793	0.078129	0.044047	0.37221	0.50562
794	0.079504	0.045835	0.36966	0.505
795	0.081279	0.047027	0.37106	0.50063
796	0.081543	0.049824	0.36096	0.50768
797	0.082222	0.052034	0.35488	0.51087
798	0.083344	0.053621	0.35277	0.51027
799	0.084932	0.05457	0.35451	0.50599
800	0.087371	0.054741	0.36038	0.49751
801	0.090908	0.053899	0.3713	0.48389
802	0.092206	0.055138	0.36939	0.48327
803	0.094341	0.055618	0.37134	0.4787
804	0.097031	0.055387	0.37704	0.47054
805	0.1004	0.05433	0.38702	0.45825
806	0.10513	0.051977	0.40278	0.44011
807	0.11182	0.047756	0.42638	0.41404
808	0.11545	0.046687	0.43266	0.4052
809	0.1205	0.044299	0.44418	0.39103
810	0.12667	0.040618	0.46132	0.37139
811	0.1296	0.040002	0.46344	0.36695
812	0.13366	0.038352	0.46977	0.35821
813	0.13865	0.035592	0.48109	0.34467
814	0.1433	0.036494	0.48237	0.33784
815	0.14847	0.036549	0.4877	0.32728
816	0.15435	0.035591	0.49767	0.31239
817	0.15781	0.036717	0.4958	0.30967
818	0.16234	0.036936	0.49765	0.30308
819	0.16752	0.036186	0.50387	0.29243
820	0.17093	0.037408	0.49934	0.29232
821	0.1748	0.037893	0.49825	0.28905
822	0.17927	0.037487	0.50105	0.28219
823	0.18509	0.041313	0.49432	0.27927
824	0.19221	0.044156	0.49088	0.27275
825	0.19983	0.045884	0.49153	0.26276
826	0.20539	0.049988	0.48212	0.26251
827	0.21236	0.052997	0.47587	0.25878
828	0.21985	0.054858	0.47337	0.25193
829	0.22369	0.059841	0.46145	0.25501
830	0.22816	0.063653	0.45345	0.25474
831	0.23329	0.066288	0.449	0.25143
832	0.23424	0.072613	0.43572	0.25743
833	0.23714	0.077242	0.42631	0.25931
834	0.24089	0.080564	0.42047	0.25807
835	0.2381	0.087051	0.40694	0.2679
836	0.23666	0.091967	0.39744	0.27393
837	0.23712	0.095111	0.39147	0.2763
838	0.21435	0.12163	0.33513	0.32888
839	0.19906	0.14081	0.29464	0.36548
840	0.18738	0.15617	0.26417	0.39228
841	0.1786	0.16842	0.24133	0.41165
842	0.17236	0.17791	0.22484	0.42489
843	0.16818	0.18514	0.2132	0.43348
844	0.15424	0.20036	0.18527	0.46013
845	0.14496	0.21099	0.16544	0.47861
846	0.13804	0.21914	0.15073	0.49208
847	0.13322	0.22509	0.14035	0.50134
848	0.13061	0.22886	0.1334	0.50713
849	0.12943	0.2311	0.12916	0.51031
850	0.12958	0.23189	0.12724	0.51128
851	0.13106	0.23126	0.12749	0.51019
852	0.13396	0.22909	0.12995	0.507
853	0.13918	0.22465	0.13505	0.50112
854	0.14631	0.21821	0.14282	0.49266
855	0.14805	0.21988	0.14459	0.48748
856	0.15125	0.2199	0.1489	0.47995
857	0.15686	0.21758	0.15639	0.46917
858	0.16466	0.2129	0.16763	0.45481
859	0.17636	0.2044	0.18411	0.43513
860	0.19193	0.19184	0.20709	0.40914
861	0.21255	0.17405	0.23871	0.37469
862	0.22167	0.16784	0.2499	0.36058
863	0.22402	0.16825	0.25062	0.35712
864	0.22783	0.16702	0.25397	0.35119
865	0.23346	0.16379	0.26059	0.34216
866	0.24109	0.15841	0.27078	0.32972
867	0.25119	0.15041	0.28537	0.31303
868	0.26436	0.13919	0.30554	0.29091
869	0.28327	0.12232	0.33392	0.26049
870	0.31061	0.097103	0.37401	0.21828
871	0.32301	0.086931	0.3888	0.20126
872	0.33887	0.073126	0.40945	0.17855
873	0.34542	0.068455	0.41578	0.17034
874	0.35409	0.061487	0.42609	0.15833
875	0.36651	0.050865	0.44143	0.1412
876	0.38235	0.036662	0.46273	0.11826
877	0.38627	0.037096	0.46045	0.11618
878	0.39105	0.036398	0.46054	0.11201
879	0.38164	0.049577	0.43728	0.13149
880	0.37622	0.058935	0.42001	0.14484
881	0.37275	0.066076	0.40707	0.1541
882	0.37092	0.071347	0.39762	0.16012
883	0.3706	0.07485	0.39131	0.16325
884	0.37154	0.076877	0.3875	0.16408
885	0.3738	0.077362	0.38624	0.1626
886	0.37733	0.076384	0.38735	0.15894
887	0.38226	0.073817	0.39101	0.15291
888	0.38234	0.075937	0.38789	0.15384
889	0.38378	0.076498	0.38723	0.1525
890	0.38651	0.075606	0.38885	0.14903
891	0.39065	0.073154	0.39297	0.14323
892	0.39727	0.068316	0.40018	0.13423
893	0.39874	0.068464	0.40011	0.13268
894	0.4016	0.067067	0.40248	0.12886
895	0.40055	0.069671	0.39889	0.13089
896	0.4009	0.070704	0.39766	0.13073
897	0.4032	0.069874	0.39863	0.1283
898	0.40761	0.067023	0.40198	0.12339
899	0.41366	0.06239	0.40798	0.11597
900	0.42185	0.05545	0.41751	0.10519
901	0.42447	0.05393	0.41947	0.10213
902	0.42914	0.050441	0.4238	0.096622
903	0.43645	0.044395	0.43117	0.087984
904	0.43859	0.043372	0.43178	0.086256
905	0.44189	0.041038	0.4344	0.082673
906	0.44728	0.036708	0.43937	0.076644
907	0.45068	0.036633	0.43899	0.073698
908	0.45583	0.03495	0.44062	0.068609
909	0.46218	0.031821	0.44468	0.061318
910	0.47014	0.026837	0.45198	0.051044
911	0.47999	0.019737	0.46299	0.037281
912	0.49227	0.010003	0.47869	0.01903
913	0.49209	0.012448	0.47457	0.02089
914	0.4927	0.013886	0.47185	0.021559
915	0.49452	0.014235	0.47017	0.021078
916	0.49752	0.013508	0.46955	0.019423
917	0.50131	0.011794	0.47039	0.016512
918	0.50668	0.0086199	0.47275	0.011951
919	0.50949	0.0078101	0.47222	0.010483
920	0.51293	0.006204	0.47282	0.0080501
921	0.51773	0.0033468	0.47467	0.0042579
922	0.52052	0.0023055	0.47439	0.0027811
923	0.5226	0.0020854	0.47295	0.0023649
924	0.52543	0.0012296	0.472	0.0013451
925	0.52784	0.00092222	0.47026	0.00097846
926	0.53051	0.00016982	0.46915	0.00017359
927	0.53262	0.00010102	0.46718	0.0001005
928	0.53211	0.001207	0.46552	0.0011639
929	0.53198	0.0018011	0.46449	0.0017281
930	0.53219	0.0019191	0.46405	0.0018389
931	0.53182	0.0027093	0.46287	0.0026073
932	0.53185	0.0029604	0.46233	0.002856
933	0.53229	0.0026598	0.46247	0.0025772
934	0.53316	0.0017846	0.46331	0.0017451
935	0.53341	0.0016088	0.46339	0.0015976
936	0.53323	0.0019462	0.46285	0.0019682
937	0.5324	0.0030282	0.46144	0.0031312
938	0.53202	0.0035237	0.46075	0.0037012
939	0.53243	0.0033228	0.46059	0.0036557
940	0.53206	0.0039861	0.45939	0.0045552
941	0.53215	0.0040655	0.45894	0.0048469
942	0.5327	0.0035328	0.45925	0.0045166
943	0.5339	0.0039777	0.45744	0.0046821
944	0.53593	0.0036972	0.45618	0.0041922
945	0.53885	0.0026439	0.45551	0.0030023
946	0.54061	0.0025567	0.45403	0.0028049
947	0.54273	0.0019421	0.45323	0.0020963
948	0.54527	0.00075608	0.45315	0.00082668
949	0.54697	0.0002392	0.45252	0.00026908
950	0.54813	0.0003513	0.45114	0.00038105
951	0.54948	0.00011022	0.45023	0.00017759
952	0.5526	0.00022705	0.44687	0.00030632
953	0.55536	0.00046176	0.44356	0.00061601
954	0.56152	0.0010305	0.43639	0.0010579
955	0.56767	0.0011642	0.43005	0.0011126
956	0.57385	0.00085498	0.42449	0.00080135
957	0.57996	0.00087115	0.41836	0.00080907
958	0.58598	0.0012413	0.41163	0.0011481
959	0.59083	0.0023566	0.4047	0.0021106
960	0.59587	0.0028603	0.39873	0.0025425
961	0.59922	0.0046212	0.3922	0.0039575
962	0.60373	0.0054595	0.38614	0.0046734
963	0.60932	0.0054468	0.38045	0.0047903
964	0.60956	0.011093	0.36951	0.0098365
965	0.61093	0.015227	0.3605	0.013341
966	0.61325	0.018059	0.35306	0.015634
967	0.61639	0.019723	0.34695	0.016941
968	0.61324	0.026759	0.33815	0.021847
969	0.61188	0.031715	0.33134	0.025065
970	0.61201	0.034911	0.32613	0.026956
971	0.61415	0.036235	0.32192	0.027691
972	0.6175	0.036091	0.31896	0.027445
973	0.61723	0.039717	0.31334	0.029718
974	0.61912	0.041329	0.30879	0.030758
975	0.62305	0.041063	0.30516	0.030725
976	0.62312	0.044815	0.29866	0.033402
977	0.62467	0.046808	0.29371	0.034813
978	0.62761	0.047143	0.2901	0.035146
979	0.63196	0.045803	0.28775	0.034479
980	0.63516	0.04955	0.28047	0.034822
981	0.64088	0.051062	0.27402	0.034039
982	0.64914	0.05036	0.2683	0.032202
983	0.65884	0.047691	0.26406	0.029406
984	0.67035	0.042736	0.2614	0.025522
985	0.67646	0.042717	0.25648	0.024343
986	0.68383	0.041061	0.25269	0.022415
987	0.68556	0.04529	0.24595	0.023195
988	0.68866	0.047774	0.24037	0.023195
989	0.69308	0.048597	0.23583	0.022497
990	0.69989	0.047238	0.23186	0.021013
991	0.70822	0.044018	0.22895	0.018819
992	0.71962	0.037942	0.22676	0.015677
993	0.73495	0.028157	0.22551	0.011389
994	0.74431	0.024572	0.22141	0.0097031
995	0.75527	0.019031	0.2183	0.0073988
996	0.76824	0.011127	0.21628	0.0043572
997	0.77593	0.0081339	0.21278	0.0031534
998	0.78094	0.0075219	0.20873	0.002808
999	0.78384	0.0086851	0.20445	0.0030181
1000	0.78444	0.012344	0.19927	0.0039492
1001	0.78615	0.01458	0.19485	0.0044258
1002	0.78961	0.01525	0.19064	0.0044938
1003	0.78823	0.018709	0.18768	0.0053863
1004	0.7882	0.020631	0.18534	0.0058307
1005	0.79002	0.020815	0.18331	0.0058543
1006	0.78763	0.025049	0.18043	0.0068905
1007	0.78683	0.02752	0.17822	0.0074333
1008	0.78747	0.028398	0.17658	0.007551
1009	0.79014	0.027347	0.17528	0.0072349
1010	0.795	0.024209	0.17432	0.0064685
1011	0.80151	0.019275	0.17394	0.0052717
1012	0.79911	0.023104	0.17161	0.006175
1013	0.78964	0.033865	0.16782	0.0086754
1014	0.78413	0.040754	0.16483	0.010288
1015	0.78171	0.04465	0.16243	0.011216
1016	0.78115	0.046541	0.16069	0.011628
1017	0.78233	0.046553	0.15954	0.011581
1018	0.778	0.051952	0.15733	0.012713
1019	0.77662	0.054491	0.15566	0.013239
1020	0.77713	0.055008	0.15458	0.013282
1021	0.77123	0.061807	0.1523	0.014654
1022	0.76867	0.065357	0.15061	0.01536
1023	0.76807	0.06684	0.1495	0.015586
1024	0.76935	0.066338	0.14895	0.01536
1025	0.77256	0.063808	0.14895	0.014678
1026	0.77788	0.059083	0.14954	0.013496
1027	0.78581	0.051633	0.15088	0.011675
1028	0.7982	0.039792	0.15304	0.0089668
1029	0.81492	0.023528	0.15636	0.0052001
1030	0.82209	0.01687	0.15735	0.003688
1031	0.83297	0.0065807	0.15898	0.0014683
1032	0.83753	0.0025094	0.15939	0.00056951
1033	0.83959	0.00083471	0.15938	0.00019061
1034	0.84059	0.00012944	0.15925	2.976e-05
1035	0.84087	4.3564e-05	0.15908	1.0056e-05
1036	0.84105	0.00012165	0.15879	3.4033e-05
1037	0.84261	0.00011074	0.15726	2.5019e-05
1038	0.84402	1.9768e-05	0.15596	3.6806e-06
1039	0.84347	0.00087666	0.1555	0.00015357
1040	0.84371	0.001025	0.15508	0.00017893
1041	0.84364	0.0016383	0.15443	0.00029374
1042	0.84441	0.001479	0.15383	0.0002726
1043	0.84575	0.00066345	0.15346	0.00012708
1044	0.84653	0.000311	0.1531	6.3369e-05
1045	0.84658	0.00074921	0.15251	0.00016034
