#coord	neutral	conserved	gBGC.neutral	gBGC.conserved
1	0.85277	0.14722	9.0198e-06	1.6521e-06
2	0.861	0.13899	8.4881e-06	1.453e-06
3	0.87349	0.1265	8.0777e-06	1.2241e-06
4	0.89265	0.10734	7.6631e-06	9.5771e-07
5	0.92075	0.07924	7.2408e-06	6.5439e-07
6	0.96184	0.038151	6.8047e-06	3.1288e-07
7	0.97785	0.022139	6.2502e-06	1.8189e-07
8	0.97782	0.022172	5.6667e-06	1.6955e-07
9	0.97941	0.020582	5.1706e-06	1.4736e-07
10	0.98262	0.01737	4.7434e-06	1.1775e-07
11	0.98237	0.017626	4.3545e-06	1.0968e-07
12	0.9836	0.016391	4.0253e-06	9.4302e-08
13	0.98675	0.013246	3.6767e-06	7.2739e-08
14	0.9868	0.013195	3.3567e-06	6.6721e-08
15	0.98822	0.011777	3.0848e-06	5.5674e-08
16	0.98709	0.012911	2.8403e-06	5.4794e-08
17	0.98722	0.012779	2.6299e-06	4.9444e-08
18	0.98871	0.011288	2.4527e-06	4.0121e-08
19	0.99157	0.0084242	2.3019e-06	2.7387e-08
20	0.99657	0.0034269	2.1399e-06	1.0929e-08
21	0.99619	0.0038108	1.9862e-06	1.0603e-08
22	0.99445	0.0055517	1.8161e-06	1.3413e-08
23	0.99376	0.0062358	1.669e-06	1.3591e-08
24	0.99081	0.0091907	1.5384e-06	1.7387e-08
25	0.98926	0.010736	1.4283e-06	1.8154e-08
26	0.98894	0.01106	1.3342e-06	1.6786e-08
27	0.99017	0.0098286	1.2321e-06	1.3526e-08
28	0.99312	0.0068801	1.121e-06	8.719e-09
29	0.99772	0.0022833	1.0269e-06	2.565e-09
30	0.99979	0.00021021	9.1955e-07	2.4471e-10
31	0.99953	0.00046592	8.627e-07	4.8293e-10
32	0.99905	0.00095315	8.1446e-07	9.0564e-10
33	0.99925	0.0007524	7.7471e-07	6.9625e-10
34	0.9975	0.0025039	7.4046e-07	2.0515e-09
35	0.99683	0.0031684	7.0148e-07	2.5431e-09
36	0.99706	0.0029417	6.6991e-07	2.3064e-09
37	0.99632	0.0036776	6.3167e-07	2.8387e-09
38	0.99647	0.0035274	5.9969e-07	2.7009e-09
39	0.9953	0.0046982	5.7265e-07	3.4255e-09
40	0.99514	0.0048563	5.5161e-07	3.4316e-09
41	0.99317	0.0068333	5.3375e-07	4.5108e-09
42	0.99238	0.0076177	5.2127e-07	4.7984e-09
43	0.99273	0.0072685	5.1381e-07	4.3925e-09
44	0.99136	0.0086443	5.0071e-07	5.0091e-09
45	0.99118	0.0088159	4.9256e-07	4.9122e-09
46	0.99206	0.0079374	4.8332e-07	4.2752e-09
47	0.99422	0.0057784	4.7308e-07	3.0155e-09
48	0.99449	0.0055137	4.602e-07	2.76e-09
49	0.9957	0.0043022	4.4613e-07	2.0731e-09
50	0.99533	0.0046744	4.2967e-07	2.144e-09
51	0.99598	0.0040162	4.1204e-07	1.7633e-09
52	0.99533	0.0046691	3.9786e-07	1.9093e-09
53	0.99566	0.0043379	3.8782e-07	1.6171e-09
54	0.9972	0.002797	3.739e-07	9.0597e-10
55	0.99539	0.0046127	3.5336e-07	1.3787e-09
56	0.99484	0.0051591	3.2878e-07	1.4003e-09
57	0.99526	0.0047445	3.0793e-07	1.0844e-09
58	0.99433	0.0056703	2.8254e-07	1.0974e-09
59	0.98286	0.017139	3.1877e-07	5.1279e-09
60	0.97544	0.024556	3.504e-07	8.6682e-09
61	0.95655	0.043447	3.8267e-07	1.7277e-08
62	0.94277	0.057231	4.22e-07	2.5002e-08
63	0.93388	0.066122	4.5708e-07	3.166e-08
64	0.92898	0.071022	4.8815e-07	3.6951e-08
65	0.92742	0.072576	5.1555e-07	4.0704e-08
66	0.92816	0.071841	5.4924e-07	4.3171e-08
67	0.932	0.067996	5.7983e-07	4.3675e-08
68	0.93848	0.06152	6.1776e-07	4.2105e-08
69	0.94935	0.050653	6.5345e-07	3.7282e-08
70	0.95268	0.047315	6.7904e-07	3.7183e-08
71	0.95929	0.040708	7.0169e-07	3.4744e-08
72	0.97003	0.029966	7.2202e-07	2.9429e-08
73	0.96693	0.033066	7.3742e-07	3.4715e-08
74	0.96617	0.033827	7.4969e-07	3.8106e-08
75	0.96715	0.032848	7.6868e-07	3.9848e-08
76	0.95057	0.049433	7.1818e-07	5.0191e-08
77	0.93954	0.060456	6.6705e-07	5.5405e-08
78	0.93181	0.068185	6.2563e-07	5.7199e-08
79	0.91172	0.088275	5.7054e-07	6.6813e-08
80	0.86141	0.13859	5.0634e-07	9.2225e-08
81	0.82363	0.17637	4.5931e-07	1.063e-07
82	0.72798	0.27202	3.932e-07	1.446e-07
83	0.66052	0.33948	3.4004e-07	1.656e-07
84	0.60962	0.39038	3.029e-07	1.7499e-07
85	0.57425	0.42575	2.7095e-07	1.7518e-07
86	0.55019	0.44981	2.4212e-07	1.6823e-07
87	0.53494	0.46506	2.148e-07	1.5554e-07
88	0.52499	0.47501	1.9374e-07	1.4077e-07
89	0.52068	0.47932	1.7221e-07	1.2259e-07
90	0.52175	0.47825	1.4941e-07	1.0154e-07
91	0.47119	0.52881	1.4291e-07	1.3386e-07
92	0.43226	0.56774	1.4033e-07	1.6457e-07
93	0.406	0.594	1.3809e-07	1.9153e-07
94	0.38694	0.61306	1.3964e-07	2.1744e-07
95	0.37366	0.62634	1.4467e-07	2.4286e-07
96	0.36657	0.63343	1.4952e-07	2.6499e-07
97	0.36348	0.63652	1.5782e-07	2.8678e-07
98	0.36541	0.63459	1.6621e-07	3.0497e-07
99	0.37262	0.62738	1.7507e-07	3.1922e-07
100	0.38395	0.61605	1.8804e-07	3.3207e-07
101	0.40221	0.59778	2.0263e-07	3.3987e-07
102	0.42959	0.57041	2.198e-07	3.4169e-07
103	0.46555	0.53445	2.4455e-07	3.3878e-07
104	0.51807	0.48193	2.7543e-07	3.2602e-07
105	0.58594	0.41405	3.1947e-07	3.0325e-07
106	0.61214	0.38786	3.4667e-07	3.0143e-07
107	0.60042	0.39958	3.5318e-07	3.2433e-07
108	0.59347	0.40653	3.6638e-07	3.4537e-07
109	0.56895	0.43105	3.6094e-07	3.8059e-07
110	0.50078	0.49922	3.2152e-07	4.5408e-07
111	0.44926	0.55073	2.9628e-07	5.1846e-07
112	0.41335	0.58665	2.7621e-07	5.7358e-07
113	0.38598	0.61402	2.6461e-07	6.2456e-07
114	0.36601	0.63398	2.6105e-07	6.7276e-07
115	0.31227	0.68773	2.2821e-07	7.559e-07
116	0.27455	0.72545	2.015e-07	8.2884e-07
117	0.24836	0.75163	1.8018e-07	8.9251e-07
118	0.22849	0.77151	1.659e-07	9.5371e-07
119	0.2154	0.7846	1.5493e-07	1.0078e-06
120	0.20754	0.79246	1.4681e-07	1.0553e-06
121	0.18133	0.81867	1.1807e-07	1.0149e-06
122	0.16176	0.83823	9.8329e-08	9.7174e-07
123	0.14736	0.85264	8.4913e-08	9.2805e-07
124	0.13805	0.86195	7.4223e-08	8.7791e-07
125	0.13189	0.86811	6.7192e-08	8.2949e-07
126	0.12844	0.87156	6.3007e-08	7.8316e-07
127	0.12742	0.87258	6.1217e-08	7.3898e-07
128	0.12947	0.87053	6.0189e-08	6.9066e-07
129	0.13502	0.86498	5.9802e-08	6.3813e-07
130	0.14481	0.85519	5.9822e-08	5.8155e-07
131	0.15815	0.84185	6.1574e-08	5.2726e-07
132	0.17636	0.82364	6.5606e-08	4.7497e-07
133	0.20082	0.79918	7.2289e-08	4.2398e-07
134	0.23653	0.76346	7.9511e-08	3.6895e-07
135	0.2826	0.7174	8.9112e-08	3.1494e-07
136	0.34335	0.65665	1.0233e-07	2.61e-07
137	0.42926	0.57074	1.1498e-07	2.0411e-07
138	0.53966	0.46034	1.298e-07	1.4843e-07
139	0.58255	0.41745	1.2208e-07	1.1858e-07
140	0.63824	0.36176	1.1637e-07	8.9716e-08
141	0.71023	0.28977	1.1224e-07	6.2012e-08
142	0.80306	0.19694	1.0917e-07	3.5803e-08
143	0.92258	0.077424	1.0639e-07	1.1681e-08
144	0.97114	0.028862	9.0599e-08	3.2507e-09
145	0.99196	0.0080438	6.5438e-08	5.4145e-10
146	0.99099	0.0090148	7.1545e-08	7.278e-10
147	0.99121	0.0087883	7.8427e-08	8.205e-10
148	0.99287	0.0071317	8.2671e-08	7.8454e-10
149	0.99258	0.007416	6.4501e-08	5.4356e-10
150	0.99033	0.0096706	4.2796e-08	3.78e-10
151	0.98452	0.015476	4.7636e-08	7.4552e-10
152	0.98077	0.019228	5.2794e-08	1.0404e-09
153	0.97919	0.020814	5.5441e-08	1.218e-09
154	0.97909	0.020909	5.8279e-08	1.2906e-09
155	0.9809	0.019102	5.8692e-08	1.2198e-09
156	0.98432	0.015676	5.9331e-08	1.0235e-09
157	0.98959	0.010415	6.0223e-08	6.8415e-10
158	0.99141	0.0085902	5.8318e-08	5.6011e-10
159	0.99458	0.0054169	5.661e-08	3.4989e-10
160	0.99263	0.0073656	5.468e-08	4.4387e-10
161	0.9919	0.0081047	5.3072e-08	4.5359e-10
162	0.9883	0.011702	5.1361e-08	5.8749e-10
163	0.98628	0.013721	4.9934e-08	6.1382e-10
164	0.98599	0.014008	4.6034e-08	5.324e-10
165	0.9874	0.012599	3.9625e-08	3.6215e-10
166	0.98644	0.013558	5.7507e-08	6.851e-10
167	0.98676	0.013236	7.6723e-08	9.3914e-10
168	0.98874	0.011263	9.2917e-08	1.0144e-09
169	0.99216	0.0078385	1.1076e-07	8.4692e-10
170	0.99313	0.006865	1.2502e-07	8.6658e-10
171	0.99242	0.0075789	1.3586e-07	1.0959e-09
172	0.98914	0.010855	1.4769e-07	1.7385e-09
173	0.98769	0.012315	1.5636e-07	2.1634e-09
174	0.98785	0.012148	1.6195e-07	2.3364e-09
175	0.98928	0.010724	1.6916e-07	2.2653e-09
176	0.98836	0.011635	1.7268e-07	2.6556e-09
177	0.98867	0.011326	1.7786e-07	2.7986e-09
178	0.98631	0.013694	1.8394e-07	3.5523e-09
179	0.98532	0.014685	1.919e-07	4.0244e-09
180	0.98572	0.014279	2.023e-07	4.1809e-09
181	0.98345	0.016553	2.083e-07	5.087e-09
182	0.98304	0.016963	2.112e-07	5.5761e-09
183	0.97894	0.02106	1.7764e-07	5.2256e-09
184	0.97704	0.022961	1.4026e-07	4.2678e-09
185	0.97669	0.023307	1.0677e-07	3.0545e-09
186	0.97788	0.022119	7.6448e-08	1.7675e-09
187	0.97571	0.024294	8.2473e-08	2.1464e-09
188	0.97524	0.024763	8.9492e-08	2.3713e-09
189	0.97677	0.023227	9.3897e-08	2.3763e-09
190	0.98011	0.019894	9.9432e-08	2.1524e-09
191	0.97994	0.02006	1.0177e-07	2.2601e-09
192	0.98134	0.018664	1.0526e-07	2.1726e-09
193	0.9844	0.015602	1.0998e-07	1.8539e-09
194	0.98448	0.015516	1.1131e-07	1.8635e-09
195	0.98629	0.013711	1.0995e-07	1.6664e-09
196	0.98557	0.014427	1.0528e-07	1.7554e-09
197	0.98624	0.013757	1.0181e-07	1.6683e-09
198	0.98835	0.011651	9.9455e-08	1.4145e-09
199	0.98785	0.01215	9.7723e-08	1.4397e-09
200	0.98889	0.011106	9.3308e-08	1.3015e-09
201	0.99125	0.0087546	8.9649e-08	1.0315e-09
202	0.99122	0.0087783	8.6307e-08	1.0071e-09
203	0.98879	0.011215	8.3331e-08	1.2108e-09
204	0.98775	0.012254	8.1198e-08	1.2643e-09
205	0.98313	0.016865	7.9219e-08	1.6127e-09
206	0.98038	0.019617	7.8049e-08	1.7709e-09
207	0.97966	0.020345	7.4274e-08	1.7372e-09
208	0.96109	0.038908	6.96e-08	2.9757e-09
209	0.91347	0.086534	6.3559e-08	5.8843e-09
210	0.87769	0.12231	5.9165e-08	7.5674e-09
211	0.79347	0.20653	8.0544e-08	2.43e-08
212	0.72975	0.27025	1.0135e-07	4.5491e-08
213	0.68173	0.31827	1.2322e-07	6.9959e-08
214	0.5619	0.4381	1.2605e-07	1.1861e-07
215	0.47858	0.52142	1.2315e-07	1.6866e-07
216	0.41543	0.58457	1.2268e-07	2.2084e-07
217	0.36769	0.6323	1.2495e-07	2.7523e-07
218	0.33502	0.66498	1.2566e-07	3.2702e-07
219	0.31013	0.68987	1.2921e-07	3.8029e-07
220	0.29145	0.70855	1.3568e-07	4.3531e-07
221	0.2778	0.7222	1.4527e-07	4.9231e-07
222	0.27006	0.72993	1.5456e-07	5.4526e-07
223	0.26604	0.73396	1.6819e-07	5.9996e-07
224	0.26657	0.73343	1.8241e-07	6.4962e-07
225	0.27051	0.72949	2.0233e-07	7.0006e-07
226	0.26161	0.73838	2.1422e-07	7.657e-07
227	0.25749	0.74251	2.2686e-07	8.2599e-07
228	0.25787	0.74213	2.4098e-07	8.8008e-07
229	0.2058	0.79419	1.9792e-07	9.9866e-07
230	0.16531	0.83469	1.6502e-07	1.1138e-06
231	0.1346	0.8654	1.4137e-07	1.2278e-06
232	0.11307	0.88693	1.2163e-07	1.3334e-06
233	0.096457	0.90354	1.0736e-07	1.4407e-06
234	0.084077	0.91592	9.8262e-08	1.5517e-06
235	0.074711	0.92529	9.2819e-08	1.6674e-06
236	0.068869	0.93113	8.9289e-08	1.7762e-06
237	0.064878	0.93512	8.8961e-08	1.8904e-06
238	0.063315	0.93668	9.0572e-08	1.9977e-06
239	0.063177	0.93682	9.5599e-08	2.1106e-06
240	0.065149	0.93485	1.031e-07	2.2161e-06
241	0.069612	0.93039	1.1399e-07	2.3131e-06
242	0.076005	0.92399	1.3063e-07	2.4136e-06
243	0.085008	0.91499	1.5577e-07	2.5171e-06
244	0.097298	0.9027	1.9281e-07	2.6211e-06
245	0.11516	0.88483	2.4239e-07	2.7068e-06
246	0.13828	0.86172	3.1283e-07	2.7836e-06
247	0.14585	0.85415	3.4404e-07	2.8935e-06
248	0.15656	0.84344	3.8937e-07	3.0019e-06
249	0.1715	0.82849	4.555e-07	3.1051e-06
250	0.19349	0.8065	5.4202e-07	3.181e-06
251	0.22212	0.77788	6.6372e-07	3.2367e-06
252	0.2601	0.7399	8.3961e-07	3.2568e-06
253	0.31502	0.68498	1.0783e-06	3.2051e-06
254	0.38568	0.61431	1.4159e-06	3.0729e-06
255	0.47654	0.52345	1.8942e-06	2.8212e-06
256	0.59607	0.40392	2.5918e-06	2.3774e-06
257	0.74965	0.25034	3.585e-06	1.667e-06
258	0.94697	0.053025	5.0013e-06	5.6818e-07
259	0.95309	0.046901	5.1284e-06	5.0448e-07
260	0.96229	0.037701	5.3082e-06	4.0771e-07
261	0.97653	0.023464	5.5186e-06	2.6794e-07
262	0.98166	0.018331	5.6617e-06	2.1376e-07
263	0.98247	0.017521	5.7842e-06	2.0004e-07
264	0.98524	0.014751	5.908e-06	1.714e-07
265	0.9897	0.010297	6.0698e-06	1.2528e-07
266	0.99034	0.009656	6.1781e-06	1.183e-07
267	0.99227	0.0077251	6.3225e-06	9.9111e-08
268	0.99205	0.007947	6.4702e-06	1.0004e-07
269	0.9888	0.011194	6.572e-06	1.3091e-07
270	0.98706	0.012931	6.7142e-06	1.4867e-07
271	0.98663	0.013367	6.8949e-06	1.5512e-07
272	0.983	0.016988	7.0809e-06	1.9007e-07
273	0.98146	0.01853	7.2618e-06	2.1044e-07
274	0.98145	0.018544	7.4928e-06	2.1646e-07
275	0.98326	0.016733	7.7194e-06	2.0756e-07
276	0.98711	0.012882	7.9451e-06	1.8124e-07
277	0.98747	0.012517	8.17e-06	1.8791e-07
278	0.98529	0.0147	8.3407e-06	2.2951e-07
279	0.98458	0.015413	8.567e-06	2.535e-07
280	0.98073	0.019257	8.7209e-06	3.2812e-07
281	0.97857	0.021423	8.9327e-06	3.8061e-07
282	0.97087	0.029122	9.0964e-06	5.211e-07
283	0.96561	0.034383	9.337e-06	6.2893e-07
284	0.96313	0.036856	9.5815e-06	7.0578e-07
285	0.96264	0.037353	9.9057e-06	7.549e-07
286	0.94001	0.05998	9.7776e-06	1.2296e-06
287	0.92464	0.07535	9.7242e-06	1.605e-06
288	0.91469	0.085294	9.7286e-06	1.8997e-06
289	0.88878	0.1112	9.2976e-06	2.6081e-06
290	0.86978	0.1302	9.0677e-06	3.1595e-06
291	0.85587	0.14411	8.9845e-06	3.6076e-06
292	0.81782	0.18217	8.3857e-06	4.6246e-06
293	0.79161	0.20838	7.9544e-06	5.4497e-06
294	0.77206	0.22793	7.7065e-06	6.1393e-06
295	0.75793	0.24206	7.6098e-06	6.7297e-06
296	0.74834	0.25165	7.6432e-06	7.2469e-06
297	0.743	0.25699	7.8082e-06	7.7022e-06
298	0.74265	0.25734	8.0183e-06	8.0798e-06
299	0.74605	0.25393	8.3525e-06	8.4068e-06
300	0.75313	0.24685	8.8105e-06	8.6838e-06
301	0.7486	0.25138	8.8495e-06	8.7826e-06
302	0.74875	0.25123	8.9518e-06	8.8032e-06
303	0.75235	0.24763	9.155e-06	8.7506e-06
304	0.74526	0.25472	9.1034e-06	8.9365e-06
305	0.74185	0.25813	9.155e-06	9.0477e-06
306	0.74333	0.25665	9.2748e-06	9.0741e-06
307	0.7319	0.26808	9.1581e-06	9.3698e-06
308	0.72502	0.27496	9.1685e-06	9.5733e-06
309	0.72311	0.27687	9.2471e-06	9.692e-06
310	0.725	0.27498	9.4426e-06	9.7301e-06
311	0.73051	0.26947	9.7542e-06	9.688e-06
312	0.74181	0.25817	1.0159e-05	9.5324e-06
313	0.74004	0.25994	1.021e-05	9.3709e-06
314	0.74295	0.25703	1.0342e-05	9.1134e-06
315	0.74949	0.25049	1.0604e-05	8.7542e-06
316	0.76009	0.23989	1.102e-05	8.267e-06
317	0.77732	0.22266	1.1595e-05	7.6064e-06
318	0.80128	0.1987	1.2445e-05	6.7014e-06
319	0.80952	0.19046	1.2734e-05	6.3405e-06
320	0.82189	0.17809	1.3187e-05	5.8435e-06
321	0.84154	0.15844	1.3814e-05	5.155e-06
322	0.83304	0.16694	1.3717e-05	5.2187e-06
323	0.80864	0.19134	1.3309e-05	5.5782e-06
324	0.791	0.20898	1.3063e-05	5.8055e-06
325	0.77999	0.21999	1.2904e-05	5.9312e-06
326	0.7743	0.22568	1.2818e-05	5.9688e-06
327	0.77346	0.22653	1.2802e-05	5.9207e-06
328	0.77594	0.22404	1.2889e-05	5.7954e-06
329	0.78192	0.21806	1.309e-05	5.5834e-06
330	0.79212	0.20786	1.3436e-05	5.2554e-06
331	0.80871	0.19127	1.3908e-05	4.7865e-06
332	0.83366	0.16632	1.4546e-05	4.1365e-06
333	0.87059	0.1294	1.5416e-05	3.2373e-06
334	0.88385	0.11613	1.5766e-05	2.8864e-06
335	0.90397	0.096009	1.6241e-05	2.394e-06
336	0.93387	0.066108	1.6892e-05	1.7081e-06
337	0.97747	0.022507	1.7783e-05	7.6456e-07
338	0.98214	0.017843	1.786e-05	6.6409e-07
339	0.98983	0.010148	1.7976e-05	5.0552e-07
340	0.9889	0.011081	1.7546e-05	5.1573e-07
341	0.98516	0.014818	1.6993e-05	6.1295e-07
342	0.9831	0.016881	1.6555e-05	6.6063e-07
343	0.97674	0.023243	1.5959e-05	8.3361e-07
344	0.95964	0.04034	1.4337e-05	1.0407e-06
345	0.94818	0.051802	1.2747e-05	1.1239e-06
346	0.92056	0.079423	1.0849e-05	1.4177e-06
347	0.90015	0.099836	9.3336e-06	1.5302e-06
348	0.88542	0.11457	8.1062e-06	1.5291e-06
349	0.87525	0.12474	7.1002e-06	1.4578e-06
350	0.86988	0.13011	6.081e-06	1.3284e-06
351	0.86774	0.13225	5.2257e-06	1.1754e-06
352	0.86865	0.13134	4.5049e-06	1.0108e-06
353	0.87269	0.12731	3.8961e-06	8.4158e-07
354	0.88125	0.11875	3.2465e-06	6.6155e-07
355	0.89403	0.10596	2.6899e-06	4.8964e-07
356	0.91154	0.088455	2.201e-06	3.3072e-07
357	0.93488	0.065119	1.767e-06	1.8905e-07
358	0.96551	0.034485	1.375e-06	7.003e-08
359	0.96791	0.032084	8.4402e-07	3.8267e-08
360	0.97242	0.027575	3.7878e-07	1.1623e-08
361	0.97283	0.027172	3.0967e-07	9.4986e-09
362	0.97488	0.025119	2.4854e-07	7.0391e-09
363	0.97871	0.021287	1.9414e-07	4.518e-09
364	0.98538	0.014616	1.3351e-07	2.1015e-09
365	0.99486	0.0051367	7.9352e-08	3.1203e-10
366	0.99543	0.004569	7.732e-08	2.8407e-10
367	0.99727	0.0027311	7.2569e-08	1.6825e-10
368	0.99774	0.00226	6.8337e-08	1.3268e-10
369	0.99926	0.00073523	6.1377e-08	3.8636e-11
370	0.99907	0.00093351	8.6167e-08	1.1178e-10
371	0.99836	0.0016364	8.5748e-08	1.6363e-10
372	0.99668	0.0033193	8.2478e-08	3.0458e-10
373	0.99595	0.0040495	7.976e-08	3.4852e-10
374	0.9963	0.0036975	7.4382e-08	3.0364e-10
375	0.99758	0.002421	6.9498e-08	1.8853e-10
376	0.99986	0.00013947	6.5022e-08	1.0998e-11
377	0.99982	0.00017672	6.1298e-08	1.2163e-11
378	0.99985	0.00014974	5.7969e-08	9.3336e-12
379	0.99935	0.00065102	5.4947e-08	3.5023e-11
380	0.99842	0.0015768	4.9325e-08	7.802e-11
381	0.99828	0.0017162	4.4031e-08	7.1905e-11
382	0.99746	0.0025439	3.6048e-08	8.6226e-11
383	0.99759	0.0024114	2.5516e-08	5.7974e-11
384	0.99854	0.0014582	1.5089e-08	1.6411e-11
385	0.99884	0.0011635	1.9006e-08	2.1296e-11
386	0.99859	0.0014112	2.2477e-08	3.3853e-11
387	0.99908	0.00091866	2.5595e-08	2.6634e-11
388	0.99766	0.0023402	2.8349e-08	7.3081e-11
389	0.99711	0.0028947	3.0727e-08	9.5838e-11
390	0.99738	0.002617	3.2774e-08	8.8584e-11
391	0.99675	0.0032461	3.2449e-08	1.0875e-10
392	0.99702	0.0029798	3.1947e-08	9.3925e-11
393	0.99834	0.0016638	2.9137e-08	4.6298e-11
394	0.99875	0.0012548	2.607e-08	2.6432e-11
395	0.99675	0.0032464	4.3943e-08	1.5595e-10
396	0.99576	0.0042447	6.2923e-08	2.9859e-10
397	0.99301	0.0069871	7.846e-08	6.4386e-10
398	0.99158	0.0084218	9.5609e-08	9.4878e-10
399	0.98679	0.013205	1.1383e-07	1.727e-09
400	0.98383	0.01617	1.3436e-07	2.4267e-09
401	0.98246	0.017539	1.5767e-07	2.9812e-09
402	0.98292	0.017076	1.7742e-07	3.2482e-09
403	0.98528	0.014719	1.9382e-07	3.1188e-09
404	0.98924	0.010756	2.1288e-07	2.521e-09
405	0.99568	0.0043152	2.2894e-07	1.2495e-09
406	0.99573	0.0042692	2.3623e-07	1.2914e-09
407	0.99675	0.0032448	2.4624e-07	1.0553e-09
408	0.99878	0.0012225	2.5876e-07	4.9547e-10
409	0.99937	0.00063338	2.8868e-07	2.6256e-10
410	0.99849	0.0015101	3.2225e-07	5.5078e-10
411	0.99636	0.0036363	3.6052e-07	1.3124e-09
412	0.99547	0.0045313	3.942e-07	1.7687e-09
413	0.99573	0.0042674	4.2329e-07	1.8151e-09
414	0.99719	0.0028101	4.4804e-07	1.3479e-09
415	0.99499	0.0050046	4.7532e-07	2.5823e-09
416	0.99389	0.0061055	5.0777e-07	3.3292e-09
417	0.99403	0.0059664	5.3583e-07	3.5041e-09
418	0.99543	0.0045708	5.5972e-07	3.0034e-09
419	0.99545	0.0045527	5.7762e-07	3.3495e-09
420	0.99646	0.0035414	6.0133e-07	3.0183e-09
421	0.993	0.0070022	6.2709e-07	6.2109e-09
422	0.99089	0.009109	6.5909e-07	8.5068e-09
423	0.99	0.0099944	6.9783e-07	9.9389e-09
424	0.98646	0.013538	7.2765e-07	1.4232e-08
425	0.98481	0.015189	7.5338e-07	1.7202e-08
426	0.98492	0.015083	7.7495e-07	1.878e-08
427	0.97172	0.028274	7.2598e-07	2.79e-08
428	0.96302	0.036981	6.7533e-07	3.2906e-08
429	0.9572	0.042802	6.348e-07	3.4938e-08
430	0.95442	0.045577	5.9076e-07	3.4611e-08
431	0.95364	0.046356	5.5416e-07	3.2773e-08
432	0.95496	0.045042	5.2494e-07	2.962e-08
433	0.9583	0.041697	5.0165e-07	2.5346e-08
434	0.96466	0.035338	4.7481e-07	1.9746e-08
435	0.97479	0.02521	4.442e-07	1.2895e-08
436	0.97817	0.02183	4.1516e-07	1.0021e-08
437	0.97796	0.022037	3.7925e-07	8.9996e-09
438	0.97976	0.020235	3.3872e-07	7.2831e-09
439	0.97809	0.021906	3.0251e-07	6.7961e-09
440	0.97835	0.021653	2.6205e-07	5.6768e-09
441	0.98056	0.019444	2.1697e-07	4.1463e-09
442	0.9797	0.0203	1.6566e-07	3.326e-09
443	0.9804	0.019599	1.2049e-07	2.2483e-09
444	0.9826	0.017395	7.9747e-08	1.1361e-09
445	0.98191	0.01809	8.1978e-08	1.3334e-09
446	0.98271	0.01729	8.5034e-08	1.3836e-09
447	0.98546	0.01454	8.5437e-08	1.2479e-09
448	0.97902	0.020981	8.5503e-08	1.9141e-09
449	0.97526	0.024743	8.3078e-08	2.3187e-09
450	0.97326	0.026741	8.1303e-08	2.5226e-09
451	0.9729	0.027101	8.0126e-08	2.5513e-09
452	0.97415	0.025845	7.9518e-08	2.4144e-09
453	0.97723	0.022769	7.9711e-08	2.0956e-09
454	0.98221	0.017792	8.0493e-08	1.5811e-09
455	0.9894	0.0106	8.1914e-08	8.3064e-10
456	0.99222	0.0077845	8.0087e-08	5.1371e-10
457	0.99288	0.0071201	1.2217e-07	8.2782e-10
458	0.99466	0.0053348	1.6898e-07	8.9952e-10
459	0.99777	0.0022341	2.2231e-07	4.8798e-10
460	0.99731	0.0026859	2.6962e-07	7.3105e-10
461	0.99782	0.0021768	3.1205e-07	7.2787e-10
462	0.99939	0.00061365	3.4964e-07	3.4185e-10
463	0.99779	0.0022139	3.4218e-07	9.0316e-10
464	0.99422	0.0057771	3.3006e-07	2.2092e-09
465	0.99208	0.0079246	3.217e-07	2.9019e-09
466	0.98666	0.013335	3.0816e-07	4.7495e-09
467	0.98319	0.016806	2.9849e-07	5.7716e-09
468	0.98177	0.01823	2.8552e-07	6.1201e-09
469	0.97654	0.023464	3.432e-07	1.1494e-08
470	0.97325	0.026747	4.0848e-07	1.6929e-08
471	0.97218	0.027819	4.6785e-07	2.1785e-08
472	0.96655	0.033445	5.1569e-07	3.1375e-08
473	0.95058	0.049424	5.5825e-07	5.3749e-08
474	0.93909	0.06091	6.1176e-07	7.4698e-08
475	0.93197	0.068033	6.6043e-07	9.3715e-08
476	0.92776	0.072237	7.2066e-07	1.1122e-07
477	0.92616	0.073839	7.9381e-07	1.2722e-07
478	0.92759	0.072411	8.6229e-07	1.4024e-07
479	0.93141	0.068591	9.4404e-07	1.5076e-07
480	0.92849	0.071505	9.4346e-07	1.5275e-07
481	0.92808	0.07192	9.5279e-07	1.5125e-07
482	0.93013	0.069867	9.724e-07	1.4606e-07
483	0.93481	0.065191	1.0033e-06	1.3645e-07
484	0.93278	0.06722	1.0298e-06	1.376e-07
485	0.92319	0.07681	1.0392e-06	1.498e-07
486	0.91676	0.08324	1.0591e-06	1.5805e-07
487	0.91391	0.086089	1.0775e-06	1.6212e-07
488	0.91445	0.085554	1.0942e-06	1.6179e-07
489	0.91765	0.082346	1.1226e-06	1.572e-07
490	0.92468	0.075323	1.1504e-06	1.4708e-07
491	0.93496	0.065035	1.1909e-06	1.3094e-07
492	0.94953	0.050467	1.2484e-06	1.0597e-07
493	0.93326	0.066739	1.2442e-06	1.3391e-07
494	0.92281	0.077191	1.2414e-06	1.5413e-07
495	0.91681	0.083191	1.2389e-06	1.6789e-07
496	0.91351	0.086489	1.2479e-06	1.7698e-07
497	0.91363	0.086373	1.2557e-06	1.8096e-07
498	0.9162	0.083797	1.2747e-06	1.8073e-07
499	0.91201	0.087991	1.2749e-06	1.9324e-07
500	0.91118	0.088823	1.2748e-06	2.0034e-07
501	0.913	0.086999	1.2872e-06	2.0264e-07
502	0.88777	0.11222	1.2343e-06	2.6431e-07
503	0.86883	0.13117	1.2025e-06	3.1167e-07
504	0.85651	0.14349	1.1769e-06	3.4712e-07
505	0.82276	0.17724	1.1105e-06	4.3112e-07
506	0.7978	0.2022	1.0711e-06	4.9578e-07
507	0.77924	0.22076	1.0512e-06	5.4791e-07
508	0.73018	0.26981	9.7393e-07	6.6576e-07
509	0.69611	0.30389	9.1463e-07	7.5993e-07
510	0.67035	0.32965	8.7829e-07	8.3828e-07
511	0.65127	0.34872	8.6073e-07	9.0527e-07
512	0.63813	0.36186	8.6111e-07	9.6325e-07
513	0.63135	0.36865	8.6624e-07	1.0103e-06
514	0.62843	0.37157	8.8478e-07	1.052e-06
515	0.62919	0.3708	9.1694e-07	1.0888e-06
516	0.63537	0.36462	9.5327e-07	1.1149e-06
517	0.64618	0.35382	1.0075e-06	1.1333e-06
518	0.66397	0.33603	1.0698e-06	1.1372e-06
519	0.69138	0.30862	1.1444e-06	1.1221e-06
520	0.6808	0.31919	1.0917e-06	1.1115e-06
521	0.67581	0.32419	1.0448e-06	1.0886e-06
522	0.6745	0.3255	1.0136e-06	1.0592e-06
523	0.6768	0.3232	9.9702e-07	1.0238e-06
524	0.68286	0.31714	9.949e-07	9.8201e-07
525	0.69344	0.30656	1.0101e-06	9.3149e-07
526	0.69215	0.30785	9.9052e-07	9.0972e-07
527	0.69596	0.30403	9.7437e-07	8.7829e-07
528	0.70399	0.29601	9.738e-07	8.3995e-07
529	0.69901	0.30099	9.5257e-07	8.2955e-07
530	0.69767	0.30233	9.4408e-07	8.1331e-07
531	0.70118	0.29882	9.3878e-07	7.8841e-07
532	0.70886	0.29114	9.4819e-07	7.565e-07
533	0.72258	0.27742	9.627e-07	7.1403e-07
534	0.74174	0.25826	9.9397e-07	6.6151e-07
535	0.77088	0.22912	1.0358e-06	5.9259e-07
536	0.80915	0.19085	1.1024e-06	5.0581e-07
537	0.85896	0.14104	1.2003e-06	3.9435e-07
538	0.92345	0.076546	1.3392e-06	2.4875e-07
539	0.94504	0.054956	1.3901e-06	1.9832e-07
540	0.94379	0.056209	1.3964e-06	2.0096e-07
541	0.93516	0.064835	1.3944e-06	2.2013e-07
542	0.93046	0.069543	1.393e-06	2.3229e-07
543	0.92892	0.071081	1.3914e-06	2.3848e-07
544	0.92016	0.079836	1.3644e-06	2.6374e-07
545	0.91468	0.085314	1.3537e-06	2.8087e-07
546	0.91207	0.087927	1.3576e-06	2.9148e-07
547	0.8995	0.1005	1.346e-06	3.259e-07
548	0.89207	0.10793	1.3378e-06	3.5051e-07
549	0.8888	0.1112	1.3317e-06	3.6675e-07
550	0.87383	0.12616	1.3033e-06	4.1347e-07
551	0.86353	0.13646	1.2948e-06	4.4877e-07
552	0.85815	0.14184	1.2899e-06	4.7411e-07
553	0.85583	0.14417	1.2992e-06	4.9267e-07
554	0.84198	0.15801	1.2874e-06	5.4166e-07
555	0.83272	0.16728	1.2954e-06	5.8037e-07
556	0.80528	0.19472	1.214e-06	6.0417e-07
557	0.78525	0.21474	1.1569e-06	6.135e-07
558	0.77115	0.22885	1.1191e-06	6.1261e-07
559	0.73076	0.26923	1.0527e-06	6.4782e-07
560	0.70349	0.29651	9.9851e-07	6.6476e-07
561	0.68538	0.31462	9.5239e-07	6.6793e-07
562	0.67426	0.32574	9.1164e-07	6.5997e-07
563	0.66741	0.33259	8.843e-07	6.4591e-07
564	0.66594	0.33406	8.5951e-07	6.2339e-07
565	0.60433	0.39567	7.6486e-07	6.787e-07
566	0.56123	0.43877	6.8994e-07	7.0901e-07
567	0.5291	0.4709	6.3831e-07	7.2323e-07
568	0.45024	0.54976	5.2949e-07	7.8972e-07
569	0.39564	0.60436	4.474e-07	8.2448e-07
570	0.35811	0.64189	3.842e-07	8.3542e-07
571	0.33275	0.66725	3.3416e-07	8.2834e-07
572	0.31374	0.68626	2.9782e-07	8.1333e-07
573	0.30163	0.69837	2.6737e-07	7.8805e-07
574	0.29392	0.70608	2.4591e-07	7.5988e-07
575	0.29099	0.70901	2.2696e-07	7.2501e-07
576	0.29125	0.70875	2.1361e-07	6.8957e-07
577	0.29626	0.70374	2.0136e-07	6.4873e-07
578	0.30523	0.69477	1.9431e-07	6.0819e-07
579	0.30032	0.69968	1.793e-07	5.8064e-07
580	0.30021	0.69978	1.6548e-07	5.4787e-07
581	0.30365	0.69635	1.5617e-07	5.1532e-07
582	0.31054	0.68945	1.5043e-07	4.8297e-07
583	0.32173	0.67827	1.4863e-07	4.5068e-07
584	0.33997	0.66003	1.4735e-07	4.1417e-07
585	0.36441	0.63559	1.4979e-07	3.773e-07
586	0.39658	0.60342	1.5641e-07	3.3938e-07
587	0.4385	0.56149	1.6794e-07	2.9952e-07
588	0.49939	0.50061	1.8157e-07	2.5386e-07
589	0.52072	0.47928	1.782e-07	2.2878e-07
590	0.54926	0.45074	1.7875e-07	2.0261e-07
591	0.5868	0.4132	1.8364e-07	1.7471e-07
592	0.6357	0.3643	1.936e-07	1.4424e-07
593	0.70539	0.29461	2.0472e-07	1.0906e-07
594	0.80588	0.19412	2.1673e-07	6.91e-08
595	0.84545	0.15455	2.09e-07	5.1854e-08
596	0.8969	0.1031	2.054e-07	3.3224e-08
597	0.96502	0.034975	2.0715e-07	1.2216e-08
598	0.97171	0.028291	1.6425e-07	6.9834e-09
599	0.96683	0.033166	1.1317e-07	4.7689e-09
600	0.96465	0.035348	5.7138e-08	1.8642e-09
601	0.95684	0.04316	5.2331e-08	2.0607e-09
602	0.95249	0.047512	4.5179e-08	1.9419e-09
603	0.9503	0.049704	3.834e-08	1.6288e-09
604	0.9181	0.081899	5.2656e-08	4.9059e-09
605	0.8963	0.1037	6.3651e-08	8.4585e-09
606	0.88048	0.11952	7.5715e-08	1.2152e-08
607	0.87048	0.12952	8.5115e-08	1.5542e-08
608	0.864	0.136	9.5669e-08	1.8784e-08
609	0.8609	0.1391	1.0797e-07	2.1798e-08
610	0.84523	0.15477	1.1986e-07	2.6992e-08
611	0.83576	0.16424	1.2919e-07	3.1431e-08
612	0.82991	0.17009	1.404e-07	3.5497e-08
613	0.82837	0.17163	1.4934e-07	3.8615e-08
614	0.81454	0.18546	1.5706e-07	4.4551e-08
615	0.80505	0.19495	1.671e-07	4.9913e-08
616	0.7993	0.2007	1.7966e-07	5.4721e-08
617	0.79721	0.20279	1.9547e-07	5.8885e-08
618	0.78335	0.21665	2.0453e-07	6.6107e-08
619	0.77428	0.22572	2.1719e-07	7.2471e-08
620	0.77024	0.22976	2.2784e-07	7.7249e-08
621	0.77076	0.22924	2.3669e-07	8.0304e-08
622	0.75802	0.24198	2.4326e-07	8.793e-08
623	0.74995	0.25005	2.5396e-07	9.4379e-08
624	0.74689	0.25311	2.6295e-07	9.887e-08
625	0.74847	0.25153	2.7042e-07	1.0129e-07
626	0.75358	0.24642	2.8172e-07	1.0235e-07
627	0.76252	0.23748	2.9738e-07	1.0172e-07
628	0.77797	0.22203	3.1238e-07	9.7828e-08
629	0.7997	0.2003	3.3403e-07	9.0583e-08
630	0.83165	0.16835	3.5692e-07	7.8223e-08
631	0.87761	0.12238	3.8236e-07	5.9435e-08
632	0.89501	0.10499	3.9899e-07	5.2476e-08
633	0.91885	0.081154	4.2333e-07	4.1545e-08
634	0.92749	0.072512	4.446e-07	3.772e-08
635	0.9411	0.058899	4.6439e-07	3.1093e-08
636	0.96131	0.038694	4.8343e-07	2.0943e-08
637	0.99102	0.0089842	5.0266e-07	6.1306e-09
638	0.99433	0.0056671	5.1224e-07	4.5332e-09
639	0.99534	0.004658	4.674e-07	3.0501e-09
640	0.99145	0.008545	5.0243e-07	5.8528e-09
641	0.98903	0.010968	5.4367e-07	8.0297e-09
642	0.988	0.012003	5.9281e-07	9.4842e-09
643	0.98339	0.016613	6.4627e-07	1.3751e-08
644	0.98052	0.01948	7.086e-07	1.7173e-08
645	0.97969	0.020312	7.6506e-07	1.9388e-08
646	0.97519	0.024807	8.1084e-07	2.5479e-08
647	0.97256	0.02744	8.6592e-07	3.0163e-08
648	0.97216	0.027835	9.1583e-07	3.3036e-08
649	0.96683	0.033168	9.6819e-07	4.1733e-08
650	0.96417	0.035826	1.016e-06	4.8181e-08
651	0.96336	0.036642	1.0746e-06	5.2596e-08
652	0.96446	0.035538	1.1465e-06	5.456e-08
653	0.96801	0.031989	1.2141e-06	5.3314e-08
654	0.9737	0.026302	1.2957e-06	4.8299e-08
655	0.96806	0.031943	1.3728e-06	6.0906e-08
656	0.96513	0.034872	1.4445e-06	7.035e-08
657	0.96404	0.035955	1.5313e-06	7.6904e-08
658	0.96535	0.034644	1.6126e-06	7.9602e-08
659	0.96867	0.031326	1.7128e-06	7.7987e-08
660	0.97408	0.02592	1.8329e-06	7.1035e-08
661	0.9748	0.025193	1.9618e-06	7.3647e-08
662	0.97765	0.022348	2.0845e-06	7.145e-08
663	0.98295	0.017045	2.2026e-06	6.3149e-08
664	0.98411	0.015891	2.2019e-06	5.6039e-08
665	0.98722	0.012779	2.1986e-06	4.3874e-08
666	0.99259	0.0074064	2.1937e-06	2.6031e-08
667	0.9944	0.0055982	2.1881e-06	1.9378e-08
668	0.99445	0.0055453	2.1877e-06	1.7991e-08
669	0.99556	0.0044417	2.2005e-06	1.3593e-08
670	0.99186	0.0081419	2.1939e-06	2.1494e-08
671	0.98991	0.01009	2.1838e-06	2.5771e-08
672	0.98953	0.010466	2.1693e-06	2.6714e-08
673	0.98637	0.013628	2.159e-06	3.3885e-08
674	0.9851	0.014898	2.145e-06	3.7085e-08
675	0.98524	0.014755	2.1449e-06	3.6656e-08
676	0.98715	0.012852	2.1409e-06	3.2599e-08
677	0.99053	0.009465	2.1497e-06	2.4773e-08
678	0.99113	0.0088661	2.1612e-06	2.3292e-08
679	0.99327	0.0067252	2.1684e-06	1.8555e-08
680	0.99677	0.0032318	2.1883e-06	1.0236e-08
681	0.99824	0.001755	2.1953e-06	7.2152e-09
682	0.99706	0.0029399	2.0806e-06	9.405e-09
683	0.99679	0.0032118	1.9853e-06	9.1807e-09
684	0.99741	0.0025909	1.9072e-06	6.8669e-09
685	0.99707	0.0029319	1.8403e-06	6.8291e-09
686	0.99771	0.0022866	1.7667e-06	5.0292e-09
687	0.99757	0.0024284	1.6818e-06	5.0901e-09
688	0.99636	0.0036361	1.6072e-06	6.9956e-09
689	0.99292	0.0070796	1.54e-06	1.2288e-08
690	0.99091	0.0090926	1.4868e-06	1.4717e-08
691	0.98511	0.014891	1.4388e-06	2.1964e-08
692	0.9818	0.018195	1.387e-06	2.562e-08
693	0.98009	0.019913	1.3465e-06	2.6607e-08
694	0.98023	0.019767	1.3016e-06	2.5204e-08
695	0.98226	0.01774	1.2519e-06	2.1621e-08
696	0.9865	0.013495	1.1968e-06	1.5856e-08
697	0.98725	0.012747	1.1477e-06	1.4251e-08
698	0.98969	0.010312	1.0932e-06	1.1026e-08
699	0.99419	0.0058118	1.0327e-06	6.197e-09
700	0.99296	0.0070389	9.7647e-07	7.2271e-09
701	0.99304	0.0069634	9.1459e-07	6.9686e-09
702	0.99133	0.008667	8.4304e-07	8.5145e-09
703	0.9908	0.0092036	7.8175e-07	8.7261e-09
704	0.99139	0.0086072	7.2947e-07	7.9054e-09
705	0.99316	0.0068401	6.8519e-07	6.2107e-09
706	0.9888	0.011195	6.4345e-07	9.2346e-09
707	0.98605	0.013949	6.0895e-07	1.0726e-08
708	0.98472	0.015278	5.8079e-07	1.1058e-08
709	0.9793	0.020699	5.5572e-07	1.3709e-08
710	0.97633	0.023672	5.2736e-07	1.4817e-08
711	0.97512	0.024881	5.0533e-07	1.473e-08
712	0.96924	0.030762	4.761e-07	1.7121e-08
713	0.96565	0.034345	4.5326e-07	1.798e-08
714	0.9645	0.035503	4.2708e-07	1.7594e-08
715	0.95828	0.041718	3.937e-07	1.9484e-08
716	0.9544	0.0456	3.6593e-07	1.9953e-08
717	0.95275	0.047246	3.4359e-07	1.9329e-08
718	0.94344	0.056558	3.2376e-07	2.1189e-08
719	0.93795	0.062049	3.0142e-07	2.1472e-08
720	0.93576	0.064242	2.7599e-07	2.0466e-08
721	0.93657	0.063426	2.4709e-07	1.8449e-08
722	0.93981	0.060189	2.227e-07	1.5888e-08
723	0.94571	0.054289	2.0223e-07	1.289e-08
724	0.95572	0.044279	1.7814e-07	9.3859e-09
725	0.96943	0.030569	1.5699e-07	5.7341e-09
726	0.97411	0.025889	1.3622e-07	4.1609e-09
727	0.97426	0.025742	1.1687e-07	3.419e-09
728	0.97648	0.023522	9.4195e-08	2.4579e-09
729	0.98047	0.019529	7.3483e-08	1.4703e-09
730	0.98718	0.012824	4.926e-08	5.3609e-10
731	0.98548	0.014522	5.3708e-08	7.4358e-10
732	0.9852	0.014796	5.8562e-08	8.6591e-10
733	0.98633	0.013666	6.3938e-08	8.8248e-10
734	0.98467	0.015328	6.9673e-08	1.0627e-09
735	0.98446	0.015544	7.6155e-08	1.1301e-09
736	0.98131	0.018687	7.9607e-08	1.4014e-09
737	0.98022	0.019779	8.0426e-08	1.4996e-09
738	0.98104	0.018965	7.8622e-08	1.421e-09
739	0.98335	0.016652	7.7346e-08	1.2008e-09
740	0.98782	0.012183	7.3518e-08	8.1811e-10
741	0.99511	0.0048921	6.7012e-08	2.9412e-10
742	0.99215	0.0078523	5.6914e-08	4.3094e-10
743	0.99056	0.0094425	4.7632e-08	4.3059e-10
744	0.99022	0.0097819	3.8935e-08	3.4167e-10
745	0.99137	0.0086325	2.7577e-08	1.9151e-10
746	0.99063	0.0093717	3.5286e-08	3.2752e-10
747	0.9911	0.0089046	4.3251e-08	4.1632e-10
748	0.98261	0.017386	5.1085e-08	1.0025e-09
749	0.97676	0.023242	5.9477e-08	1.5516e-09
750	0.97359	0.026411	6.5218e-08	1.9812e-09
751	0.97215	0.027853	7.1432e-08	2.2966e-09
752	0.97279	0.027205	7.5123e-08	2.424e-09
753	0.97511	0.02489	7.9382e-08	2.38e-09
754	0.97938	0.020621	8.4567e-08	2.1114e-09
755	0.98575	0.014251	9.0586e-08	1.5611e-09
756	0.99462	0.0053779	9.7628e-08	6.3127e-10
757	0.992	0.0080034	1.2424e-07	1.1501e-09
758	0.99062	0.0093766	1.5364e-07	1.6145e-09
759	0.99073	0.0092679	1.791e-07	1.8847e-09
760	0.99234	0.0076629	2.0084e-07	1.8502e-09
761	0.99186	0.0081399	2.2503e-07	2.2413e-09
762	0.99254	0.0074622	2.5316e-07	2.3369e-09
763	0.98627	0.013731	2.7446e-07	4.7277e-09
764	0.93676	0.063239	2.746e-07	2.4239e-08
765	0.89862	0.10138	2.8019e-07	4.1267e-08
766	0.86945	0.13055	2.9085e-07	5.6443e-08
767	0.84958	0.15042	2.9961e-07	6.9453e-08
768	0.79713	0.20287	2.9604e-07	9.8599e-08
769	0.76121	0.23879	2.929e-07	1.2314e-07
770	0.73394	0.26605	2.957e-07	1.4495e-07
771	0.66842	0.33158	2.7072e-07	1.903e-07
772	0.62251	0.37749	2.4989e-07	2.2779e-07
773	0.58735	0.41265	2.3671e-07	2.6044e-07
774	0.56142	0.43858	2.3062e-07	2.8946e-07
775	0.54478	0.45522	2.2561e-07	3.1364e-07
776	0.53323	0.46677	2.2528e-07	3.3606e-07
777	0.52606	0.47394	2.2926e-07	3.5728e-07
778	0.52316	0.47684	2.3806e-07	3.7756e-07
779	0.52562	0.47438	2.4685e-07	3.9393e-07
780	0.53193	0.46807	2.6036e-07	4.0905e-07
781	0.54424	0.45576	2.7466e-07	4.1956e-07
782	0.54159	0.45841	2.8166e-07	4.4102e-07
783	0.54429	0.4557	2.8899e-07	4.581e-07
784	0.55088	0.44911	3.0159e-07	4.7366e-07
785	0.56386	0.43613	3.1527e-07	4.8403e-07
786	0.58277	0.41722	3.3661e-07	4.9129e-07
787	0.5855	0.4145	3.2022e-07	4.5727e-07
788	0.59364	0.40636	3.0332e-07	4.1909e-07
789	0.6063	0.3937	2.9225e-07	3.8046e-07
790	0.6265	0.3735	2.8031e-07	3.3809e-07
791	0.65368	0.34632	2.7415e-07	2.9517e-07
792	0.66071	0.33928	2.5623e-07	2.6883e-07
793	0.65456	0.34544	2.3372e-07	2.5146e-07
794	0.65221	0.34779	2.1598e-07	2.3326e-07
795	0.65383	0.34617	2.0285e-07	2.1455e-07
796	0.64317	0.35683	2.2602e-07	2.4887e-07
797	0.63676	0.36324	2.539e-07	2.841e-07
798	0.63451	0.36549	2.8824e-07	3.2006e-07
799	0.63627	0.36373	3.3041e-07	3.5628e-07
800	0.64325	0.35675	3.7162e-07	3.8787e-07
801	0.65661	0.34339	4.1329e-07	4.1328e-07
802	0.65543	0.34457	4.0967e-07	4.0218e-07
803	0.65924	0.34076	4.0636e-07	3.8664e-07
804	0.66696	0.33304	4.0948e-07	3.6858e-07
805	0.67907	0.32093	4.1963e-07	3.4729e-07
806	0.69849	0.30151	4.3177e-07	3.199e-07
807	0.72806	0.27194	4.4697e-07	2.8506e-07
808	0.73868	0.26132	4.3991e-07	2.6792e-07
809	0.75638	0.24362	4.3265e-07	2.4633e-07
810	0.78035	0.21965	4.3291e-07	2.2153e-07
811	0.78668	0.21332	4.2298e-07	2.1101e-07
812	0.79843	0.20157	4.1198e-07	1.9722e-07
813	0.8155	0.1845	4.082e-07	1.8079e-07
814	0.81911	0.18088	3.9862e-07	1.7446e-07
815	0.82614	0.17386	3.9437e-07	1.6631e-07
816	0.83702	0.16298	3.9564e-07	1.5601e-07
817	0.83701	0.16299	3.9276e-07	1.5367e-07
818	0.84111	0.15889	3.8842e-07	1.4877e-07
819	0.84887	0.15113	3.8987e-07	1.4182e-07
820	0.84759	0.15241	3.8092e-07	1.4109e-07
821	0.84927	0.15073	3.7677e-07	1.3874e-07
822	0.85428	0.14572	3.7804e-07	1.3459e-07
823	0.84993	0.15007	3.766e-07	1.3673e-07
824	0.8496	0.1504	3.7361e-07	1.3649e-07
825	0.85247	0.14753	3.7591e-07	1.3452e-07
826	0.84635	0.15365	3.6838e-07	1.3844e-07
827	0.84444	0.15556	3.5949e-07	1.3978e-07
828	0.84575	0.15425	3.5584e-07	1.3942e-07
829	0.83603	0.16397	3.4787e-07	1.4634e-07
830	0.83025	0.16975	3.455e-07	1.511e-07
831	0.82797	0.17203	3.4833e-07	1.5409e-07
832	0.81349	0.18651	3.0712e-07	1.3915e-07
833	0.8051	0.1949	2.6419e-07	1.2042e-07
834	0.80061	0.19939	2.2854e-07	1.0105e-07
835	0.78284	0.21716	1.8506e-07	8.4491e-08
836	0.77016	0.22984	1.4842e-07	6.6462e-08
837	0.76314	0.23686	1.0948e-07	4.5953e-08
838	0.68322	0.31678	9.9603e-08	6.1284e-08
839	0.62798	0.37202	9.0449e-08	7.2981e-08
840	0.58545	0.41455	8.426e-08	8.2501e-08
841	0.55296	0.44704	8.0423e-08	9.0436e-08
842	0.52911	0.47089	7.8826e-08	9.7164e-08
843	0.51212	0.48788	7.9143e-08	1.0304e-07
844	0.46829	0.53171	7.2255e-08	1.1334e-07
845	0.43855	0.56145	6.5872e-08	1.2041e-07
846	0.41617	0.58383	6.1544e-08	1.2611e-07
847	0.40024	0.59976	5.9101e-08	1.3083e-07
848	0.39079	0.60921	5.6347e-08	1.3329e-07
849	0.38565	0.61435	5.5021e-08	1.352e-07
850	0.38442	0.61558	5.4988e-08	1.3669e-07
851	0.38702	0.61298	5.623e-08	1.3779e-07
852	0.39363	0.60637	5.8847e-08	1.3842e-07
853	0.4064	0.5936	6.1099e-08	1.3677e-07
854	0.42434	0.57566	6.4869e-08	1.343e-07
855	0.42597	0.57403	6.6146e-08	1.3504e-07
856	0.43163	0.56837	6.8955e-08	1.3528e-07
857	0.44336	0.55664	7.1306e-08	1.3325e-07
858	0.46064	0.53936	7.5599e-08	1.3034e-07
859	0.48734	0.51266	7.9832e-08	1.2472e-07
860	0.52341	0.47659	8.6833e-08	1.1747e-07
861	0.57156	0.42844	9.7457e-08	1.0776e-07
862	0.59043	0.40957	9.9677e-08	1.0356e-07
863	0.59246	0.40754	9.9328e-08	1.0292e-07
864	0.59833	0.40167	1.0061e-07	1.0162e-07
865	0.6088	0.3912	1.0394e-07	9.9528e-08
866	0.62419	0.37581	1.0932e-07	9.6415e-08
867	0.64545	0.35455	1.1716e-07	9.1902e-08
868	0.67393	0.32607	1.2811e-07	8.5426e-08
869	0.71532	0.28468	1.396e-07	7.5445e-08
870	0.77558	0.22442	1.5219e-07	6.1227e-08
871	0.80037	0.19963	2.1389e-07	8.5069e-08
872	0.83313	0.16687	2.8924e-07	1.0407e-07
873	0.84455	0.15545	3.7051e-07	1.2869e-07
874	0.86105	0.13895	4.6827e-07	1.5011e-07
875	0.88565	0.11435	5.6646e-07	1.6276e-07
876	0.91802	0.081976	6.8767e-07	1.6533e-07
877	0.91829	0.081705	7.0592e-07	1.6754e-07
878	0.92098	0.079016	7.322e-07	1.6698e-07
879	0.89161	0.10839	6.8586e-07	2.102e-07
880	0.87153	0.12847	6.4605e-07	2.4212e-07
881	0.85674	0.14326	6.1873e-07	2.6617e-07
882	0.84631	0.15368	6.0167e-07	2.8444e-07
883	0.83988	0.16012	5.9442e-07	2.9801e-07
884	0.8367	0.1633	5.9503e-07	3.0822e-07
885	0.83682	0.16318	6.0412e-07	3.1523e-07
886	0.83999	0.16001	6.2095e-07	3.1932e-07
887	0.8464	0.1536	6.462e-07	3.2007e-07
888	0.84269	0.15731	6.6348e-07	3.3423e-07
889	0.84226	0.15774	6.9066e-07	3.4516e-07
890	0.84483	0.15516	7.274e-07	3.5292e-07
891	0.85057	0.14943	7.7501e-07	3.5677e-07
892	0.86117	0.13883	8.2355e-07	3.5382e-07
893	0.86132	0.13867	8.049e-07	3.3611e-07
894	0.86462	0.13538	7.9745e-07	3.1428e-07
895	0.85957	0.14042	7.7071e-07	3.0606e-07
896	0.85779	0.14221	7.5451e-07	2.9415e-07
897	0.85986	0.14014	7.3767e-07	2.7762e-07
898	0.86605	0.13395	7.2007e-07	2.5646e-07
899	0.87574	0.12426	7.122e-07	2.3159e-07
900	0.88994	0.11006	7.1617e-07	2.0132e-07
901	0.89316	0.10684	7.0922e-07	1.883e-07
902	0.90031	0.099685	7.0143e-07	1.7112e-07
903	0.91252	0.08748	6.9305e-07	1.4911e-07
904	0.91463	0.085368	6.7886e-07	1.4059e-07
905	0.91933	0.080668	6.7227e-07	1.2944e-07
906	0.92797	0.072029	6.6438e-07	1.1468e-07
907	0.92885	0.071147	6.5245e-07	1.0954e-07
908	0.93285	0.06715	6.3837e-07	1.0168e-07
909	0.93949	0.060509	6.3145e-07	9.1417e-08
910	0.94947	0.050529	6.3305e-07	7.7819e-08
911	0.96319	0.036811	6.43e-07	6.0234e-08
912	0.98151	0.018488	6.6262e-07	3.7289e-08
913	0.97678	0.023217	5.9154e-07	3.5344e-08
914	0.97405	0.025953	5.3166e-07	3.1742e-08
915	0.97344	0.026561	4.666e-07	2.6734e-08
916	0.97488	0.025116	3.9558e-07	2.0808e-08
917	0.97816	0.021843	3.3423e-07	1.4675e-08
918	0.98411	0.015889	2.6596e-07	8.4833e-09
919	0.98563	0.014367	2.0223e-07	5.6207e-09
920	0.98862	0.011382	1.4512e-07	2.9979e-09
921	0.99388	0.0061178	8.1297e-08	8.7166e-10
922	0.99579	0.0042107	2.3388e-08	1.1526e-10
923	0.99618	0.0038201	1.5695e-08	6.3446e-11
924	0.99775	0.0022509	5.5382e-09	9.4747e-12
925	0.99831	0.0016922	5.5856e-09	8.375e-12
926	0.99969	0.00031141	4.5181e-09	9.2038e-13
927	0.99981	0.00018687	1.108e-08	2.0024e-12
928	0.99774	0.0022591	1.5345e-08	3.8327e-11
929	0.99663	0.0033695	1.8977e-08	6.9973e-11
930	0.99641	0.003588	2.2047e-08	8.451e-11
931	0.99494	0.0050628	2.2855e-08	1.2656e-10
932	0.99447	0.0055292	2.3127e-08	1.3931e-10
933	0.99503	0.0049655	2.299e-08	1.2041e-10
934	0.99667	0.0033295	2.2443e-08	7.0286e-11
935	0.997	0.003	1.963e-08	4.9138e-11
936	0.99637	0.0036284	1.4514e-08	3.7367e-11
937	0.99436	0.0056448	2.2907e-08	1.2089e-10
938	0.99343	0.0065679	3.1163e-08	1.9709e-10
939	0.99381	0.0061918	3.6937e-08	2.2911e-10
940	0.99257	0.0074273	4.0155e-08	3.1788e-10
941	0.99242	0.0075764	4.3269e-08	3.5683e-10
942	0.99341	0.0065871	4.6517e-08	3.3216e-10
943	0.99262	0.0073829	4.9823e-08	3.8403e-10
944	0.99317	0.0068332	5.063e-08	3.6178e-10
945	0.99513	0.0048658	4.8943e-08	2.633e-10
