#coord	neutral	conserved	gBGC.neutral	gBGC.conserved
1	0.85015	0.14677	0.0026252	0.00045352
2	0.85836	0.13857	0.0026473	0.00042764
3	0.87082	0.12611	0.0026826	0.00038868
4	0.88992	0.10701	0.0027382	0.0003294
5	0.91794	0.078998	0.002821	0.0002429
6	0.95891	0.038034	0.0029432	0.00011692
7	0.97487	0.022071	0.0029886	6.7835e-05
8	0.97484	0.022104	0.0029849	6.7878e-05
9	0.97643	0.02052	0.0029861	6.2959e-05
10	0.97964	0.017318	0.0029922	5.3096e-05
11	0.97939	0.017573	0.0029878	5.3814e-05
12	0.98062	0.016342	0.002988	4.9988e-05
13	0.98376	0.013206	0.0029939	4.0372e-05
14	0.98381	0.013155	0.0029904	4.017e-05
15	0.98523	0.011741	0.0029911	3.582e-05
16	0.9841	0.012872	0.0029841	3.9208e-05
17	0.98424	0.01274	0.0029809	3.875e-05
18	0.98573	0.011254	0.0029819	3.4184e-05
19	0.98859	0.0083989	0.002987	2.5474e-05
20	0.99357	0.0034166	0.0029985	1.0359e-05
21	0.9932	0.0037993	0.0029938	1.1497e-05
22	0.99146	0.005535	0.0029849	1.6719e-05
23	0.99078	0.0062171	0.0029793	1.8751e-05
24	0.98784	0.0091632	0.0029669	2.7581e-05
25	0.9863	0.010704	0.0029587	3.2166e-05
26	0.98599	0.011027	0.0029542	3.3081e-05
27	0.98722	0.0097993	0.0029544	2.9357e-05
28	0.99016	0.0068596	0.0029596	2.0529e-05
29	0.99475	0.0022765	0.0029698	6.8017e-06
30	0.99682	0.00020958	0.0029724	6.2576e-07
31	0.99657	0.00046454	0.002968	1.3864e-06
32	0.99608	0.00095033	0.002963	2.8329e-06
33	0.99629	0.00075017	0.00296	2.235e-06
34	0.99454	0.0024965	0.0029512	7.4221e-06
35	0.99389	0.003159	0.0029457	9.385e-06
36	0.99412	0.0029331	0.0029428	8.7074e-06
37	0.99339	0.0036667	0.0029371	1.0879e-05
38	0.99354	0.003517	0.002934	1.043e-05
39	0.99237	0.0046843	0.002927	1.3874e-05
40	0.99222	0.0048421	0.002923	1.4327e-05
41	0.99025	0.0068133	0.0029137	2.0127e-05
42	0.98947	0.0075954	0.0029079	2.2407e-05
43	0.98983	0.0072472	0.0029055	2.1354e-05
44	0.98846	0.0086191	0.002898	2.5351e-05
45	0.98829	0.0087901	0.002894	2.5813e-05
46	0.98917	0.0079142	0.0028932	2.3203e-05
47	0.99133	0.0057616	0.0028961	1.687e-05
48	0.99159	0.0054976	0.0028934	1.6077e-05
49	0.9928	0.0042897	0.0028935	1.2528e-05
50	0.99244	0.0046609	0.002889	1.3587e-05
51	0.9931	0.0040045	0.0028874	1.1659e-05
52	0.99245	0.0046556	0.0028821	1.3531e-05
53	0.99278	0.0043254	0.0028796	1.2547e-05
54	0.99432	0.002789	0.0028807	8.073e-06
55	0.99252	0.0045994	0.002872	1.3294e-05
56	0.99197	0.0051442	0.0028669	1.485e-05
57	0.99239	0.0047308	0.0028647	1.3634e-05
58	0.99147	0.005654	0.0028586	1.6273e-05
59	0.98004	0.017089	0.0028222	4.9153e-05
60	0.97265	0.024485	0.0027975	7.0359e-05
61	0.95381	0.043322	0.00274	0.00012433
62	0.94007	0.057067	0.0026974	0.00016353
63	0.93121	0.065933	0.0026687	0.0001887
64	0.92633	0.07082	0.0026514	0.00020244
65	0.92478	0.072369	0.0026437	0.00020663
66	0.92552	0.071637	0.0026426	0.00020428
67	0.92935	0.067803	0.0026502	0.00019311
68	0.93581	0.061346	0.0026654	0.00017448
69	0.94665	0.05051	0.0026929	0.00014347
70	0.94999	0.047181	0.0026989	0.00013385
71	0.95658	0.040593	0.0027142	0.00011504
72	0.96729	0.029881	0.0027411	8.4626e-05
73	0.9642	0.032973	0.0027289	9.3293e-05
74	0.96345	0.033732	0.0027232	9.5352e-05
75	0.96443	0.032756	0.0027225	9.2495e-05
76	0.94789	0.049294	0.0026725	0.00013904
77	0.93691	0.060286	0.0026381	0.00016986
78	0.9292	0.067994	0.0026131	0.00019134
79	0.90917	0.088028	0.0025534	0.00024745
80	0.859	0.1382	0.0024094	0.00038795
81	0.82133	0.17587	0.0023008	0.00049298
82	0.72595	0.27126	0.0020313	0.00075899
83	0.65868	0.33854	0.0018408	0.00094597
84	0.60792	0.38929	0.001697	0.0010863
85	0.57265	0.42457	0.0015966	0.0011832
86	0.54866	0.44857	0.0015278	0.0012485
87	0.53346	0.46377	0.0014835	0.0012892
88	0.52354	0.47369	0.0014541	0.0013151
89	0.51924	0.47799	0.0014403	0.0013253
90	0.52031	0.47692	0.0014414	0.0013207
91	0.46989	0.52736	0.0012997	0.0014588
92	0.43107	0.56618	0.0011907	0.0015643
93	0.40488	0.59237	0.0011168	0.0016346
94	0.38588	0.61138	0.0010629	0.0016849
95	0.37263	0.62463	0.0010251	0.0017192
96	0.36556	0.6317	0.0010043	0.0017365
97	0.36248	0.63478	0.0009945	0.0017427
98	0.36441	0.63285	0.00099846	0.0017352
99	0.3716	0.62567	0.0010168	0.0017133
100	0.3829	0.61437	0.0010463	0.0016802
101	0.40112	0.59616	0.0010946	0.0016284
102	0.42842	0.56886	0.0011674	0.0015519
103	0.46429	0.533	0.0012634	0.0014524
104	0.51667	0.48062	0.0014038	0.0013083
105	0.58436	0.41293	0.0015856	0.001123
106	0.61048	0.38681	0.0016543	0.0010508
107	0.59879	0.3985	0.0016204	0.0010811
108	0.59186	0.40544	0.0015994	0.0010985
109	0.56742	0.42989	0.0015311	0.0011632
110	0.49943	0.49788	0.0013455	0.0013453
111	0.44806	0.54926	0.0012052	0.001482
112	0.41224	0.58508	0.0011071	0.0015765
113	0.38495	0.61237	0.0010323	0.0016478
114	0.36503	0.63229	0.00097753	0.001699
115	0.31144	0.68589	0.00083277	0.0018402
116	0.27382	0.72351	0.00073104	0.0019384
117	0.2477	0.74963	0.00066025	0.0020056
118	0.22788	0.76946	0.00060649	0.0020558
119	0.21482	0.78252	0.00057087	0.0020879
120	0.20699	0.79036	0.00054919	0.002106
121	0.18085	0.8165	0.00047898	0.0021727
122	0.16134	0.83602	0.00042656	0.0022215
123	0.14697	0.85038	0.00038797	0.0022566
124	0.13768	0.85968	0.00036287	0.0022781
125	0.13155	0.86582	0.00034617	0.0022912
126	0.1281	0.86927	0.00033663	0.0022972
127	0.12708	0.87029	0.00033353	0.0022968
128	0.12913	0.86825	0.00033846	0.0022883
129	0.13467	0.86271	0.00035253	0.0022707
130	0.14443	0.85295	0.00037759	0.0022421
131	0.15773	0.83965	0.00041188	0.0022042
132	0.1759	0.82149	0.00045882	0.0021537
133	0.2003	0.79709	0.00052196	0.0020871
134	0.23592	0.76148	0.00061413	0.0019913
135	0.28187	0.71553	0.00073303	0.0018689
136	0.34246	0.65494	0.00088984	0.0017085
137	0.42815	0.56926	0.0011113	0.0014835
138	0.53827	0.45914	0.0013958	0.0011955
139	0.58105	0.41636	0.001505	0.0010828
140	0.63659	0.36083	0.001647	0.00093724
141	0.70839	0.28902	0.0018309	0.00074984
142	0.80099	0.19644	0.0020682	0.00050899
143	0.9202	0.077225	0.002374	0.00019971
144	0.96864	0.028788	0.0024959	7.4315e-05
145	0.98941	0.0080232	0.002546	2.0682e-05
146	0.98845	0.0089917	0.00254	2.3143e-05
147	0.98867	0.0087658	0.0025371	2.2525e-05
148	0.99033	0.0071135	0.0025378	1.8256e-05
149	0.99005	0.007397	0.0025336	1.8952e-05
150	0.98781	0.009646	0.0025243	2.4676e-05
151	0.98202	0.015436	0.002506	3.9439e-05
152	0.97828	0.019179	0.0024929	4.8927e-05
153	0.9767	0.020761	0.0024854	5.2896e-05
154	0.97661	0.020856	0.0024817	5.3062e-05
155	0.97842	0.019053	0.0024828	4.842e-05
156	0.98184	0.015636	0.002488	3.9688e-05
157	0.98709	0.010388	0.0024978	2.6336e-05
158	0.98891	0.0085685	0.0024989	2.1699e-05
159	0.99208	0.0054033	0.0025034	1.3672e-05
160	0.99014	0.007347	0.002495	1.8554e-05
161	0.98941	0.0080844	0.0024896	2.038e-05
162	0.98582	0.011673	0.0024771	2.9361e-05
163	0.98381	0.013687	0.0024686	3.4359e-05
164	0.98353	0.013973	0.0024645	3.5019e-05
165	0.98494	0.012567	0.0024645	3.145e-05
166	0.98398	0.013524	0.0024586	3.38e-05
167	0.98431	0.013203	0.0024559	3.2947e-05
168	0.98628	0.011235	0.0024574	2.8e-05
169	0.9897	0.007819	0.0024624	1.9456e-05
170	0.99067	0.006848	0.0024613	1.7017e-05
171	0.98997	0.0075602	0.002456	1.8765e-05
172	0.9867	0.010829	0.0024444	2.6838e-05
173	0.98525	0.012284	0.0024372	3.0408e-05
174	0.98542	0.012118	0.0024341	2.9966e-05
175	0.98684	0.010698	0.0024341	2.6424e-05
176	0.98594	0.011607	0.0024283	2.8639e-05
177	0.98625	0.011298	0.0024255	2.7845e-05
178	0.98389	0.01366	0.0024162	3.3617e-05
179	0.98291	0.014649	0.0024103	3.5994e-05
180	0.98331	0.014244	0.0024078	3.4943e-05
181	0.98105	0.016513	0.0023988	4.0446e-05
182	0.98064	0.016921	0.0023943	4.1392e-05
183	0.97656	0.021009	0.0023808	5.1309e-05
184	0.97467	0.022906	0.0023727	5.5866e-05
185	0.97432	0.02325	0.0023684	5.6626e-05
186	0.97551	0.022065	0.0023678	5.3659e-05
187	0.97335	0.024236	0.002359	5.8851e-05
188	0.97288	0.024703	0.0023545	5.9894e-05
189	0.97442	0.023171	0.0023547	5.6104e-05
190	0.97775	0.019846	0.0023593	4.7986e-05
191	0.97758	0.020011	0.0023554	4.8319e-05
192	0.97898	0.018619	0.0023553	4.4892e-05
193	0.98204	0.015564	0.0023592	3.7469e-05
194	0.98213	0.015479	0.0023559	3.7207e-05
195	0.98393	0.013678	0.0023567	3.2839e-05
196	0.98322	0.014392	0.0023515	3.4512e-05
197	0.98389	0.013724	0.0023495	3.2869e-05
198	0.986	0.011623	0.0023511	2.7805e-05
199	0.9855	0.012121	0.0023463	2.896e-05
200	0.98655	0.011079	0.0023453	2.6451e-05
201	0.9889	0.0087339	0.0023473	2.0847e-05
202	0.98888	0.0087576	0.0023437	2.0883e-05
203	0.98645	0.011188	0.0023344	2.6635e-05
204	0.98542	0.012225	0.0023285	2.9062e-05
205	0.98082	0.016825	0.0023141	3.9916e-05
206	0.97808	0.019571	0.0023041	4.6347e-05
207	0.97736	0.020297	0.002299	4.8005e-05
208	0.95884	0.038817	0.0022519	9.1593e-05
209	0.91133	0.086331	0.0021367	0.00020322
210	0.87564	0.12203	0.0020497	0.00028669
211	0.79162	0.20605	0.0018496	0.00048329
212	0.72805	0.26962	0.0016981	0.00063132
213	0.68014	0.31753	0.0015837	0.00074221
214	0.56059	0.43709	0.0013029	0.0010196
215	0.47747	0.52021	0.0011075	0.0012115
216	0.41447	0.58321	0.00095954	0.0013559
217	0.36684	0.63084	0.00084776	0.0014642
218	0.33425	0.66344	0.00077102	0.0015375
219	0.30941	0.68828	0.00071249	0.0015925
220	0.29078	0.70692	0.00066846	0.0016331
221	0.27716	0.72054	0.00063614	0.0016619
222	0.26945	0.72826	0.00061744	0.0016772
223	0.26543	0.73228	0.00060731	0.0016838
224	0.26596	0.73175	0.00060759	0.0016801
225	0.26989	0.72782	0.00061567	0.0016685
226	0.26102	0.7367	0.0005945	0.0016862
227	0.2569	0.74082	0.00058423	0.001693
228	0.25728	0.74045	0.00058418	0.0016896
229	0.20534	0.79239	0.00046528	0.001805
230	0.16494	0.83279	0.00037299	0.0018938
231	0.13429	0.86344	0.00030311	0.0019602
232	0.11281	0.88493	0.0002541	0.0020057
233	0.09624	0.9015	0.00021636	0.00204
234	0.083887	0.91386	0.00018824	0.0020646
235	0.074544	0.92321	0.00016699	0.0020824
236	0.068715	0.92904	0.00015366	0.0020922
237	0.064733	0.93302	0.00014452	0.0020979
238	0.063173	0.93459	0.00014081	0.0020981
239	0.063036	0.93473	0.00014029	0.0020952
240	0.065003	0.93276	0.00014446	0.0020875
241	0.069457	0.92831	0.00015412	0.0020744
242	0.075836	0.92194	0.00016805	0.0020569
243	0.08482	0.91296	0.00018773	0.0020338
244	0.097082	0.9007	0.00021464	0.0020034
245	0.11491	0.88288	0.00025375	0.0019608
246	0.13797	0.85982	0.00030435	0.0019067
247	0.14553	0.85226	0.00032053	0.001887
248	0.15621	0.84158	0.00034357	0.0018605
249	0.17113	0.82667	0.00037586	0.0018247
250	0.19307	0.80473	0.00042348	0.0017736
251	0.22163	0.77617	0.00048551	0.0017081
252	0.25953	0.73828	0.00056787	0.0016222
253	0.31433	0.68348	0.00068689	0.0014997
254	0.38484	0.61297	0.00083996	0.0013432
255	0.47551	0.52231	0.0010367	0.001143
256	0.59478	0.40305	0.0012953	0.00088083
257	0.74803	0.2498	0.0016275	0.00054524
258	0.94492	0.05291	0.0020538	0.00011542
259	0.95103	0.0468	0.0020639	0.00010193
260	0.96022	0.037619	0.0020805	8.1793e-05
261	0.97443	0.023413	0.002108	5.0836e-05
262	0.97955	0.018291	0.0021158	3.9647e-05
263	0.98036	0.017483	0.0021142	3.7818e-05
264	0.98313	0.01472	0.0021168	3.1782e-05
265	0.98758	0.010275	0.002123	2.2137e-05
266	0.98822	0.0096353	0.0021209	2.0717e-05
267	0.99015	0.0077087	0.0021217	1.6534e-05
268	0.98994	0.0079301	0.0021178	1.6971e-05
269	0.9867	0.01117	0.0021074	2.3854e-05
270	0.98497	0.012904	0.0021003	2.7498e-05
271	0.98454	0.013339	0.002096	2.8363e-05
272	0.98093	0.016952	0.0020849	3.5957e-05
273	0.97939	0.018491	0.0020783	3.9139e-05
274	0.97938	0.018505	0.0020749	3.9078e-05
275	0.98119	0.016698	0.0020754	3.5173e-05
276	0.98504	0.012854	0.0020801	2.6987e-05
277	0.98541	0.012491	0.0020775	2.6149e-05
278	0.98323	0.014669	0.0020695	3.064e-05
279	0.98252	0.015381	0.0020646	3.2039e-05
280	0.97869	0.019216	0.0020529	4.0075e-05
281	0.97653	0.021379	0.0020446	4.457e-05
282	0.96885	0.029061	0.0020249	6.0616e-05
283	0.96361	0.034311	0.0020103	7.1507e-05
284	0.96114	0.036779	0.0020015	7.6566e-05
285	0.96065	0.037276	0.0019968	7.7498e-05
286	0.93807	0.059856	0.0019462	0.00012439
287	0.92274	0.075195	0.0019107	0.00015609
288	0.91282	0.085118	0.0018866	0.00017645
289	0.88696	0.11098	0.0018295	0.00022982
290	0.86801	0.12994	0.0017869	0.00026867
291	0.85413	0.14382	0.0017549	0.00029687
292	0.81615	0.1818	0.0016735	0.00037457
293	0.79	0.20795	0.0016165	0.00042772
294	0.77049	0.22747	0.0015735	0.00046701
295	0.7564	0.24157	0.0015417	0.00049503
296	0.74683	0.25114	0.0015193	0.00051369
297	0.7415	0.25647	0.0015057	0.00052361
298	0.74115	0.25682	0.0015022	0.0005234
299	0.74456	0.25342	0.0015063	0.00051556
300	0.75163	0.24636	0.0015178	0.0005003
301	0.7471	0.25088	0.0015059	0.00050851
302	0.74726	0.25073	0.0015034	0.00050726
303	0.75086	0.24714	0.0015079	0.00049907
304	0.74378	0.25422	0.0014908	0.00051238
305	0.74038	0.25762	0.0014812	0.00051825
306	0.74186	0.25615	0.0014814	0.00051433
307	0.73046	0.26755	0.0014559	0.00053615
308	0.72359	0.27442	0.0014395	0.00054882
309	0.72169	0.27633	0.001433	0.00055158
310	0.72358	0.27444	0.0014341	0.00054677
311	0.72908	0.26895	0.0014423	0.0005348
312	0.74036	0.25767	0.001462	0.00051144
313	0.7386	0.25943	0.0014558	0.00051392
314	0.7415	0.25653	0.0014587	0.00050721
315	0.74804	0.25	0.0014689	0.00049335
316	0.75862	0.23942	0.0014869	0.00047157
317	0.77582	0.22223	0.0015179	0.0004369
318	0.79974	0.19831	0.0015619	0.00038915
319	0.80796	0.19009	0.0015751	0.00037227
320	0.82031	0.17775	0.0015962	0.00034738
321	0.83992	0.15814	0.0016315	0.00030844
322	0.83145	0.16662	0.0016119	0.00032423
323	0.80709	0.19098	0.0015617	0.00037071
324	0.78949	0.20858	0.0015248	0.00040393
325	0.77851	0.21957	0.0015007	0.00042429
326	0.77283	0.22525	0.0014869	0.00043437
327	0.77199	0.22609	0.0014824	0.00043513
328	0.77447	0.22361	0.0014843	0.00042948
329	0.78044	0.21765	0.0014929	0.00041717
330	0.79063	0.20747	0.0015095	0.00039681
331	0.80719	0.19091	0.0015382	0.00036436
332	0.83209	0.16601	0.0015826	0.00031617
333	0.86895	0.12915	0.0016496	0.00024546
334	0.88219	0.11591	0.0016714	0.00021983
335	0.90228	0.095829	0.0017062	0.00018135
336	0.93213	0.065985	0.0017591	0.00012461
337	0.97566	0.022465	0.0018375	4.2382e-05
338	0.98031	0.01781	0.0018426	3.354e-05
339	0.988	0.010129	0.0018533	1.9063e-05
340	0.98707	0.011061	0.0018478	2.0776e-05
341	0.98334	0.01479	0.001837	2.7729e-05
342	0.98129	0.01685	0.0018294	3.1527e-05
343	0.97494	0.0232	0.0018138	4.3325e-05
344	0.95788	0.040266	0.0017783	7.5019e-05
345	0.94644	0.051707	0.0017534	9.6147e-05
346	0.91888	0.079278	0.0016985	0.00014715
347	0.89851	0.099653	0.0016573	0.00018459
348	0.8838	0.11436	0.0016267	0.00021138
349	0.87365	0.12452	0.0016046	0.00022964
350	0.8683	0.12987	0.0015914	0.00023902
351	0.86616	0.13201	0.0015842	0.00024247
352	0.86707	0.13111	0.0015825	0.0002403
353	0.8711	0.12708	0.0015866	0.00023244
354	0.87965	0.11853	0.0015988	0.00021638
355	0.89242	0.10577	0.0016187	0.00019272
356	0.9099	0.088295	0.0016471	0.00016057
357	0.93319	0.065002	0.0016859	0.00011798
358	0.96378	0.034423	0.0017377	6.2355e-05
359	0.96618	0.032027	0.0017384	5.7888e-05
360	0.97068	0.027526	0.0017429	4.9642e-05
361	0.97109	0.027123	0.0017399	4.8804e-05
362	0.97314	0.025074	0.0017399	4.5013e-05
363	0.97697	0.021249	0.0017431	3.8055e-05
364	0.98363	0.01459	0.0017513	2.6076e-05
365	0.9931	0.0051276	0.0017645	9.1381e-06
366	0.99367	0.0045609	0.0017617	8.1058e-06
367	0.99551	0.0027263	0.0017612	4.8345e-06
368	0.99598	0.002256	0.0017582	3.9889e-06
369	0.99751	0.00073394	0.0017571	1.2946e-06
370	0.99731	0.00093187	0.0017529	1.64e-06
371	0.99662	0.0016336	0.0017479	2.867e-06
372	0.99494	0.0033135	0.0017411	5.8036e-06
373	0.99421	0.0040424	0.0017361	7.0636e-06
374	0.99457	0.0036911	0.0017328	6.4374e-06
375	0.99585	0.0024168	0.0017312	4.2068e-06
376	0.99813	0.00013923	0.0017314	2.4201e-07
377	0.9981	0.00017642	0.0017275	3.0574e-07
378	0.99813	0.00014948	0.0017238	2.583e-07
379	0.99763	0.0006499	0.0017191	1.121e-06
380	0.99671	0.0015741	0.0017137	2.7082e-06
381	0.99657	0.0017133	0.0017096	2.9397e-06
382	0.99575	0.0025395	0.0017044	4.3476e-06
383	0.99589	0.0024073	0.0017008	4.1136e-06
384	0.99684	0.0014557	0.0016986	2.4826e-06
385	0.99714	0.0011616	0.0016953	1.9783e-06
386	0.9969	0.0014088	0.0016911	2.3947e-06
387	0.99739	0.00091711	0.0016881	1.5565e-06
388	0.99598	0.0023363	0.0016819	3.9528e-06
389	0.99543	0.0028898	0.0016772	4.8771e-06
390	0.99571	0.0026126	0.0016739	4.3983e-06
391	0.99508	0.0032406	0.001669	5.4431e-06
392	0.99535	0.0029748	0.0016657	4.9846e-06
393	0.99667	0.001661	0.0016641	2.7794e-06
394	0.99708	0.0012527	0.0016609	2.0927e-06
395	0.9951	0.0032411	0.0016538	5.4028e-06
396	0.99411	0.0042377	0.0016484	7.0486e-06
397	0.99137	0.0069756	0.00164	1.1571e-05
398	0.98994	0.008408	0.0016339	1.3912e-05
399	0.98517	0.013183	0.0016223	2.1748e-05
400	0.98222	0.016143	0.0016137	2.6558e-05
401	0.98085	0.01751	0.0016078	2.8729e-05
402	0.98132	0.017048	0.0016048	2.7901e-05
403	0.98368	0.014695	0.0016049	2.3996e-05
404	0.98764	0.010739	0.0016076	1.7491e-05
405	0.99407	0.0043082	0.0016143	7.0026e-06
406	0.99412	0.0042623	0.0016106	6.9138e-06
407	0.99515	0.0032396	0.0016085	5.2437e-06
408	0.99717	0.0012205	0.0016079	1.9715e-06
409	0.99776	0.00063236	0.0016051	1.0208e-06
410	0.99689	0.0015076	0.0015999	2.4275e-06
411	0.99477	0.0036305	0.0015927	5.8289e-06
412	0.99388	0.004524	0.0015874	7.25e-06
413	0.99415	0.0042606	0.001584	6.8205e-06
414	0.99561	0.0028057	0.0015825	4.5e-06
415	0.99342	0.0049967	0.0015753	7.9613e-06
416	0.99232	0.0060958	0.0015699	9.6752e-06
417	0.99247	0.005957	0.0015664	9.4276e-06
418	0.99386	0.0045636	0.0015649	7.2058e-06
419	0.99389	0.0045456	0.0015612	7.161e-06
420	0.9949	0.0035358	0.001559	5.5587e-06
421	0.99145	0.0069913	0.0015499	1.0952e-05
422	0.98935	0.0090948	0.0015429	1.4206e-05
423	0.98847	0.0099789	0.0015378	1.5543e-05
424	0.98493	0.013517	0.0015287	2.0998e-05
425	0.98329	0.015166	0.0015224	2.3502e-05
426	0.9834	0.015059	0.0015188	2.3287e-05
427	0.97023	0.028231	0.0014948	4.3543e-05
428	0.96154	0.036925	0.0014778	5.682e-05
429	0.95573	0.042736	0.0014652	6.5599e-05
430	0.95297	0.045507	0.0014574	6.9687e-05
431	0.95219	0.046285	0.0014526	7.0704e-05
432	0.95351	0.044973	0.001451	6.8528e-05
433	0.95685	0.041633	0.0014525	6.3273e-05
434	0.9632	0.035285	0.0014585	5.3489e-05
435	0.97332	0.025172	0.0014701	3.8074e-05
436	0.9767	0.021797	0.0014715	3.2886e-05
437	0.97649	0.022004	0.0014675	3.3116e-05
438	0.9783	0.020205	0.0014665	3.0338e-05
439	0.97663	0.021873	0.0014603	3.276e-05
440	0.97689	0.02162	0.0014569	3.2305e-05
441	0.9791	0.019416	0.0014565	2.8951e-05
442	0.97825	0.02027	0.0014514	3.0152e-05
443	0.97895	0.01957	0.0014487	2.904e-05
444	0.98116	0.01737	0.0014483	2.5712e-05
445	0.98047	0.018064	0.0014435	2.6674e-05
446	0.98127	0.017265	0.0014409	2.543e-05
447	0.98402	0.014519	0.0014412	2.1342e-05
448	0.97759	0.02095	0.001428	3.0704e-05
449	0.97384	0.024707	0.0014188	3.6118e-05
450	0.97185	0.026702	0.0014122	3.8934e-05
451	0.97149	0.027062	0.0014079	3.9356e-05
452	0.97275	0.025808	0.001406	3.7435e-05
453	0.97582	0.022736	0.0014068	3.2894e-05
454	0.9808	0.017766	0.0014102	2.5635e-05
455	0.98798	0.010585	0.0014168	1.5229e-05
456	0.9908	0.0077734	0.0014171	1.1153e-05
457	0.99147	0.0071099	0.0014143	1.0174e-05
458	0.99325	0.0053273	0.001413	7.603e-06
459	0.99635	0.002231	0.0014137	3.1753e-06
460	0.9959	0.0026821	0.0014092	3.802e-06
461	0.99642	0.0021737	0.0014062	3.0719e-06
462	0.99798	0.00061279	0.0014045	8.65e-07
463	0.99639	0.0022108	0.0013985	3.1093e-06
464	0.99283	0.005769	0.0013897	8.0937e-06
465	0.99069	0.0079135	0.0013829	1.1071e-05
466	0.98529	0.013316	0.0013715	1.8582e-05
467	0.98183	0.016782	0.0013629	2.3352e-05
468	0.98041	0.018204	0.0013572	2.5267e-05
469	0.97519	0.023432	0.0013461	3.2442e-05
470	0.97191	0.026711	0.0013379	3.6883e-05
471	0.97085	0.027781	0.0013326	3.8266e-05
472	0.96523	0.033399	0.0013211	4.589e-05
473	0.94928	0.049356	0.0012955	6.7631e-05
474	0.93781	0.060827	0.0012762	8.3107e-05
475	0.9307	0.06794	0.0012628	9.2572e-05
476	0.92651	0.072139	0.0012535	9.8019e-05
477	0.92491	0.073739	0.0012478	9.9911e-05
478	0.92634	0.072313	0.0012461	9.7718e-05
479	0.93016	0.068499	0.0012476	9.2321e-05
480	0.92725	0.071409	0.0012401	9.5962e-05
481	0.92684	0.071824	0.001236	9.6238e-05
482	0.9289	0.069774	0.0012351	9.3219e-05
483	0.93357	0.065105	0.0012378	8.6728e-05
484	0.93155	0.067132	0.0012315	8.9142e-05
485	0.92197	0.076709	0.0012153	0.00010151
486	0.91556	0.083131	0.0012033	0.00010965
487	0.91271	0.085976	0.001196	0.00011306
488	0.91325	0.085442	0.0011932	0.00011202
489	0.91646	0.082239	0.0011938	0.0001075
490	0.92348	0.075225	0.0011994	9.8056e-05
491	0.93376	0.064951	0.0012092	8.4425e-05
492	0.94831	0.050402	0.0012244	6.5329e-05
493	0.93206	0.066654	0.0011998	8.6083e-05
494	0.92163	0.077092	0.0011827	9.9249e-05
495	0.91564	0.083085	0.0011714	0.00010664
496	0.91235	0.086379	0.0011636	0.00011054
497	0.91247	0.086263	0.0011601	0.00011006
498	0.91504	0.083691	0.0011598	0.00010647
499	0.91086	0.08788	0.0011509	0.00011146
500	0.91003	0.088711	0.0011463	0.00011219
501	0.91186	0.08689	0.0011449	0.00010956
502	0.88667	0.11208	0.0011097	0.0001409
503	0.86775	0.13101	0.0010825	0.00016416
504	0.85545	0.14331	0.0010636	0.00017902
505	0.82174	0.17702	0.0010183	0.00022041
506	0.79682	0.20195	0.00098417	0.00025062
507	0.77828	0.22049	0.00095814	0.00027271
508	0.72929	0.26948	0.00089471	0.00033219
509	0.69526	0.30352	0.00085	0.00037294
510	0.66953	0.32925	0.00081575	0.00040323
511	0.65048	0.3483	0.00078988	0.00042515
512	0.63736	0.36143	0.00077137	0.00043971
513	0.63059	0.36821	0.00076062	0.0004465
514	0.62767	0.37112	0.00075459	0.00044857
515	0.62844	0.37036	0.00075303	0.00044618
516	0.63462	0.36419	0.00075791	0.00043733
517	0.64541	0.3534	0.00076827	0.00042301
518	0.66318	0.33563	0.00078682	0.00040048
519	0.69056	0.30825	0.00081658	0.00036673
520	0.68	0.31882	0.00080132	0.00037802
521	0.67501	0.32381	0.00079268	0.00038266
522	0.67371	0.32512	0.00078843	0.00038292
523	0.67601	0.32282	0.00078842	0.00037894
524	0.68206	0.31677	0.00079277	0.0003706
525	0.69264	0.3062	0.00080236	0.00035704
526	0.69135	0.3075	0.00079812	0.0003573
527	0.69516	0.30368	0.00079977	0.00035166
528	0.70319	0.29567	0.00080624	0.0003412
529	0.69821	0.30065	0.00079776	0.0003457
530	0.69687	0.30199	0.00079349	0.000346
531	0.70038	0.29848	0.00079473	0.00034077
532	0.70805	0.29081	0.00080067	0.00033084
533	0.72177	0.2771	0.00081337	0.00031415
534	0.74091	0.25797	0.0008321	0.00029143
535	0.77002	0.22886	0.00086184	0.00025768
536	0.80825	0.19064	0.00090159	0.00021393
537	0.85801	0.14088	0.00095394	0.00015757
538	0.92243	0.076461	0.0010223	8.5251e-05
539	0.944	0.054896	0.0010425	6.099e-05
540	0.94275	0.056147	0.0010374	6.2136e-05
541	0.93414	0.064764	0.0010242	7.1354e-05
542	0.92944	0.069467	0.0010153	7.6229e-05
543	0.92791	0.071004	0.0010099	7.762e-05
544	0.91917	0.079749	0.00099662	8.6839e-05
545	0.9137	0.085222	0.00098699	9.2436e-05
546	0.91109	0.087833	0.0009805	9.4897e-05
547	0.89854	0.10039	0.00096338	0.000108
548	0.89112	0.10782	0.00095181	0.00011553
549	0.88785	0.11108	0.00094472	0.00011858
550	0.87291	0.12603	0.00092527	0.00013398
551	0.86262	0.13632	0.00091088	0.00014433
552	0.85725	0.14169	0.00090173	0.00014944
553	0.85494	0.14402	0.00089584	0.00015128
554	0.84111	0.15785	0.00087796	0.00016512
555	0.83186	0.1671	0.00086497	0.00017407
556	0.80444	0.19452	0.00083328	0.00020173
557	0.78445	0.21452	0.00080948	0.0002215
558	0.77036	0.22861	0.00079192	0.00023503
559	0.73002	0.26896	0.00074765	0.00027527
560	0.70278	0.2962	0.00071699	0.00030187
561	0.68468	0.3143	0.0006958	0.000319
562	0.67358	0.32541	0.00068181	0.00032892
563	0.66674	0.33226	0.0006722	0.00033446
564	0.66527	0.33372	0.00066803	0.00033455
565	0.60373	0.39527	0.00060397	0.00039453
566	0.56067	0.43833	0.00055873	0.00043568
567	0.52857	0.47043	0.00052472	0.00046561
568	0.4498	0.54921	0.00044496	0.00054126
569	0.39525	0.60377	0.00038957	0.00059254
570	0.35776	0.64126	0.00035129	0.00062671
571	0.33243	0.6666	0.00032512	0.00064874
572	0.31343	0.6856	0.00030534	0.0006644
573	0.30134	0.69769	0.00029237	0.00067323
574	0.29364	0.7054	0.00028374	0.00067772
575	0.29071	0.70833	0.00027974	0.00067757
576	0.29097	0.70808	0.00027881	0.00067435
577	0.29598	0.70307	0.0002824	0.00066661
578	0.30494	0.69412	0.0002897	0.00065515
579	0.30004	0.69902	0.00028387	0.00065682
580	0.29993	0.69913	0.00028257	0.00065396
581	0.30337	0.6957	0.00028459	0.00064778
582	0.31026	0.68882	0.00028981	0.00063839
583	0.32143	0.67765	0.00029897	0.00062507
584	0.33966	0.65942	0.00031456	0.0006053
585	0.36408	0.63501	0.00033573	0.00057996
586	0.39622	0.60287	0.00036382	0.00054771
587	0.43811	0.56099	0.00040059	0.00050676
588	0.49894	0.50016	0.00045426	0.00044891
589	0.52026	0.47885	0.0004716	0.0004274
590	0.54877	0.45034	0.00049527	0.00039954
591	0.58628	0.41283	0.00052684	0.0003638
592	0.63514	0.36397	0.00056831	0.00031816
593	0.70477	0.29435	0.00062789	0.00025439
594	0.80517	0.19395	0.00071417	0.00016391
595	0.84471	0.15441	0.00074584	0.00012805
596	0.89612	0.10301	0.00078765	8.2043e-05
597	0.96419	0.034945	0.00084369	2.1809e-05
598	0.97087	0.028267	0.00084574	1.5566e-05
599	0.966	0.033138	0.00084596	2.0302e-05
600	0.96381	0.035317	0.00084835	2.2849e-05
601	0.956	0.043123	0.00084597	3.0154e-05
602	0.95165	0.04747	0.0008465	3.4538e-05
603	0.94945	0.04966	0.00084886	3.7101e-05
604	0.91728	0.081826	0.00082446	6.6405e-05
605	0.8955	0.10361	0.00080912	8.6642e-05
606	0.87969	0.11941	0.00079902	0.00010164
607	0.86969	0.1294	0.00079402	0.00011152
608	0.86322	0.13587	0.00079216	0.00011827
609	0.86011	0.13898	0.00079332	0.00012201
610	0.84445	0.15463	0.00078292	0.00013732
611	0.83499	0.16409	0.0007781	0.00014702
612	0.82914	0.16993	0.00077657	0.00015345
613	0.82759	0.17147	0.00077897	0.00015592
614	0.81377	0.18529	0.00076984	0.00016994
615	0.80429	0.19477	0.00076471	0.00017997
616	0.79854	0.20051	0.00076304	0.00018652
617	0.79645	0.2026	0.00076482	0.00018964
618	0.7826	0.21644	0.00075529	0.00020407
619	0.77353	0.2255	0.00075026	0.00021399
620	0.7695	0.22953	0.00075	0.00021913
621	0.77001	0.22902	0.0007541	0.00021989
622	0.75728	0.24175	0.00074527	0.0002336
623	0.74922	0.2498	0.00074094	0.00024281
624	0.74616	0.25286	0.00074145	0.00024716
625	0.74773	0.25128	0.00074652	0.00024694
626	0.75282	0.24618	0.00075511	0.00024321
627	0.76176	0.23724	0.0007676	0.00023558
628	0.77719	0.2218	0.00078666	0.00022137
629	0.79889	0.2001	0.00081219	0.00020069
630	0.8308	0.16818	0.00084821	0.00016952
631	0.87672	0.12226	0.00089869	0.00012388
632	0.89409	0.10488	0.0009206	0.0001068
633	0.9179	0.08107	0.00094929	8.2951e-05
634	0.92653	0.072437	0.00096261	7.4474e-05
635	0.94012	0.058837	0.00098115	6.0778e-05
636	0.9603	0.038653	0.0010066	4.0118e-05
637	0.98997	0.0089747	0.0010422	9.3765e-06
638	0.99328	0.0056611	0.0010504	5.9522e-06
639	0.99429	0.004653	0.0010563	4.9237e-06
640	0.9904	0.0085359	0.0010569	9.1084e-06
641	0.98797	0.010956	0.0010591	1.1757e-05
642	0.98693	0.01199	0.0010627	1.2932e-05
643	0.98232	0.016595	0.0010625	1.7983e-05
644	0.97946	0.019459	0.0010641	2.1182e-05
645	0.97862	0.02029	0.0010679	2.2191e-05
646	0.97413	0.02478	0.0010677	2.722e-05
647	0.97149	0.02741	0.0010695	3.024e-05
648	0.97109	0.027804	0.0010738	3.0814e-05
649	0.96576	0.033131	0.0010726	3.6874e-05
650	0.9631	0.035786	0.0010742	4.0004e-05
651	0.96228	0.036601	0.001078	4.1094e-05
652	0.96338	0.035498	0.0010839	4.0027e-05
653	0.96692	0.031953	0.0010925	3.619e-05
654	0.97259	0.026272	0.0011036	2.989e-05
655	0.96696	0.031906	0.0011019	3.6439e-05
656	0.96402	0.034833	0.0011032	3.9946e-05
657	0.96294	0.035914	0.0011066	4.1354e-05
658	0.96424	0.034604	0.0011128	4.0016e-05
659	0.96755	0.03129	0.0011212	3.6334e-05
660	0.97295	0.02589	0.0011322	3.0186e-05
661	0.97367	0.025164	0.0011378	2.9452e-05
662	0.97651	0.022322	0.0011458	2.6228e-05
663	0.9818	0.017025	0.0011568	2.0086e-05
664	0.98295	0.015873	0.0011628	1.8798e-05
665	0.98605	0.012764	0.0011713	1.5177e-05
666	0.99141	0.0073976	0.0011824	8.8348e-06
667	0.99321	0.0055916	0.0011893	6.7046e-06
668	0.99326	0.0055387	0.0011941	6.6649e-06
669	0.99436	0.0044363	0.0012002	5.3552e-06
670	0.99066	0.0081321	0.0012005	9.8481e-06
671	0.98871	0.010078	0.0012029	1.2251e-05
672	0.98833	0.010453	0.0012072	1.2758e-05
673	0.98516	0.013611	0.001208	1.6682e-05
674	0.98389	0.014879	0.0012111	1.8313e-05
675	0.98403	0.014737	0.001216	1.821e-05
676	0.98593	0.012836	0.001223	1.5926e-05
677	0.9893	0.0094533	0.0012319	1.1777e-05
678	0.9899	0.0088551	0.0012373	1.1073e-05
679	0.99203	0.0067168	0.0012447	8.4337e-06
680	0.99551	0.0032277	0.0012538	4.0693e-06
681	0.99698	0.0017527	0.0012604	2.221e-06
682	0.9958	0.0029362	0.0012636	3.7346e-06
683	0.99552	0.0032077	0.0012679	4.0953e-06
684	0.99614	0.0025875	0.0012735	3.3165e-06
685	0.99579	0.0029282	0.0012778	3.7653e-06
686	0.99643	0.0022837	0.0012833	2.949e-06
687	0.99628	0.0024253	0.0012879	3.1436e-06
688	0.99507	0.0036313	0.0012911	4.7215e-06
689	0.99163	0.0070704	0.0012913	9.2192e-06
690	0.98961	0.0090808	0.0012934	1.1878e-05
691	0.98382	0.014871	0.0012906	1.9508e-05
692	0.98051	0.018171	0.0012909	2.392e-05
693	0.97879	0.019887	0.0012934	2.6268e-05
694	0.97893	0.019741	0.0012982	2.6166e-05
695	0.98095	0.017716	0.0013056	2.3567e-05
696	0.98519	0.013477	0.0013159	1.7995e-05
697	0.98593	0.01273	0.0013216	1.7057e-05
698	0.98836	0.010298	0.0013295	1.385e-05
699	0.99285	0.0058039	0.0013402	7.8414e-06
700	0.99162	0.0070294	0.0013433	9.533e-06
701	0.99169	0.006954	0.001348	9.469e-06
702	0.98998	0.0086552	0.0013504	1.1834e-05
703	0.98944	0.009191	0.0013543	1.2616e-05
704	0.99003	0.0085954	0.0013598	1.1845e-05
705	0.99179	0.0068307	0.0013669	9.4527e-06
706	0.98744	0.011179	0.0013655	1.5515e-05
707	0.98468	0.01393	0.0013664	1.9393e-05
708	0.98335	0.015257	0.0013692	2.1309e-05
709	0.97793	0.02067	0.0013663	2.8949e-05
710	0.97496	0.023639	0.0013668	3.3216e-05
711	0.97375	0.024846	0.0013697	3.5025e-05
712	0.96787	0.030719	0.001366	4.3444e-05
713	0.96429	0.034296	0.0013656	4.8658e-05
714	0.96313	0.035453	0.0013685	5.0467e-05
715	0.95692	0.041659	0.0013641	5.9503e-05
716	0.95304	0.045535	0.0013631	6.5254e-05
717	0.95139	0.047178	0.0013653	6.7827e-05
718	0.94209	0.056477	0.0013564	8.1436e-05
719	0.9366	0.061959	0.0013529	8.9627e-05
720	0.9344	0.064149	0.0013542	9.3101e-05
721	0.93521	0.063334	0.0013597	9.2231e-05
722	0.93844	0.060102	0.0013688	8.7817e-05
723	0.94433	0.05421	0.0013819	7.9469e-05
724	0.95432	0.044214	0.001401	6.5047e-05
725	0.96801	0.030524	0.0014257	4.5071e-05
726	0.97267	0.02585	0.0014372	3.8297e-05
727	0.97282	0.025704	0.001442	3.8195e-05
728	0.97503	0.023487	0.0014499	3.5015e-05
729	0.97901	0.0195	0.0014605	2.9164e-05
730	0.9857	0.012805	0.0014751	1.9222e-05
731	0.984	0.0145	0.0014772	2.1837e-05
732	0.98372	0.014774	0.0014814	2.2319e-05
733	0.98485	0.013645	0.0014878	2.068e-05
734	0.98318	0.015304	0.0014899	2.3258e-05
735	0.98296	0.01552	0.0014942	2.3652e-05
736	0.97982	0.018658	0.0014941	2.8502e-05
737	0.97872	0.019749	0.0014971	3.0253e-05
738	0.97953	0.018936	0.0015029	2.9096e-05
739	0.98184	0.016627	0.0015111	2.5623e-05
740	0.98629	0.012164	0.0015227	1.8805e-05
741	0.99357	0.0048845	0.0015386	7.5876e-06
742	0.99061	0.0078402	0.0015386	1.2212e-05
743	0.98902	0.0094278	0.0015408	1.4727e-05
744	0.98867	0.0097667	0.001545	1.5301e-05
745	0.98982	0.0086189	0.0015514	1.3548e-05
746	0.98907	0.009357	0.0015549	1.4757e-05
747	0.98954	0.0088906	0.0015603	1.4068e-05
748	0.98106	0.017359	0.0015516	2.7531e-05
749	0.97521	0.023206	0.0015469	3.69e-05
750	0.97204	0.026369	0.0015465	4.2056e-05
751	0.9706	0.027809	0.0015487	4.4483e-05
752	0.97124	0.027162	0.0015543	4.3585e-05
753	0.97355	0.02485	0.0015626	4.0001e-05
754	0.97781	0.020588	0.0015741	3.3245e-05
755	0.98416	0.014228	0.001589	2.305e-05
756	0.99301	0.0053692	0.0016081	8.7303e-06
757	0.99039	0.0079905	0.0016085	1.3022e-05
758	0.98901	0.0093614	0.001611	1.5296e-05
759	0.98912	0.0092528	0.0016158	1.5166e-05
760	0.99071	0.0076504	0.0016231	1.2588e-05
761	0.99023	0.0081265	0.001627	1.3415e-05
762	0.99091	0.0074499	0.0016328	1.2341e-05
763	0.98464	0.013709	0.0016271	2.2756e-05
764	0.93521	0.063134	0.0015495	0.00010506
765	0.89713	0.10121	0.0014904	0.00016886
766	0.868	0.13033	0.001446	0.00021801
767	0.84816	0.15017	0.0014168	0.0002519
768	0.7958	0.20253	0.0013328	0.00034061
769	0.75994	0.23839	0.0012761	0.00040205
770	0.73271	0.26561	0.0012337	0.0004492
771	0.66729	0.33102	0.0011262	0.00056139
772	0.62146	0.37685	0.0010514	0.00064095
773	0.58635	0.41195	0.00099442	0.0007026
774	0.56047	0.43783	0.00095293	0.0007488
775	0.54385	0.45445	0.00092705	0.00077938
776	0.53232	0.46597	0.00090978	0.00080136
777	0.52516	0.47312	0.00089994	0.00081591
778	0.52226	0.47602	0.00089741	0.00082317
779	0.52471	0.47356	0.00090406	0.00082123
780	0.53101	0.46726	0.00091742	0.00081258
781	0.5433	0.45497	0.00094122	0.00079349
782	0.54065	0.45761	0.00093914	0.00080029
783	0.54335	0.45491	0.00094634	0.00079779
784	0.54992	0.44833	0.00096038	0.00078845
785	0.56288	0.43537	0.00098566	0.00076787
786	0.58175	0.41649	0.0010215	0.00073673
787	0.58447	0.41377	0.001029	0.00073392
788	0.59259	0.40564	0.0010461	0.00072153
789	0.60522	0.39301	0.0010713	0.00070104
790	0.62539	0.37283	0.00111	0.00066704
791	0.65252	0.3457	0.0011613	0.00062041
792	0.65953	0.33868	0.001177	0.0006095
793	0.65339	0.34482	0.001169	0.00062215
794	0.65104	0.34717	0.0011679	0.00062802
795	0.65265	0.34555	0.0011739	0.00062674
796	0.64201	0.35618	0.0011577	0.00064764
797	0.63561	0.36258	0.0011491	0.00066094
798	0.63336	0.36482	0.0011481	0.00066672
799	0.63511	0.36307	0.0011543	0.00066522
800	0.64207	0.3561	0.0011701	0.00065417
801	0.65541	0.34276	0.0011976	0.00063138
802	0.65423	0.34394	0.0011986	0.00063516
803	0.65803	0.34013	0.0012087	0.00062978
804	0.66573	0.33243	0.001226	0.00061714
805	0.67782	0.32033	0.0012516	0.00059627
806	0.6972	0.30095	0.0012909	0.00056175
807	0.72671	0.27143	0.0013491	0.0005082
808	0.7373	0.26083	0.0013724	0.00048969
809	0.75497	0.24316	0.0014089	0.00045786
810	0.77889	0.21924	0.0014574	0.00041408
811	0.78521	0.21292	0.001473	0.00040322
812	0.79693	0.20119	0.0014988	0.00038211
813	0.81396	0.18416	0.0015348	0.00035082
814	0.81757	0.18054	0.0015455	0.00034484
815	0.82458	0.17353	0.0015627	0.00033234
816	0.83543	0.16267	0.0015874	0.00031242
817	0.83541	0.16268	0.0015914	0.00031319
818	0.83951	0.15858	0.0016032	0.0003061
819	0.84724	0.15084	0.0016221	0.00029194
820	0.84597	0.15211	0.0016237	0.00029512
821	0.84764	0.15044	0.001631	0.0002926
822	0.85263	0.14544	0.0016447	0.00028361
823	0.84828	0.14978	0.0016404	0.00029272
824	0.84795	0.15011	0.0016438	0.00029407
825	0.85082	0.14724	0.0016535	0.00028915
826	0.8447	0.15335	0.0016455	0.00030182
827	0.84279	0.15525	0.0016458	0.00030631
828	0.8441	0.15394	0.0016524	0.00030448
829	0.83439	0.16364	0.0016373	0.00032434
830	0.82862	0.16941	0.0016299	0.00033651
831	0.82634	0.17169	0.0016294	0.0003418
832	0.81189	0.18614	0.0016047	0.00037126
833	0.80351	0.19451	0.0015919	0.0003888
834	0.79902	0.19899	0.0015869	0.00039864
835	0.78129	0.21672	0.0015553	0.00043502
836	0.76863	0.22938	0.0015337	0.00046138
837	0.76162	0.23638	0.0015233	0.00047654
838	0.68185	0.31614	0.0013663	0.0006383
839	0.62671	0.37128	0.0012582	0.00075119
840	0.58427	0.41372	0.0011753	0.00083885
841	0.55184	0.44614	0.0011123	0.00090656
842	0.52804	0.46993	0.0010667	0.00095703
843	0.51108	0.48689	0.0010347	0.00099378
844	0.46734	0.53063	0.00094791	0.0010853
845	0.43766	0.5603	0.00088939	0.0011486
846	0.41532	0.58264	0.00084568	0.0011971
847	0.39942	0.59854	0.00081501	0.0012325
848	0.38999	0.60796	0.00079747	0.0012548
849	0.38485	0.61309	0.00078871	0.0012684
850	0.38363	0.61431	0.00078799	0.0012739
851	0.38622	0.61172	0.00079518	0.0012715
852	0.39282	0.60511	0.00081073	0.0012607
853	0.40556	0.59236	0.00083907	0.0012372
854	0.42346	0.57446	0.00087831	0.0012027
855	0.42508	0.57284	0.00088375	0.0012021
856	0.43073	0.56718	0.00089767	0.001193
857	0.44243	0.55547	0.00092431	0.0011711
858	0.45968	0.53822	0.00096275	0.0011375
859	0.48632	0.51158	0.0010211	0.0010839
860	0.52231	0.47558	0.0010996	0.0010102
861	0.57036	0.42753	0.0012041	0.00091059
862	0.58918	0.4087	0.0012468	0.00087266
863	0.5912	0.40667	0.001254	0.0008703
864	0.59705	0.40082	0.0012693	0.00085975
865	0.6075	0.39036	0.0012946	0.00083926
866	0.62285	0.37501	0.0013306	0.00080813
867	0.64407	0.35379	0.0013794	0.00076419
868	0.67248	0.32537	0.001444	0.00070445
869	0.71378	0.28407	0.0015367	0.00061659
870	0.7739	0.22394	0.0016706	0.00048755
871	0.79864	0.1992	0.001728	0.0004349
872	0.83132	0.16651	0.0018031	0.00036466
873	0.84272	0.15511	0.001832	0.00034056
874	0.85917	0.13865	0.0018722	0.00030524
875	0.88372	0.1141	0.0019302	0.00025204
876	0.91602	0.081797	0.0020056	0.0001815
877	0.91628	0.081526	0.0020106	0.00018133
878	0.91896	0.078843	0.002021	0.0001758
879	0.88965	0.10815	0.0019605	0.00024125
880	0.86961	0.12819	0.0019202	0.0002864
881	0.85485	0.14294	0.0018915	0.00031994
882	0.84444	0.15334	0.0018724	0.0003439
883	0.83802	0.15976	0.0018622	0.00035903
884	0.83484	0.16294	0.0018592	0.00036695
885	0.83495	0.16282	0.0018635	0.00036749
886	0.83811	0.15965	0.0018748	0.00036117
887	0.84451	0.15325	0.0018934	0.00034751
888	0.8408	0.15696	0.0018892	0.00035661
889	0.84037	0.15738	0.0018925	0.00035831
890	0.84293	0.15481	0.0019025	0.00035322
891	0.84865	0.14909	0.0019198	0.00034091
892	0.85922	0.13852	0.0019482	0.00031749
893	0.85937	0.13836	0.0019529	0.00031777
894	0.86266	0.13507	0.0019648	0.00031085
895	0.85761	0.1401	0.0019577	0.000323
896	0.85583	0.14189	0.001958	0.00032772
897	0.85789	0.13982	0.0019671	0.00032359
898	0.86406	0.13365	0.0019857	0.00030999
899	0.87372	0.12398	0.0020124	0.0002882
900	0.88789	0.10981	0.0020498	0.00025584
901	0.89109	0.1066	0.0020618	0.00024885
902	0.89823	0.099454	0.002083	0.00023267
903	0.9104	0.087278	0.002116	0.00020468
904	0.9125	0.08517	0.0021256	0.00020014
905	0.91719	0.08048	0.0021412	0.0001895
906	0.9258	0.07186	0.0021661	0.0001696
907	0.92668	0.07098	0.0021729	0.00016784
908	0.93066	0.066992	0.002187	0.00015875
909	0.93728	0.060367	0.0022074	0.00014336
910	0.94723	0.05041	0.0022358	0.00011999
911	0.96092	0.036724	0.0022732	8.7618e-05
912	0.97919	0.018444	0.0023218	4.4118e-05
913	0.97447	0.023162	0.0023155	5.5412e-05
914	0.97173	0.025891	0.002314	6.2001e-05
915	0.97112	0.026498	0.0023175	6.3556e-05
916	0.97256	0.025056	0.0023259	6.0213e-05
917	0.97582	0.021791	0.0023388	5.2464e-05
918	0.98175	0.015851	0.002358	3.8249e-05
919	0.98327	0.014333	0.0023667	3.4648e-05
920	0.98624	0.011355	0.0023789	2.7495e-05
921	0.99149	0.006103	0.0023967	1.4807e-05
922	0.99338	0.0042005	0.0024064	1.0205e-05
923	0.99377	0.0038109	0.0024124	9.2701e-06
924	0.99533	0.0022454	0.0024212	5.4717e-06
925	0.99588	0.0016881	0.0024276	4.1222e-06
926	0.99725	0.00031065	0.002436	7.6003e-07
927	0.99737	0.00018641	0.0024414	4.5756e-07
928	0.9953	0.0022536	0.0024413	5.5378e-06
929	0.99419	0.0033613	0.0024437	8.2754e-06
930	0.99396	0.0035792	0.0024482	8.8288e-06
931	0.99249	0.0050503	0.0024496	1.2484e-05
932	0.99202	0.0055155	0.0024535	1.3662e-05
933	0.99257	0.0049533	0.0024599	1.2292e-05
934	0.9942	0.0033213	0.0024691	8.2542e-06
935	0.99452	0.0029926	0.002475	7.4497e-06
936	0.99389	0.0036193	0.0024785	9.0276e-06
937	0.99188	0.0056307	0.0024785	1.4077e-05
938	0.99095	0.0065515	0.0024812	1.641e-05
939	0.99132	0.0061763	0.0024872	1.5505e-05
940	0.99008	0.0074087	0.0024891	1.8644e-05
941	0.98993	0.0075574	0.0024938	1.906e-05
942	0.99091	0.0065705	0.0025013	1.6605e-05
943	0.99011	0.0073643	0.0025043	1.8642e-05
944	0.99066	0.0068159	0.0025108	1.7289e-05
945	0.99261	0.0048535	0.0025208	1.2343e-05
946	0.99278	0.0046776	0.0025263	1.1921e-05
947	0.99391	0.0035419	0.0025342	9.0453e-06
948	0.99608	0.0013748	0.0025449	3.5167e-06
949	0.99701	0.00043392	0.0025524	1.1132e-06
950	0.9968	0.00063728	0.0025569	1.6376e-06
951	0.99724	0.00019961	0.0025632	5.1446e-07
952	0.99702	0.00040885	0.0025678	1.0554e-06
953	0.9966	0.00082759	0.0025718	2.14e-06
954	0.9956	0.0018212	0.0025744	4.7162e-06
955	0.99538	0.0020328	0.002579	5.2737e-06
956	0.99593	0.0014759	0.0025856	3.8351e-06
957	0.99592	0.0014884	0.0025907	3.8751e-06
958	0.9953	0.0021003	0.0025943	5.4811e-06
959	0.99344	0.0039513	0.0025946	1.0338e-05
960	0.99264	0.004751	0.0025976	1.2457e-05
961	0.98977	0.0076126	0.0025952	1.9992e-05
962	0.98846	0.0089156	0.0025969	2.3464e-05
963	0.98856	0.008815	0.0026023	2.3256e-05
964	0.97957	0.017795	0.0025836	4.7069e-05
965	0.97315	0.024215	0.0025716	6.418e-05
966	0.96888	0.02848	0.0025653	7.5629e-05
