#coord	neutral	conserved	gBGC.neutral	gBGC.conserved
1	0.84987	0.14673	0.0028992	0.00050108
2	0.85808	0.13852	0.0029218	0.00047218
3	0.87054	0.12607	0.0029588	0.00042885
4	0.88964	0.10698	0.0030182	0.00036319
5	0.91765	0.078973	0.0031074	0.00026765
6	0.95861	0.038023	0.0032399	0.00012885
7	0.97457	0.022064	0.0032876	7.4754e-05
8	0.97455	0.022098	0.0032813	7.4769e-05
9	0.97614	0.020514	0.0032804	6.9322e-05
10	0.97934	0.017312	0.003285	5.8444e-05
11	0.9791	0.017567	0.003278	5.9196e-05
12	0.98033	0.016337	0.003276	5.4954e-05
13	0.98347	0.013202	0.0032803	4.4373e-05
14	0.98353	0.013151	0.0032744	4.4125e-05
15	0.98495	0.011738	0.003273	3.9327e-05
16	0.98383	0.012869	0.0032632	4.3007e-05
17	0.98396	0.012736	0.0032576	4.247e-05
18	0.98545	0.011251	0.0032565	3.7438e-05
19	0.98832	0.0083965	0.00326	2.7876e-05
20	0.9933	0.0034156	0.0032705	1.1336e-05
21	0.99293	0.0037983	0.0032632	1.2566e-05
22	0.9912	0.0055335	0.0032514	1.8253e-05
23	0.99052	0.0062154	0.0032432	2.0455e-05
24	0.98758	0.0091607	0.0032276	3.0051e-05
25	0.98605	0.010701	0.0032166	3.5011e-05
26	0.98573	0.011024	0.0032097	3.5973e-05
27	0.98696	0.0097968	0.0032078	3.1899e-05
28	0.98991	0.0068578	0.0032114	2.2294e-05
29	0.9945	0.0022759	0.0032203	7.3796e-06
30	0.99657	0.00020953	0.003221	6.7873e-07
31	0.99632	0.00046442	0.0032142	1.5037e-06
32	0.99584	0.00095009	0.0032066	3.0704e-06
33	0.99605	0.00074999	0.0032013	2.4218e-06
34	0.99431	0.0024959	0.0031898	8.0323e-06
35	0.99365	0.0031583	0.0031817	1.0153e-05
36	0.99388	0.0029324	0.0031765	9.4173e-06
37	0.99315	0.0036659	0.0031682	1.1762e-05
38	0.99331	0.0035162	0.0031628	1.1275e-05
39	0.99215	0.0046833	0.0031532	1.4989e-05
40	0.992	0.004841	0.0031468	1.5471e-05
41	0.99003	0.0068117	0.0031348	2.1713e-05
42	0.98926	0.0075937	0.0031265	2.4154e-05
43	0.98961	0.0072456	0.0031219	2.3004e-05
44	0.98824	0.0086172	0.0031119	2.7283e-05
45	0.98808	0.0087883	0.0031057	2.7755e-05
46	0.98896	0.0079125	0.0031029	2.4925e-05
47	0.99112	0.0057604	0.003104	1.8109e-05
48	0.99139	0.0054965	0.0030991	1.7246e-05
49	0.9926	0.0042889	0.0030972	1.343e-05
50	0.99224	0.0046599	0.0030905	1.455e-05
51	0.9929	0.0040037	0.0030868	1.2476e-05
52	0.99225	0.0046547	0.0030792	1.4464e-05
53	0.99259	0.0043245	0.0030746	1.3397e-05
54	0.99413	0.0027884	0.0030738	8.6092e-06
55	0.99232	0.0045985	0.0030625	1.4165e-05
56	0.99179	0.0051432	0.0030552	1.5813e-05
57	0.9922	0.0047299	0.0030508	1.4503e-05
58	0.99129	0.005653	0.0030423	1.7298e-05
59	0.97986	0.017086	0.0030016	5.2234e-05
60	0.97247	0.024481	0.0029733	7.4735e-05
61	0.95364	0.043315	0.0029104	0.00013196
62	0.93991	0.057057	0.0028632	0.00017343
63	0.93105	0.065921	0.0028309	0.00019998
64	0.92617	0.070807	0.0028108	0.00021441
65	0.92462	0.072357	0.0028007	0.00021871
66	0.92536	0.071625	0.0027976	0.00021607
67	0.9292	0.067791	0.0028037	0.00020411
68	0.93566	0.061336	0.0028178	0.00018428
69	0.9465	0.050502	0.0028449	0.00015141
70	0.94984	0.047174	0.0028493	0.00014117
71	0.95643	0.040587	0.0028634	0.00012126
72	0.96714	0.029876	0.0028897	8.9176e-05
73	0.96406	0.032968	0.0028747	9.8261e-05
74	0.96331	0.033727	0.0028668	0.00010038
75	0.96429	0.032751	0.002864	9.7319e-05
76	0.94776	0.049287	0.0028093	0.0001462
77	0.93677	0.060278	0.0027712	0.00017851
78	0.92907	0.067984	0.002743	0.00020095
79	0.90905	0.088016	0.0026784	0.00025971
80	0.85889	0.13818	0.0025254	0.00040686
81	0.82122	0.17585	0.00241	0.00051658
82	0.72586	0.27122	0.0021263	0.00079447
83	0.65859	0.33849	0.0019256	0.00098942
84	0.60785	0.38924	0.0017741	0.0011352
85	0.57258	0.42452	0.001668	0.0012356
86	0.54859	0.44851	0.0015949	0.0013029
87	0.53339	0.46372	0.0015476	0.0013444
88	0.52347	0.47364	0.0015158	0.0013704
89	0.51918	0.47794	0.0015003	0.0013801
90	0.52025	0.47687	0.0015003	0.0013743
91	0.46983	0.5273	0.0013517	0.0015171
92	0.43102	0.56612	0.0012373	0.0016257
93	0.40484	0.59231	0.0011595	0.0016976
94	0.38584	0.61131	0.0011027	0.0017486
95	0.37259	0.62456	0.0010626	0.0017829
96	0.36553	0.63163	0.0010403	0.0017995
97	0.36245	0.63472	0.0010294	0.0018045
98	0.36438	0.63279	0.0010327	0.0017954
99	0.37156	0.62561	0.0010508	0.0017715
100	0.38287	0.61432	0.0010804	0.001736
101	0.40108	0.5961	0.0011294	0.0016813
102	0.42839	0.56881	0.0012035	0.0016013
103	0.46425	0.53295	0.0013014	0.0014976
104	0.51662	0.48058	0.0014448	0.0013483
105	0.58431	0.4129	0.0016306	0.0011567
106	0.61043	0.38678	0.0016999	0.0010815
107	0.59875	0.39848	0.0016637	0.001112
108	0.59182	0.40541	0.0016409	0.001129
109	0.56738	0.42986	0.0015694	0.0011946
110	0.4994	0.49784	0.0013778	0.0013804
111	0.44803	0.54922	0.001233	0.0015194
112	0.41221	0.58504	0.0011316	0.001615
113	0.38492	0.61234	0.0010542	0.0016866
114	0.36501	0.63225	0.00099742	0.0017377
115	0.31142	0.68585	0.00084897	0.0018804
116	0.2738	0.72347	0.00074457	0.001979
117	0.24769	0.74959	0.00067182	0.002046
118	0.22787	0.76942	0.00061654	0.0020955
119	0.21481	0.78248	0.00057979	0.0021264
120	0.20698	0.79032	0.00055725	0.0021432
121	0.18084	0.81646	0.00048546	0.0022092
122	0.16133	0.83598	0.00043189	0.002257
123	0.14697	0.85035	0.00039243	0.0022907
124	0.13768	0.85964	0.00036668	0.0023107
125	0.13154	0.86579	0.00034949	0.0023221
126	0.12809	0.86924	0.00033958	0.0023263
127	0.12708	0.87026	0.0003362	0.002324
128	0.12912	0.86822	0.0003409	0.0023135
129	0.13466	0.86269	0.0003548	0.0022939
130	0.14442	0.85293	0.00037973	0.0022632
131	0.15773	0.83963	0.00041392	0.0022232
132	0.1759	0.82147	0.0004608	0.0021706
133	0.2003	0.79708	0.00052391	0.0021018
134	0.23592	0.76147	0.00061605	0.0020039
135	0.28187	0.71552	0.00073492	0.0018793
136	0.34246	0.65493	0.00089171	0.0017168
137	0.42815	0.56925	0.001113	0.0014898
138	0.53826	0.45914	0.0013972	0.0011999
139	0.58105	0.41636	0.0015053	0.0010861
140	0.63659	0.36083	0.0016463	0.00093944
141	0.7084	0.28902	0.001829	0.00075108
142	0.80099	0.19644	0.002065	0.00050945
143	0.92021	0.077226	0.0023692	0.00019966
144	0.96865	0.028788	0.002489	7.4221e-05
145	0.98942	0.0080233	0.0025369	2.0647e-05
146	0.98846	0.0089918	0.0025288	2.3079e-05
147	0.98869	0.0087659	0.0025238	2.2438e-05
148	0.99035	0.0071136	0.0025224	1.8171e-05
149	0.99007	0.0073972	0.0025161	1.8843e-05
150	0.98782	0.0096462	0.0025047	2.4509e-05
151	0.98204	0.015437	0.0024844	3.9137e-05
152	0.9783	0.01918	0.0024693	4.8506e-05
153	0.97673	0.020762	0.0024598	5.2398e-05
154	0.97664	0.020856	0.002454	5.2517e-05
155	0.97845	0.019054	0.0024529	4.7888e-05
156	0.98187	0.015637	0.0024559	3.9224e-05
157	0.98712	0.010389	0.0024634	2.6008e-05
158	0.98895	0.0085688	0.0024623	2.1415e-05
159	0.99212	0.0054035	0.0024646	1.3486e-05
160	0.99018	0.0073473	0.0024542	1.828e-05
161	0.98945	0.0080847	0.0024468	2.0055e-05
162	0.98587	0.011673	0.0024324	2.8852e-05
163	0.98386	0.013688	0.002422	3.3721e-05
164	0.98358	0.013973	0.0024158	3.4332e-05
165	0.98499	0.012568	0.0024137	3.0805e-05
166	0.98404	0.013525	0.0024058	3.3079e-05
167	0.98436	0.013203	0.0024011	3.2214e-05
168	0.98634	0.011236	0.0024003	2.7355e-05
169	0.98976	0.0078195	0.002403	1.8988e-05
170	0.99074	0.0068484	0.0023998	1.6593e-05
171	0.99003	0.0075607	0.0023924	1.8285e-05
172	0.98677	0.010829	0.0023789	2.6128e-05
173	0.98532	0.012285	0.0023698	2.9581e-05
174	0.98549	0.012119	0.0023646	2.9131e-05
175	0.98691	0.010698	0.0023624	2.567e-05
176	0.98601	0.011608	0.0023545	2.7804e-05
177	0.98632	0.011299	0.0023497	2.7014e-05
178	0.98397	0.013661	0.0023384	3.2582e-05
179	0.98298	0.01465	0.0023305	3.4851e-05
180	0.9834	0.014245	0.002326	3.3798e-05
181	0.98113	0.016514	0.0023151	3.9081e-05
182	0.98073	0.016923	0.0023085	3.9962e-05
183	0.97665	0.021011	0.0022934	4.9485e-05
184	0.97476	0.022908	0.0022834	5.3832e-05
185	0.97442	0.023253	0.0022771	5.4514e-05
186	0.97561	0.022067	0.0022744	5.1609e-05
187	0.97344	0.024238	0.0022638	5.6548e-05
188	0.97298	0.024706	0.0022572	5.7492e-05
189	0.97452	0.023173	0.0022553	5.3807e-05
190	0.97785	0.019848	0.0022575	4.598e-05
191	0.97769	0.020013	0.0022516	4.6257e-05
192	0.97909	0.018621	0.0022493	4.2935e-05
193	0.98215	0.015566	0.0022508	3.5799e-05
194	0.98224	0.015481	0.0022455	3.5514e-05
195	0.98404	0.01368	0.0022441	3.132e-05
196	0.98334	0.014394	0.0022368	3.2889e-05
197	0.98401	0.013726	0.0022328	3.1298e-05
198	0.98612	0.011625	0.002232	2.6456e-05
199	0.98562	0.012123	0.0022253	2.7532e-05
200	0.98667	0.011081	0.002222	2.5134e-05
201	0.98902	0.008735	0.0022217	1.9806e-05
202	0.98901	0.0087587	0.0022161	1.9828e-05
203	0.98658	0.01119	0.0022051	2.5261e-05
204	0.98555	0.012227	0.0021972	2.7536e-05
205	0.98095	0.016828	0.0021814	3.7769e-05
206	0.97821	0.019573	0.0021699	4.3802e-05
207	0.97749	0.0203	0.0021628	4.533e-05
208	0.95897	0.038823	0.0021162	8.6351e-05
209	0.91146	0.086343	0.0020058	0.00019128
210	0.87576	0.12204	0.0019221	0.0002695
211	0.79174	0.20608	0.0017323	0.00045381
212	0.72815	0.26966	0.0015885	0.00059211
213	0.68024	0.31758	0.0014798	0.00069531
214	0.56068	0.43715	0.0012159	0.0009538
215	0.47755	0.52029	0.0010321	0.0011321
216	0.41454	0.58331	0.00089309	0.0012657
217	0.3669	0.63094	0.0007881	0.0013652
218	0.3343	0.66355	0.00071586	0.001432
219	0.30947	0.68839	0.00066074	0.0014817
220	0.29083	0.70704	0.0006192	0.0015178
221	0.27721	0.72066	0.00058863	0.0015429
222	0.26949	0.72838	0.0005707	0.0015554
223	0.26548	0.7324	0.00056075	0.00156
224	0.26601	0.73188	0.00056042	0.0015548
225	0.26994	0.72795	0.0005673	0.0015425
226	0.26106	0.73683	0.00054722	0.0015572
227	0.25695	0.74095	0.00053719	0.0015618
228	0.25733	0.74058	0.00053656	0.001557
229	0.20537	0.79254	0.00042675	0.0016614
230	0.16497	0.83295	0.00034164	0.0017411
231	0.13432	0.8636	0.00027728	0.0018
232	0.11283	0.8851	0.00023212	0.0018397
233	0.096258	0.90168	0.00019737	0.0018691
234	0.083904	0.91404	0.00017151	0.0018895
235	0.074558	0.92339	0.00015197	0.0019037
236	0.068728	0.92922	0.00013967	0.0019106
237	0.064746	0.93321	0.00013121	0.0019136
238	0.063186	0.93477	0.0001277	0.0019117
239	0.063049	0.93492	0.0001271	0.0019069
240	0.065017	0.93295	0.00013074	0.0018979
241	0.069471	0.92851	0.00013934	0.0018838
242	0.075852	0.92213	0.00015179	0.0018659
243	0.084838	0.91315	0.00016941	0.0018429
244	0.097103	0.90089	0.00019354	0.0018134
245	0.11493	0.88307	0.00022861	0.0017729
246	0.138	0.86	0.00027398	0.0017221
247	0.14556	0.85245	0.00028823	0.0017024
248	0.15625	0.84177	0.00030862	0.0016766
249	0.17116	0.82686	0.00033731	0.0016425
250	0.19311	0.80491	0.00037966	0.0015947
251	0.22168	0.77635	0.00043486	0.0015341
252	0.25959	0.73845	0.00050818	0.0014554
253	0.3144	0.68364	0.00061411	0.001344
254	0.38493	0.61311	0.0007503	0.0012024
255	0.47562	0.52243	0.00092522	0.0010221
256	0.59492	0.40314	0.0011552	0.00078677
257	0.74821	0.24986	0.0014502	0.00048633
258	0.94515	0.052923	0.0018288	0.00010241
259	0.95126	0.046811	0.0018357	9.0241e-05
260	0.96045	0.037629	0.0018484	7.2182e-05
261	0.97467	0.023419	0.0018707	4.4558e-05
262	0.97979	0.018296	0.0018754	3.4534e-05
263	0.98061	0.017488	0.0018719	3.2793e-05
264	0.98338	0.014723	0.001872	2.7354e-05
265	0.98783	0.010278	0.0018753	1.8741e-05
266	0.98847	0.0096378	0.0018713	1.735e-05
267	0.99041	0.0077106	0.0018698	1.3547e-05
268	0.99019	0.0079321	0.0018644	1.3702e-05
269	0.98695	0.011173	0.0018536	1.9118e-05
270	0.98523	0.012907	0.0018455	2.1816e-05
271	0.9848	0.013342	0.0018399	2.2165e-05
272	0.98119	0.016956	0.0018289	2.786e-05
273	0.97965	0.018496	0.0018215	2.9952e-05
274	0.97964	0.01851	0.0018168	2.9346e-05
275	0.98146	0.016702	0.0018153	2.5521e-05
276	0.98531	0.012858	0.0018174	1.8067e-05
277	0.98568	0.012494	0.0018135	1.6612e-05
278	0.9835	0.014674	0.0018059	1.8882e-05
279	0.9828	0.015385	0.0018006	1.8821e-05
280	0.97895	0.019222	0.0018054	2.6572e-05
281	0.97677	0.021384	0.0018131	3.1409e-05
282	0.96907	0.029068	0.0018107	4.6352e-05
283	0.96381	0.034319	0.0018127	5.6932e-05
284	0.96133	0.036786	0.0018197	6.2481e-05
285	0.96082	0.037283	0.0018304	6.4427e-05
286	0.93823	0.059866	0.0017988	0.00010857
287	0.92287	0.075206	0.0017807	0.00013928
288	0.91294	0.085129	0.0017726	0.00015983
289	0.88707	0.11099	0.0017329	0.00021205
290	0.86809	0.12995	0.0017063	0.00025119
291	0.8542	0.14383	0.0016894	0.00028065
292	0.81621	0.18181	0.001624	0.0003587
293	0.79004	0.20796	0.0015813	0.00041393
294	0.77052	0.22748	0.0015516	0.00045629
295	0.75641	0.24157	0.0015324	0.00048806
296	0.74683	0.25114	0.0015223	0.0005109
297	0.74149	0.25646	0.0015207	0.00052521
298	0.74113	0.25681	0.0015292	0.00052942
299	0.74452	0.25341	0.0015455	0.00052583
300	0.75158	0.24634	0.0015697	0.00051448
301	0.74704	0.25086	0.0015697	0.00052726
302	0.74719	0.2507	0.0015795	0.0005303
303	0.75077	0.24711	0.0015966	0.00052598
304	0.74368	0.25418	0.0015909	0.00054446
305	0.74027	0.25758	0.0015931	0.00055517
306	0.74174	0.2561	0.0016056	0.00055541
307	0.73033	0.2675	0.0015902	0.00058369
308	0.72345	0.27436	0.0015845	0.00060228
309	0.72153	0.27627	0.0015896	0.00061012
310	0.72341	0.27437	0.001603	0.00060956
311	0.72889	0.26888	0.0016246	0.00060089
312	0.74016	0.2576	0.0016593	0.00057912
313	0.73839	0.25936	0.001665	0.00058647
314	0.74128	0.25645	0.001681	0.00058331
315	0.7478	0.24992	0.0017056	0.00057175
316	0.75837	0.23934	0.0017396	0.0005507
317	0.77554	0.22215	0.0017892	0.00051413
318	0.79944	0.19824	0.0018549	0.00046143
319	0.80765	0.19002	0.0018847	0.00044475
320	0.81998	0.17768	0.0019244	0.00041813
321	0.83957	0.15807	0.0019816	0.00037403
322	0.83109	0.16654	0.0019726	0.00039614
323	0.80673	0.19089	0.0019255	0.00045638
324	0.78912	0.20848	0.001894	0.00050099
325	0.77813	0.21946	0.0018779	0.00053018
326	0.77244	0.22514	0.0018744	0.00054682
327	0.77159	0.22598	0.0018824	0.00055184
328	0.77406	0.22349	0.0018987	0.00054869
329	0.78001	0.21753	0.0019236	0.00053685
330	0.79018	0.20735	0.0019593	0.00051435
331	0.80672	0.1908	0.0020111	0.0004757
332	0.83159	0.16591	0.0020842	0.00041575
333	0.86841	0.12907	0.002188	0.0003251
334	0.88163	0.11584	0.002233	0.00029323
335	0.90169	0.095767	0.0022957	0.00024362
336	0.93151	0.06594	0.0023839	0.0001686
337	0.97499	0.022449	0.0025077	5.7797e-05
338	0.97962	0.017798	0.0025326	4.6078e-05
339	0.98729	0.010122	0.0025653	2.6404e-05
340	0.98634	0.011052	0.0025759	2.8993e-05
341	0.9826	0.014779	0.002579	3.899e-05
342	0.98053	0.016837	0.0025865	4.4654e-05
343	0.97417	0.023182	0.0025824	6.1815e-05
344	0.95711	0.040233	0.0025496	0.0001078
345	0.94566	0.051665	0.0025314	0.00013915
346	0.91811	0.079211	0.0024691	0.00021451
347	0.89774	0.099567	0.0024258	0.00027096
348	0.88303	0.11426	0.0023976	0.00031244
349	0.87287	0.1244	0.0023815	0.00034177
350	0.86751	0.12975	0.0023782	0.00035822
351	0.86536	0.13189	0.0023838	0.0003659
352	0.86625	0.13098	0.0023979	0.00036515
353	0.87027	0.12696	0.0024208	0.00035564
354	0.8788	0.11841	0.0024564	0.00033339
355	0.89153	0.10567	0.0025041	0.00029901
356	0.90898	0.088205	0.0025657	0.00025087
357	0.93224	0.064935	0.0026444	0.00018563
358	0.96277	0.034387	0.0027447	9.8783e-05
359	0.96515	0.031993	0.0027647	9.2329e-05
360	0.96963	0.027496	0.0027908	7.9713e-05
361	0.97002	0.027094	0.0028052	7.8893e-05
362	0.97206	0.025046	0.0028243	7.3252e-05
363	0.97586	0.021225	0.0028489	6.234e-05
364	0.9825	0.014574	0.0028817	4.3008e-05
365	0.99194	0.0051216	0.0029232	1.5166e-05
366	0.99249	0.0045555	0.0029384	1.3539e-05
367	0.99431	0.002723	0.0029574	8.1291e-06
368	0.99477	0.0022533	0.0029724	6.7494e-06
369	0.99627	0.00073303	0.0029905	2.2049e-06
370	0.99606	0.0009307	0.0030034	2.812e-06
371	0.99535	0.0016315	0.0030149	4.9474e-06
372	0.99366	0.0033093	0.0030233	1.0083e-05
373	0.99292	0.0040371	0.0030347	1.2353e-05
374	0.99325	0.0036862	0.0030493	1.1336e-05
375	0.99451	0.0024136	0.0030668	7.4582e-06
376	0.99677	0.00013904	0.0030875	4.3217e-07
377	0.99672	0.00017618	0.0031011	5.4933e-07
378	0.99674	0.00014928	0.003115	4.6694e-07
379	0.99622	0.00064899	0.0031271	2.0406e-06
380	0.99529	0.0015719	0.003138	4.9612e-06
381	0.99513	0.0017108	0.0031514	5.4194e-06
382	0.99429	0.0025358	0.0031626	8.068e-06
383	0.99441	0.0024037	0.0031768	7.6864e-06
384	0.99535	0.0014535	0.0031936	4.6702e-06
385	0.99563	0.0011598	0.0032083	3.7487e-06
386	0.99537	0.0014067	0.0032214	4.5685e-06
387	0.99584	0.00091569	0.0032369	2.9907e-06
388	0.99441	0.0023326	0.0032462	7.6406e-06
389	0.99385	0.0028852	0.0032584	9.4878e-06
390	0.99411	0.0026084	0.0032733	8.6117e-06
391	0.99347	0.0032354	0.0032853	1.0727e-05
392	0.99372	0.00297	0.0033002	9.8883e-06
393	0.99502	0.0016582	0.0033186	5.5556e-06
394	0.99541	0.0012506	0.0033341	4.2146e-06
395	0.99341	0.0032356	0.0033414	1.0954e-05
396	0.9924	0.0042304	0.0033521	1.4389e-05
397	0.98966	0.0069635	0.0033569	2.3771e-05
398	0.98821	0.0083932	0.0033662	2.8766e-05
399	0.98343	0.01316	0.003364	4.5246e-05
400	0.98046	0.016115	0.003368	5.5603e-05
401	0.97908	0.017479	0.0033775	6.0535e-05
402	0.97953	0.017017	0.0033932	5.9186e-05
403	0.98186	0.014668	0.0034155	5.1268e-05
404	0.9858	0.010719	0.0034435	3.7663e-05
405	0.9922	0.0043001	0.0034803	1.5294e-05
406	0.99224	0.0042542	0.0034947	1.5249e-05
407	0.99324	0.0032334	0.0035126	1.1735e-05
408	0.99524	0.0012182	0.0035341	4.6399e-06
409	0.99582	0.00063114	0.0035505	2.6568e-06
410	0.99493	0.0015047	0.0035611	6.565e-06
411	0.99279	0.0036233	0.0035661	1.6129e-05
412	0.99189	0.004515	0.0035759	2.0796e-05
413	0.99214	0.004252	0.0035903	2.0914e-05
414	0.99357	0.0027999	0.0036092	1.643e-05
415	0.99139	0.0049865	0.0036004	2.3844e-05
416	0.99029	0.0060834	0.0035958	2.7144e-05
417	0.99043	0.0059448	0.0035959	2.5705e-05
418	0.99183	0.0045543	0.0036008	1.9364e-05
419	0.99184	0.0045362	0.0036	1.875e-05
420	0.99285	0.0035286	0.003603	1.4364e-05
421	0.98941	0.0069769	0.0035892	2.6802e-05
422	0.98731	0.0090761	0.0035804	3.4295e-05
423	0.98643	0.0099583	0.0035761	3.7328e-05
424	0.9829	0.013489	0.003562	5.0052e-05
425	0.98125	0.015134	0.0035548	5.5923e-05
426	0.98136	0.015028	0.0035539	5.5423e-05
427	0.96822	0.028173	0.003505	0.00010305
428	0.95955	0.036848	0.0034722	0.00013448
429	0.95375	0.042647	0.0034499	0.00015541
430	0.95098	0.045413	0.0034386	0.00016536
431	0.95021	0.046189	0.0034345	0.00016807
432	0.95152	0.04488	0.0034381	0.0001632
433	0.95485	0.041547	0.003449	0.00015096
434	0.96119	0.035211	0.0034708	0.00012788
435	0.97128	0.025119	0.0035061	9.1228e-05
436	0.97465	0.021751	0.0035171	7.8951e-05
437	0.97445	0.021958	0.003515	7.9649e-05
438	0.97624	0.020162	0.0035202	7.3125e-05
439	0.97458	0.021827	0.0035129	7.9101e-05
440	0.97483	0.021575	0.0035124	7.8165e-05
441	0.97704	0.019375	0.003519	7.0216e-05
442	0.97619	0.020227	0.0035146	7.328e-05
443	0.97688	0.019529	0.0035158	7.073e-05
444	0.97908	0.017333	0.0035225	6.2763e-05
445	0.97839	0.018026	0.0035187	6.5245e-05
446	0.97919	0.017228	0.0035203	6.2339e-05
447	0.98193	0.014488	0.0035288	5.2453e-05
448	0.97551	0.020906	0.0035044	7.5583e-05
449	0.97177	0.024654	0.0034896	8.9103e-05
450	0.96978	0.026645	0.0034811	9.6261e-05
451	0.96942	0.027004	0.0034786	9.7522e-05
452	0.97067	0.025753	0.0034819	9.2974e-05
453	0.97374	0.022687	0.0034917	8.1883e-05
454	0.9787	0.017728	0.0035085	6.3961e-05
455	0.98587	0.010562	0.0035332	3.8076e-05
456	0.98867	0.0077567	0.0035421	2.795e-05
457	0.98934	0.0070947	0.0035433	2.5554e-05
458	0.99112	0.0053158	0.0035485	1.9141e-05
459	0.99421	0.0022262	0.0035585	8.0126e-06
460	0.99376	0.0026763	0.0035557	9.607e-06
461	0.99427	0.002169	0.0035564	7.7784e-06
462	0.99583	0.00061146	0.0035608	2.1981e-06
463	0.99423	0.002206	0.0035539	7.9144e-06
464	0.99068	0.0057565	0.00354	2.0655e-05
465	0.98854	0.0078964	0.0035312	2.832e-05
466	0.98315	0.013287	0.0035106	4.7653e-05
467	0.9797	0.016746	0.0034971	6.003e-05
468	0.97828	0.018165	0.0034908	6.5121e-05
469	0.97306	0.023381	0.0034709	8.3838e-05
470	0.96979	0.026652	0.003458	9.5559e-05
471	0.96873	0.027721	0.0034529	9.9411e-05
472	0.96312	0.033326	0.0034316	0.00011954
473	0.9472	0.049248	0.0033733	0.00017663
474	0.93576	0.060694	0.0033311	0.00021758
475	0.92866	0.067791	0.0033045	0.00024299
476	0.92447	0.071981	0.0032884	0.00025795
477	0.92288	0.073577	0.0032816	0.0002636
478	0.9243	0.072154	0.0032855	0.00025851
479	0.92811	0.068348	0.003298	0.0002449
480	0.92521	0.071252	0.0032865	0.00025521
481	0.92479	0.071665	0.003284	0.0002566
482	0.92684	0.069619	0.0032904	0.0002492
483	0.9315	0.064961	0.0033061	0.00023245
484	0.92948	0.066983	0.003298	0.0002395
485	0.91993	0.076538	0.0032631	0.00027337
486	0.91352	0.082946	0.0032395	0.00029599
487	0.91068	0.085785	0.0032284	0.00030596
488	0.91122	0.085251	0.0032294	0.00030398
489	0.91441	0.082056	0.0032398	0.00029249
490	0.92141	0.075057	0.0032637	0.00026755
491	0.93166	0.064805	0.0032992	0.00023101
492	0.94618	0.050289	0.0033499	0.00017928
493	0.92997	0.066504	0.0032914	0.00023679
494	0.91955	0.076918	0.0032533	0.00027372
495	0.91358	0.082898	0.003231	0.00029494
496	0.91029	0.086185	0.0032184	0.00030655
497	0.91041	0.086069	0.0032177	0.00030612
498	0.91297	0.083502	0.0032258	0.00029698
499	0.9088	0.087681	0.0032099	0.0003118
500	0.90797	0.08851	0.0032058	0.00031476
501	0.90979	0.086693	0.0032111	0.00030831
502	0.88465	0.11183	0.0031207	0.00039763
503	0.86577	0.13071	0.0030527	0.00046459
504	0.8535	0.14298	0.003008	0.00050812
505	0.81987	0.17661	0.0028877	0.00062732
506	0.795	0.20149	0.0027987	0.0007153
507	0.7765	0.21998	0.0027324	0.00078054
508	0.72762	0.26887	0.0025585	0.00095343
509	0.69367	0.30282	0.0024373	0.0010735
510	0.668	0.32849	0.0023457	0.0011641
511	0.64899	0.3475	0.0022778	0.0012309
512	0.6359	0.36059	0.0022309	0.0012768
513	0.62913	0.36736	0.0022062	0.0013004
514	0.62623	0.37027	0.0021953	0.0013103
515	0.62699	0.36951	0.0021973	0.0013073
516	0.63315	0.36335	0.0022183	0.0012853
517	0.64391	0.35258	0.0022555	0.0012471
518	0.66164	0.33485	0.0023171	0.0011845
519	0.68896	0.30754	0.0024122	0.0010883
520	0.67842	0.31808	0.0023742	0.0011252
521	0.67344	0.32306	0.0023558	0.0011426
522	0.67214	0.32436	0.0023504	0.001147
523	0.67443	0.32207	0.0023577	0.0011387
524	0.68047	0.31603	0.0023782	0.0011172
525	0.69102	0.30549	0.0024147	0.0010798
526	0.68973	0.30678	0.0024096	0.0010839
527	0.69353	0.30297	0.0024223	0.0010703
528	0.70153	0.29497	0.0024498	0.0010418
529	0.69657	0.29994	0.0024319	0.0010588
530	0.69523	0.30128	0.0024267	0.0010631
531	0.69873	0.29778	0.0024385	0.0010504
532	0.70638	0.29013	0.0024649	0.0010231
533	0.72006	0.27645	0.0025124	0.00097476
534	0.73916	0.25736	0.0025789	0.00090731
535	0.76819	0.22832	0.0026802	0.00080507
536	0.80633	0.19019	0.0028136	0.00067078
537	0.85597	0.14055	0.0029876	0.00049595
538	0.92024	0.07628	0.0032132	0.0002695
539	0.94175	0.054765	0.0032883	0.00019359
540	0.94051	0.056013	0.0032831	0.00019788
541	0.93191	0.06461	0.0032523	0.0002279
542	0.92722	0.069301	0.0032351	0.00024427
543	0.92569	0.070834	0.0032289	0.00024959
544	0.91696	0.079558	0.0031974	0.00028018
545	0.91151	0.085018	0.0031775	0.00029926
546	0.9089	0.087622	0.0031676	0.0003083
547	0.89638	0.10015	0.003123	0.00035201
548	0.88897	0.10756	0.0030964	0.00037785
549	0.88571	0.11082	0.0030841	0.00038922
550	0.8708	0.12573	0.0030312	0.00044129
551	0.86054	0.13599	0.0029947	0.00047703
552	0.85518	0.14135	0.0029752	0.00049568
553	0.85286	0.14367	0.0029664	0.00050365
554	0.83906	0.15747	0.0029176	0.00055164
555	0.82984	0.1667	0.0028849	0.00058361
556	0.80248	0.19405	0.0027892	0.00067855
557	0.78253	0.214	0.0027194	0.00074762
558	0.76848	0.22805	0.0026703	0.0007961
559	0.72823	0.2683	0.0025301	0.00093554
560	0.70106	0.29548	0.0024352	0.0010297
561	0.683	0.31353	0.002372	0.0010922
562	0.67193	0.32461	0.0023329	0.0011305
563	0.6651	0.33144	0.0023087	0.0011539
564	0.66363	0.3329	0.0023031	0.0011587
565	0.60224	0.3943	0.0020895	0.0013716
566	0.55929	0.43725	0.0019398	0.0015205
567	0.52727	0.46927	0.0018283	0.0016312
568	0.44869	0.54785	0.0015551	0.0019036
569	0.39427	0.60227	0.0013657	0.0020923
570	0.35688	0.63967	0.0012353	0.0022219
571	0.3316	0.66494	0.001147	0.0023093
572	0.31265	0.68389	0.0010808	0.0023747
573	0.30059	0.69595	0.0010385	0.0024162
574	0.2929	0.70364	0.0010115	0.0024424
575	0.28999	0.70656	0.0010009	0.0024521
576	0.29024	0.70631	0.0010014	0.0024508
577	0.29524	0.70131	0.0010182	0.0024331
578	0.30417	0.69238	0.0010487	0.0024018
579	0.29929	0.69726	0.0010315	0.0024183
580	0.29918	0.69737	0.0010307	0.0024182
581	0.30261	0.69394	0.0010422	0.0024059
582	0.30947	0.68708	0.0010657	0.0023817
583	0.32062	0.67594	0.0011039	0.0023427
584	0.3388	0.65775	0.0011664	0.0022794
585	0.36316	0.6334	0.0012503	0.0021948
586	0.39521	0.60134	0.0013609	0.0020834
587	0.43699	0.55956	0.0015052	0.0019384
588	0.49767	0.49889	0.0017145	0.0017283
589	0.51893	0.47763	0.0017877	0.0016543
590	0.54737	0.44919	0.0018859	0.0015555
591	0.58478	0.41178	0.0020152	0.0014255
592	0.63352	0.36304	0.0021839	0.0012561
593	0.70297	0.29359	0.0024241	0.0010152
594	0.8031	0.19346	0.0027701	0.00066843
595	0.84255	0.15402	0.0029062	0.00053166
596	0.89382	0.10274	0.0030834	0.00035378
597	0.96171	0.034855	0.0033184	0.00011808
598	0.96837	0.028194	0.003341	9.4868e-05
599	0.96351	0.033053	0.0033226	0.0001117
600	0.96134	0.035226	0.0033134	0.0001193
601	0.95356	0.043012	0.0032848	0.00014624
602	0.94922	0.047349	0.0032681	0.0001613
603	0.94704	0.049533	0.0032588	0.00016891
604	0.91496	0.081618	0.0031463	0.00027977
605	0.89323	0.10335	0.0030696	0.00035484
606	0.87747	0.11911	0.0030136	0.00040915
607	0.8675	0.12908	0.0029776	0.0004435
608	0.86105	0.13553	0.0029538	0.00046565
609	0.85795	0.13863	0.0029416	0.0004762
610	0.84234	0.15425	0.0028865	0.0005297
611	0.83291	0.16368	0.0028526	0.00056197
612	0.82708	0.16951	0.0028312	0.00058179
613	0.82554	0.17105	0.0028245	0.00058691
614	0.81176	0.18483	0.0027758	0.00063398
615	0.8023	0.19429	0.0027421	0.00066612
616	0.79657	0.20002	0.0027212	0.00068542
617	0.79449	0.2021	0.0027129	0.00069218
618	0.78068	0.21591	0.0026645	0.00073906
619	0.77165	0.22495	0.0026325	0.00076954
620	0.76762	0.22898	0.0026175	0.00078292
621	0.76814	0.22846	0.002618	0.00078084
622	0.75544	0.24116	0.0025735	0.00082378
623	0.74741	0.2492	0.002545	0.00085073
624	0.74436	0.25225	0.0025335	0.00086071
625	0.74594	0.25067	0.0025377	0.00085497
626	0.75102	0.24559	0.0025538	0.00083725
627	0.75994	0.23667	0.0025831	0.00080644
628	0.77534	0.22128	0.0026343	0.00075366
629	0.79699	0.19962	0.0027069	0.00067953
630	0.82883	0.16778	0.002814	0.00057092
631	0.87465	0.12197	0.0029683	0.00041508
632	0.89199	0.10463	0.0030258	0.00035595
633	0.91574	0.080879	0.0031053	0.00027499
634	0.92435	0.072267	0.0031332	0.00024552
635	0.93792	0.0587	0.0031779	0.00019929
636	0.95806	0.038563	0.0032448	0.00013085
637	0.98767	0.0089539	0.0033436	3.0463e-05
638	0.99098	0.005648	0.0033533	1.9243e-05
639	0.99199	0.0046423	0.0033552	1.5825e-05
640	0.98811	0.0085162	0.0033405	2.9002e-05
641	0.9857	0.010931	0.0033307	3.7203e-05
642	0.98467	0.011963	0.0033257	4.0695e-05
643	0.98008	0.016557	0.0033087	5.6247e-05
644	0.97722	0.019415	0.0032976	6.5891e-05
645	0.97639	0.020244	0.0032934	6.8684e-05
646	0.97192	0.024723	0.0032768	8.3805e-05
647	0.96929	0.027348	0.0032665	9.2626e-05
648	0.9689	0.027741	0.0032638	9.3928e-05
649	0.96359	0.033057	0.0032445	0.00011183
650	0.96094	0.035705	0.0032341	0.00012074
651	0.96013	0.036519	0.00323	0.00012343
652	0.96123	0.035419	0.0032324	0.00011965
653	0.96477	0.031882	0.0032429	0.00010769
654	0.97044	0.026214	0.0032606	8.8536e-05
655	0.96482	0.031836	0.0032404	0.00010739
656	0.9619	0.034756	0.0032292	0.00011716
657	0.96082	0.035835	0.0032243	0.00012072
658	0.96213	0.034529	0.0032274	0.00011628
659	0.96544	0.031221	0.0032372	0.0001051
660	0.97083	0.025834	0.003254	8.691e-05
661	0.97155	0.025109	0.0032552	8.439e-05
662	0.97439	0.022273	0.0032634	7.4803e-05
663	0.97967	0.016988	0.0032798	5.7028e-05
664	0.98083	0.015838	0.0032824	5.3121e-05
665	0.98393	0.012737	0.0032914	4.2694e-05
666	0.98929	0.0073817	0.003308	2.475e-05
667	0.99109	0.0055796	0.0033127	1.8699e-05
668	0.99114	0.0055269	0.0033115	1.85e-05
669	0.99224	0.0044269	0.0033139	1.4791e-05
670	0.98856	0.0081149	0.0033003	2.7063e-05
671	0.98662	0.010056	0.0032925	3.3517e-05
672	0.98624	0.010431	0.0032898	3.4753e-05
673	0.98309	0.013582	0.0032779	4.5256e-05
674	0.98183	0.014848	0.0032723	4.9478e-05
675	0.98197	0.014706	0.0032713	4.8991e-05
676	0.98387	0.012809	0.0032762	4.2674e-05
677	0.98725	0.0094337	0.003286	3.1427e-05
678	0.98785	0.0088367	0.0032866	2.9423e-05
679	0.98998	0.0067029	0.0032923	2.232e-05
680	0.99347	0.0032211	0.0033025	1.0727e-05
681	0.99494	0.0017491	0.003306	5.8356e-06
682	0.99376	0.0029302	0.0033006	9.7715e-06
683	0.99349	0.0032011	0.0032984	1.0671e-05
684	0.99411	0.0025823	0.0032991	8.6071e-06
685	0.99377	0.0029222	0.0032966	9.7287e-06
686	0.99442	0.0022791	0.0032974	7.5914e-06
687	0.99428	0.0024204	0.0032957	8.0591e-06
688	0.99307	0.0036241	0.0032904	1.2051e-05
689	0.98964	0.0070563	0.0032777	2.3422e-05
690	0.98764	0.0090626	0.0032699	3.0046e-05
691	0.98186	0.014842	0.0032496	4.912e-05
692	0.97857	0.018135	0.0032375	5.9983e-05
693	0.97686	0.019847	0.0032306	6.5596e-05
694	0.977	0.019702	0.0032299	6.5078e-05
695	0.97902	0.017681	0.0032353	5.838e-05
696	0.98326	0.01345	0.003248	4.4407e-05
697	0.984	0.012705	0.0032492	4.1928e-05
698	0.98643	0.010278	0.003256	3.3915e-05
699	0.99092	0.0057927	0.0032694	1.914e-05
700	0.9897	0.0070158	0.0032641	2.3183e-05
701	0.98977	0.0069405	0.003263	2.2947e-05
702	0.98808	0.0086385	0.003256	2.8582e-05
703	0.98754	0.0091734	0.0032529	3.0362e-05
704	0.98814	0.008579	0.0032536	2.8406e-05
705	0.9899	0.0068177	0.0032581	2.2595e-05
706	0.98556	0.011158	0.0032425	3.693e-05
707	0.98282	0.013904	0.0032323	4.5979e-05
708	0.9815	0.015228	0.0032267	5.0324e-05
709	0.97609	0.020631	0.0032078	6.8079e-05
710	0.97313	0.023595	0.0031969	7.7816e-05
711	0.97193	0.024799	0.0031918	8.1739e-05
712	0.96607	0.030662	0.0031713	0.000101
713	0.9625	0.034233	0.0031585	0.00011269
714	0.96134	0.035387	0.0031535	0.00011645
715	0.95515	0.041582	0.0031319	0.0001368
716	0.95128	0.045451	0.0031181	0.00014947
717	0.94964	0.047092	0.0031116	0.00015478
718	0.94036	0.056374	0.0030801	0.00018512
719	0.93489	0.061846	0.003061	0.00020298
720	0.9327	0.064033	0.0030527	0.0002101
721	0.93352	0.063219	0.0030542	0.0002074
722	0.93675	0.059993	0.0030636	0.00019678
723	0.94263	0.054112	0.0030818	0.00017745
724	0.95261	0.044135	0.0031133	0.00014476
725	0.96627	0.030469	0.0031569	9.9977e-05
726	0.97094	0.025804	0.0031711	8.4658e-05
727	0.97109	0.025658	0.0031705	8.4124e-05
728	0.9733	0.023445	0.0031766	7.6851e-05
729	0.97728	0.019466	0.0031885	6.3786e-05
730	0.98397	0.012782	0.0032092	4.1911e-05
731	0.98228	0.014475	0.0032025	4.7448e-05
732	0.982	0.014748	0.0032005	4.8328e-05
733	0.98313	0.013621	0.0032031	4.4625e-05
734	0.98148	0.015278	0.0031966	5.0002e-05
735	0.98126	0.015493	0.0031949	5.0661e-05
736	0.97813	0.018626	0.0031837	6.0808e-05
737	0.97704	0.019715	0.0031791	6.4312e-05
738	0.97785	0.018903	0.0031807	6.1639e-05
739	0.98016	0.016599	0.0031871	5.4092e-05
740	0.98462	0.012143	0.0032006	3.9567e-05
741	0.99188	0.0048762	0.0032231	1.593e-05
742	0.98894	0.0078269	0.0032124	2.5547e-05
743	0.98735	0.0094119	0.0032061	3.0701e-05
744	0.98701	0.0097503	0.003204	3.1786e-05
745	0.98816	0.0086045	0.0032067	2.8057e-05
746	0.98742	0.0093414	0.0032032	3.0466e-05
747	0.98789	0.0088758	0.0032036	2.8955e-05
748	0.97944	0.01733	0.0031751	5.6448e-05
749	0.9736	0.023167	0.0031551	7.5389e-05
750	0.97044	0.026326	0.0031438	8.5643e-05
751	0.96901	0.027763	0.0031381	9.0288e-05
752	0.96966	0.027117	0.0031392	8.8188e-05
753	0.97196	0.024809	0.0031457	8.0684e-05
754	0.97622	0.020554	0.0031585	6.685e-05
755	0.98257	0.014205	0.0031782	4.6209e-05
756	0.99142	0.0053606	0.003206	1.7454e-05
757	0.9888	0.0079777	0.0031965	2.5938e-05
758	0.98743	0.0093464	0.0031911	3.0362e-05
759	0.98754	0.009238	0.0031905	3.0013e-05
760	0.98914	0.0076383	0.0031947	2.485e-05
761	0.98867	0.0081137	0.0031921	2.6405e-05
762	0.98934	0.0074382	0.0031933	2.4224e-05
763	0.9831	0.013687	0.0031721	4.4498e-05
764	0.93375	0.063036	0.0030109	0.00020474
765	0.89573	0.10105	0.0028868	0.00032797
766	0.86666	0.13013	0.0027918	0.00042206
767	0.84685	0.14993	0.0027268	0.00048614
768	0.79457	0.20222	0.0025568	0.00065519
769	0.75877	0.23802	0.0024401	0.00077098
770	0.73159	0.2652	0.0023515	0.00085869
771	0.66628	0.33051	0.0021394	0.0010698
772	0.62051	0.37628	0.0019905	0.0012178
773	0.58547	0.41132	0.0018765	0.0013308
774	0.55962	0.43717	0.0017924	0.001414
775	0.54303	0.45376	0.0017382	0.0014673
776	0.53152	0.46527	0.0017005	0.0015041
777	0.52438	0.47242	0.0016769	0.0015268
778	0.52149	0.47531	0.001667	0.0015357
779	0.52393	0.47286	0.0016743	0.0015275
780	0.53023	0.46657	0.0016939	0.001507
781	0.5425	0.4543	0.0017327	0.0014674
782	0.53986	0.45694	0.0017236	0.0014755
783	0.54255	0.45425	0.0017316	0.0014666
784	0.54912	0.44768	0.0017521	0.0014453
785	0.56206	0.43474	0.0017929	0.0014036
786	0.58091	0.41589	0.0018526	0.0013429
787	0.58363	0.41317	0.0018608	0.0013339
788	0.59174	0.40506	0.0018861	0.0013077
789	0.60436	0.39245	0.0019259	0.0012669
790	0.6245	0.3723	0.0019897	0.0012022
791	0.6516	0.34521	0.0020758	0.0011153
792	0.65861	0.3382	0.0020976	0.0010926
793	0.65248	0.34433	0.0020774	0.001112
794	0.65013	0.34668	0.0020693	0.0011192
795	0.65174	0.34507	0.002074	0.0011137
796	0.64112	0.35569	0.0020394	0.0011475
797	0.63473	0.36208	0.0020185	0.0011676
798	0.63249	0.36432	0.0020109	0.0011744
799	0.63424	0.36257	0.0020162	0.0011684
800	0.6412	0.35562	0.002038	0.0011458
801	0.65452	0.34229	0.0020801	0.0011028
802	0.65335	0.34347	0.0020759	0.0011063
803	0.65714	0.33968	0.0020875	0.0010938
804	0.66484	0.33198	0.0021116	0.0010689
805	0.67691	0.31991	0.0021498	0.0010299
806	0.69627	0.30055	0.0022112	0.00096777
807	0.72575	0.27107	0.0023048	0.00087337
808	0.73633	0.26049	0.0023381	0.00083932
809	0.75398	0.24285	0.0023938	0.0007828
810	0.77787	0.21895	0.0024695	0.00070626
811	0.78419	0.21264	0.002489	0.00068593
812	0.7959	0.20093	0.0025258	0.00064839
813	0.81291	0.18392	0.0025795	0.00059388
814	0.81652	0.18031	0.0025904	0.00058221
815	0.82352	0.17331	0.0026123	0.00055964
816	0.83436	0.16247	0.0026464	0.00052477
817	0.83436	0.16247	0.0026459	0.00052461
818	0.83845	0.15838	0.0026584	0.00051138
819	0.84618	0.15065	0.0026826	0.00048648
820	0.84491	0.15192	0.0026779	0.00049044
821	0.84658	0.15025	0.0026827	0.00048496
822	0.85157	0.14526	0.0026982	0.00046884
823	0.84724	0.1496	0.0026839	0.00048252
824	0.84691	0.14993	0.0026823	0.00048343
825	0.84978	0.14706	0.002691	0.0004741
826	0.84367	0.15316	0.0026709	0.00049347
827	0.84177	0.15507	0.0026642	0.00049948
828	0.84308	0.15376	0.0026678	0.0004952
829	0.83339	0.16345	0.0026364	0.00052599
830	0.82763	0.16921	0.0026176	0.00054421
831	0.82536	0.17148	0.0026099	0.00055126
832	0.81092	0.18592	0.0025636	0.00059696
833	0.80256	0.19428	0.0025366	0.00062342
834	0.79808	0.19876	0.002522	0.00063745
835	0.78037	0.21647	0.0024652	0.0006936
836	0.76773	0.22911	0.0024247	0.00073357
837	0.76073	0.23611	0.002402	0.00075566
838	0.68106	0.31578	0.0021481	0.0010089
839	0.62599	0.37085	0.0019724	0.001184
840	0.5836	0.41324	0.0018372	0.0013186
841	0.55121	0.44563	0.001734	0.0014212
842	0.52744	0.4694	0.0016582	0.0014963
843	0.5105	0.48634	0.0016043	0.0015497
844	0.46682	0.53003	0.0014655	0.0016878
845	0.43717	0.55968	0.0013712	0.0017816
846	0.41486	0.58199	0.0013002	0.001852
847	0.39897	0.59787	0.0012496	0.0019019
848	0.38956	0.60729	0.0012195	0.0019315
849	0.38443	0.61242	0.001203	0.0019474
850	0.38321	0.61364	0.0011988	0.001951
851	0.3858	0.61105	0.0012068	0.0019425
852	0.39239	0.60446	0.0012274	0.0019214
853	0.40512	0.59173	0.0012673	0.0018809
854	0.423	0.57385	0.0013234	0.0018242
855	0.42463	0.57223	0.0013284	0.0018188
856	0.43027	0.56658	0.0013461	0.0018006
857	0.44197	0.55489	0.0013828	0.0017634
858	0.4592	0.53766	0.001437	0.0017087
859	0.48581	0.51104	0.0015207	0.0016245
860	0.52177	0.47509	0.0016339	0.0015107
861	0.56977	0.42709	0.0017854	0.0013587
862	0.58857	0.40828	0.0018445	0.0012992
863	0.5906	0.40626	0.0018506	0.0012925
864	0.59645	0.40041	0.0018688	0.0012738
865	0.60689	0.38997	0.0019017	0.0012405
866	0.62223	0.37463	0.0019501	0.0011917
867	0.64342	0.35344	0.0020171	0.0011243
868	0.67181	0.32504	0.002107	0.001034
869	0.71307	0.28379	0.0022375	0.00090305
870	0.77314	0.22372	0.0024274	0.00071275
871	0.79786	0.199	0.0025051	0.00063451
872	0.83051	0.16635	0.0026081	0.00053108
873	0.8419	0.15496	0.0026438	0.00049493
874	0.85834	0.13852	0.0026957	0.00044271
875	0.88287	0.11399	0.002773	0.00036497
876	0.91514	0.081719	0.0028749	0.00026263
877	0.91541	0.081449	0.0028754	0.00026178
878	0.91809	0.078768	0.0028836	0.00025326
879	0.88881	0.10805	0.0027902	0.0003463
880	0.8688	0.12807	0.0027262	0.00040997
881	0.85406	0.14281	0.002679	0.00045681
882	0.84366	0.1532	0.0026457	0.00048979
883	0.83725	0.15962	0.0026251	0.00051011
884	0.83408	0.16279	0.0026148	0.00052014
885	0.8342	0.16267	0.0026149	0.00051973
886	0.83735	0.15951	0.0026248	0.00050967
887	0.84375	0.15311	0.0026449	0.00048933
888	0.84005	0.15682	0.0026331	0.00050093
889	0.83962	0.15724	0.0026317	0.00050214
890	0.84219	0.15468	0.0026398	0.00049387
891	0.8479	0.14896	0.002658	0.00047559
892	0.85847	0.1384	0.0026915	0.00044199
893	0.85863	0.13824	0.002692	0.00044133
894	0.86192	0.13495	0.0027025	0.00043075
895	0.85688	0.13998	0.0026867	0.00044645
896	0.8551	0.14177	0.0026812	0.00045185
897	0.85717	0.1397	0.0026879	0.00044513
898	0.86333	0.13353	0.0027074	0.00042549
899	0.873	0.12387	0.0027381	0.00039473
900	0.88715	0.10972	0.0027831	0.00034967
901	0.89036	0.10651	0.0027934	0.00033933
902	0.89749	0.099373	0.0028161	0.00031657
903	0.90966	0.087207	0.0028546	0.00027792
904	0.91177	0.085101	0.0028614	0.00027114
905	0.91645	0.080415	0.0028763	0.00025616
906	0.92506	0.071803	0.0029036	0.00022878
907	0.92594	0.070924	0.0029065	0.00022588
908	0.92993	0.06694	0.0029191	0.00021319
909	0.93655	0.060319	0.0029401	0.00019212
910	0.9465	0.050371	0.0029718	0.00016047
911	0.96017	0.036695	0.0030153	0.00011695
912	0.97844	0.01843	0.0030735	5.8776e-05
913	0.97372	0.023145	0.0030588	7.3561e-05
914	0.971	0.025871	0.0030503	8.2068e-05
915	0.97039	0.026478	0.0030485	8.3916e-05
916	0.97183	0.025037	0.0030532	7.9322e-05
917	0.97509	0.021774	0.0030636	6.8957e-05
918	0.98103	0.015839	0.0030824	5.0172e-05
919	0.98254	0.014322	0.0030873	4.5344e-05
920	0.98552	0.011346	0.0030968	3.5896e-05
921	0.99077	0.0060986	0.0031135	1.929e-05
922	0.99267	0.0041975	0.0031196	1.3258e-05
923	0.99306	0.0038081	0.0031209	1.2012e-05
924	0.99462	0.0022438	0.0031258	7.0736e-06
925	0.99518	0.0016869	0.0031276	5.3179e-06
926	0.99656	0.00031044	0.0031319	9.7832e-07
927	0.99668	0.00018628	0.0031323	5.8821e-07
928	0.99462	0.0022521	0.0031258	7.0993e-06
929	0.99351	0.003359	0.0031224	1.0586e-05
930	0.99329	0.0035768	0.0031217	1.1269e-05
931	0.99182	0.0050469	0.0031171	1.5904e-05
932	0.99136	0.0055118	0.0031157	1.7367e-05
933	0.99192	0.00495	0.0031176	1.5593e-05
934	0.99355	0.0033191	0.0031229	1.0445e-05
935	0.99388	0.0029906	0.003124	9.4053e-06
936	0.99325	0.003617	0.0031221	1.1374e-05
937	0.99124	0.0056271	0.0031158	1.7702e-05
938	0.99032	0.0065473	0.003113	2.0593e-05
939	0.99069	0.0061724	0.0031142	1.9421e-05
940	0.98946	0.007404	0.0031103	2.3313e-05
941	0.98931	0.0075527	0.0031098	2.3788e-05
942	0.9903	0.0065665	0.003113	2.0683e-05
943	0.98951	0.0073598	0.0031106	2.3168e-05
944	0.99005	0.0068118	0.0031123	2.1444e-05
945	0.99202	0.0048506	0.0031185	1.5285e-05
946	0.99219	0.0046748	0.0031191	1.4735e-05
947	0.99333	0.0035398	0.0031228	1.1158e-05
948	0.99549	0.0013739	0.0031297	4.3287e-06
949	0.99643	0.00043367	0.0031327	1.3684e-06
950	0.99623	0.00063692	0.0031322	2.0085e-06
951	0.99667	0.00019949	0.0031337	6.3017e-07
952	0.99646	0.00040862	0.0031332	1.2898e-06
953	0.99604	0.00082713	0.003132	2.6097e-06
954	0.99505	0.0018202	0.0031291	5.7383e-06
955	0.99483	0.0020317	0.0031286	6.4033e-06
956	0.99539	0.0014751	0.0031306	4.6462e-06
957	0.99538	0.0014876	0.0031308	4.6856e-06
958	0.99477	0.0020992	0.003129	6.6164e-06
959	0.99291	0.0039492	0.0031233	1.2461e-05
960	0.99212	0.0047485	0.003121	1.4986e-05
961	0.98926	0.0076086	0.0031122	2.3999e-05
962	0.98795	0.008911	0.0031083	2.8116e-05
963	0.98805	0.0088104	0.0031087	2.7823e-05
964	0.97908	0.017786	0.0030804	5.6231e-05
965	0.97266	0.024203	0.0030603	7.653e-05
966	0.9684	0.028466	0.003047	9.0008e-05
967	0.96602	0.030845	0.0030397	9.7522e-05
968	0.95529	0.041576	0.003006	0.00013143
969	0.94788	0.048979	0.0029828	0.00015481
970	0.94325	0.053612	0.0029684	0.00016941
