#coord	neutral	conserved	gBGC.neutral	gBGC.conserved
1	0.85275	0.14722	2.7647e-05	5.6244e-06
2	0.86098	0.13899	2.7499e-05	5.2898e-06
3	0.87347	0.12649	2.754e-05	4.8077e-06
4	0.89263	0.10734	2.7753e-05	4.135e-06
5	0.92073	0.079238	2.8185e-05	3.2207e-06
6	0.96182	0.03815	2.8926e-05	1.9747e-06
7	0.97783	0.022138	2.8053e-05	1.1533e-06
8	0.9778	0.022172	2.6578e-05	1.0734e-06
9	0.97939	0.020582	2.5284e-05	9.4002e-07
10	0.9826	0.01737	2.4145e-05	7.5875e-07
11	0.98235	0.017626	2.2982e-05	7.095e-07
12	0.98359	0.016391	2.1962e-05	6.1755e-07
13	0.98673	0.013246	2.0941e-05	4.8111e-07
14	0.98679	0.013194	1.9906e-05	4.4452e-07
15	0.9882	0.011777	1.8993e-05	3.7512e-07
16	0.98707	0.012911	1.8095e-05	3.7258e-07
17	0.9872	0.012778	1.7293e-05	3.4171e-07
18	0.98869	0.011288	1.6588e-05	2.8297e-07
19	0.99156	0.0084241	1.5967e-05	1.9827e-07
20	0.99656	0.0034268	1.5347e-05	7.9741e-08
21	0.99617	0.0038107	1.4672e-05	7.8748e-08
22	0.99443	0.0055516	1.3944e-05	1.0101e-07
23	0.99375	0.0062357	1.3288e-05	1.0496e-07
24	0.9908	0.0091906	1.2656e-05	1.389e-07
25	0.98925	0.010736	1.2097e-05	1.5034e-07
26	0.98893	0.01106	1.1598e-05	1.4453e-07
27	0.99016	0.0098285	1.1091e-05	1.2138e-07
28	0.99311	0.00688	1.0576e-05	8.1678e-08
29	0.99771	0.0022833	1.0124e-05	2.6072e-08
30	0.99978	0.0002102	9.6162e-06	3.4886e-09
31	0.99953	0.00046592	8.4025e-06	4.8707e-09
32	0.99904	0.00095315	7.2873e-06	7.6568e-09
33	0.99924	0.0007524	6.2694e-06	4.9001e-09
34	0.99749	0.0025039	5.3252e-06	1.2452e-08
35	0.99683	0.0031684	4.3496e-06	1.2379e-08
36	0.99705	0.0029417	3.4583e-06	8.026e-09
37	0.99632	0.0036775	3.3267e-06	1.1267e-08
38	0.99647	0.0035274	3.2089e-06	1.1265e-08
39	0.9953	0.0046981	3.098e-06	1.5372e-08
40	0.99514	0.0048563	3.001e-06	1.5859e-08
41	0.99316	0.0068333	2.9105e-06	2.1682e-08
42	0.99238	0.0076177	2.8328e-06	2.3417e-08
43	0.99273	0.0072685	2.7667e-06	2.1584e-08
44	0.99135	0.0086443	2.69e-06	2.4882e-08
45	0.99118	0.0088159	2.6248e-06	2.4508e-08
46	0.99206	0.0079374	2.5613e-06	2.136e-08
47	0.99422	0.0057784	2.5e-06	1.5045e-08
48	0.99448	0.0055136	2.4326e-06	1.3837e-08
49	0.9957	0.0043022	2.3664e-06	1.0394e-08
50	0.99532	0.0046744	2.2953e-06	1.0837e-08
51	0.99598	0.0040162	2.2256e-06	8.9181e-09
52	0.99533	0.0046691	2.1604e-06	9.7818e-09
53	0.99566	0.0043379	2.1043e-06	8.3794e-09
54	0.9972	0.002797	2.0456e-06	4.6704e-09
55	0.99539	0.0046127	2.1163e-06	9.9072e-09
56	0.99484	0.0051591	2.1841e-06	1.2614e-08
57	0.99525	0.0047444	2.2611e-06	1.3035e-08
58	0.99433	0.0056703	2.329e-06	1.7352e-08
59	0.98286	0.017139	2.354e-06	5.8882e-08
60	0.97544	0.024556	2.3847e-06	8.9504e-08
61	0.95655	0.043447	2.3123e-06	1.3149e-07
62	0.94277	0.057231	2.2594e-06	1.5945e-07
63	0.93388	0.066121	2.2137e-06	1.7624e-07
64	0.92898	0.071022	2.1729e-06	1.838e-07
65	0.92742	0.072576	2.1355e-06	1.8357e-07
66	0.92816	0.071841	2.1088e-06	1.775e-07
67	0.932	0.067996	2.085e-06	1.6456e-07
68	0.93848	0.06152	2.0723e-06	1.4526e-07
69	0.94934	0.050653	2.0645e-06	1.1684e-07
70	0.95268	0.047315	2.0338e-06	1.0695e-07
71	0.95929	0.040708	2.0048e-06	9.0765e-08
72	0.97003	0.029966	1.9787e-06	6.7251e-08
73	0.96693	0.033066	1.9312e-06	7.2555e-08
74	0.96617	0.033827	1.8843e-06	7.3073e-08
75	0.96715	0.032848	1.8461e-06	6.982e-08
76	0.95057	0.049433	1.7863e-06	1.008e-07
77	0.93954	0.060456	1.7336e-06	1.2082e-07
78	0.93181	0.068185	1.6926e-06	1.3339e-07
79	0.91172	0.088275	1.6243e-06	1.6934e-07
80	0.86141	0.13859	1.5086e-06	2.5742e-07
81	0.82363	0.17637	1.4242e-06	3.1857e-07
82	0.72798	0.27202	1.2526e-06	4.7101e-07
83	0.66052	0.33948	1.1248e-06	5.765e-07
84	0.60962	0.39038	1.033e-06	6.4967e-07
85	0.57425	0.42575	9.6374e-07	6.9739e-07
86	0.55019	0.44981	9.1067e-07	7.2595e-07
87	0.53494	0.46506	8.6979e-07	7.3926e-07
88	0.52499	0.47501	8.4169e-07	7.4323e-07
89	0.52068	0.47932	8.2025e-07	7.3771e-07
90	0.52175	0.47824	8.046e-07	7.234e-07
91	0.47118	0.52881	7.0452e-07	7.9027e-07
92	0.43226	0.56774	6.3007e-07	8.3442e-07
93	0.406	0.594	5.7394e-07	8.5743e-07
94	0.38694	0.61306	5.3336e-07	8.6802e-07
95	0.37366	0.62634	5.0465e-07	8.6967e-07
96	0.36657	0.63343	4.8295e-07	8.6168e-07
97	0.36348	0.63652	4.6919e-07	8.4857e-07
98	0.36541	0.63459	4.6012e-07	8.282e-07
99	0.37262	0.62738	4.555e-07	8.0077e-07
100	0.38395	0.61605	4.5736e-07	7.6929e-07
101	0.40221	0.59778	4.6447e-07	7.3006e-07
102	0.42959	0.57041	4.7796e-07	6.8191e-07
103	0.46555	0.53445	5.0135e-07	6.2637e-07
104	0.51807	0.48193	5.359e-07	5.5694e-07
105	0.58594	0.41405	5.8569e-07	4.7488e-07
106	0.61214	0.38786	5.9429e-07	4.37e-07
107	0.60041	0.39958	5.6599e-07	4.3868e-07
108	0.59346	0.40653	5.4558e-07	4.3519e-07
109	0.56895	0.43105	5.058e-07	4.4834e-07
110	0.50078	0.49922	4.2896e-07	5.008e-07
111	0.44926	0.55073	3.7345e-07	5.3428e-07
112	0.41335	0.58665	3.3116e-07	5.522e-07
113	0.38598	0.61402	2.9967e-07	5.6116e-07
114	0.36601	0.63398	2.7704e-07	5.6325e-07
115	0.31227	0.68773	2.3137e-07	5.9026e-07
116	0.27455	0.72545	1.9744e-07	6.0346e-07
117	0.24836	0.75164	1.7195e-07	6.0618e-07
118	0.22849	0.77151	1.532e-07	6.0357e-07
119	0.2154	0.7846	1.3887e-07	5.9457e-07
120	0.20754	0.79246	1.2776e-07	5.804e-07
121	0.18133	0.81867	1.0588e-07	5.7862e-07
122	0.16176	0.83823	9.0228e-08	5.7207e-07
123	0.14736	0.85264	7.9099e-08	5.6235e-07
124	0.13805	0.86195	7.0694e-08	5.481e-07
125	0.13189	0.86811	6.4892e-08	5.3251e-07
126	0.12844	0.87156	6.1148e-08	5.1606e-07
127	0.12742	0.87258	5.9132e-08	4.9901e-07
128	0.12947	0.87053	5.8143e-08	4.792e-07
129	0.13502	0.86498	5.8178e-08	4.5656e-07
130	0.14481	0.85519	5.9244e-08	4.3107e-07
131	0.15815	0.84185	6.1767e-08	4.0506e-07
132	0.17636	0.82364	6.6228e-08	3.7821e-07
133	0.20082	0.79918	7.303e-08	3.5007e-07
134	0.23653	0.76346	8.2029e-08	3.1791e-07
135	0.2826	0.7174	9.3895e-08	2.8375e-07
136	0.34335	0.65665	1.0994e-07	2.4648e-07
137	0.42926	0.57074	1.2974e-07	2.0358e-07
138	0.53966	0.46034	1.545e-07	1.5671e-07
139	0.58255	0.41745	1.5623e-07	1.3387e-07
140	0.63824	0.36176	1.6081e-07	1.0916e-07
141	0.71023	0.28977	1.6862e-07	8.2165e-08
142	0.80306	0.19694	1.8015e-07	5.2385e-08
143	0.92258	0.077424	1.9597e-07	1.9248e-08
144	0.97114	0.028862	1.9268e-07	6.4067e-09
145	0.99196	0.0080438	1.7928e-07	1.5176e-09
146	0.99099	0.0090148	1.5863e-07	1.454e-09
147	0.99121	0.0087883	1.3945e-07	1.1756e-09
148	0.99287	0.0071317	1.1826e-07	7.3946e-10
149	0.99258	0.007416	9.8047e-08	5.5285e-10
150	0.99033	0.0096706	1.0869e-07	9.1037e-10
151	0.98452	0.015476	1.1688e-07	1.7496e-09
152	0.98077	0.019228	1.2575e-07	2.405e-09
153	0.97919	0.020814	1.3295e-07	2.8222e-09
154	0.97909	0.020909	1.4071e-07	3.0269e-09
155	0.9809	0.019102	1.4691e-07	2.9381e-09
156	0.98432	0.015676	1.5379e-07	2.5482e-09
157	0.98959	0.010415	1.6147e-07	1.7801e-09
158	0.99141	0.0085902	1.6672e-07	1.5438e-09
159	0.99458	0.0054169	1.7269e-07	1.0311e-09
160	0.99263	0.0073656	1.7824e-07	1.4274e-09
161	0.9919	0.0081047	1.847e-07	1.6015e-09
162	0.9883	0.011702	1.9117e-07	2.3194e-09
163	0.98628	0.013721	1.9873e-07	2.7472e-09
164	0.98599	0.014008	2.0455e-07	2.8473e-09
165	0.9874	0.012599	2.0868e-07	2.5943e-09
166	0.98644	0.013558	2.102e-07	2.8344e-09
167	0.98676	0.013236	2.1259e-07	2.7783e-09
168	0.98874	0.011263	2.1336e-07	2.3697e-09
169	0.99216	0.0078385	2.1507e-07	1.6146e-09
170	0.99313	0.006865	2.142e-07	1.3929e-09
171	0.99242	0.0075789	2.1099e-07	1.5246e-09
172	0.98914	0.010855	2.0789e-07	2.1423e-09
173	0.98769	0.012315	2.0313e-07	2.3798e-09
174	0.98785	0.012148	1.9665e-07	2.2847e-09
175	0.98928	0.010724	1.9102e-07	1.9288e-09
176	0.98836	0.011635	1.8299e-07	2.0073e-09
177	0.98867	0.011326	1.7577e-07	1.8383e-09
178	0.98631	0.013694	1.6868e-07	2.0737e-09
179	0.98532	0.014685	1.6234e-07	2.0404e-09
180	0.98572	0.014279	1.5685e-07	1.7622e-09
181	0.98345	0.016553	1.9675e-07	2.9179e-09
182	0.98304	0.016963	2.3389e-07	3.8215e-09
183	0.97894	0.02106	2.7245e-07	5.8125e-09
184	0.97704	0.022961	3.0846e-07	7.4388e-09
185	0.97669	0.023307	3.474e-07	8.6479e-09
186	0.97788	0.022119	3.897e-07	9.2566e-09
187	0.97571	0.024294	4.2729e-07	1.1317e-08
188	0.97524	0.024763	4.6888e-07	1.2696e-08
189	0.97677	0.023227	5.0831e-07	1.3079e-08
190	0.98011	0.019894	5.5242e-07	1.2261e-08
191	0.97994	0.02006	5.9132e-07	1.3404e-08
192	0.98134	0.018664	6.3495e-07	1.348e-08
193	0.9844	0.015602	6.8395e-07	1.217e-08
194	0.98448	0.015516	1.0195e-06	2.1903e-08
195	0.98629	0.013711	1.3427e-06	2.9688e-08
196	0.98557	0.014427	1.6458e-06	4.2653e-08
197	0.98624	0.013757	1.9782e-06	5.3884e-08
198	0.98835	0.011651	2.3442e-06	6.1656e-08
199	0.98785	0.01215	2.7325e-06	7.9878e-08
200	0.98889	0.011106	3.1085e-06	9.3595e-08
201	0.99124	0.0087546	3.5206e-06	1.0191e-07
202	0.99122	0.0087783	3.9495e-06	1.2682e-07
203	0.98878	0.011215	4.0537e-06	1.534e-07
204	0.98774	0.012254	4.1804e-06	1.7076e-07
205	0.98313	0.016865	4.1565e-06	1.9722e-07
206	0.98038	0.019617	4.1516e-06	2.1197e-07
207	0.97965	0.020345	4.1526e-06	2.1554e-07
208	0.96109	0.038908	4.045e-06	3.3422e-07
209	0.91346	0.086533	3.7641e-06	6.3277e-07
210	0.87768	0.12231	3.5668e-06	8.5483e-07
211	0.79347	0.20653	3.0481e-06	1.3932e-06
212	0.72974	0.27025	2.6703e-06	1.7974e-06
213	0.68172	0.31827	2.3973e-06	2.1035e-06
214	0.56189	0.4381	1.9006e-06	2.4836e-06
215	0.47858	0.52141	1.5424e-06	2.72e-06
216	0.41543	0.58457	1.284e-06	2.8654e-06
217	0.36769	0.6323	1.0973e-06	2.947e-06
218	0.33502	0.66498	9.6021e-07	2.9748e-06
219	0.31013	0.68987	8.5852e-07	2.9737e-06
220	0.29145	0.70855	7.8368e-07	2.9521e-06
221	0.2778	0.7222	7.2961e-07	2.9155e-06
222	0.27006	0.72993	6.9107e-07	2.8597e-06
223	0.26604	0.73396	6.6752e-07	2.7952e-06
224	0.26657	0.73343	6.5481e-07	2.7163e-06
225	0.27051	0.72949	6.5507e-07	2.6306e-06
226	0.26161	0.73838	6.2094e-07	2.5851e-06
227	0.25749	0.74251	5.977e-07	2.5254e-06
228	0.25787	0.74213	5.8421e-07	2.4526e-06
229	0.2058	0.79419	4.4487e-07	2.5114e-06
230	0.16531	0.83468	3.426e-07	2.5378e-06
231	0.1346	0.8654	2.6951e-07	2.5398e-06
232	0.11306	0.88693	2.1649e-07	2.5191e-06
233	0.096457	0.90354	1.7767e-07	2.4882e-06
234	0.084077	0.91592	1.5025e-07	2.4503e-06
235	0.074711	0.92529	1.3057e-07	2.4083e-06
236	0.068869	0.93113	1.1713e-07	2.3575e-06
237	0.064878	0.93512	1.0828e-07	2.3056e-06
238	0.063315	0.93668	1.0337e-07	2.2472e-06
239	0.063177	0.93682	1.0178e-07	2.1888e-06
240	0.065149	0.93485	1.0328e-07	2.125e-06
241	0.069612	0.93039	1.0815e-07	2.0553e-06
242	0.076005	0.92399	1.1662e-07	1.9853e-06
243	0.085008	0.91499	1.2995e-07	1.9142e-06
244	0.097298	0.9027	1.4933e-07	1.8406e-06
245	0.11516	0.88484	1.757e-07	1.7577e-06
246	0.13828	0.86172	2.1068e-07	1.6692e-06
247	0.14585	0.85415	2.157e-07	1.6082e-06
248	0.15656	0.84344	2.2618e-07	1.5449e-06
249	0.1715	0.8285	2.4393e-07	1.4777e-06
250	0.19349	0.8065	2.6926e-07	1.4005e-06
251	0.22212	0.77788	3.0438e-07	1.3164e-06
252	0.2601	0.7399	3.5364e-07	1.2216e-06
253	0.31502	0.68498	4.2055e-07	1.1064e-06
254	0.38569	0.61431	5.0853e-07	9.7318e-07
255	0.47655	0.52345	6.2378e-07	8.1574e-07
256	0.59607	0.40392	7.7933e-07	6.2153e-07
257	0.74966	0.25034	9.8241e-07	3.8299e-07
258	0.94697	0.053025	1.2476e-06	8.5687e-08
259	0.9531	0.046901	1.233e-06	7.4501e-08
260	0.9623	0.037701	1.2267e-06	5.8817e-08
261	0.97653	0.023464	1.223e-06	3.6922e-08
262	0.98167	0.018331	1.2092e-06	2.8617e-08
263	0.98248	0.017521	1.1939e-06	2.652e-08
264	0.98525	0.014751	1.1776e-06	2.2018e-08
265	0.9897	0.010297	1.1668e-06	1.5243e-08
266	0.99034	0.009656	1.1468e-06	1.4046e-08
267	0.99227	0.0077252	1.132e-06	1.1166e-08
268	0.99205	0.007947	1.1175e-06	1.1109e-08
269	0.9888	0.011194	1.0956e-06	1.4914e-08
270	0.98707	0.012931	1.0792e-06	1.6718e-08
271	0.98663	0.013367	1.0672e-06	1.6894e-08
272	0.98301	0.016988	1.0549e-06	2.0564e-08
273	0.98147	0.01853	1.0416e-06	2.2009e-08
274	0.98145	0.018544	1.0333e-06	2.1631e-08
275	0.98327	0.016733	1.0239e-06	1.9372e-08
276	0.98712	0.012882	1.0134e-06	1.511e-08
277	0.98748	0.012517	1.0018e-06	1.4598e-08
278	0.9853	0.0147	9.8435e-07	1.6989e-08
279	0.98459	0.015413	9.717e-07	1.7662e-08
280	0.98074	0.019257	9.5235e-07	2.1849e-08
281	0.97858	0.021423	9.3764e-07	2.4055e-08
282	0.97088	0.029122	9.1989e-07	3.1864e-08
283	0.96562	0.034383	9.0742e-07	3.6888e-08
284	0.96314	0.036856	8.946e-07	3.9212e-08
285	0.96265	0.037353	8.8672e-07	3.9427e-08
286	0.94002	0.05998	8.536e-07	6.2002e-08
287	0.92465	0.075351	8.2487e-07	7.7299e-08
288	0.91471	0.085294	7.9882e-07	8.7037e-08
289	0.88879	0.11121	7.5315e-07	1.135e-07
290	0.86979	0.13021	7.1878e-07	1.3146e-07
291	0.85588	0.14412	6.9251e-07	1.436e-07
292	0.81783	0.18217	6.4703e-07	1.7747e-07
293	0.79162	0.20838	6.1005e-07	2.002e-07
294	0.77207	0.22793	5.8222e-07	2.1583e-07
295	0.75794	0.24206	5.6171e-07	2.2608e-07
296	0.74835	0.25165	5.4724e-07	2.3215e-07
297	0.74301	0.25699	5.3854e-07	2.3459e-07
298	0.74266	0.25734	5.3138e-07	2.3291e-07
299	0.74606	0.25394	5.2929e-07	2.2826e-07
300	0.75315	0.24685	5.3183e-07	2.2073e-07
301	0.74861	0.25139	5.272e-07	2.2249e-07
302	0.74876	0.25123	5.2387e-07	2.2051e-07
303	0.75237	0.24763	5.2495e-07	2.1585e-07
304	0.74527	0.25473	5.1522e-07	2.1946e-07
305	0.74186	0.25814	5.1008e-07	2.2019e-07
306	0.74334	0.25666	5.0622e-07	2.1711e-07
307	0.73192	0.26808	4.9467e-07	2.2372e-07
308	0.72503	0.27496	4.885e-07	2.2689e-07
309	0.72313	0.27687	4.8374e-07	2.2628e-07
310	0.72502	0.27498	4.8368e-07	2.2288e-07
311	0.73052	0.26948	4.8792e-07	2.1679e-07
312	0.74182	0.25818	4.9403e-07	2.0636e-07
313	0.74006	0.25994	4.9207e-07	2.0565e-07
314	0.74296	0.25704	4.9121e-07	2.0146e-07
315	0.74951	0.25049	4.9463e-07	1.9461e-07
316	0.76011	0.23989	5.0273e-07	1.8469e-07
317	0.77733	0.22267	5.1325e-07	1.6996e-07
318	0.8013	0.1987	5.3098e-07	1.4996e-07
319	0.80954	0.19046	5.3399e-07	1.4214e-07
320	0.82191	0.17809	5.4177e-07	1.3122e-07
321	0.84156	0.15844	5.52e-07	1.1529e-07
322	0.83306	0.16694	5.4414e-07	1.1917e-07
323	0.80865	0.19135	5.2365e-07	1.3322e-07
324	0.79102	0.20898	5.0999e-07	1.4239e-07
325	0.78001	0.21999	4.9825e-07	1.4722e-07
326	0.77431	0.22569	4.8773e-07	1.4844e-07
327	0.77347	0.22653	4.7797e-07	1.4636e-07
328	0.77596	0.22404	4.7202e-07	1.4212e-07
329	0.78193	0.21806	4.6985e-07	1.3568e-07
330	0.79214	0.20786	4.7219e-07	1.2655e-07
331	0.80873	0.19127	4.7599e-07	1.136e-07
332	0.83368	0.16632	4.8196e-07	9.6068e-08
333	0.8706	0.1294	4.9134e-07	7.2575e-08
334	0.88387	0.11613	4.8843e-07	6.3053e-08
335	0.90399	0.09601	4.8631e-07	5.0252e-08
336	0.93389	0.066109	4.8573e-07	3.3279e-08
337	0.97749	0.022507	4.8759e-07	1.1169e-08
338	0.98216	0.017844	4.7183e-07	8.5467e-09
339	0.98985	0.010148	4.5446e-07	4.8029e-09
340	0.98892	0.011081	4.3532e-07	5.0537e-09
341	0.98518	0.014818	4.1226e-07	6.532e-09
342	0.98312	0.016881	3.9215e-07	7.1086e-09
343	0.97676	0.023243	3.6772e-07	9.3614e-09
344	0.95966	0.04034	3.413e-07	1.5284e-08
345	0.9482	0.051803	3.1503e-07	1.8577e-08
346	0.92058	0.079424	2.8115e-07	2.6987e-08
347	0.90016	0.099837	2.5299e-07	3.1547e-08
348	0.88543	0.11457	2.292e-07	3.3446e-08
349	0.87526	0.12474	2.0877e-07	3.3496e-08
350	0.86989	0.13011	1.8764e-07	3.1915e-08
351	0.86774	0.13226	1.6884e-07	2.9427e-08
352	0.86865	0.13135	1.5196e-07	2.6295e-08
353	0.87269	0.12731	1.3671e-07	2.2692e-08
354	0.88125	0.11875	1.1989e-07	1.8486e-08
355	0.89404	0.10596	1.0432e-07	1.4116e-08
356	0.91155	0.088455	8.9519e-08	9.757e-09
357	0.93488	0.065119	7.5215e-08	5.5763e-09
358	0.96551	0.034485	6.1098e-08	1.8039e-09
359	0.96792	0.032084	6.7784e-08	1.9616e-09
360	0.97242	0.027575	7.4786e-08	1.9056e-09
361	0.97283	0.027172	7.9786e-08	2.0765e-09
362	0.97488	0.025119	8.4958e-08	2.0778e-09
363	0.97871	0.021286	9.0371e-08	1.8704e-09
364	0.98538	0.014616	9.4349e-08	1.3538e-09
365	0.99486	0.0051367	9.886e-08	4.8083e-10
366	0.99543	0.004569	1.0082e-07	4.3756e-10
367	0.99727	0.0027311	1.0114e-07	2.6682e-10
368	0.99774	0.00226	1.0153e-07	2.1986e-10
369	0.99926	0.00073523	1.0027e-07	7.0573e-11
370	0.99907	0.00093351	9.7009e-08	9.0896e-11
371	0.99836	0.0016364	9.3796e-08	1.5414e-10
372	0.99668	0.0033193	8.879e-08	3.0327e-10
373	0.99595	0.0040495	8.3935e-08	3.4797e-10
374	0.9963	0.0036975	7.7474e-08	2.9894e-10
375	0.99758	0.002421	7.1111e-08	1.8182e-10
376	0.99986	0.00013947	6.4792e-08	9.8355e-12
377	0.99982	0.00017672	5.8258e-08	1.0811e-11
378	0.99985	0.00014974	5.1748e-08	7.6508e-12
379	0.99935	0.00065102	4.5196e-08	2.6341e-11
380	0.99842	0.0015768	3.7034e-08	5.009e-11
381	0.99828	0.0017162	2.8851e-08	3.4565e-11
382	0.99746	0.0025439	3.653e-08	8.1563e-11
383	0.99759	0.0024114	4.2676e-08	9.7972e-11
384	0.99854	0.0014582	4.8646e-08	6.9877e-11
385	0.99884	0.0011635	5.2982e-08	6.5297e-11
386	0.99859	0.0014112	5.7421e-08	8.7669e-11
387	0.99908	0.00091866	6.1842e-08	6.3309e-11
388	0.99766	0.0023402	6.6108e-08	1.6708e-10
389	0.99711	0.0028947	7.0317e-08	2.1691e-10
390	0.99738	0.002617	7.4506e-08	2.0383e-10
391	0.99675	0.0032461	7.6984e-08	2.6155e-10
392	0.99702	0.0029798	7.9575e-08	2.4462e-10
393	0.99834	0.0016638	8.0608e-08	1.4166e-10
394	0.99875	0.0012548	8.1619e-08	1.0801e-10
395	0.99675	0.0032464	8.0665e-08	2.8024e-10
396	0.99576	0.0042447	7.9736e-08	3.6129e-10
397	0.99301	0.0069871	7.6975e-08	5.8596e-10
398	0.99158	0.0084218	7.438e-08	6.8455e-10
399	0.98679	0.013205	7.1461e-08	1.0174e-09
400	0.98383	0.01617	6.8714e-08	1.1788e-09
401	0.98246	0.017539	6.6087e-08	1.1999e-09
402	0.98292	0.017076	6.1949e-08	1.0817e-09
403	0.98528	0.014719	5.627e-08	8.4561e-10
404	0.98924	0.010756	5.0536e-08	5.3954e-10
405	0.99568	0.0043152	4.3249e-08	1.7499e-10
406	0.99573	0.0042692	5.069e-08	2.2807e-10
407	0.99676	0.0032449	5.8202e-08	2.2001e-10
408	0.99878	0.0012225	6.5747e-08	1.2675e-10
409	0.99937	0.00063338	8.0039e-08	9.4933e-11
410	0.99849	0.0015101	7.6355e-08	1.4654e-10
411	0.99636	0.0036363	7.2646e-08	2.7879e-10
412	0.99547	0.0045313	6.7392e-08	3.0993e-10
413	0.99573	0.0042674	6.0524e-08	2.5827e-10
414	0.99719	0.0028101	5.2006e-08	1.4671e-10
415	0.995	0.0050046	4.3273e-08	2.1312e-10
416	0.99389	0.0061055	3.4531e-08	1.9804e-10
417	0.99403	0.0059664	2.4218e-08	1.2714e-10
418	0.99543	0.0045708	1.2282e-08	3.7971e-11
419	0.99545	0.0045527	1.2981e-08	4.7445e-11
420	0.99646	0.0035414	1.3049e-08	3.8735e-11
421	0.993	0.0070022	1.2424e-08	7.5756e-11
422	0.99089	0.009109	1.1131e-08	8.3053e-11
423	0.99001	0.0099944	9.1591e-09	6.2749e-11
424	0.98646	0.013538	1.6304e-08	1.9344e-10
425	0.98481	0.015189	2.1995e-08	3.1329e-10
426	0.98492	0.015083	2.625e-08	3.8735e-10
427	0.97173	0.028275	2.9815e-08	8.5157e-10
428	0.96302	0.036981	3.2007e-08	1.229e-09
429	0.9572	0.042802	3.3941e-08	1.5106e-09
430	0.95442	0.045577	3.4525e-08	1.6538e-09
431	0.95364	0.046356	3.4792e-08	1.6876e-09
432	0.95496	0.045042	3.4823e-08	1.6068e-09
433	0.9583	0.041697	3.4543e-08	1.414e-09
434	0.96466	0.035338	3.2939e-08	1.0827e-09
435	0.97479	0.02521	2.9985e-08	6.3533e-10
436	0.97817	0.02183	2.6458e-08	4.1598e-10
437	0.97796	0.022037	3.9406e-08	7.3086e-10
438	0.97976	0.020235	5.0703e-08	9.2754e-10
439	0.97809	0.021906	6.209e-08	1.2753e-09
440	0.97835	0.021653	7.1859e-08	1.4987e-09
441	0.98056	0.019444	8.0083e-08	1.5424e-09
442	0.9797	0.0203	8.6327e-08	1.803e-09
443	0.9804	0.019599	9.2938e-08	1.9097e-09
444	0.9826	0.017395	9.9858e-08	1.8348e-09
445	0.98191	0.01809	1.0464e-07	2.0388e-09
446	0.98271	0.01729	1.0988e-07	2.0621e-09
447	0.98546	0.01454	1.1356e-07	1.8435e-09
448	0.97902	0.020981	1.1627e-07	2.7502e-09
449	0.97526	0.024743	1.1753e-07	3.3509e-09
450	0.97326	0.026741	1.1919e-07	3.7137e-09
451	0.9729	0.027101	1.2125e-07	3.8476e-09
452	0.97415	0.025845	1.2374e-07	3.7452e-09
453	0.97723	0.022769	1.2684e-07	3.363e-09
454	0.98221	0.017792	1.3048e-07	2.6678e-09
455	0.9894	0.0106	1.3474e-07	1.5857e-09
456	0.99222	0.0077845	1.3649e-07	1.1629e-09
457	0.99288	0.0071201	1.3599e-07	1.0602e-09
458	0.99467	0.0053348	1.359e-07	7.8803e-10
459	0.99777	0.0022341	1.3641e-07	3.1394e-10
460	0.99731	0.0026859	1.3459e-07	3.6031e-10
461	0.99782	0.0021768	1.3108e-07	2.8027e-10
462	0.99939	0.00061365	1.2583e-07	7.6066e-11
463	0.99779	0.0022139	1.2093e-07	2.5512e-10
464	0.99422	0.0057771	1.1402e-07	6.3475e-10
465	0.99208	0.0079246	1.0769e-07	8.0335e-10
466	0.98667	0.013335	9.9252e-08	1.2455e-09
467	0.98319	0.016806	9.1429e-08	1.4081e-09
468	0.98177	0.01823	8.2018e-08	1.3381e-09
469	0.97654	0.023464	7.0502e-08	1.4672e-09
470	0.97325	0.026747	5.9434e-08	1.3456e-09
471	0.97218	0.027819	4.6803e-08	1.0206e-09
472	0.96656	0.033445	5.4378e-08	1.7e-09
473	0.95058	0.049424	6.1086e-08	3.1995e-09
474	0.93909	0.06091	6.8018e-08	4.59e-09
475	0.93197	0.068033	7.3509e-08	5.7493e-09
476	0.92776	0.072237	7.9338e-08	6.7051e-09
477	0.92616	0.073839	8.5578e-08	7.4304e-09
478	0.92759	0.072411	9.0474e-08	7.799e-09
479	0.93141	0.068591	9.5757e-08	7.8544e-09
480	0.9285	0.071505	1.0049e-07	8.5931e-09
481	0.92808	0.07192	1.0581e-07	9.0265e-09
482	0.93013	0.069867	1.1178e-07	9.1121e-09
483	0.93481	0.065191	1.1854e-07	8.7739e-09
484	0.93278	0.067221	1.2473e-07	9.2626e-09
485	0.92319	0.07681	1.281e-07	1.0723e-08
486	0.91676	0.08324	1.3215e-07	1.1762e-08
487	0.91391	0.086089	1.3494e-07	1.2261e-08
488	0.91445	0.085554	1.3645e-07	1.2194e-08
489	0.91765	0.082346	1.3884e-07	1.1658e-08
490	0.92468	0.075323	1.4002e-07	1.0467e-08
491	0.93497	0.065035	1.4207e-07	8.6925e-09
492	0.94953	0.050467	1.4533e-07	6.1359e-09
493	0.93326	0.066739	1.9211e-07	1.3003e-08
494	0.92281	0.077191	2.3527e-07	2.0107e-08
495	0.91681	0.083191	2.7551e-07	2.6853e-08
496	0.91351	0.086489	3.1902e-07	3.333e-08
497	0.91363	0.086373	3.603e-07	3.8704e-08
498	0.9162	0.083797	4.0572e-07	4.3066e-08
499	0.91201	0.087991	4.4446e-07	5.0875e-08
500	0.91118	0.088823	4.8155e-07	5.7166e-08
501	0.913	0.086999	5.2366e-07	6.2029e-08
502	0.88778	0.11222	5.4161e-07	8.7817e-08
503	0.86883	0.13117	5.654e-07	1.1098e-07
504	0.85651	0.14349	5.8943e-07	1.3069e-07
505	0.82276	0.17724	5.9527e-07	1.7234e-07
506	0.7978	0.2022	6.1007e-07	2.0899e-07
507	0.77924	0.22076	6.3201e-07	2.4218e-07
508	0.73018	0.26981	6.232e-07	3.106e-07
509	0.69611	0.30389	6.2057e-07	3.6944e-07
510	0.67035	0.32965	6.2728e-07	4.2281e-07
511	0.65128	0.34872	6.4245e-07	4.7178e-07
512	0.63814	0.36186	6.6665e-07	5.166e-07
513	0.63135	0.36865	6.9366e-07	5.5492e-07
514	0.62843	0.37157	7.2853e-07	5.8978e-07
515	0.62919	0.3708	7.7194e-07	6.2082e-07
516	0.63537	0.36463	8.1956e-07	6.4374e-07
517	0.64618	0.35382	8.7969e-07	6.5971e-07
518	0.66397	0.33603	9.4833e-07	6.6336e-07
519	0.69138	0.30862	1.03e-06	6.4998e-07
520	0.6808	0.31919	1.0524e-06	7.01e-07
521	0.67581	0.32419	1.0801e-06	7.4285e-07
522	0.6745	0.3255	1.1188e-06	7.7885e-07
523	0.6768	0.3232	1.1693e-06	8.0863e-07
524	0.68286	0.31714	1.2329e-06	8.3114e-07
525	0.69344	0.30656	1.3137e-06	8.4364e-07
526	0.69215	0.30785	1.3632e-06	8.8261e-07
527	0.69596	0.30403	1.4196e-06	9.0995e-07
528	0.70399	0.29601	1.4932e-06	9.2734e-07
529	0.69901	0.30099	1.5395e-06	9.7893e-07
530	0.69767	0.30233	1.6011e-06	1.0225e-06
531	0.70118	0.29882	1.6706e-06	1.0531e-06
532	0.70885	0.29114	1.7604e-06	1.072e-06
533	0.72258	0.27742	1.8635e-06	1.0725e-06
534	0.74174	0.25826	1.9936e-06	1.054e-06
535	0.77088	0.22912	2.1507e-06	1.0026e-06
536	0.80915	0.19085	2.3528e-06	9.1482e-07
537	0.85896	0.14104	2.6142e-06	7.7668e-07
538	0.92345	0.076546	2.9551e-06	5.6906e-07
539	0.94504	0.054956	3.1611e-06	5.0755e-07
540	0.94379	0.056209	3.1655e-06	5.1009e-07
541	0.93516	0.064835	3.1378e-06	5.5115e-07
542	0.93045	0.069543	3.1226e-06	5.7496e-07
543	0.92892	0.071081	3.1174e-06	5.8442e-07
544	0.92016	0.079836	3.0658e-06	6.3551e-07
545	0.91468	0.085314	3.0385e-06	6.6874e-07
546	0.91207	0.087927	3.0323e-06	6.8704e-07
547	0.8995	0.1005	2.9798e-06	7.5805e-07
548	0.89207	0.10793	2.9463e-06	8.0544e-07
549	0.88879	0.1112	2.9275e-06	8.335e-07
550	0.87383	0.12616	2.8531e-06	9.2506e-07
551	0.86353	0.13646	2.8105e-06	9.9118e-07
552	0.85815	0.14184	2.7861e-06	1.0345e-06
553	0.85583	0.14417	2.7828e-06	1.0623e-06
554	0.84198	0.15801	2.6631e-06	1.0785e-06
555	0.83272	0.16727	2.572e-06	1.0753e-06
556	0.80527	0.19472	2.4289e-06	1.133e-06
557	0.78525	0.21474	2.3221e-06	1.1624e-06
558	0.77115	0.22884	2.244e-06	1.1707e-06
559	0.73076	0.26923	2.0988e-06	1.2524e-06
560	0.70349	0.29651	1.9871e-06	1.296e-06
561	0.68538	0.31462	1.8986e-06	1.312e-06
562	0.67426	0.32574	1.8272e-06	1.3066e-06
563	0.66741	0.33259	1.7754e-06	1.2878e-06
564	0.66594	0.33406	1.7352e-06	1.2528e-06
565	0.60433	0.39567	1.5431e-06	1.3764e-06
566	0.56123	0.43877	1.3978e-06	1.4493e-06
567	0.5291	0.4709	1.2918e-06	1.489e-06
568	0.45024	0.54975	1.0719e-06	1.6388e-06
569	0.39564	0.60436	9.1199e-07	1.7249e-06
570	0.35811	0.64189	7.9416e-07	1.7651e-06
571	0.33275	0.66725	7.0595e-07	1.7722e-06
572	0.31374	0.68626	6.4001e-07	1.7618e-06
573	0.30163	0.69837	5.8903e-07	1.7333e-06
574	0.29392	0.70608	5.5247e-07	1.6956e-06
575	0.29099	0.70901	5.2433e-07	1.6463e-06
576	0.29125	0.70875	5.0535e-07	1.5923e-06
577	0.29626	0.70374	4.9278e-07	1.5287e-06
578	0.30523	0.69477	4.894e-07	1.4608e-06
579	0.30032	0.69968	4.6289e-07	1.4207e-06
580	0.30021	0.69978	4.4276e-07	1.371e-06
581	0.30365	0.69634	4.3085e-07	1.3177e-06
582	0.31054	0.68945	4.2602e-07	1.261e-06
583	0.32172	0.67827	4.2942e-07	1.2002e-06
584	0.33997	0.66003	4.3959e-07	1.1296e-06
585	0.36441	0.63559	4.5916e-07	1.0532e-06
586	0.39658	0.60342	4.8999e-07	9.6886e-07
587	0.4385	0.56149	5.3464e-07	8.7403e-07
588	0.49939	0.50061	5.9662e-07	7.5885e-07
589	0.52072	0.47928	6.0361e-07	7.026e-07
590	0.54926	0.45074	6.211e-07	6.3915e-07
591	0.5868	0.4132	6.5112e-07	5.6635e-07
592	0.6357	0.3643	6.9653e-07	4.8127e-07
593	0.70539	0.29461	7.5913e-07	3.7599e-07
594	0.80587	0.19412	8.4532e-07	2.4379e-07
595	0.84545	0.15455	8.5808e-07	1.8862e-07
596	0.8969	0.1031	8.8528e-07	1.2247e-07
597	0.96502	0.034975	9.3261e-07	4.0019e-08
598	0.97171	0.028291	9.4346e-07	3.1987e-08
599	0.96683	0.033166	9.3887e-07	3.647e-08
600	0.96465	0.035348	9.338e-07	3.8389e-08
601	0.95684	0.04316	9.1958e-07	4.6211e-08
602	0.95249	0.047512	9.0573e-07	5.06e-08
603	0.9503	0.049704	8.9675e-07	5.2598e-08
604	0.9181	0.081899	8.5331e-07	8.5831e-08
605	0.8963	0.1037	8.1755e-07	1.0837e-07
606	0.88048	0.11952	7.9173e-07	1.2373e-07
607	0.87048	0.12952	7.6899e-07	1.3322e-07
608	0.864	0.136	7.5245e-07	1.388e-07
609	0.86089	0.1391	7.4197e-07	1.4093e-07
610	0.84522	0.15477	7.2252e-07	1.5455e-07
611	0.83576	0.16424	7.0597e-07	1.6247e-07
612	0.82991	0.17009	6.9515e-07	1.6677e-07
613	0.82837	0.17163	6.8558e-07	1.6717e-07
614	0.81454	0.18546	6.6717e-07	1.785e-07
615	0.80505	0.19495	6.5498e-07	1.8563e-07
616	0.7993	0.2007	6.4822e-07	1.8932e-07
617	0.79721	0.20279	6.47e-07	1.8976e-07
618	0.78335	0.21665	6.3307e-07	2.0024e-07
619	0.77428	0.22572	6.2565e-07	2.0646e-07
620	0.77024	0.22976	6.1996e-07	2.0841e-07
621	0.77076	0.22924	6.1566e-07	2.0644e-07
622	0.75802	0.24198	6.0229e-07	2.1546e-07
623	0.74995	0.25005	5.9517e-07	2.2042e-07
624	0.74689	0.25311	5.8976e-07	2.2118e-07
625	0.74847	0.25153	5.8578e-07	2.18e-07
626	0.75358	0.24642	5.866e-07	2.1188e-07
627	0.76252	0.23748	5.9253e-07	2.0251e-07
628	0.77797	0.22203	6.0107e-07	1.879e-07
629	0.7997	0.2003	6.1722e-07	1.6788e-07
630	0.83165	0.16835	6.3864e-07	1.4004e-07
631	0.87761	0.12238	6.675e-07	1.0219e-07
632	0.89501	0.10499	6.7556e-07	8.7127e-08
633	0.91885	0.081154	6.9142e-07	6.6598e-08
634	0.92749	0.072512	6.9712e-07	5.8551e-08
635	0.9411	0.058899	7.0393e-07	4.6742e-08
636	0.96131	0.038694	7.1276e-07	3.0232e-08
637	0.99102	0.0089842	7.2507e-07	7.3938e-09
638	0.99433	0.0056671	7.1928e-07	4.7703e-09
639	0.99534	0.004658	7.142e-07	3.9302e-09
640	0.99145	0.008545	7.0234e-07	7.0048e-09
641	0.98903	0.010968	6.9377e-07	8.8358e-09
642	0.988	0.012003	6.8863e-07	9.5473e-09
643	0.98339	0.016613	6.8291e-07	1.2812e-08
644	0.98052	0.01948	6.8048e-07	1.4722e-08
645	0.97969	0.020312	6.7666e-07	1.5245e-08
646	0.97519	0.024807	6.6734e-07	1.8499e-08
647	0.97256	0.02744	6.6142e-07	2.0282e-08
648	0.97216	0.027835	6.5426e-07	2.0538e-08
649	0.96683	0.033168	6.4561e-07	2.4197e-08
650	0.96417	0.035826	6.3618e-07	2.6016e-08
651	0.96336	0.036642	6.3001e-07	2.6449e-08
652	0.96446	0.035538	6.2741e-07	2.5484e-08
653	0.96801	0.031989	6.2378e-07	2.2955e-08
654	0.9737	0.026302	6.2348e-07	1.8927e-08
655	0.96806	0.031943	6.1774e-07	2.2477e-08
656	0.96513	0.034873	6.1116e-07	2.4289e-08
657	0.96404	0.035955	6.0769e-07	2.4786e-08
658	0.96536	0.034644	6.0304e-07	2.3779e-08
659	0.96867	0.031326	6.0186e-07	2.1392e-08
660	0.97408	0.025921	6.0389e-07	1.7554e-08
661	0.97481	0.025193	6.0494e-07	1.6776e-08
662	0.97765	0.022348	6.0473e-07	1.4687e-08
663	0.98295	0.017045	6.0344e-07	1.1124e-08
664	0.98411	0.015891	6.0135e-07	1.0192e-08
665	0.98722	0.012779	5.9774e-07	8.108e-09
666	0.99259	0.0074064	5.928e-07	4.7646e-09
667	0.9944	0.0055983	5.8779e-07	3.5929e-09
668	0.99445	0.0055453	5.8376e-07	3.4858e-09
669	0.99556	0.0044417	5.8242e-07	2.7057e-09
670	0.99186	0.008142	5.7569e-07	4.7753e-09
671	0.98991	0.01009	5.6741e-07	5.8464e-09
672	0.98953	0.010466	5.5735e-07	6.0295e-09
673	0.98637	0.013628	5.4782e-07	7.7202e-09
674	0.9851	0.014898	5.3669e-07	8.3549e-09
675	0.98524	0.014755	5.2839e-07	8.1399e-09
676	0.98715	0.012852	5.1837e-07	7.0315e-09
677	0.99053	0.009465	5.1079e-07	5.1278e-09
678	0.99113	0.0088661	5.0335e-07	4.6948e-09
679	0.99327	0.0067252	4.9405e-07	3.528e-09
680	0.99677	0.0032318	4.8703e-07	1.6758e-09
681	0.99824	0.001755	4.763e-07	9.3523e-10
682	0.99706	0.00294	4.6618e-07	1.5186e-09
683	0.99679	0.0032118	4.583e-07	1.6232e-09
684	0.99741	0.0025909	4.5259e-07	1.2844e-09
685	0.99707	0.0029319	4.4809e-07	1.3917e-09
686	0.99771	0.0022866	4.4165e-07	1.0687e-09
687	0.99757	0.0024284	4.3233e-07	1.1302e-09
688	0.99636	0.0036361	4.2395e-07	1.6481e-09
689	0.99292	0.0070796	4.16e-07	3.0783e-09
690	0.99091	0.0090926	4.1031e-07	3.8251e-09
691	0.98511	0.014891	4.0474e-07	5.9819e-09
692	0.9818	0.018195	3.9775e-07	7.1489e-09
693	0.98009	0.019913	3.9271e-07	7.6059e-09
694	0.98023	0.019767	3.861e-07	7.3391e-09
695	0.98226	0.01774	3.7788e-07	6.3766e-09
696	0.98651	0.013495	3.6797e-07	4.6723e-09
697	0.98725	0.012747	3.5834e-07	4.2264e-09
698	0.98969	0.010312	3.4695e-07	3.2337e-09
699	0.99419	0.0058118	3.337e-07	1.6607e-09
700	0.99296	0.0070389	3.202e-07	1.8851e-09
701	0.99304	0.0069634	3.0478e-07	1.7071e-09
702	0.99133	0.008667	3.4632e-07	2.9192e-09
703	0.9908	0.0092036	3.9112e-07	3.8185e-09
704	0.99139	0.0086072	4.3959e-07	4.2632e-09
705	0.99316	0.0068401	4.9223e-07	4.0573e-09
706	0.9888	0.011195	5.456e-07	7.5056e-09
707	0.98605	0.013949	6.0374e-07	1.0409e-08
708	0.98472	0.015278	6.6712e-07	1.2629e-08
709	0.9793	0.020699	7.3247e-07	1.8516e-08
710	0.97633	0.023672	7.9483e-07	2.3157e-08
711	0.97512	0.024881	8.6436e-07	2.6523e-08
712	0.96924	0.030762	9.2404e-07	3.5395e-08
713	0.96565	0.034345	9.9165e-07	4.248e-08
714	0.9645	0.035503	1.057e-06	4.7377e-08
715	0.95828	0.041718	1.1103e-06	5.9688e-08
716	0.9544	0.0456	1.1715e-06	6.9578e-08
717	0.95275	0.047246	1.2419e-06	7.6798e-08
718	0.94344	0.056558	1.3061e-06	9.6522e-08
719	0.93795	0.062049	1.3698e-06	1.1197e-07
720	0.93576	0.064242	1.4329e-06	1.2297e-07
721	0.93657	0.063426	1.4958e-06	1.2929e-07
722	0.93981	0.060189	1.5701e-06	1.311e-07
723	0.94571	0.054289	1.6572e-06	1.273e-07
724	0.95572	0.044279	1.7474e-06	1.1518e-07
725	0.96943	0.030569	1.8539e-06	9.3608e-08
726	0.97411	0.025889	1.9508e-06	8.8914e-08
727	0.97426	0.025742	1.9525e-06	8.4657e-08
728	0.97648	0.023522	1.9555e-06	7.5422e-08
729	0.98047	0.019529	1.9676e-06	6.1159e-08
730	0.98717	0.012824	1.9829e-06	3.9996e-08
731	0.98548	0.014522	1.9701e-06	4.263e-08
732	0.9852	0.014796	1.9654e-06	4.1827e-08
733	0.98633	0.013666	1.9688e-06	3.7575e-08
734	0.98467	0.015328	1.9703e-06	3.9806e-08
735	0.98445	0.015544	1.9798e-06	3.8704e-08
736	0.98131	0.018687	1.9788e-06	4.4137e-08
737	0.98022	0.019779	1.9779e-06	4.5592e-08
738	0.98103	0.018965	1.9768e-06	4.3239e-08
739	0.98335	0.016652	1.9833e-06	3.7436e-08
740	0.98782	0.012183	1.9904e-06	2.7247e-08
741	0.99511	0.0048921	1.9991e-06	1.1483e-08
742	0.99215	0.0078523	1.981e-06	1.8263e-08
743	0.99056	0.0094424	1.9709e-06	2.183e-08
744	0.99022	0.0097819	1.9681e-06	2.2568e-08
745	0.99137	0.0086324	1.9644e-06	2.0377e-08
746	0.99063	0.0093717	1.9521e-06	2.2534e-08
747	0.99109	0.0089046	1.9472e-06	2.1958e-08
748	0.98261	0.017386	1.9265e-06	4.171e-08
749	0.97676	0.023242	1.9168e-06	5.5128e-08
750	0.97359	0.026411	1.9086e-06	6.3073e-08
751	0.97214	0.027853	1.9085e-06	6.7016e-08
752	0.97279	0.027205	1.9088e-06	6.6759e-08
753	0.97511	0.02489	1.917e-06	6.2739e-08
754	0.97938	0.020621	1.9342e-06	5.4224e-08
755	0.98575	0.014251	1.9605e-06	4.0711e-08
756	0.99462	0.0053779	1.9972e-06	2.0952e-08
757	0.99199	0.0080034	1.9691e-06	2.733e-08
758	0.99062	0.0093766	1.9486e-06	3.0482e-08
759	0.99073	0.0092678	1.9272e-06	3.0354e-08
760	0.99234	0.0076629	1.905e-06	2.7052e-08
761	0.99186	0.0081398	1.7644e-06	2.425e-08
762	0.99254	0.0074621	1.6379e-06	1.9107e-08
763	0.98627	0.013731	1.4912e-06	2.62e-08
764	0.93676	0.063239	1.281e-06	8.9664e-08
765	0.89862	0.10138	1.1101e-06	1.2427e-07
766	0.86945	0.13055	9.6837e-07	1.3908e-07
767	0.84958	0.15042	8.3599e-07	1.3847e-07
768	0.79713	0.20287	6.9431e-07	1.5707e-07
769	0.76121	0.23879	5.6966e-07	1.5264e-07
770	0.73394	0.26605	4.6589e-07	1.3544e-07
771	0.66842	0.33158	4.1781e-07	1.8399e-07
772	0.62251	0.37749	3.8102e-07	2.1901e-07
773	0.58735	0.41265	3.5406e-07	2.4551e-07
774	0.56142	0.43858	3.3543e-07	2.6519e-07
775	0.54478	0.45522	3.2107e-07	2.784e-07
776	0.53323	0.46677	3.1148e-07	2.8805e-07
777	0.52606	0.47394	3.0592e-07	2.9485e-07
778	0.52316	0.47683	3.0436e-07	2.9908e-07
779	0.52562	0.47438	3.0435e-07	2.996e-07
780	0.53193	0.46807	3.0779e-07	2.9785e-07
781	0.54424	0.45576	3.1306e-07	2.9218e-07
782	0.54159	0.45841	3.1061e-07	2.9542e-07
783	0.54429	0.4557	3.0969e-07	2.9498e-07
784	0.55088	0.44911	3.1221e-07	2.9227e-07
785	0.56386	0.43613	3.166e-07	2.8552e-07
786	0.58277	0.41722	3.2579e-07	2.7544e-07
787	0.5855	0.4145	3.2697e-07	2.749e-07
788	0.59364	0.40636	3.2957e-07	2.7081e-07
789	0.6063	0.3937	3.3604e-07	2.6408e-07
790	0.6265	0.3735	3.4488e-07	2.5284e-07
791	0.65368	0.34632	3.5905e-07	2.3755e-07
792	0.66071	0.33928	3.6269e-07	2.3406e-07
793	0.65456	0.34544	3.595e-07	2.3872e-07
794	0.65221	0.34779	3.5989e-07	2.4109e-07
795	0.65382	0.34617	3.6423e-07	2.4109e-07
796	0.64317	0.35683	3.5873e-07	2.4851e-07
797	0.63676	0.36324	3.5712e-07	2.5336e-07
798	0.63451	0.36549	3.5956e-07	2.5574e-07
799	0.63627	0.36373	3.6603e-07	2.5569e-07
800	0.64325	0.35675	3.7396e-07	2.5197e-07
801	0.65661	0.34339	3.8397e-07	2.4387e-07
802	0.65543	0.34457	3.8595e-07	2.452e-07
803	0.65924	0.34076	3.8916e-07	2.4306e-07
804	0.66696	0.33304	3.9633e-07	2.3835e-07
805	0.67907	0.32093	4.0794e-07	2.306e-07
806	0.69849	0.30151	4.2233e-07	2.1781e-07
807	0.72806	0.27194	4.4093e-07	1.9844e-07
808	0.73868	0.26132	4.447e-07	1.9149e-07
809	0.75638	0.24362	4.5039e-07	1.802e-07
810	0.78035	0.21965	4.6151e-07	1.65e-07
811	0.78668	0.21332	4.6296e-07	1.6099e-07
812	0.79843	0.20157	4.6544e-07	1.536e-07
813	0.8155	0.1845	4.731e-07	1.4284e-07
814	0.81911	0.18088	4.7389e-07	1.4077e-07
815	0.82614	0.17386	4.7849e-07	1.3642e-07
816	0.83702	0.16298	4.8726e-07	1.2943e-07
817	0.83701	0.16299	4.9051e-07	1.2982e-07
818	0.84111	0.15889	4.9412e-07	1.2744e-07
819	0.84887	0.15113	5.0215e-07	1.2252e-07
820	0.84759	0.15241	5.0134e-07	1.2391e-07
821	0.84927	0.15073	5.0417e-07	1.2325e-07
822	0.85428	0.14572	5.1124e-07	1.2025e-07
823	0.84993	0.15007	5.1367e-07	1.2382e-07
824	0.8496	0.1504	5.1639e-07	1.2466e-07
825	0.85247	0.14753	5.2333e-07	1.2321e-07
826	0.84635	0.15365	5.2129e-07	1.2831e-07
827	0.84444	0.15556	5.1976e-07	1.3046e-07
828	0.84575	0.15425	5.2247e-07	1.303e-07
829	0.83603	0.16397	5.1881e-07	1.3817e-07
830	0.83025	0.16975	5.1992e-07	1.4323e-07
831	0.82797	0.17203	5.2548e-07	1.4583e-07
832	0.81349	0.18651	5.2441e-07	1.5719e-07
833	0.8051	0.1949	5.2476e-07	1.6455e-07
834	0.80061	0.19939	5.2991e-07	1.6915e-07
835	0.78284	0.21716	5.2258e-07	1.8378e-07
836	0.77016	0.22984	5.2061e-07	1.9476e-07
837	0.76314	0.23686	5.2023e-07	2.0173e-07
838	0.68322	0.31678	4.5936e-07	2.6645e-07
839	0.62798	0.37202	4.1399e-07	3.1325e-07
840	0.58545	0.41455	3.8081e-07	3.4936e-07
841	0.55296	0.44704	3.5709e-07	3.7748e-07
842	0.52911	0.47089	3.4157e-07	3.991e-07
843	0.51212	0.48788	3.3257e-07	4.1591e-07
844	0.46829	0.53171	3.0033e-07	4.537e-07
845	0.43855	0.56145	2.7643e-07	4.8098e-07
846	0.41617	0.58383	2.5948e-07	5.0261e-07
847	0.40023	0.59976	2.4867e-07	5.1966e-07
848	0.39079	0.60921	2.411e-07	5.3142e-07
849	0.38565	0.61435	2.3784e-07	5.4039e-07
850	0.38442	0.61558	2.3852e-07	5.4697e-07
851	0.38702	0.61298	2.4308e-07	5.5123e-07
852	0.39363	0.60637	2.5183e-07	5.5289e-07
853	0.4064	0.5936	2.6374e-07	5.4926e-07
854	0.42434	0.57566	2.8092e-07	5.4174e-07
855	0.42597	0.57403	2.8656e-07	5.472e-07
856	0.43163	0.56837	2.9681e-07	5.4981e-07
857	0.44336	0.55664	3.104e-07	5.4686e-07
858	0.46064	0.53935	3.3041e-07	5.3931e-07
859	0.48734	0.51266	3.5658e-07	5.2332e-07
860	0.52341	0.47659	3.9335e-07	4.9865e-07
861	0.57156	0.42844	4.4432e-07	4.6182e-07
862	0.59043	0.40957	4.6679e-07	4.5103e-07
863	0.59246	0.40754	4.7574e-07	4.5562e-07
864	0.59833	0.40167	4.9009e-07	4.5673e-07
865	0.6088	0.3912	5.1129e-07	4.5332e-07
866	0.62419	0.37581	5.3995e-07	4.4455e-07
867	0.64545	0.35455	5.7787e-07	4.2873e-07
868	0.67393	0.32607	6.2764e-07	4.0342e-07
869	0.71532	0.28468	6.9021e-07	3.6259e-07
870	0.77558	0.22442	7.718e-07	2.9988e-07
871	0.80037	0.19963	8.1074e-07	2.7682e-07
872	0.83313	0.16687	8.6285e-07	2.4316e-07
873	0.84455	0.15545	8.9399e-07	2.336e-07
874	0.86105	0.13895	9.3565e-07	2.1683e-07
875	0.88565	0.11435	9.8472e-07	1.8957e-07
876	0.91802	0.081976	1.0489e-06	1.5023e-07
877	0.91829	0.081705	1.0737e-06	1.5369e-07
878	0.92098	0.079016	1.1055e-06	1.5358e-07
879	0.89161	0.10839	1.0549e-06	2.076e-07
880	0.87153	0.12847	1.0159e-06	2.4697e-07
881	0.85674	0.14326	9.8923e-07	2.7674e-07
882	0.84631	0.15368	9.7277e-07	2.9903e-07
883	0.83988	0.16012	9.6594e-07	3.1484e-07
884	0.8367	0.1633	9.6685e-07	3.2568e-07
885	0.83682	0.16318	9.759e-07	3.316e-07
886	0.83999	0.16001	9.9237e-07	3.3301e-07
887	0.8464	0.1536	1.0168e-06	3.2944e-07
888	0.84269	0.15731	1.028e-06	3.4218e-07
889	0.84226	0.15774	1.048e-06	3.4985e-07
890	0.84483	0.15516	1.0761e-06	3.5273e-07
891	0.85057	0.14943	1.1132e-06	3.5021e-07
892	0.86116	0.13883	1.155e-06	3.3958e-07
893	0.86132	0.13867	1.1824e-06	3.4716e-07
894	0.86462	0.13538	1.2198e-06	3.4908e-07
895	0.85957	0.14042	1.2366e-06	3.6792e-07
896	0.85779	0.14221	1.2639e-06	3.8084e-07
897	0.85986	0.14014	1.2945e-06	3.8683e-07
898	0.86605	0.13395	1.3291e-06	3.8525e-07
899	0.87574	0.12426	1.375e-06	3.7647e-07
900	0.88994	0.11006	1.4354e-06	3.5782e-07
901	0.89315	0.10684	1.4197e-06	3.3432e-07
902	0.90031	0.099685	1.4086e-06	3.0242e-07
903	0.91252	0.08748	1.4039e-06	2.6017e-07
904	0.91463	0.085368	1.3778e-06	2.4437e-07
905	0.91933	0.080668	1.3611e-06	2.2328e-07
906	0.92797	0.072029	1.3482e-06	1.948e-07
907	0.92885	0.071147	1.3217e-06	1.8457e-07
908	0.93285	0.06715	1.2969e-06	1.6897e-07
909	0.93949	0.060509	1.281e-06	1.4853e-07
910	0.94947	0.050529	1.2758e-06	1.2173e-07
911	0.96319	0.03681	1.2815e-06	8.7675e-08
912	0.98151	0.018488	1.3001e-06	4.4389e-08
913	0.97678	0.023217	1.2766e-06	4.9072e-08
914	0.97405	0.025953	1.2601e-06	5.062e-08
915	0.97344	0.026561	1.2432e-06	4.9216e-08
916	0.97488	0.025116	1.2259e-06	4.4955e-08
917	0.97816	0.021843	1.2151e-06	3.7842e-08
918	0.98411	0.015889	1.2045e-06	2.7089e-08
919	0.98563	0.014367	1.1898e-06	2.3592e-08
920	0.98862	0.011382	1.1804e-06	1.7956e-08
921	0.99388	0.0061178	1.1706e-06	9.3975e-09
922	0.99579	0.0042107	1.159e-06	6.0878e-09
923	0.99618	0.0038201	1.1417e-06	5.1686e-09
924	0.99775	0.0022509	1.1224e-06	2.9112e-09
925	0.99831	0.0016922	1.0979e-06	2.1134e-09
926	0.99969	0.00031141	1.0775e-06	3.6788e-10
927	0.99981	0.00018687	1.0519e-06	2.1222e-10
928	0.99774	0.0022591	1.0202e-06	2.4983e-09
929	0.99663	0.0033695	9.9276e-07	3.6127e-09
930	0.99641	0.003588	9.694e-07	3.7336e-09
931	0.99494	0.0050628	9.4155e-07	5.1503e-09
932	0.99447	0.0055292	9.1774e-07	5.4764e-09
933	0.99503	0.0049655	8.982e-07	4.7706e-09
934	0.99667	0.0033295	8.8276e-07	3.0418e-09
935	0.997	0.003	8.6299e-07	2.6233e-09
936	0.99637	0.0036284	8.3916e-07	3.0712e-09
937	0.99435	0.0056448	8.1072e-07	4.6858e-09
938	0.99343	0.0065679	7.8607e-07	5.2631e-09
939	0.99381	0.0061918	7.5921e-07	4.8409e-09
940	0.99257	0.0074273	7.2782e-07	5.6994e-09
941	0.99242	0.0075764	7.0011e-07	5.6487e-09
942	0.99341	0.0065871	6.7622e-07	4.748e-09
943	0.99262	0.0073829	6.5393e-07	5.0619e-09
944	0.99317	0.0068332	6.2948e-07	4.5146e-09
945	0.99513	0.0048658	6.0276e-07	3.1702e-09
