#coord	neutral	conserved	gBGC.neutral	gBGC.conserved
1	0.067472	0.015534	0.72814	0.18886
2	0.067466	0.014648	0.73642	0.18146
3	0.067923	0.013257	0.75094	0.16788
4	0.069227	0.011035	0.77507	0.14467
5	0.071786	0.0075767	0.81353	0.10711
6	0.076247	0.0022331	0.8738	0.047715
7	0.076799	0.0015798	0.886	0.035622
8	0.077691	0.00056229	0.9049	0.016843
9	0.078633	0.00010106	0.91824	0.0030303
10	0.079139	4.4422e-05	0.9196	0.0012177
11	0.07952	8.2114e-05	0.91886	0.0015386
12	0.079936	5.6467e-05	0.91899	0.0010191
13	0.08035	4.3751e-05	0.91878	0.00082398
14	0.080725	4.2211e-05	0.91834	0.00089092
15	0.082214	5.1748e-05	0.9169	0.00083524
16	0.083617	7.6678e-05	0.91527	0.0010327
17	0.085025	0.00012733	0.91328	0.0015679
18	0.086298	0.00024342	0.91065	0.0028107
19	0.087348	0.00051978	0.90642	0.0057077
20	0.088119	0.0011034	0.89894	0.011838
21	0.089051	0.0014614	0.89414	0.015347
22	0.090229	0.0016014	0.89157	0.016598
23	0.091513	0.0015736	0.89082	0.01609
24	0.092924	0.001359	0.89201	0.013704
25	0.094505	0.00091689	0.8955	0.0090796
26	0.096323	0.00018345	0.90189	0.001607
27	0.097533	8.2326e-05	0.90183	0.0005596
28	0.097299	0.00012803	0.9015	0.0010744
29	0.09712	9.2048e-05	0.90196	0.00082946
30	0.096926	8.0896e-05	0.90219	0.00080612
31	0.096724	8.8553e-05	0.90219	0.0009926
32	0.096465	0.00012701	0.90186	0.001546
33	0.096161	0.0002205	0.90075	0.0028649
34	0.095709	0.00043506	0.89805	0.0058048
35	0.095419	0.00049844	0.89704	0.0070394
36	0.09522	0.0004432	0.8974	0.0069348
37	0.094581	0.00083898	0.89107	0.013506
38	0.094105	0.0010449	0.88746	0.017387
39	0.093765	0.0010876	0.88606	0.019087
40	0.093804	0.0013821	0.88298	0.021833
41	0.093996	0.0014958	0.882	0.022511
42	0.094333	0.0014364	0.88306	0.021169
43	0.094827	0.0011925	0.88638	0.0176
44	0.095122	0.0011589	0.88689	0.016828
45	0.095171	0.0013438	0.8849	0.018587
46	0.095364	0.0013571	0.88484	0.018442
47	0.095771	0.0011682	0.88691	0.016152
48	0.096432	0.00073481	0.89156	0.011272
49	0.096802	0.00056606	0.89317	0.0094576
50	0.096657	0.00088636	0.88851	0.013948
51	0.096724	0.0010057	0.88625	0.016015
52	0.097429	0.0014155	0.88204	0.019118
53	0.097525	0.0023791	0.87307	0.027029
54	0.098055	0.0029312	0.86778	0.03123
55	0.098924	0.0031687	0.86533	0.032574
56	0.1001	0.0031233	0.86543	0.031347
57	0.10147	0.0028246	0.868	0.027703
58	0.10253	0.0028648	0.8672	0.027404
59	0.1039	0.0026174	0.86887	0.024612
60	0.10566	0.0020123	0.87354	0.018789
61	0.10692	0.0018421	0.87432	0.016917
62	0.10837	0.0014245	0.87734	0.012861
63	0.11024	0.0006194	0.88353	0.0056128
64	0.11127	0.00059662	0.88286	0.0052729
65	0.11249	0.00040128	0.88355	0.0035505
66	0.1126	0.0012609	0.87577	0.010365
67	0.11311	0.0017445	0.87099	0.014156
68	0.1138	0.0019892	0.86827	0.015936
69	0.107	0.0097533	0.80643	0.076822
70	0.103	0.014728	0.76684	0.11542
71	0.10085	0.017885	0.74178	0.13948
72	0.099929	0.019828	0.72641	0.15383
73	0.096397	0.024333	0.69177	0.1875
74	0.088047	0.033675	0.61952	0.25875
75	0.082379	0.040292	0.57045	0.30688
76	0.078677	0.044899	0.53789	0.33854
77	0.076692	0.047804	0.51796	0.35754
78	0.075645	0.049731	0.50572	0.3689
79	0.075573	0.050698	0.50027	0.37346
80	0.076173	0.050953	0.50002	0.37285
81	0.077473	0.050468	0.505	0.36706
82	0.077238	0.051481	0.49983	0.37145
83	0.077889	0.05162	0.50045	0.37004
84	0.079264	0.050998	0.50637	0.36337
85	0.081775	0.049253	0.51944	0.34953
86	0.085882	0.045926	0.54236	0.32583
87	0.092381	0.040222	0.57971	0.28769
88	0.095353	0.038006	0.59476	0.27188
89	0.1001	0.03403	0.62044	0.24543
90	0.10754	0.027376	0.66188	0.2032
91	0.11918	0.016541	0.72738	0.13691
92	0.121	0.015478	0.73308	0.13044
93	0.12385	0.013409	0.74476	0.11798
94	0.12784	0.010156	0.76384	0.098171
95	0.13167	0.0090529	0.7753	0.083977
96	0.1367	0.0067953	0.79554	0.060957
97	0.14308	0.00308	0.82738	0.026465
98	0.14766	0.0012078	0.84116	0.0099717
99	0.15138	0.00026184	0.84623	0.002134
100	0.15409	0.00037886	0.84285	0.0026825
101	0.15703	0.00032413	0.84041	0.0022355
102	0.16023	7.367e-05	0.83898	0.00071581
103	0.1693	0.00024371	0.82898	0.0014757
104	0.17873	0.00025313	0.81963	0.0013831
105	0.18793	9.5312e-05	0.81145	0.00052709
106	0.19515	0.0014186	0.79681	0.0066164
107	0.20115	0.0045693	0.77374	0.020537
108	0.20762	0.0068548	0.75629	0.029236
109	0.20082	0.022592	0.68452	0.092074
110	0.19744	0.034541	0.63439	0.13364
111	0.19667	0.04352	0.59952	0.16029
112	0.19873	0.049823	0.57575	0.17569
113	0.20207	0.054528	0.55895	0.18445
114	0.20649	0.057822	0.54756	0.18813
115	0.21193	0.059795	0.54059	0.18769
116	0.21913	0.060127	0.53784	0.1829
117	0.22855	0.058381	0.5398	0.17327
118	0.24005	0.054258	0.54719	0.15851
119	0.25588	0.04593	0.56283	0.13536
120	0.2785	0.030964	0.59071	0.099832
121	0.29237	0.024416	0.5992	0.084011
122	0.31671	0.023961	0.58849	0.070839
123	0.34305	0.020504	0.58364	0.052811
124	0.37514	0.011745	0.58622	0.026898
125	0.40144	0.0077713	0.57498	0.015808
126	0.43028	0.00029398	0.56905	0.0003727
127	0.43365	0.00032988	0.56559	0.00043083
128	0.43624	0.0012188	0.56091	0.0016369
129	0.438	0.0030074	0.55493	0.0040609
130	0.4379	0.0067331	0.54626	0.009106
131	0.439	0.0090993	0.53975	0.012147
132	0.44106	0.010351	0.53496	0.013629
133	0.44395	0.01063	0.5316	0.013821
134	0.44804	0.0097689	0.52954	0.012651
135	0.4531	0.0078096	0.52895	0.010142
136	0.45649	0.0073654	0.52665	0.0094923
137	0.45889	0.0079843	0.52294	0.010183
138	0.462	0.0077553	0.52042	0.0098244
139	0.46365	0.0088653	0.51645	0.011033
140	0.46608	0.0090615	0.51373	0.011126
141	0.46931	0.0083469	0.5122	0.010141
142	0.47346	0.006605	0.51198	0.0079581
143	0.47609	0.0062689	0.51022	0.0074168
144	0.47951	0.0050419	0.5096	0.0058465
145	0.48197	0.0048144	0.50774	0.0054731
146	0.48544	0.0036417	0.50682	0.0041026
147	0.4898	0.0014627	0.50712	0.0016198
148	0.49204	0.0014457	0.50494	0.0015682
149	0.4937	0.0019099	0.50238	0.0020056
150	0.49473	0.0030552	0.49907	0.0031428
151	0.49663	0.0033737	0.49655	0.0034469
152	0.4991	0.0030218	0.49482	0.0030542
153	0.50248	0.0018111	0.49387	0.001837
154	0.50499	0.0013648	0.49227	0.0013765
155	0.50718	0.0012921	0.49022	0.0013055
156	0.50979	0.00069559	0.4888	0.00071381
157	0.51194	0.00044627	0.48715	0.00046163
158	0.51401	0.00032466	0.48531	0.00035322
159	0.50739	0.0087658	0.47475	0.0090995
160	0.48934	0.028674	0.45215	0.029835
161	0.47757	0.042222	0.43675	0.043464
162	0.44712	0.074363	0.40335	0.075175
163	0.4267	0.096396	0.38079	0.096123
164	0.41467	0.11007	0.3663	0.10897
165	0.40827	0.11815	0.3572	0.11638
166	0.39161	0.13652	0.33785	0.13402
167	0.3808	0.14898	0.32482	0.14541
168	0.37535	0.15609	0.31686	0.1517
169	0.37307	0.15998	0.31219	0.15477
170	0.3743	0.16038	0.31058	0.15474
171	0.3697	0.16664	0.30344	0.16022
172	0.36816	0.16977	0.29943	0.16264
173	0.37015	0.16941	0.29841	0.16202
174	0.37588	0.16534	0.3004	0.15839
175	0.38519	0.15762	0.30547	0.15173
176	0.40077	0.14365	0.3152	0.14038
177	0.40697	0.139	0.31761	0.13642
178	0.40739	0.14016	0.31491	0.13755
179	0.41044	0.13862	0.31467	0.13627
180	0.4165	0.13399	0.31712	0.13239
181	0.42735	0.12461	0.32313	0.1249
182	0.44508	0.10838	0.33408	0.11246
183	0.45281	0.10219	0.33709	0.10791
184	0.46578	0.090781	0.3438	0.099632
185	0.48459	0.073472	0.35496	0.086978
186	0.49613	0.067307	0.35915	0.077412
187	0.48103	0.08789	0.34034	0.090741
188	0.47206	0.10212	0.32709	0.098729
189	0.46867	0.11086	0.31792	0.10254
190	0.46848	0.1162	0.31166	0.10366
191	0.47184	0.11806	0.30785	0.10224
192	0.47786	0.11708	0.30641	0.098664
193	0.48692	0.11284	0.30759	0.092661
194	0.50115	0.10351	0.31229	0.083047
195	0.52295	0.08671	0.32205	0.068289
196	0.53496	0.079787	0.32366	0.061588
197	0.55154	0.068087	0.32874	0.05163
198	0.57459	0.049713	0.33858	0.037119
199	0.58685	0.041929	0.3406	0.030621
200	0.60503	0.028316	0.3462	0.020449
201	0.62989	0.0078313	0.3565	0.0057784
202	0.63364	0.0082678	0.35225	0.0058399
203	0.63827	0.0076462	0.34884	0.0052405
204	0.64393	0.0058207	0.34635	0.0039016
205	0.65087	0.0025456	0.3449	0.0016791
206	0.65426	0.0026618	0.34143	0.0016487
207	0.6586	0.0019021	0.33835	0.0011445
208	0.66367	0.00026585	0.33591	0.00015448
209	0.66737	6.6312e-05	0.33253	3.7365e-05
210	0.66903	0.0020623	0.32782	0.0010863
211	0.66833	0.0062692	0.32219	0.0032132
212	0.66915	0.0087951	0.31765	0.0044141
213	0.67117	0.0099675	0.31396	0.0049071
214	0.67426	0.0099268	0.31102	0.0047956
215	0.67889	0.0084192	0.30867	0.0040214
216	0.68488	0.0054049	0.30717	0.0025487
217	0.68694	0.0065574	0.30345	0.003053
218	0.6903	0.0064785	0.30022	0.0030058
219	0.69458	0.0053422	0.2976	0.0024837
220	0.69747	0.005454	0.29457	0.0025124
221	0.70121	0.0045825	0.2921	0.0021051
222	0.70381	0.0047289	0.28932	0.0021401
223	0.70063	0.010716	0.28394	0.0047102
224	0.70015	0.014058	0.27967	0.0061188
225	0.70125	0.015697	0.2763	0.0067542
226	0.69893	0.020629	0.27173	0.0087045
227	0.69923	0.022999	0.26817	0.0095989
228	0.70169	0.023275	0.26538	0.0096607
229	0.69155	0.036206	0.2573	0.014952
230	0.66443	0.065994	0.24273	0.026849
231	0.64672	0.086257	0.23252	0.034505
232	0.63705	0.09853	0.22547	0.038955
233	0.63182	0.10626	0.22044	0.041488
234	0.6302	0.11026	0.21701	0.042529
235	0.63164	0.11112	0.21488	0.042369
236	0.637	0.10809	0.21404	0.040871
237	0.64592	0.10142	0.21458	0.038089
238	0.63845	0.11117	0.20921	0.041173
239	0.63497	0.11684	0.20548	0.04271
240	0.63572	0.11833	0.20314	0.042818
241	0.64049	0.11584	0.20204	0.04163
242	0.64878	0.10973	0.20224	0.039245
243	0.66166	0.098943	0.20405	0.035341
244	0.5817	0.18104	0.17433	0.062933
245	0.5318	0.23311	0.15503	0.080058
246	0.4977	0.26931	0.14174	0.091255
247	0.47734	0.29179	0.13304	0.097823
248	0.46445	0.30673	0.12711	0.10171
249	0.43078	0.34238	0.11492	0.11193
250	0.41064	0.36451	0.10701	0.11783
251	0.39788	0.3792	0.10168	0.12124
252	0.39091	0.38803	0.098279	0.12278
253	0.38968	0.39115	0.096484	0.12269
254	0.39259	0.39005	0.095947	0.12141
255	0.39995	0.38445	0.096685	0.11892
256	0.41285	0.37324	0.098956	0.11496
257	0.43276	0.35495	0.10313	0.10916
258	0.46227	0.32702	0.10987	0.10085
259	0.47413	0.31666	0.11195	0.097257
260	0.49293	0.29931	0.11595	0.091807
261	0.52386	0.26985	0.12293	0.083361
262	0.56881	0.22632	0.13364	0.071232
263	0.63369	0.16279	0.1497	0.053814
264	0.73635	0.06152	0.17498	0.027143
265	0.74189	0.060071	0.17252	0.025522
266	0.73005	0.075824	0.16547	0.028657
267	0.72354	0.086095	0.16011	0.030261
268	0.70266	0.11058	0.15177	0.034997
269	0.68968	0.12701	0.14565	0.037662
270	0.68248	0.13753	0.14112	0.038872
271	0.65995	0.16325	0.13373	0.043078
272	0.60454	0.22206	0.11952	0.053885
273	0.57062	0.25944	0.1099	0.060036
274	0.54846	0.28494	0.10313	0.063475
275	0.53646	0.30032	0.098388	0.064831
276	0.53175	0.30847	0.095045	0.064734
277	0.53163	0.3119	0.092763	0.0637
278	0.52145	0.32545	0.088582	0.064511
279	0.51692	0.33324	0.085642	0.064205
280	0.4513	0.40215	0.072314	0.074237
281	0.40609	0.45054	0.063143	0.080223
282	0.37532	0.4844	0.056796	0.083491
283	0.35488	0.50781	0.052391	0.084914
284	0.34381	0.52191	0.049451	0.084835
285	0.33838	0.53026	0.047516	0.083851
286	0.33885	0.53273	0.046415	0.081996
287	0.34517	0.52941	0.046087	0.079331
288	0.35849	0.51912	0.046624	0.075763
289	0.3815	0.49918	0.04828	0.071037
290	0.41578	0.46787	0.05136	0.06499
291	0.4655	0.42101	0.056326	0.057155
292	0.46858	0.42085	0.055019	0.05555
293	0.47816	0.41423	0.054417	0.053199
294	0.49399	0.40125	0.054586	0.050177
295	0.49717	0.40082	0.053314	0.048694
296	0.50537	0.39528	0.052682	0.046666
297	0.51978	0.38344	0.052783	0.043999
298	0.5445	0.36132	0.053827	0.04035
299	0.58126	0.32707	0.056108	0.03556
300	0.63451	0.27624	0.060018	0.029229
301	0.65826	0.25482	0.060759	0.026161
302	0.69674	0.21871	0.062733	0.021819
303	0.75228	0.16544	0.066289	0.015985
304	0.77974	0.14031	0.066798	0.013153
305	0.81939	0.10289	0.068407	0.0093142
306	0.88197	0.042586	0.071704	0.0037419
307	0.89166	0.035068	0.070301	0.0029671
308	0.90583	0.022986	0.069345	0.0018402
309	0.928	0.0029451	0.068904	0.00015332
310	0.93099	0.00019749	0.068798	1.0203e-05
311	0.93127	0.00020889	0.068508	1.3525e-05
312	0.93165	0.00012993	0.068214	9.1253e-06
313	0.91229	0.019757	0.06653	0.0014218
314	0.90064	0.03169	0.065385	0.0022829
315	0.89327	0.039321	0.064591	0.0028139
316	0.88918	0.043653	0.064066	0.0030973
317	0.88841	0.044679	0.063758	0.0031506
318	0.8902	0.043123	0.063663	0.0030127
319	0.87629	0.057274	0.062459	0.0039726
320	0.8675	0.066297	0.061649	0.0045581
321	0.86346	0.07057	0.061148	0.004823
322	0.71389	0.22041	0.050446	0.015254
323	0.61957	0.31501	0.043573	0.021846
324	0.55507	0.37978	0.03895	0.026206
325	0.51498	0.42014	0.035991	0.028893
326	0.49075	0.44465	0.03412	0.030483
327	0.47716	0.45853	0.03298	0.031334
328	0.46984	0.46612	0.032316	0.031725
329	0.44564	0.49057	0.030543	0.033241
330	0.43038	0.50608	0.029424	0.03412
331	0.39413	0.54258	0.026884	0.036411
332	0.37232	0.56464	0.025297	0.037742
333	0.36026	0.57696	0.024355	0.038419
334	0.35399	0.58348	0.023838	0.038688
335	0.35399	0.58374	0.023723	0.038546
336	0.3602	0.57779	0.024001	0.038004
337	0.37238	0.56586	0.024695	0.037061
338	0.39435	0.54415	0.025993	0.035507
339	0.43071	0.50805	0.028163	0.033073
340	0.48439	0.45462	0.031478	0.02951
341	0.56983	0.36944	0.036706	0.024026
342	0.69437	0.24514	0.044496	0.015996
343	0.75489	0.18487	0.048087	0.012156
344	0.78092	0.15907	0.04954	0.010472
345	0.79231	0.14792	0.050027	0.0097438
346	0.79506	0.14542	0.049943	0.0095758
347	0.80224	0.13847	0.050168	0.0091179
348	0.81484	0.12609	0.050764	0.0083073
349	0.83462	0.10651	0.051849	0.0070262
350	0.83172	0.10961	0.05146	0.0072089
351	0.83251	0.10901	0.051335	0.0071466
352	0.83706	0.10463	0.051476	0.0068352
353	0.846	0.095838	0.051928	0.0062316
354	0.86203	0.079976	0.052807	0.0051901
355	0.85832	0.08386	0.052409	0.0054156
356	0.85791	0.084423	0.052244	0.0054248
357	0.86073	0.081737	0.052308	0.005223
358	0.85812	0.084494	0.052014	0.0053681
359	0.85885	0.083899	0.051954	0.0052979
360	0.863	0.079866	0.052133	0.005005
361	0.8721	0.070885	0.052605	0.0044097
362	0.88647	0.056619	0.053442	0.0034656
363	0.90801	0.035175	0.054778	0.0020383
364	0.91809	0.025197	0.055337	0.0013788
365	0.92204	0.021326	0.055529	0.0011038
366	0.92958	0.013882	0.055929	0.00061081
367	0.93196	0.010518	0.05704	0.00048519
368	0.93669	0.0047556	0.058332	0.00022584
369	0.93851	0.0019189	0.059471	9.5725e-05
370	0.93734	0.002112	0.060432	0.00011847
371	0.93534	0.0030773	0.061391	0.0001884
372	0.93219	0.0052222	0.062242	0.00034211
373	0.93032	0.0060414	0.063228	0.00040732
374	0.9299	0.0054339	0.064284	0.00037815
375	0.93072	0.0035431	0.065482	0.00025508
376	0.93012	0.0030201	0.066638	0.00022296
377	0.93055	0.0014112	0.067929	0.0001072
378	0.93008	0.00065122	0.069217	5.0304e-05
379	0.92821	0.001228	0.070464	9.377e-05
380	0.92584	0.0023372	0.071637	0.00018133
381	0.92197	0.0048907	0.072757	0.00038186
382	0.91974	0.005832	0.073965	0.00046426
383	0.91894	0.0053694	0.075253	0.0004373
384	0.91933	0.0036651	0.076707	0.00030239
385	0.92154	0.00015749	0.078286	1.3184e-05
386	0.91995	0.000563	0.079439	5.0305e-05
387	0.91895	0.00031233	0.080709	2.9486e-05
388	0.91518	0.0027714	0.081785	0.00026136
389	0.91261	0.0039772	0.083033	0.00038052
390	0.91106	0.0040952	0.084446	0.00039831
391	0.90853	0.0052311	0.085723	0.00051889
392	0.90711	0.0051791	0.087183	0.00052374
393	0.90712	0.0037448	0.088744	0.0003942
394	0.90587	0.0034963	0.090259	0.00037867
395	0.89966	0.0082375	0.091195	0.000908
396	0.88722	0.019147	0.091509	0.0021271
397	0.87946	0.025407	0.092251	0.0028838
398	0.87447	0.028827	0.09337	0.0033329
399	0.87169	0.029972	0.094812	0.0035303
400	0.87099	0.028953	0.09658	0.0034769
401	0.8725	0.025648	0.09871	0.003142
402	0.8774	0.018996	0.10121	0.0024016
403	0.87813	0.016379	0.10338	0.0021101
404	0.88097	0.011563	0.10595	0.0015159
405	0.88099	0.0096203	0.10811	0.0012858
406	0.87932	0.0094448	0.10994	0.0012888
407	0.87901	0.007831	0.11207	0.0010956
408	0.88021	0.0046122	0.11451	0.00066948
409	0.87733	0.005526	0.11633	0.000814
410	0.87549	0.0052994	0.11841	0.00079902
411	0.86781	0.010825	0.11975	0.0016152
412	0.82618	0.050147	0.1164	0.0072726
413	0.79964	0.074421	0.11492	0.011023
414	0.78293	0.088917	0.11467	0.013481
415	0.74634	0.12319	0.11143	0.019034
416	0.72093	0.14619	0.1099	0.022982
417	0.70533	0.15943	0.10967	0.025575
418	0.69656	0.16588	0.11038	0.027179
419	0.69309	0.16707	0.11186	0.027976
420	0.69355	0.16424	0.11411	0.028096
421	0.60036	0.25495	0.10046	0.044233
422	0.53555	0.31718	0.091416	0.05585
423	0.49058	0.35948	0.085629	0.064311
424	0.39792	0.44951	0.070842	0.081731
425	0.33954	0.50529	0.061466	0.093703
426	0.30292	0.53935	0.055649	0.10208
427	0.22096	0.61866	0.04106	0.11932
428	0.16934	0.66766	0.031625	0.13138
429	0.13401	0.70029	0.025246	0.14046
430	0.11194	0.71968	0.021194	0.14718
431	0.096877	0.73199	0.01851	0.15262
432	0.086977	0.73906	0.016843	0.15712
433	0.062126	0.761	0.01206	0.16481
434	0.046562	0.77368	0.0089676	0.17079
435	0.036926	0.78045	0.0069938	0.17563
436	0.03114	0.7834	0.0057687	0.17969
437	0.02796	0.78376	0.0050603	0.18322
438	0.026695	0.78223	0.0047314	0.18635
439	0.026719	0.77933	0.0046791	0.18927
440	0.028425	0.77477	0.0049387	0.19187
441	0.032175	0.76819	0.0055628	0.19408
442	0.031876	0.76566	0.005365	0.1971
443	0.032999	0.76164	0.0054653	0.1999
444	0.035632	0.75603	0.0058664	0.20247
445	0.040788	0.74792	0.0067031	0.20459
446	0.048726	0.73695	0.0080654	0.20626
447	0.061703	0.72096	0.010288	0.20705
448	0.058235	0.72402	0.0098621	0.20789
449	0.057432	0.72442	0.0099494	0.2082
450	0.058524	0.7229	0.010474	0.2081
451	0.054111	0.72687	0.0097856	0.20923
452	0.051838	0.72868	0.0095495	0.20994
453	0.051476	0.72855	0.0097477	0.21023
454	0.045406	0.73411	0.0087005	0.21179
455	0.041657	0.73732	0.0081354	0.21289
456	0.040256	0.73819	0.0080466	0.21351
457	0.033974	0.74395	0.0068234	0.21525
458	0.029895	0.74749	0.0060762	0.21654
459	0.027539	0.74928	0.0057113	0.21747
460	0.026935	0.74932	0.0057236	0.21802
461	0.027953	0.74775	0.0061153	0.21818
462	0.030803	0.74436	0.0069618	0.21788
463	0.029431	0.74516	0.0067234	0.21869
464	0.029778	0.74425	0.0068972	0.21907
465	0.031506	0.74194	0.0074524	0.2191
466	0.029584	0.74328	0.0070128	0.22012
467	0.029055	0.74321	0.0069489	0.22079
468	0.030214	0.74145	0.0073085	0.22102
469	0.033308	0.73777	0.0081627	0.22076
470	0.038308	0.73216	0.0095618	0.21997
471	0.046796	0.72307	0.011878	0.21826
472	0.06058	0.70869	0.015576	0.21515
473	0.080473	0.68818	0.021028	0.21032
474	0.10946	0.65854	0.029149	0.20285
475	0.12123	0.6461	0.032585	0.20008
476	0.11343	0.6532	0.030457	0.20292
477	0.10913	0.65677	0.029376	0.20473
478	0.1084	0.65678	0.029277	0.20555
479	0.11029	0.65413	0.029984	0.20559
480	0.088335	0.67531	0.023842	0.21251
481	0.073435	0.6894	0.019759	0.21741
482	0.063479	0.69852	0.017103	0.2209
483	0.057056	0.70407	0.015461	0.22341
484	0.05317	0.70705	0.014551	0.22523
485	0.051871	0.70746	0.01434	0.22633
486	0.05234	0.70607	0.01468	0.22691
487	0.055256	0.70224	0.01574	0.22676
488	0.061229	0.69537	0.017724	0.22568
489	0.070557	0.68511	0.020847	0.22349
490	0.085895	0.66885	0.025854	0.2194
491	0.10814	0.64564	0.03326	0.21295
492	0.14063	0.61216	0.044309	0.2029
493	0.15507	0.59675	0.049342	0.19884
494	0.17884	0.57201	0.057396	0.19175
495	0.21698	0.53292	0.07007	0.18003
496	0.21705	0.53186	0.070472	0.18062
497	0.22175	0.52618	0.072353	0.17971
498	0.21777	0.52915	0.071424	0.18165
499	0.21834	0.52759	0.071952	0.18212
500	0.2236	0.52134	0.074006	0.18105
501	0.23347	0.51044	0.077729	0.17835
502	0.25106	0.49185	0.084002	0.17309
503	0.27724	0.46462	0.093431	0.16471
504	0.31954	0.42129	0.10829	0.15088
505	0.38143	0.35832	0.13043	0.12982
506	0.4716	0.26702	0.16334	0.09803
507	0.60113	0.13633	0.21163	0.050918
508	0.61734	0.11903	0.21854	0.045088
509	0.62354	0.11181	0.22177	0.042886
510	0.62252	0.11174	0.22252	0.043219
511	0.59411	0.13901	0.21295	0.053925
512	0.57494	0.15699	0.20701	0.06106
513	0.56361	0.16714	0.20386	0.065382
514	0.53626	0.19326	0.19479	0.075693
515	0.51768	0.21055	0.18912	0.08265
516	0.50692	0.22004	0.18622	0.08682
517	0.42623	0.29948	0.15584	0.11844
518	0.37543	0.34906	0.13651	0.13899
519	0.34366	0.37964	0.12435	0.15236
520	0.32203	0.40002	0.11637	0.16159
521	0.30936	0.41146	0.11177	0.16741
522	0.30179	0.41775	0.1093	0.17116
523	0.27963	0.43859	0.10107	0.18072
524	0.26486	0.45198	0.095857	0.1873
525	0.25574	0.45967	0.092938	0.19165
526	0.23355	0.48046	0.084629	0.20137
527	0.2203	0.49231	0.079695	0.20769
528	0.21222	0.49896	0.076909	0.21191
529	0.20805	0.50164	0.075749	0.21456
530	0.20729	0.50086	0.076009	0.21584
531	0.21087	0.49576	0.077918	0.21545
532	0.18851	0.51654	0.069427	0.22552
533	0.17504	0.52845	0.064321	0.23218
534	0.16646	0.53543	0.061265	0.23685
535	0.14606	0.55424	0.053101	0.2466
536	0.13226	0.5664	0.047729	0.25361
537	0.12325	0.57371	0.044361	0.25868
538	0.11784	0.57738	0.042496	0.26229
539	0.11533	0.57809	0.041845	0.26474
540	0.11549	0.57607	0.042337	0.2661
541	0.10873	0.5809	0.040072	0.27029
542	0.10577	0.58195	0.039254	0.27302
543	0.10603	0.5798	0.0397	0.27446
544	0.082829	0.60114	0.029904	0.28613
545	0.067029	0.61501	0.023315	0.29465
546	0.056374	0.62368	0.018926	0.30102
547	0.049342	0.62866	0.016065	0.30593
548	0.045472	0.63051	0.014421	0.3096
549	0.043942	0.63002	0.013671	0.31236
550	0.04402	0.62788	0.013573	0.31453
551	0.045716	0.62405	0.014111	0.31613
552	0.049808	0.61784	0.015477	0.31687
553	0.049111	0.61636	0.015014	0.31951
554	0.050097	0.61314	0.01523	0.32153
555	0.052907	0.60803	0.016157	0.32291
556	0.057941	0.60063	0.017935	0.3235
557	0.057808	0.59832	0.017733	0.32614
558	0.059525	0.59409	0.018286	0.32809
559	0.056431	0.597	0.017804	0.32877
560	0.055732	0.59752	0.018187	0.32857
561	0.057293	0.59578	0.019515	0.32741
562	0.054404	0.5985	0.018843	0.32825
563	0.053333	0.59938	0.018929	0.32836
564	0.054452	0.59808	0.019938	0.32753
565	0.050965	0.60139	0.018853	0.32879
566	0.049836	0.60235	0.018705	0.32911
567	0.050389	0.60161	0.01934	0.32866
568	0.053194	0.59862	0.021	0.32719
569	0.058836	0.5928	0.024009	0.32436
570	0.068511	0.58295	0.028961	0.31958
571	0.084268	0.56703	0.036838	0.31186
572	0.10708	0.54404	0.048434	0.30045
573	0.14336	0.50757	0.066588	0.28248
574	0.15885	0.49188	0.074528	0.27474
575	0.18411	0.46642	0.087248	0.26222
576	0.22072	0.4296	0.10603	0.24366
577	0.23751	0.41259	0.11453	0.23536
578	0.26271	0.38715	0.12757	0.22257
579	0.27235	0.37725	0.13273	0.21767
580	0.28936	0.35998	0.14161	0.20905
581	0.31497	0.33408	0.15524	0.19571
582	0.35234	0.2964	0.17547	0.17579
583	0.35335	0.29504	0.17631	0.1753
584	0.35904	0.28901	0.1796	0.17235
585	0.36926	0.27843	0.18549	0.16683
586	0.38535	0.26194	0.19483	0.15789
587	0.40947	0.23738	0.20895	0.14419
588	0.4485	0.19794	0.23125	0.12231
589	0.43856	0.20748	0.22588	0.12808
590	0.4329	0.2127	0.22309	0.13131
591	0.43082	0.21431	0.22242	0.13245
592	0.43206	0.21256	0.22375	0.13162
593	0.43789	0.20624	0.22759	0.12828
594	0.44957	0.19409	0.23461	0.12173
595	0.4405	0.20265	0.22995	0.1269
596	0.43551	0.20709	0.22774	0.12966
597	0.43408	0.20793	0.22768	0.13031
598	0.43689	0.20455	0.22994	0.12862
599	0.44459	0.19629	0.23492	0.1242
600	0.40318	0.23717	0.21089	0.14876
601	0.37739	0.26244	0.19575	0.16442
602	0.36178	0.27755	0.18649	0.17418
603	0.35181	0.28697	0.18077	0.18044
604	0.34724	0.29102	0.17809	0.18365
605	0.34711	0.29063	0.17788	0.18437
606	0.35059	0.28661	0.17981	0.18299
607	0.35926	0.27741	0.18447	0.17886
608	0.37328	0.26282	0.19219	0.17171
609	0.39482	0.24068	0.20422	0.16028
610	0.39086	0.24399	0.20208	0.16307
611	0.39122	0.243	0.20239	0.16339
612	0.38337	0.2502	0.19782	0.16862
613	0.38038	0.25253	0.19609	0.171
614	0.38078	0.25145	0.19649	0.17128
615	0.38463	0.24687	0.19903	0.16947
616	0.38095	0.24984	0.19696	0.17225
617	0.38077	0.24927	0.19712	0.17283
618	0.38498	0.24433	0.19975	0.17094
619	0.36561	0.26292	0.18782	0.18365
620	0.35426	0.2735	0.18078	0.19145
621	0.34859	0.27843	0.17719	0.19579
622	0.28967	0.33657	0.13859	0.23517
623	0.24935	0.37606	0.1126	0.26199
624	0.22425	0.40035	0.09607	0.27933
625	0.20899	0.41481	0.085716	0.29049
626	0.1991	0.42387	0.078961	0.29807
627	0.19327	0.42882	0.074815	0.30309
628	0.19159	0.42965	0.072956	0.3058
629	0.19299	0.42736	0.072797	0.30686
630	0.19852	0.42095	0.074521	0.30601
631	0.20939	0.40921	0.078456	0.30295
632	0.21146	0.40628	0.078256	0.304
633	0.217	0.39984	0.079777	0.30338
634	0.20098	0.41625	0.072324	0.31045
635	0.19178	0.42583	0.067981	0.3144
636	0.18745	0.43056	0.065891	0.3161
637	0.18703	0.43139	0.06564	0.31594
638	0.18956	0.42924	0.066919	0.31428
639	0.1955	0.42366	0.069991	0.31086
640	0.20682	0.41269	0.075678	0.30481
641	0.22402	0.39584	0.084486	0.29566
642	0.24968	0.37047	0.097885	0.28196
643	0.24762	0.37282	0.096495	0.28307
644	0.23639	0.3843	0.090149	0.28916
645	0.2307	0.39025	0.086689	0.29236
646	0.22933	0.39189	0.085443	0.29334
647	0.2311	0.39037	0.085899	0.29264
648	0.23724	0.38448	0.088448	0.28983
649	0.24767	0.37428	0.093188	0.28486
650	0.26564	0.35654	0.1014	0.27641
651	0.29214	0.33025	0.11386	0.26374
652	0.291	0.33362	0.11383	0.26155
653	0.29412	0.33275	0.1161	0.25702
654	0.30093	0.32813	0.12079	0.25015
655	0.31245	0.31871	0.12877	0.24007
656	0.33203	0.30126	0.14201	0.2247
657	0.36078	0.27458	0.16185	0.2028
658	0.40671	0.23073	0.19308	0.16948
659	0.47383	0.16562	0.2395	0.12105
660	0.57057	0.070816	0.30734	0.05128
661	0.58416	0.059062	0.31467	0.042104
662	0.60574	0.039371	0.32724	0.027651
663	0.63964	0.0073944	0.34779	0.0051824
664	0.64562	0.0032454	0.34892	0.0022138
665	0.64955	0.0011956	0.34846	0.00079063
666	0.65257	0.0001	0.34727	6.4702e-05
667	0.65433	0.00017417	0.3454	9.5841e-05
668	0.65618	0.00020033	0.34351	0.00010597
669	0.65723	0.00093814	0.34136	0.00047533
670	0.65769	0.0023101	0.33884	0.0011641
671	0.65913	0.0027353	0.33676	0.0013721
672	0.66148	0.0022973	0.33507	0.0011508
673	0.661	0.0045793	0.33215	0.0022686
674	0.66188	0.005545	0.32984	0.0027322
675	0.66365	0.0055326	0.32812	0.0026904
676	0.66662	0.0043638	0.32692	0.0020972
677	0.66858	0.0043354	0.32499	0.0020862
678	0.66936	0.0054065	0.32264	0.0025903
679	0.67132	0.0053448	0.32078	0.0025566
680	0.67415	0.0043163	0.31948	0.0020508
681	0.67839	0.0019239	0.31876	0.00093095
682	0.67987	0.0022071	0.31686	0.0010649
683	0.68198	0.0017627	0.31541	0.00084704
684	0.68482	0.00052163	0.31441	0.00024965
685	0.68628	0.00057374	0.31288	0.00026536
686	0.68837	3.3191e-05	0.31158	1.5009e-05
687	0.68999	1.0119e-05	0.31	4.6744e-06
688	0.69146	4.9216e-05	0.30847	2.2947e-05
689	0.69198	0.00097633	0.3066	0.00044602
690	0.69308	0.0012415	0.30511	0.0005612
691	0.69361	0.0020144	0.30348	0.00089183
692	0.695	0.001955	0.30218	0.00086254
693	0.69706	0.0011674	0.30127	0.00050829
694	0.69871	0.00081149	0.30012	0.00035236
695	0.7	0.00075822	0.29892	0.00032333
696	0.70199	4.0693e-05	0.29796	1.7023e-05
697	0.70333	1.8033e-06	0.29667	7.7478e-07
698	0.70453	3.5006e-05	0.29542	1.4971e-05
699	0.70563	0.00010822	0.29422	4.5359e-05
700	0.70637	0.00056797	0.29282	0.00024033
701	0.70684	0.0013263	0.29127	0.0005673
702	0.7081	0.0013288	0.28999	0.00058112
703	0.70674	0.0038875	0.28768	0.0016922
704	0.70652	0.0052495	0.28596	0.0022689
705	0.70727	0.0055886	0.28474	0.0024022
706	0.70896	0.0049199	0.28402	0.0021069
707	0.71167	0.0031724	0.2838	0.001356
708	0.71565	0.0001094	0.28419	4.5559e-05
709	0.70275	0.013163	0.27858	0.0055117
710	0.69503	0.021042	0.27507	0.0088646
711	0.69027	0.025922	0.2729	0.010908
712	0.67958	0.036754	0.26816	0.015499
713	0.67284	0.043606	0.2652	0.018354
714	0.66965	0.046924	0.26364	0.019786
715	0.6606	0.056061	0.25976	0.023581
716	0.63902	0.077696	0.25089	0.032394
717	0.62473	0.092013	0.24515	0.038113
718	0.59096	0.12577	0.23189	0.051377
719	0.5702	0.14654	0.22361	0.059654
720	0.558	0.15876	0.21863	0.064609
721	0.55176	0.16504	0.21598	0.067227
722	0.54937	0.16743	0.21498	0.068217
723	0.5505	0.16628	0.21549	0.067734
724	0.55618	0.16058	0.21775	0.06549
725	0.55445	0.16235	0.21686	0.066338
726	0.55607	0.16073	0.21742	0.065773
727	0.56128	0.1555	0.21951	0.063714
728	0.57206	0.14471	0.22372	0.05951
729	0.58881	0.12791	0.23045	0.052821
730	0.61375	0.10291	0.24068	0.042667
731	0.65395	0.06265	0.25686	0.026539
732	0.71279	0.0037227	0.28101	0.0024762
733	0.71391	0.0035803	0.2803	0.0022095
734	0.71412	0.0042989	0.27921	0.002377
735	0.71521	0.0040855	0.27858	0.0021236
736	0.7154	0.0047968	0.2775	0.0023112
737	0.71672	0.0043994	0.27684	0.0020456
738	0.71927	0.0028027	0.27665	0.0012803
739	0.71893	0.0040362	0.27531	0.0017156
740	0.71973	0.0041647	0.27438	0.0017262
741	0.71956	0.0052845	0.27301	0.0021376
742	0.71782	0.0080068	0.27099	0.0031811
743	0.71745	0.0093053	0.2696	0.0036503
744	0.71827	0.0093567	0.26875	0.0036258
745	0.72058	0.0079416	0.26842	0.0030585
746	0.72148	0.0079656	0.2675	0.0030554
747	0.7235	0.0068089	0.26709	0.0025945
748	0.72429	0.0069137	0.26617	0.0026234
749	0.72615	0.0059004	0.26573	0.0022232
750	0.72954	0.0033767	0.2658	0.0012817
751	0.72946	0.004282	0.26465	0.0016055
752	0.73049	0.0040934	0.26388	0.0015355
753	0.73243	0.0029527	0.26351	0.0011082
754	0.73545	0.0006742	0.26362	0.00025296
755	0.73547	0.0014277	0.26258	0.00052816
756	0.73614	0.001485	0.26183	0.00054455
757	0.73264	0.0057325	0.25954	0.0020879
758	0.7308	0.0082742	0.25794	0.0029847
759	0.7306	0.0091962	0.25689	0.0033134
760	0.73186	0.0086874	0.25631	0.0031454
761	0.73434	0.0069118	0.25623	0.002518
762	0.73832	0.0035831	0.25677	0.001327
763	0.73847	0.0040531	0.25599	0.0014879
764	0.7397	0.0034561	0.25557	0.00128
765	0.74188	0.001867	0.25554	0.00071362
766	0.74307	0.0012265	0.25522	0.00048517
767	0.73916	0.0056497	0.25305	0.0021377
768	0.62985	0.11542	0.21294	0.041798
769	0.56089	0.18485	0.18716	0.067102
770	0.5132	0.23297	0.16961	0.084221
771	0.4837	0.26293	0.15844	0.094937
772	0.46605	0.28105	0.15146	0.10145
773	0.45495	0.29258	0.147	0.10547
774	0.44906	0.29887	0.14451	0.10756
775	0.44846	0.29989	0.14377	0.10788
776	0.45186	0.29688	0.14446	0.1068
777	0.45968	0.28942	0.14673	0.10418
778	0.39318	0.35623	0.12403	0.12655
779	0.35147	0.39828	0.10953	0.14072
780	0.32291	0.42715	0.099756	0.15019
781	0.30578	0.44459	0.093718	0.15591
782	0.29496	0.4557	0.089926	0.15941
783	0.29018	0.46078	0.088067	0.16097
784	0.28936	0.46187	0.087587	0.16118
785	0.29349	0.45803	0.088637	0.15984
786	0.30222	0.44956	0.09124	0.15698
787	0.30161	0.4504	0.090901	0.15708
788	0.30603	0.44623	0.092118	0.15562
789	0.31499	0.43749	0.094871	0.15265
790	0.3315	0.4212	0.099943	0.14735
791	0.35634	0.39657	0.1078	0.13929
792	0.36523	0.38787	0.1106	0.13631
793	0.37989	0.37335	0.1154	0.13136
794	0.40228	0.35109	0.1229	0.12373
795	0.43577	0.3177	0.13437	0.11216
796	0.48946	0.26412	0.15245	0.093971
797	0.51245	0.24121	0.16031	0.08602
798	0.5205	0.23322	0.16317	0.08311
799	0.53401	0.21974	0.16803	0.078219
800	0.55711	0.19667	0.17613	0.070082
801	0.59467	0.15917	0.18905	0.057103
802	0.61051	0.14336	0.19462	0.051509
803	0.63684	0.11707	0.2037	0.042393
804	0.67529	0.078624	0.21723	0.028854
805	0.73095	0.022949	0.23718	0.0089181
806	0.73905	0.014842	0.24004	0.0060641
807	0.74276	0.011142	0.24129	0.0048032
808	0.74414	0.0097934	0.24166	0.0044067
809	0.7474	0.0065803	0.24264	0.0033779
810	0.74854	0.0054465	0.24291	0.0030943
811	0.71201	0.041943	0.22368	0.022369
812	0.6893	0.064631	0.21142	0.034648
813	0.6742	0.079681	0.20332	0.042803
814	0.64046	0.11449	0.19117	0.05388
815	0.61762	0.13835	0.18289	0.06114
816	0.60259	0.15435	0.17734	0.065717
817	0.59349	0.16438	0.17385	0.068285
818	0.58987	0.16893	0.17207	0.06912
819	0.59002	0.16969	0.17166	0.068634
820	0.59473	0.16589	0.17276	0.066619
821	0.60365	0.15785	0.17545	0.063047
822	0.61806	0.14427	0.1803	0.05737
823	0.62276	0.14035	0.18158	0.055302
824	0.63274	0.13118	0.18468	0.051399
825	0.64846	0.11622	0.19003	0.045291
826	0.65498	0.11048	0.19178	0.042758
827	0.66712	0.099143	0.19544	0.038293
828	0.68563	0.081397	0.20154	0.031439
829	0.68411	0.083698	0.20033	0.031865
830	0.68548	0.083065	0.20017	0.031291
831	0.68985	0.079384	0.20111	0.029652
832	0.69777	0.072112	0.2034	0.026718
833	0.71151	0.05904	0.20765	0.021798
834	0.73205	0.039135	0.21448	0.01434
835	0.76489	0.006938	0.22554	0.0026281
836	0.76629	0.0062604	0.22508	0.0023644
837	0.76918	0.0041084	0.22507	0.0016348
838	0.77082	0.003238	0.22458	0.0013641
839	0.77163	0.0032141	0.22375	0.001411
840	0.77329	0.0022929	0.22326	0.0011586
841	0.77432	0.0040098	0.22008	0.0015891
842	0.77324	0.0079289	0.21617	0.0026672
843	0.77375	0.01012	0.21292	0.003204
844	0.776	0.010648	0.21009	0.0032674
845	0.77988	0.0095967	0.20763	0.0028953
846	0.78512	0.0070598	0.20571	0.0021058
847	0.7884	0.0063638	0.20338	0.0018534
848	0.79327	0.0041441	0.20138	0.0012066
849	0.79968	0.00026132	0.19995	0.00011725
850	0.80777	0.000179	0.19199	6.0909e-05
851	0.81498	0.00062327	0.18424	0.00015702
852	0.82247	0.00045854	0.17697	0.0001072
853	0.83004	0.00036931	0.16951	8.3334e-05
854	0.8363	0.0012716	0.16217	0.00026614
855	0.83529	0.0091394	0.15379	0.0017768
856	0.82404	0.026951	0.14409	0.0049145
857	0.81973	0.03796	0.13571	0.0065912
858	0.81912	0.044984	0.12849	0.0074026
859	0.8223	0.048349	0.1218	0.007551
860	0.82782	0.049092	0.11582	0.0072642
861	0.8357	0.047212	0.11048	0.0066113
862	0.8288	0.060235	0.10304	0.0079282
863	0.82625	0.068657	0.096614	0.0084815
864	0.82822	0.072676	0.090676	0.0084318
865	0.82176	0.084867	0.08418	0.0091926
866	0.81967	0.092459	0.078533	0.0093367
867	0.82111	0.096302	0.073537	0.00905
868	0.82572	0.096761	0.069077	0.0084404
869	0.83476	0.092896	0.064852	0.007496
870	0.84922	0.083702	0.060854	0.0062228
871	0.87129	0.067015	0.057119	0.0045803
872	0.90179	0.041665	0.053941	0.0025999
873	0.94477	0.0036254	0.05143	0.00017297
874	0.95105	0.0023973	0.046464	8.4973e-05
875	0.95035	0.0038701	0.045615	0.00016168
876	0.95076	0.0042054	0.044857	0.00018114
877	0.94982	0.0058475	0.044076	0.00025768
878	0.95013	0.0062039	0.043389	0.00027158
879	0.95194	0.0050876	0.04275	0.0002213
880	0.95262	0.0051173	0.042041	0.00022287
881	0.95446	0.0039565	0.041416	0.00017157
882	0.95761	0.0014487	0.04088	6.2998e-05
883	0.95946	0.00021074	0.04032	9.598e-06
884	0.95245	0.0078528	0.039343	0.00035549
885	0.94829	0.012612	0.038537	0.00056015
886	0.93781	0.023666	0.037501	0.0010231
887	0.93129	0.03073	0.036677	0.0013007
888	0.92781	0.03473	0.036014	0.0014423
889	0.89152	0.071558	0.034024	0.002897
890	0.8669	0.096694	0.032578	0.003832
891	0.85064	0.11344	0.031514	0.0044082
892	0.81534	0.14924	0.029729	0.0056926
893	0.74172	0.22337	0.026511	0.0083975
894	0.69163	0.27395	0.024299	0.010119
895	0.66087	0.30522	0.022805	0.011111
896	0.64092	0.32565	0.021763	0.011672
897	0.63044	0.33661	0.021052	0.011892
898	0.62716	0.3404	0.020582	0.01186
899	0.62895	0.33909	0.020309	0.011651
900	0.63621	0.33229	0.020237	0.011261
901	0.64993	0.31901	0.020393	0.010662
902	0.67428	0.29512	0.020856	0.0097465
903	0.71431	0.25555	0.021758	0.0083813
904	0.73077	0.23953	0.021941	0.0077598
905	0.75604	0.21468	0.02241	0.006871
906	0.79736	0.17379	0.023321	0.0055305
907	0.81507	0.15649	0.023517	0.0049241
908	0.84463	0.12735	0.024027	0.0039924
909	0.88784	0.084546	0.024948	0.0026688
910	0.89172	0.081044	0.024708	0.0025267
911	0.89942	0.073705	0.024598	0.0022723
912	0.91193	0.061549	0.024645	0.0018778
913	0.90732	0.066481	0.024219	0.001979
914	0.90604	0.068073	0.023907	0.0019833
915	0.90851	0.065913	0.023685	0.001887
916	0.91522	0.059531	0.023565	0.0016797
917	0.9264	0.048663	0.023585	0.001349
918	0.94515	0.030236	0.023787	0.00082601
919	0.93842	0.037314	0.023267	0.00099527
920	0.93487	0.041204	0.022851	0.0010765
921	0.93456	0.041856	0.022506	0.001077
922	0.92904	0.0477	0.022054	0.0012016
923	0.92729	0.04979	0.021684	0.0012347
924	0.92885	0.048574	0.021381	0.0011902
925	0.92583	0.05193	0.02099	0.0012516
926	0.92562	0.052456	0.020683	0.0012436
927	0.92036	0.058042	0.02025	0.0013524
928	0.91901	0.059724	0.019896	0.0013725
929	0.92053	0.058517	0.019625	0.0013261
930	0.9251	0.054257	0.019436	0.0012123
931	0.9343	0.04536	0.019331	0.001005
932	0.94853	0.031432	0.019346	0.00069318
933	0.96988	0.01036	0.019525	0.00023241
934	0.96883	0.011674	0.01924	0.00025486
935	0.96469	0.016067	0.018908	0.00033746
936	0.95547	0.025548	0.018467	0.00052019
937	0.95056	0.030724	0.018105	0.0006159
938	0.94832	0.033216	0.017812	0.00065521
939	0.94111	0.04068	0.017415	0.00079005
940	0.93792	0.044148	0.017087	0.00084735
941	0.9374	0.044918	0.016826	0.00085115
942	0.93956	0.043012	0.016629	0.00080439
943	0.93723	0.045564	0.016365	0.00083704
944	0.93815	0.044891	0.01615	0.00081326
945	0.94244	0.040847	0.015983	0.00073295
946	0.95016	0.033362	0.015888	0.00059366
947	0.96221	0.021531	0.015879	0.00038074
948	0.98017	0.0037837	0.015982	6.7527e-05
949	0.98278	0.0013623	0.015831	2.3978e-05
950	0.98287	0.0014811	0.015626	2.5387e-05
951	0.98381	0.0007319	0.015448	1.2489e-05
952	0.98438	0.00033863	0.015275	5.7678e-06
953	0.98412	0.00076858	0.015099	1.2517e-05
954	0.98457	0.00047287	0.014945	7.7476e-06
955	0.98392	0.0012793	0.014783	2.0282e-05
956	0.98409	0.0012513	0.014644	1.9687e-05
957	0.97523	0.010254	0.014358	0.00015901
958	0.97025	0.015386	0.014126	0.00023794
959	0.9676	0.018175	0.013941	0.00027871
960	0.96697	0.01894	0.013798	0.00028783
961	0.96296	0.023076	0.013616	0.00034491
962	0.96174	0.024427	0.013468	0.00036196
963	0.96303	0.023281	0.013348	0.00034404
964	0.96705	0.0194	0.013258	0.00028944
965	0.97387	0.012714	0.013216	0.0001961
966	0.98438	0.0023361	0.013234	5.199e-05
967	0.98626	0.0010095	0.012709	2.0445e-05
968	0.98642	0.0014229	0.012137	2.3144e-05
969	0.98739	0.00098994	0.011601	1.4548e-05
970	0.988	0.00090621	0.011082	1.1716e-05
971	0.98673	0.0027113	0.01053	3.0243e-05
972	0.98659	0.0033575	0.010014	3.4732e-05
973	0.97946	0.011012	0.009419	0.00010565
974	0.97578	0.015235	0.0088496	0.00013811
975	0.97464	0.016918	0.0082929	0.00014469
976	0.97571	0.016415	0.0077418	0.00013225
977	0.97868	0.013986	0.0072287	0.00010575
978	0.9839	0.0092818	0.0067519	6.5695e-05
979	0.99204	0.0016325	0.0063118	1.0772e-05
980	0.99196	0.0021963	0.0058355	1.3101e-05
981	0.99294	0.0016938	0.0053533	9.2301e-06
982	0.99143	0.0037071	0.004846	1.8398e-05
983	0.99117	0.0044478	0.0043673	1.9787e-05
984	0.99205	0.0040187	0.0039139	1.576e-05
985	0.99415	0.002357	0.0034835	7.691e-06
986	0.99519	0.0017425	0.0030659	4.3359e-06
987	0.99533	0.001635	0.0030314	4.7809e-06
988	0.99638	0.00061629	0.0030026	2.5233e-06
989	0.99716	3.4247e-05	0.0028058	1.2467e-07
990	0.99686	0.00052939	0.0026131	1.4242e-06
991	0.99619	0.0013778	0.0024308	3.3316e-06
992	0.99649	0.0012609	0.0022452	2.7981e-06
993	0.99779	0.00015307	0.0020556	3.084e-07
994	0.99771	0.00043239	0.0018571	8.0555e-07
995	0.99748	0.00085517	0.0016659	1.409e-06
996	0.99799	0.00052873	0.001483	7.2376e-07
997	0.99833	0.00035964	0.0013088	3.2478e-07
998	0.99535	0.0033346	0.0013109	4.2334e-06
999	0.99384	0.0048329	0.0013162	6.1774e-06
1000	0.95362	0.045053	0.0012675	5.8954e-05
1001	0.92643	0.072241	0.0012375	9.4218e-05
1002	0.90998	0.088685	0.0012182	0.0001159
1003	0.9008	0.097863	0.0012055	0.00012811
1004	0.89614	0.10253	0.0012003	0.00013407
1005	0.89607	0.10259	0.0011983	0.00013391
1006	0.89978	0.098886	0.0012027	0.00012853
1007	0.90779	0.090877	0.0012143	0.00011713
1008	0.92123	0.077434	0.0012349	9.7944e-05
1009	0.9439	0.054771	0.0012651	6.6319e-05
1010	0.98058	0.018094	0.0013107	1.6286e-05
1011	0.98484	0.013663	0.0014786	1.5065e-05
1012	0.98627	0.01207	0.0016391	1.5998e-05
1013	0.98535	0.012827	0.0018027	2.0145e-05
1014	0.98205	0.015964	0.0019559	2.9361e-05
1015	0.97457	0.02329	0.0020931	4.9342e-05
1016	0.9702	0.027493	0.0022419	6.4071e-05
1017	0.96835	0.029172	0.0024025	7.3721e-05
1018	0.96878	0.028565	0.0025757	7.7736e-05
1019	0.96585	0.031321	0.0027337	9.1412e-05
1020	0.96534	0.031656	0.0029054	9.8526e-05
1021	0.96719	0.02962	0.0030923	9.7941e-05
1022	0.97227	0.024358	0.0032849	8.5812e-05
1023	0.98073	0.015707	0.0034995	5.9116e-05
1024	0.98404	0.012203	0.0037057	4.8601e-05
1025	0.98983	0.0062159	0.003932	2.6174e-05
1026	0.99218	0.0036477	0.0041572	1.5906e-05
1027	0.99074	0.0048796	0.0043595	2.1937e-05
1028	0.99071	0.0047074	0.0045612	2.2099e-05
1029	0.99191	0.0032927	0.0047783	1.5984e-05
1030	0.99216	0.0028432	0.0049843	1.4327e-05
1031	0.99372	0.0010885	0.0051907	5.7886e-06
1032	0.9944	0.00019911	0.0054019	1.1226e-06
1033	0.99427	0.00011339	0.0056184	6.7009e-07
1034	0.99382	0.00033538	0.0058427	2.0373e-06
1035	0.99183	0.0020942	0.0060677	1.2982e-05
1036	0.99108	0.0026152	0.0062926	1.6989e-05
1037	0.99131	0.0021394	0.0065346	1.4473e-05
