#coord	neutral	conserved	gBGC.neutral	gBGC.conserved
1	0.80753	0.1847	0.0063033	0.0014658
2	0.81606	0.17617	0.0063725	0.001397
3	0.83089	0.16134	0.0064964	0.0012745
4	0.85632	0.1359	0.0067021	0.0010697
5	0.8978	0.094432	0.0070299	0.00074248
6	0.96403	0.028198	0.0075428	0.00022968
7	0.97227	0.019953	0.0076091	0.0001644
8	0.98511	0.0071096	0.0077154	6.0017e-05
9	0.99097	0.0012564	0.0077671	1.1268e-05
10	0.99167	0.00054603	0.0077769	5.2814e-06
11	0.9912	0.0010122	0.0077774	9.654e-06
12	0.99151	0.00069317	0.0077856	7.3645e-06
13	0.99167	0.00053563	0.0077912	7.1103e-06
14	0.9917	0.00051603	0.0077783	5.7771e-06
15	0.99161	0.00061797	0.007765	6.0866e-06
16	0.99134	0.00090161	0.0077511	8.1524e-06
17	0.99078	0.0014756	0.0077339	1.303e-05
18	0.98948	0.0027816	0.0077119	2.3928e-05
19	0.98642	0.0058579	0.0076768	4.9015e-05
20	0.98003	0.012258	0.0076128	0.00010236
21	0.97629	0.016004	0.0075729	0.00013281
22	0.97502	0.017288	0.0075517	0.00014404
23	0.97556	0.016755	0.0075468	0.00014002
24	0.97804	0.014281	0.0075592	0.00011976
25	0.98281	0.0095144	0.0075922	8.0044e-05
26	0.99045	0.0018799	0.0076509	1.5438e-05
27	0.99151	0.00083295	0.007653	6.7614e-06
28	0.99105	0.0012997	0.0076423	1.0415e-05
29	0.99142	0.00093535	0.0076393	7.3904e-06
30	0.99154	0.00082213	0.0076337	6.5268e-06
31	0.99147	0.00089963	0.0076259	7.3385e-06
32	0.99108	0.0012911	0.0076167	1.0575e-05
33	0.99013	0.0022458	0.0076021	1.8726e-05
34	0.98794	0.0044454	0.0075785	3.6854e-05
35	0.98728	0.0051073	0.0075664	4.3006e-05
36	0.98784	0.004552	0.0075653	3.9103e-05
37	0.98374	0.0086608	0.0075241	7.4903e-05
38	0.98156	0.010847	0.0075007	9.3919e-05
39	0.98105	0.011361	0.0074924	9.871e-05
40	0.97806	0.014353	0.0074652	0.00012333
41	0.97695	0.015459	0.0074549	0.00013206
42	0.97763	0.01478	0.0074604	0.00012585
43	0.9802	0.012218	0.0074828	0.00010369
44	0.98058	0.011833	0.0074862	0.00010009
45	0.97872	0.013694	0.0074731	0.0001139
46	0.97861	0.013799	0.0074754	0.00011328
47	0.98056	0.011846	0.007493	9.688e-05
48	0.98498	0.007427	0.0075291	6.1554e-05
49	0.9867	0.0057096	0.0075451	4.7322e-05
50	0.98345	0.0089579	0.0075232	7.1816e-05
51	0.98224	0.010163	0.0075162	8.1076e-05
52	0.97832	0.014078	0.0074899	0.00011053
53	0.96898	0.023419	0.0074251	0.00017938
54	0.96387	0.028524	0.0073905	0.00021767
55	0.96192	0.030472	0.0073786	0.00023279
56	0.96271	0.029675	0.0073865	0.00022762
57	0.96586	0.026527	0.0074144	0.00020346
58	0.96576	0.026615	0.0074163	0.00020481
59	0.96833	0.024047	0.0074373	0.00018657
60	0.97409	0.01828	0.0074811	0.00014515
61	0.97581	0.016563	0.0074964	0.00013317
62	0.97969	0.012681	0.0075302	0.00010358
63	0.98691	0.0054567	0.0075884	4.9224e-05
64	0.98714	0.0052168	0.0075937	4.8673e-05
65	0.98888	0.0034778	0.0076103	3.6447e-05
66	0.98142	0.010932	0.0075376	0.00011439
67	0.97733	0.015013	0.0074969	0.00015997
68	0.97535	0.016985	0.0074784	0.00018422
69	0.90955	0.082783	0.0067626	0.00090536
70	0.86833	0.124	0.0063039	0.0013689
71	0.84298	0.14935	0.0060131	0.0016641
72	0.82813	0.16419	0.0058337	0.0018476
73	0.79245	0.19989	0.0055639	0.0020993
74	0.71794	0.27441	0.0050016	0.0026431
75	0.66658	0.32579	0.0046224	0.003005
76	0.63202	0.36037	0.0043732	0.0032379
77	0.61155	0.38086	0.0042209	0.0033735
78	0.59901	0.39341	0.0041309	0.0034479
79	0.59421	0.39823	0.0040953	0.0034675
80	0.59494	0.39751	0.0041054	0.0034424
81	0.60131	0.39116	0.0041637	0.0033702
82	0.59595	0.39653	0.0041334	0.0033875
83	0.59737	0.39513	0.004152	0.0033557
84	0.60448	0.38802	0.0042198	0.0032756
85	0.62002	0.3725	0.0043545	0.0031281
86	0.64728	0.34525	0.0045835	0.0028861
87	0.69201	0.30054	0.0049516	0.0025044
88	0.71022	0.28234	0.0051032	0.0023403
89	0.74123	0.25134	0.0053564	0.0020742
90	0.79156	0.20102	0.0057611	0.0016561
91	0.87187	0.12072	0.0063964	0.0010069
92	0.88025	0.11236	0.0064559	0.00093471
93	0.89581	0.096815	0.0065697	0.00080761
94	0.91968	0.072959	0.0067554	0.00060974
95	0.92954	0.063105	0.0068295	0.00052467
96	0.94665	0.046005	0.0069597	0.00038294
97	0.97238	0.020286	0.0071661	0.00016614
98	0.98493	0.0077475	0.0072586	6.2669e-05
99	0.99105	0.0016383	0.0072964	1.3415e-05
100	0.99034	0.0023621	0.0072789	1.8934e-05
101	0.99072	0.0019906	0.0072689	1.6387e-05
102	0.99228	0.0004445	0.0072668	5.3216e-06
103	0.99138	0.0014006	0.0072094	1.206e-05
104	0.99145	0.001377	0.0071578	1.1542e-05
105	0.99239	0.00049254	0.0071159	4.3673e-06
106	0.98577	0.0071513	0.0070176	5.6632e-05
107	0.97092	0.022046	0.0068609	0.00016996
108	0.96129	0.031718	0.0067495	0.00024073
109	0.89265	0.1004	0.0061933	0.00075515
110	0.84529	0.1478	0.0058122	0.0010968
111	0.81338	0.17975	0.0055548	0.0013172
112	0.79432	0.19885	0.0053863	0.0014476
113	0.78249	0.21072	0.0052751	0.0015228
114	0.77649	0.21675	0.0052093	0.0015548
115	0.77546	0.21781	0.0051817	0.0015506
116	0.78034	0.21296	0.0051924	0.0015071
117	0.79217	0.20117	0.0052479	0.0014181
118	0.81122	0.18215	0.0053572	0.0012771
119	0.8431	0.15029	0.0055494	0.0010525
120	0.89462	0.09881	0.0058655	0.00070296
121	0.91738	0.076082	0.0059926	0.00054458
122	0.9267	0.066795	0.0060307	0.00047715
123	0.94163	0.051886	0.0061115	0.0003689
124	0.96634	0.027207	0.0062558	0.00019627
125	0.97691	0.01666	0.0063048	0.00012078
126	0.99301	0.00058769	0.0063964	4.4785e-06
127	0.99292	0.00070006	0.00637	5.3271e-06
128	0.99093	0.0027187	0.0063285	2.0451e-05
129	0.98695	0.0067295	0.0062704	5.1252e-05
130	0.9787	0.015003	0.0061776	0.00011592
131	0.9736	0.020136	0.0061117	0.00015545
132	0.97101	0.022743	0.006067	0.00017561
133	0.97059	0.023193	0.0060397	0.00017995
134	0.97264	0.021164	0.0060278	0.00016814
135	0.97702	0.016803	0.0060335	0.00014028
136	0.97816	0.015746	0.0059786	0.00011978
137	0.97695	0.016962	0.005963	0.00012794
138	0.97754	0.016373	0.0059607	0.00012354
139	0.97531	0.018609	0.0059407	0.00013783
140	0.97501	0.018913	0.0059349	0.00013883
141	0.9766	0.017326	0.005943	0.00012673
142	0.9803	0.013637	0.0059668	9.9743e-05
143	0.98106	0.012879	0.0059714	9.2784e-05
144	0.98363	0.010308	0.0059896	7.3031e-05
145	0.98414	0.0097977	0.0059925	6.8181e-05
146	0.98657	0.007376	0.0060072	5.1219e-05
147	0.99099	0.0029488	0.0060367	2.0204e-05
148	0.99104	0.0029032	0.0060356	1.9445e-05
149	0.99012	0.0038221	0.0060294	2.4598e-05
150	0.98786	0.0060923	0.0060143	3.832e-05
151	0.98725	0.0066994	0.0060086	4.2134e-05
152	0.98797	0.0059756	0.0060124	3.7384e-05
153	0.99039	0.0035662	0.0060258	2.2569e-05
154	0.99128	0.0026765	0.0060309	1.6894e-05
155	0.99143	0.002524	0.0060308	1.604e-05
156	0.9926	0.0013532	0.006038	8.6735e-06
157	0.99309	0.00086487	0.0060418	5.4785e-06
158	0.99333	0.00062674	0.0060436	4.0226e-06
159	0.97708	0.01687	0.0059442	0.00010442
160	0.93896	0.054989	0.0057047	0.00034462
161	0.91326	0.080692	0.0055481	0.0005027
162	0.85229	0.14165	0.0051842	0.00086883
163	0.81089	0.18305	0.0049447	0.0011114
164	0.78558	0.20836	0.004796	0.0012628
165	0.77099	0.22295	0.0047091	0.0013521
166	0.73713	0.25681	0.0045002	0.001563
167	0.71457	0.27937	0.0043656	0.0017004
168	0.70213	0.2918	0.0042901	0.0017784
169	0.69577	0.29816	0.0042545	0.001817
170	0.69592	0.298	0.0042568	0.0018176
171	0.68522	0.3087	0.0041903	0.0018866
172	0.68034	0.31358	0.0041626	0.0019176
173	0.68194	0.31198	0.0041725	0.0019105
174	0.69034	0.30357	0.0042218	0.0018638
175	0.70536	0.28855	0.0043142	0.0017747
176	0.73169	0.26222	0.0044716	0.0016203
177	0.7409	0.25301	0.0045297	0.0015659
178	0.7395	0.2544	0.004521	0.001578
179	0.74298	0.25091	0.0045449	0.0015583
180	0.75199	0.2419	0.0046058	0.0015023
181	0.76951	0.22437	0.0047171	0.0013955
182	0.79926	0.19463	0.0048998	0.001217
183	0.81086	0.18302	0.0049705	0.0011502
184	0.83172	0.16215	0.0050938	0.0010304
185	0.86297	0.1309	0.0052837	0.00084476
186	0.87563	0.11824	0.0053651	0.00076844
187	0.84128	0.15259	0.0051412	0.00099708
188	0.81848	0.17538	0.0049979	0.0011459
189	0.80551	0.18835	0.0049153	0.0012337
190	0.79848	0.19537	0.0048739	0.0012811
191	0.7974	0.19644	0.0048685	0.0012921
192	0.80099	0.19285	0.0048952	0.0012719
193	0.80976	0.18406	0.0049576	0.0012168
194	0.82661	0.16721	0.0050688	0.0011126
195	0.85511	0.1387	0.0052498	0.00093818
196	0.86739	0.12641	0.005328	0.0008661
197	0.88692	0.10688	0.005455	0.00074616
198	0.91645	0.07734	0.0056505	0.00055865
199	0.9291	0.064681	0.0057413	0.00047679
200	0.95046	0.043311	0.0058863	0.00034031
201	0.98188	0.011879	0.0061023	0.00013368
202	0.98128	0.012492	0.0060956	0.00013262
203	0.98229	0.011493	0.006103	0.00011832
204	0.98509	0.0086985	0.0061271	8.8195e-05
205	0.99001	0.0037815	0.0061721	3.8173e-05
206	0.98984	0.0039501	0.0061697	3.6312e-05
207	0.99099	0.0028118	0.0061764	2.502e-05
208	0.99341	0.0003912	0.0061943	3.3747e-06
209	0.99371	9.7677e-05	0.0061926	8.2458e-07
210	0.99076	0.003053	0.0061668	2.1896e-05
211	0.98458	0.0092344	0.0061198	6.5076e-05
212	0.98093	0.01289	0.0060917	9.0227e-05
213	0.97928	0.014539	0.0060784	0.00010143
214	0.97941	0.014413	0.006078	0.00010052
215	0.98166	0.012167	0.0060906	8.6331e-05
216	0.98605	0.0077758	0.0061186	5.75e-05
217	0.98443	0.0093915	0.0061075	6.8667e-05
218	0.98459	0.0092357	0.0061073	6.8455e-05
219	0.98624	0.0075816	0.0061183	5.7939e-05
220	0.98612	0.0077069	0.0061182	5.9377e-05
221	0.98737	0.0064483	0.0061285	5.1157e-05
222	0.98719	0.0066278	0.0061299	5.2795e-05
223	0.97885	0.014965	0.0060703	0.00011496
224	0.97426	0.019555	0.0060366	0.0001509
225	0.97206	0.021751	0.0060217	0.00016885
226	0.96532	0.028481	0.0059752	0.00021925
227	0.96217	0.031636	0.0059529	0.00024503
228	0.9619	0.031896	0.0059498	0.00025123
229	0.94436	0.049432	0.0058104	0.00039338
230	0.90402	0.089776	0.0054953	0.00071196
231	0.87686	0.11693	0.005289	0.00092265
232	0.86069	0.13309	0.0051626	0.001053
233	0.85074	0.14304	0.0050865	0.001134
234	0.84584	0.14793	0.0050497	0.0011763
235	0.84516	0.1486	0.0050449	0.0011876
236	0.84968	0.14409	0.0050734	0.0011652
237	0.85899	0.13477	0.0051361	0.0011094
238	0.84648	0.14727	0.0050404	0.0012117
239	0.83942	0.15432	0.0049882	0.0012712
240	0.83792	0.15581	0.0049741	0.0012923
241	0.84165	0.15207	0.0049942	0.0012788
242	0.85009	0.14363	0.0050479	0.0012324
243	0.86458	0.12913	0.0051443	0.0011443
244	0.75798	0.23572	0.0042508	0.0020458
245	0.69099	0.30271	0.0036766	0.0026275
246	0.64492	0.34877	0.0032897	0.0030228
247	0.61683	0.37685	0.0030454	0.0032751
248	0.59859	0.39508	0.0028868	0.0034425
249	0.5538	0.43987	0.0025166	0.0038223
250	0.52656	0.4671	0.0022824	0.0040658
251	0.50895	0.4847	0.0021295	0.0042287
252	0.49886	0.49478	0.0020365	0.0043325
253	0.4961	0.49752	0.0019915	0.004388
254	0.49866	0.49495	0.0019815	0.0044094
255	0.50689	0.4867	0.0020045	0.0043984
256	0.52214	0.47145	0.0020652	0.0043507
257	0.5462	0.44737	0.0021712	0.0042585
258	0.58228	0.41128	0.002338	0.0041063
259	0.59611	0.39745	0.0024439	0.0039932
260	0.61864	0.37493	0.002616	0.0038146
261	0.65621	0.33736	0.0028924	0.0035314
262	0.71119	0.28239	0.0033051	0.0031127
263	0.79084	0.20275	0.0039161	0.0024964
264	0.91712	0.076477	0.0048643	0.0015425
265	0.91953	0.07407	0.0048604	0.0015418
266	0.9007	0.092927	0.0046689	0.0017026
267	0.88875	0.10491	0.0045434	0.0017992
268	0.8595	0.13418	0.0042725	0.002043
269	0.84027	0.15344	0.0040927	0.0021972
270	0.82833	0.1654	0.0039773	0.0022886
271	0.79813	0.1957	0.0037732	0.0024004
272	0.72831	0.2656	0.0033849	0.0027011
273	0.68476	0.30924	0.0031266	0.0028702
274	0.65571	0.33838	0.0029514	0.0029603
275	0.63893	0.35524	0.0028361	0.0029891
276	0.63085	0.36342	0.0027644	0.0029727
277	0.62835	0.366	0.0027284	0.0029247
278	0.61399	0.38044	0.0026257	0.0029417
279	0.60645	0.38807	0.0025632	0.0029227
280	0.52754	0.46706	0.0021666	0.0032363
281	0.47304	0.52164	0.0018973	0.0034262
282	0.43573	0.55902	0.0017147	0.0035329
283	0.41069	0.58413	0.0015921	0.0035827
284	0.39658	0.59832	0.0015152	0.0035858
285	0.38909	0.60588	0.0014711	0.0035592
286	0.38837	0.60667	0.0014558	0.0035029
287	0.39427	0.60084	0.0014691	0.0034169
288	0.40805	0.58714	0.0015165	0.0032956
289	0.43262	0.56264	0.00161	0.0031273
290	0.46975	0.52558	0.0017645	0.0029012
291	0.524	0.47141	0.0020023	0.002595
292	0.52573	0.46968	0.0019919	0.0025958
293	0.53467	0.46075	0.0020108	0.002567
294	0.55056	0.44487	0.0020598	0.0025089
295	0.55242	0.44302	0.0020509	0.0025093
296	0.55988	0.43557	0.0020683	0.0024841
297	0.57418	0.42128	0.0021164	0.0024289
298	0.59967	0.39579	0.002207	0.002331
299	0.63823	0.35724	0.0023526	0.0021787
300	0.6946	0.30087	0.0025739	0.0019513
301	0.71872	0.27679	0.0027134	0.0017765
302	0.75862	0.23692	0.0029428	0.001511
303	0.81683	0.17876	0.0032903	0.0011293
304	0.84441	0.1512	0.0034359	0.00094856
305	0.88505	0.11059	0.0036649	0.0006864
306	0.95003	0.045656	0.0040309	0.00028635
307	0.95821	0.037506	0.004053	0.00023227
308	0.97122	0.024526	0.0041065	0.0001488
309	0.99264	0.0031348	0.0042061	1.8266e-05
310	0.9956	0.00021026	0.0041894	1.2794e-06
311	0.99562	0.00022297	0.0041586	1.1662e-06
312	0.99573	0.00013878	0.0041271	8.6476e-07
313	0.97479	0.021111	0.0039764	0.0001217
314	0.96208	0.033853	0.0038708	0.00019648
315	0.95397	0.041994	0.0037948	0.00024356
316	0.94938	0.046609	0.0037405	0.00027057
317	0.94832	0.047693	0.0037028	0.00028029
318	0.95002	0.046021	0.0036804	0.00027641
319	0.93496	0.061109	0.003564	0.00036571
320	0.92538	0.070719	0.0034824	0.00042195
321	0.92086	0.07526	0.0034265	0.00045164
322	0.76119	0.23502	0.0027766	0.0010136
323	0.66048	0.33582	0.0023518	0.0013487
324	0.5916	0.40478	0.0020643	0.0015508
325	0.54876	0.44771	0.0018705	0.0016578
326	0.52282	0.47374	0.0017366	0.0017031
327	0.50823	0.48842	0.0016418	0.0017077
328	0.50033	0.49641	0.0015752	0.0016883
329	0.47447	0.52235	0.0014584	0.001723
330	0.45814	0.53876	0.0013776	0.0017253
331	0.41947	0.5775	0.0012329	0.0017903
332	0.39618	0.60087	0.0011347	0.0018076
333	0.38327	0.61387	0.0010669	0.0017931
334	0.37654	0.62068	0.0010209	0.0017603
335	0.37645	0.62085	0.00099212	0.0017091
336	0.38298	0.6144	0.000979	0.001641
337	0.39586	0.6016	0.00098399	0.0015584
338	0.41913	0.5784	0.0010108	0.0014527
339	0.45768	0.53993	0.0010676	0.0013157
340	0.51464	0.48306	0.0011657	0.0011411
341	0.6053	0.39247	0.0013257	0.00090331
342	0.73747	0.26037	0.0015703	0.00058472
343	0.8016	0.19632	0.001647	0.00043233
344	0.8291	0.16889	0.0016458	0.00036175
345	0.84104	0.15703	0.0016076	0.00032651
346	0.84379	0.15435	0.0015482	0.00031069
347	0.85126	0.14695	0.0015012	0.00028657
348	0.86449	0.13379	0.0014675	0.00025311
349	0.88535	0.11299	0.0014494	0.00020781
350	0.88215	0.11626	0.0013863	0.00020588
351	0.88286	0.11561	0.0013336	0.00019718
352	0.88757	0.11095	0.0012905	0.0001823
353	0.89696	0.10162	0.0012574	0.00016074
354	0.91385	0.084789	0.0012323	0.00012975
355	0.9098	0.088895	0.0011735	0.00013022
356	0.90927	0.089482	0.001123	0.00012554
357	0.91218	0.086626	0.00108	0.00011643
358	0.90932	0.089537	0.0010281	0.00011483
359	0.91001	0.088898	0.00098367	0.00010883
360	0.91434	0.084617	0.00094608	9.8836e-05
361	0.92391	0.075096	0.00091218	8.3905e-05
362	0.93907	0.059977	0.00088596	6.3975e-05
363	0.96184	0.037259	0.00086884	3.7507e-05
364	0.97245	0.026688	0.00083614	2.5427e-05
365	0.97659	0.022586	0.00079922	2.0166e-05
366	0.98452	0.0147	0.00076386	1.2208e-05
367	0.98812	0.011151	0.00072293	8.6114e-06
368	0.99426	0.0050472	0.00068625	3.3744e-06
369	0.99731	0.0020388	0.00064555	9.8445e-07
370	0.99711	0.0022463	0.00063893	1.2143e-06
371	0.99609	0.0032768	0.00063227	1.9106e-06
372	0.99381	0.0055668	0.00062458	3.4244e-06
373	0.99293	0.0064474	0.00061826	3.983e-06
374	0.99358	0.0058057	0.00061266	3.6205e-06
375	0.9956	0.00379	0.00060832	2.3952e-06
376	0.99616	0.0032345	0.0006035	2.0477e-06
377	0.99789	0.0015133	0.00059978	9.6728e-07
378	0.9987	0.00069929	0.00059588	4.4736e-07
379	0.99809	0.0013205	0.00059158	7.9781e-07
380	0.9969	0.0025167	0.00058676	1.4979e-06
381	0.99414	0.0052736	0.00058143	3.0586e-06
382	0.99312	0.0062973	0.0005769	3.6297e-06
383	0.99362	0.0058058	0.00057306	3.3459e-06
384	0.99546	0.0039686	0.00057035	2.2625e-06
385	0.99926	0.00017074	0.00056852	1.1714e-07
386	0.99882	0.00061114	0.00056456	4.4269e-07
387	0.9991	0.00033941	0.00056136	3.2953e-07
388	0.99644	0.0030161	0.00054658	1.8679e-06
389	0.99513	0.0043349	0.00053343	2.5509e-06
390	0.99501	0.0044703	0.0005217	2.5404e-06
391	0.99377	0.0057191	0.000509	3.15e-06
392	0.99383	0.005671	0.00049776	3.038e-06
393	0.9954	0.0041063	0.00048691	2.1901e-06
394	0.99568	0.0038397	0.00047611	2.0085e-06
395	0.99047	0.0090622	0.00046221	4.5884e-06
396	0.97844	0.021102	0.00044588	1.0265e-05
397	0.9715	0.028051	0.00043178	1.3383e-05
398	0.96768	0.031886	0.00041999	1.4859e-05
399	0.96636	0.033215	0.00041003	1.511e-05
400	0.96744	0.032149	0.00040174	1.4268e-05
401	0.97106	0.028536	0.00039512	1.2319e-05
402	0.97843	0.021175	0.00038968	8.9235e-06
403	0.98131	0.018297	0.00038194	7.5512e-06
404	0.98668	0.012943	0.0003757	5.2072e-06
405	0.98884	0.010791	0.00036781	4.2496e-06
406	0.98902	0.010616	0.00035884	4.0992e-06
407	0.99083	0.0088205	0.00035104	3.3392e-06
408	0.99445	0.0052044	0.00034439	1.9276e-06
409	0.99341	0.0062496	0.00033576	2.2464e-06
410	0.99366	0.0060066	0.00032808	2.0971e-06
411	0.98738	0.012301	0.0003188	4.0477e-06
412	0.94255	0.057137	0.00029711	1.8159e-05
413	0.91467	0.08502	0.00028095	2.6512e-05
414	0.89785	0.10185	0.00026828	3.1141e-05
415	0.85821	0.14149	0.00024963	4.2196e-05
416	0.83133	0.16839	0.00023587	4.8793e-05
417	0.81558	0.18415	0.00022529	5.2007e-05
418	0.8076	0.19213	0.00021681	5.2917e-05
419	0.8057	0.19404	0.00020982	5.2126e-05
420	0.80845	0.19129	0.00020452	5.0084e-05
421	0.70193	0.29782	0.00017223	7.5446e-05
422	0.62812	0.37164	0.00015008	9.1021e-05
423	0.57725	0.42252	0.00013473	0.00010012
424	0.46979	0.52999	0.00010697	0.0001215
425	0.40217	0.59761	8.8891e-05	0.00013306
426	0.35993	0.63986	7.6894e-05	0.0001384
427	0.2635	0.73629	5.4569e-05	0.00015438
428	0.20267	0.79713	4.0354e-05	0.00016213
429	0.16099	0.83881	3.1019e-05	0.00016527
430	0.13496	0.86485	2.5006e-05	0.00016499
431	0.11723	0.88259	2.0993e-05	0.00016295
432	0.10564	0.89419	1.8371e-05	0.00015975
433	0.075823	0.924	1.2998e-05	0.00015951
434	0.05711	0.94272	9.6099e-06	0.00015721
435	0.04551	0.95433	7.4765e-06	0.00015359
436	0.038553	0.96129	6.1457e-06	0.00014909
437	0.034757	0.96509	5.3419e-06	0.00014399
438	0.033302	0.96655	4.9031e-06	0.00013845
439	0.033444	0.96642	4.7376e-06	0.00013285
440	0.035685	0.96418	4.8318e-06	0.00012693
441	0.040501	0.95937	5.2033e-06	0.00012065
442	0.040241	0.95964	4.8872e-06	0.00011499
443	0.041772	0.95811	4.8135e-06	0.00010929
444	0.045222	0.95467	4.9639e-06	0.00010357
445	0.051891	0.94801	5.384e-06	9.7511e-05
446	0.06214	0.93776	6.127e-06	9.1328e-05
447	0.078873	0.92104	7.3217e-06	8.4622e-05
448	0.074486	0.92543	6.544e-06	8.0079e-05
449	0.073502	0.92642	6.0639e-06	7.5168e-05
450	0.074942	0.92498	5.8182e-06	7.0208e-05
451	0.069337	0.93059	5.0929e-06	6.5906e-05
452	0.066469	0.93346	4.6309e-06	6.151e-05
453	0.066051	0.93389	4.3757e-06	5.7078e-05
454	0.058307	0.94164	3.7393e-06	5.3185e-05
455	0.053537	0.94641	3.3371e-06	4.9208e-05
456	0.051775	0.94818	3.1046e-06	4.5002e-05
457	0.043731	0.95622	2.5874e-06	4.5815e-05
458	0.038513	0.96144	2.2575e-06	4.6471e-05
459	0.035509	0.96444	2.0697e-06	4.7016e-05
460	0.034757	0.96519	2.0012e-06	4.7414e-05
461	0.036096	0.96385	2.0391e-06	4.7677e-05
462	0.039801	0.96015	2.1903e-06	4.7799e-05
463	0.038059	0.96189	2.0719e-06	4.8222e-05
464	0.038535	0.96141	2.0649e-06	4.8506e-05
465	0.040801	0.95915	2.1604e-06	4.8719e-05
466	0.038343	0.96161	2.0015e-06	4.9159e-05
467	0.037688	0.96226	1.9492e-06	4.9524e-05
468	0.03922	0.96073	2.0019e-06	4.9756e-05
469	0.043264	0.95668	2.17e-06	4.9844e-05
470	0.049791	0.95016	2.4687e-06	4.9832e-05
471	0.060861	0.93909	2.9698e-06	4.959e-05
472	0.078834	0.92111	3.7714e-06	4.9018e-05
473	0.10479	0.89516	4.9711e-06	4.808e-05
474	0.14264	0.85731	6.7811e-06	4.6567e-05
475	0.15809	0.84186	7.5632e-06	4.6117e-05
476	0.14805	0.85189	7.0759e-06	4.6975e-05
477	0.14257	0.85737	6.843e-06	4.7616e-05
478	0.14175	0.8582	6.8287e-06	4.8007e-05
479	0.14437	0.85558	7.012e-06	4.8237e-05
480	0.11575	0.88419	5.578e-06	5.0121e-05
481	0.096335	0.90361	4.6339e-06	5.1555e-05
482	0.083373	0.91657	4.0292e-06	5.2687e-05
483	0.075029	0.92491	3.6665e-06	5.3617e-05
484	0.070009	0.92993	3.4799e-06	5.4408e-05
485	0.068381	0.93156	3.4527e-06	5.5009e-05
486	0.069086	0.93086	3.5642e-06	5.551e-05
487	0.073022	0.92692	3.8464e-06	5.5809e-05
488	0.08101	0.91893	4.3503e-06	5.5855e-05
489	0.093463	0.90648	5.1487e-06	5.5648e-05
490	0.11391	0.88603	6.4097e-06	5.4946e-05
491	0.14359	0.85635	8.2956e-06	5.3661e-05
492	0.18698	0.81296	1.1142e-05	5.1459e-05
493	0.20644	0.7935	1.2479e-05	5.0732e-05
494	0.23838	0.76156	1.4574e-05	4.9212e-05
495	0.28957	0.71037	1.7831e-05	4.6494e-05
496	0.29004	0.70989	1.8016e-05	4.6896e-05
497	0.2967	0.70323	1.8563e-05	4.6898e-05
498	0.29178	0.70816	1.8406e-05	4.7653e-05
499	0.29292	0.70702	1.8608e-05	4.8012e-05
500	0.30037	0.69957	1.9187e-05	4.7955e-05
501	0.31405	0.68588	2.023e-05	4.7487e-05
502	0.33814	0.66179	2.192e-05	4.6332e-05
503	0.37391	0.62602	2.448e-05	4.436e-05
504	0.43155	0.56838	2.8446e-05	4.0941e-05
505	0.51585	0.48408	3.4415e-05	3.5576e-05
506	0.63876	0.36117	4.3384e-05	2.7276e-05
507	0.81548	0.18445	5.6683e-05	1.4712e-05
508	0.83869	0.16123	5.9085e-05	1.3124e-05
509	0.84828	0.15165	6.0411e-05	1.2556e-05
510	0.84815	0.15178	6.1092e-05	1.271e-05
511	0.81079	0.18913	5.8966e-05	1.5755e-05
512	0.78597	0.21395	5.7874e-05	1.7849e-05
513	0.77175	0.22817	5.7478e-05	1.919e-05
514	0.73564	0.26428	5.5431e-05	2.2264e-05
515	0.71148	0.28844	5.4377e-05	2.4428e-05
516	0.69794	0.30198	5.4034e-05	2.5823e-05
517	0.58817	0.41175	4.5589e-05	3.5264e-05
518	0.51916	0.48076	4.0192e-05	4.1604e-05
519	0.47613	0.52379	3.6796e-05	4.5893e-05
520	0.44701	0.55291	3.4659e-05	4.8993e-05
521	0.43018	0.56974	3.3471e-05	5.1096e-05
522	0.42041	0.57951	3.2948e-05	5.2603e-05
523	0.39033	0.60958	3.0697e-05	5.5909e-05
524	0.37048	0.62943	2.937e-05	5.836e-05
525	0.35847	0.64144	2.8759e-05	6.0172e-05
526	0.3281	0.67181	2.6423e-05	6.3662e-05
527	0.31013	0.68977	2.5069e-05	6.6124e-05
528	0.29937	0.70054	2.4403e-05	6.797e-05
529	0.29411	0.70579	2.427e-05	6.9355e-05
530	0.29367	0.70624	2.4618e-05	7.0332e-05
531	0.29935	0.70055	2.5481e-05	7.0749e-05
532	0.26831	0.73159	2.2987e-05	7.46e-05
533	0.24974	0.75016	2.1519e-05	7.738e-05
534	0.23806	0.76184	2.073e-05	7.9556e-05
535	0.20945	0.79045	1.8188e-05	8.344e-05
536	0.19018	0.80972	1.6567e-05	8.6476e-05
537	0.17769	0.82221	1.5616e-05	8.8917e-05
538	0.17033	0.82957	1.5179e-05	9.0919e-05
539	0.16713	0.83276	1.5173e-05	9.2568e-05
540	0.1678	0.83209	1.5594e-05	9.3875e-05
541	0.15846	0.84143	1.5041e-05	9.6242e-05
542	0.15458	0.84531	1.4972e-05	9.808e-05
543	0.15538	0.84451	1.5349e-05	9.9426e-05
544	0.12185	0.87803	1.1951e-05	0.0001045
545	0.099003	0.90088	9.69e-06	0.00010853
546	0.083593	0.91629	8.2155e-06	0.00011185
547	0.073442	0.92644	7.2969e-06	0.0001147
548	0.067902	0.93197	6.8133e-06	0.00011708
549	0.065803	0.93407	6.6706e-06	0.00011907
550	0.066093	0.93378	6.8186e-06	0.00012086
551	0.068815	0.93106	7.2768e-06	0.00012243
552	0.075147	0.92472	8.1442e-06	0.00012355
553	0.074288	0.92558	8.1849e-06	0.00012558
554	0.075969	0.9239	8.5654e-06	0.00012737
555	0.080427	0.91943	9.341e-06	0.00012886
556	0.088295	0.91156	1.0633e-05	0.00012994
557	0.088321	0.91154	1.0933e-05	0.00013211
558	0.091179	0.90868	1.1667e-05	0.00013396
559	0.086494	0.91336	1.1407e-05	0.00013692
560	0.08547	0.91438	1.1596e-05	0.00013938
561	0.087905	0.91194	1.2254e-05	0.00014131
562	0.083517	0.91633	1.1869e-05	0.00014424
563	0.081916	0.91793	1.1922e-05	0.00014684
564	0.083672	0.91617	1.2452e-05	0.00014892
565	0.078355	0.92148	1.1839e-05	0.00015209
566	0.076655	0.92318	1.174e-05	0.00015469
567	0.077538	0.92229	1.2094e-05	0.00015695
568	0.081878	0.91795	1.2987e-05	0.00015863
569	0.090581	0.90924	1.4578e-05	0.00015956
570	0.10549	0.89434	1.717e-05	0.00015943
571	0.12975	0.87007	2.1272e-05	0.00015775
572	0.16487	0.83494	2.7415e-05	0.00015413
573	0.22074	0.77907	3.7025e-05	0.000147
574	0.24465	0.75516	4.1639e-05	0.00014499
575	0.28361	0.71621	4.8835e-05	0.00014033
576	0.34006	0.65975	5.9544e-05	0.0001323
577	0.36602	0.63378	6.487e-05	0.00012958
578	0.40497	0.59483	7.2909e-05	0.00012429
579	0.41999	0.57981	7.6831e-05	0.00012327
580	0.44636	0.55343	8.2875e-05	0.00012006
581	0.48605	0.51374	9.1918e-05	0.00011401
582	0.54394	0.45585	0.00010521	0.00010388
583	0.54579	0.454	0.00010735	0.00010509
584	0.55487	0.44491	0.00011091	0.00010479
585	0.57096	0.42882	0.00011627	0.00010287
586	0.5962	0.40358	0.00012407	9.871e-05
587	0.63391	0.36586	0.00013529	9.1328e-05
588	0.69473	0.30504	0.00015198	7.8376e-05
589	0.6798	0.31995	0.00015686	8.8022e-05
590	0.67152	0.32822	0.0001638	9.6344e-05
591	0.66879	0.33093	0.00017273	0.00010345
592	0.67125	0.32845	0.00018378	0.00010925
593	0.68081	0.31888	0.00019668	0.00011285
594	0.69945	0.30022	0.00021226	0.00011341
595	0.68594	0.31372	0.00021781	0.00012483
596	0.67878	0.32086	0.00022611	0.00013437
597	0.67719	0.32243	0.00023716	0.00014211
598	0.68217	0.31743	0.00025032	0.00014733
599	0.69478	0.30481	0.00026628	0.00014937
600	0.63092	0.36865	0.00024447	0.0001888
601	0.59124	0.40831	0.00023217	0.00021835
602	0.56734	0.4322	0.00022648	0.00024097
603	0.55224	0.44727	0.0002256	0.00025959
604	0.54552	0.45398	0.00022835	0.00027424
605	0.54574	0.45374	0.00023421	0.00028548
606	0.55164	0.44782	0.00024358	0.00029404
607	0.5657	0.43374	0.00025668	0.00029854
608	0.58824	0.41119	0.000275	0.00029865
609	0.62268	0.37672	0.00030081	0.00029218
610	0.61707	0.38232	0.00030567	0.00030763
611	0.61823	0.38114	0.00031426	0.00031897
612	0.60647	0.39287	0.00031403	0.0003401
613	0.60236	0.39697	0.00031847	0.00035616
614	0.60359	0.39571	0.00032733	0.00036878
615	0.61035	0.38893	0.0003408	0.00037781
616	0.60517	0.39409	0.00034439	0.00039609
617	0.60557	0.39367	0.00035305	0.00041037
618	0.61291	0.3863	0.00036632	0.00041964
619	0.5829	0.41631	0.00035001	0.0004424
620	0.56553	0.43367	0.00034175	0.00045695
621	0.55711	0.44208	0.00033948	0.00046535
622	0.46397	0.53522	0.00027563	0.00053569
623	0.40023	0.59895	0.00023318	0.00058501
624	0.36055	0.63862	0.00020641	0.0006185
625	0.33648	0.66268	0.0001901	0.00064141
626	0.32096	0.6782	0.00018035	0.00065808
627	0.31193	0.68723	0.00017557	0.00067013
628	0.30951	0.68964	0.00017523	0.00067761
629	0.31206	0.68708	0.00017885	0.00068148
630	0.32127	0.67786	0.00018712	0.00068058
631	0.33913	0.65999	0.00020141	0.00067352
632	0.34275	0.65637	0.00020484	0.00067719
633	0.35201	0.6471	0.00021292	0.00067658
634	0.32594	0.67316	0.0001925	0.00070491
635	0.31093	0.68816	0.00018059	0.00072461
636	0.30379	0.6953	0.00017473	0.00073811
637	0.30296	0.69612	0.0001736	0.00074675
638	0.30691	0.69216	0.00017644	0.00075178
639	0.31637	0.6827	0.0001837	0.00075278
640	0.33449	0.66456	0.0001968	0.0007478
641	0.36206	0.63699	0.00021716	0.00073593
642	0.40326	0.59578	0.00024823	0.0007138
643	0.39976	0.59927	0.00024553	0.00072584
644	0.38153	0.6175	0.00023509	0.00073531
645	0.37221	0.62682	0.00023063	0.00073868
646	0.36984	0.62919	0.00023131	0.00073683
647	0.37253	0.62651	0.0002367	0.0007305
648	0.38222	0.61682	0.00024831	0.00071784
649	0.39881	0.60022	0.00026733	0.00069799
650	0.42747	0.57157	0.00029819	0.00066621
651	0.46978	0.52926	0.00034442	0.00061928
652	0.46683	0.53221	0.00034419	0.00061906
653	0.47064	0.5284	0.00034989	0.00061281
654	0.48029	0.51875	0.00036183	0.00060054
655	0.49733	0.50171	0.00038213	0.00058016
656	0.52683	0.47221	0.00041522	0.00054689
657	0.57044	0.4286	0.00046492	0.00049725
658	0.64039	0.35865	0.00054238	0.00041973
659	0.74264	0.2564	0.0006583	0.00030401
660	0.88983	0.1092	0.0008291	0.00013369
661	0.9083	0.090741	0.00085195	0.00011163
662	0.93877	0.060263	0.00088801	7.6202e-05
663	0.98776	0.011275	0.00094422	2.0461e-05
664	0.99411	0.0049327	0.00094892	8.6185e-06
665	0.99724	0.001812	0.00094711	3.0146e-06
666	0.99891	0.00015125	0.00094221	2.406e-07
667	0.9988	0.00026496	0.000935	2.8925e-07
668	0.99877	0.0003045	0.00092757	3.0162e-07
669	0.99766	0.0014237	0.00091969	1.2962e-06
670	0.99559	0.0034967	0.00091068	3.1596e-06
671	0.99496	0.0041289	0.00090271	3.7265e-06
672	0.99564	0.003458	0.00089562	3.1462e-06
673	0.99223	0.0068741	0.00088542	6.2194e-06
674	0.99081	0.0083009	0.00087673	7.5146e-06
675	0.99086	0.0082604	0.00086995	7.4272e-06
676	0.99263	0.0064981	0.00086438	5.8792e-06
677	0.9927	0.0064378	0.00085784	5.7954e-06
678	0.99114	0.0080064	0.00085038	7.0908e-06
679	0.99126	0.0078932	0.00084412	6.963e-06
680	0.9928	0.0063574	0.00083958	5.5633e-06
681	0.99634	0.002826	0.00083643	2.5401e-06
682	0.99593	0.0032336	0.00083038	2.8832e-06
683	0.9966	0.0025761	0.00082571	2.2861e-06
684	0.99842	0.00076048	0.00082249	6.7294e-07
685	0.99835	0.00083456	0.00081802	7.0377e-07
686	0.99914	4.817e-05	0.00081405	3.9485e-08
687	0.99918	1.4653e-05	0.00080924	1.2337e-08
688	0.99912	7.1114e-05	0.00080474	6.0786e-08
689	0.99779	0.0014078	0.00079954	1.1755e-06
690	0.99742	0.0017867	0.00079554	1.4768e-06
691	0.99631	0.0028934	0.00079134	2.3352e-06
692	0.99641	0.0028027	0.00078789	2.2606e-06
693	0.99754	0.0016705	0.00078563	1.3291e-06
694	0.99806	0.0011591	0.00078267	9.225e-07
695	0.99814	0.0010811	0.00077972	8.4312e-07
696	0.99916	5.7917e-05	0.00077732	4.4197e-08
697	0.99922	2.562e-06	0.00077397	2.0348e-09
698	0.99918	4.9646e-05	0.00077088	3.937e-08
699	0.99908	0.00015323	0.00076808	1.1892e-07
700	0.99843	0.00080278	0.00076468	6.3411e-07
701	0.99737	0.0018714	0.00076074	1.5067e-06
702	0.99737	0.0018717	0.00075745	1.5605e-06
703	0.99378	0.0054662	0.00075155	4.5484e-06
704	0.99188	0.0073695	0.0007474	6.1013e-06
705	0.99142	0.0078333	0.00074474	6.4692e-06
706	0.99237	0.0068857	0.00074354	5.6923e-06
707	0.99482	0.0044337	0.00074385	3.6919e-06
708	0.9991	0.00015264	0.00074597	1.7625e-07
709	0.98089	0.018366	0.00072708	1.5067e-05
710	0.96991	0.029356	0.00071381	2.4158e-05
711	0.96311	0.036158	0.00070455	2.9601e-05
712	0.94801	0.051258	0.00068824	4.1911e-05
713	0.93847	0.060806	0.00067709	4.9418e-05
714	0.93385	0.065423	0.00066955	5.3131e-05
715	0.92113	0.078154	0.00065617	6.3036e-05
716	0.89098	0.10831	0.00063004	8.6011e-05
717	0.87103	0.12826	0.00061257	0.00010063
718	0.82397	0.17532	0.00057609	0.00013455
719	0.79503	0.20427	0.00055243	0.00015551
720	0.77799	0.22131	0.00053724	0.00016786
721	0.76925	0.23005	0.00052793	0.00017417
722	0.76592	0.23338	0.00052312	0.00017628
723	0.76752	0.23178	0.00052232	0.00017466
724	0.77547	0.22384	0.00052567	0.00016875
725	0.773	0.22631	0.00052205	0.00017009
726	0.77526	0.22405	0.0005222	0.0001679
727	0.78254	0.21678	0.00052636	0.00016196
728	0.79758	0.20173	0.0005357	0.00015072
729	0.82098	0.17833	0.00055158	0.00013318
730	0.85583	0.14348	0.00057656	0.00010681
731	0.91196	0.087358	0.00061629	6.5545e-05
732	0.99413	0.0051916	0.00067655	4.0166e-06
733	0.99434	0.004982	0.0006758	3.7851e-06
734	0.99335	0.0059719	0.00067448	4.3854e-06
735	0.99365	0.0056666	0.00067437	4.0476e-06
736	0.99268	0.0066449	0.00067319	4.6338e-06
737	0.99324	0.0060859	0.00067288	4.2005e-06
738	0.99545	0.0038715	0.00067353	2.6684e-06
739	0.99375	0.0055712	0.0006718	3.7725e-06
740	0.99358	0.0057421	0.00067093	3.8756e-06
741	0.99205	0.0072785	0.00066896	4.9328e-06
742	0.98831	0.011017	0.00066529	7.5501e-06
743	0.98654	0.012788	0.00066331	8.7496e-06
744	0.98649	0.012843	0.00066281	8.7316e-06
745	0.98844	0.010887	0.00066348	7.3986e-06
746	0.98842	0.010907	0.00066264	7.4423e-06
747	0.99002	0.0093122	0.0006632	6.3461e-06
748	0.98989	0.0094445	0.00066241	6.4582e-06
749	0.99128	0.0080511	0.00066297	5.4937e-06
750	0.99473	0.0046021	0.00066472	3.1929e-06
751	0.9935	0.0058299	0.0006636	4.0221e-06
752	0.99377	0.005567	0.00066331	3.8723e-06
753	0.99532	0.0040113	0.0006642	2.8122e-06
754	0.99842	0.00091494	0.00066645	6.5082e-07
755	0.9974	0.0019359	0.00066562	1.3729e-06
756	0.99732	0.0020116	0.00066572	1.4291e-06
757	0.99157	0.0077579	0.00066161	5.5164e-06
758	0.98815	0.011187	0.00065945	7.9093e-06
759	0.98691	0.012422	0.00065861	8.8399e-06
760	0.98761	0.011723	0.00065891	8.4869e-06
761	0.99001	0.0093178	0.00066068	6.921e-06
762	0.99451	0.0048258	0.00066422	3.8563e-06
763	0.99388	0.005454	0.00066442	4.3949e-06
764	0.99468	0.0046465	0.00066548	3.9402e-06
765	0.99682	0.0025078	0.00066777	2.5079e-06
766	0.99768	0.001646	0.00066938	2.0175e-06
767	0.99175	0.0075773	0.00066389	8.9042e-06
768	0.84462	0.15471	0.00055512	0.00011323
769	0.75171	0.24763	0.00048442	0.00017932
770	0.68743	0.31191	0.00043634	0.00022311
771	0.64753	0.35182	0.00040499	0.00025002
772	0.6235	0.37585	0.00038457	0.00026585
773	0.6083	0.39105	0.00037109	0.00027505
774	0.60011	0.39925	0.00036294	0.0002792
775	0.59897	0.40039	0.00035917	0.00027885
776	0.6032	0.39617	0.00035923	0.00027494
777	0.61335	0.38602	0.00036343	0.00026717
778	0.52444	0.47494	0.0003052	0.00032209
779	0.46861	0.53076	0.00026757	0.0003563
780	0.43037	0.56901	0.00024224	0.00037844
781	0.40738	0.592	0.00022618	0.00039122
782	0.39282	0.60656	0.00021592	0.00039841
783	0.3863	0.61309	0.00021036	0.00040081
784	0.38508	0.61431	0.00020832	0.00039991
785	0.39042	0.60897	0.00020988	0.0003953
786	0.4019	0.5975	0.00021528	0.00038708
787	0.40097	0.59843	0.0002137	0.00038607
788	0.40671	0.59269	0.00021575	0.00038132
789	0.41849	0.58092	0.00022157	0.00037301
790	0.44029	0.55912	0.00023274	0.00035927
791	0.47314	0.52627	0.00025059	0.00033904
792	0.48482	0.51459	0.00025649	0.00033098
793	0.50419	0.49523	0.00026725	0.00031826
794	0.5338	0.46561	0.00028457	0.00029917
795	0.57816	0.42125	0.00031153	0.00027067
796	0.64927	0.35015	0.00035393	0.00022662
797	0.67969	0.31973	0.00037204	0.00020707
798	0.69032	0.3091	0.0003783	0.00019959
799	0.70821	0.29121	0.00038953	0.00018736
800	0.7388	0.26062	0.0004083	0.00016747
801	0.78853	0.2109	0.00043831	0.00013624
802	0.80949	0.18993	0.00045095	0.00012259
803	0.84434	0.15508	0.00047169	0.00010071
804	0.89528	0.10415	0.00050324	6.8263e-05
805	0.96904	0.030389	0.00055042	2.0418e-05
806	0.97978	0.01965	0.00055645	1.3576e-05
807	0.98468	0.014748	0.00055855	1.0541e-05
808	0.98647	0.012963	0.00055848	9.53e-06
809	0.99073	0.0087074	0.00055972	7.0857e-06
810	0.99223	0.0072071	0.00055951	6.3291e-06
811	0.94388	0.055553	0.00052339	3.9874e-05
812	0.9138	0.085636	0.00049952	6.1032e-05
813	0.89382	0.10562	0.00048343	7.4689e-05
814	0.84798	0.15147	0.00045072	0.00010522
815	0.81672	0.18273	0.00042857	0.00012544
816	0.7959	0.20355	0.0004138	0.00013851
817	0.783	0.21645	0.00040449	0.00014636
818	0.77733	0.22212	0.00039931	0.00014996
819	0.77666	0.2228	0.00039747	0.00015045
820	0.78197	0.21749	0.00039882	0.00014762
821	0.7928	0.20666	0.00040364	0.00014156
822	0.81085	0.18861	0.00041294	0.00013123
823	0.8162	0.18326	0.00041524	0.00012812
824	0.8284	0.17106	0.00042121	0.00012123
825	0.8481	0.15135	0.00043191	0.00010984
826	0.85575	0.14371	0.00043524	0.00010569
827	0.87067	0.12879	0.00044241	9.7597e-05
828	0.89385	0.10561	0.00045467	8.4624e-05
829	0.89097	0.10849	0.00045116	8.4988e-05
830	0.89191	0.10756	0.00045038	8.2903e-05
831	0.89678	0.10269	0.00045253	7.8152e-05
832	0.90629	0.093185	0.00045826	7.0082e-05
833	0.92326	0.076213	0.0004689	5.6968e-05
834	0.94901	0.050466	0.00048643	3.7228e-05
835	0.99054	0.0089367	0.0005147	6.6146e-06
836	0.99142	0.0080595	0.0005135	5.7204e-06
837	0.9942	0.0052846	0.00051331	3.6756e-06
838	0.99532	0.0041627	0.00051179	2.829e-06
839	0.99536	0.0041312	0.00050938	2.7176e-06
840	0.99654	0.0029455	0.0005079	1.9335e-06
841	0.99436	0.0051335	0.00050476	3.0721e-06
842	0.98937	0.010123	0.00050044	5.6417e-06
843	0.98662	0.012877	0.00049759	6.9862e-06
844	0.986	0.013499	0.00049568	7.2651e-06
845	0.98738	0.012122	0.00049463	6.547e-06
846	0.99062	0.0088849	0.00049481	4.8313e-06
847	0.99152	0.0079823	0.00049404	4.314e-06
848	0.99432	0.0051802	0.00049409	2.8523e-06
849	0.99918	0.00032556	0.00049548	2.8197e-07
850	0.99929	0.00022028	0.00048772	1.5384e-07
851	0.99876	0.00076234	0.00048008	4.1322e-07
852	0.99897	0.00055591	0.0004733	2.9193e-07
853	0.99909	0.00044392	0.00046622	2.3893e-07
854	0.99802	0.0015168	0.00045898	7.8736e-07
855	0.98873	0.010817	0.00044814	5.3753e-06
856	0.9679	0.031653	0.00043243	1.5243e-05
857	0.95532	0.044238	0.00042051	2.1122e-05
858	0.94753	0.05203	0.00041149	2.4503e-05
859	0.94407	0.055504	0.00040425	2.5907e-05
860	0.94363	0.055949	0.00039884	2.5865e-05
861	0.94615	0.05343	0.00039514	2.4471e-05
862	0.93189	0.067699	0.00038384	3.0508e-05
863	0.92294	0.076651	0.00037543	3.3989e-05
864	0.919	0.080596	0.00036897	3.5346e-05
865	0.90609	0.093515	0.00035923	4.0327e-05
866	0.89835	0.10125	0.00035214	4.2971e-05
867	0.89478	0.10483	0.00034715	4.3815e-05
868	0.89489	0.10472	0.00034399	4.3111e-05
869	0.89966	0.099953	0.00034246	4.0626e-05
870	0.91008	0.089538	0.00034288	3.6036e-05
871	0.92836	0.07127	0.00034598	2.862e-05
872	0.95557	0.04406	0.00035284	1.7723e-05
873	0.99582	0.0038129	0.00036518	1.6536e-06
874	0.99713	0.0025081	0.00036265	1.0782e-06
875	0.99559	0.0040502	0.00035882	1.657e-06
876	0.99524	0.0043991	0.00035572	1.765e-06
877	0.99353	0.0061141	0.00035237	2.3678e-06
878	0.99316	0.006483	0.00034977	2.4556e-06
879	0.99434	0.005313	0.00034758	2.0048e-06
880	0.99431	0.0053405	0.00034479	2.0136e-06
881	0.99553	0.0041263	0.00034269	1.5653e-06
882	0.99815	0.0015099	0.00034134	6.0418e-07
883	0.99944	0.0002195	0.00033972	1.3012e-07
884	0.99149	0.0081744	0.0003327	4.7237e-06
885	0.98654	0.013121	0.00032762	7.608e-06
886	0.97507	0.024605	0.00031447	1.1332e-05
887	0.96775	0.031931	0.00030354	1.3382e-05
888	0.96362	0.036068	0.00029432	1.4229e-05
889	0.92542	0.074275	0.00027402	2.5779e-05
890	0.89939	0.10031	0.00025874	3.2809e-05
891	0.88209	0.11763	0.00024697	3.6793e-05
892	0.84505	0.15467	0.0002296	4.6141e-05
893	0.76835	0.23138	0.00020143	6.6081e-05
894	0.71611	0.28363	0.0001818	7.7925e-05
895	0.6839	0.31584	0.00016774	8.4e-05
896	0.66294	0.33682	0.00015749	8.6687e-05
897	0.65178	0.34799	0.00014966	8.6775e-05
898	0.64805	0.35172	0.0001435	8.4997e-05
899	0.64958	0.3502	0.00013896	8.2004e-05
900	0.65677	0.34301	0.00013598	7.7829e-05
901	0.67064	0.32915	0.00013469	7.2345e-05
902	0.69544	0.30436	0.0001352	6.4881e-05
903	0.73638	0.26342	0.00013823	5.4735e-05
904	0.75302	0.2468	0.00013653	4.9694e-05
905	0.77872	0.2211	0.00013669	4.314e-05
906	0.82092	0.1789	0.00013919	3.4076e-05
907	0.83881	0.16102	0.00013735	2.9724e-05
908	0.86886	0.13098	0.00013705	2.3646e-05
909	0.91293	0.08692	0.00013911	1.5569e-05
910	0.91657	0.083285	0.00013457	1.4429e-05
911	0.92414	0.075713	0.00013094	1.2707e-05
912	0.93666	0.063202	0.0001283	1.0292e-05
913	0.93162	0.068243	0.00012325	1.0579e-05
914	0.93002	0.069853	0.00011901	1.0349e-05
915	0.93226	0.067613	0.00011512	9.6159e-06
916	0.93884	0.061045	0.00011161	8.366e-06
917	0.95	0.049883	0.00010891	6.5781e-06
918	0.96891	0.030983	0.00010687	3.9907e-06
919	0.96167	0.038225	0.00010189	4.612e-06
920	0.9577	0.042197	9.7567e-05	4.8171e-06
921	0.95705	0.04285	9.347e-05	4.6654e-06
922	0.95109	0.048818	8.9122e-05	5.0162e-06
923	0.94897	0.05094	8.5032e-05	4.9786e-06
924	0.95023	0.049679	8.1114e-05	4.6337e-06
925	0.94682	0.053095	7.7042e-05	4.692e-06
926	0.94631	0.053616	7.3458e-05	4.4878e-06
927	0.94062	0.059306	6.9351e-05	4.6815e-06
928	0.93892	0.061005	6.5438e-05	4.5537e-06
929	0.94018	0.059754	6.1965e-05	4.2095e-06
930	0.94455	0.055386	5.8899e-05	3.6698e-06
931	0.95365	0.046289	5.5963e-05	2.8822e-06
932	0.96788	0.032066	5.3475e-05	1.8518e-06
933	0.98938	0.010566	5.1518e-05	4.9376e-07
934	0.98805	0.011903	4.8402e-05	4.8857e-07
935	0.98358	0.016378	4.5359e-05	5.8478e-07
936	0.97392	0.026038	4.5192e-05	1.0596e-06
937	0.96865	0.031306	4.5171e-05	1.3376e-06
938	0.96612	0.033836	4.534e-05	1.4826e-06
939	0.95852	0.041429	4.5208e-05	1.8788e-06
940	0.955	0.044949	4.5215e-05	2.0859e-06
941	0.95423	0.045721	4.5415e-05	2.1558e-06
942	0.95618	0.04377	4.5811e-05	2.0906e-06
943	0.9536	0.046355	4.6058e-05	2.2367e-06
944	0.95429	0.04566	4.6406e-05	2.2293e-06
945	0.95841	0.041537	4.6866e-05	2.0604e-06
946	0.96603	0.033917	4.7568e-05	1.7107e-06
947	0.97807	0.021884	4.8566e-05	1.1247e-06
948	0.99611	0.0038448	4.9961e-05	2.0406e-07
949	0.99857	0.001384	5.0633e-05	7.4419e-08
950	0.99844	0.0015044	5.1114e-05	8.1832e-08
951	0.9992	0.00074329	5.171e-05	4.1559e-08
952	0.9996	0.00034384	5.2359e-05	1.9824e-08
953	0.99917	0.0007803	5.3031e-05	4.4159e-08
954	0.99947	0.00048001	5.3816e-05	2.7914e-08
955	0.99865	0.0012984	5.4613e-05	7.4284e-08
956	0.99867	0.0012698	5.5534e-05	7.3089e-08
