#coord	neutral	conserved	gBGC.neutral	gBGC.conserved
1	0.0327	0.0074745	0.77987	0.17996
2	0.032362	0.0069827	0.78895	0.17171
3	0.032218	0.0062566	0.80448	0.15705
4	0.032462	0.0051542	0.83026	0.13212
5	0.03327	0.0035015	0.87141	0.091816
6	0.034916	0.0010221	0.9361	0.027964
7	0.034359	0.0007055	0.94501	0.019923
8	0.033904	0.00024486	0.95867	0.0071824
9	0.033148	4.213e-05	0.96552	0.0012895
10	0.03217	1.7822e-05	0.96725	0.00056216
11	0.031168	3.2047e-05	0.96776	0.0010372
12	0.030147	2.134e-05	0.96911	0.00072403
13	0.029136	1.608e-05	0.97025	0.00059349
14	0.028076	1.5111e-05	0.97129	0.00062064
15	0.026967	1.7572e-05	0.97219	0.00082023
16	0.025806	2.4576e-05	0.97286	0.0013126
17	0.024656	3.7923e-05	0.97296	0.0023451
18	0.023443	6.6091e-05	0.97186	0.0046294
19	0.023184	0.00013843	0.96905	0.0076286
20	0.022852	0.00028714	0.96274	0.014125
21	0.022558	0.00037146	0.95923	0.017842
22	0.022326	0.00039754	0.95818	0.019096
23	0.022109	0.00038134	0.95908	0.018432
24	0.021909	0.00032136	0.96208	0.015693
25	0.021731	0.00021146	0.9676	0.010461
26	0.021586	4.1273e-05	0.97632	0.0020487
27	0.021299	1.8074e-05	0.97778	0.00089908
28	0.020984	2.776e-05	0.97763	0.0013607
29	0.020658	1.9747e-05	0.97835	0.00097564
30	0.020331	1.7191e-05	0.97878	0.00086843
31	0.020004	1.8655e-05	0.979	0.00098032
32	0.01964	2.6473e-05	0.9789	0.0014291
33	0.019236	4.533e-05	0.97822	0.0024945
34	0.01878	8.7932e-05	0.97622	0.0049106
35	0.018359	9.9218e-05	0.9758	0.0057396
36	0.017934	8.7249e-05	0.9767	0.0052809
37	0.017426	0.00016183	0.9723	0.010113
38	0.01693	0.0001974	0.97011	0.012762
39	0.016435	0.00020134	0.96981	0.013556
40	0.01587	0.00024621	0.96675	0.017132
41	0.015311	0.00025631	0.96584	0.01859
42	0.01475	0.00023675	0.96693	0.018084
43	0.014186	0.00018971	0.97009	0.01553
44	0.013594	0.00017642	0.97079	0.015437
45	0.01294	0.00019392	0.96889	0.017977
46	0.01228	0.00018492	0.96905	0.01848
47	0.011653	0.00015018	0.97143	0.016766
48	0.011059	8.9648e-05	0.97636	0.012489
49	0.010398	6.315e-05	0.97837	0.011164
50	0.0103	9.9062e-05	0.97476	0.014839
51	0.010224	0.00011222	0.9735	0.016163
52	0.010099	0.00015392	0.96891	0.020838
53	0.0098962	0.00025207	0.95786	0.031997
54	0.0097407	0.00030283	0.95167	0.038289
55	0.0096192	0.00031923	0.94908	0.040982
56	0.009526	0.00030685	0.94955	0.040616
57	0.0094367	0.00027045	0.95271	0.037581
58	0.0093148	0.00026611	0.95201	0.038405
59	0.0092187	0.00023552	0.95427	0.036281
60	0.0091523	0.00017473	0.9599	0.030776
61	0.0095022	0.00016879	0.9632	0.027131
62	0.0098543	0.0001369	0.96965	0.02036
63	0.01025	6.3066e-05	0.98095	0.0087355
64	0.010573	6.2856e-05	0.98147	0.0078978
65	0.010917	4.4488e-05	0.9838	0.0052419
66	0.010827	0.00013227	0.97533	0.013712
67	0.010776	0.00018044	0.97057	0.018476
68	0.01073	0.00020375	0.96823	0.020837
69	0.0099354	0.00097558	0.89149	0.097604
70	0.009434	0.0014535	0.84279	0.14632
71	0.009121	0.0017421	0.81233	0.17681
72	0.0089318	0.0019061	0.79395	0.19521
73	0.0084883	0.0023044	0.75116	0.23804
74	0.0076069	0.0031394	0.6611	0.32816
75	0.0069875	0.0036937	0.59966	0.38966
76	0.0065549	0.0040425	0.55866	0.43074
77	0.0062865	0.004225	0.53363	0.45586
78	0.0060986	0.0043088	0.51795	0.47164
79	0.0059972	0.0043041	0.51057	0.47913
80	0.0059443	0.0042326	0.50915	0.48067
81	0.0059379	0.004096	0.51348	0.47649
82	0.0058023	0.0040701	0.50593	0.48419
83	0.0057368	0.003972	0.50524	0.48505
84	0.0057157	0.003811	0.51031	0.48016
85	0.0057726	0.0035697	0.52304	0.46761
86	0.005934	0.003222	0.546	0.44484
87	0.0062463	0.0027213	0.58377	0.40726
88	0.0066179	0.0027029	0.60981	0.38087
89	0.007139	0.0025346	0.65237	0.33796
90	0.0078977	0.0021286	0.72	0.26997
91	0.0090409	0.0013387	0.82637	0.16325
92	0.0094123	0.0012979	0.83812	0.15117
93	0.0098791	0.0011626	0.85877	0.13018
94	0.010442	0.0009079	0.89058	0.098072
95	0.010825	0.00081043	0.90407	0.084294
96	0.011312	0.0006091	0.92672	0.061358
97	0.011908	0.00027624	0.96108	0.02674
98	0.01234	0.00010828	0.97749	0.010066
99	0.012691	2.343e-05	0.98522	0.0020664
100	0.012955	3.3057e-05	0.98432	0.0026896
101	0.013235	2.8107e-05	0.98454	0.0021984
102	0.013535	6.3789e-06	0.98596	0.00049427
103	0.013775	1.975e-05	0.98476	0.001448
104	0.014031	1.9695e-05	0.98452	0.001431
105	0.014275	7.1665e-06	0.98518	0.00053421
106	0.014385	0.00010472	0.97799	0.0075228
107	0.014348	0.0003267	0.96237	0.022956
108	0.014361	0.00047511	0.95232	0.032844
109	0.013479	0.0015192	0.8812	0.1038
110	0.012882	0.0022566	0.83276	0.1521
111	0.01249	0.0027659	0.80054	0.1842
112	0.012292	0.0030825	0.78101	0.20362
113	0.012184	0.0032869	0.76904	0.21549
114	0.012147	0.0033985	0.76312	0.22133
115	0.012169	0.0034288	0.76235	0.22205
116	0.012286	0.003365	0.76736	0.21698
117	0.012514	0.0031899	0.7792	0.2051
118	0.01284	0.0028955	0.79859	0.18567
119	0.013374	0.0023945	0.83067	0.15356
120	0.014223	0.0015775	0.88194	0.10226
121	0.014593	0.0012154	0.90499	0.079203
122	0.014727	0.0010663	0.91458	0.069622
123	0.014928	0.00082686	0.93018	0.054062
124	0.015285	0.00043272	0.95564	0.028643
125	0.015393	0.0002641	0.96672	0.017623
126	0.015564	9.3484e-06	0.9838	0.00062974
127	0.01548	1.1099e-05	0.98377	0.00074256
128	0.015368	4.2784e-05	0.98173	0.0028604
129	0.015226	0.00010525	0.97754	0.007133
130	0.01502	0.00023316	0.96869	0.016053
131	0.014842	0.00031063	0.96329	0.021555
132	0.014681	0.0003479	0.96062	0.024354
133	0.01453	0.00035144	0.96024	0.024874
134	0.014418	0.00031774	0.96235	0.022913
135	0.014317	0.00025	0.96692	0.018513
136	0.014143	0.0002314	0.96815	0.017473
137	0.013938	0.00024579	0.96693	0.018888
138	0.013736	0.00023371	0.96765	0.018377
139	0.013472	0.00026086	0.96544	0.02083
140	0.013212	0.00026001	0.96532	0.021211
141	0.012954	0.00023329	0.96724	0.019571
142	0.012699	0.00017975	0.97145	0.015674
143	0.012381	0.00016544	0.97258	0.014871
144	0.012059	0.00012896	0.97571	0.012105
145	0.011714	0.0001189	0.97654	0.011627
146	0.011393	8.6833e-05	0.97934	0.0091763
147	0.011068	3.3793e-05	0.98433	0.004563
148	0.010695	3.1494e-05	0.98436	0.0049149
149	0.010811	4.2406e-05	0.9836	0.0055455
150	0.010912	6.8409e-05	0.98132	0.0077039
151	0.011031	7.6203e-05	0.98074	0.008151
152	0.011144	6.8771e-05	0.98165	0.0071388
153	0.011277	4.1553e-05	0.98437	0.00431
154	0.011372	3.1451e-05	0.98537	0.0032315
155	0.011458	2.9807e-05	0.98547	0.0030386
156	0.011536	1.6097e-05	0.9867	0.0017492
157	0.011585	1.0313e-05	0.98715	0.0012528
158	0.011631	7.4421e-06	0.98723	0.0011305
159	0.012089	0.00020983	0.9696	0.018101
160	0.01221	0.00071825	0.92971	0.057367
161	0.012423	0.0011031	0.90303	0.083445
162	0.012078	0.0020177	0.84143	0.14447
163	0.011927	0.0027085	0.8001	0.18526
164	0.011983	0.0031979	0.7744	0.21042
165	0.012185	0.0035445	0.75922	0.22505
166	0.012059	0.0042234	0.72427	0.25945
167	0.012067	0.0047424	0.70119	0.282
168	0.012231	0.0051078	0.68807	0.29459
169	0.012471	0.005371	0.6813	0.30086
170	0.012829	0.0055198	0.68085	0.3008
171	0.012985	0.0058739	0.66936	0.31178
172	0.013224	0.0061192	0.66396	0.3167
173	0.013591	0.0062393	0.66484	0.31533
174	0.014104	0.0062181	0.67223	0.30744
175	0.014742	0.0060446	0.6863	0.29291
176	0.01564	0.0056148	0.71104	0.2677
177	0.016167	0.0055292	0.71946	0.25885
178	0.016444	0.0056664	0.71756	0.26033
179	0.01681	0.0056891	0.7207	0.2568
180	0.017284	0.0055765	0.72956	0.24758
181	0.017968	0.0052574	0.74671	0.23007
182	0.01896	0.004634	0.77564	0.20076
183	0.019514	0.0044223	0.78691	0.18915
184	0.020307	0.0039754	0.80713	0.16858
185	0.021349	0.0032532	0.83803	0.13737
186	0.021919	0.002975	0.85057	0.12453
187	0.021281	0.0038788	0.81603	0.15881
188	0.020897	0.0045009	0.79341	0.18119
189	0.02076	0.0048797	0.78031	0.19405
190	0.02075	0.0051056	0.77334	0.2008
191	0.020896	0.0051778	0.77214	0.20178
192	0.021143	0.0051224	0.77578	0.19795
193	0.021508	0.0049233	0.78484	0.18873
194	0.022097	0.0045036	0.80188	0.17152
195	0.023011	0.0037614	0.83038	0.14285
196	0.023499	0.0034505	0.84241	0.13064
197	0.024164	0.0029342	0.86196	0.11094
198	0.025086	0.002134	0.89201	0.080773
199	0.025523	0.0017921	0.90506	0.067627
200	0.026209	0.0012049	0.92682	0.045764
201	0.027154	0.00033201	0.9593	0.013211
202	0.027181	0.00034934	0.95863	0.01384
203	0.027226	0.00032147	0.95968	0.012773
204	0.027294	0.00024323	0.96266	0.0098036
205	0.027393	0.00010561	0.96795	0.0045543
206	0.027466	0.00011067	0.96787	0.0045576
207	0.02758	7.9081e-05	0.96913	0.0032123
208	0.027703	1.1084e-05	0.97182	0.00046758
209	0.027739	2.8326e-06	0.97212	0.00014165
210	0.027654	8.7744e-05	0.96819	0.0040681
211	0.027482	0.00026454	0.95977	0.012482
212	0.027355	0.00036786	0.95467	0.017607
213	0.027258	0.00041297	0.9521	0.020224
214	0.027184	0.00040716	0.95168	0.020731
215	0.027175	0.00034188	0.95353	0.01895
216	0.027197	0.000217	0.95774	0.014847
217	0.027903	0.00027357	0.95541	0.016414
218	0.028672	0.00027946	0.95515	0.015895
219	0.029451	0.00023784	0.95681	0.013497
220	0.030141	0.00024845	0.95604	0.013573
221	0.030841	0.00021384	0.95701	0.01194
222	0.031506	0.00022441	0.95586	0.012413
223	0.031863	0.00050563	0.94286	0.024774
224	0.032348	0.00067017	0.93499	0.031988
225	0.032873	0.00075708	0.93048	0.035891
226	0.033203	0.0010031	0.91937	0.046421
227	0.033663	0.0011293	0.91314	0.052071
228	0.034234	0.0011543	0.9106	0.054007
229	0.034144	0.0018044	0.88144	0.08261
230	0.034745	0.0035479	0.83912	0.12259
231	0.035633	0.0049285	0.8106	0.14884
232	0.036905	0.0059576	0.79282	0.16432
233	0.038326	0.006767	0.78158	0.17333
234	0.039883	0.0073675	0.77566	0.17709
235	0.041575	0.0077646	0.77425	0.17641
236	0.043575	0.0078854	0.77813	0.17041
237	0.045809	0.0077038	0.78737	0.15911
238	0.046871	0.0087264	0.77378	0.17062
239	0.048141	0.0094737	0.76581	0.17658
240	0.049751	0.0099111	0.76322	0.17712
241	0.051721	0.01002	0.76578	0.17248
242	0.053965	0.0097872	0.77337	0.16287
243	0.056608	0.0090871	0.78754	0.14677
244	0.051091	0.016578	0.68234	0.24999
245	0.047936	0.021735	0.6152	0.31513
246	0.045968	0.025643	0.5694	0.35899
247	0.045164	0.028413	0.54072	0.38571
248	0.044954	0.03053	0.52198	0.40254
249	0.042587	0.034744	0.47853	0.44414
250	0.041461	0.03774	0.45144	0.46936
251	0.040981	0.040036	0.43387	0.48512
252	0.041026	0.04175	0.42361	0.49362
253	0.041675	0.042882	0.41994	0.4955
254	0.042746	0.043539	0.42134	0.49237
255	0.0443	0.043662	0.42811	0.48393
256	0.046488	0.043097	0.44153	0.46889
257	0.049515	0.041642	0.46339	0.44545
258	0.053725	0.038953	0.49687	0.41045
259	0.055879	0.038269	0.50954	0.39631
260	0.058888	0.036677	0.53076	0.37368
261	0.063478	0.033525	0.56595	0.33705
262	0.069898	0.028492	0.61836	0.28325
263	0.078965	0.020759	0.69547	0.2048
264	0.093129	0.0079539	0.81657	0.082343
265	0.09458	0.0078038	0.81773	0.079891
266	0.093757	0.0098705	0.79831	0.098059
267	0.093562	0.011252	0.78582	0.10937
268	0.091446	0.014502	0.75723	0.13682
269	0.090297	0.016731	0.73845	0.15452
270	0.089855	0.0182	0.72673	0.16521
271	0.087339	0.021695	0.69863	0.19234
272	0.080347	0.029616	0.63571	0.25433
273	0.076172	0.034739	0.59584	0.29325
274	0.07351	0.038301	0.56951	0.31868
275	0.072202	0.040527	0.55391	0.33337
276	0.071871	0.041793	0.54594	0.34039
277	0.072138	0.042417	0.54322	0.34223
278	0.071038	0.044424	0.52966	0.35488
279	0.070678	0.045647	0.52247	0.3612
280	0.061927	0.055276	0.45114	0.43166
281	0.055909	0.062132	0.40249	0.47947
282	0.05183	0.067009	0.3696	0.51156
283	0.049144	0.070453	0.34781	0.53259
284	0.047749	0.072619	0.33528	0.54435
285	0.047118	0.073982	0.32874	0.55016
286	0.047314	0.074531	0.32796	0.5502
287	0.048332	0.074269	0.3328	0.5446
288	0.050345	0.073026	0.3443	0.53233
289	0.053738	0.070415	0.36484	0.511
290	0.058726	0.066169	0.39656	0.47855
291	0.065911	0.059687	0.44365	0.43075
292	0.066512	0.059803	0.44458	0.4291
293	0.068048	0.058999	0.45161	0.42134
294	0.070465	0.057274	0.46488	0.40738
295	0.071064	0.057325	0.46609	0.40552
296	0.072366	0.056633	0.47241	0.39859
297	0.074543	0.055025	0.48501	0.38542
298	0.078217	0.051934	0.50727	0.36258
299	0.083613	0.047079	0.54157	0.32774
300	0.091379	0.039813	0.59249	0.27632
301	0.094883	0.036764	0.61447	0.25389
302	0.10053	0.031588	0.65045	0.21743
303	0.10863	0.023918	0.70375	0.1637
304	0.11271	0.020305	0.72839	0.1386
305	0.11853	0.014902	0.76534	0.10123
306	0.12769	0.0061735	0.82387	0.042265
307	0.12917	0.0050868	0.83103	0.034714
308	0.13126	0.0033358	0.84281	0.022596
309	0.13453	0.00042762	0.86212	0.0029213
310	0.13524	2.8743e-05	0.86453	0.00019633
311	0.1355	3.042e-05	0.86427	0.00019647
312	0.1358	1.8944e-05	0.86406	0.00011952
313	0.13324	0.0028849	0.84565	0.018219
314	0.13182	0.0046369	0.83422	0.029326
315	0.13097	0.0057639	0.82696	0.036304
316	0.13056	0.0064093	0.82288	0.040155
317	0.13065	0.0065707	0.82175	0.041028
318	0.13108	0.006351	0.82313	0.039445
319	0.12921	0.0084472	0.8101	0.052244
320	0.12804	0.0097902	0.80193	0.060233
321	0.1276	0.010435	0.79796	0.064005
322	0.10564	0.032633	0.66026	0.20146
323	0.091825	0.04671	0.57245	0.28901
324	0.082363	0.056388	0.51324	0.34801
325	0.076517	0.062465	0.47597	0.38505
326	0.073025	0.066203	0.45306	0.40771
327	0.071118	0.068368	0.43986	0.42065
328	0.07012	0.069588	0.43275	0.42754
329	0.066574	0.073317	0.41042	0.44969
330	0.064335	0.0757	0.39657	0.4634
331	0.05896	0.081233	0.36338	0.49643
332	0.055747	0.084615	0.34313	0.51651
333	0.053998	0.086546	0.33167	0.52779
334	0.053097	0.087592	0.32578	0.53353
335	0.053142	0.087704	0.3255	0.53365
336	0.05413	0.086886	0.33076	0.52823
337	0.055999	0.085149	0.34167	0.51718
338	0.05935	0.081942	0.36123	0.49748
339	0.064881	0.076567	0.39336	0.46519
340	0.073008	0.068558	0.44162	0.41682
341	0.085942	0.055756	0.51765	0.34066
342	0.10476	0.037029	0.6301	0.22811
343	0.11395	0.027949	0.68397	0.17413
344	0.1179	0.024057	0.70731	0.15073
345	0.11966	0.022377	0.71714	0.14082
346	0.12014	0.022003	0.71896	0.1389
347	0.12124	0.020953	0.72502	0.13278
348	0.12313	0.019076	0.73626	0.12154
349	0.12606	0.016108	0.75438	0.10345
350	0.12559	0.01657	0.75122	0.10661
351	0.12565	0.016469	0.75169	0.1062
352	0.12623	0.015794	0.75584	0.10214
353	0.12743	0.014451	0.7643	0.093819
354	0.12971	0.012048	0.77922	0.079023
355	0.12897	0.012615	0.77572	0.082691
356	0.12869	0.012679	0.77549	0.083144
357	0.12886	0.012252	0.77845	0.080443
358	0.12823	0.012641	0.77616	0.082975
359	0.12805	0.012526	0.77715	0.082269
360	0.12834	0.011896	0.78155	0.078209
361	0.12939	0.010534	0.79055	0.06953
362	0.13117	0.0083923	0.80484	0.055599
363	0.13395	0.0051995	0.82643	0.034422
364	0.13504	0.0037144	0.83658	0.024661
365	0.13518	0.0031343	0.84092	0.020764
366	0.13587	0.0020342	0.84862	0.013482
367	0.13596	0.0015385	0.85226	0.010233
368	0.13636	0.00069429	0.85834	0.0046042
369	0.13635	0.00027966	0.86151	0.0018632
370	0.13592	0.00030698	0.86173	0.0020415
371	0.13533	0.00044598	0.86129	0.0029367
372	0.13459	0.00075473	0.85968	0.0049712
373	0.13399	0.00087088	0.85939	0.0057414
374	0.13363	0.00078139	0.86039	0.0052028
375	0.13339	0.00050815	0.86267	0.0034311
376	0.13291	0.00043182	0.86372	0.0029327
377	0.13254	0.00020112	0.86588	0.0013808
378	0.13199	9.2475e-05	0.86728	0.00063567
379	0.1312	0.00017364	0.86746	0.0011629
380	0.13036	0.00032916	0.86711	0.0022047
381	0.12927	0.00068587	0.86548	0.004571
382	0.12842	0.00081451	0.8653	0.0054638
383	0.12779	0.00074685	0.8664	0.0050602
384	0.12729	0.00050763	0.86875	0.0034532
385	0.12705	2.1851e-05	0.87276	0.00016495
386	0.1249	7.6791e-05	0.87436	0.00066562
387	0.12276	4.1732e-05	0.8767	0.00050041
388	0.12222	0.00037031	0.87451	0.0028941
389	0.12181	0.0005312	0.87361	0.0040465
390	0.1215	0.00054662	0.87383	0.0041205
391	0.12108	0.00069772	0.87301	0.0052184
392	0.12076	0.00069019	0.87341	0.0051371
393	0.12065	0.00049876	0.87513	0.0037261
394	0.12047	0.00046556	0.87552	0.0035381
395	0.11959	0.001096	0.87097	0.0083475
396	0.11784	0.0025451	0.86032	0.019289
397	0.11674	0.0033742	0.85418	0.025709
398	0.11596	0.0038244	0.85099	0.029223
399	0.11544	0.0039715	0.85016	0.030425
400	0.11516	0.003831	0.85159	0.029419
401	0.11514	0.0033884	0.85543	0.026046
402	0.11558	0.002506	0.86258	0.019341
403	0.1155	0.002158	0.86559	0.016754
404	0.11566	0.0015216	0.87095	0.011867
405	0.11546	0.0012642	0.87334	0.0099315
406	0.11506	0.0012393	0.87389	0.0098142
407	0.11479	0.0010261	0.87598	0.0082025
408	0.11468	0.00060418	0.87982	0.0048992
409	0.11405	0.00072253	0.87934	0.0058855
410	0.11353	0.00069188	0.8801	0.0056781
411	0.11221	0.0014092	0.87497	0.011417
412	0.10652	0.0065082	0.83421	0.052757
413	0.10283	0.0096322	0.80872	0.078817
414	0.10044	0.011478	0.79326	0.094818
415	0.095472	0.015856	0.75681	0.13186
416	0.091934	0.018758	0.73257	0.15674
417	0.089681	0.020392	0.71832	0.17161
418	0.088319	0.021152	0.71106	0.17947
419	0.087648	0.021238	0.70925	0.18186
420	0.087446	0.020811	0.71184	0.1799
421	0.075395	0.032187	0.61297	0.27944
422	0.066979	0.039885	0.54542	0.34771
423	0.061092	0.045014	0.49956	0.39433
424	0.049313	0.056048	0.40101	0.49363
425	0.041893	0.062735	0.3383	0.55707
426	0.037229	0.066678	0.29863	0.59746
427	0.027014	0.076136	0.20915	0.6877
428	0.020608	0.081793	0.15198	0.74562
429	0.016242	0.085376	0.11324	0.78514
430	0.013528	0.087315	0.088602	0.81055
431	0.011683	0.088353	0.071845	0.82812
432	0.010476	0.088722	0.060766	0.84004
433	0.0075738	0.092935	0.04398	0.85551
434	0.0057473	0.096082	0.033388	0.86478
435	0.0046158	0.098544	0.026827	0.87001
436	0.0039428	0.10056	0.022959	0.87254
437	0.0035869	0.10226	0.020995	0.87316
438	0.0034719	0.10373	0.020528	0.87227
439	0.0035243	0.105	0.02123	0.87025
440	0.0038072	0.10605	0.02348	0.86667
441	0.0043823	0.10681	0.027734	0.86107
442	0.0044059	0.10813	0.027788	0.85967
443	0.004629	0.10922	0.029282	0.85687
444	0.0050742	0.11005	0.03237	0.8525
445	0.005903	0.11051	0.038013	0.84558
446	0.0071668	0.11049	0.046732	0.83561
447	0.0092289	0.10969	0.060711	0.82037
448	0.0088018	0.11133	0.057168	0.8227
449	0.0087755	0.11259	0.056324	0.82231
450	0.0090386	0.11352	0.057542	0.8199
451	0.0084382	0.11528	0.05305	0.82323
452	0.0081604	0.11668	0.050852	0.8243
453	0.0081791	0.11775	0.050715	0.82335
454	0.0072753	0.11971	0.044752	0.82826
455	0.0067295	0.12128	0.041216	0.83078
456	0.0065596	0.12248	0.040004	0.83096
457	0.0055821	0.12449	0.033651	0.83628
458	0.0049519	0.12612	0.029626	0.8393
459	0.0045983	0.12745	0.027419	0.84054
460	0.004536	0.12849	0.026957	0.84002
461	0.0047509	0.12926	0.028146	0.83784
462	0.0052871	0.12972	0.031221	0.83378
463	0.0050929	0.13087	0.029843	0.83419
464	0.0051973	0.13174	0.030223	0.83284
465	0.0055461	0.13232	0.032131	0.83
466	0.0052489	0.13356	0.030067	0.83112
467	0.0051948	0.13452	0.029539	0.83074
468	0.0054463	0.13519	0.030741	0.82862
469	0.0060559	0.13551	0.033915	0.82452
470	0.0070235	0.13543	0.039171	0.81837
471	0.0086546	0.1347	0.047985	0.80866
472	0.011302	0.13297	0.062142	0.79359
473	0.015137	0.13001	0.082872	0.77198
474	0.020747	0.12524	0.11352	0.74049
475	0.023128	0.12367	0.12609	0.72712
476	0.021768	0.1258	0.11769	0.73475
477	0.021061	0.12724	0.1132	0.7385
478	0.021042	0.128	0.11244	0.73852
479	0.021531	0.12823	0.11462	0.73562
480	0.01734	0.13314	0.090951	0.75857
481	0.014491	0.13667	0.075121	0.77372
482	0.01259	0.13923	0.064716	0.78347
483	0.01137	0.14106	0.058147	0.78942
484	0.010645	0.14238	0.05432	0.79266
485	0.010435	0.14318	0.053127	0.79326
486	0.01058	0.1436	0.053896	0.79192
487	0.011225	0.14353	0.057236	0.78801
488	0.012505	0.14283	0.06381	0.78086
489	0.014486	0.1414	0.074212	0.76991
490	0.017732	0.13871	0.091056	0.75251
491	0.022443	0.13452	0.11583	0.72721
492	0.029333	0.12812	0.15254	0.69001
493	0.032494	0.12546	0.16877	0.67328
494	0.037658	0.1208	0.19512	0.64642
495	0.045918	0.11306	0.23689	0.60413
496	0.046135	0.11333	0.23709	0.60345
497	0.047347	0.11262	0.24228	0.59776
498	0.046694	0.11373	0.23799	0.60158
499	0.047018	0.11388	0.23863	0.60047
500	0.048369	0.11302	0.24434	0.59427
501	0.050719	0.11112	0.25537	0.5828
502	0.054779	0.10752	0.27468	0.56302
503	0.060744	0.10198	0.30388	0.5334
504	0.070316	0.092842	0.35048	0.48636
505	0.084278	0.079277	0.41967	0.41678
506	0.10461	0.059302	0.52198	0.31411
507	0.13383	0.03039	0.67105	0.16473
508	0.13787	0.02662	0.6907	0.14482
509	0.13969	0.025085	0.6985	0.13673
510	0.13986	0.025145	0.69813	0.13686
511	0.13384	0.031363	0.66601	0.16879
512	0.12984	0.035509	0.64497	0.18969
513	0.1276	0.037905	0.6327	0.20179
514	0.1217	0.04393	0.60221	0.23216
515	0.11773	0.047969	0.58213	0.25216
516	0.11555	0.050249	0.57072	0.26349
517	0.097382	0.068526	0.47742	0.35667
518	0.085986	0.08005	0.41809	0.41588
519	0.07891	0.087269	0.3806	0.45322
520	0.074119	0.092164	0.35553	0.47819
521	0.071381	0.095021	0.34071	0.49289
522	0.069795	0.096687	0.33211	0.50141
523	0.064805	0.10172	0.30667	0.5268
524	0.061501	0.10503	0.2901	0.54336
525	0.059486	0.10701	0.28025	0.55325
526	0.054425	0.11206	0.255	0.57852
527	0.051438	0.11504	0.2398	0.59373
528	0.049637	0.11679	0.2308	0.60277
529	0.048739	0.11761	0.22647	0.60718
530	0.048628	0.11761	0.2262	0.60756
531	0.049543	0.11659	0.23078	0.60308
532	0.04435	0.12165	0.2058	0.62821
533	0.041238	0.12462	0.19065	0.64349
534	0.039264	0.12643	0.18129	0.65301
535	0.034499	0.13104	0.15797	0.67649
536	0.031279	0.13408	0.14248	0.69217
537	0.029178	0.13596	0.1326	0.70227
538	0.027921	0.13696	0.12693	0.70819
539	0.027343	0.13725	0.12466	0.71075
540	0.027395	0.13688	0.12558	0.71015
541	0.0258	0.13812	0.11871	0.71738
542	0.02511	0.13846	0.11598	0.72045
543	0.025186	0.13805	0.11685	0.71991
544	0.019691	0.14322	0.090295	0.7468
545	0.015945	0.1466	0.072442	0.76501
546	0.013416	0.14874	0.060577	0.77727
547	0.011744	0.14999	0.052892	0.78538
548	0.010823	0.15049	0.048643	0.79004
549	0.010461	0.15045	0.046972	0.79212
550	0.010478	0.14999	0.047213	0.79232
551	0.01088	0.14911	0.049404	0.7906
552	0.011854	0.14768	0.05431	0.78616
553	0.011681	0.14735	0.053657	0.78731
554	0.011907	0.1466	0.055054	0.78644
555	0.012564	0.14538	0.058714	0.78334
556	0.013745	0.1436	0.065193	0.77746
557	0.013691	0.14303	0.065477	0.7778
558	0.014073	0.14198	0.068107	0.77584
559	0.013279	0.14208	0.064809	0.77983
560	0.013058	0.14161	0.064292	0.78103
561	0.013371	0.14062	0.066461	0.77954
562	0.012635	0.14065	0.063236	0.78348
563	0.012325	0.14022	0.062293	0.78517
564	0.012526	0.13928	0.063966	0.78423
565	0.011657	0.13938	0.060032	0.78893
566	0.011339	0.13894	0.058884	0.79084
567	0.011403	0.13808	0.059902	0.79061
568	0.011977	0.13672	0.063673	0.78763
569	0.013185	0.13474	0.070944	0.78113
570	0.015284	0.13187	0.083177	0.76966
571	0.018719	0.12768	0.10284	0.75076
572	0.023677	0.12193	0.13173	0.72266
573	0.031557	0.11327	0.17718	0.67798
574	0.034788	0.10923	0.19701	0.65898
575	0.040121	0.10309	0.22891	0.62788
576	0.047845	0.094519	0.27581	0.58183
577	0.051214	0.090319	0.29724	0.56123
578	0.056332	0.08433	0.32985	0.52948
579	0.058046	0.081703	0.34281	0.51744
580	0.061308	0.077542	0.3651	0.49605
581	0.066321	0.071588	0.39909	0.463
582	0.073703	0.063221	0.44927	0.41381
583	0.073426	0.062531	0.45113	0.41291
584	0.074133	0.060875	0.45904	0.40595
585	0.075729	0.058285	0.47319	0.39279
586	0.078469	0.054504	0.49557	0.37146
587	0.082759	0.049128	0.52929	0.33883
588	0.089983	0.040837	0.58277	0.28641
589	0.087232	0.042469	0.57014	0.30015
590	0.085345	0.043186	0.56363	0.30784
591	0.084154	0.043157	0.56221	0.31048
592	0.08359	0.04245	0.56558	0.30838
593	0.083924	0.040867	0.57513	0.30007
594	0.085371	0.038193	0.59264	0.28379
595	0.082853	0.039531	0.58103	0.29659
596	0.081114	0.040039	0.57533	0.30351
597	0.08003	0.03984	0.57483	0.3053
598	0.079752	0.038856	0.58004	0.30135
599	0.080374	0.036993	0.59187	0.29076
600	0.071897	0.044251	0.53306	0.35079
601	0.066465	0.048485	0.49618	0.38887
602	0.062995	0.050774	0.47374	0.41249
603	0.060572	0.05197	0.45982	0.42764
604	0.059152	0.052181	0.45341	0.43526
605	0.058537	0.051605	0.45312	0.43674
606	0.058508	0.050395	0.45803	0.43307
607	0.059349	0.048333	0.46977	0.42254
608	0.061013	0.045401	0.489	0.40458
609	0.063816	0.04128	0.5188	0.3761
610	0.062376	0.04135	0.51366	0.38261
611	0.061672	0.040704	0.51456	0.38306
612	0.059603	0.041372	0.50356	0.39546
613	0.058365	0.04123	0.49953	0.40088
614	0.057639	0.040526	0.50061	0.40122
615	0.057411	0.039275	0.50688	0.39644
616	0.055985	0.039169	0.50235	0.4025
617	0.055069	0.038499	0.50317	0.40326
618	0.05481	0.037194	0.51014	0.39785
619	0.051031	0.039354	0.48207	0.42754
620	0.048538	0.040248	0.46573	0.44549
621	0.046926	0.040282	0.45766	0.45513
622	0.037781	0.047798	0.36726	0.54716
623	0.031513	0.052386	0.30617	0.60993
624	0.027543	0.054693	0.26762	0.65015
625	0.025027	0.055561	0.24375	0.67566
626	0.023276	0.05562	0.22833	0.69278
627	0.022077	0.05508	0.21913	0.70371
628	0.021423	0.054012	0.21567	0.7089
629	0.021124	0.052541	0.21655	0.70979
630	0.02129	0.050619	0.22259	0.7055
631	0.022014	0.048155	0.23499	0.69484
632	0.021748	0.046635	0.23643	0.69519
633	0.02182	0.044728	0.24253	0.69092
634	0.019559	0.045105	0.21632	0.71901
635	0.018128	0.044666	0.20057	0.73664
636	0.017257	0.043684	0.19203	0.74702
637	0.0168	0.042303	0.18893	0.75197
638	0.016611	0.040607	0.18982	0.75297
639	0.016702	0.038582	0.19494	0.74977
640	0.017234	0.036133	0.20592	0.74072
641	0.018184	0.033219	0.22343	0.72517
642	0.019714	0.029673	0.25032	0.70029
643	0.019463	0.029828	0.25001	0.7007
644	0.018481	0.030688	0.23839	0.71244
645	0.01795	0.031101	0.23317	0.71778
646	0.017766	0.031169	0.23326	0.7178
647	0.017823	0.030972	0.23777	0.71343
648	0.018224	0.030433	0.24845	0.7029
649	0.01895	0.029544	0.26588	0.68563
650	0.020262	0.028072	0.29473	0.65693
651	0.022218	0.02593	0.33753	0.61432
652	0.021972	0.025963	0.33636	0.6157
653	0.022057	0.025669	0.34116	0.61111
654	0.022407	0.025083	0.35165	0.60086
655	0.023092	0.024135	0.3696	0.58317
656	0.024366	0.022601	0.39961	0.55343
657	0.026282	0.020399	0.44428	0.50904
658	0.029425	0.016974	0.51485	0.43875
659	0.034031	0.012057	0.61931	0.3346
660	0.040657	0.0050888	0.77161	0.18264
661	0.042132	0.0043603	0.80305	0.15046
662	0.044267	0.0029831	0.85352	0.099227
663	0.047446	0.00057447	0.93335	0.018627
664	0.048494	0.00025772	0.94328	0.0079651
665	0.049399	9.6734e-05	0.94768	0.0028293
666	0.050246	8.2022e-06	0.94952	0.00022769
667	0.050952	1.3833e-05	0.94875	0.0002881
668	0.051675	1.5914e-05	0.948	0.00030457
669	0.0523	7.4786e-05	0.94629	0.0013389
670	0.052886	0.0001859	0.94365	0.0032768
671	0.053561	0.00022238	0.94234	0.0038754
672	0.054321	0.00018869	0.94223	0.0032629
673	0.054813	0.00037979	0.93832	0.0064834
674	0.055427	0.00046433	0.93626	0.0078515
675	0.05608	0.00046755	0.93566	0.0077948
676	0.056845	0.00037213	0.93664	0.0061425
677	0.057475	0.0003728	0.93609	0.0060655
678	0.058022	0.00046876	0.93396	0.0075479
679	0.058682	0.00046723	0.93338	0.0074695
680	0.059387	0.00038027	0.93422	0.0060176
681	0.060228	0.00017081	0.93687	0.0027282
682	0.06079	0.00019736	0.93588	0.0031279
683	0.061376	0.00015867	0.93597	0.0024961
684	0.061994	4.7239e-05	0.93722	0.00073846
685	0.062455	5.2237e-05	0.9367	0.00079336
686	0.062983	3.0382e-06	0.93697	4.6303e-05
687	0.063424	9.303e-07	0.93656	1.4058e-05
688	0.063815	4.5429e-06	0.93611	6.7299e-05
689	0.064137	9.0497e-05	0.93442	0.0013481
690	0.06448	0.00011551	0.9337	0.0017058
691	0.064736	0.00018804	0.93234	0.0027326
692	0.065082	0.00018308	0.93208	0.0026524
693	0.065459	0.00010965	0.93286	0.0015736
694	0.065809	7.6439e-05	0.93302	0.0010961
695	0.066086	7.1597e-05	0.93283	0.0010117
696	0.066439	3.8521e-06	0.9335	5.3638e-05
697	0.066741	1.7115e-07	0.93326	2.474e-06
698	0.066955	3.3284e-06	0.93299	4.7083e-05
699	0.067126	1.0308e-05	0.93272	0.00014384
700	0.067272	5.4175e-05	0.93191	0.00076249
701	0.067403	0.00012668	0.93067	0.0017999
702	0.067617	0.00012712	0.93042	0.0018396
703	0.06755	0.00037218	0.9267	0.0053768
704	0.06756	0.0005028	0.9247	0.0072407
705	0.067631	0.00053535	0.92414	0.0076975
706	0.067761	0.00047127	0.92499	0.0067796
707	0.067956	0.00030401	0.92735	0.0043888
708	0.068241	1.1411e-05	0.93156	0.00018505
709	0.065592	0.0013362	0.90797	0.025104
710	0.063549	0.0020799	0.89376	0.040613
711	0.06178	0.002492	0.88524	0.050486
712	0.059509	0.0034292	0.86494	0.072119
713	0.057607	0.0039423	0.85234	0.086112
714	0.056075	0.0041071	0.84595	0.093866
715	0.054098	0.00474	0.82799	0.11318
716	0.051111	0.0063291	0.78523	0.15733
717	0.048785	0.007203	0.75723	0.18678
718	0.046106	0.0098712	0.71572	0.2283
719	0.044456	0.011519	0.6901	0.25392
720	0.043484	0.012497	0.67514	0.26888
721	0.042988	0.013007	0.66781	0.2762
722	0.04277	0.013205	0.66592	0.27811
723	0.042805	0.013119	0.66918	0.2749
724	0.043206	0.012674	0.67895	0.26517
725	0.042998	0.012807	0.67797	0.26623
726	0.043031	0.012668	0.68194	0.26236
727	0.043321	0.012241	0.69142	0.25302
728	0.044055	0.011377	0.70921	0.23535
729	0.04523	0.01004	0.73673	0.208
730	0.047015	0.0080612	0.77787	0.16706
731	0.049993	0.0048974	0.84301	0.1021
732	0.05438	0.00029018	0.9395	0.0058329
733	0.054227	0.0002769	0.94008	0.005417
734	0.054019	0.00032953	0.9394	0.0062535
735	0.053845	0.00031113	0.94005	0.0057976
736	0.053612	0.00036267	0.93939	0.0066346
737	0.053473	0.00033078	0.94018	0.0060167
738	0.053433	0.00020971	0.94254	0.0038182
739	0.053148	0.00029981	0.94117	0.0053853
740	0.052955	0.00030766	0.94121	0.0055252
741	0.052699	0.00038817	0.93992	0.0069949
742	0.052337	0.00058485	0.93646	0.010619
743	0.052045	0.00067603	0.93497	0.012309
744	0.051809	0.00067594	0.93519	0.01232
745	0.051689	0.00057055	0.93729	0.010448
746	0.051474	0.00056905	0.93746	0.010494
747	0.051308	0.00048351	0.93925	0.0089592
748	0.051063	0.00048797	0.93934	0.0091077
749	0.05086	0.00041378	0.94097	0.0077608
750	0.050772	0.00023535	0.94451	0.0044863
751	0.050409	0.0002963	0.94363	0.005666
752	0.050132	0.00028124	0.94415	0.005441
753	0.049886	0.00020137	0.94597	0.0039471
754	0.049679	4.5745e-05	0.94935	0.00092724
755	0.049225	9.6012e-05	0.94876	0.0019227
756	0.048783	9.9026e-05	0.94913	0.0019909
757	0.048075	0.00037841	0.94392	0.0076286
758	0.047449	0.00054054	0.94105	0.010956
759	0.046942	0.00059464	0.94026	0.012204
760	0.046538	0.00055622	0.94129	0.01162
761	0.046177	0.00043841	0.94403	0.00935
762	0.045874	0.00022634	0.94889	0.0050049
763	0.045294	0.00025326	0.94879	0.0056671
764	0.044791	0.00021431	0.95005	0.0049414
765	0.04431	0.00011667	0.95269	0.0028811
766	0.043833	7.8047e-05	0.95392	0.002166
767	0.043005	0.0003539	0.94662	0.010026
768	0.035677	0.0070921	0.75533	0.20191
769	0.031049	0.011139	0.63302	0.32479
770	0.027821	0.013754	0.54929	0.40914
771	0.025766	0.015202	0.49632	0.46271
772	0.02446	0.015909	0.46333	0.4963
773	0.023543	0.016196	0.4418	0.51847
774	0.022919	0.016158	0.42888	0.53204
775	0.022595	0.015826	0.42346	0.53812
776	0.022466	0.01527	0.42342	0.53884
777	0.02254	0.014479	0.42873	0.53425
778	0.019356	0.018069	0.35585	0.60672
779	0.017388	0.020446	0.3096	0.65257
780	0.016053	0.022164	0.27835	0.68344
781	0.01529	0.023313	0.25934	0.70205
782	0.014835	0.024129	0.24754	0.71349
783	0.014691	0.024637	0.24222	0.71845
784	0.014745	0.024922	0.24146	0.71887
785	0.015065	0.024942	0.24608	0.71391
786	0.015629	0.024694	0.25609	0.70359
787	0.015703	0.024938	0.25506	0.7043
788	0.016056	0.024906	0.25952	0.69952
789	0.016653	0.024603	0.26922	0.68952
790	0.017685	0.02387	0.28709	0.67135
791	0.01919	0.022637	0.31451	0.64366
792	0.019805	0.022269	0.32394	0.63399
793	0.020747	0.02155	0.34018	0.61752
794	0.022131	0.020362	0.36556	0.59195
795	0.024162	0.018501	0.40421	0.55313
796	0.027397	0.01544	0.46554	0.49162
797	0.028855	0.014125	0.49175	0.46527
798	0.030241	0.014469	0.50848	0.44681
799	0.032011	0.014377	0.53507	0.41855
800	0.034549	0.013536	0.57856	0.37335
801	0.038306	0.011497	0.64776	0.30243
802	0.040633	0.010826	0.67736	0.27118
803	0.04391	0.0092272	0.72545	0.22142
804	0.048307	0.0064517	0.79651	0.14873
805	0.054368	0.0019559	0.90072	0.042957
806	0.056605	0.0013094	0.91454	0.027549
807	0.05852	0.0010134	0.92	0.020467
808	0.060267	0.00091261	0.92117	0.017651
809	0.062224	0.00063005	0.9252	0.011949
810	0.063936	0.00053145	0.92576	0.0097731
811	0.062362	0.0037463	0.87549	0.058398
812	0.061896	0.0058816	0.84334	0.088883
813	0.061974	0.0074099	0.82183	0.10879
814	0.060098	0.010832	0.77523	0.15384
815	0.05909	0.013329	0.74357	0.18401
816	0.058715	0.015138	0.72246	0.20369
817	0.058831	0.016402	0.70922	0.21555
818	0.059486	0.017147	0.70269	0.22068
819	0.060472	0.017508	0.70109	0.22093
820	0.061953	0.017396	0.70498	0.21568
821	0.063853	0.016812	0.71427	0.20506
822	0.066333	0.015595	0.73068	0.18739
823	0.067751	0.015388	0.73511	0.18175
824	0.069786	0.014585	0.74589	0.16974
825	0.072455	0.013096	0.76412	0.15033
826	0.074136	0.012614	0.77051	0.14274
827	0.076505	0.011468	0.78359	0.12844
828	0.079607	0.0095339	0.8048	0.10606
829	0.080342	0.009916	0.80125	0.10849
830	0.081372	0.0099502	0.80145	0.10723
831	0.082724	0.0096109	0.80557	0.10209
832	0.084478	0.00882	0.81436	0.092346
833	0.086985	0.0072951	0.83023	0.075488
834	0.090329	0.004883	0.85504	0.049746
835	0.095291	0.00087412	0.89497	0.0088668
836	0.096263	0.000795	0.89505	0.0078894
837	0.097447	0.00052611	0.89688	0.0051454
838	0.098492	0.00041787	0.89705	0.0040404
839	0.099451	0.00041766	0.89613	0.003998
840	0.10048	0.00030019	0.89636	0.0028675
841	0.10111	0.00052513	0.8935	0.0048704
842	0.1014	0.0010408	0.88817	0.0093859
843	0.10186	0.001333	0.88499	0.011817
844	0.10257	0.0014076	0.88367	0.012359
845	0.1035	0.0012733	0.8841	0.011129
846	0.10458	0.00094	0.8863	0.0081751
847	0.10537	0.00085012	0.88647	0.0073142
848	0.10638	0.00055541	0.88829	0.0047665
849	0.10757	3.5134e-05	0.89209	0.00030556
850	0.1082	2.3891e-05	0.89157	0.00020621
851	0.10872	8.304e-05	0.8905	0.00069781
852	0.10926	6.0866e-05	0.89017	0.0005077
853	0.10982	4.8871e-05	0.88972	0.00041465
854	0.1102	0.00016774	0.88823	0.0014086
855	0.10968	0.0012015	0.87901	0.010109
856	0.10782	0.0035303	0.85932	0.029328
857	0.10688	0.0049543	0.84709	0.041074
858	0.10643	0.0058496	0.83947	0.04825
859	0.10647	0.0062645	0.83571	0.051554
860	0.10681	0.0063376	0.83484	0.052018
861	0.10744	0.0060725	0.83677	0.04972
862	0.10618	0.0077192	0.82327	0.062829
863	0.10547	0.008766	0.81483	0.070928
864	0.10535	0.0092449	0.81082	0.074582
865	0.10415	0.010755	0.79886	0.086232
866	0.1035	0.011673	0.79176	0.093068
867	0.10329	0.012112	0.78853	0.09607
868	0.10346	0.012122	0.78874	0.095672
869	0.10419	0.011593	0.79305	0.091165
870	0.10559	0.010406	0.80234	0.081662
871	0.10793	0.0082997	0.81851	0.065255
872	0.11128	0.0051401	0.84307	0.040511
873	0.11612	0.00044563	0.87999	0.0034387
874	0.11651	0.00029373	0.88091	0.0022782
875	0.11659	0.00047496	0.87924	0.0036961
876	0.11676	0.00051671	0.8787	0.0040198
877	0.11673	0.00071904	0.877	0.0055501
878	0.11681	0.00076329	0.87658	0.0058528
879	0.11709	0.00062635	0.87748	0.0048082
880	0.11724	0.00063037	0.87727	0.0048584
881	0.1175	0.0004876	0.87823	0.0037771
882	0.11788	0.00017875	0.88053	0.0014108
883	0.11806	2.631e-05	0.88168	0.00023305
884	0.11709	0.00097861	0.8736	0.0083368
885	0.11643	0.0015696	0.86863	0.013371
886	0.11495	0.0029395	0.85724	0.024868
887	0.11393	0.0038088	0.85009	0.032174
888	0.11325	0.0042949	0.84613	0.036324
889	0.10847	0.0088209	0.80954	0.073166
890	0.10512	0.011879	0.785	0.098004
891	0.10277	0.013887	0.76898	0.11436
892	0.098137	0.018201	0.73399	0.14967
893	0.088895	0.02714	0.66042	0.22354
894	0.082534	0.033154	0.61102	0.27329
895	0.078562	0.036795	0.58017	0.30447
896	0.075889	0.039096	0.56035	0.32466
897	0.074378	0.040248	0.54949	0.33589
898	0.073742	0.040539	0.54534	0.34038
899	0.073682	0.040215	0.54615	0.33996
900	0.074236	0.039238	0.55218	0.33435
901	0.075508	0.037501	0.56433	0.32266
902	0.07801	0.034549	0.5858	0.30164
903	0.082312	0.029811	0.62084	0.26704
904	0.083836	0.027809	0.63526	0.2531
905	0.08632	0.024805	0.65796	0.23091
906	0.090618	0.020004	0.69478	0.1946
907	0.092163	0.017912	0.71063	0.1793
908	0.095038	0.014505	0.73696	0.15349
909	0.099374	0.0095952	0.77613	0.1149
910	0.099233	0.0091141	0.77889	0.11276
911	0.099474	0.0082065	0.78562	0.1067
912	0.10019	0.0067743	0.79722	0.095816
913	0.10037	0.0074177	0.79331	0.098895
914	0.10088	0.0076887	0.79303	0.098406
915	0.10183	0.0075335	0.79689	0.093747
916	0.10329	0.0068843	0.80582	0.084004
917	0.10525	0.0056908	0.82077	0.068292
918	0.10814	0.0035762	0.84551	0.042773
919	0.10803	0.0044271	0.83873	0.048813
920	0.10823	0.0049141	0.83516	0.051704
921	0.10882	0.0050245	0.83472	0.051434
922	0.10876	0.0057461	0.82925	0.056245
923	0.10915	0.0060295	0.82728	0.057535
924	0.10996	0.0059184	0.82852	0.055597
925	0.11025	0.0063561	0.82505	0.058351
926	0.11082	0.0064535	0.82445	0.058277
927	0.11073	0.0071627	0.81909	0.06301
928	0.11114	0.007403	0.81733	0.064129
929	0.11185	0.0072875	0.81849	0.062375
930	0.1129	0.0067888	0.82281	0.057509
931	0.11455	0.0057041	0.83169	0.048059
932	0.1168	0.0039719	0.84593	0.0333
933	0.11993	0.0013158	0.8679	0.010855
934	0.12034	0.0014831	0.86624	0.011939
935	0.1203	0.0020372	0.86183	0.015826
936	0.11965	0.0032341	0.8527	0.024412
937	0.11955	0.0038989	0.84741	0.02914
938	0.11974	0.0042283	0.8447	0.031337
939	0.11931	0.0051918	0.83735	0.038151
940	0.11941	0.0056536	0.83356	0.041374
941	0.1198	0.0057721	0.83237	0.042059
942	0.12049	0.0055456	0.83373	0.040238
943	0.12056	0.0058911	0.83114	0.042408
944	0.12106	0.0058218	0.8314	0.041722
945	0.12202	0.0053142	0.83461	0.038051
946	0.12339	0.0043532	0.84109	0.031167
947	0.12528	0.0028171	0.85172	0.020182
948	0.12792	0.00049634	0.86805	0.0035399
949	0.12857	0.0001791	0.86996	0.0012948
950	0.12884	0.00019482	0.86958	0.0013902
951	0.12917	9.6393e-05	0.87004	0.00068991
952	0.12942	4.4629e-05	0.87022	0.0003205
953	0.1295	0.00010124	0.86969	0.00070713
954	0.12964	6.232e-05	0.86986	0.00043731
955	0.12959	0.00016856	0.86909	0.001159
956	0.1296	0.00016489	0.86911	0.0011261
957	0.12844	0.0013509	0.86101	0.0092015
958	0.12781	0.002027	0.85629	0.013867
959	0.12745	0.0023942	0.85379	0.01637
960	0.12731	0.002494	0.85318	0.01702
961	0.12667	0.0030365	0.8497	0.020591
962	0.12642	0.0032124	0.84861	0.021756
963	0.12652	0.0030599	0.84966	0.020751
964	0.127	0.0025485	0.85307	0.017381
965	0.1278	0.0016689	0.85907	0.011459
966	0.12904	0.00030635	0.86851	0.0021392
967	0.12904	0.00013212	0.86991	0.00092416
968	0.12883	0.00018585	0.86969	0.001298
969	0.12868	0.00012904	0.87029	0.00090571
970	0.12843	0.00011785	0.87063	0.00082284
971	0.12797	0.00035176	0.86923	0.0024491
972	0.1276	0.00043444	0.86894	0.0030205
973	0.12629	0.0014206	0.86256	0.009735
974	0.12544	0.0019595	0.85912	0.013482
975	0.12494	0.0021695	0.85787	0.01502
976	0.12474	0.0020989	0.8585	0.014658
977	0.12474	0.0017826	0.86093	0.012552
978	0.12498	0.001179	0.86547	0.0083779
979	0.12554	0.00020667	0.87276	0.0014964
980	0.125	0.00027693	0.87273	0.0019864
981	0.12462	0.00021274	0.87362	0.0015439
982	0.12395	0.00046367	0.87219	0.0033943
983	0.12339	0.00055385	0.87198	0.0040756
984	0.12292	0.00049806	0.87289	0.0036898
985	0.12256	0.00029065	0.87497	0.0021756
986	0.12201	0.00021372	0.87618	0.001596
987	0.12142	0.00019951	0.87689	0.0014956
988	0.12089	7.4798e-05	0.87847	0.00056647
989	0.12025	4.1308e-06	0.87971	3.1551e-05
990	0.11944	6.3421e-05	0.88003	0.00046824
991	0.11853	0.00016394	0.8801	0.0012031
992	0.11777	0.00014902	0.88099	0.0010998
993	0.11714	1.7977e-05	0.88271	0.00013497
994	0.11637	5.0453e-05	0.88319	0.00039336
995	0.11552	9.9082e-05	0.8836	0.00077721
996	0.11471	6.0824e-05	0.88474	0.00048338
997	0.11383	4.1084e-05	0.8858	0.00032791
998	0.11262	0.00037794	0.88397	0.0030346
999	0.11152	0.0005433	0.88355	0.0043839
1000	0.10613	0.0050225	0.84787	0.040973
1001	0.10221	0.0079834	0.82437	0.065435
1002	0.099539	0.0097153	0.81028	0.080467
1003	0.097709	0.010627	0.8026	0.089059
1004	0.096335	0.011032	0.7992	0.093429
1005	0.095481	0.010939	0.79984	0.093744
1006	0.094976	0.010443	0.80404	0.090545
1007	0.094865	0.0095019	0.81232	0.083316
1008	0.095246	0.008013	0.82582	0.070925
1009	0.096565	0.0056104	0.84761	0.050216
1010	0.099277	0.0018375	0.88192	0.016963
1011	0.098627	0.0013736	0.8871	0.012903
1012	0.09771	0.0012009	0.88959	0.011497
1013	0.096503	0.0012616	0.89001	0.012229
1014	0.095091	0.0015518	0.88812	0.015242
1015	0.093313	0.0022369	0.88212	0.022334
1016	0.091793	0.0026079	0.8792	0.0264
1017	0.090465	0.0027313	0.87876	0.028043
1018	0.089295	0.0026384	0.88057	0.0275
1019	0.087843	0.0028532	0.87913	0.030173
1020	0.086559	0.0028423	0.88007	0.030524
1021	0.085427	0.0026196	0.88336	0.02859
1022	0.084597	0.0021217	0.8896	0.023679
1023	0.083986	0.0013464	0.89922	0.015446
1024	0.08286	0.0010283	0.90405	0.012058
1025	0.081868	0.00051452	0.91142	0.0061959
