#coord	neutral	conserved	gBGC.neutral	gBGC.conserved
1	0.75762	0.17328	0.05602	0.013084
2	0.76606	0.16538	0.056196	0.012368
3	0.78038	0.15155	0.056884	0.011186
4	0.80472	0.12772	0.058249	0.0093055
5	0.84418	0.0888	0.060614	0.0064031
6	0.90701	0.026532	0.064478	0.0019771
7	0.91527	0.018785	0.064535	0.0014066
8	0.92783	0.0066968	0.064964	0.00050892
9	0.93377	0.001184	0.064959	9.123e-05
10	0.93482	0.0005148	0.064628	3.849e-05
11	0.93479	0.00095467	0.064188	6.9392e-05
12	0.93546	0.00065403	0.063842	4.6794e-05
13	0.93599	0.00050559	0.063462	3.7042e-05
14	0.93636	0.00048726	0.063113	3.6118e-05
15	0.93658	0.00058371	0.062794	4.318e-05
16	0.93659	0.00085188	0.062499	6.203e-05
17	0.93634	0.0013946	0.062163	0.00010316
18	0.93536	0.0026296	0.061815	0.00019238
19	0.93268	0.005539	0.061386	0.00039533
20	0.92687	0.011593	0.06071	0.00082792
21	0.92353	0.01514	0.060255	0.001072
22	0.92254	0.016358	0.059938	0.0011623
23	0.92324	0.015857	0.059775	0.0011294
24	0.92574	0.013518	0.059774	0.00096593
25	0.93039	0.0090075	0.059959	0.00064617
26	0.93772	0.00178	0.060375	0.00012548
27	0.93883	0.00078883	0.060324	5.5534e-05
28	0.93853	0.001231	0.060157	8.5646e-05
29	0.93898	0.00088608	0.060074	6.2185e-05
30	0.93921	0.000779	0.059956	5.7252e-05
31	0.93927	0.00085266	0.059807	6.8052e-05
32	0.93901	0.0012239	0.059665	0.00010263
33	0.93818	0.0021292	0.059507	0.00018138
34	0.93615	0.0042148	0.059282	0.00035606
35	0.93558	0.0048429	0.059148	0.00042598
36	0.93615	0.004317	0.059128	0.00040918
37	0.9323	0.0082135	0.058696	0.00079023
38	0.93025	0.010286	0.058455	0.0010069
39	0.92976	0.010773	0.058377	0.0010895
40	0.92689	0.01361	0.05812	0.0013788
41	0.92578	0.014656	0.058046	0.0015128
42	0.92634	0.01401	0.05814	0.0015077
43	0.92866	0.01158	0.058404	0.0013613
44	0.92892	0.011212	0.058472	0.0013958
45	0.92755	0.012984	0.057987	0.0014808
46	0.9278	0.013091	0.057678	0.0014298
47	0.93003	0.011245	0.0575	0.0012282
48	0.93462	0.0070549	0.057485	0.00084324
49	0.93661	0.0054263	0.057277	0.00069062
50	0.93384	0.0085134	0.056688	0.00095593
51	0.93304	0.0096614	0.05623	0.0010704
52	0.92962	0.013384	0.055584	0.0014095
53	0.92193	0.022305	0.053923	0.0018454
54	0.91829	0.027211	0.052455	0.0020421
55	0.9177	0.029118	0.05112	0.0020597
56	0.91978	0.028405	0.04989	0.0019235
57	0.92402	0.025432	0.048896	0.0016473
58	0.92522	0.025555	0.047649	0.0015777
59	0.92901	0.023126	0.046488	0.0013741
60	0.93594	0.017608	0.045428	0.0010189
61	0.93889	0.015978	0.044247	0.00088779
62	0.94383	0.01225	0.04327	0.0006487
63	0.95206	0.0052791	0.042394	0.00026405
64	0.9536	0.0050522	0.041111	0.00023873
65	0.95663	0.0033724	0.03984	0.00015332
66	0.95067	0.010597	0.038304	0.00043189
67	0.948	0.01457	0.036862	0.00057092
68	0.94727	0.016504	0.035603	0.00061875
69	0.88452	0.080512	0.032075	0.0028899
70	0.84558	0.12075	0.029464	0.0042003
71	0.82204	0.14564	0.027422	0.0048975
72	0.80874	0.16034	0.025731	0.0051977
73	0.77491	0.19545	0.023541	0.0060914
74	0.70302	0.26868	0.020207	0.0080887
75	0.65356	0.3194	0.017853	0.009188
76	0.62041	0.35373	0.016171	0.0096955
77	0.60104	0.3743	0.014878	0.00978
78	0.58939	0.38709	0.013892	0.0096292
79	0.58535	0.39229	0.013075	0.0092781
80	0.58671	0.39203	0.012448	0.0088073
81	0.59359	0.38618	0.011992	0.008232
82	0.58886	0.39189	0.011347	0.0079089
83	0.59083	0.39091	0.010807	0.0074537
84	0.59841	0.38426	0.010416	0.0069094
85	0.61437	0.36926	0.010127	0.0062375
86	0.64203	0.3426	0.009964	0.0054131
87	0.6871	0.29853	0.0099663	0.0043952
88	0.70585	0.28074	0.0095749	0.003835
89	0.73741	0.25016	0.0092787	0.003151
90	0.7883	0.20028	0.0091054	0.0023138
91	0.86922	0.1204	0.0090918	0.0012842
92	0.87843	0.11217	0.0083169	0.0010845
93	0.89486	0.096746	0.0075505	0.00084278
94	0.91957	0.072976	0.0068867	0.00056766
95	0.93024	0.063176	0.006149	0.00043148
96	0.94823	0.046099	0.0054028	0.00027262
97	0.97482	0.020346	0.0047342	9.9392e-05
98	0.98826	0.007777	0.0039313	2.9469e-05
99	0.9953	0.001646	0.0030523	3.4059e-06
100	0.9947	0.002373	0.0029244	5.5719e-06
101	0.9952	0.0019999	0.0027928	4.6915e-06
102	0.9969	0.00044661	0.0026569	1.0584e-06
103	0.99606	0.0014072	0.0025251	3.5185e-06
104	0.99622	0.0013836	0.002389	3.415e-06
105	0.99724	0.00049495	0.0022646	1.2686e-06
106	0.99066	0.0071868	0.0021328	1.714e-05
107	0.9758	0.022157	0.0019929	4.9367e-05
108	0.96618	0.031879	0.0018759	6.6913e-05
109	0.89724	0.10092	0.001637	0.00020062
110	0.84969	0.14857	0.001462	0.00027763
111	0.81765	0.1807	0.0013309	0.00031747
112	0.79854	0.19991	0.0012211	0.00033123
113	0.78669	0.21185	0.0011321	0.00033027
114	0.78069	0.21793	0.0010592	0.00031918
115	0.7797	0.219	0.00099905	0.0003008
116	0.78465	0.21414	0.00094227	0.00027475
117	0.79658	0.20229	0.00088842	0.00024135
118	0.81577	0.18318	0.00084567	0.00020213
119	0.84789	0.15115	0.00080786	0.00015356
120	0.89975	0.09938	0.00077664	9.3854e-05
121	0.92269	0.076525	0.00071917	6.6208e-05
122	0.93211	0.067187	0.00065325	5.2459e-05
123	0.94718	0.052194	0.00059476	3.633e-05
124	0.97208	0.027369	0.00053512	1.7054e-05
125	0.98276	0.016761	0.00046906	9.1344e-06
126	0.999	0.00059127	0.00040855	2.3633e-07
127	0.99889	0.00070429	0.00040265	2.8509e-07
128	0.99687	0.002735	0.00039336	1.1268e-06
129	0.99285	0.0067698	0.00038065	2.7905e-06
130	0.98454	0.015093	0.00036358	6.1827e-06
131	0.97939	0.020255	0.00034913	8.0506e-06
132	0.97678	0.022878	0.0003369	8.8051e-06
133	0.97633	0.023331	0.00032657	8.6988e-06
134	0.97839	0.021289	0.00031455	7.7466e-06
135	0.98279	0.016902	0.00030421	6.045e-06
136	0.98386	0.015837	0.00029367	5.4858e-06
137	0.98265	0.01706	0.00027991	5.6784e-06
138	0.98326	0.016468	0.00026755	5.2856e-06
139	0.98102	0.018718	0.00025516	5.696e-06
140	0.98073	0.019024	0.00024405	5.5128e-06
141	0.98233	0.017427	0.00023411	4.816e-06
142	0.98605	0.013717	0.00022526	3.6058e-06
143	0.98683	0.012955	0.00021616	3.1859e-06
144	0.98942	0.010369	0.00020804	2.349e-06
145	0.98995	0.0098554	0.0001971	2.0392e-06
146	0.99239	0.0074195	0.00018417	1.3761e-06
147	0.99686	0.0029662	0.00017213	3.9289e-07
148	0.99687	0.0029202	0.00020742	5.2339e-07
149	0.99591	0.0038445	0.00024436	8.6223e-07
150	0.99359	0.0061277	0.00027791	1.6441e-06
151	0.99295	0.0067381	0.00030892	2.0643e-06
152	0.99365	0.0060099	0.00034223	2.0466e-06
153	0.99604	0.0035866	0.00037326	1.3648e-06
154	0.9969	0.0026917	0.00040569	1.1222e-06
155	0.99703	0.0025382	0.00043486	1.1633e-06
156	0.99817	0.0013609	0.00046646	6.9479e-07
157	0.99863	0.00086976	0.00049987	4.9391e-07
158	0.99884	0.00063031	0.00053006	4.2581e-07
159	0.98247	0.016965	0.00055093	1.1844e-05
160	0.9441	0.055297	0.00056563	3.8442e-05
161	0.91821	0.08114	0.00058902	5.9264e-05
162	0.85687	0.14243	0.00058725	0.00010818
163	0.8152	0.18405	0.00059854	0.00014726
164	0.78972	0.20949	0.00061516	0.00017757
165	0.77502	0.22414	0.00063546	0.00020088
166	0.74095	0.25817	0.00063261	0.00024406
167	0.71824	0.28084	0.00064108	0.00027865
168	0.70571	0.29333	0.00065481	0.00030479
169	0.69929	0.29971	0.00067659	0.00032562
170	0.69941	0.29954	0.00070187	0.00033972
171	0.68864	0.31028	0.00071169	0.0003661
172	0.68371	0.31517	0.00073026	0.00038648
173	0.68529	0.31355	0.00075319	0.00039928
174	0.69372	0.30509	0.00078128	0.00040375
175	0.70879	0.28999	0.00082048	0.00039986
176	0.73523	0.26352	0.00087077	0.00038165
177	0.74446	0.25425	0.00090466	0.00038275
178	0.74303	0.25564	0.00092766	0.0003978
179	0.7465	0.25213	0.0009606	0.00040613
180	0.75552	0.24306	0.0010054	0.00040618
181	0.7731	0.22545	0.0010598	0.00039302
182	0.80296	0.19555	0.0011296	0.00036096
183	0.81459	0.18388	0.0011779	0.00035399
184	0.83552	0.16291	0.0012375	0.00033197
185	0.86688	0.13151	0.0013198	0.00029097
186	0.87956	0.11878	0.0013777	0.00027836
187	0.84504	0.15329	0.0013311	0.00034825
188	0.82212	0.17618	0.0013096	0.00039672
189	0.80907	0.1892	0.0013015	0.00042815
190	0.802	0.19625	0.0013082	0.00044837
191	0.8009	0.19732	0.0013224	0.0004576
192	0.80449	0.19371	0.0013494	0.00045765
193	0.81328	0.18488	0.0013909	0.00044701
194	0.83019	0.16795	0.001445	0.00042018
195	0.8588	0.13931	0.0015184	0.00037031
196	0.87113	0.12697	0.001556	0.00035245
197	0.89072	0.10734	0.0016133	0.00031892
198	0.92037	0.077673	0.0016974	0.00026264
199	0.93314	0.064969	0.0016811	0.00021043
200	0.95467	0.043509	0.0016812	0.00013722
201	0.98631	0.011935	0.0017122	3.8653e-05
202	0.98576	0.012552	0.0016518	3.7e-05
203	0.98682	0.011548	0.0015999	3.1908e-05
204	0.98968	0.0087412	0.0015568	2.3036e-05
205	0.99467	0.0038003	0.0015227	9.6948e-06
206	0.99454	0.0039698	0.0014807	8.9078e-06
207	0.99573	0.0028259	0.0014368	5.9602e-06
208	0.99821	0.00039318	0.0013992	8.2195e-07
209	0.99854	9.8167e-05	0.0013612	2.0235e-07
210	0.9956	0.0030679	0.0013241	4.7112e-06
211	0.98942	0.0092798	0.0012864	1.3645e-05
212	0.98577	0.012954	0.0012563	1.8535e-05
213	0.98414	0.014611	0.0012325	2.0439e-05
214	0.98428	0.014484	0.0012145	1.9868e-05
215	0.98656	0.012228	0.0011955	1.6704e-05
216	0.99099	0.0078148	0.0011825	1.0786e-05
217	0.98938	0.0094387	0.0011648	1.2609e-05
218	0.98956	0.0092823	0.0011458	1.2291e-05
219	0.99124	0.00762	0.0011316	1.0089e-05
220	0.99113	0.0077459	0.001118	1.0074e-05
221	0.9924	0.006481	0.0011088	8.3408e-06
222	0.99224	0.0066615	0.0010944	8.4684e-06
223	0.98387	0.015041	0.0010734	1.8027e-05
224	0.97927	0.019655	0.0010534	2.3266e-05
225	0.97707	0.021862	0.0010391	2.5536e-05
226	0.97032	0.028627	0.0010227	3.2618e-05
227	0.96716	0.031799	0.001007	3.5808e-05
228	0.96691	0.032061	0.00099107	3.5885e-05
229	0.94931	0.049688	0.00095124	5.5513e-05
230	0.90877	0.090243	0.00089011	9.901e-05
231	0.88149	0.11754	0.00084781	0.00012624
232	0.86525	0.13379	0.00081427	0.00014158
233	0.85527	0.14379	0.00079021	0.00014973
234	0.85036	0.14872	0.00077392	0.00015245
235	0.84969	0.14939	0.00076405	0.00015089
236	0.85425	0.14485	0.00075608	0.00014441
237	0.86362	0.13549	0.00075474	0.0001334
238	0.85106	0.14806	0.00072997	0.00014278
239	0.84398	0.15516	0.00071273	0.00014671
240	0.8425	0.15666	0.00069764	0.00014551
241	0.84627	0.1529	0.00068413	0.00013973
242	0.85478	0.14441	0.00067661	0.00013001
243	0.86937	0.12984	0.00067617	0.00011533
244	0.7622	0.23702	0.00057194	0.00020145
245	0.69486	0.30438	0.00049995	0.00025248
246	0.64856	0.35071	0.00045007	0.00028313
247	0.62033	0.37896	0.00041311	0.00029817
248	0.602	0.39731	0.00038652	0.00030441
249	0.55697	0.44236	0.00034362	0.00032855
250	0.52959	0.46976	0.00031217	0.00033869
251	0.51189	0.48748	0.0002897	0.00034118
252	0.50176	0.49763	0.00027392	0.00033829
253	0.499	0.50041	0.00026115	0.00032996
254	0.50159	0.49784	0.00025256	0.00031861
255	0.50988	0.48957	0.00024795	0.00030438
256	0.52523	0.47424	0.00024783	0.0002868
257	0.54945	0.45003	0.00025283	0.00026511
258	0.58576	0.41374	0.00026442	0.00023779
259	0.59968	0.39984	0.00026444	0.00022311
260	0.62234	0.37718	0.00026957	0.00020433
261	0.66015	0.33939	0.00027927	0.0001786
262	0.71546	0.28409	0.0002975	0.0001453
263	0.7956	0.20397	0.00032748	0.00010125
264	0.92265	0.07694	0.00037271	3.9423e-05
265	0.92508	0.074519	0.00035987	3.6873e-05
266	0.90613	0.093486	0.00033938	4.3197e-05
267	0.8941	0.10553	0.00032336	4.6189e-05
268	0.86466	0.13498	0.00030245	5.5037e-05
269	0.8453	0.15435	0.00028686	5.952e-05
270	0.83328	0.16638	0.00027513	6.1042e-05
271	0.80284	0.19683	0.00025894	6.7765e-05
272	0.73257	0.26711	0.0002332	8.4797e-05
273	0.68873	0.31097	0.00021386	9.3134e-05
274	0.65946	0.34024	0.00020026	9.6353e-05
275	0.64255	0.35716	0.00018866	9.5348e-05
276	0.63439	0.36535	0.00017798	9.1196e-05
277	0.63184	0.36791	0.00016955	8.5287e-05
278	0.61736	0.3824	0.00015696	8.1339e-05
279	0.60975	0.39003	0.00014689	7.5391e-05
280	0.53035	0.46939	0.00014873	0.00011899
281	0.4755	0.52418	0.00015346	0.00016138
282	0.43796	0.56168	0.00016128	0.00020244
283	0.41274	0.58684	0.00017225	0.0002422
284	0.39851	0.60102	0.00018427	0.00027825
285	0.39095	0.60854	0.00019985	0.00031275
286	0.39018	0.60926	0.00021695	0.00034307
287	0.39607	0.60333	0.00023639	0.00036844
288	0.40985	0.5895	0.0002596	0.00038744
289	0.43448	0.56484	0.00028899	0.00039765
290	0.4717	0.52757	0.00033055	0.00039768
291	0.5261	0.47313	0.0003899	0.00038198
292	0.52781	0.47137	0.00041025	0.00040241
293	0.53676	0.46239	0.00043453	0.00041609
294	0.55268	0.44643	0.00046732	0.00042346
295	0.55451	0.44456	0.0004906	0.00044269
296	0.56197	0.43706	0.00052167	0.00045664
297	0.57628	0.42269	0.00056305	0.00046314
298	0.60183	0.3971	0.0006149	0.00045602
299	0.64048	0.3584	0.00068718	0.00043153
300	0.697	0.30183	0.00078884	0.00038079
301	0.72113	0.27765	0.00085917	0.00036506
302	0.76109	0.23763	0.00094925	0.00032599
303	0.8194	0.17927	0.0010746	0.00025545
304	0.847	0.15162	0.0011562	0.00022473
305	0.88767	0.11089	0.0012659	0.00017008
306	0.95274	0.045774	0.0014124	7.4531e-05
307	0.96086	0.037599	0.0014792	6.3449e-05
308	0.97381	0.024584	0.0015608	4.2574e-05
309	0.9952	0.003142	0.001654	5.7797e-06
310	0.99807	0.00021073	0.001721	4.1386e-07
311	0.99799	0.00022348	0.0017881	4.3123e-07
312	0.99801	0.00013909	0.0018529	3.0005e-07
313	0.97691	0.021157	0.0018924	4.2559e-05
314	0.96406	0.033924	0.00194	7.1716e-05
315	0.95583	0.042076	0.0020024	9.2342e-05
316	0.95112	0.046695	0.0020785	0.00010615
317	0.94996	0.047776	0.0021563	0.00011287
318	0.95154	0.046096	0.0022482	0.00011288
319	0.93635	0.061201	0.0022926	0.00015482
320	0.92664	0.070818	0.0023564	0.00018463
321	0.92202	0.075356	0.0024259	0.00020318
322	0.762	0.23527	0.0020839	0.00064062
323	0.66106	0.33612	0.0018656	0.0009492
324	0.59201	0.40507	0.0017339	0.0011782
325	0.54905	0.44795	0.0016595	0.0013451
326	0.523	0.4739	0.0016245	0.0014682
327	0.50832	0.48851	0.0016172	0.0015593
328	0.50033	0.49641	0.0016355	0.0016307
329	0.47439	0.52225	0.001598	0.0017641
330	0.45797	0.53857	0.0015948	0.0018699
331	0.41924	0.57719	0.0015053	0.0020576
332	0.3959	0.60045	0.001459	0.0021977
333	0.38293	0.61332	0.0014433	0.002303
334	0.37613	0.62002	0.0014545	0.0023875
335	0.37599	0.62008	0.001487	0.0024465
336	0.38244	0.61354	0.0015422	0.0024786
337	0.39524	0.60065	0.00163	0.0024845
338	0.4184	0.57739	0.0017585	0.0024454
339	0.45681	0.5389	0.0019482	0.0023409
340	0.51356	0.48205	0.0022326	0.0021483
341	0.60393	0.3916	0.0026617	0.0018063
342	0.73568	0.25976	0.0033113	0.0012516
343	0.79951	0.19583	0.0036613	0.00099076
344	0.82681	0.16844	0.0038665	0.00088311
345	0.83857	0.15658	0.0039944	0.00084692
346	0.84119	0.15389	0.0040721	0.0008551
347	0.84849	0.14648	0.0041838	0.00083807
348	0.86153	0.13334	0.0043375	0.00078852
349	0.88217	0.11259	0.0045471	0.00069299
350	0.87882	0.11583	0.0046182	0.00072941
351	0.87937	0.11516	0.0047225	0.00074299
352	0.88391	0.1105	0.0048625	0.00073187
353	0.89308	0.10118	0.0050452	0.00068967
354	0.90972	0.084408	0.0052681	0.00059996
355	0.90551	0.088476	0.0053733	0.00064011
356	0.90479	0.089041	0.0055137	0.00065749
357	0.90748	0.086178	0.0056913	0.00065074
358	0.90444	0.089055	0.0058198	0.00068497
359	0.90492	0.088398	0.0059875	0.0006941
360	0.90901	0.084121	0.0061986	0.00067492
361	0.91831	0.074637	0.0064411	0.00061529
362	0.93315	0.059595	0.00675	0.00050449
363	0.95552	0.037012	0.0071501	0.00031861
364	0.96582	0.026505	0.0074392	0.00023371
365	0.96968	0.022425	0.0076945	0.0002004
366	0.9773	0.014592	0.0079738	0.00013279
367	0.98063	0.011066	0.008205	0.00010323
368	0.98646	0.0050075	0.0084805	4.7189e-05
369	0.98924	0.0020223	0.0087171	1.9599e-05
370	0.98884	0.0022277	0.0089134	2.1984e-05
371	0.9876	0.0032489	0.0091193	3.2069e-05
372	0.98512	0.0055183	0.0093015	5.5546e-05
373	0.98403	0.0063898	0.0095151	6.5462e-05
374	0.98445	0.0057524	0.0097323	6.109e-05
375	0.98622	0.0037543	0.009983	4.169e-05
376	0.98652	0.0032032	0.010239	3.6538e-05
377	0.98795	0.0014982	0.01053	1.7746e-05
378	0.98846	0.00069211	0.010835	8.3348e-06
379	0.98753	0.0013065	0.011149	1.5114e-05
380	0.98604	0.0024893	0.011441	2.9236e-05
381	0.98298	0.0052144	0.011742	6.1461e-05
382	0.98165	0.0062246	0.012047	7.5405e-05
383	0.98184	0.005737	0.012355	7.1857e-05
384	0.98332	0.0039202	0.012707	5.0008e-05
385	0.98676	0.00016862	0.01307	2.4062e-06
386	0.98598	0.00060339	0.013407	8.9437e-06
387	0.98588	0.00033506	0.013782	5.5048e-06
388	0.98283	0.0029761	0.014143	4.8448e-05
389	0.9811	0.0042756	0.014555	7.1555e-05
390	0.9805	0.0044072	0.015019	7.6438e-05
391	0.97882	0.0056356	0.015445	0.0001015
392	0.97838	0.0055856	0.015929	0.00010494
393	0.97945	0.0040431	0.016419	8.3325e-05
394	0.97921	0.0037789	0.016926	8.3465e-05
395	0.97346	0.0089126	0.017438	0.00018938
396	0.96097	0.020739	0.017856	0.00043624
397	0.95352	0.027548	0.018332	0.00059998
398	0.94909	0.03129	0.018919	0.00070432
399	0.94707	0.032569	0.019607	0.00075836
400	0.94734	0.031498	0.020407	0.00075934
401	0.95003	0.027936	0.021333	0.00069654
402	0.95642	0.020717	0.022322	0.00054009
403	0.95845	0.017888	0.023175	0.00048789
404	0.96283	0.012648	0.024162	0.00036392
405	0.96411	0.010538	0.025036	0.00032048
406	0.96348	0.01036	0.025825	0.00033153
407	0.96438	0.0086034	0.026726	0.0002942
408	0.96697	0.0050786	0.027752	0.00019733
409	0.96506	0.0060938	0.028595	0.00024928
410	0.96434	0.0058538	0.02955	0.00025843
411	0.95718	0.011973	0.030318	0.0005296
412	0.91262	0.055531	0.029334	0.0025164
413	0.88467	0.082516	0.028922	0.0038958
414	0.86753	0.098714	0.028898	0.004854
415	0.82831	0.13694	0.027799	0.0069546
416	0.80146	0.16271	0.027321	0.0085044
417	0.78546	0.17767	0.027259	0.009605
418	0.77703	0.1851	0.027493	0.010377
419	0.77449	0.18666	0.027958	0.01089
420	0.77638	0.18372	0.028695	0.011198
421	0.67391	0.28597	0.024958	0.015156
422	0.60287	0.35677	0.022484	0.017875
423	0.55388	0.4055	0.02088	0.019748
424	0.45062	0.50849	0.017129	0.023757
425	0.38565	0.57321	0.014716	0.026417
426	0.34505	0.61358	0.013181	0.02819
427	0.25252	0.70585	0.0096354	0.031994
428	0.19416	0.76396	0.0073325	0.034547
429	0.15418	0.80367	0.0058035	0.036346
430	0.1292	0.82839	0.0048224	0.03759
431	0.11219	0.84512	0.0041803	0.038513
432	0.10106	0.85595	0.0037857	0.039209
433	0.072498	0.88419	0.0027222	0.040593
434	0.054576	0.9018	0.0020331	0.041595
435	0.043468	0.9126	0.0015917	0.042343
436	0.036806	0.91896	0.0013164	0.042918
437	0.033167	0.92231	0.0011562	0.04337
438	0.031768	0.92342	0.0010807	0.043732
439	0.031893	0.92299	0.0010716	0.044046
440	0.03402	0.92056	0.0011323	0.044284
441	0.038603	0.91569	0.0012747	0.044434
442	0.038345	0.91566	0.0012224	0.044771
443	0.039794	0.91391	0.0012411	0.045056
444	0.043071	0.91031	0.0013306	0.04529
445	0.049412	0.90365	0.0015155	0.045422
446	0.059159	0.89357	0.0018223	0.045452
447	0.075074	0.87732	0.0023161	0.045287
448	0.070881	0.88117	0.0020816	0.045872
449	0.069929	0.88178	0.0019729	0.046323
450	0.071286	0.88006	0.0019597	0.046699
451	0.065962	0.88565	0.0018048	0.046581
452	0.063242	0.88863	0.0017451	0.046387
453	0.062852	0.88925	0.001775	0.046121
454	0.055488	0.89683	0.001561	0.046116
455	0.050953	0.90157	0.0014455	0.04603
456	0.049282	0.90345	0.0014189	0.045848
457	0.04163	0.91132	0.0011683	0.045885
458	0.036666	0.91648	0.0010141	0.045841
459	0.03381	0.91952	0.00093494	0.045738
460	0.033099	0.92042	0.00092199	0.045564
461	0.034381	0.91933	0.00097274	0.04532
462	0.037921	0.91599	0.0010962	0.044997
463	0.036267	0.91782	0.0010308	0.044883
464	0.036728	0.91754	0.0010339	0.044694
465	0.038897	0.91555	0.0011012	0.044457
466	0.03656	0.91806	0.0009901	0.044392
467	0.035942	0.91884	0.00094557	0.044278
468	0.037411	0.91753	0.00096427	0.044093
469	0.041281	0.91383	0.0010497	0.043837
470	0.047523	0.90775	0.0012083	0.043522
471	0.058108	0.89732	0.0014776	0.043091
472	0.075293	0.88031	0.0019073	0.042494
473	0.10011	0.85564	0.0025489	0.0417
474	0.13631	0.81958	0.0035137	0.040599
475	0.15111	0.8049	0.0038772	0.040114
476	0.14161	0.81551	0.0035353	0.039339
477	0.13647	0.82172	0.0033492	0.03846
478	0.13578	0.82349	0.0032913	0.037436
479	0.13839	0.82191	0.0033534	0.036341
480	0.11103	0.85026	0.0025793	0.03613
481	0.092467	0.86976	0.0020773	0.035693
482	0.080073	0.88305	0.0017573	0.035117
483	0.0721	0.89188	0.001563	0.034456
484	0.067315	0.89748	0.0014579	0.033744
485	0.065795	0.89983	0.0014297	0.032942
486	0.066522	0.8999	0.0014696	0.032109
487	0.070375	0.89685	0.0015906	0.031183
488	0.078157	0.88989	0.0018143	0.030142
489	0.090275	0.87855	0.0021737	0.029002
490	0.11017	0.85945	0.0027353	0.027649
491	0.13905	0.83132	0.0035649	0.026063
492	0.18128	0.78981	0.0047989	0.024109
493	0.20033	0.7715	0.0052447	0.022931
494	0.23155	0.74102	0.0059807	0.021448
495	0.28157	0.69176	0.0071385	0.019529
496	0.28224	0.69181	0.0069628	0.018982
497	0.28895	0.68585	0.0069214	0.018286
498	0.28435	0.69115	0.0066175	0.017889
499	0.28567	0.69054	0.0064447	0.017347
500	0.29317	0.68377	0.0063951	0.016667
501	0.30675	0.67088	0.0064971	0.015873
502	0.33056	0.64778	0.0067776	0.014886
503	0.36581	0.61319	0.0072991	0.013695
504	0.42256	0.55714	0.0081691	0.01214
505	0.50552	0.47482	0.0095363	0.010126
506	0.62645	0.3545	0.011619	0.0074357
507	0.80035	0.18117	0.01469	0.0037933
508	0.82359	0.15846	0.014717	0.0032345
509	0.83347	0.14913	0.014437	0.0029634
510	0.83376	0.14934	0.01403	0.0028714
511	0.79741	0.18616	0.013055	0.0033807
512	0.77332	0.21068	0.012349	0.0036543
513	0.75966	0.22478	0.011799	0.0037556
514	0.72441	0.26045	0.010984	0.0041522
515	0.70088	0.28437	0.010395	0.0043498
516	0.68781	0.29785	0.009946	0.0043934
517	0.57986	0.40622	0.0082311	0.0056897
518	0.51203	0.47448	0.0070906	0.0063987
519	0.46979	0.51717	0.0063115	0.0067336
520	0.44123	0.54614	0.0057694	0.0068568
521	0.4248	0.56301	0.0053813	0.0068147
522	0.41531	0.5729	0.0051085	0.006681
523	0.38573	0.60286	0.0046452	0.00676
524	0.36624	0.62272	0.0043262	0.0067155
525	0.35447	0.63483	0.0041128	0.0065854
526	0.32439	0.66478	0.0037355	0.0070853
527	0.30659	0.68247	0.0035051	0.007433
528	0.29592	0.69302	0.003377	0.0076883
529	0.29069	0.69811	0.0033245	0.0078777
530	0.29021	0.69845	0.0033364	0.0080128
531	0.29579	0.69272	0.0034109	0.0080799
532	0.26508	0.72328	0.0030396	0.0086036
533	0.24669	0.74152	0.0028127	0.0089775
534	0.23512	0.75294	0.0026818	0.0092657
535	0.20682	0.78108	0.0023115	0.009788
536	0.18775	0.79998	0.0020721	0.010189
537	0.17539	0.81217	0.0019261	0.010508
538	0.1681	0.81928	0.0018496	0.010768
539	0.16491	0.82228	0.0018291	0.010982
540	0.16555	0.82143	0.0018612	0.011156
541	0.15629	0.83047	0.0017748	0.011461
542	0.15244	0.83411	0.0017481	0.011701
543	0.15319	0.83315	0.0017742	0.011883
544	0.12011	0.86603	0.0013178	0.012541
545	0.097558	0.88837	0.0010133	0.01306
546	0.082352	0.90335	0.0008121	0.013487
547	0.072334	0.91313	0.00068223	0.013856
548	0.066865	0.91836	0.00060475	0.014168
549	0.064787	0.92021	0.00056577	0.014435
550	0.065064	0.91969	0.00055712	0.014685
551	0.067733	0.91677	0.00057727	0.014919
552	0.073958	0.9103	0.00063065	0.015115
553	0.073117	0.91126	0.00063246	0.014987
554	0.074776	0.90972	0.00066617	0.014836
555	0.079171	0.90543	0.0007374	0.014658
556	0.086922	0.89778	0.00085788	0.014439
557	0.086953	0.89784	0.000875	0.014332
558	0.089772	0.8951	0.00093209	0.014195
559	0.085162	0.89978	0.00089652	0.014158
560	0.084158	0.90086	0.00090052	0.014078
561	0.086561	0.89854	0.00094511	0.013953
562	0.082245	0.90294	0.00089735	0.013914
563	0.080673	0.90459	0.00088706	0.013846
564	0.082409	0.90294	0.00091555	0.013736
565	0.077176	0.90825	0.00085822	0.01372
566	0.075506	0.90999	0.00084132	0.013659
567	0.076382	0.90919	0.00086033	0.013571
568	0.080665	0.90498	0.00092044	0.013437
569	0.089249	0.89647	0.0010328	0.013248
570	0.10395	0.88185	0.0012182	0.012981
571	0.12788	0.858	0.0015111	0.012602
572	0.16253	0.82344	0.0019491	0.012086
573	0.21764	0.76841	0.0026246	0.011329
574	0.24123	0.74489	0.0029097	0.010971
575	0.27967	0.70653	0.0033657	0.010438
576	0.33538	0.65089	0.0040535	0.0096815
577	0.36102	0.62532	0.0043388	0.0093225
578	0.39947	0.58693	0.0047982	0.0087994
579	0.41431	0.57215	0.0049657	0.0085779
580	0.44035	0.54616	0.0052633	0.0082209
581	0.47954	0.50702	0.0057443	0.0076905
582	0.53668	0.44992	0.0064799	0.0069152
583	0.53851	0.44809	0.0065032	0.0068924
584	0.54748	0.43913	0.0066125	0.0067777
585	0.56336	0.42325	0.0068281	0.0065665
586	0.58825	0.39834	0.0071835	0.0062253
587	0.62546	0.36111	0.0077337	0.0056995
588	0.68547	0.30108	0.0085849	0.0048663
589	0.67073	0.31579	0.0083986	0.0050817
590	0.66254	0.32394	0.008318	0.0052023
591	0.65982	0.32661	0.008327	0.005244
592	0.66221	0.32416	0.0084224	0.0052104
593	0.67161	0.3147	0.0086098	0.005078
594	0.68998	0.29628	0.0089181	0.0048181
595	0.67662	0.30959	0.0087808	0.0050151
596	0.66951	0.31662	0.008745	0.0051219
597	0.6679	0.31815	0.0088018	0.0051483
598	0.67277	0.31321	0.0089433	0.005083
599	0.68517	0.30074	0.0091878	0.0049078
600	0.62215	0.3637	0.0083131	0.0058447
601	0.58298	0.40281	0.0077586	0.0064548
602	0.55939	0.42634	0.0074175	0.0068451
603	0.54448	0.44119	0.0072223	0.0071002
604	0.53783	0.44779	0.0071374	0.0072387
605	0.53804	0.44754	0.0071435	0.0072801
606	0.54383	0.44168	0.0072442	0.0072378
607	0.55768	0.42778	0.0074492	0.007085
608	0.57988	0.40553	0.00779	0.0068072
609	0.61381	0.37152	0.0083247	0.0063471
610	0.60823	0.37701	0.0082882	0.0064704
611	0.60934	0.37583	0.0083421	0.0064965
612	0.59771	0.38736	0.0082121	0.0067182
613	0.59361	0.39138	0.008186	0.0068292
614	0.59478	0.3901	0.0082557	0.0068562
615	0.60139	0.38339	0.0084257	0.0067952
616	0.59622	0.38843	0.0084252	0.0069173
617	0.59654	0.38798	0.0085266	0.0069511
618	0.60371	0.38069	0.0087272	0.0068783
619	0.57406	0.41019	0.0083618	0.0073856
620	0.55688	0.42724	0.008168	0.0077137
621	0.54852	0.43547	0.0080994	0.0079095
622	0.45673	0.52713	0.0066941	0.0094551
623	0.3939	0.58979	0.0057709	0.010532
624	0.35479	0.62876	0.0051863	0.011264
625	0.33105	0.65236	0.0048283	0.011763
626	0.31573	0.66753	0.0046201	0.012124
627	0.30679	0.6763	0.0045255	0.012384
628	0.30437	0.67856	0.0045263	0.012542
629	0.30682	0.67594	0.0046192	0.012621
630	0.31584	0.66675	0.0048136	0.012592
631	0.33335	0.64908	0.0051406	0.012425
632	0.33686	0.6454	0.005249	0.012489
633	0.3459	0.63618	0.0054687	0.012455
634	0.32021	0.66166	0.0050947	0.01303
635	0.30541	0.67627	0.0048883	0.01343
636	0.29834	0.68316	0.004805	0.013701
637	0.29747	0.68384	0.0048227	0.013864
638	0.3013	0.67982	0.004937	0.013944
639	0.31053	0.67038	0.0051653	0.013925
640	0.32826	0.65245	0.005541	0.013751
641	0.35525	0.62524	0.0061161	0.013392
642	0.39559	0.58467	0.0069894	0.012752
643	0.39207	0.58794	0.007026	0.012965
644	0.37408	0.60566	0.0067942	0.013463
645	0.36485	0.61464	0.006711	0.013805
646	0.36244	0.6168	0.0067493	0.014017
647	0.36497	0.61399	0.0069054	0.014128
648	0.37438	0.60433	0.0071945	0.014098
649	0.39053	0.5879	0.0076542	0.013915
650	0.41848	0.55968	0.008361	0.013476
651	0.45978	0.5181	0.0094139	0.01271
652	0.45675	0.52082	0.0095016	0.012931
653	0.46035	0.51692	0.0097244	0.013006
654	0.46964	0.50731	0.010106	0.012943
655	0.48613	0.49048	0.0107	0.012692
656	0.51479	0.46148	0.011586	0.012136
657	0.55722	0.41871	0.012891	0.011186
658	0.62533	0.35025	0.014854	0.0095653
659	0.72492	0.2503	0.017795	0.006993
660	0.86826	0.10656	0.022161	0.0030243
661	0.88588	0.088507	0.023085	0.0025312
662	0.91522	0.058755	0.024336	0.0016933
663	0.96259	0.010989	0.026098	0.0003272
664	0.96834	0.0048052	0.026712	0.00014339
665	0.97097	0.0017644	0.027213	5.387e-05
666	0.97219	0.00014721	0.027654	6.9155e-06
667	0.97208	0.00025788	0.027658	8.4175e-06
668	0.97204	0.00029635	0.027652	8.8506e-06
669	0.97094	0.0013856	0.027637	3.8183e-05
670	0.96892	0.003403	0.027585	9.3923e-05
671	0.96831	0.0040183	0.02756	0.00011159
672	0.96898	0.0033654	0.027558	9.4681e-05
673	0.96566	0.00669	0.027465	0.00018852
674	0.96428	0.0080785	0.027414	0.00022945
675	0.96431	0.0080391	0.027425	0.00022742
676	0.96602	0.0063239	0.027472	0.00017965
677	0.96607	0.0062652	0.027491	0.00017684
678	0.96454	0.0077916	0.027451	0.00022097
679	0.96465	0.0076814	0.027445	0.00022018
680	0.96614	0.0061867	0.027499	0.00017781
681	0.96957	0.0027501	0.027595	8.2635e-05
682	0.96916	0.0031466	0.027602	9.5309e-05
683	0.96976	0.0025067	0.02766	7.6446e-05
684	0.97146	0.00073995	0.027773	2.2731e-05
685	0.97131	0.00081197	0.027851	2.3885e-05
686	0.97201	4.6863e-05	0.027941	1.34e-06
687	0.97199	1.4254e-05	0.027995	4.3092e-07
688	0.97186	6.9175e-05	0.028065	2.1713e-06
689	0.97047	0.0013693	0.028121	4.1791e-05
690	0.96998	0.0017375	0.028226	5.2877e-05
691	0.96877	0.0028135	0.028333	8.3956e-05
692	0.96873	0.0027248	0.028461	8.2071e-05
693	0.96969	0.0016239	0.028641	4.8577e-05
694	0.97005	0.0011266	0.02879	3.4058e-05
695	0.96997	0.0010506	0.028949	3.1289e-05
696	0.97082	5.6274e-05	0.029123	1.65e-06
697	0.97074	2.489e-06	0.029256	8.9158e-08
698	0.97044	4.822e-05	0.029511	1.5193e-06
699	0.97006	0.00014879	0.029792	4.6212e-06
700	0.96916	0.00077934	0.03004	2.5075e-05
701	0.96786	0.0018163	0.030259	6.0624e-05
702	0.96762	0.0018161	0.030496	6.4065e-05
703	0.96387	0.0053022	0.030637	0.00018898
704	0.96173	0.007146	0.030864	0.00025644
705	0.96096	0.0075931	0.031168	0.00027519
706	0.96153	0.0066721	0.031553	0.0002451
707	0.96352	0.0042944	0.032026	0.00016055
708	0.96724	0.00014801	0.032603	5.8732e-06
709	0.94873	0.017792	0.032809	0.00067241
710	0.93727	0.02841	0.033207	0.0011141
711	0.92981	0.034959	0.033822	0.0014062
712	0.91439	0.049508	0.03405	0.0020523
713	0.90428	0.05867	0.034554	0.0024907
714	0.89898	0.063061	0.035199	0.002756
715	0.88591	0.075255	0.035439	0.0033926
716	0.85605	0.10418	0.034967	0.0048071
717	0.83598	0.12323	0.034985	0.0058041
718	0.78988	0.16824	0.033866	0.0080109
719	0.76128	0.19579	0.033388	0.0095429
720	0.74417	0.21187	0.033347	0.010603
721	0.73507	0.21999	0.033624	0.011315
722	0.73109	0.22291	0.034223	0.011774
723	0.73176	0.2211	0.035135	0.011997
724	0.73851	0.21326	0.036313	0.011918
725	0.73526	0.21533	0.037062	0.012344
726	0.73645	0.21289	0.038138	0.012525
727	0.74232	0.20568	0.039583	0.012423
728	0.75556	0.19113	0.041419	0.011889
729	0.77659	0.16871	0.043888	0.010813
730	0.80828	0.13553	0.047255	0.008936
731	0.85998	0.082384	0.051931	0.0057021
732	0.93593	0.0048875	0.058675	0.00051048
733	0.93562	0.0046878	0.059241	0.00045386
734	0.9342	0.0056164	0.059687	0.00049447
735	0.93396	0.0053266	0.06027	0.00044431
736	0.93253	0.0062429	0.060734	0.00048932
737	0.93258	0.0057149	0.061271	0.00043799
738	0.93419	0.0036337	0.061894	0.00027783
739	0.93209	0.0052262	0.0623	0.0003785
740	0.93145	0.0053837	0.062777	0.00038644
741	0.92956	0.0068208	0.063136	0.00048798
742	0.92562	0.010319	0.06332	0.00074295
743	0.92348	0.011971	0.063683	0.00086342
744	0.92291	0.012017	0.064212	0.00086582
745	0.92423	0.010181	0.064846	0.00073928
746	0.92374	0.010194	0.065319	0.00074931
747	0.9247	0.0086986	0.065956	0.00064389
748	0.92408	0.0088174	0.066446	0.0006604
749	0.92483	0.007512	0.067097	0.00056623
750	0.92751	0.0042917	0.06786	0.00033386
751	0.92579	0.0054332	0.068351	0.00042276
752	0.92549	0.005185	0.068918	0.00041145
753	0.92633	0.0037337	0.069631	0.00030287
754	0.92855	0.00085127	0.070522	7.3421e-05
755	0.92689	0.0017998	0.071163	0.00015024
756	0.92604	0.0018689	0.071937	0.00015593
757	0.91996	0.0072016	0.072235	0.00060058
758	0.91598	0.010376	0.072775	0.00086652
759	0.91407	0.011511	0.073438	0.00097722
760	0.91399	0.010855	0.07421	0.000947
761	0.91542	0.0086218	0.075185	0.00077676
762	0.9187	0.0044638	0.076408	0.00042807
763	0.91718	0.0050403	0.077297	0.00048765
764	0.91701	0.0042913	0.078262	0.00043436
765	0.918	0.0023172	0.07942	0.0002633
766	0.91773	0.0015224	0.080551	0.00019822
767	0.9111	0.006998	0.081033	0.00086737
768	0.77423	0.14262	0.066016	0.01713
769	0.68777	0.22788	0.056289	0.028062
770	0.62786	0.2865	0.049849	0.035789
771	0.59055	0.32256	0.045821	0.041069
772	0.56793	0.34396	0.043405	0.044704
773	0.5534	0.3572	0.042056	0.047349
774	0.54526	0.36395	0.041531	0.049251
775	0.5436	0.36427	0.041635	0.050491
776	0.54677	0.35968	0.042316	0.051235
777	0.55525	0.34969	0.043606	0.051455
778	0.47457	0.43012	0.036866	0.058447
779	0.4239	0.48055	0.032545	0.063007
780	0.38916	0.51502	0.029718	0.066102
781	0.36825	0.53567	0.028013	0.068062
782	0.35497	0.54867	0.027045	0.069313
783	0.34897	0.5544	0.02669	0.069941
784	0.34775	0.55532	0.026834	0.070097
785	0.35247	0.55031	0.027524	0.069695
786	0.36271	0.53975	0.028849	0.068688
787	0.36173	0.54038	0.02906	0.068828
788	0.36678	0.53499	0.029843	0.068383
789	0.37726	0.52415	0.031274	0.067322
790	0.39677	0.50428	0.033644	0.065307
791	0.42622	0.47444	0.037255	0.062084
792	0.43654	0.4637	0.038776	0.060986
793	0.45376	0.44602	0.041205	0.059016
794	0.48016	0.41912	0.044899	0.055819
795	0.51977	0.37898	0.050489	0.050768
796	0.58339	0.31483	0.059073	0.042704
797	0.61035	0.28731	0.06314	0.039201
798	0.61947	0.27758	0.064992	0.037961
799	0.63505	0.26133	0.067847	0.03577
800	0.66202	0.23373	0.072206	0.032051
801	0.70611	0.18902	0.078829	0.026043
802	0.72434	0.17012	0.08209	0.02345
803	0.755	0.13882	0.087005	0.019177
804	0.79993	0.093187	0.094226	0.012654
805	0.86513	0.027234	0.10483	0.0028049
806	0.86941	0.017537	0.11112	0.0019286
807	0.86862	0.013108	0.11672	0.0015525
808	0.86521	0.011469	0.12185	0.0014731
809	0.86411	0.0076907	0.1271	0.0010989
810	0.86021	0.0063467	0.13244	0.00099924
811	0.81309	0.048581	0.12918	0.0091418
812	0.78256	0.074393	0.12823	0.014823
813	0.76075	0.091119	0.12919	0.018941
814	0.71672	0.12971	0.12572	0.027862
815	0.68533	0.15527	0.12485	0.034555
816	0.66282	0.17155	0.12598	0.039659
817	0.64683	0.18087	0.12876	0.043543
818	0.63719	0.18404	0.13249	0.046286
819	0.63134	0.18296	0.13756	0.04814
820	0.63054	0.17703	0.14357	0.048856
821	0.63371	0.16668	0.15125	0.048357
822	0.64202	0.15069	0.16119	0.046094
823	0.63961	0.14488	0.16907	0.046444
824	0.64267	0.13383	0.17835	0.045149
825	0.65078	0.11716	0.19033	0.041728
826	0.64966	0.10999	0.19917	0.041185
827	0.65411	0.097489	0.20969	0.038712
828	0.66394	0.079028	0.22337	0.033659
829	0.65365	0.080071	0.23065	0.035625
830	0.64557	0.078231	0.23971	0.03649
831	0.6396	0.073537	0.25079	0.036077
832	0.63605	0.065641	0.26435	0.033967
833	0.63779	0.052807	0.28023	0.029171
834	0.64433	0.034359	0.3007	0.020613
835	0.66117	0.0059834	0.32702	0.0058203
836	0.65812	0.0053675	0.33139	0.0051191
837	0.65645	0.0035039	0.33652	0.0035322
838	0.65379	0.0027458	0.34056	0.0029098
839	0.65053	0.0027076	0.34385	0.002917
840	0.64777	0.0019156	0.34793	0.0023908
841	0.64533	0.0033333	0.34823	0.0031133
842	0.64098	0.0065613	0.34758	0.0048833
843	0.63798	0.0083305	0.3479	0.0057888
844	0.63642	0.0087171	0.34893	0.0059322
845	0.6362	0.0078133	0.35066	0.0053306
846	0.63707	0.005716	0.35328	0.0039378
847	0.63632	0.0051247	0.35507	0.0034914
848	0.63683	0.0033189	0.35754	0.0023121
849	0.63854	0.00020812	0.36102	0.00022957
850	0.63845	0.00014081	0.36129	0.00012308
851	0.63789	0.00048705	0.36131	0.00031813
852	0.63774	0.00035508	0.36168	0.00022501
853	0.63756	0.00028354	0.36197	0.00018477
854	0.63656	0.00096836	0.36186	0.00060902
855	0.63035	0.006902	0.35835	0.0044001
856	0.61673	0.020184	0.35044	0.012651
857	0.60841	0.028192	0.3456	0.017798
858	0.60309	0.033136	0.34285	0.02092
859	0.60056	0.035326	0.34167	0.022442
860	0.59989	0.035585	0.34181	0.022719
861	0.60104	0.033956	0.34321	0.021789
862	0.59156	0.04299	0.33795	0.027497
863	0.58541	0.048633	0.33496	0.030997
864	0.58247	0.051093	0.33377	0.032665
865	0.57379	0.059228	0.32928	0.037699
866	0.56834	0.064064	0.32697	0.040631
867	0.56546	0.066256	0.32639	0.041897
868	0.56484	0.066111	0.32737	0.041677
869	0.5672	0.063032	0.33003	0.03974
870	0.57314	0.056403	0.33476	0.035701
871	0.58404	0.044847	0.34235	0.028767
872	0.60046	0.027693	0.35379	0.01806
873	0.62495	0.0023943	0.371	0.0016603
874	0.62487	0.001573	0.37245	0.0011053
875	0.62305	0.0025363	0.37268	0.0017398
876	0.62189	0.0027506	0.37348	0.0018832
877	0.61979	0.0038164	0.37384	0.0025572
878	0.61843	0.0040395	0.37485	0.0026817
879	0.61808	0.0033049	0.37639	0.0022266
880	0.61702	0.0033163	0.37738	0.0022748
881	0.61665	0.0025578	0.37899	0.0018079
882	0.61703	0.00093482	0.38129	0.0007473
883	0.61647	0.00013657	0.38317	0.00022109
884	0.61132	0.0050832	0.37883	0.0047712
885	0.60797	0.0081548	0.37626	0.0076079
886	0.60052	0.015281	0.37025	0.013958
887	0.59559	0.019814	0.3666	0.018
888	0.59258	0.022362	0.36471	0.020353
889	0.56842	0.045993	0.34556	0.040035
890	0.55177	0.062036	0.33301	0.053186
891	0.5405	0.072643	0.32505	0.061814
892	0.51712	0.095384	0.30695	0.080547
893	0.46941	0.14249	0.26793	0.12017
894	0.43682	0.17441	0.24217	0.1466
895	0.41665	0.19393	0.22579	0.16363
896	0.40338	0.20648	0.2154	0.17474
897	0.39618	0.21301	0.20939	0.18142
898	0.39354	0.21498	0.2066	0.18488
899	0.39409	0.21372	0.20623	0.18597
900	0.39802	0.20899	0.20828	0.1847
901	0.40595	0.20021	0.21304	0.1808
902	0.42049	0.18483	0.22146	0.17322
903	0.44479	0.15974	0.23505	0.16043
904	0.4543	0.14934	0.24064	0.15571
905	0.46921	0.13349	0.24981	0.14749
906	0.49404	0.10774	0.26448	0.13374
907	0.50497	0.097047	0.27426	0.12372
908	0.52327	0.079002	0.29009	0.10763
909	0.55002	0.052456	0.31402	0.083506
910	0.55346	0.050551	0.31721	0.078778
911	0.55924	0.0462	0.32349	0.071072
912	0.568	0.038758	0.33398	0.059266
913	0.56598	0.041993	0.33207	0.059963
914	0.56596	0.043126	0.33206	0.058855
915	0.56835	0.04189	0.33411	0.055644
916	0.57349	0.037959	0.33879	0.049771
917	0.58142	0.031128	0.34698	0.040475
918	0.59429	0.019406	0.36045	0.025856
919	0.59083	0.023915	0.35689	0.028368
920	0.58929	0.026415	0.35493	0.029367
921	0.58984	0.026865	0.35439	0.0289
922	0.58702	0.030607	0.35156	0.030814
923	0.58661	0.031972	0.35027	0.031144
924	0.58835	0.031232	0.35043	0.029985
925	0.58722	0.033408	0.34825	0.031127
926	0.5878	0.033777	0.34752	0.030905
927	0.58521	0.037379	0.34431	0.033101
928	0.58514	0.038497	0.34271	0.033649
929	0.58684	0.037759	0.34257	0.032821
930	0.59043	0.035051	0.34401	0.030508
931	0.59706	0.029341	0.34745	0.026151
932	0.60688	0.020358	0.3535	0.019268
933	0.62127	0.0067183	0.36334	0.0086694
934	0.6231	0.0076125	0.36053	0.0087545
935	0.62274	0.0105	0.35658	0.010179
936	0.61915	0.016708	0.35047	0.013672
937	0.61841	0.020161	0.34592	0.015508
938	0.61922	0.021878	0.34272	0.016187
939	0.61684	0.02687	0.3374	0.018891
940	0.61715	0.029267	0.33351	0.020076
941	0.61904	0.029888	0.33095	0.020126
942	0.62253	0.028724	0.32969	0.019059
943	0.62289	0.030518	0.32689	0.019698
944	0.62548	0.030166	0.32519	0.019164
945	0.63041	0.027544	0.32464	0.017404
946	0.63753	0.022572	0.32566	0.014242
947	0.64747	0.014614	0.32865	0.0092659
948	0.66135	0.0025761	0.33433	0.0017469
949	0.66468	0.00092956	0.33371	0.00068842
950	0.6668	0.0010116	0.33151	0.00067498
951	0.66935	0.00050105	0.32983	0.00032603
952	0.67149	0.00023213	0.32813	0.00014613
953	0.67294	0.00052647	0.32625	0.00028981
954	0.67475	0.00032451	0.32475	0.00017777
955	0.67567	0.0008789	0.323	0.00044952
956	0.67706	0.00086126	0.32165	0.00043083
957	0.67227	0.0070689	0.3172	0.0034635
958	0.67019	0.010627	0.31396	0.0052245
959	0.6696	0.012578	0.31169	0.0061366
960	0.6703	0.01313	0.31023	0.0063373
961	0.66855	0.016023	0.30786	0.0075715
962	0.66878	0.01699	0.30629	0.0079499
963	0.67079	0.016219	0.30543	0.0075599
964	0.67476	0.013539	0.30535	0.0063455
965	0.6806	0.0088868	0.30632	0.0041958
966	0.68894	0.0016354	0.30863	0.00079076
967	0.69087	0.00070713	0.30808	0.00034105
968	0.69162	0.00099751	0.3069	0.00047684
969	0.69288	0.00069455	0.3061	0.00033331
970	0.69379	0.00063629	0.30527	0.0002995
971	0.69343	0.0019053	0.30378	0.00088357
972	0.69379	0.002361	0.30277	0.0010816
973	0.68914	0.0077485	0.29971	0.0034021
974	0.68693	0.010725	0.29764	0.004705
975	0.68656	0.011917	0.29628	0.0052484
976	0.68775	0.01157	0.29553	0.0051445
977	0.69023	0.0098631	0.29548	0.0044212
978	0.69424	0.0065489	0.29625	0.0029648
979	0.70025	0.0011524	0.29806	0.00053959
980	0.70039	0.0015509	0.29736	0.00070184
981	0.70132	0.0011965	0.29694	0.00054861
982	0.7005	0.0026194	0.29567	0.0012077
983	0.70051	0.0031436	0.2949	0.0014469
984	0.70128	0.002841	0.29457	0.0013087
985	0.70286	0.0016666	0.2947	0.00077205
986	0.70364	0.0012322	0.29457	0.00056075
987	0.70408	0.0011568	0.29424	0.00052404
988	0.70511	0.00043622	0.29425	0.00019929
989	0.70578	2.4242e-05	0.29418	1.1122e-05
990	0.70563	0.00037473	0.29384	0.00015676
991	0.70517	0.00097532	0.29346	0.00039545
992	0.70542	0.00089259	0.29333	0.00036011
993	0.7064	0.00010837	0.29345	4.4524e-05
994	0.70643	0.00030617	0.29313	0.00013409
995	0.70629	0.00060557	0.29283	0.00026539
996	0.70664	0.00037442	0.29282	0.00016619
997	0.70682	0.0002547	0.29282	0.00011245
998	0.70479	0.0023618	0.29181	0.0010367
