#coord	neutral	conserved	gBGC.neutral	gBGC.conserved
1	0.80851	0.18492	0.0053277	0.0012464
2	0.81724	0.17643	0.0051857	0.0011431
3	0.83228	0.16162	0.0050978	0.0010028
4	0.85797	0.13617	0.0050569	0.00080738
5	0.89974	0.094639	0.0050833	0.00053638
6	0.96637	0.028267	0.0052066	0.00015944
7	0.97486	0.020007	0.005021	0.00010938
8	0.98796	0.0071304	0.004874	3.815e-05
9	0.99403	0.0012603	0.0047036	6.5583e-06
10	0.99493	0.00054785	0.0045202	2.6276e-06
11	0.99467	0.0010158	0.0043075	4.6067e-06
12	0.99519	0.00069575	0.0041141	2.9842e-06
13	0.99555	0.00053773	0.003912	2.2617e-06
14	0.99576	0.00051814	0.003724	2.1095e-06
15	0.99583	0.00062061	0.0035494	2.4107e-06
16	0.9957	0.00090559	0.0033873	3.3104e-06
17	0.99529	0.0014823	0.0032176	5.2593e-06
18	0.99414	0.0027947	0.0030582	9.3829e-06
19	0.99119	0.0058862	0.002905	1.8458e-05
20	0.98491	0.012319	0.0027364	3.6929e-05
21	0.98128	0.016086	0.0025887	4.5653e-05
22	0.98013	0.017379	0.0024426	4.7118e-05
23	0.9808	0.016846	0.0023118	4.3558e-05
24	0.98341	0.014359	0.0021954	3.5431e-05
25	0.98832	0.0095679	0.0020931	2.2529e-05
26	0.9961	0.0018907	0.0020044	4.1178e-06
27	0.99727	0.00083781	0.0018952	1.688e-06
28	0.99691	0.0013074	0.0017781	2.4251e-06
29	0.99739	0.000941	0.001671	1.5919e-06
30	0.99761	0.00082718	0.0015589	1.2893e-06
31	0.99765	0.00090525	0.0014417	1.3213e-06
32	0.99737	0.0012993	0.0013326	1.7222e-06
33	0.99651	0.0022602	0.0012309	2.6671e-06
34	0.99439	0.0044744	0.0011355	4.655e-06
35	0.99382	0.0051411	0.0010379	4.7546e-06
36	0.99447	0.0045826	0.00094865	3.5651e-06
37	0.99033	0.0087189	0.00094711	8.3041e-06
38	0.98812	0.010919	0.00094948	1.0947e-05
39	0.9876	0.011437	0.00095556	1.182e-05
40	0.98457	0.014449	0.00096108	1.5225e-05
41	0.98345	0.015562	0.00097053	1.6629e-05
42	0.98412	0.014878	0.00098398	1.611e-05
43	0.98669	0.012299	0.0010017	1.3471e-05
44	0.98706	0.011911	0.0010153	1.322e-05
45	0.98517	0.013784	0.0010287	1.5317e-05
46	0.98505	0.01389	0.0010463	1.5465e-05
47	0.987	0.011923	0.0010644	1.3406e-05
48	0.99143	0.0074756	0.0010833	8.6218e-06
49	0.99314	0.0057469	0.0011017	6.7e-06
50	0.98986	0.0090162	0.0011168	1.0349e-05
51	0.98863	0.010229	0.0011321	1.1856e-05
52	0.98467	0.014169	0.0011469	1.6408e-05
53	0.97524	0.023571	0.0011581	2.7017e-05
54	0.97009	0.028708	0.0011718	3.3285e-05
55	0.96811	0.030668	0.001187	3.6085e-05
56	0.96889	0.029866	0.0012034	3.5693e-05
57	0.97205	0.026697	0.0012254	3.2163e-05
58	0.97194	0.026785	0.0012414	3.2713e-05
59	0.97451	0.0242	0.0012588	3.0003e-05
60	0.9803	0.018396	0.0012782	2.3326e-05
61	0.98201	0.016669	0.0012953	2.1454e-05
62	0.9859	0.012761	0.0013181	1.6464e-05
63	0.99316	0.0054912	0.0013433	7.0195e-06
64	0.99339	0.0052497	0.0013574	6.8084e-06
65	0.99512	0.0034997	0.0013715	4.6287e-06
66	0.98761	0.011	0.0013756	1.4913e-05
67	0.98349	0.015107	0.0013821	2.0866e-05
68	0.98149	0.017092	0.0013941	2.3759e-05
69	0.91527	0.083302	0.0013125	0.00011832
70	0.87378	0.12477	0.0012616	0.00018032
71	0.84827	0.15028	0.0012307	0.00022044
72	0.83332	0.16522	0.001213	0.00024553
73	0.79739	0.20114	0.0011661	0.00030217
74	0.72241	0.27612	0.0010544	0.00042197
75	0.67071	0.32781	0.00098206	0.00050439
76	0.63592	0.36258	0.00093818	0.00056058
77	0.6153	0.38319	0.00091274	0.00059671
78	0.60267	0.39581	0.0009016	0.00062058
79	0.59783	0.40064	0.00090033	0.00063299
80	0.59855	0.39991	0.00090987	0.00063673
81	0.60493	0.3935	0.00093077	0.00063131
82	0.59953	0.39889	0.00093554	0.00064429
83	0.60093	0.39747	0.00094917	0.00064676
84	0.60807	0.39031	0.00097486	0.00063949
85	0.62368	0.37469	0.0010133	0.00061782
86	0.65109	0.34727	0.0010701	0.00057607
87	0.69606	0.30228	0.0011546	0.00050489
88	0.71435	0.28397	0.0011983	0.0004769
89	0.74552	0.25279	0.0012624	0.00042684
90	0.79613	0.20217	0.0013573	0.00034408
91	0.87688	0.12141	0.0015	0.00021172
92	0.88528	0.113	0.0015257	0.00019879
93	0.9009	0.097362	0.0015617	0.00017369
94	0.92488	0.073369	0.0016164	0.0001326
95	0.93478	0.063458	0.0016501	0.00011538
96	0.95196	0.046261	0.0016948	8.5145e-05
97	0.9778	0.020399	0.0017601	3.7113e-05
98	0.9904	0.0077902	0.0017984	1.4003e-05
99	0.99653	0.0016472	0.0018226	2.8908e-06
100	0.99579	0.0023751	0.0018321	4.2258e-06
101	0.99615	0.0020015	0.0018416	3.6173e-06
102	0.9977	0.00044692	0.001851	9.159e-07
103	0.99673	0.0014082	0.0018584	3.0043e-06
104	0.99675	0.0013843	0.0018656	3.2205e-06
105	0.99763	0.00049513	0.0018774	1.6825e-06
106	0.99098	0.0071891	0.0018191	1.5417e-05
107	0.97604	0.022162	0.0017495	4.4471e-05
108	0.96636	0.031885	0.0016954	6.1767e-05
109	0.89735	0.10093	0.0015281	0.0001899
110	0.84974	0.14858	0.001411	0.00027118
111	0.81765	0.1807	0.0013292	0.0003206
112	0.79849	0.19989	0.001268	0.00034713
113	0.78659	0.21182	0.0012237	0.00035989
114	0.78056	0.21789	0.0011927	0.00036233
115	0.77952	0.21895	0.0011728	0.0003565
116	0.78443	0.21407	0.0011599	0.00034172
117	0.79631	0.20222	0.001155	0.00031694
118	0.81545	0.1831	0.0011636	0.00028141
119	0.8475	0.15108	0.0011874	0.0002287
120	0.89929	0.099327	0.0012338	0.00015127
121	0.92216	0.076479	0.0012412	0.00011592
122	0.93152	0.067143	0.0012317	0.00010033
123	0.94653	0.052157	0.001233	7.6729e-05
124	0.97137	0.027348	0.0012445	4.0841e-05
125	0.98199	0.016747	0.0012399	2.4913e-05
126	0.99816	0.00059075	0.0012458	1.0327e-06
127	0.99808	0.00070371	0.0012146	1.058e-06
128	0.99608	0.0027328	0.0011787	3.6037e-06
129	0.99209	0.0067646	0.0011381	8.6551e-06
130	0.98381	0.015082	0.0010898	1.9009e-05
131	0.97869	0.020241	0.0010492	2.4749e-05
132	0.9761	0.022862	0.0010151	2.7127e-05
133	0.97567	0.023315	0.00098639	2.6906e-05
134	0.97774	0.021275	0.00095813	2.4184e-05
135	0.98215	0.016891	0.00093487	1.9116e-05
136	0.98324	0.015827	0.00091073	1.7555e-05
137	0.98205	0.01705	0.00088219	1.8436e-05
138	0.98267	0.016458	0.00085794	1.7465e-05
139	0.98044	0.018707	0.00083332	1.9148e-05
140	0.98016	0.019013	0.00081278	1.8919e-05
141	0.98177	0.017418	0.00079605	1.6941e-05
142	0.98549	0.013709	0.00078316	1.309e-05
143	0.98627	0.012947	0.00076944	1.1945e-05
144	0.98887	0.010363	0.0007592	9.2114e-06
145	0.9894	0.00985	0.00074538	8.4274e-06
146	0.99185	0.0074155	0.00073134	6.2072e-06
147	0.99631	0.0029646	0.00072078	2.3928e-06
148	0.99637	0.0029188	0.00070492	2.257e-06
149	0.99546	0.0038428	0.00069022	2.7936e-06
150	0.9932	0.0061253	0.00067297	4.2637e-06
151	0.9926	0.0067357	0.00065524	4.584e-06
152	0.99335	0.0060081	0.00064028	3.9684e-06
153	0.99579	0.0035857	0.00062472	2.3406e-06
154	0.9967	0.0026911	0.00060986	1.7082e-06
155	0.99687	0.0025378	0.00059292	1.5831e-06
156	0.99806	0.0013607	0.00057825	8.3515e-07
157	0.99857	0.00086964	0.00056474	5.1197e-07
158	0.99882	0.00063021	0.00054952	3.655e-07
159	0.9825	0.016964	0.00052687	9.1891e-06
160	0.94419	0.055295	0.0004898	2.9812e-05
161	0.91835	0.081142	0.00046248	4.2237e-05
162	0.85706	0.14245	0.00042045	7.0765e-05
163	0.81544	0.18408	0.00039119	8.7868e-05
164	0.79	0.20953	0.00036872	9.6848e-05
165	0.77535	0.2242	0.00035037	0.00010037
166	0.74131	0.25826	0.00032252	0.00011206
167	0.71863	0.28095	0.00030201	0.00011763
168	0.70613	0.29346	0.00028507	0.00011834
169	0.69975	0.29986	0.00027207	0.00011625
170	0.69991	0.29971	0.00026057	0.00011141
171	0.68917	0.31048	0.00024402	0.00011036
172	0.68428	0.31539	0.00023095	0.00010694
173	0.68589	0.31379	0.00021905	0.00010111
174	0.69436	0.30534	0.00020803	9.3146e-05
175	0.70948	0.29023	0.00019966	8.3646e-05
176	0.73598	0.26375	0.0001925	7.1691e-05
177	0.74526	0.25449	0.00018136	6.4803e-05
178	0.74387	0.2559	0.00016844	6.0727e-05
179	0.74739	0.2524	0.00015752	5.5584e-05
180	0.75646	0.24334	0.00014853	4.9455e-05
181	0.77411	0.22571	0.00013979	4.1911e-05
182	0.80404	0.19579	0.00013139	3.2845e-05
183	0.81574	0.18412	0.0001201	2.7574e-05
184	0.83674	0.16313	0.00010854	2.1401e-05
185	0.86819	0.13169	9.8379e-05	1.4707e-05
186	0.88095	0.11896	8.6041e-05	1.1013e-05
187	0.84639	0.15351	8.3815e-05	1.4905e-05
188	0.82346	0.17644	8.2983e-05	1.7605e-05
189	0.81041	0.18949	8.2318e-05	1.9277e-05
190	0.80334	0.19656	8.2509e-05	2.0289e-05
191	0.80226	0.19764	8.2554e-05	2.0591e-05
192	0.80587	0.19402	8.3331e-05	2.0354e-05
193	0.81471	0.18519	8.4915e-05	1.9509e-05
194	0.83166	0.16823	8.6575e-05	1.7727e-05
195	0.86034	0.13955	8.8601e-05	1.4714e-05
196	0.87271	0.12719	8.8109e-05	1.3347e-05
197	0.89236	0.10754	8.8574e-05	1.1242e-05
198	0.92209	0.077815	9.0277e-05	8.1193e-06
199	0.93482	0.06508	9.0487e-05	6.7101e-06
200	0.95633	0.043578	9.0625e-05	4.4911e-06
201	0.98795	0.011953	9.1923e-05	1.3103e-06
202	0.98734	0.012569	9.0488e-05	1.3491e-06
203	0.98835	0.011563	8.9406e-05	1.2225e-06
204	0.99116	0.0087519	8.8714e-05	9.1592e-07
205	0.99611	0.0038047	8.8412e-05	3.9695e-07
206	0.99594	0.0039743	8.7796e-05	3.9504e-07
207	0.99708	0.0028291	8.6414e-05	2.7629e-07
208	0.99952	0.0003936	8.5324e-05	3.9246e-08
209	0.99982	9.8275e-05	8.4206e-05	1.0533e-08
210	0.99684	0.0030717	8.327e-05	2.9137e-07
211	0.99063	0.009291	8.2224e-05	8.625e-07
212	0.98695	0.012969	8.1594e-05	1.1913e-06
213	0.98529	0.014628	8.1324e-05	1.3332e-06
214	0.98542	0.014501	8.1386e-05	1.3125e-06
215	0.98768	0.012242	8.0763e-05	1.1107e-06
216	0.9921	0.0078233	8.05e-05	7.183e-07
217	0.99047	0.0094489	7.9886e-05	8.4494e-07
218	0.99063	0.0092922	7.8556e-05	8.229e-07
219	0.99229	0.0076279	7.7493e-05	6.718e-07
220	0.99217	0.0077539	7.6416e-05	6.6735e-07
221	0.99344	0.0064876	7.5584e-05	5.4614e-07
222	0.99326	0.0066682	7.377e-05	5.4646e-07
223	0.98487	0.015056	7.1742e-05	1.1429e-06
224	0.98026	0.019674	6.9156e-05	1.443e-06
225	0.97805	0.021884	6.6907e-05	1.5421e-06
226	0.97128	0.028655	6.4508e-05	1.9141e-06
227	0.96811	0.031829	6.1537e-05	2.0204e-06
228	0.96785	0.032091	5.7927e-05	1.9199e-06
229	0.95021	0.049735	5.2437e-05	2.7892e-06
230	0.90962	0.090328	4.6078e-05	4.6281e-06
231	0.88231	0.11765	4.0846e-05	5.4276e-06
232	0.86604	0.13391	3.5563e-05	5.4675e-06
233	0.85604	0.14392	3.0754e-05	5.0737e-06
234	0.85112	0.14885	2.6271e-05	4.3884e-06
235	0.85045	0.14953	2.1968e-05	3.5109e-06
236	0.855	0.14498	1.7077e-05	2.4409e-06
237	0.86438	0.13561	1.2205e-05	1.3259e-06
238	0.85179	0.14819	1.4065e-05	1.8462e-06
239	0.84469	0.15529	1.5814e-05	2.2616e-06
240	0.84319	0.15679	1.7041e-05	2.5067e-06
241	0.84695	0.15303	1.7768e-05	2.5621e-06
242	0.85545	0.14453	1.8444e-05	2.4519e-06
243	0.87004	0.12994	1.912e-05	2.1424e-06
244	0.76276	0.2372	2.8155e-05	9.0683e-06
245	0.69535	0.3046	3.4918e-05	1.7255e-05
246	0.64899	0.35095	4.152e-05	2.6126e-05
247	0.62072	0.3792	4.744e-05	3.4703e-05
248	0.60236	0.39754	5.3951e-05	4.3202e-05
249	0.55728	0.44261	5.707e-05	5.5694e-05
250	0.52986	0.47001	6.038e-05	6.7027e-05
251	0.51214	0.48772	6.4748e-05	7.7849e-05
252	0.50198	0.49786	7.0264e-05	8.8155e-05
253	0.4992	0.50062	7.6059e-05	9.7201e-05
254	0.50178	0.49803	8.3195e-05	0.00010552
255	0.51006	0.48974	9.2016e-05	0.00011282
256	0.52539	0.47438	0.00010319	0.00011853
257	0.54961	0.45015	0.00011762	0.0001218
258	0.5859	0.41384	0.0001368	0.00012118
259	0.59981	0.39992	0.00015194	0.00012564
260	0.62245	0.37725	0.00017135	0.00012696
261	0.66025	0.33943	0.00019545	0.00012236
262	0.71554	0.28412	0.00022852	0.00010994
263	0.79565	0.20399	0.00027517	8.5241e-05
264	0.92267	0.076944	0.00034184	3.9124e-05
265	0.92508	0.07452	0.00036269	4.0352e-05
266	0.90609	0.093484	0.00037466	5.2186e-05
267	0.89402	0.10553	0.00039109	6.1385e-05
268	0.86455	0.13497	0.00039926	8.0696e-05
269	0.84516	0.15433	0.00041348	9.6004e-05
270	0.83311	0.16635	0.00043293	0.00010826
271	0.80264	0.19679	0.00044269	0.00013243
272	0.73235	0.26704	0.00042824	0.00018323
273	0.68849	0.31087	0.00042365	0.00022243
274	0.6592	0.34011	0.00042861	0.00025444
275	0.64227	0.35701	0.00043857	0.00027975
276	0.63407	0.36517	0.00045243	0.00029948
277	0.6315	0.36771	0.00047221	0.00031552
278	0.617	0.38218	0.00047997	0.00034188
279	0.60936	0.38978	0.00049491	0.00036346
280	0.53001	0.46909	0.00044018	0.00045298
281	0.4752	0.52386	0.00040644	0.00052373
282	0.43769	0.56134	0.00038797	0.00058148
283	0.41249	0.5865	0.00038094	0.00063013
284	0.39827	0.60068	0.00038158	0.00066951
285	0.39071	0.60819	0.00039002	0.00070354
286	0.38995	0.60891	0.00040404	0.0007304
287	0.39583	0.60299	0.00042425	0.0007495
288	0.40961	0.58918	0.00045255	0.00075893
289	0.43423	0.56453	0.00049264	0.00075504
290	0.47143	0.52728	0.00055174	0.00073458
291	0.5258	0.47287	0.00063811	0.00068936
292	0.52751	0.47112	0.00065764	0.00070921
293	0.53645	0.46214	0.00068532	0.00071916
294	0.55236	0.44619	0.00072553	0.00071922
295	0.55419	0.44432	0.00074903	0.00073881
296	0.56165	0.43682	0.00078377	0.00075013
297	0.57595	0.42246	0.00083301	0.00075025
298	0.60148	0.39689	0.0008992	0.00073136
299	0.64012	0.3582	0.00099383	0.00068752
300	0.6966	0.30167	0.0011291	0.00060664
301	0.72071	0.27749	0.0012153	0.00057901
302	0.76065	0.2375	0.001331	0.00051931
303	0.81892	0.17917	0.0014944	0.00041619
304	0.8465	0.15154	0.0015963	0.00037187
305	0.88714	0.11083	0.0017354	0.00029482
306	0.95216	0.045746	0.0019272	0.00016219
307	0.96034	0.037579	0.0019519	0.00013159
308	0.97335	0.024573	0.0019962	8.4397e-05
309	0.99478	0.0031409	0.0020646	1.0991e-05
310	0.99772	0.00021066	0.0020729	7.3497e-07
311	0.9977	0.00022342	0.0020741	5.8261e-07
312	0.99779	0.00013907	0.0020731	3.5169e-07
313	0.97677	0.021155	0.0020344	4.5076e-05
314	0.96399	0.033922	0.0020101	7.3139e-05
315	0.95583	0.042078	0.0019993	9.0733e-05
316	0.9512	0.046701	0.0019992	0.00010051
317	0.95011	0.047785	0.0020041	0.00010316
318	0.95177	0.046109	0.0020183	9.9572e-05
319	0.93665	0.061224	0.0019942	0.00013214
320	0.92701	0.07085	0.0019851	0.00015256
321	0.92246	0.075396	0.0019841	0.00016282
322	0.76242	0.23542	0.001662	0.00049704
323	0.66147	0.33636	0.0014536	0.00071565
324	0.59243	0.40539	0.0013186	0.00086357
325	0.54947	0.44834	0.0012334	0.00095999
326	0.52344	0.47435	0.0011811	0.0010217
327	0.50878	0.48901	0.0011513	0.0010592
328	0.50082	0.49696	0.0011392	0.0010814
329	0.47489	0.52288	0.0010905	0.0011426
330	0.45849	0.53926	0.0010651	0.001183
331	0.41975	0.57799	0.00098841	0.0012729
332	0.39641	0.60132	0.00094214	0.0013309
333	0.38345	0.61427	0.00091684	0.0013664
334	0.37667	0.62103	0.00090792	0.0013877
335	0.37655	0.62114	0.00091266	0.0013938
336	0.38305	0.61464	0.00093124	0.0013844
337	0.39589	0.60178	0.00096771	0.0013596
338	0.41913	0.57853	0.0010272	0.0013102
339	0.45763	0.54002	0.0011203	0.0012255
340	0.51453	0.48311	0.0012634	0.0010933
341	0.60512	0.39252	0.0014831	0.00088277
342	0.73718	0.26044	0.0018161	0.00056178
343	0.80105	0.19635	0.0020922	0.00051072
344	0.82828	0.16888	0.0023317	0.00051145
345	0.83996	0.15696	0.002536	0.00053982
346	0.84247	0.15423	0.0027091	0.00059185
347	0.84967	0.14679	0.002914	0.00062828
348	0.86261	0.13359	0.0031584	0.0006425
349	0.88313	0.11279	0.0034556	0.00062264
350	0.87965	0.116	0.0036469	0.00069968
351	0.88006	0.1153	0.0038753	0.00075905
352	0.88446	0.1106	0.004145	0.00079832
353	0.89348	0.10124	0.0044641	0.0008108
354	0.90998	0.084428	0.0048173	0.0007784
355	0.90582	0.088504	0.0048759	0.00080388
356	0.90515	0.089075	0.004966	0.00080548
357	0.90791	0.086218	0.0050903	0.00078116
358	0.90493	0.089103	0.0051663	0.00080056
359	0.90548	0.088453	0.0052766	0.0007944
360	0.90964	0.08418	0.0054255	0.00075895
361	0.91901	0.074695	0.0056111	0.00068183
362	0.93394	0.059647	0.0058591	0.00055162
363	0.95641	0.037048	0.0061944	0.00034418
364	0.96681	0.026532	0.0064116	0.00024921
365	0.97076	0.022451	0.0065838	0.00021016
366	0.97847	0.01461	0.0067837	0.00013762
367	0.98188	0.01108	0.0069376	0.00010538
368	0.98781	0.0050145	0.0071278	4.8004e-05
369	0.99067	0.0020254	0.0072825	2.0184e-05
370	0.99035	0.0022313	0.0074019	2.1794e-05
371	0.98919	0.0032544	0.007525	3.0534e-05
372	0.98679	0.005528	0.0076302	5.127e-05
373	0.98578	0.0064015	0.0077583	6.015e-05
374	0.98629	0.0057635	0.0078925	5.6882e-05
375	0.98815	0.0037619	0.0080507	4.1148e-05
376	0.98854	0.0032099	0.0082141	3.7676e-05
377	0.99007	0.0015015	0.0084022	2.2845e-05
378	0.99086	0.00069381	0.008437	9.7734e-06
379	0.99021	0.0013101	0.0084613	1.4019e-05
380	0.989	0.0024968	0.0084762	2.3852e-05
381	0.98624	0.0052317	0.0084853	4.6448e-05
382	0.98519	0.006247	0.0085045	5.5006e-05
383	0.98566	0.0057594	0.0085323	5.1e-05
384	0.98745	0.0039367	0.0085793	3.4601e-05
385	0.99119	0.00016936	0.0086389	1.6088e-06
386	0.99072	0.0006062	0.0086686	5.7183e-06
387	0.99095	0.00033665	0.008712	3.3501e-06
388	0.98824	0.0029914	0.0087354	2.8626e-05
389	0.98688	0.0042992	0.0087791	4.1067e-05
390	0.98668	0.0044331	0.0088417	4.2365e-05
391	0.98539	0.0056711	0.008889	5.4584e-05
392	0.98537	0.005623	0.0089569	5.4372e-05
393	0.98685	0.0040713	0.0090339	4.0627e-05
394	0.98705	0.0038067	0.0091078	3.8501e-05
395	0.98182	0.0089838	0.0091065	9.3191e-05
396	0.96982	0.020918	0.0090447	0.00021628
397	0.96288	0.027804	0.0090262	0.0002915
398	0.95902	0.031602	0.0090489	0.00033387
399	0.95763	0.032917	0.0091057	0.00035028
400	0.9586	0.031857	0.0091966	0.00034159
401	0.9621	0.028275	0.0093247	0.00030525
402	0.9693	0.02098	0.0094852	0.00023128
403	0.97208	0.018126	0.0095937	0.00020429
404	0.97729	0.012822	0.0097392	0.00014952
405	0.97934	0.010689	0.0098451	0.00012924
406	0.97943	0.010515	0.0099237	0.00013117
407	0.98112	0.0087358	0.01003	0.00011465
408	0.9846	0.0051543	0.010168	7.6833e-05
409	0.98347	0.0061888	0.010244	9.5469e-05
410	0.98361	0.0059475	0.010346	9.785e-05
411	0.97726	0.012178	0.010363	0.00019612
412	0.93278	0.056554	0.0097578	0.00091089
413	0.90509	0.084137	0.00939	0.0013828
414	0.88835	0.10077	0.0091799	0.0016919
415	0.84916	0.14001	0.008729	0.0021013
416	0.82258	0.16663	0.0084316	0.0023644
417	0.80701	0.18223	0.0082432	0.0025146
418	0.79915	0.19014	0.0081324	0.0025834
419	0.7973	0.19204	0.0080831	0.0025867
420	0.80004	0.18932	0.0080977	0.0025336
421	0.69464	0.29476	0.0069804	0.0036196
422	0.6216	0.36782	0.0062318	0.0043433
423	0.57126	0.41818	0.0057343	0.0048219
424	0.46492	0.52454	0.0046648	0.0058696
425	0.39801	0.59148	0.0039737	0.006536
426	0.35621	0.63331	0.0035283	0.0069539
427	0.26079	0.72875	0.0025611	0.0078991
428	0.20058	0.78898	0.0019356	0.0085003
429	0.15933	0.83025	0.0015218	0.0088947
430	0.13357	0.85604	0.0012559	0.0091391
431	0.11602	0.8736	0.001081	0.009297
432	0.10455	0.88509	0.00097142	0.0093942
433	0.075041	0.9146	0.00069763	0.0096599
434	0.05652	0.93313	0.00052132	0.0098263
435	0.045039	0.94462	0.00040887	0.009927
436	0.038154	0.95152	0.00033883	0.0099835
437	0.034396	0.9553	0.00029785	0.010009
438	0.032957	0.95675	0.00027805	0.010012
439	0.033098	0.95662	0.00027473	0.010003
440	0.035316	0.95442	0.00028848	0.0099743
441	0.040084	0.94967	0.00032193	0.0099246
442	0.039828	0.94994	0.00030889	0.0099196
443	0.041343	0.94844	0.00031294	0.0099018
444	0.044759	0.94504	0.00033401	0.0098711
445	0.051361	0.93845	0.0003778	0.0098159
446	0.061506	0.92831	0.00045052	0.0097361
447	0.078069	0.91175	0.00056724	0.0096105
448	0.073727	0.9161	0.00051488	0.0096581
449	0.072754	0.91708	0.00049094	0.0096755
450	0.074181	0.91566	0.00048899	0.009675
451	0.068633	0.9212	0.00042696	0.0097388
452	0.065794	0.92403	0.00039118	0.0097804
453	0.06538	0.92444	0.00037693	0.0098048
454	0.057722	0.93232	0.00033017	0.0096313
455	0.053006	0.93724	0.00030466	0.0094464
456	0.051268	0.93919	0.0002975	0.00924
457	0.043309	0.94737	0.00024639	0.0090741
458	0.038147	0.95274	0.00021545	0.0088979
459	0.035177	0.95591	0.00020006	0.0087157
460	0.034437	0.95685	0.00019804	0.0085172
461	0.035771	0.95572	0.00020889	0.0083027
462	0.039452	0.95224	0.0002344	0.0080704
463	0.037732	0.95416	0.00022138	0.0078862
464	0.038211	0.95388	0.00022176	0.0076856
465	0.040466	0.95182	0.00023512	0.0074813
466	0.038036	0.95444	0.00021483	0.0073076
467	0.037393	0.95527	0.0002076	0.0071299
468	0.038921	0.95393	0.00021252	0.0069371
469	0.042944	0.9501	0.00023042	0.0067283
470	0.049435	0.94379	0.00026313	0.0065132
471	0.060442	0.93297	0.00031735	0.0062737
472	0.078311	0.91529	0.00040198	0.0060008
473	0.10412	0.88966	0.00052636	0.0056967
474	0.14176	0.85219	0.00071035	0.0053417
475	0.15714	0.83697	0.00077031	0.0051188
476	0.14719	0.84708	0.00069495	0.0050395
477	0.14176	0.85265	0.00064898	0.0049385
478	0.14096	0.8536	0.00062506	0.0048126
479	0.14358	0.85112	0.00062056	0.0046745
480	0.11513	0.87971	0.00047411	0.0046852
481	0.095834	0.89914	0.00037866	0.0046516
482	0.082948	0.91214	0.00031701	0.0045905
483	0.074654	0.92056	0.00027829	0.0045125
484	0.069665	0.92566	0.00025535	0.0044242
485	0.068052	0.92738	0.00024507	0.0043211
486	0.068761	0.92678	0.0002454	0.0042127
487	0.072687	0.92296	0.00025718	0.0040907
488	0.080649	0.91512	0.00028265	0.0039529
489	0.093059	0.90281	0.00032596	0.0038027
490	0.11344	0.88254	0.00039497	0.0036246
491	0.14301	0.85307	0.00049812	0.0034177
492	0.18625	0.80993	0.00065253	0.0031647
493	0.20566	0.79063	0.00070603	0.0030104
494	0.23751	0.75888	0.00079575	0.0028175
495	0.28854	0.70795	0.00093778	0.0025697
496	0.28905	0.70754	0.00091033	0.002497
497	0.29571	0.70098	0.00089997	0.0024046
498	0.29083	0.70596	0.00085573	0.0023516
499	0.292	0.70489	0.00082845	0.002279
500	0.29946	0.69753	0.0008166	0.0021885
501	0.31313	0.68396	0.00082402	0.0020843
502	0.33719	0.66	0.00085274	0.0019562
503	0.3729	0.62438	0.00091074	0.0018042
504	0.43043	0.56696	0.0010095	0.0016088
505	0.51457	0.48291	0.001167	0.0013603
506	0.63723	0.36033	0.0014085	0.0010335
507	0.81359	0.18404	0.0017651	0.00059696
508	0.83682	0.16089	0.0017579	0.00053018
509	0.84645	0.15134	0.0017118	0.00049893
510	0.84638	0.15148	0.0016468	0.00049218
511	0.8093	0.18883	0.0013846	0.00048644
512	0.7847	0.21368	0.0011725	0.00044777
513	0.77068	0.22796	0.00097631	0.00038554
514	0.73478	0.2641	0.00077879	0.00034024
515	0.71079	0.28832	0.0006162	0.00027437
516	0.6974	0.30194	0.00046263	0.00019289
517	0.58773	0.41164	0.00037399	0.00025455
518	0.51879	0.48061	0.00031403	0.00028604
519	0.47579	0.52364	0.00027182	0.00029833
520	0.44671	0.55275	0.00024183	0.00030006
521	0.4299	0.56958	0.00021889	0.00029339
522	0.42015	0.57937	0.00020172	0.00028249
523	0.3901	0.60944	0.00017696	0.00028062
524	0.37027	0.6293	0.00015922	0.00027306
525	0.35827	0.64132	0.00014646	0.00026181
526	0.32793	0.67169	0.00012673	0.00025636
527	0.30997	0.68967	0.00011202	0.00024473
528	0.29922	0.70045	0.00010134	0.00023029
529	0.29397	0.70572	9.3446e-05	0.00021413
530	0.29353	0.70618	8.7711e-05	0.00019679
531	0.29922	0.70052	8.3117e-05	0.00017726
532	0.2682	0.73156	7.0566e-05	0.0001667
533	0.24964	0.75015	6.1227e-05	0.0001519
534	0.23797	0.76184	5.4384e-05	0.00013547
535	0.20936	0.79044	5.0327e-05	0.00015351
536	0.19008	0.8097	4.8285e-05	0.00017
537	0.17759	0.82218	4.7831e-05	0.00018541
538	0.17023	0.82952	4.8723e-05	0.00019999
539	0.16703	0.8327	5.0882e-05	0.00021386
540	0.1677	0.83202	5.4454e-05	0.00022697
541	0.15835	0.84135	5.5376e-05	0.0002434
542	0.15447	0.84521	5.7453e-05	0.00025777
543	0.15526	0.8444	6.0774e-05	0.00026999
544	0.12173	0.87776	6.1061e-05	0.00044455
545	0.098878	0.90043	5.9727e-05	0.00062877
546	0.083466	0.91565	5.853e-05	0.00082116
547	0.073312	0.92561	5.8454e-05	0.0010211
548	0.067769	0.93096	5.9429e-05	0.001217
549	0.065662	0.93287	6.2173e-05	0.0014082
550	0.065942	0.93239	6.7866e-05	0.0016052
551	0.068648	0.92947	7.7313e-05	0.0018075
552	0.074955	0.92295	9.133e-05	0.0020023
553	0.074087	0.9236	9.5081e-05	0.0022163
554	0.075753	0.92171	0.0001036	0.0024356
555	0.080188	0.91703	0.00011811	0.0026593
556	0.08802	0.90895	0.00014091	0.0028856
557	0.088043	0.90889	0.00014777	0.0029149
558	0.090888	0.90601	0.00016216	0.0029393
559	0.086214	0.91064	0.00015893	0.002984
560	0.085189	0.91163	0.00016286	0.0030202
561	0.087613	0.90917	0.00017453	0.0030471
562	0.083235	0.91351	0.00016743	0.0030914
563	0.081636	0.91507	0.00016772	0.003131
564	0.083383	0.91328	0.00017573	0.0031614
565	0.078081	0.91854	0.00016529	0.003213
566	0.076383	0.9202	0.00016307	0.0032551
567	0.07726	0.91928	0.00016842	0.0032924
568	0.081583	0.91492	0.00018232	0.0033197
569	0.090252	0.90621	0.00020724	0.0033346
570	0.1051	0.89132	0.0002478	0.0033323
571	0.12927	0.86711	0.00031168	0.0033053
572	0.16427	0.83207	0.0004079	0.0032487
573	0.21993	0.77637	0.00055726	0.0031375
574	0.24374	0.75252	0.00062631	0.0031097
575	0.28255	0.71367	0.00073464	0.003041
576	0.33879	0.65739	0.00089778	0.0029207
577	0.36465	0.63149	0.00097371	0.0028858
578	0.40344	0.59266	0.0010921	0.0028119
579	0.41839	0.57766	0.0011446	0.0028078
580	0.44465	0.55135	0.0012294	0.0027693
581	0.48417	0.51178	0.001361	0.0026881
582	0.54182	0.45408	0.0015581	0.0025453
583	0.54368	0.45226	0.0015647	0.0025029
584	0.55274	0.44323	0.0015978	0.002432
585	0.56878	0.42722	0.0016649	0.0023307
586	0.59394	0.4021	0.0017775	0.0021875
587	0.63153	0.36453	0.0019539	0.0019842
588	0.69215	0.30394	0.0022289	0.00168
589	0.6773	0.31881	0.0021646	0.001719
590	0.66907	0.32707	0.00213	0.001732
591	0.66637	0.32978	0.002121	0.001723
592	0.66884	0.32733	0.002137	0.0016925
593	0.67838	0.31781	0.00218	0.0016329
594	0.69698	0.29922	0.0022587	0.0015352
595	0.68354	0.31268	0.0022076	0.001571
596	0.67642	0.31982	0.0021842	0.0015825
597	0.67485	0.32139	0.0021861	0.0015723
598	0.67983	0.31642	0.0022114	0.0015367
599	0.69242	0.30384	0.0022651	0.0014703
600	0.6288	0.36748	0.002029	0.0016916
601	0.58926	0.40703	0.0018751	0.0018284
602	0.56546	0.43085	0.0017755	0.0019089
603	0.55044	0.4459	0.0017135	0.0019551
604	0.54375	0.4526	0.001679	0.0019717
605	0.54399	0.45237	0.0016669	0.0019639
606	0.54989	0.44649	0.0016788	0.0019355
607	0.56393	0.43247	0.001716	0.0018798
608	0.58642	0.41	0.0017866	0.0017939
609	0.62078	0.37565	0.0019043	0.0016643
610	0.6152	0.38124	0.0018795	0.0016806
611	0.61637	0.38008	0.0018762	0.0016733
612	0.60467	0.39179	0.0018293	0.0017128
613	0.60058	0.39589	0.001807	0.0017257
614	0.60183	0.39464	0.0018075	0.001719
615	0.60858	0.38789	0.0018312	0.0016922
616	0.60343	0.39305	0.0018152	0.0017083
617	0.60383	0.39264	0.0018226	0.0017042
618	0.61116	0.38531	0.0018521	0.001676
619	0.58124	0.41523	0.0017532	0.0017796
620	0.56392	0.43255	0.001694	0.0018414
621	0.55552	0.44094	0.0016631	0.001873
622	0.46264	0.53382	0.0013361	0.0022038
623	0.39908	0.59737	0.0011198	0.0024268
624	0.35951	0.63694	0.00098035	0.0025713
625	0.33551	0.66093	0.00089163	0.0026634
626	0.32003	0.67641	0.00083601	0.0027251
627	0.31102	0.68541	0.00080479	0.002765
628	0.30862	0.68781	0.00079313	0.0027837
629	0.31115	0.68526	0.00079942	0.0027873
630	0.32035	0.67606	0.00082418	0.0027707
631	0.33816	0.65824	0.00087201	0.0027295
632	0.34177	0.65462	0.00087896	0.0027319
633	0.351	0.64538	0.00090578	0.0027172
634	0.325	0.67136	0.00081464	0.0028234
635	0.31004	0.68631	0.0007588	0.0028927
636	0.30291	0.69342	0.0007278	0.0029355
637	0.30208	0.69424	0.00071577	0.0029577
638	0.30603	0.69029	0.00072049	0.0029659
639	0.31546	0.68084	0.00074336	0.0029587
640	0.33354	0.66275	0.00078795	0.0029282
641	0.36103	0.63524	0.00086096	0.002872
642	0.40211	0.59414	0.00097547	0.0027773
643	0.39865	0.59769	0.00095343	0.0027092
644	0.38049	0.61593	0.00089267	0.0026848
645	0.37122	0.62529	0.00085432	0.0026356
646	0.36888	0.62772	0.00083373	0.0025663
647	0.37158	0.6251	0.00083103	0.0024839
648	0.38128	0.6155	0.00084688	0.0023807
649	0.39786	0.59899	0.00088674	0.0022582
650	0.42648	0.57046	0.00095906	0.0021009
651	0.46874	0.52828	0.0010759	0.0019039
652	0.46583	0.53127	0.0010478	0.0018566
653	0.46967	0.52751	0.0010357	0.0017911
654	0.47933	0.51792	0.0010429	0.0017108
655	0.49637	0.50095	0.001074	0.001611
656	0.52585	0.47153	0.0011354	0.0014787
657	0.56944	0.42801	0.001239	0.0013085
658	0.63933	0.35819	0.001405	0.0010735
659	0.7415	0.25609	0.0016614	0.00075271
660	0.88857	0.10908	0.0020436	0.00031078
661	0.90706	0.090645	0.0020507	0.00024894
662	0.93755	0.060203	0.0020835	0.00015842
663	0.98655	0.011265	0.0021548	2.6323e-05
664	0.99295	0.0049284	0.0021166	8.7656e-06
665	0.99602	0.0018103	0.0021694	3.2984e-06
666	0.99763	0.00015109	0.0022168	2.9429e-07
667	0.99747	0.00026462	0.0022654	5.7197e-07
668	0.99738	0.00030409	0.0023113	6.9764e-07
669	0.99622	0.0014217	0.0023594	3.2913e-06
670	0.9941	0.0034915	0.002402	8.3606e-06
671	0.99342	0.0041225	0.002445	1.0194e-05
672	0.99405	0.0034526	0.0024883	8.9304e-06
673	0.99059	0.0068629	0.0025257	1.8188e-05
674	0.98913	0.008287	0.0025649	2.2654e-05
675	0.98912	0.0082461	0.0026129	2.3089e-05
676	0.99083	0.0064865	0.0026625	1.9012e-05
677	0.99084	0.006426	0.0027123	1.9397e-05
678	0.98923	0.0079913	0.0027491	2.5076e-05
679	0.98931	0.0078779	0.0027877	2.6046e-05
680	0.9908	0.0063446	0.0028352	2.2586e-05
681	0.99428	0.0028202	0.0028856	1.3374e-05
682	0.9939	0.003227	0.0028586	1.3697e-05
683	0.99458	0.0025709	0.0028394	1.0381e-05
684	0.99641	0.00075898	0.0028282	2.9841e-06
685	0.99635	0.00083292	0.0028136	2.821e-06
686	0.99715	4.8076e-05	0.002799	1.5374e-07
687	0.99721	1.4624e-05	0.0027793	4.9845e-08
688	0.99717	7.0975e-05	0.0027628	3.3334e-07
689	0.99594	0.0014052	0.0026527	4.0407e-06
690	0.99566	0.0017835	0.0025538	4.8595e-06
691	0.99464	0.0028886	0.0024607	7.3524e-06
692	0.99483	0.0027982	0.0023665	6.8727e-06
693	0.99605	0.001668	0.0022818	3.8932e-06
694	0.99665	0.0011575	0.0021914	2.6062e-06
695	0.99681	0.0010797	0.0021069	2.2845e-06
696	0.99792	5.7845e-05	0.0020202	1.1466e-07
697	0.99807	2.5591e-06	0.0019272	6.0675e-09
698	0.99808	4.9591e-05	0.0018687	1.0392e-07
699	0.99803	0.00015307	0.001815	3.4219e-07
700	0.99744	0.00080199	0.0017571	1.8968e-06
701	0.99643	0.0018697	0.0016949	4.618e-06
702	0.99649	0.00187	0.0016318	5.1873e-06
703	0.99311	0.0054628	0.0014141	1.0077e-05
704	0.99141	0.0073664	0.0012149	1.1182e-05
705	0.99113	0.0078316	0.0010317	9.9569e-06
706	0.99224	0.0068856	0.00086298	7.2876e-06
707	0.99486	0.0044343	0.00070677	3.8341e-06
708	0.99929	0.00015269	0.00056173	8.6933e-08
709	0.98114	0.018371	0.00047765	7.4871e-06
710	0.97023	0.029365	0.00039546	9.7056e-06
711	0.9635	0.036173	0.00032156	9.0802e-06
712	0.9484	0.051278	0.00031205	1.4501e-05
713	0.93885	0.060831	0.00030556	1.7787e-05
714	0.93423	0.065449	0.00029957	1.9407e-05
715	0.9215	0.078186	0.00028966	2.3757e-05
716	0.89134	0.10835	0.000275	3.3674e-05
717	0.87138	0.12831	0.00026496	3.9793e-05
718	0.82431	0.17539	0.00024759	5.3984e-05
719	0.79535	0.20435	0.00023487	6.2418e-05
720	0.77831	0.2214	0.00022497	6.695e-05
721	0.76957	0.23014	0.00021673	6.872e-05
722	0.76624	0.23348	0.00021097	6.8738e-05
723	0.76785	0.23188	0.00020739	6.7297e-05
724	0.7758	0.22393	0.0002045	6.4084e-05
725	0.77333	0.2264	0.00019944	6.3697e-05
726	0.77559	0.22415	0.00019632	6.1999e-05
727	0.78288	0.21687	0.00019512	5.8971e-05
728	0.79793	0.20182	0.00019485	5.3981e-05
729	0.82135	0.17841	0.00019724	4.6925e-05
730	0.85621	0.14355	0.00020311	3.6994e-05
731	0.91237	0.087397	0.00021268	2.2292e-05
732	0.99458	0.0051939	0.00022923	1.2898e-06
733	0.99479	0.0049843	0.00022565	1.1776e-06
734	0.9938	0.0059746	0.00022069	1.3478e-06
735	0.99411	0.0056693	0.00021671	1.2121e-06
736	0.99314	0.006648	0.00021174	1.3465e-06
737	0.9937	0.0060888	0.000206	1.1651e-06
738	0.99593	0.0038734	0.00019946	6.7157e-07
739	0.99423	0.005574	0.00019285	8.9763e-07
740	0.99407	0.005745	0.00018542	8.4307e-07
741	0.99254	0.0072822	0.00017669	9.8474e-07
742	0.98878	0.011022	0.00019813	2.0555e-06
743	0.98698	0.012794	0.00022139	2.8387e-06
744	0.9869	0.012849	0.00024667	3.2705e-06
745	0.98883	0.010892	0.00027091	3.1729e-06
746	0.98879	0.010912	0.0002931	3.5947e-06
747	0.99036	0.0093156	0.00031751	3.4791e-06
748	0.99021	0.0094477	0.00033976	3.951e-06
749	0.99158	0.0080535	0.00036436	3.8292e-06
750	0.99501	0.0046034	0.00038821	2.854e-06
751	0.99378	0.0058316	0.00038377	3.1847e-06
752	0.99405	0.0055686	0.00037869	2.8977e-06
753	0.99561	0.0040125	0.00037517	2.0353e-06
754	0.99871	0.00091522	0.00037336	4.7102e-07
755	0.99769	0.0019364	0.00037057	8.4132e-07
756	0.99762	0.0020122	0.00036909	8.3254e-07
757	0.99187	0.0077603	0.00036331	3.0086e-06
758	0.98845	0.01119	0.00035941	4.235e-06
759	0.98721	0.012425	0.00035508	4.6636e-06
760	0.98792	0.011726	0.0003502	4.4031e-06
761	0.99033	0.0093208	0.00034687	3.5101e-06
762	0.99483	0.0048274	0.00034527	1.8484e-06
763	0.9942	0.0054558	0.00034275	2.0472e-06
764	0.99501	0.0046481	0.00033951	1.7538e-06
765	0.99715	0.0025087	0.00033764	9.7744e-07
766	0.99802	0.0016465	0.00033617	6.6093e-07
767	0.99208	0.00758	0.00033307	2.8267e-06
768	0.8449	0.15476	0.00028085	5.5024e-05
769	0.75195	0.24771	0.00024601	8.8706e-05
770	0.68765	0.31202	0.00022291	0.00011135
771	0.64773	0.35194	0.00020724	0.00012551
772	0.6237	0.37597	0.00019631	0.0001339
773	0.60849	0.39118	0.00018935	0.00013894
774	0.6003	0.39937	0.00018553	0.0001415
775	0.59916	0.40052	0.00018323	0.00014153
776	0.60338	0.39629	0.00018328	0.00013981
777	0.61354	0.38614	0.00018583	0.00013618
778	0.52459	0.47508	0.00015701	0.00016456
779	0.46875	0.53093	0.00013779	0.00018237
780	0.4305	0.56918	0.00012514	0.00019412
781	0.4075	0.59218	0.00011668	0.00020077
782	0.39294	0.60675	0.00011145	0.00020464
783	0.38641	0.61327	0.00010817	0.00020567
784	0.38519	0.6145	0.00010694	0.0002051
785	0.39053	0.60916	0.00010709	0.00020224
786	0.40202	0.59768	0.00010945	0.00019767
787	0.40108	0.59861	0.0001085	0.00019691
788	0.40683	0.59287	0.00010892	0.00019387
789	0.41861	0.58109	0.00011146	0.00018915
790	0.44042	0.55929	0.00011614	0.0001814
791	0.47328	0.52642	0.00012432	0.00017061
792	0.48496	0.51475	0.00012677	0.00016602
793	0.50433	0.49537	0.00013189	0.00015924
794	0.53396	0.46575	0.00014055	0.0001494
795	0.57833	0.42138	0.00015434	0.00013495
796	0.64946	0.35025	0.00017498	0.00011269
797	0.67989	0.31983	0.0001839	0.00010269
798	0.69052	0.3092	0.00018737	9.8755e-05
799	0.70842	0.2913	0.00019374	9.2492e-05
800	0.73902	0.2607	0.00020303	8.2291e-05
801	0.78876	0.21096	0.00021688	6.6494e-05
802	0.80973	0.18999	0.0002226	5.9452e-05
803	0.84459	0.15513	0.00023125	4.8416e-05
804	0.89554	0.10418	0.00024554	3.2388e-05
805	0.96932	0.030398	0.00026784	9.0292e-06
806	0.98007	0.019656	0.00026902	5.6594e-06
807	0.98498	0.014752	0.00026722	4.1328e-06
808	0.98677	0.012967	0.00026333	3.5465e-06
809	0.99103	0.0087104	0.00025892	2.3422e-06
810	0.99253	0.0072096	0.0002545	1.8811e-06
811	0.94415	0.055571	0.00025832	1.781e-05
812	0.91404	0.085661	0.00026465	2.985e-05
813	0.89404	0.10565	0.00027489	3.9336e-05
814	0.84816	0.1515	0.00027582	5.9567e-05
815	0.81687	0.18277	0.00028204	7.5941e-05
816	0.79603	0.20358	0.00029263	8.9446e-05
817	0.78311	0.21649	0.00030722	0.00010062
818	0.77742	0.22215	0.00032294	0.00010919
819	0.77672	0.22282	0.00034238	0.00011575
820	0.78201	0.2175	0.00036329	0.00011935
821	0.79282	0.20667	0.00038901	0.00011983
822	0.81085	0.18861	0.00042132	0.00011565
823	0.81618	0.18326	0.00044913	0.00011807
824	0.82836	0.17105	0.00047982	0.00011592
825	0.84803	0.15134	0.00051854	0.00010794
826	0.85565	0.14369	0.00054812	0.00010736
827	0.87054	0.12878	0.00058141	0.00010134
828	0.89369	0.10559	0.00062418	8.8094e-05
829	0.89079	0.10847	0.00065022	9.3928e-05
830	0.89169	0.10753	0.00068183	9.6792e-05
831	0.89653	0.10266	0.0007198	9.6095e-05
832	0.90599	0.093154	0.00076563	9.0538e-05
833	0.92292	0.076185	0.00081718	7.7112e-05
834	0.94862	0.050445	0.00088294	5.2642e-05
835	0.99009	0.0089327	0.00096486	9.7716e-06
836	0.99093	0.0080555	0.001008	8.9856e-06
837	0.99366	0.0052818	0.0010508	6.079e-06
838	0.99475	0.0041603	0.0010896	4.9779e-06
839	0.99474	0.0041287	0.0011248	5.1562e-06
840	0.99589	0.0029436	0.0011647	3.8864e-06
841	0.99366	0.0051299	0.0012037	6.8085e-06
842	0.98863	0.010116	0.0012427	1.346e-05
843	0.98583	0.012867	0.0012884	1.747e-05
844	0.98516	0.013488	0.001334	1.8939e-05
845	0.98649	0.012111	0.0013797	1.7736e-05
846	0.98968	0.0088764	0.0014323	1.3546e-05
847	0.99053	0.0079743	0.001486	1.2514e-05
848	0.99328	0.0051748	0.0015399	8.4936e-06
849	0.99807	0.0003252	0.0016021	5.9553e-07
850	0.99812	0.00022003	0.0016615	4.4233e-07
851	0.99751	0.00076141	0.0017246	1.5671e-06
852	0.99765	0.00055519	0.0017947	1.3271e-06
853	0.99769	0.00044331	0.001861	1.4102e-06
854	0.99662	0.0015147	0.0018609	3.4683e-06
855	0.98734	0.010802	0.001839	2.278e-05
856	0.96653	0.031609	0.0017972	6.4816e-05
857	0.95396	0.044175	0.0017692	9.0987e-05
858	0.94618	0.051957	0.0017544	0.00010688
859	0.94271	0.055425	0.0017456	0.00011456
860	0.94227	0.055869	0.001746	0.00011598
861	0.94478	0.053353	0.0017551	0.00011132
862	0.93053	0.067601	0.0017284	0.00014053
863	0.92159	0.076539	0.0017155	0.00015861
864	0.91764	0.080478	0.00171	0.0001673
865	0.90474	0.093376	0.0016898	0.00019341
866	0.89701	0.1011	0.0016828	0.00020895
867	0.89343	0.10467	0.0016869	0.00021613
868	0.89352	0.10456	0.0017013	0.00021581
869	0.89827	0.099799	0.0017227	0.00020646
870	0.90866	0.089399	0.0017531	0.00018599
871	0.92689	0.071158	0.0017967	0.00015022
872	0.95405	0.043991	0.001863	9.4591e-05
873	0.99422	0.0038068	0.0019626	8.7051e-06
874	0.99551	0.002504	0.0019823	5.8157e-06
875	0.99395	0.0040436	0.0019935	9.2223e-06
876	0.99359	0.0043919	0.0020104	1.0042e-05
877	0.99185	0.0061038	0.0020275	1.374e-05
878	0.99146	0.006472	0.0020508	1.4514e-05
879	0.99261	0.0053038	0.0020749	1.2114e-05
880	0.99256	0.0053311	0.002094	1.2449e-05
881	0.99375	0.004119	0.0021192	9.93e-06
882	0.99634	0.0015071	0.0021512	4.0433e-06
883	0.9976	0.00021911	0.0021839	1.074e-06
884	0.98968	0.0081599	0.0021388	2.3038e-05
885	0.98476	0.013098	0.0021058	3.6309e-05
886	0.97331	0.024562	0.0020595	6.606e-05
887	0.96601	0.031876	0.0020277	8.4448e-05
888	0.96189	0.036005	0.0020072	9.4558e-05
889	0.92376	0.074145	0.0019092	0.00018519
890	0.89777	0.10014	0.0018449	0.00024502
891	0.88049	0.11742	0.0018045	0.00028367
892	0.84352	0.1544	0.0017159	0.00036848
893	0.76695	0.23097	0.0015306	0.00054815
894	0.7148	0.28313	0.0014088	0.00066687
895	0.68265	0.31528	0.0013291	0.00074171
896	0.66172	0.33622	0.0012791	0.00078943
897	0.65057	0.34736	0.0012484	0.000816
898	0.64685	0.35109	0.001232	0.0008266
899	0.64838	0.34956	0.0012294	0.00082573
900	0.65556	0.34239	0.0012412	0.00081294
901	0.66939	0.32855	0.0012697	0.00078603
902	0.69414	0.3038	0.0013176	0.00073782
903	0.73501	0.26294	0.0013941	0.00065929
904	0.7516	0.24634	0.001426	0.00062796
905	0.77725	0.22069	0.00148	0.00057706
906	0.81937	0.17857	0.0015642	0.00049409
907	0.83722	0.16072	0.0016027	0.00045957
908	0.8672	0.13074	0.0016631	0.00040109
909	0.91118	0.086754	0.0017572	0.00031164
910	0.91486	0.083134	0.001722	0.00028825
911	0.92246	0.075583	0.0017017	0.0002544
912	0.935	0.063098	0.0016993	0.000207
913	0.93	0.068135	0.0016524	0.00020827
914	0.92843	0.069747	0.0016171	0.00020194
915	0.93071	0.067514	0.0015875	0.00018746
916	0.93731	0.06096	0.0015645	0.00016377
917	0.9485	0.049816	0.0015562	0.00012948
918	0.96742	0.030943	0.0015613	7.9123e-05
919	0.96022	0.038177	0.0015112	8.7828e-05
920	0.95629	0.042144	0.0014707	9.0414e-05
921	0.95568	0.042798	0.0014334	8.7468e-05
922	0.94976	0.048759	0.0013912	9.2884e-05
923	0.94767	0.05088	0.0013525	9.2334e-05
924	0.94897	0.049623	0.0013166	8.6666e-05
925	0.9456	0.053036	0.0012708	8.8431e-05
926	0.94512	0.053559	0.001233	8.5698e-05
927	0.93948	0.059244	0.0011855	9.0261e-05
928	0.93783	0.060944	0.001141	8.9328e-05
929	0.93912	0.059696	0.0011041	8.4383e-05
930	0.94352	0.055334	0.0010743	7.5517e-05
931	0.95264	0.046248	0.0010475	6.1483e-05
932	0.96689	0.032039	0.0010295	4.1731e-05
933	0.98841	0.010557	0.0010229	1.3825e-05
934	0.9871	0.011893	0.00099066	1.4603e-05
935	0.98266	0.016365	0.00095808	1.843e-05
936	0.97304	0.026016	0.00091852	2.7183e-05
937	0.96781	0.03128	0.00088148	3.1354e-05
938	0.96531	0.033809	0.00085006	3.256e-05
939	0.95775	0.041398	0.00081215	3.8243e-05
940	0.95427	0.044916	0.00077605	4.0059e-05
941	0.95353	0.045689	0.00074517	3.9292e-05
942	0.9555	0.04374	0.00071914	3.626e-05
943	0.95295	0.046325	0.00069204	3.6725e-05
944	0.95367	0.045632	0.00066552	3.4757e-05
945	0.95782	0.041512	0.00063936	3.0536e-05
946	0.96546	0.033898	0.00061781	2.4119e-05
947	0.97751	0.021872	0.00060106	1.5074e-05
948	0.99556	0.0038429	0.00058985	2.5246e-06
949	0.99805	0.0013833	0.00056987	7.9095e-07
950	0.99791	0.0015037	0.00058575	9.2191e-07
951	0.99865	0.0007429	0.00060393	5.009e-07
952	0.99903	0.00034366	0.00062378	2.7488e-07
953	0.99857	0.00077985	0.00064489	6.6998e-07
954	0.99885	0.00047971	0.00066851	5.4837e-07
955	0.99804	0.0012976	0.00065809	1.0593e-06
956	0.99808	0.0012691	0.0006498	9.6123e-07
957	0.98896	0.010398	0.00063387	7.0048e-06
958	0.98377	0.0156	0.00061908	1.0397e-05
959	0.98095	0.018425	0.00060752	1.2061e-05
960	0.98019	0.019199	0.00059889	1.2322e-05
961	0.97601	0.023388	0.00058975	1.4571e-05
