#coord	neutral	conserved	gBGC.neutral	gBGC.conserved
1	0.81291	0.18593	0.00094711	0.00021727
2	0.82149	0.17734	0.00095556	0.00020685
3	0.83642	0.16242	0.00097151	0.00018898
4	0.86203	0.13681	0.00099975	0.0001588
5	0.90378	0.095062	0.0010465	0.00011012
6	0.97046	0.028386	0.0011216	3.3037e-05
7	0.97876	0.020086	0.0011293	2.3385e-05
8	0.99169	0.0071571	0.0011424	8.3475e-06
9	0.99759	0.0012648	0.0011474	1.4778e-06
10	0.9983	0.00054968	0.0011464	6.3933e-07
11	0.99784	0.001019	0.0011441	1.1787e-06
12	0.99816	0.00069781	0.0011427	8.046e-07
13	0.99832	0.00053922	0.001141	6.2356e-07
14	0.99834	0.00051948	0.0011393	6.0135e-07
15	0.99824	0.0006221	0.0011374	7.1936e-07
16	0.99796	0.00090763	0.0011354	1.0461e-06
17	0.99738	0.0014854	0.0011331	1.7151e-06
18	0.99607	0.0028001	0.0011299	3.2251e-06
19	0.99297	0.0058968	0.0011247	6.7606e-06
20	0.98653	0.012339	0.0011157	1.4137e-05
21	0.98276	0.01611	0.0011098	1.8417e-05
22	0.98147	0.017403	0.0011067	1.9889e-05
23	0.98201	0.016866	0.0011058	1.9265e-05
24	0.9845	0.014375	0.0011071	1.6413e-05
25	0.9893	0.0095772	0.0011111	1.093e-05
26	0.99699	0.0018923	0.0011184	2.1496e-06
27	0.99804	0.00083844	0.0011182	9.4954e-07
28	0.99757	0.0013083	0.0011161	1.4763e-06
29	0.99794	0.0009415	0.0011151	1.0593e-06
30	0.99806	0.00082753	0.0011138	9.3218e-07
31	0.99798	0.00090554	0.0011122	1.0263e-06
32	0.99759	0.0012996	0.0011102	1.4753e-06
33	0.99663	0.0022605	0.0011077	2.5607e-06
34	0.99442	0.0044745	0.0011039	5.0464e-06
35	0.99375	0.0051407	0.0011017	5.8057e-06
36	0.99431	0.0045818	0.001101	5.1872e-06
37	0.99018	0.0087175	0.001095	9.8658e-06
38	0.98798	0.010918	0.0010911	1.2344e-05
39	0.98746	0.011435	0.0010893	1.2922e-05
40	0.98445	0.014447	0.0010847	1.6272e-05
41	0.98334	0.01556	0.0010822	1.7486e-05
42	0.98403	0.014876	0.0010819	1.6687e-05
43	0.9866	0.012298	0.0010837	1.3768e-05
44	0.98699	0.011911	0.001083	1.331e-05
45	0.98512	0.013784	0.0010798	1.5335e-05
46	0.98502	0.013889	0.0010787	1.5395e-05
47	0.98698	0.011923	0.0010798	1.3189e-05
48	0.99143	0.0074756	0.0010836	8.2727e-06
49	0.99316	0.005747	0.0010845	6.3461e-06
50	0.98989	0.0090166	0.0010799	9.8815e-06
51	0.98868	0.01023	0.0010776	1.1185e-05
52	0.98474	0.01417	0.0010723	1.5428e-05
53	0.97534	0.023573	0.0010612	2.5518e-05
54	0.9702	0.028712	0.0010547	3.1023e-05
55	0.96824	0.030673	0.0010516	3.3106e-05
56	0.96905	0.029871	0.0010515	3.2215e-05
57	0.97222	0.026701	0.001054	2.8738e-05
58	0.97213	0.02679	0.0010529	2.8804e-05
59	0.97471	0.024205	0.0010546	2.6007e-05
60	0.98052	0.0184	0.0010598	1.9778e-05
61	0.98225	0.016673	0.0010606	1.7907e-05
62	0.98616	0.012764	0.0010639	1.3668e-05
63	0.99343	0.0054927	0.0010707	5.8436e-06
64	0.99367	0.0052512	0.0010699	5.5788e-06
65	0.99542	0.0035007	0.0010707	3.7087e-06
66	0.98792	0.011004	0.0010616	1.1742e-05
67	0.98382	0.015112	0.0010561	1.6145e-05
68	0.98183	0.017098	0.0010529	1.8244e-05
69	0.9156	0.083332	0.00098099	8.9111e-05
70	0.87411	0.12482	0.00093545	0.00013354
71	0.84859	0.15034	0.00090699	0.00016087
72	0.83365	0.16529	0.00088985	0.00017685
73	0.79772	0.20122	0.00085037	0.00021522
74	0.7227	0.27623	0.0007688	0.00029566
75	0.67099	0.32795	0.0007127	0.00035066
76	0.6362	0.36274	0.000675	0.00038729
77	0.61558	0.38336	0.00065231	0.0004089
78	0.60295	0.39599	0.00063829	0.00042187
79	0.59811	0.40083	0.00063248	0.00042661
80	0.59884	0.4001	0.00063268	0.00042538
81	0.60524	0.3937	0.00063898	0.00041807
82	0.59984	0.3991	0.00063289	0.0004232
83	0.60126	0.39768	0.00063393	0.00042117
84	0.60841	0.39053	0.00064114	0.00041301
85	0.62404	0.3749	0.00065725	0.00039593
86	0.65148	0.34747	0.00068573	0.00036646
87	0.69648	0.30247	0.00073256	0.00031863
88	0.7148	0.28415	0.00075132	0.00029891
89	0.746	0.25295	0.00078351	0.00026573
90	0.79665	0.2023	0.00083589	0.00021233
91	0.87746	0.12149	0.00091947	0.00012773
92	0.88588	0.11307	0.00092742	0.00011879
93	0.90153	0.097429	0.00094283	0.00010237
94	0.92553	0.073421	0.00096709	7.7127e-05
95	0.93545	0.063503	0.00097667	6.662e-05
96	0.95266	0.046295	0.00099378	4.8552e-05
97	0.97854	0.020414	0.0010201	2.1322e-05
98	0.99116	0.0077962	0.0010324	8.1088e-06
99	0.99731	0.0016485	0.0010378	1.7027e-06
100	0.99658	0.002377	0.0010361	2.4542e-06
101	0.99696	0.0020031	0.0010354	2.0672e-06
102	0.99852	0.00044728	0.001036	4.6444e-07
103	0.99756	0.0014093	0.001034	1.4656e-06
104	0.99758	0.0013855	0.001033	1.4466e-06
105	0.99847	0.00049555	0.001033	5.2509e-07
106	0.99177	0.0071948	0.001025	7.5785e-06
107	0.97679	0.022179	0.0010084	2.3269e-05
108	0.96706	0.031908	0.00099741	3.3388e-05
109	0.89797	0.101	0.00092436	0.00010555
110	0.8503	0.14867	0.00087405	0.00015502
111	0.81816	0.18081	0.00084014	0.00018812
112	0.79896	0.20001	0.00081955	0.00020789
113	0.78703	0.21194	0.00080661	0.00022002
114	0.78097	0.218	0.00079984	0.00022604
115	0.77992	0.21906	0.00079831	0.00022685
116	0.7848	0.21417	0.00080283	0.00022158
117	0.79667	0.20231	0.00081446	0.00020919
118	0.8158	0.18318	0.00083367	0.00018925
119	0.84784	0.15114	0.00086604	0.00015614
120	0.89962	0.099361	0.00091843	0.00010298
121	0.92248	0.076503	0.00094128	7.9395e-05
122	0.93182	0.067163	0.00095029	6.9685e-05
123	0.94681	0.052171	0.00096524	5.4087e-05
124	0.97163	0.027355	0.00099021	2.844e-05
125	0.98223	0.016751	0.0010006	1.7432e-05
126	0.99839	0.00059086	0.0010168	6.1558e-07
127	0.99828	0.00070383	0.0010161	7.2944e-07
128	0.99625	0.0027332	0.0010133	2.8236e-06
129	0.99222	0.0067655	0.0010085	7.0015e-06
130	0.9839	0.015083	0.00099913	1.5648e-05
131	0.97874	0.020242	0.00099314	2.0988e-05
132	0.97612	0.022862	0.00098983	2.3686e-05
133	0.97567	0.023315	0.0009888	2.4141e-05
134	0.97771	0.021274	0.00099027	2.2066e-05
135	0.9821	0.01689	0.0009942	1.758e-05
136	0.98316	0.015826	0.00099477	1.6482e-05
137	0.98194	0.017048	0.00099296	1.7752e-05
138	0.98253	0.016456	0.00099305	1.7149e-05
139	0.98029	0.018703	0.00099028	1.9448e-05
140	0.97998	0.019009	0.00098955	1.9743e-05
141	0.98158	0.017414	0.00099081	1.8079e-05
142	0.98529	0.013706	0.0009943	1.4233e-05
143	0.98605	0.012944	0.00099479	1.3408e-05
144	0.98863	0.01036	0.00099721	1.0701e-05
145	0.98915	0.0098472	0.00099746	1.0142e-05
146	0.99158	0.0074133	0.00099963	7.6384e-06
147	0.99603	0.0029637	0.0010039	3.0578e-06
148	0.99608	0.0029179	0.0010036	3.0062e-06
149	0.99515	0.0038415	0.0010024	3.9375e-06
150	0.99287	0.0061232	0.00099981	6.2605e-06
151	0.99226	0.0067334	0.00099885	6.8967e-06
152	0.99299	0.0060059	0.0009993	6.167e-06
153	0.99541	0.0035843	0.0010014	3.7362e-06
154	0.99631	0.0026901	0.001002	2.8477e-06
155	0.99646	0.0025367	0.0010019	2.7337e-06
156	0.99764	0.0013601	0.0010028	1.5703e-06
157	0.99813	0.00086926	0.001003	1.1299e-06
158	0.99837	0.00062992	0.0010029	1.0119e-06
159	0.98205	0.016956	0.00098158	1.7594e-05
160	0.94374	0.055268	0.00093845	5.6091e-05
161	0.91791	0.081102	0.00090837	8.1609e-05
162	0.85664	0.14238	0.00084365	0.00014182
163	0.81503	0.18398	0.00079909	0.00018193
164	0.7896	0.20943	0.00077055	0.000206
165	0.77494	0.22409	0.00075265	0.0002194
166	0.74091	0.25812	0.00071587	0.00025165
167	0.71824	0.2808	0.00069059	0.00027245
168	0.70574	0.2933	0.00067524	0.0002833
169	0.69936	0.29969	0.00066596	0.00028813
170	0.69951	0.29954	0.00066291	0.00028672
171	0.68876	0.31029	0.00064941	0.00029572
172	0.68386	0.3152	0.00064166	0.00029903
173	0.68547	0.31359	0.00063999	0.00029622
174	0.69392	0.30514	0.00064461	0.00028711
175	0.70903	0.29005	0.00065542	0.00027187
176	0.7355	0.26358	0.00067643	0.00024639
177	0.74476	0.25432	0.0006816	0.00023681
178	0.74336	0.25572	0.00067701	0.00023705
179	0.74687	0.25222	0.00067701	0.00023274
180	0.75593	0.24317	0.00068215	0.00022336
181	0.77355	0.22555	0.00069489	0.00020635
182	0.80345	0.19565	0.00071841	0.00017852
183	0.81513	0.18398	0.00072548	0.0001672
184	0.83611	0.16301	0.00074067	0.00014775
185	0.86753	0.13159	0.00076511	0.00011909
186	0.88026	0.11886	0.00077283	0.0001072
187	0.84573	0.15339	0.00073877	0.00013714
188	0.82282	0.17631	0.00071535	0.00015651
189	0.80979	0.18935	0.00070063	0.00016716
190	0.80273	0.1964	0.0006913	0.00017245
191	0.80165	0.19749	0.00068713	0.00017257
192	0.80527	0.19388	0.00068712	0.00016859
193	0.8141	0.18505	0.00069165	0.0001601
194	0.83104	0.16811	0.000703	0.00014478
195	0.85971	0.13945	0.0007241	0.00011968
196	0.87207	0.12709	0.00073108	0.00010869
197	0.89171	0.10746	0.00074421	9.1589e-05
198	0.92141	0.077758	0.00076581	6.6074e-05
199	0.93414	0.065032	0.00077301	5.5005e-05
200	0.95563	0.043546	0.00078738	3.6755e-05
201	0.98724	0.011944	0.00081016	1.0133e-05
202	0.98662	0.01256	0.00080593	1.058e-05
203	0.98763	0.011555	0.0008031	9.6777e-06
204	0.99045	0.0087456	0.00080182	7.2858e-06
205	0.99539	0.0038019	0.00080234	3.1423e-06
206	0.99523	0.0039715	0.00079858	3.2488e-06
207	0.99637	0.002827	0.00079585	2.3021e-06
208	0.99881	0.00039332	0.0007942	3.204e-07
209	0.99911	9.8205e-05	0.00079086	8.0212e-08
210	0.99614	0.0030695	0.00078496	2.4562e-06
211	0.98993	0.0092845	0.00077645	7.4164e-06
212	0.98626	0.01296	0.00077006	1.0303e-05
213	0.98461	0.014618	0.00076535	1.1564e-05
214	0.98474	0.014491	0.00076211	1.1411e-05
215	0.987	0.012233	0.00076048	9.6174e-06
216	0.99142	0.0078179	0.00076057	6.1559e-06
217	0.98979	0.0094424	0.00075601	7.3855e-06
218	0.98995	0.0092858	0.0007528	7.2455e-06
219	0.99162	0.0076227	0.0007508	5.9462e-06
220	0.9915	0.0077486	0.00074747	6.021e-06
221	0.99277	0.0064831	0.00074525	5.0307e-06
222	0.99259	0.0066636	0.00074189	5.1592e-06
223	0.98421	0.015046	0.00073234	1.1515e-05
224	0.9796	0.019661	0.00072566	1.499e-05
225	0.97739	0.021869	0.00072087	1.6611e-05
226	0.97063	0.028636	0.00071275	2.1617e-05
227	0.96746	0.031808	0.0007073	2.3924e-05
228	0.9672	0.032069	0.00070399	2.4075e-05
229	0.94957	0.049701	0.00068783	3.7107e-05
230	0.90901	0.090266	0.00065497	6.6897e-05
231	0.88171	0.11757	0.00063223	8.6604e-05
232	0.86546	0.13382	0.00061763	9.8155e-05
233	0.85547	0.14382	0.00060775	0.00010502
234	0.85054	0.14875	0.00060166	0.00010815
235	0.84987	0.14942	0.0005987	0.00010818
236	0.85442	0.14488	0.0005994	0.00010453
237	0.86379	0.13551	0.00060356	9.7455e-05
238	0.85122	0.14809	0.00059211	0.00010597
239	0.84413	0.15518	0.00058467	0.00011052
240	0.84263	0.15668	0.00058114	0.00011115
241	0.84639	0.15292	0.00058121	0.00010814
242	0.85489	0.14443	0.00058461	0.00010184
243	0.86946	0.12985	0.00059224	9.1358e-05
244	0.76228	0.23704	0.00051543	0.0001653
245	0.69492	0.3044	0.00046652	0.0002113
246	0.6486	0.35072	0.0004327	0.00024227
247	0.62036	0.37897	0.00041139	0.0002607
248	0.60202	0.39731	0.0003971	0.00027215
249	0.55698	0.44236	0.00036499	0.00030145
250	0.52959	0.46975	0.0003449	0.00031872
251	0.51188	0.48746	0.00033154	0.00032929
252	0.50174	0.4976	0.00032337	0.0003347
253	0.49897	0.50038	0.00032005	0.00033525
254	0.50156	0.49779	0.00032029	0.00033226
255	0.50984	0.48951	0.00032429	0.00032556
256	0.52518	0.47418	0.00033287	0.0003143
257	0.54939	0.44996	0.00034719	0.00029733
258	0.58568	0.41368	0.0003693	0.00027261
259	0.5996	0.39977	0.00037687	0.00026246
260	0.62225	0.37711	0.00039009	0.00024669
261	0.66004	0.33932	0.00041285	0.00022137
262	0.71534	0.28403	0.0004468	0.00018489
263	0.79545	0.20393	0.00049663	0.00013256
264	0.92245	0.076919	0.00057581	5.087e-05
265	0.92488	0.074498	0.00057506	4.9134e-05
266	0.90592	0.093459	0.00056074	6.1021e-05
267	0.89388	0.1055	0.00055096	6.8393e-05
268	0.86444	0.13494	0.00053041	8.6578e-05
269	0.84508	0.1543	0.00051638	9.8278e-05
270	0.83306	0.16633	0.00050705	0.0001053
271	0.80262	0.19677	0.00048658	0.00012352
272	0.73237	0.26702	0.00044221	0.00016566
273	0.68853	0.31086	0.000414	0.00019162
274	0.65927	0.34012	0.00039491	0.0002085
275	0.64236	0.35704	0.00038328	0.00021789
276	0.63419	0.36521	0.00037693	0.000222
277	0.63164	0.36776	0.00037403	0.00022268
278	0.61716	0.38225	0.00036399	0.00023049
279	0.60954	0.38987	0.00035814	0.00023413
280	0.53019	0.46922	0.00030984	0.00028021
281	0.47539	0.52402	0.00027653	0.00031133
282	0.43788	0.56154	0.00025368	0.00033201
283	0.41269	0.58673	0.00023823	0.00034532
284	0.39848	0.60094	0.00022917	0.00035223
285	0.39093	0.60849	0.00022406	0.00035521
286	0.39019	0.60923	0.00022285	0.00035428
287	0.39609	0.60333	0.00022543	0.00034955
288	0.40989	0.58953	0.00023245	0.00034036
289	0.43454	0.56489	0.00024551	0.00032512
290	0.47179	0.52764	0.0002657	0.00030277
291	0.52622	0.47321	0.00029561	0.00027074
292	0.52795	0.47148	0.00029544	0.00026876
293	0.53692	0.46252	0.00029928	0.00026276
294	0.55287	0.44657	0.00030705	0.00025285
295	0.55472	0.44472	0.00030685	0.00025091
296	0.56221	0.43724	0.00030982	0.00024581
297	0.57656	0.42289	0.00031663	0.00023691
298	0.60214	0.3973	0.00032953	0.0002219
299	0.64085	0.3586	0.00034965	0.0001997
300	0.69743	0.30202	0.00037962	0.00016768
301	0.72162	0.27783	0.00039161	0.00015367
302	0.76165	0.2378	0.00041212	0.00013112
303	0.82005	0.17941	0.00044268	9.8546e-05
304	0.84771	0.15175	0.00045611	8.3089e-05
305	0.88847	0.11099	0.00047667	6.0534e-05
306	0.95365	0.045817	0.00051018	2.5009e-05
307	0.96183	0.037637	0.00051274	2.0471e-05
308	0.97486	0.02461	0.00051794	1.3318e-05
309	0.99633	0.0031456	0.00052759	1.7028e-06
310	0.99926	0.00021097	0.00052725	1.1396e-07
311	0.99925	0.00022375	0.00052534	1.1831e-07
312	0.99934	0.00013927	0.00052347	7.3151e-08
313	0.97829	0.021187	0.00051048	1.1114e-05
314	0.96551	0.033974	0.00050184	1.7782e-05
315	0.95734	0.042142	0.00049571	2.1967e-05
316	0.95271	0.046772	0.0004915	2.4271e-05
317	0.95163	0.047859	0.0004891	2.4744e-05
318	0.95331	0.04618	0.00048817	2.3779e-05
319	0.93817	0.061318	0.0004786	3.1437e-05
320	0.92853	0.07096	0.00047194	3.6209e-05
321	0.92398	0.075514	0.00046786	3.8385e-05
322	0.76371	0.23579	0.00038547	0.00011891
323	0.6626	0.33689	0.00033315	0.00016934
324	0.59346	0.40604	0.00029742	0.0002032
325	0.55044	0.44906	0.00027484	0.0002239
326	0.52438	0.47512	0.00026079	0.00023606
327	0.5097	0.48981	0.00025244	0.0002425
328	0.50173	0.49778	0.00024753	0.00024553
329	0.47576	0.52374	0.00023387	0.00025733
330	0.45935	0.54016	0.00022503	0.00026433
331	0.42055	0.57896	0.00020533	0.00028218
332	0.39717	0.60234	0.00019318	0.00029247
333	0.3842	0.61531	0.00018612	0.00029766
334	0.37742	0.6221	0.00018214	0.00029978
335	0.37731	0.62221	0.00018136	0.00029869
336	0.38382	0.6157	0.00018371	0.00029446
337	0.3967	0.60283	0.00018912	0.00028719
338	0.41999	0.57954	0.00019936	0.00027508
339	0.45858	0.54095	0.00021664	0.00025592
340	0.5156	0.48393	0.00024253	0.00022818
341	0.60638	0.39315	0.0002838	0.00018502
342	0.73873	0.2608	0.00034433	0.00012265
343	0.8029	0.19664	0.00037261	9.2507e-05
344	0.83039	0.16915	0.00038384	7.9439e-05
345	0.84228	0.15726	0.00038773	7.3691e-05
346	0.84498	0.15456	0.00038731	7.2233e-05
347	0.8524	0.14714	0.0003891	6.8598e-05
348	0.86559	0.13395	0.00039356	6.2327e-05
349	0.88642	0.11312	0.00040152	5.2584e-05
350	0.88316	0.11639	0.00039838	5.3915e-05
351	0.88381	0.11573	0.00039709	5.3431e-05
352	0.88849	0.11106	0.00039766	5.1112e-05
353	0.89784	0.10171	0.00040038	4.6674e-05
354	0.91469	0.084862	0.0004064	3.8916e-05
355	0.91059	0.088967	0.000403	4.061e-05
356	0.91001	0.08955	0.00040123	4.07e-05
357	0.91287	0.086687	0.00040103	3.9238e-05
358	0.90997	0.089595	0.00039823	4.0367e-05
359	0.91061	0.088952	0.00039706	3.9902e-05
360	0.9149	0.084664	0.00039753	3.7816e-05
361	0.92443	0.075133	0.00040026	3.3449e-05
362	0.93956	0.060004	0.00040548	2.6621e-05
363	0.9623	0.037274	0.00041406	1.6454e-05
364	0.97287	0.026697	0.00041718	1.174e-05
365	0.97698	0.022593	0.00041747	9.8792e-06
366	0.98487	0.014704	0.00041936	6.3992e-06
367	0.98842	0.011153	0.00041932	4.8356e-06
368	0.99453	0.0050482	0.0004204	2.1755e-06
369	0.99754	0.0020391	0.0004201	8.7567e-07
370	0.99733	0.0022467	0.0004184	9.5895e-07
371	0.9963	0.0032774	0.00041638	1.3865e-06
372	0.99402	0.0055679	0.00041382	2.343e-06
373	0.99314	0.0064487	0.00041188	2.7002e-06
374	0.99378	0.0058068	0.00041055	2.4269e-06
375	0.9958	0.0037907	0.00040982	1.5835e-06
376	0.99636	0.0032351	0.00040851	1.3467e-06
377	0.99808	0.0015136	0.00040771	6.2888e-07
378	0.99889	0.00069942	0.00040656	2.8901e-07
379	0.99827	0.0013207	0.00040484	5.3769e-07
380	0.99708	0.0025171	0.00040288	1.0189e-06
381	0.99432	0.0052745	0.00040032	2.1189e-06
382	0.9933	0.0062984	0.00039844	2.521e-06
383	0.99379	0.0058069	0.00039716	2.3181e-06
384	0.99563	0.0039693	0.00039643	1.5765e-06
385	0.99943	0.00017077	0.00039645	6.7832e-08
386	0.99899	0.00061125	0.00039477	2.4387e-07
387	0.99927	0.00033946	0.00039341	1.3624e-07
388	0.99659	0.0030166	0.00039089	1.1999e-06
389	0.99527	0.0043356	0.00038895	1.7169e-06
390	0.99514	0.0044709	0.00038751	1.7635e-06
391	0.99389	0.0057198	0.0003856	2.2491e-06
392	0.99394	0.0056717	0.00038424	2.2232e-06
393	0.99551	0.0041067	0.00038344	1.614e-06
394	0.99578	0.00384	0.00038216	1.5086e-06
395	0.99055	0.009063	0.00037878	3.53e-06
396	0.97852	0.021104	0.00037283	8.1531e-06
397	0.97157	0.028053	0.00036883	1.0804e-05
398	0.96773	0.031887	0.00036607	1.2235e-05
399	0.96641	0.033216	0.00036431	1.2695e-05
400	0.96747	0.03215	0.00036349	1.2238e-05
401	0.97109	0.028537	0.00036366	1.0813e-05
402	0.97845	0.021176	0.00036521	7.9938e-06
403	0.98133	0.018297	0.00036503	6.8859e-06
404	0.98669	0.012943	0.0003658	4.8519e-06
405	0.98884	0.010791	0.00036533	4.0328e-06
406	0.98902	0.010616	0.00036411	3.9569e-06
407	0.99081	0.0088204	0.00036352	3.2789e-06
408	0.99443	0.0052042	0.00036362	1.929e-06
409	0.99339	0.0062494	0.00036197	2.3057e-06
410	0.99363	0.0060064	0.00036083	2.2064e-06
411	0.98734	0.012301	0.00035734	4.472e-06
412	0.94251	0.057134	0.00033992	2.0658e-05
413	0.91462	0.085016	0.00032865	3.0666e-05
414	0.8978	0.10184	0.0003214	3.6647e-05
415	0.85816	0.14149	0.00030606	5.0738e-05
416	0.83127	0.16837	0.00029544	6.013e-05
417	0.81551	0.18413	0.0002888	6.5531e-05
418	0.80753	0.19211	0.00028492	6.8154e-05
419	0.80563	0.19402	0.00028318	6.8625e-05
420	0.80838	0.19127	0.00028311	6.7439e-05
421	0.70186	0.29779	0.0002448	0.00010452
422	0.62805	0.3716	0.0002183	0.0001298
423	0.57718	0.42247	0.00020003	0.00014689
424	0.46973	0.52992	0.00016229	0.00018342
425	0.40212	0.59753	0.0001384	0.00020609
426	0.35988	0.63978	0.00012334	0.00021993
427	0.26347	0.73619	8.9927e-05	0.00025212
428	0.20264	0.79702	6.8799e-05	0.00027203
429	0.16097	0.83869	5.4419e-05	0.0002852
430	0.13494	0.86472	4.5389e-05	0.00029301
431	0.11721	0.88245	3.9262e-05	0.00029793
432	0.10562	0.89404	3.526e-05	0.00030074
433	0.075811	0.92385	2.5272e-05	0.00030955
434	0.0571	0.94257	1.899e-05	0.00031464
435	0.045503	0.95416	1.5083e-05	0.00031735
436	0.038547	0.96112	1.2724e-05	0.00031851
437	0.03475	0.96492	1.1415e-05	0.0003186
438	0.033296	0.96638	1.0878e-05	0.00031791
439	0.033438	0.96623	1.0876e-05	0.00031671
440	0.035678	0.964	1.1546e-05	0.00031482
441	0.040493	0.95918	1.3031e-05	0.0003121
442	0.040233	0.95944	1.2866e-05	0.00031103
443	0.041763	0.95791	1.3284e-05	0.00030939
444	0.045213	0.95447	1.4317e-05	0.00030714
445	0.05188	0.9478	1.6348e-05	0.00030389
446	0.062127	0.93755	1.9501e-05	0.00029953
447	0.078855	0.92083	2.4638e-05	0.00029318
448	0.074469	0.92521	2.3145e-05	0.00029346
449	0.073484	0.9262	2.2718e-05	0.00029268
450	0.074925	0.92476	2.3059e-05	0.00029113
451	0.06932	0.93037	2.1222e-05	0.00029178
452	0.066453	0.93324	2.0256e-05	0.00029156
453	0.066034	0.93366	2.0059e-05	0.00029059
454	0.058292	0.9414	1.7638e-05	0.00029186
455	0.053523	0.94617	1.6147e-05	0.0002922
456	0.051762	0.94793	1.5566e-05	0.00029163
457	0.04372	0.95597	1.308e-05	0.00029296
458	0.038504	0.96119	1.1472e-05	0.00029341
459	0.0355	0.9642	1.0546e-05	0.0002932
460	0.034748	0.96495	1.0291e-05	0.00029231
461	0.036087	0.96361	1.0653e-05	0.00029079
462	0.039791	0.95991	1.1706e-05	0.00028857
463	0.03805	0.96165	1.1146e-05	0.00028798
464	0.038526	0.96118	1.1236e-05	0.00028672
465	0.040791	0.95891	1.1858e-05	0.00028495
466	0.038334	0.96137	1.1083e-05	0.00028457
467	0.037679	0.96203	1.0846e-05	0.00028366
468	0.03921	0.9605	1.1238e-05	0.00028211
469	0.043253	0.95645	1.2339e-05	0.00027984
470	0.049779	0.94993	1.4151e-05	0.00027688
471	0.060847	0.93886	1.7226e-05	0.00027264
472	0.078815	0.9209	2.2203e-05	0.00026649
473	0.10476	0.89495	2.9408e-05	0.00025813
474	0.1426	0.85711	3.9937e-05	0.00024645
475	0.15805	0.84166	4.4123e-05	0.00024113
476	0.14802	0.8517	4.1125e-05	0.000243
477	0.14254	0.85718	3.9443e-05	0.00024358
478	0.14172	0.858	3.9058e-05	0.00024284
479	0.14433	0.85539	3.9645e-05	0.00024115
480	0.11572	0.884	3.156e-05	0.00024811
481	0.096314	0.90341	2.6105e-05	0.00025246
482	0.083355	0.91637	2.2477e-05	0.00025499
483	0.075013	0.92471	2.0144e-05	0.00025624
484	0.069993	0.92973	1.8736e-05	0.00025658
485	0.068366	0.93136	1.8242e-05	0.00025599
486	0.069071	0.93066	1.8387e-05	0.00025477
487	0.073007	0.92672	1.9393e-05	0.00025269
488	0.080993	0.91874	2.1467e-05	0.00024952
489	0.093443	0.90629	2.4738e-05	0.00024517
490	0.11389	0.88584	3.0101e-05	0.00023872
491	0.14356	0.85617	3.7914e-05	0.00022983
492	0.18694	0.8128	4.9368e-05	0.00021731
493	0.20639	0.79334	5.4335e-05	0.00021127
494	0.23833	0.7614	6.2522e-05	0.000202
495	0.28951	0.71023	7.5631e-05	0.0001878
496	0.28999	0.70975	7.5439e-05	0.00018691
497	0.29664	0.7031	7.6835e-05	0.00018442
498	0.29172	0.70802	7.5234e-05	0.00018494
499	0.29286	0.70688	7.5194e-05	0.00018389
500	0.30031	0.69943	7.6752e-05	0.00018123
501	0.31399	0.68575	7.9911e-05	0.00017699
502	0.33808	0.66167	8.5655e-05	0.00017015
503	0.37384	0.6259	9.4342e-05	0.00016037
504	0.43147	0.56828	0.0001084	0.00014522
505	0.51576	0.48399	0.00012911	0.00012342
506	0.63865	0.3611	0.00015946	9.2014e-05
507	0.81533	0.18442	0.00020322	4.7202e-05
508	0.83854	0.16121	0.00020822	4.1169e-05
509	0.84813	0.15162	0.00020972	3.8613e-05
510	0.848	0.15175	0.00020881	3.8491e-05
511	0.81066	0.1891	0.00019868	4.7603e-05
512	0.78584	0.21392	0.00019177	5.3515e-05
513	0.77162	0.22814	0.00018748	5.6793e-05
514	0.73552	0.26424	0.00017791	6.5366e-05
515	0.71136	0.2884	0.00017136	7.0938e-05
516	0.69782	0.30194	0.00016739	7.3918e-05
517	0.58808	0.41168	0.00014016	0.00010013
518	0.51908	0.48068	0.0001229	0.00011638
519	0.47605	0.52371	0.00011197	0.00012628
520	0.44694	0.55282	0.00010451	0.00013272
521	0.43012	0.56965	0.0001	0.0001362
522	0.42035	0.57942	9.7227e-05	0.00013795
523	0.39027	0.60949	8.9731e-05	0.00014445
524	0.37043	0.62934	8.4718e-05	0.00014847
525	0.35842	0.64135	8.1586e-05	0.00015062
526	0.32806	0.67171	7.4219e-05	0.00015699
527	0.31009	0.68968	6.9735e-05	0.00016048
528	0.29933	0.70044	6.6961e-05	0.00016226
529	0.29408	0.7057	6.5477e-05	0.00016277
530	0.29363	0.70615	6.5104e-05	0.00016217
531	0.29931	0.70046	6.6093e-05	0.0001602
532	0.26828	0.73149	5.8887e-05	0.00016644
533	0.24971	0.75007	5.4484e-05	0.00016987
534	0.23803	0.76174	5.1666e-05	0.00017172
535	0.20943	0.79035	4.5112e-05	0.0001773
536	0.19015	0.80962	4.0689e-05	0.00018076
537	0.17767	0.82211	3.7799e-05	0.00018269
538	0.17031	0.82947	3.6057e-05	0.00018349
539	0.16711	0.83267	3.5235e-05	0.00018337
540	0.16779	0.832	3.5259e-05	0.00018242
541	0.15844	0.84134	3.3164e-05	0.0001836
542	0.15457	0.84522	3.2226e-05	0.00018361
543	0.15536	0.84442	3.227e-05	0.00018263
544	0.12184	0.87794	2.5074e-05	0.00018888
545	0.098994	0.90079	2.02e-05	0.00019282
546	0.083586	0.9162	1.6928e-05	0.00019516
547	0.073436	0.92635	1.4778e-05	0.00019639
548	0.067897	0.93189	1.3579e-05	0.00019667
549	0.065798	0.93399	1.3083e-05	0.00019623
550	0.066089	0.9337	1.3083e-05	0.0001953
551	0.068811	0.93098	1.358e-05	0.00019389
552	0.075143	0.92465	1.4791e-05	0.00019175
553	0.074284	0.92551	1.4551e-05	0.00019108
554	0.075965	0.92383	1.4827e-05	0.00018989
555	0.080423	0.91937	1.5661e-05	0.00018815
556	0.088291	0.91151	1.7177e-05	0.00018575
557	0.088317	0.91148	1.7127e-05	0.00018491
558	0.091176	0.90862	1.7644e-05	0.00018352
559	0.086491	0.91331	1.6682e-05	0.00018361
560	0.085468	0.91433	1.6431e-05	0.00018299
561	0.087903	0.9119	1.6849e-05	0.00018169
562	0.083515	0.91629	1.5943e-05	0.00018172
563	0.081915	0.91789	1.559e-05	0.0001812
564	0.083671	0.91613	1.5878e-05	0.00018004
565	0.078355	0.92145	1.4814e-05	0.00018023
566	0.076655	0.92315	1.4438e-05	0.00017973
567	0.077538	0.92227	1.4565e-05	0.00017873
568	0.081879	0.91793	1.5341e-05	0.00017708
569	0.090582	0.90923	1.6929e-05	0.00017461
570	0.10549	0.89432	1.966e-05	0.00017098
571	0.12975	0.87006	2.4101e-05	0.00016564
572	0.16488	0.83493	3.0551e-05	0.00015829
573	0.22075	0.77906	4.0755e-05	0.00014718
574	0.24466	0.75516	4.4986e-05	0.00014206
575	0.28362	0.7162	5.1918e-05	0.00013422
576	0.34007	0.65974	6.2031e-05	0.00012322
577	0.36604	0.63378	6.6442e-05	0.0001179
578	0.40499	0.59482	7.3201e-05	0.00011025
579	0.42001	0.57981	7.5576e-05	0.00010699
580	0.44639	0.55343	7.9953e-05	0.00010172
581	0.48608	0.51374	8.6715e-05	9.4074e-05
582	0.54397	0.45585	9.6727e-05	8.319e-05
583	0.54583	0.45399	9.6571e-05	8.2462e-05
584	0.55491	0.44491	9.7678e-05	8.046e-05
585	0.571	0.42882	0.00010003	7.7222e-05
586	0.59624	0.40358	0.000104	7.2383e-05
587	0.63396	0.36586	0.00011016	6.5363e-05
588	0.69479	0.30503	0.00012026	5.4387e-05
589	0.67988	0.31995	0.00011706	5.6723e-05
590	0.67161	0.32822	0.00011507	5.7869e-05
591	0.66889	0.33094	0.00011406	5.8036e-05
592	0.67136	0.32847	0.00011397	5.7297e-05
593	0.68092	0.3189	0.00011508	5.5351e-05
594	0.69958	0.30025	0.00011771	5.1875e-05
595	0.68608	0.31375	0.00011486	5.3879e-05
596	0.67893	0.3209	0.00011313	5.4786e-05
597	0.67736	0.32247	0.00011236	5.474e-05
598	0.68235	0.31748	0.00011267	5.3601e-05
599	0.69498	0.30486	0.00011423	5.1204e-05
600	0.63112	0.36872	0.00010314	6.1441e-05
601	0.59143	0.4084	9.6083e-05	6.7636e-05
602	0.56754	0.4323	9.1646e-05	7.12e-05
603	0.55245	0.44739	8.8707e-05	7.3275e-05
604	0.54573	0.4541	8.7128e-05	7.3981e-05
605	0.54597	0.45387	8.6659e-05	7.3564e-05
606	0.55188	0.44797	8.7113e-05	7.2236e-05
607	0.56595	0.43389	8.8828e-05	6.9635e-05
608	0.58851	0.41134	9.1874e-05	6.5714e-05
609	0.62298	0.37686	9.6778e-05	5.9946e-05
610	0.61738	0.38247	9.5341e-05	6.0505e-05
611	0.61854	0.3813	9.4949e-05	6.0008e-05
612	0.6068	0.39305	9.2572e-05	6.1505e-05
613	0.60269	0.39716	9.1376e-05	6.1811e-05
614	0.60394	0.39591	9.1023e-05	6.1284e-05
615	0.61072	0.38913	9.1524e-05	5.9914e-05
616	0.60554	0.39431	9.0225e-05	6.0353e-05
617	0.60595	0.3939	8.9791e-05	5.9939e-05
618	0.61331	0.38654	9.0377e-05	5.8493e-05
619	0.58328	0.41657	8.5434e-05	6.2587e-05
620	0.56591	0.43394	8.2379e-05	6.4782e-05
621	0.55749	0.44237	8.0647e-05	6.5643e-05
622	0.46429	0.53557	6.6617e-05	7.8812e-05
623	0.40051	0.59934	5.7048e-05	8.7528e-05
624	0.36081	0.63905	5.1004e-05	9.271e-05
625	0.33673	0.66313	4.7237e-05	9.5607e-05
626	0.32119	0.67867	4.4743e-05	9.7237e-05
627	0.31215	0.68771	4.3204e-05	9.792e-05
628	0.30974	0.69012	4.2592e-05	9.7667e-05
629	0.31229	0.68757	4.2685e-05	9.6718e-05
630	0.32152	0.67834	4.3679e-05	9.4857e-05
631	0.33939	0.66047	4.5822e-05	9.1838e-05
632	0.34302	0.65685	4.6015e-05	9.0777e-05
633	0.35228	0.64758	4.6978e-05	8.8955e-05
634	0.3262	0.67367	4.3192e-05	9.1889e-05
635	0.31118	0.68868	4.0909e-05	9.3312e-05
636	0.30403	0.69584	3.9682e-05	9.3669e-05
637	0.3032	0.69667	3.9289e-05	9.3182e-05
638	0.30716	0.69271	3.9534e-05	9.2065e-05
639	0.31663	0.68324	4.05e-05	9.0235e-05
640	0.33477	0.6651	4.2552e-05	8.731e-05
641	0.36236	0.63751	4.5799e-05	8.3196e-05
642	0.4036	0.59628	5.0765e-05	7.7373e-05
643	0.4001	0.59977	4.9992e-05	7.7295e-05
644	0.38185	0.61802	4.7388e-05	7.9057e-05
645	0.37253	0.62735	4.591e-05	7.9682e-05
646	0.37015	0.62972	4.5298e-05	7.9433e-05
647	0.37284	0.62703	4.5326e-05	7.855e-05
648	0.38254	0.61733	4.6196e-05	7.6816e-05
649	0.39915	0.60072	4.7906e-05	7.425e-05
650	0.42783	0.57205	5.1031e-05	7.0259e-05
651	0.47018	0.5297	5.5775e-05	6.4656e-05
652	0.46723	0.53265	5.504e-05	6.4541e-05
653	0.47104	0.52884	5.5099e-05	6.3622e-05
654	0.4807	0.51918	5.5854e-05	6.2015e-05
655	0.49775	0.50213	5.7478e-05	5.9547e-05
656	0.52728	0.47261	6.0513e-05	5.5658e-05
657	0.57093	0.42896	6.5166e-05	5.016e-05
658	0.64094	0.35895	7.2754e-05	4.1716e-05
659	0.74327	0.25661	8.3984e-05	2.964e-05
660	0.89059	0.10929	0.00010025	1.2531e-05
661	0.90907	0.090817	0.00010164	1.0323e-05
662	0.93958	0.060313	0.00010432	6.7957e-06
663	0.9886	0.011285	0.00010901	1.2643e-06
664	0.99495	0.0049368	0.00010888	5.47e-07
665	0.99808	0.0018135	0.00010838	1.9875e-07
666	0.99974	0.00015137	0.00010769	1.6479e-08
667	0.99963	0.00026517	0.00010683	2.8312e-08
668	0.99959	0.00030475	0.00010596	3.2251e-08
669	0.99847	0.0014248	0.00010498	1.4882e-07
670	0.9964	0.0034995	0.0001039	3.6297e-07
671	0.99576	0.0041322	0.00010296	4.2547e-07
672	0.99644	0.0034607	0.00010214	3.5404e-07
673	0.99302	0.0068795	0.00010091	6.9808e-07
674	0.99159	0.0083074	9.9877e-05	8.3668e-07
675	0.99163	0.0082668	9.9005e-05	8.2482e-07
676	0.9934	0.0065031	9.8291e-05	6.4356e-07
677	0.99346	0.0064428	9.7417e-05	6.3129e-07
678	0.99189	0.0080125	9.6373e-05	7.7829e-07
679	0.992	0.0078992	9.5479e-05	7.613e-07
680	0.99354	0.0063621	9.4733e-05	6.0759e-07
681	0.99708	0.0028281	9.4159e-05	2.6932e-07
682	0.99667	0.0032359	9.3222e-05	3.0556e-07
683	0.99733	0.002578	9.2396e-05	2.4132e-07
684	0.99915	0.00076103	9.1687e-05	7.0628e-08
685	0.99907	0.00083517	9.0813e-05	7.6235e-08
686	0.99986	4.8205e-05	9.0004e-05	4.3746e-09
687	0.9999	1.4664e-05	8.9137e-05	1.3158e-09
688	0.99984	7.1165e-05	8.8272e-05	6.3021e-09
689	0.9985	0.0014088	8.7282e-05	1.2406e-07
690	0.99813	0.0017879	8.6388e-05	1.5575e-07
691	0.99702	0.0028955	8.5443e-05	2.4883e-07
692	0.99711	0.0028046	8.4589e-05	2.3879e-07
693	0.99824	0.0016717	8.3833e-05	1.4063e-07
694	0.99876	0.0011599	8.3011e-05	9.6659e-08
695	0.99884	0.0010818	8.2162e-05	8.8948e-08
696	0.99986	5.7957e-05	8.1377e-05	4.6991e-09
697	0.99992	2.5638e-06	8.05e-05	2.0734e-10
698	0.99987	4.968e-05	7.9625e-05	3.9733e-09
699	0.99977	0.00015333	7.8755e-05	1.2071e-08
700	0.99912	0.00080334	7.7831e-05	6.2751e-08
701	0.99805	0.0018727	7.6863e-05	1.4518e-07
702	0.99805	0.001873	7.5965e-05	1.4443e-07
703	0.99445	0.0054699	7.4804e-05	4.1699e-07
704	0.99255	0.0073745	7.3787e-05	5.5525e-07
705	0.99209	0.0078386	7.2889e-05	5.8293e-07
706	0.99304	0.0068904	7.2106e-05	5.0594e-07
707	0.99549	0.0044367	7.144e-05	3.2089e-07
708	0.99978	0.00015274	7.091e-05	7.6452e-09
709	0.98155	0.018379	7.0763e-05	1.3374e-06
710	0.97055	0.029375	7.1091e-05	2.1782e-06
711	0.96374	0.036182	7.1724e-05	2.7265e-06
712	0.94863	0.051291	7.1689e-05	3.9301e-06
713	0.93908	0.060846	7.2066e-05	4.7336e-06
714	0.93446	0.065465	7.2794e-05	5.1738e-06
715	0.92172	0.078204	7.2844e-05	6.2798e-06
716	0.89154	0.10838	7.146e-05	8.8303e-06
717	0.87158	0.12834	7.0867e-05	1.0602e-05
718	0.82449	0.17543	6.7991e-05	1.4668e-05
719	0.79552	0.20439	6.651e-05	1.7328e-05
720	0.77847	0.22144	6.5963e-05	1.904e-05
721	0.76973	0.23019	6.6085e-05	2.0072e-05
722	0.76639	0.23352	6.6677e-05	2.0646e-05
723	0.76799	0.23192	6.7714e-05	2.0784e-05
724	0.77594	0.22397	6.9311e-05	2.0352e-05
725	0.77347	0.22644	6.9992e-05	2.0847e-05
726	0.77572	0.22419	7.1118e-05	2.0907e-05
727	0.783	0.2169	7.2736e-05	2.0487e-05
728	0.79806	0.20185	7.5093e-05	1.9315e-05
729	0.82147	0.17844	7.8311e-05	1.7294e-05
730	0.85634	0.14357	8.2732e-05	1.4083e-05
731	0.91249	0.087409	8.932e-05	8.6907e-06
732	0.99471	0.0051946	9.8707e-05	5.139e-07
733	0.99491	0.0049849	9.9878e-05	4.9815e-07
734	0.99392	0.0059753	0.00010091	6.0412e-07
735	0.99423	0.0056699	0.0001021	5.7842e-07
736	0.99325	0.0066487	0.00010313	6.855e-07
737	0.99381	0.0060894	0.00010431	6.3463e-07
738	0.99602	0.0038737	0.00010565	4.0836e-07
739	0.99432	0.0055744	0.00010659	5.9412e-07
740	0.99415	0.0057453	0.00010768	6.1921e-07
741	0.99261	0.0072826	0.00010861	7.9484e-07
742	0.98887	0.011023	0.00010927	1.2196e-06
743	0.98709	0.012795	0.00011016	1.4303e-06
744	0.98704	0.012851	0.00011126	1.4496e-06
745	0.98899	0.010893	0.00011257	1.2411e-06
746	0.98897	0.010913	0.00011364	1.2568e-06
747	0.99057	0.0093173	0.00011492	1.0833e-06
748	0.99043	0.0094498	0.00011598	1.1102e-06
749	0.99183	0.0080555	0.00011724	9.5515e-07
750	0.99528	0.0046046	0.00011873	5.53e-07
751	0.99405	0.0058331	0.00011968	7.0653e-07
752	0.99431	0.00557	0.00012079	6.8211e-07
753	0.99586	0.0040135	0.00012208	4.9695e-07
754	0.99896	0.00091544	0.00012358	1.152e-07
755	0.99794	0.0019369	0.00012458	2.4447e-07
756	0.99786	0.0020127	0.00012571	2.5582e-07
757	0.99211	0.0077621	0.0001261	9.9358e-07
758	0.98868	0.011193	0.0001268	1.4432e-06
759	0.98744	0.012428	0.00012775	1.6175e-06
760	0.98814	0.011729	0.00012894	1.543e-06
761	0.99055	0.0093228	0.00013038	1.24e-06
762	0.99504	0.0048284	0.00013211	6.5072e-07
763	0.99441	0.0054569	0.00013318	7.4059e-07
764	0.99522	0.004649	0.00013443	6.3805e-07
765	0.99735	0.0025092	0.00013588	3.4987e-07
766	0.99822	0.0016468	0.00013717	2.3331e-07
767	0.99228	0.0075814	0.00013753	1.0711e-06
768	0.84507	0.15479	0.00011791	2.1895e-05
769	0.7521	0.24776	0.00010561	3.5391e-05
770	0.68778	0.31208	9.7271e-05	4.4938e-05
771	0.64786	0.352	9.2276e-05	5.1128e-05
772	0.62382	0.37604	8.9489e-05	5.51e-05
773	0.60861	0.39125	8.7971e-05	5.7814e-05
774	0.60041	0.39944	8.7477e-05	5.9517e-05
775	0.59927	0.40058	8.7995e-05	6.0196e-05
776	0.60349	0.39636	8.9332e-05	6.0068e-05
777	0.61364	0.38621	9.1592e-05	5.903e-05
778	0.52469	0.47516	7.8828e-05	7.3028e-05
779	0.46884	0.53101	7.0876e-05	8.2203e-05
780	0.43057	0.56927	6.5547e-05	8.8767e-05
781	0.40757	0.59228	6.2472e-05	9.3066e-05
782	0.393	0.60684	6.0687e-05	9.6086e-05
783	0.38648	0.61336	6.0119e-05	9.7878e-05
784	0.38525	0.61459	6.0393e-05	9.8839e-05
785	0.3906	0.60924	6.1699e-05	9.8758e-05
786	0.40208	0.59776	6.4024e-05	9.7669e-05
787	0.40114	0.59869	6.4346e-05	9.8573e-05
788	0.40689	0.59295	6.574e-05	9.8394e-05
789	0.41867	0.58117	6.8158e-05	9.7202e-05
790	0.44048	0.55936	7.2242e-05	9.4335e-05
791	0.47334	0.52649	7.8246e-05	8.9558e-05
792	0.48502	0.51481	8.0792e-05	8.8251e-05
793	0.5044	0.49543	8.4699e-05	8.5595e-05
794	0.53403	0.4658	9.0448e-05	8.111e-05
795	0.5784	0.42143	9.8879e-05	7.3955e-05
796	0.64954	0.35029	0.00011207	6.2029e-05
797	0.67997	0.31986	0.0001183	5.7081e-05
798	0.6906	0.30923	0.0001211	5.5576e-05
799	0.7085	0.29133	0.00012526	5.2719e-05
800	0.7391	0.26072	0.00013175	4.7521e-05
801	0.78884	0.21098	0.00014179	3.877e-05
802	0.80981	0.19001	0.00014669	3.5164e-05
803	0.84467	0.15514	0.00015419	2.8947e-05
804	0.89563	0.10419	0.00016484	1.9596e-05
805	0.96941	0.0304	0.00018001	5.7419e-06
806	0.98016	0.019657	0.00018332	3.7367e-06
807	0.98506	0.014753	0.00018552	2.8259e-06
808	0.98684	0.012967	0.00018711	2.5036e-06
809	0.9911	0.0087106	0.00018917	1.7055e-06
810	0.9926	0.0072097	0.00019072	1.4278e-06
811	0.94423	0.055573	0.00018237	1.104e-05
812	0.91414	0.085667	0.0001775	1.7152e-05
813	0.89414	0.10566	0.00017463	2.1287e-05
814	0.84828	0.15152	0.00016653	3.0664e-05
815	0.81701	0.18279	0.00016131	3.718e-05
816	0.79618	0.20362	0.00015816	4.1638e-05
817	0.78327	0.21653	0.0001566	4.4529e-05
818	0.7776	0.2222	0.00015646	4.5986e-05
819	0.77692	0.22287	0.00015736	4.6423e-05
820	0.78223	0.21756	0.00015947	4.5635e-05
821	0.79307	0.20673	0.00016276	4.3674e-05
822	0.81112	0.18867	0.00016764	4.0153e-05
823	0.81647	0.18332	0.0001699	3.9262e-05
824	0.82868	0.17111	0.00017361	3.6906e-05
825	0.84839	0.1514	0.00017901	3.2889e-05
826	0.85603	0.14376	0.00018182	3.1441e-05
827	0.87095	0.12884	0.0001862	2.8407e-05
828	0.89414	0.10565	0.00019246	2.3506e-05
829	0.89126	0.10852	0.00019308	2.4278e-05
830	0.89219	0.10759	0.00019455	2.4208e-05
831	0.89706	0.10272	0.00019693	2.3246e-05
832	0.90657	0.093213	0.00020041	2.1213e-05
833	0.92354	0.076236	0.00020559	1.7462e-05
834	0.94929	0.050481	0.00021288	1.1619e-05
835	0.99083	0.0089393	0.00022385	2.0733e-06
836	0.99171	0.0080617	0.0002255	1.8743e-06
837	0.99449	0.0052861	0.00022758	1.2351e-06
838	0.99561	0.0041639	0.00022926	9.7862e-07
839	0.99564	0.0041323	0.00023066	9.7734e-07
840	0.99682	0.0029463	0.00023236	7.0304e-07
841	0.99463	0.0051349	0.00023328	1.2243e-06
842	0.98964	0.010126	0.00023356	2.4135e-06
843	0.98688	0.012881	0.00023438	3.08e-06
844	0.98626	0.013503	0.00023568	3.2475e-06
845	0.98763	0.012125	0.00023745	2.9377e-06
846	0.99087	0.0088871	0.00023969	2.1687e-06
847	0.99177	0.0079843	0.0002414	1.9583e-06
848	0.99457	0.0051815	0.00024356	1.2808e-06
849	0.99943	0.00032564	0.00024626	8.1546e-08
850	0.99953	0.00022033	0.00024781	5.549e-08
851	0.99899	0.00076251	0.00024922	1.9189e-07
852	0.99919	0.00055603	0.00025084	1.4072e-07
853	0.9993	0.00044402	0.00025242	1.1397e-07
854	0.99823	0.0015172	0.00025372	3.912e-07
855	0.98892	0.010819	0.00025286	2.8137e-06
856	0.96808	0.031659	0.00024899	8.2615e-06
857	0.9555	0.044246	0.00024719	1.1627e-05
858	0.9477	0.052039	0.00024665	1.3756e-05
859	0.94422	0.055513	0.0002472	1.4773e-05
860	0.94378	0.055958	0.00024858	1.499e-05
861	0.9463	0.053438	0.00025078	1.4408e-05
862	0.93202	0.067709	0.00024844	1.8353e-05
863	0.92307	0.076662	0.00024753	2.0887e-05
864	0.91912	0.080607	0.00024792	2.2097e-05
865	0.9062	0.093527	0.00024588	2.5767e-05
866	0.89846	0.10126	0.00024526	2.804e-05
867	0.89489	0.10484	0.0002458	2.9179e-05
868	0.89499	0.10473	0.00024737	2.9297e-05
869	0.89976	0.099963	0.00025023	2.8119e-05
870	0.91017	0.089547	0.00025467	2.5342e-05
871	0.92844	0.071276	0.00026134	2.0323e-05
872	0.95565	0.044064	0.00027067	1.2663e-05
873	0.9959	0.0038132	0.00028392	1.1108e-06
874	0.9972	0.0025083	0.00028601	7.3551e-07
875	0.99566	0.0040505	0.00028726	1.1898e-06
876	0.99531	0.0043994	0.00028888	1.2985e-06
877	0.99359	0.0061145	0.00029012	1.808e-06
878	0.99322	0.0064834	0.00029178	1.9237e-06
879	0.99439	0.0053132	0.00029387	1.5866e-06
880	0.99436	0.0053407	0.00029559	1.6063e-06
881	0.99557	0.0041265	0.00029771	1.2505e-06
882	0.99819	0.0015099	0.00030029	4.6274e-07
883	0.99948	0.0002195	0.0003025	6.9651e-08
884	0.99152	0.0081747	0.00030184	2.5703e-06
885	0.98657	0.013121	0.00030213	4.147e-06
886	0.97509	0.024606	0.00030038	7.8002e-06
887	0.96776	0.031932	0.00029993	1.0169e-05
888	0.96362	0.036068	0.0003005	1.1547e-05
889	0.92541	0.074274	0.00029026	2.376e-05
890	0.89937	0.10031	0.00028382	3.2199e-05
891	0.88206	0.11762	0.00028013	3.7923e-05
892	0.84502	0.15466	0.00026996	5.0095e-05
893	0.76831	0.23137	0.00024669	7.5365e-05
894	0.71606	0.28361	0.00023121	9.2863e-05
895	0.68385	0.31582	0.00022203	0.00010404
896	0.66288	0.33679	0.0002165	0.0001116
897	0.65172	0.34795	0.0002141	0.00011602
898	0.64798	0.35169	0.0002141	0.00011801
899	0.64951	0.35016	0.00021589	0.00011824
900	0.65669	0.34297	0.00021963	0.00011654
901	0.67056	0.32911	0.00022572	0.00011253
902	0.69534	0.30431	0.00023555	0.00010475
903	0.73627	0.26338	0.00025096	9.138e-05
904	0.7529	0.24676	0.00025822	8.6183e-05
905	0.77859	0.22106	0.00026877	7.7723e-05
906	0.82078	0.17887	0.00028515	6.3417e-05
907	0.83866	0.16099	0.0002932	5.7468e-05
908	0.86869	0.13096	0.00030559	4.7159e-05
909	0.91274	0.086902	0.0003232	3.1655e-05
910	0.91638	0.083268	0.00032648	3.0524e-05
911	0.92394	0.075697	0.00033124	2.7931e-05
912	0.93645	0.063187	0.0003379	2.3471e-05
913	0.93141	0.068227	0.00033817	2.5425e-05
914	0.9298	0.069836	0.00033973	2.6128e-05
915	0.93204	0.067596	0.00034268	2.5418e-05
916	0.9386	0.061029	0.00034723	2.3085e-05
917	0.94976	0.049869	0.0003536	1.8965e-05
918	0.96865	0.030974	0.00036293	1.1867e-05
919	0.96141	0.038215	0.00036233	1.4685e-05
920	0.95744	0.042185	0.00036298	1.6276e-05
921	0.95678	0.042838	0.00036486	1.662e-05
922	0.95081	0.048803	0.00036473	1.9009e-05
923	0.94869	0.050925	0.00036603	1.9944e-05
924	0.94995	0.049664	0.00036861	1.9576e-05
925	0.94653	0.053078	0.00036933	2.1054e-05
926	0.94601	0.053599	0.00037122	2.139e-05
927	0.94032	0.059287	0.00037109	2.3776e-05
928	0.93862	0.060985	0.00037251	2.4603e-05
929	0.93987	0.059734	0.00037514	2.4239e-05
930	0.94423	0.055367	0.00037908	2.2597e-05
931	0.95332	0.046273	0.00038494	1.9024e-05
932	0.96754	0.032055	0.00039299	1.3286e-05
933	0.98903	0.010562	0.00040419	4.4343e-06
934	0.98769	0.011898	0.00040599	5.0072e-06
935	0.98321	0.016372	0.00040653	6.8864e-06
936	0.97356	0.026028	0.00040484	1.0965e-05
937	0.96829	0.031294	0.00040492	1.3255e-05
938	0.96576	0.033823	0.00040618	1.44e-05
939	0.95816	0.041414	0.00040524	1.7727e-05
940	0.95464	0.044932	0.00040597	1.9355e-05
941	0.95387	0.045704	0.00040792	1.9806e-05
942	0.95582	0.043753	0.00041108	1.9071e-05
943	0.95323	0.046338	0.00041233	2.029e-05
944	0.95392	0.045642	0.00041497	2.0098e-05
945	0.95804	0.04152	0.00041908	1.8407e-05
946	0.96566	0.033904	0.00042481	1.5134e-05
947	0.97768	0.021875	0.00043261	9.8335e-06
