#coord	neutral	conserved	gBGC.neutral	gBGC.conserved
1	0.81372	0.18611	0.00013496	3.0983e-05
2	0.82232	0.17752	0.0001353	2.9308e-05
3	0.83726	0.16258	0.00013669	2.6601e-05
4	0.86289	0.13695	0.00013976	2.2204e-05
5	0.90468	0.095156	0.00014534	1.5296e-05
6	0.97143	0.028414	0.00015472	4.5645e-06
7	0.97974	0.020106	0.00015475	3.2109e-06
8	0.99268	0.0071642	0.00015551	1.1394e-06
9	0.99858	0.001266	0.00015517	2.0055e-07
10	0.9993	0.00055023	0.00015402	8.6127e-08
11	0.99883	0.00102	0.00015267	1.5759e-07
12	0.99915	0.00069851	0.00015146	1.0681e-07
13	0.99931	0.00053976	0.00015022	8.2292e-08
14	0.99933	0.00051999	0.00014898	7.8863e-08
15	0.99923	0.00062272	0.00014773	9.3704e-08
16	0.99894	0.00090853	0.00014648	1.3529e-07
17	0.99837	0.0014869	0.00014518	2.2045e-07
18	0.99705	0.0028028	0.00014379	4.1164e-07
19	0.99395	0.0059026	0.00014216	8.5647e-07
20	0.98751	0.012351	0.00014004	1.779e-06
21	0.98373	0.016126	0.00013835	2.3015e-06
22	0.98244	0.01742	0.000137	2.4688e-06
23	0.98298	0.016883	0.00013592	2.3754e-06
24	0.98547	0.014389	0.00013514	2.0101e-06
25	0.99028	0.0095867	0.00013469	1.3296e-06
26	0.99797	0.0018941	0.00013465	2.595e-07
27	0.99903	0.00083926	0.00013367	1.1377e-07
28	0.99856	0.0013096	0.00013248	1.7553e-07
29	0.99893	0.00094243	0.00013141	1.2498e-07
30	0.99904	0.00082835	0.0001303	1.0923e-07
31	0.99896	0.00090643	0.00012915	1.1955e-07
32	0.99857	0.0013008	0.00012798	1.7069e-07
33	0.99761	0.0022627	0.00012676	2.9405e-07
34	0.9954	0.0044789	0.00012539	5.7488e-07
35	0.99473	0.0051458	0.00012422	6.5687e-07
36	0.99529	0.0045863	0.00012321	5.8299e-07
37	0.99115	0.0087261	0.00012161	1.1008e-06
38	0.98895	0.010929	0.00012027	1.3672e-06
39	0.98843	0.011446	0.00011916	1.4209e-06
40	0.98542	0.014461	0.00011777	1.7752e-06
41	0.98431	0.015576	0.00011663	1.8931e-06
42	0.98499	0.014891	0.00011573	1.793e-06
43	0.98757	0.01231	0.00011507	1.4682e-06
44	0.98796	0.011922	0.00011413	1.4085e-06
45	0.98609	0.013797	0.00011295	1.6095e-06
46	0.98598	0.013903	0.00011199	1.6027e-06
47	0.98795	0.011935	0.00011125	1.3623e-06
48	0.99241	0.007483	0.00011078	8.4826e-07
49	0.99414	0.0057527	0.00011001	6.456e-07
50	0.99086	0.0090255	0.0001087	9.9605e-07
51	0.98965	0.01024	0.00010762	1.1183e-06
52	0.98571	0.014184	0.00010626	1.5293e-06
53	0.9763	0.023596	0.00010434	2.5069e-06
54	0.97115	0.02874	0.00010288	3.0227e-06
55	0.96919	0.030703	0.00010175	3.1993e-06
56	0.97	0.0299	0.0001009	3.0876e-06
57	0.97317	0.026728	0.00010031	2.731e-06
58	0.97308	0.026816	9.9366e-05	2.7142e-06
59	0.97567	0.024229	9.8681e-05	2.4299e-06
60	0.98148	0.018418	9.83e-05	1.8325e-06
61	0.98321	0.016689	9.7524e-05	1.6449e-06
62	0.98713	0.012777	9.6977e-05	1.244e-06
63	0.9944	0.0054981	9.6736e-05	5.265e-07
64	0.99465	0.0052563	9.5797e-05	4.9804e-07
65	0.9964	0.0035041	9.4989e-05	3.2789e-07
66	0.98889	0.011015	9.3299e-05	1.0302e-06
67	0.98478	0.015127	9.1928e-05	1.4037e-06
68	0.98279	0.017114	9.0778e-05	1.5708e-06
69	0.9165	0.083413	8.3754e-05	7.6029e-06
70	0.87497	0.12494	7.907e-05	1.1284e-05
71	0.84942	0.15049	7.5883e-05	1.346e-05
72	0.83446	0.16545	7.3673e-05	1.4649e-05
73	0.7985	0.20142	6.967e-05	1.7646e-05
74	0.72341	0.2765	6.2304e-05	2.3997e-05
75	0.67165	0.32827	5.7137e-05	2.8161e-05
76	0.63682	0.36309	5.3538e-05	3.0771e-05
77	0.61618	0.38374	5.1174e-05	3.2138e-05
78	0.60354	0.39638	4.953e-05	3.2797e-05
79	0.59869	0.40122	4.8533e-05	3.2801e-05
80	0.59942	0.4005	4.801e-05	3.2343e-05
81	0.60583	0.39409	4.7952e-05	3.1432e-05
82	0.60043	0.39949	4.6971e-05	3.1457e-05
83	0.60185	0.39807	4.6516e-05	3.0947e-05
84	0.60901	0.39091	4.6515e-05	2.9995e-05
85	0.62465	0.37527	4.7135e-05	2.8415e-05
86	0.65211	0.34781	4.8597e-05	2.5984e-05
87	0.69716	0.30276	5.1289e-05	2.2318e-05
88	0.7155	0.28443	5.1966e-05	2.0677e-05
89	0.74673	0.2532	5.3521e-05	1.8151e-05
90	0.79743	0.2025	5.6373e-05	1.4319e-05
91	0.87832	0.12161	6.1197e-05	8.507e-06
92	0.88675	0.11318	6.0921e-05	7.8085e-06
93	0.90241	0.097524	6.1104e-05	6.6411e-06
94	0.92644	0.073493	6.1837e-05	4.9377e-06
95	0.93637	0.063565	6.1611e-05	4.2072e-06
96	0.9536	0.04634	6.1828e-05	3.0245e-06
97	0.9795	0.020434	6.2591e-05	1.3089e-06
98	0.99213	0.0078038	6.2448e-05	4.9038e-07
99	0.99829	0.0016501	6.1866e-05	1.0134e-07
100	0.99756	0.0023793	6.0844e-05	1.439e-07
101	0.99793	0.0020051	5.9879e-05	1.1936e-07
102	0.99949	0.00044772	5.8973e-05	2.6428e-08
103	0.99853	0.0014107	5.7931e-05	8.2122e-08
104	0.99856	0.0013868	5.6939e-05	7.9833e-08
105	0.99945	0.00049603	5.6009e-05	2.8572e-08
106	0.99274	0.0072018	5.4664e-05	4.0528e-07
107	0.97775	0.022201	5.2891e-05	1.2233e-06
108	0.96801	0.031939	5.1447e-05	1.7258e-06
109	0.89885	0.1011	4.6859e-05	5.364e-06
110	0.85113	0.14882	4.3543e-05	7.7414e-06
111	0.81896	0.18099	4.1128e-05	9.2299e-06
112	0.79974	0.20021	3.9404e-05	1.002e-05
113	0.78781	0.21215	3.8086e-05	1.0415e-05
114	0.78174	0.21821	3.7084e-05	1.0506e-05
115	0.78068	0.21927	3.634e-05	1.0349e-05
116	0.78557	0.21438	3.5862e-05	9.9187e-06
117	0.79745	0.20251	3.568e-05	9.1844e-06
118	0.8166	0.18336	3.5813e-05	8.1462e-06
119	0.84867	0.15129	3.6459e-05	6.587e-06
120	0.9005	0.099458	3.7866e-05	4.2585e-06
121	0.92338	0.076578	3.7999e-05	3.2164e-06
122	0.93273	0.067229	3.7554e-05	2.7639e-06
123	0.94774	0.052222	3.7333e-05	2.0993e-06
124	0.97258	0.027382	3.7457e-05	1.0804e-06
125	0.9832	0.016767	3.7008e-05	6.4772e-07
126	0.99937	0.00059144	3.6762e-05	2.2306e-08
127	0.99926	0.00070452	3.588e-05	2.5748e-08
128	0.99723	0.0027359	3.492e-05	9.7195e-08
129	0.99319	0.0067721	3.3886e-05	2.3517e-07
130	0.98487	0.015098	3.2703e-05	5.1264e-07
131	0.97971	0.020262	3.1652e-05	6.6973e-07
132	0.97708	0.022885	3.0704e-05	7.3577e-07
133	0.97663	0.023338	2.9839e-05	7.2957e-07
134	0.97868	0.021295	2.9041e-05	6.4838e-07
135	0.98306	0.016907	2.8319e-05	5.0192e-07
136	0.98413	0.015842	2.7507e-05	4.5684e-07
137	0.98291	0.017064	2.6621e-05	4.7725e-07
138	0.9835	0.016472	2.5796e-05	4.4688e-07
139	0.98125	0.018722	2.4908e-05	4.9065e-07
140	0.98095	0.019028	2.4082e-05	4.8189e-07
141	0.98255	0.017431	2.3313e-05	4.2649e-07
142	0.98626	0.01372	2.26e-05	3.2404e-07
143	0.98702	0.012957	2.1825e-05	2.9422e-07
144	0.98961	0.010371	2.1098e-05	2.258e-07
145	0.99012	0.009857	2.0315e-05	2.0552e-07
146	0.99256	0.0074206	1.9562e-05	1.4808e-07
147	0.99701	0.0029666	1.8853e-05	5.5509e-08
148	0.99706	0.0029207	1.8049e-05	5.1481e-08
149	0.99614	0.0038453	1.7237e-05	6.365e-08
150	0.99385	0.0061293	1.6399e-05	9.5626e-08
151	0.99324	0.00674	1.5581e-05	9.8693e-08
152	0.99397	0.0060119	1.4793e-05	8.1123e-08
153	0.9964	0.0035879	1.4021e-05	4.1382e-08
154	0.99729	0.0026927	1.3234e-05	2.4881e-08
155	0.99745	0.0025393	1.3256e-05	2.6069e-08
156	0.99863	0.0013615	1.3292e-05	1.4698e-08
157	0.99912	0.00087012	1.3323e-05	1.0005e-08
158	0.99936	0.00063054	1.3346e-05	7.7868e-09
159	0.98301	0.016972	1.3146e-05	2.3066e-07
160	0.94466	0.055323	1.2649e-05	7.521e-07
161	0.91881	0.081182	1.2322e-05	1.1035e-06
162	0.85747	0.14251	1.1519e-05	1.9327e-06
163	0.81582	0.18416	1.0983e-05	2.4958e-06
164	0.79036	0.20963	1.0657e-05	2.8442e-06
165	0.77568	0.2243	1.0472e-05	3.048e-06
166	0.74162	0.25837	1.0016e-05	3.5176e-06
167	0.71892	0.28107	9.7173e-06	3.8307e-06
168	0.70641	0.29358	9.5524e-06	4.0058e-06
169	0.70001	0.29997	9.4726e-06	4.0965e-06
170	0.70017	0.29982	9.4776e-06	4.0981e-06
171	0.6894	0.31058	9.3294e-06	4.2486e-06
172	0.6845	0.31549	9.2632e-06	4.3178e-06
173	0.68611	0.31388	9.2815e-06	4.2982e-06
174	0.69456	0.30542	9.3885e-06	4.1856e-06
175	0.70967	0.29031	9.5872e-06	3.9819e-06
176	0.73617	0.26382	9.9342e-06	3.6257e-06
177	0.74543	0.25455	1.0051e-05	3.5003e-06
178	0.74403	0.25595	1.0025e-05	3.5187e-06
179	0.74754	0.25245	1.0067e-05	3.4693e-06
180	0.7566	0.24338	1.0187e-05	3.3432e-06
181	0.77424	0.22575	1.0418e-05	3.1011e-06
182	0.80416	0.19582	1.081e-05	2.6939e-06
183	0.81585	0.18414	1.0957e-05	2.5327e-06
184	0.83684	0.16315	1.1224e-05	2.2467e-06
185	0.86828	0.1317	1.1635e-05	1.8183e-06
186	0.88102	0.11897	1.1793e-05	1.6428e-06
187	0.84646	0.15353	1.1312e-05	2.1076e-06
188	0.82353	0.17646	1.0992e-05	2.4125e-06
189	0.81048	0.18951	1.08e-05	2.5845e-06
190	0.80341	0.19657	1.0692e-05	2.6745e-06
191	0.80233	0.19766	1.0659e-05	2.6841e-06
192	0.80595	0.19404	1.0691e-05	2.6297e-06
193	0.81478	0.1852	1.0795e-05	2.5043e-06
194	0.83174	0.16825	1.1003e-05	2.2707e-06
195	0.86042	0.13956	1.1361e-05	1.882e-06
196	0.87279	0.1272	1.1495e-05	1.7133e-06
197	0.89244	0.10755	1.1728e-05	1.4473e-06
198	0.92216	0.077822	1.2096e-05	1.0467e-06
199	0.9349	0.065085	1.2238e-05	8.7315e-07
200	0.95641	0.043581	1.249e-05	5.8488e-07
201	0.98803	0.011954	1.2878e-05	1.6187e-07
202	0.98742	0.01257	1.2836e-05	1.693e-07
203	0.98842	0.011564	1.2818e-05	1.5513e-07
204	0.99123	0.0087526	1.2824e-05	1.17e-07
205	0.99618	0.0038049	1.2859e-05	5.0516e-08
206	0.99601	0.0039746	1.2822e-05	5.2273e-08
207	0.99716	0.0028293	1.2797e-05	3.7102e-08
208	0.99959	0.00039363	1.279e-05	5.1748e-09
209	0.99989	9.8281e-05	1.2755e-05	1.2971e-09
210	0.99692	0.0030719	1.268e-05	3.9683e-08
211	0.9907	0.0092916	1.2558e-05	1.2005e-07
212	0.98702	0.01297	1.2471e-05	1.6696e-07
213	0.98536	0.014629	1.241e-05	1.8759e-07
214	0.98549	0.014502	1.2374e-05	1.8525e-07
215	0.98775	0.012242	1.2361e-05	1.5622e-07
216	0.99216	0.0078238	1.2375e-05	9.9921e-08
217	0.99054	0.0094495	1.2314e-05	1.1986e-07
218	0.99069	0.0092927	1.2271e-05	1.1755e-07
219	0.99236	0.0076284	1.2248e-05	9.6314e-08
220	0.99223	0.0077543	1.2204e-05	9.7381e-08
221	0.9935	0.0064879	1.2177e-05	8.1051e-08
222	0.99332	0.0066685	1.2128e-05	8.2882e-08
223	0.98493	0.015057	1.1981e-05	1.847e-07
224	0.98031	0.019675	1.1874e-05	2.4025e-07
225	0.9781	0.021885	1.1799e-05	2.6581e-07
226	0.97133	0.028656	1.1671e-05	3.4546e-07
227	0.96816	0.03183	1.1582e-05	3.8174e-07
228	0.9679	0.032092	1.1522e-05	3.8315e-07
229	0.95025	0.049736	1.1259e-05	5.898e-07
230	0.90966	0.09033	1.0731e-05	1.0617e-06
231	0.88234	0.11765	1.0366e-05	1.3724e-06
232	0.86607	0.13392	1.0126e-05	1.5531e-06
233	0.85607	0.14392	9.9614e-06	1.6586e-06
234	0.85114	0.14885	9.8581e-06	1.704e-06
235	0.85046	0.14953	9.8053e-06	1.6995e-06
236	0.85501	0.14498	9.8078e-06	1.6352e-06
237	0.86438	0.1356	9.8667e-06	1.5153e-06
238	0.8518	0.14819	9.6738e-06	1.6427e-06
239	0.8447	0.15529	9.5445e-06	1.7072e-06
240	0.8432	0.15678	9.4733e-06	1.7092e-06
241	0.84697	0.15302	9.456e-06	1.653e-06
242	0.85547	0.14452	9.492e-06	1.544e-06
243	0.87005	0.12994	9.5961e-06	1.3678e-06
244	0.76279	0.2372	8.4098e-06	3.1829e-06
245	0.69539	0.3046	7.7001e-06	4.5157e-06
246	0.64903	0.35096	7.2542e-06	5.5899e-06
247	0.62077	0.37922	7.0509e-06	6.4161e-06
248	0.60242	0.39757	6.9883e-06	7.1065e-06
249	0.55734	0.44264	6.4863e-06	7.6484e-06
250	0.52993	0.47005	6.1903e-06	7.9803e-06
251	0.51221	0.48777	6.0137e-06	8.1931e-06
252	0.50206	0.49792	5.9331e-06	8.3104e-06
253	0.49929	0.5007	5.9459e-06	8.3302e-06
254	0.50188	0.49811	6.0347e-06	8.2745e-06
255	0.51016	0.48982	6.2086e-06	8.1339e-06
256	0.52551	0.47448	6.4928e-06	7.8835e-06
257	0.54974	0.45025	6.9198e-06	7.4907e-06
258	0.58605	0.41394	7.5448e-06	6.9003e-06
259	0.59997	0.40002	7.8116e-06	6.6688e-06
260	0.62264	0.37735	8.2217e-06	6.2946e-06
261	0.66045	0.33953	8.8734e-06	5.6746e-06
262	0.71578	0.28421	9.8181e-06	4.7623e-06
263	0.79593	0.20405	1.1182e-05	3.4316e-06
264	0.92302	0.076966	1.3314e-05	1.3279e-06
265	0.92544	0.074543	1.3388e-05	1.2842e-06
266	0.90647	0.093516	1.3135e-05	1.5685e-06
267	0.89442	0.10557	1.2987e-05	1.7487e-06
268	0.86496	0.13502	1.258e-05	2.1894e-06
269	0.84559	0.1544	1.2324e-05	2.4796e-06
270	0.83356	0.16643	1.2179e-05	2.6602e-06
271	0.8031	0.19688	1.1762e-05	3.1143e-06
272	0.7328	0.26718	1.0758e-05	4.156e-06
273	0.68894	0.31105	1.0133e-05	4.8144e-06
274	0.65966	0.34032	9.726e-06	5.2561e-06
275	0.64274	0.35725	9.4958e-06	5.5164e-06
276	0.63456	0.36542	9.3915e-06	5.6467e-06
277	0.63201	0.36798	9.3734e-06	5.6914e-06
278	0.61752	0.38247	9.1709e-06	5.9164e-06
279	0.60989	0.39009	9.0734e-06	6.0371e-06
280	0.5305	0.46949	7.8887e-06	7.2409e-06
281	0.47566	0.52432	7.0765e-06	8.0725e-06
282	0.43813	0.56186	6.526e-06	8.643e-06
283	0.41292	0.58706	6.1617e-06	9.0277e-06
284	0.39871	0.60128	5.9573e-06	9.2485e-06
285	0.39116	0.60883	5.8547e-06	9.3679e-06
286	0.39041	0.60957	5.8518e-06	9.3836e-06
287	0.39631	0.60367	5.9472e-06	9.2973e-06
288	0.41012	0.58986	6.16e-06	9.0896e-06
289	0.43478	0.5652	6.5342e-06	8.7166e-06
290	0.47205	0.52793	7.1038e-06	8.1487e-06
291	0.52651	0.47347	7.9408e-06	7.3137e-06
292	0.52824	0.47174	7.9664e-06	7.2862e-06
293	0.53721	0.46277	8.0985e-06	7.1479e-06
294	0.55317	0.44682	8.3391e-06	6.9018e-06
295	0.55503	0.44496	8.3593e-06	6.8705e-06
296	0.56251	0.43747	8.467e-06	6.7523e-06
297	0.57687	0.42311	8.6816e-06	6.5279e-06
298	0.60247	0.39752	9.0624e-06	6.1331e-06
299	0.64119	0.35879	9.6463e-06	5.5361e-06
300	0.69781	0.30218	1.0507e-05	4.6624e-06
301	0.722	0.27798	1.0874e-05	4.2845e-06
302	0.76205	0.23793	1.1477e-05	3.6656e-06
303	0.82048	0.17951	1.2366e-05	2.7619e-06
304	0.84816	0.15183	1.2774e-05	2.3344e-06
305	0.88894	0.11105	1.3385e-05	1.7044e-06
306	0.95414	0.045841	1.4361e-05	7.0593e-07
307	0.96233	0.037656	1.4466e-05	5.7911e-07
308	0.97536	0.024623	1.4647e-05	3.7744e-07
309	0.99684	0.0031472	1.4951e-05	4.8397e-08
310	0.99977	0.00021108	1.4973e-05	3.247e-09
311	0.99976	0.00022387	1.4951e-05	3.3695e-09
312	0.99985	0.00013934	1.4925e-05	2.0885e-09
313	0.97879	0.021197	1.4578e-05	3.1767e-07
314	0.96599	0.033991	1.435e-05	5.0918e-07
315	0.95782	0.042163	1.4195e-05	6.2984e-07
316	0.95319	0.046796	1.4094e-05	6.9671e-07
317	0.9521	0.047882	1.4041e-05	7.1112e-07
318	0.95378	0.046203	1.4031e-05	6.8408e-07
319	0.93864	0.061349	1.3768e-05	9.051e-07
320	0.92899	0.070995	1.359e-05	1.0432e-06
321	0.92443	0.075551	1.3481e-05	1.1066e-06
322	0.76408	0.23591	1.1116e-05	3.4272e-06
323	0.66293	0.33706	9.6117e-06	4.8835e-06
324	0.59375	0.40624	8.5859e-06	5.8617e-06
325	0.5507	0.44928	7.9358e-06	6.46e-06
326	0.52463	0.47535	7.5292e-06	6.8107e-06
327	0.50994	0.49005	7.2849e-06	6.9951e-06
328	0.50197	0.49802	7.1404e-06	7.0802e-06
329	0.47599	0.52399	6.7442e-06	7.4173e-06
330	0.45957	0.54042	6.4881e-06	7.6149e-06
331	0.42075	0.57923	5.9171e-06	8.1233e-06
332	0.39736	0.60262	5.5623e-06	8.4117e-06
333	0.38438	0.6156	5.3524e-06	8.5512e-06
334	0.3776	0.62239	5.2319e-06	8.6016e-06
335	0.37748	0.6225	5.2016e-06	8.5579e-06
336	0.384	0.61599	5.2592e-06	8.4223e-06
337	0.39688	0.6031	5.4043e-06	8.1997e-06
338	0.42018	0.57981	5.6844e-06	7.8381e-06
339	0.45879	0.5412	6.161e-06	7.2761e-06
340	0.51583	0.48415	6.88e-06	6.4722e-06
341	0.60665	0.39333	8.0273e-06	5.2359e-06
342	0.73906	0.26092	9.7125e-06	3.4624e-06
343	0.80326	0.19672	1.0477e-05	2.6053e-06
344	0.83076	0.16922	1.0759e-05	2.2311e-06
345	0.84266	0.15733	1.0831e-05	2.0635e-06
346	0.84536	0.15463	1.0778e-05	2.0161e-06
347	0.85278	0.14721	1.0786e-05	1.9083e-06
348	0.86598	0.13401	1.0868e-05	1.728e-06
349	0.88681	0.11317	1.1045e-05	1.4531e-06
350	0.88355	0.11644	1.0912e-05	1.484e-06
351	0.8842	0.11579	1.0831e-05	1.4648e-06
352	0.88888	0.11111	1.08e-05	1.3955e-06
353	0.89823	0.10176	1.0828e-05	1.2691e-06
354	0.91509	0.084899	1.094e-05	1.0539e-06
355	0.91098	0.089006	1.0797e-05	1.0945e-06
356	0.9104	0.089588	1.0699e-05	1.0916e-06
357	0.91326	0.086724	1.0643e-05	1.0472e-06
358	0.91035	0.089634	1.0514e-05	1.0716e-06
359	0.911	0.08899	1.0428e-05	1.0536e-06
360	0.91529	0.0847	1.0386e-05	9.9295e-07
361	0.92482	0.075165	1.0399e-05	8.7334e-07
362	0.93996	0.060029	1.0475e-05	6.9104e-07
363	0.9627	0.037289	1.0636e-05	4.2443e-07
364	0.97328	0.026709	1.065e-05	3.009e-07
365	0.97739	0.022602	1.059e-05	2.5145e-07
366	0.98528	0.01471	1.0566e-05	1.6171e-07
367	0.98883	0.011158	1.0489e-05	1.2131e-07
368	0.99494	0.0050502	1.0439e-05	5.4139e-08
369	0.99795	0.0020399	1.035e-05	2.1618e-08
370	0.99774	0.0022476	1.0222e-05	2.3477e-08
371	0.99671	0.0032787	1.0087e-05	3.3635e-08
372	0.99442	0.0055702	9.9344e-06	5.6339e-08
373	0.99354	0.0064513	9.7977e-06	6.4325e-08
374	0.99418	0.0058091	9.6714e-06	5.7288e-08
375	0.9962	0.0037923	9.5592e-06	3.7038e-08
376	0.99675	0.0032364	9.4336e-06	3.119e-08
377	0.99848	0.0015142	9.3197e-06	1.4424e-08
378	0.99929	0.00069969	9.1979e-06	6.5586e-09
379	0.99867	0.0013212	9.0637e-06	1.2047e-08
380	0.99747	0.0025181	8.92e-06	2.2568e-08
381	0.99471	0.0052766	8.7639e-06	4.6364e-08
382	0.99369	0.0063009	8.619e-06	5.4502e-08
383	0.99418	0.0058091	8.4827e-06	4.95e-08
384	0.99602	0.0039708	8.3585e-06	3.322e-08
385	0.99982	0.00017083	8.2453e-06	1.4094e-09
386	0.99938	0.00061149	8.0922e-06	5.0016e-09
387	0.99965	0.0003396	7.9458e-06	2.7519e-09
388	0.99697	0.0030177	7.777e-06	2.3845e-08
389	0.99566	0.0043372	7.6203e-06	3.3577e-08
390	0.99552	0.0044727	7.4737e-06	3.3911e-08
391	0.99427	0.005722	7.3144e-06	4.2517e-08
392	0.99432	0.0056738	7.1657e-06	4.1265e-08
393	0.99588	0.0041082	7.0232e-06	2.9351e-08
394	0.99615	0.0038415	6.872e-06	2.686e-08
395	0.99093	0.0090664	6.6843e-06	6.1566e-08
396	0.97888	0.021112	6.4542e-06	1.3926e-07
397	0.97193	0.028064	6.2559e-06	1.8073e-07
398	0.96809	0.031899	6.0802e-06	2.0018e-07
399	0.96677	0.033229	5.9218e-06	2.0291e-07
400	0.96783	0.032162	5.7789e-06	1.9074e-07
401	0.97145	0.028547	5.6513e-06	1.6381e-07
402	0.97881	0.021184	5.5394e-06	1.1674e-07
403	0.98169	0.018304	5.3959e-06	9.6954e-08
404	0.98705	0.012948	5.2653e-06	6.4694e-08
405	0.9892	0.010795	5.1119e-06	5.0834e-08
406	0.98938	0.01062	4.9439e-06	4.7287e-08
407	0.99117	0.0088236	4.784e-06	3.6084e-08
408	0.99479	0.0052061	4.6325e-06	1.7013e-08
409	0.99374	0.0062517	4.8105e-06	2.4015e-08
410	0.99399	0.0060085	4.9949e-06	2.52e-08
411	0.98769	0.012305	5.1472e-06	5.9249e-08
412	0.94284	0.057154	5.0844e-06	3.0396e-07
413	0.91495	0.085046	5.0952e-06	4.7071e-07
414	0.89811	0.10188	5.1554e-06	5.8361e-07
415	0.85846	0.14154	5.0751e-06	8.3751e-07
416	0.83156	0.16843	5.0606e-06	1.0261e-06
417	0.8158	0.1842	5.1023e-06	1.1541e-06
418	0.80781	0.19218	5.1849e-06	1.2372e-06
419	0.80591	0.19409	5.301e-06	1.2823e-06
420	0.80865	0.19134	5.449e-06	1.2962e-06
421	0.7021	0.29789	4.8414e-06	2.066e-06
422	0.62826	0.37173	4.4347e-06	2.6354e-06
423	0.57738	0.42262	4.1721e-06	3.0607e-06
424	0.46989	0.5301	3.4718e-06	3.9198e-06
425	0.40226	0.59773	3.0334e-06	4.5132e-06
426	0.36	0.63999	2.7665e-06	4.9312e-06
427	0.26356	0.73644	2.0638e-06	5.7848e-06
428	0.20271	0.79728	1.6136e-06	6.3824e-06
429	0.16102	0.83897	1.3043e-06	6.8387e-06
430	0.13498	0.86501	1.1107e-06	7.1759e-06
431	0.11725	0.88274	9.8075e-07	7.4488e-06
432	0.10565	0.89434	8.9907e-07	7.673e-06
433	0.075835	0.92416	6.579e-07	8.0562e-06
434	0.057119	0.94287	5.0428e-07	8.3485e-06
435	0.045517	0.95447	4.082e-07	8.5798e-06
436	0.038559	0.96143	3.5065e-07	8.7691e-06
437	0.034762	0.96523	3.2007e-07	8.9281e-06
438	0.033307	0.96668	3.1012e-07	9.0631e-06
439	0.033449	0.96654	3.1524e-07	9.1824e-06
440	0.035689	0.9643	3.4006e-07	9.2787e-06
441	0.040506	0.95948	3.897e-07	9.3468e-06
442	0.040246	0.95974	3.9046e-07	9.4603e-06
443	0.041776	0.95821	4.0915e-07	9.5554e-06
444	0.045227	0.95476	4.476e-07	9.6301e-06
445	0.051896	0.94809	5.1842e-07	9.6691e-06
446	0.062146	0.93784	6.2743e-07	9.6694e-06
447	0.078879	0.92111	8.0371e-07	9.5989e-06
448	0.074492	0.9255	7.6535e-07	9.7426e-06
449	0.073507	0.92648	7.6116e-07	9.8487e-06
450	0.074947	0.92504	7.8287e-07	9.9284e-06
451	0.069341	0.93065	7.2991e-07	1.0082e-05
452	0.066473	0.93352	7.0585e-07	1.0207e-05
453	0.066054	0.93393	7.0828e-07	1.0304e-05
454	0.05831	0.94168	6.3096e-07	1.0481e-05
455	0.053539	0.94645	5.8527e-07	1.0625e-05
456	0.051777	0.94821	5.7138e-07	1.0735e-05
457	0.043733	0.95626	4.8585e-07	1.0912e-05
458	0.038515	0.96147	4.313e-07	1.1058e-05
459	0.035511	0.96448	4.0137e-07	1.118e-05
460	0.034759	0.96523	3.9624e-07	1.1272e-05
461	0.036098	0.96389	4.1478e-07	1.1338e-05
462	0.039803	0.96019	4.6066e-07	1.1373e-05
463	0.038061	0.96193	4.4331e-07	1.1471e-05
464	0.038537	0.96145	4.5146e-07	1.154e-05
465	0.040803	0.95919	4.8139e-07	1.1587e-05
466	0.038345	0.96164	4.5432e-07	1.1687e-05
467	0.037689	0.9623	4.4904e-07	1.1765e-05
468	0.039221	0.96077	4.6964e-07	1.1814e-05
469	0.043265	0.95672	5.2032e-07	1.1829e-05
470	0.049793	0.95019	6.0219e-07	1.1813e-05
471	0.060864	0.93912	7.3943e-07	1.1737e-05
472	0.078837	0.92115	9.6087e-07	1.1575e-05
473	0.10479	0.8952	1.2836e-06	1.131e-05
474	0.14264	0.85735	1.7585e-06	1.0893e-05
475	0.1581	0.84189	1.9598e-06	1.0749e-05
476	0.14806	0.85193	1.842e-06	1.0924e-05
477	0.14258	0.85741	1.7818e-06	1.1042e-05
478	0.14176	0.85823	1.7789e-06	1.1098e-05
479	0.14437	0.85562	1.8206e-06	1.111e-05
480	0.11575	0.88423	1.4599e-06	1.152e-05
481	0.09634	0.90365	1.2167e-06	1.1813e-05
482	0.083377	0.91661	1.0556e-06	1.2023e-05
483	0.075032	0.92495	9.5356e-07	1.2174e-05
484	0.070012	0.92998	8.9407e-07	1.2282e-05
485	0.068384	0.9316	8.7714e-07	1.2344e-05
486	0.069089	0.9309	8.9106e-07	1.2375e-05
487	0.073026	0.92696	9.4675e-07	1.236e-05
488	0.081013	0.91897	1.0554e-06	1.2289e-05
489	0.093467	0.90652	1.2249e-06	1.2157e-05
490	0.11392	0.88607	1.5004e-06	1.1916e-05
491	0.1436	0.85639	1.9028e-06	1.1547e-05
492	0.18698	0.813	2.495e-06	1.0988e-05
493	0.20645	0.79354	2.7636e-06	1.0749e-05
494	0.23839	0.76159	3.1989e-06	1.034e-05
495	0.28958	0.71041	3.891e-06	9.6705e-06
496	0.29006	0.70993	3.9035e-06	9.6804e-06
497	0.29672	0.70327	3.9975e-06	9.6051e-06
498	0.29179	0.7082	3.9358e-06	9.6855e-06
499	0.29293	0.70705	3.9542e-06	9.6821e-06
500	0.30038	0.6996	4.0559e-06	9.5915e-06
501	0.31407	0.68592	4.2439e-06	9.4148e-06
502	0.33816	0.66183	4.5703e-06	9.096e-06
503	0.37393	0.62605	5.0578e-06	8.6159e-06
504	0.43157	0.56841	5.8372e-06	7.8403e-06
505	0.51588	0.4841	6.9846e-06	6.6969e-06
506	0.6388	0.36119	8.6676e-06	5.0183e-06
507	0.81552	0.18446	1.1101e-05	2.5894e-06
508	0.83874	0.16124	1.1427e-05	2.2693e-06
509	0.84833	0.15166	1.156e-05	2.1381e-06
510	0.8482	0.15179	1.156e-05	2.1405e-06
511	0.81084	0.18914	1.1047e-05	2.657e-06
512	0.78602	0.21397	1.0709e-05	2.9985e-06
513	0.7718	0.22819	1.0513e-05	3.1948e-06
514	0.73569	0.2643	1.0017e-05	3.6905e-06
515	0.71152	0.28846	9.6889e-06	4.0201e-06
516	0.69798	0.302	9.5012e-06	4.2046e-06
517	0.58821	0.41177	7.9833e-06	5.7151e-06
518	0.5192	0.48079	7.0212e-06	6.6657e-06
519	0.47616	0.52383	6.4143e-06	7.2571e-06
520	0.44704	0.55295	6.0042e-06	7.6518e-06
521	0.43021	0.56978	5.7605e-06	7.8763e-06
522	0.42044	0.57955	5.616e-06	8.0018e-06
523	0.39036	0.60963	5.1966e-06	8.4022e-06
524	0.37051	0.62948	4.9198e-06	8.6603e-06
525	0.3585	0.64149	4.7514e-06	8.8101e-06
526	0.32813	0.67186	4.3326e-06	9.2065e-06
527	0.31016	0.68983	4.0794e-06	9.4335e-06
528	0.2994	0.70059	3.9258e-06	9.561e-06
529	0.29414	0.70585	3.8477e-06	9.613e-06
530	0.29369	0.7063	3.835e-06	9.5994e-06
531	0.29937	0.70061	3.9016e-06	9.503e-06
532	0.26834	0.73165	3.4828e-06	9.8918e-06
533	0.24976	0.75022	3.2275e-06	1.0114e-05
534	0.23808	0.7619	3.0659e-06	1.0241e-05
535	0.20947	0.79052	2.6797e-06	1.059e-05
536	0.19019	0.80979	2.4199e-06	1.0812e-05
537	0.1777	0.82228	2.2511e-06	1.0944e-05
538	0.17034	0.82964	2.1505e-06	1.1006e-05
539	0.16715	0.83284	2.1047e-06	1.1014e-05
540	0.16782	0.83217	2.1098e-06	1.097e-05
541	0.15847	0.84151	1.9877e-06	1.1053e-05
542	0.1546	0.84539	1.9341e-06	1.1065e-05
543	0.15539	0.84459	1.9387e-06	1.1014e-05
544	0.12187	0.87812	1.5066e-06	1.1397e-05
545	0.099014	0.90097	1.2141e-06	1.164e-05
546	0.083603	0.91638	1.018e-06	1.1786e-05
547	0.073451	0.92654	8.8925e-07	1.1865e-05
548	0.067911	0.93208	8.1726e-07	1.1883e-05
549	0.065811	0.93418	7.8728e-07	1.1856e-05
550	0.066102	0.93389	7.8724e-07	1.1798e-05
551	0.068824	0.93116	8.1725e-07	1.171e-05
552	0.075157	0.92483	8.8985e-07	1.1576e-05
553	0.074298	0.92569	8.7503e-07	1.1529e-05
554	0.075979	0.92401	8.9134e-07	1.1451e-05
555	0.080439	0.91955	9.4133e-07	1.1338e-05
556	0.088307	0.91168	1.0324e-06	1.1184e-05
557	0.088334	0.91165	1.0291e-06	1.1125e-05
558	0.091193	0.9088	1.0601e-06	1.103e-05
559	0.086508	0.91348	1.0022e-06	1.1024e-05
560	0.085484	0.9145	9.8659e-07	1.0972e-05
561	0.087919	0.91207	1.0107e-06	1.0877e-05
562	0.083531	0.91646	9.5566e-07	1.086e-05
563	0.08193	0.91806	9.3377e-07	1.081e-05
564	0.083686	0.9163	9.4982e-07	1.0719e-05
565	0.078369	0.92162	8.8546e-07	1.0707e-05
566	0.076669	0.92332	8.618e-07	1.0652e-05
567	0.077553	0.92244	8.681e-07	1.0566e-05
568	0.081894	0.91809	9.1253e-07	1.0438e-05
569	0.090599	0.90939	1.0044e-06	1.026e-05
570	0.10551	0.89448	1.1628e-06	1.0012e-05
571	0.12978	0.87021	1.4202e-06	9.6608e-06
572	0.16491	0.83508	1.7938e-06	9.1932e-06
573	0.22079	0.7792	2.3828e-06	8.5068e-06
574	0.2447	0.75529	2.6197e-06	8.1723e-06
575	0.28367	0.71632	3.0096e-06	7.6811e-06
576	0.34013	0.65986	3.5797e-06	7.0095e-06
577	0.3661	0.63389	3.8151e-06	6.6688e-06
578	0.40506	0.59493	4.1822e-06	6.1965e-06
579	0.42008	0.57991	4.2963e-06	5.9771e-06
580	0.44646	0.55353	4.5201e-06	5.6443e-06
581	0.48616	0.51383	4.8754e-06	5.1802e-06
582	0.54406	0.45593	5.4083e-06	4.5384e-06
583	0.54592	0.45407	5.3673e-06	4.4665e-06
584	0.555	0.44499	5.3932e-06	4.3238e-06
585	0.5711	0.42889	5.4862e-06	4.1142e-06
586	0.59634	0.40365	5.6649e-06	3.8189e-06
587	0.63407	0.36592	5.9591e-06	3.4084e-06
588	0.69491	0.30508	6.4572e-06	2.7899e-06
589	0.67999	0.32	6.2445e-06	2.8826e-06
590	0.67172	0.32827	6.0953e-06	2.912e-06
591	0.669	0.33099	5.998e-06	2.8899e-06
592	0.67147	0.32852	5.9478e-06	2.8208e-06
593	0.68104	0.31896	5.9555e-06	2.6897e-06
594	0.6997	0.30029	6.0363e-06	2.4815e-06
595	0.68619	0.3138	5.8446e-06	2.5459e-06
596	0.67904	0.32095	5.7083e-06	2.5553e-06
597	0.67747	0.32253	5.6192e-06	2.5177e-06
598	0.68246	0.31753	5.5797e-06	2.4265e-06
599	0.69509	0.30491	5.5965e-06	2.2748e-06
600	0.63121	0.36878	5.0435e-06	2.6888e-06
601	0.59153	0.40847	4.6755e-06	2.9137e-06
602	0.56763	0.43237	4.4259e-06	3.0162e-06
603	0.55254	0.44746	4.2456e-06	3.0495e-06
604	0.54582	0.45417	4.1241e-06	3.02e-06
605	0.54605	0.45394	4.0497e-06	2.9394e-06
606	0.55196	0.44803	4.0156e-06	2.8186e-06
607	0.56604	0.43396	4.0335e-06	2.6419e-06
608	0.5886	0.4114	4.1068e-06	2.4098e-06
609	0.62307	0.37692	4.2564e-06	2.1016e-06
610	0.61747	0.38252	4.3305e-06	2.2283e-06
611	0.61864	0.38136	4.4451e-06	2.3103e-06
612	0.60689	0.39311	4.4703e-06	2.4821e-06
613	0.60278	0.39721	4.5442e-06	2.6011e-06
614	0.60403	0.39596	4.6571e-06	2.6814e-06
615	0.6108	0.38919	4.8123e-06	2.72e-06
616	0.60563	0.39436	4.8807e-06	2.8458e-06
617	0.60604	0.39395	4.9931e-06	2.9283e-06
618	0.61339	0.3866	5.1574e-06	2.9547e-06
619	0.58336	0.41663	5.0111e-06	3.2923e-06
620	0.56599	0.434	4.9613e-06	3.5293e-06
621	0.55756	0.44243	4.9819e-06	3.6919e-06
622	0.46435	0.53564	4.2201e-06	4.6372e-06
623	0.40057	0.59943	3.7056e-06	5.3358e-06
624	0.36086	0.63913	3.3942e-06	5.8273e-06
625	0.33677	0.66322	3.218e-06	6.1798e-06
626	0.32123	0.67876	3.1197e-06	6.4545e-06
627	0.31219	0.6878	3.0823e-06	6.6684e-06
628	0.30978	0.69021	3.1063e-06	6.8171e-06
629	0.31233	0.68766	3.181e-06	6.9154e-06
630	0.32156	0.67843	3.3224e-06	6.9432e-06
631	0.33943	0.66056	3.553e-06	6.878e-06
632	0.34306	0.65693	3.6421e-06	6.9543e-06
633	0.35233	0.64766	3.794e-06	6.9683e-06
634	0.32624	0.67375	3.5622e-06	7.3663e-06
635	0.31122	0.68877	3.4433e-06	7.6475e-06
636	0.30407	0.69592	3.4068e-06	7.8426e-06
637	0.30324	0.69675	3.4384e-06	7.9657e-06
638	0.30719	0.69279	3.526e-06	8.0331e-06
639	0.31667	0.68332	3.6802e-06	8.0341e-06
640	0.33481	0.66518	3.936e-06	7.9297e-06
641	0.36241	0.63758	4.3109e-06	7.7064e-06
642	0.40364	0.59635	4.8609e-06	7.3084e-06
643	0.40015	0.59984	4.878e-06	7.4438e-06
644	0.38189	0.61809	4.7119e-06	7.7628e-06
645	0.37257	0.62742	4.6497e-06	7.9738e-06
646	0.37019	0.62979	4.6709e-06	8.0977e-06
647	0.37288	0.6271	4.758e-06	8.1559e-06
648	0.38259	0.6174	4.9342e-06	8.1211e-06
649	0.3992	0.60079	5.2056e-06	7.9916e-06
650	0.42788	0.57211	5.6378e-06	7.6973e-06
651	0.47023	0.52976	6.264e-06	7.2095e-06
652	0.46728	0.53271	6.2892e-06	7.3233e-06
653	0.47109	0.52889	6.4034e-06	7.3442e-06
654	0.48075	0.51924	6.6014e-06	7.2819e-06
655	0.4978	0.50218	6.9082e-06	7.1114e-06
656	0.52733	0.47266	7.3925e-06	6.7594e-06
657	0.57099	0.429	8.0911e-06	6.1938e-06
658	0.641	0.35898	9.1761e-06	5.2376e-06
659	0.74335	0.25664	1.076e-05	3.7836e-06
660	0.89068	0.10931	1.3049e-05	1.6258e-06
661	0.90916	0.090826	1.3446e-05	1.3608e-06
662	0.93967	0.060319	1.4025e-05	9.1005e-07
663	0.9887	0.011286	1.4886e-05	1.7208e-07
664	0.99505	0.0049372	1.5108e-05	7.5596e-08
665	0.99817	0.0018137	1.5275e-05	2.7892e-08
666	0.99983	0.00015138	1.5416e-05	2.3509e-09
667	0.99972	0.0002652	1.5531e-05	4.1088e-09
668	0.99968	0.00030477	1.5642e-05	4.7565e-09
669	0.99856	0.001425	1.5738e-05	2.2275e-08
670	0.99648	0.0034998	1.5814e-05	5.5181e-08
671	0.99585	0.0041325	1.5908e-05	6.5681e-08
672	0.99652	0.003461	1.6017e-05	5.5504e-08
673	0.9931	0.0068801	1.6063e-05	1.1109e-07
674	0.99168	0.0083081	1.6135e-05	1.3517e-07
675	0.99172	0.0082675	1.6233e-05	1.3523e-07
676	0.99348	0.0065036	1.6354e-05	1.0709e-07
677	0.99354	0.0064433	1.6449e-05	1.0659e-07
678	0.99197	0.0080131	1.6512e-05	1.3336e-07
679	0.99208	0.0078998	1.6598e-05	1.324e-07
680	0.99362	0.0063626	1.671e-05	1.0723e-07
681	0.99715	0.0028283	1.6851e-05	4.8296e-08
682	0.99675	0.0032362	1.6928e-05	5.5606e-08
683	0.9974	0.0025782	1.7024e-05	4.4565e-08
684	0.99922	0.00076109	1.7143e-05	1.3237e-08
685	0.99915	0.00083523	1.7231e-05	1.4477e-08
686	0.99993	4.8209e-05	1.7329e-05	8.4385e-10
687	0.99997	1.4665e-05	1.7417e-05	2.5848e-10
688	0.99991	7.117e-05	1.7506e-05	1.251e-09
689	0.99857	0.0014089	1.7567e-05	2.5011e-08
690	0.99819	0.0017881	1.7648e-05	3.1862e-08
691	0.99709	0.0028957	1.7717e-05	5.1627e-08
692	0.99718	0.0028048	1.7803e-05	5.0293e-08
693	0.99831	0.0016718	1.7909e-05	3.0052e-08
694	0.99882	0.00116	1.8e-05	2.097e-08
695	0.9989	0.0010819	1.8084e-05	1.9574e-08
696	0.99992	5.7961e-05	1.8181e-05	1.0489e-09
697	0.99998	2.564e-06	1.8255e-05	4.7071e-11
698	0.99993	4.9683e-05	1.8329e-05	9.1622e-10
699	0.99983	0.00015334	1.8404e-05	2.8265e-09
700	0.99918	0.00080338	1.8465e-05	1.4937e-08
701	0.99811	0.0018728	1.8512e-05	3.5131e-08
702	0.99811	0.0018731	1.8574e-05	3.5572e-08
703	0.99451	0.0054702	1.8569e-05	1.0429e-07
704	0.99261	0.0073749	1.8598e-05	1.4104e-07
705	0.99214	0.007839	1.8657e-05	1.5045e-07
706	0.99309	0.0068908	1.8744e-05	1.3279e-07
707	0.99554	0.0044369	1.8863e-05	8.591e-08
708	0.99983	0.00015275	1.902e-05	2.9896e-09
709	0.9816	0.01838	1.8736e-05	3.5566e-07
710	0.9706	0.029377	1.8584e-05	5.7158e-07
711	0.9638	0.036184	1.8515e-05	7.0628e-07
712	0.94869	0.051294	1.8277e-05	1.0053e-06
713	0.93913	0.060849	1.8149e-05	1.196e-06
714	0.93451	0.065469	1.8111e-05	1.2916e-06
715	0.92177	0.078209	1.7907e-05	1.5494e-06
716	0.8916	0.10838	1.7358e-05	2.1528e-06
717	0.87163	0.12835	1.7013e-05	2.5545e-06
718	0.82454	0.17544	1.6135e-05	3.4917e-06
719	0.79557	0.20441	1.5603e-05	4.0777e-06
720	0.77852	0.22146	1.5299e-05	4.4307e-06
721	0.76978	0.2302	1.5154e-05	4.6198e-06
722	0.76644	0.23354	1.512e-05	4.7e-06
723	0.76804	0.23194	1.5188e-05	4.6805e-06
724	0.77599	0.22399	1.5377e-05	4.5347e-06
725	0.77352	0.22646	1.5361e-05	4.5956e-06
726	0.77578	0.2242	1.5442e-05	4.5604e-06
727	0.78306	0.21692	1.5629e-05	4.4222e-06
728	0.79812	0.20186	1.5967e-05	4.1267e-06
729	0.82153	0.17845	1.6482e-05	3.6576e-06
730	0.8564	0.14358	1.7237e-05	2.9484e-06
731	0.91256	0.087415	1.8425e-05	1.8027e-06
732	0.99478	0.005195	2.0164e-05	1.0779e-07
733	0.99499	0.0049853	2.0265e-05	1.0325e-07
734	0.994	0.0059758	2.0336e-05	1.2362e-07
735	0.99431	0.0056704	2.0437e-05	1.1719e-07
736	0.99333	0.0066493	2.0506e-05	1.3746e-07
737	0.99389	0.0060899	2.0601e-05	1.2622e-07
738	0.99611	0.003874	2.0725e-05	8.0618e-08
739	0.9944	0.0055749	2.0771e-05	1.1617e-07
740	0.99423	0.0057458	2.0843e-05	1.2017e-07
741	0.9927	0.0072832	2.0881e-05	1.5313e-07
742	0.98896	0.011024	2.0867e-05	2.3333e-07
743	0.98718	0.012796	2.0897e-05	2.7175e-07
744	0.98713	0.012852	2.0965e-05	2.7349e-07
745	0.98908	0.010894	2.1072e-05	2.3259e-07
746	0.98906	0.010914	2.1131e-05	2.34e-07
747	0.99066	0.0093182	2.1228e-05	2.0036e-07
748	0.99053	0.0094507	2.1282e-05	2.0399e-07
749	0.99192	0.0080563	2.1372e-05	1.7433e-07
750	0.99537	0.0046051	2.1501e-05	1.0034e-07
751	0.99414	0.0058337	2.1531e-05	1.2732e-07
752	0.99441	0.0055706	2.1589e-05	1.2216e-07
753	0.99596	0.0040139	2.1677e-05	8.8458e-08
754	0.99906	0.00091553	2.1802e-05	2.0403e-08
755	0.99804	0.0019371	2.1838e-05	4.2956e-08
756	0.99797	0.0020129	2.1898e-05	4.4642e-08
757	0.99222	0.0077629	2.1827e-05	1.7221e-07
758	0.98878	0.011194	2.1809e-05	2.4846e-07
759	0.98755	0.01243	2.1834e-05	2.7674e-07
760	0.98825	0.01173	2.1897e-05	2.6245e-07
761	0.99065	0.0093238	2.2001e-05	2.0968e-07
762	0.99515	0.0048289	2.2154e-05	1.0943e-07
763	0.99452	0.0054575	2.2195e-05	1.2372e-07
764	0.99533	0.0046495	2.2263e-05	1.0597e-07
765	0.99747	0.0025094	2.2364e-05	5.7806e-08
766	0.99833	0.001647	2.2439e-05	3.8336e-08
767	0.9924	0.0075823	2.236e-05	1.7463e-07
768	0.84517	0.15481	1.9051e-05	3.5435e-06
769	0.75219	0.24779	1.6954e-05	5.695e-06
770	0.68786	0.31211	1.5519e-05	7.1876e-06
771	0.64794	0.35204	1.4629e-05	8.1292e-06
772	0.6239	0.37608	1.4097e-05	8.709e-06
773	0.60868	0.3913	1.3772e-05	9.0836e-06
774	0.60048	0.39949	1.3611e-05	9.2954e-06
775	0.59934	0.40064	1.3607e-05	9.3456e-06
776	0.60357	0.39641	1.373e-05	9.2708e-06
777	0.61372	0.38625	1.3994e-05	9.057e-06
778	0.52475	0.47522	1.197e-05	1.1132e-05
779	0.4689	0.53108	1.0694e-05	1.2454e-05
780	0.43063	0.56935	9.8298e-06	1.3367e-05
781	0.40762	0.59236	9.3106e-06	1.393e-05
782	0.39305	0.60692	8.9897e-06	1.4296e-05
783	0.38653	0.61345	8.851e-06	1.4476e-05
784	0.3853	0.61467	8.8378e-06	1.4531e-05
785	0.39065	0.60933	8.974e-06	1.4433e-05
786	0.40213	0.59784	9.2567e-06	1.419e-05
787	0.4012	0.59878	9.246e-06	1.4236e-05
788	0.40694	0.59303	9.3876e-06	1.4125e-05
789	0.41873	0.58125	9.6737e-06	1.3871e-05
790	0.44054	0.55944	1.019e-05	1.3383e-05
791	0.47341	0.52656	1.097e-05	1.2632e-05
792	0.4851	0.51488	1.1259e-05	1.2374e-05
793	0.50447	0.4955	1.1733e-05	1.1931e-05
794	0.5341	0.46587	1.2458e-05	1.1239e-05
795	0.57849	0.42149	1.3544e-05	1.0188e-05
796	0.64963	0.35034	1.5265e-05	8.4973e-06
797	0.68007	0.31991	1.602e-05	7.7739e-06
798	0.6907	0.30927	1.6304e-05	7.5238e-06
799	0.70861	0.29137	1.677e-05	7.0944e-06
800	0.73921	0.26076	1.7538e-05	6.3568e-06
801	0.78896	0.21101	1.8765e-05	5.1563e-06
802	0.80994	0.19004	1.9301e-05	4.6488e-06
803	0.84481	0.15517	2.0168e-05	3.8047e-06
804	0.89577	0.10421	2.1438e-05	2.5607e-06
805	0.96957	0.030405	2.3281e-05	7.4522e-07
806	0.98032	0.01966	2.3567e-05	4.8189e-07
807	0.98522	0.014756	2.3704e-05	3.6219e-07
808	0.98701	0.01297	2.376e-05	3.1894e-07
809	0.99126	0.0087121	2.387e-05	2.1618e-07
810	0.99276	0.0072109	2.3916e-05	1.7999e-07
811	0.94439	0.055583	2.2719e-05	1.3819e-06
812	0.91429	0.085681	2.1966e-05	2.1342e-06
813	0.8943	0.10568	2.147e-05	2.6321e-06
814	0.84843	0.15155	2.034e-05	3.7666e-06
815	0.81715	0.18283	1.9575e-05	4.5373e-06
816	0.79632	0.20365	1.9072e-05	5.0489e-06
817	0.78341	0.21656	1.8767e-05	5.3653e-06
818	0.77774	0.22224	1.8631e-05	5.5065e-06
819	0.77706	0.22291	1.8621e-05	5.5244e-06
820	0.78238	0.2176	1.8752e-05	5.3974e-06
821	0.79321	0.20676	1.902e-05	5.1342e-06
822	0.81127	0.18871	1.947e-05	4.6919e-06
823	0.81662	0.18335	1.9612e-05	4.5594e-06
824	0.82883	0.17114	1.9917e-05	4.2597e-06
825	0.84854	0.15143	2.041e-05	3.773e-06
826	0.85619	0.14378	2.0601e-05	3.5847e-06
827	0.87112	0.12886	2.0963e-05	3.2196e-06
828	0.89431	0.10567	2.1534e-05	2.6491e-06
829	0.89143	0.10854	2.1466e-05	2.7185e-06
830	0.89236	0.10761	2.1495e-05	2.6934e-06
831	0.89724	0.10274	2.1625e-05	2.5701e-06
832	0.90674	0.093231	2.1874e-05	2.3305e-06
833	0.92373	0.076251	2.2302e-05	1.9064e-06
834	0.94948	0.050491	2.2955e-05	1.2603e-06
835	0.99103	0.0089411	2.3993e-05	2.2352e-07
836	0.99191	0.0080634	2.402e-05	2.0063e-07
837	0.99469	0.0052872	2.4088e-05	1.3132e-07
838	0.99581	0.0041647	2.411e-05	1.0337e-07
839	0.99584	0.0041332	2.4099e-05	1.0257e-07
840	0.99703	0.0029469	2.412e-05	7.3351e-08
841	0.99484	0.005136	2.406e-05	1.2673e-07
842	0.98985	0.010128	2.3935e-05	2.4786e-07
843	0.98709	0.012883	2.3867e-05	3.1409e-07
844	0.98647	0.013506	2.3846e-05	3.2902e-07
845	0.98785	0.012127	2.3867e-05	2.9579e-07
846	0.99109	0.0088891	2.3937e-05	2.17e-07
847	0.99199	0.007986	2.3953e-05	1.9463e-07
848	0.99479	0.0051826	2.4009e-05	1.2652e-07
849	0.99965	0.00032571	2.4119e-05	8.0146e-09
850	0.99976	0.00022038	2.4115e-05	5.4175e-09
851	0.99921	0.00076269	2.4098e-05	1.8586e-08
852	0.99942	0.00055616	2.4101e-05	1.3539e-08
853	0.99953	0.00044412	2.4097e-05	1.091e-08
854	0.99846	0.0015175	2.4067e-05	3.7191e-08
855	0.98915	0.010822	2.3829e-05	2.6593e-07
856	0.96831	0.031667	2.3313e-05	7.754e-07
857	0.95572	0.044256	2.2992e-05	1.0845e-06
858	0.94792	0.052052	2.2793e-05	1.2748e-06
859	0.94445	0.055526	2.2693e-05	1.3604e-06
860	0.944	0.055972	2.267e-05	1.3716e-06
861	0.94652	0.053451	2.2723e-05	1.31e-06
862	0.93225	0.067726	2.2361e-05	1.6575e-06
863	0.9233	0.07668	2.2133e-05	1.8738e-06
864	0.91935	0.080627	2.202e-05	1.9694e-06
865	0.90643	0.09355	2.1694e-05	2.2809e-06
866	0.89869	0.10129	2.1497e-05	2.4654e-06
867	0.89511	0.10487	2.1404e-05	2.5483e-06
868	0.89522	0.10476	2.1403e-05	2.5414e-06
869	0.89999	0.099989	2.1509e-05	2.4229e-06
870	0.91041	0.089569	2.1745e-05	2.1691e-06
871	0.92868	0.071295	2.2163e-05	1.7283e-06
872	0.9559	0.044076	2.28e-05	1.0701e-06
873	0.99616	0.0038141	2.3759e-05	9.3386e-08
874	0.99747	0.0025089	2.3776e-05	6.1427e-08
875	0.99592	0.0040515	2.3718e-05	9.8616e-08
876	0.99558	0.0044006	2.3691e-05	1.0687e-07
877	0.99386	0.0061161	2.3635e-05	1.4769e-07
878	0.99349	0.0064851	2.3613e-05	1.56e-07
879	0.99466	0.0053147	2.3623e-05	1.2781e-07
880	0.99463	0.0053422	2.3598e-05	1.2856e-07
881	0.99585	0.0041276	2.3606e-05	9.9439e-08
882	0.99847	0.0015103	2.365e-05	3.6585e-08
883	0.99976	0.00021957	2.3665e-05	5.4967e-09
884	0.9918	0.0081769	2.3456e-05	2.0086e-07
885	0.98685	0.013125	2.3324e-05	3.2193e-07
886	0.97536	0.024613	2.3036e-05	6.0125e-07
887	0.96804	0.031941	2.2852e-05	7.7863e-07
888	0.9639	0.036078	2.2748e-05	8.7833e-07
889	0.92568	0.074296	2.1831e-05	1.7931e-06
890	0.89964	0.10034	2.1212e-05	2.4132e-06
891	0.88232	0.11766	2.0804e-05	2.8232e-06
892	0.84527	0.15471	1.9921e-05	3.7043e-06
893	0.76854	0.23144	1.8082e-05	5.5366e-06
894	0.71628	0.2837	1.6836e-05	6.7768e-06
895	0.68406	0.31592	1.606e-05	7.5433e-06
896	0.66308	0.33689	1.5557e-05	8.0384e-06
897	0.65192	0.34806	1.5282e-05	8.3016e-06
898	0.64818	0.35179	1.5178e-05	8.3888e-06
899	0.64971	0.35027	1.5201e-05	8.3499e-06
900	0.6569	0.34308	1.5362e-05	8.1758e-06
901	0.67077	0.32921	1.5684e-05	7.842e-06
902	0.69557	0.30441	1.6258e-05	7.2519e-06
903	0.73651	0.26347	1.7203e-05	6.2858e-06
904	0.75314	0.24684	1.7581e-05	5.8891e-06
905	0.77884	0.22113	1.8178e-05	5.2757e-06
906	0.82105	0.17893	1.9154e-05	4.2772e-06
907	0.83893	0.16105	1.9562e-05	3.8503e-06
908	0.86897	0.131	2.0248e-05	3.1397e-06
909	0.91305	0.086931	2.127e-05	2.0953e-06
910	0.91668	0.083296	2.1339e-05	2.0069e-06
911	0.92425	0.075722	2.1504e-05	1.8242e-06
912	0.93677	0.063209	2.179e-05	1.5227e-06
913	0.93173	0.06825	2.1662e-05	1.6374e-06
914	0.93012	0.06986	2.1618e-05	1.6707e-06
915	0.93236	0.067619	2.1659e-05	1.6138e-06
916	0.93893	0.06105	2.1796e-05	1.4555e-06
917	0.95009	0.049887	2.2046e-05	1.1872e-06
918	0.96899	0.030985	2.2473e-05	7.377e-07
919	0.96175	0.038228	2.2276e-05	9.0597e-07
920	0.95778	0.0422	2.2159e-05	9.9662e-07
921	0.95712	0.042853	2.2114e-05	1.0103e-06
922	0.95116	0.048821	2.1949e-05	1.1468e-06
923	0.94903	0.050943	2.1867e-05	1.1944e-06
924	0.95029	0.049682	2.1858e-05	1.164e-06
925	0.94688	0.053098	2.1735e-05	1.2428e-06
926	0.94636	0.053618	2.1683e-05	1.2534e-06
927	0.94067	0.059309	2.1514e-05	1.3827e-06
928	0.93897	0.061008	2.1432e-05	1.4201e-06
929	0.94022	0.059756	2.1421e-05	1.3887e-06
930	0.94459	0.055388	2.1485e-05	1.285e-06
931	0.95369	0.046291	2.1651e-05	1.074e-06
932	0.96791	0.032067	2.1937e-05	7.4472e-07
933	0.98941	0.010566	2.2395e-05	2.4698e-07
934	0.98807	0.011903	2.2327e-05	2.7661e-07
935	0.9836	0.016379	2.2191e-05	3.7707e-07
936	0.97394	0.026038	2.1932e-05	5.9537e-07
937	0.96867	0.031306	2.1767e-05	7.1417e-07
938	0.96614	0.033837	2.1668e-05	7.6987e-07
939	0.95855	0.04143	2.1449e-05	9.4034e-07
940	0.95503	0.04495	2.1317e-05	1.0188e-06
941	0.95426	0.045722	2.1249e-05	1.0345e-06
942	0.95621	0.043771	2.1246e-05	9.8836e-07
943	0.95362	0.046357	2.1145e-05	1.0431e-06
944	0.95432	0.045661	2.1111e-05	1.025e-06
945	0.95844	0.041538	2.1148e-05	9.3149e-07
