#coord	neutral	conserved	gBGC.neutral	gBGC.conserved
1	0.80987	0.18523	0.0039792	0.00091285
2	0.81843	0.17668	0.0040179	0.00086977
3	0.8333	0.16181	0.0040882	0.00079525
4	0.85882	0.1363	0.0042105	0.00066876
5	0.90042	0.094708	0.0044108	0.00046412
6	0.96685	0.02828	0.0047311	0.00013934
7	0.97512	0.020012	0.0047675	9.8697e-05
8	0.98801	0.0071305	0.0048269	3.5228e-05
9	0.99388	0.0012601	0.004852	6.1959e-06
10	0.9946	0.00054764	0.0048514	2.684e-06
11	0.99413	0.0010152	0.004845	4.9764e-06
12	0.99446	0.00069523	0.0048425	3.4026e-06
13	0.99462	0.00053722	0.0048392	2.6416e-06
14	0.99464	0.00051755	0.0048354	2.5513e-06
15	0.99455	0.0006198	0.0048311	3.0555e-06
16	0.99427	0.00090427	0.0048261	4.4475e-06
17	0.99369	0.0014799	0.0048195	7.2983e-06
18	0.99239	0.0027897	0.0048095	1.3734e-05
19	0.98931	0.005875	0.0047911	2.8808e-05
20	0.98289	0.012293	0.0047561	6.0284e-05
21	0.97914	0.016051	0.0047345	7.8593e-05
22	0.97785	0.017339	0.0047247	8.4936e-05
23	0.97839	0.016804	0.0047241	8.2336e-05
24	0.98087	0.014322	0.0047331	7.0196e-05
25	0.98566	0.009542	0.0047536	4.678e-05
26	0.99332	0.0018853	0.0047884	9.2064e-06
27	0.99437	0.00083535	0.0047906	4.0695e-06
28	0.9939	0.0013035	0.0047854	6.3312e-06
29	0.99427	0.00093804	0.0047844	4.5458e-06
30	0.99439	0.00082449	0.0047821	4.0036e-06
31	0.99431	0.00090221	0.0047787	4.412e-06
32	0.99392	0.0012948	0.0047739	6.3473e-06
33	0.99297	0.0022522	0.0047666	1.1025e-05
34	0.99077	0.0044581	0.0047534	2.174e-05
35	0.99011	0.0051219	0.0047475	2.5031e-05
36	0.99066	0.004565	0.0047478	2.2382e-05
37	0.98655	0.0086855	0.004725	4.2601e-05
38	0.98436	0.010878	0.0047119	5.3338e-05
39	0.98384	0.011393	0.0047072	5.5877e-05
40	0.98084	0.014394	0.0046906	7.0406e-05
41	0.97974	0.015503	0.0046834	7.5709e-05
42	0.98042	0.014822	0.004685	7.2298e-05
43	0.98299	0.012253	0.004696	5.9692e-05
44	0.98338	0.011867	0.0046963	5.7741e-05
45	0.98151	0.013733	0.0046859	6.6567e-05
46	0.98141	0.013838	0.0046843	6.6868e-05
47	0.98337	0.01188	0.0046923	5.732e-05
48	0.9878	0.0074483	0.0047121	3.5978e-05
49	0.98953	0.005726	0.0047191	2.7615e-05
50	0.98627	0.0089836	0.0047025	4.3021e-05
51	0.98506	0.010192	0.0046954	4.8726e-05
52	0.98114	0.014118	0.0046757	6.7249e-05
53	0.97177	0.023487	0.0046307	0.00011129
54	0.96665	0.028607	0.0046055	0.00013539
55	0.9647	0.03056	0.0045951	0.00014457
56	0.9655	0.029761	0.0045976	0.00014077
57	0.96866	0.026604	0.0046116	0.00012566
58	0.96857	0.026692	0.0046101	0.00012603
59	0.97115	0.024117	0.004621	0.00011386
60	0.97693	0.018333	0.0046468	8.6629e-05
61	0.97866	0.016612	0.0046538	7.848e-05
62	0.98255	0.012718	0.0046713	5.9918e-05
63	0.9898	0.0054726	0.0047045	2.5579e-05
64	0.99004	0.005232	0.0047044	2.4432e-05
65	0.99178	0.0034879	0.0047112	1.6231e-05
66	0.98431	0.010964	0.0046746	5.1474e-05
67	0.98022	0.015057	0.0046537	7.0827e-05
68	0.97824	0.017035	0.0046431	8.0068e-05
69	0.91225	0.083027	0.0043303	0.00039147
70	0.87092	0.12436	0.0041332	0.00058708
71	0.84549	0.14979	0.0040109	0.00070772
72	0.8306	0.16468	0.0039384	0.0007786
73	0.7948	0.20048	0.0037673	0.00094816
74	0.72006	0.27522	0.0034104	0.0013035
75	0.66854	0.32675	0.0031654	0.0015471
76	0.63387	0.36141	0.0030012	0.0017099
77	0.61333	0.38196	0.0029033	0.0018065
78	0.60075	0.39454	0.0028435	0.001865
79	0.59592	0.39937	0.00282	0.0018871
80	0.59665	0.39864	0.0028232	0.0018827
81	0.60303	0.39227	0.0028536	0.0018512
82	0.59765	0.39764	0.0028282	0.0018756
83	0.59906	0.39623	0.0028344	0.0018681
84	0.60619	0.38911	0.0028682	0.0018333
85	0.62176	0.37354	0.0029415	0.0017588
86	0.6491	0.3462	0.0030701	0.0016291
87	0.69394	0.30136	0.0032804	0.0014175
88	0.71219	0.28311	0.0033661	0.0013307
89	0.74328	0.25203	0.0035118	0.0011838
90	0.79374	0.20156	0.0037477	0.00094662
91	0.87426	0.12105	0.0041231	0.00056991
92	0.88265	0.11266	0.0041614	0.00053042
93	0.89824	0.097073	0.0042331	0.00045745
94	0.92216	0.073153	0.0043445	0.00034492
95	0.93204	0.063272	0.0043903	0.00029816
96	0.94919	0.046126	0.00447	0.00021746
97	0.97497	0.020339	0.004591	9.5563e-05
98	0.98755	0.0077677	0.0046492	3.6368e-05
99	0.99367	0.0016425	0.0046768	7.6416e-06
100	0.99295	0.0023683	0.0046723	1.1041e-05
101	0.99332	0.0019958	0.0046728	9.311e-06
102	0.99487	0.00044565	0.0046787	2.0943e-06
103	0.99392	0.0014042	0.0046731	6.6214e-06
104	0.99394	0.0013804	0.0046719	6.5424e-06
105	0.99483	0.00049374	0.004675	2.3776e-06
106	0.98816	0.0071685	0.0046421	3.4342e-05
107	0.97323	0.022098	0.0045701	0.00010551
108	0.96353	0.031791	0.0045235	0.00015149
109	0.89469	0.10063	0.004195	0.00047925
110	0.8472	0.14813	0.0039694	0.0007043
111	0.81518	0.18015	0.003818	0.00085522
112	0.79605	0.19928	0.003727	0.00094575
113	0.78416	0.21117	0.0036707	0.0010016
114	0.77812	0.21721	0.0036424	0.0010297
115	0.77707	0.21826	0.0036379	0.0010341
116	0.78194	0.21339	0.003661	0.0010108
117	0.79376	0.20157	0.0037166	0.00095493
118	0.81282	0.18251	0.003807	0.00086448
119	0.84474	0.15059	0.0039575	0.00071374
120	0.89633	0.098998	0.0041999	0.00047111
121	0.91911	0.076224	0.0043074	0.00036349
122	0.92841	0.066917	0.0043517	0.00031926
123	0.94335	0.05198	0.0044231	0.00024796
124	0.96807	0.027255	0.0045407	0.00013049
125	0.97864	0.01669	0.0045914	8.0037e-05
126	0.99474	0.0005887	0.004669	2.8283e-06
127	0.99463	0.00070125	0.0046688	3.3533e-06
128	0.9926	0.0027232	0.0046594	1.2988e-05
129	0.98859	0.0067407	0.0046403	3.2229e-05
130	0.9803	0.015028	0.0046005	7.2087e-05
131	0.97516	0.020168	0.0045761	9.6748e-05
132	0.97255	0.022779	0.0045639	0.00010926
133	0.9721	0.023229	0.0045623	0.00011143
134	0.97413	0.021196	0.0045722	0.00010193
135	0.9785	0.016828	0.0045935	8.1262e-05
136	0.97956	0.015768	0.0045992	7.6236e-05
137	0.97834	0.016985	0.004594	8.2161e-05
138	0.97893	0.016396	0.0045975	7.9421e-05
139	0.97669	0.018635	0.0045877	9.0121e-05
140	0.97638	0.018939	0.0045874	9.1544e-05
141	0.97797	0.01735	0.0045963	8.3873e-05
142	0.98166	0.013656	0.0046154	6.6058e-05
143	0.98242	0.012897	0.0046207	6.2255e-05
144	0.98499	0.010322	0.004635	4.9698e-05
145	0.9855	0.009811	0.0046391	4.7116e-05
146	0.98793	0.007386	0.0046523	3.5482e-05
147	0.99236	0.0029528	0.0046752	1.4157e-05
148	0.9924	0.0029071	0.0046771	1.3897e-05
149	0.99148	0.0038273	0.0046745	1.8185e-05
150	0.98921	0.0061006	0.0046654	2.8906e-05
151	0.9886	0.0067085	0.0046641	3.1812e-05
152	0.98932	0.0059837	0.0046692	2.8364e-05
153	0.99173	0.003571	0.0046822	1.698e-05
154	0.99262	0.0026801	0.0046882	1.2749e-05
155	0.99277	0.0025274	0.0046906	1.2051e-05
156	0.99394	0.0013551	0.0046981	6.4872e-06
157	0.99443	0.00086604	0.0047024	4.1534e-06
158	0.99466	0.00062758	0.0047054	3.0415e-06
159	0.9784	0.016893	0.0046291	8.1379e-05
160	0.94022	0.055063	0.0044482	0.00026447
161	0.91449	0.0808	0.0043275	0.00038751
162	0.85344	0.14184	0.0040395	0.00067801
163	0.81198	0.1833	0.0038455	0.00087465
164	0.78664	0.20864	0.0037271	0.00099567
165	0.77203	0.22324	0.0036592	0.001066
166	0.73812	0.25715	0.0034984	0.0012293
167	0.71553	0.27974	0.0033923	0.001338
168	0.70308	0.29219	0.0033341	0.0013986
169	0.69671	0.29856	0.0033054	0.0014299
170	0.69686	0.2984	0.0033075	0.0014304
171	0.68614	0.30912	0.0032573	0.0014831
172	0.68126	0.314	0.0032353	0.0015077
173	0.68286	0.3124	0.0032441	0.0015015
174	0.69127	0.30398	0.003285	0.0014631
175	0.70631	0.28894	0.0033578	0.0013928
176	0.73268	0.26257	0.0034841	0.0012692
177	0.7419	0.25335	0.0035295	0.0012264
178	0.7405	0.25474	0.0035246	0.0012342
179	0.74399	0.25125	0.0035434	0.0012183
180	0.75301	0.24223	0.0035894	0.0011754
181	0.77056	0.22468	0.0036761	0.0010917
182	0.80034	0.19489	0.0038211	0.00094965
183	0.81196	0.18326	0.0038796	0.00089427
184	0.83285	0.16237	0.0039823	0.00079455
185	0.86414	0.13108	0.004136	0.00064396
186	0.87682	0.1184	0.0042005	0.00058284
187	0.84242	0.15279	0.0040371	0.00074967
188	0.81959	0.17562	0.0039302	0.00086014
189	0.8066	0.1886	0.0038702	0.00092361
190	0.79957	0.19563	0.0038395	0.00095802
191	0.79849	0.19671	0.0038372	0.00096389
192	0.80209	0.19311	0.003858	0.00094677
193	0.81088	0.18431	0.0039046	0.00090401
194	0.82775	0.16744	0.0039905	0.00082199
195	0.85629	0.13889	0.0041329	0.00068325
196	0.86859	0.12659	0.0041959	0.00062392
197	0.88815	0.10703	0.004295	0.00052868
198	0.91773	0.077447	0.0044441	0.00038352
199	0.9304	0.064771	0.0045107	0.00032103
200	0.95179	0.043371	0.00462	0.00021572
201	0.98326	0.011896	0.0047801	5.9815e-05
202	0.98265	0.012509	0.0047815	6.2799e-05
203	0.98364	0.011508	0.004791	5.7757e-05
204	0.98644	0.0087102	0.0048097	4.372e-05
205	0.99136	0.0037865	0.0048392	1.8958e-05
206	0.99118	0.0039553	0.0048432	1.9707e-05
207	0.99232	0.0028155	0.0048535	1.4043e-05
208	0.99474	0.00039171	0.0048704	1.9657e-06
209	0.99502	9.7803e-05	0.0048768	4.9523e-07
210	0.99206	0.003057	0.0048672	1.5244e-05
211	0.98587	0.0092463	0.0048411	4.6287e-05
212	0.9822	0.012907	0.004828	6.4655e-05
213	0.98054	0.014557	0.004825	7.2972e-05
214	0.98067	0.014431	0.0048311	7.2406e-05
215	0.98291	0.012182	0.0048476	6.137e-05
216	0.9873	0.0077855	0.004875	3.9516e-05
217	0.98568	0.0094031	0.0048726	4.767e-05
218	0.98583	0.0092471	0.004879	4.7032e-05
219	0.98748	0.0075908	0.004893	3.8825e-05
220	0.98735	0.0077162	0.0048983	3.9536e-05
221	0.9886	0.0064559	0.0049108	3.3229e-05
222	0.98841	0.0066356	0.0049158	3.4275e-05
223	0.98006	0.014982	0.0048795	7.6909e-05
224	0.97546	0.019578	0.0048619	0.00010068
225	0.97325	0.021776	0.0048567	0.00011219
226	0.96651	0.028514	0.0048286	0.00014679
227	0.96335	0.031672	0.0048184	0.00016337
228	0.96308	0.031933	0.0048228	0.00016533
229	0.94552	0.049489	0.0047384	0.00025622
230	0.90512	0.089879	0.0045369	0.00046444
231	0.87793	0.11706	0.0044036	0.00060454
232	0.86174	0.13325	0.004326	0.00068897
233	0.85178	0.1432	0.0042806	0.00074127
234	0.84687	0.1481	0.0042614	0.00076756
235	0.84619	0.14877	0.0042641	0.00077206
236	0.85071	0.14425	0.0042931	0.00075021
237	0.86003	0.13492	0.0043473	0.00070342
238	0.8475	0.14744	0.0042888	0.00076916
239	0.84043	0.1545	0.0042587	0.00080666
240	0.83894	0.15599	0.0042569	0.00081579
241	0.84267	0.15225	0.0042817	0.00079821
242	0.85112	0.14379	0.0043313	0.00075604
243	0.86562	0.12928	0.0044127	0.00068215
244	0.75891	0.23599	0.0038612	0.0012411
245	0.69184	0.30305	0.0035143	0.0015955
246	0.64572	0.34917	0.0032777	0.0018396
247	0.61759	0.37728	0.0031341	0.0019908
248	0.59933	0.39553	0.0030425	0.00209
249	0.55448	0.44038	0.0028122	0.0023281
250	0.52721	0.46764	0.0026726	0.0024754
251	0.50958	0.48527	0.0025838	0.0025721
252	0.49948	0.49536	0.0025347	0.0026292
253	0.49671	0.49811	0.0025233	0.0026486
254	0.49928	0.49554	0.00254	0.00264
255	0.50752	0.48729	0.0025866	0.0026016
256	0.52279	0.47202	0.0026705	0.002526
257	0.54688	0.44791	0.0028017	0.0024034
258	0.583	0.41178	0.0029975	0.0022163
259	0.59684	0.39793	0.0030766	0.002146
260	0.61939	0.37538	0.003203	0.0020286
261	0.657	0.33776	0.0034096	0.001831
262	0.71203	0.28272	0.0037114	0.0015382
263	0.79176	0.20298	0.0041493	0.0011095
264	0.91817	0.076562	0.0048389	0.00042911
265	0.92057	0.074151	0.0048605	0.00041687
266	0.90169	0.093023	0.0047663	0.00052058
267	0.88969	0.10501	0.0047099	0.00058674
268	0.86038	0.13431	0.0045596	0.00074685
269	0.84111	0.15358	0.0044641	0.00085251
270	0.82913	0.16554	0.0044083	0.00091858
271	0.79883	0.19584	0.0042539	0.0010834
272	0.72889	0.26576	0.0038869	0.001461
273	0.68526	0.30939	0.003659	0.0016996
274	0.65613	0.3385	0.0035096	0.0018597
275	0.63929	0.35533	0.0034254	0.0019545
276	0.63115	0.36346	0.0033878	0.0020028
277	0.6286	0.366	0.0033809	0.0020204
278	0.61418	0.3804	0.0033087	0.0021033
279	0.60659	0.38799	0.0032741	0.0021487
280	0.52762	0.46694	0.0028472	0.0025864
281	0.47308	0.52148	0.0025545	0.0028901
282	0.43574	0.5588	0.0023559	0.0030998
283	0.41067	0.58386	0.0022245	0.0032425
284	0.39653	0.59799	0.0021517	0.0033264
285	0.38901	0.6055	0.0021155	0.003374
286	0.38827	0.60623	0.0021161	0.0033847
287	0.39413	0.60035	0.0021528	0.0033592
288	0.40786	0.58661	0.0022327	0.0032905
289	0.43238	0.56208	0.0023719	0.0031624
290	0.46944	0.52501	0.002582	0.0029636
291	0.52359	0.47085	0.0028894	0.0026677
292	0.52531	0.46912	0.0029044	0.002664
293	0.53423	0.4602	0.0029594	0.0026204
294	0.55008	0.44432	0.003054	0.0025372
295	0.55192	0.44247	0.0030706	0.0025323
296	0.55936	0.43502	0.0031194	0.0024953
297	0.57363	0.42074	0.0032077	0.0024189
298	0.59908	0.39528	0.0033595	0.002279
299	0.63758	0.35677	0.0035876	0.0020631
300	0.69386	0.30047	0.0039204	0.0017425
301	0.71792	0.27641	0.0040692	0.0016062
302	0.75773	0.23658	0.0043093	0.0013785
303	0.81581	0.17849	0.0046582	0.0010421
304	0.84332	0.15096	0.004829	0.00088383
305	0.88386	0.11041	0.0050779	0.00064763
306	0.94868	0.045579	0.0054691	0.00026904
307	0.95681	0.03744	0.0055295	0.0002215
308	0.96975	0.024481	0.0056191	0.00014494
309	0.99109	0.003129	0.0057583	1.8645e-05
310	0.994	0.00020986	0.0057889	1.2555e-06
311	0.99397	0.00022257	0.0058022	1.3095e-06
312	0.99404	0.00013854	0.005816	8.1645e-07
313	0.9731	0.021074	0.0057058	0.00012427
314	0.96036	0.033793	0.0056431	0.00020003
315	0.95223	0.041917	0.0056079	0.00024859
316	0.94761	0.046522	0.0055938	0.00027631
317	0.94651	0.047601	0.0056002	0.0002834
318	0.94817	0.045931	0.0056233	0.00027399
319	0.9331	0.060987	0.0055465	0.00036441
320	0.9235	0.070576	0.0055025	0.00042226
321	0.91896	0.075104	0.0054881	0.00045035
322	0.75954	0.2345	0.004549	0.0014034
323	0.65898	0.33505	0.0039554	0.0020108
324	0.5902	0.40382	0.0035526	0.0024277
325	0.54741	0.4466	0.0033029	0.0026913
326	0.52149	0.47251	0.0031533	0.0028549
327	0.50688	0.4871	0.0030711	0.0029509
328	0.49895	0.49502	0.0030299	0.0030061
329	0.47312	0.52083	0.0028802	0.00317
330	0.45679	0.53715	0.0027884	0.0032762
331	0.4182	0.57572	0.0025599	0.003519
332	0.39495	0.59896	0.0024233	0.0036699
333	0.38204	0.61185	0.0023491	0.0037582
334	0.37529	0.61859	0.0023132	0.0038085
335	0.37517	0.61869	0.0023176	0.0038184
336	0.38164	0.61221	0.0023624	0.0037879
337	0.39444	0.5994	0.0024471	0.0037175
338	0.41759	0.57623	0.0025958	0.0035832
339	0.45595	0.53786	0.0028385	0.0033547
340	0.51264	0.48115	0.0031977	0.00301
341	0.60289	0.39089	0.0037656	0.0024565
342	0.73446	0.2593	0.0045976	0.0016391
343	0.79825	0.1955	0.0050068	0.0012444
344	0.82557	0.16817	0.0051905	0.0010755
345	0.83738	0.15634	0.0052765	0.0010041
346	0.84005	0.15366	0.0053047	0.00099047
347	0.84741	0.14628	0.0053633	0.00094663
348	0.86051	0.13317	0.0054593	0.00086559
349	0.8812	0.11246	0.0056051	0.00073498
350	0.87794	0.1157	0.0055969	0.00075835
351	0.87858	0.11505	0.0056143	0.00075628
352	0.88321	0.1104	0.0056582	0.00072803
353	0.89249	0.10111	0.0057331	0.00066901
354	0.90923	0.084355	0.0058565	0.00056138
355	0.90513	0.088434	0.0058444	0.00058949
356	0.90454	0.089012	0.0058556	0.0005945
357	0.90737	0.086164	0.0058899	0.00057674
358	0.90446	0.089054	0.005886	0.00059705
359	0.90509	0.088412	0.0059058	0.00059387
360	0.90933	0.084149	0.0059502	0.00056635
361	0.91879	0.074675	0.0060293	0.00050411
362	0.93381	0.059636	0.0061467	0.00040374
363	0.95639	0.037045	0.0063166	0.0002511
364	0.96688	0.026533	0.0064046	0.0001803
365	0.97094	0.022454	0.0064497	0.00015267
366	0.97877	0.014613	0.0065202	9.9516e-05
367	0.98228	0.011084	0.0065612	7.5679e-05
368	0.98833	0.0050167	0.0066201	3.4263e-05
369	0.9913	0.0020264	0.0066579	1.3881e-05
370	0.99108	0.0022326	0.0066737	1.53e-05
371	0.99004	0.0032568	0.0066843	2.2263e-05
372	0.98774	0.0055328	0.006686	3.7867e-05
373	0.98685	0.0064079	0.0066977	4.392e-05
374	0.98747	0.0057699	0.0067194	3.9732e-05
375	0.98946	0.0037666	0.0067508	2.6093e-05
376	0.98999	0.0032144	0.0067726	2.2334e-05
377	0.99168	0.0015039	0.0068028	1.0497e-05
378	0.99247	0.00069492	0.0068271	4.8546e-06
379	0.99184	0.0013122	0.0068418	9.0871e-06
380	0.99063	0.0025009	0.0068524	1.733e-05
381	0.98787	0.0052403	0.0068526	3.6268e-05
382	0.98683	0.0062574	0.0068644	4.3427e-05
383	0.9873	0.0057689	0.0068864	4.0192e-05
384	0.98911	0.0039433	0.0069183	2.751e-05
385	0.99287	0.00016964	0.0069636	1.1905e-06
386	0.99241	0.00060722	0.0069793	4.3071e-06
387	0.99266	0.00033722	0.0070004	2.4167e-06
388	0.98998	0.0029966	0.0070009	2.1413e-05
389	0.98865	0.0043067	0.0070112	3.0818e-05
390	0.9885	0.0044411	0.0070302	3.1824e-05
391	0.98724	0.0056815	0.0070412	4.082e-05
392	0.98726	0.0056336	0.0070617	4.0551e-05
393	0.9888	0.004079	0.0070928	2.9511e-05
394	0.98904	0.0038141	0.007115	2.7659e-05
395	0.98384	0.0090015	0.0070983	6.5079e-05
396	0.97186	0.02096	0.0070308	0.00015266
397	0.96494	0.027862	0.0069994	0.00020396
398	0.96111	0.031669	0.006991	0.00023258
399	0.95977	0.032988	0.0070011	0.00024294
400	0.96081	0.031928	0.0070292	0.00023569
401	0.96437	0.02834	0.0070765	0.00020953
402	0.97166	0.021029	0.0071512	0.00015582
403	0.9745	0.01817	0.0071928	0.00013505
404	0.9798	0.012853	0.0072534	9.5684e-05
405	0.98191	0.010715	0.0072901	7.9985e-05
406	0.98207	0.010541	0.007312	7.896e-05
407	0.98383	0.0087582	0.0073464	6.5771e-05
408	0.9874	0.0051674	0.0073949	3.877e-05
409	0.98634	0.0062051	0.0074085	4.6599e-05
410	0.98656	0.0059636	0.007432	4.4762e-05
411	0.98029	0.012213	0.0074066	9.1742e-05
412	0.93576	0.056725	0.0070917	0.00042801
413	0.90805	0.084405	0.0069014	0.00063956
414	0.89133	0.10111	0.0067929	0.00076921
415	0.85195	0.14046	0.0065117	0.0010718
416	0.82524	0.16715	0.0063271	0.0012782
417	0.80958	0.18279	0.0062251	0.0014018
418	0.80164	0.19071	0.0061813	0.0014671
419	0.79973	0.1926	0.0061834	0.0014864
420	0.80244	0.18987	0.0062219	0.0014696
421	0.69669	0.2956	0.0054139	0.0022991
422	0.62341	0.36886	0.0048583	0.0028765
423	0.5729	0.41934	0.0044796	0.0032773
424	0.46624	0.52598	0.0036573	0.0041216
425	0.39912	0.59308	0.0031388	0.004662
426	0.35719	0.63499	0.0028149	0.0050078
427	0.26149	0.73066	0.0020653	0.0057794
428	0.20112	0.79102	0.0015901	0.0062766
429	0.15975	0.83236	0.0012657	0.0066233
430	0.13391	0.85817	0.0010624	0.0068488
431	0.11632	0.87575	0.00092482	0.0070087
432	0.10481	0.88723	0.00083585	0.0071203
433	0.075231	0.91679	0.00060286	0.0073761
434	0.056662	0.93534	0.00045585	0.0075459
435	0.045152	0.94682	0.00036433	0.0076601
436	0.038249	0.9537	0.00030928	0.0077378
437	0.034481	0.95745	0.00027921	0.0077905
438	0.033037	0.95887	0.00026777	0.0078246
439	0.033177	0.95871	0.0002694	0.0078457
440	0.035399	0.95646	0.00028784	0.00785
441	0.040176	0.95166	0.00032694	0.0078336
442	0.039917	0.9519	0.0003249	0.0078583
443	0.041433	0.95036	0.00033763	0.0078685
444	0.044855	0.94692	0.00036628	0.0078629
445	0.051468	0.94028	0.00042096	0.0078312
446	0.061632	0.93009	0.00050548	0.0077699
447	0.078225	0.91348	0.00064283	0.0076558
448	0.073872	0.91781	0.00060788	0.0077141
449	0.072894	0.91876	0.00060066	0.0077447
450	0.074321	0.91731	0.00061376	0.0077552
451	0.06876	0.92285	0.00056862	0.0078241
452	0.065914	0.92567	0.00054635	0.0078704
453	0.065497	0.92606	0.00054466	0.0078963
454	0.057816	0.93372	0.00048208	0.0079833
455	0.053085	0.93842	0.00044425	0.0080458
456	0.051336	0.94015	0.00043112	0.0080835
457	0.04336	0.9481	0.00036465	0.0081745
458	0.038185	0.95325	0.00032195	0.008242
459	0.035206	0.9562	0.00029794	0.008291
460	0.034459	0.95693	0.00029267	0.0083213
461	0.035786	0.95558	0.00030501	0.0083338
462	0.039458	0.95188	0.00033744	0.0083263
463	0.03773	0.95358	0.00032346	0.0083653
464	0.038201	0.95309	0.00032828	0.0083856
465	0.040446	0.95081	0.0003488	0.0083903
466	0.038009	0.95323	0.00032822	0.0084361
467	0.037358	0.95385	0.00032341	0.0084664
468	0.038876	0.95231	0.00033737	0.0084778
469	0.042883	0.94828	0.00037301	0.0084675
470	0.049352	0.94178	0.00043074	0.0084354
471	0.060323	0.93079	0.00052801	0.0083636
472	0.078135	0.91295	0.00068533	0.0082318
473	0.10386	0.8872	0.00091411	0.0080287
474	0.14136	0.84967	0.0012502	0.0077186
475	0.15668	0.83433	0.0013909	0.0076041
476	0.14672	0.84425	0.0013053	0.0077161
477	0.14129	0.84966	0.0012606	0.0077875
478	0.14047	0.85045	0.0012569	0.0078178
479	0.14306	0.84784	0.0012847	0.007817
480	0.1147	0.87617	0.0010297	0.0080988
481	0.095458	0.89539	0.00085751	0.0082981
482	0.082612	0.9082	0.00074339	0.0084395
483	0.074342	0.91645	0.00067082	0.0085397
484	0.069366	0.9214	0.00062824	0.0086101
485	0.067751	0.92298	0.0006159	0.0086503
486	0.068447	0.92226	0.00062514	0.008669
487	0.072345	0.91833	0.00066392	0.0086582
488	0.080257	0.91039	0.00074009	0.00861
489	0.092592	0.89803	0.00085887	0.0085194
490	0.11285	0.87775	0.0010524	0.008354
491	0.14225	0.84832	0.0013349	0.0080998
492	0.18522	0.80532	0.0017505	0.0077129
493	0.20449	0.78602	0.0019402	0.0075518
494	0.23612	0.75435	0.0022485	0.007272
495	0.28682	0.70363	0.0027393	0.0068096
496	0.28728	0.70314	0.0027519	0.0068257
497	0.29387	0.69652	0.002823	0.0067832
498	0.28898	0.70138	0.002784	0.0068512
499	0.2901	0.70023	0.0028026	0.0068614
500	0.29748	0.69283	0.0028816	0.0068112
501	0.31102	0.67926	0.0030219	0.0066999
502	0.33487	0.65538	0.0032629	0.0064879
503	0.37028	0.61994	0.0036201	0.00616
504	0.42734	0.56285	0.0041901	0.0056191
505	0.51081	0.47935	0.0050274	0.0048113
506	0.6325	0.35763	0.0062545	0.003614
507	0.80746	0.18264	0.0080295	0.0018693
508	0.83042	0.15965	0.0082868	0.0016426
509	0.83989	0.15015	0.0084079	0.001552
510	0.83973	0.15028	0.0084324	0.0015583
511	0.80273	0.18725	0.008081	0.0019409
512	0.77812	0.21182	0.007856	0.0021976
513	0.76402	0.22589	0.007736	0.002349
514	0.72825	0.26163	0.0073939	0.0027231
515	0.70431	0.28554	0.0071728	0.0029765
516	0.69088	0.29894	0.0070574	0.0031241
517	0.58221	0.40758	0.0059507	0.0042628
518	0.51388	0.47587	0.0052545	0.0049908
519	0.47127	0.51845	0.0048217	0.0054554
520	0.44243	0.54726	0.0045332	0.005776
521	0.42576	0.56389	0.0043699	0.0059712
522	0.41608	0.57355	0.0042803	0.0060931
523	0.3863	0.60329	0.0039791	0.006427
524	0.36664	0.62292	0.0037844	0.0066547
525	0.35474	0.63478	0.0036713	0.0068012
526	0.32468	0.66481	0.003364	0.0071417
527	0.30689	0.68257	0.0031842	0.0073547
528	0.29623	0.6932	0.0030803	0.0074921
529	0.29102	0.69837	0.0030346	0.0075717
530	0.29057	0.69879	0.00304	0.0076004
531	0.29618	0.69315	0.0031096	0.0075649
532	0.26546	0.72383	0.0027905	0.0079184
533	0.24708	0.74218	0.0026009	0.0081424
534	0.23552	0.7537	0.0024848	0.0082932
535	0.20721	0.78198	0.0021851	0.0086274
536	0.18813	0.80102	0.0019851	0.0088623
537	0.17577	0.81335	0.0018577	0.0090249
538	0.16848	0.8206	0.0017853	0.0091329
539	0.16531	0.82373	0.0017576	0.0091964
540	0.16598	0.82303	0.0017721	0.0092182
541	0.15672	0.83225	0.0016789	0.0093479
542	0.15289	0.83605	0.0016436	0.0094197
543	0.15367	0.83523	0.0016583	0.0094413
544	0.12051	0.86836	0.0012965	0.0098395
545	0.097906	0.89092	0.0010508	0.010122
546	0.082663	0.90613	0.0008859	0.010324
547	0.072622	0.91613	0.00077815	0.010469
548	0.067142	0.92157	0.00071967	0.010564
549	0.065064	0.92362	0.0006982	0.010623
550	0.065348	0.92329	0.0007032	0.010656
551	0.068037	0.92057	0.00073532	0.010661
552	0.074295	0.91427	0.00080699	0.010627
553	0.073443	0.91508	0.00079948	0.010673
554	0.075102	0.91339	0.00082058	0.01069
555	0.079506	0.90894	0.00087323	0.010676
556	0.08728	0.90113	0.00096503	0.010624
557	0.087303	0.90107	0.000969	0.010659
558	0.090125	0.89821	0.0010055	0.010662
559	0.085491	0.9028	0.00095662	0.010752
560	0.084475	0.90378	0.00094859	0.0108
561	0.086878	0.90133	0.00097968	0.010809
562	0.082538	0.90563	0.00093262	0.010896
563	0.080953	0.90718	0.00091777	0.010952
564	0.082684	0.90541	0.00094119	0.010969
565	0.077427	0.91062	0.00088275	0.011068
566	0.075744	0.91226	0.00086556	0.011126
567	0.076613	0.91135	0.00087879	0.011154
568	0.080899	0.90703	0.00093209	0.011142
569	0.089494	0.89839	0.0010362	0.011079
570	0.10422	0.88363	0.0012126	0.010944
571	0.12818	0.85962	0.0014983	0.010699
572	0.16288	0.82488	0.0019144	0.010324
573	0.21806	0.76966	0.0025746	0.0097055
574	0.24167	0.74601	0.0028645	0.0094572
575	0.28014	0.7075	0.0033328	0.0090305
576	0.33589	0.6517	0.0040145	0.0083907
577	0.36152	0.62603	0.0043349	0.0081122
578	0.39998	0.58753	0.0048149	0.0076745
579	0.41479	0.57268	0.0050104	0.0075217
580	0.44082	0.54661	0.0053437	0.007231
581	0.48	0.50738	0.0058432	0.0067745
582	0.53714	0.4502	0.0065716	0.0060896
583	0.53895	0.44834	0.00661	0.0060945
584	0.54789	0.43936	0.0067385	0.0060092
585	0.56376	0.42345	0.0069565	0.0058349
586	0.58865	0.39851	0.0072913	0.0055442
587	0.62587	0.36125	0.0077867	0.0050934
588	0.68589	0.30119	0.0085722	0.0043524
589	0.67113	0.3159	0.0083879	0.0045816
590	0.66293	0.32405	0.0082952	0.0047199
591	0.66022	0.32672	0.0082782	0.0047828
592	0.66263	0.32426	0.0083316	0.004776
593	0.67204	0.31481	0.0084774	0.0046765
594	0.69042	0.29638	0.0087408	0.0044593
595	0.67706	0.30969	0.0085699	0.0046769
596	0.66997	0.31673	0.0084891	0.004805
597	0.66839	0.31827	0.0084864	0.0048554
598	0.67328	0.31333	0.008572	0.0048174
599	0.68571	0.30086	0.0087585	0.0046783
600	0.62266	0.36386	0.0078196	0.0056645
601	0.58347	0.403	0.0072371	0.006294
602	0.55987	0.42655	0.0068878	0.0066903
603	0.54496	0.44142	0.00667	0.0069555
604	0.5383	0.44802	0.0065725	0.0071001
605	0.53851	0.44777	0.0065715	0.0071482
606	0.54431	0.44192	0.0066478	0.0071195
607	0.55817	0.42801	0.0068288	0.006986
608	0.58039	0.40575	0.0071185	0.0067442
609	0.61436	0.37173	0.0075601	0.006351
610	0.60881	0.37723	0.0074693	0.0064901
611	0.60993	0.37606	0.0074767	0.0065308
612	0.59832	0.38762	0.007285	0.0067712
613	0.59424	0.39165	0.0072105	0.0068942
614	0.59545	0.3904	0.0072155	0.0069381
615	0.6021	0.38369	0.0072983	0.0069049
616	0.59698	0.38877	0.0072057	0.0070476
617	0.59735	0.38834	0.0071979	0.007106
618	0.60458	0.38107	0.0072865	0.0070678
619	0.57495	0.41064	0.0067623	0.007643
620	0.5578	0.42774	0.0064534	0.0080028
621	0.54948	0.43601	0.0062922	0.0082146
622	0.45761	0.52788	0.0052321	0.0092778
623	0.39475	0.59073	0.0045119	0.010002
624	0.35562	0.62986	0.0040648	0.010452
625	0.33188	0.6536	0.0037972	0.010723
626	0.31657	0.66891	0.0036315	0.010892
627	0.30766	0.67782	0.0035449	0.010982
628	0.30528	0.68019	0.0035414	0.010989
629	0.30779	0.67768	0.0036057	0.010929
630	0.31688	0.66858	0.0037646	0.010774
631	0.33449	0.65096	0.0040512	0.010491
632	0.33807	0.64739	0.0041273	0.010418
633	0.3472	0.63825	0.0042861	0.010264
634	0.32149	0.66396	0.0039721	0.010582
635	0.30669	0.67876	0.0037956	0.010763
636	0.29964	0.6858	0.0037194	0.010843
637	0.29882	0.68662	0.0037269	0.01084
638	0.30271	0.68272	0.0038018	0.010769
639	0.31205	0.67338	0.0039573	0.010618
640	0.32992	0.6555	0.0042399	0.01034
641	0.35712	0.6283	0.0046664	0.0099178
642	0.39775	0.58766	0.0053028	0.0092862
643	0.3943	0.5911	0.0052704	0.0093237
644	0.37632	0.60908	0.0050356	0.0095636
645	0.36712	0.61827	0.0049207	0.0096837
646	0.36478	0.62061	0.0049015	0.009708
647	0.36743	0.61795	0.0049553	0.0096594
648	0.37699	0.60839	0.0051107	0.0095092
649	0.39336	0.59202	0.0053704	0.0092549
650	0.42162	0.56375	0.0058102	0.0088205
651	0.46334	0.52202	0.0064598	0.0081765
652	0.46043	0.52493	0.0064304	0.0082116
653	0.46419	0.52116	0.0064986	0.008149
654	0.47371	0.51164	0.0066547	0.0079989
655	0.49051	0.49483	0.0069236	0.0077361
656	0.5196	0.46574	0.0073807	0.007285
657	0.56261	0.42272	0.0080568	0.0066152
658	0.6316	0.35373	0.0091337	0.0055445
659	0.73244	0.25288	0.010714	0.0039706
660	0.87761	0.1077	0.012999	0.0016924
661	0.89581	0.089494	0.013294	0.0014048
662	0.92586	0.059434	0.013773	0.00093234
663	0.97417	0.01112	0.014536	0.00017576
664	0.98042	0.0048647	0.014642	7.7246e-05
665	0.98349	0.001787	0.014697	2.9051e-05
666	0.98512	0.00014916	0.014729	3.7077e-06
667	0.98503	0.0002613	0.014705	4.5774e-06
668	0.98501	0.0003003	0.014682	4.7778e-06
669	0.98393	0.0014041	0.014643	2.1012e-05
670	0.98191	0.0034486	0.01459	5.1193e-05
671	0.98131	0.0040722	0.014558	6.0345e-05
672	0.98199	0.0034106	0.014545	5.0545e-05
673	0.97865	0.00678	0.014473	0.00010023
674	0.97726	0.0081873	0.014429	0.00012096
675	0.97732	0.0081476	0.014407	0.00012009
676	0.97909	0.0064094	0.014411	9.4386e-05
677	0.97917	0.0063501	0.014389	9.3262e-05
678	0.97764	0.0078974	0.014345	0.00011584
679	0.97778	0.0077859	0.014324	0.00011418
680	0.97931	0.006271	0.014324	9.1818e-05
681	0.98282	0.0027877	0.014352	4.0979e-05
682	0.98244	0.0031897	0.014325	4.6836e-05
683	0.98311	0.0025412	0.014313	3.723e-05
684	0.98492	0.0007502	0.014318	1.0845e-05
685	0.98487	0.0008233	0.014295	1.1886e-05
686	0.98567	4.7521e-05	0.014284	6.8915e-07
687	0.98572	1.4456e-05	0.014262	2.103e-07
688	0.98569	7.0158e-05	0.01424	1.0168e-06
689	0.98439	0.0013889	0.014199	2.0187e-05
690	0.98404	0.0017627	0.014173	2.5557e-05
691	0.98297	0.0028547	0.014136	4.1173e-05
692	0.98308	0.0027652	0.014116	3.9853e-05
693	0.98422	0.0016482	0.014112	2.3675e-05
694	0.98474	0.0011436	0.014098	1.6417e-05
695	0.98484	0.0010667	0.014079	1.5242e-05
696	0.98587	5.7146e-05	0.014073	8.1256e-07
697	0.98594	2.528e-06	0.014053	3.6204e-08
698	0.98592	4.8987e-05	0.014032	7.0079e-07
699	0.98584	0.0001512	0.01401	2.1516e-06
700	0.98522	0.00079216	0.013981	1.1302e-05
701	0.98418	0.0018467	0.013945	2.6424e-05
702	0.9842	0.001847	0.013925	2.6588e-05
703	0.98067	0.0053941	0.013854	7.7564e-05
704	0.97882	0.0072724	0.013807	0.00010438
705	0.97838	0.0077303	0.013781	0.00011079
706	0.97933	0.0067953	0.013775	9.7293e-05
707	0.98177	0.0043755	0.013791	6.2619e-05
708	0.98601	0.00015064	0.013833	2.1705e-06
709	0.96806	0.018126	0.01356	0.00025736
710	0.95723	0.028972	0.013387	0.00041151
711	0.95053	0.035686	0.013274	0.0005061
712	0.93565	0.050589	0.013044	0.000717
713	0.92624	0.060014	0.012894	0.00084912
714	0.9217	0.064572	0.012812	0.00091293
715	0.90915	0.077139	0.012616	0.0010903
716	0.87941	0.1069	0.01218	0.0015081
717	0.85973	0.1266	0.011888	0.001782
718	0.8133	0.17305	0.011227	0.002426
719	0.78474	0.20162	0.010814	0.0028217
720	0.76794	0.21845	0.010564	0.0030537
721	0.75932	0.22708	0.010428	0.0031719
722	0.75605	0.23037	0.010368	0.0032147
723	0.75764	0.2288	0.010376	0.0031894
724	0.76549	0.22096	0.010469	0.0030787
725	0.76307	0.2234	0.010422	0.003109
726	0.76531	0.22118	0.01044	0.0030743
727	0.77251	0.214	0.010527	0.0029706
728	0.78737	0.19915	0.010718	0.0027626
729	0.81048	0.17605	0.011025	0.0024401
730	0.8449	0.14165	0.011488	0.0019605
731	0.90032	0.086243	0.012238	0.0011944
732	0.98146	0.0051254	0.013346	7.0899e-05
733	0.98168	0.0049186	0.013334	6.7623e-05
734	0.98072	0.0058959	0.013305	8.063e-05
735	0.98103	0.0055947	0.013294	7.6097e-05
736	0.98008	0.0065606	0.013266	8.8859e-05
737	0.98065	0.0060088	0.013258	8.1195e-05
738	0.98285	0.0038225	0.013272	5.1604e-05
739	0.98119	0.0055008	0.013234	7.4035e-05
740	0.98104	0.0056696	0.013217	7.622e-05
741	0.97954	0.0071867	0.013181	9.6656e-05
742	0.97586	0.010878	0.013115	0.00014656
743	0.97413	0.012627	0.013076	0.00016995
744	0.97409	0.012682	0.01306	0.00017032
745	0.97603	0.010751	0.013071	0.00014424
746	0.97603	0.01077	0.013056	0.00014449
747	0.97762	0.0091955	0.013062	0.00012322
748	0.9775	0.0093264	0.013045	0.00012495
749	0.97889	0.0079505	0.013048	0.00010637
750	0.98232	0.0045446	0.013079	6.0956e-05
751	0.98112	0.0057572	0.013048	7.707e-05
752	0.98139	0.0054977	0.013036	7.3654e-05
753	0.98294	0.0039614	0.013042	5.3122e-05
754	0.98602	0.00090357	0.013069	1.2194e-05
755	0.98502	0.0019118	0.013041	2.5606e-05
756	0.98496	0.0019866	0.013027	2.6523e-05
757	0.9793	0.0076619	0.012938	0.00010197
758	0.97593	0.011049	0.012879	0.00014663
759	0.97472	0.012268	0.01285	0.00016274
760	0.97542	0.011578	0.012845	0.00015376
761	0.97781	0.0092029	0.012863	0.00012239
762	0.98226	0.0047664	0.012908	6.3621e-05
763	0.98165	0.0053869	0.012887	7.1711e-05
764	0.98246	0.0045895	0.012885	6.1205e-05
765	0.98459	0.002477	0.0129	3.3258e-05
766	0.98545	0.0016258	0.012899	2.198e-05
767	0.97961	0.0074846	0.012809	9.997e-05
768	0.83429	0.15282	0.010873	0.0020239
769	0.74251	0.2446	0.0096441	0.0032407
770	0.67902	0.3081	0.0087967	0.0040763
771	0.63962	0.34752	0.0082663	0.0045949
772	0.61589	0.37126	0.0079426	0.0049067
773	0.60088	0.38628	0.007736	0.0051017
774	0.5928	0.39438	0.0076218	0.0052044
775	0.59167	0.39551	0.0075979	0.0052168
776	0.59585	0.39134	0.0076438	0.0051596
777	0.60588	0.38132	0.0077665	0.0050258
778	0.51806	0.46916	0.0066199	0.0061616
779	0.46292	0.52431	0.0058962	0.0068744
780	0.42515	0.56209	0.005402	0.007358
781	0.40243	0.58482	0.005102	0.0076473
782	0.38806	0.59921	0.0049116	0.0078271
783	0.38162	0.60565	0.0048229	0.0079051
784	0.38041	0.60687	0.0048026	0.007915
785	0.38569	0.6016	0.0048645	0.0078427
786	0.39704	0.59027	0.0050048	0.0076921
787	0.39612	0.59119	0.0049872	0.0076993
788	0.40179	0.58553	0.005053	0.0076231
789	0.41343	0.5739	0.0051956	0.0074704
790	0.43497	0.55237	0.0054622	0.0071935
791	0.46744	0.51992	0.0058683	0.0067773
792	0.47898	0.50839	0.0060097	0.0066261
793	0.49811	0.48926	0.006249	0.0063772
794	0.52738	0.46001	0.0066189	0.0059978
795	0.57121	0.41618	0.0071775	0.0054301
796	0.64146	0.34594	0.0080709	0.0045274
797	0.67152	0.31589	0.0084511	0.0041381
798	0.68203	0.30539	0.0085809	0.0039995
799	0.69971	0.28772	0.0088043	0.0037675
800	0.72994	0.25749	0.0091877	0.0033755
801	0.77908	0.20837	0.0098111	0.0027433
802	0.79979	0.18766	0.010071	0.0024749
803	0.83424	0.15323	0.010505	0.0020322
804	0.88457	0.1029	0.011145	0.0013836
805	0.95745	0.030026	0.012079	0.00044183
806	0.96807	0.019415	0.012206	0.00030615
807	0.97292	0.014572	0.012258	0.00024618
808	0.9747	0.012808	0.012267	0.00022825
809	0.97891	0.0086035	0.012309	0.00017799
810	0.98044	0.0071216	0.012296	0.00014244
811	0.93271	0.054896	0.011636	0.00075459
812	0.90303	0.084627	0.011209	0.001133
813	0.88332	0.10438	0.010914	0.0013798
814	0.83806	0.1497	0.010301	0.0019461
815	0.8072	0.1806	0.0098749	0.0023252
816	0.78666	0.20118	0.0095824	0.0025716
817	0.77394	0.21395	0.00939	0.0027184
818	0.76837	0.21956	0.0092858	0.0027768
819	0.76774	0.22024	0.0092439	0.0027734
820	0.77303	0.215	0.0092739	0.002698
821	0.78377	0.20431	0.0093715	0.0025555
822	0.80165	0.18647	0.0095571	0.0023255
823	0.80697	0.18119	0.0095885	0.0022504
824	0.81907	0.16913	0.009701	0.0020938
825	0.83859	0.14966	0.0099043	0.0018471
826	0.84619	0.14211	0.00996	0.0017478
827	0.86097	0.12736	0.010101	0.0015633
828	0.88394	0.10444	0.01034	0.0012808
829	0.88113	0.10729	0.010269	0.0013089
830	0.88209	0.10638	0.010244	0.0012916
831	0.88694	0.10156	0.010266	0.0012277
832	0.89638	0.092167	0.010344	0.001109
833	0.9132	0.075384	0.010508	0.00090384
834	0.93871	0.049919	0.010775	0.00059547
835	0.97983	0.0088402	0.011225	0.00010522
836	0.98074	0.0079727	0.011195	9.4069e-05
837	0.98352	0.005228	0.011187	6.1341e-05
838	0.98467	0.0041182	0.01116	4.8079e-05
839	0.98475	0.0040872	0.011119	4.7472e-05
840	0.98596	0.0029143	0.011092	3.3793e-05
841	0.98383	0.0050792	0.011028	5.8099e-05
842	0.97894	0.010017	0.010933	0.0001132
843	0.97625	0.012742	0.010865	0.00014299
844	0.97567	0.013358	0.010819	0.00014928
845	0.97708	0.011995	0.010795	0.00013373
846	0.98032	0.0087925	0.010792	9.7775e-05
847	0.98125	0.0078996	0.010764	8.7426e-05
848	0.98406	0.0051267	0.010756	5.6633e-05
849	0.9889	0.00032221	0.010772	3.5718e-06
850	0.98904	0.00021802	0.010735	2.406e-06
851	0.98854	0.00075454	0.010692	8.2353e-06
852	0.98879	0.00055024	0.010658	5.9805e-06
853	0.98893	0.00043941	0.010623	4.7976e-06
854	0.98791	0.0015015	0.010575	1.6307e-05
855	0.97874	0.010708	0.010438	0.00011618
856	0.95815	0.031334	0.010181	0.00033786
857	0.94572	0.043793	0.010012	0.00047102
858	0.93804	0.051509	0.009895	0.00055199
859	0.93464	0.05495	0.0098238	0.00058728
860	0.93423	0.055392	0.0097855	0.0005903
861	0.93676	0.0529	0.0097788	0.0005621
862	0.92266	0.067029	0.0095966	0.00070926
863	0.91383	0.075895	0.0094716	0.00079965
864	0.90996	0.079803	0.0093983	0.00083812
865	0.8972	0.092598	0.0092339	0.0009682
866	0.88957	0.10026	0.0091244	0.0010438
867	0.88606	0.10381	0.0090587	0.0010761
868	0.8862	0.1037	0.0090314	0.0010704
869	0.89095	0.098985	0.0090507	0.0010179
870	0.90129	0.088673	0.0091263	0.00090892
871	0.91941	0.070583	0.0092794	0.00072226
872	0.94639	0.043637	0.0095226	0.00044596
873	0.98629	0.0037764	0.0098972	3.8771e-05
874	0.98761	0.0024841	0.0098783	2.5435e-05
875	0.98612	0.0040116	0.0098306	4.0756e-05
876	0.9858	0.0043574	0.0097954	4.4066e-05
877	0.98414	0.0060563	0.0097471	6.0784e-05
878	0.9838	0.0064219	0.0097128	6.4074e-05
879	0.98499	0.005263	0.0096932	5.2364e-05
880	0.985	0.0052904	0.0096616	5.2534e-05
881	0.98623	0.0040878	0.0096426	4.0529e-05
882	0.98885	0.0014958	0.0096377	1.4863e-05
883	0.99016	0.00021746	0.0096202	2.2178e-06
884	0.98231	0.0080987	0.0095116	8.1037e-05
885	0.97744	0.012999	0.0094338	0.00012956
886	0.96609	0.024379	0.0092929	0.00024145
887	0.95886	0.031638	0.009194	0.00031191
888	0.95478	0.035737	0.0091268	0.00035093
889	0.91695	0.073595	0.0087347	0.00071531
890	0.89118	0.099397	0.0084623	0.0009604
891	0.87405	0.11656	0.008275	0.0011207
892	0.83737	0.15326	0.0079018	0.0014668
893	0.76138	0.22928	0.0071547	0.0021865
894	0.70962	0.28106	0.0066447	0.0026696
895	0.67772	0.31299	0.0063233	0.002964
896	0.65696	0.33378	0.0061099	0.0031507
897	0.64591	0.34485	0.0059878	0.0032459
898	0.64223	0.34856	0.0059344	0.0032724
899	0.64376	0.34706	0.0059306	0.0032496
900	0.6509	0.33994	0.0059794	0.0031745
901	0.66466	0.32621	0.0060901	0.0030379
902	0.68925	0.30165	0.0062989	0.0028029
903	0.72984	0.26108	0.0066518	0.0024238
904	0.74634	0.24461	0.0067838	0.0022659
905	0.77183	0.21914	0.0069986	0.0020256
906	0.81368	0.17732	0.0073602	0.0016384
907	0.83142	0.1596	0.0075014	0.0014718
908	0.86122	0.12983	0.0077504	0.0011974
909	0.90492	0.086158	0.0081258	0.00079686
910	0.90855	0.082557	0.0081362	0.00076174
911	0.91607	0.075052	0.0081825	0.000691
912	0.9285	0.062651	0.0082738	0.00057564
913	0.92352	0.067649	0.0082076	0.00061809
914	0.92195	0.069247	0.0081727	0.00062962
915	0.92419	0.067028	0.0081716	0.00060718
916	0.93073	0.060518	0.0082084	0.0005467
917	0.94182	0.049453	0.0082866	0.00044525
918	0.96058	0.030716	0.0084322	0.0002762
919	0.95342	0.037897	0.0083459	0.00033879
920	0.9495	0.041836	0.0082892	0.00037222
921	0.94888	0.042484	0.0082612	0.00037684
922	0.94298	0.048402	0.0081876	0.00042727
923	0.9409	0.050507	0.0081472	0.00044446
924	0.94217	0.049258	0.0081357	0.00043259
925	0.93881	0.052645	0.0080834	0.00046134
926	0.93832	0.053163	0.0080568	0.00046479
927	0.93269	0.058807	0.0079864	0.00051227
928	0.93103	0.060492	0.00795	0.00052565
929	0.93229	0.059252	0.0079394	0.00051359
930	0.93665	0.054922	0.0079558	0.00047482
931	0.94569	0.045903	0.0080117	0.00039645
932	0.95982	0.031799	0.0081114	0.0002746
933	0.98116	0.010478	0.0082733	9.0907e-05
934	0.97985	0.011804	0.0082409	0.00010178
935	0.97544	0.016243	0.0081827	0.00013876
936	0.96588	0.025823	0.0080811	0.00021904
937	0.96067	0.031048	0.0080161	0.00026258
938	0.95818	0.033558	0.0079746	0.00028291
939	0.95067	0.04109	0.0078908	0.00034538
940	0.9472	0.044582	0.0078408	0.00037403
941	0.94646	0.045349	0.007814	0.00037962
942	0.94841	0.043414	0.0078103	0.00036257
943	0.94587	0.04598	0.0077698	0.00038259
944	0.94658	0.045291	0.0077559	0.00037589
945	0.95069	0.041202	0.0077695	0.00034149
946	0.95827	0.033644	0.0078121	0.00027852
947	0.97022	0.021708	0.0078909	0.00017953
948	0.98814	0.0038141	0.0080192	3.1451e-05
949	0.9906	0.0013729	0.0080193	1.1361e-05
950	0.9905	0.0014924	0.0079987	1.228e-05
951	0.99127	0.00073739	0.0079856	6.0649e-06
952	0.99169	0.00034112	0.0079698	2.805e-06
953	0.99127	0.00077414	0.0079475	6.2945e-06
954	0.99159	0.00047622	0.0079315	3.8733e-06
955	0.99079	0.0012882	0.0079068	1.0383e-05
956	0.99084	0.0012599	0.0078892	1.0116e-05
957	0.9818	0.010323	0.0077997	8.1967e-05
958	0.97665	0.015487	0.0077411	0.00012281
959	0.97386	0.018292	0.0077019	0.00014462
960	0.97311	0.01906	0.0076792	0.00015011
961	0.96897	0.023219	0.0076297	0.00018233
962	0.96763	0.024576	0.007602	0.00019257
963	0.9688	0.02342	0.0075938	0.00018322
964	0.97273	0.019514	0.0076068	0.00015262
965	0.97947	0.012787	0.007642	9.9996e-05
966	0.98993	0.0023492	0.0077064	1.8406e-05
967	0.99128	0.0010143	0.0077001	7.9282e-06
968	0.99088	0.0014288	0.0076799	1.1153e-05
969	0.99133	0.00099349	0.0076666	7.7374e-06
970	0.99143	0.00090904	0.0076509	7.0318e-06
971	0.98964	0.0027189	0.0076204	2.0953e-05
972	0.98901	0.0033653	0.0075993	2.5808e-05
973	0.98136	0.011033	0.0075243	8.4427e-05
974	0.97715	0.015256	0.0074756	0.00011662
975	0.97549	0.016932	0.0074463	0.00012934
976	0.97602	0.01642	0.0074335	0.00012543
977	0.97847	0.013983	0.0074357	0.00010676
978	0.9832	0.0092751	0.0074554	7.0771e-05
979	0.99086	0.0016305	0.0074979	1.2388e-05
980	0.99031	0.0021926	0.0074776	1.661e-05
981	0.99083	0.0016901	0.0074653	1.2824e-05
