#coord	neutral	conserved	gBGC.neutral	gBGC.conserved
1	0.8094	0.18513	0.0044557	0.0010214
2	0.81795	0.17658	0.0045021	0.00097391
3	0.83281	0.16172	0.0045837	0.00089126
4	0.85831	0.13622	0.0047238	0.00075017
5	0.89988	0.094651	0.0049518	0.00052103
6	0.96627	0.028263	0.0053154	0.00015631
7	0.97453	0.019999	0.0053599	0.00011075
8	0.9874	0.0071261	0.0054302	3.9559e-05
9	0.99327	0.0012593	0.0054619	7.0079e-06
10	0.99398	0.0005473	0.0054651	3.0383e-06
11	0.99352	0.0010146	0.0054617	5.6151e-06
12	0.99384	0.00069479	0.0054628	3.84e-06
13	0.994	0.00053689	0.0054629	2.977e-06
14	0.99402	0.00051723	0.0054624	2.8734e-06
15	0.99392	0.00061941	0.0054613	3.4418e-06
16	0.99363	0.00090369	0.0054593	5.0144e-06
17	0.99306	0.001479	0.0054556	8.2263e-06
18	0.99175	0.0027879	0.005448	1.5494e-05
19	0.98867	0.0058712	0.0054306	3.2548e-05
20	0.98225	0.012286	0.0053947	6.8141e-05
21	0.9785	0.01604	0.0053737	8.8912e-05
22	0.97721	0.017327	0.0053662	9.6121e-05
23	0.97774	0.016793	0.0053689	9.3216e-05
24	0.98023	0.014313	0.0053826	7.9503e-05
25	0.985	0.0095356	0.0054091	5.3003e-05
26	0.99265	0.0018841	0.0054518	1.0446e-05
27	0.9937	0.00083479	0.0054577	4.6226e-06
28	0.99324	0.0013026	0.0054551	7.2006e-06
29	0.9936	0.00093741	0.0054572	5.1755e-06
30	0.99371	0.00082393	0.0054579	4.5579e-06
31	0.99364	0.0009016	0.0054575	5.0159e-06
32	0.99324	0.0012939	0.0054554	7.2148e-06
33	0.99229	0.0022507	0.0054503	1.2542e-05
34	0.99008	0.004455	0.0054384	2.4768e-05
35	0.98942	0.0051183	0.005435	2.8514e-05
36	0.98997	0.0045619	0.0054384	2.5486e-05
37	0.98586	0.0086794	0.0054157	4.8526e-05
38	0.98367	0.01087	0.0054038	6.0787e-05
39	0.98315	0.011385	0.0054014	6.3705e-05
40	0.98015	0.014384	0.0053854	8.0361e-05
41	0.97904	0.015492	0.00538	8.6487e-05
42	0.97972	0.014811	0.0053847	8.265e-05
43	0.98229	0.012244	0.0054	6.8291e-05
44	0.98267	0.011859	0.0054031	6.6109e-05
45	0.98081	0.013723	0.0053938	7.6322e-05
46	0.9807	0.013828	0.0053945	7.6762e-05
47	0.98266	0.011871	0.0054064	6.5855e-05
48	0.98708	0.0074428	0.0054319	4.1342e-05
49	0.9888	0.0057218	0.0054426	3.1761e-05
50	0.98555	0.008977	0.005426	4.9591e-05
51	0.98434	0.010185	0.0054205	5.6218e-05
52	0.98041	0.014108	0.0054003	7.7696e-05
53	0.97105	0.023469	0.0053505	0.00012881
54	0.96593	0.028585	0.0053238	0.00015682
55	0.96398	0.030538	0.0053143	0.00016755
56	0.96478	0.029739	0.0053198	0.00016322
57	0.96793	0.026584	0.0053385	0.00014582
58	0.96784	0.026672	0.0053393	0.00014633
59	0.97041	0.024098	0.0053545	0.00013226
60	0.97619	0.018319	0.0053873	0.00010067
61	0.97791	0.016599	0.0053979	9.1253e-05
62	0.9818	0.012708	0.0054208	6.9769e-05
63	0.98904	0.0054685	0.0054619	2.9903e-05
64	0.98928	0.005228	0.0054645	2.8585e-05
65	0.99102	0.0034852	0.0054753	1.9034e-05
66	0.98355	0.010955	0.0054352	6.0217e-05
67	0.97946	0.015045	0.0054137	8.2857e-05
68	0.97748	0.017022	0.005404	9.3746e-05
69	0.91154	0.082962	0.0050408	0.00045811
70	0.87023	0.12427	0.0048129	0.00068712
71	0.84483	0.14967	0.0046726	0.00082851
72	0.82995	0.16455	0.0045903	0.00091177
73	0.79417	0.20032	0.0043924	0.0011107
74	0.71949	0.275	0.0039771	0.0015272
75	0.66801	0.32649	0.0036919	0.0018135
76	0.63337	0.36113	0.003501	0.0020056
77	0.61284	0.38166	0.0033877	0.0021201
78	0.60026	0.39423	0.003319	0.0021901
79	0.59544	0.39905	0.0032929	0.0022175
80	0.59617	0.39832	0.0032979	0.0022138
81	0.60254	0.39195	0.0033346	0.0021786
82	0.59717	0.39732	0.0033065	0.0022082
83	0.59858	0.39591	0.0033157	0.0022004
84	0.6057	0.38879	0.0033571	0.0021606
85	0.62125	0.37323	0.0034452	0.002074
86	0.64856	0.34592	0.0035985	0.0019221
87	0.69336	0.30111	0.0038487	0.0016734
88	0.7116	0.28288	0.0039518	0.0015719
89	0.74266	0.25182	0.0041259	0.0013992
90	0.79308	0.20139	0.0044072	0.0011194
91	0.87352	0.12095	0.0048542	0.0006738
92	0.88191	0.11257	0.0049021	0.00062736
93	0.89748	0.096992	0.0049898	0.00054114
94	0.92138	0.073091	0.0051243	0.00040814
95	0.93125	0.063218	0.0051811	0.000353
96	0.94838	0.046087	0.0052782	0.00025753
97	0.97414	0.020322	0.0054241	0.00011332
98	0.9867	0.0077611	0.0054959	4.3182e-05
99	0.99282	0.0016411	0.0055316	9.0917e-06
100	0.99209	0.0023662	0.0055291	1.3119e-05
101	0.99246	0.0019941	0.0055327	1.1063e-05
102	0.99401	0.00044526	0.0055427	2.4843e-06
103	0.99305	0.0014029	0.0055389	7.8445e-06
104	0.99307	0.0013792	0.0055405	7.7435e-06
105	0.99396	0.00049331	0.0055471	2.8037e-06
106	0.98729	0.0071622	0.005511	4.0563e-05
107	0.97237	0.022079	0.0054286	0.00012478
108	0.96268	0.031763	0.005376	0.00017934
109	0.8939	0.10054	0.0049895	0.00056769
110	0.84644	0.148	0.0047241	0.000835
111	0.81445	0.17999	0.0045464	0.0010148
112	0.79533	0.1991	0.0044404	0.0011228
113	0.78346	0.21098	0.0043755	0.0011898
114	0.77742	0.21701	0.0043436	0.0012239
115	0.77637	0.21806	0.00434	0.0012298
116	0.78123	0.2132	0.0043694	0.0012027
117	0.79304	0.20139	0.0044376	0.0011367
118	0.81208	0.18234	0.0045471	0.0010295
119	0.84397	0.15045	0.0047286	0.0008502
120	0.89551	0.098907	0.0050202	0.00056085
121	0.91826	0.076154	0.0051507	0.00043268
122	0.92756	0.066856	0.0052056	0.00038014
123	0.94248	0.051932	0.0052929	0.00029538
124	0.96718	0.02723	0.0054354	0.00015536
125	0.97773	0.016674	0.0054981	9.5293e-05
126	0.99382	0.00058815	0.0055927	3.3676e-06
127	0.9937	0.0007006	0.0055947	3.9995e-06
128	0.99168	0.0027207	0.0055857	1.5508e-05
129	0.98766	0.0067344	0.0055653	3.8475e-05
130	0.97938	0.015014	0.0055202	8.6021e-05
131	0.97424	0.020149	0.0054933	0.0001155
132	0.97163	0.022757	0.005481	0.00013049
133	0.97118	0.023208	0.0054812	0.00013314
134	0.97321	0.021176	0.0054953	0.00012176
135	0.97757	0.016812	0.0055229	9.7017e-05
136	0.97862	0.015753	0.0055318	9.1029e-05
137	0.97741	0.016969	0.0055276	9.8135e-05
138	0.97799	0.01638	0.0055338	9.4871e-05
139	0.97575	0.018617	0.0055241	0.00010775
140	0.97544	0.018921	0.0055255	0.00010951
141	0.97703	0.017333	0.0055379	0.00010038
142	0.98072	0.013643	0.0055626	7.9095e-05
143	0.98147	0.012884	0.0055706	7.4623e-05
144	0.98404	0.010312	0.0055892	5.9656e-05
145	0.98455	0.0098015	0.0055958	5.6633e-05
146	0.98697	0.0073788	0.0056133	4.2692e-05
147	0.99139	0.0029499	0.0056425	1.7117e-05
148	0.99143	0.0029043	0.0056463	1.6857e-05
149	0.99051	0.0038236	0.0056447	2.2133e-05
150	0.98823	0.0060946	0.0056353	3.525e-05
151	0.98762	0.0067019	0.0056352	3.8865e-05
152	0.98834	0.0059778	0.005643	3.4792e-05
153	0.99075	0.0035675	0.0056603	2.1086e-05
154	0.99164	0.0026775	0.0056691	1.6087e-05
155	0.99179	0.0025249	0.0056734	1.545e-05
156	0.99295	0.0013537	0.0056838	8.8776e-06
157	0.99344	0.00086518	0.0056902	6.3929e-06
158	0.99367	0.00062696	0.0056947	5.7228e-06
159	0.97743	0.016876	0.005591	9.9845e-05
160	0.93931	0.055009	0.0053619	0.00031951
161	0.91361	0.080722	0.0052057	0.00046644
162	0.85263	0.14171	0.0048493	0.0008137
163	0.81122	0.18312	0.0046065	0.0010475
164	0.78591	0.20845	0.0044552	0.0011897
165	0.77132	0.22304	0.0043649	0.0012708
166	0.73746	0.25692	0.0041647	0.0014618
167	0.71489	0.27949	0.00403	0.0015875
168	0.70246	0.29193	0.0039527	0.0016556
169	0.6961	0.2983	0.0039103	0.001689
170	0.69626	0.29815	0.0039045	0.0016857
171	0.68556	0.30885	0.0038373	0.0017438
172	0.68069	0.31373	0.0038034	0.0017687
173	0.6823	0.31214	0.0038057	0.0017574
174	0.69071	0.30373	0.0038456	0.0017084
175	0.70575	0.28871	0.0039226	0.0016224
176	0.7321	0.26236	0.0040617	0.0014743
177	0.74132	0.25315	0.0041059	0.0014212
178	0.73994	0.25455	0.0040913	0.0014269
179	0.74343	0.25106	0.0041042	0.0014054
180	0.75245	0.24205	0.0041481	0.0013529
181	0.76999	0.22451	0.0042388	0.0012536
182	0.79977	0.19475	0.0043963	0.0010874
183	0.81139	0.18314	0.0044536	0.0010215
184	0.83228	0.16226	0.0045614	0.00090511
185	0.86355	0.13099	0.0047267	0.00073132
186	0.87623	0.11832	0.0047894	0.00066022
187	0.84187	0.15269	0.0045933	0.00084808
188	0.81906	0.1755	0.0044618	0.00097146
189	0.80609	0.18848	0.004384	0.001041
190	0.79907	0.19551	0.0043394	0.0010776
191	0.798	0.19659	0.0043271	0.0010818
192	0.80161	0.19299	0.0043406	0.0010602
193	0.8104	0.18421	0.0043828	0.0010102
194	0.82727	0.16734	0.0044686	0.00091643
195	0.85581	0.13882	0.0046172	0.00075979
196	0.86811	0.12652	0.0046769	0.00069204
197	0.88767	0.10697	0.0047762	0.00058486
198	0.91724	0.077406	0.0049301	0.00042313
199	0.92992	0.064738	0.0049922	0.00035337
200	0.95131	0.043349	0.005101	0.00023675
201	0.98278	0.01189	0.0052648	6.5325e-05
202	0.98217	0.012503	0.0052542	6.8469e-05
203	0.98318	0.011503	0.0052524	6.2845e-05
204	0.98599	0.0087062	0.0052605	4.7471e-05
205	0.99091	0.0037848	0.0052803	2.0555e-05
206	0.99075	0.0039536	0.0052722	2.1349e-05
207	0.9919	0.0028143	0.0052711	1.5177e-05
208	0.99433	0.00039155	0.005277	2.1166e-06
209	0.99463	9.7765e-05	0.0052716	5.3079e-07
210	0.99168	0.0030558	0.0052488	1.6368e-05
211	0.9855	0.0092429	0.0052087	4.9546e-05
212	0.98185	0.012902	0.0051823	6.9052e-05
213	0.9802	0.014552	0.0051669	7.7759e-05
214	0.98034	0.014426	0.005161	7.6975e-05
215	0.98259	0.012178	0.0051663	6.5038e-05
216	0.98699	0.0077831	0.005183	4.1708e-05
217	0.98538	0.0094003	0.0051681	5.0224e-05
218	0.98554	0.0092444	0.0051624	4.9405e-05
219	0.98721	0.0075887	0.0051648	4.0639e-05
220	0.98709	0.0077141	0.0051578	4.1277e-05
221	0.98835	0.0064543	0.0051584	3.4578e-05
222	0.98818	0.006634	0.0051512	3.5559e-05
223	0.97984	0.014979	0.0051009	7.9751e-05
224	0.97525	0.019574	0.0050703	0.00010413
225	0.97306	0.021772	0.0050526	0.00011574
226	0.96633	0.028509	0.0050113	0.00015115
227	0.96318	0.031667	0.0049887	0.00016778
228	0.96292	0.031927	0.0049811	0.00016928
229	0.94537	0.049481	0.0048827	0.00026179
230	0.90499	0.089867	0.0046649	0.00047378
231	0.87782	0.11705	0.0045174	0.0006155
232	0.86164	0.13323	0.0044274	0.00069976
233	0.85169	0.14319	0.0043704	0.00075108
234	0.84679	0.14809	0.0043401	0.00077584
235	0.84613	0.14876	0.004332	0.00077848
236	0.85065	0.14424	0.0043505	0.00075444
237	0.85999	0.13491	0.0043941	0.00070545
238	0.84747	0.14743	0.0043244	0.00076964
239	0.84041	0.1545	0.0042834	0.00080528
240	0.83893	0.15599	0.004271	0.00081234
241	0.84267	0.15225	0.0042852	0.00079265
242	0.85114	0.14379	0.0043238	0.00074865
243	0.86565	0.12928	0.0043938	0.00067348
244	0.75894	0.236	0.0038382	0.0012237
245	0.69188	0.30307	0.0034872	0.0015694
246	0.64576	0.34919	0.003246	0.0018054
247	0.61764	0.37731	0.0030972	0.0019488
248	0.59939	0.39557	0.0029999	0.0020409
249	0.55454	0.44042	0.0027674	0.0022683
250	0.52727	0.4677	0.0026246	0.0024059
251	0.50965	0.48533	0.0025318	0.0024937
252	0.49955	0.49543	0.0024777	0.0025429
253	0.49679	0.49819	0.0024605	0.002555
254	0.49937	0.49562	0.0024705	0.0025401
255	0.50762	0.48738	0.0025092	0.0024965
256	0.52289	0.47211	0.0025834	0.0024175
257	0.547	0.44801	0.0027024	0.0022939
258	0.58313	0.41188	0.0028823	0.0021094
259	0.59699	0.39803	0.0029499	0.0020372
260	0.61954	0.37547	0.0030619	0.0019208
261	0.65717	0.33785	0.0032493	0.001729
262	0.71223	0.2828	0.0035253	0.0014486
263	0.79199	0.20304	0.0039272	0.0010424
264	0.91845	0.076585	0.0045634	0.00040185
265	0.92086	0.074175	0.0045715	0.0003895
266	0.90199	0.093054	0.0044709	0.00048597
267	0.89	0.10505	0.0044059	0.00054686
268	0.86069	0.13436	0.0042534	0.00069548
269	0.84142	0.15363	0.0041524	0.0007926
270	0.82945	0.16561	0.0040889	0.00085239
271	0.79915	0.19592	0.0039336	0.001004
272	0.7292	0.26587	0.0035808	0.0013532
273	0.68555	0.30952	0.0033593	0.0015711
274	0.65642	0.33865	0.0032114	0.0017155
275	0.63958	0.35549	0.0031247	0.0017987
276	0.63145	0.36363	0.0030812	0.0018386
277	0.62891	0.36618	0.0030658	0.0018504
278	0.61449	0.38059	0.0029911	0.0019216
279	0.6069	0.38819	0.0029508	0.0019584
280	0.5279	0.46719	0.0025535	0.0023522
281	0.47334	0.52176	0.0022799	0.0026224
282	0.43598	0.55912	0.0020929	0.002806
283	0.41091	0.5842	0.0019674	0.0029282
284	0.39676	0.59835	0.0018956	0.0029967
285	0.38925	0.60586	0.0018569	0.0030322
286	0.38851	0.60661	0.0018511	0.0030348
287	0.39438	0.60073	0.0018772	0.0030054
288	0.40813	0.58699	0.001941	0.0029383
289	0.43267	0.56246	0.002056	0.0028199
290	0.46976	0.52537	0.0022314	0.0026412
291	0.52395	0.47118	0.0024892	0.0023802
292	0.52568	0.46945	0.002494	0.0023722
293	0.53461	0.46053	0.0025334	0.0023295
294	0.55049	0.44465	0.0026065	0.0022533
295	0.55234	0.44281	0.0026114	0.0022451
296	0.55979	0.43536	0.0026437	0.0022097
297	0.57408	0.42107	0.0027092	0.0021411
298	0.59956	0.3956	0.0028276	0.0020196
299	0.6381	0.35706	0.0030087	0.0018355
300	0.69444	0.30072	0.0032752	0.001566
301	0.71852	0.27664	0.0033877	0.0014507
302	0.75838	0.23678	0.0035751	0.0012604
303	0.81653	0.17864	0.0038504	0.00098233
304	0.84407	0.1511	0.0039783	0.00085154
305	0.88466	0.11051	0.0041691	0.00065801
306	0.94955	0.045621	0.0044748	0.00034951
307	0.95772	0.037477	0.0045188	0.0002834
308	0.97071	0.024506	0.0045971	0.00018321
309	0.99211	0.0031324	0.0047351	2.3258e-05
310	0.99505	0.0002101	0.0047352	1.4717e-06
311	0.99506	0.00022282	0.004714	1.1521e-06
312	0.99517	0.00013869	0.0046931	4.8679e-07
313	0.9742	0.021098	0.0045988	9.9838e-05
314	0.96147	0.033831	0.004543	0.00016055
315	0.95333	0.041965	0.0045093	0.00019936
316	0.94871	0.046576	0.0044924	0.00022139
317	0.94762	0.047657	0.0044921	0.0002268
318	0.94929	0.045986	0.0045051	0.00021903
319	0.93421	0.061059	0.0044382	0.00029106
320	0.92461	0.07066	0.0043976	0.00033697
321	0.92007	0.075194	0.0043808	0.00035898
322	0.76047	0.23479	0.0036263	0.0011188
323	0.65979	0.33546	0.0031494	0.001601
324	0.59093	0.40431	0.0028249	0.0019309
325	0.54809	0.44715	0.0026232	0.0021379
326	0.52214	0.4731	0.0025014	0.002265
327	0.50751	0.48771	0.0024335	0.0023381
328	0.49958	0.49564	0.002398	0.002379
329	0.47372	0.5215	0.0022767	0.0025057
330	0.45738	0.53784	0.0022013	0.0025867
331	0.41874	0.57646	0.0020182	0.0027752
332	0.39546	0.59974	0.0019082	0.0028906
333	0.38254	0.61265	0.0018477	0.0029566
334	0.37578	0.61941	0.0018172	0.0029925
335	0.37567	0.61951	0.0018185	0.0029966
336	0.38215	0.61303	0.0018516	0.002969
337	0.39497	0.6002	0.0019158	0.0029103
338	0.41815	0.57701	0.00203	0.0028016
339	0.45657	0.53859	0.0022176	0.0026194
340	0.51334	0.48181	0.0024955	0.002347
341	0.60372	0.39143	0.002936	0.001912
342	0.73549	0.25966	0.0035805	0.0012731
343	0.79937	0.19577	0.0038949	0.00096423
344	0.82673	0.1684	0.0040329	0.00083185
345	0.83857	0.15656	0.0040951	0.0007753
346	0.84125	0.15388	0.0041123	0.00076364
347	0.84863	0.14649	0.0041529	0.00072867
348	0.86175	0.13336	0.0042221	0.00066514
349	0.88249	0.11262	0.0043295	0.00056365
350	0.87923	0.11587	0.0043181	0.00058081
351	0.87988	0.11522	0.0043264	0.00057845
352	0.88452	0.11057	0.0043548	0.00055607
353	0.89383	0.10126	0.0044067	0.00051024
354	0.91059	0.084482	0.0044958	0.00042727
355	0.9065	0.088568	0.004481	0.00044822
356	0.90592	0.089147	0.0044839	0.00045154
357	0.90876	0.086296	0.0045043	0.00043754
358	0.90586	0.089191	0.0044957	0.0004525
359	0.9065	0.08855	0.004505	0.00044961
360	0.91076	0.084281	0.0045329	0.0004283
361	0.92024	0.074792	0.0045869	0.00038071
362	0.93529	0.059731	0.0046698	0.00030451
363	0.95792	0.037104	0.0047918	0.00018922
364	0.96844	0.026576	0.0048519	0.0001357
365	0.97252	0.02249	0.0048796	0.00011482
366	0.98036	0.014637	0.0049263	7.4768e-05
367	0.98389	0.011102	0.004951	5.6788e-05
368	0.98996	0.005025	0.0049889	2.5693e-05
369	0.99295	0.0020297	0.0050109	1.0395e-05
370	0.99274	0.0022363	0.0050165	1.1449e-05
371	0.9917	0.0032622	0.0050181	1.666e-05
372	0.98942	0.0055422	0.0050131	2.8311e-05
373	0.98853	0.0064188	0.0050155	3.2805e-05
374	0.98917	0.0057798	0.0050254	2.9624e-05
375	0.99116	0.0037731	0.0050425	1.9413e-05
376	0.99171	0.00322	0.0050524	1.6594e-05
377	0.99342	0.0015065	0.0050683	7.7853e-06
378	0.99422	0.00069614	0.0050797	3.5976e-06
379	0.99359	0.0013145	0.0050839	6.7455e-06
380	0.9924	0.0025053	0.0050851	1.2854e-05
381	0.98964	0.0052497	0.0050785	2.6895e-05
382	0.98862	0.0062687	0.0050806	3.2162e-05
383	0.9891	0.0057794	0.0050903	2.9719e-05
384	0.99092	0.0039505	0.0051072	2.0322e-05
385	0.9947	0.00016996	0.005134	8.7818e-07
386	0.99425	0.00060835	0.005139	3.1676e-06
387	0.99451	0.00033785	0.0051478	1.7748e-06
388	0.99184	0.0030022	0.0051414	1.5732e-05
389	0.99052	0.0043149	0.0051422	2.2629e-05
390	0.99038	0.0044496	0.0051492	2.3365e-05
391	0.98913	0.0056924	0.0051504	2.9948e-05
392	0.98917	0.0056444	0.0051584	2.9751e-05
393	0.99072	0.0040869	0.0051743	2.1679e-05
394	0.99097	0.0038215	0.0051835	2.0351e-05
395	0.98577	0.0090192	0.005164	4.7919e-05
396	0.97378	0.021002	0.0051087	0.00011136
397	0.96685	0.027917	0.0050799	0.00014831
398	0.96303	0.031732	0.0050676	0.0001688
399	0.9617	0.033055	0.0050687	0.00017605
400	0.96275	0.031993	0.0050826	0.00017059
401	0.96634	0.028397	0.0051103	0.00015153
402	0.97366	0.021072	0.0051577	0.0001126
403	0.97651	0.018207	0.0051813	9.7475e-05
404	0.98183	0.01288	0.0052184	6.9043e-05
405	0.98397	0.010738	0.0052383	5.7675e-05
406	0.98413	0.010564	0.0052476	5.6869e-05
407	0.98591	0.0087768	0.0052657	4.7358e-05
408	0.9895	0.0051784	0.0052938	2.8006e-05
409	0.98845	0.0062184	0.0052968	3.3658e-05
410	0.98868	0.0059765	0.0053068	3.2383e-05
411	0.98241	0.012239	0.0052821	6.6082e-05
412	0.93779	0.056849	0.00505	0.00030697
413	0.91004	0.08459	0.0049079	0.0004579
414	0.89329	0.10133	0.0048247	0.00054989
415	0.85384	0.14077	0.0046182	0.00076523
416	0.82708	0.16753	0.0044808	0.00091168
417	0.8114	0.1832	0.0044027	0.00099869
418	0.80345	0.19114	0.0043663	0.001044
419	0.80154	0.19304	0.0043626	0.0010566
420	0.80427	0.1903	0.0043844	0.0010436
421	0.69829	0.29628	0.0038109	0.0016262
422	0.62485	0.36971	0.0034156	0.0020308
423	0.57423	0.42031	0.003145	0.0023106
424	0.46732	0.52721	0.0025639	0.002901
425	0.40006	0.59447	0.0021975	0.0032766
426	0.35803	0.63649	0.0019685	0.0035147
427	0.26211	0.7324	0.0014419	0.0040506
428	0.2016	0.7929	0.0011085	0.0043933
429	0.16013	0.83436	0.00088075	0.0046304
430	0.13424	0.86024	0.00073809	0.0047824
431	0.1166	0.87787	0.00064135	0.0048885
432	0.10507	0.88939	0.00057853	0.0049608
433	0.075415	0.91904	0.0004154	0.0051335
434	0.056801	0.93764	0.00031261	0.0052459
435	0.045264	0.94917	0.00024865	0.0053193
436	0.038344	0.95608	0.00021012	0.0053674
437	0.034567	0.95985	0.00018895	0.005398
438	0.03312	0.96128	0.00018063	0.0054158
439	0.033261	0.96113	0.00018119	0.0054248
440	0.035489	0.9589	0.00019316	0.0054224
441	0.040278	0.9541	0.00021905	0.005406
442	0.040019	0.95435	0.00021704	0.0054175
443	0.04154	0.95282	0.00022495	0.0054191
444	0.044971	0.94938	0.00024344	0.0054103
445	0.051602	0.94273	0.00027928	0.0053841
446	0.061793	0.93253	0.00033476	0.0053383
447	0.07843	0.91589	0.00042516	0.0052576
448	0.074067	0.92024	0.00040014	0.0052924
449	0.073087	0.92121	0.00039392	0.0053084
450	0.074519	0.91977	0.0004012	0.0053109
451	0.068944	0.92533	0.00036918	0.0053528
452	0.066091	0.92818	0.00035257	0.0053795
453	0.065674	0.92858	0.00034963	0.0053925
454	0.057974	0.93627	0.00030563	0.0054466
455	0.05323	0.94101	0.00027836	0.0054842
456	0.051477	0.94275	0.0002676	0.0055052
457	0.043479	0.95074	0.00022117	0.0055618
458	0.038291	0.95592	0.00019069	0.0056026
459	0.035304	0.95889	0.00017254	0.0056311
460	0.034556	0.95963	0.0001664	0.0056476
461	0.035887	0.95829	0.00017099	0.0056534
462	0.03957	0.9546	0.00018721	0.0056475
463	0.037838	0.95632	0.00017492	0.0056701
464	0.03831	0.95583	0.00017403	0.0056814
465	0.040562	0.95357	0.00018194	0.005684
466	0.038119	0.956	0.00016486	0.0057115
467	0.037467	0.95665	0.00015715	0.0057298
468	0.038989	0.95511	0.00015985	0.0057376
469	0.043009	0.95108	0.00017352	0.0057344
470	0.049498	0.94458	0.00019751	0.005721
471	0.060503	0.93357	0.00023969	0.0056894
472	0.078369	0.91569	0.00030899	0.0056306
473	0.10417	0.88988	0.00040985	0.0055404
474	0.14179	0.85225	0.00055791	0.0054031
475	0.15716	0.83687	0.00061573	0.0053561
476	0.14718	0.84686	0.00058051	0.0053803
477	0.14173	0.85232	0.00056506	0.0053849
478	0.14091	0.85315	0.00057116	0.005368
479	0.14351	0.85056	0.0005949	0.0053334
480	0.11507	0.87901	0.00047652	0.005441
481	0.095769	0.89832	0.00039702	0.0055098
482	0.082884	0.91122	0.00034486	0.0055514
483	0.074589	0.91952	0.00031249	0.0055732
484	0.069599	0.92453	0.0002947	0.0055805
485	0.067981	0.92615	0.00029243	0.0055724
486	0.068683	0.92546	0.00030172	0.0055527
487	0.072597	0.92156	0.00032798	0.005516
488	0.080539	0.91363	0.00037662	0.0054569
489	0.092921	0.90126	0.00045097	0.0053723
490	0.11325	0.88093	0.00057122	0.0052416
491	0.14276	0.85143	0.00074549	0.0050571
492	0.1859	0.80831	0.0010003	0.0047921
493	0.20525	0.78897	0.0011136	0.0046686
494	0.23702	0.75721	0.0012986	0.0044734
495	0.28791	0.70632	0.001594	0.0041677
496	0.28839	0.70586	0.0015959	0.0041557
497	0.29501	0.69924	0.0016326	0.0041087
498	0.29012	0.70415	0.0016038	0.0041274
499	0.29126	0.70302	0.0016089	0.0041122
500	0.29867	0.69562	0.0016496	0.0040614
501	0.31228	0.68202	0.0017258	0.003975
502	0.33624	0.65807	0.0018608	0.0038299
503	0.37181	0.62251	0.0020626	0.0036181
504	0.42913	0.5652	0.0023876	0.0032831
505	0.51297	0.48137	0.0028649	0.0027959
506	0.6352	0.35915	0.003563	0.002088
507	0.81093	0.18343	0.0045695	0.0010718
508	0.83403	0.16034	0.0046951	0.00093665
509	0.84357	0.15081	0.0047419	0.00088022
510	0.84345	0.15094	0.0047334	0.00087914
511	0.80631	0.18809	0.0045154	0.0010878
512	0.78163	0.21277	0.0043691	0.0012248
513	0.7675	0.22692	0.0042823	0.0013024
514	0.73159	0.26283	0.0040739	0.0015015
515	0.70757	0.28686	0.0039334	0.001633
516	0.69411	0.30033	0.0038518	0.0017054
517	0.58496	0.4095	0.0032349	0.0023131
518	0.51633	0.47813	0.0028452	0.0026936
519	0.47353	0.52094	0.0026004	0.0029292
520	0.44458	0.5499	0.0024344	0.003086
521	0.42784	0.56664	0.0023365	0.0031746
522	0.41813	0.57637	0.0022784	0.0032237
523	0.38822	0.60629	0.0021091	0.0033839
524	0.36848	0.62603	0.001997	0.0034871
525	0.35654	0.63799	0.0019285	0.0035469
526	0.32634	0.66819	0.0017598	0.0037067
527	0.30847	0.68607	0.0016586	0.003799
528	0.29777	0.69678	0.0015974	0.0038515
529	0.29254	0.70202	0.0015664	0.0038737
530	0.2921	0.70247	0.0015617	0.0038698
531	0.29775	0.69682	0.0015898	0.0038331
532	0.26689	0.7277	0.0014209	0.0039935
533	0.24841	0.74618	0.0013188	0.004087
534	0.2368	0.7578	0.0012543	0.004143
535	0.20834	0.78627	0.0010991	0.0042897
536	0.18917	0.80545	0.00099464	0.0043857
537	0.17675	0.81788	0.0009269	0.0044451
538	0.16943	0.8252	0.00088677	0.0044769
539	0.16625	0.82839	0.00086892	0.0044866
540	0.16693	0.82773	0.00087175	0.0044757
541	0.15763	0.83703	0.00082208	0.0045173
542	0.15378	0.84089	0.00080099	0.0045303
543	0.15457	0.84011	0.0008043	0.0045189
544	0.12122	0.87347	0.00062742	0.0046877
545	0.098489	0.8962	0.00050735	0.0047998
546	0.08316	0.91154	0.00042668	0.0048725
547	0.073063	0.92165	0.0003737	0.0049176
548	0.067552	0.92716	0.00034452	0.0049389
549	0.065464	0.92926	0.00033305	0.0049425
550	0.065754	0.92898	0.00033406	0.0049336
551	0.068463	0.92628	0.00034771	0.0049122
552	0.074763	0.91998	0.00037976	0.0048724
553	0.073909	0.92085	0.00037478	0.0048697
554	0.075582	0.91918	0.00038298	0.0048538
555	0.080019	0.91475	0.00040558	0.0048237
556	0.087847	0.90693	0.00044583	0.004776
557	0.087874	0.90691	0.00044573	0.0047687
558	0.090719	0.90407	0.0004603	0.0047467
559	0.086059	0.90874	0.00043633	0.0047635
560	0.085041	0.90977	0.00043093	0.0047616
561	0.087464	0.90735	0.0004431	0.0047421
562	0.083099	0.91172	0.0004205	0.0047575
563	0.081507	0.91332	0.00041227	0.0047586
564	0.083255	0.91158	0.00042103	0.0047426
565	0.077966	0.91688	0.00039392	0.0047626
566	0.076274	0.91858	0.00038506	0.0047644
567	0.077154	0.9177	0.00038947	0.0047529
568	0.081474	0.91339	0.00041134	0.004724
569	0.090135	0.90474	0.0004552	0.004673
570	0.10497	0.88991	0.00053023	0.0045909
571	0.12911	0.86577	0.00065208	0.0044619
572	0.16407	0.83083	0.00082905	0.0042778
573	0.21966	0.77524	0.0011096	0.0039902
574	0.24346	0.75145	0.0012288	0.0038639
575	0.28223	0.71269	0.0014231	0.0036626
576	0.33841	0.65651	0.0017058	0.003373
577	0.36425	0.63068	0.0018337	0.0032381
578	0.40301	0.59192	0.0020271	0.0030378
579	0.41796	0.57698	0.0021001	0.002958
580	0.44421	0.55074	0.0022295	0.0028217
581	0.48372	0.51124	0.0024262	0.0026182
582	0.54133	0.45363	0.002715	0.0023229
583	0.54318	0.45179	0.0027204	0.0023107
584	0.55222	0.44276	0.0027619	0.0022625
585	0.56824	0.42674	0.0028387	0.002179
586	0.59336	0.40163	0.0029617	0.0020494
587	0.6309	0.36409	0.0031476	0.001857
588	0.69144	0.30356	0.0034482	0.00155
589	0.6766	0.31841	0.003369	0.0016227
590	0.66837	0.32664	0.0033236	0.0016618
591	0.66567	0.32935	0.0033064	0.0016728
592	0.66813	0.32689	0.0033153	0.0016577
593	0.67766	0.31738	0.0033595	0.0016074
594	0.69623	0.29881	0.0034486	0.001512
595	0.6828	0.31225	0.0033778	0.0015767
596	0.67568	0.31937	0.0033389	0.0016096
597	0.67412	0.32094	0.003328	0.0016146
598	0.6791	0.31597	0.0033494	0.0015872
599	0.69166	0.30341	0.0034084	0.0015222
600	0.62811	0.36696	0.0030897	0.0018348
601	0.58862	0.40646	0.0028901	0.0020283
602	0.56484	0.43024	0.0027684	0.0021439
603	0.54983	0.44526	0.0026907	0.0022155
604	0.54315	0.45195	0.0026541	0.0022461
605	0.54338	0.45172	0.0026513	0.0022427
606	0.54926	0.44585	0.0026766	0.0022113
607	0.56328	0.43184	0.0027414	0.0021405
608	0.58573	0.4094	0.0028476	0.0020283
609	0.62004	0.37509	0.0030121	0.0018579
610	0.61447	0.38067	0.0029807	0.0018833
611	0.61563	0.37951	0.0029821	0.0018759
612	0.60395	0.3912	0.0029208	0.0019313
613	0.59986	0.39529	0.0028967	0.0019495
614	0.60111	0.39405	0.0028988	0.0019415
615	0.60785	0.38731	0.002928	0.0019066
616	0.60271	0.39246	0.0028996	0.0019293
617	0.60312	0.39206	0.0028985	0.0019248
618	0.61044	0.38474	0.0029307	0.001887
619	0.58056	0.41463	0.0027832	0.0020289
620	0.56327	0.43192	0.0026964	0.0021102
621	0.55489	0.44031	0.0026525	0.0021484
622	0.46213	0.53308	0.0022023	0.0025931
623	0.39865	0.59656	0.0018953	0.0028947
624	0.35913	0.63608	0.0017032	0.0030813
625	0.33516	0.66006	0.0015857	0.0031933
626	0.3197	0.67552	0.0015097	0.0032638
627	0.31071	0.68452	0.0014651	0.0033031
628	0.30831	0.68693	0.0014517	0.0033111
629	0.31085	0.68439	0.0014622	0.0032953
630	0.32003	0.67521	0.0015039	0.0032482
631	0.33782	0.65743	0.001586	0.0031608
632	0.34144	0.65382	0.0016011	0.0031403
633	0.35066	0.6446	0.0016431	0.0030932
634	0.3247	0.67057	0.0015187	0.0032124
635	0.30975	0.68552	0.0014463	0.0032796
636	0.30264	0.69264	0.0014108	0.0033099
637	0.30181	0.69347	0.0014049	0.0033107
638	0.30575	0.68954	0.0014216	0.0032888
639	0.31518	0.68012	0.0014643	0.003241
640	0.33324	0.66206	0.0015471	0.0031531
641	0.36071	0.6346	0.0016743	0.0030209
642	0.40175	0.59356	0.0018656	0.0028247
643	0.39828	0.59704	0.0018475	0.0028378
644	0.38011	0.61521	0.0017611	0.0029194
645	0.37083	0.62449	0.0017161	0.0029596
646	0.36847	0.62686	0.0017033	0.0029675
647	0.37115	0.62419	0.0017143	0.0029518
648	0.38081	0.61453	0.0017576	0.0029036
649	0.39734	0.598	0.0018332	0.0028232
650	0.42589	0.56946	0.0019644	0.0026873
651	0.46805	0.5273	0.0021594	0.0024875
652	0.46511	0.53025	0.0021439	0.0024984
653	0.46891	0.52645	0.0021596	0.0024781
654	0.47853	0.51684	0.0022026	0.0024305
655	0.49551	0.49987	0.0022803	0.0023483
656	0.5249	0.47048	0.0024153	0.0022087
657	0.56836	0.42702	0.0026165	0.0020031
658	0.63805	0.35733	0.0029389	0.0016762
659	0.73993	0.25546	0.0034124	0.0011983
660	0.88659	0.1088	0.0040965	0.00050991
661	0.90499	0.090409	0.0041792	0.00042291
662	0.93536	0.060043	0.0043175	0.00028035
663	0.98417	0.011234	0.0045411	5.2484e-05
664	0.9905	0.0049147	0.0045665	2.288e-05
665	0.99361	0.0018054	0.0045767	8.3774e-06
666	0.99527	0.00015069	0.00458	6.9924e-07
667	0.99516	0.00026399	0.0045753	1.2129e-06
668	0.99512	0.00030338	0.0045708	1.3918e-06
669	0.99401	0.0014185	0.0045616	6.4769e-06
670	0.99195	0.0034839	0.0045479	1.5909e-05
671	0.99133	0.0041138	0.0045408	1.8784e-05
672	0.992	0.0034453	0.0045395	1.5743e-05
673	0.9886	0.0068489	0.0045197	3.1279e-05
674	0.98718	0.0082705	0.004509	3.7773e-05
675	0.98723	0.0082301	0.004505	3.7539e-05
676	0.98899	0.0064742	0.0045088	2.9521e-05
677	0.98905	0.0064142	0.004505	2.9201e-05
678	0.98749	0.007977	0.0044938	3.6296e-05
679	0.98761	0.0078642	0.00449	3.5791e-05
680	0.98914	0.006334	0.0044929	2.8806e-05
681	0.99267	0.0028156	0.0045047	1.2859e-05
682	0.99226	0.0032216	0.0044987	1.4712e-05
683	0.99292	0.0025666	0.0044977	1.1718e-05
684	0.99474	0.00075767	0.0045021	3.4586e-06
685	0.99467	0.00083149	0.004498	3.7722e-06
686	0.99545	4.7993e-05	0.0044977	2.1818e-07
687	0.99549	1.4599e-05	0.0044942	6.6236e-08
688	0.99544	7.0852e-05	0.0044903	3.2037e-07
689	0.99411	0.0014026	0.0044805	6.3572e-06
690	0.99374	0.0017801	0.0044752	8.0559e-06
691	0.99264	0.0028828	0.0044668	1.3e-05
692	0.99273	0.0027923	0.0044637	1.2589e-05
693	0.99386	0.0016643	0.0044653	7.4875e-06
694	0.99438	0.0011548	0.0044641	5.1947e-06
695	0.99446	0.0010771	0.0044611	4.8301e-06
696	0.99548	5.7703e-05	0.0044622	2.5791e-07
697	0.99554	2.5526e-06	0.0044589	1.1473e-08
698	0.9955	4.9463e-05	0.0044553	2.2221e-07
699	0.9954	0.00015266	0.0044515	6.8339e-07
700	0.99475	0.00079982	0.0044453	3.5884e-06
701	0.99369	0.0018645	0.004437	8.3856e-06
702	0.99369	0.0018648	0.0044335	8.427e-06
703	0.99012	0.0054461	0.004414	2.4598e-05
704	0.98822	0.0073423	0.0044022	3.3128e-05
705	0.98776	0.0078044	0.004397	3.5187e-05
706	0.98871	0.0068604	0.0043981	3.0918e-05
707	0.99116	0.0044173	0.0044062	1.9907e-05
708	0.99542	0.00015207	0.0044225	6.8777e-07
709	0.97728	0.018299	0.0043382	8.197e-05
710	0.96634	0.029247	0.0042861	0.00013109
711	0.95956	0.036025	0.0042529	0.00016133
712	0.94452	0.051069	0.0041826	0.00022867
713	0.93501	0.060582	0.0041373	0.00027101
714	0.93041	0.065182	0.0041139	0.00029151
715	0.91773	0.077866	0.0040542	0.00034828
716	0.88769	0.10791	0.0039173	0.00048226
717	0.86781	0.12779	0.0038263	0.00057041
718	0.82093	0.17467	0.0036163	0.00077776
719	0.7921	0.20351	0.0034859	0.00090535
720	0.77512	0.22049	0.003408	0.00098043
721	0.76642	0.2292	0.0033667	0.0010189
722	0.7631	0.23252	0.0033496	0.0010333
723	0.76469	0.23093	0.0033545	0.0010257
724	0.77261	0.22301	0.0033869	0.00099056
725	0.77015	0.22547	0.0033739	0.0010009
726	0.7724	0.22323	0.0033819	0.00099039
727	0.77965	0.21598	0.0034122	0.00095763
728	0.79465	0.20099	0.0034764	0.00089098
729	0.81796	0.17767	0.0035775	0.00078738
730	0.85268	0.14296	0.0037296	0.00063298
731	0.9086	0.087036	0.0039746	0.00038555
732	0.99047	0.0051725	0.0043353	2.2555e-05
733	0.99068	0.0049636	0.0043336	2.1613e-05
734	0.9897	0.0059499	0.0043267	2.5906e-05
735	0.99	0.0056458	0.0043255	2.4528e-05
736	0.98903	0.0066205	0.0043186	2.8741e-05
737	0.98959	0.0060636	0.0043184	2.6307e-05
738	0.9918	0.0038573	0.0043253	1.6736e-05
739	0.99011	0.0055508	0.0043153	2.4082e-05
740	0.98994	0.005721	0.0043119	2.4822e-05
741	0.98841	0.0072518	0.0043025	3.1505e-05
742	0.98469	0.010976	0.0042834	4.7793e-05
743	0.98293	0.012741	0.0042731	5.5462e-05
744	0.98288	0.012796	0.0042703	5.5636e-05
745	0.98483	0.010848	0.0042762	4.7147e-05
746	0.98481	0.010867	0.0042734	4.725e-05
747	0.9864	0.0092782	0.0042777	4.0323e-05
748	0.98627	0.0094101	0.0042745	4.0907e-05
749	0.98767	0.0080217	0.004278	3.4855e-05
750	0.9911	0.0045853	0.0042903	1.9981e-05
751	0.98988	0.0058087	0.0042825	2.529e-05
752	0.99015	0.0055467	0.004281	2.4182e-05
753	0.9917	0.0039967	0.0042853	1.7463e-05
754	0.99479	0.00091161	0.0042963	4.0538e-06
755	0.99377	0.0019288	0.0042896	8.5586e-06
756	0.9937	0.0020043	0.004287	8.937e-06
757	0.98798	0.0077298	0.0042593	3.4433e-05
758	0.98456	0.011146	0.0042419	4.964e-05
759	0.98333	0.012376	0.0042341	5.5269e-05
760	0.98403	0.01168	0.0042346	5.2514e-05
761	0.98643	0.0092841	0.0042426	4.2331e-05
762	0.99091	0.0048083	0.0042598	2.3086e-05
763	0.99028	0.0054343	0.0042545	2.6457e-05
764	0.99109	0.0046298	0.0042555	2.3437e-05
765	0.99322	0.0024988	0.0042624	1.4541e-05
766	0.99408	0.00164	0.0042636	1.1525e-05
767	0.98819	0.0075502	0.0042197	3.6859e-05
768	0.84161	0.15416	0.0035731	0.00066513
769	0.74903	0.24675	0.0031612	0.0010586
770	0.68499	0.31081	0.0028754	0.0013261
771	0.64524	0.35058	0.0026941	0.001489
772	0.62131	0.37452	0.0025807	0.001584
773	0.60617	0.38968	0.0025055	0.001641
774	0.59802	0.39785	0.0024604	0.0016681
775	0.59689	0.399	0.0024444	0.0016659
776	0.60111	0.3948	0.0024507	0.0016416
777	0.61124	0.38469	0.0024814	0.001593
778	0.52264	0.47331	0.00211	0.0019468
779	0.46701	0.52895	0.0018746	0.0021645
780	0.42891	0.56707	0.0017127	0.0023088
781	0.406	0.59	0.0016128	0.0023911
782	0.3915	0.60452	0.0015477	0.0024387
783	0.385	0.61103	0.0015148	0.0024541
784	0.38379	0.61226	0.0015032	0.0024482
785	0.38912	0.60695	0.0015173	0.0024167
786	0.40057	0.59552	0.0015554	0.0023612
787	0.39964	0.59646	0.0015447	0.0023546
788	0.40537	0.59075	0.0015595	0.0023224
789	0.41712	0.57902	0.0015977	0.0022669
790	0.43886	0.5573	0.0016736	0.0021737
791	0.47161	0.52456	0.0017913	0.0020388
792	0.48326	0.51293	0.0018277	0.0019854
793	0.50257	0.49364	0.0018933	0.0019029
794	0.5321	0.46412	0.0019975	0.0017819
795	0.57632	0.41991	0.0021572	0.0016057
796	0.64721	0.34904	0.0024156	0.0013305
797	0.67755	0.31872	0.0025195	0.0012101
798	0.68815	0.30813	0.0025486	0.0011646
799	0.706	0.2903	0.0026049	0.0010921
800	0.73651	0.25981	0.0027076	0.00097306
801	0.78609	0.21025	0.0028797	0.0007846
802	0.807	0.18935	0.0029446	0.0007035
803	0.84176	0.15461	0.0030595	0.00057238
804	0.89255	0.10383	0.0032328	0.00038298
805	0.9661	0.030297	0.0034888	0.00011102
806	0.97683	0.01959	0.0035123	7.1433e-05
807	0.98173	0.014703	0.0035142	5.3397e-05
808	0.98352	0.012924	0.0035047	4.6758e-05
809	0.98778	0.0086815	0.0035038	3.1436e-05
810	0.9893	0.0071857	0.0034932	2.5989e-05
811	0.94111	0.055389	0.0033044	0.00019863
812	0.91113	0.085385	0.0031817	0.00030508
813	0.89122	0.10531	0.0030962	0.00037449
814	0.84552	0.15103	0.002921	0.00053379
815	0.81436	0.1822	0.0027987	0.00064032
816	0.79362	0.20296	0.002714	0.00070942
817	0.78076	0.21583	0.0026575	0.00075048
818	0.77512	0.22149	0.0026259	0.00076658
819	0.77446	0.22216	0.0026117	0.0007654
820	0.77976	0.21687	0.0026176	0.0007441
821	0.79058	0.20608	0.0026422	0.00070423
822	0.80859	0.18808	0.002691	0.00064026
823	0.81393	0.18275	0.002697	0.00061925
824	0.82612	0.17058	0.0027255	0.00057569
825	0.84578	0.15094	0.0027789	0.00050737
826	0.85341	0.14332	0.0027916	0.00047973
827	0.8683	0.12844	0.0028277	0.00042859
828	0.89143	0.10533	0.0028908	0.0003506
829	0.88858	0.1082	0.0028684	0.00035828
830	0.88952	0.10727	0.0028586	0.00035344
831	0.89439	0.10241	0.0028618	0.00033578
832	0.90388	0.092937	0.0028801	0.00030317
833	0.92082	0.076011	0.0029221	0.00024687
834	0.94651	0.050333	0.0029922	0.00016256
835	0.98795	0.0089132	0.0031118	2.8687e-05
836	0.98884	0.0080384	0.0031006	2.5676e-05
837	0.99162	0.0052709	0.0030954	1.6741e-05
838	0.99275	0.0041519	0.0030847	1.3122e-05
839	0.9928	0.0041206	0.0030705	1.2961e-05
840	0.99399	0.002938	0.0030601	9.2171e-06
841	0.99182	0.0051204	0.0030394	1.5898e-05
842	0.98686	0.010098	0.0030103	3.1043e-05
843	0.98413	0.012845	0.0029884	3.9217e-05
844	0.98352	0.013465	0.0029729	4.091e-05
845	0.98491	0.012091	0.0029633	3.6602e-05
846	0.98815	0.0088627	0.0029594	2.6727e-05
847	0.98906	0.0079625	0.0029486	2.3882e-05
848	0.99187	0.0051674	0.0029434	1.5448e-05
849	0.99673	0.00032476	0.0029444	9.7146e-07
850	0.99685	0.00021974	0.0029313	6.5397e-07
851	0.99632	0.00076048	0.0029165	2.2408e-06
852	0.99654	0.00055455	0.002904	1.6258e-06
853	0.99666	0.00044284	0.0028911	1.3e-06
854	0.99561	0.0015132	0.002875	4.4159e-06
855	0.98634	0.010791	0.0028349	3.1407e-05
856	0.96557	0.031577	0.002762	9.1298e-05
857	0.95303	0.044131	0.0027132	0.00012711
858	0.94527	0.051906	0.0026786	0.00014879
859	0.94181	0.055371	0.0026564	0.00015809
860	0.94138	0.055816	0.0026429	0.0001587
861	0.94391	0.053303	0.002638	0.00015092
862	0.92968	0.067539	0.0025859	0.00019025
863	0.92077	0.07647	0.0025493	0.00021429
864	0.91684	0.080407	0.0025266	0.00022432
865	0.90397	0.093296	0.0024795	0.0002589
866	0.89626	0.10101	0.0024471	0.00027884
867	0.8927	0.10458	0.0024264	0.00028719
868	0.89282	0.10448	0.0024161	0.00028539
869	0.89759	0.099722	0.0024181	0.00027107
870	0.90799	0.089332	0.0024352	0.00024174
871	0.92623	0.071106	0.0024728	0.00019177
872	0.95339	0.04396	0.0025341	0.00011819
873	0.99356	0.0038042	0.00263	1.0241e-05
874	0.99487	0.0025024	0.0026215	6.7084e-06
875	0.99334	0.004041	0.0026055	1.0748e-05
876	0.99301	0.0043892	0.0025927	1.161e-05
877	0.99131	0.0061004	0.0025765	1.6011e-05
878	0.99095	0.0064685	0.002564	1.6867e-05
879	0.99213	0.0053012	0.0025554	1.3764e-05
880	0.99211	0.0053287	0.0025436	1.3786e-05
881	0.99334	0.0041172	0.0025351	1.0616e-05
882	0.99596	0.0015065	0.0025302	3.8827e-06
883	0.99726	0.00021902	0.0025221	5.7468e-07
884	0.98933	0.0081566	0.0024903	2.1059e-05
885	0.98441	0.013092	0.0024666	3.3631e-05
886	0.97296	0.024552	0.0024265	6.2643e-05
887	0.96566	0.031862	0.0023973	8.0848e-05
888	0.96154	0.03599	0.0023765	9.0865e-05
889	0.92343	0.074115	0.0022713	0.0001853
890	0.89746	0.1001	0.0021973	0.00024864
891	0.88019	0.11737	0.0021456	0.00028988
892	0.84324	0.15434	0.0020458	0.00037903
893	0.7667	0.23088	0.0018504	0.00056393
894	0.71457	0.28302	0.0017162	0.00068756
895	0.68244	0.31517	0.0016311	0.00076218
896	0.66152	0.3361	0.0015738	0.000809
897	0.65039	0.34724	0.0015402	0.00083217
898	0.64667	0.35097	0.0015243	0.00083758
899	0.6482	0.34945	0.001521	0.00083042
900	0.65538	0.34228	0.0015312	0.00080993
901	0.66922	0.32845	0.001557	0.00077386
902	0.69397	0.30371	0.0016078	0.00071277
903	0.73482	0.26287	0.0016952	0.00061507
904	0.75142	0.24627	0.0017261	0.00057399
905	0.77708	0.22063	0.0017778	0.0005122
906	0.81919	0.17853	0.0018664	0.00041337
907	0.83705	0.16068	0.0018991	0.00037065
908	0.86703	0.13071	0.0019588	0.00030082
909	0.91101	0.086738	0.00205	0.00019957
910	0.91465	0.083111	0.0020493	0.00019044
911	0.92222	0.075555	0.0020574	0.00017244
912	0.93471	0.06307	0.0020768	0.00014339
913	0.92969	0.068101	0.0020568	0.00015382
914	0.92809	0.069708	0.0020446	0.00015651
915	0.93034	0.067473	0.0020408	0.00015072
916	0.9369	0.060919	0.0020464	0.00013548
917	0.94805	0.04978	0.0020622	0.00011017
918	0.96692	0.030919	0.0020947	6.8196e-05
919	0.9597	0.038147	0.0020697	8.3567e-05
920	0.95575	0.04211	0.0020521	9.1699e-05
921	0.9551	0.042763	0.0020415	9.2679e-05
922	0.94916	0.048718	0.0020198	0.00010495
923	0.94705	0.050836	0.0020063	0.00010899
924	0.94832	0.049579	0.0019998	0.00010587
925	0.94492	0.052988	0.0019834	0.00011268
926	0.94441	0.053508	0.0019733	0.0001133
927	0.93874	0.059187	0.0019525	0.00012468
928	0.93705	0.060883	0.00194	0.00012769
929	0.93831	0.059634	0.0019338	0.00012452
930	0.94268	0.055276	0.0019342	0.00011491
931	0.95176	0.046197	0.0019441	9.572e-05
932	0.96597	0.032003	0.0019645	6.613e-05
933	0.98743	0.010545	0.0019997	2.1808e-05
934	0.98611	0.011879	0.0019881	2.4392e-05
935	0.98165	0.016346	0.0019703	3.3249e-05
936	0.97202	0.025987	0.0019421	5.2446e-05
937	0.96677	0.031245	0.0019228	6.2755e-05
938	0.96425	0.033771	0.0019091	6.7492e-05
939	0.95668	0.04135	0.0018854	8.2244e-05
940	0.95318	0.044863	0.0018697	8.8872e-05
941	0.95242	0.045634	0.0018596	9.0014e-05
942	0.95437	0.043687	0.001855	8.5793e-05
943	0.9518	0.046268	0.0018417	9.0376e-05
944	0.9525	0.045574	0.0018347	8.8615e-05
945	0.95663	0.041459	0.0018341	8.0316e-05
946	0.96424	0.033854	0.0018403	6.5349e-05
947	0.97626	0.021843	0.001855	4.2019e-05
948	0.99427	0.0038378	0.0018811	7.3469e-06
949	0.99674	0.0013814	0.0018772	2.6442e-06
950	0.99663	0.0015017	0.0018685	2.8546e-06
951	0.9974	0.00074195	0.0018615	1.4064e-06
952	0.9978	0.00034322	0.0018539	6.4906e-07
953	0.99737	0.00077891	0.0018449	1.4573e-06
954	0.99768	0.00047915	0.0018372	8.9562e-07
955	0.99687	0.0012961	0.0018277	2.4017e-06
956	0.99691	0.0012676	0.0018197	2.3399e-06
957	0.9878	0.010386	0.0017952	1.8966e-05
958	0.98261	0.015581	0.0017779	2.8356e-05
959	0.9798	0.018404	0.001765	3.3338e-05
960	0.97903	0.019176	0.001756	3.4564e-05
961	0.97486	0.02336	0.001741	4.1844e-05
962	0.9735	0.024725	0.001731	4.4074e-05
963	0.97467	0.023562	0.0017255	4.1824e-05
964	0.97861	0.019632	0.0017247	3.474e-05
965	0.98538	0.012864	0.001729	2.2697e-05
966	0.99589	0.0023634	0.0017399	4.1653e-06
967	0.99724	0.0010204	0.0017347	1.7907e-06
968	0.99683	0.0014374	0.0017263	2.5102e-06
969	0.99728	0.00099945	0.0017196	1.7392e-06
970	0.99737	0.00091448	0.0017123	1.5812e-06
971	0.99556	0.0027352	0.0017016	4.703e-06
972	0.99492	0.0033854	0.0016931	5.7895e-06
973	0.98721	0.011099	0.0016728	1.8814e-05
974	0.98297	0.015347	0.0016583	2.5908e-05
