#coord	neutral	conserved	gBGC.neutral	gBGC.conserved
1	0.81378	0.18613	7.3579e-05	1.686e-05
2	0.82238	0.17753	7.1295e-05	1.5416e-05
3	0.83732	0.16259	6.9502e-05	1.3505e-05
4	0.86296	0.13696	6.843e-05	1.0858e-05
5	0.90476	0.095164	6.8366e-05	7.1846e-06
6	0.97151	0.028417	6.9755e-05	2.0421e-06
7	0.97982	0.020108	6.6699e-05	1.3693e-06
8	0.99277	0.0071648	6.3908e-05	4.5716e-07
9	0.99867	0.0012661	6.0618e-05	6.942e-08
10	0.99939	0.00055028	5.697e-05	2.1614e-08
11	0.99892	0.0010201	5.6711e-05	5.0936e-08
12	0.99924	0.00069857	5.6497e-05	3.6178e-08
13	0.9994	0.00053981	5.6264e-05	2.8951e-08
14	0.99942	0.00052004	5.6026e-05	2.8563e-08
15	0.99932	0.00062278	5.5781e-05	3.4594e-08
16	0.99904	0.00090861	5.5528e-05	5.0585e-08
17	0.99846	0.001487	5.5247e-05	8.2901e-08
18	0.99714	0.0028031	5.4927e-05	1.5574e-07
19	0.99404	0.0059031	5.451e-05	3.2608e-07
20	0.98759	0.012352	5.3899e-05	6.7977e-07
21	0.98382	0.016128	5.3439e-05	8.83e-07
22	0.98252	0.017421	5.3106e-05	9.4998e-07
23	0.98306	0.016884	5.2872e-05	9.1675e-07
24	0.98556	0.014391	5.2745e-05	7.7799e-07
25	0.99036	0.0095875	5.2742e-05	5.1605e-07
26	0.99805	0.0018943	5.2892e-05	1.0121e-07
27	0.99911	0.00083933	5.2673e-05	4.4554e-08
28	0.99864	0.0013097	5.2363e-05	6.9045e-08
29	0.99901	0.00094251	5.2098e-05	4.9351e-08
30	0.99912	0.00082841	5.1809e-05	4.3194e-08
31	0.99904	0.0009065	5.1499e-05	4.7213e-08
32	0.99865	0.0013009	5.1174e-05	6.7475e-08
33	0.99769	0.0022629	5.0821e-05	1.1658e-07
34	0.99547	0.0044792	5.0404e-05	2.2888e-07
35	0.9948	0.0051462	5.0057e-05	2.6175e-07
36	0.99536	0.0045867	4.9773e-05	2.3231e-07
37	0.99122	0.0087267	4.9242e-05	4.3941e-07
38	0.98902	0.010929	4.8812e-05	5.4677e-07
39	0.9885	0.011447	4.8466e-05	5.6906e-07
40	0.98549	0.014462	4.7999e-05	7.1308e-07
41	0.98437	0.015577	4.7627e-05	7.6214e-07
42	0.98506	0.014892	4.7344e-05	7.2306e-07
43	0.98764	0.012311	4.7152e-05	5.9274e-07
44	0.98803	0.011923	4.6843e-05	5.6932e-07
45	0.98615	0.013798	4.6428e-05	6.5242e-07
46	0.98605	0.013904	4.6098e-05	6.5099e-07
47	0.98802	0.011936	4.5854e-05	5.5336e-07
48	0.99247	0.0074835	4.5713e-05	3.4271e-07
49	0.9942	0.005753	4.5444e-05	2.596e-07
50	0.99093	0.009026	4.495e-05	4.0174e-07
51	0.98971	0.010241	4.454e-05	4.5054e-07
52	0.98577	0.014185	4.4012e-05	6.1668e-07
53	0.97636	0.023598	4.3254e-05	1.0132e-06
54	0.97121	0.028742	4.2675e-05	1.2211e-06
55	0.96925	0.030705	4.2224e-05	1.2901e-06
56	0.97006	0.029902	4.1882e-05	1.2404e-06
57	0.97323	0.026729	4.1641e-05	1.0902e-06
58	0.97314	0.026818	4.1251e-05	1.0783e-06
59	0.97573	0.02423	4.0961e-05	9.5615e-07
60	0.98154	0.018419	4.0792e-05	7.0419e-07
61	0.98327	0.01669	4.0453e-05	6.2095e-07
62	0.98718	0.012778	4.0202e-05	4.5101e-07
63	0.99446	0.0054984	4.0071e-05	1.505e-07
64	0.9947	0.0052566	4.1417e-05	1.6188e-07
65	0.99645	0.0035043	4.2809e-05	1.159e-07
66	0.98894	0.011015	4.3806e-05	4.5267e-07
67	0.98483	0.015128	4.4926e-05	6.5589e-07
68	0.98284	0.017115	4.6139e-05	7.7041e-07
69	0.91653	0.083417	4.4244e-05	3.9812e-06
70	0.875	0.12495	4.3384e-05	6.1462e-06
71	0.84946	0.15049	4.3214e-05	7.6093e-06
72	0.83449	0.16545	4.3518e-05	8.5872e-06
73	0.79852	0.20142	4.2669e-05	1.0723e-05
74	0.72343	0.27651	3.9567e-05	1.5101e-05
75	0.67167	0.32828	3.7596e-05	1.8353e-05
76	0.63684	0.3631	3.6472e-05	2.0761e-05
77	0.6162	0.38375	3.6076e-05	2.2431e-05
78	0.60355	0.39639	3.6114e-05	2.3672e-05
79	0.59871	0.40123	3.6584e-05	2.4469e-05
80	0.59943	0.4005	3.7397e-05	2.4928e-05
81	0.60584	0.3941	3.858e-05	2.5021e-05
82	0.60044	0.3995	3.9003e-05	2.5864e-05
83	0.60186	0.39808	3.9854e-05	2.6268e-05
84	0.60901	0.39092	4.1103e-05	2.6278e-05
85	0.62466	0.37527	4.2943e-05	2.5687e-05
86	0.65212	0.34781	4.5638e-05	2.4231e-05
87	0.69717	0.30276	4.9635e-05	2.1462e-05
88	0.7155	0.28443	5.1824e-05	2.0506e-05
89	0.74673	0.2532	5.4993e-05	1.8559e-05
90	0.79743	0.2025	5.9674e-05	1.5089e-05
91	0.87831	0.12161	6.6738e-05	9.225e-06
92	0.88674	0.11318	6.8444e-05	8.724e-06
93	0.9024	0.097523	7.0722e-05	7.6399e-06
94	0.92643	0.073492	7.3713e-05	5.8488e-06
95	0.93635	0.063565	7.5633e-05	5.1341e-06
96	0.95358	0.046339	7.8161e-05	3.8e-06
97	0.97948	0.020434	8.1465e-05	1.6965e-06
98	0.99211	0.0078036	8.3695e-05	6.557e-07
99	0.99826	0.0016501	8.5387e-05	1.4002e-07
100	0.99753	0.0023792	8.6486e-05	2.0499e-07
101	0.99791	0.002005	8.7668e-05	1.7517e-07
102	0.99946	0.0004477	8.8944e-05	3.9824e-08
103	0.9985	0.0014106	9.0003e-05	1.274e-07
104	0.99852	0.0013868	9.1137e-05	1.2727e-07
105	0.99941	0.00049602	9.2359e-05	4.6585e-08
106	0.9927	0.0072015	9.287e-05	6.8249e-07
107	0.97771	0.0222	9.2581e-05	2.1253e-06
108	0.96797	0.031938	9.2776e-05	3.0911e-06
109	0.89881	0.1011	8.7116e-05	9.8997e-06
110	0.85109	0.14881	8.3439e-05	1.4731e-05
111	0.81892	0.18098	8.1222e-05	1.8109e-05
112	0.7997	0.2002	8.0219e-05	2.0261e-05
113	0.78776	0.21214	7.9925e-05	2.1709e-05
114	0.78169	0.2182	8.0219e-05	2.2576e-05
115	0.78064	0.21926	8.103e-05	2.2932e-05
116	0.78553	0.21437	8.2452e-05	2.2665e-05
117	0.7974	0.20249	8.4617e-05	2.1645e-05
118	0.81655	0.18335	8.7605e-05	1.9807e-05
119	0.84862	0.15128	9.2028e-05	1.6523e-05
120	0.90044	0.099452	9.8673e-05	1.1005e-05
121	0.92332	0.076573	0.00010224	8.5723e-06
122	0.93266	0.067224	0.00010435	7.6049e-06
123	0.94767	0.052218	0.00010713	5.9666e-06
124	0.97251	0.02738	0.00011107	3.1673e-06
125	0.98312	0.016766	0.00011342	1.9608e-06
126	0.99929	0.00059139	0.00011646	6.9919e-08
127	0.99918	0.00070446	0.00011758	8.3866e-08
128	0.99715	0.0027357	0.00011847	3.2837e-07
129	0.99311	0.0067715	0.00011909	8.2186e-07
130	0.98478	0.015097	0.00011916	1.8532e-06
131	0.97962	0.02026	0.00011961	2.5098e-06
132	0.97699	0.022883	0.00012037	2.8602e-06
133	0.97654	0.023336	0.00012142	2.9432e-06
134	0.97858	0.021293	0.00012276	2.7138e-06
135	0.98297	0.016905	0.00012441	2.1795e-06
136	0.98403	0.01584	0.00012565	2.0617e-06
137	0.98281	0.017063	0.00012659	2.2408e-06
138	0.9834	0.01647	0.00012777	2.1835e-06
139	0.98115	0.01872	0.00012858	2.5002e-06
140	0.98084	0.019026	0.00012965	2.5617e-06
141	0.98244	0.017429	0.00013099	2.3666e-06
142	0.98615	0.013718	0.00013263	1.8791e-06
143	0.98691	0.012956	0.00013389	1.7869e-06
144	0.98949	0.010369	0.0001354	1.4395e-06
145	0.99001	0.0098558	0.00013662	1.3771e-06
146	0.99244	0.0074197	0.00013809	1.0452e-06
147	0.99689	0.0029663	0.00013987	4.2063e-07
148	0.99694	0.0029204	0.00014101	4.1665e-07
149	0.99601	0.0038448	0.00014203	5.5075e-07
150	0.99373	0.0061285	0.00014283	8.8322e-07
151	0.99312	0.0067392	0.00014386	9.792e-07
152	0.99384	0.0060111	0.00014509	8.7981e-07
153	0.99627	0.0035874	0.00014655	5.3004e-07
154	0.99716	0.0026924	0.00014781	4.0087e-07
155	0.99731	0.0025389	0.00014894	3.814e-07
156	0.99849	0.0013613	0.00015024	2.0651e-07
157	0.99898	0.00087	0.00015144	1.3309e-07
158	0.99922	0.00063046	0.0001526	9.7806e-08
159	0.98288	0.01697	0.00015118	2.6411e-06
160	0.94453	0.055315	0.0001463	8.6527e-06
161	0.91867	0.08117	0.00014332	1.2774e-05
162	0.85735	0.14249	0.00013472	2.2532e-05
163	0.81571	0.18414	0.00012912	2.9286e-05
164	0.79024	0.2096	0.00012599	3.3567e-05
165	0.77557	0.22427	0.00012452	3.6175e-05
166	0.74151	0.25833	0.00011984	4.1979e-05
167	0.71881	0.28102	0.00011696	4.5984e-05
168	0.7063	0.29353	0.0001157	4.837e-05
169	0.69991	0.29993	0.00011543	4.9764e-05
170	0.70006	0.29978	0.00011622	5.0086e-05
171	0.6893	0.31054	0.00011517	5.2244e-05
172	0.68439	0.31544	0.0001151	5.3428e-05
173	0.686	0.31383	0.0001161	5.352e-05
174	0.69445	0.30538	0.00011827	5.2444e-05
175	0.70956	0.29027	0.0001216	5.0202e-05
176	0.73605	0.26378	0.00012691	4.5976e-05
177	0.74531	0.25451	0.00012931	4.4669e-05
178	0.74391	0.25591	0.00012987	4.5205e-05
179	0.74742	0.25241	0.00013131	4.4872e-05
180	0.75648	0.24334	0.00013376	4.3535e-05
181	0.77411	0.22571	0.00013775	4.0651e-05
182	0.80403	0.19579	0.00014396	3.5528e-05
183	0.81571	0.18411	0.00014696	3.3629e-05
184	0.8367	0.16312	0.00015166	3.0018e-05
185	0.86813	0.13168	0.00015834	2.4431e-05
186	0.88087	0.11895	0.00016165	2.222e-05
187	0.84632	0.1535	0.00015621	2.8771e-05
188	0.82339	0.17643	0.00015289	3.3212e-05
189	0.81034	0.18947	0.00015135	3.5859e-05
190	0.80327	0.19654	0.00015093	3.7397e-05
191	0.80219	0.19762	0.00015161	3.782e-05
192	0.8058	0.194	0.00015321	3.7339e-05
193	0.81464	0.18517	0.00015583	3.5836e-05
194	0.83159	0.16822	0.00016003	3.2745e-05
195	0.86027	0.13954	0.00016654	2.7339e-05
196	0.87263	0.12718	0.00016988	2.5076e-05
197	0.89228	0.10753	0.00017472	2.134e-05
198	0.922	0.077808	0.00018161	1.5545e-05
199	0.93473	0.065073	0.0001852	1.3074e-05
200	0.95623	0.043573	0.00019056	8.8183e-06
201	0.98785	0.011951	0.00019804	2.4482e-06
202	0.98723	0.012568	0.00019902	2.5847e-06
203	0.98824	0.011562	0.00020035	2.3892e-06
204	0.99105	0.0087509	0.00020206	1.8174e-06
205	0.99599	0.0038042	0.00020424	7.926e-07
206	0.99582	0.0039738	0.00020534	8.2941e-07
207	0.99696	0.0028287	0.0002067	5.9369e-07
208	0.9994	0.00039355	0.00020834	8.3331e-08
209	0.99969	9.8262e-05	0.00020955	2.1034e-08
210	0.99672	0.0030713	0.00021007	6.5426e-07
211	0.9905	0.0092898	0.00020988	1.9935e-06
212	0.98682	0.012968	0.00021023	2.7971e-06
213	0.98516	0.014626	0.00021102	3.1711e-06
214	0.98529	0.014499	0.0002122	3.1603e-06
215	0.98754	0.01224	0.00021384	2.6874e-06
216	0.99196	0.0078222	0.00021597	1.7339e-06
217	0.99033	0.0094475	0.00021678	2.1022e-06
218	0.99049	0.0092908	0.00021798	2.0812e-06
219	0.99215	0.0076268	0.00021952	1.7226e-06
220	0.99202	0.0077527	0.00022067	1.761e-06
221	0.99329	0.0064865	0.00022215	1.4844e-06
222	0.99311	0.0066671	0.00022329	1.5362e-06
223	0.98472	0.015053	0.00022256	3.4702e-06
224	0.9801	0.019671	0.00022265	4.5602e-06
225	0.97789	0.02188	0.00022331	5.1009e-06
226	0.97112	0.02865	0.00022292	6.7056e-06
227	0.96795	0.031824	0.00022333	7.4906e-06
228	0.96768	0.032085	0.0002244	7.6037e-06
229	0.95004	0.049725	0.00022137	1.1835e-05
230	0.90946	0.09031	0.00021285	2.1559e-05
231	0.88214	0.11762	0.00020744	2.8189e-05
232	0.86588	0.13389	0.00020458	3.2249e-05
233	0.85587	0.14389	0.00020322	3.483e-05
234	0.85094	0.14882	0.00020307	3.6202e-05
235	0.85027	0.14949	0.00020396	3.655e-05
236	0.85481	0.14495	0.0002061	3.5636e-05
237	0.86418	0.13557	0.00020945	3.3522e-05
238	0.8516	0.14815	0.0002074	3.6797e-05
239	0.84451	0.15525	0.00020669	3.8737e-05
240	0.84301	0.15675	0.00020734	3.931e-05
241	0.84677	0.15299	0.00020927	3.8583e-05
242	0.85526	0.14449	0.00021242	3.6652e-05
243	0.86984	0.12991	0.00021714	3.316e-05
244	0.76261	0.23714	0.00019087	6.0642e-05
245	0.69522	0.30453	0.00017449	7.8232e-05
246	0.64887	0.35087	0.0001634	9.0528e-05
247	0.62062	0.37913	0.00015684	9.8286e-05
248	0.60227	0.39747	0.00015282	0.00010353
249	0.55721	0.44254	0.00014183	0.00011573
250	0.5298	0.46994	0.00013531	0.00012346
251	0.51209	0.48765	0.00013129	0.0001287
252	0.50194	0.4978	0.00012923	0.00013198
253	0.49917	0.50057	0.00012907	0.00013336
254	0.50175	0.49799	0.00013033	0.00013332
255	0.51004	0.4897	0.00013313	0.00013176
256	0.52538	0.47436	0.00013784	0.00012829
257	0.5496	0.45013	0.00014499	0.00012239
258	0.5859	0.41383	0.00015549	0.00011315
259	0.59982	0.39991	0.00016003	0.00010987
260	0.62248	0.37725	0.00016703	0.00010416
261	0.66028	0.33944	0.00017821	9.4239e-05
262	0.71559	0.28413	0.00019438	7.9347e-05
263	0.79573	0.204	0.00021768	5.7341e-05
264	0.92278	0.076946	0.00025423	2.2064e-05
265	0.9252	0.074524	0.00025609	2.1487e-05
266	0.90623	0.093491	0.00025191	2.697e-05
267	0.89418	0.10554	0.00024968	3.052e-05
268	0.86473	0.13499	0.00024247	3.905e-05
269	0.84536	0.15435	0.0002381	4.4757e-05
270	0.83333	0.16638	0.00023581	4.84e-05
271	0.80288	0.19683	0.00022823	5.7344e-05
272	0.7326	0.26711	0.00020918	7.7773e-05
273	0.68875	0.31096	0.00019751	9.0809e-05
274	0.65948	0.34023	0.00018999	9.9704e-05
275	0.64256	0.35715	0.00018595	0.0001051
276	0.63438	0.36532	0.00018441	0.00010799
277	0.63183	0.36788	0.00018453	0.00010924
278	0.61735	0.38236	0.00018108	0.00011403
279	0.60972	0.38998	0.00017966	0.00011681
280	0.53035	0.46935	0.00015676	0.00014107
281	0.47553	0.52417	0.00014107	0.00015812
282	0.438	0.5617	0.00013047	0.00017008
283	0.41281	0.58689	0.00012351	0.00017842
284	0.39859	0.6011	0.00011978	0.00018351
285	0.39104	0.60865	0.00011806	0.00018662
286	0.3903	0.6094	0.00011837	0.00018767
287	0.3962	0.60349	0.0001207	0.00018669
288	0.41	0.58969	0.00012547	0.00018327
289	0.43465	0.56504	0.00013359	0.00017648
290	0.47191	0.52778	0.00014572	0.0001657
291	0.52635	0.47333	0.00016336	0.00014941
292	0.52809	0.4716	0.00016459	0.00014953
293	0.53705	0.46263	0.00016807	0.00014737
294	0.553	0.44668	0.00017381	0.00014297
295	0.55486	0.44482	0.00017514	0.000143
296	0.56234	0.43734	0.00017829	0.00014121
297	0.57669	0.42298	0.0001837	0.00013717
298	0.60228	0.39739	0.00019276	0.00012948
299	0.641	0.35868	0.00020619	0.00011742
300	0.69759	0.30209	0.00022563	9.9362e-05
301	0.72178	0.27789	0.00023461	9.1783e-05
302	0.76182	0.23786	0.00024886	7.8919e-05
303	0.82022	0.17945	0.00026939	5.9784e-05
304	0.84789	0.15178	0.00027976	5.0794e-05
305	0.88866	0.11101	0.00029466	3.7298e-05
306	0.95384	0.045827	0.00031784	1.5503e-05
307	0.96202	0.037644	0.00032195	1.2788e-05
308	0.97505	0.024615	0.00032776	8.3884e-06
309	0.99652	0.0031462	0.00033647	1.0796e-06
310	0.99945	0.00021101	0.00033889	7.2777e-08
311	0.99944	0.0002238	0.00034032	7.6543e-08
312	0.99952	0.0001393	0.00034176	4.7766e-08
313	0.97847	0.02119	0.00033591	7.3015e-06
314	0.96568	0.03398	0.00033283	1.1768e-05
315	0.9575	0.042149	0.00033135	1.4653e-05
316	0.95287	0.04678	0.00033109	1.632e-05
317	0.95178	0.047866	0.00033205	1.6767e-05
318	0.95346	0.046188	0.00033399	1.624e-05
319	0.93832	0.061328	0.00032999	2.1641e-05
320	0.92868	0.070971	0.00032792	2.5127e-05
321	0.92412	0.075526	0.00032761	2.6844e-05
322	0.76382	0.23582	0.00027195	8.3915e-05
323	0.6627	0.33694	0.00023686	0.00012041
324	0.59354	0.4061	0.00021305	0.00014564
325	0.55051	0.44913	0.00019839	0.00016171
326	0.52445	0.47519	0.0001897	0.00017178
327	0.50976	0.48987	0.00018506	0.00017781
328	0.50179	0.49784	0.00018285	0.00018141
329	0.47582	0.52381	0.00017407	0.00019159
330	0.45941	0.54023	0.00016876	0.00019832
331	0.4206	0.57903	0.00015514	0.00021334
332	0.39722	0.60241	0.00014707	0.00022281
333	0.38424	0.61538	0.00014278	0.00022848
334	0.37746	0.62217	0.00014079	0.00023186
335	0.37735	0.62228	0.00014125	0.00023277
336	0.38386	0.61577	0.00014419	0.00023121
337	0.39674	0.60289	0.00014957	0.00022722
338	0.42003	0.5796	0.00015888	0.00021927
339	0.45862	0.541	0.00017401	0.00020551
340	0.51564	0.48397	0.0001963	0.00018458
341	0.60643	0.39319	0.00023153	0.00015072
342	0.73879	0.26083	0.00028305	0.00010057
343	0.80296	0.19665	0.00030865	7.6324e-05
344	0.83045	0.16916	0.00032036	6.5992e-05
345	0.84235	0.15727	0.00032606	6.1644e-05
346	0.84504	0.15457	0.0003282	6.0853e-05
347	0.85246	0.14715	0.00033222	5.8196e-05
348	0.86565	0.13396	0.00033855	5.3238e-05
349	0.88648	0.11313	0.00034797	4.521e-05
350	0.88321	0.1164	0.00034787	4.6693e-05
351	0.88386	0.11574	0.00034935	4.661e-05
352	0.88853	0.11107	0.00035246	4.4907e-05
353	0.89788	0.10172	0.00035749	4.1298e-05
354	0.91473	0.084866	0.00036555	3.4653e-05
355	0.91063	0.088971	0.00036519	3.6438e-05
356	0.91004	0.089553	0.00036628	3.6793e-05
357	0.91291	0.08669	0.0003688	3.5736e-05
358	0.91	0.089598	0.00036893	3.7043e-05
359	0.91064	0.088954	0.00037055	3.6892e-05
360	0.91492	0.084666	0.00037369	3.5225e-05
361	0.92445	0.075135	0.000379	3.138e-05
362	0.93958	0.060005	0.00038671	2.5154e-05
363	0.96231	0.037274	0.00039769	1.5667e-05
364	0.97289	0.026698	0.00040358	1.126e-05
365	0.97699	0.022593	0.00040679	9.5501e-06
366	0.98488	0.014704	0.00041159	6.2331e-06
367	0.98843	0.011153	0.00041454	4.7444e-06
368	0.99453	0.0050482	0.00041862	2.1516e-06
369	0.99754	0.0020391	0.00042137	8.7231e-07
370	0.99733	0.0022467	0.00042273	9.6314e-07
371	0.9963	0.0032774	0.00042376	1.4052e-06
372	0.99401	0.0055679	0.00042423	2.3935e-06
373	0.99312	0.0064486	0.00042532	2.7795e-06
374	0.99376	0.0058067	0.00042704	2.5148e-06
375	0.99578	0.0037907	0.00042938	1.651e-06
376	0.99633	0.003235	0.00043111	1.4141e-06
377	0.99805	0.0015136	0.00043337	6.6475e-07
378	0.99887	0.0006994	0.00043526	3.0787e-07
379	0.99824	0.0013207	0.00043653	5.7899e-07
380	0.99704	0.002517	0.00043754	1.1058e-06
381	0.99429	0.0052743	0.00043788	2.3192e-06
382	0.99326	0.0062981	0.00043895	2.7791e-06
383	0.99375	0.0058066	0.00044068	2.5729e-06
384	0.99559	0.0039691	0.00044302	1.7631e-06
385	0.99938	0.00017076	0.00044623	7.6258e-08
386	0.99894	0.00061122	0.00044754	2.7533e-07
387	0.99921	0.00033945	0.00044918	1.5413e-07
388	0.99653	0.0030164	0.00044951	1.3691e-06
389	0.99521	0.0043353	0.00045047	1.9725e-06
390	0.99508	0.0044707	0.00045198	2.0388e-06
391	0.99383	0.0057194	0.00045297	2.6167e-06
392	0.99387	0.0056713	0.00045457	2.6013e-06
393	0.99543	0.0041064	0.00045684	1.8915e-06
394	0.9957	0.0038397	0.00045855	1.773e-06
395	0.99048	0.0090623	0.00045775	4.1822e-06
396	0.97843	0.021102	0.00045364	9.8162e-06
397	0.97148	0.028051	0.00045185	1.3115e-05
398	0.96765	0.031885	0.00045153	1.4963e-05
399	0.96632	0.033213	0.0004524	1.5638e-05
400	0.96738	0.032147	0.00045443	1.5182e-05
401	0.97099	0.028534	0.00045769	1.351e-05
402	0.97835	0.021174	0.00046271	1.0054e-05
403	0.98123	0.018295	0.0004656	8.7168e-06
404	0.98658	0.012942	0.00046971	6.1813e-06
405	0.98873	0.01079	0.00047228	5.1697e-06
406	0.98891	0.010615	0.00047389	5.1048e-06
407	0.9907	0.0088194	0.0004763	4.2543e-06
408	0.99431	0.0052036	0.00047962	2.512e-06
409	0.99327	0.0062487	0.00048067	3.0226e-06
410	0.99351	0.0060057	0.00048237	2.9079e-06
411	0.98721	0.012299	0.00048088	5.9671e-06
412	0.94238	0.057127	0.00046056	2.7836e-05
413	0.91451	0.085005	0.00044834	4.1588e-05
414	0.89768	0.10183	0.00044143	5.0015e-05
415	0.85804	0.14147	0.00042327	6.9708e-05
416	0.83115	0.16835	0.00041136	8.3176e-05
417	0.8154	0.18411	0.00040483	9.1242e-05
418	0.80742	0.19209	0.0004021	9.5506e-05
419	0.80551	0.19399	0.00040234	9.6774e-05
420	0.80825	0.19124	0.00040494	9.5699e-05
421	0.70175	0.29775	0.0003525	0.00014965
422	0.62795	0.37155	0.0003164	0.00018729
423	0.57709	0.4224	0.00029175	0.00021348
424	0.46965	0.52984	0.00023822	0.00026855
425	0.40206	0.59744	0.0002045	0.00030378
426	0.35982	0.63967	0.00018347	0.00032632
427	0.26342	0.73606	0.00013467	0.00037665
428	0.20261	0.79688	0.00010376	0.00040907
429	0.16094	0.83855	8.2626e-05	0.00043173
430	0.13491	0.86457	6.9399e-05	0.00044647
431	0.11719	0.8823	6.0433e-05	0.00045696
432	0.1056	0.89388	5.4624e-05	0.00046431
433	0.075797	0.92368	3.9377e-05	0.0004811
434	0.05709	0.94239	2.9769e-05	0.00049225
435	0.045494	0.95398	2.3794e-05	0.00049975
436	0.038539	0.96094	2.0206e-05	0.00050486
437	0.034744	0.96473	1.8252e-05	0.00050833
438	0.033289	0.96618	1.7516e-05	0.00051057
439	0.033431	0.96604	1.7629e-05	0.00051197
440	0.035671	0.9638	1.8846e-05	0.00051226
441	0.040485	0.95898	2.1421e-05	0.00051118
442	0.040225	0.95924	2.1305e-05	0.00051279
443	0.041754	0.95771	2.2153e-05	0.00051344
444	0.045203	0.95426	2.4038e-05	0.00051306
445	0.051869	0.94759	2.7638e-05	0.00051096
446	0.062113	0.93735	3.3187e-05	0.00050692
447	0.078837	0.92062	4.2216e-05	0.0004994
448	0.074452	0.925	3.994e-05	0.00050319
449	0.073467	0.92599	3.9482e-05	0.00050515
450	0.074907	0.92455	4.0351e-05	0.0005058
451	0.069304	0.93015	3.74e-05	0.00051027
452	0.066437	0.93301	3.594e-05	0.00051327
453	0.066018	0.93343	3.5823e-05	0.00051493
454	0.058278	0.94117	3.1708e-05	0.0005206
455	0.05351	0.94594	2.9211e-05	0.00052467
456	0.051749	0.9477	2.8341e-05	0.0005271
457	0.043709	0.95573	2.3981e-05	0.00053301
458	0.038494	0.96095	2.1174e-05	0.00053738
459	0.035491	0.96395	1.9589e-05	0.00054053
460	0.034739	0.9647	1.9236e-05	0.00054245
461	0.036078	0.96336	2.0041e-05	0.0005432
462	0.039781	0.95965	2.2165e-05	0.00054262
463	0.03804	0.96139	2.1247e-05	0.0005451
464	0.038515	0.96092	2.1564e-05	0.00054633
465	0.04078	0.95865	2.2904e-05	0.00054655
466	0.038323	0.96111	2.156e-05	0.00054945
467	0.037668	0.96176	2.1244e-05	0.00055132
468	0.039199	0.96023	2.2161e-05	0.00055196
469	0.043241	0.95618	2.4501e-05	0.00055117
470	0.049765	0.94966	2.8283e-05	0.00054894
471	0.060829	0.93859	3.4662e-05	0.00054411
472	0.078792	0.92063	4.4992e-05	0.00053532
473	0.10473	0.89469	5.9985e-05	0.00052187
474	0.14256	0.85686	8.1967e-05	0.00050145
475	0.15801	0.84141	9.1147e-05	0.00049385
476	0.14797	0.85144	8.5544e-05	0.00050104
477	0.1425	0.85691	8.2597e-05	0.00050558
478	0.14167	0.85774	8.2338e-05	0.00050743
479	0.14429	0.85512	8.4119e-05	0.00050725
480	0.11569	0.88372	6.7481e-05	0.00052548
481	0.096284	0.90312	5.6229e-05	0.00053834
482	0.083328	0.91608	4.8755e-05	0.00054743
483	0.074989	0.92441	4.3989e-05	0.00055382
484	0.069971	0.92943	4.1177e-05	0.00055827
485	0.068344	0.93106	4.0348e-05	0.00056073
486	0.069048	0.93035	4.0919e-05	0.00056181
487	0.072982	0.92641	4.3419e-05	0.00056094
488	0.080965	0.91843	4.8355e-05	0.00055763
489	0.093412	0.90598	5.6044e-05	0.00055158
490	0.11385	0.88554	6.8596e-05	0.00054065
491	0.14351	0.85588	8.6885e-05	0.000524
492	0.18687	0.81251	0.00011374	0.0004988
493	0.20632	0.79306	0.00012599	0.0004882
494	0.23825	0.76114	0.00014593	0.00046989
495	0.28941	0.70998	0.00017772	0.00043972
496	0.28988	0.7095	0.00017848	0.0004406
497	0.29654	0.70284	0.00018303	0.00043767
498	0.29161	0.70776	0.00018045	0.0004419
499	0.29275	0.70662	0.0001816	0.00044237
500	0.3002	0.69917	0.00018666	0.00043893
501	0.31387	0.6855	0.00019568	0.00043155
502	0.33795	0.66142	0.00021121	0.00041764
503	0.3737	0.62567	0.0002342	0.00039628
504	0.43131	0.56806	0.00027098	0.00036113
505	0.51556	0.4838	0.00032491	0.00030884
506	0.6384	0.36096	0.00040382	0.00023159
507	0.81501	0.18435	0.00051776	0.00011933
508	0.83822	0.16114	0.00053406	0.00010473
509	0.8478	0.15156	0.00054162	9.8857e-05
510	0.84766	0.15169	0.00054296	9.9212e-05
511	0.81033	0.18902	0.00052023	0.00012367
512	0.78552	0.21383	0.00050558	0.00014006
513	0.77131	0.22804	0.00049769	0.00014969
514	0.73522	0.26413	0.00047555	0.00017358
515	0.71107	0.28828	0.00046114	0.00018976
516	0.69754	0.30181	0.00045354	0.00019912
517	0.58784	0.41151	0.00038261	0.00027179
518	0.51886	0.48048	0.00033803	0.0003181
519	0.47585	0.52349	0.00031032	0.00034753
520	0.44675	0.55259	0.00029179	0.00036779
521	0.42993	0.56941	0.00028128	0.00038002
522	0.42017	0.57917	0.00027546	0.00038757
523	0.39011	0.60923	0.00025613	0.00040866
524	0.37027	0.62906	0.00024358	0.00042298
525	0.35826	0.64107	0.00023623	0.00043211
526	0.32791	0.67142	0.00021652	0.0004536
527	0.30995	0.68937	0.00020497	0.00046691
528	0.2992	0.70013	0.00019826	0.00047541
529	0.29394	0.70538	0.00019524	0.00048021
530	0.29349	0.70583	0.00019548	0.00048178
531	0.29918	0.70015	0.00019983	0.00047923
532	0.26816	0.73116	0.00017938	0.0005015
533	0.2496	0.74972	0.00016722	0.00051547
534	0.23792	0.76139	0.00015973	0.00052477
535	0.20933	0.78998	0.00014059	0.00054572
536	0.19007	0.80925	0.0001278	0.00056034
537	0.17758	0.82173	0.00011961	0.00057037
538	0.17023	0.82908	0.00011492	0.00057691
539	0.16703	0.83227	0.00011308	0.00058061
540	0.16771	0.8316	0.00011392	0.00058166
541	0.15836	0.84094	0.00010789	0.00058959
542	0.15449	0.84481	0.00010556	0.0005938
543	0.15529	0.84401	0.00010644	0.0005948
544	0.12178	0.87752	8.341e-05	0.0006197
545	0.098945	0.90035	6.7754e-05	0.00063724
546	0.083545	0.91575	5.7235e-05	0.00064965
547	0.073399	0.92589	5.0348e-05	0.00065845
548	0.067863	0.93143	4.6616e-05	0.00066409
549	0.065765	0.93352	4.5255e-05	0.00066734
550	0.066055	0.93323	4.5579e-05	0.00066892
551	0.068776	0.93051	4.7629e-05	0.00066879
552	0.075104	0.92418	5.2219e-05	0.00066612
553	0.074246	0.92503	5.1748e-05	0.00066851
554	0.075925	0.92335	5.3094e-05	0.00066911
555	0.080381	0.91889	5.6446e-05	0.00066771
556	0.088244	0.91103	6.2283e-05	0.00066384
557	0.088271	0.911	6.2521e-05	0.00066559
558	0.091127	0.90814	6.4821e-05	0.00066529
559	0.086445	0.91282	6.1699e-05	0.00067042
560	0.085422	0.91384	6.1183e-05	0.00067295
561	0.087856	0.91141	6.316e-05	0.00067296
562	0.08347	0.91579	6.0186e-05	0.00067795
563	0.08187	0.91739	5.9246e-05	0.00068091
564	0.083625	0.91563	6.0744e-05	0.00068143
565	0.078312	0.92094	5.7065e-05	0.00068714
566	0.076612	0.92264	5.6006e-05	0.00069022
567	0.077495	0.92176	5.6871e-05	0.00069139
568	0.081833	0.91742	6.0296e-05	0.00068999
569	0.090531	0.90872	6.6978e-05	0.00068532
570	0.10543	0.89382	7.8309e-05	0.000676
571	0.12968	0.86957	9.6664e-05	0.00065964
572	0.16478	0.83446	0.00012335	0.00063497
573	0.22062	0.77862	0.00016572	0.00059461
574	0.24452	0.75472	0.00018424	0.0005781
575	0.28345	0.71578	0.00021421	0.00055014
576	0.33988	0.65936	0.00025775	0.00050862
577	0.36583	0.63341	0.00027818	0.00049021
578	0.40475	0.59448	0.00030873	0.00046169
579	0.41976	0.57946	0.00032112	0.00045136
580	0.44612	0.5531	0.00034227	0.00043225
581	0.48579	0.51343	0.00037393	0.00040265
582	0.54365	0.45558	0.00042004	0.00035862
583	0.5455	0.45372	0.00042257	0.00035816
584	0.55457	0.44464	0.00043072	0.00035206
585	0.57066	0.42856	0.00044446	0.0003404
586	0.59588	0.40333	0.00046553	0.00032142
587	0.63357	0.36564	0.00049669	0.00029238
588	0.69436	0.30485	0.00054621	0.00024495
589	0.67945	0.31975	0.00053581	0.00025748
590	0.67119	0.32802	0.0005307	0.00026474
591	0.66847	0.33073	0.00053005	0.00026757
592	0.67094	0.32826	0.0005336	0.00026621
593	0.68049	0.3187	0.00054283	0.00025915
594	0.69914	0.30006	0.00055942	0.00024473
595	0.68564	0.31355	0.0005501	0.00025624
596	0.6785	0.3207	0.00054591	0.00026263
597	0.67692	0.32227	0.00054628	0.0002645
598	0.68191	0.31728	0.00055195	0.00026105
599	0.69452	0.30466	0.00056386	0.00025134
600	0.6307	0.36848	0.00051315	0.00030424
601	0.59105	0.40813	0.00048189	0.00033768
602	0.56717	0.43201	0.00046339	0.00035833
603	0.55209	0.44709	0.00045215	0.00037175
604	0.54537	0.4538	0.00044772	0.00037835
605	0.5456	0.45357	0.00044899	0.00037923
606	0.5515	0.44766	0.00045503	0.00037537
607	0.56557	0.4336	0.00046782	0.00036473
608	0.58811	0.41106	0.00048781	0.00034693
609	0.62256	0.37661	0.00051795	0.00031899
610	0.61695	0.38221	0.00051453	0.0003246
611	0.61812	0.38104	0.00051676	0.00032455
612	0.60638	0.39278	0.00050811	0.00033541
613	0.60227	0.39688	0.00050584	0.00033985
614	0.60352	0.39563	0.00050816	0.00033974
615	0.61029	0.38886	0.00051525	0.00033488
616	0.60512	0.39403	0.00051221	0.00034017
617	0.60552	0.39362	0.00051399	0.00034068
618	0.61287	0.38627	0.00052168	0.00033524
619	0.58287	0.41627	0.00049733	0.00036188
620	0.56551	0.43363	0.00048367	0.00037781
621	0.55709	0.44205	0.00047763	0.00038612
622	0.46395	0.53518	0.00039814	0.00046788
623	0.40022	0.59891	0.00034398	0.00052435
624	0.36055	0.63858	0.00031033	0.00056029
625	0.33648	0.66265	0.00029005	0.00058285
626	0.32096	0.67817	0.00027722	0.00059798
627	0.31192	0.6872	0.00027005	0.00060746
628	0.30951	0.68961	0.00026861	0.0006112
629	0.31206	0.68706	0.00027157	0.00061058
630	0.32128	0.67784	0.00028037	0.00060409
631	0.33913	0.65998	0.00029677	0.00058999
632	0.34276	0.65635	0.00030073	0.00058836
633	0.35202	0.64709	0.00030975	0.00058168
634	0.32595	0.67315	0.00028741	0.00060639
635	0.31094	0.68816	0.00027475	0.0006214
636	0.3038	0.6953	0.00026902	0.00062947
637	0.30297	0.69613	0.00026889	0.00063193
638	0.30692	0.69218	0.0002731	0.00063007
639	0.31638	0.68271	0.00028235	0.00062319
640	0.33451	0.66458	0.00029941	0.00060849
641	0.36208	0.63701	0.00032519	0.00058509
642	0.40328	0.59581	0.00036362	0.00054907
643	0.39978	0.5993	0.00036144	0.00055366
644	0.38155	0.61753	0.00034583	0.00057172
645	0.37223	0.62685	0.00033824	0.00058174
646	0.36986	0.62922	0.00033696	0.00058545
647	0.37254	0.62653	0.00034037	0.00058447
648	0.38224	0.61684	0.00035024	0.00057703
649	0.39883	0.60024	0.00036664	0.00056308
650	0.42748	0.57158	0.00039427	0.00053789
651	0.46979	0.52927	0.00043493	0.00049969
652	0.46684	0.53222	0.00043339	0.00050371
653	0.47066	0.5284	0.00043815	0.00050142
654	0.4803	0.51875	0.00044849	0.00049358
655	0.49734	0.50172	0.00046596	0.00047863
656	0.52684	0.47221	0.0004953	0.00045179
657	0.57045	0.4286	0.00053841	0.0004112
658	0.6404	0.35865	0.00060683	0.0003453
659	0.74265	0.2564	0.00070695	0.00024772
660	0.88984	0.1092	0.00085144	0.00010579
661	0.9083	0.09074	0.00087177	8.8064e-05
662	0.93878	0.060262	0.00090382	5.8593e-05
663	0.98776	0.011275	0.00095396	1.1007e-05
664	0.9941	0.0049325	0.00096274	4.8168e-06
665	0.99722	0.0018119	0.00096836	1.7704e-06
666	0.99888	0.00015124	0.00097254	1.4831e-07
667	0.99876	0.00026494	0.00097501	2.5846e-07
668	0.99872	0.00030448	0.00097754	2.9765e-07
669	0.9976	0.0014236	0.00097904	1.3906e-06
670	0.99552	0.0034964	0.00097958	3.4276e-06
671	0.99489	0.0041285	0.0009815	4.0609e-06
672	0.99555	0.0034577	0.00098469	3.4148e-06
673	0.99214	0.0068734	0.00098386	6.8082e-06
674	0.99071	0.0083	0.00098497	8.2497e-06
675	0.99074	0.0082594	0.00098758	8.2273e-06
676	0.9925	0.0064972	0.00099188	6.4916e-06
677	0.99256	0.006437	0.00099452	6.4437e-06
678	0.99099	0.0080052	0.0009955	8.0365e-06
679	0.9911	0.007892	0.00099814	7.9507e-06
680	0.99264	0.0063563	0.0010023	6.4197e-06
681	0.99616	0.0028255	0.0010084	2.8709e-06
682	0.99575	0.003233	0.0010106	3.2941e-06
683	0.99641	0.0025756	0.0010138	2.6292e-06
684	0.99822	0.00076033	0.0010184	7.704e-07
685	0.99814	0.00083439	0.0010208	8.4882e-07
686	0.99893	4.816e-05	0.0010242	4.9332e-08
687	0.99896	1.465e-05	0.0010267	1.5108e-08
688	0.9989	7.1098e-05	0.0010293	7.3414e-08
689	0.99756	0.0014075	0.0010305	1.4612e-06
690	0.99718	0.0017862	0.0010327	1.858e-06
691	0.99607	0.0028927	0.0010341	3.009e-06
692	0.99616	0.002802	0.0010368	2.9235e-06
693	0.99729	0.0016701	0.0010407	1.7447e-06
694	0.9978	0.0011588	0.0010438	1.2144e-06
695	0.99787	0.0010808	0.0010466	1.1332e-06
696	0.99889	5.7901e-05	0.0010503	6.072e-08
697	0.99894	2.5613e-06	0.0010529	2.7088e-09
698	0.99889	4.9631e-05	0.0010555	5.2674e-08
699	0.99879	0.00015318	0.0010581	1.6282e-07
700	0.99814	0.00080255	0.0010601	8.5811e-07
701	0.99707	0.0018709	0.0010616	2.0124e-06
702	0.99706	0.0018711	0.0010642	2.0308e-06
703	0.99347	0.0054645	0.0010629	5.9486e-06
704	0.99156	0.0073671	0.0010635	8.0418e-06
705	0.99109	0.0078308	0.0010657	8.5771e-06
706	0.99204	0.0068835	0.0010695	7.5756e-06
707	0.99449	0.0044322	0.0010749	4.9227e-06
708	0.99876	0.00015259	0.0010824	2.4511e-07
709	0.98055	0.01836	0.001056	2.9429e-05
710	0.96957	0.029345	0.0010407	4.7512e-05
711	0.96276	0.036145	0.0010318	5.9221e-05
712	0.94767	0.051239	0.0010093	8.4616e-05
713	0.93812	0.060784	0.00099537	0.00010133
714	0.9335	0.065398	0.00098891	0.0001106
715	0.92077	0.078124	0.00096899	0.00013332
716	0.89063	0.10827	0.00093523	0.00016466
717	0.87069	0.12821	0.00091262	0.00018489
718	0.82365	0.17525	0.00086145	0.00023371
719	0.79472	0.20419	0.00082945	0.00026332
720	0.77769	0.22122	0.00081014	0.00028024
721	0.76895	0.22996	0.00079978	0.0002882
722	0.76562	0.23329	0.00079544	0.00029016
723	0.76722	0.23169	0.00079672	0.00028653
724	0.77517	0.22375	0.00080527	0.00027561
725	0.7727	0.22622	0.00080184	0.00027671
726	0.77496	0.22397	0.00080376	0.00027247
727	0.78223	0.21669	0.00081149	0.00026247
728	0.79727	0.20165	0.00082818	0.00024347
729	0.82067	0.17826	0.00085477	0.00021462
730	0.8555	0.14343	0.00089499	0.00017216
731	0.91161	0.087325	0.00096022	0.00010467
732	0.99375	0.0051896	0.0010565	6.2052e-06
733	0.99396	0.0049801	0.0010546	5.8219e-06
734	0.99297	0.0059696	0.0010515	6.7884e-06
735	0.99328	0.0056645	0.0010497	6.3466e-06
736	0.9923	0.0066424	0.0010465	7.3122e-06
737	0.99286	0.0060837	0.001045	6.6399e-06
738	0.99508	0.00387	0.0010452	4.2034e-06
739	0.99338	0.0055692	0.0010412	5.9544e-06
740	0.99322	0.00574	0.0010389	6.0994e-06
741	0.99168	0.0072758	0.001035	7.6851e-06
742	0.98795	0.011013	0.0010289	1.1577e-05
743	0.98618	0.012783	0.0010248	1.3389e-05
744	0.98613	0.012839	0.0010226	1.3399e-05
745	0.98808	0.010883	0.0010224	1.1331e-05
746	0.98807	0.010903	0.0010202	1.1328e-05
747	0.98966	0.0093088	0.0010196	9.6469e-06
748	0.98953	0.0094412	0.0010173	9.7634e-06
749	0.99093	0.0080482	0.0010166	8.3014e-06
750	0.99438	0.0046004	0.0010179	4.7456e-06
751	0.99315	0.0058278	0.0010145	5.9906e-06
752	0.99342	0.005565	0.0010125	5.7136e-06
753	0.99497	0.0040099	0.0010119	4.1131e-06
754	0.99807	0.00091462	0.001013	9.4066e-07
755	0.99705	0.0019352	0.0010098	1.9759e-06
756	0.99698	0.0020109	0.0010077	2.0457e-06
757	0.99124	0.0077553	0.00099973	7.8599e-06
758	0.98781	0.011183	0.00099421	1.1297e-05
759	0.98658	0.012417	0.00099089	1.2522e-05
760	0.98728	0.011719	0.00098948	1.181e-05
761	0.98969	0.0093147	0.00098982	9.3826e-06
762	0.99418	0.0048242	0.00099229	4.864e-06
763	0.99355	0.0054522	0.00098965	5.4797e-06
764	0.99436	0.004645	0.00098841	4.6671e-06
765	0.9965	0.002507	0.00098854	2.5259e-06
766	0.99737	0.0016454	0.00098742	1.6623e-06
767	0.99144	0.0075749	0.00097954	7.5807e-06
768	0.84436	0.15466	0.00083149	0.0001537
769	0.75147	0.24755	0.0007375	0.00024575
770	0.6872	0.31181	0.00067248	0.00030885
771	0.64732	0.35171	0.00063165	0.00034774
772	0.6233	0.37572	0.00060656	0.00037088
773	0.6081	0.39092	0.00059034	0.00038518
774	0.59991	0.39911	0.00058112	0.0003925
775	0.59877	0.40025	0.00057875	0.00039295
776	0.603	0.39603	0.00058166	0.00038815
777	0.61314	0.38589	0.00059035	0.00037759
778	0.52426	0.47478	0.00050324	0.00046285
779	0.46846	0.53058	0.00044825	0.00051598
780	0.43023	0.56881	0.00041058	0.00055182
781	0.40724	0.5918	0.00038761	0.00057293
782	0.39269	0.60635	0.00037291	0.00058581
783	0.38617	0.61287	0.00036589	0.00059098
784	0.38495	0.6141	0.00036401	0.00059104
785	0.39029	0.60876	0.00036833	0.00058488
786	0.40176	0.59729	0.00037851	0.00057288
787	0.40083	0.59822	0.00037684	0.00057273
788	0.40657	0.59249	0.00038144	0.00056629
789	0.41834	0.58071	0.00039176	0.00055415
790	0.44013	0.55892	0.0004114	0.00053268
791	0.47298	0.52608	0.00044141	0.00050086
792	0.48465	0.51441	0.00045152	0.00048895
793	0.50401	0.49505	0.00046888	0.00046983
794	0.53362	0.46545	0.00049589	0.00044107
795	0.57796	0.4211	0.0005368	0.00039843
796	0.64904	0.35002	0.00060252	0.00033097
797	0.67945	0.31962	0.00063	0.00030177
798	0.69008	0.30899	0.0006389	0.00029118
799	0.70796	0.29111	0.00065465	0.00027376
800	0.73855	0.26053	0.00068216	0.00024456
801	0.78825	0.21082	0.00072733	0.00019769
802	0.80921	0.18987	0.00074562	0.00017772
803	0.84405	0.15503	0.00077668	0.00014496
804	0.89497	0.10411	0.00082273	9.7247e-05
805	0.9687	0.030378	0.00089006	2.8273e-05
806	0.97944	0.019643	0.00089843	1.8243e-05
807	0.98434	0.014742	0.00090132	1.3675e-05
808	0.98613	0.012958	0.00090129	1.2007e-05
809	0.99038	0.0087043	0.00090349	8.0923e-06
810	0.99189	0.0072045	0.00090319	6.7062e-06
811	0.94356	0.055533	0.00085678	5.1407e-05
812	0.91349	0.085606	0.0008273	7.9163e-05
813	0.89351	0.10558	0.00080733	9.744e-05
814	0.84768	0.15141	0.00076382	0.00013929
815	0.81643	0.18266	0.0007339	0.00016756
816	0.79563	0.20347	0.00071367	0.00018616
817	0.78273	0.21637	0.00070075	0.00019749
818	0.77706	0.22204	0.00069435	0.00020229
819	0.77639	0.22272	0.00069251	0.00020253
820	0.7817	0.21741	0.00069601	0.00019743
821	0.79252	0.20658	0.0007045	0.00018736
822	0.81057	0.18854	0.0007195	0.00017081
823	0.81592	0.18319	0.00072312	0.00016566
824	0.82812	0.171	0.0007328	0.00015443
825	0.84781	0.1513	0.00074924	0.00013648
826	0.85546	0.14366	0.00075477	0.0001294
827	0.87037	0.12875	0.0007667	0.00011592
828	0.89354	0.10557	0.00078602	9.5071e-05
829	0.89067	0.10845	0.00078215	9.7435e-05
830	0.8916	0.10752	0.00078171	9.6395e-05
831	0.89647	0.10265	0.00078481	9.1843e-05
832	0.90597	0.093152	0.00079206	8.3164e-05
833	0.92294	0.076186	0.00080587	6.7912e-05
834	0.94868	0.050448	0.00082751	4.4853e-05
835	0.9902	0.0089335	0.00086299	7.9372e-06
836	0.99107	0.0080566	0.00086239	7.1267e-06
837	0.99385	0.0052827	0.00086342	4.6609e-06
838	0.99497	0.0041612	0.00086297	3.6642e-06
839	0.99501	0.0041297	0.00086154	3.6301e-06
840	0.99619	0.0029445	0.00086114	2.5886e-06
841	0.99401	0.0051317	0.00085784	4.4809e-06
842	0.98902	0.01012	0.00085215	8.7803e-06
843	0.98627	0.012873	0.00084844	1.1128e-05
844	0.98565	0.013495	0.00084654	1.1643e-05
845	0.98703	0.012117	0.00084634	1.0447e-05
846	0.99026	0.0088817	0.00084776	7.6508e-06
847	0.99117	0.0079794	0.00084721	6.8575e-06
848	0.99397	0.0051783	0.00084825	4.4484e-06
849	0.99882	0.00032544	0.00085108	2.8044e-07
850	0.99893	0.0002202	0.00084986	1.8938e-07
851	0.99839	0.00076206	0.00084811	6.5121e-07
852	0.9986	0.0005557	0.00084702	4.7395e-07
853	0.99871	0.00044375	0.00084584	3.7993e-07
854	0.99764	0.0015163	0.00084367	1.2947e-06
855	0.98834	0.010813	0.00083445	9.2344e-06
856	0.96752	0.031641	0.00081551	2.6931e-05
857	0.95494	0.04422	0.00080357	3.7606e-05
858	0.94715	0.052009	0.00079578	4.4158e-05
859	0.94368	0.055481	0.00079162	4.706e-05
860	0.94324	0.055926	0.00079006	4.7384e-05
861	0.94576	0.053408	0.00079104	4.5199e-05
862	0.93149	0.067671	0.00077785	5.7157e-05
863	0.92255	0.076618	0.00076922	6.4584e-05
864	0.91861	0.080562	0.00076477	6.7817e-05
865	0.90569	0.093474	0.00075287	7.852e-05
866	0.89796	0.10121	0.00074538	8.484e-05
867	0.89439	0.10478	0.00074141	8.766e-05
868	0.8945	0.10467	0.00074056	8.739e-05
869	0.89926	0.099908	0.00074353	8.3271e-05
870	0.90968	0.089498	0.00075115	7.4497e-05
871	0.92794	0.071238	0.00076519	5.9278e-05
872	0.95514	0.04404	0.00078667	3.6646e-05
873	0.99537	0.0038111	0.000819	3.1835e-06
874	0.99667	0.0025069	0.00081899	2.0921e-06
875	0.99513	0.0040483	0.0008166	3.3637e-06
876	0.99478	0.0043971	0.00081522	3.6455e-06
877	0.99307	0.0061113	0.00081274	5.0455e-06
878	0.9927	0.00648	0.0008114	5.3335e-06
879	0.99387	0.0053105	0.0008113	4.3664e-06
880	0.99385	0.005338	0.0008102	4.387e-06
881	0.99506	0.0041244	0.00081013	3.389e-06
882	0.99768	0.0015091	0.00081124	1.2429e-06
883	0.99897	0.00021939	0.00081128	1.84e-07
884	0.99102	0.0081705	0.00080371	6.7725e-06
885	0.98608	0.013114	0.00079866	1.0851e-05
886	0.9746	0.024593	0.00078829	2.0281e-05
887	0.96728	0.031916	0.00078138	2.6262e-05
888	0.96314	0.03605	0.00077714	2.9612e-05
889	0.92496	0.074237	0.00074526	6.0619e-05
890	0.89893	0.10026	0.0007234	8.162e-05
891	0.88163	0.11757	0.00070871	9.5481e-05
892	0.84461	0.15459	0.00067807	0.00012527
893	0.76794	0.23126	0.00061536	0.00018713
894	0.71572	0.28348	0.00057267	0.00022897
895	0.68353	0.31567	0.00054609	0.0002547
896	0.66257	0.33663	0.00052868	0.00027126
897	0.65141	0.34779	0.00051913	0.00027997
898	0.64768	0.35152	0.0005155	0.00028273
899	0.64921	0.34999	0.00051613	0.00028126
900	0.65639	0.34281	0.00052133	0.00027524
901	0.67025	0.32896	0.00053189	0.00026386
902	0.69503	0.30418	0.00055109	0.00024384
903	0.73594	0.26326	0.00058299	0.00021111
904	0.75256	0.24665	0.00059562	0.00019767
905	0.77825	0.22096	0.00061551	0.00017698
906	0.82042	0.17879	0.00064839	0.00014329
907	0.83829	0.16092	0.00066198	0.00012892
908	0.86831	0.1309	0.00068512	0.00010497
909	0.91235	0.086864	0.00071946	6.9849e-05
910	0.91598	0.083232	0.00072167	6.6881e-05
911	0.92355	0.075664	0.00072704	6.0767e-05
912	0.93605	0.06316	0.00073639	5.07e-05
913	0.93102	0.068198	0.00073181	5.459e-05
914	0.92941	0.069807	0.00072998	5.5747e-05
915	0.93165	0.067568	0.00073116	5.3874e-05
916	0.93821	0.061004	0.00073574	4.8595e-05
917	0.94937	0.049849	0.00074399	3.9657e-05
918	0.96826	0.030962	0.00075832	2.4631e-05
919	0.96102	0.038199	0.00075193	3.03e-05
920	0.95705	0.042168	0.00074816	3.3374e-05
921	0.9564	0.042821	0.00074697	3.3852e-05
922	0.95044	0.048784	0.00074165	3.848e-05
923	0.94832	0.050904	0.00073932	4.0105e-05
924	0.94958	0.049645	0.00073961	3.9095e-05
925	0.94616	0.053058	0.0007362	4.1761e-05
926	0.94564	0.053578	0.0007351	4.2143e-05
927	0.93996	0.059264	0.00073	4.6546e-05
928	0.93826	0.060962	0.00072799	4.7844e-05
929	0.93951	0.059711	0.00072831	4.6827e-05
930	0.94388	0.055346	0.0007311	4.3368e-05
931	0.95297	0.046256	0.00073753	3.6254e-05
932	0.96718	0.032043	0.00074798	2.5134e-05
933	0.98867	0.010558	0.00076416	8.3151e-06
934	0.98733	0.011894	0.00076252	9.3372e-06
935	0.98286	0.016366	0.00075847	1.2782e-05
936	0.97321	0.026019	0.0007504	2.0244e-05
937	0.96795	0.031283	0.00074569	2.4314e-05
938	0.96542	0.033811	0.00074315	2.6248e-05
939	0.95783	0.041399	0.00073666	3.2106e-05
940	0.95432	0.044916	0.00073331	3.4822e-05
941	0.95354	0.045688	0.0007321	3.54e-05
942	0.9555	0.043738	0.00073304	3.3867e-05
943	0.95291	0.046322	0.00073051	3.5813e-05
944	0.95361	0.045627	0.00073048	3.5248e-05
945	0.95773	0.041507	0.00073305	3.2066e-05
946	0.96534	0.033893	0.00073834	2.6187e-05
