#coord	neutral	conserved	gBGC.neutral	gBGC.conserved
1	0.75382	0.17241	0.059933	0.013832
2	0.7633	0.16478	0.059066	0.012856
3	0.77866	0.15121	0.058679	0.011452
4	0.80407	0.12762	0.058935	0.0093736
5	0.84469	0.088856	0.060123	0.0063297
6	0.90885	0.026586	0.062695	0.0018682
7	0.91842	0.01885	0.061436	0.0012913
8	0.93232	0.0067295	0.060498	0.00045015
9	0.93959	0.0011915	0.059147	7.6296e-05
10	0.94204	0.00051879	0.057412	3.2051e-05
11	0.94341	0.00096346	0.055573	5.766e-05
12	0.94547	0.00066103	0.053833	3.8128e-05
13	0.94741	0.00051175	0.052049	2.8892e-05
14	0.94917	0.00049391	0.05031	2.7118e-05
15	0.95076	0.00059254	0.048617	3.141e-05
16	0.95212	0.00086598	0.046967	4.4022e-05
17	0.95324	0.0014197	0.045271	7.0107e-05
18	0.9536	0.0026807	0.043595	0.00012709
19	0.9522	0.0056548	0.041893	0.00025576
20	0.9476	0.011852	0.040029	0.00051635
21	0.94551	0.0155	0.038341	0.00064717
22	0.94583	0.016771	0.036728	0.00067332
23	0.94786	0.01628	0.035232	0.00062742
24	0.95174	0.013898	0.033849	0.00051354
25	0.95782	0.0092735	0.032583	0.00032768
26	0.96667	0.0018351	0.03144	5.9386e-05
27	0.96913	0.00081431	0.030036	2.313e-05
28	0.97014	0.0012725	0.028558	3.2479e-05
29	0.97192	0.00091707	0.027147	1.8165e-05
30	0.97201	0.00080599	0.027162	1.8583e-05
31	0.97193	0.00088194	0.027161	2.2925e-05
32	0.97154	0.0012657	0.027163	3.5229e-05
33	0.97058	0.0022015	0.02716	6.3126e-05
34	0.96838	0.0043576	0.027133	0.00012592
35	0.96771	0.0050062	0.027136	0.00014639
36	0.96822	0.0044618	0.027185	0.00013217
37	0.96417	0.0084888	0.027087	0.00025343
38	0.962	0.010631	0.027055	0.00031835
39	0.96145	0.011134	0.027082	0.00033475
40	0.95846	0.014066	0.02705	0.00042146
41	0.95732	0.015149	0.027082	0.0004536
42	0.95791	0.014482	0.027177	0.00043393
43	0.96033	0.011971	0.027338	0.00035886
44	0.96064	0.011593	0.027424	0.00034772
45	0.95873	0.013415	0.027457	0.00039991
46	0.95853	0.013516	0.027552	0.00040121
47	0.96036	0.011602	0.027693	0.00034437
48	0.96462	0.0072736	0.027892	0.0002174
49	0.96622	0.0055912	0.028026	0.00016709
50	0.96294	0.0087711	0.028029	0.00025835
51	0.96168	0.0099504	0.028076	0.00029289
52	0.95776	0.013781	0.028059	0.00040337
53	0.94851	0.022925	0.027902	0.00066436
54	0.94342	0.027919	0.027849	0.00080963
55	0.94144	0.029823	0.027872	0.00086698
56	0.94215	0.029041	0.027961	0.00084679
57	0.94515	0.025958	0.02813	0.00075653
58	0.945	0.026042	0.028193	0.00076066
59	0.94746	0.023528	0.02832	0.00068912
60	0.95306	0.017884	0.028526	0.0005267
61	0.95469	0.016204	0.028629	0.00047836
62	0.95842	0.012405	0.028808	0.00036467
63	0.96544	0.0053378	0.029072	0.00015431
64	0.96563	0.0051028	0.029121	0.00014735
65	0.9673	0.0034016	0.0292	9.7411e-05
66	0.95999	0.010692	0.029002	0.00031329
67	0.95599	0.014684	0.028888	0.00043279
68	0.95405	0.016613	0.028848	0.00048904
69	0.88969	0.080971	0.026937	0.0024044
70	0.84938	0.12129	0.025719	0.0036154
71	0.8246	0.14608	0.024949	0.0043665
72	0.8101	0.16061	0.024476	0.0048098
73	0.7752	0.19553	0.023404	0.0058614
74	0.70233	0.26843	0.021157	0.0080778
75	0.65209	0.31869	0.019631	0.0095822
76	0.61829	0.35251	0.018623	0.010578
77	0.59826	0.37256	0.018009	0.011168
78	0.586	0.38484	0.017643	0.011519
79	0.58131	0.38956	0.017491	0.011647
80	0.58202	0.38886	0.017513	0.011608
81	0.58824	0.38264	0.017714	0.011399
82	0.58301	0.3879	0.017554	0.011536
83	0.58441	0.38654	0.017581	0.011477
84	0.59137	0.3796	0.017788	0.011246
85	0.60658	0.36442	0.01823	0.010771
86	0.63327	0.33777	0.018999	0.0099568
87	0.67706	0.29404	0.020254	0.0086477
88	0.6949	0.27624	0.020756	0.0081004
89	0.72528	0.24592	0.021611	0.0071896
90	0.77457	0.1967	0.022995	0.0057389
91	0.85321	0.11813	0.025193	0.003464
92	0.86146	0.10995	0.02537	0.0032193
93	0.87674	0.094749	0.025734	0.0027758
94	0.90015	0.071406	0.02635	0.0020917
95	0.90985	0.061764	0.02658	0.0018037
96	0.92666	0.04503	0.027	0.0013143
97	0.95189	0.019858	0.027682	0.0005732
98	0.96423	0.0075842	0.027968	0.0002164
99	0.97029	0.0016038	0.028057	4.4874e-05
100	0.96968	0.0023128	0.027942	6.4928e-05
101	0.97015	0.0019492	0.027846	5.4666e-05
102	0.97178	0.0004353	0.02777	1.2409e-05
103	0.97095	0.0013717	0.027635	3.9344e-05
104	0.9711	0.0013487	0.027515	3.9078e-05
105	0.97207	0.00048247	0.02743	1.4533e-05
106	0.96565	0.0070056	0.027139	0.00020745
107	0.95114	0.021598	0.026627	0.00063201
108	0.94174	0.031074	0.026279	0.00090224
109	0.87454	0.098368	0.024248	0.0028444
110	0.82818	0.14481	0.022855	0.004158
111	0.79693	0.17612	0.02192	0.0050242
112	0.77829	0.19484	0.021324	0.005539
113	0.76673	0.20648	0.020945	0.0058473
114	0.76087	0.2124	0.020738	0.0059918
115	0.75988	0.21344	0.020679	0.005998
116	0.76469	0.20869	0.020767	0.0058461
117	0.77631	0.19715	0.02103	0.0055097
118	0.79501	0.17852	0.0215	0.0049736
119	0.8263	0.14731	0.022298	0.0040993
120	0.87684	0.096851	0.023594	0.0027162
121	0.89919	0.074577	0.024136	0.0020973
122	0.90836	0.065476	0.024328	0.0018387
123	0.92303	0.050864	0.024685	0.0014242
124	0.94729	0.026672	0.025289	0.00075208
125	0.95768	0.016334	0.025521	0.00046145
126	0.97349	0.00057621	0.025919	1.6294e-05
127	0.97344	0.0006864	0.025857	1.9113e-05
128	0.97153	0.0026657	0.025731	7.3532e-05
129	0.96768	0.0065986	0.025539	0.00018275
130	0.95966	0.014712	0.025218	0.00040979
131	0.95471	0.019746	0.024995	0.00054833
132	0.95223	0.022304	0.024852	0.00061727
133	0.95185	0.022747	0.024777	0.00062789
134	0.95391	0.020757	0.024754	0.00057495
135	0.95826	0.016481	0.024803	0.00046026
136	0.95935	0.015444	0.024776	0.00043156
137	0.95822	0.016637	0.024676	0.00046422
138	0.95886	0.01606	0.024634	0.00044865
139	0.95671	0.018255	0.024528	0.00050652
140	0.95645	0.018554	0.024482	0.00051293
141	0.95804	0.016997	0.024497	0.00046915
142	0.96168	0.013379	0.024577	0.00036925
143	0.96243	0.012635	0.024589	0.00034622
144	0.96495	0.010113	0.02466	0.00027475
145	0.96546	0.0096124	0.024664	0.00025893
146	0.96786	0.0072367	0.024705	0.00019474
147	0.97222	0.0028932	0.024809	7.7288e-05
148	0.97229	0.0028484	0.024786	7.5369e-05
149	0.9714	0.0037501	0.024749	9.7474e-05
150	0.9692	0.0059775	0.024666	0.00015394
151	0.96864	0.0065733	0.024613	0.00016928
152	0.96938	0.0058634	0.024604	0.00015051
153	0.97178	0.0034994	0.024626	9.0346e-05
154	0.97269	0.0026264	0.024618	6.7728e-05
155	0.97288	0.0024768	0.024581	6.4127e-05
156	0.97406	0.001328	0.024579	3.4662e-05
157	0.97456	0.0008488	0.024569	2.2198e-05
158	0.97483	0.00061514	0.024541	1.6487e-05
159	0.95891	0.016558	0.024098	0.00043583
160	0.92151	0.053972	0.023112	0.0014067
161	0.89629	0.079199	0.022461	0.0020527
162	0.83645	0.13903	0.020952	0.0035662
163	0.79581	0.17966	0.01995	0.0045815
164	0.77096	0.20451	0.019325	0.0052087
165	0.75665	0.21882	0.018952	0.0055735
166	0.72343	0.25206	0.01808	0.0064275
167	0.7013	0.27421	0.017508	0.0069885
168	0.68911	0.28642	0.017176	0.0072999
169	0.68288	0.29266	0.017008	0.0074557
170	0.68304	0.29252	0.016989	0.0074518
171	0.67257	0.30303	0.016688	0.0077196
172	0.6678	0.30782	0.016544	0.0078382
173	0.66939	0.30626	0.016549	0.0077984
174	0.67768	0.29802	0.016707	0.0075947
175	0.69245	0.28328	0.017036	0.0072279
176	0.71834	0.25744	0.017621	0.0065956
177	0.72741	0.24841	0.017806	0.0063705
178	0.72607	0.24979	0.017743	0.006402
179	0.72951	0.24637	0.01781	0.006311
180	0.73837	0.23753	0.018024	0.0060809
181	0.75559	0.22033	0.018433	0.0056452
182	0.78483	0.19113	0.019123	0.0049186
183	0.79626	0.17973	0.019384	0.0046294
184	0.81678	0.15925	0.019855	0.0041197
185	0.8475	0.12856	0.020593	0.003351
186	0.85995	0.11613	0.020888	0.0030348
187	0.82623	0.14987	0.020037	0.0038719
188	0.80384	0.17225	0.019485	0.0044188
189	0.79112	0.18499	0.019157	0.0047314
190	0.78423	0.19189	0.018987	0.0048954
191	0.78318	0.19296	0.018948	0.0049169
192	0.78672	0.18942	0.019035	0.0048215
193	0.79534	0.1808	0.019261	0.0045954
194	0.8119	0.16425	0.019673	0.0041731
195	0.83992	0.13625	0.020355	0.0034704
196	0.85202	0.12419	0.020625	0.0031693
197	0.87123	0.105	0.021084	0.0026873
198	0.90026	0.075981	0.021806	0.0019521
199	0.9127	0.063547	0.022122	0.0016319
200	0.93371	0.042552	0.022639	0.0010999
201	0.9646	0.011672	0.023423	0.00030992
202	0.96399	0.012273	0.023411	0.00032384
203	0.96496	0.011291	0.02345	0.0002971
204	0.96769	0.0085457	0.023544	0.00022454
205	0.97249	0.003715	0.023702	9.681e-05
206	0.9723	0.0038805	0.023719	9.9684e-05
207	0.97341	0.0027622	0.023756	7.1066e-05
208	0.97577	0.00038431	0.023834	1.0157e-05
209	0.97603	9.5974e-05	0.023868	2.7924e-06
210	0.97309	0.0029994	0.023822	8.4279e-05
211	0.967	0.0090719	0.023673	0.00025822
212	0.96337	0.012663	0.023603	0.00036263
213	0.96171	0.014281	0.023597	0.0004129
214	0.96178	0.014156	0.023648	0.00041617
215	0.96394	0.01195	0.023741	0.00036625
216	0.9682	0.0076372	0.023899	0.00026063
217	0.96656	0.0092229	0.023902	0.00032048
218	0.96666	0.0090688	0.023942	0.00033082
219	0.96822	0.0074433	0.024034	0.00029948
220	0.96864	0.0075731	0.023512	0.00027722
221	0.9704	0.0063416	0.023047	0.00021535
222	0.97076	0.0065228	0.022519	0.00020162
223	0.96307	0.014731	0.021826	0.00036875
224	0.95909	0.019259	0.021205	0.00045022
225	0.95744	0.021434	0.020655	0.00047597
226	0.9513	0.028079	0.020037	0.0005866
227	0.94869	0.031206	0.019479	0.00062329
228	0.94895	0.031481	0.018963	0.00060226
229	0.93214	0.04881	0.018163	0.0008821
230	0.89278	0.088685	0.017027	0.0015128
231	0.86639	0.11557	0.016162	0.0018865
232	0.85085	0.13161	0.015478	0.0020665
233	0.84143	0.14152	0.014919	0.0021336
234	0.83699	0.14644	0.014461	0.0021143
235	0.83671	0.14718	0.014085	0.002026
236	0.84159	0.14278	0.013775	0.0018586
237	0.85121	0.13362	0.013548	0.0016198
238	0.83855	0.14596	0.013602	0.0018896
239	0.83128	0.1529	0.013749	0.0020758
240	0.82954	0.15432	0.013969	0.0021776
241	0.83298	0.15056	0.014258	0.0021992
242	0.84107	0.14215	0.014633	0.002145
243	0.85512	0.12777	0.015117	0.0019909
244	0.74943	0.23314	0.01337	0.0040565
245	0.68297	0.29929	0.012292	0.0054429
246	0.63723	0.34472	0.0116	0.0064509
247	0.60929	0.37235	0.01122	0.0071376
248	0.59109	0.39023	0.011031	0.0076405
249	0.54668	0.43433	0.010308	0.0086875
250	0.51963	0.46106	0.0099001	0.0094082
251	0.50209	0.47828	0.009687	0.0099425
252	0.49198	0.48806	0.0096288	0.01033
253	0.48911	0.49061	0.0097061	0.010573
254	0.49149	0.4879	0.0099006	0.010706
255	0.49944	0.47962	0.010223	0.010719
256	0.51429	0.46442	0.01071	0.010577
257	0.53781	0.44055	0.011409	0.010232
258	0.57313	0.40487	0.012406	0.0095977
259	0.58652	0.3911	0.012939	0.0094376
260	0.60844	0.3688	0.0137	0.0090604
261	0.64515	0.33171	0.014818	0.0083145
262	0.69893	0.27756	0.016408	0.007108
263	0.77688	0.19921	0.018683	0.0052265
264	0.90058	0.075129	0.022161	0.0021304
265	0.90258	0.072734	0.022581	0.0021047
266	0.8837	0.091204	0.022445	0.0026501
267	0.87157	0.10291	0.022498	0.0030197
268	0.84249	0.13156	0.022083	0.003871
269	0.82323	0.15036	0.02194	0.0044647
270	0.81113	0.162	0.022003	0.0048686
271	0.7811	0.19155	0.02156	0.0057917
272	0.71234	0.25981	0.020002	0.0078447
273	0.66936	0.30231	0.019099	0.0092305
274	0.64058	0.33059	0.018599	0.010226
275	0.62384	0.34686	0.018416	0.010893
276	0.6156	0.35462	0.018464	0.011317
277	0.61282	0.35692	0.01869	0.011575
278	0.59848	0.37078	0.018529	0.012208
279	0.59079	0.37799	0.018587	0.012636
280	0.51362	0.45468	0.016314	0.015382
281	0.46029	0.50753	0.014797	0.017384
282	0.42374	0.54358	0.013816	0.018863
283	0.39915	0.56766	0.013222	0.019968
284	0.38521	0.5811	0.012952	0.020736
285	0.37771	0.58809	0.012908	0.021293
286	0.37679	0.58851	0.013077	0.021623
287	0.3823	0.58251	0.013467	0.021723
288	0.39543	0.5689	0.014127	0.02154
289	0.41901	0.54485	0.015167	0.020967
290	0.45472	0.50867	0.016703	0.019911
291	0.50692	0.45597	0.018932	0.018174
292	0.50835	0.45407	0.01923	0.018356
293	0.51674	0.44521	0.019789	0.018266
294	0.53183	0.42964	0.020638	0.017897
295	0.53334	0.42763	0.020973	0.018058
296	0.54025	0.42021	0.021549	0.01799
297	0.55374	0.40619	0.022431	0.017633
298	0.57801	0.38141	0.023767	0.016808
299	0.61483	0.34407	0.025706	0.015397
300	0.66874	0.28961	0.028487	0.013158
301	0.69153	0.26627	0.029951	0.012255
302	0.72947	0.22777	0.032116	0.010637
303	0.78494	0.17174	0.035194	0.0081222
304	0.81096	0.14518	0.0369	0.0069639
305	0.84945	0.10612	0.03928	0.0051516
306	0.91124	0.043783	0.042805	0.0021766
307	0.9185	0.035944	0.043743	0.0018103
308	0.93036	0.023489	0.044953	0.0011934
309	0.95028	0.0030004	0.046567	0.00015614
310	0.95248	0.00020112	0.047311	1.0649e-05
311	0.95184	0.00021315	0.047931	1.0909e-05
312	0.95132	0.0001326	0.048537	6.8421e-06
313	0.93071	0.020158	0.048071	0.0010576
314	0.918	0.032305	0.047973	0.0017232
315	0.90967	0.040046	0.048124	0.0021603
316	0.90469	0.044418	0.048474	0.0024208
317	0.90309	0.045421	0.04898	0.0025064
318	0.9041	0.0438	0.049658	0.0024444
319	0.88918	0.058121	0.049422	0.0032773
320	0.87946	0.067216	0.049494	0.0038259
321	0.87459	0.071484	0.049805	0.0041163
322	0.7224	0.22306	0.041695	0.01285
323	0.62635	0.3185	0.036562	0.018592
324	0.5606	0.38362	0.03316	0.022621
325	0.51962	0.42398	0.031097	0.025297
326	0.4947	0.4483	0.029922	0.027072
327	0.48056	0.46187	0.029354	0.028224
328	0.47274	0.46908	0.029188	0.028992
329	0.44798	0.49322	0.027983	0.030817
330	0.43222	0.50834	0.02734	0.032099
331	0.39544	0.54449	0.025319	0.034744
332	0.37321	0.56611	0.024154	0.03652
333	0.36079	0.57794	0.023581	0.037692
334	0.35418	0.58393	0.023399	0.038488
335	0.35385	0.58366	0.02361	0.038879
336	0.35974	0.57719	0.024222	0.038856
337	0.37157	0.56475	0.025268	0.038416
338	0.39313	0.54259	0.026971	0.037306
339	0.42899	0.50615	0.029646	0.035211
340	0.48203	0.45252	0.033606	0.031849
341	0.56655	0.36741	0.039767	0.026272
342	0.68976	0.2436	0.048878	0.017765
343	0.74921	0.18356	0.05354	0.013691
344	0.77436	0.1578	0.055876	0.011964
345	0.78495	0.14661	0.057153	0.01128
346	0.78699	0.14401	0.057785	0.011224
347	0.79339	0.137	0.058781	0.010826
348	0.80513	0.12464	0.060227	0.010002
349	0.82394	0.10519	0.062278	0.0085987
350	0.82035	0.10815	0.062569	0.008937
351	0.82038	0.10746	0.063179	0.0089807
352	0.82412	0.10304	0.064124	0.008716
353	0.83216	0.094296	0.065466	0.0080812
354	0.84715	0.078616	0.067363	0.0068713
355	0.8427	0.082353	0.067693	0.0072552
356	0.84149	0.082824	0.068327	0.0073631
357	0.84343	0.080109	0.069265	0.0071924
358	0.84007	0.082728	0.069718	0.0074878
359	0.83995	0.082064	0.070488	0.0074951
360	0.84317	0.07804	0.071593	0.0071959
361	0.85123	0.069195	0.073112	0.0064627
362	0.8644	0.055213	0.075161	0.0052277
363	0.8845	0.034268	0.077942	0.0032907
364	0.89342	0.024524	0.079657	0.0023978
365	0.89636	0.020735	0.080857	0.0020507
366	0.90278	0.013483	0.082371	0.0013691
367	0.90523	0.010218	0.08348	0.0010689
368	0.90999	0.0046214	0.084862	0.00052872
369	0.91192	0.0018653	0.085943	0.00026725
370	0.91094	0.0020523	0.086683	0.00032418
371	0.91024	0.0029952	0.08637	0.0003961
372	0.9084	0.0050898	0.085918	0.00058971
373	0.90783	0.0058966	0.085618	0.00065294
374	0.90867	0.0053113	0.085438	0.00057957
375	0.91075	0.0034683	0.085408	0.00037717
376	0.91146	0.0029606	0.085259	0.00031601
377	0.91323	0.0013855	0.085239	0.00014697
378	0.91414	0.00064032	0.085153	6.6485e-05
379	0.91372	0.0012091	0.084957	0.00011696
380	0.91278	0.0023045	0.084695	0.00021777
381	0.9104	0.0048296	0.084326	0.00044727
382	0.90962	0.005768	0.084084	0.00053225
383	0.91024	0.0053188	0.083952	0.00049094
384	0.91207	0.0036363	0.083958	0.00033354
385	0.91572	0.00015647	0.084108	1.4491e-05
386	0.9155	0.00056018	0.083883	5.2851e-05
387	0.91592	0.00031117	0.083742	3.0163e-05
388	0.9136	0.0027656	0.083366	0.00026366
389	0.91252	0.0039753	0.083131	0.0003777
390	0.91249	0.0040999	0.083019	0.00038903
391	0.91146	0.0052458	0.082792	0.00049812
392	0.9116	0.0052022	0.0827	0.00049466
393	0.91315	0.0037672	0.082717	0.00036548
394	0.91349	0.003523	0.082646	0.0003456
395	0.90876	0.0083151	0.082117	0.00080385
396	0.89775	0.019363	0.081064	0.0018281
397	0.89141	0.025739	0.080419	0.0024268
398	0.88792	0.029258	0.080069	0.0027528
399	0.88671	0.030478	0.079955	0.0028619
400	0.88767	0.029499	0.08007	0.0027639
401	0.89095	0.026183	0.080427	0.0024437
402	0.89768	0.019429	0.081083	0.0018093
403	0.90032	0.016788	0.081333	0.0015631
404	0.9052	0.011875	0.08182	0.0011012
405	0.90717	0.0099004	0.082013	0.00091675
406	0.90734	0.00974	0.082019	0.00090202
407	0.90897	0.0080924	0.082186	0.00074802
408	0.91226	0.0047746	0.082531	0.00043606
409	0.91128	0.0057333	0.082464	0.00051962
410	0.91147	0.0055101	0.082527	0.00049395
411	0.90568	0.011284	0.082026	0.0010056
412	0.86456	0.05241	0.078337	0.0046893
413	0.83901	0.077988	0.076002	0.0070023
414	0.82361	0.093428	0.074555	0.0084122
415	0.78726	0.1298	0.07126	0.011689
416	0.76259	0.15447	0.069068	0.013881
417	0.74814	0.16892	0.067759	0.015176
418	0.74084	0.17625	0.067066	0.015839
419	0.73913	0.17801	0.066855	0.016006
420	0.74167	0.17549	0.067059	0.015777
421	0.64397	0.27323	0.058095	0.024698
422	0.57627	0.34097	0.051973	0.030795
423	0.52959	0.38765	0.047819	0.034941
424	0.43101	0.48625	0.038948	0.043791
425	0.36899	0.54831	0.033302	0.049403
426	0.33024	0.5871	0.029727	0.052933
427	0.24178	0.67559	0.021721	0.060908
428	0.18597	0.73145	0.016615	0.065972
429	0.14772	0.76972	0.013167	0.069391
430	0.12384	0.79364	0.010987	0.071533
431	0.10757	0.80993	0.0095237	0.07297
432	0.096936	0.82059	0.0085841	0.073894
433	0.069575	0.84795	0.0061969	0.076277
434	0.052402	0.86514	0.0046826	0.077778
435	0.041758	0.8758	0.0037333	0.078705
436	0.035374	0.88222	0.0031561	0.079252
437	0.031891	0.88574	0.0028336	0.079534
438	0.030558	0.88712	0.0026996	0.07962
439	0.03069	0.88703	0.0027029	0.079579
440	0.032747	0.88502	0.0028709	0.079365
441	0.03717	0.88065	0.0032379	0.078943
442	0.036934	0.88095	0.0031911	0.078926
443	0.038341	0.87959	0.0032947	0.07877
444	0.041511	0.87647	0.0035574	0.078465
445	0.047635	0.87039	0.0040651	0.077906
446	0.057046	0.86102	0.0048639	0.077068
447	0.072411	0.84571	0.0061543	0.075728
448	0.068387	0.84977	0.005785	0.076059
449	0.067487	0.85072	0.0056811	0.076116
450	0.068813	0.84943	0.0057786	0.075982
451	0.063667	0.8546	0.0053224	0.076412
452	0.061034	0.85725	0.0050933	0.076626
453	0.060648	0.85764	0.0050663	0.07665
454	0.053536	0.86474	0.0044706	0.077252
455	0.049153	0.86911	0.0041152	0.077624
456	0.047533	0.87072	0.0039873	0.077761
457	0.040147	0.87811	0.0033549	0.078393
458	0.035355	0.88289	0.0029528	0.078804
459	0.032595	0.88563	0.0027302	0.079048
460	0.031904	0.88631	0.0026783	0.079112
461	0.033133	0.88507	0.0027864	0.079007
462	0.036534	0.88168	0.0030756	0.078713
463	0.034935	0.88327	0.0029379	0.078856
464	0.035371	0.88284	0.0029702	0.07882
465	0.037451	0.88075	0.0031504	0.078648
466	0.035195	0.88301	0.0029479	0.07885
467	0.034592	0.8836	0.0028947	0.078913
468	0.035999	0.88219	0.0030083	0.0788
469	0.039712	0.87849	0.0033118	0.078489
470	0.045705	0.87249	0.0038161	0.077988
471	0.055869	0.86233	0.0046622	0.077135
472	0.072372	0.84584	0.0060218	0.075761
473	0.096203	0.82202	0.0080143	0.073764
474	0.13095	0.78726	0.010962	0.070824
475	0.14514	0.77305	0.012181	0.069623
476	0.13592	0.78225	0.011386	0.07045
477	0.13088	0.78724	0.010967	0.070911
478	0.13012	0.78797	0.010906	0.071006
479	0.13251	0.78553	0.011132	0.070825
480	0.10624	0.81177	0.0088492	0.073143
481	0.088414	0.82955	0.0073227	0.074716
482	0.076511	0.84139	0.0063205	0.075777
483	0.068846	0.84899	0.0056899	0.076478
484	0.064231	0.85352	0.0053256	0.076923
485	0.062731	0.85495	0.0052168	0.077103
486	0.063371	0.85423	0.0053005	0.077102
487	0.066976	0.85055	0.0056354	0.076841
488	0.074299	0.84316	0.0062874	0.076253
489	0.085715	0.83167	0.0073175	0.075299
490	0.10447	0.81285	0.0089823	0.073701
491	0.13168	0.78556	0.011432	0.071328
492	0.17145	0.7457	0.015066	0.067785
493	0.18928	0.72779	0.01669	0.066241
494	0.21855	0.69845	0.019316	0.063685
495	0.26547	0.65147	0.023473	0.059587
496	0.26589	0.65098	0.023527	0.059606
497	0.27198	0.64483	0.024072	0.059123
498	0.26744	0.64929	0.023682	0.059588
499	0.26847	0.6482	0.023776	0.059558
500	0.27529	0.64133	0.024372	0.059015
501	0.28781	0.62874	0.025502	0.057952
502	0.30988	0.60661	0.02746	0.056051
503	0.34264	0.57378	0.030414	0.053166
504	0.39543	0.52093	0.035112	0.048527
505	0.47266	0.44363	0.042088	0.041624
506	0.58522	0.33097	0.052408	0.031394
507	0.74705	0.16904	0.067456	0.016452
508	0.76821	0.14775	0.069555	0.01448
509	0.7769	0.13895	0.070457	0.013689
510	0.77667	0.13905	0.07055	0.013726
511	0.74234	0.17324	0.067455	0.01697
512	0.71946	0.19594	0.065478	0.019117
513	0.70632	0.20893	0.064369	0.020379
514	0.67314	0.24194	0.061417	0.023504
515	0.65088	0.26401	0.05952	0.025592
516	0.63837	0.27635	0.058488	0.0268
517	0.53784	0.37671	0.049074	0.036377
518	0.47464	0.43976	0.043092	0.042507
519	0.43522	0.47905	0.039322	0.046413
520	0.40853	0.50558	0.036819	0.049068
521	0.39309	0.52088	0.035355	0.05067
522	0.3841	0.52972	0.034534	0.051645
523	0.35655	0.5571	0.031973	0.054375
524	0.33834	0.57512	0.030325	0.056206
525	0.3273	0.58597	0.029373	0.057358
526	0.2995	0.61358	0.026806	0.060112
527	0.28304	0.62986	0.025273	0.06182
528	0.27316	0.63955	0.024387	0.062897
529	0.26831	0.6442	0.023992	0.063497
530	0.26783	0.64446	0.024027	0.06368
531	0.27296	0.63913	0.02457	0.063345
532	0.24459	0.66727	0.021979	0.066158
533	0.2276	0.68405	0.020418	0.06793
534	0.2169	0.69452	0.019469	0.069103
535	0.19078	0.72043	0.017021	0.071766
536	0.17318	0.73781	0.015401	0.073613
537	0.16176	0.74899	0.014379	0.074876
538	0.15501	0.75548	0.013807	0.075701
539	0.15206	0.75817	0.013601	0.076173
540	0.15262	0.75733	0.013742	0.076313
541	0.14407	0.76559	0.013038	0.077311
542	0.14049	0.76887	0.012779	0.077853
543	0.14117	0.76792	0.012911	0.077995
544	0.11067	0.79816	0.010033	0.081138
545	0.089878	0.81867	0.0080964	0.083351
546	0.075855	0.83241	0.0068106	0.084927
547	0.066614	0.84135	0.0059814	0.08606
548	0.061565	0.8461	0.0055288	0.086806
549	0.05964	0.84774	0.0053611	0.087258
550	0.059883	0.8472	0.0054086	0.087508
551	0.062328	0.84444	0.0056776	0.087549
552	0.068044	0.83843	0.0062562	0.087272
553	0.067241	0.83892	0.0062072	0.087634
554	0.068736	0.8371	0.0063928	0.087775
555	0.072743	0.83275	0.0068401	0.087668
556	0.079828	0.82531	0.0076166	0.087246
557	0.079816	0.82495	0.0076849	0.087546
558	0.08236	0.82203	0.0080263	0.087586
559	0.078084	0.82591	0.0076858	0.088322
560	0.077121	0.82649	0.0076645	0.088729
561	0.079281	0.82395	0.0079565	0.088813
562	0.07528	0.82756	0.0076206	0.089538
563	0.073796	0.82864	0.0075516	0.09001
564	0.075339	0.82671	0.0077914	0.090163
565	0.070505	0.83113	0.0073707	0.090991
566	0.068934	0.83231	0.007277	0.091482
567	0.069688	0.83114	0.0074448	0.091726
568	0.073551	0.82688	0.0079485	0.091624
569	0.08133	0.81871	0.0088864	0.091077
570	0.094675	0.80498	0.010447	0.089899
571	0.11641	0.78288	0.012944	0.087772
572	0.14786	0.75104	0.016616	0.084487
573	0.19789	0.70064	0.022395	0.079082
574	0.21922	0.67891	0.024979	0.076889
575	0.25402	0.64373	0.029106	0.073142
576	0.30445	0.59291	0.035164	0.067479
577	0.32755	0.56943	0.038016	0.065011
578	0.36223	0.53434	0.042318	0.061111
579	0.37546	0.52069	0.044148	0.059702
580	0.39885	0.4969	0.047175	0.057082
581	0.43409	0.46123	0.051734	0.05295
582	0.48553	0.40934	0.058424	0.046707
583	0.4869	0.40754	0.058948	0.046615
584	0.49473	0.39929	0.060223	0.045757
585	0.5088	0.38478	0.062317	0.0441
586	0.53098	0.36214	0.065503	0.041373
587	0.56424	0.3284	0.070211	0.037145
588	0.61803	0.27415	0.077553	0.030268
589	0.60424	0.28745	0.07656	0.031749
590	0.59639	0.29479	0.076262	0.032559
591	0.59349	0.29715	0.076571	0.032786
592	0.5952	0.29488	0.077482	0.032435
593	0.60323	0.28631	0.07918	0.03128
594	0.61933	0.26969	0.081937	0.029048
595	0.60674	0.28172	0.08123	0.030306
596	0.59982	0.28807	0.081185	0.030925
597	0.59786	0.28943	0.081764	0.030948
598	0.60174	0.28497	0.083056	0.030239
599	0.61238	0.27376	0.085245	0.028615
600	0.55144	0.32888	0.080542	0.03914
601	0.51273	0.36184	0.078357	0.04707
602	0.48843	0.38047	0.077924	0.053176
603	0.472	0.39109	0.078678	0.058232
604	0.46304	0.39431	0.080454	0.062195
605	0.46015	0.39153	0.083137	0.065181
606	0.46197	0.3839	0.086796	0.067333
607	0.4706	0.36953	0.091663	0.068206
608	0.486	0.34825	0.098107	0.06764
609	0.51083	0.3174	0.10685	0.064927
610	0.50249	0.31979	0.1091	0.06862
611	0.49984	0.31657	0.11246	0.071129
612	0.48653	0.32386	0.11341	0.076193
613	0.47964	0.32482	0.1157	0.07985
614	0.47699	0.32138	0.11916	0.082475
615	0.4786	0.31353	0.1239	0.08397
616	0.47061	0.31513	0.12629	0.087968
617	0.46695	0.31223	0.13002	0.090795
618	0.46872	0.30399	0.13521	0.092078
619	0.44136	0.32471	0.13159	0.10234
620	0.42423	0.33528	0.13065	0.10984
621	0.41422	0.33881	0.13168	0.11529
622	0.33998	0.40641	0.10974	0.14387
623	0.28908	0.45052	0.095015	0.16539
624	0.25705	0.47582	0.086016	0.18111
625	0.23711	0.4891	0.080874	0.19292
626	0.22368	0.49573	0.078056	0.20253
627	0.21509	0.49738	0.077045	0.21048
628	0.21133	0.49426	0.077754	0.21665
629	0.211	0.48757	0.07994	0.22149
630	0.21522	0.47639	0.083938	0.22446
631	0.22514	0.45957	0.090322	0.22497
632	0.22533	0.45233	0.092918	0.22942
633	0.22915	0.44132	0.097345	0.23218
634	0.20931	0.4538	0.090134	0.24675
635	0.19726	0.45857	0.086345	0.25783
636	0.19061	0.45799	0.085037	0.26636
637	0.18816	0.45329	0.085727	0.27282
638	0.1887	0.44545	0.088079	0.27778
639	0.19254	0.43415	0.092349	0.28097
640	0.20156	0.41773	0.099349	0.28136
641	0.21598	0.39577	0.10967	0.27859
642	0.23804	0.36599	0.12489	0.27108
643	0.23325	0.3629	0.1252	0.27864
644	0.21975	0.36836	0.11926	0.29263
645	0.21183	0.36831	0.11676	0.3031
646	0.20813	0.36411	0.11692	0.31084
647	0.20729	0.35689	0.11917	0.31665
648	0.21037	0.34582	0.12398	0.31983
649	0.21704	0.33099	0.13154	0.32043
650	0.23007	0.30988	0.14344	0.31662
651	0.24995	0.28174	0.16077	0.30754
652	0.24755	0.2824	0.16186	0.30818
653	0.24875	0.27949	0.16595	0.30581
654	0.25299	0.27349	0.17308	0.30045
655	0.26104	0.26361	0.18434	0.291
656	0.27558	0.24728	0.2024	0.27474
657	0.29734	0.22367	0.22886	0.25013
658	0.33267	0.18652	0.27019	0.21062
659	0.38444	0.13287	0.33114	0.15155
660	0.45898	0.056382	0.41988	0.06475
661	0.46668	0.046673	0.43294	0.053714
662	0.48049	0.030881	0.45299	0.035638
663	0.50367	0.0057564	0.48385	0.0067267
664	0.5049	0.0025086	0.48967	0.0029148
665	0.50452	0.00091801	0.4935	0.0010592
666	0.50343	7.6428e-05	0.4964	9.2352e-05
667	0.50136	0.0001334	0.49835	0.00015311
668	0.49938	0.00015297	0.50027	0.00019506
669	0.49677	0.00071192	0.50158	0.00092882
670	0.49374	0.0017396	0.50217	0.0023512
671	0.49148	0.0020434	0.50355	0.002931
672	0.48989	0.0017015	0.50563	0.0027763
673	0.48829	0.0033844	0.50388	0.0044474
674	0.48769	0.0040885	0.50313	0.0050924
675	0.48777	0.0040698	0.50323	0.0049312
676	0.48871	0.0032025	0.50425	0.0038374
677	0.48878	0.0031733	0.50434	0.0037066
678	0.48807	0.0039464	0.50352	0.0044675
679	0.48821	0.0038911	0.50353	0.0043648
680	0.48901	0.0031344	0.50436	0.0034937
681	0.49082	0.0013936	0.50621	0.0015788
682	0.49064	0.0015942	0.50599	0.0017779
683	0.49094	0.0012699	0.50638	0.0014107
684	0.49176	0.00037484	0.50744	0.00042123
685	0.49157	0.00041113	0.50757	0.00044324
686	0.49183	2.3722e-05	0.50812	2.57e-05
687	0.49167	7.2111e-06	0.50831	7.6284e-06
688	0.49143	3.498e-05	0.5085	3.6531e-05
689	0.49057	0.00069217	0.508	0.00073197
690	0.49015	0.00087801	0.50805	0.00092695
691	0.48932	0.0014211	0.50777	0.0014866
692	0.4891	0.0013757	0.50808	0.0014438
693	0.48935	0.00081949	0.50897	0.00085665
694	0.48932	0.00056827	0.50951	0.00059621
695	0.48903	0.00052969	0.50989	0.00055162
696	0.48923	2.8359e-05	0.51071	2.9291e-05
697	0.48898	1.2538e-06	0.51102	1.3277e-06
698	0.48863	2.4281e-05	0.51132	2.5773e-05
699	0.48821	7.4894e-05	0.51163	7.8795e-05
700	0.48755	0.00039212	0.51164	0.00041773
701	0.48671	0.00091347	0.51139	0.0009862
702	0.48641	0.00091303	0.51167	0.0010074
703	0.48432	0.0026644	0.51007	0.0029464
704	0.48301	0.0035891	0.50943	0.0039706
705	0.48235	0.0038115	0.50961	0.0042234
706	0.48234	0.0033472	0.51059	0.0037199
707	0.48301	0.002153	0.51243	0.0024037
708	0.48452	7.4133e-05	0.51532	8.4688e-05
709	0.47514	0.0089084	0.50612	0.0098332
710	0.4693	0.014222	0.50067	0.015806
711	0.46546	0.017497	0.49756	0.01948
712	0.45764	0.024773	0.48989	0.027697
713	0.45247	0.029351	0.48532	0.032858
714	0.44972	0.03154	0.4833	0.035448
715	0.44308	0.03763	0.47677	0.042515
716	0.42804	0.05208	0.46093	0.058947
717	0.4179	0.06159	0.45077	0.069737
718	0.39474	0.084064	0.4264	0.09479
719	0.38035	0.097804	0.41139	0.11046
720	0.3717	0.10581	0.40258	0.1199
721	0.36707	0.10984	0.39812	0.12497
722	0.36498	0.11127	0.39669	0.12706
723	0.36521	0.11034	0.398	0.12646
724	0.36847	0.1064	0.40257	0.12256
725	0.36674	0.1074	0.40174	0.12412
726	0.36722	0.10616	0.40355	0.12308
727	0.37003	0.10253	0.40818	0.11926
728	0.37652	0.095256	0.41689	0.11134
729	0.38688	0.084059	0.43034	0.098725
730	0.40255	0.06751	0.45036	0.079581
731	0.42817	0.04103	0.48188	0.048923
732	0.46586	0.0024386	0.52843	0.0032727
733	0.465	0.0023356	0.52947	0.0031989
734	0.4636	0.0027934	0.52973	0.0038734
735	0.46276	0.0026448	0.5308	0.0037874
736	0.46136	0.0030935	0.53102	0.0045275
737	0.46069	0.002826	0.53211	0.0043763
738	0.46082	0.0017925	0.53409	0.0032967
739	0.46088	0.0025868	0.53247	0.0040681
740	0.46168	0.0026728	0.53168	0.0039697
741	0.46186	0.0033948	0.53003	0.0047103
742	0.46105	0.0051469	0.5271	0.0067011
743	0.46109	0.0059857	0.52534	0.007582
744	0.46189	0.006023	0.5246	0.007494
745	0.46365	0.0051157	0.52492	0.0063063
746	0.46452	0.0051345	0.52408	0.0062604
747	0.4661	0.0043916	0.52421	0.005306
748	0.46689	0.0044617	0.52331	0.0053365
749	0.46835	0.00381	0.52332	0.0045174
750	0.47081	0.0021818	0.52441	0.0025972
751	0.47101	0.0027674	0.52299	0.0032327
752	0.47194	0.0026468	0.52233	0.0030822
753	0.47344	0.0019102	0.52242	0.002224
754	0.47563	0.00043639	0.52342	0.00051624
755	0.47581	0.00092406	0.52221	0.0010567
756	0.47639	0.00096139	0.52156	0.0010872
757	0.47428	0.0037116	0.51787	0.0041421
758	0.47323	0.0053587	0.51548	0.005934
759	0.47325	0.0059576	0.5142	0.0065903
760	0.47422	0.0056298	0.5139	0.0062488
761	0.47597	0.0044805	0.51455	0.0049938
762	0.47868	0.0023235	0.51638	0.0026167
763	0.47888	0.0026288	0.51556	0.0029402
764	0.47979	0.0022422	0.51545	0.0025208
765	0.4813	0.0012117	0.5161	0.0013871
766	0.48215	0.00079625	0.51612	0.00092773
767	0.47967	0.003668	0.51252	0.0041366
768	0.40875	0.074937	0.43367	0.08265
769	0.36402	0.12003	0.38328	0.13267
770	0.33309	0.15129	0.34884	0.16679
771	0.31397	0.17075	0.32713	0.18814
772	0.30255	0.18254	0.31378	0.20113
773	0.29537	0.19004	0.30534	0.20925
774	0.29156	0.19414	0.30075	0.21355
775	0.2912	0.19481	0.29974	0.21426
776	0.29342	0.19286	0.30161	0.21211
777	0.2985	0.18802	0.30665	0.20684
778	0.25529	0.23142	0.26078	0.25251
779	0.2282	0.25872	0.23164	0.28144
780	0.20964	0.27746	0.21193	0.30097
781	0.19851	0.28879	0.19989	0.31282
782	0.19147	0.29598	0.19236	0.32019
783	0.18836	0.29927	0.18883	0.32354
784	0.18782	0.29996	0.18811	0.32412
785	0.19049	0.29744	0.19062	0.32145
786	0.19614	0.29192	0.19635	0.3156
787	0.19574	0.29245	0.19569	0.31612
788	0.19862	0.28973	0.19831	0.31334
789	0.20443	0.28404	0.20408	0.30745
790	0.21515	0.27346	0.21471	0.29668
791	0.23127	0.25745	0.23106	0.28023
792	0.23701	0.25177	0.2369	0.27432
793	0.2465	0.24232	0.24681	0.26437
794	0.26098	0.22784	0.2622	0.24898
795	0.28266	0.20613	0.28556	0.22565
796	0.31743	0.17134	0.32256	0.18867
797	0.33227	0.15645	0.33865	0.17264
798	0.3374	0.15123	0.34448	0.16689
799	0.34605	0.14245	0.35434	0.15716
800	0.36092	0.12747	0.37082	0.1408
801	0.38516	0.10314	0.3972	0.1145
802	0.3953	0.092869	0.40858	0.10325
803	0.41224	0.075819	0.42716	0.084782
804	0.43699	0.050913	0.45466	0.057434
805	0.47284	0.01487	0.49497	0.017315
806	0.47792	0.0096215	0.50091	0.011542
807	0.48017	0.0072255	0.50364	0.0089624
808	0.48091	0.0063524	0.50465	0.0080872
809	0.48288	0.0042742	0.50693	0.0059155
810	0.48345	0.0035414	0.50777	0.0052374
811	0.45961	0.027253	0.47346	0.039684
812	0.44478	0.041974	0.45176	0.061494
813	0.43487	0.051723	0.43742	0.075987
814	0.4123	0.074098	0.40508	0.10852
815	0.39687	0.089296	0.3832	0.13064
816	0.38653	0.099354	0.36865	0.14547
817	0.38004	0.10553	0.35951	0.15492
818	0.37711	0.10816	0.35485	0.15988
819	0.37658	0.10835	0.35331	0.16176
820	0.37897	0.10564	0.355	0.16039
821	0.38401	0.10024	0.35969	0.15606
822	0.39251	0.091341	0.36814	0.14801
823	0.3963	0.08923	0.37216	0.14232
824	0.4035	0.083735	0.38069	0.13207
825	0.4144	0.074475	0.39473	0.11639
826	0.41948	0.071073	0.39979	0.10966
827	0.42823	0.064021	0.40965	0.098099
828	0.44114	0.052756	0.42548	0.080622
829	0.44106	0.054416	0.42354	0.080982
830	0.44283	0.05417	0.42394	0.079065
831	0.44653	0.051926	0.4269	0.074639
832	0.45255	0.04731	0.43305	0.067093
833	0.46244	0.038851	0.44413	0.054585
834	0.47683	0.025829	0.4615	0.035834
835	0.49947	0.0045925	0.48959	0.0063455
836	0.50126	0.0041493	0.48909	0.0055031
837	0.50405	0.002728	0.48968	0.0035352
838	0.50604	0.0021523	0.4891	0.0027062
839	0.50749	0.0021364	0.48779	0.0025752
840	0.50949	0.0015257	0.48718	0.0018089
841	0.50968	0.0026505	0.4848	0.0028709
842	0.50837	0.0052212	0.4811	0.0053016
843	0.50815	0.0066518	0.47861	0.0065944
844	0.50904	0.0069878	0.47711	0.0068551
845	0.51101	0.0062891	0.47656	0.0061472
846	0.51389	0.0046204	0.47699	0.0045018
847	0.5155	0.0041596	0.47633	0.0040116
848	0.51813	0.0027054	0.47656	0.0026061
849	0.52179	0.0001704	0.47787	0.00016697
850	0.52291	0.00011541	0.47686	0.00011208
851	0.52362	0.00039981	0.4756	0.00037376
852	0.52467	0.00029207	0.47477	0.00027118
853	0.5257	0.00023367	0.47385	0.00022072
854	0.52605	0.00079977	0.47241	0.00074812
855	0.52208	0.0057132	0.46685	0.005359
856	0.51194	0.016746	0.45579	0.01553
857	0.50616	0.023443	0.44868	0.021719
858	0.50285	0.027618	0.44405	0.025482
859	0.50185	0.02951	0.44145	0.027189
860	0.50241	0.029794	0.4404	0.027397
861	0.50451	0.028496	0.44084	0.026153
862	0.49766	0.03616	0.43317	0.033009
863	0.49359	0.041001	0.42818	0.037222
864	0.49222	0.043175	0.42552	0.03909
865	0.48598	0.050165	0.4187	0.045153
866	0.48246	0.054388	0.41447	0.048683
867	0.48112	0.056381	0.41229	0.050203
868	0.48173	0.056392	0.41193	0.049948
869	0.48486	0.053893	0.4137	0.047548
870	0.49108	0.048338	0.41803	0.042551
871	0.50158	0.038525	0.42592	0.033974
872	0.5169	0.023846	0.43816	0.021097
873	0.53927	0.0020662	0.45679	0.0018698
874	0.54053	0.0013606	0.45688	0.0012339
875	0.54026	0.0021989	0.45557	0.0019669
876	0.54059	0.0023905	0.45489	0.0021292
877	0.54014	0.0033251	0.45361	0.0029237
878	0.54037	0.0035286	0.45302	0.0030794
879	0.54147	0.0028943	0.4531	0.0025342
880	0.54194	0.0029117	0.45259	0.0025619
881	0.54304	0.0022515	0.45271	0.0020031
882	0.54486	0.0008245	0.45354	0.00078049
883	0.54591	0.00011994	0.45379	0.00017957
884	0.54426	0.0044882	0.44718	0.0040695
885	0.54413	0.0072385	0.4422	0.0064356
886	0.54026	0.013636	0.43426	0.011842
887	0.53857	0.017776	0.42846	0.015196
888	0.53855	0.020165	0.42427	0.017015
889	0.5193	0.041692	0.4049	0.034108
890	0.50667	0.05653	0.39136	0.045438
891	0.49879	0.066543	0.38195	0.052715
892	0.47968	0.08783	0.36388	0.068614
893	0.43783	0.13189	0.32837	0.10192
894	0.40958	0.16228	0.30423	0.12391
895	0.39265	0.18138	0.28872	0.13725
896	0.382	0.19414	0.27837	0.14549
897	0.37696	0.20132	0.27216	0.14956
898	0.37621	0.20424	0.26904	0.15051
899	0.37847	0.20409	0.26828	0.14916
900	0.38399	0.20062	0.27	0.1454
901	0.39341	0.19318	0.27463	0.13879
902	0.40935	0.17925	0.28364	0.12777
903	0.43496	0.15568	0.29903	0.11033
904	0.44627	0.14635	0.30448	0.1029
905	0.46299	0.13154	0.3138	0.091666
906	0.48969	0.10679	0.32964	0.073875
907	0.50193	0.096433	0.33555	0.066086
908	0.52158	0.078699	0.34622	0.053495
909	0.54974	0.05239	0.36277	0.035097
910	0.55356	0.050353	0.36275	0.033338
911	0.55972	0.045913	0.36442	0.029946
912	0.56885	0.038439	0.36822	0.024482
913	0.56727	0.041618	0.36508	0.026028
914	0.5677	0.042715	0.36335	0.026236
915	0.57052	0.041458	0.36303	0.024986
916	0.57605	0.037535	0.36435	0.022066
917	0.58436	0.030757	0.36762	0.017263
918	0.59752	0.019161	0.37389	0.0094267
919	0.59183	0.023578	0.37217	0.012419
920	0.58812	0.025964	0.37178	0.014133
921	0.58648	0.026306	0.37258	0.01463
922	0.58154	0.029896	0.37145	0.017115
923	0.57899	0.031123	0.37173	0.018157
924	0.57854	0.030285	0.37323	0.017945
925	0.57527	0.032293	0.37289	0.019548
926	0.57371	0.032534	0.37376	0.019992
927	0.56897	0.035901	0.37269	0.022439
928	0.56669	0.036842	0.37312	0.023344
929	0.56614	0.036	0.3748	0.023058
930	0.5674	0.033286	0.3778	0.021517
931	0.57151	0.027752	0.38257	0.018165
932	0.5786	0.019177	0.38949	0.012733
933	0.58993	0.0063051	0.39946	0.0043023
934	0.58755	0.0070832	0.40049	0.0048832
935	0.58324	0.0097191	0.4003	0.0067385
936	0.57592	0.015407	0.39789	0.010787
937	0.57125	0.018473	0.39721	0.01307
938	0.56815	0.019909	0.39775	0.014194
939	0.56213	0.024307	0.39607	0.017492
940	0.55854	0.026298	0.39604	0.01912
941	0.55651	0.026672	0.39725	0.019563
942	0.55601	0.025457	0.39971	0.018824
943	0.5528	0.026878	0.40035	0.019977
944	0.55153	0.026394	0.40231	0.019769
945	0.55227	0.023937	0.40567	0.018122
946	0.55494	0.019485	0.41066	0.014917
947	0.56004	0.012531	0.41772	0.0097063
948	0.56846	0.0021944	0.42764	0.0017112
949	0.56798	0.00078732	0.4306	0.00062923
950	0.56596	0.00085287	0.4325	0.00068274
951	0.56437	0.00041988	0.43487	0.0003411
952	0.56249	0.00019352	0.43716	0.00015965
953	0.56006	0.00043741	0.43914	0.00035595
954	0.55797	0.00026798	0.44154	0.00022151
955	0.55518	0.00072176	0.44351	0.00059137
956	0.55278	0.00070277	0.44594	0.00057831
957	0.54524	0.0057322	0.44438	0.00465
958	0.53995	0.008561	0.44445	0.007032
959	0.5359	0.010065	0.4457	0.0083326
960	0.53289	0.010438	0.44798	0.0086904
961	0.52812	0.012657	0.44859	0.010634
962	0.52494	0.013335	0.4504	0.011325
963	0.52316	0.012649	0.45331	0.010874
964	0.52291	0.01049	0.45744	0.0091598
965	0.52406	0.0068415	0.46303	0.0060702
966	0.52706	0.0012508	0.47055	0.0011339
967	0.5251	0.00053732	0.47387	0.00049211
968	0.52226	0.0007531	0.47629	0.00069907
969	0.51977	0.00052093	0.47922	0.00048846
970	0.517	0.00047411	0.48208	0.00044349
971	0.5133	0.0014105	0.48396	0.0013283
972	0.51012	0.0017363	0.48651	0.0016405
973	0.50341	0.0056618	0.4855	0.005424
974	0.49856	0.0077865	0.48609	0.0075698
975	0.49507	0.0085958	0.48785	0.0084826
976	0.49274	0.008291	0.49064	0.0083201
977	0.49129	0.0070212	0.49453	0.0071579
978	0.49086	0.0046308	0.49971	0.0047947
979	0.49176	0.00080949	0.50659	0.00084291
980	0.48862	0.0010822	0.50916	0.0011376
981	0.48606	0.00082951	0.51222	0.00089109
982	0.48232	0.001804	0.51389	0.0019837
983	0.47911	0.0021503	0.51634	0.002397
984	0.47637	0.0019298	0.51952	0.0021812
985	0.47411	0.0011241	0.52348	0.0012907
986	0.47124	0.00082517	0.52698	0.00095316
987	0.46818	0.0007691	0.53015	0.00089926
988	0.46544	0.0002879	0.53393	0.00034254
989	0.46239	1.5879e-05	0.53757	1.9195e-05
990	0.45873	0.00024358	0.54074	0.00028763
991	0.4548	0.00062902	0.54383	0.0007436
992	0.45137	0.00057116	0.54737	0.00068355
993	0.44845	6.882e-05	0.5514	8.4188e-05
994	0.44496	0.00019291	0.5546	0.00024593
995	0.4413	0.00037847	0.55783	0.00048961
996	0.43785	0.00023212	0.56161	0.00030623
997	0.43422	0.00015665	0.56542	0.000209
998	0.42928	0.0014402	0.56733	0.001946
999	0.42488	0.0020691	0.57022	0.0028273
1000	0.40412	0.019118	0.55019	0.026569
1001	0.38903	0.030376	0.53792	0.042674
1002	0.37869	0.03695	0.5316	0.052762
1003	0.37153	0.040401	0.52936	0.058705
1004	0.36618	0.041927	0.52998	0.061918
1005	0.36278	0.041558	0.53321	0.062454
1006	0.36078	0.039666	0.53891	0.060645
1007	0.36034	0.036088	0.54746	0.056106
1008	0.36185	0.030434	0.55968	0.048028
1009	0.3669	0.021309	0.5776	0.034191
1010	0.37722	0.0069767	0.60419	0.011608
1011	0.37485	0.0052155	0.61106	0.0088778
1012	0.37143	0.0045602	0.61606	0.0079517
1013	0.36699	0.0047926	0.61971	0.0085057
1014	0.36175	0.0058974	0.62169	0.010659
1015	0.35508	0.0085052	0.62072	0.015694
1016	0.34946	0.0099216	0.62197	0.018646
1017	0.34464	0.010399	0.62505	0.019912
1018	0.3405	0.010055	0.62981	0.019631
1019	0.33526	0.010884	0.6322	0.021654
1020	0.33074	0.010855	0.63638	0.022024
1021	0.32688	0.010018	0.64236	0.020742
1022	0.32414	0.008125	0.65046	0.017268
1023	0.32233	0.0051643	0.66118	0.011321
1024	0.31862	0.0039519	0.66854	0.0088855
1025	0.31552	0.0019816	0.67791	0.0045896
1026	0.31112	0.0011438	0.68503	0.0027096
1027	0.30536	0.001504	0.68958	0.0035563
1028	0.30012	0.0014259	0.69502	0.0034352
1029	0.29507	0.00097959	0.70155	0.0023969
