#coord	neutral	conserved	gBGC.neutral	gBGC.conserved
1	0.69909	0.1599	0.1147	0.026312
2	0.70702	0.15263	0.11538	0.024975
3	0.7204	0.13989	0.11695	0.02275
4	0.74303	0.11793	0.11999	0.019059
5	0.77961	0.082003	0.12521	0.013176
6	0.83778	0.024505	0.13378	0.0039403
7	0.84559	0.017354	0.13428	0.0027804
8	0.85741	0.0061881	0.13541	0.00098963
9	0.86314	0.0010943	0.13559	0.00017505
10	0.8644	0.00047596	0.13505	7.5902e-05
11	0.86461	0.00088295	0.13437	0.00013885
12	0.86551	0.00060509	0.13379	9.4409e-05
13	0.86627	0.00046791	0.13319	7.2872e-05
14	0.8669	0.00045109	0.13258	7.0014e-05
15	0.86741	0.00054058	0.13196	8.347e-05
16	0.86776	0.00078923	0.13133	0.00012101
17	0.86786	0.0012926	0.13065	0.00019776
18	0.86731	0.0024381	0.12988	0.00037075
19	0.86519	0.005138	0.12889	0.00077487
20	0.86017	0.010759	0.12746	0.0016153
21	0.85745	0.014056	0.12639	0.002098
22	0.8569	0.015194	0.12564	0.0022586
23	0.85794	0.014735	0.12514	0.0021811
24	0.86069	0.012567	0.12489	0.0018527
25	0.86544	0.0083783	0.12495	0.0012306
26	0.87272	0.0016565	0.12538	0.0002429
27	0.87419	0.00073442	0.12497	0.00010677
28	0.87433	0.0011467	0.12435	0.00016484
29	0.8752	0.00082573	0.12385	0.00011767
30	0.87585	0.00072623	0.12332	0.00010296
31	0.87634	0.00079519	0.12275	0.00011264
32	0.87655	0.0011419	0.12215	0.00016098
33	0.87626	0.0019875	0.12147	0.0002796
34	0.87486	0.0039366	0.12066	0.00055033
35	0.87482	0.0045256	0.12002	0.00063129
36	0.87586	0.0040361	0.11954	0.00056223
37	0.87276	0.0076838	0.11849	0.0010664
38	0.87136	0.0096292	0.11768	0.00133
39	0.87144	0.010092	0.11709	0.0013878
40	0.8693	0.012758	0.1162	0.001742
41	0.86883	0.013749	0.11556	0.001866
42	0.86994	0.013152	0.11513	0.0017749
43	0.87272	0.010879	0.11494	0.0014598
44	0.87357	0.010542	0.11448	0.0014066
45	0.87241	0.012207	0.11377	0.0016154
46	0.87281	0.012308	0.11327	0.0016165
47	0.87505	0.010572	0.113	0.0013803
48	0.87949	0.006632	0.11301	0.00086315
49	0.88153	0.0051013	0.11271	0.00066015
50	0.87911	0.0080079	0.11185	0.0010247
51	0.87853	0.0090904	0.11122	0.001156
52	0.87551	0.012599	0.1103	0.0015893
53	0.86763	0.02097	0.10878	0.0026201
54	0.86353	0.025556	0.10774	0.0031744
55	0.86227	0.027316	0.10704	0.0033758
56	0.86347	0.026617	0.10664	0.0032737
57	0.86678	0.023806	0.10651	0.002911
58	0.86718	0.023898	0.10601	0.0029077
59	0.86998	0.021604	0.1058	0.0026167
60	0.87567	0.016432	0.10592	0.0019845
61	0.87771	0.014898	0.10561	0.0017915
62	0.88169	0.011412	0.10554	0.0013648
63	0.88869	0.0049136	0.10581	0.00058655
64	0.8894	0.0047001	0.10534	0.00055818
65	0.89146	0.0031351	0.10503	0.00037166
66	0.88523	0.0098601	0.10375	0.0011611
67	0.88204	0.013549	0.10282	0.001589
68	0.88075	0.015337	0.10213	0.0017889
69	0.82178	0.074793	0.0948	0.0086303
70	0.78497	0.11209	0.090065	0.012875
71	0.76247	0.13508	0.086997	0.015447
72	0.74946	0.14859	0.085027	0.016916
73	0.71755	0.181	0.080946	0.020503
74	0.65044	0.24861	0.0729	0.02805
75	0.60423	0.29531	0.06732	0.033137
76	0.57321	0.32682	0.063512	0.036456
77	0.55493	0.34559	0.061138	0.038339
78	0.54384	0.35717	0.05959	0.0394
79	0.53977	0.36173	0.058813	0.039686
80	0.54072	0.36127	0.058598	0.039415
81	0.54678	0.35568	0.058949	0.038584
82	0.54219	0.36075	0.058156	0.038902
83	0.54376	0.35966	0.058019	0.03856
84	0.55051	0.35338	0.058445	0.037661
85	0.56495	0.33942	0.059671	0.035956
86	0.5901	0.31475	0.062001	0.033144
87	0.63121	0.27413	0.06596	0.028698
88	0.64815	0.25767	0.067368	0.026809
89	0.67681	0.2295	0.069959	0.023732
90	0.72315	0.18365	0.074319	0.018882
91	0.79695	0.11035	0.081396	0.011309
92	0.80503	0.10276	0.081745	0.010471
93	0.81969	0.088588	0.082738	0.0089839
94	0.84197	0.066794	0.084495	0.0067391
95	0.85145	0.057803	0.084957	0.0057955
96	0.86757	0.042162	0.08606	0.0042048
97	0.89161	0.018601	0.087947	0.0018385
98	0.90359	0.0071077	0.088603	0.0006961
99	0.90969	0.0015038	0.088663	0.00014552
100	0.90952	0.0021693	0.088103	0.00020875
101	0.91036	0.0018291	0.087636	0.00017499
102	0.91229	0.00040866	0.087264	3.9117e-05
103	0.91191	0.0012883	0.08668	0.00012283
104	0.91244	0.0012672	0.086176	0.00012064
105	0.91375	0.00045351	0.085754	4.3548e-05
106	0.90811	0.0065879	0.084679	0.00062559
107	0.89486	0.020319	0.082906	0.0019117
108	0.88642	0.029247	0.081607	0.0027301
109	0.82352	0.092628	0.075262	0.0085894
110	0.78021	0.13642	0.070818	0.012554
111	0.75111	0.16599	0.067738	0.01516
112	0.73386	0.18372	0.065749	0.016671
113	0.72328	0.19477	0.064389	0.017557
114	0.71807	0.20045	0.063531	0.017948
115	0.71746	0.20152	0.063094	0.017922
116	0.72232	0.19713	0.063132	0.017418
117	0.73362	0.1863	0.063718	0.01636
118	0.75161	0.16877	0.064888	0.014725
119	0.78153	0.13932	0.067057	0.012085
120	0.82969	0.091642	0.070738	0.0079282
121	0.85121	0.070596	0.072117	0.0060802
122	0.86026	0.062008	0.072425	0.0053087
123	0.87453	0.048191	0.073177	0.0040988
124	0.89791	0.025281	0.074669	0.0021437
125	0.90816	0.015489	0.075049	0.001307
126	0.92355	0.00054662	0.075859	4.6105e-05
127	0.9239	0.00065143	0.075394	5.4504e-05
128	0.92247	0.0025309	0.074791	0.00020855
129	0.91919	0.0062676	0.07403	0.00051373
130	0.91194	0.01398	0.072943	0.0011414
131	0.9076	0.018771	0.072107	0.0015224
132	0.90561	0.021211	0.071472	0.0017088
133	0.90562	0.021641	0.071006	0.001732
134	0.90795	0.019756	0.070716	0.0015743
135	0.91246	0.015693	0.070601	0.001247
136	0.91388	0.014711	0.070249	0.0011626
137	0.91318	0.015854	0.069725	0.0012451
138	0.91415	0.015311	0.069338	0.001196
139	0.91249	0.01741	0.068755	0.0013487
140	0.91262	0.017703	0.068317	0.0013615
141	0.91452	0.016225	0.068019	0.0012396
142	0.91838	0.012776	0.067874	0.00097018
143	0.91949	0.012071	0.067526	0.0009087
144	0.9223	0.0096659	0.06731	0.00072095
145	0.92319	0.0091913	0.066943	0.00067924
146	0.92587	0.0069226	0.0667	0.00050822
147	0.93043	0.0027687	0.066598	0.00020147
148	0.93089	0.0027271	0.06619	0.0001965
149	0.93043	0.0035918	0.065723	0.00025553
150	0.92871	0.0057277	0.065162	0.00040354
151	0.92855	0.0063012	0.064707	0.00044111
152	0.92964	0.0056229	0.064345	0.00039065
153	0.93232	0.0033572	0.064087	0.00023217
154	0.93357	0.0025207	0.063734	0.00017306
155	0.93413	0.0023781	0.063328	0.00016238
156	0.93565	0.0012756	0.062992	8.6625e-05
157	0.93651	0.00081561	0.062617	5.487e-05
158	0.93715	0.0005913	0.062221	3.9579e-05
159	0.92222	0.015923	0.060802	0.0010517
160	0.88663	0.051924	0.058029	0.0034131
161	0.86274	0.076228	0.056066	0.0049697
162	0.80549	0.13387	0.051994	0.0086409
163	0.76669	0.17307	0.049167	0.01107
164	0.74307	0.19709	0.047325	0.012511
165	0.72959	0.21098	0.046134	0.013297
166	0.69786	0.24312	0.043801	0.01522
167	0.67679	0.2646	0.042173	0.016442
168	0.6653	0.27649	0.041149	0.017056
169	0.65956	0.28264	0.040496	0.017303
170	0.65999	0.28262	0.040217	0.017172
171	0.65013	0.29289	0.039309	0.017665
172	0.64579	0.29765	0.03875	0.017815
173	0.64759	0.29626	0.038554	0.017596
174	0.65586	0.28841	0.038731	0.017
175	0.67043	0.27426	0.039276	0.016041
176	0.69576	0.24934	0.040424	0.014475
177	0.70483	0.24069	0.040622	0.013862
178	0.70382	0.24212	0.04023	0.013835
179	0.70744	0.23891	0.040109	0.013541
180	0.71633	0.23043	0.040289	0.01295
181	0.73335	0.21383	0.040908	0.011917
182	0.76203	0.18556	0.042147	0.010259
183	0.77345	0.17457	0.042408	0.0095744
184	0.79371	0.15474	0.043128	0.0084261
185	0.8239	0.12497	0.044372	0.0067586
186	0.83636	0.11293	0.044653	0.0060583
187	0.80391	0.14581	0.042528	0.0077605
188	0.78247	0.16766	0.041025	0.0088439
189	0.77042	0.18014	0.040025	0.0094203
190	0.76404	0.18694	0.039338	0.0096882
191	0.76334	0.18805	0.038943	0.0096604
192	0.76713	0.18469	0.038781	0.0094024
193	0.77587	0.17636	0.038874	0.008895
194	0.79237	0.16028	0.039338	0.0080115
195	0.82006	0.13302	0.040332	0.0065949
196	0.83222	0.12129	0.040535	0.0059638
197	0.85133	0.10259	0.041071	0.005004
198	0.88007	0.07427	0.042062	0.0035943
199	0.89262	0.062142	0.042262	0.0029794
200	0.91355	0.041629	0.042841	0.0019821
201	0.94417	0.011423	0.043864	0.00054445
202	0.94398	0.012017	0.043431	0.00056672
203	0.94535	0.011061	0.043076	0.00051653
204	0.94843	0.0083749	0.042803	0.00038757
205	0.95356	0.0036423	0.042627	0.0001672
206	0.95379	0.0038063	0.042229	0.00017199
207	0.95529	0.0027106	0.041883	0.00012126
208	0.95801	0.00037727	0.041594	1.6774e-05
209	0.95868	9.4233e-05	0.041219	4.1399e-06
210	0.95622	0.0029465	0.040703	0.00012702
211	0.95064	0.0089158	0.040062	0.00037943
212	0.94749	0.012451	0.039533	0.0005237
213	0.94627	0.014048	0.039093	0.00058409
214	0.94677	0.013932	0.038728	0.00057233
215	0.94931	0.011766	0.038442	0.0004779
216	0.95393	0.0075222	0.038243	0.00030072
217	0.95274	0.0090886	0.037814	0.00035769
218	0.95326	0.0089414	0.037448	0.00034684
219	0.95523	0.0073427	0.037143	0.00027926
220	0.95548	0.0074668	0.036775	0.00027844
221	0.95706	0.0062496	0.036462	0.00022633
222	0.95725	0.0064259	0.036101	0.00022625
223	0.94952	0.014514	0.035461	0.0005005
224	0.94543	0.018974	0.034948	0.00064399
225	0.94366	0.021112	0.034523	0.00070311
226	0.93748	0.027655	0.033959	0.00090481
227	0.93477	0.030731	0.03351	0.00098727
228	0.93488	0.030995	0.033153	0.00097402
229	0.91819	0.048055	0.032261	0.0014905
230	0.87931	0.08731	0.030712	0.0026684
231	0.85323	0.11376	0.02959	0.0034226
232	0.83782	0.12954	0.028802	0.0038379
233	0.82845	0.13927	0.028214	0.0040575
234	0.82399	0.1441	0.027786	0.0041207
235	0.82365	0.14481	0.027491	0.0040539
236	0.82836	0.14046	0.027348	0.0038302
237	0.83776	0.13143	0.027356	0.00346
238	0.82587	0.14368	0.02674	0.0037086
239	0.81929	0.15062	0.026281	0.0038041
240	0.81815	0.15214	0.025971	0.0037467
241	0.82211	0.14855	0.025803	0.0035433
242	0.83067	0.14035	0.025771	0.0032059
243	0.84515	0.12624	0.025916	0.0026958
244	0.7407	0.23036	0.022893	0.0060434
245	0.67502	0.29572	0.021027	0.0082298
246	0.62982	0.3406	0.019788	0.0097917
247	0.60219	0.36791	0.019084	0.010815
248	0.5842	0.38558	0.018682	0.011538
249	0.54031	0.42915	0.017419	0.013125
250	0.51357	0.45557	0.016693	0.014172
251	0.49623	0.47258	0.016271	0.014918
252	0.48624	0.48225	0.016088	0.015426
253	0.48339	0.48477	0.016134	0.015702
254	0.48574	0.4821	0.016355	0.015805
255	0.4936	0.47392	0.016764	0.015722
256	0.50827	0.45891	0.01741	0.015405
257	0.53152	0.43533	0.018359	0.014788
258	0.56644	0.40008	0.019727	0.013754
259	0.57969	0.38649	0.020381	0.013436
260	0.60138	0.36446	0.021346	0.012811
261	0.63769	0.32782	0.022834	0.011657
262	0.69086	0.27431	0.02496	0.0098701
263	0.76795	0.19688	0.028001	0.0071703
264	0.89025	0.07424	0.032731	0.0027772
265	0.89228	0.071878	0.033118	0.002723
266	0.87368	0.09014	0.032722	0.0034556
267	0.86176	0.10172	0.032577	0.0039402
268	0.83308	0.13006	0.031775	0.0050846
269	0.81413	0.14866	0.031342	0.0058644
270	0.80226	0.16019	0.03118	0.0063761
271	0.77266	0.18943	0.030313	0.0075972
272	0.70476	0.25697	0.027904	0.010362
273	0.66233	0.29905	0.026459	0.012161
274	0.63394	0.32708	0.025562	0.013413
275	0.61745	0.34322	0.025125	0.014203
276	0.60938	0.35095	0.025019	0.014658
277	0.6067	0.35327	0.025138	0.014891
278	0.59258	0.36704	0.024766	0.015611
279	0.58505	0.37423	0.024669	0.016058
280	0.5087	0.45022	0.021596	0.019479
281	0.45595	0.50263	0.019503	0.021922
282	0.41981	0.53841	0.018105	0.023673
283	0.39552	0.56235	0.017206	0.024927
284	0.38176	0.57576	0.016748	0.025737
285	0.37439	0.58277	0.01657	0.02627
286	0.37354	0.58327	0.016675	0.026516
287	0.37905	0.57741	0.017064	0.026475
288	0.39212	0.564	0.017798	0.026086
289	0.41555	0.54023	0.019011	0.025214
290	0.45101	0.50442	0.020807	0.023763
291	0.50286	0.45223	0.023407	0.02151
292	0.50433	0.45041	0.023659	0.021601
293	0.51272	0.44168	0.024236	0.021363
294	0.52776	0.4263	0.025144	0.020798
295	0.52934	0.42438	0.025417	0.02087
296	0.53628	0.41708	0.02596	0.020676
297	0.54977	0.40324	0.026837	0.020151
298	0.57395	0.37871	0.028251	0.019085
299	0.61062	0.34169	0.030322	0.017365
300	0.66429	0.28767	0.033299	0.014743
301	0.68707	0.26453	0.03474	0.013659
302	0.72491	0.22634	0.036972	0.011782
303	0.78019	0.17069	0.04016	0.0089515
304	0.80621	0.14432	0.041836	0.0076288
305	0.84466	0.10552	0.044205	0.0056172
306	0.90628	0.043542	0.047832	0.0023435
307	0.91371	0.035754	0.048594	0.0019385
308	0.92573	0.023371	0.04962	0.0012742
309	0.94576	0.002986	0.051088	0.00016348
310	0.9482	0.0002002	0.051594	1.1071e-05
311	0.94783	0.00021224	0.05195	1.1692e-05
312	0.94755	0.00013206	0.052307	7.3662e-06
313	0.92725	0.020081	0.051549	0.0011221
314	0.91479	0.032189	0.051209	0.0018141
315	0.90671	0.039913	0.051115	0.0022645
316	0.90198	0.044282	0.051212	0.0025281
317	0.90061	0.045293	0.051492	0.0026041
318	0.90186	0.043688	0.051928	0.0025285
319	0.8872	0.057987	0.051436	0.0033773
320	0.87775	0.06708	0.051243	0.00393
321	0.87311	0.071358	0.051321	0.0042088
322	0.72138	0.22273	0.042716	0.013173
323	0.62565	0.31811	0.037295	0.018951
324	0.56014	0.38325	0.033633	0.022972
325	0.51934	0.4237	0.031394	0.025568
326	0.49457	0.44812	0.030088	0.027226
327	0.48054	0.4618	0.029415	0.028248
328	0.47285	0.46913	0.029129	0.028885
329	0.44821	0.49342	0.027796	0.030574
330	0.43258	0.50869	0.027012	0.031716
331	0.39589	0.54502	0.02489	0.034192
332	0.37374	0.56682	0.023648	0.035786
333	0.3614	0.57882	0.023006	0.036777
334	0.35489	0.58498	0.022734	0.0374
335	0.35465	0.58487	0.022856	0.037625
336	0.36064	0.57854	0.023376	0.037449
337	0.3726	0.56623	0.024296	0.036877
338	0.39433	0.54415	0.025857	0.035659
339	0.43041	0.50774	0.028367	0.03349
340	0.48375	0.45405	0.03206	0.030141
341	0.56871	0.36875	0.037874	0.024666
342	0.69259	0.24453	0.046389	0.016496
343	0.75248	0.1843	0.050674	0.012551
344	0.77796	0.15848	0.052694	0.010874
345	0.78881	0.14728	0.053729	0.010179
346	0.79105	0.1447	0.054175	0.010068
347	0.79771	0.13771	0.054935	0.0096478
348	0.80976	0.12532	0.056084	0.0088431
349	0.82893	0.10579	0.057753	0.0075233
350	0.82557	0.10881	0.057837	0.0077835
351	0.82588	0.10815	0.058187	0.0077825
352	0.82993	0.10375	0.058813	0.00751
353	0.83834	0.094975	0.059765	0.006916
354	0.85375	0.079211	0.061224	0.0058105
355	0.8496	0.083011	0.061262	0.0061219
356	0.84874	0.083522	0.061545	0.0061932
357	0.85108	0.080821	0.062071	0.0060258
358	0.84805	0.083501	0.062193	0.0062576
359	0.84832	0.082868	0.062566	0.0062427
360	0.85198	0.078843	0.063202	0.0059702
361	0.86053	0.06994	0.064203	0.0053283
362	0.87427	0.055835	0.065617	0.0042786
363	0.89507	0.03467	0.067595	0.0026682
364	0.90455	0.024823	0.068707	0.0019208
365	0.90801	0.020999	0.069365	0.0016311
366	0.91498	0.013661	0.070295	0.001066
367	0.91792	0.010358	0.070907	0.00081284
368	0.92323	0.0046864	0.071716	0.00036898
369	0.92566	0.0018922	0.072295	0.00014988
370	0.92512	0.0020841	0.072634	0.00016583
371	0.9238	0.0030389	0.072917	0.00024224
372	0.92132	0.0051608	0.073102	0.00041335
373	0.92015	0.0059748	0.073395	0.00048065
374	0.92039	0.005378	0.073795	0.00043578
375	0.9219	0.0035095	0.074304	0.00028679
376	0.92205	0.0029938	0.074711	0.00024604
377	0.92327	0.0014002	0.075212	0.00011589
378	0.92365	0.00064673	0.07565	5.373e-05
379	0.92269	0.0012207	0.075985	0.00010089
380	0.92121	0.0023256	0.076269	0.00019287
381	0.91828	0.0048712	0.07644	0.00040465
382	0.91696	0.0058144	0.076737	0.00048559
383	0.91705	0.0053584	0.077144	0.00045036
384	0.91837	0.0036612	0.077664	0.00030896
385	0.9215	0.00015745	0.078332	1.3505e-05
386	0.92071	0.00056336	0.078675	4.8637e-05
387	0.92058	0.00031274	0.079081	2.7353e-05
388	0.91772	0.0027779	0.079255	0.00024277
389	0.91612	0.0039908	0.079543	0.00035025
390	0.91559	0.0041137	0.079931	0.00036266
391	0.91405	0.0052604	0.080223	0.00046633
392	0.91369	0.0052139	0.080627	0.00046456
393	0.91474	0.0037736	0.081148	0.00033941
394	0.91458	0.003527	0.081571	0.00031933
395	0.90939	0.0083206	0.08153	0.0007571
396	0.89794	0.019367	0.080923	0.0017668
397	0.89118	0.025732	0.080726	0.0023617
398	0.88727	0.029236	0.080795	0.0026972
399	0.88566	0.030441	0.081079	0.0028223
400	0.88623	0.02945	0.081573	0.0027434
401	0.88913	0.026129	0.082293	0.0024442
402	0.89547	0.01938	0.083331	0.001822
403	0.8977	0.016738	0.083981	0.0015825
404	0.90218	0.011835	0.084856	0.0011244
405	0.90375	0.0098624	0.08545	0.0009423
406	0.9035	0.0096983	0.085866	0.00093226
407	0.90473	0.0080543	0.086432	0.00077888
408	0.90762	0.0047501	0.087167	0.00046201
409	0.90626	0.0057015	0.087485	0.0005569
410	0.90606	0.0054773	0.087924	0.00053732
411	0.8999	0.011212	0.087788	0.0010985
412	0.85864	0.052052	0.08419	0.0051169
413	0.83286	0.077418	0.082064	0.0076576
414	0.81717	0.0927	0.080906	0.0092255
415	0.78073	0.12872	0.077671	0.012876
416	0.75592	0.15312	0.075585	0.015383
417	0.74125	0.16737	0.074484	0.016901
418	0.73366	0.17454	0.074077	0.017719
419	0.7316	0.1762	0.074219	0.017985
420	0.73376	0.17362	0.0748	0.017816
421	0.63678	0.27018	0.0652	0.027834
422	0.56955	0.33699	0.058611	0.034847
423	0.52317	0.38294	0.054135	0.039751
424	0.42557	0.48012	0.044272	0.050038
425	0.36415	0.54112	0.038059	0.056672
426	0.32575	0.57911	0.034187	0.06096
427	0.23837	0.66606	0.025125	0.070443
428	0.18325	0.72076	0.019376	0.07661
429	0.14549	0.7581	0.015448	0.080959
430	0.12191	0.78126	0.012988	0.083837
431	0.10584	0.79691	0.011324	0.085923
432	0.095333	0.807	0.010251	0.087421
433	0.068393	0.83351	0.0074043	0.090696
434	0.051488	0.84999	0.0056073	0.092918
435	0.04101	0.86004	0.0044884	0.09446
436	0.034724	0.86591	0.003816	0.095552
437	0.031289	0.86893	0.0034503	0.096335
438	0.029966	0.86983	0.003314	0.096885
439	0.030079	0.8693	0.0033392	0.097278
440	0.03208	0.86689	0.0035732	0.097459
441	0.036393	0.86216	0.0040647	0.097379
442	0.036143	0.862	0.004045	0.097808
443	0.0375	0.86023	0.0042094	0.098056
444	0.040579	0.85674	0.0045728	0.098108
445	0.046542	0.85036	0.0052626	0.097832
446	0.055709	0.84078	0.0063276	0.097183
447	0.070677	0.8254	0.0080576	0.095866
448	0.066715	0.82894	0.0076293	0.096711
449	0.065803	0.82944	0.007548	0.097206
450	0.067062	0.82777	0.0077221	0.097449
451	0.062016	0.83239	0.0071632	0.098429
452	0.059423	0.83456	0.0068911	0.099125
453	0.05902	0.83454	0.006878	0.099565
454	0.052075	0.84105	0.0060954	0.10078
455	0.047791	0.8449	0.0056239	0.10168
456	0.046195	0.84607	0.0054641	0.10227
457	0.038999	0.85283	0.0046277	0.10354
458	0.034329	0.85707	0.0040909	0.10451
459	0.031635	0.85933	0.0037903	0.10524
460	0.03095	0.85958	0.0037275	0.10574
461	0.032127	0.85798	0.0038888	0.10601
462	0.035407	0.85427	0.0043066	0.10602
463	0.033841	0.85541	0.0041328	0.10662
464	0.034248	0.85457	0.0041989	0.10698
465	0.036244	0.85214	0.0044659	0.10715
466	0.034044	0.85392	0.0042073	0.10783
467	0.033446	0.85408	0.0041501	0.10832
468	0.034789	0.85231	0.0043338	0.10857
469	0.038358	0.84832	0.004796	0.10853
470	0.044124	0.84212	0.0055433	0.10821
471	0.053909	0.83191	0.0068009	0.10738
472	0.069796	0.8156	0.0088347	0.10577
473	0.092731	0.79223	0.011793	0.10324
474	0.12616	0.75837	0.016141	0.099326
475	0.13977	0.74433	0.017973	0.097929
476	0.13083	0.75283	0.016885	0.099456
477	0.12592	0.75729	0.016322	0.10046
478	0.12513	0.75764	0.01629	0.10093
479	0.12738	0.75495	0.016664	0.101
480	0.10208	0.77981	0.013377	0.10473
481	0.084913	0.79653	0.011157	0.1074
482	0.07345	0.80755	0.0096863	0.10932
483	0.066064	0.81448	0.0087527	0.1107
484	0.061611	0.81848	0.0082074	0.1117
485	0.060147	0.81949	0.0080549	0.11231
486	0.060735	0.81844	0.0081836	0.11264
487	0.064162	0.81456	0.0086985	0.11258
488	0.071144	0.80713	0.0097034	0.11202
489	0.082038	0.79578	0.011268	0.11091
490	0.099937	0.77743	0.013815	0.10882
491	0.12591	0.751	0.017532	0.10556
492	0.16387	0.71259	0.023001	0.10055
493	0.18083	0.69517	0.025512	0.098494
494	0.2087	0.66684	0.029584	0.094876
495	0.25338	0.62171	0.036064	0.088845
496	0.25367	0.62097	0.036241	0.089114
497	0.25937	0.61484	0.037186	0.088612
498	0.25493	0.61883	0.036686	0.089559
499	0.2558	0.61751	0.036942	0.089746
500	0.26217	0.6107	0.03799	0.089138
501	0.27398	0.59845	0.039845	0.087728
502	0.29485	0.57713	0.04302	0.084995
503	0.32588	0.54566	0.047721	0.080739
504	0.37592	0.49518	0.05522	0.073683
505	0.44913	0.42152	0.06623	0.06312
506	0.55585	0.31434	0.082365	0.047438
507	0.70926	0.16048	0.1057	0.024559
508	0.72906	0.14021	0.10913	0.021595
509	0.73701	0.13181	0.11077	0.020416
510	0.73649	0.13185	0.11114	0.020513
511	0.70367	0.1642	0.10655	0.025577
512	0.68174	0.18565	0.10363	0.028983
513	0.66903	0.19788	0.10209	0.031001
514	0.63736	0.22907	0.097605	0.035966
515	0.61607	0.24987	0.09472	0.03934
516	0.604	0.26145	0.093231	0.041314
517	0.5087	0.35628	0.078604	0.05642
518	0.44874	0.41576	0.069406	0.066094
519	0.4113	0.45273	0.063691	0.072279
520	0.38593	0.47762	0.059886	0.076561
521	0.37119	0.49189	0.057737	0.079182
522	0.36256	0.50004	0.056565	0.080832
523	0.33642	0.5257	0.052581	0.085299
524	0.31913	0.5425	0.050008	0.08836
525	0.3086	0.55254	0.048518	0.090344
526	0.28228	0.57837	0.044443	0.094909
527	0.26667	0.59349	0.042061	0.097778
528	0.25726	0.60241	0.040686	0.099645
529	0.2526	0.60658	0.040082	0.10074
530	0.25206	0.60661	0.040157	0.10117
531	0.25679	0.60138	0.041081	0.10075
532	0.23002	0.62765	0.036833	0.1055
533	0.21397	0.64321	0.034309	0.10852
534	0.20384	0.65283	0.032761	0.11057
535	0.17922	0.67695	0.028763	0.11507
536	0.16262	0.69304	0.026094	0.11825
537	0.15184	0.70331	0.02439	0.12046
538	0.14546	0.70918	0.023417	0.12195
539	0.14264	0.71148	0.023038	0.12285
540	0.14312	0.71047	0.023217	0.1232
541	0.13506	0.718	0.021963	0.12498
542	0.13167	0.72086	0.021479	0.12599
543	0.13227	0.71974	0.021657	0.12634
544	0.10364	0.74785	0.016804	0.13171
545	0.084126	0.76684	0.013504	0.13553
546	0.070968	0.77946	0.011284	0.13828
547	0.062296	0.7876	0.0098254	0.14028
548	0.057552	0.79182	0.0090208	0.14161
549	0.055732	0.79311	0.0087022	0.14246
550	0.055941	0.79236	0.008725	0.14297
551	0.058207	0.78956	0.0090918	0.14314
552	0.063526	0.78371	0.0099534	0.14281
553	0.062757	0.78394	0.0098042	0.1435
554	0.064135	0.78201	0.010018	0.14383
555	0.067857	0.77774	0.010625	0.14377
556	0.07445	0.7706	0.011711	0.14324
557	0.074421	0.77007	0.011692	0.14382
558	0.07678	0.76715	0.01208	0.14399
559	0.072779	0.77058	0.011367	0.14528
560	0.071867	0.77092	0.01118	0.14603
561	0.073868	0.76836	0.01148	0.14629
562	0.070129	0.77154	0.010767	0.14756
563	0.068738	0.77237	0.010465	0.14843
564	0.070169	0.77038	0.010635	0.14882
565	0.065662	0.77433	0.0097463	0.15026
566	0.064196	0.77524	0.0093854	0.15118
567	0.064899	0.77398	0.0093913	0.15173
568	0.068496	0.76982	0.0098536	0.15183
569	0.07574	0.76202	0.010865	0.15137
570	0.088164	0.74905	0.012636	0.15015
571	0.1084	0.72827	0.015535	0.1478
572	0.13768	0.69843	0.019772	0.14412
573	0.18426	0.6513	0.026506	0.13793
574	0.20413	0.63088	0.029383	0.13561
575	0.23653	0.59793	0.034093	0.13145
576	0.28349	0.55041	0.040973	0.12513
577	0.30501	0.52834	0.044099	0.12255
578	0.33732	0.49547	0.048858	0.11835
579	0.35	0.48338	0.051832	0.11479
580	0.37218	0.46179	0.056871	0.10916
581	0.40552	0.42904	0.064417	0.10102
582	0.45412	0.38102	0.075417	0.089441
583	0.45593	0.37979	0.075862	0.088423
584	0.46379	0.3725	0.077535	0.086171
585	0.47754	0.35932	0.080473	0.082661
586	0.49898	0.33845	0.085095	0.077474
587	0.53092	0.30707	0.092042	0.069968
588	0.58233	0.25622	0.10323	0.058215
589	0.57018	0.26894	0.10072	0.060155
590	0.56359	0.27609	0.099277	0.061039
591	0.56166	0.27858	0.098734	0.061027
592	0.56408	0.2767	0.099058	0.060156
593	0.57249	0.26885	0.10057	0.058093
594	0.58859	0.25331	0.10363	0.054472
595	0.57758	0.26487	0.10135	0.056203
596	0.57191	0.27108	0.10007	0.056938
597	0.57093	0.27259	0.09969	0.056785
598	0.57551	0.26856	0.10036	0.055578
599	0.58655	0.25807	0.10227	0.053116
600	0.53297	0.31218	0.092556	0.062294
601	0.49976	0.34594	0.086427	0.06788
602	0.47986	0.36638	0.082643	0.071117
603	0.46739	0.37939	0.080203	0.073017
604	0.46199	0.38533	0.079008	0.073667
605	0.46249	0.38539	0.078856	0.073268
606	0.4678	0.38062	0.079587	0.071995
607	0.48006	0.36891	0.081563	0.069472
608	0.49954	0.34997	0.084863	0.06563
609	0.52919	0.32085	0.090034	0.059925
610	0.52475	0.32582	0.088979	0.060452
611	0.52607	0.32503	0.088928	0.059971
612	0.51639	0.33524	0.086977	0.061396
613	0.51321	0.33895	0.086141	0.061702
614	0.51459	0.33809	0.086113	0.061206
615	0.52069	0.33251	0.086923	0.059879
616	0.51659	0.33713	0.085943	0.060337
617	0.51725	0.33698	0.085795	0.059969
618	0.52386	0.3309	0.08666	0.058584
619	0.49851	0.35677	0.082131	0.062588
620	0.48396	0.37185	0.079402	0.064787
621	0.47705	0.3793	0.077946	0.065708
622	0.39753	0.45934	0.064623	0.078503
623	0.34313	0.51427	0.055543	0.087062
624	0.3093	0.54862	0.049835	0.092244
625	0.28883	0.56962	0.046313	0.095236
626	0.27567	0.58331	0.044016	0.09701
627	0.26807	0.59142	0.042641	0.097866
628	0.26616	0.59385	0.042178	0.097805
629	0.26852	0.59202	0.042415	0.097051
630	0.27663	0.58443	0.043566	0.095379
631	0.2922	0.56938	0.045895	0.092526
632	0.29551	0.5666	0.046229	0.091663
633	0.30369	0.55894	0.047345	0.090024
634	0.28137	0.58179	0.043635	0.093206
635	0.26858	0.59511	0.041433	0.094877
636	0.26258	0.60165	0.040297	0.095478
637	0.26203	0.60273	0.040009	0.095227
638	0.26562	0.59968	0.040371	0.094331
639	0.27399	0.59184	0.041475	0.0927
640	0.28988	0.57648	0.043705	0.089937
641	0.31398	0.5529	0.047183	0.085933
642	0.34995	0.51745	0.052457	0.080138
643	0.34713	0.52079	0.051803	0.080275
644	0.33149	0.53694	0.04924	0.082328
645	0.32358	0.54536	0.047841	0.083212
646	0.32172	0.54775	0.047345	0.08319
647	0.32425	0.54573	0.047516	0.082506
648	0.33289	0.53761	0.048579	0.080926
649	0.34756	0.52345	0.050535	0.078458
650	0.37276	0.49876	0.054008	0.07447
651	0.40992	0.46211	0.059223	0.068744
652	0.40758	0.46495	0.058627	0.068835
653	0.41116	0.46189	0.058882	0.068071
654	0.41983	0.45372	0.059885	0.066566
655	0.43498	0.43907	0.061828	0.064125
656	0.46106	0.41349	0.065315	0.060136
657	0.49953	0.37552	0.070578	0.054377
658	0.56113	0.31441	0.079078	0.045377
659	0.65114	0.2249	0.091609	0.032351
660	0.78068	0.095843	0.10975	0.013725
661	0.79732	0.079684	0.11165	0.011346
662	0.82455	0.05295	0.11501	0.0074964
663	0.86807	0.0099128	0.12061	0.0013997
664	0.87413	0.0043389	0.12092	0.00060789
665	0.87737	0.0015947	0.12082	0.00022173
666	0.87932	0.00013318	0.12053	1.8469e-05
667	0.87971	0.00023338	0.12002	3.1882e-05
668	0.88017	0.00026835	0.11952	3.6549e-05
669	0.87967	0.0012553	0.11891	0.00016898
670	0.87833	0.0030848	0.11818	0.00041377
671	0.87826	0.0036446	0.11761	0.00048724
672	0.87935	0.0030541	0.11719	0.00040759
673	0.87682	0.0060745	0.1163	0.00080737
674	0.87606	0.0073394	0.11563	0.00097241
675	0.87658	0.0073077	0.11515	0.00096374
676	0.87863	0.0057518	0.11486	0.00075684
677	0.87917	0.0057016	0.11438	0.00074699
678	0.87826	0.0070946	0.11372	0.00092353
679	0.87884	0.0069981	0.11325	0.00090715
680	0.88068	0.0056395	0.11295	0.00072731
681	0.8843	0.0025082	0.11287	0.00032375
682	0.88441	0.0028715	0.11235	0.0003687
683	0.88547	0.0022888	0.11195	0.00029236
684	0.88755	0.00067604	0.11169	8.5454e-05
685	0.88795	0.00074229	0.11121	9.3007e-05
686	0.88913	4.2867e-05	0.11082	5.3705e-06
687	0.88963	1.3047e-05	0.11036	1.617e-06
688	0.89005	6.3351e-05	0.10988	7.896e-06
689	0.88933	0.0012548	0.10926	0.00015515
690	0.88945	0.0015933	0.10876	0.0001958
691	0.88892	0.0025816	0.10818	0.00031453
692	0.88946	0.0025018	0.10774	0.00030341
693	0.89092	0.001492	0.10741	0.00017936
694	0.89184	0.0010357	0.107	0.00012353
695	0.89236	0.00096652	0.10656	0.00011378
696	0.89373	5.1806e-05	0.10621	4.2103e-06
697	0.89295	2.2895e-06	0.10705	2.5806e-07
698	0.89206	4.4324e-05	0.10789	5.3969e-06
699	0.89111	0.00013668	0.10873	1.6805e-05
700	0.88969	0.00071539	0.10951	8.9257e-05
701	0.88788	0.0016661	0.11024	0.00020945
702	0.88703	0.0016647	0.11109	0.00021244
703	0.88298	0.0048569	0.11154	0.00062449
704	0.88042	0.0065415	0.11219	0.00084794
705	0.87914	0.0069463	0.11301	0.00090819
706	0.87909	0.0060998	0.114	0.00080484
707	0.88037	0.0039236	0.11519	0.00052279
708	0.88324	0.00013497	0.1166	1.8534e-05
709	0.86623	0.016224	0.11534	0.0022013
710	0.85564	0.025903	0.11491	0.003552
711	0.84874	0.031872	0.11498	0.0044092
712	0.83456	0.045133	0.114	0.0063034
713	0.82528	0.053483	0.1137	0.0075335
714	0.82036	0.057482	0.11399	0.0081736
715	0.80831	0.068593	0.11326	0.0098346
716	0.78101	0.094953	0.11033	0.013704
717	0.76268	0.11232	0.10867	0.016328
718	0.72068	0.15336	0.10355	0.022412
719	0.6946	0.17848	0.10063	0.026291
720	0.67897	0.19316	0.099172	0.028698
721	0.67062	0.20057	0.098751	0.030065
722	0.66698	0.20325	0.099038	0.030734
723	0.66763	0.20163	0.099983	0.030756
724	0.6738	0.1945	0.10176	0.029941
725	0.67091	0.19642	0.10217	0.030494
726	0.67211	0.19425	0.10324	0.030411
727	0.67764	0.18772	0.105	0.029637
728	0.68989	0.17449	0.10783	0.027794
729	0.70931	0.15408	0.11186	0.024757
730	0.73856	0.12382	0.11756	0.020059
731	0.78608	0.075301	0.12629	0.012324
732	0.8559	0.0044698	0.13888	0.00074199
733	0.85507	0.0042842	0.13993	0.00071492
734	0.85319	0.0051292	0.14082	0.00085795
735	0.85241	0.0048612	0.14191	0.00081597
736	0.85054	0.0056935	0.1428	0.00095981
737	0.85	0.0052083	0.14391	0.00088392
738	0.85088	0.0033092	0.14525	0.00056625
739	0.8484	0.0047564	0.14603	0.00081831
740	0.84723	0.0048964	0.14702	0.00084905
741	0.84491	0.0061991	0.14781	0.0010849
742	0.84073	0.0093716	0.14825	0.0016573
743	0.83821	0.010865	0.14899	0.0019368
744	0.83714	0.010899	0.15001	0.0019565
745	0.83778	0.0092281	0.15132	0.0016699
746	0.83676	0.0092337	0.15232	0.0016858
747	0.83708	0.0078738	0.15359	0.0014487
748	0.83596	0.007976	0.15459	0.0014803
749	0.8361	0.0067908	0.15584	0.0012698
750	0.83799	0.003877	0.1574	0.0007329
751	0.83592	0.0049053	0.15824	0.00093366
752	0.83511	0.0046783	0.15931	0.00089879
753	0.83538	0.0033667	0.1606	0.00065271
754	0.83692	0.00076697	0.16217	0.00014995
755	0.83501	0.0016208	0.16305	0.00031885
756	0.83389	0.001682	0.1641	0.00033306
757	0.82803	0.0064787	0.16419	0.0012924
758	0.82411	0.0093304	0.16468	0.0018728
759	0.82204	0.010347	0.16552	0.0020939
760	0.82158	0.0097523	0.16668	0.0019926
761	0.82252	0.0077417	0.16814	0.0015972
762	0.82518	0.0040045	0.16998	0.00083553
763	0.82358	0.0045199	0.17095	0.00094858
764	0.82317	0.0038457	0.17217	0.00081487
765	0.82384	0.002073	0.17364	0.00044471
766	0.82345	0.0013589	0.1749	0.00029471
767	0.81746	0.0062477	0.17493	0.0013602
768	0.69521	0.12739	0.14961	0.027795
769	0.61787	0.20362	0.13369	0.044823
770	0.56425	0.25612	0.12284	0.056785
771	0.53077	0.28849	0.11627	0.064463
772	0.51039	0.30777	0.11252	0.069321
773	0.49727	0.31978	0.11038	0.07258
774	0.4899	0.32602	0.10952	0.07456
775	0.4883	0.3265	0.10995	0.075255
776	0.49106	0.3226	0.11139	0.074944
777	0.49863	0.3139	0.11397	0.073502
778	0.42572	0.38565	0.097874	0.090754
779	0.37986	0.43036	0.087818	0.10196
780	0.34836	0.46071	0.081045	0.10989
781	0.32927	0.47864	0.077092	0.11499
782	0.31705	0.4897	0.074744	0.11851
783	0.31134	0.49425	0.073907	0.1205
784	0.30991	0.49452	0.074108	0.12147
785	0.31376	0.48951	0.075577	0.12116
786	0.32252	0.47958	0.078287	0.11962
787	0.3213	0.47961	0.078578	0.12051
788	0.32542	0.47431	0.080185	0.12008
789	0.33435	0.4642	0.083039	0.11842
790	0.35125	0.44611	0.087926	0.11471
791	0.3769	0.41927	0.095146	0.10868
792	0.38563	0.40935	0.098082	0.10693
793	0.40044	0.39335	0.10265	0.10356
794	0.42331	0.36926	0.10944	0.097987
795	0.45779	0.33357	0.11943	0.089213
796	0.5133	0.27684	0.13513	0.074722
797	0.53652	0.2524	0.14242	0.068666
798	0.54405	0.24362	0.14556	0.066761
799	0.55727	0.22916	0.15033	0.063243
800	0.58042	0.20476	0.15789	0.056933
801	0.61851	0.16543	0.16966	0.046396
802	0.63394	0.14875	0.17528	0.04203
803	0.66019	0.12127	0.18399	0.034562
804	0.69889	0.081306	0.19642	0.023384
805	0.75524	0.023687	0.21419	0.0068829
806	0.76234	0.015291	0.21789	0.0044725
807	0.7649	0.011458	0.22027	0.0033766
808	0.76503	0.010055	0.22193	0.002986
809	0.76708	0.0067439	0.22414	0.0020299
810	0.76698	0.005573	0.22575	0.0016955
811	0.7284	0.042884	0.21568	0.013032
812	0.70403	0.065996	0.20975	0.020219
813	0.68749	0.08126	0.20618	0.025066
814	0.65113	0.11633	0.19646	0.036071
815	0.62606	0.1401	0.19015	0.043691
816	0.60906	0.15579	0.18627	0.048882
817	0.59814	0.16537	0.18426	0.052223
818	0.59278	0.16941	0.18393	0.053878
819	0.59123	0.16962	0.18481	0.054335
820	0.59423	0.16529	0.18713	0.053355
821	0.6014	0.15678	0.19082	0.051004
822	0.61398	0.14283	0.19635	0.046832
823	0.61691	0.13853	0.19882	0.045742
824	0.625	0.12907	0.20299	0.042945
825	0.63869	0.11399	0.2091	0.038212
826	0.64327	0.10804	0.2122	0.036485
827	0.6533	0.096647	0.21714	0.032913
828	0.66946	0.079104	0.22427	0.027173
829	0.66608	0.081109	0.22476	0.028053
830	0.66554	0.080262	0.22625	0.027955
831	0.66791	0.076481	0.22878	0.026826
832	0.6737	0.069272	0.23257	0.024462
833	0.68501	0.056547	0.23833	0.020122
834	0.70275	0.037372	0.2465	0.013382
835	0.73209	0.0066053	0.25891	0.0023926
836	0.73131	0.0059453	0.26058	0.0021644
837	0.73194	0.0038908	0.26274	0.0014293
838	0.73132	0.0030588	0.26449	0.0011306
839	0.72991	0.0030296	0.26593	0.001127
840	0.72933	0.0021557	0.2677	0.00080866
841	0.72627	0.0037494	0.26858	0.0014053
842	0.72115	0.0073788	0.26871	0.0027663
843	0.71765	0.0093666	0.26946	0.0035264
844	0.71572	0.009799	0.27077	0.0037135
845	0.71525	0.0087808	0.27262	0.0033532
846	0.7161	0.0064228	0.27501	0.0024671
847	0.71527	0.0057584	0.27675	0.0022281
848	0.71581	0.0037292	0.279	0.0014568
849	0.7178	0.00023388	0.28187	9.2678e-05
850	0.71636	0.00015791	0.28342	6.3192e-05
851	0.71443	0.00054532	0.28481	0.00021884
852	0.71302	0.00039679	0.28642	0.00016018
853	0.71155	0.00031617	0.288	0.00012924
854	0.70922	0.0010779	0.28926	0.00044288
855	0.70104	0.00767	0.28813	0.0031605
856	0.68471	0.022393	0.28363	0.0092661
857	0.67429	0.031225	0.28146	0.013027
858	0.66725	0.036642	0.28071	0.015396
859	0.66329	0.038999	0.2812	0.016513
860	0.66144	0.039221	0.28261	0.016727
861	0.66165	0.037368	0.28494	0.01604
862	0.65024	0.047242	0.28202	0.020505
863	0.64255	0.053368	0.28072	0.023365
864	0.63838	0.055987	0.28091	0.024724
865	0.62798	0.064813	0.27835	0.028858
866	0.62119	0.070013	0.27739	0.031408
867	0.61728	0.072318	0.27773	0.032676
868	0.6159	0.072072	0.27924	0.032792
869	0.61773	0.068631	0.28219	0.031453
870	0.62342	0.061336	0.28692	0.028327
871	0.63445	0.048707	0.29415	0.022698
872	0.6515	0.03004	0.30433	0.014129
873	0.67731	0.0025935	0.31886	0.0012311
874	0.67658	0.001702	0.3209	0.00081685
875	0.67393	0.0027418	0.322	0.0013284
876	0.67206	0.0029708	0.32351	0.0014518
877	0.66926	0.0041188	0.32459	0.0020245
878	0.66735	0.0043565	0.32613	0.0021553
879	0.66649	0.0035613	0.32817	0.00178
880	0.6648	0.0035707	0.32984	0.0017982
881	0.66391	0.0027519	0.33194	0.001397
882	0.66394	0.0010044	0.33454	0.00051431
883	0.66305	0.0001457	0.33673	7.4182e-05
884	0.65622	0.0054128	0.33554	0.0028338
885	0.65137	0.0086668	0.33539	0.0045662
886	0.64222	0.016213	0.33299	0.008578
887	0.63582	0.020987	0.33203	0.011166
888	0.63151	0.023647	0.33218	0.012658
889	0.60495	0.048572	0.32036	0.02612
890	0.58644	0.065432	0.31275	0.035381
891	0.57367	0.076527	0.30818	0.041626
892	0.54816	0.10037	0.29653	0.054936
893	0.49712	0.14976	0.27055	0.082574
894	0.46211	0.1831	0.25318	0.10162
895	0.44018	0.20336	0.24277	0.11369
896	0.42556	0.21629	0.23636	0.12178
897	0.41731	0.22287	0.2334	0.12642
898	0.41384	0.22467	0.23308	0.12841
899	0.41373	0.2231	0.23469	0.12848
900	0.41719	0.21793	0.23841	0.12646
901	0.42485	0.20856	0.24466	0.12194
902	0.43937	0.19233	0.25495	0.11336
903	0.46398	0.16601	0.27125	0.098761
904	0.47316	0.15511	0.27871	0.093022
905	0.48796	0.13857	0.28969	0.083785
906	0.51298	0.11182	0.30692	0.068284
907	0.52269	0.10036	0.31515	0.061804
908	0.5399	0.081408	0.32803	0.050665
909	0.56567	0.053871	0.34647	0.033988
910	0.56629	0.051468	0.3495	0.032737
911	0.56931	0.046652	0.35412	0.029926
912	0.57531	0.038828	0.36074	0.02513
913	0.57049	0.041798	0.36052	0.027192
914	0.56777	0.042655	0.36167	0.027914
915	0.5674	0.041161	0.36431	0.027128
916	0.56967	0.03705	0.36866	0.024621
917	0.57467	0.030183	0.37492	0.020227
918	0.5843	0.018691	0.38432	0.012689
919	0.57812	0.022988	0.38323	0.01566
920	0.57391	0.025296	0.38347	0.017324
921	0.57171	0.025606	0.38501	0.017666
922	0.56633	0.029078	0.38442	0.020168
923	0.56326	0.030245	0.38537	0.021131
924	0.56221	0.029402	0.38767	0.020717
925	0.55838	0.031321	0.38807	0.022227
926	0.55624	0.031524	0.3897	0.022536
927	0.55108	0.034754	0.38914	0.025019
928	0.54829	0.035631	0.39022	0.025861
929	0.5472	0.034784	0.39256	0.025455
930	0.5479	0.032132	0.39626	0.023711
931	0.55132	0.026764	0.40197	0.019952
932	0.55763	0.018478	0.40995	0.01394
933	0.56805	0.0060685	0.42119	0.0046936
934	0.56529	0.0068117	0.4226	0.005301
935	0.56066	0.0093388	0.42275	0.0072473
936	0.55312	0.014792	0.42061	0.011477
937	0.54812	0.017719	0.42032	0.013841
938	0.54467	0.01908	0.42124	0.015013
939	0.53839	0.023275	0.41989	0.018445
940	0.53443	0.025158	0.4203	0.020112
941	0.532	0.025493	0.42195	0.020556
942	0.53106	0.024312	0.42486	0.019773
943	0.52757	0.025649	0.42577	0.021013
944	0.52592	0.025166	0.42812	0.020793
945	0.52616	0.022804	0.43201	0.019026
946	0.52826	0.018548	0.43756	0.01563
947	0.53272	0.01192	0.44521	0.01015
948	0.54035	0.0020858	0.45576	0.0017987
949	0.53947	0.00074771	0.45914	0.00064999
950	0.53719	0.00080944	0.46129	0.00070724
951	0.53536	0.00039826	0.46389	0.00035118
952	0.53331	0.00018346	0.46634	0.00016264
953	0.53083	0.00041457	0.46839	0.00036968
954	0.52871	0.00025394	0.47081	0.00022917
955	0.52597	0.00068388	0.47273	0.00061959
956	0.52366	0.0006659	0.47507	0.00060783
957	0.51657	0.0054318	0.473	0.0049995
958	0.51158	0.0081125	0.47276	0.0075482
959	0.50782	0.0095387	0.47368	0.0089568
960	0.50511	0.0098935	0.47563	0.0093709
961	0.50061	0.011996	0.47595	0.011444
962	0.49759	0.012639	0.4776	0.012165
963	0.49588	0.011988	0.48048	0.011651
964	0.49558	0.0099419	0.48471	0.009771
965	0.49666	0.0064839	0.49041	0.0064454
966	0.49955	0.0011855	0.49807	0.0011944
967	0.49779	0.00050936	0.50118	0.00051786
968	0.49517	0.00071403	0.50339	0.00073234
969	0.49294	0.00049403	0.50606	0.00051145
970	0.4905	0.00044977	0.50858	0.00046803
971	0.48715	0.0013385	0.51011	0.0014037
972	0.48435	0.0016483	0.51226	0.0017413
973	0.47814	0.0053763	0.51075	0.0057353
974	0.47365	0.0073958	0.51098	0.0079773
975	0.47043	0.0081665	0.5125	0.0089085
976	0.46827	0.0078785	0.51515	0.0086981
977	0.46701	0.006674	0.51886	0.0074553
978	0.46678	0.0044035	0.52384	0.0049784
979	0.46788	0.00077001	0.53047	0.00088345
980	0.46506	0.0010298	0.53272	0.0011889
981	0.46276	0.00078948	0.53553	0.00092323
982	0.4593	0.0017175	0.53695	0.0020331
983	0.4564	0.0020481	0.5391	0.0024503
984	0.45402	0.0018392	0.54192	0.0022245
985	0.45216	0.001072	0.54545	0.0013118
986	0.44979	0.00078755	0.54845	0.00097171
987	0.4472	0.00073461	0.55115	0.00091584
988	0.44499	0.00027524	0.55438	0.00034739
989	0.44255	1.5198e-05	0.55741	1.9407e-05
990	0.4396	0.00023344	0.55987	0.00029748
991	0.43647	0.00060367	0.56215	0.00077441
992	0.43377	0.00054887	0.56497	0.00071159
993	0.43152	6.6205e-05	0.56833	8.703e-05
994	0.42868	0.0001858	0.57088	0.00024934
995	0.42575	0.00036504	0.57339	0.00049549
996	0.42311	0.00022419	0.57636	0.00030828
997	0.42037	0.00015148	0.57927	0.00021033
998	0.41632	0.0013951	0.58033	0.0019581
999	0.41287	0.0020083	0.58227	0.0028472
1000	0.39347	0.018594	0.56125	0.026685
1001	0.3796	0.029608	0.54787	0.042923
1002	0.37028	0.036095	0.54067	0.052957
1003	0.364	0.039551	0.5377	0.058754
1004	0.35955	0.041141	0.53746	0.061851
1005	0.35697	0.040874	0.53993	0.062217
1006	0.35586	0.039111	0.54476	0.060268
1007	0.35639	0.035679	0.55229	0.055644
1008	0.35895	0.030175	0.56328	0.047592
1009	0.36502	0.021184	0.58001	0.033794
1010	0.37634	0.0069476	0.60548	0.011235
1011	0.37519	0.005208	0.61106	0.0085444
1012	0.37295	0.0045671	0.61488	0.0076077
1013	0.36978	0.0048167	0.61727	0.0081312
1014	0.36575	0.0059488	0.61812	0.010183
1015	0.3602	0.0086116	0.61622	0.014963
1016	0.35581	0.010086	0.61635	0.017756
1017	0.35232	0.010617	0.61813	0.018932
1018	0.34964	0.010312	0.62142	0.018629
1019	0.34577	0.011215	0.6225	0.020523
1020	0.34273	0.011241	0.62519	0.02084
1021	0.3405	0.010429	0.62948	0.019589
1022	0.3394	0.0085035	0.63588	0.016214
1023	0.33941	0.0054358	0.64462	0.010535
1024	0.33756	0.0041859	0.65003	0.0082286
1025	0.3365	0.0021131	0.65717	0.0042123
1026	0.33422	0.0012287	0.66208	0.0024738
1027	0.33067	0.0016286	0.6644	0.0033044
1028	0.3276	0.0015566	0.66764	0.0031996
1029	0.32491	0.0010786	0.67177	0.0022422
1030	0.32191	0.0009225	0.67522	0.0019421
1031	0.31934	0.0003498	0.67956	0.00074953
1032	0.31646	6.3366e-05	0.68334	0.00013824
