#coord	neutral	conserved	gBGC.neutral	gBGC.conserved
1	0.81294	0.18594	0.00091087	0.00020869
2	0.82153	0.17735	0.00091834	0.00019856
3	0.83646	0.16243	0.00093293	0.00018134
4	0.86207	0.13682	0.0009593	0.00015232
5	0.90382	0.095066	0.0010034	0.00010557
6	0.97051	0.028387	0.0010747	3.1562e-05
7	0.97881	0.020087	0.0010813	2.2306e-05
8	0.99174	0.0071574	0.0010931	7.9461e-06
9	0.99764	0.0012648	0.001097	1.4055e-06
10	0.99835	0.00054971	0.0010952	6.1025e-07
11	0.99789	0.001019	0.0010922	1.123e-06
12	0.99821	0.00069785	0.00109	7.6614e-07
13	0.99837	0.00053925	0.0010877	5.9187e-07
14	0.99839	0.00051951	0.0010852	5.6953e-07
15	0.99829	0.00062214	0.0010826	6.8053e-07
16	0.99801	0.00090768	0.0010798	9.8958e-07
17	0.99744	0.0014855	0.0010767	1.6189e-06
18	0.99612	0.0028002	0.0010729	3.043e-06
19	0.99303	0.0058971	0.0010671	6.3826e-06
20	0.98659	0.01234	0.0010577	1.3331e-05
21	0.98282	0.016111	0.0010513	1.736e-05
22	0.98153	0.017404	0.0010475	1.8723e-05
23	0.98207	0.016867	0.0010457	1.8115e-05
24	0.98456	0.014376	0.0010461	1.5415e-05
25	0.98936	0.0095778	0.0010489	1.0256e-05
26	0.99705	0.0018924	0.0010548	2.0263e-06
27	0.99811	0.00083849	0.0010536	8.9401e-07
28	0.99764	0.0013084	0.0010508	1.3868e-06
29	0.99801	0.00094157	0.001049	9.9376e-07
30	0.99812	0.00082759	0.0010468	8.7149e-07
31	0.99805	0.0009056	0.0010444	9.5394e-07
32	0.99766	0.0012996	0.0010417	1.3663e-06
33	0.9967	0.0022607	0.0010384	2.3756e-06
34	0.99449	0.0044748	0.0010338	4.6889e-06
35	0.99382	0.0051411	0.0010308	5.3846e-06
36	0.99438	0.0045822	0.0010291	4.7992e-06
37	0.99025	0.0087181	0.0010225	9.1185e-06
38	0.98805	0.010919	0.001018	1.1398e-05
39	0.98754	0.011436	0.0010153	1.1917e-05
40	0.98453	0.014448	0.00101	1.5006e-05
41	0.98342	0.015562	0.0010067	1.6118e-05
42	0.9841	0.014878	0.0010053	1.5371e-05
43	0.98668	0.012299	0.0010058	1.2674e-05
44	0.98707	0.011912	0.0010041	1.2244e-05
45	0.9852	0.013785	0.0010001	1.4113e-05
46	0.9851	0.01389	0.00099799	1.417e-05
47	0.98707	0.011924	0.00099791	1.2133e-05
48	0.99152	0.0074763	0.0010003	7.5987e-06
49	0.99325	0.0057475	0.00099999	5.8268e-06
50	0.98998	0.0090174	0.00099465	9.0895e-06
51	0.98877	0.010231	0.00099136	1.0284e-05
52	0.98483	0.014171	0.00098538	1.419e-05
53	0.97543	0.023575	0.00097403	2.3494e-05
54	0.97029	0.028714	0.00096693	2.8542e-05
55	0.96833	0.030675	0.00096296	3.0427e-05
56	0.96914	0.029873	0.00096172	2.9574e-05
57	0.97231	0.026704	0.00096286	2.637e-05
58	0.97222	0.026793	0.00096074	2.6404e-05
59	0.97481	0.024207	0.00096122	2.3815e-05
60	0.98062	0.018402	0.00096483	1.809e-05
61	0.98234	0.016674	0.00096446	1.6365e-05
62	0.98626	0.012766	0.00096625	1.25e-05
63	0.99353	0.0054933	0.00097129	5.3788e-06
64	0.99377	0.0052517	0.00096947	5.1317e-06
65	0.99553	0.0035011	0.00096911	3.421e-06
66	0.98802	0.011005	0.00095975	1.0722e-05
67	0.98392	0.015114	0.0009537	1.4704e-05
68	0.98193	0.017099	0.00094976	1.6599e-05
69	0.9157	0.083341	0.00088387	8.0461e-05
70	0.8742	0.12483	0.00084198	0.00012031
71	0.84868	0.15036	0.00081557	0.00014468
72	0.83374	0.1653	0.00079937	0.00015881
73	0.7978	0.20124	0.00076317	0.00019297
74	0.72278	0.27626	0.00068952	0.00026456
75	0.67107	0.32798	0.00063863	0.0003134
76	0.63627	0.36278	0.0006042	0.00034582
77	0.61565	0.38341	0.0005833	0.00036469
78	0.60302	0.39604	0.00057011	0.00037586
79	0.59818	0.40088	0.0005643	0.00037965
80	0.59891	0.40015	0.00056381	0.00037814
81	0.60531	0.39375	0.00056871	0.00037125
82	0.59991	0.39915	0.00056256	0.00037543
83	0.60133	0.39773	0.00056277	0.00037325
84	0.60849	0.39058	0.0005684	0.00036566
85	0.62412	0.37495	0.0005819	0.00035019
86	0.65156	0.34751	0.0006063	0.0003238
87	0.69657	0.3025	0.00064688	0.00028122
88	0.71489	0.28419	0.00066257	0.00026355
89	0.7461	0.25298	0.00069008	0.00023405
90	0.79675	0.20233	0.00073534	0.00018679
91	0.87757	0.12151	0.000808	0.0001121
92	0.88599	0.11309	0.00081399	0.00010411
93	0.90164	0.097442	0.00082652	8.9567e-05
94	0.92566	0.07343	0.00084672	6.7378e-05
95	0.93558	0.063512	0.00085399	5.8137e-05
96	0.95279	0.046301	0.00086784	4.2305e-05
97	0.97868	0.020417	0.0008896	1.8581e-05
98	0.9913	0.0077972	0.00089914	7.0674e-06
99	0.99745	0.0016488	0.00090273	1.486e-06
100	0.99672	0.0023773	0.00090006	2.1385e-06
101	0.9971	0.0020034	0.00089838	1.7986e-06
102	0.99865	0.00044734	0.00089773	4.0231e-07
103	0.99769	0.0014095	0.00089485	1.2665e-06
104	0.99772	0.0013857	0.00089283	1.2458e-06
105	0.99861	0.00049562	0.00089162	4.4851e-07
106	0.99191	0.0071958	0.0008836	6.4789e-06
107	0.97693	0.022182	0.00086822	1.9893e-05
108	0.9672	0.031912	0.00085764	2.8528e-05
109	0.8981	0.10102	0.00079412	9.0084e-05
110	0.85042	0.14869	0.00075006	0.0001322
111	0.81828	0.18084	0.00072005	0.0001603
112	0.79908	0.20004	0.0007015	0.00017692
113	0.78715	0.21197	0.00068949	0.00018702
114	0.78109	0.21803	0.00068271	0.0001919
115	0.78004	0.21909	0.00068039	0.00019236
116	0.78492	0.21421	0.00068322	0.00018764
117	0.79679	0.20234	0.00069208	0.00017688
118	0.81593	0.18321	0.00070729	0.00015979
119	0.84797	0.15116	0.00073358	0.00013161
120	0.89976	0.099377	0.00077675	8.6524e-05
121	0.92262	0.076516	0.00079484	6.6552e-05
122	0.93197	0.067174	0.00080121	5.8314e-05
123	0.94696	0.052179	0.00081249	4.5197e-05
124	0.97178	0.027359	0.00083213	2.3695e-05
125	0.98239	0.016754	0.00083949	1.4492e-05
126	0.99856	0.00059096	0.00085166	5.1197e-07
127	0.99845	0.00070394	0.00084973	6.0804e-07
128	0.99642	0.0027337	0.00084619	2.3442e-06
129	0.99239	0.0067666	0.00084092	5.794e-06
130	0.98407	0.015086	0.00083196	1.291e-05
131	0.97891	0.020245	0.00082577	1.7287e-05
132	0.97629	0.022866	0.00082178	1.9481e-05
133	0.97584	0.023319	0.00081966	1.9825e-05
134	0.97788	0.021278	0.00081962	1.8074e-05
135	0.98227	0.016893	0.00082157	1.4352e-05
136	0.98334	0.015829	0.00082075	1.3427e-05
137	0.98212	0.017051	0.00081798	1.4436e-05
138	0.98271	0.016459	0.00081676	1.3916e-05
139	0.98046	0.018707	0.00081318	1.5768e-05
140	0.98016	0.019013	0.00081126	1.5986e-05
141	0.98176	0.017417	0.00081096	1.4614e-05
142	0.98547	0.013709	0.00081243	1.1481e-05
143	0.98623	0.012947	0.00081146	1.0807e-05
144	0.98882	0.010362	0.00081203	8.6188e-06
145	0.98933	0.0098491	0.00081086	8.1627e-06
146	0.99177	0.0074147	0.00081124	6.1329e-06
147	0.99622	0.0029643	0.0008133	2.4443e-06
148	0.99627	0.0029184	0.0008117	2.3975e-06
149	0.99535	0.0038422	0.00080934	3.1392e-06
150	0.99306	0.0061244	0.00080585	4.9853e-06
151	0.99246	0.0067347	0.00080371	5.4728e-06
152	0.99319	0.0060071	0.00080268	4.8706e-06
153	0.99561	0.003585	0.000803	2.9071e-06
154	0.99651	0.0026906	0.00080211	2.1764e-06
155	0.99666	0.0025373	0.00080061	2.0492e-06
156	0.99784	0.0013604	0.00079995	1.0972e-06
157	0.99833	0.00086944	0.00079875	6.9869e-07
158	0.99857	0.00063005	0.00079734	5.0574e-07
159	0.98224	0.016959	0.00078273	1.3529e-05
160	0.94393	0.055279	0.00075058	4.4067e-05
161	0.91809	0.081118	0.00072857	6.4493e-05
162	0.85681	0.1424	0.0006787	0.0001128
163	0.81519	0.18402	0.00064465	0.00014531
164	0.78975	0.20947	0.00062336	0.00016504
165	0.77509	0.22413	0.00061059	0.00017624
166	0.74105	0.25817	0.00058257	0.00020267
167	0.71837	0.28085	0.00056365	0.00022002
168	0.70587	0.29335	0.00055272	0.00022937
169	0.69948	0.29974	0.00054664	0.00023388
170	0.69963	0.29959	0.00054565	0.00023329
171	0.68888	0.31035	0.00053614	0.00024121
172	0.68398	0.31525	0.00053125	0.00024452
173	0.68558	0.31364	0.00053139	0.0002428
174	0.69404	0.30519	0.00053677	0.00023581
175	0.70914	0.29009	0.0005473	0.0002237
176	0.73561	0.26362	0.00056648	0.00020293
177	0.74487	0.25436	0.00057242	0.00019541
178	0.74347	0.25576	0.00057013	0.00019611
179	0.74698	0.25226	0.00057163	0.00019303
180	0.75604	0.2432	0.00057741	0.00018568
181	0.77366	0.22558	0.00058966	0.00017186
182	0.80356	0.19568	0.00061113	0.0001488
183	0.81524	0.184	0.00061866	0.00013968
184	0.83622	0.16303	0.00063312	0.0001236
185	0.86764	0.13161	0.00065545	9.9677e-05
186	0.88037	0.11888	0.00066367	8.9878e-05
187	0.84584	0.15341	0.00063615	0.00011581
188	0.82292	0.17633	0.00061757	0.00013281
189	0.80988	0.18937	0.00060644	0.00014235
190	0.80282	0.19643	0.00059988	0.00014735
191	0.80174	0.19751	0.00059777	0.00014787
192	0.80536	0.1939	0.00059922	0.00014486
193	0.81419	0.18507	0.00060457	0.00013796
194	0.83113	0.16813	0.00061589	0.00012508
195	0.8598	0.13946	0.00063578	0.00010362
196	0.87215	0.12711	0.0006435	9.4306e-05
197	0.8918	0.10747	0.0006566	7.9633e-05
198	0.9215	0.077766	0.00067712	5.7561e-05
199	0.93423	0.065038	0.00068511	4.8045e-05
200	0.95572	0.04355	0.00069945	3.2156e-05
201	0.98732	0.011945	0.00072122	8.8569e-06
202	0.98671	0.012561	0.00071928	9.2892e-06
203	0.98772	0.011556	0.00071855	8.5278e-06
204	0.99053	0.0087463	0.00071916	6.4434e-06
205	0.99547	0.0038022	0.00072135	2.7981e-06
206	0.99531	0.0039718	0.00071981	2.9067e-06
207	0.99645	0.0028272	0.0007192	2.0648e-06
208	0.99889	0.00039335	0.00071954	2.8756e-07
209	0.99918	9.8212e-05	0.00071835	7.1867e-08
210	0.99621	0.0030697	0.00071476	2.2308e-06
211	0.99	0.0092851	0.00070886	6.7238e-06
212	0.98632	0.012961	0.00070484	9.361e-06
213	0.98467	0.014619	0.0007023	1.0533e-05
214	0.9848	0.014492	0.00070106	1.0419e-05
215	0.98706	0.012234	0.00070132	8.7901e-06
216	0.99147	0.0078184	0.00070314	5.6226e-06
217	0.98985	0.0094429	0.00070067	6.7671e-06
218	0.99001	0.0092863	0.00069945	6.6473e-06
219	0.99167	0.0076231	0.00069932	5.4555e-06
220	0.99155	0.007749	0.00069793	5.5339e-06
221	0.99281	0.0064834	0.00069755	4.6245e-06
222	0.99264	0.0066639	0.00069616	4.7384e-06
223	0.98425	0.015046	0.00068898	1.0637e-05
224	0.97964	0.019662	0.00068444	1.3875e-05
225	0.97743	0.02187	0.00068163	1.5404e-05
226	0.97067	0.028637	0.00067566	2.0107e-05
227	0.9675	0.031809	0.00067219	2.2294e-05
228	0.96724	0.03207	0.00067074	2.2453e-05
229	0.94961	0.049703	0.00065712	3.4767e-05
230	0.90904	0.090268	0.00062759	6.2998e-05
231	0.88174	0.11757	0.00060748	8.1843e-05
232	0.86549	0.13383	0.00059504	9.2991e-05
233	0.85549	0.14383	0.00058701	9.9744e-05
234	0.85057	0.14875	0.00058255	0.00010295
235	0.84989	0.14942	0.00058105	0.00010321
236	0.85444	0.14488	0.0005831	9.991e-05
237	0.86381	0.13551	0.00058848	9.3292e-05
238	0.85123	0.14809	0.00057881	0.00010172
239	0.84414	0.15518	0.00057294	0.00010635
240	0.84264	0.15668	0.00057086	0.00010718
241	0.8464	0.15292	0.00057234	0.00010444
242	0.8549	0.14443	0.00057704	9.8491e-05
243	0.86947	0.12985	0.00058589	8.8414e-05
244	0.76229	0.23704	0.00051177	0.00016123
245	0.69493	0.3044	0.00046488	0.00020681
246	0.6486	0.35073	0.00043256	0.00023783
247	0.62036	0.37897	0.00041253	0.00025655
248	0.60202	0.39731	0.00039931	0.00026847
249	0.55698	0.44236	0.00036825	0.00029825
250	0.52959	0.46975	0.00034908	0.00031612
251	0.51188	0.48746	0.00033652	0.0003274
252	0.50174	0.4976	0.00032909	0.00033357
253	0.49897	0.50037	0.00032654	0.00033484
254	0.50155	0.49779	0.00032756	0.00033255
255	0.50983	0.48951	0.00033236	0.00032649
256	0.52517	0.47417	0.00034181	0.0003158
257	0.54938	0.44996	0.00035711	0.00029927
258	0.58567	0.41367	0.00038035	0.00027482
259	0.59959	0.39976	0.00038884	0.00026512
260	0.62224	0.37711	0.00040309	0.00024968
261	0.66003	0.33932	0.00042718	0.00022439
262	0.71532	0.28403	0.00046275	0.00018764
263	0.79543	0.20392	0.0005146	0.00013461
264	0.92243	0.076917	0.00059686	5.1165e-05
265	0.92486	0.074496	0.00059732	4.951e-05
266	0.9059	0.093457	0.00058379	6.1853e-05
267	0.89386	0.1055	0.00057486	6.9607e-05
268	0.86442	0.13494	0.00055469	8.862e-05
269	0.84506	0.1543	0.00054118	0.00010099
270	0.83304	0.16632	0.00053249	0.00010856
271	0.8026	0.19676	0.00051204	0.0001279
272	0.73235	0.26702	0.00046627	0.00017257
273	0.68851	0.31085	0.00043744	0.0002003
274	0.65925	0.34011	0.00041808	0.00021857
275	0.64234	0.35703	0.00040658	0.00022896
276	0.63417	0.3652	0.00040065	0.00023377
277	0.63162	0.36775	0.00039834	0.00023498
278	0.61714	0.38223	0.00038844	0.00024377
279	0.60951	0.38985	0.00038295	0.00024815
280	0.53017	0.4692	0.00033212	0.00029788
281	0.47537	0.524	0.00029704	0.00033185
282	0.43786	0.56152	0.00027302	0.00035478
283	0.41267	0.5867	0.00025684	0.00036988
284	0.39846	0.60091	0.00024753	0.00037811
285	0.39092	0.60846	0.00024243	0.00038213
286	0.39017	0.6092	0.00024156	0.00038191
287	0.39607	0.6033	0.0002448	0.00037758
288	0.40987	0.5895	0.00025289	0.00036837
289	0.43452	0.56486	0.00026761	0.00035253
290	0.47177	0.52761	0.00029012	0.00032892
291	0.52619	0.47319	0.00032321	0.00029473
292	0.52793	0.47146	0.00032366	0.00029317
293	0.53689	0.46249	0.00032853	0.00028719
294	0.55284	0.44655	0.0003377	0.00027691
295	0.55469	0.44469	0.00033822	0.0002753
296	0.56218	0.43721	0.00034222	0.00027021
297	0.57653	0.42286	0.00035046	0.00026091
298	0.60211	0.39728	0.00036549	0.0002448
299	0.64081	0.35858	0.00038856	0.00022066
300	0.69739	0.302	0.00042257	0.00018559
301	0.72158	0.27782	0.0004367	0.00017042
302	0.7616	0.23779	0.00046041	0.00014566
303	0.82	0.1794	0.00049534	0.00010969
304	0.84766	0.15174	0.00051134	9.2641e-05
305	0.88842	0.11098	0.00053531	6.7626e-05
306	0.95358	0.045814	0.00057396	2.7926e-05
307	0.96176	0.037634	0.00057795	2.2899e-05
308	0.97479	0.024609	0.00058489	1.4932e-05
309	0.99626	0.0031453	0.00059689	1.9018e-06
310	0.99919	0.00021096	0.00059761	1.2753e-07
311	0.99918	0.00022374	0.00059657	1.3405e-07
312	0.99927	0.00013926	0.00059558	8.352e-08
313	0.97822	0.021185	0.00058199	1.2641e-05
314	0.96544	0.033971	0.00057333	2.0252e-05
315	0.95727	0.042139	0.00056748	2.5072e-05
316	0.95264	0.046769	0.00056376	2.7766e-05
317	0.95155	0.047855	0.00056214	2.8362e-05
318	0.95323	0.046177	0.00056217	2.7314e-05
319	0.9381	0.061313	0.00055226	3.6192e-05
320	0.92846	0.070955	0.00054565	4.1787e-05
321	0.92391	0.075508	0.00054202	4.4388e-05
322	0.76364	0.23577	0.00044737	0.00013803
323	0.66255	0.33687	0.00038745	0.00019692
324	0.59341	0.40601	0.00034652	0.00023684
325	0.55039	0.44903	0.00032085	0.00026148
326	0.52433	0.47508	0.00030509	0.00027621
327	0.50965	0.48977	0.00029597	0.00028428
328	0.50169	0.49773	0.00029081	0.00028841
329	0.47572	0.5237	0.0002753	0.00030289
330	0.45931	0.54011	0.00026539	0.00031179
331	0.42052	0.57891	0.00024261	0.00033355
332	0.39714	0.60229	0.00022872	0.0003464
333	0.38417	0.61526	0.00022083	0.00035325
334	0.37738	0.62204	0.00021655	0.00035649
335	0.37727	0.62215	0.00021607	0.00035592
336	0.38378	0.61564	0.00021936	0.00035158
337	0.39666	0.60277	0.0002263	0.0003436
338	0.41995	0.57949	0.00023909	0.00032975
339	0.45853	0.5409	0.00026045	0.00030733
340	0.51555	0.48388	0.00029223	0.0002745
341	0.60632	0.39312	0.00034284	0.00022282
342	0.73866	0.26078	0.00041685	0.00014775
343	0.80282	0.19662	0.00045212	0.00011142
344	0.83031	0.16913	0.00046672	9.5767e-05
345	0.8422	0.15724	0.00047249	8.8942e-05
346	0.8449	0.15454	0.00047304	8.7308e-05
347	0.85231	0.14713	0.00047627	8.3021e-05
348	0.8655	0.13394	0.00048273	7.5504e-05
349	0.88633	0.11311	0.00049348	6.3721e-05
350	0.88307	0.11638	0.00049071	6.545e-05
351	0.88372	0.11572	0.00049015	6.4971e-05
352	0.8884	0.11105	0.00049186	6.2243e-05
353	0.89775	0.1017	0.00049619	5.6907e-05
354	0.91459	0.084853	0.00050464	4.7439e-05
355	0.91049	0.088958	0.00050141	4.9636e-05
356	0.90991	0.08954	0.00050017	4.9865e-05
357	0.91277	0.086677	0.00050085	4.8179e-05
358	0.90987	0.089586	0.00049832	4.9692e-05
359	0.91051	0.088942	0.00049777	4.9235e-05
360	0.9148	0.084655	0.00049925	4.6766e-05
361	0.92433	0.075125	0.00050358	4.1439e-05
362	0.93946	0.059997	0.00051099	3.304e-05
363	0.96219	0.037269	0.00052258	2.0472e-05
364	0.97276	0.026694	0.00052743	1.4637e-05
365	0.97687	0.022591	0.00052874	1.2352e-05
366	0.98476	0.014703	0.00053208	8.0201e-06
367	0.98831	0.011152	0.00053303	6.0729e-06
368	0.99441	0.0050476	0.00053537	2.7403e-06
369	0.99742	0.0020389	0.00053601	1.1052e-06
370	0.99722	0.0022464	0.00053489	1.2148e-06
371	0.99619	0.003277	0.00053334	1.7648e-06
372	0.9939	0.0055673	0.0005311	2.9915e-06
373	0.99302	0.0064479	0.00052963	3.4563e-06
374	0.99366	0.0058061	0.00052896	3.1101e-06
375	0.99568	0.0037903	0.00052905	2.0303e-06
376	0.99624	0.0032347	0.00052836	1.7298e-06
377	0.99796	0.0015134	0.00052831	8.0871e-07
378	0.99877	0.00069933	0.00052779	3.7266e-07
379	0.99815	0.0013205	0.00052652	6.9808e-07
380	0.99696	0.0025168	0.00052494	1.3266e-06
381	0.9942	0.0052739	0.00052255	2.7687e-06
382	0.99318	0.0062976	0.00052107	3.3002e-06
383	0.99367	0.0058061	0.00052036	3.0389e-06
384	0.99551	0.0039688	0.00052037	2.072e-06
385	0.99931	0.00017074	0.00052139	8.9548e-08
386	0.99887	0.00061117	0.0005202	3.2019e-07
387	0.99914	0.00033942	0.0005194	1.7829e-07
388	0.99647	0.0030162	0.00051708	1.5759e-06
389	0.99515	0.004335	0.00051549	2.2595e-06
390	0.99501	0.0044704	0.00051452	2.3248e-06
391	0.99377	0.0057191	0.00051297	2.9691e-06
392	0.99381	0.0056709	0.0005121	2.9385e-06
393	0.99538	0.0041061	0.000512	2.129e-06
394	0.99565	0.0038395	0.00051124	1.9887e-06
395	0.99043	0.0090618	0.00050764	4.6844e-06
396	0.97839	0.021101	0.00050055	1.0872e-05
397	0.97144	0.028049	0.00049608	1.4433e-05
398	0.96761	0.031883	0.00049324	1.6376e-05
399	0.96628	0.033212	0.00049171	1.7025e-05
400	0.96735	0.032146	0.00049142	1.6445e-05
401	0.97096	0.028533	0.00049244	1.4562e-05
402	0.97832	0.021173	0.00049535	1.0785e-05
403	0.9812	0.018295	0.00049595	9.3047e-06
404	0.98655	0.012942	0.00049781	6.569e-06
405	0.98871	0.010789	0.00049803	5.4684e-06
406	0.98888	0.010615	0.00049723	5.373e-06
407	0.99068	0.0088192	0.00049726	4.4585e-06
408	0.9943	0.0052035	0.00049822	2.6268e-06
409	0.99325	0.0062486	0.00049682	3.147e-06
410	0.9935	0.0060056	0.00049608	3.0178e-06
411	0.9872	0.012299	0.00049209	6.146e-06
412	0.94238	0.057126	0.0004689	2.8466e-05
413	0.9145	0.085004	0.00045418	4.2308e-05
414	0.89767	0.10183	0.00044497	5.0624e-05
415	0.85804	0.14147	0.0004245	7.0206e-05
416	0.83115	0.16835	0.00041047	8.3367e-05
417	0.8154	0.18411	0.00040194	9.1008e-05
418	0.80742	0.19209	0.00039725	9.48e-05
419	0.80551	0.19399	0.00039555	9.5597e-05
420	0.80826	0.19125	0.00039616	9.4092e-05
421	0.70176	0.29775	0.00034322	0.00014614
422	0.62796	0.37155	0.00030659	0.0001819
423	0.5771	0.42241	0.00028133	0.0002063
424	0.46966	0.52985	0.00022859	0.00025816
425	0.40207	0.59745	0.00019531	0.00029056
426	0.35983	0.63969	0.0001744	0.00031057
427	0.26343	0.73608	0.00012741	0.00035668
428	0.20261	0.7969	9.7716e-05	0.00038548
429	0.16094	0.83857	7.7447e-05	0.00040486
430	0.13492	0.8646	6.4749e-05	0.00041666
431	0.11719	0.88233	5.6119e-05	0.0004244
432	0.1056	0.89392	5.0482e-05	0.00042915
433	0.0758	0.92372	3.621e-05	0.00044255
434	0.057092	0.94243	2.7241e-05	0.00045063
435	0.045496	0.95403	2.1671e-05	0.00045531
436	0.038541	0.96098	1.8318e-05	0.00045776
437	0.034745	0.96478	1.6471e-05	0.0004587
438	0.033291	0.96623	1.5736e-05	0.00045852
439	0.033433	0.96609	1.5765e-05	0.00045758
440	0.035673	0.96385	1.6777e-05	0.00045565
441	0.040487	0.95904	1.8984e-05	0.00045252
442	0.040227	0.9593	1.8799e-05	0.00045177
443	0.041757	0.95777	1.9458e-05	0.00045019
444	0.045206	0.95433	2.1016e-05	0.00044771
445	0.051873	0.94766	2.4052e-05	0.00044374
446	0.062117	0.93742	2.8745e-05	0.00043812
447	0.078843	0.92069	3.6396e-05	0.00042954
448	0.074458	0.92508	3.4276e-05	0.00043074
449	0.073473	0.92606	3.3727e-05	0.00043035
450	0.074913	0.92462	3.4307e-05	0.00042885
451	0.06931	0.93023	3.1652e-05	0.00043058
452	0.066443	0.9331	3.0274e-05	0.00043104
453	0.066024	0.93352	3.003e-05	0.00043038
454	0.058283	0.94126	2.6455e-05	0.00043305
455	0.053515	0.94603	2.4254e-05	0.00043435
456	0.051754	0.94779	2.3417e-05	0.00043428
457	0.043713	0.95583	1.9725e-05	0.00043706
458	0.038498	0.96105	1.7335e-05	0.00043854
459	0.035495	0.96405	1.596e-05	0.00043901
460	0.034743	0.9648	1.5597e-05	0.00043847
461	0.036082	0.96346	1.6172e-05	0.00043697
462	0.039785	0.95976	1.78e-05	0.00043442
463	0.038044	0.9615	1.6984e-05	0.00043432
464	0.03852	0.96103	1.7157e-05	0.00043322
465	0.040785	0.95877	1.8135e-05	0.00043131
466	0.038328	0.96122	1.6995e-05	0.00043153
467	0.037673	0.96188	1.6667e-05	0.00043093
468	0.039204	0.96035	1.7305e-05	0.00042936
469	0.043247	0.95631	1.9044e-05	0.00042668
470	0.049771	0.94978	2.1877e-05	0.00042291
471	0.060838	0.93872	2.6684e-05	0.00041716
472	0.078803	0.92075	3.4474e-05	0.00040842
473	0.10475	0.89481	4.574e-05	0.00039621
474	0.14258	0.85698	6.2189e-05	0.00037883
475	0.15803	0.84153	6.8815e-05	0.00037127
476	0.148	0.85157	6.4286e-05	0.00037487
477	0.14252	0.85704	6.1778e-05	0.00037646
478	0.1417	0.85787	6.1292e-05	0.00037602
479	0.14431	0.85525	6.2313e-05	0.00037408
480	0.11571	0.88386	4.9783e-05	0.00038568
481	0.096299	0.90327	4.1308e-05	0.00039323
482	0.083342	0.91622	3.5662e-05	0.00039796
483	0.075001	0.92457	3.2032e-05	0.00040067
484	0.069982	0.92959	2.9845e-05	0.00040195
485	0.068355	0.93121	2.9107e-05	0.00040178
486	0.06906	0.93051	2.9376e-05	0.0004006
487	0.072995	0.92658	3.1017e-05	0.00039804
488	0.08098	0.91859	3.4372e-05	0.00039376
489	0.093429	0.90614	3.9635e-05	0.00038758
490	0.11387	0.8857	4.8267e-05	0.00037802
491	0.14354	0.85603	6.082e-05	0.00036454
492	0.18691	0.81267	7.9201e-05	0.00034525
493	0.20636	0.79322	8.7301e-05	0.00033622
494	0.23829	0.76128	0.00010062	0.00032197
495	0.28946	0.71012	0.00012196	0.00029969
496	0.28994	0.70964	0.00012186	0.00029883
497	0.2966	0.70298	0.00012434	0.00029539
498	0.29167	0.70791	0.00012197	0.0002968
499	0.29281	0.70677	0.00012213	0.00029567
500	0.30026	0.69932	0.0001249	0.00029193
501	0.31394	0.68564	0.00013026	0.00028561
502	0.33803	0.66156	0.00013987	0.00027502
503	0.37378	0.6258	0.00015427	0.00025965
504	0.4314	0.56819	0.00017753	0.00023541
505	0.51568	0.48391	0.0002117	0.00020027
506	0.63855	0.36104	0.00026164	0.00014937
507	0.8152	0.18439	0.00033357	7.6484e-05
508	0.83841	0.16118	0.00034234	6.6778e-05
509	0.84799	0.1516	0.00034545	6.2713e-05
510	0.84786	0.15173	0.00034459	6.263e-05
511	0.81053	0.18907	0.00032855	7.7732e-05
512	0.78571	0.21388	0.00031772	8.7637e-05
513	0.7715	0.2281	0.00031121	9.3212e-05
514	0.7354	0.2642	0.00029591	0.00010759
515	0.71125	0.28835	0.00028552	0.00011706
516	0.69771	0.30189	0.00027942	0.00012224
517	0.58798	0.41161	0.00023463	0.00016609
518	0.519	0.4806	0.00020633	0.00019344
519	0.47598	0.52362	0.00018853	0.00021028
520	0.44687	0.55273	0.00017642	0.00022144
521	0.43005	0.56956	0.00016925	0.00022766
522	0.42028	0.57933	0.00016493	0.00023102
523	0.39021	0.60939	0.00015262	0.00024238
524	0.37037	0.62924	0.00014443	0.00024963
525	0.35836	0.64125	0.00013938	0.00025375
526	0.328	0.6716	0.00012713	0.00026505
527	0.31004	0.68957	0.00011977	0.00027147
528	0.29928	0.70033	0.00011528	0.00027502
529	0.29403	0.70558	0.00011295	0.0002764
530	0.29358	0.70603	0.00011252	0.00027591
531	0.29926	0.70035	0.00011443	0.00027305
532	0.26824	0.73138	0.00010223	0.00028432
533	0.24967	0.74994	9.4834e-05	0.00029077
534	0.238	0.76162	9.0137e-05	0.00029453
535	0.20939	0.79022	7.8971e-05	0.00030476
536	0.19012	0.80949	7.144e-05	0.00031135
537	0.17764	0.82198	6.6537e-05	0.00031532
538	0.17028	0.82934	6.3609e-05	0.00031732
539	0.16708	0.83254	6.2271e-05	0.00031773
540	0.16776	0.83186	6.2405e-05	0.00031668
541	0.15842	0.84121	5.8799e-05	0.00031937
542	0.15454	0.84508	5.7236e-05	0.00032002
543	0.15534	0.84429	5.7409e-05	0.00031891
544	0.12182	0.8778	4.4801e-05	0.00033059
545	0.098978	0.90065	3.6236e-05	0.00033822
546	0.083573	0.91605	3.0476e-05	0.00034305
547	0.073424	0.9262	2.6688e-05	0.00034592
548	0.067886	0.93174	2.4595e-05	0.00034708
549	0.065787	0.93384	2.3762e-05	0.00034698
550	0.066078	0.93355	2.3811e-05	0.000346
551	0.068799	0.93083	2.4752e-05	0.00034413
552	0.075131	0.9245	2.6992e-05	0.00034095
553	0.074272	0.92536	2.6617e-05	0.0003404
554	0.075952	0.92368	2.7168e-05	0.00033892
555	0.08041	0.91922	2.8729e-05	0.00033644
556	0.088276	0.91136	3.1524e-05	0.00033273
557	0.088303	0.91133	3.1482e-05	0.00033186
558	0.091161	0.90848	3.2467e-05	0.00032997
559	0.086477	0.91316	3.0751e-05	0.00033078
560	0.085454	0.91419	3.0339e-05	0.00033028
561	0.087889	0.91175	3.1157e-05	0.00032855
562	0.083502	0.91614	2.953e-05	0.00032925
563	0.081902	0.91774	2.8908e-05	0.00032895
564	0.083657	0.91599	2.9471e-05	0.00032746
565	0.078342	0.9213	2.7521e-05	0.00032847
566	0.076642	0.923	2.6847e-05	0.0003282
567	0.077526	0.92212	2.7093e-05	0.00032701
568	0.081866	0.91778	2.8543e-05	0.00032461
569	0.090568	0.90908	3.1501e-05	0.0003207
570	0.10547	0.89418	3.6589e-05	0.00031465
571	0.12973	0.86992	4.4869e-05	0.0003054
572	0.16485	0.8348	5.688e-05	0.00029242
573	0.22071	0.77894	7.5928e-05	0.00027239
574	0.24462	0.75503	8.3926e-05	0.00026342
575	0.28357	0.71608	9.7006e-05	0.00024936
576	0.34002	0.65963	0.00011603	0.00022936
577	0.36598	0.63367	0.00012452	0.00021989
578	0.40493	0.59473	0.0001374	0.00020603
579	0.41994	0.57971	0.00014215	0.00020033
580	0.44631	0.55334	0.00015072	0.0001908
581	0.486	0.51366	0.00016379	0.00017676
582	0.54389	0.45578	0.00018301	0.00015658
583	0.54574	0.45392	0.00018314	0.00015551
584	0.55482	0.44484	0.0001857	0.000152
585	0.57091	0.42875	0.00019062	0.00014613
586	0.59615	0.40352	0.00019862	0.00013719
587	0.63386	0.3658	0.00021081	0.00012406
588	0.69468	0.30498	0.00023067	0.00010326
589	0.67977	0.3199	0.00022502	0.00010795
590	0.6715	0.32817	0.00022163	0.00011039
591	0.66878	0.33089	0.00022012	0.00011095
592	0.67125	0.32842	0.00022036	0.00010979
593	0.68082	0.31885	0.00022291	0.00010629
594	0.69947	0.3002	0.00022843	9.9822e-05
595	0.68597	0.3137	0.00022336	0.00010394
596	0.67882	0.32085	0.00022041	0.00010595
597	0.67725	0.32242	0.00021931	0.00010612
598	0.68224	0.31743	0.00022033	0.00010416
599	0.69487	0.30481	0.0002238	9.9733e-05
600	0.63102	0.36866	0.00020263	0.00011996
601	0.59134	0.40834	0.00018929	0.00013235
602	0.56745	0.43223	0.00018106	0.00013962
603	0.55236	0.44732	0.00017571	0.00014401
604	0.54565	0.45403	0.00017304	0.00014572
605	0.54588	0.4538	0.00017257	0.00014521
606	0.55179	0.44789	0.00017392	0.00014289
607	0.56586	0.43382	0.00017782	0.00013801
608	0.58841	0.41127	0.00018438	0.00013047
609	0.62288	0.3768	0.00019469	0.0001192
610	0.61728	0.38241	0.00019236	0.00012056
611	0.61845	0.38124	0.00019215	0.00011981
612	0.6067	0.39299	0.00018793	0.00012306
613	0.6026	0.39709	0.00018608	0.00012394
614	0.60385	0.39585	0.00018592	0.00012314
615	0.61062	0.38907	0.00018747	0.00012063
616	0.60545	0.39425	0.00018532	0.00012181
617	0.60586	0.39384	0.0001849	0.00012126
618	0.61321	0.38648	0.0001866	0.0001186
619	0.58319	0.4165	0.00017689	0.00012732
620	0.56582	0.43388	0.00017104	0.00013217
621	0.5574	0.4423	0.00016792	0.00013429
622	0.46421	0.53548	0.00013932	0.00016189
623	0.40045	0.59925	0.00011978	0.00018043
624	0.36075	0.63895	0.00010752	0.00019169
625	0.33667	0.66303	9.9967e-05	0.00019823
626	0.32114	0.67856	9.5024e-05	0.00020217
627	0.31211	0.6876	9.2047e-05	0.00020415
628	0.30969	0.69001	9.1026e-05	0.00020416
629	0.31224	0.68746	9.1482e-05	0.0002027
630	0.32147	0.67824	9.3876e-05	0.00019929
631	0.33934	0.66037	9.876e-05	0.00019339
632	0.34296	0.65675	9.9452e-05	0.00019166
633	0.35223	0.64748	0.00010178	0.0001883
634	0.32615	0.67356	9.386e-05	0.00019519
635	0.31113	0.68858	8.9166e-05	0.00019884
636	0.30398	0.69573	8.6751e-05	0.0002002
637	0.30315	0.69656	8.6148e-05	0.00019973
638	0.30711	0.69261	8.6919e-05	0.0001979
639	0.31658	0.68314	8.9253e-05	0.00019452
640	0.33472	0.665	9.3988e-05	0.00018872
641	0.36231	0.63741	0.00010135	0.0001803
642	0.40353	0.59619	0.00011249	0.0001681
643	0.40004	0.59968	0.00011109	0.00016846
644	0.38179	0.61793	0.00010561	0.00017289
645	0.37247	0.62725	0.00010263	0.00017483
646	0.3701	0.62963	0.00010157	0.00017483
647	0.37279	0.62694	0.00010191	0.00017342
648	0.38249	0.61724	0.00010416	0.00017011
649	0.39909	0.60063	0.00010829	0.00016492
650	0.42777	0.57196	0.00011564	0.00015651
651	0.47011	0.52962	0.00012665	0.00014443
652	0.46716	0.53257	0.00012536	0.00014466
653	0.47097	0.52876	0.00012589	0.00014306
654	0.48063	0.5191	0.00012799	0.00013991
655	0.49768	0.50206	0.00013206	0.00013478
656	0.5272	0.47254	0.0001394	0.00012638
657	0.57084	0.42889	0.00015045	0.00011426
658	0.64084	0.3589	0.00016835	9.5296e-05
659	0.74316	0.25657	0.00019468	6.7902e-05
660	0.89046	0.10928	0.00023272	2.8804e-05
661	0.90894	0.090804	0.00023666	2.3822e-05
662	0.93944	0.060304	0.00024367	1.5746e-05
663	0.98846	0.011283	0.00025541	2.9372e-06
664	0.99481	0.004936	0.00025601	1.2773e-06
665	0.99793	0.0018132	0.00025574	4.6647e-07
666	0.99959	0.00015135	0.00025509	3.8812e-08
667	0.99948	0.00026514	0.00025398	6.7342e-08
668	0.99944	0.0003047	0.00025288	7.7082e-08
669	0.99832	0.0014246	0.00025152	3.5792e-07
670	0.99625	0.003499	0.00024991	8.7601e-07
671	0.99562	0.0041316	0.00024865	1.0307e-06
672	0.99629	0.0034602	0.0002477	8.609e-07
673	0.99287	0.0068785	0.00024575	1.7045e-06
674	0.99145	0.0083062	0.00024428	2.0509e-06
675	0.99149	0.0082656	0.00024319	2.0319e-06
676	0.99325	0.0065022	0.0002425	1.5934e-06
677	0.99332	0.0064418	0.00024141	1.5718e-06
678	0.99175	0.0080113	0.00023993	1.944e-06
679	0.99186	0.007898	0.00023884	1.9083e-06
680	0.9934	0.0063612	0.00023811	1.5296e-06
681	0.99693	0.0028277	0.00023784	6.7895e-07
682	0.99653	0.0032355	0.00023663	7.7302e-07
683	0.99719	0.0025776	0.00023568	6.1279e-07
684	0.999	0.00076092	0.00023502	1.7942e-07
685	0.99893	0.00083505	0.00023389	1.9553e-07
686	0.99972	4.8198e-05	0.00023295	1.1265e-08
687	0.99975	1.4661e-05	0.00023184	3.3979e-09
688	0.9997	7.1155e-05	0.0002307	1.652e-08
689	0.99836	0.0014086	0.00022927	3.2489e-07
690	0.99798	0.0017877	0.00022807	4.1008e-07
691	0.99688	0.0028951	0.00022671	6.5948e-07
692	0.99697	0.0028042	0.00022562	6.3592e-07
693	0.9981	0.0016714	0.00022477	3.7677e-07
694	0.99862	0.0011597	0.00022377	2.6025e-07
695	0.9987	0.0010817	0.00022267	2.411e-07
696	0.99972	5.7949e-05	0.00022178	1.2803e-08
697	0.99978	2.5634e-06	0.00022064	5.6713e-10
698	0.99973	4.9673e-05	0.00021949	1.0952e-08
699	0.99963	0.00015331	0.00021834	3.3636e-08
700	0.99898	0.00080322	0.00021705	1.7591e-07
701	0.99791	0.0018724	0.00021569	4.0759e-07
702	0.99791	0.0018727	0.00021454	4.0698e-07
703	0.99432	0.0054692	0.00021263	1.1815e-06
704	0.99241	0.0073735	0.0002111	1.584e-06
705	0.99195	0.0078375	0.00020988	1.6747e-06
706	0.9929	0.0068895	0.00020898	1.4647e-06
707	0.99535	0.0044361	0.0002084	9.387e-07
708	0.99964	0.00015272	0.0002082	3.2526e-08
709	0.98142	0.018376	0.0002033	3.8455e-06
710	0.97042	0.029371	0.00019992	6.1202e-06
711	0.96362	0.036177	0.00019745	7.4987e-06
712	0.94851	0.051285	0.00019326	1.0578e-05
713	0.93896	0.060838	0.00019026	1.248e-05
714	0.93434	0.065457	0.00018827	1.3361e-05
715	0.9216	0.078195	0.00018465	1.5871e-05
716	0.89144	0.10836	0.00017758	2.1848e-05
717	0.87147	0.12833	0.00017263	2.5709e-05
718	0.8244	0.17541	0.00016237	3.488e-05
719	0.79543	0.20437	0.00015576	4.0396e-05
720	0.77839	0.22142	0.00015153	4.3522e-05
721	0.76964	0.23016	0.00014894	4.4995e-05
722	0.76631	0.2335	0.00014743	4.5394e-05
723	0.76791	0.2319	0.00014689	4.4831e-05
724	0.77586	0.22395	0.00014755	4.3063e-05
725	0.77339	0.22642	0.00014622	4.3286e-05
726	0.77565	0.22416	0.00014579	4.2606e-05
727	0.78293	0.21688	0.00014632	4.098e-05
728	0.79798	0.20183	0.00014827	3.7922e-05
729	0.82139	0.17842	0.00015176	3.3332e-05
730	0.85626	0.14356	0.00015734	2.6656e-05
731	0.91242	0.087401	0.00016674	1.6149e-05
732	0.99462	0.0051942	0.00018083	9.5722e-07
733	0.99483	0.0049845	0.00017978	9.1134e-07
734	0.99385	0.0059748	0.00017852	1.0819e-06
735	0.99415	0.0056695	0.00017751	1.0174e-06
736	0.99317	0.0066482	0.00017625	1.1829e-06
737	0.99373	0.006089	0.00017525	1.0756e-06
738	0.99595	0.0038734	0.00017453	6.7985e-07
739	0.99425	0.005574	0.00017314	9.7047e-07
740	0.99408	0.005745	0.00017199	9.9358e-07
741	0.99255	0.0072821	0.0001706	1.252e-06
742	0.98881	0.011022	0.00016883	1.8851e-06
743	0.98704	0.012794	0.0001674	2.1735e-06
744	0.98698	0.01285	0.00016628	2.167e-06
745	0.98894	0.010893	0.00016548	1.8246e-06
746	0.98892	0.010913	0.00016433	1.8164e-06
747	0.99052	0.0093169	0.00016346	1.54e-06
748	0.99039	0.0094493	0.0001623	1.5517e-06
749	0.99178	0.0080551	0.00016138	1.3132e-06
750	0.99523	0.0046044	0.00016079	7.4661e-07
751	0.99401	0.0058328	0.00015944	9.3852e-07
752	0.99427	0.0055698	0.00015832	8.9051e-07
753	0.99583	0.0040134	0.00015741	6.3748e-07
754	0.99893	0.00091541	0.00015675	1.4437e-07
755	0.99791	0.0019368	0.00015543	3.0294e-07
756	0.99783	0.0020126	0.00015426	3.122e-07
757	0.99208	0.0077619	0.0001522	1.1947e-06
758	0.98866	0.011193	0.00015052	1.7082e-06
759	0.98742	0.012428	0.00014917	1.8827e-06
760	0.98812	0.011729	0.0001481	1.7649e-06
761	0.99053	0.0093226	0.00014729	1.3935e-06
762	0.99502	0.0048283	0.00014679	7.1743e-07
763	0.9944	0.0054569	0.00014554	8.0351e-07
764	0.99521	0.004649	0.00014448	6.7977e-07
765	0.99735	0.0025091	0.00014362	3.6479e-07
766	0.99821	0.0016468	0.00014258	2.3778e-07
767	0.99228	0.0075813	0.00014055	1.0835e-06
768	0.84507	0.15479	0.00011859	2.1871e-05
769	0.7521	0.24776	0.00010453	3.4739e-05
770	0.68778	0.31208	9.4712e-05	4.3376e-05
771	0.64786	0.352	8.8382e-05	4.8514e-05
772	0.62383	0.37604	8.4303e-05	5.139e-05
773	0.60861	0.39125	8.1488e-05	5.3005e-05
774	0.60042	0.39945	7.966e-05	5.3639e-05
775	0.59928	0.40059	7.8773e-05	5.3321e-05
776	0.6035	0.39637	7.8601e-05	5.2292e-05
777	0.61366	0.38621	7.9196e-05	5.05e-05
778	0.5247	0.47517	6.7032e-05	6.1471e-05
779	0.46885	0.53102	5.9275e-05	6.8026e-05
780	0.43059	0.56929	5.389e-05	7.2212e-05
781	0.40758	0.5923	5.0489e-05	7.4404e-05
782	0.39301	0.60686	4.8198e-05	7.5489e-05
783	0.38649	0.61339	4.6917e-05	7.5555e-05
784	0.38527	0.61461	4.63e-05	7.496e-05
785	0.39061	0.60927	4.6464e-05	7.3574e-05
786	0.4021	0.59779	4.735e-05	7.1469e-05
787	0.40116	0.59872	4.6757e-05	7.0847e-05
788	0.4069	0.59298	4.6933e-05	6.9446e-05
789	0.41869	0.5812	4.7797e-05	6.736e-05
790	0.4405	0.55939	4.9762e-05	6.4164e-05
791	0.47337	0.52652	5.2929e-05	5.9768e-05
792	0.48505	0.51484	5.3642e-05	5.7817e-05
793	0.50443	0.49546	5.5182e-05	5.5042e-05
794	0.53406	0.46583	5.7803e-05	5.1188e-05
795	0.57844	0.42145	6.1959e-05	4.5802e-05
796	0.64958	0.35031	6.8848e-05	3.7674e-05
797	0.68001	0.31988	7.1273e-05	3.4014e-05
798	0.69065	0.30925	7.1559e-05	3.2497e-05
799	0.70855	0.29135	7.2579e-05	3.0248e-05
800	0.73916	0.26074	7.4843e-05	2.6746e-05
801	0.7889	0.211	7.8947e-05	2.1394e-05
802	0.80988	0.19002	8.0066e-05	1.903e-05
803	0.84475	0.15516	8.2487e-05	1.5355e-05
804	0.89571	0.1042	8.6401e-05	1.019e-05
805	0.9695	0.030403	9.2405e-05	2.9397e-06
806	0.98025	0.019659	9.223e-05	1.8747e-06
807	0.98515	0.014755	9.1465e-05	1.3881e-06
808	0.98694	0.012969	9.0387e-05	1.2036e-06
809	0.9912	0.0087115	8.9517e-05	7.9987e-07
810	0.9927	0.0072104	8.8394e-05	6.5384e-07
811	0.94433	0.055579	8.2826e-05	4.9417e-06
812	0.91424	0.085676	7.8964e-05	7.5115e-06
813	0.89424	0.10567	7.6063e-05	9.1263e-06
814	0.84838	0.15154	7.103e-05	1.2877e-05
815	0.8171	0.18281	6.7343e-05	1.5286e-05
816	0.79628	0.20364	6.46e-05	1.6755e-05
817	0.78337	0.21655	6.2554e-05	1.753e-05
818	0.7777	0.22223	6.1102e-05	1.7701e-05
819	0.77702	0.2229	6.006e-05	1.7467e-05
820	0.78233	0.21759	5.9467e-05	1.6773e-05
821	0.79317	0.20675	5.9282e-05	1.5674e-05
822	0.81123	0.1887	5.9611e-05	1.4065e-05
823	0.81658	0.18334	5.8974e-05	1.3427e-05
824	0.82879	0.17114	5.8802e-05	1.2312e-05
825	0.84851	0.15142	5.9134e-05	1.0697e-05
826	0.85615	0.14378	5.8569e-05	9.9698e-06
827	0.87108	0.12885	5.8464e-05	8.7712e-06
828	0.89427	0.10566	5.8877e-05	7.0589e-06
829	0.8914	0.10854	5.752e-05	7.1062e-06
830	0.89233	0.10761	5.6418e-05	6.902e-06
831	0.8972	0.10273	5.5565e-05	6.4529e-06
832	0.90671	0.093228	5.4989e-05	5.731e-06
833	0.92369	0.076248	5.4825e-05	4.5871e-06
834	0.94945	0.050489	5.5138e-05	2.9687e-06
835	0.991	0.0089408	5.6277e-05	5.15e-07
836	0.99188	0.0080631	5.5027e-05	4.5307e-07
837	0.99466	0.005287	5.3868e-05	2.9029e-07
838	0.99578	0.0041646	5.2618e-05	2.2291e-07
839	0.99582	0.0041331	5.1296e-05	2.1554e-07
840	0.997	0.0029468	5.0037e-05	1.4981e-07
841	0.99482	0.0051358	4.8613e-05	2.5297e-07
842	0.98982	0.010128	4.7066e-05	4.8331e-07
843	0.98707	0.012883	4.5639e-05	5.9656e-07
844	0.98645	0.013505	4.4305e-05	6.0709e-07
845	0.98783	0.012127	4.3048e-05	5.2896e-07
846	0.99107	0.0088889	4.1871e-05	3.7543e-07
847	0.99197	0.0079859	4.0575e-05	3.2651e-07
848	0.99478	0.0051826	3.9342e-05	2.0511e-07
849	0.99964	0.0003257	3.8183e-05	1.2423e-08
850	0.99974	0.00022038	3.684e-05	8.0111e-09
851	0.9992	0.00076268	3.5478e-05	2.6419e-08
852	0.99941	0.00055615	3.4147e-05	1.7874e-08
853	0.99952	0.00044411	3.2802e-05	1.2611e-08
854	0.99845	0.0015175	3.1427e-05	3.9632e-08
855	0.98915	0.010822	2.9857e-05	2.6575e-07
856	0.9683	0.031667	2.8051e-05	7.3119e-07
857	0.95572	0.044256	2.6474e-05	9.5755e-07
858	0.94792	0.052052	2.5036e-05	1.0472e-06
859	0.94445	0.055526	2.3697e-05	1.0274e-06
860	0.944	0.055972	2.2433e-05	9.3663e-07
861	0.94653	0.053451	2.1232e-05	7.8517e-07
862	0.93225	0.067726	2.0985e-05	1.124e-06
863	0.9233	0.076681	2.0852e-05	1.3455e-06
864	0.91935	0.080627	2.0818e-05	1.4584e-06
865	0.90643	0.09355	2.0584e-05	1.7688e-06
866	0.89869	0.10129	2.0462e-05	1.9633e-06
867	0.89511	0.10487	2.0429e-05	2.0653e-06
868	0.89522	0.10476	2.0474e-05	2.0862e-06
869	0.89999	0.099989	2.0609e-05	2.0074e-06
870	0.91041	0.08957	2.0855e-05	1.8096e-06
871	0.92868	0.071295	2.1255e-05	1.4487e-06
872	0.9559	0.044076	2.184e-05	9.0024e-07
873	0.99616	0.0038142	2.2694e-05	7.812e-08
874	0.99747	0.0025089	2.2744e-05	5.2254e-08
875	0.99593	0.0040515	2.2723e-05	8.8299e-08
876	0.99558	0.0044006	2.2725e-05	9.7169e-08
877	0.99386	0.0061161	2.2694e-05	1.3672e-07
878	0.99349	0.0064851	2.269e-05	1.455e-07
879	0.99466	0.0053147	2.2712e-05	1.1942e-07
880	0.99463	0.0053422	2.2704e-05	1.2015e-07
881	0.99585	0.0041276	2.2721e-05	9.2519e-08
882	0.99847	0.0015103	2.2767e-05	3.2871e-08
883	0.99976	0.00021957	2.2779e-05	3.1699e-09
884	0.9918	0.0081769	2.3999e-05	1.9907e-07
885	0.98685	0.013125	2.5278e-05	3.3942e-07
886	0.97536	0.024613	2.6367e-05	6.724e-07
887	0.96803	0.031941	2.7548e-05	9.1833e-07
888	0.96389	0.036078	2.8807e-05	1.0889e-06
889	0.92567	0.074295	2.8967e-05	2.3474e-06
890	0.89963	0.10034	2.9426e-05	3.3114e-06
891	0.88231	0.11766	3.0114e-05	4.0487e-06
892	0.84526	0.15471	3.0036e-05	5.5417e-06
893	0.76853	0.23143	2.8363e-05	8.6201e-06
894	0.71627	0.2837	2.7427e-05	1.0964e-05
895	0.68405	0.31591	2.7134e-05	1.2655e-05
896	0.66307	0.33689	2.7221e-05	1.3969e-05
897	0.6519	0.34805	2.7661e-05	1.4921e-05
898	0.64817	0.35179	2.8388e-05	1.5575e-05
899	0.6497	0.35026	2.9348e-05	1.5999e-05
900	0.65688	0.34307	3.0582e-05	1.6153e-05
901	0.67075	0.3292	3.2161e-05	1.5963e-05
902	0.69555	0.3044	3.4311e-05	1.5193e-05
903	0.73649	0.26346	3.7338e-05	1.3536e-05
904	0.75312	0.24683	3.9215e-05	1.3032e-05
905	0.77882	0.22113	4.1631e-05	1.1992e-05
906	0.82102	0.17892	4.5014e-05	9.9759e-06
907	0.8389	0.16104	4.7147e-05	9.2131e-06
908	0.86895	0.131	5.0019e-05	7.7003e-06
909	0.91301	0.086928	5.3813e-05	5.27e-06
910	0.91665	0.083292	5.5278e-05	5.1725e-06
911	0.92422	0.075719	5.7004e-05	4.8184e-06
912	0.93673	0.063206	5.9071e-05	4.1268e-06
913	0.93169	0.068247	6.0029e-05	4.5485e-06
914	0.93008	0.069857	6.1209e-05	4.7537e-06
915	0.93232	0.067616	6.2635e-05	4.7017e-06
916	0.93888	0.061048	6.4356e-05	4.3442e-06
917	0.95005	0.049885	6.6426e-05	3.6424e-06
918	0.96894	0.030984	6.907e-05	2.3554e-06
919	0.9617	0.038226	6.9828e-05	2.9588e-06
920	0.95773	0.042198	7.0824e-05	3.3294e-06
921	0.95707	0.042851	7.2055e-05	3.4535e-06
922	0.9511	0.048818	7.2862e-05	4.0066e-06
923	0.94898	0.05094	7.3953e-05	4.2648e-06
924	0.95024	0.049679	7.5303e-05	4.2531e-06
925	0.94682	0.053095	7.6267e-05	4.6327e-06
926	0.9463	0.053615	7.7473e-05	4.7738e-06
927	0.94061	0.059306	7.8209e-05	5.3757e-06
928	0.93891	0.061004	7.9271e-05	5.6389e-06
929	0.94016	0.059752	8.0598e-05	5.6428e-06
930	0.94453	0.055384	8.2212e-05	5.3635e-06
931	0.95362	0.046288	8.4251e-05	4.649e-06
932	0.96784	0.032065	8.6786e-05	3.4432e-06
933	0.98934	0.010566	9.0037e-05	1.5267e-06
934	0.98801	0.011902	9.11e-05	1.8032e-06
935	0.98353	0.016378	9.0518e-05	2.1789e-06
936	0.97387	0.026036	8.9434e-05	3.0466e-06
937	0.9686	0.031304	8.8754e-05	3.5006e-06
938	0.96607	0.033834	8.8338e-05	3.6912e-06
939	0.95848	0.041427	8.7431e-05	4.3619e-06
940	0.95496	0.044947	8.6897e-05	4.6504e-06
941	0.95419	0.045719	8.6626e-05	4.6766e-06
942	0.95614	0.043768	8.6619e-05	4.4405e-06
943	0.95356	0.046353	8.6177e-05	4.6398e-06
944	0.95425	0.045658	8.6033e-05	4.5316e-06
945	0.95837	0.041535	8.6203e-05	4.0993e-06
946	0.96599	0.033916	8.6709e-05	3.3325e-06
