#coord	neutral	conserved	gBGC.neutral	gBGC.conserved
1	0.74742	0.17095	0.066107	0.015519
2	0.75629	0.16327	0.065871	0.014566
3	0.77092	0.14972	0.066282	0.013074
4	0.7955	0.12628	0.067434	0.01079
5	0.83511	0.087856	0.069669	0.0073675
6	0.89794	0.026269	0.073516	0.002277
7	0.90673	0.018611	0.073048	0.001613
8	0.91972	0.0066393	0.073056	0.00058271
9	0.92611	0.0011745	0.072613	0.00010456
10	0.9276	0.00051095	0.071843	4.3937e-05
11	0.92804	0.00094789	0.07093	7.7989e-05
12	0.92913	0.00064968	0.070168	5.2202e-05
13	0.93011	0.00050246	0.069345	4.1383e-05
14	0.93088	0.00048444	0.068597	4.0395e-05
15	0.93145	0.00058056	0.067921	4.8313e-05
16	0.93177	0.00084756	0.067309	6.9313e-05
17	0.93186	0.001388	0.066632	0.00011578
18	0.93119	0.002618	0.065975	0.00021544
19	0.92875	0.005516	0.065297	0.00043328
20	0.92322	0.011548	0.064336	0.00089946
21	0.92011	0.015084	0.063647	0.0011583
22	0.91936	0.016302	0.063087	0.0012533
23	0.92026	0.015807	0.062722	0.0012156
24	0.92293	0.013477	0.062555	0.0010387
25	0.92771	0.0089822	0.062613	0.0006952
26	0.93515	0.0017753	0.062939	0.0001368
27	0.9364	0.00078689	0.062751	6.2655e-05
28	0.93625	0.0012281	0.062422	9.7814e-05
29	0.93683	0.00088406	0.062207	7.5458e-05
30	0.93721	0.00077724	0.061939	7.5855e-05
31	0.93743	0.00085067	0.061617	9.9336e-05
32	0.93848	0.0012232	0.060178	0.00011816
33	0.93887	0.0021307	0.058827	0.00017714
34	0.93795	0.0042221	0.057518	0.00031324
35	0.93854	0.004857	0.056246	0.00035393
36	0.94018	0.0043343	0.055167	0.00031596
37	0.93744	0.0082554	0.053727	0.00058117
38	0.93641	0.010351	0.052527	0.00071212
39	0.93688	0.010852	0.051535	0.00073563
40	0.93488	0.013724	0.050498	0.00089684
41	0.9346	0.014794	0.049659	0.00094236
42	0.93596	0.014156	0.049003	0.00088375
43	0.93904	0.011712	0.04853	0.00071735
44	0.94008	0.011351	0.047887	0.00068154
45	0.93889	0.013144	0.047203	0.00075844
46	0.93933	0.013253	0.046681	0.00073999
47	0.94177	0.011384	0.046221	0.00062362
48	0.94662	0.0071423	0.045839	0.00039385
49	0.94882	0.005494	0.045389	0.00029922
50	0.94617	0.0086222	0.044771	0.00043938
51	0.94551	0.009787	0.044211	0.00048789
52	0.94219	0.013562	0.043596	0.00065098
53	0.93358	0.022569	0.042822	0.0010302
54	0.92907	0.0275	0.042193	0.0012329
55	0.92764	0.029391	0.041667	0.0013032
56	0.92888	0.028637	0.041222	0.0012605
57	0.93234	0.02561	0.040937	0.001112
58	0.93271	0.025707	0.040479	0.0011069
59	0.93567	0.023238	0.040093	0.00099821
60	0.94176	0.017673	0.039791	0.00077205
61	0.94386	0.016021	0.039423	0.00069788
62	0.948	0.012271	0.039201	0.00053064
63	0.9554	0.0052828	0.039073	0.0002397
64	0.95608	0.0050527	0.03863	0.00023513
65	0.95824	0.0033699	0.038211	0.00017415
66	0.95206	0.010606	0.03689	0.00044084
67	0.94919	0.014583	0.035648	0.0005757
68	0.94827	0.016516	0.034591	0.00062189
69	0.88527	0.080576	0.031308	0.0028437
70	0.84613	0.12083	0.028889	0.004151
71	0.82242	0.1457	0.027009	0.0048688
72	0.80896	0.16038	0.025463	0.0052008
73	0.77498	0.19547	0.023418	0.0061326
74	0.70296	0.26865	0.020183	0.0082075
75	0.65337	0.31931	0.017933	0.0093845
76	0.62012	0.35356	0.016356	0.0099703
77	0.60065	0.37405	0.01516	0.010138
78	0.58889	0.38676	0.014277	0.010068
79	0.58475	0.39189	0.013561	0.0097941
80	0.586	0.39156	0.013044	0.0093936
81	0.59276	0.38565	0.012711	0.0088779
82	0.58793	0.39127	0.012174	0.0086284
83	0.58979	0.39022	0.011749	0.008238
84	0.59725	0.38352	0.011489	0.0077433
85	0.61307	0.36848	0.011348	0.0071001
86	0.64055	0.34182	0.011361	0.0062726
87	0.68541	0.2978	0.011586	0.0052022
88	0.70399	0.28	0.011375	0.0046386
89	0.73533	0.24946	0.011297	0.0039095
90	0.78595	0.19969	0.011404	0.0029626
91	0.86648	0.12003	0.011767	0.0017222
92	0.87549	0.1118	0.011197	0.0015117
93	0.8917	0.096412	0.01066	0.0012312
94	0.91615	0.072711	0.010267	0.00087464
95	0.92661	0.062936	0.0097497	0.00070602
96	0.94435	0.045916	0.009255	0.00048107
97	0.97066	0.020262	0.0088868	0.00019069
98	0.98387	0.0077437	0.0083226	6.3172e-05
99	0.9907	0.0016386	0.007651	8.6154e-06
100	0.99	0.0023621	0.007624	1.4593e-05
101	0.9904	0.0019904	0.0075926	1.2842e-05
102	0.992	0.00044448	0.007557	3.1323e-06
103	0.99107	0.0014003	0.0075196	1.0928e-05
104	0.99113	0.0013767	0.0074774	1.1372e-05
105	0.99204	0.00049255	0.0074576	4.9589e-06
106	0.9854	0.007151	0.007382	7.0364e-05
107	0.9705	0.022044	0.0072446	0.0002127
108	0.96081	0.031712	0.0071741	0.00030385
109	0.89214	0.10038	0.0065241	0.00096278
110	0.84474	0.14775	0.0061016	0.0014086
111	0.81278	0.17967	0.0058416	0.0017068
112	0.79368	0.19874	0.0056777	0.0018981
113	0.7818	0.21058	0.0055945	0.0020225
114	0.77574	0.21659	0.0055773	0.0020955
115	0.77464	0.21762	0.0056174	0.0021262
116	0.77945	0.21275	0.0056937	0.0021097
117	0.7912	0.20095	0.0058136	0.0020388
118	0.81015	0.18193	0.0060105	0.0019054
119	0.84193	0.1501	0.0062959	0.0016724
120	0.89332	0.09867	0.0067173	0.001292
121	0.91625	0.076004	0.0067748	0.00097493
122	0.92573	0.06675	0.0066878	0.00082734
123	0.94083	0.051869	0.0066837	0.00062021
124	0.96572	0.027207	0.0067548	0.00032274
125	0.97646	0.016666	0.0066814	0.00019304
126	0.99272	0.00058807	0.0066865	6.5664e-06
127	0.9928	0.00070038	0.0064907	6.2879e-06
128	0.99099	0.0027193	0.006266	1.9889e-05
129	0.98721	0.0067319	0.0060125	4.6956e-05
130	0.97917	0.015011	0.0057147	0.00010241
131	0.97425	0.02015	0.0054648	0.00013246
132	0.97184	0.022763	0.0052548	0.00014432
133	0.97156	0.023218	0.0050786	0.00014239
134	0.97378	0.02119	0.0049016	0.0001276
135	0.97832	0.016827	0.0047551	0.00010078
136	0.97953	0.015769	0.0046084	9.2225e-05
137	0.97848	0.016989	0.0044363	9.6385e-05
138	0.97922	0.016402	0.0042903	9.1014e-05
139	0.97711	0.018645	0.0041464	9.9145e-05
140	0.97692	0.018952	0.0040268	9.7507e-05
141	0.97862	0.017364	0.0039296	8.7034e-05
142	0.98241	0.013668	0.0038547	6.7126e-05
143	0.98325	0.01291	0.0037783	6.0962e-05
144	0.9859	0.010333	0.003722	4.6787e-05
145	0.98649	0.0098226	0.0036457	4.2581e-05
146	0.98901	0.0073954	0.0035662	3.1338e-05
147	0.99352	0.0029568	0.0035068	1.2164e-05
148	0.99366	0.0029112	0.0034187	1.1471e-05
149	0.99281	0.0038329	0.0033456	1.3955e-05
150	0.99061	0.0061097	0.0032581	2.1027e-05
151	0.99009	0.0067191	0.0031661	2.2533e-05
152	0.9909	0.0059936	0.0030902	1.9451e-05
153	0.9934	0.0035773	0.0030094	1.1507e-05
154	0.99437	0.002685	0.0029344	8.4014e-06
155	0.99461	0.0025322	0.0028472	7.8053e-06
156	0.99586	0.0013578	0.0027734	4.1787e-06
157	0.99642	0.00086782	0.0027074	2.6262e-06
158	0.99674	0.00062893	0.0026312	1.9881e-06
159	0.9805	0.016929	0.0025229	4.853e-05
160	0.9423	0.055185	0.0023677	0.00015105
161	0.91654	0.080984	0.0022602	0.00021454
162	0.85539	0.14217	0.0020782	0.00036012
163	0.81386	0.18373	0.0019584	0.00045112
164	0.78849	0.20914	0.0018696	0.00050344
165	0.77388	0.22379	0.0017997	0.00052913
166	0.73993	0.25779	0.0016775	0.00059963
167	0.71732	0.28045	0.001593	0.0006391
168	0.70487	0.29295	0.0015259	0.00065381
169	0.69852	0.29934	0.0014801	0.00065373
170	0.69871	0.29921	0.0014419	0.00063873
171	0.68801	0.30997	0.0013744	0.00064581
172	0.68316	0.31488	0.0013264	0.00063966
173	0.6848	0.31329	0.0012852	0.00061969
174	0.69329	0.30487	0.0012496	0.00058676
175	0.70842	0.2898	0.0012309	0.00054328
176	0.73492	0.26337	0.0012218	0.00048295
177	0.74422	0.25414	0.0011888	0.0004529
178	0.74286	0.25555	0.0011434	0.0004411
179	0.7464	0.25207	0.0011114	0.0004215
180	0.75549	0.24303	0.0010931	0.00039366
181	0.77313	0.22543	0.0010802	0.00035376
182	0.80307	0.19556	0.0010754	0.00029881
183	0.81478	0.1839	0.0010484	0.0002715
184	0.83579	0.16295	0.0010251	0.00023357
185	0.86725	0.13155	0.0010183	0.0001845
186	0.88001	0.11883	0.00099081	0.00016125
187	0.84553	0.15336	0.00091194	0.00019425
188	0.82266	0.17628	0.00085414	0.00021088
189	0.80966	0.18932	0.00080219	0.00021526
190	0.80264	0.19639	0.0007619	0.00021239
191	0.80159	0.19749	0.00072209	0.00020278
192	0.80524	0.19388	0.00069086	0.00018879
193	0.8141	0.18506	0.00066787	0.00017046
194	0.83108	0.16813	0.00064517	0.00014577
195	0.85979	0.13947	0.00062371	0.00011365
196	0.8722	0.12712	0.00058097	9.6457e-05
197	0.89189	0.10749	0.00054594	7.5825e-05
198	0.92165	0.077784	0.00051912	5.0902e-05
199	0.93442	0.065057	0.00048305	3.8861e-05
200	0.95597	0.043565	0.00044392	2.3824e-05
201	0.98763	0.01195	0.00041062	6.2469e-06
202	0.98706	0.012567	0.00036555	5.7395e-06
203	0.98811	0.011562	0.00032365	4.5933e-06
204	0.99096	0.008751	0.00028467	2.9578e-06
205	0.99595	0.0038044	0.00024798	9.5415e-07
206	0.99575	0.0039739	0.00027151	1.0875e-06
207	0.99688	0.0028287	0.00029045	8.4581e-07
208	0.9993	0.00039354	0.00031083	1.3141e-07
209	0.99957	9.8257e-05	0.00033169	3.8045e-08
210	0.99658	0.003071	0.00035273	1.2018e-06
211	0.99034	0.0092885	0.00036708	3.9201e-06
212	0.98664	0.012966	0.00038384	5.7348e-06
213	0.98497	0.014623	0.00040301	6.7694e-06
214	0.98507	0.014496	0.00042476	7.0227e-06
215	0.98731	0.012237	0.00044218	6.2783e-06
216	0.99171	0.0078206	0.00046269	4.3336e-06
217	0.99007	0.0094454	0.00048283	5.3526e-06
218	0.99021	0.0092886	0.00049839	5.5048e-06
219	0.99185	0.0076249	0.00051676	4.7812e-06
220	0.99171	0.0077507	0.00053623	5.0285e-06
221	0.99295	0.0064848	0.00055878	4.4076e-06
222	0.99276	0.0066653	0.0005748	4.713e-06
223	0.98435	0.015049	0.00058782	1.0496e-05
224	0.97972	0.019665	0.00059736	1.4139e-05
225	0.9775	0.021873	0.00061103	1.618e-05
226	0.97071	0.02864	0.00062408	2.1476e-05
227	0.96753	0.031812	0.00063376	2.4484e-05
228	0.96726	0.032073	0.00063979	2.5476e-05
229	0.94962	0.049707	0.00063502	3.9899e-05
230	0.90904	0.090274	0.00061558	7.2088e-05
231	0.88172	0.11758	0.0006085	9.4572e-05
232	0.86546	0.13383	0.00060353	0.00010937
233	0.85545	0.14383	0.00060576	0.00011934
234	0.85051	0.14875	0.00061451	0.00012544
235	0.84982	0.14942	0.00062912	0.00012818
236	0.85435	0.14488	0.00064258	0.00012644
237	0.86371	0.13551	0.00066293	0.00012039
238	0.85113	0.14808	0.00065958	0.00013233
239	0.84403	0.15517	0.00066344	0.00013968
240	0.84252	0.15667	0.00066654	0.00014214
241	0.84628	0.15291	0.00066871	0.00013988
242	0.85477	0.14442	0.00067765	0.00013344
243	0.86934	0.12984	0.00069499	0.00012145
244	0.76216	0.23702	0.00059928	0.00021679
245	0.69482	0.30437	0.00053243	0.0002778
246	0.6485	0.35069	0.00048833	0.00031826
247	0.62027	0.37894	0.00045556	0.00034215
248	0.60194	0.39727	0.00043418	0.00035665
249	0.5569	0.44232	0.0003931	0.00039293
250	0.52951	0.46971	0.00036287	0.00041335
251	0.51181	0.48742	0.00034301	0.00042509
252	0.50167	0.49756	0.00033113	0.00043062
253	0.49891	0.50034	0.00032163	0.00042887
254	0.5015	0.49776	0.00031757	0.00042322
255	0.50978	0.48948	0.00031896	0.00041361
256	0.52512	0.47415	0.00032684	0.00039916
257	0.54934	0.44994	0.00034252	0.00037838
258	0.58563	0.41366	0.00036869	0.00034861
259	0.59954	0.39975	0.00037969	0.00033579
260	0.62219	0.3771	0.00039932	0.00031612
261	0.65998	0.33931	0.00042588	0.00028447
262	0.71527	0.28402	0.00046796	0.00023906
263	0.79537	0.20392	0.00053232	0.00017326
264	0.92238	0.07692	0.00062471	7.4046e-05
265	0.92481	0.074499	0.00062233	7.1989e-05
266	0.90585	0.093459	0.00060528	8.7173e-05
267	0.89381	0.1055	0.00059643	9.6658e-05
268	0.86437	0.13494	0.00057658	0.00011942
269	0.845	0.1543	0.00056693	0.0001344
270	0.83297	0.16632	0.00056517	0.00014391
271	0.80253	0.19675	0.00055223	0.00016684
272	0.73227	0.267	0.00051333	0.00021816
273	0.68843	0.31083	0.00048659	0.00025199
274	0.65917	0.34008	0.00047277	0.00027509
275	0.64225	0.35699	0.00046321	0.00028873
276	0.63408	0.36517	0.00045601	0.00029486
277	0.63153	0.36772	0.00045513	0.00029654
278	0.61706	0.3822	0.00044113	0.0003062
279	0.60943	0.38982	0.00043459	0.00031042
280	0.53011	0.46916	0.00037009	0.00036748
281	0.47531	0.52396	0.00032764	0.00040409
282	0.4378	0.56147	0.00030025	0.00042707
283	0.41262	0.58665	0.0002834	0.00044084
284	0.39842	0.60086	0.00027133	0.00044512
285	0.39087	0.60842	0.00026549	0.00044457
286	0.39013	0.60917	0.00026182	0.00043718
287	0.39604	0.60328	0.00026013	0.00042315
288	0.40985	0.58949	0.00026074	0.00040214
289	0.4345	0.56486	0.00026453	0.00037322
290	0.47176	0.52763	0.00027653	0.00033763
291	0.5262	0.47321	0.00029901	0.00029288
292	0.52795	0.47149	0.00028542	0.00027931
293	0.53693	0.46254	0.00027222	0.00026046
294	0.55289	0.44661	0.00026353	0.00023857
295	0.55476	0.44476	0.00024874	0.00022412
296	0.56226	0.43729	0.00023771	0.00020712
297	0.57663	0.42295	0.00023062	0.0001874
298	0.60224	0.39738	0.00022372	0.00016274
299	0.64097	0.35868	0.00022172	0.0001344
300	0.69758	0.30209	0.00022528	0.0001015
301	0.72179	0.27791	0.00021585	8.2665e-05
302	0.76185	0.23788	0.00020548	5.9989e-05
303	0.82029	0.17947	0.00019873	3.4666e-05
304	0.84792	0.15179	0.00024492	3.7349e-05
305	0.88865	0.11102	0.00030033	3.3038e-05
306	0.95379	0.045826	0.00036249	1.6354e-05
307	0.96193	0.037642	0.00041178	1.5415e-05
308	0.97491	0.024612	0.00046756	1.1247e-05
309	0.99633	0.0031457	0.00052275	1.6392e-06
310	0.99922	0.00021097	0.00057342	1.2296e-07
311	0.99915	0.00022373	0.00062626	1.3655e-07
312	0.99919	0.00013925	0.00067278	9.0181e-08
313	0.9781	0.021182	0.00069797	1.506e-05
314	0.96529	0.033965	0.0007214	2.5638e-05
315	0.95709	0.04213	0.0007513	3.3202e-05
316	0.95242	0.046757	0.00078736	3.8309e-05
317	0.9513	0.047841	0.00081983	4.0706e-05
318	0.95294	0.046162	0.00085897	4.0537e-05
319	0.93778	0.061292	0.00087668	5.5431e-05
320	0.9281	0.070928	0.00090283	6.5812e-05
321	0.92352	0.075477	0.00092688	7.1889e-05
322	0.76331	0.23567	0.00078773	0.00023364
323	0.66225	0.33671	0.00069482	0.00034324
324	0.59313	0.40582	0.00063789	0.00042012
325	0.55012	0.44881	0.00060069	0.00047172
326	0.52407	0.47485	0.00057632	0.00050506
327	0.50939	0.48952	0.00056016	0.00052481
328	0.50143	0.49748	0.00055415	0.00053697
329	0.47547	0.52343	0.00053129	0.00056853
330	0.45906	0.53983	0.00052135	0.00058991
331	0.42029	0.5786	0.00048322	0.00063422
332	0.39692	0.60196	0.00045801	0.00066046
333	0.38396	0.61493	0.00044124	0.00067313
334	0.37718	0.62171	0.00043382	0.00067871
335	0.37707	0.62183	0.00043098	0.00067466
336	0.38358	0.61533	0.00043249	0.00066116
337	0.39645	0.60246	0.00044325	0.00064088
338	0.41973	0.5792	0.00046163	0.00060787
339	0.45831	0.54064	0.00049122	0.00055847
340	0.5153	0.48366	0.00054213	0.00049043
341	0.60604	0.39295	0.00061901	0.00039102
342	0.73833	0.26068	0.00073988	0.00025068
343	0.80249	0.19655	0.00078187	0.00018339
344	0.82998	0.16908	0.00079106	0.00015221
345	0.84189	0.1572	0.00077869	0.00013661
346	0.84461	0.15451	0.00075193	0.00012932
347	0.85205	0.1471	0.00073289	0.000118
348	0.86526	0.13392	0.00072204	0.00010195
349	0.8861	0.1131	0.00072076	7.9671e-05
350	0.8827	0.11635	0.00084724	0.00010526
351	0.88321	0.11567	0.00098815	0.00012822
352	0.88773	0.11098	0.0011467	0.00014659
353	0.8969	0.10162	0.0013274	0.00015708
354	0.91357	0.084766	0.0015121	0.00015228
355	0.90929	0.088847	0.0016795	0.00018014
356	0.90852	0.089408	0.0018683	0.00020251
357	0.91117	0.086529	0.0020821	0.00021737
358	0.90807	0.089411	0.0022688	0.00024623
359	0.9085	0.088747	0.0024831	0.00026661
360	0.91255	0.084447	0.0027296	0.00027554
361	0.92183	0.074922	0.0029812	0.00026511
362	0.93667	0.059819	0.0032798	0.00022863
363	0.95906	0.037148	0.0036424	0.00015114
364	0.96934	0.0266	0.0039468	0.00011573
365	0.97314	0.022504	0.0042537	0.00010338
366	0.98072	0.014643	0.0045639	7.1044e-05
367	0.984	0.011103	0.0048391	5.7263e-05
368	0.98979	0.0050243	0.0051567	2.6993e-05
369	0.99252	0.002029	0.0054424	1.1596e-05
370	0.99206	0.002235	0.005694	1.3619e-05
371	0.99075	0.0032593	0.0059657	2.0658e-05
372	0.98822	0.0055357	0.006211	3.7023e-05
373	0.98705	0.0064095	0.006491	4.4676e-05
374	0.98742	0.0057698	0.0067633	4.2683e-05
375	0.98913	0.0037654	0.0070734	2.985e-05
376	0.98936	0.0032124	0.007403	2.6728e-05
377	0.99071	0.0015024	0.0077745	1.3292e-05
378	0.99112	0.00069398	0.0081753	6.3818e-06
379	0.99008	0.0013099	0.0086028	1.1729e-05
380	0.98848	0.0024954	0.009001	2.3148e-05
381	0.9853	0.0052267	0.0094251	4.9452e-05
382	0.98386	0.0062386	0.0098392	6.1824e-05
383	0.98395	0.0057494	0.010244	6.0065e-05
384	0.98533	0.0039282	0.010704	4.2632e-05
385	0.98867	0.00016894	0.011162	2.7787e-06
386	0.98806	0.0006046	0.011326	8.1006e-06
387	0.98814	0.00033572	0.011524	4.8027e-06
388	0.98525	0.0029826	0.011725	3.8991e-05
389	0.98369	0.0042855	0.011971	5.6499e-05
390	0.98326	0.0044181	0.012263	5.8976e-05
391	0.98175	0.0056506	0.012519	7.6991e-05
392	0.9815	0.0056014	0.012825	7.7632e-05
393	0.98276	0.0040548	0.013131	5.8688e-05
394	0.98277	0.0037906	0.013379	5.8227e-05
395	0.97734	0.0089435	0.013574	0.00014019
396	0.96516	0.020819	0.013697	0.00032674
397	0.95802	0.027664	0.013866	0.00044633
398	0.95393	0.031434	0.014118	0.00051801
399	0.95227	0.032732	0.014444	0.00055063
400	0.95294	0.031668	0.01485	0.00054363
401	0.95607	0.028098	0.015344	0.00049036
402	0.96291	0.020842	0.015879	0.00037203
403	0.96536	0.018001	0.016312	0.00033016
404	0.9702	0.012729	0.016837	0.00023851
405	0.97191	0.010608	0.01728	0.00020438
406	0.9717	0.010432	0.01766	0.00020718
407	0.97304	0.0086637	0.018117	0.0001774
408	0.97612	0.0051098	0.018659	0.00010786
409	0.97466	0.0061332	0.01908	0.00013179
410	0.9744	0.005892	0.019574	0.00012905
411	0.96769	0.01206	0.019989	0.00025818
412	0.92325	0.055985	0.019548	0.0012137
413	0.89549	0.083262	0.019384	0.0018653
414	0.8786	0.099692	0.019404	0.0023052
415	0.83936	0.13842	0.018938	0.0032777
416	0.8126	0.16463	0.018799	0.0039722
417	0.79676	0.17994	0.018854	0.0044461
418	0.78856	0.18764	0.019048	0.0047542
419	0.78632	0.1894	0.019355	0.0049245
420	0.78859	0.18661	0.019829	0.0049752
421	0.68426	0.29036	0.017532	0.0078496
422	0.6119	0.36209	0.016083	0.0099274
423	0.56193	0.41137	0.015229	0.011462
424	0.45699	0.51566	0.012735	0.014611
425	0.39096	0.58107	0.011125	0.016852
426	0.34967	0.62175	0.01011	0.018476
427	0.2558	0.71496	0.0075322	0.021709
428	0.19661	0.77352	0.0058288	0.024049
429	0.15605	0.81339	0.0047055	0.025851
430	0.13073	0.83806	0.0039781	0.027241
431	0.11346	0.85461	0.0035143	0.028407
432	0.10216	0.86517	0.0032463	0.029423
433	0.073251	0.89328	0.0024293	0.031036
434	0.055113	0.91064	0.0018914	0.032353
435	0.043872	0.92112	0.0015443	0.033462
436	0.037128	0.92712	0.0013295	0.034422
437	0.033441	0.93008	0.0012101	0.03527
438	0.032014	0.93079	0.0011649	0.036029
439	0.032123	0.92993	0.0011859	0.036764
440	0.034248	0.92706	0.0012768	0.037414
441	0.038843	0.92174	0.0014548	0.03796
442	0.038565	0.92131	0.0014403	0.038683
443	0.04	0.91912	0.0015035	0.039372
444	0.04327	0.91506	0.0016516	0.04002
445	0.049614	0.90793	0.0019143	0.040537
446	0.059366	0.89736	0.0023396	0.040939
447	0.075296	0.88062	0.0030091	0.041078
448	0.071043	0.88401	0.0028634	0.042082
449	0.070045	0.88417	0.002844	0.04294
450	0.071356	0.88197	0.0029424	0.04373
451	0.065951	0.88644	0.0027465	0.044867
452	0.063155	0.88824	0.0026803	0.045929
453	0.062687	0.88765	0.0027359	0.04693
454	0.055261	0.89396	0.0024723	0.04831
455	0.050667	0.89737	0.0023451	0.049617
456	0.048933	0.89795	0.002335	0.050784
457	0.041268	0.90448	0.0019935	0.052259
458	0.036286	0.90826	0.0017928	0.053658
459	0.033399	0.90988	0.0017062	0.055012
460	0.032642	0.9094	0.0017176	0.056245
461	0.033852	0.90696	0.0018293	0.057353
462	0.03728	0.90234	0.0020611	0.058319
463	0.035592	0.90276	0.0020051	0.059642
464	0.035986	0.90112	0.0020604	0.060831
465	0.038047	0.89775	0.0022367	0.061971
466	0.035697	0.8988	0.0021153	0.063383
467	0.035029	0.89811	0.0021148	0.064751
468	0.036399	0.89539	0.0022336	0.065973
469	0.040099	0.89038	0.0024934	0.067029
470	0.046085	0.883	0.0029336	0.067979
471	0.056259	0.87146	0.003645	0.068631
472	0.072786	0.8536	0.0047661	0.068848
473	0.096624	0.82835	0.006477	0.068552
474	0.13134	0.79213	0.0091154	0.067414
475	0.14534	0.77654	0.010391	0.067729
476	0.13585	0.78434	0.0098855	0.069922
477	0.13055	0.78785	0.0097428	0.071857
478	0.12956	0.78709	0.0099008	0.073455
479	0.13168	0.7831	0.010374	0.074841
480	0.1053	0.80766	0.0082689	0.078767
481	0.0874	0.82363	0.0069042	0.082062
482	0.075424	0.83357	0.0060544	0.084955
483	0.067676	0.83915	0.0055759	0.087597
484	0.062955	0.84159	0.0053726	0.090085
485	0.06132	0.84098	0.0054068	0.092293
486	0.061774	0.83816	0.0056773	0.09439
487	0.065119	0.83249	0.0062255	0.096166
488	0.072064	0.82326	0.0071454	0.097529
489	0.082921	0.80999	0.0086066	0.098484
490	0.10081	0.78973	0.010877	0.098584
491	0.12673	0.7613	0.014333	0.097634
492	0.16453	0.72084	0.019655	0.094971
493	0.18113	0.70164	0.022323	0.094905
494	0.20858	0.67164	0.026395	0.09338
495	0.25271	0.62502	0.03263	0.089635
496	0.25236	0.62272	0.033354	0.091559
497	0.25742	0.61508	0.034753	0.092746
498	0.25233	0.61742	0.034841	0.095408
499	0.25255	0.61451	0.035605	0.097332
500	0.25825	0.60619	0.037098	0.098462
501	0.26918	0.59246	0.039576	0.098782
502	0.28899	0.56992	0.04335	0.097739
503	0.31856	0.53744	0.04902	0.09498
504	0.36655	0.48662	0.057592	0.089243
505	0.4367	0.41342	0.070624	0.07925
506	0.53878	0.30808	0.090491	0.062649
507	0.6851	0.15825	0.12048	0.036176
508	0.70149	0.13803	0.12735	0.033131
509	0.70647	0.12938	0.13181	0.03234
510	0.70299	0.12887	0.13493	0.033212
511	0.6679	0.15964	0.13111	0.04136
512	0.64336	0.17948	0.12993	0.047234
513	0.62806	0.19025	0.13034	0.051353
514	0.59451	0.21891	0.12654	0.060047
515	0.57087	0.23727	0.12534	0.066529
516	0.55631	0.24672	0.1258	0.071169
517	0.46404	0.33406	0.10397	0.09794
518	0.40594	0.38737	0.089818	0.11688
519	0.36947	0.41917	0.080837	0.13052
520	0.34438	0.4393	0.075351	0.14097
521	0.32937	0.44946	0.072338	0.14884
522	0.31991	0.45375	0.071179	0.15516
523	0.29472	0.47344	0.065093	0.16674
524	0.27764	0.48468	0.061599	0.17608
525	0.26665	0.48944	0.060103	0.18381
526	0.24206	0.50794	0.053402	0.1966
527	0.22724	0.5168	0.04936	0.2066
528	0.2179	0.51981	0.047286	0.215
529	0.21266	0.51835	0.04668	0.22232
530	0.21089	0.51301	0.047342	0.22876
531	0.21362	0.50332	0.049179	0.23389
532	0.19097	0.52459	0.043895	0.24055
533	0.17734	0.53687	0.040761	0.24503
534	0.16865	0.54411	0.039111	0.24812
535	0.14797	0.56339	0.033785	0.25486
536	0.13398	0.57587	0.030426	0.25973
537	0.12483	0.5834	0.02849	0.26328
538	0.11933	0.58718	0.027651	0.26584
539	0.11676	0.58791	0.027757	0.26758
540	0.11688	0.58581	0.028839	0.26846
541	0.10997	0.59063	0.027766	0.27164
542	0.10692	0.59162	0.027706	0.27375
543	0.10715	0.58938	0.02863	0.27484
544	0.083573	0.61099	0.021675	0.28376
545	0.067507	0.62496	0.017111	0.29042
546	0.05666	0.63357	0.014172	0.29559
547	0.049485	0.63838	0.012363	0.29977
548	0.045519	0.64002	0.01139	0.30307
549	0.043923	0.63933	0.011077	0.30567
550	0.04394	0.63689	0.011351	0.30782
551	0.045571	0.63269	0.012256	0.30948
552	0.049596	0.62614	0.013963	0.3103
553	0.048807	0.62426	0.013932	0.313
554	0.049692	0.62054	0.014593	0.31518
555	0.052378	0.61485	0.016051	0.31672
556	0.057244	0.60681	0.018554	0.3174
557	0.056938	0.60374	0.018988	0.32033
558	0.058445	0.59867	0.020305	0.32258
559	0.055025	0.59831	0.019588	0.32707
560	0.054014	0.59562	0.019744	0.33062
561	0.055227	0.59076	0.020793	0.33322
562	0.052065	0.59008	0.01992	0.33794
563	0.050676	0.5874	0.019916	0.34201
564	0.051413	0.58267	0.020804	0.34512
565	0.047703	0.58215	0.019622	0.35053
566	0.046294	0.5794	0.019389	0.35492
567	0.046456	0.57484	0.020039	0.35866
568	0.04871	0.56826	0.021685	0.36134
569	0.053545	0.55918	0.024615	0.36266
570	0.061994	0.54655	0.029369	0.36209
571	0.075842	0.52859	0.036837	0.35873
572	0.095813	0.50428	0.048152	0.35175
573	0.12757	0.46826	0.065684	0.33848
574	0.1405	0.45081	0.073964	0.33473
575	0.16191	0.42497	0.086877	0.32625
576	0.19289	0.38928	0.10637	0.31146
577	0.20631	0.37126	0.11566	0.30677
578	0.22669	0.34597	0.13005	0.2973
579	0.23329	0.33413	0.13672	0.29587
580	0.24612	0.31618	0.14727	0.29043
581	0.26587	0.29096	0.16348	0.27969
582	0.29494	0.25605	0.18777	0.26124
583	0.29336	0.25195	0.18984	0.26485
584	0.29578	0.244	0.19467	0.26555
585	0.30165	0.23222	0.2029	0.26323
586	0.31192	0.21562	0.21558	0.25688
587	0.32811	0.19265	0.23452	0.24472
588	0.3559	0.15828	0.2628	0.22302
589	0.34707	0.16552	0.2583	0.2291
590	0.3416	0.16925	0.25715	0.23199
591	0.33888	0.17007	0.25902	0.23203
592	0.33868	0.1682	0.26403	0.22909
593	0.34211	0.16278	0.27294	0.22217
594	0.35014	0.15283	0.28718	0.20985
595	0.34203	0.15912	0.28288	0.21596
596	0.33704	0.16213	0.28199	0.21884
597	0.33473	0.16228	0.2843	0.21869
598	0.33575	0.15918	0.28993	0.21514
599	0.34057	0.15235	0.29972	0.20736
600	0.30754	0.18345	0.27029	0.23872
601	0.28678	0.20235	0.25167	0.2592
602	0.27401	0.21333	0.24033	0.27234
603	0.26555	0.21984	0.2339	0.28071
604	0.26128	0.22223	0.23134	0.28516
605	0.26044	0.22124	0.23204	0.28627
606	0.26223	0.21748	0.23603	0.28426
607	0.26794	0.20986	0.24389	0.27831
608	0.27751	0.19821	0.25667	0.26761
609	0.29248	0.18099	0.2766	0.24993
610	0.28833	0.18269	0.27527	0.25372
611	0.28746	0.18118	0.27725	0.25411
612	0.28041	0.18567	0.27258	0.26134
613	0.27705	0.18655	0.27164	0.26476
614	0.27606	0.18486	0.27401	0.26507
615	0.27746	0.18057	0.27988	0.26209
616	0.2732	0.1817	0.2795	0.26559
617	0.27134	0.18018	0.28263	0.26585
618	0.27268	0.17557	0.2894	0.26235
619	0.25704	0.18767	0.27638	0.27891
620	0.24735	0.19393	0.26929	0.28943
621	0.24181	0.19614	0.26657	0.29548
622	0.199	0.23537	0.21868	0.34695
623	0.16955	0.26097	0.18732	0.38216
624	0.15104	0.27573	0.16735	0.40588
625	0.13956	0.28355	0.15502	0.42186
626	0.13178	0.28744	0.14776	0.43302
627	0.12673	0.28833	0.14431	0.44063
628	0.12453	0.28647	0.14407	0.44493
629	0.12426	0.28241	0.14689	0.44644
630	0.12669	0.27575	0.15313	0.44444
631	0.13249	0.26581	0.1638	0.4379
632	0.1325	0.26138	0.16707	0.43904
633	0.13453	0.25464	0.17404	0.43679
634	0.12275	0.26139	0.16132	0.45454
635	0.11553	0.2637	0.15413	0.46664
636	0.11147	0.26295	0.15103	0.47455
637	0.10988	0.25984	0.15127	0.47902
638	0.10993	0.25479	0.15466	0.48062
639	0.11178	0.24761	0.16177	0.47884
640	0.11665	0.23753	0.17368	0.47213
641	0.12446	0.22418	0.19212	0.45924
642	0.13643	0.20628	0.22036	0.43692
643	0.13279	0.20357	0.22099	0.44265
644	0.1241	0.20547	0.21296	0.45747
645	0.11866	0.20429	0.20974	0.4673
646	0.11566	0.20084	0.21048	0.47302
647	0.11406	0.19556	0.21502	0.47537
648	0.11464	0.18826	0.22386	0.47323
649	0.11693	0.17882	0.23823	0.46603
650	0.12257	0.16619	0.26054	0.4507
651	0.1314	0.14991	0.29408	0.42461
652	0.12695	0.14636	0.29614	0.43055
653	0.12451	0.14102	0.30255	0.43192
654	0.12319	0.13401	0.31408	0.42872
655	0.12319	0.12509	0.33241	0.41931
656	0.12607	0.11353	0.36015	0.40025
657	0.13127	0.099022	0.40143	0.36828
658	0.14174	0.079523	0.46366	0.31507
659	0.15723	0.054287	0.55762	0.23086
660	0.17907	0.021928	0.69793	0.10108
661	0.17193	0.017171	0.72667	0.084224
662	0.16695	0.010725	0.76621	0.056117
663	0.16482	0.001882	0.82245	0.01085
664	0.15397	0.00076547	0.84054	0.0047199
665	0.14301	0.00026087	0.85497	0.0017602
666	0.13226	2.0067e-05	0.86749	0.00022582
667	0.12872	3.4295e-05	0.87098	0.0002708
668	0.12533	3.856e-05	0.87434	0.00028844
669	0.12149	0.00017543	0.87709	0.0012433
670	0.11769	0.00041889	0.87881	0.0030849
671	0.11422	0.00048122	0.88158	0.003711
672	0.11105	0.00039315	0.88533	0.0032258
673	0.10711	0.0007564	0.88566	0.0064748
674	0.10356	0.00088396	0.88758	0.0079772
675	0.099836	0.00084942	0.89128	0.0080304
676	0.096439	0.00064685	0.89634	0.0065723
677	0.09254	0.00061578	0.90021	0.0066338
678	0.088654	0.00073266	0.9022	0.0084139
679	0.085085	0.00069017	0.90559	0.0086307
680	0.081303	0.00052804	0.91078	0.0073867
681	0.077831	0.00022105	0.91761	0.004343
682	0.076655	0.00024913	0.9186	0.0044976
683	0.075437	0.00019515	0.92092	0.0034461
684	0.074167	5.6537e-05	0.92477	0.0010026
685	0.072608	6.0752e-05	0.92639	0.00094612
686	0.071177	3.4373e-06	0.92876	5.6284e-05
687	0.069537	1.0211e-06	0.93044	2.3376e-05
688	0.069156	4.9431e-06	0.93076	7.4781e-05
689	0.068714	9.7313e-05	0.92969	0.0015016
690	0.068271	0.00012276	0.92967	0.0019322
691	0.067708	0.00019733	0.92901	0.0030861
692	0.067257	0.00018976	0.92944	0.0031117
693	0.066806	0.00011223	0.93102	0.002066
694	0.066344	7.7053e-05	0.93185	0.0017259
695	0.066585	7.2325e-05	0.93195	0.001388
696	0.066916	3.8963e-06	0.93301	6.9295e-05
697	0.067207	1.7256e-07	0.93279	4.1589e-06
698	0.068581	3.4086e-06	0.93137	4.8587e-05
699	0.069818	1.0713e-05	0.93003	0.00014508
700	0.071073	5.7169e-05	0.92809	0.0007833
701	0.072355	0.00013579	0.92562	0.0018865
702	0.073777	0.00013841	0.92409	0.0019949
703	0.074796	0.00041146	0.91896	0.0058289
704	0.075813	0.00056358	0.9158	0.007824
705	0.076826	0.00060773	0.91426	0.0083077
706	0.077839	0.00054124	0.91429	0.007327
707	0.078877	0.00035269	0.916	0.0047656
708	0.079974	1.2299e-05	0.9198	0.00021786
709	0.079752	0.0014963	0.89996	0.01879
710	0.080138	0.0024295	0.88708	0.030357
711	0.080723	0.0030364	0.87897	0.037273
712	0.080638	0.0043673	0.86197	0.053029
713	0.080879	0.0052508	0.85124	0.062628
714	0.08158	0.0057256	0.84511	0.067585
715	0.081603	0.0069324	0.83019	0.08127
716	0.079922	0.0097279	0.7981	0.11225
717	0.079001	0.011653	0.77739	0.13196
718	0.075456	0.016091	0.73203	0.17643
719	0.073542	0.018939	0.70299	0.20453
720	0.072726	0.02073	0.6849	0.22164
721	0.072701	0.021773	0.67452	0.231
722	0.07309	0.022302	0.66997	0.23464
723	0.07387	0.022346	0.67056	0.23322
724	0.075304	0.021773	0.6766	0.22632
725	0.075658	0.022194	0.67343	0.22872
726	0.076406	0.022138	0.67515	0.2263
727	0.07759	0.021566	0.68212	0.21872
728	0.079593	0.020209	0.696	0.2042
729	0.082392	0.017979	0.71872	0.18091
730	0.086315	0.014549	0.75399	0.14514
731	0.09248	0.00891	0.80918	0.089428
732	0.10131	0.00053226	0.89322	0.0049386
733	0.10184	0.00051313	0.89302	0.0046265
734	0.1023	0.00061765	0.89162	0.0054644
735	0.1028	0.00058869	0.89155	0.0050572
736	0.10321	0.00069319	0.89025	0.0058489
737	0.10381	0.00063796	0.89022	0.0053342
738	0.10462	0.00040798	0.89155	0.0034209
739	0.10494	0.00058947	0.88957	0.0048953
740	0.10546	0.00061045	0.88886	0.0050697
741	0.10587	0.00077756	0.88682	0.0065332
742	0.10608	0.001183	0.88259	0.01015
743	0.10641	0.0013799	0.88041	0.011808
744	0.10684	0.001392	0.87998	0.011795
745	0.10752	0.0011853	0.88123	0.010058
746	0.10803	0.0011929	0.88058	0.010192
747	0.10864	0.0010227	0.88158	0.0087602
748	0.10909	0.0010415	0.88088	0.0089895
749	0.10962	0.0008911	0.88175	0.0077316
750	0.11043	0.00051142	0.88435	0.0047122
751	0.11061	0.00064975	0.88281	0.0059318
752	0.11098	0.0006223	0.88258	0.0058146
753	0.11143	0.00044953	0.8837	0.0044189
754	0.11198	0.00010275	0.88644	0.001477
755	0.11331	0.00022098	0.88413	0.0023408
756	0.1146	0.00023268	0.88291	0.0022593
757	0.11529	0.00090457	0.8762	0.0076002
758	0.11611	0.0013182	0.87192	0.010644
759	0.11725	0.0014797	0.86948	0.011792
760	0.11868	0.0014121	0.86864	0.01127
761	0.12018	0.0011343	0.86959	0.0090992
762	0.12182	0.00059369	0.87271	0.0048737
763	0.12271	0.00067661	0.8712	0.0054075
764	0.12384	0.00058166	0.87089	0.0046857
765	0.12502	0.00031725	0.872	0.0026636
766	0.12616	0.00021075	0.87167	0.0019578
767	0.12632	0.00097528	0.86404	0.0086678
768	0.10806	0.020016	0.70678	0.16515
769	0.09666	0.03223	0.60436	0.26675
770	0.088801	0.04082	0.53585	0.33453
771	0.084087	0.046299	0.49165	0.37797
772	0.081442	0.049742	0.46353	0.40529
773	0.079875	0.052025	0.44571	0.42239
774	0.079166	0.053369	0.43559	0.43187
775	0.079415	0.053784	0.43164	0.43516
776	0.08033	0.053458	0.43287	0.43335
777	0.081996	0.052308	0.43951	0.42618
778	0.070173	0.064545	0.35397	0.51131
779	0.06281	0.072348	0.29844	0.5664
780	0.057773	0.077761	0.26152	0.60295
781	0.05481	0.081121	0.23809	0.62598
782	0.05296	0.083309	0.22325	0.64049
783	0.052216	0.08441	0.215	0.64838
784	0.052169	0.084755	0.21153	0.65155
785	0.053035	0.084207	0.21259	0.65016
786	0.054721	0.08278	0.21824	0.64426
787	0.054723	0.083056	0.21438	0.64784
788	0.055659	0.082417	0.21511	0.64681
789	0.057407	0.080907	0.22024	0.64145
790	0.060564	0.078009	0.23105	0.63038
791	0.065238	0.073535	0.24894	0.61229
792	0.066966	0.07195	0.25407	0.60701
793	0.06974	0.069262	0.26466	0.59633
794	0.073921	0.065111	0.28242	0.57855
795	0.080133	0.05887	0.3106	0.55039
796	0.090104	0.048891	0.35476	0.50624
797	0.095138	0.045321	0.38506	0.47448
798	0.097351	0.044411	0.39666	0.46158
799	0.10059	0.042366	0.41639	0.44066
800	0.1058	0.038391	0.44847	0.40733
801	0.11402	0.031455	0.49887	0.35565
802	0.12037	0.030219	0.53195	0.31746
803	0.12964	0.026232	0.58462	0.25951
804	0.14215	0.018608	0.66469	0.17456
805	0.15956	0.0057047	0.78507	0.049664
806	0.16611	0.0038599	0.79836	0.031674
807	0.17185	0.0030164	0.80164	0.023492
808	0.17724	0.0027387	0.79985	0.020172
809	0.1834	0.0019052	0.80065	0.014045
810	0.18858	0.0016136	0.7982	0.011607
811	0.18418	0.011112	0.74519	0.05952
812	0.18315	0.017452	0.70952	0.089877
813	0.18347	0.021997	0.68546	0.10907
814	0.1778	0.032125	0.63851	0.15157
815	0.17454	0.039485	0.60686	0.17911
816	0.17304	0.04477	0.58576	0.19643
817	0.17287	0.048407	0.57237	0.20635
818	0.17437	0.050515	0.5646	0.21052
819	0.17672	0.051468	0.56159	0.21022
820	0.18059	0.051039	0.56304	0.20533
821	0.18557	0.049217	0.56957	0.19564
822	0.19216	0.04554	0.58279	0.17951
823	0.19555	0.044808	0.58579	0.17385
824	0.20076	0.042358	0.59405	0.16283
825	0.20773	0.037927	0.6094	0.14495
826	0.21185	0.036433	0.61378	0.13794
827	0.21799	0.033039	0.62362	0.12535
828	0.22613	0.027393	0.64107	0.1054
829	0.22742	0.028394	0.63689	0.1073
830	0.2295	0.028396	0.63632	0.10579
831	0.23244	0.027336	0.63955	0.10067
832	0.23648	0.025002	0.64737	0.091145
833	0.24266	0.020614	0.66137	0.075353
834	0.25113	0.013754	0.68424	0.050875
835	0.26412	0.0024543	0.72052	0.012905
836	0.26996	0.0022934	0.71689	0.010853
837	0.27662	0.0015558	0.71496	0.0068613
838	0.2831	0.0012602	0.71048	0.0051626
839	0.28954	0.0012751	0.7044	0.0047847
840	0.29579	0.00092837	0.69992	0.0033529
841	0.30053	0.0016089	0.69299	0.0048787
842	0.3039	0.0031727	0.68457	0.0083578
843	0.3075	0.0040815	0.67833	0.01009
844	0.31195	0.0043385	0.67334	0.010372
845	0.31725	0.0039541	0.6695	0.0092964
846	0.32276	0.0029397	0.66749	0.0068088
847	0.32712	0.0026735	0.66421	0.0059964
848	0.33232	0.0017575	0.66201	0.00391
849	0.33787	0.00011182	0.66176	0.00026228
850	0.34145	7.5938e-05	0.65829	0.00017781
851	0.3445	0.0002636	0.65466	0.00057666
852	0.3475	0.00019386	0.65186	0.00044501
853	0.35061	0.00015619	0.64881	0.00042377
854	0.35302	0.00053766	0.64497	0.0014743
855	0.35262	0.0038642	0.63279	0.010726
856	0.34775	0.011391	0.61017	0.030688
857	0.34588	0.016038	0.59485	0.043228
858	0.34545	0.018995	0.58465	0.050905
859	0.34668	0.020405	0.57794	0.054976
860	0.34878	0.020704	0.57417	0.056351
861	0.35176	0.019893	0.57304	0.055312
862	0.34857	0.025354	0.55631	0.069763
863	0.34713	0.028864	0.54524	0.078766
864	0.34763	0.030519	0.53829	0.083554
865	0.34916	0.036438	0.52417	0.090233
866	0.35203	0.040435	0.51433	0.093213
867	0.35598	0.042798	0.50798	0.093243
868	0.36097	0.043627	0.50483	0.090572
869	0.36816	0.042489	0.50466	0.084696
870	0.3781	0.038835	0.50824	0.074822
871	0.39195	0.03154	0.51707	0.059445
872	0.40964	0.019868	0.5337	0.036796
873	0.43326	0.0017497	0.56188	0.0031088
874	0.43992	0.0011644	0.55692	0.0020031
875	0.44555	0.0018687	0.54969	0.0028903
876	0.45118	0.002045	0.54376	0.0030149
877	0.45569	0.0028547	0.53754	0.0039197
878	0.46035	0.0030526	0.53259	0.0040034
879	0.46596	0.0025271	0.52825	0.0032585
880	0.47123	0.0025631	0.52295	0.0032608
881	0.47665	0.0019993	0.51881	0.0025395
882	0.48235	0.00073847	0.51591	0.0010027
883	0.48703	0.00010827	0.51262	0.00024257
884	0.48682	0.0040182	0.50138	0.0077873
885	0.48771	0.006493	0.49333	0.012474
886	0.48502	0.01225	0.4799	0.022836
887	0.48408	0.015987	0.47054	0.029389
888	0.48446	0.018152	0.46415	0.033234
889	0.47284	0.038191	0.43643	0.052544
890	0.46629	0.052476	0.41668	0.064553
891	0.4634	0.062498	0.40249	0.071616
892	0.45002	0.083286	0.37852	0.088174
893	0.41494	0.12606	0.33511	0.12389
894	0.39163	0.15646	0.30589	0.14601
895	0.37892	0.17652	0.28577	0.15879
896	0.37165	0.19059	0.27207	0.16569
897	0.36986	0.19939	0.2625	0.16824
898	0.37239	0.20411	0.25594	0.16755
899	0.37757	0.20567	0.25227	0.16449
900	0.38575	0.20373	0.25155	0.15897
901	0.39768	0.19757	0.25418	0.15057
902	0.41658	0.18464	0.26077	0.138
903	0.44588	0.16153	0.27301	0.11959
904	0.46026	0.15285	0.27578	0.11111
905	0.48016	0.13822	0.28278	0.098841
906	0.51094	0.11291	0.29556	0.080594
907	0.52636	0.10252	0.29892	0.072206
908	0.54996	0.084138	0.30641	0.059489
909	0.58261	0.056304	0.32001	0.041079
910	0.58896	0.054352	0.31759	0.039098
911	0.59759	0.049762	0.31719	0.035458
912	0.60924	0.041819	0.31924	0.029695
913	0.60895	0.045362	0.31469	0.030997
914	0.61063	0.046654	0.3118	0.030917
915	0.61499	0.045392	0.31017	0.029447
916	0.62241	0.041206	0.30998	0.026405
917	0.63272	0.033847	0.312	0.021434
918	0.64852	0.021136	0.31671	0.013637
919	0.64636	0.026105	0.31158	0.015958
920	0.64614	0.028892	0.30794	0.017033
921	0.64827	0.029442	0.30528	0.017008
922	0.64655	0.033615	0.3011	0.018731
923	0.64754	0.035186	0.29805	0.019217
924	0.65097	0.034441	0.29598	0.018616
925	0.65129	0.036923	0.2921	0.019688
926	0.65336	0.037409	0.28952	0.019704
927	0.65162	0.041482	0.28555	0.021351
928	0.65273	0.042801	0.28271	0.021754
929	0.6557	0.042053	0.28112	0.021126
930	0.66068	0.039096	0.28081	0.019412
931	0.66911	0.032778	0.28185	0.016258
932	0.68104	0.022775	0.28488	0.011305
933	0.69802	0.0075266	0.29075	0.0037049
934	0.699	0.0084891	0.28844	0.0040726
935	0.69755	0.011685	0.28541	0.0053544
936	0.69249	0.018585	0.28067	0.0082461
937	0.69063	0.02239	0.27714	0.0098483
938	0.69052	0.024253	0.27469	0.010546
939	0.68686	0.029756	0.27057	0.012821
940	0.68619	0.032361	0.26754	0.01391
941	0.68731	0.032993	0.26559	0.01411
942	0.69023	0.031656	0.26466	0.013457
943	0.68971	0.033591	0.26263	0.014067
944	0.69164	0.033156	0.26141	0.013785
945	0.69615	0.030226	0.26104	0.012589
946	0.70306	0.024731	0.26188	0.010335
947	0.71307	0.015987	0.26423	0.0067144
948	0.72738	0.0028138	0.26864	0.0011724
949	0.73038	0.0010145	0.26817	0.00044039
950	0.73135	0.0011037	0.26708	0.00046603
951	0.73285	0.00054596	0.26637	0.00023355
952	0.73395	0.00025278	0.26568	0.00010996
953	0.73433	0.00057378	0.26486	0.0002326
954	0.73515	0.00035326	0.26435	0.00014658
955	0.73503	0.00095596	0.26363	0.00037645
956	0.73545	0.00093552	0.26325	0.00036572
957	0.72916	0.0076686	0.26021	0.0029616
958	0.72581	0.011512	0.25818	0.0044961
959	0.72411	0.013604	0.25698	0.0053053
960	0.72383	0.014181	0.25648	0.0055079
961	0.72093	0.01728	0.2552	0.0065912
962	0.72016	0.018296	0.25458	0.0069566
963	0.72131	0.017442	0.25457	0.0066756
964	0.72456	0.014538	0.2552	0.005702
965	0.72982	0.0095294	0.25673	0.0039225
966	0.73775	0.0017511	0.25944	0.0010535
967	0.74052	0.00075899	0.25829	0.0004338
968	0.74206	0.0010719	0.25635	0.00051371
969	0.74407	0.00074717	0.25485	0.00034131
970	0.74563	0.00068489	0.25339	0.00028804
971	0.74586	0.0020506	0.25132	0.00077441
972	0.74679	0.0025427	0.24974	0.00093234
973	0.74226	0.0083476	0.24654	0.0028455
974	0.7404	0.011562	0.24412	0.0039165
975	0.74053	0.012856	0.24225	0.0043606
976	0.7424	0.01249	0.24084	0.0042747
977	0.74558	0.010655	0.24009	0.0036779
978	0.75036	0.007079	0.24009	0.002479
979	0.75725	0.0012465	0.24102	0.00048354
980	0.75776	0.0016784	0.23993	0.00063688
981	0.75914	0.0012956	0.23903	0.00052816
982	0.75867	0.0028376	0.23732	0.0011793
983	0.75903	0.003407	0.23611	0.0014476
984	0.76018	0.0030801	0.23536	0.0013837
985	0.76215	0.0018074	0.23506	0.00098013
986	0.76555	0.0013439	0.23245	0.00065873
987	0.7687	0.0012672	0.22948	0.00055712
988	0.77229	0.00047978	0.22703	0.00020198
989	0.7753	2.674e-05	0.22466	1.0683e-05
990	0.77725	0.00041286	0.22222	0.0001223
991	0.7787	0.0010772	0.21992	0.00030286
992	0.78102	0.00098831	0.21772	0.00027637
993	0.78422	0.00012031	0.21562	4.4816e-05
994	0.78637	0.00034079	0.21314	0.00015374
995	0.79361	0.00068181	0.20548	0.00022642
996	0.80082	0.00042555	0.19862	0.00012971
997	0.80731	0.00029165	0.19232	7.9528e-05
998	0.81152	0.0027198	0.18511	0.00065514
999	0.81633	0.0039715	0.1788	0.0009031
1000	0.78934	0.037294	0.16525	0.0081218
1001	0.77219	0.060227	0.15517	0.012411
1002	0.76399	0.074468	0.14682	0.014722
1003	0.76198	0.082774	0.13953	0.015721
1004	0.76321	0.087315	0.13361	0.015875
1005	0.76855	0.08798	0.12814	0.015332
1006	0.77669	0.085355	0.12372	0.014241
1007	0.78817	0.078925	0.12033	0.012577
1008	0.80409	0.067641	0.11805	0.010213
1009	0.82844	0.048124	0.11659	0.0068413
1010	0.86561	0.015992	0.11632	0.0020776
1011	0.87409	0.012144	0.11233	0.0014366
1012	0.88027	0.01079	0.10777	0.0011706
