#coord	neutral	conserved	gBGC.neutral	gBGC.conserved
1	0.81309	0.18597	0.000764	0.00017499
2	0.82168	0.17738	0.00077056	0.00016656
3	0.83661	0.16246	0.00078308	0.00015219
4	0.86223	0.13684	0.00080551	0.00012789
5	0.90399	0.095083	0.00084285	8.8673e-05
6	0.97068	0.028392	0.00090313	2.6505e-05
7	0.97898	0.020091	0.00090903	1.8735e-05
8	0.99192	0.0071587	0.00091924	6.6742e-06
9	0.99781	0.001265	0.0009229	1.1804e-06
10	0.99853	0.0005498	0.00092175	5.1267e-07
11	0.99806	0.0010192	0.00091952	9.4469e-07
12	0.99838	0.00069797	0.00091803	6.4512e-07
13	0.99854	0.00053934	0.00091639	4.9876e-07
14	0.99857	0.00051959	0.00091463	4.8066e-07
15	0.99846	0.00062224	0.00091277	5.7567e-07
16	0.99818	0.00090783	0.00091077	8.3937e-07
17	0.9976	0.0014858	0.00090851	1.3717e-06
18	0.99629	0.0028007	0.0009056	2.5788e-06
19	0.9932	0.0058981	0.00090107	5.4118e-06
20	0.98675	0.012342	0.00089353	1.1282e-05
21	0.98298	0.016114	0.00088846	1.4692e-05
22	0.98169	0.017407	0.00088563	1.5849e-05
23	0.98223	0.01687	0.00088449	1.534e-05
24	0.98472	0.014378	0.00088513	1.3062e-05
25	0.98952	0.0095794	0.00088787	8.7022e-06
26	0.99721	0.0018927	0.00089323	1.742e-06
27	0.99827	0.00083863	0.00089256	7.9574e-07
28	0.9978	0.0013086	0.00089047	1.2587e-06
29	0.99817	0.00094172	0.00088917	9.5806e-07
30	0.99828	0.00082772	0.00088759	9.1851e-07
31	0.99821	0.00090574	0.00088575	1.1195e-06
32	0.99781	0.0012999	0.0008835	1.7605e-06
33	0.99686	0.002261	0.00088041	3.252e-06
34	0.99465	0.0044755	0.00087088	5.0717e-06
35	0.99399	0.005142	0.00086276	5.4568e-06
36	0.99456	0.004583	0.00085583	4.7028e-06
37	0.99043	0.0087197	0.00084463	8.1944e-06
38	0.98823	0.010921	0.00083521	9.9546e-06
39	0.98772	0.011438	0.00082731	1.0238e-05
40	0.98472	0.014451	0.00081735	1.2632e-05
41	0.98361	0.015565	0.00080906	1.3394e-05
42	0.9843	0.014881	0.00080233	1.2643e-05
43	0.98689	0.012302	0.00079721	1.0333e-05
44	0.98729	0.011914	0.00079021	9.8786e-06
45	0.98542	0.013788	0.00078143	1.1249e-05
46	0.98532	0.013894	0.00077413	1.1187e-05
47	0.9873	0.011927	0.00076844	9.4963e-06
48	0.99175	0.0074781	0.00076464	5.8975e-06
49	0.99349	0.0057489	0.00075871	4.4819e-06
50	0.99022	0.0090196	0.00074897	6.9013e-06
51	0.98902	0.010233	0.00074081	7.735e-06
52	0.98508	0.014175	0.00073069	1.057e-05
53	0.97568	0.023581	0.00071668	1.7336e-05
54	0.97055	0.028722	0.00070588	2.0884e-05
55	0.9686	0.030684	0.00069741	2.2079e-05
56	0.96941	0.029882	0.00069091	2.1282e-05
57	0.97258	0.026712	0.00068612	1.882e-05
58	0.9725	0.0268	0.00067899	1.8684e-05
59	0.9751	0.024215	0.00067368	1.6706e-05
60	0.98091	0.018407	0.00067051	1.2575e-05
61	0.98264	0.016679	0.00066455	1.1274e-05
62	0.98656	0.012769	0.00066007	8.5316e-06
63	0.99384	0.005495	0.00065774	3.6258e-06
64	0.99409	0.0052534	0.00065069	3.4284e-06
65	0.99585	0.0035022	0.00064459	2.2614e-06
66	0.98835	0.011009	0.00063259	7.0326e-06
67	0.98425	0.015119	0.00062282	9.5546e-06
68	0.98227	0.017105	0.00061449	1.0683e-05
69	0.91601	0.083369	0.00056644	5.151e-05
70	0.87451	0.12488	0.00053441	7.6302e-05
71	0.84899	0.15041	0.0005126	9.0863e-05
72	0.83404	0.16536	0.00049745	9.8744e-05
73	0.7981	0.20131	0.00047018	0.00011879
74	0.72305	0.27636	0.00042052	0.00016121
75	0.67132	0.32811	0.0003855	0.00018902
76	0.63651	0.36292	0.00036093	0.00020642
77	0.61589	0.38355	0.00034477	0.0002154
78	0.60326	0.39619	0.00033338	0.00021964
79	0.59842	0.40104	0.00032641	0.00021946
80	0.59915	0.40031	0.00032255	0.00021619
81	0.60556	0.39391	0.00032174	0.00020991
82	0.60016	0.39931	0.00031469	0.00020991
83	0.60158	0.3979	0.00031122	0.00020631
84	0.60875	0.39074	0.00031071	0.0001998
85	0.62439	0.37511	0.00031435	0.00018911
86	0.65184	0.34767	0.00032363	0.00017278
87	0.69687	0.30264	0.00034109	0.00014825
88	0.71521	0.28431	0.00034508	0.00013723
89	0.74643	0.25309	0.00035491	0.00012035
90	0.79711	0.20242	0.00037338	9.4829e-05
91	0.87798	0.12156	0.00040498	5.616e-05
92	0.88641	0.11314	0.00040263	5.1476e-05
93	0.90207	0.097487	0.00040336	4.3689e-05
94	0.92609	0.073465	0.00040762	3.2419e-05
95	0.93602	0.063542	0.00040548	2.7591e-05
96	0.95325	0.046323	0.00040629	1.9796e-05
97	0.97915	0.020427	0.00041056	8.5752e-06
98	0.99179	0.0078011	0.00040895	3.2169e-06
99	0.99795	0.0016496	0.00040452	6.6866e-07
100	0.99722	0.0023785	0.0003973	9.462e-07
101	0.9976	0.0020044	0.00039051	7.8306e-07
102	0.99917	0.00044757	0.00038414	1.718e-07
103	0.99821	0.0014102	0.00037679	5.3303e-07
104	0.99824	0.0013864	0.0003698	5.1576e-07
105	0.99914	0.00049588	0.00036316	1.8273e-07
106	0.99244	0.0071997	0.00035382	2.5978e-06
107	0.97746	0.022194	0.00034168	7.8439e-06
108	0.96773	0.03193	0.00033162	1.1057e-05
109	0.89859	0.10107	0.00030166	3.4203e-05
110	0.85089	0.14878	0.00027981	4.9279e-05
111	0.81874	0.18094	0.00026369	5.8659e-05
112	0.79953	0.20015	0.00025207	6.3523e-05
113	0.7876	0.21209	0.00024301	6.5866e-05
114	0.78154	0.21816	0.00023593	6.6268e-05
115	0.78049	0.21922	0.00023044	6.5104e-05
116	0.78538	0.21433	0.00022667	6.2211e-05
117	0.79726	0.20246	0.0002248	5.7412e-05
118	0.81641	0.18331	0.00022481	5.0755e-05
119	0.84848	0.15125	0.00022803	4.0878e-05
120	0.9003	0.099436	0.00023598	2.6257e-05
121	0.92318	0.076562	0.00023588	1.9725e-05
122	0.93254	0.067215	0.00023214	1.6874e-05
123	0.94755	0.052211	0.00022969	1.2761e-05
124	0.97239	0.027376	0.00022935	6.5206e-06
125	0.98301	0.016764	0.00022545	3.8853e-06
126	0.99919	0.00059133	0.00022269	1.3363e-07
127	0.99908	0.00070439	0.00021621	1.5381e-07
128	0.99705	0.0027355	0.0002093	5.7773e-07
129	0.99303	0.006771	0.00020204	1.3837e-06
130	0.98471	0.015095	0.00019397	2.9885e-06
131	0.97955	0.020259	0.00018665	3.8785e-06
132	0.97693	0.022881	0.00017991	4.2315e-06
133	0.97649	0.023334	0.00017362	4.1636e-06
134	0.97854	0.021292	0.00016774	3.6627e-06
135	0.98293	0.016905	0.00016227	2.7984e-06
136	0.984	0.015839	0.00015624	2.5183e-06
137	0.98279	0.017062	0.00014984	2.6018e-06
138	0.98338	0.01647	0.00014375	2.4039e-06
139	0.98114	0.01872	0.00013729	2.6091e-06
140	0.98084	0.019026	0.00013115	2.5267e-06
141	0.98244	0.017429	0.00012529	2.1975e-06
142	0.98616	0.013718	0.0001197	1.6303e-06
143	0.98693	0.012956	0.00011376	1.4485e-06
144	0.98952	0.01037	0.00010804	1.077e-06
145	0.99004	0.0098562	0.00010206	9.494e-07
146	0.99248	0.0074201	9.6246e-05	6.4458e-07
147	0.99694	0.0029664	9.0617e-05	1.8627e-07
148	0.99699	0.0029205	8.9888e-05	2.0135e-07
149	0.99607	0.003845	8.9086e-05	2.915e-07
150	0.99378	0.0061288	8.8172e-05	4.9582e-07
151	0.99317	0.0067395	8.7399e-05	5.5219e-07
152	0.9939	0.0060114	8.6744e-05	4.93e-07
153	0.99633	0.0035876	8.6221e-05	2.9333e-07
154	0.99722	0.0026925	8.5574e-05	2.1996e-07
155	0.99738	0.0025391	8.4858e-05	2.0798e-07
156	0.99855	0.0013614	8.4229e-05	1.1072e-07
157	0.99905	0.00087006	8.3545e-05	6.9968e-08
158	0.99929	0.0006305	8.2833e-05	4.974e-08
159	0.98295	0.016971	8.081e-05	1.3426e-06
160	0.9446	0.055319	7.7075e-05	4.3407e-06
161	0.91874	0.081176	7.4376e-05	6.3039e-06
162	0.85742	0.1425	6.9002e-05	1.0943e-05
163	0.81577	0.18415	6.5224e-05	1.3988e-05
164	0.79031	0.20962	6.2716e-05	1.5757e-05
165	0.77564	0.22429	6.1045e-05	1.6681e-05
166	0.74157	0.25835	5.7972e-05	1.9008e-05
167	0.71888	0.28105	5.5787e-05	2.0449e-05
168	0.70637	0.29356	5.4367e-05	2.1118e-05
169	0.69997	0.29995	5.3412e-05	2.1323e-05
170	0.70012	0.2998	5.2935e-05	2.1043e-05
171	0.68936	0.31057	5.1675e-05	2.1538e-05
172	0.68446	0.31547	5.0847e-05	2.1603e-05
173	0.68607	0.31386	5.0478e-05	2.1202e-05
174	0.69452	0.30541	5.0587e-05	2.0316e-05
175	0.70963	0.2903	5.1159e-05	1.8968e-05
176	0.73613	0.2638	5.2507e-05	1.6837e-05
177	0.74539	0.25454	5.2617e-05	1.5945e-05
178	0.74399	0.25594	5.2003e-05	1.5778e-05
179	0.7475	0.25244	5.1717e-05	1.5284e-05
180	0.75656	0.24337	5.1799e-05	1.4423e-05
181	0.7742	0.22574	5.2431e-05	1.3004e-05
182	0.80412	0.19581	5.3847e-05	1.0795e-05
183	0.8158	0.18413	5.4025e-05	9.8252e-06
184	0.8368	0.16314	5.4778e-05	8.2729e-06
185	0.86824	0.1317	5.6177e-05	6.0761e-06
186	0.88098	0.11896	5.6346e-05	5.1092e-06
187	0.84642	0.15352	5.4906e-05	7.4932e-06
188	0.82349	0.17645	5.417e-05	9.1751e-06
189	0.81044	0.1895	5.4034e-05	1.025e-05
190	0.80337	0.19656	5.4272e-05	1.0952e-05
191	0.80229	0.19765	5.4877e-05	1.1281e-05
192	0.8059	0.19403	5.5783e-05	1.1309e-05
193	0.81474	0.18519	5.7028e-05	1.1001e-05
194	0.83169	0.16824	5.8786e-05	1.0173e-05
195	0.86037	0.13956	6.1297e-05	8.5849e-06
196	0.87274	0.12719	6.2831e-05	7.9658e-06
197	0.89239	0.10754	6.4863e-05	6.8507e-06
198	0.92211	0.077817	6.7594e-05	5.0395e-06
199	0.93485	0.065081	6.927e-05	4.2849e-06
200	0.95635	0.043579	7.1552e-05	2.9174e-06
201	0.98797	0.011953	7.4569e-05	8.1632e-07
202	0.98735	0.012569	7.5419e-05	8.8483e-07
203	0.98836	0.011564	7.6393e-05	8.3226e-07
204	0.99117	0.008752	7.7507e-05	6.4159e-07
205	0.99612	0.0038047	7.8791e-05	2.8361e-07
206	0.99595	0.0039743	7.9699e-05	3.041e-07
207	0.99709	0.0028291	8.0703e-05	2.2062e-07
208	0.99952	0.0003936	8.1816e-05	3.1265e-08
209	0.99982	9.8274e-05	8.2764e-05	8.0818e-09
210	0.99684	0.0030717	8.3441e-05	2.5981e-07
211	0.99062	0.0092909	8.3838e-05	7.9392e-07
212	0.98695	0.012969	8.4447e-05	1.1199e-06
213	0.98529	0.014628	8.5227e-05	1.2765e-06
214	0.98541	0.014501	8.6164e-05	1.2789e-06
215	0.98767	0.012241	8.7283e-05	1.0925e-06
216	0.99209	0.0078232	8.8603e-05	7.0754e-07
217	0.99046	0.0094487	8.9386e-05	8.6248e-07
218	0.99062	0.009292	9.0321e-05	8.5768e-07
219	0.99228	0.0076277	9.1399e-05	7.1262e-07
220	0.99215	0.0077537	9.2316e-05	7.3186e-07
221	0.99342	0.0064874	9.3367e-05	6.1935e-07
222	0.99324	0.006668	9.4274e-05	6.4353e-07
223	0.98485	0.015055	9.4389e-05	1.4624e-06
224	0.98023	0.019673	9.4847e-05	1.9299e-06
225	0.97802	0.021883	9.5539e-05	2.1678e-06
226	0.97125	0.028654	9.5776e-05	2.8629e-06
227	0.96807	0.031828	9.6353e-05	3.2108e-06
228	0.96781	0.032089	9.721e-05	3.2708e-06
229	0.95017	0.049732	9.6288e-05	5.1126e-06
230	0.90958	0.090322	9.2967e-05	9.3561e-06
231	0.88226	0.11764	9.0964e-05	1.2285e-05
232	0.86599	0.1339	9.006e-05	1.4107e-05
233	0.85599	0.14391	8.9795e-05	1.5294e-05
234	0.85106	0.14884	9.0059e-05	1.5954e-05
235	0.85038	0.14951	9.0774e-05	1.6165e-05
236	0.85493	0.14496	9.2045e-05	1.5813e-05
237	0.8643	0.13559	9.3857e-05	1.4922e-05
238	0.85172	0.14817	9.3256e-05	1.6438e-05
239	0.84462	0.15527	9.3247e-05	1.7364e-05
240	0.84312	0.15677	9.3843e-05	1.7677e-05
241	0.84688	0.15301	9.5022e-05	1.7401e-05
242	0.85538	0.14451	9.675e-05	1.6576e-05
243	0.86996	0.12993	9.9199e-05	1.5036e-05
244	0.76271	0.23717	8.7526e-05	2.7609e-05
245	0.69531	0.30457	8.0302e-05	3.5726e-05
246	0.64896	0.35092	7.5456e-05	4.1467e-05
247	0.6207	0.37918	7.2662e-05	4.5148e-05
248	0.60235	0.39753	7.1012e-05	4.7689e-05
249	0.55728	0.4426	6.6123e-05	5.3471e-05
250	0.52988	0.47	6.3281e-05	5.7197e-05
251	0.51216	0.48772	6.1582e-05	5.9784e-05
252	0.50201	0.49787	6.0785e-05	6.147e-05
253	0.49924	0.50064	6.0873e-05	6.2266e-05
254	0.50182	0.49806	6.1625e-05	6.2399e-05
255	0.51011	0.48977	6.3098e-05	6.1812e-05
256	0.52545	0.47442	6.5479e-05	6.0319e-05
257	0.54968	0.4502	6.9022e-05	5.7667e-05
258	0.58598	0.41389	7.4164e-05	5.3417e-05
259	0.5999	0.39997	7.649e-05	5.1985e-05
260	0.62257	0.3773	7.9988e-05	4.9385e-05
261	0.66038	0.33949	8.55e-05	4.4764e-05
262	0.7157	0.28417	9.3406e-05	3.775e-05
263	0.79584	0.20403	0.00010474	2.7311e-05
264	0.92291	0.076957	0.00012248	1.0457e-05
265	0.92533	0.074534	0.00012363	1.0198e-05
266	0.90636	0.093505	0.00012186	1.2853e-05
267	0.89431	0.10555	0.00012101	1.4588e-05
268	0.86486	0.13501	0.00011775	1.8737e-05
269	0.84549	0.15438	0.00011585	2.1536e-05
270	0.83346	0.16641	0.00011494	2.3345e-05
271	0.803	0.19686	0.00011144	2.7742e-05
272	0.73271	0.26715	0.00010232	3.7766e-05
273	0.68885	0.31101	9.6784e-05	4.42e-05
274	0.65958	0.34028	9.3254e-05	4.8631e-05
275	0.64266	0.3572	9.1423e-05	5.1355e-05
276	0.63448	0.36538	9.081e-05	5.2853e-05
277	0.63192	0.36793	9.1004e-05	5.3547e-05
278	0.61744	0.38242	8.9445e-05	5.5988e-05
279	0.60981	0.39004	8.8874e-05	5.7443e-05
280	0.53043	0.46943	7.7691e-05	6.9502e-05
281	0.4756	0.52425	7.0033e-05	7.804e-05
282	0.43807	0.56178	6.4871e-05	8.4084e-05
283	0.41287	0.58698	6.1497e-05	8.8341e-05
284	0.39865	0.6012	5.9721e-05	9.0994e-05
285	0.3911	0.60875	5.8935e-05	9.2659e-05
286	0.39036	0.60949	5.9165e-05	9.3303e-05
287	0.39626	0.60359	6.0404e-05	9.293e-05
288	0.41007	0.58978	6.2862e-05	9.1332e-05
289	0.43472	0.56512	6.7009e-05	8.8038e-05
290	0.47199	0.52786	7.317e-05	8.2734e-05
291	0.52644	0.47341	8.21e-05	7.4662e-05
292	0.52817	0.47167	8.2811e-05	7.4801e-05
293	0.53714	0.4627	8.4662e-05	7.3795e-05
294	0.55309	0.44675	8.7646e-05	7.1658e-05
295	0.55495	0.44489	8.8408e-05	7.1745e-05
296	0.56243	0.43741	9.0088e-05	7.0918e-05
297	0.57679	0.42305	9.2902e-05	6.8958e-05
298	0.60238	0.39746	9.7562e-05	6.5147e-05
299	0.6411	0.35874	0.00010443	5.9128e-05
300	0.6977	0.30213	0.00011434	5.0073e-05
301	0.7219	0.27794	0.00011897	4.6298e-05
302	0.76194	0.23789	0.00012628	3.984e-05
303	0.82035	0.17948	0.00013677	3.0208e-05
304	0.84803	0.15181	0.00014214	2.5685e-05
305	0.8888	0.11103	0.00014979	1.8877e-05
306	0.954	0.045834	0.00016167	7.846e-06
307	0.96218	0.03765	0.00016388	6.4773e-06
308	0.97521	0.024619	0.00016695	4.2534e-06
309	0.99668	0.0031467	0.0001715	5.4735e-07
310	0.99962	0.00021105	0.00017286	3.6932e-08
311	0.9996	0.00022383	0.00017371	3.9052e-08
312	0.99969	0.00013932	0.00017457	2.4466e-08
313	0.97863	0.021194	0.00017171	3.7278e-06
314	0.96584	0.033985	0.00017027	6.0107e-06
315	0.95767	0.042156	0.00016963	7.4901e-06
316	0.95303	0.046788	0.00016962	8.3496e-06
317	0.95195	0.047875	0.00017023	8.584e-06
318	0.95362	0.046196	0.00017134	8.3204e-06
319	0.93848	0.061339	0.0001694	1.1096e-05
320	0.92884	0.070983	0.00016844	1.2895e-05
321	0.92428	0.075539	0.00016838	1.3785e-05
322	0.76395	0.23587	0.00013985	4.3155e-05
323	0.66282	0.337	0.00012188	6.1954e-05
324	0.59364	0.40617	0.00010968	7.4986e-05
325	0.55061	0.44921	0.00010219	8.3304e-05
326	0.52454	0.47527	9.7777e-05	8.8539e-05
327	0.50985	0.48996	9.544e-05	9.1688e-05
328	0.50188	0.49793	9.4355e-05	9.359e-05
329	0.47591	0.5239	8.9868e-05	9.8895e-05
330	0.45949	0.54032	8.7161e-05	0.00010242
331	0.42068	0.57913	8.0158e-05	0.00011024
332	0.39729	0.60252	7.6025e-05	0.00011518
333	0.38431	0.61549	7.3844e-05	0.00011816
334	0.37753	0.62228	7.2846e-05	0.00011997
335	0.37742	0.62239	7.3122e-05	0.00012049
336	0.38393	0.61588	7.4677e-05	0.00011972
337	0.39681	0.603	7.7495e-05	0.0001177
338	0.4201	0.5797	8.236e-05	0.00011362
339	0.4587	0.5411	9.0252e-05	0.00010651
340	0.51574	0.48406	0.00010186	9.5686e-05
341	0.60654	0.39326	0.00012021	7.8114e-05
342	0.73893	0.26087	0.00014701	5.209e-05
343	0.80311	0.19669	0.00016038	3.9499e-05
344	0.83061	0.16919	0.00016648	3.4162e-05
345	0.8425	0.1573	0.00016948	3.1919e-05
346	0.8452	0.1546	0.00017065	3.151e-05
347	0.85262	0.14718	0.00017279	3.0133e-05
348	0.86581	0.13399	0.00017613	2.7562e-05
349	0.88664	0.11315	0.00018107	2.3397e-05
350	0.88338	0.11642	0.00018107	2.4167e-05
351	0.88403	0.11576	0.00018188	2.4127e-05
352	0.8887	0.11109	0.00018354	2.3247e-05
353	0.89806	0.10174	0.00018619	2.1379e-05
354	0.91491	0.084882	0.00019041	1.793e-05
355	0.9108	0.088988	0.00019026	1.886e-05
356	0.91022	0.089571	0.00019085	1.9049e-05
357	0.91308	0.086706	0.00019218	1.8505e-05
358	0.91017	0.089616	0.00019227	1.9188e-05
359	0.91082	0.088972	0.00019313	1.9114e-05
360	0.9151	0.084683	0.00019478	1.8255e-05
361	0.92464	0.07515	0.00019755	1.6262e-05
362	0.93977	0.060017	0.00020157	1.3036e-05
363	0.9625	0.037282	0.00020727	8.1221e-06
364	0.97308	0.026703	0.00021034	5.838e-06
365	0.97719	0.022598	0.00021201	4.9537e-06
366	0.98507	0.014707	0.00021451	3.2339e-06
367	0.98863	0.011156	0.00021605	2.4616e-06
368	0.99473	0.0050492	0.00021817	1.1169e-06
369	0.99774	0.0020395	0.0002196	4.5279e-07
370	0.99753	0.0022472	0.00022031	5.0015e-07
371	0.9965	0.003278	0.00022085	7.3047e-07
372	0.99421	0.005569	0.00022109	1.2445e-06
373	0.99333	0.0064499	0.00022165	1.4456e-06
374	0.99397	0.0058079	0.00022254	1.3073e-06
375	0.99598	0.0037914	0.00022375	8.5761e-07
376	0.99654	0.0032357	0.00022463	7.3448e-07
377	0.99826	0.0015139	0.00022579	3.451e-07
378	0.99907	0.00069954	0.00022675	1.5988e-07
379	0.99845	0.0013209	0.00022739	3.0137e-07
380	0.99725	0.0025176	0.00022789	5.7579e-07
381	0.9945	0.0052754	0.00022803	1.2084e-06
382	0.99347	0.0062995	0.00022856	1.4479e-06
383	0.99396	0.0058078	0.00022943	1.34e-06
384	0.9958	0.0039699	0.00023061	9.1846e-07
385	0.9996	0.00017079	0.00023225	3.9878e-08
386	0.99916	0.00061135	0.00023291	1.4334e-07
387	0.99943	0.00033952	0.00023374	8.029e-08
388	0.99675	0.0030171	0.00023388	7.1389e-07
389	0.99543	0.0043362	0.00023434	1.0292e-06
390	0.99529	0.0044716	0.00023509	1.0652e-06
391	0.99404	0.0057207	0.00023558	1.3658e-06
392	0.99409	0.0056725	0.00023638	1.358e-06
393	0.99565	0.0041073	0.00023754	9.8828e-07
394	0.99592	0.0038406	0.00023839	9.274e-07
395	0.9907	0.0090643	0.00023791	2.1936e-06
396	0.97865	0.021107	0.00023578	5.1163e-06
397	0.9717	0.028057	0.00023485	6.8252e-06
398	0.96787	0.031892	0.00023468	7.7826e-06
399	0.96654	0.033221	0.00023513	8.1318e-06
400	0.9676	0.032154	0.00023616	7.8941e-06
401	0.97121	0.028541	0.00023784	7.0258e-06
402	0.97858	0.021179	0.00024043	5.2296e-06
403	0.98145	0.018299	0.00024191	4.5339e-06
404	0.98681	0.012945	0.00024402	3.2168e-06
405	0.98896	0.010792	0.00024533	2.6909e-06
406	0.98913	0.010617	0.00024614	2.6567e-06
407	0.99093	0.0088214	0.00024737	2.2152e-06
408	0.99454	0.0052048	0.00024906	1.3115e-06
409	0.9935	0.0062501	0.00024957	1.579e-06
410	0.99374	0.0060071	0.00025041	1.5217e-06
411	0.98745	0.012302	0.00024961	3.1162e-06
412	0.94261	0.05714	0.000239	1.4506e-05
413	0.91472	0.085025	0.00023262	2.1662e-05
414	0.89789	0.10185	0.00022901	2.6042e-05
415	0.85824	0.1415	0.00021953	3.6289e-05
416	0.83135	0.16839	0.0002133	4.3302e-05
417	0.81559	0.18415	0.00020987	4.7497e-05
418	0.80761	0.19213	0.00020842	4.9711e-05
419	0.8057	0.19404	0.00020852	5.0366e-05
420	0.80845	0.19129	0.00020984	4.9807e-05
421	0.70192	0.29782	0.00018267	7.7734e-05
422	0.6281	0.37164	0.00016395	9.7228e-05
423	0.57723	0.42251	0.00015115	0.0001108
424	0.46977	0.52997	0.00012339	0.00013932
425	0.40215	0.59758	0.00010592	0.00015755
426	0.35991	0.63983	9.5035e-05	0.00016919
427	0.26349	0.73625	6.9756e-05	0.00019522
428	0.20266	0.79708	5.376e-05	0.00021197
429	0.16098	0.83875	4.2811e-05	0.00022367
430	0.13495	0.86479	3.5964e-05	0.00023127
431	0.11722	0.88252	3.1318e-05	0.00023666
432	0.10563	0.8941	2.8303e-05	0.00024043
433	0.075816	0.92391	2.0391e-05	0.00024909
434	0.057104	0.94263	1.541e-05	0.00025482
435	0.045505	0.95422	1.2315e-05	0.00025866
436	0.038549	0.96118	1.0458e-05	0.00026126
437	0.034752	0.96498	9.4477e-06	0.000263
438	0.033298	0.96643	9.0692e-06	0.0002641
439	0.03344	0.96629	9.1286e-06	0.00026477
440	0.03568	0.96405	9.7601e-06	0.00026487
441	0.040495	0.95923	1.1097e-05	0.00026425
442	0.040235	0.95949	1.1041e-05	0.00026502
443	0.041765	0.95796	1.1482e-05	0.00026529
444	0.045215	0.95451	1.246e-05	0.00026503
445	0.051882	0.94784	1.4326e-05	0.00026388
446	0.062129	0.93759	1.72e-05	0.00026172
447	0.078858	0.92086	2.1879e-05	0.00025775
448	0.074472	0.92525	2.0701e-05	0.00025963
449	0.073487	0.92623	2.0465e-05	0.00026058
450	0.074927	0.92479	2.0913e-05	0.00026084
451	0.069322	0.9304	1.9385e-05	0.00026307
452	0.066455	0.93326	1.8626e-05	0.00026454
453	0.066036	0.93368	1.8559e-05	0.00026533
454	0.058294	0.94142	1.6423e-05	0.00026818
455	0.053524	0.94619	1.5124e-05	0.0002702
456	0.051763	0.94795	1.4667e-05	0.00027137
457	0.043721	0.95599	1.2412e-05	0.00027433
458	0.038504	0.96121	1.0958e-05	0.0002765
459	0.035501	0.96421	1.0133e-05	0.00027803
460	0.034749	0.96496	9.9467e-06	0.00027893
461	0.036088	0.96362	1.0359e-05	0.00027922
462	0.039792	0.95992	1.1452e-05	0.00027882
463	0.03805	0.96166	1.0976e-05	0.00028
464	0.038526	0.96118	1.1138e-05	0.00028053
465	0.040791	0.95892	1.1825e-05	0.00028054
466	0.038334	0.96137	1.1133e-05	0.00028192
467	0.037679	0.96203	1.0967e-05	0.00028278
468	0.03921	0.9605	1.1438e-05	0.000283
469	0.043253	0.95645	1.2644e-05	0.00028247
470	0.049779	0.94993	1.4589e-05	0.00028121
471	0.060847	0.93886	1.7874e-05	0.00027861
472	0.078814	0.92089	2.3196e-05	0.00027396
473	0.10476	0.89494	3.0911e-05	0.00026692
474	0.1426	0.8571	4.2206e-05	0.0002563
475	0.15805	0.84165	4.6883e-05	0.0002523
476	0.14802	0.85168	4.3978e-05	0.00025588
477	0.14254	0.85716	4.2435e-05	0.0002581
478	0.14171	0.85798	4.2274e-05	0.00025894
479	0.14433	0.85537	4.3153e-05	0.00025873
480	0.11572	0.88398	3.4637e-05	0.00026793
481	0.096312	0.90339	2.8872e-05	0.00027438
482	0.083353	0.91634	2.5038e-05	0.0002789
483	0.075011	0.92468	2.2588e-05	0.00028203
484	0.069991	0.9297	2.1137e-05	0.00028417
485	0.068364	0.93133	2.0703e-05	0.00028529
486	0.069069	0.93062	2.0983e-05	0.0002857
487	0.073004	0.92669	2.225e-05	0.00028511
488	0.08099	0.9187	2.4762e-05	0.00028328
489	0.09344	0.90625	2.8672e-05	0.00028005
490	0.11388	0.88581	3.5063e-05	0.00027433
491	0.14356	0.85613	4.4364e-05	0.0002657
492	0.18693	0.81276	5.8004e-05	0.00025274
493	0.20638	0.7933	6.421e-05	0.00024721
494	0.23832	0.76137	7.4328e-05	0.00023776
495	0.28949	0.71019	9.0481e-05	0.00022227
496	0.28997	0.70971	9.0808e-05	0.00022259
497	0.29663	0.70306	9.3064e-05	0.00022099
498	0.2917	0.70798	9.1696e-05	0.000223
499	0.29284	0.70684	9.2226e-05	0.00022312
500	0.30029	0.69939	9.4736e-05	0.00022125
501	0.31397	0.68571	9.9237e-05	0.00021739
502	0.33806	0.66162	0.00010703	0.00021023
503	0.37382	0.62586	0.00011857	0.00019933
504	0.43144	0.56824	0.00013707	0.00018146
505	0.51572	0.48396	0.00016417	0.000155
506	0.6386	0.36108	0.00020377	0.00011604
507	0.81527	0.18441	0.00026089	5.9572e-05
508	0.83848	0.16119	0.00026886	5.2243e-05
509	0.84807	0.15161	0.00027245	4.9279e-05
510	0.84794	0.15174	0.00027293	4.9434e-05
511	0.81059	0.18908	0.00026133	6.1679e-05
512	0.78577	0.2139	0.00025379	6.9874e-05
513	0.77156	0.22812	0.00024964	7.4657e-05
514	0.73546	0.26422	0.00023836	8.659e-05
515	0.7113	0.28837	0.00023095	9.4646e-05
516	0.69776	0.30191	0.00022697	9.9272e-05
517	0.58803	0.41165	0.00019148	0.00013541
518	0.51903	0.48064	0.00016917	0.00015836
519	0.47601	0.52366	0.0001553	0.00017287
520	0.4469	0.55277	0.00014599	0.00018282
521	0.43007	0.5696	0.00014069	0.00018876
522	0.42031	0.57936	0.00013772	0.00019237
523	0.39024	0.60943	0.00012803	0.0002027
524	0.37039	0.62928	0.00012171	0.00020966
525	0.35838	0.64129	0.00011798	0.00021405
526	0.32802	0.67164	0.00010812	0.00022455
527	0.31006	0.68961	0.00010234	0.00023097
528	0.2993	0.70037	9.8944e-05	0.00023501
529	0.29404	0.70562	9.7387e-05	0.00023721
530	0.2936	0.70607	9.7441e-05	0.00023781
531	0.29928	0.70039	9.9536e-05	0.00023635
532	0.26825	0.73141	8.9298e-05	0.00024723
533	0.24968	0.74998	8.3197e-05	0.00025396
534	0.23801	0.76165	7.9414e-05	0.00025838
535	0.2094	0.79026	6.9876e-05	0.00026854
536	0.19013	0.80953	6.3482e-05	0.00027557
537	0.17764	0.82202	5.9373e-05	0.00028031
538	0.17029	0.82937	5.6996e-05	0.00028333
539	0.16709	0.83257	5.6027e-05	0.00028494
540	0.16777	0.83189	5.6375e-05	0.00028524
541	0.15842	0.84124	5.3329e-05	0.00028893
542	0.15455	0.84511	5.2122e-05	0.00029078
543	0.15534	0.84431	5.2492e-05	0.00029105
544	0.12183	0.87783	4.116e-05	0.00030302
545	0.098981	0.90067	3.3449e-05	0.00031138
546	0.083575	0.91608	2.8262e-05	0.00031721
547	0.073426	0.92623	2.4861e-05	0.00032126
548	0.067888	0.93177	2.3015e-05	0.00032375
549	0.065789	0.93386	2.2337e-05	0.00032507
550	0.06608	0.93357	2.2483e-05	0.00032557
551	0.068801	0.93085	2.3473e-05	0.00032522
552	0.075132	0.92452	2.5708e-05	0.00032363
553	0.074273	0.92538	2.5463e-05	0.00032452
554	0.075954	0.9237	2.6103e-05	0.00032452
555	0.080411	0.91924	2.772e-05	0.00032356
556	0.088277	0.91137	3.0542e-05	0.00032139
557	0.088304	0.91134	3.0632e-05	0.00032195
558	0.091162	0.90849	3.1721e-05	0.00032152
559	0.086478	0.91317	3.0172e-05	0.00032374
560	0.085455	0.91419	2.9894e-05	0.00032467
561	0.087889	0.91176	3.083e-05	0.00032439
562	0.083502	0.91614	2.9349e-05	0.00032651
563	0.081902	0.91774	2.8854e-05	0.00032766
564	0.083657	0.91599	2.9543e-05	0.00032761
565	0.078342	0.9213	2.7725e-05	0.00033008
566	0.076642	0.923	2.718e-05	0.00033127
567	0.077526	0.92212	2.7563e-05	0.00033153
568	0.081865	0.91777	2.9179e-05	0.00033055
569	0.090567	0.90907	3.2361e-05	0.000328
570	0.10547	0.89417	3.7776e-05	0.00032322
571	0.12973	0.86991	4.656e-05	0.00031505
572	0.16485	0.83479	5.9314e-05	0.00030293
573	0.22071	0.77893	7.9572e-05	0.00028329
574	0.24461	0.75502	8.8325e-05	0.00027515
575	0.28356	0.71607	0.00010252	0.00026156
576	0.34001	0.65962	0.00012313	0.00024156
577	0.36597	0.63366	0.00013273	0.00023257
578	0.40492	0.59472	0.0001471	0.00021881
579	0.41993	0.5797	0.00015281	0.00021371
580	0.4463	0.55333	0.00016268	0.00020445
581	0.48599	0.51364	0.00017748	0.00019026
582	0.54387	0.45576	0.00019906	0.00016931
583	0.54572	0.45391	0.00020008	0.00016891
584	0.5548	0.44483	0.00020375	0.00016585
585	0.57089	0.42874	0.00021005	0.00016018
586	0.59613	0.4035	0.00021979	0.00015107
587	0.63384	0.36579	0.00023424	0.00013725
588	0.69465	0.30497	0.00025732	0.00011479
589	0.67974	0.31989	0.00025219	0.00012056
590	0.67147	0.32816	0.00024954	0.00012384
591	0.66875	0.33087	0.00024898	0.00012505
592	0.67122	0.3284	0.00025038	0.0001243
593	0.68079	0.31884	0.00025444	0.00012088
594	0.69944	0.30018	0.00026193	0.00011402
595	0.68594	0.31368	0.00025731	0.00011928
596	0.67879	0.32083	0.00025509	0.00012215
597	0.67722	0.32241	0.00025498	0.00012292
598	0.68221	0.31741	0.00025735	0.00012119
599	0.69483	0.30479	0.00026261	0.00011657
600	0.63098	0.36864	0.00023879	0.00014102
601	0.59131	0.40831	0.00022406	0.00015637
602	0.56742	0.4322	0.00021528	0.00016577
603	0.55233	0.44729	0.00020986	0.00017181
604	0.54561	0.454	0.00020761	0.00017467
605	0.54585	0.45377	0.000208	0.00017488
606	0.55175	0.44786	0.00021059	0.00017291
607	0.56582	0.43379	0.00021629	0.00016781
608	0.58837	0.41124	0.00022529	0.00015942
609	0.62284	0.37678	0.00023895	0.00014638
610	0.61723	0.38238	0.00023717	0.00014878
611	0.6184	0.38121	0.000238	0.00014857
612	0.60666	0.39296	0.00023379	0.00015338
613	0.60255	0.39706	0.00023253	0.00015524
614	0.6038	0.39581	0.00023336	0.00015502
615	0.61057	0.38904	0.00023635	0.00015263
616	0.6054	0.39421	0.00023471	0.00015488
617	0.60581	0.3938	0.00023527	0.00015495
618	0.61316	0.38645	0.00023852	0.00015231
619	0.58314	0.41647	0.00022716	0.00016429
620	0.56577	0.43384	0.00022071	0.00017136
621	0.55735	0.44226	0.00021773	0.00017495
622	0.46417	0.53544	0.0001814	0.00021189
623	0.40041	0.5992	0.00015661	0.00023729
624	0.36072	0.63889	0.00014119	0.00025332
625	0.33664	0.66296	0.00013187	0.00026325
626	0.32111	0.67849	0.00012592	0.0002698
627	0.31207	0.68753	0.00012254	0.0002738
628	0.30966	0.68994	0.00012176	0.00027518
629	0.31221	0.68739	0.00012296	0.00027459
630	0.32143	0.67817	0.0001268	0.00027136
631	0.3393	0.6603	0.00013406	0.0002647
632	0.34293	0.65667	0.0001357	0.00026366
633	0.35219	0.64741	0.0001396	0.00026037
634	0.32611	0.67349	0.00012941	0.00027117
635	0.3111	0.6885	0.0001236	0.0002776
636	0.30395	0.69565	0.0001209	0.00028089
637	0.30312	0.69648	0.00012072	0.00028167
638	0.30707	0.69252	0.00012247	0.00028051
639	0.31654	0.68305	0.00012647	0.00027712
640	0.33468	0.66492	0.00013394	0.00027025
641	0.36226	0.63733	0.00014527	0.00025952
642	0.40348	0.59611	0.00016219	0.00024321
643	0.39999	0.59961	0.00016103	0.00024498
644	0.38174	0.61785	0.00015391	0.00025272
645	0.37242	0.62717	0.00015036	0.00025688
646	0.37005	0.62954	0.00014962	0.00025822
647	0.37274	0.62685	0.00015095	0.0002575
648	0.38243	0.61716	0.00015514	0.00025392
649	0.39904	0.60055	0.00016218	0.00024748
650	0.42771	0.57188	0.00017416	0.0002361
651	0.47004	0.52955	0.00019183	0.00021904
652	0.46709	0.5325	0.00019093	0.00022055
653	0.4709	0.52868	0.00019279	0.0002193
654	0.48056	0.51903	0.00019708	0.00021561
655	0.4976	0.50198	0.00020447	0.00020884
656	0.52712	0.47247	0.00021704	0.00019688
657	0.57076	0.42883	0.00023556	0.00017898
658	0.64074	0.35884	0.00026507	0.00015008
659	0.74305	0.25654	0.00030825	0.00010751
660	0.89032	0.10926	0.00037052	4.5858e-05
661	0.90879	0.090789	0.00037887	3.814e-05
662	0.93929	0.060295	0.00039228	2.5352e-05
663	0.9883	0.011281	0.00041349	4.7549e-06
664	0.99465	0.0049353	0.00041678	2.08e-06
665	0.99777	0.0018129	0.00041871	7.6418e-07
666	0.99943	0.00015132	0.00042001	6.4072e-08
667	0.99931	0.00026509	0.00042057	1.1215e-07
668	0.99927	0.00030465	0.00042117	1.29e-07
669	0.99815	0.0014244	0.00042133	6.0235e-07
670	0.99608	0.0034984	0.00042109	1.4789e-06
671	0.99545	0.0041309	0.00042144	1.7493e-06
672	0.99612	0.0034596	0.00042234	1.4692e-06
673	0.9927	0.0068773	0.00042151	2.9245e-06
674	0.99127	0.0083047	0.00042151	3.5391e-06
675	0.99131	0.0082642	0.00042215	3.5271e-06
676	0.99307	0.006501	0.00042351	2.7821e-06
677	0.99313	0.0064407	0.00042416	2.7609e-06
678	0.99156	0.0080099	0.00042412	3.4357e-06
679	0.99168	0.0078966	0.00042478	3.393e-06
680	0.99321	0.00636	0.00042607	2.7365e-06
681	0.99674	0.0028272	0.00042821	1.2219e-06
682	0.99634	0.0032349	0.00042866	1.4e-06
683	0.99699	0.0025771	0.00042959	1.1171e-06
684	0.99881	0.00076077	0.00043102	3.3035e-07
685	0.99873	0.00083488	0.00043165	3.617e-07
686	0.99952	4.8189e-05	0.00043264	2.0867e-08
687	0.99955	1.4659e-05	0.00043329	6.3758e-09
688	0.99949	7.1141e-05	0.00043392	3.1048e-08
689	0.99816	0.0014083	0.00043399	6.1455e-07
690	0.99778	0.0017873	0.00043449	7.8074e-07
691	0.99667	0.0028945	0.00043468	1.2641e-06
692	0.99676	0.0028036	0.00043538	1.2268e-06
693	0.99789	0.0016711	0.00043655	7.3171e-07
694	0.9984	0.0011595	0.00043744	5.087e-07
695	0.99848	0.0010815	0.00043815	4.7454e-07
696	0.9995	5.7937e-05	0.00043926	2.5515e-08
697	0.99956	2.5629e-06	0.00043996	1.1266e-09
698	0.99951	4.9662e-05	0.0004406	2.1889e-08
699	0.99941	0.00015328	0.00044121	6.7933e-08
700	0.99876	0.00080304	0.00044159	3.5609e-07
701	0.99769	0.001872	0.00044176	8.3273e-07
702	0.99768	0.0018723	0.0004424	8.369e-07
703	0.99409	0.0054679	0.00044145	2.4479e-06
704	0.99218	0.0073717	0.00044125	3.3045e-06
705	0.99172	0.0078357	0.00044171	3.5176e-06
706	0.99267	0.0068878	0.00044281	3.0974e-06
707	0.99512	0.004435	0.0004446	1.9982e-06
708	0.9994	0.00015268	0.00044723	6.9122e-08
709	0.98118	0.018372	0.0004397	8.28e-06
710	0.97019	0.029364	0.0004354	1.3265e-05
711	0.96338	0.036168	0.00043299	1.6362e-05
712	0.94828	0.051272	0.00042679	2.3237e-05
713	0.93873	0.060823	0.00042311	2.7603e-05
714	0.93411	0.06544	0.00042164	2.9751e-05
715	0.92137	0.078175	0.00041645	3.5611e-05
716	0.89121	0.10834	0.00040332	4.9419e-05
717	0.87125	0.12829	0.00039484	5.8591e-05
718	0.82418	0.17536	0.00037401	8.0118e-05
719	0.79523	0.20432	0.00036134	9.3472e-05
720	0.77818	0.22136	0.00035406	0.00010143
721	0.76944	0.2301	0.00035054	0.00010562
722	0.76611	0.23344	0.00034951	0.00010733
723	0.76771	0.23184	0.00035076	0.00010676
724	0.77565	0.22389	0.0003549	0.0001033
725	0.77318	0.22636	0.00035429	0.00010459
726	0.77544	0.2241	0.00035587	0.00010371
727	0.78272	0.21682	0.00035979	0.00010049
728	0.79776	0.20178	0.00036729	9.3679e-05
729	0.82117	0.17837	0.00037872	8.2953e-05
730	0.85602	0.14352	0.00039554	6.6837e-05
731	0.91216	0.087377	0.00042229	4.0788e-05
732	0.99434	0.0051927	0.00046136	2.4295e-06
733	0.99455	0.004983	0.00046218	2.3303e-06
734	0.99356	0.0059731	0.00046242	2.7928e-06
735	0.99387	0.0056678	0.00046328	2.6498e-06
736	0.99289	0.0066463	0.00046354	3.1084e-06
737	0.99345	0.0060872	0.00046449	2.851e-06
738	0.99566	0.0038723	0.00046621	1.8192e-06
739	0.99396	0.0055724	0.00046611	2.6207e-06
740	0.99379	0.0057433	0.00046672	2.7073e-06
741	0.99225	0.0072799	0.00046669	3.4355e-06
742	0.98851	0.011019	0.00046561	5.2092e-06
743	0.98674	0.012791	0.00046546	6.0541e-06
744	0.98668	0.012846	0.00046614	6.0862e-06
745	0.98864	0.01089	0.00046776	5.1681e-06
746	0.98862	0.010909	0.00046843	5.1878e-06
747	0.99021	0.009314	0.00046988	4.4369e-06
748	0.99008	0.0094464	0.0004705	4.509e-06
749	0.99147	0.0080526	0.00047186	3.8509e-06
750	0.99492	0.004603	0.00047419	2.2127e-06
751	0.99369	0.005831	0.0004743	2.8071e-06
752	0.99395	0.005568	0.00047511	2.69e-06
753	0.99551	0.0040121	0.00047655	1.9496e-06
754	0.99861	0.00091511	0.00047875	4.6296e-07
755	0.99758	0.0019362	0.00047895	9.8613e-07
756	0.99751	0.002012	0.00047962	1.045e-06
757	0.99176	0.0077594	0.00047737	4.031e-06
758	0.98833	0.011189	0.00047631	5.8386e-06
759	0.98709	0.012424	0.00047635	6.541e-06
760	0.98779	0.011725	0.00047734	6.2784e-06
761	0.9902	0.0093195	0.00047919	5.167e-06
762	0.99469	0.0048267	0.00048208	3.021e-06
763	0.99406	0.005455	0.00048165	3.228e-06
764	0.99487	0.0046474	0.00048195	2.6864e-06
765	0.99701	0.0025083	0.00048297	1.4333e-06
766	0.99787	0.0016463	0.00048326	9.1995e-07
767	0.99194	0.0075788	0.00048014	3.8114e-06
768	0.84478	0.15474	0.00040827	7.5456e-05
769	0.75184	0.24767	0.00036277	0.00012073
770	0.68755	0.31197	0.00033133	0.00015194
771	0.64764	0.35188	0.00031173	0.0001713
772	0.62361	0.37591	0.00029985	0.00018295
773	0.6084	0.39112	0.00029229	0.00019028
774	0.60021	0.39931	0.00028816	0.00019418
775	0.59907	0.40045	0.00028743	0.00019468
776	0.60329	0.39623	0.0002893	0.00019258
777	0.61344	0.38608	0.00029405	0.00018761
778	0.52451	0.47501	0.00025103	0.00023042
779	0.46868	0.53084	0.00022395	0.00025728
780	0.43043	0.56908	0.00020542	0.00027559
781	0.40743	0.59208	0.00019422	0.00028657
782	0.39287	0.60665	0.00018712	0.00029345
783	0.38635	0.61317	0.00018387	0.00029648
784	0.38513	0.61439	0.00018318	0.00029695
785	0.39047	0.60905	0.00018562	0.00029429
786	0.40195	0.59757	0.00019101	0.00028868
787	0.40102	0.5985	0.00019047	0.000289
788	0.40676	0.59276	0.00019311	0.00028615
789	0.41854	0.58098	0.00019866	0.00028039
790	0.44034	0.55918	0.00020896	0.00026986
791	0.4732	0.52632	0.00022457	0.00025405
792	0.48487	0.51465	0.00023006	0.00024834
793	0.50424	0.49528	0.00023925	0.00023895
794	0.53386	0.46566	0.00025339	0.00022462
795	0.57823	0.4213	0.00027463	0.00020318
796	0.64934	0.35018	0.00030866	0.00016896
797	0.67976	0.31976	0.00032317	0.00015426
798	0.69039	0.30913	0.00032819	0.00014906
799	0.70828	0.29124	0.00033672	0.00014036
800	0.73888	0.26065	0.00035132	0.00012557
801	0.78861	0.21092	0.00037507	0.00010163
802	0.80957	0.18995	0.00038502	9.1494e-05
803	0.84443	0.1551	0.0004016	7.4723e-05
804	0.89537	0.10416	0.00042594	5.0197e-05
805	0.96913	0.030392	0.00046131	1.4647e-05
806	0.97987	0.019651	0.0004663	9.4784e-06
807	0.98478	0.014749	0.00046849	7.1121e-06
808	0.98656	0.012964	0.00046916	6.2497e-06
809	0.99082	0.0087081	0.00047101	4.21e-06
810	0.99232	0.0072077	0.00047154	3.4894e-06
811	0.94397	0.055558	0.0004481	2.6737e-05
812	0.91388	0.085643	0.00043341	4.1215e-05
813	0.8939	0.10563	0.00042363	5.0804e-05
814	0.84805	0.15148	0.00040149	7.2753e-05
815	0.81678	0.18274	0.00038639	8.7671e-05
816	0.79597	0.20356	0.00037633	9.7568e-05
817	0.78306	0.21647	0.00037006	0.00010367
818	0.77739	0.22214	0.00036722	0.00010634
819	0.77672	0.22281	0.00036677	0.00010662
820	0.78202	0.2175	0.00036915	0.00010407
821	0.79286	0.20667	0.00037416	9.8889e-05
822	0.81091	0.18862	0.00038264	9.0259e-05
823	0.81626	0.18327	0.00038508	8.7665e-05
824	0.82846	0.17107	0.00039076	8.1825e-05
825	0.84816	0.15136	0.00040004	7.2401e-05
826	0.85581	0.14372	0.00040354	6.8737e-05
827	0.87073	0.1288	0.00041048	6.1634e-05
828	0.89391	0.10562	0.00042136	5.059e-05
829	0.89103	0.1085	0.00041987	5.193e-05
830	0.89196	0.10756	0.00042021	5.1453e-05
831	0.89684	0.10269	0.00042243	4.9095e-05
832	0.90634	0.093189	0.00042688	4.4524e-05
833	0.92331	0.076217	0.00043486	3.6406e-05
834	0.94906	0.050468	0.00044705	2.4084e-05
835	0.99059	0.0089371	0.00046674	4.2664e-06
836	0.99147	0.0080598	0.00046704	3.8393e-06
837	0.99424	0.0052848	0.00046823	2.5151e-06
838	0.99537	0.0041629	0.00046862	1.9801e-06
839	0.9954	0.0041314	0.00046848	1.9644e-06
840	0.99658	0.0029456	0.0004689	1.4019e-06
841	0.9944	0.0051337	0.00046773	2.4341e-06
842	0.98941	0.010124	0.00046525	4.7832e-06
843	0.98665	0.012878	0.00046384	6.074e-06
844	0.98603	0.0135	0.00046342	6.3645e-06
845	0.98741	0.012122	0.00046393	5.7168e-06
846	0.99065	0.0088851	0.00046533	4.1912e-06
847	0.99155	0.0079825	0.00046563	3.7625e-06
848	0.99435	0.0051803	0.00046682	2.4431e-06
849	0.99921	0.00032556	0.00046899	1.5408e-07
850	0.99931	0.00022028	0.00046893	1.0431e-07
851	0.99877	0.00076235	0.00046857	3.599e-07
852	0.99898	0.00055591	0.00046858	2.6295e-07
853	0.99909	0.00044392	0.00046854	2.1054e-07
854	0.99801	0.0015168	0.00046794	7.2026e-07
855	0.98871	0.010817	0.00046345	5.1265e-06
856	0.96788	0.031653	0.00045352	1.4976e-05
857	0.9553	0.044236	0.00044747	2.0936e-05
858	0.9475	0.052029	0.00044371	2.4618e-05
859	0.94403	0.055502	0.00044198	2.6269e-05
860	0.94358	0.055947	0.00044168	2.6487e-05
861	0.9461	0.053427	0.00044279	2.5304e-05
862	0.93184	0.067695	0.00043602	3.2018e-05
863	0.92289	0.076646	0.00043177	3.6217e-05
864	0.91894	0.080591	0.00042985	3.8071e-05
865	0.90602	0.093508	0.00042374	4.4131e-05
866	0.89829	0.10124	0.00042008	4.7745e-05
867	0.89471	0.10482	0.00041838	4.94e-05
868	0.89482	0.10471	0.00041844	4.9318e-05
869	0.89959	0.099944	0.00042066	4.7057e-05
870	0.91	0.08953	0.00042552	4.2149e-05
871	0.92827	0.071263	0.00043405	3.3568e-05
872	0.95548	0.044056	0.0004468	2.0766e-05
873	0.99572	0.0038125	0.00046573	1.7942e-06
874	0.99702	0.0025078	0.0004663	1.1794e-06
875	0.99548	0.0040497	0.00046552	1.9017e-06
876	0.99513	0.0043986	0.00046531	2.0633e-06
877	0.99342	0.0061134	0.00046445	2.8664e-06
878	0.99305	0.0064822	0.00046423	3.0371e-06
879	0.99422	0.0053123	0.00046471	2.4899e-06
880	0.99419	0.0053398	0.00046463	2.5049e-06
881	0.99541	0.0041258	0.00046514	1.9371e-06
882	0.99802	0.0015097	0.00046631	7.1052e-07
883	0.99931	0.00021947	0.00046688	1.047e-07
884	0.99136	0.0081733	0.00046307	3.8755e-06
885	0.98641	0.013119	0.00046071	6.2176e-06
886	0.97493	0.024602	0.00045526	1.1642e-05
887	0.96761	0.031927	0.0004518	1.5098e-05
888	0.96347	0.036062	0.00044985	1.7046e-05
889	0.92527	0.074263	0.00043192	3.4986e-05
890	0.89924	0.1003	0.00041973	4.7188e-05
891	0.88193	0.11761	0.00041166	5.5284e-05
892	0.84489	0.15464	0.00039432	7.2638e-05
893	0.7682	0.23133	0.00035833	0.00010864
894	0.71596	0.28357	0.00033388	0.00013311
895	0.68376	0.31578	0.00031877	0.00014822
896	0.66279	0.33674	0.00030896	0.00015804
897	0.65163	0.34791	0.00030372	0.00016329
898	0.64789	0.35164	0.00030194	0.00016507
899	0.64942	0.35011	0.00030264	0.00016437
900	0.65661	0.34292	0.00030601	0.00016102
901	0.67047	0.32906	0.00031252	0.00015452
902	0.69526	0.30428	0.00032412	0.00014293
903	0.73618	0.26335	0.00034323	0.00012382
904	0.75281	0.24673	0.00035102	0.00011604
905	0.7785	0.22103	0.00036309	0.000104
906	0.82068	0.17885	0.00038285	8.4247e-05
907	0.83856	0.16097	0.00039125	7.586e-05
908	0.86859	0.13094	0.00040533	6.1795e-05
909	0.91264	0.086892	0.00042602	4.1118e-05
910	0.91627	0.083259	0.00042775	3.9408e-05
911	0.92384	0.075688	0.00043136	3.5838e-05
912	0.93635	0.063181	0.00043731	2.993e-05
913	0.93131	0.06822	0.00043501	3.2277e-05
914	0.9297	0.069829	0.00043433	3.301e-05
915	0.93194	0.067589	0.00043545	3.194e-05
916	0.93851	0.061023	0.00043859	2.8841e-05
917	0.94967	0.049865	0.00044392	2.3566e-05
918	0.96856	0.030971	0.00045287	1.4654e-05
919	0.96132	0.038211	0.00044953	1.8041e-05
920	0.95735	0.042181	0.00044774	1.9889e-05
921	0.9567	0.042834	0.00044749	2.0188e-05
922	0.95073	0.048799	0.00044476	2.297e-05
923	0.94861	0.05092	0.00044382	2.3958e-05
924	0.94987	0.04966	0.00044445	2.3365e-05
925	0.94646	0.053074	0.00044287	2.4972e-05
926	0.94594	0.053595	0.00044266	2.5215e-05
927	0.94025	0.059283	0.00044002	2.7889e-05
928	0.93855	0.060981	0.00043923	2.8697e-05
929	0.9398	0.059729	0.00043984	2.8114e-05
930	0.94417	0.055363	0.00044193	2.6062e-05
931	0.95326	0.04627	0.00044622	2.1799e-05
932	0.96748	0.032053	0.00045293	1.5116e-05
933	0.98897	0.010562	0.0004631	4.9909e-06
934	0.98763	0.011898	0.00046253	5.6143e-06
935	0.98316	0.016371	0.0004605	7.7052e-06
936	0.97351	0.026027	0.00045603	1.223e-05
937	0.96824	0.031292	0.0004536	1.4703e-05
938	0.96571	0.033822	0.00045246	1.5888e-05
939	0.95812	0.041412	0.00044894	1.9452e-05
940	0.9546	0.04493	0.00044731	2.1112e-05
941	0.95383	0.045702	0.00044699	2.1476e-05
942	0.95578	0.043751	0.00044796	2.0557e-05
943	0.9532	0.046336	0.00044678	2.1771e-05
944	0.95389	0.045641	0.00044713	2.1451e-05
945	0.95801	0.041519	0.00044908	1.953e-05
