#coord	neutral	conserved	gBGC.neutral	gBGC.conserved
1	0.81225	0.18578	0.0016052	0.00036776
2	0.82083	0.1772	0.001618	0.00034984
3	0.83575	0.16229	0.0016433	0.00031943
4	0.86134	0.1367	0.0016894	0.00026825
5	0.90306	0.094986	0.0017667	0.00018587
6	0.96969	0.028363	0.0018918	5.5559e-05
7	0.97799	0.02007	0.001903	3.9257e-05
8	0.99091	0.0071514	0.0019232	1.3981e-05
9	0.9968	0.0012638	0.0019297	2.4726e-06
10	0.99752	0.00054925	0.0019262	1.0735e-06
11	0.99706	0.0010182	0.0019203	1.9753e-06
12	0.99739	0.00069727	0.0019161	1.3478e-06
13	0.99755	0.00053881	0.0019115	1.0418e-06
14	0.99757	0.00051908	0.0019067	1.0036e-06
15	0.99748	0.00062163	0.0019017	1.2014e-06
16	0.99719	0.00090693	0.0018965	1.7506e-06
17	0.99662	0.0014843	0.0018907	2.8587e-06
18	0.99531	0.0027979	0.0018835	5.369e-06
19	0.99222	0.0058923	0.001873	1.1256e-05
20	0.98579	0.01233	0.0018563	2.3442e-05
21	0.98203	0.016098	0.0018447	3.0502e-05
22	0.98074	0.01739	0.0018378	3.2882e-05
23	0.98128	0.016854	0.0018344	3.1804e-05
24	0.98377	0.014365	0.0018347	2.7055e-05
25	0.98857	0.0095702	0.0018394	1.7991e-05
26	0.99626	0.0018909	0.0018495	3.5404e-06
27	0.99731	0.00083782	0.0018471	1.564e-06
28	0.99685	0.0013073	0.0018419	2.4309e-06
29	0.99722	0.00094082	0.0018382	1.7451e-06
30	0.99734	0.00082693	0.001834	1.5346e-06
31	0.99726	0.00090489	0.0018295	1.6856e-06
32	0.99687	0.0012986	0.0018244	2.4219e-06
33	0.99592	0.0022589	0.0018183	4.2068e-06
34	0.99371	0.0044713	0.0018101	8.2524e-06
35	0.99305	0.0051371	0.0018047	9.4631e-06
36	0.99361	0.0045786	0.0018016	8.4285e-06
37	0.98948	0.0087114	0.0017898	1.5986e-05
38	0.98729	0.01091	0.0017817	1.9971e-05
39	0.98678	0.011427	0.0017767	2.0875e-05
40	0.98377	0.014437	0.0017673	2.6276e-05
41	0.98266	0.01555	0.0017614	2.8217e-05
42	0.98335	0.014866	0.0017587	2.6904e-05
43	0.98593	0.01229	0.0017596	2.2181e-05
44	0.98632	0.011903	0.0017564	2.1424e-05
45	0.98445	0.013774	0.0017492	2.469e-05
46	0.98435	0.01388	0.0017453	2.4786e-05
47	0.98632	0.011915	0.001745	2.1218e-05
48	0.99077	0.0074706	0.001749	1.3285e-05
49	0.9925	0.0057432	0.0017483	1.0185e-05
50	0.98923	0.0090106	0.0017388	1.5883e-05
51	0.98803	0.010223	0.0017328	1.7967e-05
52	0.98409	0.014161	0.0017222	2.4787e-05
53	0.9747	0.023558	0.0017022	4.1033e-05
54	0.96957	0.028693	0.0016896	4.9843e-05
55	0.96761	0.030653	0.0016825	5.3126e-05
56	0.96842	0.029851	0.0016802	5.1628e-05
57	0.97159	0.026684	0.001682	4.6022e-05
58	0.9715	0.026773	0.0016781	4.6072e-05
59	0.97409	0.02419	0.0016788	4.1542e-05
60	0.9799	0.018388	0.0016849	3.1537e-05
61	0.98163	0.016662	0.0016841	2.8519e-05
62	0.98554	0.012756	0.001687	2.1765e-05
63	0.99281	0.0054893	0.0016956	9.3272e-06
64	0.99305	0.0052479	0.0016922	8.8996e-06
65	0.9948	0.0034985	0.0016913	5.924e-06
66	0.98731	0.010997	0.0016748	1.8606e-05
67	0.98321	0.015103	0.001664	2.5515e-05
68	0.98123	0.017087	0.0016568	2.8793e-05
69	0.91504	0.083281	0.0015416	0.00014017
70	0.87358	0.12474	0.0014682	0.00020964
71	0.84808	0.15025	0.0014219	0.00025208
72	0.83314	0.16519	0.0013933	0.00027665
73	0.79724	0.2011	0.00133	0.00033612
74	0.72227	0.27607	0.0012014	0.00046079
75	0.67059	0.32775	0.0011125	0.00054578
76	0.63582	0.36252	0.0010523	0.00060212
77	0.61521	0.38314	0.0010156	0.00063486
78	0.6026	0.39576	0.00099246	0.00065417
79	0.59776	0.4006	0.00098213	0.00066062
80	0.59849	0.39987	0.00098106	0.00065784
81	0.60489	0.39348	0.00098937	0.00064572
82	0.5995	0.39887	0.00097845	0.00065287
83	0.60092	0.39746	0.0009786	0.00064892
84	0.60807	0.39031	0.00098817	0.00063559
85	0.62369	0.37469	0.0010114	0.00060857
86	0.65111	0.34728	0.0010536	0.00056258
87	0.69609	0.3023	0.0011238	0.0004885
88	0.7144	0.28399	0.0011508	0.0004577
89	0.74559	0.25281	0.0011983	0.00040638
90	0.79621	0.20219	0.0012766	0.00032425
91	0.87698	0.12143	0.0014024	0.00019455
92	0.8854	0.11301	0.0014125	0.00018065
93	0.90103	0.097376	0.0014339	0.00015538
94	0.92503	0.073381	0.0014686	0.00011686
95	0.93495	0.063469	0.0014809	0.00010081
96	0.95215	0.04627	0.0015045	7.3343e-05
97	0.97802	0.020403	0.0015419	3.2211e-05
98	0.99064	0.0077921	0.001558	1.2256e-05
99	0.99679	0.0016477	0.0015639	2.5849e-06
100	0.99606	0.0023757	0.001559	3.7116e-06
101	0.99644	0.002002	0.0015557	3.1185e-06
102	0.998	0.00044705	0.0015543	6.9509e-07
103	0.99704	0.0014086	0.0015489	2.1925e-06
104	0.99707	0.0013847	0.0015451	2.1576e-06
105	0.99796	0.0004953	0.0015426	7.7911e-07
106	0.99127	0.0071911	0.0015283	1.1258e-05
107	0.9763	0.022168	0.0015012	3.4561e-05
108	0.96658	0.031892	0.0014824	4.9556e-05
109	0.89752	0.10095	0.0013724	0.00015592
110	0.84988	0.1486	0.001296	0.00022866
111	0.81776	0.18072	0.0012439	0.00027716
112	0.79857	0.19991	0.0012116	0.0003058
113	0.78665	0.21184	0.0011906	0.00032317
114	0.78059	0.2179	0.0011786	0.00033153
115	0.77954	0.21895	0.0011744	0.00033224
116	0.78443	0.21407	0.0011791	0.00032402
117	0.79629	0.20221	0.0011941	0.00030537
118	0.81541	0.18309	0.0012201	0.00027582
119	0.84744	0.15107	0.0012652	0.00022711
120	0.8992	0.099314	0.0013395	0.00014928
121	0.92205	0.076468	0.0013704	0.0001148
122	0.93139	0.067132	0.0013811	0.00010057
123	0.94638	0.052147	0.0014002	7.7931e-05
124	0.97118	0.027342	0.0014338	4.0848e-05
125	0.98179	0.016743	0.0014462	2.4979e-05
126	0.99794	0.00059059	0.0014668	8.859e-07
127	0.99783	0.00070351	0.0014632	1.0491e-06
128	0.99581	0.002732	0.0014568	4.0521e-06
129	0.99178	0.0067625	0.0014475	9.9883e-06
130	0.98347	0.015076	0.0014318	2.2231e-05
131	0.97832	0.020233	0.0014209	2.9759e-05
132	0.9757	0.022852	0.0014138	3.3527e-05
133	0.97525	0.023305	0.0014099	3.4111e-05
134	0.97729	0.021265	0.0014096	3.1093e-05
135	0.98168	0.016883	0.0014127	2.4684e-05
136	0.98275	0.015819	0.001411	2.3089e-05
137	0.98153	0.01704	0.001406	2.4819e-05
138	0.98212	0.016449	0.0014037	2.3919e-05
139	0.97988	0.018696	0.0013973	2.7096e-05
140	0.97958	0.019001	0.0013937	2.7466e-05
141	0.98118	0.017407	0.0013929	2.5104e-05
142	0.98488	0.013701	0.0013952	1.972e-05
143	0.98565	0.012939	0.0013933	1.8558e-05
144	0.98824	0.010356	0.001394	1.4798e-05
145	0.98875	0.0098433	0.0013918	1.4012e-05
146	0.99119	0.0074104	0.0013922	1.0526e-05
147	0.99564	0.0029625	0.0013954	4.1953e-06
148	0.99569	0.0029167	0.0013924	4.1204e-06
149	0.99477	0.00384	0.001388	5.4008e-06
150	0.99249	0.0061208	0.0013818	8.5614e-06
151	0.99188	0.0067308	0.0013779	9.3919e-06
152	0.99261	0.0060036	0.0013759	8.3534e-06
153	0.99504	0.0035829	0.0013762	4.9806e-06
154	0.99593	0.002689	0.0013745	3.7288e-06
155	0.99609	0.0025358	0.0013716	3.5111e-06
156	0.99727	0.0013596	0.0013702	1.8809e-06
157	0.99776	0.00086894	0.0013679	1.199e-06
158	0.998	0.00062969	0.0013652	8.6995e-07
159	0.98169	0.01695	0.0013399	2.3273e-05
160	0.94339	0.055248	0.0012843	7.5798e-05
161	0.91757	0.081072	0.0012462	0.00011092
162	0.85632	0.14232	0.0011603	0.00019396
163	0.81473	0.18392	0.0011015	0.00024983
164	0.7893	0.20935	0.0010647	0.00028371
165	0.77465	0.224	0.0010425	0.00030293
166	0.74063	0.25802	0.00099444	0.00034807
167	0.71797	0.28069	0.00096194	0.00037768
168	0.70548	0.29319	0.00094311	0.0003936
169	0.69909	0.29958	0.00093259	0.00040124
170	0.69924	0.29943	0.00093077	0.00040015
171	0.6885	0.31018	0.00091437	0.00041362
172	0.6836	0.31507	0.00090588	0.00041921
173	0.68521	0.31347	0.00090598	0.00041618
174	0.69366	0.30503	0.00091505	0.00040417
175	0.70875	0.28993	0.0009329	0.00038339
176	0.73521	0.26348	0.00096551	0.00034783
177	0.74447	0.25422	0.00097551	0.00033492
178	0.74307	0.25562	0.00097155	0.00033599
179	0.74657	0.25212	0.00097408	0.00033061
180	0.75563	0.24307	0.00098393	0.00031793
181	0.77324	0.22546	0.0010048	0.00029417
182	0.80313	0.19557	0.0010416	0.00025458
183	0.8148	0.18391	0.0010545	0.00023879
184	0.83577	0.16294	0.0010794	0.00021104
185	0.86718	0.13154	0.0011178	0.00016981
186	0.8799	0.11882	0.0011319	0.00015288
187	0.84539	0.15333	0.0010847	0.00019706
188	0.82249	0.17623	0.0010528	0.000226
189	0.80946	0.18927	0.0010336	0.00024222
190	0.8024	0.19632	0.0010221	0.00025068
191	0.80132	0.19741	0.0010183	0.00025152
192	0.80494	0.1938	0.0010205	0.00024636
193	0.81377	0.18497	0.0010293	0.00023457
194	0.8307	0.16804	0.0010483	0.00021263
195	0.85935	0.13939	0.0010819	0.00017609
196	0.8717	0.12704	0.0010947	0.00016023
197	0.89134	0.10741	0.0011167	0.00013527
198	0.92103	0.077726	0.0011513	9.7754e-05
199	0.93375	0.065005	0.0011645	8.1576e-05
200	0.95523	0.043528	0.0011886	5.4584e-05
201	0.98682	0.011939	0.0012253	1.5031e-05
202	0.98621	0.012555	0.0012216	1.5763e-05
203	0.98722	0.01155	0.0012201	1.4469e-05
204	0.99003	0.0087419	0.0012208	1.093e-05
205	0.99497	0.0038003	0.0012242	4.7455e-06
206	0.9948	0.0039698	0.0012213	4.9293e-06
207	0.99595	0.0028258	0.00122	3.501e-06
208	0.99839	0.00039315	0.0012203	4.876e-07
209	0.99868	9.8163e-05	0.0012179	1.2241e-07
210	0.99572	0.0030682	0.0012116	3.7838e-06
211	0.98951	0.0092805	0.0012013	1.1401e-05
212	0.98584	0.012955	0.0011943	1.587e-05
213	0.98418	0.014611	0.0011897	1.7855e-05
214	0.98431	0.014484	0.0011874	1.7659e-05
215	0.98657	0.012228	0.0011876	1.4898e-05
216	0.99099	0.0078146	0.0011904	9.533e-06
217	0.98936	0.0094383	0.001186	1.1473e-05
218	0.98952	0.0092817	0.0011836	1.1271e-05
219	0.99119	0.0076194	0.0011832	9.254e-06
220	0.99106	0.0077452	0.0011806	9.3892e-06
221	0.99233	0.0064803	0.0011797	7.8525e-06
222	0.99215	0.0066607	0.001177	8.0637e-06
223	0.98378	0.015039	0.0011645	1.8093e-05
224	0.97917	0.019652	0.0011566	2.36e-05
225	0.97696	0.021859	0.0011516	2.6204e-05
226	0.9702	0.028623	0.0011412	3.4203e-05
227	0.96703	0.031794	0.001135	3.7928e-05
228	0.96677	0.032055	0.0011323	3.8212e-05
229	0.94915	0.049679	0.001109	5.9058e-05
230	0.90861	0.090226	0.0010589	0.00010685
231	0.88132	0.11752	0.0010246	0.00013874
232	0.86508	0.13376	0.0010034	0.00015759
233	0.85508	0.14376	0.00098964	0.000169
234	0.85016	0.14868	0.0009819	0.00017442
235	0.84949	0.14935	0.00097918	0.00017485
236	0.85403	0.14481	0.00098245	0.00016926
237	0.8634	0.13545	0.00099134	0.00015808
238	0.85083	0.14802	0.00097478	0.00017233
239	0.84375	0.15511	0.00096466	0.00018016
240	0.84225	0.15661	0.00096095	0.00018156
241	0.84601	0.15285	0.00096323	0.00017694
242	0.8545	0.14436	0.00097096	0.0001669
243	0.86907	0.12979	0.00098566	0.00014992
244	0.76193	0.23693	0.00086087	0.00027241
245	0.69461	0.30426	0.00078191	0.00034904
246	0.64831	0.35057	0.00072746	0.00040118
247	0.62008	0.3788	0.00069369	0.00043262
248	0.60175	0.39713	0.0006714	0.00045261
249	0.55672	0.44215	0.0006191	0.00050263
250	0.52935	0.46953	0.00058681	0.00053262
251	0.51165	0.48723	0.00056564	0.00055151
252	0.50151	0.49737	0.00055309	0.00056181
253	0.49874	0.50015	0.00054875	0.00056387
254	0.50133	0.49756	0.00055042	0.00055995
255	0.50961	0.48929	0.00055845	0.00054969
256	0.52494	0.47396	0.0005743	0.00053162
257	0.54914	0.44976	0.00059998	0.00050375
258	0.58541	0.41349	0.00063902	0.00046255
259	0.59932	0.39958	0.00065324	0.00044619
260	0.62196	0.37694	0.00067714	0.00042016
261	0.65974	0.33917	0.00071758	0.00037758
262	0.71501	0.2839	0.00077731	0.00031573
263	0.79508	0.20383	0.00086442	0.00022653
264	0.92203	0.076884	0.0010026	8.6215e-05
265	0.92445	0.074463	0.0010034	8.3385e-05
266	0.9055	0.093416	0.00098048	0.00010414
267	0.89346	0.10545	0.00096535	0.00011718
268	0.86404	0.13488	0.0009314	0.00014909
269	0.84469	0.15423	0.00090862	0.00016985
270	0.83267	0.16625	0.00089395	0.00018253
271	0.80225	0.19668	0.00085953	0.00021497
272	0.73203	0.2669	0.00078263	0.00028993
273	0.68821	0.31072	0.00073417	0.00033643
274	0.65897	0.33996	0.0007016	0.00036706
275	0.64206	0.35687	0.00068225	0.00038445
276	0.63389	0.36504	0.00067223	0.00039248
277	0.63134	0.36759	0.00066828	0.00039446
278	0.61687	0.38207	0.00065161	0.00040915
279	0.60925	0.38969	0.00064233	0.00041647
280	0.52995	0.469	0.00055701	0.00049981
281	0.47517	0.52378	0.00049813	0.00055673
282	0.43767	0.56128	0.00045779	0.00059512
283	0.4125	0.58645	0.00043062	0.00062037
284	0.3983	0.60066	0.00041496	0.00063408
285	0.39075	0.6082	0.00040638	0.00064075
286	0.39001	0.60895	0.00040487	0.00064031
287	0.39591	0.60305	0.00041025	0.00063297
288	0.4097	0.58926	0.00042377	0.00061747
289	0.43434	0.56462	0.0004484	0.00059085
290	0.47157	0.52739	0.00048605	0.00055121
291	0.52597	0.47299	0.00054145	0.00049385
292	0.52771	0.47126	0.00054214	0.00049118
293	0.53667	0.4623	0.00055023	0.00048109
294	0.55261	0.44636	0.00056552	0.00046382
295	0.55446	0.44451	0.00056633	0.00046106
296	0.56194	0.43703	0.00057295	0.00045249
297	0.57629	0.42269	0.00058667	0.00043686
298	0.60186	0.39712	0.00061176	0.00040982
299	0.64055	0.35843	0.0006503	0.00036937
300	0.69711	0.30188	0.00070714	0.00031063
301	0.72128	0.2777	0.0007307	0.0002852
302	0.76129	0.23769	0.00077027	0.00024373
303	0.81966	0.17933	0.00082861	0.00018352
304	0.84731	0.15168	0.00085526	0.00015498
305	0.88805	0.11094	0.00089524	0.00011312
306	0.9532	0.045796	0.00095975	4.6715e-05
307	0.96138	0.037619	0.00096629	3.8304e-05
308	0.9744	0.024599	0.00097778	2.498e-05
309	0.99586	0.0031441	0.0009977	3.1942e-06
310	0.99879	0.00021088	0.00099884	2.1412e-07
311	0.99878	0.00022365	0.00099701	2.244e-07
312	0.99887	0.00013921	0.00099526	1.3967e-07
313	0.97783	0.021177	0.00097246	2.1122e-05
314	0.96505	0.033958	0.00095791	3.3837e-05
315	0.95689	0.042122	0.00094805	4.1887e-05
316	0.95226	0.04675	0.00094177	4.6383e-05
317	0.95118	0.047836	0.00093896	4.7375e-05
318	0.95286	0.046158	0.00093893	4.5621e-05
319	0.93773	0.061289	0.0009223	6.0443e-05
320	0.92809	0.070927	0.00091118	6.978e-05
321	0.92354	0.075478	0.00090503	7.4117e-05
322	0.76334	0.23568	0.00074691	0.00023045
323	0.66229	0.33673	0.0006468	0.00032875
324	0.59318	0.40585	0.00057841	0.00039536
325	0.55018	0.44885	0.00053551	0.00043645
326	0.52413	0.4749	0.00050915	0.00046098
327	0.50945	0.48958	0.00049387	0.00047441
328	0.50149	0.49754	0.00048521	0.00048123
329	0.47554	0.5235	0.00045928	0.00050535
330	0.45913	0.5399	0.00044271	0.00052014
331	0.42035	0.57868	0.00040465	0.00055638
332	0.39699	0.60205	0.00038144	0.00057776
333	0.38402	0.61502	0.00036824	0.00058911
334	0.37724	0.6218	0.00036106	0.00059446
335	0.37713	0.62192	0.00036023	0.00059344
336	0.38364	0.61541	0.00036567	0.00058613
337	0.39651	0.60254	0.00037719	0.00057276
338	0.41979	0.57927	0.00039846	0.00054962
339	0.45836	0.54069	0.000434	0.00051218
340	0.51535	0.4837	0.0004869	0.00045741
341	0.60609	0.39297	0.00057115	0.00037127
342	0.73838	0.26068	0.00069437	0.00024618
343	0.80252	0.19654	0.00075301	0.00018564
344	0.83	0.16907	0.00077707	0.00015967
345	0.84188	0.15718	0.00078644	0.00014836
346	0.84458	0.15449	0.00078726	0.00014562
347	0.852	0.14707	0.00079251	0.00013847
348	0.86518	0.13389	0.00080316	0.00012595
349	0.886	0.11307	0.00082094	0.00010633
350	0.88274	0.11634	0.00081619	0.00010921
351	0.8834	0.11568	0.00081514	0.00010841
352	0.88807	0.11101	0.00081786	0.00010387
353	0.89742	0.10166	0.00082494	9.499e-05
354	0.91426	0.084822	0.00083887	7.924e-05
355	0.91016	0.088925	0.00083344	8.2872e-05
356	0.90958	0.089507	0.00083131	8.3228e-05
357	0.91244	0.086646	0.0008324	8.0396e-05
358	0.90954	0.089553	0.00082813	8.2891e-05
359	0.91018	0.08891	0.00082716	8.2108e-05
360	0.91447	0.084624	0.00082957	7.7974e-05
361	0.924	0.075098	0.00083671	6.9081e-05
362	0.93912	0.059975	0.00084899	5.5072e-05
363	0.96184	0.037256	0.00086824	3.412e-05
364	0.97241	0.026685	0.00087624	2.439e-05
365	0.97652	0.022582	0.00087835	2.0578e-05
366	0.98441	0.014697	0.00088384	1.3359e-05
367	0.98796	0.011148	0.00088533	1.0113e-05
368	0.99406	0.0050458	0.00088915	4.5625e-06
369	0.99707	0.0020381	0.00089012	1.8396e-06
370	0.99686	0.0022456	0.00088816	2.0203e-06
371	0.99584	0.0032758	0.0008855	2.9329e-06
372	0.99355	0.0055653	0.00088168	4.9687e-06
373	0.99267	0.0064456	0.00087915	5.7395e-06
374	0.99331	0.0058041	0.00087795	5.1636e-06
375	0.99533	0.003789	0.00087798	3.3704e-06
376	0.99589	0.0032335	0.00087675	2.8712e-06
377	0.99761	0.0015129	0.00087657	1.3421e-06
378	0.99842	0.00069909	0.00087561	6.1837e-07
379	0.99781	0.0013201	0.00087341	1.1581e-06
380	0.99661	0.002516	0.00087068	2.2004e-06
381	0.99386	0.005272	0.00086663	4.5919e-06
382	0.99284	0.0062954	0.00086406	5.4726e-06
383	0.99333	0.0058041	0.00086278	5.0389e-06
384	0.99517	0.0039674	0.0008627	3.4352e-06
385	0.99896	0.00017069	0.00086428	1.4855e-07
386	0.99853	0.00061096	0.00086221	5.3126e-07
387	0.9988	0.00033931	0.00086078	2.9635e-07
388	0.99613	0.0030152	0.00085682	2.6198e-06
389	0.99481	0.0043335	0.00085406	3.7574e-06
390	0.99467	0.0044689	0.00085236	3.8688e-06
391	0.99343	0.0057171	0.00084972	4.9339e-06
392	0.99348	0.005669	0.00084823	4.88e-06
393	0.99504	0.0041048	0.00084801	3.5344e-06
394	0.99531	0.0038382	0.00084669	3.2998e-06
395	0.99009	0.0090587	0.00084066	7.7634e-06
396	0.97806	0.021094	0.00082887	1.8008e-05
397	0.97111	0.02804	0.0008214	2.3903e-05
398	0.96728	0.031873	0.00081663	2.7117e-05
399	0.96596	0.033201	0.00081403	2.819e-05
400	0.96702	0.032135	0.00081349	2.7226e-05
401	0.97064	0.028524	0.00081513	2.4107e-05
402	0.978	0.021166	0.00081988	1.7853e-05
403	0.98088	0.018289	0.0008208	1.5401e-05
404	0.98623	0.012937	0.00082382	1.0872e-05
405	0.98838	0.010786	0.00082411	9.0495e-06
406	0.98856	0.010611	0.00082271	8.8908e-06
407	0.99035	0.0088163	0.00082269	7.3768e-06
408	0.99397	0.0052018	0.00082421	4.3458e-06
409	0.99293	0.0062465	0.00082181	5.2059e-06
410	0.99317	0.0060036	0.00082051	4.9916e-06
411	0.98688	0.012295	0.00081385	1.0165e-05
412	0.94207	0.057108	0.00077542	4.7074e-05
413	0.9142	0.084977	0.000751	6.9958e-05
414	0.89738	0.1018	0.0007357	8.3699e-05
415	0.85776	0.14142	0.00070179	0.00011606
416	0.83089	0.1683	0.00067852	0.00013781
417	0.81514	0.18405	0.00066436	0.00015042
418	0.80716	0.19203	0.00065654	0.00015667
419	0.80526	0.19393	0.00065365	0.00015797
420	0.808	0.19119	0.00065458	0.00015547
421	0.70154	0.29766	0.00056706	0.00024145
422	0.62776	0.37143	0.00050647	0.0003005
423	0.57692	0.42228	0.0004647	0.00034076
424	0.46951	0.52968	0.00037755	0.00042637
425	0.40194	0.59726	0.00032253	0.00047984
426	0.35972	0.63948	0.00028798	0.00051282
427	0.26335	0.73585	0.00021035	0.00058889
428	0.20255	0.79665	0.00016131	0.00063635
429	0.16089	0.83831	0.00012784	0.00066827
430	0.13488	0.86433	0.00010687	0.00068766
431	0.11716	0.88205	9.2611e-05	0.00070035
432	0.10557	0.89364	8.3298e-05	0.0007081
433	0.075776	0.92343	5.9741e-05	0.00073011
434	0.057074	0.94214	4.4939e-05	0.00074335
435	0.045482	0.95373	3.5745e-05	0.00075097
436	0.038529	0.96069	3.021e-05	0.00075491
437	0.034735	0.96448	2.7161e-05	0.00075635
438	0.033281	0.96594	2.5946e-05	0.00075595
439	0.033423	0.9658	2.5991e-05	0.00075429
440	0.035662	0.96356	2.7655e-05	0.000751
441	0.040475	0.95875	3.1289e-05	0.00074573
442	0.040215	0.95901	3.0978e-05	0.00074438
443	0.041744	0.95748	3.206e-05	0.00074166
444	0.045192	0.95404	3.4622e-05	0.00073746
445	0.051857	0.94737	3.9617e-05	0.00073081
446	0.062099	0.93713	4.734e-05	0.00072145
447	0.078819	0.92041	5.9931e-05	0.0007072
448	0.074436	0.9248	5.6431e-05	0.00070906
449	0.073451	0.92578	5.552e-05	0.00070831
450	0.074891	0.92435	5.6465e-05	0.00070571
451	0.069289	0.92995	5.2088e-05	0.00070844
452	0.066423	0.93282	4.9811e-05	0.00070909
453	0.066005	0.93324	4.9402e-05	0.00070787
454	0.058266	0.94098	4.3514e-05	0.00071215
455	0.053499	0.94575	3.9888e-05	0.00071417
456	0.051738	0.94751	3.8507e-05	0.00071393
457	0.043701	0.95555	3.2432e-05	0.00071837
458	0.038486	0.96076	2.8499e-05	0.00072068
459	0.035485	0.96377	2.6235e-05	0.00072133
460	0.034733	0.96452	2.5635e-05	0.0007203
461	0.036071	0.96318	2.6575e-05	0.00071771
462	0.039774	0.95948	2.9246e-05	0.00071338
463	0.038033	0.96123	2.7901e-05	0.00071307
464	0.038509	0.96075	2.8181e-05	0.00071113
465	0.040773	0.95849	2.9783e-05	0.00070787
466	0.038317	0.96095	2.7907e-05	0.00070808
467	0.037662	0.9616	2.7365e-05	0.00070696
468	0.039193	0.96007	2.8409e-05	0.00070424
469	0.043234	0.95603	3.1257e-05	0.0006997
470	0.049757	0.94951	3.5901e-05	0.00069337
471	0.06082	0.93845	4.3781e-05	0.00068379
472	0.078781	0.92049	5.655e-05	0.00066931
473	0.10472	0.89456	7.5015e-05	0.00064915
474	0.14254	0.85674	0.00010197	0.0006205
475	0.15799	0.84129	0.00011274	0.00060801
476	0.14795	0.85133	0.00010526	0.00061381
477	0.14248	0.8568	0.00010109	0.00061629
478	0.14166	0.85763	0.00010023	0.00061544
479	0.14427	0.85502	0.00010185	0.00061213
480	0.11567	0.88361	8.135e-05	0.00063094
481	0.096272	0.90302	6.7488e-05	0.00064313
482	0.083319	0.91597	5.8253e-05	0.0006507
483	0.07498	0.92431	5.2313e-05	0.00065499
484	0.069963	0.92933	4.8734e-05	0.00065692
485	0.068337	0.93096	4.7519e-05	0.00065648
486	0.069041	0.93026	4.7951e-05	0.00065439
487	0.072975	0.92632	5.0622e-05	0.00065006
488	0.080958	0.91834	5.6091e-05	0.00064291
489	0.093403	0.9059	6.467e-05	0.00063265
490	0.11384	0.88546	7.8745e-05	0.00061689
491	0.1435	0.8558	9.9211e-05	0.00059475
492	0.18686	0.81245	0.00012917	0.00056311
493	0.20631	0.793	0.00014235	0.00054825
494	0.23823	0.76108	0.00016404	0.00052486
495	0.28939	0.70993	0.00019878	0.00048841
496	0.28986	0.70945	0.00019857	0.00048687
497	0.29652	0.7028	0.00020256	0.00048113
498	0.2916	0.70772	0.00019865	0.00048329
499	0.29274	0.70658	0.00019887	0.00048132
500	0.30018	0.69914	0.00020333	0.00047508
501	0.31386	0.68547	0.00021199	0.00046465
502	0.33794	0.66139	0.00022757	0.00044729
503	0.37369	0.62564	0.00025094	0.00042215
504	0.43129	0.56804	0.00028871	0.00038259
505	0.51554	0.48379	0.00034418	0.00032534
506	0.63838	0.36095	0.00042527	0.00024249
507	0.81499	0.18434	0.00054204	0.00012397
508	0.8382	0.16114	0.000556	0.00010824
509	0.84778	0.15156	0.00056081	0.00010164
510	0.84765	0.15169	0.00055918	0.0001015
511	0.81032	0.18902	0.00053289	0.00012604
512	0.78551	0.21383	0.00051508	0.0001421
513	0.7713	0.22804	0.0005043	0.00015113
514	0.73522	0.26413	0.00047924	0.00017445
515	0.71107	0.28828	0.00046218	0.00018977
516	0.69754	0.30181	0.00045209	0.00019812
517	0.58784	0.41151	0.00037957	0.0002689
518	0.51887	0.48048	0.00033373	0.00031299
519	0.47586	0.5235	0.00030488	0.00034008
520	0.44676	0.5526	0.00028523	0.00035796
521	0.42994	0.56942	0.00027356	0.00036786
522	0.42018	0.57918	0.0002665	0.00037315
523	0.39012	0.60925	0.00024656	0.00039134
524	0.37028	0.62908	0.00023328	0.00040288
525	0.35827	0.64109	0.00022506	0.00040937
526	0.32793	0.67144	0.00020527	0.00042742
527	0.30997	0.6894	0.00019334	0.00043758
528	0.29921	0.70016	0.00018604	0.00044312
529	0.29396	0.70541	0.00018225	0.00044517
530	0.29351	0.70586	0.0001815	0.00044419
531	0.29919	0.70018	0.00018453	0.00043941
532	0.26817	0.7312	0.00016474	0.00045744
533	0.24961	0.74977	0.00015273	0.00046766
534	0.23794	0.76144	0.00014507	0.00047354
535	0.20934	0.79004	0.000127	0.00048983
536	0.19008	0.80931	0.0001148	0.00050025
537	0.1776	0.82179	0.00010684	0.00050644
538	0.17024	0.82915	0.00010206	0.00050945
539	0.16705	0.83234	9.9845e-05	0.00050991
540	0.16772	0.83167	9.9992e-05	0.00050802
541	0.15838	0.84101	9.4138e-05	0.00051213
542	0.15451	0.84489	9.1565e-05	0.00051295
543	0.1553	0.8441	9.1776e-05	0.00051097
544	0.12179	0.8776	7.159e-05	0.0005294
545	0.098956	0.90044	5.7881e-05	0.00054136
546	0.083554	0.91585	4.8661e-05	0.00054884
547	0.073408	0.926	4.2595e-05	0.00055317
548	0.067871	0.93153	3.9239e-05	0.00055477
549	0.065773	0.93363	3.7896e-05	0.00055435
550	0.066063	0.93335	3.7962e-05	0.00055253
551	0.068784	0.93063	3.9449e-05	0.00054929
552	0.075114	0.9243	4.3007e-05	0.00054397
553	0.074256	0.92516	4.2391e-05	0.00054283
554	0.075936	0.92348	4.3252e-05	0.00054022
555	0.080393	0.91903	4.572e-05	0.00053601
556	0.088257	0.91116	5.0151e-05	0.00052984
557	0.088284	0.91114	5.0062e-05	0.0005282
558	0.091141	0.90828	5.1606e-05	0.00052494
559	0.086459	0.91297	4.8857e-05	0.00052598
560	0.085436	0.91399	4.8181e-05	0.00052493
561	0.08787	0.91156	4.9457e-05	0.00052191
562	0.083484	0.91595	4.6853e-05	0.00052275
563	0.081884	0.91755	4.5844e-05	0.00052201
564	0.08364	0.91579	4.6714e-05	0.00051938
565	0.078326	0.92111	4.363e-05	0.0005207
566	0.076626	0.92281	4.2566e-05	0.00051999
567	0.07751	0.92193	4.2959e-05	0.00051784
568	0.081849	0.91759	4.5262e-05	0.00051375
569	0.090549	0.90889	4.9958e-05	0.00050726
570	0.10545	0.89399	5.8035e-05	0.00049737
571	0.1297	0.86974	7.118e-05	0.0004824
572	0.16482	0.83463	9.0242e-05	0.00046152
573	0.22067	0.77878	0.00012047	0.00042946
574	0.24457	0.75488	0.00013303	0.00041504
575	0.28351	0.71594	0.00015362	0.00039259
576	0.33995	0.6595	0.00018356	0.00036079
577	0.36591	0.63355	0.00019684	0.00034563
578	0.40485	0.59461	0.00021704	0.00032357
579	0.41986	0.5796	0.00022433	0.00031443
580	0.44623	0.55324	0.00023758	0.00029931
581	0.48591	0.51356	0.00025787	0.00027715
582	0.54378	0.45569	0.00028776	0.00024541
583	0.54564	0.45383	0.00028775	0.00024359
584	0.55471	0.44476	0.00029152	0.00023796
585	0.5708	0.42867	0.00029899	0.00022865
586	0.59603	0.40344	0.00031125	0.00021455
587	0.63374	0.36573	0.00033004	0.00019394
588	0.69455	0.30493	0.00036074	0.0001614
589	0.67964	0.31984	0.0003517	0.00016861
590	0.67137	0.32811	0.0003462	0.0001723
591	0.66866	0.33083	0.00034363	0.00017306
592	0.67113	0.32836	0.00034378	0.00017113
593	0.68069	0.3188	0.00034755	0.00016555
594	0.69934	0.30014	0.00035592	0.00015535
595	0.68585	0.31364	0.00034781	0.00016164
596	0.6787	0.32079	0.000343	0.00016465
597	0.67713	0.32237	0.00034107	0.00016479
598	0.68212	0.31737	0.00034243	0.00016161
599	0.69474	0.30476	0.0003476	0.00015461
600	0.6309	0.3686	0.00031438	0.00018598
601	0.59124	0.40826	0.00029338	0.0002051
602	0.56735	0.43215	0.00028035	0.00021625
603	0.55227	0.44724	0.00027181	0.00022291
604	0.54555	0.45395	0.00026742	0.0002254
605	0.54579	0.45372	0.00026645	0.00022445
606	0.55169	0.44782	0.00026828	0.00022071
607	0.56577	0.43375	0.00027403	0.00021304
608	0.58831	0.4112	0.00028387	0.00020129
609	0.62278	0.37674	0.00029943	0.00018383
610	0.61718	0.38234	0.00029556	0.0001858
611	0.61834	0.38118	0.00029494	0.00018451
612	0.6066	0.39292	0.0002881	0.00018943
613	0.6025	0.39703	0.00028491	0.00019066
614	0.60375	0.39578	0.00028431	0.00018932
615	0.61052	0.38901	0.00028634	0.00018536
616	0.60535	0.39418	0.00028275	0.00018704
617	0.60576	0.39377	0.00028182	0.00018606
618	0.61311	0.38642	0.0002841	0.00018186
619	0.5831	0.41644	0.00026903	0.00019501
620	0.56573	0.43381	0.00025988	0.00020223
621	0.55731	0.44223	0.00025489	0.00020528
622	0.46414	0.5354	0.0002111	0.00024712
623	0.40039	0.59916	0.00018119	0.00027511
624	0.3607	0.63885	0.00016238	0.00029197
625	0.33662	0.66293	0.00015075	0.00030163
626	0.32109	0.67846	0.0001431	0.00030732
627	0.31206	0.68749	0.00013844	0.00031004
628	0.30965	0.68991	0.00013674	0.00030977
629	0.3122	0.68736	0.00013727	0.00030728
630	0.32142	0.67814	0.00014071	0.00030187
631	0.33929	0.66027	0.00014788	0.00029271
632	0.34291	0.65665	0.00014878	0.00028982
633	0.35218	0.64739	0.00015214	0.00028448
634	0.3261	0.67346	0.00014017	0.00029448
635	0.31109	0.68848	0.00013305	0.00029962
636	0.30394	0.69563	0.00012934	0.00030133
637	0.30311	0.69646	0.00012835	0.00030031
638	0.30707	0.69251	0.0001294	0.00029724
639	0.31653	0.68304	0.0001328	0.00029185
640	0.33467	0.66491	0.00013977	0.00028286
641	0.36226	0.63732	0.00015066	0.00026995
642	0.40348	0.5961	0.00016718	0.00025143
643	0.39998	0.5996	0.00016495	0.00025167
644	0.38174	0.61784	0.00015666	0.00025798
645	0.37242	0.62717	0.00015208	0.00026055
646	0.37005	0.62954	0.00015036	0.00026025
647	0.37274	0.62685	0.00015073	0.00025787
648	0.38244	0.61716	0.00015391	0.00025265
649	0.39904	0.60055	0.00015987	0.00024467
650	0.42771	0.57189	0.00017059	0.00023192
651	0.47005	0.52955	0.0001867	0.00021377
652	0.4671	0.53251	0.0001846	0.00021385
653	0.47091	0.52869	0.00018517	0.00021124
654	0.48057	0.51904	0.00018806	0.00020632
655	0.49761	0.50199	0.00019384	0.00019852
656	0.52713	0.47248	0.0002044	0.00018591
657	0.57077	0.42884	0.0002204	0.00016788
658	0.64076	0.35885	0.00024639	0.00013984
659	0.74307	0.25654	0.00028467	9.9516e-05
660	0.89035	0.10927	0.00034	4.2162e-05
661	0.90883	0.090793	0.00034532	3.4823e-05
662	0.93932	0.060297	0.00035512	2.2987e-05
663	0.98834	0.011282	0.00037177	4.2824e-06
664	0.99469	0.0049355	0.00037214	1.8598e-06
665	0.99782	0.001813	0.00037126	6.783e-07
666	0.99948	0.00015133	0.00036979	5.6505e-08
667	0.99937	0.0002651	0.00036767	9.8148e-08
668	0.99933	0.00030467	0.00036559	1.1208e-07
669	0.99821	0.0014245	0.00036314	5.1933e-07
670	0.99614	0.0034986	0.00036036	1.2655e-06
671	0.99551	0.0041311	0.00035808	1.4863e-06
672	0.99618	0.0034599	0.00035625	1.2396e-06
673	0.99277	0.0068778	0.00035297	2.4495e-06
674	0.99134	0.0083053	0.00035039	2.9431e-06
675	0.99138	0.0082648	0.00034835	2.9117e-06
676	0.99315	0.0065015	0.00034688	2.2802e-06
677	0.99321	0.0064412	0.00034483	2.2462e-06
678	0.99164	0.0080105	0.00034223	2.7739e-06
679	0.99176	0.0078972	0.0003402	2.7191e-06
680	0.9933	0.0063606	0.00033866	2.1764e-06
681	0.99683	0.0028274	0.00033777	9.6503e-07
682	0.99643	0.0032352	0.00033555	1.0972e-06
683	0.99709	0.0025773	0.0003337	8.6889e-07
684	0.99891	0.00076085	0.00033225	2.5499e-07
685	0.99883	0.00083497	0.00033018	2.7682e-07
686	0.99962	4.8194e-05	0.00032837	1.584e-08
687	0.99966	1.466e-05	0.00032629	4.8046e-09
688	0.9996	7.1148e-05	0.00032419	2.3221e-08
689	0.99827	0.0014085	0.00032169	4.5587e-07
690	0.99789	0.0017875	0.00031952	5.7452e-07
691	0.99679	0.0028948	0.00031713	9.2251e-07
692	0.99688	0.002804	0.0003151	8.8816e-07
693	0.99801	0.0016713	0.00031341	5.254e-07
694	0.99853	0.0011596	0.00031149	3.6234e-07
695	0.99861	0.0010816	0.00030946	3.3516e-07
696	0.99963	5.7944e-05	0.00030769	1.788e-08
697	0.99969	2.5632e-06	0.00030564	7.8245e-10
698	0.99965	4.9669e-05	0.00030353	1.5078e-08
699	0.99955	0.0001533	0.00030138	4.6433e-08
700	0.9989	0.00080316	0.00029908	2.4127e-07
701	0.99783	0.0018723	0.00029664	5.5959e-07
702	0.99783	0.0018726	0.00029449	5.5791e-07
703	0.99424	0.0054687	0.0002913	1.6178e-06
704	0.99234	0.0073729	0.00028863	2.1649e-06
705	0.99187	0.0078369	0.0002864	2.2844e-06
706	0.99282	0.0068889	0.00028458	1.9939e-06
707	0.99528	0.0044357	0.00028321	1.2751e-06
708	0.99956	0.00015271	0.00028237	4.371e-08
709	0.98134	0.018375	0.00027513	5.1826e-06
710	0.97035	0.029369	0.00026996	8.2289e-06
711	0.96355	0.036175	0.00026602	1.0058e-05
712	0.94845	0.051281	0.00025979	1.4154e-05
713	0.93889	0.060834	0.00025517	1.6658e-05
714	0.93428	0.065452	0.0002519	1.7788e-05
715	0.92154	0.07819	0.00024643	2.1093e-05
716	0.89138	0.10836	0.00023637	2.8994e-05
717	0.87142	0.12832	0.00022918	3.4045e-05
718	0.82434	0.1754	0.000215	4.6096e-05
719	0.79538	0.20436	0.00020569	5.3255e-05
720	0.77834	0.22141	0.00019954	5.7225e-05
721	0.7696	0.23015	0.00019558	5.9e-05
722	0.76626	0.23348	0.00019304	5.9356e-05
723	0.76787	0.23188	0.00019177	5.8452e-05
724	0.77581	0.22394	0.00019205	5.5982e-05
725	0.77335	0.22641	0.00018974	5.6105e-05
726	0.7756	0.22415	0.00018861	5.5057e-05
727	0.78289	0.21687	0.0001887	5.2793e-05
728	0.79794	0.20182	0.00019061	4.87e-05
729	0.82135	0.17841	0.00019446	4.2668e-05
730	0.85622	0.14355	0.00020095	3.401e-05
731	0.91237	0.087397	0.00021223	2.0535e-05
732	0.99458	0.0051939	0.00022937	1.2098e-06
733	0.99479	0.0049842	0.00022726	1.1472e-06
734	0.9938	0.0059746	0.00022486	1.3591e-06
735	0.99411	0.0056692	0.00022276	1.2745e-06
736	0.99313	0.0066479	0.00022036	1.4777e-06
737	0.99369	0.0060887	0.00021827	1.3395e-06
738	0.99591	0.0038732	0.00021652	8.4478e-07
739	0.99421	0.0055738	0.00021393	1.2025e-06
740	0.99404	0.0057447	0.00021164	1.2274e-06
741	0.99251	0.0072818	0.00020909	1.5386e-06
742	0.98877	0.011022	0.00020606	2.3046e-06
743	0.987	0.012794	0.00020346	2.6451e-06
744	0.98695	0.012849	0.00020123	2.6254e-06
745	0.98891	0.010892	0.00019939	2.2006e-06
746	0.98889	0.010912	0.00019712	2.1804e-06
747	0.99049	0.0093166	0.00019519	1.8399e-06
748	0.99036	0.009449	0.00019288	1.8448e-06
749	0.99175	0.0080549	0.00019088	1.5536e-06
750	0.99521	0.0046043	0.00018925	8.7856e-07
751	0.99398	0.0058327	0.00018673	1.0986e-06
752	0.99424	0.0055697	0.00018447	1.0367e-06
753	0.9958	0.0040133	0.00018245	7.3773e-07
754	0.9989	0.00091538	0.00018072	1.6499e-07
755	0.99788	0.0019368	0.00017825	3.424e-07
756	0.99781	0.0020126	0.00017596	3.485e-07
757	0.99206	0.0077618	0.00017272	1.3185e-06
758	0.98864	0.011193	0.0001699	1.8698e-06
759	0.9874	0.012428	0.00016744	2.0413e-06
760	0.9881	0.011728	0.00016528	1.8888e-06
761	0.99051	0.0093225	0.00016341	1.4586e-06
762	0.99501	0.0048282	0.00016188	6.9896e-07
763	0.99438	0.0054568	0.000162	8.1594e-07
764	0.99519	0.0046489	0.00016234	7.0626e-07
765	0.99733	0.0025091	0.00016288	3.8568e-07
766	0.99819	0.0016468	0.00016324	2.5717e-07
767	0.99226	0.0075812	0.00016246	1.2394e-06
768	0.84505	0.15479	0.00013836	2.5547e-05
769	0.75208	0.24775	0.00012312	4.098e-05
770	0.68777	0.31207	0.00011262	5.1671e-05
771	0.64784	0.35199	0.00010611	5.8357e-05
772	0.62381	0.37603	0.0001022	6.2424e-05
773	0.6086	0.39124	9.976e-05	6.5022e-05
774	0.6004	0.39944	9.8485e-05	6.6452e-05
775	0.59926	0.40058	9.8359e-05	6.6717e-05
776	0.60348	0.39635	9.9127e-05	6.6087e-05
777	0.61363	0.3862	0.00010088	6.4468e-05
778	0.52468	0.47516	8.6217e-05	7.9269e-05
779	0.46883	0.531	7.6991e-05	8.8615e-05
780	0.43057	0.56926	7.0694e-05	9.503e-05
781	0.40756	0.59227	6.6903e-05	9.8923e-05
782	0.393	0.60684	6.452e-05	0.00010141
783	0.38647	0.61336	6.3455e-05	0.00010255
784	0.38525	0.61458	6.3274e-05	0.00010282
785	0.39059	0.60924	6.4169e-05	0.00010199
786	0.40208	0.59776	6.6088e-05	0.00010013
787	0.40114	0.59869	6.5955e-05	0.00010033
788	0.40688	0.59295	6.6917e-05	9.9411e-05
789	0.41867	0.58117	6.8888e-05	9.7484e-05
790	0.44048	0.55936	7.2507e-05	9.3893e-05
791	0.47334	0.52649	7.7973e-05	8.8452e-05
792	0.48503	0.51481	7.9929e-05	8.6521e-05
793	0.5044	0.49543	8.3176e-05	8.3296e-05
794	0.53403	0.46581	8.8148e-05	7.8346e-05
795	0.57841	0.42143	9.5608e-05	7.0906e-05
796	0.64954	0.35029	0.00010752	5.8999e-05
797	0.67997	0.31986	0.00011263	5.3889e-05
798	0.6906	0.30923	0.00011443	5.2091e-05
799	0.7085	0.29133	0.00011746	4.9062e-05
800	0.73911	0.26073	0.00012261	4.3904e-05
801	0.78885	0.21098	0.00013093	3.5545e-05
802	0.80982	0.19001	0.00013444	3.2005e-05
803	0.84469	0.15515	0.00014025	2.6144e-05
804	0.89564	0.10419	0.00014878	1.7566e-05
805	0.96943	0.030401	0.00016117	5.1259e-06
806	0.98018	0.019657	0.00016291	3.3174e-06
807	0.98508	0.014754	0.00016367	2.489e-06
808	0.98687	0.012968	0.00016389	2.1869e-06
809	0.99112	0.0087108	0.0001645	1.4737e-06
810	0.99262	0.0072099	0.00016465	1.2215e-06
811	0.94426	0.055575	0.0001564	9.3525e-06
812	0.91417	0.085669	0.0001512	1.4414e-05
813	0.89417	0.10566	0.00014771	1.776e-05
814	0.84831	0.15153	0.00013992	2.5419e-05
815	0.81704	0.1828	0.00013458	3.0614e-05
816	0.79621	0.20362	0.00013101	3.405e-05
817	0.7833	0.21653	0.00012877	3.616e-05
818	0.77763	0.22221	0.0001277	3.707e-05
819	0.77696	0.22288	0.00012747	3.7147e-05
820	0.78227	0.21757	0.00012821	3.6236e-05
821	0.7931	0.20674	0.00012987	3.441e-05
822	0.81116	0.18868	0.00013272	3.1387e-05
823	0.81651	0.18333	0.00013348	3.0461e-05
824	0.82872	0.17112	0.00013534	2.841e-05
825	0.84843	0.15141	0.00013845	2.5118e-05
826	0.85607	0.14376	0.00013953	2.3826e-05
827	0.87099	0.12884	0.00014179	2.1347e-05
828	0.89419	0.10565	0.00014541	1.7508e-05
829	0.89131	0.10853	0.00014474	1.7952e-05
830	0.89224	0.1076	0.00014471	1.7767e-05
831	0.89711	0.10272	0.00014532	1.6933e-05
832	0.90662	0.093218	0.0001467	1.5338e-05
833	0.9236	0.07624	0.00014927	1.2527e-05
834	0.94935	0.050484	0.00015329	8.2756e-06
835	0.9909	0.0089398	0.00015985	1.4642e-06
836	0.99178	0.0080623	0.00015975	1.3154e-06
837	0.99455	0.0052865	0.00015993	8.6036e-07
838	0.99568	0.0041642	0.00015982	6.7635e-07
839	0.99571	0.0041326	0.00015952	6.6999e-07
840	0.99689	0.0029465	0.00015941	4.7751e-07
841	0.99471	0.0051353	0.00015875	8.2729e-07
842	0.98971	0.010127	0.00015765	1.6222e-06
843	0.98696	0.012882	0.00015692	2.056e-06
844	0.98634	0.013504	0.0001565	2.1505e-06
845	0.98772	0.012126	0.00015638	1.9283e-06
846	0.99095	0.0088879	0.00015656	1.4112e-06
847	0.99186	0.007985	0.00015637	1.2643e-06
848	0.99466	0.005182	0.00015646	8.1948e-07
849	0.99952	0.00032567	0.00015687	5.1615e-08
850	0.99962	0.00022035	0.00015653	3.4879e-08
851	0.99908	0.00076259	0.0001561	1.2003e-07
852	0.99929	0.00055608	0.00015578	8.7548e-08
853	0.9994	0.00044406	0.00015545	6.9982e-08
854	0.99833	0.0015173	0.00015491	2.3895e-07
855	0.98902	0.01082	0.00015309	1.6966e-06
856	0.96818	0.031663	0.00014948	4.944e-06
857	0.9556	0.04425	0.00014714	6.8965e-06
858	0.9478	0.052045	0.00014556	8.0911e-06
859	0.94433	0.055519	0.00014464	8.6142e-06
860	0.94388	0.055965	0.00014419	8.6654e-06
861	0.9464	0.053444	0.0001442	8.2591e-06
862	0.93213	0.067717	0.00014164	1.0422e-05
863	0.92318	0.076671	0.0001399	1.1758e-05
864	0.91923	0.080617	0.00013892	1.2328e-05
865	0.90631	0.093538	0.00013658	1.425e-05
866	0.89857	0.10128	0.00013504	1.5374e-05
867	0.895	0.10485	0.00013414	1.5862e-05
868	0.89511	0.10474	0.0001338	1.5791e-05
869	0.89987	0.099976	0.00013413	1.5023e-05
870	0.91029	0.089558	0.00013529	1.3417e-05
871	0.92857	0.071286	0.00013759	1.0655e-05
872	0.95578	0.04407	0.0001412	6.5719e-06
873	0.99604	0.0038137	0.00014674	5.6588e-07
874	0.99734	0.0025086	0.00014645	3.7072e-07
875	0.9958	0.004051	0.00014572	5.9569e-07
876	0.99545	0.0044001	0.00014517	6.4404e-07
877	0.99374	0.0061154	0.0001444	8.9162e-07
878	0.99337	0.0064843	0.00014383	9.413e-07
879	0.99454	0.005314	0.00014346	7.6897e-07
880	0.99451	0.0053415	0.0001429	7.7093e-07
881	0.99573	0.0041271	0.00014252	5.9405e-07
882	0.99835	0.0015102	0.00014234	2.1718e-07
883	0.99964	0.00021954	0.00014197	3.1946e-08
884	0.99168	0.008176	0.00014027	1.1767e-06
885	0.98674	0.013123	0.00013901	1.8805e-06
886	0.97525	0.02461	0.00013683	3.5068e-06
887	0.96792	0.031937	0.00013526	4.5292e-06
888	0.96379	0.036074	0.00013414	5.0932e-06
889	0.92557	0.074287	0.00012828	1.0405e-05
890	0.89953	0.10033	0.00012416	1.3974e-05
891	0.88222	0.11764	0.00012128	1.6303e-05
892	0.84517	0.15469	0.00011568	2.1328e-05
893	0.76845	0.23141	0.00010466	3.176e-05
894	0.7162	0.28367	9.7094e-05	3.8741e-05
895	0.68398	0.31588	9.2281e-05	4.2949e-05
896	0.66301	0.33686	8.9036e-05	4.5588e-05
897	0.65184	0.34802	8.7117e-05	4.6884e-05
898	0.64811	0.35176	8.6189e-05	4.7172e-05
899	0.64964	0.35023	8.5971e-05	4.6749e-05
900	0.65683	0.34304	8.6504e-05	4.5573e-05
901	0.67069	0.32917	8.7913e-05	4.352e-05
902	0.69549	0.30438	9.0718e-05	4.0054e-05
903	0.73643	0.26344	9.5569e-05	3.4526e-05
904	0.75306	0.24681	9.7226e-05	3.219e-05
905	0.77876	0.22111	0.00010004	2.8697e-05
906	0.82096	0.17891	0.00010491	2.3126e-05
907	0.83884	0.16103	0.00010663	2.0711e-05
908	0.86889	0.13099	0.00010985	1.6781e-05
909	0.91295	0.086922	0.0001148	1.1108e-05
910	0.91659	0.083287	0.00011461	1.0586e-05
911	0.92416	0.075714	0.00011491	9.572e-06
912	0.93667	0.063202	0.00011582	7.9475e-06
913	0.93163	0.068243	0.00011453	8.5181e-06
914	0.93002	0.069853	0.00011368	8.6576e-06
915	0.93227	0.067613	0.00011328	8.3249e-06
916	0.93883	0.061045	0.00011338	7.47e-06
917	0.95	0.049882	0.00011403	6.0646e-06
918	0.9689	0.030982	0.00011558	3.7472e-06
919	0.96166	0.038225	0.00011398	4.581e-06
920	0.95769	0.042196	0.00011277	5.0154e-06
921	0.95703	0.042849	0.00011194	5.0556e-06
922	0.95107	0.048816	0.0001105	5.7111e-06
923	0.94895	0.050938	0.00010949	5.9142e-06
924	0.95021	0.049678	0.00010885	5.7262e-06
925	0.94679	0.053093	0.00010766	6.0748e-06
926	0.94627	0.053614	0.0001068	6.0878e-06
927	0.94058	0.059304	0.00010535	6.6818e-06
928	0.93889	0.061003	0.00010433	6.8219e-06
929	0.94014	0.059751	0.00010364	6.6305e-06
930	0.94451	0.055383	0.00010329	6.0971e-06
931	0.9536	0.046287	0.00010343	5.0584e-06
932	0.96783	0.032064	0.00010411	3.479e-06
933	0.98933	0.010565	0.00010556	1.1392e-06
934	0.98799	0.011902	0.00010453	1.2701e-06
935	0.98352	0.016377	0.00010317	1.7272e-06
936	0.97386	0.026036	0.00010126	2.7162e-06
937	0.96859	0.031304	9.9808e-05	3.236e-06
938	0.96606	0.033834	9.8643e-05	3.4642e-06
939	0.95847	0.041427	9.6952e-05	4.2014e-06
940	0.95495	0.044946	9.5665e-05	4.5161e-06
941	0.95418	0.045719	9.4659e-05	4.549e-06
942	0.95613	0.043767	9.3924e-05	4.3107e-06
943	0.95355	0.046353	9.2725e-05	4.5188e-06
944	0.95425	0.045658	9.1828e-05	4.4062e-06
945	0.95837	0.041535	9.1238e-05	3.9692e-06
946	0.96599	0.033915	9.097e-05	3.2091e-06
947	0.97802	0.021883	9.1101e-05	2.0502e-06
948	0.99606	0.0038447	9.1765e-05	3.5705e-07
949	0.99853	0.0013839	9.0966e-05	1.2707e-07
950	0.99841	0.0015044	8.991e-05	1.3646e-07
