#coord	neutral	conserved	gBGC.neutral	gBGC.conserved
1	0.81385	0.18614	8.9752e-06	2.0909e-06
2	0.82244	0.17755	8.2834e-06	1.819e-06
3	0.83738	0.16261	7.6807e-06	1.5059e-06
4	0.86302	0.13697	7.1152e-06	1.1329e-06
5	0.90482	0.095171	6.5924e-06	6.9346e-07
6	0.97158	0.028419	6.1141e-06	1.8437e-07
7	0.97989	0.020109	5.2488e-06	1.1239e-07
8	0.99283	0.0071653	4.4394e-06	3.3996e-08
9	0.99873	0.0012662	3.6275e-06	4.9402e-09
10	0.99945	0.00055031	2.8327e-06	1.6265e-09
11	0.99898	0.0010201	2.0762e-06	2.0263e-09
12	0.9993	0.00069861	1.361e-06	6.8609e-10
13	0.99946	0.00053984	1.2576e-06	5.8042e-10
14	0.99948	0.00052007	1.1588e-06	5.7356e-10
15	0.99938	0.00062281	1.0646e-06	6.6389e-10
16	0.99909	0.00090866	9.7444e-07	8.9709e-10
17	0.99851	0.0014871	8.7929e-07	1.3604e-09
18	0.9972	0.0028032	7.878e-07	2.3015e-09
19	0.9941	0.0059035	6.9895e-07	4.2567e-09
20	0.98765	0.012353	6.0386e-07	7.8148e-09
21	0.98387	0.016128	5.1511e-07	8.7158e-09
22	0.98258	0.017422	4.2361e-07	7.8422e-09
23	0.98311	0.016885	3.3632e-07	6.0801e-09
24	0.98561	0.014391	2.527e-07	3.8994e-09
25	0.99041	0.009588	1.7205e-07	1.7408e-09
26	0.99811	0.0018944	9.3433e-08	1.2593e-10
27	0.99916	0.00083937	8.5893e-08	5.3997e-11
28	0.99869	0.0013098	7.5688e-08	8.539e-11
29	0.99906	0.00094255	6.4656e-08	4.9338e-11
30	0.99917	0.00082845	5.1055e-08	2.8429e-11
31	0.99909	0.00090655	6.5803e-08	5.3881e-11
32	0.9987	0.001301	7.9703e-08	1.0364e-10
33	0.99774	0.002263	9.2883e-08	2.1521e-10
34	0.99552	0.0044795	1.0517e-07	4.8047e-10
35	0.99485	0.0051464	1.1497e-07	6.1055e-10
36	0.99541	0.0045869	1.242e-07	5.8792e-10
37	0.99127	0.0087271	1.3017e-07	1.1862e-09
38	0.98907	0.01093	1.3563e-07	1.5449e-09
39	0.98855	0.011448	1.4064e-07	1.6628e-09
40	0.98554	0.014463	1.4463e-07	2.1235e-09
41	0.98442	0.015578	1.482e-07	2.2934e-09
42	0.98511	0.014893	1.5143e-07	2.1633e-09
43	0.98769	0.012312	1.5435e-07	1.6978e-09
44	0.98808	0.011924	2.3434e-07	2.9857e-09
45	0.9862	0.013799	3.1642e-07	5.0742e-09
46	0.9861	0.013904	4.02e-07	6.7985e-09
47	0.98806	0.011936	4.8422e-07	7.5289e-09
48	0.99252	0.0074838	5.638e-07	6.5659e-09
49	0.99425	0.0057533	5.7016e-07	4.8709e-09
50	0.99097	0.0090264	5.7368e-07	6.6098e-09
51	0.98976	0.010241	5.7512e-07	7.1567e-09
52	0.98581	0.014185	5.7564e-07	9.3085e-09
53	0.9764	0.023599	5.738e-07	1.4508e-08
54	0.97126	0.028743	5.7111e-07	1.7313e-08
55	0.96929	0.030706	5.6703e-07	1.8249e-08
56	0.9701	0.029903	5.6134e-07	1.7539e-08
57	0.97327	0.02673	5.5768e-07	1.5385e-08
58	0.97318	0.026819	5.4887e-07	1.5129e-08
59	0.97577	0.024231	5.3831e-07	1.3379e-08
60	0.98158	0.01842	5.2613e-07	9.9798e-09
61	0.98331	0.016691	5.1242e-07	8.7995e-09
62	0.98722	0.012778	5.005e-07	6.491e-09
63	0.9945	0.0054987	4.8686e-07	2.6692e-09
64	0.99474	0.0052568	4.712e-07	2.405e-09
65	0.9965	0.0035045	4.5299e-07	1.4705e-09
66	0.98898	0.011016	4.3154e-07	4.2604e-09
67	0.98487	0.015129	4.0847e-07	5.477e-09
68	0.98288	0.017116	3.8685e-07	5.6951e-09
69	0.91658	0.083421	3.4226e-07	2.5633e-08
70	0.87505	0.12495	3.0511e-07	3.4977e-08
71	0.8495	0.1505	2.7161e-07	3.7533e-08
72	0.83454	0.16546	2.3939e-07	3.5682e-08
73	0.79857	0.20143	2.0498e-07	3.6467e-08
74	0.72347	0.27653	2.0841e-07	6.6793e-08
75	0.6717	0.32829	2.1523e-07	9.396e-08
76	0.63687	0.36313	2.2543e-07	1.181e-07
77	0.61623	0.38377	2.3659e-07	1.383e-07
78	0.60359	0.39641	2.504e-07	1.561e-07
79	0.59874	0.40126	2.6478e-07	1.7037e-07
80	0.59947	0.40053	2.8211e-07	1.8204e-07
81	0.60588	0.39412	3.0299e-07	1.9058e-07
82	0.60048	0.39952	3.1889e-07	2.0459e-07
83	0.60189	0.3981	3.3607e-07	2.1431e-07
84	0.60906	0.39094	3.575e-07	2.203e-07
85	0.6247	0.3753	3.8221e-07	2.1996e-07
86	0.65216	0.34784	4.1264e-07	2.1086e-07
87	0.69721	0.30279	4.5269e-07	1.8905e-07
88	0.71555	0.28445	4.7821e-07	1.8242e-07
89	0.74679	0.25321	5.1029e-07	1.6608e-07
90	0.79749	0.20251	5.5339e-07	1.3555e-07
91	0.87838	0.12162	6.1453e-07	8.3766e-08
92	0.88681	0.11319	6.2911e-07	7.9297e-08
93	0.90247	0.097531	6.4568e-07	6.9524e-08
94	0.9265	0.073498	6.6968e-07	5.3216e-08
95	0.93643	0.06357	6.8507e-07	4.6479e-08
96	0.95366	0.046343	7.0256e-07	3.4266e-08
97	0.97956	0.020435	7.281e-07	1.4998e-08
98	0.99219	0.0078043	7.403e-07	5.6618e-09
99	0.99835	0.0016502	7.4423e-07	1.1635e-09
100	0.99762	0.0023794	7.3973e-07	1.688e-09
101	0.99799	0.0020052	7.3261e-07	1.4154e-09
102	0.99955	0.00044774	7.2289e-07	3.221e-10
103	0.99859	0.0014108	7.1233e-07	1.0165e-09
104	0.99861	0.0013869	6.9905e-07	1.0055e-09
105	0.9995	0.00049606	6.8731e-07	3.7718e-10
106	0.9928	0.0072022	6.7113e-07	5.2664e-09
107	0.9778	0.022202	6.5019e-07	1.5775e-08
108	0.96806	0.031941	6.3424e-07	2.2195e-08
109	0.89889	0.10111	5.7461e-07	6.8951e-08
110	0.85117	0.14883	5.3237e-07	9.9011e-08
111	0.819	0.181	5.0244e-07	1.1746e-07
112	0.79978	0.20022	4.7829e-07	1.2696e-07
113	0.78784	0.21216	4.5993e-07	1.3119e-07
114	0.78177	0.21822	4.4613e-07	1.3142e-07
115	0.78072	0.21928	4.3609e-07	1.2843e-07
116	0.78561	0.21439	4.2668e-07	1.217e-07
117	0.79748	0.20251	4.1812e-07	1.1102e-07
118	0.81663	0.18336	4.1363e-07	9.6706e-08
119	0.84871	0.15129	4.1187e-07	7.6542e-08
120	0.90054	0.099462	4.1466e-07	4.8666e-08
121	0.92342	0.076581	4.0302e-07	3.5867e-08
122	0.93277	0.067231	3.8521e-07	2.9839e-08
123	0.94778	0.052224	3.6994e-07	2.1805e-08
124	0.97262	0.027383	3.5446e-07	1.0825e-08
125	0.98323	0.016768	3.3317e-07	6.1884e-09
126	0.99941	0.00059146	3.1374e-07	1.6851e-10
127	0.9993	0.00070454	2.8483e-07	1.4995e-10
128	0.99726	0.002736	3.2651e-07	8.9613e-10
129	0.99323	0.0067723	3.638e-07	2.6296e-09
130	0.9849	0.015098	3.9542e-07	6.635e-09
131	0.97974	0.020262	4.2882e-07	9.7411e-09
132	0.97711	0.022885	4.6421e-07	1.1931e-08
133	0.97666	0.023339	5.018e-07	1.3128e-08
134	0.9787	0.021295	5.3727e-07	1.2941e-08
135	0.98309	0.016907	5.755e-07	1.1139e-08
136	0.98416	0.015842	6.133e-07	1.1141e-08
137	0.98293	0.017065	6.4598e-07	1.2703e-08
138	0.98353	0.016473	6.8124e-07	1.2995e-08
139	0.98128	0.018722	7.1594e-07	1.5431e-08
140	0.98097	0.019028	7.5361e-07	1.6427e-08
141	0.98257	0.017431	7.9455e-07	1.5784e-08
142	0.98628	0.01372	8.3935e-07	1.3039e-08
143	0.98704	0.012957	8.8357e-07	1.2766e-08
144	0.98963	0.010371	9.3189e-07	1.0546e-08
145	0.99014	0.0098572	9.743e-07	1.0329e-08
146	0.99258	0.0074208	1.0148e-06	8.0781e-09
147	0.99703	0.0029667	1.0601e-06	3.3127e-09
148	0.99708	0.0029208	1.0966e-06	3.342e-09
149	0.99615	0.0038454	1.1342e-06	4.451e-09
150	0.99387	0.0061293	1.1663e-06	7.2572e-09
151	0.99326	0.0067401	1.1961e-06	8.2312e-09
152	0.99399	0.0060119	1.23e-06	7.5167e-09
153	0.99641	0.0035879	1.262e-06	4.6466e-09
154	0.99731	0.0026928	1.2944e-06	3.5681e-09
155	0.99746	0.0025393	1.3219e-06	3.4676e-09
156	0.99864	0.0013615	1.353e-06	1.9145e-09
157	0.99913	0.00087013	1.3855e-06	1.2364e-09
158	0.99937	0.00063055	1.4137e-06	9.2283e-10
159	0.98303	0.016973	1.4201e-06	2.4658e-08
160	0.94468	0.055323	1.388e-06	8.2824e-08
161	0.91882	0.081182	1.3763e-06	1.2313e-07
162	0.85748	0.14252	1.3132e-06	2.1719e-07
163	0.81583	0.18416	1.2802e-06	2.8356e-07
164	0.79037	0.20963	1.2652e-06	3.2795e-07
165	0.77569	0.2243	1.2622e-06	3.566e-07
166	0.74163	0.25837	1.2227e-06	4.1778e-07
167	0.71893	0.28107	1.2036e-06	4.607e-07
168	0.70642	0.29358	1.197e-06	4.8745e-07
169	0.70002	0.29998	1.2026e-06	5.0394e-07
170	0.70017	0.29982	1.2158e-06	5.0905e-07
171	0.68941	0.31059	1.2068e-06	5.3273e-07
172	0.68451	0.31549	1.2101e-06	5.4606e-07
173	0.68611	0.31389	1.2214e-06	5.4763e-07
174	0.69457	0.30543	1.2416e-06	5.3667e-07
175	0.70968	0.29032	1.2762e-06	5.1327e-07
176	0.73618	0.26382	1.3276e-06	4.6933e-07
177	0.74544	0.25456	1.3515e-06	4.5502e-07
178	0.74404	0.25596	1.3519e-06	4.5952e-07
179	0.74755	0.25245	1.3637e-06	4.548e-07
180	0.75661	0.24339	1.3885e-06	4.394e-07
181	0.77425	0.22575	1.4255e-06	4.0794e-07
182	0.80417	0.19582	1.481e-06	3.5407e-07
183	0.81586	0.18414	1.4967e-06	3.3334e-07
184	0.83685	0.16315	1.5245e-06	2.9653e-07
185	0.86829	0.13171	1.5735e-06	2.4078e-07
186	0.88103	0.11897	1.5924e-06	2.1765e-07
187	0.84647	0.15353	1.5199e-06	2.8176e-07
188	0.82354	0.17646	1.473e-06	3.2286e-07
189	0.81049	0.18951	1.4403e-06	3.4579e-07
190	0.80342	0.19657	1.4216e-06	3.5721e-07
191	0.80234	0.19766	1.4099e-06	3.5769e-07
192	0.80596	0.19404	1.4092e-06	3.4951e-07
193	0.81479	0.1852	1.4205e-06	3.3176e-07
194	0.83175	0.16825	1.442e-06	2.9983e-07
195	0.86043	0.13957	1.4793e-06	2.4832e-07
196	0.8728	0.1272	1.4837e-06	2.2566e-07
197	0.89245	0.10755	1.5031e-06	1.9052e-07
198	0.92218	0.077823	1.5424e-06	1.3794e-07
199	0.93491	0.065086	1.5549e-06	1.1466e-07
200	0.95642	0.043582	1.5776e-06	7.7151e-08
201	0.98804	0.011954	1.6203e-06	2.2109e-08
202	0.98743	0.01257	1.6094e-06	2.3014e-08
203	0.98843	0.011564	1.6038e-06	2.1057e-08
204	0.99125	0.0087527	1.6038e-06	1.5913e-08
205	0.99619	0.003805	1.6101e-06	6.9375e-09
206	0.99602	0.0039746	1.6098e-06	7.0282e-09
207	0.99717	0.0028293	1.6075e-06	4.9736e-09
208	0.9996	0.00039363	1.6099e-06	6.7504e-10
209	0.9999	9.8282e-05	1.6035e-06	1.723e-10
210	0.99693	0.0030719	1.5842e-06	5.3872e-09
211	0.99071	0.0092917	1.562e-06	1.5999e-08
212	0.98703	0.01297	1.5468e-06	2.2086e-08
213	0.98537	0.014629	1.5375e-06	2.4704e-08
214	0.9855	0.014502	1.5336e-06	2.4328e-08
215	0.98776	0.012243	1.529e-06	2.063e-08
216	0.99217	0.0078239	1.5304e-06	1.3372e-08
217	0.99055	0.0094496	1.5245e-06	1.5881e-08
218	0.99071	0.0092928	1.5173e-06	1.562e-08
219	0.99237	0.0076284	1.5148e-06	1.2893e-08
220	0.99224	0.0077544	1.5117e-06	1.3007e-08
221	0.99351	0.006488	1.513e-06	1.0842e-08
222	0.99333	0.0066686	1.5045e-06	1.1142e-08
223	0.98494	0.015057	1.4858e-06	2.435e-08
224	0.98032	0.019675	1.4689e-06	3.1705e-08
225	0.97811	0.021885	1.4584e-06	3.5079e-08
226	0.97134	0.028656	1.4434e-06	4.5293e-08
227	0.96817	0.031831	1.4298e-06	5.0062e-08
228	0.96791	0.032092	1.4167e-06	5.0429e-08
229	0.95026	0.049737	1.3722e-06	7.8187e-08
230	0.90967	0.090331	1.2955e-06	1.4036e-07
231	0.88235	0.11765	1.243e-06	1.8035e-07
232	0.86608	0.13392	1.2036e-06	2.0349e-07
233	0.85607	0.14392	1.1762e-06	2.1653e-07
234	0.85115	0.14885	1.1587e-06	2.2174e-07
235	0.85047	0.14953	1.1492e-06	2.2064e-07
236	0.85502	0.14498	1.1435e-06	2.1214e-07
237	0.86439	0.13561	1.1463e-06	1.9681e-07
238	0.85181	0.14819	1.1149e-06	2.1193e-07
239	0.84471	0.15529	1.0935e-06	2.1896e-07
240	0.84321	0.15679	1.076e-06	2.1822e-07
241	0.84697	0.15302	1.0619e-06	2.1043e-07
242	0.85547	0.14452	1.0557e-06	1.9651e-07
243	0.87006	0.12994	1.0591e-06	1.7485e-07
244	0.7628	0.2372	9.033e-07	3.0868e-07
245	0.69539	0.30461	7.9753e-07	3.8889e-07
246	0.64904	0.35096	7.2378e-07	4.3852e-07
247	0.62078	0.37922	6.7067e-07	4.641e-07
248	0.60243	0.39757	6.3243e-07	4.7609e-07
249	0.55735	0.44265	5.6689e-07	5.167e-07
250	0.52994	0.47006	5.201e-07	5.353e-07
251	0.51222	0.48778	4.8659e-07	5.4168e-07
252	0.50207	0.49793	4.6299e-07	5.3922e-07
253	0.4993	0.5007	4.4492e-07	5.2806e-07
254	0.50188	0.49812	4.3306e-07	5.1161e-07
255	0.51017	0.48983	4.2718e-07	4.9002e-07
256	0.52552	0.47448	4.2818e-07	4.6249e-07
257	0.54974	0.45025	4.3716e-07	4.2776e-07
258	0.58606	0.41394	4.5651e-07	3.8344e-07
259	0.59998	0.40002	4.5605e-07	3.598e-07
260	0.62265	0.37735	4.6334e-07	3.2926e-07
261	0.66046	0.33954	4.7896e-07	2.8722e-07
262	0.71579	0.28421	5.078e-07	2.3276e-07
263	0.79595	0.20405	5.5479e-07	1.6098e-07
264	0.92303	0.076967	6.2786e-07	5.9787e-08
265	0.92545	0.074544	6.0521e-07	5.5429e-08
266	0.90648	0.093517	5.6979e-07	6.4956e-08
267	0.89443	0.10557	5.4075e-07	6.9123e-08
268	0.86497	0.13502	5.0363e-07	8.2191e-08
269	0.8456	0.1544	4.7441e-07	8.8194e-08
270	0.83357	0.16643	4.5075e-07	8.9384e-08
271	0.80311	0.19689	4.2003e-07	9.8189e-08
272	0.73281	0.26719	3.7511e-07	1.2178e-07
273	0.68895	0.31105	3.4113e-07	1.3135e-07
274	0.65967	0.34033	3.1568e-07	1.3281e-07
275	0.64275	0.35725	2.9376e-07	1.2774e-07
276	0.63457	0.36543	2.7355e-07	1.1798e-07
277	0.63202	0.36798	2.5627e-07	1.0555e-07
278	0.61753	0.38247	2.8678e-07	1.3451e-07
279	0.6099	0.3901	3.2053e-07	1.6167e-07
280	0.53051	0.46949	3.1041e-07	2.2928e-07
281	0.47567	0.52433	3.0855e-07	2.8989e-07
282	0.43813	0.56187	3.137e-07	3.4474e-07
283	0.41293	0.58707	3.2492e-07	3.9485e-07
284	0.39871	0.60129	3.3973e-07	4.3809e-07
285	0.39116	0.60884	3.6002e-07	4.7731e-07
286	0.39042	0.60958	3.8382e-07	5.0976e-07
287	0.39632	0.60368	4.1225e-07	5.3433e-07
288	0.41013	0.58987	4.4761e-07	5.4874e-07
289	0.43479	0.56521	4.9395e-07	5.4892e-07
290	0.47206	0.52794	5.5912e-07	5.3176e-07
291	0.52652	0.47348	6.5156e-07	4.8883e-07
292	0.52825	0.47175	8.2685e-07	6.6385e-07
293	0.53722	0.46278	1.0097e-06	8.2353e-07
294	0.55318	0.44682	1.222e-06	9.6725e-07
295	0.55503	0.44496	1.4212e-06	1.1385e-06
296	0.56252	0.43748	1.6489e-06	1.2965e-06
297	0.57688	0.42312	1.9173e-06	1.4303e-06
298	0.60247	0.39752	2.2292e-06	1.5114e-06
299	0.6412	0.3588	2.6298e-06	1.5214e-06
300	0.69781	0.30218	3.162e-06	1.4181e-06
301	0.72201	0.27798	3.6e-06	1.4295e-06
302	0.76206	0.23793	4.1341e-06	1.3334e-06
303	0.82049	0.17951	4.8383e-06	1.0883e-06
304	0.84816	0.15183	5.3807e-06	9.9246e-07
305	0.88894	0.11105	6.0649e-06	7.774e-07
306	0.95415	0.045842	6.9484e-06	3.497e-07
307	0.96234	0.037657	7.4728e-06	3.0652e-07
308	0.97537	0.024623	8.0754e-06	2.1217e-07
309	0.99684	0.0031472	8.7501e-06	3.0661e-08
310	0.99978	0.00021108	9.3107e-06	3.4437e-09
311	0.99977	0.00022387	9.4384e-06	2.7664e-09
312	0.99985	0.00013934	9.5586e-06	1.7653e-09
313	0.97879	0.021198	9.4477e-06	2.4238e-07
314	0.966	0.033991	9.4145e-06	3.9763e-07
315	0.95783	0.042163	9.4439e-06	5.0078e-07
316	0.95319	0.046796	9.5237e-06	5.645e-07
317	0.95211	0.047883	9.6329e-06	5.9087e-07
318	0.95379	0.046203	9.7853e-06	5.8567e-07
319	0.93864	0.061349	9.722e-06	7.8816e-07
320	0.92899	0.070996	9.7363e-06	9.2415e-07
321	0.92444	0.075552	9.8004e-06	1.0024e-06
322	0.76408	0.23591	7.8427e-06	3.1139e-06
323	0.66293	0.33706	6.5779e-06	4.5252e-06
324	0.59375	0.40624	5.739e-06	5.5209e-06
325	0.55071	0.44928	5.2103e-06	6.1999e-06
326	0.52463	0.47536	4.8874e-06	6.667e-06
327	0.50994	0.49005	4.7034e-06	6.9892e-06
328	0.50197	0.49802	4.6145e-06	7.2251e-06
329	0.47599	0.524	4.3248e-06	7.3254e-06
330	0.45957	0.54042	4.1394e-06	7.3314e-06
331	0.42075	0.57923	3.7478e-06	7.5377e-06
332	0.39736	0.60263	3.4933e-06	7.6008e-06
333	0.38438	0.61561	3.3318e-06	7.5652e-06
334	0.3776	0.62239	3.2382e-06	7.4708e-06
335	0.37749	0.6225	3.2043e-06	7.3109e-06
336	0.384	0.61599	3.2307e-06	7.085e-06
337	0.39688	0.60311	3.3286e-06	6.797e-06
338	0.42018	0.57981	3.5231e-06	6.4067e-06
339	0.45879	0.5412	3.8558e-06	5.8721e-06
340	0.51584	0.48415	4.3776e-06	5.1583e-06
341	0.60666	0.39333	5.1969e-06	4.1406e-06
342	0.73907	0.26092	6.4222e-06	2.7275e-06
343	0.80327	0.19673	6.9029e-06	2.0516e-06
344	0.83077	0.16922	7.0259e-06	1.7448e-06
345	0.84266	0.15733	6.9804e-06	1.5985e-06
346	0.84536	0.15463	6.8375e-06	1.5418e-06
347	0.85278	0.14721	6.7474e-06	1.4441e-06
348	0.86598	0.13401	6.7172e-06	1.2981e-06
349	0.88682	0.11317	6.7618e-06	1.0883e-06
350	0.88355	0.11644	6.584e-06	1.0933e-06
351	0.88421	0.11579	6.4507e-06	1.0646e-06
352	0.88888	0.11111	6.3606e-06	1.0033e-06
353	0.89824	0.10176	6.3176e-06	9.0481e-07
354	0.91509	0.084899	6.3219e-06	7.5187e-07
355	0.91099	0.089006	6.174e-06	7.656e-07
356	0.9104	0.089589	6.0625e-06	7.5182e-07
357	0.91327	0.086724	5.9857e-06	7.1199e-07
358	0.91036	0.089634	5.8583e-06	7.1606e-07
359	0.911	0.08899	5.7657e-06	6.9417e-07
360	0.91529	0.0847	5.7076e-06	6.4623e-07
361	0.92483	0.075165	5.6777e-06	5.6359e-07
362	0.93996	0.060029	5.6946e-06	4.4212e-07
363	0.9627	0.03729	5.7727e-06	2.6738e-07
364	0.97329	0.026709	5.7495e-06	1.8723e-07
365	0.97739	0.022603	5.6882e-06	1.5349e-07
366	0.98528	0.01471	5.6435e-06	9.6666e-08
367	0.98884	0.011158	5.5608e-06	7.1099e-08
368	0.99494	0.0050503	5.5021e-06	2.9854e-08
369	0.99795	0.0020399	5.4151e-06	1.0255e-08
370	0.99775	0.0022476	5.3022e-06	9.9341e-09
371	0.99672	0.0032787	5.1939e-06	1.2785e-08
372	0.99442	0.0055702	5.3893e-06	2.6893e-08
373	0.99354	0.0064513	5.6041e-06	3.3793e-08
374	0.99418	0.0058091	5.8184e-06	3.2564e-08
375	0.9962	0.0037923	6.0538e-06	2.2689e-08
376	0.99676	0.0032364	6.2946e-06	2.0484e-08
377	0.99848	0.0015142	6.5573e-06	1.014e-08
378	0.99929	0.0006997	6.8302e-06	4.8973e-09
379	0.99867	0.0013212	7.1094e-06	9.4039e-09
380	0.99747	0.0025181	7.3737e-06	1.8658e-08
381	0.99472	0.0052766	7.6423e-06	4.0076e-08
382	0.99369	0.0063009	7.9125e-06	4.9691e-08
383	0.99418	0.0058091	8.1841e-06	4.7723e-08
384	0.99602	0.0039708	8.4837e-06	3.3631e-08
385	0.99982	0.00017083	8.7907e-06	1.8071e-09
386	0.99938	0.00061148	9.0777e-06	7.1076e-09
387	0.99965	0.00033959	9.3896e-06	5.5001e-09
388	0.99697	0.0030177	9.3826e-06	3.2007e-08
389	0.99565	0.0043372	9.3979e-06	4.4864e-08
390	0.99552	0.0044726	9.4337e-06	4.5882e-08
391	0.99427	0.005722	9.4511e-06	5.842e-08
392	0.99432	0.0056738	9.4907e-06	5.7889e-08
393	0.99588	0.0041082	9.5378e-06	4.2876e-08
394	0.99615	0.0038415	9.5815e-06	4.0431e-08
395	0.99092	0.0090664	9.5608e-06	9.5062e-08
396	0.97888	0.021112	9.4798e-06	2.1889e-07
397	0.97193	0.028063	9.4413e-06	2.9321e-07
398	0.96809	0.031899	9.4448e-06	3.3465e-07
399	0.96676	0.033229	9.4835e-06	3.4995e-07
400	0.96783	0.032162	9.557e-06	3.4e-07
401	0.97144	0.028547	9.6678e-06	3.0239e-07
402	0.97881	0.021184	9.81e-06	2.2619e-07
403	0.98169	0.018304	9.8974e-06	1.9749e-07
404	0.98704	0.012948	1.0022e-05	1.4125e-07
405	0.9892	0.010795	1.0104e-05	1.1948e-07
406	0.98937	0.01062	1.0158e-05	1.1926e-07
407	0.99117	0.0088236	1.0239e-05	1.0109e-07
408	0.99478	0.0052061	1.0351e-05	6.222e-08
409	0.99374	0.0062516	1.0404e-05	7.5589e-08
410	0.99398	0.0060085	1.048e-05	7.4269e-08
411	0.98768	0.012305	1.0491e-05	1.4905e-07
412	0.94284	0.057154	1.0026e-05	6.9198e-07
413	0.91494	0.085046	9.7453e-06	1.0438e-06
414	0.89811	0.10188	9.5851e-06	1.2677e-06
415	0.85845	0.14153	9.15e-06	1.7758e-06
416	0.83156	0.16843	8.8836e-06	2.1245e-06
417	0.81579	0.18419	8.7388e-06	2.3448e-06
418	0.80781	0.19218	8.6785e-06	2.4737e-06
419	0.8059	0.19409	8.6827e-06	2.5313e-06
420	0.80865	0.19134	8.753e-06	2.5324e-06
421	0.7021	0.29789	7.4131e-06	3.9533e-06
422	0.62826	0.37173	6.5106e-06	4.9456e-06
423	0.57737	0.42261	5.9109e-06	5.6436e-06
424	0.46989	0.5301	4.5388e-06	7.1081e-06
425	0.40226	0.59773	3.6502e-06	8.0835e-06
426	0.36	0.63999	3.0762e-06	8.7391e-06
427	0.26356	0.73643	2.1965e-06	9.323e-06
428	0.20271	0.79728	1.636e-06	9.5816e-06
429	0.16102	0.83897	1.2667e-06	9.6603e-06
430	0.13498	0.86501	1.0302e-06	9.6007e-06
431	0.11725	0.88274	8.7338e-07	9.4717e-06
432	0.10565	0.89434	7.7295e-07	9.2965e-06
433	0.075835	0.92415	5.4977e-07	9.2534e-06
434	0.057119	0.94287	4.0901e-07	9.123e-06
435	0.045517	0.95447	3.2081e-07	8.9352e-06
436	0.038559	0.96143	2.6668e-07	8.7086e-06
437	0.034762	0.96523	2.3544e-07	8.4543e-06
438	0.033307	0.96668	2.207e-07	8.1786e-06
439	0.033449	0.96654	2.1877e-07	7.8996e-06
440	0.035689	0.9643	2.303e-07	7.6025e-06
441	0.040506	0.95949	2.5728e-07	7.2851e-06
442	0.040246	0.95975	2.4562e-07	7.0015e-06
443	0.041776	0.95822	2.4665e-07	6.7147e-06
444	0.045227	0.95477	2.5999e-07	6.4243e-06
445	0.051896	0.9481	2.8933e-07	6.1132e-06
446	0.062146	0.93785	3.3789e-07	5.7918e-06
447	0.078879	0.92111	4.1471e-07	5.4373e-06
448	0.074492	0.9255	3.7245e-07	5.2105e-06
449	0.073507	0.92649	3.4785e-07	4.9613e-06
450	0.074948	0.92505	3.3695e-07	4.7066e-06
451	0.069342	0.93065	2.9505e-07	4.4909e-06
452	0.066473	0.93352	2.6874e-07	4.2673e-06
453	0.066054	0.93394	2.5483e-07	4.0389e-06
454	0.05831	0.94169	2.1482e-07	3.8437e-06
455	0.05354	0.94646	1.8926e-07	3.6407e-06
456	0.051777	0.94822	1.745e-07	3.4228e-06
457	0.043733	0.95626	1.3976e-07	3.2206e-06
458	0.038515	0.96148	1.1738e-07	3.0125e-06
459	0.035511	0.96449	1.0375e-07	2.8023e-06
460	0.034759	0.96524	9.6506e-08	2.5816e-06
461	0.036098	0.9639	9.4282e-08	2.3519e-06
462	0.039803	0.96019	9.6603e-08	2.1134e-06
463	0.038061	0.96194	8.633e-08	1.8941e-06
464	0.038537	0.96146	8.0462e-08	1.6663e-06
465	0.040803	0.9592	7.8299e-08	1.4412e-06
466	0.038345	0.96165	7.2728e-08	1.4799e-06
467	0.03769	0.96231	7.0855e-08	1.5158e-06
468	0.039222	0.96078	7.2519e-08	1.5454e-06
469	0.043266	0.95673	7.8056e-08	1.5684e-06
470	0.049793	0.9502	8.8097e-08	1.5877e-06
471	0.060864	0.93913	1.0498e-07	1.5974e-06
472	0.078838	0.92116	1.3207e-07	1.5941e-06
473	0.10479	0.89521	1.7295e-07	1.5779e-06
474	0.14264	0.85736	2.3504e-07	1.5415e-06
475	0.1581	0.8419	2.633e-07	1.5401e-06
476	0.14806	0.85194	2.4843e-07	1.5831e-06
477	0.14258	0.85742	2.4218e-07	1.6187e-06
478	0.14176	0.85824	2.4313e-07	1.6442e-06
479	0.14437	0.85563	2.5104e-07	1.6639e-06
480	0.11576	0.88424	2.0143e-07	1.7423e-06
481	0.096341	0.90366	1.6872e-07	1.8052e-06
482	0.083378	0.91662	1.4783e-07	1.8575e-06
483	0.075033	0.92496	1.3548e-07	1.9026e-06
484	0.070013	0.92999	1.2941e-07	1.9426e-06
485	0.068385	0.93161	1.2897e-07	1.9741e-06
486	0.06909	0.93091	1.3361e-07	2.0017e-06
487	0.073026	0.92697	1.4442e-07	2.0203e-06
488	0.081014	0.91898	1.6329e-07	2.0279e-06
489	0.093468	0.90653	1.9309e-07	2.026e-06
490	0.11392	0.88608	2.3988e-07	2.0042e-06
491	0.1436	0.8564	3.0983e-07	1.9605e-06
492	0.18699	0.81301	4.1537e-07	1.8829e-06
493	0.20645	0.79355	4.6518e-07	1.8579e-06
494	0.23839	0.7616	5.4265e-07	1.802e-06
495	0.28958	0.71041	6.6257e-07	1.7005e-06
496	0.29006	0.70993	6.69e-07	1.7143e-06
497	0.29672	0.70328	6.8811e-07	1.7121e-06
498	0.29179	0.7082	6.8142e-07	1.7375e-06
499	0.29294	0.70706	6.8726e-07	1.7471e-06
500	0.30039	0.69961	7.0626e-07	1.7402e-06
501	0.31407	0.68593	7.4221e-07	1.7183e-06
502	0.33816	0.66183	8.0081e-07	1.6705e-06
503	0.37394	0.62606	8.9057e-07	1.5934e-06
504	0.43158	0.56842	1.0296e-06	1.4636e-06
505	0.51589	0.48411	1.2394e-06	1.2654e-06
506	0.63881	0.36119	1.5543e-06	9.6458e-07
507	0.81553	0.18446	2.0201e-06	5.1552e-07
508	0.83875	0.16125	2.0979e-06	4.5783e-07
509	0.84834	0.15166	2.1354e-06	4.3607e-07
510	0.84821	0.15179	2.1506e-06	4.3979e-07
511	0.81085	0.18914	2.0685e-06	5.441e-07
512	0.78603	0.21397	2.0233e-06	6.1492e-07
513	0.77181	0.22819	2.0009e-06	6.5872e-07
514	0.73569	0.2643	1.9221e-06	7.6203e-07
515	0.71153	0.28847	1.8784e-06	8.3342e-07
516	0.69799	0.30201	1.858e-06	8.7734e-07
517	0.58822	0.41178	1.5606e-06	1.194e-06
518	0.5192	0.48079	1.3686e-06	1.4015e-06
519	0.47617	0.52383	1.2449e-06	1.5368e-06
520	0.44705	0.55295	1.1648e-06	1.631e-06
521	0.43022	0.56978	1.1162e-06	1.69e-06
522	0.42044	0.57955	1.0904e-06	1.7287e-06
523	0.39036	0.60963	1.0107e-06	1.825e-06
524	0.37051	0.62948	9.6181e-07	1.8928e-06
525	0.3585	0.6415	9.3668e-07	1.9394e-06
526	0.32813	0.67186	8.5604e-07	2.0379e-06
527	0.31016	0.68983	8.0692e-07	2.1014e-06
528	0.2994	0.7006	7.8026e-07	2.1448e-06
529	0.29414	0.70586	7.7077e-07	2.1733e-06
530	0.29369	0.7063	7.7654e-07	2.1887e-06
531	0.29938	0.70062	7.977e-07	2.1853e-06
532	0.26834	0.73166	7.1531e-07	2.2878e-06
533	0.24977	0.75023	6.6489e-07	2.355e-06
534	0.23809	0.76191	6.3584e-07	2.4029e-06
535	0.20947	0.79052	5.541e-07	2.5003e-06
536	0.1902	0.8098	5.0108e-07	2.5709e-06
537	0.1777	0.82229	4.6874e-07	2.6229e-06
538	0.17035	0.82965	4.5208e-07	2.6612e-06
539	0.16715	0.83285	4.4834e-07	2.6887e-06
540	0.16782	0.83217	4.5709e-07	2.7059e-06
541	0.15847	0.84152	4.3766e-07	2.7535e-06
542	0.1546	0.8454	4.3213e-07	2.784e-06
543	0.15539	0.8446	4.391e-07	2.7988e-06
544	0.12187	0.87813	3.3952e-07	2.9169e-06
545	0.099015	0.90098	2.7327e-07	3.0038e-06
546	0.083604	0.91639	2.299e-07	3.07e-06
547	0.073451	0.92655	2.0254e-07	3.1222e-06
548	0.067911	0.93209	1.8741e-07	3.1591e-06
549	0.065812	0.93419	1.8165e-07	3.1836e-06
550	0.066102	0.93389	1.8374e-07	3.2023e-06
551	0.068825	0.93117	1.94e-07	3.2149e-06
552	0.075158	0.92484	2.1463e-07	3.214e-06
553	0.074299	0.9257	2.1341e-07	3.237e-06
554	0.07598	0.92402	2.2092e-07	3.2534e-06
555	0.080439	0.91956	2.383e-07	3.2622e-06
556	0.088308	0.91169	2.6826e-07	3.2606e-06
557	0.088335	0.91166	2.7303e-07	3.2864e-06
558	0.091194	0.9088	2.8841e-07	3.304e-06
559	0.086508	0.91349	2.7918e-07	3.3485e-06
560	0.085485	0.91451	2.8091e-07	3.3788e-06
561	0.08792	0.91208	2.9374e-07	3.3948e-06
562	0.083531	0.91647	2.8141e-07	3.4328e-06
563	0.081931	0.91807	2.7962e-07	3.4625e-06
564	0.083687	0.91631	2.8883e-07	3.4781e-06
565	0.07837	0.92163	2.711e-07	3.5167e-06
566	0.076669	0.92333	2.6537e-07	3.5401e-06
567	0.077553	0.92244	2.6994e-07	3.5557e-06
568	0.081895	0.9181	2.8613e-07	3.5564e-06
569	0.090599	0.9094	3.1695e-07	3.5393e-06
570	0.10551	0.89449	3.6827e-07	3.4986e-06
571	0.12978	0.87022	4.4995e-07	3.4242e-06
572	0.16491	0.83509	5.7195e-07	3.3119e-06
573	0.22079	0.77921	7.6172e-07	3.1285e-06
574	0.2447	0.75529	8.4488e-07	3.0544e-06
575	0.28367	0.71633	9.7689e-07	2.928e-06
576	0.34014	0.65986	1.1744e-06	2.7388e-06
577	0.36611	0.63389	1.261e-06	2.6569e-06
578	0.40506	0.59493	1.3972e-06	2.5285e-06
579	0.42009	0.57991	1.4518e-06	2.4849e-06
580	0.44646	0.55353	1.5435e-06	2.4005e-06
581	0.48617	0.51383	1.6879e-06	2.2667e-06
582	0.54407	0.45593	1.9052e-06	2.0633e-06
583	0.54592	0.45407	1.9165e-06	2.0696e-06
584	0.55501	0.44499	1.9518e-06	2.0478e-06
585	0.5711	0.42889	2.0181e-06	1.9985e-06
586	0.59635	0.40365	2.1246e-06	1.9126e-06
587	0.63407	0.36592	2.2866e-06	1.775e-06
588	0.69491	0.30509	2.5341e-06	1.5474e-06
589	0.67999	0.32	2.4566e-06	1.5871e-06
590	0.67172	0.32828	2.4105e-06	1.5994e-06
591	0.669	0.331	2.391e-06	1.589e-06
592	0.67147	0.32852	2.3971e-06	1.5572e-06
593	0.68104	0.31896	2.4283e-06	1.4956e-06
594	0.6997	0.3003	2.4929e-06	1.3963e-06
595	0.68619	0.3138	2.4286e-06	1.4298e-06
596	0.67904	0.32095	2.3931e-06	1.4385e-06
597	0.67747	0.32253	2.3834e-06	1.4255e-06
598	0.68246	0.31753	2.3951e-06	1.3866e-06
599	0.69509	0.30491	2.4328e-06	1.3173e-06
600	0.63122	0.36878	2.1815e-06	1.5325e-06
601	0.59153	0.40847	2.0145e-06	1.659e-06
602	0.56763	0.43237	1.9021e-06	1.7266e-06
603	0.55254	0.44746	1.8275e-06	1.76e-06
604	0.54582	0.45418	1.7795e-06	1.7627e-06
605	0.54605	0.45394	1.7524e-06	1.7401e-06
606	0.55196	0.44804	1.7486e-06	1.6981e-06
607	0.56604	0.43396	1.7676e-06	1.6291e-06
608	0.5886	0.4114	1.8175e-06	1.5328e-06
609	0.62308	0.37692	1.91e-06	1.3976e-06
610	0.61747	0.38253	1.8697e-06	1.399e-06
611	0.61864	0.38136	1.8477e-06	1.3777e-06
612	0.60689	0.39311	1.7874e-06	1.3983e-06
613	0.60278	0.39722	1.7481e-06	1.3937e-06
614	0.60403	0.39597	1.7294e-06	1.3719e-06
615	0.61081	0.38919	1.7311e-06	1.3329e-06
616	0.60563	0.39437	1.7007e-06	1.3311e-06
617	0.60604	0.39396	1.6909e-06	1.3121e-06
618	0.6134	0.3866	1.6982e-06	1.2718e-06
619	0.58337	0.41663	1.6012e-06	1.3396e-06
620	0.56599	0.43401	1.5368e-06	1.371e-06
621	0.55757	0.44243	1.4947e-06	1.3759e-06
622	0.46435	0.53564	1.2256e-06	1.6108e-06
623	0.40057	0.59943	1.0465e-06	1.7586e-06
624	0.36086	0.63914	9.2957e-07	1.8405e-06
625	0.33677	0.66323	8.529e-07	1.8787e-06
626	0.32124	0.67876	8.0263e-07	1.8928e-06
627	0.3122	0.6878	7.7193e-07	1.8895e-06
628	0.30978	0.69021	7.5631e-07	1.8678e-06
629	0.31233	0.68766	7.5532e-07	1.8337e-06
630	0.32156	0.67844	7.6887e-07	1.7817e-06
631	0.33943	0.66056	8.0081e-07	1.7078e-06
632	0.34306	0.65694	7.9231e-07	1.6679e-06
633	0.35233	0.64767	7.9891e-07	1.6155e-06
634	0.32624	0.67376	7.2482e-07	1.6461e-06
635	0.31122	0.68878	6.755e-07	1.6485e-06
636	0.30407	0.69593	6.4303e-07	1.6307e-06
637	0.30324	0.69676	6.2308e-07	1.5969e-06
638	0.3072	0.6928	6.15e-07	1.5533e-06
639	0.31667	0.68333	6.1961e-07	1.4993e-06
640	0.33481	0.66519	6.3822e-07	1.4279e-06
641	0.36241	0.63759	6.7544e-07	1.34e-06
642	0.40365	0.59635	7.389e-07	1.228e-06
643	0.40015	0.59985	7.1532e-07	1.2052e-06
644	0.3819	0.6181	6.6707e-07	1.209e-06
645	0.37257	0.62743	6.337e-07	1.1945e-06
646	0.3702	0.6298	6.1107e-07	1.1658e-06
647	0.37289	0.62711	5.9887e-07	1.1286e-06
648	0.38259	0.61741	5.9573e-07	1.0789e-06
649	0.3992	0.6008	6.0441e-07	1.0193e-06
650	0.42788	0.57212	6.2743e-07	9.4196e-07
651	0.47023	0.52977	6.703e-07	8.4666e-07
652	0.46728	0.53272	6.4422e-07	8.2236e-07
653	0.4711	0.5289	6.2546e-07	7.8727e-07
654	0.48076	0.51924	6.1595e-07	7.4478e-07
655	0.49781	0.50219	6.1718e-07	6.9346e-07
656	0.52734	0.47266	6.2983e-07	6.2726e-07
657	0.57099	0.429	6.5916e-07	5.4618e-07
658	0.64101	0.35899	7.1111e-07	4.3891e-07
659	0.74336	0.25664	7.9577e-07	3.0105e-07
660	0.89069	0.10931	9.2358e-07	1.2208e-07
661	0.90917	0.090827	9.0102e-07	9.5836e-08
662	0.93968	0.06032	8.8442e-07	5.97e-08
663	0.98871	0.011286	8.7709e-07	1.0279e-08
664	0.99506	0.0049373	8.2911e-07	3.8952e-09
665	0.99819	0.0018137	7.7356e-07	1.0027e-09
666	0.99985	0.00015139	8.3266e-07	9.8104e-11
667	0.99973	0.0002652	8.932e-07	2.2049e-10
668	0.99969	0.00030478	9.4965e-07	2.8219e-10
669	0.99857	0.001425	1.0078e-06	1.3986e-09
670	0.9965	0.0034999	1.0606e-06	3.6606e-09
671	0.99587	0.0041326	1.1106e-06	4.5697e-09
672	0.99654	0.0034611	1.1579e-06	4.0568e-09
673	0.99312	0.0068802	1.203e-06	8.4311e-09
674	0.99169	0.0083082	1.2461e-06	1.0659e-08
675	0.99173	0.0082677	1.2938e-06	1.1017e-08
676	0.99349	0.0065037	1.3396e-06	9.0814e-09
677	0.99356	0.0064434	1.3858e-06	9.3257e-09
678	0.99199	0.0080133	1.4326e-06	1.1894e-08
679	0.9921	0.0078999	1.4773e-06	1.2132e-08
680	0.99364	0.0063627	1.5272e-06	1.0066e-08
681	0.99717	0.0028284	1.5761e-06	4.7481e-09
682	0.99676	0.0032362	1.6219e-06	5.5874e-09
683	0.99742	0.0025782	1.6728e-06	4.5903e-09
684	0.99924	0.0007611	1.7294e-06	1.3995e-09
685	0.99916	0.00083524	1.7862e-06	1.5257e-09
686	0.99995	4.821e-05	1.8401e-06	8.8806e-11
687	0.99998	1.4665e-05	1.8879e-06	2.8667e-11
688	0.99993	7.1171e-05	1.9391e-06	1.4579e-10
689	0.99859	0.0014089	1.9912e-06	2.9178e-09
690	0.99821	0.0017881	2.0491e-06	3.791e-09
691	0.9971	0.0028957	2.1096e-06	6.2104e-09
692	0.99719	0.0028049	2.1677e-06	6.2046e-09
693	0.99833	0.0016718	2.2322e-06	3.7675e-09
694	0.99884	0.00116	2.2905e-06	2.6934e-09
695	0.99892	0.0010819	2.352e-06	2.54e-09
696	0.99994	5.7962e-05	2.4109e-06	1.3718e-10
697	0.99999	2.564e-06	2.4624e-06	7.1282e-12
698	0.99995	4.9684e-05	2.5194e-06	1.935e-10
699	0.99984	0.00015335	2.4536e-06	3.5577e-10
700	0.99919	0.0008034	2.6025e-06	2.8134e-09
701	0.99812	0.0018728	2.7427e-06	7.5847e-09
702	0.99812	0.0018731	2.8795e-06	9.2143e-09
703	0.99453	0.0054703	2.8592e-06	2.0254e-08
704	0.99262	0.007375	2.8482e-06	2.5861e-08
705	0.99216	0.0078392	2.8455e-06	2.6918e-08
706	0.99311	0.0068909	2.8513e-06	2.3493e-08
707	0.99556	0.004437	2.8658e-06	1.518e-08
708	0.99984	0.00015275	2.8903e-06	7.1442e-10
709	0.98162	0.01838	2.7924e-06	5.6846e-08
710	0.97062	0.029377	2.7124e-06	9.0239e-08
711	0.96381	0.036185	2.6508e-06	1.0959e-07
712	0.9487	0.051295	2.5597e-06	1.5361e-07
713	0.93915	0.06085	2.491e-06	1.7942e-07
714	0.93453	0.06547	2.432e-06	1.9084e-07
715	0.92179	0.07821	2.3577e-06	2.2371e-07
716	0.89161	0.10838	2.242e-06	3.0175e-07
717	0.87164	0.12835	2.1602e-06	3.4961e-07
718	0.82456	0.17544	2.0158e-06	4.6335e-07
719	0.79559	0.20441	1.9141e-06	5.3016e-07
720	0.77854	0.22146	1.8393e-06	5.6576e-07
721	0.76979	0.23021	1.7819e-06	5.7962e-07
722	0.76646	0.23354	1.742e-06	5.7936e-07
723	0.76806	0.23194	1.7174e-06	5.6704e-07
724	0.776	0.22399	1.703e-06	5.4034e-07
725	0.77353	0.22646	1.6678e-06	5.3748e-07
726	0.77579	0.22421	1.6464e-06	5.2369e-07
727	0.78307	0.21692	1.6391e-06	4.987e-07
728	0.79813	0.20187	1.644e-06	4.5741e-07
729	0.82154	0.17845	1.6693e-06	3.9846e-07
730	0.85642	0.14358	1.7219e-06	3.1514e-07
731	0.91258	0.087417	1.8118e-06	1.9029e-07
732	0.9948	0.0051951	1.9588e-06	1.1497e-08
733	0.99501	0.0049854	1.9311e-06	1.0717e-08
734	0.99402	0.0059759	1.9045e-06	1.2292e-08
735	0.99433	0.0056705	1.8836e-06	1.1229e-08
736	0.99335	0.0066494	1.8558e-06	1.2703e-08
737	0.99391	0.00609	1.8265e-06	1.1344e-08
738	0.99612	0.0038741	1.7958e-06	7.0795e-09
739	0.99442	0.005575	1.761e-06	9.8557e-09
740	0.99425	0.005746	1.7245e-06	9.9311e-09
741	0.99271	0.0072834	1.6814e-06	1.2368e-08
742	0.98897	0.011024	1.6302e-06	1.8472e-08
743	0.9872	0.012797	1.5858e-06	2.0899e-08
744	0.98715	0.012852	1.5474e-06	2.0364e-08
745	0.9891	0.010895	1.5077e-06	1.6802e-08
746	0.98908	0.010915	1.4606e-06	1.6413e-08
747	0.99068	0.0093184	1.4189e-06	1.3597e-08
748	0.99055	0.0094508	1.3703e-06	1.3401e-08
749	0.99194	0.0080564	1.3268e-06	1.105e-08
750	0.99539	0.0046051	1.2815e-06	6.2315e-09
751	0.99416	0.0058338	1.2327e-06	7.5946e-09
752	0.99443	0.0055707	1.1816e-06	7.0646e-09
753	0.99598	0.004014	1.1346e-06	5.0061e-09
754	0.99908	0.00091555	1.0919e-06	1.3032e-09
755	0.99806	0.0019371	1.0577e-06	2.6874e-09
756	0.99799	0.0020129	1.0266e-06	2.903e-09
757	0.99224	0.0077631	1.022e-06	8.9458e-09
758	0.9888	0.011194	1.0215e-06	1.2463e-08
759	0.98757	0.01243	1.0195e-06	1.3727e-08
760	0.98827	0.01173	1.0159e-06	1.2981e-08
761	0.99067	0.009324	1.0156e-06	1.037e-08
762	0.99517	0.004829	1.0192e-06	5.4527e-09
763	0.99454	0.0054577	1.0188e-06	6.0597e-09
764	0.99535	0.0046496	1.0163e-06	5.1883e-09
765	0.99749	0.0025095	1.0166e-06	2.87e-09
766	0.99835	0.001647	1.0171e-06	1.9245e-09
767	0.99242	0.0075824	1.0116e-06	8.3422e-09
768	0.84519	0.15481	8.5796e-07	1.6449e-07
769	0.75221	0.24779	7.5638e-07	2.6511e-07
770	0.68788	0.31212	6.8817e-07	3.3345e-07
771	0.64795	0.35205	6.4243e-07	3.7604e-07
772	0.62391	0.37609	6.1098e-07	4.0108e-07
773	0.6087	0.3913	5.9053e-07	4.1602e-07
774	0.6005	0.3995	5.7877e-07	4.2324e-07
775	0.59936	0.40064	5.7173e-07	4.2255e-07
776	0.60358	0.39642	5.7113e-07	4.1626e-07
777	0.61374	0.38626	5.774e-07	4.0394e-07
778	0.52476	0.47523	4.8785e-07	4.8837e-07
779	0.46891	0.53109	4.2836e-07	5.3966e-07
780	0.43064	0.56936	3.8823e-07	5.722e-07
781	0.40763	0.59237	3.6111e-07	5.8875e-07
782	0.39306	0.60694	3.4334e-07	5.9649e-07
783	0.38654	0.61346	3.3154e-07	5.953e-07
784	0.38531	0.61469	3.2543e-07	5.8892e-07
785	0.39066	0.60934	3.2345e-07	5.7547e-07
786	0.40214	0.59786	3.2735e-07	5.5671e-07
787	0.40121	0.59879	3.2106e-07	5.4869e-07
788	0.40695	0.59305	3.1868e-07	5.3384e-07
789	0.41874	0.58126	3.2174e-07	5.1401e-07
790	0.44055	0.55945	3.3044e-07	4.856e-07
791	0.47342	0.52658	3.4775e-07	4.4906e-07
792	0.48511	0.51489	3.4836e-07	4.2971e-07
793	0.50448	0.49552	3.5514e-07	4.0464e-07
794	0.53412	0.46588	3.6984e-07	3.7212e-07
795	0.5785	0.4215	3.957e-07	3.2898e-07
796	0.64965	0.35035	4.3651e-07	2.6785e-07
797	0.68009	0.31991	4.4653e-07	2.3809e-07
798	0.69072	0.30928	4.4236e-07	2.2321e-07
799	0.70862	0.29138	4.4362e-07	2.0345e-07
800	0.73923	0.26077	4.4982e-07	1.7563e-07
801	0.78898	0.21102	4.6361e-07	1.3705e-07
802	0.80996	0.19004	4.583e-07	1.1824e-07
803	0.84483	0.15517	4.5679e-07	9.2402e-08
804	0.89579	0.10421	4.6343e-07	5.913e-08
805	0.96959	0.030406	4.8082e-07	1.5804e-08
806	0.98034	0.019661	4.5799e-07	9.3816e-09
807	0.98524	0.014756	4.2833e-07	6.4111e-09
808	0.98703	0.01297	3.9363e-07	5.0852e-09
809	0.99129	0.0087123	3.5628e-07	3.0027e-09
810	0.99279	0.0072111	3.1863e-07	2.1187e-09
811	0.94442	0.055584	3.0531e-07	1.8328e-08
812	0.91432	0.085683	2.9494e-07	2.8682e-08
813	0.89432	0.10568	2.8813e-07	3.5402e-08
814	0.84845	0.15155	2.7301e-07	5.0333e-08
815	0.81717	0.18283	2.6283e-07	6.0126e-08
816	0.79634	0.20366	2.5612e-07	6.6224e-08
817	0.78343	0.21657	2.5204e-07	6.9507e-08
818	0.77776	0.22224	2.4787e-07	7.0073e-08
819	0.77708	0.22292	2.4537e-07	6.8765e-08
820	0.78239	0.21761	2.4237e-07	6.5152e-08
821	0.79323	0.20677	2.4103e-07	5.9615e-08
822	0.81129	0.18871	2.4186e-07	5.1691e-08
823	0.81664	0.18336	2.3862e-07	4.7637e-08
824	0.82885	0.17115	2.3479e-07	4.1347e-08
825	0.84856	0.15144	2.3293e-07	3.2889e-08
826	0.85621	0.14379	2.9795e-07	4.313e-08
827	0.87114	0.12886	3.6316e-07	4.93e-08
828	0.89433	0.10567	4.3655e-07	4.9667e-08
829	0.89145	0.10855	5.0335e-07	6.0336e-08
830	0.89238	0.10761	5.7502e-07	6.9043e-08
831	0.89726	0.10274	6.5281e-07	7.4756e-08
832	0.90677	0.093233	7.3865e-07	7.582e-08
833	0.92375	0.076253	8.2838e-07	6.8547e-08
834	0.94951	0.050492	9.3357e-07	4.9414e-08
835	0.99106	0.0089413	1.0549e-06	9.5565e-09
836	0.99194	0.0080635	1.1404e-06	9.2497e-09
837	0.99471	0.0052873	1.2237e-06	6.4992e-09
838	0.99583	0.0041648	1.3005e-06	5.5037e-09
839	0.99587	0.0041333	1.3713e-06	5.8823e-09
840	0.99705	0.002947	1.4475e-06	4.5219e-09
841	0.99486	0.0051361	1.5224e-06	8.2567e-09
842	0.98987	0.010128	1.5967e-06	1.6881e-08
843	0.98711	0.012884	1.6787e-06	2.2371e-08
844	0.98649	0.013506	1.759e-06	2.4582e-08
845	0.98787	0.012128	1.8379e-06	2.3221e-08
846	0.99111	0.0088893	1.9251e-06	1.787e-08
847	0.99201	0.0079862	2.0129e-06	1.6679e-08
848	0.99482	0.0051828	2.0998e-06	1.1367e-08
849	0.99967	0.00032572	2.1969e-06	7.947e-10
850	0.99978	0.00022039	2.2889e-06	5.9881e-10
851	0.99923	0.0007627	2.3847e-06	2.1685e-09
852	0.99944	0.00055617	2.4882e-06	1.8739e-09
853	0.99955	0.00044413	2.5857e-06	2.0293e-09
854	0.99848	0.0015175	2.6834e-06	7.6787e-09
855	0.98918	0.010822	2.6415e-06	3.4331e-08
856	0.96833	0.031667	2.5718e-06	9.2666e-08
857	0.95574	0.044257	2.5204e-06	1.2815e-07
858	0.94794	0.052053	2.487e-06	1.4932e-07
859	0.94447	0.055527	2.4608e-06	1.5871e-07
860	0.94402	0.055973	2.447e-06	1.5945e-07
861	0.94655	0.053452	2.4451e-06	1.5189e-07
862	0.93227	0.067727	2.3927e-06	1.9026e-07
863	0.92332	0.076682	2.359e-06	2.1337e-07
864	0.91937	0.080629	2.334e-06	2.2324e-07
865	0.90645	0.093552	2.2894e-06	2.5636e-07
866	0.89871	0.10129	2.2624e-06	2.7514e-07
867	0.89513	0.10487	2.2498e-06	2.827e-07
868	0.89524	0.10476	2.2504e-06	2.8037e-07
869	0.90001	0.099991	2.2585e-06	2.6607e-07
870	0.91043	0.089571	2.2766e-06	2.3741e-07
871	0.9287	0.071296	2.3097e-06	1.8938e-07
872	0.95592	0.044076	2.3696e-06	1.1772e-07
873	0.99618	0.0038142	2.4685e-06	1.0757e-08
874	0.99749	0.002509	2.4677e-06	7.1879e-09
875	0.99595	0.0040516	2.4547e-06	1.139e-08
876	0.9956	0.0044007	2.4483e-06	1.2386e-08
877	0.99388	0.0061162	2.4416e-06	1.6963e-08
878	0.99351	0.0064853	2.442e-06	1.7958e-08
879	0.99468	0.0053148	2.4416e-06	1.5122e-08
880	0.99466	0.0053423	2.4334e-06	1.5594e-08
881	0.99587	0.0041277	2.4319e-06	1.2776e-08
882	0.99849	0.0015104	2.4374e-06	6.2556e-09
883	0.99978	0.00021957	2.2995e-06	8.3207e-10
884	0.99182	0.0081771	2.1593e-06	1.7446e-08
885	0.98687	0.013125	2.0338e-06	2.5886e-08
886	0.97538	0.024613	1.904e-06	4.4556e-08
887	0.96806	0.031941	1.7894e-06	5.3395e-08
888	0.96392	0.036079	1.6867e-06	5.5498e-08
889	0.9257	0.074297	1.5476e-06	1.0185e-07
890	0.89966	0.10034	1.4357e-06	1.253e-07
891	0.88234	0.11766	1.3428e-06	1.338e-07
892	0.84529	0.15471	1.3524e-06	2.0626e-07
893	0.76856	0.23144	1.2804e-06	3.5581e-07
894	0.71629	0.28371	1.2465e-06	4.7093e-07
895	0.68408	0.31592	1.2374e-06	5.5698e-07
896	0.6631	0.3369	1.2496e-06	6.2538e-07
897	0.65193	0.34807	1.2743e-06	6.7696e-07
898	0.6482	0.3518	1.3091e-06	7.1429e-07
899	0.64972	0.35027	1.3577e-06	7.411e-07
900	0.65691	0.34308	1.4224e-06	7.5554e-07
901	0.67078	0.32922	1.5073e-06	7.5381e-07
902	0.69558	0.30442	1.6152e-06	7.2461e-07
903	0.73652	0.26347	1.7596e-06	6.5447e-07
904	0.75316	0.24684	1.8565e-06	6.3598e-07
905	0.77886	0.22114	1.9842e-06	5.9088e-07
906	0.82106	0.17893	2.1538e-06	4.992e-07
907	0.83895	0.16105	2.27e-06	4.6562e-07
908	0.86899	0.131	2.4175e-06	3.9584e-07
909	0.91306	0.086933	2.6172e-06	2.787e-07
910	0.9167	0.083297	2.7078e-06	2.7603e-07
911	0.92427	0.075724	2.8174e-06	2.5973e-07
912	0.93679	0.06321	2.9513e-06	2.2486e-07
913	0.93175	0.068251	3.0336e-06	2.4799e-07
914	0.93014	0.069862	3.1336e-06	2.5989e-07
915	0.93238	0.067621	3.2413e-06	2.5842e-07
916	0.93894	0.061052	3.3595e-06	2.4061e-07
917	0.95011	0.049888	3.5043e-06	2.0285e-07
918	0.96901	0.030986	3.6755e-06	1.3279e-07
919	0.96177	0.038229	3.75e-06	1.6601e-07
920	0.9578	0.042201	3.8441e-06	1.8669e-07
921	0.95714	0.042854	3.9449e-06	1.9443e-07
922	0.95117	0.048822	4.0296e-06	2.2544e-07
923	0.94905	0.050944	4.1236e-06	2.4096e-07
924	0.95031	0.049683	4.2262e-06	2.4172e-07
925	0.9469	0.053099	4.3182e-06	2.6381e-07
926	0.94638	0.053619	4.4313e-06	2.7221e-07
927	0.94069	0.05931	4.5116e-06	3.0706e-07
928	0.93899	0.061009	4.604e-06	3.2343e-07
929	0.94024	0.059757	4.7194e-06	3.2437e-07
930	0.94461	0.055389	4.8601e-06	3.078e-07
931	0.9537	0.046291	5.0204e-06	2.6507e-07
932	0.96793	0.032068	5.2212e-06	1.9e-07
933	0.98943	0.010566	5.4794e-06	6.6345e-08
934	0.98809	0.011903	5.6143e-06	7.5432e-08
935	0.98362	0.016379	5.7397e-06	1.0346e-07
936	0.97396	0.026039	5.8237e-06	1.6549e-07
937	0.96869	0.031307	5.9246e-06	2.0345e-07
938	0.96616	0.033837	6.0516e-06	2.2458e-07
939	0.95856	0.041431	6.1361e-06	2.8096e-07
940	0.95504	0.04495	6.2381e-06	3.1257e-07
941	0.95427	0.045723	6.3682e-06	3.2551e-07
942	0.95622	0.043771	6.528e-06	3.189e-07
943	0.95364	0.046357	6.667e-06	3.4373e-07
944	0.95433	0.045662	6.8208e-06	3.4604e-07
945	0.95845	0.041538	6.9921e-06	3.2329e-07
