#coord	neutral	conserved	gBGC.neutral	gBGC.conserved
1	0.81378	0.18613	7.9291e-05	1.8359e-05
2	0.82237	0.17753	7.9343e-05	1.7332e-05
3	0.83731	0.16259	8.0042e-05	1.5689e-05
4	0.86295	0.13696	8.1706e-05	1.3067e-05
5	0.90474	0.095163	8.4797e-05	9e-06
6	0.97149	0.028416	9.0048e-05	2.7549e-06
7	0.9798	0.020108	8.9882e-05	1.9622e-06
8	0.99274	0.0071647	9.0175e-05	7.4525e-07
9	0.99864	0.0012661	8.9836e-05	1.9307e-07
10	0.99936	0.00055026	8.6942e-05	7.5496e-08
11	0.9989	0.0010201	8.3996e-05	1.0655e-07
12	0.99922	0.00069856	8.1215e-05	6.6766e-08
13	0.99938	0.0005398	7.8371e-05	4.812e-08
14	0.9994	0.00052003	7.5601e-05	4.3585e-08
15	0.9993	0.00062277	7.2909e-05	4.9679e-08
16	0.99902	0.0009086	7.029e-05	6.9476e-08
17	0.99845	0.001487	6.7744e-05	1.0896e-07
18	0.99713	0.0028031	6.523e-05	1.963e-07
19	0.99403	0.0059031	6.2681e-05	3.9415e-07
20	0.98759	0.012352	6.0014e-05	7.8578e-07
21	0.98381	0.016128	5.7613e-05	9.8385e-07
22	0.98252	0.017421	5.5335e-05	1.0251e-06
23	0.98306	0.016884	5.3235e-05	9.576e-07
24	0.98556	0.014391	5.1307e-05	7.8657e-07
25	0.99036	0.0095875	4.9557e-05	5.047e-07
26	0.99806	0.0018943	4.7997e-05	9.4538e-08
27	0.99911	0.00083934	4.6052e-05	3.9581e-08
28	0.99865	0.0013097	4.4002e-05	5.8245e-08
29	0.99902	0.00094252	4.2054e-05	3.9155e-08
30	0.99913	0.00082842	4.0065e-05	3.2072e-08
31	0.99906	0.00090651	3.8036e-05	3.2695e-08
32	0.99866	0.001301	3.6062e-05	4.3024e-08
33	0.9977	0.0022629	3.4136e-05	6.8214e-08
34	0.99549	0.0044793	3.2241e-05	1.231e-07
35	0.99482	0.0051463	3.0369e-05	1.2755e-07
36	0.99538	0.0045868	2.8591e-05	9.6052e-08
37	0.99124	0.0087269	2.8278e-05	2.24e-07
38	0.98904	0.01093	2.8034e-05	2.9252e-07
39	0.98852	0.011447	2.7851e-05	3.1137e-07
40	0.98551	0.014463	2.7609e-05	3.9957e-07
41	0.9844	0.015577	2.7433e-05	4.3192e-07
42	0.98508	0.014892	2.7318e-05	4.1279e-07
43	0.98766	0.012311	2.7266e-05	3.4029e-07
44	0.98805	0.011923	2.7146e-05	3.2946e-07
45	0.98617	0.013798	2.6974e-05	3.7975e-07
46	0.98607	0.013904	2.6862e-05	3.8008e-07
47	0.98804	0.011936	2.6798e-05	3.2496e-07
48	0.99249	0.0074836	2.6792e-05	2.0457e-07
49	0.99422	0.0057531	2.6723e-05	1.5703e-07
50	0.99095	0.0090262	2.6534e-05	2.4261e-07
51	0.98973	0.010241	2.6393e-05	2.7371e-07
52	0.98579	0.014185	2.6192e-05	3.7524e-07
53	0.97638	0.023598	2.5861e-05	6.1502e-07
54	0.97123	0.028742	2.5633e-05	7.4482e-07
55	0.96927	0.030705	2.548e-05	7.9245e-07
56	0.97007	0.029902	2.5391e-05	7.6905e-07
57	0.97324	0.02673	2.5374e-05	6.8278e-07
58	0.97316	0.026818	2.5264e-05	6.8224e-07
59	0.97574	0.024231	2.5215e-05	6.1436e-07
60	0.98155	0.018419	2.5237e-05	4.6705e-07
61	0.98328	0.01669	2.5167e-05	4.2184e-07
62	0.9872	0.012778	2.5163e-05	3.2014e-07
63	0.99448	0.0054985	2.5234e-05	1.3589e-07
64	0.99472	0.0052567	2.512e-05	1.2953e-07
65	0.99647	0.0035044	2.5036e-05	8.6271e-08
66	0.98896	0.011015	2.4732e-05	2.7194e-07
67	0.98485	0.015128	2.4505e-05	3.7315e-07
68	0.98286	0.017115	2.4342e-05	4.1951e-07
69	0.91656	0.083419	2.2589e-05	2.048e-06
70	0.87502	0.12495	2.1442e-05	3.0639e-06
71	0.84948	0.1505	2.0686e-05	3.6825e-06
72	0.83452	0.16546	2.0187e-05	4.0374e-06
73	0.79855	0.20143	1.9191e-05	4.8967e-06
74	0.72346	0.27652	1.7229e-05	6.7164e-06
75	0.67169	0.32829	1.5881e-05	7.9302e-06
76	0.63686	0.36312	1.4971e-05	8.7136e-06
77	0.61622	0.38376	1.4393e-05	9.1584e-06
78	0.60358	0.3964	1.4021e-05	9.4048e-06
79	0.59873	0.40125	1.3826e-05	9.4686e-06
80	0.59946	0.40052	1.3772e-05	9.3991e-06
81	0.60587	0.39411	1.3859e-05	9.1956e-06
82	0.60046	0.39951	1.3682e-05	9.2625e-06
83	0.60188	0.3981	1.3654e-05	9.175e-06
84	0.60904	0.39094	1.3768e-05	8.9533e-06
85	0.62469	0.37529	1.4067e-05	8.5408e-06
86	0.65215	0.34783	1.4622e-05	7.8664e-06
87	0.6972	0.30278	1.5554e-05	6.8093e-06
88	0.71554	0.28444	1.589e-05	6.3551e-06
89	0.74677	0.25321	1.65e-05	5.6222e-06
90	0.79747	0.20251	1.7516e-05	4.4765e-06
91	0.87836	0.12162	1.9154e-05	2.7026e-06
92	0.88679	0.11319	1.923e-05	2.502e-06
93	0.90245	0.097529	1.9453e-05	2.1495e-06
94	0.92648	0.073496	1.9866e-05	1.6142e-06
95	0.93641	0.063568	1.9979e-05	1.3869e-06
96	0.95364	0.046342	2.0238e-05	1.0073e-06
97	0.97954	0.020435	2.0695e-05	4.3841e-07
98	0.99217	0.0078041	2.0849e-05	1.6561e-07
99	0.99833	0.0016502	2.0854e-05	3.5112e-08
100	0.9976	0.0023794	2.0723e-05	4.9802e-08
101	0.99797	0.0020051	2.0608e-05	4.1789e-08
102	0.99953	0.00044773	2.0511e-05	9.9201e-09
103	0.99857	0.0014107	2.0349e-05	3.2162e-08
104	0.99859	0.0013869	2.0202e-05	3.3477e-08
105	0.99948	0.00049605	2.0081e-05	1.6561e-08
106	0.99278	0.0072021	1.9292e-05	1.4925e-07
107	0.97778	0.022202	1.8376e-05	4.2948e-07
108	0.96804	0.03194	1.7598e-05	5.9181e-07
109	0.89888	0.1011	1.5693e-05	1.8245e-06
110	0.85116	0.14882	1.4283e-05	2.5812e-06
111	0.81899	0.18099	1.3217e-05	3.0126e-06
112	0.79977	0.20021	1.2383e-05	3.202e-06
113	0.78783	0.21215	1.1703e-05	3.2548e-06
114	0.78176	0.21822	1.1141e-05	3.2078e-06
115	0.78071	0.21928	1.0673e-05	3.0845e-06
116	0.7856	0.21439	1.0274e-05	2.882e-06
117	0.79747	0.20251	9.9466e-06	2.5978e-06
118	0.81663	0.18336	9.7105e-06	2.2389e-06
119	0.8487	0.15129	9.5878e-06	1.7568e-06
120	0.90053	0.099461	9.625e-06	1.1046e-06
121	0.92341	0.076581	9.3245e-06	8.0816e-07
122	0.93276	0.067231	8.8833e-06	6.7001e-07
123	0.94777	0.052223	8.5016e-06	4.8937e-07
124	0.97261	0.027383	8.176e-06	2.4245e-07
125	0.98322	0.016768	7.724e-06	1.3912e-07
126	0.9994	0.00059146	7.3202e-06	4.0592e-09
127	0.99929	0.00070454	6.7998e-06	3.8502e-09
128	0.99726	0.002736	6.2604e-06	1.2743e-08
129	0.99322	0.0067723	5.7314e-06	2.7006e-08
130	0.9849	0.015098	5.6542e-06	7.8309e-08
131	0.97973	0.020262	5.5996e-06	1.0989e-07
132	0.97711	0.022885	5.5634e-06	1.2606e-07
133	0.97666	0.023338	5.5429e-06	1.2947e-07
134	0.9787	0.021295	5.5318e-06	1.1914e-07
135	0.98309	0.016907	5.5366e-06	9.5635e-08
136	0.98415	0.015842	5.5263e-06	9.0183e-08
137	0.98293	0.017065	5.4985e-06	9.7882e-08
138	0.98352	0.016472	5.484e-06	9.5026e-08
139	0.98127	0.018722	5.4562e-06	1.0814e-07
140	0.98097	0.019028	5.4426e-06	1.0992e-07
141	0.98256	0.017431	5.4426e-06	1.0073e-07
142	0.98627	0.01372	5.4575e-06	7.9336e-08
143	0.98704	0.012957	5.4585e-06	7.4557e-08
144	0.98962	0.010371	5.473e-06	5.92e-08
145	0.99014	0.0098571	5.4711e-06	5.589e-08
146	0.99257	0.0074207	5.4753e-06	4.1992e-08
147	0.99703	0.0029667	5.4941e-06	1.6505e-08
148	0.99707	0.0029208	5.4834e-06	1.6067e-08
149	0.99615	0.0038453	5.4704e-06	2.0789e-08
150	0.99387	0.0061293	5.4355e-06	3.3219e-08
151	0.99325	0.0067401	5.4051e-06	3.6562e-08
152	0.99398	0.0060119	5.3852e-06	3.2457e-08
153	0.99641	0.0035879	5.3698e-06	1.9414e-08
154	0.9973	0.0026927	5.349e-06	1.4509e-08
155	0.99746	0.0025393	5.3197e-06	1.37e-08
156	0.99863	0.0013615	5.2987e-06	7.3427e-09
157	0.99912	0.00087013	5.2767e-06	4.6394e-09
158	0.99936	0.00063055	5.249e-06	3.3597e-09
159	0.98302	0.016973	5.1373e-06	8.8661e-08
160	0.94467	0.055323	4.9059e-06	2.8928e-07
161	0.91881	0.081182	4.7465e-06	4.2073e-07
162	0.85748	0.14252	4.4133e-06	7.2846e-07
163	0.81583	0.18416	4.1875e-06	9.3123e-07
164	0.79036	0.20963	4.039e-06	1.0527e-06
165	0.77569	0.2243	3.9412e-06	1.1193e-06
166	0.74162	0.25837	3.731e-06	1.2855e-06
167	0.71893	0.28107	3.5851e-06	1.3895e-06
168	0.70642	0.29358	3.4878e-06	1.4409e-06
169	0.70002	0.29998	3.4247e-06	1.4603e-06
170	0.70017	0.29982	3.3901e-06	1.4472e-06
171	0.68941	0.31059	3.2991e-06	1.4867e-06
172	0.6845	0.31549	3.24e-06	1.4962e-06
173	0.68611	0.31388	3.2084e-06	1.4745e-06
174	0.69457	0.30543	3.2043e-06	1.4213e-06
175	0.70968	0.29031	3.2321e-06	1.3383e-06
176	0.73617	0.26382	3.3041e-06	1.2071e-06
177	0.74544	0.25456	3.3012e-06	1.153e-06
178	0.74404	0.25596	3.2529e-06	1.1463e-06
179	0.74754	0.25245	3.2289e-06	1.1175e-06
180	0.75661	0.24338	3.2313e-06	1.0643e-06
181	0.77424	0.22575	3.2653e-06	9.7557e-07
182	0.80417	0.19582	3.3443e-06	8.3791e-07
183	0.81585	0.18414	3.3475e-06	7.781e-07
184	0.83685	0.16315	3.383e-06	6.8201e-07
185	0.86829	0.13171	3.4615e-06	5.4503e-07
186	0.88103	0.11897	3.4645e-06	4.8574e-07
187	0.84647	0.15353	3.2742e-06	6.1533e-07
188	0.82354	0.17646	3.1367e-06	6.9432e-07
189	0.81049	0.18951	3.0352e-06	7.333e-07
190	0.80342	0.19657	2.9605e-06	7.4767e-07
191	0.80234	0.19766	2.9047e-06	7.3915e-07
192	0.80596	0.19404	2.8686e-06	7.1306e-07
193	0.81479	0.1852	2.8532e-06	6.6827e-07
194	0.83175	0.16825	2.8612e-06	5.9615e-07
195	0.86043	0.13957	2.9029e-06	4.8648e-07
196	0.8728	0.1272	2.8816e-06	4.3573e-07
197	0.89245	0.10755	2.8852e-06	3.6222e-07
198	0.92217	0.077823	2.9217e-06	2.5786e-07
199	0.93491	0.065086	2.9027e-06	2.1122e-07
200	0.95642	0.043582	2.9048e-06	1.3937e-07
201	0.98804	0.011954	2.9379e-06	3.8504e-08
202	0.98743	0.01257	2.8712e-06	3.9457e-08
203	0.98843	0.011564	2.8113e-06	3.5475e-08
204	0.99124	0.0087527	2.7586e-06	2.6296e-08
205	0.99619	0.003805	2.7136e-06	1.1229e-08
206	0.99602	0.0039746	2.6553e-06	1.1265e-08
207	0.99717	0.0028293	2.5965e-06	7.826e-09
208	0.9996	0.00039363	2.5428e-06	1.0788e-09
209	0.9999	9.8282e-05	2.4847e-06	2.7035e-10
210	0.99693	0.0030719	2.42e-06	7.8864e-09
211	0.99071	0.0092917	2.3492e-06	2.3142e-08
212	0.98703	0.01297	2.287e-06	3.1474e-08
213	0.98537	0.014629	2.2315e-06	3.4618e-08
214	0.9855	0.014502	2.1817e-06	3.347e-08
215	0.98776	0.012243	2.1327e-06	2.7708e-08
216	0.99217	0.0078239	2.0897e-06	1.7433e-08
217	0.99055	0.0094496	2.0349e-06	2.0358e-08
218	0.99071	0.0092928	1.9801e-06	1.9528e-08
219	0.99237	0.0076284	1.9296e-06	1.566e-08
220	0.99224	0.0077544	1.8765e-06	1.5421e-08
221	0.99351	0.006488	1.8273e-06	1.2499e-08
222	0.99333	0.0066686	1.7716e-06	1.2429e-08
223	0.98494	0.015057	1.7028e-06	2.6623e-08
224	0.98032	0.019675	1.6375e-06	3.3606e-08
225	0.97811	0.021885	1.578e-06	3.6014e-08
226	0.97134	0.028656	1.5128e-06	4.5151e-08
227	0.96817	0.031831	1.4502e-06	4.8159e-08
228	0.96791	0.032092	1.3885e-06	4.6583e-08
229	0.95026	0.049737	1.3047e-06	6.8684e-08
230	0.90967	0.090331	1.1946e-06	1.1788e-07
231	0.88235	0.11765	1.1072e-06	1.453e-07
232	0.86608	0.13392	1.0325e-06	1.5653e-07
233	0.85607	0.14392	9.6768e-07	1.5852e-07
234	0.85115	0.14885	9.1031e-07	1.5379e-07
235	0.85047	0.14953	8.5844e-07	1.4408e-07
236	0.85502	0.14498	8.0843e-07	1.2915e-07
237	0.86439	0.13561	7.6279e-07	1.1034e-07
238	0.85181	0.14819	6.9575e-07	1.0958e-07
239	0.84471	0.15529	6.348e-07	1.0319e-07
240	0.84321	0.15679	5.753e-07	9.204e-08
241	0.84697	0.15302	5.1601e-07	7.7336e-08
242	0.85548	0.14452	4.5922e-07	6.0572e-08
243	0.87006	0.12994	4.0463e-07	4.2108e-08
244	0.7628	0.2372	3.6866e-07	9.9942e-08
245	0.69539	0.30461	3.4651e-07	1.4117e-07
246	0.64904	0.35096	3.3317e-07	1.7276e-07
247	0.62078	0.37922	3.2621e-07	1.9524e-07
248	0.60243	0.39757	3.238e-07	2.123e-07
249	0.55735	0.44265	3.0526e-07	2.4467e-07
250	0.52994	0.47006	2.9414e-07	2.6693e-07
251	0.51222	0.48778	2.8808e-07	2.8322e-07
252	0.50207	0.49793	2.8604e-07	2.9461e-07
253	0.4993	0.5007	2.8666e-07	3.0068e-07
254	0.50188	0.49812	2.902e-07	3.029e-07
255	0.51017	0.48983	2.9693e-07	3.0101e-07
256	0.52552	0.47448	3.0776e-07	2.9417e-07
257	0.54974	0.45025	3.2386e-07	2.8115e-07
258	0.58606	0.41394	3.4731e-07	2.5991e-07
259	0.59998	0.40002	3.5698e-07	2.5165e-07
260	0.62265	0.37735	3.7194e-07	2.3731e-07
261	0.66046	0.33954	3.9417e-07	2.1294e-07
262	0.71579	0.28421	4.2696e-07	1.7723e-07
263	0.79595	0.20405	4.7481e-07	1.2568e-07
264	0.92303	0.076967	5.4754e-07	4.6423e-08
265	0.92546	0.074544	5.4266e-07	4.414e-08
266	0.90648	0.093517	5.2226e-07	5.3996e-08
267	0.89443	0.10557	5.0577e-07	5.9353e-08
268	0.86497	0.13502	4.7994e-07	7.3398e-08
269	0.8456	0.1544	4.5975e-07	8.1157e-08
270	0.83357	0.16643	4.434e-07	8.442e-08
271	0.80311	0.19689	4.1835e-07	9.5655e-08
272	0.73281	0.26719	3.7634e-07	1.2314e-07
273	0.68895	0.31105	3.4565e-07	1.3651e-07
274	0.65967	0.34033	3.2244e-07	1.4162e-07
275	0.64275	0.35725	3.0327e-07	1.3996e-07
276	0.63457	0.36543	2.8627e-07	1.3339e-07
277	0.63202	0.36798	2.7146e-07	1.2375e-07
278	0.61753	0.38247	2.5101e-07	1.1703e-07
279	0.6099	0.3901	2.3319e-07	1.0684e-07
280	0.53051	0.46949	2.3373e-07	1.6874e-07
281	0.47567	0.52433	2.375e-07	2.2713e-07
282	0.43813	0.56187	2.4476e-07	2.8173e-07
283	0.41293	0.58707	2.5548e-07	3.3256e-07
284	0.39871	0.60129	2.6913e-07	3.7762e-07
285	0.39116	0.60884	2.863e-07	4.189e-07
286	0.39042	0.60958	3.0649e-07	4.5434e-07
287	0.39632	0.60368	3.3058e-07	4.8304e-07
288	0.41013	0.58987	3.6048e-07	5.031e-07
289	0.43479	0.56521	3.9957e-07	5.1113e-07
290	0.47206	0.52794	4.5295e-07	5.0465e-07
291	0.52652	0.47348	5.2705e-07	4.7723e-07
292	0.52825	0.47175	5.5026e-07	4.9774e-07
293	0.53722	0.46278	5.7943e-07	5.0935e-07
294	0.55318	0.44682	6.1736e-07	5.1205e-07
295	0.55503	0.44497	6.4072e-07	5.292e-07
296	0.56252	0.43748	6.7141e-07	5.3895e-07
297	0.57688	0.42312	7.1181e-07	5.3903e-07
298	0.60248	0.39752	7.6541e-07	5.2288e-07
299	0.6412	0.3588	8.3909e-07	4.8675e-07
300	0.69781	0.30218	9.4127e-07	4.222e-07
301	0.72201	0.27798	1.0027e-06	3.9869e-07
302	0.76206	0.23793	1.086e-06	3.5012e-07
303	0.82049	0.17951	1.2009e-06	2.7022e-07
304	0.84817	0.15183	1.2691e-06	2.3377e-07
305	0.88895	0.11105	1.3606e-06	1.7433e-07
306	0.95416	0.045842	1.4896e-06	7.4121e-08
307	0.96234	0.037657	1.531e-06	6.2035e-08
308	0.97538	0.024623	1.582e-06	4.1122e-08
309	0.99685	0.0031472	1.6443e-06	5.4013e-09
310	0.99979	0.00021109	1.6766e-06	3.7094e-10
311	0.99977	0.00022387	1.7047e-06	3.8677e-10
312	0.99986	0.00013935	1.7294e-06	2.47e-10
313	0.9788	0.021198	1.7173e-06	3.7537e-08
314	0.96601	0.033991	1.7154e-06	6.1226e-08
315	0.95783	0.042164	1.7222e-06	7.6804e-08
316	0.9532	0.046797	1.736e-06	8.6073e-08
317	0.95212	0.047883	1.7526e-06	8.9004e-08
318	0.95379	0.046204	1.7754e-06	8.6636e-08
319	0.93865	0.061349	1.763e-06	1.1588e-07
320	0.929	0.070996	1.7615e-06	1.3489e-07
321	0.92445	0.075552	1.7659e-06	1.4453e-07
322	0.76409	0.23591	1.4756e-06	4.4955e-07
323	0.66294	0.33706	1.2896e-06	6.4701e-07
324	0.59375	0.40624	1.1656e-06	7.8285e-07
325	0.55071	0.44929	1.0875e-06	8.6963e-07
326	0.52464	0.47536	1.0394e-06	9.2339e-07
327	0.50995	0.49005	1.0112e-06	9.5414e-07
328	0.50198	0.49802	9.9703e-07	9.7099e-07
329	0.476	0.524	9.4857e-07	1.0223e-06
330	0.45958	0.54042	9.1959e-07	1.0543e-06
331	0.42076	0.57924	8.4509e-07	1.1289e-06
332	0.39737	0.60263	7.9861e-07	1.1724e-06
333	0.38439	0.61561	7.7089e-07	1.1943e-06
334	0.3776	0.6224	7.562e-07	1.2031e-06
335	0.37749	0.62251	7.5307e-07	1.1974e-06
336	0.384	0.616	7.6125e-07	1.1775e-06
337	0.39689	0.60311	7.8249e-07	1.1446e-06
338	0.42018	0.57981	8.2174e-07	1.0907e-06
339	0.45879	0.54121	8.8729e-07	1.0075e-06
340	0.51584	0.48416	9.8808e-07	8.8933e-07
341	0.60666	0.39334	1.1468e-06	7.1009e-07
342	0.73907	0.26093	1.3826e-06	4.5418e-07
343	0.80327	0.19673	1.4831e-06	3.303e-07
344	0.83077	0.16923	1.5167e-06	2.7441e-07
345	0.84267	0.15733	1.5178e-06	2.4772e-07
346	0.84537	0.15463	1.5038e-06	2.3703e-07
347	0.85279	0.14721	1.4987e-06	2.1804e-07
348	0.86599	0.13401	1.5043e-06	1.8895e-07
349	0.88682	0.11317	1.5237e-06	1.4652e-07
350	0.88356	0.11644	1.691e-06	1.7949e-07
351	0.88421	0.11579	1.8694e-06	2.061e-07
352	0.88889	0.11111	2.0614e-06	2.2399e-07
353	0.89824	0.10176	2.2712e-06	2.2924e-07
354	0.9151	0.0849	2.4979e-06	2.1228e-07
355	0.91099	0.089007	2.6802e-06	2.4514e-07
356	0.91041	0.089589	2.8769e-06	2.6873e-07
357	0.91327	0.086724	3.0903e-06	2.8114e-07
358	0.91036	0.089634	3.279e-06	3.1273e-07
359	0.91101	0.08899	3.4859e-06	3.3202e-07
360	0.9153	0.084701	3.714e-06	3.363e-07
361	0.92483	0.075165	3.9601e-06	3.1678e-07
362	0.93997	0.060029	4.2418e-06	2.6759e-07
363	0.96271	0.03729	4.5736e-06	1.746e-07
364	0.97329	0.026709	4.8496e-06	1.3148e-07
365	0.97739	0.022603	5.1043e-06	1.1638e-07
366	0.98528	0.01471	5.3752e-06	7.9119e-08
367	0.98884	0.011158	5.619e-06	6.2815e-08
368	0.99494	0.0050503	5.8868e-06	2.9495e-08
369	0.99795	0.0020399	6.1322e-06	1.2449e-08
370	0.99775	0.0022476	6.3524e-06	1.4408e-08
371	0.99671	0.0032787	6.5738e-06	2.1839e-08
372	0.99442	0.0055702	6.7797e-06	3.8647e-08
373	0.99354	0.0064513	7.0016e-06	4.6258e-08
374	0.99418	0.0058091	7.2278e-06	4.3284e-08
375	0.9962	0.0037923	7.4719e-06	2.9441e-08
376	0.99676	0.0032364	7.7127e-06	2.5971e-08
377	0.99848	0.0015142	7.9708e-06	1.2617e-08
378	0.99929	0.0006997	8.2301e-06	6.0128e-09
379	0.99867	0.0013212	8.4857e-06	1.1413e-08
380	0.99747	0.0025181	8.7291e-06	2.2341e-08
381	0.99471	0.0052766	8.9664e-06	4.776e-08
382	0.99369	0.0063009	9.2114e-06	5.8754e-08
383	0.99418	0.0058091	9.4634e-06	5.6005e-08
384	0.99602	0.0039708	9.7372e-06	3.9545e-08
385	0.99982	0.00017083	1.0025e-05	2.8108e-09
386	0.99938	0.00061148	9.9918e-06	7.0573e-09
387	0.99965	0.00033959	9.9712e-06	3.8884e-09
388	0.99697	0.0030177	9.9241e-06	3.1871e-08
389	0.99565	0.0043372	9.8958e-06	4.5571e-08
390	0.99552	0.0044726	9.8842e-06	4.7e-08
391	0.99427	0.0057219	9.8667e-06	5.9588e-08
392	0.99432	0.0056738	9.8673e-06	5.8812e-08
393	0.99588	0.0041082	9.8778e-06	4.2971e-08
394	0.99615	0.0038415	9.8798e-06	4.0197e-08
395	0.99092	0.0090663	9.82e-06	9.4099e-08
396	0.97888	0.021112	9.6958e-06	2.1683e-07
397	0.97193	0.028063	9.6174e-06	2.8862e-07
398	0.96809	0.031899	9.5761e-06	3.2784e-07
399	0.96676	0.033229	9.5651e-06	3.4116e-07
400	0.96783	0.032162	9.5833e-06	3.2978e-07
401	0.97144	0.028547	9.6326e-06	2.919e-07
402	0.97881	0.021184	9.7143e-06	2.1645e-07
403	0.98169	0.018304	9.7448e-06	1.8721e-07
404	0.98704	0.012948	9.8053e-06	1.3223e-07
405	0.9892	0.010795	9.8273e-06	1.1038e-07
406	0.98937	0.01062	9.8239e-06	1.0885e-07
407	0.99117	0.0088236	9.8418e-06	9.0641e-08
408	0.99478	0.0052061	9.8829e-06	5.3562e-08
409	0.99374	0.0062516	9.8713e-06	6.415e-08
410	0.99398	0.0060085	9.8772e-06	6.1514e-08
411	0.98768	0.012305	9.823e-06	1.2375e-07
412	0.94284	0.057154	9.3775e-06	5.7205e-07
413	0.91494	0.085046	9.0936e-06	8.5377e-07
414	0.89811	0.10188	8.9147e-06	1.0255e-06
415	0.85846	0.14153	8.5126e-06	1.4247e-06
416	0.83156	0.16843	8.2463e-06	1.692e-06
417	0.81579	0.1842	8.0845e-06	1.85e-06
418	0.80781	0.19218	7.9952e-06	1.9309e-06
419	0.8059	0.19409	7.9615e-06	1.9514e-06
420	0.80865	0.19134	7.9795e-06	1.9243e-06
421	0.7021	0.29789	6.9134e-06	2.9854e-06
422	0.62826	0.37173	6.1865e-06	3.711e-06
423	0.57738	0.42261	5.6946e-06	4.2049e-06
424	0.46989	0.5301	4.6391e-06	5.2583e-06
425	0.40226	0.59773	3.9661e-06	5.9251e-06
426	0.36	0.63999	3.5387e-06	6.3424e-06
427	0.26356	0.73643	2.5853e-06	7.2885e-06
428	0.20271	0.79728	1.9767e-06	7.8864e-06
429	0.16102	0.83897	1.5661e-06	8.2887e-06
430	0.13498	0.86501	1.306e-06	8.5371e-06
431	0.11725	0.88274	1.1315e-06	8.7019e-06
432	0.10565	0.89434	1.0196e-06	8.8063e-06
433	0.075835	0.92415	7.3621e-07	9.0843e-06
434	0.057119	0.94287	5.5631e-07	9.2556e-06
435	0.045517	0.95447	4.4345e-07	9.3567e-06
436	0.038559	0.96143	3.7472e-07	9.4105e-06
437	0.034762	0.96523	3.3616e-07	9.4311e-06
438	0.033307	0.96668	3.1988e-07	9.4263e-06
439	0.033449	0.96654	3.1994e-07	9.4071e-06
440	0.035689	0.9643	3.3936e-07	9.3654e-06
441	0.040506	0.95948	3.8207e-07	9.2974e-06
442	0.040246	0.95974	3.7575e-07	9.2753e-06
443	0.041776	0.95821	3.8717e-07	9.2374e-06
444	0.045227	0.95476	4.1726e-07	9.1826e-06
445	0.051896	0.94809	4.7574e-07	9.0963e-06
446	0.062146	0.93784	5.6804e-07	8.9783e-06
447	0.078879	0.92111	7.1698e-07	8.8004e-06
448	0.074492	0.9255	6.7242e-07	8.8179e-06
449	0.073507	0.92648	6.5853e-07	8.8015e-06
450	0.074947	0.92504	6.6807e-07	8.7637e-06
451	0.069341	0.93065	6.139e-07	8.7914e-06
452	0.066473	0.93352	5.8616e-07	8.7945e-06
453	0.066054	0.93394	5.8181e-07	8.7762e-06
454	0.05831	0.94168	5.1256e-07	8.8246e-06
455	0.053539	0.94645	4.7107e-07	8.847e-06
456	0.051777	0.94821	4.5551e-07	8.8404e-06
457	0.043733	0.95626	3.8256e-07	8.8881e-06
458	0.038515	0.96148	3.3612e-07	8.911e-06
459	0.035511	0.96448	3.1027e-07	8.9152e-06
460	0.034759	0.96523	3.0369e-07	8.897e-06
461	0.036098	0.96389	3.1508e-07	8.8578e-06
462	0.039803	0.96019	3.4662e-07	8.7954e-06
463	0.038061	0.96193	3.3024e-07	8.7827e-06
464	0.038537	0.96145	3.328e-07	8.7481e-06
465	0.040803	0.95919	3.5187e-07	8.6987e-06
466	0.038345	0.96165	3.2829e-07	8.689e-06
467	0.037689	0.9623	3.2141e-07	8.6643e-06
468	0.039221	0.96077	3.3282e-07	8.6184e-06
469	0.043265	0.95673	3.6483e-07	8.5487e-06
470	0.049793	0.9502	4.1861e-07	8.4589e-06
471	0.060864	0.93913	5.0901e-07	8.3294e-06
472	0.078837	0.92115	6.5402e-07	8.1422e-06
473	0.10479	0.8952	8.6605e-07	7.8898e-06
474	0.14264	0.85735	1.1789e-06	7.5386e-06
475	0.1581	0.84189	1.2982e-06	7.3764e-06
476	0.14806	0.85193	1.2043e-06	7.4297e-06
477	0.14258	0.85741	1.1516e-06	7.4437e-06
478	0.14176	0.85824	1.1365e-06	7.4169e-06
479	0.14437	0.85562	1.1513e-06	7.362e-06
480	0.11576	0.88424	9.0987e-07	7.5654e-06
481	0.09634	0.90365	7.485e-07	7.6905e-06
482	0.083378	0.91661	6.4231e-07	7.7624e-06
483	0.075033	0.92496	5.7501e-07	7.7972e-06
484	0.070012	0.92998	5.3533e-07	7.806e-06
485	0.068384	0.93161	5.2148e-07	7.7858e-06
486	0.069089	0.9309	5.2704e-07	7.7479e-06
487	0.073026	0.92697	5.5718e-07	7.6823e-06
488	0.081014	0.91898	6.1792e-07	7.583e-06
489	0.093468	0.90652	7.1498e-07	7.4492e-06
490	0.11392	0.88607	8.7216e-07	7.2521e-06
491	0.1436	0.85639	1.1033e-06	6.9827e-06
492	0.18699	0.81301	1.4454e-06	6.6043e-06
493	0.20645	0.79355	1.5926e-06	6.4182e-06
494	0.23839	0.7616	1.8326e-06	6.1359e-06
495	0.28958	0.71041	2.2133e-06	5.7095e-06
496	0.29006	0.70993	2.207e-06	5.6753e-06
497	0.29672	0.70327	2.246e-06	5.5923e-06
498	0.29179	0.7082	2.1973e-06	5.599e-06
499	0.29293	0.70706	2.193e-06	5.5579e-06
500	0.30039	0.69961	2.234e-06	5.4681e-06
501	0.31407	0.68592	2.324e-06	5.3314e-06
502	0.33816	0.66183	2.4874e-06	5.1178e-06
503	0.37394	0.62606	2.7396e-06	4.8176e-06
504	0.43158	0.56842	3.1445e-06	4.361e-06
505	0.51589	0.48411	3.7486e-06	3.7078e-06
506	0.6388	0.36119	4.6426e-06	2.7674e-06
507	0.81553	0.18446	5.943e-06	1.4234e-06
508	0.83875	0.16124	6.0728e-06	1.2439e-06
509	0.84833	0.15166	6.0951e-06	1.1673e-06
510	0.8482	0.15179	6.0494e-06	1.1621e-06
511	0.81085	0.18914	5.7331e-06	1.4309e-06
512	0.78602	0.21397	5.5175e-06	1.6021e-06
513	0.7718	0.22819	5.3753e-06	1.6957e-06
514	0.73569	0.2643	5.0822e-06	1.9432e-06
515	0.71153	0.28846	4.882e-06	2.1007e-06
516	0.69799	0.30201	4.7531e-06	2.1826e-06
517	0.58822	0.41178	3.9647e-06	2.9272e-06
518	0.5192	0.48079	3.4579e-06	3.3863e-06
519	0.47616	0.52383	3.1306e-06	3.6619e-06
520	0.44704	0.55295	2.9079e-06	3.8352e-06
521	0.43021	0.56978	2.7673e-06	3.9227e-06
522	0.42044	0.57955	2.6788e-06	3.9604e-06
523	0.39036	0.60963	2.4604e-06	4.1299e-06
524	0.37051	0.62948	2.3147e-06	4.2288e-06
525	0.3585	0.64149	2.2236e-06	4.2751e-06
526	0.32813	0.67186	2.0139e-06	4.4365e-06
527	0.31016	0.68983	1.8821e-06	4.5165e-06
528	0.2994	0.7006	1.7999e-06	4.5489e-06
529	0.29414	0.70585	1.7548e-06	4.546e-06
530	0.29369	0.7063	1.7414e-06	4.5129e-06
531	0.29938	0.70062	1.7632e-06	4.4413e-06
532	0.26834	0.73165	1.5582e-06	4.5919e-06
533	0.24976	0.75023	1.4289e-06	4.6635e-06
534	0.23809	0.76191	1.345e-06	4.6913e-06
535	0.20947	0.79052	1.1594e-06	4.8174e-06
536	0.1902	0.8098	1.0342e-06	4.8846e-06
537	0.1777	0.82229	9.5201e-07	4.9103e-06
538	0.17035	0.82965	9.0138e-07	4.9058e-06
539	0.16715	0.83285	8.7566e-07	4.8777e-06
540	0.16782	0.83217	8.7257e-07	4.8285e-06
541	0.15847	0.84152	8.1643e-07	4.8336e-06
542	0.1546	0.8454	7.887e-07	4.8073e-06
543	0.15539	0.8446	7.8473e-07	4.754e-06
544	0.12187	0.87813	6.0294e-07	4.8803e-06
545	0.099015	0.90098	4.8116e-07	4.9478e-06
546	0.083603	0.91639	4.0027e-07	4.9757e-06
547	0.073451	0.92654	3.4763e-07	4.9764e-06
548	0.067911	0.93208	3.174e-07	4.9517e-06
549	0.065812	0.93418	3.0364e-07	4.9077e-06
550	0.066102	0.93389	3.0218e-07	4.8524e-06
551	0.068825	0.93117	3.1291e-07	4.786e-06
552	0.075158	0.92484	3.3978e-07	4.7005e-06
553	0.074299	0.9257	3.3228e-07	4.6503e-06
554	0.07598	0.92402	3.3729e-07	4.5887e-06
555	0.080439	0.91956	3.5571e-07	4.5147e-06
556	0.088308	0.91169	3.9041e-07	4.4254e-06
557	0.088335	0.91166	3.8841e-07	4.3738e-06
558	0.091194	0.9088	4.0003e-07	4.3096e-06
559	0.086508	0.91349	3.7804e-07	4.2798e-06
560	0.085485	0.91451	3.7166e-07	4.2315e-06
561	0.08792	0.91208	3.7993e-07	4.1656e-06
562	0.083531	0.91646	3.5722e-07	4.1277e-06
563	0.081931	0.91806	3.4751e-07	4.0777e-06
564	0.083687	0.91631	3.5157e-07	4.011e-06
565	0.07837	0.92163	3.2633e-07	3.9745e-06
566	0.076669	0.92333	3.158e-07	3.9204e-06
567	0.077553	0.92244	3.1669e-07	3.8557e-06
568	0.081895	0.9181	3.31e-07	3.7747e-06
569	0.090599	0.9094	3.6176e-07	3.6743e-06
570	0.10551	0.89449	4.1516e-07	3.5484e-06
571	0.12978	0.87022	5.0152e-07	3.3865e-06
572	0.16491	0.83509	6.2778e-07	3.1856e-06
573	0.22079	0.77921	8.2425e-07	2.9114e-06
574	0.2447	0.75529	8.9206e-07	2.7617e-06
575	0.28367	0.71633	1.0064e-06	2.5623e-06
576	0.34014	0.65986	1.1772e-06	2.3078e-06
577	0.36611	0.63389	1.2332e-06	2.1646e-06
578	0.40506	0.59493	1.3297e-06	1.9824e-06
579	0.42009	0.57991	1.3448e-06	1.8831e-06
580	0.44647	0.55353	1.3903e-06	1.7499e-06
581	0.48617	0.51383	1.4745e-06	1.5796e-06
582	0.54407	0.45593	1.6097e-06	1.3596e-06
583	0.54592	0.45407	1.5725e-06	1.3136e-06
584	0.55501	0.44499	1.5527e-06	1.2468e-06
585	0.5711	0.42889	1.5525e-06	1.1616e-06
586	0.59635	0.40365	1.5766e-06	1.0536e-06
587	0.63407	0.36592	1.6323e-06	9.1543e-07
588	0.69491	0.30509	1.7377e-06	7.2393e-07
589	0.67999	0.32	1.6494e-06	7.2771e-07
590	0.67172	0.32828	1.5798e-06	7.143e-07
591	0.669	0.331	1.5249e-06	6.8748e-07
592	0.67147	0.32852	1.483e-06	6.4898e-07
593	0.68104	0.31896	1.4528e-06	5.9529e-07
594	0.6997	0.3003	1.4367e-06	5.2376e-07
595	0.6862	0.3138	1.3595e-06	5.1475e-07
596	0.67904	0.32095	1.2962e-06	4.9305e-07
597	0.67747	0.32253	1.2444e-06	4.6111e-07
598	0.68246	0.31753	1.2006e-06	4.1768e-07
599	0.69509	0.30491	1.1654e-06	3.6212e-07
600	0.63122	0.36878	1.1037e-06	5.0602e-07
601	0.59153	0.40847	1.0742e-06	6.143e-07
602	0.56763	0.43237	1.0669e-06	6.9707e-07
603	0.55254	0.44746	1.0752e-06	7.6502e-07
604	0.54582	0.45418	1.0959e-06	8.1721e-07
605	0.54605	0.45394	1.1275e-06	8.5528e-07
606	0.55196	0.44804	1.1717e-06	8.8158e-07
607	0.56604	0.43396	1.2306e-06	8.8998e-07
608	0.5886	0.4114	1.3097e-06	8.7896e-07
609	0.62308	0.37692	1.4183e-06	8.3947e-07
610	0.61747	0.38253	1.4442e-06	8.8381e-07
611	0.61864	0.38136	1.483e-06	9.1187e-07
612	0.60689	0.39311	1.494e-06	9.7167e-07
613	0.60278	0.39722	1.5203e-06	1.0127e-06
614	0.60403	0.39597	1.5616e-06	1.0398e-06
615	0.61081	0.38919	1.6192e-06	1.0519e-06
616	0.60563	0.39437	1.6465e-06	1.0953e-06
617	0.60604	0.39396	1.6906e-06	1.1235e-06
618	0.6134	0.3866	1.7518e-06	1.1309e-06
619	0.58337	0.41663	1.7049e-06	1.2479e-06
620	0.56599	0.43401	1.6893e-06	1.3302e-06
621	0.55757	0.44243	1.6965e-06	1.3862e-06
622	0.46435	0.53564	1.4332e-06	1.7139e-06
623	0.40057	0.59943	1.2574e-06	1.9553e-06
624	0.36086	0.63914	1.1494e-06	2.1256e-06
625	0.33677	0.66322	1.0868e-06	2.2474e-06
626	0.32124	0.67876	1.0524e-06	2.3419e-06
627	0.3122	0.6878	1.0398e-06	2.4154e-06
628	0.30978	0.69021	1.0475e-06	2.4655e-06
629	0.31233	0.68766	1.0736e-06	2.4982e-06
630	0.32156	0.67844	1.122e-06	2.5055e-06
631	0.33943	0.66056	1.2001e-06	2.4799e-06
632	0.34306	0.65693	1.2295e-06	2.5039e-06
633	0.35233	0.64767	1.2818e-06	2.5062e-06
634	0.32624	0.67375	1.2021e-06	2.6416e-06
635	0.31122	0.68877	1.1599e-06	2.7363e-06
636	0.30407	0.69593	1.1451e-06	2.8005e-06
637	0.30324	0.69676	1.1527e-06	2.839e-06
638	0.3072	0.6928	1.1805e-06	2.8584e-06
639	0.31667	0.68333	1.232e-06	2.8551e-06
640	0.33481	0.66519	1.3171e-06	2.8151e-06
641	0.36241	0.63759	1.444e-06	2.7342e-06
642	0.40365	0.59635	1.6328e-06	2.5929e-06
643	0.40015	0.59985	1.6378e-06	2.6365e-06
644	0.3819	0.6181	1.5814e-06	2.7428e-06
645	0.37257	0.62742	1.559e-06	2.8118e-06
646	0.3702	0.6298	1.5637e-06	2.8502e-06
647	0.37289	0.62711	1.5922e-06	2.8663e-06
648	0.38259	0.61741	1.6496e-06	2.8499e-06
649	0.3992	0.60079	1.7408e-06	2.8011e-06
650	0.42788	0.57211	1.8851e-06	2.6959e-06
651	0.47023	0.52976	2.0971e-06	2.5243e-06
652	0.46728	0.53272	2.104e-06	2.5594e-06
653	0.4711	0.5289	2.1396e-06	2.5623e-06
654	0.48075	0.51924	2.2052e-06	2.5368e-06
655	0.49781	0.50219	2.3096e-06	2.474e-06
656	0.52733	0.47266	2.4727e-06	2.349e-06
657	0.57099	0.429	2.7115e-06	2.1501e-06
658	0.64101	0.35899	3.0791e-06	1.8186e-06
659	0.74335	0.25664	3.6214e-06	1.3144e-06
660	0.89069	0.10931	4.4119e-06	5.6414e-07
661	0.90917	0.090827	4.5482e-06	4.7076e-07
662	0.93968	0.06032	4.7438e-06	3.1381e-07
663	0.98871	0.011286	5.0325e-06	5.9434e-08
664	0.99506	0.0049373	5.1031e-06	2.5944e-08
665	0.99818	0.0018137	5.1522e-06	9.5192e-09
666	0.99984	0.00015139	5.1892e-06	8.1594e-10
667	0.99973	0.0002652	5.2195e-06	1.4307e-09
668	0.99969	0.00030478	5.2539e-06	1.6513e-09
669	0.99857	0.001425	5.2853e-06	7.6474e-09
670	0.99649	0.0034999	5.3153e-06	1.868e-08
671	0.99586	0.0041326	5.3483e-06	2.2242e-08
672	0.99653	0.0034611	5.3838e-06	1.889e-08
673	0.99311	0.0068802	5.4e-06	3.775e-08
674	0.99169	0.0083082	5.4224e-06	4.604e-08
675	0.99173	0.0082676	5.456e-06	4.6103e-08
676	0.99349	0.0065037	5.4946e-06	3.6738e-08
677	0.99355	0.0064434	5.5267e-06	3.6649e-08
678	0.99198	0.0080132	5.5526e-06	4.5618e-08
679	0.99209	0.0078999	5.5834e-06	4.5299e-08
680	0.99363	0.0063627	5.6253e-06	3.6668e-08
681	0.99717	0.0028284	5.6741e-06	1.6683e-08
682	0.99676	0.0032362	5.7035e-06	1.9182e-08
683	0.99742	0.0025782	5.7423e-06	1.5384e-08
684	0.99923	0.0007611	5.7913e-06	4.5764e-09
685	0.99916	0.00083524	5.8323e-06	4.9437e-09
686	0.99995	4.8209e-05	5.8738e-06	2.8376e-10
687	0.99998	1.4665e-05	5.9063e-06	8.8383e-11
688	0.99992	7.1171e-05	5.9413e-06	4.3641e-10
689	0.99859	0.0014089	5.9715e-06	8.6113e-09
690	0.99821	0.0017881	6.0108e-06	1.0972e-08
691	0.9971	0.0028957	6.049e-06	1.7712e-08
692	0.99719	0.0028049	6.0898e-06	1.7308e-08
693	0.99832	0.0016718	6.1403e-06	1.0337e-08
694	0.99883	0.00116	6.1824e-06	7.2383e-09
695	0.99891	0.0010819	6.225e-06	6.7406e-09
696	0.99994	5.7962e-05	6.2689e-06	3.6895e-10
697	0.99999	2.564e-06	6.3109e-06	1.6036e-11
698	0.99994	4.9684e-05	6.3473e-06	3.142e-10
699	0.99984	0.00015334	6.3771e-06	1.0032e-09
700	0.99919	0.00080339	6.4072e-06	5.2405e-09
701	0.99812	0.0018728	6.4299e-06	1.2396e-08
702	0.99812	0.0018731	6.4548e-06	1.2701e-08
703	0.99452	0.0054703	6.4586e-06	3.7275e-08
704	0.99262	0.007375	6.477e-06	5.0443e-08
705	0.99215	0.0078391	6.5084e-06	5.3892e-08
706	0.9931	0.0068909	6.553e-06	4.7687e-08
707	0.99556	0.004437	6.6114e-06	3.0961e-08
708	0.99984	0.00015275	6.6863e-06	1.0877e-09
709	0.98161	0.01838	6.5996e-06	1.2738e-07
710	0.97062	0.029377	6.5562e-06	2.0568e-07
711	0.96381	0.036184	6.5458e-06	2.5465e-07
712	0.9487	0.051295	6.4707e-06	3.6361e-07
713	0.93914	0.06085	6.4384e-06	4.3324e-07
714	0.93452	0.06547	6.4352e-06	4.6919e-07
715	0.92178	0.07821	6.3679e-06	5.6472e-07
716	0.89161	0.10838	6.1782e-06	7.8588e-07
717	0.87164	0.12835	6.0656e-06	9.333e-07
718	0.82455	0.17544	5.763e-06	1.2738e-06
719	0.79558	0.20441	5.5805e-06	1.4899e-06
720	0.77853	0.22146	5.4771e-06	1.6225e-06
721	0.76979	0.23021	5.4286e-06	1.6959e-06
722	0.76645	0.23354	5.4233e-06	1.7292e-06
723	0.76805	0.23194	5.4576e-06	1.7261e-06
724	0.776	0.22399	5.5333e-06	1.6772e-06
725	0.77353	0.22646	5.5371e-06	1.7032e-06
726	0.77579	0.2242	5.5793e-06	1.6938e-06
727	0.78307	0.21692	5.6629e-06	1.6461e-06
728	0.79813	0.20187	5.7999e-06	1.5405e-06
729	0.82154	0.17845	6.0058e-06	1.3692e-06
730	0.85641	0.14358	6.3069e-06	1.1059e-06
731	0.91258	0.087417	6.7666e-06	6.7945e-07
732	0.9948	0.0051951	7.4424e-06	4.051e-08
733	0.99501	0.0049853	7.4851e-06	3.8551e-08
734	0.99402	0.0059759	7.5137e-06	4.5927e-08
735	0.99432	0.0056704	7.5561e-06	4.3272e-08
736	0.99334	0.0066494	7.5839e-06	5.055e-08
737	0.9939	0.00609	7.6183e-06	4.6295e-08
738	0.99612	0.003874	7.6605e-06	2.9477e-08
739	0.99442	0.005575	7.6793e-06	4.2158e-08
740	0.99425	0.0057459	7.7048e-06	4.3381e-08
741	0.99271	0.0072833	7.7026e-06	5.566e-08
742	0.98897	0.011024	7.6781e-06	8.55e-08
743	0.9872	0.012797	7.6732e-06	9.9584e-08
744	0.98714	0.012852	7.6858e-06	9.9992e-08
745	0.9891	0.010895	7.7091e-06	8.4953e-08
746	0.98908	0.010914	7.7119e-06	8.5503e-08
747	0.99067	0.0093183	7.7316e-06	7.3121e-08
748	0.99054	0.0094508	7.7327e-06	7.446e-08
749	0.99194	0.0080564	7.7499e-06	6.3549e-08
750	0.99539	0.0046051	7.7781e-06	3.6795e-08
751	0.99416	0.0058337	7.7735e-06	4.6613e-08
752	0.99442	0.0055707	7.7756e-06	4.4841e-08
753	0.99598	0.004014	7.7918e-06	3.2648e-08
754	0.99908	0.00091554	7.8245e-06	7.9255e-09
755	0.99806	0.0019371	7.8273e-06	1.6685e-08
756	0.99798	0.0020129	7.8416e-06	1.767e-08
757	0.99223	0.0077631	7.8119e-06	6.6904e-08
758	0.9888	0.011194	7.8056e-06	9.6491e-08
759	0.98756	0.01243	7.8123e-06	1.0826e-07
760	0.98826	0.01173	7.8298e-06	1.0438e-07
761	0.99067	0.0093239	7.8652e-06	8.6241e-08
762	0.99516	0.004829	7.9221e-06	5.057e-08
763	0.99453	0.0054576	7.8605e-06	5.3522e-08
764	0.99534	0.0046496	7.8061e-06	4.4412e-08
765	0.99748	0.0025095	7.7672e-06	2.3742e-08
766	0.99835	0.001647	7.72e-06	1.5217e-08
767	0.99241	0.0075824	7.6105e-06	6.2502e-08
768	0.84518	0.15481	6.3992e-06	1.2156e-06
769	0.7522	0.24779	5.6151e-06	1.937e-06
770	0.68787	0.31212	5.0746e-06	2.4179e-06
771	0.64795	0.35205	4.7213e-06	2.7075e-06
772	0.62391	0.37609	4.4889e-06	2.8719e-06
773	0.60869	0.3913	4.3309e-06	2.9648e-06
774	0.60049	0.3995	4.2309e-06	3.0029e-06
775	0.59935	0.40064	4.1789e-06	2.9888e-06
776	0.60358	0.39642	4.1687e-06	2.9356e-06
777	0.61373	0.38626	4.2033e-06	2.8404e-06
778	0.52476	0.47523	3.5447e-06	3.4414e-06
779	0.4689	0.53109	3.1197e-06	3.8049e-06
780	0.43064	0.56935	2.8287e-06	4.0366e-06
781	0.40763	0.59237	2.6422e-06	4.1603e-06
782	0.39306	0.60693	2.5188e-06	4.2229e-06
783	0.38654	0.61346	2.4477e-06	4.2297e-06
784	0.38531	0.61468	2.4146e-06	4.2005e-06
785	0.39066	0.60934	2.4211e-06	4.1282e-06
786	0.40214	0.59785	2.4686e-06	4.0171e-06
787	0.40121	0.59879	2.4384e-06	3.986e-06
788	0.40695	0.59304	2.4472e-06	3.9122e-06
789	0.41873	0.58126	2.4953e-06	3.8013e-06
790	0.44055	0.55945	2.5997e-06	3.6304e-06
791	0.47342	0.52657	2.7718e-06	3.3939e-06
792	0.4851	0.51489	2.8145e-06	3.289e-06
793	0.50448	0.49551	2.9053e-06	3.1381e-06
794	0.53411	0.46588	3.0595e-06	2.926e-06
795	0.5785	0.4215	3.3046e-06	2.6253e-06
796	0.64964	0.35035	3.6993e-06	2.1712e-06
797	0.68008	0.31991	3.8475e-06	1.966e-06
798	0.69072	0.30928	3.8777e-06	1.8813e-06
799	0.70862	0.29138	3.9535e-06	1.7536e-06
800	0.73923	0.26077	4.0974e-06	1.5536e-06
801	0.78898	0.21102	4.3429e-06	1.248e-06
802	0.80995	0.19004	4.4211e-06	1.1123e-06
803	0.84482	0.15517	4.5702e-06	9.0134e-07
804	0.89579	0.10421	4.8114e-06	6.0114e-07
805	0.96959	0.030406	5.1825e-06	1.7385e-07
806	0.98033	0.019661	5.1838e-06	1.1187e-07
807	0.98524	0.014756	5.1558e-06	8.2975e-08
808	0.98703	0.01297	5.1054e-06	7.2076e-08
809	0.99128	0.0087122	5.0631e-06	4.8584e-08
810	0.99278	0.0072111	5.0087e-06	4.0044e-08
811	0.94441	0.055584	4.6852e-06	2.9598e-07
812	0.91431	0.085683	4.4576e-06	4.5154e-07
813	0.89432	0.10568	4.2909e-06	5.4915e-07
814	0.84845	0.15155	4.001e-06	7.7286e-07
815	0.81717	0.18283	3.7936e-06	9.1662e-07
816	0.79634	0.20366	3.644e-06	1.0049e-06
817	0.78343	0.21657	3.5375e-06	1.0525e-06
818	0.77775	0.22224	3.4617e-06	1.0653e-06
819	0.77708	0.22292	3.4123e-06	1.0542e-06
820	0.78239	0.2176	3.3857e-06	1.0163e-06
821	0.79323	0.20677	3.3856e-06	9.5405e-07
822	0.81129	0.18871	3.419e-06	8.6062e-07
823	0.81664	0.18336	3.3976e-06	8.2438e-07
824	0.82885	0.17115	3.4007e-06	7.5956e-07
825	0.84856	0.15143	3.4373e-06	6.6351e-07
826	0.85621	0.14379	3.4162e-06	6.2115e-07
827	0.87113	0.12886	3.4195e-06	5.5044e-07
828	0.89433	0.10567	3.4572e-06	4.4755e-07
829	0.89145	0.10855	3.3905e-06	4.514e-07
830	0.89238	0.10761	3.3415e-06	4.3974e-07
831	0.89726	0.10274	3.3103e-06	4.126e-07
832	0.90676	0.093233	3.299e-06	3.6772e-07
833	0.92374	0.076252	3.3106e-06	2.9582e-07
834	0.9495	0.050492	3.3566e-06	1.9182e-07
835	0.99106	0.0089413	3.4529e-06	3.3473e-08
836	0.99193	0.0080635	3.3971e-06	2.9332e-08
837	0.99471	0.0052873	3.3436e-06	1.879e-08
838	0.99583	0.0041648	3.2797e-06	1.4487e-08
839	0.99586	0.0041333	3.2077e-06	1.4078e-08
840	0.99705	0.002947	3.1417e-06	9.8952e-09
841	0.99486	0.0051361	3.067e-06	1.6562e-08
842	0.98987	0.010128	2.9863e-06	3.1389e-08
843	0.98711	0.012884	2.9152e-06	3.8747e-08
844	0.98649	0.013506	2.8464e-06	3.9644e-08
845	0.98787	0.012128	2.7793e-06	3.4857e-08
846	0.99111	0.0088893	2.7193e-06	2.4993e-08
847	0.99201	0.0079862	2.6545e-06	2.1825e-08
848	0.99481	0.0051828	2.5906e-06	1.3854e-08
849	0.99967	0.00032572	2.5337e-06	8.6556e-10
850	0.99978	0.00022039	2.466e-06	5.7213e-10
851	0.99923	0.0007627	2.3985e-06	1.8954e-09
852	0.99944	0.00055617	2.3347e-06	1.3592e-09
853	0.99955	0.00044413	2.2729e-06	1.0646e-09
854	0.99848	0.0015175	2.2034e-06	3.5634e-09
855	0.98918	0.010822	2.1171e-06	2.4433e-08
856	0.96833	0.031667	2.0091e-06	6.8773e-08
857	0.95574	0.044257	1.9171e-06	9.3409e-08
858	0.94795	0.052053	1.8381e-06	1.0637e-07
859	0.94447	0.055527	1.7649e-06	1.0993e-07
860	0.94403	0.055973	1.6993e-06	1.0721e-07
861	0.94655	0.053452	1.6406e-06	9.9011e-08
862	0.93227	0.067727	1.5546e-06	1.1991e-07
863	0.92332	0.076682	1.4805e-06	1.2995e-07
864	0.91937	0.080629	1.4119e-06	1.3092e-07
865	0.90645	0.093552	1.3317e-06	1.4469e-07
866	0.89871	0.10129	1.2617e-06	1.4911e-07
867	0.89513	0.10487	1.1995e-06	1.4669e-07
868	0.89524	0.10476	1.1434e-06	1.3889e-07
869	0.90001	0.099991	1.0898e-06	1.2522e-07
870	0.91043	0.089572	1.0387e-06	1.055e-07
871	0.9287	0.071296	9.9108e-07	7.8717e-08
872	0.95592	0.044077	9.5104e-07	4.5251e-08
873	0.99618	0.0038142	9.2077e-07	2.9769e-09
874	0.99749	0.002509	8.4524e-07	1.4305e-09
875	0.99595	0.0040516	8.8739e-07	3.0197e-09
876	0.9956	0.0044007	9.3073e-07	3.6288e-09
877	0.99388	0.0061163	9.6879e-07	5.5606e-09
878	0.99351	0.0064853	1.0083e-06	6.2422e-09
879	0.99468	0.0053148	1.0461e-06	5.3723e-09
880	0.99466	0.0053423	1.0795e-06	5.6818e-09
881	0.99587	0.0041277	1.1144e-06	4.5833e-09
882	0.99849	0.0015104	1.1514e-06	1.7602e-09
883	0.99978	0.00021957	1.1873e-06	2.8524e-10
884	0.99182	0.0081771	1.2116e-06	1.0843e-08
885	0.98687	0.013125	1.2399e-06	1.7875e-08
886	0.97539	0.024613	1.2593e-06	3.4197e-08
887	0.96806	0.031941	1.2841e-06	4.5425e-08
888	0.96392	0.036079	1.3135e-06	5.2559e-08
889	0.9257	0.074297	1.2941e-06	1.0908e-07
890	0.89966	0.10034	1.2907e-06	1.5001e-07
891	0.88234	0.11766	1.2993e-06	1.7945e-07
892	0.84529	0.15471	1.2729e-06	2.4046e-07
893	0.76856	0.23144	1.1777e-06	3.6701e-07
894	0.71629	0.28371	1.1186e-06	4.5787e-07
895	0.68408	0.31592	1.0858e-06	5.193e-07
896	0.6631	0.3369	1.0707e-06	5.6324e-07
897	0.65193	0.34807	1.0683e-06	5.9139e-07
898	0.6482	0.3518	1.0755e-06	6.0683e-07
899	0.64973	0.35027	1.0922e-06	6.1295e-07
900	0.65691	0.34308	1.1195e-06	6.0875e-07
901	0.67078	0.32922	1.1599e-06	5.919e-07
902	0.69558	0.30442	1.2175e-06	5.5452e-07
903	0.73652	0.26347	1.3019e-06	4.8722e-07
904	0.75316	0.24684	1.3449e-06	4.6173e-07
905	0.77886	0.22114	1.4063e-06	4.1825e-07
906	0.82106	0.17893	1.4958e-06	3.4336e-07
907	0.83895	0.16105	1.5422e-06	3.1221e-07
908	0.86899	0.131	1.6086e-06	2.5767e-07
909	0.91307	0.086933	1.7039e-06	1.7476e-07
910	0.9167	0.083297	1.7229e-06	1.6877e-07
911	0.92427	0.075724	1.7507e-06	1.5471e-07
912	0.93679	0.06321	1.7894e-06	1.3026e-07
913	0.93175	0.068251	1.7942e-06	1.4058e-07
914	0.93014	0.069862	1.8065e-06	1.4406e-07
915	0.93238	0.067621	1.8232e-06	1.3984e-07
916	0.93895	0.061052	1.8452e-06	1.2679e-07
917	0.95011	0.049888	1.8778e-06	1.0389e-07
918	0.96901	0.030986	1.9229e-06	6.5077e-08
919	0.96177	0.038229	1.9153e-06	7.9641e-08
920	0.9578	0.042201	1.9151e-06	8.7526e-08
921	0.95714	0.042854	1.918e-06	8.8778e-08
922	0.95118	0.048822	1.9111e-06	1.0059e-07
923	0.94905	0.050944	1.9084e-06	1.0472e-07
924	0.95031	0.049683	1.909e-06	1.0201e-07
925	0.9469	0.053099	1.8967e-06	1.0881e-07
926	0.94638	0.05362	1.8911e-06	1.0954e-07
927	0.94069	0.05931	1.8716e-06	1.2071e-07
928	0.93899	0.061009	1.8567e-06	1.2377e-07
929	0.94024	0.059757	1.8486e-06	1.2073e-07
930	0.94461	0.055389	1.8476e-06	1.1133e-07
931	0.95371	0.046292	1.8522e-06	9.2812e-08
932	0.96793	0.032068	1.8676e-06	6.4189e-08
933	0.98943	0.010567	1.8982e-06	2.1192e-08
934	0.9881	0.011903	1.8843e-06	2.352e-08
935	0.98362	0.016379	1.8652e-06	3.1676e-08
936	0.97396	0.026039	1.833e-06	4.9524e-08
937	0.96869	0.031307	1.8057e-06	5.896e-08
938	0.96616	0.033837	1.7845e-06	6.2976e-08
939	0.95857	0.041431	1.7505e-06	7.6214e-08
940	0.95505	0.044951	1.7208e-06	8.1766e-08
941	0.95428	0.045723	1.6969e-06	8.2068e-08
942	0.95623	0.043772	1.6788e-06	7.7367e-08
943	0.95364	0.046357	1.6484e-06	8.0663e-08
944	0.95434	0.045662	1.6203e-06	7.8212e-08
945	0.95846	0.041539	1.5943e-06	7.0103e-08
