#coord	neutral	conserved	gBGC.neutral	gBGC.conserved
1	0.8136	0.18609	0.00025812	5.9214e-05
2	0.82219	0.17749	0.00025854	5.5968e-05
3	0.83713	0.16256	0.00026096	5.0763e-05
4	0.86276	0.13693	0.00026657	4.2343e-05
5	0.90455	0.095143	0.00027694	2.9145e-05
6	0.97129	0.02841	0.00029456	8.6772e-06
7	0.9796	0.020103	0.00029433	6.0953e-06
8	0.99254	0.0071632	0.00029549	2.1596e-06
9	0.99844	0.0012658	0.00029452	3.8017e-07
10	0.99916	0.00055015	0.00029202	1.6401e-07
11	0.99869	0.0010198	0.00028921	2.9859e-07
12	0.99901	0.00069841	0.00028666	2.0187e-07
13	0.99918	0.00053968	0.00028404	1.5476e-07
14	0.9992	0.00051992	0.00028142	1.4743e-07
15	0.9991	0.00062264	0.00027879	1.7398e-07
16	0.99882	0.00090841	0.00027609	2.5153e-07
17	0.99824	0.0014867	0.00027328	4.0905e-07
18	0.99693	0.0028025	0.00027026	7.6707e-07
19	0.99383	0.0059019	0.00026679	1.599e-06
20	0.98738	0.01235	0.00026241	3.3194e-06
21	0.98361	0.016124	0.00025881	4.2893e-06
22	0.98232	0.017418	0.00025587	4.5927e-06
23	0.98286	0.016881	0.00025343	4.4108e-06
24	0.98536	0.014388	0.00025154	3.7253e-06
25	0.99016	0.0095856	0.00025025	2.4593e-06
26	0.99786	0.0018939	0.00024971	4.7951e-07
27	0.99891	0.00083917	0.00024744	2.0995e-07
28	0.99845	0.0013094	0.00024476	3.2356e-07
29	0.99882	0.00094233	0.00024233	2.3005e-07
30	0.99893	0.00082826	0.00023981	2.0055e-07
31	0.99886	0.00090633	0.00023722	2.1867e-07
32	0.99846	0.0013007	0.00023459	3.1136e-07
33	0.99751	0.0022625	0.00023186	5.354e-07
34	0.99529	0.0044784	0.00022887	1.0453e-06
35	0.99463	0.0051453	0.00022623	1.1911e-06
36	0.99519	0.0045859	0.0002239	1.0539e-06
37	0.99105	0.0087252	0.00022048	1.9851e-06
38	0.98885	0.010927	0.00021755	2.4596e-06
39	0.98834	0.011445	0.00021503	2.5498e-06
40	0.98532	0.01446	0.000212	3.1796e-06
41	0.98421	0.015574	0.00020942	3.3835e-06
42	0.9849	0.01489	0.00020726	3.1973e-06
43	0.98748	0.012309	0.00020553	2.6124e-06
44	0.98787	0.011921	0.00020331	2.5003e-06
45	0.986	0.013796	0.00020065	2.852e-06
46	0.9859	0.013902	0.00019839	2.8344e-06
47	0.98787	0.011934	0.00019652	2.4038e-06
48	0.99232	0.0074823	0.00019511	1.4937e-06
49	0.99405	0.0057522	0.00019318	1.1353e-06
50	0.99078	0.0090247	0.0001903	1.7496e-06
51	0.98957	0.010239	0.00018781	1.96e-06
52	0.98563	0.014183	0.00018484	2.6748e-06
53	0.97622	0.023594	0.00018091	4.3765e-06
54	0.97108	0.028738	0.00017778	5.2622e-06
55	0.96912	0.0307	0.00017522	5.5534e-06
56	0.96992	0.029898	0.00017315	5.3448e-06
57	0.9731	0.026726	0.00017152	4.7184e-06
58	0.97301	0.026814	0.00016933	4.6705e-06
59	0.9756	0.024227	0.00016759	4.1651e-06
60	0.98141	0.018417	0.00016636	3.1288e-06
61	0.98314	0.016688	0.00016445	2.7972e-06
62	0.98706	0.012776	0.00016292	2.1089e-06
63	0.99434	0.0054978	0.00016191	8.9187e-07
64	0.99458	0.005256	0.00015971	8.4036e-07
65	0.99634	0.0035039	0.00015773	5.5253e-07
66	0.98883	0.011014	0.00015433	1.7112e-06
67	0.98472	0.015126	0.00015146	2.3182e-06
68	0.98274	0.017113	0.00014896	2.5823e-06
69	0.91644	0.083408	0.00013687	1.2416e-05
70	0.87492	0.12494	0.00012868	1.8338e-05
71	0.84938	0.15048	0.00012296	2.1769e-05
72	0.83442	0.16544	0.00011885	2.3578e-05
73	0.79845	0.20141	0.00011189	2.8262e-05
74	0.72337	0.27649	9.9625e-05	3.823e-05
75	0.67161	0.32825	9.094e-05	4.464e-05
76	0.63679	0.36308	8.4795e-05	4.8533e-05
77	0.61615	0.38372	8.064e-05	5.0421e-05
78	0.60351	0.39636	7.7637e-05	5.1177e-05
79	0.59867	0.40121	7.5658e-05	5.0895e-05
80	0.5994	0.40048	7.4417e-05	4.9895e-05
81	0.60581	0.39407	7.3891e-05	4.82e-05
82	0.60041	0.39947	7.1942e-05	4.7947e-05
83	0.60182	0.39806	7.0802e-05	4.6872e-05
84	0.60899	0.3909	7.0343e-05	4.5135e-05
85	0.62463	0.37526	7.0802e-05	4.2466e-05
86	0.65209	0.3478	7.2494e-05	3.8552e-05
87	0.69714	0.30275	7.596e-05	3.2849e-05
88	0.71548	0.28442	7.6395e-05	3.0197e-05
89	0.74671	0.25319	7.808e-05	2.6281e-05
90	0.79741	0.20249	8.1591e-05	2.0525e-05
91	0.87829	0.12161	8.7852e-05	1.2003e-05
92	0.88672	0.11318	8.6715e-05	1.0902e-05
93	0.90238	0.097522	8.6208e-05	9.1527e-06
94	0.92642	0.073491	8.6443e-05	6.6853e-06
95	0.93635	0.063564	8.5312e-05	5.6062e-06
96	0.95357	0.046339	8.4766e-05	3.9257e-06
97	0.97948	0.020433	8.4931e-05	1.5578e-06
98	0.99211	0.0078037	8.3881e-05	4.2758e-07
99	0.99827	0.0016501	8.4446e-05	9.2126e-08
100	0.99754	0.0023792	8.4595e-05	1.6239e-07
101	0.99791	0.002005	8.4821e-05	1.4433e-07
102	0.99947	0.0004477	8.513e-05	3.3238e-08
103	0.9985	0.0014107	8.525e-05	1.1674e-07
104	0.99853	0.0013868	8.5443e-05	1.1688e-07
105	0.99942	0.00049602	8.5716e-05	4.2691e-08
106	0.99271	0.0072016	8.5311e-05	6.3411e-07
107	0.97771	0.0222	8.4182e-05	1.9559e-06
108	0.96798	0.031938	8.352e-05	2.8166e-06
109	0.89882	0.1011	7.7658e-05	8.8851e-06
110	0.8511	0.14881	7.3673e-05	1.3082e-05
111	0.81893	0.18098	7.1049e-05	1.5922e-05
112	0.79971	0.2002	6.9529e-05	1.7649e-05
113	0.78777	0.21214	6.8652e-05	1.8738e-05
114	0.78171	0.21821	6.8297e-05	1.9311e-05
115	0.78065	0.21926	6.839e-05	1.9442e-05
116	0.78554	0.21437	6.8996e-05	1.9049e-05
117	0.79741	0.2025	7.021e-05	1.8038e-05
118	0.81656	0.18335	7.2089e-05	1.6368e-05
119	0.84863	0.15128	7.5111e-05	1.3543e-05
120	0.90046	0.099454	7.9885e-05	8.9569e-06
121	0.92334	0.076575	8.2111e-05	6.9251e-06
122	0.93269	0.067225	8.3141e-05	6.0955e-06
123	0.94769	0.052219	8.4698e-05	4.7448e-06
124	0.97253	0.02738	8.7137e-05	2.5019e-06
125	0.98314	0.016766	8.8304e-05	1.5378e-06
126	0.99932	0.00059141	8.9996e-05	5.4864e-08
127	0.99921	0.00070448	9.0202e-05	6.4931e-08
128	0.99717	0.0027358	9.0221e-05	2.5127e-07
129	0.99314	0.0067717	9.0042e-05	6.2439e-07
130	0.98481	0.015097	8.9451e-05	1.3989e-06
131	0.97965	0.020261	8.9158e-05	1.8812e-06
132	0.97703	0.022883	8.9107e-05	2.1288e-06
133	0.97657	0.023336	8.9263e-05	2.1756e-06
134	0.97861	0.021293	8.9637e-05	1.9935e-06
135	0.983	0.016906	9.0238e-05	1.5917e-06
136	0.98407	0.015841	9.0538e-05	1.4959e-06
137	0.98284	0.017063	9.0613e-05	1.6152e-06
138	0.98344	0.016471	9.0865e-05	1.5641e-06
139	0.98119	0.018721	9.0858e-05	1.7784e-06
140	0.98088	0.019027	9.1039e-05	1.81e-06
141	0.98248	0.01743	9.1408e-05	1.6612e-06
142	0.98619	0.013719	9.1985e-05	1.31e-06
143	0.98695	0.012956	9.2271e-05	1.2393e-06
144	0.98954	0.01037	9.2738e-05	9.9385e-07
145	0.99005	0.0098562	9.3016e-05	9.4415e-07
146	0.99249	0.0074201	9.3466e-05	7.1234e-07
147	0.99694	0.0029664	9.4119e-05	2.8476e-07
148	0.99698	0.0029205	9.4337e-05	2.8008e-07
149	0.99606	0.003845	9.4471e-05	3.6729e-07
150	0.99378	0.0061288	9.4463e-05	5.8497e-07
151	0.99317	0.0067395	9.4602e-05	6.4488e-07
152	0.99389	0.0060114	9.4876e-05	5.7598e-07
153	0.99632	0.0035876	9.5302e-05	3.4522e-07
154	0.99721	0.0026925	9.5589e-05	2.5955e-07
155	0.99736	0.0025391	9.5793e-05	2.4563e-07
156	0.99854	0.0013613	9.6104e-05	1.322e-07
157	0.99903	0.00087005	9.6355e-05	8.45e-08
158	0.99927	0.00063049	9.6571e-05	6.1538e-08
159	0.98293	0.016971	9.5182e-05	1.6496e-06
160	0.94458	0.055318	9.162e-05	5.4e-06
161	0.91873	0.081175	8.9284e-05	7.9309e-06
162	0.8574	0.1425	8.3508e-05	1.3909e-05
163	0.81576	0.18415	7.965e-05	1.7976e-05
164	0.79029	0.20961	7.733e-05	2.0494e-05
165	0.77562	0.22428	7.6039e-05	2.1972e-05
166	0.74156	0.25835	7.2818e-05	2.5371e-05
167	0.71886	0.28104	7.0722e-05	2.765e-05
168	0.70635	0.29355	6.9608e-05	2.8937e-05
169	0.69995	0.29995	6.9105e-05	2.9618e-05
170	0.70011	0.2998	6.9235e-05	2.9657e-05
171	0.68934	0.31056	6.8269e-05	3.0781e-05
172	0.68444	0.31546	6.7894e-05	3.1321e-05
173	0.68605	0.31385	6.8151e-05	3.1217e-05
174	0.6945	0.3054	6.9077e-05	3.0435e-05
175	0.70961	0.29029	7.0679e-05	2.8983e-05
176	0.7361	0.2638	7.34e-05	2.6401e-05
177	0.74537	0.25453	7.44e-05	2.5529e-05
178	0.74397	0.25593	7.4348e-05	2.5715e-05
179	0.74747	0.25243	7.4798e-05	2.5404e-05
180	0.75654	0.24336	7.582e-05	2.4527e-05
181	0.77417	0.22573	7.7692e-05	2.2791e-05
182	0.80409	0.19581	8.0784e-05	1.9824e-05
183	0.81577	0.18412	8.2064e-05	1.8675e-05
184	0.83677	0.16313	8.4269e-05	1.659e-05
185	0.86821	0.13169	8.7552e-05	1.3433e-05
186	0.88094	0.11896	8.8963e-05	1.2155e-05
187	0.84639	0.15351	8.5545e-05	1.5695e-05
188	0.82346	0.17644	8.3323e-05	1.8046e-05
189	0.81041	0.18949	8.2085e-05	1.9401e-05
190	0.80334	0.19655	8.1468e-05	2.0143e-05
191	0.80226	0.19764	8.1446e-05	2.028e-05
192	0.80588	0.19402	8.1915e-05	1.9931e-05
193	0.81471	0.18519	8.2931e-05	1.9042e-05
194	0.83167	0.16823	8.4769e-05	1.7321e-05
195	0.86035	0.13955	8.7794e-05	1.4401e-05
196	0.87271	0.12719	8.9137e-05	1.3154e-05
197	0.89236	0.10754	9.1245e-05	1.1149e-05
198	0.92208	0.077815	9.4413e-05	8.0894e-06
199	0.93482	0.065079	9.5845e-05	6.7739e-06
200	0.95632	0.043577	9.8171e-05	4.5528e-06
201	0.98794	0.011953	0.00010157	1.2635e-06
202	0.98733	0.012569	0.00010163	1.3284e-06
203	0.98833	0.011563	0.00010186	1.2231e-06
204	0.99115	0.0087518	0.00010229	9.2722e-07
205	0.99609	0.0038046	0.00010295	4.041e-07
206	0.99592	0.0039742	0.00010308	4.1995e-07
207	0.99707	0.002829	0.00010334	2.9913e-07
208	0.9995	0.00039359	0.00010374	4.1606e-08
209	0.9998	9.8272e-05	0.0001039	1.0555e-08
210	0.99682	0.0030716	0.00010373	3.2657e-07
211	0.99061	0.0092908	0.00010321	9.8648e-07
212	0.98693	0.012969	0.00010298	1.3774e-06
213	0.98527	0.014627	0.00010296	1.5546e-06
214	0.98539	0.0145	0.00010314	1.5426e-06
215	0.98765	0.012241	0.00010354	1.307e-06
216	0.99207	0.0078231	0.00010417	8.4012e-07
217	0.99045	0.0094486	0.00010417	1.0134e-06
218	0.9906	0.0092919	0.00010435	9.992e-07
219	0.99227	0.0076276	0.00010469	8.2341e-07
220	0.99214	0.0077536	0.00010486	8.3769e-07
221	0.99341	0.0064873	0.00010518	7.0221e-07
222	0.99323	0.0066679	0.00010533	7.2298e-07
223	0.98484	0.015055	0.00010461	1.6229e-06
224	0.98022	0.019673	0.00010428	2.124e-06
225	0.97801	0.021883	0.00010421	2.3654e-06
226	0.97124	0.028653	0.00010364	3.1021e-06
227	0.96807	0.031827	0.00010344	3.4548e-06
228	0.9678	0.032089	0.00010354	3.4957e-06
229	0.95016	0.049732	0.00010173	5.4435e-06
230	0.90957	0.090321	9.7405e-05	9.9054e-06
231	0.88225	0.11764	9.4548e-05	1.2909e-05
232	0.86599	0.1339	9.2874e-05	1.4719e-05
233	0.85598	0.14391	9.1895e-05	1.584e-05
234	0.85106	0.14884	9.1479e-05	1.6404e-05
235	0.85038	0.14951	9.1537e-05	1.6502e-05
236	0.85493	0.14496	9.215e-05	1.6035e-05
237	0.8643	0.13559	9.3302e-05	1.5034e-05
238	0.85172	0.14817	9.2035e-05	1.6442e-05
239	0.84462	0.15527	9.1379e-05	1.7245e-05
240	0.84312	0.15677	9.1322e-05	1.7439e-05
241	0.84688	0.15301	9.1827e-05	1.7059e-05
242	0.85538	0.14451	9.2864e-05	1.6155e-05
243	0.86996	0.12993	9.4586e-05	1.4573e-05
244	0.76272	0.23717	8.275e-05	2.6538e-05
245	0.69532	0.30457	7.5292e-05	3.4114e-05
246	0.64897	0.35092	7.0201e-05	3.933e-05
247	0.62071	0.37918	6.7095e-05	4.255e-05
248	0.60236	0.39753	6.5107e-05	4.4658e-05
249	0.55729	0.4426	6.0155e-05	4.9736e-05
250	0.52988	0.47001	5.714e-05	5.2867e-05
251	0.51216	0.48773	5.5215e-05	5.4913e-05
252	0.50201	0.49787	5.4139e-05	5.6115e-05
253	0.49924	0.50065	5.3865e-05	5.6506e-05
254	0.50183	0.49806	5.4192e-05	5.6301e-05
255	0.51011	0.48978	5.5158e-05	5.5462e-05
256	0.52546	0.47443	5.6918e-05	5.3834e-05
257	0.54968	0.4502	5.9681e-05	5.1207e-05
258	0.58599	0.4139	6.3817e-05	4.7214e-05
259	0.59991	0.39998	6.5472e-05	4.5706e-05
260	0.62258	0.37731	6.8131e-05	4.3201e-05
261	0.66039	0.3395	7.2483e-05	3.8993e-05
262	0.71571	0.28418	7.8852e-05	3.2774e-05
263	0.79586	0.20403	8.8096e-05	2.3685e-05
264	0.92293	0.076959	0.00010265	9.2736e-06
265	0.92535	0.074536	0.00010312	8.9992e-06
266	0.90638	0.093507	0.00010113	1.1191e-05
267	0.89433	0.10556	9.9939e-05	1.2588e-05
268	0.86488	0.13501	9.6765e-05	1.5978e-05
269	0.84551	0.15438	9.4751e-05	1.8215e-05
270	0.83348	0.16641	9.3582e-05	1.9614e-05
271	0.80302	0.19686	9.0324e-05	2.3109e-05
272	0.73273	0.26716	8.2555e-05	3.1123e-05
273	0.68887	0.31102	7.7728e-05	3.6184e-05
274	0.6596	0.34029	7.4568e-05	3.9584e-05
275	0.64267	0.35721	7.2788e-05	4.1596e-05
276	0.6345	0.36539	7.1988e-05	4.2616e-05
277	0.63194	0.36794	7.1844e-05	4.2987e-05
278	0.61746	0.38243	7.0308e-05	4.474e-05
279	0.60983	0.39006	6.9571e-05	4.57e-05
280	0.53044	0.46944	6.0504e-05	5.498e-05
281	0.47561	0.52427	5.4284e-05	6.1418e-05
282	0.43808	0.5618	5.0066e-05	6.586e-05
283	0.41288	0.587	4.7272e-05	6.8882e-05
284	0.39867	0.60122	4.5722e-05	7.0652e-05
285	0.39112	0.60877	4.495e-05	7.1649e-05
286	0.39037	0.60951	4.4954e-05	7.186e-05
287	0.39627	0.60361	4.5724e-05	7.1298e-05
288	0.41008	0.5898	4.7406e-05	6.9813e-05
289	0.43474	0.56515	5.0343e-05	6.7065e-05
290	0.472	0.52788	5.4783e-05	6.2819e-05
291	0.52646	0.47343	6.1283e-05	5.6518e-05
292	0.52819	0.47169	6.1576e-05	5.6416e-05
293	0.53716	0.46272	6.2709e-05	5.5463e-05
294	0.55311	0.44677	6.4682e-05	5.3676e-05
295	0.55497	0.44491	6.5004e-05	5.3545e-05
296	0.56245	0.43743	6.6007e-05	5.2739e-05
297	0.57681	0.42307	6.7848e-05	5.1101e-05
298	0.60241	0.39748	7.1022e-05	4.812e-05
299	0.64113	0.35875	7.5806e-05	4.3536e-05
300	0.69773	0.30215	8.2795e-05	3.6753e-05
301	0.72193	0.27795	8.5899e-05	3.3862e-05
302	0.76197	0.23791	9.0918e-05	2.9046e-05
303	0.82039	0.17949	9.8226e-05	2.1946e-05
304	0.84807	0.15181	0.00010177	1.8601e-05
305	0.88884	0.11104	0.00010695	1.3623e-05
306	0.95404	0.045836	0.00011512	5.6543e-06
307	0.96223	0.037652	0.00011632	4.6525e-06
308	0.97526	0.02462	0.00011814	3.0428e-06
309	0.99673	0.0031468	0.00012099	3.9105e-07
310	0.99967	0.00021106	0.00012157	2.628e-08
311	0.99965	0.00022385	0.00012178	2.7371e-08
312	0.99974	0.00013933	0.000122	1.6894e-08
313	0.97868	0.021195	0.00011967	2.5561e-06
314	0.96589	0.033987	0.00011832	4.1102e-06
315	0.95772	0.042159	0.00011754	5.1024e-06
316	0.95309	0.046791	0.0001172	5.6639e-06
317	0.952	0.047877	0.00011727	5.7979e-06
318	0.95368	0.046198	0.00011769	5.5898e-06
319	0.93853	0.061342	0.00011591	7.4815e-06
320	0.92889	0.070988	0.00011483	8.6873e-06
321	0.92433	0.075543	0.00011436	9.2689e-06
322	0.764	0.23588	9.4571e-05	2.9171e-05
323	0.66286	0.33702	8.2046e-05	4.1802e-05
324	0.59368	0.4062	7.3532e-05	5.0429e-05
325	0.55064	0.44923	6.8224e-05	5.584e-05
326	0.52457	0.4753	6.5005e-05	5.9154e-05
327	0.50988	0.48999	6.3189e-05	6.1054e-05
328	0.50191	0.49796	6.2225e-05	6.2107e-05
329	0.47594	0.52394	5.9027e-05	6.54e-05
330	0.45952	0.54036	5.7033e-05	6.7495e-05
331	0.42071	0.57917	5.2276e-05	7.2359e-05
332	0.39732	0.60256	4.9408e-05	7.5324e-05
333	0.38434	0.61554	4.7819e-05	7.7002e-05
334	0.37755	0.62232	4.7013e-05	7.7901e-05
335	0.37744	0.62243	4.7029e-05	7.797e-05
336	0.38396	0.61592	4.7861e-05	7.7214e-05
337	0.39684	0.60304	4.9503e-05	7.5652e-05
338	0.42013	0.57974	5.2433e-05	7.2794e-05
339	0.45874	0.54114	5.7254e-05	6.8036e-05
340	0.51578	0.4841	6.441e-05	6.0948e-05
341	0.60659	0.39329	7.5749e-05	4.9668e-05
342	0.73898	0.26089	9.2363e-05	3.312e-05
343	0.80317	0.1967	0.00010041	2.5126e-05
344	0.83067	0.1692	0.00010391	2.1694e-05
345	0.84257	0.15731	0.00010546	2.021e-05
346	0.84526	0.15461	0.00010584	1.9892e-05
347	0.85268	0.14719	0.00010683	1.8971e-05
348	0.86588	0.134	0.00010856	1.7309e-05
349	0.88671	0.11316	0.00011129	1.4663e-05
350	0.88345	0.11643	0.00011093	1.5094e-05
351	0.8841	0.11577	0.00011109	1.502e-05
352	0.88878	0.1111	0.00011177	1.4428e-05
353	0.89813	0.10175	0.00011306	1.3229e-05
354	0.91498	0.084889	0.0001153	1.1073e-05
355	0.91088	0.088996	0.00011487	1.16e-05
356	0.9103	0.089578	0.0001149	1.1674e-05
357	0.91316	0.086714	0.00011538	1.1301e-05
358	0.91025	0.089623	0.00011514	1.1665e-05
359	0.91089	0.088979	0.00011536	1.157e-05
360	0.91518	0.08469	0.00011606	1.1e-05
361	0.92472	0.075156	0.00011743	9.7518e-06
362	0.93985	0.060022	0.00011955	7.7615e-06
363	0.96259	0.037285	0.0001227	4.7558e-06
364	0.97317	0.026705	0.00012409	3.4008e-06
365	0.97727	0.0226	0.00012464	2.8768e-06
366	0.98516	0.014709	0.00012565	1.8732e-06
367	0.98872	0.011157	0.0001261	1.4237e-06
368	0.99482	0.0050496	0.00012689	6.4574e-07
369	0.99783	0.0020397	0.00012727	2.6413e-07
370	0.99763	0.0022474	0.00012722	2.9387e-07
371	0.99659	0.0032783	0.00012708	4.3071e-07
372	0.9943	0.0055695	0.00012676	7.3525e-07
373	0.99342	0.0064505	0.00012663	8.55e-07
374	0.99406	0.0058084	0.00012668	7.7883e-07
375	0.99608	0.0037918	0.00012692	5.2452e-07
376	0.99664	0.003236	0.00012698	4.6044e-07
377	0.99836	0.001514	0.0001272	2.4388e-07
378	0.99917	0.00069961	0.00012731	1.4978e-07
379	0.99855	0.0013211	0.00012551	2.1574e-07
380	0.99736	0.0025178	0.00012365	3.5914e-07
381	0.9946	0.005276	0.00012169	6.8678e-07
382	0.99358	0.0063002	0.00011994	7.9598e-07
383	0.99407	0.0058085	0.00011836	7.198e-07
384	0.99591	0.0039704	0.00011696	4.8287e-07
385	0.99971	0.00017081	0.00011577	2.0663e-08
386	0.99927	0.00061142	0.00011409	7.0998e-08
387	0.99955	0.00033956	0.00011251	3.907e-08
388	0.99687	0.0030174	0.00011061	3.3888e-07
389	0.99555	0.0043368	0.00010888	4.7952e-07
390	0.99542	0.0044722	0.00010731	4.8696e-07
391	0.99417	0.0057214	0.0001056	6.1397e-07
392	0.99422	0.0056733	0.00010406	5.997e-07
393	0.99579	0.0041078	0.00010265	4.2953e-07
394	0.99606	0.0038411	0.00010112	3.9615e-07
395	0.99083	0.0090655	9.9058e-05	9.1575e-07
396	0.97879	0.02111	9.6356e-05	2.0898e-06
397	0.97184	0.028061	9.4169e-05	2.7351e-06
398	0.96801	0.031896	9.232e-05	3.058e-06
399	0.96668	0.033226	9.0735e-05	3.1316e-06
400	0.96775	0.032159	8.9394e-05	2.9776e-06
401	0.97136	0.028545	8.83e-05	2.5919e-06
402	0.97873	0.021182	8.7516e-05	1.8813e-06
403	0.98161	0.018302	8.6298e-05	1.5919e-06
404	0.98697	0.012947	8.5303e-05	1.0942e-06
405	0.98912	0.010794	8.4003e-05	8.8727e-07
406	0.9893	0.010619	8.2518e-05	8.5103e-07
407	0.9911	0.0088229	8.1181e-05	6.8259e-07
408	0.99471	0.0052057	8.0001e-05	3.7204e-07
409	0.99367	0.0062512	7.8298e-05	4.3314e-07
410	0.99391	0.0060081	7.6709e-05	3.9521e-07
411	0.98762	0.012304	7.4671e-05	7.9056e-07
412	0.94278	0.057151	7.0256e-05	3.5797e-06
413	0.91489	0.08504	6.701e-05	5.1855e-06
414	0.89806	0.10187	6.4506e-05	6.0352e-06
415	0.8584	0.14153	6.076e-05	8.1423e-06
416	0.83151	0.16842	5.7887e-05	9.39e-06
417	0.81575	0.18418	5.5702e-05	9.9367e-06
418	0.80777	0.19217	5.3983e-05	1.0005e-05
419	0.80586	0.19408	5.2615e-05	9.7088e-06
420	0.80861	0.19133	5.1536e-05	9.1391e-06
421	0.70206	0.29788	4.5327e-05	1.3712e-05
422	0.62823	0.37171	4.0956e-05	1.6462e-05
423	0.57735	0.42259	3.7831e-05	1.7976e-05
424	0.46987	0.53008	3.0968e-05	2.5258e-05
425	0.40224	0.59771	2.6639e-05	2.9996e-05
426	0.35998	0.63996	2.3935e-05	3.3101e-05
427	0.26354	0.7364	1.7605e-05	3.9835e-05
428	0.2027	0.79724	1.3583e-05	4.4252e-05
429	0.16101	0.83893	1.0833e-05	4.7399e-05
430	0.13497	0.86497	9.1066e-06	4.9516e-05
431	0.11724	0.8827	7.9351e-06	5.1078e-05
432	0.10565	0.89429	7.1741e-06	5.2231e-05
433	0.075832	0.92411	5.1843e-06	5.4613e-05
434	0.057116	0.94282	3.9258e-06	5.6257e-05
435	0.045515	0.95442	3.1399e-06	5.7422e-05
436	0.038557	0.96138	2.6643e-06	5.8269e-05
437	0.03476	0.96518	2.4002e-06	5.8897e-05
438	0.033305	0.96663	2.292e-06	5.9362e-05
439	0.033447	0.96649	2.292e-06	5.972e-05
440	0.035687	0.96425	2.4277e-06	5.9935e-05
441	0.040504	0.95943	2.7274e-06	5.9978e-05
442	0.040244	0.95969	2.7034e-06	6.0339e-05
443	0.041774	0.95816	2.7986e-06	6.0581e-05
444	0.045224	0.95471	3.0212e-06	6.0696e-05
445	0.051894	0.94804	3.4503e-06	6.0598e-05
446	0.062142	0.93779	4.1163e-06	6.0264e-05
447	0.078875	0.92106	5.2005e-06	5.9504e-05
448	0.074488	0.92545	4.9209e-06	6.0101e-05
449	0.073503	0.92643	4.8622e-06	6.0469e-05
450	0.074943	0.92499	4.9658e-06	6.0676e-05
451	0.069337	0.9306	4.6042e-06	6.1349e-05
452	0.066469	0.93346	4.426e-06	6.1839e-05
453	0.06605	0.93388	4.4127e-06	6.2166e-05
454	0.058306	0.94163	3.9094e-06	6.2983e-05
455	0.053536	0.9464	3.6053e-06	6.3603e-05
456	0.051774	0.94816	3.4996e-06	6.4016e-05
457	0.04373	0.9562	2.9622e-06	6.4854e-05
458	0.038513	0.96142	2.6167e-06	6.5502e-05
459	0.035509	0.96442	2.4221e-06	6.5999e-05
460	0.034757	0.96517	2.3786e-06	6.6338e-05
461	0.036096	0.96384	2.4769e-06	6.6528e-05
462	0.039801	0.96013	2.7366e-06	6.655e-05
463	0.038059	0.96187	2.6233e-06	6.6945e-05
464	0.038534	0.9614	2.6615e-06	6.7182e-05
465	0.0408	0.95913	2.8264e-06	6.7293e-05
466	0.038343	0.96159	2.6596e-06	6.7729e-05
467	0.037687	0.96224	2.6203e-06	6.8039e-05
468	0.039219	0.96071	2.7323e-06	6.819e-05
469	0.043263	0.95667	3.0186e-06	6.8159e-05
470	0.04979	0.95014	3.4831e-06	6.7952e-05
471	0.06086	0.93907	4.2656e-06	6.7419e-05
472	0.078832	0.9211	5.5312e-06	6.6395e-05
473	0.10479	0.89514	7.3723e-06	6.4798e-05
474	0.14263	0.8573	1.0077e-05	6.2338e-05
475	0.15809	0.84184	1.1212e-05	6.1449e-05
476	0.14805	0.85188	1.0522e-05	6.2388e-05
477	0.14257	0.85736	1.0161e-05	6.2998e-05
478	0.14175	0.85818	1.0131e-05	6.327e-05
479	0.14436	0.85556	1.0355e-05	6.329e-05
480	0.11575	0.88418	8.3047e-06	6.5585e-05
481	0.096334	0.90359	6.9203e-06	6.7216e-05
482	0.083372	0.91655	6.0027e-06	6.8382e-05
483	0.075028	0.9249	5.4197e-06	6.9214e-05
484	0.070007	0.92992	5.0786e-06	6.9806e-05
485	0.06838	0.93155	4.9811e-06	7.0147e-05
486	0.069085	0.93084	5.0583e-06	7.0315e-05
487	0.073021	0.9269	5.3744e-06	7.0236e-05
488	0.081008	0.91892	5.993e-06	6.9848e-05
489	0.093462	0.90646	6.9572e-06	6.9115e-05
490	0.11391	0.88601	8.527e-06	6.7769e-05
491	0.14359	0.85633	1.0817e-05	6.5705e-05
492	0.18697	0.81295	1.4186e-05	6.2564e-05
493	0.20643	0.79349	1.5722e-05	6.1247e-05
494	0.23838	0.76155	1.8216e-05	5.8965e-05
495	0.28956	0.71036	2.2187e-05	5.5199e-05
496	0.29004	0.70988	2.228e-05	5.5311e-05
497	0.2967	0.70322	2.2845e-05	5.4944e-05
498	0.29177	0.70815	2.2524e-05	5.5468e-05
499	0.29291	0.70701	2.2667e-05	5.552e-05
500	0.30036	0.69956	2.3295e-05	5.5079e-05
501	0.31405	0.68588	2.442e-05	5.4143e-05
502	0.33814	0.66178	2.6356e-05	5.2388e-05
503	0.37391	0.62601	2.9229e-05	4.9698e-05
504	0.43154	0.56838	3.3817e-05	4.5286e-05
505	0.51585	0.48407	4.0557e-05	3.8724e-05
506	0.63876	0.36116	5.0432e-05	2.9031e-05
507	0.81547	0.18445	6.4708e-05	1.4941e-05
508	0.83869	0.16123	6.6737e-05	1.3103e-05
509	0.84827	0.15165	6.766e-05	1.2361e-05
510	0.84814	0.15178	6.781e-05	1.2397e-05
511	0.81079	0.18913	6.4929e-05	1.5453e-05
512	0.78597	0.21395	6.3066e-05	1.7495e-05
513	0.77175	0.22817	6.2041e-05	1.869e-05
514	0.73564	0.26428	5.9244e-05	2.1662e-05
515	0.71148	0.28844	5.7419e-05	2.3665e-05
516	0.69794	0.30198	5.6436e-05	2.4817e-05
517	0.58817	0.41175	4.7551e-05	3.3862e-05
518	0.51916	0.48076	4.1949e-05	3.9614e-05
519	0.47613	0.52379	3.8451e-05	4.3253e-05
520	0.44701	0.55291	3.6108e-05	4.5741e-05
521	0.43018	0.56974	3.4761e-05	4.7225e-05
522	0.42041	0.57951	3.4001e-05	4.8123e-05
523	0.39033	0.60958	3.157e-05	5.0696e-05
524	0.37049	0.62943	2.9988e-05	5.2424e-05
525	0.35847	0.64145	2.9054e-05	5.3505e-05
526	0.32811	0.67181	2.659e-05	5.6108e-05
527	0.31014	0.68978	2.5134e-05	5.7696e-05
528	0.29938	0.70054	2.4278e-05	5.8685e-05
529	0.29412	0.7058	2.3882e-05	5.9218e-05
530	0.29367	0.70625	2.3888e-05	5.9351e-05
531	0.29935	0.70056	2.4393e-05	5.8977e-05
532	0.26832	0.7316	2.1864e-05	6.164e-05
533	0.24974	0.75017	2.0349e-05	6.328e-05
534	0.23807	0.76185	1.9411e-05	6.4346e-05
535	0.20946	0.79046	1.7049e-05	6.6827e-05
536	0.19018	0.80974	1.5469e-05	6.853e-05
537	0.17769	0.82223	1.4455e-05	6.9667e-05
538	0.17033	0.82958	1.387e-05	7.0378e-05
539	0.16713	0.83278	1.3633e-05	7.0743e-05
540	0.16781	0.83211	1.3722e-05	7.0784e-05
541	0.15846	0.84145	1.2982e-05	7.1656e-05
542	0.15459	0.84533	1.2688e-05	7.2074e-05
543	0.15538	0.84453	1.2779e-05	7.21e-05
544	0.12186	0.87806	9.9872e-06	7.5001e-05
545	0.099007	0.90091	8.0925e-06	7.7007e-05
546	0.083597	0.91632	6.8211e-06	7.8391e-05
547	0.073445	0.92647	5.9892e-06	7.9338e-05
548	0.067906	0.93201	5.5345e-06	7.99e-05
549	0.065806	0.93411	5.3625e-06	8.0172e-05
550	0.066097	0.93382	5.3923e-06	8.0244e-05
551	0.068819	0.9311	5.6282e-06	8.0112e-05
552	0.075152	0.92476	6.1631e-06	7.9674e-05
553	0.074293	0.92562	6.097e-06	7.9838e-05
554	0.075974	0.92394	6.247e-06	7.9787e-05
555	0.080433	0.91948	6.6347e-06	7.9501e-05
556	0.088301	0.91161	7.316e-06	7.8923e-05
557	0.088328	0.91159	7.3353e-06	7.9009e-05
558	0.091186	0.90873	7.5985e-06	7.8852e-05
559	0.086501	0.91341	7.224e-06	7.9336e-05
560	0.085478	0.91444	7.1547e-06	7.9506e-05
561	0.087913	0.912	7.3764e-06	7.9378e-05
562	0.083524	0.91639	7.0108e-06	7.983e-05
563	0.081924	0.91799	6.8855e-06	8.0044e-05
564	0.08368	0.91623	7.0434e-06	7.9967e-05
565	0.078363	0.92155	6.5983e-06	8.0494e-05
566	0.076663	0.92325	6.4581e-06	8.071e-05
567	0.077547	0.92237	6.5423e-06	8.0702e-05
568	0.081888	0.91802	6.9198e-06	8.0395e-05
569	0.090592	0.90932	7.6676e-06	7.9709e-05
570	0.1055	0.89441	8.941e-06	7.8491e-05
571	0.12977	0.87015	1.1005e-05	7.6474e-05
572	0.1649	0.83502	1.4008e-05	7.352e-05
573	0.22077	0.77914	1.8766e-05	6.8804e-05
574	0.24468	0.75523	2.0814e-05	6.68e-05
575	0.28364	0.71627	2.4136e-05	6.3514e-05
576	0.34011	0.65981	2.8976e-05	5.8713e-05
577	0.36608	0.63384	3.1217e-05	5.6513e-05
578	0.40503	0.59488	3.4597e-05	5.3179e-05
579	0.42005	0.57986	3.5916e-05	5.1908e-05
580	0.44643	0.55348	3.821e-05	4.9655e-05
581	0.48613	0.51379	4.1678e-05	4.623e-05
582	0.54402	0.45589	4.6757e-05	4.1198e-05
583	0.54588	0.45403	4.6942e-05	4.1065e-05
584	0.55496	0.44495	4.775e-05	4.0299e-05
585	0.57105	0.42886	4.9185e-05	3.8909e-05
586	0.59629	0.40362	5.144e-05	3.6705e-05
587	0.63402	0.36589	5.4817e-05	3.3382e-05
588	0.69485	0.30506	6.0219e-05	2.8024e-05
589	0.67993	0.31998	5.891e-05	2.9382e-05
590	0.67166	0.32825	5.8204e-05	3.0142e-05
591	0.66894	0.33097	5.8001e-05	3.0404e-05
592	0.67142	0.3285	5.8269e-05	3.0198e-05
593	0.68098	0.31893	5.9158e-05	2.9362e-05
594	0.69964	0.30027	6.0845e-05	2.7719e-05
595	0.68614	0.31377	5.9728e-05	2.8913e-05
596	0.67899	0.32093	5.9182e-05	2.9542e-05
597	0.67741	0.3225	5.9139e-05	2.9672e-05
598	0.6824	0.31751	5.9674e-05	2.9215e-05
599	0.69503	0.30488	6.0888e-05	2.807e-05
600	0.63116	0.36875	5.5272e-05	3.3744e-05
601	0.59148	0.40843	5.1772e-05	3.7293e-05
602	0.56758	0.43233	4.9659e-05	3.9446e-05
603	0.55249	0.44742	4.8342e-05	4.0807e-05
604	0.54577	0.45414	4.7759e-05	4.1425e-05
605	0.54601	0.45391	4.7785e-05	4.1424e-05
606	0.55191	0.448	4.8326e-05	4.0912e-05
607	0.56599	0.43392	4.9584e-05	3.9675e-05
608	0.58855	0.41136	5.1611e-05	3.7673e-05
609	0.62302	0.37689	5.4721e-05	3.4591e-05
610	0.61742	0.38249	5.4244e-05	3.5102e-05
611	0.61859	0.38133	5.4362e-05	3.5008e-05
612	0.60684	0.39307	5.3329e-05	3.6069e-05
613	0.60273	0.39718	5.2968e-05	3.6449e-05
614	0.60398	0.39593	5.3097e-05	3.6343e-05
615	0.61075	0.38916	5.3731e-05	3.5736e-05
616	0.60558	0.39433	5.33e-05	3.6199e-05
617	0.60599	0.39392	5.3378e-05	3.6157e-05
618	0.61334	0.38657	5.407e-05	3.5491e-05
619	0.58332	0.41659	5.1427e-05	3.8166e-05
620	0.56594	0.43397	4.9894e-05	3.972e-05
621	0.55752	0.44239	4.9149e-05	4.0477e-05
622	0.46431	0.5356	4.0843e-05	4.88e-05
623	0.40053	0.59938	3.5187e-05	5.4476e-05
624	0.36083	0.63908	3.1651e-05	5.8025e-05
625	0.33674	0.66317	2.9493e-05	6.0186e-05
626	0.32121	0.6787	2.811e-05	6.1575e-05
627	0.31217	0.68774	2.7313e-05	6.2382e-05
628	0.30976	0.69015	2.7096e-05	6.2599e-05
629	0.31231	0.6876	2.7329e-05	6.2371e-05
630	0.32153	0.67838	2.8147e-05	6.1548e-05
631	0.33941	0.66051	2.9723e-05	5.9959e-05
632	0.34303	0.65688	3.004e-05	5.9633e-05
633	0.3523	0.64761	3.0867e-05	5.88e-05
634	0.32621	0.6737	2.8555e-05	6.1108e-05
635	0.3112	0.68872	2.7215e-05	6.2437e-05
636	0.30404	0.69587	2.6567e-05	6.3065e-05
637	0.30321	0.6967	2.6473e-05	6.3131e-05
638	0.30717	0.69274	2.6811e-05	6.2768e-05
639	0.31664	0.68327	2.7646e-05	6.1911e-05
640	0.33478	0.66513	2.9239e-05	6.0288e-05
641	0.36238	0.63753	3.168e-05	5.7819e-05
642	0.40361	0.5963	3.5351e-05	5.4124e-05
643	0.40012	0.5998	3.5038e-05	5.4416e-05
644	0.38187	0.61805	3.3424e-05	5.6012e-05
645	0.37254	0.62737	3.259e-05	5.6819e-05
646	0.37017	0.62974	3.2366e-05	5.7009e-05
647	0.37286	0.62705	3.2599e-05	5.6744e-05
648	0.38256	0.61735	3.3445e-05	5.5858e-05
649	0.39917	0.60074	3.4914e-05	5.4351e-05
650	0.42784	0.57207	3.7442e-05	5.1778e-05
651	0.47019	0.52972	4.1199e-05	4.7979e-05
652	0.46724	0.53267	4.0925e-05	4.8213e-05
653	0.47106	0.52885	4.1244e-05	4.7847e-05
654	0.48071	0.5192	4.2091e-05	4.6956e-05
655	0.49777	0.50215	4.3608e-05	4.54e-05
656	0.52729	0.47262	4.6223e-05	4.2735e-05
657	0.57094	0.42897	5.0116e-05	3.8797e-05
658	0.64095	0.35896	5.6336e-05	3.2523e-05
659	0.74329	0.25662	6.5477e-05	2.3332e-05
660	0.89061	0.1093	7.8697e-05	1.0067e-05
661	0.90909	0.090819	8.0409e-05	8.3506e-06
662	0.9396	0.060315	8.3208e-05	5.5366e-06
663	0.98863	0.011285	8.7682e-05	1.0375e-06
664	0.99497	0.0049369	8.8248e-05	4.5194e-07
665	0.9981	0.0018135	8.8505e-05	1.6524e-07
666	0.99976	0.00015137	8.8616e-05	1.3777e-08
667	0.99965	0.00026518	8.8571e-05	2.359e-08
668	0.99961	0.00030475	8.8523e-05	2.7027e-08
669	0.99849	0.0014249	8.8385e-05	1.2557e-07
670	0.99641	0.0034996	8.8151e-05	3.0863e-07
671	0.99578	0.0041322	8.8034e-05	3.6472e-07
672	0.99645	0.0034608	8.8021e-05	3.0616e-07
673	0.99303	0.0068796	8.7653e-05	6.0857e-07
674	0.9916	0.0083075	8.745e-05	7.3549e-07
675	0.99164	0.0082669	8.7384e-05	7.3144e-07
676	0.99341	0.0065032	8.7459e-05	5.7639e-07
677	0.99347	0.0064428	8.7389e-05	5.7084e-07
678	0.9919	0.0080126	8.7183e-05	7.0817e-07
679	0.99201	0.0078993	8.7114e-05	6.9799e-07
680	0.99355	0.0063622	8.7176e-05	5.6158e-07
681	0.99708	0.0028281	8.7402e-05	2.5098e-07
682	0.99668	0.003236	8.7288e-05	2.8687e-07
683	0.99733	0.002578	8.7275e-05	2.2842e-07
684	0.99915	0.00076104	8.737e-05	6.7422e-08
685	0.99908	0.00083517	8.7305e-05	7.3368e-08
686	0.99986	4.8205e-05	8.7304e-05	4.2473e-09
687	0.9999	1.4664e-05	8.7244e-05	1.2866e-09
688	0.99984	7.1165e-05	8.7182e-05	6.1986e-09
689	0.9985	0.0014088	8.6996e-05	1.2308e-07
690	0.99813	0.0017879	8.69e-05	1.5573e-07
691	0.99702	0.0028955	8.6729e-05	2.5221e-07
692	0.99711	0.0028046	8.6651e-05	2.4477e-07
693	0.99824	0.0016717	8.667e-05	1.4616e-07
694	0.99875	0.0011599	8.6642e-05	1.0131e-07
695	0.99883	0.0010818	8.6582e-05	9.402e-08
696	0.99986	5.7957e-05	8.6592e-05	5.0536e-09
697	0.99991	2.5638e-06	8.6526e-05	2.2155e-10
698	0.99986	4.968e-05	8.6439e-05	4.3153e-09
699	0.99976	0.00015333	8.6354e-05	1.3259e-08
700	0.99911	0.00080333	8.6211e-05	6.9659e-08
701	0.99804	0.0018727	8.602e-05	1.6288e-07
702	0.99804	0.001873	8.5911e-05	1.6387e-07
703	0.99444	0.0054699	8.5494e-05	4.7817e-07
704	0.99254	0.0073744	8.5232e-05	6.4372e-07
705	0.99208	0.0078385	8.5101e-05	6.835e-07
706	0.99302	0.0068903	8.5099e-05	6.0046e-07
707	0.99548	0.0044366	8.5234e-05	3.8663e-07
708	0.99976	0.00015274	8.5534e-05	1.3484e-08
709	0.98154	0.018378	8.3892e-05	1.5883e-06
710	0.97054	0.029375	8.2862e-05	2.5405e-06
711	0.96373	0.036182	8.2206e-05	3.126e-06
712	0.94862	0.051291	8.0819e-05	4.4304e-06
713	0.93907	0.060845	7.9924e-05	5.2491e-06
714	0.93445	0.065464	7.9442e-05	5.6452e-06
715	0.92171	0.078204	7.8246e-05	6.7435e-06
716	0.89154	0.10838	7.5564e-05	9.3338e-06
717	0.87157	0.12834	7.3778e-05	1.1034e-05
718	0.82449	0.17543	6.9699e-05	1.5032e-05
719	0.79552	0.20439	6.715e-05	1.749e-05
720	0.77847	0.22144	6.5607e-05	1.8932e-05
721	0.76973	0.23019	6.4763e-05	1.9666e-05
722	0.76639	0.23352	6.4389e-05	1.9933e-05
723	0.76799	0.23192	6.4444e-05	1.9778e-05
724	0.77594	0.22398	6.502e-05	1.9091e-05
725	0.77347	0.22644	6.4726e-05	1.9279e-05
726	0.77573	0.22419	6.4839e-05	1.9064e-05
727	0.78301	0.21691	6.5385e-05	1.8422e-05
728	0.79806	0.20185	6.657e-05	1.7131e-05
729	0.82148	0.17844	6.8468e-05	1.513e-05
730	0.85635	0.14357	7.1345e-05	1.2156e-05
731	0.91251	0.08741	7.599e-05	7.4041e-06
732	0.99472	0.0051947	8.2853e-05	4.3996e-07
733	0.99493	0.0049849	8.2777e-05	4.1989e-07
734	0.99394	0.0059754	8.259e-05	5.0087e-07
735	0.99425	0.00567	8.2517e-05	4.7299e-07
736	0.99327	0.0066489	8.2327e-05	5.5251e-07
737	0.99383	0.0060895	8.2253e-05	5.0508e-07
738	0.99604	0.0038738	8.2304e-05	3.2158e-07
739	0.99434	0.0055745	8.2037e-05	4.6156e-07
740	0.99417	0.0057455	8.1886e-05	4.7554e-07
741	0.99264	0.0072828	8.1611e-05	6.0313e-07
742	0.98889	0.011023	8.1141e-05	9.1424e-07
743	0.98712	0.012796	8.0842e-05	1.0602e-06
744	0.98707	0.012851	8.0692e-05	1.0632e-06
745	0.98902	0.010894	8.0696e-05	9.0237e-07
746	0.989	0.010914	8.0543e-05	9.0312e-07
747	0.9906	0.0093176	8.053e-05	7.706e-07
748	0.99047	0.0094501	8.0382e-05	7.7921e-07
749	0.99186	0.0080558	8.0366e-05	6.622e-07
750	0.99531	0.0046048	8.0505e-05	3.7885e-07
751	0.99409	0.0058333	8.0268e-05	4.7721e-07
752	0.99435	0.0055703	8.0141e-05	4.5512e-07
753	0.99591	0.0040137	8.0125e-05	3.277e-07
754	0.999	0.00091548	8.024e-05	7.4915e-08
755	0.99798	0.001937	8.0007e-05	1.577e-07
756	0.99791	0.0020128	7.9858e-05	1.6366e-07
757	0.99216	0.0077625	7.9258e-05	6.2544e-07
758	0.98873	0.011194	7.8853e-05	8.9832e-07
759	0.98749	0.012429	7.8612e-05	9.9603e-07
760	0.98819	0.01173	7.8515e-05	9.4008e-07
761	0.9906	0.0093233	7.8559e-05	7.475e-07
762	0.99509	0.0048286	7.8776e-05	3.8811e-07
763	0.99446	0.0054572	7.859e-05	4.3708e-07
764	0.99527	0.0046493	7.8508e-05	3.7263e-07
765	0.99741	0.0025093	7.8536e-05	2.0218e-07
766	0.99827	0.0016469	7.8469e-05	1.334e-07
767	0.99234	0.0075818	7.7864e-05	6.066e-07
768	0.84512	0.1548	6.6068e-05	1.2278e-05
769	0.75215	0.24777	5.8566e-05	1.9644e-05
770	0.68783	0.3121	5.3386e-05	2.4692e-05
771	0.6479	0.35202	5.0127e-05	2.7811e-05
772	0.62386	0.37606	4.8117e-05	2.9671e-05
773	0.60865	0.39127	4.682e-05	3.0822e-05
774	0.60045	0.39947	4.6085e-05	3.1414e-05
775	0.59931	0.40061	4.589e-05	3.1458e-05
776	0.60354	0.39639	4.6118e-05	3.1081e-05
777	0.61369	0.38623	4.6809e-05	3.0245e-05
778	0.52472	0.4752	3.9863e-05	3.7051e-05
779	0.46887	0.53105	3.5468e-05	4.1296e-05
780	0.43061	0.56932	3.2461e-05	4.4156e-05
781	0.4076	0.59232	3.0621e-05	4.5841e-05
782	0.39303	0.60689	2.9443e-05	4.6866e-05
783	0.38651	0.61342	2.8872e-05	4.7275e-05
784	0.38528	0.61464	2.8712e-05	4.7276e-05
785	0.39063	0.6093	2.904e-05	4.6782e-05
786	0.40211	0.59781	2.9834e-05	4.5824e-05
787	0.40118	0.59875	2.9698e-05	4.5798e-05
788	0.40692	0.593	3.0054e-05	4.5272e-05
789	0.41871	0.58122	3.0867e-05	4.4292e-05
790	0.44052	0.55941	3.2413e-05	4.257e-05
791	0.47339	0.52654	3.4785e-05	4.0025e-05
792	0.48507	0.51485	3.5577e-05	3.9063e-05
793	0.50445	0.49548	3.6948e-05	3.7524e-05
794	0.53408	0.46585	3.909e-05	3.5218e-05
795	0.57846	0.42147	4.2341e-05	3.1806e-05
796	0.6496	0.35033	4.7555e-05	2.6422e-05
797	0.68004	0.31989	4.9727e-05	2.4083e-05
798	0.69067	0.30926	5.0422e-05	2.3225e-05
799	0.70857	0.29136	5.1665e-05	2.1823e-05
800	0.73918	0.26075	5.3835e-05	1.9485e-05
801	0.78892	0.211	5.7396e-05	1.5746e-05
802	0.8099	0.19003	5.8821e-05	1.4146e-05
803	0.84477	0.15516	6.1249e-05	1.1535e-05
804	0.89573	0.1042	6.4869e-05	7.7353e-06
805	0.96952	0.030404	7.0183e-05	2.2472e-06
806	0.98027	0.019659	7.0795e-05	1.4495e-06
807	0.98517	0.014755	7.0963e-05	1.0864e-06
808	0.98696	0.012969	7.0889e-05	9.5371e-07
809	0.99122	0.0087116	7.0982e-05	6.4449e-07
810	0.99272	0.0072106	7.088e-05	5.3517e-07
811	0.94435	0.05558	6.7147e-05	4.0621e-06
812	0.91425	0.085677	6.4744e-05	6.2489e-06
813	0.89426	0.10567	6.31e-05	7.6823e-06
814	0.84839	0.15154	5.9613e-05	1.0962e-05
815	0.81711	0.18282	5.7206e-05	1.3168e-05
816	0.79629	0.20364	5.5565e-05	1.461e-05
817	0.78338	0.21655	5.4502e-05	1.548e-05
818	0.7777	0.22223	5.3941e-05	1.5838e-05
819	0.77703	0.2229	5.374e-05	1.5839e-05
820	0.78234	0.21759	5.3946e-05	1.5425e-05
821	0.79318	0.20675	5.4543e-05	1.4623e-05
822	0.81123	0.1887	5.5647e-05	1.3319e-05
823	0.81659	0.18335	5.5868e-05	1.2902e-05
824	0.8288	0.17114	5.6549e-05	1.2014e-05
825	0.84851	0.15142	5.7756e-05	1.0605e-05
826	0.85615	0.14378	5.8107e-05	1.0043e-05
827	0.87108	0.12885	5.894e-05	8.988e-06
828	0.89427	0.10566	6.0345e-05	7.3669e-06
829	0.89139	0.10854	5.9962e-05	7.5373e-06
830	0.89232	0.10761	5.9846e-05	7.4449e-06
831	0.8972	0.10273	6.0005e-05	7.082e-06
832	0.90671	0.093227	6.0486e-05	6.4021e-06
833	0.92369	0.076248	6.1459e-05	5.2201e-06
834	0.94944	0.050489	6.3034e-05	3.4409e-06
835	0.99099	0.0089407	6.5653e-05	6.081e-07
836	0.99187	0.008063	6.5506e-05	5.4452e-07
837	0.99465	0.005287	6.5475e-05	3.5536e-07
838	0.99577	0.0041646	6.5321e-05	2.7883e-07
839	0.9958	0.004133	6.5084e-05	2.7574e-07
840	0.99699	0.0029468	6.4927e-05	1.964e-07
841	0.9948	0.0051358	6.4553e-05	3.3871e-07
842	0.98981	0.010128	6.4004e-05	6.6125e-07
843	0.98705	0.012883	6.3607e-05	8.3575e-07
844	0.98643	0.013505	6.3338e-05	8.7263e-07
845	0.98781	0.012127	6.3186e-05	7.8163e-07
846	0.99105	0.0088887	6.3159e-05	5.7138e-07
847	0.99195	0.0079857	6.2986e-05	5.1089e-07
848	0.99475	0.0051824	6.2922e-05	3.3084e-07
849	0.99961	0.0003257	6.2994e-05	2.0859e-08
850	0.99972	0.00022037	6.2766e-05	1.4064e-08
851	0.99917	0.00076266	6.2503e-05	4.8175e-08
852	0.99938	0.00055614	6.2292e-05	3.5031e-08
853	0.99949	0.0004441	6.2064e-05	2.8173e-08
854	0.99842	0.0015174	6.1765e-05	9.5866e-08
855	0.98912	0.010821	6.0957e-05	6.7815e-07
856	0.96827	0.031665	5.9443e-05	1.9707e-06
857	0.95568	0.044254	5.8436e-05	2.7462e-06
858	0.94789	0.05205	5.7737e-05	3.2173e-06
859	0.94442	0.055524	5.7296e-05	3.4215e-06
860	0.94397	0.05597	5.7047e-05	3.4375e-06
861	0.94649	0.053449	5.6984e-05	3.2717e-06
862	0.93222	0.067723	5.589e-05	4.1262e-06
863	0.92326	0.076678	5.5132e-05	4.6496e-06
864	0.91932	0.080624	5.4667e-05	4.8701e-06
865	0.90639	0.093547	5.3674e-05	5.6224e-06
866	0.89866	0.10128	5.3002e-05	6.0575e-06
867	0.89508	0.10486	5.2585e-05	6.2409e-06
868	0.89519	0.10475	5.2393e-05	6.2035e-06
869	0.89996	0.099985	5.2463e-05	5.894e-06
870	0.91038	0.089566	5.285e-05	5.2579e-06
871	0.92865	0.071292	5.3676e-05	4.1731e-06
872	0.95587	0.044074	5.502e-05	2.5735e-06
873	0.99613	0.003814	5.7119e-05	2.2335e-07
874	0.99743	0.0025088	5.695e-05	1.4635e-07
875	0.99589	0.0040514	5.6605e-05	2.3433e-07
876	0.99554	0.0044004	5.6333e-05	2.5308e-07
877	0.99383	0.0061159	5.5988e-05	3.4878e-07
878	0.99346	0.0064849	5.5725e-05	3.6727e-07
879	0.99463	0.0053145	5.5537e-05	2.9973e-07
880	0.9946	0.005342	5.5271e-05	3.0024e-07
881	0.99582	0.0041275	5.5079e-05	2.3126e-07
882	0.99843	0.0015103	5.4968e-05	8.4642e-08
883	0.99973	0.00021956	5.4787e-05	1.2577e-08
884	0.99177	0.0081767	5.409e-05	4.5945e-07
885	0.98682	0.013124	5.357e-05	7.3359e-07
886	0.97533	0.024612	5.2696e-05	1.3656e-06
887	0.96801	0.03194	5.2062e-05	1.7619e-06
888	0.96387	0.036077	5.1609e-05	1.9797e-06
889	0.92565	0.074293	4.9326e-05	4.0316e-06
890	0.89961	0.10034	4.7723e-05	5.4065e-06
891	0.88229	0.11765	4.6604e-05	6.3007e-06
892	0.84524	0.1547	4.4436e-05	8.2349e-06
893	0.76852	0.23143	4.0171e-05	1.2256e-05
894	0.71626	0.28369	3.7246e-05	1.494e-05
895	0.68404	0.31591	3.5379e-05	1.6557e-05
896	0.66306	0.33688	3.4121e-05	1.7568e-05
897	0.6519	0.34805	3.3371e-05	1.8062e-05
898	0.64816	0.35178	3.2998e-05	1.817e-05
899	0.64969	0.35026	3.2902e-05	1.8003e-05
900	0.65688	0.34307	3.3098e-05	1.7547e-05
901	0.67075	0.3292	3.3634e-05	1.6753e-05
902	0.69555	0.3044	3.4701e-05	1.5419e-05
903	0.73649	0.26346	3.6547e-05	1.3297e-05
904	0.75312	0.24683	3.7173e-05	1.2398e-05
905	0.77882	0.22113	3.8248e-05	1.1053e-05
906	0.82103	0.17893	4.0107e-05	8.9138e-06
907	0.83891	0.16104	4.076e-05	7.9843e-06
908	0.86895	0.131	4.1983e-05	6.4754e-06
909	0.91302	0.086929	4.3879e-05	4.2955e-06
910	0.91666	0.083293	4.3801e-05	4.0938e-06
911	0.92423	0.07572	4.3915e-05	3.7024e-06
912	0.93675	0.063207	4.4268e-05	3.075e-06
913	0.9317	0.068248	4.378e-05	3.2922e-06
914	0.93009	0.069858	4.3461e-05	3.3436e-06
915	0.93234	0.067618	4.3313e-05	3.2141e-06
916	0.9389	0.061049	4.3357e-05	2.8842e-06
917	0.95007	0.049886	4.3616e-05	2.3414e-06
918	0.96897	0.030984	4.4216e-05	1.4482e-06
919	0.96173	0.038227	4.3606e-05	1.7673e-06
920	0.95776	0.042199	4.3154e-05	1.9328e-06
921	0.9571	0.042852	4.2842e-05	1.9476e-06
922	0.95114	0.04882	4.2298e-05	2.1978e-06
923	0.94901	0.050942	4.1916e-05	2.2753e-06
924	0.95027	0.049681	4.1675e-05	2.203e-06
925	0.94686	0.053097	4.1218e-05	2.3372e-06
926	0.94634	0.053617	4.0893e-05	2.3422e-06
927	0.94065	0.059308	4.0335e-05	2.5706e-06
928	0.93895	0.061007	3.9941e-05	2.6252e-06
929	0.9402	0.059755	3.9678e-05	2.5521e-06
930	0.94457	0.055387	3.9549e-05	2.3473e-06
931	0.95367	0.04629	3.9604e-05	1.9491e-06
932	0.96789	0.032066	3.9871e-05	1.3423e-06
933	0.98939	0.010566	4.0434e-05	4.4156e-07
934	0.98806	0.011903	4.0049e-05	4.9203e-07
935	0.98358	0.016378	3.9542e-05	6.6789e-07
936	0.97392	0.026038	3.882e-05	1.0493e-06
937	0.96865	0.031306	3.8268e-05	1.2505e-06
938	0.96612	0.033836	3.7831e-05	1.3392e-06
939	0.95853	0.04143	3.7188e-05	1.6247e-06
940	0.95501	0.044949	3.6698e-05	1.7477e-06
941	0.95424	0.045721	3.632e-05	1.7618e-06
942	0.95619	0.04377	3.6049e-05	1.671e-06
943	0.95361	0.046356	3.561e-05	1.7511e-06
944	0.9543	0.045661	3.5285e-05	1.708e-06
945	0.95843	0.041537	3.5075e-05	1.5399e-06
