#coord	neutral	conserved	gBGC.neutral	gBGC.conserved
1	0.72248	0.16524	0.091334	0.020945
2	0.73038	0.15767	0.092027	0.019914
3	0.74393	0.14446	0.093436	0.018172
4	0.767	0.12173	0.096022	0.015251
5	0.80445	0.084614	0.10037	0.010563
6	0.86413	0.025276	0.10743	0.0031624
7	0.87185	0.017892	0.10802	0.0022348
8	0.8837	0.0063777	0.10913	0.00079649
9	0.88927	0.0011275	0.10946	0.00014101
10	0.89023	0.00049018	0.10921	6.1207e-05
11	0.89013	0.000909	0.10885	0.00011224
12	0.89073	0.00062272	0.10857	7.6398e-05
13	0.89119	0.00048136	0.10827	5.8938e-05
14	0.89152	0.0004639	0.10796	5.6523e-05
15	0.89173	0.00055573	0.10765	6.7174e-05
16	0.89178	0.00081107	0.10731	9.7766e-05
17	0.89158	0.0013279	0.10693	0.00016001
18	0.89072	0.0025039	0.10647	0.00030197
19	0.88826	0.005275	0.10583	0.00063382
20	0.88281	0.011042	0.10482	0.0013246
21	0.87974	0.014422	0.10411	0.0017237
22	0.87889	0.015584	0.10367	0.0018585
23	0.87967	0.015109	0.10342	0.0017974
24	0.88221	0.012882	0.10338	0.0015288
25	0.8868	0.008585	0.1036	0.0010164
26	0.89398	0.0016968	0.10412	0.00019969
27	0.89523	0.00075208	0.10393	8.81e-05
28	0.89511	0.0011739	0.10358	0.00013683
29	0.89573	0.00084508	0.10333	9.8047e-05
30	0.89613	0.00074303	0.10304	8.6123e-05
31	0.89636	0.00081334	0.10273	9.4579e-05
32	0.89631	0.0011676	0.10239	0.00013569
33	0.89574	0.0020317	0.102	0.0002352
34	0.89403	0.0040229	0.10148	0.00046298
35	0.89373	0.0046233	0.10112	0.00053163
36	0.89451	0.004122	0.10089	0.00047404
37	0.89108	0.0078451	0.10017	0.00090008
38	0.88938	0.0098284	0.099665	0.0011243
39	0.88919	0.010297	0.099333	0.0011751
40	0.88675	0.013014	0.098754	0.0014778
41	0.88602	0.014021	0.098373	0.0015859
42	0.8869	0.013408	0.09818	0.0015113
43	0.88948	0.011088	0.098182	0.0012454
44	0.8901	0.010742	0.097958	0.0012022
45	0.88867	0.012434	0.097515	0.0013837
46	0.88883	0.012533	0.097253	0.0013876
47	0.89086	0.010762	0.097192	0.0011873
48	0.89513	0.0067497	0.097371	0.00074424
49	0.89695	0.0051905	0.097285	0.00057077
50	0.89425	0.0081456	0.096712	0.0008883
51	0.89341	0.0092443	0.096338	0.0010045
52	0.8901	0.012808	0.095704	0.0013841
53	0.88185	0.021314	0.094551	0.0022873
54	0.87745	0.025967	0.093809	0.002777
55	0.87592	0.027748	0.093371	0.0029595
56	0.8769	0.02703	0.093196	0.0028766
57	0.88001	0.024169	0.093253	0.0025651
58	0.88018	0.024256	0.093003	0.0025652
59	0.88276	0.021922	0.093004	0.0023115
60	0.88827	0.016669	0.093305	0.0017546
61	0.89008	0.015108	0.093222	0.0015855
62	0.89387	0.01157	0.093352	0.0012086
63	0.90071	0.0049801	0.093793	0.00051714
64	0.90118	0.0047624	0.093564	0.00049289
65	0.90302	0.0031758	0.093473	0.00032795
66	0.89647	0.0099853	0.092522	0.0010277
67	0.89299	0.013717	0.091886	0.0014088
68	0.89143	0.015523	0.091455	0.0015886
69	0.83153	0.07568	0.085059	0.0077311
70	0.79407	0.11339	0.080972	0.011562
71	0.77111	0.13661	0.078374	0.013901
72	0.75775	0.15024	0.076761	0.015253
73	0.72529	0.18295	0.073229	0.018527
74	0.65728	0.25122	0.066096	0.025399
75	0.61042	0.29834	0.061168	0.03007
76	0.57893	0.33009	0.05783	0.033155
77	0.56032	0.34895	0.055788	0.034942
78	0.54898	0.36054	0.054491	0.035986
79	0.54472	0.36505	0.053898	0.036325
80	0.54554	0.36449	0.053816	0.036155
81	0.55152	0.35876	0.054253	0.035471
82	0.54675	0.36378	0.053636	0.035842
83	0.54818	0.36258	0.053625	0.035607
84	0.55485	0.35616	0.054133	0.034855
85	0.56926	0.342	0.055388	0.033354
86	0.59444	0.31706	0.057679	0.030815
87	0.63569	0.27607	0.0615	0.026744
88	0.65258	0.25942	0.062954	0.025042
89	0.68125	0.231	0.065526	0.022221
90	0.72771	0.1848	0.069774	0.017722
91	0.80175	0.11101	0.076606	0.010636
92	0.80966	0.10335	0.077119	0.0098713
93	0.82419	0.089073	0.078249	0.0084885
94	0.84637	0.067142	0.080106	0.006382
95	0.85567	0.058088	0.08074	0.0055019
96	0.87165	0.042359	0.081993	0.0040009
97	0.89557	0.018683	0.083996	0.0017532
98	0.90735	0.0071371	0.084853	0.0006559
99	0.91325	0.0015096	0.085101	0.0001376
100	0.91286	0.0021773	0.084765	0.0001992
101	0.91348	0.0018354	0.084519	0.00016771
102	0.91518	0.00040995	0.08437	3.7582e-05
103	0.91458	0.0012921	0.084013	0.00011881
104	0.91488	0.0012706	0.083736	0.00011697
105	0.91597	0.00045461	0.083536	4.2244e-05
106	0.9101	0.0066023	0.082687	0.00061363
107	0.89661	0.020359	0.081145	0.0018813
108	0.88795	0.029298	0.080062	0.0026943
109	0.82474	0.092765	0.074035	0.0084557
110	0.78118	0.13659	0.069846	0.012382
111	0.75187	0.16616	0.06698	0.014989
112	0.73443	0.18386	0.065185	0.016524
113	0.72367	0.19488	0.064004	0.017446
114	0.7183	0.20051	0.063316	0.017881
115	0.71752	0.20153	0.063043	0.017903
116	0.72221	0.1971	0.063248	0.017446
117	0.73333	0.18623	0.064008	0.01643
118	0.75115	0.16867	0.065358	0.014828
119	0.78087	0.1392	0.067729	0.012202
120	0.82879	0.09154	0.07165	0.0080237
121	0.85008	0.070501	0.073252	0.0061693
122	0.85892	0.06191	0.07377	0.0054011
123	0.87297	0.048104	0.074743	0.0041819
124	0.89609	0.025229	0.076484	0.0021926
125	0.90611	0.015453	0.077091	0.0013404
126	0.92126	0.00054525	0.078143	4.7521e-05
127	0.9214	0.00064965	0.077898	5.5974e-05
128	0.91976	0.0025235	0.077498	0.00021551
129	0.91628	0.0062478	0.076939	0.00053258
130	0.90884	0.013933	0.076039	0.0011866
131	0.90431	0.018703	0.075397	0.0015874
132	0.90212	0.021129	0.074959	0.001787
133	0.90193	0.021553	0.074695	0.0018168
134	0.90405	0.019671	0.07462	0.0016557
135	0.90834	0.015622	0.074727	0.0013147
136	0.90955	0.014641	0.074583	0.001229
137	0.90864	0.015775	0.07426	0.0013202
138	0.90942	0.015232	0.074079	0.0012716
139	0.90756	0.017316	0.073687	0.0014386
140	0.90749	0.017603	0.073447	0.0014567
141	0.90919	0.01613	0.073355	0.00133
142	0.91283	0.012699	0.073426	0.0010435
143	0.91375	0.011996	0.07327	0.00098206
144	0.91636	0.0096033	0.073254	0.00078353
145	0.91704	0.0091298	0.073086	0.00074069
146	0.91951	0.0068748	0.073057	0.00055596
147	0.92385	0.002749	0.073182	0.00022116
148	0.9241	0.0027071	0.072974	0.00021646
149	0.92345	0.0035648	0.072699	0.00028255
150	0.92155	0.0056834	0.072322	0.00044778
151	0.92119	0.0062512	0.072065	0.0004911
152	0.92208	0.0055771	0.071908	0.00043646
153	0.92454	0.0033291	0.071871	0.00026023
154	0.92558	0.0024991	0.071727	0.00019467
155	0.92593	0.0023572	0.071525	0.00018329
156	0.92724	0.0012641	0.071401	9.8134e-05
157	0.9279	0.00080811	0.071231	6.2428e-05
158	0.92833	0.00058574	0.071039	4.5224e-05
159	0.91335	0.01577	0.069672	0.001207
160	0.87791	0.051414	0.06674	0.0039308
161	0.85407	0.075462	0.064721	0.0057456
162	0.79723	0.1325	0.060235	0.01003
163	0.75867	0.17126	0.057165	0.012902
164	0.73515	0.19499	0.055228	0.014639
165	0.72166	0.20868	0.054045	0.015619
166	0.69011	0.24043	0.051511	0.017947
167	0.66914	0.26161	0.04979	0.019466
168	0.65764	0.27331	0.048776	0.020276
169	0.65182	0.27933	0.048194	0.020655
170	0.65211	0.27925	0.04806	0.020586
171	0.64223	0.28933	0.047173	0.021267
172	0.6378	0.29397	0.046697	0.021539
173	0.63944	0.29253	0.046661	0.021369
174	0.64746	0.28471	0.047084	0.020738
175	0.6617	0.27069	0.047958	0.019659
176	0.68655	0.24604	0.049584	0.017825
177	0.69535	0.23745	0.050041	0.017159
178	0.6942	0.23881	0.049786	0.017206
179	0.69762	0.23559	0.049865	0.016922
180	0.70623	0.22718	0.050321	0.016266
181	0.72285	0.21077	0.051335	0.015047
182	0.75096	0.18287	0.053147	0.013029
183	0.76203	0.17199	0.053754	0.012219
184	0.78181	0.15242	0.054961	0.010807
185	0.81136	0.12307	0.056854	0.0087108
186	0.82344	0.11119	0.057517	0.0078477
187	0.79131	0.14352	0.055072	0.010091
188	0.77004	0.165	0.05341	0.011553
189	0.758	0.17724	0.052394	0.012369
190	0.75155	0.18388	0.051777	0.012787
191	0.7507	0.18494	0.051543	0.01282
192	0.75424	0.18159	0.051619	0.012546
193	0.76267	0.17336	0.052035	0.011935
194	0.77871	0.15752	0.052962	0.010811
195	0.80573	0.13069	0.054623	0.0089501
196	0.81749	0.11914	0.055231	0.0081403
197	0.83607	0.10075	0.056303	0.0068698
198	0.8641	0.072923	0.058013	0.0049632
199	0.87622	0.061001	0.058645	0.0041388
200	0.89656	0.040855	0.059819	0.0027695
201	0.9264	0.011208	0.061632	0.00076453
202	0.926	0.011789	0.061406	0.00080056
203	0.92713	0.010847	0.061287	0.00073408
204	0.92995	0.0082117	0.061283	0.00055415
205	0.93477	0.0035705	0.061417	0.00024047
206	0.93479	0.0037304	0.061231	0.000249
207	0.93604	0.0026559	0.061124	0.00017663
208	0.93851	0.00036959	0.061099	2.4471e-05
209	0.93896	9.2297e-05	0.060938	6.1776e-06
210	0.93635	0.0028853	0.060578	0.00019053
211	0.93068	0.0087289	0.060022	0.00057328
212	0.92739	0.012187	0.059628	0.00079719
213	0.92599	0.013748	0.059362	0.0008961
214	0.92628	0.013631	0.059208	0.00088563
215	0.92856	0.011509	0.05918	0.00074734
216	0.93288	0.0073567	0.059285	0.00047882
217	0.93151	0.0088868	0.059027	0.00057549
218	0.93182	0.0087409	0.058874	0.00056535
219	0.93354	0.0071767	0.058815	0.00046454
220	0.93358	0.0072965	0.05865	0.00047115
221	0.93493	0.006106	0.058573	0.00039425
222	0.93491	0.0062771	0.058405	0.00040494
223	0.92717	0.014175	0.057749	0.00090605
224	0.92298	0.018526	0.057317	0.0011814
225	0.92105	0.02061	0.057033	0.0013113
226	0.91482	0.026992	0.056475	0.0017132
227	0.91198	0.029987	0.056128	0.0019011
228	0.91189	0.030239	0.055951	0.0019177
229	0.89542	0.046872	0.054731	0.0029737
230	0.85731	0.085141	0.052154	0.0053896
231	0.8317	0.11091	0.050388	0.0069972
232	0.81651	0.12627	0.049278	0.0079475
233	0.80721	0.13572	0.048546	0.0085215
234	0.80269	0.14039	0.048118	0.008794
235	0.80219	0.14105	0.047942	0.0088175
236	0.80661	0.13679	0.048061	0.0085435
237	0.81558	0.12796	0.048458	0.0079938
238	0.80384	0.13986	0.047586	0.0087116
239	0.79727	0.14658	0.047039	0.0091062
240	0.79599	0.14802	0.04681	0.0091802
241	0.79967	0.1445	0.046876	0.0089577
242	0.80783	0.13649	0.047211	0.0084684
243	0.82173	0.12274	0.047889	0.0076392
244	0.72053	0.22409	0.041511	0.013863
245	0.65697	0.28782	0.037462	0.017756
246	0.61327	0.33167	0.034667	0.020397
247	0.58666	0.35843	0.032919	0.021989
248	0.56941	0.37584	0.031754	0.023001
249	0.52688	0.41852	0.029077	0.025527
250	0.50105	0.4445	0.02741	0.02704
251	0.48437	0.46133	0.026306	0.027993
252	0.47485	0.471	0.025634	0.028515
253	0.4723	0.4737	0.025365	0.028633
254	0.47483	0.47132	0.025389	0.02846
255	0.48274	0.46355	0.025716	0.027986
256	0.49735	0.4491	0.026412	0.027145
257	0.52035	0.42623	0.027566	0.025847
258	0.55481	0.39192	0.02934	0.023931
259	0.56808	0.37879	0.029955	0.023176
260	0.58963	0.35738	0.031024	0.021971
261	0.62553	0.32161	0.032855	0.02
262	0.67804	0.26925	0.035578	0.01714
263	0.75408	0.19334	0.039566	0.013017
264	0.87462	0.072935	0.045897	0.0065488
265	0.87757	0.070727	0.045528	0.0061707
266	0.86022	0.088819	0.043957	0.0070026
267	0.84941	0.10036	0.042768	0.0074587
268	0.82204	0.12846	0.04075	0.0087502
269	0.80421	0.14701	0.039264	0.0095165
270	0.79333	0.1586	0.038161	0.0099066
271	0.76489	0.18775	0.036228	0.011133
272	0.69842	0.25492	0.032562	0.014098
273	0.65708	0.29697	0.030144	0.015812
274	0.6296	0.32515	0.02843	0.016828
275	0.61388	0.34157	0.02728	0.017277
276	0.6065	0.34965	0.026521	0.01733
277	0.60448	0.35236	0.026021	0.017131
278	0.59104	0.36651	0.025016	0.017434
279	0.58415	0.37409	0.024317	0.017436
280	0.50847	0.45048	0.020766	0.020288
281	0.45623	0.50342	0.018288	0.02207
282	0.42051	0.53982	0.016553	0.023116
283	0.3966	0.56442	0.015335	0.023648
284	0.38321	0.5785	0.014551	0.023745
285	0.37621	0.58618	0.014032	0.023581
286	0.37575	0.58732	0.013766	0.023161
287	0.38171	0.58205	0.013737	0.022503
288	0.3953	0.56915	0.013977	0.021571
289	0.41939	0.54576	0.014575	0.02028
290	0.45569	0.51014	0.015582	0.018585
291	0.50867	0.45785	0.01713	0.016354
292	0.5107	0.4565	0.01684	0.015956
293	0.51975	0.44814	0.016778	0.01533
294	0.53558	0.433	0.016929	0.014494
295	0.53775	0.43151	0.016626	0.014118
296	0.54539	0.42455	0.016494	0.013574
297	0.5597	0.4109	0.016563	0.012836
298	0.58496	0.38631	0.016936	0.01179
299	0.62301	0.34893	0.017658	0.010401
300	0.67853	0.29408	0.018839	0.0085582
301	0.70255	0.27071	0.019059	0.0076817
302	0.74205	0.23187	0.019665	0.0064153
303	0.79952	0.17506	0.020708	0.0047173
304	0.82707	0.14817	0.020879	0.003888
305	0.86744	0.10844	0.021347	0.0027676
306	0.93174	0.044798	0.022342	0.0011152
307	0.94037	0.036824	0.021917	0.00089037
308	0.95374	0.024095	0.021598	0.00056482
309	0.9754	0.0030818	0.021444	7.0235e-05
310	0.97892	0.00020682	0.020867	4.4777e-06
311	0.97955	0.0002194	0.020231	4.3232e-06
312	0.98027	0.00013663	0.019593	2.1426e-06
313	0.96024	0.020795	0.018651	0.0003086
314	0.94831	0.033368	0.01785	0.00047119
315	0.94089	0.041417	0.017136	0.00055272
316	0.93694	0.045998	0.016486	0.00057541
317	0.93647	0.047096	0.015886	0.00054439
318	0.93872	0.045474	0.015331	0.00047323
319	0.92386	0.060381	0.015035	0.00071985
320	0.91442	0.069878	0.014829	0.00087744
321	0.90998	0.074364	0.0147	0.00095598
322	0.75217	0.23222	0.012113	0.0034928
323	0.65263	0.33181	0.010471	0.0050835
324	0.58456	0.39994	0.0093491	0.0061547
325	0.54221	0.44234	0.0086404	0.0068112
326	0.51657	0.46803	0.0081992	0.0071987
327	0.50213	0.48252	0.0079364	0.0074062
328	0.49431	0.4904	0.007781	0.0075069
329	0.46876	0.51601	0.0073509	0.0078827
330	0.45261	0.53221	0.0070724	0.0081076
331	0.41441	0.57047	0.0064572	0.0086695
332	0.39139	0.59354	0.006078	0.008994
333	0.37863	0.60636	0.0058573	0.0091586
334	0.37196	0.61308	0.0057329	0.0092274
335	0.37188	0.61322	0.0057078	0.0091954
336	0.37832	0.60684	0.0057799	0.0090648
337	0.39103	0.59418	0.0059468	0.0088398
338	0.41401	0.57126	0.0062636	0.0084635
339	0.45208	0.53326	0.0067987	0.0078676
340	0.50832	0.47707	0.0076003	0.0070056
341	0.59785	0.38761	0.0088793	0.0056647
342	0.72838	0.25714	0.010754	0.0037289
343	0.7917	0.19388	0.011627	0.0027925
344	0.81885	0.16679	0.011971	0.0023861
345	0.83063	0.15507	0.012092	0.0022045
346	0.83335	0.15242	0.012078	0.0021552
347	0.84071	0.14512	0.012132	0.0020388
348	0.85378	0.13211	0.012268	0.0018409
349	0.87437	0.11158	0.012513	0.0015354
350	0.87121	0.11481	0.012416	0.0015697
351	0.87191	0.11417	0.012375	0.0015492
352	0.87657	0.10957	0.01239	0.001473
353	0.88585	0.10035	0.012471	0.0013317
354	0.90253	0.083728	0.012653	0.0010879
355	0.89854	0.087785	0.012549	0.0011299
356	0.89802	0.088365	0.012494	0.0011249
357	0.9009	0.085545	0.012486	0.0010735
358	0.89808	0.088422	0.012403	0.0010967
359	0.89877	0.087792	0.012369	0.0010734
360	0.90305	0.083566	0.012383	0.0010016
361	0.91251	0.074163	0.012465	0.00086042
362	0.9275	0.059233	0.012623	0.00064359
363	0.94999	0.036798	0.012885	0.00032369
364	0.96015	0.026348	0.013258	0.00024173
365	0.96392	0.022291	0.013573	0.00021531
366	0.97142	0.014503	0.013929	0.00014612
367	0.97464	0.010998	0.014242	0.00011665
368	0.98038	0.0049763	0.01459	5.5074e-05
369	0.98306	0.0020096	0.014906	2.3561e-05
370	0.98257	0.0022135	0.015183	2.9316e-05
371	0.98127	0.0032281	0.01545	4.7194e-05
372	0.97874	0.0054826	0.015694	8.5833e-05
373	0.97759	0.006348	0.015962	0.00010282
374	0.97794	0.0057145	0.016251	9.5564e-05
375	0.97964	0.0037295	0.016566	6.5141e-05
376	0.9799	0.0031819	0.016861	5.7994e-05
377	0.9813	0.0014884	0.017178	3.0291e-05
378	0.98181	0.00068765	0.017482	1.775e-05
379	0.9809	0.0012979	0.017768	3.6634e-05
380	0.97942	0.0024725	0.018037	7.457e-05
381	0.97668	0.0051811	0.018015	0.00012221
382	0.97565	0.0061867	0.018023	0.00013763
383	0.97611	0.0057038	0.018058	0.00012396
384	0.9779	0.0038988	0.018121	8.3536e-05
385	0.98161	0.00016773	0.018221	3.6002e-06
386	0.98115	0.00060034	0.018235	1.1564e-05
387	0.9814	0.00033339	0.018263	6.3921e-06
388	0.97874	0.0029625	0.018237	5.5638e-05
389	0.97743	0.0042578	0.018237	7.9884e-05
390	0.97727	0.0043906	0.01826	8.2306e-05
391	0.97602	0.0056168	0.018261	0.00010533
392	0.97604	0.0055694	0.018286	0.00010438
393	0.97755	0.0040325	0.018338	7.5584e-05
394	0.97779	0.0037705	0.018367	7.054e-05
395	0.97264	0.0088987	0.018297	0.00016572
396	0.96079	0.020721	0.018104	0.0003846
397	0.95394	0.027543	0.018001	0.00051164
398	0.95016	0.031307	0.017956	0.00058142
399	0.94883	0.032611	0.017958	0.00060499
400	0.94985	0.031563	0.018006	0.000584
401	0.95337	0.028015	0.018103	0.00051514
402	0.96057	0.020788	0.018268	0.00037623
403	0.96337	0.017961	0.018348	0.0003211
404	0.9686	0.012705	0.018475	0.00021917
405	0.97069	0.010592	0.018541	0.00017678
406	0.97084	0.01042	0.01857	0.00016973
407	0.97258	0.0086577	0.018629	0.00013305
408	0.97611	0.0051082	0.018724	6.2329e-05
409	0.97451	0.0061304	0.019268	8.964e-05
410	0.97418	0.0058885	0.019839	9.4069e-05
411	0.96744	0.012052	0.020278	0.00022697
412	0.92297	0.055947	0.01991	0.0011724
413	0.89514	0.083201	0.01985	0.0018063
414	0.87816	0.099612	0.019999	0.0022285
415	0.83889	0.1383	0.019617	0.0031859
416	0.81213	0.16449	0.019493	0.0038898
417	0.79626	0.17978	0.019599	0.0043612
418	0.788	0.18746	0.019872	0.0046616
419	0.78568	0.18921	0.020285	0.0048197
420	0.7879	0.18642	0.02082	0.0048601
421	0.68367	0.29007	0.018519	0.0077416
422	0.6114	0.36175	0.016977	0.0098689
423	0.56154	0.41103	0.015979	0.011456
424	0.45674	0.51527	0.013272	0.014722
425	0.39077	0.58068	0.011582	0.016968
426	0.34952	0.62137	0.010558	0.018546
427	0.25574	0.7146	0.0078731	0.021788
428	0.19658	0.7732	0.006159	0.024058
429	0.15606	0.81316	0.0049796	0.025796
430	0.13075	0.83792	0.0042442	0.027089
431	0.11351	0.8546	0.0037502	0.028143
432	0.10222	0.86532	0.0034393	0.029017
433	0.073329	0.89365	0.0025169	0.030505
434	0.055198	0.91121	0.0019307	0.031656
435	0.043961	0.92189	0.0015652	0.032584
436	0.037218	0.92807	0.0013472	0.033363
437	0.033533	0.9312	0.0012329	0.034037
438	0.032111	0.93206	0.0011979	0.03463
439	0.032229	0.93138	0.0012207	0.035168
440	0.034368	0.92868	0.0013203	0.035627
441	0.038983	0.92351	0.0015177	0.035987
442	0.038711	0.92323	0.001527	0.036534
443	0.040159	0.92122	0.0016061	0.037014
444	0.043451	0.91737	0.0017628	0.037419
445	0.04983	0.91043	0.0020491	0.037692
446	0.059636	0.90006	0.0024878	0.037817
447	0.07565	0.88348	0.0031984	0.037667
448	0.071401	0.88717	0.0030568	0.038368
449	0.070416	0.8876	0.0030517	0.038931
450	0.071755	0.8857	0.0031496	0.039394
451	0.066348	0.89054	0.002948	0.040159
452	0.063566	0.89276	0.002861	0.040813
453	0.063128	0.89263	0.00288	0.041363
454	0.055693	0.89949	0.0025742	0.042242
455	0.051105	0.9035	0.002395	0.042997
456	0.049393	0.90464	0.0023459	0.043621
457	0.041694	0.91177	0.0020029	0.044537
458	0.036696	0.91619	0.0017845	0.045331
459	0.033813	0.91849	0.001666	0.046028
460	0.033076	0.91865	0.0016506	0.046621
461	0.03433	0.91682	0.0017345	0.047113
462	0.037831	0.91275	0.0019344	0.047487
463	0.036153	0.91385	0.0018698	0.048128
464	0.036583	0.91284	0.0019132	0.048661
465	0.03871	0.91014	0.002049	0.049104
466	0.036356	0.91191	0.0019437	0.049786
467	0.035712	0.91198	0.0019303	0.05038
468	0.037142	0.90997	0.0020293	0.05086
469	0.040947	0.90559	0.0022606	0.051205
470	0.047096	0.89886	0.0026298	0.051416
471	0.057533	0.88784	0.0032473	0.051377
472	0.074478	0.87032	0.0042458	0.050956
473	0.098938	0.84528	0.0057038	0.050078
474	0.13459	0.80904	0.0078553	0.04851
475	0.14908	0.79396	0.0088029	0.04815
476	0.13953	0.80293	0.0083202	0.049223
477	0.13428	0.80758	0.0080919	0.050046
478	0.13342	0.80785	0.008125	0.050606
479	0.1358	0.80487	0.0083618	0.050965
480	0.10881	0.83126	0.006755	0.053172
481	0.090503	0.84897	0.005669	0.054861
482	0.078274	0.86059	0.0049516	0.056186
483	0.070394	0.86786	0.0045012	0.057247
484	0.06564	0.872	0.0042458	0.058117
485	0.064072	0.87295	0.0041918	0.058784
486	0.06469	0.87172	0.0042842	0.059308
487	0.06833	0.86746	0.0045809	0.059625
488	0.075755	0.85943	0.0051408	0.059678
489	0.087344	0.84722	0.0060047	0.059431
490	0.10639	0.82757	0.0074053	0.058645
491	0.13401	0.79932	0.0094514	0.057217
492	0.17439	0.75832	0.012468	0.054823
493	0.19241	0.73968	0.013905	0.054006
494	0.22204	0.70943	0.016212	0.052317
495	0.26954	0.66132	0.019871	0.049273
496	0.26981	0.66043	0.020082	0.049683
497	0.27581	0.6538	0.020723	0.04966
498	0.27105	0.65794	0.020558	0.050448
499	0.27193	0.65644	0.020815	0.05081
500	0.27867	0.64909	0.021524	0.050719
501	0.29117	0.63597	0.0227	0.050165
502	0.3133	0.61322	0.024647	0.048838
503	0.34621	0.57968	0.027495	0.046615
504	0.3993	0.52596	0.031998	0.042733
505	0.47699	0.44765	0.038596	0.036762
506	0.59024	0.33377	0.048263	0.027727
507	0.75301	0.17036	0.062267	0.014361
508	0.77391	0.14882	0.0646	0.012672
509	0.78221	0.13988	0.065885	0.012026
510	0.78154	0.1399	0.066423	0.012135
511	0.74659	0.17421	0.063979	0.015221
512	0.72322	0.19693	0.062509	0.017339
513	0.70963	0.20987	0.061858	0.018635
514	0.67594	0.24291	0.059413	0.021731
515	0.65327	0.26493	0.057917	0.023884
516	0.64038	0.27717	0.057258	0.025197
517	0.53926	0.37764	0.048514	0.034591
518	0.47563	0.44062	0.043046	0.040706
519	0.43589	0.47972	0.039689	0.044707
520	0.40893	0.50602	0.037488	0.047557
521	0.39326	0.52105	0.036303	0.049389
522	0.38405	0.52961	0.035719	0.050625
523	0.35631	0.55669	0.033356	0.053644
524	0.33794	0.5744	0.031864	0.055798
525	0.32674	0.58493	0.031047	0.057281
526	0.29883	0.61217	0.028573	0.06042
527	0.28226	0.62809	0.027162	0.062493
528	0.27226	0.63742	0.026387	0.063935
529	0.26728	0.64173	0.026103	0.06489
530	0.26667	0.64166	0.026257	0.065413
531	0.27164	0.63602	0.026965	0.065379
532	0.24328	0.6637	0.024294	0.06873
533	0.22626	0.68004	0.022732	0.070968
534	0.21552	0.6901	0.021801	0.07258
535	0.18946	0.71548	0.019243	0.075817
536	0.17189	0.73237	0.017546	0.078198
537	0.16047	0.7431	0.016479	0.079954
538	0.1537	0.74917	0.015893	0.081234
539	0.1507	0.75148	0.015701	0.082123
540	0.15119	0.75029	0.015885	0.082641
541	0.14265	0.75812	0.015098	0.084136
542	0.13905	0.76101	0.014828	0.085111
543	0.13965	0.75971	0.015011	0.085632
544	0.10941	0.78925	0.011752	0.089591
545	0.088803	0.80915	0.0095346	0.092515
546	0.074905	0.82233	0.0080443	0.094716
547	0.065743	0.83078	0.0070702	0.096405
548	0.060727	0.83508	0.0065458	0.097643
549	0.058797	0.8363	0.0063602	0.09854
550	0.059006	0.83538	0.0064168	0.0992
551	0.061385	0.83228	0.0067223	0.099615
552	0.06698	0.82596	0.0073928	0.099663
553	0.066156	0.82606	0.0073335	0.10045
554	0.067595	0.8239	0.0075386	0.10097
555	0.071503	0.81926	0.008036	0.1012
556	0.078433	0.81159	0.0088966	0.10108
557	0.078387	0.81089	0.0089426	0.10178
558	0.080854	0.80768	0.0092923	0.10218
559	0.076624	0.81116	0.0088334	0.10339
560	0.075647	0.81138	0.0087606	0.10421
561	0.077734	0.80855	0.0090555	0.10466
562	0.073781	0.81175	0.0085975	0.10587
563	0.0723	0.81248	0.0084448	0.10677
564	0.073785	0.81025	0.0086531	0.10731
565	0.069025	0.81425	0.0080743	0.10865
566	0.067462	0.81506	0.0078905	0.10958
567	0.068178	0.81359	0.0079929	0.11024
568	0.071934	0.80908	0.0084683	0.11052
569	0.079516	0.80074	0.0094112	0.11033
570	0.09253	0.78698	0.011017	0.10947
571	0.11373	0.76503	0.013622	0.10762
572	0.14441	0.7336	0.017423	0.10457
573	0.1932	0.68406	0.023463	0.099285
574	0.21396	0.66254	0.026143	0.097363
575	0.24784	0.6279	0.030469	0.093793
576	0.29695	0.57803	0.036766	0.088257
577	0.31938	0.55483	0.039794	0.085997
578	0.35309	0.52035	0.044314	0.08225
579	0.36589	0.50676	0.046187	0.081157
580	0.38857	0.48331	0.049361	0.07876
581	0.42279	0.44831	0.054099	0.074805
582	0.47277	0.39754	0.060988	0.068705
583	0.47399	0.39552	0.061351	0.069139
584	0.48149	0.38723	0.062612	0.068671
585	0.49505	0.37287	0.064744	0.067339
586	0.51652	0.35059	0.068	0.064889
587	0.54875	0.31755	0.072791	0.060912
588	0.60092	0.26457	0.08035	0.054163
589	0.5875	0.27717	0.078072	0.057259
590	0.57987	0.28398	0.07686	0.059296
591	0.57704	0.28597	0.076504	0.060484
592	0.5787	0.28348	0.076908	0.060919
593	0.58647	0.27487	0.078264	0.060398
594	0.60206	0.25845	0.080774	0.058721
595	0.59041	0.2701	0.079425	0.060067
596	0.58423	0.27628	0.07891	0.060583
597	0.58284	0.27766	0.079181	0.060317
598	0.58712	0.27338	0.080448	0.059051
599	0.59796	0.26254	0.082972	0.056528
600	0.54298	0.31752	0.075269	0.064229
601	0.50882	0.35169	0.070499	0.068995
602	0.48824	0.37227	0.067664	0.071823
603	0.47525	0.38527	0.065948	0.073536
604	0.46946	0.39107	0.065303	0.074175
605	0.46965	0.39088	0.065594	0.073877
606	0.47473	0.38581	0.066704	0.072764
607	0.48684	0.3737	0.069017	0.070444
608	0.50625	0.35429	0.072637	0.066822
609	0.53592	0.32462	0.078121	0.061338
610	0.53109	0.32945	0.077549	0.061915
611	0.53208	0.32845	0.077917	0.061549
612	0.52197	0.33856	0.076493	0.062979
613	0.51842	0.3421	0.076097	0.063379
614	0.51949	0.34103	0.07646	0.063022
615	0.52531	0.3352	0.077631	0.061861
616	0.52085	0.33965	0.077094	0.062412
617	0.52118	0.33929	0.077345	0.062178
618	0.5275	0.33296	0.078589	0.060948
619	0.50165	0.35879	0.074702	0.064854
620	0.48669	0.37374	0.072478	0.067094
621	0.47943	0.38098	0.071448	0.068138
622	0.39924	0.46115	0.059159	0.080445
623	0.34437	0.516	0.050788	0.088837
624	0.31021	0.55014	0.045564	0.09408
625	0.28949	0.57085	0.04239	0.097271
626	0.27612	0.5842	0.040362	0.099319
627	0.26834	0.59196	0.039205	0.1005
628	0.26626	0.59402	0.038925	0.1008
629	0.26844	0.59181	0.039322	0.10043
630	0.27637	0.58386	0.040619	0.099152
631	0.29174	0.56847	0.043088	0.096703
632	0.29486	0.56533	0.043612	0.096204
633	0.30282	0.55734	0.044914	0.094928
634	0.28038	0.57975	0.041413	0.098459
635	0.26745	0.59265	0.039391	0.10051
636	0.2613	0.59878	0.038425	0.1015
637	0.26058	0.59947	0.038305	0.10164
638	0.26398	0.59605	0.038838	0.10114
639	0.27211	0.58788	0.040125	0.099882
640	0.28771	0.57226	0.042572	0.097464
641	0.31143	0.5485	0.046309	0.093758
642	0.34688	0.51302	0.051915	0.088187
643	0.34386	0.516	0.051419	0.08872
644	0.32816	0.53166	0.048881	0.091299
645	0.32013	0.53965	0.047567	0.092651
646	0.31808	0.54167	0.047203	0.093052
647	0.32038	0.53932	0.047538	0.092757
648	0.32871	0.53096	0.048814	0.091518
649	0.34298	0.51665	0.05103	0.089343
650	0.36762	0.49196	0.054852	0.085561
651	0.40402	0.45553	0.060524	0.079931
652	0.40146	0.45804	0.06005	0.08045
653	0.40473	0.45473	0.060505	0.080038
654	0.41302	0.44639	0.061767	0.078823
655	0.42766	0.4317	0.064043	0.076597
656	0.45302	0.4063	0.067985	0.072702
657	0.49052	0.36874	0.073848	0.066891
658	0.55067	0.30854	0.08322	0.057568
659	0.6386	0.22056	0.096982	0.043859
660	0.76517	0.093929	0.11687	0.024023
661	0.7816	0.078145	0.12048	0.019769
662	0.80843	0.05196	0.12658	0.013021
663	0.85131	0.0097338	0.13653	0.0024253
664	0.85743	0.0042631	0.13727	0.0010412
665	0.86077	0.0015677	0.13729	0.0003716
666	0.86286	0.00013096	0.13698	2.9766e-05
667	0.86341	0.00022921	0.13632	4.0277e-05
668	0.86402	0.0002635	0.13567	4.3225e-05
669	0.86369	0.0012326	0.13488	0.00019324
670	0.86254	0.0030295	0.13396	0.00047054
671	0.86264	0.0035798	0.13322	0.00055319
672	0.86388	0.0030004	0.13266	0.00046216
673	0.86155	0.0059688	0.13156	0.00091397
674	0.86096	0.007213	0.13073	0.0010997
675	0.86163	0.0071831	0.13009	0.001089
676	0.86381	0.0056548	0.12968	0.00085443
677	0.8645	0.0056065	0.12905	0.00084267
678	0.86376	0.0069775	0.12822	0.0010412
679	0.86449	0.0068838	0.12761	0.001022
680	0.86645	0.0055484	0.12718	0.00081895
681	0.87017	0.0024682	0.127	0.00036429
682	0.87044	0.0028261	0.12632	0.00041468
683	0.87163	0.0022531	0.12579	0.00032883
684	0.87383	0.00066559	0.12541	9.6659e-05
685	0.87437	0.00073093	0.1248	0.00010483
686	0.87566	4.2218e-05	0.12429	6.0416e-06
687	0.87629	1.2851e-05	0.12369	1.823e-06
688	0.87684	6.2411e-05	0.12309	8.7522e-06
689	0.87626	0.0012363	0.12233	0.00017301
690	0.87652	0.0015701	0.12169	0.00021806
691	0.87614	0.0025445	0.12096	0.0003517
692	0.87682	0.0024663	0.12037	0.00033985
693	0.87841	0.001471	0.11991	0.00020207
694	0.87945	0.0010213	0.11939	0.0001395
695	0.8801	0.00095324	0.11882	0.000129
696	0.88158	5.1102e-05	0.11836	6.9028e-06
697	0.88221	2.262e-06	0.11779	3.0165e-07
698	0.88275	4.3861e-05	0.1172	5.8481e-06
699	0.88323	0.00013546	0.11662	1.7903e-05
700	0.88323	0.00071016	0.11596	9.365e-05
701	0.88287	0.0016566	0.11526	0.00021802
702	0.88345	0.0016579	0.11467	0.00021833
703	0.88085	0.004845	0.11367	0.00063464
704	0.87973	0.0065362	0.11289	0.00085107
705	0.87988	0.0069521	0.11227	0.00090013
706	0.88127	0.006115	0.11182	0.00078763
707	0.884	0.0039399	0.11155	0.0005051
708	0.88835	0.00013572	0.11149	1.7522e-05
709	0.87269	0.01634	0.10891	0.0020597
710	0.86344	0.026133	0.10715	0.0032808
711	0.8579	0.032209	0.10587	0.0040207
712	0.84497	0.045686	0.10367	0.0056752
713	0.83696	0.05423	0.10212	0.0066974
714	0.83334	0.058382	0.1011	0.0071738
715	0.82248	0.069785	0.099197	0.0085351
716	0.79604	0.096767	0.095429	0.011768
717	0.77867	0.11466	0.092808	0.013858
718	0.73704	0.15682	0.087332	0.018809
719	0.71156	0.18282	0.083814	0.0218
720	0.69672	0.19819	0.081577	0.023506
721	0.68931	0.20614	0.080227	0.024322
722	0.68673	0.20925	0.079463	0.024558
723	0.68856	0.20794	0.079225	0.024273
724	0.6961	0.20093	0.079633	0.023339
725	0.69429	0.20326	0.078971	0.023479
726	0.69671	0.20135	0.078806	0.023129
727	0.70365	0.19493	0.079159	0.022266
728	0.71759	0.1815	0.080286	0.020625
729	0.73906	0.16054	0.082256	0.018147
730	0.77086	0.12924	0.085376	0.014525
731	0.82187	0.078732	0.090582	0.0088124
732	0.89642	0.0046816	0.098373	0.00052161
733	0.8971	0.004495	0.097904	0.00049613
734	0.89671	0.0053911	0.097312	0.00058978
735	0.89747	0.0051183	0.096855	0.00055505
736	0.89708	0.0060052	0.096268	0.00064608
737	0.89808	0.0055031	0.095827	0.00058845
738	0.90058	0.0035026	0.09554	0.0003732
739	0.89954	0.0050432	0.094882	0.00053372
740	0.89988	0.0052007	0.094367	0.00054782
741	0.89899	0.0065958	0.093719	0.00069215
742	0.89611	0.0099889	0.092859	0.0010451
743	0.895	0.011601	0.092194	0.0012076
744	0.89544	0.011658	0.091699	0.0012068
745	0.89771	0.009888	0.091386	0.0010203
746	0.89818	0.0099114	0.090896	0.0010175
747	0.90011	0.0084666	0.09056	0.00086505
748	0.90047	0.0085915	0.090071	0.00087174
749	0.90221	0.0073278	0.089728	0.00073831
750	0.90582	0.0041909	0.089566	0.00042079
751	0.90518	0.0053117	0.088984	0.00052838
752	0.90589	0.0050748	0.088532	0.00050211
753	0.90778	0.0036586	0.088202	0.00036023
754	0.91107	0.00083492	0.088013	8.2025e-05
755	0.91061	0.0017674	0.087452	0.00017211
756	0.911	0.0018375	0.086981	0.00017797
757	0.90621	0.0070901	0.08602	0.00067821
758	0.90353	0.010229	0.085273	0.00097086
759	0.90285	0.011364	0.084713	0.0010726
760	0.90395	0.01073	0.084316	0.0010086
761	0.9066	0.0085328	0.084069	0.00079901
762	0.91116	0.0044214	0.084004	0.00041322
763	0.91103	0.0049994	0.083507	0.00046381
764	0.91222	0.0042614	0.083128	0.00039392
765	0.91462	0.0023011	0.082865	0.00021283
766	0.91585	0.001511	0.082499	0.00013984
767	0.91084	0.0069593	0.081571	0.00063428
768	0.77607	0.14215	0.068975	0.012801
769	0.69102	0.22764	0.06094	0.020405
770	0.63221	0.28687	0.055359	0.025558
771	0.59579	0.32372	0.051804	0.028683
772	0.57396	0.34599	0.049562	0.030493
773	0.56022	0.36015	0.048062	0.031564
774	0.55293	0.36786	0.047143	0.032057
775	0.55214	0.36909	0.046785	0.031989
776	0.55629	0.36536	0.046855	0.031496
777	0.5659	0.35617	0.047391	0.03054
778	0.48408	0.4384	0.040225	0.037291
779	0.43275	0.49015	0.035675	0.041424
780	0.39761	0.52571	0.032541	0.044143
781	0.37653	0.5472	0.030596	0.045672
782	0.36324	0.56091	0.029321	0.046534
783	0.35737	0.56719	0.028658	0.046782
784	0.3564	0.56858	0.028403	0.046625
785	0.3615	0.56389	0.028633	0.045982
786	0.37229	0.5535	0.029317	0.044888
787	0.37159	0.55461	0.029085	0.044713
788	0.37707	0.54954	0.029336	0.044052
789	0.38816	0.53885	0.030029	0.042954
790	0.40856	0.51886	0.031429	0.041147
791	0.43924	0.48859	0.033615	0.038556
792	0.45028	0.47795	0.034266	0.037504
793	0.46846	0.46017	0.035465	0.035908
794	0.49619	0.43283	0.037389	0.033589
795	0.53765	0.39176	0.040354	0.030233
796	0.60403	0.32578	0.045165	0.02503
797	0.63259	0.2976	0.047067	0.022739
798	0.64275	0.28783	0.047562	0.021858
799	0.65968	0.27128	0.048566	0.020472
800	0.68846	0.24289	0.050434	0.01822
801	0.7351	0.19663	0.053592	0.014676
802	0.75496	0.17716	0.054742	0.013143
803	0.78779	0.14471	0.056817	0.010682
804	0.83566	0.097224	0.059977	0.0071402
805	0.90488	0.02838	0.064671	0.0020683
806	0.91528	0.018358	0.065029	0.00133
807	0.92024	0.013784	0.064982	0.00099368
808	0.92229	0.012121	0.06472	0.00086951
809	0.92666	0.0081453	0.064614	0.00058531
810	0.92844	0.0067446	0.06433	0.00048425
811	0.88356	0.052004	0.060767	0.0036664
812	0.85575	0.080197	0.058427	0.0056225
813	0.83738	0.098953	0.056778	0.0068918
814	0.79475	0.14196	0.053488	0.0098069
815	0.76575	0.17133	0.051177	0.011746
816	0.74652	0.19092	0.049561	0.012995
817	0.7347	0.2031	0.048464	0.013728
818	0.72967	0.20851	0.047822	0.014003
819	0.72932	0.20922	0.0475	0.013963
820	0.73459	0.20432	0.047541	0.013557
821	0.74505	0.19422	0.047922	0.012814
822	0.7623	0.17732	0.048744	0.011635
823	0.76762	0.17236	0.048787	0.011237
824	0.77939	0.16094	0.049235	0.010433
825	0.79822	0.14246	0.050132	0.0091824
826	0.80572	0.13532	0.050289	0.0086702
827	0.82008	0.12132	0.050865	0.0077359
828	0.84223	0.09952	0.051926	0.0063208
829	0.83983	0.10227	0.051447	0.0064491
830	0.84102	0.10143	0.051197	0.0063522
831	0.84592	0.096871	0.051181	0.0060256
832	0.85519	0.08794	0.051435	0.0054319
833	0.87153	0.07195	0.052108	0.0044165
834	0.89615	0.04766	0.053283	0.0029034
835	0.93571	0.008443	0.055334	0.00051163
836	0.93687	0.0076169	0.055052	0.00045701
837	0.93984	0.0049962	0.054871	0.00029746
838	0.94124	0.0039369	0.054593	0.00023276
839	0.94161	0.0039085	0.054251	0.00022952
840	0.94307	0.0027877	0.053975	0.00016299
841	0.94134	0.00486	0.05352	0.00028044
842	0.93695	0.0095872	0.052919	0.00054629
843	0.93467	0.012199	0.052446	0.00068875
844	0.93441	0.012793	0.052084	0.00071724
845	0.93604	0.011492	0.051825	0.00064067
846	0.93944	0.008426	0.051666	0.00046705
847	0.94062	0.0075727	0.051388	0.00041655
848	0.94361	0.0049161	0.051204	0.000269
849	0.94855	0.00030906	0.051128	1.6904e-05
850	0.94897	0.00020919	0.05081	1.1366e-05
851	0.94878	0.00072419	0.050462	3.8855e-05
852	0.94929	0.00052826	0.050156	2.8177e-05
853	0.94971	0.00042199	0.049842	2.2576e-05
854	0.94901	0.0014424	0.049472	7.6622e-05
855	0.94047	0.010289	0.048696	0.00054083
856	0.92095	0.030118	0.04736	0.001568
857	0.90928	0.042106	0.046437	0.0021791
858	0.90215	0.049539	0.045762	0.0025462
859	0.89914	0.052863	0.045297	0.0027005
860	0.89901	0.053304	0.044984	0.002706
861	0.90169	0.05092	0.044817	0.0025688
862	0.88838	0.064539	0.043848	0.0032317
863	0.88013	0.073096	0.043143	0.0036328
864	0.87665	0.076882	0.042675	0.0037955
865	0.8646	0.089234	0.041796	0.0043715
866	0.85749	0.096646	0.04117	0.0046986
867	0.85434	0.10009	0.040743	0.0048293
868	0.8547	0.10002	0.04049	0.004789
869	0.85952	0.095495	0.040444	0.0045393
870	0.86974	0.085571	0.040645	0.0040398
871	0.88748	0.068134	0.041185	0.0031984
872	0.91378	0.042135	0.042118	0.0019675
873	0.95256	0.0036473	0.043621	0.00017024
874	0.9541	0.0023999	0.043389	0.00011128
875	0.95292	0.0038766	0.043029	0.00017783
876	0.95287	0.0042119	0.042724	0.00019164
877	0.95152	0.0058556	0.042365	0.00026361
878	0.95145	0.0062108	0.042067	0.00027701
879	0.95285	0.0050914	0.041831	0.00022555
880	0.95311	0.0051193	0.041542	0.00022541
881	0.95456	0.0039566	0.041307	0.00017322
882	0.95735	0.0014482	0.041134	6.3229e-05
883	0.95887	0.00021059	0.040907	9.3499e-06
884	0.95152	0.0078449	0.040298	0.00034128
885	0.94704	0.012595	0.039821	0.00054372
886	0.93628	0.023627	0.039084	0.0010101
887	0.92951	0.03067	0.038525	0.0013005
888	0.92579	0.034652	0.038102	0.001458
889	0.88932	0.071378	0.036333	0.0029644
890	0.86454	0.096426	0.03507	0.0039672
891	0.84812	0.1131	0.034166	0.0046136
892	0.81273	0.14875	0.032503	0.0060171
893	0.73915	0.22259	0.029322	0.008936
894	0.68907	0.27293	0.027129	0.01087
895	0.65826	0.304	0.025717	0.012021
896	0.63824	0.32428	0.024751	0.012728
897	0.62767	0.33512	0.024158	0.013059
898	0.62424	0.3388	0.023843	0.013111
899	0.62588	0.33742	0.023728	0.012965
900	0.63298	0.33059	0.023823	0.012612
901	0.64651	0.31731	0.02416	0.012018
902	0.67059	0.29349	0.02488	0.01104
903	0.71026	0.25408	0.026157	0.0095019
904	0.72649	0.23811	0.026558	0.0088431
905	0.75149	0.21337	0.027276	0.0078695
906	0.79242	0.17269	0.028553	0.0063344
907	0.80989	0.15548	0.028969	0.0056639
908	0.83912	0.1265	0.02979	0.0045849
909	0.88191	0.083969	0.031085	0.0030349
910	0.88565	0.080479	0.030979	0.0028877
911	0.8932	0.073181	0.03101	0.0026074
912	0.90553	0.061103	0.031208	0.002162
913	0.90088	0.065993	0.030813	0.0023117
914	0.89955	0.067568	0.030538	0.0023446
915	0.90195	0.065417	0.030387	0.0022507
916	0.90853	0.059077	0.030374	0.0020169
917	0.91957	0.048287	0.030511	0.0016352
918	0.9381	0.029999	0.03089	0.00101
919	0.93132	0.037021	0.030424	0.0012313
920	0.92771	0.040877	0.030068	0.0013453
921	0.92731	0.041521	0.029815	0.0013542
922	0.92176	0.047314	0.029401	0.0015268
923	0.91993	0.049383	0.029105	0.001579
924	0.92139	0.048173	0.02891	0.0015275
925	0.91831	0.051498	0.028569	0.0016191
926	0.91804	0.052016	0.028321	0.0016212
927	0.91276	0.057552	0.027915	0.001778
928	0.91134	0.059215	0.027628	0.0018145
929	0.91279	0.058015	0.027431	0.0017629
930	0.91727	0.053788	0.027327	0.0016205
931	0.92634	0.044965	0.027354	0.0013448
932	0.94039	0.031156	0.027527	0.00092558
933	0.96152	0.010269	0.027904	0.00030419
934	0.96046	0.011571	0.027628	0.00033891
935	0.95635	0.015925	0.027268	0.00046011
936	0.94719	0.025324	0.026764	0.00072288
937	0.9423	0.030455	0.026382	0.00086141
938	0.94007	0.032924	0.02608	0.00092244
939	0.93292	0.040323	0.02564	0.0011192
940	0.92973	0.043759	0.025309	0.0012041
941	0.92921	0.044523	0.025055	0.001214
942	0.93134	0.042633	0.024876	0.0011518
943	0.92905	0.045163	0.024582	0.0012076
944	0.92996	0.044496	0.02437	0.0011784
945	0.93421	0.040488	0.024242	0.001063
946	0.94187	0.033069	0.024203	0.00086084
947	0.95383	0.021342	0.024274	0.00055099
948	0.97166	0.0037506	0.024492	9.6215e-05
949	0.9743	0.0013504	0.02432	3.4279e-05
950	0.97441	0.0014682	0.024081	3.6801e-05
951	0.97539	0.00072559	0.023865	1.8012e-05
952	0.97601	0.00033573	0.023643	8.225e-06
953	0.97582	0.00076208	0.023399	1.8439e-05
954	0.97635	0.00046891	0.023174	1.126e-05
955	0.97578	0.0012686	0.022925	3.0016e-05
956	0.97603	0.001241	0.022698	2.9018e-05
957	0.96733	0.010171	0.022261	0.00023515
958	0.96247	0.015262	0.021914	0.00034964
959	0.95994	0.018031	0.021625	0.00040865
960	0.9594	0.018791	0.021384	0.0004211
961	0.95552	0.022897	0.021073	0.00050658
962	0.95441	0.02424	0.020821	0.00053022
963	0.95577	0.023105	0.02062	0.00049996
964	0.95986	0.019256	0.020475	0.00041265
965	0.96672	0.012621	0.020389	0.00026792
966	0.97725	0.0023192	0.020379	4.8968e-05
967	0.9788	0.0010015	0.020181	2.1005e-05
968	0.97861	0.0014111	0.019948	2.915e-05
969	0.97926	0.0009814	0.019735	2.0044e-05
970	0.97957	0.00089816	0.019517	1.8077e-05
971	0.978	0.0026869	0.019259	5.3313e-05
972	0.97758	0.0033264	0.019027	6.5146e-05
973	0.97022	0.010908	0.018663	0.00021
974	0.96626	0.015086	0.018365	0.00028707
975	0.96482	0.016747	0.018115	0.00031514
976	0.96555	0.016244	0.017902	0.00030243
977	0.96818	0.013836	0.017727	0.00025479
978	0.97306	0.0091795	0.017593	0.00016721
979	0.98084	0.001614	0.017512	2.9143e-05
980	0.9805	0.0021709	0.017286	3.8551e-05
981	0.98122	0.0016738	0.017076	2.9404e-05
982	0.97945	0.0036623	0.01682	6.3591e-05
983	0.97894	0.0043929	0.016589	7.5289e-05
984	0.97959	0.0039681	0.016379	6.7137e-05
985	0.98144	0.0023268	0.016192	3.8881e-05
986	0.98226	0.0017198	0.015988	2.8291e-05
987	0.98259	0.0016141	0.015774	2.618e-05
988	0.98381	0.00060852	0.015577	9.7469e-06
989	0.98459	3.3813e-05	0.015373	5.3414e-07
990	0.98431	0.00052273	0.015155	8.0453e-06
991	0.98369	0.0013605	0.014933	2.0559e-05
992	0.98401	0.0012451	0.014724	1.8522e-05
993	0.98532	0.00015116	0.014527	2.1848e-06
994	0.98526	0.000427	0.014308	6.056e-06
995	0.98506	0.00084452	0.014089	1.1646e-05
996	0.98559	0.00052216	0.013882	6.6678e-06
997	0.98597	0.00035518	0.013674	3.6957e-06
998	0.98324	0.003294	0.013437	3.2428e-05
999	0.98196	0.0047751	0.013219	4.368e-05
1000	0.94209	0.044509	0.01281	0.0005881
1001	0.91511	0.071359	0.012571	0.00096419
1002	0.89874	0.08759	0.012469	0.0012009
1003	0.88955	0.096642	0.012462	0.0013417
1004	0.88483	0.10123	0.012517	0.001421
1005	0.88464	0.10129	0.012633	0.0014373
1006	0.88819	0.097611	0.012804	0.0013995
1007	0.89597	0.089693	0.01304	0.0012987
1008	0.90911	0.076415	0.013358	0.0011164
1009	0.93135	0.054042	0.013812	0.00079673
1010	0.96741	0.01785	0.014474	0.00026662
1011	0.97165	0.013479	0.014671	0.00020335
1012	0.97309	0.011908	0.014824	0.0001816
1013	0.97221	0.012655	0.014943	0.00019484
1014	0.96898	0.015751	0.01502	0.00024545
1015	0.96163	0.02298	0.015028	0.00036271
1016	0.95735	0.027128	0.015085	0.00043234
1017	0.95557	0.028786	0.015182	0.00046284
