#coord	neutral	conserved	gBGC.neutral	gBGC.conserved
1	0.80812	0.18483	0.0057198	0.0013223
2	0.81666	0.1763	0.0057759	0.0012593
3	0.83151	0.16146	0.0058797	0.0011494
4	0.85697	0.13601	0.0060576	0.000965
5	0.89848	0.094504	0.0063463	0.00066946
6	0.96477	0.02822	0.0068041	0.00020449
7	0.97303	0.019969	0.0068565	0.00014564
8	0.98589	0.0071152	0.0069439	5.2693e-05
9	0.99175	0.0012574	0.0069824	9.4887e-06
10	0.99247	0.00054647	0.0069839	4.1513e-06
11	0.992	0.001013	0.0069774	7.4454e-06
12	0.99232	0.00069374	0.0069775	5.0505e-06
13	0.99248	0.00053607	0.0069758	3.9479e-06
14	0.99251	0.00051644	0.006974	3.8276e-06
15	0.9924	0.00061847	0.006972	4.5792e-06
16	0.99212	0.00090232	0.0069695	6.6336e-06
17	0.99155	0.0014767	0.0069644	1.0966e-05
18	0.99024	0.0027837	0.0069548	2.0595e-05
19	0.98716	0.0058623	0.0069331	4.2903e-05
20	0.98076	0.012267	0.0068864	8.9989e-05
21	0.97701	0.016016	0.0068603	0.0001172
22	0.97572	0.017301	0.0068511	0.00012709
23	0.97625	0.016767	0.0068561	0.00012354
24	0.97873	0.014291	0.0068762	0.00010564
25	0.98349	0.009521	0.0069142	7.0603e-05
26	0.99113	0.0018812	0.0069748	1.3765e-05
27	0.99217	0.00083351	0.0069858	6.0356e-06
28	0.9917	0.0013006	0.0069851	9.3711e-06
29	0.99207	0.00093596	0.0069912	6.6957e-06
30	0.99218	0.00082266	0.006995	5.9157e-06
31	0.9921	0.0009002	0.006997	6.602e-06
32	0.9917	0.0012919	0.0069975	9.5197e-06
33	0.99074	0.0022472	0.0069933	1.6771e-05
34	0.98854	0.0044481	0.0069808	3.3115e-05
35	0.98787	0.0051103	0.0069789	3.8489e-05
36	0.98842	0.0045547	0.0069868	3.4829e-05
37	0.98431	0.0086658	0.0069589	6.6643e-05
38	0.98212	0.010853	0.0069465	8.3654e-05
39	0.9816	0.011367	0.0069476	8.7974e-05
40	0.9786	0.014361	0.0069315	0.00011035
41	0.97748	0.015468	0.0069305	0.00011849
42	0.97816	0.014788	0.0069438	0.00011317
43	0.98071	0.012225	0.0069722	9.3517e-05
44	0.98109	0.011839	0.0069836	9.0501e-05
45	0.97922	0.013701	0.0069796	0.00010372
46	0.9791	0.013806	0.0069896	0.00010379
47	0.98105	0.011852	0.0070139	8.9093e-05
48	0.98546	0.0074306	0.0070556	5.6626e-05
49	0.98717	0.0057124	0.0070786	4.3767e-05
50	0.9839	0.0089621	0.0070659	6.7341e-05
51	0.98269	0.010168	0.0070674	7.6376e-05
52	0.97876	0.014084	0.0070503	0.00010489
53	0.9694	0.02343	0.0069955	0.00017199
54	0.96428	0.028537	0.00697	0.00020938
55	0.96232	0.030485	0.0069665	0.00022437
56	0.96311	0.029688	0.0069821	0.00021977
57	0.96625	0.026538	0.0070164	0.00019743
58	0.96615	0.026625	0.0070261	0.00019921
59	0.96871	0.024056	0.0070544	0.00018197
60	0.97447	0.018287	0.0071049	0.0001421
61	0.97617	0.01657	0.0071276	0.00013094
62	0.98004	0.012685	0.0071677	0.00010318
63	0.98726	0.0054587	0.0072316	5.1313e-05
64	0.98749	0.0052185	0.007244	5.1778e-05
65	0.98921	0.0034789	0.0072676	4.0658e-05
66	0.98177	0.010935	0.0072017	9.4256e-05
67	0.9777	0.015019	0.0071598	0.00012341
68	0.97574	0.016992	0.0071351	0.00013628
69	0.90993	0.082816	0.0066439	0.00061513
70	0.86871	0.12405	0.006329	0.00091732
71	0.84336	0.14941	0.0061288	0.0011044
72	0.82851	0.16427	0.0060051	0.0012147
73	0.79281	0.19998	0.0057308	0.0014763
74	0.71827	0.27454	0.0051641	0.0020299
75	0.66688	0.32594	0.0047783	0.0024035
76	0.63231	0.36052	0.0045216	0.0026487
77	0.61182	0.38102	0.0043646	0.0027939
78	0.59928	0.39358	0.0042683	0.0028791
79	0.59447	0.39839	0.0042263	0.0029097
80	0.5952	0.39767	0.0042263	0.002899
81	0.60157	0.39132	0.0042692	0.0028461
82	0.59621	0.39668	0.00423	0.0028762
83	0.59762	0.39528	0.0042375	0.002859
84	0.60474	0.38817	0.0042886	0.0027992
85	0.62028	0.37264	0.0043992	0.0026794
86	0.64755	0.34538	0.0045925	0.0024767
87	0.69229	0.30065	0.0049077	0.0021517
88	0.71051	0.28244	0.005035	0.0020154
89	0.74153	0.25143	0.0052517	0.0017893
90	0.79188	0.20109	0.0056017	0.0014296
91	0.87221	0.12077	0.0061559	0.00086542
92	0.88059	0.1124	0.0062071	0.0008049
93	0.89615	0.096848	0.0063072	0.00069518
94	0.92002	0.072984	0.0064688	0.00052474
95	0.92989	0.063126	0.0065329	0.00045268
96	0.947	0.04602	0.0066469	0.00033031
97	0.97274	0.020293	0.0068256	0.000144
98	0.98529	0.00775	0.0069072	5.4396e-05
99	0.99141	0.0016388	0.0069419	1.1349e-05
100	0.99069	0.0023629	0.0069281	1.6388e-05
101	0.99107	0.0019913	0.0069214	1.3899e-05
102	0.99263	0.00044464	0.0069223	3.4142e-06
103	0.99168	0.001401	0.0069062	1.0965e-05
104	0.99171	0.0013773	0.0068967	1.1459e-05
105	0.99261	0.00049264	0.0068943	5.66e-06
106	0.98599	0.0071529	0.0068035	5.2316e-05
107	0.97114	0.022051	0.0066492	0.00015917
108	0.96151	0.031725	0.0065365	0.00022628
109	0.89286	0.10043	0.0060053	0.00071118
110	0.84549	0.14783	0.0056368	0.0010351
111	0.81357	0.1798	0.0053839	0.0012451
112	0.79452	0.1989	0.0052178	0.0013676
113	0.78269	0.21077	0.0051052	0.0014381
114	0.77669	0.21681	0.0050351	0.0014679
115	0.77567	0.21787	0.0050006	0.0014636
116	0.78056	0.21302	0.0050032	0.0014214
117	0.79239	0.20122	0.0050491	0.0013354
118	0.81145	0.1822	0.0051443	0.0012015
119	0.84335	0.15034	0.0053185	0.00098797
120	0.89489	0.09884	0.0056115	0.00065493
121	0.91767	0.076105	0.0057227	0.0005053
122	0.92699	0.066816	0.0057498	0.00044166
123	0.94194	0.051903	0.0058155	0.00034096
124	0.96666	0.027216	0.0059409	0.00017984
125	0.97725	0.016666	0.0059764	0.00011008
126	0.99336	0.00058789	0.0060499	3.8586e-06
127	0.99328	0.00070031	0.0060152	4.5036e-06
128	0.9913	0.0027197	0.0059677	1.7243e-05
129	0.98732	0.0067321	0.0059067	4.2788e-05
130	0.97908	0.015009	0.0058174	9.5853e-05
131	0.97398	0.020143	0.0057507	0.00012792
132	0.9714	0.022752	0.0057018	0.0001436
133	0.97098	0.023203	0.0056679	0.00014568
134	0.97305	0.021172	0.0056479	0.00013324
135	0.97744	0.01681	0.0056433	0.00010666
136	0.97853	0.015751	0.0056204	9.9812e-05
137	0.97734	0.016968	0.0055828	0.00010711
138	0.97796	0.016379	0.0055574	0.00010332
139	0.97575	0.018617	0.0055168	0.00011619
140	0.97547	0.018922	0.0054891	0.00011727
141	0.97708	0.017334	0.0054739	0.00010696
142	0.9808	0.013644	0.0054725	8.4013e-05
143	0.98158	0.012886	0.0054548	7.846e-05
144	0.98418	0.010314	0.0054491	6.2048e-05
145	0.98471	0.0098032	0.0054302	5.8252e-05
146	0.98715	0.0073803	0.0054215	4.3804e-05
147	0.99161	0.0029506	0.0054256	1.76e-05
148	0.99167	0.002905	0.0054034	1.7218e-05
149	0.99078	0.0038246	0.0053769	2.2231e-05
150	0.98853	0.0060964	0.0053421	3.5037e-05
151	0.98794	0.0067041	0.0053159	3.8686e-05
152	0.98869	0.0059799	0.0052983	3.479e-05
153	0.99112	0.0035689	0.0052892	2.1947e-05
154	0.99203	0.0026785	0.0052728	1.7432e-05
155	0.99221	0.0025259	0.0052513	1.748e-05
156	0.9934	0.0013543	0.0052366	1.1725e-05
157	0.99396	0.00086566	0.0051692	6.6958e-06
158	0.99427	0.00062737	0.0050978	4.3279e-06
159	0.97808	0.016887	0.0049442	8.6979e-05
160	0.93999	0.055049	0.0046794	0.00027951
161	0.91432	0.080786	0.0044871	0.00040238
162	0.85335	0.14183	0.0041337	0.00068883
163	0.81195	0.18329	0.0038864	0.00087173
164	0.78666	0.20865	0.0037158	0.00097686
165	0.77211	0.22327	0.0035957	0.0010304
166	0.73825	0.25719	0.0033867	0.0011719
167	0.7157	0.27981	0.0032373	0.001256
168	0.70329	0.29228	0.0031339	0.0012933
169	0.69697	0.29867	0.0030616	0.0013016
170	0.69717	0.29854	0.0030167	0.0012816
171	0.68649	0.30927	0.0029239	0.0013086
172	0.68165	0.31418	0.0028597	0.0013091
173	0.6833	0.3126	0.0028214	0.0012829
174	0.69177	0.30419	0.0028088	0.00123
175	0.70686	0.28916	0.0028242	0.0011513
176	0.7333	0.26279	0.0028797	0.0010316
177	0.74258	0.25358	0.0028693	0.00097986
178	0.74123	0.25499	0.0028161	0.00097015
179	0.74476	0.25151	0.0027838	0.00094158
180	0.75384	0.24249	0.0027742	0.00089247
181	0.77145	0.22494	0.0027929	0.00081411
182	0.80132	0.19513	0.002851	0.00069548
183	0.81301	0.1835	0.0028409	0.00064417
184	0.83399	0.16259	0.0028588	0.00056382
185	0.86537	0.13126	0.002912	0.0004504
186	0.87812	0.11857	0.0029041	0.00040062
187	0.84372	0.15303	0.0027371	0.00050893
188	0.82091	0.1759	0.0026155	0.00057412
189	0.80795	0.18892	0.0025262	0.00060607
190	0.80095	0.19597	0.0024595	0.00061738
191	0.79992	0.19706	0.0024107	0.0006101
192	0.80357	0.19347	0.0023783	0.00058834
193	0.81242	0.18466	0.0023632	0.00055119
194	0.82937	0.16777	0.0023694	0.00049197
195	0.85802	0.13917	0.0024053	0.00040224
196	0.8704	0.12685	0.0023916	0.00036118
197	0.89004	0.10726	0.0023989	0.00030112
198	0.91973	0.077617	0.0024341	0.0002151
199	0.93248	0.064917	0.0024237	0.0001767
200	0.95398	0.043471	0.0024335	0.00011719
201	0.98557	0.011924	0.0024701	3.27e-05
202	0.985	0.01254	0.0024231	3.3641e-05
203	0.98605	0.011537	0.002382	3.0378e-05
204	0.9889	0.0087321	0.0023472	2.2621e-05
205	0.99388	0.0037962	0.0023191	9.6908e-06
206	0.99375	0.0039656	0.0022796	9.7307e-06
207	0.99493	0.002823	0.0022424	6.775e-06
208	0.9974	0.00039277	0.0022097	8.7671e-07
209	0.99773	9.807e-05	0.0021711	1.5575e-07
210	0.99477	0.0030653	0.0021624	7.0143e-06
211	0.98856	0.0092716	0.0021469	2.1142e-05
212	0.98489	0.012942	0.0021377	2.938e-05
213	0.98324	0.014597	0.0021335	3.3008e-05
214	0.98336	0.014471	0.0021338	3.2589e-05
215	0.98562	0.012216	0.0021385	2.7575e-05
216	0.99003	0.007807	0.0021485	1.7627e-05
217	0.98841	0.0094291	0.002144	2.1343e-05
218	0.98856	0.0092728	0.0021431	2.12e-05
219	0.99022	0.007612	0.0021461	1.7654e-05
220	0.9901	0.0077377	0.0021455	1.8026e-05
221	0.99136	0.006474	0.0021485	1.5225e-05
222	0.99118	0.0066542	0.0021487	1.5632e-05
223	0.98281	0.015024	0.0021299	3.4847e-05
224	0.9782	0.019633	0.0021193	4.5687e-05
225	0.976	0.021838	0.0021146	5.0895e-05
226	0.96924	0.028595	0.0021002	6.6276e-05
227	0.96607	0.031762	0.0020935	7.3755e-05
228	0.96581	0.032023	0.002093	7.4844e-05
229	0.9482	0.049629	0.0020514	0.00011683
230	0.9077	0.090136	0.0019571	0.00021188
231	0.88043	0.1174	0.001895	0.00027505
232	0.8642	0.13363	0.0018575	0.00031345
233	0.85422	0.14361	0.0018353	0.00033698
234	0.8493	0.14853	0.0018253	0.00034865
235	0.84862	0.1492	0.0018256	0.00035048
236	0.85316	0.14467	0.001837	0.00034095
237	0.86251	0.13531	0.0018599	0.00032022
238	0.84995	0.14787	0.0018327	0.0003495
239	0.84287	0.15495	0.0018186	0.00036598
240	0.84137	0.15644	0.0018166	0.00037017
241	0.84512	0.15269	0.001826	0.00036286
242	0.8536	0.14421	0.0018466	0.00034459
243	0.86815	0.12966	0.0018819	0.00031212
244	0.76112	0.23668	0.001634	0.00056258
245	0.69386	0.30394	0.0014763	0.00072267
246	0.64761	0.35019	0.0013699	0.00083185
247	0.61941	0.37839	0.0013042	0.00090012
248	0.60109	0.3967	0.0012625	0.00094465
249	0.55611	0.44167	0.0011605	0.0010499
250	0.52876	0.46902	0.0010977	0.0011158
251	0.51108	0.4867	0.0010581	0.0011588
252	0.50095	0.49683	0.0010365	0.0011843
253	0.49818	0.49959	0.0010306	0.0011937
254	0.50076	0.49701	0.0010373	0.001191
255	0.50903	0.48874	0.0010573	0.0011753
256	0.52434	0.47342	0.0010939	0.0011433
257	0.54851	0.44925	0.0011517	0.0010905
258	0.58474	0.41301	0.0012387	0.0010089
259	0.59863	0.39912	0.0012752	0.00097801
260	0.62124	0.3765	0.0013336	0.00092571
261	0.65897	0.33877	0.0014271	0.00083816
262	0.71416	0.28357	0.0015648	0.00070673
263	0.79413	0.20359	0.0017665	0.00051177
264	0.92092	0.076792	0.0020806	0.00020421
265	0.92333	0.074374	0.0020957	0.00019894
266	0.90439	0.093303	0.0020594	0.00024565
267	0.89236	0.10532	0.0020405	0.00027546
268	0.86296	0.13471	0.001981	0.00034654
269	0.84362	0.15404	0.0019461	0.00039351
270	0.83161	0.16604	0.0019293	0.000423
271	0.80121	0.19642	0.0018705	0.00049511
272	0.73107	0.26655	0.0017121	0.00066573
273	0.6873	0.31031	0.0016139	0.00077584
274	0.65808	0.33951	0.0015519	0.00085026
275	0.64119	0.35639	0.0015183	0.0008961
276	0.63303	0.36455	0.001505	0.00092134
277	0.63047	0.36709	0.0015063	0.0009325
278	0.61601	0.38154	0.0014772	0.00097389
279	0.60839	0.38914	0.0014659	0.00099798
280	0.52919	0.46833	0.001272	0.0012044
281	0.47448	0.52303	0.0011411	0.0013483
282	0.43703	0.56046	0.0010542	0.0014488
283	0.41189	0.58559	0.00099835	0.0015187
284	0.3977	0.59977	0.00096833	0.0015626
285	0.39016	0.60729	0.00095561	0.0015897
286	0.38941	0.60803	0.00095928	0.0016002
287	0.3953	0.60213	0.00097926	0.0015941
288	0.40907	0.58835	0.0010188	0.0015683
289	0.43366	0.56374	0.0010852	0.0015155
290	0.47082	0.52656	0.0011858	0.001429
291	0.52513	0.47224	0.0013339	0.0012954
292	0.52685	0.4705	0.0013447	0.0012989
293	0.53579	0.46155	0.001374	0.0012838
294	0.5517	0.44563	0.0014228	0.0012496
295	0.55354	0.44377	0.0014356	0.0012521
296	0.561	0.4363	0.0014646	0.0012389
297	0.57531	0.42197	0.0015139	0.0012061
298	0.60083	0.39644	0.0015936	0.0011425
299	0.63944	0.35781	0.0017129	0.0010401
300	0.69588	0.30135	0.0018871	0.00088337
301	0.72	0.27721	0.0019714	0.0008173
302	0.75993	0.23727	0.0021014	0.00070512
303	0.81817	0.179	0.0022902	0.00053499
304	0.84576	0.1514	0.0023873	0.00045604
305	0.88641	0.11073	0.0025272	0.00033521
306	0.95141	0.04571	0.0027401	0.00014088
307	0.95955	0.037548	0.0027841	0.00011643
308	0.97253	0.024551	0.0028448	7.61e-05
309	0.99392	0.003138	0.0029313	9.5092e-06
310	0.99683	0.00021046	0.0029584	6.5633e-07
311	0.9968	0.00022321	0.002975	7.6136e-07
312	0.99687	0.00013893	0.0029915	6.6188e-07
313	0.97587	0.021134	0.0029281	6.2832e-05
314	0.96312	0.03389	0.0028884	0.00010101
315	0.95497	0.042038	0.0028634	0.00012493
316	0.95036	0.046657	0.0028497	0.00013804
317	0.94927	0.04774	0.002846	0.00014093
318	0.95095	0.046066	0.0028512	0.0001353
319	0.93585	0.061166	0.0028069	0.00017906
320	0.92623	0.070784	0.0027795	0.00020628
321	0.92169	0.075327	0.0027663	0.00021908
322	0.76181	0.2352	0.0022894	0.00069472
323	0.66096	0.33606	0.0019847	0.00099799
324	0.59198	0.40503	0.0017798	0.0012019
325	0.54907	0.44795	0.0016505	0.0013299
326	0.52308	0.47395	0.0015707	0.0014083
327	0.50843	0.48859	0.0015244	0.001453
328	0.50048	0.49654	0.0014995	0.0014767
329	0.47458	0.52244	0.0014222	0.0015532
330	0.45821	0.53882	0.0013746	0.0016004
331	0.41951	0.57752	0.0012599	0.0017144
332	0.39619	0.60084	0.0011897	0.0017838
333	0.38324	0.61378	0.0011499	0.0018227
334	0.37648	0.62055	0.0011295	0.0018425
335	0.37637	0.62066	0.0011284	0.0018428
336	0.38286	0.61417	0.0011463	0.001824
337	0.39571	0.60132	0.001184	0.0017858
338	0.41894	0.57809	0.0012514	0.0017177
339	0.45743	0.5396	0.0013619	0.0016062
340	0.51431	0.48272	0.0015286	0.0014391
341	0.60486	0.39217	0.0017906	0.0011764
342	0.73688	0.26015	0.0021793	0.00078743
343	0.80089	0.19614	0.0023651	0.00060119
344	0.82831	0.16872	0.0024459	0.00052033
345	0.84017	0.15686	0.0024798	0.00048615
346	0.84286	0.15417	0.0024858	0.00047961
347	0.85026	0.14677	0.0025069	0.00045854
348	0.86342	0.13362	0.0025461	0.00041968
349	0.88419	0.11284	0.0026097	0.00035701
350	0.88093	0.1161	0.0025995	0.00036778
351	0.88159	0.11544	0.0026022	0.00036618
352	0.88625	0.11078	0.0026181	0.00035192
353	0.89557	0.10146	0.0026493	0.00032275
354	0.91238	0.084648	0.0027028	0.00027101
355	0.90828	0.088742	0.0026913	0.00028408
356	0.9077	0.089323	0.0026914	0.00028599
357	0.91055	0.086466	0.0027029	0.00027696
358	0.90765	0.089368	0.002696	0.00028606
359	0.90829	0.088725	0.0027008	0.00028391
360	0.91256	0.084448	0.0027178	0.00027011
361	0.92207	0.074941	0.0027505	0.00024036
362	0.93716	0.05985	0.0028019	0.00019233
363	0.95982	0.037178	0.0028792	0.000119
364	0.97037	0.026629	0.0029165	8.5246e-05
365	0.97446	0.022535	0.0029342	7.1753e-05
366	0.98232	0.014666	0.0029633	4.6505e-05
367	0.98586	0.011124	0.0029778	3.5356e-05
368	0.99195	0.0050351	0.0030011	1.591e-05
369	0.99495	0.0020338	0.0030142	6.4475e-06
370	0.99474	0.0022409	0.0030169	7.1039e-06
371	0.9937	0.0032688	0.0030176	1.026e-05
372	0.99142	0.0055534	0.003014	1.7434e-05
373	0.99053	0.0064318	0.0030153	2.0161e-05
374	0.99117	0.0057915	0.003021	1.8307e-05
375	0.99318	0.0037808	0.0030315	1.2102e-05
376	0.99373	0.0032265	0.0030381	1.0359e-05
377	0.99544	0.0015096	0.0030488	4.8856e-06
378	0.99624	0.00069756	0.0030573	2.2489e-06
379	0.99562	0.0013172	0.0030619	4.1019e-06
380	0.99442	0.0025104	0.0030643	7.7796e-06
381	0.99166	0.0052604	0.0030627	1.6123e-05
382	0.99063	0.0062815	0.0030659	1.9291e-05
383	0.99112	0.0057912	0.0030734	1.7885e-05
384	0.99294	0.0039586	0.0030858	1.219e-05
385	0.99673	0.0001703	0.0031038	5.2075e-07
386	0.99628	0.00060959	0.0031077	1.9482e-06
387	0.99655	0.00033854	0.0031144	1.1119e-06
388	0.99387	0.0030084	0.0031122	9.7377e-06
389	0.99255	0.0043237	0.0031149	1.3961e-05
390	0.9924	0.0044587	0.003122	1.436e-05
391	0.99115	0.0057041	0.0031252	1.84e-05
392	0.99119	0.0056561	0.0031332	1.8225e-05
393	0.99275	0.0040954	0.0031456	1.3313e-05
394	0.993	0.0038294	0.0031545	1.2449e-05
395	0.98779	0.0090379	0.0031454	2.9382e-05
396	0.97577	0.021045	0.0031152	6.7917e-05
397	0.96883	0.027975	0.0031005	9.0667e-05
398	0.965	0.031798	0.0030967	0.00010314
399	0.96367	0.033124	0.0031017	0.00010736
400	0.96472	0.03206	0.0031153	0.00010361
401	0.96831	0.028457	0.0031382	9.1193e-05
402	0.97564	0.021117	0.003173	6.6506e-05
403	0.9785	0.018246	0.0031947	5.6089e-05
404	0.98383	0.012907	0.0032258	3.691e-05
405	0.98596	0.010761	0.0032455	2.8754e-05
406	0.98605	0.010586	0.0033328	3.1441e-05
407	0.98775	0.0087951	0.0034289	2.8794e-05
408	0.99126	0.0051895	0.0035349	1.9884e-05
409	0.99012	0.0062312	0.0036232	2.7001e-05
410	0.99026	0.0059886	0.0037204	2.8969e-05
411	0.98388	0.012263	0.0037877	6.4704e-05
412	0.93909	0.056948	0.0036506	0.00031156
413	0.9112	0.084727	0.0035905	0.00047961
414	0.89434	0.10148	0.0035823	0.0005941
415	0.85475	0.14096	0.0034377	0.00084886
416	0.82787	0.16772	0.0033638	0.0010367
417	0.8121	0.18339	0.003346	0.0011669
418	0.80406	0.19131	0.0033678	0.0012559
419	0.80209	0.19318	0.0034202	0.0013128
420	0.80474	0.19041	0.0035011	0.001345
421	0.69868	0.29644	0.0030558	0.0018207
422	0.62518	0.36991	0.0027554	0.0021527
423	0.57453	0.42053	0.0025563	0.0023846
424	0.46755	0.52747	0.0020985	0.0028746
425	0.40025	0.59475	0.0018081	0.0031968
426	0.35819	0.63677	0.0016265	0.00341
427	0.26222	0.73271	0.0011971	0.0038718
428	0.20168	0.79322	0.00092194	0.0041792
429	0.16019	0.83467	0.00073613	0.0043981
430	0.13428	0.86055	0.00061883	0.0045482
431	0.11664	0.87816	0.00054086	0.0046599
432	0.1051	0.88966	0.00049201	0.0047434
433	0.075435	0.91929	0.00035828	0.0049127
434	0.056815	0.93788	0.000273	0.0050333
435	0.045273	0.94939	0.00021948	0.0051219
436	0.038351	0.95627	0.00018717	0.005189
437	0.034573	0.96002	0.00016968	0.0052411
438	0.033124	0.96143	0.00016344	0.0052817
439	0.033264	0.96126	0.00016578	0.0053146
440	0.035491	0.95899	0.00017867	0.0053367
441	0.04028	0.95417	0.00020472	0.0053455
442	0.04002	0.9544	0.00020359	0.0053811
443	0.04154	0.95284	0.00021243	0.0054077
444	0.04497	0.94937	0.00023211	0.0054244
445	0.0516	0.94271	0.00026861	0.005424
446	0.061788	0.93248	0.0003257	0.005404
447	0.078423	0.91581	0.00041745	0.005349
448	0.074058	0.92014	0.00039516	0.0054091
449	0.073076	0.92108	0.00039101	0.0054509
450	0.074505	0.91961	0.00040106	0.0054794
451	0.068929	0.92515	0.0003719	0.0055481
452	0.066075	0.92796	0.0003586	0.005602
453	0.065656	0.92834	0.0003597	0.0056425
454	0.057956	0.936	0.00031963	0.0057252
455	0.053212	0.9407	0.00029649	0.0057921
456	0.051458	0.94241	0.00028959	0.0058425
457	0.043461	0.95036	0.00024502	0.0059302
458	0.038274	0.95551	0.00021702	0.0060024
459	0.035287	0.95845	0.00020212	0.0060627
460	0.034537	0.95915	0.00019979	0.0061101
461	0.035866	0.95778	0.00020955	0.0061451
462	0.039546	0.95405	0.00023326	0.0061659
463	0.037813	0.95574	0.00022421	0.0062206
464	0.038284	0.95523	0.00022821	0.006262
465	0.040533	0.95293	0.00024392	0.0062928
466	0.03809	0.95533	0.00022939	0.0063535
467	0.037436	0.95593	0.0002266	0.0064037
468	0.038956	0.95437	0.00023704	0.0064403
469	0.042971	0.9503	0.00026276	0.0064614
470	0.049452	0.94378	0.00030513	0.006467
471	0.060444	0.93274	0.00037565	0.0064441
472	0.07829	0.91484	0.00048879	0.0063783
473	0.10406	0.88902	0.0006558	0.0062598
474	0.14164	0.8514	0.0009048	0.0060605
475	0.15698	0.83601	0.0010132	0.0060033
476	0.147	0.84593	0.00095173	0.0061172
477	0.14155	0.85132	0.00092207	0.0062008
478	0.14073	0.8521	0.00092271	0.0062537
479	0.14332	0.84945	0.00094832	0.006283
480	0.1149	0.87781	0.0007587	0.0065289
481	0.095621	0.89703	0.0006323	0.0067132
482	0.082748	0.90985	0.00055004	0.0068548
483	0.07446	0.91807	0.0004994	0.0069663
484	0.069472	0.923	0.00047174	0.0070563
485	0.067852	0.92456	0.00046645	0.0071235
486	0.068546	0.9238	0.00047874	0.0071748
487	0.072447	0.91984	0.00051432	0.0072023
488	0.080366	0.91185	0.00057998	0.0071993
489	0.092714	0.89944	0.00068268	0.0071608
490	0.11299	0.8791	0.00084726	0.0070601
491	0.14242	0.8496	0.0010905	0.0068823
492	0.18544	0.80652	0.0014533	0.0065867
493	0.20473	0.78717	0.0016236	0.0064831
494	0.23639	0.75544	0.0018948	0.0062781
495	0.28713	0.70463	0.002321	0.0059175
496	0.28759	0.70411	0.0023439	0.0059619
497	0.29416	0.69746	0.0024163	0.0059564
498	0.28926	0.7023	0.0023951	0.0060462
499	0.29037	0.70112	0.0024227	0.0060867
500	0.29773	0.69369	0.0025018	0.006075
501	0.31127	0.68008	0.0026378	0.0060084
502	0.33513	0.65616	0.0028616	0.0058534
503	0.37056	0.62066	0.0031942	0.0055916
504	0.42764	0.5635	0.0037157	0.0051402
505	0.51115	0.47992	0.0044897	0.0044384
506	0.63289	0.35811	0.0056382	0.0033645
507	0.80792	0.183	0.0073218	0.0017581
508	0.83086	0.15999	0.0075887	0.0015633
509	0.83997	0.15039	0.0080046	0.0016373
510	0.83944	0.15041	0.0083478	0.001801
511	0.80205	0.18728	0.0081182	0.0025551
512	0.7771	0.21169	0.0080663	0.0031501
513	0.76267	0.22557	0.0081474	0.003605
514	0.72687	0.26123	0.0078447	0.004057
515	0.70288	0.28507	0.0076805	0.0043757
516	0.68939	0.2984	0.0076307	0.004578
517	0.58085	0.40679	0.0063896	0.0059694
518	0.5126	0.4749	0.0056061	0.0069015
519	0.47002	0.51732	0.0051216	0.0075329
520	0.4412	0.54599	0.0048122	0.0079936
521	0.42452	0.56252	0.0046472	0.0083085
522	0.41482	0.57207	0.0045741	0.0085358
523	0.38507	0.60166	0.0042366	0.0090318
524	0.36543	0.62114	0.0040307	0.0094009
525	0.35352	0.63288	0.0039264	0.009673
526	0.32351	0.66273	0.0035667	0.010199
527	0.30574	0.68033	0.0033593	0.010571
528	0.29508	0.69082	0.0032492	0.010851
529	0.28985	0.69587	0.0032134	0.011061
530	0.28936	0.69619	0.0032433	0.01121
531	0.29492	0.69045	0.0033499	0.011281
532	0.26429	0.7209	0.0029469	0.011866
533	0.24595	0.73906	0.0027064	0.012287
534	0.23441	0.75041	0.0025635	0.012616
535	0.2062	0.77844	0.0021586	0.013205
536	0.18719	0.79726	0.0018889	0.013663
537	0.17487	0.80938	0.0017163	0.014029
538	0.1676	0.81645	0.0016157	0.014328
539	0.16443	0.81942	0.0015721	0.014575
540	0.16507	0.81857	0.0015798	0.014776
541	0.15587	0.82773	0.0015165	0.014878
542	0.15206	0.83151	0.0015119	0.014922
543	0.15283	0.8307	0.0015645	0.014908
544	0.11985	0.86364	0.0012174	0.015293
545	0.097372	0.88608	0.0009856	0.015565
546	0.082213	0.9012	0.00083377	0.015757
547	0.072226	0.91114	0.00073875	0.015894
548	0.066775	0.91655	0.00069192	0.015982
549	0.064708	0.91858	0.00068383	0.016032
550	0.064991	0.91825	0.00070739	0.016051
551	0.067665	0.91553	0.00076613	0.016036
552	0.073888	0.90927	0.00087689	0.015968
553	0.073041	0.91007	0.00088204	0.016008
554	0.07469	0.90837	0.00092491	0.016011
555	0.07907	0.90395	0.001012	0.015971
556	0.0868	0.89617	0.0011565	0.015876
557	0.086822	0.8961	0.0011781	0.015904
558	0.089627	0.89324	0.0012459	0.015888
559	0.085017	0.8978	0.0011993	0.015988
560	0.084006	0.89875	0.0012046	0.016035
561	0.086395	0.89631	0.0012629	0.016029
562	0.082078	0.90058	0.0012107	0.016133
563	0.0805	0.9021	0.0012029	0.016194
564	0.082221	0.90033	0.001247	0.016203
565	0.076993	0.9055	0.001175	0.016327
566	0.075318	0.90713	0.0011578	0.016397
567	0.076182	0.90621	0.0011844	0.016424
568	0.080442	0.9019	0.0012671	0.016394
569	0.088988	0.8933	0.0014218	0.016292
570	0.10363	0.87861	0.0016795	0.016087
571	0.12746	0.85473	0.002092	0.015727
572	0.16195	0.82018	0.0026993	0.015173
573	0.21682	0.76525	0.0036537	0.014271
574	0.24029	0.74173	0.0040771	0.013903
575	0.27854	0.70343	0.0047547	0.013279
576	0.33397	0.64794	0.0057522	0.012338
577	0.35945	0.62241	0.0062154	0.01193
578	0.39768	0.58412	0.0069187	0.011283
579	0.4124	0.56934	0.0072095	0.011052
580	0.43827	0.54341	0.0076988	0.010621
581	0.47722	0.5044	0.0084412	0.0099386
582	0.53402	0.44754	0.0095356	0.0089065
583	0.53581	0.44569	0.009607	0.0088997
584	0.54469	0.43674	0.0098086	0.0087619
585	0.56045	0.42092	0.010149	0.0084871
586	0.58518	0.39612	0.010675	0.0080298
587	0.62215	0.35907	0.011458	0.0073177
588	0.6818	0.29935	0.012683	0.0061617
589	0.66712	0.31397	0.012442	0.0064715
590	0.65895	0.32206	0.012333	0.0066511
591	0.65624	0.32471	0.012337	0.0067217
592	0.65861	0.32226	0.012446	0.0066886
593	0.66794	0.31285	0.012691	0.0065191
594	0.68619	0.29452	0.013111	0.0061728
595	0.67289	0.30774	0.012907	0.0064535
596	0.66583	0.31473	0.012831	0.0066088
597	0.66423	0.31625	0.01287	0.0066525
598	0.66907	0.31133	0.013035	0.0065688
599	0.68139	0.29893	0.01335	0.0063338
600	0.61872	0.36152	0.012137	0.0076262
601	0.57977	0.40039	0.011384	0.0084571
602	0.5563	0.42378	0.010936	0.0089819
603	0.54147	0.43854	0.010673	0.0093246
604	0.53484	0.44508	0.010572	0.0095042
605	0.53503	0.44482	0.010606	0.0095473
606	0.54077	0.43899	0.010761	0.0094724
607	0.55452	0.42517	0.011075	0.0092372
608	0.57657	0.40303	0.01157	0.0088241
609	0.6103	0.36923	0.012323	0.0081561
610	0.60475	0.37468	0.012261	0.0083055
611	0.60584	0.3735	0.012334	0.0083187
612	0.59428	0.38498	0.012144	0.0085986
613	0.5902	0.38896	0.012107	0.0087243
614	0.59137	0.3877	0.012188	0.0087343
615	0.59795	0.38103	0.012394	0.008623
616	0.59283	0.38606	0.012341	0.0087693
617	0.59317	0.38562	0.012413	0.0087938
618	0.60031	0.37839	0.012629	0.0086727
619	0.57086	0.40774	0.012058	0.0093433
620	0.5538	0.4247	0.011742	0.0097567
621	0.54551	0.4329	0.011611	0.0099847
622	0.45426	0.52405	0.0096521	0.012043
623	0.39181	0.58639	0.0083369	0.013461
624	0.35293	0.62517	0.0075138	0.014386
625	0.32934	0.64866	0.0070151	0.014986
626	0.31411	0.66379	0.0067086	0.015397
627	0.30524	0.67255	0.0065478	0.015664
628	0.30284	0.67484	0.0065254	0.015793
629	0.3053	0.67227	0.0066177	0.01581
630	0.31429	0.66318	0.0068537	0.015682
631	0.33172	0.64564	0.0072768	0.015366
632	0.33523	0.64202	0.0073824	0.015366
633	0.34425	0.63289	0.0076211	0.015237
634	0.31871	0.65829	0.0070747	0.015919
635	0.304	0.67287	0.0067672	0.016362
636	0.29697	0.67976	0.0066322	0.016631
637	0.29612	0.68048	0.0066367	0.016759
638	0.29995	0.67652	0.0067569	0.016775
639	0.30915	0.66717	0.0070113	0.016661
640	0.32682	0.64937	0.0074607	0.016351
641	0.35371	0.62234	0.0081435	0.015811
642	0.3939	0.582	0.0091695	0.014932
643	0.39043	0.58532	0.0091472	0.015106
644	0.37256	0.60303	0.0087786	0.015631
645	0.36341	0.61203	0.0086118	0.015953
646	0.36104	0.61425	0.0086056	0.016112
647	0.3636	0.61152	0.0087298	0.016145
648	0.373	0.60197	0.0090216	0.016009
649	0.38914	0.58567	0.0094971	0.015695
650	0.41703	0.55762	0.01027	0.015081
651	0.45823	0.51626	0.011413	0.014101
652	0.45527	0.51904	0.011423	0.014261
653	0.45892	0.51523	0.0116	0.014252
654	0.46824	0.50573	0.01194	0.014086
655	0.48476	0.48903	0.01249	0.013713
656	0.51342	0.4602	0.013372	0.013009
657	0.55583	0.41761	0.014668	0.011895
658	0.62387	0.34939	0.01668	0.010062
659	0.72334	0.24973	0.019656	0.007273
660	0.86654	0.10634	0.024002	0.0031194
661	0.88433	0.088346	0.024722	0.0025994
662	0.91382	0.05866	0.025787	0.0017314
663	0.96131	0.010973	0.027384	0.00032852
664	0.96729	0.0047995	0.02777	0.00014324
665	0.97013	0.0017627	0.028059	5.2593e-05
666	0.97155	0.00014711	0.028301	4.668e-06
667	0.97123	0.00025767	0.028499	8.4238e-06
668	0.971	0.00029609	0.028695	1.0967e-05
669	0.9697	0.0013841	0.02886	5.282e-05
670	0.96749	0.0033985	0.028981	0.00013437
671	0.96667	0.0040118	0.029147	0.00016801
672	0.96713	0.003359	0.029352	0.00015947
673	0.96375	0.0066768	0.029313	0.00025555
674	0.96231	0.0080621	0.029331	0.0002929
675	0.96229	0.0080223	0.0294	0.00028335
676	0.96395	0.0063104	0.029521	0.00021957
677	0.96395	0.0062515	0.029579	0.00021476
678	0.96238	0.0077741	0.029589	0.00026013
679	0.96243	0.0076637	0.029648	0.00025511
680	0.96387	0.0061721	0.029756	0.0002047
681	0.96724	0.0027435	0.029923	9.2919e-05
682	0.96679	0.0031389	0.02997	0.00010503
683	0.96736	0.0025005	0.030053	8.3462e-05
684	0.96906	0.00073812	0.030176	2.4664e-05
685	0.96892	0.00080997	0.030241	2.6118e-05
686	0.96962	4.6747e-05	0.030332	1.4846e-06
687	0.96959	1.4219e-05	0.030398	4.5783e-07
688	0.96947	6.9003e-05	0.030463	2.2525e-06
689	0.9681	0.0013659	0.030492	4.4166e-05
690	0.96766	0.0017334	0.030554	5.5984e-05
691	0.96651	0.0028069	0.030597	8.9757e-05
692	0.96652	0.0027186	0.030675	8.7367e-05
693	0.96754	0.0016202	0.030789	5.1886e-05
694	0.96796	0.0011241	0.030882	3.6196e-05
695	0.96795	0.0010484	0.030965	3.3497e-05
696	0.96887	5.6161e-05	0.031076	1.7789e-06
697	0.96884	2.4841e-06	0.031155	8.1169e-08
698	0.96872	4.8132e-05	0.031235	1.5801e-06
699	0.96853	0.00014854	0.031316	4.838e-06
700	0.96782	0.00077818	0.031378	2.5772e-05
701	0.9667	0.0018139	0.031424	6.1136e-05
702	0.96662	0.001814	0.031502	6.2894e-05
703	0.96305	0.0052973	0.031464	0.00018437
704	0.96112	0.007141	0.031486	0.000249
705	0.96059	0.0075897	0.03156	0.00026556
706	0.96141	0.006671	0.031685	0.0002348
707	0.96369	0.0042949	0.031865	0.00015287
708	0.96773	0.00014785	0.032113	7.386e-06
709	0.95004	0.017789	0.031554	0.00061736
710	0.93935	0.028431	0.03123	0.00099245
711	0.93271	0.035017	0.031052	0.0012229
712	0.91804	0.049638	0.030588	0.0017395
713	0.90874	0.058881	0.030318	0.0020637
714	0.90422	0.063347	0.030207	0.0022276
715	0.89184	0.07567	0.029831	0.0026601
716	0.86259	0.10486	0.028885	0.003665
717	0.84322	0.12417	0.028287	0.0043235
718	0.79761	0.16971	0.026825	0.0058498
719	0.76954	0.19772	0.02593	0.0068079
720	0.753	0.2142	0.025413	0.0073871
721	0.7445	0.22264	0.025161	0.0076989
722	0.74122	0.22586	0.025098	0.007825
723	0.74272	0.22429	0.025208	0.0077818
724	0.75035	0.21659	0.025522	0.0075323
725	0.74792	0.21897	0.025474	0.0076412
726	0.75005	0.21677	0.025591	0.0075868
727	0.75704	0.20971	0.025885	0.007358
728	0.77155	0.19515	0.026433	0.0068754
729	0.79413	0.1725	0.027275	0.0060999
730	0.82777	0.13878	0.028529	0.0049159
731	0.882	0.084488	0.030495	0.0030195
732	0.96139	0.0050206	0.033401	0.0001845
733	0.96152	0.0048175	0.033485	0.00017625
734	0.96048	0.0057743	0.033532	0.00020843
735	0.9607	0.0054787	0.033628	0.00019533
736	0.95967	0.006424	0.033678	0.00022699
737	0.96013	0.0058831	0.033777	0.00020747
738	0.9622	0.0037421	0.03393	0.00013238
739	0.96047	0.0053847	0.033954	0.00018953
740	0.96023	0.0055494	0.034028	0.00019575
741	0.95866	0.0070336	0.034052	0.00024989
742	0.95498	0.010645	0.033996	0.00038262
743	0.95319	0.012356	0.034013	0.00044522
744	0.95305	0.012408	0.034096	0.00044675
745	0.95486	0.010518	0.034245	0.00037983
746	0.95476	0.010536	0.034322	0.00038277
747	0.95622	0.0089943	0.034462	0.00032758
748	0.95601	0.0091213	0.034538	0.00033405
749	0.95727	0.0077749	0.034673	0.00028529
750	0.96051	0.0044438	0.034877	0.00016547
751	0.95924	0.0056289	0.034922	0.00020955
752	0.95941	0.0053746	0.035016	0.00020186
753	0.96082	0.0038723	0.035161	0.00014681
754	0.96371	0.00088318	0.035368	3.4432e-05
755	0.96264	0.0018685	0.035422	7.3046e-05
756	0.96247	0.0019414	0.035514	7.6723e-05
757	0.95683	0.0074866	0.035389	0.00029682
758	0.95342	0.010795	0.035356	0.00042811
759	0.95213	0.011985	0.035401	0.00047987
760	0.95271	0.011309	0.035514	0.0004616
761	0.95494	0.0089884	0.035696	0.00037856
762	0.95917	0.004655	0.035962	0.00021561
763	0.95845	0.0052603	0.036037	0.00024897
764	0.95913	0.0044811	0.036164	0.00022695
765	0.96108	0.0024184	0.036349	0.00015212
766	0.9618	0.0015872	0.036486	0.00012998
767	0.95596	0.0073048	0.036147	0.00058857
768	0.8141	0.14914	0.029206	0.0075559
769	0.72451	0.2387	0.024763	0.012025
770	0.66253	0.30066	0.021729	0.015087
771	0.62405	0.33911	0.019809	0.017034
772	0.60088	0.36225	0.018616	0.018253
773	0.58621	0.37689	0.017846	0.019051
774	0.57831	0.38477	0.017396	0.019532
775	0.57719	0.38585	0.017224	0.019732
776	0.58125	0.38176	0.017261	0.019726
777	0.59101	0.37197	0.017509	0.01951
778	0.50535	0.45767	0.014841	0.022144
779	0.45157	0.51148	0.013147	0.023803
780	0.41473	0.54835	0.012009	0.024908
781	0.39258	0.57054	0.011323	0.025561
782	0.37856	0.58459	0.010908	0.025943
783	0.37228	0.5909	0.010741	0.026078
784	0.37111	0.5921	0.010756	0.026031
785	0.37627	0.58697	0.010993	0.025762
786	0.38734	0.57593	0.011462	0.025263
787	0.38645	0.57685	0.011486	0.02521
788	0.392	0.57134	0.011739	0.024928
789	0.40336	0.56	0.012223	0.024416
790	0.42439	0.539	0.013074	0.023537
791	0.45607	0.50735	0.014366	0.022217
792	0.46733	0.49611	0.014848	0.02171
793	0.48601	0.47745	0.01564	0.020894
794	0.51458	0.44891	0.016856	0.019656
795	0.55736	0.40615	0.018697	0.017794
796	0.62592	0.33761	0.021601	0.014869
797	0.65527	0.30828	0.022863	0.013587
798	0.66552	0.29804	0.023326	0.013106
799	0.68279	0.2808	0.024099	0.012316
800	0.7123	0.25131	0.025384	0.011014
801	0.76026	0.20336	0.027439	0.008941
802	0.78048	0.18315	0.028319	0.0080444
803	0.8141	0.14955	0.029756	0.0065899
804	0.86323	0.10043	0.03189	0.0044411
805	0.93438	0.029306	0.035027	0.0012903
806	0.94475	0.01895	0.035467	0.00083521
807	0.94949	0.014223	0.035658	0.00062914
808	0.95123	0.012501	0.035717	0.00055366
809	0.95535	0.0083976	0.03587	0.00038355
810	0.95681	0.0069507	0.035915	0.00032299
811	0.9102	0.053572	0.033998	0.0022277
812	0.88121	0.082582	0.032784	0.0034285
813	0.86194	0.10186	0.031986	0.0042149
814	0.81774	0.14607	0.030213	0.0059782
815	0.7876	0.17622	0.029021	0.0071623
816	0.76753	0.19629	0.028239	0.0079383
817	0.75509	0.20874	0.027763	0.0084095
818	0.74963	0.21421	0.027547	0.0086203
819	0.74898	0.21486	0.027524	0.0086394
820	0.7541	0.20974	0.027716	0.008443
821	0.76455	0.1993	0.028122	0.008034
822	0.78196	0.18189	0.028811	0.0073432
823	0.78711	0.17673	0.029029	0.0071259
824	0.79888	0.16496	0.029498	0.0066564
825	0.81788	0.14596	0.030266	0.0058898
826	0.82525	0.13859	0.030563	0.0055927
827	0.83964	0.12421	0.031127	0.0050289
828	0.86199	0.10185	0.032018	0.0041396
829	0.85922	0.10462	0.031913	0.0042446
830	0.86011	0.10373	0.031958	0.0042024
831	0.86481	0.099027	0.032158	0.0040066
832	0.87397	0.089863	0.032543	0.0036268
833	0.89033	0.073496	0.033209	0.0029659
834	0.91515	0.048666	0.034232	0.0019497
835	0.95519	0.0086179	0.035854	0.00033307
836	0.95604	0.0077719	0.035892	0.00029809
837	0.95871	0.0050961	0.035998	0.00019466
838	0.95979	0.0040142	0.03604	0.00015349
839	0.95982	0.0039838	0.036041	0.00015318
840	0.96096	0.0028404	0.036087	0.00010968
841	0.95885	0.0049502	0.036013	0.00018818
842	0.95403	0.0097618	0.035832	0.00037121
843	0.95137	0.012417	0.035738	0.00047015
844	0.95077	0.013017	0.035719	0.00049339
845	0.9521	0.011688	0.03577	0.00044552
846	0.95521	0.0085673	0.035892	0.00032802
847	0.95608	0.0076969	0.035933	0.00029405
848	0.95877	0.004995	0.03604	0.00019211
849	0.96345	0.00031391	0.036228	1.2403e-05
850	0.96354	0.0002124	0.036241	8.4362e-06
851	0.963	0.00073505	0.036232	2.8626e-05
852	0.96319	0.000536	0.036253	2.0971e-05
853	0.96329	0.00042802	0.036268	1.7416e-05
854	0.96224	0.0014625	0.03624	5.9434e-05
855	0.95326	0.010429	0.035898	0.00041751
856	0.93315	0.030517	0.035125	0.001208
857	0.921	0.042649	0.034656	0.0016934
858	0.91347	0.05016	0.034377	0.0019907
859	0.91011	0.053508	0.034256	0.0021296
860	0.90966	0.053936	0.034254	0.0021512
861	0.91207	0.051506	0.034368	0.0020585
862	0.89829	0.065259	0.033845	0.0026025
863	0.88964	0.073886	0.03353	0.0029395
864	0.88582	0.077687	0.033398	0.003094
865	0.87335	0.090136	0.032936	0.0035795
866	0.86587	0.09759	0.032675	0.0038656
867	0.8624	0.10103	0.032575	0.0039929
868	0.86248	0.10093	0.032618	0.0039788
869	0.86705	0.096329	0.032831	0.0037945
870	0.87706	0.086289	0.03325	0.0034028
871	0.89464	0.068682	0.033955	0.0027241
872	0.92083	0.042459	0.035012	0.0016951
873	0.95959	0.0036741	0.036592	0.00014637
874	0.96082	0.0024168	0.036671	9.6733e-05
875	0.9593	0.0039026	0.036639	0.00015624
876	0.95894	0.0042387	0.036655	0.00016988
877	0.95725	0.0058909	0.036622	0.00023412
878	0.95686	0.0062461	0.036644	0.00024685
879	0.95796	0.0051186	0.03672	0.00020318
880	0.9579	0.005145	0.036749	0.00020571
881	0.95904	0.0039751	0.036829	0.00016047
882	0.96152	0.0014545	0.036965	6.0799e-05
883	0.96272	0.0002115	0.037053	1.1171e-05
884	0.95502	0.0078763	0.036692	0.00040913
885	0.95022	0.012642	0.036481	0.00065977
886	0.93911	0.023705	0.035953	0.0012296
887	0.93201	0.030762	0.03563	0.0015966
888	0.92798	0.034745	0.035461	0.0018129
889	0.89114	0.071544	0.033612	0.0037065
890	0.86601	0.096618	0.032377	0.0049899
891	0.8493	0.11329	0.031572	0.0058448
892	0.81358	0.14895	0.02979	0.0076763
893	0.73968	0.22281	0.026009	0.011506
894	0.68933	0.2731	0.023469	0.014096
895	0.65829	0.30409	0.021873	0.015741
896	0.63807	0.32426	0.020837	0.016829
897	0.6273	0.33499	0.020244	0.017474
898	0.62368	0.33856	0.01997	0.017798
899	0.62512	0.33706	0.01992	0.0179
900	0.63201	0.33012	0.020092	0.017783
901	0.64532	0.31675	0.020507	0.017424
902	0.66915	0.29287	0.021276	0.016711
903	0.7085	0.25346	0.022547	0.015495
904	0.72451	0.23746	0.0234	0.014629
905	0.74924	0.21274	0.024711	0.013306
906	0.78985	0.17214	0.026812	0.011192
907	0.80706	0.15494	0.027721	0.010273
908	0.83598	0.12604	0.029209	0.0087731
909	0.87839	0.08364	0.031419	0.0065538
910	0.88189	0.080143	0.031594	0.0063706
911	0.88918	0.072857	0.031971	0.0059864
912	0.90123	0.060818	0.032607	0.0053465
913	0.89645	0.065679	0.032448	0.005428
914	0.89496	0.067238	0.032457	0.0053444
915	0.89718	0.065091	0.032667	0.0050592
916	0.90357	0.058777	0.033131	0.0045185
917	0.91439	0.048036	0.033907	0.0036693
918	0.93266	0.02984	0.03519	0.0023113
919	0.92576	0.036816	0.03485	0.002571
920	0.92201	0.040644	0.034655	0.0026881
921	0.92146	0.041277	0.034603	0.0026618
922	0.91578	0.047027	0.034321	0.0028689
923	0.91381	0.049075	0.034195	0.002918
924	0.9151	0.047865	0.034213	0.0028213
925	0.91188	0.051159	0.034027	0.0029329
926	0.91145	0.051664	0.03397	0.0029174
927	0.90604	0.05715	0.033685	0.0031292
928	0.90447	0.058791	0.033561	0.0031792
929	0.90574	0.057589	0.033568	0.0031006
930	0.91002	0.053383	0.033716	0.0028837
931	0.91885	0.044619	0.034065	0.0024652
932	0.93263	0.030911	0.034651	0.0018126
933	0.95341	0.010186	0.035579	0.00082097
934	0.95234	0.011479	0.035347	0.00083278
935	0.94823	0.015798	0.034991	0.0009778
936	0.93913	0.025118	0.034429	0.001324
937	0.93426	0.030206	0.03403	0.0015047
938	0.93202	0.032655	0.033748	0.0015756
939	0.9249	0.03999	0.033267	0.0018428
940	0.92171	0.043397	0.032933	0.0019583
941	0.92117	0.044153	0.032716	0.0019661
942	0.92324	0.042278	0.032613	0.0018674
943	0.92093	0.044784	0.032346	0.0019397
944	0.92179	0.044122	0.032195	0.0018934
945	0.92597	0.040146	0.032164	0.0017235
946	0.93352	0.032789	0.032274	0.0014205
947	0.94533	0.021161	0.032561	0.00094799
948	0.96295	0.0037185	0.033088	0.00024214
949	0.96589	0.0013399	0.032684	8.2892e-05
950	0.96635	0.0014573	0.032119	7.5409e-05
951	0.96764	0.0007205	0.031609	3.4684e-05
952	0.96855	0.00033344	0.0311	1.4615e-05
953	0.96864	0.00075671	0.030578	2.7159e-05
954	0.96942	0.0004657	0.030098	1.6133e-05
955	0.9691	0.0012601	0.029601	4.0362e-05
956	0.96958	0.0012329	0.029148	3.8372e-05
957	0.96117	0.010106	0.028419	0.0003047
958	0.95658	0.015169	0.027801	0.00045193
959	0.95428	0.017924	0.027275	0.0005249
960	0.95395	0.018685	0.026827	0.00053692
961	0.95028	0.022772	0.026306	0.00063863
962	0.94937	0.024113	0.025854	0.00066374
963	0.95093	0.022989	0.025461	0.0006228
964	0.95519	0.019162	0.02513	0.00051333
965	0.96222	0.012562	0.024885	0.00033311
966	0.97288	0.0023088	0.024748	6.1272e-05
967	0.97458	0.00099722	0.024393	2.596e-05
968	0.97457	0.0014053	0.023985	3.5772e-05
969	0.97538	0.00097754	0.023614	2.4424e-05
970	0.97583	0.00089476	0.02325	2.1621e-05
971	0.97443	0.0026771	0.022834	6.3081e-05
972	0.97415	0.0033148	0.022462	7.6128e-05
973	0.96696	0.010871	0.021927	0.00024525
974	0.96316	0.015037	0.021466	0.00033475
975	0.96188	0.016696	0.021056	0.00036694
976	0.96277	0.016197	0.020686	0.00035219
977	0.96553	0.013798	0.020372	0.00029656
978	0.97053	0.0091555	0.020118	0.00019465
979	0.97842	0.00161	0.019936	3.4159e-05
980	0.97819	0.0021658	0.019597	4.4551e-05
981	0.97902	0.00167	0.019273	3.4041e-05
982	0.97738	0.0036545	0.018893	7.3657e-05
983	0.97698	0.0043841	0.018552	8.6902e-05
984	0.97772	0.0039605	0.018247	7.7278e-05
985	0.97966	0.0023226	0.017977	4.4673e-05
986	0.98055	0.0017169	0.017698	3.2142e-05
987	0.98096	0.0016114	0.0174	2.9684e-05
988	0.98225	0.00060757	0.017129	1.1109e-05
989	0.9831	3.3763e-05	0.016862	6.1048e-07
990	0.98288	0.00052197	0.016588	8.869e-06
