#coord	neutral	conserved	gBGC.neutral	gBGC.conserved
1	0.89503	0.094972	0.0090407	0.00095932
2	0.90267	0.087328	0.0091179	0.0008821
3	0.91159	0.078414	0.0092079	0.00079206
4	0.92206	0.067942	0.0093137	0.00068628
5	0.93419	0.055807	0.0094363	0.00056371
6	0.94833	0.041673	0.0095791	0.00042094
7	0.96413	0.025869	0.0097387	0.0002613
8	0.96888	0.021117	0.0097867	0.00021331
9	0.97457	0.015429	0.0098442	0.00015585
10	0.97537	0.014631	0.0098522	0.00014779
11	0.97225	0.01775	0.0098207	0.0001793
12	0.96992	0.020083	0.0097971	0.00020285
13	0.96843	0.021565	0.0097822	0.00021783
14	0.96772	0.022285	0.0097749	0.0002251
15	0.96775	0.022251	0.0097752	0.00022476
16	0.96263	0.027368	0.0097236	0.00027645
17	0.94508	0.04492	0.0095463	0.00045374
18	0.9293	0.060697	0.0093869	0.0006131
19	0.91521	0.074787	0.0092446	0.00075542
20	0.90315	0.086847	0.0091228	0.00087724
21	0.89254	0.097457	0.0090156	0.00098441
22	0.88353	0.10647	0.0089246	0.0010754
23	0.87584	0.11416	0.0088469	0.0011531
24	0.86939	0.12061	0.0087817	0.0012183
25	0.86415	0.12585	0.0087287	0.0012713
26	0.86008	0.12992	0.0086877	0.0013123
27	0.85747	0.13253	0.0086613	0.0013387
28	0.8563	0.1337	0.0086495	0.0013505
29	0.85622	0.13378	0.0086486	0.0013514
30	0.85741	0.13259	0.0086607	0.0013393
31	0.85971	0.13029	0.0086839	0.0013161
32	0.86313	0.12687	0.0087185	0.0012815
33	0.86769	0.12231	0.0087646	0.0012354
34	0.86116	0.12884	0.0086986	0.0013014
35	0.85604	0.13396	0.0086469	0.0013531
36	0.85209	0.13791	0.008607	0.001393
37	0.84947	0.14053	0.0085805	0.0014195
38	0.84799	0.14201	0.0085655	0.0014345
39	0.84762	0.14238	0.0085618	0.0014382
40	0.84835	0.14165	0.0085692	0.0014308
41	0.85022	0.13978	0.0085881	0.0014119
42	0.85321	0.13679	0.0086183	0.0013817
43	0.85735	0.13265	0.0086601	0.0013399
44	0.86266	0.12734	0.0087138	0.0012862
45	0.86919	0.12081	0.0087797	0.0012203
46	0.87698	0.11302	0.0088584	0.0011416
47	0.88631	0.10369	0.0089526	0.0010474
48	0.89747	0.092528	0.0090654	0.00093463
49	0.91012	0.079875	0.0091932	0.00080682
50	0.92438	0.06562	0.0093372	0.00066283
51	0.94087	0.049129	0.0095037	0.00049625
52	0.95919	0.030805	0.0096888	0.00031116
53	0.96461	0.025387	0.0097436	0.00025643
54	0.95761	0.032385	0.0096729	0.00032712
55	0.95192	0.03808	0.0096153	0.00038465
56	0.94745	0.042546	0.0095702	0.00042976
57	0.94395	0.046049	0.0095349	0.00046514
58	0.94149	0.048506	0.00951	0.00048996
59	0.94015	0.04985	0.0094965	0.00050353
60	0.9399	0.050098	0.009494	0.00050604
61	0.94054	0.049457	0.0095004	0.00049956
62	0.94208	0.047922	0.0095159	0.00048406
63	0.94463	0.045365	0.0095418	0.00045823
64	0.94834	0.041663	0.0095792	0.00042083
65	0.95323	0.036766	0.0096286	0.00037137
66	0.95914	0.030856	0.0096883	0.00031168
67	0.96625	0.023752	0.0097601	0.00023992
68	0.96713	0.022869	0.009769	0.000231
69	0.96893	0.021069	0.0097872	0.00021282
70	0.97167	0.018329	0.0098149	0.00018514
71	0.97539	0.014615	0.0098524	0.00014762
72	0.98012	0.0098777	0.0099002	9.9774e-05
73	0.98081	0.0091922	0.0099071	9.285e-05
74	0.9822	0.0077961	0.0099213	7.8748e-05
75	0.98427	0.0057272	0.0099421	5.7851e-05
76	0.98406	0.0059431	0.00994	6.0031e-05
77	0.98448	0.0055152	0.0099443	5.5709e-05
78	0.98552	0.0044772	0.0099548	4.5224e-05
79	0.98473	0.0052702	0.0099468	5.3234e-05
80	0.98454	0.0054647	0.0099448	5.5199e-05
81	0.98494	0.005062	0.0099489	5.1131e-05
82	0.98327	0.0067281	0.009932	6.796e-05
83	0.97741	0.01259	0.0098728	0.00012718
84	0.97246	0.017539	0.0098228	0.00017716
85	0.96849	0.021506	0.0097828	0.00021724
86	0.96547	0.024534	0.0097522	0.00024782
87	0.96342	0.026579	0.0097315	0.00026848
88	0.96218	0.027825	0.0097189	0.00028106
89	0.96181	0.028193	0.0097152	0.00028478
90	0.96238	0.02762	0.009721	0.00027899
91	0.9639	0.026098	0.0097364	0.00026362
92	0.96624	0.023764	0.00976	0.00024004
93	0.96387	0.026133	0.009736	0.00026397
94	0.95331	0.036691	0.0096294	0.00037062
95	0.94404	0.045965	0.0095357	0.00046429
96	0.9363	0.053696	0.0094576	0.00054239
97	0.92972	0.060283	0.0093911	0.00060891
98	0.92451	0.065487	0.0093385	0.00066148
99	0.92062	0.069376	0.0092992	0.00070076
100	0.91776	0.072242	0.0092703	0.00072972
101	0.91602	0.07398	0.0092527	0.00074728
102	0.91539	0.074606	0.0092464	0.0007536
103	0.91575	0.074252	0.00925	0.00075002
104	0.91732	0.072679	0.0092659	0.00073413
105	0.91989	0.070109	0.0092918	0.00070818
106	0.92346	0.066536	0.0093279	0.00067209
107	0.92808	0.061924	0.0093745	0.00062549
108	0.93375	0.05625	0.0094318	0.00056818
109	0.9318	0.058197	0.0094122	0.00058785
110	0.9308	0.059204	0.009402	0.00059802
111	0.93071	0.059287	0.0094011	0.00059886
112	0.92182	0.068182	0.0093113	0.0006887
113	0.91418	0.075823	0.0092341	0.00076589
114	0.90772	0.082281	0.0091689	0.00083112
115	0.9024	0.087599	0.0091152	0.00088483
116	0.89835	0.091649	0.0090742	0.00092575
117	0.89553	0.094473	0.0090457	0.00095427
118	0.89376	0.096241	0.0090279	0.00097214
119	0.89317	0.096825	0.009022	0.00097803
120	0.89377	0.096231	0.009028	0.00097203
121	0.89539	0.094606	0.0090444	0.00095562
122	0.89806	0.091941	0.0090713	0.0009287
123	0.90178	0.088216	0.0091089	0.00089107
124	0.89612	0.093882	0.0090517	0.0009483
125	0.89158	0.09842	0.0090059	0.00099415
126	0.88814	0.10186	0.0089711	0.0010289
127	0.88577	0.10423	0.0089472	0.0010528
128	0.88462	0.10538	0.0089355	0.0010645
129	0.88479	0.10521	0.0089373	0.0010627
130	0.8863	0.1037	0.0089526	0.0010474
131	0.88889	0.10111	0.0089787	0.0010213
132	0.89255	0.097454	0.0090156	0.00098438
133	0.89731	0.092693	0.0090637	0.00093629
134	0.90353	0.08647	0.0091266	0.00087343
135	0.91096	0.07904	0.0092016	0.00079838
136	0.90898	0.081021	0.0091816	0.00081839
137	0.90814	0.081862	0.0091731	0.00082689
138	0.9083	0.081702	0.0091747	0.00082527
139	0.90946	0.08054	0.0091865	0.00081354
140	0.91163	0.078368	0.0092084	0.0007916
141	0.91483	0.075171	0.0092407	0.0007593
142	0.91908	0.070924	0.0092836	0.00071641
143	0.9244	0.065599	0.0093374	0.00066261
144	0.93083	0.059169	0.0094023	0.00059767
145	0.93859	0.051411	0.0094807	0.0005193
146	0.94791	0.042091	0.0095748	0.00042516
147	0.95853	0.031473	0.0096821	0.00031791
148	0.96068	0.029316	0.0097039	0.00029612
149	0.96368	0.026316	0.0097342	0.00026582
150	0.96774	0.022262	0.0097751	0.00022487
151	0.96698	0.023018	0.0097675	0.00023251
152	0.96698	0.023017	0.0097675	0.00023249
153	0.96788	0.022117	0.0097766	0.0002234
154	0.96955	0.020446	0.0097935	0.00020652
155	0.97209	0.017914	0.009819	0.00018095
156	0.9704	0.019602	0.009802	0.000198
157	0.96947	0.020534	0.0097926	0.00020741
158	0.96935	0.02065	0.0097914	0.00020859
159	0.96998	0.020019	0.0097978	0.00020221
160	0.97149	0.018506	0.0098131	0.00018693
161	0.9688	0.021202	0.0097858	0.00021417
162	0.9669	0.023102	0.0097666	0.00023336
163	0.96592	0.02408	0.0097568	0.00024324
164	0.96585	0.024149	0.0097561	0.00024393
165	0.96669	0.02331	0.0097645	0.00023545
166	0.96845	0.021552	0.0097823	0.00021769
167	0.971	0.019	0.0098081	0.00019192
168	0.97445	0.015554	0.0098429	0.00015711
169	0.97381	0.016192	0.0098364	0.00016356
170	0.9685	0.021503	0.0097828	0.0002172
171	0.96421	0.025787	0.0097395	0.00026048
172	0.949	0.041001	0.0095858	0.00041415
173	0.93586	0.054141	0.0094531	0.00054687
174	0.92462	0.065375	0.0093396	0.00066036
175	0.91478	0.07522	0.0092402	0.0007598
176	0.90644	0.083557	0.009156	0.00084401
177	0.89935	0.090647	0.0090844	0.00091562
178	0.87301	0.11699	0.0088183	0.0011817
179	0.84912	0.14088	0.0085769	0.0014231
180	0.82748	0.16252	0.0083584	0.0016416
181	0.80864	0.18136	0.0081681	0.0018319
182	0.79237	0.19763	0.0080037	0.0019963
183	0.77789	0.21211	0.0078574	0.0021426
184	0.76537	0.22463	0.007731	0.002269
185	0.75444	0.23556	0.0076206	0.0023794
186	0.74501	0.24499	0.0075254	0.0024746
187	0.70919	0.28081	0.0071635	0.0028365
188	0.67641	0.31359	0.0068324	0.0031676
189	0.64703	0.34297	0.0065357	0.0034643
190	0.62023	0.36977	0.0062649	0.0037351
191	0.5963	0.3937	0.0060233	0.0039767
192	0.57457	0.41543	0.0058037	0.0041963
193	0.55563	0.43437	0.0056124	0.0043876
194	0.53894	0.45106	0.0054438	0.0045562
195	0.52433	0.46567	0.0052962	0.0047038
196	0.51192	0.47808	0.0051709	0.0048291
197	0.50098	0.48902	0.0050604	0.0049396
198	0.49144	0.49856	0.0049641	0.0050359
199	0.48324	0.50676	0.0048812	0.0051188
200	0.47658	0.51342	0.004814	0.005186
201	0.47117	0.51883	0.0047593	0.0052407
202	0.46695	0.52305	0.0047167	0.0052833
203	0.46391	0.52609	0.0046859	0.0053141
204	0.46199	0.52801	0.0046666	0.0053334
205	0.4612	0.5288	0.0046586	0.0053414
206	0.46153	0.52847	0.0046619	0.0053381
207	0.46342	0.52658	0.004681	0.005319
208	0.46647	0.52353	0.0047118	0.0052882
209	0.47068	0.51932	0.0047544	0.0052456
210	0.47609	0.51391	0.004809	0.005191
211	0.48272	0.50728	0.004876	0.005124
212	0.49061	0.49939	0.0049556	0.0050444
213	0.49981	0.49019	0.0050486	0.0049514
214	0.5104	0.4796	0.0051555	0.0048445
215	0.52304	0.46696	0.0052832	0.0047168
216	0.53725	0.45275	0.0054268	0.0045732
217	0.53379	0.45621	0.0053919	0.0046081
218	0.53199	0.45801	0.0053737	0.0046263
219	0.53138	0.45862	0.0053675	0.0046325
220	0.53196	0.45804	0.0053734	0.0046266
221	0.53374	0.45626	0.0053913	0.0046087
222	0.53717	0.45283	0.0054259	0.0045741
223	0.54181	0.44819	0.0054729	0.0045271
224	0.54821	0.44179	0.0055374	0.0044626
225	0.55591	0.43409	0.0056152	0.0043848
226	0.54684	0.44316	0.0055236	0.0044764
227	0.53942	0.45058	0.0054487	0.0045513
228	0.53378	0.45622	0.0053917	0.0046083
229	0.52986	0.46014	0.0053521	0.0046479
230	0.52716	0.46284	0.0053248	0.0046752
231	0.52563	0.46437	0.0053094	0.0046906
232	0.52553	0.46447	0.0053084	0.0046916
233	0.52662	0.46338	0.0053194	0.0046806
234	0.52887	0.46113	0.0053422	0.0046578
235	0.5125	0.4775	0.0051768	0.0048232
236	0.49845	0.49155	0.0050349	0.0049651
237	0.48597	0.50403	0.0049088	0.0050912
238	0.47552	0.51448	0.0048032	0.0051968
239	0.46644	0.52356	0.0047116	0.0052884
240	0.45895	0.53105	0.0046358	0.0053642
241	0.45317	0.53683	0.0045775	0.0054225
242	0.44859	0.54141	0.0045312	0.0054688
243	0.44515	0.54485	0.0044964	0.0055036
244	0.44281	0.54719	0.0044729	0.0055271
245	0.44183	0.54817	0.004463	0.005537
246	0.44196	0.54804	0.0044643	0.0055357
247	0.44344	0.54656	0.0044792	0.0055208
248	0.44603	0.54397	0.0045054	0.0054946
249	0.44974	0.54026	0.0045428	0.0054572
250	0.45487	0.53513	0.0045946	0.0054054
251	0.4612	0.5288	0.0046586	0.0053414
252	0.46876	0.52124	0.004735	0.005265
253	0.47816	0.51184	0.0048298	0.0051702
254	0.48894	0.50106	0.0049388	0.0050612
255	0.50119	0.48881	0.0050626	0.0049374
256	0.51498	0.47502	0.0052018	0.0047982
257	0.53042	0.45958	0.0053578	0.0046422
258	0.54763	0.44237	0.0055316	0.0044684
259	0.56669	0.42331	0.0057241	0.0042759
260	0.58774	0.40226	0.0059368	0.0040632
261	0.6118	0.3782	0.0061798	0.0038202
262	0.63826	0.35174	0.0064471	0.0035529
263	0.66731	0.32269	0.0067405	0.0032595
264	0.70021	0.28979	0.0070729	0.0029271
265	0.70751	0.28249	0.0071465	0.0028535
266	0.71669	0.27331	0.0072393	0.0027607
267	0.72735	0.26265	0.007347	0.002653
268	0.73958	0.25042	0.0074705	0.0025295
269	0.75344	0.23656	0.0076105	0.0023895
270	0.76903	0.22097	0.007768	0.002232
271	0.78649	0.20351	0.0079444	0.0020556
272	0.7874	0.2026	0.0079535	0.0020465
273	0.78987	0.20013	0.0079785	0.0020215
274	0.79355	0.19645	0.0080156	0.0019844
275	0.79868	0.19132	0.0080674	0.0019326
276	0.80531	0.18469	0.0081344	0.0018656
277	0.7988	0.1912	0.0080687	0.0019313
278	0.7938	0.1962	0.0080182	0.0019818
279	0.79002	0.19998	0.00798	0.00202
280	0.78784	0.20216	0.0079579	0.0020421
281	0.78685	0.20315	0.007948	0.002052
282	0.78705	0.20295	0.00795	0.00205
283	0.78845	0.20155	0.0079642	0.0020358
284	0.79142	0.19858	0.0079941	0.0020059
285	0.7956	0.1944	0.0080364	0.0019636
286	0.80105	0.18895	0.0080914	0.0019086
287	0.808	0.182	0.0081617	0.0018383
288	0.81655	0.17345	0.0082479	0.0017521
289	0.81234	0.17766	0.0082054	0.0017946
290	0.80933	0.18067	0.008175	0.001825
291	0.8075	0.1825	0.0081566	0.0018434
292	0.80685	0.18315	0.00815	0.00185
293	0.80755	0.18245	0.008157	0.001843
294	0.80942	0.18058	0.008176	0.001824
295	0.81249	0.17751	0.008207	0.001793
296	0.81678	0.17322	0.0082503	0.0017497
297	0.82229	0.16771	0.008306	0.001694
298	0.82948	0.16052	0.0083786	0.0016214
299	0.838	0.152	0.0084646	0.0015354
300	0.84793	0.14207	0.0085649	0.0014351
301	0.84579	0.14421	0.0085433	0.0014567
302	0.84495	0.14505	0.0085348	0.0014652
303	0.84524	0.14476	0.0085377	0.0014623
304	0.84697	0.14303	0.0085552	0.0014448
305	0.84984	0.14016	0.0085843	0.0014157
306	0.85422	0.13578	0.0086284	0.0013716
307	0.85978	0.13022	0.0086846	0.0013154
308	0.86657	0.12343	0.0087532	0.0012468
309	0.87485	0.11515	0.0088369	0.0011631
310	0.88447	0.10553	0.0089341	0.0010659
311	0.89553	0.094471	0.0090457	0.00095425
312	0.90855	0.081447	0.0091773	0.0008227
313	0.92321	0.066794	0.0093253	0.00067469
314	0.93988	0.050117	0.0094938	0.00050623
315	0.95843	0.031565	0.0096812	0.00031884
316	0.95725	0.032751	0.0096692	0.00033082
317	0.95697	0.033028	0.0096664	0.00033362
318	0.95751	0.032492	0.0096718	0.0003282
319	0.95903	0.030968	0.0096872	0.00031281
320	0.96139	0.028607	0.009711	0.00028896
321	0.96478	0.025216	0.0097453	0.0002547
322	0.9631	0.026904	0.0097282	0.00027176
323	0.96229	0.027713	0.0097201	0.00027993
324	0.96226	0.027736	0.0097198	0.00028016
325	0.96311	0.026888	0.0097284	0.00027159
326	0.96484	0.025159	0.0097459	0.00025413
327	0.96754	0.02246	0.0097731	0.00022687
328	0.96555	0.024449	0.009753	0.00024696
329	0.96436	0.025645	0.009741	0.00025904
330	0.96394	0.026062	0.0097367	0.00026326
331	0.96438	0.025623	0.0097412	0.00025881
332	0.96568	0.024321	0.0097543	0.00024567
333	0.96793	0.022074	0.009777	0.00022297
334	0.97099	0.019013	0.009808	0.00019205
335	0.97498	0.015025	0.0098482	0.00015176
336	0.98001	0.0099864	0.0098991	0.00010087
337	0.98096	0.0090434	0.0099087	9.1348e-05
338	0.97908	0.010916	0.0098897	0.00011026
339	0.97801	0.011993	0.0098789	0.00012114
340	0.97761	0.012392	0.0098748	0.00012517
341	0.97325	0.016755	0.0098308	0.00016924
342	0.96973	0.020274	0.0097952	0.00020479
343	0.96711	0.022887	0.0097688	0.00023118
344	0.9653	0.024696	0.0097505	0.00024946
345	0.96436	0.025639	0.009741	0.00025898
346	0.96427	0.025725	0.0097401	0.00025985
347	0.96496	0.025037	0.0097471	0.0002529
348	0.96643	0.023571	0.0097619	0.00023809
349	0.96306	0.026943	0.0097279	0.00027215
350	0.9607	0.029297	0.0097041	0.00029593
351	0.95917	0.030829	0.0096886	0.0003114
352	0.95861	0.031386	0.009683	0.00031703
353	0.95886	0.031139	0.0096855	0.00031453
354	0.96008	0.02992	0.0096978	0.00030222
355	0.96212	0.027884	0.0097183	0.00028166
356	0.96499	0.025009	0.0097474	0.00025262
357	0.96872	0.021276	0.0097851	0.00021491
358	0.96781	0.022193	0.0097758	0.00022418
359	0.96764	0.022357	0.0097742	0.00022583
360	0.96823	0.021769	0.0097801	0.00021989
361	0.96972	0.020283	0.0097951	0.00020488
362	0.97198	0.018021	0.009818	0.00018203
363	0.97503	0.014968	0.0098488	0.00015119
364	0.97906	0.010944	0.0098895	0.00011055
365	0.9793	0.010701	0.0098919	0.00010809
366	0.98026	0.0097395	0.0099016	9.8379e-05
367	0.982	0.0080047	0.0099191	8.0855e-05
368	0.98442	0.0055835	0.0099436	5.6399e-05
369	0.98766	0.0023424	0.0099763	2.3661e-05
370	0.98866	0.0013374	0.0099865	1.3509e-05
371	0.98706	0.0029419	0.0099703	2.9716e-05
372	0.98608	0.0039205	0.0099604	3.9601e-05
373	0.98569	0.0043141	0.0099564	4.3577e-05
374	0.98591	0.0040945	0.0099586	4.1358e-05
375	0.98671	0.0032913	0.0099668	3.3245e-05
376	0.9881	0.0018988	0.0099808	1.918e-05
377	0.98825	0.0017499	0.0099823	1.7675e-05
378	0.98893	0.0010685	0.0099892	1.0793e-05
379	0.98723	0.0027668	0.0099721	2.7947e-05
380	0.98208	0.0079179	0.00992	7.9979e-05
381	0.97778	0.012223	0.0098765	0.00012346
382	0.97437	0.015626	0.0098422	0.00015784
383	0.97184	0.01816	0.0098166	0.00018344
384	0.97008	0.019923	0.0097988	0.00020125
385	0.96914	0.020858	0.0097893	0.00021069
386	0.96895	0.021048	0.0097874	0.0002126
387	0.96951	0.020493	0.009793	0.000207
388	0.97081	0.019192	0.0098061	0.00019386
389	0.96773	0.02227	0.0097751	0.00022495
390	0.96547	0.024531	0.0097522	0.00024779
391	0.96409	0.025913	0.0097383	0.00026174
392	0.96349	0.026512	0.0097322	0.0002678
393	0.96375	0.02625	0.0097348	0.00026515
394	0.94365	0.046347	0.0095319	0.00046815
395	0.92585	0.06415	0.009352	0.00064798
396	0.90988	0.080122	0.0091907	0.00080931
397	0.89612	0.093884	0.0090517	0.00094833
398	0.88392	0.10608	0.0089284	0.0010716
399	0.87321	0.11679	0.0088203	0.0011797
400	0.86391	0.12609	0.0087264	0.0012736
401	0.85594	0.13406	0.0086459	0.0013541
402	0.84964	0.14036	0.0085822	0.0014178
403	0.84492	0.14508	0.0085345	0.0014655
404	0.84139	0.14861	0.0084989	0.0015011
405	0.83919	0.15081	0.0084767	0.0015233
406	0.83846	0.15154	0.0084693	0.0015307
407	0.83885	0.15115	0.0084733	0.0015267
408	0.84038	0.14962	0.0084887	0.0015113
409	0.84339	0.14661	0.0085191	0.0014809
410	0.84758	0.14242	0.0085614	0.0014386
411	0.83989	0.15011	0.0084837	0.0015163
412	0.83371	0.15629	0.0084213	0.0015787
413	0.82913	0.16087	0.008375	0.001625
414	0.82609	0.16391	0.0083444	0.0016556
415	0.82424	0.16576	0.0083256	0.0016744
416	0.82354	0.16646	0.0083186	0.0016814
417	0.82417	0.16583	0.008325	0.001675
418	0.82614	0.16386	0.0083449	0.0016551
419	0.82948	0.16052	0.0083785	0.0016215
420	0.83399	0.15601	0.0084242	0.0015758
421	0.82614	0.16386	0.0083448	0.0016552
422	0.81961	0.17039	0.0082788	0.0017212
423	0.81435	0.17565	0.0082257	0.0017743
424	0.81052	0.17948	0.0081871	0.0018129
425	0.80809	0.18191	0.0081625	0.0018375
426	0.80719	0.18281	0.0081534	0.0018466
427	0.79021	0.19979	0.0079819	0.0020181
428	0.77537	0.21463	0.007832	0.002168
429	0.76222	0.22778	0.0076992	0.0023008
430	0.75119	0.23881	0.0075878	0.0024122
431	0.74167	0.24833	0.0074916	0.0025084
432	0.73356	0.25644	0.0074097	0.0025903
433	0.72684	0.26316	0.0073418	0.0026582
434	0.72168	0.26832	0.0072897	0.0027103
435	0.71803	0.27197	0.0072529	0.0027471
436	0.71562	0.27438	0.0072285	0.0027715
437	0.71467	0.27533	0.0072189	0.0027811
438	0.71534	0.27466	0.0072257	0.0027743
439	0.71724	0.27276	0.0072448	0.0027552
440	0.7206	0.2694	0.0072788	0.0027212
441	0.72546	0.26454	0.0073279	0.0026721
442	0.71541	0.27459	0.0072263	0.0027737
443	0.7068	0.2832	0.0071394	0.0028606
444	0.6996	0.2904	0.0070667	0.0029333
445	0.6942	0.2958	0.0070121	0.0029879
446	0.69007	0.29993	0.0069704	0.0030296
447	0.68763	0.30237	0.0069458	0.0030542
448	0.68644	0.30356	0.0069338	0.0030662
449	0.68671	0.30329	0.0069365	0.0030635
450	0.68822	0.30178	0.0069517	0.0030483
451	0.69098	0.29902	0.0069795	0.0030205
452	0.695	0.295	0.0070202	0.0029798
453	0.70031	0.28969	0.0070738	0.0029262
454	0.70695	0.28305	0.0071409	0.0028591
455	0.71498	0.27502	0.007222	0.002778
456	0.72494	0.26506	0.0073226	0.0026774
457	0.73696	0.25304	0.007444	0.002556
458	0.75063	0.23937	0.0075821	0.0024179
459	0.76601	0.22399	0.0077375	0.0022625
460	0.78359	0.20641	0.0079151	0.0020849
461	0.80355	0.18645	0.0081166	0.0018834
462	0.82643	0.16357	0.0083477	0.0016523
463	0.83077	0.15923	0.0083916	0.0016084
464	0.83654	0.15346	0.0084499	0.0015501
465	0.84357	0.14643	0.0085209	0.0014791
466	0.85234	0.13766	0.0086095	0.0013905
467	0.8625	0.1275	0.0087121	0.0012879
468	0.8746	0.1154	0.0088344	0.0011656
469	0.88881	0.10119	0.0089778	0.0010222
470	0.89029	0.099707	0.0089929	0.0010071
471	0.89299	0.097011	0.0090201	0.00097991
472	0.89692	0.093077	0.0090598	0.00094018
473	0.90197	0.088028	0.0091108	0.00088917
474	0.90816	0.081839	0.0091733	0.00082666
475	0.91572	0.074279	0.0092497	0.00075029
476	0.91412	0.075884	0.0092335	0.0007665
477	0.91349	0.076509	0.0092272	0.00077282
478	0.91398	0.076022	0.0092321	0.0007679
479	0.91545	0.074546	0.009247	0.00075299
480	0.91793	0.07207	0.009272	0.00072798
481	0.92141	0.068589	0.0093072	0.00069282
482	0.92592	0.064077	0.0093528	0.00064724
483	0.9315	0.058504	0.0094091	0.00059095
484	0.92914	0.060863	0.0093852	0.00061477
485	0.92795	0.062048	0.0093733	0.00062674
486	0.92771	0.062289	0.0093708	0.00062918
487	0.92853	0.061473	0.0093791	0.00062094
488	0.93051	0.059488	0.0093991	0.00060089
489	0.93345	0.056548	0.0094288	0.00057119
490	0.92895	0.061048	0.0093834	0.00061665
491	0.92547	0.064527	0.0093482	0.00065179
492	0.92298	0.067021	0.009323	0.00067698
493	0.90904	0.080956	0.0091823	0.00081774
494	0.89713	0.092866	0.009062	0.00093804
495	0.8871	0.1029	0.0089606	0.0010394
496	0.87843	0.11157	0.008873	0.001127
497	0.87142	0.11858	0.0088023	0.0011977
498	0.86566	0.12434	0.008744	0.001256
499	0.86126	0.12874	0.0086996	0.0013004
500	0.85818	0.13182	0.0086685	0.0013315
501	0.85623	0.13377	0.0086488	0.0013512
502	0.85555	0.13445	0.0086419	0.0013581
503	0.85598	0.13402	0.0086463	0.0013537
504	0.85769	0.13231	0.0086636	0.0013364
505	0.84712	0.14288	0.0085568	0.0014432
506	0.83796	0.15204	0.0084643	0.0015357
507	0.83018	0.15982	0.0083857	0.0016143
508	0.8237	0.1663	0.0083202	0.0016798
509	0.81868	0.17132	0.0082695	0.0017305
510	0.81489	0.17511	0.0082312	0.0017688
511	0.8123	0.1777	0.0082051	0.0017949
512	0.81088	0.17912	0.0081907	0.0018093
513	0.81097	0.17903	0.0081916	0.0018084
514	0.81223	0.17777	0.0082044	0.0017956
515	0.81467	0.17533	0.008229	0.001771
516	0.81867	0.17133	0.0082694	0.0017306
517	0.80935	0.18065	0.0081753	0.0018247
518	0.80167	0.18833	0.0080976	0.0019024
519	0.79571	0.19429	0.0080375	0.0019625
520	0.79103	0.19897	0.0079902	0.0020098
521	0.78779	0.20221	0.0079575	0.0020425
522	0.78577	0.20423	0.007937	0.002063
523	0.78494	0.20506	0.0079287	0.0020713
524	0.78531	0.20469	0.0079324	0.0020676
525	0.78724	0.20276	0.0079519	0.0020481
526	0.79075	0.19925	0.0079874	0.0020126
527	0.78058	0.20942	0.0078847	0.0021153
528	0.77185	0.21815	0.0077965	0.0022035
529	0.73718	0.25282	0.0074463	0.0025537
530	0.70554	0.28446	0.0071267	0.0028733
531	0.67721	0.31279	0.0068405	0.0031595
532	0.6514	0.3386	0.0065798	0.0034202
533	0.6284	0.3616	0.0063475	0.0036525
534	0.60759	0.38241	0.0061372	0.0038628
535	0.58951	0.40049	0.0059546	0.0040454
536	0.57328	0.41672	0.0057908	0.0042092
537	0.5588	0.4312	0.0056444	0.0043556
538	0.54595	0.44405	0.0055146	0.0044854
539	0.53464	0.45536	0.0054004	0.0045996
540	0.52478	0.46522	0.0053008	0.0046992
541	0.51628	0.47372	0.0052149	0.0047851
542	0.5096	0.4804	0.0051475	0.0048525
543	0.50445	0.48555	0.0050954	0.0049046
544	0.47546	0.51454	0.0048026	0.0051974
545	0.44889	0.54111	0.0045343	0.0054657
546	0.42457	0.56543	0.0042886	0.0057114
547	0.40233	0.58767	0.0040639	0.0059361
548	0.38277	0.60723	0.0038664	0.0061336
549	0.36566	0.62434	0.0036936	0.0063064
550	0.35012	0.63988	0.0035366	0.0064634
551	0.33604	0.65396	0.0033944	0.0066056
552	0.32391	0.66609	0.0032718	0.0067282
553	0.31305	0.67695	0.0031621	0.0068379
554	0.30336	0.68664	0.0030642	0.0069358
555	0.29477	0.69523	0.0029775	0.0070225
556	0.28722	0.70278	0.0029012	0.0070988
557	0.28066	0.70934	0.002835	0.007165
558	0.27505	0.71495	0.0027783	0.0072217
559	0.27036	0.71964	0.0027309	0.0072691
560	0.26697	0.72303	0.0026967	0.0073033
561	0.26465	0.72535	0.0026732	0.0073268
562	0.26338	0.72662	0.0026604	0.0073396
563	0.26293	0.72707	0.0026559	0.0073441
564	0.2637	0.7263	0.0026636	0.0073364
565	0.26528	0.72472	0.0026796	0.0073204
566	0.26791	0.72209	0.0027061	0.0072939
567	0.27138	0.71862	0.0027412	0.0072588
568	0.27596	0.71404	0.0027875	0.0072125
569	0.2819	0.7081	0.0028475	0.0071525
570	0.28927	0.70073	0.002922	0.007078
571	0.29818	0.69182	0.0030119	0.0069881
572	0.30821	0.68179	0.0031132	0.0068868
573	0.31973	0.67027	0.0032296	0.0067704
574	0.33252	0.65748	0.0033588	0.0066412
575	0.34703	0.64297	0.0035054	0.0064946
576	0.36305	0.62695	0.0036671	0.0063329
577	0.38138	0.60862	0.0038523	0.0061477
578	0.40148	0.58852	0.0040553	0.0059447
579	0.42348	0.56652	0.0042775	0.0057225
580	0.44843	0.54157	0.0045296	0.0054704
581	0.47567	0.51433	0.0048048	0.0051952
582	0.50544	0.48456	0.0051054	0.0048946
583	0.51106	0.47894	0.0051623	0.0048377
584	0.51846	0.47154	0.005237	0.004763
585	0.5272	0.4628	0.0053253	0.0046747
586	0.51882	0.47118	0.0052407	0.0047593
587	0.51178	0.47822	0.0051695	0.0048305
588	0.50649	0.48351	0.005116	0.004884
589	0.5024	0.4876	0.0050748	0.0049252
590	0.49952	0.49048	0.0050456	0.0049544
591	0.49781	0.49219	0.0050284	0.0049716
592	0.49727	0.49273	0.0050229	0.0049771
593	0.49812	0.49188	0.0050315	0.0049685
594	0.5006	0.4894	0.0050565	0.0049435
595	0.50426	0.48574	0.0050936	0.0049064
596	0.50914	0.48086	0.0051428	0.0048572
597	0.51525	0.47475	0.0052046	0.0047954
598	0.52292	0.46708	0.0052821	0.0047179
599	0.53223	0.45777	0.0053761	0.0046239
600	0.54353	0.44647	0.0054902	0.0045098
601	0.55697	0.43303	0.0056259	0.0043741
602	0.57271	0.41729	0.0057849	0.0042151
603	0.59026	0.39974	0.0059622	0.0040378
604	0.58947	0.40053	0.0059542	0.0040458
605	0.59033	0.39967	0.0059629	0.0040371
606	0.5924	0.3976	0.0059838	0.0040162
607	0.59595	0.39405	0.0060197	0.0039803
608	0.60077	0.38923	0.0060684	0.0039316
609	0.60688	0.38312	0.0061301	0.0038699
610	0.61431	0.37569	0.0062052	0.0037948
611	0.62366	0.36634	0.0062996	0.0037004
612	0.61667	0.37333	0.006229	0.003771
613	0.61127	0.37873	0.0061745	0.0038255
614	0.60716	0.38284	0.006133	0.003867
615	0.60431	0.38569	0.0061042	0.0038958
616	0.60271	0.38729	0.0060879	0.0039121
617	0.60231	0.38769	0.0060839	0.0039161
618	0.60357	0.38643	0.0060966	0.0039034
619	0.60605	0.38395	0.0061217	0.0038783
620	0.61002	0.37998	0.0061618	0.0038382
621	0.61552	0.37448	0.0062174	0.0037826
622	0.6043	0.3857	0.006104	0.003896
623	0.59455	0.39545	0.0060056	0.0039944
624	0.5865	0.4035	0.0059242	0.0040758
625	0.58007	0.40993	0.0058593	0.0041407
626	0.57494	0.41506	0.0058075	0.0041925
627	0.57108	0.41892	0.0057685	0.0042315
628	0.56891	0.42109	0.0057465	0.0042535
629	0.56793	0.42207	0.0057367	0.0042633
630	0.5684	0.4216	0.0057415	0.0042585
631	0.57033	0.41967	0.0057609	0.0042391
632	0.57348	0.41652	0.0057927	0.0042073
633	0.57787	0.41213	0.005837	0.004163
634	0.58351	0.40649	0.0058941	0.0041059
635	0.59074	0.39926	0.0059671	0.0040329
636	0.59963	0.39037	0.0060569	0.0039431
637	0.61051	0.37949	0.0061668	0.0038332
638	0.62295	0.36705	0.0062925	0.0037075
639	0.63702	0.35298	0.0064345	0.0035655
640	0.65347	0.33653	0.0066007	0.0033993
641	0.65212	0.33788	0.0065871	0.0034129
642	0.652	0.338	0.0065858	0.0034142
643	0.65311	0.33689	0.0065971	0.0034029
644	0.65547	0.33453	0.0066209	0.0033791
645	0.65952	0.33048	0.0066618	0.0033382
646	0.64745	0.34255	0.0065399	0.0034601
647	0.63693	0.35307	0.0064336	0.0035664
648	0.62839	0.36161	0.0063474	0.0036526
649	0.62125	0.36875	0.0062752	0.0037248
650	0.61569	0.37431	0.0062191	0.0037809
651	0.61144	0.37856	0.0061761	0.0038239
652	0.60843	0.38157	0.0061457	0.0038543
653	0.60689	0.38311	0.0061302	0.0038698
654	0.60659	0.38341	0.0061271	0.0038729
655	0.60749	0.38251	0.0061363	0.0038637
656	0.60986	0.38014	0.0061603	0.0038397
657	0.61349	0.37651	0.0061969	0.0038031
658	0.61886	0.37114	0.0062511	0.0037489
659	0.62553	0.36447	0.0063184	0.0036816
660	0.63357	0.35643	0.0063997	0.0036003
661	0.64303	0.34697	0.0064952	0.0035048
662	0.65428	0.33572	0.0066088	0.0033912
663	0.66742	0.32258	0.0067416	0.0032584
664	0.68227	0.30773	0.0068917	0.0031083
665	0.69959	0.29041	0.0070666	0.0029334
666	0.71926	0.27074	0.0072653	0.0027347
667	0.74107	0.24893	0.0074855	0.0025145
668	0.74373	0.24627	0.0075124	0.0024876
669	0.74762	0.24238	0.0075517	0.0024483
670	0.75301	0.23699	0.0076062	0.0023938
671	0.75997	0.23003	0.0076764	0.0023236
672	0.76875	0.22125	0.0077652	0.0022348
673	0.77898	0.21102	0.0078685	0.0021315
674	0.79126	0.19874	0.0079926	0.0020074
675	0.80517	0.18483	0.0081331	0.0018669
676	0.82142	0.16858	0.0082972	0.0017028
677	0.83957	0.15043	0.0084805	0.0015195
678	0.85976	0.13024	0.0086844	0.0013156
679	0.88286	0.10714	0.0089178	0.0010822
680	0.90836	0.081637	0.0091754	0.00082462
681	0.91557	0.07443	0.0092482	0.00075182
682	0.924	0.066	0.0093333	0.00066667
683	0.93371	0.056288	0.0094314	0.00056857
684	0.94477	0.045227	0.0095432	0.00045683
685	0.95726	0.032739	0.0096693	0.0003307
686	0.96031	0.029691	0.0097001	0.00029991
687	0.96444	0.025562	0.0097418	0.0002582
688	0.96949	0.020506	0.0097929	0.00020713
689	0.96952	0.020479	0.0097931	0.00020686
690	0.97029	0.019712	0.0098009	0.00019911
691	0.9718	0.018198	0.0098162	0.00018382
692	0.97421	0.015786	0.0098405	0.00015945
693	0.97741	0.012589	0.0098728	0.00012716
694	0.9815	0.0085028	0.0099141	8.5887e-05
695	0.98206	0.0079396	0.0099198	8.0198e-05
696	0.98335	0.0066471	0.0099329	6.7142e-05
697	0.9853	0.0047027	0.0099525	4.7502e-05
698	0.98796	0.0020376	0.0099794	2.0582e-05
699	0.98872	0.0012828	0.009987	1.2957e-05
700	0.98864	0.0013619	0.0099862	1.3757e-05
701	0.98763	0.0023653	0.0099761	2.3891e-05
702	0.98724	0.0027635	0.0099721	2.7915e-05
703	0.98739	0.0026087	0.0099736	2.635e-05
704	0.9881	0.0018995	0.0099808	1.9187e-05
705	0.98524	0.0047628	0.0099519	4.8109e-05
706	0.98305	0.0069455	0.0099298	7.0156e-05
707	0.98154	0.0084588	0.0099146	8.5442e-05
708	0.98069	0.0093134	0.0099059	9.4075e-05
709	0.97599	0.014007	0.0098585	0.00014148
710	0.97224	0.017759	0.0098206	0.00017939
711	0.96931	0.020695	0.009791	0.00020904
712	0.96725	0.022751	0.0097702	0.0002298
713	0.96597	0.024028	0.0097573	0.0002427
714	0.96554	0.024455	0.009753	0.00024702
715	0.96603	0.023974	0.0097578	0.00024216
716	0.96728	0.022717	0.0097705	0.00022947
717	0.96932	0.020683	0.0097911	0.00020892
718	0.96692	0.023079	0.0097669	0.00023312
719	0.9654	0.024601	0.0097515	0.0002485
720	0.9648	0.0252	0.0097455	0.00025454
721	0.96512	0.024882	0.0097487	0.00025133
722	0.96621	0.023792	0.0097597	0.00024032
723	0.96808	0.021922	0.0097786	0.00022144
724	0.9709	0.019102	0.0098071	0.00019295
725	0.97454	0.015456	0.0098439	0.00015612
726	0.97404	0.015964	0.0098387	0.00016125
727	0.96879	0.021213	0.0097857	0.00021428
728	0.96456	0.025441	0.009743	0.00025698
729	0.96121	0.028785	0.0097092	0.00029076
730	0.95873	0.031268	0.0096842	0.00031584
731	0.95718	0.03282	0.0096685	0.00033152
732	0.95645	0.033551	0.0096611	0.0003389
733	0.95654	0.033464	0.009662	0.00033802
734	0.95761	0.032391	0.0096728	0.00032718
735	0.95951	0.030491	0.009692	0.00030799
736	0.96243	0.027572	0.0097215	0.0002785
737	0.9664	0.023595	0.0097617	0.00023833
738	0.97149	0.01851	0.009813	0.00018697
739	0.96582	0.024177	0.0097558	0.00024421
740	0.96122	0.02878	0.0097093	0.0002907
741	0.95772	0.032277	0.009674	0.00032603
742	0.95529	0.034715	0.0096493	0.00035065
743	0.9537	0.036302	0.0096333	0.00036669
744	0.95295	0.03705	0.0096258	0.00037424
745	0.94505	0.044948	0.009546	0.00045402
746	0.93858	0.051421	0.0094806	0.00051941
747	0.93318	0.056821	0.009426	0.00057395
748	0.92907	0.060929	0.0093846	0.00061544
749	0.92596	0.064041	0.0093531	0.00064688
750	0.92406	0.065941	0.0093339	0.00066607
751	0.92312	0.066877	0.0093245	0.00067552
752	0.92326	0.066736	0.0093259	0.0006741
753	0.92436	0.065636	0.009337	0.00066299
754	0.92642	0.063581	0.0093578	0.00064223
755	0.92946	0.060545	0.0093884	0.00061156
756	0.93349	0.056506	0.0094292	0.00057077
757	0.93855	0.051448	0.0094803	0.00051968
758	0.94468	0.045323	0.0095422	0.0004578
759	0.9522	0.037801	0.0096182	0.00038183
760	0.95257	0.037429	0.0096219	0.00037807
761	0.94604	0.043956	0.009556	0.000444
762	0.94057	0.049426	0.0095008	0.00049925
763	0.93612	0.053877	0.0094558	0.00054421
764	0.93279	0.057208	0.0094221	0.00057785
765	0.93043	0.059569	0.0093983	0.00060171
766	0.92902	0.060978	0.0093841	0.00061594
767	0.92867	0.061331	0.0093805	0.0006195
768	0.92925	0.060754	0.0093863	0.00061368
769	0.93098	0.059018	0.0094039	0.00059614
770	0.93368	0.056324	0.0094311	0.00056893
771	0.92883	0.061173	0.0093821	0.00061791
772	0.92514	0.064857	0.0093449	0.00065512
773	0.92246	0.067537	0.0093178	0.0006822
774	0.92076	0.069244	0.0093006	0.00069944
775	0.92025	0.069752	0.0092954	0.00070457
776	0.92071	0.069294	0.0093001	0.00069994
777	0.92213	0.067868	0.0093145	0.00068553
778	0.92453	0.065472	0.0093387	0.00066134
779	0.92816	0.061839	0.0093754	0.00062464
780	0.93282	0.057176	0.0094225	0.00057754
781	0.93869	0.051308	0.0094817	0.00051826
782	0.93704	0.052961	0.009465	0.00053496
783	0.9365	0.053497	0.0094596	0.00054037
784	0.93688	0.053122	0.0094634	0.00053658
785	0.93837	0.05163	0.0094785	0.00052152
786	0.94078	0.049222	0.0095028	0.00049719
787	0.94412	0.04588	0.0095366	0.00046344
788	0.94855	0.041451	0.0095813	0.00041869
789	0.95398	0.036018	0.0096362	0.00036381
790	0.96059	0.029406	0.009703	0.00029703
791	0.9683	0.021697	0.0097808	0.00021917
792	0.9696	0.0204	0.0097939	0.00020606
793	0.97167	0.018332	0.0098148	0.00018518
794	0.97452	0.015479	0.0098436	0.00015636
795	0.97817	0.011827	0.0098805	0.00011947
796	0.97827	0.011733	0.0098815	0.00011851
797	0.97904	0.010962	0.0098893	0.00011073
798	0.97659	0.013411	0.0098645	0.00013547
799	0.97488	0.015124	0.0098472	0.00015277
800	0.97395	0.016052	0.0098379	0.00016214
801	0.97385	0.016152	0.0098368	0.00016316
802	0.97446	0.015539	0.009843	0.00015696
803	0.97585	0.014147	0.0098571	0.0001429
804	0.97797	0.012025	0.0098785	0.00012147
805	0.98084	0.0091598	0.0099075	9.2523e-05
806	0.98065	0.0093485	0.0099056	9.4429e-05
807	0.9812	0.0088017	0.0099111	8.8906e-05
808	0.97893	0.011068	0.0098882	0.0001118
809	0.97748	0.012518	0.0098736	0.00012644
810	0.97673	0.013272	0.0098659	0.00013406
811	0.97148	0.018516	0.009813	0.00018703
812	0.96725	0.022753	0.0097702	0.00022983
813	0.96387	0.026125	0.0097361	0.00026389
814	0.96134	0.028655	0.0097106	0.00028945
815	0.95965	0.030354	0.0096934	0.00030661
816	0.95877	0.031234	0.0096845	0.0003155
817	0.95869	0.031309	0.0096838	0.00031625
818	0.95951	0.030487	0.0096921	0.00030795
819	0.96115	0.028854	0.0097085	0.00029145
820	0.9575	0.0325	0.0096717	0.00032828
821	0.95474	0.035257	0.0096439	0.00035613
822	0.95285	0.037153	0.0096247	0.00037528
823	0.9518	0.0382	0.0096141	0.00038585
824	0.95169	0.038306	0.0096131	0.00038693
825	0.95243	0.037572	0.0096205	0.00037952
826	0.95411	0.035892	0.0096375	0.00036255
827	0.95675	0.033249	0.0096642	0.00033585
828	0.96027	0.029726	0.0096997	0.00030027
829	0.95829	0.031712	0.0096797	0.00032033
830	0.95713	0.032873	0.0096679	0.00033205
831	0.95678	0.033217	0.0096645	0.00033553
832	0.94938	0.040617	0.0095897	0.00041027
833	0.94335	0.046647	0.0095288	0.00047119
834	0.93836	0.05164	0.0094784	0.00052161
835	0.91982	0.070184	0.0092911	0.00070892
836	0.90316	0.08684	0.0091228	0.00087717
837	0.88855	0.10145	0.0089752	0.0010248
838	0.87556	0.11444	0.008844	0.001156
839	0.86457	0.12543	0.008733	0.001267
840	0.85502	0.13498	0.0086365	0.0013635
841	0.82119	0.16881	0.0082948	0.0017052
842	0.7903	0.1997	0.0079828	0.0020172
843	0.76215	0.22785	0.0076984	0.0023016
844	0.73742	0.25258	0.0074487	0.0025513
845	0.7158	0.2742	0.0072303	0.0027697
846	0.6963	0.2937	0.0070333	0.0029667
847	0.67876	0.31124	0.0068561	0.0031439
848	0.66341	0.32659	0.0067011	0.0032989
849	0.64977	0.34023	0.0065633	0.0034367
850	0.63773	0.35227	0.0064418	0.0035582
851	0.62723	0.36277	0.0063356	0.0036644
852	0.61817	0.37183	0.0062441	0.0037559
853	0.61101	0.37899	0.0061718	0.0038282
854	0.57718	0.41282	0.0058301	0.0041699
855	0.54624	0.44376	0.0055175	0.0044825
856	0.5179	0.4721	0.0052314	0.0047686
857	0.49292	0.49708	0.004979	0.005021
858	0.47012	0.51988	0.0047486	0.0052514
859	0.45013	0.53987	0.0045467	0.0054533
860	0.43197	0.55803	0.0043633	0.0056367
861	0.41551	0.57449	0.0041971	0.0058029
862	0.40129	0.58871	0.0040534	0.0059466
863	0.38855	0.60145	0.0039248	0.0060752
864	0.37749	0.61251	0.0038131	0.0061869
865	0.36771	0.62229	0.0037142	0.0062858
866	0.35914	0.63086	0.0036277	0.0063723
867	0.35174	0.63826	0.003553	0.006447
868	0.34545	0.64455	0.0034894	0.0065106
869	0.34047	0.64953	0.0034391	0.0065609
870	0.33695	0.65305	0.0034035	0.0065965
871	0.33483	0.65517	0.0033822	0.0066178
872	0.33369	0.65631	0.0033706	0.0066294
873	0.33348	0.65652	0.0033685	0.0066315
874	0.3342	0.6558	0.0033758	0.0066242
875	0.33612	0.65388	0.0033952	0.0066048
876	0.33901	0.65099	0.0034244	0.0065756
877	0.3429	0.6471	0.0034636	0.0065364
878	0.34781	0.64219	0.0035133	0.0064867
879	0.35403	0.63597	0.0035761	0.0064239
880	0.36162	0.62838	0.0036528	0.0063472
881	0.37039	0.61961	0.0037413	0.0062587
882	0.38039	0.60961	0.0038423	0.0061577
883	0.39168	0.59832	0.0039563	0.0060437
884	0.40435	0.58565	0.0040843	0.0059157
885	0.41848	0.57152	0.004227	0.005773
886	0.43418	0.55582	0.0043857	0.0056143
887	0.45158	0.53842	0.0045614	0.0054386
888	0.47079	0.51921	0.0047555	0.0052445
889	0.47033	0.51967	0.0047508	0.0052492
890	0.471	0.519	0.0047575	0.0052425
891	0.47281	0.51719	0.0047758	0.0052242
892	0.47602	0.51398	0.0048083	0.0051917
893	0.48041	0.50959	0.0048526	0.0051474
894	0.48599	0.50401	0.004909	0.005091
895	0.49331	0.49669	0.004983	0.005017
896	0.50194	0.48806	0.0050701	0.0049299
897	0.51223	0.47777	0.005174	0.004826
898	0.52429	0.46571	0.0052959	0.0047041
899	0.53792	0.45208	0.0054336	0.0045664
900	0.55319	0.43681	0.0055878	0.0044122
901	0.5702	0.4198	0.0057596	0.0042404
902	0.58949	0.40051	0.0059544	0.0040456
903	0.61162	0.37838	0.006178	0.003822
904	0.63598	0.35402	0.006424	0.003576
905	0.66276	0.32724	0.0066946	0.0033054
906	0.69271	0.29729	0.006997	0.003003
907	0.6991	0.2909	0.0070616	0.0029384
908	0.70712	0.28288	0.0071426	0.0028574
909	0.71658	0.27342	0.0072382	0.0027618
910	0.72753	0.26247	0.0073488	0.0026512
911	0.74006	0.24994	0.0074754	0.0025246
912	0.75428	0.23572	0.0076189	0.0023811
913	0.77088	0.21912	0.0077867	0.0022133
914	0.78939	0.20061	0.0079737	0.0020263
915	0.81035	0.17965	0.0081854	0.0018146
916	0.83397	0.15603	0.008424	0.001576
917	0.85999	0.13001	0.0086868	0.0013132
918	0.88956	0.10044	0.0089854	0.0010146
919	0.8978	0.092204	0.0090686	0.00093135
920	0.90736	0.082636	0.0091653	0.0008347
921	0.91874	0.071258	0.0092802	0.00071978
922	0.9196	0.070398	0.0092889	0.00071109
923	0.92156	0.068435	0.0093087	0.00069126
924	0.92476	0.065238	0.009341	0.00065897
925	0.92923	0.060767	0.0093862	0.0006138
926	0.93477	0.055232	0.0094421	0.0005579
927	0.94169	0.048309	0.009512	0.00048797
928	0.95009	0.03991	0.0095969	0.00040313
929	0.95973	0.030265	0.0096943	0.00030571
930	0.97069	0.019305	0.009805	0.000195
931	0.97371	0.016289	0.0098355	0.00016454
932	0.97755	0.012453	0.0098742	0.00012579
933	0.98222	0.0077776	0.0099214	7.8562e-05
934	0.97986	0.010139	0.0098976	0.00010242
935	0.97821	0.011795	0.0098809	0.00011914
936	0.97735	0.012653	0.0098722	0.00012781
937	0.9718	0.018198	0.0098162	0.00018382
938	0.96718	0.022816	0.0097695	0.00023047
939	0.96363	0.026366	0.0097337	0.00026632
940	0.96111	0.028891	0.0097082	0.00029183
941	0.95942	0.030584	0.0096911	0.00030893
942	0.95854	0.031464	0.0096822	0.00031782
943	0.95052	0.039482	0.0096012	0.00039881
944	0.94392	0.046085	0.0095345	0.0004655
945	0.93864	0.051358	0.0094812	0.00051877
946	0.93438	0.055616	0.0094382	0.00056178
947	0.93112	0.058878	0.0094053	0.00059473
948	0.92883	0.061168	0.0093821	0.00061786
949	0.92749	0.062511	0.0093686	0.00063143
950	0.92721	0.062792	0.0093657	0.00063427
951	0.92786	0.06214	0.0093723	0.00062767
952	0.92945	0.060548	0.0093884	0.0006116
953	0.932	0.057997	0.0094142	0.00058583
954	0.93553	0.054469	0.0094498	0.00055019
955	0.94006	0.049937	0.0094956	0.00050442
956	0.94563	0.04437	0.0095518	0.00044818
957	0.95242	0.037583	0.0096204	0.00037963
958	0.96049	0.029509	0.0097019	0.00029807
959	0.9615	0.028503	0.0097121	0.00028791
960	0.96331	0.026692	0.0097304	0.00026962
961	0.96594	0.024064	0.0097569	0.00024307
962	0.9695	0.020502	0.0097929	0.00020709
963	0.97403	0.015971	0.0098387	0.00016132
964	0.96867	0.021335	0.0097845	0.0002155
965	0.96423	0.02577	0.0097397	0.0002603
966	0.96069	0.029309	0.0097039	0.00029605
967	0.95802	0.031978	0.009677	0.00032301
968	0.9563	0.033704	0.0096596	0.00034045
969	0.9554	0.034602	0.0096505	0.00034951
970	0.95532	0.034676	0.0096497	0.00035026
971	0.95617	0.033833	0.0096583	0.00034174
972	0.95784	0.03216	0.0096752	0.00032485
973	0.95381	0.036192	0.0096344	0.00036557
974	0.9508	0.039199	0.0096041	0.00039595
975	0.94879	0.041212	0.0095837	0.00041629
976	0.9378	0.052204	0.0094727	0.00052731
977	0.92814	0.061856	0.0093752	0.00062481
978	0.91976	0.070237	0.0092905	0.00070947
979	0.9126	0.077405	0.0092181	0.00078187
980	0.9066	0.083395	0.0091576	0.00084238
981	0.90204	0.087964	0.0091115	0.00088853
982	0.89883	0.09117	0.0090791	0.00092091
983	0.89667	0.093332	0.0090573	0.00094275
984	0.89554	0.094463	0.0090458	0.00095418
985	0.89543	0.094573	0.0090447	0.00095528
986	0.89635	0.09365	0.009054	0.00094596
987	0.89846	0.091545	0.0090753	0.0009247
