#coord	neutral	conserved	gBGC.neutral	gBGC.conserved
1	0.9031	0.095829	0.00097136	0.00010332
2	0.91081	0.088115	0.00097696	9.4749e-05
3	0.91981	0.079121	0.0009839	8.484e-05
4	0.93038	0.068555	0.00099245	7.3318e-05
5	0.94263	0.056311	0.0010027	6.0085e-05
6	0.95689	0.042049	0.001015	4.4801e-05
7	0.97284	0.026102	0.001029	2.7799e-05
8	0.97764	0.021308	0.0010312	2.266e-05
9	0.98338	0.015568	0.0010343	1.6544e-05
10	0.98419	0.014764	0.0010323	1.5663e-05
11	0.98104	0.017911	0.001026	1.8946e-05
12	0.97869	0.020264	0.0010206	2.1374e-05
13	0.9772	0.021761	0.0010162	2.2898e-05
14	0.97648	0.022486	0.0010125	2.3606e-05
15	0.97651	0.022453	0.0010097	2.3517e-05
16	0.97135	0.027616	0.0010014	2.8841e-05
17	0.95365	0.045327	0.00098016	4.7152e-05
18	0.93773	0.061247	0.0009609	6.3489e-05
19	0.92351	0.075465	0.00094352	7.7963e-05
20	0.91135	0.087635	0.00092829	9.027e-05
21	0.90064	0.098341	0.00091466	0.00010099
22	0.89155	0.10743	0.00090271	0.00011002
23	0.88379	0.1152	0.00089219	0.00011763
24	0.87729	0.1217	0.00088301	0.00012391
25	0.872	0.127	0.00087512	0.00012892
26	0.8679	0.1311	0.00086847	0.00013269
27	0.86527	0.13373	0.0008633	0.00013497
28	0.86408	0.13492	0.00085957	0.0001358
29	0.86401	0.135	0.00085697	0.00013552
30	0.86521	0.1338	0.00085563	0.00013396
31	0.86753	0.13148	0.0008554	0.0001313
32	0.87099	0.12803	0.0008563	0.00012753
33	0.8756	0.12342	0.00085834	0.00012262
34	0.86901	0.13002	0.00084935	0.00012875
35	0.86384	0.13518	0.00084178	0.00013346
36	0.85986	0.13917	0.00083541	0.00013698
37	0.85722	0.14181	0.00083035	0.00013917
38	0.85573	0.14331	0.00082644	0.00014023
39	0.85535	0.14368	0.00082364	0.00014018
40	0.8561	0.14294	0.00082195	0.00013904
41	0.85798	0.14106	0.00082136	0.0001368
42	0.861	0.13804	0.00082188	0.00013347
43	0.86518	0.13386	0.00082351	0.00012903
44	0.87055	0.1285	0.00082626	0.00012348
45	0.87714	0.12191	0.00083018	0.00011678
46	0.885	0.11405	0.00083529	0.0001089
47	0.89442	0.10464	0.0008418	9.9594e-05
48	0.90569	0.093375	0.00084999	8.861e-05
49	0.91846	0.080606	0.00085956	7.6255e-05
50	0.93285	0.066222	0.0008706	6.2435e-05
51	0.94949	0.049579	0.00088366	4.6594e-05
52	0.96798	0.031088	0.00089838	2.9097e-05
53	0.97346	0.02562	0.00090083	2.3876e-05
54	0.9664	0.032682	0.00089164	3.0286e-05
55	0.96065	0.03843	0.00088369	3.5458e-05
56	0.95615	0.042936	0.00087688	3.9467e-05
57	0.95261	0.046472	0.000871	4.2556e-05
58	0.95014	0.048951	0.00086609	4.4668e-05
59	0.94878	0.050308	0.0008622	4.5752e-05
60	0.94854	0.050558	0.0008593	4.5832e-05
61	0.94919	0.049911	0.00085723	4.5094e-05
62	0.95074	0.048362	0.00085598	4.354e-05
63	0.95332	0.045782	0.00085564	4.1074e-05
64	0.95706	0.042046	0.0008563	3.7594e-05
65	0.962	0.037104	0.000858	3.3067e-05
66	0.96797	0.03114	0.0008606	2.765e-05
67	0.97514	0.023971	0.00086421	2.1205e-05
68	0.97604	0.023079	0.00086226	2.0341e-05
69	0.97786	0.021263	0.0008611	1.8671e-05
70	0.98062	0.018498	0.00086074	1.6185e-05
71	0.98438	0.01475	0.00086122	1.2858e-05
72	0.98916	0.0099688	0.00086256	8.6587e-06
73	0.98985	0.009277	0.00086031	8.0337e-06
74	0.99127	0.007868	0.00085867	6.7941e-06
75	0.99336	0.0057801	0.00085762	4.9738e-06
76	0.99314	0.005998	0.00085456	5.1472e-06
77	0.99358	0.0055661	0.00085206	4.7641e-06
78	0.99463	0.0045185	0.00085008	3.855e-06
79	0.99383	0.0053189	0.00084652	4.5262e-06
80	0.99364	0.0055152	0.00084349	4.6778e-06
81	0.99405	0.0051088	0.00084098	4.3163e-06
82	0.99237	0.0067903	0.00083669	5.7179e-06
83	0.98645	0.012707	0.00082885	1.067e-05
84	0.98146	0.017701	0.00082183	1.4809e-05
85	0.97746	0.021706	0.00081565	1.8098e-05
86	0.97441	0.024761	0.00081027	2.0579e-05
87	0.97235	0.026825	0.00080571	2.2225e-05
88	0.97109	0.028083	0.00080184	2.3187e-05
89	0.97072	0.028455	0.0007987	2.3418e-05
90	0.9713	0.027876	0.00079633	2.2871e-05
91	0.97284	0.02634	0.00079471	2.1549e-05
92	0.9752	0.023985	0.00079378	1.9564e-05
93	0.97281	0.026375	0.00078896	2.1451e-05
94	0.96216	0.037032	0.00077746	3.0023e-05
95	0.9528	0.046392	0.00076709	3.7475e-05
96	0.945	0.054195	0.00075801	4.3631e-05
97	0.93836	0.060843	0.00074992	4.8805e-05
98	0.93311	0.066095	0.00074297	5.2835e-05
99	0.92919	0.070021	0.00073708	5.5785e-05
100	0.9263	0.072915	0.00073205	5.7888e-05
101	0.92454	0.074669	0.00072792	5.908e-05
102	0.92392	0.075301	0.00072467	5.9385e-05
103	0.92428	0.074944	0.00072222	5.8906e-05
104	0.92587	0.073356	0.0007207	5.7474e-05
105	0.92846	0.070763	0.00071997	5.5265e-05
106	0.93207	0.067157	0.00072003	5.228e-05
107	0.93673	0.062501	0.00072089	4.8499e-05
108	0.94246	0.056775	0.00072257	4.3916e-05
109	0.9405	0.05874	0.00071829	4.5272e-05
110	0.93948	0.059756	0.00071477	4.5886e-05
111	0.9394	0.05984	0.00071197	4.578e-05
112	0.93043	0.068818	0.00070241	5.2433e-05
113	0.92272	0.076532	0.00069387	5.8068e-05
114	0.9162	0.08305	0.0006863	6.2752e-05
115	0.91084	0.088417	0.00067963	6.6529e-05
116	0.90675	0.092506	0.00067394	6.9327e-05
117	0.9039	0.095357	0.00066918	7.1188e-05
118	0.90212	0.097142	0.00066524	7.2238e-05
119	0.90153	0.097732	0.00066217	7.2401e-05
120	0.90214	0.097132	0.00065997	7.1694e-05
121	0.90378	0.095492	0.00065854	7.0224e-05
122	0.90647	0.092802	0.00065787	6.7992e-05
123	0.91023	0.089042	0.00065799	6.4993e-05
124	0.90452	0.094762	0.0006512	6.8882e-05
125	0.89994	0.099343	0.00064529	7.1911e-05
126	0.89647	0.10282	0.00064021	7.4112e-05
127	0.89408	0.10521	0.00063594	7.5515e-05
128	0.89292	0.10637	0.00063254	7.6037e-05
129	0.8931	0.10619	0.00063008	7.5608e-05
130	0.89463	0.10467	0.00062855	7.4237e-05
131	0.89724	0.10206	0.00062779	7.211e-05
132	0.90093	0.09837	0.00062779	6.9231e-05
133	0.90574	0.093565	0.00062855	6.5592e-05
134	0.91203	0.087283	0.0006303	6.0964e-05
135	0.91953	0.079784	0.00063286	5.5523e-05
136	0.91753	0.081783	0.00062885	5.6667e-05
137	0.91668	0.082632	0.00062563	5.7016e-05
138	0.91685	0.082471	0.00062311	5.6666e-05
139	0.91802	0.081299	0.0006213	5.5623e-05
140	0.92022	0.079107	0.00062018	5.3892e-05
141	0.92345	0.075879	0.00061976	5.1469e-05
142	0.92774	0.071593	0.00062005	4.8348e-05
143	0.93312	0.066217	0.00062106	4.4516e-05
144	0.93961	0.059727	0.00062279	3.9965e-05
145	0.94744	0.051896	0.00062536	3.4567e-05
146	0.95685	0.042488	0.00062892	2.8178e-05
147	0.96758	0.03177	0.00063329	2.0972e-05
148	0.96976	0.029593	0.00063199	1.9443e-05
149	0.97279	0.026565	0.00063123	1.7367e-05
150	0.97688	0.022472	0.00063114	1.4623e-05
151	0.97612	0.023236	0.00062787	1.5045e-05
152	0.97613	0.023234	0.0006251	1.4969e-05
153	0.97704	0.022326	0.0006229	1.4316e-05
154	0.97873	0.020639	0.0006212	1.3171e-05
155	0.98128	0.018084	0.00062004	1.1488e-05
156	0.97958	0.019787	0.00061618	1.2503e-05
157	0.97865	0.020728	0.00061281	1.3029e-05
158	0.97853	0.020846	0.00060996	1.3037e-05
159	0.97917	0.020209	0.00060759	1.2573e-05
160	0.9807	0.018682	0.00060575	1.1565e-05
161	0.97798	0.021403	0.00060127	1.3183e-05
162	0.97607	0.023321	0.00059731	1.4291e-05
163	0.97508	0.024309	0.00059392	1.4824e-05
164	0.97502	0.024378	0.00059108	1.4797e-05
165	0.97587	0.023531	0.00058878	1.4219e-05
166	0.97764	0.021756	0.00058701	1.3092e-05
167	0.98022	0.019181	0.00058573	1.1494e-05
168	0.9837	0.015702	0.00058495	9.3752e-06
169	0.98306	0.016346	0.00058173	9.7167e-06
170	0.9777	0.021707	0.0005757	1.2848e-05
171	0.97338	0.026032	0.00057031	1.5341e-05
172	0.95803	0.041391	0.00055848	2.4276e-05
173	0.94476	0.054656	0.00054794	3.1909e-05
174	0.93343	0.065997	0.00053857	3.8358e-05
175	0.92349	0.075936	0.0005301	4.3922e-05
176	0.91508	0.084353	0.00052254	4.856e-05
177	0.90792	0.09151	0.00051577	5.2423e-05
178	0.88133	0.11811	0.00049799	6.7299e-05
179	0.85721	0.14223	0.0004818	8.0602e-05
180	0.83537	0.16407	0.00046704	9.2471e-05
181	0.81636	0.18309	0.00045397	0.00010265
182	0.79993	0.19952	0.00044243	0.00011128
183	0.78531	0.21414	0.000432	0.00011881
184	0.77268	0.22677	0.00042273	0.00012517
185	0.76165	0.23781	0.00041443	0.00013057
186	0.75213	0.24733	0.00040703	0.00013507
187	0.71596	0.2835	0.00038523	0.00015397
188	0.68288	0.31659	0.00036533	0.00017098
189	0.65322	0.34625	0.00034743	0.00018597
190	0.62616	0.37331	0.00033111	0.00019939
191	0.60201	0.39746	0.00031647	0.00021112
192	0.58006	0.41941	0.00030315	0.00022154
193	0.56095	0.43853	0.00029143	0.00023036
194	0.5441	0.45538	0.00028097	0.0002379
195	0.52935	0.47014	0.00027169	0.00024425
196	0.51682	0.48266	0.00026362	0.00024939
197	0.50579	0.4937	0.00025641	0.00025368
198	0.49616	0.50334	0.00024999	0.00025717
199	0.48787	0.51162	0.00024431	0.00025993
200	0.48116	0.51834	0.00023947	0.00026185
201	0.47569	0.52381	0.00023529	0.0002631
202	0.47144	0.52807	0.00023176	0.00026372
203	0.46836	0.53114	0.00022885	0.00026372
204	0.46643	0.53308	0.00022653	0.00026314
205	0.46564	0.53388	0.00022478	0.00026199
206	0.46596	0.53355	0.00022359	0.00026028
207	0.46788	0.53164	0.00022314	0.00025782
208	0.47095	0.52857	0.00022325	0.00025482
209	0.47521	0.52432	0.00022391	0.00025126
210	0.48067	0.51885	0.00022513	0.00024716
211	0.48737	0.51216	0.00022691	0.0002425
212	0.49533	0.5042	0.00022924	0.00023728
213	0.50463	0.49491	0.00023217	0.00023149
214	0.51531	0.48422	0.00023569	0.00022509
215	0.52808	0.47146	0.00024009	0.00021782
216	0.54243	0.45711	0.00024515	0.00020988
217	0.53894	0.46061	0.00024203	0.00021013
218	0.53712	0.46243	0.00023966	0.0002096
219	0.53651	0.46304	0.00023786	0.00020852
220	0.5371	0.46246	0.0002366	0.0002069
221	0.53889	0.46067	0.00023588	0.00020475
222	0.54235	0.45721	0.00023586	0.00020188
223	0.54705	0.45252	0.00023637	0.00019849
224	0.55351	0.44606	0.00023761	0.00019437
225	0.56128	0.43829	0.00023938	0.00018971
226	0.55213	0.44745	0.00023387	0.00019234
227	0.54463	0.45494	0.0002291	0.00019421
228	0.53895	0.46063	0.00022512	0.00019528
229	0.53499	0.46459	0.00022189	0.0001956
230	0.53226	0.46732	0.00021919	0.00019539
231	0.53072	0.46886	0.00021701	0.00019466
232	0.53062	0.46897	0.00021542	0.00019334
233	0.53172	0.46787	0.00021432	0.00019153
234	0.534	0.4656	0.0002137	0.00018924
235	0.51747	0.48213	0.00020555	0.00019449
236	0.50329	0.49632	0.00019842	0.00019872
237	0.49069	0.50892	0.000192	0.00020224
238	0.48014	0.51947	0.00018644	0.00020489
239	0.47097	0.52864	0.00018149	0.00020693
240	0.4634	0.53621	0.00017719	0.00020831
241	0.45758	0.54204	0.0001736	0.00020899
242	0.45295	0.54667	0.0001705	0.00020916
243	0.44947	0.55015	0.00016787	0.00020888
244	0.44712	0.55251	0.00016569	0.00020815
245	0.44613	0.5535	0.00016402	0.0002069
246	0.44626	0.55337	0.00016277	0.00020524
247	0.44775	0.55188	0.00016201	0.00020308
248	0.45037	0.54927	0.00016166	0.00020052
249	0.45412	0.54552	0.0001617	0.00019756
250	0.4593	0.54035	0.00016222	0.00019412
251	0.46569	0.53395	0.00016315	0.00019028
252	0.47333	0.52632	0.00016448	0.00018603
253	0.48282	0.51684	0.0001664	0.0001812
254	0.49371	0.50595	0.00016875	0.00017592
255	0.50608	0.49358	0.00017156	0.0001702
256	0.52	0.47966	0.00017483	0.00016402
257	0.5356	0.46407	0.0001786	0.00015736
258	0.55297	0.44669	0.00018287	0.00015018
259	0.57223	0.42744	0.00018768	0.00014248
260	0.59349	0.40619	0.00019305	0.00013422
261	0.61778	0.38189	0.00019927	0.0001251
262	0.6445	0.35518	0.00020615	0.00011533
263	0.67384	0.32585	0.00021372	0.00010486
264	0.70706	0.29262	0.00022234	9.3346e-05
265	0.71443	0.28526	0.00022264	9.0156e-05
266	0.72371	0.27598	0.00022347	8.642e-05
267	0.73447	0.26522	0.00022472	8.2274e-05
268	0.74682	0.25287	0.0002264	7.7701e-05
269	0.76082	0.23887	0.00022851	7.2695e-05
270	0.77657	0.22313	0.00023108	6.724e-05
271	0.7942	0.2055	0.00023414	6.1309e-05
272	0.79512	0.20459	0.00023216	6.0408e-05
273	0.79762	0.20209	0.00023063	5.9056e-05
274	0.80133	0.19838	0.00022944	5.7366e-05
275	0.80652	0.1932	0.00022864	5.5282e-05
276	0.81321	0.1865	0.00022822	5.2801e-05
277	0.80665	0.19307	0.00022408	5.4058e-05
278	0.80159	0.19813	0.00022037	5.4862e-05
279	0.79779	0.20194	0.00021705	5.5296e-05
280	0.79558	0.20415	0.00021416	5.5278e-05
281	0.79458	0.20515	0.00021162	5.4921e-05
282	0.79479	0.20494	0.00020941	5.4238e-05
283	0.79621	0.20353	0.00020752	5.3238e-05
284	0.79921	0.20053	0.00020602	5.1839e-05
285	0.80343	0.19631	0.00020482	5.014e-05
286	0.80893	0.19081	0.00020393	4.8141e-05
287	0.81596	0.18379	0.00020338	4.5793e-05
288	0.82459	0.17516	0.00020317	4.3093e-05
289	0.82034	0.17941	0.00019977	4.3583e-05
290	0.8173	0.18246	0.00019669	4.3755e-05
291	0.81547	0.1843	0.00019391	4.3622e-05
292	0.8148	0.18496	0.00019143	4.3201e-05
293	0.81551	0.18425	0.00018926	4.2459e-05
294	0.81741	0.18236	0.00018737	4.1447e-05
295	0.82052	0.17926	0.00018575	4.017e-05
296	0.82485	0.17493	0.00018439	3.8635e-05
297	0.83041	0.16937	0.00018328	3.6848e-05
298	0.83768	0.16211	0.0001825	3.4726e-05
299	0.84628	0.1535	0.00018198	3.2354e-05
300	0.85631	0.14348	0.00018171	2.9725e-05
301	0.85415	0.14564	0.00017884	2.9697e-05
302	0.85331	0.14649	0.00017624	2.9389e-05
303	0.8536	0.1462	0.00017388	2.8844e-05
304	0.85535	0.14445	0.00017179	2.8012e-05
305	0.85826	0.14154	0.00016993	2.6961e-05
306	0.86268	0.13713	0.00016834	2.5636e-05
307	0.8683	0.13151	0.00016696	2.4105e-05
308	0.87515	0.12466	0.00016578	2.2369e-05
309	0.88352	0.11629	0.00016483	2.0394e-05
310	0.89325	0.10657	0.0001641	1.8217e-05
311	0.90441	0.095408	0.00016357	1.5833e-05
312	0.91757	0.082256	0.00016332	1.3162e-05
313	0.93237	0.067457	0.00016329	1.0276e-05
314	0.94922	0.050614	0.00016351	7.1257e-06
315	0.96795	0.031879	0.00016397	3.749e-06
316	0.96676	0.033076	0.00016454	4.0881e-06
317	0.96647	0.033356	0.00016524	4.2818e-06
318	0.96702	0.032814	0.00016608	4.3414e-06
319	0.96855	0.031276	0.00016706	4.2411e-06
320	0.97094	0.028891	0.00016819	3.9999e-06
321	0.97436	0.025466	0.00016948	3.5892e-06
322	0.97266	0.027171	0.00016998	3.9614e-06
323	0.97184	0.027988	0.00017063	4.1856e-06
324	0.97181	0.028011	0.0001714	4.274e-06
325	0.97267	0.027155	0.00017232	4.2124e-06
326	0.97441	0.025409	0.00017339	3.9975e-06
327	0.97714	0.022683	0.00017461	3.6127e-06
328	0.97513	0.024692	0.00017503	4.02e-06
329	0.97392	0.025899	0.0001756	4.287e-06
330	0.9735	0.026321	0.0001763	4.4145e-06
331	0.97394	0.025877	0.00017715	4.3884e-06
332	0.97526	0.024562	0.00017814	4.206e-06
333	0.97752	0.022293	0.0001793	3.8511e-06
334	0.98061	0.019201	0.00018061	3.3426e-06
335	0.98464	0.015174	0.00018208	2.6608e-06
336	0.98973	0.010085	0.00018375	1.7818e-06
337	0.99068	0.0091331	0.00018467	1.631e-06
338	0.98879	0.011024	0.00018508	1.9994e-06
339	0.9877	0.012112	0.00018562	2.2209e-06
340	0.9873	0.012515	0.00018629	2.3144e-06
341	0.98289	0.016921	0.0001862	3.1633e-06
342	0.97933	0.020475	0.00018627	3.8557e-06
343	0.9767	0.023114	0.0001865	4.3794e-06
344	0.97487	0.024941	0.00018689	4.7504e-06
345	0.97391	0.025893	0.00018742	4.9566e-06
346	0.97383	0.02598	0.00018812	4.9977e-06
347	0.97452	0.025285	0.00018896	4.8864e-06
348	0.976	0.023804	0.00018996	4.6201e-06
349	0.9726	0.02721	0.00019	5.3063e-06
350	0.97022	0.029587	0.00019023	5.7967e-06
351	0.96867	0.031134	0.00019061	6.1258e-06
352	0.96811	0.031697	0.00019118	6.2634e-06
353	0.96835	0.031447	0.00019191	6.2394e-06
354	0.96959	0.030216	0.00019282	6.0209e-06
355	0.97164	0.02816	0.0001939	5.6347e-06
356	0.97454	0.025257	0.00019516	5.0746e-06
357	0.97831	0.021486	0.00019659	4.3346e-06
358	0.97739	0.022413	0.00019708	4.5371e-06
359	0.97722	0.022579	0.00019773	4.5856e-06
360	0.97781	0.021984	0.00019852	4.4789e-06
361	0.97931	0.020484	0.0001995	4.1873e-06
362	0.9816	0.0182	0.00020063	3.7322e-06
363	0.98468	0.015116	0.00020194	3.1086e-06
364	0.98874	0.011052	0.00020344	2.2799e-06
365	0.98899	0.010807	0.00020416	2.2349e-06
366	0.98996	0.0098359	0.00020501	2.0397e-06
367	0.99171	0.0080838	0.00020602	1.6816e-06
368	0.99415	0.0056387	0.00020718	1.1758e-06
369	0.99743	0.0023656	0.00020851	4.9441e-07
370	0.99844	0.0013506	0.00020935	2.8308e-07
371	0.99682	0.002971	0.00020964	6.2504e-07
372	0.99583	0.0039592	0.00021004	8.3601e-07
373	0.99543	0.0043568	0.00021057	9.2271e-07
374	0.99565	0.004135	0.00021122	8.7881e-07
375	0.99646	0.0033238	0.000212	7.0873e-07
376	0.99787	0.0019176	0.0002129	4.1015e-07
377	0.99802	0.0017672	0.00021353	3.7928e-07
378	0.99871	0.0010791	0.00021427	2.3252e-07
379	0.99699	0.0027941	0.0002145	6.0288e-07
380	0.99179	0.0079962	0.00021396	1.7303e-06
381	0.98744	0.012344	0.0002136	2.6773e-06
382	0.984	0.01578	0.00021342	3.4325e-06
383	0.98144	0.01834	0.00021342	4.0015e-06
384	0.97966	0.02012	0.00021359	4.4022e-06
385	0.97872	0.021064	0.00021393	4.6225e-06
386	0.97853	0.021255	0.00021443	4.6777e-06
387	0.97908	0.020696	0.0002151	4.5668e-06
388	0.9804	0.019381	0.00021594	4.2877e-06
389	0.97729	0.02249	0.00021578	4.9872e-06
390	0.97501	0.024773	0.00021581	5.5058e-06
391	0.97361	0.026169	0.00021603	5.8305e-06
392	0.973	0.026774	0.00021642	5.9794e-06
393	0.97327	0.026509	0.00021699	5.9357e-06
394	0.95297	0.046804	0.00021294	1.0505e-05
395	0.93499	0.064783	0.00020938	1.4579e-05
396	0.91886	0.080913	0.00020622	1.8249e-05
397	0.90496	0.094811	0.00020354	2.1436e-05
398	0.89264	0.10713	0.0002012	2.4275e-05
399	0.88183	0.11794	0.0001992	2.678e-05
400	0.87244	0.12734	0.00019751	2.8971e-05
401	0.86439	0.13538	0.00019612	3.0861e-05
402	0.85803	0.14174	0.00019509	3.2378e-05
403	0.85326	0.14651	0.00019441	3.3539e-05
404	0.84969	0.15008	0.000194	3.4427e-05
405	0.84748	0.1523	0.00019389	3.5009e-05
406	0.84674	0.15303	0.00019411	3.5256e-05
407	0.84713	0.15264	0.00019459	3.5239e-05
408	0.84868	0.15109	0.00019534	3.4953e-05
409	0.85171	0.14805	0.00019642	3.4323e-05
410	0.85594	0.14383	0.00019778	3.3412e-05
411	0.84818	0.15159	0.00019637	3.5277e-05
412	0.84193	0.15784	0.00019529	3.6797e-05
413	0.83731	0.16246	0.00019458	3.7947e-05
414	0.83424	0.16552	0.00019421	3.8738e-05
415	0.83237	0.1674	0.00019412	3.9252e-05
416	0.83166	0.16811	0.00019431	3.949e-05
417	0.8323	0.16747	0.0001948	3.9413e-05
418	0.83429	0.16547	0.0001956	3.902e-05
419	0.83766	0.16211	0.00019671	3.8304e-05
420	0.84222	0.15754	0.00019811	3.7299e-05
421	0.83429	0.16548	0.00019657	3.9241e-05
422	0.82769	0.17208	0.00019533	4.087e-05
423	0.82238	0.17738	0.0001944	4.2195e-05
424	0.81852	0.18125	0.0001938	4.3182e-05
425	0.81606	0.1837	0.00019352	4.3839e-05
426	0.81515	0.18461	0.0001936	4.4131e-05
427	0.798	0.20176	0.0001898	4.83e-05
428	0.78302	0.21675	0.00018649	5.1966e-05
429	0.76973	0.23003	0.00018359	5.5229e-05
430	0.75859	0.24117	0.00018118	5.7991e-05
431	0.74898	0.25078	0.00017913	6.039e-05
432	0.7408	0.25896	0.00017742	6.2446e-05
433	0.73401	0.26575	0.00017604	6.4168e-05
434	0.7288	0.27096	0.00017504	6.5516e-05
435	0.72511	0.27465	0.00017438	6.65e-05
436	0.72268	0.27708	0.00017403	6.7181e-05
437	0.72171	0.27804	0.00017402	6.7509e-05
438	0.72239	0.27736	0.0001744	6.7441e-05
439	0.72431	0.27545	0.00017509	6.707e-05
440	0.7277	0.27206	0.00017612	6.6339e-05
441	0.73261	0.26715	0.00017751	6.5239e-05
442	0.72246	0.2773	0.00017525	6.7801e-05
443	0.71377	0.28599	0.00017333	7.0009e-05
444	0.7065	0.29326	0.00017176	7.187e-05
445	0.70104	0.29872	0.00017062	7.3294e-05
446	0.69687	0.30288	0.0001698	7.4401e-05
447	0.69441	0.30534	0.00016938	7.5094e-05
448	0.69321	0.30655	0.00016927	7.5475e-05
449	0.69348	0.30628	0.00016951	7.5498e-05
450	0.695	0.30476	0.00017006	7.5208e-05
451	0.69778	0.30197	0.00017093	7.4603e-05
452	0.70185	0.2979	0.00017212	7.3676e-05
453	0.70721	0.29255	0.00017363	7.2423e-05
454	0.71392	0.28584	0.00017548	7.083e-05
455	0.72202	0.27773	0.00017769	6.8883e-05
456	0.73208	0.26768	0.00018037	6.6451e-05
457	0.74422	0.25554	0.00018356	6.3501e-05
458	0.75802	0.24173	0.00018717	6.0127e-05
459	0.77356	0.2262	0.00019123	5.6309e-05
460	0.79131	0.20844	0.00019583	5.1935e-05
461	0.81146	0.18829	0.00020103	4.6961e-05
462	0.83457	0.16518	0.00020696	4.1247e-05
463	0.83895	0.1608	0.00020823	4.0185e-05
464	0.84478	0.15497	0.00020986	3.8763e-05
465	0.85188	0.14787	0.00021181	3.7017e-05
466	0.86073	0.13902	0.00021418	3.4834e-05
467	0.87099	0.12876	0.00021692	3.2291e-05
468	0.88322	0.11653	0.00022014	2.9257e-05
469	0.89756	0.10219	0.00022388	2.5691e-05
470	0.89906	0.10069	0.00022441	2.5334e-05
471	0.90178	0.097966	0.00022524	2.4671e-05
472	0.90576	0.093994	0.00022637	2.3697e-05
473	0.91086	0.088895	0.00022779	2.2435e-05
474	0.9171	0.082645	0.0002295	2.088e-05
475	0.92474	0.07501	0.00023155	1.8978e-05
476	0.92312	0.076631	0.00023128	1.94e-05
477	0.92249	0.077262	0.00023125	1.9571e-05
478	0.92298	0.07677	0.0002315	1.9462e-05
479	0.92447	0.07528	0.000232	1.9098e-05
480	0.92697	0.07278	0.00023276	1.8477e-05
481	0.93048	0.069264	0.00023378	1.7597e-05
482	0.93504	0.064708	0.00023506	1.6451e-05
483	0.94067	0.05908	0.00023662	1.503e-05
484	0.93829	0.061462	0.00023615	1.5634e-05
485	0.93709	0.062659	0.00023597	1.5941e-05
486	0.93685	0.062902	0.00023603	1.6005e-05
487	0.93767	0.062078	0.00023635	1.5801e-05
488	0.93967	0.060074	0.00023696	1.53e-05
489	0.94264	0.057105	0.00023782	1.4551e-05
490	0.9381	0.061649	0.00023676	1.571e-05
491	0.93458	0.065163	0.00023596	1.6607e-05
492	0.93207	0.067681	0.00023541	1.725e-05
493	0.91799	0.081754	0.00023193	2.0827e-05
494	0.90597	0.09378	0.00022894	2.3891e-05
495	0.89583	0.10391	0.00022642	2.6479e-05
496	0.88708	0.11267	0.00022426	2.8715e-05
497	0.88	0.11974	0.00022251	3.0528e-05
498	0.87418	0.12557	0.00022107	3.2021e-05
499	0.86974	0.13001	0.00021998	3.3165e-05
500	0.86663	0.13311	0.00021922	3.3971e-05
501	0.86466	0.13509	0.00021875	3.4488e-05
502	0.86397	0.13577	0.00021859	3.4678e-05
503	0.86441	0.13534	0.00021872	3.4581e-05
504	0.86614	0.13361	0.00021917	3.4157e-05
505	0.85546	0.14429	0.00021646	3.689e-05
506	0.84621	0.15353	0.00021412	3.9255e-05
507	0.83835	0.16139	0.00021214	4.1264e-05
508	0.83181	0.16794	0.00021049	4.2935e-05
509	0.82674	0.17301	0.00020921	4.4232e-05
510	0.82291	0.17683	0.00020824	4.521e-05
511	0.8203	0.17945	0.00020759	4.5876e-05
512	0.81886	0.18088	0.00020724	4.624e-05
513	0.81895	0.18079	0.00020726	4.6218e-05
514	0.82023	0.17952	0.00020759	4.5891e-05
515	0.82269	0.17705	0.00020823	4.5258e-05
516	0.82673	0.17302	0.00020925	4.4229e-05
517	0.81732	0.18242	0.00020684	4.662e-05
518	0.80956	0.19019	0.00020484	4.8596e-05
519	0.80354	0.1962	0.00020328	5.0129e-05
520	0.79882	0.20093	0.00020204	5.1331e-05
521	0.79555	0.2042	0.00020117	5.2164e-05
522	0.7935	0.20624	0.00020061	5.2681e-05
523	0.79267	0.20708	0.00020036	5.2887e-05
524	0.79304	0.20671	0.00020042	5.2783e-05
525	0.79499	0.20476	0.00020086	5.2282e-05
526	0.79853	0.20121	0.00020171	5.1377e-05
527	0.78827	0.21148	0.00019903	5.3986e-05
528	0.77945	0.2203	0.00019672	5.622e-05
529	0.74444	0.25531	0.00018777	6.5104e-05
530	0.71249	0.28726	0.0001796	7.3196e-05
531	0.68388	0.31587	0.00017228	8.0441e-05
532	0.65781	0.34193	0.00016561	8.7027e-05
533	0.63459	0.36516	0.00015965	9.2893e-05
534	0.61357	0.38618	0.00015426	9.8189e-05
535	0.59531	0.40443	0.00014957	0.00010278
536	0.57893	0.42082	0.00014535	0.0001069
537	0.5643	0.43545	0.00014159	0.00011055
538	0.55133	0.44842	0.00013826	0.00011378
539	0.53991	0.45984	0.00013532	0.00011661
540	0.52994	0.4698	0.00013276	0.00011907
541	0.52136	0.47839	0.00013055	0.00012117
542	0.51462	0.48513	0.0001288	0.0001228
543	0.50942	0.49033	0.00012743	0.00012405
544	0.48014	0.51961	0.00011999	0.00013136
545	0.45331	0.54643	0.00011318	0.00013803
546	0.42875	0.57099	0.00010696	0.00014412
547	0.40629	0.59346	0.00010127	0.00014967
548	0.38654	0.61321	9.6265e-05	0.00015453
549	0.36927	0.63048	9.187e-05	0.00015877
550	0.35357	0.64618	8.7883e-05	0.0001626
551	0.33935	0.6604	8.4274e-05	0.00016606
552	0.3271	0.67265	8.1152e-05	0.00016901
553	0.31613	0.68362	7.8359e-05	0.00017164
554	0.30635	0.6934	7.5869e-05	0.00017396
555	0.29767	0.70208	7.3662e-05	0.00017599
556	0.29005	0.7097	7.1723e-05	0.00017776
557	0.28343	0.71632	7.0039e-05	0.00017927
558	0.27776	0.72199	6.8597e-05	0.00018053
559	0.27302	0.72673	6.7392e-05	0.00018156
560	0.2696	0.73015	6.6507e-05	0.00018226
561	0.26726	0.73249	6.5884e-05	0.00018269
562	0.26597	0.73378	6.5519e-05	0.00018285
563	0.26552	0.73423	6.5363e-05	0.0001828
564	0.2663	0.73345	6.5504e-05	0.00018245
565	0.26789	0.73186	6.585e-05	0.00018189
566	0.27055	0.72921	6.6452e-05	0.00018107
567	0.27405	0.7257	6.7265e-05	0.00018003
568	0.27868	0.72107	6.8348e-05	0.00017872
569	0.28468	0.71507	6.9759e-05	0.00017707
570	0.29212	0.70763	7.1516e-05	0.00017506
571	0.30111	0.69864	7.3641e-05	0.00017268
572	0.31125	0.68851	7.6045e-05	0.00017002
573	0.32288	0.67687	7.8805e-05	0.000167
574	0.3358	0.66395	8.1878e-05	0.00016366
575	0.35045	0.6493	8.5359e-05	0.00015991
576	0.36662	0.63313	8.9209e-05	0.00015578
577	0.38514	0.61462	9.3611e-05	0.0001511
578	0.40543	0.59432	9.8443e-05	0.00014598
579	0.42765	0.57211	0.00010374	0.0001404
580	0.45285	0.54691	0.00010973	0.00013411
581	0.48036	0.5194	0.00011628	0.00012726
582	0.51042	0.48934	0.00012344	0.00011981
583	0.5161	0.48366	0.00012467	0.00011828
584	0.52357	0.47619	0.00012631	0.00011633
585	0.5324	0.46736	0.00012829	0.00011404
586	0.52394	0.47582	0.00012608	0.00011594
587	0.51682	0.48293	0.0001242	0.00011751
588	0.51148	0.48828	0.00012274	0.00011864
589	0.50735	0.4924	0.00012159	0.00011948
590	0.50444	0.49532	0.00012073	0.00012001
591	0.50271	0.49704	0.00012016	0.00012025
592	0.50217	0.49759	0.00011988	0.00012021
593	0.50303	0.49673	0.00011993	0.00011982
594	0.50553	0.49423	0.00012037	0.00011904
595	0.50923	0.49053	0.00012109	0.00011798
596	0.51416	0.4856	0.00012211	0.00011661
597	0.52033	0.47943	0.00012342	0.00011495
598	0.52808	0.47168	0.0001251	0.00011292
599	0.53748	0.46228	0.00012715	0.0001105
600	0.54889	0.45087	0.00012967	0.00010762
601	0.56246	0.4373	0.00013267	0.00010423
602	0.57835	0.42141	0.00013621	0.0001003
603	0.59608	0.40368	0.00014017	9.5952e-05
604	0.59528	0.40448	0.00013974	9.5987e-05
605	0.59615	0.40361	0.00013969	9.5629e-05
606	0.59824	0.40152	0.00013993	9.498e-05
607	0.60183	0.39794	0.00014052	9.3982e-05
608	0.6067	0.39307	0.0001414	9.2683e-05
609	0.61287	0.3869	0.00014258	9.1079e-05
610	0.62037	0.37939	0.00014408	8.9163e-05
611	0.62981	0.36995	0.00014601	8.6805e-05
612	0.62276	0.37701	0.00014409	8.829e-05
613	0.61731	0.38246	0.00014255	8.9398e-05
614	0.61315	0.38661	0.00014131	9.0194e-05
615	0.61028	0.38949	0.00014038	9.0688e-05
616	0.60865	0.39112	0.00013974	9.0886e-05
617	0.60825	0.39152	0.00013939	9.0796e-05
618	0.60952	0.39025	0.00013941	9.0321e-05
619	0.61203	0.38774	0.00013972	8.9561e-05
620	0.61604	0.38373	0.00014036	8.8459e-05
621	0.6216	0.37817	0.00014134	8.7007e-05
622	0.61026	0.38951	0.00013846	8.9412e-05
623	0.60042	0.39935	0.00013594	9.1462e-05
624	0.59229	0.40748	0.00013381	9.3114e-05
625	0.58579	0.41398	0.00013205	9.4389e-05
626	0.58062	0.41916	0.00013059	9.5355e-05
627	0.57672	0.42305	0.00012943	9.6022e-05
628	0.57453	0.42525	0.00012865	9.6304e-05
629	0.57354	0.42623	0.00012815	9.6307e-05
630	0.57402	0.42576	0.00012797	9.5981e-05
631	0.57596	0.42382	0.0001281	9.533e-05
632	0.57914	0.42063	0.00012851	9.4398e-05
633	0.58357	0.4162	0.0001292	9.3189e-05
634	0.58928	0.4105	0.00013017	9.1696e-05
635	0.59658	0.4032	0.00013149	8.9856e-05
636	0.60555	0.39423	0.00013315	8.7655e-05
637	0.61654	0.38324	0.00013524	8.5021e-05
638	0.62911	0.37067	0.00013766	8.2047e-05
639	0.64331	0.35647	0.00014044	7.8723e-05
640	0.65993	0.33985	0.00014372	7.4889e-05
641	0.65857	0.34121	0.00014305	7.4995e-05
642	0.65844	0.34134	0.00014266	7.4828e-05
643	0.65956	0.34022	0.00014254	7.4384e-05
644	0.66194	0.33784	0.0001427	7.3665e-05
645	0.66604	0.33375	0.00014321	7.258e-05
646	0.65385	0.34594	0.0001402	7.5013e-05
647	0.64322	0.35656	0.00013754	7.7089e-05
648	0.6346	0.36519	0.00013532	7.8727e-05
649	0.62739	0.3724	0.0001334	8.0048e-05
650	0.62178	0.37801	0.00013183	8.102e-05
651	0.61748	0.38231	0.00013055	8.1702e-05
652	0.61444	0.38535	0.00012954	8.2108e-05
653	0.61289	0.3869	0.00012884	8.2197e-05
654	0.61259	0.3872	0.00012841	8.2017e-05
655	0.6135	0.38629	0.00012824	8.1577e-05
656	0.6159	0.38389	0.00012837	8.0827e-05
657	0.61956	0.38023	0.00012876	7.9812e-05
658	0.62498	0.37482	0.00012951	7.8437e-05
659	0.63171	0.36808	0.00013052	7.679e-05
660	0.63984	0.35995	0.00013182	7.486e-05
661	0.64939	0.3504	0.0001334	7.264e-05
662	0.66075	0.33905	0.00013534	7.0062e-05
663	0.67403	0.32577	0.00013764	6.7106e-05
664	0.68902	0.31077	0.00014028	6.3809e-05
665	0.70651	0.29328	0.0001434	6.0026e-05
666	0.72638	0.27342	0.00014698	5.5786e-05
667	0.7484	0.2514	0.00015096	5.1129e-05
668	0.75109	0.24871	0.00015101	5.0407e-05
669	0.75502	0.24478	0.00015131	4.9435e-05
670	0.76047	0.23933	0.0001519	4.8164e-05
671	0.76749	0.23231	0.00015278	4.6588e-05
672	0.77636	0.22344	0.00015402	4.4655e-05
673	0.7867	0.2131	0.00015553	4.244e-05
674	0.7991	0.2007	0.00015743	3.9832e-05
675	0.81315	0.18666	0.00015964	3.6914e-05
676	0.82956	0.17025	0.00016228	3.3555e-05
677	0.84789	0.15192	0.00016528	2.9838e-05
678	0.86827	0.13153	0.00016865	2.5742e-05
679	0.89161	0.1082	0.00017256	2.1105e-05
680	0.91736	0.082446	0.0001769	1.6028e-05
681	0.92464	0.075168	0.00017763	1.4561e-05
682	0.93315	0.066654	0.00017859	1.2865e-05
683	0.94296	0.056846	0.00017978	1.0931e-05
684	0.95414	0.045675	0.00018122	8.7494e-06
685	0.96675	0.033063	0.00018292	6.307e-06
686	0.96983	0.029985	0.00018277	5.6953e-06
687	0.974	0.025816	0.00018282	4.884e-06
688	0.9791	0.020709	0.00018304	3.9018e-06
689	0.97913	0.020682	0.0001823	3.8792e-06
690	0.97991	0.019907	0.00018169	3.7168e-06
691	0.98144	0.018378	0.00018122	3.4151e-06
692	0.98387	0.015942	0.0001809	2.9495e-06
693	0.9871	0.012714	0.00018072	2.3412e-06
694	0.99123	0.0085871	0.0001807	1.5746e-06
695	0.9918	0.0080184	0.00018002	1.4627e-06
696	0.99311	0.006713	0.00017946	1.219e-06
697	0.99507	0.0047493	0.00017902	8.5816e-07
698	0.99776	0.0020578	0.0001787	3.7044e-07
699	0.99853	0.0012955	0.00017802	2.3207e-07
700	0.99845	0.0013754	0.00017719	2.4523e-07
701	0.99743	0.0023887	0.00017619	4.234e-07
702	0.99703	0.002791	0.00017529	4.9268e-07
703	0.99719	0.0026345	0.00017449	4.6316e-07
704	0.99791	0.0019184	0.00017378	3.3603e-07
705	0.99502	0.0048101	0.00017245	8.3707e-07
706	0.99281	0.0070144	0.00017124	1.214e-06
707	0.99129	0.0085427	0.00017015	1.4704e-06
708	0.99042	0.0094059	0.00016917	1.61e-06
709	0.98568	0.014146	0.00016753	2.4082e-06
710	0.9819	0.017936	0.00016604	3.0381e-06
711	0.97893	0.0209	0.00016471	3.5217e-06
712	0.97686	0.022977	0.00016351	3.852e-06
713	0.97557	0.024266	0.00016245	4.0467e-06
714	0.97514	0.024698	0.00016153	4.0974e-06
715	0.97562	0.024212	0.00016075	3.9967e-06
716	0.97689	0.022943	0.00016009	3.7676e-06
717	0.97895	0.020888	0.00015957	3.4116e-06
718	0.97653	0.023308	0.00015831	3.7844e-06
719	0.97499	0.024846	0.00015719	4.0112e-06
720	0.97439	0.02545	0.00015621	4.0861e-06
721	0.97471	0.025129	0.00015537	4.0131e-06
722	0.97581	0.024029	0.00015465	3.816e-06
723	0.9777	0.02214	0.00015406	3.4958e-06
724	0.98055	0.019292	0.0001536	3.0292e-06
725	0.98423	0.01561	0.00015327	2.437e-06
726	0.98372	0.016123	0.00015228	2.5013e-06
727	0.97842	0.021424	0.00015055	3.3025e-06
728	0.97415	0.025694	0.00014897	3.9367e-06
729	0.97078	0.029071	0.00014753	4.4258e-06
730	0.96827	0.031579	0.00014624	4.7761e-06
731	0.9667	0.033147	0.00014508	4.9811e-06
732	0.96597	0.033884	0.00014405	5.0581e-06
733	0.96605	0.033797	0.00014314	5.0105e-06
734	0.96714	0.032713	0.00014237	4.8169e-06
735	0.96906	0.030795	0.00014172	4.5023e-06
736	0.97201	0.027846	0.0001412	4.0423e-06
737	0.97603	0.02383	0.00014082	3.4348e-06
738	0.98116	0.018694	0.00014059	2.6756e-06
739	0.97544	0.024418	0.00013879	3.4717e-06
740	0.97079	0.029066	0.00013715	4.1052e-06
741	0.96726	0.032599	0.00013566	4.5732e-06
742	0.9648	0.03506	0.00013432	4.8854e-06
743	0.9632	0.036663	0.0001331	5.0728e-06
744	0.96244	0.037419	0.000132	5.1395e-06
745	0.95447	0.045396	0.00012991	6.1901e-06
746	0.94793	0.051934	0.00012802	7.0302e-06
747	0.94248	0.057387	0.00012629	7.7096e-06
748	0.93833	0.061536	0.00012473	8.2044e-06
749	0.93519	0.064679	0.00012332	8.5561e-06
750	0.93327	0.066599	0.00012206	8.7414e-06
751	0.93233	0.067544	0.00012094	8.7947e-06
752	0.93247	0.067401	0.00011994	8.7063e-06
753	0.93358	0.066291	0.00011908	8.4932e-06
754	0.93566	0.064215	0.00011833	8.1589e-06
755	0.93873	0.061149	0.0001177	7.7035e-06
756	0.94281	0.05707	0.00011719	7.1274e-06
757	0.94792	0.051961	0.0001168	6.4315e-06
758	0.9541	0.045775	0.00011653	5.6136e-06
759	0.9617	0.038178	0.0001164	4.6388e-06
760	0.96208	0.037803	0.00011538	4.5504e-06
761	0.95549	0.044394	0.00011354	5.2905e-06
762	0.94996	0.049919	0.00011183	5.889e-06
763	0.94547	0.054415	0.00011025	6.3541e-06
764	0.94211	0.057779	0.00010881	6.679e-06
765	0.93972	0.060164	0.00010748	6.8832e-06
766	0.9383	0.061587	0.00010627	6.9721e-06
767	0.93794	0.061944	0.00010518	6.9384e-06
768	0.93853	0.061361	0.00010418	6.7987e-06
769	0.94028	0.059608	0.00010331	6.5321e-06
770	0.943	0.056887	0.00010253	6.1631e-06
771	0.93811	0.061785	0.00010093	6.6181e-06
772	0.93439	0.065505	9.945e-05	6.9372e-06
773	0.93168	0.068212	9.8086e-05	7.1401e-06
774	0.92996	0.069937	9.6829e-05	7.2334e-06
775	0.92945	0.070449	9.5692e-05	7.1986e-06
776	0.92991	0.069987	9.4655e-05	7.0625e-06
777	0.93135	0.068546	9.3715e-05	6.828e-06
778	0.93377	0.066127	9.2868e-05	6.4986e-06
779	0.93744	0.062457	9.2128e-05	6.0525e-06
780	0.94215	0.057748	9.1481e-05	5.5132e-06
781	0.94808	0.051821	9.093e-05	4.8686e-06
782	0.94641	0.053491	8.9649e-05	4.952e-06
783	0.94587	0.054032	8.8468e-05	4.9269e-06
784	0.94625	0.053653	8.7372e-05	4.8153e-06
785	0.94776	0.052147	8.6368e-05	4.6028e-06
786	0.9502	0.049715	8.5443e-05	4.3102e-06
787	0.95357	0.046339	8.4594e-05	3.9394e-06
788	0.95805	0.041866	8.3823e-05	3.4814e-06
789	0.96354	0.036378	8.3128e-05	2.9462e-06
790	0.97021	0.029701	8.2512e-05	2.3241e-06
791	0.978	0.021915	8.1971e-05	1.6247e-06
792	0.97931	0.020605	8.0884e-05	1.4699e-06
793	0.9814	0.018516	7.9855e-05	1.2556e-06
794	0.98429	0.015634	7.8882e-05	9.8336e-07
795	0.98798	0.011946	7.7964e-05	6.5494e-07
796	0.98807	0.01185	7.9079e-05	6.9959e-07
797	0.98885	0.011072	8.0245e-05	6.9099e-07
798	0.98637	0.013545	8.1162e-05	9.2183e-07
799	0.98464	0.015275	8.2134e-05	1.0968e-06
800	0.9837	0.016213	8.3159e-05	1.2101e-06
801	0.9836	0.016314	8.4242e-05	1.2557e-06
802	0.98422	0.015695	8.5385e-05	1.2398e-06
803	0.98562	0.014289	8.6588e-05	1.1551e-06
804	0.98777	0.012146	8.7857e-05	1.0029e-06
805	0.99066	0.0092515	8.9196e-05	7.7926e-07
806	0.99047	0.0094421	9.0273e-05	8.1529e-07
807	0.99102	0.0088898	9.1408e-05	7.8417e-07
808	0.98873	0.011179	9.2283e-05	1.0124e-06
809	0.98726	0.012643	9.322e-05	1.1681e-06
810	0.9865	0.013405	9.422e-05	1.2596e-06
811	0.9812	0.018701	9.4771e-05	1.7921e-06
812	0.97692	0.022981	9.54e-05	2.2368e-06
813	0.97351	0.026386	9.6106e-05	2.6036e-06
814	0.97096	0.028942	9.6888e-05	2.892e-06
815	0.96924	0.030658	9.7749e-05	3.1003e-06
816	0.96835	0.031547	9.8689e-05	3.2272e-06
817	0.96828	0.031622	9.9711e-05	3.2714e-06
818	0.9691	0.030792	0.00010082	3.2218e-06
819	0.97075	0.029142	0.00010201	3.0835e-06
820	0.96707	0.032825	0.00010264	3.5096e-06
821	0.96428	0.03561	0.00010335	3.846e-06
822	0.96237	0.037524	0.00010416	4.0931e-06
823	0.96131	0.038581	0.00010505	4.2495e-06
824	0.9612	0.038688	0.00010603	4.3034e-06
825	0.96194	0.037947	0.00010711	4.262e-06
826	0.96364	0.036251	0.00010829	4.1118e-06
827	0.96631	0.033581	0.00010958	3.8481e-06
828	0.96986	0.030023	0.00011097	3.4761e-06
829	0.96786	0.032029	0.00011172	3.7421e-06
830	0.96668	0.033201	0.00011256	3.914e-06
831	0.96633	0.033549	0.0001135	3.9903e-06
832	0.95886	0.041022	0.00011359	4.9169e-06
833	0.95277	0.047113	0.00011381	5.6935e-06
834	0.94772	0.052155	0.00011416	6.3543e-06
835	0.92899	0.070884	0.0001128	8.703e-06
836	0.91217	0.087707	0.00011164	1.0851e-05
837	0.89741	0.10246	0.0001107	1.2778e-05
838	0.88429	0.11558	0.00010993	1.4527e-05
839	0.87319	0.12669	0.00010938	1.6047e-05
840	0.86354	0.13633	0.000109	1.7402e-05
841	0.82937	0.1705	0.00010544	2.1927e-05
842	0.79818	0.20169	0.0001022	2.6128e-05
843	0.76975	0.23013	9.9257e-05	3.0025e-05
844	0.74477	0.2551	9.6705e-05	3.3526e-05
845	0.72293	0.27694	9.451e-05	3.6663e-05
846	0.70324	0.29663	9.2561e-05	3.9551e-05
847	0.68552	0.31435	9.0841e-05	4.2208e-05
848	0.67002	0.32985	8.9377e-05	4.46e-05
849	0.65624	0.34362	8.812e-05	4.6784e-05
850	0.64409	0.35578	8.706e-05	4.8768e-05
851	0.63347	0.36639	8.6191e-05	5.056e-05
852	0.62433	0.37553	8.5506e-05	5.2165e-05
853	0.6171	0.38276	8.5062e-05	5.3521e-05
854	0.58293	0.41693	8.0836e-05	5.8657e-05
855	0.55168	0.44818	7.6961e-05	6.344e-05
856	0.52306	0.4768	7.3408e-05	6.7898e-05
857	0.49783	0.50203	7.0274e-05	7.1928e-05
858	0.4748	0.52506	6.7415e-05	7.5683e-05
859	0.45461	0.54525	6.4915e-05	7.9069e-05
860	0.43627	0.56359	6.265e-05	8.2218e-05
861	0.41965	0.58021	6.0607e-05	8.5143e-05
862	0.40528	0.59457	5.8857e-05	8.7766e-05
863	0.39242	0.60743	5.7306e-05	9.0188e-05
864	0.38125	0.6186	5.5977e-05	9.238e-05
865	0.37136	0.62849	5.4823e-05	9.4395e-05
866	0.36272	0.63713	5.3839e-05	9.6237e-05
867	0.35524	0.64461	5.3019e-05	9.7913e-05
868	0.34889	0.65096	5.2357e-05	9.9427e-05
869	0.34386	0.65599	5.188e-05	0.00010075
870	0.3403	0.65955	5.1613e-05	0.00010185
871	0.33816	0.66168	5.1554e-05	0.00010274
872	0.337	0.66284	5.1644e-05	0.00010348
873	0.33679	0.66305	5.188e-05	0.00010407
874	0.33753	0.66232	5.2265e-05	0.0001045
875	0.33946	0.66038	5.2834e-05	0.00010475
876	0.34238	0.65746	5.3563e-05	0.00010483
877	0.34631	0.65353	5.4457e-05	0.00010474
878	0.35127	0.64857	5.5525e-05	0.00010448
879	0.35755	0.64229	5.6806e-05	0.000104
880	0.36522	0.63462	5.8313e-05	0.00010328
881	0.37407	0.62577	6.0027e-05	0.00010236
882	0.38417	0.61567	6.1959e-05	0.00010121
883	0.39557	0.60427	6.4121e-05	9.9834e-05
884	0.40837	0.59147	6.6534e-05	9.8202e-05
885	0.42263	0.5772	6.9211e-05	9.6303e-05
886	0.4385	0.56134	7.2179e-05	9.4111e-05
887	0.45607	0.54377	7.5459e-05	9.1605e-05
888	0.47547	0.52436	7.9078e-05	8.8757e-05
889	0.475	0.52483	7.9374e-05	8.9231e-05
890	0.47567	0.52416	7.9865e-05	8.9506e-05
891	0.4775	0.52233	8.0556e-05	8.9581e-05
892	0.48074	0.51909	8.1483e-05	8.9411e-05
893	0.48518	0.51465	8.2622e-05	8.9027e-05
894	0.49081	0.50901	8.3977e-05	8.8425e-05
895	0.49821	0.50162	8.5638e-05	8.7508e-05
896	0.50692	0.49291	8.7541e-05	8.6348e-05
897	0.51731	0.48251	8.9744e-05	8.4879e-05
898	0.5295	0.47033	9.2268e-05	8.3081e-05
899	0.54326	0.45656	9.5093e-05	8.098e-05
900	0.55868	0.44114	9.8235e-05	7.8562e-05
901	0.57586	0.42397	0.00010172	7.5802e-05
902	0.59534	0.40448	0.00010562	7.2605e-05
903	0.61769	0.38213	0.00011006	6.8868e-05
904	0.64228	0.35754	0.00011495	6.4688e-05
905	0.66934	0.33048	0.00012031	6.0021e-05
906	0.69958	0.30024	0.00012629	5.474e-05
907	0.70603	0.29378	0.00012795	5.3761e-05
908	0.71413	0.28568	0.00012991	5.2475e-05
909	0.72369	0.27613	0.00013215	5.0906e-05
910	0.73474	0.26507	0.00013469	4.9043e-05
911	0.7474	0.25241	0.00013754	4.6865e-05
912	0.76175	0.23806	0.00014072	4.435e-05
913	0.77852	0.22129	0.00014437	4.1366e-05
914	0.79722	0.2026	0.0001484	3.7995e-05
915	0.81838	0.18143	0.00015291	3.4136e-05
916	0.84224	0.15757	0.00015794	2.9747e-05
917	0.86851	0.1313	0.00016346	2.4862e-05
918	0.89837	0.10144	0.00016969	1.9268e-05
919	0.90669	0.093118	0.00017184	1.7744e-05
920	0.91636	0.083454	0.00017425	1.5951e-05
921	0.92785	0.071964	0.00017702	1.3798e-05
922	0.92871	0.071095	0.00017776	1.367e-05
923	0.93069	0.069113	0.0001787	1.3328e-05
924	0.93392	0.065885	0.00017988	1.2744e-05
925	0.93844	0.061369	0.0001813	1.1908e-05
926	0.94403	0.055779	0.00018294	1.0856e-05
927	0.95102	0.048788	0.00018484	9.5268e-06
928	0.9595	0.040305	0.00018703	7.9e-06
929	0.96924	0.030565	0.00018948	6.0148e-06
930	0.98031	0.019497	0.00019221	3.8551e-06
931	0.98335	0.01645	0.00019336	3.2646e-06
932	0.98723	0.012576	0.00019468	2.5059e-06
933	0.99195	0.0078547	0.00019618	1.5735e-06
934	0.98956	0.01024	0.00019626	2.0538e-06
935	0.98789	0.011911	0.00019648	2.3937e-06
936	0.98702	0.012779	0.00019685	2.5753e-06
937	0.98142	0.018378	0.00019626	3.7095e-06
938	0.97676	0.023042	0.00019586	4.6602e-06
939	0.97317	0.026626	0.00019566	5.3993e-06
940	0.97062	0.029177	0.00019565	5.9342e-06
941	0.96891	0.030887	0.00019582	6.3001e-06
942	0.96802	0.031775	0.00019615	6.4997e-06
943	0.95992	0.039872	0.000195	8.1718e-06
944	0.95326	0.046541	0.00019413	9.5619e-06
945	0.94793	0.051866	0.00019352	1.0685e-05
946	0.94363	0.056166	0.00019311	1.1601e-05
947	0.94033	0.059461	0.00019291	1.2312e-05
948	0.93802	0.061773	0.0001929	1.2823e-05
949	0.93666	0.06313	0.00019309	1.3136e-05
950	0.93638	0.063414	0.0001935	1.3229e-05
951	0.93704	0.062754	0.0001941	1.3124e-05
952	0.93865	0.061147	0.0001949	1.282e-05
953	0.94122	0.058571	0.0001959	1.231e-05
