#coord	neutral	conserved	gBGC.neutral	gBGC.conserved
1	0.90379	0.095902	0.00027772	3.0948e-05
2	0.91152	0.088184	0.00026993	2.7506e-05
3	0.92053	0.079183	0.00026301	2.3812e-05
4	0.93111	0.068609	0.00025599	1.9935e-05
5	0.94338	0.056356	0.00024881	1.5907e-05
6	0.95766	0.042083	0.0002414	1.1724e-05
7	0.97363	0.026124	0.00023484	7.3705e-06
8	0.97844	0.021326	0.00022445	6.0465e-06
9	0.9842	0.015582	0.00021486	4.5919e-06
10	0.98501	0.014776	0.00021377	4.9829e-06
11	0.98186	0.017926	0.00020708	5.8976e-06
12	0.97951	0.020281	0.000201	6.5607e-06
13	0.97802	0.021779	0.00019493	7.0201e-06
14	0.9773	0.022506	0.00018943	7.2688e-06
15	0.97734	0.022472	0.00018444	7.3267e-06
16	0.97217	0.02764	0.00018348	1.0082e-05
17	0.95444	0.045365	0.00017669	1.5004e-05
18	0.93851	0.061299	0.00017068	1.9313e-05
19	0.92428	0.075528	0.00016541	2.3067e-05
20	0.9121	0.087708	0.00016047	2.6366e-05
21	0.90139	0.098424	0.00015616	2.9213e-05
22	0.89229	0.10752	0.00015208	3.1713e-05
23	0.88452	0.11529	0.00014855	3.3829e-05
24	0.87801	0.12181	0.00014553	3.5598e-05
25	0.87272	0.1271	0.00014298	3.705e-05
26	0.86861	0.13121	0.00014087	3.8203e-05
27	0.86598	0.13384	0.00013892	3.9091e-05
28	0.86479	0.13503	0.00013712	3.9724e-05
29	0.86471	0.13511	0.00013572	4.0106e-05
30	0.86592	0.13391	0.00013443	4.0277e-05
31	0.86824	0.13159	0.00013353	4.0211e-05
32	0.87169	0.12813	0.000133	3.9912e-05
33	0.87631	0.12352	0.00013284	3.9379e-05
34	0.86971	0.13012	0.00012756	3.8959e-05
35	0.86455	0.13529	0.00012237	3.8281e-05
36	0.86056	0.13928	0.00011772	3.7378e-05
37	0.85792	0.14193	0.00011312	3.6268e-05
38	0.85643	0.14343	0.00010901	3.4982e-05
39	0.85606	0.1438	0.00010534	3.3541e-05
40	0.8568	0.14306	0.00010209	3.196e-05
41	0.85869	0.14118	9.9241e-05	3.025e-05
42	0.86172	0.13816	9.6757e-05	2.842e-05
43	0.8659	0.13398	9.4625e-05	2.6477e-05
44	0.87127	0.12861	9.283e-05	2.4423e-05
45	0.87787	0.12202	9.1361e-05	2.2258e-05
46	0.88574	0.11415	9.0212e-05	1.9981e-05
47	0.89516	0.10473	8.9036e-05	1.7613e-05
48	0.90644	0.093456	8.7821e-05	1.5142e-05
49	0.91922	0.080677	8.6918e-05	1.257e-05
50	0.93362	0.066279	8.6331e-05	9.8865e-06
51	0.95028	0.049623	8.5698e-05	7.1117e-06
52	0.9688	0.031115	8.5374e-05	4.2282e-06
53	0.97427	0.025642	8.3326e-05	3.2633e-06
54	0.96721	0.032711	7.9791e-05	3.6502e-06
55	0.96146	0.038463	7.6255e-05	3.9025e-06
56	0.95695	0.042973	7.27e-05	4.034e-06
57	0.95341	0.046512	6.9451e-05	4.0593e-06
58	0.95094	0.048994	6.6174e-05	3.9961e-06
59	0.94958	0.050351	6.2842e-05	3.8497e-06
60	0.94934	0.050602	5.944e-05	3.6312e-06
61	0.94999	0.049954	5.6299e-05	3.3553e-06
62	0.95154	0.048404	5.3396e-05	3.0311e-06
63	0.95413	0.045822	5.0416e-05	2.6688e-06
64	0.95787	0.042082	4.7334e-05	2.2735e-06
65	0.96282	0.037136	4.4135e-05	1.8563e-06
66	0.96879	0.031167	4.1147e-05	1.4278e-06
67	0.97597	0.023992	3.8039e-05	1.0013e-06
68	0.97686	0.023099	3.4943e-05	8.6417e-07
69	0.97869	0.021281	3.1736e-05	7.0654e-07
70	0.98146	0.018514	2.8407e-05	5.3731e-07
71	0.98521	0.014762	2.4942e-05	3.6609e-07
72	0.99	0.0099774	2.1327e-05	2.0332e-07
73	0.9907	0.009285	1.7817e-05	1.4954e-07
74	0.99211	0.0078748	1.4191e-05	9.1511e-08
75	0.9942	0.0057851	1.0757e-05	3.6675e-08
76	0.99399	0.0060031	1.0289e-05	3.897e-08
77	0.99442	0.0055709	9.7806e-06	3.4766e-08
78	0.99547	0.0045224	9.3047e-06	2.4635e-08
79	0.99467	0.0053234	1.0072e-05	4.2168e-08
80	0.99447	0.0055199	1.0883e-05	5.4284e-08
81	0.99488	0.0051131	1.1742e-05	5.947e-08
82	0.99319	0.006796	1.264e-05	9.1264e-08
83	0.98727	0.012717	1.3411e-05	1.9426e-07
84	0.98227	0.017715	1.4232e-05	2.934e-07
85	0.97826	0.021723	1.5003e-05	3.8806e-07
86	0.9752	0.024781	1.5725e-05	4.7565e-07
87	0.97314	0.026847	1.6399e-05	5.5269e-07
88	0.97188	0.028105	1.7129e-05	6.1759e-07
89	0.9715	0.028478	1.7819e-05	6.6927e-07
90	0.97208	0.027899	1.8464e-05	7.0458e-07
91	0.97362	0.026361	1.9069e-05	7.2165e-07
92	0.97598	0.024004	1.9739e-05	7.1868e-07
93	0.97358	0.026396	2.022e-05	8.426e-07
94	0.96292	0.037061	1.9426e-05	1.0177e-06
95	0.95355	0.046428	1.8718e-05	1.1508e-06
96	0.94574	0.054238	1.7988e-05	1.2465e-06
97	0.93909	0.060891	1.7333e-05	1.3087e-06
98	0.93383	0.066147	1.6652e-05	1.3398e-06
99	0.92991	0.070075	1.5941e-05	1.3423e-06
100	0.92701	0.072971	1.5296e-05	1.3209e-06
101	0.92526	0.074727	1.4621e-05	1.2778e-06
102	0.92463	0.075359	1.3913e-05	1.2153e-06
103	0.92498	0.075001	1.3263e-05	1.1366e-06
104	0.92657	0.073412	1.2572e-05	1.0419e-06
105	0.92917	0.070817	1.1932e-05	9.357e-07
106	0.93278	0.067208	1.1339e-05	8.201e-07
107	0.93744	0.062549	1.079e-05	6.9651e-07
108	0.94317	0.056818	1.028e-05	5.6645e-07
109	0.9412	0.058784	1.0922e-05	6.6525e-07
110	0.94019	0.059801	1.1611e-05	7.555e-07
111	0.9401	0.059885	1.235e-05	8.3525e-07
112	0.93112	0.06887	1.2835e-05	1.0603e-06
113	0.9234	0.076589	1.3366e-05	1.2787e-06
114	0.91687	0.083111	1.3944e-05	1.4896e-06
115	0.9115	0.088483	1.4575e-05	1.6916e-06
116	0.90741	0.092574	1.5164e-05	1.8817e-06
117	0.90456	0.095426	1.5715e-05	2.057e-06
118	0.90277	0.097212	1.6327e-05	2.2163e-06
119	0.90218	0.097802	1.6905e-05	2.3561e-06
120	0.90278	0.097201	1.7452e-05	2.474e-06
121	0.90442	0.09556	1.8065e-05	2.5693e-06
122	0.90711	0.092868	1.8749e-05	2.6392e-06
123	0.91087	0.089105	1.9509e-05	2.6807e-06
124	0.90515	0.094829	1.9954e-05	2.9789e-06
125	0.90056	0.099413	2.0468e-05	3.2569e-06
126	0.89709	0.10289	2.1055e-05	3.5139e-06
127	0.89469	0.10528	2.1718e-05	3.7483e-06
128	0.89353	0.10645	2.2349e-05	3.9569e-06
129	0.89371	0.10627	2.295e-05	4.1331e-06
130	0.89523	0.10474	2.3524e-05	4.2742e-06
131	0.89784	0.10213	2.4185e-05	4.3816e-06
132	0.90153	0.098436	2.4938e-05	4.4524e-06
133	0.90634	0.093627	2.5788e-05	4.4826e-06
134	0.91263	0.087341	2.6622e-05	4.4638e-06
135	0.92013	0.079836	2.7566e-05	4.3943e-06
136	0.91813	0.081837	2.6988e-05	4.2924e-06
137	0.91728	0.082686	2.6387e-05	4.1555e-06
138	0.91745	0.082525	2.5875e-05	3.9848e-06
139	0.91862	0.081352	2.545e-05	3.7819e-06
140	0.92081	0.079158	2.5107e-05	3.5476e-06
141	0.92404	0.075928	2.4846e-05	3.2821e-06
142	0.92833	0.071639	2.4665e-05	2.9851e-06
143	0.93371	0.06626	2.4564e-05	2.6556e-06
144	0.94021	0.059765	2.4541e-05	2.2926e-06
145	0.94804	0.051929	2.4494e-05	1.9006e-06
146	0.95746	0.042516	2.4418e-05	1.4766e-06
147	0.96818	0.03179	2.4423e-05	1.0174e-06
148	0.97036	0.029612	2.4037e-05	8.8319e-07
149	0.97339	0.026581	2.3718e-05	7.2686e-07
150	0.97749	0.022487	2.336e-05	5.4964e-07
151	0.97672	0.02325	2.5164e-05	6.2729e-07
152	0.97672	0.023249	2.7094e-05	6.8592e-07
153	0.97763	0.02234	2.8957e-05	7.1979e-07
154	0.97932	0.020652	3.096e-05	7.2418e-07
155	0.98187	0.018095	3.2913e-05	6.9511e-07
156	0.98017	0.019799	3.4833e-05	8.1646e-07
157	0.97922	0.020741	3.6899e-05	9.1433e-07
158	0.9791	0.020858	3.8904e-05	9.8597e-07
159	0.97974	0.020221	4.1069e-05	1.0242e-06
160	0.98126	0.018693	4.3171e-05	1.0236e-06
161	0.97854	0.021416	4.5234e-05	1.2369e-06
162	0.97662	0.023335	4.7467e-05	1.4205e-06
163	0.97563	0.024323	4.9626e-05	1.5697e-06
164	0.97555	0.024392	5.1718e-05	1.6786e-06
165	0.9764	0.023544	5.3751e-05	1.7413e-06
166	0.97817	0.021768	5.5734e-05	1.7523e-06
167	0.98075	0.019191	5.7908e-05	1.7041e-06
168	0.98423	0.01571	6.0051e-05	1.5952e-06
169	0.98358	0.016355	6.2113e-05	1.7884e-06
170	0.97822	0.021719	6.3545e-05	2.5029e-06
171	0.97389	0.026046	6.4925e-05	3.1757e-06
172	0.95852	0.041413	6.3493e-05	4.3042e-06
173	0.94525	0.054684	6.2121e-05	5.2942e-06
174	0.9339	0.066032	6.08e-05	6.154e-06
175	0.92396	0.075975	5.9693e-05	6.884e-06
176	0.91554	0.084396	5.8618e-05	7.5116e-06
177	0.90838	0.091557	5.7737e-05	8.028e-06
178	0.88177	0.11817	5.5591e-05	9.9392e-06
179	0.85764	0.1423	5.3743e-05	1.163e-05
180	0.83578	0.16415	5.2163e-05	1.3127e-05
181	0.81676	0.18318	5.0679e-05	1.4456e-05
182	0.80032	0.19962	4.9282e-05	1.5627e-05
183	0.78569	0.21424	4.811e-05	1.6646e-05
184	0.77305	0.22688	4.6998e-05	1.7541e-05
185	0.76201	0.23792	4.6086e-05	1.8308e-05
186	0.75249	0.24745	4.5362e-05	1.8958e-05
187	0.7163	0.28363	4.2692e-05	2.1491e-05
188	0.6832	0.31674	4.0348e-05	2.3765e-05
189	0.65352	0.34641	3.8147e-05	2.5837e-05
190	0.62645	0.37349	3.6222e-05	2.7697e-05
191	0.60228	0.39765	3.4413e-05	2.9385e-05
192	0.58033	0.41961	3.2839e-05	3.0899e-05
193	0.5612	0.43873	3.1371e-05	3.2245e-05
194	0.54434	0.45559	2.999e-05	3.3449e-05
195	0.52959	0.47035	2.8689e-05	3.4519e-05
196	0.51705	0.48288	2.7473e-05	3.5445e-05
197	0.50601	0.49393	2.6426e-05	3.6258e-05
198	0.49637	0.50356	2.5536e-05	3.6972e-05
199	0.48808	0.51185	2.479e-05	3.7598e-05
200	0.48137	0.51857	2.4088e-05	3.8128e-05
201	0.4759	0.52404	2.3517e-05	3.8583e-05
202	0.47164	0.5283	2.3071e-05	3.8968e-05
203	0.46856	0.53138	2.2743e-05	3.929e-05
204	0.46662	0.53331	2.2527e-05	3.9553e-05
205	0.46583	0.53411	2.2422e-05	3.9759e-05
206	0.46616	0.53378	2.2426e-05	3.9911e-05
207	0.46807	0.53187	2.2461e-05	3.9975e-05
208	0.47115	0.52879	2.2607e-05	3.9983e-05
209	0.4754	0.52453	2.2866e-05	3.9933e-05
210	0.48087	0.51907	2.3242e-05	3.9822e-05
211	0.48756	0.51238	2.3737e-05	3.9646e-05
212	0.49553	0.50441	2.4359e-05	3.94e-05
213	0.50482	0.49511	2.5116e-05	3.9077e-05
214	0.51552	0.48442	2.6019e-05	3.8666e-05
215	0.52829	0.47165	2.6985e-05	3.8132e-05
216	0.54264	0.45729	2.8118e-05	3.7492e-05
217	0.53915	0.46079	2.8178e-05	3.8009e-05
218	0.53733	0.46261	2.827e-05	3.8432e-05
219	0.53671	0.46322	2.8492e-05	3.8789e-05
220	0.5373	0.46264	2.8847e-05	3.9079e-05
221	0.53909	0.46084	2.9339e-05	3.9298e-05
222	0.54255	0.45738	2.9872e-05	3.9414e-05
223	0.54724	0.45269	3.0549e-05	3.9451e-05
224	0.5537	0.44623	3.1277e-05	3.9375e-05
225	0.56148	0.43845	3.2165e-05	3.9207e-05
226	0.55232	0.44761	3.1931e-05	4.0254e-05
227	0.54482	0.45511	3.1729e-05	4.1212e-05
228	0.53913	0.4608	3.1566e-05	4.2066e-05
229	0.53517	0.46476	3.1445e-05	4.2814e-05
230	0.53244	0.46749	3.1469e-05	4.3489e-05
231	0.5309	0.46903	3.1634e-05	4.4091e-05
232	0.5308	0.46913	3.1833e-05	4.4601e-05
233	0.53189	0.46803	3.2181e-05	4.5036e-05
234	0.53417	0.46575	3.2677e-05	4.5393e-05
235	0.51763	0.48229	3.1748e-05	4.7253e-05
236	0.50344	0.49648	3.0883e-05	4.8984e-05
237	0.49084	0.50908	3.0186e-05	5.0621e-05
238	0.48028	0.51964	2.9545e-05	5.2138e-05
239	0.47111	0.5288	2.906e-05	5.3574e-05
240	0.46354	0.53638	2.8613e-05	5.4914e-05
241	0.45771	0.54221	2.8217e-05	5.6141e-05
242	0.45308	0.54683	2.7964e-05	5.7297e-05
243	0.4496	0.55031	2.7851e-05	5.8389e-05
244	0.44724	0.55267	2.7874e-05	5.942e-05
245	0.44625	0.55366	2.7933e-05	6.0357e-05
246	0.44638	0.55353	2.8133e-05	6.1231e-05
247	0.44787	0.55204	2.8372e-05	6.2009e-05
248	0.45049	0.54942	2.8757e-05	6.2719e-05
249	0.45424	0.54567	2.9291e-05	6.336e-05
250	0.45942	0.54049	2.9873e-05	6.3894e-05
251	0.46581	0.53409	3.062e-05	6.4346e-05
252	0.47345	0.52645	3.154e-05	6.471e-05
253	0.48293	0.51697	3.2537e-05	6.4929e-05
254	0.49383	0.50608	3.3732e-05	6.5037e-05
255	0.5062	0.4937	3.5142e-05	6.5021e-05
256	0.52013	0.47977	3.6784e-05	6.4865e-05
257	0.53572	0.46418	3.8687e-05	6.4548e-05
258	0.5531	0.4468	4.0877e-05	6.4045e-05
259	0.57235	0.42754	4.3384e-05	6.3331e-05
260	0.59361	0.40628	4.6244e-05	6.2374e-05
261	0.61791	0.38198	4.9327e-05	6.1112e-05
262	0.64464	0.35525	5.2844e-05	5.9533e-05
263	0.67397	0.32591	5.685e-05	5.7589e-05
264	0.7072	0.29268	6.1185e-05	5.5226e-05
265	0.71457	0.28531	6.2002e-05	5.307e-05
266	0.72385	0.27604	6.2908e-05	5.074e-05
267	0.73461	0.26527	6.4091e-05	4.8243e-05
268	0.74697	0.25292	6.5573e-05	4.5558e-05
269	0.76097	0.23892	6.7366e-05	4.2667e-05
270	0.77672	0.22317	6.949e-05	3.9549e-05
271	0.79435	0.20554	7.198e-05	3.6171e-05
272	0.79527	0.20463	7.2058e-05	3.5309e-05
273	0.79776	0.20213	7.2204e-05	3.4295e-05
274	0.80148	0.19842	7.2599e-05	3.3134e-05
275	0.80666	0.19324	7.3058e-05	3.1836e-05
276	0.81336	0.18654	7.3579e-05	3.0399e-05
277	0.80679	0.19311	7.2561e-05	3.0608e-05
278	0.80173	0.19817	7.1609e-05	3.0676e-05
279	0.79792	0.20198	7.0902e-05	3.0601e-05
280	0.79571	0.20419	7.0257e-05	3.0379e-05
281	0.79471	0.20519	6.985e-05	3.0021e-05
282	0.79492	0.20498	6.9676e-05	2.9528e-05
283	0.79633	0.20357	6.9735e-05	2.8902e-05
284	0.79933	0.20057	6.9852e-05	2.8134e-05
285	0.80356	0.19634	7.0203e-05	2.7229e-05
286	0.80906	0.19085	7.0796e-05	2.6178e-05
287	0.81608	0.18382	7.1451e-05	2.4992e-05
288	0.82471	0.17519	7.2169e-05	2.367e-05
289	0.82046	0.17944	7.1218e-05	2.3833e-05
290	0.81742	0.18248	7.05e-05	2.3861e-05
291	0.81558	0.18432	7.001e-05	2.3757e-05
292	0.81492	0.18499	6.974e-05	2.3528e-05
293	0.81562	0.18428	6.9513e-05	2.3183e-05
294	0.81752	0.18239	6.9508e-05	2.2711e-05
295	0.82062	0.17928	6.9724e-05	2.2111e-05
296	0.82495	0.17496	7.0167e-05	2.1378e-05
297	0.83052	0.16939	7.0837e-05	2.0507e-05
298	0.83778	0.16213	7.1572e-05	1.9492e-05
299	0.84638	0.15352	7.2551e-05	1.8323e-05
300	0.85641	0.14349	7.3791e-05	1.6986e-05
301	0.85425	0.14566	7.3473e-05	1.7e-05
302	0.8534	0.14651	7.3192e-05	1.6906e-05
303	0.85369	0.14622	7.3125e-05	1.6691e-05
304	0.85544	0.14447	7.3096e-05	1.6356e-05
305	0.85835	0.14156	7.3282e-05	1.59e-05
306	0.86277	0.13715	7.3509e-05	1.5321e-05
307	0.86838	0.13153	7.3955e-05	1.4616e-05
308	0.87524	0.12467	7.4626e-05	1.3776e-05
309	0.88361	0.11631	7.5347e-05	1.2814e-05
310	0.89333	0.10658	7.631e-05	1.1702e-05
311	0.90449	0.095418	7.7531e-05	1.0425e-05
312	0.91765	0.082264	7.8832e-05	8.9852e-06
313	0.93245	0.067464	8.0421e-05	7.3525e-06
314	0.94929	0.050619	8.2103e-05	5.5523e-06
315	0.96803	0.031881	8.4108e-05	3.525e-06
316	0.96683	0.033079	8.4167e-05	3.5764e-06
317	0.96655	0.033359	8.4224e-05	3.5526e-06
318	0.96709	0.032817	8.4462e-05	3.4438e-06
319	0.96863	0.031279	8.4696e-05	3.2529e-06
320	0.97102	0.028894	8.5118e-05	2.9727e-06
321	0.97444	0.025468	8.554e-05	2.6058e-06
322	0.97274	0.027173	8.5575e-05	2.7256e-06
323	0.97192	0.027991	8.5606e-05	2.7731e-06
324	0.9719	0.028014	8.5814e-05	2.7401e-06
325	0.97275	0.027157	8.6019e-05	2.6344e-06
326	0.9745	0.025411	8.622e-05	2.4553e-06
327	0.97723	0.022685	8.6414e-05	2.1966e-06
328	0.97522	0.024694	8.6288e-05	2.3672e-06
329	0.97401	0.025902	8.6343e-05	2.4571e-06
330	0.97359	0.026323	8.6574e-05	2.4679e-06
331	0.97403	0.025879	8.6799e-05	2.4074e-06
332	0.97535	0.024564	8.702e-05	2.2751e-06
333	0.97762	0.022296	8.7231e-05	2.0649e-06
334	0.98071	0.019203	8.7626e-05	1.7699e-06
335	0.98474	0.015175	8.8021e-05	1.3978e-06
336	0.98982	0.010086	8.8413e-05	9.4097e-07
337	0.99078	0.009134	8.8575e-05	8.4927e-07
338	0.98889	0.011025	8.8392e-05	1.0225e-06
339	0.9878	0.012113	8.8188e-05	1.1293e-06
340	0.98739	0.012516	8.8151e-05	1.1677e-06
341	0.98299	0.016922	8.7568e-05	1.5907e-06
342	0.97943	0.020477	8.7172e-05	1.9241e-06
343	0.97679	0.023116	8.6776e-05	2.1816e-06
344	0.97497	0.024944	8.6562e-05	2.3554e-06
345	0.97402	0.025896	8.6343e-05	2.4572e-06
346	0.97393	0.025983	8.6118e-05	2.4876e-06
347	0.97462	0.025288	8.607e-05	2.4389e-06
348	0.9761	0.023807	8.6199e-05	2.3108e-06
349	0.9727	0.027212	8.6021e-05	2.6221e-06
350	0.97032	0.02959	8.5839e-05	2.8511e-06
351	0.96877	0.031138	8.5839e-05	2.9954e-06
352	0.96821	0.031701	8.5831e-05	3.0599e-06
353	0.96846	0.03145	8.6004e-05	3.0414e-06
354	0.96969	0.030219	8.617e-05	2.9429e-06
355	0.97175	0.028163	8.6518e-05	2.7593e-06
356	0.97465	0.02526	8.7055e-05	2.4868e-06
357	0.97842	0.021489	8.7786e-05	2.1208e-06
358	0.97749	0.022416	8.7918e-05	2.2133e-06
359	0.97733	0.022581	8.8228e-05	2.2277e-06
360	0.97792	0.021987	8.8716e-05	2.1636e-06
361	0.97942	0.020486	8.9192e-05	2.0227e-06
362	0.98171	0.018202	8.9855e-05	1.7981e-06
363	0.98479	0.015118	9.0711e-05	1.4854e-06
364	0.98885	0.011054	9.1563e-05	1.0861e-06
365	0.9891	0.010808	9.2158e-05	1.0507e-06
366	0.99007	0.009837	9.2736e-05	9.5135e-07
367	0.99182	0.0080848	9.3294e-05	7.8303e-07
368	0.99427	0.0056393	9.403e-05	5.3952e-07
369	0.99754	0.0023659	9.475e-05	2.2139e-07
370	0.99855	0.0013508	9.5018e-05	1.2775e-07
371	0.99693	0.0029713	9.6509e-05	2.9587e-07
372	0.99594	0.0039597	9.796e-05	4.1022e-07
373	0.99554	0.0043573	9.9611e-05	4.6378e-07
374	0.99576	0.0041354	0.00010122	4.5877e-07
375	0.99657	0.0033242	0.00010305	3.8713e-07
376	0.99798	0.0019178	0.00010509	2.444e-07
377	0.99813	0.0017674	0.0001072	2.3844e-07
378	0.99881	0.0010792	0.00010954	1.6867e-07
379	0.99709	0.0027944	0.00011041	3.6865e-07
380	0.99189	0.0079971	0.00011074	1.0059e-06
381	0.98754	0.012345	0.0001113	1.5401e-06
382	0.9841	0.015782	0.00011186	1.9877e-06
383	0.98154	0.018342	0.00011242	2.3481e-06
384	0.97976	0.020123	0.00011321	2.6092e-06
385	0.97882	0.021067	0.00011399	2.7826e-06
386	0.97862	0.021258	0.000115	2.8565e-06
387	0.97918	0.020698	0.00011624	2.8287e-06
388	0.9805	0.019384	0.00011772	2.6955e-06
389	0.97739	0.022493	0.0001188	3.1261e-06
390	0.9751	0.024776	0.00012013	3.4487e-06
391	0.9737	0.026172	0.00012146	3.6758e-06
392	0.9731	0.026777	0.00012305	3.7927e-06
393	0.97336	0.026513	0.00012464	3.8079e-06
394	0.95306	0.04681	0.00012586	7.0174e-06
395	0.93507	0.064791	0.00012704	1.0128e-05
396	0.91894	0.080922	0.00012864	1.3075e-05
397	0.90503	0.094822	0.00013022	1.5879e-05
398	0.89271	0.10714	0.00013223	1.8523e-05
399	0.88189	0.11795	0.00013469	2.1011e-05
400	0.87249	0.12735	0.00013759	2.335e-05
401	0.86444	0.13539	0.00014096	2.5538e-05
402	0.85807	0.14176	0.0001443	2.7558e-05
403	0.8533	0.14653	0.00014764	2.9393e-05
404	0.84973	0.15009	0.00015148	3.104e-05
405	0.8475	0.15231	0.00015535	3.2499e-05
406	0.84676	0.15304	0.00015926	3.3727e-05
407	0.84715	0.15265	0.00016372	3.4722e-05
408	0.84869	0.1511	0.00016876	3.5461e-05
409	0.85173	0.14806	0.0001739	3.5905e-05
410	0.85595	0.14384	0.00017969	3.6037e-05
411	0.84818	0.1516	0.00018332	3.8896e-05
412	0.84193	0.15785	0.00018697	4.1546e-05
413	0.8373	0.16247	0.00019066	4.3936e-05
414	0.83423	0.16553	0.00019443	4.6048e-05
415	0.83235	0.16741	0.00019884	4.7877e-05
416	0.83164	0.16811	0.00020393	4.9409e-05
417	0.83227	0.16747	0.00020912	5.064e-05
418	0.83426	0.16548	0.00021446	5.1545e-05
419	0.83762	0.16211	0.00021996	5.2101e-05
420	0.84217	0.15755	0.00022624	5.2255e-05
421	0.83424	0.16548	0.00022913	5.6192e-05
422	0.82763	0.17208	0.00023277	5.9796e-05
423	0.82232	0.17738	0.00023717	6.3069e-05
424	0.81845	0.18124	0.00024168	6.6028e-05
425	0.81599	0.1837	0.00024631	6.8653e-05
426	0.81507	0.18461	0.00025112	7.0874e-05
427	0.79791	0.20176	0.00025044	7.9039e-05
428	0.78293	0.21674	0.00024995	8.6813e-05
429	0.76964	0.23002	0.00025036	9.4115e-05
430	0.7585	0.24115	0.00025099	0.00010095
431	0.74887	0.25077	0.00025253	0.00010733
432	0.74069	0.25895	0.00025494	0.00011328
433	0.73389	0.26573	0.00025826	0.00011879
434	0.72868	0.27094	0.00026177	0.0001239
435	0.72499	0.27462	0.0002655	0.00012858
436	0.72255	0.27705	0.00027016	0.0001328
437	0.72158	0.27801	0.00027509	0.00013653
438	0.72225	0.27733	0.00028033	0.00013969
439	0.72415	0.27542	0.0002866	0.00014231
440	0.72754	0.27202	0.00029322	0.00014434
441	0.73244	0.26711	0.00030024	0.00014576
442	0.72229	0.27726	0.00029926	0.00015485
443	0.71359	0.28594	0.00029936	0.00016331
444	0.70632	0.29321	0.00030055	0.00017117
445	0.70085	0.29867	0.00030212	0.00017839
446	0.69668	0.30283	0.00030477	0.00018503
447	0.69422	0.30528	0.0003078	0.00019102
448	0.69301	0.30648	0.00031196	0.0001964
449	0.69327	0.30621	0.0003165	0.00020117
450	0.69479	0.30469	0.00032222	0.00020528
451	0.69756	0.3019	0.00032918	0.00020869
452	0.70162	0.29783	0.00033745	0.00021137
453	0.70697	0.29247	0.00034712	0.00021325
454	0.71367	0.28576	0.00035831	0.00021425
455	0.72176	0.27765	0.00037115	0.00021427
456	0.73181	0.2676	0.0003848	0.00021313
457	0.74393	0.25546	0.00039936	0.00021074
458	0.75772	0.24166	0.00041597	0.00020699
459	0.77324	0.22612	0.0004348	0.00020172
460	0.79098	0.20837	0.00045488	0.0001949
461	0.81111	0.18822	0.00047632	0.00018639
462	0.8342	0.16512	0.00049942	0.00017586
463	0.83857	0.16074	0.00051088	0.0001777
464	0.84439	0.15491	0.00052296	0.00017859
465	0.85148	0.14781	0.00053688	0.00017839
466	0.86031	0.13896	0.00055162	0.00017697
467	0.87056	0.1287	0.00056846	0.00017424
468	0.88276	0.11648	0.00058632	0.00017006
469	0.89709	0.10214	0.00060534	0.00016431
470	0.89859	0.10064	0.00060914	0.00016244
471	0.90131	0.097918	0.00061371	0.00015964
472	0.90528	0.093948	0.00061906	0.00015589
473	0.91037	0.088851	0.00062597	0.0001509
474	0.91662	0.082604	0.0006345	0.00014464
475	0.92425	0.074973	0.00064396	0.00013726
476	0.92262	0.076593	0.00064393	0.00013992
477	0.92199	0.077223	0.00064532	0.0001415
478	0.92248	0.076732	0.00064742	0.00014219
479	0.92397	0.075241	0.00065098	0.00014179
480	0.92646	0.072742	0.00065603	0.00014026
481	0.92997	0.069228	0.0006626	0.0001376
482	0.93452	0.064674	0.00067076	0.00013374
483	0.94014	0.059048	0.00068058	0.00012863
484	0.93776	0.061429	0.00067823	0.00012803
485	0.93657	0.062626	0.00067666	0.00012643
486	0.93633	0.06287	0.00067654	0.00012374
487	0.93716	0.062047	0.00067714	0.00012016
488	0.93916	0.060044	0.00067853	0.00011556
489	0.94213	0.057077	0.00068142	0.00010983
490	0.93759	0.061619	0.00067422	0.00011355
491	0.93408	0.065131	0.00066853	0.00011613
492	0.93157	0.067648	0.00066429	0.00011762
493	0.91751	0.081714	0.00064676	0.00013187
494	0.90549	0.093734	0.00063073	0.00014439
495	0.89536	0.10386	0.00061609	0.00015531
496	0.88662	0.11261	0.00060348	0.00016457
497	0.87955	0.11969	0.00059202	0.00017246
498	0.87373	0.12551	0.00058235	0.00017892
499	0.86929	0.12995	0.00057359	0.0001843
500	0.86619	0.13305	0.00056569	0.00018864
501	0.86422	0.13503	0.00055933	0.00019178
502	0.86354	0.13571	0.00055374	0.00019398
503	0.86398	0.13527	0.00054962	0.00019506
504	0.86571	0.13355	0.00054622	0.00019524
505	0.85505	0.14422	0.00052704	0.00019833
506	0.84582	0.15347	0.00051011	0.00020003
507	0.83798	0.16133	0.00049528	0.00020046
508	0.83144	0.16788	0.00048234	0.00019977
509	0.82639	0.17294	0.00047004	0.00019812
510	0.82257	0.17677	0.00045947	0.00019549
511	0.81997	0.17939	0.00045051	0.00019196
512	0.81854	0.18083	0.00044308	0.00018759
513	0.81864	0.18074	0.00043613	0.00018239
514	0.81992	0.17947	0.00043063	0.0001764
515	0.8224	0.17701	0.00042653	0.00016964
516	0.82644	0.17298	0.00042288	0.00016211
517	0.81705	0.18238	0.00041079	0.00016367
518	0.80929	0.19014	0.00039937	0.00016429
519	0.80329	0.19616	0.00038857	0.00016395
520	0.79857	0.20089	0.00037925	0.00016276
521	0.79531	0.20416	0.00037039	0.00016083
522	0.79327	0.20621	0.00036287	0.00015816
523	0.79245	0.20704	0.0003566	0.0001548
524	0.79283	0.20667	0.00035154	0.00015077
525	0.79478	0.20473	0.00034686	0.00014607
526	0.79833	0.20118	0.00034252	0.00014075
527	0.78807	0.21145	0.00033024	0.00014303
528	0.77927	0.22027	0.00031944	0.00014438
529	0.74427	0.25527	0.00029765	0.0001575
530	0.71233	0.28722	0.00027847	0.00016848
531	0.68374	0.31583	0.00026073	0.00017782
532	0.65768	0.34189	0.0002451	0.00018548
533	0.63447	0.36511	0.00023062	0.00019181
534	0.61345	0.38613	0.0002179	0.0001968
535	0.59521	0.40439	0.00020616	0.00020059
536	0.57883	0.42077	0.00019588	0.00020333
537	0.56421	0.4354	0.0001869	0.00020517
538	0.55124	0.44838	0.00017908	0.0002062
539	0.53982	0.4598	0.00017233	0.00020652
540	0.52986	0.46976	0.00016652	0.00020622
541	0.52129	0.47835	0.00016159	0.00020536
542	0.51455	0.48509	0.00015709	0.00020391
543	0.50935	0.4903	0.00015295	0.00020195
544	0.48008	0.51957	0.00014043	0.00020809
545	0.45326	0.5464	0.00012941	0.00021304
546	0.4287	0.57096	0.00011974	0.00021694
547	0.40624	0.59343	0.00011125	0.00021994
548	0.3865	0.61317	0.0001035	0.00022206
549	0.36923	0.63045	9.6424e-05	0.00022337
550	0.35354	0.64615	9.0228e-05	0.00022406
551	0.33932	0.66037	8.482e-05	0.00022422
552	0.32707	0.67262	7.9878e-05	0.00022379
553	0.31611	0.68359	7.5595e-05	0.00022295
554	0.30632	0.69338	7.1896e-05	0.00022177
555	0.29765	0.70206	6.8726e-05	0.00022028
556	0.29003	0.70969	6.6036e-05	0.00021853
557	0.28341	0.71631	6.3787e-05	0.00021655
558	0.27774	0.72198	6.1943e-05	0.00021436
559	0.27301	0.72672	6.0483e-05	0.00021198
560	0.26959	0.73015	5.9227e-05	0.0002093
561	0.26724	0.73249	5.8129e-05	0.00020638
562	0.26596	0.73378	5.718e-05	0.00020321
563	0.26551	0.73423	5.6559e-05	0.00019992
564	0.26629	0.73346	5.6096e-05	0.00019636
565	0.26788	0.73187	5.5939e-05	0.00019269
566	0.27054	0.72922	5.5903e-05	0.00018881
567	0.27405	0.72571	5.6166e-05	0.00018482
568	0.27867	0.72109	5.6546e-05	0.00018062
569	0.28467	0.71509	5.7066e-05	0.00017618
570	0.29212	0.70765	5.7723e-05	0.00017151
571	0.30111	0.69866	5.8511e-05	0.00016659
572	0.31124	0.68853	5.9618e-05	0.00016156
573	0.32288	0.6769	6.083e-05	0.00015633
574	0.3358	0.66398	6.2372e-05	0.00015096
575	0.35046	0.64934	6.4024e-05	0.00014539
576	0.36663	0.63316	6.604e-05	0.00013964
577	0.38515	0.61465	6.8215e-05	0.00013363
578	0.40544	0.59436	7.078e-05	0.00012742
579	0.42766	0.57214	7.3764e-05	0.00012097
580	0.45287	0.54694	7.695e-05	0.00011422
581	0.48038	0.51943	8.0606e-05	0.00010717
582	0.51044	0.48937	8.4783e-05	9.9792e-05
583	0.51613	0.48369	8.4042e-05	9.7091e-05
584	0.5236	0.47622	8.3415e-05	9.4159e-05
585	0.53243	0.4674	8.3151e-05	9.1058e-05
586	0.52397	0.47586	8.017e-05	9.0944e-05
587	0.51686	0.48298	7.7628e-05	9.0566e-05
588	0.51151	0.48832	7.5271e-05	8.9896e-05
589	0.50739	0.49245	7.3293e-05	8.9015e-05
590	0.50447	0.49537	7.1671e-05	8.7936e-05
591	0.50275	0.49709	7.0387e-05	8.6676e-05
592	0.5022	0.49764	6.9423e-05	8.5244e-05
593	0.50307	0.49678	6.8564e-05	8.3624e-05
594	0.50557	0.49428	6.7817e-05	8.1795e-05
595	0.50927	0.49058	6.7369e-05	7.9816e-05
596	0.51421	0.48565	6.7214e-05	7.7686e-05
597	0.52038	0.47948	6.7347e-05	7.5404e-05
598	0.52813	0.47173	6.7571e-05	7.2951e-05
599	0.53753	0.46233	6.788e-05	7.033e-05
600	0.54894	0.45092	6.8291e-05	6.7514e-05
601	0.56251	0.43736	6.8797e-05	6.4505e-05
602	0.57841	0.42146	6.9394e-05	6.1305e-05
603	0.59614	0.40373	7.0309e-05	5.7937e-05
604	0.59534	0.40453	6.8595e-05	5.7038e-05
605	0.59621	0.40366	6.6967e-05	5.595e-05
606	0.5983	0.40157	6.5627e-05	5.4725e-05
607	0.60189	0.39799	6.4344e-05	5.3353e-05
608	0.60677	0.39312	6.3334e-05	5.186e-05
609	0.61294	0.38695	6.2583e-05	5.025e-05
610	0.62045	0.37944	6.2084e-05	4.8523e-05
611	0.62989	0.37	6.1637e-05	4.665e-05
612	0.62283	0.37706	5.949e-05	4.6613e-05
613	0.61738	0.38252	5.7443e-05	4.6395e-05
614	0.61323	0.38667	5.5682e-05	4.6021e-05
615	0.61035	0.38955	5.4188e-05	4.5508e-05
616	0.60873	0.39117	5.2942e-05	4.4868e-05
617	0.60833	0.39158	5.1926e-05	4.4112e-05
618	0.6096	0.3903	5.0966e-05	4.3214e-05
619	0.61211	0.3878	5.022e-05	4.2214e-05
620	0.61612	0.38379	4.9513e-05	4.1102e-05
621	0.62168	0.37823	4.8837e-05	3.9883e-05
622	0.61035	0.38957	4.676e-05	4.0197e-05
623	0.6005	0.39941	4.4955e-05	4.0346e-05
624	0.59237	0.40754	4.3239e-05	4.0334e-05
625	0.58588	0.41404	4.1601e-05	4.0172e-05
626	0.5807	0.41922	4.019e-05	3.9889e-05
627	0.5768	0.42312	3.8987e-05	3.9497e-05
628	0.57461	0.42532	3.7838e-05	3.8974e-05
629	0.57362	0.4263	3.6872e-05	3.8365e-05
630	0.5741	0.42583	3.5939e-05	3.7655e-05
631	0.57604	0.42388	3.5031e-05	3.685e-05
632	0.57923	0.4207	3.4288e-05	3.5979e-05
633	0.58366	0.41627	3.3698e-05	3.5046e-05
634	0.58936	0.41057	3.3256e-05	3.4054e-05
635	0.59667	0.40327	3.2824e-05	3.2986e-05
636	0.60565	0.39429	3.2396e-05	3.1848e-05
637	0.61664	0.3833	3.197e-05	3.0631e-05
638	0.62921	0.37073	3.1684e-05	2.9368e-05
639	0.64341	0.35653	3.1534e-05	2.8058e-05
640	0.66003	0.33991	3.1378e-05	2.6678e-05
641	0.65867	0.34127	2.7841e-05	2.3076e-05
642	0.65855	0.34141	2.4543e-05	1.9552e-05
643	0.65968	0.34029	2.1451e-05	1.6125e-05
644	0.66206	0.33791	1.8533e-05	1.2814e-05
645	0.66616	0.33382	1.5446e-05	9.515e-06
646	0.65396	0.34601	1.4792e-05	9.5977e-06
647	0.64334	0.35664	1.4226e-05	9.6293e-06
648	0.63472	0.36526	1.3668e-05	9.6009e-06
649	0.6275	0.37248	1.3188e-05	9.5318e-06
650	0.62189	0.37809	1.2708e-05	9.415e-06
651	0.61759	0.38238	1.2296e-05	9.2652e-06
652	0.61455	0.38543	1.1946e-05	9.0864e-06
653	0.613	0.38698	1.1589e-05	8.8685e-06
654	0.6127	0.38728	1.1289e-05	8.6264e-06
655	0.61361	0.38637	1.1042e-05	8.3623e-06
656	0.61601	0.38397	1.0782e-05	8.0653e-06
657	0.61967	0.38031	1.0572e-05	7.7495e-06
658	0.62509	0.37489	1.0346e-05	7.4008e-06
659	0.63183	0.36815	1.0164e-05	7.0365e-06
660	0.63996	0.36003	1.0027e-05	6.6565e-06
661	0.64951	0.35047	9.9326e-06	6.2613e-06
662	0.66087	0.33911	9.8175e-06	5.8425e-06
663	0.67415	0.32583	9.679e-06	5.4028e-06
664	0.68915	0.31083	9.5803e-06	4.9515e-06
665	0.70664	0.29334	9.4537e-06	4.4797e-06
666	0.72651	0.27347	9.294e-06	3.9957e-06
667	0.74854	0.25145	9.1691e-06	3.5065e-06
668	0.75123	0.24876	8.8203e-06	3.2936e-06
669	0.75516	0.24483	8.5082e-06	3.0693e-06
670	0.76061	0.23938	8.1683e-06	2.8287e-06
671	0.76763	0.23236	7.7976e-06	2.5745e-06
672	0.77651	0.22348	7.3906e-06	2.3078e-06
673	0.78684	0.21315	7.0118e-06	2.0393e-06
674	0.79925	0.20074	6.5905e-06	1.7644e-06
675	0.8133	0.18669	6.1914e-06	1.4933e-06
676	0.82971	0.17028	5.7423e-06	1.2233e-06
677	0.84805	0.15195	5.3088e-06	9.6395e-07
678	0.86843	0.13156	4.8867e-06	7.1765e-07
679	0.89177	0.10822	4.4019e-06	4.8572e-07
680	0.91753	0.082463	3.9188e-06	2.7649e-07
681	0.92481	0.075183	4.1963e-06	2.8074e-07
682	0.93333	0.066667	4.4919e-06	2.7371e-07
683	0.94314	0.056857	4.8083e-06	2.538e-07
684	0.95431	0.045684	5.1486e-06	2.192e-07
685	0.96692	0.03307	5.5158e-06	1.6781e-07
686	0.97	0.029991	5.7675e-06	1.6115e-07
687	0.97417	0.025821	5.9853e-06	1.4639e-07
688	0.97928	0.020713	6.222e-06	1.2297e-07
689	0.97931	0.020686	6.3593e-06	1.2878e-07
690	0.98008	0.019911	6.5119e-06	1.289e-07
691	0.98161	0.018382	6.6807e-06	1.2292e-07
692	0.98405	0.015945	6.8138e-06	1.1033e-07
693	0.98728	0.012716	6.9648e-06	9.0732e-08
694	0.9914	0.0085887	7.083e-06	6.4257e-08
695	0.99197	0.0080198	7.2071e-06	6.1553e-08
696	0.99328	0.0067142	7.2936e-06	5.3517e-08
697	0.99524	0.0047502	7.3969e-06	3.9833e-08
698	0.99793	0.0020582	7.4658e-06	2.0706e-08
699	0.9987	0.0012957	6.7124e-06	8.1308e-09
700	0.99862	0.0013757	7.0648e-06	9.0704e-09
701	0.9976	0.0023891	7.3487e-06	1.6798e-08
702	0.9972	0.0027914	7.592e-06	2.0595e-08
703	0.99736	0.002635	7.8548e-06	1.9903e-08
704	0.99807	0.0019187	8.1386e-06	1.4245e-08
705	0.99518	0.0048109	8.4216e-06	3.5328e-08
706	0.99298	0.0070156	8.7274e-06	5.1423e-08
707	0.99145	0.0085442	9.0579e-06	6.2038e-08
708	0.99058	0.0094075	9.4151e-06	6.6615e-08
709	0.98584	0.014148	1.2279e-05	1.67e-07
710	0.98205	0.017938	1.5026e-05	2.8446e-07
711	0.97908	0.020904	1.7917e-05	4.1185e-07
712	0.977	0.02298	2.0704e-05	5.4121e-07
713	0.97571	0.02427	2.3656e-05	6.6606e-07
714	0.97527	0.024702	2.6515e-05	7.7822e-07
715	0.97575	0.024215	2.9277e-05	8.6847e-07
716	0.97702	0.022946	3.2231e-05	9.3099e-07
717	0.97907	0.020891	3.5392e-05	9.5746e-07
718	0.97665	0.023311	3.8548e-05	1.1734e-06
719	0.97511	0.024849	4.1606e-05	1.3731e-06
720	0.9745	0.025453	4.4563e-05	1.5451e-06
721	0.97482	0.025132	4.7429e-05	1.6809e-06
722	0.97592	0.024031	5.0515e-05	1.774e-06
723	0.9778	0.022143	5.384e-05	1.8154e-06
724	0.98065	0.019294	5.7094e-05	1.7941e-06
725	0.98433	0.015611	6.0617e-05	1.6993e-06
726	0.98381	0.016124	6.1173e-05	1.6807e-06
727	0.97851	0.021426	6.1501e-05	2.0073e-06
728	0.97424	0.025697	6.1811e-05	2.2799e-06
729	0.97086	0.029074	6.2271e-05	2.49e-06
730	0.96835	0.031582	6.288e-05	2.6385e-06
731	0.96678	0.03315	6.3472e-05	2.7324e-06
732	0.96605	0.033887	6.4214e-05	2.7637e-06
733	0.96613	0.0338	6.5112e-05	2.7307e-06
734	0.96722	0.032716	6.5991e-05	2.6328e-06
735	0.96913	0.030797	6.7033e-05	2.4642e-06
736	0.97208	0.027849	6.8062e-05	2.2238e-06
737	0.9761	0.023832	6.9083e-05	1.9075e-06
738	0.98123	0.018696	7.01e-05	1.5114e-06
739	0.97551	0.02442	7.0396e-05	1.931e-06
740	0.97086	0.029069	7.068e-05	2.2876e-06
741	0.96733	0.032601	7.095e-05	2.5756e-06
742	0.96486	0.035063	7.1204e-05	2.7951e-06
743	0.96326	0.036666	7.162e-05	2.9433e-06
744	0.9625	0.037422	7.22e-05	3.0203e-06
745	0.95453	0.045399	7.2113e-05	3.6777e-06
746	0.94799	0.051937	7.2032e-05	4.2452e-06
747	0.94253	0.057392	7.2135e-05	4.7203e-06
748	0.93838	0.06154	7.224e-05	5.11e-06
749	0.93524	0.064684	7.2524e-05	5.4122e-06
750	0.93332	0.066603	7.2809e-05	5.6306e-06
751	0.93237	0.067548	7.3274e-05	5.7618e-06
752	0.93251	0.067406	7.3744e-05	5.8146e-06
753	0.93362	0.066295	7.4398e-05	5.7775e-06
754	0.9357	0.064219	7.524e-05	5.6484e-06
755	0.93877	0.061153	7.6279e-05	5.4215e-06
756	0.94284	0.057074	7.7525e-05	5.0903e-06
757	0.94795	0.051965	7.8986e-05	4.6477e-06
758	0.95414	0.045778	8.068e-05	4.0821e-06
759	0.96173	0.038181	8.2406e-05	3.391e-06
760	0.9621	0.037805	9.0719e-05	4.064e-06
761	0.95551	0.044397	9.2613e-05	4.7172e-06
762	0.94998	0.049922	9.4769e-05	5.2831e-06
763	0.94548	0.054418	9.7196e-05	5.7595e-06
764	0.94211	0.057782	9.9593e-05	6.1524e-06
765	0.93972	0.060167	0.00010228	6.444e-06
766	0.9383	0.061591	0.00010528	6.6274e-06
767	0.93794	0.061947	0.00010826	6.7052e-06
768	0.93852	0.061364	0.00011157	6.6572e-06
769	0.94027	0.059611	0.00011488	6.4735e-06
770	0.94299	0.05689	0.00011855	6.1363e-06
771	0.93807	0.061787	0.00013727	8.5324e-06
772	0.93433	0.065506	0.0001554	1.0987e-05
773	0.9316	0.068211	0.00017471	1.347e-05
774	0.92986	0.069934	0.00019531	1.5924e-05
775	0.92932	0.070445	0.00021539	1.822e-05
776	0.92976	0.069981	0.00023696	2.034e-05
777	0.93118	0.068538	0.00026019	2.221e-05
778	0.93357	0.066117	0.00028521	2.3742e-05
779	0.93722	0.062447	0.00030994	2.4783e-05
780	0.9419	0.057737	0.00033675	2.5275e-05
781	0.9478	0.051809	0.00036353	2.5103e-05
782	0.9461	0.053477	0.00038968	2.801e-05
783	0.94554	0.054016	0.00041529	3.0575e-05
784	0.94589	0.053636	0.00044299	3.275e-05
785	0.94737	0.052128	0.00047031	3.4404e-05
786	0.94977	0.049695	0.00049992	3.5476e-05
787	0.95311	0.046319	0.00053204	3.5852e-05
788	0.95755	0.041846	0.00056414	3.5431e-05
789	0.96301	0.03636	0.00059912	3.404e-05
790	0.96965	0.029684	0.0006343	3.1591e-05
791	0.9774	0.021902	0.00067277	2.7835e-05
792	0.9787	0.020592	0.00068538	2.5886e-05
793	0.98077	0.018504	0.0006995	2.3139e-05
794	0.98364	0.015624	0.00071525	1.9525e-05
795	0.98731	0.011938	0.00073272	1.4974e-05
796	0.9874	0.011843	0.00074568	1.4481e-05
797	0.98816	0.011065	0.00076013	1.3332e-05
798	0.98568	0.013536	0.00077266	1.522e-05
799	0.98393	0.015265	0.00078675	1.6485e-05
800	0.98298	0.016201	0.00080097	1.7187e-05
801	0.98286	0.016302	0.00081532	1.7253e-05
802	0.98347	0.015684	0.00083132	1.6607e-05
803	0.98486	0.014278	0.00084754	1.5289e-05
804	0.98698	0.012137	0.00086555	1.3159e-05
805	0.98986	0.0092447	0.00088547	1.0147e-05
806	0.98965	0.0094351	0.00090114	1.038e-05
807	0.99019	0.0088833	0.00091691	9.9665e-06
808	0.98789	0.011171	0.0009285	1.2653e-05
809	0.98641	0.012634	0.00094026	1.4662e-05
810	0.98564	0.013395	0.00095369	1.5929e-05
811	0.98033	0.018687	0.00096034	2.2719e-05
812	0.97604	0.022963	0.00096741	2.8682e-05
813	0.97262	0.026365	0.00097633	3.3665e-05
814	0.97006	0.028919	0.00098711	3.7686e-05
815	0.96833	0.030633	0.00099983	4.0737e-05
816	0.96742	0.031521	0.0010146	4.2804e-05
817	0.96733	0.031595	0.0010314	4.3872e-05
818	0.96814	0.030766	0.0010486	4.4019e-05
819	0.96977	0.029118	0.001068	4.3067e-05
820	0.96607	0.032797	0.0010788	4.945e-05
821	0.96327	0.035579	0.0010918	5.4692e-05
822	0.96134	0.037491	0.0011072	5.8808e-05
823	0.96027	0.038547	0.0011249	6.1783e-05
824	0.96014	0.038654	0.001143	6.3729e-05
825	0.96086	0.037913	0.0011637	6.4444e-05
826	0.96253	0.036217	0.0011849	6.4017e-05
827	0.96518	0.03355	0.0012067	6.2381e-05
828	0.96871	0.029996	0.0012313	5.9284e-05
829	0.96669	0.031999	0.0012494	6.4708e-05
830	0.96549	0.03317	0.0012703	6.8865e-05
831	0.96512	0.033517	0.001294	7.1719e-05
832	0.95762	0.040982	0.0013063	8.767e-05
833	0.95151	0.047066	0.0013191	0.00010214
834	0.94645	0.052101	0.0013353	0.00011498
835	0.92771	0.070808	0.0013215	0.00015706
836	0.91088	0.087609	0.0013124	0.00019609
837	0.89612	0.10235	0.0013046	0.00023306
838	0.88298	0.11545	0.0013013	0.00026737
839	0.87187	0.12653	0.0012993	0.00029935
840	0.86221	0.13616	0.0013016	0.00032886
841	0.82806	0.17028	0.0012408	0.00041919
842	0.79689	0.20142	0.0011872	0.00050394
843	0.76847	0.2298	0.0011402	0.00058373
844	0.74351	0.25473	0.0010965	0.00065945
845	0.72169	0.27653	0.001056	0.0007312
846	0.702	0.29618	0.0010213	0.00079888
847	0.68429	0.31385	0.00099169	0.00086302
848	0.6688	0.32931	0.00096412	0.00092453
849	0.65503	0.34305	0.00094128	0.000983
850	0.64288	0.35516	0.0009229	0.0010387
851	0.63226	0.36574	0.0009088	0.001092
852	0.62311	0.37484	0.0008988	0.0011431
853	0.61588	0.38204	0.0008905	0.0011917
854	0.58177	0.41614	0.00083577	0.0012547
855	0.55057	0.44733	0.0007872	0.0013122
856	0.52201	0.47588	0.00074412	0.0013647
857	0.49682	0.50106	0.00070478	0.0014133
858	0.47383	0.52404	0.00067009	0.0014578
859	0.45367	0.54419	0.00063856	0.0014989
860	0.43536	0.56249	0.00061101	0.0015365
861	0.41877	0.57907	0.00058714	0.0015712
862	0.40444	0.59339	0.0005657	0.0016031
863	0.39159	0.60623	0.00054755	0.0016323
864	0.38044	0.61737	0.00053116	0.0016596
865	0.37057	0.62722	0.00051767	0.0016846
866	0.36194	0.63585	0.00050696	0.0017074
867	0.35448	0.6433	0.00049891	0.0017283
868	0.34813	0.64963	0.00049345	0.0017472
869	0.34311	0.65464	0.00048932	0.0017646
870	0.33955	0.65818	0.00048683	0.0017801
871	0.33742	0.6603	0.00048595	0.0017936
872	0.33626	0.66145	0.00048754	0.0018054
873	0.33604	0.66165	0.00049157	0.0018154
874	0.33677	0.66091	0.0004981	0.0018237
875	0.33869	0.65897	0.00050608	0.0018302
876	0.3416	0.65605	0.00051678	0.0018348
877	0.34551	0.65212	0.00053032	0.0018373
878	0.35046	0.64716	0.0005469	0.0018376
879	0.35672	0.64088	0.00056536	0.0018357
880	0.36436	0.63322	0.00058584	0.0018315
881	0.37319	0.62438	0.00060994	0.0018245
882	0.38326	0.61429	0.00063799	0.0018144
883	0.39463	0.6029	0.00067028	0.0018009
884	0.40739	0.59012	0.00070732	0.0017837
885	0.42162	0.57587	0.00074952	0.0017623
886	0.43743	0.56003	0.00079753	0.0017361
887	0.45495	0.54249	0.00085202	0.0017045
888	0.4743	0.52312	0.00091373	0.0016668
889	0.47381	0.52358	0.00092695	0.001679
890	0.47448	0.52289	0.00094437	0.0016883
891	0.47629	0.52105	0.00096619	0.0016946
892	0.47951	0.5178	0.00099046	0.0016979
893	0.48392	0.51337	0.0010196	0.0016977
894	0.48952	0.50773	0.0010539	0.0016938
895	0.49689	0.50033	0.0010918	0.0016857
896	0.50556	0.49163	0.0011357	0.0016731
897	0.51591	0.48125	0.0011834	0.001656
898	0.52804	0.46909	0.0012353	0.0016343
899	0.54176	0.45534	0.0012948	0.0016065
900	0.55711	0.43995	0.0013624	0.0015721
901	0.57423	0.42281	0.0014392	0.0015303
902	0.59363	0.40336	0.0015224	0.0014814
903	0.6159	0.38106	0.0016135	0.0014238
904	0.6404	0.35652	0.0017165	0.0013561
905	0.66735	0.32954	0.001833	0.0012768
906	0.69748	0.29937	0.0019595	0.0011868
907	0.7039	0.29292	0.0020018	0.0011779
908	0.71195	0.28484	0.0020483	0.0011642
909	0.72145	0.2753	0.0021026	0.0011445
910	0.73245	0.26427	0.0021653	0.0011184
911	0.74504	0.25164	0.0022373	0.001085
912	0.75932	0.23732	0.0023194	0.0010435
913	0.776	0.22059	0.0024088	0.00099384
914	0.79461	0.20195	0.0025101	0.00093445
915	0.81567	0.18084	0.0026195	0.00086604
916	0.83941	0.15706	0.0027377	0.00078784
917	0.86557	0.13086	0.0028712	0.0006967
918	0.89529	0.1011	0.0030166	0.00059236
919	0.90355	0.092801	0.0030841	0.0005687
920	0.91314	0.083166	0.0031612	0.00053815
921	0.92455	0.07171	0.0032438	0.00050065
922	0.9254	0.070844	0.0032693	0.00048655
923	0.92737	0.068868	0.0032988	0.00046804
924	0.93057	0.065651	0.0033329	0.00044448
925	0.93506	0.06115	0.0033717	0.00041563
926	0.94062	0.05558	0.0034177	0.00038049
927	0.94758	0.048613	0.0034693	0.00033939
928	0.95602	0.040161	0.0035266	0.00029191
929	0.96572	0.030455	0.0035927	0.0002367
930	0.97673	0.019427	0.0036682	0.00017303
931	0.97976	0.016391	0.003695	0.00015712
932	0.98361	0.012531	0.0037275	0.00013661
933	0.9883	0.0078262	0.0037658	0.00011126
934	0.98592	0.010203	0.0037521	0.00012797
935	0.98425	0.011868	0.0037433	0.00014056
936	0.98338	0.012732	0.0037377	0.00014951
937	0.97782	0.018311	0.0036988	0.00017438
938	0.97318	0.022959	0.0036661	0.00019422
939	0.96962	0.026531	0.0036371	0.00020972
940	0.96709	0.029073	0.0036116	0.00022107
941	0.9654	0.030777	0.0035916	0.00022803
942	0.96453	0.031663	0.003577	0.00023075
943	0.95647	0.039731	0.003528	0.00026897
944	0.94984	0.046376	0.0034842	0.00030155
945	0.94454	0.051683	0.0034451	0.00032881
946	0.94027	0.055969	0.0034125	0.00035056
947	0.93699	0.059252	0.0033862	0.00036702
948	0.9347	0.061557	0.0033659	0.00037844
949	0.93335	0.06291	0.0033512	0.00038505
950	0.93308	0.063193	0.0033401	0.00038773
951	0.93374	0.062537	0.0033345	0.00038575
952	0.93535	0.060936	0.0033344	0.00037913
953	0.93792	0.058369	0.0033399	0.00036776
954	0.94148	0.054818	0.003351	0.00035152
