#coord	neutral	conserved	gBGC.neutral	gBGC.conserved
1	0.90361	0.095883	0.00045728	4.865e-05
2	0.91133	0.088166	0.00045835	4.4461e-05
3	0.92033	0.079166	0.00046003	3.9669e-05
4	0.93091	0.068594	0.00046243	3.4158e-05
5	0.94316	0.056343	0.00046556	2.7893e-05
6	0.95744	0.042073	0.00046959	2.0725e-05
7	0.9734	0.026117	0.00047438	1.2811e-05
8	0.9782	0.02132	0.00047364	1.0412e-05
9	0.98394	0.015577	0.00047335	7.5815e-06
10	0.98475	0.014772	0.00047063	7.157e-06
11	0.9816	0.017921	0.00046604	8.6297e-06
12	0.97925	0.020276	0.00046186	9.7024e-06
13	0.97776	0.021773	0.00045808	1.036e-05
14	0.97704	0.022499	0.00045469	1.0644e-05
15	0.97707	0.022466	0.00045167	1.0567e-05
16	0.97191	0.027632	0.00044622	1.2913e-05
17	0.95419	0.045353	0.00043502	2.1027e-05
18	0.93827	0.061282	0.00042477	2.8199e-05
19	0.92404	0.075508	0.00041542	3.4487e-05
20	0.91187	0.087685	0.00040705	3.9774e-05
21	0.90116	0.098398	0.00039944	4.4321e-05
22	0.89206	0.1075	0.0003926	4.8091e-05
23	0.8843	0.11526	0.00038641	5.1212e-05
24	0.87779	0.12177	0.00038085	5.3726e-05
25	0.8725	0.12707	0.00037587	5.5668e-05
26	0.86839	0.13118	0.00037146	5.7057e-05
27	0.86577	0.13381	0.00036768	5.7797e-05
28	0.86458	0.135	0.00036452	5.7916e-05
29	0.8645	0.13508	0.00036184	5.7554e-05
30	0.86571	0.13387	0.00035969	5.666e-05
31	0.86803	0.13155	0.00035801	5.5304e-05
32	0.87149	0.1281	0.00035681	5.349e-05
33	0.8761	0.12349	0.00035607	5.1217e-05
34	0.86951	0.13009	0.00035075	5.3535e-05
35	0.86434	0.13526	0.00034604	5.5243e-05
36	0.86035	0.13925	0.00034185	5.644e-05
37	0.85771	0.14189	0.00033819	5.7085e-05
38	0.85622	0.14339	0.00033503	5.7256e-05
39	0.85584	0.14377	0.00033233	5.6973e-05
40	0.85659	0.14302	0.00033008	5.6249e-05
41	0.85848	0.14114	0.00032829	5.5085e-05
42	0.8615	0.13812	0.00032693	5.3492e-05
43	0.86568	0.13394	0.00032601	5.1471e-05
44	0.87105	0.12857	0.00032554	4.9021e-05
45	0.87765	0.12198	0.00032551	4.6138e-05
46	0.88551	0.11412	0.00032593	4.2815e-05
47	0.89494	0.1047	0.00032686	3.897e-05
48	0.90621	0.093429	0.00032839	3.4511e-05
49	0.91899	0.080653	0.00033043	2.9562e-05
50	0.93338	0.06626	0.00033299	2.4097e-05
51	0.95004	0.049608	0.00033626	1.7916e-05
52	0.96854	0.031106	0.0003401	1.1165e-05
53	0.97402	0.025635	0.00033933	9.1047e-06
54	0.96695	0.032701	0.00033413	1.145e-05
55	0.96121	0.038452	0.00032941	1.3308e-05
56	0.9567	0.042961	0.00032513	1.4716e-05
57	0.95316	0.046499	0.00032122	1.5767e-05
58	0.95069	0.04898	0.00031766	1.6447e-05
59	0.94933	0.050337	0.00031448	1.6744e-05
60	0.94908	0.050587	0.00031166	1.6673e-05
61	0.94973	0.04994	0.00030914	1.6304e-05
62	0.95129	0.04839	0.00030693	1.5644e-05
63	0.95387	0.045809	0.00030502	1.4665e-05
64	0.95761	0.04207	0.00030345	1.3338e-05
65	0.96256	0.037126	0.00030223	1.1656e-05
66	0.96853	0.031158	0.00030131	9.68e-06
67	0.97571	0.023985	0.00030071	7.3698e-06
68	0.9766	0.023093	0.00029814	7.0234e-06
69	0.97842	0.021275	0.00029583	6.4046e-06
70	0.98119	0.018509	0.00029377	5.5148e-06
71	0.98495	0.014758	0.00029198	4.352e-06
72	0.98973	0.0099745	0.00029046	2.9112e-06
73	0.99043	0.0092823	0.00028773	2.6809e-06
74	0.99184	0.0078725	0.0002852	2.2496e-06
75	0.99393	0.0057834	0.00028286	1.632e-06
76	0.99372	0.0060014	0.00027985	1.6749e-06
77	0.99415	0.0055694	0.00027702	1.5363e-06
78	0.9952	0.0045212	0.00027436	1.2296e-06
79	0.99441	0.005322	0.00027118	1.4301e-06
80	0.99421	0.0055184	0.00026818	1.4623e-06
81	0.99462	0.0051118	0.00026536	1.3317e-06
82	0.99294	0.0067942	0.000262	1.7434e-06
83	0.98703	0.012714	0.00025746	3.2376e-06
84	0.98203	0.017711	0.00025321	4.4574e-06
85	0.97803	0.021718	0.00024922	5.399e-06
86	0.97497	0.024775	0.00024548	6.081e-06
87	0.97291	0.026841	0.000242	6.5017e-06
88	0.97166	0.028099	0.00023873	6.7108e-06
89	0.97129	0.028471	0.00023567	6.7004e-06
90	0.97187	0.027893	0.00023283	6.4633e-06
91	0.97341	0.026356	0.0002302	6.0063e-06
92	0.97577	0.023999	0.00022776	5.3665e-06
93	0.97338	0.026391	0.00022422	5.8107e-06
94	0.96272	0.037053	0.00021891	8.0433e-06
95	0.95336	0.046418	0.00021396	9.9233e-06
96	0.94555	0.054227	0.00020939	1.1415e-05
97	0.9389	0.060878	0.00020513	1.2609e-05
98	0.93365	0.066134	0.00020119	1.3473e-05
99	0.92973	0.070061	0.00019754	1.4033e-05
100	0.92683	0.072957	0.00019413	1.4355e-05
101	0.92508	0.074712	0.00019097	1.4431e-05
102	0.92445	0.075345	0.00018802	1.4274e-05
103	0.92481	0.074987	0.00018529	1.3917e-05
104	0.92641	0.073399	0.00018278	1.3326e-05
105	0.929	0.070804	0.00018046	1.255e-05
106	0.93261	0.067196	0.00017833	1.1597e-05
107	0.93728	0.062537	0.00017639	1.0469e-05
108	0.94301	0.056808	0.00017463	9.17e-06
109	0.94105	0.058774	0.00017149	9.237e-06
110	0.94003	0.059791	0.00016854	9.1277e-06
111	0.93995	0.059875	0.00016577	8.8532e-06
112	0.93097	0.068859	0.00016166	9.9162e-06
113	0.92326	0.076576	0.00015782	1.0729e-05
114	0.91674	0.083098	0.00015422	1.1311e-05
115	0.91137	0.088469	0.00015084	1.1681e-05
116	0.90728	0.09256	0.00014767	1.1834e-05
117	0.90443	0.095413	0.00014469	1.1785e-05
118	0.90265	0.097199	0.00014189	1.1564e-05
119	0.90206	0.097789	0.00013926	1.1165e-05
120	0.90266	0.097188	0.00013678	1.0598e-05
121	0.90431	0.095548	0.00013446	9.889e-06
122	0.907	0.092856	0.00013229	9.0451e-06
123	0.91077	0.089095	0.00013025	8.0716e-06
124	0.90504	0.094817	0.00012952	9.06e-06
125	0.90046	0.099401	0.00012896	9.891e-06
126	0.89698	0.10288	0.00012854	1.0569e-05
127	0.89459	0.10527	0.00012828	1.1099e-05
128	0.89343	0.10643	0.00012817	1.1464e-05
129	0.89361	0.10625	0.00012823	1.1651e-05
130	0.89513	0.10473	0.00012846	1.1661e-05
131	0.89774	0.10212	0.00012883	1.1525e-05
132	0.90143	0.098424	0.00012936	1.124e-05
133	0.90624	0.093616	0.00013003	1.0805e-05
134	0.91253	0.087331	0.00013088	1.0179e-05
135	0.92003	0.079827	0.0001319	9.3885e-06
136	0.91803	0.081828	0.00013173	9.7896e-06
137	0.91718	0.082677	0.00013171	1.0033e-05
138	0.91734	0.082516	0.00013183	1.0135e-05
139	0.91852	0.081342	0.00013209	1.0094e-05
140	0.92071	0.079149	0.0001325	9.9103e-06
141	0.92394	0.075919	0.00013305	9.581e-06
142	0.92823	0.07163	0.00013375	9.1026e-06
143	0.93361	0.066252	0.0001346	8.4708e-06
144	0.9401	0.059758	0.00013561	7.6815e-06
145	0.94793	0.051923	0.0001368	6.7083e-06
146	0.95735	0.04251	0.00013819	5.5203e-06
147	0.96807	0.031786	0.00013977	4.1472e-06
148	0.97025	0.029608	0.00014023	3.893e-06
149	0.97328	0.026578	0.00014081	3.5168e-06
150	0.97737	0.022484	0.00014153	2.992e-06
151	0.97661	0.023247	0.00014158	3.1297e-06
152	0.97661	0.023246	0.00014174	3.1568e-06
153	0.97752	0.022337	0.00014202	3.0551e-06
154	0.97921	0.020649	0.00014241	2.8403e-06
155	0.98176	0.018093	0.00014292	2.5014e-06
156	0.98006	0.019797	0.00014283	2.7624e-06
157	0.97912	0.020738	0.00014285	2.9122e-06
158	0.979	0.020856	0.00014298	2.9434e-06
159	0.97964	0.020218	0.00014322	2.864e-06
160	0.98116	0.018691	0.00014358	2.6559e-06
161	0.97844	0.021413	0.00014333	3.06e-06
162	0.97652	0.023332	0.0001432	3.346e-06
163	0.97553	0.02432	0.00014319	3.4974e-06
164	0.97546	0.02439	0.00014331	3.5157e-06
165	0.97631	0.023542	0.00014355	3.4006e-06
166	0.97809	0.021766	0.00014392	3.1503e-06
167	0.98066	0.019189	0.00014441	2.7809e-06
168	0.98414	0.015709	0.00014502	2.2794e-06
169	0.9835	0.016353	0.00014502	2.3794e-06
170	0.97814	0.021717	0.00014431	3.1752e-06
171	0.97381	0.026044	0.00014375	3.8199e-06
172	0.95844	0.041409	0.00014155	6.0953e-06
173	0.94517	0.054679	0.00013966	8.0663e-06
174	0.93383	0.066026	0.00013803	9.7569e-06
175	0.92388	0.075969	0.00013661	1.1237e-05
176	0.91546	0.084389	0.00013541	1.2495e-05
177	0.9083	0.091549	0.0001344	1.3564e-05
178	0.88169	0.11816	0.00013048	1.7526e-05
179	0.85757	0.14229	0.00012694	2.1114e-05
180	0.83571	0.16414	0.00012374	2.4361e-05
181	0.81669	0.18316	0.00012095	2.7193e-05
182	0.80025	0.1996	0.00011852	2.9647e-05
183	0.78563	0.21423	0.00011637	3.1827e-05
184	0.77299	0.22686	0.00011451	3.3714e-05
185	0.76195	0.2379	0.00011288	3.5361e-05
186	0.75242	0.24743	0.00011148	3.6777e-05
187	0.71624	0.28361	0.00010603	4.221e-05
188	0.68314	0.31671	0.00010105	4.717e-05
189	0.65347	0.34638	9.6567e-05	5.1621e-05
190	0.6264	0.37345	9.2486e-05	5.5672e-05
191	0.60224	0.39762	8.8829e-05	5.9289e-05
192	0.58028	0.41957	8.5512e-05	6.2568e-05
193	0.56116	0.4387	8.2607e-05	6.5425e-05
194	0.5443	0.45555	8.0032e-05	6.7944e-05
195	0.52954	0.47031	7.7765e-05	7.0149e-05
196	0.51701	0.48284	7.5821e-05	7.2021e-05
197	0.50597	0.49388	7.4106e-05	7.3664e-05
198	0.49634	0.50352	7.2607e-05	7.509e-05
199	0.48805	0.51181	7.1312e-05	7.6311e-05
200	0.48133	0.51853	7.0243e-05	7.7298e-05
201	0.47586	0.52399	6.9364e-05	7.8094e-05
202	0.4716	0.52825	6.8669e-05	7.8706e-05
203	0.46852	0.53133	6.8151e-05	7.9139e-05
204	0.46659	0.53327	6.7805e-05	7.9399e-05
205	0.46579	0.53406	6.763e-05	7.9487e-05
206	0.46612	0.53373	6.7623e-05	7.9407e-05
207	0.46804	0.53182	6.7841e-05	7.9093e-05
208	0.47111	0.52874	6.823e-05	7.8607e-05
209	0.47537	0.52449	6.8795e-05	7.7944e-05
210	0.48083	0.51902	6.954e-05	7.7101e-05
211	0.48752	0.51233	7.0466e-05	7.6076e-05
212	0.49549	0.50436	7.1579e-05	7.4861e-05
213	0.50479	0.49507	7.289e-05	7.3449e-05
214	0.51548	0.48438	7.4405e-05	7.1831e-05
215	0.52825	0.47161	7.6212e-05	6.9913e-05
216	0.5426	0.45725	7.8252e-05	6.7762e-05
217	0.53911	0.46075	7.7684e-05	6.8217e-05
218	0.53729	0.46257	7.7352e-05	6.8429e-05
219	0.53667	0.46318	7.7198e-05	6.846e-05
220	0.53726	0.4626	7.7223e-05	6.8313e-05
221	0.53905	0.46081	7.7426e-05	6.7988e-05
222	0.54251	0.45734	7.7862e-05	6.742e-05
223	0.54721	0.45265	7.8479e-05	6.6671e-05
224	0.55366	0.44619	7.9341e-05	6.5668e-05
225	0.56144	0.43841	8.0396e-05	6.4472e-05
226	0.55228	0.44757	7.8997e-05	6.5729e-05
227	0.54479	0.45507	7.7832e-05	6.6744e-05
228	0.53909	0.46076	7.6921e-05	6.7497e-05
229	0.53514	0.46472	7.6252e-05	6.8e-05
230	0.53241	0.46745	7.5765e-05	6.832e-05
231	0.53087	0.46899	7.5453e-05	6.8464e-05
232	0.53076	0.46909	7.534e-05	6.8401e-05
233	0.53186	0.468	7.5401e-05	6.8163e-05
234	0.53414	0.46572	7.5635e-05	6.7751e-05
235	0.5176	0.48225	7.3176e-05	7.0032e-05
236	0.50342	0.49644	7.1048e-05	7.1974e-05
237	0.49081	0.50905	6.9155e-05	7.3679e-05
238	0.48025	0.5196	6.7549e-05	7.509e-05
239	0.47109	0.52877	6.6149e-05	7.6293e-05
240	0.46352	0.53634	6.4972e-05	7.7267e-05
241	0.45769	0.54217	6.4035e-05	7.7991e-05
242	0.45306	0.5468	6.3275e-05	7.8538e-05
243	0.44958	0.55028	6.2682e-05	7.8917e-05
244	0.44722	0.55264	6.2251e-05	7.9132e-05
245	0.44623	0.55362	6.2007e-05	7.9153e-05
246	0.44636	0.5535	6.1923e-05	7.9013e-05
247	0.44785	0.55201	6.2022e-05	7.8682e-05
248	0.45047	0.54939	6.2282e-05	7.819e-05
249	0.45422	0.54564	6.2701e-05	7.7537e-05
250	0.4594	0.54046	6.331e-05	7.6686e-05
251	0.46579	0.53407	6.4089e-05	7.5664e-05
252	0.47343	0.52643	6.5041e-05	7.4468e-05
253	0.48292	0.51694	6.6237e-05	7.302e-05
254	0.49381	0.50605	6.7627e-05	7.1378e-05
255	0.50619	0.49368	6.922e-05	6.9531e-05
256	0.52011	0.47975	7.1025e-05	6.7471e-05
257	0.5357	0.46416	7.3059e-05	6.5181e-05
258	0.55308	0.44678	7.5335e-05	6.2648e-05
259	0.57234	0.42753	7.7866e-05	5.9859e-05
260	0.5936	0.40626	8.067e-05	5.6797e-05
261	0.6179	0.38196	8.3869e-05	5.3331e-05
262	0.64462	0.35524	8.7394e-05	4.9538e-05
263	0.67396	0.32591	9.1272e-05	4.5392e-05
264	0.70719	0.29267	9.5654e-05	4.0733e-05
265	0.71456	0.28531	9.6474e-05	3.9636e-05
266	0.72383	0.27603	9.754e-05	3.8283e-05
267	0.7346	0.26527	9.8807e-05	3.673e-05
268	0.74695	0.25291	0.00010029	3.4963e-05
269	0.76095	0.23891	0.00010199	3.2975e-05
270	0.7767	0.22317	0.00010392	3.0753e-05
271	0.79433	0.20554	0.00010611	2.828e-05
272	0.79525	0.20462	0.00010602	2.8083e-05
273	0.79774	0.20212	0.00010613	2.7676e-05
274	0.80146	0.19841	0.0001064	2.7104e-05
275	0.80664	0.19323	0.00010686	2.6339e-05
276	0.81333	0.18653	0.00010751	2.5376e-05
277	0.80677	0.1931	0.00010638	2.6189e-05
278	0.80171	0.19816	0.00010545	2.6799e-05
279	0.7979	0.20197	0.00010469	2.7237e-05
280	0.79569	0.20418	0.00010413	2.7462e-05
281	0.79469	0.20518	0.00010374	2.7524e-05
282	0.7949	0.20497	0.0001035	2.7423e-05
283	0.79631	0.20356	0.00010343	2.7162e-05
284	0.79931	0.20056	0.00010356	2.6695e-05
285	0.80353	0.19634	0.00010384	2.6067e-05
286	0.80903	0.19084	0.00010429	2.5274e-05
287	0.81606	0.18381	0.00010493	2.4287e-05
288	0.82469	0.17518	0.00010576	2.3098e-05
289	0.82044	0.17943	0.00010492	2.3584e-05
290	0.8174	0.18248	0.00010423	2.3908e-05
291	0.81556	0.18432	0.00010371	2.4073e-05
292	0.81489	0.18498	0.00010334	2.4084e-05
293	0.8156	0.18427	0.00010313	2.392e-05
294	0.8175	0.18238	0.00010308	2.3602e-05
295	0.8206	0.17928	0.00010318	2.3131e-05
296	0.82493	0.17495	0.00010344	2.2503e-05
297	0.83049	0.16938	0.00010385	2.1719e-05
298	0.83775	0.16212	0.00010447	2.0728e-05
299	0.84636	0.15352	0.00010525	1.957e-05
300	0.85639	0.14349	0.0001062	1.8236e-05
301	0.85422	0.14565	0.00010562	1.8439e-05
302	0.85338	0.1465	0.00010519	1.8477e-05
303	0.85367	0.14621	0.00010491	1.8371e-05
304	0.85542	0.14446	0.0001048	1.8086e-05
305	0.85832	0.14156	0.00010483	1.7658e-05
306	0.86274	0.13714	0.00010503	1.7048e-05
307	0.86836	0.13152	0.00010538	1.6292e-05
308	0.87521	0.12467	0.00010588	1.5387e-05
309	0.88358	0.1163	0.00010655	1.4304e-05
310	0.8933	0.10658	0.00010737	1.3062e-05
311	0.90447	0.095414	0.00010837	1.1649e-05
312	0.91762	0.08226	0.00010959	1.0008e-05
313	0.93242	0.067461	0.00011099	8.1772e-06
314	0.94926	0.050617	0.00011262	6.1158e-06
315	0.968	0.03188	0.00011446	3.8388e-06
316	0.9668	0.033078	0.00011391	3.961e-06
317	0.96652	0.033358	0.00011345	3.9747e-06
318	0.96707	0.032816	0.00011309	3.8906e-06
319	0.96861	0.031278	0.00011284	3.6912e-06
320	0.97099	0.028893	0.00011269	3.3934e-06
321	0.97442	0.025467	0.00011264	2.9777e-06
322	0.97271	0.027173	0.000112	3.1592e-06
323	0.9719	0.02799	0.00011145	3.2376e-06
324	0.97187	0.028013	0.00011099	3.2235e-06
325	0.97273	0.027156	0.00011063	3.1096e-06
326	0.97448	0.025411	0.00011036	2.8962e-06
327	0.9772	0.022685	0.00011018	2.5745e-06
328	0.97519	0.024693	0.00010947	2.788e-06
329	0.97399	0.025901	0.00010886	2.9088e-06
330	0.97357	0.026323	0.00010833	2.94e-06
331	0.97401	0.025879	0.00010789	2.8753e-06
332	0.97533	0.024564	0.00010753	2.7155e-06
333	0.9776	0.022295	0.00010727	2.4529e-06
334	0.98069	0.019203	0.0001071	2.1017e-06
335	0.98472	0.015175	0.00010702	1.6525e-06
336	0.98981	0.010086	0.00010704	1.0938e-06
337	0.99076	0.0091338	0.00010661	9.8546e-07
338	0.98887	0.011025	0.00010586	1.1834e-06
339	0.98778	0.012113	0.00010519	1.2942e-06
340	0.98738	0.012516	0.0001046	1.3304e-06
341	0.98297	0.016922	0.00010357	1.79e-06
342	0.97942	0.020477	0.00010264	2.1542e-06
343	0.97678	0.023116	0.0001018	2.4192e-06
344	0.97495	0.024943	0.00010104	2.596e-06
345	0.974	0.025896	0.00010037	2.6809e-06
346	0.97392	0.025982	9.9785e-05	2.6764e-06
347	0.97461	0.025288	9.9277e-05	2.5911e-06
348	0.97609	0.023806	9.8848e-05	2.4261e-06
349	0.97269	0.027212	9.7924e-05	2.7555e-06
350	0.97031	0.02959	9.7098e-05	2.9785e-06
351	0.96876	0.031137	9.6358e-05	3.1149e-06
352	0.9682	0.0317	9.5708e-05	3.1525e-06
353	0.96845	0.03145	9.5139e-05	3.1085e-06
354	0.96968	0.030219	9.4656e-05	2.9695e-06
355	0.97174	0.028163	9.4252e-05	2.751e-06
356	0.97464	0.02526	9.3928e-05	2.4522e-06
357	0.97842	0.021489	9.3684e-05	2.0728e-06
358	0.97749	0.022415	9.2978e-05	2.1475e-06
359	0.97732	0.022581	9.2345e-05	2.1482e-06
360	0.97792	0.021987	9.1785e-05	2.0765e-06
361	0.97942	0.020486	9.1298e-05	1.9214e-06
362	0.98171	0.018202	9.0883e-05	1.6949e-06
363	0.98479	0.015118	9.0539e-05	1.3968e-06
364	0.98886	0.011054	9.0271e-05	1.0136e-06
365	0.9891	0.010808	8.965e-05	9.8274e-07
366	0.99007	0.009837	8.9086e-05	8.872e-07
367	0.99183	0.0080848	8.8581e-05	7.235e-07
368	0.99427	0.0056394	8.8135e-05	5.0012e-07
369	0.99755	0.0023659	8.7749e-05	2.0758e-07
370	0.99856	0.0013508	8.7161e-05	1.1668e-07
371	0.99694	0.0029714	8.6337e-05	2.539e-07
372	0.99595	0.0039597	8.556e-05	3.3494e-07
373	0.99556	0.0043573	8.4834e-05	3.641e-07
374	0.99578	0.0041355	8.4153e-05	3.4067e-07
375	0.99659	0.0033243	8.352e-05	2.6797e-07
376	0.998	0.0019179	8.2936e-05	1.4675e-07
377	0.99815	0.0017674	8.2249e-05	1.2797e-07
378	0.99884	0.0010792	8.1605e-05	6.5596e-08
379	0.99712	0.0027945	8.0794e-05	1.603e-07
380	0.99192	0.0079973	8.1621e-05	6.5863e-07
381	0.98757	0.012345	8.2509e-05	1.0962e-06
382	0.98413	0.015782	8.3458e-05	1.4655e-06
383	0.98157	0.018342	8.4466e-05	1.7661e-06
384	0.97979	0.020123	8.5539e-05	2.0028e-06
385	0.97884	0.021067	8.6675e-05	2.1681e-06
386	0.97865	0.021258	8.788e-05	2.2662e-06
387	0.97921	0.020699	8.9157e-05	2.2944e-06
388	0.98052	0.019384	9.0508e-05	2.2495e-06
389	0.97741	0.022493	9.1378e-05	2.6882e-06
390	0.97513	0.024776	9.2325e-05	3.051e-06
391	0.97373	0.026172	9.3348e-05	3.3291e-06
392	0.97312	0.026777	9.445e-05	3.5291e-06
393	0.97339	0.026513	9.5633e-05	3.6407e-06
394	0.95309	0.04681	9.3998e-05	5.643e-06
395	0.93511	0.064791	9.2569e-05	7.4323e-06
396	0.91898	0.080923	9.1313e-05	9.0468e-06
397	0.90508	0.094823	9.0259e-05	1.0451e-05
398	0.89275	0.10715	8.9355e-05	1.1704e-05
399	0.88194	0.11796	8.8597e-05	1.2809e-05
400	0.87255	0.12735	8.7977e-05	1.3776e-05
401	0.8645	0.1354	8.749e-05	1.461e-05
402	0.85814	0.14176	8.7158e-05	1.5279e-05
403	0.85337	0.14653	8.6977e-05	1.5788e-05
404	0.8498	0.1501	8.6919e-05	1.6175e-05
405	0.84758	0.15231	8.6989e-05	1.6424e-05
406	0.84684	0.15305	8.7203e-05	1.6521e-05
407	0.84724	0.15266	8.7537e-05	1.6497e-05
408	0.84878	0.15111	8.7993e-05	1.635e-05
409	0.85182	0.14807	8.8598e-05	1.6045e-05
410	0.85605	0.14385	8.9333e-05	1.5609e-05
411	0.84828	0.15161	8.8783e-05	1.6449e-05
412	0.84204	0.15786	8.838e-05	1.7134e-05
413	0.83741	0.16248	8.8135e-05	1.7652e-05
414	0.83435	0.16554	8.8045e-05	1.8007e-05
415	0.83247	0.16742	8.8081e-05	1.8235e-05
416	0.83177	0.16813	8.8242e-05	1.8336e-05
417	0.83241	0.16749	8.8539e-05	1.8294e-05
418	0.8344	0.16549	8.8972e-05	1.8106e-05
419	0.83776	0.16213	8.9547e-05	1.777e-05
420	0.84233	0.15757	9.0254e-05	1.73e-05
421	0.83439	0.1655	8.9607e-05	1.8182e-05
422	0.82779	0.1721	8.9103e-05	1.8921e-05
423	0.82249	0.17741	8.8737e-05	1.9521e-05
424	0.81862	0.18127	8.8517e-05	1.9967e-05
425	0.81617	0.18373	8.844e-05	2.0263e-05
426	0.81525	0.18464	8.852e-05	2.0391e-05
427	0.7981	0.20179	8.6815e-05	2.2297e-05
428	0.78312	0.21677	8.533e-05	2.3974e-05
429	0.76983	0.23006	8.4029e-05	2.5467e-05
430	0.75869	0.2412	8.2948e-05	2.6731e-05
431	0.74908	0.25081	8.2033e-05	2.7828e-05
432	0.74089	0.259	8.1274e-05	2.8767e-05
433	0.7341	0.26579	8.0669e-05	2.9552e-05
434	0.72889	0.271	8.0226e-05	3.0166e-05
435	0.72521	0.27468	7.9943e-05	3.0613e-05
436	0.72277	0.27712	7.9798e-05	3.092e-05
437	0.72181	0.27808	7.9808e-05	3.1064e-05
438	0.72249	0.2774	7.9992e-05	3.1026e-05
439	0.7244	0.27549	8.0314e-05	3.0848e-05
440	0.7278	0.27209	8.0794e-05	3.0504e-05
441	0.73271	0.26718	8.1436e-05	2.9991e-05
442	0.72255	0.27733	8.0386e-05	3.1162e-05
443	0.71386	0.28603	7.9498e-05	3.2168e-05
444	0.70659	0.2933	7.877e-05	3.3013e-05
445	0.70113	0.29876	7.8234e-05	3.3658e-05
446	0.69696	0.30292	7.7845e-05	3.4156e-05
447	0.6945	0.30539	7.7637e-05	3.4463e-05
448	0.6933	0.30659	7.7572e-05	3.4626e-05
449	0.69357	0.30632	7.7664e-05	3.4625e-05
450	0.69509	0.3048	7.7899e-05	3.4478e-05
451	0.69788	0.30201	7.8278e-05	3.4186e-05
452	0.70194	0.29794	7.8805e-05	3.3746e-05
453	0.7073	0.29259	7.9481e-05	3.3155e-05
454	0.71401	0.28588	8.0313e-05	3.2407e-05
455	0.72212	0.27777	8.1306e-05	3.1496e-05
456	0.73218	0.26771	8.2514e-05	3.0364e-05
457	0.74432	0.25557	8.3949e-05	2.8994e-05
458	0.75812	0.24177	8.5577e-05	2.743e-05
459	0.77366	0.22623	8.7409e-05	2.5663e-05
460	0.79142	0.20847	8.9485e-05	2.3642e-05
461	0.81157	0.18832	9.1825e-05	2.1349e-05
462	0.83468	0.16521	9.4492e-05	1.872e-05
463	0.83907	0.16082	9.5032e-05	1.8218e-05
464	0.84489	0.15499	9.5728e-05	1.7552e-05
465	0.852	0.14789	9.657e-05	1.6739e-05
466	0.86085	0.13904	9.7602e-05	1.5726e-05
467	0.87111	0.12878	9.8796e-05	1.4551e-05
468	0.88334	0.11655	0.0001002	1.3153e-05
469	0.89768	0.1022	0.00010184	1.1516e-05
470	0.89918	0.1007	0.00010202	1.1336e-05
471	0.90191	0.097979	0.00010233	1.1018e-05
472	0.90588	0.094007	0.00010278	1.0559e-05
473	0.91098	0.088907	0.00010335	9.9697e-06
474	0.91723	0.082657	0.00010405	9.2481e-06
475	0.92487	0.075021	0.00010491	8.3705e-06
476	0.92325	0.076641	0.0001047	8.5392e-06
477	0.92261	0.077273	0.00010461	8.5945e-06
478	0.92311	0.076781	0.00010464	8.5236e-06
479	0.9246	0.07529	0.00010478	8.3383e-06
480	0.9271	0.07279	0.00010503	8.0373e-06
481	0.93061	0.069274	0.0001054	7.62e-06
482	0.93517	0.064717	0.00010589	7.0834e-06
483	0.9408	0.059088	0.0001065	6.424e-06
484	0.93842	0.06147	0.00010622	6.6566e-06
485	0.93722	0.062667	0.00010606	6.7579e-06
486	0.93698	0.062911	0.00010601	6.751e-06
487	0.9378	0.062087	0.00010607	6.6254e-06
488	0.9398	0.060082	0.00010625	6.3689e-06
489	0.94277	0.057113	0.00010654	6.0029e-06
490	0.93823	0.061658	0.00010602	6.4489e-06
491	0.93472	0.065172	0.00010561	6.7797e-06
492	0.9322	0.06769	0.00010531	6.999e-06
493	0.91812	0.081765	0.00010382	8.4131e-06
494	0.90609	0.093793	0.00010253	9.6105e-06
495	0.89596	0.10393	0.00010144	1.0607e-05
496	0.8872	0.11268	0.0001005	1.1451e-05
497	0.88013	0.11976	9.9729e-05	1.2116e-05
498	0.8743	0.12559	9.9095e-05	1.2643e-05
499	0.86986	0.13003	9.8602e-05	1.3021e-05
500	0.86676	0.13313	9.8246e-05	1.3254e-05
501	0.86478	0.13511	9.8014e-05	1.3362e-05
502	0.8641	0.13579	9.7913e-05	1.333e-05
503	0.86453	0.13536	9.7937e-05	1.3173e-05
504	0.86626	0.13363	9.8093e-05	1.2875e-05
505	0.85558	0.14431	9.6996e-05	1.3829e-05
506	0.84634	0.15355	9.6053e-05	1.4629e-05
507	0.83847	0.16142	9.5258e-05	1.528e-05
508	0.83193	0.16796	9.4603e-05	1.5789e-05
509	0.82686	0.17303	9.4096e-05	1.6142e-05
510	0.82303	0.17686	9.3722e-05	1.6361e-05
511	0.82042	0.17947	9.348e-05	1.6448e-05
512	0.81898	0.18091	9.3365e-05	1.6406e-05
513	0.81907	0.18082	9.3404e-05	1.6202e-05
514	0.82035	0.17954	9.3571e-05	1.5868e-05
515	0.82281	0.17708	9.387e-05	1.5402e-05
516	0.82685	0.17304	9.4328e-05	1.4767e-05
517	0.81744	0.18245	9.3498e-05	1.5421e-05
518	0.80968	0.19021	9.2823e-05	1.5911e-05
519	0.80366	0.19623	9.2311e-05	1.6229e-05
520	0.79893	0.20096	9.1934e-05	1.6411e-05
521	0.79566	0.20423	9.1696e-05	1.6446e-05
522	0.79362	0.20627	9.1587e-05	1.6351e-05
523	0.79278	0.20711	9.1606e-05	1.6126e-05
524	0.79316	0.20674	9.1754e-05	1.5772e-05
525	0.7951	0.20479	9.2058e-05	1.5254e-05
526	0.79865	0.20124	9.2521e-05	1.4567e-05
527	0.78838	0.21151	9.332e-05	1.6482e-05
528	0.77956	0.22033	9.4245e-05	1.8279e-05
529	0.74454	0.25534	9.192e-05	2.3315e-05
530	0.71258	0.2873	8.9808e-05	2.8145e-05
531	0.68397	0.31591	8.7945e-05	3.2718e-05
532	0.6579	0.34198	8.6276e-05	3.7103e-05
533	0.63467	0.3652	8.4837e-05	4.1248e-05
534	0.61365	0.38623	8.3587e-05	4.5212e-05
535	0.59538	0.40448	8.2598e-05	4.8905e-05
536	0.579	0.42087	8.1786e-05	5.2427e-05
537	0.56437	0.4355	8.1151e-05	5.578e-05
538	0.55139	0.44847	8.0688e-05	5.8966e-05
539	0.53997	0.45989	8.0397e-05	6.1987e-05
540	0.53	0.46985	8.0273e-05	6.4848e-05
541	0.52142	0.47844	8.0316e-05	6.7547e-05
542	0.51467	0.48518	8.0589e-05	7.0008e-05
543	0.50947	0.49038	8.1058e-05	7.2264e-05
544	0.48019	0.51966	7.7627e-05	7.8427e-05
545	0.45336	0.54648	7.4455e-05	8.4336e-05
546	0.42879	0.57105	7.1531e-05	9.0004e-05
547	0.40632	0.59351	6.8842e-05	9.5442e-05
548	0.38658	0.61326	6.649e-05	0.00010054
549	0.3693	0.63053	6.4454e-05	0.0001053
550	0.3536	0.64623	6.2617e-05	0.00010988
551	0.33938	0.66045	6.097e-05	0.00011427
552	0.32713	0.6727	5.9598e-05	0.00011838
553	0.31616	0.68366	5.8407e-05	0.00012231
554	0.30637	0.69345	5.7386e-05	0.00012608
555	0.29769	0.70212	5.6533e-05	0.00012968
556	0.29007	0.70974	5.5843e-05	0.00013313
557	0.28344	0.71636	5.5315e-05	0.00013642
558	0.27777	0.72203	5.4947e-05	0.00013956
559	0.27304	0.72677	5.4742e-05	0.00014254
560	0.26961	0.73019	5.4769e-05	0.00014527
561	0.26727	0.73253	5.4993e-05	0.00014781
562	0.26599	0.73381	5.5418e-05	0.00015014
563	0.26553	0.73426	5.6019e-05	0.00015229
564	0.26631	0.73348	5.687e-05	0.00015419
565	0.2679	0.73189	5.7908e-05	0.00015591
566	0.27055	0.72923	5.918e-05	0.00015738
567	0.27406	0.72572	6.0662e-05	0.00015865
568	0.27869	0.72109	6.2405e-05	0.00015966
569	0.28468	0.71509	6.4473e-05	0.00016033
570	0.29213	0.70764	6.6893e-05	0.00016064
571	0.30112	0.69865	6.9699e-05	0.00016055
572	0.31125	0.68852	7.2827e-05	0.00016015
573	0.32288	0.67688	7.6353e-05	0.00015935
574	0.3358	0.66396	8.0257e-05	0.00015817
575	0.35045	0.64931	8.4634e-05	0.00015651
576	0.36662	0.63313	8.9471e-05	0.0001544
577	0.38514	0.61462	9.4955e-05	0.00015163
578	0.40543	0.59432	0.00010099	0.00014832
579	0.42765	0.5721	0.00010764	0.0001444
580	0.45285	0.5469	0.00011514	0.00013962
581	0.48035	0.51939	0.00012338	0.0001341
582	0.51041	0.48933	0.00013245	0.00012777
583	0.51609	0.48365	0.0001353	0.00012765
584	0.52356	0.47618	0.00013863	0.00012703
585	0.53238	0.46735	0.00014238	0.00012601
586	0.52392	0.47581	0.00014148	0.00012963
587	0.51681	0.48292	0.00014091	0.00013292
588	0.51146	0.48826	0.00014078	0.00013576
589	0.50733	0.49239	0.00014097	0.00013829
590	0.50442	0.4953	0.00014149	0.00014049
591	0.50269	0.49702	0.00014235	0.00014237
592	0.50214	0.49757	0.00014355	0.00014391
593	0.50301	0.4967	0.00014515	0.00014505
594	0.50551	0.4942	0.00014721	0.00014571
595	0.5092	0.4905	0.00014966	0.000146
596	0.51413	0.48557	0.0001525	0.0001459
597	0.5203	0.4794	0.00015576	0.00014539
598	0.52805	0.47165	0.00015951	0.00014438
599	0.53745	0.46225	0.0001638	0.00014282
600	0.54885	0.45084	0.00016875	0.0001406
601	0.56242	0.43727	0.00017441	0.00013765
602	0.57831	0.42138	0.00018085	0.00013391
603	0.59603	0.40365	0.00018798	0.0001295
604	0.59523	0.40445	0.00018929	0.0001309
605	0.5961	0.40358	0.00019113	0.00013178
606	0.59819	0.40149	0.00019338	0.00013224
607	0.60177	0.3979	0.00019612	0.00013222
608	0.60664	0.39303	0.00019932	0.00013174
609	0.6128	0.38686	0.00020299	0.0001308
610	0.62031	0.37935	0.00020715	0.00012937
611	0.62975	0.36991	0.000212	0.00012725
612	0.62269	0.37697	0.00021134	0.00013068
613	0.61724	0.38242	0.00021118	0.00013361
614	0.61308	0.38657	0.00021145	0.0001361
615	0.6102	0.38945	0.00021216	0.00013817
616	0.60858	0.39107	0.00021332	0.00013981
617	0.60817	0.39147	0.00021491	0.00014101
618	0.60945	0.3902	0.00021709	0.00014162
619	0.61195	0.38769	0.00021974	0.00014178
620	0.61596	0.38368	0.00022293	0.00014137
621	0.62151	0.37812	0.00022671	0.00014038
622	0.61018	0.38945	0.00022423	0.00014562
623	0.60033	0.39929	0.00022227	0.00015037
624	0.5922	0.40742	0.00022087	0.00015454
625	0.58571	0.41392	0.00022004	0.00015813
626	0.58053	0.41909	0.00021968	0.00016126
627	0.57663	0.42299	0.00021981	0.00016391
628	0.57443	0.42518	0.00022055	0.00016594
629	0.57345	0.42616	0.00022177	0.0001675
630	0.57392	0.42569	0.00022355	0.0001685
631	0.57586	0.42374	0.00022588	0.00016892
632	0.57904	0.42056	0.00022874	0.00016883
633	0.58347	0.41613	0.00023213	0.00016822
634	0.58917	0.41043	0.00023608	0.00016707
635	0.59647	0.40313	0.00024069	0.00016523
636	0.60544	0.39415	0.00024602	0.00016269
637	0.61643	0.38316	0.0002522	0.00015927
638	0.62899	0.3706	0.00025911	0.00015513
639	0.64318	0.3564	0.0002668	0.00015022
640	0.6598	0.33979	0.00027556	0.00014423
641	0.65843	0.34114	0.00027681	0.00014576
642	0.6583	0.34127	0.0002786	0.00014676
643	0.65942	0.34015	0.00028094	0.00014722
644	0.6618	0.33777	0.00028385	0.00014712
645	0.66589	0.33367	0.0002875	0.00014627
646	0.6537	0.34586	0.00028403	0.00015254
647	0.64308	0.35648	0.00028119	0.00015817
648	0.63446	0.3651	0.00027917	0.00016299
649	0.62724	0.37231	0.00027774	0.00016722
650	0.62163	0.37792	0.00027697	0.00017078
651	0.61733	0.38222	0.00027678	0.00017377
652	0.61429	0.38525	0.00027716	0.00017621
653	0.61274	0.3868	0.00027818	0.00017799
654	0.61243	0.38711	0.00027978	0.0001792
655	0.61334	0.38619	0.00028197	0.00017984
656	0.61574	0.3838	0.00028483	0.00017979
657	0.6194	0.38013	0.00028832	0.00017912
658	0.62481	0.37472	0.00029263	0.00017762
659	0.63155	0.36798	0.00029762	0.00017546
660	0.63967	0.35986	0.00030334	0.00017258
661	0.64921	0.35031	0.0003098	0.00016896
662	0.66057	0.33895	0.00031718	0.00016442
663	0.67384	0.32568	0.00032553	0.00015889
664	0.68883	0.31068	0.00033483	0.00015243
665	0.70631	0.2932	0.00034542	0.00014467
666	0.72617	0.27334	0.00035725	0.00013565
667	0.74818	0.25132	0.00037031	0.00012543
668	0.75086	0.24864	0.00037377	0.00012478
669	0.75479	0.24471	0.0003779	0.00012348
670	0.76024	0.23926	0.0003828	0.0001214
671	0.76725	0.23224	0.00038851	0.0001185
672	0.77612	0.22337	0.00039519	0.00011462
673	0.78645	0.21304	0.00040268	0.00010993
674	0.79885	0.20064	0.00041129	0.00010413
675	0.81288	0.1866	0.00042084	9.7386e-05
676	0.82929	0.17019	0.00043167	8.9347e-05
677	0.84761	0.15187	0.00044364	8.0191e-05
678	0.86798	0.13149	0.00045683	6.9827e-05
679	0.89131	0.10816	0.00047167	5.7799e-05
680	0.91705	0.082418	0.00048796	4.4324e-05
681	0.92432	0.075142	0.00049445	4.0651e-05
682	0.93283	0.066631	0.00050166	3.6261e-05
683	0.94263	0.056826	0.00050965	3.1109e-05
684	0.9538	0.045659	0.00051847	2.5146e-05
685	0.9664	0.033052	0.00052816	1.8315e-05
686	0.96948	0.029974	0.00053266	1.6692e-05
687	0.97364	0.025806	0.00053777	1.4452e-05
688	0.97874	0.020702	0.00054344	1.1658e-05
689	0.97877	0.020675	0.0005463	1.1692e-05
690	0.97954	0.0199	0.0005496	1.13e-05
691	0.98106	0.018372	0.00055335	1.0473e-05
692	0.9835	0.015936	0.00055761	9.1254e-06
693	0.98672	0.012709	0.00056235	7.3054e-06
694	0.99084	0.0085838	0.00056761	4.9535e-06
695	0.99141	0.0080152	0.00057082	4.6438e-06
696	0.99271	0.0067103	0.00057445	3.9064e-06
697	0.99467	0.0047474	0.00057848	2.7753e-06
698	0.99736	0.002057	0.00058294	1.2092e-06
699	0.99812	0.0012949	0.00058628	7.6403e-07
700	0.99804	0.0013749	0.00058913	8.145e-07
701	0.99702	0.0023877	0.0005914	1.4214e-06
702	0.99661	0.0027898	0.00059402	1.6713e-06
703	0.99677	0.0026334	0.00059699	1.5873e-06
704	0.99748	0.0019175	0.00060031	1.1638e-06
705	0.99459	0.004808	0.00060146	2.926e-06
706	0.99238	0.0070114	0.00060303	4.2838e-06
707	0.99085	0.008539	0.00060501	5.2383e-06
708	0.98999	0.0094017	0.00060742	5.7904e-06
709	0.98524	0.01414	0.0006074	8.7443e-06
710	0.98145	0.017927	0.00060794	1.1141e-05
711	0.97849	0.020891	0.00060898	1.3041e-05
712	0.97641	0.022966	0.00061055	1.4407e-05
713	0.97512	0.024255	0.00061262	1.5285e-05
714	0.97468	0.024687	0.00061521	1.5633e-05
715	0.97517	0.024201	0.00061837	1.5406e-05
716	0.97643	0.022932	0.00062204	1.4672e-05
717	0.97848	0.020878	0.00062624	1.3423e-05
718	0.97606	0.023297	0.0006276	1.5039e-05
719	0.97452	0.024834	0.00062949	1.6102e-05
720	0.97391	0.025438	0.00063197	1.6574e-05
721	0.97423	0.025117	0.00063502	1.645e-05
722	0.97533	0.024017	0.00063861	1.5809e-05
723	0.97721	0.022129	0.00064275	1.4638e-05
724	0.98006	0.019282	0.00064751	1.2825e-05
725	0.98373	0.015602	0.00065286	1.0437e-05
726	0.98322	0.016115	0.00065545	1.0827e-05
727	0.97792	0.021413	0.00065484	1.4433e-05
728	0.97365	0.025681	0.00065487	1.7382e-05
729	0.97027	0.029056	0.00065551	1.9745e-05
730	0.96776	0.031563	0.00065674	2.1532e-05
731	0.96619	0.033129	0.00065858	2.2697e-05
732	0.96545	0.033866	0.00066099	2.3297e-05
733	0.96553	0.033779	0.000664	2.3327e-05
734	0.96661	0.032695	0.00066767	2.2674e-05
735	0.96853	0.030778	0.00067195	2.1428e-05
736	0.97147	0.027831	0.00067694	1.9459e-05
737	0.97548	0.023817	0.00068268	1.673e-05
738	0.98061	0.018684	0.00068921	1.3196e-05
739	0.97489	0.024404	0.00068823	1.7256e-05
740	0.97024	0.02905	0.00068795	2.0598e-05
741	0.96671	0.03258	0.00068842	2.3181e-05
742	0.96425	0.03504	0.00068961	2.5028e-05
743	0.96264	0.036642	0.00069143	2.6268e-05
744	0.96188	0.037397	0.00069386	2.6899e-05
745	0.95391	0.045369	0.00069085	3.2837e-05
746	0.94737	0.051903	0.00068882	3.7781e-05
747	0.94192	0.057353	0.00068756	4.196e-05
748	0.93777	0.061499	0.00068722	4.522e-05
749	0.93462	0.06464	0.00068761	4.7753e-05
750	0.9327	0.066558	0.00068887	4.9408e-05
751	0.93176	0.067502	0.00069087	5.0341e-05
752	0.9319	0.06736	0.00069366	5.0476e-05
753	0.933	0.06625	0.00069719	4.9877e-05
754	0.93507	0.064175	0.00070148	4.8538e-05
755	0.93814	0.06111	0.00070655	4.643e-05
756	0.94221	0.057034	0.00071244	4.3528e-05
757	0.94731	0.051928	0.00071915	3.9808e-05
758	0.95349	0.045746	0.00072675	3.5223e-05
759	0.96108	0.038153	0.00073545	2.9529e-05
760	0.96145	0.037778	0.00073859	2.9369e-05
761	0.95486	0.044365	0.00073636	3.4608e-05
762	0.94934	0.049886	0.00073494	3.9047e-05
763	0.94484	0.054379	0.00073431	4.2707e-05
764	0.94148	0.05774	0.00073453	4.5516e-05
765	0.93909	0.060124	0.00073551	4.7569e-05
766	0.93767	0.061546	0.00073727	4.8868e-05
767	0.93731	0.061902	0.00073984	4.9339e-05
768	0.93789	0.06132	0.00074318	4.9059e-05
769	0.93964	0.059567	0.00074744	4.7849e-05
770	0.94235	0.056848	0.00075251	4.5845e-05
771	0.93746	0.061742	0.00075144	4.9967e-05
772	0.93374	0.065459	0.00075127	5.3177e-05
773	0.93103	0.068165	0.00075192	5.558e-05
774	0.9293	0.069887	0.00075338	5.719e-05
775	0.92879	0.070399	0.0007558	5.7832e-05
776	0.92925	0.069937	0.00075904	5.7669e-05
777	0.93068	0.068497	0.00076311	5.6689e-05
778	0.9331	0.066079	0.00076803	5.4883e-05
779	0.93676	0.062412	0.00077397	5.2036e-05
780	0.94146	0.057706	0.00078083	4.829e-05
781	0.94738	0.051783	0.00078872	4.3507e-05
782	0.94571	0.053452	0.00079024	4.5072e-05
783	0.94517	0.053992	0.00079268	4.5706e-05
784	0.94555	0.053613	0.00079592	4.5559e-05
785	0.94705	0.052108	0.0008001	4.4464e-05
786	0.94948	0.049677	0.00080509	4.2564e-05
787	0.95285	0.046304	0.00081093	3.9835e-05
788	0.95731	0.041834	0.00081772	3.6152e-05
789	0.96279	0.03635	0.00082543	3.156e-05
790	0.96946	0.029678	0.00083418	2.5917e-05
791	0.97724	0.021898	0.00084396	1.9259e-05
792	0.97855	0.020588	0.00084817	1.8194e-05
793	0.98063	0.018502	0.00085309	1.6434e-05
794	0.98351	0.015622	0.00085874	1.396e-05
795	0.98719	0.011936	0.00086514	1.075e-05
796	0.98728	0.011841	0.00086835	1.0722e-05
797	0.98805	0.011063	0.00087219	1.0083e-05
798	0.98558	0.013535	0.00087311	1.237e-05
799	0.98385	0.015263	0.00087472	1.4002e-05
800	0.98291	0.0162	0.000877	1.4937e-05
801	0.9828	0.016301	0.00088002	1.5129e-05
802	0.98342	0.015682	0.00088371	1.4665e-05
803	0.98482	0.014277	0.0008881	1.3488e-05
804	0.98696	0.012136	0.00089319	1.1626e-05
805	0.98985	0.009244	0.00089901	9.058e-06
806	0.98965	0.0094344	0.00090194	9.3695e-06
807	0.9902	0.0088826	0.00090554	8.9968e-06
808	0.98791	0.01117	0.00090631	1.1435e-05
809	0.98645	0.012633	0.00090784	1.3105e-05
810	0.98568	0.013394	0.00091005	1.4113e-05
811	0.98039	0.018686	0.00090756	1.9833e-05
812	0.97611	0.022962	0.00090603	2.459e-05
813	0.9727	0.026365	0.00090536	2.8504e-05
814	0.97014	0.028918	0.00090553	3.1595e-05
815	0.96843	0.030633	0.00090653	3.3867e-05
816	0.96754	0.031521	0.00090837	3.5329e-05
817	0.96746	0.031595	0.00091102	3.5989e-05
818	0.96828	0.030766	0.00091455	3.5763e-05
819	0.96993	0.029118	0.00091891	3.4719e-05
820	0.96625	0.032797	0.00091737	3.9566e-05
821	0.96346	0.03558	0.00091678	4.349e-05
822	0.96154	0.037492	0.00091709	4.6518e-05
823	0.96048	0.038549	0.00091831	4.8662e-05
824	0.96037	0.038656	0.00092049	4.9832e-05
825	0.96111	0.037915	0.00092357	5.0121e-05
826	0.9628	0.03622	0.00092762	4.9427e-05
827	0.96547	0.033552	0.00093266	4.7731e-05
828	0.96902	0.029997	0.00093866	4.5104e-05
829	0.96701	0.032001	0.00093784	4.9268e-05
830	0.96584	0.033172	0.00093799	5.2494e-05
831	0.96549	0.03352	0.00093908	5.4793e-05
832	0.95802	0.040987	0.00093106	6.1537e-05
833	0.95194	0.047072	0.00092444	6.6875e-05
834	0.9469	0.05211	0.00091892	7.1125e-05
835	0.92819	0.070823	0.0008995	8.9259e-05
836	0.91138	0.087631	0.00088205	0.00010544
837	0.89664	0.10238	0.00086664	0.00011958
838	0.88353	0.11548	0.00085291	0.00013204
839	0.87244	0.12658	0.00084117	0.00014251
840	0.8628	0.13621	0.00083092	0.00015149
841	0.82867	0.17035	0.0007966	0.00018455
842	0.7975	0.20152	0.00076533	0.00021458
843	0.76909	0.22993	0.00073687	0.00024182
844	0.74414	0.25488	0.00071178	0.00026567
845	0.72232	0.2767	0.00068974	0.00028646
846	0.70265	0.29638	0.00066987	0.00030509
847	0.68494	0.31408	0.00065201	0.00032173
848	0.66946	0.32957	0.00063629	0.00033621
849	0.65569	0.34334	0.0006223	0.00034897
850	0.64355	0.35548	0.00060995	0.00036011
851	0.63295	0.36608	0.00059914	0.00036972
852	0.62381	0.37522	0.00058979	0.00037787
853	0.61659	0.38245	0.00058227	0.00038419
854	0.58245	0.41658	0.00054895	0.00041632
855	0.55122	0.44781	0.00051854	0.00044555
856	0.52263	0.47641	0.00049077	0.00047215
857	0.49742	0.50162	0.00046622	0.00049552
858	0.47441	0.52463	0.00044385	0.00051671
859	0.45424	0.5448	0.00042419	0.00053519
860	0.43591	0.56313	0.00040635	0.00055186
861	0.4193	0.57974	0.00039022	0.00056682
862	0.40496	0.59409	0.00037622	0.00057965
863	0.3921	0.60694	0.00036369	0.00059102
864	0.38094	0.6181	0.00035275	0.00060079
865	0.37107	0.62798	0.00034307	0.00060931
866	0.36243	0.63662	0.0003346	0.00061663
867	0.35496	0.64409	0.00032727	0.00062281
868	0.34861	0.65044	0.00032103	0.00062792
869	0.34358	0.65547	0.00031601	0.00063179
870	0.34003	0.65903	0.00031235	0.00063431
871	0.3379	0.66116	0.00030999	0.0006355
872	0.33674	0.66232	0.00030857	0.00063577
873	0.33653	0.66253	0.00030805	0.00063515
874	0.33726	0.6618	0.00030844	0.00063363
875	0.3392	0.65986	0.00030991	0.00063101
876	0.34211	0.65695	0.00031232	0.00062747
877	0.34604	0.65302	0.00031568	0.00062299
878	0.351	0.64807	0.00032001	0.00061754
879	0.35727	0.64179	0.00032553	0.0006109
880	0.36493	0.63413	0.00033228	0.00060301
881	0.37378	0.62529	0.00034015	0.00059402
882	0.38387	0.61519	0.00034918	0.00058387
883	0.39526	0.60381	0.00035942	0.00057253
884	0.40805	0.59101	0.00037096	0.00055988
885	0.42231	0.57676	0.00038387	0.00054589
886	0.43816	0.56091	0.00039826	0.00053042
887	0.45572	0.54335	0.00041424	0.00051337
888	0.47511	0.52396	0.00043192	0.00049463
889	0.47464	0.52444	0.00043113	0.00049436
890	0.47531	0.52376	0.00043142	0.00049303
891	0.47714	0.52193	0.0004328	0.00049061
892	0.48038	0.5187	0.00043545	0.00048692
893	0.48481	0.51427	0.00043921	0.00048213
894	0.49045	0.50863	0.0004441	0.00047621
895	0.49784	0.50124	0.00045057	0.00046871
896	0.50654	0.49254	0.00045825	0.00046
897	0.51693	0.48216	0.00046744	0.00044978
898	0.5291	0.46998	0.00047822	0.00043796
899	0.54286	0.45623	0.00049047	0.00042468
900	0.55827	0.44082	0.00050424	0.00040989
901	0.57543	0.42365	0.00051963	0.00039348
902	0.5949	0.40419	0.00053707	0.00037501
903	0.61724	0.38185	0.00055706	0.00035399
904	0.64181	0.35728	0.00057912	0.00033092
905	0.66885	0.33024	0.00060342	0.0003056
906	0.69907	0.30002	0.00063055	0.00027745
907	0.70552	0.29357	0.00063585	0.00027114
908	0.71362	0.28548	0.00064261	0.00026336
909	0.72317	0.27593	0.00065071	0.00025425
910	0.73421	0.26488	0.00066019	0.00024377
911	0.74686	0.25223	0.00067114	0.00023183
912	0.76121	0.23789	0.00068365	0.00021835
913	0.77797	0.22113	0.0006983	0.00020271
914	0.79665	0.20245	0.0007147	0.00018533
915	0.8178	0.1813	0.00073329	0.00016575
916	0.84164	0.15746	0.00075423	0.00014381
917	0.8679	0.13121	0.00077738	0.00011968
918	0.89774	0.10137	0.00080367	9.2394e-05
919	0.90605	0.093052	0.00081038	8.4692e-05
920	0.91571	0.083396	0.00081832	7.5778e-05
921	0.92719	0.071914	0.00082786	6.5251e-05
922	0.92806	0.071045	0.00082781	6.433e-05
923	0.93004	0.069065	0.00082874	6.2422e-05
924	0.93327	0.065839	0.00083075	5.9414e-05
925	0.93778	0.061326	0.00083388	5.5271e-05
926	0.94337	0.05574	0.00083799	5.0167e-05
927	0.95036	0.048754	0.00084332	4.3835e-05
928	0.95884	0.040277	0.00084993	3.6201e-05
929	0.96857	0.030544	0.00085767	2.7449e-05
930	0.97963	0.019483	0.00086661	1.7517e-05
931	0.98268	0.016439	0.00086834	1.4778e-05
932	0.98655	0.012568	0.00087082	1.1304e-05
933	0.99127	0.0078493	0.00087407	7.0788e-06
934	0.98889	0.010233	0.00087099	9.1887e-06
935	0.98722	0.011903	0.00086856	1.0659e-05
936	0.98635	0.01277	0.00086683	1.1421e-05
937	0.98076	0.018365	0.00086092	1.637e-05
938	0.9761	0.023027	0.00085587	2.0476e-05
939	0.97252	0.026609	0.00085176	2.363e-05
940	0.96997	0.029157	0.00084854	2.5877e-05
941	0.96826	0.030866	0.00084609	2.7373e-05
942	0.96737	0.031754	0.00084437	2.8139e-05
943	0.95928	0.039846	0.00083634	3.5234e-05
944	0.95262	0.04651	0.00082956	4.1075e-05
945	0.9473	0.051831	0.00082393	4.5738e-05
946	0.943	0.056129	0.00081924	4.9484e-05
947	0.93971	0.059421	0.00081546	5.2333e-05
948	0.9374	0.061732	0.00081256	5.4311e-05
949	0.93605	0.063088	0.00081051	5.5443e-05
950	0.93576	0.063372	0.00080938	5.5649e-05
951	0.93642	0.062713	0.0008091	5.5026e-05
952	0.93803	0.061107	0.00080965	5.3573e-05
