#coord	neutral	conserved	gBGC.neutral	gBGC.conserved
1	0.90192	0.095703	0.0021505	0.00022989
2	0.90963	0.088001	0.0021585	0.00021045
3	0.91862	0.079019	0.0021694	0.00018806
4	0.92919	0.068467	0.0021837	0.00016226
5	0.94143	0.056239	0.0022016	0.00013284
6	0.95568	0.041996	0.0022236	9.9126e-05
7	0.97162	0.026069	0.0022495	6.1719e-05
8	0.97642	0.021282	0.0022492	5.0459e-05
9	0.98216	0.015549	0.002251	3.7091e-05
10	0.98298	0.014745	0.0022413	3.5229e-05
11	0.97985	0.017889	0.0022225	4.2609e-05
12	0.97751	0.02024	0.0022057	4.8062e-05
13	0.97602	0.021735	0.0021908	5.1532e-05
14	0.97531	0.02246	0.0021779	5.3192e-05
15	0.97535	0.022426	0.0021668	5.3096e-05
16	0.97021	0.027584	0.0021435	6.5073e-05
17	0.95253	0.045274	0.0020914	0.0001061
18	0.93664	0.061176	0.0020439	0.00014251
19	0.92245	0.075378	0.0020009	0.0001746
20	0.9103	0.087534	0.0019626	0.00020186
21	0.89962	0.09823	0.0019281	0.00022549
22	0.89054	0.10731	0.0018972	0.00024537
23	0.8828	0.11507	0.0018697	0.00026204
24	0.87631	0.12157	0.0018453	0.00027571
25	0.87103	0.12686	0.0018238	0.00028656
26	0.86694	0.13096	0.0018051	0.00029466
27	0.86432	0.13359	0.0017895	0.00029958
28	0.86315	0.13477	0.001777	0.00030144
29	0.86308	0.13486	0.0017669	0.00030089
30	0.86429	0.13366	0.0017594	0.0002977
31	0.86661	0.13134	0.0017544	0.00029217
32	0.87007	0.12789	0.0017518	0.0002843
33	0.87468	0.12329	0.0017517	0.00027407
34	0.8681	0.12988	0.0017279	0.0002875
35	0.86295	0.13504	0.0017072	0.00029789
36	0.85898	0.13903	0.0016892	0.00030566
37	0.85635	0.14167	0.0016739	0.00031066
38	0.85486	0.14316	0.0016611	0.00031321
39	0.8545	0.14354	0.0016508	0.00031343
40	0.85525	0.1428	0.0016429	0.00031135
41	0.85714	0.14092	0.0016373	0.00030697
42	0.86016	0.13791	0.0016341	0.00030035
43	0.86434	0.13373	0.0016333	0.00029146
44	0.86971	0.12838	0.0016348	0.00028029
45	0.8763	0.12179	0.0016387	0.00026681
46	0.88416	0.11394	0.0016451	0.00025094
47	0.89357	0.10454	0.0016542	0.00023232
48	0.90484	0.093288	0.0016665	0.00021045
49	0.9176	0.080532	0.0016815	0.00018589
50	0.93198	0.066161	0.0016995	0.00015845
51	0.94862	0.049534	0.0017213	0.00012717
52	0.9671	0.031059	0.0017464	9.2682e-05
53	0.9726	0.025598	0.0017292	7.3693e-05
54	0.96558	0.032656	0.001683	8.3575e-05
55	0.95987	0.0384	0.0016394	9.0721e-05
56	0.9554	0.042905	0.0015982	9.5381e-05
57	0.9519	0.04644	0.0015592	9.8082e-05
58	0.94946	0.04892	0.001522	9.8834e-05
59	0.94814	0.050277	0.0014867	9.7629e-05
60	0.94792	0.050529	0.001453	9.4605e-05
61	0.9486	0.049884	0.001421	9.0171e-05
62	0.95019	0.048338	0.0013907	8.4415e-05
63	0.9528	0.045761	0.0013616	7.7272e-05
64	0.95657	0.042028	0.0013338	6.8663e-05
65	0.96154	0.03709	0.0013073	5.8643e-05
66	0.96754	0.031129	0.0012821	4.7561e-05
67	0.97474	0.023963	0.001258	3.5325e-05
68	0.97567	0.023073	0.0012242	3.2647e-05
69	0.97752	0.021258	0.0011913	2.8903e-05
70	0.98032	0.018494	0.0011593	2.4164e-05
71	0.98411	0.014747	0.001128	1.8496e-05
72	0.98892	0.0099673	0.0010975	1.1955e-05
73	0.98965	0.0092758	0.0010621	1.0574e-05
74	0.9911	0.0078672	0.0010272	8.5076e-06
75	0.99322	0.0057797	0.00099326	5.8568e-06
76	0.99304	0.0059977	0.00095667	5.6885e-06
77	0.99351	0.0055661	0.00092057	4.9132e-06
78	0.99459	0.0045186	0.00088528	3.6211e-06
79	0.99383	0.0053191	0.00084827	3.9076e-06
80	0.99367	0.0055156	0.0008121	3.6523e-06
81	0.99411	0.0051093	0.0007767	2.9216e-06
82	0.99247	0.0067911	0.00074035	3.4385e-06
83	0.98655	0.012708	0.00073164	7.8572e-06
84	0.98156	0.017703	0.00072371	1.1534e-05
85	0.97756	0.021708	0.00071649	1.4458e-05
86	0.97451	0.024764	0.00070993	1.6669e-05
87	0.97245	0.026828	0.00070405	1.8153e-05
88	0.9712	0.028086	0.00069881	1.903e-05
89	0.97083	0.028458	0.00069416	1.9278e-05
90	0.97141	0.02788	0.00069011	1.8863e-05
91	0.97295	0.026343	0.00068666	1.7796e-05
92	0.97531	0.023987	0.00068382	1.6164e-05
93	0.97293	0.026378	0.00067767	1.7797e-05
94	0.96227	0.037036	0.00066586	2.5124e-05
95	0.95292	0.046397	0.0006551	3.1438e-05
96	0.94512	0.054202	0.00064542	3.6621e-05
97	0.93847	0.06085	0.00063665	4.0927e-05
98	0.93322	0.066104	0.00062882	4.4248e-05
99	0.9293	0.070029	0.00062186	4.6646e-05
100	0.92641	0.072924	0.00061568	4.8303e-05
101	0.92466	0.074678	0.00061022	4.9192e-05
102	0.92403	0.07531	0.00060546	4.9338e-05
103	0.9244	0.074953	0.0006014	4.8819e-05
104	0.92599	0.073366	0.00059807	4.752e-05
105	0.92859	0.070772	0.00059542	4.5575e-05
106	0.9322	0.067166	0.00059345	4.2994e-05
107	0.93686	0.06251	0.00059216	3.9764e-05
108	0.94259	0.056783	0.00059155	3.5887e-05
109	0.94063	0.058748	0.00058603	3.6881e-05
110	0.93962	0.059765	0.00058115	3.7256e-05
111	0.93954	0.059849	0.00057692	3.7034e-05
112	0.93056	0.068828	0.0005673	4.223e-05
113	0.92285	0.076543	0.00055858	4.656e-05
114	0.91634	0.083062	0.0005507	5.0087e-05
115	0.91097	0.088431	0.00054362	5.2854e-05
116	0.90689	0.09252	0.00053728	5.483e-05
117	0.90404	0.095371	0.00053164	5.6055e-05
118	0.90226	0.097157	0.0005267	5.6618e-05
119	0.90167	0.097747	0.00052242	5.6484e-05
120	0.90228	0.097147	0.00051876	5.567e-05
121	0.90392	0.095507	0.00051575	5.4254e-05
122	0.90662	0.092817	0.00051336	5.2242e-05
123	0.91038	0.089057	0.0005116	4.9636e-05
124	0.90467	0.094778	0.00050373	5.2489e-05
125	0.90009	0.09936	0.0004966	5.4635e-05
126	0.89662	0.10283	0.00049018	5.6112e-05
127	0.89423	0.10523	0.00048443	5.6952e-05
128	0.89307	0.10639	0.0004793	5.7117e-05
129	0.89326	0.10621	0.00047485	5.6565e-05
130	0.89479	0.10469	0.00047104	5.5317e-05
131	0.8974	0.10208	0.00046783	5.3505e-05
132	0.9011	0.098387	0.0004652	5.1144e-05
133	0.90591	0.093582	0.00046315	4.8236e-05
134	0.91219	0.087299	0.00046175	4.464e-05
135	0.9197	0.079798	0.00046094	4.048e-05
136	0.9177	0.081799	0.00045537	4.1114e-05
137	0.91686	0.082648	0.00045034	4.1167e-05
138	0.91703	0.082487	0.00044585	4.0706e-05
139	0.9182	0.081315	0.0004419	3.9746e-05
140	0.9204	0.079122	0.00043847	3.8297e-05
141	0.92363	0.075894	0.00043556	3.6368e-05
142	0.92793	0.071607	0.00043316	3.396e-05
143	0.93331	0.066231	0.00043126	3.1075e-05
144	0.9398	0.059739	0.00042988	2.7714e-05
145	0.94764	0.051907	0.00042899	2.3814e-05
146	0.95705	0.042497	0.00042867	1.9291e-05
147	0.96778	0.031777	0.0004289	1.4257e-05
148	0.96996	0.029599	0.00042526	1.3114e-05
149	0.973	0.02657	0.00042202	1.1613e-05
150	0.97709	0.022477	0.00041915	9.6888e-06
151	0.97634	0.023241	0.00041411	9.884e-06
152	0.97634	0.023239	0.00040944	9.7453e-06
153	0.97725	0.022331	0.00040509	9.2353e-06
154	0.97895	0.020644	0.00040108	8.4092e-06
155	0.98151	0.018088	0.00039736	7.2517e-06
156	0.97981	0.019792	0.00039196	7.8107e-06
157	0.97887	0.020733	0.00038691	8.0482e-06
158	0.97876	0.02085	0.00038214	7.96e-06
159	0.9794	0.020214	0.0003777	7.5761e-06
160	0.98093	0.018686	0.00037354	6.8649e-06
161	0.97822	0.021409	0.00036784	7.7237e-06
162	0.9763	0.023327	0.00036249	8.2568e-06
163	0.97532	0.024315	0.00035744	8.4403e-06
164	0.97525	0.024384	0.00035268	8.2915e-06
165	0.97611	0.023537	0.00034818	7.8232e-06
166	0.97789	0.021762	0.00034395	7.045e-06
167	0.98047	0.019185	0.00034001	6.0042e-06
168	0.98395	0.015706	0.0003363	4.6868e-06
169	0.98331	0.01635	0.00033119	4.7268e-06
170	0.97796	0.021713	0.00032465	6.1391e-06
171	0.97364	0.026039	0.00031843	7.1855e-06
172	0.95828	0.041402	0.00030929	1.1189e-05
173	0.94501	0.05467	0.00030083	1.446e-05
174	0.93367	0.066015	0.00029298	1.707e-05
175	0.92374	0.075957	0.00028568	1.9165e-05
176	0.91532	0.084376	0.00027884	2.075e-05
177	0.90817	0.091535	0.00027247	2.1901e-05
178	0.88157	0.11814	0.00026151	2.7596e-05
179	0.85745	0.14227	0.00025148	3.2388e-05
180	0.8356	0.16412	0.00024228	3.6369e-05
181	0.81659	0.18314	0.00023391	3.9478e-05
182	0.80016	0.19957	0.00022628	4.1807e-05
183	0.78554	0.2142	0.00021927	4.3537e-05
184	0.7729	0.22684	0.00021281	4.4674e-05
185	0.76187	0.23788	0.00020687	4.5314e-05
186	0.75235	0.2474	0.00020142	4.5497e-05
187	0.71617	0.28358	0.00019342	5.6455e-05
188	0.68307	0.31668	0.00018611	6.6731e-05
189	0.6534	0.34634	0.00017953	7.6249e-05
190	0.62633	0.37341	0.00017355	8.5169e-05
191	0.60217	0.39757	0.0001682	9.3423e-05
192	0.58021	0.41952	0.00016338	0.00010115
193	0.56109	0.43864	0.00015922	0.00010819
194	0.54423	0.4555	0.00015557	0.00011468
195	0.52948	0.47025	0.00015241	0.00012064
196	0.51695	0.48278	0.00014979	0.00012603
197	0.5059	0.49382	0.00014757	0.00013102
198	0.49627	0.50345	0.00014574	0.00013563
199	0.48798	0.51174	0.00014428	0.00013987
200	0.48126	0.51845	0.00014322	0.00014368
201	0.47579	0.52392	0.00014252	0.00014714
202	0.47153	0.52817	0.00014219	0.00015024
203	0.46846	0.53125	0.00014221	0.00015299
204	0.46652	0.53319	0.00014258	0.00015539
205	0.46572	0.53398	0.00014332	0.00015745
206	0.46605	0.53365	0.00014442	0.00015914
207	0.46796	0.53173	0.00014597	0.00016035
208	0.47103	0.52866	0.00014791	0.00016117
209	0.47529	0.5244	0.00015026	0.0001616
210	0.48075	0.51894	0.00015303	0.00016161
211	0.48744	0.51224	0.00015624	0.00016119
212	0.4954	0.50428	0.00015991	0.00016031
213	0.5047	0.49498	0.00016408	0.00015895
214	0.51538	0.48429	0.00016877	0.00015707
215	0.52815	0.47152	0.00017415	0.00015447
216	0.5425	0.45717	0.00018014	0.00015126
217	0.53901	0.46066	0.00018033	0.00015387
218	0.53718	0.46248	0.00018102	0.00015593
219	0.53657	0.46309	0.00018214	0.00015758
220	0.53715	0.46251	0.00018369	0.00015881
221	0.53894	0.46071	0.00018569	0.0001596
222	0.5424	0.45725	0.00018823	0.0001598
223	0.54709	0.45256	0.00019125	0.00015954
224	0.55355	0.4461	0.00019488	0.00015864
225	0.56132	0.43832	0.00019903	0.00015722
226	0.55217	0.44748	0.00019716	0.00016183
227	0.54467	0.45497	0.0001958	0.00016589
228	0.53898	0.46066	0.00019503	0.00016933
229	0.53502	0.46462	0.00019482	0.00017217
230	0.53229	0.46734	0.00019508	0.00017455
231	0.53075	0.46888	0.00019579	0.00017649
232	0.53064	0.46898	0.00019699	0.0001779
233	0.53174	0.46789	0.00019867	0.00017885
234	0.53401	0.46561	0.00020083	0.00017933
235	0.51748	0.48214	0.00019578	0.00018702
236	0.50329	0.49632	0.00019151	0.0001939
237	0.49069	0.50892	0.00018782	0.00020021
238	0.48014	0.51947	0.00018482	0.00020579
239	0.47097	0.52864	0.00018235	0.00021086
240	0.4634	0.53621	0.00018042	0.00021534
241	0.45757	0.54203	0.00017911	0.00021917
242	0.45294	0.54666	0.00017827	0.00022253
243	0.44946	0.55014	0.00017791	0.00022544
244	0.4471	0.55249	0.000178	0.00022789
245	0.44612	0.55348	0.0001786	0.00022981
246	0.44624	0.55335	0.00017968	0.00023125
247	0.44773	0.55186	0.00018128	0.00023214
248	0.45035	0.54924	0.00018338	0.00023254
249	0.45409	0.54549	0.00018599	0.00023244
250	0.45927	0.54031	0.00018918	0.00023173
251	0.46566	0.53391	0.00019292	0.00023047
252	0.4733	0.52628	0.00019726	0.00022863
253	0.48278	0.51679	0.00020236	0.00022598
254	0.49367	0.5059	0.00020815	0.00022267
255	0.50604	0.49353	0.00021466	0.00021864
256	0.51995	0.47961	0.00022193	0.00021386
257	0.53554	0.46402	0.00023004	0.00020826
258	0.55291	0.44664	0.00023905	0.00020177
259	0.57216	0.4274	0.00024902	0.00019433
260	0.59341	0.40614	0.00026003	0.00018587
261	0.61771	0.38185	0.00027245	0.00017596
262	0.64442	0.35513	0.00028613	0.00016479
263	0.67374	0.3258	0.0003012	0.00015225
264	0.70696	0.29258	0.00031813	0.00013782
265	0.71433	0.28521	0.00032331	0.00013516
266	0.7236	0.27594	0.00032935	0.00013159
267	0.73436	0.26518	0.00033617	0.00012725
268	0.7467	0.25283	0.00034382	0.0001221
269	0.7607	0.23883	0.00035236	0.00011609
270	0.77644	0.22309	0.00036184	0.00010914
271	0.79406	0.20547	0.00037236	0.00010119
272	0.79498	0.20455	0.0003749	0.00010123
273	0.79747	0.20205	0.00037814	0.00010051
274	0.80118	0.19834	0.00038203	9.9182e-05
275	0.80635	0.19316	0.0003866	9.7125e-05
276	0.81305	0.18647	0.00039189	9.431e-05
277	0.80648	0.19303	0.00039066	9.8029e-05
278	0.80142	0.19809	0.0003901	0.00010104
279	0.79761	0.2019	0.00039016	0.00010345
280	0.7954	0.20411	0.00039095	0.00010508
281	0.7944	0.2051	0.00039238	0.0001061
282	0.7946	0.20489	0.00039444	0.00010651
283	0.79601	0.20348	0.00039716	0.00010628
284	0.79901	0.20048	0.00040063	0.00010525
285	0.80323	0.19626	0.00040478	0.00010356
286	0.80872	0.19077	0.00040964	0.00010118
287	0.81575	0.18374	0.00041527	9.7992e-05
288	0.82437	0.17512	0.00042172	9.3951e-05
289	0.82012	0.17936	0.00042147	9.6626e-05
290	0.81707	0.1824	0.00042187	9.8671e-05
291	0.81523	0.18424	0.00042292	0.00010008
292	0.81457	0.18491	0.00042463	0.00010086
293	0.81527	0.1842	0.00042701	0.00010093
294	0.81717	0.1823	0.00043007	0.00010033
295	0.82026	0.1792	0.00043382	9.9069e-05
296	0.82459	0.17488	0.0004383	9.7108e-05
297	0.83015	0.16931	0.00044351	9.4431e-05
298	0.8374	0.16205	0.00044961	9.0817e-05
299	0.846	0.15345	0.00045653	8.6406e-05
300	0.85603	0.14343	0.00046433	8.1139e-05
301	0.85386	0.14559	0.00046541	8.2618e-05
302	0.85301	0.14644	0.00046715	8.339e-05
303	0.8533	0.14615	0.00046957	8.3515e-05
304	0.85505	0.1444	0.00047274	8.2835e-05
305	0.85795	0.14149	0.00047662	8.1478e-05
306	0.86236	0.13708	0.0004813	7.9265e-05
307	0.86797	0.13146	0.00048673	7.6328e-05
308	0.87482	0.12461	0.00049295	7.2633e-05
309	0.88318	0.11625	0.00050001	6.805e-05
310	0.8929	0.10653	0.00050794	6.2618e-05
311	0.90406	0.095371	0.00051681	5.6273e-05
312	0.9172	0.082223	0.00052683	4.8729e-05
313	0.93199	0.06743	0.00053794	4.0121e-05
314	0.94883	0.050593	0.00055027	3.0255e-05
315	0.96755	0.031865	0.00056387	1.9145e-05
316	0.96635	0.033063	0.00056564	1.9886e-05
317	0.96607	0.033342	0.0005679	2.0097e-05
318	0.96661	0.0328	0.00057068	1.9812e-05
319	0.96814	0.031263	0.000574	1.8938e-05
320	0.97053	0.028879	0.00057788	1.7538e-05
321	0.97395	0.025455	0.00058234	1.5509e-05
322	0.97224	0.027159	0.00058373	1.6568e-05
323	0.97142	0.027976	0.0005856	1.7105e-05
324	0.9714	0.027999	0.00058799	1.7156e-05
325	0.97225	0.027143	0.00059086	1.6677e-05
326	0.97399	0.025398	0.00059423	1.5656e-05
327	0.97671	0.022673	0.00059815	1.4034e-05
328	0.9747	0.024681	0.0005992	1.5315e-05
329	0.9735	0.025888	0.00060077	1.6102e-05
330	0.97307	0.026309	0.00060286	1.6397e-05
331	0.97351	0.025865	0.00060543	1.6162e-05
332	0.97482	0.024551	0.0006085	1.5388e-05
333	0.97709	0.022283	0.00061212	1.4017e-05
334	0.98018	0.019193	0.0006163	1.2107e-05
335	0.9842	0.015167	0.00062104	9.6002e-06
336	0.98929	0.010081	0.00062641	6.4138e-06
337	0.99024	0.009129	0.0006292	5.8281e-06
338	0.98834	0.011019	0.00063013	7.0602e-06
339	0.98725	0.012106	0.00063151	7.7922e-06
340	0.98685	0.012509	0.00063337	8.082e-06
341	0.98244	0.016913	0.00063257	1.0973e-05
342	0.97889	0.020466	0.00063234	1.3321e-05
343	0.97625	0.023103	0.00063265	1.5095e-05
344	0.97442	0.02493	0.0006335	1.6342e-05
345	0.97347	0.025882	0.00063488	1.7032e-05
346	0.97338	0.025968	0.00063676	1.7166e-05
347	0.97407	0.025274	0.00063919	1.6776e-05
348	0.97555	0.023793	0.00064219	1.5855e-05
349	0.97214	0.027197	0.00064198	1.8164e-05
350	0.96976	0.029573	0.00064238	1.9814e-05
351	0.96822	0.03112	0.00064336	2.091e-05
352	0.96765	0.031682	0.00064494	2.1364e-05
353	0.9679	0.031432	0.0006471	2.1264e-05
354	0.96913	0.030202	0.00064986	2.0513e-05
355	0.97118	0.028147	0.00065322	1.919e-05
356	0.97408	0.025245	0.00065721	1.7274e-05
357	0.97785	0.021476	0.00066184	1.4744e-05
358	0.97692	0.022402	0.00066321	1.542e-05
359	0.97675	0.022568	0.00066514	1.5571e-05
360	0.97734	0.021974	0.00066763	1.5194e-05
361	0.97884	0.020474	0.00067069	1.4199e-05
362	0.98112	0.018191	0.00067433	1.2647e-05
363	0.9842	0.015109	0.00067858	1.0522e-05
364	0.98826	0.011047	0.00068346	7.7136e-06
365	0.98851	0.010802	0.00068573	7.5491e-06
366	0.98947	0.0098311	0.00068846	6.8833e-06
367	0.99122	0.0080799	0.00069167	5.6739e-06
368	0.99366	0.0056359	0.00069542	3.9641e-06
369	0.99693	0.0023644	0.0006997	1.6696e-06
370	0.99795	0.0013499	0.00070244	9.5368e-07
371	0.99633	0.0029695	0.00070327	2.0993e-06
372	0.99534	0.0039573	0.00070449	2.8073e-06
373	0.99494	0.0043546	0.00070616	3.0954e-06
374	0.99516	0.0041329	0.00070822	2.9476e-06
375	0.99596	0.0033222	0.00071074	2.374e-06
376	0.99737	0.0019166	0.00071372	1.3665e-06
377	0.99752	0.0017663	0.00071584	1.2527e-06
378	0.9982	0.0010786	0.00071838	7.4854e-07
379	0.99649	0.0027927	0.00071919	1.9277e-06
380	0.99129	0.0079921	0.00071684	5.6558e-06
381	0.98694	0.012337	0.00071513	8.7698e-06
382	0.9835	0.015772	0.00071402	1.1247e-05
383	0.98094	0.018331	0.00071347	1.3107e-05
384	0.97916	0.02011	0.00071353	1.4398e-05
385	0.97822	0.021053	0.00071413	1.5092e-05
386	0.97802	0.021245	0.00071532	1.5232e-05
387	0.97858	0.020685	0.0007171	1.4813e-05
388	0.9799	0.019371	0.00071947	1.3831e-05
389	0.97679	0.022478	0.0007187	1.6023e-05
390	0.9745	0.02476	0.00071856	1.761e-05
391	0.97311	0.026155	0.00071901	1.8565e-05
392	0.9725	0.02676	0.00072008	1.8933e-05
393	0.97276	0.026496	0.00072173	1.8672e-05
394	0.95247	0.04678	0.00071315	3.4158e-05
395	0.9345	0.064749	0.00070597	4.8202e-05
396	0.91837	0.080869	0.00070005	6.1035e-05
397	0.90447	0.09476	0.00069554	7.2402e-05
398	0.89215	0.10707	0.00069215	8.2696e-05
399	0.88134	0.11788	0.00068987	9.194e-05
400	0.87195	0.12726	0.00068864	0.00010019
401	0.8639	0.1353	0.00068843	0.00010746
402	0.85753	0.14166	0.00068938	0.00011352
403	0.85276	0.14643	0.00069146	0.0001184
404	0.84919	0.14999	0.00069453	0.00012234
405	0.84697	0.1522	0.0006986	0.00012524
406	0.84623	0.15294	0.00070378	0.00012696
407	0.84662	0.15254	0.00070999	0.00012771
408	0.84816	0.151	0.00071725	0.00012746
409	0.85119	0.14796	0.00072572	0.00012594
410	0.8554	0.14374	0.00073534	0.00012333
411	0.84764	0.1515	0.00073456	0.00013107
412	0.84139	0.15774	0.00073493	0.0001376
413	0.83676	0.16236	0.00073655	0.00014282
414	0.8337	0.16541	0.00073942	0.00014674
415	0.83182	0.16729	0.00074339	0.00014961
416	0.83111	0.16799	0.00074847	0.00015143
417	0.83174	0.16735	0.00075469	0.00015206
418	0.83373	0.16536	0.00076209	0.00015146
419	0.83708	0.162	0.0007707	0.00014959
420	0.84164	0.15744	0.00078055	0.00014654
421	0.8337	0.16536	0.00077886	0.00015509
422	0.8271	0.17195	0.00077841	0.00016246
423	0.82179	0.17726	0.00077918	0.00016866
424	0.81793	0.18112	0.00078118	0.00017357
425	0.81547	0.18357	0.00078441	0.00017721
426	0.81455	0.18448	0.00078902	0.00017941
427	0.79741	0.20161	0.00077762	0.00019757
428	0.78243	0.21658	0.00076804	0.00021387
429	0.76916	0.22986	0.00076005	0.00022862
430	0.75802	0.24098	0.00075393	0.00024145
431	0.74841	0.25059	0.0007493	0.00025285
432	0.74023	0.25877	0.00074608	0.00026289
433	0.73344	0.26555	0.00074426	0.00027158
434	0.72823	0.27075	0.00074389	0.00027878
435	0.72454	0.27443	0.00074494	0.0002845
436	0.7221	0.27686	0.00074733	0.00028894
437	0.72114	0.27782	0.00075115	0.0002919
438	0.72181	0.27714	0.0007566	0.00029318
439	0.72372	0.27523	0.00076345	0.00029311
440	0.7271	0.27183	0.00077183	0.00029147
441	0.732	0.26693	0.00078179	0.00028819
442	0.72186	0.27707	0.00077543	0.00030118
443	0.71317	0.28575	0.00077063	0.00031266
444	0.7059	0.29301	0.00076736	0.00032266
445	0.70044	0.29846	0.0007659	0.00033081
446	0.69627	0.30262	0.00076589	0.00033755
447	0.69381	0.30508	0.00076764	0.00034249
448	0.6926	0.30628	0.00077085	0.00034602
449	0.69287	0.30601	0.00077563	0.00034793
450	0.69438	0.30449	0.00078191	0.00034839
451	0.69716	0.3017	0.00078975	0.00034735
452	0.70122	0.29764	0.00079919	0.00034477
453	0.70657	0.29228	0.00081028	0.00034059
454	0.71326	0.28558	0.00082311	0.00033473
455	0.72136	0.27748	0.00083777	0.00032709
456	0.7314	0.26743	0.00085475	0.00031708
457	0.74352	0.2553	0.00087423	0.00030452
458	0.75731	0.24151	0.00089597	0.00028975
459	0.77282	0.22598	0.00092012	0.00027263
460	0.79056	0.20824	0.00094707	0.00025267
461	0.81068	0.18811	0.00097705	0.00022961
462	0.83376	0.16503	0.0010108	0.00020275
463	0.83814	0.16064	0.001022	0.00019848
464	0.84395	0.15482	0.0010349	0.00019241
465	0.85104	0.14772	0.0010497	0.00018464
466	0.85988	0.13888	0.0010666	0.00017462
467	0.87012	0.12863	0.0010855	0.00016268
468	0.88233	0.11642	0.0011069	0.00014816
469	0.89665	0.10209	0.001131	0.00013085
470	0.89814	0.10059	0.0011391	0.00012967
471	0.90086	0.097866	0.0011487	0.00012693
472	0.90482	0.093897	0.0011598	0.00012257
473	0.90991	0.088802	0.0011726	0.00011666
474	0.91614	0.082559	0.001187	0.00010915
475	0.92377	0.074932	0.0012032	9.978e-05
476	0.92214	0.07655	0.0012072	0.00010255
477	0.9215	0.07718	0.0012127	0.000104
478	0.92199	0.076688	0.0012195	0.000104
479	0.92347	0.075199	0.0012277	0.00010262
480	0.92596	0.072701	0.0012375	9.9826e-05
481	0.92947	0.069189	0.0012487	9.5597e-05
482	0.93401	0.064637	0.0012615	8.987e-05
483	0.93963	0.059015	0.0012759	8.2574e-05
484	0.93724	0.061394	0.0012795	8.6266e-05
485	0.93604	0.062589	0.0012845	8.838e-05
486	0.93579	0.062832	0.001291	8.9159e-05
487	0.9366	0.062008	0.0012988	8.8473e-05
488	0.9386	0.060006	0.0013082	8.6148e-05
489	0.94156	0.05704	0.0013192	8.2402e-05
490	0.93701	0.061578	0.0013195	8.9322e-05
491	0.9335	0.065087	0.0013213	9.4804e-05
492	0.93097	0.067602	0.0013247	9.8879e-05
493	0.91691	0.081658	0.0013114	0.00011963
494	0.90489	0.093669	0.0013007	0.00013768
495	0.89476	0.10379	0.0012925	0.00015322
496	0.88601	0.11253	0.0012863	0.00016684
497	0.87894	0.1196	0.0012824	0.00017816
498	0.87312	0.12542	0.0012803	0.0001877
499	0.86867	0.12985	0.00128	0.00019531
500	0.86557	0.13295	0.0012816	0.00020102
501	0.86359	0.13492	0.001285	0.00020505
502	0.8629	0.13561	0.0012902	0.00020719
503	0.86333	0.13517	0.0012971	0.00020761
504	0.86505	0.13344	0.001306	0.0002061
505	0.85438	0.14411	0.0012959	0.00022357
506	0.84513	0.15334	0.0012881	0.00023893
507	0.83728	0.16119	0.0012823	0.00025224
508	0.83073	0.16773	0.0012786	0.00026358
509	0.82567	0.17278	0.001277	0.00027275
510	0.82184	0.1766	0.0012774	0.00028002
511	0.81922	0.17921	0.0012798	0.00028539
512	0.81778	0.18065	0.0012841	0.00028889
513	0.81787	0.18055	0.0012906	0.00029004
514	0.81913	0.17928	0.0012992	0.00028925
515	0.82159	0.17682	0.0013099	0.00028648
516	0.82561	0.17279	0.001323	0.00028119
517	0.81621	0.18218	0.0013146	0.00029751
518	0.80845	0.18993	0.0013086	0.00031138
519	0.80244	0.19593	0.0013051	0.00032258
520	0.79771	0.20065	0.0013039	0.00033171
521	0.79444	0.20392	0.0013048	0.00033856
522	0.79239	0.20596	0.0013078	0.00034338
523	0.79155	0.20679	0.001313	0.00034617
524	0.79192	0.20642	0.0013203	0.0003469
525	0.79385	0.20447	0.0013301	0.00034502
526	0.79739	0.20093	0.0013426	0.00034047
527	0.78713	0.21118	0.0013296	0.00036021
528	0.77832	0.21998	0.001319	0.00037751
529	0.74336	0.25494	0.0012622	0.00044105
530	0.71145	0.28684	0.0012106	0.0004995
531	0.68287	0.31541	0.0011642	0.00055263
532	0.65684	0.34144	0.0011221	0.00060148
533	0.63365	0.36462	0.0010846	0.00064576
534	0.61265	0.38561	0.0010509	0.00068631
535	0.59442	0.40384	0.0010216	0.00072233
536	0.57806	0.42019	0.00099566	0.00075514
537	0.56345	0.4348	0.00097276	0.00078493
538	0.55049	0.44775	0.00095277	0.00081188
539	0.53908	0.45915	0.00093553	0.00083613
540	0.52913	0.46909	0.00092088	0.00085787
541	0.52056	0.47766	0.0009087	0.00087719
542	0.51382	0.48438	0.00089958	0.0008934
543	0.50862	0.48958	0.00089302	0.000907
544	0.47939	0.51881	0.00084231	0.00096482
545	0.4526	0.54559	0.0007959	0.0010184
546	0.42807	0.5701	0.00075347	0.0010681
547	0.40564	0.59253	0.00071471	0.0011141
548	0.38592	0.61224	0.00068049	0.0011556
549	0.36867	0.62949	0.00065039	0.0011928
550	0.353	0.64515	0.00062314	0.0012273
551	0.3388	0.65934	0.00059854	0.0012592
552	0.32657	0.67157	0.00057726	0.0012878
553	0.31561	0.68251	0.00055831	0.001314
554	0.30584	0.69228	0.00054152	0.0013382
555	0.29718	0.70094	0.00052677	0.0013604
556	0.28956	0.70854	0.00051395	0.0013807
557	0.28295	0.71515	0.00050297	0.0013992
558	0.27729	0.7208	0.00049376	0.001416
559	0.27256	0.72552	0.0004863	0.0014311
560	0.26914	0.72894	0.0004811	0.0014439
561	0.2668	0.73127	0.00047778	0.0014548
562	0.26551	0.73255	0.0004763	0.0014638
563	0.26506	0.73299	0.00047644	0.0014712
564	0.26583	0.73221	0.00047875	0.0014764
565	0.26742	0.73062	0.00048268	0.0014801
566	0.27007	0.72796	0.00048851	0.0014818
567	0.27357	0.72445	0.00049604	0.0014819
568	0.27819	0.71983	0.00050561	0.0014799
569	0.28417	0.71384	0.00051769	0.0014753
570	0.2916	0.7064	0.00053242	0.0014681
571	0.30057	0.69742	0.00054999	0.0014579
572	0.31068	0.6873	0.0005699	0.0014455
573	0.3223	0.67568	0.00059261	0.0014303
574	0.33519	0.66278	0.00061796	0.0014124
575	0.34981	0.64815	0.00064658	0.0013913
576	0.36595	0.632	0.00067835	0.001367
577	0.38443	0.61352	0.00071455	0.0013383
578	0.40468	0.59326	0.00075447	0.0013059
579	0.42686	0.57108	0.00079843	0.0012696
580	0.45201	0.54592	0.00084813	0.0012274
581	0.47946	0.51845	0.00090271	0.0011805
582	0.50946	0.48845	0.0009627	0.0011282
583	0.51513	0.48277	0.00097496	0.0011236
584	0.52258	0.47531	0.00099067	0.0011154
585	0.53139	0.4665	0.0010093	0.0011045
586	0.52294	0.47494	0.00099084	0.0011305
587	0.51583	0.48204	0.00097533	0.0011537
588	0.5105	0.48737	0.00096338	0.0011733
589	0.50637	0.49148	0.00095406	0.0011903
590	0.50346	0.49439	0.00094735	0.0012047
591	0.50174	0.4961	0.0009432	0.0012167
592	0.50119	0.49665	0.00094157	0.0012262
593	0.50205	0.49578	0.00094273	0.0012329
594	0.50454	0.49328	0.0009471	0.0012363
595	0.50823	0.48958	0.00095405	0.0012372
596	0.51314	0.48466	0.00096362	0.0012356
597	0.5193	0.4785	0.00097584	0.0012314
598	0.52703	0.47076	0.00099114	0.001224
599	0.5364	0.46137	0.0010097	0.0012134
600	0.54779	0.44998	0.0010321	0.0011988
601	0.56132	0.43644	0.0010587	0.00118
602	0.57718	0.42057	0.0010899	0.0011566
603	0.59487	0.40287	0.0011249	0.0011294
604	0.59407	0.40367	0.0011203	0.0011419
605	0.59493	0.4028	0.0011192	0.0011508
606	0.59701	0.40071	0.0011208	0.0011571
607	0.60059	0.39713	0.0011255	0.0011603
608	0.60544	0.39226	0.001133	0.0011607
609	0.6116	0.3861	0.0011434	0.0011584
610	0.61908	0.37861	0.0011566	0.0011532
611	0.6285	0.36918	0.0011738	0.0011441
612	0.62146	0.37623	0.0011615	0.0011478
613	0.61602	0.38167	0.0011525	0.0011483
614	0.61189	0.38582	0.0011464	0.001146
615	0.60902	0.3887	0.0011431	0.0011409
616	0.6074	0.39032	0.0011426	0.0011331
617	0.607	0.39073	0.0011448	0.0011226
618	0.60828	0.38946	0.0011506	0.0011085
619	0.61078	0.38697	0.0011593	0.0010916
620	0.61479	0.38297	0.0011712	0.0010715
621	0.62034	0.37742	0.0011864	0.0010479
622	0.60903	0.38874	0.001163	0.0010629
623	0.59921	0.39857	0.0011429	0.0010748
624	0.5911	0.40669	0.0011261	0.0010832
625	0.58462	0.41317	0.0011126	0.0010883
626	0.57946	0.41835	0.001102	0.0010906
627	0.57558	0.42224	0.0010942	0.0010901
628	0.57339	0.42443	0.0010898	0.0010863
629	0.57241	0.42542	0.001088	0.0010798
630	0.57289	0.42495	0.0010891	0.0010704
631	0.57483	0.42301	0.0010932	0.0010579
632	0.57802	0.41984	0.0011001	0.0010429
633	0.58244	0.41542	0.0011096	0.0010251
634	0.58814	0.40973	0.0011219	0.0010047
635	0.59543	0.40245	0.0011375	0.00098096
636	0.60439	0.3935	0.0011564	0.00095381
637	0.61537	0.38253	0.0011795	0.00092248
638	0.62791	0.36999	0.001206	0.0008878
639	0.64209	0.35582	0.0012361	0.00084963
640	0.65869	0.33924	0.001271	0.00080646
641	0.65733	0.3406	0.0012659	0.0008035
642	0.65721	0.34073	0.0012634	0.00079794
643	0.65834	0.33961	0.0012637	0.00078977
644	0.66072	0.33724	0.0012666	0.00077897
645	0.66481	0.33315	0.0012729	0.00076473
646	0.65265	0.34533	0.0012455	0.00078415
647	0.64205	0.35593	0.0012215	0.00080027
648	0.63344	0.36454	0.0012013	0.00081244
649	0.62625	0.37175	0.0011842	0.00082168
650	0.62066	0.37735	0.0011701	0.00082777
651	0.61637	0.38164	0.0011588	0.00083118
652	0.61334	0.38468	0.0011502	0.00083204
653	0.6118	0.38623	0.0011444	0.00083002
654	0.6115	0.38654	0.0011411	0.00082551
655	0.61241	0.38563	0.0011403	0.00081857
656	0.61481	0.38324	0.0011423	0.00080883
657	0.61847	0.37959	0.0011468	0.00079659
658	0.62388	0.37418	0.0011546	0.00078106
659	0.63061	0.36746	0.001165	0.00076296
660	0.63873	0.35935	0.0011782	0.00074217
661	0.64827	0.34982	0.0011942	0.00071863
662	0.65961	0.33848	0.0012135	0.00069177
663	0.67287	0.32523	0.0012362	0.00066141
664	0.68785	0.31026	0.0012623	0.00062778
665	0.70532	0.2928	0.0012928	0.00058961
666	0.72515	0.27297	0.0013276	0.00054718
667	0.74715	0.25099	0.0013664	0.00050072
668	0.74983	0.24831	0.001367	0.00049253
669	0.75376	0.24438	0.0013699	0.00048198
670	0.75921	0.23895	0.0013756	0.0004687
671	0.76622	0.23194	0.0013839	0.00045262
672	0.77509	0.22308	0.0013955	0.00043326
673	0.78541	0.21277	0.0014099	0.00041123
674	0.7978	0.20039	0.0014278	0.00038559
675	0.81183	0.18636	0.0014487	0.000357
676	0.82822	0.16998	0.0014736	0.00032433
677	0.84653	0.15168	0.001502	0.00028826
678	0.86689	0.13133	0.0015341	0.00024856
679	0.89019	0.10803	0.0015712	0.00020386
680	0.91591	0.082319	0.0016126	0.00015493
681	0.92319	0.075053	0.0016192	0.00014067
682	0.9317	0.066552	0.0016281	0.00012425
683	0.9415	0.056759	0.0016393	0.00010557
684	0.95266	0.045606	0.0016529	8.4524e-05
685	0.96526	0.033014	0.0016691	6.0992e-05
686	0.96834	0.02994	0.0016679	5.4958e-05
687	0.97251	0.025777	0.0016685	4.7083e-05
688	0.97761	0.020678	0.0016708	3.7594e-05
689	0.97765	0.020652	0.001664	3.7197e-05
690	0.97843	0.019878	0.0016587	3.5496e-05
691	0.97996	0.018351	0.0016547	3.2497e-05
692	0.9824	0.015919	0.0016522	2.7991e-05
693	0.98563	0.012695	0.001651	2.2149e-05
694	0.98976	0.0085746	0.0016513	1.4849e-05
695	0.99033	0.0080067	0.0016453	1.3741e-05
696	0.99164	0.0067032	0.0016405	1.1427e-05
697	0.99361	0.0047425	0.0016368	8.0259e-06
698	0.99631	0.0020549	0.0016342	3.4633e-06
699	0.99708	0.0012936	0.0016284	2.1609e-06
700	0.997	0.0013734	0.0016212	2.2716e-06
701	0.996	0.0023853	0.0016124	3.9117e-06
702	0.9956	0.002787	0.0016045	4.5592e-06
703	0.99577	0.0026308	0.0015976	4.2962e-06
704	0.99649	0.0019156	0.0015916	3.1328e-06
705	0.99361	0.0048033	0.00158	7.7849e-06
706	0.99141	0.0070046	0.0015695	1.1288e-05
707	0.9899	0.0085308	0.0015603	1.3676e-05
708	0.98904	0.0093927	0.0015522	1.4983e-05
709	0.98431	0.014126	0.0015379	2.2413e-05
710	0.98054	0.017911	0.0015251	2.8313e-05
711	0.97758	0.020872	0.0015137	3.2852e-05
712	0.97552	0.022945	0.0015037	3.5992e-05
713	0.97423	0.024233	0.001495	3.787e-05
714	0.97381	0.024665	0.0014875	3.8431e-05
715	0.9743	0.024179	0.0014814	3.7604e-05
716	0.97558	0.022912	0.0014765	3.5574e-05
717	0.97763	0.02086	0.001473	3.2353e-05
718	0.97522	0.023277	0.0014626	3.5948e-05
719	0.9737	0.024813	0.0014536	3.8201e-05
720	0.9731	0.025416	0.0014459	3.9054e-05
721	0.97343	0.025096	0.0014395	3.8539e-05
722	0.97453	0.023997	0.0014343	3.6852e-05
723	0.97642	0.022111	0.0014304	3.3999e-05
724	0.97928	0.019267	0.0014278	2.9783e-05
725	0.98296	0.01559	0.0014265	2.4367e-05
726	0.98245	0.016102	0.0014189	2.5212e-05
727	0.97717	0.021397	0.0014042	3.3357e-05
728	0.97291	0.025662	0.0013909	3.9924e-05
729	0.96954	0.029035	0.0013791	4.5093e-05
730	0.96704	0.031539	0.0013688	4.8921e-05
731	0.96548	0.033105	0.0013597	5.1369e-05
732	0.96475	0.033842	0.001352	5.2578e-05
733	0.96485	0.033755	0.0013456	5.2573e-05
734	0.96594	0.032672	0.0013404	5.1171e-05
735	0.96786	0.030756	0.0013366	4.8583e-05
736	0.97081	0.027812	0.001334	4.4594e-05
737	0.97483	0.023801	0.0013329	3.918e-05
738	0.97996	0.018671	0.0013331	3.2298e-05
739	0.97427	0.024389	0.0013016	3.6685e-05
740	0.96966	0.029033	0.0012716	3.9523e-05
741	0.96615	0.032562	0.0012429	4.0841e-05
742	0.96372	0.035022	0.0012156	4.0759e-05
743	0.96215	0.036625	0.0011895	3.955e-05
744	0.96142	0.03738	0.0011648	3.7288e-05
745	0.95345	0.045349	0.0011539	4.7266e-05
746	0.94692	0.051879	0.0011446	5.5524e-05
747	0.94147	0.057328	0.0011368	6.243e-05
748	0.93733	0.061472	0.0011304	6.7788e-05
749	0.93419	0.064611	0.0011254	7.1905e-05
750	0.93228	0.066529	0.0011217	7.4584e-05
751	0.93133	0.067473	0.0011192	7.6074e-05
752	0.93148	0.06733	0.001118	7.6296e-05
753	0.93259	0.066221	0.001118	7.5349e-05
754	0.93466	0.064147	0.0011192	7.3241e-05
755	0.93772	0.061084	0.0011216	6.9947e-05
756	0.9418	0.05701	0.0011253	6.5443e-05
757	0.9469	0.051906	0.0011302	5.971e-05
758	0.95308	0.045726	0.0011365	5.2694e-05
759	0.96067	0.038138	0.0011443	4.4077e-05
760	0.96105	0.037762	0.0011437	4.3813e-05
761	0.95447	0.044347	0.0011349	5.1795e-05
762	0.94895	0.049866	0.0011275	5.8461e-05
763	0.94446	0.054357	0.0011214	6.3866e-05
764	0.9411	0.057717	0.0011165	6.794e-05
765	0.93872	0.0601	0.0011129	7.0821e-05
766	0.9373	0.061522	0.0011105	7.2533e-05
767	0.93694	0.061877	0.0011093	7.2999e-05
768	0.93752	0.061296	0.0011093	7.2331e-05
769	0.93928	0.059544	0.0011106	7.0305e-05
770	0.94199	0.056826	0.0011131	6.7113e-05
771	0.9371	0.061719	0.0011065	7.2942e-05
772	0.93339	0.065435	0.0011012	7.7393e-05
773	0.93068	0.068139	0.0010973	8.0611e-05
774	0.92896	0.069862	0.0010945	8.2637e-05
775	0.92845	0.070374	0.0010931	8.3258e-05
776	0.92891	0.069912	0.001093	8.2701e-05
777	0.93035	0.068473	0.001094	8.0966e-05
778	0.93277	0.066056	0.0010963	7.8054e-05
779	0.93644	0.06239	0.0011	7.37e-05
780	0.94114	0.057686	0.0011049	6.8099e-05
781	0.94706	0.051765	0.0011112	6.1098e-05
782	0.94539	0.053434	0.0011085	6.3049e-05
783	0.94486	0.053974	0.0011071	6.3694e-05
784	0.94523	0.053596	0.0011068	6.3236e-05
785	0.94674	0.052091	0.0011077	6.1479e-05
786	0.94917	0.049661	0.0011098	5.8616e-05
787	0.95254	0.046289	0.0011131	5.4628e-05
788	0.95701	0.041821	0.0011176	4.9381e-05
789	0.96249	0.036339	0.0011233	4.2927e-05
790	0.96917	0.029669	0.0011303	3.5114e-05
791	0.97694	0.021891	0.0011387	2.5984e-05
792	0.97825	0.020582	0.0011396	2.4436e-05
793	0.98034	0.018496	0.0011414	2.1964e-05
794	0.98322	0.015618	0.0011442	1.8551e-05
795	0.9869	0.011933	0.001148	1.418e-05
796	0.987	0.011838	0.0011475	1.4057e-05
797	0.98778	0.01106	0.0011479	1.3126e-05
798	0.98531	0.013531	0.0011445	1.5997e-05
799	0.98358	0.015259	0.001142	1.7986e-05
800	0.98265	0.016195	0.0011404	1.9063e-05
801	0.98254	0.016297	0.0011397	1.9179e-05
802	0.98316	0.015678	0.0011399	1.8444e-05
803	0.98457	0.014273	0.0011409	1.6806e-05
804	0.98671	0.012133	0.0011429	1.4301e-05
805	0.9896	0.0092417	0.0011458	1.091e-05
806	0.98941	0.009432	0.001145	1.1137e-05
807	0.98996	0.0088804	0.001145	1.0511e-05
808	0.98768	0.011167	0.0011416	1.3233e-05
809	0.98622	0.01263	0.0011391	1.5003e-05
810	0.98546	0.013391	0.0011375	1.5942e-05
811	0.98017	0.018681	0.0011306	2.2222e-05
812	0.97589	0.022956	0.0011248	2.7326e-05
813	0.97249	0.026359	0.0011201	3.1384e-05
814	0.96994	0.028912	0.0011165	3.4428e-05
815	0.96822	0.030626	0.0011139	3.6476e-05
816	0.96734	0.031514	0.0011123	3.7544e-05
817	0.96726	0.031589	0.0011118	3.7649e-05
818	0.96809	0.03076	0.0011122	3.6721e-05
819	0.96974	0.029112	0.0011136	3.4827e-05
820	0.96606	0.032791	0.0011087	3.9219e-05
821	0.96328	0.035573	0.0011049	4.2541e-05
822	0.96137	0.037485	0.0011022	4.483e-05
823	0.96031	0.038541	0.0011005	4.6104e-05
824	0.96021	0.038648	0.0010999	4.6293e-05
825	0.96095	0.037908	0.0011003	4.5481e-05
826	0.96264	0.036213	0.0011017	4.3581e-05
827	0.96531	0.033547	0.0011042	4.0576e-05
828	0.96886	0.029992	0.0011078	3.6527e-05
829	0.96686	0.031996	0.0011048	3.9053e-05
830	0.96569	0.033167	0.0011028	4.0588e-05
831	0.96534	0.033515	0.0011018	4.1145e-05
832	0.95788	0.04098	0.0010931	4.9864e-05
833	0.95179	0.047065	0.0010859	5.7007e-05
834	0.94676	0.052102	0.00108	6.2905e-05
835	0.92805	0.070812	0.001058	8.4915e-05
836	0.91124	0.087617	0.0010383	0.00010463
837	0.8965	0.10236	0.0010209	0.000122
838	0.88339	0.11547	0.0010054	0.0001374
839	0.8723	0.12656	0.00099228	0.0001505
840	0.86267	0.13619	0.0009809	0.00016186
841	0.82853	0.17033	0.00094095	0.00020182
842	0.79737	0.20149	0.00090462	0.00023821
843	0.76896	0.22989	0.00087164	0.0002713
844	0.74401	0.25484	0.00084251	0.00030047
845	0.7222	0.27666	0.00081689	0.00032609
846	0.70253	0.29633	0.00079388	0.00034913
847	0.68483	0.31403	0.00077327	0.00036982
848	0.66934	0.32951	0.00075512	0.000388
849	0.65558	0.34328	0.00073905	0.00040413
850	0.64344	0.35542	0.00072495	0.00041833
851	0.63284	0.36602	0.0007127	0.0004307
852	0.6237	0.37516	0.00070222	0.00044134
853	0.61648	0.38238	0.00069385	0.00044983
854	0.58235	0.41651	0.00065448	0.00048934
855	0.55112	0.44773	0.00061861	0.00052541
856	0.52254	0.47632	0.00058588	0.00055834
857	0.49733	0.50153	0.00055688	0.00058751
858	0.47432	0.52453	0.00053051	0.00061408
859	0.45415	0.5447	0.00050727	0.00063748
860	0.43583	0.56303	0.00048624	0.00065869
861	0.41923	0.57963	0.00046727	0.00067788
862	0.40488	0.59398	0.00045076	0.00069456
863	0.39203	0.60683	0.00043604	0.00070948
864	0.38087	0.61799	0.00042317	0.00072251
865	0.37099	0.62786	0.00041184	0.00073403
866	0.36235	0.6365	0.00040197	0.00074411
867	0.35489	0.64396	0.00039351	0.00075283
868	0.34854	0.65031	0.00038637	0.00076023
869	0.34352	0.65534	0.00038065	0.00076618
870	0.33996	0.65889	0.00037653	0.00077049
871	0.33783	0.66103	0.00037395	0.00077323
872	0.33667	0.66218	0.00037253	0.00077483
873	0.33646	0.66239	0.00037224	0.00077533
874	0.33719	0.66166	0.00037307	0.00077473
875	0.33912	0.65973	0.00037519	0.0007728
876	0.34204	0.65681	0.00037848	0.00076973
877	0.34596	0.65289	0.00038297	0.00076549
878	0.35092	0.64793	0.00038869	0.00076005
879	0.3572	0.64165	0.00039584	0.00075314
880	0.36485	0.634	0.00040449	0.00074469
881	0.3737	0.62515	0.00041454	0.00073487
882	0.38379	0.61506	0.00042608	0.00072358
883	0.39518	0.60367	0.00043917	0.00071077
884	0.40796	0.59089	0.00045394	0.00069632
885	0.42222	0.57663	0.00047047	0.00068012
886	0.43806	0.56078	0.00048892	0.00066204
887	0.45562	0.54323	0.00050943	0.00064192
888	0.475	0.52385	0.00053217	0.00061961
889	0.47453	0.52432	0.00053203	0.0006202
890	0.47521	0.52364	0.00053327	0.00061944
891	0.47703	0.52181	0.00053591	0.00061731
892	0.48027	0.51858	0.0005401	0.0006136
893	0.4847	0.51415	0.00054573	0.00060847
894	0.49033	0.50851	0.00055282	0.00060191
895	0.49772	0.50112	0.00056188	0.00059335
896	0.50642	0.49242	0.00057253	0.00058322
897	0.5168	0.48204	0.00058506	0.00057116
898	0.52897	0.46987	0.0005996	0.00055707
899	0.54273	0.45612	0.00061608	0.00054106
900	0.55813	0.44071	0.00063459	0.00052306
901	0.57529	0.42355	0.00065527	0.00050291
902	0.59475	0.40409	0.00067857	0.00048011
903	0.61708	0.38176	0.00070512	0.00045401
904	0.64165	0.35719	0.00073444	0.00042517
905	0.66868	0.33016	0.0007668	0.00039332
906	0.69889	0.29995	0.00080281	0.00035779
907	0.70534	0.2935	0.00081094	0.00035018
908	0.71343	0.2854	0.00082091	0.00034068
909	0.72298	0.27586	0.00083268	0.00032941
910	0.73402	0.26481	0.00084631	0.00031632
911	0.74667	0.25217	0.00086195	0.00030126
912	0.76101	0.23783	0.0008797	0.00028413
913	0.77776	0.22107	0.00090022	0.00026417
914	0.79644	0.2024	0.00092315	0.00024184
915	0.81758	0.18125	0.00094894	0.00021662
916	0.84141	0.15742	0.00097781	0.00018825
917	0.86766	0.13117	0.0010097	0.00015689
918	0.89749	0.10134	0.0010458	0.00012134
919	0.90581	0.093027	0.0010563	0.00011138
920	0.91546	0.083373	0.0010685	9.977e-05
921	0.92694	0.071894	0.0010828	8.6025e-05
922	0.9278	0.071026	0.0010845	8.4892e-05
923	0.92978	0.069046	0.0010874	8.2466e-05
924	0.93301	0.065821	0.0010918	7.8595e-05
925	0.93752	0.061309	0.0010975	7.3227e-05
926	0.9431	0.055724	0.0011047	6.6557e-05
927	0.95009	0.04874	0.0011134	5.8255e-05
928	0.95856	0.040266	0.0011238	4.822e-05
929	0.96829	0.030535	0.0011357	3.6652e-05
930	0.97935	0.019478	0.0011494	2.3459e-05
931	0.98239	0.016434	0.0011534	1.9842e-05
932	0.98626	0.012564	0.0011584	1.5225e-05
933	0.99098	0.007847	0.0011646	9.5813e-06
934	0.9886	0.01023	0.0011622	1.2435e-05
935	0.98692	0.0119	0.0011608	1.4434e-05
936	0.98606	0.012766	0.0011603	1.5495e-05
937	0.98046	0.01836	0.0011541	2.2213e-05
938	0.9758	0.02302	0.0011491	2.7804e-05
939	0.97222	0.026601	0.0011453	3.2137e-05
940	0.96967	0.029148	0.0011427	3.5265e-05
941	0.96796	0.030857	0.0011411	3.7376e-05
942	0.96708	0.031744	0.0011406	3.8496e-05
943	0.95899	0.039834	0.0011315	4.824e-05
944	0.95232	0.046495	0.001124	5.632e-05
945	0.947	0.051815	0.001118	6.2832e-05
946	0.94271	0.056111	0.0011133	6.8096e-05
947	0.93942	0.059403	0.0011098	7.2137e-05
948	0.9371	0.061713	0.0011076	7.4984e-05
949	0.93575	0.063068	0.0011067	7.667e-05
950	0.93546	0.063352	0.0011069	7.7098e-05
951	0.93612	0.062693	0.0011083	7.6376e-05
952	0.93773	0.061087	0.0011109	7.4497e-05
953	0.9403	0.058514	0.0011147	7.1432e-05
954	0.94386	0.054954	0.0011198	6.7153e-05
955	0.94843	0.050382	0.0011262	6.1625e-05
956	0.95405	0.044765	0.0011339	5.4802e-05
957	0.96089	0.037918	0.0011431	4.6513e-05
958	0.96904	0.029772	0.0011537	3.6675e-05
959	0.97005	0.028757	0.0011558	3.5455e-05
960	0.97188	0.02693	0.0011589	3.3237e-05
961	0.97453	0.024278	0.0011631	3.0004e-05
962	0.97812	0.020685	0.0011683	2.5645e-05
963	0.98269	0.016113	0.0011747	2.0117e-05
964	0.97728	0.021524	0.0011689	2.6775e-05
