#coord	neutral	conserved	gBGC.neutral	gBGC.conserved
1	0.90315	0.095834	0.00092175	9.8425e-05
2	0.91086	0.08812	0.00092675	9.0247e-05
3	0.91986	0.079125	0.00093308	8.078e-05
4	0.93043	0.068559	0.00094089	6.9805e-05
5	0.94268	0.056314	0.00095028	5.7233e-05
6	0.95694	0.042052	0.00096156	4.2752e-05
7	0.9729	0.026104	0.00097452	2.6624e-05
8	0.97769	0.02131	0.00097627	2.1741e-05
9	0.98344	0.015569	0.00097899	1.5923e-05
10	0.98424	0.014764	0.00097669	1.5099e-05
11	0.9811	0.017912	0.00097045	1.8254e-05
12	0.97875	0.020265	0.00096507	2.0585e-05
13	0.97726	0.021762	0.00096052	2.2063e-05
14	0.97653	0.022488	0.00095679	2.2757e-05
15	0.97657	0.022454	0.00095386	2.2686e-05
16	0.97141	0.027618	0.00094571	2.781e-05
17	0.9537	0.04533	0.00092515	4.5378e-05
18	0.93778	0.06125	0.00090654	6.1023e-05
19	0.92357	0.075469	0.00088978	7.4856e-05
20	0.9114	0.08764	0.00087505	8.6644e-05
21	0.90069	0.098347	0.00086188	9.6897e-05
22	0.8916	0.10744	0.00085029	0.00010555
23	0.88384	0.1152	0.0008401	0.00011283
24	0.87734	0.12171	0.00083123	0.00011883
25	0.87205	0.12701	0.00082362	0.0001236
26	0.86795	0.13111	0.00081723	0.00012718
27	0.86532	0.13374	0.00081222	0.00012936
28	0.86413	0.13493	0.00080853	0.00013019
29	0.86406	0.13501	0.00080596	0.00012995
30	0.86526	0.13381	0.00080455	0.00012851
31	0.86758	0.13149	0.00080424	0.00012601
32	0.87104	0.12804	0.00080502	0.00012245
33	0.87565	0.12343	0.00080692	0.0001178
34	0.86906	0.13002	0.00079838	0.00012362
35	0.86389	0.13519	0.00079115	0.00012812
36	0.85991	0.13918	0.0007851	0.00013146
37	0.85727	0.14182	0.00078026	0.00013357
38	0.85577	0.14332	0.00077655	0.00013458
39	0.8554	0.14369	0.00077393	0.00013453
40	0.85615	0.14295	0.00077239	0.00013344
41	0.85803	0.14107	0.00077193	0.00013129
42	0.86105	0.13805	0.00077255	0.00012809
43	0.86523	0.13387	0.00077426	0.00012383
44	0.8706	0.12851	0.00077708	0.00011848
45	0.87719	0.12192	0.00078104	0.00011203
46	0.88505	0.11406	0.00078617	0.00010444
47	0.89447	0.10464	0.00079262	9.5504e-05
48	0.90573	0.09338	0.00080063	8.4987e-05
49	0.91851	0.080611	0.00081001	7.3137e-05
50	0.93289	0.066225	0.00082084	5.9858e-05
51	0.94954	0.049582	0.00083356	4.4669e-05
52	0.96803	0.031089	0.00084793	2.7861e-05
53	0.97351	0.025621	0.00085056	2.2822e-05
54	0.96645	0.032684	0.00084213	2.883e-05
55	0.9607	0.038432	0.00083483	3.3684e-05
56	0.9562	0.042938	0.00082859	3.7453e-05
57	0.95266	0.046474	0.00082326	4.0344e-05
58	0.95018	0.048954	0.00081883	4.2323e-05
59	0.94883	0.05031	0.00081533	4.3339e-05
60	0.94858	0.050561	0.00081275	4.3415e-05
61	0.94923	0.049914	0.00081099	4.2706e-05
62	0.95078	0.048365	0.00081004	4.1216e-05
63	0.95337	0.045785	0.00080992	3.8868e-05
64	0.95711	0.042048	0.00081074	3.5568e-05
65	0.96205	0.037106	0.00081251	3.1286e-05
66	0.96802	0.031142	0.00081518	2.6146e-05
67	0.97519	0.023972	0.00081879	2.0039e-05
68	0.97608	0.02308	0.00081715	1.921e-05
69	0.9779	0.021264	0.00081625	1.7624e-05
70	0.98067	0.018499	0.00081609	1.527e-05
71	0.98442	0.01475	0.00081671	1.2127e-05
72	0.9892	0.0099692	0.00081812	8.1634e-06
73	0.9899	0.0092774	0.00081613	7.5792e-06
74	0.99131	0.0078683	0.0008147	6.4159e-06
75	0.9934	0.0057803	0.00081385	4.6969e-06
76	0.99319	0.0059982	0.0008111	4.8665e-06
77	0.99362	0.0055664	0.00080885	4.5108e-06
78	0.99467	0.0045187	0.00080713	3.6523e-06
79	0.99387	0.0053191	0.00080389	4.295e-06
80	0.99368	0.0055154	0.00080118	4.4411e-06
81	0.99409	0.005109	0.00079898	4.0965e-06
82	0.99241	0.0067906	0.00079509	5.4298e-06
83	0.98649	0.012707	0.00078779	1.0145e-05
84	0.9815	0.017702	0.0007813	1.4081e-05
85	0.9775	0.021706	0.00077559	1.7216e-05
86	0.97445	0.024762	0.00077063	1.959e-05
87	0.97239	0.026826	0.00076643	2.1177e-05
88	0.97113	0.028084	0.00076291	2.2106e-05
89	0.97076	0.028456	0.00076007	2.2343e-05
90	0.97134	0.027878	0.00075794	2.1847e-05
91	0.97288	0.026341	0.00075652	2.0619e-05
92	0.97524	0.023986	0.00075577	1.8752e-05
93	0.97285	0.026376	0.00075129	2.0592e-05
94	0.9622	0.037033	0.00074042	2.8851e-05
95	0.95284	0.046393	0.00073067	3.6024e-05
96	0.94504	0.054197	0.00072212	4.1972e-05
97	0.93839	0.060845	0.00071454	4.6969e-05
98	0.93314	0.066098	0.00070803	5.0884e-05
99	0.92922	0.070023	0.00070252	5.3776e-05
100	0.92633	0.072917	0.00069786	5.5847e-05
101	0.92458	0.074671	0.00069404	5.7054e-05
102	0.92395	0.075304	0.00069105	5.7421e-05
103	0.92431	0.074946	0.00068885	5.7025e-05
104	0.9259	0.073359	0.00068752	5.5728e-05
105	0.92849	0.070765	0.00068699	5.3674e-05
106	0.9321	0.067159	0.00068723	5.0866e-05
107	0.93676	0.062503	0.00068828	4.7283e-05
108	0.94249	0.056777	0.00069013	4.2916e-05
109	0.94053	0.058742	0.00068623	4.4289e-05
110	0.93951	0.059758	0.00068307	4.4941e-05
111	0.93943	0.059842	0.00068065	4.489e-05
112	0.93046	0.068821	0.00067162	5.1425e-05
113	0.92275	0.076534	0.00066361	5.6967e-05
114	0.91623	0.083052	0.00065656	6.1578e-05
115	0.91086	0.08842	0.00065042	6.5305e-05
116	0.90678	0.092509	0.00064519	6.81e-05
117	0.90393	0.09536	0.00064084	6.9999e-05
118	0.90215	0.097145	0.00063731	7.1104e-05
119	0.90156	0.097734	0.00063461	7.1363e-05
120	0.90216	0.097134	0.00063273	7.0789e-05
121	0.9038	0.095495	0.00063162	6.9466e-05
122	0.9065	0.092805	0.00063128	6.7394e-05
123	0.91026	0.089045	0.00063172	6.4567e-05
124	0.90454	0.094765	0.0006254	6.8491e-05
125	0.89996	0.099346	0.00061995	7.1568e-05
126	0.89649	0.10282	0.00061533	7.3833e-05
127	0.8941	0.10521	0.00061153	7.531e-05
128	0.89294	0.10638	0.00060856	7.5941e-05
129	0.89312	0.1062	0.00060648	7.5656e-05
130	0.89465	0.10467	0.00060529	7.4464e-05
131	0.89726	0.10207	0.00060488	7.2523e-05
132	0.90095	0.098372	0.00060523	6.9837e-05
133	0.90576	0.093567	0.00060637	6.6396e-05
134	0.91204	0.087285	0.00060844	6.1997e-05
135	0.91955	0.079785	0.00061135	5.6788e-05
136	0.91755	0.081785	0.00060778	5.8082e-05
137	0.9167	0.082634	0.00060497	5.8601e-05
138	0.91687	0.082473	0.00060288	5.8423e-05
139	0.91804	0.0813	0.0006015	5.7553e-05
140	0.92024	0.079108	0.00060084	5.5995e-05
141	0.92347	0.07588	0.0006009	5.3742e-05
142	0.92775	0.071594	0.00060168	5.0788e-05
143	0.93313	0.066218	0.00060321	4.7118e-05
144	0.93962	0.059728	0.00060548	4.2719e-05
145	0.94746	0.051897	0.00060858	3.7485e-05
146	0.95687	0.042489	0.00061263	3.1273e-05
147	0.96759	0.031771	0.00061754	2.4228e-05
148	0.96977	0.029593	0.0006167	2.292e-05
149	0.9728	0.026565	0.00061643	2.1055e-05
150	0.97689	0.022473	0.00061682	1.8518e-05
151	0.97613	0.023236	0.00061374	1.9429e-05
152	0.97613	0.023235	0.00061121	1.9813e-05
153	0.97705	0.022326	0.00060927	1.9594e-05
154	0.97873	0.020639	0.00060786	1.8856e-05
155	0.98129	0.018084	0.000607	1.7561e-05
156	0.9796	0.019788	0.00059774	1.7734e-05
157	0.97866	0.020729	0.00058905	1.7395e-05
158	0.97856	0.020846	0.00058086	1.6533e-05
159	0.9792	0.02021	0.00057322	1.52e-05
160	0.98074	0.018683	0.00056607	1.3334e-05
161	0.97802	0.021405	0.00055612	1.4219e-05
162	0.97612	0.023323	0.00054675	1.4606e-05
163	0.97514	0.024311	0.00053788	1.4456e-05
164	0.97508	0.02438	0.00052948	1.3797e-05
165	0.97593	0.023533	0.00052152	1.265e-05
166	0.97772	0.021758	0.00051401	1.103e-05
167	0.9803	0.019183	0.00050696	9.0175e-06
168	0.98379	0.015704	0.00050029	6.5891e-06
169	0.98315	0.016348	0.00049157	6.294e-06
170	0.97779	0.02171	0.00048861	9.0988e-06
171	0.97347	0.026035	0.00048614	1.1392e-05
172	0.95811	0.041395	0.00047815	1.9228e-05
173	0.94484	0.054661	0.00047118	2.6022e-05
174	0.9335	0.066003	0.00046516	3.1857e-05
175	0.92356	0.075942	0.00045988	3.6961e-05
176	0.91514	0.08436	0.00045534	4.1308e-05
177	0.90799	0.091517	0.00045147	4.5001e-05
178	0.88139	0.11812	0.00043781	5.8509e-05
179	0.85727	0.14224	0.00042546	7.0717e-05
180	0.83542	0.16408	0.00041431	8.1737e-05
181	0.81641	0.1831	0.00040454	9.1358e-05
182	0.79998	0.19953	0.00039604	9.9701e-05
183	0.78535	0.21415	0.00038849	0.0001071
184	0.77272	0.22678	0.00038192	0.00011352
185	0.76168	0.23782	0.00037619	0.0001191
186	0.75216	0.24734	0.00037125	0.00012391
187	0.716	0.28351	0.00035288	0.00014213
188	0.68291	0.3166	0.00033613	0.00015875
189	0.65324	0.34626	0.00032105	0.00017368
190	0.62618	0.37332	0.00030735	0.00018725
191	0.60203	0.39748	0.00029506	0.00019939
192	0.58008	0.41942	0.00028394	0.00021038
193	0.56096	0.43854	0.00027419	0.00021998
194	0.54411	0.45539	0.00026554	0.00022847
195	0.52936	0.47015	0.00025792	0.00023592
196	0.51683	0.48267	0.00025138	0.00024228
197	0.50579	0.49371	0.00024562	0.00024786
198	0.49616	0.50334	0.0002406	0.00025272
199	0.48788	0.51163	0.00023628	0.00025689
200	0.48116	0.51835	0.00023271	0.00026029
201	0.47569	0.52381	0.0002298	0.00026305
202	0.47144	0.52807	0.00022751	0.0002652
203	0.46836	0.53114	0.00022583	0.00026675
204	0.46643	0.53308	0.00022474	0.00026772
205	0.46563	0.53388	0.00022424	0.00026812
206	0.46596	0.53355	0.00022431	0.00026795
207	0.46787	0.53163	0.00022513	0.00026703
208	0.47095	0.52856	0.00022654	0.00026552
209	0.4752	0.52431	0.00022855	0.00026341
210	0.48066	0.51884	0.00023119	0.0002607
211	0.48736	0.51215	0.00023445	0.00025738
212	0.49532	0.50419	0.00023837	0.00025341
213	0.50461	0.4949	0.00024297	0.00024877
214	0.5153	0.48421	0.00024828	0.00024342
215	0.52806	0.47144	0.00025458	0.00023708
216	0.54241	0.45709	0.0002617	0.00022993
217	0.53892	0.46059	0.00025997	0.00023162
218	0.5371	0.46241	0.00025903	0.00023249
219	0.53649	0.46302	0.00025871	0.00023277
220	0.53707	0.46244	0.00025901	0.00023243
221	0.53886	0.46065	0.00025992	0.00023149
222	0.54233	0.45718	0.00026163	0.00022974
223	0.54702	0.45249	0.00026397	0.00022738
224	0.55347	0.44604	0.00026714	0.00022417
225	0.56125	0.43826	0.00027099	0.00022029
226	0.55209	0.44742	0.00026646	0.00022478
227	0.5446	0.45491	0.00026271	0.00022847
228	0.53891	0.4606	0.00025982	0.00023129
229	0.53495	0.46456	0.00025775	0.00023328
230	0.53222	0.46729	0.00025631	0.00023464
231	0.53068	0.46883	0.00025548	0.00023541
232	0.53058	0.46893	0.00025533	0.00023549
233	0.53167	0.46783	0.0002558	0.00023496
234	0.53395	0.46556	0.00025687	0.00023384
235	0.51742	0.48209	0.00024872	0.00024196
236	0.50324	0.49627	0.00024168	0.00024894
237	0.49064	0.50887	0.00023545	0.00025513
238	0.48009	0.51942	0.0002302	0.00026033
239	0.47092	0.52859	0.00022565	0.00026484
240	0.46336	0.53615	0.00022186	0.00026858
241	0.45753	0.54198	0.00021889	0.00027148
242	0.4529	0.54661	0.00021653	0.00027378
243	0.44942	0.55009	0.00021477	0.00027551
244	0.44707	0.55244	0.00021357	0.00027667
245	0.44608	0.55343	0.00021302	0.00027718
246	0.44621	0.5533	0.00021303	0.00027713
247	0.4477	0.55181	0.00021368	0.00027643
248	0.45031	0.5492	0.00021491	0.00027517
249	0.45406	0.54545	0.00021671	0.00027335
250	0.45924	0.54027	0.00021918	0.00027084
251	0.46563	0.53388	0.00022226	0.00026773
252	0.47327	0.52624	0.00022598	0.000264
253	0.48275	0.51676	0.00023057	0.00025939
254	0.49364	0.50587	0.00023586	0.00025408
255	0.50601	0.4935	0.00024192	0.00024802
256	0.51993	0.47958	0.00024876	0.00024118
257	0.53552	0.46399	0.00025646	0.0002335
258	0.55289	0.44662	0.00026507	0.00022492
259	0.57213	0.42738	0.00027465	0.00021539
260	0.59339	0.40612	0.00028526	0.00020483
261	0.61768	0.38183	0.00029733	0.00019281
262	0.64439	0.35512	0.00031065	0.00017954
263	0.67372	0.32579	0.00032531	0.00016494
264	0.70694	0.29257	0.00034186	0.00014845
265	0.7143	0.28521	0.00034559	0.00014478
266	0.72358	0.27593	0.00035024	0.00014018
267	0.73434	0.26517	0.00035566	0.00013483
268	0.74668	0.25282	0.0003619	0.00012867
269	0.76068	0.23883	0.000369	0.00012166
270	0.77642	0.22309	0.000377	0.00011376
271	0.79405	0.20546	0.000386	0.00010488
272	0.79496	0.20454	0.00038665	0.00010436
273	0.79746	0.20205	0.00038805	0.00010308
274	0.80117	0.19834	0.00039008	0.00010118
275	0.80635	0.19316	0.00039281	9.8563e-05
276	0.81304	0.18647	0.00039627	9.5205e-05
277	0.80648	0.19303	0.00039315	9.845e-05
278	0.80142	0.19809	0.00039074	0.00010096
279	0.79761	0.2019	0.00038897	0.00010284
280	0.7954	0.20411	0.00038797	0.00010395
281	0.7944	0.2051	0.00038759	0.00010444
282	0.79461	0.2049	0.00038785	0.00010432
283	0.79602	0.20348	0.00038872	0.00010358
284	0.79902	0.20049	0.00039036	0.00010208
285	0.80324	0.19626	0.00039263	9.9944e-05
286	0.80874	0.19077	0.00039558	9.716e-05
287	0.81576	0.18374	0.00039925	9.3627e-05
288	0.82439	0.17512	0.0004037	8.9311e-05
289	0.82014	0.17937	0.00040167	9.1449e-05
290	0.8171	0.18241	0.00040028	9.2973e-05
291	0.81526	0.18425	0.00039951	9.3885e-05
292	0.81459	0.18491	0.00039935	9.4199e-05
293	0.8153	0.18421	0.00039985	9.3844e-05
294	0.8172	0.18231	0.00040097	9.2882e-05
295	0.8203	0.17921	0.00040272	9.1305e-05
296	0.82462	0.17488	0.00040511	8.9099e-05
297	0.83019	0.16932	0.00040816	8.6255e-05
298	0.83744	0.16206	0.00041202	8.2578e-05
299	0.84604	0.15346	0.00041659	7.8206e-05
300	0.85607	0.14343	0.00042191	7.3095e-05
301	0.85391	0.1456	0.00042107	7.4139e-05
302	0.85306	0.14645	0.00042085	7.454e-05
303	0.85335	0.14615	0.00042123	7.436e-05
304	0.8551	0.14441	0.00042231	7.3464e-05
305	0.858	0.1415	0.00042399	7.1976e-05
306	0.86242	0.13709	0.00042641	6.9745e-05
307	0.86803	0.13147	0.00042945	6.6895e-05
308	0.87488	0.12462	0.00043315	6.3404e-05
309	0.88325	0.11626	0.00043759	5.9166e-05
310	0.89296	0.10654	0.00044274	5.4223e-05
311	0.90412	0.095378	0.00044866	4.8529e-05
312	0.91727	0.082229	0.00045556	4.1844e-05
313	0.93207	0.067436	0.00046333	3.4298e-05
314	0.9489	0.050598	0.0004721	2.573e-05
315	0.96763	0.031868	0.00048189	1.6168e-05
316	0.96644	0.033065	0.00048153	1.6742e-05
317	0.96616	0.033345	0.0004816	1.6863e-05
318	0.9667	0.032804	0.0004821	1.6566e-05
319	0.96824	0.031266	0.00048308	1.5776e-05
320	0.97062	0.028882	0.00048451	1.4554e-05
321	0.97404	0.025458	0.00048644	1.2815e-05
322	0.97234	0.027162	0.00048582	1.3645e-05
323	0.97152	0.027979	0.00048561	1.4038e-05
324	0.9715	0.028002	0.00048583	1.4026e-05
325	0.97235	0.027146	0.00048647	1.3579e-05
326	0.9741	0.025401	0.00048753	1.2692e-05
327	0.97682	0.022676	0.00048906	1.1321e-05
328	0.97482	0.024684	0.0004882	1.2322e-05
329	0.97361	0.025891	0.00048776	1.2917e-05
330	0.97319	0.026313	0.00048774	1.3111e-05
331	0.97363	0.025868	0.00048813	1.2878e-05
332	0.97494	0.024554	0.00048894	1.2213e-05
333	0.97721	0.022286	0.0004902	1.1077e-05
334	0.9803	0.019195	0.00049189	9.5198e-06
335	0.98433	0.015169	0.00049404	7.4988e-06
336	0.98942	0.010082	0.00049669	4.9535e-06
337	0.99037	0.0091302	0.00049726	4.4738e-06
338	0.98848	0.01102	0.0004962	5.4428e-06
339	0.98739	0.012108	0.00049552	6.0132e-06
340	0.98699	0.012511	0.0004952	6.235e-06
341	0.98258	0.016915	0.0004929	8.4627e-06
342	0.97903	0.020469	0.00049104	1.0254e-05
343	0.97639	0.023106	0.00048963	1.159e-05
344	0.97457	0.024933	0.00048865	1.2512e-05
345	0.97361	0.025885	0.00048808	1.3e-05
346	0.97353	0.025972	0.00048793	1.3059e-05
347	0.97422	0.025278	0.0004882	1.2719e-05
348	0.9757	0.023797	0.00048888	1.1978e-05
349	0.9723	0.027201	0.00048708	1.3699e-05
350	0.96992	0.029578	0.00048577	1.4911e-05
351	0.96837	0.031125	0.0004849	1.5698e-05
352	0.96781	0.031687	0.0004845	1.5998e-05
353	0.96806	0.031437	0.00048454	1.5882e-05
354	0.96929	0.030207	0.00048504	1.5282e-05
355	0.97135	0.028152	0.00048598	1.426e-05
356	0.97425	0.025249	0.00048736	1.2806e-05
357	0.97802	0.02148	0.00048921	1.0908e-05
358	0.97709	0.022406	0.00048871	1.1371e-05
359	0.97693	0.022572	0.00048862	1.1446e-05
360	0.97752	0.021978	0.00048893	1.1133e-05
361	0.97902	0.020478	0.00048967	1.037e-05
362	0.98131	0.018194	0.00049083	9.2083e-06
363	0.98439	0.015111	0.00049242	7.6373e-06
364	0.98845	0.011049	0.00049447	5.5805e-06
365	0.9887	0.010804	0.00049462	5.4444e-06
366	0.98967	0.009833	0.00049511	4.9485e-06
367	0.99142	0.0080815	0.00049597	4.0654e-06
368	0.99386	0.005637	0.0004972	2.83e-06
369	0.99714	0.0023649	0.00049882	1.1846e-06
370	0.99815	0.0013502	0.00049929	6.7576e-07
371	0.99653	0.0029701	0.00049842	1.4878e-06
372	0.99554	0.0039581	0.00049785	1.9858e-06
373	0.99514	0.0043555	0.0004976	2.1852e-06
374	0.99537	0.0041338	0.00049763	2.0769e-06
375	0.99618	0.0033229	0.00049798	1.6711e-06
376	0.99758	0.0019171	0.00049865	9.6449e-07
377	0.99773	0.0017667	0.00049866	8.903e-07
378	0.99842	0.0010788	0.00049897	5.4533e-07
379	0.99671	0.0027933	0.00049808	1.4065e-06
380	0.99151	0.0079939	0.00049542	4.0262e-06
381	0.98716	0.01234	0.00049322	6.2091e-06
382	0.98372	0.015776	0.00049145	7.9412e-06
383	0.98117	0.018335	0.00049009	9.2391e-06
384	0.97939	0.020115	0.00048915	1.0139e-05
385	0.97844	0.021058	0.00048861	1.0626e-05
386	0.97825	0.02125	0.00048847	1.0729e-05
387	0.97881	0.02069	0.00048873	1.045e-05
388	0.98012	0.019376	0.00048939	9.7869e-06
389	0.97702	0.022484	0.0004878	1.1353e-05
390	0.97473	0.024766	0.00048664	1.2497e-05
391	0.97334	0.026161	0.00048591	1.3203e-05
392	0.97273	0.026766	0.0004856	1.3506e-05
393	0.973	0.026502	0.00048571	1.3379e-05
394	0.95271	0.046792	0.00047542	2.3625e-05
395	0.93474	0.064765	0.00046626	3.2725e-05
396	0.91861	0.080891	0.00045809	4.0864e-05
397	0.90472	0.094785	0.00045099	4.7901e-05
398	0.8924	0.1071	0.00044473	5.412e-05
399	0.88159	0.11791	0.00043927	5.9558e-05
400	0.8722	0.1273	0.00043455	6.4266e-05
401	0.86416	0.13534	0.00043053	6.828e-05
402	0.8578	0.14171	0.00042733	7.147e-05
403	0.85303	0.14647	0.0004249	7.3876e-05
404	0.84946	0.15004	0.00042309	7.5664e-05
405	0.84725	0.15225	0.00042194	7.6788e-05
406	0.84651	0.15299	0.0004215	7.7185e-05
407	0.84691	0.1526	0.00042165	7.7001e-05
408	0.84845	0.15105	0.00042241	7.6226e-05
409	0.85149	0.14802	0.00042389	7.472e-05
410	0.85571	0.14379	0.00042599	7.2604e-05
411	0.84795	0.15155	0.00042211	7.648e-05
412	0.84171	0.15779	0.00041896	7.9611e-05
413	0.83708	0.16242	0.00041659	8.1946e-05
414	0.83402	0.16548	0.00041498	8.3512e-05
415	0.83215	0.16736	0.00041399	8.447e-05
416	0.83144	0.16806	0.00041361	8.4827e-05
417	0.83208	0.16742	0.00041388	8.4522e-05
418	0.83407	0.16543	0.0004148	8.3553e-05
419	0.83744	0.16207	0.00041638	8.1912e-05
420	0.842	0.1575	0.00041859	7.9656e-05
421	0.83407	0.16543	0.00041456	8.3654e-05
422	0.82747	0.17203	0.00041123	8.6963e-05
423	0.82216	0.17734	0.00040858	8.961e-05
424	0.8183	0.1812	0.00040663	9.1547e-05
425	0.81585	0.18365	0.00040535	9.2794e-05
426	0.81494	0.18456	0.00040481	9.3282e-05
427	0.79779	0.20171	0.00039615	0.00010191
428	0.78281	0.21669	0.00038855	0.00010947
429	0.76953	0.22997	0.00038183	0.00011614
430	0.7584	0.2411	0.00037616	0.00012177
431	0.74879	0.25072	0.00037129	0.00012661
432	0.7406	0.2589	0.00036716	0.00013071
433	0.73382	0.26568	0.00036377	0.00013409
434	0.72861	0.27089	0.00036114	0.0001367
435	0.72493	0.27458	0.00035924	0.00013856
436	0.72249	0.27701	0.000358	0.00013978
437	0.72153	0.27797	0.00035747	0.00014028
438	0.72221	0.27729	0.00035772	0.00013998
439	0.72412	0.27538	0.00035862	0.00013904
440	0.72751	0.27199	0.00036023	0.00013738
441	0.73242	0.26708	0.00036256	0.00013498
442	0.72227	0.27723	0.00035739	0.00014011
443	0.71359	0.28592	0.00035298	0.00014448
444	0.70632	0.29319	0.00034932	0.00014812
445	0.70086	0.29864	0.00034653	0.00015087
446	0.6967	0.30281	0.00034442	0.00015296
447	0.69424	0.30527	0.00034312	0.00015421
448	0.69303	0.30647	0.00034249	0.00015482
449	0.6933	0.3062	0.00034256	0.00015471
450	0.69482	0.30468	0.00034328	0.00015396
451	0.69761	0.3019	0.00034467	0.00015256
452	0.70167	0.29783	0.00034672	0.0001505
453	0.70703	0.29247	0.00034946	0.00014779
454	0.71374	0.28577	0.0003529	0.00014437
455	0.72184	0.27766	0.00035707	0.00014024
456	0.73189	0.26761	0.00036219	0.00013514
457	0.74403	0.25547	0.00036832	0.00012903
458	0.75783	0.24167	0.00037532	0.00012205
459	0.77336	0.22614	0.00038323	0.00011418
460	0.79111	0.20839	0.00039222	0.00010522
461	0.81126	0.18824	0.00040237	9.5073e-05
462	0.83436	0.16514	0.00041396	8.348e-05
463	0.83874	0.16076	0.00041619	8.1258e-05
464	0.84457	0.15493	0.00041912	7.8327e-05
465	0.85167	0.14783	0.00042271	7.4742e-05
466	0.86052	0.13898	0.00042715	7.0297e-05
467	0.87078	0.12873	0.00043233	6.5129e-05
468	0.883	0.11651	0.00043845	5.8997e-05
469	0.89734	0.10216	0.0004456	5.1826e-05
470	0.89884	0.10066	0.00044634	5.1076e-05
471	0.90156	0.097942	0.00044766	4.9725e-05
472	0.90553	0.093971	0.00044959	4.776e-05
473	0.91063	0.088873	0.00045211	4.5219e-05
474	0.91688	0.082625	0.00045523	4.2089e-05
475	0.92451	0.074992	0.00045901	3.8278e-05
476	0.92289	0.076612	0.00045818	3.9108e-05
477	0.92226	0.077243	0.00045786	3.9432e-05
478	0.92275	0.076752	0.00045808	3.9202e-05
479	0.92424	0.075261	0.00045883	3.8461e-05
480	0.92674	0.072762	0.00046011	3.7203e-05
481	0.93026	0.069247	0.00046193	3.5424e-05
482	0.93481	0.064692	0.0004643	3.3111e-05
483	0.94044	0.059065	0.00046723	3.0246e-05
484	0.93806	0.061447	0.00046614	3.1418e-05
485	0.93686	0.062643	0.00046562	3.2007e-05
486	0.93662	0.062887	0.0004656	3.2108e-05
487	0.93744	0.062063	0.0004661	3.1682e-05
488	0.93944	0.060059	0.00046716	3.0674e-05
489	0.94241	0.057091	0.00046873	2.9172e-05
490	0.93787	0.061634	0.00046648	3.1469e-05
491	0.93436	0.065147	0.00046478	3.3239e-05
492	0.93184	0.067664	0.0004636	3.4499e-05
493	0.91777	0.081734	0.00045658	4.1587e-05
494	0.90574	0.093757	0.00045054	4.767e-05
495	0.89561	0.10389	0.00044543	5.2821e-05
496	0.88686	0.11264	0.00044104	5.7258e-05
497	0.87979	0.11971	0.00043746	6.0869e-05
498	0.87396	0.12554	0.00043454	6.3835e-05
499	0.86952	0.12998	0.00043229	6.612e-05
500	0.86642	0.13308	0.00043068	6.7744e-05
501	0.86444	0.13506	0.00042967	6.8789e-05
502	0.86376	0.13574	0.00042928	6.9196e-05
503	0.8642	0.1353	0.00042948	6.9027e-05
504	0.86592	0.13358	0.0004303	6.8223e-05
505	0.85525	0.14425	0.00042488	7.3677e-05
506	0.84601	0.1535	0.00042022	7.8389e-05
507	0.83815	0.16135	0.00041629	8.2386e-05
508	0.8316	0.1679	0.00041304	8.5707e-05
509	0.82654	0.17296	0.00041051	8.8299e-05
510	0.82271	0.17679	0.00040864	9.0252e-05
511	0.8201	0.1794	0.0004074	9.1582e-05
512	0.81866	0.18084	0.00040678	9.2307e-05
513	0.81875	0.18075	0.0004069	9.2279e-05
514	0.82003	0.17947	0.00040764	9.1643e-05
515	0.82249	0.17701	0.00040901	9.0393e-05
516	0.82652	0.17298	0.00041114	8.8368e-05
517	0.81712	0.18238	0.00040646	9.3135e-05
518	0.80936	0.19014	0.00040258	9.7094e-05
519	0.80335	0.19615	0.00039954	0.00010019
520	0.79862	0.20088	0.00039719	0.00010262
521	0.79535	0.20415	0.00039553	0.00010433
522	0.79331	0.20619	0.00039453	0.00010541
523	0.79247	0.20703	0.00039416	0.00010587
524	0.79284	0.20665	0.00039443	0.0001057
525	0.79479	0.20471	0.00039546	0.00010476
526	0.79834	0.20116	0.00039726	0.00010303
527	0.78807	0.21143	0.00039204	0.00010831
528	0.77926	0.22024	0.00038758	0.00011284
529	0.74426	0.25524	0.00036989	0.00013062
530	0.71231	0.28719	0.00035379	0.00014681
531	0.68371	0.31579	0.00033933	0.00016136
532	0.65765	0.34185	0.00032621	0.00017458
533	0.63443	0.36507	0.00031447	0.0001864
534	0.61342	0.38608	0.00030389	0.00019708
535	0.59516	0.40433	0.00029465	0.00020641
536	0.57879	0.42071	0.00028639	0.00021475
537	0.56416	0.43534	0.00027906	0.0002222
538	0.55119	0.44831	0.00027259	0.00022879
539	0.53977	0.45973	0.00026694	0.00023457
540	0.52981	0.46969	0.00026205	0.00023961
541	0.52123	0.47827	0.00025787	0.00024394
542	0.51449	0.485	0.00025458	0.00024738
543	0.50929	0.49021	0.00025203	0.00025006
544	0.48002	0.51948	0.00023732	0.00026488
545	0.4532	0.5463	0.00022389	0.00027844
546	0.42865	0.57085	0.00021164	0.00029084
547	0.40619	0.59331	0.00020048	0.00030215
548	0.38645	0.61305	0.00019062	0.00031215
549	0.36917	0.63032	0.00018196	0.00032094
550	0.35348	0.64601	0.00017412	0.00032891
551	0.33927	0.66023	0.00016705	0.00033613
552	0.32702	0.67248	0.00016093	0.00034239
553	0.31605	0.68344	0.00015547	0.00034799
554	0.30627	0.69323	0.00015063	0.00035298
555	0.2976	0.7019	0.00014637	0.00035741
556	0.28998	0.70952	0.00014266	0.0003613
557	0.28336	0.71614	0.00013946	0.00036468
558	0.27769	0.72181	0.00013676	0.00036757
559	0.27295	0.72654	0.00013455	0.00036999
560	0.26953	0.72996	0.00013296	0.00037177
561	0.26719	0.73231	0.00013188	0.00037303
562	0.26591	0.73359	0.00013131	0.00037377
563	0.26545	0.73404	0.00013118	0.00037408
564	0.26623	0.73327	0.00013164	0.00037379
565	0.26782	0.73167	0.00013253	0.00037308
566	0.27048	0.72902	0.00013393	0.00037185
567	0.27398	0.72551	0.00013579	0.00037017
568	0.27861	0.72089	0.00013818	0.00036795
569	0.2846	0.71489	0.00014124	0.00036504
570	0.29205	0.70745	0.000145	0.00036143
571	0.30104	0.69846	0.0001495	0.00035706
572	0.31116	0.68833	0.00015461	0.00035209
573	0.3228	0.6767	0.00016044	0.00034639
574	0.33571	0.66378	0.00016696	0.00034002
575	0.35036	0.64913	0.00017431	0.00033279
576	0.36653	0.63297	0.00018247	0.00032478
577	0.38504	0.61446	0.00019176	0.00031561
578	0.40533	0.59417	0.000202	0.00030551
579	0.42754	0.57196	0.00021325	0.00029441
580	0.45273	0.54676	0.00022596	0.00028184
581	0.48023	0.51926	0.0002399	0.00026805
582	0.51028	0.48921	0.00025518	0.00025293
583	0.51596	0.48353	0.00025815	0.00025014
584	0.52343	0.47606	0.00026199	0.00024645
585	0.53226	0.46724	0.00026655	0.00024206
586	0.5238	0.47569	0.00026234	0.00024645
587	0.51669	0.48281	0.00025884	0.00025015
588	0.51134	0.48815	0.00025621	0.00025296
589	0.50722	0.49227	0.00025423	0.00025514
590	0.5043	0.49519	0.00025288	0.00025669
591	0.50258	0.49691	0.00025217	0.00025762
592	0.50203	0.49746	0.00025209	0.00025793
593	0.5029	0.49659	0.0002527	0.00025754
594	0.5054	0.49409	0.00025411	0.00025633
595	0.50909	0.49039	0.00025616	0.0002545
596	0.51402	0.48547	0.00025888	0.00025201
597	0.52019	0.4793	0.00026226	0.00024887
598	0.52794	0.47155	0.00026642	0.00024494
599	0.53733	0.46215	0.00027141	0.00024017
600	0.54874	0.45075	0.00027739	0.00023439
601	0.5623	0.43718	0.00028444	0.00022752
602	0.57819	0.42129	0.00029265	0.00021949
603	0.59592	0.40357	0.00030184	0.00021048
604	0.59511	0.40437	0.00030149	0.00021101
605	0.59598	0.4035	0.00030196	0.00021069
606	0.59807	0.40141	0.0003031	0.00020973
607	0.60166	0.39783	0.00030496	0.00020802
608	0.60653	0.39296	0.00030752	0.00020563
609	0.61269	0.38679	0.00031078	0.00020256
610	0.6202	0.37929	0.00031477	0.00019877
611	0.62964	0.36985	0.00031971	0.00019401
612	0.62258	0.3769	0.00031617	0.00019774
613	0.61713	0.38236	0.00031343	0.00020067
614	0.61298	0.3865	0.00031139	0.0002029
615	0.6101	0.38938	0.00031004	0.00020447
616	0.60848	0.39101	0.00030936	0.00020537
617	0.60808	0.39141	0.00030934	0.00020562
618	0.60935	0.39013	0.00031015	0.00020503
619	0.61185	0.38763	0.00031163	0.00020379
620	0.61586	0.38362	0.00031385	0.00020178
621	0.62142	0.37807	0.00031685	0.00019899
622	0.61009	0.3894	0.00031114	0.00020493
623	0.60025	0.39924	0.00030622	0.00021008
624	0.59212	0.40736	0.00030215	0.00021437
625	0.58562	0.41386	0.00029889	0.00021783
626	0.58045	0.41904	0.00029635	0.0002206
627	0.57655	0.42293	0.00029449	0.00022269
628	0.57436	0.42513	0.00029348	0.00022392
629	0.57337	0.42611	0.00029313	0.00022451
630	0.57385	0.42563	0.0002935	0.00022435
631	0.57579	0.42369	0.00029461	0.00022345
632	0.57897	0.42051	0.00029639	0.00022189
633	0.5834	0.41608	0.00029884	0.00021967
634	0.5891	0.41038	0.000302	0.00021676
635	0.5964	0.40308	0.00030596	0.00021303
636	0.60537	0.39411	0.00031076	0.00020846
637	0.61636	0.38312	0.00031657	0.00020285
638	0.62892	0.37056	0.00032324	0.00019639
639	0.64312	0.35636	0.00033081	0.00018906
640	0.65973	0.33975	0.0003396	0.00018048
641	0.65837	0.34111	0.00033904	0.00018127
642	0.65824	0.34124	0.00033915	0.0001814
643	0.65936	0.34012	0.00033995	0.00018086
644	0.66174	0.33774	0.00034144	0.00017965
645	0.66583	0.33364	0.00034379	0.00017755
646	0.65365	0.34583	0.00033757	0.00018401
647	0.64303	0.35645	0.0003322	0.00018964
648	0.63441	0.36507	0.00032784	0.00019424
649	0.62719	0.37228	0.00032424	0.00019809
650	0.62159	0.37789	0.00032145	0.00020113
651	0.61729	0.38219	0.00031937	0.00020346
652	0.61425	0.38523	0.00031799	0.00020511
653	0.6127	0.38678	0.00031735	0.000206
654	0.61239	0.38708	0.00031739	0.00020623
655	0.61331	0.38617	0.00031811	0.00020579
656	0.6157	0.38377	0.00031957	0.0002046
657	0.61936	0.38011	0.00032174	0.00020271
658	0.62478	0.3747	0.00032479	0.00019993
659	0.63151	0.36796	0.00032858	0.00019642
660	0.63964	0.35984	0.00033314	0.00019215
661	0.64918	0.35029	0.00033849	0.00018711
662	0.66054	0.33894	0.00034478	0.00018112
663	0.67381	0.32566	0.00035205	0.00017412
664	0.6888	0.31067	0.00036029	0.00016618
665	0.70628	0.29319	0.00036982	0.00015693
666	0.72614	0.27333	0.00038057	0.00014645
667	0.74816	0.25131	0.00039253	0.00013476
668	0.75084	0.24863	0.00039424	0.00013335
669	0.75477	0.2447	0.00039665	0.00013125
670	0.76022	0.23925	0.00039983	0.00012836
671	0.76724	0.23224	0.00040383	0.00012465
672	0.77611	0.22336	0.00040877	0.00011997
673	0.78644	0.21303	0.00041454	0.00011448
674	0.79883	0.20064	0.00042137	0.00010791
675	0.81287	0.1866	0.00042913	0.00010044
676	0.82928	0.17019	0.00043812	9.1714e-05
677	0.8476	0.15187	0.00044818	8.1926e-05
678	0.86798	0.13149	0.00045941	7.0994e-05
679	0.89131	0.10816	0.00047218	5.8503e-05
680	0.91705	0.082418	0.00048632	4.4659e-05
681	0.92433	0.075142	0.00049048	4.0767e-05
682	0.93284	0.066631	0.00049535	3.6193e-05
683	0.94264	0.056826	0.00050095	3.09e-05
684	0.95381	0.045659	0.00050733	2.4848e-05
685	0.96642	0.033052	0.00051453	1.7989e-05
686	0.96949	0.029975	0.00051654	1.6314e-05
687	0.97366	0.025807	0.0005191	1.4059e-05
688	0.97876	0.020702	0.0005222	1.1287e-05
689	0.97879	0.020675	0.00052253	1.1269e-05
690	0.97957	0.0199	0.00052328	1.0844e-05
691	0.98109	0.018372	0.00052446	1.0006e-05
692	0.98353	0.015937	0.00052611	8.6854e-06
693	0.98676	0.012709	0.00052821	6.9291e-06
694	0.99088	0.0085841	0.00053078	4.6925e-06
695	0.99145	0.0080155	0.00053143	4.3803e-06
696	0.99275	0.0067106	0.00053247	3.6752e-06
697	0.99472	0.0047476	0.00053388	2.61e-06
698	0.99741	0.0020571	0.00053566	1.1549e-06
699	0.99817	0.001295	0.00053641	7.4782e-07
700	0.99809	0.0013749	0.00053668	8.149e-07
701	0.99707	0.0023879	0.00053641	1.4322e-06
702	0.99667	0.00279	0.00053645	1.7166e-06
703	0.99683	0.0026336	0.00053683	1.6931e-06
704	0.99754	0.0019177	0.00053752	1.3609e-06
705	0.99465	0.0048083	0.00053506	2.905e-06
706	0.99245	0.0070119	0.00053299	4.0673e-06
707	0.99092	0.0085396	0.00053132	4.856e-06
708	0.99006	0.0094024	0.00053003	5.279e-06
709	0.98532	0.014141	0.00052662	7.7998e-06
710	0.98154	0.017929	0.00052371	9.81e-06
711	0.97857	0.020893	0.00052127	1.1365e-05
712	0.9765	0.022968	0.00051929	1.2446e-05
713	0.97521	0.024258	0.00051776	1.3098e-05
714	0.97478	0.024689	0.00051666	1.3297e-05
715	0.97527	0.024203	0.00051603	1.3013e-05
716	0.97654	0.022934	0.00051584	1.2309e-05
717	0.97859	0.020881	0.00051608	1.1183e-05
718	0.97617	0.0233	0.00051398	1.2428e-05
719	0.97464	0.024837	0.00051232	1.3209e-05
720	0.97403	0.025441	0.00051113	1.3504e-05
721	0.97436	0.02512	0.0005104	1.3318e-05
722	0.97546	0.02402	0.0005101	1.2717e-05
723	0.97735	0.022132	0.00051025	1.1698e-05
724	0.98019	0.019285	0.00051086	1.0187e-05
725	0.98388	0.015604	0.00051193	8.2379e-06
726	0.98336	0.016117	0.00051082	8.486e-06
727	0.97807	0.021416	0.00050719	1.1238e-05
728	0.9738	0.025685	0.00050408	1.3452e-05
729	0.97042	0.029061	0.00050147	1.5187e-05
730	0.96792	0.031568	0.00049935	1.6457e-05
731	0.96635	0.033135	0.00049769	1.7243e-05
732	0.96561	0.033872	0.00049648	1.7591e-05
733	0.9657	0.033785	0.00049573	1.7505e-05
734	0.96679	0.032701	0.00049546	1.6915e-05
735	0.96871	0.030783	0.00049564	1.589e-05
736	0.97165	0.027836	0.00049633	1.4349e-05
737	0.97567	0.023821	0.00049752	1.2276e-05
738	0.9808	0.018687	0.00049926	9.6475e-06
739	0.97508	0.024409	0.00049551	1.2551e-05
740	0.97044	0.029056	0.00049229	1.4907e-05
741	0.96691	0.032587	0.00048962	1.6695e-05
742	0.96445	0.035048	0.00048748	1.7941e-05
743	0.96285	0.03665	0.0004858	1.8739e-05
744	0.96209	0.037405	0.00048458	1.9097e-05
745	0.95412	0.045379	0.00047967	2.3129e-05
746	0.94758	0.051914	0.00047547	2.6432e-05
747	0.94213	0.057366	0.00047186	2.9164e-05
748	0.93799	0.061514	0.00046888	3.1239e-05
749	0.93485	0.064656	0.00046645	3.279e-05
750	0.93293	0.066574	0.00046461	3.3732e-05
751	0.93198	0.067519	0.00046329	3.4173e-05
752	0.93213	0.067376	0.00046248	3.4077e-05
753	0.93324	0.066266	0.00046219	3.3489e-05
754	0.93531	0.064191	0.0004624	3.2413e-05
755	0.93838	0.061126	0.00046313	3.0838e-05
756	0.94246	0.057049	0.00046438	2.8755e-05
757	0.94757	0.051942	0.00046616	2.6157e-05
758	0.95375	0.045758	0.0004685	2.3021e-05
759	0.96135	0.038164	0.0004715	1.9209e-05
760	0.96172	0.037789	0.00047087	1.9001e-05
761	0.95513	0.044378	0.00046682	2.2239e-05
762	0.94961	0.0499	0.00046333	2.4929e-05
763	0.94512	0.054394	0.00046038	2.7094e-05
764	0.94176	0.057757	0.00045797	2.8708e-05
765	0.93937	0.060142	0.00045607	2.9827e-05
766	0.93795	0.061565	0.00045466	3.0463e-05
767	0.9376	0.06192	0.00045376	3.0586e-05
768	0.93818	0.061338	0.00045334	3.0242e-05
769	0.93993	0.059586	0.00045346	2.934e-05
770	0.94265	0.056866	0.00045407	2.7961e-05
771	0.93776	0.061762	0.00045095	3.0298e-05
772	0.93404	0.065481	0.00044838	3.2067e-05
773	0.93133	0.068187	0.00044634	3.333e-05
774	0.92961	0.06991	0.0004448	3.4105e-05
775	0.9291	0.070423	0.00044382	3.4305e-05
776	0.92956	0.069961	0.00044333	3.4027e-05
777	0.931	0.068521	0.00044334	3.327e-05
778	0.93342	0.066102	0.00044384	3.2036e-05
779	0.93709	0.062434	0.0004449	3.0219e-05
780	0.9418	0.057726	0.00044649	2.7899e-05
781	0.94772	0.051802	0.00044862	2.5015e-05
782	0.94606	0.053471	0.00044714	2.576e-05
783	0.94552	0.054012	0.00044617	2.5974e-05
784	0.9459	0.053633	0.00044567	2.5744e-05
785	0.9474	0.052127	0.00044567	2.4989e-05
786	0.94983	0.049696	0.00044613	2.3789e-05
787	0.95321	0.046322	0.00044706	2.2139e-05
788	0.95768	0.04185	0.00044848	1.9984e-05
789	0.96317	0.036364	0.0004504	1.7348e-05
790	0.96984	0.029689	0.00045284	1.4169e-05
791	0.97763	0.021906	0.00045582	1.0467e-05
792	0.97894	0.020597	0.00045576	9.8255e-06
793	0.98103	0.018509	0.00045608	8.816e-06
794	0.98391	0.015628	0.00045679	7.4322e-06
795	0.9876	0.011941	0.0004579	5.6683e-06
796	0.98769	0.011846	0.00045729	5.6066e-06
797	0.98847	0.011068	0.00045701	5.2236e-06
798	0.986	0.01354	0.0004552	6.3628e-06
799	0.98427	0.01527	0.00045375	7.1495e-06
800	0.98333	0.016207	0.00045265	7.5722e-06
801	0.98323	0.016308	0.00045192	7.6127e-06
802	0.98385	0.015689	0.00045154	7.3164e-06
803	0.98526	0.014283	0.0004515	6.663e-06
804	0.9874	0.012141	0.00045182	5.6683e-06
805	0.9903	0.0092481	0.0004525	4.3261e-06
806	0.99011	0.0094386	0.00045177	4.4081e-06
807	0.99066	0.0088866	0.00045137	4.1535e-06
808	0.98837	0.011175	0.00044967	5.2079e-06
809	0.98691	0.012639	0.00044833	5.8866e-06
810	0.98615	0.0134	0.00044733	6.2383e-06
811	0.98085	0.018694	0.00044422	8.6882e-06
812	0.97658	0.022972	0.00044156	1.0672e-05
813	0.97317	0.026377	0.00043932	1.2244e-05
814	0.97062	0.028932	0.0004375	1.3418e-05
815	0.9689	0.030647	0.00043609	1.4199e-05
816	0.96801	0.031536	0.00043508	1.4597e-05
817	0.96794	0.031611	0.00043445	1.4619e-05
818	0.96877	0.030781	0.00043422	1.4238e-05
819	0.97042	0.029132	0.00043438	1.3482e-05
820	0.96674	0.032814	0.00043212	1.5148e-05
821	0.96396	0.035598	0.00043031	1.6397e-05
822	0.96204	0.037511	0.0004289	1.7243e-05
823	0.96099	0.038568	0.00042791	1.7696e-05
824	0.96088	0.038676	0.00042733	1.7728e-05
825	0.96162	0.037935	0.00042714	1.7372e-05
826	0.96332	0.036239	0.00042736	1.6596e-05
827	0.96599	0.03357	0.00042799	1.5394e-05
828	0.96954	0.030013	0.00042904	1.3791e-05
829	0.96754	0.032018	0.0004276	1.4691e-05
830	0.96637	0.033191	0.00042656	1.521e-05
831	0.96602	0.033538	0.0004259	1.5354e-05
832	0.95855	0.041009	0.00042207	1.8692e-05
833	0.95246	0.047098	0.00041883	2.1416e-05
834	0.94742	0.052139	0.00041609	2.3658e-05
835	0.9287	0.070861	0.00040719	3.2047e-05
836	0.91188	0.087679	0.00039919	3.9543e-05
837	0.89713	0.10243	0.0003921	4.6121e-05
838	0.88401	0.11555	0.00038578	5.1935e-05
839	0.87292	0.12665	0.00038034	5.686e-05
840	0.86328	0.13629	0.00037559	6.111e-05
841	0.82912	0.17045	0.00035988	7.6294e-05
842	0.79794	0.20163	0.00034559	9.008e-05
843	0.76951	0.23006	0.00033261	0.00010258
844	0.74454	0.25502	0.00032112	0.00011355
845	0.72271	0.27685	0.00031101	0.00012315
846	0.70303	0.29654	0.0003019	0.00013175
847	0.68531	0.31425	0.00029372	0.00013943
848	0.66982	0.32975	0.00028649	0.00014615
849	0.65605	0.34352	0.00028007	0.00015207
850	0.6439	0.35567	0.0002744	0.00015726
851	0.63329	0.36628	0.00026944	0.00016174
852	0.62415	0.37542	0.00026516	0.00016556
853	0.61692	0.38265	0.00026168	0.00016856
854	0.58276	0.41681	0.00024657	0.00018321
855	0.55152	0.44805	0.00023279	0.00019653
856	0.52291	0.47666	0.00022023	0.00020865
857	0.49769	0.50189	0.0002091	0.00021933
858	0.47466	0.52491	0.00019898	0.000229
859	0.45448	0.54509	0.00019005	0.00023747
860	0.43614	0.56343	0.00018197	0.0002451
861	0.41953	0.58005	0.00017467	0.00025196
862	0.40517	0.5944	0.00016832	0.00025786
863	0.39231	0.60727	0.00016263	0.0002631
864	0.38114	0.61843	0.00015766	0.00026762
865	0.37126	0.62831	0.00015326	0.00027158
866	0.36262	0.63696	0.00014942	0.00027498
867	0.35515	0.64443	0.0001461	0.00027787
868	0.3488	0.65078	0.00014328	0.00028028
869	0.34377	0.65581	0.000141	0.00028213
870	0.34021	0.65937	0.00013931	0.00028338
871	0.33807	0.6615	0.0001382	0.00028404
872	0.33691	0.66266	0.00013751	0.00028429
873	0.3367	0.66288	0.00013724	0.00028413
874	0.33744	0.66214	0.00013738	0.00028356
875	0.33937	0.66021	0.000138	0.00028251
876	0.34229	0.65729	0.00013904	0.00028104
877	0.34622	0.65336	0.00014051	0.00027915
878	0.35118	0.6484	0.00014244	0.00027682
879	0.35746	0.64212	0.00014488	0.00027396
880	0.36512	0.63446	0.00014786	0.00027054
881	0.37397	0.62561	0.00015134	0.00026663
882	0.38407	0.61551	0.00015536	0.0002622
883	0.39547	0.60412	0.00015993	0.00025723
884	0.40826	0.59132	0.0001651	0.00025167
885	0.42253	0.57706	0.00017089	0.0002455
886	0.43839	0.5612	0.00017736	0.00023865
887	0.45595	0.54363	0.00018455	0.00023109
888	0.47535	0.52423	0.00019253	0.00022275
889	0.47488	0.5247	0.00019225	0.00022269
890	0.47556	0.52403	0.00019246	0.00022214
891	0.47739	0.5222	0.00019317	0.0002211
892	0.48063	0.51896	0.00019444	0.00021949
893	0.48506	0.51453	0.00019623	0.00021738
894	0.49069	0.50889	0.00019853	0.00021476
895	0.49809	0.5015	0.00020152	0.00021143
896	0.5068	0.49279	0.00020509	0.00020755
897	0.51719	0.4824	0.00020931	0.00020299
898	0.52937	0.47022	0.00021425	0.00019771
899	0.54313	0.45646	0.00021986	0.00019177
900	0.55855	0.44104	0.00022617	0.00018512
901	0.57572	0.42387	0.00023325	0.00017774
902	0.5952	0.40439	0.00024123	0.00016942
903	0.61754	0.38204	0.00025035	0.00015996
904	0.64214	0.35745	0.00026043	0.00014955
905	0.66918	0.33041	0.00027156	0.0001381
906	0.69942	0.30017	0.00028395	0.00012538
907	0.70587	0.29372	0.00028643	0.00012256
908	0.71397	0.28562	0.00028954	0.00011908
909	0.72353	0.27607	0.00029328	0.000115
910	0.73458	0.26501	0.00029766	0.00011029
911	0.74724	0.25236	0.00030272	0.0001049
912	0.76158	0.23801	0.0003085	9.8802e-05
913	0.77835	0.22124	0.00031524	9.1735e-05
914	0.79704	0.20255	0.0003228	8.386e-05
915	0.81821	0.18139	0.00033134	7.4998e-05
916	0.84205	0.15754	0.00034092	6.5068e-05
917	0.86832	0.13127	0.00035154	5.4123e-05
918	0.89818	0.10142	0.00036356	4.1756e-05
919	0.9065	0.093098	0.00036667	3.8287e-05
920	0.91616	0.083437	0.00037034	3.4263e-05
921	0.92765	0.071949	0.00037473	2.9513e-05
922	0.92852	0.07108	0.00037479	2.9102e-05
923	0.9305	0.069099	0.00037528	2.8246e-05
924	0.93373	0.065871	0.00037625	2.6896e-05
925	0.93824	0.061356	0.00037771	2.5035e-05
926	0.94383	0.055767	0.00037963	2.2734e-05
927	0.95082	0.048777	0.00038208	1.9881e-05
928	0.9593	0.040297	0.0003851	1.6444e-05
929	0.96904	0.030558	0.00038865	1.2493e-05
930	0.98011	0.019493	0.00039275	8.0013e-06
931	0.98315	0.016447	0.00039362	6.758e-06
932	0.98703	0.012574	0.00039484	5.1776e-06
933	0.99175	0.0078531	0.00039642	3.252e-06
934	0.98936	0.010238	0.00039512	4.2163e-06
935	0.98769	0.011909	0.00039413	4.8884e-06
936	0.98683	0.012776	0.00039344	5.2403e-06
937	0.98123	0.018374	0.00039085	7.5042e-06
938	0.97656	0.023038	0.00038867	9.3817e-06
939	0.97298	0.026621	0.0003869	1.083e-05
940	0.97043	0.029171	0.00038552	1.1867e-05
941	0.96872	0.030881	0.0003845	1.256e-05
942	0.96783	0.031769	0.00038382	1.2919e-05
943	0.95974	0.039865	0.00038027	1.6169e-05
944	0.95307	0.046532	0.00037727	1.8853e-05
945	0.94775	0.051856	0.00037479	2.1004e-05
946	0.94345	0.056155	0.00037274	2.2734e-05
947	0.94016	0.059449	0.00037111	2.405e-05
948	0.93784	0.061761	0.0003699	2.4966e-05
949	0.93649	0.063118	0.0003691	2.5493e-05
950	0.9362	0.063402	0.00036869	2.5599e-05
951	0.93686	0.062743	0.00036869	2.5324e-05
