#coord	neutral	conserved	gBGC.neutral	gBGC.conserved
1	0.024035	0.00081781	0.94137	0.033782
2	0.023562	0.0002692	0.96439	0.011784
3	0.022511	0.00015105	0.97057	0.0067708
4	0.021502	5.1442e-05	0.97611	0.0023367
5	0.020473	2.8192e-05	0.97818	0.001316
6	0.019511	6.1389e-08	0.98049	3.2918e-06
7	0.018315	1.0469e-07	0.98168	5.4728e-06
8	0.017188	1.1319e-06	0.98274	6.8666e-05
9	0.015905	1.0602e-06	0.98402	6.9925e-05
10	0.014463	5.1982e-07	0.9855	3.8833e-05
11	0.012806	2.4964e-06	0.98699	0.00020474
12	0.010936	3.1531e-07	0.98903	3.2547e-05
13	0.0088421	2.0206e-07	0.99111	4.3973e-05
14	0.0081888	8.8143e-07	0.99163	0.00018508
15	0.0080695	2.0764e-06	0.99162	0.00030799
16	0.0079062	8.3095e-07	0.99197	0.00012014
17	0.007697	2.7821e-07	0.99226	4.0061e-05
18	0.0074347	1.3063e-06	0.99238	0.00018403
19	0.0071239	7.4583e-08	0.99287	1.0687e-05
20	0.0068243	3.9591e-06	0.99256	0.00060818
21	0.006475	4.0968e-07	0.99345	6.955e-05
22	0.0060652	4.8473e-07	0.99385	8.8395e-05
23	0.0055936	5.8521e-07	0.99428	0.00012528
24	0.0050487	9.3112e-07	0.99469	0.00025567
25	0.0044221	2.3555e-06	0.99474	0.00083997
26	0.0042726	3.1073e-06	0.99484	0.00088829
27	0.004135	2.1385e-06	0.99529	0.00057715
28	0.0040058	3.1631e-06	0.99515	0.00083839
29	0.00384	3.3469e-06	0.99529	0.00087039
30	0.0036835	2.3714e-06	0.99569	0.00062584
31	0.0035381	8.1774e-08	0.99644	2.3813e-05
32	0.0033506	2.3615e-06	0.99594	0.00070445
33	0.0031591	3.037e-06	0.99588	0.00096196
34	0.0029634	2.3481e-06	0.99624	0.0007964
35	0.0027632	5.4698e-07	0.99703	0.00020731
36	0.0025218	2.5639e-08	0.99747	9.9858e-06
37	0.0022915	1.5348e-10	0.99771	8.7241e-08
38	0.0021574	1.8914e-06	0.99692	0.00091609
39	0.0019918	3.293e-06	0.99633	0.0016765
40	0.0018354	1.2203e-06	0.99744	0.0007225
41	0.001728	1.2208e-06	0.99734	0.00093302
42	0.0015926	8.1867e-07	0.99748	0.00092684
43	0.0016248	2.1433e-07	0.99806	0.00031859
44	0.001864	4.0051e-06	0.99564	0.0024883
45	0.0020641	9.1333e-06	0.9931	0.0048224
46	0.0022339	9.4906e-06	0.99323	0.0045217
47	0.0024131	8.8493e-06	0.99364	0.0039355
48	0.0025658	7.4328e-07	0.99711	0.00032279
49	0.0026792	1.0706e-07	0.99728	4.0909e-05
50	0.0027973	1.8339e-09	0.9972	6.45e-07
51	0.0029525	4.8192e-07	0.99688	0.00017115
52	0.0030748	1.2425e-08	0.99692	4.4054e-06
53	0.0031557	3.0877e-06	0.99587	0.00097342
54	0.0032484	1.1881e-06	0.99635	0.00040307
55	0.0033468	7.7525e-07	0.9963	0.00034797
56	0.0038102	1.5264e-06	0.99576	0.00042974
57	0.0043129	5.8207e-07	0.99556	0.00012485
58	0.0048408	2.407e-06	0.99472	0.00043225
59	0.0047544	2.0315e-06	0.99467	0.00057334
60	0.004954	7.1622e-07	0.99487	0.00017572
61	0.0051524	1.1338e-05	0.99249	0.0023436
62	0.0052758	5.4009e-05	0.98434	0.010328
63	0.0054088	9.9462e-05	0.97581	0.018678
64	0.005532	0.00011321	0.97375	0.02061
65	0.0056401	0.00010232	0.97626	0.017997
66	0.0058028	4.5637e-05	0.98652	0.0076289
67	0.0059349	3.1249e-05	0.98895	0.005084
68	0.0060812	1.4487e-05	0.99153	0.0023788
69	0.006187	5.1616e-07	0.99373	8.423e-05
70	0.0062862	5.038e-06	0.99286	0.00084742
71	0.0063554	2.2558e-06	0.99326	0.00038686
72	0.0064338	1.6148e-06	0.99324	0.00032339
73	0.0064938	3.1004e-05	0.98697	0.0065019
74	0.0065918	3.4301e-05	0.98576	0.0076134
75	0.0067243	1.5303e-05	0.98805	0.0052059
76	0.0073149	3.0498e-05	0.98463	0.008026
77	0.0079542	2.7129e-05	0.98457	0.0074506
78	0.010003	3.2303e-05	0.98386	0.0061025
79	0.011734	0.00011943	0.97407	0.014075
80	0.013608	0.00015714	0.97045	0.015787
81	0.015325	0.00014823	0.97077	0.013754
82	0.016992	0.00029155	0.95901	0.023703
83	0.018531	0.00035179	0.95493	0.026192
84	0.019964	0.00032976	0.95602	0.023682
85	0.018256	0.0032764	0.78393	0.19454
86	0.01829	0.00454	0.72142	0.25575
87	0.018789	0.0051904	0.69828	0.27774
88	0.019231	0.0059509	0.67082	0.304
89	0.020141	0.0062968	0.66412	0.30944
90	0.021576	0.0061854	0.67349	0.29875
91	0.02367	0.0052619	0.70666	0.26441
92	0.025649	0.0074741	0.67302	0.29386
93	0.026663	0.010232	0.63214	0.33096
94	0.023184	0.017663	0.49195	0.4672
95	0.015847	0.028618	0.30759	0.64795
96	0.014013	0.034192	0.24755	0.70424
97	0.010581	0.041063	0.17304	0.77531
98	0.0093229	0.045494	0.1447	0.80048
99	0.0093643	0.048711	0.13737	0.80456
100	0.0090268	0.05206	0.12678	0.81213
101	0.0095313	0.054645	0.12791	0.80792
102	0.011134	0.056215	0.14278	0.78987
103	0.0058529	0.064424	0.071777	0.85795
104	0.0040166	0.069249	0.046201	0.88053
105	0.0034784	0.072837	0.037427	0.88626
106	0.0024784	0.076684	0.024784	0.89605
107	0.0022867	0.079786	0.021381	0.89655
108	0.0024006	0.08239	0.021547	0.89366
109	0.0029224	0.084389	0.025842	0.88685
110	0.0014502	0.088211	0.011799	0.89854
111	0.00084824	0.09099	0.006447	0.90172
112	0.00071099	0.093351	0.0050414	0.9009
113	0.00074327	0.09539	0.0051364	0.89873
114	0.00099175	0.097056	0.0069972	0.89495
115	0.0011624	0.098837	0.0080119	0.89199
116	0.001669	0.10014	0.011613	0.88657
117	0.0029759	0.10051	0.02145	0.87507
118	0.006237	0.098776	0.04701	0.84798
119	0.015666	0.090913	0.11738	0.77605
120	0.042914	0.065271	0.31075	0.58107
121	0.042955	0.066683	0.30507	0.58529
122	0.044796	0.066348	0.31249	0.57637
123	0.050025	0.062683	0.34185	0.54544
124	0.054056	0.060045	0.36434	0.52156
125	0.054641	0.060693	0.36309	0.52157
126	0.056905	0.059513	0.37563	0.50796
127	0.05325	0.064301	0.34204	0.54041
128	0.0523	0.066242	0.33134	0.55012
129	0.052942	0.066457	0.33349	0.54711
130	0.043265	0.076867	0.26699	0.61288
131	0.031765	0.089135	0.18627	0.69283
132	0.028394	0.093311	0.16063	0.71766
133	0.024837	0.097712	0.13273	0.74472
134	0.023578	0.099711	0.12243	0.75428
135	0.023707	0.10022	0.12188	0.7542
136	0.020872	0.10358	0.10353	0.77203
137	0.020458	0.10455	0.099759	0.77524
138	0.021166	0.1043	0.10319	0.77134
139	0.019558	0.10628	0.093259	0.78091
140	0.019598	0.10663	0.092733	0.78104
141	0.020842	0.10569	0.099636	0.77383
142	0.021487	0.10526	0.10345	0.7698
143	0.023737	0.10315	0.11763	0.75548
144	0.029251	0.09768	0.15393	0.71914
145	0.032955	0.093937	0.17972	0.69339
146	0.041771	0.084991	0.24359	0.62965
147	0.063538	0.062993	0.40909	0.46438
148	0.12571	0.00062503	0.86498	0.008688
149	0.12701	0.00061308	0.86432	0.0080493
150	0.12847	0.00024381	0.86748	0.0038066
151	0.12951	0.00038365	0.86486	0.005247
152	0.133	0.0011507	0.85609	0.0097533
153	0.13674	0.0019473	0.84701	0.014305
154	0.14149	0.0020056	0.84247	0.014027
155	0.14474	0.0030251	0.83282	0.019415
156	0.14918	0.0031089	0.82849	0.019218
157	0.15385	0.0024863	0.82882	0.014842
158	0.1588	0.0018852	0.82823	0.011081
159	0.16451	6.5062e-05	0.83478	0.0006474
160	0.17176	0.00042786	0.82549	0.0023227
161	0.1798	0.00041196	0.81769	0.002094
162	0.18739	1.9453e-05	0.8125	8.8851e-05
163	0.19502	3.1261e-05	0.80482	0.0001279
164	0.20312	5.2756e-05	0.79661	0.00021306
165	0.21044	1.7787e-05	0.78948	6.4016e-05
166	0.21558	0.0013388	0.77877	0.0043103
167	0.21791	0.0058701	0.75755	0.018675
168	0.22381	0.0072614	0.74658	0.022355
169	0.23174	0.0070706	0.74021	0.020979
170	0.24042	0.0053296	0.73933	0.014918
171	0.24939	0.003687	0.73718	0.0097437
172	0.25707	0.0037159	0.72971	0.0095035
173	0.26393	0.0050621	0.71815	0.012858
174	0.27104	0.0065998	0.70578	0.016581
175	0.27103	0.014361	0.67919	0.035417
176	0.27682	0.016798	0.66614	0.040234
177	0.28575	0.016598	0.65899	0.038653
178	0.29326	0.016935	0.65157	0.038232
179	0.30455	0.013972	0.65035	0.031131
180	0.32038	0.0056074	0.66077	0.013242
181	0.32882	0.0038641	0.65798	0.0093398
182	0.33612	0.0025553	0.65491	0.0064061
183	0.34248	0.0015073	0.65196	0.004055
184	0.34823	0.0013985	0.64645	0.0039176
185	0.35448	0.0011605	0.64073	0.0036289
186	0.37337	0.0010384	0.6228	0.0027888
187	0.39294	0.0016054	0.60194	0.0035138
188	0.41128	0.0013537	0.58462	0.0027456
189	0.42774	0.0011372	0.56897	0.0021521
190	0.43332	0.010136	0.5421	0.01444
191	0.44258	0.013852	0.52523	0.018345
192	0.45566	0.014434	0.5117	0.018202
193	0.46247	0.019781	0.49441	0.023331
194	0.46891	0.026155	0.47567	0.029265
195	0.45311	0.053361	0.43823	0.055301
196	0.42664	0.090014	0.39665	0.086692
197	0.3931	0.13424	0.34934	0.12332
198	0.38705	0.15145	0.32792	0.13357
199	0.22469	0.32556	0.16641	0.28334
200	0.15815	0.40285	0.10421	0.33479
201	0.13176	0.43914	0.079801	0.34929
202	0.12248	0.45758	0.070113	0.34983
203	0.12277	0.46667	0.066875	0.34368
204	0.12897	0.46921	0.067768	0.33405
205	0.14475	0.46157	0.074582	0.3191
206	0.14528	0.4686	0.072535	0.31358
207	0.15307	0.4678	0.075146	0.30399
208	0.15753	0.46983	0.076078	0.29656
209	0.17202	0.46133	0.083379	0.28327
210	0.21944	0.4201	0.10892	0.25154
211	0.32885	0.31641	0.17159	0.18315
212	0.64186	0.0093362	0.34312	0.0056857
213	0.64801	0.0084293	0.33856	0.0050028
214	0.33792	0.32408	0.16035	0.17765
215	0.21098	0.45607	0.091871	0.24108
216	0.15949	0.51218	0.06536	0.26297
217	0.13932	0.53662	0.05508	0.26899
218	0.13554	0.54478	0.052049	0.26762
219	0.13899	0.54539	0.052486	0.26313
220	0.15214	0.53598	0.057367	0.25452
221	0.19634	0.49563	0.074586	0.23345
222	0.29858	0.39695	0.11685	0.18763
223	0.37279	0.32599	0.14756	0.15365
224	0.3742	0.32755	0.14634	0.15191
225	0.37521	0.32964	0.14462	0.15053
226	0.2994	0.40825	0.11338	0.17897
227	0.22166	0.48892	0.080859	0.20857
228	0.19066	0.52257	0.068268	0.2185
229	0.15104	0.56494	0.052199	0.23182
230	0.13843	0.58039	0.046431	0.23475
231	0.13821	0.58354	0.045271	0.23298
232	0.12146	0.60298	0.03826	0.2373
233	0.11584	0.61108	0.035709	0.23737
234	0.1175	0.61169	0.035903	0.2349
235	0.12976	0.60177	0.039496	0.22897
236	0.15975	0.57394	0.04934	0.21697
237	0.2341	0.50156	0.075384	0.18897
238	0.1799	0.55753	0.057292	0.20528
239	0.16414	0.57514	0.051523	0.20919
240	0.15953	0.58145	0.049747	0.20927
241	0.15456	0.58818	0.0477	0.20956
242	0.15711	0.58724	0.04834	0.20732
243	0.17235	0.57366	0.053041	0.20095
244	0.22388	0.52387	0.06897	0.18328
245	0.34316	0.40616	0.10789	0.14279
246	0.63627	0.11443	0.20836	0.040941
247	0.6411	0.11077	0.20888	0.039251
248	0.65968	0.093459	0.21387	0.032989
249	0.70282	0.051392	0.22813	0.017659
250	0.71449	0.040897	0.23071	0.013906
251	0.70822	0.048148	0.22766	0.015972
252	0.70813	0.049029	0.2269	0.015947
253	0.71494	0.043094	0.22826	0.013707
254	0.70163	0.057106	0.22383	0.017441
255	0.69784	0.061418	0.22243	0.018314
256	0.69069	0.065222	0.22364	0.020452
257	0.68895	0.063229	0.22722	0.020606
258	0.69368	0.054335	0.2335	0.018494
259	0.68807	0.055245	0.23725	0.019433
260	0.68729	0.050794	0.24349	0.018426
261	0.69413	0.03813	0.25357	0.014163
262	0.69076	0.036032	0.25942	0.01379
263	0.69292	0.027698	0.26857	0.010812
264	0.71473	9.528e-05	0.28513	5.2192e-05
265	0.71079	0.00078977	0.28808	0.00033987
266	0.70739	0.00054357	0.29184	0.00022843
267	0.7045	1.8549e-05	0.29547	8.2482e-06
268	0.70063	5.5555e-05	0.29929	2.3821e-05
269	0.69666	0.00044576	0.30269	0.00020342
270	0.69298	4.8196e-05	0.30694	2.2709e-05
271	0.68877	0.00042013	0.3106	0.0002064
272	0.68417	0.00066706	0.31483	0.00033005
273	0.6799	6.9601e-06	0.32009	3.6801e-06
274	0.67433	5.6395e-05	0.32558	2.8592e-05
275	0.6675	0.0006674	0.3315	0.0003308
276	0.6621	0.00021614	0.33756	0.00012184
277	0.58527	0.072186	0.29632	0.046225
278	0.55671	0.096127	0.28354	0.063617
279	0.54591	0.10254	0.28155	0.070002
280	0.53121	0.11237	0.27762	0.078802
281	0.48304	0.1559	0.24781	0.11326
282	0.46233	0.17144	0.23868	0.12755
283	0.44196	0.18688	0.22822	0.14293
284	0.43317	0.19027	0.22689	0.14967
285	0.42049	0.19702	0.22346	0.15903
286	0.40353	0.20747	0.2176	0.1714
287	0.38649	0.21829	0.21014	0.18507
288	0.37984	0.21808	0.21123	0.19084
289	0.37228	0.21905	0.21081	0.19786
290	0.37427	0.21071	0.21659	0.19843
291	0.39182	0.18705	0.23167	0.18946
292	0.35859	0.21432	0.20263	0.22446
293	0.34457	0.22179	0.19373	0.23991
294	0.33921	0.22002	0.19354	0.24723
295	0.31633	0.24143	0.18031	0.26193
296	0.28553	0.25775	0.16131	0.29541
297	0.27041	0.2572	0.1573	0.31509
298	0.22203	0.30188	0.12809	0.348
299	0.20092	0.31896	0.11725	0.36286
300	0.19276	0.3227	0.11549	0.36905
301	0.16417	0.34704	0.098654	0.39014
302	0.15266	0.3539	0.093763	0.39968
303	0.14873	0.35279	0.0947	0.40377
304	0.15083	0.34521	0.10177	0.40219
305	0.16454	0.32617	0.12141	0.38787
306	0.1987	0.28625	0.16823	0.34681
307	0.31114	0.16826	0.30985	0.21075
308	0.38683	0.086469	0.41749	0.1092
309	0.45893	0.0086025	0.52039	0.012077
310	0.45148	0.0095407	0.52556	0.013421
311	0.4452	0.008473	0.53421	0.01211
312	0.44262	0.0040971	0.54708	0.006201
313	0.43556	0.0033069	0.55602	0.0051062
314	0.4273	0.0028137	0.56553	0.004356
315	0.42172	0.00015233	0.57786	0.00026443
316	0.38598	0.026564	0.54805	0.039404
317	0.36898	0.034704	0.54231	0.054006
318	0.35698	0.036861	0.54645	0.059714
319	0.34729	0.035626	0.55691	0.060172
320	0.34241	0.030113	0.5741	0.053377
321	0.34354	0.017324	0.60738	0.03175
322	0.33644	0.013682	0.62353	0.026351
323	0.32698	0.01118	0.63938	0.022457
324	0.32358	0.003312	0.66609	0.0070151
325	0.31124	0.00309	0.67886	0.0068016
326	0.30089	0.0015336	0.69409	0.0034937
327	0.2912	3.5937e-06	0.70878	1.3218e-05
328	0.28694	0.00075185	0.71055	0.001753
329	0.28361	0.0007644	0.71382	0.001809
330	0.28127	3.0458e-06	0.71872	8.1124e-06
331	0.27823	0.0004097	0.72008	0.0012836
332	0.271	0.006118	0.70727	0.015613
333	0.26714	0.0081874	0.70404	0.02064
334	0.26537	0.0082753	0.70545	0.020898
335	0.26551	0.006576	0.71132	0.016594
336	0.27016	0.00049405	0.7281	0.001243
337	0.26782	0.0011581	0.72808	0.0029419
338	0.26635	0.0010676	0.72985	0.002726
339	0.26597	1.6484e-05	0.73397	4.1283e-05
340	0.26462	6.1653e-05	0.73515	0.00017189
341	0.26291	0.0002299	0.73623	0.00062337
342	0.26173	2.9344e-07	0.73827	8.4778e-07
343	0.25981	0.00025455	0.73922	0.00072403
344	0.25812	0.00039887	0.7403	0.0011796
345	0.25656	0.0001494	0.74284	0.00044356
346	0.25463	0.00039127	0.74379	0.0011873
347	0.25243	0.00065074	0.74497	0.0019519
348	0.25087	0.00038527	0.74754	0.0012008
349	0.24851	0.00099564	0.74728	0.0032148
350	0.24648	0.00098908	0.7493	0.0032294
351	0.24474	0.00038263	0.75364	0.0012351
352	0.24125	0.0016864	0.75171	0.0053615
353	0.23908	0.0018182	0.75317	0.0059288
354	0.2373	0.0012518	0.7573	0.0041493
355	0.23488	0.0014835	0.7586	0.0050366
356	0.23274	0.0010984	0.76237	0.0037898
357	0.23086	0.00063721	0.76617	0.0023391
358	0.2281	0.0007008	0.76859	0.0026161
359	0.22543	0.00032581	0.77298	0.0012685
360	0.22232	6.3339e-06	0.77763	4.1811e-05
361	0.22153	8.4186e-05	0.77805	0.00033379
362	0.2206	0.00010147	0.7789	0.00039758
363	0.21931	0.00026835	0.77942	0.00099927
364	0.21822	0.00034659	0.78011	0.0013297
365	0.21692	0.00042891	0.78101	0.0016487
366	0.2154	0.00051485	0.78214	0.0019465
367	0.21409	0.00051193	0.78343	0.0019701
368	0.21296	7.8338e-05	0.78667	0.0002938
369	0.2115	8.9125e-05	0.78807	0.00033439
370	0.20974	0.00056559	0.78747	0.0022251
371	0.20819	0.00058208	0.78894	0.0022869
372	0.20734	2.4048e-05	0.79244	0.00019517
373	0.20767	4.5513e-05	0.79194	0.00034383
374	0.20983	0.00051468	0.78742	0.0022406
375	0.21214	0.00097979	0.7827	0.0041723
376	0.21463	0.0009545	0.78037	0.0040469
377	0.21795	0.00023787	0.78039	0.0014203
378	0.2266	9.3569e-05	0.77281	0.00049547
379	0.23423	8.9801e-05	0.76531	0.00037616
380	0.2409	0.00023871	0.75807	0.00078858
381	0.2484	2.7706e-08	0.7516	9.1075e-08
382	0.25455	0.00027244	0.74439	0.00079014
383	0.2611	0.00050088	0.73696	0.0014368
384	0.26731	0.00030159	0.73157	0.00081611
385	0.27393	2.5359e-05	0.72599	6.1657e-05
386	0.28167	2.093e-06	0.71832	5.0066e-06
387	0.28989	1.0676e-06	0.71011	2.557e-06
388	0.29827	0.00036592	0.70049	0.0008785
389	0.30562	0.00076726	0.6919	0.0017171
390	0.31265	0.00060944	0.6855	0.0012341
391	0.31341	0.0059435	0.67006	0.010591
392	0.3142	0.011625	0.65386	0.020313
393	0.3177	0.01393	0.64501	0.023364
394	0.31464	0.023226	0.62415	0.037991
395	0.31649	0.026914	0.61421	0.042385
396	0.32204	0.027193	0.60966	0.041102
397	0.32177	0.032644	0.59809	0.047491
398	0.31601	0.038336	0.58614	0.059517
399	0.31423	0.039873	0.58275	0.063152
400	0.31674	0.037205	0.58619	0.059864
401	0.32462	0.028981	0.59886	0.047535
402	0.34361	0.0094627	0.63061	0.016314
403	0.34174	0.010577	0.62916	0.018521
404	0.34146	0.0098805	0.63136	0.017301
405	0.34466	0.0058114	0.63932	0.010203
406	0.34488	0.004835	0.64164	0.0086441
407	0.34691	0.001847	0.64794	0.0033051
408	0.34676	0.0011356	0.65001	0.0020956
409	0.345	0.0020919	0.64885	0.0040609
410	0.344	0.0020599	0.6499	0.0040309
411	0.34372	0.0011016	0.65306	0.0021199
412	0.34367	2.5379e-05	0.65625	5.4636e-05
413	0.34234	9.2036e-06	0.65762	3.1957e-05
414	0.34197	0.001026	0.65481	0.0021939
415	0.32717	0.016024	0.62699	0.029819
416	0.32305	0.020439	0.61827	0.038242
417	0.32302	0.02086	0.6169	0.039215
418	0.32203	0.022062	0.61444	0.041469
419	0.32315	0.020984	0.61668	0.039186
420	0.32853	0.015724	0.62663	0.029116
421	0.32942	0.015035	0.62767	0.027876
422	0.33376	0.010982	0.63459	0.02067
423	0.34444	0.0003958	0.65435	0.0008181
424	0.33942	0.0052733	0.64492	0.01039
425	0.33724	0.0071289	0.64177	0.013861
426	0.33652	0.007343	0.64204	0.0141
427	0.33574	0.0076984	0.64186	0.014703
428	0.33693	0.006176	0.64508	0.011811
429	0.34254	0.00033369	0.65606	0.0010674
430	0.34395	0.00082927	0.65318	0.0020395
431	0.3395	0.00732	0.63746	0.015721
432	0.33882	0.0097417	0.631	0.02044
433	0.33225	0.018199	0.61182	0.037735
434	0.32204	0.03004	0.58726	0.060656
435	0.31894	0.034522	0.578	0.068542
436	0.24824	0.10637	0.45072	0.19467
437	0.22407	0.13179	0.40449	0.23965
438	0.21676	0.14042	0.38834	0.25447
439	0.091845	0.26647	0.1661	0.47559
440	0.047944	0.31154	0.08552	0.55499
441	0.034331	0.32639	0.05941	0.57987
442	0.029065	0.33274	0.049731	0.58847
443	0.028091	0.33483	0.04748	0.5896
444	0.030163	0.33393	0.050216	0.5857
445	0.028118	0.33719	0.045584	0.58911
446	0.028677	0.33769	0.045844	0.58778
447	0.031991	0.33532	0.050826	0.58186
448	0.025602	0.34269	0.038983	0.59272
449	0.023492	0.34565	0.035102	0.59576
450	0.024566	0.34546	0.036192	0.59378
451	0.020572	0.35021	0.029296	0.59992
452	0.019981	0.3516	0.027817	0.60061
453	0.021386	0.35086	0.029575	0.59818
454	0.021669	0.35113	0.029808	0.59739
455	0.02429	0.34895	0.033802	0.59296
456	0.025805	0.34775	0.03633	0.59011
457	0.030645	0.34312	0.04458	0.58166
458	0.033687	0.34015	0.05023	0.57593
459	0.045091	0.32887	0.069707	0.55633
460	0.056189	0.31793	0.08784	0.53804
461	0.082183	0.29198	0.1324	0.49343
462	0.14614	0.22794	0.24776	0.37817
463	0.16278	0.21126	0.27688	0.34908
464	0.21131	0.16275	0.35858	0.26736
465	0.36648	0.0076669	0.6096	0.016245
466	0.36694	0.0071017	0.61044	0.015519
467	0.37007	0.003953	0.61551	0.010463
468	0.37484	0.0014894	0.61985	0.0038139
469	0.37712	0.0016915	0.61725	0.0039291
470	0.37997	0.00099628	0.61685	0.0021867
471	0.38314	0.00014028	0.61641	0.00031025
472	0.38515	0.00014203	0.61444	0.00026732
473	0.38666	0.0003791	0.61236	0.0006066
474	0.38886	5.2455e-05	0.61102	7.02e-05
475	0.38785	6.3528e-05	0.61198	0.00010189
476	0.38654	0.00016222	0.61303	0.0002658
477	0.38507	0.00015592	0.61453	0.00024635
478	0.38385	1.9238e-05	0.6161	3.04e-05
479	0.38246	0.00022685	0.61693	0.00038454
480	0.38124	1.1847e-05	0.61872	2.1458e-05
481	0.37863	0.001308	0.61767	0.0024001
482	0.37679	0.0015887	0.6187	0.002931
483	0.37548	0.0010778	0.62141	0.0020367
484	0.35942	0.015459	0.59646	0.028661
485	0.29357	0.079349	0.48472	0.14236
486	0.26611	0.10456	0.44265	0.18668
487	0.14724	0.2209	0.25159	0.38027
488	0.10993	0.25579	0.18962	0.44466
489	0.093722	0.26935	0.16475	0.47218
490	0.034765	0.32574	0.063365	0.57613
491	0.016394	0.34162	0.030236	0.61175
492	0.0089638	0.34634	0.017456	0.62724
493	0.0067821	0.34588	0.013615	0.63372
494	0.0061022	0.34372	0.012704	0.63748
495	0.006522	0.34022	0.014151	0.63911
496	0.004313	0.31196	0.0093893	0.67434
497	0.0038541	0.2826	0.0084208	0.70512
498	0.0045358	0.25275	0.0098426	0.73287
499	0.0035796	0.24789	0.0079497	0.74058
500	0.0036764	0.24211	0.0084981	0.74572
501	0.0045129	0.23521	0.011259	0.74902
502	0.0073091	0.22646	0.019601	0.74663
503	0.01534	0.2126	0.042923	0.72914
504	0.034589	0.18707	0.10361	0.67473
505	0.03851	0.17702	0.11872	0.66575
506	0.048541	0.16041	0.15639	0.63466
507	0.078221	0.12432	0.2603	0.53716
508	0.098661	0.096889	0.34525	0.4592
509	0.14935	0.03854	0.56443	0.24768
510	0.18542	0.00045064	0.81111	0.0030164
511	0.18398	0.00057935	0.81178	0.003659
512	0.18306	0.00028567	0.81445	0.0022032
513	0.18161	0.00031009	0.81553	0.0025472
514	0.1813	0.00072304	0.81362	0.0043614
515	0.18125	0.0007021	0.81406	0.0039792
516	0.1819	6.857e-05	0.8176	0.00042779
517	0.18149	0.00056964	0.81484	0.0031002
518	0.18136	0.00064625	0.81445	0.0035487
519	0.18182	0.00020887	0.81635	0.0016236
520	0.18078	0.0027039	0.80258	0.013941
521	0.18159	0.0034484	0.79728	0.017682
522	0.18253	0.0041864	0.79171	0.021568
523	0.1712	0.016979	0.72637	0.085457
524	0.16827	0.021457	0.70245	0.10782
525	0.16794	0.023129	0.69356	0.11537
526	0.16658	0.025641	0.68148	0.1263
527	0.16708	0.026116	0.67925	0.12755
528	0.16937	0.024614	0.68644	0.11957
529	0.16932	0.025534	0.68228	0.12286
530	0.16931	0.026511	0.67744	0.12674
531	0.17103	0.025567	0.68153	0.12188
532	0.1698	0.02764	0.67201	0.13055
533	0.17039	0.027739	0.6716	0.13027
534	0.17368	0.025206	0.68197	0.11914
535	0.16986	0.029611	0.66335	0.13718
536	0.16953	0.030584	0.65887	0.14102
537	0.17097	0.029648	0.66295	0.13644
538	0.17241	0.02878	0.66624	0.13258
539	0.17631	0.025301	0.6811	0.1173
540	0.18531	0.01657	0.72011	0.078018
541	0.19166	0.010341	0.74921	0.048791
542	0.18861	0.013358	0.73803	0.060012
543	0.18759	0.014172	0.73586	0.062379
544	0.13777	0.063874	0.55026	0.2481
545	0.12226	0.079325	0.49021	0.3082
546	0.11719	0.084397	0.46973	0.32869
547	0.055702	0.14594	0.21253	0.58583
548	0.030641	0.17094	0.11291	0.68552
549	0.020461	0.18094	0.074473	0.72412
550	0.0069659	0.19416	0.025881	0.77299
551	0.0027464	0.19813	0.010043	0.78908
552	0.0014477	0.19921	0.0049402	0.79441
553	0.00095042	0.19938	0.0030673	0.7966
554	0.00082562	0.19908	0.0026133	0.79748
555	0.0010845	0.19842	0.0034127	0.79708
556	0.0011032	0.19791	0.0034047	0.79758
557	0.0014724	0.19694	0.0046617	0.79692
558	0.0025082	0.1952	0.0084011	0.79389
559	0.0031598	0.19373	0.010926	0.79219
560	0.0049619	0.19099	0.018213	0.78584
561	0.0094497	0.18544	0.037324	0.76778
562	0.019758	0.17396	0.083599	0.72268
563	0.052548	0.14004	0.22573	0.58168
564	0.14546	0.046045	0.61753	0.19097
565	0.14334	0.047127	0.61244	0.19709
566	0.14322	0.046038	0.61706	0.19368
567	0.14745	0.040689	0.63938	0.17248
568	0.14269	0.044126	0.62512	0.18807
569	0.14132	0.044255	0.62429	0.19013
570	0.14206	0.042069	0.63434	0.18153
571	0.07028	0.11249	0.32919	0.48804
572	0.047784	0.13369	0.22988	0.58865
573	0.040758	0.13947	0.19829	0.62148
574	0.016793	0.16225	0.080329	0.74063
575	0.0064612	0.17127	0.031388	0.79088
576	0.0028661	0.17358	0.013615	0.80994
577	0.0014161	0.17362	0.0067642	0.8182
578	0.00094644	0.1727	0.0044319	0.82192
579	0.0008059	0.17134	0.0037821	0.82407
580	0.0005722	0.1701	0.0025881	0.82674
581	0.00055474	0.16851	0.0024939	0.82844
582	0.00073693	0.16657	0.0034095	0.82928
583	0.00082372	0.16477	0.0038006	0.83061
584	0.0007449	0.16298	0.0034673	0.83281
585	0.00087467	0.16083	0.0042283	0.83407
586	0.00039825	0.15934	0.0018289	0.83844
587	0.00027933	0.15753	0.0011404	0.84105
588	0.00026879	0.15547	0.00098695	0.84328
589	0.0003576	0.15314	0.0012426	0.84526
590	0.0006096	0.15049	0.0021208	0.84678
591	0.0014713	0.14728	0.0050771	0.84617
592	0.00073816	0.14827	0.0025357	0.84845
593	0.00043	0.14876	0.0015461	0.84926
594	0.0003191	0.14897	0.0012886	0.84942
595	0.00032338	0.14898	0.0015501	0.84915
596	0.00050474	0.14883	0.0027675	0.8479
597	0.0011595	0.14823	0.0067497	0.84386
598	0.0015294	0.14784	0.0092087	0.84143
599	0.0024805	0.14678	0.015702	0.83504
600	0.0048609	0.1442	0.032741	0.8182
601	0.011672	0.13721	0.079803	0.77132
602	0.03106	0.11767	0.20945	0.64183
603	0.092801	0.055805	0.607	0.2444
604	0.090647	0.052992	0.61312	0.24325
605	0.092472	0.046426	0.63775	0.22335
606	0.099954	0.033727	0.69697	0.16935
607	0.099131	0.029594	0.71483	0.15645
608	0.098303	0.025715	0.732	0.14398
609	0.10101	0.017751	0.77529	0.10595
610	0.098337	0.015414	0.78793	0.098316
611	0.097325	0.010867	0.81706	0.074747
612	0.1006	0.0013533	0.88773	0.010312
613	0.094275	0.00065194	0.89974	0.0053352
614	0.088293	1.5042e-05	0.91148	0.00021469
615	0.085716	5.637e-06	0.91419	9.1718e-05
616	0.082787	2.9962e-05	0.91667	0.00051435
617	0.080008	0.00010724	0.91774	0.002145
618	0.077016	6.7939e-05	0.92088	0.0020332
619	0.073603	0.0026831	0.87379	0.049919
620	0.071712	0.0036236	0.85679	0.067878
621	0.070772	0.0036841	0.85387	0.071677
622	0.02598	0.048751	0.3193	0.60597
623	0.010208	0.064822	0.12519	0.79978
624	0.0046604	0.070687	0.054733	0.86992
625	0.0022443	0.073352	0.025583	0.89882
626	0.0012634	0.074511	0.014388	0.90984
627	0.00094845	0.075018	0.01064	0.91339
628	0.00092108	0.07525	0.010154	0.91368
629	0.0010775	0.075233	0.011919	0.91177
630	0.001533	0.074854	0.017396	0.90622
631	0.0030665	0.073413	0.034993	0.88853
632	0.0068358	0.069665	0.080532	0.84297
633	0.017594	0.058943	0.20599	0.71748
634	0.048278	0.028316	0.55137	0.37203
635	0.055162	0.021399	0.6327	0.29074
636	0.072063	0.0043631	0.84379	0.07978
637	0.073063	0.0042618	0.84796	0.074711
638	0.075	0.0032834	0.86607	0.055651
639	0.079228	7.8827e-05	0.9192	0.0014886
640	0.080153	1.5991e-05	0.91944	0.00039538
641	0.080957	0.0001362	0.91619	0.0027159
642	0.081845	0.0002616	0.91241	0.0054823
643	0.083017	0.00018247	0.9117	0.0051032
644	0.085764	0.0002672	0.90716	0.0068121
645	0.088346	0.00018044	0.90565	0.0058224
646	0.092162	0.004271	0.83886	0.064709
647	0.097109	0.0064294	0.80844	0.088025
648	0.1038	0.0072627	0.79566	0.093274
649	0.10144	0.016401	0.69101	0.19115
650	0.1028	0.021147	0.64597	0.23008
651	0.10726	0.023138	0.62999	0.23962
652	0.10621	0.030006	0.57111	0.29267
653	0.10917	0.033146	0.54845	0.30924
654	0.11329	0.034544	0.54066	0.31151
655	0.122	0.04546	0.5088	0.32375
656	0.13435	0.053544	0.493	0.31911
657	0.14773	0.058821	0.48938	0.30407
658	0.15931	0.06413	0.48384	0.29272
659	0.17664	0.064382	0.49467	0.2643
660	0.20312	0.053936	0.53892	0.20403
661	0.2109	0.050917	0.5476	0.19058
662	0.22571	0.040361	0.5797	0.15423
663	0.25631	0.013583	0.66288	0.067228
664	0.26711	0.015346	0.65162	0.065932
665	0.28092	0.01474	0.6473	0.057044
666	0.30057	0.0089664	0.65785	0.032607
667	0.31381	0.0082077	0.65067	0.02731
668	0.32571	0.0075354	0.64386	0.022893
669	0.34171	0.0033514	0.64523	0.0097065
670	0.35564	3.0579e-05	0.64424	8.4586e-05
671	0.36672	0.00023887	0.63257	0.00046787
672	0.37695	2.9643e-05	0.62295	7.5358e-05
673	0.40023	0.0011433	0.597	0.0016301
674	0.42582	0.0012665	0.5713	0.0016185
675	0.45428	0.00012007	0.54546	0.00014427
676	0.47824	0.00044809	0.52083	0.00048594
677	0.50388	0.00060612	0.4949	0.0006134
678	0.52743	2.6122e-06	0.47257	2.3509e-06
679	0.55177	4.8518e-05	0.44814	4.2308e-05
680	0.57307	0.00065602	0.42577	0.00050492
681	0.59289	0.00050627	0.40625	0.00034945
682	0.61352	0.00077892	0.3852	0.00049669
683	0.63201	0.0010559	0.36633	0.00060365
684	0.65301	8.8091e-06	0.34698	5.2457e-06
685	0.66923	0.001699	0.32816	0.00091384
686	0.68492	0.0019283	0.31219	0.0009629
687	0.70026	0.00074948	0.29864	0.00035125
688	0.71297	0.0006259	0.28615	0.00025841
689	0.72574	0.0011307	0.27271	0.00042185
690	0.74072	0.00025408	0.25893	9.2108e-05
691	0.75362	2.4921e-05	0.24635	8.9554e-06
692	0.76468	0.00033383	0.23487	0.00010791
693	0.77356	0.0015609	0.22442	0.00045644
694	0.77746	0.0066358	0.21415	0.0017504
695	0.78618	0.0074549	0.2045	0.0018607
696	0.79626	0.0059464	0.19643	0.0013618
697	0.79969	0.011552	0.18626	0.0024962
698	0.80825	0.012525	0.17668	0.0025415
699	0.81761	0.013297	0.16656	0.0025405
700	0.8253	0.014618	0.15749	0.0025999
701	0.83749	0.011928	0.14863	0.0019576
702	0.85914	0.00037433	0.14043	5.9157e-05
703	0.86721	0.0010389	0.1316	0.00015154
704	0.87711	0.00035295	0.12249	4.7163e-05
705	0.88713	0.00012297	0.11273	1.6877e-05
706	0.89377	0.0022892	0.10366	0.00028851
707	0.90137	0.0025878	0.095743	0.00029863
708	0.90988	0.0011737	0.08882	0.00012435
709	0.91621	0.0025717	0.080974	0.00024709
710	0.92344	0.0022736	0.074085	0.00019931
711	0.93194	2.3961e-06	0.068053	2.0615e-07
712	0.93853	0.012195	0.048945	0.00033314
713	0.92778	0.025832	0.04558	0.00080723
714	0.92578	0.030402	0.042941	0.00087724
715	0.85898	0.097293	0.039762	0.0039636
716	0.83252	0.12378	0.038586	0.0051228
717	0.82554	0.1308	0.038209	0.0054425
718	0.81852	0.13793	0.037766	0.0057829
719	0.82051	0.13597	0.037812	0.0057007
720	0.83397	0.12248	0.038467	0.0050835
721	0.75408	0.20253	0.034622	0.0087678
722	0.72733	0.22949	0.033166	0.010023
723	0.72295	0.23411	0.032701	0.010243
724	0.69366	0.26369	0.030944	0.011711
725	0.68458	0.27298	0.030304	0.012133
726	0.68777	0.26994	0.03031	0.01198
727	0.7124	0.2455	0.031156	0.010946
728	0.77203	0.18599	0.0336	0.0083772
729	0.91071	0.047376	0.039737	0.0021786
730	0.90968	0.048395	0.039712	0.0022118
731	0.91639	0.041723	0.03998	0.0019101
732	0.93434	0.023735	0.04086	0.0010645
733	0.93833	0.019762	0.04102	0.00088367
734	0.93695	0.021205	0.040891	0.00094978
735	0.93981	0.018333	0.041039	0.00081581
736	0.93683	0.021228	0.041018	0.00092682
737	0.79393	0.1641	0.034974	0.0069974
738	0.7362	0.22173	0.032731	0.0093383
739	0.52832	0.42955	0.024066	0.018063
740	0.46379	0.49406	0.021267	0.020887
741	0.44574	0.51212	0.020432	0.021711
742	0.41863	0.53919	0.019286	0.0229
743	0.41334	0.54446	0.019048	0.023151
744	0.42558	0.53224	0.019531	0.022647
745	0.41917	0.5387	0.019147	0.022978
746	0.42571	0.53216	0.019408	0.022722
747	0.45083	0.50698	0.02057	0.021622
748	0.4527	0.50508	0.02065	0.02157
749	0.47645	0.48133	0.021615	0.020599
750	0.53865	0.41908	0.024367	0.017901
751	0.73923	0.21848	0.032829	0.0094562
752	0.7836	0.17403	0.034873	0.0074993
753	0.92759	0.029998	0.041068	0.0013473
754	0.92822	0.02925	0.041212	0.0013166
755	0.93605	0.021355	0.041621	0.00097812
756	0.95571	0.0015518	0.042663	7.714e-05
757	0.95542	0.0016186	0.042882	8.0205e-05
758	0.95662	0.00012067	0.043253	6.3052e-06
759	0.95636	8.8431e-06	0.043635	6.9082e-07
760	0.95678	6.0243e-05	0.043156	2.8964e-06
761	0.95715	8.5357e-05	0.042762	3.8026e-06
762	0.95705	0.000633	0.042288	2.8836e-05
763	0.95593	0.0022585	0.041705	0.00010588
764	0.95647	0.0021447	0.04129	0.0001001
765	0.95888	6.461e-05	0.041053	3.1355e-06
766	0.95842	0.00077042	0.040772	3.3315e-05
767	0.95829	0.0012052	0.040456	5.3191e-05
768	0.95937	0.00034116	0.040272	1.5427e-05
769	0.95969	0.00017221	0.040129	7.5387e-06
770	0.95913	0.00093232	0.039902	4.0848e-05
771	0.95857	0.0016061	0.039757	6.8313e-05
772	0.95842	0.0019216	0.039577	8.2867e-05
773	0.95977	0.00066657	0.039535	2.9028e-05
774	0.96019	0.00038383	0.039407	1.8257e-05
775	0.95865	0.0019896	0.039263	9.2392e-05
776	0.95675	0.0038956	0.039176	0.00017719
777	0.95699	0.003581	0.039263	0.00016263
778	0.95535	0.0052006	0.039214	0.00023646
779	0.95589	0.0045707	0.039334	0.00020946
780	0.95907	0.0012265	0.039647	5.8014e-05
781	0.95604	0.0040108	0.039773	0.00017292
782	0.95335	0.0065154	0.039855	0.00028277
783	0.95321	0.006392	0.040125	0.0002766
784	0.95316	0.0062223	0.040341	0.00027253
785	0.95576	0.0033413	0.040754	0.00014543
786	0.95876	0.00010798	0.041126	7.5213e-06
787	0.95853	0.0009515	0.040477	4.2435e-05
788	0.95875	0.0014062	0.03978	6.1913e-05
789	0.96032	0.00040909	0.03925	1.7636e-05
790	0.95815	0.0032084	0.038505	0.00013476
791	0.95872	0.0033188	0.037816	0.0001409
792	0.96122	0.0014097	0.037303	6.3696e-05
793	0.96059	0.0026871	0.0366	0.00012333
794	0.96161	0.0022162	0.036063	0.00010658
795	0.96064	0.0036613	0.035528	0.00017155
796	0.93705	0.027791	0.033869	0.0012919
797	0.92775	0.037551	0.032991	0.001713
798	0.92592	0.039753	0.032533	0.0017965
799	0.93167	0.034426	0.032307	0.0015974
800	0.93543	0.03102	0.032086	0.0014667
801	0.94741	0.019314	0.032268	0.0010087
802	0.95791	0.010254	0.03143	0.0004072
803	0.95582	0.012159	0.031558	0.00046377
804	0.9581	0.0097382	0.031789	0.00037186
805	0.94907	0.018561	0.031704	0.00065972
806	0.94715	0.02032	0.031807	0.00072078
807	0.9491	0.018144	0.032115	0.00063962
808	0.94991	0.017046	0.032457	0.0005908
809	0.94555	0.021151	0.032577	0.00072217
810	0.94693	0.019562	0.032839	0.00066703
811	0.95643	0.0099065	0.033327	0.00033937
812	0.96565	0.00057072	0.033751	3.1834e-05
813	0.96615	0.00075824	0.033053	3.4692e-05
814	0.96216	0.0055025	0.032127	0.0002089
815	0.96219	0.0062866	0.031288	0.00023796
816	0.9647	0.0044742	0.03065	0.00017446
817	0.96034	0.0094349	0.029875	0.00034574
818	0.95973	0.010572	0.029322	0.00037778
819	0.96203	0.008717	0.028947	0.00030795
820	0.96026	0.010853	0.028524	0.00036433
821	0.96226	0.0092592	0.028171	0.0003075
822	0.96879	0.0030679	0.028044	9.9879e-05
823	0.96874	0.0035024	0.027651	0.00011079
824	0.96835	0.0042042	0.027319	0.00012748
825	0.9701	0.0027013	0.027124	7.6702e-05
826	0.96658	0.0066834	0.02655	0.00018603
827	0.96683	0.0069451	0.026035	0.00019235
828	0.96987	0.0043283	0.025679	0.00011805
829	0.97031	0.0043626	0.025205	0.00011833
830	0.97092	0.00427	0.024688	0.00011716
831	0.97398	0.0016499	0.024317	4.9277e-05
832	0.95651	0.019604	0.023294	0.00058873
833	0.95035	0.02618	0.022707	0.00076842
834	0.94984	0.027022	0.022353	0.00078347
835	0.94833	0.028805	0.022044	0.00081837
836	0.93804	0.039409	0.02146	0.0010871
837	0.93573	0.041979	0.021155	0.0011388
838	0.8826	0.095396	0.019523	0.0024812
839	0.86053	0.1177	0.018776	0.002993
840	0.85555	0.12295	0.018402	0.0030977
841	0.82615	0.15266	0.01738	0.0038156
842	0.78409	0.19496	0.016155	0.0047889
843	0.72492	0.25434	0.014649	0.006091
844	0.7007	0.27872	0.014013	0.0065676
845	0.69435	0.28518	0.01382	0.0066482
846	0.70035	0.27925	0.013946	0.0064558
847	0.73181	0.24789	0.014601	0.0057035
848	0.83587	0.14395	0.016763	0.0034136
849	0.90953	0.070381	0.018355	0.0017372
850	0.91246	0.067478	0.018401	0.0016575
851	0.92759	0.052416	0.018684	0.001311
852	0.96658	0.013435	0.019595	0.00038571
853	0.96413	0.015849	0.019576	0.00044238
854	0.96546	0.014432	0.019703	0.00040563
855	0.97179	0.0079627	0.020013	0.0002375
856	0.96319	0.01645	0.019908	0.00044931
857	0.92434	0.055152	0.019132	0.0013798
858	0.74899	0.2303	0.015268	0.0054478
859	0.50826	0.47076	0.01009	0.010882
860	0.43332	0.54548	0.0084324	0.012767
861	0.40407	0.57446	0.0078756	0.013595
862	0.39952	0.57876	0.0078298	0.013885
863	0.40819	0.56981	0.0081084	0.013894
864	0.43761	0.54006	0.0088966	0.013441
865	0.53626	0.44109	0.011158	0.011485
866	0.76473	0.21227	0.016599	0.0063961
867	0.78031	0.19638	0.017158	0.0061521
868	0.69106	0.28525	0.014782	0.008904
869	0.56458	0.4113	0.011387	0.012731
870	0.51043	0.46497	0.010085	0.014517
871	0.43448	0.54037	0.0082081	0.016935
872	0.40939	0.56496	0.0076219	0.018032
873	0.4068	0.56707	0.0076064	0.018528
874	0.40368	0.56974	0.0075347	0.019049
875	0.41292	0.56	0.007801	0.019282
876	0.44346	0.5289	0.0085882	0.019053
877	0.42381	0.54793	0.0081338	0.020129
878	0.42259	0.54856	0.0081769	0.020677
879	0.43424	0.53626	0.0085934	0.020911
880	0.42225	0.54754	0.0083816	0.021836
881	0.42311	0.54589	0.0085915	0.022407
882	0.42164	0.54662	0.0086875	0.023058
883	0.41828	0.54926	0.0086753	0.023782
884	0.40961	0.55715	0.0085169	0.02472
885	0.41314	0.55277	0.0087864	0.025302
886	0.38983	0.57515	0.0081642	0.026852
887	0.38318	0.58079	0.0081543	0.027871
888	0.38935	0.57352	0.0086076	0.028521
889	0.38983	0.57184	0.0089305	0.029394
890	0.3854	0.57498	0.0091284	0.030494
891	0.37608	0.58305	0.0090608	0.031808
892	0.36187	0.5959	0.0088321	0.033398
893	0.36069	0.59561	0.0091442	0.034558
894	0.37188	0.58282	0.009993	0.0353
895	0.38076	0.57241	0.010713	0.036116
896	0.32618	0.62698	0.0091486	0.037699
897	0.30544	0.64764	0.0086741	0.038247
898	0.22788	0.72516	0.0063674	0.040597
899	0.19702	0.75592	0.0055379	0.041523
900	0.18855	0.76432	0.0053683	0.041764
901	0.19232	0.7605	0.0056401	0.04154
902	0.19199	0.76073	0.0057663	0.041508
903	0.20279	0.74979	0.0064378	0.040983
904	0.20885	0.74353	0.0069254	0.040694
905	0.23464	0.71757	0.0083966	0.039396
906	0.3204	0.63167	0.012895	0.035043
907	0.38193	0.56993	0.016353	0.031789
908	0.52508	0.42652	0.024708	0.023694
909	0.93367	0.017703	0.047613	0.0010143
910	0.91652	0.034861	0.046626	0.0019965
911	0.9118	0.039623	0.046283	0.0022916
912	0.91249	0.038913	0.046329	0.0022708
913	0.91199	0.039305	0.046408	0.0022988
914	0.91696	0.034149	0.046881	0.0020089
915	0.93121	0.019639	0.047999	0.0011509
916	0.89294	0.057708	0.046171	0.0031831
917	0.87801	0.072349	0.045702	0.0039423
918	0.87512	0.074988	0.045789	0.0040993
919	0.88109	0.06882	0.046287	0.0038002
920	0.88478	0.064849	0.046774	0.0035972
921	0.90374	0.045654	0.04801	0.0025925
922	0.90582	0.043268	0.048444	0.0024709
923	0.9151	0.033584	0.0494	0.0019115
924	0.94821	0.00014046	0.051637	1.4061e-05
925	0.94441	0.0045264	0.050793	0.00026984
926	0.94042	0.009164	0.04987	0.00054646
927	0.94106	0.0092354	0.049142	0.00056075
928	0.88681	0.064093	0.045287	0.003815
929	0.81088	0.14053	0.040514	0.0080784
930	0.78849	0.16348	0.038692	0.0093355
931	0.70964	0.24296	0.033428	0.013978
932	0.67662	0.27651	0.031125	0.015743
933	0.66478	0.28881	0.030133	0.016276
934	0.65039	0.30371	0.028943	0.016964
935	0.64909	0.30543	0.028538	0.016941
936	0.66079	0.29408	0.028861	0.016268
937	0.65163	0.30352	0.028254	0.016598
938	0.6542	0.30116	0.028295	0.016346
939	0.67163	0.28387	0.029192	0.015306
940	0.73353	0.22215	0.032301	0.012013
941	0.87749	0.078314	0.040038	0.0041582
942	0.91915	0.036822	0.042047	0.0019833
943	0.91904	0.037148	0.041825	0.0019893
944	0.92431	0.032019	0.041958	0.0017139
945	0.93973	0.016664	0.042724	0.00088315
946	0.93807	0.018312	0.042684	0.00093612
947	0.94171	0.014701	0.042845	0.00073911
948	0.95609	0.00040667	0.043478	2.2898e-05
949	0.95555	0.00095836	0.043445	5.0182e-05
950	0.955	0.00144	0.043488	7.3251e-05
951	0.95575	0.00054829	0.043671	2.8527e-05
952	0.9556	0.00048575	0.043895	2.4134e-05
953	0.95497	0.0009417	0.044047	4.6498e-05
954	0.9555	0.00014567	0.044343	7.3134e-06
955	0.94022	0.015418	0.043538	0.00082064
956	0.8699	0.08566	0.040032	0.0044065
957	0.83997	0.11544	0.038709	0.0058794
958	0.80225	0.15305	0.036885	0.0078121
959	0.7873	0.16783	0.036308	0.0085653
960	0.78415	0.17073	0.036391	0.0087286
961	0.75829	0.19639	0.035304	0.010021
962	0.65481	0.29971	0.030152	0.015333
963	0.61348	0.3408	0.028298	0.017418
964	0.55843	0.39555	0.025934	0.020085
965	0.54123	0.41249	0.025257	0.021029
966	0.54139	0.41209	0.02537	0.021147
967	0.54025	0.41304	0.02536	0.02135
968	0.55185	0.40119	0.026049	0.020916
969	0.58484	0.36788	0.027913	0.019371
970	0.66374	0.28859	0.032383	0.015288
971	0.73251	0.21947	0.036209	0.011808
972	0.90278	0.048772	0.045939	0.0025089
973	0.89592	0.055247	0.045984	0.0028437
974	0.89708	0.05376	0.046374	0.002786
975	0.90607	0.044343	0.047299	0.0022857
976	0.90545	0.044589	0.04765	0.0023084
977	0.91262	0.037093	0.048349	0.0019353
978	0.93655	0.012892	0.049839	0.00072278
979	0.93253	0.016683	0.049823	0.00096801
980	0.93254	0.01635	0.050143	0.00096746
981	0.93686	0.01162	0.050815	0.00070931
982	0.94005	0.0079099	0.051545	0.00049312
983	0.93888	0.0084763	0.052126	0.00052261
984	0.94172	0.0050886	0.05287	0.00032502
985	0.93873	0.0075948	0.05319	0.00048936
986	0.93852	0.0072088	0.053798	0.00047208
987	0.94142	0.0036083	0.05473	0.00024545
988	0.93864	0.0055535	0.055443	0.00036228
989	0.93809	0.0051541	0.056426	0.00033194
990	0.90734	0.035042	0.055463	0.0021561
991	0.86596	0.075632	0.053616	0.004794
992	0.84842	0.092264	0.053413	0.0059043
993	0.84446	0.095382	0.053955	0.0062046
994	0.84794	0.090939	0.055127	0.0059964
995	0.86619	0.071794	0.057196	0.0048227
996	0.922	0.015156	0.061632	0.0012163
997	0.92491	0.011289	0.062828	0.00097708
998	0.92263	0.012473	0.063794	0.0011045
999	0.92334	0.010517	0.065162	0.00097943
1000	0.91958	0.012834	0.066391	0.0011922
1001	0.91437	0.01642	0.067698	0.0015101
1002	0.89492	0.034024	0.068096	0.0029583
1003	0.67035	0.2569	0.0506	0.022158
1004	0.57878	0.34656	0.044365	0.030297
1005	0.5509	0.37263	0.043013	0.033456
1006	0.43986	0.48166	0.034507	0.043966
1007	0.29273	0.62659	0.022917	0.057764
1008	0.24706	0.67014	0.019358	0.063447
1009	0.17495	0.73994	0.013433	0.071683
1010	0.14606	0.76633	0.011321	0.076298
1011	0.13559	0.77408	0.01084	0.079485
1012	0.12447	0.78258	0.010149	0.082801
1013	0.11239	0.79211	0.0092093	0.086289
1014	0.1095	0.79227	0.0092058	0.089023
1015	0.084301	0.81452	0.0070144	0.09416
1016	0.050267	0.84539	0.0039042	0.10044
1017	0.040124	0.85244	0.0029392	0.1045
1018	0.027432	0.86181	0.0016865	0.10907
