#coord	neutral	conserved	gBGC.neutral	gBGC.conserved
1	0.44819	0.015256	0.51877	0.017783
2	0.4578	0.0052408	0.53083	0.0061291
3	0.45954	0.0030862	0.53378	0.0036022
4	0.46111	0.0011037	0.53651	0.0012838
5	0.46117	0.00063478	0.53746	0.00073727
6	0.46139	1.4513e-06	0.5386	1.7051e-06
7	0.46098	2.6324e-06	0.53901	3.4865e-06
8	0.46054	3.0297e-05	0.53937	5.714e-05
9	0.4608	3.0678e-05	0.53913	4.0426e-05
10	0.46107	1.6506e-05	0.5389	2e-05
11	0.46123	8.9713e-05	0.53857	0.00010579
12	0.46154	1.3088e-05	0.53843	1.544e-05
13	0.46176	1.0379e-05	0.53822	1.2226e-05
14	0.46193	4.9662e-05	0.53796	5.8476e-05
15	0.46207	0.00011862	0.53767	0.00013935
16	0.46233	4.8476e-05	0.53757	5.6987e-05
17	0.46254	1.6686e-05	0.53742	1.9627e-05
18	0.46265	8.1268e-05	0.53717	9.5017e-05
19	0.46289	4.8328e-06	0.5371	5.6282e-06
20	0.4628	0.00026831	0.53662	0.00031338
21	0.4632	2.9166e-05	0.53674	3.4232e-05
22	0.46334	3.6541e-05	0.53658	4.2771e-05
23	0.46347	4.6932e-05	0.53643	5.4938e-05
24	0.46356	8.1746e-05	0.53626	9.5472e-05
25	0.46352	0.00024742	0.53595	0.00028706
26	0.46354	0.000336	0.53573	0.00038701
27	0.46376	0.00023883	0.53573	0.00027454
28	0.46375	0.00036595	0.53546	0.00042226
29	0.46383	0.00040363	0.53531	0.00046353
30	0.46405	0.00029816	0.53531	0.00034163
31	0.46445	1.0715e-05	0.53553	1.2378e-05
32	0.46425	0.00032695	0.53505	0.000377
33	0.46424	0.00044596	0.5348	0.0005141
34	0.46442	0.00036772	0.53479	0.00042395
35	0.46481	9.2016e-05	0.535	0.00010661
36	0.46499	4.7263e-06	0.535	5.4256e-06
37	0.4651	3.0734e-08	0.5349	3.5356e-08
38	0.4648	0.0004021	0.53433	0.00046514
39	0.46455	0.00075497	0.53383	0.00086962
40	0.46511	0.00029678	0.53425	0.00034472
41	0.46518	0.00031669	0.53414	0.00036864
42	0.46534	0.00023827	0.53415	0.0002777
43	0.46559	6.004e-05	0.53428	7.0657e-05
44	0.46473	0.00098688	0.53314	0.0011469
45	0.46374	0.0020299	0.53188	0.00235
46	0.46388	0.0019391	0.53194	0.0022399
47	0.46419	0.0016762	0.5322	0.0019383
48	0.46577	0.00013233	0.53394	0.0001521
49	0.46593	1.8348e-05	0.53403	2.0968e-05
50	0.466	3.0464e-07	0.534	3.5208e-07
51	0.46596	7.6055e-05	0.53388	8.7723e-05
52	0.46607	1.8783e-06	0.53393	2.1595e-06
53	0.46563	0.00045476	0.53339	0.00051754
54	0.46594	0.00017002	0.53369	0.00019312
55	0.46604	0.00010816	0.53373	0.00012364
56	0.46598	0.00018235	0.53363	0.00020755
57	0.46613	6.1234e-05	0.53374	6.9448e-05
58	0.46599	0.0002284	0.53352	0.00026056
59	0.46605	0.00019929	0.53352	0.00022882
60	0.4662	6.668e-05	0.53365	7.6633e-05
61	0.46528	0.0010227	0.53252	0.0011797
62	0.46159	0.0047225	0.52826	0.0054193
63	0.45791	0.0084295	0.52397	0.0096917
64	0.457	0.009352	0.52291	0.010744
65	0.45807	0.0082844	0.52415	0.0094994
66	0.46274	0.0036226	0.5295	0.0041365
67	0.46394	0.0024321	0.53086	0.0027741
68	0.46528	0.0011056	0.53235	0.0012659
69	0.46635	3.8682e-05	0.53356	4.4151e-05
70	0.46603	0.0003722	0.53317	0.00042689
71	0.46624	0.00016377	0.53341	0.0001862
72	0.46629	0.00011449	0.53346	0.00012907
73	0.46424	0.0021799	0.53111	0.0024704
74	0.46404	0.0023887	0.53086	0.0027086
75	0.46539	0.0010543	0.53235	0.0011976
76	0.46458	0.0018861	0.53137	0.0021584
77	0.46496	0.0015306	0.53174	0.0017638
78	0.46524	0.0012717	0.53202	0.0014738
79	0.46218	0.0043387	0.52847	0.0050168
80	0.46159	0.0049289	0.52776	0.0057118
81	0.46242	0.0041034	0.52871	0.0047688
82	0.45906	0.0074737	0.52477	0.0087
83	0.45826	0.0082687	0.52385	0.0096268
84	0.45934	0.0071737	0.52513	0.0083601
85	0.39621	0.070275	0.45285	0.080659
86	0.37437	0.092101	0.42773	0.10579
87	0.36623	0.10021	0.41848	0.11508
88	0.35687	0.10954	0.40776	0.12582
89	0.35576	0.11064	0.40646	0.12714
90	0.36252	0.10385	0.41411	0.11952
91	0.38146	0.084893	0.43571	0.097946
92	0.36553	0.10078	0.41744	0.11625
93	0.34459	0.12168	0.39358	0.14015
94	0.27266	0.19357	0.31097	0.2228
95	0.17247	0.29371	0.19654	0.33728
96	0.1413	0.32483	0.16076	0.37311
97	0.10016	0.36592	0.11382	0.42009
98	0.083698	0.38232	0.095182	0.4388
99	0.079625	0.38634	0.090563	0.44347
100	0.073321	0.39258	0.083457	0.45064
101	0.073744	0.3921	0.083977	0.45018
102	0.081538	0.38424	0.092881	0.44134
103	0.041201	0.42451	0.046925	0.48736
104	0.027154	0.43849	0.030845	0.50351
105	0.022551	0.44303	0.025545	0.50888
106	0.015505	0.45001	0.017485	0.51701
107	0.013764	0.45168	0.015469	0.51909
108	0.01393	0.45144	0.015643	0.51899
109	0.016334	0.44895	0.018375	0.51634
110	0.0079156	0.45728	0.0088411	0.52596
111	0.0045338	0.46058	0.0050357	0.52985
112	0.0037047	0.46131	0.0040936	0.53089
113	0.0037688	0.46115	0.0041645	0.53091
114	0.0048787	0.45994	0.0054217	0.52976
115	0.0055744	0.45915	0.0061984	0.52908
116	0.007799	0.45682	0.0087116	0.52667
117	0.013568	0.45094	0.015274	0.52022
118	0.027848	0.43654	0.031631	0.50398
119	0.068611	0.39566	0.078118	0.45761
120	0.18472	0.27944	0.20996	0.32588
121	0.18244	0.2816	0.20728	0.32867
122	0.1876	0.27633	0.21308	0.32299
123	0.20642	0.2574	0.2342	0.30197
124	0.22026	0.24345	0.24986	0.28643
125	0.22027	0.24331	0.24986	0.28656
126	0.2273	0.23615	0.25798	0.27857
127	0.2107	0.25261	0.23877	0.29792
128	0.20526	0.2579	0.23261	0.30422
129	0.20636	0.25666	0.23406	0.30293
130	0.16782	0.29503	0.19008	0.34707
131	0.12263	0.34006	0.13816	0.39915
132	0.10894	0.3536	0.12237	0.41509
133	0.094655	0.36772	0.10577	0.43185
134	0.089318	0.3729	0.099621	0.43816
135	0.089332	0.37272	0.099661	0.43829
136	0.078373	0.3835	0.087157	0.45097
137	0.076461	0.38524	0.084972	0.45333
138	0.078779	0.38274	0.087658	0.45082
139	0.0726	0.38874	0.080656	0.45801
140	0.072491	0.38866	0.080559	0.45829
141	0.076831	0.38413	0.08559	0.45345
142	0.079027	0.38174	0.088205	0.45103
143	0.087098	0.37346	0.097653	0.44178
144	0.10703	0.35332	0.12102	0.41863
145	0.12046	0.33968	0.13694	0.40292
146	0.15249	0.30743	0.17499	0.36509
147	0.23161	0.22808	0.26953	0.27078
148	0.4572	0.002263	0.53785	0.0026866
149	0.45706	0.0021828	0.53817	0.0025945
150	0.45815	0.00085508	0.53998	0.0010147
151	0.45744	0.001339	0.53964	0.0015872
152	0.45467	0.0038714	0.5369	0.0045638
153	0.45197	0.0063386	0.53421	0.0074861
154	0.45178	0.0062936	0.53447	0.0074516
155	0.44859	0.0092392	0.53122	0.010947
156	0.44839	0.0092053	0.53147	0.010929
157	0.4502	0.007153	0.53415	0.0084995
158	0.45184	0.0052705	0.53661	0.0062813
159	0.45668	0.00017716	0.54293	0.00021262
160	0.45547	0.0011244	0.54206	0.0013395
161	0.45531	0.0010326	0.54242	0.0012345
162	0.45603	4.6712e-05	0.54387	5.5742e-05
163	0.45574	7.2795e-05	0.5441	8.7506e-05
164	0.45544	0.00011823	0.5443	0.00014498
165	0.45525	3.8502e-05	0.54466	5.2282e-05
166	0.4522	0.0028126	0.54119	0.0038059
167	0.44279	0.011949	0.52899	0.016275
168	0.44015	0.01432	0.52589	0.019643
169	0.44069	0.013513	0.52691	0.018888
170	0.44403	0.0098999	0.5314	0.014675
171	0.447	0.0066593	0.53542	0.010929
172	0.44687	0.0065188	0.53546	0.011154
173	0.44452	0.0086051	0.53187	0.015007
174	0.442	0.010867	0.52784	0.019291
175	0.42971	0.022889	0.50645	0.04095
176	0.42632	0.026012	0.50058	0.04708
177	0.42709	0.024981	0.50119	0.046732
178	0.42761	0.024892	0.50201	0.04548
179	0.43288	0.020061	0.51064	0.036421
180	0.44549	0.0078811	0.53229	0.014344
181	0.44846	0.0053247	0.53663	0.0095885
182	0.45073	0.0034578	0.53968	0.0061307
183	0.45257	0.002006	0.54194	0.0034783
184	0.45315	0.0018296	0.54202	0.0030055
185	0.45388	0.0014931	0.54226	0.0023614
186	0.45453	0.0012367	0.54235	0.001879
187	0.45436	0.0018081	0.54131	0.0025287
188	0.4551	0.0014485	0.54145	0.0019941
189	0.45576	0.0011674	0.54149	0.0015812
190	0.44689	0.010397	0.53002	0.01269
191	0.44383	0.013812	0.52561	0.016747
192	0.44402	0.013983	0.52506	0.016933
193	0.43965	0.018698	0.51913	0.022519
194	0.43458	0.024125	0.51233	0.028973
195	0.41081	0.04823	0.48346	0.057494
196	0.37953	0.079843	0.44605	0.094577
197	0.34287	0.11683	0.40222	0.13808
198	0.3308	0.12924	0.38737	0.15259
199	0.18801	0.27237	0.21719	0.32243
200	0.12993	0.33078	0.14843	0.39086
201	0.10653	0.3545	0.12087	0.4181
202	0.097656	0.3637	0.1104	0.42825
203	0.096477	0.3652	0.10882	0.4295
204	0.10003	0.36195	0.11273	0.42528
205	0.11092	0.35137	0.1251	0.41261
206	0.11018	0.35241	0.12413	0.41328
207	0.11499	0.34789	0.1296	0.40752
208	0.11735	0.34581	0.13228	0.40456
209	0.1271	0.33634	0.14359	0.39297
210	0.16038	0.30334	0.18219	0.35409
211	0.23755	0.22644	0.2723	0.26371
212	0.45764	0.0066209	0.52804	0.0076904
213	0.45861	0.0059313	0.52857	0.0068857
214	0.2373	0.22752	0.27082	0.26435
215	0.14716	0.31794	0.16659	0.36831
216	0.11059	0.35477	0.12457	0.41006
217	0.096105	0.36952	0.10799	0.42638
218	0.092986	0.3729	0.10431	0.42981
219	0.09488	0.37126	0.10637	0.42748
220	0.10339	0.363	0.11603	0.41758
221	0.1327	0.33394	0.1493	0.38407
222	0.20072	0.26616	0.22699	0.30613
223	0.2495	0.21761	0.28289	0.24999
224	0.24958	0.21778	0.28273	0.24991
225	0.24933	0.21827	0.28216	0.25025
226	0.19832	0.2695	0.22409	0.30809
227	0.14633	0.32173	0.16469	0.36725
228	0.12551	0.34278	0.14101	0.3907
229	0.099117	0.3694	0.11095	0.42054
230	0.090536	0.37821	0.10105	0.4302
231	0.090057	0.37892	0.10032	0.4307
232	0.0789	0.3903	0.087551	0.44324
233	0.075042	0.39438	0.08311	0.44747
234	0.075931	0.39371	0.08404	0.44632
235	0.083611	0.38624	0.092519	0.43763
236	0.10263	0.36743	0.11375	0.41619
237	0.14992	0.32034	0.16695	0.36279
238	0.11501	0.35544	0.12803	0.40152
239	0.10474	0.36591	0.11646	0.41289
240	0.10163	0.36921	0.11296	0.4162
241	0.098282	0.37275	0.10915	0.41981
242	0.099739	0.37148	0.11076	0.41802
243	0.1092	0.36221	0.1213	0.40729
244	0.14147	0.33012	0.15719	0.37121
245	0.21629	0.25549	0.24096	0.28727
246	0.40011	0.071842	0.44811	0.079942
247	0.40269	0.069453	0.45059	0.077268
248	0.41384	0.05851	0.46247	0.065184
249	0.44042	0.032118	0.49152	0.035944
250	0.44722	0.025518	0.4986	0.028669
251	0.44292	0.030016	0.49325	0.033815
252	0.44258	0.030538	0.49245	0.034428
253	0.44651	0.026808	0.49635	0.030334
254	0.43799	0.035511	0.48628	0.040222
255	0.4355	0.038172	0.48311	0.043216
256	0.43308	0.040768	0.47998	0.046165
257	0.43426	0.039761	0.48094	0.045042
258	0.43979	0.034388	0.4868	0.039016
259	0.43912	0.035214	0.48576	0.039905
260	0.44185	0.032624	0.48858	0.036942
261	0.44992	0.024691	0.49748	0.027913
262	0.45123	0.02352	0.49869	0.026558
263	0.45664	0.018236	0.50458	0.020545
264	0.47495	6.3257e-05	0.52492	7.1096e-05
265	0.47462	0.00052736	0.52427	0.00058539
266	0.47491	0.0003649	0.52432	0.00040294
267	0.4754	1.2515e-05	0.52458	1.3894e-05
268	0.47549	3.7694e-05	0.52443	4.1583e-05
269	0.47535	0.00030414	0.524	0.00033747
270	0.47574	3.3069e-05	0.52419	3.6759e-05
271	0.47561	0.00029003	0.52378	0.0003234
272	0.47555	0.00046364	0.52347	0.00051605
273	0.47611	4.8589e-06	0.52388	6.2992e-06
274	0.47617	3.9373e-05	0.52372	6.9551e-05
275	0.47669	0.00046999	0.52231	0.00053497
276	0.47797	0.0001476	0.52172	0.00016765
277	0.42925	0.049835	0.46574	0.055178
278	0.41298	0.067077	0.44586	0.074081
279	0.40876	0.072274	0.43936	0.079604
280	0.40192	0.080083	0.4301	0.087904
281	0.37059	0.11238	0.39394	0.12309
282	0.35886	0.12507	0.37962	0.13646
283	0.34692	0.13796	0.36508	0.15004
284	0.34363	0.1422	0.36007	0.15411
285	0.33753	0.14923	0.35216	0.16108
286	0.32824	0.15943	0.34101	0.17132
287	0.3184	0.17019	0.32928	0.18213
288	0.31689	0.17261	0.32646	0.18404
289	0.31436	0.17603	0.32267	0.18694
290	0.31954	0.17174	0.32687	0.18184
291	0.33803	0.15415	0.3447	0.16311
292	0.31354	0.17955	0.31768	0.18923
293	0.30488	0.18911	0.30749	0.19853
294	0.30371	0.19115	0.30516	0.19998
295	0.28506	0.21067	0.28506	0.21921
296	0.26344	0.23316	0.26196	0.24145
297	0.25539	0.24206	0.25291	0.24965
298	0.21158	0.28671	0.2081	0.29361
299	0.19323	0.30589	0.18919	0.31169
300	0.18724	0.3127	0.18271	0.31735
301	0.16101	0.33975	0.15623	0.34301
302	0.15128	0.35029	0.14624	0.35219
303	0.14907	0.3533	0.14371	0.35392
304	0.1531	0.35006	0.14736	0.34948
305	0.16906	0.33489	0.16276	0.33329
306	0.20691	0.29782	0.19993	0.29534
307	0.32813	0.17738	0.31894	0.17555
308	0.41384	0.092449	0.40278	0.090935
309	0.49774	0.0093174	0.48388	0.0090627
310	0.4971	0.010497	0.48221	0.010201
311	0.49863	0.0094817	0.48269	0.0091924
312	0.50398	0.0046631	0.48683	0.0045308
313	0.50531	0.0038363	0.48713	0.0037202
314	0.50632	0.003332	0.48713	0.0032171
315	0.50997	0.0001836	0.48967	0.00017693
316	0.47785	0.032816	0.45771	0.031625
317	0.46726	0.043929	0.44651	0.042303
318	0.46378	0.047913	0.44227	0.04604
319	0.46452	0.047665	0.44212	0.045692
320	0.4712	0.041486	0.44761	0.039712
321	0.48851	0.024655	0.46332	0.023515
322	0.49356	0.020103	0.4672	0.019141
323	0.49713	0.017009	0.46972	0.016143
324	0.5094	0.0052255	0.48043	0.0049494
325	0.51003	0.0050669	0.48012	0.0047786
326	0.51296	0.0026145	0.48197	0.0024538
327	0.51606	6.3751e-06	0.48393	5.9608e-06
328	0.51518	0.0013504	0.48221	0.001253
329	0.51562	0.0013897	0.4817	0.001287
330	0.51749	5.6008e-06	0.4825	5.1662e-06
331	0.5172	0.00076272	0.48133	0.00070263
332	0.50698	0.01146	0.47098	0.010582
333	0.50347	0.01544	0.46689	0.014201
334	0.50367	0.015709	0.46621	0.014412
335	0.50728	0.012564	0.46866	0.011492
336	0.51938	0.00095039	0.47881	0.00086628
337	0.51855	0.0022429	0.47716	0.0020434
338	0.51918	0.0020811	0.47684	0.0018921
339	0.52171	3.2338e-05	0.47823	2.9567e-05
340	0.52209	0.00012167	0.47768	0.0001115
341	0.52221	0.00045664	0.47692	0.00041529
342	0.52312	5.8627e-07	0.47688	5.2425e-07
343	0.52306	0.0005122	0.47598	0.00045334
344	0.52321	0.00080829	0.47527	0.00071146
345	0.52416	0.00030495	0.47529	0.00024643
346	0.52411	0.00080476	0.47446	0.00063332
347	0.524	0.0013496	0.47363	0.0010283
348	0.52498	0.00080528	0.47371	0.00050318
349	0.52293	0.0020938	0.47327	0.0017027
350	0.52216	0.0020944	0.47399	0.0017525
351	0.52265	0.00081587	0.47584	0.00068764
352	0.51907	0.0036234	0.47405	0.0032597
353	0.51798	0.0039353	0.47451	0.0035705
354	0.5184	0.0027308	0.47638	0.002489
355	0.51708	0.0032628	0.47666	0.0029981
356	0.51711	0.0024375	0.4782	0.0022493
357	0.51733	0.0014264	0.47991	0.00133
358	0.51636	0.0015857	0.48057	0.0014868
359	0.51638	0.0007461	0.48217	0.00070406
360	0.51627	1.4697e-05	0.4837	1.4077e-05
361	0.51524	0.00019568	0.48438	0.00018617
362	0.51433	0.00023641	0.48521	0.00022566
363	0.51305	0.00062732	0.48573	0.00059706
364	0.51198	0.00081285	0.48643	0.0007791
365	0.51089	0.00101	0.48713	0.00097093
366	0.50977	0.001218	0.48784	0.0011713
367	0.50886	0.0012167	0.48874	0.0011759
368	0.50897	0.00018713	0.49066	0.00018046
369	0.50803	0.00021392	0.49155	0.00020657
370	0.50597	0.001364	0.49134	0.0013274
371	0.505	0.0014113	0.49222	0.0013748
372	0.50543	5.856e-05	0.49445	5.7752e-05
373	0.50444	0.00011045	0.49534	0.00010916
374	0.50237	0.0012307	0.49519	0.0012126
375	0.50034	0.0023088	0.49506	0.002289
376	0.49947	0.0022184	0.4961	0.0022048
377	0.50019	0.00054518	0.49872	0.00054738
378	0.49956	0.00020225	0.50004	0.00020466
379	0.49858	0.0001876	0.50104	0.00018985
380	0.49727	0.00048872	0.50175	0.00049207
381	0.49676	5.4971e-08	0.50324	5.5258e-08
382	0.49524	0.00053005	0.50369	0.00053865
383	0.49384	0.00094773	0.50425	0.00097013
384	0.49322	0.0005563	0.50565	0.00057001
385	0.49274	4.5609e-05	0.50717	4.7194e-05
386	0.49176	3.6568e-06	0.50823	3.778e-06
387	0.49076	1.8154e-06	0.50924	2.2893e-06
388	0.48916	0.00060285	0.50944	0.00079272
389	0.48752	0.0012289	0.50959	0.0016669
390	0.48676	0.00095304	0.51082	0.0014663
391	0.47758	0.0091011	0.49921	0.014104
392	0.46826	0.0174	0.48705	0.027283
393	0.46421	0.02041	0.48291	0.032463
394	0.45029	0.033303	0.46297	0.053432
395	0.44472	0.037821	0.45609	0.061369
396	0.44405	0.037447	0.45615	0.062349
397	0.43712	0.044269	0.44949	0.069116
398	0.42924	0.052041	0.44175	0.076968
399	0.42698	0.054186	0.44022	0.078619
400	0.43044	0.050609	0.44584	0.073114
401	0.44145	0.039474	0.46205	0.057024
402	0.46788	0.01291	0.50046	0.018746
403	0.4662	0.014456	0.49916	0.020187
404	0.46697	0.013536	0.50085	0.018644
405	0.47238	0.0079794	0.50869	0.010954
406	0.47356	0.0066526	0.51075	0.0090405
407	0.47752	0.0025474	0.51648	0.0034546
408	0.47835	0.0015695	0.51798	0.0021078
409	0.47686	0.0028949	0.51671	0.0035331
410	0.47673	0.002858	0.51698	0.0034278
411	0.47788	0.0015331	0.51876	0.0018228
412	0.47921	3.5409e-05	0.52071	4.2128e-05
413	0.47905	1.2881e-05	0.52092	1.4281e-05
414	0.47744	0.0014326	0.51958	0.0015436
415	0.45634	0.02235	0.49711	0.024198
416	0.45003	0.028474	0.4906	0.030891
417	0.4493	0.029024	0.49014	0.031538
418	0.44747	0.030666	0.48851	0.033354
419	0.4488	0.029146	0.49036	0.031701
420	0.45593	0.021822	0.49852	0.023727
421	0.45671	0.020847	0.49975	0.022691
422	0.46216	0.015212	0.50602	0.016605
423	0.47663	0.00054799	0.52222	0.00060202
424	0.46969	0.007299	0.51493	0.008084
425	0.46692	0.0098715	0.51229	0.010927
426	0.4664	0.010175	0.51216	0.011258
427	0.46569	0.010675	0.51185	0.011793
428	0.46758	0.0085679	0.51439	0.0094606
429	0.47547	0.00046295	0.52355	0.00051937
430	0.47457	0.0011422	0.52301	0.0012765
431	0.46547	0.01003	0.51327	0.011234
432	0.462	0.013273	0.50987	0.014858
433	0.45039	0.024657	0.49732	0.027638
434	0.43432	0.040493	0.47986	0.045329
435	0.42825	0.046319	0.4736	0.05183
436	0.3321	0.14222	0.36796	0.15772
437	0.29857	0.17551	0.33111	0.19482
438	0.28759	0.18624	0.31917	0.207
439	0.12144	0.35213	0.1351	0.39133
440	0.06317	0.41015	0.070195	0.45648
441	0.045056	0.42802	0.049914	0.47701
442	0.038015	0.4348	0.042096	0.48509
443	0.036603	0.43596	0.040524	0.48692
444	0.039144	0.43316	0.043318	0.48438
445	0.036333	0.43572	0.040126	0.48782
446	0.03692	0.43487	0.04076	0.48745
447	0.041061	0.43047	0.045359	0.48311
448	0.032752	0.4385	0.036126	0.49262
449	0.029966	0.44101	0.033078	0.49595
450	0.031237	0.43946	0.03452	0.49478
451	0.02609	0.44433	0.028756	0.50082
452	0.025267	0.44488	0.027814	0.50204
453	0.026979	0.44289	0.029716	0.50042
454	0.027282	0.4423	0.030073	0.50035
455	0.030531	0.43875	0.033747	0.49697
456	0.032396	0.43659	0.035907	0.49511
457	0.038437	0.43024	0.042828	0.48849
458	0.042231	0.42613	0.047257	0.48438
459	0.056472	0.41158	0.063565	0.46838
460	0.070284	0.39746	0.079334	0.45292
461	0.1027	0.36472	0.11653	0.41604
462	0.18253	0.28458	0.20876	0.32414
463	0.2032	0.26358	0.2328	0.30041
464	0.26356	0.2029	0.30226	0.23128
465	0.45661	0.0095391	0.52291	0.010944
466	0.45699	0.0088361	0.52403	0.010147
467	0.46058	0.004919	0.52883	0.0056719
468	0.46333	0.0018335	0.53272	0.0021143
469	0.46277	0.0020638	0.53278	0.0023851
470	0.46329	0.0012054	0.53411	0.0013912
471	0.46399	0.00016833	0.53564	0.00019578
472	0.46365	0.00017007	0.53599	0.00019767
473	0.46301	0.0004531	0.53602	0.00052339
474	0.46305	6.2355e-05	0.53682	7.2057e-05
475	0.46269	7.5751e-05	0.53715	8.8555e-05
476	0.46221	0.00019398	0.53737	0.00022675
477	0.46185	0.000187	0.53775	0.00021755
478	0.46165	2.3131e-05	0.5383	2.695e-05
479	0.46104	0.00027343	0.53837	0.00032144
480	0.46093	1.4295e-05	0.53904	1.6965e-05
481	0.45899	0.0015833	0.53754	0.0018837
482	0.45827	0.0019297	0.5375	0.002299
483	0.4585	0.0013136	0.53862	0.0015711
484	0.44051	0.018922	0.51798	0.022588
485	0.36145	0.097582	0.42493	0.11603
486	0.32937	0.12926	0.38772	0.15365
487	0.18352	0.2747	0.21681	0.32497
488	0.13791	0.3199	0.16313	0.37906
489	0.11842	0.33897	0.14043	0.40218
490	0.044498	0.41248	0.052935	0.49009
491	0.021361	0.4352	0.02537	0.51807
492	0.011985	0.44415	0.014263	0.5296
493	0.009265	0.44645	0.011026	0.53326
494	0.008491	0.4468	0.010124	0.53459
495	0.0092149	0.44564	0.011028	0.53412
496	0.006749	0.44767	0.0080996	0.53748
497	0.0065248	0.44746	0.0078405	0.53817
498	0.0082096	0.44535	0.0098617	0.53658
499	0.0066641	0.44646	0.0080146	0.53886
500	0.0069994	0.44569	0.0084204	0.53889
501	0.0087936	0.44345	0.010602	0.53716
502	0.014549	0.43725	0.017549	0.53065
503	0.031161	0.4202	0.037522	0.51112
504	0.071926	0.37899	0.086944	0.46214
505	0.08193	0.36854	0.099166	0.45037
506	0.106	0.34401	0.12863	0.42135
507	0.17519	0.27437	0.21282	0.33762
508	0.22759	0.22151	0.27734	0.27356
509	0.35661	0.092017	0.4371	0.11427
510	0.44707	0.0010812	0.5505	0.0013549
511	0.44626	0.0013991	0.5506	0.0017465
512	0.44647	0.00069318	0.55196	0.00087228
513	0.44591	0.00076061	0.55238	0.00095745
514	0.44438	0.0017694	0.55163	0.0022137
515	0.44391	0.0017152	0.55223	0.0021427
516	0.44494	0.00016685	0.55468	0.00020853
517	0.44321	0.001388	0.55366	0.0017408
518	0.4425	0.0015736	0.55395	0.0019737
519	0.44304	0.00050746	0.55581	0.00064226
520	0.43651	0.0065104	0.54877	0.0082147
521	0.43427	0.0082245	0.54709	0.010415
522	0.43208	0.009888	0.54545	0.012578
523	0.4017	0.039753	0.50739	0.051158
524	0.39115	0.049791	0.49473	0.064329
525	0.38719	0.05323	0.49064	0.068948
526	0.38131	0.058572	0.48412	0.076002
527	0.38008	0.059253	0.48362	0.077043
528	0.38328	0.055499	0.4889	0.072328
529	0.381	0.057222	0.48707	0.074711
530	0.37863	0.059044	0.48506	0.077269
531	0.38049	0.056619	0.4886	0.074291
532	0.37568	0.060877	0.48341	0.080031
533	0.3752	0.060785	0.48392	0.080087
534	0.38048	0.054942	0.4919	0.072669
535	0.37056	0.064292	0.48008	0.085066
536	0.36817	0.066109	0.47805	0.087673
537	0.36987	0.063826	0.48144	0.084864
538	0.37142	0.0617	0.4846	0.082287
539	0.37848	0.054043	0.49513	0.072341
540	0.39664	0.035285	0.52062	0.047457
541	0.40934	0.021966	0.53906	0.029628
542	0.40233	0.028358	0.53123	0.038088
543	0.39999	0.030058	0.5296	0.040358
544	0.29352	0.13589	0.39058	0.18001
545	0.26019	0.16859	0.34728	0.22394
546	0.24901	0.17914	0.3332	0.23864
547	0.11815	0.30938	0.15748	0.41499
548	0.064918	0.36198	0.086348	0.48676
549	0.043327	0.38293	0.057676	0.51607
550	0.014757	0.41085	0.019743	0.55465
551	0.0058207	0.41913	0.0077864	0.56726
552	0.0030686	0.42124	0.0040761	0.57162
553	0.0020156	0.42163	0.0026634	0.57369
554	0.0017522	0.42123	0.0023142	0.5747
555	0.0023006	0.42002	0.0030434	0.57464
556	0.0023412	0.41931	0.0030966	0.57526
557	0.0031266	0.41784	0.0041586	0.57487
558	0.0053319	0.41495	0.0071604	0.57256
559	0.006731	0.41285	0.0090967	0.57132
560	0.010599	0.40827	0.014468	0.56666
561	0.02026	0.39789	0.027983	0.55386
562	0.042559	0.37487	0.059447	0.52312
563	0.11366	0.30304	0.15943	0.42386
564	0.31585	0.10014	0.44323	0.14078
565	0.31239	0.10288	0.43961	0.14513
566	0.31359	0.10095	0.44262	0.14284
567	0.3242	0.089613	0.45888	0.12731
568	0.31542	0.09766	0.44778	0.13915
569	0.31393	0.098417	0.44696	0.14069
570	0.31752	0.094073	0.45351	0.1349
571	0.15795	0.25289	0.22753	0.36163
572	0.10798	0.3021	0.15643	0.43349
573	0.092571	0.31676	0.13458	0.45609
574	0.038319	0.37026	0.055698	0.53572
575	0.01483	0.39299	0.021645	0.57054
576	0.0066152	0.40044	0.0096468	0.58329
577	0.0032917	0.403	0.0048138	0.58889
578	0.0022143	0.40331	0.003237	0.59124
579	0.0018994	0.40285	0.0027837	0.59247
580	0.0013585	0.40262	0.0019865	0.59404
581	0.0013274	0.40187	0.0019445	0.59486
582	0.0017789	0.40062	0.0026214	0.59498
583	0.0020046	0.39961	0.0029598	0.59543
584	0.0018307	0.39898	0.0027131	0.59648
585	0.0021733	0.39783	0.0032435	0.59676
586	0.0010042	0.39819	0.0015004	0.59931
587	0.00071371	0.39767	0.0010622	0.60055
588	0.00069515	0.39687	0.0010346	0.6014
589	0.00093428	0.39581	0.0013974	0.60186
590	0.0016071	0.3943	0.002424	0.60167
591	0.0039067	0.39117	0.0059131	0.59901
592	0.0019551	0.39228	0.0029551	0.60281
593	0.001136	0.39225	0.0017193	0.6049
594	0.00084065	0.39168	0.0012798	0.6062
595	0.00084954	0.3908	0.0013077	0.60704
596	0.001321	0.38946	0.0020505	0.60717
597	0.0030225	0.38689	0.004709	0.60538
598	0.003979	0.38505	0.0062346	0.60473
599	0.0064463	0.3817	0.010185	0.60167
600	0.012631	0.37462	0.020165	0.59259
601	0.030314	0.35604	0.048637	0.56501
602	0.080607	0.30485	0.12951	0.48504
603	0.24061	0.14396	0.38628	0.22916
604	0.24261	0.14107	0.39091	0.22542
605	0.25524	0.12755	0.41251	0.20469
606	0.28604	0.095865	0.46373	0.15437
607	0.29385	0.087164	0.47804	0.14095
608	0.30157	0.078557	0.4922	0.12767
609	0.32276	0.056471	0.5285	0.092275
610	0.32712	0.051214	0.53755	0.084117
611	0.33949	0.037936	0.5599	0.062671
612	0.3715	0.0050037	0.61517	0.0083282
613	0.37298	0.0025788	0.62015	0.0042971
614	0.37456	6.3376e-05	0.62527	0.00010662
615	0.37364	2.3584e-05	0.62629	3.9577e-05
616	0.37259	0.00012803	0.62706	0.00021641
617	0.3713	0.00047916	0.6274	0.00081843
618	0.3705	0.00032014	0.62862	0.00055163
619	0.35703	0.012825	0.60817	0.021982
620	0.35125	0.017607	0.60089	0.030247
621	0.34968	0.0182	0.60072	0.031406
622	0.12758	0.23929	0.22081	0.41231
623	0.049809	0.31606	0.086615	0.54751
624	0.022581	0.3423	0.039248	0.59588
625	0.010813	0.35306	0.018822	0.61731
626	0.0060625	0.35679	0.010611	0.62654
627	0.0045292	0.3573	0.0079546	0.63021
628	0.0043731	0.35644	0.0077008	0.63148
629	0.0050913	0.3547	0.0090084	0.6312
630	0.0072154	0.35153	0.01286	0.62839
631	0.014364	0.34335	0.025719	0.61657
632	0.031911	0.32475	0.057616	0.58572
633	0.081818	0.2738	0.14825	0.49613
634	0.22358	0.13099	0.40561	0.23981
635	0.25476	0.098753	0.46456	0.18192
636	0.33232	0.020115	0.61035	0.037213
637	0.33214	0.019205	0.613	0.035655
638	0.33579	0.014466	0.6228	0.026951
639	0.34883	0.00033927	0.65019	0.00064125
640	0.34803	6.7603e-05	0.65177	0.00013884
641	0.34645	0.00057926	0.65175	0.0012191
642	0.34484	0.0010985	0.65171	0.0023464
643	0.34411	0.00075533	0.65338	0.0017549
644	0.34271	0.0010573	0.65369	0.0025459
645	0.34197	0.00068666	0.65543	0.0019226
646	0.32708	0.015066	0.62763	0.030226
647	0.32059	0.021034	0.61638	0.042
648	0.319	0.022107	0.61465	0.044242
649	0.29345	0.047127	0.56576	0.093669
650	0.28244	0.057601	0.54549	0.11447
651	0.27969	0.059809	0.54134	0.11915
652	0.26483	0.074131	0.51333	0.14771
653	0.26013	0.078281	0.50523	0.15635
654	0.25955	0.078316	0.5053	0.15683
655	0.25047	0.086831	0.48867	0.17403
656	0.24837	0.088372	0.48571	0.17755
657	0.2501	0.086072	0.49043	0.17341
658	0.2506	0.084981	0.49281	0.1716
659	0.25728	0.077727	0.5075	0.15749
660	0.27437	0.060049	0.54344	0.12215
661	0.27828	0.055549	0.55279	0.11338
662	0.29006	0.043172	0.57828	0.088488
663	0.31836	0.01426	0.63802	0.029364
664	0.31693	0.015067	0.63699	0.031013
665	0.3179	0.013479	0.64082	0.027803
666	0.32312	0.0076422	0.65336	0.015871
667	0.3235	0.0066368	0.65605	0.013817
668	0.32366	0.0058393	0.65834	0.012167
669	0.32639	0.0024734	0.66595	0.0051846
670	0.32819	2.1659e-05	0.67174	4.547e-05
671	0.32737	0.00020818	0.672	0.00043082
672	0.32689	2.5216e-05	0.67303	5.2143e-05
673	0.32532	0.00092795	0.67185	0.001901
674	0.32462	0.00096528	0.67243	0.0019835
675	0.32484	8.6086e-05	0.67489	0.00017855
676	0.32395	0.00030369	0.67511	0.00063232
677	0.3232	0.0003893	0.6756	0.00081667
678	0.32291	1.5993e-06	0.67709	3.3572e-06
679	0.3222	2.8332e-05	0.67771	6.016e-05
680	0.32117	0.00036762	0.67768	0.00077918
681	0.32057	0.00027339	0.67858	0.00057922
682	0.31974	0.00040572	0.67899	0.00086311
683	0.3189	0.0005322	0.67944	0.0011317
684	0.31872	4.2974e-06	0.68126	9.3365e-06
685	0.3172	0.00080532	0.68024	0.0017487
686	0.31639	0.00088997	0.68079	0.0019385
687	0.31619	0.00033761	0.68274	0.00073812
688	0.31548	0.00027607	0.68364	0.0006004
689	0.31451	0.00048909	0.68394	0.0010625
690	0.31414	0.00010761	0.68552	0.00023594
691	0.31347	1.0354e-05	0.6865	2.2943e-05
692	0.31256	0.00013643	0.687	0.00030144
693	0.31127	0.00062795	0.68671	0.0013843
694	0.30845	0.002632	0.68313	0.0057867
695	0.30736	0.0029146	0.68329	0.0064337
696	0.30716	0.0022933	0.68548	0.0050604
697	0.30425	0.0043947	0.68162	0.0097391
698	0.30313	0.0046989	0.68171	0.010456
699	0.30211	0.0049183	0.68198	0.011
700	0.30087	0.0053342	0.68182	0.011972
701	0.3011	0.0042943	0.68494	0.0096678
702	0.30445	0.00013297	0.69511	0.00030899
703	0.30339	0.00036376	0.69539	0.00085595
704	0.30282	0.000122	0.69675	0.00031342
705	0.30208	4.1911e-05	0.69772	0.00015649
706	0.3013	0.00077177	0.69607	0.0018585
707	0.30115	0.00086438	0.69593	0.0020641
708	0.30155	0.0003887	0.69713	0.00092737
709	0.30103	0.00084466	0.69613	0.0019918
710	0.30106	0.00074078	0.69646	0.0017452
711	0.30172	7.7486e-07	0.69828	1.8179e-06
712	0.29777	0.0038693	0.68935	0.0090076
713	0.2934	0.0081723	0.67935	0.019082
714	0.2919	0.009591	0.67612	0.022388
715	0.27074	0.030671	0.62692	0.071671
716	0.26232	0.039005	0.60762	0.09106
717	0.26003	0.041206	0.60251	0.096248
718	0.25772	0.043435	0.59728	0.10156
719	0.25827	0.042805	0.59877	0.10015
720	0.26243	0.038544	0.6088	0.09023
721	0.23717	0.063699	0.55079	0.14834
722	0.22863	0.072138	0.53125	0.16799
723	0.22711	0.073551	0.52795	0.17139
724	0.21777	0.082794	0.50625	0.19318
725	0.2148	0.085666	0.49955	0.19999
726	0.21568	0.084669	0.50193	0.19772
727	0.22328	0.07696	0.51991	0.17985
728	0.24185	0.058274	0.5638	0.13608
729	0.28517	0.014829	0.66652	0.033482
730	0.28473	0.015141	0.66601	0.034114
731	0.28671	0.013047	0.67105	0.029197
732	0.29222	0.0074154	0.68444	0.015924
733	0.29334	0.0061701	0.68755	0.012945
734	0.29277	0.0066175	0.68683	0.01378
735	0.29354	0.005718	0.68917	0.011568
736	0.29251	0.0066185	0.68758	0.013283
737	0.24786	0.051146	0.59777	0.10322
738	0.22979	0.069093	0.56192	0.1392
739	0.16493	0.13382	0.43153	0.26972
740	0.14474	0.15388	0.39104	0.31034
741	0.13904	0.15946	0.38018	0.32132
742	0.13053	0.16785	0.36339	0.33823
743	0.12881	0.16945	0.36115	0.34059
744	0.13255	0.16559	0.37238	0.32948
745	0.13047	0.16756	0.36935	0.33262
746	0.13242	0.16548	0.37616	0.32594
747	0.14015	0.15762	0.39869	0.30354
748	0.13957	0.15574	0.39926	0.30543
749	0.14568	0.14718	0.41427	0.29287
750	0.16331	0.12707	0.45347	0.25615
751	0.22223	0.065681	0.57775	0.13435
752	0.23354	0.051865	0.60712	0.10748
753	0.27404	0.0088627	0.69839	0.018701
754	0.27181	0.0085654	0.70105	0.018573
755	0.27166	0.0061975	0.70844	0.013703
756	0.27486	0.00044627	0.7237	0.0010007
757	0.2723	0.00046129	0.72613	0.0011097
758	0.27015	3.4074e-05	0.72973	8.3813e-05
759	0.26762	2.4745e-06	0.73237	6.6061e-06
760	0.265	1.6686e-05	0.73494	4.6495e-05
761	0.26234	2.3398e-05	0.73757	6.5697e-05
762	0.25957	0.0001717	0.73977	0.00049125
763	0.25652	0.00060611	0.7411	0.0017678
764	0.25391	0.00056934	0.74384	0.0016853
765	0.25176	1.6965e-05	0.74817	5.1263e-05
766	0.24884	0.00020005	0.75036	0.00060453
767	0.246	0.00030941	0.75274	0.0009525
768	0.24345	8.6589e-05	0.75619	0.00027188
769	0.24068	4.3215e-05	0.75913	0.00013761
770	0.2377	0.00023122	0.76132	0.00074917
771	0.23469	0.00039355	0.76362	0.0012923
772	0.2318	0.00046515	0.76618	0.0015586
773	0.22924	0.0001596	0.77005	0.00055464
774	0.22645	9.1019e-05	0.77312	0.00033948
775	0.22312	0.00046547	0.77466	0.0017547
776	0.21969	0.00089858	0.77596	0.0034575
777	0.21672	0.00081468	0.7792	0.0032636
778	0.21334	0.0011653	0.78069	0.004804
779	0.21041	0.0010084	0.78419	0.0043824
780	0.20803	0.00026602	0.79006	0.0016435
781	0.20648	0.00086623	0.78876	0.0038963
782	0.205	0.0014011	0.78766	0.0059413
783	0.20407	0.0013685	0.78881	0.005748
784	0.20316	0.0013263	0.78997	0.0055395
785	0.20281	0.00070907	0.79352	0.0029579
786	0.20253	2.2826e-05	0.79735	9.6073e-05
787	0.2014	0.00020006	0.79759	0.00080873
788	0.20036	0.00029409	0.79814	0.0012038
789	0.1996	8.5265e-05	0.79994	0.0003732
790	0.19806	0.00066493	0.79833	0.0029455
791	0.19709	0.00068405	0.79909	0.0031304
792	0.19652	0.00028966	0.80162	0.0015723
793	0.19529	0.00054841	0.80105	0.0031128
794	0.19441	0.00044933	0.80222	0.0029203
795	0.19313	0.00073596	0.80111	0.0050213
796	0.1881	0.0055783	0.78086	0.025466
797	0.18595	0.0075263	0.77287	0.033653
798	0.18532	0.0079563	0.77133	0.035395
799	0.1862	0.0068801	0.77627	0.030658
800	0.18668	0.0061905	0.77955	0.027584
801	0.1888	0.0038492	0.79018	0.017171
802	0.19039	0.0020357	0.79853	0.0090421
803	0.18979	0.0024122	0.79721	0.010586
804	0.19005	0.0019301	0.79955	0.0084615
805	0.18808	0.0036767	0.79246	0.015785
806	0.18751	0.0040215	0.79123	0.017241
807	0.18771	0.0035873	0.79334	0.015362
808	0.18769	0.0033671	0.79456	0.014379
809	0.18665	0.0041739	0.79142	0.01776
810	0.18673	0.0038566	0.79301	0.016405
811	0.1884	0.001951	0.80136	0.0082886
812	0.19001	0.00011229	0.8094	0.00047777
813	0.18975	0.00014888	0.80946	0.00063879
814	0.1886	0.0010786	0.80565	0.00467
815	0.18823	0.0012298	0.80518	0.0053544
816	0.18836	0.00087357	0.80693	0.0038396
817	0.18716	0.0018387	0.80294	0.0080616
818	0.1867	0.0020565	0.80222	0.0090245
819	0.18681	0.0016925	0.80405	0.0074472
820	0.18614	0.0021034	0.80253	0.0092265
821	0.18619	0.0017913	0.80414	0.0078798
822	0.18712	0.00059247	0.80966	0.002623
823	0.18678	0.00067519	0.80955	0.0029946
824	0.18637	0.00080904	0.80923	0.003587
825	0.18638	0.00051892	0.81079	0.0023092
826	0.18533	0.0012814	0.80775	0.0056408
827	0.18499	0.0013289	0.80781	0.0058637
828	0.1852	0.00082654	0.81032	0.0036543
829	0.1849	0.00083139	0.81058	0.0036853
830	0.18463	0.00081208	0.81094	0.0036192
831	0.18483	0.00031317	0.81343	0.0014204
832	0.18114	0.0037133	0.79828	0.016873
833	0.1796	0.0049483	0.79295	0.022507
834	0.17913	0.0050969	0.79253	0.023237
835	0.17848	0.0054218	0.79135	0.024744
836	0.17618	0.0074025	0.78264	0.033777
837	0.17539	0.0078687	0.78079	0.035956
838	0.16508	0.017845	0.73569	0.081386
839	0.16062	0.021972	0.71714	0.10026
840	0.15936	0.022903	0.71296	0.10478
841	0.15356	0.028375	0.68789	0.13018
842	0.14543	0.036162	0.65228	0.16613
843	0.13417	0.047074	0.60246	0.21629
844	0.12942	0.051477	0.5823	0.23681
845	0.12797	0.052557	0.57726	0.24221
846	0.12881	0.051353	0.5827	0.23714
847	0.1343	0.045487	0.6096	0.21061
848	0.15307	0.026359	0.69756	0.12301
849	0.16619	0.01286	0.76035	0.060605
850	0.16636	0.012302	0.76321	0.058119
851	0.16875	0.0095353	0.77638	0.045332
852	0.17546	0.0024397	0.81013	0.011972
853	0.17462	0.0028718	0.80842	0.014082
854	0.17447	0.0026093	0.81005	0.012871
855	0.17523	0.0014372	0.81607	0.0072684
856	0.17327	0.0029624	0.80903	0.014742
857	0.16588	0.009909	0.77558	0.048629
858	0.13406	0.041278	0.62349	0.20117
859	0.090704	0.084175	0.41561	0.40951
860	0.077124	0.097297	0.3506	0.47498
861	0.071741	0.10221	0.32547	0.50058
862	0.070765	0.10273	0.32141	0.5051
863	0.07213	0.10089	0.32847	0.49851
864	0.077147	0.09539	0.3527	0.47476
865	0.094316	0.077743	0.43311	0.39483
866	0.13418	0.037393	0.62039	0.20804
867	0.13658	0.034505	0.63328	0.19563
868	0.12062	0.049976	0.54567	0.28374
869	0.098242	0.071849	0.4218	0.40811
870	0.088592	0.080987	0.36905	0.46138
871	0.075215	0.093844	0.29529	0.53565
872	0.070718	0.097823	0.27042	0.56103
873	0.07013	0.097895	0.26619	0.56579
874	0.069455	0.098056	0.26133	0.57116
875	0.070907	0.096082	0.26624	0.56677
876	0.076006	0.090453	0.28589	0.54765
877	0.072511	0.093408	0.26538	0.5687
878	0.072173	0.093209	0.26184	0.57278
879	0.07403	0.090806	0.26812	0.56704
880	0.07207	0.092906	0.26166	0.57336
881	0.072297	0.092815	0.26506	0.56983
882	0.072124	0.093124	0.26636	0.56839
883	0.071627	0.093758	0.26598	0.56863
884	0.070224	0.095293	0.26152	0.57296
885	0.07091	0.094734	0.26685	0.56751
886	0.067002	0.098763	0.25185	0.58238
887	0.065942	0.09994	0.24885	0.58527
888	0.067092	0.098899	0.25643	0.57758
889	0.067266	0.09883	0.25913	0.57478
890	0.066596	0.099601	0.25785	0.57595
891	0.065071	0.10122	0.25277	0.58094
892	0.062698	0.10368	0.24409	0.58953
893	0.062583	0.10388	0.2454	0.58813
894	0.064634	0.10191	0.25771	0.57575
895	0.066281	0.10034	0.26773	0.56564
896	0.056799	0.1099	0.22925	0.60406
897	0.053209	0.11356	0.21513	0.6181
898	0.039712	0.12712	0.16013	0.67304
899	0.034349	0.13255	0.13857	0.69453
900	0.032885	0.13408	0.1331	0.69993
901	0.033561	0.13347	0.13724	0.69573
902	0.03352	0.13357	0.13801	0.69489
903	0.035431	0.13172	0.14831	0.68454
904	0.036514	0.13069	0.15454	0.67826
905	0.041065	0.12619	0.17825	0.65449
906	0.056168	0.11114	0.25593	0.57677
907	0.067025	0.10033	0.31211	0.52054
908	0.092272	0.075123	0.44342	0.38918
909	0.16432	0.0031193	0.81626	0.016305
910	0.16134	0.0061404	0.80099	0.031528
911	0.16055	0.0069806	0.79669	0.035783
912	0.16072	0.0068573	0.79728	0.035147
913	0.16068	0.0069285	0.79693	0.035466
914	0.16161	0.0060217	0.80155	0.030816
915	0.16419	0.0034644	0.81464	0.017703
916	0.1575	0.01018	0.7812	0.051125
917	0.15493	0.012767	0.76841	0.063898
918	0.15447	0.013238	0.76608	0.066212
919	0.15558	0.012153	0.77145	0.060817
920	0.15629	0.011456	0.77495	0.057308
921	0.15969	0.008068	0.79179	0.040451
922	0.16012	0.0076494	0.79389	0.038341
923	0.16183	0.0059398	0.8025	0.029725
924	0.16775	2.485e-05	0.8321	0.0001252
925	0.16698	0.00080027	0.8282	0.0040211
926	0.16617	0.0016192	0.82405	0.0081612
927	0.16617	0.0016308	0.82394	0.0082581
928	0.1565	0.01131	0.77492	0.057267
929	0.14302	0.024786	0.7071	0.12509
930	0.13899	0.028816	0.68668	0.14551
931	0.12501	0.042799	0.61552	0.21667
932	0.11913	0.048682	0.58573	0.24647
933	0.11698	0.050819	0.57493	0.25727
934	0.11438	0.053409	0.56177	0.27044
935	0.11409	0.053683	0.5603	0.27192
936	0.11609	0.051662	0.57034	0.2619
937	0.11444	0.053293	0.56224	0.27003
938	0.11484	0.052854	0.56453	0.26778
939	0.11786	0.049798	0.58007	0.25228
940	0.12867	0.038954	0.63479	0.19759
941	0.15385	0.013726	0.76292	0.069504
942	0.16108	0.0064509	0.79971	0.032754
943	0.16099	0.0065051	0.79947	0.033032
944	0.16185	0.0056044	0.80407	0.028479
945	0.16448	0.0029156	0.8178	0.014804
946	0.16414	0.0032028	0.81647	0.016187
947	0.16471	0.0025703	0.81975	0.012969
948	0.16716	7.1072e-05	0.83241	0.00036559
949	0.167	0.00016747	0.83198	0.00085414
950	0.16684	0.00025157	0.83162	0.0012802
951	0.16693	9.5776e-05	0.83248	0.00049535
952	0.16685	8.4848e-05	0.83262	0.00044425
953	0.16668	0.00016446	0.83229	0.00086308
954	0.16672	2.5521e-05	0.83308	0.00016821
955	0.16396	0.0026988	0.81556	0.017784
956	0.15158	0.014979	0.73504	0.098407
957	0.14628	0.020167	0.70093	0.13262
958	0.13963	0.026713	0.65756	0.1761
959	0.13696	0.029264	0.64014	0.19364
960	0.13637	0.029742	0.63553	0.19837
961	0.13181	0.034177	0.60552	0.22849
962	0.11377	0.052105	0.48518	0.34895
963	0.10656	0.059189	0.43713	0.39712
964	0.097274	0.068993	0.39769	0.43604
965	0.094538	0.072245	0.38597	0.44725
966	0.09483	0.072471	0.38827	0.44443
967	0.094884	0.072925	0.38939	0.4428
968	0.097196	0.071113	0.40265	0.42904
969	0.10333	0.065467	0.43814	0.39306
970	0.11772	0.051561	0.52266	0.30805
971	0.1304	0.039367	0.59587	0.23435
972	0.16146	0.0087827	0.77807	0.051682
973	0.16075	0.009977	0.7723	0.056971
974	0.16147	0.0097417	0.77379	0.054997
975	0.16362	0.008064	0.78318	0.045142
976	0.16402	0.0081343	0.78294	0.0449
977	0.16585	0.0067899	0.79014	0.037224
978	0.17075	0.0023679	0.81384	0.013047
979	0.17054	0.0030685	0.81005	0.016343
980	0.17106	0.003016	0.81003	0.015887
981	0.17239	0.0021502	0.81416	0.011295
982	0.17353	0.0014683	0.81732	0.0076803
983	0.17386	0.0015772	0.81647	0.0080877
984	0.17494	0.00094968	0.81924	0.0048729
985	0.17491	0.0014194	0.81662	0.0070596
986	0.1754	0.001351	0.81659	0.0066593
987	0.17649	0.0006783	0.8195	0.0033288
988	0.17654	0.0010462	0.81738	0.0050272
989	0.17703	0.0009739	0.81735	0.0046459
990	0.17178	0.006634	0.79068	0.030905
991	0.16446	0.014362	0.75481	0.066372
992	0.16164	0.017576	0.73994	0.080838
993	0.16139	0.018227	0.7368	0.083587
994	0.16257	0.017433	0.74031	0.07968
995	0.16659	0.013805	0.75669	0.06291
996	0.17788	0.00292	0.80577	0.013436
997	0.17901	0.0021812	0.80871	0.010097
998	0.17917	0.0024184	0.80723	0.011188
999	0.17992	0.0020457	0.80855	0.0094848
1000	0.17983	0.0025056	0.80609	0.011567
1001	0.17948	0.003218	0.80253	0.014769
1002	0.17636	0.0066947	0.78659	0.030358
1003	0.13267	0.050745	0.58786	0.22873
1004	0.11502	0.068736	0.50772	0.30852
1005	0.1099	0.074204	0.48357	0.33232
1006	0.088135	0.096315	0.38583	0.42972
1007	0.058952	0.12583	0.25657	0.55864
1008	0.049972	0.13515	0.21635	0.59853
1009	0.03557	0.14988	0.15286	0.66169
1010	0.029842	0.15593	0.12769	0.68653
1011	0.027837	0.15825	0.11883	0.69508
1012	0.025672	0.16073	0.10924	0.70435
1013	0.023284	0.16344	0.098654	0.71462
1014	0.022786	0.16425	0.096307	0.71666
1015	0.01764	0.1697	0.074188	0.73847
1016	0.010597	0.17705	0.044283	0.76807
1017	0.0085074	0.17944	0.035334	0.77672
1018	0.0058586	0.18238	0.024126	0.78764
1019	0.0048979	0.18363	0.020082	0.79139
1020	0.0047966	0.18402	0.019664	0.79152
1021	0.0054652	0.18362	0.022509	0.7884
1022	0.0081436	0.18123	0.033809	0.77682
1023	0.014824	0.17482	0.062162	0.7482
1024	0.019646	0.17026	0.082668	0.72742
1025	0.035281	0.1549	0.14886	0.66096
1026	0.071409	0.11903	0.30258	0.50698
1027	0.097595	0.093109	0.41295	0.39635
1028	0.11633	0.074634	0.49194	0.3171
1029	0.13424	0.056976	0.56679	0.24199
1030	0.13825	0.053224	0.58287	0.22565
1031	0.15182	0.03991	0.63911	0.16917
1032	0.18517	0.0068041	0.77938	0.028646
1033	0.18783	0.0043905	0.78934	0.018437
1034	0.19054	0.001933	0.79939	0.0081347
1035	0.19259	0.00013076	0.80673	0.00055283
1036	0.19295	1.0424e-06	0.80704	4.4166e-06
1037	0.19318	9.8364e-07	0.80682	4.0899e-06
1038	0.19341	3.4732e-06	0.80657	1.4454e-05
