#coord	neutral	conserved	gBGC.neutral	gBGC.conserved
1	0.93819	0.031935	0.028866	0.0010121
2	0.95963	0.010986	0.029039	0.00034486
3	0.9646	0.0064784	0.028728	0.00019706
4	0.96923	0.0023201	0.028383	6.7908e-05
5	0.9707	0.0013362	0.027922	3.7913e-05
6	0.97255	3.0591e-06	0.027449	8.3433e-08
7	0.97308	5.5557e-06	0.026919	1.514e-07
8	0.97357	6.4046e-05	0.026366	1.7935e-06
9	0.97408	6.4843e-05	0.025854	1.7837e-06
10	0.97459	3.4888e-05	0.025375	9.5296e-07
11	0.97488	0.00018962	0.024926	5.0099e-06
12	0.97545	2.7662e-05	0.024517	7.2598e-07
13	0.97585	2.1935e-05	0.024131	5.6673e-07
14	0.97612	0.00010494	0.02377	2.6763e-06
15	0.97631	0.00025064	0.023434	6.2613e-06
16	0.97676	0.00010242	0.023131	2.5403e-06
17	0.97712	3.525e-05	0.022847	8.6794e-07
18	0.97724	0.00017166	0.022582	4.0847e-06
19	0.97765	1.0207e-05	0.022344	2.3692e-07
20	0.97734	0.00056663	0.022078	1.3197e-05
21	0.97808	6.1586e-05	0.021859	1.4528e-06
22	0.97828	7.7151e-05	0.021645	1.7873e-06
23	0.97845	9.908e-05	0.021449	2.2866e-06
24	0.97855	0.00017256	0.02127	3.9427e-06
25	0.97836	0.00052224	0.021103	1.16e-05
26	0.97832	0.00070914	0.020955	1.5331e-05
27	0.97868	0.00050402	0.020805	1.1044e-05
28	0.97855	0.00077218	0.020662	1.6635e-05
29	0.97859	0.0008516	0.02054	1.774e-05
30	0.97894	0.00062899	0.020415	1.2864e-05
31	0.97969	2.2603e-05	0.020288	4.7562e-07
32	0.97914	0.00068957	0.020152	1.4224e-05
33	0.97902	0.00094047	0.020023	1.9292e-05
34	0.97931	0.00077539	0.019902	1.5841e-05
35	0.98001	0.00019401	0.019788	4.0266e-06
36	0.98031	9.964e-06	0.019682	1.9789e-07
37	0.98044	6.4788e-08	0.019561	1.2945e-09
38	0.97972	0.00084755	0.019416	1.7252e-05
39	0.97909	0.0015912	0.019288	3.1681e-05
40	0.98018	0.00062544	0.019186	1.2843e-05
41	0.98024	0.00066734	0.019077	1.3777e-05
42	0.9805	0.00050206	0.018987	1.0399e-05
43	0.98095	0.0001265	0.018916	2.757e-06
44	0.97906	0.0020791	0.018815	4.231e-05
45	0.97692	0.0042762	0.018723	8.5471e-05
46	0.97714	0.0040846	0.018692	8.0839e-05
47	0.97774	0.0035307	0.01866	7.015e-05
48	0.98102	0.00027871	0.018694	5.6519e-06
49	0.98128	3.8642e-05	0.018681	7.4744e-07
50	0.98134	6.4155e-07	0.018658	1.2698e-08
51	0.9812	0.00016015	0.018642	3.1293e-06
52	0.98135	3.9549e-06	0.018645	7.6319e-08
53	0.98039	0.0009575	0.018639	1.7718e-05
54	0.98098	0.00035796	0.018654	6.5764e-06
55	0.98112	0.00022771	0.018652	4.2989e-06
56	0.98095	0.00038388	0.018658	7.1218e-06
57	0.9812	0.0001289	0.018664	2.3591e-06
58	0.98086	0.00048076	0.018651	9.0201e-06
59	0.98094	0.00041947	0.018637	8.0966e-06
60	0.98122	0.00014034	0.018639	2.7514e-06
61	0.97922	0.0021524	0.018589	4.2894e-05
62	0.97143	0.0099387	0.018441	0.00019402
63	0.96363	0.017739	0.018281	0.00034931
64	0.96168	0.01968	0.018251	0.00038702
65	0.96391	0.017433	0.018316	0.00034164
66	0.97371	0.0076228	0.01852	0.00015124
67	0.97618	0.0051174	0.018597	0.0001009
68	0.97896	0.0023263	0.01867	4.6552e-05
69	0.98117	8.1386e-05	0.018745	1.6853e-06
70	0.98043	0.00078305	0.018775	1.528e-05
71	0.98081	0.00034453	0.018839	6.4975e-06
72	0.98087	0.00024088	0.018888	4.3988e-06
73	0.97648	0.0045859	0.018846	8.5556e-05
74	0.97601	0.005025	0.018869	9.4234e-05
75	0.9788	0.0022183	0.018944	4.2345e-05
76	0.97701	0.0039682	0.018945	7.6298e-05
77	0.97773	0.0032207	0.018987	6.2717e-05
78	0.97823	0.0026765	0.019037	5.2142e-05
79	0.97173	0.0091316	0.018969	0.00017419
80	0.97044	0.010374	0.018991	0.00019853
81	0.97211	0.0086396	0.019084	0.00016349
82	0.96497	0.015736	0.018999	0.00029913
83	0.96323	0.017411	0.019032	0.00032911
84	0.96545	0.015111	0.01916	0.0002794
85	0.83176	0.14785	0.016495	0.0038967
86	0.78514	0.19354	0.015906	0.0054147
87	0.76737	0.21032	0.016122	0.0061856
88	0.74711	0.22962	0.016177	0.0070927
89	0.74415	0.23164	0.016683	0.007527
90	0.7577	0.21717	0.017578	0.0075455
91	0.79661	0.17729	0.019167	0.0069272
92	0.76323	0.21044	0.018541	0.0077878
93	0.71938	0.25404	0.017676	0.0089061
94	0.56912	0.40405	0.014034	0.012792
95	0.35994	0.61298	0.0089365	0.01815
96	0.29484	0.67782	0.0073423	0.019997
97	0.20896	0.76343	0.0052328	0.022376
98	0.17458	0.79753	0.004436	0.023458
99	0.16606	0.80577	0.0042739	0.023898
100	0.15289	0.81865	0.0039969	0.024469
101	0.15374	0.8175	0.0040853	0.024669
102	0.16997	0.801	0.004613	0.024422
103	0.085865	0.8848	0.0023524	0.02698
104	0.05658	0.9138	0.0015477	0.028077
105	0.046981	0.92311	0.0012828	0.028629
106	0.032295	0.93749	0.00087327	0.029339
107	0.028664	0.94083	0.00077231	0.029735
108	0.029005	0.94018	0.00079038	0.030026
109	0.034005	0.93485	0.00095263	0.030188
110	0.016474	0.95205	0.00044887	0.031031
111	0.0094319	0.95873	0.00025067	0.031585
112	0.0077046	0.96011	0.00020063	0.031985
113	0.0078361	0.95961	0.00020574	0.032345
114	0.010142	0.95693	0.00027691	0.032656
115	0.011586	0.9551	0.00031955	0.03299
116	0.016207	0.95009	0.00046114	0.033242
117	0.02819	0.9377	0.00084009	0.033274
118	0.057852	0.9076	0.0018129	0.032732
119	0.14251	0.82252	0.0045596	0.03041
120	0.38362	0.58099	0.012316	0.023071
121	0.37883	0.58534	0.012257	0.023572
122	0.38947	0.57426	0.012729	0.023532
123	0.42848	0.53484	0.014135	0.022551
124	0.45712	0.50575	0.015267	0.021867
125	0.45706	0.50533	0.01542	0.022189
126	0.47154	0.49034	0.016155	0.021958
127	0.43701	0.52439	0.014863	0.023743
128	0.42565	0.53522	0.01457	0.024557
129	0.42784	0.53248	0.01485	0.024828
130	0.34783	0.61191	0.011714	0.028547
131	0.25407	0.7051	0.0077929	0.03304
132	0.22567	0.73294	0.0065998	0.034794
133	0.19605	0.762	0.0052747	0.036671
134	0.18499	0.77249	0.0047893	0.037731
135	0.18501	0.77187	0.00476	0.038364
136	0.16237	0.79454	0.0041275	0.038961
137	0.15847	0.79848	0.0040554	0.038993
138	0.16333	0.79365	0.004307	0.038712
139	0.15058	0.80642	0.0039576	0.039045
140	0.15041	0.80661	0.0040101	0.038971
141	0.15948	0.79755	0.0044265	0.038544
142	0.1641	0.79293	0.0046748	0.038296
143	0.18094	0.77608	0.0054497	0.037534
144	0.22244	0.73455	0.0073566	0.03565
145	0.25047	0.70649	0.0086927	0.034349
146	0.31722	0.6397	0.011914	0.031175
147	0.48205	0.4748	0.020065	0.023085
148	0.95208	0.004713	0.042831	0.00037436
149	0.95259	0.0045508	0.042527	0.00033307
150	0.95567	0.0017846	0.04242	0.00012512
151	0.95499	0.0027965	0.042054	0.00016276
152	0.94999	0.0080905	0.04153	0.00038648
153	0.94514	0.013257	0.040995	0.0006067
154	0.94556	0.013174	0.040673	0.00059793
155	0.93968	0.019355	0.040112	0.00085603
156	0.94005	0.019301	0.039803	0.00084774
157	0.94463	0.01501	0.039706	0.00065297
158	0.94888	0.011069	0.039573	0.00048089
159	0.95985	0.00037239	0.039758	1.5523e-05
160	0.95826	0.0023657	0.039282	9.689e-05
161	0.95886	0.0021747	0.038879	8.9129e-05
162	0.96131	9.8466e-05	0.038584	3.8903e-06
163	0.96166	0.00015358	0.038184	6.0095e-06
164	0.96198	0.00024966	0.037765	9.9523e-06
165	0.96253	8.1272e-05	0.037386	3.1196e-06
166	0.95702	0.0059432	0.036817	0.00021719
167	0.93806	0.025276	0.035734	0.00092887
168	0.9334	0.030326	0.035168	0.0011077
169	0.93549	0.028644	0.034832	0.0010387
170	0.94351	0.020999	0.034745	0.00075013
171	0.95076	0.014132	0.034605	0.00050061
172	0.95141	0.013848	0.034259	0.00048412
173	0.94733	0.018304	0.033728	0.00063761
174	0.94288	0.023147	0.033168	0.00080516
175	0.91757	0.048825	0.031926	0.0016831
176	0.9112	0.055566	0.031328	0.0019009
177	0.91372	0.053443	0.031016	0.001816
178	0.91435	0.053187	0.030673	0.0017901
179	0.92511	0.042815	0.030639	0.0014399
180	0.95148	0.016801	0.031141	0.00058056
181	0.95727	0.011339	0.030994	0.00039532
182	0.96156	0.0073558	0.030823	0.00025854
183	0.96494	0.0042637	0.030649	0.00015097
184	0.96561	0.003887	0.030364	0.00013844
185	0.96664	0.0031706	0.030073	0.00011712
186	0.96747	0.0026254	0.029801	0.00010133
187	0.96656	0.0038397	0.029451	0.00015045
188	0.9676	0.0030747	0.029194	0.00013009
189	0.96845	0.0024771	0.028952	0.00011613
190	0.94909	0.02208	0.027861	0.00097226
191	0.94207	0.029315	0.027337	0.0012832
192	0.94194	0.029661	0.02707	0.0013263
193	0.93217	0.039641	0.026433	0.0017604
194	0.9209	0.05112	0.02571	0.0022706
195	0.87007	0.10214	0.023336	0.0044518
196	0.80388	0.16916	0.020928	0.0060383
197	0.7263	0.24757	0.018285	0.0078386
198	0.7008	0.27394	0.017025	0.0082333
199	0.39837	0.57726	0.0089051	0.015465
200	0.27532	0.70115	0.0057104	0.017814
201	0.22576	0.75152	0.0044137	0.018306
202	0.20696	0.7711	0.0038655	0.018084
203	0.20447	0.77436	0.0036595	0.017509
204	0.21201	0.76757	0.0036659	0.016754
205	0.2351	0.7452	0.0039734	0.015728
206	0.23354	0.74745	0.0038068	0.015205
207	0.24374	0.73791	0.0038678	0.014486
208	0.24874	0.73353	0.0038372	0.013886
209	0.2694	0.71348	0.0040941	0.013027
210	0.34	0.6435	0.0051733	0.011334
211	0.5037	0.48038	0.0078054	0.0081152
212	0.97063	0.014046	0.015084	0.00023736
213	0.97266	0.012583	0.014558	0.00020428
214	0.50328	0.48253	0.006982	0.0072024
215	0.31209	0.67427	0.0040371	0.0096006
216	0.23453	0.75235	0.002864	0.010253
217	0.20379	0.78359	0.0023761	0.010244
218	0.19717	0.79072	0.0021936	0.00992
219	0.20117	0.7872	0.0021484	0.0094814
220	0.21919	0.76965	0.0022652	0.0089021
221	0.28132	0.70798	0.0028203	0.0078759
222	0.42549	0.56426	0.0041896	0.0060555
223	0.52888	0.4613	0.0050616	0.0047532
224	0.52898	0.46161	0.0048577	0.0045477
225	0.5284	0.46261	0.0046359	0.0043495
226	0.42027	0.57115	0.0035412	0.0050464
227	0.31007	0.68175	0.0024889	0.0056913
228	0.26591	0.7263	0.0020457	0.0057464
229	0.20998	0.78263	0.0015415	0.0058554
230	0.19178	0.80123	0.0013318	0.0056633
231	0.19075	0.80267	0.0012446	0.0053414
232	0.1671	0.82671	0.001027	0.0051675
233	0.15891	0.83527	0.00092194	0.0048963
234	0.16078	0.83376	0.00088263	0.0045751
235	0.17703	0.81788	0.00091513	0.0041764
236	0.21728	0.77799	0.0010666	0.0036728
237	0.31738	0.67822	0.0015005	0.0029021
238	0.24346	0.75246	0.0011367	0.0029432
239	0.22169	0.77456	0.00098811	0.0027627
240	0.21509	0.78148	0.00090793	0.0025267
241	0.20792	0.78863	0.000873	0.0025755
242	0.21092	0.78562	0.00087971	0.0025852
243	0.23083	0.76569	0.00094257	0.0025365
244	0.29893	0.69758	0.0011564	0.0023342
245	0.45684	0.53965	0.0016708	0.0018341
246	0.84479	0.15169	0.0029796	0.00054339
247	0.84988	0.14658	0.0030155	0.00053021
248	0.873	0.12343	0.0031103	0.00045469
249	0.92869	0.067725	0.0033278	0.00026074
250	0.94261	0.053784	0.0033941	0.00021429
251	0.93313	0.063239	0.0033783	0.00025458
252	0.93203	0.06431	0.0034007	0.00026171
253	0.93988	0.056432	0.0034529	0.00023531
254	0.92156	0.074721	0.0034066	0.00031225
255	0.91596	0.080286	0.003417	0.00033778
256	0.9105	0.085713	0.0034226	0.00036403
257	0.91262	0.083561	0.0034637	0.00035941
258	0.92389	0.072242	0.003548	0.00031659
259	0.92214	0.07395	0.0035854	0.00032631
260	0.92755	0.068486	0.0036588	0.00030534
261	0.94416	0.051813	0.0037893	0.00023277
262	0.94659	0.049338	0.0038518	0.00022349
263	0.95762	0.038241	0.0039608	0.00017406
264	0.99568	0.00013261	0.0041891	5.9221e-07
265	0.99466	0.0011052	0.0042269	4.8169e-06
266	0.99496	0.00076448	0.0042761	3.3249e-06
267	0.99565	2.6211e-05	0.0043222	1.7011e-07
268	0.99568	7.893e-05	0.0042441	2.4745e-07
269	0.99498	0.0006366	0.0043768	2.8131e-06
270	0.99541	6.9191e-05	0.0045252	3.2017e-07
271	0.99473	0.0006066	0.0046623	2.9792e-06
272	0.99421	0.00096933	0.0048111	4.8809e-06
273	0.99501	1.0154e-05	0.0049782	5.3923e-08
274	0.99477	8.2256e-05	0.0051513	4.3128e-07
275	0.99368	0.00097967	0.0053331	5.1553e-06
276	0.99418	0.00030701	0.005515	1.6812e-06
277	0.89087	0.10344	0.0050809	0.00060627
278	0.85522	0.13893	0.0050084	0.00084277
279	0.84463	0.14937	0.005074	0.00093511
280	0.82868	0.16514	0.0051133	0.0010642
281	0.76243	0.23123	0.0047991	0.0015405
282	0.73669	0.25679	0.0047573	0.0017558
283	0.71066	0.28266	0.0046937	0.0019863
284	0.70242	0.29072	0.0047602	0.002097
285	0.68851	0.30445	0.0047946	0.0022507
286	0.66819	0.32459	0.004768	0.0024593
287	0.64683	0.34577	0.004716	0.0026866
288	0.64244	0.34997	0.0048019	0.0027878
289	0.63605	0.35618	0.0048628	0.0029079
290	0.64526	0.3468	0.0050396	0.0029063
291	0.68123	0.31066	0.0054211	0.0026943
292	0.6306	0.36112	0.0050544	0.0032245
293	0.61197	0.37958	0.0049848	0.0034688
294	0.60844	0.38292	0.0050576	0.0035813
295	0.56998	0.42119	0.0048208	0.0040156
296	0.52573	0.46524	0.0045003	0.0045277
297	0.50871	0.48206	0.0044393	0.0047913
298	0.42064	0.56991	0.0037029	0.0057416
299	0.38346	0.60687	0.0034403	0.0062292
300	0.37088	0.61921	0.003413	0.0064943
301	0.31833	0.67153	0.0029703	0.0071684
302	0.29855	0.69107	0.0028502	0.0075324
303	0.29366	0.6957	0.0028824	0.0077559
304	0.30104	0.68805	0.0030543	0.0078531
305	0.33181	0.65702	0.0034907	0.0076801
306	0.40534	0.58321	0.0044763	0.0069709
307	0.64156	0.34672	0.0074473	0.0042689
308	0.80762	0.18037	0.0097467	0.0022544
309	0.96958	0.018146	0.012033	0.00024298
310	0.96701	0.020417	0.012293	0.00027785
311	0.96869	0.018417	0.012634	0.00025543
312	0.97776	0.0090454	0.013065	0.00013049
313	0.97904	0.0074316	0.013417	0.00010933
314	0.97968	0.0064462	0.013783	9.5712e-05
315	0.98543	0.00035473	0.014212	5.3135e-06
316	0.92214	0.063327	0.013571	0.00095697
317	0.90051	0.084662	0.013514	0.0013137
318	0.89263	0.092219	0.013687	0.001461
319	0.89289	0.09162	0.014008	0.0014813
320	0.90454	0.079638	0.014501	0.0013183
321	0.93656	0.047267	0.01538	0.00079409
322	0.945	0.03849	0.015854	0.00066107
323	0.9506	0.032522	0.016312	0.00056767
324	0.97279	0.0099786	0.017052	0.00017785
325	0.97273	0.0096632	0.01743	0.00017422
326	0.97705	0.0049797	0.017875	9.0597e-05
327	0.98167	1.2127e-05	0.018313	3.5002e-07
328	0.97909	0.0025663	0.018301	4.6395e-05
329	0.97899	0.0026386	0.018326	4.7728e-05
330	0.9816	1.0624e-05	0.018393	1.9821e-07
331	0.98013	0.0014454	0.018397	2.7164e-05
332	0.95984	0.021696	0.018068	0.00039891
333	0.95228	0.029203	0.017989	0.00053326
334	0.95175	0.029684	0.018029	0.00054171
335	0.95767	0.023719	0.018181	0.00043152
336	0.97956	0.0017925	0.018615	3.1132e-05
337	0.9771	0.0042262	0.018597	7.5913e-05
338	0.97739	0.0039178	0.018622	7.0603e-05
339	0.98123	6.0823e-05	0.018704	1.0934e-06
340	0.98106	0.00022863	0.018708	4.3665e-06
341	0.98041	0.00085731	0.018715	1.6075e-05
342	0.98126	1.0997e-06	0.018743	3.3392e-08
343	0.98057	0.00096025	0.018456	1.8097e-05
344	0.98029	0.0015145	0.018165	2.8606e-05
345	0.98149	0.00057108	0.017924	1.0642e-05
346	0.98083	0.0015061	0.017638	2.7887e-05
347	0.98006	0.0025244	0.01737	4.557e-05
348	0.98134	0.0015053	0.017128	2.7459e-05
349	0.9792	0.0039207	0.016812	7.203e-05
350	0.97944	0.0039286	0.016562	7.1754e-05
351	0.98206	0.0015331	0.016375	2.919e-05
352	0.97702	0.0068201	0.016036	0.00012698
353	0.97667	0.0074202	0.01577	0.00013951
354	0.97917	0.005158	0.015574	0.00010264
355	0.9783	0.0061733	0.015411	0.00011645
356	0.97999	0.0046195	0.015308	8.5227e-05
357	0.98204	0.0027079	0.015199	5.0214e-05
358	0.98186	0.0030154	0.015067	5.3615e-05
359	0.98357	0.0014213	0.014979	2.509e-05
360	0.98507	2.8045e-05	0.0149	4.9152e-07
361	0.98482	0.00037401	0.014802	5.6051e-06
362	0.98482	0.00045264	0.014722	6.3868e-06
363	0.98414	0.0012033	0.014645	1.5921e-05
364	0.98385	0.0015619	0.014569	1.9655e-05
365	0.98353	0.0019442	0.014505	2.2584e-05
366	0.98317	0.0023491	0.014453	2.4401e-05
367	0.98275	0.0023497	0.01487	2.8121e-05
368	0.98429	0.00036186	0.015345	3.8887e-06
369	0.9838	0.00041425	0.015781	4.2401e-06
370	0.97867	0.0026382	0.018647	4.8615e-05
371	0.97547	0.0027261	0.021749	5.8876e-05
372	0.97507	0.00011298	0.024816	2.9063e-06
373	0.97175	0.00021277	0.028035	6.2767e-06
374	0.96617	0.0023671	0.031391	7.6751e-05
375	0.96077	0.0044334	0.034637	0.00016131
376	0.95741	0.0042524	0.03817	0.0001699
377	0.95717	0.0010433	0.041736	4.6843e-05
378	0.95417	0.0003863	0.045426	1.9229e-05
379	0.9503	0.00035754	0.049322	1.9077e-05
380	0.94558	0.00092932	0.053435	5.199e-05
381	0.9425	1.043e-07	0.057498	6.4767e-09
382	0.93721	0.0010031	0.061723	6.5856e-05
383	0.93225	0.001789	0.065831	0.00012777
384	0.92853	0.0010473	0.070341	7.9146e-05
385	0.92516	8.5636e-05	0.074748	7.0808e-06
386	0.92062	6.8456e-06	0.079368	6.1263e-07
387	0.91569	3.3785e-06	0.084303	3.7306e-07
388	0.91077	0.0011192	0.087995	0.00011824
389	0.90553	0.0022757	0.091939	0.00025081
390	0.90169	0.0017583	0.096345	0.00020717
391	0.88203	0.016753	0.099245	0.0019747
392	0.8623	0.031958	0.10175	0.003992
393	0.85206	0.037396	0.10564	0.0048985
394	0.82391	0.060878	0.10683	0.0083802
395	0.81084	0.068962	0.11027	0.0099266
396	0.80683	0.068115	0.11476	0.01029
397	0.78973	0.080036	0.11763	0.012604
398	0.77119	0.093525	0.1199	0.01539
399	0.76258	0.096775	0.12401	0.016627
400	0.76434	0.089827	0.12966	0.016177
401	0.77902	0.069605	0.13819	0.013189
402	0.82013	0.022607	0.15269	0.0045744
403	0.81131	0.025132	0.1583	0.0052586
404	0.80636	0.023353	0.16521	0.0050708
405	0.80954	0.013662	0.17371	0.0030877
406	0.80559	0.011305	0.18043	0.0026709
407	0.8059	0.004295	0.18876	0.0010499
408	0.80105	0.0026261	0.19566	0.00067111
409	0.79256	0.0048084	0.20136	0.0012768
410	0.78591	0.0047082	0.20809	0.0012985
411	0.78093	0.0025038	0.21586	0.00070936
412	0.77643	5.7333e-05	0.2235	1.7298e-05
413	0.76906	2.0662e-05	0.23091	6.2098e-06
414	0.75889	0.0022765	0.23815	0.00068554
415	0.71829	0.035177	0.23529	0.011241
416	0.70162	0.04439	0.23914	0.014846
417	0.69397	0.044817	0.24557	0.015642
418	0.68424	0.046879	0.25185	0.017036
419	0.67887	0.044091	0.26041	0.016626
420	0.68236	0.032669	0.27222	0.012751
421	0.67642	0.030885	0.28015	0.012539
422	0.6775	0.022303	0.29072	0.009479
423	0.69098	0.00079703	0.30787	0.00035705
424	0.67351	0.010497	0.31097	0.0050262
425	0.66171	0.01403	0.31733	0.0069333
426	0.65266	0.014286	0.32575	0.0072973
427	0.6436	0.014805	0.33375	0.0078426
428	0.63835	0.011745	0.3434	0.0065083
429	0.64139	0.00066433	0.35722	0.00073364
430	0.63183	0.0016071	0.36457	0.001988
431	0.61135	0.013718	0.35665	0.018277
432	0.59852	0.01761	0.35887	0.025
433	0.57578	0.031678	0.3447	0.047841
434	0.55314	0.051707	0.32782	0.06734
435	0.54328	0.058766	0.32316	0.074793
436	0.421	0.18034	0.25226	0.1464
437	0.37825	0.2224	0.22738	0.17196
438	0.36412	0.23587	0.21953	0.18048
439	0.15363	0.44564	0.093697	0.30703
440	0.079843	0.51872	0.048626	0.35281
441	0.056904	0.54097	0.03431	0.36782
442	0.047973	0.54916	0.028956	0.37391
443	0.046159	0.55025	0.027941	0.37565
444	0.049333	0.54637	0.030057	0.37424
445	0.045763	0.54924	0.027713	0.37729
446	0.046472	0.54778	0.028234	0.37751
447	0.051648	0.54183	0.031756	0.37477
448	0.041166	0.55154	0.024902	0.38239
449	0.037637	0.55425	0.022707	0.3854
450	0.039207	0.55188	0.023728	0.38519
451	0.032721	0.55752	0.01958	0.39018
452	0.031666	0.55774	0.018882	0.39172
453	0.033786	0.55474	0.020296	0.39118
454	0.034135	0.55347	0.020629	0.39177
455	0.038165	0.54847	0.023478	0.38989
456	0.040454	0.54516	0.025268	0.38912
457	0.047942	0.5366	0.030834	0.38462
458	0.052606	0.53082	0.034579	0.382
459	0.07026	0.51206	0.047669	0.37001
460	0.087342	0.49389	0.060156	0.35861
461	0.12747	0.45262	0.090135	0.32978
462	0.22622	0.35267	0.16608	0.25504
463	0.25149	0.32621	0.18597	0.23633
464	0.32576	0.25078	0.24199	0.18146
465	0.56364	0.011772	0.41662	0.0079642
466	0.56343	0.010892	0.41832	0.0073499
467	0.56722	0.0060568	0.42278	0.0039457
468	0.56988	0.0022554	0.42671	0.0011574
469	0.56157	0.0025041	0.43442	0.0015047
470	0.55401	0.0014415	0.44363	0.00091649
471	0.54691	0.0001984	0.45275	0.00013771
472	0.53804	0.0001973	0.46161	0.00015812
473	0.52827	0.00051697	0.47077	0.00044504
474	0.51953	6.9979e-05	0.48034	6.26e-05
475	0.51059	8.3603e-05	0.48924	8.2059e-05
476	0.50096	0.00021021	0.49861	0.00021384
477	0.49081	0.00019873	0.50879	0.00020516
478	0.4811	2.4119e-05	0.51885	2.5909e-05
479	0.47128	0.00027956	0.52812	0.00032213
480	0.46131	1.4369e-05	0.53865	1.7721e-05
481	0.4499	0.0015569	0.54653	0.0020152
482	0.4391	0.001854	0.55654	0.0025027
483	0.42855	0.0012322	0.56846	0.0017548
484	0.40173	0.017294	0.55551	0.025464
485	0.32079	0.086734	0.46152	0.13095
486	0.28379	0.1115	0.42901	0.17571
487	0.1529	0.22946	0.24595	0.37169
488	0.11111	0.25858	0.18826	0.44205
489	0.091972	0.26447	0.16568	0.47788
490	0.033067	0.31031	0.063347	0.59328
491	0.015104	0.31537	0.030057	0.63947
492	0.0079799	0.30906	0.016778	0.66618
493	0.0058384	0.29791	0.012857	0.6834
494	0.0050686	0.28489	0.011866	0.69818
495	0.0052082	0.27039	0.013168	0.71124
496	0.0035175	0.25786	0.0094448	0.72918
497	0.0031822	0.24412	0.0090659	0.74363
498	0.0037814	0.2296	0.011413	0.75521
499	0.0028001	0.21614	0.0088516	0.77221
500	0.0027364	0.20191	0.0091353	0.78622
501	0.0032031	0.18662	0.011549	0.79863
502	0.0049508	0.17018	0.019256	0.80561
503	0.0098968	0.15069	0.041318	0.7981
504	0.021111	0.12431	0.097998	0.75658
505	0.022118	0.10832	0.11307	0.7565
506	0.025979	0.088855	0.14937	0.7358
507	0.038706	0.060717	0.25047	0.65011
508	0.048547	0.047281	0.37312	0.53105
509	0.073148	0.018883	0.68265	0.22531
510	0.087795	0.00021724	0.90865	0.0033354
511	0.083444	0.00026563	0.91211	0.0041848
512	0.079402	0.0001235	0.91783	0.002647
513	0.078072	0.00013343	0.9193	0.0024996
514	0.07649	0.00030506	0.91865	0.0045554
515	0.074992	0.00029045	0.92048	0.0042351
516	0.07379	2.8303e-05	0.92573	0.00044721
517	0.072172	0.00023105	0.92425	0.0033464
518	0.070634	0.00025744	0.92526	0.0038434
519	0.069345	8.5305e-05	0.92892	0.0016457
520	0.0668	0.0010622	0.91153	0.020609
521	0.065034	0.0013031	0.90701	0.026652
522	0.063342	0.0015189	0.9022	0.032935
523	0.057397	0.00589	0.80359	0.13312
524	0.054646	0.0071079	0.76976	0.16849
525	0.052829	0.0072971	0.75793	0.18194
526	0.051716	0.0079827	0.74769	0.19261
527	0.051212	0.0080251	0.7485	0.19226
528	0.051269	0.0074675	0.76178	0.17948
529	0.050606	0.0076463	0.75989	0.18186
530	0.04995	0.0078352	0.75739	0.18483
531	0.04982	0.0074587	0.76602	0.1767
532	0.048829	0.007958	0.7578	0.18542
533	0.048376	0.0078821	0.76007	0.18367
534	0.048676	0.0070684	0.77736	0.1669
535	0.046992	0.0081947	0.75811	0.1867
536	0.046294	0.008351	0.75524	0.19011
537	0.046078	0.0079866	0.76271	0.18323
538	0.045855	0.0076472	0.7694	0.1771
539	0.046269	0.0066303	0.79115	0.15595
540	0.047973	0.0042811	0.84476	0.10298
541	0.04893	0.002633	0.88411	0.064326
542	0.047468	0.0033535	0.87142	0.077758
543	0.046517	0.003506	0.86931	0.080671
544	0.033652	0.015599	0.64559	0.30515
545	0.029413	0.019086	0.57466	0.37684
546	0.027762	0.02	0.55116	0.40107
547	0.012988	0.034056	0.25474	0.69822
548	0.0070297	0.039256	0.13731	0.8164
549	0.0046169	0.040873	0.090987	0.86352
550	0.0015418	0.043115	0.031025	0.92432
551	0.00059454	0.043237	0.011798	0.94437
552	0.0003061	0.04271	0.0057017	0.95128
553	0.00019618	0.041967	0.0033835	0.95445
554	0.00016681	0.041106	0.0027137	0.95601
555	0.00021551	0.040175	0.0034326	0.95618
556	0.00021556	0.039258	0.0032051	0.95732
557	0.00028361	0.038232	0.0041621	0.95732
558	0.00047662	0.03704	0.0071856	0.9553
559	0.00060065	0.036812	0.01062	0.95197
560	0.00094426	0.036351	0.019793	0.94291
561	0.0018017	0.035362	0.043141	0.9197
562	0.0037764	0.033242	0.098434	0.86455
563	0.010065	0.026812	0.271	0.69213
564	0.027912	0.0088277	0.75316	0.2101
565	0.027552	0.0090564	0.74732	0.21607
566	0.027587	0.0088708	0.75229	0.21125
567	0.028454	0.0078615	0.77894	0.18475
568	0.027714	0.0085748	0.75963	0.20408
569	0.027619	0.0086492	0.75685	0.20688
570	0.027957	0.0082727	0.76586	0.19791
571	0.013922	0.022275	0.39028	0.57353
572	0.009528	0.02664	0.27006	0.69378
573	0.008179	0.027964	0.2323	0.73155
574	0.0033907	0.03273	0.095022	0.86886
575	0.0013136	0.034774	0.036983	0.92693
576	0.00058662	0.035468	0.016247	0.9477
577	0.00029207	0.035718	0.0080812	0.95591
578	0.00019662	0.035771	0.0053551	0.95868
579	0.0001687	0.035744	0.004571	0.95952
580	0.0001207	0.035739	0.0031922	0.96095
581	0.00011794	0.035677	0.0030902	0.96111
582	0.00015795	0.035559	0.0041712	0.96011
583	0.00017796	0.035463	0.0046708	0.95969
584	0.00016243	0.035391	0.0042756	0.96017
585	0.00019261	0.03526	0.0051556	0.95939
586	8.8907e-05	0.035265	0.0023644	0.96228
587	6.3139e-05	0.035195	0.0016316	0.96311
588	6.1434e-05	0.035089	0.0015679	0.96328
589	8.2458e-05	0.034947	0.0021231	0.96285
590	0.0001416	0.034756	0.0037353	0.96137
591	0.00034377	0.034423	0.0090959	0.95614
592	0.00017171	0.034452	0.0044688	0.96091
593	9.9556e-05	0.034368	0.0025774	0.96296
594	7.3491e-05	0.034225	0.0019302	0.96377
595	7.4044e-05	0.034042	0.0020171	0.96387
596	0.0001148	0.033821	0.0032069	0.96286
597	0.00026196	0.033496	0.0073555	0.95889
598	0.0003437	0.033224	0.0097886	0.95664
599	0.00055458	0.032809	0.016205	0.95043
600	0.0010814	0.032063	0.03274	0.93412
601	0.0025837	0.030343	0.079144	0.88793
602	0.0068402	0.025873	0.20888	0.7584
603	0.020332	0.012171	0.61349	0.354
604	0.02042	0.011879	0.61984	0.34786
605	0.021404	0.0107	0.65191	0.31599
606	0.023881	0.0080078	0.73049	0.23762
607	0.024432	0.0072501	0.75133	0.21699
608	0.024977	0.0065065	0.77153	0.19699
609	0.026608	0.0046553	0.82597	0.14276
610	0.026848	0.0042017	0.8385	0.13045
611	0.02772	0.0030957	0.87169	0.097499
612	0.030151	0.00040588	0.95692	0.012526
613	0.030101	0.00020802	0.96329	0.0064039
614	0.030066	5.0848e-06	0.96977	0.00015568
615	0.029841	1.8828e-06	0.9701	6.1523e-05
616	0.029581	1.0163e-05	0.97007	0.00033419
617	0.029312	3.7807e-05	0.96937	0.0012824
618	0.02906	2.5084e-05	0.97006	0.0008582
619	0.027799	0.00099774	0.93808	0.033119
620	0.027121	0.0013591	0.92632	0.045199
621	0.026782	0.0013939	0.92502	0.046803
622	0.0096946	0.018186	0.34283	0.62929
623	0.0037545	0.023836	0.1344	0.83801
624	0.0016888	0.025615	0.059813	0.91288
625	0.00080161	0.0262	0.028311	0.94469
626	0.00044492	0.026238	0.015929	0.95739
627	0.0003292	0.026037	0.011848	0.96179
628	0.00031503	0.025737	0.011366	0.96258
629	0.00036322	0.025359	0.013274	0.961
630	0.00050926	0.024866	0.019077	0.95555
631	0.0010034	0.024029	0.038102	0.93687
632	0.0022033	0.022468	0.086275	0.88905
633	0.0055849	0.018729	0.22102	0.75467
634	0.015092	0.0088689	0.59762	0.37842
635	0.01701	0.0066056	0.68086	0.29553
636	0.021917	0.0013263	0.89203	0.084724
637	0.021948	0.0012722	0.89716	0.079623
638	0.02224	0.00096269	0.91724	0.05956
639	0.023167	2.2684e-05	0.97538	0.0014355
640	0.023155	4.5322e-06	0.97658	0.00026452
641	0.023097	3.869e-05	0.97515	0.0017152
642	0.023044	7.3536e-05	0.97363	0.0032515
643	0.023056	5.0747e-05	0.97455	0.0023432
644	0.023008	7.1226e-05	0.9736	0.0033206
645	0.02299	4.6484e-05	0.9747	0.0022617
646	0.021959	0.001018	0.92991	0.047117
647	0.021484	0.0014185	0.9117	0.065401
648	0.021347	0.0014882	0.90808	0.069089
649	0.019587	0.0031645	0.83153	0.14572
650	0.018796	0.0038566	0.8001	0.17725
651	0.018566	0.003993	0.79291	0.18453
652	0.017537	0.004935	0.74765	0.22988
653	0.017193	0.0051969	0.73361	0.244
654	0.01711	0.0051826	0.73251	0.24519
655	0.016455	0.0057242	0.70605	0.27178
656	0.016267	0.0058038	0.70039	0.27754
657	0.016319	0.0056287	0.70651	0.27154
658	0.016277	0.0055305	0.70942	0.26877
659	0.016638	0.005034	0.73029	0.24803
660	0.017653	0.0038683	0.7833	0.19518
661	0.017796	0.0035559	0.79715	0.1815
662	0.01842	0.0027443	0.83662	0.14221
663	0.020059	0.0008996	0.93155	0.047487
664	0.019788	0.00094225	0.92968	0.049585
665	0.019675	0.0008357	0.93517	0.044324
666	0.019828	0.00046978	0.95408	0.025625
667	0.01966	0.00040402	0.95768	0.022254
668	0.019457	0.00035174	0.96074	0.019452
669	0.019415	0.00014742	0.97207	0.0083656
670	0.019293	1.2778e-06	0.98063	7.5674e-05
671	0.019024	1.211e-05	0.98029	0.0006782
672	0.018752	1.4464e-06	0.98113	0.00012134
673	0.018701	5.3345e-05	0.97851	0.0027403
674	0.018705	5.5624e-05	0.97839	0.0028456
675	0.018767	4.9734e-06	0.98097	0.00026095
676	0.018751	1.758e-05	0.98031	0.00091803
677	0.018748	2.2581e-05	0.98003	0.0012
678	0.018757	9.2912e-08	0.98124	4.8774e-06
679	0.018748	1.6487e-06	0.98116	8.9899e-05
680	0.018707	2.1412e-05	0.98013	0.0011451
681	0.018678	1.5931e-05	0.98046	0.0008417
682	0.01864	2.3653e-05	0.98008	0.0012576
683	0.018589	3.1027e-05	0.97975	0.00163
684	0.018582	2.5059e-07	0.9814	2.2203e-05
685	0.018759	4.763e-05	0.97857	0.0026277
686	0.018957	5.3341e-05	0.97809	0.0029039
687	0.019172	2.0488e-05	0.9797	0.0011067
688	0.019339	1.6943e-05	0.97977	0.00087519
689	0.019496	3.0339e-05	0.97895	0.0015238
690	0.019697	6.7516e-06	0.97995	0.00034964
691	0.019863	6.5699e-07	0.98009	4.5422e-05
692	0.019998	8.7287e-06	0.97933	0.00065892
693	0.020563	4.1628e-05	0.97731	0.002089
694	0.021042	0.0001798	0.97059	0.0081895
695	0.021654	0.00020556	0.96906	0.0090769
696	0.022289	0.00016668	0.9705	0.0070412
697	0.02274	0.00032876	0.96345	0.013482
698	0.023338	0.00036188	0.96184	0.014461
699	0.023962	0.00038987	0.9604	0.015253
700	0.024523	0.00043452	0.95849	0.016557
701	0.025221	0.00035932	0.96106	0.013357
702	0.026213	1.1423e-05	0.97313	0.00064587
703	0.028244	3.4229e-05	0.9704	0.0013192
704	0.030379	1.2427e-05	0.96918	0.00042985
705	0.032569	4.5733e-06	0.96727	0.00015173
706	0.03453	8.8518e-05	0.96278	0.0026059
707	0.036434	0.00010475	0.96055	0.0029079
708	0.038292	4.9523e-05	0.96035	0.0013118
709	0.040091	0.00011268	0.95697	0.0028279
710	0.041848	0.00010322	0.95557	0.002479
711	0.043591	1.124e-07	0.9564	4.2433e-06
712	0.047685	0.00061967	0.93899	0.012707
713	0.051713	0.0014394	0.91983	0.027016
714	0.055848	0.0018363	0.91082	0.0315
715	0.055998	0.006345	0.8371	0.10055
716	0.058061	0.0086468	0.80667	0.12662
717	0.061436	0.0097498	0.79551	0.13331
718	0.064865	0.010934	0.7839	0.1403
719	0.068748	0.0114	0.78187	0.13799
720	0.073421	0.010806	0.79164	0.12413
721	0.069367	0.018685	0.7124	0.19955
722	0.069858	0.022111	0.68338	0.22465
723	0.072466	0.02353	0.67561	0.22839
724	0.072525	0.027607	0.64286	0.25701
725	0.074341	0.029686	0.63096	0.26502
726	0.077286	0.030407	0.63131	0.26099
727	0.082839	0.028619	0.65112	0.23742
728	0.092629	0.022388	0.70453	0.18045
729	0.1125	0.0058762	0.83519	0.046432
730	0.11536	0.0061709	0.83147	0.046997
731	0.11931	0.0054672	0.83481	0.040413
732	0.12464	0.0031909	0.84948	0.02269
733	0.12825	0.0027238	0.85025	0.01878
734	0.13121	0.0029926	0.84577	0.020027
735	0.13457	0.002647	0.84561	0.017177
736	0.1369	0.003127	0.84046	0.019511
737	0.11843	0.024507	0.71222	0.14484
738	0.11191	0.03375	0.66098	0.19336
739	0.081855	0.066601	0.47921	0.37233
740	0.073254	0.07806	0.42081	0.42788
741	0.071788	0.082446	0.4031	0.44266
742	0.068647	0.088367	0.37823	0.46475
743	0.069021	0.09082	0.37225	0.46791
744	0.072377	0.090351	0.38123	0.45604
745	0.07262	0.093055	0.37358	0.46075
746	0.075016	0.093453	0.37774	0.45379
747	0.080684	0.090432	0.39857	0.43031
748	0.082316	0.091504	0.39875	0.42743
749	0.088027	0.088557	0.41703	0.40638
750	0.10096	0.07824	0.46876	0.35205
751	0.14049	0.041386	0.63393	0.18419
752	0.15096	0.033424	0.66987	0.14575
753	0.18113	0.0058411	0.78741	0.025619
754	0.18363	0.0057717	0.7857	0.024904
755	0.18763	0.0042694	0.78982	0.018286
756	0.19393	0.00031412	0.80438	0.0013846
757	0.19609	0.00033177	0.80214	0.0014345
758	0.19845	2.5015e-05	0.80142	0.00010884
759	0.20038	1.8529e-06	0.79961	7.8513e-06
760	0.20215	1.2728e-05	0.79778	5.1535e-05
761	0.20381	1.8176e-05	0.7961	7.0827e-05
762	0.20542	0.00013587	0.79391	0.000535
763	0.20686	0.0004887	0.79071	0.0019483
764	0.20855	0.00046767	0.78913	0.0018527
765	0.21056	1.4193e-05	0.78937	6.1578e-05
766	0.21184	0.00017031	0.78728	0.00070387
767	0.21323	0.00026818	0.78535	0.0011497
768	0.21482	7.6395e-05	0.78465	0.00045868
769	0.21936	3.9641e-05	0.78041	0.00019209
770	0.22382	0.000218	0.77513	0.00082949
771	0.22798	0.0003826	0.77026	0.0013745
772	0.23235	0.00046642	0.76553	0.001649
773	0.23684	0.00016474	0.76238	0.00061307
774	0.24121	9.6533e-05	0.75827	0.00042178
775	0.24484	0.0005083	0.75246	0.0021879
776	0.24813	0.0010107	0.74655	0.0043086
777	0.25174	0.00094269	0.74306	0.0042555
778	0.25822	0.0014174	0.73497	0.0053985
779	0.26488	0.0012842	0.72928	0.0045606
780	0.27194	0.00035454	0.72653	0.0011734
781	0.27746	0.0011723	0.71813	0.0032283
782	0.28324	0.0019448	0.70972	0.0050941
783	0.28939	0.00195	0.70375	0.0049072
784	0.29573	0.0019393	0.6976	0.0047276
785	0.30256	0.0010631	0.6939	0.002481
786	0.30976	3.5063e-05	0.69012	8.1439e-05
787	0.31525	0.00031309	0.68375	0.00068039
788	0.32106	0.00047091	0.67746	0.0010111
789	0.32696	0.00013931	0.67262	0.00028935
790	0.33171	0.0011107	0.66492	0.0022581
791	0.33755	0.0011682	0.65894	0.002346
792	0.34375	0.00050402	0.65473	0.0010141
793	0.34898	0.00097596	0.6481	0.0019436
794	0.35449	0.00081695	0.64307	0.0016208
795	0.35895	0.0013684	0.63706	0.0026179
796	0.35496	0.010527	0.61488	0.019642
797	0.35593	0.014408	0.6035	0.026171
798	0.35943	0.015441	0.59773	0.027403
799	0.36602	0.013536	0.59671	0.023739
800	0.37161	0.012339	0.59475	0.021293
801	0.3803	0.0077684	0.59873	0.013199
802	0.38775	0.0041576	0.60128	0.0068088
803	0.3909	0.0049817	0.59623	0.0078907
804	0.39595	0.0040326	0.59374	0.0062756
805	0.39608	0.0077564	0.58461	0.011557
806	0.39922	0.0085754	0.57965	0.012551
807	0.40379	0.0077301	0.57743	0.011059
808	0.40768	0.0073285	0.5748	0.010188
809	0.40943	0.0091722	0.56895	0.012441
810	0.41376	0.0085597	0.5663	0.01138
811	0.42179	0.004374	0.56817	0.0056712
812	0.42988	0.00025427	0.56953	0.00034007
813	0.43352	0.00034026	0.56569	0.00045711
814	0.4352	0.0024887	0.55893	0.0033759
815	0.43877	0.0028663	0.55447	0.0038906
816	0.44327	0.0020556	0.55184	0.0028351
817	0.44439	0.0043662	0.5454	0.0058355
818	0.44706	0.004926	0.54154	0.0064742
819	0.45093	0.0040882	0.53967	0.0053181
820	0.45272	0.0051205	0.53571	0.00645
821	0.45635	0.0043953	0.53377	0.0054818
822	0.462	0.0014649	0.53475	0.0017914
823	0.46459	0.0016817	0.53172	0.0020154
824	0.46687	0.0020292	0.52874	0.0023636
825	0.47004	0.0013107	0.5272	0.0014554
826	0.47038	0.0032555	0.52299	0.0033754
827	0.47259	0.0033982	0.52059	0.0034258
828	0.47605	0.0021276	0.51992	0.0019067
829	0.47598	0.0021426	0.51974	0.0021433
830	0.47599	0.0020955	0.51959	0.0023279
831	0.47719	0.00080977	0.52078	0.0012228
832	0.46832	0.0096098	0.50459	0.017479
833	0.465	0.012817	0.49865	0.023534
834	0.46443	0.013213	0.49742	0.02494
835	0.46433	0.014119	0.49616	0.025386
836	0.45994	0.019354	0.48947	0.03123
837	0.45941	0.020654	0.48768	0.03225
838	0.43391	0.046957	0.4569	0.062234
839	0.42359	0.058012	0.44409	0.074309
840	0.42168	0.060684	0.44057	0.07706
841	0.40772	0.075434	0.42299	0.093848
842	0.38745	0.096443	0.39897	0.11715
843	0.35862	0.12594	0.36643	0.14901
844	0.34701	0.13817	0.35326	0.16157
845	0.34421	0.14153	0.34984	0.16443
846	0.34751	0.13873	0.35335	0.16041
847	0.36349	0.12328	0.37093	0.1423
848	0.41565	0.071672	0.42833	0.08435
849	0.45275	0.035077	0.46982	0.042353
850	0.4546	0.033662	0.47127	0.040465
851	0.46255	0.026173	0.47951	0.031773
852	0.48241	0.0067137	0.50207	0.0088106
853	0.48154	0.0079248	0.50039	0.010141
854	0.48254	0.0072208	0.50101	0.009229
855	0.48601	0.0039863	0.50476	0.0052469
856	0.48202	0.0082349	0.49963	0.010119
857	0.46286	0.027612	0.47773	0.031801
858	0.37529	0.11534	0.38191	0.12746
859	0.25486	0.23589	0.25405	0.25519
860	0.21742	0.27347	0.21329	0.29582
861	0.20285	0.28814	0.19781	0.3112
862	0.20066	0.29043	0.19508	0.31382
863	0.2051	0.28606	0.19937	0.30946
864	0.21997	0.27123	0.21464	0.29416
865	0.26968	0.22157	0.26457	0.24418
866	0.38472	0.10654	0.38325	0.12549
867	0.39271	0.098585	0.39108	0.11763
868	0.34802	0.14325	0.33984	0.16889
869	0.28459	0.20663	0.26897	0.23981
870	0.25745	0.23367	0.23942	0.26946
871	0.21934	0.27165	0.19896	0.31005
872	0.20677	0.2841	0.18525	0.32388
873	0.20552	0.28524	0.18332	0.32591
874	0.20401	0.28666	0.1809	0.32842
875	0.20873	0.28182	0.18486	0.32459
876	0.22421	0.26618	0.19932	0.3103
877	0.21435	0.27583	0.18871	0.32111
878	0.21377	0.27622	0.18763	0.32238
879	0.21969	0.27007	0.1932	0.31704
880	0.21367	0.27582	0.18688	0.32363
881	0.21413	0.27506	0.1874	0.32341
882	0.2134	0.27549	0.18653	0.32457
883	0.21173	0.27689	0.18449	0.32689
884	0.20736	0.28094	0.17985	0.33185
885	0.20915	0.2788	0.18169	0.33036
886	0.19739	0.29017	0.16991	0.34254
887	0.19403	0.2931	0.16687	0.34601
888	0.19714	0.28951	0.17058	0.34277
889	0.19737	0.28876	0.17156	0.34231
890	0.19511	0.29046	0.17021	0.34422
891	0.19037	0.29465	0.16617	0.34881
892	0.18316	0.30127	0.15993	0.35564
893	0.18253	0.30127	0.16037	0.35584
894	0.18816	0.29495	0.16767	0.34922
895	0.19261	0.28984	0.17348	0.34407
896	0.16477	0.31696	0.14801	0.37025
897	0.15408	0.32689	0.13895	0.38008
898	0.11478	0.36544	0.10249	0.41729
899	0.099097	0.38033	0.088543	0.43203
900	0.094699	0.38394	0.084907	0.43645
901	0.096457	0.38142	0.08726	0.43487
902	0.096149	0.38091	0.087651	0.43529
903	0.10139	0.3748	0.094126	0.42968
904	0.10425	0.37103	0.098255	0.42647
905	0.11692	0.35745	0.11322	0.41241
906	0.15938	0.31411	0.1611	0.36541
907	0.18964	0.2829	0.1967	0.33075
908	0.26022	0.21132	0.28138	0.24707
909	0.46181	0.0087597	0.51813	0.011296
910	0.45229	0.01721	0.509	0.021503
911	0.44895	0.019514	0.50705	0.024488
912	0.44823	0.019117	0.50849	0.024165
913	0.44688	0.01926	0.50945	0.024414
914	0.44815	0.01669	0.51388	0.021281
915	0.45388	0.0095728	0.52433	0.01222
916	0.43405	0.028053	0.5038	0.03409
917	0.42559	0.035073	0.49699	0.042349
918	0.42301	0.03625	0.49679	0.043952
919	0.42472	0.033175	0.50153	0.04057
920	0.42526	0.03117	0.50526	0.038311
921	0.43314	0.02188	0.51765	0.027337
922	0.43283	0.020673	0.52052	0.025976
923	0.43588	0.015996	0.52801	0.020113
924	0.45025	6.6773e-05	0.54954	0.00014992
925	0.44786	0.0021491	0.54711	0.0028809
926	0.44538	0.0043453	0.54443	0.0058487
927	0.4451	0.0043737	0.54451	0.0060156
928	0.41885	0.030309	0.50957	0.041271
929	0.38243	0.06636	0.46203	0.089182
930	0.37136	0.077083	0.44757	0.10399
931	0.33374	0.11439	0.39571	0.15616
932	0.31777	0.13	0.37449	0.17774
933	0.31178	0.13558	0.36702	0.18562
934	0.30461	0.14235	0.35768	0.19535
935	0.30359	0.14294	0.35666	0.19681
936	0.30862	0.13742	0.3636	0.19035
937	0.3039	0.1416	0.35844	0.19606
938	0.30464	0.14027	0.36051	0.19458
939	0.31226	0.132	0.37202	0.18372
940	0.3405	0.10314	0.41053	0.14583
941	0.40664	0.036316	0.50205	0.054994
942	0.42524	0.017056	0.52861	0.029089
943	0.42449	0.017172	0.52862	0.029716
944	0.4262	0.014769	0.53234	0.026685
945	0.43254	0.007668	0.54287	0.016917
946	0.43196	0.0084357	0.54231	0.017292
947	0.43383	0.0067792	0.54578	0.013615
948	0.44065	0.00018772	0.55854	0.00062037
949	0.44189	0.00044416	0.55678	0.00087771
950	0.44306	0.00066939	0.55516	0.0011081
951	0.44478	0.00025577	0.55454	0.00042114
952	0.44601	0.00022713	0.55341	0.00034777
953	0.44704	0.0004412	0.55188	0.00064055
954	0.44856	6.8433e-05	0.55122	0.00015342
955	0.44243	0.0072533	0.53542	0.014897
956	0.41268	0.040663	0.48998	0.056673
957	0.40154	0.055247	0.46971	0.07351
958	0.38649	0.073831	0.44459	0.095089
959	0.38207	0.081586	0.43348	0.10287
960	0.38318	0.083617	0.42954	0.10367
961	0.37314	0.096872	0.41262	0.11737
962	0.32454	0.1488	0.35133	0.17534
963	0.3061	0.17035	0.32663	0.19691
964	0.2804	0.199	0.29569	0.22491
965	0.27351	0.20889	0.28482	0.23278
966	0.27539	0.21008	0.28319	0.23134
967	0.27664	0.21197	0.2806	0.23079
968	0.28437	0.20722	0.28514	0.22327
969	0.30322	0.1912	0.30157	0.20401
970	0.3462	0.1509	0.34382	0.15908
971	0.38438	0.11546	0.37924	0.12092
972	0.47661	0.025807	0.47165	0.025939
973	0.47567	0.029394	0.46587	0.029069
974	0.47902	0.028766	0.46409	0.02812
975	0.48647	0.023859	0.46677	0.0229
976	0.48883	0.024122	0.4642	0.022853
977	0.49546	0.020177	0.46545	0.018914
978	0.51136	0.007051	0.4748	0.0067855
979	0.51209	0.0091711	0.46988	0.0088554
980	0.51489	0.0090367	0.46738	0.0086942
981	0.51995	0.006456	0.46736	0.0062326
982	0.52429	0.0044169	0.46704	0.004251
983	0.52611	0.0047556	0.46465	0.0044751
984	0.53024	0.0028687	0.46418	0.0027125
985	0.53112	0.0043005	0.46056	0.0040208
986	0.53347	0.004101	0.45862	0.0038114
987	0.53752	0.0020622	0.45849	0.0019294
988	0.53826	0.0031867	0.45569	0.0028619
989	0.54022	0.00297	0.45421	0.0026053
990	0.52472	0.020263	0.43805	0.016958
991	0.50292	0.043916	0.41643	0.036731
992	0.49478	0.053797	0.40692	0.044504
993	0.49452	0.055846	0.40374	0.045891
994	0.49858	0.053462	0.40441	0.043549
995	0.51139	0.042377	0.41194	0.034294
996	0.54657	0.0089717	0.43668	0.0077832
997	0.55049	0.0067073	0.43686	0.0059422
998	0.55131	0.0074418	0.43469	0.0065577
999	0.5539	0.0062988	0.43422	0.0055808
1000	0.55382	0.0077184	0.43176	0.0067007
1001	0.55288	0.0099158	0.42882	0.0083919
1002	0.54332	0.020629	0.41948	0.016569
1003	0.40878	0.15636	0.31264	0.12222
1004	0.35444	0.21181	0.27027	0.16348
1005	0.3387	0.22869	0.25693	0.17568
1006	0.27162	0.29685	0.20599	0.22555
1007	0.18166	0.3878	0.14047	0.29006
1008	0.15398	0.41651	0.11966	0.30985
1009	0.10973	0.46229	0.082786	0.3452
1010	0.092145	0.48132	0.068378	0.35816
1011	0.086022	0.48882	0.063264	0.36189
