#coord	neutral	conserved	gBGC.neutral	gBGC.conserved
1	0.96687	0.032911	0.00021248	7.3185e-06
2	0.98847	0.011316	0.00021505	2.4978e-06
3	0.99311	0.0066697	0.00021391	1.4486e-06
4	0.9974	0.0023874	0.00021263	5.0877e-07
5	0.99841	0.0013743	0.0002106	2.8826e-07
6	0.99979	3.1447e-06	0.0002086	6.5958e-10
7	0.99979	5.7083e-06	0.00020637	1.1714e-09
8	0.99973	6.5767e-05	0.00020409	1.3607e-08
9	0.99973	6.655e-05	0.0002019	1.3633e-08
10	0.99976	3.5789e-05	0.00019977	7.2893e-09
11	0.99961	0.00019443	0.00019767	3.8954e-08
12	0.99978	2.8351e-05	0.0001957	5.6456e-09
13	0.99978	2.2473e-05	0.00019375	4.4318e-09
14	0.9997	0.00010748	0.00019184	2.1008e-08
15	0.99955	0.00025661	0.00018998	4.9556e-08
16	0.99971	0.00010482	0.00018824	2.0105e-08
17	0.99978	3.6067e-05	0.00018653	6.869e-09
18	0.99964	0.00017559	0.00018484	3.285e-08
19	0.99981	1.0438e-05	0.00018326	1.925e-09
20	0.99924	0.00057932	0.00018151	1.0652e-07
21	0.99976	6.2951e-05	0.00018001	1.158e-08
22	0.99974	7.8844e-05	0.00017847	1.4329e-08
23	0.99972	0.00010123	0.00017697	1.8264e-08
24	0.99965	0.00017628	0.00017551	3.1452e-08
25	0.99929	0.00053341	0.00017406	9.3456e-08
26	0.9991	0.0007242	0.00017267	1.2446e-07
27	0.99931	0.00051464	0.00017133	8.7515e-08
28	0.99904	0.00078835	0.00016988	1.3393e-07
29	0.99896	0.00086932	0.0001685	1.4543e-07
30	0.99919	0.00064199	0.00016716	1.0619e-07
31	0.99981	2.3067e-05	0.00016585	3.8386e-09
32	0.99913	0.00070365	0.00016437	1.1585e-07
33	0.99888	0.00095954	0.00016296	1.5672e-07
34	0.99905	0.00079102	0.00016162	1.2823e-07
35	0.99964	0.0001979	0.00016034	3.2091e-08
36	0.99983	1.0162e-05	0.00015904	1.6105e-09
37	0.99984	6.607e-08	0.00015768	1.0423e-11
38	0.99898	0.00086421	0.00015616	1.3652e-07
39	0.99822	0.0016223	0.00015471	2.5242e-07
40	0.99921	0.00063758	0.00015351	9.9788e-08
41	0.99917	0.00068022	0.00015218	1.06e-07
42	0.99934	0.0005117	0.00015094	7.9283e-08
43	0.99972	0.00012892	0.00014977	2.0142e-08
44	0.99773	0.0021187	0.00014828	3.2173e-07
45	0.9955	0.0043575	0.0001468	6.5263e-07
46	0.99569	0.0041621	0.00014573	6.1656e-07
47	0.99626	0.0035976	0.00014468	5.2993e-07
48	0.99957	0.00028398	0.00014408	4.0994e-08
49	0.99982	3.9372e-05	0.00014299	5.5938e-09
50	0.99986	6.5365e-07	0.00014184	9.4036e-11
51	0.9997	0.00016317	0.00014071	2.3225e-08
52	0.99986	4.0295e-06	0.00013966	5.6629e-10
53	0.99889	0.00097557	0.00013849	1.3378e-07
54	0.9995	0.00036472	0.00013751	4.948e-08
55	0.99963	0.00023201	0.00013644	3.1569e-08
56	0.99947	0.00039112	0.00013537	5.2436e-08
57	0.99973	0.00013133	0.00013433	1.7366e-08
58	0.99938	0.00048984	0.00013319	6.4884e-08
59	0.99944	0.00042739	0.00013207	5.6761e-08
60	0.99973	0.00014299	0.00013102	1.8867e-08
61	0.99768	0.002193	0.00012965	2.8873e-07
62	0.98975	0.010126	0.00012755	1.3111e-06
63	0.9818	0.018074	0.00012544	2.3282e-06
64	0.97982	0.020051	0.00012416	2.5587e-06
65	0.98211	0.017762	0.00012346	2.2409e-06
66	0.99211	0.0077668	0.0001237	9.6496e-07
67	0.99466	0.0052141	0.00012296	6.4117e-07
68	0.99751	0.0023703	0.00012222	2.9079e-07
69	0.9998	8.2929e-05	0.00012145	1.0035e-08
70	0.99908	0.00079793	0.00012029	9.6484e-08
71	0.99953	0.00035109	0.0001193	4.1474e-08
72	0.99964	0.00024545	0.00011824	2.8328e-08
73	0.99521	0.0046731	0.00011664	5.3897e-07
74	0.99476	0.0051206	0.00011548	5.8548e-07
75	0.99763	0.0022599	0.00011467	2.5652e-07
76	0.99584	0.0040427	0.00011331	4.6001e-07
77	0.99661	0.0032806	0.00011221	3.7376e-07
78	0.99716	0.0027255	0.00011113	3.1027e-07
79	0.99059	0.0092987	0.00010929	1.0441e-06
80	0.98933	0.010564	0.00010802	1.1785e-06
81	0.9911	0.0087943	0.00010713	9.7583e-07
82	0.98388	0.016017	0.00010522	1.7643e-06
83	0.98217	0.017722	0.00010397	1.9329e-06
84	0.98452	0.015375	0.00010319	1.6629e-06
85	0.84927	0.15063	8.812e-05	1.5725e-05
86	0.80248	0.19742	8.2383e-05	2.0432e-05
87	0.78509	0.21481	7.9815e-05	2.2001e-05
88	0.76507	0.23483	7.6983e-05	2.3817e-05
89	0.76271	0.23719	7.5937e-05	2.383e-05
90	0.77724	0.22266	7.6525e-05	2.2187e-05
91	0.81788	0.18202	7.9665e-05	1.8025e-05
92	0.7838	0.21611	7.5528e-05	2.1169e-05
93	0.73896	0.26094	7.0495e-05	2.5239e-05
94	0.58477	0.41513	5.5063e-05	3.969e-05
95	0.36994	0.62997	3.4428e-05	5.9366e-05
96	0.30312	0.69679	2.783e-05	6.4993e-05
97	0.21489	0.78502	1.9485e-05	7.2389e-05
98	0.17959	0.82032	1.6134e-05	7.481e-05
99	0.17087	0.82904	1.519e-05	7.4814e-05
100	0.15737	0.84254	1.386e-05	7.5223e-05
101	0.1583	0.84162	1.3801e-05	7.4349e-05
102	0.17505	0.82486	1.5098e-05	7.2108e-05
103	0.088466	0.91145	7.5481e-06	7.8734e-05
104	0.058314	0.9416	4.8995e-06	8.0449e-05
105	0.048436	0.95148	4.004e-06	8.0401e-05
106	0.033307	0.96661	2.7026e-06	8.0775e-05
107	0.029572	0.97035	2.3576e-06	8.0183e-05
108	0.029933	0.96999	2.3549e-06	7.9264e-05
109	0.035104	0.96482	2.7374e-06	7.7977e-05
110	0.017016	0.9829	1.2972e-06	7.8527e-05
111	0.0097488	0.99017	7.2895e-07	7.8221e-05
112	0.0079679	0.99195	5.8415e-07	7.7483e-05
113	0.0081076	0.99182	5.8764e-07	7.6611e-05
114	0.010498	0.98943	7.5924e-07	7.5586e-05
115	0.011997	0.98793	8.5814e-07	7.4625e-05
116	0.016788	0.98314	1.1954e-06	7.344e-05
117	0.029213	0.97071	2.0821e-06	7.172e-05
118	0.059974	0.93995	4.2873e-06	6.8698e-05
119	0.1478	0.85213	1.0477e-05	6.1682e-05
120	0.398	0.60193	2.7778e-05	4.3545e-05
121	0.39319	0.60674	2.7068e-05	4.3407e-05
122	0.4044	0.59553	2.7454e-05	4.2161e-05
123	0.44507	0.55486	2.9743e-05	3.8999e-05
124	0.47501	0.52492	3.1303e-05	3.6587e-05
125	0.47516	0.52477	3.089e-05	3.617e-05
126	0.49046	0.50948	3.1492e-05	3.4757e-05
127	0.45477	0.54516	2.8752e-05	3.6705e-05
128	0.44318	0.55675	2.7659e-05	3.7026e-05
129	0.44569	0.55424	2.7502e-05	3.6429e-05
130	0.3626	0.63734	2.2057e-05	4.1139e-05
131	0.26506	0.73488	1.5796e-05	4.6654e-05
132	0.23556	0.76438	1.3788e-05	4.7905e-05
133	0.20474	0.7952	1.172e-05	4.9204e-05
134	0.19326	0.80668	1.0876e-05	4.9294e-05
135	0.19336	0.80658	1.0736e-05	4.8695e-05
136	0.1697	0.83024	9.2487e-06	4.9458e-05
137	0.16563	0.83432	8.8882e-06	4.9084e-05
138	0.17071	0.82923	9.0506e-06	4.82e-05
139	0.15738	0.84256	8.2073e-06	4.8336e-05
140	0.15721	0.84274	8.0837e-06	4.7744e-05
141	0.16669	0.83326	8.4822e-06	4.6641e-05
142	0.17152	0.82842	8.6316e-06	4.58e-05
143	0.18912	0.81083	9.4544e-06	4.4298e-05
144	0.2325	0.76745	1.1624e-05	4.1461e-05
145	0.26179	0.73816	1.3024e-05	3.9406e-05
146	0.33156	0.66839	1.6528e-05	3.526e-05
147	0.50382	0.49612	2.536e-05	2.58e-05
148	0.99502	0.0049249	5.0268e-05	2.5247e-07
149	0.9952	0.0047526	4.9624e-05	2.4065e-07
150	0.99809	0.0018627	4.9137e-05	9.2709e-08
151	0.99703	0.0029184	4.8437e-05	1.4287e-07
152	0.99151	0.0084424	4.7548e-05	4.0356e-07
153	0.98612	0.01383	4.6653e-05	6.5321e-07
154	0.98621	0.013739	4.6003e-05	6.4161e-07
155	0.97977	0.020179	4.5075e-05	9.2902e-07
156	0.97984	0.020116	4.4432e-05	9.1463e-07
157	0.98432	0.015639	4.4007e-05	7.0091e-07
158	0.98843	0.01153	4.3544e-05	5.1095e-07
159	0.99957	0.00038775	4.3403e-05	1.7104e-08
160	0.99749	0.0024625	4.2701e-05	1.0556e-07
161	0.9977	0.0022627	4.2081e-05	9.5983e-08
162	0.99986	0.00010241	4.1562e-05	4.2346e-09
163	0.9998	0.00015967	4.0933e-05	6.4971e-09
164	0.9997	0.00025945	4.0286e-05	1.0509e-08
165	0.99988	8.4425e-05	3.9668e-05	3.3121e-09
166	0.99379	0.0061715	3.8831e-05	2.3459e-07
167	0.97372	0.026237	3.7456e-05	9.875e-07
168	0.9685	0.031466	3.664e-05	1.1665e-06
169	0.97025	0.029709	3.607e-05	1.0831e-06
170	0.97819	0.021772	3.5741e-05	7.7585e-07
171	0.98532	0.014646	3.5358e-05	5.0962e-07
172	0.98562	0.014347	3.4713e-05	4.9029e-07
173	0.98101	0.018956	3.3882e-05	6.401e-07
174	0.97601	0.023961	3.3029e-05	7.9843e-07
175	0.94944	0.050522	3.1491e-05	1.659e-06
176	0.94249	0.057476	3.0605e-05	1.852e-06
177	0.94471	0.055257	3.0003e-05	1.7459e-06
178	0.945	0.054972	2.9356e-05	1.7008e-06
179	0.95574	0.044235	2.9007e-05	1.3434e-06
180	0.98262	0.017351	2.9139e-05	5.2145e-07
181	0.98826	0.011706	2.8643e-05	3.4572e-07
182	0.99238	0.0075917	2.8113e-05	2.1975e-07
183	0.99557	0.0043989	2.7572e-05	1.2402e-07
184	0.99596	0.004009	2.6933e-05	1.1028e-07
185	0.9967	0.003269	2.6287e-05	8.8304e-08
186	0.99727	0.0027059	2.5652e-05	7.1559e-08
187	0.99602	0.0039563	2.4956e-05	1.0227e-07
188	0.99681	0.003167	2.4328e-05	8.0398e-08
189	0.99743	0.0025507	2.3711e-05	6.3507e-08
190	0.97725	0.022731	2.2618e-05	5.3869e-07
191	0.9698	0.030174	2.186e-05	6.9422e-07
192	0.96945	0.030524	2.1255e-05	6.8434e-07
193	0.95919	0.040787	2.0454e-05	8.8667e-07
194	0.94739	0.052588	1.9618e-05	1.1108e-06
195	0.89492	0.10506	1.7991e-05	2.142e-06
196	0.82618	0.1738	1.6134e-05	3.4169e-06
197	0.74585	0.25413	1.4117e-05	4.8409e-06
198	0.71906	0.28092	1.3167e-05	5.1858e-06
199	0.40839	0.59159	7.0966e-06	1.0639e-05
200	0.28202	0.71796	4.6628e-06	1.2467e-05
201	0.23108	0.7689	3.6541e-06	1.2878e-05
202	0.21168	0.7883	3.2145e-06	1.273e-05
203	0.20898	0.791	3.0458e-06	1.2302e-05
204	0.21654	0.78345	3.0328e-06	1.1726e-05
205	0.23994	0.76005	3.2357e-06	1.0941e-05
206	0.2382	0.76179	3.0801e-06	1.0522e-05
207	0.24844	0.75154	3.0854e-06	9.9502e-06
208	0.2534	0.74659	3.0178e-06	9.4581e-06
209	0.27428	0.72571	3.1408e-06	8.7831e-06
210	0.34589	0.6541	3.8157e-06	7.5474e-06
211	0.512	0.48799	5.4648e-06	5.3447e-06
212	0.98573	0.01426	1.0098e-05	1.4809e-07
213	0.98722	0.012767	9.5449e-06	1.2542e-07
214	0.51052	0.48947	4.6663e-06	4.4442e-06
215	0.31641	0.68358	2.7514e-06	5.8083e-06
216	0.23766	0.76234	1.9685e-06	6.0478e-06
217	0.20641	0.79358	1.6208e-06	5.8588e-06
218	0.1996	0.8004	1.4674e-06	5.4674e-06
219	0.20355	0.79644	1.3948e-06	5.0014e-06
220	0.22169	0.77831	1.412e-06	4.4519e-06
221	0.28439	0.7156	1.6718e-06	3.6514e-06
222	0.42993	0.57007	2.328e-06	2.4603e-06
223	0.53415	0.46584	2.633e-06	1.6266e-06
224	0.53404	0.46595	2.654e-06	1.6775e-06
225	0.53323	0.46676	2.6677e-06	1.7287e-06
226	0.42395	0.57605	2.1415e-06	2.3198e-06
227	0.31266	0.68734	1.5856e-06	2.9338e-06
228	0.26803	0.73197	1.3694e-06	3.2077e-06
229	0.21157	0.78843	1.0838e-06	3.5447e-06
230	0.19316	0.80684	9.9113e-07	3.6828e-06
231	0.19204	0.80796	9.8447e-07	3.7286e-06
232	0.16817	0.83183	8.6096e-07	3.8903e-06
233	0.15987	0.84013	8.1923e-07	3.969e-06
234	0.16169	0.83831	8.2917e-07	3.9952e-06
235	0.17796	0.82203	9.0689e-07	3.9475e-06
236	0.21834	0.78165	1.1013e-06	3.782e-06
237	0.31881	0.68118	1.59e-06	3.3213e-06
238	0.24449	0.75551	1.2246e-06	3.714e-06
239	0.22256	0.77744	1.1169e-06	3.8425e-06
240	0.21586	0.78413	1.0867e-06	3.8925e-06
241	0.20867	0.79133	1.0514e-06	3.9412e-06
242	0.21168	0.78832	1.0682e-06	3.9367e-06
243	0.23166	0.76833	1.1675e-06	3.8437e-06
244	0.3	0.7	1.5011e-06	3.5101e-06
245	0.45846	0.54153	2.2841e-06	2.7261e-06
246	0.84778	0.15222	4.2304e-06	7.7863e-07
247	0.8529	0.14709	4.2577e-06	7.5244e-07
248	0.87613	0.12387	4.3693e-06	6.3478e-07
249	0.93203	0.067965	4.6482e-06	3.5017e-07
250	0.94602	0.053976	4.7062e-06	2.7919e-07
251	0.93653	0.063466	4.6376e-06	3.2737e-07
252	0.93545	0.064543	4.6137e-06	3.3199e-07
253	0.94336	0.056638	4.6271e-06	2.9183e-07
254	0.925	0.074997	4.5094e-06	3.8346e-07
255	0.91941	0.080586	4.4582e-06	4.0951e-07
256	0.91396	0.086037	4.4002e-06	4.3464e-07
257	0.91612	0.08388	4.3809e-06	4.2158e-07
258	0.92747	0.07252	4.4072e-06	3.6332e-07
259	0.92576	0.074239	4.3707e-06	3.6878e-07
260	0.93124	0.068757	4.37e-06	3.3895e-07
261	0.94797	0.052021	4.4247e-06	2.5407e-07
262	0.95046	0.049539	4.4014e-06	2.3952e-07
263	0.9616	0.038399	4.4206e-06	1.8344e-07
264	0.99986	0.00013316	4.5588e-06	6.271e-10
265	0.99889	0.0011099	4.5023e-06	5.0422e-09
266	0.99923	0.00076776	4.4524e-06	3.4161e-09
267	0.99997	2.6325e-05	4.3965e-06	1.0823e-10
268	0.99992	7.9266e-05	4.3376e-06	2.3803e-10
269	0.99936	0.0006394	4.8116e-06	3.0357e-09
270	0.99993	6.9504e-05	5.3007e-06	3.6715e-10
271	0.99938	0.00060944	5.7732e-06	3.5841e-09
272	0.99902	0.00097401	6.2562e-06	6.1938e-09
273	0.99998	1.0204e-05	6.7583e-06	7.0628e-11
274	0.99991	8.2679e-05	7.2631e-06	6.0576e-10
275	0.99901	0.00098487	7.7724e-06	7.6375e-09
276	0.99968	0.00030865	8.2816e-06	2.594e-09
277	0.89598	0.10401	7.836e-06	9.4009e-07
278	0.86027	0.13972	7.9218e-06	1.3357e-06
279	0.84975	0.15024	8.2151e-06	1.5132e-06
280	0.83385	0.16614	8.4506e-06	1.7572e-06
281	0.76732	0.23267	8.095e-06	2.5819e-06
282	0.74155	0.25843	8.1599e-06	2.9956e-06
283	0.71547	0.28452	8.1832e-06	3.44e-06
284	0.7073	0.29269	8.4141e-06	3.6849e-06
285	0.69343	0.30656	8.5724e-06	4.0108e-06
286	0.67308	0.3269	8.6403e-06	4.4355e-06
287	0.65169	0.3483	8.6616e-06	4.8961e-06
288	0.64739	0.3526	8.9158e-06	5.1334e-06
289	0.64106	0.35893	9.1447e-06	5.4045e-06
290	0.65045	0.34953	9.5956e-06	5.4437e-06
291	0.68682	0.31316	1.0463e-05	5.057e-06
292	0.63589	0.36409	9.9333e-06	6.0564e-06
293	0.6172	0.38278	9.9149e-06	6.5546e-06
294	0.61375	0.38623	1.015e-05	6.808e-06
295	0.57507	0.42491	9.7722e-06	7.6841e-06
296	0.53053	0.46945	9.236e-06	8.7091e-06
297	0.51345	0.48653	9.1781e-06	9.2641e-06
298	0.42466	0.57532	7.7586e-06	1.1189e-05
299	0.3872	0.61278	7.2554e-06	1.2206e-05
300	0.3746	0.62538	7.2128e-06	1.2772e-05
301	0.32159	0.67839	6.3304e-06	1.4168e-05
302	0.30168	0.6983	6.0891e-06	1.4932e-05
303	0.29681	0.70317	6.1516e-06	1.5399e-05
304	0.30436	0.69562	6.4882e-06	1.5602e-05
305	0.33556	0.66442	7.3647e-06	1.5256e-05
306	0.41003	0.58995	9.3085e-06	1.3851e-05
307	0.64916	0.35082	1.5254e-05	8.4348e-06
308	0.81742	0.18256	1.9768e-05	4.4599e-06
309	0.9816	0.018371	2.4311e-05	4.4355e-07
310	0.9793	0.020676	2.5352e-05	5.2618e-07
311	0.98132	0.018657	2.6534e-05	4.9697e-07
312	0.99081	0.0091661	2.7909e-05	2.5721e-07
313	0.99244	0.0075333	2.911e-05	2.2096e-07
314	0.99343	0.0065366	3.0324e-05	1.9945e-07
315	0.99961	0.00035982	3.1683e-05	1.3016e-08
316	0.93571	0.064258	3.0518e-05	2.1189e-06
317	0.91403	0.085933	3.0641e-05	2.9203e-06
318	0.90633	0.093634	3.1238e-05	3.2704e-06
319	0.90691	0.093058	3.214e-05	3.338e-06
320	0.91905	0.080916	3.3448e-05	2.9829e-06
321	0.95192	0.048042	3.5598e-05	1.8127e-06
322	0.96083	0.039135	3.6856e-05	1.515e-06
323	0.96688	0.033079	3.8045e-05	1.3101e-06
324	0.98981	0.010153	3.9909e-05	4.1189e-07
325	0.99012	0.0098359	4.0904e-05	4.0708e-07
326	0.99489	0.0050705	4.207e-05	2.1373e-07
327	0.99994	1.2352e-05	4.3237e-05	5.3091e-10
328	0.99734	0.0026142	4.4102e-05	1.1393e-07
329	0.99727	0.0026879	4.5057e-05	1.1969e-07
330	0.99994	1.0823e-05	4.6118e-05	4.9049e-10
331	0.99848	0.0014725	4.7017e-05	6.8171e-08
332	0.97785	0.022103	4.6982e-05	1.0514e-06
333	0.9702	0.029753	4.7572e-05	1.4388e-06
334	0.96971	0.030244	4.848e-05	1.4895e-06
335	0.97578	0.024167	4.9701e-05	1.2106e-06
336	0.99812	0.0018265	5.1742e-05	9.2938e-08
337	0.99564	0.0043064	5.2559e-05	2.2362e-07
338	0.99595	0.0039922	5.3502e-05	2.1091e-07
339	0.99988	6.198e-05	5.462e-05	3.3733e-09
340	0.99971	0.00023297	5.5546e-05	1.2981e-08
341	0.99907	0.00087362	5.6472e-05	4.9036e-08
342	0.99994	1.1207e-06	5.7463e-05	6.4735e-11
343	0.99896	0.00097826	5.8377e-05	5.7133e-08
344	0.9984	0.0015424	5.9293e-05	9.2186e-08
345	0.99936	0.00058147	6.033e-05	3.5244e-08
346	0.99841	0.0015331	6.1232e-05	9.4675e-08
347	0.99737	0.0025689	6.2155e-05	1.6035e-07
348	0.99841	0.0015314	6.3189e-05	9.756e-08
349	0.99595	0.0039877	6.3979e-05	2.5997e-07
350	0.99594	0.0039947	6.4956e-05	2.6445e-07
351	0.99838	0.0015585	6.613e-05	1.042e-07
352	0.993	0.0069316	6.6758e-05	4.6804e-07
353	0.99239	0.0075396	6.7679e-05	5.1818e-07
354	0.99469	0.0052397	6.8833e-05	3.6575e-07
355	0.99366	0.00627	6.9735e-05	4.4516e-07
356	0.99524	0.0046911	7.0854e-05	3.3813e-07
357	0.99718	0.0027494	7.198e-05	2.0345e-07
358	0.99687	0.0030613	7.2976e-05	2.2996e-07
359	0.99848	0.0014427	7.4147e-05	1.1104e-07
360	0.9999	2.8464e-05	7.5337e-05	3.5676e-09
361	0.99955	0.00037961	7.5217e-05	2.998e-08
362	0.99947	0.00045939	7.5137e-05	3.5673e-08
363	0.9987	0.0012211	7.5025e-05	9.2904e-08
364	0.99834	0.001585	7.4926e-05	1.2099e-07
365	0.99795	0.0019728	7.4843e-05	1.5022e-07
366	0.99754	0.0023835	7.4777e-05	1.8029e-07
367	0.99754	0.0023851	7.4725e-05	1.8067e-07
368	0.99956	0.00036751	7.4845e-05	2.7549e-08
369	0.9995	0.00042087	7.4795e-05	3.1398e-08
370	0.99724	0.0026883	7.4561e-05	2.0176e-07
371	0.99714	0.0027866	7.4512e-05	2.0804e-07
372	0.99981	0.00011584	7.4651e-05	8.768e-09
373	0.99971	0.00021889	7.4604e-05	1.6515e-08
374	0.99748	0.0024437	7.4415e-05	1.8218e-07
375	0.99533	0.0045929	7.4217e-05	3.4363e-07
376	0.9955	0.0044214	7.421e-05	3.2995e-07
377	0.99884	0.0010887	7.4424e-05	8.2075e-08
378	0.99952	0.00040467	7.4459e-05	3.0702e-08
379	0.99955	0.0003761	7.4462e-05	2.835e-08
380	0.99894	0.00098176	7.4435e-05	7.2896e-08
381	0.99993	1.1065e-07	7.4509e-05	8.1386e-12
382	0.99886	0.0010691	7.4416e-05	7.9536e-08
383	0.99801	0.0019153	7.4324e-05	1.4324e-07
384	0.9988	0.0011265	7.4374e-05	8.3812e-08
385	0.99983	9.2548e-05	7.4427e-05	6.9499e-09
386	0.99992	7.4348e-06	7.4428e-05	5.5001e-10
387	0.99992	3.6825e-06	7.4406e-05	2.7715e-10
388	0.9987	0.0012251	7.4275e-05	9.3353e-08
389	0.99742	0.0025024	7.416e-05	1.898e-07
390	0.99798	0.0019415	7.4203e-05	1.4716e-07
391	0.98133	0.018597	7.293e-05	1.405e-06
392	0.96426	0.035666	7.1598e-05	2.7059e-06
393	0.95796	0.041967	7.1108e-05	3.1818e-06
394	0.93123	0.068701	6.9047e-05	5.2144e-06
395	0.92165	0.078278	6.8317e-05	5.9345e-06
396	0.92216	0.077764	6.8327e-05	5.9017e-06
397	0.90799	0.091933	6.7259e-05	6.9647e-06
398	0.89184	0.10808	6.6018e-05	8.1867e-06
399	0.88737	0.11255	6.5681e-05	8.5211e-06
400	0.89479	0.10513	6.6211e-05	7.9733e-06
401	0.91792	0.08201	6.7945e-05	6.2402e-06
402	0.9731	0.026825	7.2141e-05	2.0618e-06
403	0.96988	0.030046	7.1939e-05	2.2997e-06
404	0.97178	0.028142	7.2146e-05	2.1482e-06
405	0.98333	0.016592	7.3066e-05	1.267e-06
406	0.98609	0.013837	7.3298e-05	1.0588e-06
407	0.99463	0.0052995	7.3991e-05	4.0716e-07
408	0.99666	0.0032663	7.4171e-05	2.5349e-07
409	0.9939	0.0060298	7.4008e-05	4.6254e-07
410	0.99397	0.0059552	7.408e-05	4.5576e-07
411	0.99673	0.0031957	7.4375e-05	2.4322e-07
412	0.99985	7.3836e-05	7.4678e-05	5.6712e-09
413	0.9999	2.6882e-05	7.4766e-05	2.0144e-09
414	0.99693	0.0029914	7.4651e-05	2.2025e-07
415	0.95324	0.046687	7.1494e-05	3.4659e-06
416	0.94042	0.059503	7.0602e-05	4.4312e-06
417	0.93925	0.060675	7.0562e-05	4.5293e-06
418	0.93579	0.064131	7.0372e-05	4.7938e-06
419	0.93895	0.060979	7.07e-05	4.5572e-06
420	0.95425	0.045673	7.1925e-05	3.4103e-06
421	0.95627	0.04365	7.2135e-05	3.2639e-06
422	0.96806	0.031864	7.3055e-05	2.3928e-06
423	0.99878	0.0011483	7.543e-05	8.6866e-08
424	0.98462	0.015301	7.4385e-05	1.1763e-06
425	0.97922	0.020703	7.4034e-05	1.5892e-06
426	0.97858	0.021349	7.4065e-05	1.6372e-06
427	0.97752	0.022407	7.4085e-05	1.7135e-06
428	0.98193	0.017993	7.4507e-05	1.3744e-06
429	0.99895	0.00097258	7.587e-05	7.7317e-08
430	0.99752	0.0024008	7.5844e-05	1.9001e-07
431	0.97883	0.021092	7.443e-05	1.6754e-06
432	0.972	0.027924	7.3979e-05	2.2167e-06
433	0.94802	0.0519	7.2143e-05	4.1284e-06
434	0.91465	0.085275	6.9596e-05	6.7678e-06
435	0.90233	0.097592	6.8733e-05	7.7415e-06
436	0.7001	0.29982	5.3172e-05	2.3431e-05
437	0.62975	0.37018	4.7743e-05	2.8975e-05
438	0.6069	0.39302	4.5991e-05	3.0831e-05
439	0.25642	0.7435	1.8636e-05	5.8305e-05
440	0.13346	0.86646	8.9428e-06	6.8109e-05
441	0.095243	0.90468	5.8877e-06	7.1265e-05
442	0.080404	0.91952	4.695e-06	7.2569e-05
443	0.07746	0.92246	4.3948e-06	7.2973e-05
444	0.08288	0.91704	4.6379e-06	7.2825e-05
445	0.076968	0.92295	4.094e-06	7.3456e-05
446	0.078253	0.92167	4.0586e-06	7.3589e-05
447	0.087077	0.91285	4.4624e-06	7.3292e-05
448	0.069497	0.93043	3.5055e-06	7.2846e-05
449	0.063625	0.9363	3.195e-06	7.1777e-05
450	0.066361	0.93357	3.3962e-06	7.0184e-05
451	0.05546	0.94447	2.788e-06	6.9391e-05
452	0.053741	0.94619	2.688e-06	6.808e-05
453	0.057415	0.94252	2.917e-06	6.646e-05
454	0.058094	0.94184	2.9528e-06	6.5054e-05
455	0.065054	0.93488	3.3775e-06	6.3279e-05
456	0.069072	0.93086	3.6049e-06	6.1724e-05
457	0.082006	0.91793	4.3883e-06	5.9633e-05
458	0.090161	0.90978	4.8483e-06	5.7886e-05
459	0.12065	0.87929	6.6603e-06	5.4776e-05
460	0.15025	0.84969	8.3174e-06	5.181e-05
461	0.21971	0.78023	1.2304e-05	4.6534e-05
462	0.39074	0.6092	2.2186e-05	3.5386e-05
463	0.4353	0.56464	2.4265e-05	3.2028e-05
464	0.56499	0.43495	3.0944e-05	2.4055e-05
465	0.97948	0.020462	5.2573e-05	1.1144e-06
466	0.98098	0.018968	5.1406e-05	1.0069e-06
467	0.98938	0.010567	5.0567e-05	5.4954e-07
468	0.99601	0.0039414	4.9657e-05	1.9943e-07
469	0.99551	0.0044396	4.8355e-05	2.1865e-07
470	0.99736	0.0025949	4.7202e-05	1.2386e-07
471	0.99959	0.00036264	4.6038e-05	1.7014e-08
472	0.99959	0.00036665	4.4799e-05	1.6629e-08
473	0.99898	0.00097761	4.3565e-05	4.25e-08
474	0.99982	0.00013464	4.2374e-05	5.6663e-09
475	0.9998	0.00016369	4.1125e-05	6.7703e-09
476	0.99954	0.00041948	3.9897e-05	1.6718e-08
477	0.99956	0.00040471	3.8714e-05	1.529e-08
478	0.99991	5.01e-05	3.7524e-05	1.2993e-09
479	0.99937	0.0005927	3.7774e-05	2.2241e-08
480	0.99993	3.101e-05	3.8079e-05	1.1943e-09
481	0.99652	0.0034373	3.8217e-05	1.3534e-07
482	0.99577	0.0041929	3.847e-05	1.6627e-07
483	0.9971	0.0028566	3.8819e-05	1.1457e-07
484	0.95878	0.041183	3.7562e-05	1.6548e-06
485	0.78739	0.21257	3.0987e-05	8.5266e-06
486	0.71813	0.28184	2.8468e-05	1.1355e-05
487	0.4005	0.59946	1.6057e-05	2.4088e-05
488	0.30122	0.69874	1.2163e-05	2.8293e-05
489	0.25889	0.74107	1.0552e-05	3.0224e-05
490	0.097372	0.90259	4.0089e-06	3.7077e-05
491	0.046787	0.95317	1.9295e-06	3.9459e-05
492	0.026275	0.97368	1.0923e-06	4.0606e-05
493	0.02033	0.97963	8.4886e-07	4.1152e-05
494	0.01865	0.98131	7.8472e-07	4.1524e-05
495	0.020259	0.9797	8.6171e-07	4.1763e-05
496	0.014852	0.9851	6.3753e-07	4.2295e-05
497	0.014373	0.98558	6.2073e-07	4.2613e-05
498	0.018101	0.98186	7.8419e-07	4.2742e-05
499	0.014708	0.98525	6.4097e-07	4.3185e-05
500	0.015462	0.98449	6.7662e-07	4.3441e-05
501	0.019445	0.98051	8.5725e-07	4.3558e-05
502	0.032204	0.96775	1.4257e-06	4.328e-05
503	0.069038	0.93092	3.0576e-06	4.1932e-05
504	0.15951	0.84044	7.1352e-06	3.8145e-05
505	0.18187	0.81808	8.1788e-06	3.7385e-05
506	0.23554	0.76441	1.0674e-05	3.518e-05
507	0.38968	0.61027	1.7743e-05	2.8394e-05
508	0.50675	0.4932	2.3269e-05	2.3161e-05
509	0.79486	0.2051	3.6981e-05	9.7524e-06
510	0.99754	0.0024124	4.6934e-05	1.1687e-07
511	0.99683	0.0031251	4.7233e-05	1.5097e-07
512	0.9984	0.0015501	4.7628e-05	7.6163e-08
513	0.99825	0.0017028	4.7955e-05	8.4024e-08
514	0.99599	0.0039656	4.8195e-05	1.9446e-07
515	0.9961	0.0038486	4.8567e-05	1.8899e-07
516	0.99958	0.0003748	4.9089e-05	1.8549e-08
517	0.99683	0.0031217	4.9288e-05	1.5602e-07
518	0.99641	0.0035432	4.9619e-05	1.7787e-07
519	0.99881	0.0011437	5.0075e-05	5.9177e-08
520	0.98526	0.014691	4.9729e-05	7.5913e-07
521	0.98137	0.018581	4.9859e-05	9.6987e-07
522	0.97758	0.022366	4.9974e-05	1.1809e-06
523	0.90992	0.090027	4.6707e-05	4.7896e-06
524	0.88705	0.11289	4.5767e-05	6.0581e-06
525	0.87911	0.12084	4.5637e-05	6.5301e-06
526	0.86682	0.13313	4.5289e-05	7.2357e-06
527	0.8651	0.13484	4.552e-05	7.3767e-06
528	0.87349	0.12646	4.6319e-05	6.967e-06
529	0.86939	0.13055	4.6424e-05	7.2361e-06
530	0.86507	0.13488	4.6495e-05	7.5261e-06
531	0.87044	0.12951	4.7118e-05	7.2795e-06
532	0.86052	0.13943	4.6878e-05	7.8835e-06
533	0.86055	0.1394	4.7207e-05	7.9335e-06
534	0.87378	0.12616	4.826e-05	7.2465e-06
535	0.85211	0.14783	4.7371e-05	8.5188e-06
536	0.84773	0.15221	4.7431e-05	8.8285e-06
537	0.85279	0.14715	4.805e-05	8.5954e-06
538	0.8575	0.14244	4.8632e-05	8.3839e-06
539	0.875	0.12494	4.9984e-05	7.4182e-06
540	0.91826	0.081686	5.2902e-05	4.9024e-06
541	0.94902	0.050925	5.5144e-05	3.0796e-06
542	0.9341	0.065839	5.4694e-05	3.9652e-06
543	0.93005	0.069889	5.4895e-05	4.2196e-06
544	0.68351	0.31643	4.0805e-05	1.8749e-05
545	0.60678	0.39316	3.6512e-05	2.3468e-05
546	0.58157	0.41837	3.5233e-05	2.5161e-05
547	0.27635	0.72359	1.6665e-05	4.413e-05
548	0.15206	0.84788	9.1565e-06	5.2052e-05
549	0.10164	0.8983	6.1418e-06	5.5492e-05
550	0.034672	0.96527	2.1129e-06	5.9957e-05
551	0.013697	0.98624	8.3101e-07	6.1667e-05
552	0.0072324	0.9927	4.298e-07	6.2488e-05
553	0.0047581	0.99518	2.7673e-07	6.307e-05
554	0.0041428	0.99579	2.3795e-07	6.3549e-05
555	0.0054479	0.99449	3.1214e-07	6.3906e-05
556	0.0055527	0.99438	3.1444e-07	6.4345e-05
557	0.0074272	0.99251	4.2227e-07	6.4688e-05
558	0.012686	0.98725	7.3193e-07	6.484e-05
559	0.016041	0.98389	9.3281e-07	6.5112e-05
560	0.025302	0.97463	1.4961e-06	6.5032e-05
561	0.048448	0.95149	2.9253e-06	6.4097e-05
562	0.10195	0.89798	6.2833e-06	6.1244e-05
563	0.27275	0.72718	1.6957e-05	5.1066e-05
564	0.75923	0.2407	4.7316e-05	2.1193e-05
565	0.7522	0.24773	4.6888e-05	2.2093e-05
566	0.75643	0.2435	4.7342e-05	2.2129e-05
567	0.78339	0.21654	4.9286e-05	2.0661e-05
568	0.76352	0.2364	4.765e-05	2.279e-05
569	0.76127	0.23866	4.7544e-05	2.3377e-05
570	0.77139	0.22854	4.8391e-05	2.303e-05
571	0.38443	0.6155	2.412e-05	4.6636e-05
572	0.2633	0.73663	1.6441e-05	5.3636e-05
573	0.22614	0.77379	1.4008e-05	5.538e-05
574	0.093779	0.90615	5.7225e-06	6.2966e-05
575	0.036362	0.96357	2.2023e-06	6.5798e-05
576	0.01625	0.98368	9.6934e-07	6.6335e-05
577	0.0081014	0.99183	4.7992e-07	6.6142e-05
578	0.00546	0.99447	3.2102e-07	6.561e-05
579	0.0046927	0.99524	2.7714e-07	6.4975e-05
580	0.0033626	0.99657	1.9693e-07	6.4367e-05
581	0.0032922	0.99664	1.9394e-07	6.3694e-05
582	0.0044206	0.99552	2.6496e-07	6.296e-05
583	0.0049911	0.99495	2.9839e-07	6.2255e-05
584	0.0045674	0.99537	2.7175e-07	6.1622e-05
585	0.0054332	0.99451	3.2419e-07	6.0921e-05
586	0.0025157	0.99742	1.4827e-07	6.044e-05
587	0.0017915	0.99815	1.0356e-07	5.9818e-05
588	0.0017485	0.99819	9.9897e-08	5.9167e-05
589	0.0023548	0.99759	1.3404e-07	5.8488e-05
590	0.0040591	0.99588	2.3123e-07	5.7757e-05
591	0.009888	0.99005	5.5804e-07	5.6787e-05
592	0.0049588	0.99498	2.7588e-07	5.6439e-05
593	0.0028874	0.99706	1.5964e-07	5.5934e-05
594	0.0021414	0.9978	1.1891e-07	5.5364e-05
595	0.0021689	0.99778	1.2198e-07	5.4759e-05
596	0.00338	0.99657	1.9075e-07	5.4082e-05
597	0.0077506	0.9922	4.3374e-07	5.3221e-05
598	0.010227	0.98972	5.7018e-07	5.2477e-05
599	0.016606	0.98334	9.2494e-07	5.1525e-05
600	0.032614	0.96733	1.8199e-06	5.0043e-05
601	0.078458	0.92149	4.3417e-06	4.6926e-05
602	0.20911	0.79084	1.1402e-05	3.9262e-05
603	0.62564	0.37431	3.3481e-05	1.657e-05
604	0.6323	0.36765	3.3479e-05	1.5945e-05
605	0.66676	0.33319	3.4852e-05	1.3931e-05
606	0.74895	0.251	3.8652e-05	9.5062e-06
607	0.7712	0.22875	3.9315e-05	8.2041e-06
608	0.79331	0.20664	4.0767e-05	7.6783e-06
609	0.85105	0.1489	4.3627e-05	5.7699e-06
610	0.86459	0.13536	4.4889e-05	5.4432e-06
611	0.89944	0.10051	4.706e-05	4.232e-06
612	0.98666	0.01329	5.1477e-05	8.016e-07
613	0.99308	0.0068663	5.2082e-05	4.1182e-07
614	0.99978	0.00016917	5.2685e-05	1.0394e-08
615	0.99988	6.3109e-05	5.2908e-05	3.9135e-09
616	0.9996	0.00034348	5.3092e-05	2.2011e-08
617	0.99866	0.0012887	5.3216e-05	8.6351e-08
618	0.99908	0.00086326	5.3436e-05	6.9452e-08
619	0.96527	0.034675	5.1229e-05	1.8811e-06
620	0.95222	0.047732	5.0178e-05	2.5539e-06
621	0.95048	0.04947	4.9712e-05	2.6268e-06
622	0.34774	0.6522	1.8152e-05	3.3811e-05
623	0.13613	0.86382	7.0586e-06	4.4519e-05
624	0.061885	0.93806	3.1586e-06	4.8025e-05
625	0.029716	0.97023	1.4981e-06	4.93e-05
626	0.016708	0.98324	8.3762e-07	4.9584e-05
627	0.012517	0.98743	6.2179e-07	4.9416e-05
628	0.01212	0.98783	5.9551e-07	4.9051e-05
629	0.01415	0.9858	6.9029e-07	4.8572e-05
630	0.020112	0.97984	9.7828e-07	4.7907e-05
631	0.040154	0.9598	1.9382e-06	4.6563e-05
632	0.08947	0.91048	4.3131e-06	4.3812e-05
633	0.23007	0.76989	1.0984e-05	3.6757e-05
634	0.63054	0.36941	2.9689e-05	1.766e-05
635	0.72062	0.27933	3.3686e-05	1.3282e-05
636	0.94288	0.057072	4.3912e-05	2.6901e-06
637	0.94529	0.054659	4.3701e-05	2.551e-06
638	0.95865	0.041299	4.3982e-05	1.9078e-06
639	0.99898	0.00097127	4.5469e-05	4.4215e-08
640	0.99976	0.00019386	4.5114e-05	8.8726e-09
641	0.99829	0.0016664	4.4645e-05	7.6348e-08
642	0.99678	0.0031707	4.4193e-05	1.4349e-07
643	0.99777	0.0021865	4.3837e-05	9.9833e-08
644	0.99688	0.0030721	4.3413e-05	1.3951e-07
645	0.99795	0.0020031	4.3092e-05	9.1906e-08
646	0.95594	0.044016	4.0869e-05	1.9602e-06
647	0.93841	0.061548	3.9777e-05	2.7121e-06
648	0.93517	0.064789	3.9298e-05	2.8369e-06
649	0.86162	0.13833	3.5813e-05	5.981e-06
650	0.83061	0.16935	3.4218e-05	7.2475e-06
651	0.82383	0.17613	3.3642e-05	7.4817e-06
652	0.7813	0.21866	3.1601e-05	9.1939e-06
653	0.76868	0.23128	3.0805e-05	9.6492e-06
654	0.7682	0.23176	3.0529e-05	9.5967e-06
655	0.74256	0.2574	2.9259e-05	1.0551e-05
656	0.73756	0.2624	2.8813e-05	1.067e-05
657	0.74395	0.25601	2.8835e-05	1.0332e-05
658	0.74675	0.25321	2.8729e-05	1.0135e-05
659	0.76797	0.23199	2.9325e-05	9.224e-06
660	0.82042	0.17955	3.115e-05	7.0964e-06
661	0.83358	0.16639	3.1398e-05	6.532e-06
662	0.87042	0.12954	3.257e-05	5.0575e-06
663	0.95709	0.042868	3.5671e-05	1.6657e-06
664	0.95459	0.045377	3.5317e-05	1.741e-06
665	0.95929	0.04067	3.5222e-05	1.5465e-06
666	0.97686	0.023102	3.559e-05	8.7715e-07
667	0.97986	0.020101	3.5421e-05	7.5671e-07
668	0.98224	0.01772	3.524e-05	6.5972e-07
669	0.99244	0.0075203	3.5331e-05	2.7916e-07
670	0.9999	6.5983e-05	3.533e-05	2.4092e-09
671	0.99933	0.00063551	3.5008e-05	2.2551e-08
672	0.99989	7.7131e-05	3.474e-05	2.6986e-09
673	0.99712	0.0028442	3.437e-05	9.6727e-08
674	0.997	0.0029647	3.4078e-05	9.9978e-08
675	0.9997	0.00026493	3.3868e-05	8.95e-09
676	0.99903	0.00093654	3.3557e-05	3.141e-08
677	0.99876	0.001203	3.3247e-05	4.0288e-08
678	0.99996	4.9527e-06	3.2999e-05	1.6373e-10
679	0.99988	8.7921e-05	3.2696e-05	2.9211e-09
680	0.99882	0.0011433	3.2373e-05	3.7339e-08
681	0.99912	0.00085209	3.2106e-05	2.7421e-08
682	0.9987	0.0012673	3.1802e-05	4.0479e-08
683	0.9983	0.001666	3.1511e-05	5.2421e-08
684	0.99996	1.3482e-05	3.1271e-05	4.332e-10
685	0.99744	0.0025323	3.0912e-05	8.0138e-08
686	0.99716	0.002805	3.0637e-05	8.796e-08
687	0.9989	0.0010666	3.0437e-05	3.3187e-08
688	0.9991	0.00087428	3.0201e-05	2.6588e-08
689	0.99842	0.0015526	2.9926e-05	4.6455e-08
690	0.99963	0.00034244	2.9695e-05	1.0253e-08
691	0.99994	3.303e-05	2.9448e-05	9.9223e-10
692	0.99953	0.00043631	2.919e-05	1.2859e-08
693	0.99796	0.0020134	2.891e-05	5.8277e-08
694	0.99151	0.0084611	2.8504e-05	2.4034e-07
695	0.99058	0.0093939	2.8244e-05	2.6474e-07
696	0.99256	0.007411	2.8077e-05	2.0569e-07
697	0.98573	0.014239	2.7654e-05	3.9211e-07
698	0.98471	0.015265	2.7381e-05	4.1677e-07
699	0.98395	0.016019	2.7103e-05	4.342e-07
700	0.98255	0.01742	2.682e-05	4.6751e-07
701	0.98591	0.014061	2.6654e-05	3.7317e-07
702	0.99954	0.00043647	2.6743e-05	1.1521e-08
703	0.99878	0.0011973	2.6461e-05	3.1387e-08
704	0.99957	0.00040256	2.621e-05	1.0441e-08
705	0.99984	0.00013871	2.5931e-05	3.6649e-09
706	0.99742	0.0025548	2.5593e-05	6.6885e-08
707	0.99711	0.0028619	2.532e-05	7.413e-08
708	0.99869	0.0012872	2.5105e-05	3.306e-08
709	0.99718	0.0027979	2.4799e-05	7.098e-08
710	0.99752	0.0024544	2.455e-05	6.1651e-08
711	0.99997	2.568e-06	2.4363e-05	6.3725e-11
712	0.98715	0.012827	2.3783e-05	3.1312e-07
713	0.97288	0.027099	2.3161e-05	6.5705e-07
714	0.96816	0.031812	2.2789e-05	7.6205e-07
715	0.89822	0.10176	2.086e-05	2.4124e-06
716	0.87053	0.12945	1.9977e-05	3.0269e-06
717	0.86319	0.13679	1.9564e-05	3.1617e-06
718	0.85574	0.14423	1.9139e-05	3.2965e-06
719	0.8578	0.14218	1.8941e-05	3.2124e-06
720	0.87191	0.12807	1.902e-05	2.8611e-06
721	0.78825	0.21173	1.699e-05	4.6285e-06
722	0.76012	0.23986	1.6171e-05	5.1736e-06
723	0.75534	0.24464	1.5851e-05	5.2102e-06
724	0.7245	0.27548	1.4971e-05	5.7964e-06
725	0.71485	0.28513	1.4562e-05	5.9194e-06
726	0.71806	0.28192	1.443e-05	5.7737e-06
727	0.74363	0.25635	1.473e-05	5.1854e-06
728	0.80579	0.19419	1.5752e-05	3.8834e-06
729	0.95052	0.049462	1.8383e-05	9.7788e-07
730	0.94946	0.050524	1.8113e-05	9.8247e-07
731	0.95642	0.043557	1.7986e-05	8.3439e-07
732	0.9752	0.024779	1.8088e-05	4.6403e-07
733	0.97935	0.02063	1.7895e-05	3.7917e-07
734	0.97785	0.022135	1.7585e-05	3.9965e-07
735	0.98084	0.019138	1.7367e-05	3.384e-07
736	0.97782	0.02216	1.7031e-05	3.8424e-07
737	0.82869	0.1713	1.4196e-05	2.9178e-06
738	0.76851	0.23147	1.2958e-05	3.8622e-06
739	0.55154	0.44845	9.1731e-06	7.3447e-06
740	0.48418	0.51581	7.9086e-06	8.2972e-06
741	0.46533	0.53466	7.4485e-06	8.4361e-06
742	0.43705	0.56294	6.8653e-06	8.7054e-06
743	0.43153	0.56845	6.6396e-06	8.6091e-06
744	0.44429	0.55569	6.6829e-06	8.2349e-06
745	0.43756	0.56242	6.4266e-06	8.1515e-06
746	0.44439	0.5556	6.375e-06	7.8693e-06
747	0.47064	0.52935	6.5971e-06	7.3193e-06
748	0.47261	0.52738	6.4636e-06	7.116e-06
749	0.4974	0.50259	6.6217e-06	6.6122e-06
750	0.56237	0.43761	7.2894e-06	5.6049e-06
751	0.77184	0.22815	9.6945e-06	2.8509e-06
752	0.81824	0.18174	9.9985e-06	2.2055e-06
753	0.96866	0.03133	1.148e-05	3.7215e-07
754	0.96944	0.030552	1.1155e-05	3.5225e-07
755	0.97768	0.022307	1.0903e-05	2.5008e-07
756	0.99837	0.0016212	1.0788e-05	1.7534e-08
757	0.9983	0.0016914	1.0426e-05	1.7782e-08
758	0.99986	0.00012612	1.0088e-05	1.2979e-09
759	0.99998	9.2465e-06	9.7445e-06	9.0938e-11
760	0.99993	6.2959e-05	9.4073e-06	5.6719e-10
761	0.9999	8.9167e-05	9.0771e-06	6.3348e-10
762	0.99933	0.00066095	8.733e-06	4.0232e-09
763	0.99763	0.0023571	9.0061e-06	2.0038e-08
764	0.99775	0.0022373	9.3009e-06	2.0088e-08
765	0.99992	6.7371e-05	9.6221e-06	6.3518e-10
766	0.99919	0.00080317	9.9236e-06	7.9795e-09
767	0.99873	0.0012561	1.0218e-05	1.296e-08
768	0.99963	0.00035547	1.0532e-05	3.8029e-09
769	0.99981	0.00017939	1.0846e-05	1.9635e-09
770	0.99902	0.00097108	1.1139e-05	1.0949e-08
771	0.99832	0.0016727	1.144e-05	1.9265e-08
772	0.99799	0.0020009	1.1734e-05	2.3748e-08
773	0.99929	0.00069397	1.2055e-05	8.4705e-09
774	0.99959	0.00039953	1.2354e-05	5.1036e-09
775	0.99792	0.002071	1.2634e-05	2.6973e-08
776	0.99593	0.0040548	1.2917e-05	5.3848e-08
777	0.99626	0.0037277	1.3238e-05	5.0666e-08
778	0.99457	0.0054139	1.352e-05	7.5314e-08
779	0.99523	0.0047586	1.3841e-05	6.7816e-08
780	0.99871	0.0012771	1.4211e-05	1.8783e-08
781	0.99581	0.0041774	1.4499e-05	6.1525e-08
782	0.9932	0.0067876	1.4777e-05	1.0228e-07
783	0.99332	0.0066608	1.5104e-05	1.0245e-07
784	0.9935	0.0064855	1.5421e-05	1.0207e-07
785	0.9965	0.0034836	1.5791e-05	5.6108e-08
786	0.99987	0.00011261	1.6158e-05	2.767e-09
787	0.99899	0.0009916	1.6095e-05	1.6718e-08
788	0.99852	0.0014644	1.6029e-05	2.4228e-08
789	0.99956	0.00042574	1.5993e-05	6.9814e-09
790	0.99665	0.0033371	1.5885e-05	5.3719e-08
791	0.99653	0.0034495	1.5812e-05	5.5604e-08
792	0.99852	0.0014641	1.5777e-05	2.3866e-08
793	0.9972	0.002789	1.568e-05	4.555e-08
794	0.99769	0.0022988	1.5618e-05	3.7861e-08
795	0.99619	0.0037959	1.5529e-05	6.204e-08
796	0.97119	0.028799	1.5071e-05	4.6125e-07
797	0.96109	0.038895	1.4859e-05	6.1894e-07
798	0.95883	0.041159	1.4777e-05	6.5183e-07
799	0.96436	0.035628	1.4807e-05	5.6401e-07
800	0.96789	0.032091	1.4811e-05	5.0679e-07
801	0.98001	0.019976	1.4955e-05	3.1475e-07
802	0.98941	0.010577	1.5063e-05	1.6486e-07
803	0.98744	0.012547	1.4984e-05	1.9352e-07
804	0.98993	0.010052	1.4962e-05	1.5437e-07
805	0.98081	0.019172	1.4771e-05	2.8996e-07
806	0.97899	0.020995	1.468e-05	3.1597e-07
807	0.98123	0.018751	1.4656e-05	2.8021e-07
808	0.98236	0.017621	1.462e-05	2.6081e-07
809	0.97811	0.021871	1.4496e-05	3.2098e-07
810	0.97975	0.020233	1.4448e-05	2.9486e-07
811	0.98974	0.010248	1.4511e-05	1.4793e-07
812	0.99939	0.00059045	1.4557e-05	8.6282e-09
813	0.9992	0.00078384	1.4465e-05	1.1475e-08
814	0.9943	0.0056856	1.4295e-05	8.3537e-08
815	0.9935	0.0064906	1.4176e-05	9.5335e-08
816	0.99537	0.0046158	1.4102e-05	6.8221e-08
817	0.99026	0.0097279	1.3932e-05	1.4186e-07
818	0.98909	0.010894	1.3826e-05	1.5768e-07
819	0.99101	0.008978	1.3768e-05	1.2935e-07
820	0.98881	0.011173	1.3659e-05	1.5874e-07
821	0.99046	0.0095283	1.3593e-05	1.3476e-07
822	0.99683	0.0031558	1.3599e-05	4.4675e-08
823	0.99638	0.0036015	1.35e-05	5.0652e-08
824	0.99566	0.0043218	1.3401e-05	6.0179e-08
825	0.99721	0.0027761	1.334e-05	3.8521e-08
826	0.99312	0.006866	1.3207e-05	9.2739e-08
827	0.99286	0.0071313	1.3117e-05	9.5776e-08
828	0.99554	0.0044423	1.3072e-05	5.9255e-08
829	0.99551	0.0044753	1.2981e-05	5.9342e-08
830	0.99561	0.0043781	1.2883e-05	5.7952e-08
831	0.9983	0.0016906	1.2824e-05	2.2748e-08
832	0.97991	0.020079	1.2475e-05	2.6821e-07
833	0.97318	0.026803	1.229e-05	3.5478e-07
834	0.97233	0.027655	1.2189e-05	3.6357e-07
835	0.97052	0.02947	1.208e-05	3.8395e-07
836	0.95968	0.040308	1.1847e-05	5.1926e-07
837	0.95706	0.042924	1.1726e-05	5.4818e-07
838	0.90247	0.097523	1.0945e-05	1.2276e-06
839	0.87969	0.1203	1.0577e-05	1.4983e-06
840	0.87436	0.12563	1.0417e-05	1.5524e-06
841	0.84405	0.15594	9.9433e-06	1.9117e-06
842	0.80088	0.19911	9.3284e-06	2.4156e-06
843	0.74029	0.2597	8.5253e-06	3.1114e-06
844	0.71544	0.28455	8.1601e-06	3.3723e-06
845	0.70889	0.2911	8.0158e-06	3.4161e-06
846	0.71498	0.28501	8.0223e-06	3.3127e-06
847	0.74702	0.25297	8.3156e-06	2.914e-06
848	0.85311	0.14688	9.4224e-06	1.6931e-06
849	0.92819	0.071799	1.018e-05	8.2788e-07
850	0.93116	0.068833	1.0119e-05	7.8549e-07
851	0.94653	0.053463	1.0186e-05	6.0691e-07
852	0.98629	0.013697	1.0525e-05	1.595e-07
853	0.98383	0.01616	1.0397e-05	1.8503e-07
854	0.98527	0.014715	1.0316e-05	1.6723e-07
855	0.99187	0.0081166	1.0296e-05	9.3208e-08
856	0.98322	0.016773	1.0114e-05	1.8476e-07
857	0.94374	0.056254	9.6155e-06	5.9719e-07
858	0.76502	0.23497	7.6966e-06	2.4328e-06
859	0.51954	0.48045	5.1548e-06	4.8947e-06
860	0.44314	0.55685	4.3356e-06	5.6262e-06
861	0.41338	0.58661	4.0023e-06	5.8739e-06
862	0.40883	0.59116	3.916e-06	5.8671e-06
863	0.41781	0.58218	3.9644e-06	5.7276e-06
864	0.44807	0.55192	4.2187e-06	5.384e-06
865	0.54924	0.45075	5.1287e-06	4.3773e-06
866	0.78348	0.21651	7.2845e-06	2.1266e-06
867	0.79968	0.20031	7.3512e-06	1.9563e-06
868	0.70888	0.29111	6.4061e-06	2.8012e-06
869	0.58001	0.41998	5.1338e-06	3.9754e-06
870	0.52492	0.47507	4.574e-06	4.439e-06
871	0.44752	0.55247	3.8308e-06	5.0873e-06
872	0.42202	0.57797	3.5562e-06	5.26e-06
873	0.41955	0.58044	3.4834e-06	5.2235e-06
874	0.41652	0.58347	3.4012e-06	5.1891e-06
875	0.42622	0.57377	3.4283e-06	5.0466e-06
876	0.45793	0.54206	3.635e-06	4.7261e-06
877	0.438	0.56199	3.4163e-06	4.8328e-06
878	0.43697	0.56303	3.3514e-06	4.7786e-06
879	0.44924	0.55075	3.3939e-06	4.6181e-06
880	0.43717	0.56283	3.2448e-06	4.6502e-06
881	0.43836	0.56164	3.2033e-06	4.5757e-06
882	0.43711	0.56288	3.1382e-06	4.5179e-06
883	0.43389	0.5661	3.0536e-06	4.4726e-06
884	0.42519	0.5748	2.9314e-06	4.4659e-06
885	0.42914	0.57085	2.9043e-06	4.3648e-06
886	0.40533	0.59466	2.681e-06	4.4608e-06
887	0.39876	0.60124	2.5855e-06	4.4298e-06
888	0.40552	0.59447	2.584e-06	4.3057e-06
889	0.40641	0.59358	2.5431e-06	4.2218e-06
890	0.40221	0.59778	2.47e-06	4.1706e-06
891	0.39288	0.60711	2.3666e-06	4.1501e-06
892	0.37845	0.62154	2.2357e-06	4.1581e-06
893	0.37764	0.62236	2.1921e-06	4.079e-06
894	0.38983	0.61017	2.2299e-06	3.9188e-06
895	0.39958	0.60041	2.2454e-06	3.7743e-06
896	0.34235	0.65764	1.8801e-06	4.0108e-06
897	0.32066	0.67934	1.7247e-06	4.038e-06
898	0.23928	0.76071	1.2519e-06	4.3758e-06
899	0.20694	0.79306	1.0568e-06	4.4361e-06
900	0.19807	0.80192	9.8596e-07	4.3659e-06
901	0.20205	0.79794	9.7995e-07	4.2246e-06
902	0.20174	0.79826	9.5224e-07	4.1047e-06
903	0.21312	0.78688	9.8218e-07	3.9271e-06
904	0.21954	0.78045	9.8624e-07	3.7754e-06
905	0.24668	0.75332	1.0818e-06	3.526e-06
906	0.33677	0.66323	1.4458e-06	3.0016e-06
907	0.40148	0.59852	1.6752e-06	2.612e-06
908	0.55198	0.44802	2.2493e-06	1.8779e-06
909	0.9814	0.018596	3.8851e-06	7.5008e-08
910	0.96337	0.036628	3.6366e-06	1.4119e-07
911	0.95836	0.041634	3.4345e-06	1.5303e-07
912	0.95911	0.04089	3.2562e-06	1.4284e-07
913	0.95869	0.041308	3.0761e-06	1.3649e-07
914	0.9641	0.035895	2.9158e-06	1.1186e-07
915	0.97935	0.020648	2.7838e-06	6.0259e-08
916	0.9393	0.060696	2.4895e-06	1.6284e-07
917	0.92388	0.076118	2.2736e-06	1.887e-07
918	0.92108	0.078915	2.0849e-06	1.7986e-07
919	0.92756	0.072441	1.9091e-06	1.5044e-07
920	0.93172	0.06828	1.7284e-06	1.2772e-07
921	0.95192	0.048083	1.5645e-06	8.0095e-08
922	0.95441	0.045585	1.3681e-06	6.6238e-08
923	0.9646	0.035396	1.1812e-06	4.3745e-08
924	0.99985	0.00014804	1.0076e-06	9.8655e-11
925	0.99523	0.0047685	9.6156e-07	3.2467e-09
926	0.99035	0.009648	1.1442e-06	1.0055e-08
927	0.99028	0.0097161	1.3236e-06	1.2265e-08
928	0.93261	0.067387	1.4139e-06	1.0462e-07
929	0.85232	0.14768	1.4445e-06	2.5708e-07
930	0.82831	0.17169	1.5465e-06	3.306e-07
931	0.74499	0.25501	1.5066e-06	5.3853e-07
932	0.70992	0.29008	1.55e-06	6.6325e-07
933	0.69716	0.30283	1.6366e-06	7.4466e-07
934	0.68171	0.31829	1.7063e-06	8.3615e-07
935	0.68004	0.31995	1.8096e-06	8.9399e-07
936	0.69205	0.30794	1.953e-06	9.1225e-07
937	0.68228	0.31772	2.0352e-06	9.9237e-07
