#coord	neutral	conserved	gBGC.neutral	gBGC.conserved
1	0.9415	0.032048	0.025569	0.0008806
2	0.96285	0.011023	0.02583	0.00029999
3	0.96768	0.006499	0.025645	0.00017366
4	0.97217	0.0023271	0.025443	6.0878e-05
5	0.97348	0.00134	0.02515	3.4424e-05
6	0.97514	3.0672e-06	0.024859	7.7114e-08
7	0.97547	5.5694e-06	0.024528	1.392e-07
8	0.97574	6.4189e-05	0.024191	1.6126e-06
9	0.97607	6.4975e-05	0.023864	1.6113e-06
10	0.97642	3.4953e-05	0.023547	8.5909e-07
11	0.97657	0.00018995	0.023235	4.5785e-06
12	0.97703	2.7706e-05	0.022939	6.6169e-07
13	0.97733	2.1968e-05	0.022648	5.1797e-07
14	0.97753	0.00010509	0.022362	2.4485e-06
15	0.97766	0.00025099	0.022083	5.7597e-06
16	0.97808	0.00010255	0.02182	2.3301e-06
17	0.9784	3.5296e-05	0.021561	7.9389e-07
18	0.97852	0.00017188	0.021306	3.7863e-06
19	0.97893	1.022e-05	0.021064	2.2126e-07
20	0.97862	0.00056737	0.020803	1.2208e-05
21	0.97936	6.1667e-05	0.020573	1.3234e-06
22	0.97958	7.7254e-05	0.020337	1.6332e-06
23	0.97979	9.9216e-05	0.020108	2.0779e-06
24	0.97994	0.00017281	0.019885	3.5765e-06
25	0.9798	0.000523	0.019664	1.0619e-05
26	0.97982	0.00071023	0.019452	1.415e-05
27	0.98024	0.00050482	0.019243	1.003e-05
28	0.98018	0.00077346	0.019032	1.514e-05
29	0.9803	0.00085308	0.018831	1.6342e-05
30	0.98073	0.00063013	0.018633	1.1887e-05
31	0.98154	2.2645e-05	0.018437	4.4083e-07
32	0.98107	0.00069093	0.018223	1.337e-05
33	0.98102	0.0009424	0.018017	1.8374e-05
34	0.98139	0.00077704	0.017818	1.5713e-05
35	0.98217	0.00019444	0.017626	5.6425e-06
36	0.98306	9.9941e-06	0.016925	2.1985e-07
37	0.98379	6.5011e-08	0.016209	1.0842e-09
38	0.98366	0.00085096	0.015471	1.3519e-05
39	0.98362	0.0015985	0.014755	2.4061e-05
40	0.98531	0.00062871	0.014055	9.1295e-06
41	0.98596	0.00067124	0.013358	9.299e-06
42	0.98681	0.00050529	0.012683	6.6589e-06
43	0.98784	0.00012739	0.012027	1.616e-06
44	0.98652	0.0020949	0.01136	2.4648e-05
45	0.98493	0.0043113	0.01071	4.7638e-05
46	0.98573	0.0041205	0.010104	4.2778e-05
47	0.98691	0.0035638	0.0094924	3.4823e-05
48	0.99079	0.00028149	0.0089215	2.5978e-06
49	0.99162	3.905e-05	0.0083365	3.3028e-07
50	0.99226	6.4868e-07	0.0077424	5.0261e-09
51	0.99271	0.00016203	0.0071307	1.1759e-06
52	0.99346	4.0037e-06	0.0065374	2.4292e-08
53	0.99311	0.00096992	0.0059191	5.2463e-06
54	0.99433	0.00036284	0.0053013	1.2851e-06
55	0.99455	0.00023083	0.0052163	1.0004e-06
56	0.99448	0.00038916	0.0051328	1.8723e-06
57	0.99482	0.00013069	0.0050492	6.1994e-07
58	0.99455	0.00048747	0.0049603	2.332e-06
59	0.9947	0.00042536	0.0048713	1.9545e-06
60	0.99507	0.00014232	0.0047857	4.6907e-07
61	0.99295	0.0021826	0.0048601	1.0704e-05
62	0.98496	0.010077	0.0049073	5.0644e-05
63	0.97697	0.017985	0.0049504	9.2447e-05
64	0.97492	0.019951	0.005026	0.00010431
65	0.97711	0.017671	0.0051266	9.3876e-05
66	0.98696	0.0077265	0.0052665	4.2056e-05
67	0.98941	0.0051867	0.0053706	2.8716e-05
68	0.99215	0.0023576	0.0054742	1.3491e-05
69	0.99434	8.2476e-05	0.0055779	7.6708e-07
70	0.99365	0.0007936	0.005552	4.6891e-06
71	0.99411	0.00034919	0.0055343	1.999e-06
72	0.99424	0.00024413	0.0055126	1.3518e-06
73	0.98986	0.004648	0.0054644	2.5398e-05
74	0.98944	0.0050933	0.005436	2.7743e-05
75	0.99232	0.0022479	0.0054235	1.2315e-05
76	0.99057	0.0040213	0.0053875	2.1985e-05
77	0.99136	0.0032633	0.0053636	1.7896e-05
78	0.99193	0.0027112	0.0053401	1.487e-05
79	0.98542	0.0092502	0.0052803	5.0055e-05
80	0.98419	0.010509	0.0052472	5.6719e-05
81	0.98597	0.0087489	0.0052321	4.7051e-05
82	0.97881	0.015935	0.005167	8.5421e-05
83	0.97714	0.017631	0.0051336	9.3957e-05
84	0.9795	0.015297	0.0051234	8.0953e-05
85	0.84496	0.14986	0.0043964	0.00078295
86	0.79843	0.19642	0.0041299	0.0010227
87	0.78114	0.21373	0.0040208	0.0011068
88	0.76124	0.23366	0.0038968	0.0012041
89	0.75891	0.23601	0.0038622	0.0012106
90	0.7734	0.22156	0.0039104	0.0011325
91	0.81386	0.18112	0.0040901	0.00092447
92	0.77996	0.21505	0.0038965	0.0010911
93	0.73537	0.25967	0.0036547	0.0013074
94	0.58194	0.41312	0.0028685	0.0020665
95	0.36816	0.62693	0.0018023	0.0031067
96	0.30166	0.69345	0.001464	0.0034177
97	0.21386	0.78128	0.00103	0.0038254
98	0.17874	0.81643	0.00085718	0.0039729
99	0.17007	0.82513	0.00081097	0.0039925
100	0.15663	0.83859	0.00074365	0.0040341
101	0.15756	0.83769	0.00074411	0.0040068
102	0.17424	0.82104	0.00081798	0.0039048
103	0.088058	0.90725	0.00041092	0.0042847
104	0.058046	0.93729	0.00026802	0.0043994
105	0.048215	0.94715	0.00022008	0.004418
106	0.033156	0.96223	0.00014926	0.0044602
107	0.029439	0.96598	0.00013083	0.0044489
108	0.029799	0.96565	0.00013132	0.0044193
109	0.034948	0.96053	0.00015339	0.0043688
110	0.016941	0.97856	7.3019e-05	0.0044213
111	0.0097058	0.98583	4.1211e-05	0.0044259
112	0.007933	0.98763	3.317e-05	0.0044058
113	0.0080723	0.98752	3.3521e-05	0.0043778
114	0.010452	0.98516	4.351e-05	0.0043408
115	0.011946	0.9837	4.9404e-05	0.0043069
116	0.016717	0.97895	6.9145e-05	0.0042597
117	0.029089	0.96661	0.000121	0.0041811
118	0.059721	0.936	0.00025036	0.0040256
119	0.14718	0.84857	0.00061476	0.003634
120	0.39634	0.59944	0.001638	0.0025826
121	0.39157	0.60424	0.0016061	0.0025871
122	0.40275	0.59309	0.0016394	0.0025252
123	0.44326	0.55261	0.0017889	0.0023458
124	0.47309	0.5228	0.0018955	0.0022104
125	0.47325	0.52267	0.0018821	0.002196
126	0.4885	0.50745	0.0019312	0.0021202
127	0.45297	0.543	0.0017722	0.0022512
128	0.44144	0.55457	0.0017136	0.0022827
129	0.44395	0.55208	0.0017127	0.0022576
130	0.36119	0.63487	0.0013809	0.0025643
131	0.26403	0.73205	0.00099408	0.0029248
132	0.23465	0.76146	0.0008722	0.0030192
133	0.20396	0.79218	0.00074527	0.0031175
134	0.19253	0.80364	0.00069523	0.0031395
135	0.19263	0.80356	0.00068985	0.0031175
136	0.16907	0.82715	0.00059747	0.0031834
137	0.16501	0.83124	0.00057723	0.0031759
138	0.17008	0.82619	0.00059087	0.0031351
139	0.15681	0.83949	0.00053874	0.0031608
140	0.15664	0.83969	0.00053346	0.0031386
141	0.16609	0.83027	0.0005627	0.0030824
142	0.17091	0.82547	0.00057569	0.0030431
143	0.18845	0.80796	0.00063386	0.0029591
144	0.23168	0.76476	0.00078315	0.0027845
145	0.26087	0.73558	0.00088209	0.0026609
146	0.3304	0.66608	0.001125	0.002394
147	0.50209	0.49442	0.0017342	0.0017615
148	0.99162	0.0049081	0.0034534	1.7688e-05
149	0.99182	0.0047365	0.003431	1.6911e-05
150	0.99472	0.0018565	0.0034195	6.5564e-06
151	0.99369	0.0029086	0.0033925	1.0106e-05
152	0.98821	0.0084143	0.0033518	2.8586e-05
153	0.98286	0.013784	0.0033101	4.6526e-05
154	0.98298	0.013693	0.0032852	4.6005e-05
155	0.97658	0.020113	0.00324	6.7027e-05
156	0.97667	0.020051	0.0032148	6.644e-05
157	0.98115	0.015589	0.0032052	5.1309e-05
158	0.98528	0.011493	0.0031926	3.7721e-05
159	0.99641	0.00038652	0.0032037	1.5011e-06
160	0.99433	0.0024547	0.0032092	8.1482e-06
161	0.99452	0.0022555	0.0032204	7.4956e-06
162	0.99666	0.00010209	0.0032392	3.3607e-07
163	0.99659	0.00015916	0.0032491	5.1786e-07
164	0.99648	0.00025862	0.0032572	8.5056e-07
165	0.99665	8.4153e-05	0.0032672	2.7278e-07
166	0.99057	0.0061515	0.0032584	1.968e-05
167	0.97056	0.026152	0.0032027	8.4428e-05
168	0.96534	0.031364	0.0031929	0.00010166
169	0.96709	0.029612	0.0032042	9.6233e-05
170	0.97499	0.021701	0.003237	7.0297e-05
171	0.98209	0.014598	0.0032656	4.7104e-05
172	0.98238	0.014299	0.0032704	4.6242e-05
173	0.97779	0.018893	0.0032573	6.1607e-05
174	0.9728	0.023882	0.0032413	7.8442e-05
175	0.94632	0.050356	0.0031552	0.00016639
176	0.93939	0.057286	0.0031322	0.00018972
177	0.9416	0.055076	0.0031379	0.00018277
178	0.94189	0.054791	0.0031383	0.00018199
179	0.95259	0.044089	0.0031715	0.000147
180	0.97939	0.017294	0.0032592	5.8379e-05
181	0.98501	0.011668	0.0032781	3.9602e-05
182	0.98911	0.0075667	0.0032931	2.5764e-05
183	0.99229	0.0043844	0.0033063	1.4892e-05
184	0.99268	0.0039958	0.0033083	1.3567e-05
185	0.99342	0.0032582	0.0033099	1.1138e-05
186	0.99398	0.002697	0.0033119	9.2592e-06
187	0.99274	0.0039433	0.0033062	1.3576e-05
188	0.99352	0.0031566	0.0033085	1.0959e-05
189	0.99414	0.0025424	0.0033113	8.895e-06
190	0.97402	0.022656	0.0032444	7.7503e-05
191	0.9666	0.030074	0.0032222	0.00010262
192	0.96625	0.030423	0.0032222	0.00010403
193	0.95602	0.040652	0.0031901	0.00013866
194	0.94426	0.052414	0.003151	0.00017884
195	0.89196	0.10471	0.0029768	0.0003553
196	0.82344	0.17322	0.0027512	0.00058429
197	0.74338	0.25329	0.0024832	0.0008542
198	0.71667	0.27999	0.0023928	0.00094523
199	0.40703	0.58963	0.0013318	0.0020054
200	0.28108	0.71558	0.00090495	0.0024322
201	0.23031	0.76635	0.00073473	0.0026029
202	0.21098	0.78569	0.00067067	0.0026681
203	0.20829	0.78838	0.00066091	0.0026779
204	0.21582	0.78084	0.0006852	0.0026541
205	0.23914	0.75752	0.00076198	0.0025783
206	0.2374	0.75926	0.00075694	0.0025849
207	0.24762	0.74904	0.00079216	0.0025517
208	0.25255	0.7441	0.0008105	0.0025359
209	0.27336	0.72329	0.0008834	0.0024661
210	0.34473	0.65192	0.0011267	0.0022248
211	0.51029	0.48636	0.0016964	0.0016577
212	0.98243	0.014212	0.0033061	4.9311e-05
213	0.98392	0.012724	0.0033138	4.4159e-05
214	0.50881	0.48783	0.0016876	0.0016714
215	0.31535	0.68129	0.0010327	0.0023281
216	0.23686	0.75978	0.00077007	0.0025933
217	0.20571	0.79092	0.00066737	0.002699
218	0.19893	0.79771	0.00064471	0.0027237
219	0.20287	0.79376	0.0006584	0.0027125
220	0.22094	0.77569	0.00072022	0.0026538
221	0.28343	0.71319	0.00092955	0.0024465
222	0.42847	0.56815	0.0014204	0.0019582
223	0.53235	0.46427	0.0017767	0.001605
224	0.53224	0.46438	0.0017794	0.0016061
225	0.53143	0.46518	0.0017784	0.0016097
226	0.42251	0.5741	0.0014155	0.0019759
227	0.3116	0.68501	0.0010412	0.0023524
228	0.26712	0.72949	0.00089331	0.002503
229	0.21085	0.78575	0.00070372	0.0026943
230	0.1925	0.8041	0.0006412	0.0027574
231	0.19139	0.80522	0.00063648	0.0027616
232	0.16759	0.82901	0.00055549	0.0028427
233	0.15932	0.83728	0.00052778	0.0028709
234	0.16114	0.83546	0.0005346	0.0028652
235	0.17736	0.81924	0.00058953	0.0028103
236	0.2176	0.779	0.00072735	0.002673
237	0.31773	0.67887	0.001074	0.0023273
238	0.24365	0.75294	0.00082281	0.0025782
239	0.2218	0.7748	0.00074755	0.0026519
240	0.21513	0.78147	0.00072484	0.0026735
241	0.20796	0.78865	0.00069968	0.0026965
242	0.21096	0.78565	0.00070969	0.0026847
243	0.23088	0.76573	0.00077617	0.0026155
244	0.29898	0.69763	0.0010024	0.0023854
245	0.45691	0.5397	0.0015333	0.0018511
246	0.84492	0.1517	0.0028525	0.00052932
247	0.85002	0.1466	0.0028688	0.00051147
248	0.87317	0.12345	0.0029451	0.00043227
249	0.92889	0.067736	0.0031349	0.00024042
250	0.94283	0.053794	0.0031791	0.00019283
251	0.93338	0.063253	0.0031435	0.00022603
252	0.9323	0.064327	0.0031385	0.00022974
253	0.94019	0.056448	0.0031627	0.00020275
254	0.92189	0.074746	0.0030971	0.00026662
255	0.91632	0.080316	0.0030773	0.00028581
256	0.91089	0.085748	0.0030561	0.0003048
257	0.91304	0.083599	0.0030624	0.00029735
258	0.92436	0.072278	0.0031016	0.00025788
259	0.92265	0.07399	0.003097	0.0002634
260	0.92811	0.068527	0.0031185	0.00024381
261	0.94479	0.051847	0.003181	0.00018415
262	0.94726	0.049373	0.0031914	0.00017506
263	0.95836	0.03827	0.0032336	0.00013529
264	0.9965	0.00013271	0.0033693	4.7746e-07
265	0.99552	0.0011061	0.0033682	3.7854e-06
266	0.99586	0.00076517	0.0033726	2.597e-06
267	0.9966	2.6236e-05	0.0033768	8.8089e-08
268	0.99654	7.8998e-05	0.0033764	2.673e-07
269	0.99599	0.00063725	0.0033726	2.181e-06
270	0.99656	6.927e-05	0.0033738	2.3764e-07
271	0.99602	0.00060739	0.0033698	2.0943e-06
272	0.99566	0.00097073	0.0033676	3.3366e-06
273	0.99662	1.017e-05	0.0033711	3.5288e-08
274	0.99655	8.2401e-05	0.0033721	2.8156e-07
275	0.99564	0.00098156	0.0033715	3.3177e-06
276	0.99632	0.00030762	0.0033745	1.0626e-06
277	0.89296	0.10367	0.0030242	0.00035419
278	0.85737	0.13925	0.0029026	0.00047705
279	0.84688	0.14974	0.0028657	0.0005139
280	0.83104	0.16558	0.0028117	0.00056873
281	0.76473	0.23189	0.0025811	0.00079875
282	0.73905	0.25757	0.0024933	0.00088708
283	0.71305	0.28357	0.0024022	0.00097717
284	0.70491	0.29171	0.002374	0.0010053
285	0.69109	0.30553	0.0023277	0.0010522
286	0.67082	0.3258	0.0022577	0.0011215
287	0.64949	0.34713	0.0021824	0.0011948
288	0.64521	0.35142	0.0021668	0.0012092
289	0.6389	0.35772	0.002143	0.0012306
290	0.64827	0.34836	0.002171	0.001199
291	0.68452	0.31211	0.0022865	0.0010784
292	0.63376	0.36288	0.0021024	0.0012562
293	0.61514	0.3815	0.0020332	0.0013199
294	0.61171	0.38494	0.0020175	0.001331
295	0.57316	0.4235	0.0018837	0.0014611
296	0.52877	0.46789	0.0017282	0.0016115
297	0.51175	0.48492	0.0016678	0.0016676
298	0.42325	0.57342	0.0013691	0.0019626
299	0.38592	0.61075	0.001244	0.0020847
300	0.37336	0.62332	0.0012023	0.0021241
301	0.32053	0.67615	0.0010262	0.0022966
302	0.30068	0.696	0.00096054	0.0023593
303	0.29583	0.70085	0.00094486	0.0023726
304	0.30335	0.69333	0.00097072	0.002345
305	0.33445	0.66224	0.0010742	0.0022387
306	0.40868	0.58801	0.0013242	0.0019864
307	0.64702	0.34967	0.0021185	0.0011885
308	0.81473	0.18196	0.0026818	0.00062244
309	0.97839	0.018311	0.0032238	7.6155e-05
310	0.97609	0.020609	0.0032104	8.6508e-05
311	0.97811	0.018596	0.0032142	8.0778e-05
312	0.98757	0.0091362	0.0032419	4.9602e-05
313	0.9893	0.00751	0.0031494	3.8134e-05
314	0.9904	0.0065174	0.0030553	3.0591e-05
315	0.99666	0.00035883	0.0029803	1.6372e-06
316	0.93304	0.064075	0.0026934	0.00018724
317	0.91153	0.085697	0.0025355	0.00024192
318	0.90394	0.093387	0.0024224	0.00025396
319	0.9046	0.092822	0.0023346	0.00024286
320	0.9168	0.080719	0.0022734	0.00020315
321	0.94969	0.04793	0.0022626	0.00011549
322	0.95868	0.039047	0.0021873	9.0146e-05
323	0.96481	0.033009	0.0021062	7.272e-05
324	0.98779	0.010133	0.002057	2.1297e-05
325	0.9882	0.0098169	0.0019602	1.9562e-05
326	0.99306	0.0050613	0.0018697	9.5234e-06
327	0.99821	1.2331e-05	0.0017766	2.1891e-08
328	0.99571	0.0026099	0.0016718	4.3212e-06
329	0.99574	0.0026838	0.0015695	4.1692e-06
330	0.99852	1.0807e-05	0.001469	1.5839e-08
331	0.99716	0.0014705	0.0013645	2.0107e-06
332	0.97666	0.022076	0.0012384	2.7671e-05
333	0.96911	0.029719	0.0011337	3.4153e-05
334	0.96872	0.030213	0.0010361	3.1631e-05
335	0.97489	0.024145	0.00094303	2.2724e-05
336	0.99731	0.001825	0.0008604	1.277e-06
337	0.99485	0.004303	0.00083872	3.3292e-06
338	0.99519	0.0039892	0.00081821	3.049e-06
339	0.99914	6.1933e-05	0.00079917	4.5959e-08
340	0.99899	0.00023281	0.00077576	1.7976e-07
341	0.99837	0.00087302	0.0007523	6.5212e-07
342	0.99927	1.1199e-06	0.00072873	8.1637e-10
343	0.99832	0.00097763	0.00070419	6.8551e-07
344	0.99778	0.0015415	0.00067875	1.0482e-06
345	0.99876	0.00058112	0.00065471	3.7389e-07
346	0.99784	0.0015323	0.00062826	9.4403e-07
347	0.99683	0.0025675	0.00060209	1.499e-06
348	0.99789	0.0015307	0.000576	8.2523e-07
349	0.99547	0.0039858	0.00054686	2.0396e-06
350	0.99549	0.0039929	0.00051944	1.8832e-06
351	0.99795	0.0015578	0.00049355	5.2384e-07
352	0.99255	0.0069284	0.00051781	3.3862e-06
353	0.99192	0.007536	0.00054317	3.9479e-06
354	0.99419	0.0052371	0.00057045	2.895e-06
355	0.99313	0.0062667	0.00059469	3.6758e-06
356	0.99469	0.0046885	0.00062084	2.879e-06
357	0.9966	0.0027479	0.00064607	1.7782e-06
358	0.99627	0.0030594	0.00067024	2.0696e-06
359	0.99786	0.0014418	0.00069604	1.0173e-06
360	0.99925	2.8446e-05	0.00072206	2.1199e-08
361	0.99887	0.00037935	0.00074713	2.893e-07
362	0.99877	0.00045907	0.0007728	3.6202e-07
363	0.99798	0.0012202	0.00079835	9.8419e-07
364	0.99759	0.0015838	0.00082292	1.3253e-06
365	0.99718	0.0019713	0.00084781	1.6982e-06
366	0.99674	0.0023816	0.00087302	2.1009e-06
367	0.99672	0.0023832	0.0008973	2.1658e-06
368	0.99871	0.00036719	0.00092393	3.3818e-07
369	0.99863	0.0004205	0.00094748	3.9409e-07
370	0.99634	0.0026859	0.00096665	2.6124e-06
371	0.99622	0.0027841	0.00098835	2.7565e-06
372	0.99887	0.00011573	0.0010116	1.1868e-07
373	0.99875	0.00021868	0.0010325	2.2847e-07
374	0.9965	0.0024413	0.0010516	2.5742e-06
375	0.99434	0.0045884	0.0010694	4.9516e-06
376	0.99449	0.0044169	0.0010901	4.8462e-06
377	0.9978	0.0010875	0.0011131	1.2274e-06
378	0.99846	0.00040424	0.0011336	4.6731e-07
379	0.99847	0.00037569	0.0011539	4.3918e-07
380	0.99784	0.00098068	0.0011738	1.1493e-06
381	0.99881	1.1053e-07	0.0011942	1.3309e-10
382	0.99772	0.0010678	0.0012128	1.2962e-06
383	0.99685	0.0019131	0.0012303	2.3714e-06
384	0.99762	0.0011252	0.0012504	1.4091e-06
385	0.99864	9.2437e-05	0.0012697	1.186e-07
386	0.9987	7.4258e-06	0.0012881	9.7167e-09
387	0.99869	3.678e-06	0.0013071	5.0437e-09
388	0.99745	0.0012236	0.0013253	1.6827e-06
389	0.99615	0.0024992	0.0013441	3.4806e-06
390	0.99669	0.001939	0.001366	2.7601e-06
391	0.98004	0.018573	0.0013642	2.6307e-05
392	0.96297	0.035619	0.0013596	5.1388e-05
393	0.95666	0.04191	0.0013706	6.1318e-05
394	0.92994	0.068606	0.0013498	0.00010189
395	0.92036	0.078168	0.0013544	0.00011758
396	0.92086	0.077654	0.0013725	0.00011848
397	0.90669	0.091801	0.001369	0.00014166
398	0.89054	0.10793	0.0013605	0.00016859
399	0.88607	0.11239	0.0013704	0.00017763
400	0.89346	0.10498	0.0013975	0.00016814
401	0.91653	0.081887	0.0014508	0.00013308
402	0.97161	0.026784	0.0015582	4.4409e-05
403	0.96838	0.03	0.0015719	5.0092e-05
404	0.97026	0.028098	0.0015948	4.7301e-05
405	0.98177	0.016566	0.0016327	2.8146e-05
406	0.98451	0.013815	0.0016545	2.3731e-05
407	0.99301	0.0052909	0.001687	9.14e-06
408	0.99503	0.0032609	0.0017071	5.6859e-06
409	0.99225	0.0060198	0.0017174	1.0575e-05
410	0.99231	0.0059453	0.0017334	1.0518e-05
411	0.99505	0.0031903	0.0017549	5.6375e-06
412	0.99815	7.3711e-05	0.0017744	1.3254e-07
413	0.99818	2.6836e-05	0.0017891	4.8014e-08
414	0.99521	0.0029863	0.0017992	5.3083e-06
415	0.95158	0.046606	0.0017345	8.4076e-05
416	0.93877	0.059398	0.0017231	0.00010814
417	0.93759	0.060568	0.0017314	0.00011115
418	0.93413	0.064017	0.0017361	0.00011829
419	0.93726	0.060869	0.0017538	0.00011305
420	0.95253	0.045591	0.001793	8.5009e-05
421	0.95454	0.043571	0.0018062	8.1721e-05
422	0.9663	0.031806	0.0018364	6.0148e-05
423	0.99695	0.0011462	0.0019037	2.1653e-06
424	0.98281	0.015273	0.0018844	2.9335e-05
425	0.97741	0.020664	0.0018825	3.9745e-05
426	0.97676	0.02131	0.0018904	4.1019e-05
427	0.9757	0.022365	0.0018961	4.3136e-05
428	0.9801	0.017959	0.001911	3.4696e-05
429	0.99708	0.00097076	0.001949	1.9264e-06
430	0.99565	0.0023963	0.001952	4.7768e-06
431	0.97699	0.021052	0.0019189	4.2365e-05
432	0.97016	0.027872	0.0019105	5.6113e-05
433	0.94623	0.051802	0.0018659	0.00010462
434	0.91291	0.085113	0.0018033	0.00017169
435	0.90061	0.097406	0.0017837	0.00019653
436	0.69877	0.29925	0.0013903	0.00059561
437	0.62854	0.36947	0.0012535	0.00073705
438	0.60574	0.39227	0.0012096	0.0007844
439	0.25593	0.74207	0.000514	0.0014839
440	0.1332	0.8648	0.00026759	0.0017332
441	0.09506	0.90294	0.00019019	0.0018126
442	0.080249	0.91775	0.00016055	0.0018444
443	0.07731	0.92068	0.0001545	0.0018516
444	0.082719	0.91527	0.00016491	0.0018415
445	0.07682	0.92117	0.00015236	0.0018534
446	0.078102	0.91989	0.00015451	0.0018507
447	0.086909	0.91109	0.00017179	0.0018331
448	0.069363	0.92863	0.00013593	0.0018676
449	0.063502	0.9345	0.00012398	0.0018784
450	0.066233	0.93177	0.00012884	0.0018715
451	0.055354	0.94265	0.0001069	0.0018915
452	0.053638	0.94437	0.000103	0.0018926
453	0.057305	0.9407	0.00010977	0.0018831
454	0.057983	0.94003	0.00011085	0.0018794
455	0.064929	0.93308	0.00012433	0.0018634
456	0.06894	0.92907	0.00013224	0.0018532
457	0.081849	0.91617	0.00015797	0.0018253
458	0.089988	0.90803	0.00017449	0.0018068
459	0.12041	0.87761	0.000235	0.0017433
460	0.14996	0.84806	0.00029282	0.0016815
461	0.21929	0.77874	0.00043018	0.0015404
462	0.38999	0.60804	0.00077223	0.0011948
463	0.43447	0.56356	0.000859	0.0011035
464	0.56392	0.43412	0.0011111	0.00084572
465	0.97763	0.020424	0.0019107	3.9273e-05
466	0.97913	0.018932	0.0019055	3.6277e-05
467	0.98752	0.010547	0.0019122	2.0212e-05
468	0.99414	0.003934	0.0019162	7.4824e-06
469	0.99366	0.0044313	0.0019048	8.4362e-06
470	0.99551	0.00259	0.0018987	4.8901e-06
471	0.99775	0.00036197	0.0018918	6.8744e-07
472	0.99775	0.00036598	0.0018813	6.9288e-07
473	0.99715	0.00097582	0.0018703	1.8209e-06
474	0.998	0.00013439	0.0018607	2.4893e-07
475	0.99799	0.00016339	0.0018482	3.0602e-07
476	0.99774	0.00041873	0.0018359	7.7746e-07
477	0.99777	0.00040399	0.0018248	7.3774e-07
478	0.99814	5.0011e-05	0.001813	9.07e-08
479	0.99761	0.00059166	0.0017982	1.0784e-06
480	0.99818	3.0956e-05	0.0017861	5.6705e-08
481	0.9948	0.0034314	0.0017655	6.2482e-06
482	0.99406	0.0041857	0.0017504	7.5612e-06
483	0.9954	0.0028518	0.0017396	5.1312e-06
484	0.95716	0.041114	0.0016571	7.2978e-05
485	0.78607	0.21222	0.0013459	0.00037029
486	0.71693	0.28137	0.0012172	0.00048553
487	0.39984	0.59847	0.00067587	0.0010139
488	0.30073	0.6976	0.00050379	0.001172
489	0.25847	0.73987	0.00043007	0.0012318
490	0.097216	0.90114	0.00016073	0.0014863
491	0.046712	0.95166	7.6067e-05	0.0015552
492	0.026234	0.97215	4.2343e-05	0.0015732
493	0.020299	0.9781	3.2334e-05	0.0015666
494	0.018621	0.9798	2.9368e-05	0.001553
495	0.020228	0.97821	3.1685e-05	0.0015343
496	0.01483	0.98362	2.3026e-05	0.0015256
497	0.014351	0.98412	2.2005e-05	0.0015083
498	0.018074	0.98041	2.7264e-05	0.0014839
499	0.014686	0.98382	2.186e-05	0.0014701
500	0.01544	0.98309	2.2614e-05	0.0014493
501	0.019417	0.97913	2.8073e-05	0.0014238
502	0.032159	0.96641	4.571e-05	0.0013852
503	0.068944	0.92965	9.5891e-05	0.0013132
504	0.1593	0.83932	0.00021887	0.0011685
505	0.18163	0.817	0.00024517	0.0011196
506	0.23524	0.76342	0.00031263	0.0010296
507	0.38919	0.60949	0.00050728	0.00081141
508	0.50612	0.49259	0.00064932	0.00064615
509	0.79388	0.20485	0.0010071	0.00026554
510	0.99634	0.0024095	0.001247	3.1036e-06
511	0.99565	0.0031214	0.0012243	3.9114e-06
512	0.99725	0.0015483	0.0012031	1.923e-06
513	0.99712	0.0017008	0.0011803	2.0675e-06
514	0.99488	0.0039612	0.0011555	4.6617e-06
515	0.99502	0.0038444	0.0011341	4.4117e-06
516	0.99851	0.0003744	0.0011151	4.1985e-07
517	0.99579	0.0031184	0.0010878	3.4304e-06
518	0.99539	0.0035396	0.0010636	3.7949e-06
519	0.99782	0.0011426	0.001041	1.2117e-06
520	0.98431	0.014677	0.0010025	1.507e-05
521	0.98044	0.018564	0.00097306	1.8632e-05
522	0.97669	0.022346	0.00094261	2.1926e-05
523	0.90911	0.089948	0.00085186	8.5929e-05
524	0.88629	0.1128	0.000805	0.00010485
525	0.87838	0.12074	0.00077337	0.00010891
526	0.86612	0.13302	0.00073889	0.00011617
527	0.86443	0.13474	0.00071432	0.00011384
528	0.87283	0.12637	0.00069855	0.00010313
529	0.86877	0.13046	0.00067133	0.00010263
530	0.86447	0.13479	0.00064298	0.00010203
531	0.86986	0.12942	0.00062236	9.4105e-05
532	0.85998	0.13934	0.00058975	9.701e-05
533	0.86003	0.13931	0.00056466	9.2689e-05
534	0.87328	0.12609	0.00054683	7.9965e-05
535	0.85165	0.14775	0.00050783	8.8787e-05
536	0.8473	0.15213	0.00047877	8.6523e-05
537	0.85238	0.14708	0.00045539	7.8857e-05
538	0.85712	0.14238	0.00043037	7.1622e-05
539	0.87464	0.12489	0.00041148	5.8523e-05
540	0.91791	0.081656	0.00040343	3.4837e-05
541	0.94869	0.050908	0.00038772	1.9067e-05
542	0.93381	0.065819	0.00035339	2.2164e-05
543	0.92979	0.069869	0.00032364	2.0993e-05
544	0.68334	0.31635	0.00022912	8.2573e-05
545	0.60665	0.39307	0.00018859	8.9044e-05
546	0.58147	0.41829	0.00016268	7.9847e-05
547	0.2763	0.72345	7.9361e-05	0.0001746
548	0.15203	0.8477	4.4877e-05	0.00022023
549	0.10162	0.89811	3.0912e-05	0.00024501
550	0.034664	0.96505	1.0931e-05	0.00027548
551	0.013694	0.98601	4.4188e-06	0.00029165
552	0.0072307	0.99246	2.3465e-06	0.00030257
553	0.0047569	0.99493	1.5499e-06	0.00031185
554	0.0041418	0.99554	1.3562e-06	0.00032017
555	0.0054465	0.99422	1.7753e-06	0.00032707
556	0.0055512	0.99411	1.8191e-06	0.00033396
557	0.0074251	0.99223	2.4605e-06	0.0003399
558	0.012683	0.98697	4.2784e-06	0.00034431
559	0.016037	0.98361	5.5124e-06	0.00034896
560	0.025295	0.97435	8.9e-06	0.00035111
561	0.048433	0.9512	1.7491e-05	0.00034772
562	0.10192	0.89771	3.7749e-05	0.0003323
563	0.27267	0.72696	0.00010214	0.0002719
564	0.75899	0.24063	0.00028532	9.1856e-05
565	0.75197	0.24765	0.00028505	9.524e-05
566	0.75619	0.24342	0.00028901	9.4201e-05
567	0.78314	0.21647	0.00030098	8.4172e-05
568	0.76328	0.23633	0.00029489	9.2064e-05
569	0.76102	0.23859	0.00029474	9.3076e-05
570	0.77114	0.22847	0.00029942	8.9114e-05
571	0.38431	0.6153	0.00015048	0.00023783
572	0.26321	0.7364	0.00010321	0.00028398
573	0.22607	0.77355	8.8234e-05	0.00029696
574	0.09375	0.90587	3.6106e-05	0.00034622
575	0.036351	0.96327	1.3906e-05	0.0003652
576	0.016245	0.98338	6.1063e-06	0.00036897
577	0.008099	0.99153	3.0085e-06	0.00036771
578	0.0054584	0.99418	1.9874e-06	0.00036356
579	0.0046913	0.99495	1.6808e-06	0.00035832
580	0.0033616	0.99628	1.1723e-06	0.00035246
581	0.0032912	0.99636	1.1232e-06	0.0003458
582	0.0044194	0.99524	1.4848e-06	0.00033839
583	0.0049898	0.99468	1.6333e-06	0.00033037
584	0.0045662	0.99511	1.4589e-06	0.00032232
585	0.0054318	0.99425	1.7009e-06	0.00031348
586	0.0025151	0.99718	7.623e-07	0.000305
587	0.0017911	0.99791	5.186e-07	0.00029501
588	0.0017481	0.99797	4.8533e-07	0.00028443
589	0.0023543	0.99737	6.3e-07	0.00027329
590	0.0040582	0.99568	1.0496e-06	0.00026148
591	0.0098861	0.98986	2.4351e-06	0.0002479
592	0.0049579	0.9948	1.1533e-06	0.00023662
593	0.002887	0.99689	6.3538e-07	0.00022419
594	0.0021411	0.99765	4.4801e-07	0.00021103
595	0.0021686	0.99763	4.3319e-07	0.00019731
596	0.0033796	0.99644	6.3421e-07	0.00018257
597	0.0077497	0.99208	1.3375e-06	0.00016651
598	0.010226	0.98962	1.6164e-06	0.00015048
599	0.016605	0.98326	2.3855e-06	0.00013356
600	0.032611	0.96727	4.2135e-06	0.0001152
601	0.078454	0.92144	8.8127e-06	9.3272e-05
602	0.20911	0.79081	1.963e-05	6.4314e-05
603	0.62563	0.3743	4.6495e-05	1.8457e-05
604	0.63229	0.36764	4.9391e-05	2.0188e-05
605	0.66674	0.33318	5.3523e-05	1.985e-05
606	0.74893	0.25099	6.0742e-05	1.5935e-05
607	0.77118	0.22874	6.3853e-05	1.5284e-05
608	0.79328	0.20664	6.6397e-05	1.4351e-05
609	0.85103	0.14889	7.1265e-05	1.0641e-05
610	0.86456	0.13535	7.2367e-05	9.8592e-06
611	0.89941	0.1005	7.4681e-05	7.3964e-06
612	0.98663	0.013289	8.0524e-05	9.64e-07
613	0.99305	0.0068661	7.9541e-05	4.8977e-07
614	0.99975	0.00016916	7.7698e-05	7.9322e-09
615	0.99984	6.3106e-05	0.00010095	5.6887e-09
616	0.99953	0.00034346	0.00012409	4.254e-08
617	0.99857	0.0012886	0.00014606	1.9163e-07
618	0.99897	0.00086317	0.00016816	1.4882e-07
619	0.96514	0.034671	0.00018365	6.665e-06
620	0.95206	0.047724	0.00020214	1.0193e-05
621	0.95031	0.049461	0.00022166	1.1616e-05
622	0.34767	0.65207	8.8862e-05	0.00016539
623	0.1361	0.86362	3.7557e-05	0.00023677
624	0.06187	0.93784	1.8117e-05	0.00027544
625	0.029709	0.96998	9.225e-06	0.00030328
626	0.016703	0.98297	5.5193e-06	0.00032566
627	0.012513	0.98714	4.3576e-06	0.00034469
628	0.012116	0.98752	4.4139e-06	0.00036167
629	0.014146	0.98547	5.3961e-06	0.00037742
630	0.020105	0.9795	8.0435e-06	0.00039122
631	0.040139	0.95945	1.6688e-05	0.00039818
632	0.089435	0.91013	3.8819e-05	0.00039141
633	0.22997	0.76958	0.00010301	0.00034174
634	0.63028	0.36926	0.00028934	0.00016906
635	0.72031	0.27922	0.0003393	0.00013178
636	0.94247	0.057047	0.00045611	2.763e-05
637	0.94487	0.054635	0.00046936	2.7096e-05
638	0.95821	0.04128	0.00048723	2.0908e-05
639	0.99851	0.00097081	0.00051828	5.0742e-07
640	0.99928	0.00019377	0.0005294	1.0301e-07
641	0.9978	0.0016656	0.00053827	9.0427e-07
642	0.99628	0.0031691	0.00054598	1.7607e-06
643	0.99726	0.0021854	0.00055395	1.2572e-06
644	0.99637	0.0030705	0.00056088	1.8032e-06
645	0.99743	0.0020021	0.00056902	1.2196e-06
646	0.95543	0.043993	0.00055113	2.6694e-05
647	0.9379	0.061515	0.00054768	3.7731e-05
648	0.93465	0.064754	0.00055163	4.0277e-05
649	0.86114	0.13826	0.00051182	8.6598e-05
650	0.83014	0.16926	0.00049796	0.00010694
651	0.82336	0.17603	0.00049794	0.00011239
652	0.78085	0.21853	0.00047576	0.00014034
653	0.76824	0.23114	0.00047118	0.00014966
654	0.76775	0.23163	0.00047434	0.00015122
655	0.74213	0.25724	0.00046154	0.00016875
656	0.73712	0.26225	0.00046092	0.00017311
657	0.7435	0.25586	0.00046772	0.00017001
658	0.7463	0.25306	0.00047239	0.00016906
659	0.7675	0.23185	0.00048819	0.00015597
660	0.81992	0.17944	0.00052489	0.00012196
661	0.83307	0.16628	0.00053602	0.00011357
662	0.86988	0.12947	0.00056345	8.894e-05
663	0.9565	0.042842	0.00062558	2.9614e-05
664	0.95399	0.045349	0.00062685	3.1248e-05
665	0.95869	0.040645	0.00063193	2.8019e-05
666	0.97625	0.023088	0.00064472	1.6031e-05
667	0.97925	0.020089	0.00064765	1.3941e-05
668	0.98163	0.017709	0.00065023	1.2249e-05
669	0.99182	0.0075157	0.00065709	5.2196e-06
670	0.99927	6.5943e-05	0.00066214	4.5241e-08
671	0.9987	0.00063511	0.00065985	4.2508e-07
672	0.99926	7.7083e-05	0.00065843	5.1152e-08
673	0.9965	0.0028424	0.00065489	1.8433e-06
674	0.99638	0.0029628	0.00065202	1.9131e-06
675	0.99909	0.00026477	0.00064983	1.7176e-07
676	0.99842	0.00093596	0.00064559	6.0426e-07
677	0.99816	0.0012023	0.00064049	7.7621e-07
678	0.99936	4.9497e-06	0.00063646	3.164e-09
679	0.99928	8.7868e-05	0.00063047	5.6963e-08
680	0.99823	0.0011426	0.00062392	7.2982e-07
681	0.99853	0.00085159	0.00061827	5.4258e-07
682	0.99812	0.0012665	0.00061262	7.9031e-07
683	0.99773	0.0016651	0.00060703	1.0175e-06
684	0.99938	1.3474e-05	0.00060156	8.3847e-09
685	0.99687	0.0025308	0.00059366	1.5385e-06
686	0.99661	0.0028034	0.00058724	1.6854e-06
687	0.99835	0.001066	0.00058211	6.3422e-07
688	0.99855	0.00087381	0.00057613	5.0655e-07
689	0.99788	0.0015518	0.00056861	8.8142e-07
690	0.9991	0.00034226	0.00056104	1.9252e-07
691	0.99941	3.3013e-05	0.00055298	1.6673e-08
692	0.99902	0.00043609	0.00054457	2.0027e-07
693	0.99745	0.0020124	0.00053575	8.7011e-07
694	0.99102	0.0084568	0.00052382	3.5515e-06
695	0.99009	0.0093893	0.00051331	3.7203e-06
696	0.99209	0.0074074	0.00050419	2.4923e-06
697	0.98521	0.014231	0.00055306	6.6856e-06
698	0.98413	0.015256	0.00060329	8.1425e-06
699	0.98333	0.016009	0.00065214	9.5209e-06
700	0.98188	0.017408	0.00070139	1.1381e-05
701	0.98519	0.014051	0.00075261	9.9047e-06
702	0.99875	0.00043613	0.00081045	3.3049e-07
703	0.99794	0.0011963	0.00085895	1.0043e-06
704	0.99869	0.0004022	0.00090739	3.578e-07
705	0.99891	0.00013858	0.00095392	1.3414e-07
706	0.99645	0.0025523	0.00099854	2.6091e-06
707	0.99609	0.002859	0.001046	3.0608e-06
708	0.99762	0.0012858	0.0010963	1.4422e-06
709	0.99606	0.0027948	0.0011417	3.2659e-06
710	0.99636	0.0024515	0.00119	2.9857e-06
711	0.99876	2.5649e-06	0.0012419	3.3298e-09
712	0.9859	0.012811	0.0012751	1.6828e-05
713	0.9716	0.027064	0.0013034	3.7063e-05
714	0.96684	0.031769	0.001345	4.5071e-05
715	0.89695	0.10162	0.0012889	0.00014937
716	0.86925	0.12926	0.0012914	0.00019604
717	0.86188	0.13659	0.0013214	0.00021392
718	0.85441	0.14401	0.0013489	0.00023273
719	0.85642	0.14195	0.0013923	0.00023648
720	0.87046	0.12786	0.0014575	0.00021951
721	0.78691	0.21137	0.0013563	0.00036996
722	0.75879	0.23944	0.0013438	0.00043041
723	0.75398	0.2442	0.0013699	0.00045078
724	0.72316	0.27497	0.0013445	0.00052117
725	0.7135	0.28459	0.0013588	0.00055288
726	0.71667	0.28137	0.0013986	0.00055998
727	0.74216	0.25584	0.0014821	0.000522
728	0.80415	0.1938	0.0016448	0.00040571
729	0.94854	0.04936	0.0019914	0.00010639
730	0.94744	0.050416	0.0020353	0.00011088
731	0.95434	0.043462	0.0020953	9.7719e-05
732	0.97304	0.024724	0.0021844	5.6648e-05
733	0.97713	0.020584	0.0022394	4.8133e-05
734	0.97558	0.022084	0.0022798	5.2646e-05
735	0.97853	0.019093	0.0023323	4.638e-05
736	0.97547	0.022107	0.0023726	5.4373e-05
737	0.82665	0.17087	0.0020522	0.00042144
738	0.76659	0.23089	0.0019432	0.00057828
739	0.55013	0.4473	0.0014281	0.0011398
740	0.48292	0.51447	0.0012776	0.0013354
741	0.4641	0.53324	0.0012482	0.0014084
742	0.43587	0.56143	0.0011931	0.001508
743	0.43036	0.5669	0.0011969	0.0015476
744	0.44306	0.55415	0.0012499	0.0015365
745	0.43633	0.56084	0.0012478	0.0015792
746	0.44312	0.55401	0.0012851	0.0015834
747	0.46928	0.52781	0.001381	0.00153
748	0.47122	0.52583	0.001406	0.0015461
749	0.49592	0.50109	0.0014977	0.0014941
750	0.56067	0.43629	0.0017148	0.0013177
751	0.76948	0.22745	0.002374	0.00069788
752	0.81571	0.18118	0.00255	0.00056242
753	0.96562	0.031231	0.0030523	9.9045e-05
754	0.96635	0.030455	0.0030937	9.7798e-05
755	0.97453	0.022236	0.0031576	7.2528e-05
756	0.99511	0.0016159	0.0032645	5.429e-06
757	0.995	0.0016858	0.0033055	5.7233e-06
758	0.99652	0.0001257	0.0033534	4.353e-07
759	0.99659	9.2151e-06	0.0033978	3.2156e-08
760	0.99649	6.2743e-05	0.0034431	2.1896e-07
761	0.99642	8.8857e-05	0.0034899	3.107e-07
762	0.99581	0.00065862	0.003533	2.3523e-06
763	0.99407	0.0023486	0.0035701	8.571e-06
764	0.99415	0.0022292	0.0036152	8.2474e-06
765	0.99626	6.7125e-05	0.0036695	2.5413e-07
766	0.99548	0.0008002	0.0037148	2.9962e-06
767	0.99498	0.0012514	0.0037593	4.7746e-06
768	0.99583	0.00035412	0.0038105	1.3776e-06
769	0.99596	0.0001787	0.0038605	6.9982e-07
770	0.99512	0.00096729	0.003905	3.8418e-06
771	0.99438	0.0016661	0.0039515	6.6618e-06
772	0.994	0.0019929	0.0039977	8.0945e-06
773	0.99525	0.00069116	0.0040522	2.8466e-06
774	0.9955	0.0003979	0.0041008	1.6905e-06
775	0.99379	0.0020624	0.0041428	8.8191e-06
776	0.99176	0.0040379	0.0041848	1.7391e-05
777	0.99203	0.0037119	0.0042385	1.6157e-05
778	0.9903	0.0053906	0.0042815	2.3742e-05
779	0.9909	0.0047379	0.0043364	2.1119e-05
780	0.99432	0.0012715	0.0044057	5.6844e-06
781	0.99138	0.0041588	0.0044446	1.8669e-05
782	0.98873	0.0067571	0.0044826	3.0771e-05
783	0.9888	0.0066305	0.0045346	3.0491e-05
784	0.98893	0.0064557	0.0045849	3.0056e-05
785	0.99187	0.0034674	0.0046504	1.6244e-05
786	0.99517	0.00011208	0.0047158	5.361e-07
787	0.99425	0.00098689	0.0047632	4.7281e-06
788	0.99372	0.0014574	0.0048105	7.1009e-06
789	0.99471	0.00042368	0.0048672	2.0802e-06
790	0.99176	0.0033207	0.0049026	1.6507e-05
791	0.9916	0.0034324	0.0049498	1.7327e-05
792	0.99353	0.0014568	0.0050094	7.5078e-06
793	0.99216	0.0027749	0.0050504	1.4526e-05
794	0.9926	0.0022871	0.0051025	1.2188e-05
795	0.99106	0.0037764	0.005146	2.0218e-05
796	0.96613	0.02865	0.0050612	0.00015476
797	0.95604	0.03869	0.005057	0.00021056
798	0.95374	0.040941	0.0050963	0.00022474
799	0.95919	0.035437	0.0051755	0.00019711
800	0.96266	0.031918	0.0052465	0.00017952
801	0.97465	0.019867	0.0053684	0.0001131
802	0.98394	0.010518	0.0054789	6.019e-05
803	0.98193	0.012477	0.0055232	7.1666e-05
804	0.98436	0.0099949	0.0055905	5.8068e-05
805	0.97523	0.019063	0.0055936	0.00011066
806	0.97337	0.020874	0.0056357	0.00012234
807	0.97554	0.018642	0.0057035	0.00011019
808	0.97661	0.017518	0.0057672	0.00010419
809	0.97233	0.021742	0.0057971	0.00013013
810	0.97391	0.020112	0.0058594	0.00012153
811	0.98378	0.010186	0.0059698	6.2912e-05
812	0.99333	0.00058687	0.0060766	5.7477e-06
813	0.9932	0.00077915	0.0060125	6.1307e-06
814	0.9884	0.0056519	0.0059172	3.5734e-05
815	0.98766	0.0064526	0.005845	4.0235e-05
816	0.98959	0.0045891	0.0057915	2.8525e-05
817	0.98457	0.0096721	0.0056989	5.8235e-05
818	0.98347	0.010832	0.005632	6.4253e-05
819	0.98544	0.0089276	0.0055851	5.2294e-05
820	0.98331	0.011111	0.005517	6.3696e-05
821	0.985	0.0094759	0.0054686	5.3611e-05
822	0.9914	0.0031386	0.0054488	1.7031e-05
823	0.99101	0.0035821	0.0053884	1.8949e-05
824	0.99035	0.0042988	0.0053288	2.2095e-05
825	0.99194	0.0027615	0.0052834	1.3161e-05
826	0.98793	0.0068303	0.0052131	3.116e-05
827	0.98772	0.0070947	0.0051591	3.0997e-05
828	0.99044	0.0044198	0.0051221	1.6014e-05
829	0.99027	0.0044521	0.0052555	1.8396e-05
830	0.99024	0.0043549	0.0053873	1.9978e-05
831	0.99277	0.0016817	0.0055357	8.6593e-06
832	0.97435	0.01997	0.0055525	0.0001264
833	0.96753	0.026654	0.0056436	0.00017357
834	0.96654	0.027498	0.0057746	0.00018468
835	0.9646	0.029297	0.005903	0.00020232
836	0.95369	0.040065	0.0059652	0.00028323
837	0.95095	0.042659	0.0060859	0.00030964
838	0.89655	0.096905	0.0058228	0.00071727
839	0.87379	0.11952	0.0057847	0.00090341
840	0.86837	0.12479	0.0058669	0.00096682
841	0.83815	0.15488	0.0057489	0.001228
842	0.79516	0.19772	0.0055235	0.0015999
843	0.73489	0.25784	0.0051491	0.0021243
844	0.71011	0.28246	0.005053	0.0023737
845	0.7035	0.28892	0.0051026	0.0024812
846	0.70943	0.28282	0.0052551	0.0024896
847	0.74111	0.25099	0.0056087	0.0022942
848	0.84624	0.1457	0.0065446	0.0015139
849	0.92057	0.07121	0.007275	0.00094285
850	0.92351	0.06827	0.007328	0.00088953
851	0.93876	0.053028	0.0075259	0.00068953
852	0.9782	0.013586	0.0080336	0.00018184
853	0.97575	0.016029	0.0080191	0.00019864
854	0.97718	0.014596	0.0080452	0.00017702
855	0.98372	0.0080511	0.0081308	9.8185e-05
856	0.97513	0.016637	0.0080619	0.0001718
857	0.93597	0.055793	0.0077328	0.00050752
858	0.75872	0.23303	0.0062444	0.0020056
859	0.51525	0.47649	0.0042157	0.0040459
860	0.43947	0.55226	0.0035795	0.0046921
861	0.40995	0.58176	0.0033371	0.0049461
862	0.40544	0.58627	0.0033011	0.0049921
863	0.41434	0.57735	0.0033791	0.0049258
864	0.44434	0.54734	0.0036366	0.0046816
865	0.54466	0.44701	0.0044768	0.0038529
866	0.77694	0.21471	0.0064407	0.0019023
867	0.793	0.19865	0.0065823	0.001772
868	0.70294	0.28869	0.005802	0.0025657
869	0.57514	0.41648	0.0046992	0.0036836
870	0.5205	0.4711	0.004236	0.0041634
871	0.44374	0.54785	0.0035868	0.0048309
872	0.41845	0.57312	0.0033736	0.0050608
873	0.41599	0.57556	0.0033537	0.005096
874	0.41298	0.57855	0.0033267	0.0051367
875	0.42259	0.56893	0.0034076	0.0050709
876	0.45403	0.53747	0.0036724	0.0048229
877	0.43426	0.55723	0.0035066	0.005007
878	0.43323	0.55824	0.0035	0.0050305
879	0.44539	0.54606	0.0036073	0.0049417
880	0.43341	0.55802	0.00351	0.0050588
881	0.43458	0.55683	0.0035277	0.0050624
882	0.43334	0.55805	0.0035226	0.0050875
883	0.43014	0.56124	0.0034983	0.0051302
884	0.42151	0.56984	0.0034286	0.0052198
885	0.42541	0.56592	0.0034691	0.0052007
886	0.4018	0.5895	0.0032724	0.0054202
887	0.39527	0.59601	0.0032254	0.0054914
888	0.40197	0.58929	0.0032953	0.0054475
889	0.40284	0.58839	0.0033164	0.0054538
890	0.39866	0.59254	0.0032953	0.0055039
891	0.3894	0.60177	0.0032273	0.0055992
892	0.37509	0.61605	0.0031173	0.0057384
893	0.37427	0.61684	0.0031261	0.0057602
894	0.38634	0.60474	0.0032527	0.0056657
895	0.396	0.59505	0.0033557	0.0055933
896	0.33927	0.65175	0.0028802	0.006101
897	0.31776	0.67323	0.0027096	0.0063054
898	0.23711	0.75384	0.0020197	0.0070276
899	0.20505	0.78587	0.0017522	0.007329
900	0.19626	0.79463	0.0016836	0.0074301
901	0.2002	0.79066	0.001727	0.0074181
902	0.19988	0.79094	0.0017334	0.0074443
903	0.21115	0.77964	0.0018477	0.0073641
904	0.2175	0.77325	0.001919	0.0073284
905	0.24438	0.74634	0.0021821	0.0070996
906	0.33363	0.65706	0.0030305	0.0062841
907	0.39772	0.59293	0.003655	0.0056942
908	0.54679	0.44382	0.0051141	0.0042714
909	0.97216	0.018421	0.0092358	0.00018423
910	0.95426	0.036283	0.0090975	0.00035973
911	0.94927	0.04124	0.0090818	0.00041059
912	0.94997	0.040501	0.0091245	0.00040534
913	0.94952	0.040913	0.0091591	0.00041087
914	0.95484	0.035551	0.0092537	0.00035868
915	0.96989	0.020449	0.0094504	0.00020689
916	0.93019	0.060108	0.0091014	0.00059845
917	0.91488	0.075377	0.0089946	0.00075043
918	0.91207	0.078143	0.0090073	0.00078101
919	0.91844	0.071729	0.0091086	0.00072091
920	0.92252	0.067607	0.009191	0.00068233
921	0.94248	0.047606	0.0094302	0.00048473
922	0.94491	0.045131	0.0094974	0.00046154
923	0.95495	0.035042	0.0096461	0.00035931
924	0.9898	0.00014656	0.010047	2.5166e-06
925	0.98533	0.0047212	0.0099003	4.9257e-05
926	0.9806	0.0095531	0.0097489	9.817e-05
927	0.98064	0.0096216	0.0096434	9.846e-05
928	0.92362	0.066738	0.0089689	0.00067136
929	0.84419	0.14627	0.008094	0.0014477
930	0.82049	0.17007	0.0077733	0.0016674
931	0.73803	0.25263	0.0068765	0.0024607
932	0.70336	0.2874	0.0064667	0.0027699
933	0.69079	0.30007	0.0062774	0.0028611
934	0.67555	0.31541	0.0060626	0.002976
935	0.67396	0.3171	0.0059798	0.0029614
936	0.68593	0.30522	0.0060228	0.0028237
937	0.67631	0.31494	0.0058748	0.0028799
938	0.6789	0.31243	0.0058392	0.0028261
939	0.69696	0.29446	0.0059437	0.0026348
940	0.76111	0.2304	0.0064461	0.0020436
941	0.91038	0.081213	0.007693	0.00071037
942	0.95351	0.03818	0.0079829	0.00033171
943	0.95326	0.038513	0.0078925	0.00033086
944	0.95867	0.033192	0.0078527	0.00028227
945	0.97468	0.017275	0.0079045	0.00014507
946	0.97305	0.018985	0.0078107	0.00015643
947	0.97688	0.015241	0.0077586	0.0001238
948	0.99178	0.00042158	0.0077916	3.4742e-06
949	0.9913	0.00099397	0.0077029	7.9701e-06
950	0.99088	0.0014938	0.0076175	1.1773e-05
951	0.99188	0.00056893	0.0075459	4.4608e-06
952	0.99202	0.0005042	0.0074704	3.8736e-06
953	0.99163	0.00097777	0.0073885	7.4271e-06
954	0.99253	0.00015126	0.0073194	1.1749e-06
955	0.97674	0.016012	0.0071277	0.00012036
956	0.90384	0.088978	0.0065211	0.00065691
957	0.87295	0.11994	0.0062358	0.00087444
958	0.8339	0.15906	0.0058923	0.0011482
