#coord	neutral	conserved	gBGC.neutral	gBGC.conserved
1	0.96683	0.03291	0.00024807	8.525e-06
2	0.98843	0.011316	0.00025221	2.9214e-06
3	0.99308	0.0066695	0.000252	1.704e-06
4	0.99736	0.0023873	0.00025166	6.0253e-07
5	0.99837	0.0013742	0.00025046	3.4358e-07
6	0.99975	3.1446e-06	0.00024931	1.2573e-09
7	0.99975	5.708e-06	0.00024394	1.3977e-09
8	0.9997	6.5765e-05	0.0002385	1.5862e-08
9	0.9997	6.6548e-05	0.00023319	1.5703e-08
10	0.99974	3.5788e-05	0.000228	8.2883e-09
11	0.99958	0.00019443	0.00022288	4.3812e-08
12	0.99975	2.835e-05	0.00021795	6.2666e-09
13	0.99976	2.2472e-05	0.00021309	4.8573e-09
14	0.99968	0.00010747	0.00020831	2.2728e-08
15	0.99954	0.0002566	0.00020362	5.2948e-08
16	0.9997	0.00010482	0.0001991	2.1188e-08
17	0.99977	3.6067e-05	0.00019465	7.1392e-09
18	0.99963	0.00017559	0.00019026	3.3738e-08
19	0.9998	1.0438e-05	0.00018603	1.9521e-09
20	0.99924	0.00057932	0.00018161	1.0637e-07
21	0.99976	6.2951e-05	0.00017749	1.1427e-08
22	0.99975	7.8844e-05	0.00017339	1.3885e-08
23	0.99973	0.00010123	0.00016938	1.7418e-08
24	0.99966	0.00017628	0.00016544	2.9558e-08
25	0.9993	0.00053341	0.00016155	8.6652e-08
26	0.99912	0.00072421	0.00015776	1.1385e-07
27	0.99933	0.00051465	0.000154	7.879e-08
28	0.99906	0.00078836	0.00015012	1.1839e-07
29	0.99898	0.00086934	0.00014636	1.2653e-07
30	0.99922	0.00064201	0.0001426	9.079e-08
31	0.99984	2.3067e-05	0.00013886	3.2116e-09
32	0.99916	0.00070367	0.00013502	9.5148e-08
33	0.99891	0.00095957	0.00013124	1.2618e-07
34	0.99908	0.00079105	0.00012752	1.0113e-07
35	0.99968	0.0001979	0.00012385	2.4736e-08
36	0.99987	1.0163e-05	0.00012021	1.2182e-09
37	0.99988	6.6073e-08	0.00011651	7.698e-12
38	0.99902	0.00086424	0.00011267	9.8266e-08
39	0.99827	0.0016223	0.00010893	1.7753e-07
40	0.99926	0.00063761	0.00010535	6.8187e-08
41	0.99922	0.00068026	0.00010173	7.0481e-08
42	0.99939	0.00051173	9.8215e-05	5.125e-08
43	0.99978	0.00012892	9.4795e-05	1.2524e-08
44	0.99779	0.0021189	9.1224e-05	1.9502e-07
45	0.99555	0.0043577	8.772e-05	3.8424e-07
46	0.99575	0.0041624	8.4512e-05	3.5111e-07
47	0.99632	0.0035978	8.1295e-05	2.9033e-07
48	0.99964	0.000284	7.8364e-05	1.5241e-08
49	0.99988	3.9375e-05	7.8114e-05	2.5332e-09
50	0.99992	6.5369e-07	7.7844e-05	5.0129e-11
51	0.99976	0.00016318	7.7572e-05	1.2776e-08
52	0.99992	4.0298e-06	7.7339e-05	3.1321e-10
53	0.99895	0.00097563	7.7032e-05	7.4573e-08
54	0.99956	0.00036474	7.6835e-05	2.7723e-08
55	0.99969	0.00023202	7.6591e-05	1.7732e-08
56	0.99953	0.00039115	7.6338e-05	2.9628e-08
57	0.99979	0.00013134	7.6106e-05	9.8693e-09
58	0.99943	0.00048987	7.5816e-05	3.6979e-08
59	0.9995	0.00042741	7.5546e-05	3.2436e-08
60	0.99978	0.000143	7.5307e-05	1.083e-08
61	0.99773	0.0021931	7.488e-05	1.6634e-07
62	0.9898	0.010127	7.4029e-05	7.6019e-07
63	0.98185	0.018075	7.3165e-05	1.3557e-06
64	0.97987	0.020052	7.2768e-05	1.4975e-06
65	0.98216	0.017763	7.2706e-05	1.3187e-06
66	0.99216	0.0077672	7.3203e-05	5.7142e-07
67	0.99471	0.0052144	7.3131e-05	3.8172e-07
68	0.99756	0.0023704	7.3067e-05	1.7379e-07
69	0.99984	8.2933e-05	7.2974e-05	6.0336e-09
70	0.99913	0.00079797	7.2651e-05	5.8224e-08
71	0.99958	0.0003511	7.2425e-05	2.5228e-08
72	0.99968	0.00024546	7.2164e-05	1.7371e-08
73	0.99525	0.0046733	7.1569e-05	3.3175e-07
74	0.99481	0.0051209	7.1246e-05	3.6232e-07
75	0.99767	0.00226	7.1147e-05	1.5959e-07
76	0.99589	0.0040429	7.0706e-05	2.8714e-07
77	0.99665	0.0032807	7.0437e-05	2.3416e-07
78	0.9972	0.0027256	7.0166e-05	1.9518e-07
79	0.99063	0.0092991	6.9404e-05	6.6106e-07
80	0.98937	0.010564	6.9009e-05	7.5002e-07
81	0.99114	0.0087947	6.8842e-05	6.2414e-07
82	0.98391	0.016018	6.8027e-05	1.1345e-06
83	0.98221	0.017722	6.762e-05	1.2502e-06
84	0.98456	0.015376	6.7511e-05	1.0816e-06
85	0.8493	0.15063	5.799e-05	1.0339e-05
86	0.80251	0.19742	5.4545e-05	1.351e-05
87	0.78511	0.21482	5.3158e-05	1.4636e-05
88	0.76509	0.23484	5.1585e-05	1.594e-05
89	0.76273	0.2372	5.1202e-05	1.6043e-05
90	0.77727	0.22267	5.1933e-05	1.5025e-05
91	0.81791	0.18202	5.4409e-05	1.2273e-05
92	0.78382	0.21611	5.1911e-05	1.4505e-05
93	0.73899	0.26095	4.8753e-05	1.741e-05
94	0.58479	0.41515	3.8342e-05	2.7558e-05
95	0.36995	0.62998	2.4131e-05	4.1514e-05
96	0.30312	0.69681	1.9644e-05	4.574e-05
97	0.21489	0.78504	1.3848e-05	5.1284e-05
98	0.17959	0.82034	1.1538e-05	5.3348e-05
99	0.17088	0.82906	1.0934e-05	5.3701e-05
100	0.15737	0.84256	1.004e-05	5.4351e-05
101	0.1583	0.84164	1.0063e-05	5.4078e-05
102	0.17505	0.82488	1.1084e-05	5.2801e-05
103	0.088468	0.91147	5.5778e-06	5.8058e-05
104	0.058315	0.94162	3.6482e-06	5.9733e-05
105	0.048437	0.9515	3.0053e-06	6.0116e-05
106	0.033308	0.96663	2.0455e-06	6.0822e-05
107	0.029573	0.97036	1.7995e-06	6.0809e-05
108	0.029933	0.97	1.8112e-06	6.0544e-05
109	0.035105	0.96483	2.1198e-06	5.9988e-05
110	0.017016	0.98292	1.0136e-06	6.0852e-05
111	0.0097489	0.99019	5.7432e-07	6.1056e-05
112	0.007968	0.99197	4.6424e-07	6.0926e-05
113	0.0081077	0.99183	4.7041e-07	6.0684e-05
114	0.010498	0.98944	6.1115e-07	6.0314e-05
115	0.011997	0.98794	6.9591e-07	5.9994e-05
116	0.016789	0.98315	9.7547e-07	5.9486e-05
117	0.029213	0.97073	1.7078e-06	5.853e-05
118	0.059975	0.93997	3.5335e-06	5.6487e-05
119	0.1478	0.85214	8.6965e-06	5.1102e-05
120	0.398	0.60194	2.3259e-05	3.6312e-05
121	0.3932	0.60674	2.2857e-05	3.648e-05
122	0.40441	0.59553	2.3384e-05	3.5711e-05
123	0.44507	0.55487	2.5569e-05	3.3279e-05
124	0.47501	0.52493	2.715e-05	3.1458e-05
125	0.47517	0.52477	2.7027e-05	3.1351e-05
126	0.49046	0.50948	2.779e-05	3.0366e-05
127	0.45478	0.54516	2.5601e-05	3.234e-05
128	0.44319	0.55676	2.484e-05	3.2896e-05
129	0.4457	0.55425	2.4905e-05	3.2634e-05
130	0.3626	0.63734	2.0145e-05	3.7204e-05
131	0.26506	0.73488	1.4566e-05	4.2588e-05
132	0.23556	0.76439	1.2838e-05	4.4114e-05
133	0.20474	0.7952	1.103e-05	4.5713e-05
134	0.19326	0.80668	1.0338e-05	4.6203e-05
135	0.19336	0.80658	1.03e-05	4.6045e-05
136	0.16971	0.83024	8.9635e-06	4.7192e-05
137	0.16563	0.83432	8.6999e-06	4.7261e-05
138	0.17071	0.82923	8.9417e-06	4.6829e-05
139	0.15738	0.84256	8.1907e-06	4.7397e-05
140	0.15721	0.84274	8.1476e-06	4.7252e-05
141	0.16669	0.83326	8.6282e-06	4.6588e-05
142	0.17152	0.82842	8.8626e-06	4.6176e-05
143	0.18912	0.81082	9.7895e-06	4.5077e-05
144	0.2325	0.76745	1.2121e-05	4.2579e-05
145	0.26179	0.73815	1.3691e-05	4.0848e-05
146	0.33156	0.66839	1.749e-05	3.6895e-05
147	0.50382	0.49612	2.6973e-05	2.7264e-05
148	0.99502	0.0049249	5.3813e-05	2.6952e-07
149	0.99519	0.0047526	5.3658e-05	2.5944e-07
150	0.99808	0.0018627	5.3663e-05	1.0104e-07
151	0.99703	0.0029184	5.3445e-05	1.5742e-07
152	0.9915	0.0084424	5.3001e-05	4.5017e-07
153	0.98612	0.01383	5.2554e-05	7.3615e-07
154	0.98621	0.013738	5.2389e-05	7.3056e-07
155	0.97977	0.020179	5.189e-05	1.0694e-06
156	0.97983	0.020116	5.1725e-05	1.0642e-06
157	0.98431	0.015639	5.1805e-05	8.2475e-07
158	0.98842	0.011529	5.1853e-05	6.0774e-07
159	0.99956	0.00038775	5.2281e-05	2.054e-08
160	0.99749	0.0024625	5.2025e-05	1.2858e-07
161	0.99769	0.0022627	5.1878e-05	1.182e-07
162	0.99985	0.00010241	5.1843e-05	5.2872e-09
163	0.99979	0.00015967	5.1683e-05	8.2129e-09
164	0.99969	0.00025945	5.1511e-05	1.3422e-08
165	0.99986	8.4424e-05	5.1363e-05	4.2951e-09
166	0.99378	0.0061714	5.0911e-05	3.0909e-07
167	0.97371	0.026237	4.9747e-05	1.3168e-06
168	0.96848	0.031466	4.9322e-05	1.5762e-06
169	0.97024	0.029709	4.9239e-05	1.484e-06
170	0.97818	0.021771	4.9478e-05	1.0793e-06
171	0.9853	0.014646	4.9662e-05	7.2028e-07
172	0.9856	0.014346	4.9496e-05	7.0352e-07
173	0.98099	0.018955	4.9075e-05	9.3167e-07
174	0.97599	0.023961	4.8625e-05	1.1796e-06
175	0.94943	0.050522	4.7124e-05	2.4889e-06
176	0.94248	0.057475	4.6586e-05	2.8249e-06
177	0.94469	0.055256	4.6491e-05	2.7093e-06
178	0.94498	0.054971	4.6313e-05	2.6864e-06
179	0.95572	0.044234	4.6628e-05	2.1598e-06
180	0.9826	0.017351	4.7734e-05	8.5238e-07
181	0.98825	0.011706	4.7819e-05	5.7533e-07
182	0.99236	0.0075915	4.7838e-05	3.7259e-07
183	0.99555	0.0043988	4.7823e-05	2.146e-07
184	0.99594	0.0040089	4.7661e-05	1.9477e-07
185	0.99668	0.0032689	4.7505e-05	1.5909e-07
186	0.99725	0.0027059	4.7349e-05	1.3165e-07
187	0.996	0.0039562	4.7098e-05	1.9221e-07
188	0.99679	0.003167	4.6953e-05	1.5435e-07
189	0.9974	0.0025507	4.681e-05	1.2463e-07
190	0.97722	0.022731	4.5684e-05	1.0861e-06
191	0.96978	0.030173	4.5183e-05	1.4331e-06
192	0.96943	0.030523	4.5007e-05	1.4466e-06
193	0.95917	0.040785	4.4379e-05	1.9215e-06
194	0.94737	0.052586	4.3671e-05	2.4688e-06
195	0.8949	0.10505	4.1097e-05	4.8909e-06
196	0.82616	0.17379	3.7825e-05	8.0209e-06
197	0.74583	0.25412	3.4014e-05	1.1682e-05
198	0.71904	0.28092	3.2661e-05	1.2878e-05
199	0.40838	0.59158	1.8185e-05	2.7188e-05
200	0.28201	0.71794	1.2352e-05	3.2862e-05
201	0.23107	0.76888	1.001e-05	3.505e-05
202	0.21167	0.78828	9.1113e-06	3.5802e-05
203	0.20897	0.79098	8.9514e-06	3.5809e-05
204	0.21653	0.78342	9.2475e-06	3.5365e-05
205	0.23993	0.76002	1.0241e-05	3.4229e-05
206	0.23819	0.76177	1.0136e-05	3.4195e-05
207	0.24844	0.75152	1.0563e-05	3.3636e-05
208	0.25339	0.74657	1.0761e-05	3.3309e-05
209	0.27427	0.72569	1.1671e-05	3.2277e-05
210	0.34587	0.65408	1.4805e-05	2.9015e-05
211	0.51198	0.48797	2.2149e-05	2.1548e-05
212	0.9857	0.014259	4.2943e-05	6.2326e-07
213	0.98719	0.012766	4.2872e-05	5.5605e-07
214	0.51051	0.48945	2.1837e-05	2.1436e-05
215	0.3164	0.68356	1.3362e-05	2.9762e-05
216	0.23765	0.76231	9.9512e-06	3.303e-05
217	0.2064	0.79356	8.6003e-06	3.4243e-05
218	0.19959	0.80037	8.281e-06	3.4419e-05
219	0.20355	0.79641	8.4232e-06	3.4139e-05
220	0.22168	0.77828	9.1707e-06	3.3259e-05
221	0.28438	0.71558	1.1779e-05	3.0512e-05
222	0.42991	0.57005	1.7897e-05	2.426e-05
223	0.53413	0.46583	2.2275e-05	1.9754e-05
224	0.53402	0.46594	2.2202e-05	1.9693e-05
225	0.53321	0.46675	2.209e-05	1.9662e-05
226	0.42393	0.57603	1.7494e-05	2.4124e-05
227	0.31265	0.68731	1.2808e-05	2.8668e-05
228	0.26802	0.73194	1.0933e-05	3.0407e-05
229	0.21156	0.7884	8.5699e-06	3.2629e-05
230	0.19315	0.80681	7.7757e-06	3.3276e-05
231	0.19203	0.80793	7.6892e-06	3.321e-05
232	0.16816	0.8318	6.6817e-06	3.407e-05
233	0.15986	0.8401	6.3202e-06	3.4288e-05
234	0.16168	0.83828	6.372e-06	3.4097e-05
235	0.17795	0.822	6.9934e-06	3.3332e-05
236	0.21833	0.78163	8.5784e-06	3.1608e-05
237	0.3188	0.68116	1.2577e-05	2.7475e-05
238	0.24448	0.75548	9.6201e-06	3.0302e-05
239	0.22255	0.77741	8.724e-06	3.1062e-05
240	0.21585	0.78411	8.4387e-06	3.1216e-05
241	0.20866	0.7913	8.1295e-06	3.1389e-05
242	0.21167	0.78829	8.2273e-06	3.1158e-05
243	0.23165	0.76831	8.9847e-06	3.0263e-05
244	0.29999	0.69998	1.1607e-05	2.7497e-05
245	0.45845	0.54151	1.7753e-05	2.1212e-05
246	0.84775	0.15221	3.2978e-05	5.8531e-06
247	0.85287	0.14709	3.3027e-05	5.6368e-06
248	0.8761	0.12386	3.3749e-05	4.7394e-06
249	0.932	0.067962	3.5714e-05	2.6065e-06
250	0.94599	0.053974	3.6071e-05	2.0735e-06
251	0.9365	0.063464	3.5521e-05	2.4392e-06
252	0.93542	0.064541	3.531e-05	2.4748e-06
253	0.94333	0.056636	3.5428e-05	2.1745e-06
254	0.92497	0.074995	3.4553e-05	2.874e-06
255	0.91938	0.080583	3.4184e-05	3.0761e-06
256	0.91393	0.086034	3.381e-05	3.2737e-06
257	0.91609	0.083877	3.3733e-05	3.1824e-06
258	0.92745	0.072518	3.4007e-05	2.7478e-06
259	0.92573	0.074236	3.3803e-05	2.7991e-06
260	0.93121	0.068755	3.3875e-05	2.5814e-06
261	0.94794	0.05202	3.4376e-05	1.9425e-06
262	0.95043	0.049537	3.4331e-05	1.8407e-06
263	0.96157	0.038398	3.4615e-05	1.4178e-06
264	0.99983	0.00013315	3.5881e-05	4.8836e-09
265	0.99885	0.0011098	3.5691e-05	3.9918e-08
266	0.9992	0.00076773	3.5556e-05	2.7324e-08
267	0.99994	2.6324e-05	3.5426e-05	9.4017e-10
268	0.99989	7.9263e-05	3.5275e-05	2.7969e-09
269	0.99933	0.00063938	3.5098e-05	2.2654e-08
270	0.9999	6.9502e-05	3.4968e-05	2.4571e-09
271	0.99936	0.00060942	3.4792e-05	2.1546e-08
272	0.99899	0.00097398	3.4631e-05	3.4208e-08
273	0.99996	1.0204e-05	3.4524e-05	3.5959e-10
274	0.99988	8.2677e-05	3.4388e-05	2.8631e-09
275	0.99898	0.00098484	3.4232e-05	3.3653e-08
276	0.99966	0.00030865	3.4121e-05	1.0647e-08
277	0.89595	0.10401	3.0371e-05	3.6179e-06
278	0.86025	0.13972	2.899e-05	4.8487e-06
279	0.84973	0.15024	2.8482e-05	5.1994e-06
280	0.83383	0.16614	2.7802e-05	5.7286e-06
281	0.7673	0.23266	2.5367e-05	8.0062e-06
282	0.74154	0.25843	2.4368e-05	8.8536e-06
283	0.71545	0.28452	2.3353e-05	9.7106e-06
284	0.70728	0.29268	2.2961e-05	9.9492e-06
285	0.69341	0.30655	2.2391e-05	1.0372e-05
286	0.67307	0.3269	2.1621e-05	1.1001e-05
287	0.65168	0.34829	2.081e-05	1.1664e-05
288	0.64737	0.35259	2.0575e-05	1.1756e-05
289	0.64105	0.35892	2.0284e-05	1.1911e-05
290	0.65044	0.34953	2.0492e-05	1.1559e-05
291	0.68681	0.31315	2.1548e-05	1.0353e-05
292	0.63588	0.36409	1.9771e-05	1.1974e-05
293	0.6172	0.38277	1.9068e-05	1.2525e-05
294	0.61375	0.38622	1.8866e-05	1.2583e-05
295	0.57506	0.42491	1.7562e-05	1.3747e-05
296	0.53052	0.46945	1.6071e-05	1.5092e-05
297	0.51345	0.48652	1.5464e-05	1.5558e-05
298	0.42465	0.57532	1.266e-05	1.8226e-05
299	0.3872	0.61277	1.1466e-05	1.9288e-05
300	0.37459	0.62538	1.1042e-05	1.9584e-05
301	0.32159	0.67838	9.3953e-06	2.1098e-05
302	0.30167	0.6983	8.7637e-06	2.1601e-05
303	0.29681	0.70316	8.5892e-06	2.165e-05
304	0.30435	0.69562	8.7909e-06	2.1327e-05
305	0.33555	0.66442	9.6941e-06	2.0298e-05
306	0.41003	0.58994	1.1905e-05	1.7964e-05
307	0.64915	0.35082	1.8989e-05	1.0752e-05
308	0.81741	0.18256	2.395e-05	5.6668e-06
309	0.9816	0.018371	2.8702e-05	7.8319e-07
310	0.9793	0.020676	2.8141e-05	8.2149e-07
311	0.98131	0.018657	2.7738e-05	7.1447e-07
312	0.99081	0.0091661	2.7589e-05	3.4347e-07
313	0.99244	0.0075333	2.7154e-05	2.7042e-07
314	0.99344	0.0065366	2.6703e-05	2.2295e-07
315	0.99961	0.00035983	2.6409e-05	9.8557e-09
316	0.93572	0.064258	2.4895e-05	1.724e-06
317	0.91404	0.085933	2.4486e-05	2.3266e-06
318	0.90634	0.093635	2.4458e-05	2.5533e-06
319	0.90691	0.093059	2.4661e-05	2.5551e-06
320	0.91906	0.080917	2.5175e-05	2.2396e-06
321	0.95193	0.048043	2.6283e-05	1.3364e-06
322	0.96084	0.039135	2.672e-05	1.0967e-06
323	0.96689	0.03308	2.7088e-05	9.3205e-07
324	0.98982	0.010153	2.7928e-05	2.8804e-07
325	0.99014	0.009836	2.8138e-05	2.8009e-07
326	0.9949	0.0050706	2.8468e-05	1.448e-07
327	0.99996	1.2352e-05	2.8798e-05	3.5421e-10
328	0.99736	0.0026142	2.8916e-05	7.4911e-08
329	0.99728	0.002688	2.9099e-05	7.7511e-08
330	0.99996	1.0823e-05	2.9353e-05	3.1322e-10
331	0.9985	0.0014725	2.9494e-05	4.2909e-08
332	0.97787	0.022104	2.9062e-05	6.5169e-07
333	0.97022	0.029753	2.9017e-05	8.8004e-07
334	0.96973	0.030245	2.9174e-05	8.9901e-07
335	0.9758	0.024168	2.952e-05	7.2136e-07
336	0.99814	0.0018265	3.0347e-05	5.47e-08
337	0.99566	0.0043065	3.0439e-05	1.2991e-07
338	0.99598	0.0039923	3.0607e-05	1.2103e-07
339	0.99991	6.1981e-05	3.0878e-05	1.9079e-09
340	0.99974	0.00023298	3.103e-05	7.2475e-09
341	0.9991	0.00087365	3.1175e-05	2.7107e-08
342	0.99997	1.1207e-06	3.1358e-05	3.5289e-11
343	0.99899	0.00097829	3.1492e-05	3.0822e-08
344	0.99843	0.0015425	3.1629e-05	4.9112e-08
345	0.99939	0.00058148	3.1823e-05	1.8574e-08
346	0.99843	0.0015332	3.1948e-05	4.9326e-08
347	0.9974	0.002569	3.2078e-05	8.2721e-08
348	0.99844	0.0015315	3.2266e-05	4.9742e-08
349	0.99598	0.0039879	3.2332e-05	1.3097e-07
350	0.99597	0.0039949	3.2486e-05	1.3185e-07
351	0.99841	0.0015585	3.2729e-05	5.1453e-08
352	0.99304	0.0069318	3.2707e-05	2.2898e-07
353	0.99243	0.0075398	3.2831e-05	2.5083e-07
354	0.99473	0.0052399	3.3061e-05	1.752e-07
355	0.9937	0.0062702	3.317e-05	2.1104e-07
356	0.99528	0.0046913	3.3376e-05	1.5865e-07
357	0.99722	0.0027496	3.3586e-05	9.4207e-08
358	0.9969	0.0030614	3.3728e-05	1.0539e-07
359	0.99852	0.0014427	3.3944e-05	5.0069e-08
360	0.99994	2.8466e-05	3.416e-05	1.0073e-09
361	0.99959	0.00037962	3.4323e-05	1.325e-08
362	0.99951	0.00045941	3.4503e-05	1.6114e-08
363	0.99874	0.0012212	3.4668e-05	4.2692e-08
364	0.99838	0.0015851	3.4838e-05	5.5974e-08
365	0.99799	0.0019729	3.5015e-05	6.9992e-08
366	0.99758	0.0023836	3.5198e-05	8.4649e-08
367	0.99758	0.0023852	3.5387e-05	8.5324e-08
368	0.9996	0.00036752	3.5657e-05	1.3114e-08
369	0.99954	0.00042088	3.5845e-05	1.5052e-08
370	0.99728	0.0026884	3.5945e-05	9.7187e-08
371	0.99718	0.0027867	3.6131e-05	1.0089e-07
372	0.99985	0.00011584	3.6409e-05	4.2645e-09
373	0.99974	0.0002189	3.6595e-05	8.0832e-09
374	0.99752	0.0024438	3.6711e-05	8.9883e-08
375	0.99537	0.0045931	3.682e-05	1.7037e-07
376	0.99554	0.0044216	3.7023e-05	1.6457e-07
377	0.99887	0.0010887	3.7336e-05	4.108e-08
378	0.99956	0.00040468	3.7559e-05	1.5431e-08
379	0.99959	0.00037611	3.7766e-05	1.4345e-08
380	0.99898	0.0009818	3.7956e-05	3.7195e-08
381	0.99996	1.1066e-07	3.8198e-05	4.1829e-12
382	0.99889	0.0010691	3.8352e-05	4.1002e-08
383	0.99805	0.0019154	3.8507e-05	7.4152e-08
384	0.99883	0.0011266	3.8734e-05	4.3655e-08
385	0.99987	9.2551e-05	3.8962e-05	3.632e-09
386	0.99995	7.4351e-06	3.9162e-05	2.8974e-10
387	0.99996	3.6826e-06	3.935e-05	1.4626e-10
388	0.99874	0.0012252	3.9479e-05	4.9391e-08
389	0.99746	0.0025025	3.9615e-05	1.0101e-07
390	0.99802	0.0019415	3.9834e-05	7.8715e-08
391	0.98136	0.018598	3.9345e-05	7.5566e-07
392	0.96429	0.035667	3.8819e-05	1.4611e-06
393	0.95799	0.041969	3.874e-05	1.7265e-06
394	0.93126	0.068703	3.7804e-05	2.8422e-06
395	0.92168	0.07828	3.7583e-05	3.2506e-06
396	0.92219	0.077766	3.7767e-05	3.247e-06
397	0.90802	0.091936	3.7352e-05	3.8509e-06
398	0.89187	0.10809	3.6836e-05	4.5475e-06
399	0.8874	0.11256	3.6817e-05	4.7552e-06
400	0.89482	0.10514	3.7284e-05	4.4681e-06
401	0.91795	0.082013	3.8431e-05	3.5103e-06
402	0.97313	0.026826	4.0976e-05	1.1626e-06
403	0.96991	0.030047	4.1042e-05	1.3037e-06
404	0.97181	0.028143	4.1338e-05	1.2238e-06
405	0.98336	0.016593	4.2044e-05	7.2493e-07
406	0.98612	0.013837	4.2359e-05	6.0816e-07
407	0.99466	0.0052997	4.2939e-05	2.347e-07
408	0.99669	0.0032664	4.3226e-05	1.4646e-07
409	0.99393	0.00603	4.3312e-05	2.6905e-07
410	0.994	0.0059554	4.3532e-05	2.6637e-07
411	0.99676	0.0031958	4.3883e-05	1.429e-07
412	0.99988	7.3838e-05	4.424e-05	3.3402e-09
413	0.99993	2.6882e-05	4.4469e-05	1.1974e-09
414	0.99696	0.0029915	4.4575e-05	1.3194e-07
415	0.95327	0.046689	4.2854e-05	2.0816e-06
416	0.94045	0.059505	4.2484e-05	2.6706e-06
417	0.93928	0.060677	4.2625e-05	2.7395e-06
418	0.93582	0.064133	4.2672e-05	2.9104e-06
419	0.93897	0.06098	4.3032e-05	2.778e-06
420	0.95428	0.045675	4.3942e-05	2.0875e-06
421	0.9563	0.043651	4.4235e-05	2.0051e-06
422	0.96809	0.031865	4.4968e-05	1.4745e-06
423	0.9988	0.0011484	4.6602e-05	5.3793e-08
424	0.98465	0.015302	4.6132e-05	7.2699e-07
425	0.97925	0.020703	4.6086e-05	9.8619e-07
426	0.9786	0.02135	4.6274e-05	1.02e-06
427	0.97755	0.022407	4.6454e-05	1.0722e-06
428	0.98196	0.017993	4.6886e-05	8.6333e-07
429	0.99898	0.00097261	4.7914e-05	4.7993e-08
430	0.99755	0.0024009	4.8068e-05	1.1834e-07
431	0.97886	0.021092	4.7355e-05	1.0465e-06
432	0.97203	0.027925	4.7238e-05	1.3894e-06
433	0.94805	0.051902	4.6248e-05	2.5956e-06
434	0.91467	0.085277	4.4798e-05	4.2718e-06
435	0.90236	0.097594	4.4402e-05	4.9034e-06
436	0.70012	0.29983	3.4667e-05	1.4888e-05
437	0.62977	0.37018	3.1332e-05	1.8465e-05
438	0.60692	0.39303	3.0327e-05	1.9704e-05
439	0.25643	0.74352	1.2898e-05	3.7376e-05
440	0.13346	0.86649	6.7244e-06	4.3787e-05
441	0.095246	0.9047	4.7931e-06	4.595e-05
442	0.080406	0.91954	4.0567e-06	4.6924e-05
443	0.077462	0.92249	3.919e-06	4.7294e-05
444	0.082882	0.91707	4.203e-06	4.7237e-05
445	0.07697	0.92298	3.9027e-06	4.7759e-05
446	0.078255	0.92169	3.9771e-06	4.7912e-05
447	0.087079	0.91287	4.4428e-06	4.7678e-05
448	0.069499	0.93045	3.55e-06	4.881e-05
449	0.063626	0.93632	3.2641e-06	4.934e-05
450	0.066362	0.93358	3.4207e-06	4.9423e-05
451	0.055461	0.94449	2.8569e-06	5.0221e-05
452	0.053742	0.9462	2.7714e-06	5.0535e-05
453	0.057416	0.94253	2.972e-06	5.0568e-05
454	0.058095	0.94185	3.0193e-06	5.076e-05
455	0.065055	0.93489	3.4044e-06	5.0619e-05
456	0.069073	0.93087	3.6398e-06	5.0633e-05
457	0.082007	0.91794	4.3668e-06	5.0162e-05
458	0.090162	0.90978	4.8454e-06	4.9945e-05
459	0.12065	0.8793	6.5557e-06	4.849e-05
460	0.15025	0.84969	8.219e-06	4.7077e-05
461	0.21971	0.78024	1.2139e-05	4.3413e-05
462	0.39074	0.6092	2.1886e-05	3.3929e-05
463	0.43531	0.56464	2.4508e-05	3.1562e-05
464	0.56499	0.43495	3.1938e-05	2.4382e-05
465	0.97948	0.020462	5.5402e-05	1.1602e-06
466	0.98098	0.018968	5.5735e-05	1.0797e-06
467	0.98938	0.010567	5.6453e-05	6.0637e-07
468	0.996	0.0039414	5.7089e-05	2.268e-07
469	0.9955	0.0044396	5.7304e-05	2.5687e-07
470	0.99735	0.0025948	5.7669e-05	1.5026e-07
471	0.99958	0.00036263	5.8045e-05	2.127e-08
472	0.99958	0.00036665	5.8303e-05	2.1542e-08
473	0.99896	0.00097759	5.8537e-05	5.7111e-08
474	0.99981	0.00013463	5.8847e-05	7.8898e-09
475	0.99978	0.00016368	5.9096e-05	9.7666e-09
476	0.99952	0.00041947	5.9342e-05	2.5088e-08
477	0.99954	0.0004047	5.9617e-05	2.411e-08
478	0.99989	5.0099e-05	5.9903e-05	2.998e-09
479	0.99935	0.00059269	6.0124e-05	3.5982e-08
480	0.99991	3.1009e-05	6.0425e-05	1.9114e-09
481	0.9965	0.0034373	6.0471e-05	2.1309e-07
482	0.99575	0.0041928	6.0692e-05	2.6102e-07
483	0.99708	0.0028566	6.1054e-05	1.7919e-07
484	0.95876	0.041183	5.8919e-05	2.5831e-06
485	0.78737	0.21257	4.849e-05	1.3294e-05
486	0.71811	0.28183	4.4416e-05	1.7661e-05
487	0.40049	0.59945	2.4956e-05	3.7424e-05
488	0.30121	0.69872	1.885e-05	4.3826e-05
489	0.25888	0.74106	1.6298e-05	4.6681e-05
490	0.09737	0.90257	6.1708e-06	5.7105e-05
491	0.046786	0.95315	2.965e-06	6.0602e-05
492	0.026274	0.97366	1.6734e-06	6.2191e-05
493	0.02033	0.97961	1.2976e-06	6.286e-05
494	0.018649	0.98129	1.1961e-06	6.3259e-05
495	0.020259	0.97968	1.309e-06	6.3451e-05
496	0.014852	0.98508	9.6531e-07	6.4095e-05
497	0.014372	0.98556	9.3761e-07	6.4417e-05
498	0.0181	0.98183	1.1826e-06	6.446e-05
499	0.014707	0.98523	9.642e-07	6.4973e-05
500	0.015462	0.98447	1.0159e-06	6.5211e-05
501	0.019444	0.98049	1.2839e-06	6.5238e-05
502	0.032203	0.96773	2.1317e-06	6.468e-05
503	0.069037	0.9309	4.5674e-06	6.2529e-05
504	0.15951	0.84043	1.0629e-05	5.676e-05
505	0.18187	0.81806	1.2161e-05	5.5513e-05
506	0.23554	0.7644	1.5835e-05	5.2133e-05
507	0.38967	0.61026	2.6278e-05	4.1977e-05
508	0.50674	0.49319	3.438e-05	3.4172e-05
509	0.79484	0.20509	5.4456e-05	1.4402e-05
510	0.99752	0.0024123	6.8904e-05	2.7219e-07
511	0.99681	0.0031251	6.8339e-05	3.0164e-07
512	0.99838	0.00155	6.795e-05	1.4498e-07
513	0.99823	0.0017027	6.742e-05	1.4414e-07
514	0.99597	0.0039655	6.6755e-05	2.9284e-07
515	0.99608	0.0038486	6.6271e-05	2.7612e-07
516	0.99956	0.0003748	6.6008e-05	2.6583e-08
517	0.99681	0.0031216	6.5302e-05	2.0779e-07
518	0.99639	0.0035431	6.4767e-05	2.3303e-07
519	0.99879	0.0011437	6.4402e-05	7.5987e-08
520	0.98525	0.014691	6.3014e-05	9.5759e-07
521	0.98136	0.018581	6.2251e-05	1.2046e-06
522	0.97757	0.022366	6.1483e-05	1.444e-06
523	0.90991	0.090026	5.6651e-05	5.7636e-06
524	0.88705	0.11289	5.4711e-05	7.1806e-06
525	0.8791	0.12084	5.3756e-05	7.6263e-06
526	0.86681	0.13313	5.2558e-05	8.3278e-06
527	0.8651	0.13484	5.2036e-05	8.3656e-06
528	0.87348	0.12646	5.2148e-05	7.7837e-06
529	0.86939	0.13055	5.1485e-05	7.966e-06
530	0.86506	0.13488	5.0796e-05	8.1629e-06
531	0.87043	0.12951	5.0704e-05	7.7776e-06
532	0.86052	0.13943	4.9695e-05	8.2992e-06
533	0.86054	0.1394	4.9291e-05	8.2282e-06
534	0.87378	0.12616	4.9635e-05	7.4004e-06
535	0.85211	0.14783	4.7989e-05	8.5748e-06
536	0.84773	0.15221	4.733e-05	8.7543e-06
537	0.85279	0.14715	4.722e-05	8.3953e-06
538	0.8575	0.14244	4.7072e-05	8.065e-06
539	0.87501	0.12494	4.7644e-05	7.0265e-06
540	0.91826	0.081687	4.9645e-05	4.5704e-06
541	0.94902	0.050925	5.0945e-05	2.8275e-06
542	0.93411	0.06584	4.9749e-05	3.592e-06
543	0.93006	0.069889	4.9156e-05	3.7672e-06
544	0.68351	0.31643	3.595e-05	1.6544e-05
545	0.60679	0.39316	3.1669e-05	2.0387e-05
546	0.58158	0.41837	3.0092e-05	2.1519e-05
547	0.27635	0.7236	1.405e-05	3.7107e-05
548	0.15206	0.84788	7.6155e-06	4.3096e-05
549	0.10164	0.89831	5.034e-06	4.5239e-05
550	0.034672	0.96528	1.7083e-06	4.8134e-05
551	0.013698	0.98625	6.6666e-07	4.8739e-05
552	0.0072325	0.99272	3.444e-07	4.862e-05
553	0.0047582	0.99519	2.2221e-07	4.8307e-05
554	0.0041429	0.99581	1.9096e-07	4.7909e-05
555	0.005448	0.9945	2.4841e-07	4.7418e-05
556	0.0055528	0.9944	2.4987e-07	4.6988e-05
557	0.0074273	0.99253	3.3241e-07	4.6483e-05
558	0.012686	0.98727	5.6781e-07	4.5832e-05
559	0.016042	0.98391	7.149e-07	4.5275e-05
560	0.025303	0.97465	1.1284e-06	4.4458e-05
561	0.048449	0.95151	2.1676e-06	4.3021e-05
562	0.10195	0.898	4.5728e-06	4.0223e-05
563	0.27276	0.7272	1.2145e-05	3.2253e-05
564	0.75925	0.24071	3.3386e-05	1.0609e-05
565	0.75222	0.24773	3.2759e-05	1.0823e-05
566	0.75645	0.24351	3.2638e-05	1.0541e-05
567	0.78341	0.21655	3.3469e-05	9.2985e-06
568	0.76355	0.23641	3.2311e-05	1.0055e-05
569	0.76129	0.23867	3.1898e-05	1.0057e-05
570	0.77141	0.22855	3.2016e-05	9.5389e-06
571	0.38445	0.61551	1.5921e-05	2.5243e-05
572	0.2633	0.73666	1.0836e-05	2.993e-05
573	0.22615	0.77381	9.2199e-06	3.1142e-05
574	0.093782	0.90618	3.7678e-06	3.6183e-05
575	0.036363	0.9636	1.4481e-06	3.8098e-05
576	0.016251	0.98371	6.3698e-07	3.8499e-05
577	0.0081016	0.99186	3.1417e-07	3.8417e-05
578	0.0054602	0.9945	2.085e-07	3.8113e-05
579	0.0046928	0.99527	1.7715e-07	3.774e-05
580	0.0033627	0.9966	1.2464e-07	3.7382e-05
581	0.0032923	0.99667	1.2046e-07	3.6982e-05
582	0.0044207	0.99554	1.606e-07	3.6543e-05
583	0.0049913	0.99497	1.7899e-07	3.612e-05
584	0.0045675	0.9954	1.6207e-07	3.5738e-05
585	0.0054333	0.99453	1.9164e-07	3.5314e-05
586	0.0025158	0.99745	8.7491e-08	3.5019e-05
587	0.0017916	0.99817	6.0985e-08	3.464e-05
588	0.0017485	0.99822	5.856e-08	3.4243e-05
589	0.0023549	0.99761	7.811e-08	3.3828e-05
590	0.0040592	0.99591	1.3398e-07	3.338e-05
591	0.0098882	0.99008	3.2243e-07	3.2796e-05
592	0.0049589	0.99501	1.5872e-07	3.2568e-05
593	0.0028875	0.99708	9.1032e-08	3.2249e-05
594	0.0021415	0.99783	6.6908e-08	3.189e-05
595	0.002169	0.9978	6.7632e-08	3.151e-05
596	0.0033801	0.99659	1.0478e-07	3.109e-05
597	0.0077508	0.99222	2.3725e-07	3.0569e-05
598	0.010227	0.98974	3.0996e-07	3.0112e-05
599	0.016606	0.98336	5.0017e-07	2.9541e-05
600	0.032614	0.96736	9.7911e-07	2.8687e-05
601	0.07846	0.92151	2.3292e-06	2.6956e-05
602	0.20912	0.79085	6.1072e-06	2.2793e-05
603	0.62565	0.37432	1.7916e-05	1.0593e-05
604	0.63232	0.36765	1.785e-05	1.026e-05
605	0.66677	0.3332	1.8532e-05	9.1707e-06
606	0.74897	0.251	2.0499e-05	6.8045e-06
607	0.77122	0.22875	2.0782e-05	6.113e-06
608	0.79332	0.20665	2.1032e-05	5.4469e-06
609	0.85107	0.1489	2.2199e-05	3.873e-06
610	0.86461	0.13536	2.2185e-05	3.4718e-06
611	0.89946	0.10051	2.2705e-05	2.5442e-06
612	0.98669	0.01329	2.4518e-05	3.3343e-07
613	0.99311	0.0068665	2.4296e-05	1.6891e-07
614	0.99981	0.00016917	2.4065e-05	4.1251e-09
615	0.99991	6.3111e-05	2.3681e-05	1.4989e-09
616	0.99963	0.00034349	2.3279e-05	8.0513e-09
617	0.99869	0.0012888	2.2853e-05	2.9954e-08
618	0.99911	0.00086329	2.2467e-05	1.9867e-08
619	0.9653	0.034676	2.1328e-05	7.7258e-07
620	0.95225	0.047733	2.0681e-05	1.0425e-06
621	0.95051	0.049472	2.0276e-05	1.0618e-06
622	0.34775	0.65222	7.3179e-06	1.3642e-05
623	0.13614	0.86384	2.8143e-06	1.7763e-05
624	0.061887	0.93809	1.247e-06	1.8942e-05
625	0.029717	0.97026	5.8513e-07	1.9219e-05
626	0.016708	0.98327	3.2319e-07	1.91e-05
627	0.012518	0.98746	2.3703e-07	1.8801e-05
628	0.01212	0.98786	2.2422e-07	1.8424e-05
629	0.014151	0.98583	2.5644e-07	1.8005e-05
630	0.020113	0.97987	3.582e-07	1.7519e-05
631	0.040155	0.95983	6.9964e-07	1.6789e-05
632	0.089472	0.91051	1.5327e-06	1.5571e-05
633	0.23007	0.76991	3.8462e-06	1.2868e-05
634	0.63056	0.36942	1.0244e-05	6.0752e-06
635	0.72064	0.27934	1.1436e-05	4.4944e-06
636	0.94291	0.057074	1.4652e-05	8.9569e-07
637	0.94532	0.054661	1.4337e-05	8.3543e-07
638	0.95868	0.041301	1.4176e-05	6.141e-07
639	0.99901	0.0009713	1.4386e-05	1.3978e-08
640	0.99979	0.00019387	1.3999e-05	2.7317e-09
641	0.99832	0.0016665	1.3572e-05	2.3041e-08
642	0.99682	0.0031708	1.3153e-05	4.243e-08
643	0.9978	0.0021866	1.276e-05	2.8741e-08
644	0.99692	0.0030722	1.2349e-05	3.9224e-08
645	0.99798	0.0020032	1.197e-05	2.5097e-08
646	0.95597	0.044018	1.1085e-05	5.2443e-07
647	0.93844	0.06155	1.0522e-05	7.0806e-07
648	0.9352	0.064791	1.0122e-05	7.2113e-07
649	0.86165	0.13834	8.9808e-06	1.4808e-06
650	0.83063	0.16936	8.3411e-06	1.745e-06
651	0.82386	0.17613	7.9553e-06	1.7479e-06
652	0.78133	0.21866	7.2429e-06	2.0827e-06
653	0.76871	0.23128	6.827e-06	2.1144e-06
654	0.76822	0.23177	6.5315e-06	2.0308e-06
655	0.74259	0.2574	6.035e-06	2.1538e-06
656	0.73758	0.26241	5.7137e-06	2.0952e-06
657	0.74397	0.25602	5.4865e-06	1.9473e-06
658	0.74678	0.25322	5.2344e-06	1.8296e-06
659	0.76799	0.232	5.0984e-06	1.5894e-06
660	0.82044	0.17955	5.1528e-06	1.1634e-06
661	0.8336	0.16639	4.9222e-06	1.0153e-06
662	0.87045	0.12955	4.8219e-06	7.4251e-07
663	0.95713	0.04287	4.9661e-06	2.2995e-07
664	0.95462	0.045379	4.6079e-06	2.2538e-07
665	0.95932	0.040672	4.2774e-06	1.8636e-07
666	0.97689	0.023103	3.9899e-06	9.7473e-08
667	0.97989	0.020102	3.6389e-06	7.7086e-08
668	0.98228	0.017721	3.2883e-06	6.1053e-08
669	0.99248	0.0075206	2.9529e-06	2.3092e-08
670	0.99993	6.5986e-05	2.6072e-06	1.1995e-10
671	0.99936	0.00063553	2.6141e-06	1.6393e-09
672	0.99992	7.7134e-05	2.6236e-06	2.0004e-10
673	0.99715	0.0028443	2.6237e-06	7.4002e-09
674	0.99703	0.0029647	2.6261e-06	7.7225e-09
675	0.99973	0.00026494	2.6309e-06	6.9559e-10
676	0.99906	0.00093657	2.6266e-06	2.459e-09
677	0.99879	0.0012031	2.6184e-06	3.1695e-09
678	0.99999	4.9529e-06	2.6137e-06	1.2963e-11
679	0.99991	8.7924e-05	2.6009e-06	2.3165e-10
680	0.99885	0.0011433	2.5849e-06	2.9771e-09
681	0.99915	0.00085211	2.5718e-06	2.1957e-09
682	0.99873	0.0012673	2.552e-06	3.2463e-09
683	0.99833	0.0016661	2.5315e-06	4.2135e-09
684	0.99998	1.3482e-05	2.5114e-06	3.4593e-11
685	0.99747	0.0025323	2.4803e-06	6.4031e-09
686	0.99719	0.0028051	2.4544e-06	7.0183e-09
687	0.99893	0.0010666	2.4331e-06	2.6417e-09
688	0.99912	0.00087431	2.4074e-06	2.116e-09
689	0.99844	0.0015527	2.375e-06	3.6869e-09
690	0.99966	0.00034245	2.3422e-06	8.0734e-10
691	0.99996	3.3031e-05	2.3065e-06	7.745e-11
692	0.99956	0.00043633	2.2685e-06	9.9859e-10
693	0.99798	0.0020135	2.2273e-06	4.4956e-09
694	0.99154	0.0084613	2.1751e-06	1.84e-08
695	0.9906	0.0093941	2.1305e-06	2.0035e-08
696	0.99259	0.0074112	2.0913e-06	1.539e-08
697	0.98576	0.014239	2.0293e-06	2.8894e-08
698	0.98473	0.015265	1.975e-06	3.0183e-08
699	0.98398	0.01602	1.9165e-06	3.0819e-08
700	0.98258	0.017421	1.8564e-06	3.2477e-08
701	0.98594	0.014062	1.8006e-06	2.5305e-08
702	0.99956	0.00043648	1.7574e-06	7.5945e-10
703	0.9988	0.0011973	1.6878e-06	2.0061e-09
704	0.9996	0.00040257	1.6162e-06	6.4495e-10
705	0.99986	0.00013872	1.5389e-06	2.1642e-10
706	0.99744	0.0025548	1.4567e-06	3.789e-09
707	0.99714	0.0028619	1.3771e-06	4.0137e-09
708	0.99871	0.0012872	1.2991e-06	1.7012e-09
709	0.9972	0.002798	1.2124e-06	3.4543e-09
710	0.99754	0.0024545	1.1271e-06	2.8179e-09
711	1	2.5681e-06	1.043e-06	1.8467e-12
712	0.98717	0.012827	1.1152e-06	1.4647e-08
713	0.9729	0.0271	1.1788e-06	3.3337e-08
714	0.96819	0.031813	1.252e-06	4.1724e-08
715	0.89824	0.10176	1.2292e-06	1.416e-07
716	0.87055	0.12945	1.2572e-06	1.8975e-07
717	0.8632	0.13679	1.3082e-06	2.1057e-07
718	0.85576	0.14424	1.3536e-06	2.3222e-07
719	0.85781	0.14219	1.4133e-06	2.3866e-07
720	0.87192	0.12807	1.4936e-06	2.2357e-07
721	0.78827	0.21173	1.4012e-06	3.8045e-07
722	0.76014	0.23986	1.3964e-06	4.4527e-07
723	0.75535	0.24465	1.4291e-06	4.6817e-07
724	0.72452	0.27548	1.4058e-06	5.424e-07
725	0.71486	0.28514	1.4222e-06	5.7603e-07
726	0.71807	0.28192	1.4639e-06	5.8343e-07
727	0.74364	0.25635	1.5489e-06	5.4294e-07
728	0.8058	0.1942	1.7146e-06	4.2075e-07
729	0.95053	0.049463	2.0681e-06	1.097e-07
730	0.94947	0.050525	2.1065e-06	1.1386e-07
731	0.95644	0.043558	2.1586e-06	9.9691e-08
732	0.97522	0.024779	2.2384e-06	5.7079e-08
733	0.97937	0.020631	2.2801e-06	4.7959e-08
734	0.97786	0.022136	2.304e-06	5.1945e-08
735	0.98086	0.019138	2.3382e-06	4.5139e-08
736	0.97784	0.022161	2.3536e-06	5.2588e-08
737	0.8287	0.1713	2.0148e-06	4.0941e-07
738	0.76852	0.23147	1.886e-06	5.5545e-07
739	0.55155	0.44845	1.3731e-06	1.0812e-06
740	0.48419	0.51581	1.2141e-06	1.2487e-06
741	0.46533	0.53466	1.17e-06	1.2968e-06
742	0.43705	0.56295	1.0987e-06	1.3665e-06
743	0.43154	0.56846	1.0818e-06	1.3776e-06
744	0.4443	0.5557	1.1074e-06	1.342e-06
745	0.43757	0.56243	1.0829e-06	1.3521e-06
746	0.44439	0.55561	1.0916e-06	1.3279e-06
747	0.47065	0.52935	1.1469e-06	1.2559e-06
748	0.47261	0.52739	1.1409e-06	1.2408e-06
749	0.4974	0.50259	1.1857e-06	1.1707e-06
750	0.56238	0.43762	1.3226e-06	1.0072e-06
751	0.77184	0.22815	1.7799e-06	5.1902e-07
752	0.81825	0.18174	1.8602e-06	4.0705e-07
753	0.96867	0.03133	2.1622e-06	6.8743e-08
754	0.96945	0.030552	2.128e-06	6.5809e-08
755	0.97769	0.022308	2.1051e-06	4.6946e-08
756	0.99838	0.0016212	2.1071e-06	2.328e-09
757	0.99831	0.0016914	2.3554e-06	3.2335e-09
758	0.99987	0.00012613	2.6098e-06	2.7681e-10
759	0.99999	9.2465e-06	2.8514e-06	2.5259e-11
760	0.99993	6.2959e-05	3.0954e-06	1.9612e-10
761	0.99991	8.9168e-05	3.3419e-06	2.9748e-10
762	0.99934	0.00066096	3.5802e-06	2.3806e-09
763	0.99764	0.0023571	3.8075e-06	9.1138e-09
764	0.99776	0.0022373	4.0438e-06	9.1937e-09
765	0.99993	6.7372e-05	4.2923e-06	2.9551e-10
766	0.99919	0.00080318	4.5317e-06	3.6522e-09
767	0.99874	0.0012561	4.7661e-06	6.042e-09
768	0.99964	0.00035547	5.0098e-06	1.805e-09
769	0.99982	0.0001794	5.253e-06	9.4959e-10
770	0.99902	0.00097108	5.4849e-06	5.38e-09
771	0.99832	0.0016727	5.7204e-06	9.6231e-09
772	0.99799	0.0020009	5.9512e-06	1.2022e-08
773	0.9993	0.00069397	6.1951e-06	4.3423e-09
774	0.99959	0.00039953	6.4268e-06	2.6374e-09
775	0.99792	0.002071	6.6485e-06	1.411e-08
776	0.99594	0.0040549	6.8705e-06	2.8496e-08
777	0.99627	0.0037277	7.112e-06	2.708e-08
778	0.99458	0.0054139	7.3319e-06	4.0629e-08
779	0.99523	0.0047586	7.5723e-06	3.6887e-08
780	0.99872	0.0012771	7.8391e-06	1.0255e-08
781	0.99581	0.0041774	8.0596e-06	3.3986e-08
782	0.9932	0.0067877	8.2742e-06	5.6882e-08
783	0.99333	0.0066608	8.5147e-06	5.7325e-08
784	0.99351	0.0064856	8.7493e-06	5.739e-08
785	0.99651	0.0034837	9.0135e-06	3.1521e-08
786	0.99988	0.00011261	9.2754e-06	1.0433e-09
787	0.999	0.0009916	9.6761e-06	9.6002e-09
788	0.99853	0.0014644	1.0072e-05	1.4852e-08
789	0.99956	0.00042575	1.0491e-05	4.488e-09
790	0.99665	0.0033371	1.0859e-05	3.6603e-08
791	0.99654	0.0034495	1.125e-05	3.9409e-08
792	0.99852	0.0014641	1.1672e-05	1.7545e-08
793	0.9972	0.002789	1.2047e-05	3.4748e-08
794	0.99769	0.0022988	1.2451e-05	2.9896e-08
795	0.99619	0.0037959	1.2836e-05	5.0819e-08
796	0.97119	0.028799	1.2907e-05	3.9273e-07
797	0.96109	0.038895	1.3175e-05	5.4571e-07
798	0.95883	0.041159	1.3554e-05	5.945e-07
799	0.96436	0.035628	1.4038e-05	5.3119e-07
800	0.96789	0.032091	1.4503e-05	4.9273e-07
801	0.98001	0.019976	1.5116e-05	3.1567e-07
802	0.98941	0.010577	1.5706e-05	1.7073e-07
803	0.98744	0.012547	1.6107e-05	2.0693e-07
804	0.98993	0.010051	1.6571e-05	1.7006e-07
805	0.98081	0.019172	1.6847e-05	3.2995e-07
806	0.97899	0.020995	1.7235e-05	3.7018e-07
807	0.98123	0.01875	1.7703e-05	3.3794e-07
808	0.98236	0.017621	1.8161e-05	3.2386e-07
809	0.97811	0.021871	1.851e-05	4.102e-07
810	0.97975	0.020233	1.896e-05	3.8749e-07
811	0.98973	0.010248	1.9565e-05	1.9996e-07
812	0.99939	0.00059045	2.0162e-05	1.2006e-08
813	0.9992	0.00078383	2.0579e-05	1.6344e-08
814	0.99429	0.0056855	2.0887e-05	1.2171e-07
815	0.99349	0.0064906	2.1271e-05	1.424e-07
816	0.99536	0.0046158	2.1724e-05	1.0434e-07
817	0.99025	0.0097278	2.2029e-05	2.2288e-07
818	0.98908	0.010894	2.243e-05	2.5415e-07
819	0.991	0.0089779	2.2911e-05	2.1375e-07
820	0.9888	0.011173	2.3307e-05	2.6937e-07
821	0.99045	0.0095282	2.3784e-05	2.3435e-07
822	0.99682	0.0031557	2.4392e-05	7.9558e-08
823	0.99637	0.0036014	2.4822e-05	9.2467e-08
824	0.99565	0.0043217	2.5255e-05	1.1266e-07
825	0.9972	0.002776	2.5757e-05	7.3866e-08
826	0.99311	0.0068659	2.6122e-05	1.8297e-07
827	0.99284	0.0071312	2.6576e-05	1.9355e-07
828	0.99553	0.0044422	2.7123e-05	1.2272e-07
829	0.9955	0.0044752	2.7587e-05	1.259e-07
830	0.99559	0.0043781	2.8046e-05	1.2584e-07
831	0.99828	0.0016906	2.8591e-05	5.053e-08
832	0.97989	0.020079	2.8496e-05	6.0863e-07
833	0.97317	0.026803	2.8754e-05	8.2436e-07
834	0.97231	0.027655	2.9199e-05	8.6465e-07
835	0.9705	0.02947	2.9626e-05	9.3487e-07
836	0.95966	0.040307	2.9753e-05	1.295e-06
837	0.95705	0.042923	3.0147e-05	1.3995e-06
838	0.90245	0.097521	2.8824e-05	3.2124e-06
839	0.87967	0.1203	2.8521e-05	4.015e-06
840	0.87434	0.12563	2.8769e-05	4.2579e-06
841	0.84403	0.15594	2.8142e-05	5.3674e-06
842	0.80086	0.1991	2.7056e-05	6.9458e-06
843	0.74028	0.25969	2.5338e-05	9.1656e-06
844	0.71543	0.28454	2.4842e-05	1.0174e-05
845	0.70887	0.29109	2.4987e-05	1.0552e-05
846	0.71496	0.285	2.5597e-05	1.0476e-05
847	0.747	0.25296	2.7165e-05	9.4328e-06
848	0.85309	0.14688	3.1519e-05	5.5939e-06
849	0.92817	0.071797	3.484e-05	2.7994e-06
850	0.93113	0.068831	3.5458e-05	2.7207e-06
851	0.9465	0.053461	3.6555e-05	2.1525e-06
852	0.98626	0.013697	3.867e-05	5.8073e-07
853	0.9838	0.01616	3.9115e-05	6.9158e-07
854	0.98524	0.014715	3.9736e-05	6.4107e-07
855	0.99184	0.0081164	4.0593e-05	3.6873e-07
856	0.98319	0.016773	4.0806e-05	7.5437e-07
857	0.94371	0.056252	3.9661e-05	2.512e-06
858	0.765	0.23496	3.229e-05	1.0509e-05
859	0.51952	0.48044	2.1774e-05	2.1664e-05
860	0.44312	0.55684	1.8587e-05	2.5482e-05
861	0.41337	0.58659	1.7481e-05	2.723e-05
862	0.40882	0.59114	1.7489e-05	2.7855e-05
863	0.4178	0.58216	1.8116e-05	2.7873e-05
864	0.44805	0.5519	1.9724e-05	2.6921e-05
865	0.54921	0.45074	2.455e-05	2.2743e-05
866	0.78345	0.2165	3.5671e-05	1.2281e-05
867	0.79965	0.2003	3.6877e-05	1.1724e-05
868	0.70885	0.2911	3.2047e-05	1.7217e-05
869	0.57999	0.41996	2.4875e-05	2.5065e-05
870	0.5249	0.47505	2.1926e-05	2.8701e-05
871	0.4475	0.55245	1.7586e-05	3.374e-05
872	0.42201	0.57794	1.6216e-05	3.5801e-05
873	0.41954	0.58041	1.6118e-05	3.6583e-05
874	0.4165	0.58344	1.5966e-05	3.741e-05
875	0.4262	0.57375	1.6435e-05	3.7627e-05
876	0.45791	0.54203	1.7849e-05	3.691e-05
877	0.43798	0.56197	1.6987e-05	3.7471e-05
878	0.43695	0.563	1.6989e-05	3.7161e-05
879	0.44922	0.55073	1.7718e-05	3.6131e-05
880	0.43715	0.5628	1.7189e-05	3.6367e-05
881	0.43834	0.56161	1.7304e-05	3.5965e-05
882	0.43709	0.56286	1.7277e-05	3.5698e-05
883	0.43387	0.56608	1.7138e-05	3.5538e-05
884	0.42518	0.57477	1.6744e-05	3.564e-05
885	0.42912	0.57083	1.697e-05	3.5128e-05
886	0.40532	0.59463	1.5923e-05	3.5899e-05
887	0.39874	0.60121	1.5646e-05	3.5907e-05
888	0.4055	0.59445	1.6026e-05	3.5265e-05
889	0.40639	0.59356	1.6109e-05	3.4927e-05
890	0.40219	0.59776	1.5951e-05	3.4836e-05
891	0.39286	0.60709	1.5564e-05	3.4981e-05
892	0.37843	0.62152	1.4964e-05	3.5345e-05
893	0.37762	0.62233	1.4979e-05	3.5102e-05
894	0.38981	0.61014	1.5653e-05	3.4205e-05
895	0.39956	0.60039	1.618e-05	3.345e-05
896	0.34234	0.65761	1.3796e-05	3.5611e-05
897	0.32064	0.67931	1.2899e-05	3.6292e-05
898	0.23927	0.76068	9.5559e-06	3.9413e-05
899	0.20693	0.79302	8.2371e-06	4.0516e-05
900	0.19806	0.80189	7.8775e-06	4.0654e-05
901	0.20204	0.79791	8.0787e-06	4.0226e-05
902	0.20173	0.79822	8.0857e-06	3.9997e-05
903	0.21311	0.78685	8.6426e-06	3.9225e-05
904	0.21953	0.78042	8.965e-06	3.8693e-05
905	0.24667	0.75329	1.0275e-05	3.7167e-05
906	0.33676	0.6632	1.461e-05	3.2612e-05
907	0.40146	0.59849	1.7707e-05	2.9299e-05
908	0.55195	0.448	2.5001e-05	2.1797e-05
909	0.98136	0.018595	4.5672e-05	9.1115e-07
910	0.96333	0.036627	4.4599e-05	1.7588e-06
911	0.95832	0.041632	4.4136e-05	1.9885e-06
912	0.95907	0.040889	4.3955e-05	1.945e-06
913	0.95865	0.041306	4.3732e-05	1.954e-06
914	0.96406	0.035894	4.379e-05	1.6904e-06
915	0.97931	0.020647	4.4318e-05	9.6637e-07
916	0.93926	0.060693	4.2304e-05	2.774e-06
917	0.92384	0.076115	4.1433e-05	3.4494e-06
918	0.92104	0.078912	4.112e-05	3.5579e-06
919	0.92752	0.072437	4.1212e-05	3.2536e-06
920	0.93168	0.068278	4.1211e-05	3.0517e-06
921	0.95188	0.048081	4.1905e-05	2.1457e-06
922	0.95437	0.045583	4.1823e-05	2.0244e-06
923	0.96456	0.035395	4.2091e-05	1.5615e-06
924	0.99981	0.00014804	4.3442e-05	6.538e-09
925	0.99519	0.0047683	4.3024e-05	2.094e-07
926	0.99031	0.0096476	4.2586e-05	4.2334e-07
927	0.99024	0.0097157	4.2349e-05	4.2679e-07
928	0.93257	0.067384	3.9608e-05	2.9447e-06
929	0.85229	0.14767	3.5945e-05	6.3931e-06
930	0.82827	0.17169	3.4714e-05	7.4008e-06
931	0.74496	0.255	3.091e-05	1.0973e-05
932	0.70989	0.29007	2.9241e-05	1.2417e-05
933	0.69714	0.30282	2.8546e-05	1.2895e-05
934	0.68168	0.31828	2.7731e-05	1.3485e-05
935	0.68002	0.31994	2.7508e-05	1.3491e-05
936	0.69203	0.30793	2.7859e-05	1.2931e-05
937	0.68225	0.31771	2.7325e-05	1.3263e-05
