#coord	neutral	conserved	gBGC.neutral	gBGC.conserved
1	0.71164	0.024224	0.25527	0.008871
2	0.72767	0.0083304	0.26093	0.0030641
3	0.7312	0.0049108	0.26211	0.0017861
4	0.73447	0.0017581	0.26314	0.00062951
5	0.73535	0.0010122	0.26328	0.0003589
6	0.73651	2.3167e-06	0.26349	8.3658e-07
7	0.73663	4.2058e-06	0.26336	1.4887e-06
8	0.73672	4.8465e-05	0.26321	1.7728e-05
9	0.73683	4.905e-05	0.2631	1.7962e-05
10	0.73693	2.638e-05	0.26304	9.7404e-06
11	0.73685	0.00014332	0.26295	5.2337e-05
12	0.73699	2.0899e-05	0.26298	7.6871e-06
13	0.73698	1.6566e-05	0.263	6.1022e-06
14	0.73687	7.922e-05	0.26302	2.9289e-05
15	0.73668	0.00018912	0.26306	6.9824e-05
16	0.73669	7.7245e-05	0.26321	2.926e-05
17	0.7366	2.6577e-05	0.26336	1.2301e-05
18	0.73633	0.00012934	0.26347	7.4737e-05
19	0.73713	7.6982e-06	0.26286	3.4913e-06
20	0.73741	0.00042753	0.26201	0.00015571
21	0.73845	4.6498e-05	0.26149	1.714e-05
22	0.73905	5.8285e-05	0.26087	2.1242e-05
23	0.73961	7.4895e-05	0.26028	2.7258e-05
24	0.74009	0.00013051	0.25973	4.7118e-05
25	0.74033	0.00039518	0.25914	0.00013976
26	0.74065	0.00053686	0.25863	0.00018566
27	0.74128	0.00038176	0.25821	0.0001311
28	0.74158	0.00058518	0.25763	0.00020299
29	0.74198	0.00064569	0.25715	0.00022058
30	0.74263	0.00047715	0.25674	0.00016173
31	0.74358	1.7155e-05	0.25639	5.9494e-06
32	0.74354	0.00052364	0.25576	0.00018039
33	0.74381	0.00071452	0.25523	0.00024568
34	0.74439	0.00058939	0.25482	0.0002025
35	0.74529	0.00014754	0.25451	5.1366e-05
36	0.74585	7.581e-06	0.25414	2.5667e-06
37	0.7463	4.9317e-08	0.2537	1.7725e-08
38	0.74604	0.00064541	0.25309	0.0002246
39	0.74583	0.0012121	0.25254	0.00041694
40	0.74693	0.00047662	0.25243	0.00017073
41	0.74723	0.00050873	0.25208	0.00018639
42	0.74765	0.00038286	0.25182	0.00014713
43	0.7482	9.6502e-05	0.25165	5.3258e-05
44	0.74695	0.0015862	0.25059	0.00087426
45	0.74666	0.00327	0.24866	0.0014134
46	0.74812	0.00313	0.24747	0.0012858
47	0.74989	0.0027109	0.24632	0.0010791
48	0.75367	0.00021441	0.24603	8.5297e-05
49	0.75507	2.9763e-05	0.24489	1.0663e-05
50	0.75635	4.9454e-07	0.24365	1.6095e-07
51	0.7575	0.00012364	0.24233	4.034e-05
52	0.75883	3.0582e-06	0.24116	9.825e-07
53	0.75924	0.00074152	0.23978	0.00022975
54	0.76089	0.00027765	0.23875	8.5017e-05
55	0.76221	0.0001769	0.23756	5.4846e-05
56	0.76323	0.00029867	0.23638	9.087e-05
57	0.76461	0.00010044	0.23526	3.0053e-05
58	0.76555	0.00037523	0.23396	0.00011347
59	0.76685	0.00032792	0.23273	0.00010041
60	0.76825	0.00010988	0.23161	3.3534e-05
61	0.76789	0.0016879	0.22991	0.00051723
62	0.76292	0.0078055	0.22693	0.0023412
63	0.75795	0.013953	0.22391	0.0041818
64	0.75753	0.015502	0.22236	0.0046074
65	0.76034	0.013752	0.22187	0.0040392
66	0.76915	0.0060218	0.22309	0.0017363
67	0.77224	0.0040485	0.22255	0.0011564
68	0.77559	0.0018431	0.22203	0.00052895
69	0.77846	6.4573e-05	0.22145	1.8264e-05
70	0.77903	0.00062218	0.22017	0.00017739
71	0.78044	0.00027414	0.21921	7.5905e-05
72	0.78162	0.00019192	0.21814	5.1846e-05
73	0.77928	0.0036592	0.21607	0.00099755
74	0.78007	0.0040155	0.21482	0.0010914
75	0.7835	0.0017748	0.21423	0.00049038
76	0.78323	0.0031795	0.21271	0.00087809
77	0.78498	0.0025839	0.21171	0.00072154
78	0.78651	0.0021497	0.21073	0.00060474
79	0.78237	0.0073443	0.20826	0.0020255
80	0.78243	0.0083545	0.20691	0.0023033
81	0.78484	0.0069643	0.20627	0.0019239
82	0.78015	0.012701	0.20365	0.0035009
83	0.77977	0.01407	0.2023	0.0038559
84	0.78256	0.012222	0.20188	0.0033394
85	0.67581	0.11987	0.17322	0.031108
86	0.6393	0.15728	0.16275	0.040677
87	0.62612	0.17132	0.15854	0.044022
88	0.61083	0.18749	0.15375	0.047932
89	0.60963	0.18959	0.15252	0.048259
90	0.62196	0.17817	0.15459	0.045276
91	0.6552	0.14581	0.16187	0.037119
92	0.62855	0.1733	0.15433	0.043829
93	0.59317	0.20946	0.1449	0.052465
94	0.46987	0.33357	0.11364	0.08292
95	0.29753	0.50668	0.071393	0.12439
96	0.24403	0.56097	0.057942	0.13706
97	0.17316	0.6326	0.040752	0.15349
98	0.14484	0.66164	0.033979	0.15954
99	0.13793	0.66928	0.032197	0.16059
100	0.12714	0.68078	0.029589	0.16249
101	0.128	0.68064	0.029671	0.16169
102	0.14167	0.66769	0.032694	0.15795
103	0.071659	0.7384	0.016446	0.1735
104	0.047275	0.76349	0.010709	0.17853
105	0.039302	0.77217	0.0087812	0.17975
106	0.027049	0.78511	0.0059326	0.18191
107	0.024036	0.78882	0.0051898	0.18195
108	0.024349	0.78918	0.0052168	0.18125
109	0.028579	0.7856	0.0061235	0.1797
110	0.013863	0.80094	0.0028921	0.1823
111	0.0079475	0.80746	0.001622	0.18297
112	0.0065002	0.80952	0.0012988	0.18269
113	0.0066189	0.80998	0.0013152	0.18208
114	0.0085762	0.80859	0.0017243	0.18111
115	0.0098082	0.80793	0.0019643	0.18029
116	0.013735	0.80456	0.0027732	0.17893
117	0.023917	0.79491	0.0049167	0.17626
118	0.049134	0.7702	0.01032	0.17035
119	0.12116	0.69868	0.025495	0.15466
120	0.32649	0.49387	0.068021	0.11161
121	0.32275	0.49811	0.066897	0.11224
122	0.33216	0.48921	0.068544	0.11009
123	0.36579	0.45609	0.075083	0.10303
124	0.39063	0.43174	0.079912	0.097714
125	0.39098	0.43186	0.079657	0.097508
126	0.40377	0.4195	0.082124	0.094607
127	0.37459	0.44912	0.07548	0.10081
128	0.36522	0.45891	0.073244	0.10262
129	0.36746	0.45707	0.07354	0.10193
130	0.29907	0.52582	0.059355	0.11575
131	0.21871	0.60657	0.042555	0.13217
132	0.19445	0.63121	0.037331	0.13701
133	0.16909	0.65696	0.031805	0.14214
134	0.15968	0.66675	0.029721	0.14385
135	0.15983	0.66695	0.029629	0.14359
136	0.14033	0.68679	0.02565	0.14723
137	0.13701	0.69045	0.024872	0.14767
138	0.14127	0.68651	0.025619	0.1466
139	0.13029	0.6978	0.02341	0.14851
140	0.13019	0.6982	0.023304	0.14831
141	0.13809	0.69059	0.024782	0.14654
142	0.14214	0.68682	0.02554	0.1455
143	0.15677	0.67244	0.028427	0.14236
144	0.1928	0.63665	0.035693	0.13485
145	0.21715	0.61252	0.040675	0.12965
146	0.2751	0.55478	0.052769	0.11735
147	0.41817	0.41189	0.083232	0.086707
148	0.82616	0.0040898	0.16886	0.00088803
149	0.82647	0.0039474	0.16873	0.00085195
150	0.82901	0.0015474	0.16911	0.00033053
151	0.82828	0.0024247	0.16879	0.00050837
152	0.82381	0.0070148	0.16775	0.0014281
153	0.81947	0.011493	0.1667	0.0023389
154	0.81969	0.011419	0.16656	0.0023313
155	0.81446	0.016775	0.16535	0.0034158
156	0.81465	0.016725	0.16521	0.0034122
157	0.81848	0.013005	0.16586	0.0026494
158	0.82202	0.0095886	0.16643	0.0019625
159	0.83139	0.00032251	0.16822	6.4895e-05
160	0.82978	0.0020485	0.16776	0.00041345
161	0.83007	0.0018826	0.16766	0.00038288
162	0.83197	8.5217e-05	0.16793	1.7221e-05
163	0.83204	0.00013289	0.1678	2.7523e-05
164	0.83209	0.00021595	0.16765	4.7594e-05
165	0.83234	7.0279e-05	0.16757	2.1258e-05
166	0.82811	0.0051427	0.16576	0.00098942
167	0.81223	0.021886	0.16167	0.0042085
168	0.80873	0.026275	0.15996	0.005034
169	0.81109	0.024834	0.15935	0.0047334
170	0.81857	0.018218	0.15979	0.0034222
171	0.82541	0.012268	0.16005	0.002272
172	0.82657	0.01203	0.15919	0.0022183
173	0.82362	0.015913	0.15751	0.0029534
174	0.82036	0.020137	0.15575	0.0037571
175	0.7989	0.042509	0.15064	0.0079535
176	0.79393	0.048413	0.14862	0.0090306
177	0.79672	0.046596	0.14802	0.0086689
178	0.79782	0.046405	0.14718	0.0085928
179	0.80779	0.037381	0.14789	0.0069408
180	0.83139	0.014679	0.15111	0.002818
181	0.83701	0.0099133	0.15114	0.001937
182	0.84129	0.0064354	0.15098	0.0012885
183	0.84476	0.0037325	0.15073	0.00078053
184	0.84587	0.003405	0.14999	0.00073347
185	0.84731	0.0027792	0.14927	0.00064064
186	0.84855	0.0023026	0.14856	0.00057953
187	0.84827	0.0033696	0.14748	0.00087772
188	0.84969	0.0026997	0.14681	0.00080208
189	0.85279	0.0021845	0.14442	0.00060662
190	0.83795	0.019499	0.13892	0.0036292
191	0.83385	0.025955	0.13555	0.0046485
192	0.83588	0.026332	0.13316	0.0046274
193	0.82922	0.035278	0.12951	0.0059926
194	0.82123	0.045606	0.12561	0.0075503
195	0.77774	0.091326	0.11641	0.014522
196	0.71976	0.15144	0.10554	0.023258
197	0.65139	0.22198	0.0933	0.033331
198	0.62958	0.246	0.088165	0.036259
199	0.35843	0.51926	0.047823	0.074488
200	0.24808	0.63164	0.031768	0.088506
201	0.20371	0.67798	0.025303	0.093002
202	0.187	0.6966	0.022707	0.093693
203	0.185	0.70052	0.022	0.092476
204	0.19208	0.69531	0.022462	0.090147
205	0.21327	0.67594	0.02467	0.086127
206	0.21214	0.6789	0.024065	0.0849
207	0.22169	0.67112	0.024768	0.082424
208	0.22653	0.668	0.024928	0.080546
209	0.24563	0.65055	0.026792	0.07702
210	0.31039	0.58748	0.033779	0.06835
211	0.4604	0.4391	0.050493	0.050007
212	0.8883	0.012855	0.097383	0.001465
213	0.89131	0.011531	0.095856	0.0012993
214	0.46175	0.44271	0.047545	0.047991
215	0.28667	0.61935	0.028405	0.065574
216	0.21567	0.69186	0.020754	0.071722
217	0.1876	0.72138	0.017671	0.07335
218	0.18169	0.72876	0.01677	0.072779
219	0.18558	0.7263	0.016849	0.071276
220	0.2024	0.71085	0.018173	0.068572
221	0.26006	0.65459	0.02317	0.062181
222	0.39375	0.52225	0.035111	0.048888
223	0.48992	0.42739	0.043405	0.039287
224	0.49052	0.42811	0.042709	0.038657
225	0.49049	0.42949	0.041921	0.038097
226	0.39051	0.53077	0.032737	0.045984
227	0.28841	0.63419	0.023531	0.053873
228	0.24757	0.67629	0.019796	0.056337
229	0.19569	0.72946	0.015234	0.059613
230	0.17891	0.74754	0.013581	0.059968
231	0.17813	0.74963	0.013205	0.05903
232	0.1562	0.77283	0.011246	0.059716
233	0.14869	0.78158	0.010462	0.059265
234	0.15057	0.7809	0.010399	0.058131
235	0.16594	0.76673	0.011257	0.056066
236	0.20386	0.72999	0.013664	0.052485
237	0.29804	0.63694	0.019933	0.045081
238	0.22882	0.70727	0.015011	0.048904
239	0.20853	0.72867	0.013395	0.049406
240	0.20249	0.73579	0.012775	0.048946
241	0.19596	0.74341	0.012119	0.048509
242	0.19901	0.74143	0.012099	0.047469
243	0.21804	0.72346	0.013038	0.045457
244	0.28271	0.65988	0.016615	0.040795
245	0.43257	0.51107	0.025173	0.031186
246	0.80084	0.14381	0.046532	0.0088137
247	0.8065	0.13912	0.04601	0.0083692
248	0.82933	0.11727	0.046434	0.0069597
249	0.88314	0.064415	0.048647	0.0038016
250	0.89731	0.05121	0.048484	0.003
251	0.88923	0.060274	0.047036	0.0034623
252	0.88908	0.061359	0.046097	0.0034616
253	0.8975	0.053898	0.045583	0.0030161
254	0.88088	0.071435	0.043786	0.0038951
255	0.87636	0.07683	0.042704	0.0041011
256	0.87199	0.082104	0.04161	0.0042987
257	0.87483	0.08012	0.040925	0.0041248
258	0.88644	0.069332	0.040703	0.0035252
259	0.88552	0.071035	0.039913	0.0035341
260	0.89145	0.065846	0.039487	0.0032137
261	0.90815	0.049859	0.039604	0.0023824
262	0.91123	0.047518	0.03903	0.0022231
263	0.92258	0.036862	0.038871	0.0016844
264	0.96003	0.00012793	0.039834	5.7067e-06
265	0.95983	0.0010665	0.039063	4.4154e-05
266	0.96085	0.00073832	0.038377	2.9561e-05
267	0.96229	2.5334e-05	0.037688	1.0114e-06
268	0.96292	7.6333e-05	0.036999	2.9344e-06
269	0.96309	0.0006162	0.036274	2.3654e-05
270	0.96431	6.7029e-05	0.035625	2.5301e-06
271	0.96447	0.00058815	0.034916	2.2014e-05
272	0.96478	0.00094063	0.034248	3.4357e-05
273	0.96633	9.8612e-06	0.033658	3.5981e-07
274	0.96686	7.9946e-05	0.033061	2.7823e-06
275	0.96655	0.00095288	0.032467	3.1914e-05
276	0.96778	0.00029881	0.031908	1.021e-05
277	0.86788	0.10075	0.028015	0.0033513
278	0.83378	0.13542	0.026362	0.0044408
279	0.82407	0.1457	0.025522	0.0047042
280	0.80911	0.16121	0.024561	0.0051142
281	0.74499	0.2259	0.022048	0.0070651
282	0.72037	0.25105	0.020873	0.007703
283	0.69542	0.27655	0.019691	0.0083348
284	0.68786	0.28465	0.019078	0.0084205
285	0.67471	0.29829	0.01834	0.0086508
286	0.65524	0.31825	0.017469	0.0090345
287	0.63474	0.33926	0.016571	0.0094353
288	0.63085	0.34362	0.016158	0.0093708
289	0.62499	0.34996	0.015686	0.0093574
290	0.63447	0.34098	0.015594	0.0089535
291	0.6703	0.30565	0.016117	0.0079261
292	0.62092	0.35555	0.014479	0.00905
293	0.60298	0.37398	0.01371	0.0093259
294	0.5999	0.37754	0.013333	0.0092277
295	0.56235	0.41555	0.012191	0.0099144
296	0.51904	0.45932	0.010934	0.010708
297	0.50255	0.47625	0.010335	0.010861
298	0.41582	0.56341	0.0082863	0.012478
299	0.3793	0.60035	0.0073723	0.012976
300	0.36709	0.61296	0.0069876	0.01296
301	0.31527	0.66519	0.0058313	0.013708
302	0.29586	0.68499	0.0053486	0.013797
303	0.2912	0.69003	0.0051621	0.013602
304	0.29871	0.68289	0.0052133	0.013183
305	0.32946	0.65252	0.0056826	0.01234
306	0.40274	0.5796	0.0069368	0.010725
307	0.63791	0.3448	0.011019	0.0062748
308	0.80357	0.17949	0.01376	0.0031794
309	0.96535	0.018069	0.016253	0.00032347
310	0.96343	0.020343	0.015876	0.00035441
311	0.96573	0.018363	0.015591	0.00031213
312	0.97541	0.009025	0.015414	0.00015198
313	0.97733	0.0074198	0.015124	0.00012198
314	0.97862	0.0064402	0.014838	0.00010257
315	0.98502	0.00035463	0.014621	5.7085e-06
316	0.92233	0.063339	0.013392	0.00093614
317	0.90125	0.08473	0.012791	0.0012306
318	0.89392	0.092352	0.012416	0.0013126
319	0.89474	0.091811	0.012173	0.0012763
320	0.90698	0.079855	0.012074	0.0010882
321	0.93969	0.047426	0.012259	0.00062953
322	0.94875	0.038644	0.012105	0.00050208
323	0.95499	0.032673	0.011925	0.00041369
324	0.97791	0.010031	0.011937	0.00012416
325	0.97848	0.0097206	0.01168	0.00011676
326	0.98346	0.0050125	0.011467	5.8294e-05
327	0.98874	1.2214e-05	0.011245	1.3796e-07
328	0.98644	0.0025856	0.01095	2.7993e-05
329	0.98664	0.0026593	0.010675	2.8048e-05
330	0.98957	1.071e-05	0.01042	1.1338e-07
331	0.98838	0.0014576	0.010151	1.4569e-05
332	0.96821	0.021885	0.0096891	0.00021564
333	0.96088	0.029467	0.0093754	0.000281
334	0.96064	0.029961	0.0091238	0.00027739
335	0.96691	0.023948	0.0089244	0.00021471
336	0.98932	0.0018103	0.0088533	1.5692e-05
337	0.98712	0.0042695	0.0085748	3.604e-05
338	0.9877	0.0039591	0.0083134	3.2352e-05
339	0.99187	6.1482e-05	0.008072	4.9682e-07
340	0.99196	0.00023117	0.0078093	1.8294e-06
341	0.99157	0.00086707	0.0075548	6.5256e-06
342	0.9927	1.1126e-06	0.0073038	7.8141e-09
343	0.99197	0.00097141	0.0070522	6.4254e-06
344	0.99166	0.001532	0.0067962	9.6567e-06
345	0.99286	0.00057769	0.0065624	2.6873e-06
346	0.99186	0.0015231	0.0066117	9.3203e-06
347	0.99077	0.0025519	0.0066655	1.6407e-05
348	0.99174	0.0015212	0.0067288	1.0027e-05
349	0.98925	0.0039609	0.0067644	2.741e-05
350	0.98918	0.0039676	0.0068225	2.7786e-05
351	0.99154	0.0015478	0.0069034	1.084e-05
352	0.98614	0.0068837	0.0069252	4.8563e-05
353	0.98548	0.0074871	0.0069755	5.3572e-05
354	0.98771	0.005203	0.0070522	3.7595e-05
355	0.98663	0.0062256	0.0071005	4.5582e-05
356	0.98813	0.0046577	0.0071736	3.4415e-05
357	0.99	0.0027297	0.0072448	2.0722e-05
358	0.98963	0.003039	0.0073054	2.3285e-05
359	0.99117	0.0014321	0.007386	1.1156e-05
360	0.9925	2.8254e-05	0.0074707	2.2711e-07
361	0.99207	0.00037677	0.0075477	2.9132e-06
362	0.99191	0.00045592	0.0076331	3.5026e-06
363	0.99107	0.0012118	0.007708	9.4704e-06
364	0.99063	0.0015728	0.0077811	1.2603e-05
365	0.99017	0.0019574	0.0078598	1.586e-05
366	0.98967	0.0023647	0.0079441	1.9207e-05
367	0.98959	0.0023661	0.0080267	1.9512e-05
368	0.9915	0.00036454	0.0081326	2.9877e-06
369	0.99136	0.00041744	0.0082172	3.4373e-06
370	0.98903	0.0026662	0.0082784	2.246e-05
371	0.98885	0.0027634	0.0083643	2.3331e-05
372	0.99142	0.00011487	0.0084684	1.0011e-06
373	0.99123	0.00021703	0.0085561	1.8937e-06
374	0.98894	0.0024228	0.0086199	2.1632e-05
375	0.98673	0.0045533	0.0086792	4.1495e-05
376	0.98681	0.0043829	0.0087653	4.0517e-05
377	0.99003	0.0010791	0.0088751	1.1541e-05
378	0.99063	0.00040107	0.0089676	5.9181e-06
379	0.99074	0.0003728	0.008881	4.4059e-06
380	0.99022	0.00097321	0.0087942	9.3332e-06
381	0.99128	1.097e-07	0.0087167	1.0456e-09
382	0.9903	0.0010599	0.0086273	9.2119e-06
383	0.98955	0.0018991	0.0085355	1.6505e-05
384	0.99041	0.0011171	0.0084645	9.5333e-06
385	0.99152	9.1778e-05	0.0083909	7.8882e-07
386	0.99168	7.3736e-06	0.0083152	6.1184e-08
387	0.99176	3.6525e-06	0.0082339	3.1391e-08
388	0.99064	0.0012152	0.0081372	1.0604e-05
389	0.98945	0.0024824	0.0080468	2.135e-05
390	0.99008	0.0019261	0.0079782	1.6603e-05
391	0.97362	0.018451	0.0077756	0.00015196
392	0.95676	0.035389	0.0075651	0.00029069
393	0.95057	0.041644	0.0074506	0.00033879
394	0.92411	0.068176	0.007168	0.00055083
395	0.91466	0.077685	0.0070329	0.00062127
396	0.91523	0.07718	0.0069723	0.0006132
397	0.90123	0.091249	0.0068057	0.00071677
398	0.88526	0.10729	0.0066202	0.0008354
399	0.88088	0.11173	0.0065316	0.00086212
400	0.8883	0.10437	0.0065266	0.00080101
401	0.91131	0.081421	0.0066436	0.00062328
402	0.96616	0.026634	0.0070053	0.00020573
403	0.96301	0.029834	0.0069341	0.00022688
404	0.96494	0.027944	0.0069065	0.00020979
405	0.97646	0.016477	0.0069449	0.00012249
406	0.97924	0.013741	0.0069126	0.00010152
407	0.98777	0.0052632	0.0069274	3.8364e-05
408	0.98984	0.003244	0.00689	2.3504e-05
409	0.98715	0.005989	0.006814	4.2826e-05
410	0.98728	0.0059152	0.0067638	4.1871e-05
411	0.99007	0.0031744	0.0067371	2.2078e-05
412	0.99322	7.3347e-05	0.0067079	5.1424e-07
413	0.99331	2.6705e-05	0.0066622	1.7959e-07
414	0.99041	0.0029719	0.0066023	1.9259e-05
415	0.94704	0.046384	0.0062747	0.00030222
416	0.93435	0.059119	0.0061444	0.0003838
417	0.93324	0.060286	0.0060859	0.00038938
418	0.92985	0.063724	0.0060182	0.00040877
419	0.93302	0.060594	0.005998	0.00038504
420	0.94828	0.045387	0.0060501	0.00028539
421	0.95034	0.043379	0.0060134	0.00027087
422	0.9621	0.031668	0.0060319	0.00019744
423	0.99268	0.0011413	0.0061717	7.6776e-06
424	0.97865	0.015208	0.0060446	9.7246e-05
425	0.97331	0.020578	0.0059784	0.00013013
426	0.9727	0.021221	0.0059465	0.00013298
427	0.97167	0.022273	0.0059166	0.00013789
428	0.97609	0.017886	0.0059163	0.00010966
429	0.99304	0.00096684	0.0059876	5.9585e-06
430	0.99166	0.0023867	0.0059428	1.4706e-05
431	0.97311	0.020969	0.0057877	0.00013016
432	0.96635	0.027762	0.0057122	0.00017066
433	0.94256	0.051601	0.0055282	0.00031575
434	0.9094	0.084786	0.0052966	0.00051254
435	0.89719	0.097035	0.0051975	0.00058115
436	0.69613	0.29812	0.0040261	0.0017259
437	0.62619	0.36809	0.0036027	0.0021197
438	0.60349	0.39082	0.0034497	0.0022401
439	0.25499	0.73935	0.0014598	0.0042011
440	0.13272	0.86165	0.00075397	0.0048756
441	0.094717	0.89969	0.00053014	0.0050659
442	0.079962	0.91447	0.00044418	0.0051207
443	0.077037	0.91743	0.00042414	0.0051075
444	0.08243	0.91207	0.00044893	0.0050474
445	0.076554	0.91799	0.00041059	0.0050484
446	0.077835	0.91674	0.00041309	0.0050108
447	0.086614	0.90799	0.00045634	0.0049345
448	0.06913	0.92551	0.0003567	0.0049989
449	0.063291	0.93139	0.00032268	0.0049999
450	0.066015	0.9287	0.00033281	0.0049547
451	0.055173	0.93957	0.00027328	0.0049814
452	0.053465	0.94132	0.00026102	0.0049588
453	0.057122	0.93769	0.00027656	0.0049103
454	0.057799	0.93705	0.00027777	0.0048781
455	0.064725	0.93015	0.0003108	0.004816
456	0.068724	0.92618	0.00032989	0.0047699
457	0.081595	0.91333	0.00039476	0.0046798
458	0.089711	0.90524	0.00043635	0.0046152
459	0.12005	0.87493	0.00058924	0.0044372
460	0.14951	0.84549	0.00073317	0.004266
461	0.21863	0.7764	0.0010793	0.0038945
462	0.38883	0.60622	0.0019489	0.003002
463	0.43318	0.56189	0.0021631	0.0027625
464	0.56226	0.43285	0.0027891	0.0021085
465	0.97477	0.020364	0.0047667	0.00010012
466	0.97628	0.018877	0.0047479	9.2179e-05
467	0.98467	0.010516	0.0047585	5.1465e-05
468	0.99129	0.0039228	0.0047649	1.9021e-05
469	0.99083	0.0044187	0.0047329	2.135e-05
470	0.99269	0.0025827	0.0047162	1.2312e-05
471	0.99494	0.00036095	0.0046974	1.7422e-06
472	0.99496	0.00036496	0.0046717	1.7414e-06
473	0.99438	0.0009731	0.0046466	4.5179e-06
474	0.99524	0.00013402	0.004625	6.1699e-07
475	0.99524	0.00016294	0.004596	7.6811e-07
476	0.99501	0.00041758	0.0045695	1.9489e-06
477	0.99505	0.00040288	0.0045482	1.8371e-06
478	0.99542	4.9875e-05	0.0045251	2.2618e-07
479	0.99491	0.00059006	0.0044943	2.7185e-06
480	0.9955	3.0873e-05	0.0044725	1.4467e-07
481	0.99213	0.0034222	0.004429	1.5994e-05
482	0.9914	0.0041745	0.0044013	1.9398e-05
483	0.99276	0.0028442	0.0043866	1.3239e-05
484	0.95462	0.041005	0.0041874	0.00018801
485	0.78399	0.21166	0.0034043	0.00095042
486	0.71504	0.28062	0.0030894	0.0012478
487	0.39878	0.59689	0.0017268	0.0025958
488	0.29994	0.69576	0.0012922	0.0030132
489	0.25779	0.73792	0.0011096	0.0031806
490	0.09696	0.89877	0.00041749	0.0038553
491	0.046589	0.94916	0.00019772	0.0040557
492	0.026165	0.9696	0.00011071	0.004125
493	0.020245	0.97554	8.4829e-05	0.0041313
494	0.018572	0.97723	7.754e-05	0.0041205
495	0.020175	0.97564	8.4422e-05	0.0040971
496	0.014791	0.98105	6.1853e-05	0.0041014
497	0.014314	0.98154	5.9486e-05	0.0040836
498	0.018027	0.97785	7.4042e-05	0.004047
499	0.014648	0.98125	5.9781e-05	0.0040406
500	0.0154	0.98052	6.2223e-05	0.0040156
501	0.019367	0.97658	7.7945e-05	0.0039787
502	0.032075	0.96389	0.00012783	0.0039059
503	0.068764	0.92723	0.00026947	0.0037395
504	0.15888	0.83713	0.00062278	0.0033631
505	0.18116	0.81488	0.00070428	0.0032566
506	0.23462	0.76144	0.0009087	0.0030288
507	0.38818	0.60791	0.0014896	0.0024225
508	0.5048	0.49131	0.0019327	0.0019564
509	0.79182	0.20431	0.0030509	0.00081761
510	0.99375	0.0024032	0.0038413	9.4264e-06
511	0.99306	0.0031133	0.0038172	1.2092e-05
512	0.99465	0.0015443	0.0037988	6.0851e-06
513	0.99452	0.0016964	0.0037768	6.6637e-06
514	0.99228	0.0039509	0.0037499	1.5207e-05
515	0.99242	0.0038344	0.0037356	1.4557e-05
516	0.99589	0.00037343	0.0037304	1.4135e-06
517	0.99318	0.0031102	0.0036983	1.1808e-05
518	0.99278	0.0035303	0.0036781	1.3277e-05
519	0.99519	0.0011396	0.0036649	4.45e-06
520	0.98171	0.014639	0.0035946	5.6079e-05
521	0.97786	0.018515	0.003558	7.0981e-05
522	0.97411	0.022287	0.0035183	8.5709e-05
523	0.90671	0.089711	0.0032423	0.00034103
524	0.88394	0.1125	0.0031332	0.00042659
525	0.87604	0.12042	0.0030845	0.00045443
526	0.86381	0.13267	0.0030236	0.00049722
527	0.86211	0.13438	0.0030043	0.00050097
528	0.87048	0.12603	0.0030249	0.00046785
529	0.86642	0.13011	0.0029971	0.00048007
530	0.86212	0.13442	0.002965	0.00049343
531	0.86749	0.12907	0.0029707	0.00047197
532	0.85762	0.13896	0.0029193	0.00050482
533	0.85766	0.13893	0.002906	0.00050209
534	0.87087	0.12574	0.0029353	0.00045405
535	0.84928	0.14734	0.0028473	0.00052619
536	0.84493	0.15171	0.002816	0.00053887
537	0.84999	0.14667	0.0028201	0.00051873
538	0.8547	0.14198	0.0028193	0.00050039
539	0.87216	0.12453	0.0028647	0.00043833
540	0.91529	0.081424	0.0030017	0.00028729
541	0.94596	0.050762	0.0030989	0.00017862
542	0.9311	0.065629	0.003043	0.00022565
543	0.92707	0.069666	0.0030258	0.00023681
544	0.68132	0.31542	0.0022334	0.0010202
545	0.60485	0.39191	0.0019784	0.0012633
546	0.57973	0.41704	0.0018876	0.0013399
547	0.27548	0.72131	0.00087542	0.0023352
548	0.15159	0.84522	0.00047297	0.0027226
549	0.10132	0.8955	0.00031324	0.0028688
550	0.034564	0.96227	0.00010744	0.0030624
551	0.013655	0.98319	4.2106e-05	0.0031138
552	0.0072101	0.98965	2.1636e-05	0.0031185
553	0.0047435	0.99213	1.3958e-05	0.0031117
554	0.0041302	0.99276	1.2081e-05	0.0031003
555	0.0054314	0.99147	1.5804e-05	0.0030816
556	0.005536	0.99138	1.6002e-05	0.0030674
557	0.0074049	0.98952	2.157e-05	0.0030491
558	0.012648	0.98429	3.7513e-05	0.0030217
559	0.015994	0.98096	4.7902e-05	0.0030011
560	0.025227	0.97173	7.7048e-05	0.0029629
561	0.048304	0.94866	0.00015121	0.002881
562	0.10165	0.89533	0.0003256	0.0026999
563	0.27195	0.72503	0.00087211	0.0021448
564	0.757	0.23999	0.0024028	0.00060356
565	0.74988	0.24696	0.0024972	0.00066815
566	0.75397	0.2427	0.0026314	0.00069893
567	0.78071	0.2158	0.0028333	0.00065728
568	0.76079	0.23555	0.0028903	0.00076753
569	0.75841	0.23777	0.0030034	0.00081745
570	0.76837	0.22764	0.00317	0.00082085
571	0.38286	0.61298	0.0016696	0.0024868
572	0.26218	0.7335	0.0011951	0.0031232
573	0.22514	0.77038	0.0010635	0.0034133
574	0.093352	0.90202	0.00045107	0.0041811
575	0.036191	0.95902	0.00018117	0.0046103
576	0.016171	0.97888	8.2483e-05	0.0048659
577	0.0080605	0.98683	4.2356e-05	0.0050672
578	0.0054316	0.9893	2.9054e-05	0.0052393
579	0.0046675	0.9899	2.5613e-05	0.0054054
580	0.003344	0.99106	1.8545e-05	0.0055725
581	0.0032734	0.99097	1.8551e-05	0.0057369
582	0.0043947	0.98968	2.5763e-05	0.0058987
583	0.004961	0.98895	2.9733e-05	0.006061
584	0.004539	0.9892	2.799e-05	0.0062337
585	0.0053985	0.98816	3.458e-05	0.0064023
586	0.0024992	0.99089	1.6327e-05	0.0065931
587	0.0017794	0.99144	1.1657e-05	0.0067676
588	0.0017364	0.99131	1.1539e-05	0.0069418
589	0.0023381	0.99053	1.5997e-05	0.0071159
590	0.0040296	0.98866	2.8687e-05	0.0072864
591	0.0098144	0.98269	7.1533e-05	0.0074238
592	0.004921	0.9874	3.6254e-05	0.0076449
593	0.0028649	0.98926	2.1508e-05	0.0078501
594	0.0021243	0.98981	1.6474e-05	0.0080506
595	0.0021511	0.98958	1.749e-05	0.00825
596	0.0033516	0.98818	2.8285e-05	0.008437
597	0.0076841	0.98366	6.6297e-05	0.0085939
598	0.010137	0.981	9.0032e-05	0.0087702
599	0.016457	0.97448	0.00015163	0.0089139
600	0.032313	0.95841	0.00031082	0.008966
601	0.077718	0.9128	0.00076671	0.0087185
602	0.2071	0.78321	0.0020725	0.0076182
603	0.61948	0.37063	0.0062459	0.0036463
604	0.62595	0.36396	0.0064342	0.0036543
605	0.65994	0.32978	0.0068977	0.0033815
606	0.74114	0.24838	0.0078837	0.0025945
607	0.76301	0.22632	0.0082587	0.0024126
608	0.78473	0.20441	0.0086314	0.0022271
609	0.84168	0.14726	0.0094132	0.0016422
610	0.85491	0.13384	0.0097213	0.0015254
611	0.88919	0.099362	0.010288	0.0011596
612	0.97521	0.013135	0.011501	0.00015778
613	0.98133	0.0067851	0.011799	8.2345e-05
614	0.98774	0.00016713	0.012095	2.1092e-06
615	0.98761	6.2335e-05	0.012323	8.065e-07
616	0.9871	0.00033919	0.012558	4.3872e-06
617	0.98593	0.0012723	0.012776	1.7037e-05
618	0.98611	0.00085206	0.013023	1.1783e-05
619	0.95249	0.034216	0.01282	0.00046905
620	0.93936	0.047087	0.012902	0.00065467
621	0.9374	0.048789	0.013124	0.00069209
622	0.34286	0.64305	0.0049413	0.0091479
623	0.13418	0.85146	0.0019733	0.012384
624	0.060983	0.92439	0.00090038	0.013722
625	0.029275	0.95583	0.00043663	0.014458
626	0.016455	0.96837	0.00025096	0.014925
627	0.012324	0.97222	0.00019091	0.015262
628	0.011929	0.97234	0.00018712	0.01554
629	0.013924	0.97007	0.00022264	0.015787
630	0.019785	0.96392	0.00032492	0.015974
631	0.03949	0.94393	0.00066029	0.015924
632	0.087963	0.89516	0.0015144	0.015365
633	0.22613	0.7567	0.0039496	0.013221
634	0.61956	0.36298	0.010897	0.0065594
635	0.70786	0.27439	0.012688	0.0050678
636	0.92589	0.056043	0.017016	0.0010519
637	0.92795	0.053656	0.017376	0.0010213
638	0.94075	0.040528	0.017937	0.00078187
639	0.98002	0.00095287	0.019012	1.9171e-05
640	0.98045	0.00019016	0.019357	3.9985e-06
641	0.97868	0.0016341	0.019647	3.4902e-05
642	0.97687	0.0031082	0.019953	6.7156e-05
643	0.97751	0.002143	0.020299	4.9109e-05
644	0.9763	0.00301	0.020621	7.0844e-05
645	0.97698	0.0019625	0.021006	4.968e-05
646	0.93546	0.043105	0.020367	0.0010695
647	0.91792	0.060247	0.020319	0.0015163
648	0.91438	0.063392	0.020591	0.0016325
649	0.84208	0.13529	0.019109	0.0035198
650	0.8114	0.16555	0.018683	0.004371
651	0.80445	0.17209	0.01883	0.0046371
652	0.76256	0.21354	0.01806	0.0058391
653	0.74992	0.22575	0.018029	0.0062936
654	0.74912	0.22612	0.018327	0.0064364
655	0.72378	0.251	0.017971	0.0072533
656	0.71857	0.25575	0.018141	0.007536
657	0.72446	0.24939	0.018634	0.0075138
658	0.72683	0.24653	0.019059	0.0075818
659	0.74712	0.22576	0.019977	0.0071469
660	0.79774	0.17463	0.021819	0.0058083
661	0.81014	0.16174	0.02257	0.0055489
662	0.84551	0.12585	0.024054	0.0045794
663	0.92921	0.04162	0.027117	0.0020546
664	0.92669	0.044055	0.027167	0.0020868
665	0.93119	0.039484	0.027482	0.0018483
666	0.94817	0.022428	0.028342	0.0010592
667	0.951	0.019513	0.028574	0.00090754
668	0.95323	0.017201	0.02879	0.00078319
669	0.96304	0.0072996	0.029325	0.00033394
670	0.97018	6.4043e-05	0.029752	2.9006e-06
671	0.96954	0.00061658	0.029823	1.9995e-05
672	0.96998	7.4825e-05	0.029941	2.3853e-06
673	0.96719	0.0027588	0.029972	8.3353e-05
674	0.96696	0.0028753	0.030074	8.7123e-05
675	0.96948	0.00025692	0.030251	7.6955e-06
676	0.96874	0.00090815	0.03032	2.8136e-05
677	0.9684	0.0011665	0.030394	3.6846e-05
678	0.96947	4.8017e-06	0.030525	1.5117e-07
679	0.9693	8.5232e-05	0.03061	2.7681e-06
680	0.96818	0.0011082	0.030676	3.5586e-05
681	0.96835	0.00082585	0.030795	2.6334e-05
682	0.96785	0.0012281	0.030885	3.9402e-05
683	0.96735	0.0016144	0.030987	5.1431e-05
684	0.96884	1.3063e-05	0.031144	4.4098e-07
685	0.96628	0.0024532	0.031181	8.2202e-05
686	0.96589	0.002717	0.031304	9.1357e-05
687	0.96743	0.001033	0.031505	3.4988e-05
688	0.96745	0.0008466	0.031671	2.8145e-05
689	0.96665	0.0015032	0.0318	4.9604e-05
690	0.96768	0.0003315	0.031982	1.146e-05
691	0.96782	3.1969e-05	0.032147	1.6862e-06
692	0.96755	0.00042235	0.032014	1.4647e-05
693	0.96613	0.0019492	0.031855	6.484e-05
694	0.95998	0.008192	0.031559	0.0002655
695	0.95918	0.0090961	0.031428	0.00029414
696	0.96119	0.0071768	0.031401	0.00022903
697	0.95468	0.01379	0.031093	0.00043916
698	0.95379	0.014785	0.030957	0.00046998
699	0.95317	0.015518	0.030821	0.00049381
700	0.95191	0.016877	0.030679	0.00053516
701	0.95527	0.013624	0.030676	0.00043112
702	0.96858	0.00042295	0.030972	2.0862e-05
703	0.96845	0.001161	0.030348	4.1657e-05
704	0.96984	0.00039064	0.029759	1.3316e-05
705	0.97073	0.00013469	0.029134	4.5001e-06
706	0.96899	0.002482	0.028457	7.5798e-05
707	0.96926	0.002782	0.027871	8.3067e-05
708	0.97135	0.001252	0.027365	3.6722e-05
709	0.97044	0.0027229	0.026756	7.7832e-05
710	0.97132	0.00239	0.026225	6.6953e-05
711	0.97422	2.502e-06	0.025774	7.1918e-08
712	0.9622	0.012503	0.024965	0.00032902
713	0.94877	0.026428	0.024116	0.00068725
714	0.94463	0.031039	0.023546	0.00079012
715	0.87681	0.099335	0.021368	0.0024869
716	0.85018	0.12642	0.020305	0.0030913
717	0.84341	0.13366	0.019724	0.0032039
718	0.83655	0.141	0.019132	0.0033159
719	0.83895	0.13906	0.018781	0.0032062
720	0.85314	0.12532	0.018716	0.002832
721	0.77161	0.20726	0.016616	0.004514
722	0.7444	0.2349	0.0157	0.0050027
723	0.74004	0.23969	0.015266	0.0049981
724	0.71016	0.27003	0.014295	0.0055208
725	0.701	0.27961	0.013794	0.0055924
726	0.70445	0.27658	0.013567	0.0054089
727	0.72984	0.2516	0.013741	0.0048155
728	0.79117	0.19067	0.014592	0.0035605
729	0.93365	0.048586	0.016951	0.00081572
730	0.93306	0.049652	0.01648	0.00080908
731	0.94037	0.042826	0.016128	0.00067224
732	0.95929	0.024374	0.015982	0.00035025
733	0.96384	0.020303	0.01558	0.00027349
734	0.96243	0.021785	0.015487	0.00030107
735	0.96543	0.018836	0.01547	0.00026128
736	0.96251	0.021812	0.015375	0.00030802
737	0.81575	0.16862	0.013015	0.0026139
738	0.75655	0.22787	0.012067	0.0035148
739	0.54298	0.44149	0.0087146	0.0068162
740	0.4767	0.50783	0.0076429	0.0078326
741	0.45816	0.52642	0.0073174	0.0080986
742	0.43034	0.5543	0.0068601	0.0085021
743	0.42494	0.55976	0.0067482	0.0085566
744	0.43753	0.54722	0.006909	0.0083345
745	0.43093	0.55389	0.0067666	0.0084117
746	0.43768	0.5472	0.006839	0.0082801
747	0.46356	0.52137	0.0072134	0.0078525
748	0.46553	0.51946	0.007213	0.0077959
749	0.48998	0.49507	0.0075425	0.0074052
750	0.55401	0.4311	0.0084772	0.0064156
751	0.7604	0.22476	0.011486	0.0033477
752	0.80616	0.17906	0.012131	0.0026505
753	0.95441	0.030868	0.014262	0.00046232
754	0.95522	0.030103	0.014225	0.00044931
755	0.9634	0.021981	0.014291	0.0003289
756	0.98383	0.0015975	0.014548	2.4572e-05
757	0.9838	0.0016668	0.014507	2.55e-05
758	0.98538	0.0001243	0.014498	1.9221e-06
759	0.98552	9.1127e-06	0.014474	1.3977e-07
760	0.98548	6.2049e-05	0.014455	9.3616e-07
761	0.98546	8.788e-05	0.014447	1.2872e-06
762	0.98491	0.00065142	0.014425	9.656e-06
763	0.98326	0.0023231	0.01438	3.4953e-05
764	0.98339	0.0022051	0.01437	3.3227e-05
765	0.98554	6.6402e-05	0.014398	1.0215e-06
766	0.98481	0.00079162	0.01439	1.1641e-05
767	0.98436	0.001238	0.014383	1.8406e-05
768	0.98524	0.00035035	0.014401	5.2726e-06
769	0.9854	0.00017681	0.014416	2.6324e-06
770	0.98462	0.00095708	0.014412	1.4293e-05
771	0.98391	0.0016485	0.014418	2.4386e-05
772	0.98358	0.001972	0.014423	2.9403e-05
773	0.98485	0.00068394	0.014459	1.0255e-05
774	0.98513	0.00039375	0.014475	6.1301e-06
775	0.98346	0.002041	0.014468	3.1541e-05
776	0.98148	0.003996	0.014464	6.1358e-05
777	0.98177	0.0036735	0.014503	5.6453e-05
778	0.98008	0.005335	0.014505	8.2174e-05
779	0.98069	0.0046891	0.01455	7.2557e-05
780	0.98408	0.0012584	0.014645	1.9732e-05
781	0.98117	0.004116	0.014653	6.2271e-05
782	0.97855	0.0066876	0.014658	0.00010158
783	0.97863	0.0065622	0.014712	9.9655e-05
784	0.97875	0.0063893	0.014761	9.75e-05
785	0.98166	0.0034318	0.01486	5.2097e-05
786	0.98493	0.00011093	0.014959	1.7211e-06
787	0.98401	0.00097673	0.015002	1.4943e-05
788	0.98349	0.0014424	0.015045	2.2412e-05
789	0.98446	0.00041933	0.015119	6.5893e-06
790	0.98153	0.0032866	0.015127	5.2082e-05
791	0.98138	0.0033972	0.015173	5.4799e-05
792	0.98327	0.0014419	0.015259	2.462e-05
793	0.98192	0.0027466	0.015286	4.7922e-05
794	0.98234	0.0022638	0.015351	4.1422e-05
795	0.9808	0.0037378	0.015389	6.88e-05
796	0.95611	0.028356	0.015021	0.00050993
797	0.9461	0.038292	0.014923	0.00068972
798	0.94378	0.040517	0.014967	0.00073495
799	0.94914	0.035069	0.015133	0.00065319
800	0.95254	0.031585	0.015276	0.00060184
801	0.96436	0.019659	0.015574	0.00040401
802	0.9735	0.010408	0.015842	0.0002468
803	0.97146	0.012345	0.015895	0.00029794
804	0.97382	0.009888	0.016027	0.00026446
805	0.96498	0.018864	0.015749	0.00040394
806	0.96333	0.020661	0.015586	0.00042289
807	0.96567	0.018456	0.015506	0.00036789
808	0.96691	0.017347	0.015413	0.00033439
809	0.96285	0.021533	0.015224	0.00039194
810	0.9646	0.019924	0.015123	0.00035451
811	0.97457	0.010093	0.015157	0.00017612
812	0.98424	0.00058164	0.015171	1.0354e-05
813	0.98419	0.00077216	0.015027	1.2899e-05
814	0.97951	0.0056011	0.014803	8.8881e-05
815	0.97887	0.0063952	0.014636	0.00010144
816	0.98086	0.0045486	0.014521	7.3092e-05
817	0.97595	0.0095875	0.01431	0.00015033
818	0.97493	0.010738	0.014169	0.0001665
819	0.97693	0.0088506	0.014082	0.00013651
820	0.97487	0.011016	0.013944	0.00016616
821	0.97661	0.0093953	0.013856	0.00014105
822	0.983	0.0031121	0.013846	4.706e-05
823	0.98264	0.0035519	0.013753	5.1824e-05
824	0.98204	0.0042628	0.013635	6.1456e-05
825	0.98366	0.0027384	0.013558	3.9049e-05
826	0.97972	0.0067735	0.013413	9.2785e-05
827	0.97955	0.0070359	0.013315	9.5452e-05
828	0.98229	0.0043833	0.013264	5.776e-05
829	0.98235	0.0044163	0.013172	5.7153e-05
830	0.98255	0.0043209	0.013076	5.5097e-05
831	0.98529	0.0016688	0.013023	1.8821e-05
832	0.96723	0.019822	0.012726	0.00022096
833	0.96068	0.026462	0.012572	0.00028902
834	0.95991	0.027306	0.012493	0.00028914
835	0.95819	0.029101	0.012413	0.00029815
836	0.94756	0.039806	0.012236	0.00039861
837	0.94504	0.042394	0.012154	0.00041213
838	0.8908	0.096281	0.011733	0.001186
839	0.86799	0.11872	0.011743	0.0015444
840	0.86242	0.12393	0.011974	0.0016743
841	0.83222	0.15378	0.011816	0.0021839
842	0.78936	0.19627	0.011461	0.002906
843	0.72936	0.25589	0.010829	0.0039206
844	0.7046	0.28026	0.010734	0.0044145
845	0.69785	0.28659	0.010927	0.0046372
846	0.70353	0.28047	0.011338	0.004661
847	0.73474	0.24884	0.012171	0.0042525
848	0.83874	0.14443	0.014251	0.0025872
849	0.91215	0.070576	0.015927	0.001343
850	0.91465	0.067629	0.0164	0.001324
851	0.92933	0.052506	0.017093	0.0010745
852	0.96791	0.013455	0.018297	0.00033651
853	0.96501	0.015865	0.018715	0.00040789
854	0.96592	0.014439	0.019243	0.00039334
855	0.97186	0.0079639	0.019912	0.00026296
856	0.96184	0.016414	0.02114	0.00060421
857	0.92276	0.05502	0.02069	0.001529
858	0.74759	0.22969	0.016986	0.0057296
859	0.50735	0.46941	0.01163	0.011604
860	0.43249	0.54377	0.010028	0.013716
861	0.40322	0.57251	0.0095286	0.014745
862	0.39857	0.57663	0.009611	0.015183
863	0.40711	0.56756	0.010045	0.015289
864	0.43635	0.53776	0.011056	0.014838
865	0.53457	0.43898	0.013921	0.012524
866	0.76213	0.21086	0.020549	0.006467
867	0.77745	0.19498	0.021407	0.006167
868	0.68867	0.28318	0.019096	0.0090621
869	0.56298	0.40826	0.015571	0.013195
870	0.50911	0.46149	0.014224	0.015172
871	0.43365	0.5363	0.012159	0.017891
872	0.40865	0.56065	0.011601	0.019092
873	0.40601	0.56267	0.011731	0.019596
874	0.40283	0.56522	0.011823	0.020128
875	0.41195	0.55545	0.012328	0.020267
876	0.44233	0.52441	0.013548	0.019715
877	0.42276	0.54328	0.013127	0.02083
878	0.42149	0.54387	0.013325	0.021317
879	0.43303	0.53162	0.013993	0.021357
880	0.42108	0.54283	0.013835	0.022248
881	0.42192	0.54124	0.014165	0.022676
882	0.42041	0.542	0.01439	0.023198
883	0.41702	0.54466	0.01452	0.023806
884	0.40835	0.55256	0.01445	0.024637
885	0.41183	0.54829	0.014885	0.024991
886	0.38867	0.57064	0.014229	0.026462
887	0.38204	0.57642	0.014266	0.027268
888	0.38819	0.5694	0.014865	0.027542
889	0.38869	0.568	0.015252	0.028059
890	0.38432	0.57144	0.015444	0.0288
891	0.37504	0.57975	0.015431	0.029779
892	0.36089	0.5929	0.015206	0.031004
893	0.35973	0.59302	0.015589	0.031655
894	0.37094	0.58075	0.016625	0.031688
895	0.37981	0.57083	0.01754	0.031827
896	0.32504	0.62451	0.015333	0.035125
897	0.30407	0.64434	0.014725	0.036863
898	0.22663	0.72067	0.011145	0.041556
899	0.19576	0.75039	0.0098531	0.044
900	0.18715	0.75786	0.009648	0.045345
901	0.19069	0.75319	0.010091	0.04603
902	0.19017	0.75255	0.010326	0.046957
903	0.20064	0.74088	0.011253	0.047231
904	0.20641	0.73386	0.011942	0.047783
905	0.23163	0.70742	0.013896	0.047057
906	0.31583	0.62201	0.019783	0.042382
907	0.37601	0.56057	0.024383	0.039037
908	0.51625	0.41904	0.034996	0.029723
909	0.91663	0.017377	0.064642	0.0013563
910	0.89849	0.034174	0.064671	0.0026698
911	0.89256	0.038786	0.065558	0.0030978
912	0.89194	0.038034	0.066917	0.0031126
913	0.89017	0.03836	0.068264	0.0032068
914	0.89374	0.033279	0.070124	0.0028534
915	0.90634	0.019111	0.072855	0.0016957
916	0.86772	0.056075	0.07139	0.0048112
917	0.85188	0.070192	0.071829	0.0061022
918	0.84774	0.072637	0.073176	0.0064519
919	0.85215	0.066555	0.075232	0.0060579
920	0.85435	0.062614	0.077207	0.0058259
921	0.87125	0.044009	0.080517	0.004219
922	0.87184	0.041641	0.082435	0.0040803
923	0.87936	0.032269	0.085151	0.0032223
924	0.90968	0.00013502	0.09016	2.8448e-05
925	0.90496	0.0043462	0.090122	0.00057485
926	0.90002	0.0087877	0.090013	0.0011786
927	0.89948	0.0088459	0.090425	0.0012457
928	0.84652	0.061302	0.083544	0.0086359
929	0.77305	0.13423	0.073862	0.018855
930	0.75083	0.15593	0.071112	0.022127
931	0.67484	0.23141	0.060432	0.033316
932	0.64271	0.26301	0.056113	0.038168
933	0.63082	0.27434	0.05464	0.0402
934	0.6165	0.28808	0.05286	0.042563
935	0.61465	0.28931	0.052704	0.04333
936	0.62515	0.27818	0.053924	0.042748
937	0.61634	0.28707	0.053301	0.043295
938	0.61866	0.2848	0.053941	0.042595
939	0.63507	0.26843	0.056528	0.039965
940	0.6935	0.21006	0.065134	0.031306
941	0.82955	0.074045	0.085451	0.010954
942	0.86883	0.034812	0.091183	0.005176
943	0.86858	0.035117	0.091182	0.0051194
944	0.87347	0.030265	0.091881	0.0043823
945	0.888	0.015751	0.09398	0.0022652
946	0.88644	0.017308	0.09387	0.0023763
947	0.88987	0.013895	0.094358	0.0018793
948	0.9034	0.00038434	0.096163	5.4247e-05
949	0.90288	0.00090559	0.096108	0.00010931
950	0.9024	0.0013607	0.09608	0.00015706
951	0.90321	0.00051815	0.096215	5.9969e-05
952	0.90321	0.00045911	0.096282	5.1486e-05
953	0.90273	0.00089016	0.096283	9.8501e-05
954	0.90341	0.00013769	0.096436	1.5645e-05
955	0.88892	0.014574	0.094864	0.0016441
956	0.82245	0.08097	0.087575	0.0090098
957	0.7942	0.10912	0.084589	0.01209
958	0.75855	0.14469	0.080722	0.016042
959	0.74446	0.15867	0.079284	0.017584
960	0.74158	0.16143	0.079099	0.017889
961	0.71719	0.18571	0.076549	0.020552
962	0.61936	0.28343	0.065815	0.031387
963	0.58034	0.32234	0.061667	0.035656
964	0.52836	0.37418	0.056224	0.041237
965	0.51215	0.39026	0.054553	0.043039
966	0.51235	0.38993	0.054632	0.043084
967	0.5113	0.39087	0.054542	0.043288
968	0.52233	0.37971	0.0558	0.042161
969	0.55365	0.34824	0.05933	0.038777
970	0.62849	0.27324	0.067815	0.030456
971	0.69373	0.20784	0.075146	0.023281
972	0.8552	0.046199	0.093529	0.0050731
973	0.84889	0.052343	0.093025	0.0057414
974	0.85014	0.050943	0.093325	0.0055965
975	0.85887	0.042029	0.094497	0.004601
976	0.85847	0.04227	0.094634	0.0046297
977	0.86541	0.035169	0.09556	0.0038597
978	0.88821	0.012224	0.098185	0.0013798
979	0.88448	0.015821	0.097891	0.0018089
980	0.88463	0.015509	0.098072	0.0017857
981	0.88894	0.011025	0.098753	0.0012841
982	0.89225	0.0075069	0.099358	0.00088085
983	0.89149	0.0080475	0.099523	0.00093835
984	0.8945	0.0048327	0.1001	0.0005715
985	0.89191	0.0072155	0.10001	0.00085524
986	0.89206	0.0068516	0.10027	0.00081661
987	0.89523	0.0034313	0.10092	0.00041691
988	0.89315	0.0052843	0.10093	0.00064067
989	0.89327	0.0049075	0.10122	0.0005998
990	0.86455	0.033387	0.098017	0.0040473
991	0.82557	0.072102	0.093653	0.0086747
992	0.80937	0.088011	0.092043	0.010571
993	0.80607	0.09104	0.091912	0.010978
994	0.80996	0.086855	0.092663	0.010523
995	0.82792	0.068611	0.09503	0.0084421
