#coord	neutral	conserved	gBGC.neutral	gBGC.conserved
1	0.96584	0.032876	0.0012413	4.2451e-05
2	0.98742	0.011304	0.0012659	1.4576e-05
3	0.99206	0.0066626	0.0012688	8.5489e-06
4	0.99634	0.0023849	0.0012711	3.0419e-06
5	0.99736	0.0013728	0.0012692	1.743e-06
6	0.99873	3.1414e-06	0.0012676	3.9954e-09
7	0.99873	5.7022e-06	0.0012644	7.2023e-09
8	0.99867	6.5697e-05	0.0012611	8.3405e-08
9	0.99868	6.648e-05	0.0012579	8.4215e-08
10	0.99871	3.5751e-05	0.0012548	4.5264e-08
11	0.99855	0.00019423	0.0012515	2.4471e-07
12	0.99872	2.8321e-05	0.0012487	3.5654e-08
13	0.99873	2.2449e-05	0.0012458	2.8198e-08
14	0.99865	0.00010736	0.0012428	1.3459e-07
15	0.9985	0.00025634	0.0012397	3.2029e-07
16	0.99866	0.00010471	0.0012371	1.3067e-07
17	0.99873	3.6029e-05	0.0012344	4.49e-08
18	0.99859	0.00017541	0.0012316	2.1734e-07
19	0.99876	1.0427e-05	0.0012291	1.2864e-08
20	0.99819	0.00057872	0.0012257	7.1411e-07
21	0.99871	6.2885e-05	0.0012238	7.7718e-08
22	0.9987	7.8761e-05	0.0012212	9.6997e-08
23	0.99868	0.00010113	0.0012186	1.2434e-07
24	0.99861	0.0001761	0.0012161	2.1582e-07
25	0.99825	0.00053285	0.0012132	6.4909e-07
26	0.99807	0.00072345	0.0012106	8.7552e-07
27	0.99828	0.00051411	0.0012085	6.203e-07
28	0.99801	0.00078753	0.0012057	9.5103e-07
29	0.99793	0.00086842	0.0012033	1.0436e-06
30	0.99816	0.00064133	0.0012011	7.6823e-07
31	0.99878	2.3043e-05	0.0011994	2.7707e-08
32	0.9981	0.00070292	0.0011962	8.4274e-07
33	0.99785	0.00095855	0.0011935	1.1471e-06
34	0.99802	0.0007902	0.0011913	9.4408e-07
35	0.99861	0.00019769	0.0011896	2.3659e-07
36	0.9988	1.0152e-05	0.0011875	1.2151e-08
37	0.99881	6.6002e-08	0.0011852	1.1584e-10
38	0.99795	0.00086332	0.0011813	1.6435e-06
39	0.99721	0.0016206	0.0011692	2.3971e-06
40	0.9982	0.00063694	0.0011592	9.0608e-07
41	0.99817	0.00067955	0.001148	8.8206e-07
42	0.99835	0.0005112	0.001137	6.3165e-07
43	0.99874	0.00012879	0.0011265	1.55e-07
44	0.99677	0.0021167	0.0011133	2.3918e-06
45	0.99454	0.0043533	0.0011001	4.8528e-06
46	0.99475	0.0041581	0.0010897	4.5837e-06
47	0.99532	0.0035942	0.0010796	3.9266e-06
48	0.99864	0.00028371	0.0010727	3.0799e-07
49	0.9989	3.9336e-05	0.0010625	4.1948e-08
50	0.99895	6.5305e-07	0.001052	6.8683e-10
51	0.9988	0.00016303	0.0010412	1.7071e-07
52	0.99897	4.0259e-06	0.0010309	4.1728e-09
53	0.998	0.00097471	0.0010196	9.9378e-07
54	0.99863	0.0003644	0.0010098	3.6949e-07
55	0.99877	0.00023181	0.00099969	2.3291e-07
56	0.99862	0.00039079	0.00098938	3.8674e-07
57	0.99889	0.00013122	0.00097943	1.2899e-07
58	0.99854	0.00048943	0.00096899	4.7451e-07
59	0.99861	0.00042703	0.0009589	4.1121e-07
60	0.99891	0.00014287	0.00094914	1.3618e-07
61	0.99687	0.0021912	0.00093729	2.0553e-06
62	0.98895	0.010118	0.00091995	9.4139e-06
63	0.98102	0.018059	0.00090266	1.6656e-05
64	0.97906	0.020035	0.00089112	1.8273e-05
65	0.98135	0.017748	0.00088359	1.5992e-05
66	0.99135	0.0077608	0.00088283	6.8968e-06
67	0.99391	0.0052102	0.00087524	4.5755e-06
68	0.99676	0.0023685	0.00086778	2.0619e-06
69	0.99906	8.2868e-05	0.00085991	7.1267e-08
70	0.99835	0.00079735	0.00084939	6.8028e-07
71	0.99881	0.00035083	0.00083997	2.9486e-07
72	0.99892	0.00024528	0.00083021	2.0388e-07
73	0.99451	0.0046698	0.00081685	3.8205e-06
74	0.99407	0.0051171	0.00080673	4.1393e-06
75	0.99694	0.0022584	0.0007992	1.8131e-06
76	0.99517	0.00404	0.00078807	3.2072e-06
77	0.99594	0.0032784	0.00077891	2.5792e-06
78	0.9965	0.0027237	0.00076969	2.121e-06
79	0.98995	0.0092927	0.00075512	7.121e-06
80	0.98869	0.010557	0.00074463	7.9959e-06
81	0.99047	0.0087887	0.00073653	6.5772e-06
82	0.98326	0.016007	0.00072171	1.1835e-05
83	0.98157	0.017711	0.00071116	1.2921e-05
84	0.98392	0.015366	0.00070368	1.1057e-05
85	0.84876	0.15054	0.0005997	0.00010579
86	0.80201	0.1973	0.00055933	0.00013688
87	0.78463	0.21469	0.00054011	0.00014692
88	0.76463	0.2347	0.00051937	0.00015844
89	0.76227	0.23706	0.0005107	0.00015785
90	0.7768	0.22254	0.0005131	0.00014614
91	0.81743	0.18192	0.00053234	0.00011769
92	0.78337	0.21599	0.00050293	0.00013786
93	0.73857	0.2608	0.00046758	0.00016406
94	0.58446	0.41491	0.00036496	0.0002575
95	0.36975	0.62964	0.00022762	0.00038562
96	0.30296	0.69644	0.00018361	0.00042038
97	0.21478	0.78463	0.00012832	0.0004665
98	0.1795	0.81991	0.00010578	0.00047994
99	0.17079	0.82863	9.9122e-05	0.00047747
100	0.15729	0.84214	8.9969e-05	0.00047757
101	0.15822	0.84122	8.9087e-05	0.00046937
102	0.17497	0.82448	9.6887e-05	0.00045247
103	0.088426	0.91103	4.8274e-05	0.00049197
104	0.058288	0.94118	3.1315e-05	0.00049979
105	0.048415	0.95106	2.5556e-05	0.00049639
106	0.033293	0.96619	1.7301e-05	0.00049555
107	0.02956	0.96994	1.5089e-05	0.00048865
108	0.02992	0.96958	1.5001e-05	0.00047968
109	0.03509	0.96442	1.7281e-05	0.00046841
110	0.017009	0.98251	8.3124e-06	0.00046837
111	0.009745	0.98979	4.7705e-06	0.00046296
112	0.0079648	0.99158	3.8806e-06	0.00045489
113	0.0081046	0.99145	3.9172e-06	0.00044594
114	0.010494	0.98907	5.0155e-06	0.00043599
115	0.011993	0.98758	5.6679e-06	0.00042647
116	0.016783	0.98279	7.826e-06	0.0004155
117	0.029203	0.97038	1.3433e-05	0.00040114
118	0.059954	0.93964	2.7207e-05	0.00037867
119	0.14775	0.85185	6.5829e-05	0.00033133
120	0.39787	0.60174	0.00017352	0.00021491
121	0.39307	0.60655	0.00016886	0.00021091
122	0.40428	0.59535	0.00017047	0.00020062
123	0.44494	0.5547	0.00018379	0.00017858
124	0.47487	0.52477	0.00019226	0.00016148
125	0.47503	0.52462	0.00018903	0.00015614
126	0.49032	0.50934	0.00019138	0.0001453
127	0.45466	0.54502	0.0001776	0.00015057
128	0.44307	0.55661	0.00017117	0.00014855
129	0.44558	0.55411	0.00016928	0.00014207
130	0.36251	0.63718	0.00013745	0.00017396
131	0.26499	0.7347	0.00010007	0.00021138
132	0.2355	0.76419	8.8583e-05	0.00022289
133	0.20469	0.795	7.6592e-05	0.00023489
134	0.19321	0.80648	7.1943e-05	0.00023956
135	0.19331	0.80638	7.1435e-05	0.0002401
136	0.16966	0.83003	6.245e-05	0.00024913
137	0.16558	0.8341	6.0582e-05	0.00025102
138	0.17067	0.82902	6.1796e-05	0.00024985
139	0.15734	0.84234	5.676e-05	0.00025493
140	0.15717	0.84252	5.631e-05	0.00025542
141	0.16664	0.83304	5.8972e-05	0.0002528
142	0.17148	0.82821	6.0173e-05	0.00025163
143	0.18907	0.81062	6.5341e-05	0.00024651
144	0.23244	0.76725	7.8357e-05	0.00023354
145	0.26172	0.73796	8.7168e-05	0.00022479
146	0.33147	0.66822	0.00010836	0.00020367
147	0.50369	0.496	0.000161	0.00015112
148	0.99476	0.0049236	0.00031067	1.5117e-06
149	0.99494	0.0047514	0.0003108	1.4656e-06
150	0.99783	0.0018622	0.0003118	5.744e-07
151	0.99677	0.0029176	0.00031156	9.0616e-07
152	0.99125	0.0084402	0.00030994	2.6276e-06
153	0.98586	0.013826	0.00030834	4.3138e-06
154	0.98595	0.013735	0.00030843	4.2919e-06
155	0.97951	0.020174	0.0003065	6.308e-06
156	0.97958	0.02011	0.00030658	6.2948e-06
157	0.98405	0.015635	0.00030807	4.895e-06
158	0.98816	0.011526	0.00030941	3.6145e-06
159	0.9993	0.00038765	0.00031299	1.2206e-07
160	0.99722	0.0024618	0.00031244	7.7181e-07
161	0.99742	0.0022621	0.00031258	7.1067e-07
162	0.99958	0.00010238	0.00031336	3.2284e-08
163	0.99953	0.00015963	0.00031346	5.0038e-08
164	0.99943	0.00025938	0.00031353	8.1606e-08
165	0.9996	8.4402e-05	0.0003137	2.6434e-08
166	0.99352	0.0061698	0.00031194	1.9207e-06
167	0.97346	0.02623	0.00030578	8.1901e-06
168	0.96823	0.031458	0.00030424	9.8334e-06
169	0.96999	0.029701	0.00030485	9.2927e-06
170	0.97792	0.021766	0.00030743	6.8072e-06
171	0.98504	0.014642	0.00030973	4.5821e-06
172	0.98534	0.014342	0.00030992	4.4881e-06
173	0.98074	0.01895	0.00030854	5.939e-06
174	0.97573	0.023954	0.00030701	7.5211e-06
175	0.94918	0.050508	0.00029873	1.5869e-05
176	0.94223	0.057459	0.00029659	1.8068e-05
177	0.94444	0.055242	0.0002973	1.7387e-05
178	0.94473	0.054957	0.00029743	1.7306e-05
179	0.95546	0.044222	0.00030082	1.3952e-05
180	0.98234	0.017346	0.00030931	5.5057e-06
181	0.98798	0.011703	0.00031115	3.7259e-06
182	0.9921	0.0075895	0.00031253	2.4228e-06
183	0.99529	0.0043976	0.00031365	1.4065e-06
184	0.99568	0.0040078	0.0003139	1.2794e-06
185	0.99642	0.003268	0.00031423	1.0442e-06
186	0.99698	0.0027052	0.00031452	8.6376e-07
187	0.99573	0.0039552	0.00031423	1.2613e-06
188	0.99652	0.0031661	0.00031459	1.0102e-06
189	0.99713	0.00255	0.00031492	8.1249e-07
190	0.97696	0.022725	0.00030864	7.2073e-06
191	0.96952	0.030165	0.00030642	9.5577e-06
192	0.96917	0.030515	0.00030642	9.6729e-06
193	0.95891	0.040774	0.00030331	1.2913e-05
194	0.94711	0.052572	0.00029969	1.6653e-05
195	0.89466	0.10502	0.00028311	3.3332e-05
196	0.82594	0.17374	0.00026146	5.5099e-05
197	0.74563	0.25405	0.00023602	8.0629e-05
198	0.71884	0.28084	0.00022754	8.9195e-05
199	0.40827	0.59141	0.00012821	0.00018859
200	0.28194	0.71775	8.7979e-05	0.0002289
201	0.23101	0.76867	7.1838e-05	0.00024513
202	0.21162	0.78807	6.5726e-05	0.00025134
203	0.20892	0.79077	6.4862e-05	0.00025229
204	0.21647	0.78321	6.7241e-05	0.00025001
205	0.23987	0.75981	7.4629e-05	0.00024273
206	0.23812	0.76156	7.4118e-05	0.00024336
207	0.24837	0.75131	7.7416e-05	0.00024019
208	0.25332	0.74636	7.9061e-05	0.00023868
209	0.27419	0.72549	8.5809e-05	0.00023208
210	0.34578	0.6539	0.00010872	0.0002093
211	0.51184	0.48784	0.00016207	0.0001561
212	0.98543	0.014255	0.00031371	4.5939e-06
213	0.98692	0.012763	0.00031434	4.1131e-06
214	0.51036	0.48932	0.00016171	0.00015687
215	0.31631	0.68337	9.9827e-05	0.0002189
216	0.23758	0.7621	7.4838e-05	0.00024405
217	0.20634	0.79334	6.4985e-05	0.00025407
218	0.19954	0.80015	6.2847e-05	0.00025636
219	0.20349	0.79619	6.4149e-05	0.00025523
220	0.22162	0.77806	7.0001e-05	0.00024955
221	0.2843	0.71538	9.0053e-05	0.00022967
222	0.42979	0.56989	0.00013677	0.00018312
223	0.53398	0.4657	0.00017017	0.00014988
224	0.53387	0.46581	0.00017025	0.00014998
225	0.53306	0.46662	0.00017007	0.00015032
226	0.42381	0.57587	0.00013524	0.00018532
227	0.31256	0.68712	9.9598e-05	0.00022112
228	0.26794	0.73174	8.539e-05	0.00023549
229	0.2115	0.78818	6.7469e-05	0.0002536
230	0.1931	0.80658	6.1625e-05	0.00025961
231	0.19198	0.8077	6.1292e-05	0.0002601
232	0.16811	0.83157	5.3621e-05	0.00026791
233	0.15982	0.83986	5.0979e-05	0.00027071
234	0.16164	0.83804	5.1599e-05	0.00027025
235	0.1779	0.82177	5.6841e-05	0.00026516
236	0.21827	0.78141	6.988e-05	0.00025228
237	0.31871	0.68096	0.00010245	0.00021988
238	0.24441	0.75527	7.8591e-05	0.00024389
239	0.22249	0.77719	7.1539e-05	0.00025109
240	0.21579	0.78388	6.9422e-05	0.00025336
241	0.2086	0.79108	6.7122e-05	0.0002558
242	0.21161	0.78807	6.8133e-05	0.00025494
243	0.23159	0.76809	7.4601e-05	0.00024861
244	0.2999	0.69978	9.6581e-05	0.00022675
245	0.45832	0.54136	0.00014776	0.00017571
246	0.84751	0.15217	0.0002741	4.9522e-05
247	0.85263	0.14705	0.00027585	4.7896e-05
248	0.87585	0.12383	0.00028343	4.0432e-05
249	0.93173	0.067943	0.00030164	2.235e-05
250	0.94572	0.053958	0.00030626	1.7848e-05
251	0.93623	0.063446	0.00030323	2.0998e-05
252	0.93515	0.064523	0.000303	2.1374e-05
253	0.94306	0.05662	0.00030568	1.8825e-05
254	0.9247	0.074973	0.00029975	2.4906e-05
255	0.91912	0.08056	0.00029805	2.6764e-05
256	0.91367	0.086009	0.00029637	2.8592e-05
257	0.91582	0.083853	0.00029722	2.791e-05
258	0.92718	0.072497	0.00030111	2.4195e-05
259	0.92546	0.074215	0.00030073	2.477e-05
260	0.93094	0.068735	0.00030275	2.2963e-05
261	0.94767	0.052005	0.00030854	1.7407e-05
262	0.95015	0.049523	0.00030963	1.6572e-05
263	0.96129	0.038387	0.00031363	1.2837e-05
264	0.99954	0.00013312	0.00032667	4.4808e-08
265	0.99856	0.0011095	0.00032662	3.6477e-07
266	0.99891	0.00076751	0.00032702	2.5162e-07
267	0.99965	2.6316e-05	0.00032753	8.6658e-09
268	0.99959	7.924e-05	0.00032779	2.599e-08
269	0.99903	0.00063919	0.00032787	2.1069e-07
270	0.9996	6.9482e-05	0.00032834	2.2947e-08
271	0.99906	0.00060924	0.00032843	2.0182e-07
272	0.9987	0.0009737	0.00032859	3.2244e-07
273	0.99966	1.0201e-05	0.00032921	3.3872e-09
274	0.99959	8.2652e-05	0.00032951	2.7141e-08
275	0.99869	0.00098455	0.00032952	3.2459e-07
276	0.99936	0.00030855	0.00033002	1.0286e-07
277	0.89569	0.10398	0.00029578	3.4645e-05
278	0.85999	0.13967	0.00028409	4.6621e-05
279	0.84948	0.15019	0.00028076	5.021e-05
280	0.83358	0.16609	0.00027567	5.5585e-05
281	0.76707	0.23259	0.00025352	7.7998e-05
282	0.74132	0.25835	0.0002451	8.6704e-05
283	0.71524	0.28443	0.00023651	9.5566e-05
284	0.70707	0.2926	0.00023395	9.8403e-05
285	0.6932	0.30646	0.00022951	0.00010313
286	0.67287	0.3268	0.00022295	0.00011001
287	0.65148	0.34819	0.00021597	0.00011728
288	0.64718	0.35249	0.00021475	0.00011881
289	0.64085	0.35881	0.00021281	0.00012105
290	0.65024	0.34942	0.0002161	0.00011803
291	0.68661	0.31306	0.00022835	0.00010605
292	0.63569	0.36398	0.00021117	0.00012347
293	0.61701	0.38266	0.00020498	0.00012993
294	0.61356	0.38611	0.00020395	0.00013123
295	0.57489	0.42478	0.0001911	0.00014438
296	0.53036	0.4693	0.00017618	0.00015957
297	0.51329	0.48637	0.00017057	0.00016547
298	0.42452	0.57514	0.00014087	0.00019547
299	0.38708	0.61258	0.00012845	0.0002082
300	0.37448	0.62519	0.00012438	0.0002126
301	0.32149	0.67818	0.00010671	0.00023059
302	0.30158	0.69808	0.00010016	0.00023746
303	0.29672	0.70294	9.8674e-05	0.00023929
304	0.30426	0.6954	0.00010139	0.00023692
305	0.33545	0.66421	0.00011212	0.00022653
306	0.4099	0.58976	0.00013771	0.00020129
307	0.64895	0.35071	0.00021939	0.00011995
308	0.81716	0.1825	0.00027728	6.2395e-05
309	0.9813	0.018365	0.00033368	6.332e-06
310	0.97899	0.020669	0.00033324	7.1238e-06
311	0.98101	0.018651	0.0003343	6.4293e-06
312	0.9905	0.0091632	0.00033791	3.1707e-06
313	0.99213	0.0075309	0.00033885	2.6068e-06
314	0.99312	0.0065346	0.00033959	2.2587e-06
315	0.9993	0.00035971	0.00034209	1.2536e-07
316	0.93542	0.064238	0.0003205	2.2101e-05
317	0.91375	0.085906	0.00031336	2.9615e-05
318	0.90605	0.093605	0.00031106	3.2302e-05
319	0.90663	0.09303	0.00031164	3.2132e-05
320	0.91876	0.080891	0.00031618	2.7981e-05
321	0.95163	0.048028	0.00032795	1.6614e-05
322	0.96053	0.039123	0.0003314	1.3551e-05
323	0.96659	0.033069	0.0003339	1.1457e-05
324	0.9895	0.01015	0.00034223	3.5204e-06
325	0.98982	0.0098329	0.00034274	3.4088e-06
326	0.99458	0.005069	0.00034478	1.7558e-06
327	0.99964	1.2349e-05	0.0003469	4.2783e-09
328	0.99704	0.0026134	0.00034639	9.0267e-07
329	0.99697	0.0026871	0.00034673	9.2908e-07
330	0.99964	1.0819e-05	0.000348	3.763e-09
331	0.99818	0.001472	0.00034786	5.132e-07
332	0.97755	0.022097	0.00034108	7.6825e-06
333	0.96991	0.029744	0.00033883	1.0337e-05
334	0.96942	0.030235	0.00033904	1.0514e-05
335	0.97549	0.02416	0.00034152	8.4044e-06
336	0.99782	0.0018259	0.00034964	6.351e-07
337	0.99534	0.0043051	0.00034914	1.5001e-06
338	0.99566	0.0039911	0.0003496	1.3918e-06
339	0.99959	6.1961e-05	0.0003513	2.1573e-08
340	0.99942	0.00023291	0.00035155	8.1918e-08
341	0.99877	0.00087337	0.00035165	3.0649e-07
342	0.99965	1.1204e-06	0.00035227	2.8856e-10
343	0.99867	0.00097797	0.00035232	2.3283e-07
344	0.9981	0.001542	0.00036055	4.7174e-07
345	0.99905	0.00058129	0.0003694	1.8943e-07
346	0.99809	0.0015326	0.00037768	5.6074e-07
347	0.99704	0.0025681	0.000386	9.7805e-07
348	0.99807	0.0015309	0.00039508	6.0015e-07
349	0.99561	0.0039864	0.00040272	1.619e-06
350	0.99559	0.0039933	0.00041144	1.6605e-06
351	0.99802	0.0015579	0.00042129	6.6563e-07
352	0.99264	0.006929	0.0004279	3.0076e-06
353	0.99202	0.0075368	0.00043647	3.3449e-06
354	0.99431	0.0052377	0.00044644	2.3793e-06
355	0.99327	0.0062676	0.00045503	2.9012e-06
356	0.99484	0.0046893	0.00046493	2.2128e-06
357	0.99678	0.0027483	0.00047497	1.3273e-06
358	0.99645	0.00306	0.00048406	1.5045e-06
359	0.99806	0.0014421	0.0004942	7.2354e-07
360	0.99947	2.8452e-05	0.00050437	1.4646e-08
361	0.99911	0.00037944	0.00051375	1.9672e-07
362	0.99902	0.00045918	0.00052337	2.4248e-07
363	0.99825	0.0012206	0.00053274	6.5369e-07
364	0.99787	0.0015843	0.00054226	8.6601e-07
365	0.99748	0.0019719	0.00055185	1.0969e-06
366	0.99705	0.0023823	0.00056154	1.346e-06
367	0.99704	0.002384	0.00057139	1.3718e-06
368	0.99905	0.00036732	0.00058254	2.142e-07
369	0.99899	0.00042065	0.00059244	2.4911e-07
370	0.99671	0.0026869	0.00060096	1.6224e-06
371	0.9966	0.0027851	0.00061088	1.7064e-06
372	0.99926	0.00011578	0.00062246	7.2507e-08
373	0.99915	0.00021877	0.00063246	1.3908e-07
374	0.99691	0.0024423	0.00064119	1.5704e-06
375	0.99476	0.0045903	0.00064988	3.0029e-06
376	0.99492	0.0044188	0.00066018	2.9333e-06
377	0.99824	0.001088	0.00067256	7.3648e-07
378	0.99891	0.00040442	0.00068331	2.7866e-07
379	0.99893	0.00037587	0.00069372	2.6225e-07
380	0.99831	0.00098114	0.0007038	6.9072e-07
381	0.99928	1.1058e-07	0.00071494	1.2799e-10
382	0.99821	0.0010684	0.00071669	7.6653e-07
383	0.99737	0.0019141	0.00071857	1.381e-06
384	0.99815	0.0011258	0.00072167	8.1329e-07
385	0.99918	9.2487e-05	0.00072493	6.6866e-08
386	0.99927	7.43e-06	0.00072747	5.4263e-09
387	0.99927	3.6801e-06	0.00073	2.7128e-09
388	0.99804	0.0012243	0.00073159	9.1027e-07
389	0.99676	0.0025007	0.00073317	1.8637e-06
390	0.99732	0.0019402	0.00073617	1.4551e-06
391	0.98067	0.018585	0.00072638	1.3869e-05
392	0.96361	0.035642	0.00071612	2.673e-05
393	0.95732	0.041939	0.00071393	3.1555e-05
394	0.9306	0.068654	0.00069624	5.1858e-05
395	0.92102	0.078225	0.00069148	5.927e-05
396	0.92154	0.077711	0.00069427	5.9116e-05
397	0.90737	0.09187	0.00068597	7.0085e-05
398	0.89123	0.10801	0.00067603	8.2684e-05
399	0.88676	0.11247	0.00067501	8.639e-05
400	0.89417	0.10506	0.00068302	8.1038e-05
401	0.91728	0.081954	0.00070325	6.3517e-05
402	0.97242	0.026806	0.00074858	2.0923e-05
403	0.9692	0.030025	0.00074882	2.3475e-05
404	0.9711	0.028122	0.00075309	2.2036e-05
405	0.98264	0.016581	0.0007649	1.3032e-05
406	0.98539	0.013827	0.0007698	1.091e-05
407	0.99392	0.0052958	0.00077934	4.1874e-06
408	0.99595	0.0032639	0.00078372	2.591e-06
409	0.99319	0.0060255	0.00078428	4.7954e-06
410	0.99326	0.005951	0.00078713	4.7502e-06
411	0.99601	0.0031934	0.00079218	2.552e-06
412	0.99913	7.3783e-05	0.00079749	5.9383e-08
413	0.99917	2.6862e-05	0.00080039	2.1521e-08
414	0.99621	0.0029893	0.00080094	2.3872e-06
415	0.95254	0.046653	0.00076871	3.7496e-05
416	0.93973	0.059459	0.00076106	4.8e-05
417	0.93856	0.06063	0.00076274	4.9147e-05
418	0.9351	0.064084	0.00076261	5.2138e-05
419	0.93825	0.060933	0.00076794	4.9725e-05
420	0.95354	0.045639	0.00078319	3.7349e-05
421	0.95556	0.043617	0.00078757	3.5827e-05
422	0.96733	0.03184	0.00079995	2.6282e-05
423	0.99802	0.0011475	0.00082815	9.5826e-07
424	0.98388	0.01529	0.00081925	1.2784e-05
425	0.97848	0.020687	0.00081767	1.7337e-05
426	0.97783	0.021333	0.0008201	1.7921e-05
427	0.97677	0.02239	0.00082214	1.8866e-05
428	0.98118	0.017979	0.00082876	1.5209e-05
429	0.99818	0.00097183	0.00084599	9.0408e-07
430	0.99675	0.002399	0.00084761	2.2667e-06
431	0.97807	0.021075	0.00083277	2.006e-05
432	0.97124	0.027903	0.00082912	2.6703e-05
433	0.94728	0.05186	0.00080892	4.9874e-05
434	0.91393	0.085208	0.00077963	8.2177e-05
435	0.90162	0.097515	0.00077042	9.4454e-05
436	0.69955	0.29958	0.00057861	0.00028936
437	0.62925	0.36988	0.00051238	0.00035868
438	0.60642	0.39271	0.0004915	0.00038262
439	0.25622	0.74291	0.00020821	0.00066741
440	0.13335	0.86577	0.00010839	0.00076873
441	0.095167	0.90395	7.7292e-05	0.00080131
442	0.08034	0.91878	6.5364e-05	0.00081475
443	0.077398	0.92172	6.321e-05	0.00081839
444	0.082813	0.9163	6.8166e-05	0.00081492
445	0.076906	0.92221	6.3459e-05	0.00082113
446	0.07819	0.92092	6.4885e-05	0.00082123
447	0.087007	0.91211	7.2936e-05	0.00081472
448	0.069441	0.92967	5.8235e-05	0.00083096
449	0.063573	0.93554	5.3466e-05	0.00083729
450	0.066307	0.9328	5.6082e-05	0.00083621
451	0.055415	0.94369	4.694e-05	0.00084692
452	0.053697	0.94541	4.5632e-05	0.00084978
453	0.057368	0.94174	4.9068e-05	0.00084792
454	0.058046	0.94106	4.984e-05	0.00084871
455	0.064999	0.9341	5.621e-05	0.00084392
456	0.069014	0.93008	6.0007e-05	0.00084173
457	0.081937	0.91716	7.1885e-05	0.00083148
458	0.090085	0.90901	7.9524e-05	0.00082549
459	0.12054	0.87855	0.00010744	0.00079921
460	0.15012	0.84897	0.00013455	0.00077372
461	0.21952	0.77957	0.00019829	0.00071163
462	0.39041	0.60868	0.00035597	0.00055562
463	0.43493	0.56415	0.00039757	0.00051568
464	0.56451	0.43458	0.00051725	0.00039763
465	0.97864	0.020445	0.00089769	1.8808e-05
466	0.98013	0.018951	0.0009007	1.7458e-05
467	0.98852	0.010557	0.00091003	9.7603e-06
468	0.99514	0.003938	0.00091783	3.643e-06
469	0.99464	0.0044357	0.00091901	4.1113e-06
470	0.99648	0.0025926	0.00092241	2.4017e-06
471	0.99871	0.00036232	0.00092614	3.3538e-07
472	0.99871	0.00036633	0.00092777	3.4046e-07
473	0.99809	0.00097674	0.00092888	9.0683e-07
474	0.99893	0.00013452	0.00093131	1.2506e-07
475	0.9989	0.00016354	0.0009329	1.5344e-07
476	0.99865	0.00041911	0.00093433	3.9364e-07
477	0.99866	0.00040435	0.00093605	3.7901e-07
478	0.99901	5.0055e-05	0.00093806	4.7365e-08
479	0.99847	0.00059217	0.00093927	5.6002e-07
480	0.99903	3.0982e-05	0.00094157	2.9751e-08
481	0.99562	0.0034342	0.00094014	3.2776e-06
482	0.99487	0.0041891	0.00094127	4.0054e-06
483	0.9962	0.002854	0.00094443	2.7385e-06
484	0.9579	0.041146	0.00090957	3.9466e-05
485	0.78667	0.21238	0.00074759	0.00020336
486	0.71747	0.28158	0.00068308	0.00026982
487	0.40013	0.59891	0.00038225	0.00057263
488	0.30094	0.6981	0.00028803	0.00066882
489	0.25865	0.74039	0.00024821	0.00071064
490	0.097283	0.90176	9.3643e-05	0.00086719
491	0.046743	0.95229	4.4987e-05	0.00091781
492	0.026251	0.97278	2.5322e-05	0.00093947
493	0.020312	0.97872	1.9611e-05	0.00094716
494	0.018632	0.9804	1.803e-05	0.00095074
495	0.02024	0.97879	1.9652e-05	0.00095115
496	0.014838	0.98419	1.4448e-05	0.00095836
497	0.014359	0.98467	1.4005e-05	0.00096081
498	0.018084	0.98094	1.7649e-05	0.00095915
499	0.014694	0.98433	1.4365e-05	0.00096445
500	0.015448	0.98357	1.5118e-05	0.0009657
501	0.019427	0.97959	1.9056e-05	0.00096378
502	0.032173	0.96684	3.1596e-05	0.00095325
503	0.068973	0.93004	6.7711e-05	0.00091913
504	0.15936	0.83965	0.00015698	0.00083188
505	0.1817	0.81731	0.00017929	0.00081158
506	0.23532	0.76369	0.00023279	0.00076012
507	0.38931	0.60969	0.0003857	0.00060924
508	0.50627	0.49273	0.00050302	0.00049397
509	0.7941	0.2049	0.00079274	0.00020634
510	0.99659	0.0024101	0.00099877	2.4381e-06
511	0.99587	0.0031221	0.0010002	3.1511e-06
512	0.99745	0.0015486	0.001004	1.5668e-06
513	0.99729	0.0017011	0.0010059	1.7274e-06
514	0.99503	0.0039618	0.0010058	4.0216e-06
515	0.99514	0.0038449	0.0010081	3.9044e-06
516	0.99861	0.00037444	0.0010138	3.8488e-07
517	0.99586	0.0031186	0.0010133	3.1991e-06
518	0.99544	0.0035398	0.0010151	3.6372e-06
519	0.99784	0.0011426	0.0010198	1.1985e-06
520	0.9843	0.014677	0.0010079	1.5374e-05
521	0.98041	0.018563	0.001006	1.9525e-05
522	0.97663	0.022344	0.0010043	2.3569e-05
523	0.90903	0.089939	0.00093492	9.5179e-05
524	0.88618	0.11278	0.00091262	0.00011974
525	0.87825	0.12072	0.00090615	0.00012851
526	0.86597	0.133	0.00089513	0.00014187
527	0.86425	0.13471	0.0008953	0.00014408
528	0.87262	0.12634	0.00090619	0.00013562
529	0.86853	0.13042	0.00090386	0.00014035
530	0.86421	0.13475	0.00090134	0.00014531
531	0.86957	0.12938	0.0009092	0.00013996
532	0.85966	0.13929	0.00090088	0.00015081
533	0.85969	0.13926	0.00090319	0.00015108
534	0.87291	0.12604	0.00091957	0.00013726
535	0.85126	0.14768	0.00089873	0.0001607
536	0.84688	0.15206	0.00089623	0.00016578
537	0.85193	0.147	0.00090393	0.0001607
538	0.85663	0.1423	0.00091137	0.00015592
539	0.87412	0.12481	0.00093287	0.00013714
540	0.91732	0.081604	0.00098288	8.9881e-05
541	0.94805	0.050873	0.0010195	5.6029e-05
542	0.93315	0.065772	0.0010062	7.2158e-05
543	0.9291	0.069817	0.0010046	7.6603e-05
544	0.68281	0.31611	0.00074138	0.00034259
545	0.60616	0.39275	0.00066005	0.00042669
546	0.58098	0.41794	0.00063421	0.00045527
547	0.27606	0.72284	0.0003008	0.00079141
548	0.15191	0.847	0.00016542	0.00092955
549	0.10153	0.89737	0.00011072	0.00098704
550	0.034636	0.96426	3.7928e-05	0.0010627
551	0.013683	0.98521	1.4995e-05	0.0010884
552	0.0072249	0.99167	7.8868e-06	0.0010983
553	0.0047531	0.99414	5.1751e-06	0.0011038
554	0.0041385	0.99475	4.5086e-06	0.0011074
555	0.0054422	0.99344	5.9404e-06	0.0011088
556	0.0055469	0.99334	6.0595e-06	0.0011115
557	0.0074193	0.99146	8.1422e-06	0.0011123
558	0.012673	0.9862	1.4009e-05	0.0011094
559	0.016024	0.98285	1.7803e-05	0.0011086
560	0.025275	0.9736	2.8289e-05	0.0011011
561	0.048396	0.95047	5.4637e-05	0.0010778
562	0.10184	0.89702	0.00011592	0.0010195
563	0.27246	0.7264	0.00031121	0.00082727
564	0.75841	0.24044	0.00086712	0.00027438
565	0.7514	0.24746	0.00086131	0.00028319
566	0.75561	0.24324	0.00086846	0.00027908
567	0.78254	0.21631	0.00090166	0.00024889
568	0.7627	0.23615	0.00088121	0.00027241
569	0.76044	0.2384	0.00088089	0.00027575
570	0.77055	0.22829	0.00089504	0.00026469
571	0.38401	0.61482	0.00044779	0.00071501
572	0.26301	0.73583	0.00030732	0.00085851
573	0.22589	0.77294	0.00026439	0.00090447
574	0.093676	0.90515	0.00010966	0.0010623
575	0.036322	0.9625	4.2633e-05	0.0011324
576	0.016232	0.98259	1.9026e-05	0.0011591
577	0.0080924	0.99073	9.4844e-06	0.0011717
578	0.0054539	0.99336	6.3762e-06	0.0011779
579	0.0046874	0.99413	5.4795e-06	0.0011819
580	0.0033588	0.99545	3.9211e-06	0.0011866
581	0.0032884	0.99552	3.8485e-06	0.0011899
582	0.0044156	0.99439	5.201e-06	0.0011918
583	0.0049855	0.99381	5.8829e-06	0.0011943
584	0.0045622	0.99423	5.3892e-06	0.001198
585	0.005427	0.99337	6.4392e-06	0.0012003
586	0.0025128	0.99628	2.97e-06	0.001207
587	0.0017894	0.997	2.0988e-06	0.0012112
588	0.0017465	0.99704	2.038e-06	0.0012146
589	0.0023521	0.99643	2.7446e-06	0.0012172
590	0.0040543	0.99472	4.7504e-06	0.0012186
591	0.0098764	0.9889	1.16e-05	0.0012151
592	0.004953	0.99382	5.5788e-06	0.0012245
593	0.002884	0.99588	3.0191e-06	0.0012305
594	0.0021389	0.99662	2.0198e-06	0.001235
595	0.0021663	0.99659	1.8388e-06	0.0012386
596	0.003376	0.99538	2.6896e-06	0.0012413
597	0.0077414	0.99101	6.0145e-06	0.0012414
598	0.010214	0.98854	9.3285e-06	0.0012329
599	0.016586	0.98218	1.7359e-05	0.0012197
600	0.032575	0.96619	3.7313e-05	0.0011946
601	0.078365	0.92041	9.397e-05	0.0011328
602	0.20887	0.78991	0.00025427	0.00096737
603	0.62491	0.37387	0.00076146	0.00045501
604	0.63157	0.36722	0.00076628	0.00044499
605	0.66599	0.33281	0.00080436	0.00040168
606	0.74809	0.25071	0.00089966	0.00030121
607	0.77032	0.22849	0.00092226	0.0002734
608	0.7924	0.20641	0.00094433	0.0002461
609	0.85009	0.14873	0.0010085	0.00017674
610	0.86361	0.13521	0.0010199	0.00016011
611	0.89843	0.1004	0.0010564	0.00011852
612	0.98556	0.013275	0.0011542	1.564e-05
613	0.99198	0.0068587	0.0011568	8.0302e-06
614	0.99867	0.00016898	0.0011596	1.9779e-07
615	0.99878	6.3039e-05	0.0011548	7.3209e-08
616	0.99851	0.0003431	0.0011494	3.98e-07
617	0.99757	0.0012873	0.0011434	1.4833e-06
618	0.998	0.00086233	0.001139	9.884e-07
619	0.96423	0.034638	0.0010956	3.9513e-05
620	0.95119	0.04768	0.0010762	5.4089e-05
621	0.94946	0.049417	0.0010695	5.5828e-05
622	0.34737	0.65151	0.00039044	0.0007301
623	0.13599	0.8629	0.00015223	0.00096347
624	0.061819	0.93707	6.8682e-05	0.0010422
625	0.029685	0.96921	3.2774e-05	0.0010733
626	0.01669	0.98221	1.8361e-05	0.0010829
627	0.012504	0.9864	1.3687e-05	0.0010828
628	0.012107	0.9868	1.3179e-05	0.0010785
629	0.014136	0.98478	1.5323e-05	0.0010716
630	0.020091	0.97883	2.1724e-05	0.0010605
631	0.040113	0.95881	4.3185e-05	0.0010343
632	0.089378	0.90955	9.6046e-05	0.00097668
633	0.22983	0.7691	0.00024573	0.00082228
634	0.6299	0.36904	0.00066896	0.00039431
635	0.71989	0.27905	0.00076142	0.00029717
636	0.94193	0.057014	0.00099354	6.0426e-05
637	0.94435	0.054604	0.00099183	5.757e-05
638	0.9577	0.041258	0.0010015	4.3269e-05
639	0.99799	0.00097031	0.0010392	1.0115e-06
640	0.99877	0.00019367	0.0010353	2.0324e-07
641	0.9973	0.0016648	0.0010292	1.7363e-06
642	0.99581	0.0031676	0.0010231	3.2831e-06
643	0.99679	0.0021844	0.0010195	2.2704e-06
644	0.99591	0.0030691	0.0010141	3.1798e-06
645	0.99699	0.0020012	0.0010108	2.0805e-06
646	0.95502	0.043974	0.00096332	4.5117e-05
647	0.93751	0.061489	0.00094135	6.2746e-05
648	0.93427	0.064727	0.00093392	6.581e-05
649	0.8608	0.1382	0.00085581	0.00013961
650	0.82982	0.16919	0.00082115	0.00017001
651	0.82305	0.17596	0.00081079	0.00017608
652	0.78057	0.21845	0.00076518	0.00021746
653	0.76796	0.23106	0.00074933	0.00022904
654	0.76748	0.23154	0.00074558	0.00022857
655	0.74187	0.25716	0.00071746	0.00025253
656	0.73687	0.26216	0.00070947	0.00025634
657	0.74326	0.25577	0.00071261	0.00024906
658	0.74607	0.25298	0.00071235	0.00024524
659	0.76726	0.23178	0.00072964	0.00022383
660	0.81967	0.17938	0.00077684	0.00017258
661	0.83282	0.16623	0.00078601	0.00015931
662	0.86963	0.12943	0.00081771	0.00012358
663	0.95623	0.04283	0.0008967	4.0604e-05
664	0.95373	0.045337	0.00089067	4.2699e-05
665	0.95844	0.040634	0.00089136	3.8052e-05
666	0.97599	0.023082	0.00090397	2.1453e-05
667	0.979	0.020083	0.00090285	1.8562e-05
668	0.98138	0.017704	0.00090107	1.6284e-05
669	0.99157	0.0075137	0.00090638	6.897e-06
670	0.99902	6.5926e-05	0.00090919	6.067e-08
671	0.99846	0.00063496	0.0009047	5.7786e-07
672	0.99902	7.7064e-05	0.0009013	6.9209e-08
673	0.99626	0.0028418	0.00089489	2.5383e-06
674	0.99614	0.0029621	0.00089082	2.6343e-06
675	0.99885	0.0002647	0.00088921	2.3534e-07
676	0.99818	0.00093574	0.00088467	8.2879e-07
677	0.99792	0.001202	0.00088045	1.063e-06
678	0.99912	4.9485e-06	0.00087759	4.3381e-09
679	0.99904	8.7847e-05	0.00087356	7.6711e-08
680	0.99799	0.0011423	0.00086865	9.9679e-07
681	0.99828	0.00085138	0.00086496	7.3784e-07
682	0.99787	0.0012662	0.00086064	1.0932e-06
683	0.99748	0.0016646	0.00085638	1.4272e-06
684	0.99913	1.3471e-05	0.00085384	1.1623e-08
685	0.99662	0.0025302	0.00084778	2.1677e-06
686	0.99635	0.0028027	0.00084372	2.3889e-06
687	0.99809	0.0010657	0.00084142	9.0162e-07
688	0.99829	0.00087358	0.00083776	7.3522e-07
689	0.99761	0.0015514	0.00083343	1.2942e-06
690	0.99883	0.00034216	0.00083064	2.8343e-07
691	0.99914	3.3004e-05	0.00082705	2.7417e-08
692	0.99874	0.00043597	0.00082293	3.6037e-07
693	0.99717	0.0020118	0.00081791	1.6491e-06
694	0.99073	0.0084544	0.00080901	6.8689e-06
695	0.9898	0.0093865	0.00080457	7.5924e-06
696	0.99179	0.0074052	0.00080255	5.9454e-06
697	0.98497	0.014228	0.00079343	1.1374e-05
698	0.98395	0.015253	0.00078895	1.2139e-05
699	0.9832	0.016007	0.00078464	1.269e-05
700	0.9818	0.017407	0.0007799	1.3732e-05
701	0.98516	0.01405	0.00077888	1.1025e-05
702	0.99878	0.00043614	0.0007858	3.4113e-07
703	0.99802	0.0011964	0.0007815	9.3283e-07
704	0.99882	0.00040225	0.00077838	3.1222e-07
705	0.99909	0.00013861	0.00077481	1.0854e-07
706	0.99668	0.0025529	0.00076921	1.9913e-06
707	0.99637	0.0028598	0.0007653	2.2212e-06
708	0.99795	0.0012863	0.00076289	9.9989e-07
709	0.99644	0.0027958	0.00075817	2.1514e-06
710	0.99679	0.0024526	0.00075491	1.8776e-06
711	0.99924	2.5662e-06	0.0007533	1.9748e-09
712	0.98643	0.012818	0.00074019	9.6809e-06
713	0.97217	0.02708	0.00072602	2.0396e-05
714	0.96747	0.031789	0.00071917	2.3826e-05
715	0.89757	0.10169	0.00066366	7.5901e-05
716	0.86991	0.12936	0.00064015	9.6027e-05
717	0.86257	0.13669	0.00063173	0.00010102
718	0.85514	0.14413	0.00062324	0.00010607
719	0.85719	0.14208	0.00062179	0.00010412
720	0.8713	0.12798	0.00062915	9.3407e-05
721	0.7877	0.21158	0.00056612	0.00015313
722	0.75959	0.23969	0.0005433	0.00017262
723	0.75482	0.24447	0.00053728	0.00017527
724	0.724	0.27529	0.00051261	0.00019656
725	0.71436	0.28494	0.00050331	0.00020251
726	0.71757	0.28173	0.00050322	0.00019931
727	0.74313	0.25617	0.00051867	0.00018052
728	0.80524	0.19406	0.00055959	0.00013631
729	0.94988	0.049429	0.00065789	3.4762e-05
730	0.94882	0.05049	0.00065413	3.5322e-05
731	0.95579	0.043528	0.00065587	3.0346e-05
732	0.97455	0.024762	0.00066578	1.7241e-05
733	0.9787	0.020617	0.00066558	1.4295e-05
734	0.9772	0.022121	0.00066145	1.5253e-05
735	0.9802	0.019126	0.00066044	1.313e-05
736	0.97718	0.022146	0.0006554	1.5086e-05
737	0.82815	0.17118	0.00055328	0.00011417
738	0.76802	0.23132	0.00051116	0.00015329
739	0.55118	0.44816	0.00036603	0.00029541
740	0.48387	0.51547	0.00032006	0.00033833
741	0.46503	0.53431	0.00030618	0.00034914
742	0.43677	0.56258	0.00028636	0.00036593
743	0.43126	0.56809	0.00028143	0.0003678
744	0.44401	0.55534	0.0002883	0.00035787
745	0.43729	0.56207	0.00028251	0.00036057
746	0.44411	0.55525	0.0002855	0.00035452
747	0.47035	0.52902	0.00030092	0.00033607
748	0.47231	0.52705	0.00030071	0.00033324
749	0.49709	0.50228	0.0003148	0.00031608
750	0.56203	0.43735	0.00035406	0.00027379
751	0.77136	0.22801	0.00048267	0.00014213
752	0.81775	0.18163	0.00050921	0.00011257
753	0.96807	0.031311	0.00059949	1.9256e-05
754	0.96885	0.030534	0.00059698	1.8693e-05
755	0.97709	0.022294	0.00059899	1.3599e-05
756	0.99777	0.0016202	0.00060855	9.8288e-07
757	0.9977	0.0016903	0.00060543	1.0243e-06
758	0.99927	0.00012605	0.00060333	7.6317e-08
759	0.99939	9.241e-06	0.0006004	5.5863e-09
760	0.99934	6.2922e-05	0.00059741	3.7761e-08
761	0.99932	8.9115e-05	0.00059448	5.297e-08
762	0.99875	0.00066057	0.00059119	3.9199e-07
763	0.99706	0.0023557	0.00058721	1.396e-06
764	0.99718	0.002236	0.00058435	1.3191e-06
765	0.99935	6.7333e-05	0.00058273	3.9368e-08
766	0.99862	0.00080272	0.00057938	4.6586e-07
767	0.99817	0.0012554	0.00057617	7.2707e-07
768	0.99907	0.00035527	0.00057377	2.0525e-07
769	0.99925	0.00017929	0.000571	1.0275e-07
770	0.99846	0.00097054	0.00056765	5.5369e-07
771	0.99776	0.0016717	0.0005644	9.4641e-07
772	0.99744	0.0019998	0.00056133	1.1278e-06
773	0.99875	0.00069359	0.00055922	3.8804e-07
774	0.99904	0.00039931	0.00055651	2.2213e-07
775	0.99738	0.0020698	0.00055268	1.149e-06
776	0.9954	0.0040527	0.00054867	2.2435e-06
777	0.99573	0.0037257	0.00054597	2.0517e-06
778	0.99404	0.005411	0.00054215	2.9674e-06
779	0.9947	0.0047561	0.00053965	2.5953e-06
780	0.99818	0.0012764	0.00053872	6.903e-07
781	0.99529	0.0041752	0.0005343	2.2415e-06
782	0.99268	0.0067841	0.00053002	3.6277e-06
783	0.99281	0.0066573	0.00052725	3.5388e-06
784	0.99299	0.0064822	0.00052448	3.429e-06
785	0.99599	0.0034819	0.00052324	1.8284e-06
786	0.99937	0.00011255	0.00052214	5.9058e-08
787	0.99849	0.0009911	0.00051885	5.1566e-07
788	0.99802	0.0014637	0.00051574	7.5964e-07
789	0.99906	0.00042553	0.00051346	2.2059e-07
790	0.99615	0.0033354	0.00050919	1.7097e-06
791	0.99604	0.0034478	0.00050633	1.761e-06
792	0.99803	0.0014634	0.00050457	7.4606e-07
793	0.99671	0.0027876	0.00050111	1.4161e-06
794	0.9972	0.0022977	0.0004986	1.164e-06
795	0.99571	0.0037941	0.00049506	1.9153e-06
796	0.97072	0.028785	0.00047982	1.4407e-05
797	0.96063	0.038876	0.00047218	1.933e-05
798	0.95837	0.041139	0.0004685	2.0332e-05
799	0.9639	0.035611	0.00046859	1.7527e-05
800	0.96744	0.032076	0.00046774	1.5708e-05
801	0.97955	0.019967	0.00047108	9.731e-06
802	0.98895	0.010572	0.00047311	5.1117e-06
803	0.98698	0.012542	0.00046958	6.0145e-06
804	0.98948	0.010047	0.00046816	4.7931e-06
805	0.98037	0.019163	0.00046129	9.0497e-06
806	0.97855	0.020985	0.00045784	9.8533e-06
807	0.98079	0.018742	0.00045635	8.7446e-06
808	0.98192	0.017613	0.00045437	8.1578e-06
809	0.97768	0.021861	0.00044988	1.0054e-05
810	0.97932	0.020224	0.00044806	9.2455e-06
811	0.9893	0.010243	0.00045	4.6668e-06
812	0.99896	0.00059019	0.00045178	2.6934e-07
813	0.99877	0.0007835	0.00044912	3.5532e-07
814	0.99387	0.0056831	0.0004443	2.5649e-06
815	0.99307	0.0064878	0.00044132	2.9186e-06
816	0.99494	0.0046139	0.00043958	2.0746e-06
817	0.98984	0.0097237	0.00043476	4.3344e-06
818	0.98867	0.01089	0.00043175	4.824e-06
819	0.99059	0.0089742	0.00043013	3.9556e-06
820	0.9884	0.011168	0.00042675	4.879e-06
821	0.99005	0.0095243	0.00042501	4.1403e-06
822	0.99642	0.0031544	0.00042534	1.3682e-06
823	0.99598	0.0036	0.00042269	1.5523e-06
824	0.99526	0.00432	0.00041996	1.8493e-06
825	0.99681	0.0027749	0.00041822	1.1827e-06
826	0.99272	0.0068632	0.00041415	2.8835e-06
827	0.99246	0.0071285	0.00041167	2.979e-06
828	0.99515	0.0044405	0.00041044	1.8457e-06
829	0.99512	0.0044735	0.00040806	1.8498e-06
830	0.99522	0.0043764	0.0004057	1.8038e-06
831	0.9979	0.00169	0.00040444	7.0134e-07
832	0.97953	0.020071	0.00039447	8.282e-06
833	0.97281	0.026793	0.00038941	1.0985e-05
834	0.97196	0.027645	0.00038679	1.1275e-05
835	0.97015	0.029459	0.00038383	1.1941e-05
836	0.95931	0.040293	0.00037724	1.6214e-05
837	0.9567	0.042908	0.000374	1.7163e-05
838	0.90213	0.097486	0.0003502	3.8663e-05
839	0.87936	0.12026	0.00033921	4.7366e-05
840	0.87403	0.12558	0.00033509	4.9193e-05
841	0.84373	0.15588	0.00032137	6.064e-05
842	0.80058	0.19904	0.00030293	7.6832e-05
843	0.74002	0.2596	0.00027816	9.9377e-05
844	0.71518	0.28444	0.00026721	0.00010813
845	0.70863	0.291	0.00026324	0.00010993
846	0.71472	0.28491	0.00026406	0.00010696
847	0.74675	0.25288	0.00027448	9.4384e-05
848	0.85281	0.14683	0.00031203	5.465e-05
849	0.92786	0.071774	0.00033786	2.6655e-05
850	0.93083	0.068809	0.00033699	2.5395e-05
851	0.9462	0.053444	0.00034059	1.9641e-05
852	0.98595	0.013692	0.00035306	5.0554e-06
853	0.98349	0.016155	0.00035011	5.9088e-06
854	0.98494	0.01471	0.00034861	5.3469e-06
855	0.99153	0.0081138	0.00034898	2.9374e-06
856	0.98288	0.016768	0.00034389	5.9758e-06
857	0.94342	0.056235	0.00032809	1.9742e-05
858	0.76477	0.23489	0.00026385	8.1929e-05
859	0.51937	0.48029	0.0001776	0.00016616
860	0.44299	0.55667	0.00015023	0.00019148
861	0.41325	0.58641	0.00013919	0.0002005
862	0.4087	0.59097	0.00013677	0.00020088
863	0.41768	0.58199	0.00013893	0.0001967
864	0.44793	0.55174	0.00014818	0.00018544
865	0.54906	0.45061	0.00018067	0.00015094
866	0.78323	0.21644	0.00025673	7.2881e-05
867	0.79943	0.20025	0.00026051	6.7132e-05
868	0.70865	0.29102	0.0002291	9.6589e-05
869	0.57983	0.41985	0.00018543	0.00013829
870	0.52476	0.47492	0.00016641	0.00015536
871	0.44738	0.5523	0.00014051	0.00017932
872	0.42189	0.57779	0.00013145	0.00018644
873	0.41943	0.58026	0.00012977	0.00018616
874	0.41639	0.58329	0.0001279	0.00018605
875	0.42609	0.5736	0.00013	0.00018199
876	0.4578	0.54189	0.00013884	0.0001712
877	0.43787	0.56182	0.00013176	0.00017636
878	0.43684	0.56286	0.00013053	0.00017565
879	0.44911	0.55059	0.00013336	0.0001709
880	0.43704	0.56266	0.00012882	0.00017354
881	0.43823	0.56147	0.00012834	0.00017213
882	0.43698	0.56272	0.0001271	0.00017147
883	0.43376	0.56594	0.00012526	0.00017139
884	0.42507	0.57463	0.00012184	0.00017291
885	0.42902	0.57069	0.00012217	0.0001707
886	0.40522	0.59449	0.00011445	0.00017654
887	0.39864	0.60107	0.00011182	0.00017732
888	0.40541	0.5943	0.00011305	0.00017426
889	0.4063	0.59342	0.00011261	0.00017288
890	0.4021	0.59762	0.00011076	0.00017294
891	0.39277	0.60695	0.00010751	0.0001744
892	0.37835	0.62137	0.00010291	0.00017723
893	0.37753	0.62219	0.00010212	0.00017626
894	0.38972	0.61	0.00010497	0.00017168
895	0.39947	0.60025	0.00010707	0.00016783
896	0.34226	0.65746	9.1063e-05	0.00018206
897	0.32057	0.67916	8.4753e-05	0.00018662
898	0.23922	0.76051	6.2705e-05	0.0002069
899	0.20688	0.79285	5.3854e-05	0.000214
900	0.19802	0.80171	5.1204e-05	0.00021489
901	0.202	0.79774	5.1922e-05	0.00021239
902	0.20169	0.79805	5.1523e-05	0.00021103
903	0.21306	0.78668	5.4175e-05	0.00020662
904	0.21949	0.78026	5.5526e-05	0.00020353
905	0.24662	0.75313	6.2175e-05	0.00019514
906	0.33669	0.66306	8.4788e-05	0.00017076
907	0.40138	0.59837	0.00010072	0.00015308
908	0.55184	0.44791	0.00013832	0.00011374
909	0.98116	0.018591	0.0002455	4.8104e-06
910	0.96313	0.036619	0.00023923	9.362e-06
911	0.95813	0.041624	0.00023627	1.0575e-05
912	0.95887	0.04088	0.00023479	1.0332e-05
913	0.95846	0.041298	0.00023299	1.0385e-05
914	0.96387	0.035887	0.00023264	9.0069e-06
915	0.97912	0.020643	0.00023468	5.2586e-06
916	0.93908	0.060681	0.00022292	1.5297e-05
917	0.92366	0.0761	0.00021747	1.9042e-05
918	0.92087	0.078897	0.00021514	1.9646e-05
919	0.92734	0.072424	0.000215	1.8043e-05
920	0.9315	0.068265	0.00021433	1.6997e-05
921	0.9517	0.048072	0.0002173	1.2285e-05
922	0.9542	0.045575	0.00021593	1.1483e-05
923	0.96439	0.035388	0.00021647	8.806e-06
924	0.99963	0.00014801	0.00022307	3.6515e-08
925	0.99501	0.0047675	0.00021991	1.0541e-06
926	0.99014	0.0096459	0.00021669	2.1118e-06
927	0.99007	0.009714	0.00021452	2.1079e-06
928	0.93241	0.067372	0.00019986	1.4555e-05
929	0.85214	0.14764	0.00018072	3.152e-05
930	0.82813	0.17166	0.00017375	3.6284e-05
931	0.74483	0.25496	0.00015438	5.3431e-05
932	0.70978	0.29002	0.00014547	6.0141e-05
933	0.69702	0.30277	0.00014131	6.2113e-05
934	0.68157	0.31823	0.00013664	6.4585e-05
935	0.67991	0.31989	0.00013481	6.4224e-05
936	0.69192	0.30788	0.00013573	6.1147e-05
937	0.68215	0.31766	0.00013231	6.2384e-05
938	0.68471	0.3151	0.00013134	6.1191e-05
939	0.70286	0.29695	0.00013338	5.7013e-05
940	0.76748	0.23233	0.0001441	4.4132e-05
