#coord	neutral	conserved	gBGC.neutral	gBGC.conserved
1	0.96698	0.032915	0.00010431	3.5745e-06
2	0.98858	0.011317	0.00010502	1.2122e-06
3	0.99322	0.0066705	0.00010391	7.0113e-07
4	0.99751	0.0023877	0.00010273	2.4583e-07
5	0.99852	0.0013744	0.00010118	1.3882e-07
6	0.9999	3.145e-06	9.9651e-05	3.1436e-10
7	0.9999	5.7089e-06	9.8006e-05	5.5771e-10
8	0.99984	6.5774e-05	9.634e-05	6.3857e-09
9	0.99984	6.6557e-05	9.4706e-05	6.3554e-09
10	0.99987	3.5793e-05	9.3099e-05	3.3688e-09
11	0.99971	0.00019445	9.1499e-05	1.7929e-08
12	0.99988	2.8354e-05	8.9955e-05	2.5757e-09
13	0.99989	2.2475e-05	8.8418e-05	2.0071e-09
14	0.99981	0.00010749	8.6896e-05	9.4395e-09
15	0.99966	0.00025663	8.5392e-05	2.212e-08
16	0.99981	0.00010483	8.3937e-05	8.8931e-09
17	0.99988	3.6071e-05	8.2497e-05	3.0108e-09
18	0.99974	0.00017561	8.1062e-05	1.4333e-08
19	0.99991	1.0439e-05	7.9672e-05	8.3463e-10
20	0.99934	0.00057938	7.8212e-05	4.5657e-08
21	0.99986	6.2957e-05	7.6859e-05	4.8984e-09
22	0.99985	7.8852e-05	7.5484e-05	6.0132e-09
23	0.99982	0.00010124	7.4129e-05	7.5872e-09
24	0.99975	0.0001763	7.279e-05	1.2954e-08
25	0.9994	0.00053346	7.1453e-05	3.8269e-08
26	0.99921	0.00072427	7.0147e-05	5.0686e-08
27	0.99942	0.00051469	6.8856e-05	3.5296e-08
28	0.99914	0.00078843	6.7518e-05	5.3253e-08
29	0.99906	0.00086941	6.6215e-05	5.7354e-08
30	0.99929	0.00064206	6.4919e-05	4.1444e-08
31	0.99991	2.3069e-05	6.3635e-05	1.4707e-09
32	0.99923	0.00070372	6.2288e-05	4.3887e-08
33	0.99898	0.00095964	6.0967e-05	5.8605e-08
34	0.99915	0.0007911	5.967e-05	4.7302e-08
35	0.99974	0.00019792	5.8395e-05	1.1635e-08
36	0.99993	1.0163e-05	5.7116e-05	5.8595e-10
37	0.99994	6.6077e-08	5.5846e-05	3.6923e-12
38	0.99908	0.0008643	5.4516e-05	4.7436e-08
39	0.99832	0.0016224	5.3214e-05	8.666e-08
40	0.99931	0.00063765	5.1992e-05	3.352e-08
41	0.99927	0.00068029	5.0734e-05	3.4983e-08
42	0.99944	0.00051175	4.9505e-05	2.5713e-08
43	0.99982	0.00012893	4.8305e-05	6.375e-09
44	0.99783	0.002119	4.7008e-05	1.01e-07
45	0.9956	0.0043579	4.5722e-05	2.0181e-07
46	0.99579	0.0041625	4.4569e-05	1.8747e-07
47	0.99636	0.0035979	4.3419e-05	1.5794e-07
48	0.99967	0.00028401	4.2403e-05	1.1937e-08
49	0.99992	3.9376e-05	4.1268e-05	1.1228e-09
50	0.99996	6.5372e-07	4.1465e-05	2.5782e-11
51	0.9998	0.00016319	4.1646e-05	6.8402e-09
52	0.99995	4.0299e-06	4.1846e-05	1.6967e-10
53	0.99898	0.00097566	4.2004e-05	4.0906e-08
54	0.99959	0.00036476	4.2221e-05	1.5466e-08
55	0.99973	0.00023203	4.2423e-05	9.8995e-09
56	0.99957	0.00039116	4.262e-05	1.6651e-08
57	0.99983	0.00013135	4.2826e-05	5.6454e-09
58	0.99947	0.00048988	4.3013e-05	2.1055e-08
59	0.99953	0.00042742	4.3209e-05	1.8551e-08
60	0.99981	0.000143	4.3421e-05	6.2382e-09
61	0.99776	0.0021932	4.3537e-05	9.5376e-08
62	0.98983	0.010127	4.3385e-05	4.4402e-07
63	0.98188	0.018075	4.3221e-05	7.9831e-07
64	0.9799	0.020053	4.3326e-05	8.8917e-07
65	0.98219	0.017763	4.3627e-05	7.8978e-07
66	0.99219	0.0077674	4.4266e-05	3.4549e-07
67	0.99474	0.0052146	4.4567e-05	2.3271e-07
68	0.99758	0.0023705	4.4873e-05	1.0662e-07
69	0.99987	8.2935e-05	4.5161e-05	3.7416e-09
70	0.99916	0.00079799	4.5307e-05	3.6329e-08
71	0.9996	0.00035111	4.5511e-05	1.5972e-08
72	0.99971	0.00024547	4.5692e-05	1.1223e-08
73	0.99528	0.0046734	4.5673e-05	2.133e-07
74	0.99483	0.005121	4.5826e-05	2.3486e-07
75	0.99769	0.0022601	4.6124e-05	1.0475e-07
76	0.99591	0.004043	4.6214e-05	1.8834e-07
77	0.99667	0.0032808	4.6415e-05	1.5414e-07
78	0.99723	0.0027257	4.6613e-05	1.2894e-07
79	0.99065	0.0092993	4.6481e-05	4.3932e-07
80	0.98939	0.010564	4.659e-05	5.0163e-07
81	0.99116	0.0087949	4.6849e-05	4.1961e-07
82	0.98393	0.016018	4.667e-05	7.678e-07
83	0.98223	0.017723	4.6761e-05	8.5219e-07
84	0.98458	0.015376	4.7054e-05	7.4145e-07
85	0.84932	0.15064	4.0803e-05	7.1809e-06
86	0.80253	0.19743	3.8713e-05	9.453e-06
87	0.78513	0.21482	3.8034e-05	1.032e-05
88	0.76511	0.23484	3.7212e-05	1.1324e-05
89	0.76275	0.2372	3.7231e-05	1.148e-05
90	0.77728	0.22267	3.8062e-05	1.0817e-05
91	0.81792	0.18203	4.0189e-05	8.8635e-06
92	0.78383	0.21612	3.8648e-05	1.0572e-05
93	0.739	0.26095	3.6584e-05	1.2809e-05
94	0.5848	0.41515	2.9082e-05	2.0477e-05
95	0.36996	0.62999	1.847e-05	3.125e-05
96	0.30313	0.69682	1.5169e-05	3.4706e-05
97	0.21489	0.78506	1.0799e-05	3.9235e-05
98	0.1796	0.82035	9.0728e-06	4.1123e-05
99	0.17088	0.82907	8.6634e-06	4.1689e-05
100	0.15737	0.84258	8.016e-06	4.2497e-05
101	0.1583	0.84165	8.0909e-06	4.2578e-05
102	0.17506	0.82489	8.9695e-06	4.1849e-05
103	0.088469	0.91148	4.5504e-06	4.6414e-05
104	0.058316	0.94163	3.0036e-06	4.8102e-05
105	0.048438	0.95151	2.4959e-06	4.8746e-05
106	0.033309	0.96664	1.7173e-06	4.9664e-05
107	0.029573	0.97038	1.5246e-06	4.9991e-05
108	0.029934	0.97001	1.5452e-06	5.0106e-05
109	0.035105	0.96484	1.8167e-06	4.9974e-05
110	0.017017	0.98293	8.7701e-07	5.1049e-05
111	0.009749	0.9902	5.0126e-07	5.1562e-05
112	0.0079681	0.99198	4.083e-07	5.1788e-05
113	0.0081078	0.99184	4.1551e-07	5.1916e-05
114	0.010498	0.98945	5.4016e-07	5.1929e-05
115	0.011997	0.98795	6.1798e-07	5.1985e-05
116	0.016789	0.98316	8.6838e-07	5.187e-05
117	0.029213	0.97073	1.5221e-06	5.1355e-05
118	0.059975	0.93997	3.1537e-06	4.9864e-05
119	0.1478	0.85215	7.7988e-06	4.5356e-05
120	0.398	0.60194	2.1002e-05	3.2284e-05
121	0.3932	0.60675	2.0796e-05	3.2626e-05
122	0.40441	0.59554	2.1437e-05	3.2116e-05
123	0.44508	0.55487	2.3634e-05	3.0044e-05
124	0.47502	0.52493	2.5285e-05	2.8521e-05
125	0.47517	0.52478	2.5355e-05	2.8586e-05
126	0.49046	0.50948	2.6252e-05	2.7827e-05
127	0.45478	0.54517	2.4381e-05	2.9831e-05
128	0.44319	0.55676	2.3819e-05	3.0531e-05
129	0.4457	0.55425	2.4028e-05	3.0464e-05
130	0.3626	0.63734	1.9572e-05	3.5055e-05
131	0.26506	0.73488	1.4281e-05	4.0477e-05
132	0.23556	0.76439	1.2684e-05	4.2198e-05
133	0.20474	0.7952	1.0996e-05	4.4006e-05
134	0.19326	0.80668	1.0381e-05	4.4744e-05
135	0.19336	0.80659	1.0404e-05	4.4846e-05
136	0.16971	0.83024	9.1286e-06	4.6252e-05
137	0.16563	0.83432	8.9188e-06	4.6586e-05
138	0.17071	0.82923	9.2157e-06	4.6417e-05
139	0.15738	0.84256	8.5045e-06	4.7259e-05
140	0.15721	0.84274	8.5113e-06	4.7378e-05
141	0.16669	0.83326	9.0558e-06	4.6963e-05
142	0.17152	0.82842	9.3404e-06	4.6803e-05
143	0.18912	0.81082	1.034e-05	4.593e-05
144	0.2325	0.76745	1.2796e-05	4.3605e-05
145	0.26179	0.73815	1.4483e-05	4.2052e-05
146	0.33155	0.66839	1.8493e-05	3.8179e-05
147	0.50382	0.49612	2.8437e-05	2.8376e-05
148	0.99502	0.0049249	5.6663e-05	2.8529e-07
149	0.99519	0.0047526	5.6815e-05	2.7565e-07
150	0.99808	0.0018627	5.7132e-05	1.08e-07
151	0.99702	0.0029184	5.7214e-05	1.6881e-07
152	0.9915	0.0084423	5.7046e-05	4.8546e-07
153	0.98611	0.01383	5.6876e-05	7.9754e-07
154	0.9862	0.013738	5.7012e-05	7.9527e-07
155	0.97976	0.020179	5.6777e-05	1.1704e-06
156	0.97983	0.020115	5.691e-05	1.1706e-06
157	0.9843	0.015639	5.7307e-05	9.1211e-07
158	0.98841	0.011529	5.7676e-05	6.7524e-07
159	0.99955	0.00038774	5.8467e-05	2.2885e-08
160	0.99748	0.0024624	5.8489e-05	1.4455e-07
161	0.99768	0.0022627	5.8638e-05	1.3347e-07
162	0.99984	0.00010241	5.8908e-05	6.0847e-09
163	0.99978	0.00015967	5.9056e-05	9.4255e-09
164	0.99968	0.00025945	5.9193e-05	1.5426e-08
165	0.99986	8.4424e-05	5.9352e-05	4.9974e-09
166	0.99377	0.0061714	5.9151e-05	3.6294e-07
167	0.9737	0.026237	5.811e-05	1.5526e-06
168	0.96847	0.031466	5.7934e-05	1.8686e-06
169	0.97023	0.029708	5.8166e-05	1.7699e-06
170	0.97817	0.021771	5.8776e-05	1.2987e-06
171	0.98529	0.014645	5.9331e-05	8.7607e-07
172	0.98559	0.014346	5.9485e-05	8.5969e-07
173	0.98098	0.018955	5.9335e-05	1.1404e-06
174	0.97598	0.02396	5.915e-05	1.4479e-06
175	0.94942	0.050521	5.7667e-05	3.0612e-06
176	0.94247	0.057474	5.7357e-05	3.4927e-06
177	0.94468	0.055256	5.7595e-05	3.3684e-06
178	0.94497	0.054971	5.7724e-05	3.3592e-06
179	0.95571	0.044233	5.8481e-05	2.7149e-06
180	0.98259	0.017351	6.0239e-05	1.0759e-06
181	0.98823	0.011706	6.0709e-05	7.3033e-07
182	0.99235	0.0075914	6.1095e-05	4.7626e-07
183	0.99554	0.0043987	6.1433e-05	2.7719e-07
184	0.99593	0.0040088	6.1604e-05	2.5239e-07
185	0.99667	0.0032689	6.1788e-05	2.0643e-07
186	0.99723	0.0027058	6.1969e-05	1.7102e-07
187	0.99598	0.0039562	6.2027e-05	2.5006e-07
188	0.99677	0.0031669	6.2221e-05	2.0068e-07
189	0.99739	0.0025506	6.2411e-05	1.6159e-07
190	0.97721	0.02273	6.1282e-05	1.4333e-06
191	0.96976	0.030173	6.0963e-05	1.9034e-06
192	0.96941	0.030522	6.108e-05	1.9301e-06
193	0.95915	0.040785	6.0581e-05	2.5801e-06
194	0.94735	0.052586	5.9971e-05	3.3337e-06
195	0.89489	0.10505	5.6751e-05	6.6895e-06
196	0.82615	0.17379	5.251e-05	1.1073e-05
197	0.74582	0.25412	4.7483e-05	1.6237e-05
198	0.71903	0.28091	4.5852e-05	1.7998e-05
199	0.40837	0.59156	2.5792e-05	3.818e-05
200	0.28201	0.71793	1.7681e-05	4.6418e-05
201	0.23107	0.76887	1.4441e-05	4.979e-05
202	0.21167	0.78827	1.3227e-05	5.114e-05
203	0.20897	0.79097	1.3073e-05	5.1425e-05
204	0.21653	0.78341	1.3577e-05	5.1055e-05
205	0.23993	0.76001	1.5105e-05	4.9666e-05
206	0.23818	0.76175	1.503e-05	4.9884e-05
207	0.24843	0.7515	1.5735e-05	4.9325e-05
208	0.25338	0.74655	1.6106e-05	4.9104e-05
209	0.27426	0.72567	1.7531e-05	4.7833e-05
210	0.34587	0.65407	2.2293e-05	4.322e-05
211	0.51197	0.48796	3.3384e-05	3.2283e-05
212	0.98568	0.014259	6.486e-05	9.5476e-07
213	0.98717	0.012766	6.5114e-05	8.5628e-07
214	0.51049	0.48944	3.3481e-05	3.2638e-05
215	0.31639	0.68354	2.0669e-05	4.5603e-05
216	0.23764	0.76229	1.5509e-05	5.0921e-05
217	0.2064	0.79354	1.3489e-05	5.3104e-05
218	0.19959	0.80035	1.3068e-05	5.3683e-05
219	0.20354	0.79639	1.3367e-05	5.3546e-05
220	0.22167	0.77826	1.4623e-05	5.2456e-05
221	0.28437	0.71556	1.8865e-05	4.8375e-05
222	0.4299	0.57003	2.8755e-05	3.865e-05
223	0.53412	0.46582	3.5857e-05	3.1707e-05
224	0.53401	0.46592	3.5942e-05	3.1787e-05
225	0.5332	0.46673	3.5969e-05	3.1917e-05
226	0.42392	0.57601	2.8653e-05	3.9396e-05
227	0.31264	0.68729	2.1124e-05	4.7084e-05
228	0.26801	0.73192	1.8141e-05	5.0229e-05
229	0.21156	0.78837	1.4363e-05	5.4174e-05
230	0.19315	0.80679	1.3143e-05	5.5556e-05
231	0.19203	0.8079	1.3095e-05	5.5761e-05
232	0.16815	0.83178	1.1469e-05	5.7538e-05
233	0.15986	0.84007	1.0922e-05	5.8241e-05
234	0.16168	0.83825	1.1076e-05	5.8246e-05
235	0.17795	0.82198	1.2224e-05	5.7252e-05
236	0.21833	0.7816	1.5065e-05	5.457e-05
237	0.31879	0.68114	2.2158e-05	4.764e-05
238	0.24447	0.75546	1.7027e-05	5.2928e-05
239	0.22254	0.77739	1.5522e-05	5.4584e-05
240	0.21585	0.78408	1.509e-05	5.5172e-05
241	0.20865	0.79128	1.4613e-05	5.5799e-05
242	0.21166	0.78827	1.486e-05	5.5707e-05
243	0.23165	0.76828	1.6298e-05	5.4417e-05
244	0.29998	0.69995	2.1128e-05	4.9731e-05
245	0.45843	0.5415	3.2387e-05	3.8619e-05
246	0.84772	0.15221	6.0245e-05	1.0915e-05
247	0.85285	0.14708	6.073e-05	1.0576e-05
248	0.87607	0.12386	6.2495e-05	8.9499e-06
249	0.93197	0.06796	6.662e-05	4.9696e-06
250	0.94596	0.053972	6.7744e-05	3.9835e-06
251	0.93647	0.063462	6.7178e-05	4.6945e-06
252	0.93539	0.064539	6.7239e-05	4.7874e-06
253	0.94329	0.056634	6.7943e-05	4.2289e-06
254	0.92494	0.074992	6.6724e-05	5.6009e-06
255	0.91935	0.08058	6.6457e-05	6.028e-06
256	0.9139	0.086031	6.6187e-05	6.4507e-06
257	0.91605	0.083874	6.6488e-05	6.3096e-06
258	0.92741	0.072516	6.7481e-05	5.484e-06
259	0.92569	0.074234	6.7517e-05	5.6229e-06
260	0.93117	0.068753	6.8099e-05	5.2226e-06
261	0.94791	0.052018	6.9543e-05	3.9681e-06
262	0.95039	0.049535	6.9926e-05	3.7831e-06
263	0.96153	0.038396	7.0981e-05	2.9343e-06
264	0.99979	0.00013315	7.4103e-05	1.0286e-08
265	0.99882	0.0011098	7.4236e-05	8.3081e-08
266	0.99916	0.0007677	7.4475e-05	5.7336e-08
267	0.9999	2.6323e-05	7.4736e-05	1.9815e-09
268	0.99985	7.926e-05	7.4944e-05	5.9427e-09
269	0.99929	0.00063936	7.5106e-05	4.8352e-08
270	0.99986	6.9499e-05	7.5362e-05	5.2786e-09
271	0.99932	0.0006094	7.5526e-05	4.6558e-08
272	0.99895	0.00097394	7.5712e-05	7.4495e-08
273	0.99991	1.0204e-05	7.6008e-05	7.8471e-10
274	0.99984	8.2673e-05	7.6233e-05	6.2701e-09
275	0.99894	0.0009848	7.6386e-05	7.5221e-08
276	0.99961	0.00030863	7.6651e-05	2.3985e-08
277	0.89592	0.10401	6.8808e-05	8.0892e-06
278	0.86021	0.13971	6.6202e-05	1.0911e-05
279	0.84969	0.15023	6.5543e-05	1.1777e-05
280	0.83379	0.16613	6.4471e-05	1.3064e-05
281	0.76727	0.23265	5.9367e-05	1.8375e-05
282	0.7415	0.25842	5.7493e-05	2.0464e-05
283	0.71542	0.2845	5.5564e-05	2.2601e-05
284	0.70725	0.29267	5.5062e-05	2.3317e-05
285	0.69338	0.30654	5.4118e-05	2.4483e-05
286	0.67304	0.32688	5.267e-05	2.6159e-05
287	0.65165	0.34828	5.1112e-05	2.7937e-05
288	0.64734	0.35258	5.0921e-05	2.8356e-05
289	0.64102	0.3589	5.0556e-05	2.8943e-05
290	0.65041	0.34951	5.1432e-05	2.828e-05
291	0.68678	0.31314	5.4444e-05	2.5477e-05
292	0.63585	0.36407	5.0397e-05	2.9724e-05
293	0.61717	0.38275	4.8993e-05	3.1336e-05
294	0.61372	0.3862	4.8834e-05	3.1709e-05
295	0.57503	0.42488	4.5825e-05	3.4939e-05
296	0.5305	0.46942	4.2299e-05	3.868e-05
297	0.51342	0.4865	4.1019e-05	4.0181e-05
298	0.42463	0.57529	3.3909e-05	4.7518e-05
299	0.38718	0.61274	3.0969e-05	5.0691e-05
300	0.37457	0.62535	3.0046e-05	5.1852e-05
301	0.32157	0.67835	2.581e-05	5.6321e-05
302	0.30166	0.69826	2.427e-05	5.81e-05
303	0.2968	0.70312	2.396e-05	5.8654e-05
304	0.30434	0.69558	2.4679e-05	5.8185e-05
305	0.33554	0.66438	2.7366e-05	5.5741e-05
306	0.41001	0.58991	3.3736e-05	4.9621e-05
307	0.64912	0.3508	5.3963e-05	2.9638e-05
308	0.81737	0.18255	6.8412e-05	1.5439e-05
309	0.98155	0.01837	8.2518e-05	1.5746e-06
310	0.97924	0.020675	8.257e-05	1.774e-06
311	0.98126	0.018656	8.3001e-05	1.6036e-06
312	0.99075	0.0091655	8.4065e-05	7.9327e-07
313	0.99238	0.0075328	8.4467e-05	6.5328e-07
314	0.99338	0.0065362	8.4825e-05	5.6661e-07
315	0.99955	0.0003598	8.5623e-05	3.1601e-08
316	0.93566	0.064254	8.0373e-05	5.5521e-06
317	0.91399	0.085928	7.8732e-05	7.457e-06
318	0.90628	0.093629	7.8311e-05	8.1496e-06
319	0.90686	0.093054	7.8618e-05	8.1222e-06
320	0.919	0.080912	7.9924e-05	7.0883e-06
321	0.95187	0.04804	8.3079e-05	4.2152e-06
322	0.96078	0.039133	8.4122e-05	3.4452e-06
323	0.96683	0.033078	8.4931e-05	2.9178e-06
324	0.98976	0.010153	8.7223e-05	8.9827e-07
325	0.99008	0.0098355	8.7532e-05	8.7096e-07
326	0.99484	0.0050703	8.8228e-05	4.4913e-07
327	0.9999	1.2352e-05	8.894e-05	1.0961e-09
328	0.9973	0.002614	8.8984e-05	2.3133e-07
329	0.99722	0.0026878	8.9243e-05	2.3855e-07
330	0.9999	1.0822e-05	8.9738e-05	9.7e-10
331	0.99844	0.0014724	8.9873e-05	1.3261e-07
332	0.97781	0.022102	8.8295e-05	1.9859e-06
333	0.97016	0.029751	8.789e-05	2.6756e-06
334	0.96967	0.030243	8.8117e-05	2.7263e-06
335	0.97574	0.024166	8.8929e-05	2.1827e-06
336	0.99808	0.0018264	9.1207e-05	1.6517e-07
337	0.9956	0.0043063	9.125e-05	3.9099e-07
338	0.99592	0.0039921	9.1539e-05	3.6342e-07
339	0.99985	6.1977e-05	9.2148e-05	5.6376e-09
340	0.99967	0.00023297	9.2375e-05	2.1531e-08
341	0.99903	0.00087359	9.2567e-05	8.06e-08
342	0.99991	1.1207e-06	9.289e-05	1.0338e-10
343	0.99893	0.00097823	9.3033e-05	9.127e-08
344	0.99836	0.0015424	9.3202e-05	1.4498e-07
345	0.99932	0.00058145	9.3526e-05	5.5171e-08
346	0.99837	0.0015331	9.3679e-05	1.4513e-07
347	0.99734	0.0025688	9.3833e-05	2.4284e-07
348	0.99837	0.0015314	9.4174e-05	1.4582e-07
349	0.99592	0.0039876	9.4173e-05	3.8223e-07
350	0.99591	0.0039946	9.4417e-05	3.8441e-07
351	0.99835	0.0015584	9.4906e-05	1.5157e-07
352	0.99297	0.0069314	9.4656e-05	6.6805e-07
353	0.99237	0.0075394	9.4851e-05	7.3024e-07
354	0.99466	0.0052396	9.5338e-05	5.1107e-07
355	0.99363	0.0062698	9.5515e-05	6.1212e-07
356	0.99521	0.004691	9.5957e-05	4.5897e-07
357	0.99715	0.0027494	9.6425e-05	2.7121e-07
358	0.99684	0.0030612	9.6684e-05	3.0224e-07
359	0.99846	0.0014426	9.7143e-05	1.4313e-07
360	0.99987	2.8464e-05	9.7593e-05	2.8601e-09
361	0.99952	0.0003796	9.7878e-05	3.7609e-08
362	0.99944	0.00045938	9.82e-05	4.5649e-08
363	0.99868	0.0012211	9.8466e-05	1.21e-07
364	0.99832	0.001585	9.8761e-05	1.5812e-07
365	0.99793	0.0019728	9.9063e-05	1.9737e-07
366	0.99752	0.0023834	9.9374e-05	2.3853e-07
367	0.99751	0.0023851	9.9715e-05	2.3983e-07
368	0.99953	0.0003675	0.00010027	3.6876e-08
369	0.99948	0.00042086	0.00010061	4.2284e-08
370	0.99721	0.0026883	0.00010072	2.7207e-07
371	0.99711	0.0027865	0.00010105	2.8225e-07
372	0.99978	0.00011584	0.00010166	1.1869e-08
373	0.99968	0.00021888	0.000102	2.2471e-08
374	0.99745	0.0024436	0.00010213	2.501e-07
375	0.9953	0.0045928	0.00010226	4.7276e-07
376	0.99548	0.0044213	0.00010263	4.561e-07
377	0.99881	0.0010886	0.00010333	1.1337e-07
378	0.99949	0.00040466	0.00010376	4.2444e-08
379	0.99952	0.00037609	0.00010414	3.9443e-08
380	0.99891	0.00098173	0.00010445	1.0245e-07
381	0.99989	1.1065e-07	0.00010493	1.1652e-11
382	0.99883	0.001069	0.0001052	1.1248e-07
383	0.99798	0.0019152	0.00010549	2.0286e-07
384	0.99877	0.0011265	0.00010596	1.1936e-07
385	0.9998	9.2545e-05	0.00010644	9.8037e-09
386	0.99989	7.4346e-06	0.00010682	7.9785e-10
387	0.99989	3.6824e-06	0.0001072	3.9984e-10
388	0.99867	0.0012251	0.00010744	1.3446e-07
389	0.99739	0.0025023	0.00010768	2.752e-07
390	0.99795	0.0019414	0.00010813	2.1513e-07
391	0.98129	0.018597	0.00010671	2.0438e-06
392	0.96423	0.035665	0.00010521	3.9418e-06
393	0.95792	0.041966	0.00010491	4.6535e-06
394	0.93119	0.068698	0.00010231	7.6503e-06
395	0.92161	0.078275	0.00010163	8.7437e-06
396	0.92213	0.077761	0.00010205	8.7241e-06
397	0.90796	0.091929	0.00010085	1.0342e-05
398	0.89181	0.10808	9.939e-05	1.2202e-05
399	0.88734	0.11255	9.9257e-05	1.2751e-05
400	0.89476	0.10513	0.00010045	1.1966e-05
401	0.91788	0.082007	0.00010345	9.3855e-06
402	0.97306	0.026824	0.00011016	3.0968e-06
403	0.96984	0.030045	0.00011023	3.4727e-06
404	0.97175	0.028141	0.0001109	3.2588e-06
405	0.98329	0.016592	0.00011267	1.9271e-06
406	0.98605	0.013836	0.00011342	1.6139e-06
407	0.99459	0.0052993	0.00011486	6.1924e-07
408	0.99662	0.0032661	0.00011553	3.8331e-07
409	0.99385	0.0060295	0.00011563	7.0928e-07
410	0.99393	0.005955	0.00011608	7.0257e-07
411	0.99669	0.0031955	0.00011685	3.7717e-07
412	0.99981	7.3833e-05	0.00011766	8.7963e-09
413	0.99985	2.688e-05	0.00011812	3.1988e-09
414	0.99689	0.0029913	0.00011823	3.541e-07
415	0.9532	0.046685	0.00011347	5.5703e-06
416	0.94038	0.0595	0.00011235	7.1357e-06
417	0.93921	0.060672	0.00011261	7.3127e-06
418	0.93575	0.064128	0.0001126	7.7624e-06
419	0.9389	0.060976	0.00011342	7.4096e-06
420	0.95421	0.045671	0.00011569	5.5847e-06
421	0.95623	0.043648	0.00011635	5.3659e-06
422	0.96802	0.031863	0.00011818	3.9626e-06
423	0.99873	0.0011483	0.00012236	2.2549e-07
424	0.98458	0.0153	0.00011995	1.9452e-06
425	0.97918	0.020702	0.00011863	2.58e-06
426	0.97853	0.021348	0.00011791	2.6306e-06
427	0.97747	0.022406	0.00011713	2.7325e-06
428	0.98189	0.017992	0.00011699	2.1752e-06
429	0.99891	0.00097254	0.00011836	1.1019e-07
430	0.99748	0.0024007	0.00011752	2.6356e-07
431	0.97879	0.021091	0.0001148	2.2901e-06
432	0.97196	0.027923	0.00011341	2.9993e-06
433	0.94799	0.051898	0.00011018	5.5361e-06
434	0.91461	0.085272	0.00010602	9.012e-06
435	0.9023	0.097588	0.00010415	1.0216e-05
436	0.70008	0.29981	8.2825e-05	3.0886e-05
437	0.62973	0.37016	7.5182e-05	3.7866e-05
438	0.60688	0.39301	7.2471e-05	3.9907e-05
439	0.25641	0.74347	3.079e-05	8.2244e-05
440	0.13346	0.86643	1.6048e-05	9.7636e-05
441	0.09524	0.90465	1.1446e-05	0.00010288
442	0.080401	0.91948	9.6828e-06	0.0001053
443	0.077457	0.92243	9.3412e-06	0.00010629
444	0.082876	0.91701	9.9776e-06	0.00010629
445	0.076965	0.92292	9.2814e-06	0.00010764
446	0.07825	0.92163	9.4531e-06	0.00010812
447	0.087074	0.91281	1.0525e-05	0.00010771
448	0.069494	0.93039	8.4039e-06	0.00011049
449	0.063622	0.93626	7.7152e-06	0.00011185
450	0.066358	0.93352	8.0604e-06	0.00011216
451	0.055458	0.94442	6.7452e-06	0.00011415
452	0.053738	0.94614	6.5479e-06	0.00011501
453	0.057412	0.94247	7.0119e-06	0.00011521
454	0.058091	0.94179	7.1103e-06	0.00011578
455	0.06505	0.93483	7.9826e-06	0.00011558
456	0.069068	0.93081	8.5105e-06	0.00011573
457	0.082001	0.91787	1.0155e-05	0.00011478
458	0.090155	0.90972	1.123e-05	0.0001144
459	0.12064	0.87924	1.5103e-05	0.00011121
460	0.15024	0.84963	1.8885e-05	0.00010812
461	0.21969	0.78018	2.7772e-05	9.9922e-05
462	0.39071	0.60916	4.9815e-05	7.8582e-05
463	0.43527	0.5646	5.579e-05	7.3301e-05
464	0.56495	0.43492	7.2713e-05	5.7067e-05
465	0.97941	0.020461	0.00012624	4.2165e-06
466	0.9809	0.018966	0.00012617	3.7869e-06
467	0.9893	0.010566	0.00012735	2.087e-06
468	0.99593	0.0039411	0.00012817	7.6535e-07
469	0.99543	0.0044392	0.00012764	7.8512e-07
470	0.99728	0.0025946	0.00012748	4.4373e-07
471	0.99951	0.00036261	0.00012735	6.0152e-08
472	0.99951	0.00036662	0.00012684	5.3163e-08
473	0.9989	0.00097753	0.00012626	1.2813e-07
474	0.99974	0.00013463	0.00012585	1.7425e-08
475	0.99971	0.00016367	0.00012532	2.0842e-08
476	0.99946	0.00041945	0.00012477	5.2768e-08
477	0.99947	0.00040467	0.00012428	5.0376e-08
478	0.99983	5.0096e-05	0.00012381	6.2757e-09
479	0.99928	0.00059265	0.00012325	7.3648e-08
480	0.99985	3.1007e-05	0.00012284	3.9106e-09
481	0.99644	0.003437	0.00012194	4.2695e-07
482	0.99569	0.0041925	0.0001214	5.1877e-07
483	0.99702	0.0028564	0.00012112	3.5289e-07
484	0.9587	0.04118	0.00011597	5.0521e-06
485	0.78732	0.21256	9.4731e-05	2.5846e-05
486	0.71807	0.28181	8.6066e-05	3.4082e-05
487	0.40047	0.59941	4.7928e-05	7.18e-05
488	0.3012	0.69868	3.5912e-05	8.3389e-05
489	0.25887	0.74101	3.0785e-05	8.8098e-05
490	0.097365	0.90252	1.1554e-05	0.0001069
491	0.046783	0.9531	5.5141e-06	0.00011251
492	0.026273	0.97361	3.0867e-06	0.00011451
493	0.020329	0.97955	2.3759e-06	0.00011479
494	0.018648	0.98124	2.172e-06	0.00011457
495	0.020258	0.97963	2.3553e-06	0.00011397
496	0.014851	0.98503	1.7224e-06	0.00011418
497	0.014372	0.98551	1.6599e-06	0.00011382
498	0.0181	0.98179	2.0784e-06	0.00011297
499	0.014707	0.98518	1.6818e-06	0.00011294
500	0.015461	0.98442	1.759e-06	0.00011243
501	0.019443	0.98044	2.2046e-06	0.00011155
502	0.032201	0.96769	3.6325e-06	0.00010969
503	0.069033	0.93085	7.7307e-06	0.00010516
504	0.1595	0.84039	1.7828e-05	9.4633e-05
505	0.18186	0.81803	2.0236e-05	9.1789e-05
506	0.23553	0.76436	2.6122e-05	8.5474e-05
507	0.38966	0.61023	4.3005e-05	6.8155e-05
508	0.50672	0.49317	5.5772e-05	5.4962e-05
509	0.7948	0.20508	8.7469e-05	2.2847e-05
510	0.99748	0.0024122	0.00010964	2.6881e-07
511	0.99677	0.0031249	0.00010917	3.4474e-07
512	0.99834	0.00155	0.00010894	1.7044e-07
513	0.99819	0.0017027	0.00010851	1.8691e-07
514	0.99593	0.0039653	0.00010787	4.3209e-07
515	0.99604	0.0038484	0.00010749	4.1675e-07
516	0.99952	0.00037478	0.00010747	4.0992e-08
517	0.99677	0.0031215	0.00010678	3.3813e-07
518	0.99635	0.003543	0.00010636	3.8211e-07
519	0.99875	0.0011437	0.00010623	1.2598e-07
520	0.9852	0.01469	0.00010438	1.6045e-06
521	0.98131	0.01858	0.00010357	2.0276e-06
522	0.97753	0.022365	0.00010279	2.4341e-06
523	0.90987	0.090023	9.5066e-05	9.7783e-06
524	0.88701	0.11289	9.2218e-05	1.2236e-05
525	0.87907	0.12083	9.1014e-05	1.306e-05
526	0.86677	0.13312	8.9369e-05	1.4336e-05
527	0.86506	0.13484	8.8866e-05	1.4478e-05
528	0.87344	0.12646	8.9435e-05	1.3559e-05
529	0.86935	0.13055	8.8682e-05	1.3953e-05
530	0.86502	0.13487	8.7923e-05	1.4365e-05
531	0.8704	0.1295	8.8188e-05	1.3762e-05
532	0.86048	0.13942	8.6884e-05	1.4738e-05
533	0.86051	0.13939	8.6623e-05	1.468e-05
534	0.87374	0.12616	8.7706e-05	1.327e-05
535	0.85208	0.14782	8.5231e-05	1.543e-05
536	0.8477	0.1522	8.4509e-05	1.5827e-05
537	0.85275	0.14715	8.4763e-05	1.5258e-05
538	0.85746	0.14244	8.4993e-05	1.4722e-05
539	0.87497	0.12493	8.654e-05	1.2879e-05
540	0.91822	0.081683	9.0737e-05	8.3953e-06
541	0.94898	0.050923	9.3656e-05	5.1994e-06
542	0.93406	0.065837	9.1927e-05	6.6419e-06
543	0.93002	0.069886	9.1288e-05	7.0054e-06
544	0.68348	0.31642	6.7048e-05	3.0961e-05
545	0.60676	0.39314	5.9372e-05	3.8345e-05
546	0.58155	0.41835	5.6729e-05	4.0688e-05
547	0.27634	0.72356	2.6707e-05	7.0403e-05
548	0.15206	0.84785	1.4586e-05	8.2224e-05
549	0.10164	0.89827	9.7031e-06	8.6812e-05
550	0.034671	0.96523	3.3078e-06	9.2919e-05
551	0.013697	0.98621	1.2996e-06	9.4634e-05
552	0.0072322	0.99267	6.7793e-07	9.4957e-05
553	0.004758	0.99515	4.4142e-07	9.49e-05
554	0.0041427	0.99576	3.8211e-07	9.4671e-05
555	0.0054478	0.99446	5.0046e-07	9.426e-05
556	0.0055526	0.99435	5.0721e-07	9.3964e-05
557	0.0074269	0.99248	6.7825e-07	9.351e-05
558	0.012686	0.98722	1.1626e-06	9.2747e-05
559	0.016041	0.98387	1.4707e-06	9.2165e-05
560	0.025302	0.97461	2.3287e-06	9.1039e-05
561	0.048446	0.95146	4.484e-06	8.862e-05
562	0.10195	0.89796	9.4839e-06	8.3361e-05
563	0.27274	0.72716	2.533e-05	6.7251e-05
564	0.75921	0.2407	7.0136e-05	2.2176e-05
565	0.75219	0.24772	6.9272e-05	2.2761e-05
566	0.75641	0.2435	6.9459e-05	2.2305e-05
567	0.78337	0.21654	7.1705e-05	1.9783e-05
568	0.76351	0.2364	6.969e-05	2.1529e-05
569	0.76125	0.23866	6.9272e-05	2.1672e-05
570	0.77137	0.22854	6.9994e-05	2.0683e-05
571	0.38443	0.61548	3.4839e-05	5.5564e-05
572	0.26329	0.73662	2.3769e-05	6.6353e-05
573	0.22613	0.77378	2.0322e-05	6.9513e-05
574	0.093778	0.90613	8.3729e-06	8.1182e-05
575	0.036362	0.96355	3.2369e-06	8.6042e-05
576	0.01625	0.98366	1.4342e-06	8.7564e-05
577	0.0081012	0.99181	7.1036e-07	8.8012e-05
578	0.0054599	0.99445	4.7399e-07	8.7968e-05
579	0.0046926	0.99522	4.0467e-07	8.7762e-05
580	0.0033625	0.99655	2.877e-07	8.7607e-05
581	0.0032921	0.99662	2.8094e-07	8.7347e-05
582	0.0044205	0.99549	3.7826e-07	8.6988e-05
583	0.004991	0.99492	4.255e-07	8.6674e-05
584	0.0045673	0.99535	3.8779e-07	8.645e-05
585	0.005433	0.99448	4.614e-07	8.6118e-05
586	0.0025156	0.9974	2.1279e-07	8.6113e-05
587	0.0017915	0.99812	1.504e-07	8.5917e-05
588	0.0017485	0.99817	1.4636e-07	8.5667e-05
589	0.0023548	0.99756	1.9744e-07	8.5366e-05
590	0.004059	0.99586	3.4174e-07	8.4975e-05
591	0.0098877	0.99003	8.3119e-07	8.4235e-05
592	0.0049587	0.99496	4.137e-07	8.4406e-05
593	0.0028874	0.99703	2.3968e-07	8.4337e-05
594	0.0021414	0.99777	1.7763e-07	8.4161e-05
595	0.0021688	0.99775	1.8068e-07	8.3923e-05
596	0.0033799	0.99654	2.8208e-07	8.3582e-05
597	0.0077504	0.99217	6.4503e-07	8.2975e-05
598	0.010226	0.98969	8.5034e-07	8.2529e-05
599	0.016606	0.98331	1.383e-06	8.176e-05
600	0.032613	0.9673	2.7263e-06	8.0185e-05
601	0.078455	0.92146	6.5475e-06	7.6127e-05
602	0.20911	0.79081	1.7361e-05	6.5073e-05
603	0.62562	0.3743	5.1566e-05	3.0621e-05
604	0.63228	0.36763	5.1948e-05	2.9985e-05
605	0.66674	0.33318	5.457e-05	2.7103e-05
606	0.74893	0.25099	6.1073e-05	2.0345e-05
607	0.77118	0.22874	6.2665e-05	1.8491e-05
608	0.79328	0.20664	6.4218e-05	1.6669e-05
609	0.85103	0.14889	6.8635e-05	1.199e-05
610	0.86457	0.13535	6.9478e-05	1.0878e-05
611	0.89941	0.10051	7.2029e-05	8.0659e-06
612	0.98663	0.013289	7.8776e-05	1.0667e-06
613	0.99305	0.0068661	7.9052e-05	5.4796e-07
614	0.99975	0.00016916	7.9335e-05	1.3536e-08
615	0.99986	6.3107e-05	7.91e-05	5.0182e-09
616	0.99958	0.00034347	7.8826e-05	2.7379e-08
617	0.99863	0.0012887	7.8508e-05	1.0207e-07
618	0.99906	0.00086324	7.8307e-05	6.8082e-08
619	0.96525	0.034674	7.5408e-05	2.7242e-06
620	0.95219	0.047731	7.4167e-05	3.7319e-06
621	0.95045	0.049469	7.3799e-05	3.8569e-06
622	0.34773	0.65219	2.6999e-05	5.0424e-05
623	0.13613	0.86379	1.0541e-05	6.6642e-05
624	0.061883	0.93804	4.755e-06	7.2184e-05
625	0.029716	0.97021	2.27e-06	7.4429e-05
626	0.016707	0.98322	1.2737e-06	7.5189e-05
627	0.012517	0.98741	9.5038e-07	7.5272e-05
628	0.012119	0.9878	9.1567e-07	7.5061e-05
629	0.01415	0.98577	1.066e-06	7.467e-05
630	0.020111	0.97981	1.5143e-06	7.3983e-05
631	0.040153	0.95977	3.0139e-06	7.2241e-05
632	0.089467	0.91046	6.7184e-06	6.8298e-05
633	0.23006	0.76987	1.7204e-05	5.7569e-05
634	0.63052	0.3694	4.6844e-05	2.7681e-05
635	0.7206	0.27933	5.3387e-05	2.0895e-05
636	0.94286	0.05707	6.9795e-05	4.2533e-06
637	0.94527	0.054658	6.9766e-05	4.0558e-06
638	0.95863	0.041298	7.0537e-05	3.0507e-06
639	0.99896	0.00097125	7.3275e-05	7.1355e-08
640	0.99973	0.00019386	7.3082e-05	1.4418e-08
641	0.99826	0.0016664	7.2731e-05	1.2323e-07
642	0.99676	0.0031706	7.2388e-05	2.3312e-07
643	0.99774	0.0021865	7.2217e-05	1.6187e-07
644	0.99686	0.003072	7.1917e-05	2.2709e-07
645	0.99793	0.0020031	7.177e-05	1.4923e-07
646	0.95591	0.044015	6.8472e-05	3.2286e-06
647	0.93838	0.061546	6.6996e-05	4.4942e-06
648	0.93514	0.064787	6.655e-05	4.7214e-06
649	0.8616	0.13833	6.1039e-05	1.0022e-05
650	0.83058	0.16935	5.8641e-05	1.2216e-05
651	0.82381	0.17612	5.7975e-05	1.2671e-05
652	0.78128	0.21865	5.4777e-05	1.5664e-05
653	0.76866	0.23127	5.3707e-05	1.6522e-05
654	0.76818	0.23175	5.3512e-05	1.6512e-05
655	0.74254	0.25739	5.1563e-05	1.8263e-05
656	0.73753	0.2624	5.1057e-05	1.8564e-05
657	0.74393	0.256	5.1359e-05	1.8063e-05
658	0.74673	0.2532	5.1421e-05	1.7811e-05
659	0.76794	0.23199	5.2751e-05	1.6283e-05
660	0.82039	0.17954	5.6266e-05	1.2575e-05
661	0.83355	0.16638	5.7015e-05	1.1627e-05
662	0.87039	0.12954	5.9416e-05	9.0338e-06
663	0.95706	0.042867	6.5295e-05	2.9692e-06
664	0.95456	0.045376	6.4963e-05	3.1242e-06
665	0.95926	0.040669	6.5115e-05	2.7866e-06
666	0.97683	0.023102	6.6138e-05	1.5712e-06
667	0.97983	0.020101	6.6149e-05	1.3607e-06
668	0.98221	0.01772	6.6107e-05	1.1951e-06
669	0.99241	0.0075201	6.6579e-05	5.073e-07
670	0.99987	6.5981e-05	6.6873e-05	4.4814e-09
671	0.9993	0.00063549	6.6635e-05	4.2638e-08
672	0.99986	7.7129e-05	6.648e-05	5.0951e-09
673	0.99709	0.0028441	6.6098e-05	1.8705e-07
674	0.99697	0.0029646	6.5883e-05	1.9438e-07
675	0.99967	0.00026492	6.5845e-05	1.7418e-08
676	0.999	0.00093651	6.5593e-05	6.1434e-08
677	0.99873	0.001203	6.536e-05	7.8992e-08
678	0.99993	4.9525e-06	6.5231e-05	3.2219e-10
679	0.99985	8.7918e-05	6.5009e-05	5.7056e-09
680	0.99879	0.0011432	6.4716e-05	7.4342e-08
681	0.99908	0.00085206	6.4518e-05	5.5041e-08
682	0.99867	0.0012672	6.4266e-05	8.1666e-08
683	0.99827	0.001666	6.4023e-05	1.0664e-07
684	0.99992	1.3481e-05	6.3902e-05	8.7343e-10
685	0.9974	0.0025322	6.3521e-05	1.629e-07
686	0.99713	0.0028049	6.3294e-05	1.7971e-07
687	0.99887	0.0010666	6.3203e-05	6.7835e-08
688	0.99906	0.00087425	6.3004e-05	5.5365e-08
689	0.99838	0.0015526	6.2758e-05	9.7403e-08
690	0.99959	0.00034243	6.2622e-05	2.1334e-08
691	0.9999	3.3029e-05	6.242e-05	2.0725e-09
692	0.9995	0.0004363	6.2182e-05	2.7268e-08
693	0.99792	0.0020134	6.1878e-05	1.2473e-07
694	0.99148	0.0084608	6.1286e-05	5.1929e-07
695	0.99054	0.0093936	6.1024e-05	5.7472e-07
696	0.99253	0.0074108	6.0949e-05	4.5007e-07
697	0.9857	0.014239	6.033e-05	8.6218e-07
698	0.98467	0.015264	6.0057e-05	9.2123e-07
699	0.98392	0.016019	5.9791e-05	9.644e-07
700	0.98252	0.017419	5.9496e-05	1.0446e-06
701	0.98588	0.014061	5.9479e-05	8.3935e-07
702	0.9995	0.00043646	6.0063e-05	2.6013e-08
703	0.99874	0.0011972	5.9794e-05	7.1249e-08
704	0.99954	0.00040254	5.9611e-05	2.3872e-08
705	0.9998	0.00013871	5.9387e-05	8.3534e-09
706	0.99739	0.0025547	5.901e-05	1.5344e-07
707	0.99708	0.0028618	5.8767e-05	1.7136e-07
708	0.99865	0.0012872	5.8642e-05	7.7392e-08
709	0.99714	0.0027978	5.8342e-05	1.6633e-07
710	0.99749	0.0024543	5.8158e-05	1.453e-07
711	0.99994	2.5679e-06	5.8105e-05	1.536e-10
712	0.98712	0.012827	5.7165e-05	7.4956e-07
713	0.97284	0.027098	5.6134e-05	1.5823e-06
714	0.96813	0.031811	5.5675e-05	1.8506e-06
715	0.89819	0.10176	5.1424e-05	5.9036e-06
716	0.8705	0.12944	4.966e-05	7.4757e-06
717	0.86316	0.13679	4.9063e-05	7.8746e-06
718	0.85572	0.14423	4.8453e-05	8.2796e-06
719	0.85777	0.14218	4.8395e-05	8.138e-06
720	0.87188	0.12807	4.9028e-05	7.311e-06
721	0.78822	0.21172	4.4172e-05	1.1981e-05
722	0.76009	0.23985	4.2439e-05	1.3521e-05
723	0.75531	0.24463	4.2013e-05	1.3746e-05
724	0.72448	0.27547	4.0116e-05	1.5436e-05
725	0.71482	0.28512	3.9428e-05	1.5922e-05
726	0.71804	0.28191	3.9467e-05	1.5688e-05
727	0.74361	0.25634	4.0723e-05	1.423e-05
728	0.80576	0.19418	4.3992e-05	1.0764e-05
729	0.95048	0.049461	5.1809e-05	2.7548e-06
730	0.94942	0.050522	5.1577e-05	2.8019e-06
731	0.95639	0.043556	5.1775e-05	2.4111e-06
732	0.97517	0.024778	5.2626e-05	1.3735e-06
733	0.97932	0.02063	5.2678e-05	1.1403e-06
734	0.97781	0.022135	5.2413e-05	1.2178e-06
735	0.98081	0.019137	5.24e-05	1.0497e-06
736	0.97779	0.02216	5.207e-05	1.2061e-06
737	0.82866	0.17129	4.4029e-05	9.0792e-06
738	0.76849	0.23146	4.0748e-05	1.2198e-05
739	0.55152	0.44843	2.9246e-05	2.3532e-05
740	0.48416	0.51579	2.5613e-05	2.6991e-05
741	0.46531	0.53464	2.4533e-05	2.789e-05
742	0.43703	0.56292	2.2978e-05	2.9268e-05
743	0.43152	0.56843	2.261e-05	2.9454e-05
744	0.44428	0.55567	2.3184e-05	2.8692e-05
745	0.43755	0.5624	2.2739e-05	2.8943e-05
746	0.44437	0.55558	2.3003e-05	2.8489e-05
747	0.47062	0.52933	2.4272e-05	2.7034e-05
748	0.47259	0.52736	2.428e-05	2.6835e-05
749	0.49738	0.50257	2.5438e-05	2.548e-05
750	0.56235	0.4376	2.8635e-05	2.209e-05
751	0.77181	0.22814	3.9045e-05	1.1481e-05
752	0.81821	0.18174	4.1234e-05	9.0996e-06
753	0.96862	0.031329	4.8577e-05	1.5563e-06
754	0.9694	0.030551	4.8413e-05	1.5124e-06
755	0.97764	0.022307	4.861e-05	1.1018e-06
756	0.99833	0.0016211	4.9423e-05	7.9688e-08
757	0.99826	0.0016913	4.9203e-05	8.3231e-08
758	0.99982	0.00012612	4.907e-05	6.2163e-09
759	0.99994	9.2461e-06	4.8871e-05	4.5594e-10
760	0.99989	6.2956e-05	4.8671e-05	3.0813e-09
761	0.99986	8.9164e-05	4.8477e-05	4.3179e-09
762	0.99929	0.00066093	4.825e-05	3.2024e-08
763	0.99759	0.002357	4.796e-05	1.1432e-07
764	0.99771	0.0022372	4.7764e-05	1.0813e-07
765	0.99988	6.7369e-05	4.7674e-05	3.2243e-09
766	0.99915	0.00080314	4.7436e-05	3.8146e-08
767	0.9987	0.001256	4.7203e-05	5.9651e-08
768	0.9996	0.00035545	4.7041e-05	1.687e-08
769	0.99977	0.00017939	4.685e-05	8.4408e-09
770	0.99898	0.00097104	4.6607e-05	4.5527e-08
771	0.99828	0.0016726	4.6374e-05	7.779e-08
772	0.99795	0.0020008	4.6152e-05	9.2806e-08
773	0.99926	0.00069394	4.6011e-05	3.1916e-08
774	0.99955	0.00039952	4.5815e-05	1.8277e-08
775	0.99788	0.0020709	4.5523e-05	9.4706e-08
776	0.9959	0.0040547	4.5209e-05	1.852e-07
777	0.99623	0.0037275	4.5009e-05	1.6945e-07
778	0.99454	0.0054137	4.4709e-05	2.4528e-07
779	0.9952	0.0047585	4.4521e-05	2.1463e-07
780	0.99868	0.001277	4.4465e-05	5.7035e-08
781	0.99578	0.0041773	4.4116e-05	1.8509e-07
782	0.99317	0.0067874	4.3773e-05	2.9981e-07
783	0.9933	0.0066606	4.3558e-05	2.9247e-07
784	0.99347	0.0064853	4.3337e-05	2.8352e-07
785	0.99647	0.0034835	4.3245e-05	1.5109e-07
786	0.99984	0.0001126	4.3159e-05	4.8904e-09
787	0.99897	0.00099157	4.2895e-05	4.2653e-08
788	0.99849	0.0014644	4.2641e-05	6.2919e-08
789	0.99953	0.00042573	4.2458e-05	1.8305e-08
790	0.99662	0.003337	4.2113e-05	1.4156e-07
791	0.99651	0.0034494	4.188e-05	1.4594e-07
792	0.99849	0.0014641	4.174e-05	6.1926e-08
793	0.99717	0.0027889	4.1455e-05	1.1764e-07
794	0.99766	0.0022987	4.1251e-05	9.681e-08
795	0.99616	0.0037958	4.0956e-05	1.5944e-07
796	0.97116	0.028798	3.969e-05	1.1978e-06
797	0.96107	0.038894	3.9059e-05	1.6066e-06
798	0.9588	0.041158	3.876e-05	1.6897e-06
799	0.96433	0.035627	3.8768e-05	1.4574e-06
800	0.96787	0.032091	3.8701e-05	1.3065e-06
801	0.97998	0.019975	3.8985e-05	8.0969e-07
802	0.98938	0.010576	3.9162e-05	4.2495e-07
803	0.98741	0.012547	3.8873e-05	4.9947e-07
804	0.98991	0.010051	3.8754e-05	3.9809e-07
805	0.98079	0.019172	3.8185e-05	7.5022e-07
806	0.97897	0.020994	3.7895e-05	8.1672e-07
807	0.98121	0.01875	3.7769e-05	7.2454e-07
808	0.98234	0.017621	3.7605e-05	6.7536e-07
809	0.97809	0.02187	3.7229e-05	8.3169e-07
810	0.97973	0.020232	3.7069e-05	7.6455e-07
811	0.98971	0.010248	3.7213e-05	3.8614e-07
812	0.99937	0.00059044	3.7347e-05	2.2344e-08
813	0.99918	0.00078382	3.7115e-05	2.9461e-08
814	0.99428	0.0056854	3.67e-05	2.1267e-07
815	0.99347	0.0064905	3.6433e-05	2.4214e-07
816	0.99535	0.0046157	3.627e-05	1.7241e-07
817	0.99024	0.0097277	3.5856e-05	3.5963e-07
818	0.98907	0.010894	3.5593e-05	4.0002e-07
819	0.99099	0.0089778	3.5447e-05	3.2799e-07
820	0.98879	0.011173	3.5159e-05	4.0388e-07
821	0.99044	0.0095281	3.5001e-05	3.427e-07
822	0.99681	0.0031557	3.5017e-05	1.1336e-07
823	0.99636	0.0036014	3.4781e-05	1.2855e-07
824	0.99564	0.0043217	3.4541e-05	1.5299e-07
825	0.99719	0.002776	3.4385e-05	9.7855e-08
826	0.9931	0.0068659	3.404e-05	2.3765e-07
827	0.99283	0.0071312	3.382e-05	2.4545e-07
828	0.99552	0.0044422	3.3707e-05	1.5201e-07
829	0.99549	0.0044752	3.3493e-05	1.5231e-07
830	0.99559	0.004378	3.3277e-05	1.4859e-07
831	0.99828	0.0016906	3.3153e-05	5.8014e-08
832	0.97989	0.020079	3.2305e-05	6.8463e-07
833	0.97316	0.026803	3.1866e-05	9.0731e-07
834	0.97231	0.027655	3.163e-05	9.3089e-07
835	0.9705	0.029469	3.137e-05	9.8508e-07
836	0.95966	0.040307	3.0805e-05	1.336e-06
837	0.95705	0.042923	3.0519e-05	1.4131e-06
838	0.90245	0.097521	2.854e-05	3.1776e-06
839	0.87967	0.1203	2.7618e-05	3.8883e-06
840	0.87434	0.12563	2.7253e-05	4.0355e-06
841	0.84403	0.15594	2.6107e-05	4.9684e-06
842	0.80086	0.19911	2.458e-05	6.2851e-06
843	0.74028	0.25969	2.2544e-05	8.1143e-06
844	0.71543	0.28454	2.1637e-05	8.8182e-06
845	0.70887	0.2911	2.1301e-05	8.9549e-06
846	0.71496	0.28501	2.1355e-05	8.705e-06
847	0.747	0.25297	2.2184e-05	7.6742e-06
848	0.85309	0.14688	2.5206e-05	4.4445e-06
849	0.92817	0.071798	2.7277e-05	2.1687e-06
850	0.93114	0.068832	2.7182e-05	2.0637e-06
851	0.94651	0.053462	2.7444e-05	1.5955e-06
852	0.98627	0.013697	2.8425e-05	4.1187e-07
853	0.98381	0.01616	2.8159e-05	4.8024e-07
854	0.98526	0.014715	2.8012e-05	4.3405e-07
855	0.99186	0.0081165	2.8019e-05	2.3833e-07
856	0.9832	0.016773	2.7579e-05	4.825e-07
857	0.94372	0.056253	2.6283e-05	1.5866e-06
858	0.76501	0.23496	2.1095e-05	6.5758e-06
859	0.51953	0.48044	1.4169e-05	1.3308e-05
860	0.44313	0.55684	1.1959e-05	1.5318e-05
861	0.41337	0.5866	1.1062e-05	1.6017e-05
862	0.40882	0.59115	1.085e-05	1.6025e-05
863	0.41781	0.58217	1.1005e-05	1.567e-05
864	0.44806	0.55191	1.1723e-05	1.4754e-05
865	0.54923	0.45075	1.4273e-05	1.2001e-05
866	0.78347	0.2165	2.0267e-05	5.8058e-06
867	0.79967	0.20031	2.0533e-05	5.3421e-06
868	0.70887	0.29111	1.8019e-05	7.6615e-06
869	0.58	0.41997	1.4536e-05	1.0943e-05
870	0.52491	0.47506	1.3012e-05	1.2269e-05
871	0.44751	0.55246	1.0956e-05	1.4129e-05
872	0.42202	0.57796	1.0223e-05	1.4661e-05
873	0.41955	0.58043	1.0066e-05	1.4611e-05
874	0.41651	0.58346	9.8924e-06	1.4573e-05
875	0.42621	0.57376	1.0029e-05	1.4227e-05
876	0.45793	0.54205	1.0686e-05	1.3362e-05
877	0.43799	0.56198	1.011e-05	1.3732e-05
878	0.43696	0.56302	9.9868e-06	1.3646e-05
879	0.44923	0.55074	1.0176e-05	1.3248e-05
880	0.43716	0.56282	9.7997e-06	1.3418e-05
881	0.43835	0.56163	9.7365e-06	1.3276e-05
882	0.4371	0.56287	9.6128e-06	1.319e-05
883	0.43388	0.5661	9.4406e-06	1.3147e-05
884	0.42519	0.57479	9.1501e-06	1.3225e-05
885	0.42913	0.57084	9.1452e-06	1.3018e-05
886	0.40533	0.59465	8.5349e-06	1.3419e-05
887	0.39875	0.60123	8.3104e-06	1.3436e-05
888	0.40552	0.59446	8.3768e-06	1.3164e-05
889	0.4064	0.59358	8.3186e-06	1.3018e-05
890	0.40221	0.59777	8.1558e-06	1.2978e-05
891	0.39287	0.60711	7.8912e-06	1.3042e-05
892	0.37845	0.62153	7.5299e-06	1.3204e-05
893	0.37763	0.62235	7.4509e-06	1.3085e-05
894	0.38982	0.61016	7.6398e-06	1.2699e-05
895	0.39958	0.6004	7.7697e-06	1.2368e-05
896	0.34235	0.65763	6.5815e-06	1.335e-05
897	0.32065	0.67933	6.1027e-06	1.3624e-05
898	0.23928	0.7607	4.4935e-06	1.5024e-05
899	0.20693	0.79305	3.843e-06	1.5466e-05
900	0.19807	0.80191	3.6378e-06	1.5458e-05
901	0.20205	0.79793	3.6722e-06	1.5207e-05
902	0.20174	0.79825	3.6272e-06	1.5036e-05
903	0.21311	0.78687	3.7983e-06	1.4649e-05
904	0.21954	0.78044	3.8765e-06	1.4357e-05
905	0.24667	0.75331	4.3232e-06	1.3692e-05
906	0.33677	0.66322	5.8738e-06	1.1918e-05
907	0.40147	0.59851	6.946e-06	1.0624e-05
908	0.55197	0.44801	9.5041e-06	7.8457e-06
909	0.98139	0.018596	1.6795e-05	3.2973e-07
910	0.96336	0.036628	1.6265e-05	6.366e-07
911	0.95835	0.041634	1.5959e-05	7.1446e-07
912	0.95909	0.04089	1.5755e-05	6.9335e-07
913	0.95868	0.041307	1.5524e-05	6.9216e-07
914	0.96409	0.035895	1.5391e-05	5.9597e-07
915	0.97934	0.020648	1.5415e-05	3.4464e-07
916	0.93929	0.060695	1.4532e-05	9.9388e-07
917	0.92387	0.076117	1.4069e-05	1.2274e-06
918	0.92107	0.078914	1.3804e-05	1.2564e-06
919	0.92755	0.07244	1.3674e-05	1.1444e-06
920	0.93171	0.06828	1.351e-05	1.0689e-06
921	0.9519	0.048082	1.3569e-05	7.6575e-07
922	0.9544	0.045584	1.3315e-05	7.0673e-07
923	0.96459	0.035396	1.3178e-05	5.3457e-07
924	0.99984	0.00014804	1.3396e-05	1.8032e-09
925	0.99522	0.0047685	1.3035e-05	5.0495e-08
926	0.99034	0.0096479	1.2669e-05	9.8015e-08
927	0.99027	0.009716	1.2351e-05	9.1601e-08
928	0.9326	0.067386	1.1495e-05	6.1679e-07
929	0.85231	0.14767	1.0488e-05	1.2966e-06
930	0.8283	0.17169	1.0006e-05	1.4441e-06
931	0.74498	0.25501	9.1926e-06	2.5504e-06
932	0.70991	0.29007	8.9558e-06	3.082e-06
933	0.69716	0.30283	8.9907e-06	3.3439e-06
934	0.6817	0.31829	8.9779e-06	3.6482e-06
935	0.68004	0.31995	9.1406e-06	3.7789e-06
936	0.69205	0.30794	9.4792e-06	3.7363e-06
