#coord	neutral	conserved	gBGC.neutral	gBGC.conserved
1	0.83333	0.028366	0.13371	0.0045927
2	0.85213	0.0097551	0.13654	0.0015805
3	0.8563	0.0057509	0.13702	0.00092605
4	0.86017	0.002059	0.13744	0.00032887
5	0.86122	0.0011854	0.1374	0.00018831
6	0.86259	2.7132e-06	0.1374	4.3392e-07
7	0.86277	4.926e-06	0.13723	7.8e-07
8	0.8629	5.6766e-05	0.13704	9.1081e-06
9	0.86307	5.7453e-05	0.13686	9.2113e-06
10	0.86326	3.0903e-05	0.1367	4.9663e-06
11	0.86328	0.00016791	0.13652	2.6823e-05
12	0.86357	2.4489e-05	0.1364	3.9194e-06
13	0.86371	1.9414e-05	0.13626	3.1044e-06
14	0.86377	9.2862e-05	0.13612	1.4844e-05
15	0.86376	0.00022175	0.13598	3.534e-05
16	0.86401	9.0592e-05	0.13589	1.4452e-05
17	0.86417	3.1175e-05	0.13579	4.977e-06
18	0.86415	0.00015179	0.13568	2.4048e-05
19	0.86438	9.0244e-06	0.13561	1.4226e-06
20	0.86398	0.0005009	0.13544	7.9264e-05
21	0.86451	5.4435e-05	0.13543	8.6694e-06
22	0.86457	6.8184e-05	0.13535	1.0822e-05
23	0.86462	8.7553e-05	0.13528	1.39e-05
24	0.86461	0.00015247	0.13521	2.4139e-05
25	0.86435	0.00046138	0.13511	7.2442e-05
26	0.86423	0.00062644	0.13504	9.7462e-05
27	0.86446	0.00044519	0.13503	6.9097e-05
28	0.86428	0.000682	0.13494	0.00010639
29	0.86425	0.00075209	0.13488	0.00011663
30	0.86449	0.00055545	0.13486	8.5899e-05
31	0.86508	1.9958e-05	0.1349	3.1198e-06
32	0.86454	0.00060886	0.13476	9.4969e-05
33	0.86436	0.00083032	0.13468	0.0001295
34	0.86455	0.00068453	0.13466	0.0001068
35	0.86511	0.00017126	0.13469	2.6901e-05
36	0.86531	8.7951e-06	0.13468	1.3863e-06
37	0.86534	5.7182e-08	0.13466	8.9075e-09
38	0.86463	0.00074798	0.13451	0.00011731
39	0.86399	0.0014041	0.13438	0.00021907
40	0.86487	0.00055187	0.13449	8.7061e-05
41	0.86486	0.00058879	0.13446	9.3173e-05
42	0.86501	0.00044292	0.13447	7.023e-05
43	0.86535	0.00011159	0.13452	1.7931e-05
44	0.86362	0.001834	0.13425	0.00029007
45	0.86167	0.0037717	0.13396	0.00059388
46	0.86182	0.0036025	0.13401	0.00056596
47	0.86229	0.0031138	0.13411	0.00049021
48	0.86513	0.00024578	0.13458	3.8963e-05
49	0.86531	3.4075e-05	0.13465	5.3202e-06
50	0.86532	5.657e-07	0.13468	8.7812e-08
51	0.86515	0.00014121	0.13468	2.2174e-05
52	0.86526	3.4871e-06	0.13474	5.4756e-07
53	0.86438	0.0008442	0.13465	0.000131
54	0.86487	0.00031559	0.13477	4.9435e-05
55	0.86494	0.00020075	0.13483	3.1523e-05
56	0.86475	0.0003384	0.13486	5.2659e-05
57	0.86493	0.00011362	0.13494	1.781e-05
58	0.86456	0.00042376	0.13495	6.6031e-05
59	0.86456	0.00036971	0.13501	5.8047e-05
60	0.86475	0.00012368	0.13511	1.9442e-05
61	0.86291	0.0018968	0.1349	0.00029518
62	0.85599	0.0087576	0.13388	0.0013704
63	0.84906	0.01563	0.13286	0.0024568
64	0.84728	0.017339	0.13265	0.0027252
65	0.84919	0.015358	0.13304	0.0024096
66	0.85776	0.006715	0.13448	0.0010486
67	0.8599	0.0045077	0.13489	0.00070346
68	0.8623	0.002049	0.13533	0.00032159
69	0.86421	7.1684e-05	0.13571	1.1279e-05
70	0.86352	0.00068968	0.13568	0.00010943
71	0.86384	0.00030344	0.13581	4.8331e-05
72	0.86386	0.00021214	0.13589	3.4728e-05
73	0.85996	0.0040386	0.13535	0.00065773
74	0.8595	0.004425	0.13535	0.00072758
75	0.8619	0.0019532	0.1358	0.00034629
76	0.86029	0.0034936	0.13559	0.00062834
77	0.86087	0.002835	0.13575	0.00054058
78	0.86127	0.0023553	0.13589	0.00048477
79	0.8555	0.0080344	0.1348	0.0016558
80	0.85433	0.0091258	0.13462	0.0019297
81	0.85577	0.0075965	0.13491	0.0017311
82	0.84944	0.013833	0.13354	0.0031875
83	0.84788	0.015301	0.13321	0.00361
84	0.8498	0.013271	0.13356	0.0033645
85	0.73343	0.13009	0.11505	0.021437
86	0.69338	0.17058	0.1084	0.027635
87	0.67869	0.18571	0.10577	0.029833
88	0.66171	0.20313	0.10278	0.032382
89	0.66001	0.20528	0.10215	0.032564
90	0.67293	0.1928	0.1038	0.030464
91	0.70848	0.15769	0.10905	0.024779
92	0.6793	0.18732	0.10417	0.029212
93	0.64076	0.22629	0.097969	0.034985
94	0.50731	0.36017	0.077396	0.055121
95	0.3211	0.54682	0.048846	0.083229
96	0.26323	0.60514	0.039849	0.091782
97	0.18671	0.6821	0.028195	0.103
98	0.15611	0.71312	0.023553	0.10721
99	0.14861	0.72106	0.022352	0.10798
100	0.13693	0.73316	0.020561	0.10935
101	0.1378	0.73271	0.020629	0.10886
102	0.15246	0.71848	0.022738	0.10632
103	0.07709	0.79428	0.011469	0.11716
104	0.050841	0.82097	0.0075213	0.12067
105	0.04225	0.82999	0.0062083	0.12155
106	0.029068	0.8436	0.0042432	0.12308
107	0.025821	0.84728	0.003742	0.12315
108	0.026149	0.84738	0.0037695	0.1227
109	0.030681	0.84327	0.0044077	0.12165
110	0.014879	0.85949	0.0021102	0.12352
111	0.0085285	0.86625	0.0011968	0.12402
112	0.0069738	0.86822	0.0009672	0.12384
113	0.0070994	0.8685	0.00097799	0.12342
114	0.0091964	0.86681	0.0012652	0.12273
115	0.010515	0.86589	0.0014388	0.12215
116	0.014721	0.86209	0.0020119	0.12118
117	0.025627	0.85157	0.0035132	0.11929
118	0.052635	0.82495	0.0072556	0.11516
119	0.12977	0.7482	0.017849	0.10418
120	0.3496	0.52876	0.047759	0.073882
121	0.34553	0.53321	0.047017	0.074243
122	0.35554	0.52358	0.048191	0.072685
123	0.39147	0.48805	0.052827	0.067661
124	0.41798	0.46191	0.056207	0.063902
125	0.41829	0.46197	0.056045	0.063694
126	0.43193	0.44869	0.057713	0.061664
127	0.40067	0.48032	0.053283	0.065728
128	0.39061	0.49073	0.051763	0.066892
129	0.39298	0.48872	0.051932	0.066373
130	0.31984	0.56221	0.042049	0.075904
131	0.23389	0.64851	0.030465	0.087132
132	0.20794	0.67482	0.026887	0.090352
133	0.18081	0.70231	0.023147	0.09373
134	0.17074	0.71273	0.02172	0.094802
135	0.1709	0.71293	0.02165	0.094524
136	0.15005	0.73412	0.018875	0.096958
137	0.1465	0.73801	0.018337	0.097152
138	0.15105	0.7338	0.01885	0.096301
139	0.13931	0.74587	0.017294	0.097527
140	0.13921	0.74631	0.017216	0.097272
141	0.14765	0.73818	0.01823	0.095931
142	0.15199	0.73417	0.018708	0.095123
143	0.16765	0.71884	0.020619	0.092889
144	0.20618	0.68063	0.025429	0.087762
145	0.23224	0.65488	0.028665	0.084215
146	0.29423	0.5932	0.036497	0.076078
147	0.44726	0.44046	0.056043	0.056234
148	0.88365	0.0043738	0.11141	0.00056467
149	0.88409	0.0042222	0.11114	0.00054258
150	0.88694	0.0016554	0.11119	0.00021128
151	0.88629	0.0025943	0.11079	0.00032796
152	0.88165	0.0075071	0.10991	0.00093532
153	0.87714	0.012301	0.10903	0.001529
154	0.8775	0.012224	0.10876	0.0015179
155	0.87204	0.01796	0.10777	0.0022225
156	0.87238	0.01791	0.1075	0.0022127
157	0.87663	0.013928	0.10772	0.0017157
158	0.88057	0.010271	0.1079	0.0012649
159	0.89076	0.00034554	0.10885	4.2747e-05
160	0.88917	0.0021951	0.10836	0.00026793
161	0.88962	0.0020176	0.10812	0.00024643
162	0.8918	9.1345e-05	0.1081	1.12e-05
163	0.892	0.00014246	0.10784	1.7209e-05
164	0.89216	0.00023154	0.10758	2.8078e-05
165	0.89256	7.5364e-05	0.10736	9.0305e-06
166	0.88736	0.0055106	0.10648	0.00065054
167	0.86968	0.023434	0.10412	0.0027734
168	0.86524	0.028112	0.10332	0.0033236
169	0.86706	0.026549	0.10326	0.0031347
170	0.87439	0.019461	0.10386	0.0022889
171	0.881	0.013095	0.10437	0.0015373
172	0.8815	0.012831	0.10417	0.0015015
173	0.87762	0.016958	0.10344	0.0019842
174	0.87338	0.021441	0.10267	0.0025103
175	0.84984	0.045222	0.099652	0.0052856
176	0.84385	0.05146	0.098688	0.0060065
177	0.84607	0.049487	0.098675	0.0057703
178	0.84655	0.049245	0.098474	0.0057308
179	0.8564	0.039637	0.099343	0.0046162
180	0.88073	0.015552	0.10189	0.0018273
181	0.88601	0.010495	0.10226	0.0012369
182	0.88992	0.0068078	0.10247	0.00080424
183	0.893	0.0039457	0.10259	0.00046654
184	0.89355	0.0035968	0.10243	0.00042253
185	0.89442	0.0029336	0.1023	0.0003443
186	0.89513	0.0024288	0.10216	0.00028394
187	0.89421	0.003552	0.10183	0.00041308
188	0.89511	0.002844	0.10171	0.00033024
189	0.89586	0.0022911	0.10159	0.00026469
190	0.87792	0.020421	0.099326	0.0023315
191	0.87142	0.027113	0.09839	0.003081
192	0.87129	0.027433	0.098169	0.0031119
193	0.86224	0.036665	0.09696	0.0041398
194	0.8518	0.047283	0.095587	0.0053267
195	0.8048	0.094478	0.09007	0.010654
196	0.74313	0.15633	0.082987	0.017554
197	0.67101	0.22863	0.074712	0.025643
198	0.64704	0.25279	0.071847	0.028319
199	0.36756	0.53246	0.040012	0.059961
200	0.25388	0.64633	0.027175	0.072611
201	0.20806	0.69233	0.022031	0.077574
202	0.19063	0.70994	0.020067	0.079362
203	0.18824	0.71251	0.019743	0.079508
204	0.19508	0.70584	0.020424	0.078654
205	0.21621	0.68489	0.022647	0.076262
206	0.21467	0.68658	0.022439	0.076307
207	0.22395	0.67747	0.023408	0.07518
208	0.22845	0.67312	0.02387	0.074564
209	0.24731	0.6544	0.025908	0.072378
210	0.31193	0.58993	0.032895	0.065241
211	0.46182	0.44019	0.049247	0.048744
212	0.88929	0.012865	0.095587	0.002256
213	0.89144	0.011535	0.095078	0.0019431
214	0.46141	0.4424	0.048228	0.047962
215	0.28623	0.6184	0.029387	0.065987
216	0.21517	0.69026	0.021786	0.072784
217	0.18704	0.71918	0.018737	0.075042
218	0.18103	0.72599	0.017953	0.075031
219	0.18477	0.72303	0.018171	0.074029
220	0.2014	0.70717	0.019692	0.071737
221	0.25859	0.65076	0.0252	0.065453
222	0.39126	0.51885	0.038153	0.051735
223	0.48653	0.42435	0.047116	0.042003
224	0.48683	0.42481	0.046715	0.041647
225	0.4865	0.4259	0.046239	0.04136
226	0.3871	0.52604	0.036426	0.050424
227	0.28572	0.62818	0.026534	0.059562
228	0.24513	0.66951	0.022531	0.062822
229	0.19365	0.72173	0.017647	0.066976
230	0.17694	0.73917	0.015969	0.067919
231	0.17605	0.7408	0.015734	0.067416
232	0.15429	0.7633	0.013618	0.068791
233	0.1468	0.77153	0.012821	0.068856
234	0.14858	0.77046	0.012859	0.068096
235	0.16367	0.7561	0.014038	0.066192
236	0.20096	0.71952	0.017126	0.062389
237	0.29367	0.62752	0.024965	0.053846
238	0.22538	0.69652	0.018968	0.059135
239	0.20532	0.71729	0.017093	0.060297
240	0.19929	0.72402	0.016429	0.060257
241	0.1928	0.73122	0.015728	0.060252
242	0.19573	0.72899	0.015813	0.059469
243	0.21437	0.71105	0.017148	0.057434
244	0.27782	0.6483	0.021972	0.051906
245	0.4249	0.50191	0.033313	0.03987
246	0.78632	0.14118	0.061354	0.011147
247	0.79166	0.13653	0.061133	0.010678
248	0.81382	0.11506	0.062174	0.0089409
249	0.86639	0.06318	0.06551	0.004922
250	0.88004	0.050213	0.065835	0.0039089
251	0.87185	0.059084	0.064514	0.0045539
252	0.87146	0.06013	0.063816	0.0045915
253	0.87946	0.052803	0.063725	0.0040151
254	0.86295	0.069968	0.061834	0.0052527
255	0.85832	0.075234	0.06086	0.0055867
256	0.85382	0.080379	0.059891	0.0059096
257	0.85642	0.078418	0.059451	0.0057154
258	0.86761	0.067844	0.05963	0.0049152
259	0.86657	0.069497	0.058957	0.00498
260	0.87225	0.064408	0.058768	0.0045728
261	0.88848	0.048763	0.059321	0.0034364
262	0.89135	0.046465	0.058949	0.0032367
263	0.90233	0.036039	0.059148	0.0024797
264	0.93881	0.00012505	0.061054	8.6167e-06
265	0.93845	0.0010427	0.060441	6.7836e-05
266	0.93931	0.00072174	0.059921	4.6175e-05
267	0.94056	2.4761e-05	0.059418	1.5797e-06
268	0.94104	7.4599e-05	0.058877	4.6691e-06
269	0.94106	0.0006021	0.058301	3.7616e-05
270	0.94213	6.5487e-05	0.057803	4.0597e-06
271	0.94216	0.00057454	0.057235	3.5419e-05
272	0.94234	0.00091875	0.056689	5.5964e-05
273	0.94376	9.6307e-06	0.056232	5.8298e-07
274	0.94419	7.8072e-05	0.055726	4.5728e-06
275	0.94385	0.00093049	0.055168	5.4275e-05
276	0.945	0.00029177	0.05469	1.7159e-05
277	0.84742	0.098378	0.048491	0.0057134
278	0.81408	0.13222	0.046079	0.0076168
279	0.80456	0.14225	0.045058	0.0081246
280	0.78993	0.15739	0.043775	0.0089046
281	0.7273	0.22053	0.039792	0.01238
282	0.70324	0.24508	0.038054	0.01362
283	0.67886	0.26997	0.036311	0.01486
284	0.67146	0.27786	0.035533	0.015144
285	0.65863	0.29118	0.034488	0.015705
286	0.63963	0.31066	0.033148	0.016569
287	0.6196	0.33116	0.031763	0.017474
288	0.61582	0.33542	0.03125	0.017515
289	0.6101	0.34161	0.030634	0.017655
290	0.61935	0.33284	0.030771	0.017039
291	0.65432	0.29835	0.032157	0.01517
292	0.60611	0.34705	0.029357	0.017481
293	0.5886	0.36505	0.028162	0.018197
294	0.58559	0.36852	0.027706	0.018182
295	0.54895	0.40562	0.025654	0.019773
296	0.50668	0.44836	0.023355	0.021605
297	0.4906	0.4649	0.022348	0.022154
298	0.40595	0.55	0.018214	0.025839
299	0.37031	0.58608	0.016411	0.027198
300	0.35841	0.59841	0.015714	0.027459
301	0.30784	0.64943	0.01331	0.029423
302	0.2889	0.6688	0.012349	0.029952
303	0.28437	0.67376	0.012032	0.029842
304	0.29172	0.66682	0.012238	0.029218
305	0.32177	0.6372	0.013407	0.027627
306	0.39336	0.56603	0.016348	0.02427
307	0.62306	0.33674	0.025885	0.014313
308	0.7849	0.17531	0.032434	0.0073528
309	0.94298	0.017649	0.038628	0.00074274
310	0.94116	0.019872	0.038138	0.0008251
311	0.9435	0.017939	0.037829	0.00073568
312	0.95302	0.0088172	0.037803	0.00035959
313	0.95498	0.0072495	0.037477	0.00029209
314	0.95632	0.006293	0.037135	0.00024964
315	0.96266	0.00034655	0.03698	1.3784e-05
316	0.90148	0.061907	0.034242	0.0023701
317	0.88095	0.082822	0.033084	0.0031418
318	0.87387	0.09028	0.03246	0.003387
319	0.87476	0.089761	0.032146	0.0033296
320	0.88682	0.078079	0.032234	0.0028667
321	0.91889	0.046376	0.033053	0.0016806
322	0.92785	0.037792	0.033008	0.0013548
323	0.93405	0.031956	0.032867	0.0011312
324	0.95656	0.0098123	0.033286	0.00034342
325	0.95722	0.0095093	0.03294	0.00032807
326	0.96219	0.004904	0.032737	0.00016663
327	0.96745	1.1951e-05	0.032533	4.0078e-07
328	0.9653	0.0025302	0.032088	8.3179e-05
329	0.96559	0.0026025	0.031721	8.4539e-05
330	0.96856	1.0483e-05	0.031434	3.397e-07
331	0.9675	0.0014268	0.031025	4.5806e-05
332	0.94786	0.021425	0.030041	0.00067465
333	0.94078	0.028851	0.029473	0.00089505
334	0.94065	0.029338	0.029118	0.00089838
335	0.94689	0.023452	0.028952	0.0007083
336	0.96893	0.001773	0.029247	5.2773e-05
337	0.96687	0.004182	0.028823	0.00012309
338	0.96753	0.0038783	0.028477	0.00011266
339	0.97171	6.0233e-05	0.028226	1.7186e-06
340	0.97191	0.0002265	0.027854	6.493e-06
341	0.97165	0.00084965	0.027477	2.3889e-05
342	0.97286	1.0903e-06	0.027137	3.0127e-08
343	0.97228	0.00095213	0.026742	2.6254e-05
344	0.9721	0.0015018	0.026354	4.1096e-05
345	0.9734	0.00056637	0.026014	1.5419e-05
346	0.97284	0.0014939	0.025631	3.9827e-05
347	0.97218	0.002504	0.025254	6.5451e-05
348	0.97354	0.0014933	0.024926	3.871e-05
349	0.9715	0.0038899	0.024505	9.9919e-05
350	0.97185	0.0038981	0.024155	9.8854e-05
351	0.97457	0.0015213	0.023872	3.8421e-05
352	0.96966	0.0067686	0.023408	0.0001658
353	0.9694	0.0073649	0.023055	0.00017831
354	0.97198	0.0051201	0.022778	0.00012285
355	0.9713	0.0061289	0.02243	0.00014455
356	0.97316	0.0045871	0.02215	0.0001065
357	0.97538	0.0026894	0.021871	6.1964e-05
358	0.97539	0.0029953	0.021549	6.7811e-05
359	0.97728	0.0014121	0.021276	3.1578e-05
360	0.97897	2.7869e-05	0.021004	6.2214e-07
361	0.97892	0.00037177	0.020699	7.9862e-06
362	0.97913	0.00045004	0.020407	9.524e-06
363	0.97867	0.0011966	0.020108	2.4751e-05
364	0.9786	0.0015537	0.019812	3.1813e-05
365	0.9785	0.0019344	0.019523	3.9006e-05
366	0.97838	0.0023377	0.019239	4.6257e-05
367	0.97866	0.00234	0.018959	4.5699e-05
368	0.98091	0.00036065	0.018723	6.8872e-06
369	0.98113	0.00041313	0.018444	7.7469e-06
370	0.97919	0.0026397	0.018122	4.8993e-05
371	0.97937	0.002737	0.017845	4.9835e-05
372	0.98227	0.00011381	0.017614	2.062e-06
373	0.98244	0.00021511	0.017339	3.8282e-06
374	0.98052	0.0024021	0.017033	4.1703e-05
375	0.97868	0.0045161	0.016726	7.7382e-05
376	0.97911	0.0043486	0.016464	7.3182e-05
377	0.98266	0.001071	0.016251	1.7872e-05
378	0.9836	0.00039822	0.015998	6.569e-06
379	0.98388	0.00037021	0.01574	5.977e-06
380	0.98354	0.00096662	0.015477	1.517e-05
381	0.98476	1.0897e-07	0.015236	1.6939e-09
382	0.98396	0.0010531	0.014968	1.5996e-05
383	0.98338	0.0018872	0.0147	2.8292e-05
384	0.98441	0.0011103	0.014463	1.6286e-05
385	0.98568	9.1238e-05	0.014225	1.3078e-06
386	0.98602	7.3315e-06	0.01397	1.0451e-07
387	0.98628	3.6323e-06	0.013719	5.1316e-08
388	0.98533	0.0012087	0.013448	1.6925e-05
389	0.98431	0.0024695	0.013182	3.3864e-05
390	0.98511	0.0019164	0.012947	2.5912e-05
391	0.9689	0.018362	0.012495	0.00023973
392	0.95228	0.035223	0.012041	0.00045238
393	0.94629	0.041456	0.011734	0.00052198
394	0.9201	0.06788	0.011177	0.00083868
395	0.91086	0.077361	0.010845	0.00093624
396	0.91159	0.076872	0.010631	0.00091239
397	0.89779	0.0909	0.010254	0.0010556
398	0.88203	0.10689	0.0098585	0.0012154
399	0.87782	0.11134	0.0096034	0.0012388
400	0.88537	0.10403	0.0094734	0.0011341
401	0.90846	0.081166	0.0095096	0.00086769
402	0.96329	0.026555	0.0098718	0.00027954
403	0.96032	0.029751	0.0096249	0.00030519
404	0.96242	0.027871	0.0094345	0.00027881
405	0.97407	0.016436	0.0093329	0.00016047
406	0.97702	0.01371	0.0091396	0.00013077
407	0.9857	0.0052521	0.0090027	4.8763e-05
408	0.98793	0.0032378	0.0088004	2.9338e-05
409	0.98542	0.0059784	0.0085522	5.2684e-05
410	0.98571	0.0059058	0.008334	5.0649e-05
411	0.98866	0.0031699	0.008142	2.6354e-05
412	0.99198	7.3256e-05	0.0079484	5.9664e-07
413	0.99224	2.6676e-05	0.0077334	2.0811e-07
414	0.98951	0.0029692	0.0075004	2.2221e-05
415	0.94634	0.04635	0.0069702	0.00033873
416	0.93382	0.059085	0.0066726	0.0004196
417	0.93287	0.060262	0.0064574	0.00041518
418	0.92963	0.063709	0.0062316	0.00042516
419	0.93297	0.06059	0.0060538	0.00039087
420	0.94838	0.045392	0.0059474	0.00028254
421	0.9506	0.043391	0.0057519	0.00026071
422	0.96253	0.031682	0.0056087	0.0001839
423	0.99328	0.001142	0.0055704	6.4322e-06
424	0.97941	0.01522	0.0052836	8.2013e-05
425	0.97424	0.020597	0.0050518	0.00010634
426	0.9738	0.021245	0.0048494	0.0001049
427	0.97295	0.022302	0.0046426	0.00010523
428	0.97755	0.017912	0.0044583	8.0466e-05
429	0.9947	0.00096847	0.0043232	3.5417e-06
430	0.99349	0.0023912	0.0041108	7.9973e-06
431	0.97508	0.021011	0.0038424	6.5943e-05
432	0.96847	0.027824	0.0036211	8.0609e-05
433	0.94458	0.051713	0.0035281	0.00018231
434	0.91131	0.084965	0.0033967	0.00032318
435	0.89903	0.097236	0.0033532	0.00037691
436	0.69753	0.29872	0.0025233	0.0012177
437	0.62743	0.36882	0.0022334	0.0015172
438	0.60467	0.39157	0.0021385	0.0016205
439	0.25548	0.74078	0.00090113	0.00284
440	0.13297	0.86331	0.00046543	0.0032567
441	0.094897	0.9014	0.00032871	0.0033734
442	0.080113	0.9162	0.00027575	0.0034066
443	0.077181	0.91916	0.00026437	0.0033973
444	0.082583	0.91378	0.00028226	0.0033577
445	0.076695	0.91969	0.00026039	0.0033581
446	0.077977	0.91843	0.00026401	0.0033333
447	0.086771	0.90965	0.00029434	0.0032819
448	0.069254	0.92719	0.00023272	0.0033215
449	0.063403	0.93306	0.00021186	0.0033206
450	0.066132	0.93036	0.00022018	0.0032895
451	0.05527	0.94124	0.00018257	0.0033045
452	0.053557	0.94298	0.00017576	0.0032878
453	0.05722	0.93934	0.0001873	0.0032529
454	0.057898	0.93869	0.00018837	0.0032275
455	0.064836	0.93177	0.0002105	0.0031812
456	0.068843	0.92779	0.0002228	0.0031449
457	0.081736	0.91492	0.00026488	0.0030791
458	0.089866	0.90681	0.00029084	0.0030295
459	0.12025	0.87645	0.00038983	0.0029059
460	0.14977	0.84696	0.0004835	0.0027866
461	0.21901	0.77775	0.00070661	0.0025381
462	0.3895	0.60728	0.0012603	0.0019594
463	0.43394	0.56287	0.0013938	0.0017996
464	0.56324	0.4336	0.0017938	0.0013723
465	0.97646	0.020399	0.0030731	6.4493e-05
466	0.97798	0.01891	0.0030507	5.9213e-05
467	0.98638	0.010535	0.0030481	3.2802e-05
468	0.99302	0.0039296	0.0030407	1.2107e-05
469	0.99255	0.0044264	0.0030096	1.3517e-05
470	0.99442	0.0025872	0.0029865	7.8026e-06
471	0.99667	0.00036158	0.0029633	1.074e-06
472	0.9967	0.0003656	0.0029318	1.0777e-06
473	0.99612	0.00097481	0.0028994	2.8252e-06
474	0.997	0.00013426	0.0028697	3.8447e-07
475	0.997	0.00016323	0.0028362	4.6867e-07
476	0.99678	0.00041832	0.0028027	1.1858e-06
477	0.99682	0.0004036	0.0027707	1.1232e-06
478	0.99721	4.9965e-05	0.0027384	1.4131e-07
479	0.9967	0.00059112	0.0027043	1.6543e-06
480	0.99729	3.0928e-05	0.002674	1.3326e-07
481	0.99405	0.0034288	0.0025091	8.6175e-06
482	0.99345	0.0041831	0.0023541	9.7867e-06
483	0.99494	0.0028504	0.0022063	6.0818e-06
484	0.95684	0.0411	0.001978	8.0649e-05
485	0.78592	0.21218	0.0015266	0.00038095
486	0.71689	0.28135	0.0012973	0.0004614
487	0.39987	0.59852	0.00072715	0.00088476
488	0.30079	0.69774	0.00053643	0.00092703
489	0.25856	0.74013	0.0004437	0.00087274
490	0.097248	0.90143	0.00016931	0.0011562
491	0.046727	0.95194	8.2591e-05	0.001251
492	0.026242	0.97242	4.7717e-05	0.0012939
493	0.020305	0.97835	3.7441e-05	0.0013113
494	0.018626	0.98002	3.4431e-05	0.0013212
495	0.020233	0.9784	3.682e-05	0.0013255
496	0.014833	0.9838	2.8132e-05	0.00134
497	0.014354	0.98427	2.7434e-05	0.0013456
498	0.018078	0.98055	3.3638e-05	0.0013435
499	0.014689	0.98393	2.8681e-05	0.0013523
500	0.015442	0.98317	3.0454e-05	0.0013534
501	0.019419	0.97919	3.8077e-05	0.0013485
502	0.032161	0.96645	6.173e-05	0.0013267
503	0.068946	0.92967	0.00012958	0.0012598
504	0.15929	0.83931	0.00029846	0.0010918
505	0.18159	0.81682	0.00036163	0.0012267
506	0.23513	0.76308	0.00048764	0.0013007
507	0.38893	0.60909	0.00082183	0.001165
508	0.50567	0.49215	0.0011436	0.0010443
509	0.79299	0.20462	0.0019114	0.00048041
510	0.995	0.0024062	0.002589	9.7892e-06
511	0.99423	0.003117	0.0026397	1.1185e-05
512	0.99575	0.001546	0.0026962	5.4687e-06
513	0.99555	0.0016982	0.0027454	5.6418e-06
514	0.99324	0.0039547	0.0027891	1.2014e-05
515	0.99331	0.0038379	0.0028407	1.1655e-05
516	0.99672	0.00037374	0.0029007	1.1715e-06
517	0.99393	0.0031126	0.002943	9.4111e-06
518	0.99346	0.0035328	0.0029929	1.0836e-05
519	0.99581	0.0011404	0.0030499	3.677e-06
520	0.98225	0.014647	0.0030568	4.7537e-05
521	0.97832	0.018524	0.0030924	6.1313e-05
522	0.9745	0.022296	0.0031291	7.5059e-05
523	0.90701	0.089742	0.0029458	0.00030739
524	0.88417	0.11253	0.0029087	0.00039198
525	0.87621	0.12044	0.002923	0.00042614
526	0.86392	0.13269	0.0029221	0.00047622
527	0.86216	0.13439	0.0029587	0.00048974
528	0.87047	0.12603	0.0030324	0.00046719
529	0.86635	0.1301	0.0030599	0.00048925
530	0.862	0.1344	0.0030874	0.00051241
531	0.86731	0.12904	0.0031519	0.00049959
532	0.85738	0.13892	0.0031602	0.00054391
533	0.85736	0.13888	0.0032067	0.00055097
534	0.8705	0.12569	0.003303	0.00050674
535	0.84887	0.14727	0.0032646	0.00059834
536	0.84446	0.15162	0.003291	0.00062373
537	0.84946	0.14658	0.0033563	0.00061119
538	0.8541	0.14188	0.003422	0.00059929
539	0.87149	0.12444	0.0035434	0.0005328
540	0.91451	0.081354	0.0037792	0.00035283
541	0.9451	0.050715	0.0039673	0.00022169
542	0.93019	0.065564	0.0039574	0.00028709
543	0.92611	0.069592	0.0039939	0.00030728
544	0.68057	0.31507	0.0029821	0.0013742
545	0.60414	0.39145	0.0026816	0.0017283
546	0.57901	0.41652	0.0026004	0.0018617
547	0.27512	0.72037	0.0012392	0.0032736
548	0.15138	0.84406	0.00068557	0.0038788
549	0.10118	0.89421	0.00046246	0.0041541
550	0.034512	0.96082	0.0001601	0.0045092
551	0.013633	0.98165	6.374e-05	0.0046573
552	0.0071983	0.98803	3.3603e-05	0.004738
553	0.0047354	0.99044	2.2125e-05	0.0048007
554	0.0041229	0.991	1.9398e-05	0.0048551
555	0.0054214	0.98965	2.5736e-05	0.0048994
556	0.0055254	0.9895	2.641e-05	0.0049498
557	0.0073903	0.98758	3.5824e-05	0.004992
558	0.012623	0.9823	6.2366e-05	0.0050176
559	0.01596	0.97891	8.0047e-05	0.0050526
560	0.025173	0.96964	0.00012874	0.0050572
561	0.048197	0.94656	0.00025192	0.0049879
562	0.10142	0.89329	0.0005413	0.0047529
563	0.27131	0.72334	0.0014648	0.0038827
564	0.75518	0.23942	0.0041033	0.0012961
565	0.74816	0.24639	0.004103	0.0013471
566	0.75232	0.24218	0.0041653	0.0013365
567	0.7791	0.21535	0.0043519	0.0012
568	0.7593	0.2351	0.0042815	0.0013218
569	0.75702	0.23733	0.0043067	0.0013465
570	0.76704	0.22725	0.0044041	0.0013003
571	0.38225	0.612	0.0022193	0.0035349
572	0.26179	0.73241	0.0015311	0.0042714
573	0.22483	0.76932	0.0013232	0.0045265
574	0.093233	0.90087	0.00055067	0.005347
575	0.036149	0.95791	0.00021532	0.0057308
576	0.016154	0.97785	9.6277e-05	0.0058974
577	0.008053	0.98591	4.8161e-05	0.0059936
578	0.0054271	0.98848	3.2409e-05	0.0060565
579	0.0046642	0.9892	2.794e-05	0.0061085
580	0.003342	0.99047	2.0049e-05	0.0061647
581	0.0032718	0.99049	1.9799e-05	0.0062138
582	0.0043931	0.98932	2.7008e-05	0.0062561
583	0.0049598	0.98871	3.0701e-05	0.0063008
584	0.0045385	0.98908	2.8273e-05	0.0063523
585	0.0053986	0.98817	3.4044e-05	0.0063962
586	0.0024995	0.99102	1.5866e-05	0.0064646
587	0.0017799	0.99169	1.1315e-05	0.0065184
588	0.0017371	0.99168	1.1127e-05	0.0065683
589	0.0023393	0.99103	1.5194e-05	0.0066146
590	0.0040322	0.98929	2.664e-05	0.006654
591	0.009822	0.98345	6.5492e-05	0.006665
592	0.0049255	0.98829	3.2885e-05	0.0067481
593	0.0028679	0.9903	1.9238e-05	0.0068129
594	0.0021268	0.99099	1.442e-05	0.0068694
595	0.002154	0.99091	1.4859e-05	0.0069212
596	0.0033566	0.98966	2.3472e-05	0.0069638
597	0.0076965	0.98527	5.4208e-05	0.0069833
598	0.010155	0.98276	7.2236e-05	0.007016
599	0.016488	0.97637	0.00011886	0.0070208
600	0.032381	0.96043	0.00023722	0.0069546
601	0.077894	0.91486	0.00057556	0.0066673
602	0.2076	0.78511	0.0015398	0.0057531
603	0.62108	0.37158	0.0046108	0.0027309
604	0.62766	0.36495	0.0046891	0.0026999
605	0.66184	0.33073	0.0049708	0.002464
606	0.74339	0.24913	0.0056147	0.001867
607	0.76543	0.22704	0.005814	0.001713
608	0.78734	0.20509	0.0060115	0.0015592
609	0.84461	0.14777	0.0064832	0.0011326
610	0.85801	0.13433	0.0066219	0.0010374
611	0.89256	0.099739	0.0069275	0.00077678
612	0.97906	0.013187	0.007647	0.0001038
613	0.98539	0.0068131	0.0077454	5.3759e-05
614	0.99199	0.00016785	0.0078442	1.343e-06
615	0.99204	6.2614e-05	0.0078931	5.0176e-07
616	0.99172	0.00034077	0.0079371	2.7677e-06
617	0.99073	0.0012785	0.0079773	1.04e-05
618	0.99111	0.00085637	0.0080302	6.997e-06
619	0.95752	0.034397	0.0078025	0.00028245
620	0.94452	0.047346	0.0077442	0.00039019
621	0.94275	0.049068	0.0077751	0.00040693
622	0.3449	0.64687	0.0028733	0.0053581
623	0.13501	0.85671	0.001132	0.0071476
624	0.061373	0.9303	0.00051428	0.0078123
625	0.029469	0.96216	0.00024745	0.0081269
626	0.016568	0.97501	0.00014014	0.0082827
627	0.012412	0.97912	0.00010545	0.0083649
628	0.012017	0.97947	0.00010243	0.0084145
629	0.01403	0.97741	0.0001203	0.0084438
630	0.01994	0.97145	0.00017257	0.0084394
631	0.039808	0.95153	0.00034644	0.0083123
632	0.088695	0.9026	0.00078	0.0079264
633	0.22806	0.76318	0.0020138	0.0067391
634	0.62502	0.36618	0.0055238	0.0032744
635	0.71428	0.27688	0.0063508	0.0024942
636	0.93454	0.056567	0.0083813	0.00051195
637	0.93688	0.054173	0.0084512	0.00049216
638	0.95008	0.04093	0.0086186	0.00037319
639	0.99	0.00096254	0.0090296	8.7966e-06
640	0.99072	0.00019211	0.0090813	1.803e-06
641	0.98922	0.0016513	0.009114	1.553e-05
642	0.98768	0.0031418	0.0091482	2.9602e-05
643	0.98861	0.0021665	0.0092034	2.0807e-05
644	0.98768	0.0030437	0.0092429	2.9455e-05
645	0.98869	0.0019846	0.0093028	1.96e-05
646	0.94702	0.043606	0.0089485	0.0004258
647	0.9296	0.060972	0.0088304	0.00059748
648	0.92634	0.064179	0.0088463	0.00063326
649	0.85344	0.13702	0.008179	0.0013542
650	0.82267	0.16774	0.0079244	0.0016641
651	0.81592	0.17444	0.0079009	0.0017411
652	0.77376	0.21655	0.0075274	0.0021697
653	0.76122	0.22903	0.0074424	0.0023082
654	0.7607	0.2295	0.0074789	0.0023267
655	0.73527	0.25487	0.0072683	0.0025942
656	0.73027	0.25981	0.0072583	0.0026594
657	0.73656	0.25347	0.0073647	0.0026099
658	0.73929	0.25068	0.0074381	0.0025952
659	0.76025	0.22966	0.0076972	0.0023932
660	0.81212	0.17773	0.0082846	0.0018644
661	0.8251	0.16469	0.0084671	0.0017388
662	0.86152	0.12822	0.0089018	0.0013628
663	0.94725	0.042427	0.0098742	0.00045103
664	0.9447	0.044908	0.0099099	0.00047811
665	0.9493	0.040247	0.010019	0.00042976
666	0.96663	0.022861	0.010264	0.00024395
667	0.96955	0.01989	0.010352	0.00021291
668	0.97185	0.017533	0.010432	0.00018852
669	0.98189	0.0074404	0.010593	8.079e-05
670	0.98921	6.5278e-05	0.010728	7.2218e-07
671	0.98859	0.00062868	0.010779	6.912e-06
672	0.98908	7.6297e-05	0.010845	8.2913e-07
673	0.98628	0.0028133	0.010873	3.0681e-05
674	0.98611	0.0029323	0.010927	3.2149e-05
675	0.98873	0.00026202	0.01101	2.9109e-06
676	0.98801	0.0009262	0.011058	1.0354e-05
677	0.98769	0.0011897	0.011109	1.3443e-05
678	0.98882	4.8975e-06	0.011179	5.5161e-08
679	0.98868	8.6936e-05	0.011232	9.8513e-07
680	0.98758	0.0011304	0.011272	1.2965e-05
681	0.98782	0.00084245	0.011329	9.6657e-06
682	0.98736	0.0012529	0.011376	1.4463e-05
683	0.98691	0.001647	0.011425	1.9016e-05
684	0.98849	1.3327e-05	0.011496	1.5791e-07
685	0.98595	0.0025031	0.01152	2.9652e-05
686	0.98562	0.0027725	0.011573	3.2969e-05
687	0.98728	0.0010542	0.011652	1.2529e-05
688	0.98741	0.00086406	0.011711	1.0306e-05
689	0.98669	0.0015344	0.011762	1.8241e-05
690	0.98783	0.0003384	0.011832	4.023e-06
691	0.98808	3.2638e-05	0.01189	3.955e-07
692	0.98762	0.00043111	0.011942	5.2448e-06
693	0.986	0.0019893	0.011982	2.4142e-05
694	0.97957	0.0083592	0.011966	0.00010112
695	0.97859	0.0092802	0.012013	0.00011285
696	0.98049	0.0073209	0.012098	8.8975e-05
697	0.97369	0.014065	0.012074	0.00017188
698	0.97262	0.015077	0.012118	0.00018518
699	0.97182	0.015822	0.012163	0.00019553
700	0.97038	0.017204	0.012202	0.00021351
701	0.97364	0.013886	0.012299	0.00017291
702	0.98704	0.00043102	0.012519	5.4071e-06
703	0.98624	0.0011822	0.012565	1.4942e-05
704	0.98697	0.00039748	0.012629	5.048e-06
705	0.98718	0.00013696	0.012683	1.7934e-06
706	0.98474	0.0025223	0.012705	3.322e-05
707	0.98438	0.0028253	0.012757	3.7413e-05
708	0.98588	0.0012707	0.012835	1.7084e-05
709	0.98433	0.0027618	0.012876	3.6917e-05
710	0.9846	0.0024226	0.012943	3.251e-05
711	0.98696	2.5347e-06	0.01304	3.4853e-08
712	0.97423	0.01266	0.012937	0.00017031
713	0.96008	0.026743	0.01281	0.00036289
714	0.95537	0.031392	0.012813	0.00042793
715	0.88628	0.10041	0.01193	0.001377
716	0.8589	0.12772	0.011617	0.0017576
717	0.8516	0.13496	0.011574	0.0018672
718	0.84421	0.14229	0.011526	0.0019802
719	0.84617	0.14026	0.011609	0.0019631
720	0.86003	0.12633	0.011862	0.0017791
721	0.77746	0.20883	0.010778	0.0029349
722	0.74966	0.23656	0.010442	0.0033397
723	0.74489	0.24126	0.010425	0.0034245
724	0.71443	0.27165	0.010036	0.0038794
725	0.70487	0.28115	0.0099473	0.0040357
726	0.70798	0.27796	0.010043	0.0040104
727	0.73314	0.25273	0.010451	0.0036702
728	0.79437	0.19144	0.011389	0.002802
729	0.93698	0.048758	0.013538	0.0007255
730	0.93586	0.049801	0.013595	0.00074399
731	0.94266	0.04293	0.013765	0.00064609
732	0.96109	0.02442	0.014115	0.00037184
733	0.96511	0.02033	0.014253	0.00031143
734	0.96355	0.021812	0.014304	0.00033532
735	0.96643	0.018857	0.014426	0.00029155
736	0.96337	0.021833	0.014462	0.00033739
737	0.81637	0.16875	0.012341	0.002542
738	0.75702	0.22801	0.011527	0.0034425
739	0.54324	0.4417	0.0083567	0.0066978
740	0.47686	0.508	0.0073856	0.0077516
741	0.45825	0.52653	0.0071363	0.0080818
742	0.43037	0.55433	0.0067443	0.0085566
743	0.4249	0.55972	0.0066948	0.0086874
744	0.43743	0.54711	0.006924	0.0085376
745	0.43077	0.55369	0.0068499	0.0086896
746	0.43745	0.54693	0.00699	0.0086293
747	0.46326	0.52104	0.0074408	0.0082605
748	0.46516	0.51906	0.0075089	0.0082726
749	0.48952	0.49462	0.0079345	0.0079254
750	0.55342	0.43064	0.0090096	0.0069309
751	0.75948	0.2245	0.012384	0.0036355
752	0.80508	0.17882	0.013195	0.0029059
753	0.953	0.030823	0.015679	0.00050078
754	0.95369	0.030056	0.015766	0.0004911
755	0.96172	0.021943	0.015971	0.00036124
756	0.982	0.0015946	0.016383	2.6358e-05
757	0.98185	0.0016635	0.016457	2.783e-05
758	0.98331	0.00012404	0.01656	2.1016e-06
759	0.98335	9.0927e-06	0.016643	1.5578e-07
760	0.98321	6.1906e-05	0.016725	1.061e-06
761	0.9831	8.7669e-05	0.016811	1.4969e-06
762	0.98245	0.00064979	0.016885	1.1223e-05
763	0.98071	0.0023171	0.016937	4.0502e-05
764	0.98074	0.0021991	0.017023	3.8669e-05
765	0.98278	6.6217e-05	0.017148	1.1614e-06
766	0.98198	0.00078934	0.01722	1.3851e-05
767	0.98145	0.0012343	0.017295	2.1894e-05
768	0.98225	0.00034928	0.017395	6.2575e-06
769	0.98233	0.00017626	0.017487	3.1552e-06
770	0.98147	0.00095402	0.017558	1.7182e-05
771	0.98069	0.0016431	0.017635	2.9594e-05
772	0.98028	0.0019654	0.017715	3.5662e-05
773	0.98148	0.00068159	0.017828	1.2362e-05
774	0.98168	0.00039237	0.01792	7.1453e-06
775	0.97995	0.0020337	0.017975	3.7434e-05
776	0.97792	0.0039815	0.018021	7.3992e-05
777	0.97816	0.00366	0.018112	6.8347e-05
778	0.97642	0.0053151	0.018163	9.9935e-05
779	0.97698	0.0046713	0.018261	8.8299e-05
780	0.98031	0.0012535	0.018415	2.3648e-05
781	0.97737	0.0041001	0.018448	7.7406e-05
782	0.97473	0.0066614	0.018482	0.00012669
783	0.97477	0.0065364	0.018571	0.00012476
784	0.97486	0.0063638	0.018658	0.00012216
785	0.97771	0.003418	0.018802	6.5678e-05
786	0.98094	0.00011047	0.018951	2.1523e-06
787	0.97999	0.00097273	0.019022	1.893e-05
788	0.97944	0.0014365	0.019098	2.8245e-05
789	0.98037	0.00041757	0.019207	8.3192e-06
790	0.97742	0.0032727	0.019242	6.4789e-05
791	0.97722	0.0033827	0.019329	6.7537e-05
792	0.97907	0.0014356	0.019461	2.9012e-05
793	0.97769	0.0027345	0.019524	5.573e-05
794	0.97807	0.0022536	0.019627	4.6398e-05
795	0.97651	0.003721	0.019687	7.7274e-05
796	0.95191	0.028228	0.019273	0.00058553
797	0.94193	0.038119	0.019163	0.00079297
798	0.93961	0.040334	0.019214	0.00084235
799	0.94494	0.034911	0.019419	0.00073462
800	0.9483	0.031442	0.01959	0.00066559
801	0.96007	0.01957	0.019943	0.00041692
802	0.96917	0.01036	0.020247	0.00022083
803	0.96714	0.01229	0.020312	0.00026196
804	0.96948	0.0098438	0.020466	0.00021104
805	0.96044	0.018774	0.020382	0.00040109
806	0.95856	0.020556	0.020446	0.00044133
807	0.96065	0.018357	0.020599	0.0003956
808	0.96165	0.01725	0.020732	0.00037243
809	0.95738	0.021407	0.020749	0.00046334
810	0.95888	0.019802	0.020887	0.00043059
811	0.96855	0.010028	0.021201	0.00022015
812	0.9779	0.00057776	0.021514	1.2936e-05
813	0.9776	0.0007669	0.021619	1.7246e-05
814	0.9727	0.0055621	0.021617	0.00012595
815	0.9718	0.006349	0.021702	0.00014521
816	0.97353	0.0045146	0.021851	0.00010485
817	0.96842	0.0095134	0.021847	0.00022085
818	0.96716	0.010653	0.021934	0.00024837
819	0.96892	0.0087779	0.022096	0.00020605
820	0.96665	0.010923	0.022168	0.00025621
821	0.96814	0.0093136	0.022325	0.00022
822	0.97425	0.0030843	0.022595	7.3764e-05
823	0.97369	0.0035195	0.022706	8.4624e-05
824	0.97286	0.0042229	0.022814	0.00010181
825	0.97424	0.0027122	0.022979	6.5944e-05
826	0.97011	0.0067071	0.023017	0.00016135
827	0.96973	0.0069653	0.02314	0.00016866
828	0.97222	0.0043383	0.023338	0.00010576
829	0.97205	0.0043699	0.023469	0.00010729
830	0.97202	0.0042745	0.0236	0.00010609
831	0.97451	0.0016505	0.023798	4.226e-05
832	0.95643	0.019599	0.023466	0.00050471
833	0.94973	0.026159	0.02343	0.00067674
834	0.94877	0.026987	0.023543	0.00070298
835	0.94686	0.028753	0.023637	0.00075283
836	0.93615	0.039321	0.023498	0.0010328
837	0.93346	0.041867	0.02357	0.0011057
838	0.88008	0.095106	0.022305	0.0025138
839	0.85773	0.1173	0.021852	0.0031127
840	0.85241	0.12248	0.021837	0.0032715
841	0.82274	0.15201	0.02118	0.0040763
842	0.78054	0.19405	0.02019	0.0052171
843	0.72138	0.25306	0.018749	0.0068127
844	0.69705	0.27723	0.018227	0.0074943
845	0.69054	0.28357	0.018177	0.0077063
846	0.69636	0.27759	0.018464	0.0075866
847	0.72744	0.24634	0.019439	0.0067755
848	0.83062	0.14301	0.022393	0.0039823
849	0.90356	0.069895	0.024568	0.0019728
850	0.90629	0.066996	0.024809	0.0019017
851	0.92109	0.052027	0.025387	0.0014911
852	0.95962	0.013327	0.026658	0.00039245
853	0.95705	0.015721	0.026764	0.00046292
854	0.95828	0.014313	0.026985	0.00042396
855	0.96451	0.0078932	0.02736	0.00023631
856	0.95591	0.016308	0.027297	0.00048268
857	0.91735	0.054684	0.026366	0.0016018
858	0.74348	0.22836	0.021425	0.0067284
859	0.5048	0.46686	0.014555	0.013788
860	0.43048	0.54099	0.012437	0.016093
861	0.40149	0.56978	0.01166	0.017062
862	0.397	0.57409	0.011598	0.017313
863	0.40564	0.56526	0.011932	0.017172
864	0.43493	0.53577	0.012897	0.016404
865	0.53302	0.43748	0.015936	0.013559
866	0.7602	0.21011	0.022983	0.0067105
867	0.77575	0.19435	0.023626	0.0062703
868	0.68751	0.28239	0.021	0.0091035
869	0.56239	0.4073	0.017128	0.013181
870	0.50885	0.46063	0.01553	0.014987
871	0.43371	0.53556	0.013231	0.017499
872	0.40891	0.56014	0.012516	0.018426
873	0.40644	0.56242	0.012508	0.018641
874	0.40341	0.56523	0.012477	0.018879
875	0.41272	0.55571	0.012845	0.01872
876	0.44334	0.52488	0.013905	0.017874
877	0.42394	0.54406	0.013349	0.018648
878	0.42285	0.54494	0.013393	0.018821
879	0.43464	0.53293	0.013867	0.018567
880	0.42286	0.54449	0.013561	0.019096
881	0.42391	0.5432	0.013691	0.019194
882	0.42261	0.54428	0.013736	0.019375
883	0.4194	0.54727	0.01371	0.019624
884	0.4109	0.55553	0.013504	0.020058
885	0.41462	0.55159	0.013724	0.020069
886	0.39153	0.57444	0.013013	0.021017
887	0.38508	0.58065	0.012883	0.021387
888	0.39151	0.57397	0.013213	0.021302
889	0.39227	0.57297	0.013348	0.021416
890	0.38812	0.57686	0.013314	0.021704
891	0.37901	0.58571	0.013106	0.022171
892	0.36499	0.59947	0.012723	0.022817
893	0.36411	0.60009	0.012815	0.022993
894	0.37576	0.58817	0.013383	0.022697
895	0.38505	0.5786	0.013861	0.022488
896	0.32981	0.63357	0.011947	0.024669
897	0.30882	0.65429	0.011279	0.025609
898	0.23038	0.73246	0.0084493	0.028709
899	0.19918	0.76338	0.0073584	0.030074
900	0.1906	0.7717	0.0070962	0.030608
901	0.19437	0.76765	0.0073023	0.030673
902	0.19402	0.76773	0.0073531	0.030896
903	0.2049	0.75657	0.0078552	0.030673
904	0.21102	0.75017	0.0081779	0.030634
905	0.23703	0.72388	0.0093122	0.029781
906	0.32351	0.63712	0.012934	0.026439
907	0.38555	0.57479	0.015622	0.024035
908	0.52993	0.43013	0.021859	0.018087
909	0.94192	0.017845	0.039495	0.00073712
910	0.92434	0.035139	0.039079	0.0014474
911	0.91925	0.039929	0.039162	0.0016541
912	0.91968	0.039204	0.039483	0.0016295
913	0.919	0.039592	0.039751	0.0016532
914	0.9239	0.034394	0.04027	0.0014333
915	0.93821	0.019777	0.041221	0.00078855
916	0.89957	0.058117	0.039995	0.0023161
917	0.88452	0.072863	0.039707	0.0029128
918	0.88156	0.075519	0.039899	0.003026
919	0.88747	0.069303	0.04047	0.0027558
920	0.89116	0.065305	0.040958	0.0025767
921	0.91019	0.045975	0.042142	0.001697
922	0.91101	0.043512	0.043777	0.0017026
923	0.91912	0.033727	0.045767	0.0013842
924	0.95105	0.00014085	0.048801	6.0678e-06
925	0.94497	0.0045287	0.05026	0.00023864
926	0.93868	0.0091467	0.051673	0.00050173
927	0.93697	0.0091953	0.053311	0.00052306
928	0.88086	0.063662	0.051684	0.0037924
929	0.80359	0.13926	0.048615	0.0085355
930	0.77957	0.16162	0.048588	0.01022
931	0.69992	0.23963	0.044778	0.01567
932	0.6658	0.27209	0.043796	0.018318
933	0.65266	0.28353	0.044172	0.019638
934	0.63704	0.29746	0.044307	0.021187
935	0.63433	0.29846	0.045354	0.021854
936	0.64433	0.28672	0.047375	0.021577
937	0.63405	0.29527	0.047871	0.022812
938	0.63522	0.29233	0.04926	0.023183
939	0.65081	0.27496	0.051864	0.022373
940	0.70928	0.21471	0.058072	0.017944
941	0.84665	0.075527	0.071371	0.0064553
942	0.88495	0.035434	0.076506	0.0031136
943	0.88293	0.035671	0.078183	0.0032125
944	0.88612	0.030679	0.080374	0.0028318
945	0.89901	0.015933	0.083551	0.0015036
946	0.89558	0.017472	0.085263	0.00168
947	0.89719	0.013998	0.087439	0.0013741
948	0.90895	0.00038638	0.090625	3.8996e-05
949	0.9066	0.00090906	0.092402	9.4174e-05
950	0.90427	0.0013633	0.09422	0.00014418
951	0.90321	0.00051809	0.096213	5.6272e-05
952	0.90133	0.00045813	0.098166	5.0534e-05
953	0.89897	0.00088647	0.10005	9.9963e-05
954	0.89775	0.00013688	0.1021	1.6079e-05
955	0.88147	0.014457	0.10233	0.0017335
956	0.81385	0.08015	0.096132	0.0098681
957	0.78425	0.10778	0.094443	0.013526
958	0.74743	0.1426	0.091763	0.018212
959	0.73195	0.15603	0.091706	0.020311
960	0.72751	0.15839	0.093066	0.021032
961	0.70204	0.1818	0.09158	0.024583
962	0.6049	0.27684	0.080344	0.037921
963	0.56548	0.31411	0.076622	0.043786
964	0.51363	0.36378	0.071044	0.051545
965	0.49672	0.37853	0.07009	0.054667
966	0.49576	0.37732	0.071341	0.05557
967	0.4936	0.37735	0.072386	0.056665
968	0.50307	0.36571	0.075226	0.056
969	0.53197	0.3346	0.081187	0.052249
970	0.60241	0.2619	0.094019	0.041665
971	0.66335	0.19874	0.10566	0.032254
972	0.81574	0.044067	0.13299	0.0072022
973	0.80777	0.049808	0.13414	0.0082827
974	0.80701	0.04836	0.13644	0.0081893
975	0.81331	0.0398	0.14003	0.0068508
976	0.81095	0.039931	0.14213	0.0069946
977	0.81552	0.033142	0.14543	0.0059136
978	0.83497	0.011492	0.15141	0.0021291
979	0.82937	0.014836	0.15299	0.0028001
980	0.82741	0.014506	0.1553	0.002789
981	0.82928	0.010285	0.15841	0.0020188
982	0.83019	0.0069845	0.16143	0.0013965
983	0.82726	0.0074675	0.16376	0.0015112
984	0.82784	0.0044724	0.16677	0.00092342
985	0.82325	0.0066597	0.16869	0.0013955
986	0.82116	0.0063066	0.17119	0.0013442
987	0.82181	0.0031494	0.17435	0.00068331
988	0.81765	0.0048368	0.17645	0.0010631
989	0.81548	0.0044792	0.17904	0.00099996
990	0.78707	0.030389	0.17568	0.0068608
991	0.74947	0.065442	0.17014	0.014956
992	0.73265	0.079654	0.16922	0.018474
993	0.72757	0.082159	0.1709	0.019374
994	0.72894	0.078155	0.17418	0.018727
995	0.74293	0.061558	0.18053	0.014989
996	0.78894	0.012952	0.19485	0.0032492
