#coord	neutral	conserved	gBGC.neutral	gBGC.conserved
1	0.96112	0.032716	0.0059284	0.000236
2	0.98258	0.011249	0.0060687	0.00010068
3	0.9872	0.00663	0.0061112	5.8413e-05
4	0.99146	0.0023732	0.0061483	2.1289e-05
5	0.99246	0.0013661	0.0061582	1.1909e-05
6	0.99383	3.126e-06	0.006171	2.5483e-08
7	0.99382	5.6742e-06	0.0061716	3.4608e-08
8	0.99376	6.5374e-05	0.0061717	4.0134e-07
9	0.99376	6.6153e-05	0.0061718	4.4926e-07
10	0.99379	3.5575e-05	0.0061724	3.648e-07
11	0.99364	0.00019327	0.0061634	1.298e-06
12	0.99381	2.8182e-05	0.0061572	1.8676e-07
13	0.99383	2.2339e-05	0.0061505	1.4538e-07
14	0.99375	0.00010684	0.0061438	6.951e-07
15	0.99361	0.00025508	0.0061373	1.6584e-06
16	0.99376	0.0001042	0.0061332	7.1591e-07
17	0.99383	3.5853e-05	0.0061289	3.7408e-07
18	0.99371	0.00017455	0.0061102	1.1642e-06
19	0.9939	1.0377e-05	0.0060945	6.5934e-08
20	0.99335	0.0005759	0.0060735	3.6227e-06
21	0.99388	6.258e-05	0.0060605	3.9728e-07
22	0.99388	7.8381e-05	0.0060452	4.7396e-07
23	0.99387	0.00010064	0.0060292	6.324e-07
24	0.99381	0.00017525	0.0060139	1.0995e-06
25	0.99347	0.0005303	0.005998	3.2455e-06
26	0.99329	0.00071999	0.005984	4.2809e-06
27	0.99351	0.00051165	0.0059719	3.0174e-06
28	0.99326	0.00078378	0.0059564	4.6918e-06
29	0.99319	0.0008643	0.0059432	5.075e-06
30	0.99343	0.00063829	0.0059313	3.7141e-06
31	0.99406	2.2934e-05	0.0059211	1.4222e-07
32	0.99339	0.00069961	0.0059042	4.3485e-06
33	0.99315	0.00095404	0.0058897	6.0358e-06
34	0.99333	0.00078649	0.0058778	5.2221e-06
35	0.99393	0.00019677	0.0058683	1.9228e-06
36	0.99416	1.0105e-05	0.0058304	7.9532e-08
37	0.99421	6.5698e-08	0.0057932	3.8765e-10
38	0.99339	0.00085937	0.0057496	5.1012e-06
39	0.99267	0.0016132	0.0057093	9.3709e-06
40	0.99368	0.00063406	0.0056778	3.7892e-06
41	0.99368	0.00067649	0.0056427	4.0584e-06
42	0.99388	0.00050891	0.005611	3.0554e-06
43	0.99429	0.00012822	0.0055827	7.9775e-07
44	0.99234	0.0021073	0.0055423	1.2418e-05
45	0.99014	0.004334	0.0055027	2.5058e-05
46	0.99036	0.0041398	0.0054789	2.365e-05
47	0.99095	0.0035784	0.0054561	2.0468e-05
48	0.99427	0.00028247	0.0054505	1.6423e-06
49	0.99453	3.9164e-05	0.0054292	2.1618e-07
50	0.99459	6.5021e-07	0.0054058	3.4579e-09
51	0.99446	0.00016232	0.0053798	9.0136e-07
52	0.99464	4.0085e-06	0.0053572	2.1052e-08
53	0.9937	0.0009705	0.0053274	5.1368e-06
54	0.99433	0.00036284	0.0053052	1.9615e-06
55	0.99449	0.00023081	0.0052821	1.2425e-06
56	0.99435	0.00038912	0.005259	2.0092e-06
57	0.99463	0.00013066	0.0052374	6.3761e-07
58	0.9943	0.00048735	0.0052091	2.4858e-06
59	0.99439	0.00042523	0.0051821	2.2038e-06
60	0.9947	0.00014227	0.0051579	6.9553e-07
61	0.99269	0.002182	0.0051215	1.0701e-05
62	0.98482	0.010076	0.005055	4.9962e-05
63	0.97694	0.017984	0.0049827	9.1271e-05
64	0.975	0.019953	0.0049441	0.00010079
65	0.97731	0.017675	0.0049295	8.8228e-05
66	0.98728	0.007729	0.004952	3.775e-05
67	0.98985	0.0051889	0.0049358	2.5127e-05
68	0.99271	0.0023589	0.0049197	1.1544e-05
69	0.99501	8.2532e-05	0.0049028	3.9872e-07
70	0.99433	0.00079414	0.0048705	3.9312e-06
71	0.9948	0.00034943	0.0048457	1.6662e-06
72	0.99494	0.0002443	0.0048183	1.1271e-06
73	0.99056	0.0046512	0.0047685	2.1878e-05
74	0.99014	0.0050969	0.0047364	2.3944e-05
75	0.99302	0.0022495	0.0047185	1.0833e-05
76	0.99128	0.0040242	0.004681	1.9398e-05
77	0.99206	0.0032656	0.0046546	1.5999e-05
78	0.99264	0.0027131	0.0046291	1.3433e-05
79	0.98613	0.0092568	0.0045716	4.4639e-05
80	0.98489	0.010516	0.0045385	5.0773e-05
81	0.98668	0.0087551	0.0045215	4.2367e-05
82	0.97952	0.015946	0.0044606	7.7088e-05
83	0.97784	0.017644	0.0044284	8.476e-05
84	0.9802	0.015308	0.004417	7.3175e-05
85	0.84556	0.14997	0.0037986	0.00067012
86	0.799	0.19656	0.0035704	0.0008763
87	0.78169	0.21388	0.0034787	0.00094728
88	0.76178	0.23382	0.003374	0.0010307
89	0.75944	0.23618	0.003346	0.001037
90	0.77393	0.22171	0.003389	0.00097177
91	0.81441	0.18125	0.0035467	0.00079306
92	0.78049	0.21519	0.0033765	0.00094186
93	0.73586	0.25984	0.0031664	0.0011317
94	0.58233	0.4134	0.0024718	0.0018055
95	0.3684	0.62734	0.0015413	0.0027163
96	0.30186	0.6939	0.001243	0.0029946
97	0.214	0.78178	0.00086516	0.0033533
98	0.17885	0.81695	0.00071709	0.0034831
99	0.17017	0.82565	0.00067721	0.0035044
100	0.15673	0.83911	0.00061994	0.0035439
101	0.15765	0.8382	0.00062033	0.0035256
102	0.17434	0.82153	0.00068217	0.0034455
103	0.08811	0.90778	0.00032705	0.0037831
104	0.05808	0.93783	0.00020089	0.0038916
105	0.048243	0.94768	0.00015762	0.0039171
106	0.033175	0.96277	9.4764e-05	0.0039627
107	0.029455	0.9665	7.6823e-05	0.0039633
108	0.029815	0.96616	7.3817e-05	0.0039496
109	0.034966	0.96103	8.4831e-05	0.0039225
110	0.01695	0.97911	3.9723e-05	0.0038983
111	0.0097113	0.98642	2.2419e-05	0.003849
112	0.0079376	0.98826	1.8492e-05	0.0037856
113	0.0080773	0.98818	1.9928e-05	0.0037192
114	0.010459	0.98586	2.8615e-05	0.003648
115	0.011954	0.98443	3.3663e-05	0.0035799
116	0.016729	0.97972	4.9653e-05	0.003503
117	0.029112	0.96739	9.1695e-05	0.0034024
118	0.059771	0.93679	0.00019725	0.0032406
119	0.14731	0.84931	0.00048871	0.0028923
120	0.3967	0.59998	0.0012902	0.0020333
121	0.39194	0.6048	0.0012532	0.0020155
122	0.40313	0.59366	0.0012661	0.0019468
123	0.44369	0.55315	0.0013659	0.0017903
124	0.47357	0.52333	0.0014335	0.0016689
125	0.47374	0.5232	0.0014107	0.0016405
126	0.48901	0.50798	0.0014367	0.0015658
127	0.45346	0.54359	0.0013045	0.0016452
128	0.44192	0.55518	0.0012493	0.0016501
129	0.44445	0.5527	0.0012377	0.001614
130	0.3616	0.63559	0.000988	0.001815
131	0.26434	0.7329	0.00070061	0.0020528
132	0.23493	0.76237	0.0006051	0.0020979
133	0.20421	0.79314	0.00050673	0.0021452
134	0.19277	0.80463	0.00046544	0.0021374
135	0.19287	0.80457	0.00045595	0.0021
136	0.16929	0.8282	0.00038982	0.0021211
137	0.16523	0.83231	0.00037168	0.0020936
138	0.17031	0.82727	0.00037628	0.0020452
139	0.15702	0.84061	0.00033645	0.0020399
140	0.15685	0.84082	0.00032718	0.0020035
141	0.16631	0.8314	0.00033956	0.0019472
142	0.17115	0.82661	0.00034241	0.0019021
143	0.18871	0.80908	0.00037252	0.0018314
144	0.232	0.76583	0.00045671	0.0017081
145	0.26125	0.73663	0.0005106	0.0016168
146	0.33088	0.66703	0.00065037	0.001441
147	0.50281	0.49513	0.00101	0.0010471
148	0.99306	0.0049153	0.0020113	1.0794e-05
149	0.99327	0.0047434	0.001979	1.0242e-05
150	0.99618	0.0018592	0.0019544	4.018e-06
151	0.99516	0.0029129	0.0019207	6.1251e-06
152	0.98968	0.0084268	0.0018803	1.6891e-05
153	0.98433	0.013804	0.001843	2.6703e-05
154	0.98444	0.013714	0.0018152	2.6188e-05
155	0.97804	0.020144	0.0017774	3.7465e-05
156	0.97813	0.020081	0.0017506	3.6874e-05
157	0.98263	0.015612	0.0017335	2.8219e-05
158	0.98675	0.01151	0.0017146	2.0641e-05
159	0.9979	0.00038711	0.0017096	6.9884e-07
160	0.99585	0.0024584	0.0016826	4.1782e-06
161	0.99608	0.0022591	0.0016589	3.8203e-06
162	0.99826	0.00010225	0.0016398	1.6605e-07
163	0.99822	0.00015942	0.0016163	2.5414e-07
164	0.99815	0.00025905	0.001592	4.1694e-07
165	0.99835	8.4296e-05	0.0015695	1.2633e-07
166	0.99229	0.0061622	0.0015362	9.2776e-06
167	0.97228	0.026198	0.0014812	3.9446e-05
168	0.96708	0.031421	0.0014483	4.6785e-05
169	0.96886	0.029666	0.001425	4.3723e-05
170	0.97682	0.021741	0.0014121	3.1738e-05
171	0.98396	0.014625	0.0013968	2.1481e-05
172	0.98428	0.014327	0.0013734	2.0837e-05
173	0.9797	0.01893	0.0013446	2.6971e-05
174	0.97472	0.023929	0.0013148	3.3621e-05
175	0.94822	0.050457	0.0012596	6.7927e-05
176	0.94129	0.057402	0.0012299	7.6017e-05
177	0.94353	0.055188	0.0012116	7.2134e-05
178	0.94383	0.054905	0.0011922	7.0627e-05
179	0.95458	0.044181	0.0011849	5.6392e-05
180	0.98145	0.017331	0.0011985	2.2375e-05
181	0.98711	0.011692	0.0011867	1.5019e-05
182	0.99123	0.0075829	0.0011741	9.6246e-06
183	0.99444	0.0043939	0.0011614	5.4166e-06
184	0.99485	0.0040045	0.0011445	4.8181e-06
185	0.9956	0.0032654	0.0011274	3.8951e-06
186	0.99618	0.002703	0.0011111	3.1663e-06
187	0.99495	0.0039521	0.0010923	4.5478e-06
188	0.99576	0.0031637	0.0010768	3.5892e-06
189	0.99639	0.0025481	0.001062	2.8148e-06
190	0.97624	0.022708	0.0010225	2.4881e-05
191	0.96883	0.030144	0.00099873	3.2318e-05
192	0.96849	0.030493	0.00098198	3.2279e-05
193	0.95826	0.040747	0.00095368	4.2836e-05
194	0.94648	0.052537	0.00092569	5.4272e-05
195	0.89408	0.10496	0.00085948	0.00010496
196	0.82542	0.17363	0.00078175	0.00016811
197	0.74517	0.2539	0.00069355	0.00024137
198	0.71841	0.28067	0.00065669	0.00026296
199	0.40803	0.59107	0.00034978	0.00055422
200	0.28178	0.71733	0.00022851	0.00066058
201	0.23088	0.76824	0.00018004	0.00069483
202	0.2115	0.78764	0.00016071	0.00070054
203	0.20881	0.79035	0.00015529	0.00069219
204	0.21636	0.78281	0.00015841	0.00067583
205	0.23975	0.75943	0.00017413	0.0006474
206	0.23801	0.76118	0.00017023	0.0006391
207	0.24825	0.75095	0.00017603	0.00062164
208	0.2532	0.74601	0.0001779	0.00060857
209	0.27406	0.72516	0.00019269	0.00058308
210	0.34562	0.65361	0.00024614	0.00051875
211	0.51162	0.48763	0.00037445	0.00038004
212	0.98501	0.014249	0.00073247	1.1427e-05
213	0.98651	0.012758	0.00072393	1.0082e-05
214	0.51016	0.48912	0.00035512	0.00036869
215	0.31619	0.6831	0.00020984	0.00050429
216	0.23749	0.7618	0.00015223	0.00055266
217	0.20627	0.79304	0.00012933	0.00056673
218	0.19946	0.79985	0.00012284	0.00056427
219	0.20342	0.7959	0.0001238	0.00055475
220	0.22154	0.77779	0.00013424	0.00053611
221	0.2842	0.71513	0.00017236	0.00048967
222	0.42965	0.5697	0.00026386	0.00039019
223	0.53381	0.46555	0.00032864	0.00031781
224	0.5337	0.46566	0.00032512	0.00031409
225	0.5329	0.46647	0.00032082	0.00031099
226	0.42368	0.57569	0.00025095	0.00037383
227	0.31246	0.68692	0.00017982	0.00043781
228	0.26787	0.73152	0.00015146	0.00045935
229	0.21144	0.78795	0.00011775	0.00048656
230	0.19304	0.80636	0.00010588	0.00049183
231	0.19193	0.80748	0.0001039	0.00048713
232	0.16807	0.83135	8.8563e-05	0.00049568
233	0.15978	0.83965	8.2738e-05	0.00049498
234	0.1616	0.83783	8.2789e-05	0.00048869
235	0.17786	0.82157	9.0372e-05	0.0004748
236	0.21822	0.78122	0.00011097	0.00044814
237	0.31864	0.68081	0.00016443	0.00038888
238	0.24435	0.7551	0.00012389	0.00042388
239	0.22244	0.77702	0.00011095	0.00043119
240	0.21575	0.78372	0.00010646	0.00043029
241	0.20856	0.79091	0.00010156	0.0004297
242	0.21157	0.78791	0.00010216	0.00042385
243	0.23154	0.76794	0.00011108	0.0004096
244	0.29984	0.69964	0.000143	0.00037227
245	0.45823	0.54126	0.00021946	0.00029064
246	0.84736	0.15214	0.00041201	9.3172e-05
247	0.85248	0.14702	0.00041052	9.0064e-05
248	0.8757	0.12381	0.00041786	7.7995e-05
249	0.93158	0.067932	0.00044194	4.9462e-05
250	0.94556	0.05395	0.00044367	4.2763e-05
251	0.93608	0.063436	0.00043162	5.0122e-05
252	0.93501	0.064513	0.00042587	5.1503e-05
253	0.94292	0.056611	0.00042488	4.7988e-05
254	0.92458	0.074964	0.00040305	5.5406e-05
255	0.919	0.080551	0.00038884	5.6066e-05
256	0.91357	0.086001	0.00037429	5.6666e-05
257	0.91574	0.083847	0.00036442	5.3363e-05
258	0.9271	0.072493	0.00036014	4.5201e-05
259	0.92539	0.074212	0.00034947	4.4173e-05
260	0.93088	0.068734	0.00034296	3.9641e-05
261	0.94762	0.052004	0.00034283	2.9339e-05
262	0.95011	0.049523	0.00033556	2.6823e-05
263	0.96126	0.038387	0.00033316	2.0027e-05
264	0.99952	0.00013312	0.00034365	6.6754e-08
265	0.99856	0.0011095	0.00033353	3.9241e-07
266	0.99891	0.00076751	0.00032445	2.5646e-07
267	0.99966	2.6316e-05	0.00031518	8.807e-09
268	0.99961	7.9242e-05	0.0003062	2.5793e-08
269	0.99906	0.00063921	0.00029773	1.973e-07
270	0.99964	6.9485e-05	0.00029014	2.1962e-08
271	0.99911	0.00060927	0.00028274	1.8122e-07
272	0.99875	0.00097375	0.00027586	2.8015e-07
273	0.99972	1.0202e-05	0.00026978	2.9447e-09
274	0.99965	8.2658e-05	0.00026379	2.268e-08
275	0.99876	0.00098462	0.00025795	2.5821e-07
276	0.99944	0.00030858	0.00025234	8.8124e-08
277	0.89576	0.10399	0.00021823	2.8795e-05
278	0.86007	0.13969	0.00020334	3.8128e-05
279	0.84956	0.15021	0.0001954	4.0377e-05
280	0.83366	0.16611	0.00018654	4.3855e-05
281	0.76716	0.23262	0.00016559	5.9774e-05
282	0.7414	0.25838	0.00015575	6.4867e-05
283	0.71532	0.28446	0.00014581	6.9938e-05
284	0.70716	0.29263	0.00014057	7.0564e-05
285	0.69329	0.3065	0.00013441	7.2342e-05
286	0.67296	0.32684	0.00012727	7.5334e-05
287	0.65157	0.34823	0.00012044	7.8276e-05
288	0.64727	0.35254	0.0001174	7.7645e-05
289	0.64095	0.35886	0.00011385	7.7433e-05
290	0.65034	0.34947	0.00011324	7.4217e-05
291	0.68671	0.31311	0.00011735	6.619e-05
292	0.63579	0.36403	0.00010451	7.5026e-05
293	0.61711	0.38272	9.8575e-05	7.7182e-05
294	0.61366	0.38617	9.5731e-05	7.6431e-05
295	0.57498	0.42485	8.7309e-05	8.1575e-05
296	0.53045	0.46938	7.7951e-05	8.759e-05
297	0.51338	0.48646	7.3595e-05	8.8761e-05
298	0.4246	0.57524	5.8352e-05	0.00010097
299	0.38715	0.61269	5.1649e-05	0.00010478
300	0.37454	0.6253	4.8921e-05	0.00010475
301	0.32155	0.6783	4.0873e-05	0.00011019
302	0.30164	0.69822	3.7635e-05	0.00011094
303	0.29678	0.70308	3.6546e-05	0.00010965
304	0.30432	0.69554	3.728e-05	0.00010664
305	0.33552	0.66434	4.1361e-05	0.00010026
306	0.40998	0.58988	5.1921e-05	8.7495e-05
307	0.64908	0.35078	8.5643e-05	5.1523e-05
308	0.81733	0.18254	0.00010885	2.6184e-05
309	0.9815	0.018369	0.00013013	2.7096e-06
310	0.9792	0.020674	0.00012781	2.9681e-06
311	0.98122	0.018655	0.00012625	2.6227e-06
312	0.99071	0.0091652	0.0001256	1.2896e-06
313	0.99234	0.0075326	0.00012401	1.0388e-06
314	0.99334	0.006536	0.00012245	8.7436e-07
315	0.99952	0.00035979	0.00012149	4.9435e-08
316	0.93563	0.064252	0.00011198	7.8822e-06
317	0.91396	0.085925	0.00010769	1.0448e-05
318	0.90626	0.093626	0.00010529	1.1223e-05
319	0.90683	0.093051	0.000104	1.099e-05
320	0.91898	0.08091	0.00010397	9.4487e-06
321	0.95185	0.048039	0.00010645	5.5006e-06
322	0.96076	0.039132	0.00010601	4.4253e-06
323	0.96681	0.033077	0.00010534	3.673e-06
324	0.98974	0.010153	0.00010643	1.1123e-06
325	0.99006	0.0098353	0.00010511	1.0532e-06
326	0.99483	0.0050702	0.0001042	5.2943e-07
327	0.99988	1.2352e-05	0.00010325	1.2636e-09
328	0.99728	0.002614	0.00010161	2.5744e-07
329	0.99721	0.0026878	0.00010017	2.6085e-07
330	0.99989	1.0822e-05	9.8947e-05	1.0785e-09
331	0.99843	0.0014724	9.7438e-05	1.4431e-07
332	0.9778	0.022102	9.4217e-05	2.0887e-06
333	0.97015	0.029751	9.2369e-05	2.7502e-06
334	0.96966	0.030243	9.1142e-05	2.7507e-06
335	0.97574	0.024166	9.0467e-05	2.1583e-06
336	0.99808	0.0018264	9.1148e-05	1.5987e-07
337	0.9956	0.0043063	8.9703e-05	3.7326e-07
338	0.99592	0.0039921	8.8462e-05	3.4071e-07
339	0.99985	6.1978e-05	8.7475e-05	5.1712e-09
340	0.99968	0.00023297	8.6755e-05	2.0259e-08
341	0.99904	0.0008736	8.6054e-05	7.3946e-08
342	0.99991	1.1207e-06	8.5447e-05	9.6812e-11
343	0.99894	0.00097823	8.474e-05	8.2907e-08
344	0.99837	0.0015424	8.4034e-05	1.3188e-07
345	0.99933	0.00058145	8.3519e-05	4.9171e-08
346	0.99838	0.0015331	8.2812e-05	1.2958e-07
347	0.99735	0.0025689	8.2156e-05	2.1309e-07
348	0.99839	0.0015314	8.164e-05	1.2792e-07
349	0.99593	0.0039877	8.0801e-05	3.3713e-07
350	0.99592	0.0039947	8.0231e-05	3.3616e-07
351	0.99836	0.0015585	7.9921e-05	1.3052e-07
352	0.99299	0.0069315	7.8935e-05	5.6955e-07
353	0.99238	0.0075395	7.8305e-05	6.2191e-07
354	0.99468	0.0052397	7.7967e-05	4.3654e-07
355	0.99365	0.00627	7.7419e-05	5.1575e-07
356	0.99523	0.0046911	7.7136e-05	3.8167e-07
357	0.99717	0.0027494	7.6845e-05	2.2579e-07
358	0.99686	0.0030612	7.6428e-05	2.4722e-07
359	0.99848	0.0014427	7.621e-05	1.1358e-07
360	0.9999	2.8464e-05	7.5936e-05	2.2529e-09
361	0.99954	0.00037961	7.5569e-05	2.8326e-08
362	0.99947	0.00045939	7.5174e-05	3.5105e-08
363	0.9987	0.0012211	7.4777e-05	9.2021e-08
364	0.99834	0.001585	7.4381e-05	1.2065e-07
365	0.99795	0.0019728	7.4066e-05	1.4611e-07
366	0.99754	0.0023835	7.3707e-05	1.7548e-07
367	0.99754	0.0023851	7.335e-05	1.7675e-07
368	0.99956	0.00036751	7.3191e-05	2.6429e-08
369	0.99951	0.00042087	7.285e-05	3.0145e-08
370	0.99724	0.0026883	7.2319e-05	1.9617e-07
371	0.99714	0.0027866	7.1997e-05	2.002e-07
372	0.99981	0.00011584	7.1845e-05	8.1254e-09
373	0.99971	0.00021889	7.1446e-05	1.5887e-08
374	0.99749	0.0024437	7.094e-05	1.7382e-07
375	0.99534	0.004593	7.0414e-05	3.2841e-07
376	0.99551	0.0044214	7.01e-05	3.1327e-07
377	0.99884	0.0010887	6.9981e-05	7.9678e-08
378	0.99953	0.00040467	6.9755e-05	2.8794e-08
379	0.99955	0.0003761	6.9448e-05	2.6626e-08
380	0.99895	0.00098177	6.9144e-05	6.7215e-08
381	0.99993	1.1065e-07	6.8922e-05	7.7109e-12
382	0.99886	0.0010691	6.8604e-05	7.2829e-08
383	0.99802	0.0019153	6.8273e-05	1.3196e-07
384	0.99881	0.0011265	6.8101e-05	7.634e-08
385	0.99984	9.2548e-05	6.792e-05	6.1513e-09
386	0.99992	7.4349e-06	6.7653e-05	5.1254e-10
387	0.99993	3.6825e-06	6.742e-05	2.6196e-10
388	0.99871	0.0012251	6.7075e-05	8.9513e-08
389	0.99743	0.0025024	6.677e-05	1.8111e-07
390	0.99799	0.0019415	6.6638e-05	1.4244e-07
391	0.98134	0.018597	6.5355e-05	1.2948e-06
392	0.96427	0.035666	6.3998e-05	2.4985e-06
393	0.95797	0.041968	6.3449e-05	2.9298e-06
394	0.93123	0.068701	6.1442e-05	4.7987e-06
395	0.92166	0.078278	6.0696e-05	5.4456e-06
396	0.92217	0.077764	6.0606e-05	5.4167e-06
397	0.908	0.091934	5.9573e-05	6.3691e-06
398	0.89185	0.10808	5.8366e-05	7.4761e-06
399	0.88738	0.11255	5.8008e-05	7.7689e-06
400	0.8948	0.10513	5.8409e-05	7.2801e-06
401	0.91792	0.082011	5.9922e-05	5.7176e-06
402	0.97311	0.026825	6.3715e-05	1.9102e-06
403	0.96989	0.030047	6.3533e-05	2.1166e-06
404	0.97179	0.028142	6.3745e-05	1.9678e-06
405	0.98334	0.016593	6.4595e-05	1.1575e-06
406	0.9861	0.013837	6.4802e-05	9.677e-07
407	0.99463	0.0052996	6.5454e-05	3.6905e-07
408	0.99667	0.0032663	6.5632e-05	2.2802e-07
409	0.9939	0.0060298	6.5456e-05	4.1739e-07
410	0.99398	0.0059553	6.5515e-05	4.1095e-07
411	0.99674	0.0031957	6.5798e-05	2.1768e-07
412	0.99986	7.3837e-05	6.6076e-05	5.1756e-09
413	0.99991	2.6882e-05	6.6181e-05	1.9311e-09
414	0.99694	0.0029915	6.6118e-05	2.0782e-07
415	0.95325	0.046688	6.3356e-05	3.1575e-06
416	0.94043	0.059503	6.2623e-05	4.0549e-06
417	0.93926	0.060675	6.2651e-05	4.1674e-06
418	0.9358	0.064132	6.2569e-05	4.4267e-06
419	0.93895	0.060979	6.2984e-05	4.2258e-06
420	0.95426	0.045674	6.4189e-05	3.2136e-06
421	0.95628	0.04365	6.4559e-05	3.0824e-06
422	0.96807	0.031864	6.5569e-05	2.2886e-06
423	0.99878	0.0011483	6.7983e-05	1.3458e-07
424	0.98463	0.015301	6.6492e-05	1.0948e-06
425	0.97923	0.020703	6.5664e-05	1.4386e-06
426	0.97858	0.021349	6.5209e-05	1.4548e-06
427	0.97753	0.022407	6.4697e-05	1.5031e-06
428	0.98194	0.017993	6.452e-05	1.1916e-06
429	0.99896	0.00097259	6.5127e-05	6.7714e-08
430	0.99753	0.0024008	6.4565e-05	1.6352e-07
431	0.97884	0.021092	6.28e-05	1.4367e-06
432	0.97201	0.027925	6.1915e-05	1.8786e-06
433	0.94804	0.051901	5.9851e-05	3.4729e-06
434	0.91466	0.085276	5.7277e-05	5.6192e-06
435	0.90234	0.097593	5.6156e-05	6.3574e-06
436	0.70011	0.29982	4.3502e-05	1.8667e-05
437	0.62976	0.37018	3.8899e-05	2.2907e-05
438	0.60691	0.39303	3.7222e-05	2.4204e-05
439	0.25643	0.74351	1.5776e-05	4.5305e-05
440	0.13346	0.86648	8.1382e-06	5.2587e-05
441	0.095245	0.90469	5.7039e-06	5.4652e-05
442	0.080406	0.91953	4.7749e-06	5.5239e-05
443	0.077461	0.92248	4.5562e-06	5.5105e-05
444	0.082881	0.91706	4.8182e-06	5.4479e-05
445	0.07697	0.92297	4.3981e-06	5.4525e-05
446	0.078255	0.92169	4.4225e-06	5.4152e-05
447	0.087079	0.91286	4.8868e-06	5.3362e-05
448	0.069498	0.93044	3.8056e-06	5.4106e-05
449	0.063626	0.93632	3.4395e-06	5.416e-05
450	0.066362	0.93358	3.5472e-06	5.373e-05
451	0.055461	0.94448	2.9043e-06	5.4072e-05
452	0.053742	0.9462	2.7709e-06	5.3895e-05
453	0.057416	0.94253	2.9379e-06	5.3439e-05
454	0.058095	0.94185	2.9534e-06	5.3156e-05
455	0.065054	0.93489	3.3141e-06	5.2548e-05
456	0.069073	0.93087	3.5278e-06	5.2111e-05
457	0.082007	0.91794	4.2449e-06	5.119e-05
458	0.090162	0.90978	4.7108e-06	5.0541e-05
459	0.12065	0.8793	6.398e-06	4.866e-05
460	0.15025	0.84969	7.9851e-06	4.6869e-05
461	0.21971	0.78024	1.1819e-05	4.2852e-05
462	0.39074	0.6092	2.1519e-05	3.2993e-05
463	0.43531	0.56464	2.3939e-05	3.0401e-05
464	0.56499	0.43495	3.0925e-05	2.323e-05
465	0.97948	0.020462	5.2838e-05	1.1142e-06
466	0.98098	0.018968	5.2759e-05	1.0283e-06
467	0.98938	0.010567	5.3024e-05	5.7853e-07
468	0.99601	0.0039414	5.3239e-05	2.1583e-07
469	0.99551	0.0044396	5.3041e-05	2.4378e-07
470	0.99735	0.0025948	5.3008e-05	1.4249e-07
471	0.99958	0.00036263	5.2971e-05	2.4113e-08
472	0.99958	0.00036665	5.2786e-05	3.0663e-08
473	0.99897	0.0009776	5.1596e-05	5.8099e-08
474	0.99981	0.00013464	5.0445e-05	7.552e-09
475	0.99979	0.00016368	4.9204e-05	8.5353e-09
476	0.99953	0.00041948	4.8028e-05	2.059e-08
477	0.99955	0.00040471	4.6787e-05	2.0391e-08
478	0.9999	5.01e-05	4.5652e-05	3.9214e-09
479	0.99937	0.0005927	4.2068e-05	2.6595e-08
480	0.99993	3.101e-05	3.8756e-05	1.1303e-09
481	0.99653	0.0034373	3.5216e-05	1.0897e-07
482	0.99578	0.0041929	3.1975e-05	1.1489e-07
483	0.99711	0.0028567	2.8982e-05	5.7462e-08
484	0.95879	0.041184	2.7257e-05	1.2502e-06
485	0.7874	0.21258	2.1862e-05	6.1837e-06
486	0.71813	0.28184	1.9608e-05	8.0097e-06
487	0.4005	0.59947	1.0858e-05	1.6359e-05
488	0.30122	0.69875	8.0298e-06	1.8773e-05
489	0.25889	0.74108	6.8241e-06	1.9586e-05
490	0.097374	0.9026	2.5428e-06	2.3464e-05
491	0.046787	0.95319	1.1865e-06	2.4407e-05
492	0.026275	0.9737	6.5714e-07	2.4542e-05
493	0.020331	0.97964	4.9691e-07	2.43e-05
494	0.01865	0.98133	4.492e-07	2.3961e-05
495	0.020259	0.97972	4.8467e-07	2.3557e-05
496	0.014852	0.98512	3.5162e-07	2.3314e-05
497	0.014373	0.9856	3.342e-07	2.2947e-05
498	0.018101	0.98188	4.1029e-07	2.2477e-05
499	0.014708	0.98527	3.2736e-07	2.2183e-05
500	0.015463	0.98452	3.3623e-07	2.1788e-05
501	0.019445	0.98053	4.1651e-07	2.1338e-05
502	0.032204	0.96777	6.7409e-07	2.0702e-05
503	0.06904	0.93094	1.3984e-06	1.9592e-05
504	0.15951	0.84046	3.2e-06	1.7422e-05
505	0.18188	0.8181	3.572e-06	1.6673e-05
506	0.23555	0.76443	4.5564e-06	1.5329e-05
507	0.38969	0.61029	7.3697e-06	1.2146e-05
508	0.50677	0.49322	9.4574e-06	9.7099e-06
509	0.79488	0.2051	1.4814e-05	4.0265e-06
510	0.99757	0.0024124	1.8489e-05	4.7978e-08
511	0.99686	0.0031252	1.82e-05	5.9841e-08
512	0.99843	0.0015501	1.7937e-05	2.9964e-08
513	0.99828	0.0017028	1.7665e-05	3.2253e-08
514	0.99602	0.0039657	1.7378e-05	7.1741e-08
515	0.99613	0.0038488	1.7158e-05	6.7809e-08
516	0.99961	0.00037482	1.6979e-05	6.8226e-09
517	0.99686	0.0031218	1.6713e-05	5.4241e-08
518	0.99644	0.0035433	1.6508e-05	6.0444e-08
519	0.99884	0.0011438	1.6334e-05	2.0623e-08
520	0.98529	0.014692	1.5906e-05	2.5611e-07
521	0.9814	0.018582	1.5633e-05	3.2302e-07
522	0.97762	0.022367	1.5346e-05	3.8912e-07
523	0.90995	0.090031	1.3982e-05	1.5518e-06
524	0.88709	0.1129	1.3387e-05	1.9333e-06
525	0.87914	0.12084	1.3075e-05	2.0493e-06
526	0.86685	0.13313	1.2716e-05	2.2294e-06
527	0.86514	0.13485	1.2548e-05	2.2361e-06
528	0.87352	0.12647	1.2556e-05	2.0847e-06
529	0.86943	0.13056	1.2354e-05	2.1294e-06
530	0.8651	0.13488	1.2134e-05	2.1798e-06
531	0.87047	0.12951	1.208e-05	2.082e-06
532	0.86055	0.13943	1.1816e-05	2.2098e-06
533	0.86058	0.1394	1.1718e-05	2.1876e-06
534	0.87382	0.12617	1.1796e-05	1.9769e-06
535	0.85215	0.14784	1.1391e-05	2.2668e-06
536	0.84777	0.15222	1.1221e-05	2.311e-06
537	0.85283	0.14716	1.1201e-05	2.2194e-06
538	0.85754	0.14245	1.1159e-05	2.137e-06
539	0.87504	0.12494	1.1311e-05	1.8755e-06
540	0.9183	0.08169	1.1844e-05	1.2482e-06
541	0.94906	0.050928	1.2215e-05	7.9629e-07
542	0.93414	0.065842	1.1951e-05	9.9369e-07
543	0.9301	0.069892	1.1854e-05	1.0397e-06
544	0.68354	0.31645	8.6679e-06	4.1912e-06
545	0.60681	0.39318	7.6365e-06	5.1773e-06
546	0.5816	0.41839	7.2667e-06	5.4927e-06
547	0.27636	0.72363	3.355e-06	9.3651e-06
548	0.15207	0.84792	1.8084e-06	1.0882e-05
549	0.10165	0.89834	1.1989e-06	1.1472e-05
550	0.034674	0.96531	4.1317e-07	1.2245e-05
551	0.013698	0.98629	1.6162e-07	1.2479e-05
552	0.0072328	0.99275	8.216e-08	1.2534e-05
553	0.0047584	0.99523	5.2504e-08	1.2547e-05
554	0.004143	0.99584	4.5347e-08	1.2546e-05
555	0.0054482	0.99454	5.9641e-08	1.2517e-05
556	0.005553	0.99443	6.0204e-08	1.2508e-05
557	0.0074276	0.99256	8.1703e-08	1.2487e-05
558	0.012687	0.9873	1.4389e-07	1.2432e-05
559	0.016042	0.98395	1.8494e-07	1.2407e-05
560	0.025304	0.97468	3.01e-07	1.2314e-05
561	0.04845	0.95154	5.9904e-07	1.2048e-05
562	0.10196	0.89803	1.3071e-06	1.1378e-05
563	0.27277	0.72722	3.5212e-06	9.1964e-06
564	0.75927	0.24072	9.7218e-06	3.0206e-06
565	0.75225	0.24774	9.6408e-06	3.1166e-06
566	0.75647	0.24352	9.7177e-06	3.067e-06
567	0.78344	0.21655	1.007e-05	2.7316e-06
568	0.76357	0.23642	9.8462e-06	2.9856e-06
569	0.76131	0.23868	9.8331e-06	3.0194e-06
570	0.77143	0.22856	9.9962e-06	2.8909e-06
571	0.38446	0.61553	5.0985e-06	7.8132e-06
572	0.26331	0.73668	3.531e-06	9.3968e-06
573	0.22615	0.77383	3.0389e-06	9.8972e-06
574	0.093785	0.9062	1.2436e-06	1.1693e-05
575	0.036364	0.96362	4.8451e-07	1.2461e-05
576	0.016251	0.98374	2.1328e-07	1.2734e-05
577	0.0081019	0.99189	1.0649e-07	1.2852e-05
578	0.0054603	0.99453	7.092e-08	1.2892e-05
579	0.0046929	0.99529	6.0938e-08	1.2914e-05
580	0.0033628	0.99662	4.2939e-08	1.2937e-05
581	0.0032923	0.99669	4.1978e-08	1.2952e-05
582	0.0044208	0.99557	5.7183e-08	1.2958e-05
583	0.0049914	0.995	6.4517e-08	1.2966e-05
584	0.0045676	0.99542	5.7992e-08	1.2978e-05
585	0.0054334	0.99455	6.8678e-08	1.2979e-05
586	0.0025158	0.99747	3.1611e-08	1.3035e-05
587	0.0017916	0.9982	2.1923e-08	1.3059e-05
588	0.0017486	0.99824	2.1188e-08	1.308e-05
589	0.0023549	0.99763	2.8837e-08	1.31e-05
590	0.0040592	0.99593	5.0931e-08	1.3113e-05
591	0.0098884	0.9901	1.2438e-07	1.3068e-05
592	0.004959	0.99503	6.1244e-08	1.3168e-05
593	0.0028876	0.9971	3.5366e-08	1.3238e-05
594	0.0021415	0.99785	2.6485e-08	1.3299e-05
595	0.002169	0.99782	2.7668e-08	1.3356e-05
596	0.0033802	0.99661	4.3999e-08	1.3393e-05
597	0.0077509	0.99224	1.0107e-07	1.3382e-05
598	0.010227	0.98976	1.3479e-07	1.3403e-05
599	0.016607	0.98338	2.2382e-07	1.3375e-05
600	0.032615	0.96737	4.5383e-07	1.3216e-05
601	0.078461	0.92153	1.1015e-06	1.2632e-05
602	0.20912	0.79087	2.9194e-06	1.0872e-05
603	0.62566	0.37432	8.6099e-06	5.2317e-06
604	0.63233	0.36766	8.7165e-06	5.1651e-06
605	0.66678	0.3332	9.1814e-06	4.7298e-06
606	0.74898	0.25101	1.0316e-05	3.6369e-06
607	0.77123	0.22876	1.0666e-05	3.3435e-06
608	0.79333	0.20665	1.0998e-05	3.056e-06
609	0.85108	0.1489	1.1858e-05	2.2559e-06
610	0.86462	0.13536	1.2121e-05	2.0698e-06
611	0.89947	0.10051	1.2725e-05	1.5569e-06
612	0.9867	0.01329	1.4181e-05	2.1011e-07
613	0.99312	0.0068666	1.4409e-05	1.0787e-07
614	0.99982	0.00016917	1.4628e-05	2.7299e-09
615	0.99992	6.3111e-05	1.4759e-05	9.6157e-10
616	0.99964	0.00034349	1.4845e-05	5.4593e-09
617	0.9987	0.0012888	1.4937e-05	2.0455e-08
618	0.99912	0.0008633	1.5067e-05	1.412e-08
619	0.96531	0.034677	1.4674e-05	5.4757e-07
620	0.95225	0.047734	1.4626e-05	7.5568e-07
621	0.95051	0.049472	1.4736e-05	7.922e-07
622	0.34776	0.65223	5.5158e-06	1.0184e-05
623	0.13614	0.86385	2.1824e-06	1.3681e-05
624	0.061887	0.9381	9.7984e-07	1.5039e-05
625	0.029717	0.97027	4.6742e-07	1.5718e-05
626	0.016708	0.98328	2.6474e-07	1.6098e-05
627	0.012518	0.98747	1.9818e-07	1.6335e-05
628	0.01212	0.98786	1.9152e-07	1.6506e-05
629	0.014151	0.98583	2.2572e-07	1.6646e-05
630	0.020113	0.97987	3.2772e-07	1.6728e-05
631	0.040155	0.95983	6.6108e-07	1.6572e-05
632	0.089472	0.91051	1.5119e-06	1.591e-05
633	0.23007	0.76991	3.9117e-06	1.3693e-05
634	0.63056	0.36942	1.0681e-05	7.0972e-06
635	0.72064	0.27934	1.236e-05	5.608e-06
636	0.94291	0.057074	1.6519e-05	1.6582e-06
637	0.94532	0.054661	1.6434e-05	1.5348e-06
638	0.95868	0.041301	1.6615e-05	1.1313e-06
639	0.99901	0.0009713	1.7483e-05	2.6983e-08
640	0.99979	0.00019387	1.7293e-05	4.9974e-09
641	0.99832	0.0016665	1.7041e-05	3.1176e-08
642	0.99681	0.0031708	1.6811e-05	5.6703e-08
643	0.9978	0.0021866	1.6609e-05	3.982e-08
644	0.99691	0.0030721	1.6394e-05	5.5132e-08
645	0.99798	0.0020032	1.6235e-05	3.6454e-08
646	0.95597	0.044017	1.5366e-05	7.4647e-07
647	0.93843	0.06155	1.4944e-05	1.027e-06
648	0.93519	0.064791	1.4742e-05	1.0735e-06
649	0.86165	0.13834	1.3347e-05	2.2987e-06
650	0.83063	0.16936	1.2711e-05	2.7825e-06
651	0.82385	0.17613	1.2456e-05	2.872e-06
652	0.78132	0.21866	1.1655e-05	3.524e-06
653	0.7687	0.23128	1.1322e-05	3.697e-06
654	0.76822	0.23177	1.1198e-05	3.6758e-06
655	0.74258	0.2574	1.0715e-05	4.0309e-06
656	0.73757	0.26241	1.0533e-05	4.0745e-06
657	0.74397	0.25602	1.0537e-05	3.946e-06
658	0.74677	0.25321	1.0505e-05	3.8696e-06
659	0.76799	0.232	1.0729e-05	3.5274e-06
660	0.82043	0.17955	1.1432e-05	2.7202e-06
661	0.8336	0.16639	1.1527e-05	2.5085e-06
662	0.87044	0.12955	1.1987e-05	1.948e-06
663	0.95712	0.042869	1.3211e-05	6.3822e-07
664	0.95461	0.045379	1.3117e-05	6.6377e-07
665	0.95932	0.040671	1.3112e-05	5.8814e-07
666	0.97688	0.023103	1.3276e-05	3.3176e-07
667	0.97988	0.020102	1.3247e-05	2.8429e-07
668	0.98227	0.01772	1.3194e-05	2.4774e-07
669	0.99247	0.0075205	1.3235e-05	1.0576e-07
670	0.99992	6.5985e-05	1.3254e-05	9.0891e-10
671	0.99935	0.00063552	1.3142e-05	8.5617e-09
672	0.99991	7.7133e-05	1.3061e-05	9.7993e-10
673	0.99714	0.0028443	1.2927e-05	3.5682e-08
674	0.99702	0.0029647	1.2814e-05	3.6883e-08
675	0.99972	0.00026493	1.2724e-05	3.3483e-09
676	0.99905	0.00093656	1.2608e-05	1.1776e-08
677	0.99878	0.0012031	1.2484e-05	1.5255e-08
678	0.99998	4.9528e-06	1.2396e-05	6.0678e-11
679	0.9999	8.7923e-05	1.2449e-05	1.076e-09
680	0.99884	0.0011433	1.2473e-05	1.4389e-08
681	0.99914	0.0008521	1.2529e-05	1.0551e-08
682	0.99872	0.0012673	1.2534e-05	1.6199e-08
683	0.99832	0.0016661	1.2567e-05	2.0949e-08
684	0.99997	1.3482e-05	1.2614e-05	1.8222e-10
685	0.99746	0.0025323	1.262e-05	3.3678e-08
686	0.99718	0.002805	1.2672e-05	3.7415e-08
687	0.99892	0.0010666	1.2767e-05	1.4318e-08
688	0.99911	0.0008743	1.2858e-05	1.1404e-08
689	0.99843	0.0015526	1.2926e-05	2.0003e-08
690	0.99964	0.00034244	1.3005e-05	4.5262e-09
691	0.99995	3.3031e-05	1.3088e-05	4.3086e-10
692	0.99955	0.00043632	1.3144e-05	5.8482e-09
693	0.99797	0.0020135	1.3201e-05	2.656e-08
694	0.99153	0.0084612	1.3212e-05	1.0956e-07
695	0.99059	0.009394	1.3281e-05	1.225e-07
696	0.99258	0.0074111	1.3404e-05	9.5645e-08
697	0.98575	0.014239	1.34e-05	1.8522e-07
698	0.98472	0.015265	1.3459e-05	1.9984e-07
699	0.98397	0.01602	1.3508e-05	2.1179e-07
700	0.98257	0.01742	1.3566e-05	2.3119e-07
701	0.98592	0.014061	1.3676e-05	1.8686e-07
702	0.99955	0.00043648	1.391e-05	5.9289e-09
703	0.99879	0.0011973	1.3968e-05	1.6516e-08
704	0.99958	0.00040256	1.4036e-05	5.7487e-09
705	0.99985	0.00013871	1.4083e-05	2.4548e-09
706	0.99743	0.0025548	1.4098e-05	4.626e-08
707	0.99712	0.0028619	1.4165e-05	5.4528e-08
708	0.9987	0.0012872	1.4276e-05	3.2908e-08
709	0.99719	0.0027979	1.398e-05	5.2872e-08
710	0.99753	0.0024544	1.3733e-05	4.3534e-08
711	0.99998	2.5681e-06	1.3541e-05	4.7214e-11
712	0.98716	0.012827	1.3145e-05	1.796e-07
713	0.97289	0.0271	1.2717e-05	3.7752e-07
714	0.96817	0.031813	1.2449e-05	4.3581e-07
715	0.89823	0.10176	1.1287e-05	1.3756e-06
716	0.87054	0.12945	1.0745e-05	1.7143e-06
717	0.86319	0.13679	1.046e-05	1.7849e-06
718	0.85575	0.14423	1.016e-05	1.8564e-06
719	0.8578	0.14218	9.9987e-06	1.806e-06
720	0.87192	0.12807	9.9994e-06	1.6113e-06
721	0.78826	0.21173	8.8641e-06	2.5683e-06
722	0.76013	0.23986	8.3832e-06	2.8599e-06
723	0.75535	0.24464	8.1675e-06	2.8745e-06
724	0.72451	0.27548	7.6823e-06	3.1776e-06
725	0.71486	0.28513	7.459e-06	3.2337e-06
726	0.71807	0.28192	7.3921e-06	3.1479e-06
727	0.74364	0.25635	7.5489e-06	2.8275e-06
728	0.8058	0.19419	8.1075e-06	2.1181e-06
729	0.95053	0.049463	9.5698e-06	5.1801e-07
730	0.94947	0.050524	9.4145e-06	5.1869e-07
731	0.95643	0.043558	9.3273e-06	4.4018e-07
732	0.97521	0.024779	9.3725e-06	2.4352e-07
733	0.97936	0.020631	9.2547e-06	1.9867e-07
734	0.97786	0.022136	9.0704e-06	2.0918e-07
735	0.98085	0.019138	8.9449e-06	1.7672e-07
736	0.97783	0.022161	8.7803e-06	1.9852e-07
737	0.82869	0.1713	7.3519e-06	1.4722e-06
738	0.76852	0.23147	6.7439e-06	1.9393e-06
739	0.55154	0.44845	4.8454e-06	3.6862e-06
740	0.48418	0.51581	4.2022e-06	4.1683e-06
741	0.46533	0.53466	3.963e-06	4.2374e-06
742	0.43705	0.56294	3.6672e-06	4.3732e-06
743	0.43154	0.56846	3.5505e-06	4.322e-06
744	0.4443	0.5557	3.569e-06	4.1267e-06
745	0.43757	0.56243	3.4105e-06	4.0762e-06
746	0.44439	0.5556	3.3653e-06	3.9242e-06
747	0.47064	0.52935	3.4656e-06	3.6381e-06
748	0.47261	0.52738	3.381e-06	3.5279e-06
749	0.4974	0.50259	3.4367e-06	3.2682e-06
750	0.56238	0.43762	3.753e-06	2.7596e-06
751	0.77184	0.22815	4.9049e-06	1.4059e-06
752	0.81825	0.18174	5.0402e-06	1.0827e-06
753	0.96866	0.03133	5.7393e-06	1.8491e-07
754	0.96944	0.030552	5.5653e-06	1.7479e-07
755	0.97769	0.022308	5.4212e-06	1.2445e-07
756	0.99837	0.0016212	5.3547e-06	9.1147e-09
757	0.9983	0.0016914	5.186e-06	9.1984e-09
758	0.99987	0.00012613	5.0373e-06	6.7645e-10
759	0.99999	9.2465e-06	4.8916e-06	4.5536e-11
760	0.99993	6.2959e-05	4.7342e-06	3.0435e-10
761	0.99991	8.9168e-05	4.5876e-06	4.0475e-10
762	0.99933	0.00066096	4.4281e-06	2.9495e-09
763	0.99764	0.0023571	4.2531e-06	1.035e-08
764	0.99776	0.0022373	4.097e-06	9.4644e-09
765	0.99993	6.7372e-05	3.9605e-06	1.6264e-10
766	0.99919	0.00080318	4.0778e-06	3.2055e-09
767	0.99874	0.0012561	4.1873e-06	5.31e-09
768	0.99964	0.00035547	4.3115e-06	1.5629e-09
769	0.99982	0.0001794	4.4419e-06	7.8263e-10
770	0.99902	0.00097108	4.5404e-06	4.4961e-09
771	0.99832	0.0016727	4.6492e-06	7.8371e-09
772	0.99799	0.0020009	4.7499e-06	9.6762e-09
773	0.9993	0.00069397	4.8677e-06	3.4141e-09
774	0.9996	0.00039953	4.9716e-06	2.0553e-09
775	0.99792	0.002071	5.0564e-06	1.1127e-08
776	0.99594	0.0040549	5.1483e-06	2.2066e-08
777	0.99627	0.0037277	5.2631e-06	2.0687e-08
778	0.99458	0.0054139	5.3566e-06	3.0688e-08
779	0.99524	0.0047586	5.4727e-06	2.7612e-08
780	0.99872	0.0012771	5.6158e-06	7.6637e-09
781	0.99582	0.0041774	5.7339e-06	2.4388e-08
782	0.99321	0.0067877	5.8414e-06	4.0602e-08
783	0.99333	0.0066608	5.9757e-06	4.054e-08
784	0.99351	0.0064856	6.1006e-06	4.0398e-08
785	0.99651	0.0034837	6.2547e-06	2.1907e-08
786	0.99988	0.00011261	6.4007e-06	7.4522e-10
787	0.999	0.00099161	6.531e-06	6.5635e-09
788	0.99853	0.0014644	6.6526e-06	1.0071e-08
789	0.99957	0.00042575	6.7976e-06	3.1149e-09
790	0.99666	0.0033371	6.9278e-06	2.4147e-08
791	0.99654	0.0034495	7.0671e-06	2.5928e-08
792	0.99853	0.0014641	7.2344e-06	1.2004e-08
793	0.9972	0.002789	7.3922e-06	2.312e-08
794	0.99769	0.0022988	7.5777e-06	1.9992e-08
795	0.9962	0.003796	7.7609e-06	3.326e-08
796	0.97119	0.028799	7.7584e-06	2.4719e-07
797	0.9611	0.038895	7.8918e-06	3.4048e-07
798	0.95883	0.041159	8.1079e-06	3.6903e-07
799	0.96436	0.035628	8.378e-06	3.3012e-07
800	0.9679	0.032092	8.6501e-06	3.0587e-07
801	0.98001	0.019976	9.028e-06	1.9508e-07
802	0.98941	0.010577	9.408e-06	1.0282e-07
803	0.98744	0.012548	9.6325e-06	1.2392e-07
804	0.98994	0.010052	9.8862e-06	1.0179e-07
805	0.98082	0.019172	1.0041e-05	1.9598e-07
806	0.97899	0.020995	1.0254e-05	2.1973e-07
807	0.98124	0.018751	1.0528e-05	1.9975e-07
808	0.98237	0.017621	1.0811e-05	1.9001e-07
809	0.97812	0.021871	1.1022e-05	2.3967e-07
810	0.97976	0.020233	1.1281e-05	2.2582e-07
811	0.98974	0.010248	1.1622e-05	1.162e-07
812	0.9994	0.00059045	1.1947e-05	8.0713e-09
813	0.9992	0.00078384	1.2178e-05	1.19e-08
814	0.9943	0.0056856	1.2321e-05	9.0998e-08
815	0.9935	0.0064906	1.2511e-05	1.1008e-07
816	0.99537	0.0046158	1.276e-05	9.0545e-08
817	0.99026	0.0097279	1.2907e-05	1.9362e-07
818	0.98909	0.010894	1.3144e-05	2.2711e-07
819	0.99101	0.008978	1.3452e-05	2.1004e-07
820	0.98881	0.011173	1.3344e-05	2.32e-07
821	0.99046	0.0095283	1.3285e-05	1.922e-07
822	0.99683	0.0031558	1.3332e-05	6.3805e-08
823	0.99639	0.0036015	1.3235e-05	6.6867e-08
824	0.99566	0.0043218	1.3148e-05	7.4315e-08
825	0.99721	0.0027761	1.3113e-05	4.7121e-08
826	0.99312	0.006866	1.3013e-05	1.0069e-07
827	0.99286	0.0071313	1.2952e-05	1.032e-07
828	0.99554	0.0044423	1.295e-05	6.4138e-08
829	0.99551	0.0044753	1.2897e-05	6.4064e-08
830	0.99561	0.0043781	1.2834e-05	6.301e-08
831	0.9983	0.0016906	1.2822e-05	2.6495e-08
832	0.97991	0.020079	1.2521e-05	2.9373e-07
833	0.97318	0.026803	1.2407e-05	3.8955e-07
834	0.97233	0.027655	1.2391e-05	4.0244e-07
835	0.97052	0.02947	1.2379e-05	4.2738e-07
836	0.95968	0.040308	1.2228e-05	5.7914e-07
837	0.95706	0.042924	1.2207e-05	6.1588e-07
838	0.90246	0.097523	1.1451e-05	1.377e-06
839	0.87969	0.1203	1.1156e-05	1.6901e-06
840	0.87436	0.12563	1.1084e-05	1.7696e-06
841	0.84405	0.15594	1.0648e-05	2.2034e-06
842	0.80088	0.19911	1.0055e-05	2.8073e-06
843	0.74029	0.2597	9.2474e-06	3.6375e-06
844	0.71544	0.28455	8.9416e-06	3.9787e-06
845	0.70889	0.2911	8.8936e-06	4.0757e-06
846	0.71498	0.28501	9.0291e-06	4.0028e-06
847	0.74702	0.25297	9.5035e-06	3.5804e-06
848	0.85311	0.14688	1.095e-05	2.1747e-06
849	0.92819	0.071799	1.2026e-05	1.1529e-06
850	0.93115	0.068833	1.213e-05	1.1191e-06
851	0.94652	0.053463	1.2396e-05	9.1249e-07
852	0.98629	0.013697	1.3035e-05	3.4877e-07
853	0.98383	0.01616	1.2725e-05	3.6792e-07
854	0.98527	0.014715	1.2504e-05	3.2099e-07
855	0.99187	0.0081166	1.2401e-05	1.7692e-07
856	0.98321	0.016773	1.2028e-05	2.8879e-07
857	0.94373	0.056254	1.1281e-05	7.9305e-07
858	0.76502	0.23497	8.8569e-06	2.9929e-06
859	0.51954	0.48045	5.7883e-06	5.8544e-06
860	0.44314	0.55685	4.764e-06	6.6612e-06
861	0.41338	0.58661	4.3345e-06	6.8872e-06
862	0.40883	0.59116	4.1873e-06	6.8213e-06
863	0.41781	0.58218	4.1974e-06	6.6114e-06
864	0.44807	0.55192	4.4384e-06	6.1835e-06
865	0.54924	0.45075	5.3663e-06	5.0592e-06
866	0.78348	0.21651	7.6307e-06	2.6108e-06
867	0.79968	0.20031	7.6599e-06	2.4112e-06
868	0.70888	0.29111	6.5868e-06	3.3412e-06
869	0.58001	0.41998	5.1799e-06	4.6167e-06
870	0.52492	0.47507	4.5687e-06	5.1072e-06
871	0.44752	0.55247	3.7755e-06	5.7895e-06
872	0.42202	0.57797	3.4768e-06	5.9694e-06
873	0.41955	0.58044	3.3909e-06	5.9283e-06
874	0.41652	0.58347	3.292e-06	5.8919e-06
875	0.42622	0.57377	3.3122e-06	5.7454e-06
876	0.45793	0.54206	3.5226e-06	5.4189e-06
877	0.438	0.56199	3.2937e-06	5.5416e-06
878	0.43697	0.56303	3.2261e-06	5.4955e-06
879	0.44924	0.55075	3.2757e-06	5.3408e-06
880	0.43717	0.56283	3.128e-06	5.3919e-06
881	0.43836	0.56163	3.0991e-06	5.3322e-06
882	0.43711	0.56288	3.0429e-06	5.2927e-06
883	0.43389	0.5661	2.9635e-06	5.269e-06
884	0.42519	0.5748	2.8473e-06	5.2901e-06
885	0.42914	0.57085	2.8379e-06	5.2123e-06
886	0.40533	0.59466	2.6197e-06	5.3519e-06
887	0.39876	0.60124	2.543e-06	5.3573e-06
888	0.40552	0.59447	2.5733e-06	5.2638e-06
889	0.40641	0.59358	2.5641e-06	5.2168e-06
890	0.40221	0.59778	2.5227e-06	5.209e-06
891	0.39288	0.60711	2.4499e-06	5.2393e-06
892	0.37845	0.62154	2.3483e-06	5.306e-06
893	0.37763	0.62236	2.3479e-06	5.2781e-06
894	0.38983	0.61016	2.4511e-06	5.1532e-06
895	0.39958	0.60041	2.5277e-06	5.0481e-06
896	0.34235	0.65764	2.1515e-06	5.4025e-06
897	0.32066	0.67934	2.0172e-06	5.5221e-06
898	0.23928	0.76071	1.4849e-06	6.0332e-06
899	0.20694	0.79306	1.2812e-06	6.2223e-06
900	0.19807	0.80192	1.225e-06	6.2579e-06
901	0.20205	0.79794	1.2532e-06	6.2032e-06
902	0.20174	0.79825	1.2543e-06	6.1811e-06
903	0.21312	0.78688	1.3431e-06	6.0776e-06
904	0.21954	0.78045	1.3998e-06	6.0126e-06
905	0.24668	0.75332	1.6061e-06	5.7921e-06
906	0.33677	0.66322	2.267e-06	5.1103e-06
907	0.40147	0.59852	2.7537e-06	4.6099e-06
908	0.55198	0.44802	3.916e-06	3.4403e-06
909	0.9814	0.018596	7.1553e-06	1.8649e-07
910	0.96336	0.036628	6.98e-06	3.5807e-07
911	0.95836	0.041634	6.9149e-06	4.1051e-07
912	0.9591	0.04089	6.9106e-06	4.1173e-07
913	0.95868	0.041308	6.9073e-06	4.2266e-07
914	0.9641	0.035895	6.9624e-06	3.8471e-07
915	0.97934	0.020648	7.1079e-06	2.6611e-07
916	0.9393	0.060696	6.6148e-06	5.4307e-07
917	0.92388	0.076118	6.3279e-06	6.2951e-07
918	0.92108	0.078915	6.1212e-06	6.2506e-07
919	0.92755	0.07244	5.9696e-06	5.5457e-07
920	0.93171	0.06828	5.8143e-06	5.0321e-07
921	0.95191	0.048082	5.754e-06	3.4497e-07
922	0.95441	0.045585	5.58e-06	3.1403e-07
923	0.9646	0.035396	5.4685e-06	2.3359e-07
924	0.99985	0.00014804	5.4975e-06	9.84e-10
925	0.99523	0.0047685	5.2834e-06	2.5987e-08
926	0.99035	0.009648	5.0587e-06	5.1126e-08
927	0.99028	0.0097161	4.8483e-06	5.0218e-08
928	0.93261	0.067387	4.3725e-06	3.3201e-07
929	0.85232	0.14768	3.8318e-06	6.9034e-07
930	0.8283	0.17169	3.558e-06	7.7139e-07
931	0.74498	0.25501	3.0197e-06	1.1065e-06
932	0.70992	0.29008	2.731e-06	1.2026e-06
933	0.69716	0.30283	2.5526e-06	1.1978e-06
934	0.68171	0.31829	2.3607e-06	1.1982e-06
935	0.68004	0.31995	2.2313e-06	1.1452e-06
936	0.69205	0.30794	2.156e-06	1.0478e-06
937	0.68228	0.31772	2.0179e-06	1.0224e-06
938	0.68484	0.31516	1.9256e-06	9.5879e-07
939	0.703	0.297	1.8854e-06	8.5122e-07
940	0.76763	0.23237	1.9601e-06	6.2055e-07
941	0.9181	0.081899	2.2553e-06	1.7682e-07
