#coord	neutral	conserved	gBGC.neutral	gBGC.conserved
1	0.96625	0.03289	0.00083203	2.8675e-05
2	0.98784	0.011309	0.00084433	9.8144e-06
3	0.99249	0.0066655	0.00084211	5.7049e-06
4	0.99677	0.0023859	0.00083936	2.0083e-06
5	0.99779	0.0013734	0.00083368	1.1407e-06
6	0.99917	3.1427e-06	0.00082815	2.5669e-09
7	0.99917	5.7047e-06	0.00082135	4.6596e-09
8	0.99912	6.5727e-05	0.00081438	5.4333e-08
9	0.99913	6.651e-05	0.00080768	5.458e-08
10	0.99916	3.5767e-05	0.00080122	2.9266e-08
11	0.99901	0.00019431	0.00079483	1.5674e-07
12	0.99918	2.8334e-05	0.00078892	2.278e-08
13	0.99919	2.2459e-05	0.00078307	1.7929e-08
14	0.99912	0.00010741	0.00077734	8.521e-08
15	0.99897	0.00025646	0.00077175	2.0148e-07
16	0.99913	0.00010476	0.00076661	8.1956e-08
17	0.9992	3.6047e-05	0.00076157	2.8076e-08
18	0.99907	0.00017549	0.00075656	1.3454e-07
19	0.99924	1.0432e-05	0.00075195	7.9016e-09
20	0.99867	0.00057899	0.00074669	4.3849e-07
21	0.99919	6.2915e-05	0.00074243	4.782e-08
22	0.99918	7.88e-05	0.00073794	5.9328e-08
23	0.99917	0.00010118	0.0007336	7.5902e-08
24	0.99909	0.00017618	0.00072939	1.3134e-07
25	0.99874	0.00053311	0.00072514	3.9183e-07
26	0.99855	0.0007238	0.00072117	5.247e-07
27	0.99877	0.00051436	0.00071739	3.7412e-07
28	0.9985	0.00078792	0.00071343	5.6763e-07
29	0.99842	0.00086885	0.00070977	6.1558e-07
30	0.99865	0.00064165	0.00070625	4.4999e-07
31	0.99927	2.3054e-05	0.0007029	1.632e-08
32	0.9986	0.00070327	0.00069879	4.9285e-07
33	0.99835	0.00095903	0.00069498	6.6896e-07
34	0.99852	0.0007906	0.00069146	5.4946e-07
35	0.99911	0.00019779	0.00068821	1.3888e-07
36	0.9993	1.0157e-05	0.00068491	6.9596e-09
37	0.99932	6.6035e-08	0.0006814	4.5053e-11
38	0.99846	0.00086376	0.0006772	5.9235e-07
39	0.9977	0.0016214	0.00067324	1.0987e-06
40	0.99869	0.00063725	0.00067038	4.3626e-07
41	0.99865	0.00067987	0.00066696	4.6516e-07
42	0.99882	0.00051144	0.00066383	3.4922e-07
43	0.99921	0.00012885	0.00066099	8.9175e-08
44	0.99722	0.0021177	0.00065669	1.4278e-06
45	0.99499	0.0043553	0.00065238	2.9057e-06
46	0.99519	0.00416	0.00064985	2.7548e-06
47	0.99575	0.0035957	0.00064746	2.3775e-06
48	0.99907	0.00028383	0.00064701	1.8866e-07
49	0.99932	3.9352e-05	0.00064468	2.555e-08
50	0.99936	6.5332e-07	0.00064213	4.1703e-10
51	0.9992	0.00016309	0.00063931	1.0555e-07
52	0.99936	4.0275e-06	0.00063684	2.5103e-09
53	0.99839	0.00097508	0.00063348	6.0991e-07
54	0.999	0.00036454	0.00063104	2.2472e-07
55	0.99914	0.00023189	0.00062807	1.4457e-07
56	0.99898	0.00039093	0.00062507	2.416e-07
57	0.99925	0.00013127	0.00062225	8.029e-08
58	0.99889	0.0004896	0.00061896	3.0134e-07
59	0.99896	0.00042718	0.00061584	2.6461e-07
60	0.99924	0.00014292	0.00061299	8.8117e-08
61	0.9972	0.002192	0.00060851	1.3643e-06
62	0.98927	0.010121	0.00060059	6.2155e-06
63	0.98133	0.018065	0.00059258	1.1079e-05
64	0.97936	0.020042	0.00058843	1.2222e-05
65	0.98165	0.017753	0.00058702	1.0754e-05
66	0.99164	0.0077631	0.00059012	4.7026e-06
67	0.9942	0.0052117	0.00058888	3.1323e-06
68	0.99704	0.0023692	0.00058769	1.4257e-06
69	0.99933	8.289e-05	0.0005863	5.1099e-08
70	0.99862	0.00079756	0.00058335	4.7029e-07
71	0.99907	0.00035092	0.00058121	2.0291e-07
72	0.99918	0.00024534	0.00057879	1.3938e-07
73	0.99475	0.0046709	0.0005737	2.6628e-06
74	0.99431	0.0051183	0.00057081	2.9101e-06
75	0.99717	0.0022589	0.0005697	1.2933e-06
76	0.99539	0.0040409	0.00056608	2.3105e-06
77	0.99616	0.0032791	0.00056383	1.8827e-06
78	0.99671	0.0027243	0.00056158	1.5657e-06
79	0.99014	0.0092946	0.00055545	5.2701e-06
80	0.98888	0.010559	0.00055224	5.9753e-06
81	0.99065	0.0087904	0.00055086	4.9596e-06
82	0.98344	0.01601	0.00054435	9.0103e-06
83	0.98174	0.017714	0.0005411	9.9154e-06
84	0.98408	0.015368	0.00054025	8.5469e-06
85	0.84889	0.15056	0.00046383	8.2668e-05
86	0.80213	0.19733	0.00043606	0.00010808
87	0.78474	0.21472	0.00042484	0.00011705
88	0.76473	0.23473	0.00041212	0.00012746
89	0.76237	0.23709	0.00040893	0.00012828
90	0.7769	0.22256	0.0004146	0.00012018
91	0.81753	0.18194	0.00043421	9.8245e-05
92	0.78346	0.21601	0.00041414	0.00011609
93	0.73864	0.26083	0.00038887	0.00013925
94	0.58452	0.41495	0.00030557	0.00022037
95	0.36978	0.62969	0.00019221	0.00033164
96	0.30299	0.69649	0.00015634	0.00036537
97	0.21479	0.78469	0.00011013	0.00040952
98	0.17951	0.81997	9.1772e-05	0.00042589
99	0.1708	0.82868	8.6961e-05	0.00042868
100	0.1573	0.84219	7.9862e-05	0.00043383
101	0.15823	0.84126	8.0052e-05	0.00043165
102	0.17497	0.82452	8.8178e-05	0.00042149
103	0.088429	0.91106	4.4368e-05	0.00046334
104	0.058289	0.9412	2.8985e-05	0.00047674
105	0.048416	0.95108	2.3849e-05	0.00047986
106	0.033294	0.9662	1.6201e-05	0.00048554
107	0.02956	0.96994	1.4232e-05	0.00048552
108	0.02992	0.96958	1.432e-05	0.00048349
109	0.03509	0.96441	1.6772e-05	0.00047917
110	0.017009	0.9825	7.9933e-06	0.00048613
111	0.0097447	0.98976	4.5157e-06	0.00048784
112	0.0079646	0.99154	3.6406e-06	0.00048693
113	0.0081043	0.99141	3.6881e-06	0.00048515
114	0.010493	0.98902	4.8026e-06	0.00048236
115	0.011992	0.98752	5.4694e-06	0.00047999
116	0.016782	0.98273	7.6815e-06	0.00047612
117	0.029201	0.97032	1.3494e-05	0.00046872
118	0.05995	0.93957	2.8028e-05	0.00045265
119	0.14774	0.85178	6.9065e-05	0.00041005
120	0.39783	0.60169	0.00018464	0.00029288
121	0.39303	0.60649	0.00018164	0.00029435
122	0.40424	0.59529	0.00018608	0.00028834
123	0.44489	0.55464	0.00020386	0.00026895
124	0.47482	0.52471	0.00021686	0.00025442
125	0.47497	0.52456	0.00021614	0.00025369
126	0.49026	0.50927	0.0002226	0.00024585
127	0.45459	0.54494	0.00020502	0.00026202
128	0.443	0.55653	0.000199	0.0002667
129	0.44551	0.55402	0.00019966	0.00026477
130	0.36245	0.63708	0.00016147	0.00030176
131	0.26495	0.73459	0.00011655	0.00034546
132	0.23546	0.76408	0.00010264	0.0003581
133	0.20466	0.79488	8.8038e-05	0.00037139
134	0.19318	0.80636	8.2488e-05	0.00037569
135	0.19328	0.80626	8.2235e-05	0.00037476
136	0.16964	0.82991	7.1503e-05	0.00038436
137	0.16556	0.83399	6.9419e-05	0.00038528
138	0.17064	0.8289	7.1423e-05	0.00038217
139	0.15732	0.84223	6.542e-05	0.00038713
140	0.15715	0.8424	6.5125e-05	0.00038635
141	0.16662	0.83293	6.9076e-05	0.00038137
142	0.17146	0.8281	7.1055e-05	0.00037842
143	0.18905	0.81051	7.8681e-05	0.00036987
144	0.23241	0.76715	9.7816e-05	0.00034987
145	0.26169	0.73786	0.0001108	0.00033608
146	0.33142	0.66813	0.00014219	0.00030394
147	0.50363	0.49593	0.00022067	0.00022477
148	0.99463	0.004923	0.00044243	2.2758e-06
149	0.99481	0.0047507	0.00044188	2.1877e-06
150	0.99769	0.001862	0.00044267	8.5554e-07
151	0.99664	0.0029172	0.0004416	1.3262e-06
152	0.99112	0.0084391	0.00043865	3.7685e-06
153	0.98573	0.013824	0.00043568	6.1704e-06
154	0.98583	0.013733	0.00043507	6.1453e-06
155	0.97939	0.020171	0.00043167	9.0097e-06
156	0.97945	0.020108	0.00043108	8.9971e-06
157	0.98393	0.015633	0.00043254	7.0154e-06
158	0.98804	0.011525	0.00043376	5.2203e-06
159	0.99917	0.0003876	0.00043819	3.0061e-07
160	0.9971	0.0024615	0.00043363	1.1868e-06
161	0.99731	0.0022619	0.00043001	1.0614e-06
162	0.99947	0.00010237	0.00042739	4.6757e-08
163	0.99942	0.00015961	0.00042366	6.8366e-08
164	0.99932	0.00025935	0.00041983	1.1006e-07
165	0.9995	8.4394e-05	0.00041624	3.4796e-08
166	0.99342	0.0061692	0.00041027	2.4741e-06
167	0.97336	0.026227	0.00039863	1.0495e-05
168	0.96814	0.031455	0.00039293	1.2495e-05
169	0.9699	0.029698	0.00038996	1.1696e-05
170	0.97784	0.021764	0.00038955	8.445e-06
171	0.98497	0.01464	0.00038868	5.594e-06
172	0.98527	0.014341	0.00038504	5.4317e-06
173	0.98066	0.018949	0.00037943	7.1626e-06
174	0.97566	0.023953	0.00037361	9.0278e-06
175	0.94912	0.050505	0.00035985	1.8958e-05
176	0.94217	0.057456	0.0003535	2.1394e-05
177	0.94439	0.055239	0.00035051	2.0399e-05
178	0.94468	0.054954	0.00034694	2.0102e-05
179	0.95542	0.04422	0.00034702	1.6074e-05
180	0.9823	0.017346	0.00035294	6.3222e-06
181	0.98794	0.011702	0.0003513	4.2459e-06
182	0.99206	0.0075892	0.00034922	2.7342e-06
183	0.99525	0.0043975	0.00034692	1.5637e-06
184	0.99565	0.0040077	0.00034353	1.41e-06
185	0.99639	0.003268	0.00034017	1.1462e-06
186	0.99696	0.0027051	0.00033687	9.4328e-07
187	0.99571	0.0039551	0.00033286	1.3692e-06
188	0.9965	0.0031661	0.00032967	1.0946e-06
189	0.99712	0.00255	0.00032653	8.7965e-07
190	0.97695	0.022725	0.00031659	7.573e-06
191	0.96951	0.030165	0.00031111	9.9208e-06
192	0.96917	0.030514	0.00030788	9.9536e-06
193	0.95891	0.040775	0.00030162	1.3126e-05
194	0.94712	0.052573	0.00029485	1.6756e-05
195	0.89467	0.10503	0.00027564	3.2928e-05
196	0.82595	0.17375	0.00025207	5.3562e-05
197	0.74564	0.25406	0.00022516	7.7486e-05
198	0.71886	0.28084	0.00021473	8.4867e-05
199	0.40828	0.59143	0.00011819	0.00017831
200	0.28194	0.71776	7.9419e-05	0.00021406
201	0.23102	0.76869	6.3781e-05	0.00022675
202	0.21162	0.78809	5.7599e-05	0.00023005
203	0.20892	0.79079	5.6169e-05	0.00022856
204	0.21648	0.78324	5.7629e-05	0.00022424
205	0.23988	0.75984	6.3433e-05	0.00021565
206	0.23813	0.76159	6.2351e-05	0.00021399
207	0.24838	0.75135	6.4575e-05	0.0002091
208	0.25333	0.7464	6.5378e-05	0.00020568
209	0.27421	0.72553	7.0533e-05	0.00019798
210	0.3458	0.65394	8.9121e-05	0.0001768
211	0.51187	0.48786	0.00013301	0.00013038
212	0.98548	0.014256	0.00025698	3.843e-06
213	0.98698	0.012764	0.00025494	3.4065e-06
214	0.5104	0.48935	0.00012842	0.0001274
215	0.31633	0.68341	7.7726e-05	0.00017563
216	0.2376	0.76215	5.7336e-05	0.00019363
217	0.20636	0.79339	4.9164e-05	0.00019946
218	0.19955	0.8002	4.7001e-05	0.00019925
219	0.20351	0.79625	4.7505e-05	0.00019643
220	0.22164	0.77812	5.1438e-05	0.00019024
221	0.28433	0.71544	6.5745e-05	0.00017364
222	0.42983	0.56994	9.9526e-05	0.00013761
223	0.53403	0.46574	0.00012328	0.00011167
224	0.53392	0.46585	0.0001222	0.00011063
225	0.53311	0.46666	0.00012089	0.00010976
226	0.42385	0.57592	9.5242e-05	0.00013331
227	0.31259	0.68719	6.9337e-05	0.00015706
228	0.26797	0.73181	5.8885e-05	0.00016542
229	0.21152	0.78825	4.5917e-05	0.00017627
230	0.19312	0.80666	4.1416e-05	0.00017862
231	0.192	0.80778	4.0705e-05	0.00017714
232	0.16813	0.83165	3.5166e-05	0.00018054
233	0.15983	0.83995	3.3077e-05	0.00018054
234	0.16166	0.83813	3.3171e-05	0.0001784
235	0.17792	0.82187	3.6226e-05	0.00017327
236	0.2183	0.7815	4.4276e-05	0.00016319
237	0.31875	0.68104	6.4799e-05	0.00014069
238	0.24444	0.75536	4.9155e-05	0.0001543
239	0.22251	0.77729	4.4222e-05	0.00015717
240	0.21582	0.78398	4.246e-05	0.00015691
241	0.20863	0.79118	4.0588e-05	0.00015673
242	0.21164	0.78817	4.077e-05	0.00015453
243	0.23162	0.76819	4.4163e-05	0.0001491
244	0.29994	0.69987	5.6494e-05	0.00013469
245	0.45838	0.54143	8.5614e-05	0.00010354
246	0.84762	0.15219	0.00015784	2.9346e-05
247	0.85275	0.14707	0.0001572	2.8085e-05
248	0.87597	0.12384	0.00015982	2.3514e-05
249	0.93187	0.067953	0.00016849	1.296e-05
250	0.94585	0.053966	0.00016921	1.0301e-05
251	0.93637	0.063455	0.00016569	1.1957e-05
252	0.93529	0.064532	0.00016381	1.2037e-05
253	0.9432	0.056628	0.00016347	1.0525e-05
254	0.92484	0.074985	0.00015851	1.3701e-05
255	0.91926	0.080573	0.00015595	1.4544e-05
256	0.91381	0.086022	0.00015336	1.5361e-05
257	0.91597	0.083866	0.00015217	1.4843e-05
258	0.92733	0.072509	0.00015261	1.2752e-05
259	0.92561	0.074227	0.00015088	1.2898e-05
260	0.93109	0.068747	0.00015042	1.1823e-05
261	0.94783	0.052013	0.00015192	8.8433e-06
262	0.95031	0.049531	0.00015092	8.3248e-06
263	0.96145	0.038393	0.00015141	6.3704e-06
264	0.99971	0.00013314	0.00015624	2.2286e-08
265	0.99874	0.0011097	0.00015464	1.7398e-07
266	0.99908	0.00076764	0.00015331	1.1811e-07
267	0.99982	2.6321e-05	0.00015198	3.9641e-09
268	0.99977	7.9254e-05	0.00015048	1.1912e-08
269	0.99921	0.00063931	0.00014884	9.6315e-08
270	0.99978	6.9494e-05	0.00014744	1.0393e-08
271	0.99924	0.00060936	0.00014582	9.073e-08
272	0.99888	0.00097388	0.0001443	1.4311e-07
273	0.99985	1.0203e-05	0.00014303	1.4995e-09
274	0.99978	8.2668e-05	0.00014166	1.183e-08
275	0.99887	0.00098474	0.00014023	1.3789e-07
276	0.99955	0.00030861	0.00013897	4.3706e-08
277	0.89586	0.104	0.00012332	1.442e-05
278	0.86016	0.1397	0.0001172	1.9232e-05
279	0.84964	0.15022	0.00011457	2.0514e-05
280	0.83374	0.16612	0.0001113	2.2479e-05
281	0.76723	0.23264	0.00010117	3.1266e-05
282	0.74147	0.2584	9.6767e-05	3.4381e-05
283	0.71538	0.28449	9.2312e-05	3.7501e-05
284	0.70722	0.29266	9.0324e-05	3.8197e-05
285	0.69335	0.30653	8.7684e-05	3.9585e-05
286	0.67301	0.32687	8.4209e-05	4.1773e-05
287	0.65162	0.34826	8.0593e-05	4.4063e-05
288	0.64732	0.35256	7.9222e-05	4.4151e-05
289	0.64099	0.35889	7.7572e-05	4.4485e-05
290	0.65038	0.3495	7.7796e-05	4.2909e-05
291	0.68675	0.31313	8.1108e-05	3.8211e-05
292	0.63583	0.36406	7.3823e-05	4.4074e-05
293	0.61714	0.38274	7.0668e-05	4.5851e-05
294	0.61369	0.38619	6.9404e-05	4.5774e-05
295	0.57502	0.42487	6.4142e-05	4.9737e-05
296	0.53048	0.46941	5.8243e-05	5.4304e-05
297	0.51341	0.48648	5.5627e-05	5.5622e-05
298	0.42462	0.57527	4.5203e-05	6.4781e-05
299	0.38717	0.61272	4.0654e-05	6.8097e-05
300	0.37456	0.62533	3.8884e-05	6.8666e-05
301	0.32156	0.67833	3.2853e-05	7.3465e-05
302	0.30165	0.69825	3.0435e-05	7.4682e-05
303	0.29679	0.70311	2.9626e-05	7.4317e-05
304	0.30433	0.69557	3.0121e-05	7.2677e-05
305	0.33553	0.66437	3.2989e-05	6.8636e-05
306	0.41	0.5899	4.0269e-05	6.0211e-05
307	0.64911	0.35079	6.3815e-05	3.5488e-05
308	0.81736	0.18255	7.9969e-05	1.8191e-05
309	0.98153	0.018369	9.5128e-05	1.8488e-06
310	0.97923	0.020674	9.379e-05	2.05e-06
311	0.98125	0.018655	9.2921e-05	1.8256e-06
312	0.99074	0.0091655	9.2719e-05	8.963e-07
313	0.99237	0.0075328	9.1824e-05	7.2648e-07
314	0.99337	0.0065362	9.0905e-05	6.1876e-07
315	0.99955	0.0003598	9.0422e-05	3.432e-08
316	0.93566	0.064254	8.3627e-05	5.8048e-06
317	0.91398	0.085928	8.068e-05	7.6905e-06
318	0.90628	0.093629	7.9065e-05	8.2808e-06
319	0.90686	0.093054	7.8224e-05	8.13e-06
320	0.919	0.080912	7.8335e-05	6.9928e-06
321	0.95188	0.04804	8.0249e-05	4.0912e-06
322	0.96078	0.039133	8.002e-05	3.2938e-06
323	0.96684	0.033078	7.9578e-05	2.7443e-06
324	0.98977	0.010153	8.0459e-05	8.3179e-07
325	0.99008	0.0098355	7.9503e-05	7.9239e-07
326	0.99485	0.0050703	7.8862e-05	4.0113e-07
327	0.99991	1.2352e-05	7.819e-05	9.6131e-10
328	0.99731	0.0026141	7.6956e-05	1.9869e-07
329	0.99724	0.0026878	7.5881e-05	2.0141e-07
330	0.99991	1.0822e-05	7.4969e-05	8.1548e-10
331	0.99845	0.0014724	7.3782e-05	1.0988e-07
332	0.97782	0.022103	7.1239e-05	1.6098e-06
333	0.97018	0.029752	6.9715e-05	2.1283e-06
334	0.96969	0.030243	6.8672e-05	2.1308e-06
335	0.97576	0.024167	6.8048e-05	1.6784e-06
336	0.9981	0.0018264	6.8468e-05	1.4434e-07
337	0.99563	0.0043064	6.661e-05	3.0232e-07
338	0.99594	0.0039922	6.4903e-05	2.6969e-07
339	0.99987	6.1979e-05	6.3384e-05	4.0338e-09
340	0.99971	0.00023297	6.1544e-05	1.4444e-08
341	0.99907	0.00087362	5.9723e-05	5.1882e-08
342	0.99994	1.1207e-06	5.7946e-05	6.5304e-11
343	0.99897	0.00097826	5.6113e-05	5.4882e-08
344	0.9984	0.0015424	5.4261e-05	8.4352e-08
345	0.99937	0.00058147	5.2542e-05	3.0659e-08
346	0.99842	0.0015331	5.0682e-05	7.8275e-08
347	0.99738	0.002569	4.8865e-05	1.2584e-07
348	0.99842	0.0015315	4.711e-05	7.2503e-08
349	0.99597	0.0039878	4.5151e-05	1.8301e-07
350	0.99596	0.0039948	4.3357e-05	1.7599e-07
351	0.9984	0.0015585	4.1715e-05	6.5021e-08
352	0.99303	0.0069318	3.9655e-05	2.7697e-07
353	0.99242	0.0075398	3.7753e-05	2.8819e-07
354	0.99472	0.0052399	3.6007e-05	1.9064e-07
355	0.9937	0.0062702	3.4095e-05	2.1704e-07
356	0.99528	0.0046913	3.2318e-05	1.5369e-07
357	0.99722	0.0027496	3.0504e-05	8.5858e-08
358	0.99691	0.0030614	2.8664e-05	8.9961e-08
359	0.99853	0.0014427	2.6917e-05	3.9938e-08
360	0.99995	2.8466e-05	2.5198e-05	7.4907e-10
361	0.9996	0.00037963	2.3469e-05	9.0807e-09
362	0.99952	0.00045941	2.1787e-05	1.0181e-08
363	0.99876	0.0012212	2.0131e-05	2.4707e-08
364	0.9984	0.0015851	1.8445e-05	2.9551e-08
365	0.99801	0.0019729	1.6795e-05	3.3404e-08
366	0.9976	0.0023836	1.5178e-05	3.6139e-08
367	0.9976	0.0023853	1.3529e-05	3.2151e-08
368	0.99962	0.00036753	1.1941e-05	3.7687e-09
369	0.99957	0.0004209	1.029e-05	2.9215e-09
370	0.9973	0.0026885	1.026e-05	2.6529e-08
371	0.9972	0.0027868	1.0252e-05	2.7694e-08
372	0.99987	0.00011585	1.025e-05	1.1694e-09
373	0.99977	0.0002189	1.0222e-05	2.2487e-09
374	0.99755	0.0024438	1.0171e-05	2.4883e-08
375	0.9954	0.0045932	1.01e-05	4.6765e-08
376	0.99557	0.0044217	1.0053e-05	4.4682e-08
377	0.9989	0.0010887	1.0015e-05	1.1049e-08
378	0.99959	0.0004047	9.951e-06	4.1061e-09
379	0.99961	0.00037613	9.8798e-06	3.7635e-09
380	0.99901	0.00098182	9.802e-06	9.5958e-09
381	0.99999	1.1066e-07	9.7172e-06	1.0833e-12
382	0.99892	0.0010691	9.6134e-06	1.0273e-08
383	0.99808	0.0019154	9.4904e-06	1.8298e-08
384	0.99886	0.0011266	9.3841e-06	1.0574e-08
385	0.9999	9.2554e-05	9.2582e-06	8.6532e-10
386	0.99998	7.4353e-06	9.123e-06	6.887e-11
387	0.99999	3.6828e-06	8.9877e-06	3.4632e-11
388	0.99877	0.0012252	8.8468e-06	1.1214e-08
389	0.99749	0.0025025	8.7063e-06	2.2506e-08
390	0.99805	0.0019416	8.5825e-06	1.7292e-08
391	0.98139	0.018598	8.3114e-06	1.5962e-07
392	0.96432	0.035669	8.0182e-06	3.0203e-07
393	0.95802	0.04197	7.8194e-06	3.4867e-07
394	0.93129	0.068705	7.4352e-06	5.5974e-07
395	0.92171	0.078283	7.1981e-06	6.2329e-07
396	0.92222	0.077769	7.0222e-06	6.0494e-07
397	0.90805	0.091939	6.7366e-06	6.9572e-07
398	0.8919	0.10809	6.422e-06	7.9479e-07
399	0.88743	0.11256	6.1969e-06	8.0243e-07
400	0.89485	0.10514	6.0346e-06	7.259e-07
401	0.91798	0.082016	5.9727e-06	5.4793e-07
402	0.97317	0.026827	6.1052e-06	1.736e-07
403	0.96995	0.030049	5.8503e-06	1.8587e-07
404	0.97185	0.028144	5.6264e-06	1.6607e-07
405	0.9834	0.016594	5.4346e-06	9.2699e-08
406	0.98616	0.013838	5.1673e-06	7.3051e-08
407	0.9947	0.0052999	4.9259e-06	2.5477e-08
408	0.99673	0.0032665	4.6277e-06	1.4049e-08
409	0.99397	0.0060302	4.2866e-06	2.3658e-08
410	0.99404	0.0059557	3.9573e-06	2.0658e-08
411	0.9968	0.0031959	3.6353e-06	7.9764e-09
412	0.99992	7.3841e-05	3.9815e-06	2.1851e-10
413	0.99997	2.6884e-05	4.3178e-06	1.0923e-10
414	0.997	0.0029917	4.6397e-06	1.3671e-08
415	0.9533	0.046691	4.7383e-06	2.2956e-07
416	0.94049	0.059507	4.9503e-06	3.1069e-07
417	0.93932	0.060679	5.1986e-06	3.3407e-07
418	0.93586	0.064136	5.4315e-06	3.7044e-07
419	0.93901	0.060983	5.7015e-06	3.6765e-07
420	0.95432	0.045676	6.0297e-06	2.8593e-07
421	0.95634	0.043653	6.2581e-06	2.8329e-07
422	0.96813	0.031866	6.5324e-06	2.1425e-07
423	0.99884	0.0011484	6.943e-06	7.9081e-09
424	0.98469	0.015302	7.024e-06	1.0942e-07
425	0.97929	0.020704	7.1628e-06	1.5125e-07
426	0.97864	0.021351	7.3338e-06	1.5902e-07
427	0.97758	0.022408	7.4808e-06	1.7001e-07
428	0.982	0.017994	7.6493e-06	1.3872e-07
429	0.99902	0.00097265	7.8956e-06	7.7996e-09
430	0.99759	0.002401	7.9987e-06	1.9567e-08
431	0.9789	0.021093	7.9369e-06	1.753e-07
432	0.97207	0.027926	7.9713e-06	2.342e-07
433	0.94809	0.051904	7.8373e-06	4.398e-07
434	0.91471	0.085281	7.6208e-06	7.2607e-07
435	0.90239	0.097598	7.5801e-06	8.3552e-07
436	0.70015	0.29984	5.9399e-06	2.5426e-06
437	0.62979	0.3702	5.3728e-06	3.1567e-06
438	0.60694	0.39305	5.1919e-06	3.3652e-06
439	0.25644	0.74355	2.2107e-06	6.3714e-06
440	0.13347	0.86652	1.1514e-06	7.4376e-06
441	0.09525	0.90474	8.1689e-07	7.7614e-06
442	0.08041	0.91958	6.8796e-07	7.8738e-06
443	0.077465	0.92253	6.5904e-07	7.8691e-06
444	0.082885	0.91711	6.9879e-07	7.7785e-06
445	0.076974	0.92302	6.4017e-07	7.7688e-06
446	0.078259	0.92173	6.4333e-07	7.6914e-06
447	0.087083	0.91291	7.0841e-07	7.5456e-06
448	0.069502	0.93049	5.5407e-07	7.6016e-06
449	0.063629	0.93636	4.9909e-07	7.5522e-06
450	0.066365	0.93363	5.1095e-07	7.4187e-06
451	0.055464	0.94453	4.1735e-07	7.3846e-06
452	0.053744	0.94625	3.9474e-07	7.2624e-06
453	0.057419	0.94257	4.1259e-07	7.093e-06
454	0.058098	0.94189	4.0811e-07	6.9391e-06
455	0.065058	0.93494	4.479e-07	6.734e-06
456	0.069076	0.93092	4.656e-07	6.5448e-06
457	0.082011	0.91798	5.4301e-07	6.289e-06
458	0.090166	0.90983	5.8476e-07	6.0626e-06
459	0.12065	0.87934	7.651e-07	5.6802e-06
460	0.15026	0.84973	9.2251e-07	5.303e-06
461	0.21972	0.78028	1.309e-06	4.6902e-06
462	0.39076	0.60923	2.2655e-06	3.502e-06
463	0.43533	0.56467	2.4175e-06	3.0999e-06
464	0.56502	0.43497	2.9837e-06	2.265e-06
465	0.97953	0.020463	4.8646e-06	9.5906e-08
466	0.98103	0.018969	4.5691e-06	8.2519e-08
467	0.98943	0.010567	4.2813e-06	4.0684e-08
468	0.99605	0.0039416	3.9806e-06	1.0739e-08
469	0.99556	0.0044398	4.3711e-06	1.5422e-08
470	0.9974	0.002595	4.7718e-06	1.0252e-08
471	0.99963	0.00036265	5.1538e-06	1.6178e-09
472	0.99963	0.00036667	5.5261e-06	1.917e-09
473	0.99902	0.00097764	5.8947e-06	5.6472e-09
474	0.99986	0.00013464	6.2503e-06	8.2637e-10
475	0.99983	0.00016369	6.5794e-06	1.0871e-09
476	0.99957	0.0004195	6.9066e-06	2.9243e-09
477	0.99959	0.00040472	7.2369e-06	2.9236e-09
478	0.99994	5.0101e-05	7.5482e-06	3.7745e-10
479	0.9994	0.00059272	7.8299e-06	4.6988e-09
480	0.99996	3.1011e-05	8.1216e-06	2.5813e-10
481	0.99655	0.0034374	8.358e-06	2.9626e-08
482	0.9958	0.004193	8.6161e-06	3.7267e-08
483	0.99713	0.0028567	8.8932e-06	2.6257e-08
484	0.95881	0.041185	8.7757e-06	3.8702e-07
485	0.78741	0.21258	7.376e-06	2.0315e-06
486	0.71815	0.28184	6.8992e-06	2.7534e-06
487	0.40051	0.59948	3.9592e-06	5.9376e-06
488	0.30123	0.69876	3.0433e-06	7.078e-06
489	0.25889	0.7411	2.6776e-06	7.6645e-06
490	0.097375	0.90261	1.0297e-06	9.5149e-06
491	0.046788	0.9532	5.0036e-07	1.0229e-05
492	0.026276	0.97371	2.8598e-07	1.0623e-05
493	0.020331	0.97966	2.2386e-07	1.0848e-05
494	0.01865	0.98134	2.0839e-07	1.102e-05
495	0.02026	0.97973	2.3038e-07	1.1151e-05
496	0.014853	0.98514	1.7135e-07	1.1345e-05
497	0.014373	0.98562	1.6736e-07	1.1466e-05
498	0.018101	0.98189	2.1168e-07	1.1522e-05
499	0.014708	0.98528	1.7328e-07	1.1655e-05
500	0.015463	0.98453	1.8284e-07	1.1723e-05
501	0.019445	0.98054	2.315e-07	1.1746e-05
502	0.032205	0.96778	3.8412e-07	1.1648e-05
503	0.06904	0.93095	8.2049e-07	1.1249e-05
504	0.15952	0.84047	1.9078e-06	1.0195e-05
505	0.18188	0.81811	2.1751e-06	9.9432e-06
506	0.23555	0.76444	2.8232e-06	9.3062e-06
507	0.3897	0.61029	4.6594e-06	7.4627e-06
508	0.50677	0.49322	6.0676e-06	6.0455e-06
509	0.79488	0.20511	9.5755e-06	2.5275e-06
510	0.99758	0.0024125	1.2063e-05	3.0061e-08
511	0.99686	0.0031252	1.2046e-05	3.8508e-08
512	0.99844	0.0015501	1.2036e-05	1.9257e-08
513	0.99829	0.0017028	1.2005e-05	2.1047e-08
514	0.99602	0.0039657	1.195e-05	4.8225e-08
515	0.99614	0.0038488	1.1927e-05	4.6384e-08
516	0.99961	0.00037482	1.192e-05	4.4789e-09
517	0.99687	0.0031218	1.1816e-05	3.7202e-08
518	0.99644	0.0035433	1.174e-05	4.1791e-08
519	0.99884	0.0011438	1.1675e-05	1.3486e-08
520	0.9853	0.014692	1.1427e-05	1.7029e-07
521	0.98141	0.018582	1.127e-05	2.1381e-07
522	0.97762	0.022367	1.1092e-05	2.5549e-07
523	0.90996	0.090031	1.0195e-05	1.017e-06
524	0.88709	0.1129	9.7939e-06	1.2606e-06
525	0.87915	0.12084	9.5675e-06	1.33e-06
526	0.86686	0.13313	9.2992e-06	1.4415e-06
527	0.86514	0.13485	9.1483e-06	1.4354e-06
528	0.87352	0.12647	9.1072e-06	1.3204e-06
529	0.86943	0.13056	8.9135e-06	1.3359e-06
530	0.8651	0.13489	8.6979e-06	1.3509e-06
531	0.87048	0.12951	8.5826e-06	1.2668e-06
532	0.86056	0.13943	8.2986e-06	1.33e-06
533	0.86059	0.1394	8.1132e-06	1.2944e-06
534	0.87382	0.12617	8.0298e-06	1.1355e-06
535	0.85215	0.14784	7.6365e-06	1.2874e-06
536	0.84777	0.15222	7.3795e-06	1.282e-06
537	0.85283	0.14716	7.2046e-06	1.1939e-06
538	0.85754	0.14245	7.0038e-06	1.1097e-06
539	0.87505	0.12494	6.903e-06	9.2462e-07
540	0.9183	0.081691	6.9949e-06	5.4617e-07
541	0.94906	0.050928	6.9694e-06	2.8441e-07
542	0.93415	0.065843	6.6264e-06	3.3946e-07
543	0.9301	0.069892	6.3487e-06	3.2949e-07
544	0.68355	0.31645	5.1593e-06	2.2056e-06
545	0.60681	0.39318	4.9883e-06	3.04e-06
546	0.5816	0.41839	5.1529e-06	3.5167e-06
547	0.27636	0.72363	2.5872e-06	6.6969e-06
548	0.15207	0.84792	1.5039e-06	8.3962e-06
549	0.10165	0.89834	1.064e-06	9.4529e-06
550	0.034674	0.96532	3.8605e-07	1.0748e-05
551	0.013698	0.98629	1.5989e-07	1.1573e-05
552	0.0072328	0.99275	8.699e-08	1.2226e-05
553	0.0047584	0.99523	5.9018e-08	1.2833e-05
554	0.004143	0.99584	5.3298e-08	1.3418e-05
555	0.0054482	0.99454	7.2555e-08	1.396e-05
556	0.005553	0.99443	7.6372e-08	1.4516e-05
557	0.0074275	0.99256	1.0638e-07	1.5046e-05
558	0.012687	0.9873	1.9032e-07	1.5522e-05
559	0.016042	0.98394	2.5066e-07	1.6022e-05
560	0.025304	0.97468	4.1385e-07	1.642e-05
561	0.04845	0.95153	8.311e-07	1.6564e-05
562	0.10196	0.89803	1.8307e-06	1.6127e-05
563	0.27276	0.72722	5.0521e-06	1.3448e-05
564	0.75927	0.24071	1.439e-05	4.6326e-06
565	0.75224	0.24774	1.4661e-05	4.8978e-06
566	0.75647	0.24351	1.5162e-05	4.9409e-06
567	0.78343	0.21655	1.6116e-05	4.5053e-06
568	0.76356	0.23642	1.6119e-05	5.0302e-06
569	0.7613	0.23868	1.6459e-05	5.1952e-06
570	0.77142	0.22855	1.7085e-05	5.0832e-06
571	0.38445	0.61553	8.7868e-06	1.3872e-05
572	0.26331	0.73667	6.1693e-06	1.6957e-05
573	0.22615	0.77383	5.4037e-06	1.817e-05
574	0.093784	0.90619	2.2673e-06	2.1732e-05
575	0.036364	0.96361	8.9618e-07	2.3531e-05
576	0.016251	0.98372	4.0421e-07	2.4432e-05
577	0.0081018	0.99187	2.0474e-07	2.5042e-05
578	0.0054602	0.99451	1.3923e-07	2.5499e-05
579	0.0046928	0.99528	1.2137e-07	2.591e-05
580	0.0033627	0.99661	8.7366e-08	2.6318e-05
581	0.0032923	0.99668	8.6536e-08	2.6695e-05
582	0.0044208	0.99555	1.1845e-07	2.704e-05
583	0.0049913	0.99498	1.3517e-07	2.7382e-05
584	0.0045675	0.9954	1.2543e-07	2.7753e-05
585	0.0054334	0.99454	1.5218e-07	2.8088e-05
586	0.0025158	0.99746	7.1059e-08	2.8511e-05
587	0.0017916	0.99818	5.0518e-08	2.8856e-05
588	0.0017486	0.99822	4.9558e-08	2.9181e-05
589	0.0023549	0.99762	6.7667e-08	2.9489e-05
590	0.0040592	0.99591	1.1897e-07	2.9764e-05
591	0.0098883	0.99008	2.9266e-07	2.9898e-05
592	0.0049589	0.99501	1.4706e-07	3.0353e-05
593	0.0028875	0.99708	8.6219e-08	3.0725e-05
594	0.0021415	0.99783	6.4912e-08	3.1059e-05
595	0.002169	0.9978	6.7334e-08	3.137e-05
596	0.0033801	0.99659	1.068e-07	3.1626e-05
597	0.0077508	0.99222	2.4694e-07	3.1762e-05
598	0.010227	0.98974	3.299e-07	3.1957e-05
599	0.016606	0.98336	5.4486e-07	3.2021e-05
600	0.032614	0.96735	1.0925e-06	3.1755e-05
601	0.078459	0.92151	2.6547e-06	3.0457e-05
602	0.20912	0.79085	7.0976e-06	2.6258e-05
603	0.62565	0.37432	2.1209e-05	1.237e-05
604	0.63231	0.36765	2.1537e-05	1.2219e-05
605	0.66677	0.3332	2.277e-05	1.1138e-05
606	0.74896	0.251	2.5646e-05	8.4234e-06
607	0.77121	0.22875	2.6488e-05	7.7155e-06
608	0.79332	0.20665	2.7301e-05	7.0101e-06
609	0.85107	0.1489	2.935e-05	5.0819e-06
610	0.8646	0.13536	2.9882e-05	4.645e-06
611	0.89946	0.10051	3.1163e-05	3.4698e-06
612	0.98668	0.01329	3.4297e-05	4.5471e-07
613	0.9931	0.0068664	3.4608e-05	2.345e-07
614	0.9998	0.00016917	3.49e-05	5.6952e-09
615	0.9999	6.311e-05	3.4909e-05	2.204e-09
616	0.99962	0.00034349	3.4917e-05	1.2085e-08
617	0.99868	0.0012887	3.4872e-05	4.5861e-08
618	0.9991	0.00086328	3.4889e-05	3.0975e-08
619	0.96529	0.034676	3.371e-05	1.2243e-06
620	0.95223	0.047733	3.3283e-05	1.6806e-06
621	0.95049	0.049471	3.3221e-05	1.7429e-06
622	0.34775	0.65222	1.2228e-05	2.2751e-05
623	0.13613	0.86383	4.791e-06	3.0182e-05
624	0.061886	0.93808	2.1586e-06	3.2789e-05
625	0.029717	0.97025	1.0316e-06	3.3893e-05
626	0.016708	0.98326	5.8181e-07	3.4322e-05
627	0.012517	0.98745	4.3531e-07	3.443e-05
628	0.01212	0.98785	4.1975e-07	3.4388e-05
629	0.014151	0.98581	4.8982e-07	3.4262e-05
630	0.020112	0.97985	6.9886e-07	3.3999e-05
631	0.040155	0.95981	1.3927e-06	3.3231e-05
632	0.089471	0.91049	3.1186e-06	3.1435e-05
633	0.23007	0.7699	7.985e-06	2.648e-05
634	0.63055	0.36942	2.1686e-05	1.2668e-05
635	0.72063	0.27934	2.465e-05	9.5712e-06
636	0.94289	0.057073	3.2152e-05	1.9473e-06
637	0.94531	0.05466	3.2137e-05	1.8553e-06
638	0.95867	0.0413	3.2465e-05	1.3932e-06
639	0.999	0.00097128	3.3664e-05	3.2978e-08
640	0.99977	0.00019386	3.3545e-05	6.531e-09
641	0.9983	0.0016665	3.3323e-05	5.6012e-08
642	0.9968	0.0031707	3.3071e-05	1.0675e-07
643	0.99778	0.0021866	3.2874e-05	7.4751e-08
644	0.9969	0.0030721	3.2626e-05	1.0515e-07
645	0.99796	0.0020031	3.2458e-05	6.9855e-08
646	0.95595	0.044017	3.0839e-05	1.4984e-06
647	0.93842	0.061549	3.008e-05	2.0788e-06
648	0.93518	0.06479	2.977e-05	2.1808e-06
649	0.86163	0.13834	2.7147e-05	4.6082e-06
650	0.83061	0.16936	2.5973e-05	5.5968e-06
651	0.82384	0.17613	2.5566e-05	5.7908e-06
652	0.78131	0.21866	2.4047e-05	7.1192e-06
653	0.76869	0.23128	2.3468e-05	7.4824e-06
654	0.76821	0.23176	2.3289e-05	7.4548e-06
655	0.74257	0.2574	2.2344e-05	8.2042e-06
656	0.73756	0.26241	2.2021e-05	8.3074e-06
657	0.74396	0.25601	2.206e-05	8.0568e-06
658	0.74676	0.25321	2.2001e-05	7.9143e-06
659	0.76797	0.232	2.2472e-05	7.2184e-06
660	0.82042	0.17955	2.389e-05	5.5836e-06
661	0.83358	0.16639	2.4124e-05	5.1437e-06
662	0.87043	0.12955	2.5087e-05	3.9864e-06
663	0.9571	0.042869	2.7574e-05	1.3139e-06
664	0.95459	0.045378	2.7343e-05	1.3718e-06
665	0.9593	0.040671	2.7298e-05	1.2182e-06
666	0.97687	0.023103	2.7601e-05	6.9092e-07
667	0.97987	0.020101	2.7483e-05	5.9552e-07
668	0.98225	0.01772	2.7356e-05	5.1858e-07
669	0.99245	0.0075204	2.7425e-05	2.1899e-07
670	0.99991	6.5984e-05	2.7424e-05	1.2891e-09
671	0.99933	0.00063551	2.9481e-05	1.8575e-08
672	0.99989	7.7131e-05	3.1624e-05	2.4179e-09
673	0.99712	0.0028442	3.3707e-05	9.4751e-08
674	0.997	0.0029646	3.583e-05	1.0505e-07
675	0.9997	0.00026493	3.8013e-05	1.0052e-08
676	0.99902	0.00093653	4.0127e-05	3.7567e-08
677	0.99875	0.001203	4.2209e-05	5.1183e-08
678	0.99995	4.9527e-06	4.4411e-05	2.2091e-10
679	0.99987	8.792e-05	4.651e-05	4.2111e-09
680	0.99881	0.0011433	4.8612e-05	5.6937e-08
681	0.9991	0.00085207	5.083e-05	4.4651e-08
682	0.99868	0.0012672	5.31e-05	6.8511e-08
683	0.99828	0.001666	5.5426e-05	9.2864e-08
684	0.99993	1.3482e-05	5.7818e-05	8.0757e-10
685	0.99741	0.0025322	6.0027e-05	1.558e-07
686	0.99713	0.0028049	6.2433e-05	1.7938e-07
687	0.99887	0.0010666	6.5038e-05	7.0917e-08
688	0.99906	0.00087425	6.7615e-05	5.946e-08
689	0.99838	0.0015525	7.0085e-05	1.0869e-07
690	0.99958	0.00034242	7.2634e-05	2.5055e-08
691	0.99989	3.3029e-05	7.5185e-05	2.4966e-09
692	0.99949	0.00043629	7.7747e-05	3.3471e-08
693	0.99791	0.0020133	8.029e-05	1.5756e-07
694	0.99146	0.0084606	8.2373e-05	6.8688e-07
695	0.99052	0.0093933	8.483e-05	7.8684e-07
696	0.9925	0.0074106	8.7608e-05	6.3365e-07
697	0.98567	0.014238	8.9497e-05	1.2604e-06
698	0.98464	0.015264	9.1835e-05	1.3901e-06
699	0.98389	0.016018	9.4137e-05	1.5015e-06
700	0.98248	0.017419	9.6449e-05	1.6751e-06
701	0.98584	0.01406	9.9177e-05	1.3841e-06
702	0.99946	0.00043644	0.0001029	4.4219e-08
703	0.9987	0.0011972	0.00010528	1.2475e-07
704	0.99949	0.00040252	0.00010776	4.2905e-08
705	0.99975	0.0001387	0.00011014	1.5592e-08
706	0.99733	0.0025546	0.00011228	2.9384e-07
707	0.99702	0.0028616	0.00011473	3.3626e-07
708	0.9986	0.0012871	0.00011746	1.5485e-07
709	0.99708	0.0027976	0.00011978	3.4315e-07
710	0.99742	0.0024542	0.00012238	3.0756e-07
711	0.99987	2.5678e-06	0.00012533	3.4164e-10
712	0.98705	0.012826	0.00012636	1.6918e-06
713	0.97277	0.027096	0.00012705	3.6674e-06
714	0.96806	0.031809	0.00012908	4.3937e-06
715	0.89812	0.10175	0.00012182	1.4359e-05
716	0.87043	0.12943	0.00012036	1.8595e-05
717	0.86308	0.13678	0.00012164	2.0051e-05
718	0.85564	0.14422	0.00012278	2.1579e-05
719	0.85769	0.14217	0.0001254	2.1714e-05
720	0.87179	0.12806	0.00012994	2e-05
721	0.78815	0.2117	0.00011949	3.3368e-05
722	0.76002	0.23983	0.00011723	3.8483e-05
723	0.75523	0.24461	0.00011853	4e-05
724	0.7244	0.27544	0.00011537	4.5918e-05
725	0.71475	0.28509	0.00011573	4.8391e-05
726	0.71795	0.28188	0.0001183	4.8729e-05
727	0.74352	0.25631	0.00012461	4.5283e-05
728	0.80567	0.19416	0.0001375	3.5331e-05
729	0.95037	0.049455	0.00016559	1.0248e-05
730	0.94931	0.050516	0.00016823	1.0708e-05
731	0.95627	0.04355	0.00017233	9.6492e-06
732	0.97504	0.024775	0.00017881	6.2906e-06
733	0.97918	0.020627	0.0001825	5.677e-06
734	0.97768	0.022132	0.00018486	6.3283e-06
735	0.98067	0.019135	0.00018834	5.9536e-06
736	0.97765	0.022156	0.00018771	6.3803e-06
737	0.82854	0.17127	0.00015911	3.4724e-05
738	0.76838	0.23143	0.00014766	4.5961e-05
739	0.55144	0.44837	0.00010647	8.6913e-05
740	0.48409	0.51571	9.3487e-05	9.9613e-05
741	0.46525	0.53456	8.9719e-05	0.00010306
742	0.43697	0.56284	8.4241e-05	0.00010826
743	0.43146	0.56835	8.3069e-05	0.00010912
744	0.44422	0.55559	8.5356e-05	0.00010649
745	0.43749	0.56232	8.3853e-05	0.00010762
746	0.44431	0.5555	8.5007e-05	0.00010612
747	0.47056	0.52925	8.9957e-05	0.00010087
748	0.47252	0.52729	9.0181e-05	0.00010032
749	0.49731	0.5025	9.4675e-05	9.5453e-05
750	0.56227	0.43754	0.0001069	8.2898e-05
751	0.7717	0.22811	0.00014618	4.3259e-05
752	0.8181	0.18171	0.00015478	3.4346e-05
753	0.96849	0.031324	0.0001828	5.9648e-06
754	0.96926	0.030547	0.00018265	5.8039e-06
755	0.97751	0.022304	0.00018386	4.2449e-06
756	0.99819	0.0016209	0.00018749	3.1369e-07
757	0.99812	0.0016911	0.00018723	3.2567e-07
758	0.99969	0.0001261	0.00018734	2.4436e-08
759	0.9998	9.2448e-06	0.00018722	1.7765e-09
760	0.99975	6.2948e-05	0.00018711	1.1907e-08
761	0.99972	8.9151e-05	0.00018707	1.6653e-08
762	0.99915	0.00066084	0.00018687	1.2446e-07
763	0.99746	0.0023566	0.00018641	4.4793e-07
764	0.99758	0.0022369	0.00018635	4.2557e-07
765	0.99975	6.7359e-05	0.00018673	1.2956e-08
766	0.99901	0.00080303	0.00018661	1.5055e-07
767	0.99856	0.0012559	0.00018651	2.3701e-07
768	0.99946	0.0003554	0.00018671	6.7568e-08
769	0.99963	0.00017936	0.00018682	3.3891e-08
770	0.99884	0.00097091	0.00018671	1.8382e-07
771	0.99814	0.0016724	0.00018667	3.1483e-07
772	0.99781	0.0020006	0.00018665	3.7816e-07
773	0.99912	0.00069384	0.000187	1.3147e-07
774	0.99941	0.00039946	0.00018711	7.7277e-08
775	0.99774	0.0020706	0.0001869	3.9847e-07
776	0.99576	0.0040541	0.00018667	7.7675e-07
777	0.99609	0.003727	0.00018695	7.1357e-07
778	0.9944	0.0054129	0.00018679	1.0371e-06
779	0.99505	0.0047578	0.00018713	9.1258e-07
780	0.99853	0.0012768	0.00018806	2.4288e-07
781	0.99563	0.0041767	0.00018773	7.887e-07
782	0.99302	0.0067864	0.0001874	1.2869e-06
783	0.99315	0.0066596	0.00018764	1.2621e-06
784	0.99333	0.0064844	0.00018785	1.2318e-06
785	0.99633	0.003483	0.00018865	6.5904e-07
786	0.9997	0.00011259	0.00018947	2.1553e-08
787	0.99882	0.00099143	0.00018953	1.8813e-07
788	0.99835	0.0014642	0.00018963	2.8001e-07
789	0.99938	0.00042567	0.00019007	8.1237e-08
790	0.99647	0.0033365	0.00018972	6.3884e-07
791	0.99636	0.0034489	0.00018985	6.648e-07
792	0.99835	0.0014638	0.00019044	2.8558e-07
793	0.99702	0.0027885	0.00019034	5.4791e-07
794	0.99751	0.0022984	0.00019065	4.5586e-07
795	0.99601	0.0037953	0.00019062	7.4941e-07
796	0.97101	0.028794	0.00018591	5.6877e-06
797	0.96092	0.038888	0.0001842	7.673e-06
798	0.95866	0.041152	0.00018408	8.121e-06
799	0.96419	0.035622	0.00018542	7.0645e-06
800	0.96772	0.032086	0.00018644	6.3813e-06
801	0.97983	0.019972	0.00018922	3.9838e-06
802	0.98923	0.010575	0.00019155	2.0965e-06
803	0.98726	0.012545	0.00019158	2.4742e-06
804	0.98976	0.01005	0.00019242	1.985e-06
805	0.98064	0.019169	0.00019106	3.7493e-06
806	0.97881	0.020991	0.00019106	4.1107e-06
807	0.98106	0.018747	0.00019192	3.6677e-06
808	0.98219	0.017618	0.00019262	3.4345e-06
809	0.97794	0.021867	0.00019222	4.2543e-06
810	0.97957	0.020229	0.00019292	3.9354e-06
811	0.98956	0.010246	0.00019519	1.9892e-06
812	0.99921	0.00059034	0.00019734	1.179e-07
813	0.99902	0.00078369	0.00019766	1.5762e-07
814	0.99412	0.0056845	0.00019698	1.1542e-06
815	0.99331	0.0064894	0.00019708	1.3289e-06
816	0.99519	0.004615	0.00019777	9.5995e-07
817	0.99007	0.0097261	0.00019711	2.0121e-06
818	0.98891	0.010892	0.0001973	2.2552e-06
819	0.99082	0.0089763	0.00019818	1.8662e-06
820	0.98863	0.011171	0.00019829	2.3089e-06
821	0.99027	0.0095265	0.00019913	1.9776e-06
822	0.99664	0.0031552	0.00020101	6.616e-07
823	0.9962	0.0036008	0.00020143	7.5689e-07
824	0.99548	0.004321	0.00020185	9.072e-07
825	0.99702	0.0027755	0.0002028	5.8564e-07
826	0.99293	0.0068647	0.00020265	1.421e-06
827	0.99267	0.00713	0.00020324	1.481e-06
828	0.99535	0.0044414	0.0002045	9.2313e-07
829	0.99532	0.0044744	0.0002051	9.3569e-07
830	0.99542	0.0043773	0.00020568	9.2517e-07
831	0.9981	0.0016903	0.00020686	3.6965e-07
832	0.97972	0.020075	0.00020339	4.4219e-06
833	0.97299	0.026798	0.00020254	5.9117e-06
834	0.97214	0.02765	0.00020303	6.1259e-06
835	0.97033	0.029464	0.00020338	6.5408e-06
836	0.95949	0.0403	0.0002017	8.9426e-06
837	0.95687	0.042915	0.00020187	9.5484e-06
838	0.90228	0.097503	0.00019053	2.162e-05
839	0.87951	0.12028	0.00018624	2.6692e-05
840	0.87418	0.12561	0.00018568	2.7994e-05
841	0.84388	0.15591	0.00017947	3.4906e-05
842	0.80072	0.19907	0.00017047	4.4661e-05
843	0.74014	0.25964	0.00015769	5.8247e-05
844	0.7153	0.28449	0.00015285	6.3943e-05
845	0.70874	0.29104	0.00015208	6.5621e-05
846	0.71483	0.28495	0.00015417	6.4494e-05
847	0.74686	0.25292	0.000162	5.759e-05
848	0.85293	0.14685	0.00018622	3.4239e-05
849	0.92799	0.071784	0.00020395	1.7448e-05
850	0.93096	0.068818	0.0002056	1.684e-05
851	0.94632	0.053452	0.00021007	1.3373e-05
852	0.98608	0.013694	0.0002204	4.1138e-06
853	0.98362	0.016157	0.00022076	4.8888e-06
854	0.98506	0.014712	0.00022221	4.638e-06
855	0.99166	0.0081149	0.00022502	3.097e-06
856	0.983	0.01677	0.00022302	6.3226e-06
857	0.94353	0.056241	0.00020976	2.086e-05
858	0.76486	0.23491	0.0001677	6.0878e-05
859	0.51943	0.48035	0.00011212	0.0001145
860	0.44304	0.55673	9.4247e-05	0.00013036
861	0.41329	0.58648	8.6998e-05	0.00013565
862	0.40874	0.59104	8.5238e-05	0.00013542
863	0.41773	0.58206	8.6499e-05	0.00013223
864	0.44798	0.55181	9.2472e-05	0.00012437
865	0.54912	0.45066	0.00011362	0.00010131
866	0.78332	0.21646	0.00016359	4.9474e-05
867	0.79952	0.20027	0.00016554	4.5607e-05
868	0.70874	0.29105	0.00014442	6.4885e-05
869	0.57989	0.4199	0.00011579	9.1731e-05
870	0.52482	0.47498	0.00010331	0.00010248
871	0.44743	0.55236	8.6598e-05	0.00011751
872	0.42194	0.57785	8.0602e-05	0.00012179
873	0.41947	0.58033	7.9276e-05	0.00012136
874	0.41644	0.58336	7.7791e-05	0.00012105
875	0.42614	0.57366	7.8838e-05	0.00011826
876	0.45785	0.54196	8.4096e-05	0.00011131
877	0.43792	0.56189	7.9435e-05	0.00011432
878	0.43689	0.56292	7.8425e-05	0.00011366
879	0.44916	0.55065	7.9966e-05	0.00011049
880	0.43709	0.56272	7.6962e-05	0.0001119
881	0.43828	0.56153	7.6516e-05	0.00011081
882	0.43703	0.56278	7.5569e-05	0.00011018
883	0.43381	0.566	7.4215e-05	0.00010993
884	0.42512	0.5747	7.1923e-05	0.00011065
885	0.42907	0.57075	7.1974e-05	0.00010908
886	0.40526	0.59456	6.7131e-05	0.00011244
887	0.39869	0.60113	6.5433e-05	0.0001127
888	0.40545	0.59437	6.6126e-05	0.00011061
889	0.40634	0.59348	6.5822e-05	0.00010956
890	0.40214	0.59768	6.4686e-05	0.00010938
891	0.39281	0.60701	6.2649e-05	0.00011007
892	0.37839	0.62144	5.984e-05	0.00011158
893	0.37757	0.62226	5.9355e-05	0.00011079
894	0.38976	0.61007	6.1107e-05	0.00010781
895	0.39952	0.60032	6.2366e-05	0.00010529
896	0.3423	0.65753	5.2931e-05	0.0001135
897	0.32061	0.67923	4.9248e-05	0.000116
898	0.23924	0.76059	3.6294e-05	0.00012774
899	0.2069	0.79293	3.1136e-05	0.00013172
900	0.19804	0.8018	2.9584e-05	0.00013206
901	0.20202	0.79782	3.0014e-05	0.0001304
902	0.20171	0.79813	2.9792e-05	0.00012941
903	0.21308	0.78676	3.1423e-05	0.00012661
904	0.21951	0.78034	3.2289e-05	0.00012461
905	0.24664	0.7532	3.6348e-05	0.00011939
906	0.33672	0.66313	5.0033e-05	0.00010451
907	0.40142	0.59843	5.9736e-05	9.3657e-05
908	0.5519	0.44795	8.2804e-05	6.9468e-05
909	0.98126	0.018593	0.00014815	2.9657e-06
910	0.96323	0.036623	0.0001443	5.7187e-06
911	0.95822	0.041628	0.00014243	6.4546e-06
912	0.95897	0.040884	0.00014149	6.3017e-06
913	0.95855	0.041302	0.00014044	6.3167e-06
914	0.96396	0.03589	0.00014031	5.4533e-06
915	0.97921	0.020645	0.00014171	3.1093e-06
916	0.93917	0.060687	0.00013495	8.8772e-06
917	0.92375	0.076108	0.00013189	1.1004e-05
918	0.92095	0.078904	0.00013059	1.1323e-05
919	0.92743	0.07243	0.00013056	1.0333e-05
920	0.93159	0.068271	0.00013026	9.6687e-06
921	0.95179	0.048076	0.00013212	6.7889e-06
922	0.95428	0.045579	0.00013156	6.3899e-06
923	0.96447	0.035392	0.00013211	4.9147e-06
924	0.99972	0.00014802	0.00013604	2.1647e-08
925	0.9951	0.0047679	0.00013457	6.5881e-07
926	0.99022	0.0096468	0.00013304	1.331e-06
927	0.99015	0.0097148	0.00013211	1.3425e-06
928	0.93249	0.067378	0.00012335	9.2471e-06
929	0.85221	0.14766	0.00011175	2.0026e-05
930	0.8282	0.17167	0.00010776	2.3162e-05
931	0.74489	0.25498	9.5684e-05	3.4336e-05
932	0.70983	0.29004	9.0346e-05	3.8811e-05
933	0.69708	0.3028	8.8073e-05	4.0259e-05
934	0.68162	0.31825	8.5418e-05	4.2054e-05
935	0.67996	0.31991	8.4619e-05	4.2028e-05
936	0.69197	0.30791	8.5609e-05	4.0252e-05
937	0.6822	0.31768	8.3882e-05	4.1232e-05
