#coord	neutral	conserved	gBGC.neutral	gBGC.conserved
1	0.96069	0.032701	0.0063909	0.00022039
2	0.98263	0.011249	0.0060545	6.8193e-05
3	0.98748	0.006632	0.0058467	3.8532e-05
4	0.99199	0.0023745	0.005624	1.3686e-05
5	0.99322	0.0013671	0.0054005	7.703e-06
6	0.9948	3.129e-06	0.0051973	1.6394e-08
7	0.99502	5.681e-06	0.0049736	2.7656e-08
8	0.99519	6.5469e-05	0.004741	3.0375e-07
9	0.99544	6.6265e-05	0.0044926	3.0669e-07
10	0.9957	3.5644e-05	0.0042595	1.6097e-07
11	0.99576	0.00019368	0.0040442	8.1364e-07
12	0.99613	2.8248e-05	0.0038446	1.1431e-07
13	0.99632	2.2395e-05	0.0036581	8.6232e-08
14	0.99641	0.00010712	0.0034841	3.9242e-07
15	0.99642	0.0002558	0.0033218	8.8833e-07
16	0.99672	0.00010451	0.0031715	3.4968e-07
17	0.99693	3.5965e-05	0.0030303	1.1935e-07
18	0.99692	0.00017512	0.0029065	5.2753e-07
19	0.9972	1.0411e-05	0.0027914	2.9511e-08
20	0.99675	0.00057788	0.0026685	1.5939e-06
21	0.99738	6.2801e-05	0.0025571	1.68e-07
22	0.99747	7.8665e-05	0.0024514	1.9204e-07
23	0.99756	0.00010101	0.0023393	2.4582e-07
24	0.99759	0.00017592	0.0022349	4.0973e-07
25	0.99733	0.00053236	0.0021371	1.1587e-06
26	0.99723	0.00072284	0.002046	1.4631e-06
27	0.99753	0.00051372	0.0019508	9.8485e-07
28	0.99736	0.00078702	0.0018497	1.4585e-06
29	0.99737	0.00086794	0.0017559	1.4979e-06
30	0.9977	0.00064103	0.0016583	1.0358e-06
31	0.99842	2.3035e-05	0.0015564	3.6251e-08
32	0.99784	0.00070274	0.0014592	1.0316e-06
33	0.99768	0.00095839	0.0013617	1.3158e-06
34	0.99795	0.00079015	0.0012638	1.0122e-06
35	0.99864	0.0001977	0.0011654	2.4618e-07
36	0.99891	1.0153e-05	0.0010783	1.1624e-08
37	0.999	6.6015e-08	0.00099662	6.5639e-11
38	0.99823	0.00086356	0.00090971	8.066e-07
39	0.99755	0.0016212	0.00082841	1.3561e-06
40	0.99862	0.0006372	0.00074483	4.9609e-07
41	0.99865	0.00067988	0.00066505	4.7827e-07
42	0.9989	0.00051148	0.00059021	3.2155e-07
43	0.99935	0.00012887	0.00051991	7.395e-08
44	0.99743	0.0021181	0.00045214	1.0106e-06
45	0.99525	0.0043564	0.00038839	1.7678e-06
46	0.99551	0.0041613	0.00032928	1.4175e-06
47	0.99613	0.0035971	0.000267	1.0032e-06
48	0.99951	0.00028396	0.00020863	6.3082e-08
49	0.99981	3.9372e-05	0.00015251	6.0706e-09
50	0.99991	6.5368e-07	9.3189e-05	4.0762e-11
51	0.99975	0.00016318	8.7336e-05	1.465e-08
52	0.99991	4.0298e-06	8.1462e-05	3.1946e-10
53	0.99895	0.00097563	7.3722e-05	7.0851e-08
54	0.99957	0.00036475	6.4542e-05	2.3791e-08
55	0.99971	0.00023203	5.5282e-05	1.2824e-08
56	0.99956	0.00039116	4.592e-05	1.6737e-08
57	0.99983	0.00013135	3.505e-05	2.7528e-09
58	0.99947	0.00048989	3.9269e-05	1.7546e-08
59	0.99953	0.00042742	4.2121e-05	1.6877e-08
60	0.99981	0.000143	4.4537e-05	4.5358e-09
61	0.99776	0.0021932	4.5535e-05	6.7041e-08
62	0.98983	0.010127	4.4985e-05	2.9204e-07
63	0.98186	0.018075	6.5865e-05	1.0769e-06
64	0.97986	0.020052	8.7566e-05	1.6698e-06
65	0.98213	0.017762	0.00011039	1.8723e-06
66	0.9921	0.0077667	0.0001325	9.6639e-07
67	0.99463	0.005214	0.000152	7.4902e-07
68	0.99746	0.0023702	0.00016974	3.9022e-07
69	0.99973	8.2923e-05	0.00018805	1.5057e-08
70	0.999	0.00079786	0.00020403	1.647e-07
71	0.99943	0.00035105	0.00022084	7.5678e-08
72	0.99952	0.00024542	0.00023564	5.4863e-08
73	0.99508	0.0046725	0.00024717	1.1303e-06
74	0.99462	0.0051199	0.00025769	1.2999e-06
75	0.99747	0.0022596	0.00026718	6.1328e-07
76	0.99568	0.0040421	0.00027613	1.1426e-06
77	0.99644	0.00328	0.00028398	9.7636e-07
78	0.99698	0.002725	0.00029235	8.4778e-07
79	0.9904	0.009297	0.00029926	2.9116e-06
80	0.98913	0.010561	0.00030592	3.4153e-06
81	0.99089	0.0087925	0.00031417	2.934e-06
82	0.98366	0.016014	0.00031745	5.4791e-06
83	0.98195	0.017718	0.00032334	6.1774e-06
84	0.98429	0.015371	0.00033143	5.4647e-06
85	0.84906	0.15059	0.00029367	5.142e-05
86	0.80228	0.19737	0.00028264	6.8877e-05
87	0.78489	0.21476	0.00028244	7.6209e-05
88	0.76487	0.23477	0.00027946	8.4557e-05
89	0.7625	0.23713	0.00028125	8.6413e-05
90	0.77703	0.2226	0.00028755	8.1919e-05
91	0.81766	0.18197	0.00030441	6.7545e-05
92	0.78358	0.21605	0.0002918	8.088e-05
93	0.73876	0.26087	0.00027614	9.7948e-05
94	0.58461	0.41502	0.00021676	0.00015691
95	0.36984	0.62979	0.00013673	0.00023693
96	0.30303	0.6966	0.00011062	0.00026144
97	0.21483	0.7848	7.7781e-05	0.00029297
98	0.17954	0.82009	6.5095e-05	0.00030458
99	0.17082	0.82881	6.1506e-05	0.00030563
100	0.15732	0.84231	5.6535e-05	0.00030825
101	0.15825	0.84139	5.6344e-05	0.00030464
102	0.175	0.82464	6.129e-05	0.00029444
103	0.088442	0.91121	3.061e-05	0.00031995
104	0.058299	0.94136	1.9619e-05	0.00032442
105	0.048424	0.95124	1.5701e-05	0.00032047
106	0.033299	0.96637	1.0361e-05	0.00031793
107	0.029565	0.97012	8.7697e-06	0.00031028
108	0.029926	0.96976	8.5461e-06	0.00030123
109	0.035096	0.9646	9.7545e-06	0.0002908
110	0.017012	0.98269	4.6002e-06	0.00029137
111	0.0097467	0.98996	2.6105e-06	0.00028875
112	0.0079662	0.99175	2.0866e-06	0.00028333
113	0.0081059	0.99161	2.1086e-06	0.00027723
114	0.010496	0.98923	2.7587e-06	0.00027046
115	0.011995	0.98774	3.1015e-06	0.0002627
116	0.016785	0.98296	4.3197e-06	0.00025393
117	0.029207	0.97054	7.5655e-06	0.00024306
118	0.059964	0.93979	1.5696e-05	0.00022724
119	0.14777	0.85199	3.771e-05	0.00019622
120	0.39794	0.60184	9.6655e-05	0.00012693
121	0.39314	0.60665	9.2205e-05	0.0001211
122	0.40435	0.59545	9.0472e-05	0.00011109
123	0.44501	0.5548	9.3721e-05	9.4631e-05
124	0.47496	0.52487	9.4368e-05	8.0973e-05
125	0.47512	0.52472	8.9291e-05	7.3225e-05
126	0.49041	0.50944	8.7086e-05	6.2752e-05
127	0.45472	0.5451	9.2016e-05	8.4511e-05
128	0.44312	0.55668	0.00010129	0.00010262
129	0.44561	0.55415	0.00011403	0.00011803
130	0.36252	0.63722	0.0001019	0.0001565
131	0.265	0.73472	7.9653e-05	0.00020335
132	0.23549	0.7642	7.4935e-05	0.00023106
133	0.20468	0.79499	6.768e-05	0.00025972
134	0.1932	0.80645	6.698e-05	0.00028218
135	0.1933	0.80633	7.0588e-05	0.00030085
136	0.16965	0.82996	6.5e-05	0.00032929
137	0.16556	0.83402	6.6196e-05	0.00034937
138	0.17064	0.82892	7.1447e-05	0.00036583
139	0.15732	0.84222	6.7728e-05	0.00038906
140	0.15714	0.84238	6.9423e-05	0.00040538
141	0.16661	0.83289	7.5862e-05	0.00041738
142	0.17144	0.82804	8.0701e-05	0.00043144
143	0.18903	0.81044	9.2453e-05	0.00043908
144	0.23238	0.76707	0.00011899	0.00043248
145	0.26166	0.73777	0.00014018	0.00043187
146	0.33138	0.66803	0.00018757	0.00040575
147	0.50354	0.49584	0.0003051	0.00031048
148	0.99444	0.0049221	0.00063262	3.3722e-06
149	0.99459	0.0047497	0.00065466	3.3663e-06
150	0.99746	0.0018616	0.0006806	1.3886e-06
151	0.99638	0.0029165	0.00070139	2.2293e-06
152	0.99084	0.0084367	0.00072078	6.4707e-06
153	0.98543	0.01382	0.00074279	1.0743e-05
154	0.98549	0.013728	0.00076617	1.1038e-05
155	0.97903	0.020164	0.00078651	1.6546e-05
156	0.97907	0.0201	0.00080925	1.7021e-05
157	0.98352	0.015627	0.00083783	1.3606e-05
158	0.98761	0.01152	0.00086379	1.0379e-05
159	0.99871	0.00038742	0.00089853	3.6674e-07
160	0.99661	0.0024603	0.00092344	2.2918e-06
161	0.99679	0.0022607	0.00094787	2.1844e-06
162	0.99892	0.00010232	0.00097644	9.9063e-08
163	0.99884	0.00015952	0.0010001	1.5867e-07
164	0.99872	0.0002592	0.0010209	2.7353e-07
165	0.99887	8.4345e-05	0.0010442	9.6003e-08
166	0.99277	0.0061655	0.0010561	7.346e-06
167	0.97271	0.026211	0.0010474	3.2385e-05
168	0.96747	0.031434	0.0010536	3.9881e-05
169	0.96922	0.029678	0.0010653	3.915e-05
170	0.97713	0.021749	0.0010863	3.124e-05
171	0.98424	0.01463	0.0011039	2.4215e-05
172	0.98453	0.014331	0.0011155	2.5259e-05
173	0.97991	0.018935	0.0011214	3.4242e-05
174	0.9749	0.023934	0.0011234	4.4662e-05
175	0.94841	0.050468	0.001047	7.1247e-05
176	0.94152	0.057418	0.00099024	7.4772e-05
177	0.94379	0.055206	0.00094071	6.7788e-05
178	0.94412	0.054924	0.00089209	6.3191e-05
179	0.9549	0.044199	0.00085061	4.8166e-05
180	0.98182	0.017338	0.00082728	1.8217e-05
181	0.98751	0.011698	0.00078371	1.1598e-05
182	0.99167	0.0075869	0.000741	7.0116e-06
183	0.9949	0.0043963	0.0007001	3.6813e-06
184	0.99534	0.0040068	0.00065351	2.9987e-06
185	0.99613	0.0032674	0.00060475	2.184e-06
186	0.99674	0.0027047	0.00055849	1.5661e-06
187	0.99553	0.0039546	0.00050847	1.9591e-06
188	0.99637	0.0031658	0.0004621	1.289e-06
189	0.99703	0.0025499	0.000418	7.5741e-07
190	0.97685	0.022722	0.00042217	9.9392e-06
191	0.96939	0.030161	0.00043298	1.3676e-05
192	0.96903	0.03051	0.00044488	1.4324e-05
193	0.95876	0.040769	0.0004489	1.9918e-05
194	0.94696	0.052564	0.00045341	2.6353e-05
195	0.8945	0.10501	0.00043861	5.3289e-05
196	0.82578	0.17371	0.00041623	8.9023e-05
197	0.74548	0.254	0.00038369	0.00013296
198	0.71869	0.28078	0.00037605	0.00015014
199	0.40818	0.59129	0.00020626	0.00032748
200	0.28187	0.71759	0.00013894	0.00040307
201	0.23096	0.76849	0.00011304	0.00043783
202	0.21156	0.78788	0.00010437	0.00045593
203	0.20886	0.79057	0.00010393	0.00046429
204	0.21641	0.78301	0.00010937	0.00046718
205	0.2398	0.75961	0.00012411	0.00046124
206	0.23806	0.76135	0.00012538	0.00046924
207	0.2483	0.7511	0.00013411	0.00047043
208	0.25324	0.74614	0.00014032	0.00047467
209	0.27411	0.72527	0.00015736	0.00046879
210	0.34567	0.6537	0.00020661	0.00042901
211	0.51167	0.48768	0.00032257	0.00032319
212	0.9851	0.014251	0.00064414	9.9837e-06
213	0.98658	0.012759	0.00065509	9.0509e-06
214	0.51018	0.48915	0.00032939	0.00034244
215	0.3162	0.68312	0.00019984	0.00048072
216	0.23749	0.76182	0.00014908	0.00054104
217	0.20626	0.79304	0.00013044	0.00057001
218	0.19946	0.79984	0.00012712	0.00058201
219	0.20341	0.79587	0.00013162	0.00058693
220	0.22153	0.77775	0.00014679	0.00058195
221	0.28418	0.71508	0.00019292	0.00054434
222	0.42961	0.56965	0.00030236	0.00044412
223	0.53375	0.4655	0.00038624	0.00037036
224	0.53363	0.4656	0.00039263	0.0003751
225	0.53282	0.4664	0.00039689	0.00037999
226	0.42361	0.5756	0.00031903	0.00046822
227	0.31241	0.6868	0.00023442	0.00056131
228	0.26781	0.73138	0.00020263	0.00060256
229	0.2114	0.78779	0.00016222	0.00065339
230	0.193	0.80618	0.00014952	0.00067488
231	0.19188	0.80729	0.00014976	0.00068176
232	0.16802	0.83114	0.00013025	0.0007067
233	0.15973	0.83942	0.00012414	0.00071891
234	0.16155	0.8376	0.00012679	0.0007232
235	0.17781	0.82134	0.00014072	0.00071463
236	0.21815	0.78099	0.00017571	0.00068572
237	0.31854	0.6806	0.0002648	0.00060362
238	0.24427	0.75485	0.00020574	0.00067057
239	0.22236	0.77676	0.00018852	0.00069393
240	0.21567	0.78344	0.00018488	0.00070449
241	0.20848	0.79063	0.00017989	0.00071467
242	0.21148	0.78761	0.00018448	0.00071606
243	0.23145	0.76765	0.00020373	0.00070116
244	0.29972	0.69937	0.00026514	0.00064235
245	0.45804	0.54105	0.00041173	0.00049925
246	0.847	0.15208	0.00078356	0.00013217
247	0.85211	0.14697	0.00079516	0.00012712
248	0.87531	0.12376	0.00082185	0.00010477
249	0.93116	0.067911	0.0008834	4.9157e-05
250	0.94501	0.053927	0.0010171	4.9419e-05
251	0.93539	0.063398	0.001136	7.2368e-05
252	0.93418	0.064464	0.0012732	8.6204e-05
253	0.94194	0.056559	0.0014174	8.767e-05
254	0.92345	0.074879	0.0015347	0.00013287
255	0.91772	0.080444	0.0016818	0.00015896
256	0.91212	0.085869	0.0018201	0.0001872
257	0.91412	0.0837	0.0019836	0.00020022
258	0.92528	0.072351	0.0021805	0.00019046
259	0.92338	0.074049	0.0023596	0.00021097
260	0.92865	0.068567	0.0025709	0.00021144
261	0.94513	0.051865	0.0028336	0.00017347
262	0.94737	0.049378	0.0030705	0.00017668
263	0.95823	0.038265	0.0033581	0.00014556
264	0.99612	0.00013266	0.0037501	5.3152e-07
265	0.99491	0.0011054	0.003983	4.515e-06
266	0.995	0.0007645	0.0042364	3.253e-06
267	0.99549	2.6207e-05	0.0044819	1.2281e-07
268	0.99518	7.8891e-05	0.0047397	4.0001e-07
269	0.99434	0.0006362	0.0050168	3.331e-06
270	0.99461	6.9136e-05	0.0053197	4.0446e-07
271	0.99375	0.00060601	0.0056394	3.6261e-06
272	0.99304	0.00096818	0.0059828	6.0857e-06
273	0.99363	1.0141e-05	0.0063592	7.0392e-08
274	0.99316	8.2174e-05	0.0067529	6.0846e-07
275	0.99185	0.00097856	0.0071682	7.5847e-06
276	0.99211	0.00030723	0.0075795	3.2151e-06
277	0.88851	0.10347	0.0068869	0.0011316
278	0.85264	0.13892	0.0068292	0.0016127
279	0.84185	0.1493	0.0070176	0.0018356
280	0.82571	0.165	0.0071502	0.0021387
281	0.75932	0.23092	0.0066353	0.0031194
282	0.73342	0.25633	0.0066239	0.0036253
283	0.70725	0.28202	0.0065514	0.0041785
284	0.69883	0.28993	0.0067258	0.0045107
285	0.68477	0.30346	0.0068295	0.0049413
286	0.66431	0.32336	0.0068403	0.0054934
287	0.64281	0.34426	0.0068418	0.0060929
288	0.63819	0.34824	0.0071071	0.0064632
289	0.6316	0.35421	0.0073135	0.0068784
290	0.64052	0.34468	0.0077327	0.0070675
291	0.67601	0.3086	0.0085089	0.0068862
292	0.62553	0.35849	0.0076838	0.0082929
293	0.60685	0.37656	0.0075378	0.0090532
294	0.60316	0.37961	0.0077058	0.0095304
295	0.56506	0.41758	0.0072435	0.010115
296	0.52123	0.46129	0.0066653	0.01081
297	0.50439	0.47801	0.0065015	0.011101
298	0.4171	0.56516	0.0053068	0.012433
299	0.38025	0.60186	0.0048473	0.013041
300	0.36781	0.61414	0.0047506	0.013296
301	0.31571	0.66607	0.0040963	0.014122
302	0.2961	0.6855	0.0039008	0.014501
303	0.29127	0.69013	0.0039294	0.014667
304	0.29861	0.68259	0.0041844	0.01462
305	0.32915	0.65184	0.0049099	0.014096
306	0.40213	0.57865	0.0066023	0.012617
307	0.63654	0.34403	0.011801	0.0076263
308	0.80136	0.17899	0.015674	0.0039747
309	0.96213	0.018008	0.019437	0.00042347
310	0.95965	0.020262	0.01962	0.00047286
311	0.96138	0.018279	0.019917	0.0004278
312	0.97044	0.0089782	0.02037	0.00021595
313	0.97177	0.0073769	0.020671	0.00017807
314	0.97247	0.0063991	0.020979	0.00015333
315	0.97824	0.00035217	0.021395	8.9255e-06
316	0.91544	0.062867	0.020265	0.0014301
317	0.89398	0.084047	0.020029	0.001948
318	0.88617	0.091551	0.020129	0.0021499
319	0.88644	0.090958	0.020439	0.002163
320	0.89802	0.079064	0.021004	0.001911
321	0.92982	0.046927	0.022109	0.0011426
322	0.93821	0.038213	0.022631	0.00094457
323	0.94379	0.032289	0.023117	0.0008054
324	0.96584	0.0099072	0.024005	0.00025056
325	0.96579	0.0095942	0.02437	0.00024374
326	0.9701	0.0049442	0.024833	0.00012584
327	0.9747	1.204e-05	0.025289	3.089e-07
328	0.97181	0.0025472	0.02558	6.4768e-05
329	0.97139	0.0026182	0.02592	6.7512e-05
330	0.97367	1.0538e-05	0.026315	4.482e-07
331	0.97225	0.0014338	0.02628	3.9025e-05
332	0.95214	0.021522	0.025766	0.00057011
333	0.94466	0.028969	0.025608	0.00076075
334	0.94416	0.029447	0.025621	0.00077163
335	0.95006	0.02353	0.025796	0.0006141
336	0.9718	0.0017783	0.026372	4.6124e-05
337	0.96937	0.0041928	0.026331	0.0001093
338	0.96966	0.0038868	0.026354	0.00010127
339	0.97348	6.0342e-05	0.026459	1.5557e-06
340	0.97319	0.00022679	0.026579	6.2053e-06
341	0.97242	0.00085032	0.026703	2.292e-05
342	0.97314	1.0907e-06	0.026856	3.0456e-08
343	0.97204	0.00095191	0.026977	2.64e-05
344	0.97136	0.0015007	0.027098	4.2577e-05
345	0.97214	0.00056564	0.027279	1.6081e-05
346	0.97107	0.0014912	0.027398	4.2943e-05
347	0.9699	0.0024982	0.027532	7.1478e-05
348	0.97075	0.0014891	0.027714	4.3518e-05
349	0.96822	0.0038768	0.027785	0.0001163
350	0.96805	0.0038829	0.027947	0.00011746
351	0.97024	0.0015146	0.0282	4.6229e-05
352	0.96485	0.0067352	0.028213	0.00020417
353	0.9641	0.0073247	0.028352	0.00022594
354	0.96615	0.0050894	0.028597	0.0001608
355	0.96495	0.0060889	0.028765	0.00019231
356	0.96627	0.0045546	0.029034	0.0001441
357	0.96794	0.0026689	0.0293	8.6447e-05
358	0.96741	0.0029708	0.029521	9.5817e-05
359	0.96873	0.0013997	0.029823	4.4585e-05
360	0.96987	2.7614e-05	0.030103	9.9596e-07
361	0.96927	0.00036818	0.030347	1.3448e-05
362	0.96896	0.00044546	0.030577	1.9083e-05
363	0.96796	0.0011837	0.030801	5.3893e-05
364	0.96736	0.0015358	0.031022	7.841e-05
365	0.96705	0.0019118	0.030956	8.2491e-05
366	0.96673	0.00231	0.030873	9.0322e-05
367	0.96681	0.0023119	0.030792	8.6696e-05
368	0.96883	0.00035625	0.030798	1.2794e-05
369	0.96886	0.00040799	0.03072	1.3565e-05
370	0.96675	0.0026062	0.030562	8.3799e-05
371	0.96672	0.0027016	0.03049	8.547e-05
372	0.96939	0.00011232	0.030491	3.5977e-06
373	0.96939	0.00021226	0.030391	7.3537e-06
374	0.96731	0.0023698	0.030236	8.1096e-05
375	0.96532	0.0044545	0.030073	0.00015494
376	0.96556	0.0042885	0.030002	0.00015197
377	0.96887	0.001056	0.030018	5.3313e-05
378	0.97002	0.00039283	0.029566	1.7565e-05
379	0.97056	0.00036529	0.029059	1.3603e-05
380	0.97045	0.00095386	0.028569	2.9574e-05
381	0.97189	1.0756e-07	0.028105	3.315e-09
382	0.97131	0.0010396	0.027618	2.9305e-05
383	0.97097	0.0018634	0.027118	5.2444e-05
384	0.97218	0.0010965	0.026698	2.9919e-05
385	0.97364	9.0123e-05	0.026268	2.3759e-06
386	0.9742	7.2436e-06	0.025796	1.9564e-07
387	0.97464	3.5895e-06	0.025353	9.8478e-08
388	0.97391	0.0011947	0.024862	3.324e-05
389	0.97309	0.0024413	0.024403	6.6308e-05
390	0.97403	0.0018949	0.024024	5.1439e-05
391	0.95813	0.018158	0.023249	0.00046002
392	0.94183	0.034837	0.022452	0.00087635
393	0.93602	0.041007	0.021959	0.001014
394	0.91024	0.067153	0.020967	0.0016387
395	0.90119	0.076542	0.020429	0.0018346
396	0.90202	0.076067	0.02011	0.0018002
397	0.88846	0.089957	0.019495	0.0020877
398	0.87296	0.1058	0.018826	0.0024168
399	0.86887	0.11021	0.018448	0.0024769
400	0.87643	0.10298	0.018306	0.0022892
401	0.89936	0.080355	0.018515	0.0017738
402	0.95371	0.026292	0.019418	0.00058493
403	0.9508	0.029457	0.0191	0.00063903
404	0.95291	0.027598	0.01891	0.00058589
405	0.96448	0.016276	0.018903	0.00033957
406	0.96745	0.013577	0.018696	0.00027982
407	0.97607	0.0052013	0.018625	0.00010468
408	0.97832	0.0032066	0.018408	6.3796e-05
409	0.97588	0.0059209	0.018086	0.00011536
410	0.9762	0.0058492	0.017841	0.00011199
411	0.97914	0.0031395	0.017664	5.8443e-05
412	0.98245	7.2557e-05	0.01748	1.3707e-06
413	0.98272	2.642e-05	0.017257	5.0098e-07
414	0.98001	0.0029407	0.016999	5.3039e-05
415	0.93723	0.045904	0.016072	0.00079363
416	0.92481	0.058515	0.015665	0.0010052
417	0.92386	0.05968	0.015446	0.0010184
418	0.92063	0.063092	0.015208	0.0010665
419	0.9239	0.060001	0.015096	0.0010031
420	0.93914	0.044949	0.015166	0.00074981
421	0.94129	0.042966	0.015041	0.00070822
422	0.95305	0.03137	0.015059	0.00051575
423	0.98345	0.0011307	0.015397	1.97e-05
424	0.96965	0.015068	0.015048	0.00023738
425	0.96444	0.02039	0.014851	0.00031536
426	0.96391	0.02103	0.01474	0.00031962
427	0.96298	0.022074	0.014615	0.00033098
428	0.96745	0.017727	0.014563	0.00026241
429	0.98435	0.00095838	0.014681	1.4955e-05
430	0.98305	0.002366	0.014544	3.6624e-05
431	0.96475	0.020789	0.014135	0.00032419
432	0.95812	0.027526	0.013926	0.00042359
433	0.9346	0.051166	0.01345	0.00078291
434	0.9018	0.084077	0.012862	0.0012655
435	0.88974	0.09623	0.012603	0.0014305
436	0.69039	0.29566	0.0097622	0.004189
437	0.62106	0.36507	0.008725	0.005138
438	0.59859	0.38764	0.0083434	0.0054262
439	0.25293	0.73338	0.0035369	0.010149
440	0.13165	0.85475	0.0018236	0.011775
441	0.093963	0.89253	0.0012765	0.012232
442	0.079329	0.90725	0.001068	0.012357
443	0.076431	0.91023	0.0010182	0.01232
444	0.081787	0.90496	0.0010757	0.012172
445	0.075962	0.91088	0.0009804	0.012174
446	0.077237	0.90969	0.00098484	0.012084
447	0.085953	0.90106	0.0010875	0.011901
448	0.068606	0.91849	0.00084532	0.01206
449	0.062814	0.92436	0.00076322	0.012065
450	0.06552	0.92173	0.00078627	0.011962
451	0.054762	0.93256	0.00064277	0.012031
452	0.053069	0.93433	0.00061237	0.011985
453	0.056701	0.93077	0.00064874	0.011877
454	0.057375	0.93016	0.00065175	0.011809
455	0.064252	0.92335	0.00073135	0.011669
456	0.068224	0.91943	0.00077859	0.011568
457	0.081002	0.9067	0.00093769	0.01136
458	0.08906	0.89868	0.0010414	0.011214
459	0.11918	0.86861	0.0014156	0.010793
460	0.14843	0.83941	0.0017667	0.010393
461	0.21706	0.77083	0.0026168	0.0094989
462	0.38604	0.60188	0.0047714	0.0073072
463	0.43009	0.55788	0.0053074	0.0067303
464	0.55825	0.42976	0.0068535	0.0051394
465	0.96784	0.020219	0.011697	0.00024616
466	0.96935	0.018743	0.011676	0.00022702
467	0.9777	0.010442	0.011731	0.00012746
468	0.98428	0.003895	0.011776	4.7082e-05
469	0.98383	0.0043875	0.011728	5.3022e-05
470	0.98569	0.0025645	0.011719	3.0476e-05
471	0.98793	0.00035841	0.011707	4.1978e-06
472	0.98797	0.00036239	0.011663	4.3242e-06
473	0.9874	0.00096628	0.011623	1.1225e-05
474	0.98827	0.00013308	0.011594	1.5268e-06
475	0.98829	0.0001618	0.01155	1.9111e-06
476	0.98807	0.00041467	0.011512	4.793e-06
477	0.98813	0.00040008	0.011466	4.7722e-06
478	0.98851	4.9529e-05	0.011436	6.4164e-07
479	0.98799	0.00058596	0.011415	7.0783e-06
480	0.98855	3.066e-05	0.011417	4.6932e-07
481	0.98519	0.0033985	0.011354	5.2637e-05
482	0.98445	0.0041455	0.011338	6.6418e-05
483	0.98576	0.0028243	0.011359	5.2559e-05
484	0.94789	0.040716	0.010619	0.00077716
485	0.77863	0.21022	0.0084702	0.0026842
486	0.71029	0.27878	0.0075589	0.0033701
487	0.39621	0.59307	0.0041671	0.0065501
488	0.29806	0.69144	0.0030657	0.0074337
489	0.25622	0.73349	0.002593	0.0076989
490	0.09639	0.89353	0.0009615	0.0091184
491	0.046325	0.94381	0.00044583	0.0094177
492	0.026021	0.96432	0.00024566	0.009411
493	0.020138	0.97042	0.00018474	0.0092612
494	0.018477	0.97228	0.00016632	0.0090772
495	0.020075	0.97087	0.00017911	0.0088707
496	0.01472	0.97643	0.00012931	0.0087235
497	0.014248	0.9771	0.00012234	0.0085298
498	0.017948	0.9736	0.00014967	0.0082981
499	0.014586	0.97716	0.0001187	0.0081327
500	0.015338	0.97661	0.00012118	0.0079301
501	0.019292	0.97285	0.00014941	0.0077095
502	0.031957	0.96038	0.00024059	0.0074227
503	0.068525	0.92401	0.00049571	0.0069686
504	0.15836	0.83437	0.0011269	0.0061472
505	0.18059	0.81233	0.0012467	0.0058332
506	0.23393	0.75918	0.0015769	0.0053172
507	0.38709	0.60621	0.0025266	0.0041776
508	0.50347	0.49001	0.0032135	0.003311
509	0.78984	0.20381	0.0049932	0.0013618
510	0.99141	0.0023976	0.0061798	1.6105e-05
511	0.99084	0.0031064	0.0060289	1.988e-05
512	0.99256	0.001541	0.0058854	9.8759e-06
513	0.99255	0.0016931	0.0057418	1.0529e-05
514	0.99044	0.0039435	0.0055962	2.3156e-05
515	0.99068	0.0038277	0.0054751	2.1667e-05
516	0.99426	0.00037282	0.0053655	2.16e-06
517	0.99165	0.0031054	0.0052308	1.6969e-05
518	0.99134	0.0035252	0.0051179	1.8712e-05
519	0.99384	0.0011381	0.005013	6.304e-06
520	0.98047	0.01462	0.0048339	7.7418e-05
521	0.97671	0.018493	0.0047013	9.6693e-05
522	0.97306	0.022263	0.0045633	0.00011533
523	0.90581	0.089622	0.0041124	0.00045529
524	0.88315	0.1124	0.0038903	0.0005613
525	0.87534	0.12032	0.0037548	0.00058859
526	0.86319	0.13257	0.0036092	0.00063329
527	0.86156	0.13429	0.0035203	0.00062821
528	0.86998	0.12596	0.0034827	0.00057913
529	0.86599	0.13004	0.0033855	0.00058477
530	0.86176	0.13437	0.0032822	0.00059153
531	0.86719	0.12903	0.0032262	0.00055833
532	0.85738	0.13892	0.0031161	0.00058539
533	0.85747	0.13891	0.0030519	0.00057254
534	0.87073	0.12573	0.0030322	0.00051103
535	0.8492	0.14733	0.0028903	0.00057824
536	0.8449	0.15171	0.002808	0.00058187
537	0.85	0.14668	0.0027652	0.00055159
538	0.85476	0.142	0.0027152	0.00052407
539	0.87227	0.12456	0.0027134	0.00045392
540	0.91546	0.081444	0.0028022	0.00029832
541	0.94618	0.050778	0.002851	0.00018801
542	0.93137	0.065651	0.0027513	0.00023112
543	0.92738	0.069693	0.0026927	0.00023856
544	0.68157	0.31554	0.0019438	0.00094142
545	0.60509	0.39207	0.0016887	0.001147
546	0.57999	0.41723	0.0015834	0.0011999
547	0.27561	0.72166	0.00071965	0.0020161
548	0.15166	0.84565	0.000382	0.0023094
549	0.10138	0.89597	0.00024958	0.0024002
550	0.034583	0.96281	8.4911e-05	0.0025258
551	0.013663	0.98377	3.2751e-05	0.0025369
552	0.0072144	0.99026	1.6378e-05	0.0025103
553	0.0047465	0.99277	1.03e-05	0.0024757
554	0.0041328	0.99342	8.7625e-06	0.0024388
555	0.005435	0.99216	1.1339e-05	0.0023958
556	0.0055398	0.99209	1.1254e-05	0.0023575
557	0.0074102	0.99026	1.5038e-05	0.0023175
558	0.012658	0.98504	2.6109e-05	0.0022722
559	0.016006	0.98173	3.3061e-05	0.0022332
560	0.025247	0.97252	5.3081e-05	0.0021831
561	0.048344	0.94945	0.00010431	0.0021037
562	0.10173	0.89608	0.00022476	0.0019569
563	0.27218	0.72566	0.00059646	0.0015568
564	0.75767	0.24021	0.0016194	0.00050331
565	0.75069	0.24723	0.0015788	0.00051063
566	0.75492	0.24302	0.0015651	0.00049407
567	0.78186	0.21612	0.0015934	0.00043244
568	0.76206	0.23595	0.0015316	0.00046441
569	0.75983	0.23821	0.0015022	0.0004612
570	0.76995	0.22812	0.0015005	0.00043357
571	0.38373	0.61437	0.00075207	0.0011499
572	0.26282	0.73531	0.0005112	0.0013563
573	0.22574	0.77243	0.00043116	0.0013996
574	0.093618	0.90459	0.00017254	0.0016193
575	0.036301	0.96194	6.5823e-05	0.0016888
576	0.016224	0.98206	2.8302e-05	0.0016874
577	0.0080884	0.99023	1.3822e-05	0.0016647
578	0.0054515	0.99291	8.9826e-06	0.0016307
579	0.0046855	0.99371	7.5375e-06	0.0015949
580	0.0033576	0.99508	5.1732e-06	0.0015581
581	0.0032874	0.99519	4.9305e-06	0.001521
582	0.0044143	0.9941	6.5564e-06	0.0014836
583	0.0049842	0.99356	7.2027e-06	0.0014454
584	0.0045612	0.99403	6.2823e-06	0.001406
585	0.0054261	0.9932	7.223e-06	0.0013661
586	0.0025125	0.99615	3.2331e-06	0.0013328
587	0.0017893	0.99691	2.1718e-06	0.0012948
588	0.0017464	0.99699	2.033e-06	0.0012572
589	0.0023521	0.99643	2.6815e-06	0.0012201
590	0.0040545	0.99476	4.5925e-06	0.0011829
591	0.0098772	0.98897	1.0828e-05	0.0011398
592	0.0049536	0.99393	5.1461e-06	0.0011099
593	0.0028845	0.99603	2.8681e-06	0.0010778
594	0.0021393	0.99681	2.0749e-06	0.0010453
595	0.0021668	0.99682	2.0971e-06	0.001013
596	0.0033769	0.99564	3.215e-06	0.00097804
597	0.0077437	0.99131	7.0853e-06	0.00093867
598	0.010218	0.98887	9.0702e-06	0.00090222
599	0.016592	0.98253	1.4469e-05	0.00086335
600	0.032588	0.96657	2.8214e-05	0.00081727
601	0.078398	0.92079	6.5533e-05	0.00074604
602	0.20896	0.79026	0.00016541	0.00061061
603	0.62521	0.37405	0.00046205	0.00027653
604	0.63189	0.36741	0.00044099	0.00025773
605	0.66636	0.33299	0.0004348	0.0002216
606	0.74853	0.25085	0.00045661	0.00015942
607	0.77079	0.22863	0.00044072	0.00013702
608	0.79292	0.20654	0.00042051	0.00011641
609	0.85067	0.14883	0.00041866	7.963e-05
610	0.86424	0.1353	0.00039443	6.7557e-05
611	0.8991	0.10047	0.0003806	4.68e-05
612	0.98632	0.013285	0.0003889	5.7975e-06
613	0.99277	0.0068642	0.00036114	2.7139e-06
614	0.9995	0.00016912	0.00033049	5.9303e-08
615	0.99964	6.3094e-05	0.0002988	1.2882e-08
616	0.99934	0.00034339	0.00031448	1.1165e-07
617	0.99838	0.0012884	0.00033077	4.4861e-07
618	0.99879	0.00086301	0.00034843	3.2243e-07
619	0.96497	0.034664	0.00035417	1.3092e-05
620	0.9519	0.047716	0.00036818	1.8808e-05
621	0.95014	0.049453	0.00038415	2.0418e-05
622	0.34761	0.65196	0.00014907	0.00027442
623	0.13608	0.86348	6.0823e-05	0.00037997
624	0.06186	0.93768	2.8017e-05	0.00042862
625	0.029704	0.96982	1.3752e-05	0.000459
626	0.0167	0.98281	8.048e-06	0.00048122
627	0.012511	0.98698	6.1897e-06	0.00049819
628	0.012114	0.98737	6.1016e-06	0.000512
629	0.014144	0.98532	7.3284e-06	0.00052476
630	0.020102	0.97935	1.0837e-05	0.00053553
631	0.040134	0.95931	2.2143e-05	0.00053705
632	0.089423	0.91	5.1361e-05	0.0005211
633	0.22994	0.76947	0.00013417	0.00045011
634	0.6302	0.36921	0.00036875	0.00022578
635	0.72022	0.27918	0.00043028	0.0001754
636	0.94234	0.057039	0.0005805	3.7544e-05
637	0.94474	0.054627	0.00059749	3.6489e-05
638	0.95808	0.041275	0.00061984	2.7931e-05
639	0.99837	0.00097068	0.00065873	6.8985e-07
640	0.99913	0.00019374	0.00067263	1.4104e-07
641	0.99765	0.0016654	0.0006827	1.2043e-06
642	0.99613	0.0031687	0.00069439	2.3024e-06
643	0.99711	0.0021851	0.00070543	1.6708e-06
644	0.99621	0.00307	0.00071657	2.3954e-06
645	0.99727	0.0020018	0.00073094	1.6339e-06
646	0.95527	0.043986	0.00071304	3.4694e-05
647	0.93773	0.061505	0.00071528	4.9193e-05
648	0.93448	0.064742	0.00072588	5.2916e-05
649	0.86098	0.13823	0.00067422	0.00011649
650	0.82997	0.16923	0.00065933	0.00014476
651	0.82319	0.17599	0.00066196	0.0001532
652	0.78069	0.21849	0.00063498	0.00019268
653	0.76807	0.23109	0.0006311	0.00020696
654	0.76758	0.23158	0.00063918	0.00021067
655	0.74195	0.25718	0.0006268	0.00023651
656	0.73694	0.26219	0.00063019	0.00024448
657	0.74332	0.25579	0.0006453	0.00024214
658	0.74611	0.25299	0.00065908	0.00024285
659	0.76729	0.23179	0.00068812	0.00022616
660	0.81968	0.17939	0.00074997	0.00017819
661	0.83282	0.16624	0.00077197	0.00016768
662	0.86962	0.12943	0.00082011	0.00013291
663	0.9562	0.042829	0.00092368	4.4431e-05
664	0.95368	0.045335	0.0009382	4.7173e-05
665	0.95837	0.040631	0.00095761	4.2616e-05
666	0.97591	0.02308	0.00098821	2.4486e-05
667	0.97889	0.020081	0.0010057	2.1372e-05
668	0.98126	0.017702	0.0010199	1.8957e-05
669	0.99144	0.0075128	0.00104	8.2345e-06
670	0.99887	6.5917e-05	0.0010595	7.1941e-08
671	0.9983	0.00063485	0.0010665	6.9524e-07
672	0.99885	7.7051e-05	0.0010771	8.0601e-08
673	0.99607	0.0028412	0.0010816	2.9799e-06
674	0.99595	0.0029615	0.0010865	3.122e-06
675	0.99864	0.00026465	0.0010918	2.8763e-07
676	0.99797	0.00093554	0.0010957	1.0244e-06
677	0.9977	0.0012018	0.0010973	1.3446e-06
678	0.99889	4.9474e-06	0.0011029	8.0394e-09
679	0.99885	8.7831e-05	0.0010663	9.029e-08
680	0.99783	0.0011422	0.001025	1.1431e-06
681	0.99816	0.00085129	0.00098785	7.7332e-07
682	0.9977	0.001266	0.0010322	1.7509e-06
683	0.99731	0.0016644	0.0010197	2.0048e-06
684	0.99898	1.3469e-05	0.0010068	1.6858e-08
685	0.99648	0.0025298	0.00099126	2.6544e-06
686	0.99621	0.0028023	0.00098028	2.9046e-06
687	0.99796	0.0010656	0.00097348	1.0959e-06
688	0.99816	0.00087347	0.00096719	8.5873e-07
689	0.99749	0.0015512	0.00095766	1.4814e-06
690	0.99871	0.00034212	0.00094732	3.3006e-07
691	0.99903	3.3e-05	0.00093795	3.0937e-08
692	0.99864	0.00043592	0.0009246	4.1314e-07
693	0.99707	0.0020117	0.00091228	1.8414e-06
694	0.99064	0.0084537	0.00089779	7.4518e-06
695	0.98972	0.0093857	0.00088565	8.178e-06
696	0.99171	0.0074047	0.00087788	6.2625e-06
697	0.9849	0.014227	0.00086026	1.1878e-05
698	0.98389	0.015252	0.00084527	1.2534e-05
699	0.98315	0.016006	0.00082795	1.297e-05
700	0.98177	0.017406	0.00081223	1.3816e-05
701	0.98514	0.01405	0.00079797	1.0874e-05
702	0.99877	0.00043614	0.00078877	3.3315e-07
703	0.99803	0.0011964	0.00077021	9.002e-07
704	0.99885	0.00040226	0.0007505	2.9556e-07
705	0.99913	0.00013862	0.00072781	1.0838e-07
706	0.99674	0.002553	0.00070485	1.9534e-06
707	0.99645	0.00286	0.00068521	2.146e-06
708	0.99804	0.0012864	0.00066851	9.9916e-07
709	0.99655	0.0027961	0.00065411	2.0064e-06
710	0.9969	0.0024529	0.00064242	1.7159e-06
711	0.99936	2.5665e-06	0.0006335	1.871e-09
712	0.98656	0.01282	0.00061587	8.346e-06
713	0.9723	0.027084	0.00059526	1.7552e-05
714	0.9676	0.031794	0.00058262	2.0252e-05
715	0.89771	0.1017	0.00052702	6.3823e-05
716	0.87004	0.12938	0.00050081	7.9361e-05
717	0.86272	0.13672	0.00048517	8.2311e-05
718	0.85529	0.14416	0.0004675	8.5114e-05
719	0.85735	0.14211	0.00045659	8.2282e-05
720	0.87147	0.12801	0.00045347	7.2914e-05
721	0.78786	0.21162	0.0003996	0.00011535
722	0.75976	0.23974	0.00037425	0.00012733
723	0.75499	0.24453	0.00035963	0.00012655
724	0.72417	0.27535	0.00033392	0.00013827
725	0.71453	0.28501	0.00032021	0.00013899
726	0.71775	0.2818	0.0003136	0.00013357
727	0.74332	0.25624	0.00031509	0.0001181
728	0.80547	0.19411	0.000333	8.7002e-05
729	0.95015	0.049443	0.00038681	2.0808e-05
730	0.9491	0.050505	0.00037228	2.0353e-05
731	0.95608	0.043542	0.0003589	1.6789e-05
732	0.97487	0.024771	0.00035073	8.9577e-06
733	0.97903	0.020624	0.00033469	7.0236e-06
734	0.97755	0.022129	0.00031467	7.0811e-06
735	0.98056	0.019133	0.00029725	5.6797e-06
736	0.97756	0.022155	0.00027911	6.0502e-06
737	0.82848	0.17125	0.000223	4.2315e-05
738	0.76834	0.23142	0.00019427	5.2082e-05
739	0.55142	0.44835	0.00013417	9.1323e-05
740	0.48409	0.51571	0.00010928	9.3576e-05
741	0.46525	0.53457	9.4351e-05	8.4125e-05
742	0.43699	0.56286	7.9612e-05	7.4947e-05
743	0.43148	0.56839	6.8048e-05	6.0988e-05
744	0.44426	0.55564	5.7833e-05	4.398e-05
745	0.43752	0.56237	5.898e-05	4.9659e-05
746	0.44434	0.55554	6.1803e-05	5.3484e-05
747	0.47059	0.52929	6.7037e-05	5.4742e-05
748	0.47256	0.52732	6.8957e-05	5.7883e-05
749	0.49734	0.50253	7.2839e-05	5.7632e-05
750	0.56231	0.43756	8.1967e-05	5.2005e-05
751	0.77174	0.22812	0.00010782	2.8194e-05
752	0.81814	0.18172	0.00011542	2.2891e-05
753	0.96854	0.031325	0.00013496	4.0926e-06
754	0.96931	0.030548	0.00013587	4.0492e-06
755	0.97756	0.022304	0.00013625	2.9884e-06
756	0.99824	0.001621	0.00013834	2.2636e-07
757	0.99817	0.0016911	0.00013776	2.3824e-07
758	0.99974	0.00012611	0.00013743	1.8063e-08
759	0.99985	9.2453e-06	0.00013689	1.2623e-09
760	0.9998	6.2951e-05	0.00013471	8.6738e-09
761	0.99978	8.9156e-05	0.00013253	1.1707e-08
762	0.99921	0.00066087	0.00012867	8.6037e-08
763	0.99752	0.0023568	0.00012303	3.0173e-07
764	0.99765	0.002237	0.00011764	2.7476e-07
765	0.99982	6.7364e-05	0.00011258	7.2305e-09
766	0.99909	0.0008031	0.00010278	8.1578e-08
767	0.99865	0.001256	9.145e-05	1.1551e-07
768	0.99956	0.00035544	8.0301e-05	2.7224e-08
769	0.99975	0.00017938	6.9099e-05	8.0487e-09
770	0.99895	0.00097101	7.9205e-05	7.5396e-08
771	0.99824	0.0016725	8.937e-05	1.4801e-07
772	0.9979	0.0020007	9.7948e-05	1.9788e-07
773	0.9992	0.0006939	0.00010669	7.4128e-08
774	0.99949	0.00039949	0.00011379	4.6729e-08
775	0.99781	0.0020707	0.00011911	2.6227e-07
776	0.99582	0.0040544	0.00012436	5.3359e-07
777	0.99614	0.0037272	0.00013002	5.1089e-07
778	0.99445	0.0054132	0.00013377	7.6813e-07
779	0.9951	0.004758	0.00013787	6.9775e-07
780	0.99858	0.0012769	0.00014245	1.9623e-07
781	0.99568	0.0041768	0.00014624	6.2784e-07
782	0.99306	0.0067867	0.00014863	1.0394e-06
783	0.99319	0.0066599	0.0001515	1.0317e-06
784	0.99336	0.0064846	0.00015281	1.0158e-06
785	0.99636	0.0034832	0.00015464	5.4243e-07
786	0.99973	0.00011259	0.00015487	1.8018e-08
787	0.99885	0.00099146	0.00015451	1.5465e-07
788	0.99838	0.0014642	0.00015255	2.3046e-07
789	0.99942	0.00042569	0.000151	6.8479e-08
790	0.99651	0.0033366	0.00014901	5.1295e-07
791	0.9964	0.0034491	0.00014588	5.2903e-07
792	0.99839	0.0014639	0.00014312	2.3148e-07
793	0.99707	0.0027887	0.00014008	4.2632e-07
794	0.99756	0.0022985	0.00013734	3.4867e-07
795	0.99607	0.0037955	0.00013435	5.5172e-07
796	0.97107	0.028796	0.00012822	3.9043e-06
797	0.96098	0.03889	0.00012422	5.106e-06
798	0.95872	0.041154	0.00012138	5.2259e-06
799	0.96425	0.035624	0.00011794	4.3387e-06
800	0.96779	0.032088	0.00011422	3.7045e-06
801	0.97991	0.019974	0.00011156	2.0464e-06
802	0.98932	0.010576	0.00010854	7.8417e-07
803	0.98732	0.012546	0.00013546	1.3675e-06
804	0.98979	0.01005	0.00016087	1.3796e-06
805	0.98064	0.019169	0.00018525	3.3395e-06
806	0.9788	0.02099	0.00020875	4.2207e-06
807	0.98102	0.018746	0.00023408	4.2214e-06
808	0.98212	0.017617	0.00026035	4.3647e-06
809	0.97785	0.021865	0.00028314	5.9375e-06
810	0.97946	0.020227	0.00030536	5.9186e-06
811	0.98942	0.010245	0.00032817	3.1758e-06
812	0.99906	0.00059026	0.00034907	2.0364e-07
813	0.99885	0.00078356	0.00036791	2.9499e-07
814	0.99393	0.0056835	0.00038281	2.3191e-06
815	0.99311	0.0064881	0.00039725	2.8053e-06
816	0.99497	0.004614	0.00041402	2.1489e-06
817	0.98984	0.0097238	0.00042891	4.639e-06
818	0.98866	0.01089	0.00044666	5.3991e-06
819	0.99055	0.0089739	0.00046711	4.6627e-06
820	0.98834	0.011168	0.00048753	5.9232e-06
821	0.98996	0.0095235	0.00050773	5.2685e-06
822	0.99631	0.0031541	0.00053226	1.848e-06
823	0.99585	0.0035996	0.00055068	2.1859e-06
824	0.99511	0.0043194	0.00057033	2.6961e-06
825	0.99663	0.0027745	0.00059309	1.8116e-06
826	0.99252	0.0068619	0.00061416	4.4302e-06
827	0.99223	0.0071269	0.00063522	4.7773e-06
828	0.9949	0.0044394	0.00066019	3.0923e-06
829	0.99484	0.0044723	0.00068104	3.2332e-06
830	0.99492	0.0043752	0.00069966	3.3136e-06
831	0.99759	0.0016895	0.00072213	1.4392e-06
832	0.97919	0.020065	0.00072896	1.6961e-05
833	0.97245	0.026784	0.00074708	2.3251e-05
834	0.97157	0.027634	0.0007721	2.4803e-05
835	0.96973	0.029447	0.00079856	2.7191e-05
836	0.95887	0.040275	0.00081391	3.8014e-05
837	0.95623	0.042888	0.00083877	4.1648e-05
838	0.90166	0.097437	0.00081042	9.6028e-05
839	0.87887	0.12019	0.00081326	0.00012124
840	0.87353	0.12551	0.00082982	0.00013032
841	0.84323	0.15579	0.00081699	0.00016639
842	0.80008	0.19891	0.00079133	0.00021725
843	0.73953	0.25943	0.00074738	0.00028837
844	0.71469	0.28425	0.00074188	0.00032302
845	0.70812	0.29079	0.0007576	0.00033876
846	0.71417	0.2847	0.00078991	0.00034035
847	0.74616	0.25268	0.00085135	0.00031018
848	0.8521	0.14671	0.0010014	0.00018874
849	0.92707	0.071714	0.0011237	9.7536e-05
850	0.93	0.068749	0.0011592	9.5886e-05
851	0.94532	0.053396	0.0012089	7.7486e-05
852	0.985	0.01368	0.0012976	2.305e-05
853	0.9825	0.01614	0.0013343	2.7402e-05
854	0.9839	0.014696	0.0013806	2.5831e-05
855	0.99044	0.0081057	0.0014395	1.5554e-05
856	0.98175	0.01675	0.0014688	3.133e-05
857	0.94228	0.056172	0.001446	0.00010273
858	0.76379	0.23461	0.0011733	0.0004276
859	0.51865	0.47969	0.00076955	0.00088727
860	0.44235	0.55594	0.00064685	0.0010632
861	0.41263	0.58561	0.00060977	0.0011565
862	0.40806	0.59012	0.00061528	0.0012047
863	0.41701	0.58111	0.00064646	0.0012303
864	0.44719	0.55088	0.00071743	0.0012194
865	0.54813	0.44988	0.00090859	0.0010855
866	0.78186	0.21608	0.001353	0.00070166
867	0.79799	0.19989	0.0014225	0.00069656
868	0.70739	0.29052	0.0012267	0.00086646
869	0.57879	0.41914	0.00096716	0.0011027
870	0.52382	0.47413	0.00085623	0.0011928
871	0.44659	0.55138	0.00071022	0.0013202
872	0.42115	0.57684	0.00065673	0.0013529
873	0.41869	0.57932	0.00064417	0.0013424
874	0.41568	0.58236	0.00062838	0.0013327
875	0.42536	0.5727	0.00063757	0.0013001
876	0.45703	0.54106	0.00068877	0.0012279
877	0.43714	0.56096	0.00064634	0.0012517
878	0.43611	0.56201	0.0006361	0.0012412
879	0.44837	0.54977	0.00065103	0.0012074
880	0.43633	0.56183	0.00062411	0.0012176
881	0.43752	0.56065	0.00062194	0.0012049
882	0.43628	0.56191	0.00061348	0.0011963
883	0.43308	0.56513	0.00059968	0.001191
884	0.42441	0.57382	0.00057811	0.0011954
885	0.42835	0.56989	0.00057925	0.001179
886	0.40459	0.59366	0.00053634	0.0012087
887	0.39803	0.60024	0.00052295	0.0012106
888	0.40479	0.59349	0.00053267	0.0011914
889	0.40568	0.59261	0.00053384	0.0011825
890	0.40149	0.5968	0.00052804	0.0011823
891	0.39217	0.60612	0.00051551	0.0011905
892	0.37777	0.62053	0.00049677	0.0012069
893	0.37696	0.62134	0.00049997	0.0012029
894	0.38913	0.60917	0.00052648	0.0011774
895	0.39886	0.59944	0.00054679	0.001156
896	0.34174	0.65656	0.00046766	0.0012357
897	0.32008	0.67822	0.00044089	0.001265
898	0.23885	0.75945	0.00032606	0.0013803
899	0.20656	0.79173	0.00028283	0.0014258
900	0.19771	0.80058	0.00027178	0.0014372
901	0.20168	0.79661	0.00027952	0.001428
902	0.20137	0.79692	0.0002812	0.0014264
903	0.21273	0.78556	0.00030311	0.0014061
904	0.21914	0.77915	0.00031782	0.0013948
905	0.24623	0.75205	0.00036726	0.0013469
906	0.33617	0.66211	0.00052295	0.0011907
907	0.40077	0.59752	0.0006389	0.0010761
908	0.55102	0.44727	0.000915	0.00080319
909	0.97972	0.018565	0.0016819	3.7153e-05
910	0.96171	0.036566	0.001652	7.1061e-05
911	0.95671	0.041564	0.0016432	8.1063e-05
912	0.95745	0.040821	0.0016479	8.0251e-05
913	0.95703	0.041237	0.0016536	8.1402e-05
914	0.96242	0.035834	0.001673	7.1549e-05
915	0.97763	0.020613	0.0017145	4.2397e-05
916	0.93762	0.060588	0.0016719	0.00011535
917	0.9222	0.07598	0.0016764	0.00014477
918	0.91938	0.07877	0.0017	0.00015212
919	0.92581	0.072305	0.0017381	0.00014211
920	0.92994	0.068151	0.0017759	0.00013588
921	0.95007	0.04799	0.0018421	9.8064e-05
922	0.95253	0.045496	0.0018774	9.4297e-05
923	0.96267	0.035326	0.0019329	7.3904e-05
924	0.99781	0.00014775	0.002038	3.3907e-07
925	0.99317	0.0047589	0.0020635	1.0449e-05
926	0.98827	0.0096281	0.0020846	2.1756e-05
927	0.98817	0.0096957	0.0021126	2.2679e-05
928	0.93059	0.067243	0.0020106	0.0001585
929	0.85044	0.14735	0.0018582	0.00034827
930	0.82645	0.17131	0.0018281	0.0004124
931	0.74329	0.25444	0.001643	0.00062828
932	0.70828	0.28941	0.0015797	0.00072564
933	0.69553	0.30213	0.0015733	0.00076926
934	0.68009	0.31754	0.0015558	0.00082117
935	0.6784	0.31918	0.0015753	0.00083925
936	0.69035	0.30719	0.0016328	0.00082315
937	0.68057	0.31693	0.0016398	0.0008614
938	0.68309	0.31436	0.0016816	0.00086852
939	0.70117	0.29623	0.0017711	0.00083217
940	0.76559	0.23176	0.001989	0.00066403
941	0.91561	0.081679	0.0024747	0.00023208
942	0.95885	0.038393	0.0026481	0.00010864
943	0.95851	0.038725	0.0026572	0.0001106
944	0.96385	0.033371	0.0026865	9.6206e-05
945	0.97983	0.017366	0.0027516	5.0216e-05
946	0.97809	0.019083	0.0027704	5.4914e-05
947	0.98184	0.015318	0.002801	4.4103e-05
948	0.99672	0.00042367	0.0028598	1.3739e-06
949	0.99613	0.00099882	0.0028686	3.459e-06
950	0.99561	0.001501	0.0028814	5.4263e-06
951	0.99652	0.00057159	0.0029027	2.849e-06
952	0.99666	0.00050658	0.0028265	2.0327e-06
953	0.99627	0.00098238	0.0027441	3.2346e-06
954	0.99718	0.00015197	0.002672	5.4347e-07
955	0.98131	0.016087	0.0025555	4.834e-05
