#coord	neutral	conserved	gBGC.neutral	gBGC.conserved
1	0.95207	0.032408	0.015008	0.0005112
2	0.97333	0.011143	0.015351	0.00017588
3	0.9779	0.0065675	0.015431	0.00010368
4	0.98211	0.0023508	0.015505	3.7112e-05
5	0.9831	0.0013532	0.015529	2.1367e-05
6	0.98444	3.0964e-06	0.015558	4.895e-08
7	0.98443	5.6206e-06	0.015565	8.8944e-08
8	0.98436	6.4756e-05	0.015572	1.0252e-06
9	0.98435	6.5527e-05	0.01558	1.038e-06
10	0.98438	3.5238e-05	0.015589	5.5866e-07
11	0.98421	0.00019144	0.015594	3.0355e-06
12	0.98437	2.7914e-05	0.015605	4.4295e-07
13	0.98436	2.2126e-05	0.015613	3.5124e-07
14	0.98427	0.00010582	0.01562	1.6801e-06
15	0.98412	0.00025264	0.015625	4.0107e-06
16	0.98426	0.0001032	0.015636	1.6403e-06
17	0.98432	3.551e-05	0.015645	5.6499e-07
18	0.98417	0.00017288	0.015651	2.7511e-06
19	0.98433	1.0277e-05	0.015662	1.6356e-07
20	0.98376	0.00057035	0.015661	9.0864e-06
21	0.98426	6.1975e-05	0.015678	9.8841e-07
22	0.98424	7.7621e-05	0.015686	1.2384e-06
23	0.9842	9.9663e-05	0.015694	1.591e-06
24	0.98412	0.00017354	0.015701	2.7714e-06
25	0.98376	0.00052512	0.015704	8.3854e-06
26	0.98357	0.00071294	0.01571	1.1383e-05
27	0.98376	0.00050663	0.015721	8.0925e-06
28	0.98349	0.00077607	0.015726	1.2408e-05
29	0.9834	0.00085578	0.015733	1.3684e-05
30	0.98361	0.00063198	0.015745	1.011e-05
31	0.98421	2.2707e-05	0.015763	3.6374e-07
32	0.98354	0.00069266	0.015761	1.1101e-05
33	0.98327	0.00094456	0.015766	1.5146e-05
34	0.98343	0.00077866	0.015777	1.2493e-05
35	0.98401	0.0001948	0.015795	3.1289e-06
36	0.98418	1.0003e-05	0.015807	1.6063e-07
37	0.98418	6.5035e-08	0.015815	1.0458e-09
38	0.98333	0.00085067	0.01581	1.3679e-05
39	0.98257	0.0015968	0.015807	2.568e-05
40	0.98353	0.00062758	0.015831	1.0095e-05
41	0.98348	0.00066954	0.015839	1.0779e-05
42	0.98364	0.00050366	0.015851	8.1195e-06
43	0.98401	0.00012689	0.015866	2.0496e-06
44	0.98204	0.0020854	0.015843	3.3686e-05
45	0.97983	0.0042889	0.015816	6.9295e-05
46	0.98001	0.0040965	0.015828	6.6213e-05
47	0.98056	0.0035409	0.015846	5.7272e-05
48	0.98381	0.0002795	0.015907	4.5258e-06
49	0.98404	3.8751e-05	0.01592	6.2714e-07
50	0.98407	6.4333e-07	0.01593	1.0412e-08
51	0.9839	0.00016059	0.015936	2.6029e-06
52	0.98405	3.9658e-06	0.015948	6.4334e-08
53	0.98308	0.00096013	0.015941	1.5564e-05
54	0.98368	0.00035895	0.01596	5.826e-06
55	0.9838	0.00022833	0.015971	3.7084e-06
56	0.98363	0.00038492	0.015978	6.2501e-06
57	0.98388	0.00012925	0.015991	2.099e-06
58	0.98352	0.00048207	0.015995	7.8372e-06
59	0.98357	0.0004206	0.016005	6.8465e-06
60	0.98384	0.00014072	0.016018	2.2927e-06
61	0.98181	0.0021581	0.015995	3.5159e-05
62	0.974	0.0099649	0.015876	0.0001625
63	0.96617	0.017786	0.015758	0.0002903
64	0.96421	0.019732	0.015735	0.00032224
65	0.96645	0.017479	0.015781	0.00028559
66	0.97628	0.0076429	0.015951	0.00012499
67	0.97878	0.0051309	0.016001	8.3948e-05
68	0.98157	0.0023325	0.016056	3.8202e-05
69	0.98381	8.1603e-05	0.016102	1.3479e-06
70	0.9831	0.00078517	0.0161	1.2988e-05
71	0.98353	0.00034547	0.016117	5.8324e-06
72	0.98363	0.00024152	0.016128	4.2973e-06
73	0.97926	0.0045982	0.016059	8.2129e-05
74	0.97881	0.0050386	0.016059	9.1433e-05
75	0.98162	0.0022237	0.016114	4.5965e-05
76	0.97985	0.0039779	0.016086	8.4134e-05
77	0.98059	0.0032279	0.016104	7.5181e-05
78	0.98113	0.0026817	0.016118	7.0951e-05
79	0.97468	0.0091494	0.015995	0.00017622
80	0.97345	0.010394	0.015959	0.00019407
81	0.97521	0.0086534	0.015975	0.00015984
82	0.96812	0.015761	0.015841	0.00027563
83	0.96646	0.017438	0.015797	0.00030153
84	0.96879	0.01513	0.01582	0.00026045
85	0.83571	0.14822	0.013632	0.0024302
86	0.78969	0.19427	0.012867	0.0031777
87	0.77258	0.21139	0.012575	0.0034524
88	0.7529	0.23109	0.01224	0.0037687
89	0.75059	0.23342	0.012189	0.003802
90	0.7649	0.21913	0.012408	0.0035652
91	0.80491	0.17913	0.013044	0.0029113
92	0.77138	0.21268	0.012486	0.0034515
93	0.72727	0.25681	0.011759	0.0041611
94	0.57553	0.40857	0.0092935	0.0066088
95	0.3641	0.62002	0.0058722	0.010012
96	0.29833	0.6858	0.0048053	0.011062
97	0.2115	0.77265	0.0034024	0.012447
98	0.17676	0.80741	0.0028405	0.012991
99	0.16819	0.816	0.0026996	0.013114
100	0.1549	0.82931	0.0024836	0.013313
101	0.15581	0.82841	0.0024956	0.013283
102	0.1723	0.81193	0.0027568	0.013004
103	0.087081	0.89718	0.0013916	0.014352
104	0.057402	0.92687	0.00091602	0.01481
105	0.047679	0.93661	0.00075979	0.014949
106	0.032788	0.95152	0.00052165	0.015169
107	0.029111	0.95522	0.00046248	0.015211
108	0.029467	0.95488	0.00046756	0.015189
109	0.034558	0.9498	0.00054782	0.015091
110	0.016752	0.96763	0.00026507	0.015356
111	0.0095974	0.9748	0.00015161	0.015453
112	0.0078443	0.97657	0.00012372	0.015463
113	0.007982	0.97645	0.00012575	0.015444
114	0.010335	0.97411	0.00016274	0.01539
115	0.011812	0.97265	0.00018579	0.015349
116	0.016529	0.96795	0.00025981	0.015258
117	0.028762	0.95574	0.00045192	0.015049
118	0.05905	0.92547	0.00092756	0.014556
119	0.14552	0.83901	0.0022838	0.013183
120	0.39188	0.59267	0.0061418	0.0093075
121	0.38715	0.59741	0.0060607	0.0093715
122	0.3982	0.58639	0.0062265	0.0091886
123	0.43825	0.54636	0.0068447	0.0085534
124	0.46774	0.51688	0.0072971	0.008084
125	0.46789	0.51674	0.0072913	0.0080728
126	0.48296	0.50169	0.007518	0.0078291
127	0.44783	0.53684	0.0069625	0.0083677
128	0.43642	0.54826	0.0067774	0.0085359
129	0.4389	0.5458	0.0068085	0.0084879
130	0.35708	0.62764	0.0055319	0.0097477
131	0.26103	0.72371	0.004037	0.011226
132	0.23198	0.75278	0.0035824	0.011664
133	0.20163	0.78314	0.0031085	0.012121
134	0.19033	0.79445	0.0029302	0.012282
135	0.19043	0.79437	0.0029283	0.012267
136	0.16714	0.81768	0.0025662	0.012613
137	0.16312	0.82171	0.0025014	0.012661
138	0.16814	0.81672	0.0025754	0.01257
139	0.15501	0.82986	0.0023711	0.012758
140	0.15484	0.83005	0.0023657	0.012746
141	0.16418	0.82072	0.0025059	0.01259
142	0.16895	0.81597	0.0025759	0.012503
143	0.18628	0.79866	0.0028379	0.012224
144	0.22901	0.75594	0.0034872	0.011559
145	0.25787	0.7271	0.0039238	0.011106
146	0.3266	0.65839	0.0049677	0.010045
147	0.49629	0.48871	0.0075494	0.0074473
148	0.98017	0.0048514	0.014906	7.3927e-05
149	0.98035	0.0046817	0.014893	7.1251e-05
150	0.98322	0.001835	0.01492	2.7887e-05
151	0.98219	0.0028749	0.014888	4.3618e-05
152	0.97677	0.0083169	0.014789	0.00012592
153	0.97148	0.013624	0.014693	0.00020606
154	0.97158	0.013535	0.014678	0.00020451
155	0.96525	0.01988	0.014567	0.00030004
156	0.96533	0.019818	0.014552	0.0002988
157	0.96976	0.015408	0.014602	0.00023205
158	0.97382	0.011359	0.014647	0.00017092
159	0.98482	0.00038203	0.014796	5.7447e-06
160	0.98279	0.0024262	0.01475	3.6413e-05
161	0.983	0.0022294	0.014737	3.343e-05
162	0.98515	0.00010091	0.014752	1.5078e-06
163	0.9851	0.00015733	0.014736	2.35e-06
164	0.98502	0.00025564	0.014718	3.813e-06
165	0.98521	8.3187e-05	0.014704	1.2252e-06
166	0.97923	0.0060811	0.0146	8.9443e-05
167	0.95947	0.025853	0.014294	0.00038371
168	0.95433	0.031006	0.014205	0.00046011
169	0.95607	0.029275	0.014219	0.00043416
170	0.9639	0.021454	0.014324	0.00031789
171	0.97094	0.014432	0.014416	0.00021369
172	0.97125	0.014137	0.014408	0.00020918
173	0.96672	0.018679	0.014329	0.00027635
174	0.96179	0.023612	0.014244	0.00034922
175	0.93563	0.049787	0.013845	0.00073618
176	0.92879	0.05664	0.013733	0.00083694
177	0.93099	0.054455	0.013754	0.00080409
178	0.93128	0.054174	0.013747	0.00079933
179	0.94187	0.043593	0.013891	0.00064283
180	0.96838	0.0171	0.01427	0.00025213
181	0.97395	0.011537	0.01434	0.00017002
182	0.97802	0.0074818	0.014388	0.00011018
183	0.98118	0.0043353	0.014423	6.3779e-05
184	0.98157	0.0039511	0.014417	5.8076e-05
185	0.98232	0.0032218	0.014416	4.7333e-05
186	0.98288	0.0026669	0.014412	3.9154e-05
187	0.98166	0.0038993	0.014383	5.7209e-05
188	0.98245	0.0031214	0.014382	4.5772e-05
189	0.98307	0.002514	0.01438	3.6838e-05
190	0.96319	0.022404	0.014077	0.00032789
191	0.95587	0.02974	0.013958	0.00043482
192	0.95553	0.030085	0.013942	0.00043954
193	0.94543	0.040201	0.013783	0.00058675
194	0.93381	0.051834	0.013603	0.00075591
195	0.8821	0.10355	0.012839	0.0015084
196	0.81436	0.17131	0.011843	0.0024923
197	0.73518	0.25049	0.010683	0.0036413
198	0.70878	0.27691	0.01029	0.0040221
199	0.40256	0.58314	0.0058339	0.008467
200	0.278	0.70771	0.0040225	0.010267
201	0.22779	0.75794	0.003292	0.010986
202	0.20866	0.77707	0.0030128	0.011254
203	0.206	0.77974	0.0029718	0.011283
204	0.21346	0.7723	0.003077	0.011167
205	0.23653	0.74924	0.0034075	0.010825
206	0.23481	0.75097	0.00338	0.010841
207	0.24492	0.74087	0.0035229	0.010687
208	0.2498	0.736	0.0035906	0.010608
209	0.27039	0.71543	0.0038844	0.010303
210	0.34099	0.64484	0.0048969	0.0092794
211	0.50475	0.48108	0.0072485	0.0069165
212	0.97179	0.014058	0.013952	0.00020211
213	0.97327	0.012586	0.013962	0.00018085
214	0.50331	0.48256	0.007208	0.0069235
215	0.31195	0.67393	0.0044607	0.0096597
216	0.23431	0.75159	0.0033464	0.010763
217	0.2035	0.7824	0.0029037	0.011195
218	0.19679	0.78913	0.0028055	0.011282
219	0.20069	0.78523	0.002859	0.011217
220	0.21857	0.76736	0.0031119	0.010953
221	0.2804	0.70555	0.0039903	0.010064
222	0.42389	0.56207	0.0060312	0.008012
223	0.52666	0.45931	0.0074901	0.0065422
224	0.52656	0.45942	0.007483	0.0065384
225	0.52576	0.46023	0.007466	0.0065445
226	0.41801	0.56799	0.0059305	0.0080691
227	0.30828	0.67773	0.0043686	0.0096201
228	0.26428	0.72174	0.0037416	0.010236
229	0.20862	0.77742	0.0029509	0.011016
230	0.19046	0.79558	0.0026918	0.011264
231	0.18936	0.79669	0.002674	0.011271
232	0.16582	0.82024	0.002339	0.011596
233	0.15764	0.82843	0.0022216	0.011702
234	0.15944	0.82665	0.0022452	0.011668
235	0.17549	0.81061	0.0024693	0.011433
236	0.21531	0.7708	0.0030278	0.010864
237	0.31439	0.67173	0.0044198	0.0094609
238	0.2411	0.74503	0.0033866	0.010484
239	0.21947	0.76667	0.0030802	0.010779
240	0.21287	0.77328	0.0029853	0.010864
241	0.20578	0.78038	0.0028835	0.010955
242	0.20875	0.77742	0.002923	0.010905
243	0.22846	0.75772	0.0031967	0.01062
244	0.29586	0.69034	0.0041368	0.0096694
245	0.45214	0.53406	0.0063191	0.0074766
246	0.8361	0.15012	0.011683	0.0021023
247	0.84116	0.14507	0.011745	0.00203
248	0.86407	0.12216	0.012055	0.0017087
249	0.91922	0.06703	0.012816	0.00093768
250	0.93302	0.053234	0.012999	0.00074462
251	0.92367	0.062595	0.012858	0.00087466
252	0.92262	0.063658	0.012834	0.00088879
253	0.93043	0.055861	0.012932	0.0007796
254	0.91233	0.07397	0.012671	0.001031
255	0.90683	0.079483	0.012584	0.0011068
256	0.90146	0.08486	0.0125	0.0011807
257	0.9036	0.082734	0.01252	0.0011503
258	0.91481	0.07153	0.012667	0.00099389
259	0.91312	0.073226	0.012634	0.0010166
260	0.91854	0.06782	0.012699	0.00094092
261	0.93506	0.051313	0.012918	0.0007115
262	0.93752	0.048864	0.012943	0.00067695
263	0.94851	0.037876	0.013085	0.00052424
264	0.98627	0.00013135	0.013598	1.8181e-06
265	0.98532	0.0010948	0.013574	1.5093e-05
266	0.98566	0.00075733	0.013569	1.0428e-05
267	0.9864	2.5967e-05	0.013569	3.5747e-07
268	0.98636	7.8191e-05	0.013558	1.0749e-06
269	0.98582	0.00063074	0.013541	8.6699e-06
270	0.98639	6.8564e-05	0.013539	9.428e-07
271	0.98587	0.0006012	0.013521	8.2555e-06
272	0.98552	0.00096085	0.013507	1.3181e-05
273	0.98648	1.0067e-05	0.01351	1.3808e-07
274	0.98642	8.1563e-05	0.013499	1.1169e-06
275	0.98554	0.00097159	0.013477	1.3286e-05
276	0.98621	0.00030449	0.013476	4.1673e-06
277	0.88391	0.10261	0.012068	0.0014029
278	0.8487	0.13784	0.011578	0.0018834
279	0.83833	0.14822	0.011427	0.002024
280	0.82265	0.16391	0.011205	0.0022367
281	0.75702	0.22955	0.010302	0.0031306
282	0.73161	0.25497	0.0099477	0.0034747
283	0.70588	0.28071	0.0095899	0.0038229
284	0.69783	0.28877	0.0094733	0.0039299
285	0.68415	0.30246	0.0092805	0.0041131
286	0.66408	0.32253	0.0090016	0.0043825
287	0.64298	0.34364	0.0087087	0.0046658
288	0.63874	0.34789	0.0086451	0.0047199
289	0.63251	0.35414	0.0085543	0.0048011
290	0.64178	0.34487	0.0086734	0.0046725
291	0.67768	0.30899	0.0091518	0.0041846
292	0.62743	0.35925	0.0084647	0.0048621
293	0.609	0.37769	0.0082093	0.005108
294	0.6056	0.38109	0.0081574	0.0051505
295	0.56743	0.41927	0.0076368	0.0056616
296	0.52349	0.46322	0.0070388	0.0062502
297	0.50664	0.48008	0.0068069	0.0064727
298	0.41903	0.5677	0.0056238	0.0076464
299	0.38208	0.60466	0.0051235	0.0081373
300	0.36964	0.61711	0.0049532	0.0082984
301	0.31734	0.66942	0.0042483	0.008994
302	0.29769	0.68908	0.0039822	0.0092508
303	0.29289	0.69388	0.0039154	0.0093083
304	0.30034	0.68644	0.0040127	0.0092018
305	0.33113	0.65566	0.0044222	0.008783
306	0.40463	0.58218	0.0054032	0.0077929
307	0.64061	0.3462	0.0085553	0.0046316
308	0.80666	0.18016	0.01077	0.0024081
309	0.9687	0.018129	0.012926	0.00024241
310	0.96644	0.020404	0.012887	0.00027259
311	0.96844	0.018412	0.012905	0.00024577
312	0.97781	0.0090459	0.013021	0.00012071
313	0.97943	0.0074345	0.013033	9.9127e-05
314	0.98043	0.006451	0.013037	8.5921e-05
315	0.98653	0.00035512	0.013109	4.7287e-06
316	0.92348	0.063418	0.012262	0.00084305
317	0.90209	0.08481	0.011969	0.0011268
318	0.8945	0.092412	0.01186	0.0012269
319	0.89508	0.091845	0.01186	0.0012185
320	0.90707	0.079861	0.01201	0.001059
321	0.93952	0.047417	0.012432	0.00062854
322	0.94832	0.038626	0.01254	0.00051167
323	0.95431	0.032649	0.01261	0.00043214
324	0.97695	0.010021	0.012901	0.00013258
325	0.97727	0.0097082	0.012897	0.0001283
326	0.98198	0.0050047	0.01295	6.6071e-05
327	0.98698	1.2192e-05	0.013007	1.6064e-07
328	0.98442	0.0025803	0.012964	3.3952e-05
329	0.98436	0.0026531	0.012955	3.4886e-05
330	0.98701	1.0683e-05	0.01298	1.4047e-07
331	0.98557	0.0014534	0.012953	1.9102e-05
332	0.96522	0.021818	0.012677	0.00028639
333	0.95768	0.029369	0.012569	0.00038515
334	0.9572	0.029854	0.012554	0.00039123
335	0.96321	0.023856	0.012624	0.00031237
336	0.98527	0.0018029	0.012904	2.3588e-05
337	0.98283	0.004251	0.012864	5.5584e-05
338	0.98315	0.0039409	0.012859	5.1493e-05
339	0.98704	6.1183e-05	0.012901	7.9859e-07
340	0.98688	0.00022998	0.01289	3.0039e-06
341	0.98625	0.00086242	0.012873	1.1252e-05
342	0.98712	1.1063e-06	0.012875	1.4412e-08
343	0.98617	0.00096573	0.012854	1.2588e-05
344	0.98562	0.0015227	0.012838	1.9842e-05
345	0.98658	0.00057403	0.012842	7.4748e-06
346	0.98565	0.0015135	0.012821	1.9699e-05
347	0.98463	0.0025361	0.012799	3.2976e-05
348	0.98567	0.0015119	0.012803	1.9655e-05
349	0.98325	0.0039369	0.012763	5.1172e-05
350	0.98325	0.0039438	0.012754	5.1235e-05
351	0.98566	0.0015386	0.012777	1.9991e-05
352	0.98037	0.0068434	0.0127	8.8748e-05
353	0.97978	0.0074437	0.012683	9.649e-05
354	0.98206	0.0051732	0.012704	6.7042e-05
355	0.98105	0.0061904	0.012682	8.0154e-05
356	0.98261	0.0046316	0.012694	5.9926e-05
357	0.98454	0.0027146	0.01271	3.5118e-05
358	0.98424	0.0030225	0.012698	3.9066e-05
359	0.98585	0.0014244	0.01271	1.8402e-05
360	0.98725	2.8105e-05	0.01272	3.6282e-07
361	0.98691	0.00037481	0.012707	4.8315e-06
362	0.98684	0.00045359	0.012698	5.843e-06
363	0.9861	0.0012057	0.01268	1.5511e-05
364	0.98575	0.001565	0.012667	2.0127e-05
365	0.98537	0.0019479	0.012654	2.5034e-05
366	0.98498	0.0023534	0.01264	3.0216e-05
367	0.98498	0.0023551	0.012632	3.0221e-05
368	0.98698	0.00036288	0.012649	4.6508e-06
369	0.98694	0.00041558	0.01264	5.3214e-06
370	0.98471	0.0026546	0.012603	3.3983e-05
371	0.98462	0.0027516	0.012594	3.5193e-05
372	0.98726	0.00011439	0.012619	1.4632e-06
373	0.98717	0.00021614	0.01261	2.7627e-06
374	0.98498	0.0024131	0.012574	3.0802e-05
375	0.98287	0.0045354	0.012539	5.787e-05
376	0.98305	0.0043661	0.012533	5.5665e-05
377	0.98634	0.0010751	0.012566	1.3706e-05
378	0.98703	0.00039961	0.012567	5.0934e-06
379	0.98706	0.0003714	0.012559	4.729e-06
380	0.98647	0.00096951	0.012544	1.2326e-05
381	0.98745	1.0927e-07	0.012548	1.6689e-09
382	0.98641	0.0010557	0.012521	1.34e-05
383	0.98559	0.0018915	0.012497	2.3988e-05
384	0.98638	0.0011125	0.012493	1.4089e-05
385	0.98742	9.1398e-05	0.012492	1.1557e-06
386	0.98751	7.3426e-06	0.01248	9.2836e-08
387	0.98753	3.6369e-06	0.012466	4.5972e-08
388	0.98634	0.00121	0.012437	1.5289e-05
389	0.98509	0.0024714	0.012408	3.119e-05
390	0.98566	0.0019175	0.012402	2.4183e-05
391	0.96922	0.018368	0.012181	0.00023111
392	0.95237	0.035227	0.011956	0.00044283
393	0.94616	0.041451	0.011865	0.00052048
394	0.91977	0.067856	0.011521	0.00085116
395	0.91033	0.077316	0.01139	0.00096871
396	0.91085	0.076809	0.011384	0.00096138
397	0.89686	0.090806	0.011197	0.0011352
398	0.88092	0.10676	0.010986	0.0013332
399	0.87652	0.11118	0.010919	0.0013868
400	0.88386	0.10385	0.010998	0.0012941
401	0.90671	0.081009	0.01127	0.0010086
402	0.96124	0.026498	0.011936	0.00032976
403	0.95807	0.029681	0.011884	0.00036887
404	0.95996	0.027799	0.011894	0.00034505
405	0.97138	0.016391	0.012023	0.00020324
406	0.97412	0.013669	0.012044	0.00016933
407	0.98256	0.0052353	0.012135	6.4812e-05
408	0.98459	0.0032267	0.012147	3.9901e-05
409	0.98187	0.0059568	0.0121	7.3533e-05
410	0.98196	0.0058833	0.012088	7.2534e-05
411	0.9847	0.0031571	0.012109	3.8866e-05
412	0.98779	7.2945e-05	0.012134	8.9749e-07
413	0.98785	2.6558e-05	0.012122	3.2591e-07
414	0.98494	0.0029554	0.012073	3.619e-05
415	0.94178	0.046126	0.011532	0.00056444
416	0.92913	0.058788	0.011364	0.0007187
417	0.92798	0.059947	0.011338	0.00073214
418	0.92458	0.063363	0.011284	0.00077304
419	0.92771	0.060249	0.01131	0.0007342
420	0.94284	0.045127	0.011482	0.00054927
421	0.94485	0.043129	0.011494	0.00052439
422	0.95651	0.031484	0.011623	0.00038247
423	0.98687	0.0011346	0.011979	1.3779e-05
424	0.9729	0.015119	0.011797	0.00018335
425	0.96758	0.020456	0.01172	0.00024776
426	0.96695	0.021096	0.011699	0.00025518
427	0.96592	0.022141	0.011674	0.0002675
428	0.97029	0.017779	0.011715	0.00021455
429	0.98712	0.00096106	0.011905	1.1602e-05
430	0.98572	0.0023724	0.011875	2.8611e-05
431	0.96727	0.020842	0.01164	0.00025118
432	0.96053	0.027595	0.011546	0.00033215
433	0.93685	0.051288	0.011249	0.00061672
434	0.90388	0.08427	0.010841	0.001012
435	0.89172	0.096443	0.010684	0.0011568
436	0.69187	0.2963	0.0082814	0.0035467
437	0.62236	0.36583	0.0074412	0.0043742
438	0.59978	0.38841	0.0071635	0.0046394
439	0.25342	0.73479	0.0030241	0.0087663
440	0.1319	0.85632	0.0015721	0.010206
441	0.09413	0.8941	0.0011204	0.010645
442	0.079465	0.90878	0.00094474	0.010808
443	0.076556	0.9117	0.0009091	0.010831
444	0.081914	0.90636	0.00097154	0.010756
445	0.076073	0.91221	0.00090106	0.010814
446	0.077344	0.91095	0.00091502	0.010788
447	0.086066	0.90224	0.0010171	0.010673
448	0.068691	0.91963	0.00081051	0.010868
449	0.062887	0.92545	0.00074111	0.010925
450	0.065593	0.92275	0.00077206	0.010881
451	0.054819	0.93354	0.00064432	0.010997
452	0.05312	0.93525	0.00062355	0.011005
453	0.056752	0.93163	0.00066543	0.010951
454	0.057424	0.93097	0.00067257	0.010931
455	0.064304	0.9241	0.00075246	0.010839
456	0.068277	0.92014	0.00079821	0.010781
457	0.081063	0.90737	0.00094706	0.01062
458	0.089125	0.89932	0.0010404	0.010514
459	0.11926	0.8692	0.0013914	0.010151
460	0.14853	0.83994	0.0017312	0.0097992
461	0.21719	0.77129	0.0025298	0.0089885
462	0.38627	0.60223	0.0044973	0.0070088
463	0.43033	0.55818	0.0050051	0.0064889
464	0.55854	0.42998	0.0064892	0.0049926
465	0.9683	0.020229	0.011235	0.00023474
466	0.96979	0.018751	0.01124	0.00021735
467	0.97811	0.010446	0.011324	0.00012099
468	0.98467	0.0038965	0.011388	4.5074e-05
469	0.98419	0.0043891	0.011371	5.0721e-05
470	0.98603	0.0025654	0.01138	2.9605e-05
471	0.98824	0.00035852	0.011393	4.1316e-06
472	0.98825	0.0003625	0.011381	4.1749e-06
473	0.98766	0.00096653	0.011362	1.1116e-05
474	0.98851	0.00013311	0.011359	1.5306e-06
475	0.98849	0.00016184	0.011347	1.8595e-06
476	0.98825	0.00041474	0.011332	4.7589e-06
477	0.98827	0.00040014	0.01132	4.5837e-06
478	0.98864	4.9535e-05	0.011313	5.6743e-07
479	0.98811	0.00058603	0.011295	6.7033e-06
480	0.98868	3.0661e-05	0.011289	3.5045e-07
481	0.98532	0.0033987	0.011239	3.8806e-05
482	0.98459	0.0041458	0.011218	4.7281e-05
483	0.98592	0.0028246	0.011222	3.2173e-05
484	0.94804	0.040722	0.010779	0.00046319
485	0.77858	0.21019	0.0088411	0.0023893
486	0.7101	0.27868	0.0080546	0.003164
487	0.39603	0.59277	0.0044881	0.0067187
488	0.29786	0.69094	0.0033719	0.0078232
489	0.256	0.73281	0.0028952	0.0082882
490	0.096288	0.89254	0.0010878	0.010084
491	0.046266	0.94257	0.00052188	0.010638
492	0.025983	0.96287	0.0002927	0.010856
493	0.020105	0.96876	0.00022615	0.01091
494	0.018443	0.97043	0.00020721	0.010918
495	0.020035	0.96885	0.00022488	0.010888
496	0.014688	0.97421	0.00016472	0.010937
497	0.014214	0.9747	0.00015924	0.010931
498	0.017901	0.97102	0.00020034	0.010878
499	0.014545	0.97439	0.00016261	0.010904
500	0.015292	0.97365	0.00017077	0.010885
501	0.019231	0.96973	0.00021457	0.010829
502	0.03185	0.95712	0.000355	0.010677
503	0.06828	0.9207	0.0007601	0.010261
504	0.15776	0.83123	0.0017548	0.0092544
505	0.17988	0.80912	0.0019987	0.0089991
506	0.23296	0.75605	0.002586	0.0084003
507	0.38542	0.6036	0.0042735	0.0067012
508	0.50122	0.48782	0.0055523	0.005411
509	0.78619	0.20286	0.0087033	0.0022486
510	0.98667	0.0023861	0.010914	2.644e-05
511	0.98598	0.0030911	0.010895	3.4197e-05
512	0.98755	0.0015332	0.010901	1.6955e-05
513	0.98741	0.0016843	0.010888	1.8603e-05
514	0.98518	0.0039226	0.010852	4.3246e-05
515	0.98531	0.0038069	0.010842	4.1913e-05
516	0.98876	0.00037075	0.010869	4.0825e-06
517	0.98605	0.0030879	0.010828	3.3939e-05
518	0.98564	0.0035049	0.010812	3.8477e-05
519	0.98803	0.0011314	0.010827	1.2431e-05
520	0.97464	0.014533	0.010669	0.00015942
521	0.9708	0.018381	0.010615	0.00020148
522	0.96707	0.022125	0.010563	0.00024234
523	0.90015	0.08906	0.00982	0.00097453
524	0.87753	0.11168	0.0095624	0.001221
525	0.86969	0.11954	0.0094667	0.0013056
526	0.85754	0.1317	0.0093243	0.0014368
527	0.85585	0.1334	0.0092962	0.0014539
528	0.86415	0.12511	0.0093769	0.0013622
529	0.86011	0.12916	0.0093233	0.0014048
530	0.85584	0.13344	0.0092672	0.0014499
531	0.86117	0.12813	0.0093152	0.0013909
532	0.85136	0.13794	0.0091994	0.0014957
533	0.8514	0.13792	0.0091904	0.0014938
534	0.8645	0.12482	0.0093225	0.0013509
535	0.84307	0.14626	0.0090818	0.0015807
536	0.83875	0.1506	0.0090258	0.0016258
537	0.84376	0.14559	0.0090705	0.0015702
538	0.84843	0.14094	0.0091113	0.0015185
539	0.86576	0.12362	0.0092882	0.0013308
540	0.90857	0.080825	0.0097386	0.00086961
541	0.93901	0.050389	0.010056	0.00054183
542	0.92427	0.065146	0.0098875	0.00069923
543	0.92027	0.069153	0.0098348	0.00074127
544	0.67633	0.31311	0.0072222	0.0033432
545	0.60041	0.38903	0.0064053	0.0041495
546	0.57548	0.41398	0.006133	0.0044111
547	0.27345	0.71601	0.0029094	0.007624
548	0.15047	0.83901	0.0015986	0.0089242
549	0.10058	0.88891	0.0010672	0.0094449
550	0.03431	0.95519	0.00036378	0.010138
551	0.013555	0.97595	0.00014353	0.010347
552	0.0071571	0.98236	7.5637e-05	0.010405
553	0.0047086	0.98482	4.9672e-05	0.01042
554	0.0040998	0.98544	4.3192e-05	0.010416
555	0.0053913	0.98416	5.6737e-05	0.010392
556	0.0054951	0.98407	5.7754e-05	0.010381
557	0.0073502	0.98222	7.7195e-05	0.010351
558	0.012555	0.97703	0.00013181	0.010285
559	0.015875	0.97372	0.00016656	0.01024
560	0.025041	0.96456	0.00026265	0.010134
561	0.047948	0.94167	0.00050284	0.0098832
562	0.1009	0.88872	0.0010579	0.0093177
563	0.26994	0.71969	0.0028279	0.0075374
564	0.75142	0.23823	0.0078619	0.0024931
565	0.74448	0.24518	0.0077812	0.0025633
566	0.74866	0.241	0.0078171	0.0025171
567	0.77536	0.21432	0.0080875	0.0022364
568	0.7557	0.23398	0.0078744	0.0024391
569	0.75348	0.23622	0.0078432	0.00246
570	0.7635	0.22621	0.0079396	0.0023533
571	0.38051	0.60921	0.003955	0.0063277
572	0.26061	0.72912	0.0027067	0.0075657
573	0.22383	0.7659	0.0023225	0.0079396
574	0.092824	0.89692	0.00096186	0.00929
575	0.035992	0.95377	0.00037261	0.009869
576	0.016085	0.97368	0.00016628	0.010065
577	0.0080191	0.98176	8.2807e-05	0.010138
578	0.0054046	0.98438	5.5729e-05	0.010155
579	0.0046451	0.98515	4.7842e-05	0.010153
580	0.0033286	0.98648	3.4224e-05	0.010156
581	0.0032589	0.98656	3.3464e-05	0.010147
582	0.0043759	0.98545	4.4897e-05	0.010125
583	0.0049407	0.9849	5.0628e-05	0.010109
584	0.0045213	0.98533	4.6274e-05	0.010104
585	0.0053784	0.98448	5.5003e-05	0.010085
586	0.0024904	0.98738	2.5438e-05	0.010104
587	0.0017735	0.98811	1.8088e-05	0.010102
588	0.0017309	0.98816	1.7635e-05	0.010092
589	0.0023312	0.98757	2.3736e-05	0.010076
590	0.0040183	0.98589	4.0902e-05	0.010049
591	0.0097889	0.98013	9.955e-05	0.0099799
592	0.0049092	0.98502	4.9851e-05	0.01002
593	0.0028586	0.98708	2.8993e-05	0.010031
594	0.00212	0.98783	2.1486e-05	0.010028
595	0.0021472	0.98781	2.1756e-05	0.010018
596	0.0033463	0.98662	3.3887e-05	0.0099958
597	0.0076734	0.98231	7.7631e-05	0.0099421
598	0.010125	0.97987	0.00010235	0.0099075
599	0.016441	0.97356	0.00016611	0.0098339
600	0.032289	0.95772	0.00032612	0.009664
601	0.077679	0.91234	0.00078385	0.0091964
602	0.20704	0.78299	0.0020866	0.0078837
603	0.61944	0.3706	0.006234	0.0037265
604	0.62604	0.36401	0.006294	0.0036566
605	0.66016	0.32989	0.00663	0.0033108
606	0.74155	0.24852	0.0074394	0.0024915
607	0.76359	0.22649	0.0076526	0.0022685
608	0.78548	0.20461	0.0078637	0.0020475
609	0.84267	0.14743	0.0084272	0.0014741
610	0.85608	0.13403	0.0085526	0.0013389
611	0.8906	0.09952	0.0088883	0.00099338
612	0.97697	0.013159	0.0097406	0.00013126
613	0.98334	0.006799	0.0097944	6.7734e-05
614	0.98998	0.00016751	0.0098507	1.6681e-06
615	0.99009	6.2491e-05	0.0098421	6.2144e-07
616	0.98983	0.00034012	0.0098296	3.3807e-06
617	0.9889	0.0012761	0.0098106	1.2667e-05
618	0.98933	0.00085484	0.0098051	8.4733e-06
619	0.95586	0.034337	0.0094638	0.00034016
620	0.94294	0.047267	0.0093266	0.00046769
621	0.94123	0.048989	0.0093003	0.00048426
622	0.34436	0.64586	0.0034003	0.0063746
623	0.13481	0.85543	0.0013299	0.0084354
624	0.061284	0.92896	0.00060367	0.009152
625	0.029428	0.96083	0.00028951	0.0094565
626	0.016546	0.97372	0.00016263	0.0095738
627	0.012396	0.97788	0.00012171	0.0096052
628	0.012002	0.97828	0.00011771	0.0095996
629	0.014014	0.97628	0.0001373	0.0095704
630	0.019918	0.97038	0.000195	0.0095031
631	0.039767	0.95054	0.00038895	0.0092996
632	0.088608	0.90171	0.00086611	0.0088129
633	0.22785	0.76248	0.0022247	0.0074448
634	0.62448	0.36586	0.0060893	0.0035707
635	0.7137	0.27665	0.0069527	0.0026978
636	0.93383	0.056524	0.0090904	0.00055062
637	0.93623	0.054135	0.0091048	0.00052676
638	0.94947	0.040904	0.0092245	0.00039756
639	0.98943	0.00096198	0.0096033	9.3382e-06
640	0.9902	0.00019201	0.0096013	1.8647e-06
641	0.98876	0.0016505	0.0095777	1.6009e-05
642	0.98728	0.0031404	0.0095539	3.0421e-05
643	0.98826	0.0021657	0.0095539	2.0977e-05
644	0.98739	0.0030428	0.0095361	2.9446e-05
645	0.98846	0.0019841	0.009537	1.9195e-05
646	0.94686	0.043598	0.0091261	0.00042083
647	0.9295	0.060964	0.0089498	0.00058777
648	0.9263	0.064174	0.0089102	0.00061816
649	0.85346	0.13702	0.0082	0.001319
650	0.82274	0.16775	0.0078966	0.0016131
651	0.81604	0.17446	0.0078244	0.0016761
652	0.77392	0.21659	0.0074126	0.0020786
653	0.76142	0.22909	0.0072854	0.0021965
654	0.76095	0.22958	0.0072736	0.0021991
655	0.73557	0.25497	0.0070238	0.0024397
656	0.73061	0.25993	0.0069695	0.0024848
657	0.73695	0.2536	0.0070232	0.0024219
658	0.73974	0.25083	0.0070429	0.002393
659	0.76076	0.22982	0.0072362	0.0021906
660	0.81272	0.17786	0.0077238	0.0016939
661	0.82577	0.16483	0.0078403	0.0015683
662	0.86227	0.12833	0.0081794	0.00122
663	0.94814	0.042467	0.0089871	0.00040329
664	0.94567	0.044953	0.008955	0.00042636
665	0.95034	0.040291	0.0089906	0.00038172
666	0.96775	0.022887	0.0091466	0.00021662
667	0.97073	0.019914	0.009166	0.00018825
668	0.9731	0.017555	0.0091794	0.00016578
669	0.98321	0.0074504	0.0092658	7.031e-05
670	0.99061	6.537e-05	0.0093265	6.1692e-07
671	0.99005	0.00062961	0.0093122	5.9261e-06
672	0.99061	7.6416e-05	0.0093085	7.176e-07
673	0.98788	0.0028179	0.0092738	2.6431e-05
674	0.98777	0.0029372	0.0092638	2.7524e-05
675	0.99046	0.00026248	0.0092799	2.4588e-06
676	0.9898	0.00092788	0.0092647	8.6843e-06
677	0.98954	0.0011919	0.0092533	1.115e-05
678	0.99074	4.907e-06	0.0092555	4.5829e-08
679	0.99067	8.7111e-05	0.0092458	8.1289e-07
680	0.98963	0.0011327	0.0092271	1.0565e-05
681	0.98993	0.00084425	0.0092209	7.8642e-06
682	0.98952	0.0012556	0.0092081	1.1686e-05
683	0.98914	0.0016507	0.0091956	1.5343e-05
684	0.99078	1.3358e-05	0.0092019	1.2426e-07
685	0.9883	0.0025091	0.0091698	2.3309e-05
686	0.98804	0.0027793	0.0091585	2.5793e-05
687	0.98977	0.0010568	0.0091657	9.7988e-06
688	0.98997	0.00086629	0.0091587	8.0174e-06
689	0.9893	0.0015384	0.0091438	1.4218e-05
690	0.99051	0.00033932	0.009146	3.1346e-06
691	0.99083	3.2729e-05	0.0091401	3.0226e-07
692	0.99044	0.00043234	0.0091277	3.9863e-06
693	0.98888	0.0019951	0.0091046	1.8367e-05
694	0.9825	0.0083842	0.0090373	7.7062e-05
695	0.98159	0.0093086	0.0090202	8.5477e-05
696	0.98356	0.0073438	0.0090297	6.7342e-05
697	0.9768	0.01411	0.0089591	0.00012927
698	0.97579	0.015126	0.0089413	0.00013845
699	0.97505	0.015874	0.0089259	0.00014518
700	0.97367	0.017263	0.0089047	0.00015771
701	0.97701	0.013934	0.0089266	0.00012717
702	0.99052	0.00043254	0.0090412	3.9446e-06
703	0.98978	0.0011865	0.0090257	1.0813e-05
704	0.99057	0.00039893	0.0090242	3.6322e-06
705	0.99084	0.00013747	0.0090179	1.2529e-06
706	0.98846	0.0025318	0.0089875	2.3057e-05
707	0.98816	0.0028362	0.0089762	2.5805e-05
708	0.98973	0.0012757	0.0089818	1.1605e-05
709	0.98824	0.0027728	0.0089597	2.5181e-05
710	0.98859	0.0024324	0.0089543	2.2067e-05
711	0.99103	2.5451e-06	0.0089679	2.31e-08
712	0.97833	0.012713	0.0088445	0.00011503
713	0.96419	0.026857	0.0087082	0.00024286
714	0.95953	0.031528	0.0086578	0.00028481
715	0.89021	0.10085	0.008024	0.00091026
716	0.86278	0.1283	0.0077691	0.0011567
717	0.85551	0.13557	0.0076963	0.0012212
718	0.84814	0.14295	0.0076225	0.0012865
719	0.85018	0.14092	0.0076336	0.0012671
720	0.86417	0.12694	0.007752	0.0011403
721	0.78127	0.20985	0.0070016	0.0018824
722	0.75339	0.23773	0.0067452	0.0021305
723	0.74866	0.24248	0.0066964	0.002171
724	0.7181	0.27304	0.0064165	0.0024425
725	0.70854	0.28261	0.0063249	0.0025258
726	0.71173	0.27943	0.0063474	0.002495
727	0.73708	0.25409	0.0065672	0.0022668
728	0.79869	0.19248	0.0071099	0.0017159
729	0.94216	0.049027	0.0083807	0.00043688
730	0.94111	0.05008	0.0083636	0.00044579
731	0.94802	0.043175	0.0084172	0.00038399
732	0.96665	0.024561	0.0085747	0.00021825
733	0.97077	0.02045	0.0086032	0.00018156
734	0.96928	0.021942	0.0085819	0.00019462
735	0.97226	0.018971	0.0086002	0.00016813
736	0.96927	0.021967	0.0085658	0.00019444
737	0.82145	0.1698	0.0072533	0.0014988
738	0.76181	0.22945	0.0067211	0.0020229
739	0.54673	0.44454	0.0048206	0.0039153
740	0.47996	0.51131	0.0042283	0.0044994
741	0.46128	0.53	0.00406	0.0046597
742	0.43324	0.55804	0.0038099	0.0049017
743	0.42778	0.56351	0.0037583	0.0049452
744	0.44044	0.55087	0.0038657	0.0048297
745	0.43377	0.55754	0.0038035	0.0048838
746	0.44054	0.55079	0.0038591	0.0048201
747	0.46657	0.52476	0.0040832	0.0045879
748	0.46852	0.52282	0.0040964	0.0045667
749	0.4931	0.49824	0.004307	0.004348
750	0.55752	0.43384	0.0048647	0.0037823
751	0.76518	0.22618	0.0066686	0.0019704
752	0.81119	0.18018	0.0070629	0.001568
753	0.96032	0.03106	0.0083527	0.0002702
754	0.9611	0.030289	0.0083516	0.00026324
755	0.96928	0.022116	0.0084148	0.00019207
756	0.98979	0.0016073	0.0085849	1.396e-05
757	0.98973	0.0016768	0.0085764	1.4549e-05
758	0.99129	0.00012504	0.0085819	1.0844e-06
759	0.99142	9.1673e-06	0.008575	7.9399e-08
760	0.99137	6.242e-05	0.0085667	5.397e-07
761	0.99135	8.8405e-05	0.0085587	7.6314e-07
762	0.99079	0.00065531	0.0085459	5.6543e-06
763	0.98912	0.0023369	0.0085236	2.0157e-05
764	0.98925	0.0022182	0.0085168	1.9116e-05
765	0.99141	6.6797e-05	0.0085275	5.7482e-07
766	0.99068	0.00079634	0.0085134	6.8442e-06
767	0.99024	0.0012454	0.0085018	1.0698e-05
768	0.99114	0.00035245	0.0085016	3.0261e-06
769	0.99133	0.00017787	0.0084954	1.5253e-06
770	0.99055	0.00096285	0.0084809	8.2503e-06
771	0.98986	0.0016585	0.0084672	1.4194e-05
772	0.98954	0.001984	0.0084567	1.6968e-05
773	0.99085	0.0006881	0.00846	5.8838e-06
774	0.99115	0.00039616	0.0084548	3.385e-06
775	0.9895	0.0020535	0.008433	1.7529e-05
776	0.98754	0.0040207	0.0084086	3.4281e-05
777	0.98787	0.0036963	0.0084037	3.1485e-05
778	0.9862	0.0053683	0.0083819	4.5686e-05
779	0.98686	0.0047186	0.0083798	4.0123e-05
780	0.99032	0.0012663	0.0084016	1.0762e-05
781	0.98745	0.0041423	0.0083696	3.5125e-05
782	0.98487	0.0067307	0.0083402	5.7023e-05
783	0.98501	0.006605	0.0083337	5.5901e-05
784	0.98519	0.0064313	0.0083277	5.4384e-05
785	0.98817	0.0034545	0.0083454	2.9177e-05
786	0.99152	0.00011167	0.008366	9.4294e-07
787	0.99066	0.00098332	0.0083512	8.2912e-06
788	0.9902	0.0014522	0.0083397	1.2239e-05
789	0.99123	0.0004222	0.0083409	3.5575e-06
790	0.98835	0.0033093	0.0083091	2.7837e-05
791	0.98825	0.0034208	0.0083007	2.8759e-05
792	0.99023	0.0014519	0.0083098	1.2206e-05
793	0.98892	0.0027659	0.0082913	2.3239e-05
794	0.98941	0.0022797	0.008288	1.915e-05
795	0.98794	0.0037645	0.0082681	3.1586e-05
796	0.96315	0.028561	0.0080532	0.00023919
797	0.95314	0.038573	0.0079623	0.00032269
798	0.9509	0.040819	0.0079365	0.00034113
799	0.9564	0.035334	0.0079753	0.00029507
800	0.95991	0.031827	0.0079975	0.00026555
801	0.97193	0.019811	0.0080906	0.00016511
802	0.98126	0.01049	0.0081613	8.7249e-05
803	0.97931	0.012444	0.0081379	0.00010336
804	0.9818	0.0099689	0.0081513	8.2685e-05
805	0.97276	0.019015	0.0080691	0.00015754
806	0.97096	0.020822	0.008047	0.00017237
807	0.97319	0.018597	0.0080584	0.00015376
808	0.97432	0.017477	0.0080605	0.00014434
809	0.97011	0.021692	0.0080186	0.000179
810	0.97174	0.020067	0.0080248	0.00016544
811	0.98165	0.010164	0.0080993	8.3705e-05
812	0.99124	0.00058563	0.0081708	4.8241e-06
813	0.99105	0.00077744	0.008162	6.4046e-06
814	0.9862	0.0056393	0.0081146	4.646e-05
815	0.98541	0.0064378	0.0081007	5.3013e-05
816	0.98728	0.0045783	0.0081088	3.7697e-05
817	0.98221	0.0096488	0.0080599	7.9345e-05
818	0.98106	0.010806	0.0080432	8.8774e-05
819	0.98297	0.0089052	0.0080517	7.3101e-05
820	0.9808	0.011082	0.0080268	9.0851e-05
821	0.98244	0.0094511	0.008033	7.7417e-05
822	0.98877	0.0031302	0.0080776	2.563e-05
823	0.98833	0.0035724	0.0080669	2.9224e-05
824	0.98762	0.0042869	0.0080539	3.5031e-05
825	0.98916	0.0027537	0.0080594	2.2487e-05
826	0.98511	0.0068107	0.0080193	5.5498e-05
827	0.98486	0.0070739	0.0080101	5.7595e-05
828	0.98753	0.0044065	0.0080248	3.5847e-05
829	0.98751	0.0044393	0.0080175	3.6085e-05
830	0.98761	0.004343	0.0080112	3.5284e-05
831	0.99028	0.0016771	0.0080258	1.3638e-05
832	0.97205	0.019918	0.0078707	0.00016167
833	0.96539	0.026588	0.0078098	0.00021559
834	0.96455	0.027434	0.0077962	0.00022224
835	0.96275	0.029234	0.0077749	0.00023658
836	0.95201	0.039986	0.0076813	0.00032322
837	0.94942	0.042581	0.0076538	0.00034386
838	0.89526	0.096745	0.0072105	0.00078024
839	0.87267	0.11934	0.0070223	0.00096148
840	0.86739	0.12463	0.0069737	0.0010032
841	0.83733	0.1547	0.0067257	0.0012442
842	0.79451	0.19753	0.0063759	0.0015871
843	0.73441	0.25763	0.0058878	0.0020683
844	0.70976	0.28229	0.0056851	0.0022642
845	0.70326	0.28879	0.0056281	0.0023143
846	0.70931	0.28275	0.0056718	0.0022638
847	0.7411	0.25097	0.0059211	0.0020076
848	0.84636	0.14572	0.0067567	0.0011652
849	0.92085	0.071232	0.0073456	0.00056944
850	0.9238	0.068289	0.0073628	0.00054543
851	0.93906	0.053041	0.0074781	0.0004234
852	0.97852	0.013589	0.0077861	0.00010859
853	0.97608	0.016033	0.00776	0.00012796
854	0.97752	0.014599	0.0077648	0.00011643
855	0.98407	0.0080528	0.0078103	6.4219e-05
856	0.97549	0.016641	0.0077353	0.00013245
857	0.93633	0.055812	0.0074178	0.00044331
858	0.75902	0.23312	0.0060059	0.0018485
859	0.51547	0.47669	0.0040729	0.0037749
860	0.43967	0.55249	0.0034696	0.0043716
861	0.41015	0.58202	0.0032334	0.0046012
862	0.40563	0.58654	0.0031949	0.0046331
863	0.41455	0.57763	0.0032623	0.004559
864	0.44457	0.54761	0.0034959	0.0043188
865	0.54495	0.44724	0.0042821	0.003526
866	0.77738	0.21482	0.0061054	0.0016962
867	0.79345	0.19875	0.0062265	0.0015685
868	0.70336	0.28885	0.0055123	0.0022763
869	0.5755	0.41672	0.0045028	0.0032792
870	0.52084	0.47138	0.0040701	0.0037054
871	0.44405	0.54819	0.0034649	0.0043042
872	0.41875	0.57348	0.0032638	0.0044988
873	0.4163	0.57594	0.0032416	0.0045145
874	0.4133	0.57895	0.0032151	0.0045346
875	0.42292	0.56933	0.0032871	0.0044561
876	0.4544	0.53787	0.0035291	0.0042077
877	0.43462	0.55765	0.0033718	0.0043586
878	0.43359	0.55868	0.0033607	0.0043632
879	0.44578	0.5465	0.0034524	0.0042652
880	0.4338	0.55849	0.0033563	0.0043549
881	0.43498	0.55731	0.0033626	0.0043423
882	0.43375	0.55855	0.00335	0.0043484
883	0.43055	0.56175	0.0033222	0.0043699
884	0.42193	0.57038	0.0032525	0.0044332
885	0.42585	0.56647	0.00328	0.0043994
886	0.40223	0.5901	0.0030946	0.0045785
887	0.3957	0.59663	0.0030416	0.0046252
888	0.40242	0.58992	0.0030909	0.0045696
889	0.4033	0.58905	0.0030953	0.004559
890	0.39914	0.59321	0.0030607	0.0045873
891	0.38988	0.60248	0.002987	0.0046548
892	0.37556	0.6168	0.0028747	0.0047609
893	0.37476	0.61761	0.0028663	0.0047631
894	0.38686	0.60552	0.0029571	0.0046661
895	0.39654	0.59584	0.0030291	0.0045879
896	0.33975	0.65264	0.0025923	0.0050186
897	0.31822	0.67417	0.0024258	0.0051789
898	0.23746	0.75494	0.0018082	0.0057904
899	0.20537	0.78704	0.0015624	0.0060301
900	0.19657	0.79584	0.0014943	0.0060921
901	0.20052	0.7919	0.0015234	0.0060569
902	0.20021	0.79221	0.00152	0.0060542
903	0.2115	0.78093	0.001605	0.005963
904	0.21788	0.77456	0.0016526	0.0059094
905	0.24481	0.74763	0.0018566	0.0056994
906	0.33423	0.65822	0.0025356	0.0050143
907	0.39845	0.59401	0.0030222	0.0045216
908	0.54782	0.44464	0.0041562	0.0033816
909	0.97401	0.018456	0.0073912	0.00014059
910	0.95612	0.036353	0.0072493	0.00027644
911	0.95116	0.041321	0.0072058	0.00031398
912	0.9519	0.040583	0.0072056	0.00030815
913	0.95149	0.040998	0.0071967	0.00031105
914	0.95687	0.035626	0.0072317	0.00027011
915	0.97201	0.020494	0.0073406	0.00015531
916	0.93227	0.060241	0.0070348	0.00045522
917	0.91697	0.075549	0.0069139	0.00057023
918	0.9142	0.078325	0.0068876	0.00059068
919	0.92063	0.071899	0.0069305	0.00054183
920	0.92476	0.067771	0.0069562	0.00051029
921	0.94482	0.047724	0.0071015	0.00035915
922	0.9473	0.045245	0.0071146	0.00034021
923	0.95742	0.035133	0.007185	0.00026393
924	0.99241	0.00014694	0.007442	1.1041e-06
925	0.98783	0.0047331	0.0074018	3.5479e-05
926	0.98299	0.0095764	0.0073597	7.1746e-05
927	0.98293	0.009644	0.0073534	7.2219e-05
928	0.92569	0.066887	0.0069188	0.00050098
929	0.846	0.14658	0.0063172	0.0010968
930	0.82217	0.17042	0.0061339	0.0012742
931	0.73947	0.25312	0.0055107	0.0018916
932	0.70467	0.28793	0.0052464	0.00215
933	0.69201	0.3006	0.0051479	0.0022428
934	0.67667	0.31594	0.0050294	0.0023555
935	0.67503	0.31759	0.0050131	0.002366
936	0.68695	0.30567	0.0050977	0.0022756
937	0.67725	0.31538	0.0050217	0.0023458
938	0.6798	0.31284	0.0050368	0.0023251
939	0.69783	0.29482	0.0051668	0.0021893
940	0.76199	0.23066	0.0056386	0.0017118
941	0.91136	0.081298	0.0067418	0.00060296
942	0.95444	0.038216	0.0070556	0.00028346
943	0.95412	0.038547	0.0070477	0.00028566
944	0.95945	0.033219	0.0070817	0.00024598
945	0.97539	0.017287	0.0071942	0.00012789
946	0.97369	0.018996	0.0071762	0.00014034
947	0.97744	0.01525	0.0071983	0.00011255
948	0.99227	0.00042177	0.0073021	3.1152e-06
949	0.99171	0.00099437	0.0072923	7.3274e-06
950	0.99121	0.0014943	0.0072831	1.0998e-05
951	0.99214	0.00056907	0.0072844	4.1862e-06
952	0.99221	0.00050429	0.0072793	3.7046e-06
953	0.99174	0.00097789	0.0072703	7.1779e-06
954	0.99258	0.00015126	0.0072709	1.1126e-06
955	0.97672	0.016012	0.007149	0.00011753
956	0.90377	0.08897	0.0066088	0.00065224
957	0.87283	0.11992	0.0063773	0.0008783
958	0.83373	0.15902	0.0060867	0.0011635
959	0.81835	0.17441	0.0059698	0.001275
960	0.8153	0.17746	0.0059432	0.0012962
961	0.78859	0.20418	0.005744	0.00149
962	0.6811	0.31167	0.0049564	0.0022722
963	0.63828	0.3545	0.0046411	0.0025822
964	0.5812	0.41158	0.0042229	0.0029951
965	0.56346	0.42933	0.0040908	0.0031218
966	0.56376	0.42903	0.0040899	0.0031173
967	0.56267	0.43013	0.0040788	0.003123
968	0.57489	0.41791	0.0041643	0.0030322
969	0.60947	0.38334	0.0044117	0.0027794
970	0.69198	0.30084	0.0050062	0.0021796
971	0.76394	0.22888	0.0055232	0.0016573
972	0.94194	0.050883	0.006807	0.00036823
973	0.93517	0.057662	0.0067531	0.00041686
974	0.93671	0.056129	0.0067592	0.00040546
975	0.94652	0.046316	0.0068251	0.00033426
976	0.94626	0.046591	0.0068182	0.00033596
977	0.95408	0.038771	0.0068695	0.00027936
978	0.97938	0.013478	0.0070464	9.7141e-05
979	0.97542	0.017446	0.0070126	0.00012567
