#coord	neutral	conserved	gBGC.neutral	gBGC.conserved
1	0.96655	0.0329	0.00053511	1.8389e-05
2	0.98814	0.011312	0.00054567	6.3206e-06
3	0.99278	0.0066675	0.00054685	3.6977e-06
4	0.99706	0.0023866	0.00054776	1.3115e-06
5	0.99808	0.0013738	0.00054682	7.5018e-07
6	0.99945	3.1436e-06	0.00054604	2.8024e-09
7	0.99945	5.7064e-06	0.00053987	3.1458e-09
8	0.9994	6.5745e-05	0.00053381	3.5515e-08
9	0.99941	6.6529e-05	0.00052792	3.5553e-08
10	0.99944	3.5777e-05	0.00052217	1.8983e-08
11	0.99929	0.00019437	0.00051646	1.0152e-07
12	0.99946	2.8342e-05	0.00051105	1.4687e-08
13	0.99947	2.2466e-05	0.00050567	1.1466e-08
14	0.99939	0.00010744	0.00050036	5.3678e-08
15	0.99925	0.00025653	0.00049494	1.2835e-07
16	0.99941	0.00010479	0.0004898	5.2236e-08
17	0.99948	3.6057e-05	0.00048473	1.8429e-08
18	0.99934	0.00017554	0.00047996	8.5378e-08
19	0.99951	1.0435e-05	0.00047545	4.9902e-09
20	0.99895	0.00057915	0.00047052	2.7546e-07
21	0.99947	6.2932e-05	0.00046623	2.9831e-08
22	0.99946	7.8821e-05	0.00046178	3.6744e-08
23	0.99944	0.00010121	0.00045742	4.6074e-08
24	0.99937	0.00017623	0.00045298	7.9929e-08
25	0.99902	0.00053326	0.00044836	2.4204e-07
26	0.99883	0.000724	0.00044391	3.2519e-07
27	0.99905	0.0005145	0.00043976	2.2717e-07
28	0.99878	0.00078814	0.00043534	3.4472e-07
29	0.9987	0.00086909	0.00043111	3.7357e-07
30	0.99893	0.00064183	0.00042697	2.7227e-07
31	0.99955	2.3061e-05	0.00042293	9.7939e-09
32	0.99888	0.00070347	0.00041846	2.9491e-07
33	0.99863	0.0009593	0.00041416	3.9824e-07
34	0.9988	0.00079082	0.00041004	3.2522e-07
35	0.9994	0.00019785	0.00040609	8.1139e-08
36	0.99959	1.016e-05	0.00040208	4.1415e-09
37	0.9996	6.6054e-08	0.00039808	2.6328e-11
38	0.99874	0.000864	0.0003937	3.4347e-07
39	0.99799	0.0016219	0.00038947	6.3495e-07
40	0.99898	0.00063743	0.00038587	2.4994e-07
41	0.99894	0.00068007	0.00038196	2.6488e-07
42	0.99911	0.00051158	0.00037822	1.9771e-07
43	0.9995	0.00012889	0.00037465	5.0007e-08
44	0.99751	0.0021183	0.00037027	8.0059e-07
45	0.99528	0.0043565	0.0003659	1.623e-06
46	0.99547	0.0041612	0.00036253	1.5317e-06
47	0.99604	0.0035968	0.00035924	1.314e-06
48	0.99936	0.00028392	0.00035703	1.0347e-07
49	0.99961	3.9364e-05	0.00035378	1.4e-08
50	0.99965	6.5351e-07	0.00035042	2.2848e-10
51	0.99949	0.00016314	0.00034694	5.7143e-08
52	0.99965	4.0287e-06	0.00034366	1.3968e-09
53	0.99868	0.00097537	0.00034007	3.3066e-07
54	0.9993	0.00036465	0.00033698	1.2348e-07
55	0.99943	0.00023196	0.0003338	7.7771e-08
56	0.99928	0.00039105	0.0003306	1.2815e-07
57	0.99954	0.00013131	0.00032751	4.1664e-08
58	0.99919	0.00048975	0.00032417	1.5308e-07
59	0.99925	0.00042731	0.00032093	1.2841e-07
60	0.99954	0.00014296	0.00031784	3.0286e-08
61	0.99749	0.0021926	0.00031421	4.3466e-07
62	0.98956	0.010124	0.00031208	2.9489e-06
63	0.98161	0.01807	0.0003099	5.4933e-06
64	0.97964	0.020047	0.00030965	6.1399e-06
65	0.98193	0.017758	0.00031077	5.4447e-06
66	0.99192	0.0077653	0.00031426	2.3725e-06
67	0.99447	0.0052131	0.00031543	1.5965e-06
68	0.99731	0.0023699	0.00031667	7.3211e-07
69	0.9996	8.2913e-05	0.00031778	2.5746e-08
70	0.99888	0.00079777	0.00031793	2.5585e-07
71	0.99933	0.00035102	0.00031849	1.1297e-07
72	0.99944	0.0002454	0.00031898	7.7957e-08
73	0.99501	0.0046721	0.000318	1.4849e-06
74	0.99456	0.0051196	0.00031827	1.6324e-06
75	0.99742	0.0022595	0.00031956	7.3135e-07
76	0.99564	0.0040419	0.00031941	1.3137e-06
77	0.9964	0.0032799	0.00032005	1.0785e-06
78	0.99695	0.0027249	0.00032066	9.0588e-07
79	0.99038	0.0092968	0.00031897	3.0745e-06
80	0.98912	0.010561	0.00031898	3.5107e-06
81	0.99088	0.0087924	0.00032003	2.9477e-06
82	0.98366	0.016014	0.00031806	5.3882e-06
83	0.98196	0.017718	0.00031797	5.9776e-06
84	0.9843	0.015372	0.00031926	5.2195e-06
85	0.84908	0.15059	0.00027659	4.856e-05
86	0.8023	0.19737	0.00026203	6.3768e-05
87	0.78491	0.21476	0.00025702	6.9461e-05
88	0.7649	0.23478	0.00025108	7.6065e-05
89	0.76253	0.23714	0.00025082	7.6979e-05
90	0.77706	0.22261	0.00025602	7.2403e-05
91	0.81769	0.18198	0.00026993	5.9161e-05
92	0.78361	0.21606	0.00025926	7.0471e-05
93	0.73879	0.26088	0.00024487	8.5485e-05
94	0.58463	0.41504	0.00019369	0.00013727
95	0.36985	0.62982	0.0001226	0.00020899
96	0.30304	0.69662	0.00010039	0.00023182
97	0.21483	0.78483	7.1175e-05	0.00026168
98	0.17954	0.82012	5.9641e-05	0.00027388
99	0.17083	0.82884	5.6844e-05	0.00027733
100	0.15733	0.84234	5.2491e-05	0.00028236
101	0.15826	0.84141	5.2908e-05	0.00028261
102	0.17501	0.82466	5.8587e-05	0.00027759
103	0.088444	0.91122	2.9632e-05	0.00030723
104	0.058299	0.94136	1.9479e-05	0.00031805
105	0.048424	0.95124	1.6134e-05	0.00032205
106	0.033299	0.96636	1.1031e-05	0.00032784
107	0.029565	0.9701	9.7554e-06	0.00032978
108	0.029925	0.96973	9.8717e-06	0.00033036
109	0.035095	0.96456	1.1613e-05	0.00032933
110	0.017012	0.98265	5.5519e-06	0.00033612
111	0.0097462	0.98991	3.1338e-06	0.00033929
112	0.0079657	0.99169	2.5291e-06	0.00034064
113	0.0081054	0.99155	2.5642e-06	0.00034136
114	0.010495	0.98916	3.3406e-06	0.00034137
115	0.011994	0.98766	3.8129e-06	0.00034168
116	0.016784	0.98287	5.366e-06	0.00034092
117	0.029205	0.97045	9.4409e-06	0.00033766
118	0.059957	0.93969	1.9639e-05	0.0003283
119	0.14776	0.8519	4.862e-05	0.00030015
120	0.39789	0.60177	0.00013083	0.00021876
121	0.39308	0.60657	0.00012924	0.0002212
122	0.40429	0.59536	0.00013309	0.00021818
123	0.44494	0.55471	0.00014666	0.00020544
124	0.47487	0.52477	0.00015685	0.00019609
125	0.47503	0.52462	0.00015703	0.0001968
126	0.49031	0.50933	0.0001625	0.00019224
127	0.45464	0.545	0.00014953	0.00020611
128	0.44305	0.55659	0.00014548	0.00021108
129	0.44556	0.55408	0.00014653	0.000211
130	0.36249	0.63715	0.00011638	0.00024213
131	0.26498	0.73466	8.049e-05	0.000279
132	0.23548	0.76416	6.9542e-05	0.00029091
133	0.20468	0.79496	5.7936e-05	0.00030347
134	0.1932	0.80643	5.3519e-05	0.00030886
135	0.1933	0.80634	5.3144e-05	0.00031024
136	0.16965	0.82998	4.4316e-05	0.00032009
137	0.16557	0.83406	4.2445e-05	0.00032298
138	0.17066	0.82898	4.3487e-05	0.00032298
139	0.15733	0.8423	3.8353e-05	0.00032918
140	0.15716	0.84247	3.7682e-05	0.00033091
141	0.16663	0.833	3.9799e-05	0.00032987
142	0.17147	0.82816	4.0615e-05	0.00033016
143	0.18906	0.81057	4.4866e-05	0.00032704
144	0.23242	0.7672	5.5719e-05	0.00031734
145	0.26171	0.73792	6.7584e-05	0.00030365
146	0.33145	0.66818	9.5804e-05	0.00027363
147	0.50366	0.49597	0.0001659	0.00020177
148	0.99471	0.0049234	0.00036386	2.0227e-06
149	0.99488	0.0047511	0.00036225	1.9097e-06
150	0.99778	0.0018622	0.00036174	7.3833e-07
151	0.99672	0.0029175	0.00035967	1.1082e-06
152	0.9912	0.0084398	0.00035606	3.071e-06
153	0.98582	0.013825	0.00035247	4.9821e-06
154	0.98591	0.013734	0.00035081	4.9311e-06
155	0.97947	0.020173	0.0003469	7.187e-06
156	0.97954	0.02011	0.00034527	7.1372e-06
157	0.98401	0.015634	0.00034525	5.5211e-06
158	0.98812	0.011526	0.00034504	4.0612e-06
159	0.99926	0.00038763	0.00034735	1.3693e-07
160	0.99719	0.0024617	0.00034506	8.5328e-07
161	0.99739	0.0022621	0.00034354	7.8298e-07
162	0.99955	0.00010238	0.00034273	3.4957e-08
163	0.9995	0.00015963	0.00034114	5.4285e-08
164	0.9994	0.00025937	0.00033949	8.8749e-08
165	0.99958	8.44e-05	0.00033799	2.8844e-08
166	0.99349	0.0061697	0.00033443	2.0742e-06
167	0.97344	0.026229	0.00032614	8.8262e-06
168	0.96821	0.031457	0.00032283	1.056e-05
169	0.96997	0.0297	0.00032184	9.9577e-06
170	0.9779	0.021765	0.00032294	7.3099e-06
171	0.98503	0.014641	0.00032371	4.9686e-06
172	0.98533	0.014342	0.00032227	4.8703e-06
173	0.98072	0.01895	0.00031915	6.4353e-06
174	0.97572	0.023954	0.00031587	8.14e-06
175	0.94917	0.050508	0.00030536	1.7109e-05
176	0.94222	0.057459	0.00030148	1.9427e-05
177	0.94444	0.055242	0.00030061	1.8713e-05
178	0.94473	0.054956	0.00029915	1.8619e-05
179	0.95546	0.044222	0.00030098	1.5222e-05
180	0.98234	0.017346	0.0003079	6.7713e-06
181	0.98798	0.011703	0.00030806	5.056e-06
182	0.9921	0.0075895	0.00030776	3.8349e-06
183	0.9953	0.0043977	0.00030387	2.1239e-06
184	0.99569	0.0040079	0.00029856	1.7808e-06
185	0.99644	0.0032681	0.00029325	1.3596e-06
186	0.99701	0.0027052	0.00028796	1.0483e-06
187	0.99576	0.0039553	0.000282	1.355e-06
188	0.99656	0.0031663	0.00027677	1.0366e-06
189	0.99718	0.0025501	0.00027159	7.9324e-07
190	0.97701	0.022726	0.00026077	6.1324e-06
191	0.96957	0.030167	0.00025363	7.9184e-06
192	0.96923	0.030516	0.00024832	7.8291e-06
193	0.95897	0.040777	0.00024068	1.0183e-05
194	0.94718	0.052576	0.00023271	1.2817e-05
195	0.89473	0.10503	0.00021546	2.4852e-05
196	0.82601	0.17376	0.00019526	3.9942e-05
197	0.74569	0.25408	0.000172	5.7586e-05
198	0.71891	0.28087	0.00016164	6.2275e-05
199	0.40831	0.59147	8.8189e-05	0.00013001
200	0.28197	0.71782	5.8658e-05	0.00015392
201	0.23104	0.76876	4.6502e-05	0.00016055
202	0.21164	0.78816	4.1357e-05	0.00016025
203	0.20894	0.79086	3.9646e-05	0.00015649
204	0.2165	0.78331	3.9934e-05	0.00015081
205	0.2399	0.75992	4.3087e-05	0.00014234
206	0.23816	0.76166	4.1558e-05	0.00013862
207	0.2484	0.75142	4.2175e-05	0.00013284
208	0.25336	0.74647	4.1833e-05	0.00012809
209	0.27423	0.7256	4.4142e-05	0.00012077
210	0.34583	0.65401	5.4403e-05	0.00010547
211	0.51193	0.48792	7.9031e-05	7.5878e-05
212	0.98559	0.014258	0.00014864	1.2719e-06
213	0.98709	0.012765	0.0001476	1.1954e-06
214	0.51045	0.4894	7.4744e-05	7.2912e-05
215	0.31637	0.68349	4.5445e-05	0.0001011
216	0.23762	0.76223	3.3634e-05	0.00011182
217	0.20638	0.79348	2.8905e-05	0.00011547
218	0.19957	0.80029	2.7695e-05	0.0001156
219	0.20353	0.79633	2.8036e-05	0.0001142
220	0.22166	0.7782	3.0373e-05	0.00011082
221	0.28435	0.71551	3.8801e-05	0.00010133
222	0.42987	0.56999	5.8625e-05	8.0476e-05
223	0.53408	0.46578	7.261e-05	6.5474e-05
224	0.53397	0.46589	7.2089e-05	6.5001e-05
225	0.53316	0.4667	7.1449e-05	6.4634e-05
226	0.42389	0.57597	5.6307e-05	7.8791e-05
227	0.31262	0.68725	4.0995e-05	9.3106e-05
228	0.26799	0.73187	3.4819e-05	9.8305e-05
229	0.21154	0.78832	2.7256e-05	0.00010491
230	0.19313	0.80674	2.4673e-05	0.00010653
231	0.19201	0.80785	2.4335e-05	0.00010589
232	0.16814	0.83173	2.105e-05	0.00010818
233	0.15985	0.84002	1.9826e-05	0.00010844
234	0.16167	0.8382	1.9906e-05	0.0001074
235	0.17794	0.82193	2.1764e-05	0.00010458
236	0.21832	0.78156	2.6603e-05	9.8797e-05
237	0.31878	0.6811	3.8873e-05	8.5597e-05
238	0.24446	0.75542	2.9563e-05	9.3996e-05
239	0.22253	0.77735	2.6678e-05	9.596e-05
240	0.21584	0.78404	2.5689e-05	9.6044e-05
241	0.20864	0.79124	2.4634e-05	9.6183e-05
242	0.21165	0.78823	2.4823e-05	9.5094e-05
243	0.23163	0.76825	2.6998e-05	9.201e-05
244	0.29996	0.69992	3.4749e-05	8.334e-05
245	0.45841	0.54147	5.2958e-05	6.4229e-05
246	0.84769	0.1522	9.8013e-05	1.8291e-05
247	0.85281	0.14708	9.7885e-05	1.756e-05
248	0.87603	0.12385	9.9816e-05	1.4756e-05
249	0.93193	0.067957	0.00010552	8.2019e-06
250	0.94592	0.05397	0.00010636	6.5301e-06
251	0.93643	0.063459	0.0001045	7.5879e-06
252	0.93535	0.064537	0.00010364	7.6579e-06
253	0.94326	0.056632	0.00010379	6.7122e-06
254	0.9249	0.074989	0.00010098	8.7514e-06
255	0.91931	0.080577	9.966e-05	9.3171e-06
256	0.91386	0.086028	9.8341e-05	9.8681e-06
257	0.91602	0.083871	9.7896e-05	9.5652e-06
258	0.92738	0.072513	9.8485e-05	8.2482e-06
259	0.92566	0.074231	9.7655e-05	8.3726e-06
260	0.93114	0.06875	9.7634e-05	7.7071e-06
261	0.94788	0.052016	9.8866e-05	5.8079e-06
262	0.95036	0.049534	9.8545e-05	5.4829e-06
263	0.9615	0.038395	9.9192e-05	4.2113e-06
264	0.99976	0.00013315	0.00010275	1.4457e-08
265	0.99879	0.0011098	0.00010199	1.1446e-07
266	0.99913	0.00076768	0.00010139	7.8109e-08
267	0.99987	2.6322e-05	0.00010082	2.6807e-09
268	0.99982	7.9258e-05	0.00010018	7.9445e-09
269	0.99926	0.00063934	9.9477e-05	6.421e-08
270	0.99983	6.9498e-05	9.8908e-05	6.9499e-09
271	0.99929	0.00060939	9.8215e-05	6.0824e-08
272	0.99893	0.00097392	9.7561e-05	9.6373e-08
273	0.99989	1.0203e-05	9.7058e-05	1.012e-09
274	0.99982	8.2672e-05	9.6471e-05	8.0634e-09
275	0.99892	0.00098478	9.5824e-05	9.4668e-08
276	0.9996	0.00030863	9.5314e-05	3.0342e-08
277	0.8959	0.10401	8.4661e-05	1.0129e-05
278	0.8602	0.13971	8.067e-05	1.3553e-05
279	0.84968	0.15023	7.9132e-05	1.4511e-05
280	0.83378	0.16613	7.7116e-05	1.5965e-05
281	0.76726	0.23265	7.0351e-05	2.2184e-05
282	0.74149	0.25841	6.7537e-05	2.4471e-05
283	0.71541	0.2845	6.4688e-05	2.6779e-05
284	0.70724	0.29267	6.3553e-05	2.7388e-05
285	0.69337	0.30654	6.1929e-05	2.85e-05
286	0.67303	0.32688	5.9762e-05	3.0171e-05
287	0.65164	0.34827	5.7493e-05	3.1931e-05
288	0.64734	0.35257	5.6799e-05	3.2131e-05
289	0.64101	0.3589	5.5912e-05	3.2514e-05
290	0.6504	0.34951	5.6403e-05	3.151e-05
291	0.68678	0.31314	5.9209e-05	2.8179e-05
292	0.63585	0.36407	5.4273e-05	3.258e-05
293	0.61716	0.38275	5.2285e-05	3.4048e-05
294	0.61371	0.3862	5.1664e-05	3.4163e-05
295	0.57503	0.42488	4.8043e-05	3.7292e-05
296	0.53049	0.46942	4.3926e-05	4.0907e-05
297	0.51342	0.4865	4.222e-05	4.2124e-05
298	0.42463	0.57529	3.4555e-05	4.9313e-05
299	0.38718	0.61274	3.1274e-05	5.2128e-05
300	0.37457	0.62535	3.0086e-05	5.2862e-05
301	0.32157	0.67835	2.5598e-05	5.6888e-05
302	0.30166	0.69826	2.3861e-05	5.8173e-05
303	0.2968	0.70312	2.3362e-05	5.8231e-05
304	0.30434	0.69558	2.388e-05	5.7283e-05
305	0.33554	0.66438	2.6299e-05	5.4426e-05
306	0.41001	0.58991	3.225e-05	4.8047e-05
307	0.64912	0.3508	5.1365e-05	2.8495e-05
308	0.81737	0.18255	6.4705e-05	1.4729e-05
309	0.98155	0.01837	7.7505e-05	1.4964e-06
310	0.97925	0.020675	7.6915e-05	1.6697e-06
311	0.98127	0.018656	7.6688e-05	1.496e-06
312	0.99076	0.0091656	7.7036e-05	7.3511e-07
313	0.99239	0.0075329	7.6775e-05	6.0005e-07
314	0.99339	0.0065363	7.6478e-05	5.1529e-07
315	0.99956	0.00035981	7.657e-05	2.8502e-08
316	0.93567	0.064255	7.1304e-05	4.9141e-06
317	0.914	0.085929	6.9277e-05	6.5495e-06
318	0.90629	0.09363	6.8351e-05	7.0985e-06
319	0.90687	0.093055	6.807e-05	7.0146e-06
320	0.91901	0.080913	6.8642e-05	6.0677e-06
321	0.95188	0.048041	7.0789e-05	3.5603e-06
322	0.96079	0.039133	7.1098e-05	2.8781e-06
323	0.96685	0.033078	7.1172e-05	2.418e-06
324	0.98977	0.010153	7.245e-05	7.4186e-07
325	0.99009	0.0098356	7.2092e-05	7.1479e-07
326	0.99486	0.0050704	7.2042e-05	3.6843e-07
327	0.99992	1.2352e-05	7.203e-05	8.906e-10
328	0.99731	0.0026141	7.1481e-05	1.8519e-07
329	0.99724	0.0026878	7.1099e-05	1.8939e-07
330	0.99992	1.0822e-05	7.0898e-05	7.6607e-10
331	0.99846	0.0014724	7.0419e-05	1.0396e-07
332	0.97783	0.022103	6.8621e-05	1.5404e-06
333	0.97018	0.029752	6.7757e-05	2.0566e-06
334	0.96969	0.030243	6.7378e-05	2.0777e-06
335	0.97576	0.024167	6.7437e-05	1.6489e-06
336	0.9981	0.0018264	6.858e-05	1.2367e-07
337	0.99563	0.0043064	6.8045e-05	2.9044e-07
338	0.99594	0.0039922	6.7688e-05	2.6767e-07
339	0.99987	6.1979e-05	6.7559e-05	4.1504e-09
340	0.9997	0.00023297	6.7172e-05	1.5452e-08
341	0.99906	0.00087362	6.674e-05	5.7852e-08
342	0.99993	1.1207e-06	6.6396e-05	7.4076e-11
343	0.99896	0.00097825	6.5946e-05	6.4048e-08
344	0.99839	0.0015424	6.551e-05	1.0071e-07
345	0.99935	0.00058146	6.5189e-05	3.6834e-08
346	0.9984	0.0015331	6.4653e-05	9.9063e-08
347	0.99737	0.0025689	6.4127e-05	1.651e-07
348	0.9984	0.0015314	6.3722e-05	9.8527e-08
349	0.99595	0.0039877	6.308e-05	2.5727e-07
350	0.99594	0.0039947	6.2613e-05	2.5655e-07
351	0.99838	0.0015585	6.2317e-05	1.0084e-07
352	0.99301	0.0069316	6.1542e-05	4.3857e-07
353	0.9924	0.0075396	6.1055e-05	4.7557e-07
354	0.9947	0.0052398	6.0765e-05	3.3137e-07
355	0.99367	0.0062701	6.0283e-05	3.933e-07
356	0.99525	0.0046912	5.9977e-05	2.936e-07
357	0.99719	0.0027495	5.9709e-05	1.72e-07
358	0.99688	0.0030613	5.9316e-05	1.8893e-07
359	0.9985	0.0014427	5.9053e-05	8.8611e-08
360	0.99991	2.8465e-05	5.8788e-05	1.7594e-09
361	0.99956	0.00037961	5.8428e-05	2.2571e-08
362	0.99948	0.0004594	5.8098e-05	2.7141e-08
363	0.99872	0.0012211	5.7741e-05	7.1108e-08
364	0.99836	0.001585	5.7396e-05	9.2218e-08
365	0.99797	0.0019728	5.7061e-05	1.1407e-07
366	0.99756	0.0023835	5.6738e-05	1.3646e-07
367	0.99756	0.0023852	5.6426e-05	1.3606e-07
368	0.99958	0.00036751	5.6242e-05	2.0684e-08
369	0.99952	0.00042088	5.5929e-05	2.348e-08
370	0.99726	0.0026884	5.5481e-05	1.4996e-07
371	0.99716	0.0027867	5.5168e-05	1.5399e-07
372	0.99983	0.00011584	5.4995e-05	6.369e-09
373	0.99973	0.00021889	5.4655e-05	1.2191e-08
374	0.9975	0.0024437	5.421e-05	1.3473e-07
375	0.99535	0.004593	5.3784e-05	2.5068e-07
376	0.99552	0.0044215	5.3496e-05	2.3921e-07
377	0.99886	0.0010887	5.3367e-05	5.9044e-08
378	0.99954	0.00040468	5.3106e-05	2.1914e-08
379	0.99957	0.00037611	5.2821e-05	2.0108e-08
380	0.99897	0.00098178	5.2513e-05	5.1495e-08
381	0.99995	1.1065e-07	5.2277e-05	5.8195e-12
382	0.99888	0.0010691	5.1946e-05	5.5513e-08
383	0.99803	0.0019153	5.1617e-05	9.9352e-08
384	0.99882	0.0011265	5.1384e-05	5.7859e-08
385	0.99986	9.255e-05	5.1154e-05	4.7014e-09
386	0.99994	7.435e-06	5.0864e-05	3.8055e-10
387	0.99995	3.6826e-06	5.0581e-05	1.8705e-10
388	0.99872	0.0012251	5.0226e-05	6.2364e-08
389	0.99745	0.0025024	4.9857e-05	1.2747e-07
390	0.99801	0.0019415	4.9593e-05	9.8953e-08
391	0.98135	0.018598	4.8446e-05	9.4392e-07
392	0.96428	0.035667	4.7305e-05	1.7931e-06
393	0.95798	0.041968	4.6722e-05	2.0941e-06
394	0.93125	0.068702	4.5122e-05	3.4032e-06
395	0.92167	0.07828	4.4395e-05	3.8502e-06
396	0.92219	0.077766	4.415e-05	3.8056e-06
397	0.90802	0.091935	4.3212e-05	4.4645e-06
398	0.89187	0.10809	4.2173e-05	5.2155e-06
399	0.8874	0.11256	4.1713e-05	5.3966e-06
400	0.89482	0.10514	4.1803e-05	5.0179e-06
401	0.91794	0.082013	4.2641e-05	3.901e-06
402	0.97313	0.026826	4.4996e-05	1.2776e-06
403	0.96991	0.030047	4.4599e-05	1.4173e-06
404	0.97181	0.028143	4.4453e-05	1.3163e-06
405	0.98336	0.016593	4.4741e-05	7.7074e-07
406	0.98612	0.013837	4.4604e-05	6.3934e-07
407	0.99466	0.0052997	4.4742e-05	2.4274e-07
408	0.99669	0.0032664	4.4568e-05	1.4882e-07
409	0.99393	0.00603	4.4165e-05	2.7235e-07
410	0.994	0.0059554	4.3902e-05	2.6703e-07
411	0.99676	0.0031958	4.3769e-05	1.4176e-07
412	0.99988	7.3838e-05	4.3638e-05	3.2774e-09
413	0.99993	2.6882e-05	4.3381e-05	1.1626e-09
414	0.99697	0.0029915	4.3005e-05	1.2688e-07
415	0.95327	0.046689	4.0941e-05	1.9514e-06
416	0.94045	0.059505	4.0168e-05	2.475e-06
417	0.93928	0.060677	3.9875e-05	2.5084e-06
418	0.93582	0.064133	3.9499e-05	2.6334e-06
419	0.93898	0.060981	3.941e-05	2.4804e-06
420	0.95428	0.045675	3.9813e-05	1.826e-06
421	0.95631	0.043652	3.9583e-05	1.7357e-06
422	0.96809	0.031865	3.9727e-05	1.2616e-06
423	0.99881	0.0011484	4.0623e-05	4.561e-08
424	0.98466	0.015302	3.9743e-05	6.1773e-07
425	0.97926	0.020703	3.9233e-05	8.2783e-07
426	0.97861	0.02135	3.8927e-05	8.4497e-07
427	0.97755	0.022408	3.8593e-05	8.7878e-07
428	0.98197	0.017993	3.8464e-05	6.9913e-07
429	0.99899	0.00097262	3.8806e-05	3.8093e-08
430	0.99756	0.0024009	3.8417e-05	9.4629e-08
431	0.97887	0.021093	3.7368e-05	8.2258e-07
432	0.97204	0.027925	3.6801e-05	1.078e-06
433	0.94806	0.051902	3.557e-05	1.9878e-06
434	0.91468	0.085278	3.4016e-05	3.2293e-06
435	0.90237	0.097596	3.3283e-05	3.6589e-06
436	0.70013	0.29983	2.5647e-05	1.1e-05
437	0.62977	0.37019	2.2876e-05	1.3469e-05
438	0.60693	0.39304	2.1849e-05	1.4185e-05
439	0.25643	0.74353	9.1648e-06	2.6566e-05
440	0.13347	0.8665	4.7097e-06	3.0712e-05
441	0.095247	0.90472	3.3087e-06	3.1797e-05
442	0.080408	0.91956	2.7605e-06	3.2035e-05
443	0.077463	0.9225	2.6292e-06	3.1849e-05
444	0.082883	0.91708	2.7798e-06	3.1376e-05
445	0.076972	0.92299	2.5431e-06	3.1284e-05
446	0.078257	0.92171	2.5539e-06	3.0949e-05
447	0.087081	0.91289	2.8116e-06	3.0372e-05
448	0.0695	0.93047	2.2097e-06	3.0659e-05
449	0.063628	0.93634	2e-06	3.0558e-05
450	0.066364	0.9336	2.0643e-06	3.0177e-05
451	0.055463	0.94451	1.7005e-06	3.0228e-05
452	0.053743	0.94623	1.627e-06	2.9984e-05
453	0.057417	0.94255	1.7216e-06	2.9574e-05
454	0.058096	0.94187	1.725e-06	2.926e-05
455	0.065056	0.93491	1.9193e-06	2.8758e-05
456	0.069075	0.93089	2.0239e-06	2.835e-05
457	0.082009	0.91796	2.3964e-06	2.7678e-05
458	0.090164	0.90981	2.6222e-06	2.7157e-05
459	0.12065	0.87932	3.5005e-06	2.5976e-05
460	0.15026	0.84971	4.3266e-06	2.4842e-05
461	0.21971	0.78026	6.301e-06	2.2563e-05
462	0.39075	0.60922	1.1202e-05	1.7362e-05
463	0.43532	0.56465	1.2356e-05	1.5902e-05
464	0.56501	0.43496	1.5857e-05	1.2087e-05
465	0.97951	0.020463	2.7085e-05	5.3759e-07
466	0.981	0.018968	2.6822e-05	4.8746e-07
467	0.98941	0.010567	2.6734e-05	2.5397e-07
468	0.99603	0.0039415	2.6604e-05	7.1183e-08
469	0.99553	0.0044397	2.7279e-05	9.3376e-08
470	0.99738	0.0025949	2.8027e-05	5.779e-08
471	0.99961	0.00036264	2.8775e-05	8.5178e-09
472	0.9996	0.00036666	2.9461e-05	1.0019e-08
473	0.99899	0.00097762	3.0142e-05	2.9089e-08
474	0.99983	0.00013464	3.0856e-05	4.6038e-09
475	0.9998	0.00016369	3.1531e-05	7.184e-09
476	0.99955	0.00041949	3.1764e-05	1.4608e-08
477	0.99956	0.00040471	3.2013e-05	1.3522e-08
478	0.99992	5.01e-05	3.2264e-05	1.6852e-09
479	0.99937	0.00059271	3.2495e-05	1.9498e-08
480	0.99994	3.101e-05	3.277e-05	1.0385e-09
481	0.99653	0.0034374	3.2903e-05	1.1596e-07
482	0.99577	0.0041929	3.3133e-05	1.4251e-07
483	0.99711	0.0028566	3.3441e-05	9.8165e-08
484	0.95878	0.041184	3.2374e-05	1.4197e-06
485	0.78739	0.21257	2.6727e-05	7.3298e-06
486	0.71813	0.28184	2.4559e-05	9.7691e-06
487	0.4005	0.59946	1.384e-05	2.0767e-05
488	0.30122	0.69874	1.0483e-05	2.4394e-05
489	0.25889	0.74108	9.0901e-06	2.6063e-05
490	0.097373	0.90259	3.4455e-06	3.1977e-05
491	0.046787	0.95318	1.6547e-06	3.4031e-05
492	0.026275	0.97369	9.3178e-07	3.5021e-05
493	0.02033	0.97963	7.216e-07	3.5493e-05
494	0.01865	0.98131	6.6516e-07	3.5815e-05
495	0.020259	0.9797	7.2882e-07	3.6021e-05
496	0.014852	0.98511	5.3843e-07	3.6485e-05
497	0.014373	0.98559	5.2475e-07	3.6767e-05
498	0.018101	0.98186	6.6541e-07	3.6888e-05
499	0.014708	0.98525	5.4303e-07	3.7276e-05
500	0.015462	0.9845	5.7371e-07	3.7506e-05
501	0.019445	0.98052	7.2782e-07	3.7615e-05
502	0.032204	0.96776	1.2138e-06	3.7388e-05
503	0.069038	0.93092	2.6109e-06	3.6243e-05
504	0.15951	0.84045	6.0943e-06	3.3017e-05
505	0.18188	0.81808	7.0058e-06	3.2368e-05
506	0.23554	0.76442	9.1747e-06	3.0467e-05
507	0.38969	0.61027	1.5326e-05	2.4577e-05
508	0.50675	0.4932	2.0128e-05	2.0042e-05
509	0.79486	0.2051	3.2013e-05	8.4318e-06
510	0.99755	0.0024124	4.0628e-05	1.0086e-07
511	0.99683	0.0031252	4.0892e-05	1.3045e-07
512	0.99841	0.0015501	4.1241e-05	6.571e-08
513	0.99826	0.0017028	4.1528e-05	7.2528e-08
514	0.99599	0.0039656	4.1735e-05	1.6823e-07
515	0.99611	0.0038487	4.2054e-05	1.6373e-07
516	0.99958	0.00037481	4.2505e-05	1.6327e-08
517	0.99684	0.0031217	4.2699e-05	1.3544e-07
518	0.99641	0.0035432	4.3004e-05	1.5457e-07
519	0.99881	0.0011438	4.3419e-05	5.1563e-08
520	0.98526	0.014691	4.3132e-05	6.6222e-07
521	0.98137	0.018581	4.3262e-05	8.4627e-07
522	0.97759	0.022366	4.3381e-05	1.0304e-06
523	0.90993	0.090028	4.0544e-05	4.1802e-06
524	0.88706	0.11289	3.974e-05	5.2879e-06
525	0.87912	0.12084	3.9638e-05	5.7029e-06
526	0.86683	0.13313	3.934e-05	6.3235e-06
527	0.86511	0.13485	3.9544e-05	6.4518e-06
528	0.87349	0.12646	4.0237e-05	6.1021e-06
529	0.8694	0.13055	4.0329e-05	6.3428e-06
530	0.86507	0.13488	4.0393e-05	6.6013e-06
531	0.87044	0.12951	4.0935e-05	6.3925e-06
532	0.86053	0.13943	4.0752e-05	6.9188e-06
533	0.86055	0.1394	4.106e-05	6.9636e-06
534	0.87379	0.12616	4.2006e-05	6.3619e-06
535	0.85212	0.14783	4.1249e-05	7.4735e-06
536	0.84774	0.15221	4.1323e-05	7.7452e-06
537	0.8528	0.14715	4.188e-05	7.5433e-06
538	0.85751	0.14244	4.2409e-05	7.3594e-06
539	0.87501	0.12494	4.3608e-05	6.5156e-06
540	0.91826	0.081687	4.6173e-05	4.3174e-06
541	0.94902	0.050926	4.8139e-05	2.7275e-06
542	0.93411	0.06584	4.774e-05	3.515e-06
543	0.93006	0.069889	4.7911e-05	3.7447e-06
544	0.68351	0.31643	3.5609e-05	1.646e-05
545	0.60679	0.39316	3.1878e-05	2.0595e-05
546	0.58158	0.41837	3.0782e-05	2.2086e-05
547	0.27635	0.7236	1.4604e-05	3.8649e-05
548	0.15206	0.84788	8.0451e-06	4.5602e-05
549	0.10164	0.89831	5.405e-06	4.8643e-05
550	0.034672	0.96527	1.8642e-06	5.2592e-05
551	0.013697	0.98625	7.3938e-07	5.4119e-05
552	0.0072325	0.99271	3.8824e-07	5.4866e-05
553	0.0047582	0.99519	2.5468e-07	5.5402e-05
554	0.0041429	0.9958	2.2255e-07	5.5843e-05
555	0.005448	0.9945	2.9442e-07	5.6174e-05
556	0.0055528	0.99439	3.012e-07	5.6576e-05
557	0.0074272	0.99252	4.075e-07	5.6886e-05
558	0.012686	0.98726	7.0776e-07	5.7008e-05
559	0.016041	0.9839	9.0605e-07	5.7239e-05
560	0.025302	0.97464	1.4538e-06	5.7128e-05
561	0.048448	0.95149	2.8387e-06	5.6188e-05
562	0.10195	0.89799	6.0863e-06	5.3391e-05
563	0.27275	0.72719	1.643e-05	4.3491e-05
564	0.75924	0.2407	4.5908e-05	1.445e-05
565	0.75221	0.24773	4.5801e-05	1.4983e-05
566	0.75644	0.2435	4.6393e-05	1.4829e-05
567	0.7834	0.21654	4.8369e-05	1.3279e-05
568	0.76353	0.23641	4.7493e-05	1.4596e-05
569	0.76127	0.23867	4.7681e-05	1.4839e-05
570	0.77139	0.22854	4.8665e-05	1.4297e-05
571	0.38444	0.6155	2.4598e-05	3.8798e-05
572	0.2633	0.73664	1.7017e-05	4.6804e-05
573	0.22614	0.7738	1.4717e-05	4.952e-05
574	0.09378	0.90616	6.1138e-06	5.8533e-05
575	0.036362	0.96357	2.3882e-06	6.2674e-05
576	0.01625	0.98368	1.0676e-06	6.4405e-05
577	0.0081014	0.99183	5.3484e-07	6.5355e-05
578	0.00546	0.99447	3.6051e-07	6.5941e-05
579	0.0046927	0.99524	3.1109e-07	6.6408e-05
580	0.0033626	0.99657	2.2209e-07	6.6909e-05
581	0.0032922	0.99664	2.1785e-07	6.7332e-05
582	0.0044206	0.99551	2.9497e-07	6.7682e-05
583	0.0049911	0.99494	3.3386e-07	6.8063e-05
584	0.0045673	0.99536	3.0655e-07	6.8518e-05
585	0.0054331	0.9945	3.6796e-07	6.8892e-05
586	0.0025157	0.99741	1.7115e-07	6.9532e-05
587	0.0017915	0.99814	1.2176e-07	7.0017e-05
588	0.0017485	0.99818	1.1945e-07	7.0463e-05
589	0.0023548	0.99757	1.6278e-07	7.087e-05
590	0.004059	0.99587	2.8499e-07	7.1205e-05
591	0.0098878	0.99004	6.9959e-07	7.1241e-05
592	0.0049587	0.99497	3.5073e-07	7.2049e-05
593	0.0028874	0.99704	2.0488e-07	7.2662e-05
594	0.0021414	0.99779	1.5338e-07	7.3187e-05
595	0.0021689	0.99776	1.5791e-07	7.3663e-05
596	0.0033799	0.99655	2.4923e-07	7.4047e-05
597	0.0077505	0.99217	5.7507e-07	7.419e-05
598	0.010226	0.9897	7.6559e-07	7.4475e-05
599	0.016606	0.98332	1.2589e-06	7.4465e-05
600	0.032613	0.96731	2.5111e-06	7.3705e-05
601	0.078456	0.92147	6.0883e-06	7.0614e-05
602	0.20911	0.79082	1.6275e-05	6.0907e-05
603	0.62562	0.3743	4.869e-05	2.8963e-05
604	0.63229	0.36764	4.9488e-05	2.8625e-05
605	0.66674	0.33318	5.2433e-05	2.613e-05
606	0.74893	0.25099	5.9191e-05	1.9834e-05
607	0.77118	0.22874	6.1266e-05	1.821e-05
608	0.79328	0.20664	6.3325e-05	1.6589e-05
609	0.85103	0.14889	6.8269e-05	1.21e-05
610	0.86456	0.13535	6.9756e-05	1.1082e-05
611	0.89941	0.10051	7.3024e-05	8.2983e-06
612	0.98663	0.013289	8.0714e-05	1.1091e-06
613	0.99305	0.0068661	8.1768e-05	5.7411e-07
614	0.99975	0.00016916	8.2832e-05	1.4351e-08
615	0.99985	6.3107e-05	8.3362e-05	5.3429e-09
616	0.99957	0.00034347	8.3847e-05	2.9448e-08
617	0.99863	0.0012887	8.4291e-05	1.1076e-07
618	0.99905	0.00086324	8.4868e-05	7.5069e-08
619	0.96524	0.034674	8.2512e-05	2.9891e-06
620	0.95218	0.04773	8.1948e-05	4.1311e-06
621	0.95045	0.049468	8.2331e-05	4.3112e-06
622	0.34773	0.65218	3.0452e-05	5.6772e-05
623	0.13613	0.86379	1.2006e-05	7.5791e-05
624	0.061882	0.93803	5.4571e-06	8.2906e-05
625	0.029715	0.9702	2.6272e-06	8.6311e-05
626	0.016707	0.9832	1.4891e-06	8.8035e-05
627	0.012517	0.98739	1.1214e-06	8.8982e-05
628	0.012119	0.98779	1.0901e-06	8.9586e-05
629	0.01415	0.98576	1.2815e-06	8.9977e-05
630	0.020111	0.9798	1.8401e-06	9.0009e-05
631	0.040152	0.95976	3.6976e-06	8.8736e-05
632	0.089466	0.91044	8.3347e-06	8.4694e-05
633	0.23006	0.76985	2.1538e-05	7.2078e-05
634	0.63051	0.36939	5.9126e-05	3.507e-05
635	0.72058	0.27932	6.8048e-05	2.6743e-05
636	0.94284	0.057069	8.9907e-05	5.4953e-06
637	0.94525	0.054657	9.0747e-05	5.2879e-06
638	0.95861	0.041297	9.264e-05	4.0138e-06
639	0.99893	0.00097122	9.7164e-05	9.5971e-08
640	0.99971	0.00019385	9.7868e-05	1.9365e-08
641	0.99824	0.0016663	9.8333e-05	1.6715e-07
642	0.99673	0.0031705	9.8816e-05	3.1881e-07
643	0.99771	0.0021864	9.953e-05	2.2392e-07
644	0.99683	0.0030719	0.00010008	3.1704e-07
645	0.9979	0.002003	0.00010084	2.1015e-07
646	0.95588	0.044014	9.7165e-05	4.5662e-06
647	0.93835	0.061545	9.6017e-05	6.4124e-06
648	0.93511	0.064785	9.6312e-05	6.8007e-06
649	0.86157	0.13833	8.9102e-05	1.4679e-05
650	0.83055	0.16934	8.6392e-05	1.8077e-05
651	0.82378	0.17611	8.6205e-05	1.8936e-05
652	0.78125	0.21864	8.219e-05	2.3643e-05
653	0.76863	0.23126	8.133e-05	2.5182e-05
654	0.76815	0.23175	8.1799e-05	2.5411e-05
655	0.74251	0.25738	7.956e-05	2.8367e-05
656	0.7375	0.26239	7.952e-05	2.9111e-05
657	0.7439	0.25599	8.0756e-05	2.8599e-05
658	0.7467	0.25319	8.1633e-05	2.8466e-05
659	0.76791	0.23198	8.4549e-05	2.628e-05
660	0.82036	0.17953	9.1078e-05	2.0502e-05
661	0.83351	0.16637	9.3172e-05	1.9143e-05
662	0.87035	0.12953	9.8045e-05	1.5027e-05
663	0.95702	0.042865	0.00010885	4.9991e-06
664	0.95451	0.045374	0.00010934	5.3062e-06
665	0.95922	0.040667	0.00011066	4.7795e-06
666	0.97678	0.023101	0.00011348	2.7326e-06
667	0.97978	0.0201	0.00011462	2.3863e-06
668	0.98216	0.017719	0.00011567	2.1142e-06
669	0.99236	0.0075197	0.00011764	9.0728e-07
670	0.99981	6.5978e-05	0.00011932	8.1433e-09
671	0.99924	0.00063546	0.00012007	7.733e-08
672	0.9998	7.7125e-05	0.00012097	9.5917e-09
673	0.99703	0.002844	0.00012144	3.5626e-07
674	0.99691	0.0029644	0.00012223	3.7808e-07
675	0.99961	0.00026491	0.00012334	5.2949e-08
676	0.99894	0.00093645	0.00012284	1.3058e-07
677	0.99867	0.0012029	0.00012237	1.5913e-07
678	0.99987	4.9523e-06	0.00012211	6.4326e-10
679	0.99979	8.7913e-05	0.00012167	1.0859e-08
680	0.99874	0.0011432	0.00012112	1.3969e-07
681	0.99903	0.00085201	0.00012076	1.0338e-07
682	0.99861	0.0012672	0.0001203	1.5356e-07
683	0.99821	0.0016659	0.00011986	2.0043e-07
684	0.99987	1.3481e-05	0.00011965	2.6825e-09
685	0.99735	0.002532	0.00011719	3.0411e-07
686	0.99708	0.0028047	0.00011504	3.306e-07
687	0.99882	0.0010665	0.00011318	1.2414e-07
688	0.99901	0.00087421	0.00011119	9.9339e-08
689	0.99834	0.0015525	0.00010914	1.7059e-07
690	0.99955	0.00034241	0.00010727	3.7007e-08
691	0.99986	3.3028e-05	0.00010535	3.192e-09
692	0.99946	0.00043628	0.00010339	3.8358e-08
693	0.99789	0.0020133	0.00010139	1.6746e-07
694	0.99144	0.0084605	9.904e-05	6.7669e-07
695	0.99051	0.0093932	9.7144e-05	7.1269e-07
696	0.99249	0.0074105	9.555e-05	4.8537e-07
697	0.98567	0.014238	9.3299e-05	8.9346e-07
698	0.98464	0.015264	9.1443e-05	8.8459e-07
699	0.98389	0.016018	9.1481e-05	1.0072e-06
700	0.98249	0.017419	9.149e-05	1.1749e-06
701	0.98585	0.01406	9.1862e-05	9.6811e-07
702	0.99947	0.00043644	9.2951e-05	3.0412e-08
703	0.99871	0.0011972	9.3045e-05	1.0291e-07
704	0.9995	0.00040253	9.3268e-05	3.5212e-08
705	0.99977	0.0001387	9.3432e-05	1.2794e-08
706	0.99735	0.0025546	9.3357e-05	2.4394e-07
707	0.99704	0.0028617	9.3498e-05	2.7418e-07
708	0.99862	0.0012871	9.3833e-05	1.2497e-07
709	0.99711	0.0027977	9.3891e-05	2.6938e-07
710	0.99745	0.0024542	9.4141e-05	2.3663e-07
711	0.9999	2.5678e-06	9.4609e-05	2.4516e-10
712	0.98708	0.012826	9.3665e-05	1.1928e-06
713	0.97281	0.027097	9.2561e-05	2.5342e-06
714	0.96809	0.03181	9.2372e-05	2.9766e-06
715	0.89815	0.10175	8.5725e-05	9.782e-06
716	0.87046	0.12944	8.3208e-05	1.2474e-05
717	0.86312	0.13678	8.2628e-05	1.3216e-05
718	0.85568	0.14422	8.2016e-05	1.398e-05
719	0.85773	0.14217	8.2342e-05	1.3818e-05
720	0.87184	0.12806	8.3858e-05	1.2482e-05
721	0.78819	0.21171	7.5958e-05	2.0576e-05
722	0.76006	0.23984	7.3365e-05	2.3353e-05
723	0.75528	0.24462	7.3015e-05	2.3875e-05
724	0.72445	0.27546	7.0073e-05	2.6977e-05
725	0.71479	0.28511	6.9242e-05	2.7982e-05
726	0.718	0.2819	6.9691e-05	2.7722e-05
727	0.74357	0.25633	7.2298e-05	2.5293e-05
728	0.80573	0.19418	7.854e-05	1.9242e-05
729	0.95044	0.049458	9.3054e-05	4.9318e-06
730	0.94938	0.05052	9.3166e-05	5.04e-06
731	0.95635	0.043554	9.4058e-05	4.3555e-06
732	0.97512	0.024777	9.6161e-05	2.4746e-06
733	0.97927	0.020629	9.6784e-05	2.0629e-06
734	0.97777	0.022134	9.6829e-05	2.2167e-06
735	0.98076	0.019137	9.7343e-05	1.9176e-06
736	0.97774	0.022159	9.7279e-05	2.2146e-06
737	0.82862	0.17128	8.2728e-05	1.6985e-05
738	0.76845	0.23145	7.7008e-05	2.294e-05
739	0.55149	0.44841	5.564e-05	4.4531e-05
740	0.48414	0.51576	4.9009e-05	5.1375e-05
741	0.46529	0.53461	4.7198e-05	5.339e-05
742	0.43701	0.56289	4.4458e-05	5.6344e-05
743	0.4315	0.5684	4.3987e-05	5.702e-05
744	0.44426	0.55564	4.5345e-05	5.5858e-05
745	0.43753	0.56237	4.4715e-05	5.6674e-05
746	0.44435	0.55555	4.5484e-05	5.6105e-05
747	0.4706	0.5293	4.8261e-05	5.3538e-05
748	0.47256	0.52733	4.855e-05	5.3451e-05
749	0.49736	0.50254	5.114e-05	5.1053e-05
750	0.56232	0.43758	5.7883e-05	4.4514e-05
751	0.77177	0.22813	7.9288e-05	2.3303e-05
752	0.81817	0.18173	8.4222e-05	1.8579e-05
753	0.96857	0.031327	9.9766e-05	3.232e-06
754	0.96935	0.030549	0.00010005	3.1581e-06
755	0.97759	0.022305	0.00010109	2.317e-06
756	0.99828	0.001621	0.00010346	1.7126e-07
757	0.9982	0.0016912	0.00010368	1.7889e-07
758	0.99977	0.00012611	0.0001041	1.3663e-08
759	0.99989	9.2456e-06	0.00010437	1.6089e-09
760	0.99983	6.2953e-05	0.00010349	6.9287e-09
761	0.99981	8.9159e-05	0.00010269	9.2338e-09
762	0.99924	0.00066089	0.00010182	6.7765e-08
763	0.99754	0.0023568	0.00010082	2.4135e-07
764	0.99766	0.0022371	0.00010003	2.275e-07
765	0.99983	6.7365e-05	9.9466e-05	6.8514e-09
766	0.9991	0.0008031	9.8632e-05	7.9494e-08
767	0.99865	0.001256	9.7812e-05	1.2398e-07
768	0.99955	0.00035544	9.7146e-05	3.4999e-08
769	0.99972	0.00017938	9.6428e-05	1.7424e-08
770	0.99893	0.000971	9.5603e-05	9.3682e-08
771	0.99823	0.0016725	9.4811e-05	1.5932e-07
772	0.99791	0.0020007	9.4038e-05	1.8965e-07
773	0.99921	0.00069391	9.344e-05	6.5139e-08
774	0.99951	0.0003995	9.2731e-05	3.7499e-08
775	0.99784	0.0020708	9.1824e-05	1.9439e-07
776	0.99585	0.0040545	9.0912e-05	3.7668e-07
777	0.99618	0.0037274	9.0236e-05	3.4344e-07
778	0.9945	0.0054135	8.9361e-05	4.951e-07
779	0.99515	0.0047582	8.8719e-05	4.3225e-07
780	0.99863	0.001277	8.8349e-05	1.1567e-07
781	0.99574	0.0041771	8.7431e-05	3.6891e-07
782	0.99313	0.0067871	8.6525e-05	5.9512e-07
783	0.99325	0.0066603	8.588e-05	5.7859e-07
784	0.99343	0.0064851	8.5224e-05	5.5943e-07
785	0.99643	0.0034834	8.483e-05	2.9705e-07
786	0.9998	0.0001126	8.4446e-05	9.7478e-09
787	0.99892	0.00099153	8.3718e-05	8.4801e-08
788	0.99845	0.0014643	8.3047e-05	1.2404e-07
789	0.99949	0.00042572	8.2522e-05	3.6123e-08
790	0.99658	0.0033369	8.1689e-05	2.7607e-07
791	0.99647	0.0034493	8.1074e-05	2.8454e-07
792	0.99846	0.001464	8.0648e-05	1.2146e-07
793	0.99713	0.0027888	7.9937e-05	2.3082e-07
794	0.99762	0.0022987	7.9392e-05	1.909e-07
795	0.99613	0.0037957	7.8703e-05	3.1208e-07
796	0.97112	0.028797	7.6143e-05	2.3197e-06
797	0.96103	0.038892	7.4823e-05	3.1042e-06
798	0.95877	0.041156	7.415e-05	3.2592e-06
799	0.9643	0.035626	7.4067e-05	2.8102e-06
800	0.96783	0.032089	7.3844e-05	2.5172e-06
801	0.97995	0.019975	7.4302e-05	1.56e-06
802	0.98935	0.010576	7.4561e-05	8.1816e-07
803	0.98738	0.012547	7.3926e-05	9.5919e-07
804	0.98987	0.010051	7.3613e-05	7.649e-07
805	0.98076	0.019171	7.245e-05	1.4358e-06
806	0.97893	0.020993	7.182e-05	1.562e-06
807	0.98118	0.018749	7.1507e-05	1.3855e-06
808	0.98231	0.01762	7.1128e-05	1.2905e-06
809	0.97806	0.02187	7.0379e-05	1.5808e-06
810	0.9797	0.020232	7.0039e-05	1.4494e-06
811	0.98968	0.010247	7.0277e-05	7.2693e-07
812	0.99934	0.00059042	7.0464e-05	4.2614e-08
813	0.99915	0.00078379	6.9967e-05	5.6556e-08
814	0.99425	0.0056853	6.9153e-05	4.0371e-07
815	0.99344	0.0064902	6.8618e-05	4.5998e-07
816	0.99532	0.0046156	6.8287e-05	3.284e-07
817	0.9902	0.0097274	6.7485e-05	6.8318e-07
818	0.98904	0.010894	6.6976e-05	7.5944e-07
819	0.99096	0.0089775	6.6694e-05	6.2282e-07
820	0.98876	0.011172	6.6148e-05	7.6531e-07
821	0.99041	0.0095278	6.5848e-05	6.4959e-07
822	0.99678	0.0031556	6.5883e-05	2.1514e-07
823	0.99633	0.0036013	6.5441e-05	2.44e-07
824	0.99561	0.0043216	6.4996e-05	2.9017e-07
825	0.99716	0.0027759	6.4716e-05	1.8572e-07
826	0.99307	0.0068657	6.4083e-05	4.4886e-07
827	0.9928	0.007131	6.3688e-05	4.6375e-07
828	0.99549	0.004442	6.3498e-05	2.8714e-07
829	0.99546	0.004475	6.312e-05	2.8778e-07
830	0.99556	0.0043779	6.2737e-05	2.8125e-07
831	0.99825	0.0016905	6.2532e-05	1.1035e-07
832	0.97986	0.020078	6.095e-05	1.3046e-06
833	0.97314	0.026802	6.0151e-05	1.7291e-06
834	0.97228	0.027654	5.9745e-05	1.7751e-06
835	0.97047	0.029469	5.9296e-05	1.8786e-06
836	0.95963	0.040306	5.8308e-05	2.5349e-06
837	0.95702	0.042922	5.7847e-05	2.6773e-06
838	0.90242	0.097518	5.4216e-05	5.9797e-06
839	0.87965	0.1203	5.2565e-05	7.3126e-06
840	0.87432	0.12562	5.1957e-05	7.5932e-06
841	0.84401	0.15593	4.9841e-05	9.3721e-06
842	0.80084	0.1991	4.6946e-05	1.1918e-05
843	0.74026	0.25968	4.3079e-05	1.5447e-05
844	0.71541	0.28453	4.1382e-05	1.6816e-05
845	0.70885	0.29109	4.0783e-05	1.7098e-05
846	0.71494	0.285	4.0935e-05	1.664e-05
847	0.74698	0.25296	4.2571e-05	1.4689e-05
848	0.85307	0.14687	4.8402e-05	8.5319e-06
849	0.92815	0.071796	5.2443e-05	4.175e-06
850	0.93111	0.06883	5.2337e-05	3.9787e-06
851	0.94648	0.053461	5.292e-05	3.0826e-06
852	0.98625	0.013697	5.4905e-05	7.9693e-07
853	0.98378	0.01616	5.4458e-05	9.3334e-07
854	0.98523	0.014715	5.4246e-05	8.4695e-07
855	0.99183	0.0081162	5.4337e-05	4.7e-07
856	0.98317	0.016773	5.3587e-05	9.4739e-07
857	0.94369	0.056251	5.1113e-05	3.1367e-06
858	0.76499	0.23496	4.1052e-05	1.2923e-05
859	0.51952	0.48043	2.7571e-05	2.6141e-05
860	0.44312	0.55683	2.3285e-05	3.0156e-05
861	0.41336	0.58658	2.1575e-05	3.1602e-05
862	0.40881	0.59113	2.1208e-05	3.1698e-05
863	0.4178	0.58215	2.1564e-05	3.1078e-05
864	0.44805	0.5519	2.304e-05	2.9347e-05
865	0.54921	0.45074	2.8144e-05	2.398e-05
866	0.78345	0.2165	4.0134e-05	1.1734e-05
867	0.79965	0.2003	4.0781e-05	1.0841e-05
868	0.70885	0.2911	3.5832e-05	1.5554e-05
869	0.57998	0.41996	2.8998e-05	2.2161e-05
870	0.5249	0.47505	2.6054e-05	2.4886e-05
871	0.4475	0.55245	2.1962e-05	2.8749e-05
872	0.42201	0.57794	2.0539e-05	2.9936e-05
873	0.41954	0.58041	2.0286e-05	2.9945e-05
874	0.4165	0.58345	1.9994e-05	2.9984e-05
875	0.4262	0.57375	2.0339e-05	2.9394e-05
876	0.45792	0.54203	2.1753e-05	2.7743e-05
877	0.43798	0.56197	2.0645e-05	2.8622e-05
878	0.43695	0.563	2.0468e-05	2.8562e-05
879	0.44922	0.55073	2.0942e-05	2.7857e-05
880	0.43715	0.5628	2.0244e-05	2.8332e-05
881	0.43834	0.56161	2.0201e-05	2.8158e-05
882	0.43709	0.56286	2.0031e-05	2.8104e-05
883	0.43387	0.56608	1.9758e-05	2.8147e-05
884	0.42518	0.57477	1.9234e-05	2.8446e-05
885	0.42912	0.57083	1.9319e-05	2.8143e-05
886	0.40532	0.59463	1.8108e-05	2.9142e-05
887	0.39874	0.60121	1.7722e-05	2.9324e-05
888	0.40551	0.59445	1.7966e-05	2.8883e-05
889	0.40639	0.59356	1.7944e-05	2.8714e-05
890	0.4022	0.59776	1.7695e-05	2.8778e-05
891	0.39286	0.60709	1.7224e-05	2.9071e-05
892	0.37844	0.62152	1.6512e-05	2.9594e-05
893	0.37762	0.62233	1.6427e-05	2.9497e-05
894	0.38981	0.61014	1.6945e-05	2.8803e-05
895	0.39957	0.60039	1.7336e-05	2.8229e-05
896	0.34234	0.65761	1.4773e-05	3.0616e-05
897	0.32064	0.67931	1.379e-05	3.1428e-05
898	0.23927	0.76068	1.0211e-05	3.4829e-05
899	0.20693	0.79303	8.7922e-06	3.6076e-05
900	0.19806	0.80189	8.3825e-06	3.6308e-05
901	0.20204	0.79791	8.528e-06	3.5977e-05
902	0.20173	0.79823	8.4902e-06	3.5836e-05
903	0.21311	0.78685	8.97e-06	3.5182e-05
904	0.21953	0.78042	9.2356e-06	3.4748e-05
905	0.24667	0.75329	1.0403e-05	3.3405e-05
906	0.33676	0.6632	1.4297e-05	2.9329e-05
907	0.40146	0.5985	1.7081e-05	2.6369e-05
908	0.55196	0.448	2.3648e-05	1.9632e-05
909	0.98136	0.018595	4.2275e-05	8.2667e-07
910	0.96333	0.036627	4.1293e-05	1.619e-06
911	0.95832	0.041633	4.0876e-05	1.8357e-06
912	0.95907	0.040889	4.0722e-05	1.7991e-06
913	0.95865	0.041306	4.0529e-05	1.811e-06
914	0.96406	0.035894	4.0597e-05	1.5711e-06
915	0.97931	0.020647	4.1097e-05	9.0737e-07
916	0.93926	0.060693	3.9254e-05	2.5957e-06
917	0.92384	0.076115	3.8476e-05	3.2293e-06
918	0.92105	0.078912	3.8217e-05	3.3343e-06
919	0.92752	0.072438	3.8334e-05	3.0541e-06
920	0.93168	0.068278	3.8374e-05	2.8665e-06
921	0.95188	0.048081	3.9066e-05	2.0173e-06
922	0.95438	0.045583	3.903e-05	1.9043e-06
923	0.96456	0.035395	3.9324e-05	1.47e-06
924	0.99981	0.00014804	4.0637e-05	6.1967e-09
925	0.99519	0.0047684	4.0308e-05	1.9386e-07
926	0.99031	0.0096477	3.9959e-05	3.9209e-07
927	0.99024	0.0097157	3.9796e-05	3.9496e-07
928	0.93258	0.067384	3.7254e-05	2.7654e-06
929	0.85229	0.14767	3.384e-05	6.0171e-06
930	0.82827	0.17169	3.2712e-05	6.9735e-06
931	0.74496	0.255	2.9151e-05	1.0352e-05
932	0.70989	0.29007	2.7602e-05	1.1727e-05
933	0.69714	0.30282	2.6971e-05	1.2191e-05
934	0.68168	0.31828	2.6225e-05	1.2761e-05
935	0.68002	0.31994	2.6038e-05	1.2779e-05
936	0.69203	0.30793	2.6395e-05	1.2261e-05
