#coord	neutral	conserved	gBGC.neutral	gBGC.conserved
1	0.96617	0.032887	0.00091393	3.1153e-05
2	0.98775	0.011308	0.00093098	1.0676e-05
3	0.9924	0.0066649	0.00093197	6.2652e-06
4	0.99668	0.0023857	0.00093257	2.2321e-06
5	0.9977	0.0013733	0.00093008	1.2793e-06
6	0.99907	3.1424e-06	0.00092791	2.9206e-09
7	0.99907	5.7042e-06	0.00092447	5.2873e-09
8	0.99901	6.572e-05	0.00092098	6.0687e-08
9	0.99902	6.6503e-05	0.00091757	6.1187e-08
10	0.99905	3.5763e-05	0.0009142	3.2801e-08
11	0.99889	0.00019429	0.00091067	1.7741e-07
12	0.99906	2.8331e-05	0.00090744	2.5785e-08
13	0.99907	2.2457e-05	0.00090409	2.0357e-08
14	0.99899	0.0001074	0.00090066	9.6937e-08
15	0.99885	0.00025642	0.00089719	2.3024e-07
16	0.999	0.00010475	0.00089398	9.3839e-08
17	0.99907	3.6042e-05	0.00089071	3.2201e-08
18	0.99894	0.00017547	0.00088726	1.5607e-07
19	0.99911	1.0431e-05	0.00088409	9.2356e-09
20	0.99854	0.00057892	0.00088027	5.111e-07
21	0.99906	6.2907e-05	0.00087742	5.539e-08
22	0.99905	7.8789e-05	0.0008741	6.9084e-08
23	0.99903	0.00010116	0.0008708	8.838e-08
24	0.99896	0.00017616	0.00086746	1.5327e-07
25	0.9986	0.00053304	0.00086389	4.6145e-07
26	0.99842	0.0007237	0.00086048	6.2329e-07
27	0.99863	0.00051429	0.0008574	4.4111e-07
28	0.99836	0.00078781	0.00085389	6.7372e-07
29	0.99828	0.00086873	0.00085057	7.3944e-07
30	0.99851	0.00064156	0.00084749	5.4377e-07
31	0.99913	2.3051e-05	0.00084473	1.9496e-08
32	0.99846	0.00070317	0.00084089	5.9226e-07
33	0.9982	0.0009589	0.0008374	8.0454e-07
34	0.99837	0.00079049	0.00083427	6.6071e-07
35	0.99897	0.00019776	0.00083148	1.6482e-07
36	0.99916	1.0156e-05	0.00082837	8.4158e-09
37	0.99917	6.6026e-08	0.00082509	5.4602e-11
38	0.99831	0.00086363	0.00082111	7.1056e-07
39	0.99756	0.0016212	0.00081724	1.3272e-06
40	0.99855	0.00063716	0.00081478	5.192e-07
41	0.99851	0.00067978	0.00081146	5.5196e-07
42	0.99868	0.00051136	0.00080831	4.1423e-07
43	0.99907	0.00012883	0.00080534	1.0423e-07
44	0.99708	0.0021174	0.00080047	1.7043e-06
45	0.99485	0.0043546	0.00079543	3.4886e-06
46	0.99504	0.0041594	0.00079236	3.3173e-06
47	0.99561	0.0035952	0.00078957	2.8566e-06
48	0.99893	0.00028379	0.00078896	2.248e-07
49	0.99917	3.9347e-05	0.00078592	3.0971e-08
50	0.99922	6.5323e-07	0.00078271	5.1148e-10
51	0.99906	0.00016307	0.00077933	1.2737e-07
52	0.99922	4.027e-06	0.00077621	3.1248e-09
53	0.99825	0.00097495	0.00077221	7.5369e-07
54	0.99887	0.00036449	0.00076941	2.8097e-07
55	0.999	0.00023186	0.00076626	1.78e-07
56	0.99885	0.00039088	0.0007629	2.983e-07
57	0.99911	0.00013125	0.00075985	9.9653e-08
58	0.99875	0.00048953	0.00075631	3.7046e-07
59	0.99882	0.00042712	0.00075308	3.2228e-07
60	0.99911	0.0001429	0.00075003	1.0743e-07
61	0.99706	0.0021917	0.00074524	1.6381e-06
62	0.98914	0.01012	0.00073608	7.537e-06
63	0.9812	0.018063	0.00072693	1.3402e-05
64	0.97922	0.020039	0.00072226	1.4802e-05
65	0.98152	0.017751	0.00072076	1.3051e-05
66	0.99151	0.0077621	0.00072486	5.6849e-06
67	0.99406	0.005211	0.00072349	3.7981e-06
68	0.99691	0.0023689	0.0007223	1.72e-06
69	0.9992	8.2879e-05	0.00072071	6.0009e-08
70	0.99849	0.00079746	0.00071695	5.7327e-07
71	0.99893	0.00035088	0.00071403	2.5082e-07
72	0.99904	0.00024531	0.00071086	1.7459e-07
73	0.99462	0.0046703	0.0007045	3.3044e-06
74	0.99418	0.0051176	0.00070095	3.605e-06
75	0.99704	0.0022586	0.00069971	1.5861e-06
76	0.99526	0.0040404	0.00069522	2.8251e-06
77	0.99603	0.0032787	0.00069251	2.2843e-06
78	0.99658	0.0027239	0.00068965	1.8905e-06
79	0.99002	0.0092934	0.00068189	6.4128e-06
80	0.98876	0.010557	0.0006778	7.2532e-06
81	0.99053	0.0087893	0.00067581	6.012e-06
82	0.98331	0.016008	0.00066767	1.09e-05
83	0.98161	0.017712	0.00066333	1.2002e-05
84	0.98396	0.015366	0.00066174	1.0363e-05
85	0.84879	0.15054	0.00056818	0.00010071
86	0.80203	0.1973	0.00053428	0.00013138
87	0.78465	0.21469	0.0005202	0.00014225
88	0.76464	0.2347	0.00050447	0.00015475
89	0.76228	0.23706	0.00050044	0.00015555
90	0.77681	0.22254	0.00050742	0.00014532
91	0.81743	0.18192	0.00053129	0.00011821
92	0.78337	0.21599	0.00050657	0.00013969
93	0.73856	0.2608	0.0004752	0.00016783
94	0.58445	0.41491	0.00037402	0.00026575
95	0.36974	0.62962	0.00023538	0.00040116
96	0.30295	0.69641	0.00019181	0.00044149
97	0.21477	0.7846	0.00013525	0.0004948
98	0.17949	0.81988	0.00011246	0.00051435
99	0.17078	0.8286	0.00010645	0.00051712
100	0.15728	0.8421	9.7538e-05	0.0005228
101	0.15821	0.84117	9.7603e-05	0.00051949
102	0.17496	0.82443	0.00010736	0.00050648
103	0.08842	0.91097	5.3968e-05	0.00055663
104	0.058284	0.94111	3.5364e-05	0.00057198
105	0.048411	0.95098	2.9198e-05	0.00057488
106	0.03329	0.96611	1.9951e-05	0.00058087
107	0.029557	0.96985	1.7605e-05	0.00057996
108	0.029917	0.96949	1.7717e-05	0.00057658
109	0.035086	0.96432	2.0669e-05	0.00057038
110	0.017008	0.9824	9.9501e-06	0.00057785
111	0.0097438	0.98967	5.6634e-06	0.00057889
112	0.0079638	0.99145	4.5984e-06	0.0005767
113	0.0081035	0.99132	4.6528e-06	0.0005734
114	0.010492	0.98893	5.9968e-06	0.00056881
115	0.011991	0.98744	6.815e-06	0.00056474
116	0.01678	0.98265	9.4902e-06	0.00055882
117	0.029198	0.97024	1.6443e-05	0.00054862
118	0.059945	0.93949	3.3621e-05	0.00052821
119	0.14773	0.85172	8.2407e-05	0.00047618
120	0.3978	0.60164	0.00022052	0.00033481
121	0.393	0.60644	0.00021657	0.00033552
122	0.40421	0.59524	0.00022142	0.00032741
123	0.44486	0.5546	0.00024221	0.00030336
124	0.47478	0.52467	0.00025696	0.00028536
125	0.47494	0.52452	0.00025549	0.00028357
126	0.49023	0.50924	0.00026216	0.00027367
127	0.45456	0.54491	0.00024155	0.00029103
128	0.44298	0.55649	0.00023395	0.00029538
129	0.44549	0.55399	0.00023385	0.00029224
130	0.36243	0.63705	0.00018901	0.00033385
131	0.26494	0.73454	0.00013715	0.00038245
132	0.23545	0.76404	0.00012103	0.00039531
133	0.20465	0.79484	0.00010441	0.00040866
134	0.19317	0.80632	9.7873e-05	0.00041193
135	0.19327	0.80622	9.728e-05	0.00040927
136	0.16963	0.82987	8.4764e-05	0.00041853
137	0.16555	0.83395	8.2162e-05	0.00041787
138	0.17064	0.82887	8.4131e-05	0.00041264
139	0.15731	0.84219	7.7017e-05	0.00041651
140	0.15714	0.84237	7.641e-05	0.00041385
141	0.16662	0.8329	8.0494e-05	0.00040652
142	0.17145	0.82807	8.2287e-05	0.00040147
143	0.18904	0.81048	9.0172e-05	0.00039034
144	0.2324	0.76712	0.00011025	0.00036702
145	0.26168	0.73784	0.00012339	0.00035064
146	0.33142	0.66811	0.00015544	0.00031535
147	0.50361	0.49592	0.00023515	0.00023241
148	0.99461	0.0049229	0.00046203	2.2962e-06
149	0.99479	0.0047507	0.0004589	2.1997e-06
150	0.99768	0.001862	0.00045703	8.5558e-07
151	0.99663	0.0029172	0.00045333	1.3294e-06
152	0.99111	0.008439	0.00044763	3.8111e-06
153	0.98573	0.013824	0.00044201	6.1988e-06
154	0.98582	0.013733	0.00043885	6.1153e-06
155	0.97939	0.020171	0.00043282	8.9159e-06
156	0.97945	0.020108	0.00042966	8.8244e-06
157	0.98393	0.015633	0.00042844	6.8098e-06
158	0.98804	0.011525	0.00042702	4.9849e-06
159	0.99918	0.0003876	0.0004286	1.6658e-07
160	0.99711	0.0024615	0.00042449	1.0482e-06
161	0.99732	0.0022619	0.00042134	9.5633e-07
162	0.99948	0.00010237	0.00041902	4.2999e-08
163	0.99942	0.00015961	0.00041578	6.6383e-08
164	0.99933	0.00025935	0.0004125	1.0711e-07
165	0.99951	8.4394e-05	0.00040935	3.4463e-08
166	0.99342	0.0061692	0.00040364	2.5e-06
167	0.97337	0.026228	0.00039234	1.0552e-05
168	0.96815	0.031455	0.00038708	1.2556e-05
169	0.96991	0.029698	0.00038461	1.176e-05
170	0.97784	0.021764	0.00038456	8.5449e-06
171	0.98497	0.014641	0.00038413	5.7007e-06
172	0.98527	0.014341	0.00038103	5.5367e-06
173	0.98067	0.018949	0.00037603	7.2562e-06
174	0.97567	0.023953	0.0003709	9.0982e-06
175	0.94912	0.050505	0.0003577	1.9021e-05
176	0.94217	0.057456	0.00035198	2.1454e-05
177	0.94439	0.055239	0.00034968	2.0449e-05
178	0.94468	0.054954	0.00034667	2.0164e-05
179	0.95542	0.04422	0.00034744	1.6087e-05
180	0.98229	0.017346	0.00035397	6.2622e-06
181	0.98794	0.011702	0.00035275	4.1888e-06
182	0.99206	0.0075892	0.00035097	2.6922e-06
183	0.99525	0.0043975	0.00034884	1.5446e-06
184	0.99565	0.0040077	0.0003457	1.3942e-06
185	0.99639	0.0032679	0.00034267	1.1267e-06
186	0.99695	0.0027051	0.00033959	9.2377e-07
187	0.99571	0.0039551	0.00033587	1.3377e-06
188	0.9965	0.0031661	0.00033286	1.0608e-06
189	0.99712	0.00255	0.00032979	8.4586e-07
190	0.97695	0.022724	0.00031988	7.4557e-06
191	0.96951	0.030165	0.00031426	9.7938e-06
192	0.96916	0.030514	0.00031095	9.8077e-06
193	0.95891	0.040774	0.0003045	1.2966e-05
194	0.94711	0.052572	0.00029762	1.6544e-05
195	0.89466	0.10503	0.0002782	3.268e-05
196	0.82595	0.17375	0.00025415	5.3448e-05
197	0.74564	0.25406	0.00022699	7.7308e-05
198	0.71886	0.28084	0.00021646	8.4537e-05
199	0.40828	0.59143	0.00012146	0.00017623
200	0.28194	0.71776	8.2898e-05	0.00021148
201	0.23102	0.76869	6.7157e-05	0.00022392
202	0.21162	0.78809	6.083e-05	0.00022695
203	0.20892	0.79079	5.9367e-05	0.0002251
204	0.21648	0.78324	6.0811e-05	0.00022035
205	0.23988	0.75984	6.6625e-05	0.00021124
206	0.23813	0.76159	6.5362e-05	0.0002092
207	0.24838	0.75135	6.7374e-05	0.00020388
208	0.25333	0.7464	6.7902e-05	0.00020005
209	0.27421	0.72553	7.2638e-05	0.00019202
210	0.3458	0.65394	9.0552e-05	0.0001708
211	0.51187	0.48787	0.00013257	0.00012548
212	0.98549	0.014256	0.00025224	2.4957e-06
213	0.98698	0.012764	0.00025377	2.3378e-06
214	0.5104	0.48935	0.00013169	0.00012578
215	0.31633	0.68341	8.1928e-05	0.00017691
216	0.2376	0.76214	6.1807e-05	0.00019839
217	0.20636	0.79338	5.3943e-05	0.00020762
218	0.19955	0.80019	5.2421e-05	0.0002105
219	0.2035	0.79623	5.3731e-05	0.00021054
220	0.22163	0.7781	5.8819e-05	0.00020681
221	0.28432	0.71542	7.5827e-05	0.00019115
222	0.42981	0.56992	0.00011524	0.00015308
223	0.53401	0.46572	0.00014394	0.00012572
224	0.5339	0.46583	0.00014464	0.00012637
225	0.53309	0.46664	0.00014513	0.00012721
226	0.42383	0.57589	0.00011592	0.00015775
227	0.31257	0.68715	8.5833e-05	0.00018916
228	0.26796	0.73177	7.3912e-05	0.00020239
229	0.21151	0.78821	5.8611e-05	0.00021901
230	0.1931	0.80662	5.3753e-05	0.00022518
231	0.19199	0.80773	5.3685e-05	0.00022655
232	0.16812	0.8316	4.7196e-05	0.00023433
233	0.15982	0.83989	4.5061e-05	0.00023776
234	0.16164	0.83807	4.5782e-05	0.00023833
235	0.17791	0.8218	5.0616e-05	0.00023478
236	0.21828	0.78143	6.2398e-05	0.00022428
237	0.31872	0.68099	9.1593e-05	0.00019637
238	0.24442	0.75529	7.0544e-05	0.0002187
239	0.22249	0.77722	6.4489e-05	0.00022602
240	0.2158	0.78391	6.2825e-05	0.00022896
241	0.20861	0.7911	6.0991e-05	0.00023206
242	0.21162	0.78809	6.2143e-05	0.00023217
243	0.23159	0.76811	6.831e-05	0.00022726
244	0.29991	0.69979	8.8841e-05	0.00020797
245	0.45833	0.54137	0.00013641	0.00016164
246	0.84753	0.15217	0.00025358	4.5723e-05
247	0.85265	0.14705	0.00025618	4.4369e-05
248	0.87587	0.12383	0.00026425	3.7536e-05
249	0.93175	0.067944	0.00028232	2.0714e-05
250	0.94574	0.053959	0.00028772	1.6538e-05
251	0.93625	0.063447	0.00028597	1.9517e-05
252	0.93517	0.064524	0.0002868	1.9927e-05
253	0.94307	0.056621	0.00029038	1.7568e-05
254	0.92472	0.074974	0.00028584	2.3335e-05
255	0.91913	0.080561	0.00028523	2.5166e-05
256	0.91368	0.08601	0.00028465	2.697e-05
257	0.91583	0.083854	0.00028644	2.6398e-05
258	0.92719	0.072498	0.00029114	2.2918e-05
259	0.92547	0.074216	0.00029172	2.355e-05
260	0.93095	0.068736	0.00029458	2.1897e-05
261	0.94768	0.052005	0.00030105	1.6637e-05
262	0.95016	0.049523	0.00030301	1.5899e-05
263	0.96129	0.038387	0.00030776	1.2366e-05
264	0.99955	0.00013312	0.00032129	4.3118e-08
265	0.99857	0.0011095	0.00032218	3.5848e-07
266	0.99891	0.00076751	0.0003235	2.4864e-07
267	0.99965	2.6316e-05	0.00032494	8.5668e-09
268	0.99959	7.924e-05	0.00032612	2.5857e-08
269	0.99903	0.0006392	0.00032713	2.0962e-07
270	0.9996	6.9482e-05	0.00032851	2.2922e-08
271	0.99906	0.00060924	0.00032953	2.0145e-07
272	0.9987	0.00097369	0.00033061	3.2299e-07
273	0.99966	1.0201e-05	0.00033213	3.4002e-09
274	0.99958	8.2652e-05	0.00033331	2.7602e-08
275	0.99868	0.00098455	0.00033421	3.2954e-07
276	0.99936	0.00030855	0.00033563	1.0405e-07
277	0.89568	0.10398	0.0003018	3.5136e-05
278	0.85999	0.13967	0.00029075	4.7377e-05
279	0.84947	0.15019	0.00028818	5.1134e-05
280	0.83357	0.16609	0.00028375	5.6748e-05
281	0.76707	0.23259	0.0002619	7.9773e-05
282	0.74131	0.25835	0.00025394	8.8911e-05
283	0.71523	0.28443	0.00024579	9.8229e-05
284	0.70706	0.29259	0.00024379	0.0001014
285	0.6932	0.30646	0.0002398	0.00010655
286	0.67286	0.32679	0.00023354	0.00011398
287	0.65147	0.34818	0.00022684	0.00012184
288	0.64717	0.35248	0.0002261	0.00012375
289	0.64084	0.35881	0.00022462	0.00012638
290	0.65023	0.34942	0.00022865	0.00012349
291	0.68659	0.31305	0.00024221	0.00011107
292	0.63568	0.36397	0.00022483	0.00012957
293	0.617	0.38265	0.00021887	0.00013666
294	0.61355	0.3861	0.00021833	0.00013833
295	0.57488	0.42477	0.00020516	0.00015263
296	0.53035	0.46929	0.00018978	0.00016913
297	0.51328	0.48636	0.00018422	0.00017581
298	0.42451	0.57513	0.00015273	0.00020843
299	0.38707	0.61257	0.00013965	0.00022262
300	0.37447	0.62517	0.00013552	0.00022787
301	0.32148	0.67816	0.00011665	0.00024786
302	0.30157	0.69806	0.00010975	0.00025588
303	0.29671	0.70292	0.00010832	0.00025842
304	0.30425	0.69538	0.00011144	0.00025641
305	0.33544	0.66419	0.00012331	0.00024565
306	0.40989	0.58974	0.00015132	0.00021875
307	0.64893	0.3507	0.00024066	0.00013051
308	0.81713	0.1825	0.00030418	6.8088e-05
309	0.98126	0.018364	0.00036647	6.887e-06
310	0.97896	0.020669	0.00036668	7.7706e-06
311	0.98097	0.01865	0.00036851	7.0303e-06
312	0.99046	0.0091629	0.00037316	3.4667e-06
313	0.99209	0.0075306	0.00037486	2.8567e-06
314	0.99309	0.0065343	0.00037632	2.484e-06
315	0.99926	0.0003597	0.00037975	1.3722e-07
316	0.93538	0.064235	0.00035643	2.4528e-05
317	0.91372	0.085903	0.00034911	3.2903e-05
318	0.90602	0.093601	0.00034713	3.595e-05
319	0.90659	0.093026	0.00034831	3.5827e-05
320	0.91873	0.080888	0.00035395	3.1247e-05
321	0.95159	0.048026	0.00036764	1.8612e-05
322	0.96049	0.039121	0.00037211	1.52e-05
323	0.96654	0.033068	0.00037549	1.2877e-05
324	0.98946	0.01015	0.00038547	3.9565e-06
325	0.98978	0.0098325	0.00038662	3.8413e-06
326	0.99454	0.0050688	0.00038951	1.9843e-06
327	0.9996	1.2348e-05	0.00039251	4.8343e-09
328	0.99699	0.0026132	0.0003925	1.027e-06
329	0.99692	0.002687	0.00039347	1.0586e-06
330	0.99959	1.0819e-05	0.00039551	4.2794e-09
331	0.99813	0.0014719	0.00039592	5.8394e-07
332	0.97751	0.022096	0.00038873	8.7773e-06
333	0.96986	0.029742	0.00038666	1.1839e-05
334	0.96937	0.030233	0.00038743	1.2063e-05
335	0.97544	0.024159	0.00039081	9.6604e-06
336	0.99777	0.0018258	0.0004007	7.3161e-07
337	0.99529	0.0043049	0.00040068	1.7295e-06
338	0.99561	0.0039909	0.00040176	1.6071e-06
339	0.99953	6.1958e-05	0.00040429	2.499e-08
340	0.99936	0.00023289	0.00040516	9.4422e-08
341	0.99872	0.00087332	0.00040584	3.5456e-07
342	0.99959	1.1203e-06	0.00040713	4.5553e-10
343	0.99861	0.00097792	0.00040765	3.992e-07
344	0.99805	0.0015419	0.00040833	6.3137e-07
345	0.99901	0.00058126	0.00040963	2.3853e-07
346	0.99806	0.0015326	0.00041015	6.3058e-07
347	0.99702	0.002568	0.00041062	1.0584e-06
348	0.99806	0.0015309	0.00041195	6.3297e-07
349	0.9956	0.0039863	0.00041181	1.6535e-06
350	0.99559	0.0039933	0.00041269	1.6605e-06
351	0.99803	0.0015579	0.0004146	6.5029e-07
352	0.99265	0.0069291	0.00041325	2.8914e-06
353	0.99205	0.0075369	0.00041388	3.1532e-06
354	0.99434	0.0052379	0.00041572	2.198e-06
355	0.99331	0.0062678	0.00041618	2.6347e-06
356	0.99489	0.0046895	0.00041773	1.9751e-06
357	0.99683	0.0027485	0.00041943	1.1614e-06
358	0.99652	0.0030602	0.00042018	1.2952e-06
359	0.99814	0.0014422	0.00042176	6.119e-07
360	0.99955	2.8455e-05	0.00042325	1.2097e-08
361	0.9992	0.00037947	0.00042399	1.6141e-07
362	0.99912	0.00045923	0.00042484	1.9573e-07
363	0.99835	0.0012207	0.0004254	5.2069e-07
364	0.99799	0.0015844	0.00042613	6.7774e-07
365	0.9976	0.0019721	0.00042684	8.452e-07
366	0.99719	0.0023826	0.00042755	1.0226e-06
367	0.99719	0.0023843	0.00042842	1.0256e-06
368	0.9992	0.00036738	0.00043017	1.5817e-07
369	0.99915	0.00042072	0.00043101	1.8141e-07
370	0.99688	0.0026874	0.00043089	1.1621e-06
371	0.99678	0.0027856	0.0004317	1.2063e-06
372	0.99945	0.0001158	0.00043371	5.0332e-08
373	0.99935	0.00021881	0.00043452	9.5263e-08
374	0.99712	0.0024428	0.00043441	1.0641e-06
375	0.99497	0.0045913	0.00043431	2.0049e-06
376	0.99514	0.0044198	0.00043523	1.9333e-06
377	0.99847	0.0010883	0.00043753	4.7755e-07
378	0.99916	0.00040452	0.00043867	1.7799e-07
379	0.99918	0.00037596	0.00043953	1.6561e-07
380	0.99858	0.0009814	0.00044011	4.3235e-07
381	0.99956	1.1061e-07	0.00044138	4.8882e-11
382	0.99849	0.0010687	0.00044175	4.7268e-07
383	0.99764	0.0019146	0.0004422	8.49e-07
384	0.99843	0.0011261	0.00044338	4.9995e-07
385	0.99946	9.2513e-05	0.00044467	4.1116e-08
386	0.99955	7.4321e-06	0.00044552	3.3158e-09
387	0.99955	3.6811e-06	0.00044634	1.6482e-09
388	0.99833	0.0012247	0.00044659	5.502e-07
389	0.99705	0.0025014	0.00044683	1.1255e-06
390	0.99761	0.0019407	0.00044789	8.7554e-07
391	0.98096	0.01859	0.00044121	8.3806e-06
392	0.9639	0.035653	0.00043429	1.6108e-05
393	0.9576	0.041951	0.00043222	1.8986e-05
394	0.93087	0.068675	0.00042086	3.114e-05
395	0.9213	0.078248	0.00041727	3.5539e-05
396	0.92181	0.077734	0.00041823	3.5374e-05
397	0.90765	0.091898	0.00041251	4.1883e-05
398	0.8915	0.10804	0.00040586	4.9326e-05
399	0.88703	0.11251	0.00040452	5.1452e-05
400	0.89445	0.10509	0.0004086	4.8154e-05
401	0.91756	0.081979	0.00041989	3.7643e-05
402	0.97273	0.026814	0.00044597	1.235e-05
403	0.96951	0.030035	0.00044526	1.3849e-05
404	0.97141	0.028131	0.00044692	1.2989e-05
405	0.98295	0.016586	0.00045301	7.6722e-06
406	0.98571	0.013832	0.00045505	6.4105e-06
407	0.99424	0.0052975	0.00045977	2.4616e-06
408	0.99627	0.003265	0.00046149	1.5196e-06
409	0.99351	0.0060274	0.00046097	2.8062e-06
410	0.99358	0.0059529	0.00046177	2.7751e-06
411	0.99634	0.0031944	0.00046383	1.4905e-06
412	0.99946	7.3807e-05	0.00046605	3.4529e-08
413	0.99951	2.6871e-05	0.00046684	1.2553e-08
414	0.99654	0.0029903	0.00046623	1.3961e-06
415	0.95286	0.046669	0.00044654	2.1843e-05
416	0.94005	0.059479	0.00044124	2.7891e-05
417	0.93888	0.060651	0.00044138	2.849e-05
418	0.93542	0.064106	0.00044045	3.0162e-05
419	0.93857	0.060955	0.00044264	2.872e-05
420	0.95387	0.045655	0.00045055	2.154e-05
421	0.95589	0.043633	0.0004522	2.0619e-05
422	0.96768	0.031851	0.00045845	1.5081e-05
423	0.99838	0.0011479	0.00047371	5.4517e-07
424	0.98423	0.015295	0.00046771	7.2706e-06
425	0.97883	0.020694	0.00046585	9.8482e-06
426	0.97818	0.021341	0.00046626	1.0167e-05
427	0.97713	0.022398	0.00046647	1.0684e-05
428	0.98154	0.017985	0.00046927	8.5901e-06
429	0.99855	0.00097219	0.00047809	4.6641e-07
430	0.99712	0.0023998	0.00047811	1.1532e-06
431	0.97844	0.021083	0.0004698	1.0154e-05
432	0.97161	0.027913	0.00046719	1.3459e-05
433	0.94764	0.051879	0.00045628	2.5053e-05
434	0.91428	0.08524	0.00044082	4.1204e-05
435	0.90197	0.097552	0.0004355	4.721e-05
436	0.69982	0.2997	0.00033845	0.00014495
437	0.62949	0.37002	0.00030487	0.00017922
438	0.60665	0.39286	0.00029421	0.00019056
439	0.25632	0.7432	0.00012453	0.00036092
440	0.13341	0.86611	6.4892e-05	0.00042123
441	0.095204	0.90431	4.6343e-05	0.00044044
442	0.080371	0.91914	3.917e-05	0.00044828
443	0.077428	0.92208	3.7779e-05	0.00045032
444	0.082845	0.91667	4.0465e-05	0.00044829
445	0.076937	0.92257	3.7608e-05	0.00045178
446	0.078221	0.92129	3.8277e-05	0.00045176
447	0.087041	0.91247	4.2646e-05	0.00044803
448	0.069468	0.93004	3.4048e-05	0.00045726
449	0.063598	0.93591	3.12e-05	0.00046074
450	0.066333	0.93317	3.2575e-05	0.00045999
451	0.055437	0.94407	2.7238e-05	0.00046595
452	0.053718	0.94579	2.6415e-05	0.0004674
453	0.057391	0.94211	2.8253e-05	0.00046618
454	0.058069	0.94144	2.8621e-05	0.00046643
455	0.065026	0.93448	3.21e-05	0.00046356
456	0.069042	0.93046	3.4136e-05	0.00046214
457	0.081971	0.91753	4.0613e-05	0.00045629
458	0.090122	0.90938	4.4734e-05	0.00045278
459	0.12059	0.87891	5.9987e-05	0.00043814
460	0.15019	0.84932	7.4821e-05	0.00042391
461	0.21961	0.77989	0.00010962	0.0003897
462	0.39057	0.60893	0.00019546	0.00030447
463	0.43511	0.56439	0.00021803	0.0002825
464	0.56474	0.43476	0.00028329	0.00021782
465	0.97905	0.020453	0.00049142	1.0269e-05
466	0.98054	0.018959	0.00049274	9.5286e-06
467	0.98894	0.010562	0.00049752	5.3172e-06
468	0.99556	0.0039396	0.00050142	1.9849e-06
469	0.99506	0.0044376	0.00050173	2.2387e-06
470	0.9969	0.0025937	0.00050323	1.3091e-06
471	0.99913	0.00036247	0.00050491	1.8303e-07
472	0.99913	0.00036649	0.00050546	1.8543e-07
473	0.99852	0.00097715	0.0005057	4.9461e-07
474	0.99936	0.00013457	0.00050666	6.8315e-08
475	0.99933	0.00016361	0.00050719	8.3203e-08
476	0.99907	0.00041929	0.0005076	2.1331e-07
477	0.99909	0.00040452	0.00050816	2.0576e-07
478	0.99944	5.0076e-05	0.00050888	2.5555e-08
479	0.9989	0.00059242	0.00050915	3.0241e-07
480	0.99946	3.0995e-05	0.00050998	1.5847e-08
481	0.99605	0.0034357	0.00050878	1.7585e-06
482	0.9953	0.0041909	0.00050893	2.1468e-06
483	0.99663	0.0028553	0.00051016	1.4635e-06
484	0.95832	0.041164	0.00049105	2.1106e-05
485	0.78702	0.21247	0.00040353	0.00010915
486	0.71779	0.2817	0.00036839	0.00014482
487	0.40031	0.59918	0.00020573	0.000308
488	0.30108	0.69841	0.00015488	0.00035938
489	0.25876	0.74072	0.00013327	0.00038151
490	0.097326	0.90216	5.0177e-05	0.00046511
491	0.046764	0.95272	2.4108e-05	0.00049168
492	0.026263	0.97322	1.3545e-05	0.00050275
493	0.020321	0.97916	1.0482e-05	0.00050631
494	0.018641	0.98084	9.6222e-06	0.00050767
495	0.020249	0.97923	1.0465e-05	0.00050733
496	0.014845	0.98464	7.6817e-06	0.00051061
497	0.014366	0.98512	7.4416e-06	0.00051134
498	0.018092	0.98139	9.381e-06	0.00050988
499	0.014701	0.98478	7.6292e-06	0.00051212
500	0.015455	0.98402	8.0272e-06	0.00051219
501	0.019436	0.98004	1.0108e-05	0.00051059
502	0.032188	0.96729	1.6756e-05	0.00050441
503	0.069005	0.93047	3.5937e-05	0.00048569
504	0.15943	0.84004	8.3152e-05	0.00043893
505	0.18179	0.81769	9.4884e-05	0.00042765
506	0.23543	0.76405	0.00012301	0.00039998
507	0.3895	0.60998	0.00020365	0.00031978
508	0.50651	0.49297	0.00026513	0.00025875
509	0.79448	0.205	0.00041656	0.00010777
510	0.99706	0.0024112	0.00052352	1.2706e-06
511	0.99635	0.0031236	0.0005236	1.6455e-06
512	0.99792	0.0015493	0.00052487	8.1793e-07
513	0.99777	0.001702	0.00052524	8.9901e-07
514	0.99551	0.0039637	0.0005245	2.0921e-06
515	0.99563	0.0038468	0.00052502	2.0308e-06
516	0.9991	0.00037462	0.0005273	1.9843e-07
517	0.99635	0.0031202	0.0005263	1.6513e-06
518	0.99593	0.0035415	0.00052652	1.8753e-06
519	0.99833	0.0011432	0.00052823	6.0823e-07
520	0.98479	0.014684	0.00052148	7.8103e-06
521	0.9809	0.018572	0.00051984	9.8912e-06
522	0.97711	0.022355	0.00051823	1.1924e-05
523	0.90949	0.089984	0.00048254	4.804e-05
524	0.88663	0.11284	0.0004707	6.0306e-05
525	0.87869	0.12078	0.00046682	6.4607e-05
526	0.8664	0.13306	0.00046063	7.1229e-05
527	0.86469	0.13478	0.00046008	7.2207e-05
528	0.87307	0.1264	0.00046493	6.7785e-05
529	0.86898	0.13049	0.00046311	7.003e-05
530	0.86465	0.13481	0.00046114	7.2413e-05
531	0.87002	0.12945	0.00046437	6.9599e-05
532	0.86011	0.13936	0.00045942	7.4967e-05
533	0.86013	0.13933	0.0004598	7.5005e-05
534	0.87336	0.1261	0.00046726	6.796e-05
535	0.8517	0.14776	0.000456	7.9637e-05
536	0.84733	0.15214	0.00045399	8.2052e-05
537	0.85238	0.14708	0.00045707	7.9389e-05
538	0.85709	0.14238	0.00045994	7.6917e-05
539	0.87458	0.12488	0.00046972	6.7539e-05
540	0.91782	0.081647	0.00049343	4.4233e-05
541	0.94856	0.050901	0.00051045	2.7622e-05
542	0.93365	0.065808	0.0005028	3.5679e-05
543	0.92961	0.069855	0.00050102	3.788e-05
544	0.68318	0.31628	0.00036867	0.00017065
545	0.60649	0.39297	0.00032757	0.00021216
546	0.5813	0.41816	0.00031419	0.00022594
547	0.27622	0.72324	0.00014921	0.00039132
548	0.15199	0.84747	8.2087e-05	0.00045883
549	0.10159	0.89787	5.4888e-05	0.00048643
550	0.034655	0.9648	1.8746e-05	0.00052296
551	0.013691	0.98577	7.4069e-06	0.00053469
552	0.0072289	0.99223	3.9061e-06	0.00053857
553	0.0047558	0.9947	2.5675e-06	0.00054029
554	0.0041409	0.99532	2.2357e-06	0.000541
555	0.0054453	0.99401	2.9414e-06	0.00054067
556	0.0055501	0.99391	2.9984e-06	0.00054099
557	0.0074236	0.99203	4.0157e-06	0.00054034
558	0.01268	0.98678	6.8734e-06	0.00053786
559	0.016034	0.98342	8.7034e-06	0.0005364
560	0.02529	0.97416	1.3757e-05	0.00053172
561	0.048424	0.95103	2.6407e-05	0.00051945
562	0.1019	0.89755	5.5701e-05	0.00049053
563	0.27262	0.72683	0.00014916	0.00039744
564	0.75887	0.24059	0.00041525	0.00013171
565	0.75185	0.24761	0.00041166	0.00013565
566	0.75607	0.24338	0.00041424	0.00013342
567	0.78302	0.21644	0.00042925	0.00011875
568	0.76316	0.23629	0.00041862	0.00012972
569	0.7609	0.23855	0.00041763	0.00013105
570	0.77102	0.22843	0.00042345	0.00012557
571	0.38425	0.6152	0.0002114	0.00033797
572	0.26317	0.73628	0.00014495	0.00040476
573	0.22603	0.77342	0.00012458	0.00042545
574	0.093734	0.90572	5.1657e-05	0.00049869
575	0.036345	0.9631	2.0044e-05	0.00053062
576	0.016242	0.98321	8.9548e-06	0.00054202
577	0.0080975	0.99135	4.466e-06	0.00054682
578	0.0054573	0.99399	3.0089e-06	0.00054858
579	0.0046904	0.99476	2.5867e-06	0.00054931
580	0.003361	0.99609	1.8519e-06	0.00055034
581	0.0032906	0.99616	1.813e-06	0.00055068
582	0.0044185	0.99503	2.4367e-06	0.00055035
583	0.0049887	0.99446	2.7512e-06	0.00055033
584	0.0045651	0.99488	2.5179e-06	0.00055085
585	0.0054305	0.99402	2.998e-06	0.00055066
586	0.0025144	0.99693	1.3885e-06	0.00055256
587	0.0017906	0.99766	9.8822e-07	0.00055324
588	0.0017476	0.9977	9.6483e-07	0.00055355
589	0.0023537	0.99709	1.3011e-06	0.00055349
590	0.004057	0.99539	2.2471e-06	0.00055283
591	0.0098831	0.98956	5.4779e-06	0.00054987
592	0.0049563	0.99449	2.7458e-06	0.00055288
593	0.002886	0.99656	1.5989e-06	0.0005543
594	0.0021404	0.9973	1.187e-06	0.00055499
595	0.0021678	0.99728	1.2046e-06	0.00055525
596	0.0033783	0.99606	1.8801e-06	0.00055484
597	0.0077467	0.9917	4.3133e-06	0.00055267
598	0.010221	0.98922	5.6961e-06	0.00055154
599	0.016598	0.98284	9.2624e-06	0.00054824
600	0.032597	0.96685	1.8224e-05	0.00053954
601	0.078418	0.92102	4.3871e-05	0.00051414
602	0.20901	0.79043	0.00011692	0.00044134
603	0.62532	0.37412	0.00034965	0.00020885
604	0.63198	0.36746	0.00035351	0.00020522
605	0.66642	0.33302	0.00037287	0.00018608
606	0.74857	0.25087	0.00041894	0.00014023
607	0.77081	0.22863	0.00043152	0.00012786
608	0.7929	0.20654	0.00044401	0.00011557
609	0.85062	0.14882	0.00047645	8.3334e-05
610	0.86415	0.13529	0.00048418	7.5804e-05
611	0.89898	0.10046	0.00050385	5.6329e-05
612	0.98616	0.013283	0.00055293	7.456e-06
613	0.99258	0.0068628	0.00055674	3.8515e-06
614	0.99927	0.00016908	0.00056069	9.5049e-08
615	0.99938	6.3077e-05	0.00056095	3.5463e-08
616	0.9991	0.00034331	0.00056099	1.9338e-07
617	0.99815	0.0012881	0.00056065	7.2543e-07
618	0.99858	0.00086283	0.00056109	4.8651e-07
619	0.96478	0.034658	0.00054227	1.9504e-05
620	0.95173	0.047707	0.00053513	2.6847e-05
621	0.94999	0.049445	0.00053434	2.7836e-05
622	0.34757	0.65187	0.00019569	0.00036669
623	0.13606	0.86338	7.6639e-05	0.00048593
624	0.061853	0.93758	3.4817e-05	0.00052794
625	0.029701	0.96974	1.6715e-05	0.00054622
626	0.016699	0.98274	9.4029e-06	0.00055372
627	0.012511	0.98693	7.0454e-06	0.00055626
628	0.012113	0.98732	6.8212e-06	0.00055665
629	0.014143	0.98529	7.9671e-06	0.00055568
630	0.020102	0.97933	1.1333e-05	0.00055248
631	0.040133	0.9593	2.2634e-05	0.00054134
632	0.089423	0.91001	5.0486e-05	0.00051365
633	0.22995	0.76949	0.00012983	0.00043447
634	0.63022	0.36922	0.00035568	0.00020876
635	0.72025	0.27919	0.00040664	0.00015795
636	0.94239	0.057042	0.00053247	3.2276e-05
637	0.9448	0.054631	0.000534	3.0912e-05
638	0.95816	0.041278	0.0005417	2.3356e-05
639	0.99846	0.00097077	0.00056465	5.4913e-07
640	0.99924	0.00019376	0.00056522	1.0996e-07
641	0.99777	0.0016656	0.00056451	9.4489e-07
642	0.99627	0.003169	0.0005638	1.7972e-06
643	0.99725	0.0021854	0.00056448	1.2418e-06
644	0.99636	0.0030705	0.0005641	1.7455e-06
645	0.99743	0.0020021	0.00056484	1.1401e-06
646	0.95544	0.043993	0.00054113	2.4992e-05
647	0.93792	0.061516	0.00053132	3.4942e-05
648	0.93468	0.064755	0.0005296	3.6794e-05
649	0.86117	0.13826	0.00048788	7.863e-05
650	0.83017	0.16926	0.00047036	9.6273e-05
651	0.8234	0.17603	0.00046659	0.00010015
652	0.78089	0.21854	0.00044252	0.00012435
653	0.76828	0.23116	0.00043541	0.00013156
654	0.76779	0.23164	0.00043521	0.00013187
655	0.74217	0.25726	0.00042074	0.00014646
656	0.73717	0.26227	0.00041796	0.00014934
657	0.74356	0.25588	0.00042167	0.00014573
658	0.74636	0.25307	0.00042336	0.00014416
659	0.76756	0.23187	0.00043549	0.00013213
660	0.81998	0.17945	0.00046543	0.00010229
661	0.83314	0.1663	0.00047299	9.4826e-05
662	0.86996	0.12948	0.00049405	7.386e-05
663	0.95659	0.042846	0.00054357	2.4441e-05
664	0.95408	0.045353	0.00054226	2.586e-05
665	0.95878	0.040649	0.00054504	2.3175e-05
666	0.97634	0.02309	0.00055514	1.3166e-05
667	0.97934	0.02009	0.00055694	1.1452e-05
668	0.98172	0.017711	0.00055837	1.0095e-05
669	0.99192	0.0075163	0.00056425	4.2876e-06
670	0.99937	6.5948e-05	0.00056857	3.7702e-08
671	0.9988	0.00063517	0.00056832	3.6193e-07
672	0.99935	7.709e-05	0.00056872	4.3814e-08
673	0.99659	0.0028427	0.00056722	1.6152e-06
674	0.99647	0.0029631	0.00056722	1.6838e-06
675	0.99917	0.00026479	0.0005688	1.5068e-07
676	0.99849	0.00093604	0.00056847	5.3281e-07
677	0.99823	0.0012024	0.00056837	6.851e-07
678	0.99943	4.9501e-06	0.0005691	2.8175e-09
679	0.99934	8.7874e-05	0.00056909	5.0028e-08
680	0.99829	0.0011427	0.00056852	6.5124e-07
681	0.99858	0.00085163	0.00056872	4.8506e-07
682	0.99816	0.0012666	0.0005685	7.216e-07
683	0.99777	0.0016651	0.0005683	9.4802e-07
684	0.99942	1.3475e-05	0.00056926	7.7001e-09
685	0.9969	0.0025309	0.00056784	1.4453e-06
686	0.99663	0.0028035	0.00056771	1.6009e-06
687	0.99836	0.001066	0.00056873	6.088e-07
688	0.99856	0.00087381	0.00056887	4.9816e-07
689	0.99788	0.0015518	0.00056851	8.8388e-07
690	0.99909	0.00034225	0.00056921	1.9518e-07
691	0.9994	3.3012e-05	0.00056941	1.8853e-08
692	0.99899	0.00043608	0.0005692	2.4871e-07
693	0.99742	0.0020124	0.00056832	1.1464e-06
694	0.99097	0.0084565	0.00056469	4.8113e-06
695	0.99004	0.0093888	0.00056418	5.3421e-06
696	0.99202	0.007407	0.00056533	4.211e-06
697	0.9852	0.014231	0.00056146	8.0917e-06
698	0.98417	0.015256	0.00056088	8.6749e-06
699	0.98342	0.016011	0.00056044	9.106e-06
700	0.98202	0.017411	0.00055964	9.9014e-06
701	0.98538	0.014054	0.00056154	7.9906e-06
702	0.99899	0.00043624	0.00056926	2.4814e-07
703	0.99823	0.0011966	0.00056881	6.8098e-07
704	0.99903	0.00040234	0.00056923	2.2897e-07
705	0.99929	0.00013864	0.00056934	7.9221e-08
706	0.99688	0.0025534	0.00056792	1.4593e-06
707	0.99657	0.0028603	0.00056771	1.6349e-06
708	0.99814	0.0012865	0.00056858	7.3656e-07
709	0.99663	0.0027964	0.00056769	1.5983e-06
710	0.99698	0.0024531	0.00056787	1.4018e-06
711	0.99943	2.5666e-06	0.00056925	1.4709e-09
712	0.98661	0.01282	0.00056192	7.3155e-06
713	0.97235	0.027085	0.00055375	1.5463e-05
714	0.96764	0.031795	0.00055105	1.815e-05
715	0.89773	0.1017	0.00051111	5.8062e-05
716	0.87005	0.12938	0.0004953	7.3838e-05
717	0.86271	0.13672	0.00049108	7.8025e-05
718	0.85528	0.14415	0.00048679	8.2276e-05
719	0.85733	0.1421	0.00048791	8.1109e-05
720	0.87143	0.128	0.00049592	7.3065e-05
721	0.78782	0.21161	0.0004483	0.00012065
722	0.7597	0.23973	0.00043225	0.00013666
723	0.75492	0.24451	0.00042948	0.00013938
724	0.7241	0.27533	0.00041183	0.00015696
725	0.71446	0.28497	0.00040628	0.00016245
726	0.71767	0.28177	0.00040807	0.00016061
727	0.74322	0.25621	0.00042256	0.00014606
728	0.80535	0.19409	0.00045788	0.00011067
729	0.95	0.049435	0.00054027	2.8216e-05
730	0.94894	0.050496	0.00053962	2.8812e-05
731	0.9559	0.043533	0.00054352	2.484e-05
732	0.97467	0.024765	0.00055417	1.4131e-05
733	0.97881	0.020619	0.00055646	1.1766e-05
734	0.97731	0.022123	0.00055552	1.2623e-05
735	0.9803	0.019128	0.00055715	1.0914e-05
736	0.97728	0.022148	0.00055537	1.2627e-05
737	0.82823	0.1712	0.00047069	9.7229e-05
738	0.76809	0.23134	0.00043656	0.0001313
739	0.55123	0.4482	0.00031348	0.00025431
740	0.48391	0.51552	0.0002752	0.0002925
741	0.46507	0.53436	0.00026445	0.00030316
742	0.4368	0.56263	0.00024836	0.00031915
743	0.4313	0.56814	0.00024519	0.00032222
744	0.44405	0.55538	0.00025236	0.00031494
745	0.43732	0.56211	0.00024847	0.00031871
746	0.44414	0.55529	0.00025228	0.00031479
747	0.47038	0.52905	0.00026712	0.00029983
748	0.47235	0.52709	0.00026818	0.00029866
749	0.49712	0.50231	0.00028214	0.00028457
750	0.56206	0.43737	0.00031887	0.0002477
751	0.77141	0.22802	0.00043729	0.00012915
752	0.81779	0.18164	0.00046346	0.00010284
753	0.96812	0.031312	0.00054841	1.7743e-05
754	0.9689	0.030535	0.00054872	1.7298e-05
755	0.97714	0.022295	0.00055323	1.2632e-05
756	0.99781	0.0016203	0.0005648	9.1975e-07
757	0.99774	0.0016904	0.00056462	9.591e-07
758	0.99931	0.00012605	0.00056537	7.1561e-08
759	0.99943	9.2413e-06	0.0005653	5.2282e-09
760	0.99937	6.2924e-05	0.00056512	3.5622e-08
761	0.99935	8.9118e-05	0.00056497	5.0369e-08
762	0.99877	0.00066059	0.00056449	3.7363e-07
763	0.99708	0.0023557	0.00056336	1.3335e-06
764	0.9972	0.002236	0.00056327	1.2656e-06
765	0.99937	6.7334e-05	0.00056434	3.8059e-08
766	0.99863	0.00080273	0.00056376	4.5328e-07
767	0.99818	0.0012554	0.00056333	7.0926e-07
768	0.99908	0.00035527	0.00056366	2.0082e-07
769	0.99926	0.0001793	0.00056359	1.0123e-07
770	0.99847	0.00097054	0.00056297	5.4788e-07
771	0.99776	0.0016717	0.0005624	9.427e-07
772	0.99744	0.0019998	0.00056203	1.1278e-06
773	0.99874	0.00069358	0.00056258	3.9092e-07
774	0.99904	0.00039931	0.00056256	2.2525e-07
775	0.99737	0.0020698	0.00056141	1.1686e-06
776	0.99539	0.0040526	0.0005601	2.2864e-06
777	0.99571	0.0037256	0.00056009	2.101e-06
778	0.99403	0.0054109	0.00055893	3.0506e-06
779	0.99468	0.004756	0.0005591	2.6808e-06
780	0.99816	0.0012764	0.00056087	7.1971e-07
781	0.99526	0.0041751	0.00055905	2.3472e-06
782	0.99265	0.0067839	0.00055738	3.8127e-06
783	0.99278	0.0066571	0.00055725	3.7392e-06
784	0.99296	0.006482	0.00055714	3.6399e-06
785	0.99596	0.0034817	0.00055862	1.9532e-06
786	0.99933	0.00011255	0.0005603	6.3204e-08
787	0.99845	0.00099106	0.00055959	5.557e-07
788	0.99798	0.0014636	0.0005591	8.211e-07
789	0.99901	0.00042551	0.00055947	2.3896e-07
790	0.99611	0.0033353	0.00055762	1.8692e-06
791	0.99599	0.0034476	0.00055733	1.9327e-06
792	0.99798	0.0014633	0.00055822	8.2144e-07
793	0.99665	0.0027875	0.00055725	1.5653e-06
794	0.99714	0.0022976	0.00055729	1.2915e-06
795	0.99565	0.0037939	0.00055623	2.1306e-06
796	0.97066	0.028784	0.00054201	1.6126e-05
797	0.96057	0.038873	0.00053616	2.1762e-05
798	0.95831	0.041137	0.0005347	2.3015e-05
799	0.96383	0.035609	0.00053757	1.9919e-05
800	0.96737	0.032074	0.00053933	1.7935e-05
801	0.97948	0.019965	0.0005459	1.1155e-05
802	0.98887	0.010571	0.00055095	5.8904e-06
803	0.9869	0.012541	0.00054964	6.9776e-06
804	0.9894	0.010046	0.00055081	5.5814e-06
805	0.98028	0.019162	0.00054551	1.0638e-05
806	0.97846	0.020983	0.00054425	1.1643e-05
807	0.9807	0.01874	0.00054526	1.0387e-05
808	0.98183	0.017612	0.00054563	9.7529e-06
809	0.97759	0.021859	0.00054302	1.2101e-05
810	0.97922	0.020222	0.00054365	1.1188e-05
811	0.9892	0.010242	0.00054889	5.6616e-06
812	0.99886	0.00059013	0.00055392	3.268e-07
813	0.99866	0.00078341	0.00055352	4.3446e-07
814	0.99376	0.0056825	0.00055049	3.1561e-06
815	0.99296	0.0064871	0.00054972	3.6039e-06
816	0.99483	0.0046133	0.00055045	2.5657e-06
817	0.98972	0.0097226	0.00054731	5.4e-06
818	0.98856	0.010888	0.00054636	6.0433e-06
819	0.99047	0.0089731	0.00054712	4.9786e-06
820	0.98828	0.011167	0.00054562	6.1865e-06
821	0.98993	0.0095231	0.00054622	5.2741e-06
822	0.99629	0.0031541	0.00054945	1.7475e-06
823	0.99585	0.0035995	0.00054889	1.9932e-06
824	0.99513	0.0043195	0.00054818	2.3895e-06
825	0.99668	0.0027746	0.00054873	1.5347e-06
826	0.99259	0.0068623	0.00054618	3.7839e-06
827	0.99232	0.0071275	0.00054573	3.9284e-06
828	0.99501	0.0044399	0.00054691	2.4459e-06
829	0.99498	0.0044729	0.00054657	2.4631e-06
830	0.99508	0.0043758	0.0005463	2.4101e-06
831	0.99776	0.0016897	0.00054746	9.3354e-07
832	0.97938	0.020069	0.00053701	1.1059e-05
833	0.97266	0.026789	0.00053301	1.4749e-05
834	0.97181	0.027641	0.00053224	1.5208e-05
835	0.97	0.029454	0.00053095	1.6192e-05
836	0.95917	0.040286	0.00052471	2.2122e-05
837	0.95655	0.042901	0.00052298	2.3538e-05
838	0.90198	0.097471	0.00049279	5.3401e-05
839	0.87922	0.12024	0.00048007	6.5811e-05
840	0.87389	0.12556	0.00047686	6.8686e-05
841	0.8436	0.15586	0.00046	8.5214e-05
842	0.80045	0.199	0.00043616	0.00010871
843	0.7399	0.25956	0.00040282	0.00014172
844	0.71506	0.28439	0.00038903	0.00015517
845	0.70851	0.29095	0.00038523	0.00015863
846	0.7146	0.28486	0.00038832	0.0001552
847	0.74662	0.25284	0.00040551	0.00013767
848	0.85266	0.1468	0.00046286	7.9961e-05
849	0.9277	0.071761	0.00050336	3.9109e-05
850	0.93066	0.068796	0.00050465	3.7468e-05
851	0.94602	0.053435	0.00051267	2.91e-05
852	0.98577	0.01369	0.00053393	7.4799e-06
853	0.98331	0.016152	0.00053225	8.8131e-06
854	0.98475	0.014707	0.0005327	8.0211e-06
855	0.99135	0.0081123	0.00053595	4.4288e-06
856	0.9827	0.016764	0.0005309	9.1248e-06
857	0.94324	0.056224	0.00050917	3.051e-05
858	0.76462	0.23484	0.0004122	0.00012714
859	0.51926	0.4802	0.00027944	0.00025955
860	0.4429	0.55656	0.000238	0.00030064
861	0.41316	0.5863	0.00022181	0.00031649
862	0.40861	0.59085	0.00021919	0.00031875
863	0.41759	0.58187	0.00022386	0.00031373
864	0.44783	0.55163	0.00023995	0.00029728
865	0.54895	0.45052	0.00029401	0.00024287
866	0.78307	0.21639	0.00041941	0.0001171
867	0.79926	0.2002	0.00042781	0.00010834
868	0.70851	0.29096	0.00037865	0.00015715
869	0.5797	0.41976	0.00030916	0.00022629
870	0.52464	0.47482	0.00027941	0.00025569
871	0.44728	0.55218	0.00023779	0.00029696
872	0.4218	0.57766	0.00022397	0.00031043
873	0.41933	0.58013	0.00022247	0.00031157
874	0.4163	0.58316	0.00022064	0.00031302
875	0.42599	0.57347	0.00022561	0.00030768
876	0.45769	0.54177	0.00024228	0.00029064
877	0.43777	0.5617	0.00023146	0.00030109
878	0.43674	0.56273	0.00023072	0.00030146
879	0.44901	0.55046	0.00023705	0.00029475
880	0.43694	0.56253	0.00023045	0.00030098
881	0.43813	0.56134	0.00023091	0.00030014
882	0.43688	0.56259	0.00023006	0.00030061
883	0.43366	0.56581	0.00022816	0.00030212
884	0.42497	0.5745	0.00022337	0.00030653
885	0.42892	0.57055	0.00022528	0.00030423
886	0.40512	0.59435	0.00021253	0.00031659
887	0.39855	0.60092	0.0002089	0.00031983
888	0.40531	0.59416	0.00021234	0.00031602
889	0.4062	0.59328	0.00021267	0.0003153
890	0.402	0.59747	0.00021031	0.00031727
891	0.39267	0.6068	0.00020527	0.00032193
892	0.37825	0.62122	0.00019756	0.00032924
893	0.37744	0.62203	0.00019702	0.0003294
894	0.38963	0.60985	0.00020334	0.0003227
895	0.39937	0.6001	0.00020834	0.0003173
896	0.34218	0.6573	0.00017832	0.00034692
897	0.32049	0.67898	0.00016691	0.00035795
898	0.23916	0.76032	0.00012438	0.00040008
899	0.20683	0.79265	0.00010747	0.00041659
900	0.19797	0.80151	0.00010279	0.00042087
901	0.20195	0.79753	0.0001048	0.00041844
902	0.20163	0.79784	0.00010457	0.00041826
903	0.21301	0.78647	0.00011045	0.00041196
904	0.21943	0.78005	0.00011375	0.00040825
905	0.24655	0.75293	0.00012784	0.00039374
906	0.3366	0.66288	0.00017471	0.00034645
907	0.40127	0.59821	0.00020832	0.00031241
908	0.55169	0.44779	0.00028669	0.00023362
909	0.98089	0.018586	0.00051014	9.7377e-06
910	0.96287	0.036609	0.00050031	1.9133e-05
911	0.95787	0.041613	0.00049728	2.1731e-05
912	0.95861	0.040869	0.00049724	2.1329e-05
913	0.9582	0.041287	0.00049661	2.1529e-05
914	0.96361	0.035877	0.00049901	1.8697e-05
915	0.97885	0.020638	0.00050653	1.0755e-05
916	0.93882	0.060665	0.00048541	3.1456e-05
917	0.9234	0.076079	0.00047706	3.9386e-05
918	0.92061	0.078875	0.00047522	4.0795e-05
919	0.92708	0.072403	0.00047816	3.7421e-05
920	0.93124	0.068245	0.0004799	3.524e-05
921	0.95143	0.048058	0.00048989	2.4806e-05
922	0.95392	0.045562	0.00049076	2.3496e-05
923	0.96411	0.035378	0.0004956	1.8223e-05
924	0.99934	0.00014797	0.0005133	7.63e-08
925	0.99472	0.0047661	0.00051048	2.4478e-06
926	0.98984	0.0096431	0.00050752	4.9507e-06
927	0.98978	0.0097112	0.00050703	4.9844e-06
928	0.93214	0.067352	0.00047693	3.4608e-05
929	0.85189	0.1476	0.00043532	7.5737e-05
930	0.82788	0.17161	0.00042259	8.7985e-05
931	0.74461	0.25488	0.00037945	0.00013063
932	0.70956	0.28993	0.00036114	0.00014845
933	0.69681	0.30268	0.00035427	0.00015483
934	0.68136	0.31813	0.00034603	0.00016258
935	0.6797	0.31979	0.00034483	0.00016328
936	0.6917	0.30779	0.00035059	0.00015703
