#coord	neutral	conserved	gBGC.neutral	gBGC.conserved
1	0.96552	0.032865	0.0015591	5.3286e-05
2	0.98709	0.0113	0.0015927	1.8324e-05
3	0.99173	0.0066604	0.001599	1.0769e-05
4	0.99601	0.0023841	0.0016046	3.8402e-06
5	0.99702	0.0013724	0.0016049	2.2047e-06
6	0.99839	3.1403e-06	0.0016058	5.0606e-09
7	0.99839	5.7003e-06	0.0016045	9.206e-09
8	0.99833	6.5675e-05	0.0016031	1.0596e-07
9	0.99833	6.6457e-05	0.0016019	1.0716e-07
10	0.99836	3.5739e-05	0.0016007	5.7682e-08
11	0.99821	0.00019416	0.0015993	3.1248e-07
12	0.99837	2.8311e-05	0.0015985	4.5594e-08
13	0.99838	2.2441e-05	0.0015974	3.6087e-08
14	0.9983	0.00010732	0.0015962	1.7216e-07
15	0.99815	0.00025625	0.001595	4.0904e-07
16	0.9983	0.00010467	0.0015942	1.6769e-07
17	0.99837	3.6017e-05	0.0015933	5.7834e-08
18	0.99823	0.00017535	0.0015922	2.8078e-07
19	0.9984	1.0424e-05	0.0015915	1.6644e-08
20	0.99783	0.0005785	0.0015897	9.2553e-07
21	0.99835	6.2862e-05	0.0015896	1.0084e-07
22	0.99833	7.8732e-05	0.0015888	1.2607e-07
23	0.99831	0.00010109	0.0015879	1.6185e-07
24	0.99824	0.00017603	0.001587	2.8141e-07
25	0.99788	0.00053265	0.0015857	8.4811e-07
26	0.99769	0.00072318	0.0015847	1.1464e-06
27	0.9979	0.00051391	0.0015843	8.1358e-07
28	0.99763	0.00078723	0.0015832	1.2488e-06
29	0.99755	0.00086809	0.0015823	1.373e-06
30	0.99778	0.00064108	0.001582	1.0124e-06
31	0.99839	2.3034e-05	0.0015822	3.6542e-08
32	0.99772	0.00070265	0.0015804	1.1133e-06
33	0.99746	0.00095818	0.0015793	1.5177e-06
34	0.99763	0.0007899	0.0015789	1.251e-06
35	0.99822	0.00019761	0.0015791	3.1379e-07
36	0.99841	1.0148e-05	0.0015787	1.6026e-08
37	0.99842	6.5976e-08	0.001578	1.0472e-10
38	0.99756	0.00086298	0.001576	1.3646e-06
39	0.9968	0.00162	0.0015742	2.5532e-06
40	0.99779	0.00063667	0.0015751	1.0012e-06
41	0.99775	0.00067926	0.0015744	1.0692e-06
42	0.99791	0.00051097	0.001574	8.0789e-07
43	0.9983	0.00012873	0.001574	2.0512e-07
44	0.99631	0.0021157	0.0015702	3.3596e-06
45	0.99408	0.0043513	0.0015661	6.8935e-06
46	0.99427	0.0041562	0.0015659	6.5752e-06
47	0.99484	0.0035924	0.0015662	5.6864e-06
48	0.99815	0.00028357	0.001571	4.5009e-07
49	0.99839	3.9316e-05	0.0015709	6.1986e-08
50	0.99843	6.5272e-07	0.0015705	1.0283e-09
51	0.99827	0.00016294	0.0015697	2.5883e-07
52	0.99843	4.0238e-06	0.0015695	1.0167e-08
53	0.99746	0.00097418	0.001561	1.5249e-06
54	0.99808	0.0003642	0.0015549	5.6947e-07
55	0.99822	0.00023168	0.0015482	3.6054e-07
56	0.99807	0.00039057	0.0015411	6.0182e-07
57	0.99833	0.00013115	0.0015346	2.0067e-07
58	0.99798	0.00048916	0.0015271	7.4717e-07
59	0.99805	0.00042679	0.0015203	6.5151e-07
60	0.99834	0.00014279	0.0015138	2.1743e-07
61	0.9963	0.00219	0.0015039	3.3058e-06
62	0.98839	0.010112	0.0014851	1.523e-05
63	0.98046	0.018049	0.0014663	2.711e-05
64	0.97849	0.020024	0.0014567	2.9935e-05
65	0.98078	0.017738	0.0014535	2.6382e-05
66	0.99077	0.0077563	0.0014616	1.1502e-05
67	0.99333	0.0052071	0.0014587	7.6789e-06
68	0.99617	0.0023671	0.0014562	3.4816e-06
69	0.99846	8.2818e-05	0.0014529	1.2185e-07
70	0.99776	0.00079687	0.0014453	1.1582e-06
71	0.99821	0.00035062	0.0014394	5.0575e-07
72	0.99832	0.00024513	0.001433	3.5221e-07
73	0.99391	0.004667	0.0014202	6.65e-06
74	0.99347	0.005114	0.0014131	7.2586e-06
75	0.99633	0.002257	0.0014106	3.2046e-06
76	0.99456	0.0040375	0.0014016	5.7121e-06
77	0.99532	0.0032763	0.0013962	4.6309e-06
78	0.99588	0.002722	0.0013905	3.8412e-06
79	0.98933	0.0092869	0.001375	1.2985e-05
80	0.98807	0.01055	0.001367	1.4696e-05
81	0.98984	0.0087832	0.0013632	1.2191e-05
82	0.98263	0.015997	0.0013469	2.2112e-05
83	0.98094	0.017699	0.0013384	2.4348e-05
84	0.98329	0.015356	0.0013355	2.1025e-05
85	0.84821	0.15044	0.0011473	0.00020316
86	0.80149	0.19717	0.0010791	0.00026515
87	0.78412	0.21455	0.001051	0.00028713
88	0.76413	0.23454	0.0010196	0.00031246
89	0.76177	0.2369	0.0010117	0.00031419
90	0.77629	0.22239	0.0010261	0.00029369
91	0.81689	0.1818	0.0010746	0.00023903
92	0.78285	0.21584	0.0010248	0.00028269
93	0.73807	0.26063	0.00096172	0.00033975
94	0.58407	0.41464	0.00075678	0.0005386
95	0.3695	0.62921	0.00047628	0.00081306
96	0.30275	0.69596	0.00038801	0.00089528
97	0.21463	0.78409	0.00027359	0.0010037
98	0.17938	0.81935	0.00022765	0.0010437
99	0.17067	0.82806	0.00021557	0.0010498
100	0.15718	0.84156	0.00019767	0.0010617
101	0.15811	0.84064	0.00019791	0.0010556
102	0.17485	0.82391	0.0002178	0.0010297
103	0.088364	0.91039	0.00010953	0.0011321
104	0.058247	0.94052	7.1737e-05	0.0011639
105	0.048381	0.95039	5.9194e-05	0.0011705
106	0.033269	0.96551	4.0402e-05	0.0011834
107	0.029539	0.96924	3.5621e-05	0.0011823
108	0.029899	0.96889	3.5855e-05	0.0011762
109	0.035065	0.96373	4.1875e-05	0.0011644
110	0.016997	0.9818	2.0119e-05	0.0011803
111	0.0097379	0.98907	1.1438e-05	0.0011832
112	0.007959	0.99085	9.2763e-06	0.0011796
113	0.0080986	0.99072	9.3926e-06	0.0011738
114	0.010486	0.98834	1.2139e-05	0.0011654
115	0.011984	0.98684	1.3808e-05	0.001158
116	0.01677	0.98206	1.9274e-05	0.0011469
117	0.029181	0.96966	3.3516e-05	0.001127
118	0.059909	0.93894	6.8811e-05	0.0010861
119	0.14764	0.85121	0.00016893	0.00098038
120	0.39757	0.60129	0.00045212	0.00069158
121	0.39277	0.60609	0.0004444	0.00069374
122	0.40397	0.59489	0.00045476	0.00067779
123	0.4446	0.55427	0.00049784	0.00062911
124	0.47451	0.52437	0.00052873	0.00059268
125	0.47466	0.52422	0.00052626	0.00058965
126	0.48994	0.50894	0.00054069	0.00056977
127	0.4543	0.54459	0.00049854	0.00060646
128	0.44272	0.55618	0.00048338	0.00061619
129	0.44523	0.55367	0.00048385	0.00061035
130	0.36223	0.63668	0.00039125	0.00069756
131	0.26479	0.73413	0.00028364	0.00079977
132	0.23532	0.76361	0.00025028	0.0008277
133	0.20453	0.7944	0.00021571	0.00085684
134	0.19307	0.80587	0.00020227	0.00086488
135	0.19316	0.80577	0.00020126	0.00086053
136	0.16954	0.82941	0.00017536	0.00088112
137	0.16546	0.83349	0.00017011	0.00088104
138	0.17054	0.82841	0.00017445	0.00087141
139	0.15723	0.84173	0.00015979	0.00088081
140	0.15705	0.84191	0.00015873	0.00087661
141	0.16652	0.83245	0.00016755	0.00086256
142	0.17136	0.82762	0.0001716	0.00085331
143	0.18894	0.81004	0.00018857	0.00083118
144	0.23227	0.76671	0.00023152	0.00078311
145	0.26154	0.73745	0.00025996	0.00074958
146	0.33124	0.66776	0.00032904	0.00067545
147	0.50335	0.49565	0.00050096	0.00049852
148	0.99409	0.0049203	0.0009895	4.955e-06
149	0.99426	0.0047481	0.00098473	4.7532e-06
150	0.99715	0.001861	0.00098272	1.8502e-06
151	0.9961	0.0029157	0.00097676	2.8744e-06
152	0.99059	0.0084346	0.00096652	8.2276e-06
153	0.98521	0.013817	0.00095643	1.3412e-05
154	0.98531	0.013726	0.00095163	1.3267e-05
155	0.97888	0.020161	0.00094064	1.9382e-05
156	0.97895	0.020097	0.00093588	1.9233e-05
157	0.98342	0.015625	0.00093537	1.4875e-05
158	0.98754	0.011519	0.00093445	1.0922e-05
159	0.99867	0.0003874	0.00094017	3.638e-07
160	0.9966	0.0024603	0.00093347	2.2855e-06
161	0.99681	0.0022607	0.00092886	2.0846e-06
162	0.99897	0.00010232	0.00092612	6.5961e-08
163	0.99891	0.00015953	0.00092851	1.4279e-07
164	0.99881	0.00025922	0.00093085	2.5763e-07
165	0.99898	8.435e-05	0.00093347	1.194e-07
166	0.9929	0.006166	0.00092708	8.9645e-06
167	0.97285	0.026214	0.00090735	2.7526e-05
168	0.96763	0.031438	0.00090144	3.2241e-05
169	0.96939	0.029682	0.00090222	3.0246e-05
170	0.97732	0.021752	0.00090921	2.2071e-05
171	0.98444	0.014633	0.00091529	1.4794e-05
172	0.98474	0.014334	0.00091457	1.4338e-05
173	0.98013	0.018939	0.00090917	1.8545e-05
174	0.97513	0.02394	0.00090338	2.313e-05
175	0.9486	0.050477	0.00087772	4.761e-05
176	0.94165	0.057424	0.00087017	5.3959e-05
177	0.94387	0.055208	0.00087111	5.1804e-05
178	0.94415	0.054923	0.00087029	5.1432e-05
179	0.95488	0.044195	0.00087914	4.1377e-05
180	0.98174	0.017336	0.00090306	1.6277e-05
181	0.98739	0.011696	0.0009072	1.0981e-05
182	0.9915	0.0075849	0.00090994	7.1133e-06
183	0.99469	0.004395	0.00091185	4.1074e-06
184	0.99508	0.0040054	0.00091111	3.7286e-06
185	0.99582	0.0032661	0.00091067	3.0372e-06
186	0.99638	0.0027035	0.00091009	2.5085e-06
187	0.99514	0.0039528	0.00090783	3.6542e-06
188	0.99593	0.0031642	0.00090746	2.9242e-06
189	0.99654	0.0025485	0.00090696	2.3517e-06
190	0.97638	0.022711	0.00088741	2.0816e-05
191	0.96895	0.030147	0.0008796	2.7569e-05
192	0.9686	0.030497	0.00087823	2.787e-05
193	0.95834	0.04075	0.0008679	3.7156e-05
194	0.94655	0.052541	0.00085615	4.785e-05
195	0.89413	0.10496	0.00080769	9.5278e-05
196	0.82546	0.17364	0.0007449	0.00015707
197	0.74519	0.25391	0.0006716	0.00022935
198	0.71842	0.28068	0.00064662	0.0002533
199	0.40803	0.59107	0.00036468	0.0005342
200	0.28177	0.71733	0.00025044	0.0006474
201	0.23088	0.76823	0.0002045	0.00069234
202	0.21149	0.78761	0.00018698	0.00070888
203	0.2088	0.79031	0.00018432	0.00071054
204	0.21635	0.78276	0.00019083	0.00070305
205	0.23973	0.75938	0.00021148	0.00068144
206	0.23799	0.76112	0.0002097	0.00068226
207	0.24823	0.75088	0.0002186	0.0006724
208	0.25318	0.74593	0.00022284	0.00066723
209	0.27403	0.72508	0.00024132	0.00064784
210	0.34558	0.65353	0.00030484	0.00058339
211	0.51155	0.48756	0.00045282	0.0004345
212	0.98487	0.014247	0.00087366	1.2745e-05
213	0.98636	0.012756	0.00087405	1.1418e-05
214	0.51008	0.48904	0.00044902	0.00043554
215	0.31613	0.68298	0.0002767	0.00060698
216	0.23745	0.76167	0.00020703	0.00067578
217	0.20623	0.79289	0.00017942	0.00070254
218	0.19942	0.7997	0.00017324	0.00070786
219	0.20338	0.79574	0.00017654	0.00070372
220	0.22149	0.77763	0.00019231	0.00068713
221	0.28414	0.71498	0.00024696	0.00063165
222	0.42955	0.56957	0.00037432	0.00050348
223	0.53368	0.46544	0.0004656	0.00041141
224	0.53358	0.46555	0.00046516	0.00041107
225	0.53277	0.46636	0.00046406	0.00041138
226	0.42358	0.57555	0.00036793	0.00050672
227	0.31239	0.68674	0.0002699	0.00060393
228	0.2678	0.73133	0.00023066	0.00064238
229	0.21139	0.78774	0.00018136	0.00069091
230	0.19299	0.80614	0.00016514	0.00070635
231	0.19187	0.80726	0.00016391	0.00070678
232	0.16802	0.83111	0.00014283	0.00072707
233	0.15973	0.8394	0.0001354	0.00073371
234	0.16155	0.83758	0.00013675	0.00073159
235	0.17781	0.82132	0.00015037	0.00071719
236	0.21815	0.78098	0.00018452	0.00068228
237	0.31854	0.68059	0.00026995	0.00059611
238	0.24428	0.75486	0.00020534	0.00066
239	0.22237	0.77677	0.00018607	0.00067853
240	0.21568	0.78346	0.00018004	0.00068384
241	0.20849	0.79065	0.00017354	0.00068962
242	0.2115	0.78764	0.00017579	0.00068665
243	0.23146	0.76768	0.00019225	0.00066947
244	0.29974	0.6994	0.00024882	0.00061217
245	0.45807	0.54107	0.00038057	0.00047971
246	0.84705	0.15209	0.00070545	0.00015413
247	0.85217	0.14697	0.00070858	0.00015034
248	0.87538	0.12376	0.00072712	0.00013111
249	0.93124	0.067907	0.00077314	8.4429e-05
250	0.94521	0.05393	0.00078374	7.3156e-05
251	0.93574	0.063412	0.00077085	8.0038e-05
252	0.93467	0.06449	0.00076582	7.9112e-05
253	0.94257	0.056591	0.00077038	6.8584e-05
254	0.92423	0.074936	0.0007501	8.2937e-05
255	0.91865	0.08052	0.00074083	8.6347e-05
256	0.91321	0.085967	0.00073165	8.964e-05
257	0.91537	0.083813	0.00072936	8.61e-05
258	0.92673	0.072463	0.00073596	7.3723e-05
259	0.92502	0.07418	0.00072992	7.3952e-05
260	0.9305	0.068704	0.00073044	6.7678e-05
261	0.94723	0.051981	0.00074164	5.0785e-05
262	0.94971	0.049501	0.00073917	4.7613e-05
263	0.96085	0.03837	0.00074471	3.6491e-05
264	0.99909	0.00013306	0.00077547	1.2615e-07
265	0.99812	0.001109	0.00076916	8.7488e-07
266	0.99847	0.00076717	0.00076394	5.9581e-07
267	0.99921	2.6305e-05	0.00075899	2.0284e-08
268	0.99917	7.9206e-05	0.00075347	5.9813e-08
269	0.99861	0.00063893	0.00074755	4.8037e-07
270	0.99919	6.9453e-05	0.00074253	5.218e-08
271	0.99865	0.000609	0.00073674	4.5248e-07
272	0.99829	0.0009733	0.00073113	7.1701e-07
273	0.99926	1.0197e-05	0.00072656	7.4824e-09
274	0.9992	8.262e-05	0.00072128	5.9856e-08
275	0.9983	0.00098417	0.00071547	7.0509e-07
276	0.99898	0.00030844	0.00071075	2.2121e-07
277	0.89535	0.10394	0.00063194	7.3888e-05
278	0.85968	0.13962	0.00060205	9.8607e-05
279	0.84917	0.15014	0.00059015	0.00010532
280	0.83328	0.16603	0.00057469	0.00011563
281	0.7668	0.23251	0.00052427	0.0001609
282	0.74106	0.25826	0.00050267	0.00017738
283	0.71499	0.28433	0.00048104	0.00019388
284	0.70683	0.2925	0.00047186	0.00019796
285	0.69297	0.30636	0.00045902	0.00020575
286	0.67265	0.32669	0.00044213	0.00021763
287	0.65127	0.34808	0.00042468	0.00023006
288	0.64697	0.35238	0.00041865	0.0002311
289	0.64065	0.3587	0.00041132	0.00023343
290	0.65004	0.34932	0.00041408	0.00022566
291	0.6864	0.31297	0.00043376	0.00020095
292	0.6355	0.36387	0.00039775	0.0002319
293	0.61683	0.38255	0.00038275	0.0002419
294	0.61338	0.386	0.0003775	0.00024218
295	0.57473	0.42466	0.00035062	0.00026413
296	0.53022	0.46917	0.00032045	0.00028936
297	0.51315	0.48624	0.00030749	0.00029741
298	0.42441	0.57499	0.00025176	0.00034828
299	0.38698	0.61242	0.00022752	0.00036768
300	0.37438	0.62503	0.00021832	0.00037209
301	0.32141	0.67801	0.00018564	0.00039997
302	0.30151	0.69791	0.00017266	0.00040818
303	0.29665	0.70278	0.00016852	0.00040758
304	0.30419	0.69524	0.00017153	0.00039986
305	0.33537	0.66406	0.00018788	0.00037879
306	0.40981	0.58963	0.00022851	0.00033348
307	0.64881	0.35063	0.00036046	0.00019684
308	0.81698	0.18246	0.00045117	0.00010146
309	0.98109	0.018361	0.00053775	1.0193e-05
310	0.97879	0.020665	0.00053195	1.1361e-05
311	0.98081	0.018647	0.00052857	1.0158e-05
312	0.9903	0.0091614	0.00052915	4.9632e-06
313	0.99194	0.0075295	0.00052551	4.0434e-06
314	0.99294	0.0065334	0.00052156	3.4727e-06
315	0.99912	0.00035965	0.00052029	1.9816e-07
316	0.93526	0.064227	0.00048103	3.4896e-05
317	0.9136	0.085892	0.000465	4.6332e-05
318	0.9059	0.09359	0.00045668	5.011e-05
319	0.90648	0.093015	0.00045278	4.9508e-05
320	0.91862	0.080879	0.00045465	4.3111e-05
321	0.95149	0.048021	0.00046672	2.6556e-05
322	0.96039	0.039117	0.00046682	2.203e-05
323	0.96645	0.033065	0.00046547	1.8981e-05
324	0.98937	0.010149	0.00047221	7.8265e-06
325	0.9897	0.0098318	0.00045818	6.9937e-06
326	0.99448	0.0050685	0.00044683	3.433e-06
327	0.99955	1.2348e-05	0.00043528	7.9162e-09
328	0.99697	0.0026132	0.00041917	1.0955e-06
329	0.99691	0.0026869	0.0004041	1.0853e-06
330	0.9996	1.0819e-05	0.00039004	4.2261e-09
331	0.99815	0.001472	0.0003745	5.5281e-07
332	0.97754	0.022096	0.00035225	7.9422e-06
333	0.96991	0.029744	0.00033524	1.0238e-05
334	0.96943	0.030236	0.00032075	9.9563e-06
335	0.97552	0.024161	0.0003083	7.5938e-06
336	0.99787	0.001826	0.00030048	5.4651e-07
337	0.99541	0.0043054	0.00028506	1.226e-06
338	0.99574	0.0039914	0.00027042	1.0776e-06
339	0.99968	6.1967e-05	0.00025664	1.5779e-08
340	0.99953	0.00023293	0.00024169	5.6324e-08
341	0.9989	0.00087348	0.00022678	1.9773e-07
342	0.99979	1.1205e-06	0.00021214	1.6303e-10
343	0.99881	0.00097811	0.00020987	2.0545e-07
344	0.99825	0.0015422	0.00020767	3.2156e-07
345	0.99921	0.00058138	0.00020581	1.2e-07
346	0.99826	0.0015329	0.00020353	3.136e-07
347	0.99723	0.0025686	0.00020127	5.1934e-07
348	0.99827	0.0015312	0.00019941	3.0733e-07
349	0.99582	0.0039872	0.00019684	7.9436e-07
350	0.99581	0.0039942	0.00019478	7.8815e-07
351	0.99825	0.0015583	0.00019321	3.0572e-07
352	0.99288	0.0069307	0.00019016	1.3361e-06
353	0.99227	0.0075386	0.00018801	1.4398e-06
354	0.99457	0.0052391	0.00018644	9.9253e-07
355	0.99355	0.0062693	0.00018426	1.1737e-06
356	0.99513	0.0046906	0.00018258	8.683e-07
357	0.99707	0.0027491	0.00018095	5.0501e-07
358	0.99676	0.0030609	0.00017892	5.5546e-07
359	0.99838	0.0014425	0.00017726	2.5919e-07
360	0.9998	2.8462e-05	0.00017557	5.0562e-09
361	0.99945	0.00037957	0.00017356	6.6362e-08
362	0.99937	0.00045934	0.00017161	7.9408e-08
363	0.99861	0.001221	0.00016956	2.0794e-07
364	0.99825	0.0015849	0.00016757	2.6739e-07
365	0.99786	0.0019726	0.00016559	3.2891e-07
366	0.99745	0.0023833	0.00016363	3.9206e-07
367	0.99745	0.0023849	0.00016172	3.8808e-07
368	0.99947	0.00036748	0.00016016	5.8895e-08
369	0.99942	0.00042083	0.00015824	6.6554e-08
370	0.99716	0.0026881	0.00015596	4.2098e-07
371	0.99706	0.0027864	0.00015405	4.3036e-07
372	0.99973	0.00011583	0.00015254	1.7756e-08
373	0.99963	0.00021887	0.00015063	3.3104e-08
374	0.99741	0.0024435	0.00014841	3.6349e-07
375	0.99526	0.0045926	0.0001462	6.7542e-07
376	0.99543	0.0044211	0.00014435	6.4136e-07
377	0.99877	0.0010886	0.00014295	1.5643e-07
378	0.99945	0.00040464	0.00014117	5.7514e-08
379	0.99948	0.00037608	0.00013931	5.2631e-08
380	0.99888	0.0009817	0.00013738	1.3485e-07
381	0.99986	1.1064e-07	0.00013565	1.2741e-11
382	0.9988	0.001069	0.0001357	1.4514e-07
383	0.99795	0.0019152	0.00013576	2.6087e-07
384	0.99874	0.0011265	0.00013606	1.5335e-07
385	0.99977	9.2542e-05	0.00013638	1.2585e-08
386	0.99986	7.4344e-06	0.00013656	1.0182e-09
387	0.99986	3.6823e-06	0.00013674	5.0749e-10
388	0.99864	0.001225	0.00013673	1.698e-07
389	0.99736	0.0025022	0.00013673	3.4694e-07
390	0.99792	0.0019413	0.00013699	2.7018e-07
391	0.98127	0.018596	0.00013487	2.5727e-06
392	0.9642	0.035664	0.00013268	4.9465e-06
393	0.9579	0.041965	0.00013198	5.8267e-06
394	0.93117	0.068696	0.00012843	9.5541e-06
395	0.92159	0.078273	0.00012727	1.0896e-05
396	0.9221	0.077759	0.00012749	1.0843e-05
397	0.90793	0.091927	0.00012568	1.2827e-05
398	0.89179	0.10808	0.00012358	1.5099e-05
399	0.88732	0.11254	0.00012311	1.574e-05
400	0.89473	0.10513	0.00012429	1.473e-05
401	0.91786	0.082005	0.00012767	1.1518e-05
402	0.97304	0.026823	0.00013558	3.7863e-06
403	0.96982	0.030044	0.00013531	4.2399e-06
404	0.97172	0.02814	0.00013577	3.9722e-06
405	0.98327	0.016591	0.00013758	2.346e-06
406	0.98602	0.013836	0.00013814	1.9602e-06
407	0.99456	0.0052992	0.00013952	7.5371e-07
408	0.99659	0.003266	0.00013999	4.6502e-07
409	0.99383	0.0060294	0.00013977	8.5629e-07
410	0.9939	0.0059548	0.00013997	8.4593e-07
411	0.99666	0.0031955	0.00014055	4.5351e-07
412	0.99978	7.3831e-05	0.00014117	1.0522e-08
413	0.99983	2.688e-05	0.00014136	3.8026e-09
414	0.99687	0.0029912	0.00014113	4.2101e-07
415	0.95317	0.046684	0.00013514	6.5951e-06
416	0.94036	0.059499	0.00013348	8.4218e-06
417	0.93919	0.060671	0.00013346	8.6022e-06
418	0.93573	0.064127	0.00013312	9.104e-06
419	0.93888	0.060975	0.00013374	8.6628e-06
420	0.95419	0.04567	0.00013607	6.4916e-06
421	0.95621	0.043647	0.0001365	6.212e-06
422	0.968	0.031862	0.00013831	4.545e-06
423	0.99871	0.0011482	0.00014284	1.647e-07
424	0.98456	0.0153	0.00014097	2.1929e-06
425	0.97916	0.020701	0.00014036	2.9669e-06
426	0.97851	0.021348	0.00014044	3.0592e-06
427	0.97745	0.022405	0.00014045	3.2121e-06
428	0.98186	0.017991	0.00014123	2.5805e-06
429	0.99888	0.00097251	0.00014381	1.4082e-07
430	0.99746	0.0024006	0.00014376	3.481e-07
431	0.97877	0.02109	0.00014117	3.0683e-06
432	0.97193	0.027922	0.00014032	4.0631e-06
433	0.94796	0.051897	0.00013696	7.5612e-06
434	0.91459	0.085269	0.00013224	1.242e-05
435	0.90227	0.097585	0.0001306	1.4217e-05
436	0.70005	0.2998	0.00010149	4.3474e-05
437	0.62971	0.37015	9.1386e-05	5.3728e-05
438	0.60686	0.39299	8.8142e-05	5.711e-05
439	0.25641	0.74345	3.7323e-05	0.00010807
440	0.13345	0.8664	1.9433e-05	0.0001261
441	0.095237	0.90462	1.3855e-05	0.0001318
442	0.080399	0.91946	1.1702e-05	0.00013409
443	0.077455	0.9224	1.1277e-05	0.00013464
444	0.082874	0.91698	1.2066e-05	0.00013397
445	0.076963	0.92289	1.1197e-05	0.00013495
446	0.078248	0.92161	1.1384e-05	0.00013487
447	0.087071	0.91278	1.2676e-05	0.0001337
448	0.069492	0.93036	1.0097e-05	0.00013639
449	0.06362	0.93623	9.2413e-06	0.00013736
450	0.066356	0.9335	9.6383e-06	0.00013706
451	0.055456	0.9444	8.0438e-06	0.00013877
452	0.053737	0.94612	7.7892e-06	0.00013912
453	0.057411	0.94244	8.3251e-06	0.00013869
454	0.05809	0.94176	8.4279e-06	0.00013869
455	0.065048	0.9348	9.4534e-06	0.00013778
456	0.069067	0.93079	1.0054e-05	0.00013728
457	0.081999	0.91785	1.1975e-05	0.00013548
458	0.090153	0.9097	1.32e-05	0.00013437
459	0.12063	0.87922	1.7722e-05	0.00012995
460	0.15024	0.84961	2.2105e-05	0.00012567
461	0.21969	0.78016	3.2418e-05	0.00011546
462	0.3907	0.60915	5.7916e-05	9.0074e-05
463	0.43527	0.56459	6.4581e-05	8.3509e-05
464	0.56494	0.43491	8.3858e-05	6.4324e-05
465	0.97939	0.02046	0.00014523	3.0359e-06
466	0.98089	0.018966	0.00014554	2.8152e-06
467	0.98929	0.010566	0.00014686	1.5716e-06
468	0.99591	0.003941	0.00014794	5.8601e-07
469	0.99541	0.0044391	0.00014794	6.6077e-07
470	0.99726	0.0025946	0.0001483	3.8568e-07
471	0.99949	0.0003626	0.0001487	5.3824e-08
472	0.99948	0.00036662	0.00014876	5.4593e-08
473	0.99887	0.0009775	0.00014874	1.4534e-07
474	0.99972	0.00013462	0.00014893	2.0129e-08
475	0.99969	0.00016367	0.00014899	2.4533e-08
476	0.99943	0.00041944	0.00014902	6.2777e-08
477	0.99945	0.00040466	0.00014911	6.0385e-08
478	0.9998	5.0094e-05	0.00014923	7.526e-09
479	0.99926	0.00059264	0.00014923	8.8877e-08
480	0.99982	3.1006e-05	0.0001494	4.6623e-09
481	0.99641	0.003437	0.00014896	5.1715e-07
482	0.99566	0.0041924	0.00014893	6.3082e-07
483	0.99699	0.0028563	0.00014922	4.297e-07
484	0.95867	0.041179	0.00014355	6.1858e-06
485	0.7873	0.21255	0.00011778	3.2021e-05
486	0.71805	0.2818	0.00010743	4.2441e-05
487	0.40045	0.5994	6.001e-05	8.9949e-05
488	0.30119	0.69866	4.5145e-05	0.00010489
489	0.25886	0.74099	3.8837e-05	0.00011128
490	0.097362	0.90249	1.4618e-05	0.00013557
491	0.046782	0.95307	7.0055e-06	0.00014324
492	0.026272	0.97358	3.9301e-06	0.00014639
493	0.020328	0.97952	3.0352e-06	0.00014734
494	0.018648	0.9812	2.7834e-06	0.00014766
495	0.020257	0.97959	3.0269e-06	0.00014748
496	0.014851	0.985	2.2222e-06	0.00014835
497	0.014371	0.98548	2.1521e-06	0.00014848
498	0.018099	0.98175	2.7118e-06	0.00014798
499	0.014706	0.98514	2.2041e-06	0.00014854
500	0.015461	0.98439	2.3173e-06	0.00014848
501	0.019443	0.98041	2.9183e-06	0.00014793
502	0.0322	0.96765	4.836e-06	0.00014606
503	0.069031	0.93082	1.0357e-05	0.00014057
504	0.15949	0.84036	2.3976e-05	0.000127
505	0.18186	0.81799	2.7336e-05	0.00012367
506	0.23552	0.76433	3.5429e-05	0.00011562
507	0.38964	0.61021	5.8603e-05	9.2474e-05
508	0.5067	0.49315	7.6284e-05	7.4829e-05
509	0.79477	0.20508	0.00011996	3.1191e-05
510	0.99744	0.0024121	0.00015083	3.6855e-07
511	0.99672	0.0031248	0.00015078	4.7598e-07
512	0.9983	0.0015499	0.00015106	2.3704e-07
513	0.99815	0.0017026	0.00015109	2.6027e-07
514	0.99588	0.0039652	0.00015081	6.0354e-07
515	0.996	0.0038482	0.00015089	5.8486e-07
516	0.99947	0.00037477	0.00015147	5.7382e-08
517	0.99673	0.0031213	0.00015112	4.7581e-07
518	0.99631	0.0035428	0.00015112	5.3983e-07
519	0.9987	0.0011436	0.00015154	1.7625e-07
520	0.98516	0.01469	0.00014953	2.2575e-06
521	0.98127	0.018579	0.00014898	2.8602e-06
522	0.97748	0.022364	0.00014844	3.4506e-06
523	0.90983	0.090018	0.00013804	1.3899e-05
524	0.88697	0.11288	0.00013453	1.7449e-05
525	0.87902	0.12083	0.00013334	1.8688e-05
526	0.86673	0.13311	0.00013149	2.0591e-05
527	0.86502	0.13483	0.00013128	2.0866e-05
528	0.8734	0.12645	0.00013263	1.9587e-05
529	0.86931	0.13054	0.00013204	2.0227e-05
530	0.86498	0.13487	0.00013141	2.0908e-05
531	0.87035	0.12949	0.00013228	2.0096e-05
532	0.86044	0.13941	0.00013081	2.1627e-05
533	0.86046	0.13938	0.00013088	2.1626e-05
534	0.8737	0.12615	0.00013296	1.96e-05
535	0.85203	0.14782	0.0001297	2.2929e-05
536	0.84765	0.1522	0.00012907	2.3612e-05
537	0.85271	0.14714	0.0001299	2.284e-05
538	0.85742	0.14243	0.00013067	2.2125e-05
539	0.87492	0.12493	0.00013342	1.9433e-05
540	0.91817	0.081679	0.00014017	1.2745e-05
541	0.94893	0.05092	0.00014502	7.9701e-06
542	0.93401	0.065833	0.0001428	1.0261e-05
543	0.92996	0.069882	0.00014227	1.0879e-05
544	0.68345	0.3164	0.00010477	4.8475e-05
545	0.60672	0.39312	9.3082e-05	6.0242e-05
546	0.58152	0.41833	8.9257e-05	6.4141e-05
547	0.27632	0.72352	4.2272e-05	0.00011119
548	0.15205	0.8478	2.3208e-05	0.00013032
549	0.10163	0.89822	1.5504e-05	0.0001381
550	0.034669	0.96518	5.2989e-06	0.00014838
551	0.013696	0.98615	2.091e-06	0.00015166
552	0.0072317	0.99261	1.0984e-06	0.00015271
553	0.0047577	0.99509	7.1965e-07	0.00015316
554	0.0041425	0.9957	6.2576e-07	0.00015332
555	0.0054474	0.9944	8.2278e-07	0.00015319
556	0.0055522	0.99429	8.3758e-07	0.00015323
557	0.0074265	0.99242	1.1227e-06	0.00015302
558	0.012685	0.98716	1.9261e-06	0.00015228
559	0.01604	0.98381	2.4416e-06	0.00015184
560	0.0253	0.97455	3.8689e-06	0.00015049
561	0.048443	0.9514	7.45e-06	0.00014698
562	0.10194	0.8979	1.5761e-05	0.00013875
563	0.27273	0.72712	4.2215e-05	0.00011237
564	0.75916	0.24068	0.00011739	3.7264e-05
565	0.75214	0.2477	0.00011633	3.8375e-05
566	0.75636	0.24348	0.00011703	3.7738e-05
567	0.78332	0.21652	0.00012123	3.3592e-05
568	0.76346	0.23638	0.0001182	3.6685e-05
569	0.7612	0.23864	0.00011788	3.7054e-05
570	0.77132	0.22852	0.00011949	3.5495e-05
571	0.3844	0.61544	5.9763e-05	9.5289e-05
572	0.26327	0.73657	4.1005e-05	0.0001141
573	0.22612	0.77372	3.5237e-05	0.00011992
574	0.093771	0.90607	1.4588e-05	0.0001406
575	0.036359	0.96349	5.6606e-06	0.00014957
576	0.016249	0.9836	2.5239e-06	0.00015275
577	0.0081007	0.99174	1.2579e-06	0.00015405
578	0.0054595	0.99439	8.4579e-07	0.00015449
579	0.0046922	0.99515	7.2649e-07	0.00015465
580	0.0033623	0.99648	5.1854e-07	0.00015488
581	0.0032919	0.99655	5.0693e-07	0.00015492
582	0.0044202	0.99542	6.8156e-07	0.00015478
583	0.0049907	0.99485	7.6851e-07	0.00015472
584	0.004567	0.99528	7.0256e-07	0.00015481
585	0.0054327	0.99441	8.3691e-07	0.00015471
586	0.0025154	0.99733	3.8728e-07	0.0001552
587	0.0017913	0.99805	2.75e-07	0.00015533
588	0.0017483	0.9981	2.6833e-07	0.00015537
589	0.0023546	0.99749	3.6232e-07	0.00015531
590	0.0040587	0.99579	6.2714e-07	0.00015508
591	0.009887	0.98996	1.529e-06	0.0001542
592	0.0049583	0.99489	7.648e-07	0.000155
593	0.0028872	0.99696	4.4486e-07	0.00015535
594	0.0021412	0.9977	3.3046e-07	0.0001555
595	0.0021687	0.99768	3.3624e-07	0.00015553
596	0.0033797	0.99646	5.2558e-07	0.00015537
597	0.0077498	0.99209	1.2055e-06	0.00015471
598	0.010225	0.98962	1.5927e-06	0.00015435
599	0.016604	0.98324	2.5936e-06	0.00015338
600	0.03261	0.96723	5.1146e-06	0.00015089
601	0.07845	0.92139	1.2314e-05	0.00014371
602	0.20909	0.79075	3.2779e-05	0.00012327
603	0.62557	0.37427	9.7821e-05	5.8234e-05
604	0.63224	0.36761	9.8855e-05	5.7201e-05
605	0.66669	0.33315	0.00010419	5.1854e-05
606	0.74887	0.25097	0.00011699	3.9053e-05
607	0.77112	0.22872	0.00012043	3.5598e-05
608	0.79322	0.20662	0.00012383	3.2178e-05
609	0.85096	0.14888	0.00013279	2.3205e-05
610	0.8645	0.13534	0.00013486	2.1109e-05
611	0.89935	0.1005	0.00014026	1.569e-05
612	0.98656	0.013288	0.00015386	2.0786e-06
613	0.99298	0.0068656	0.00015486	1.0721e-06
614	0.99967	0.00016915	0.00015589	2.6506e-08
615	0.99978	6.3102e-05	0.0001559	9.8687e-09
616	0.9995	0.00034344	0.00015584	5.3891e-08
617	0.99856	0.0012886	0.00015568	2.0177e-07
618	0.99898	0.00086318	0.00015574	1.3501e-07
619	0.96517	0.034672	0.00015044	5.4228e-06
620	0.95212	0.047727	0.0001484	7.456e-06
621	0.95038	0.049465	0.00014811	7.728e-06
622	0.34771	0.65214	5.4282e-05	0.00010155
623	0.13612	0.86373	2.1253e-05	0.00013456
624	0.061878	0.93797	9.6329e-06	0.00014615
625	0.029713	0.97013	4.6173e-06	0.00015114
626	0.016706	0.98314	2.5974e-06	0.00015315
627	0.012516	0.98733	1.9446e-06	0.00015377
628	0.012118	0.98773	1.8805e-06	0.0001538
629	0.014149	0.9857	2.1955e-06	0.00015346
630	0.02011	0.97973	3.1249e-06	0.0001525
631	0.04015	0.95969	6.2379e-06	0.00014935
632	0.08946	0.91038	1.3927e-05	0.00014163
633	0.23004	0.7698	3.5782e-05	0.00011974
634	0.63047	0.36937	9.7848e-05	5.7628e-05
635	0.72054	0.2793	0.00011183	4.3605e-05
636	0.94278	0.057066	0.0001465	8.9039e-06
637	0.94519	0.054653	0.00014686	8.5193e-06
638	0.95855	0.041295	0.00014891	6.4303e-06
639	0.99887	0.00097117	0.00015514	1.5095e-07
640	0.99965	0.00019384	0.00015521	3.0378e-08
641	0.99818	0.0016663	0.00015493	2.6062e-07
642	0.99667	0.0031703	0.00015465	4.9487e-07
643	0.99766	0.0021863	0.00015475	3.4291e-07
644	0.99677	0.0030717	0.00015457	4.8192e-07
645	0.99784	0.0020029	0.00015469	3.1547e-07
646	0.95583	0.044011	0.0001481	6.8777e-06
647	0.9383	0.061541	0.00014535	9.6053e-06
648	0.93506	0.064782	0.00014481	1.0112e-05
649	0.86153	0.13832	0.00013325	2.1626e-05
650	0.83051	0.16933	0.00012838	2.6462e-05
651	0.82374	0.17611	0.00012727	2.7521e-05
652	0.78121	0.21863	0.0001206	3.4146e-05
653	0.76859	0.23125	0.00011858	3.6114e-05
654	0.76811	0.23173	0.00011846	3.6186e-05
655	0.74248	0.25737	0.00011445	4.0153e-05
656	0.73747	0.26237	0.00011363	4.0925e-05
657	0.74386	0.25598	0.00011459	3.9922e-05
658	0.74667	0.25318	0.00011501	3.947e-05
659	0.76788	0.23197	0.00011827	3.6169e-05
660	0.82032	0.17953	0.00012639	2.8e-05
661	0.83348	0.16637	0.00012839	2.5952e-05
662	0.87032	0.12953	0.00013409	2.0213e-05
663	0.95698	0.042863	0.00014758	6.6832e-06
664	0.95447	0.045372	0.00014718	7.0603e-06
665	0.95918	0.040666	0.00014788	6.3214e-06
666	0.97675	0.0231	0.00015056	3.5895e-06
667	0.97975	0.020099	0.00015099	3.1182e-06
668	0.98213	0.017718	0.00015131	2.746e-06
669	0.99233	0.0075194	0.00015283	1.1672e-06
670	0.99978	6.5976e-05	0.00015393	1.0298e-08
671	0.99921	0.00063543	0.0001538	9.8205e-08
672	0.99977	7.7122e-05	0.00015384	1.1823e-08
673	0.997	0.0028439	0.00015337	4.3537e-07
674	0.99688	0.0029643	0.00015329	4.5365e-07
675	0.99958	0.0002649	0.00015364	4.067e-08
676	0.99891	0.00093643	0.00015347	1.4379e-07
677	0.99864	0.0012029	0.00015336	1.851e-07
678	0.99984	4.9521e-06	0.00015347	7.5895e-10
679	0.99976	8.791e-05	0.00015339	1.3478e-08
680	0.9987	0.0011431	0.00015314	1.7567e-07
681	0.99899	0.00085198	0.0001531	1.306e-07
682	0.99858	0.0012671	0.00015295	1.9425e-07
683	0.99818	0.0016658	0.00015281	2.5471e-07
684	0.99983	1.348e-05	0.00015297	2.0817e-09
685	0.99732	0.0025319	0.00015249	3.8995e-07
686	0.99704	0.0028046	0.00015237	4.3164e-07
687	0.99878	0.0010665	0.00015257	1.6408e-07
688	0.99897	0.00087418	0.00015254	1.3375e-07
689	0.99829	0.0015524	0.00015236	2.3679e-07
690	0.99951	0.0003424	0.00015246	5.237e-08
691	0.99981	3.3026e-05	0.00015243	5.0691e-09
692	0.99941	0.00043626	0.0001523	6.6677e-08
693	0.99783	0.0020132	0.000152	3.065e-07
694	0.99139	0.00846	0.00015097	1.2827e-06
695	0.99046	0.0093927	0.00015077	1.4237e-06
696	0.99244	0.0074101	0.00015101	1.1199e-06
697	0.98561	0.014237	0.00014992	2.1513e-06
698	0.98459	0.015263	0.00014968	2.3054e-06
699	0.98383	0.016017	0.00014948	2.4197e-06
700	0.98243	0.017418	0.00014919	2.6293e-06
701	0.98579	0.014059	0.00014961	2.12e-06
702	0.99941	0.00043642	0.00015156	6.5851e-08
703	0.99865	0.0011971	0.00015135	1.8077e-07
704	0.99945	0.00040251	0.00015137	6.0752e-08
705	0.99971	0.0001387	0.00015129	2.1168e-08
706	0.99729	0.0025545	0.00015082	3.8987e-07
707	0.99699	0.0028615	0.00015067	4.3664e-07
708	0.99856	0.0012871	0.00015081	1.9721e-07
709	0.99705	0.0027976	0.0001505	4.264e-07
710	0.9974	0.0024541	0.00015047	3.7369e-07
711	0.99985	2.5677e-06	0.00015077	3.94e-10
712	0.98702	0.012826	0.00014876	1.9433e-06
713	0.97275	0.027096	0.00014652	4.11e-06
714	0.96804	0.031808	0.00014574	4.8212e-06
715	0.8981	0.10175	0.00013507	1.5421e-05
716	0.87042	0.12943	0.00013082	1.9593e-05
717	0.86308	0.13677	0.00012964	2.0696e-05
718	0.85564	0.14421	0.00012843	2.1819e-05
719	0.85769	0.14216	0.00012866	2.1503e-05
720	0.87179	0.12806	0.00013072	1.9367e-05
721	0.78815	0.2117	0.00011811	3.1901e-05
722	0.76002	0.23983	0.00011382	3.6112e-05
723	0.75524	0.24461	0.00011303	3.6817e-05
724	0.72441	0.27544	0.00010829	4.1455e-05
725	0.71476	0.28509	0.00010677	4.2885e-05
726	0.71797	0.28188	0.00010719	4.2378e-05
727	0.74353	0.25632	0.00011093	3.8536e-05
728	0.80568	0.19417	0.00012017	2.9207e-05
729	0.95039	0.049456	0.00014184	7.4578e-06
730	0.94933	0.050517	0.00014161	7.6084e-06
731	0.9563	0.043551	0.00014257	6.5585e-06
732	0.97508	0.024776	0.00014532	3.7298e-06
733	0.97922	0.020628	0.00014585	3.1053e-06
734	0.97772	0.022132	0.00014552	3.3299e-06
735	0.98072	0.019136	0.00014588	2.8785e-06
736	0.97769	0.022157	0.00014535	3.325e-06
737	0.82858	0.17127	0.00012318	2.5414e-05
738	0.76841	0.23144	0.00011425	3.4274e-05
739	0.55146	0.44839	8.2109e-05	6.6334e-05
740	0.48411	0.51574	7.2076e-05	7.6277e-05
741	0.46527	0.53459	6.9225e-05	7.9029e-05
742	0.43699	0.56286	6.4998e-05	8.3161e-05
743	0.43148	0.56838	6.4134e-05	8.3922e-05
744	0.44423	0.55562	6.5963e-05	8.1982e-05
745	0.4375	0.56235	6.4896e-05	8.2929e-05
746	0.44433	0.55553	6.5846e-05	8.1864e-05
747	0.47058	0.52927	6.968e-05	7.7921e-05
748	0.47254	0.52731	6.9909e-05	7.7572e-05
749	0.49733	0.50252	7.3481e-05	7.3873e-05
750	0.5623	0.43756	8.298e-05	6.4253e-05
751	0.77173	0.22812	0.0001136	3.35e-05
752	0.81813	0.18172	0.00012033	2.665e-05
753	0.96853	0.031325	0.00014224	4.6051e-06
754	0.96931	0.030548	0.00014223	4.4867e-06
755	0.97755	0.022304	0.0001433	3.2769e-06
756	0.99823	0.001621	0.00014621	2.3937e-07
757	0.99816	0.0016911	0.00014608	2.4936e-07
758	0.99973	0.00012611	0.00014619	1.8627e-08
759	0.99984	9.2452e-06	0.0001461	1.3619e-09
760	0.99979	6.295e-05	0.00014599	9.2237e-09
761	0.99976	8.9155e-05	0.00014589	1.3001e-08
762	0.99919	0.00066086	0.0001457	9.6576e-08
763	0.9975	0.0023567	0.00014534	3.4524e-07
764	0.99762	0.002237	0.00014524	3.2758e-07
765	0.99979	6.7362e-05	0.00014546	9.8269e-09
766	0.99905	0.00080307	0.00014524	1.1683e-07
767	0.9986	0.0012559	0.00014505	1.8301e-07
768	0.9995	0.00035542	0.00014507	5.1879e-08
769	0.99968	0.00017937	0.00014498	2.6115e-08
770	0.99888	0.00097095	0.00014475	1.4135e-07
771	0.99818	0.0016724	0.00014453	2.4283e-07
772	0.99785	0.0020006	0.00014436	2.9074e-07
773	0.99916	0.00069387	0.00014444	1.0114e-07
774	0.99946	0.00039948	0.00014437	5.8251e-08
775	0.99778	0.0020707	0.00014401	3.0165e-07
776	0.9958	0.0040543	0.00014361	5.8931e-07
777	0.99613	0.0037272	0.00014355	5.4122e-07
778	0.99444	0.0054132	0.00014319	7.8551e-07
779	0.9951	0.004758	0.00014318	6.9022e-07
780	0.99858	0.0012769	0.00014358	1.8548e-07
781	0.99568	0.0041768	0.00014307	6.0165e-07
782	0.99307	0.0067868	0.00014259	9.771e-07
783	0.9932	0.0066599	0.00014251	9.5747e-07
784	0.99337	0.0064847	0.00014243	9.3188e-07
785	0.99637	0.0034832	0.00014276	4.9933e-07
786	0.99974	0.00011259	0.00014313	1.6194e-08
787	0.99887	0.00099147	0.0001429	1.4202e-07
788	0.99839	0.0014642	0.00014271	2.1012e-07
789	0.99943	0.00042569	0.00014275	6.1291e-08
790	0.99652	0.0033367	0.00014223	4.7781e-07
791	0.99641	0.0034491	0.0001421	4.9447e-07
792	0.99839	0.0014639	0.00014228	2.1077e-07
793	0.99707	0.0027887	0.00014197	4.0204e-07
794	0.99756	0.0022985	0.00014193	3.3246e-07
795	0.99606	0.0037954	0.00014161	5.4779e-07
796	0.97106	0.028796	0.00013794	4.1292e-06
797	0.96097	0.03889	0.00013641	5.567e-06
798	0.9587	0.041154	0.00013601	5.8838e-06
799	0.96423	0.035624	0.0001367	5.0938e-06
800	0.96777	0.032087	0.00013713	4.5854e-06
801	0.97988	0.019973	0.00013878	2.8491e-06
802	0.98928	0.010575	0.00014006	1.4979e-06
803	0.98731	0.012546	0.0001397	1.7704e-06
804	0.98981	0.01005	0.00013997	1.413e-06
805	0.98069	0.01917	0.00013859	2.6905e-06
806	0.97887	0.020992	0.00013822	2.9437e-06
807	0.98111	0.018748	0.00013843	2.6221e-06
808	0.98224	0.017619	0.00013848	2.4591e-06
809	0.97799	0.021868	0.00013776	3.0509e-06
810	0.97963	0.02023	0.00013785	2.819e-06
811	0.98961	0.010247	0.0001391	1.4247e-06
812	0.99927	0.00059038	0.00014028	8.2551e-08
813	0.99908	0.00078374	0.0001401	1.1008e-07
814	0.99418	0.0056849	0.00013925	8.0223e-07
815	0.99337	0.0064898	0.00013896	9.1694e-07
816	0.99525	0.0046153	0.00013906	6.5438e-07
817	0.99013	0.0097267	0.00013818	1.3745e-06
818	0.98897	0.010893	0.00013787	1.537e-06
819	0.99088	0.0089769	0.00013799	1.2661e-06
820	0.98869	0.011172	0.00013755	1.5697e-06
821	0.99033	0.0095271	0.00013764	1.3381e-06
822	0.99671	0.0031554	0.00013839	4.4393e-07
823	0.99626	0.003601	0.00013818	5.0612e-07
824	0.99554	0.0043212	0.00013793	6.06e-07
825	0.99709	0.0027757	0.00013801	3.8932e-07
826	0.993	0.0068652	0.00013732	9.5496e-07
827	0.99273	0.0071305	0.00013714	9.912e-07
828	0.99542	0.0044417	0.00013738	6.1697e-07
829	0.99539	0.0044747	0.00013724	6.2123e-07
830	0.99548	0.0043776	0.0001371	6.0844e-07
831	0.99817	0.0016904	0.00013733	2.3717e-07
832	0.97979	0.020077	0.00013463	2.798e-06
833	0.97306	0.0268	0.00013356	3.7281e-06
834	0.97221	0.027652	0.00013333	3.8424e-06
835	0.9704	0.029466	0.00013296	4.0869e-06
836	0.95956	0.040303	0.00013135	5.5763e-06
837	0.95694	0.042919	0.00013087	5.9287e-06
838	0.90235	0.09751	0.00012325	1.3424e-05
839	0.87958	0.12029	0.00012002	1.6527e-05
840	0.87425	0.12562	0.00011917	1.7243e-05
841	0.84394	0.15592	0.00011489	2.1387e-05
842	0.80078	0.19908	0.00010887	2.7265e-05
843	0.7402	0.25966	0.00010046	3.5531e-05
844	0.71535	0.28451	9.6966e-05	3.8881e-05
845	0.7088	0.29107	9.5983e-05	3.9727e-05
846	0.71489	0.28498	9.6732e-05	3.8849e-05
847	0.74693	0.25294	0.00010099	3.4447e-05
848	0.853	0.14686	0.00011526	2.0036e-05
849	0.92807	0.07179	0.00012533	9.8172e-06
850	0.93104	0.068824	0.00012561	9.4009e-06
851	0.94641	0.053456	0.00012756	7.3062e-06
852	0.98617	0.013696	0.00013284	1.8905e-06
853	0.98371	0.016158	0.00013237	2.2239e-06
854	0.98515	0.014713	0.00013244	2.0241e-06
855	0.99175	0.0081156	0.00013323	1.1207e-06
856	0.98309	0.016771	0.00013192	2.2986e-06
857	0.94362	0.056247	0.00012644	7.6502e-06
858	0.76493	0.23494	0.0001022	3.1772e-05
859	0.51947	0.48039	6.9128e-05	6.4735e-05
860	0.44308	0.55679	5.8772e-05	7.4971e-05
861	0.41333	0.58654	5.4728e-05	7.8898e-05
862	0.40878	0.59109	5.4052e-05	7.945e-05
863	0.41776	0.5821	5.5188e-05	7.8194e-05
864	0.44801	0.55185	5.9162e-05	7.4103e-05
865	0.54917	0.4507	7.2502e-05	6.0639e-05
866	0.78339	0.21648	0.00010354	2.9483e-05
867	0.79958	0.20029	0.0001056	2.7307e-05
868	0.70879	0.29108	9.3284e-05	3.9512e-05
869	0.57994	0.41993	7.5932e-05	5.676e-05
870	0.52486	0.47501	6.8516e-05	6.4075e-05
871	0.44746	0.5524	5.8173e-05	7.4321e-05
872	0.42197	0.57789	5.4723e-05	7.7667e-05
873	0.4195	0.58037	5.4321e-05	7.7956e-05
874	0.41647	0.5834	5.3834e-05	7.8323e-05
875	0.42617	0.5737	5.5026e-05	7.7013e-05
876	0.45788	0.54199	5.9099e-05	7.2827e-05
877	0.43795	0.56192	5.6398e-05	7.5419e-05
878	0.43691	0.56296	5.6184e-05	7.5516e-05
879	0.44919	0.55068	5.772e-05	7.3867e-05
880	0.43711	0.56276	5.6069e-05	7.5408e-05
881	0.4383	0.56157	5.6171e-05	7.52e-05
882	0.43705	0.56281	5.5941e-05	7.5316e-05
883	0.43383	0.56603	5.5443e-05	7.5692e-05
884	0.42514	0.57473	5.4236e-05	7.6781e-05
885	0.42909	0.57078	5.4689e-05	7.6212e-05
886	0.40528	0.59458	5.153e-05	7.9261e-05
887	0.39871	0.60116	5.063e-05	8.0053e-05
888	0.40547	0.5944	5.1474e-05	7.9105e-05
889	0.40636	0.59351	5.156e-05	7.8919e-05
890	0.40216	0.59771	5.0974e-05	7.9396e-05
891	0.39283	0.60704	4.9732e-05	8.0533e-05
892	0.3784	0.62147	4.7845e-05	8.2319e-05
893	0.37759	0.62228	4.7722e-05	8.2343e-05
894	0.38978	0.61009	4.9295e-05	8.0675e-05
895	0.39953	0.60034	5.0537e-05	7.9331e-05
896	0.34231	0.65756	4.3191e-05	8.6577e-05
897	0.32062	0.67925	4.0409e-05	8.9264e-05
898	0.23925	0.76062	3.0083e-05	9.9498e-05
899	0.20691	0.79296	2.5993e-05	0.0001035
900	0.19805	0.80182	2.4865e-05	0.00010453
901	0.20203	0.79784	2.537e-05	0.00010392
902	0.20171	0.79816	2.5329e-05	0.00010387
903	0.21309	0.78678	2.6797e-05	0.0001023
904	0.21951	0.78036	2.7632e-05	0.00010137
905	0.24665	0.75322	3.1133e-05	9.7768e-05
906	0.33673	0.66314	4.2734e-05	8.6059e-05
907	0.40143	0.59845	5.1077e-05	7.7611e-05
908	0.55191	0.44796	7.057e-05	5.8016e-05
909	0.98128	0.018594	0.00012603	2.4408e-06
910	0.96325	0.036624	0.00012359	4.7792e-06
911	0.95824	0.041629	0.00012283	5.4284e-06
912	0.95899	0.040885	0.00012282	5.3304e-06
913	0.95857	0.041303	0.00012267	5.3801e-06
914	0.96398	0.035891	0.00012328	4.6749e-06
915	0.97923	0.020646	0.00012517	2.6933e-06
916	0.93918	0.060688	0.00011997	7.8163e-06
917	0.92376	0.076109	0.00011793	9.775e-06
918	0.92097	0.078905	0.0001175	1.0124e-05
919	0.92744	0.072431	0.00011824	9.2897e-06
920	0.9316	0.068272	0.00011869	8.7484e-06
921	0.9518	0.048077	0.00012118	6.1643e-06
922	0.95429	0.045579	0.00012141	5.8388e-06
923	0.96448	0.035392	0.00012263	4.5263e-06
924	0.99972	0.00014803	0.00012704	1.9019e-08
925	0.99511	0.0047679	0.00012636	6.0668e-07
926	0.99023	0.0096468	0.00012564	1.2283e-06
927	0.99016	0.0097149	0.00012552	1.2382e-06
928	0.93249	0.067378	0.000118	8.63e-06
929	0.85222	0.14766	0.00010765	1.887e-05
930	0.8282	0.17167	0.00010447	2.1927e-05
931	0.74489	0.25498	9.3669e-05	3.2587e-05
932	0.70983	0.29004	8.9092e-05	3.7033e-05
933	0.69708	0.3028	8.7377e-05	3.8621e-05
934	0.68162	0.31825	8.5308e-05	4.0555e-05
935	0.67996	0.31991	8.5e-05	4.0732e-05
936	0.69197	0.30791	8.6424e-05	3.9182e-05
937	0.68219	0.31768	8.5116e-05	4.037e-05
938	0.68475	0.31512	8.5369e-05	4e-05
939	0.70291	0.29696	8.7603e-05	3.7655e-05
940	0.76753	0.23234	9.5681e-05	2.9457e-05
