#coord	neutral	conserved	gBGC.neutral	gBGC.conserved
1	0.95859	0.032629	0.0084942	0.0002894
2	0.97999	0.011219	0.0086865	9.9554e-05
3	0.9846	0.0066125	0.0087299	5.8667e-05
4	0.98884	0.0023669	0.0087701	2.0992e-05
5	0.98984	0.0013625	0.0087815	1.2082e-05
6	0.9912	3.1177e-06	0.0087961	2.7679e-08
7	0.9912	5.6592e-06	0.0087986	5.0291e-08
8	0.99113	6.5201e-05	0.0088006	5.7957e-07
9	0.99113	6.5978e-05	0.0088032	5.8667e-07
10	0.99116	3.5481e-05	0.0088061	3.1571e-07
11	0.991	0.00019276	0.0088074	1.7148e-06
12	0.99116	2.8107e-05	0.0088115	2.502e-07
13	0.99116	2.2279e-05	0.0088143	1.9835e-07
14	0.99108	0.00010655	0.0088163	9.4851e-07
15	0.99093	0.00025439	0.0088178	2.2632e-06
16	0.99107	0.00010391	0.0088219	9.2565e-07
17	0.99114	3.5756e-05	0.0088253	3.1882e-07
18	0.991	0.00017408	0.0088269	1.5519e-06
19	0.99116	1.0348e-05	0.0088313	9.2236e-08
20	0.99059	0.00057431	0.0088291	5.1236e-06
21	0.9911	6.2405e-05	0.0088366	5.5733e-07
22	0.99108	7.8161e-05	0.0088394	6.9808e-07
23	0.99106	0.00010036	0.0088421	8.9669e-07
24	0.99098	0.00017475	0.0088445	1.5616e-06
25	0.99062	0.00052878	0.0088443	4.7231e-06
26	0.99043	0.00071791	0.0088457	6.4089e-06
27	0.99063	0.00051017	0.0088506	4.555e-06
28	0.99036	0.0007815	0.0088512	6.9839e-06
29	0.99028	0.00086176	0.0088536	7.6996e-06
30	0.9905	0.00063641	0.0088587	5.6867e-06
31	0.99111	2.2866e-05	0.0088672	2.0463e-07
32	0.99043	0.00069752	0.0088642	6.2431e-06
33	0.99018	0.00095118	0.008865	8.5167e-06
34	0.99034	0.00078412	0.0088696	7.0239e-06
35	0.99092	0.00019617	0.008878	1.759e-06
36	0.99111	1.0074e-05	0.0088828	9.026e-08
37	0.99111	6.5493e-08	0.008886	5.8774e-10
38	0.99025	0.00085666	0.0088814	7.6848e-06
39	0.9895	0.0016081	0.0088779	1.4421e-05
40	0.99047	0.00063201	0.0088898	5.6675e-06
41	0.99043	0.00067427	0.0088926	6.0506e-06
42	0.99059	0.00050722	0.0088972	4.5582e-06
43	0.99097	0.00012779	0.0089038	1.1509e-06
44	0.98899	0.0021002	0.0088893	1.8909e-05
45	0.98677	0.0043193	0.0088725	3.8886e-05
46	0.98696	0.0041256	0.0088775	3.7147e-05
47	0.98752	0.003566	0.0088858	3.2126e-05
48	0.9908	0.00028148	0.0089187	2.5386e-06
49	0.99104	3.9026e-05	0.0089243	3.5159e-07
50	0.99107	6.4791e-07	0.0089279	5.835e-09
51	0.99091	0.00016174	0.0089298	1.4588e-06
52	0.99106	3.9941e-06	0.0089346	3.5981e-08
53	0.9901	0.00096698	0.0089292	8.7171e-06
54	0.9907	0.00036151	0.008938	3.263e-06
55	0.99083	0.00022997	0.0089425	2.0767e-06
56	0.99066	0.00038768	0.0089445	3.4984e-06
57	0.99092	0.00013018	0.0089502	1.1745e-06
58	0.99056	0.00048552	0.0089503	4.3852e-06
59	0.99062	0.00042361	0.0089542	3.8309e-06
60	0.9909	0.00014172	0.0089602	1.2828e-06
61	0.98886	0.0021736	0.0089452	1.9663e-05
62	0.981	0.010037	0.0088774	9.0874e-05
63	0.97311	0.017914	0.0088093	0.00016233
64	0.97115	0.019874	0.0087949	0.00018015
65	0.97342	0.017605	0.0088189	0.00015962
66	0.98332	0.007698	0.0089121	6.9851e-05
67	0.98585	0.0051679	0.0089386	4.6901e-05
68	0.98866	0.0023493	0.0089676	2.1339e-05
69	0.99093	8.2193e-05	0.0089917	7.4767e-07
70	0.99021	0.00079085	0.0089888	7.1845e-06
71	0.99065	0.00034797	0.0089964	3.1601e-06
72	0.99075	0.00024327	0.0090009	2.2104e-06
73	0.98636	0.0046315	0.0089646	4.2064e-05
74	0.98591	0.0050751	0.0089642	4.6118e-05
75	0.98875	0.0022398	0.0089935	2.0382e-05
76	0.98698	0.0040067	0.008981	3.6483e-05
77	0.98773	0.0032513	0.0089914	2.9638e-05
78	0.98827	0.0027012	0.009	2.4646e-05
79	0.98176	0.0092158	0.0089442	8.4062e-05
80	0.9805	0.010469	0.0089364	9.5556e-05
81	0.98225	0.0087158	0.008956	7.9603e-05
82	0.97509	0.015874	0.0088942	0.00014506
83	0.97339	0.017563	0.0088824	0.00016056
84	0.97572	0.015238	0.0089074	0.00013935
85	0.84167	0.14928	0.0076875	0.001363
86	0.7953	0.19565	0.007267	0.0017872
87	0.77806	0.21289	0.0071126	0.0019454
88	0.75821	0.23273	0.0069342	0.0021276
89	0.75587	0.23507	0.0069156	0.00215
90	0.77027	0.22066	0.0070501	0.0020193
91	0.81054	0.18038	0.0074217	0.0016515
92	0.77676	0.21416	0.007115	0.0019619
93	0.73232	0.2586	0.0067108	0.00237
94	0.57951	0.4114	0.0053116	0.0037729
95	0.36661	0.6243	0.0033613	0.0057271
96	0.30039	0.69052	0.0027546	0.0063376
97	0.21295	0.77795	0.0019533	0.0071428
98	0.17797	0.81293	0.0016333	0.0074667
99	0.16933	0.82156	0.0015547	0.0075492
100	0.15595	0.83494	0.0014325	0.0076753
101	0.15687	0.83402	0.0014416	0.0076701
102	0.17347	0.81742	0.0015948	0.0075208
103	0.087667	0.90321	0.00080629	0.0083132
104	0.057787	0.93309	0.00053151	0.0085919
105	0.047998	0.94287	0.00044149	0.0086858
106	0.033006	0.95786	0.00030354	0.0088277
107	0.029304	0.96156	0.00026948	0.0088657
108	0.029662	0.9612	0.00027284	0.0088663
109	0.034786	0.95607	0.00032017	0.008823
110	0.016862	0.97399	0.00015512	0.008992
111	0.0096603	0.98119	8.8847e-05	0.0090623
112	0.0078955	0.98295	7.26e-05	0.0090826
113	0.008034	0.98281	7.3904e-05	0.0090853
114	0.010402	0.98043	9.5796e-05	0.0090675
115	0.011888	0.97894	0.00010953	0.0090578
116	0.016636	0.97419	0.00015343	0.009018
117	0.028947	0.96188	0.00026734	0.0089082
118	0.059428	0.93139	0.0005497	0.0086299
119	0.14645	0.84437	0.0013556	0.0078281
120	0.39437	0.59644	0.0036511	0.0055368
121	0.38961	0.6012	0.0036085	0.0055835
122	0.40071	0.59009	0.0037129	0.0054832
123	0.441	0.5498	0.0040878	0.0051125
124	0.47067	0.52013	0.0043648	0.0048396
125	0.47082	0.51997	0.0043682	0.0048405
126	0.48597	0.50482	0.0045111	0.0047017
127	0.45061	0.54017	0.0041842	0.0050329
128	0.43912	0.55165	0.0040793	0.0051421
129	0.44161	0.54917	0.0041045	0.0051211
130	0.35927	0.6315	0.0033398	0.00589
131	0.26263	0.72814	0.0024406	0.0067935
132	0.23339	0.75737	0.0021689	0.0070695
133	0.20286	0.7879	0.0018846	0.0073581
134	0.19149	0.79927	0.0017792	0.0074678
135	0.19158	0.79917	0.0017807	0.0074705
136	0.16814	0.8226	0.0015628	0.0076928
137	0.1641	0.82664	0.0015256	0.0077342
138	0.16914	0.8216	0.0015732	0.007691
139	0.15593	0.8348	0.0014506	0.007818
140	0.15576	0.83497	0.0014496	0.0078234
141	0.16515	0.82557	0.0015379	0.0077394
142	0.16994	0.82078	0.0015835	0.0076983
143	0.18737	0.80334	0.0017474	0.0075388
144	0.23035	0.76036	0.0021511	0.0071396
145	0.25937	0.73133	0.0024245	0.0068707
146	0.32849	0.66221	0.0030751	0.0062246
147	0.49916	0.49153	0.0046824	0.0046218
148	0.98581	0.0048793	0.0092628	4.5968e-05
149	0.98598	0.0047086	0.009269	4.4372e-05
150	0.98884	0.0018455	0.0093005	1.7392e-05
151	0.98779	0.0028913	0.0092953	2.7241e-05
152	0.98231	0.0083641	0.0092484	7.8745e-05
153	0.97697	0.013701	0.0092027	0.00012906
154	0.97705	0.013611	0.0092081	0.0001283
155	0.97067	0.019992	0.0091525	0.00018853
156	0.97073	0.019929	0.0091576	0.00018805
157	0.97516	0.015494	0.0092041	0.00014627
158	0.97922	0.011422	0.0092471	0.00010792
159	0.99026	0.00038414	0.009356	3.6339e-06
160	0.9882	0.0024395	0.0093413	2.3064e-05
161	0.98839	0.0022416	0.0093479	2.1211e-05
162	0.99052	0.00010146	0.0093729	9.6124e-07
163	0.99046	0.00015818	0.0093771	1.4973e-06
164	0.99036	0.00025703	0.009381	2.4354e-06
165	0.99053	8.3636e-05	0.0093874	7.9114e-07
166	0.98449	0.0061138	0.0093351	5.7874e-05
167	0.96461	0.025991	0.0091515	0.0002463
168	0.95943	0.031172	0.009107	0.00029558
169	0.96116	0.029431	0.0091281	0.00027925
170	0.96902	0.021568	0.0092074	0.00020472
171	0.97607	0.014508	0.0092791	0.00013779
172	0.97637	0.014212	0.0092867	0.00013504
173	0.9718	0.018778	0.0092479	0.00017856
174	0.96683	0.023736	0.0092054	0.0002259
175	0.94052	0.050047	0.0089595	0.0004766
176	0.93362	0.056935	0.0088984	0.00054253
177	0.93582	0.054737	0.0089238	0.00052195
178	0.9361	0.054454	0.008931	0.00051955
179	0.94673	0.043818	0.009037	0.00041842
180	0.97335	0.017188	0.0092958	0.0001644
181	0.97894	0.011596	0.0093541	0.00011104
182	0.98301	0.00752	0.009398	7.2058e-05
183	0.98617	0.0043573	0.0094333	4.176e-05
184	0.98655	0.0039711	0.0094419	3.807e-05
185	0.98728	0.0032381	0.0094539	3.107e-05
186	0.98783	0.0026803	0.0094642	2.5734e-05
187	0.98659	0.0039188	0.0094572	3.7646e-05
188	0.98736	0.003137	0.0094697	3.0161e-05
189	0.98797	0.0025266	0.0094806	2.4306e-05
190	0.96797	0.022516	0.0092934	0.00021657
191	0.9606	0.029887	0.0092275	0.00028756
192	0.96025	0.030234	0.009229	0.00029108
193	0.95008	0.040399	0.0091361	0.00038907
194	0.93838	0.052088	0.0090284	0.00050191
195	0.88641	0.10406	0.0085326	0.0010027
196	0.81832	0.17214	0.0078817	0.0016589
197	0.73875	0.25171	0.0071189	0.0024268
198	0.7122	0.27824	0.0068666	0.0026843
199	0.4045	0.58595	0.0038968	0.0056591
200	0.27933	0.71111	0.0026898	0.0068713
201	0.22887	0.76156	0.0022041	0.0073622
202	0.20966	0.78077	0.0020197	0.0075518
203	0.20698	0.78344	0.0019949	0.0075818
204	0.21447	0.77595	0.0020683	0.0075136
205	0.23764	0.75277	0.0022938	0.0072935
206	0.23591	0.75449	0.0022783	0.0073142
207	0.24606	0.74434	0.0023779	0.0072199
208	0.25097	0.73943	0.0024269	0.0071761
209	0.27164	0.71875	0.0026292	0.0069792
210	0.34256	0.64782	0.0033196	0.0062942
211	0.50708	0.4833	0.0049216	0.0046975
212	0.97625	0.014123	0.0094874	0.00013707
213	0.97773	0.012644	0.0095068	0.00012286
214	0.50561	0.48476	0.0049132	0.0047217
215	0.31336	0.677	0.0030439	0.0065964
216	0.23537	0.75499	0.0022863	0.0073593
217	0.20442	0.78593	0.0019864	0.0076645
218	0.19767	0.79267	0.0019217	0.0077345
219	0.20159	0.78875	0.001961	0.0077006
220	0.21955	0.77079	0.0021374	0.0075295
221	0.28164	0.70868	0.0027448	0.0069276
222	0.42577	0.56455	0.004155	0.0055228
223	0.52898	0.46134	0.0051675	0.0045157
224	0.52887	0.46144	0.0051696	0.0045191
225	0.52807	0.46224	0.0051648	0.0045293
226	0.41984	0.57046	0.004108	0.0055917
227	0.30962	0.68067	0.0030297	0.0066754
228	0.26543	0.72486	0.0025982	0.0071124
229	0.20952	0.78077	0.0020518	0.0076642
230	0.19128	0.799	0.0018741	0.0078475
231	0.19017	0.8001	0.0018642	0.0078629
232	0.16653	0.82374	0.0016327	0.0080999
233	0.15831	0.83195	0.0015528	0.0081854
234	0.16011	0.83014	0.0015714	0.0081723
235	0.17623	0.81402	0.0017305	0.0080187
236	0.21621	0.77403	0.002125	0.0076298
237	0.3157	0.67454	0.0031066	0.0066538
238	0.2421	0.74813	0.0023835	0.0073825
239	0.22038	0.76985	0.0021707	0.0076009
240	0.21375	0.77647	0.0021067	0.0076706
241	0.20663	0.78359	0.0020376	0.0077454
242	0.20961	0.7806	0.0020683	0.0077203
243	0.22939	0.76081	0.0022651	0.0075292
244	0.29706	0.69314	0.0029353	0.0068646
245	0.45397	0.53623	0.0044902	0.0053154
246	0.83947	0.15072	0.0083144	0.001497
247	0.84453	0.14565	0.0083696	0.0014475
248	0.86753	0.12265	0.0086028	0.0012201
249	0.92287	0.067297	0.0091581	0.00067056
250	0.93672	0.053445	0.0093012	0.00053328
251	0.92732	0.062842	0.009213	0.00062726
252	0.92625	0.063908	0.0092079	0.00063826
253	0.93407	0.05608	0.0092913	0.00056067
254	0.91588	0.074258	0.0091154	0.00074242
255	0.91034	0.079791	0.0090657	0.00079806
256	0.90494	0.085188	0.0090172	0.00085249
257	0.90707	0.083052	0.0090439	0.00083165
258	0.91831	0.071804	0.009162	0.00071958
259	0.91661	0.073505	0.0091505	0.00073704
260	0.92203	0.068077	0.0092104	0.00068309
261	0.93859	0.051507	0.0093823	0.00051727
262	0.94105	0.049048	0.0094128	0.00049281
263	0.95207	0.038018	0.0095296	0.00038213
264	0.98995	0.00013184	0.0099165	1.3275e-06
265	0.98898	0.0010989	0.0099129	1.1025e-05
266	0.98931	0.00076014	0.0099225	7.6257e-06
267	0.99004	2.6063e-05	0.009936	2.6182e-07
268	0.98998	7.8478e-05	0.0099417	7.882e-07
269	0.98942	0.00063304	0.0099423	6.3674e-06
270	0.98998	6.8813e-05	0.0099542	6.9371e-07
271	0.98944	0.00060337	0.009955	6.0817e-06
272	0.98907	0.00096431	0.0099577	9.7239e-06
273	0.99002	1.0103e-05	0.0099737	1.0523e-07
274	0.98994	8.1855e-05	0.0099792	9.2386e-07
275	0.98904	0.00097504	0.0099753	1.1281e-05
276	0.9897	0.00030557	0.009988	4.9636e-06
277	0.88704	0.10298	0.0089383	0.0010414
278	0.8517	0.13833	0.0085699	0.0013967
279	0.8413	0.14875	0.0084535	0.0014999
280	0.82557	0.16449	0.0082839	0.0016563
281	0.75971	0.23036	0.0076108	0.0023163
282	0.73421	0.25588	0.0073448	0.0025692
283	0.70839	0.28171	0.0070761	0.0028248
284	0.70031	0.2898	0.0069858	0.002902
285	0.68659	0.30354	0.0068395	0.0030353
286	0.66646	0.32368	0.0066298	0.003232
287	0.64528	0.34487	0.0064102	0.0034386
288	0.64103	0.34914	0.0063595	0.0034764
289	0.63477	0.35541	0.0062889	0.003534
290	0.64408	0.34611	0.0063726	0.0034373
291	0.68011	0.3101	0.0067201	0.0030768
292	0.62968	0.36054	0.0062113	0.0035727
293	0.61118	0.37905	0.00602	0.0037511
294	0.60778	0.38247	0.0059782	0.0037799
295	0.56948	0.42078	0.0055931	0.0041522
296	0.52538	0.46489	0.0051516	0.0045808
297	0.50847	0.48181	0.0049787	0.0047409
298	0.42054	0.56975	0.0041104	0.0055964
299	0.38346	0.60685	0.0037423	0.0059518
300	0.37098	0.61934	0.0036156	0.0060657
301	0.31849	0.67185	0.003099	0.0065697
302	0.29877	0.69158	0.002903	0.006753
303	0.29396	0.6964	0.0028526	0.0067907
304	0.30143	0.68894	0.0029219	0.0067089
305	0.33234	0.65804	0.0032185	0.0063997
306	0.4061	0.58429	0.003931	0.0056746
307	0.64294	0.34746	0.0062222	0.0033708
308	0.80961	0.18081	0.0078292	0.0017513
309	0.97224	0.018195	0.0093917	0.00017626
310	0.96997	0.020479	0.0093574	0.00019806
311	0.97198	0.018479	0.0093646	0.00017845
312	0.98139	0.009079	0.009443	8.7606e-05
313	0.98302	0.0074618	0.0094463	7.1895e-05
314	0.98402	0.0064747	0.0094435	6.2271e-05
315	0.99015	0.00035642	0.00949	3.425e-06
316	0.92687	0.06365	0.008871	0.00061003
317	0.90541	0.085122	0.0086538	0.00081488
318	0.89779	0.092752	0.0085695	0.00088674
319	0.89837	0.092183	0.0085639	0.00088013
320	0.91041	0.080156	0.0086672	0.00076442
321	0.94299	0.047592	0.008966	0.00045341
322	0.95182	0.038768	0.0090383	0.00036883
323	0.95784	0.03277	0.0090837	0.00031127
324	0.98056	0.010058	0.0092875	9.5309e-05
325	0.98089	0.0097442	0.0092784	9.2183e-05
326	0.98562	0.0050233	0.0093109	4.7442e-05
327	0.99064	1.2237e-05	0.009346	1.1523e-07
328	0.98808	0.0025899	0.0093095	2.4373e-05
329	0.98802	0.002663	0.0092966	2.5028e-05
330	0.99068	1.0722e-05	0.0093093	1.0074e-07
331	0.98924	0.0014588	0.0092834	1.3691e-05
332	0.96882	0.021899	0.0090799	0.0002051
333	0.96125	0.029478	0.0089972	0.00027563
334	0.96077	0.029965	0.0089809	0.00027979
335	0.96681	0.023945	0.0090253	0.00022325
336	0.98895	0.0018097	0.0092195	1.6846e-05
337	0.98651	0.0042669	0.0091846	3.9674e-05
338	0.98683	0.0039557	0.0091754	3.673e-05
339	0.99074	6.1413e-05	0.0091994	5.692e-07
340	0.99058	0.00023085	0.0091857	2.1407e-06
341	0.98996	0.00086566	0.0091677	8.0118e-06
342	0.99084	1.1105e-06	0.0091636	1.0259e-08
343	0.98988	0.00096936	0.0091425	8.953e-06
344	0.98933	0.0015284	0.0091252	1.4105e-05
345	0.9903	0.00057619	0.0091219	5.3103e-06
346	0.98937	0.0015192	0.0091011	1.3986e-05
347	0.98835	0.0025457	0.0090796	2.3397e-05
348	0.98939	0.0015176	0.009077	1.3939e-05
349	0.98697	0.0039518	0.0090425	3.6271e-05
350	0.98697	0.0039588	0.0090305	3.6294e-05
351	0.9894	0.0015445	0.0090406	1.4156e-05
352	0.98409	0.0068693	0.00898	6.2779e-05
353	0.9835	0.007472	0.0089626	6.8216e-05
354	0.98579	0.0051928	0.0089716	4.7373e-05
355	0.98478	0.006214	0.0089505	5.6598e-05
356	0.98636	0.0046493	0.008953	4.2286e-05
357	0.98829	0.0027249	0.0089586	2.4769e-05
358	0.98799	0.003034	0.0089441	2.7534e-05
359	0.98961	0.0014299	0.0089469	1.2962e-05
360	0.99102	2.8212e-05	0.0089479	2.5539e-07
361	0.99069	0.00037624	0.0089331	3.3978e-06
362	0.99062	0.00045532	0.0089207	4.1065e-06
363	0.98988	0.0012103	0.0089023	1.0892e-05
364	0.98953	0.001571	0.0088874	1.4126e-05
365	0.98915	0.0019554	0.0088724	1.7558e-05
366	0.98876	0.0023625	0.0088572	2.1176e-05
367	0.98877	0.0023642	0.0088457	2.1167e-05
368	0.99078	0.00036428	0.008852	3.2547e-06
369	0.99074	0.00041718	0.00884	3.7213e-06
370	0.9885	0.0026648	0.0088085	2.3752e-05
371	0.98842	0.0027622	0.0087962	2.458e-05
372	0.99108	0.00011483	0.0088082	1.0216e-06
373	0.99099	0.00021698	0.0087958	1.9275e-06
374	0.98879	0.0024224	0.0087649	2.1471e-05
375	0.98667	0.004553	0.0087346	4.0316e-05
376	0.98685	0.004383	0.0087248	3.8753e-05
377	0.99017	0.0010792	0.0087426	9.5376e-06
378	0.99086	0.00040116	0.0087372	3.5424e-06
379	0.9909	0.00037285	0.0087261	3.2864e-06
380	0.99031	0.00097327	0.0087096	8.5574e-06
381	0.99129	1.097e-07	0.0087069	9.64e-10
382	0.99024	0.0010598	0.0086863	9.2955e-06
383	0.98942	0.0018988	0.0086677	1.6639e-05
384	0.99021	0.0011168	0.0086634	9.7696e-06
385	0.99125	9.1753e-05	0.0086611	8.0115e-07
386	0.99134	7.3711e-06	0.0086506	6.4361e-08
387	0.99136	3.651e-06	0.0086395	3.1874e-08
388	0.99016	0.0012146	0.0086177	1.0601e-05
389	0.9889	0.002481	0.0085955	2.162e-05
390	0.98947	0.0019249	0.0085893	1.6762e-05
391	0.97297	0.018439	0.0084349	0.00016009
392	0.95605	0.035363	0.0082772	0.00030671
393	0.94982	0.041611	0.0082124	0.00036041
394	0.92332	0.068118	0.0079725	0.00058929
395	0.91384	0.077614	0.0078803	0.00067051
396	0.91435	0.077105	0.0078745	0.00066532
397	0.90032	0.091156	0.0077434	0.00078543
398	0.88431	0.10717	0.0075956	0.00092221
399	0.87989	0.1116	0.0075478	0.00095908
400	0.88726	0.10425	0.0076011	0.00089485
401	0.91019	0.08132	0.0077877	0.00069732
402	0.96493	0.026599	0.0082461	0.00022799
403	0.96174	0.029794	0.0082083	0.00025495
404	0.96364	0.027906	0.0082141	0.00023843
405	0.9751	0.016454	0.0083013	0.00014041
406	0.97785	0.013721	0.0083139	0.00011696
407	0.98632	0.0052553	0.0083754	4.4767e-05
408	0.98835	0.003239	0.0083818	2.7555e-05
409	0.98562	0.0059796	0.0083479	5.0758e-05
410	0.98571	0.0059057	0.0083379	5.0055e-05
411	0.98845	0.0031691	0.0083505	2.6813e-05
412	0.99156	7.3224e-05	0.008366	6.1912e-07
413	0.99162	2.6659e-05	0.0083558	2.2467e-07
414	0.98869	0.0029667	0.0083204	2.4934e-05
415	0.94536	0.046302	0.0079459	0.00038886
416	0.93266	0.059012	0.0078291	0.00049505
417	0.93151	0.060175	0.0078093	0.00050422
418	0.92809	0.063604	0.0077707	0.00053227
419	0.93123	0.060478	0.007787	0.00050541
420	0.94642	0.045298	0.0079038	0.00037802
421	0.94844	0.043292	0.0079104	0.00036083
422	0.96014	0.031603	0.0079975	0.00026314
423	0.99061	0.0011389	0.0082407	9.4804e-06
424	0.97658	0.015176	0.0081135	0.00012611
425	0.97124	0.020534	0.0080588	0.00017037
426	0.97061	0.021175	0.0080434	0.00017542
427	0.96957	0.022225	0.0080245	0.00018384
428	0.97396	0.017846	0.0080505	0.00014742
429	0.99085	0.00096469	0.0081795	7.974e-06
430	0.98944	0.0023814	0.0081574	1.966e-05
431	0.97091	0.020921	0.007994	0.00017259
432	0.96415	0.027699	0.0079281	0.00022817
433	0.94037	0.051481	0.0077223	0.00042357
434	0.90728	0.084588	0.0074406	0.00069486
435	0.89507	0.096806	0.0073311	0.00079407
436	0.69447	0.29741	0.0056816	0.0024333
437	0.62469	0.3672	0.0051042	0.0030005
438	0.60204	0.38987	0.0049126	0.0031817
439	0.25437	0.73755	0.0020736	0.0060105
440	0.13239	0.85953	0.0010777	0.0069961
441	0.094483	0.89745	0.00076781	0.0072957
442	0.079763	0.91218	0.00064729	0.007406
443	0.076843	0.91511	0.00062272	0.0074204
444	0.08222	0.90975	0.00066532	0.0073675
445	0.076357	0.91562	0.00061688	0.0074057
446	0.077632	0.91436	0.00062628	0.0073861
447	0.086387	0.90561	0.00069598	0.0073062
448	0.068947	0.92306	0.00055443	0.0074376
449	0.063122	0.9289	0.00050682	0.0074751
450	0.065837	0.92619	0.00052785	0.0074439
451	0.055023	0.93702	0.00044037	0.0075212
452	0.053318	0.93873	0.00042605	0.0075254
453	0.056963	0.9351	0.00045457	0.0074868
454	0.057637	0.93443	0.00045934	0.0074719
455	0.064543	0.92754	0.00051382	0.0074074
456	0.06853	0.92356	0.00054498	0.0073662
457	0.081363	0.91074	0.00064655	0.0072546
458	0.089455	0.90265	0.00071022	0.0071809
459	0.1197	0.87242	0.00094971	0.0069315
460	0.14908	0.84305	0.0011815	0.0066897
461	0.21799	0.77415	0.0017264	0.0061349
462	0.38769	0.60445	0.003069	0.0047823
463	0.43192	0.56024	0.0034149	0.0044265
464	0.5606	0.43157	0.0044265	0.0034049
465	0.97188	0.020303	0.0076614	0.00016008
466	0.97337	0.01882	0.0076634	0.00014819
467	0.98171	0.010485	0.0077191	8.2478e-05
468	0.9883	0.0039109	0.007761	3.0719e-05
469	0.98781	0.0044053	0.0077473	3.4562e-05
470	0.98965	0.0025748	0.0077518	2.0166e-05
471	0.99188	0.00035984	0.0077593	2.8135e-06
472	0.99188	0.00036383	0.0077494	2.8428e-06
473	0.99129	0.00097008	0.0077348	7.5667e-06
474	0.99213	0.0001336	0.0077315	1.042e-06
475	0.99211	0.00016243	0.0077214	1.2658e-06
476	0.99187	0.00041626	0.0077097	3.2383e-06
477	0.9919	0.00040161	0.0077001	3.1178e-06
478	0.99226	4.9716e-05	0.007693	3.8602e-07
479	0.99173	0.00058817	0.0076791	4.5586e-06
480	0.9923	3.0773e-05	0.0076738	2.3829e-07
481	0.98892	0.0034111	0.007638	2.638e-05
482	0.98818	0.0041609	0.0076226	3.2134e-05
483	0.98952	0.0028349	0.0076232	2.1859e-05
484	0.95149	0.040871	0.0073209	0.0003146
485	0.78141	0.21096	0.0060032	0.0016226
486	0.71268	0.2797	0.005468	0.0021483
487	0.39747	0.59493	0.0030463	0.0045603
488	0.29894	0.69346	0.0022882	0.0053089
489	0.25693	0.73548	0.0019643	0.0056232
490	0.096638	0.89578	0.00073792	0.0068401
491	0.046434	0.946	0.00035388	0.0072145
492	0.026078	0.96636	0.00019842	0.0073605
493	0.020178	0.97227	0.00015325	0.0073961
494	0.01851	0.97395	0.00014038	0.0073995
495	0.020107	0.97236	0.00015232	0.007378
496	0.014741	0.97774	0.00011155	0.0074094
497	0.014265	0.97822	0.00010782	0.0074036
498	0.017966	0.97453	0.00013562	0.0073664
499	0.014598	0.97791	0.00011006	0.0073825
500	0.015347	0.97717	0.00011555	0.0073676
501	0.0193	0.97323	0.00014516	0.0073285
502	0.031965	0.96057	0.00024012	0.0072242
503	0.068526	0.92402	0.00051399	0.0069409
504	0.15833	0.83422	0.0011865	0.006259
505	0.18053	0.81203	0.0013511	0.006085
506	0.2338	0.75877	0.0017477	0.005679
507	0.38681	0.60577	0.0028875	0.0045298
508	0.50302	0.48957	0.0037509	0.0036571
509	0.78901	0.20359	0.0058791	0.0015196
510	0.99022	0.0023947	0.0073715	1.7869e-05
511	0.98952	0.0031022	0.007357	2.3101e-05
512	0.99109	0.0015387	0.0073594	1.1454e-05
513	0.99095	0.0016903	0.0073491	1.2564e-05
514	0.98871	0.0039366	0.0073233	2.9192e-05
515	0.98884	0.0038206	0.0073151	2.8284e-05
516	0.99229	0.00037207	0.0073314	2.7555e-06
517	0.98958	0.0030989	0.0073022	2.2896e-05
518	0.98917	0.0035174	0.00729	2.595e-05
519	0.99156	0.0011354	0.0072985	8.3877e-06
520	0.97812	0.014585	0.0071903	0.00010752
521	0.97426	0.018447	0.0071529	0.00013587
522	0.97052	0.022204	0.0071163	0.00016341
523	0.90335	0.089377	0.0066136	0.00065699
524	0.88066	0.11208	0.0064386	0.00082298
525	0.87278	0.11997	0.0063727	0.00087985
526	0.86059	0.13217	0.0062755	0.00096808
527	0.85889	0.13388	0.0062552	0.00097936
528	0.86722	0.12555	0.0063082	0.00091745
529	0.86317	0.12962	0.0062708	0.00094594
530	0.85888	0.13391	0.0062316	0.00097612
531	0.86422	0.12858	0.0062626	0.00093623
532	0.85438	0.13843	0.0061835	0.0010065
533	0.85441	0.1384	0.0061761	0.001005
534	0.86756	0.12526	0.0062636	0.00090868
535	0.84606	0.14678	0.0061005	0.0010629
536	0.84171	0.15113	0.0060616	0.001093
537	0.84675	0.14611	0.0060904	0.0010554
538	0.85143	0.14144	0.0061165	0.0010205
539	0.86882	0.12406	0.006234	0.00089421
540	0.91177	0.08111	0.0065352	0.00058429
541	0.94232	0.050566	0.0067467	0.00036403
542	0.92752	0.065376	0.0066325	0.00046956
543	0.92351	0.069397	0.0065958	0.00049763
544	0.67871	0.31421	0.004843	0.0022418
545	0.60252	0.3904	0.0042944	0.0027818
546	0.5775	0.41543	0.0041109	0.0029566
547	0.27441	0.71853	0.0019494	0.0051096
548	0.151	0.84195	0.0010707	0.0059796
549	0.10093	0.89203	0.00071463	0.0063271
550	0.03443	0.95854	0.00024356	0.0067896
551	0.013602	0.97937	9.6065e-05	0.0069286
552	0.0071821	0.9858	5.0598e-05	0.0069655
553	0.0047251	0.98827	3.3213e-05	0.0069743
554	0.0041141	0.98889	2.8871e-05	0.0069701
555	0.0054102	0.9876	3.7916e-05	0.0069526
556	0.0055143	0.9875	3.8585e-05	0.0069434
557	0.0073758	0.98565	5.1567e-05	0.0069219
558	0.012599	0.98044	8.8053e-05	0.006877
559	0.015931	0.97711	0.00011126	0.0068454
560	0.025128	0.96792	0.00017544	0.0067728
561	0.048115	0.94495	0.00033591	0.0066039
562	0.10125	0.89182	0.00070678	0.0062247
563	0.27088	0.7222	0.0018889	0.0050342
564	0.75403	0.23905	0.0052498	0.0016649
565	0.74706	0.24603	0.0051949	0.0017115
566	0.75126	0.24184	0.0052177	0.0016803
567	0.77805	0.21506	0.005397	0.0014926
568	0.75832	0.23479	0.0052537	0.0016276
569	0.75609	0.23704	0.0052318	0.0016412
570	0.76615	0.22699	0.005295	0.0015697
571	0.38182	0.61132	0.0026375	0.0042188
572	0.26151	0.73164	0.0018048	0.0050432
573	0.22461	0.76855	0.0015483	0.0052914
574	0.093145	0.90002	0.00064104	0.0061905
575	0.036117	0.95706	0.00024828	0.0065749
576	0.01614	0.97704	0.00011076	0.0067042
577	0.0080468	0.98515	5.5144e-05	0.0067515
578	0.0054232	0.98778	3.7098e-05	0.0067613
579	0.0046611	0.98855	3.184e-05	0.0067584
580	0.00334	0.98988	2.2767e-05	0.0067592
581	0.0032701	0.98996	2.2254e-05	0.0067515
582	0.004391	0.98884	2.9853e-05	0.0067357
583	0.0049577	0.98828	3.3654e-05	0.0067237
584	0.0045368	0.98871	3.0751e-05	0.0067184
585	0.0053969	0.98786	3.6546e-05	0.0067045
586	0.0024989	0.99077	1.6898e-05	0.006716
587	0.0017796	0.9915	1.2011e-05	0.0067128
588	0.0017369	0.99155	1.1707e-05	0.0067049
589	0.0023392	0.99095	1.5756e-05	0.0066928
590	0.0040321	0.98927	2.7151e-05	0.0066733
591	0.0098224	0.98349	6.6071e-05	0.0066263
592	0.0049259	0.98839	3.3074e-05	0.0066513
593	0.0028683	0.99046	1.923e-05	0.0066571
594	0.0021273	0.9912	1.4249e-05	0.0066541
595	0.0021546	0.99119	1.4428e-05	0.0066459
596	0.0033577	0.98999	2.2472e-05	0.0066298
597	0.0076995	0.98566	5.147e-05	0.0065928
598	0.010159	0.9832	6.7848e-05	0.0065685
599	0.016497	0.97687	0.00011011	0.0065183
600	0.032399	0.96098	0.00021618	0.0064043
601	0.077943	0.91544	0.0005195	0.006093
602	0.20774	0.78565	0.0013825	0.005222
603	0.62154	0.37186	0.0041289	0.0024677
604	0.62817	0.36524	0.0041678	0.0024208
605	0.66241	0.33101	0.0043892	0.0021915
606	0.74407	0.24936	0.0049239	0.0016488
607	0.76618	0.22726	0.0050638	0.0015009
608	0.78814	0.2053	0.0052023	0.0013545
609	0.84552	0.14793	0.0055739	0.00097499
610	0.85898	0.13448	0.0056555	0.00088541
611	0.89361	0.099857	0.0058762	0.00065682
612	0.98027	0.013204	0.0064384	8.6783e-05
613	0.98666	0.0068219	0.0064725	4.4767e-05
614	0.99332	0.00016807	0.0065084	1.1026e-06
615	0.99344	6.2702e-05	0.0065012	4.1076e-07
616	0.99316	0.00034127	0.0064916	2.2352e-06
617	0.99223	0.0012804	0.0064776	8.3735e-06
618	0.99266	0.00085772	0.0064726	5.6054e-06
619	0.95908	0.034453	0.0062459	0.00022455
620	0.94611	0.047426	0.0061541	0.00030866
621	0.94439	0.049153	0.0061355	0.00031953
622	0.34552	0.64803	0.002243	0.0042044
623	0.13526	0.8583	0.00087707	0.0055626
624	0.06149	0.93208	0.00039799	0.006034
625	0.029527	0.96405	0.00019081	0.0062335
626	0.016601	0.97698	0.00010717	0.0063095
627	0.012438	0.98115	8.0183e-05	0.0063288
628	0.012043	0.98156	7.7525e-05	0.0063238
629	0.014061	0.97955	9.0411e-05	0.0063033
630	0.019985	0.97363	0.00012839	0.0062576
631	0.0399	0.95372	0.00025604	0.0061224
632	0.088904	0.90473	0.0005701	0.0058007
633	0.22861	0.76502	0.001464	0.0048992
634	0.62656	0.36708	0.0040059	0.0023497
635	0.71608	0.27757	0.004573	0.001775
636	0.93695	0.056713	0.0059782	0.00036219
637	0.93935	0.054316	0.0059865	0.00034641
638	0.95263	0.04104	0.006064	0.00026138
639	0.99272	0.00096518	0.0063117	6.1378e-06
640	0.9935	0.00019265	0.006309	1.226e-06
641	0.99204	0.001656	0.0062922	1.0522e-05
642	0.99055	0.0031509	0.0062753	1.9988e-05
643	0.99154	0.0021729	0.0062739	1.3784e-05
644	0.99067	0.0030529	0.0062609	1.9346e-05
645	0.99174	0.0019906	0.0062602	1.2611e-05
646	0.94999	0.043742	0.0059891	0.00027631
647	0.93258	0.061166	0.0058722	0.00038582
648	0.92936	0.064387	0.0058449	0.00040568
649	0.85628	0.13748	0.0053776	0.00086553
650	0.82546	0.1683	0.0051775	0.0010583
651	0.81874	0.17504	0.005129	0.0010994
652	0.77647	0.21731	0.0048579	0.0013631
653	0.76394	0.22985	0.0047735	0.0014402
654	0.76346	0.23033	0.0047647	0.0014416
655	0.73799	0.25581	0.0046001	0.0015989
656	0.73302	0.26079	0.0045635	0.0016281
657	0.73938	0.25444	0.0045977	0.0015866
658	0.74217	0.25165	0.0046097	0.0015673
659	0.76326	0.23057	0.0047353	0.0014345
660	0.81539	0.17845	0.0050535	0.001109
661	0.82848	0.16537	0.0051286	0.0010266
662	0.8651	0.12875	0.0053495	0.0007985
663	0.95125	0.042607	0.0058769	0.00026389
664	0.94877	0.045101	0.0058547	0.0002789
665	0.95345	0.040423	0.0058768	0.00024963
666	0.97092	0.022962	0.0059776	0.00014163
667	0.97391	0.019979	0.005989	0.00012305
668	0.97628	0.017613	0.0059965	0.00010833
669	0.98643	0.0074747	0.0060517	4.5942e-05
670	0.99384	6.5584e-05	0.0060901	4.0316e-07
671	0.99328	0.00063167	0.0060795	3.8698e-06
672	0.99385	7.6665e-05	0.0060758	4.6829e-07
673	0.9911	0.0028271	0.0060519	1.7244e-05
674	0.99099	0.0029468	0.0060441	1.7953e-05
675	0.99368	0.00026333	0.0060533	1.6038e-06
676	0.99302	0.00093091	0.0060421	5.6634e-06
677	0.99276	0.0011958	0.0060334	7.2707e-06
678	0.99396	4.923e-06	0.0060335	2.9875e-08
679	0.99389	8.7394e-05	0.0060259	5.2978e-07
680	0.99284	0.0011364	0.0060125	6.8854e-06
681	0.99314	0.00084699	0.0060071	5.1234e-06
682	0.99274	0.0012597	0.0059976	7.6119e-06
683	0.99235	0.0016561	0.0059881	9.9906e-06
684	0.994	1.3402e-05	0.0059909	8.0944e-08
685	0.9915	0.0025172	0.0059688	1.5178e-05
686	0.99123	0.0027883	0.0059602	1.6792e-05
687	0.99297	0.0010603	0.0059636	6.3781e-06
688	0.99317	0.0008691	0.0059578	5.2159e-06
689	0.9925	0.0015434	0.0059468	9.2464e-06
690	0.99371	0.00034041	0.005947	2.0385e-06
691	0.99403	3.2835e-05	0.0059419	1.9657e-07
692	0.99363	0.00043374	0.0059326	2.5913e-06
693	0.99207	0.0020016	0.0059163	1.1935e-05
694	0.98567	0.0084112	0.0058714	5.0053e-05
695	0.98475	0.0093386	0.005859	5.5508e-05
696	0.98672	0.0073674	0.005864	4.3716e-05
697	0.97994	0.014155	0.0058169	8.3901e-05
698	0.97893	0.015175	0.0058041	8.9842e-05
699	0.97819	0.015925	0.0057929	9.4188e-05
700	0.9768	0.017318	0.0057779	0.0001023
701	0.98015	0.013979	0.0057909	8.2468e-05
702	0.9937	0.00043392	0.0058639	2.5577e-06
703	0.99295	0.0011903	0.0058526	7.0099e-06
704	0.99375	0.00040021	0.0058504	2.3543e-06
705	0.99402	0.00013791	0.0058451	8.1247e-07
706	0.99162	0.0025399	0.0058241	1.4949e-05
707	0.99132	0.0028453	0.0058155	1.6728e-05
708	0.99289	0.0012798	0.0058179	7.5233e-06
709	0.9914	0.0027817	0.0058024	1.6316e-05
710	0.99175	0.0024402	0.0057977	1.4295e-05
711	0.99419	2.5532e-06	0.0058052	1.4968e-08
712	0.98145	0.012753	0.0057241	7.4472e-05
713	0.96727	0.026943	0.0056347	0.00015721
714	0.96259	0.031629	0.0056009	0.00018432
715	0.89305	0.10117	0.0051896	0.00058898
716	0.86552	0.1287	0.0050237	0.00074825
717	0.85823	0.13601	0.0049755	0.00078981
718	0.85084	0.14341	0.0049267	0.00083189
719	0.85288	0.14137	0.0049328	0.00081918
720	0.86692	0.12734	0.0050083	0.0007371
721	0.78375	0.21052	0.0045225	0.0012163
722	0.75578	0.23849	0.004356	0.0013762
723	0.75103	0.24325	0.0043235	0.0014021
724	0.72037	0.27391	0.0041418	0.0015772
725	0.71078	0.28351	0.0040818	0.0016307
726	0.71398	0.28032	0.0040954	0.0016105
727	0.73941	0.25489	0.0042364	0.0014629
728	0.80122	0.19309	0.0045856	0.0011072
729	0.94513	0.049182	0.0054044	0.00028189
730	0.94408	0.050238	0.0053922	0.00028757
731	0.95102	0.043311	0.0054256	0.00024766
732	0.96969	0.024639	0.005526	0.00014073
733	0.97383	0.020514	0.0055432	0.00011705
734	0.97234	0.022011	0.0055283	0.00012545
735	0.97532	0.01903	0.005539	0.00010835
736	0.97232	0.022036	0.0055156	0.00012527
737	0.82403	0.17033	0.0046697	0.00096482
738	0.7642	0.23017	0.0043263	0.0013018
739	0.54845	0.44593	0.0031027	0.002519
740	0.48147	0.51292	0.002721	0.0028943
741	0.46273	0.53167	0.0026121	0.0029968
742	0.4346	0.55979	0.0024507	0.0031518
743	0.42913	0.56528	0.002417	0.0031791
744	0.44182	0.55259	0.0024855	0.0031042
745	0.43513	0.55929	0.0024449	0.0031384
746	0.44191	0.55251	0.0024801	0.0030968
747	0.46803	0.5264	0.0026236	0.0029469
748	0.46998	0.52445	0.0026315	0.0029326
749	0.49464	0.4998	0.0027661	0.0027917
750	0.55926	0.43519	0.0031236	0.0024278
751	0.76757	0.22689	0.0042805	0.0012646
752	0.81372	0.18074	0.0045326	0.0010061
753	0.96331	0.031157	0.005359	0.00017336
754	0.96409	0.030383	0.0053571	0.00016886
755	0.9723	0.022185	0.0053965	0.00012319
756	0.99287	0.0016123	0.0055044	8.9545e-06
757	0.99281	0.0016821	0.0054977	9.3301e-06
758	0.99437	0.00012543	0.0055001	6.9533e-07
759	0.9945	9.1958e-06	0.0054945	5.0809e-08
760	0.99445	6.2614e-05	0.005488	3.4579e-07
761	0.99443	8.8679e-05	0.0054816	4.8875e-07
762	0.99387	0.00065734	0.0054722	3.6211e-06
763	0.99219	0.0023442	0.0054567	1.2908e-05
764	0.99231	0.0022251	0.0054511	1.2239e-05
765	0.99448	6.7004e-05	0.0054568	3.6788e-07
766	0.99375	0.0007988	0.0054466	4.3788e-06
767	0.99331	0.0012493	0.0054379	6.844e-06
768	0.99421	0.00035354	0.0054366	1.9356e-06
769	0.99439	0.00017842	0.0054314	9.752e-07
770	0.99361	0.00096582	0.0054209	5.2734e-06
771	0.99292	0.0016636	0.005411	9.0686e-06
772	0.9926	0.0019901	0.0054031	1.0839e-05
773	0.9939	0.00069022	0.005404	3.7543e-06
774	0.9942	0.00039738	0.0053994	2.1606e-06
775	0.99254	0.0020598	0.0053842	1.1196e-05
776	0.99058	0.004033	0.0053674	2.189e-05
777	0.99091	0.0037076	0.0053631	2.01e-05
778	0.98924	0.0053848	0.0053479	2.9161e-05
779	0.9899	0.0047331	0.0053454	2.5605e-05
780	0.99336	0.0012702	0.005358	6.867e-06
781	0.99049	0.0041551	0.0053365	2.2399e-05
782	0.9879	0.0067514	0.0053165	3.6355e-05
783	0.98803	0.0066253	0.0053112	3.563e-05
784	0.98821	0.006451	0.0053061	3.4655e-05
785	0.9912	0.0034651	0.0053161	1.8587e-05
786	0.99456	0.00011201	0.0053281	6.0069e-07
787	0.99369	0.00098634	0.0053174	5.2796e-06
788	0.99323	0.0014567	0.0053089	7.7929e-06
789	0.99427	0.00042349	0.0053084	2.2651e-06
790	0.99138	0.0033194	0.005287	1.7716e-05
791	0.99127	0.0034313	0.0052805	1.83e-05
792	0.99325	0.0014564	0.005285	7.7673e-06
793	0.99194	0.0027743	0.0052721	1.4787e-05
794	0.99243	0.0022867	0.0052687	1.2185e-05
795	0.99095	0.003776	0.0052549	2.0092e-05
796	0.96608	0.028648	0.0051171	0.00015206
797	0.95605	0.03869	0.0050582	0.00020509
798	0.9538	0.040943	0.0050407	0.00021676
799	0.95931	0.035441	0.0050641	0.00018745
800	0.96283	0.031924	0.0050771	0.00016866
801	0.97489	0.019872	0.0051351	0.00010484
802	0.98424	0.010521	0.0051788	5.5366e-05
803	0.98229	0.012482	0.0051629	6.5564e-05
804	0.98478	0.0099992	0.0051702	5.2428e-05
805	0.97571	0.019072	0.005117	9.9867e-05
806	0.9739	0.020886	0.0051018	0.00010924
807	0.97614	0.018653	0.0051078	9.7411e-05
808	0.97727	0.01753	0.005108	9.1417e-05
809	0.97305	0.021758	0.0050803	0.00011335
810	0.97468	0.020128	0.005083	0.00010474
811	0.98462	0.010195	0.005129	5.2975e-05
812	0.99424	0.0005874	0.005173	3.0535e-06
813	0.99405	0.00077979	0.0051662	4.0542e-06
814	0.98918	0.0056563	0.005135	2.9413e-05
815	0.98838	0.0064572	0.005125	3.3558e-05
816	0.99026	0.0045921	0.0051289	2.3863e-05
817	0.98518	0.0096779	0.0050967	5.021e-05
818	0.98402	0.010838	0.005085	5.6162e-05
819	0.98593	0.008932	0.0050892	4.6238e-05
820	0.98375	0.011116	0.0050723	5.7442e-05
821	0.9854	0.0094796	0.005075	4.8939e-05
822	0.99174	0.0031396	0.0051021	1.6201e-05
823	0.9913	0.0035831	0.0050941	1.8469e-05
824	0.99059	0.0042998	0.0050847	2.2132e-05
825	0.99214	0.0027619	0.005087	1.4204e-05
826	0.98807	0.0068311	0.0050605	3.5033e-05
827	0.98781	0.0070951	0.0050535	3.635e-05
828	0.9905	0.0044197	0.0050616	2.2619e-05
829	0.99047	0.0044526	0.0050559	2.2764e-05
830	0.99057	0.004356	0.0050507	2.2257e-05
831	0.99325	0.0016821	0.0050588	8.6056e-06
832	0.97496	0.019978	0.0049598	0.00010196
833	0.96828	0.026668	0.0049203	0.00013593
834	0.96743	0.027516	0.0049106	0.00014009
835	0.96563	0.029322	0.004896	0.00014908
836	0.95486	0.040105	0.004836	0.00020362
837	0.95226	0.042708	0.0048175	0.00021656
838	0.89794	0.097033	0.0045374	0.00049121
839	0.87528	0.1197	0.0044179	0.00060513
840	0.86998	0.125	0.0043863	0.00063125
841	0.83983	0.15516	0.0042293	0.00078274
842	0.79688	0.19811	0.0040084	0.0009982
843	0.7366	0.2584	0.0037005	0.0013006
844	0.71188	0.28313	0.0035722	0.0014234
845	0.70536	0.28965	0.0035356	0.0014545
846	0.71142	0.28359	0.0035622	0.0014224
847	0.74331	0.25171	0.0037181	0.0012612
848	0.84888	0.14615	0.0042418	0.00073193
849	0.92359	0.071443	0.0046106	0.00035768
850	0.92655	0.068492	0.0046204	0.00034252
851	0.94184	0.053198	0.0046916	0.00026585
852	0.98142	0.01363	0.0048839	6.8211e-05
853	0.97897	0.016081	0.0048664	8.0353e-05
854	0.98042	0.014643	0.0048683	7.3096e-05
855	0.98699	0.0080766	0.0048957	4.0319e-05
856	0.97838	0.016691	0.0048476	8.3102e-05
857	0.9391	0.055977	0.0046474	0.00027797
858	0.76127	0.23381	0.0037616	0.0011585
859	0.51699	0.47809	0.00255	0.0023649
860	0.44096	0.55413	0.0021715	0.0027381
861	0.41136	0.58374	0.0020231	0.0028812
862	0.40683	0.58827	0.0019985	0.0029006
863	0.41577	0.57933	0.0020402	0.0028536
864	0.44588	0.54923	0.0021859	0.0027027
865	0.54656	0.44856	0.002677	0.0022064
866	0.77967	0.21545	0.0038164	0.0010618
867	0.79579	0.19934	0.0038912	0.00098173
868	0.70543	0.2897	0.0034437	0.0014241
869	0.57719	0.41794	0.002812	0.0020507
870	0.52238	0.47277	0.002541	0.0023165
871	0.44535	0.5498	0.0021625	0.00269
872	0.41998	0.57517	0.0020364	0.0028109
873	0.41753	0.57763	0.0020221	0.0028201
874	0.41451	0.58065	0.002005	0.002832
875	0.42416	0.57101	0.0020494	0.0027825
876	0.45573	0.53944	0.0021999	0.0026269
877	0.43589	0.55929	0.0021013	0.0027205
878	0.43486	0.56032	0.0020939	0.0027228
879	0.44708	0.5481	0.0021505	0.002661
880	0.43507	0.56012	0.0020902	0.0027164
881	0.43626	0.55894	0.0020936	0.0027079
882	0.43502	0.56019	0.0020853	0.0027111
883	0.43181	0.5634	0.0020676	0.0027238
884	0.42316	0.57205	0.0020237	0.0027627
885	0.42709	0.56813	0.0020403	0.002741
886	0.4034	0.59182	0.0019246	0.0028518
887	0.39686	0.59837	0.0018912	0.0028802
888	0.40359	0.59164	0.0019215	0.0028449
889	0.40448	0.59076	0.0019239	0.0028376
890	0.4003	0.59494	0.001902	0.0028545
891	0.39102	0.60423	0.0018558	0.0028957
892	0.37666	0.6186	0.0017857	0.002961
893	0.37585	0.61941	0.0017802	0.0029616
894	0.38798	0.60728	0.0018364	0.0029005
895	0.39769	0.59758	0.0018808	0.0028512
896	0.34074	0.65453	0.0016095	0.0031176
897	0.31915	0.67613	0.001506	0.0032163
898	0.23815	0.75713	0.0011222	0.0035952
899	0.20596	0.78932	0.00096941	0.0037431
900	0.19714	0.79815	0.00092692	0.0037808
901	0.2011	0.79419	0.00094473	0.0037581
902	0.20079	0.79451	0.0009424	0.0037556
903	0.21212	0.78319	0.00099494	0.0036982
904	0.21851	0.7768	0.0010242	0.0036641
905	0.24552	0.74979	0.0011504	0.0035331
906	0.3352	0.66013	0.0015709	0.0031078
907	0.3996	0.59573	0.001872	0.0028018
908	0.5494	0.44593	0.0025742	0.0020949
909	0.97683	0.018509	0.0045771	8.7149e-05
910	0.95888	0.036458	0.0044882	0.00017129
911	0.9539	0.041441	0.0044602	0.00019451
912	0.95465	0.0407	0.0044591	0.00019087
913	0.95424	0.041116	0.0044526	0.00019262
914	0.95963	0.035729	0.0044733	0.00016723
915	0.97481	0.020553	0.0045396	9.6151e-05
916	0.93495	0.060415	0.0043495	0.00028158
917	0.91961	0.075766	0.0042739	0.0003526
918	0.91683	0.078551	0.0042566	0.00036516
919	0.92328	0.072106	0.0042822	0.00033489
920	0.92742	0.067966	0.0042971	0.00031533
921	0.94753	0.047861	0.0043859	0.00022189
922	0.95002	0.045375	0.004393	0.00021015
923	0.96017	0.035234	0.0044356	0.00016298
924	0.99526	0.00014736	0.0045932	6.8186e-07
925	0.99066	0.0047467	0.0045674	2.1896e-05
926	0.98581	0.0096038	0.0045404	4.4271e-05
927	0.98575	0.0096716	0.0045355	4.4558e-05
928	0.92835	0.067079	0.0042662	0.00030913
929	0.84843	0.147	0.0038942	0.00067655
930	0.82453	0.17091	0.0037803	0.00078585
931	0.74159	0.25385	0.003395	0.0011664
932	0.70669	0.28876	0.0032313	0.0013255
933	0.69399	0.30146	0.0031698	0.0013824
934	0.67861	0.31684	0.0030961	0.0014515
935	0.67696	0.3185	0.0030853	0.0014577
936	0.68891	0.30655	0.0031367	0.0014017
937	0.67919	0.31628	0.0030892	0.0014446
938	0.68174	0.31373	0.0030978	0.0014315
939	0.69982	0.29566	0.0031772	0.0013476
940	0.76416	0.23132	0.0034667	0.0010535
941	0.91395	0.08153	0.0041447	0.000371
942	0.95716	0.038325	0.0043367	0.00017443
943	0.95684	0.038657	0.0043309	0.00017573
944	0.96218	0.033313	0.0043509	0.00015129
945	0.97817	0.017336	0.0044191	7.8638e-05
946	0.97646	0.01905	0.004407	8.6254e-05
947	0.98022	0.015293	0.0044197	6.915e-05
948	0.99509	0.00042297	0.0044824	1.9145e-06
949	0.99452	0.00099719	0.0044754	4.5001e-06
950	0.99403	0.0014986	0.0044687	6.7514e-06
951	0.99496	0.00057069	0.0044685	2.5696e-06
952	0.99503	0.00050572	0.0044644	2.2731e-06
953	0.99456	0.00098066	0.0044579	4.4031e-06
954	0.99539	0.00015169	0.0044573	6.8297e-07
955	0.97949	0.016057	0.0043815	7.2101e-05
956	0.90633	0.089222	0.0040493	0.00039997
957	0.8753	0.12026	0.0039065	0.00053845
958	0.83609	0.15947	0.0037276	0.00071308
959	0.82066	0.1749	0.0036552	0.00078119
960	0.8176	0.17797	0.0036381	0.00079403
961	0.79081	0.20476	0.0035154	0.00091247
962	0.68303	0.31255	0.0030326	0.0013911
963	0.64008	0.3555	0.0028389	0.0015805
964	0.58284	0.41274	0.0025825	0.0018326
965	0.56505	0.43054	0.0025012	0.0019097
