#coord	neutral	conserved	gBGC.neutral	gBGC.conserved
1	0.95837	0.032622	0.0086983	0.00030485
2	0.98004	0.01122	0.0086368	0.00010254
3	0.98489	0.0066146	0.0084354	5.7851e-05
4	0.98939	0.0023683	0.0082195	1.9669e-05
5	0.99066	0.0013636	0.0079661	1.0819e-05
6	0.99229	3.1212e-06	0.007705	2.3433e-08
7	0.99257	5.6671e-06	0.0074233	4.1755e-08
8	0.9928	6.5311e-05	0.0071309	4.8473e-07
9	0.99308	6.6107e-05	0.0068582	4.7281e-07
10	0.99336	3.556e-05	0.0066022	2.4768e-07
11	0.99344	0.00019323	0.0063619	1.2779e-06
12	0.99383	2.8183e-05	0.0061397	1.8166e-07
13	0.99405	2.2344e-05	0.0059301	1.3912e-07
14	0.99416	0.00010688	0.0057328	6.4475e-07
15	0.99419	0.00025523	0.0055484	1.4813e-06
16	0.99452	0.00010428	0.0053782	5.9014e-07
17	0.99475	3.5886e-05	0.0052181	1.9804e-07
18	0.99476	0.00017474	0.005068	9.1643e-07
19	0.99506	1.0389e-05	0.0049288	5.2657e-08
20	0.99464	0.00057665	0.0047828	2.8575e-06
21	0.99528	6.2669e-05	0.004652	3.0886e-07
22	0.99539	7.8501e-05	0.0045272	3.7345e-07
23	0.99549	0.00010081	0.0044103	4.6967e-07
24	0.99552	0.00017555	0.0043016	7.969e-07
25	0.99527	0.00053126	0.0041995	2.3091e-06
26	0.99517	0.00072135	0.004105	3.0061e-06
27	0.99548	0.00051267	0.0040077	2.1326e-06
28	0.9953	0.00078539	0.0039157	3.1663e-06
29	0.9953	0.00086614	0.0038314	3.3337e-06
30	0.99561	0.0006397	0.0037446	2.3958e-06
31	0.99632	2.2986e-05	0.003655	1.3406e-07
32	0.99596	0.00070142	0.003338	2.3877e-06
33	0.99602	0.0009568	0.0030224	2.9297e-06
34	0.9965	0.00078901	0.0027078	2.1619e-06
35	0.99741	0.00019745	0.0023937	4.8562e-07
36	0.99789	1.0143e-05	0.0020986	1.4834e-08
37	0.99794	6.5944e-08	0.0020649	1.3478e-10
38	0.99711	0.00086259	0.0020271	1.7994e-06
39	0.99638	0.0016193	0.001993	3.2706e-06
40	0.9974	0.00063643	0.0019602	1.3093e-06
41	0.99739	0.00067902	0.0019283	1.3889e-06
42	0.99759	0.00051081	0.0019	1.0363e-06
43	0.998	0.00012869	0.0018752	2.6855e-07
44	0.99603	0.0021151	0.0018484	4.147e-06
45	0.99382	0.0043501	0.0018241	8.3157e-06
46	0.99403	0.0041552	0.0018073	7.8054e-06
47	0.99461	0.0035916	0.0017888	6.7173e-06
48	0.99794	0.00028351	0.0017782	5.3677e-07
49	0.9982	3.9308e-05	0.0017645	7.0545e-08
50	0.99825	6.526e-07	0.0017485	1.1889e-09
51	0.9981	0.00016291	0.0017345	2.9102e-07
52	0.99827	4.0231e-06	0.0017235	7.0547e-09
53	0.99731	0.00097403	0.001713	1.6291e-06
54	0.99793	0.00036415	0.001703	6.0077e-07
55	0.99808	0.00023165	0.0016901	3.8969e-07
56	0.99793	0.00039052	0.0016793	6.4128e-07
57	0.9982	0.00013113	0.0016671	2.1083e-07
58	0.99786	0.0004891	0.0016518	7.9879e-07
59	0.99794	0.00042674	0.0016352	7.0998e-07
60	0.99824	0.00014277	0.0016212	2.3882e-07
61	0.99621	0.0021898	0.0016014	3.6882e-06
62	0.9883	0.010111	0.0015746	1.6545e-05
63	0.98038	0.018048	0.0015458	2.9512e-05
64	0.97842	0.020022	0.0015294	3.2412e-05
65	0.98071	0.017736	0.0015223	2.8371e-05
66	0.99071	0.0077558	0.0015254	1.2444e-05
67	0.99327	0.0052068	0.001519	8.2319e-06
68	0.99612	0.002367	0.001511	3.7625e-06
69	0.99841	8.2815e-05	0.0015042	1.3503e-07
70	0.99771	0.00079683	0.0014949	1.2172e-06
71	0.99816	0.00035061	0.0014895	5.1496e-07
72	0.99827	0.00024512	0.0014816	3.474e-07
73	0.99386	0.0046668	0.0014652	6.6958e-06
74	0.99343	0.0051138	0.0014526	7.311e-06
75	0.9963	0.0022569	0.0014428	3.284e-06
76	0.99453	0.0040374	0.0014283	5.87e-06
77	0.9953	0.0032763	0.0014157	4.8173e-06
78	0.99587	0.002722	0.0014049	4.02e-06
79	0.98931	0.0092868	0.0013862	1.3331e-05
80	0.98806	0.01055	0.0013733	1.5118e-05
81	0.98984	0.0087832	0.0013668	1.2537e-05
82	0.98263	0.015997	0.0013455	2.276e-05
83	0.98094	0.017699	0.0013344	2.495e-05
84	0.98329	0.015356	0.0013311	2.14e-05
85	0.84822	0.15044	0.0011391	0.00020455
86	0.80149	0.19717	0.001066	0.00026729
87	0.78413	0.21455	0.0010361	0.00028859
88	0.76414	0.23455	0.0010012	0.00031343
89	0.76179	0.23691	0.00098844	0.00031461
90	0.77631	0.2224	0.00099542	0.00029436
91	0.81692	0.1818	0.0010371	0.00024128
92	0.78288	0.21585	0.0009851	0.0002838
93	0.7381	0.26064	0.00092301	0.00033821
94	0.58409	0.41465	0.00071976	0.00053217
95	0.36951	0.62924	0.00045014	0.0007939
96	0.30277	0.696	0.00036287	0.00087199
97	0.21464	0.78413	0.00025368	0.00097327
98	0.17939	0.81939	0.00021109	0.0010091
99	0.17068	0.82811	0.00019935	0.001013
100	0.15719	0.8416	0.00018292	0.0010226
101	0.15812	0.84068	0.0001829	0.0010148
102	0.17486	0.82396	0.00020065	0.00098805
103	0.088368	0.91045	0.0001008	0.0010802
104	0.05825	0.94058	6.5282e-05	0.0011071
105	0.048383	0.95045	5.3106e-05	0.0011097
106	0.033271	0.96557	3.5594e-05	0.0011185
107	0.02954	0.96932	3.0843e-05	0.0011135
108	0.029901	0.96896	3.0834e-05	0.0011046
109	0.035067	0.96381	3.6167e-05	0.0010912
110	0.016998	0.98188	1.6936e-05	0.0011032
111	0.0097385	0.98915	9.4578e-06	0.0011043
112	0.0079595	0.99093	7.5161e-06	0.0010989
113	0.0080991	0.9908	7.5993e-06	0.0010923
114	0.010487	0.98842	1.0015e-05	0.0010841
115	0.011985	0.98693	1.1373e-05	0.0010762
116	0.016771	0.98215	1.6088e-05	0.0010655
117	0.029183	0.96974	2.8702e-05	0.0010479
118	0.059913	0.93901	6.0743e-05	0.0010116
119	0.14765	0.85128	0.00014989	0.00091734
120	0.3976	0.60134	0.00039722	0.0006639
121	0.3928	0.60614	0.00038959	0.00066659
122	0.404	0.59495	0.00039753	0.00065257
123	0.44463	0.55433	0.00043287	0.00061
124	0.47455	0.52442	0.00045895	0.00057792
125	0.4747	0.52427	0.00045626	0.00057585
126	0.48998	0.50899	0.00047019	0.0005584
127	0.45434	0.54464	0.00043027	0.00059359
128	0.44276	0.55622	0.00041685	0.00060349
129	0.44526	0.55372	0.0004188	0.0005992
130	0.36225	0.63673	0.00033852	0.00067832
131	0.2648	0.73418	0.00024199	0.00077258
132	0.23533	0.76366	0.00021132	0.00079986
133	0.20454	0.79445	0.00017838	0.00082831
134	0.19308	0.80592	0.00016581	0.00083722
135	0.19317	0.80583	0.00016498	0.00083533
136	0.16954	0.82946	0.00014237	0.00085617
137	0.16547	0.83354	0.00013757	0.00085816
138	0.17055	0.82846	0.00014166	0.00085205
139	0.15723	0.84177	0.00012923	0.00086334
140	0.15706	0.84195	0.0001284	0.00086208
141	0.16653	0.83248	0.00013673	0.00085241
142	0.17136	0.82765	0.00014122	0.00084736
143	0.18894	0.81007	0.0001581	0.00083071
144	0.23228	0.76673	0.00020054	0.00078928
145	0.26154	0.73746	0.00023045	0.0007612
146	0.33124	0.66777	0.00030278	0.00069156
147	0.50334	0.49566	0.00048579	0.00051232
148	0.99408	0.0049203	0.00099532	5.3389e-06
149	0.99425	0.0047481	0.00099985	5.1399e-06
150	0.99713	0.001861	0.0010091	1.998e-06
151	0.99607	0.0029156	0.0010125	3.0739e-06
152	0.99054	0.0084342	0.0010132	8.6099e-06
153	0.98516	0.013816	0.0010122	1.4187e-05
154	0.98525	0.013725	0.0010151	1.4228e-05
155	0.97881	0.020159	0.001013	2.0939e-05
156	0.97887	0.020096	0.0010158	2.1029e-05
157	0.98334	0.015624	0.0010249	1.6401e-05
158	0.98744	0.011518	0.0010321	1.2222e-05
159	0.99856	0.00038736	0.0010484	3.9917e-07
160	0.9965	0.00246	0.0010413	2.559e-06
161	0.9967	0.0022605	0.0010349	2.3662e-06
162	0.99887	0.00010231	0.0010322	1.0385e-07
163	0.99881	0.00015952	0.0010255	1.613e-07
164	0.99872	0.0002592	0.001017	2.6779e-07
165	0.99891	8.4343e-05	0.0010104	8.402e-08
166	0.99283	0.0061655	0.00099955	5.8769e-06
167	0.97279	0.026212	0.00097348	2.5202e-05
168	0.96757	0.031436	0.00096015	3.0113e-05
169	0.96934	0.029681	0.0009519	2.8258e-05
170	0.97728	0.021751	0.0009512	2.0393e-05
171	0.98441	0.014632	0.00094794	1.3558e-05
172	0.98471	0.014333	0.00093987	1.3097e-05
173	0.98012	0.018938	0.00092552	1.723e-05
174	0.97513	0.023939	0.00090929	2.1714e-05
175	0.9486	0.050477	0.00087546	4.5322e-05
176	0.94167	0.057425	0.00085784	5.1067e-05
177	0.9439	0.05521	0.00084681	4.8571e-05
178	0.94419	0.054925	0.00083566	4.769e-05
179	0.95493	0.044197	0.00083168	3.7993e-05
180	0.98181	0.017337	0.00084291	1.4573e-05
181	0.98746	0.011697	0.00083728	9.4801e-06
182	0.99158	0.0075856	0.00083177	5.7032e-06
183	0.99477	0.0043954	0.00082704	2.7068e-06
184	0.99509	0.0040055	0.00090073	2.9412e-06
185	0.99576	0.003266	0.0009717	2.7974e-06
186	0.99625	0.0027032	0.001047	2.6446e-06
187	0.99493	0.0039521	0.0011175	4.4578e-06
188	0.99564	0.0031634	0.0011948	3.9556e-06
189	0.99617	0.0025477	0.0012769	3.5117e-06
190	0.97593	0.022702	0.001334	3.3067e-05
191	0.96841	0.030132	0.0014131	4.6496e-05
192	0.96797	0.030478	0.0014988	5.0131e-05
193	0.95763	0.040722	0.0015738	7.0552e-05
194	0.94576	0.052499	0.0016402	9.6139e-05
195	0.8933	0.10487	0.0016347	0.00020003
196	0.82459	0.17347	0.0015961	0.00034371
197	0.74434	0.25362	0.0015136	0.00052804
198	0.71753	0.28033	0.0015269	0.00061337
199	0.40747	0.59029	0.00086049	0.0013751
200	0.28136	0.71631	0.0005957	0.0017401
201	0.23051	0.76705	0.00049845	0.0019424
202	0.21114	0.78631	0.00047337	0.0020773
203	0.20842	0.78892	0.00048552	0.0021728
204	0.21594	0.78129	0.00052584	0.0022447
205	0.23925	0.75786	0.00061336	0.0022741
206	0.23748	0.75951	0.00063652	0.0023727
207	0.24767	0.7492	0.00069853	0.0024382
208	0.25257	0.74416	0.00074914	0.0025206
209	0.27334	0.72325	0.00085991	0.0025492
210	0.34466	0.65179	0.0011557	0.0023897
211	0.51012	0.48619	0.0018443	0.0018436
212	0.98197	0.014206	0.0037684	5.8788e-05
213	0.98331	0.012717	0.0039216	5.4668e-05
214	0.50839	0.48749	0.0020016	0.0021188
215	0.31502	0.68071	0.0012288	0.0030438
216	0.23656	0.75901	0.00092853	0.0035038
217	0.20542	0.78999	0.00082567	0.0037738
218	0.19861	0.79663	0.00082221	0.0039414
219	0.20251	0.79255	0.00087033	0.0040649
220	0.22051	0.77437	0.00099185	0.0041229
221	0.28284	0.71187	0.0013334	0.0039574
222	0.42751	0.56702	0.0021355	0.0033393
223	0.53105	0.46329	0.0027858	0.0028818
224	0.53083	0.4633	0.0028876	0.0029826
225	0.52993	0.46401	0.0029789	0.0030889
226	0.4212	0.57252	0.0023894	0.003887
227	0.31054	0.68298	0.0017199	0.0047604
228	0.26615	0.72716	0.001476	0.0052183
229	0.21002	0.78307	0.00112	0.0057846
230	0.19171	0.80118	0.001012	0.0060997
231	0.19056	0.80212	0.0010176	0.0062977
232	0.16684	0.82563	0.0008553	0.0066728
233	0.15858	0.83367	0.00080793	0.0069416
234	0.16036	0.83166	0.00083166	0.0071492
235	0.17647	0.81532	0.00094013	0.0072688
236	0.21648	0.77508	0.0011988	0.0072475
237	0.31604	0.67527	0.001846	0.0068483
238	0.24235	0.74894	0.0014127	0.0072967
239	0.2206	0.77067	0.0012884	0.007434
240	0.21396	0.7773	0.0012653	0.0074736
241	0.20682	0.78442	0.0012341	0.007519
242	0.2098	0.78143	0.0012807	0.0074901
243	0.22961	0.76161	0.0014683	0.0073185
244	0.29734	0.69386	0.0020704	0.0067304
245	0.4544	0.53678	0.0034975	0.0053209
246	0.84027	0.15089	0.0071013	0.0017396
247	0.84533	0.14581	0.0071705	0.0016986
248	0.86833	0.12278	0.0074054	0.0014889
249	0.92371	0.06737	0.0079651	0.00095983
250	0.93755	0.053502	0.0081168	0.00083546
251	0.92811	0.062904	0.0080091	0.00097618
252	0.92701	0.063967	0.0080161	0.0010087
253	0.93481	0.056128	0.0081149	0.00094594
254	0.9167	0.074332	0.0078614	0.0011046
255	0.91124	0.079882	0.0077439	0.0011355
256	0.90592	0.085296	0.0076211	0.0011671
257	0.90813	0.083168	0.0075861	0.0011182
258	0.91946	0.071913	0.0076655	0.00096176
259	0.91782	0.073624	0.0076018	0.00095576
260	0.92331	0.068195	0.0076234	0.00087096
261	0.93996	0.051601	0.0077883	0.00064907
262	0.94248	0.049142	0.0077715	0.00060484
263	0.95358	0.038095	0.0078621	0.00046003
264	0.9916	0.00013212	0.0082624	1.5257e-06
265	0.99071	0.0011008	0.0081832	9.5639e-06
266	0.99111	0.00076155	0.0081219	6.3848e-06
267	0.99191	2.6113e-05	0.0080593	2.2175e-07
268	0.99192	7.8632e-05	0.0079972	6.3447e-07
269	0.99143	0.00063433	0.0079261	5.2095e-06
270	0.99206	6.8958e-05	0.0078713	5.6578e-07
271	0.99159	0.00060469	0.0078037	4.9883e-06
272	0.99128	0.00096647	0.0077446	7.8592e-06
273	0.99229	1.0126e-05	0.0077028	8.3476e-08
274	0.99226	8.2047e-05	0.0076586	6.4052e-07
275	0.9914	0.00097738	0.0076145	7.3536e-06
276	0.99211	0.00030632	0.0075783	2.2967e-06
277	0.88923	0.10323	0.006737	0.00079854
278	0.85383	0.13868	0.0064154	0.0010718
279	0.84344	0.14913	0.0062861	0.0011495
280	0.82769	0.16492	0.0061247	0.0012649
281	0.76169	0.23097	0.0055677	0.0017727
282	0.73615	0.25656	0.0053408	0.001956
283	0.71028	0.28247	0.0051061	0.0021439
284	0.7022	0.29059	0.005015	0.0021931
285	0.68846	0.30437	0.0048902	0.0022808
286	0.66829	0.32458	0.0047144	0.0024168
287	0.64707	0.34584	0.0045259	0.0025624
288	0.64282	0.35012	0.0044701	0.0025805
289	0.63657	0.35642	0.0043959	0.0026143
290	0.64592	0.34711	0.0044279	0.0025392
291	0.68208	0.311	0.0046332	0.0022882
292	0.63153	0.3616	0.0042072	0.0026656
293	0.613	0.38017	0.0040378	0.0027916
294	0.6096	0.38361	0.0039848	0.0028057
295	0.57119	0.42205	0.0036937	0.0030626
296	0.52697	0.46631	0.0033563	0.0033634
297	0.51003	0.48329	0.0032207	0.0034666
298	0.42183	0.57151	0.0026134	0.0040453
299	0.38464	0.60873	0.0023605	0.0042734
300	0.37212	0.62127	0.0022751	0.0043378
301	0.31947	0.67394	0.0019263	0.0046635
302	0.29969	0.69373	0.0017973	0.0047732
303	0.29487	0.69858	0.0017667	0.0047876
304	0.30237	0.69109	0.0018195	0.0047223
305	0.33337	0.66011	0.0020254	0.004502
306	0.40736	0.58612	0.0025326	0.0039837
307	0.64494	0.34855	0.0041233	0.0023797
308	0.81213	0.18138	0.0052675	0.0012262
309	0.97527	0.018252	0.0063525	0.00012891
310	0.97298	0.020543	0.0063305	0.00014379
311	0.97499	0.018537	0.0063434	0.00012901
312	0.98443	0.0091072	0.0064032	6.4364e-05
313	0.98605	0.0074849	0.0064153	5.2652e-05
314	0.98703	0.0064947	0.006428	4.5e-05
315	0.99317	0.00035752	0.0064722	2.4637e-06
316	0.92969	0.063844	0.0060448	0.00042595
317	0.90816	0.08538	0.0058917	0.00057227
318	0.90051	0.093032	0.0058388	0.00062294
319	0.90108	0.09246	0.0058459	0.00061819
320	0.91314	0.080396	0.0059248	0.00053877
321	0.9458	0.047734	0.0061502	0.00031785
322	0.95465	0.038883	0.00621	0.00025924
323	0.96066	0.032867	0.006257	0.00021812
324	0.98343	0.010088	0.0064108	6.6973e-05
325	0.98374	0.0097726	0.0064208	6.4296e-05
326	0.98847	0.0050379	0.0064567	3.277e-05
327	0.9935	1.2273e-05	0.0064905	7.945e-08
328	0.99091	0.0025973	0.00648	1.6424e-05
329	0.99083	0.0026706	0.0064824	1.6898e-05
330	0.99349	1.0753e-05	0.0064987	1.0986e-07
331	0.99216	0.0014631	0.0063665	9.453e-06
332	0.97177	0.021966	0.006126	0.00013557
333	0.96427	0.029571	0.0059782	0.00017753
334	0.96389	0.030063	0.0058691	0.00017657
335	0.97004	0.024025	0.0057936	0.00013764
336	0.99237	0.0018159	0.005802	9.7256e-06
337	0.99003	0.0042821	0.0056643	2.3146e-05
338	0.99047	0.0039702	0.0055375	2.1006e-05
339	0.99451	6.1646e-05	0.0054238	3.137e-07
340	0.99448	0.00023176	0.0052828	1.2311e-06
341	0.99398	0.00086917	0.0051486	4.4196e-06
342	0.99498	1.1151e-06	0.0050165	5.7033e-09
343	0.99414	0.00097353	0.0048851	4.7841e-06
344	0.99371	0.0015352	0.0047504	7.4725e-06
345	0.99479	0.00057881	0.0046325	2.7442e-06
346	0.99397	0.0015263	0.0045008	7.1005e-06
347	0.99305	0.0025578	0.0043774	1.1458e-05
348	0.99421	0.001525	0.0042584	6.8008e-06
349	0.99189	0.0039715	0.0041195	1.7588e-05
350	0.992	0.0039789	0.0040006	1.7272e-05
351	0.99454	0.0015525	0.0039001	6.9057e-06
352	0.9893	0.0069058	0.0037617	2.9634e-05
353	0.98882	0.0075124	0.0036387	3.2078e-05
354	0.99122	0.0052214	0.0035353	2.3255e-05
355	0.99027	0.0062487	0.0034555	2.6072e-05
356	0.99191	0.0046756	0.0033918	1.8853e-05
357	0.99392	0.0027406	0.0033251	1.0965e-05
358	0.99368	0.0030516	0.0032556	1.1569e-05
359	0.99536	0.0014382	0.0031979	5.3508e-06
360	0.99683	2.8378e-05	0.003144	1.0716e-07
361	0.99653	0.00037846	0.0030882	1.2369e-06
362	0.9965	0.00045803	0.003038	1.4675e-06
363	0.99579	0.0012176	0.0029903	3.7351e-06
364	0.99547	0.0015805	0.0029408	4.8383e-06
365	0.99513	0.0019672	0.0028953	5.9153e-06
366	0.99476	0.0023768	0.0028537	6.9461e-06
367	0.9948	0.0023786	0.00281	6.8877e-06
368	0.99686	0.00036651	0.0027762	1.0208e-06
369	0.99685	0.00041975	0.002734	1.1399e-06
370	0.99463	0.0026813	0.0026825	7.2988e-06
371	0.99457	0.0027794	0.0026412	7.3646e-06
372	0.99728	0.00011555	0.0026043	3.1198e-07
373	0.99722	0.00021834	0.0025641	5.7684e-07
374	0.99503	0.0024377	0.002522	6.1688e-06
375	0.99293	0.0045819	0.0024778	1.1533e-05
376	0.99314	0.0044109	0.0024431	1.0881e-05
377	0.9965	0.0010861	0.0024134	2.7081e-06
378	0.99721	0.00040374	0.0023807	1.0086e-06
379	0.99727	0.00037525	0.0023496	9.1064e-07
380	0.9967	0.00097955	0.0023201	2.2613e-06
381	0.99771	1.1041e-07	0.0022918	2.589e-10
382	0.99667	0.0010667	0.0022621	2.4208e-06
383	0.99585	0.0019112	0.0022308	4.3441e-06
384	0.99667	0.0011241	0.0022065	2.5044e-06
385	0.99773	9.2353e-05	0.0021812	2.0795e-07
386	0.99784	7.4194e-06	0.0021566	1.6583e-08
387	0.99786	3.675e-06	0.002135	6.6453e-09
388	0.99659	0.0012226	0.0021866	2.9279e-06
389	0.99525	0.002497	0.0022425	6.1014e-06
390	0.99575	0.0019372	0.0023075	4.9481e-06
391	0.97906	0.018555	0.002335	4.6365e-05
392	0.96197	0.035582	0.0023547	9.2191e-05
393	0.95562	0.041866	0.0024058	0.00011135
394	0.92889	0.06853	0.0023968	0.00018767
395	0.91927	0.078077	0.0024378	0.00021913
396	0.91971	0.077559	0.0025024	0.00022408
397	0.90552	0.091683	0.0025305	0.00027087
398	0.88935	0.10778	0.0025466	0.0003266
399	0.88482	0.11223	0.0026015	0.0003486
400	0.89215	0.10482	0.0026883	0.00033525
401	0.91514	0.081762	0.0028323	0.00027026
402	0.97007	0.026741	0.0030943	9.271e-05
403	0.96677	0.02995	0.0031725	0.00010546
404	0.96858	0.028049	0.003275	0.00010066
405	0.97999	0.016536	0.0034086	6.0715e-05
406	0.98265	0.013789	0.0035068	5.2031e-05
407	0.99106	0.0052806	0.0036344	2.0302e-05
408	0.993	0.0032543	0.0037339	1.2887e-05
409	0.99016	0.0060071	0.0038104	2.4295e-05
410	0.99014	0.0059323	0.0039051	2.453e-05
411	0.99279	0.003183	0.0040179	1.3381e-05
412	0.9958	7.3537e-05	0.004128	5.0136e-07
413	0.99584	2.6773e-05	0.0041282	1.2643e-07
414	0.99289	0.0029793	0.0041203	1.1881e-05
415	0.94937	0.046498	0.0039451	0.00018849
416	0.93661	0.059261	0.0038908	0.00024143
417	0.93544	0.060429	0.0038812	0.00024696
418	0.932	0.063871	0.0038664	0.00026122
419	0.93514	0.060731	0.0038831	0.00024766
420	0.95038	0.045488	0.0039468	0.00018462
421	0.9524	0.043473	0.003953	0.0001766
422	0.96414	0.031735	0.0039955	0.00012991
423	0.99473	0.0011437	0.0041205	4.6147e-06
424	0.98064	0.015239	0.0040588	6.3367e-05
425	0.97526	0.020619	0.0040377	8.5114e-05
426	0.97461	0.021263	0.00404	8.7049e-05
427	0.97356	0.022316	0.0040379	9.0952e-05
428	0.97795	0.01792	0.0040555	7.2721e-05
429	0.99491	0.00096865	0.0041206	4.1826e-06
430	0.99348	0.0023911	0.004115	1.0363e-05
431	0.97487	0.021006	0.0040309	9.2572e-05
432	0.96806	0.027811	0.0040037	0.00012195
433	0.94418	0.05169	0.0038978	0.0002272
434	0.91094	0.084929	0.003758	0.00037011
435	0.89867	0.097196	0.0037133	0.00042182
436	0.69725	0.2986	0.0029003	0.0012455
437	0.62718	0.36867	0.0026139	0.0015405
438	0.60442	0.39142	0.0025205	0.0016404
439	0.25537	0.74046	0.0010767	0.0030941
440	0.13291	0.86291	0.00055929	0.0036198
441	0.094851	0.90096	0.00039458	0.0037914
442	0.080072	0.91573	0.00033276	0.0038625
443	0.077139	0.91866	0.00031988	0.0038833
444	0.082536	0.91325	0.00034077	0.003869
445	0.076649	0.91914	0.00031316	0.0039019
446	0.077928	0.91785	0.00031725	0.0039053
447	0.086715	0.90905	0.00035336	0.0038789
448	0.069207	0.92655	0.00027691	0.0039636
449	0.063359	0.93239	0.00025212	0.003999
450	0.066083	0.92966	0.00026199	0.0039983
451	0.055227	0.9405	0.00021609	0.0040557
452	0.053515	0.9422	0.00020775	0.0040743
453	0.057173	0.93853	0.00022213	0.0040723
454	0.057848	0.93784	0.00022521	0.0040837
455	0.064777	0.9309	0.00025506	0.0040704
456	0.068777	0.92688	0.00027403	0.0040705
457	0.081654	0.91398	0.000333	0.0040328
458	0.089771	0.90584	0.00037332	0.0040162
459	0.12012	0.87547	0.00051212	0.0038997
460	0.14959	0.84597	0.0006449	0.0037876
461	0.21874	0.7768	0.00096359	0.0034921
462	0.38901	0.60651	0.0017717	0.00271
463	0.43337	0.56213	0.001988	0.002518
464	0.56247	0.43301	0.0025894	0.0019389
465	0.97508	0.02037	0.0044588	8.9598e-05
466	0.97655	0.018882	0.0044823	8.3537e-05
467	0.9849	0.010519	0.0045334	4.7305e-05
468	0.99148	0.0039235	0.0045823	1.7652e-05
469	0.99096	0.0044193	0.0045959	2.0238e-05
470	0.99278	0.0025829	0.004625	1.1784e-05
471	0.99498	0.00036096	0.0046527	1.7012e-06
472	0.99496	0.00036496	0.0046744	1.7349e-06
473	0.99432	0.00097305	0.0046975	4.5419e-06
474	0.99514	0.00013401	0.0047246	6.2655e-07
475	0.99509	0.00016292	0.0047449	7.9897e-07
476	0.99481	0.0004175	0.0047684	2.0458e-06
477	0.9948	0.00040278	0.0047978	1.9344e-06
478	0.99512	4.986e-05	0.0048261	2.3833e-07
479	0.99456	0.00058985	0.004847	2.9083e-06
480	0.99509	3.086e-05	0.004878	9.5428e-08
481	0.99136	0.0034196	0.0052009	1.6116e-05
482	0.99025	0.00417	0.005557	2.035e-05
483	0.9912	0.0028404	0.0059475	1.28e-05
484	0.95072	0.040841	0.0080733	0.00036354
485	0.77869	0.21023	0.0086433	0.0024374
486	0.70819	0.27792	0.0098807	0.004009
487	0.39377	0.58938	0.0067525	0.010102
488	0.29529	0.68495	0.0059436	0.01382
489	0.25299	0.72421	0.0059248	0.016878
490	0.094854	0.87935	0.0025354	0.023264
491	0.045436	0.9258	0.0013362	0.027423
492	0.025432	0.94273	0.00083208	0.03101
493	0.019616	0.94549	0.00069947	0.034192
494	0.017934	0.94401	0.0007008	0.037353
495	0.019413	0.93924	0.00083535	0.040509
496	0.01418	0.94122	0.00066365	0.043941
497	0.013675	0.93849	0.00068627	0.047145
498	0.017166	0.93181	0.00091203	0.050112
499	0.013897	0.93177	0.0007869	0.053548
500	0.01456	0.92783	0.00087079	0.05674
501	0.018244	0.92075	0.0011619	0.059847
502	0.030109	0.90552	0.0020185	0.062357
503	0.06433	0.86796	0.0044851	0.063226
504	0.14809	0.78072	0.010997	0.060189
505	0.16826	0.75712	0.013112	0.061509
506	0.21708	0.70472	0.017862	0.060336
507	0.35782	0.56046	0.030781	0.050946
508	0.46346	0.45109	0.042103	0.04334
509	0.72386	0.18678	0.070247	0.019112
510	0.90431	0.0021878	0.093261	0.00024251
511	0.89925	0.0028205	0.097611	0.00032115
512	0.89637	0.0013927	0.10207	0.00017097
513	0.89165	0.0015222	0.10664	0.00019513
514	0.88476	0.0035257	0.11125	0.0004601
515	0.87967	0.0034027	0.11647	0.00046083
516	0.87769	0.00033306	0.12193	5.0605e-05
517	0.87037	0.0027594	0.12643	0.00044511
518	0.8648	0.0031199	0.13154	0.00053227
519	0.86185	0.0010328	0.13688	0.00023153
520	0.84434	0.01316	0.13946	0.0030402
521	0.83572	0.016533	0.14368	0.0040676
522	0.82741	0.019763	0.14764	0.0051895
523	0.76296	0.078821	0.13656	0.021667
524	0.73856	0.097954	0.13519	0.028292
525	0.72705	0.1039	0.13755	0.031512
526	0.71169	0.11334	0.13901	0.035955
527	0.70511	0.11367	0.14319	0.038028
528	0.7065	0.10564	0.14987	0.037993
529	0.69783	0.10784	0.1535	0.040826
530	0.68924	0.11015	0.15669	0.043918
531	0.68816	0.10454	0.16264	0.044652
532	0.67508	0.1111	0.16404	0.049782
533	0.66971	0.10957	0.16865	0.052073
534	0.67474	0.097793	0.17628	0.051183
535	0.65632	0.11425	0.17268	0.056754
536	0.65135	0.11729	0.17332	0.058036
537	0.65355	0.11305	0.17676	0.056633
538	0.65552	0.10911	0.17995	0.055425
539	0.66713	0.095399	0.18721	0.050256
540	0.69813	0.062175	0.20304	0.036653
541	0.71935	0.038601	0.21535	0.026699
542	0.70741	0.049866	0.21287	0.029852
543	0.70366	0.052888	0.21322	0.030232
544	0.51664	0.2392	0.15872	0.08543
545	0.45823	0.29694	0.14162	0.10321
546	0.43881	0.3157	0.13617	0.10933
547	0.20833	0.54553	0.063166	0.18298
548	0.11453	0.63864	0.034201	0.21262
549	0.07648	0.67598	0.022771	0.22477
550	0.026062	0.72564	0.0078795	0.24042
551	0.010285	0.74067	0.0030972	0.24595
552	0.0054254	0.7448	0.0015847	0.24819
553	0.0035657	0.74588	0.0010212	0.24953
554	0.0031014	0.74554	0.00089127	0.25046
555	0.0040746	0.74377	0.0011887	0.25096
556	0.0041489	0.74287	0.0012124	0.25177
557	0.0055436	0.74061	0.0016622	0.25219
558	0.0094581	0.73578	0.0029536	0.25181
559	0.011945	0.73235	0.0038192	0.25189
560	0.018816	0.72448	0.0062494	0.25045
561	0.035975	0.70629	0.012491	0.24525
562	0.075588	0.6656	0.027334	0.23148
563	0.20192	0.5382	0.073808	0.18607
564	0.56124	0.17783	0.20419	0.056735
565	0.55527	0.18278	0.20337	0.058582
566	0.55754	0.17943	0.20552	0.057511
567	0.57656	0.15935	0.21359	0.050497
568	0.56143	0.17381	0.2088	0.055955
569	0.55927	0.17532	0.20852	0.056881
570	0.56617	0.16773	0.21153	0.054572
571	0.2819	0.45132	0.10802	0.15876
572	0.1929	0.53966	0.074909	0.19254
573	0.16553	0.56638	0.064581	0.20351
574	0.068584	0.66268	0.02648	0.24225
575	0.026568	0.70403	0.01033	0.25907
576	0.011862	0.71808	0.0045496	0.26551
577	0.0059081	0.72334	0.0022685	0.26849
578	0.0039781	0.72458	0.0015072	0.26993
579	0.0034156	0.72443	0.0012899	0.27087
580	0.0024451	0.72469	0.00090345	0.27196
581	0.0023915	0.724	0.0008771	0.27273
582	0.0032077	0.72241	0.0011872	0.27319
583	0.003618	0.72123	0.0013332	0.27382
584	0.0033071	0.72074	0.0012239	0.27473
585	0.0039294	0.71928	0.00148	0.27531
586	0.0018172	0.72057	0.00068082	0.27693
587	0.0012926	0.72027	0.00047138	0.27796
588	0.0012601	0.71946	0.00045444	0.27883
589	0.001695	0.71813	0.00061721	0.27955
590	0.002918	0.71599	0.001089	0.28001
591	0.0070998	0.71089	0.0026598	0.27935
592	0.0035559	0.71348	0.0013116	0.28165
593	0.0020678	0.71397	0.00075921	0.2832
594	0.0015315	0.71348	0.00057056	0.28442
595	0.0015488	0.71238	0.00059813	0.28547
596	0.0024101	0.71046	0.00095381	0.28618
597	0.0055187	0.70629	0.0021949	0.28599
598	0.0072704	0.70345	0.002931	0.28635
599	0.011786	0.69779	0.0048691	0.28556
600	0.023106	0.68528	0.0098705	0.28174
601	0.05549	0.65172	0.023947	0.26885
602	0.14765	0.5584	0.063447	0.23051
603	0.44102	0.26388	0.18709	0.10802
604	0.44501	0.25877	0.18969	0.10653
605	0.46853	0.23416	0.2002	0.097114
606	0.52543	0.17611	0.22516	0.073301
607	0.54018	0.16024	0.2324	0.067179
608	0.5548	0.14453	0.23947	0.061202
609	0.5942	0.10397	0.25731	0.044516
610	0.60269	0.094355	0.26214	0.040824
611	0.6259	0.069939	0.27354	0.030624
612	0.68532	0.0092304	0.3015	0.0039517
613	0.68854	0.0047606	0.30467	0.0020285
614	0.69198	0.00011708	0.30785	4.951e-05
615	0.69089	4.3605e-05	0.30905	1.9605e-05
616	0.68945	0.0002369	0.31021	0.00010686
617	0.68759	0.00088722	0.31111	0.00041138
618	0.6866	0.00059314	0.31253	0.0002763
619	0.66204	0.023778	0.30347	0.010714
620	0.65168	0.032665	0.30097	0.014687
621	0.64913	0.033785	0.30181	0.015272
622	0.23701	0.44452	0.11234	0.20613
623	0.092595	0.58757	0.044266	0.27557
624	0.042011	0.63681	0.019832	0.30135
625	0.020133	0.65729	0.0094739	0.31311
626	0.011295	0.66466	0.005394	0.31865
627	0.0084441	0.66607	0.0040567	0.32143
628	0.008159	0.66492	0.0039237	0.323
629	0.0095052	0.66208	0.0046118	0.3238
630	0.013478	0.65656	0.006663	0.3233
631	0.026847	0.64166	0.013369	0.31813
632	0.059672	0.60724	0.030404	0.30269
633	0.15307	0.51225	0.078233	0.25644
634	0.41855	0.24522	0.21249	0.12374
635	0.47725	0.18499	0.24313	0.094625
636	0.62292	0.037701	0.31996	0.019415
637	0.62287	0.036015	0.32251	0.018611
638	0.63005	0.027143	0.32875	0.014062
639	0.65491	0.00063691	0.34412	0.00034135
640	0.65365	0.00012696	0.34615	6.816e-05
641	0.65098	0.0010887	0.34734	0.00059204
642	0.64834	0.0020664	0.34844	0.0011516
643	0.64738	0.001423	0.35036	0.00083941
644	0.6451	0.0019946	0.3517	0.0012046
645	0.64396	0.0012997	0.35391	0.00083347
646	0.61484	0.028464	0.33909	0.017605
647	0.60157	0.039664	0.33418	0.024588
648	0.59761	0.041614	0.33464	0.026142
649	0.54855	0.088529	0.30744	0.055481
650	0.52684	0.10797	0.29728	0.067915
651	0.52073	0.11187	0.29624	0.07116
652	0.49209	0.13837	0.28036	0.089177
653	0.48255	0.14581	0.27641	0.095224
654	0.48059	0.14556	0.27752	0.096331
655	0.46279	0.161	0.26875	0.10745
656	0.45802	0.16348	0.26805	0.11045
657	0.46023	0.15883	0.27204	0.1089
658	0.46008	0.1564	0.2749	0.10861
659	0.47127	0.14269	0.28479	0.10126
660	0.50132	0.10997	0.30749	0.081221
661	0.50703	0.10141	0.31513	0.076429
662	0.52685	0.078567	0.33318	0.061401
663	0.57628	0.025928	0.37377	0.024025
664	0.57152	0.027257	0.37568	0.025541
665	0.57118	0.024264	0.38078	0.023779
666	0.57851	0.013682	0.39141	0.016394
667	0.57934	0.011886	0.39476	0.01402
668	0.57972	0.01046	0.39777	0.01205
669	0.58474	0.004432	0.40567	0.0051547
670	0.58805	3.8819e-05	0.41186	4.469e-05
671	0.58668	0.0003731	0.41267	0.00028209
672	0.58588	4.5192e-05	0.41404	3.3514e-05
673	0.58306	0.0016631	0.41413	0.001144
674	0.58183	0.0017301	0.41525	0.0011957
675	0.58227	0.00015431	0.41746	0.00011
676	0.58067	0.00054437	0.41839	0.00039101
677	0.57934	0.00069784	0.41945	0.00051288
678	0.57878	2.8667e-06	0.42122	2.0909e-06
679	0.57751	5.0782e-05	0.4224	3.8634e-05
680	0.5756	0.00065883	0.42324	0.00049367
681	0.57438	0.00048985	0.42476	0.0003637
682	0.5728	0.00072681	0.42592	0.00054462
683	0.57114	0.00095316	0.4272	0.00070764
684	0.5707	7.6959e-06	0.42928	6.1843e-06
685	0.56779	0.0014416	0.42962	0.0011488
686	0.56605	0.0015922	0.43108	0.0012753
687	0.56533	0.0006036	0.43357	0.00048744
688	0.56362	0.00049319	0.4355	0.000387
689	0.56146	0.00087313	0.43699	0.00067687
690	0.56043	0.00019198	0.43923	0.00015325
691	0.55877	1.8448e-05	0.4412	1.4889e-05
692	0.5566	0.0002428	0.44297	0.0001895
693	0.55363	0.0011164	0.44441	0.00085102
694	0.54804	0.0046746	0.44365	0.0036324
695	0.54558	0.0051716	0.44518	0.0040634
696	0.5446	0.0040648	0.44817	0.0031661
697	0.53885	0.007782	0.44722	0.006147
698	0.53635	0.0083129	0.44871	0.00663
699	0.53406	0.0086932	0.45022	0.0070273
700	0.53128	0.0094188	0.45163	0.0076676
701	0.53114	0.0075752	0.45509	0.0061953
702	0.53655	0.00023435	0.46301	0.00020063
703	0.53408	0.00064039	0.46472	0.00056095
704	0.53249	0.00021457	0.46709	0.00020604
705	0.53069	7.3634e-05	0.46913	0.00010732
706	0.52888	0.0013548	0.46846	0.0012981
707	0.52815	0.001516	0.46889	0.0014431
708	0.52836	0.00068108	0.4703	0.00065179
709	0.52697	0.0014786	0.47015	0.001397
710	0.52651	0.0012955	0.47097	0.0012269
711	0.5271	1.3541e-06	0.47289	2.1131e-06
712	0.52033	0.0067632	0.46659	0.006324
713	0.5128	0.014288	0.4594	0.013508
714	0.51028	0.016771	0.45712	0.015826
715	0.47339	0.053644	0.42221	0.05076
716	0.45874	0.068233	0.4088	0.064225
717	0.45484	0.072096	0.40513	0.067936
718	0.4509	0.076011	0.40125	0.071841
719	0.45193	0.074921	0.40216	0.070984
720	0.45928	0.067475	0.40909	0.064154
721	0.41511	0.11152	0.36974	0.10363
722	0.40021	0.12631	0.35629	0.11719
723	0.39762	0.1288	0.3539	0.11968
724	0.38133	0.14501	0.33838	0.13529
725	0.37617	0.15005	0.33366	0.14013
726	0.37775	0.14832	0.33533	0.1386
727	0.3911	0.13483	0.34743	0.12664
728	0.42366	0.10211	0.37756	0.09667
729	0.49957	0.025998	0.44941	0.025026
730	0.49879	0.026545	0.44922	0.025439
731	0.50224	0.022875	0.4529	0.021977
732	0.51186	0.013008	0.46271	0.012426
733	0.5138	0.010825	0.46503	0.010345
734	0.5128	0.01161	0.46451	0.011084
735	0.51412	0.010033	0.46629	0.0095641
736	0.51224	0.011611	0.46523	0.010917
737	0.43387	0.089693	0.39499	0.081444
738	0.40212	0.12113	0.36757	0.10918
739	0.2884	0.23454	0.26596	0.21109
740	0.25303	0.26962	0.23378	0.24356
741	0.24305	0.27932	0.2246	0.25303
742	0.22814	0.29393	0.21119	0.26674
743	0.22513	0.29663	0.20854	0.2697
744	0.23167	0.28981	0.21439	0.26413
745	0.22805	0.29316	0.21079	0.268
746	0.23147	0.28943	0.21392	0.26518
747	0.24499	0.27558	0.22655	0.25288
748	0.24586	0.27438	0.22744	0.25231
749	0.25861	0.26132	0.2388	0.24127
750	0.2922	0.22739	0.26946	0.21095
751	0.40078	0.11848	0.36593	0.11481
752	0.42458	0.094309	0.38813	0.092977
753	0.50229	0.016245	0.45805	0.02341
754	0.50299	0.015858	0.45891	0.022247
755	0.50758	0.011591	0.46459	0.016244
756	0.51861	0.00084322	0.47928	0.0012586
757	0.51882	0.00088004	0.47911	0.0011867
758	0.51985	6.5659e-05	0.47995	0.00013244
759	0.52108	4.8253e-06	0.47891	6.5255e-06
760	0.52214	3.2878e-05	0.4778	3.125e-05
761	0.52313	4.6653e-05	0.47678	4.2485e-05
762	0.52388	0.0003465	0.47545	0.00032002
763	0.52408	0.0012382	0.47352	0.0011646
764	0.52515	0.0011776	0.47256	0.0011068
765	0.52724	3.5527e-05	0.47269	3.4719e-05
766	0.52772	0.00042421	0.47147	0.00039084
767	0.52838	0.00066453	0.47033	0.0006239
768	0.52969	0.00018837	0.46993	0.00019585
769	0.53056	9.5209e-05	0.46922	0.0001255
770	0.53094	0.00051609	0.46781	0.00073491
771	0.53327	0.0008948	0.46483	0.0010035
772	0.53588	0.0010764	0.46193	0.0011113
773	0.5392	0.00037535	0.46004	0.00037634
774	0.54206	0.00021711	0.45751	0.00021434
775	0.54368	0.0011288	0.45419	0.0010072
776	0.54497	0.0022194	0.4509	0.0019177
777	0.54736	0.0020489	0.44886	0.0017359
778	0.54749	0.002981	0.44702	0.0025093
779	0.54883	0.0026249	0.44635	0.0021892
780	0.55167	0.00070566	0.44709	0.00053542
781	0.55102	0.0023117	0.44497	0.0016999
782	0.55056	0.0037627	0.44292	0.0027543
783	0.55155	0.0036986	0.44213	0.0026228
784	0.5526	0.0036075	0.44132	0.00248
785	0.55515	0.0019409	0.44182	0.0010813
786	0.5567	6.2704e-05	0.4432	3.7282e-05
787	0.55584	0.0005518	0.44317	0.00043546
788	0.55523	0.0008144	0.44329	0.00066542
789	0.55541	0.00023668	0.44415	0.00020498
790	0.55342	0.0018538	0.44309	0.0016415
791	0.553	0.0019149	0.44333	0.001759
792	0.5537	0.00081238	0.4446	0.00088907
793	0.55259	0.001546	0.44409	0.0017725
794	0.55244	0.0012727	0.44462	0.0016636
795	0.55184	0.002103	0.44381	0.0022487
796	0.53823	0.015959	0.43234	0.013468
797	0.53284	0.021562	0.42775	0.017856
798	0.53174	0.022825	0.42673	0.018704
799	0.535	0.019765	0.42916	0.01608
800	0.53711	0.017809	0.43078	0.014306
801	0.54395	0.011088	0.43662	0.0083412
802	0.54925	0.0058714	0.4413	0.0035761
803	0.54674	0.0069471	0.44178	0.0045312
804	0.54675	0.0055505	0.44399	0.0037068
805	0.54027	0.010558	0.44141	0.0077612
806	0.53786	0.011531	0.44194	0.0086668
807	0.53759	0.01027	0.44438	0.0077597
808	0.5366	0.0096238	0.4465	0.0072736
809	0.53273	0.011911	0.44621	0.0091476
810	0.53212	0.010989	0.4484	0.008491
811	0.53607	0.0055509	0.4541	0.0042819
812	0.53987	0.00031919	0.45955	0.00026051
813	0.53823	0.00042265	0.46098	0.00036463
814	0.53411	0.0030568	0.46005	0.002782
815	0.53224	0.0034797	0.46104	0.0032413
816	0.5317	0.0024677	0.46344	0.0023901
817	0.52733	0.0051834	0.46252	0.0049747
818	0.52495	0.0057848	0.46369	0.0055764
819	0.5241	0.0047504	0.46652	0.0046348
820	0.52093	0.0058892	0.4675	0.0056815
821	0.51985	0.0050034	0.47026	0.004889
822	0.5211	0.0016519	0.47559	0.0016628
823	0.51883	0.0018778	0.47739	0.0019069
824	0.51629	0.002244	0.47919	0.0022799
825	0.51477	0.0014361	0.4823	0.0014881
826	0.51018	0.0035349	0.48277	0.0035121
827	0.50764	0.0036548	0.48503	0.003678
828	0.50643	0.0022687	0.48898	0.0023203
829	0.50391	0.0022758	0.49144	0.0023665
830	0.50153	0.0022174	0.49388	0.002373
831	0.50027	0.00085921	0.49784	0.0010244
832	0.48845	0.010144	0.48918	0.012231
833	0.48241	0.01346	0.48776	0.016367
834	0.47916	0.013808	0.48995	0.017083
835	0.47523	0.01462	0.49185	0.018302
836	0.46697	0.019859	0.48821	0.024959
837	0.4626	0.021	0.48965	0.026749
838	0.43311	0.047356	0.45944	0.060095
839	0.41917	0.057962	0.44875	0.074119
840	0.41381	0.060068	0.448	0.078115
841	0.39674	0.073976	0.43149	0.097802
842	0.37368	0.093677	0.40743	0.12522
843	0.34268	0.12113	0.37326	0.16294
844	0.32853	0.13152	0.36095	0.17899
845	0.3228	0.13328	0.35966	0.18426
846	0.32266	0.12921	0.36593	0.1822
847	0.33418	0.11358	0.38649	0.16575
848	0.37839	0.065365	0.4474	0.10885
849	0.40793	0.031582	0.49326	0.06723
850	0.40806	0.030192	0.49805	0.063698
851	0.41363	0.023388	0.51302	0.049963
852	0.42971	0.0059875	0.55035	0.013949
853	0.42724	0.0070404	0.55049	0.015223
854	0.42637	0.0063903	0.55357	0.013668
855	0.42761	0.0035201	0.56106	0.0078127
856	0.42231	0.0072444	0.5571	0.013343
857	0.40368	0.024189	0.53396	0.038166
858	0.3255	0.10058	0.42582	0.1481
859	0.21948	0.20469	0.27998	0.29584
860	0.18618	0.23613	0.23383	0.34386
861	0.1728	0.24754	0.21667	0.36299
862	0.17015	0.24826	0.21411	0.36747
863	0.17309	0.24329	0.21952	0.3641
864	0.18473	0.22952	0.23724	0.34851
865	0.22537	0.18677	0.29368	0.29417
866	0.31988	0.09006	0.42732	0.16274
867	0.32489	0.082905	0.43748	0.15472
868	0.28587	0.11965	0.37155	0.22294
869	0.23175	0.17135	0.2791	0.3178
870	0.20822	0.19236	0.24077	0.35866
871	0.17601	0.22191	0.18754	0.41454
872	0.16499	0.23031	0.16953	0.43517
873	0.16325	0.22949	0.1664	0.44086
874	0.16134	0.22887	0.1626	0.44719
875	0.16435	0.22321	0.16583	0.4466
876	0.17574	0.20905	0.17912	0.43609
877	0.16783	0.2164	0.17029	0.44548
878	0.1672	0.21648	0.17096	0.44536
879	0.17165	0.21144	0.17961	0.43729
880	0.16677	0.21571	0.1746	0.44293
881	0.16694	0.21487	0.17688	0.4413
882	0.1662	0.21497	0.17753	0.4413
883	0.16472	0.21581	0.17682	0.44264
884	0.16115	0.21872	0.17327	0.44686
885	0.16236	0.21679	0.17692	0.44393
886	0.15305	0.22535	0.16591	0.45569
887	0.15027	0.22734	0.16386	0.45853
888	0.1525	0.22427	0.16958	0.45365
889	0.15248	0.22339	0.17196	0.45216
890	0.15054	0.2244	0.17162	0.45344
891	0.1467	0.22732	0.16827	0.45771
892	0.14095	0.2321	0.16249	0.46446
893	0.14027	0.23175	0.16407	0.4639
894	0.1444	0.22656	0.174	0.45505
895	0.1476	0.22229	0.18204	0.44807
896	0.12607	0.24271	0.15539	0.47583
897	0.1177	0.24991	0.14616	0.48623
898	0.087534	0.27892	0.10767	0.52588
899	0.075443	0.2898	0.093046	0.54171
900	0.07198	0.29207	0.089511	0.54644
901	0.073205	0.28966	0.092789	0.54434
902	0.072853	0.28878	0.093744	0.54462
903	0.076696	0.28364	0.10194	0.53772
904	0.078714	0.28027	0.10729	0.53373
905	0.088128	0.26951	0.12587	0.51649
906	0.11992	0.2364	0.18506	0.45862
907	0.14243	0.2125	0.2291	0.41597
908	0.19505	0.15842	0.3337	0.31283
909	0.34549	0.0065509	0.62618	0.021785
910	0.33882	0.01289	0.61431	0.033979
911	0.33675	0.014638	0.61132	0.037289
912	0.33668	0.014362	0.61268	0.036285
913	0.33615	0.014493	0.61326	0.036093
914	0.33763	0.012579	0.61856	0.031237
915	0.3425	0.0072271	0.6324	0.017866
916	0.32807	0.021207	0.60658	0.044142
917	0.32222	0.026557	0.59727	0.053955
918	0.3208	0.027494	0.59603	0.055675
919	0.32262	0.025204	0.60094	0.051227
920	0.32359	0.023722	0.60447	0.048208
921	0.33015	0.016681	0.61886	0.034308
922	0.3305	0.01579	0.62124	0.032468
923	0.33348	0.012241	0.62921	0.025069
924	0.34511	5.1322e-05	0.65467	0.00017279
925	0.34286	0.0016477	0.65057	0.0049252
926	0.34055	0.0033237	0.64591	0.010213
927	0.33993	0.003337	0.64574	0.01099
928	0.32018	0.023149	0.6043	0.052371
929	0.29264	0.050732	0.54806	0.10857
930	0.28443	0.058988	0.53076	0.12582
931	0.25586	0.087621	0.47036	0.18616
932	0.24383	0.099673	0.4455	0.21099
933	0.23945	0.10405	0.43663	0.21986
934	0.23416	0.10936	0.4256	0.23088
935	0.23358	0.10993	0.4243	0.2322
936	0.23767	0.10579	0.43247	0.22407
937	0.23426	0.10912	0.42626	0.23035
938	0.23507	0.10822	0.42855	0.22817
939	0.2412	0.10195	0.44208	0.21477
940	0.26329	0.079738	0.48817	0.1688
941	0.31478	0.028094	0.59804	0.05908
942	0.32954	0.013202	0.62914	0.028115
943	0.32932	0.013311	0.62905	0.028321
944	0.33101	0.011466	0.63306	0.024461
945	0.33633	0.0059636	0.64498	0.012725
946	0.33551	0.0065491	0.64427	0.013672
947	0.3366	0.0052543	0.64727	0.01088
948	0.34151	0.00014526	0.65802	0.00032336
949	0.34108	0.0003421	0.65785	0.00072393
950	0.34064	0.00051364	0.65778	0.0010692
951	0.34065	0.00019545	0.65873	0.00042085
952	0.34033	0.00017303	0.65912	0.00037383
953	0.33984	0.00033516	0.65909	0.00073612
954	0.33975	5.1794e-05	0.66001	0.00018094
955	0.33456	0.0054861	0.64834	0.011613
956	0.30976	0.030501	0.59688	0.062863
957	0.2993	0.041132	0.57552	0.084048
958	0.28605	0.054573	0.54803	0.11135
959	0.2809	0.059882	0.53741	0.1218
960	0.27996	0.060956	0.53539	0.1237
961	0.27089	0.070161	0.51719	0.14175
962	0.23407	0.10714	0.4427	0.21608
963	0.21943	0.1219	0.41379	0.24487
964	0.19986	0.14157	0.3764	0.28217
965	0.19381	0.14772	0.36449	0.29398
966	0.19398	0.14767	0.36441	0.29394
967	0.19368	0.14809	0.36317	0.29505
968	0.19795	0.14393	0.37099	0.28714
969	0.2099	0.13205	0.39406	0.26399
970	0.23835	0.10365	0.4506	0.20741
971	0.26318	0.07887	0.49894	0.15901
972	0.32454	0.017541	0.62191	0.036008
973	0.32224	0.01988	0.61718	0.040697
974	0.32282	0.019354	0.61803	0.039796
975	0.32622	0.015972	0.62468	0.033126
976	0.32616	0.016068	0.62433	0.033444
977	0.3289	0.013373	0.62933	0.028403
978	0.33768	0.0046516	0.64547	0.012199
979	0.33638	0.0060206	0.64139	0.016209
980	0.33654	0.0059022	0.64105	0.016511
981	0.33825	0.0041952	0.64417	0.013379
982	0.34031	0.0028673	0.64781	0.0090097
983	0.34077	0.0030833	0.64718	0.0089685
984	0.3427	0.0018575	0.65008	0.0053703
985	0.3425	0.0027781	0.6476	0.0071202
986	0.34331	0.0026443	0.64745	0.0065929
987	0.34524	0.0013274	0.65011	0.0033177
988	0.34509	0.0020461	0.64826	0.0046038
989	0.34575	0.0019035	0.64821	0.0041364
990	0.33524	0.012949	0.62711	0.024696
991	0.32074	0.028011	0.59809	0.053162
992	0.31501	0.034254	0.58622	0.064521
993	0.3143	0.035498	0.58349	0.066712
994	0.31636	0.033926	0.58622	0.063492
995	0.32395	0.026847	0.59905	0.05015
996	0.34565	0.0056744	0.63727	0.011406
997	0.34757	0.0042354	0.63947	0.0087269
998	0.34755	0.0046917	0.63811	0.0096481
999	0.34868	0.0039651	0.63913	0.0082275
1000	0.34815	0.0048516	0.6371	0.0098962
1001	0.3471	0.0062244	0.63426	0.012418
1002	0.34067	0.012933	0.62183	0.024563
