#coord	neutral	conserved	gBGC.neutral	gBGC.conserved
1	0.96696	0.032914	0.00012527	4.3026e-06
2	0.98855	0.011317	0.00012684	1.4682e-06
3	0.9932	0.0066703	0.00012622	8.5301e-07
4	0.99749	0.0023876	0.00012552	3.0035e-07
5	0.9985	0.0013744	0.00012438	1.7047e-07
6	0.99987	3.145e-06	0.00012327	3.8927e-10
7	0.99987	5.7087e-06	0.00012201	6.9349e-10
8	0.99981	6.5772e-05	0.00012073	8.0207e-09
9	0.99981	6.6556e-05	0.00011949	8.0261e-09
10	0.99985	3.5792e-05	0.00011828	4.2257e-09
11	0.99969	0.00019445	0.00011702	2.2958e-08
12	0.99986	2.8353e-05	0.00011583	3.3258e-09
13	0.99986	2.2474e-05	0.00011465	2.6114e-09
14	0.99978	0.00010748	0.00011348	1.2373e-08
15	0.99963	0.00025663	0.00011234	2.9191e-08
16	0.99978	0.00010483	0.00011125	1.183e-08
17	0.99985	3.607e-05	0.00011018	4.0374e-09
18	0.99972	0.00017561	0.00010911	1.9337e-08
19	0.99988	1.0439e-05	0.0001081	1.1338e-09
20	0.99931	0.00057936	0.00010699	6.2606e-08
21	0.99983	6.2955e-05	0.00010603	6.7859e-09
22	0.99982	7.8849e-05	0.00010503	8.3963e-09
23	0.99979	0.00010124	0.00010405	1.069e-08
24	0.99972	0.00017629	0.00010309	1.8403e-08
25	0.99936	0.00053345	0.00010213	5.4757e-08
26	0.99917	0.00072425	0.0001012	7.3042e-08
27	0.99938	0.00051468	0.0001003	5.1332e-08
28	0.99911	0.0007884	9.934e-05	7.8333e-08
29	0.99903	0.00086938	9.8421e-05	8.5111e-08
30	0.99926	0.00064204	9.7519e-05	6.2118e-08
31	0.99988	2.3068e-05	9.6641e-05	2.2349e-09
32	0.9992	0.0007037	9.566e-05	6.7411e-08
33	0.99895	0.00095961	9.472e-05	9.1068e-08
34	0.99912	0.00079107	9.3817e-05	7.4398e-08
35	0.99971	0.00019791	9.2953e-05	1.8556e-08
36	0.9999	1.0163e-05	9.2072e-05	9.3319e-10
37	0.99991	6.6074e-08	9.1161e-05	6.0947e-12
38	0.99905	0.00086426	9.0192e-05	7.836e-08
39	0.99829	0.0016224	8.9256e-05	1.4482e-07
40	0.99927	0.00063762	8.8463e-05	5.6456e-08
41	0.99923	0.00068027	8.7567e-05	6.02e-08
42	0.9994	0.00051173	8.671e-05	4.5058e-08
43	0.99979	0.00012892	8.5893e-05	1.1406e-08
44	0.9978	0.0021189	8.4889e-05	1.8333e-07
45	0.99556	0.0043578	8.3889e-05	3.718e-07
46	0.99575	0.0041624	8.3118e-05	3.5095e-07
47	0.99632	0.0035978	8.2364e-05	3.0102e-07
48	0.99963	0.000284	8.1857e-05	2.3695e-08
49	0.99988	3.9374e-05	8.1112e-05	3.2088e-09
50	0.99992	6.5369e-07	8.0339e-05	5.2429e-11
51	0.99976	0.00016318	7.9539e-05	1.3093e-08
52	0.99992	4.0298e-06	7.8784e-05	3.192e-10
53	0.99895	0.00097563	7.7958e-05	7.5567e-08
54	0.99956	0.00036474	7.7242e-05	2.7968e-08
55	0.99969	0.00023202	7.6477e-05	1.7864e-08
56	0.99953	0.00039115	7.5709e-05	2.9878e-08
57	0.99979	0.00013134	7.4993e-05	9.8251e-09
58	0.99944	0.00048987	7.4218e-05	3.6267e-08
59	0.9995	0.00042741	7.3462e-05	3.1561e-08
60	0.99978	0.000143	7.274e-05	1.0462e-08
61	0.99773	0.0021931	7.1837e-05	1.5949e-07
62	0.9898	0.010127	7.0536e-05	7.2418e-07
63	0.98185	0.018075	6.9231e-05	1.2824e-06
64	0.97988	0.020052	6.8377e-05	1.4068e-06
65	0.98217	0.017763	6.7841e-05	1.2303e-06
66	0.99216	0.0077672	6.7819e-05	5.2949e-07
67	0.99472	0.0052144	6.7264e-05	3.5118e-07
68	0.99756	0.0023704	6.6711e-05	1.5867e-07
69	0.99985	8.2933e-05	6.6135e-05	5.471e-09
70	0.99914	0.00079798	6.5347e-05	5.2386e-08
71	0.99958	0.00035111	6.4651e-05	2.2565e-08
72	0.99969	0.00024547	6.3922e-05	1.547e-08
73	0.99526	0.0046733	6.2896e-05	2.9308e-07
74	0.99482	0.0051209	6.2112e-05	3.1778e-07
75	0.99768	0.0022601	6.1518e-05	1.399e-07
76	0.9959	0.004043	6.0655e-05	2.4788e-07
77	0.99666	0.0032807	5.9937e-05	2.0018e-07
78	0.99721	0.0027256	5.9222e-05	1.6525e-07
79	0.99064	0.0092992	5.8102e-05	5.5334e-07
80	0.98938	0.010564	5.729e-05	6.2234e-07
81	0.99115	0.0087948	5.6672e-05	5.1336e-07
82	0.98393	0.016018	5.5523e-05	9.2473e-07
83	0.98222	0.017723	5.4716e-05	1.0102e-06
84	0.98457	0.015376	5.4155e-05	8.6635e-07
85	0.84931	0.15063	4.6117e-05	8.2157e-06
86	0.80252	0.19743	4.2995e-05	1.064e-05
87	0.78513	0.21482	4.1528e-05	1.1424e-05
88	0.76511	0.23484	3.9933e-05	1.2328e-05
89	0.76274	0.2372	3.9268e-05	1.2293e-05
90	0.77728	0.22267	3.9448e-05	1.1403e-05
91	0.81792	0.18203	4.0932e-05	9.2238e-06
92	0.78383	0.21612	3.8677e-05	1.0797e-05
93	0.739	0.26095	3.5971e-05	1.2835e-05
94	0.5848	0.41515	2.8013e-05	2.0117e-05
95	0.36996	0.63	1.7456e-05	3.0007e-05
96	0.30313	0.69682	1.4067e-05	3.2724e-05
97	0.2149	0.78506	9.8149e-06	3.6313e-05
98	0.1796	0.82036	8.0925e-06	3.7382e-05
99	0.17088	0.82908	7.5872e-06	3.7229e-05
100	0.15737	0.84258	6.8916e-06	3.7274e-05
101	0.1583	0.84165	6.8313e-06	3.6679e-05
102	0.17506	0.8249	7.4393e-06	3.541e-05
103	0.08847	0.91149	3.7024e-06	3.8495e-05
104	0.058317	0.94164	2.3946e-06	3.9146e-05
105	0.048438	0.95152	1.9497e-06	3.8929e-05
106	0.033309	0.96665	1.3118e-06	3.8912e-05
107	0.029573	0.97039	1.1401e-06	3.8425e-05
108	0.029934	0.97003	1.1331e-06	3.7779e-05
109	0.035106	0.96486	1.309e-06	3.6959e-05
110	0.017017	0.98295	6.1865e-07	3.7011e-05
111	0.0097492	0.99021	3.4644e-07	3.6653e-05
112	0.0079682	0.992	2.7656e-07	3.6088e-05
113	0.0081079	0.99186	2.7652e-07	3.546e-05
114	0.010498	0.98947	3.5421e-07	3.4761e-05
115	0.011998	0.98797	3.9768e-07	3.4092e-05
116	0.016789	0.98318	5.4929e-07	3.3321e-05
117	0.029214	0.97075	9.4722e-07	3.2311e-05
118	0.059976	0.93999	1.9299e-06	3.0723e-05
119	0.1478	0.85216	4.6774e-06	2.7366e-05
120	0.39801	0.60196	1.2317e-05	1.9112e-05
121	0.39321	0.60676	1.1925e-05	1.8897e-05
122	0.40442	0.59555	1.2014e-05	1.8196e-05
123	0.44509	0.55488	1.2937e-05	1.6655e-05
124	0.47503	0.52494	1.3519e-05	1.5463e-05
125	0.47518	0.52479	1.3238e-05	1.5146e-05
126	0.49048	0.5095	1.3386e-05	1.4407e-05
127	0.45479	0.54518	1.212e-05	1.5077e-05
128	0.4432	0.55677	1.1549e-05	1.5062e-05
129	0.44571	0.55426	1.1366e-05	1.4667e-05
130	0.36261	0.63736	9.0424e-06	1.642e-05
131	0.26507	0.73491	6.4419e-06	1.8446e-05
132	0.23556	0.76441	5.5768e-06	1.873e-05
133	0.20475	0.79523	4.7069e-06	1.9013e-05
134	0.19327	0.80671	4.325e-06	1.8815e-05
135	0.19337	0.80661	4.2189e-06	1.8349e-05
136	0.16971	0.83027	3.5903e-06	1.8398e-05
137	0.16563	0.83435	3.4011e-06	1.8002e-05
138	0.17072	0.82926	3.4074e-06	1.7417e-05
139	0.15739	0.84259	3.0447e-06	1.7208e-05
140	0.15721	0.84277	2.9488e-06	1.6728e-05
141	0.16669	0.83329	3.0364e-06	1.6069e-05
142	0.17153	0.82845	3.0322e-06	1.5509e-05
143	0.18913	0.81085	3.2514e-06	1.4731e-05
144	0.23251	0.76748	3.9014e-06	1.3527e-05
145	0.2618	0.73818	4.2736e-06	1.2608e-05
146	0.33157	0.66842	5.2862e-06	1.1054e-05
147	0.50384	0.49614	7.8835e-06	7.9218e-06
148	0.99506	0.0049251	1.5195e-05	7.0059e-08
149	0.99523	0.0047528	1.4672e-05	6.3158e-08
150	0.99812	0.0018628	1.4197e-05	1.7842e-08
151	0.99707	0.0029185	1.4291e-05	3.466e-08
152	0.99154	0.0084427	1.4326e-05	1.152e-07
153	0.98616	0.01383	1.4355e-05	1.9556e-07
154	0.98625	0.013739	1.4458e-05	1.9719e-07
155	0.97981	0.02018	1.4467e-05	2.9499e-07
156	0.97987	0.020116	1.4566e-05	2.9752e-07
157	0.98435	0.01564	1.4734e-05	2.34e-07
158	0.98846	0.01153	1.4903e-05	1.7424e-07
159	0.9996	0.00038776	1.5183e-05	5.9516e-09
160	0.99752	0.0024625	1.5267e-05	3.7722e-08
161	0.99772	0.0022628	1.538e-05	3.5027e-08
162	0.99988	0.00010242	1.5527e-05	1.5837e-09
163	0.99982	0.00015968	1.5635e-05	2.4851e-09
164	0.99972	0.00025946	1.5736e-05	4.0994e-09
165	0.9999	8.4427e-05	1.5844e-05	1.3256e-09
166	0.99381	0.0061717	1.5859e-05	9.6406e-08
167	0.97375	0.026238	1.5645e-05	4.1455e-07
168	0.96852	0.031467	1.5657e-05	5.009e-07
169	0.97027	0.02971	1.5775e-05	4.7595e-07
170	0.97821	0.021772	1.5997e-05	3.4947e-07
171	0.98534	0.014646	1.6202e-05	2.3542e-07
172	0.98564	0.014347	1.6291e-05	2.32e-07
173	0.98103	0.018956	1.6293e-05	3.0982e-07
174	0.97602	0.023961	1.6282e-05	3.955e-07
175	0.94946	0.050523	1.5914e-05	8.4128e-07
176	0.94251	0.057476	1.5865e-05	9.6283e-07
177	0.94472	0.055258	1.5963e-05	9.3106e-07
178	0.94501	0.054973	1.6033e-05	9.308e-07
179	0.95575	0.044235	1.6274e-05	7.5441e-07
180	0.98263	0.017352	1.6795e-05	3.002e-07
181	0.98828	0.011706	1.6962e-05	2.0434e-07
182	0.99239	0.0075917	1.7107e-05	1.3353e-07
183	0.99558	0.0043989	1.7242e-05	7.7721e-08
184	0.99597	0.004009	1.7321e-05	7.1222e-08
185	0.99671	0.003269	1.74e-05	5.8796e-08
186	0.99728	0.002706	1.748e-05	4.9253e-08
187	0.99603	0.0039563	1.7532e-05	7.2071e-08
188	0.99682	0.0031671	1.7624e-05	5.8253e-08
189	0.99743	0.0025508	1.7716e-05	4.7348e-08
190	0.97725	0.022731	1.7434e-05	4.1433e-07
191	0.96981	0.030174	1.7387e-05	5.5121e-07
192	0.96946	0.030524	1.7461e-05	5.6088e-07
193	0.9592	0.040787	1.7359e-05	7.5114e-07
194	0.94739	0.052588	1.722e-05	9.7283e-07
195	0.89493	0.10506	1.6337e-05	1.9432e-06
196	0.82619	0.1738	1.5158e-05	3.2133e-06
197	0.74585	0.25413	1.3739e-05	4.7176e-06
198	0.71906	0.28092	1.3297e-05	5.2412e-06
199	0.40839	0.59159	7.4665e-06	1.1147e-05
200	0.28202	0.71796	5.1138e-06	1.3578e-05
201	0.23108	0.7689	4.1783e-06	1.4594e-05
202	0.21168	0.7883	3.8333e-06	1.5022e-05
203	0.20898	0.791	3.7953e-06	1.5139e-05
204	0.21654	0.78344	3.9509e-06	1.5064e-05
205	0.23994	0.76004	4.4083e-06	1.4689e-05
206	0.23819	0.76179	4.3966e-06	1.4785e-05
207	0.24844	0.75154	4.6162e-06	1.4652e-05
208	0.2534	0.74658	4.7386e-06	1.4618e-05
209	0.27427	0.72571	5.1767e-06	1.4271e-05
210	0.34588	0.6541	6.6111e-06	1.2923e-05
211	0.512	0.48798	9.9529e-06	9.6694e-06
212	0.98572	0.01426	1.9419e-05	2.877e-07
213	0.98721	0.012767	1.9537e-05	2.5866e-07
214	0.51052	0.48946	1.0021e-05	9.8577e-06
215	0.31641	0.68357	6.1716e-06	1.3793e-05
216	0.23765	0.76233	4.626e-06	1.5427e-05
217	0.20641	0.79357	4.0256e-06	1.6119e-05
218	0.19959	0.80039	3.9048e-06	1.6327e-05
219	0.20355	0.79643	4.0017e-06	1.6319e-05
220	0.22168	0.7783	4.3895e-06	1.6023e-05
221	0.28439	0.71559	5.6791e-06	1.4821e-05
222	0.42992	0.57006	8.6891e-06	1.1901e-05
223	0.53414	0.46584	1.0892e-05	9.7899e-06
224	0.53403	0.46595	1.0945e-05	9.8328e-06
225	0.53322	0.46675	1.0977e-05	9.8909e-06
226	0.42394	0.57604	8.7592e-06	1.2202e-05
227	0.31265	0.68733	6.4611e-06	1.4589e-05
228	0.26802	0.73195	5.5572e-06	1.5584e-05
229	0.21157	0.78841	4.388e-06	1.6841e-05
230	0.19315	0.80682	4.0114e-06	1.7301e-05
231	0.19204	0.80794	3.9974e-06	1.7394e-05
232	0.16816	0.83182	3.4993e-06	1.7974e-05
233	0.15987	0.84011	3.3348e-06	1.8222e-05
234	0.16169	0.83829	3.3879e-06	1.8255e-05
235	0.17796	0.82202	3.7478e-06	1.7977e-05
236	0.21834	0.78164	4.6346e-06	1.7174e-05
237	0.31881	0.68117	6.8502e-06	1.5045e-05
238	0.24448	0.7555	5.2714e-06	1.6713e-05
239	0.22255	0.77743	4.8127e-06	1.7256e-05
240	0.21586	0.78412	4.6879e-06	1.7468e-05
241	0.20866	0.79131	4.5474e-06	1.7691e-05
242	0.21167	0.7883	4.6346e-06	1.7688e-05
243	0.23166	0.76832	5.0975e-06	1.7306e-05
244	0.29999	0.69999	6.6331e-06	1.5847e-05
245	0.45845	0.54152	1.0218e-05	1.2341e-05
246	0.84776	0.15221	1.911e-05	3.5305e-06
247	0.85289	0.14709	1.9302e-05	3.4254e-06
248	0.87611	0.12386	1.9904e-05	2.9047e-06
249	0.93201	0.067963	2.1277e-05	1.6176e-06
250	0.946	0.053975	2.1674e-05	1.2999e-06
251	0.93651	0.063465	2.1528e-05	1.5305e-06
252	0.93543	0.064542	2.1585e-05	1.5619e-06
253	0.94334	0.056637	2.1849e-05	1.3823e-06
254	0.92498	0.074996	2.1491e-05	1.8273e-06
255	0.91939	0.080584	2.1444e-05	1.9676e-06
256	0.91394	0.086035	2.1391e-05	2.1073e-06
257	0.9161	0.083878	2.1526e-05	2.0637e-06
258	0.92746	0.072519	2.1889e-05	1.7957e-06
259	0.92574	0.074237	2.1943e-05	1.8423e-06
260	0.93122	0.068756	2.2178e-05	1.7122e-06
261	0.94796	0.05202	2.2701e-05	1.2988e-06
262	0.95044	0.049538	2.2863e-05	1.2401e-06
263	0.96158	0.038398	2.3249e-05	9.6285e-07
264	0.99984	0.00013316	2.431e-05	3.3917e-09
265	0.99887	0.0011098	2.4394e-05	2.7343e-08
266	0.99921	0.00076774	2.4514e-05	1.8873e-08
267	0.99995	2.6324e-05	2.4638e-05	6.5451e-10
268	0.9999	7.9264e-05	2.4748e-05	1.9625e-09
269	0.99934	0.00063939	2.4838e-05	1.6024e-08
270	0.99991	6.9503e-05	2.4962e-05	1.753e-09
271	0.99937	0.00060943	2.5052e-05	1.5502e-08
272	0.999	0.00097399	2.5152e-05	2.4827e-08
273	0.99996	1.0204e-05	2.5292e-05	2.6325e-10
274	0.99989	8.2678e-05	2.541e-05	2.1187e-09
275	0.99899	0.00098485	2.5513e-05	2.5144e-08
276	0.99967	0.00030865	2.5649e-05	8.0754e-09
277	0.89596	0.10401	2.3061e-05	2.7225e-06
278	0.86026	0.13972	2.2222e-05	3.6807e-06
279	0.84973	0.15024	2.2036e-05	3.9813e-06
280	0.83383	0.16614	2.1711e-05	4.4251e-06
281	0.76731	0.23266	2.0011e-05	6.2384e-06
282	0.74154	0.25843	1.9408e-05	6.9595e-06
283	0.71545	0.28452	1.878e-05	7.7002e-06
284	0.70729	0.29269	1.8638e-05	7.958e-06
285	0.69342	0.30656	1.8348e-05	8.3692e-06
286	0.67308	0.3269	1.7888e-05	8.9549e-06
287	0.65168	0.34829	1.7384e-05	9.578e-06
288	0.64738	0.3526	1.7349e-05	9.7373e-06
289	0.64105	0.35892	1.7251e-05	9.9545e-06
290	0.65044	0.34953	1.7575e-05	9.7438e-06
291	0.68682	0.31316	1.8629e-05	8.7993e-06
292	0.63588	0.36409	1.7249e-05	1.0282e-05
293	0.6172	0.38277	1.6785e-05	1.0855e-05
294	0.61375	0.38622	1.6751e-05	1.1e-05
295	0.57507	0.42491	1.5735e-05	1.2133e-05
296	0.53052	0.46945	1.4533e-05	1.3446e-05
297	0.51345	0.48652	1.411e-05	1.3986e-05
298	0.42465	0.57532	1.1668e-05	1.6547e-05
299	0.3872	0.61277	1.0668e-05	1.767e-05
300	0.37459	0.62538	1.0366e-05	1.8098e-05
301	0.32159	0.67839	8.9107e-06	1.9676e-05
302	0.30167	0.6983	8.3905e-06	2.0322e-05
303	0.29681	0.70316	8.2975e-06	2.0543e-05
304	0.30435	0.69562	8.5653e-06	2.0408e-05
305	0.33555	0.66442	9.5217e-06	1.958e-05
306	0.41003	0.58994	1.1779e-05	1.7454e-05
307	0.64915	0.35082	1.8914e-05	1.0446e-05
308	0.81741	0.18256	2.4043e-05	5.4479e-06
309	0.9816	0.018371	2.9053e-05	5.6245e-07
310	0.97929	0.020676	2.9112e-05	6.3451e-07
311	0.98131	0.018657	2.9309e-05	5.7509e-07
312	0.9908	0.009166	2.9727e-05	2.884e-07
313	0.99244	0.0075333	2.9914e-05	2.3946e-07
314	0.99343	0.0065366	3.0108e-05	2.0722e-07
315	0.99961	0.00035982	3.0459e-05	1.169e-08
316	0.93571	0.064258	2.8636e-05	1.9967e-06
317	0.91404	0.085933	2.8099e-05	2.6886e-06
318	0.90633	0.093634	2.8005e-05	2.9448e-06
319	0.90691	0.093059	2.8175e-05	2.9419e-06
320	0.91905	0.080916	2.8701e-05	2.5767e-06
321	0.95193	0.048043	2.99e-05	1.545e-06
322	0.96083	0.039135	3.0355e-05	1.2653e-06
323	0.96689	0.03308	3.0728e-05	1.0732e-06
324	0.98981	0.010153	3.1644e-05	3.3126e-07
325	0.99013	0.009836	3.1835e-05	3.2108e-07
326	0.9949	0.0050706	3.2165e-05	1.6569e-07
327	0.99996	1.2352e-05	3.2498e-05	4.0444e-10
328	0.99735	0.0026142	3.2588e-05	8.4455e-08
329	0.99728	0.0026879	3.2753e-05	8.7265e-08
330	0.99996	1.0823e-05	3.3e-05	3.1233e-10
331	0.99849	0.0014725	3.3111e-05	4.2583e-08
332	0.97786	0.022104	3.3221e-05	7.3966e-07
333	0.97021	0.029753	3.3766e-05	1.0191e-06
334	0.96972	0.030244	3.4539e-05	1.06e-06
335	0.9758	0.024168	3.5538e-05	8.6524e-07
336	0.99814	0.0018265	3.713e-05	6.67e-08
337	0.99566	0.0043065	3.7844e-05	1.6136e-07
338	0.99597	0.0039923	3.8651e-05	1.5275e-07
339	0.9999	6.1981e-05	3.9589e-05	2.4088e-09
340	0.99973	0.00023298	4.0358e-05	9.4065e-09
341	0.99909	0.00087364	4.1123e-05	3.5753e-08
342	0.99996	1.1207e-06	4.1939e-05	4.7172e-11
343	0.99898	0.00097828	4.2694e-05	4.1789e-08
344	0.99841	0.0015425	4.3454e-05	6.7456e-08
345	0.99937	0.00058148	4.4298e-05	2.5852e-08
346	0.99842	0.0015331	4.5048e-05	6.9532e-08
347	0.99739	0.002569	4.5808e-05	1.1812e-07
348	0.99842	0.0015315	4.6652e-05	7.1906e-08
349	0.99596	0.0039878	4.7321e-05	1.9158e-07
350	0.99596	0.0039948	4.8123e-05	1.9519e-07
351	0.99839	0.0015585	4.9064e-05	7.7098e-08
352	0.99302	0.0069317	4.9606e-05	3.4725e-07
353	0.99241	0.0075397	5.0369e-05	3.8471e-07
354	0.99471	0.0052398	5.13e-05	2.7178e-07
355	0.99368	0.0062701	5.2047e-05	3.31e-07
356	0.99526	0.0046912	5.2951e-05	2.5158e-07
357	0.9972	0.0027495	5.3864e-05	1.5094e-07
358	0.99688	0.0030613	5.4676e-05	1.7067e-07
359	0.9985	0.0014427	5.5612e-05	8.1927e-08
360	0.99991	2.8465e-05	5.6558e-05	1.6637e-09
361	0.99956	0.00037961	5.7421e-05	2.2138e-08
362	0.99948	0.0004594	5.8319e-05	2.7191e-08
363	0.99872	0.0012211	5.9197e-05	7.2796e-08
364	0.99835	0.001585	6.0085e-05	9.6345e-08
365	0.99797	0.0019728	6.0989e-05	1.2162e-07
366	0.99755	0.0023835	6.191e-05	1.485e-07
367	0.99755	0.0023852	6.2843e-05	1.51e-07
368	0.99957	0.00036751	6.3928e-05	2.3006e-08
369	0.99951	0.00042087	6.4785e-05	2.7294e-08
370	0.99725	0.0026884	6.5518e-05	1.7722e-07
371	0.99715	0.0027866	6.6413e-05	1.8555e-07
372	0.99982	0.00011584	6.7481e-05	7.9446e-09
373	0.99971	0.00021889	6.8384e-05	1.5288e-08
374	0.99749	0.0024437	6.9158e-05	1.7167e-07
375	0.99534	0.004593	6.992e-05	3.2838e-07
376	0.99551	0.0044214	7.0865e-05	3.2107e-07
377	0.99884	0.0010887	7.2027e-05	8.577e-08
378	0.99952	0.00040467	7.302e-05	3.8501e-08
379	0.99955	0.0003761	7.3979e-05	4.5329e-08
380	0.99894	0.00098176	7.3976e-05	8.5551e-08
381	0.99993	1.1065e-07	7.4091e-05	9.44e-12
382	0.99886	0.0010691	7.4051e-05	7.9144e-08
383	0.99801	0.0019153	7.402e-05	1.4245e-07
384	0.9988	0.0011265	7.4121e-05	8.3466e-08
385	0.99983	9.2548e-05	7.4232e-05	6.8226e-09
386	0.99992	7.4348e-06	7.4265e-05	5.5004e-10
387	0.99992	3.6825e-06	7.4283e-05	3.5862e-10
388	0.9987	0.0012251	7.4167e-05	1.2553e-07
389	0.99742	0.0025024	7.4046e-05	2.6599e-07
390	0.99798	0.0019415	7.4101e-05	2.4207e-07
391	0.98133	0.018597	7.2008e-05	1.4874e-06
392	0.96426	0.035666	6.989e-05	2.7448e-06
393	0.95796	0.041967	6.8618e-05	3.1745e-06
394	0.93123	0.068701	6.5909e-05	5.0594e-06
395	0.92165	0.078278	6.4488e-05	5.6749e-06
396	0.92217	0.077764	6.3776e-05	5.5713e-06
397	0.908	0.091933	6.207e-05	6.48e-06
398	0.89185	0.10808	6.0235e-05	7.5083e-06
399	0.88738	0.11255	5.9235e-05	7.717e-06
400	0.8948	0.10513	5.9021e-05	7.1284e-06
401	0.91792	0.082011	5.9864e-05	5.5008e-06
402	0.97311	0.026825	6.2827e-05	1.7701e-06
403	0.96989	0.030047	6.1861e-05	1.953e-06
404	0.97179	0.028142	6.1246e-05	1.8027e-06
405	0.98335	0.016593	6.1223e-05	1.0487e-06
406	0.9861	0.013837	6.0619e-05	8.642e-07
407	0.99464	0.0052996	6.0385e-05	3.2596e-07
408	0.99667	0.0032663	5.973e-05	1.9851e-07
409	0.99391	0.0060299	5.8773e-05	3.6145e-07
410	0.99399	0.0059553	5.8006e-05	3.5201e-07
411	0.99675	0.0031957	5.7412e-05	1.856e-07
412	0.99987	7.3837e-05	5.6822e-05	4.2643e-09
413	0.99992	2.6882e-05	5.6069e-05	1.5273e-09
414	0.99695	0.0029915	5.5166e-05	1.6573e-07
415	0.95326	0.046688	5.2076e-05	2.5331e-06
416	0.94044	0.059504	5.0686e-05	3.1895e-06
417	0.93927	0.060676	4.9919e-05	3.2113e-06
418	0.93581	0.064133	4.9052e-05	3.3483e-06
419	0.93897	0.06098	4.8548e-05	3.1366e-06
420	0.95427	0.045674	4.8647e-05	2.3129e-06
421	0.9563	0.043651	4.8046e-05	2.1794e-06
422	0.96809	0.031865	4.7909e-05	1.5718e-06
423	0.9988	0.0011484	4.8697e-05	5.6349e-08
424	0.98465	0.015302	4.7303e-05	7.3694e-07
425	0.97925	0.020703	4.6361e-05	9.8002e-07
426	0.9786	0.02135	4.5664e-05	9.9301e-07
427	0.97755	0.022407	4.4938e-05	1.025e-06
428	0.98196	0.017993	4.445e-05	8.0934e-07
429	0.99898	0.00097261	4.4501e-05	4.384e-08
430	0.99756	0.0024009	4.374e-05	1.066e-07
431	0.97886	0.021092	4.2212e-05	9.2635e-07
432	0.97203	0.027925	4.1241e-05	1.2048e-06
433	0.94806	0.051902	3.9538e-05	2.2043e-06
434	0.91468	0.085278	3.75e-05	3.5526e-06
435	0.90236	0.097595	3.6386e-05	3.9921e-06
436	0.70013	0.29983	2.7805e-05	1.191e-05
437	0.62977	0.37019	2.4589e-05	1.4456e-05
438	0.60693	0.39304	2.3279e-05	1.5089e-05
439	0.25643	0.74353	9.6952e-06	2.8007e-05
440	0.13347	0.8665	4.9537e-06	3.2078e-05
441	0.095247	0.90472	3.4584e-06	3.2896e-05
442	0.080408	0.91956	2.8641e-06	3.2822e-05
443	0.077463	0.9225	2.704e-06	3.2309e-05
444	0.082883	0.91708	2.8316e-06	3.1504e-05
445	0.076972	0.92299	2.5681e-06	3.1084e-05
446	0.078257	0.92171	2.554e-06	3.0423e-05
447	0.087081	0.91289	2.7827e-06	2.9527e-05
448	0.0695	0.93047	2.1616e-06	2.9475e-05
449	0.063628	0.93634	1.9325e-06	2.9039e-05
450	0.066364	0.93361	1.9677e-06	2.8334e-05
451	0.055463	0.94451	1.6006e-06	2.8039e-05
452	0.053743	0.94623	1.5107e-06	2.7462e-05
453	0.057417	0.94255	1.5754e-06	2.6737e-05
454	0.058097	0.94188	1.5558e-06	2.6103e-05
455	0.065056	0.93492	1.7045e-06	2.5308e-05
456	0.069075	0.9309	1.7702e-06	2.4603e-05
457	0.082009	0.91796	2.0622e-06	2.3678e-05
458	0.090164	0.90981	2.2214e-06	2.2893e-05
459	0.12065	0.87933	2.9156e-06	2.1568e-05
460	0.15026	0.84972	3.5437e-06	2.0304e-05
461	0.21972	0.78026	5.0714e-06	1.8147e-05
462	0.39075	0.60922	8.8557e-06	1.3741e-05
463	0.43532	0.56466	9.5989e-06	1.2371e-05
464	0.56501	0.43497	1.2096e-05	9.2405e-06
465	0.97952	0.020463	2.0272e-05	4.2446e-07
466	0.98101	0.018968	1.9687e-05	3.8128e-07
467	0.98941	0.010567	1.9225e-05	2.0642e-07
468	0.99604	0.0039415	1.8733e-05	7.4379e-08
469	0.99554	0.0044397	1.8093e-05	8.1055e-08
470	0.99739	0.0025949	1.7507e-05	4.5573e-08
471	0.99962	0.00036265	1.6916e-05	6.1495e-09
472	0.99962	0.00036666	1.6297e-05	5.9208e-09
473	0.99901	0.00097763	1.5679e-05	1.4954e-08
474	0.99985	0.00013464	1.5076e-05	1.5866e-09
475	0.99982	0.00016369	1.5047e-05	2.3352e-09
476	0.99957	0.00041949	1.5018e-05	6.2613e-09
477	0.99958	0.00040472	1.4997e-05	6.0307e-09
478	0.99993	5.0101e-05	1.4976e-05	7.5846e-10
479	0.99939	0.00059272	1.4945e-05	8.9457e-09
480	0.99995	3.1011e-05	1.4934e-05	4.7194e-10
481	0.99655	0.0034374	1.4857e-05	5.228e-08
482	0.99579	0.004193	1.4824e-05	6.3669e-08
483	0.99713	0.0028567	1.4826e-05	4.3446e-08
484	0.9588	0.041184	1.4223e-05	6.2276e-07
485	0.78741	0.21258	1.1637e-05	3.1875e-06
486	0.71814	0.28184	1.0596e-05	4.2103e-06
487	0.40051	0.59948	5.9177e-06	8.8729e-06
488	0.30123	0.69876	4.4427e-06	1.0328e-05
489	0.25889	0.74109	3.8178e-06	1.0934e-05
490	0.097375	0.90261	1.4365e-06	1.3293e-05
491	0.046788	0.9532	6.8609e-07	1.4017e-05
492	0.026276	0.97371	3.8485e-07	1.4293e-05
493	0.020331	0.97965	2.9655e-07	1.4352e-05
494	0.01865	0.98134	2.7159e-07	1.4349e-05
495	0.02026	0.97973	2.9525e-07	1.4298e-05
496	0.014853	0.98513	2.1635e-07	1.4346e-05
497	0.014373	0.98561	2.0875e-07	1.432e-05
498	0.018101	0.98188	2.6148e-07	1.4229e-05
499	0.014708	0.98528	2.1179e-07	1.4242e-05
500	0.015463	0.98452	2.216e-07	1.4191e-05
501	0.019445	0.98054	2.7805e-07	1.4095e-05
502	0.032205	0.96778	4.5828e-07	1.3871e-05
503	0.06904	0.93095	9.747e-07	1.3308e-05
504	0.15952	0.84047	2.2507e-06	1.1986e-05
505	0.18188	0.81811	2.5553e-06	1.1632e-05
506	0.23555	0.76444	3.3011e-06	1.0837e-05
507	0.3897	0.61029	5.4349e-06	8.6513e-06
508	0.50677	0.49322	7.0534e-06	6.9823e-06
509	0.79488	0.2051	1.1081e-05	2.9065e-06
510	0.99757	0.0024125	1.3908e-05	3.372e-08
511	0.99686	0.0031252	1.3846e-05	4.3402e-08
512	0.99844	0.0015501	1.3811e-05	2.1501e-08
513	0.99828	0.0017028	1.3756e-05	2.3451e-08
514	0.99602	0.0039657	1.3665e-05	5.4504e-08
515	0.99614	0.0038488	1.3611e-05	5.2515e-08
516	0.99961	0.00037482	1.3596e-05	5.0763e-09
517	0.99686	0.0031218	1.3492e-05	4.2379e-08
518	0.99644	0.0035433	1.3422e-05	4.7734e-08
519	0.99884	0.0011438	1.3385e-05	1.5404e-08
520	0.9853	0.014692	1.3125e-05	1.9854e-07
521	0.9814	0.018582	1.2993e-05	2.5032e-07
522	0.97762	0.022367	1.2856e-05	3.0062e-07
523	0.90996	0.090031	1.1869e-05	1.2042e-06
524	0.88709	0.1129	1.1481e-05	1.5028e-06
525	0.87915	0.12084	1.1299e-05	1.5988e-06
526	0.86685	0.13313	1.1066e-05	1.7488e-06
527	0.86514	0.13485	1.0974e-05	1.7596e-06
528	0.87352	0.12647	1.1015e-05	1.6397e-06
529	0.86943	0.13056	1.0891e-05	1.6805e-06
530	0.8651	0.13489	1.0759e-05	1.7243e-06
531	0.87047	0.12951	1.0752e-05	1.6448e-06
532	0.86056	0.13943	1.0549e-05	1.7571e-06
533	0.86058	0.1394	1.0475e-05	1.7438e-06
534	0.87382	0.12617	1.0556e-05	1.5695e-06
535	0.85215	0.14784	1.0215e-05	1.8205e-06
536	0.84777	0.15222	1.008e-05	1.8598e-06
537	0.85283	0.14716	1.0063e-05	1.7845e-06
538	0.85754	0.14245	1.0035e-05	1.7149e-06
539	0.87504	0.12494	1.016e-05	1.4944e-06
540	0.9183	0.08169	1.0589e-05	9.7215e-07
541	0.94906	0.050928	1.0869e-05	6.0155e-07
542	0.93415	0.065842	1.0617e-05	7.6488e-07
543	0.9301	0.069892	1.0493e-05	8.0252e-07
544	0.68354	0.31645	7.6736e-06	3.5316e-06
545	0.60681	0.39318	6.7585e-06	4.3511e-06
546	0.5816	0.41839	6.4191e-06	4.5906e-06
547	0.27636	0.72363	2.9964e-06	7.9089e-06
548	0.15207	0.84792	1.6235e-06	9.1786e-06
549	0.10165	0.89834	1.0725e-06	9.6274e-06
550	0.034674	0.96532	3.6362e-07	1.0235e-05
551	0.013698	0.98629	1.4181e-07	1.0352e-05
552	0.0072328	0.99276	7.3236e-08	1.0312e-05
553	0.0047584	0.99523	4.7231e-08	1.023e-05
554	0.0041431	0.99585	4.0547e-08	1.013e-05
555	0.0054482	0.99454	5.2649e-08	1.0007e-05
556	0.005553	0.99444	5.2874e-08	9.8964e-06
557	0.0074276	0.99256	7.0177e-08	9.7694e-06
558	0.012687	0.9873	1.1954e-07	9.6108e-06
559	0.016042	0.98395	1.5012e-07	9.4715e-06
560	0.025304	0.97469	2.3623e-07	9.2773e-06
561	0.04845	0.95154	4.5232e-07	8.9536e-06
562	0.10196	0.89803	9.5107e-07	8.3475e-06
563	0.27277	0.72722	2.518e-06	6.6696e-06
564	0.75927	0.24072	6.8993e-06	2.1736e-06
565	0.75225	0.24774	6.7452e-06	2.2086e-06
566	0.75648	0.24352	6.6946e-06	2.1417e-06
567	0.78344	0.21655	6.8357e-06	1.8784e-06
568	0.76357	0.23642	6.5724e-06	2.0216e-06
569	0.76131	0.23868	6.4581e-06	2.0113e-06
570	0.77144	0.22856	6.4506e-06	1.8963e-06
571	0.38446	0.61553	3.1876e-06	5.0323e-06
572	0.26331	0.73668	2.1554e-06	5.9335e-06
573	0.22615	0.77384	1.8213e-06	6.1326e-06
574	0.093785	0.90621	7.3892e-07	7.0761e-06
575	0.036365	0.96363	2.818e-07	7.3948e-06
576	0.016251	0.98374	1.2297e-07	7.4117e-06
577	0.0081019	0.99189	6.014e-08	7.3332e-06
578	0.0054603	0.99453	3.9552e-08	7.209e-06
579	0.0046929	0.9953	3.3278e-08	7.0707e-06
580	0.0033628	0.99663	2.318e-08	6.9328e-06
581	0.0032924	0.9967	2.2159e-08	6.7861e-06
582	0.0044209	0.99557	2.9198e-08	6.6318e-06
583	0.0049914	0.995	3.2151e-08	6.4781e-06
584	0.0045676	0.99543	2.8753e-08	6.3311e-06
585	0.0054335	0.99456	3.3554e-08	6.1759e-06
586	0.0025158	0.99748	1.5116e-08	6.0406e-06
587	0.0017916	0.9982	1.0388e-08	5.8881e-06
588	0.0017486	0.99825	9.8235e-09	5.7315e-06
589	0.002355	0.99764	1.2889e-08	5.5713e-06
590	0.0040593	0.99594	2.1726e-08	5.4054e-06
591	0.0098885	0.99011	5.1329e-08	5.2152e-06
592	0.0049591	0.99504	2.4797e-08	5.0815e-06
593	0.0028876	0.99711	1.394e-08	4.932e-06
594	0.0021416	0.99785	1.0029e-08	4.7755e-06
595	0.002169	0.99783	9.9098e-09	4.6151e-06
596	0.0033802	0.99662	1.4984e-08	4.4462e-06
597	0.007751	0.99224	3.3059e-08	4.261e-06
598	0.010227	0.98977	4.2025e-08	4.0848e-06
599	0.016607	0.98339	6.5882e-08	3.8935e-06
600	0.032615	0.96738	1.251e-07	3.667e-06
601	0.078462	0.92153	2.8801e-07	3.3335e-06
602	0.20912	0.79087	7.2885e-07	2.7187e-06
603	0.62567	0.37433	2.0568e-06	1.2131e-06
604	0.63233	0.36766	1.9629e-06	1.1249e-06
605	0.66679	0.33321	1.9431e-06	9.5835e-07
606	0.74899	0.25101	2.0418e-06	6.7427e-07
607	0.77124	0.22876	1.9547e-06	5.7149e-07
608	0.79334	0.20665	1.8546e-06	4.7712e-07
609	0.85109	0.14891	1.8239e-06	3.1502e-07
610	0.86463	0.13537	1.6815e-06	2.6018e-07
611	0.89949	0.10051	1.5724e-06	1.7329e-07
612	0.98671	0.01329	1.5335e-06	1.792e-08
613	0.99313	0.0068667	1.3525e-06	6.3791e-09
614	0.99983	0.00016918	1.3833e-06	1.6709e-10
615	0.99994	6.3112e-05	1.407e-06	8.0592e-11
616	0.99966	0.0003435	1.4291e-06	4.9574e-10
617	0.99871	0.0012888	1.4493e-06	1.8976e-09
618	0.99914	0.00086331	1.4705e-06	1.2963e-09
619	0.96532	0.034677	1.4392e-06	5.2108e-08
620	0.95226	0.047734	1.4377e-06	7.2428e-08
621	0.95053	0.049473	1.4493e-06	7.5854e-08
622	0.34776	0.65224	5.3732e-07	1.002e-06
623	0.13614	0.86386	2.1196e-07	1.3383e-06
624	0.061888	0.93811	9.6223e-08	1.4619e-06
625	0.029718	0.97028	4.6216e-08	1.5181e-06
626	0.016709	0.98329	2.6106e-08	1.5428e-06
627	0.012518	0.98748	1.9554e-08	1.5509e-06
628	0.01212	0.98788	1.8865e-08	1.5501e-06
629	0.014151	0.98585	2.1989e-08	1.5437e-06
630	0.020113	0.97989	3.1275e-08	1.5295e-06
631	0.040156	0.95984	6.2118e-08	1.4907e-06
632	0.089474	0.91052	1.3825e-07	1.405e-06
633	0.23008	0.76992	3.521e-07	1.1785e-06
634	0.63057	0.36943	9.5073e-07	5.6401e-07
635	0.72065	0.27935	1.0749e-06	4.2271e-07
636	0.94292	0.057075	1.3938e-06	8.5741e-08
637	0.94534	0.054662	1.4005e-06	8.2051e-08
638	0.9587	0.041301	1.4202e-06	6.183e-08
639	0.99903	0.00097132	1.4765e-06	1.4607e-09
640	0.9998	0.00019387	1.4727e-06	2.8823e-10
641	0.99833	0.0016665	1.462e-06	2.4463e-09
642	0.99683	0.0031708	1.4476e-06	4.6376e-09
643	0.99781	0.0021866	1.4332e-06	3.2078e-09
644	0.99693	0.0030722	1.4152e-06	4.4728e-09
645	0.998	0.0020032	1.3991e-06	2.9155e-09
646	0.95598	0.044018	1.321e-06	6.2351e-08
647	0.93845	0.061551	1.2779e-06	8.5788e-08
648	0.93521	0.064792	1.2513e-06	8.8936e-08
649	0.86166	0.13834	1.1299e-06	1.8587e-07
650	0.83064	0.16936	1.0674e-06	2.2275e-07
651	0.82387	0.17613	1.0342e-06	2.2667e-07
652	0.78133	0.21867	9.5622e-07	2.7425e-07
653	0.76871	0.23129	9.1421e-07	2.824e-07
654	0.76823	0.23177	8.8661e-07	2.749e-07
655	0.74259	0.25741	8.2996e-07	2.9533e-07
656	0.73758	0.26241	7.9502e-07	2.9065e-07
657	0.74398	0.25602	7.7175e-07	2.7301e-07
658	0.74678	0.25322	7.4369e-07	2.5901e-07
659	0.768	0.232	7.3041e-07	2.2681e-07
660	0.82045	0.17955	7.4334e-07	1.6713e-07
661	0.83361	0.16639	7.1357e-07	1.4656e-07
662	0.87045	0.12955	7.0118e-07	1.0749e-07
663	0.95713	0.04287	7.2265e-07	3.3306e-08
664	0.95462	0.045379	6.6958e-07	3.2597e-08
665	0.95933	0.040672	6.1812e-07	2.6799e-08
666	0.9769	0.023103	5.7031e-07	1.386e-08
667	0.9799	0.020102	5.1145e-07	1.0778e-08
668	0.98228	0.017721	4.5073e-07	8.3236e-09
669	0.99248	0.0075206	3.8937e-07	3.0276e-09
670	0.99993	6.5986e-05	3.245e-07	1.4277e-11
671	0.99936	0.00063553	3.4404e-07	2.1529e-10
672	0.99992	7.7134e-05	3.6216e-07	2.723e-11
673	0.99716	0.0028443	3.7575e-07	1.0602e-09
674	0.99703	0.0029648	3.8707e-07	1.1389e-09
675	0.99973	0.00026494	3.9622e-07	1.0474e-10
676	0.99906	0.00093657	4.0224e-07	3.7628e-10
677	0.9988	0.0012031	4.0513e-07	4.8979e-10
678	0.99999	4.9529e-06	4.068e-07	1.3108e-12
679	0.99991	8.7924e-05	5.3607e-07	4.7512e-11
680	0.99886	0.0011433	6.6461e-07	7.649e-10
681	0.99915	0.00085211	7.9392e-07	6.7704e-10
682	0.99873	0.0012673	9.185e-07	1.1677e-09
683	0.99833	0.0016661	1.043e-06	1.7351e-09
684	0.99999	1.3482e-05	1.1656e-06	1.6029e-11
685	0.99747	0.0025323	1.2832e-06	3.3106e-09
686	0.99719	0.0028051	1.4038e-06	4.0092e-09
687	0.99893	0.0010666	1.5278e-06	1.6558e-09
688	0.99912	0.00087431	1.6502e-06	1.4481e-09
689	0.99845	0.0015527	1.767e-06	2.7413e-09
690	0.99966	0.00034245	1.883e-06	6.4851e-10
691	0.99996	3.3031e-05	1.9976e-06	6.6945e-11
692	0.99956	0.00043633	2.1111e-06	9.2771e-10
693	0.99798	0.0020135	2.2224e-06	4.4792e-09
694	0.99154	0.0084613	2.3227e-06	1.9633e-08
695	0.9906	0.0093941	2.4306e-06	2.2843e-08
696	0.99259	0.0074112	2.5463e-06	1.8731e-08
697	0.98576	0.014239	2.6348e-06	3.7519e-08
698	0.98473	0.015265	2.7338e-06	4.1797e-08
699	0.98398	0.01602	2.8291e-06	4.5519e-08
700	0.98258	0.01742	2.923e-06	5.1182e-08
701	0.98594	0.014061	3.027e-06	4.2598e-08
702	0.99956	0.00043648	3.1594e-06	1.3673e-09
703	0.9988	0.0011973	3.2487e-06	3.8655e-09
704	0.99959	0.00040256	3.3389e-06	1.3355e-09
705	0.99986	0.00013872	3.4231e-06	4.8416e-10
706	0.99744	0.0025548	3.4981e-06	9.1454e-09
707	0.99713	0.0028619	3.5809e-06	1.0501e-08
708	0.99871	0.0012872	3.671e-06	4.8864e-09
709	0.9972	0.002798	3.7506e-06	1.0751e-08
710	0.99754	0.0024544	3.8378e-06	9.6345e-09
711	0.99999	2.5681e-06	3.9339e-06	1.0395e-11
712	0.98717	0.012827	3.9697e-06	5.17e-08
713	0.9729	0.0271	3.9927e-06	1.1187e-07
714	0.96818	0.031813	4.0548e-06	1.3386e-07
715	0.89823	0.10176	3.8318e-06	4.3677e-07
716	0.87054	0.12945	3.7842e-06	5.65e-07
717	0.8632	0.13679	3.8181e-06	6.0762e-07
718	0.85576	0.14424	3.8463e-06	6.5173e-07
719	0.85781	0.14219	3.9178e-06	6.5291e-07
720	0.87192	0.12807	4.0472e-06	5.9696e-07
721	0.78827	0.21173	3.7127e-06	1.0006e-06
722	0.76013	0.23986	3.6283e-06	1.15e-06
723	0.75535	0.24464	3.6501e-06	1.189e-06
724	0.72451	0.27548	3.5378e-06	1.3581e-06
725	0.71486	0.28514	3.53e-06	1.423e-06
726	0.71807	0.28192	3.5871e-06	1.4237e-06
727	0.74364	0.25635	3.7536e-06	1.3108e-06
728	0.8058	0.19419	4.1119e-06	1.0064e-06
729	0.95053	0.049463	4.9106e-06	2.6207e-07
730	0.94947	0.050524	4.9574e-06	2.7026e-07
731	0.95644	0.043558	5.0426e-06	2.3584e-07
732	0.97522	0.024779	5.1935e-06	1.3644e-07
733	0.97936	0.020631	5.2675e-06	1.148e-07
734	0.97786	0.022136	5.3063e-06	1.2414e-07
735	0.98086	0.019138	5.3712e-06	1.0838e-07
736	0.97783	0.022161	5.4039e-06	1.2594e-07
737	0.8287	0.1713	4.6271e-06	9.5426e-07
738	0.76852	0.23147	4.337e-06	1.2968e-06
739	0.55154	0.44845	3.1526e-06	2.5296e-06
740	0.48418	0.51581	2.7924e-06	2.9342e-06
741	0.46533	0.53466	2.7026e-06	3.0645e-06
742	0.43705	0.56294	2.5581e-06	3.2495e-06
743	0.43154	0.56846	2.5419e-06	3.3026e-06
744	0.4443	0.5557	2.63e-06	3.2475e-06
745	0.43757	0.56243	2.6012e-06	3.3055e-06
746	0.44439	0.5556	2.6539e-06	3.2822e-06
747	0.47064	0.52935	2.8246e-06	3.1412e-06
748	0.47261	0.52738	2.8482e-06	3.1434e-06
749	0.4974	0.50259	3.0056e-06	3.0079e-06
750	0.56238	0.43762	3.4085e-06	2.6273e-06
751	0.77184	0.22815	4.6772e-06	1.3769e-06
752	0.81825	0.18174	4.9742e-06	1.099e-06
753	0.96866	0.03133	5.8967e-06	1.9119e-07
754	0.96944	0.030552	5.9165e-06	1.8689e-07
755	0.97769	0.022308	5.9776e-06	1.3709e-07
756	0.99837	0.0016212	6.1167e-06	1.0115e-08
757	0.9983	0.0016914	6.1295e-06	1.0559e-08
758	0.99987	0.00012612	6.1534e-06	7.9346e-10
759	0.99998	9.2465e-06	6.1691e-06	5.8076e-11
760	0.99993	6.2959e-05	6.1849e-06	3.9268e-10
761	0.9999	8.9167e-05	6.2018e-06	5.539e-10
762	0.99933	0.00066096	6.2115e-06	4.1297e-09
763	0.99764	0.0023571	6.2094e-06	1.4852e-08
764	0.99776	0.0022373	6.2197e-06	1.4133e-08
765	0.99993	6.7372e-05	6.2442e-06	4.2959e-10
766	0.99919	0.00080318	6.2516e-06	5.0368e-09
767	0.99874	0.0012561	6.2563e-06	7.9252e-09
768	0.99964	0.00035547	6.2705e-06	2.2553e-09
769	0.99981	0.0001794	6.2811e-06	1.1305e-09
770	0.99902	0.00097108	6.2812e-06	6.1252e-09
771	0.99832	0.0016727	6.2831e-06	1.0497e-08
772	0.99799	0.0020009	6.2828e-06	1.2574e-08
773	0.9993	0.00069397	6.2937e-06	4.2778e-09
774	0.99959	0.00039953	6.2792e-06	2.5218e-09
775	0.99792	0.002071	6.2531e-06	1.3206e-08
776	0.99594	0.0040549	6.226e-06	2.5753e-08
777	0.99627	0.0037277	6.2149e-06	2.3613e-08
778	0.99458	0.0054139	6.1864e-06	3.4224e-08
779	0.99524	0.0047586	6.1736e-06	3.003e-08
780	0.99872	0.0012771	6.1794e-06	8.0695e-09
781	0.99582	0.0041774	6.1467e-06	2.5899e-08
782	0.99321	0.0067877	6.1111e-06	4.1974e-08
783	0.99333	0.0066608	6.0934e-06	4.0989e-08
784	0.99351	0.0064856	6.0714e-06	3.9797e-08
785	0.99651	0.0034837	6.0677e-06	2.1216e-08
786	0.99988	0.00011261	6.0613e-06	6.8748e-10
787	0.999	0.00099161	6.03e-06	5.9842e-09
788	0.99853	0.0014644	5.9965e-06	8.8367e-09
789	0.99957	0.00042575	5.9733e-06	2.5492e-09
790	0.99666	0.0033371	5.9222e-06	1.9901e-08
791	0.99654	0.0034495	5.8835e-06	2.0528e-08
792	0.99853	0.0014641	5.8581e-06	8.7219e-09
793	0.99721	0.002789	5.8087e-06	1.6575e-08
794	0.9977	0.0022988	5.771e-06	1.3645e-08
795	0.9962	0.003796	5.7225e-06	2.2284e-08
796	0.97119	0.028799	5.5329e-06	1.6773e-07
797	0.9611	0.038895	5.4328e-06	2.2443e-07
798	0.95884	0.041159	5.3794e-06	2.3545e-07
799	0.96437	0.035628	5.3654e-06	2.0266e-07
800	0.9679	0.032092	5.3408e-06	1.8119e-07
801	0.98002	0.019976	5.365e-06	1.1195e-07
802	0.98942	0.010577	5.3745e-06	5.8438e-08
803	0.98745	0.012548	5.3163e-06	6.8347e-08
804	0.98994	0.010052	5.2776e-06	5.4212e-08
805	0.98082	0.019172	5.1783e-06	1.0153e-07
806	0.979	0.020995	5.1136e-06	1.0995e-07
807	0.98124	0.018751	5.071e-06	9.6928e-08
808	0.98237	0.017621	5.0233e-06	8.9709e-08
809	0.97812	0.021871	4.9442e-06	1.097e-07
810	0.97976	0.020233	4.8902e-06	1.0005e-07
811	0.98975	0.010248	4.8723e-06	4.9837e-08
812	0.9994	0.00059046	4.8467e-06	2.8662e-09
813	0.99921	0.00078384	4.7739e-06	3.7695e-09
814	0.99431	0.0056856	4.6744e-06	2.7126e-08
815	0.9935	0.0064907	4.5906e-06	3.0604e-08
816	0.99538	0.0046159	4.5202e-06	2.1594e-08
817	0.99027	0.009728	4.4189e-06	4.4503e-08
818	0.9891	0.010894	4.3368e-06	4.8924e-08
819	0.99102	0.0089781	4.269e-06	3.9627e-08
820	0.98882	0.011173	4.1843e-06	4.8126e-08
821	0.99047	0.0095284	4.1117e-06	4.028e-08
822	0.99684	0.0031558	4.0594e-06	1.3023e-08
823	0.99639	0.0036015	3.9739e-06	1.4509e-08
824	0.99567	0.0043218	3.888e-06	1.6941e-08
825	0.99722	0.0027761	3.8118e-06	1.0488e-08
826	0.99313	0.0068661	3.7101e-06	2.5135e-08
827	0.99286	0.0071314	3.6185e-06	2.5376e-08
828	0.99555	0.0044423	3.5384e-06	1.5026e-08
829	0.99552	0.0044753	3.4442e-06	1.4514e-08
830	0.99562	0.0043782	3.3463e-06	1.3546e-08
831	0.99831	0.0016906	3.2576e-06	4.1986e-09
832	0.97992	0.020079	3.0974e-06	4.8759e-08
833	0.97319	0.026803	2.9704e-06	6.1102e-08
834	0.97234	0.027656	2.8598e-06	5.7813e-08
835	0.97053	0.02947	2.7484e-06	5.6128e-08
836	0.95969	0.040308	2.844e-06	9.3866e-08
837	0.95707	0.042924	2.9631e-06	1.0915e-07
838	0.90247	0.097524	2.907e-06	2.9537e-07
839	0.87969	0.1203	2.9469e-06	3.864e-07
840	0.87436	0.12563	3.038e-06	4.2201e-07
841	0.84405	0.15594	3.0318e-06	5.5072e-07
842	0.80089	0.19911	2.9707e-06	7.3494e-07
843	0.7403	0.2597	2.8329e-06	9.9654e-07
844	0.71545	0.28455	2.8251e-06	1.1287e-06
845	0.70889	0.2911	2.8878e-06	1.1912e-06
846	0.71498	0.28501	3.0035e-06	1.2016e-06
847	0.74702	0.25297	3.2293e-06	1.0976e-06
848	0.85311	0.14688	3.7856e-06	6.5884e-07
849	0.9282	0.0718	4.2297e-06	3.331e-07
850	0.93116	0.068833	4.3549e-06	3.2765e-07
851	0.94653	0.053463	4.5361e-06	2.6174e-07
852	0.9863	0.013697	4.8443e-06	7.0312e-08
853	0.98383	0.01616	4.9482e-06	8.4701e-08
854	0.98528	0.014715	5.0737e-06	7.9024e-08
855	0.99188	0.0081166	5.2291e-06	4.4993e-08
856	0.98322	0.016773	5.2968e-06	9.4033e-08
857	0.94374	0.056254	5.1904e-06	3.1835e-07
858	0.76503	0.23497	4.2827e-06	1.3453e-06
859	0.51954	0.48045	2.9553e-06	2.7933e-06
860	0.44314	0.55686	2.5608e-06	3.3042e-06
861	0.41338	0.58661	2.4332e-06	3.5492e-06
862	0.40883	0.59116	2.4499e-06	3.6457e-06
863	0.41782	0.58218	2.5508e-06	3.6589e-06
864	0.44807	0.55192	2.7896e-06	3.5348e-06
865	0.54924	0.45076	3.4843e-06	2.9508e-06
866	0.78348	0.21651	5.0779e-06	1.4688e-06
867	0.79968	0.20031	5.2667e-06	1.3868e-06
868	0.70888	0.29111	4.7193e-06	2.0422e-06
869	0.58001	0.41998	3.8897e-06	2.9809e-06
870	0.52492	0.47507	3.5614e-06	3.4192e-06
871	0.44752	0.55247	3.0649e-06	4.0264e-06
872	0.42203	0.57797	2.9242e-06	4.274e-06
873	0.41955	0.58044	2.9443e-06	4.3567e-06
874	0.41652	0.58347	2.9568e-06	4.4431e-06
875	0.42622	0.57377	3.0642e-06	4.4352e-06
876	0.45794	0.54206	3.3386e-06	4.2612e-06
877	0.438	0.56199	3.227e-06	4.4742e-06
878	0.43697	0.56303	3.2564e-06	4.5423e-06
879	0.44924	0.55075	3.3908e-06	4.5061e-06
880	0.43717	0.56283	3.3354e-06	4.6605e-06
881	0.43836	0.56164	3.3862e-06	4.7094e-06
882	0.43711	0.56288	3.4144e-06	4.7771e-06
883	0.43389	0.5661	3.423e-06	4.8605e-06
884	0.42519	0.5748	3.3865e-06	4.9897e-06
885	0.42914	0.57085	3.4563e-06	5.0133e-06
886	0.40533	0.59466	3.2917e-06	5.2722e-06
887	0.39876	0.60124	3.2727e-06	5.3863e-06
888	0.40552	0.59447	3.3697e-06	5.3853e-06
889	0.40641	0.59358	3.4179e-06	5.4341e-06
890	0.40221	0.59778	3.4227e-06	5.527e-06
891	0.39288	0.60711	3.3778e-06	5.6658e-06
892	0.37845	0.62154	3.2874e-06	5.8512e-06
893	0.37763	0.62236	3.3194e-06	5.9151e-06
894	0.38983	0.61016	3.474e-06	5.8572e-06
895	0.39958	0.60041	3.6047e-06	5.8193e-06
896	0.34235	0.65764	3.116e-06	6.4017e-06
897	0.32066	0.67933	2.9502e-06	6.6624e-06
898	0.23928	0.76071	2.2155e-06	7.4879e-06
899	0.20694	0.79305	1.9341e-06	7.8611e-06
900	0.19807	0.80192	1.8686e-06	8.0147e-06
901	0.20205	0.79794	1.9253e-06	8.0426e-06
902	0.20174	0.79825	1.9413e-06	8.1118e-06
903	0.21311	0.78688	2.0762e-06	8.0628e-06
904	0.21954	0.78045	2.164e-06	8.0617e-06
905	0.24668	0.75331	2.4648e-06	7.8438e-06
906	0.33677	0.66322	3.4199e-06	6.9678e-06
907	0.40147	0.59852	4.1302e-06	6.3377e-06
908	0.55197	0.44802	5.776e-06	4.7732e-06
909	0.98139	0.018596	1.0425e-05	2.0176e-07
910	0.96336	0.036628	1.0298e-05	3.9974e-07
911	0.95836	0.041634	1.0307e-05	4.5805e-07
912	0.9591	0.04089	1.0381e-05	4.5342e-07
913	0.95868	0.041308	1.0445e-05	4.6104e-07
914	0.96409	0.035895	1.0577e-05	4.0343e-07
915	0.97934	0.020648	1.0823e-05	2.3325e-07
916	0.93929	0.060695	1.0446e-05	6.8203e-07
917	0.92387	0.076118	1.0343e-05	8.5817e-07
918	0.92107	0.078914	1.0375e-05	8.9486e-07
919	0.92755	0.07244	1.0507e-05	8.2694e-07
920	0.93171	0.06828	1.0617e-05	7.8381e-07
921	0.95191	0.048082	1.0906e-05	5.5668e-07
922	0.9544	0.045585	1.0996e-05	5.3061e-07
923	0.96459	0.035396	1.1179e-05	4.1349e-07
924	0.99984	0.00014804	1.1652e-05	1.7777e-09
925	0.99522	0.0047685	1.1661e-05	5.6735e-08
926	0.99034	0.0096479	1.166e-05	1.1583e-07
927	0.99027	0.009716	1.1712e-05	1.179e-07
928	0.9326	0.067386	1.1065e-05	8.2146e-07
929	0.85231	0.14767	1.0143e-05	1.8016e-06
930	0.8283	0.17169	9.8927e-06	2.106e-06
931	0.74498	0.25501	8.8955e-06	3.1519e-06
932	0.70991	0.29007	8.497e-06	3.601e-06
933	0.69716	0.30283	8.3751e-06	3.7753e-06
934	0.6817	0.31829	8.2133e-06	3.985e-06
935	0.68004	0.31995	8.2244e-06	4.0238e-06
936	0.69205	0.30794	8.4077e-06	3.8924e-06
