#coord	neutral	conserved	gBGC.neutral	gBGC.conserved
1	0.80969	0.027561	0.15732	0.0054332
2	0.82797	0.0094786	0.16068	0.0018725
3	0.83204	0.005588	0.16128	0.0010942
4	0.83581	0.0020007	0.1618	0.0003871
5	0.83686	0.0011519	0.16177	0.00022114
6	0.83821	2.6365e-06	0.16178	5.122e-07
7	0.8384	4.7868e-06	0.1616	9.1642e-07
8	0.83855	5.5164e-05	0.16139	1.081e-05
9	0.83873	5.5833e-05	0.16121	1.1004e-05
10	0.83891	3.0031e-05	0.16105	5.9132e-06
11	0.83892	0.00016318	0.16088	3.1806e-05
12	0.83919	2.3797e-05	0.16078	4.6573e-06
13	0.8393	1.8866e-05	0.16067	3.6905e-06
14	0.83933	9.0234e-05	0.16056	1.766e-05
15	0.83928	0.00021546	0.16046	4.2012e-05
16	0.83947	8.802e-05	0.16042	1.7208e-05
17	0.83958	3.0288e-05	0.16038	5.937e-06
18	0.8395	0.00014746	0.16033	2.8596e-05
19	0.83965	8.7663e-06	0.16034	1.6875e-06
20	0.8392	0.00048654	0.16022	9.4294e-05
21	0.83964	5.2869e-05	0.16029	1.0364e-05
22	0.83963	6.6216e-05	0.1603	1.2924e-05
23	0.83959	8.5019e-05	0.16031	1.6618e-05
24	0.83949	0.00014804	0.16033	2.8839e-05
25	0.83914	0.00044792	0.16033	8.6197e-05
26	0.83891	0.00060808	0.16037	0.00011544
27	0.83903	0.00043209	0.16046	8.1807e-05
28	0.83875	0.00066186	0.16046	0.00012647
29	0.83861	0.00072978	0.16052	0.00013827
30	0.83875	0.00053891	0.16061	0.00010177
31	0.83922	1.9362e-05	0.16076	3.7238e-06
32	0.83858	0.00059058	0.16072	0.0001133
33	0.8383	0.00080529	0.16074	0.00015463
34	0.83838	0.0006638	0.16083	0.00012767
35	0.83881	0.00016606	0.16099	3.2305e-05
36	0.83888	8.5266e-06	0.16111	1.6301e-06
37	0.83882	5.543e-08	0.16118	1.1086e-08
38	0.83799	0.00072494	0.16114	0.00014123
39	0.83724	0.0013607	0.16113	0.00026319
40	0.83796	0.00053469	0.1614	0.00010541
41	0.8378	0.00057037	0.16152	0.00011313
42	0.8378	0.00042899	0.16169	8.5474e-05
43	0.83796	0.00010806	0.16191	2.2037e-05
44	0.83612	0.0017756	0.16175	0.00035351
45	0.83405	0.0036508	0.16158	0.00072215
46	0.83401	0.0034863	0.16182	0.00068793
47	0.83428	0.0030127	0.16211	0.00059716
48	0.83684	0.00023775	0.16288	4.7724e-05
49	0.83681	3.2953e-05	0.16315	6.4749e-06
50	0.83661	5.4693e-07	0.16339	1.0651e-07
51	0.83626	0.0001365	0.16358	2.7069e-05
52	0.83616	3.3698e-06	0.16384	6.6523e-07
53	0.83509	0.00081559	0.16394	0.00015797
54	0.83536	0.00030483	0.16428	5.8923e-05
55	0.83524	0.00019385	0.16453	3.8042e-05
56	0.83485	0.0003267	0.16476	6.3671e-05
57	0.83482	0.00010967	0.16504	2.1259e-05
58	0.83429	0.00040893	0.16522	8.0384e-05
59	0.83412	0.00035669	0.16545	7.1194e-05
60	0.83412	0.0001193	0.16574	2.3908e-05
61	0.83217	0.0018292	0.16563	0.00037001
62	0.82531	0.0084437	0.16455	0.0016932
63	0.81845	0.015067	0.16345	0.003039
64	0.81654	0.01671	0.16338	0.003372
65	0.81818	0.014797	0.16404	0.00298
66	0.82624	0.0064683	0.166	0.001294
67	0.82811	0.0043411	0.16669	0.00086822
68	0.83022	0.0019728	0.16741	0.00039844
69	0.83186	6.9e-05	0.16806	1.388e-05
70	0.83101	0.0006637	0.16819	0.00013515
71	0.83111	0.00029193	0.16854	5.8603e-05
72	0.83093	0.00020403	0.16883	4.0516e-05
73	0.82699	0.0038833	0.16834	0.0007812
74	0.82638	0.004254	0.16851	0.00085955
75	0.82852	0.001877	0.16922	0.00038627
76	0.82679	0.0033566	0.16916	0.00069505
77	0.82717	0.002723	0.16953	0.00057204
78	0.82737	0.0022616	0.16988	0.00048072
79	0.82164	0.0077135	0.16902	0.0016272
80	0.82033	0.0087597	0.16905	0.0018592
81	0.82151	0.0072902	0.16964	0.0015594
82	0.81525	0.013273	0.16862	0.0028529
83	0.81355	0.01468	0.16861	0.0031622
84	0.81518	0.012731	0.16934	0.0027538
85	0.7029	0.12468	0.14625	0.026173
86	0.66391	0.16334	0.13833	0.034419
87	0.64925	0.17766	0.1356	0.037496
88	0.63243	0.19413	0.13236	0.041079
89	0.63023	0.196	0.13216	0.041607
90	0.64199	0.18392	0.13485	0.039238
91	0.67529	0.15029	0.14212	0.032303
92	0.64686	0.17835	0.13639	0.038394
93	0.60958	0.21526	0.12885	0.046305
94	0.48217	0.3423	0.10183	0.073694
95	0.30489	0.51921	0.064422	0.11148
96	0.2497	0.57402	0.052696	0.12359
97	0.17693	0.64639	0.037335	0.13934
98	0.1478	0.67513	0.031305	0.14577
99	0.14055	0.68197	0.029847	0.14763
100	0.12938	0.69273	0.027582	0.15031
101	0.13008	0.69162	0.027822	0.15048
102	0.14377	0.67752	0.030841	0.14786
103	0.07262	0.74826	0.015609	0.16351
104	0.047843	0.77262	0.01025	0.16929
105	0.039719	0.78033	0.0084787	0.17147
106	0.027298	0.79233	0.0057863	0.17458
107	0.024224	0.79499	0.0051098	0.17568
108	0.024507	0.79427	0.0051728	0.17605
109	0.028726	0.78961	0.0061002	0.17556
110	0.013915	0.80397	0.002917	0.1792
111	0.0079667	0.80945	0.0016538	0.18093
112	0.0065072	0.81044	0.0013388	0.18171
113	0.0066172	0.80985	0.0013642	0.18217
114	0.0085627	0.80742	0.0017903	0.18223
115	0.00978	0.80571	0.0020515	0.18246
116	0.013678	0.80131	0.0029027	0.18211
117	0.023786	0.79069	0.005142	0.18038
118	0.048801	0.76515	0.010773	0.17528
119	0.12019	0.69323	0.026724	0.15985
120	0.32345	0.48945	0.071848	0.11525
121	0.31934	0.49302	0.071102	0.11653
122	0.32824	0.4836	0.073294	0.11487
123	0.36102	0.45029	0.080796	0.10789
124	0.38506	0.42571	0.086487	0.10274
125	0.38493	0.42528	0.086724	0.10307
126	0.39704	0.41259	0.089878	0.1005
127	0.36789	0.44117	0.083226	0.10772
128	0.35825	0.45021	0.081258	0.11028
129	0.36001	0.44784	0.082024	0.11013
130	0.29264	0.51457	0.06667	0.12612
131	0.21373	0.59285	0.048296	0.14513
132	0.18979	0.61617	0.042737	0.15131
133	0.16483	0.64051	0.03681	0.15785
134	0.15547	0.64924	0.034673	0.16062
135	0.15543	0.64863	0.034774	0.16117
136	0.1363	0.66709	0.030377	0.16623
137	0.13292	0.66981	0.02966	0.16761
138	0.13689	0.66516	0.030708	0.16724
139	0.1261	0.67526	0.028276	0.17037
140	0.12585	0.67481	0.028317	0.17102
141	0.13333	0.66662	0.030233	0.16982
142	0.13708	0.66215	0.031296	0.16948
143	0.151	0.64747	0.0349	0.16662
144	0.18547	0.61225	0.04374	0.15854
145	0.20863	0.5883	0.0499	0.15317
146	0.26397	0.53216	0.064561	0.13931
147	0.40071	0.3946	0.10114	0.10356
148	0.79057	0.0039131	0.20446	0.0010557
149	0.78986	0.0037721	0.20535	0.0010194
150	0.79127	0.0014768	0.20685	0.00039854
151	0.78957	0.0023112	0.2075	0.00061938
152	0.7843	0.0066783	0.20726	0.0017641
153	0.77916	0.010928	0.20701	0.0029035
154	0.77838	0.010843	0.20787	0.0029051
155	0.77241	0.015909	0.2074	0.0042802
156	0.77159	0.01584	0.20828	0.0042934
157	0.77421	0.012301	0.21014	0.0033509
158	0.77655	0.0090581	0.21191	0.0024904
159	0.78436	0.00030427	0.21525	8.3139e-05
160	0.78182	0.0019301	0.21572	0.00053175
161	0.78107	0.0017714	0.21666	0.00049357
162	0.78183	8.0082e-05	0.21807	2.2154e-05
163	0.78086	0.00012472	0.21898	3.4759e-05
164	0.77988	0.00020243	0.21986	5.7667e-05
165	0.77909	6.5841e-05	0.22083	1.8907e-05
166	0.77315	0.0048057	0.22066	0.0013826
167	0.75638	0.020399	0.21726	0.0059601
168	0.7512	0.024428	0.21716	0.0072122
169	0.75147	0.023031	0.21861	0.0068896
170	0.75647	0.016857	0.22153	0.0051492
171	0.76084	0.011328	0.22424	0.0035915
172	0.75995	0.011081	0.22537	0.0035941
173	0.7553	0.014618	0.22524	0.0048413
174	0.75037	0.018449	0.22495	0.0062309
175	0.72885	0.038834	0.21901	0.013308
176	0.72246	0.044105	0.21813	0.015305
177	0.72314	0.042334	0.21953	0.014999
178	0.72229	0.042044	0.22051	0.015158
179	0.72945	0.033775	0.22396	0.012821
180	0.74884	0.013224	0.23131	0.006628
181	0.75297	0.008921	0.23366	0.0044511
182	0.75591	0.005785	0.23544	0.002857
183	0.75813	0.0033518	0.23689	0.0016254
184	0.75823	0.0030542	0.23731	0.0014037
185	0.7586	0.0024901	0.2378	0.001111
186	0.75882	0.0020608	0.23823	0.00089178
187	0.75766	0.0030119	0.23813	0.0011968
188	0.75805	0.0024108	0.23858	0.00096163
189	0.75827	0.0019415	0.239	0.00078195
190	0.74267	0.01729	0.23392	0.0061193
191	0.73674	0.022942	0.23224	0.008083
192	0.73621	0.0232	0.23235	0.0082391
193	0.72813	0.030987	0.22992	0.010966
194	0.7189	0.039935	0.22702	0.014148
195	0.67879	0.079743	0.21345	0.028014
196	0.62635	0.13186	0.19582	0.045975
197	0.56518	0.19271	0.17489	0.067222
198	0.54465	0.21293	0.16791	0.074505
199	0.30907	0.44819	0.08637	0.15637
200	0.21326	0.54365	0.053612	0.18947
201	0.17464	0.58192	0.040543	0.2029
202	0.15991	0.59628	0.035538	0.20828
203	0.15782	0.598	0.034474	0.20971
204	0.16347	0.59196	0.035533	0.20903
205	0.18108	0.57396	0.039496	0.20547
206	0.17971	0.57494	0.038584	0.20677
207	0.18738	0.56686	0.040101	0.20566
208	0.19121	0.5636	0.041825	0.20337
209	0.20706	0.54829	0.047641	0.19701
210	0.26131	0.49459	0.066887	0.17721
211	0.38715	0.36928	0.11198	0.13159
212	0.74618	0.0108	0.23913	0.0038934
213	0.74786	0.0096767	0.23899	0.0034728
214	0.387	0.37106	0.12108	0.12086
215	0.24002	0.51856	0.073763	0.16766
216	0.18039	0.57868	0.054818	0.18611
217	0.15676	0.60278	0.04737	0.19308
218	0.15169	0.60834	0.045648	0.19433
219	0.15479	0.60571	0.046508	0.193
220	0.16867	0.59227	0.050779	0.18828
221	0.21651	0.54488	0.065503	0.1731
222	0.32751	0.43433	0.10015	0.13801
223	0.40713	0.35512	0.12515	0.11259
224	0.40728	0.35541	0.12491	0.1124
225	0.4069	0.35623	0.12446	0.11241
226	0.32367	0.43987	0.098558	0.13789
227	0.23884	0.52514	0.071975	0.16405
228	0.20485	0.55953	0.061424	0.17419
229	0.16178	0.60302	0.048017	0.18718
230	0.14779	0.61743	0.043537	0.19124
231	0.14701	0.61863	0.043092	0.19126
232	0.12881	0.63725	0.037366	0.19658
233	0.12251	0.64394	0.035348	0.1982
234	0.12397	0.64286	0.03569	0.19748
235	0.13652	0.6307	0.039262	0.19352
236	0.16758	0.60002	0.048339	0.18407
237	0.24481	0.52314	0.071292	0.16076
238	0.18781	0.58048	0.054313	0.17739
239	0.17104	0.5976	0.049198	0.18216
240	0.16596	0.60301	0.047619	0.1834
241	0.1605	0.60882	0.04589	0.18479
242	0.16289	0.60676	0.046516	0.18384
243	0.17834	0.59164	0.050928	0.1791
244	0.23106	0.53926	0.065993	0.16369
245	0.35327	0.41736	0.10141	0.12795
246	0.65355	0.11739	0.18962	0.039433
247	0.65775	0.11348	0.19048	0.038289
248	0.67592	0.095604	0.19547	0.033008
249	0.71931	0.05249	0.20804	0.020158
250	0.73038	0.041705	0.21088	0.017027
251	0.72333	0.049053	0.20754	0.020078
252	0.72275	0.049901	0.20668	0.020663
253	0.72913	0.043804	0.20805	0.019017
254	0.71518	0.058016	0.20171	0.025099
255	0.71108	0.062354	0.19945	0.027111
256	0.7071	0.066586	0.19716	0.029148
257	0.70899	0.064931	0.19707	0.02901
258	0.71799	0.056148	0.19926	0.026605
259	0.71779	0.057627	0.19817	0.026411
260	0.72315	0.053506	0.19926	0.024087
261	0.73727	0.040581	0.20413	0.018014
262	0.74034	0.038733	0.20414	0.016792
263	0.75015	0.030092	0.20693	0.012828
264	0.78134	0.00010459	0.21851	4.3995e-05
265	0.78179	0.00086916	0.21709	0.000255
266	0.78323	0.00060209	0.216	0.00017159
267	0.78501	2.0674e-05	0.21497	5.8532e-06
268	0.78612	6.232e-05	0.2138	1.6691e-05
269	0.78686	0.00050344	0.2125	0.00013445
270	0.78844	5.4806e-05	0.21149	1.0333e-05
271	0.78781	0.00048042	0.21158	0.00012879
272	0.78729	0.00076758	0.21173	0.00020827
273	0.78781	8.0399e-06	0.21218	2.2718e-06
274	0.78748	6.5133e-05	0.21243	1.9402e-05
275	0.78649	0.00077559	0.21251	0.00023279
276	0.78674	0.00024314	0.21292	9.8188e-05
277	0.70481	0.081882	0.18037	0.032941
278	0.67648	0.10992	0.16908	0.044519
279	0.668	0.11812	0.16558	0.048299
280	0.65583	0.13073	0.16219	0.051246
281	0.60382	0.1832	0.14831	0.064674
282	0.58383	0.20362	0.14292	0.069629
283	0.56357	0.22432	0.13741	0.074707
284	0.55741	0.2309	0.13568	0.076009
285	0.54673	0.24199	0.13282	0.078464
286	0.53092	0.25818	0.12872	0.082178
287	0.51428	0.27522	0.12435	0.086154
288	0.5111	0.27877	0.12353	0.08659
289	0.50633	0.28393	0.12225	0.087488
290	0.514	0.27666	0.12434	0.085005
291	0.54304	0.24801	0.13251	0.07644
292	0.50301	0.28845	0.12175	0.086791
293	0.48846	0.30339	0.11777	0.090386
294	0.48594	0.30628	0.11699	0.090791
295	0.4555	0.33707	0.10916	0.098263
296	0.4204	0.37254	0.1001	0.10697
297	0.40703	0.38625	0.096619	0.1101
298	0.33677	0.45684	0.079216	0.12718
299	0.30717	0.48675	0.071943	0.13413
300	0.29727	0.49695	0.069539	0.13624
301	0.2553	0.53924	0.059326	0.14614
302	0.23957	0.55526	0.055539	0.14964
303	0.23578	0.55932	0.054683	0.15021
304	0.24185	0.55352	0.056349	0.14828
305	0.26676	0.52888	0.062909	0.14145
306	0.32614	0.46976	0.078771	0.12533
307	0.51671	0.27945	0.12916	0.074679
308	0.65094	0.14547	0.16494	0.038654
309	0.78202	0.014643	0.19936	0.0039756
310	0.78042	0.016485	0.19866	0.0044358
311	0.78225	0.014879	0.19889	0.0039836
312	0.79004	0.0073121	0.20068	0.0019711
313	0.79155	0.0060111	0.20083	0.0016127
314	0.79253	0.005217	0.20086	0.0013852
315	0.79766	0.00028726	0.20197	7.7951e-05
316	0.74685	0.051288	0.18873	0.013132
317	0.72972	0.068604	0.18409	0.017591
318	0.72373	0.074769	0.18236	0.019144
319	0.72433	0.074325	0.18235	0.018996
320	0.73418	0.06464	0.18466	0.016523
321	0.76058	0.038386	0.19127	0.009769
322	0.76785	0.031275	0.19292	0.0079558
323	0.77282	0.026441	0.19404	0.0067024
324	0.79129	0.0081171	0.19853	0.0020554
325	0.79168	0.0078649	0.19848	0.00198
326	0.79563	0.0040552	0.1993	0.0010139
327	0.79982	9.8805e-06	0.20016	2.4591e-06
328	0.79788	0.0020913	0.19952	0.00051375
329	0.79796	0.0021507	0.19936	0.0005278
330	0.80025	8.661e-06	0.19974	2.1869e-06
331	0.79919	0.0011785	0.19935	0.00028797
332	0.78278	0.017694	0.19516	0.0043576
333	0.77675	0.02382	0.19359	0.0058375
334	0.77646	0.024217	0.1934	0.0059227
335	0.78143	0.019354	0.19449	0.0047193
336	0.79944	0.0014629	0.19874	0.00035531
337	0.79756	0.0034496	0.19815	0.00083969
338	0.79792	0.0031984	0.1981	0.00077769
339	0.80119	4.9663e-05	0.19874	1.2256e-05
340	0.80116	0.0001867	0.19861	4.6439e-05
341	0.80074	0.00070019	0.19839	0.00017199
342	0.80153	8.9832e-07	0.19847	2.2383e-07
343	0.80083	0.00078424	0.19819	0.00019394
344	0.80047	0.0012366	0.19799	0.00030824
345	0.80131	0.00046624	0.19811	0.00011583
346	0.80062	0.0012294	0.19784	0.00030637
347	0.79986	0.0020602	0.19757	0.00050996
348	0.80076	0.0012283	0.19771	0.00030573
349	0.79887	0.0031986	0.19713	0.0008037
350	0.79892	0.0032045	0.19707	0.00080513
351	0.80092	0.0012503	0.19752	0.000312
352	0.79666	0.0055611	0.1964	0.0013784
353	0.79624	0.0060494	0.19621	0.0015048
354	0.79813	0.0042043	0.19662	0.0010467
355	0.79735	0.0050314	0.19636	0.0012565
356	0.79866	0.0037646	0.19664	0.00094085
357	0.80026	0.0022065	0.19697	0.00055955
358	0.80004	0.0024568	0.19688	0.00062361
359	0.80135	0.0011579	0.1972	0.00029714
360	0.80248	2.2845e-05	0.19749	9.3597e-06
361	0.80294	0.00030495	0.19668	7.769e-05
362	0.80359	0.00036937	0.19595	9.1078e-05
363	0.8037	0.00098271	0.19507	0.0002402
364	0.80415	0.0012767	0.19426	0.00031337
365	0.80455	0.0015905	0.19347	0.00038848
366	0.80491	0.0019232	0.1927	0.00046469
367	0.80561	0.0019263	0.192	0.00046474
368	0.80792	0.00029705	0.19172	7.0493e-05
369	0.80856	0.00034047	0.19102	8.007e-05
370	0.80743	0.0021766	0.18988	0.00051406
371	0.80802	0.0022581	0.1892	0.00052793
372	0.81087	9.3949e-05	0.18902	2.2042e-05
373	0.81144	0.00017767	0.18834	4.0819e-05
374	0.81031	0.0019851	0.18725	0.00045747
375	0.80925	0.0037342	0.18616	0.00086182
376	0.81004	0.0035977	0.18553	0.00082455
377	0.81343	0.00088659	0.18548	0.00020498
378	0.81463	0.00032982	0.18496	7.6571e-05
379	0.81527	0.00030677	0.18435	7.0374e-05
380	0.81538	0.00080136	0.18364	0.0001797
381	0.81679	9.0386e-08	0.18321	2.0455e-08
382	0.8165	0.00087389	0.18243	0.00019493
383	0.8164	0.0015668	0.18168	0.00035049
384	0.81762	0.00092217	0.18126	0.00020423
385	0.81905	7.5813e-05	0.18086	1.6924e-05
386	0.81967	6.0947e-06	0.18032	1.3319e-06
387	0.82025	3.0211e-06	0.17975	7.0932e-07
388	0.81983	0.0010058	0.17893	0.00024127
389	0.81934	0.0020558	0.17811	0.00049333
390	0.82033	0.0015962	0.17768	0.00039751
391	0.80714	0.015299	0.17386	0.0037037
392	0.7936	0.029358	0.16992	0.0071228
393	0.78889	0.034566	0.16817	0.0083747
394	0.76735	0.056619	0.16233	0.013702
395	0.75991	0.064549	0.15996	0.015582
396	0.76079	0.064163	0.1595	0.015551
397	0.74953	0.075897	0.15624	0.018327
398	0.73663	0.089281	0.15257	0.02152
399	0.73335	0.093024	0.15121	0.022414
400	0.73991	0.086942	0.15199	0.021162
401	0.75945	0.067857	0.15554	0.017156
402	0.80553	0.022207	0.16473	0.0075334
403	0.8045	0.024953	0.16268	0.0078662
404	0.80767	0.023441	0.16176	0.0071321
405	0.81893	0.013862	0.16308	0.0041327
406	0.82291	0.011593	0.16214	0.0033547
407	0.83171	0.0044524	0.16258	0.0012575
408	0.83509	0.0027508	0.16141	0.00074907
409	0.83447	0.0050777	0.15927	0.0011797
410	0.83618	0.0050241	0.15768	0.0011205
411	0.8401	0.0027015	0.15661	0.00058549
412	0.84437	6.2546e-05	0.15556	1.3423e-05
413	0.84598	2.2762e-05	0.15399	4.2854e-06
414	0.84499	0.0025355	0.15202	0.00044733
415	0.80943	0.039644	0.14396	0.0069687
416	0.80003	0.050619	0.14054	0.0088125
417	0.80053	0.051711	0.13885	0.0089079
418	0.79903	0.054756	0.13689	0.0093212
419	0.80313	0.052156	0.13595	0.0087573
420	0.81768	0.039135	0.13671	0.0064773
421	0.82089	0.037468	0.13552	0.0061285
422	0.83252	0.0274	0.13563	0.0044469
423	0.86044	0.00098917	0.1384	0.00017009
424	0.8496	0.013203	0.13504	0.0021519
425	0.84624	0.017892	0.133	0.0028714
426	0.84694	0.018478	0.13166	0.0029243
427	0.84724	0.019422	0.13031	0.0030243
428	0.85231	0.015619	0.12967	0.0023974
429	0.86837	0.00084556	0.13065	0.00012931
430	0.86843	0.0020902	0.12916	0.00031714
431	0.85346	0.01839	0.12536	0.0027841
432	0.84875	0.024384	0.12323	0.0036395
433	0.82905	0.045387	0.11886	0.006704
434	0.80102	0.074682	0.11345	0.010857
435	0.79133	0.085589	0.11081	0.01227
436	0.6148	0.2633	0.085327	0.036572
437	0.55377	0.32552	0.075996	0.044706
438	0.53442	0.34609	0.072469	0.047022
439	0.2261	0.65559	0.030454	0.087861
440	0.11784	0.76503	0.015665	0.10147
441	0.084209	0.79985	0.010997	0.10494
442	0.071183	0.81405	0.0091762	0.10559
443	0.068668	0.81774	0.0087326	0.10486
444	0.073572	0.81401	0.0092191	0.10319
445	0.068419	0.82036	0.0084233	0.1028
446	0.069653	0.82029	0.0084514	0.10161
447	0.077605	0.81347	0.009299	0.099622
448	0.062018	0.83021	0.007271	0.1005
449	0.056849	0.8365	0.0065606	0.10009
450	0.059369	0.83511	0.0067494	0.098768
451	0.049678	0.84591	0.0055374	0.098873
452	0.048198	0.84851	0.0052808	0.098016
453	0.051554	0.84624	0.0055746	0.096631
454	0.052225	0.84664	0.0055756	0.095559
455	0.058548	0.84137	0.0061988	0.093886
456	0.062232	0.83871	0.006535	0.092523
457	0.073965	0.82798	0.0077466	0.090304
458	0.081406	0.82153	0.0084867	0.088579
459	0.10905	0.79488	0.011352	0.084721
460	0.13596	0.76896	0.014037	0.081037
461	0.19903	0.70687	0.020485	0.073609
462	0.35435	0.55251	0.036573	0.056566
463	0.39519	0.51264	0.040362	0.051812
464	0.51348	0.39532	0.051808	0.039393
465	0.89117	0.018618	0.088361	0.0018532
466	0.89346	0.017276	0.087564	0.0016982
467	0.90207	0.0096344	0.087354	0.00094131
468	0.90904	0.0035974	0.087016	0.0003465
469	0.90953	0.0040562	0.086025	0.00038676
470	0.91213	0.0023732	0.085273	0.00022242
471	0.91511	0.000332	0.08453	3.1148e-05
472	0.91601	0.000336	0.083627	3.1025e-05
473	0.91632	0.00089673	0.082703	8.057e-05
474	0.91798	0.00012362	0.081884	1.0954e-05
475	0.91886	0.00015043	0.080979	1.345e-05
476	0.9195	0.00038589	0.080085	3.3991e-05
477	0.92035	0.00037264	0.079244	3.2032e-05
478	0.92153	4.6173e-05	0.078416	3.9227e-06
479	0.92191	0.00054676	0.077501	4.661e-05
480	0.92326	2.8633e-05	0.076704	2.4606e-06
481	0.92097	0.0031767	0.075587	0.00026928
482	0.92109	0.0038785	0.07471	0.00032486
483	0.92312	0.0026447	0.074019	0.00022001
484	0.88841	0.038161	0.070312	0.0031156
485	0.73022	0.19714	0.056915	0.015731
486	0.66652	0.26159	0.051331	0.020557
487	0.37201	0.55683	0.028445	0.042707
488	0.28002	0.64957	0.021154	0.049254
489	0.24085	0.68947	0.018025	0.051657
490	0.09066	0.84039	0.0067291	0.06222
491	0.043596	0.88819	0.0031768	0.065034
492	0.024502	0.90801	0.0017665	0.065721
493	0.018974	0.91427	0.0013474	0.065413
494	0.017418	0.91653	0.0012234	0.064823
495	0.018935	0.91572	0.0013204	0.064028
496	0.013892	0.92146	0.00095998	0.063685
497	0.013454	0.92261	0.00091799	0.06302
498	0.016957	0.91982	0.0011383	0.062087
499	0.013788	0.92368	0.0009138	0.061613
500	0.014507	0.92367	0.00094699	0.060877
501	0.018257	0.92061	0.0011786	0.059956
502	0.030258	0.9093	0.0019244	0.058516
503	0.064917	0.87534	0.0040477	0.055695
504	0.1501	0.79084	0.0092842	0.049775
505	0.17127	0.77036	0.01045	0.047922
506	0.22196	0.72034	0.013397	0.044301
507	0.36748	0.5755	0.021863	0.035156
508	0.47821	0.46543	0.028172	0.028186
509	0.7506	0.19368	0.044043	0.011672
510	0.94263	0.0022796	0.054958	0.00013426
511	0.94259	0.0029552	0.054284	0.00017142
512	0.94472	0.0014668	0.053723	8.5245e-05
513	0.94521	0.0016123	0.05309	9.2719e-05
514	0.94367	0.0037573	0.052366	0.00021118
515	0.94436	0.0036488	0.051791	0.00020132
516	0.94825	0.00035557	0.051378	1.9387e-05
517	0.94625	0.0029633	0.05063	0.0001605
518	0.94643	0.0033655	0.050024	0.00017948
519	0.94931	0.0010871	0.049546	5.8802e-05
520	0.937	0.013972	0.048289	0.00073905
521	0.93388	0.017682	0.047514	0.00092745
522	0.93086	0.021297	0.046734	0.0011097
523	0.86696	0.085777	0.042846	0.0044195
524	0.84569	0.10763	0.041187	0.0054901
525	0.83862	0.11527	0.040298	0.0058097
526	0.82737	0.12707	0.039239	0.0063176
527	0.8262	0.12878	0.0387	0.0063216
528	0.83465	0.12085	0.038645	0.0058601
529	0.8312	0.12482	0.038006	0.0059728
530	0.82752	0.12903	0.037346	0.0060971
531	0.83311	0.12396	0.037137	0.0057888
532	0.82407	0.13353	0.036249	0.0061513
533	0.82453	0.13358	0.035815	0.006075
534	0.83767	0.12096	0.035924	0.0054488
535	0.81732	0.14181	0.034593	0.0062798
536	0.81355	0.14609	0.033979	0.0063863
537	0.81882	0.14131	0.033771	0.0061021
538	0.82377	0.13686	0.03353	0.0058421
539	0.84101	0.1201	0.033812	0.0050751
540	0.88302	0.078563	0.035122	0.0032945
541	0.91304	0.049002	0.03593	0.0020314
542	0.8991	0.063381	0.034962	0.0025585
543	0.89559	0.06731	0.034427	0.0026681
544	0.65848	0.30486	0.025131	0.011531
545	0.58483	0.37895	0.022065	0.014157
546	0.5608	0.40343	0.020886	0.014889
547	0.2666	0.69808	0.0096702	0.025652
548	0.14677	0.81835	0.0052052	0.029675
549	0.098143	0.86741	0.0034241	0.031025
550	0.033493	0.93248	0.0011614	0.032866
551	0.013238	0.95316	0.00045234	0.03315
552	0.0069927	0.95983	0.00023256	0.032941
553	0.0046024	0.96264	0.00014983	0.032604
554	0.004009	0.96365	0.00012892	0.032214
555	0.0052742	0.9628	0.00016755	0.031761
556	0.0053779	0.9631	0.00016872	0.031354
557	0.0071963	0.96168	0.00022497	0.0309
558	0.012297	0.95697	0.00038557	0.03035
559	0.015555	0.95409	0.00048632	0.029868
560	0.024545	0.94547	0.00077005	0.029211
561	0.047015	0.92337	0.0014851	0.02813
562	0.098973	0.87177	0.0031435	0.026114
563	0.26489	0.70622	0.0083333	0.020562
564	0.73762	0.23385	0.022801	0.0057293
565	0.73076	0.24066	0.022607	0.0059814
566	0.73481	0.23653	0.022732	0.0059201
567	0.76096	0.21033	0.023425	0.0052872
568	0.74162	0.22961	0.02288	0.0058981
569	0.73938	0.23178	0.022833	0.006007
570	0.74915	0.22194	0.023134	0.0057753
571	0.37333	0.5977	0.011681	0.017293
572	0.25567	0.71529	0.0080567	0.02098
573	0.21958	0.75132	0.0069367	0.02216
574	0.091055	0.87979	0.0028614	0.026292
575	0.035304	0.93548	0.0011129	0.028101
576	0.015776	0.95495	0.00049332	0.02878
577	0.0078645	0.9628	0.00024543	0.02909
578	0.0053	0.9653	0.00016366	0.029233
579	0.0045548	0.96598	0.00013976	0.029321
580	0.0032636	0.96721	9.8308e-05	0.029425
581	0.0031949	0.96722	9.5139e-05	0.029494
582	0.0042897	0.96605	0.00012748	0.029532
583	0.004843	0.96543	0.00014276	0.029585
584	0.0044314	0.96577	0.00012967	0.02967
585	0.005271	0.96485	0.00015456	0.029721
586	0.0024403	0.96761	6.7058e-05	0.029882
587	0.0017376	0.96824	4.3223e-05	0.029977
588	0.0016958	0.96821	3.7883e-05	0.030057
589	0.0022837	0.96754	4.6996e-05	0.030127
590	0.0039362	0.96581	7.7551e-05	0.030179
591	0.0095886	0.96008	0.0001851	0.030151
592	0.0048098	0.96523	9.2976e-05	0.029865
593	0.0028014	0.96761	5.5786e-05	0.029531
594	0.0020783	0.9687	4.4381e-05	0.029179
595	0.0021057	0.96903	4.9753e-05	0.028817
596	0.0032831	0.96821	8.5415e-05	0.028422
597	0.007532	0.96432	0.00020665	0.027938
598	0.0099419	0.96227	0.00027399	0.027515
599	0.01615	0.95641	0.00044932	0.026991
600	0.03173	0.94117	0.00089214	0.026207
601	0.076361	0.89688	0.0021358	0.024619
602	0.2036	0.76999	0.0056049	0.020803
603	0.60937	0.36458	0.016409	0.0096479
604	0.61608	0.35821	0.016353	0.0093476
605	0.6499	0.32476	0.016977	0.0083618
606	0.73028	0.24473	0.018781	0.0062057
607	0.75225	0.22312	0.019049	0.0055802
608	0.7741	0.20163	0.019284	0.0049798
609	0.83075	0.14534	0.020364	0.0035477
610	0.84428	0.13217	0.020367	0.0031862
611	0.87862	0.098177	0.020865	0.0023405
612	0.96414	0.012986	0.022563	0.00030727
613	0.97074	0.0067116	0.022391	0.00015558
614	0.97762	0.00016541	0.022212	3.8329e-06
615	0.97804	6.173e-05	0.021895	1.4163e-06
616	0.97808	0.00033608	0.02158	7.4973e-06
617	0.97747	0.0012614	0.021244	2.8042e-05
618	0.97819	0.00084521	0.020948	1.8692e-05
619	0.94537	0.03396	0.019946	0.00072571
620	0.93285	0.046761	0.019406	0.00098119
621	0.93142	0.048479	0.019094	0.0010031
622	0.34087	0.63931	0.0069328	0.012884
623	0.13348	0.84699	0.0026778	0.016855
624	0.060697	0.92006	0.0011876	0.018059
625	0.029154	0.95188	0.00055861	0.018408
626	0.016396	0.96491	0.00031025	0.018381
627	0.012287	0.9693	0.00022855	0.018186
628	0.0119	0.96996	0.00021709	0.017918
629	0.013898	0.96824	0.00024977	0.017612
630	0.019759	0.96265	0.00035169	0.017241
631	0.03946	0.94322	0.00069144	0.016629
632	0.087948	0.895	0.0015292	0.015526
633	0.22621	0.757	0.0038625	0.012924
634	0.62016	0.36333	0.010342	0.0061737
635	0.70894	0.27481	0.011643	0.0046095
636	0.92784	0.056162	0.015071	0.00092633
637	0.93045	0.053802	0.01488	0.00087101
638	0.94384	0.040662	0.014854	0.00064584
639	0.9838	0.00095653	0.015228	1.5176e-05
640	0.98481	0.00019097	0.014994	3.0068e-06
641	0.98361	0.0016419	0.01472	2.5339e-05
642	0.98237	0.0031249	0.014455	4.7164e-05
643	0.98359	0.0021555	0.014222	3.2665e-05
644	0.98296	0.0030292	0.013969	4.5298e-05
645	0.98424	0.0019756	0.013754	2.9708e-05
646	0.94302	0.043422	0.012934	0.00062524
647	0.92593	0.06073	0.012485	0.00085767
648	0.92294	0.063942	0.012232	0.00089024
649	0.85054	0.13655	0.011048	0.0018597
650	0.82009	0.16721	0.010466	0.0022339
651	0.81358	0.17394	0.010201	0.0022872
652	0.77174	0.21598	0.009497	0.0027857
653	0.75943	0.2285	0.0091744	0.002899
654	0.75911	0.22902	0.0090115	0.0028587
655	0.73392	0.2544	0.0085594	0.0031143
656	0.72912	0.25941	0.0083518	0.0031218
657	0.73558	0.25314	0.008283	0.0029963
658	0.73849	0.25042	0.0081785	0.0029128
659	0.75962	0.22948	0.0082721	0.0026277
660	0.81165	0.17764	0.0087098	0.0020041
661	0.82483	0.16465	0.0086959	0.001828
662	0.86144	0.12822	0.0089373	0.001403
663	0.9474	0.042437	0.0097041	0.00045836
664	0.94508	0.044928	0.0095173	0.00047397
665	0.94991	0.040275	0.0093995	0.0004168
666	0.96748	0.022882	0.0094031	0.00023442
667	0.97062	0.019913	0.0092644	0.00020018
668	0.97315	0.017557	0.0091247	0.00017264
669	0.98342	0.0074526	0.0090539	7.239e-05
670	0.99097	6.5401e-05	0.0089603	6.2176e-07
671	0.99058	0.00062995	0.0087857	5.6802e-06
672	0.9913	7.6469e-05	0.0086272	6.7089e-07
673	0.98871	0.0028202	0.0084462	2.366e-05
674	0.98875	0.0029401	0.008284	2.4177e-05
675	0.99159	0.00026278	0.0081402	2.0941e-06
676	0.9911	0.0009291	0.0079646	7.4098e-06
677	0.99101	0.0011937	0.0077881	9.4215e-06
678	0.99237	4.9151e-06	0.0076291	3.777e-08
679	0.99246	8.7268e-05	0.0074563	6.6859e-07
680	0.99157	0.001135	0.0072819	8.4144e-06
681	0.99202	0.00084604	0.0071229	6.0862e-06
682	0.99178	0.0012585	0.0069547	8.8595e-06
683	0.99154	0.0016547	0.0067921	1.1291e-05
684	0.99335	1.3393e-05	0.0066391	9.2518e-08
685	0.991	0.0025159	0.0064638	1.6836e-05
686	0.99089	0.0027873	0.0063094	1.8201e-05
687	0.99276	0.00106	0.0061731	6.7649e-06
688	0.99309	0.00086904	0.0060319	5.3185e-06
689	0.99257	0.0015435	0.0058822	9.1268e-06
690	0.99392	0.00034048	0.0057397	1.984e-06
691	0.99437	3.2846e-05	0.0055965	1.8684e-07
692	0.99408	0.00043393	0.0054863	2.4219e-06
693	0.99261	0.0020027	0.0053739	1.0837e-05
694	0.9863	0.0084166	0.0052406	4.409e-05
695	0.98547	0.0093455	0.0051335	4.8014e-05
696	0.98754	0.0073736	0.0050449	3.6814e-05
697	0.98085	0.014169	0.0049098	6.9341e-05
698	0.97994	0.015191	0.004801	7.2784e-05
699	0.97929	0.015943	0.0046905	7.4877e-05
700	0.978	0.017339	0.0045812	7.9544e-05
701	0.98145	0.013997	0.0044907	6.2598e-05
702	0.99512	0.00043454	0.0044408	1.9089e-06
703	0.99447	0.0011921	0.0043311	5.1259e-06
704	0.99537	0.00040086	0.0042253	1.679e-06
705	0.99575	0.00013815	0.004114	5.8377e-07
706	0.99345	0.0025446	0.0039951	1.0486e-05
707	0.99325	0.0028508	0.0038886	1.1435e-05
708	0.99492	0.0012824	0.0037926	5.0172e-06
709	0.99352	0.0027876	0.0036817	1.0584e-05
710	0.99396	0.0024457	0.003581	9.0342e-06
711	0.99651	2.5592e-06	0.003491	7.1462e-09
712	0.98382	0.012784	0.0033657	3.243e-05
713	0.96969	0.027011	0.0032369	6.5851e-05
714	0.96508	0.031711	0.0031375	7.2986e-05
715	0.89529	0.10143	0.0029669	0.00031327
716	0.86763	0.12902	0.0029364	0.00041594
717	0.86025	0.13633	0.0029703	0.00045213
718	0.85278	0.14373	0.003	0.00049001
719	0.85476	0.14168	0.003065	0.00049475
720	0.86876	0.12761	0.003176	0.00045608
721	0.78535	0.21095	0.0029298	0.00077711
722	0.75726	0.23896	0.0028789	0.00090067
723	0.75244	0.24371	0.0029122	0.00093778
724	0.72168	0.2744	0.0028373	0.0010807
725	0.71201	0.284	0.0028479	0.0011405
726	0.71516	0.28078	0.0029123	0.0011488
727	0.74057	0.25529	0.0030661	0.0010656
728	0.80242	0.19338	0.0033801	0.00082429
729	0.94647	0.049252	0.0040648	0.00021461
730	0.94536	0.050306	0.0041095	0.00022387
731	0.95225	0.043367	0.0041865	0.00019868
732	0.97089	0.024669	0.0043176	0.00012157
733	0.97497	0.020538	0.0043845	0.0001064
734	0.97345	0.022036	0.0044021	0.00011282
735	0.97641	0.019052	0.0044437	9.7269e-05
736	0.97337	0.02206	0.0044589	0.00011049
737	0.82489	0.17051	0.0038068	0.00078867
738	0.76497	0.2304	0.0035592	0.0010643
739	0.54898	0.44637	0.0025864	0.0020633
740	0.48192	0.5134	0.0022866	0.0023873
741	0.46315	0.53215	0.0022081	0.0024882
742	0.43499	0.56029	0.0020869	0.0026331
743	0.42949	0.56576	0.0020703	0.0026718
744	0.44218	0.55305	0.0021386	0.0026238
745	0.43548	0.55974	0.0021124	0.0026685
746	0.44226	0.55294	0.0021531	0.0026477
747	0.46838	0.5268	0.0022905	0.002532
748	0.47033	0.52483	0.0023089	0.0025333
749	0.49499	0.50015	0.0024355	0.0024246
750	0.55964	0.43548	0.002762	0.0021177
751	0.76807	0.22704	0.0037854	0.0011119
752	0.81423	0.18085	0.0040293	0.0008876
753	0.96389	0.031175	0.0047791	0.00015525
754	0.96465	0.030401	0.0048019	0.00015196
755	0.97283	0.022197	0.0048593	0.00011182
756	0.9934	0.0016131	0.0049821	8.3367e-06
757	0.9933	0.0016829	0.0050035	8.7119e-06
758	0.99484	0.00012549	0.0050354	6.5848e-07
759	0.99493	9.1998e-06	0.005062	4.8206e-08
760	0.99485	6.2639e-05	0.0050901	3.2509e-07
761	0.99479	8.8712e-05	0.0051206	4.5911e-07
762	0.99419	0.00065756	0.0051458	3.4667e-06
763	0.99248	0.0023449	0.0051624	1.2585e-05
764	0.99257	0.0022256	0.0051907	1.2084e-05
765	0.9947	6.702e-05	0.0052326	5.7978e-07
766	0.99406	0.00079906	0.0051381	4.3098e-06
767	0.9937	0.0012498	0.0050425	6.5384e-06
768	0.99469	0.00035371	0.0049569	1.826e-06
769	0.99495	0.00017852	0.0048707	8.9158e-07
770	0.99425	0.00096645	0.0047771	4.7131e-06
771	0.99364	0.0016648	0.0046875	7.9069e-06
772	0.9934	0.0019917	0.0045968	9.3249e-06
773	0.99479	0.00069084	0.0045166	3.1815e-06
774	0.99517	0.00039777	0.0044291	1.8413e-06
775	0.99359	0.002062	0.0043357	9.305e-06
776	0.9917	0.0040376	0.0042442	1.7772e-05
777	0.99211	0.0037121	0.004166	1.6015e-05
778	0.99051	0.0053918	0.0040765	2.2813e-05
779	0.99124	0.0047396	0.0039997	1.9695e-05
780	0.99479	0.0012721	0.0039369	5.2219e-06
781	0.99197	0.0041613	0.0038515	1.6301e-05
782	0.98945	0.006762	0.0037648	2.5982e-05
783	0.98965	0.0066361	0.0036914	2.4927e-05
784	0.9899	0.006462	0.0036157	2.38e-05
785	0.99296	0.0034713	0.0035527	1.2444e-05
786	0.9964	0.00011222	0.0034878	3.9791e-07
787	0.9956	0.00098823	0.0034103	3.3845e-06
788	0.9952	0.0014596	0.0033317	4.9248e-06
789	0.99631	0.00042436	0.0032609	1.3936e-06
790	0.99349	0.0033265	0.0031749	1.0694e-05
791	0.99345	0.0034388	0.0030956	1.0857e-05
792	0.99551	0.0014597	0.0030253	4.5514e-06
793	0.99427	0.0027808	0.0029423	8.5127e-06
794	0.99483	0.0022922	0.0028673	6.907e-06
795	0.99341	0.0037853	0.0027889	1.1044e-05
796	0.96855	0.028721	0.0026479	8.0005e-05
797	0.95855	0.038792	0.0025532	0.00010484
798	0.95636	0.041053	0.0024827	0.00010775
799	0.96194	0.035539	0.0024298	9.0701e-05
800	0.96553	0.032013	0.0023734	7.9203e-05
801	0.97768	0.019929	0.00234	4.695e-05
802	0.98712	0.010552	0.0023009	2.2566e-05
803	0.98522	0.012519	0.0022324	2.5407e-05
804	0.98778	0.01003	0.0021711	1.8683e-05
805	0.97874	0.019132	0.0020902	3.3621e-05
806	0.97699	0.020952	0.0020209	3.4729e-05
807	0.9793	0.018714	0.0019613	2.8066e-05
808	0.98049	0.017588	0.0019014	2.3553e-05
809	0.97619	0.021828	0.0019524	3.331e-05
810	0.97776	0.020192	0.0020117	3.2565e-05
811	0.98767	0.010226	0.0020835	1.7104e-05
812	0.99726	0.00058919	0.0021538	1.0494e-06
813	0.99701	0.00078212	0.002209	1.612e-06
814	0.99206	0.0056728	0.0022513	1.3109e-05
815	0.99121	0.0064757	0.0023007	1.5486e-05
816	0.99303	0.004605	0.0023584	1.1469e-05
817	0.98787	0.0097045	0.0024009	2.4622e-05
818	0.98665	0.010867	0.0024547	2.8198e-05
819	0.9885	0.0089553	0.0025183	2.3845e-05
820	0.98625	0.011144	0.0025735	3.0101e-05
821	0.98783	0.0095031	0.0026365	2.6328e-05
822	0.99413	0.0031472	0.0027152	9.0527e-06
823	0.99362	0.0035915	0.0027812	1.0351e-05
824	0.99284	0.0043096	0.0028371	1.2691e-05
825	0.99432	0.002768	0.002902	8.3651e-06
826	0.99018	0.0068458	0.0029524	2.0733e-05
827	0.98986	0.0071099	0.0030118	2.2016e-05
828	0.99247	0.0044286	0.0030828	1.3999e-05
829	0.99238	0.0044613	0.0031431	1.4412e-05
830	0.99242	0.0043642	0.0032016	1.4477e-05
831	0.99504	0.0016852	0.0032711	5.8832e-06
832	0.97665	0.020013	0.0032644	7.1291e-05
833	0.96989	0.026713	0.0033	9.6692e-05
834	0.96898	0.027561	0.0033585	0.00010166
835	0.96711	0.029367	0.0034161	0.00011009
836	0.95625	0.040165	0.0034371	0.0001526
837	0.95358	0.042769	0.0034905	0.00016519
838	0.89912	0.097163	0.00334	0.00037917
839	0.87637	0.11985	0.0033105	0.00047437
840	0.871	0.12515	0.0033443	0.00050409
841	0.84075	0.15534	0.003273	0.00063675
842	0.7977	0.19832	0.0031483	0.00082488
843	0.73731	0.25865	0.00295	0.0010888
844	0.71251	0.28338	0.0028966	0.0012098
845	0.70593	0.28989	0.0029198	0.0012566
846	0.71194	0.28381	0.002999	0.0012498
847	0.7438	0.25188	0.0031908	0.0011281
848	0.84937	0.14624	0.0037115	0.00067518
849	0.92406	0.071482	0.0041135	0.00034338
850	0.92695	0.068523	0.0041951	0.00033481
851	0.94218	0.053219	0.0043329	0.00026759
852	0.98169	0.013634	0.004595	7.899e-05
853	0.97916	0.016085	0.004656	9.4611e-05
854	0.98052	0.014645	0.0047407	8.9619e-05
855	0.98701	0.0080771	0.0048562	5.7074e-05
856	0.97836	0.016691	0.0048451	0.00010186
857	0.93904	0.055975	0.004677	0.00030588
858	0.76119	0.23379	0.0037961	0.001225
859	0.5169	0.47803	0.0025743	0.0024871
860	0.44087	0.55403	0.0021962	0.0029037
861	0.41125	0.58361	0.0020595	0.0030805
862	0.40671	0.58811	0.0020494	0.003129
863	0.41563	0.57915	0.002111	0.0031075
864	0.44571	0.54903	0.0022872	0.0029731
865	0.54632	0.44838	0.0028338	0.0024666
866	0.77929	0.21537	0.0041066	0.0012355
867	0.79537	0.19925	0.0042218	0.0011597
868	0.70502	0.28956	0.0037351	0.0016882
869	0.57682	0.41772	0.0030312	0.0024359
870	0.522	0.47248	0.0027437	0.0027691
871	0.445	0.54944	0.0023298	0.0032306
872	0.41963	0.57476	0.002201	0.003405
873	0.41716	0.57719	0.0021995	0.0034504
874	0.41413	0.58018	0.0021923	0.0034995
875	0.42375	0.57051	0.002258	0.0034774
876	0.45526	0.53896	0.0024483	0.0033325
877	0.43542	0.55875	0.0023482	0.0034802
878	0.43438	0.55975	0.002356	0.0035181
879	0.44656	0.54752	0.0024425	0.0034791
880	0.43454	0.55949	0.0023883	0.0035826
881	0.4357	0.55828	0.0024145	0.0036075
882	0.43444	0.55949	0.0024239	0.0036474
883	0.43122	0.56266	0.0024189	0.0036998
884	0.42256	0.57127	0.0023818	0.0037862
885	0.42646	0.56732	0.0024235	0.0037956
886	0.40278	0.59095	0.0022947	0.0039774
887	0.39622	0.59745	0.0022737	0.0040532
888	0.40292	0.59069	0.0023376	0.0040462
889	0.40378	0.58978	0.002367	0.0040757
890	0.39959	0.59391	0.002366	0.0041375
891	0.39029	0.60314	0.0023338	0.0042326
892	0.37593	0.61744	0.0022703	0.0043611
893	0.3751	0.6182	0.0022949	0.0044037
894	0.38718	0.60605	0.0024093	0.0043585
895	0.39684	0.59632	0.002506	0.004329
896	0.33998	0.65311	0.0021652	0.0047393
897	0.31841	0.67461	0.0020521	0.0049241
898	0.23759	0.75537	0.0015383	0.0055077
899	0.20546	0.78743	0.0013437	0.0057742
900	0.19664	0.79617	0.0013	0.0058882
901	0.20058	0.79216	0.0013431	0.0059137
902	0.20025	0.79242	0.0013577	0.0059696
903	0.21153	0.78107	0.0014591	0.0059408
904	0.21789	0.77463	0.0015274	0.0059474
905	0.24481	0.74764	0.0017519	0.005796
906	0.3342	0.65818	0.0024569	0.0051623
907	0.39838	0.59392	0.0029873	0.0047055
908	0.54769	0.44455	0.0042195	0.0035493
909	0.97371	0.018451	0.0076861	0.00015661
910	0.95574	0.036339	0.0076137	0.00030672
911	0.9507	0.041302	0.0076431	0.00035224
912	0.95137	0.040561	0.0077235	0.00035011
913	0.95087	0.040972	0.0077987	0.00035716
914	0.95616	0.0356	0.0079274	0.0003143
915	0.97119	0.020477	0.008147	0.00018417
916	0.93139	0.060185	0.0078995	0.00052535
917	0.91601	0.07547	0.0078614	0.0006613
918	0.91315	0.078236	0.0079254	0.00069233
919	0.91948	0.07181	0.0080667	0.00064314
920	0.92351	0.06768	0.0081938	0.0006124
921	0.94345	0.047655	0.0084613	0.00043793
922	0.94583	0.045175	0.0085768	0.0004194
923	0.95583	0.035075	0.0087691	0.00032813
924	0.99066	0.00014669	0.0091933	1.4607e-06
925	0.98598	0.0047245	0.0092511	4.6133e-05
926	0.98105	0.009558	0.0093017	9.4976e-05
927	0.98088	0.0096245	0.0093948	9.7784e-05
928	0.92366	0.066744	0.0089081	0.000685
929	0.84405	0.14625	0.0081905	0.0015073
930	0.82018	0.17002	0.0080258	0.0017734
931	0.73761	0.2525	0.0072221	0.0026753
932	0.70282	0.28718	0.0069243	0.003075
933	0.69012	0.29978	0.006861	0.003244
934	0.67474	0.31504	0.0067718	0.0034426
935	0.67302	0.31665	0.0068295	0.0034981
936	0.68482	0.30473	0.0070371	0.0034081
937	0.67507	0.31436	0.0070199	0.0035475
938	0.67751	0.31179	0.0071383	0.0035554
939	0.69539	0.29379	0.0074383	0.0033863
940	0.75922	0.22983	0.0082677	0.0026846
941	0.90792	0.080993	0.010132	0.00095284
942	0.95072	0.038068	0.010758	0.00045512
943	0.95027	0.038392	0.010874	0.00046351
944	0.95545	0.03308	0.011063	0.00040403
945	0.97119	0.017212	0.01139	0.00021206
946	0.96935	0.018912	0.01151	0.00023305
947	0.97294	0.01518	0.011691	0.00018833
948	0.98757	0.00041978	0.012007	5.4365e-06
949	0.98686	0.00098952	0.012138	1.2668e-05
950	0.98622	0.0014868	0.012276	1.9089e-05
951	0.98699	0.00056612	0.012437	7.3991e-06
952	0.9869	0.0005016	0.012594	6.5473e-06
953	0.98627	0.0009725	0.01274	1.2825e-05
954	0.98694	0.00015041	0.012909	2.0456e-06
955	0.97102	0.015919	0.012846	0.00021893
956	0.89834	0.088438	0.012006	0.0012188
957	0.86743	0.11918	0.011734	0.0016568
958	0.82843	0.15801	0.011329	0.0022232
959	0.81301	0.17327	0.011254	0.0024653
960	0.80983	0.17628	0.011356	0.0025371
961	0.78316	0.20278	0.011113	0.0029492
962	0.67629	0.30948	0.0096739	0.0045541
963	0.63366	0.35194	0.0091664	0.005233
964	0.57689	0.40853	0.0084497	0.0061271
965	0.55917	0.42608	0.0082871	0.0064638
966	0.55938	0.4257	0.0083855	0.0065365
967	0.5582	0.42671	0.0084577	0.0066319
968	0.57022	0.41452	0.00874	0.0065222
969	0.6044	0.38015	0.0093833	0.006057
970	0.68609	0.29828	0.010818	0.004806
971	0.75731	0.22689	0.012097	0.0037063
972	0.93358	0.050431	0.01517	0.00082073
973	0.92669	0.057139	0.015234	0.00093877
974	0.92804	0.05561	0.015427	0.0009238
975	0.93758	0.045879	0.015769	0.00076786
976	0.93714	0.046142	0.015938	0.00078017
977	0.94471	0.03839	0.016239	0.00065625
978	0.96959	0.013344	0.016834	0.00023474
979	0.96549	0.017269	0.016929	0.00030944
980	0.96566	0.016929	0.017107	0.00030763
981	0.97037	0.012034	0.017376	0.00022245
982	0.97402	0.0081943	0.017636	0.00015361
983	0.97323	0.0087847	0.017823	0.00016548
984	0.97654	0.0052755	0.018082	0.00010118
985	0.97375	0.0078769	0.018219	0.00015272
986	0.97395	0.00748	0.018422	0.00014685
987	0.97748	0.003746	0.018698	7.4977e-05
988	0.97526	0.0057693	0.018857	0.00011632
989	0.97546	0.0053581	0.019071	0.00010944
990	0.94416	0.036456	0.018636	0.0007474
991	0.90167	0.078737	0.017974	0.0016201
992	0.88407	0.096121	0.017819	0.0019931
993	0.88054	0.099438	0.01794	0.0020853
994	0.88488	0.094877	0.018234	0.0020125
995	0.90458	0.074955	0.018847	0.0016166
996	0.9635	0.01582	0.020283	0.00039196
997	0.96733	0.01179	0.020567	0.00031473
998	0.96586	0.013041	0.020738	0.00035862
999	0.96767	0.011006	0.020996	0.00032329
1000	0.965	0.013449	0.021148	0.0004037
1001	0.96097	0.017234	0.021267	0.00052523
1002	0.94219	0.035772	0.020958	0.0010846
1003	0.70715	0.27055	0.014218	0.0080833
