#coord	neutral	conserved	gBGC.neutral	gBGC.conserved
1	0.96702	0.032917	5.8239e-05	1.995e-06
2	0.98862	0.011318	5.7876e-05	6.6769e-07
3	0.99327	0.0066708	5.6497e-05	3.8096e-07
4	0.99756	0.0023878	5.5068e-05	1.3157e-07
5	0.99857	0.0013745	5.3428e-05	7.3212e-08
6	0.99995	3.1452e-06	5.1787e-05	1.6315e-10
7	0.99994	5.7091e-06	5.0096e-05	2.8451e-10
8	0.99989	6.5777e-05	4.8378e-05	3.2056e-09
9	0.99989	6.6561e-05	4.6688e-05	3.1321e-09
10	0.99992	3.5794e-05	4.5021e-05	1.6284e-09
11	0.99976	0.00019446	4.337e-05	8.496e-09
12	0.99993	2.8355e-05	4.1757e-05	1.1952e-09
13	0.99994	2.2476e-05	4.0157e-05	9.1115e-10
14	0.99985	0.00010749	3.8575e-05	4.1885e-09
15	0.99971	0.00025665	3.7013e-05	9.5845e-09
16	0.99986	0.00010484	3.5484e-05	3.758e-09
17	0.99993	3.6073e-05	3.3972e-05	1.2393e-09
18	0.99979	0.00017562	3.2474e-05	5.7407e-09
19	0.99996	1.044e-05	3.1004e-05	3.2471e-10
20	0.99939	0.00057941	2.9501e-05	1.7217e-08
21	0.99991	6.296e-05	2.8051e-05	1.7868e-09
22	0.99989	7.8856e-05	2.6603e-05	2.1183e-09
23	0.99987	0.00010125	2.5173e-05	2.5754e-09
24	0.9998	0.00017631	2.3762e-05	4.2277e-09
25	0.99944	0.00053349	2.2364e-05	1.1979e-08
26	0.99925	0.00072431	2.0988e-05	1.5169e-08
27	0.99947	0.00051472	1.9607e-05	1.0054e-08
28	0.99919	0.00078847	1.8205e-05	1.4363e-08
29	0.99911	0.00086945	1.6826e-05	1.4578e-08
30	0.99934	0.00064209	1.544e-05	9.8587e-09
31	0.99996	2.307e-05	1.4046e-05	3.2451e-10
32	0.99928	0.00070376	1.2654e-05	8.9118e-09
33	0.99903	0.00095969	1.1266e-05	1.0822e-08
34	0.9992	0.00079114	9.8803e-06	7.8227e-09
35	0.99979	0.00019793	8.496e-06	1.6815e-09
36	0.99998	1.0164e-05	7.1255e-06	4.9866e-11
37	0.99999	6.608e-08	6.9646e-06	4.5393e-13
38	0.99913	0.00086434	6.7927e-06	5.9091e-09
39	0.99837	0.0016225	6.6227e-06	1.0784e-08
40	0.99936	0.00063768	6.4591e-06	4.1623e-09
41	0.99931	0.00068032	6.2891e-06	4.3344e-09
42	0.99948	0.00051177	6.1211e-06	3.1776e-09
43	0.99987	0.00012893	5.955e-06	7.8534e-10
44	0.99788	0.002119	5.7752e-06	1.2407e-08
45	0.99564	0.0043581	5.5954e-06	2.4699e-08
46	0.99583	0.0041627	5.4301e-06	2.2846e-08
47	0.9964	0.0035981	5.2616e-06	1.9148e-08
48	0.99971	0.00028402	5.1075e-06	1.4545e-09
49	0.99996	3.9377e-05	4.9319e-06	1.9367e-10
50	0.99999	6.5374e-07	4.7502e-06	3.1293e-12
51	0.99983	0.00016319	4.5678e-06	7.5014e-10
52	0.99999	4.0301e-06	4.3874e-06	1.7742e-11
53	0.99902	0.0009757	4.2022e-06	4.0793e-09
54	0.99963	0.00036477	4.0186e-06	1.4546e-09
55	0.99976	0.00023204	3.8278e-06	8.8577e-10
56	0.99961	0.00039118	3.6363e-06	1.4111e-09
57	0.99987	0.00013135	3.4412e-06	4.4109e-10
58	0.99951	0.0004899	3.2388e-06	1.5411e-09
59	0.99957	0.00042744	3.0328e-06	1.2243e-09
60	0.99985	0.00014301	2.8274e-06	2.7998e-10
61	0.9978	0.0021933	2.9225e-06	6.3574e-09
62	0.98987	0.010127	2.9986e-06	3.0645e-08
63	0.98192	0.018076	3.0683e-06	5.6634e-08
64	0.97994	0.020054	3.1551e-06	6.4711e-08
65	0.98223	0.017764	3.255e-06	5.8879e-08
66	0.99223	0.0077677	3.3772e-06	2.6339e-08
67	0.99478	0.0052148	3.4704e-06	1.811e-08
68	0.99763	0.0023706	3.5604e-06	8.4549e-09
69	0.99991	8.2939e-05	3.6478e-06	3.0152e-10
70	0.9992	0.00079803	3.7198e-06	2.977e-09
71	0.99965	0.00035113	3.7952e-06	1.3244e-09
72	0.99975	0.00024548	3.8646e-06	9.3419e-10
73	0.99532	0.0046736	3.9108e-06	1.8199e-08
74	0.99487	0.0051212	3.9675e-06	2.0252e-08
75	0.99774	0.0022602	4.0329e-06	9.0725e-09
76	0.99595	0.0040432	4.0751e-06	1.6543e-08
77	0.99671	0.0032809	4.1231e-06	1.3661e-08
78	0.99727	0.0027258	4.1694e-06	1.1528e-08
79	0.9907	0.0092997	4.1847e-06	3.9646e-08
80	0.98943	0.010565	4.2177e-06	4.5553e-08
81	0.9912	0.0087952	4.2629e-06	3.8353e-08
82	0.98398	0.016019	4.264e-06	7.0518e-08
83	0.98227	0.017723	4.2884e-06	7.8614e-08
84	0.98462	0.015377	4.33e-06	6.8739e-08
85	0.84935	0.15064	3.7609e-06	6.6885e-07
86	0.80256	0.19744	3.5738e-06	8.8257e-07
87	0.78516	0.21483	3.5166e-06	9.6544e-07
88	0.76514	0.23485	3.4427e-06	1.0606e-06
89	0.76278	0.23721	3.4444e-06	1.0759e-06
90	0.77731	0.22268	3.5185e-06	1.0143e-06
91	0.81796	0.18204	3.7112e-06	8.3315e-07
92	0.78387	0.21613	3.5637e-06	9.9105e-07
93	0.73903	0.26096	3.367e-06	1.1972e-06
94	0.58482	0.41517	2.6637e-06	1.9055e-06
95	0.36997	0.63002	1.6857e-06	2.8871e-06
96	0.30314	0.69685	1.379e-06	3.1933e-06
97	0.2149	0.78509	9.7656e-07	3.5937e-06
98	0.1796	0.82039	8.1636e-07	3.7504e-06
99	0.17089	0.82911	7.7556e-07	3.7836e-06
100	0.15738	0.84261	7.1352e-07	3.8365e-06
101	0.15831	0.84169	7.1592e-07	3.821e-06
102	0.17506	0.82493	7.8869e-07	3.7311e-06
103	0.088473	0.91152	3.9805e-07	4.1031e-06
104	0.058319	0.94168	2.6124e-07	4.2174e-06
105	0.04844	0.95156	2.1556e-07	4.2368e-06
106	0.03331	0.96669	1.4748e-07	4.2767e-06
107	0.029574	0.97042	1.2995e-07	4.2622e-06
108	0.029935	0.97006	1.3062e-07	4.2275e-06
109	0.035107	0.96489	1.5229e-07	4.1701e-06
110	0.017017	0.98298	7.4602e-08	4.2101e-06
111	0.0097495	0.99025	4.3845e-08	4.2014e-06
112	0.0079684	0.99203	3.641e-08	4.1655e-06
113	0.0081082	0.99189	3.7468e-08	4.1192e-06
114	0.010498	0.9895	4.8842e-08	4.0607e-06
115	0.011998	0.988	5.6097e-08	4.0026e-06
116	0.01679	0.98321	7.8621e-08	3.9273e-06
117	0.029215	0.97078	1.3686e-07	3.8144e-06
118	0.059978	0.94002	2.8084e-07	3.614e-06
119	0.14781	0.85219	6.8636e-07	3.1482e-06
120	0.39802	0.60197	1.824e-06	1.9464e-06
121	0.39322	0.60678	1.9531e-06	2.2347e-06
122	0.40443	0.59556	2.1495e-06	2.4508e-06
123	0.4451	0.5549	2.4844e-06	2.5237e-06
124	0.47504	0.52496	2.8028e-06	2.6149e-06
125	0.47519	0.5248	2.9854e-06	2.8442e-06
126	0.49049	0.50951	3.2616e-06	2.982e-06
127	0.4548	0.54519	3.2029e-06	3.4566e-06
128	0.44321	0.55678	3.2987e-06	3.7789e-06
129	0.44572	0.55427	3.4954e-06	4.0026e-06
130	0.36262	0.63737	2.9898e-06	4.9309e-06
131	0.26507	0.73492	2.2824e-06	6.0562e-06
132	0.23557	0.76442	2.1158e-06	6.636e-06
133	0.20475	0.79524	1.9093e-06	7.2508e-06
134	0.19327	0.80672	1.8731e-06	7.6966e-06
135	0.19337	0.80662	1.9471e-06	8.0339e-06
136	0.16971	0.83028	1.7704e-06	8.6236e-06
137	0.16563	0.83436	1.7889e-06	9.0134e-06
138	0.17072	0.82927	1.9078e-06	9.3041e-06
139	0.15739	0.8426	1.8173e-06	9.8061e-06
140	0.15721	0.84277	1.8737e-06	1.0157e-05
141	0.16669	0.83329	2.0499e-06	1.0389e-05
142	0.17153	0.82846	2.1761e-06	1.0672e-05
143	0.18913	0.81086	2.4749e-06	1.0784e-05
144	0.23251	0.76748	3.1394e-06	1.0533e-05
145	0.2618	0.73818	3.6461e-06	1.044e-05
146	0.33157	0.66842	4.7681e-06	9.7346e-06
147	0.50384	0.49614	7.4966e-06	7.4248e-06
148	0.99506	0.0049251	1.5259e-05	7.5677e-08
149	0.99523	0.0047528	1.5667e-05	7.5076e-08
150	0.99812	0.0018628	1.6123e-05	3.013e-08
151	0.99706	0.0029185	1.651e-05	4.8407e-08
152	0.99154	0.0084427	1.6825e-05	1.4289e-07
153	0.98615	0.01383	1.7131e-05	2.3994e-07
154	0.98624	0.013739	1.7523e-05	2.442e-07
155	0.9798	0.02018	1.7801e-05	3.6672e-07
156	0.97987	0.020116	1.8188e-05	3.7391e-07
157	0.98434	0.01564	1.8663e-05	2.9689e-07
158	0.98845	0.01153	1.9128e-05	2.2382e-07
159	0.99959	0.00038776	1.974e-05	7.7226e-09
160	0.99752	0.0024625	2.0099e-05	4.9655e-08
161	0.99772	0.0022628	2.0497e-05	4.663e-08
162	0.99988	0.00010241	2.094e-05	2.1384e-09
163	0.99982	0.00015968	2.1331e-05	3.395e-09
164	0.99972	0.00025946	2.1713e-05	5.6505e-09
165	0.99989	8.4427e-05	2.2106e-05	1.854e-09
166	0.99381	0.0061716	2.2366e-05	1.3677e-07
167	0.97374	0.026237	2.2297e-05	5.9354e-07
168	0.96851	0.031467	2.2546e-05	7.2441e-07
169	0.97027	0.029709	2.2949e-05	6.953e-07
170	0.9782	0.021772	2.3506e-05	5.1622e-07
171	0.98533	0.014646	2.4042e-05	3.516e-07
172	0.98563	0.014347	2.4409e-05	3.4979e-07
173	0.98102	0.018956	2.4646e-05	4.7082e-07
174	0.97601	0.023961	2.4863e-05	6.0579e-07
175	0.94945	0.050523	2.4525e-05	1.2989e-06
176	0.9425	0.057476	2.4674e-05	1.4995e-06
177	0.94472	0.055258	2.5053e-05	1.4624e-06
178	0.945	0.054972	2.5387e-05	1.4747e-06
179	0.95574	0.044235	2.5997e-05	1.2045e-06
180	0.98262	0.017351	2.7064e-05	4.8182e-07
181	0.98827	0.011706	2.7564e-05	3.3015e-07
182	0.99238	0.0075917	2.803e-05	2.1714e-07
183	0.99557	0.0043989	2.8478e-05	1.272e-07
184	0.99596	0.004009	2.884e-05	1.1731e-07
185	0.9967	0.003269	2.9204e-05	9.7173e-08
186	0.99726	0.0027059	2.9568e-05	8.1588e-08
187	0.99601	0.0039563	2.9871e-05	1.2088e-07
188	0.9968	0.003167	3.0241e-05	9.8346e-08
189	0.99742	0.0025507	3.0611e-05	8.0466e-08
190	0.97724	0.022731	3.0332e-05	7.163e-07
191	0.96979	0.030174	3.045e-05	9.601e-07
192	0.96945	0.030523	3.0783e-05	9.831e-07
193	0.95918	0.040786	3.0802e-05	1.3261e-06
194	0.94738	0.052587	3.0754e-05	1.7287e-06
195	0.89491	0.10505	2.9363e-05	3.4798e-06
196	0.82617	0.17379	2.741e-05	5.7988e-06
197	0.74584	0.25413	2.5002e-05	8.5673e-06
198	0.71905	0.28092	2.4348e-05	9.5745e-06
199	0.40838	0.59158	1.3815e-05	2.0455e-05
200	0.28202	0.71795	9.5524e-06	2.5068e-05
201	0.23108	0.76889	7.8672e-06	2.7107e-05
202	0.21168	0.78829	7.2658e-06	2.8066e-05
203	0.20898	0.79099	7.2387e-06	2.8446e-05
204	0.21653	0.78343	7.5779e-06	2.8462e-05
205	0.23994	0.76003	8.4965e-06	2.7901e-05
206	0.23819	0.76177	8.5203e-06	2.8238e-05
207	0.24844	0.75153	8.989e-06	2.8133e-05
208	0.25339	0.74657	9.2715e-06	2.8217e-05
209	0.27427	0.72569	1.0168e-05	2.7692e-05
210	0.34588	0.65409	1.3022e-05	2.5203e-05
211	0.51199	0.48797	1.9633e-05	1.896e-05
212	0.9857	0.014259	3.8397e-05	5.584e-07
213	0.98719	0.012766	3.8806e-05	5.0478e-07
214	0.51051	0.48945	2.0086e-05	1.9574e-05
215	0.3164	0.68356	1.248e-05	2.7532e-05
216	0.23765	0.76231	9.4244e-06	3.0945e-05
217	0.2064	0.79356	8.2493e-06	3.248e-05
218	0.19959	0.80037	8.0423e-06	3.3042e-05
219	0.20355	0.79641	8.2777e-06	3.3166e-05
220	0.22168	0.77828	9.1119e-06	3.2693e-05
221	0.28438	0.71558	1.1825e-05	3.0337e-05
222	0.42991	0.57005	1.8128e-05	2.4395e-05
223	0.53413	0.46583	2.2788e-05	2.0099e-05
224	0.53402	0.46593	2.2976e-05	2.0269e-05
225	0.53321	0.46674	2.3127e-05	2.047e-05
226	0.42393	0.57603	1.8529e-05	2.5426e-05
227	0.31264	0.68731	1.3737e-05	3.0569e-05
228	0.26802	0.73194	1.1863e-05	3.2798e-05
229	0.21156	0.78839	9.4142e-06	3.5597e-05
230	0.19315	0.80681	8.6457e-06	3.6711e-05
231	0.19203	0.80792	8.651e-06	3.7046e-05
232	0.16816	0.8318	7.6119e-06	3.8429e-05
233	0.15986	0.84009	7.2841e-06	3.9103e-05
234	0.16168	0.83827	7.4246e-06	3.9313e-05
235	0.17795	0.822	8.2368e-06	3.8847e-05
236	0.21833	0.78162	1.0203e-05	3.7229e-05
237	0.3188	0.68115	1.5083e-05	3.2702e-05
238	0.24448	0.75548	1.166e-05	3.6482e-05
239	0.22255	0.7774	1.0689e-05	3.7803e-05
240	0.21585	0.7841	1.0448e-05	3.8399e-05
241	0.20866	0.79129	1.0173e-05	3.9023e-05
242	0.21167	0.78828	1.0401e-05	3.9148e-05
243	0.23165	0.7683	1.1473e-05	3.8423e-05
244	0.29998	0.69997	1.4971e-05	3.5267e-05
245	0.45844	0.54151	2.3102e-05	2.7482e-05
246	0.84774	0.15221	4.3244e-05	7.6919e-06
247	0.85286	0.14709	4.3769e-05	7.4849e-06
248	0.87609	0.12386	4.5211e-05	6.355e-06
249	0.93199	0.067961	4.8358e-05	3.5255e-06
250	0.94597	0.053973	4.9365e-05	2.8291e-06
251	0.93648	0.063463	4.9139e-05	3.3584e-06
252	0.93541	0.06454	4.9367e-05	3.4411e-06
253	0.94331	0.056635	5.0062e-05	3.0499e-06
254	0.92495	0.074993	4.9351e-05	4.0702e-06
255	0.91936	0.080582	4.9337e-05	4.401e-06
256	0.91391	0.086032	4.9317e-05	4.7305e-06
257	0.91607	0.083876	4.9719e-05	4.6436e-06
258	0.92743	0.072517	5.0637e-05	4.0465e-06
259	0.92571	0.074235	5.0848e-05	4.1649e-06
260	0.93119	0.068754	5.1468e-05	3.8798e-06
261	0.94793	0.052019	5.2739e-05	2.9501e-06
262	0.95041	0.049536	5.3198e-05	2.8243e-06
263	0.96155	0.038397	5.4165e-05	2.1987e-06
264	0.99981	0.00013315	5.6689e-05	7.6557e-09
265	0.99883	0.0011098	5.6959e-05	6.3563e-08
266	0.99917	0.00076772	5.7311e-05	4.4035e-08
267	0.99992	2.6323e-05	5.7678e-05	1.5266e-09
268	0.99986	7.9261e-05	5.8006e-05	4.599e-09
269	0.9993	0.00063937	5.8296e-05	3.7521e-08
270	0.99987	6.9501e-05	5.866e-05	4.1077e-09
271	0.99933	0.00060941	5.8952e-05	3.6328e-08
272	0.99897	0.00097396	5.9261e-05	5.8291e-08
273	0.99993	1.0204e-05	5.9658e-05	6.1735e-10
274	0.99986	8.2675e-05	6e-05	4.9872e-09
275	0.99895	0.00098482	6.03e-05	5.9376e-08
276	0.99963	0.00030864	6.0687e-05	1.8926e-08
277	0.89593	0.10401	5.4576e-05	6.4676e-06
278	0.86023	0.13971	5.2628e-05	8.7465e-06
279	0.8497	0.15023	5.2233e-05	9.4662e-06
280	0.8338	0.16613	5.15e-05	1.0529e-05
281	0.76728	0.23266	4.7505e-05	1.4847e-05
282	0.74152	0.25842	4.6105e-05	1.6578e-05
283	0.71543	0.28451	4.465e-05	1.8356e-05
284	0.70726	0.29267	4.4347e-05	1.8988e-05
285	0.69339	0.30654	4.3682e-05	1.9989e-05
286	0.67305	0.32689	4.26e-05	2.1412e-05
287	0.65165	0.34828	4.1421e-05	2.2925e-05
288	0.64735	0.35258	4.1356e-05	2.333e-05
289	0.64103	0.35891	4.1166e-05	2.3867e-05
290	0.65042	0.34952	4.1994e-05	2.3379e-05
291	0.68679	0.31314	4.4586e-05	2.1121e-05
292	0.63586	0.36408	4.1362e-05	2.4672e-05
293	0.61717	0.38276	4.0304e-05	2.6063e-05
294	0.61372	0.38621	4.0271e-05	2.6435e-05
295	0.57504	0.42489	3.7869e-05	2.9183e-05
296	0.5305	0.46943	3.5024e-05	3.2368e-05
297	0.51343	0.4865	3.4039e-05	3.3698e-05
298	0.42464	0.5753	2.8168e-05	3.992e-05
299	0.38718	0.61275	2.5766e-05	4.2678e-05
300	0.37458	0.62535	2.5048e-05	4.3757e-05
301	0.32157	0.67836	2.1532e-05	4.7629e-05
302	0.30166	0.69827	2.0278e-05	4.9244e-05
303	0.2968	0.70313	2.0058e-05	4.983e-05
304	0.30434	0.69559	2.0705e-05	4.9554e-05
305	0.33554	0.66439	2.3014e-05	4.7611e-05
306	0.41001	0.58992	2.844e-05	4.2557e-05
307	0.64913	0.3508	4.5608e-05	2.5753e-05
308	0.81738	0.18255	5.7951e-05	1.3782e-05
309	0.98156	0.01837	7.0054e-05	2.0412e-06
310	0.97925	0.020675	6.9604e-05	2.1523e-06
311	0.98127	0.018656	6.9533e-05	1.8926e-06
312	0.99076	0.0091657	7.0165e-05	9.2219e-07
313	0.9924	0.007533	7.0022e-05	7.3484e-07
314	0.99339	0.0065364	6.9821e-05	6.1373e-07
315	0.99957	0.00035981	7.0071e-05	3.332e-08
316	0.93568	0.064255	6.5252e-05	4.5137e-06
317	0.914	0.08593	6.3408e-05	6.0112e-06
318	0.9063	0.093631	6.2564e-05	6.5162e-06
319	0.90688	0.093055	6.2306e-05	6.4422e-06
320	0.91902	0.080913	6.2832e-05	5.5769e-06
321	0.95189	0.048041	6.4788e-05	3.2899e-06
322	0.9608	0.039134	6.5072e-05	2.6672e-06
323	0.96685	0.033078	6.5167e-05	2.2406e-06
324	0.98978	0.010153	6.6383e-05	6.8423e-07
325	0.9901	0.0098357	6.6077e-05	6.5801e-07
326	0.99486	0.0050704	6.6058e-05	3.3657e-07
327	0.99992	1.2352e-05	6.6045e-05	8.1427e-10
328	0.99732	0.0026141	6.5535e-05	1.7042e-07
329	0.99725	0.0026879	6.5182e-05	1.7428e-07
330	0.99992	1.0822e-05	6.4999e-05	6.9676e-10
331	0.99846	0.0014724	6.4556e-05	9.4336e-08
332	0.97783	0.022103	6.288e-05	1.4138e-06
333	0.97018	0.029752	6.2056e-05	1.8889e-06
334	0.96969	0.030244	6.168e-05	1.9082e-06
335	0.97577	0.024167	6.171e-05	1.5145e-06
336	0.99811	0.0018264	6.2739e-05	1.1363e-07
337	0.99563	0.0043064	6.2222e-05	2.6669e-07
338	0.99595	0.0039922	6.187e-05	2.4572e-07
339	0.99988	6.1979e-05	6.1732e-05	3.8177e-09
340	0.99971	0.00023297	6.1348e-05	1.4318e-08
341	0.99907	0.00087362	6.0944e-05	5.3088e-08
342	0.99994	1.1207e-06	6.0623e-05	6.8127e-11
343	0.99896	0.00097826	6.0199e-05	5.8927e-08
344	0.9984	0.0015424	5.9791e-05	9.2685e-08
345	0.99936	0.00058147	5.9483e-05	3.4682e-08
346	0.99841	0.0015331	5.9054e-05	9.101e-08
347	0.99737	0.0025689	5.8628e-05	1.5112e-07
348	0.99841	0.0015315	5.8316e-05	8.9747e-08
349	0.99595	0.0039878	5.7791e-05	2.3321e-07
350	0.99595	0.0039948	5.7419e-05	2.3215e-07
351	0.99838	0.0015585	5.7197e-05	8.9709e-08
352	0.99301	0.0069316	5.6518e-05	3.9528e-07
353	0.9924	0.0075397	5.6104e-05	4.2783e-07
354	0.9947	0.0052398	5.5863e-05	2.9545e-07
355	0.99367	0.0062701	5.5426e-05	3.5167e-07
356	0.99525	0.0046912	5.5142e-05	2.6139e-07
357	0.9972	0.0027495	5.4869e-05	1.5305e-07
358	0.99688	0.0030613	5.4479e-05	1.6928e-07
359	0.9985	0.0014427	5.4202e-05	7.9424e-08
360	0.99992	2.8465e-05	5.392e-05	1.572e-09
361	0.99957	0.00037961	5.3548e-05	2.0562e-08
362	0.99949	0.0004594	5.3198e-05	2.4716e-08
363	0.99873	0.0012211	5.2819e-05	6.4891e-08
364	0.99836	0.001585	5.2454e-05	8.395e-08
365	0.99797	0.0019729	5.2095e-05	1.0376e-07
366	0.99756	0.0023835	5.1741e-05	1.2417e-07
367	0.99756	0.0023852	5.1401e-05	1.236e-07
368	0.99958	0.00036752	5.1172e-05	1.882e-08
369	0.99953	0.00042088	5.0828e-05	2.1363e-08
370	0.99726	0.0026884	5.0365e-05	1.3605e-07
371	0.99716	0.0027867	5.002e-05	1.3971e-07
372	0.99983	0.00011584	4.9804e-05	5.8129e-09
373	0.99973	0.00021889	4.9457e-05	1.0893e-08
374	0.99751	0.0024438	4.9012e-05	1.2002e-07
375	0.99536	0.0045931	4.8564e-05	2.2451e-07
376	0.99553	0.0044215	4.8237e-05	2.1436e-07
377	0.99886	0.0010887	4.8055e-05	5.2712e-08
378	0.99955	0.00040468	4.7751e-05	1.9526e-08
379	0.99958	0.00037611	4.7421e-05	1.7958e-08
380	0.99897	0.00098179	4.7067e-05	4.6167e-08
381	0.99995	1.1065e-07	4.678e-05	5.1373e-12
382	0.99888	0.0010691	4.6388e-05	4.961e-08
383	0.99804	0.0019154	4.6001e-05	8.8484e-08
384	0.99883	0.0011266	4.5696e-05	5.1514e-08
385	0.99986	9.255e-05	4.5394e-05	4.2219e-09
386	0.99995	7.4351e-06	4.5055e-05	3.3387e-10
387	0.99995	3.6826e-06	4.4704e-05	1.656e-10
388	0.99873	0.0012252	4.4291e-05	5.5037e-08
389	0.99745	0.0025024	4.3883e-05	1.1126e-07
390	0.99801	0.0019415	4.3564e-05	8.5597e-08
391	0.98136	0.018598	4.2485e-05	8.1194e-07
392	0.96429	0.035667	4.1389e-05	1.5482e-06
393	0.95799	0.041969	4.0776e-05	1.8063e-06
394	0.93125	0.068703	3.9287e-05	2.9344e-06
395	0.92168	0.07828	3.8553e-05	3.3137e-06
396	0.92219	0.077766	3.8239e-05	3.2661e-06
397	0.90802	0.091936	3.7325e-05	3.8247e-06
398	0.89187	0.10809	3.633e-05	4.4575e-06
399	0.8874	0.11256	3.5831e-05	4.6003e-06
400	0.89482	0.10514	3.5804e-05	4.2633e-06
401	0.91795	0.082013	3.6407e-05	3.302e-06
402	0.97313	0.026826	3.8281e-05	1.0762e-06
403	0.96991	0.030048	3.7819e-05	1.1918e-06
404	0.97182	0.028143	3.7567e-05	1.1045e-06
405	0.98337	0.016593	3.7679e-05	6.453e-07
406	0.98612	0.013837	3.7435e-05	5.3368e-07
407	0.99466	0.0052997	3.7417e-05	2.029e-07
408	0.9967	0.0032664	3.7139e-05	1.2453e-07
409	0.99393	0.00603	3.6688e-05	2.2622e-07
410	0.99401	0.0059555	3.6349e-05	2.2097e-07
411	0.99677	0.0031958	3.6114e-05	1.1705e-07
412	0.99989	7.3839e-05	3.5883e-05	2.6909e-09
413	0.99994	2.6883e-05	3.5544e-05	9.5681e-10
414	0.99697	0.0029916	3.5106e-05	1.0438e-07
415	0.95328	0.046689	3.325e-05	1.6194e-06
416	0.94046	0.059505	3.2475e-05	2.0456e-06
417	0.93929	0.060677	3.2098e-05	2.0663e-06
418	0.93583	0.064134	3.1652e-05	2.162e-06
419	0.93899	0.060981	3.1435e-05	2.033e-06
420	0.95429	0.045675	3.161e-05	1.5051e-06
421	0.95632	0.043652	3.1333e-05	1.4232e-06
422	0.9681	0.031865	3.1361e-05	1.0294e-06
423	0.99882	0.0011484	3.1993e-05	3.6873e-08
424	0.98467	0.015302	3.1175e-05	4.8902e-07
425	0.97927	0.020704	3.0649e-05	6.5328e-07
426	0.97862	0.02135	3.028e-05	6.6524e-07
427	0.97756	0.022408	2.9905e-05	6.8866e-07
428	0.98198	0.017993	2.9689e-05	5.4578e-07
429	0.999	0.00097262	2.984e-05	2.9526e-08
430	0.99757	0.0024009	2.9437e-05	7.1699e-08
431	0.97888	0.021093	2.8519e-05	6.2297e-07
432	0.97205	0.027926	2.7968e-05	8.1354e-07
433	0.94807	0.051903	2.6919e-05	1.4936e-06
434	0.91469	0.085279	2.5631e-05	2.4179e-06
435	0.90238	0.097596	2.4962e-05	2.7284e-06
436	0.70014	0.29984	1.9137e-05	8.1994e-06
437	0.62978	0.37019	1.6987e-05	9.9898e-06
438	0.60693	0.39304	1.6145e-05	1.0466e-05
439	0.25644	0.74354	6.7399e-06	1.9509e-05
440	0.13347	0.86651	3.4545e-06	2.2428e-05
441	0.095248	0.90473	2.4218e-06	2.309e-05
442	0.080408	0.91957	2.0128e-06	2.313e-05
443	0.077464	0.92251	1.9081e-06	2.2861e-05
444	0.082884	0.91709	2.0074e-06	2.2384e-05
445	0.076972	0.923	1.8294e-06	2.218e-05
446	0.078258	0.92172	1.8277e-06	2.1801e-05
447	0.087082	0.91289	2e-06	2.125e-05
448	0.069501	0.93048	1.5669e-06	2.1307e-05
449	0.063628	0.93635	1.4106e-06	2.1089e-05
450	0.066364	0.93361	1.4464e-06	2.0674e-05
451	0.055463	0.94452	1.1837e-06	2.0554e-05
452	0.053744	0.94623	1.1237e-06	2.0226e-05
453	0.057418	0.94256	1.1778e-06	1.9786e-05
454	0.058097	0.94188	1.1691e-06	1.941e-05
455	0.065057	0.93492	1.2863e-06	1.891e-05
456	0.069075	0.9309	1.3418e-06	1.8473e-05
457	0.08201	0.91797	1.5683e-06	1.7866e-05
458	0.090165	0.90982	1.6957e-06	1.7361e-05
459	0.12065	0.87933	2.2329e-06	1.6441e-05
460	0.15026	0.84972	2.7268e-06	1.556e-05
461	0.21972	0.78027	3.9174e-06	1.3983e-05
462	0.39076	0.60923	6.8601e-06	1.0657e-05
463	0.43532	0.56466	7.4767e-06	9.6521e-06
464	0.56502	0.43497	9.479e-06	7.2563e-06
465	0.97952	0.020463	1.6001e-05	3.3482e-07
466	0.98102	0.018968	1.5638e-05	3.0273e-07
467	0.98942	0.010567	1.5375e-05	1.6484e-07
468	0.99604	0.0039416	1.5084e-05	5.9846e-08
469	0.99555	0.0044397	1.4675e-05	6.5675e-08
470	0.99739	0.0025949	1.4304e-05	3.7253e-08
471	0.99962	0.00036265	1.3931e-05	5.0885e-09
472	0.99962	0.00036667	1.3529e-05	4.9876e-09
473	0.99901	0.00097764	1.3124e-05	1.2817e-08
474	0.99985	0.00013464	1.2731e-05	1.709e-09
475	0.99982	0.00016369	1.232e-05	2.0297e-09
476	0.99957	0.00041949	1.191e-05	5.0231e-09
477	0.99958	0.00040472	1.1508e-05	4.6548e-09
478	0.99994	5.0101e-05	1.1104e-05	5.5399e-10
479	0.9994	0.00059272	1.0683e-05	6.344e-09
480	0.99996	3.1011e-05	1.0278e-05	2.8061e-10
481	0.99655	0.0034374	9.8316e-06	2.9385e-08
482	0.9958	0.004193	9.4143e-06	3.3023e-08
483	0.99713	0.0028567	9.019e-06	1.812e-08
484	0.95881	0.041185	8.8172e-06	3.7596e-07
485	0.78741	0.21258	7.3526e-06	1.9977e-06
486	0.71815	0.28184	6.8171e-06	2.6911e-06
487	0.40051	0.59948	3.8721e-06	5.7943e-06
488	0.30123	0.69876	2.9576e-06	6.8626e-06
489	0.25889	0.7411	2.5838e-06	7.3897e-06
490	0.097375	0.90261	9.8769e-07	9.1349e-06
491	0.046788	0.9532	4.7988e-07	9.7878e-06
492	0.026276	0.97371	2.7339e-07	1.0139e-05
493	0.020331	0.97966	2.1404e-07	1.0339e-05
494	0.01865	0.98134	1.9898e-07	1.0493e-05
495	0.02026	0.97973	2.1936e-07	1.0612e-05
496	0.014853	0.98514	1.6301e-07	1.0804e-05
497	0.014373	0.98562	1.5954e-07	1.0938e-05
498	0.018101	0.98189	2.0279e-07	1.1022e-05
499	0.014708	0.98528	1.6655e-07	1.1185e-05
500	0.015463	0.98453	1.7672e-07	1.1297e-05
501	0.019445	0.98054	2.2467e-07	1.1371e-05
502	0.032205	0.96778	3.7534e-07	1.1338e-05
503	0.06904	0.93095	8.0973e-07	1.1018e-05
504	0.15952	0.84047	1.8924e-06	1.0048e-05
505	0.18188	0.81811	2.1762e-06	9.8738e-06
506	0.23555	0.76444	2.8459e-06	9.313e-06
507	0.3897	0.61029	4.7449e-06	7.5186e-06
508	0.50677	0.49322	6.2302e-06	6.1381e-06
509	0.79488	0.20511	9.891e-06	2.5826e-06
510	0.99757	0.0024125	1.2549e-05	3.0829e-08
511	0.99686	0.0031252	1.2647e-05	4.006e-08
512	0.99844	0.0015501	1.2769e-05	2.014e-08
513	0.99828	0.0017028	1.287e-05	2.227e-08
514	0.99602	0.0039657	1.2944e-05	5.19e-08
515	0.99614	0.0038488	1.3051e-05	5.0604e-08
516	0.99961	0.00037482	1.3197e-05	4.9561e-09
517	0.99686	0.0031218	1.3255e-05	4.164e-08
518	0.99644	0.0035433	1.3345e-05	4.7503e-08
519	0.99884	0.0011438	1.3467e-05	1.5515e-08
520	0.98529	0.014692	1.3374e-05	1.997e-07
521	0.9814	0.018582	1.3406e-05	2.5451e-07
522	0.97762	0.022367	1.3432e-05	3.0886e-07
523	0.90996	0.090031	1.2556e-05	1.2607e-06
524	0.88709	0.1129	1.2295e-05	1.5919e-06
525	0.87914	0.12084	1.2244e-05	1.7134e-06
526	0.86685	0.13313	1.2133e-05	1.8966e-06
527	0.86514	0.13485	1.2172e-05	1.9304e-06
528	0.87352	0.12647	1.2357e-05	1.8193e-06
529	0.86943	0.13056	1.2357e-05	1.8865e-06
530	0.8651	0.13488	1.2347e-05	1.958e-06
531	0.87047	0.12951	1.248e-05	1.8889e-06
532	0.86055	0.13943	1.2385e-05	2.0415e-06
533	0.86058	0.1394	1.2436e-05	2.0493e-06
534	0.87382	0.12617	1.2675e-05	1.8644e-06
535	0.85215	0.14784	1.2405e-05	2.1894e-06
536	0.84777	0.15222	1.2382e-05	2.2623e-06
537	0.85283	0.14716	1.25e-05	2.1951e-06
538	0.85754	0.14245	1.2608e-05	2.133e-06
539	0.87504	0.12494	1.2908e-05	1.8789e-06
540	0.9183	0.08169	1.36e-05	1.2349e-06
541	0.94906	0.050927	1.411e-05	7.7254e-07
542	0.93414	0.065842	1.3936e-05	9.9612e-07
543	0.93009	0.069892	1.3926e-05	1.058e-06
544	0.68354	0.31645	1.0288e-05	4.741e-06
545	0.60681	0.39318	9.1618e-06	5.9077e-06
546	0.5816	0.41838	8.8015e-06	6.3037e-06
547	0.27636	0.72362	4.1659e-06	1.097e-05
548	0.15207	0.84791	2.2872e-06	1.288e-05
549	0.10164	0.89834	1.5294e-06	1.3668e-05
550	0.034674	0.96531	5.2402e-07	1.4704e-05
551	0.013698	0.98629	2.0689e-07	1.5048e-05
552	0.0072327	0.99275	1.0845e-07	1.5169e-05
553	0.0047584	0.99523	7.0947e-08	1.5228e-05
554	0.004143	0.99584	6.1684e-08	1.5259e-05
555	0.0054482	0.99454	8.1108e-08	1.5258e-05
556	0.005553	0.99443	8.2533e-08	1.5273e-05
557	0.0074275	0.99256	1.1078e-07	1.5262e-05
558	0.012687	0.9873	1.9057e-07	1.5199e-05
559	0.016042	0.98394	2.4198e-07	1.5163e-05
560	0.025304	0.97468	3.8453e-07	1.5036e-05
561	0.04845	0.95153	7.4299e-07	1.4693e-05
562	0.10196	0.89803	1.5768e-06	1.3874e-05
563	0.27277	0.72722	4.2259e-06	1.1236e-05
564	0.75927	0.24072	1.174e-05	3.7278e-06
565	0.75225	0.24774	1.1631e-05	3.8386e-06
566	0.75647	0.24351	1.1698e-05	3.774e-06
567	0.78343	0.21655	1.211e-05	3.3588e-06
568	0.76357	0.23642	1.18e-05	3.6661e-06
569	0.76131	0.23868	1.1759e-05	3.7006e-06
570	0.77143	0.22855	1.1911e-05	3.5422e-06
571	0.38446	0.61553	5.9636e-06	9.4845e-06
572	0.26331	0.73667	4.0913e-06	1.1347e-05
573	0.22615	0.77383	3.5119e-06	1.1912e-05
574	0.093785	0.9062	1.4502e-06	1.3955e-05
575	0.036364	0.96362	5.621e-07	1.4824e-05
576	0.016251	0.98373	2.499e-07	1.5113e-05
577	0.0081018	0.99188	1.2436e-07	1.5215e-05
578	0.0054603	0.99452	8.3395e-08	1.5229e-05
579	0.0046929	0.99529	7.1501e-08	1.5213e-05
580	0.0033628	0.99662	5.0874e-08	1.5202e-05
581	0.0032923	0.99669	4.9634e-08	1.5171e-05
582	0.0044208	0.99556	6.6673e-08	1.5121e-05
583	0.0049914	0.99499	7.5001e-08	1.5076e-05
584	0.0045676	0.99542	6.8491e-08	1.5045e-05
585	0.0054334	0.99455	8.1551e-08	1.4994e-05
586	0.0025158	0.99747	3.7583e-08	1.4997e-05
587	0.0017916	0.99819	2.6506e-08	1.4962e-05
588	0.0017486	0.99824	2.5708e-08	1.4917e-05
589	0.0023549	0.99763	3.456e-08	1.4861e-05
590	0.0040592	0.99593	5.9651e-08	1.4788e-05
591	0.0098884	0.9901	1.4478e-07	1.4651e-05
592	0.004959	0.99503	7.2028e-08	1.4672e-05
593	0.0028876	0.9971	4.1703e-08	1.465e-05
594	0.0021415	0.99784	3.088e-08	1.4607e-05
595	0.002169	0.99782	3.1372e-08	1.4553e-05
596	0.0033802	0.99661	4.8903e-08	1.4477e-05
597	0.0077509	0.99223	1.1165e-07	1.4353e-05
598	0.010227	0.98976	1.4694e-07	1.4255e-05
599	0.016607	0.98338	2.3857e-07	1.41e-05
600	0.032615	0.96737	4.694e-07	1.3806e-05
601	0.078461	0.92153	1.1251e-06	1.3083e-05
602	0.20912	0.79086	2.9773e-06	1.1159e-05
603	0.62566	0.37432	8.8235e-06	5.2369e-06
604	0.63233	0.36766	8.865e-06	5.1145e-06
605	0.66678	0.3332	9.2844e-06	4.6093e-06
606	0.74898	0.25101	1.0359e-05	3.4496e-06
607	0.77123	0.22876	1.0593e-05	3.1247e-06
608	0.79333	0.20665	1.0816e-05	2.8067e-06
609	0.85108	0.1489	1.1516e-05	2.0113e-06
610	0.86462	0.13536	1.1611e-05	1.8175e-06
611	0.89947	0.10051	1.1987e-05	1.3421e-06
612	0.9867	0.01329	1.3055e-05	1.7673e-07
613	0.99312	0.0068666	1.3045e-05	9.0403e-08
614	0.99982	0.00016917	1.3032e-05	2.2213e-09
615	0.99992	6.3111e-05	1.2933e-05	8.1709e-10
616	0.99964	0.00034349	1.2824e-05	4.4229e-09
617	0.9987	0.0012888	1.27e-05	1.655e-08
618	0.99912	0.0008633	1.2596e-05	1.1037e-08
619	0.96531	0.034677	1.2062e-05	4.3573e-07
620	0.95225	0.047734	1.1796e-05	5.9352e-07
621	0.95052	0.049472	1.1667e-05	6.0971e-07
622	0.34776	0.65223	4.2417e-06	7.9228e-06
623	0.13614	0.86385	1.6453e-06	1.0403e-05
624	0.061887	0.9381	7.372e-07	1.1191e-05
625	0.029718	0.97027	3.4949e-07	1.1457e-05
626	0.016708	0.98328	1.9469e-07	1.1491e-05
627	0.012518	0.98747	1.4417e-07	1.1416e-05
628	0.01212	0.98787	1.3779e-07	1.1293e-05
629	0.014151	0.98584	1.5909e-07	1.1141e-05
630	0.020113	0.97988	2.2408e-07	1.0946e-05
631	0.040156	0.95983	4.42e-07	1.0593e-05
632	0.089473	0.91052	9.7621e-07	9.9233e-06
633	0.23007	0.76991	2.4759e-06	8.2843e-06
634	0.63056	0.36942	6.6741e-06	3.9425e-06
635	0.72064	0.27935	7.528e-06	2.9454e-06
636	0.94292	0.057074	9.7376e-06	5.933e-07
637	0.94533	0.054661	9.6299e-06	5.5966e-07
638	0.95869	0.041301	9.6269e-06	4.1622e-07
639	0.99902	0.00097131	9.8819e-06	9.5867e-09
640	0.9998	0.00019387	9.7326e-06	1.8751e-09
641	0.99832	0.0016665	9.556e-06	1.5933e-08
642	0.99682	0.0031708	9.381e-06	2.9687e-08
643	0.9978	0.0021866	9.2238e-06	2.0075e-08
644	0.99692	0.0030722	9.0504e-06	2.7598e-08
645	0.99799	0.0020032	8.8959e-06	1.737e-08
646	0.95597	0.044018	8.5294e-06	4.0045e-07
647	0.93844	0.06155	8.3859e-06	5.6061e-07
648	0.9352	0.064791	8.3663e-06	5.9167e-07
649	0.86165	0.13834	7.7066e-06	1.263e-06
650	0.83063	0.16936	7.4347e-06	1.5463e-06
651	0.82386	0.17613	7.3773e-06	1.6102e-06
652	0.78133	0.21866	6.9956e-06	1.9982e-06
653	0.76871	0.23128	6.8808e-06	2.1148e-06
654	0.76822	0.23177	6.8769e-06	2.1202e-06
655	0.74259	0.2574	6.6463e-06	2.3523e-06
656	0.73758	0.26241	6.598e-06	2.3975e-06
657	0.74397	0.25602	6.6535e-06	2.3387e-06
658	0.74678	0.25322	6.6774e-06	2.3114e-06
659	0.76799	0.232	6.8635e-06	2.1175e-06
660	0.82044	0.17955	7.3339e-06	1.6388e-06
661	0.8336	0.16639	7.442e-06	1.5177e-06
662	0.87044	0.12955	7.7653e-06	1.1814e-06
663	0.95712	0.04287	8.5428e-06	3.9096e-07
664	0.95461	0.045379	8.509e-06	4.1206e-07
665	0.95932	0.040671	8.5352e-06	3.6832e-07
666	0.97689	0.023103	8.6717e-06	2.0946e-07
667	0.97989	0.020102	8.6771e-06	1.8172e-07
668	0.98227	0.017721	8.6771e-06	1.5949e-07
669	0.99247	0.0075205	8.7418e-06	6.7665e-08
670	0.99993	6.5985e-05	8.7818e-06	5.9101e-10
671	0.99936	0.00063553	8.7446e-06	5.6008e-09
672	0.99991	7.7133e-05	8.7178e-06	6.7508e-10
673	0.99715	0.0028443	8.6622e-06	2.4527e-08
674	0.99703	0.0029647	8.6247e-06	2.5458e-08
675	0.99973	0.00026494	8.6061e-06	2.2772e-09
676	0.99905	0.00093656	8.5591e-06	8.0168e-09
677	0.99879	0.0012031	8.5103e-06	1.0285e-08
678	0.99999	4.9528e-06	8.4745e-06	4.2013e-11
679	0.9999	8.7923e-05	8.4228e-06	7.4708e-10
680	0.99885	0.0011433	8.3631e-06	9.6125e-09
681	0.99914	0.00085211	8.3147e-06	7.0965e-09
682	0.99872	0.0012673	8.2553e-06	1.0493e-08
683	0.99833	0.0016661	8.1963e-06	1.3654e-08
684	0.99998	1.3482e-05	8.1488e-06	1.1181e-10
685	0.99746	0.0025323	8.0684e-06	2.0718e-08
686	0.99719	0.002805	8.0069e-06	2.2775e-08
687	0.99893	0.0010666	7.9619e-06	8.5985e-09
688	0.99912	0.0008743	7.9047e-06	6.939e-09
689	0.99844	0.0015526	7.8357e-06	1.2172e-08
690	0.99965	0.00034245	7.7764e-06	2.6752e-09
691	0.99996	3.3031e-05	7.71e-06	2.5746e-10
692	0.99956	0.00043632	7.6381e-06	3.3513e-09
693	0.99798	0.0020135	7.5576e-06	1.5243e-08
694	0.99153	0.0084613	7.4414e-06	6.3093e-08
695	0.9906	0.0093941	7.3618e-06	6.9377e-08
696	0.99258	0.0074112	7.3037e-06	5.3973e-08
697	0.98575	0.014239	7.1767e-06	1.0263e-07
698	0.98473	0.015265	7.0875e-06	1.0878e-07
699	0.98397	0.01602	6.9952e-06	1.1289e-07
700	0.98257	0.01742	6.8989e-06	1.2119e-07
701	0.98593	0.014061	6.8309e-06	9.6442e-08
702	0.99956	0.00043648	6.8265e-06	2.9591e-09
703	0.9988	0.0011973	6.7239e-06	8.0137e-09
704	0.99959	0.00040256	6.6268e-06	2.6527e-09
705	0.99985	0.00013872	6.5211e-06	9.137e-10
706	0.99744	0.0025548	6.3978e-06	1.6565e-08
707	0.99713	0.0028619	6.2885e-06	1.8243e-08
708	0.99871	0.0012872	6.1909e-06	8.0704e-09
709	0.9972	0.002798	6.0689e-06	1.7209e-08
710	0.99754	0.0024544	5.9584e-06	1.482e-08
711	0.99999	2.5681e-06	5.8601e-06	1.0409e-11
712	0.98717	0.012827	6.1222e-06	8.014e-08
713	0.97289	0.0271	6.3599e-06	1.7897e-07
714	0.96818	0.031813	6.6573e-06	2.2084e-07
715	0.89823	0.10176	6.4705e-06	7.4125e-07
716	0.87054	0.12945	6.5624e-06	9.8552e-07
717	0.8632	0.13679	6.7912e-06	1.0873e-06
718	0.85576	0.14423	7.0086e-06	1.1947e-06
719	0.85781	0.14218	7.305e-06	1.2252e-06
720	0.87192	0.12807	7.7131e-06	1.1464e-06
721	0.78826	0.21173	7.2356e-06	1.9558e-06
722	0.76013	0.23986	7.2247e-06	2.2934e-06
723	0.75535	0.24464	7.4202e-06	2.4187e-06
724	0.72451	0.27548	7.3403e-06	2.8139e-06
725	0.71486	0.28513	7.4678e-06	3.0039e-06
726	0.71807	0.28192	7.7313e-06	3.0602e-06
727	0.74364	0.25635	8.2398e-06	2.8658e-06
728	0.8058	0.19419	9.1877e-06	2.2341e-06
729	0.95053	0.049463	1.116e-05	5.805e-07
730	0.94946	0.050524	1.1444e-05	6.0823e-07
731	0.95643	0.043557	1.1822e-05	5.3754e-07
732	0.97521	0.024779	1.2357e-05	3.1155e-07
733	0.97936	0.020631	1.2707e-05	2.6495e-07
734	0.97785	0.022135	1.2979e-05	2.9078e-07
735	0.98085	0.019138	1.3315e-05	2.5623e-07
736	0.97783	0.02216	1.3563e-05	3.0298e-07
737	0.82869	0.1713	1.1752e-05	2.4026e-06
738	0.76851	0.23147	1.1138e-05	3.3082e-06
739	0.55154	0.44845	8.1956e-06	6.537e-06
740	0.48418	0.51581	7.3462e-06	7.6673e-06
741	0.46533	0.53466	7.1927e-06	8.0965e-06
742	0.43705	0.56294	6.8776e-06	8.6824e-06
743	0.43153	0.56845	6.9052e-06	8.9209e-06
744	0.44429	0.55569	7.2197e-06	8.8673e-06
745	0.43756	0.56242	7.2186e-06	9.1244e-06
746	0.44439	0.5556	7.4422e-06	9.1583e-06
747	0.47064	0.52934	8.0001e-06	8.8597e-06
748	0.4726	0.52738	8.1518e-06	8.9622e-06
749	0.4974	0.50259	8.6944e-06	8.6687e-06
750	0.56237	0.43761	9.9594e-06	7.6546e-06
751	0.77183	0.22815	1.3807e-05	4.0527e-06
752	0.81824	0.18174	1.4837e-05	3.2707e-06
753	0.96865	0.031329	1.7776e-05	5.7395e-07
754	0.96943	0.030552	1.8028e-05	5.6722e-07
755	0.97767	0.022307	1.8414e-05	4.2025e-07
756	0.99836	0.0016212	1.9045e-05	3.0901e-08
757	0.99829	0.0016913	1.9279e-05	3.2737e-08
758	0.99985	0.00012612	1.9548e-05	2.4611e-09
759	0.99997	9.2464e-06	1.9782e-05	1.8411e-10
760	0.99992	6.2958e-05	2.0017e-05	1.267e-09
761	0.99989	8.9166e-05	2.0255e-05	1.8045e-09
762	0.99932	0.00066095	2.0476e-05	1.3592e-08
763	0.99762	0.002357	2.0666e-05	4.9257e-08
764	0.99774	0.0022372	2.0897e-05	4.7304e-08
765	0.99991	6.7371e-05	2.1176e-05	1.4484e-09
766	0.99918	0.00080317	2.1396e-05	1.7229e-08
767	0.99872	0.0012561	2.1616e-05	2.7329e-08
768	0.99962	0.00035546	2.1868e-05	7.844e-09
769	0.9998	0.00017939	2.2108e-05	3.9834e-09
770	0.99901	0.00097107	2.2321e-05	2.18e-08
771	0.9983	0.0016726	2.2538e-05	3.7804e-08
772	0.99798	0.0020009	2.2758e-05	4.5758e-08
773	0.99928	0.00069396	2.3018e-05	1.5966e-08
774	0.99958	0.00039953	2.3249e-05	9.2742e-09
775	0.99791	0.0020709	2.3416e-05	4.9175e-08
776	0.99592	0.0040548	2.3578e-05	9.7068e-08
777	0.99625	0.0037276	2.3799e-05	9.0019e-08
778	0.99456	0.0054138	2.3964e-05	1.3195e-07
779	0.99522	0.0047586	2.4189e-05	1.1708e-07
780	0.9987	0.0012771	2.4488e-05	3.1795e-08
781	0.9958	0.0041773	2.4633e-05	1.037e-07
782	0.99319	0.0067876	2.4778e-05	1.7001e-07
783	0.99331	0.0066607	2.4993e-05	1.6806e-07
784	0.99349	0.0064855	2.5204e-05	1.6508e-07
785	0.99649	0.0034836	2.5492e-05	8.9144e-08
786	0.99986	0.00011261	2.5783e-05	2.8919e-09
787	0.99898	0.00099159	2.5958e-05	2.575e-08
788	0.99851	0.0014644	2.6138e-05	3.8465e-08
789	0.99955	0.00042574	2.6361e-05	1.1259e-08
790	0.99664	0.0033371	2.6473e-05	8.9029e-08
791	0.99652	0.0034495	2.6653e-05	9.2988e-08
792	0.99851	0.0014641	2.6893e-05	4.0093e-08
793	0.99718	0.002789	2.7037e-05	7.7198e-08
794	0.99767	0.0022988	2.7234e-05	6.4521e-08
795	0.99618	0.0037959	2.7379e-05	1.0707e-07
796	0.97117	0.028799	2.6867e-05	8.1066e-07
797	0.96108	0.038894	2.6771e-05	1.1007e-06
798	0.95881	0.041158	2.6898e-05	1.1719e-06
799	0.96434	0.035628	2.7239e-05	1.0231e-06
800	0.96788	0.032091	2.7529e-05	9.2841e-07
801	0.98	0.019976	2.8075e-05	5.8216e-07
802	0.98939	0.010577	2.8551e-05	3.0901e-07
803	0.98742	0.012547	2.869e-05	3.6764e-07
804	0.98992	0.010051	2.8952e-05	2.9637e-07
805	0.9808	0.019172	2.8877e-05	5.6547e-07
806	0.97898	0.020994	2.9008e-05	6.2296e-07
807	0.98122	0.01875	2.9263e-05	5.5903e-07
808	0.98235	0.017621	2.9491e-05	5.2713e-07
809	0.9781	0.02187	2.955e-05	6.5695e-07
810	0.97974	0.020232	2.9779e-05	6.1077e-07
811	0.98972	0.010248	3.0255e-05	3.1042e-07
812	0.99938	0.00059044	3.0717e-05	1.8007e-08
813	0.99919	0.00078382	3.0873e-05	2.4266e-08
814	0.99428	0.0056855	3.0876e-05	1.7864e-07
815	0.99348	0.0064905	3.1e-05	2.0574e-07
816	0.99535	0.0046158	3.1212e-05	1.4812e-07
817	0.99024	0.0097277	3.1207e-05	3.1265e-07
818	0.98907	0.010894	3.133e-05	3.5171e-07
819	0.99099	0.0089778	3.1557e-05	2.9162e-07
820	0.9888	0.011173	3.1656e-05	3.6325e-07
821	0.99044	0.0095281	3.1872e-05	3.1168e-07
822	0.99681	0.0031557	3.2249e-05	1.042e-07
823	0.99637	0.0036014	3.2395e-05	1.1953e-07
824	0.99565	0.0043217	3.2537e-05	1.4389e-07
825	0.99719	0.002776	3.2758e-05	9.3056e-08
826	0.9931	0.0068659	3.2797e-05	2.2873e-07
827	0.99284	0.0071312	3.2956e-05	2.389e-07
828	0.99552	0.0044422	3.3218e-05	1.4957e-07
829	0.99549	0.0044752	3.3383e-05	1.5153e-07
830	0.99559	0.004378	3.3546e-05	1.4943e-07
831	0.99828	0.0016906	3.3802e-05	5.8794e-08
832	0.97989	0.020079	3.3317e-05	7.0169e-07
833	0.97316	0.026803	3.3242e-05	9.4025e-07
834	0.97231	0.027655	3.3375e-05	9.7508e-07
835	0.9705	0.029469	3.3479e-05	1.0431e-06
836	0.95966	0.040307	3.3257e-05	1.4305e-06
837	0.95704	0.042923	3.3328e-05	1.5297e-06
838	0.90244	0.09752	3.1543e-05	3.4794e-06
839	0.87967	0.1203	3.0884e-05	4.3059e-06
840	0.87434	0.12563	3.0832e-05	4.5186e-06
841	0.84403	0.15594	2.9869e-05	5.6371e-06
842	0.80086	0.1991	2.8441e-05	7.2242e-06
843	0.74027	0.25969	2.6382e-05	9.4465e-06
844	0.71543	0.28454	2.5607e-05	1.0387e-05
845	0.70887	0.29109	2.5495e-05	1.0669e-05
846	0.71496	0.285	2.5848e-05	1.049e-05
847	0.747	0.25296	2.7152e-05	9.3532e-06
848	0.85309	0.14688	3.1186e-05	5.4799e-06
849	0.92817	0.071797	3.4125e-05	2.7063e-06
850	0.93113	0.068831	3.4395e-05	2.6054e-06
851	0.9465	0.053462	3.5126e-05	2.0383e-06
852	0.98627	0.013697	3.6797e-05	5.3549e-07
853	0.9838	0.01616	3.6873e-05	6.3239e-07
854	0.98525	0.014715	3.7104e-05	5.7927e-07
855	0.99185	0.0081164	3.7541e-05	3.2483e-07
856	0.98319	0.016773	3.7391e-05	6.6294e-07
857	0.94371	0.056252	3.6045e-05	2.201e-06
858	0.765	0.23496	2.9286e-05	9.1569e-06
859	0.51952	0.48044	1.9908e-05	1.8736e-05
860	0.44312	0.55684	1.7011e-05	2.1829e-05
861	0.41337	0.58659	1.5931e-05	2.3107e-05
862	0.40882	0.59114	1.5824e-05	2.3407e-05
863	0.4178	0.58216	1.6253e-05	2.3175e-05
864	0.44806	0.5519	1.7534e-05	2.2094e-05
865	0.54922	0.45074	2.1622e-05	1.8199e-05
866	0.78346	0.2165	3.1096e-05	8.9233e-06
867	0.79966	0.2003	3.1888e-05	8.3221e-06
868	0.70886	0.2911	2.8283e-05	1.2123e-05
869	0.57999	0.41997	2.3089e-05	1.7516e-05
870	0.5249	0.47506	2.0924e-05	1.9884e-05
871	0.4475	0.55245	1.7828e-05	2.3185e-05
872	0.42201	0.57795	1.6848e-05	2.4366e-05
873	0.41954	0.58042	1.681e-05	2.4599e-05
874	0.41651	0.58345	1.6741e-05	2.4858e-05
875	0.4262	0.57375	1.7202e-05	2.4589e-05
876	0.45792	0.54204	1.8579e-05	2.3408e-05
877	0.43799	0.56197	1.7812e-05	2.4374e-05
878	0.43695	0.56301	1.7836e-05	2.4545e-05
879	0.44923	0.55073	1.8425e-05	2.4154e-05
880	0.43715	0.56281	1.7986e-05	2.4793e-05
881	0.43834	0.56162	1.8117e-05	2.4865e-05
882	0.43709	0.56286	1.8138e-05	2.5043e-05
883	0.43387	0.56608	1.8066e-05	2.5307e-05
884	0.42518	0.57478	1.7759e-05	2.5811e-05
885	0.42913	0.57083	1.8004e-05	2.5764e-05
886	0.40532	0.59464	1.7039e-05	2.6932e-05
887	0.39874	0.60121	1.6828e-05	2.7348e-05
888	0.40551	0.59445	1.7208e-05	2.7177e-05
889	0.40639	0.59356	1.7335e-05	2.7262e-05
890	0.4022	0.59776	1.7241e-05	2.7571e-05
891	0.39286	0.60709	1.6921e-05	2.8108e-05
892	0.37844	0.62152	1.6377e-05	2.8874e-05
893	0.37762	0.62233	1.6441e-05	2.9035e-05
894	0.38981	0.61014	1.7103e-05	2.8601e-05
895	0.39957	0.60039	1.7651e-05	2.8276e-05
896	0.34234	0.65761	1.5184e-05	3.0969e-05
897	0.32064	0.67931	1.4299e-05	3.2084e-05
898	0.23927	0.76068	1.0696e-05	3.5912e-05
899	0.20693	0.79302	9.2933e-06	3.7542e-05
900	0.19806	0.80189	8.9401e-06	3.8118e-05
901	0.20204	0.79791	9.1748e-06	3.8102e-05
902	0.20173	0.79822	9.2134e-06	3.8284e-05
903	0.21311	0.78685	9.8102e-06	3.7911e-05
904	0.21953	0.78042	1.018e-05	3.7768e-05
905	0.24667	0.75328	1.1548e-05	3.6622e-05
906	0.33676	0.6632	1.5969e-05	3.2419e-05
907	0.40146	0.59849	1.9215e-05	2.9394e-05
908	0.55195	0.448	2.6753e-05	2.208e-05
909	0.98136	0.018595	4.8124e-05	9.2824e-07
910	0.96332	0.036627	4.743e-05	1.8328e-06
911	0.95832	0.041632	4.7374e-05	2.0941e-06
912	0.95906	0.040888	4.761e-05	2.0673e-06
913	0.95864	0.041306	4.7796e-05	2.0972e-06
914	0.96406	0.035894	4.8284e-05	1.8308e-06
915	0.9793	0.020647	4.9285e-05	1.0566e-06
916	0.93926	0.060693	4.747e-05	3.0915e-06
917	0.92383	0.076115	4.6902e-05	3.8851e-06
918	0.92104	0.078911	4.6962e-05	4.0442e-06
919	0.92751	0.072437	4.7488e-05	3.7304e-06
920	0.93167	0.068277	4.7907e-05	3.5304e-06
921	0.95187	0.04808	4.9146e-05	2.5018e-06
922	0.95437	0.045583	4.9483e-05	2.3815e-06
923	0.96455	0.035395	5.0233e-05	1.8544e-06
924	0.9998	0.00014804	5.2294e-05	7.8331e-09
925	0.99518	0.0047683	5.2256e-05	2.5325e-07
926	0.9903	0.0096475	5.2193e-05	5.1587e-07
927	0.99023	0.0097156	5.2378e-05	5.2373e-07
928	0.93256	0.067383	4.9455e-05	3.6458e-06
929	0.85228	0.14767	4.5309e-05	7.9966e-06
930	0.82826	0.17168	4.4166e-05	9.337e-06
931	0.74495	0.255	3.9742e-05	1.3951e-05
932	0.70988	0.29006	3.7961e-05	1.5928e-05
933	0.69713	0.30282	3.74e-05	1.6689e-05
934	0.68167	0.31827	3.6677e-05	1.7607e-05
935	0.68001	0.31994	3.6714e-05	1.7768e-05
936	0.69202	0.30793	3.7511e-05	1.7175e-05
