#coord	neutral	conserved	gBGC.neutral	gBGC.conserved
1	0.96706	0.032918	2.1409e-05	7.2527e-07
2	0.98866	0.011318	1.7705e-05	1.9733e-07
3	0.99332	0.0066711	1.3619e-05	8.4985e-08
4	0.9976	0.0023879	9.4687e-06	1.5554e-08
5	0.99862	0.0013745	8.8625e-06	8.958e-09
6	0.99999	3.1453e-06	8.2475e-06	1.9962e-11
7	0.99999	5.7094e-06	7.6217e-06	2.9688e-11
8	0.99993	6.578e-05	7.8133e-06	5.132e-10
9	0.99993	6.6563e-05	8.0009e-06	5.3453e-10
10	0.99996	3.5796e-05	8.184e-06	2.9476e-10
11	0.9998	0.00019447	8.3611e-06	1.6333e-09
12	0.99996	2.8356e-05	8.5365e-06	2.4344e-10
13	0.99997	2.2477e-05	8.7058e-06	1.9682e-10
14	0.99988	0.0001075	8.8696e-06	9.594e-10
15	0.99973	0.00025665	9.0285e-06	2.3301e-09
16	0.99989	0.00010484	9.1857e-06	9.6898e-10
17	0.99995	3.6074e-05	9.3375e-06	3.3914e-10
18	0.99981	0.00017562	9.4831e-06	1.6722e-09
19	0.99998	1.044e-05	9.6269e-06	1.007e-10
20	0.99941	0.00057942	9.7538e-06	5.6779e-09
21	0.99993	6.2961e-05	9.887e-06	6.2695e-10
22	0.99991	7.8857e-05	1.001e-05	7.9413e-10
23	0.99989	0.00010125	1.0129e-05	1.0322e-09
24	0.99981	0.00017631	1.0243e-05	1.8159e-09
25	0.99946	0.00053349	1.035e-05	5.5352e-09
26	0.99927	0.00072432	1.0454e-05	7.5625e-09
27	0.99947	0.00051472	1.0551e-05	5.4189e-09
28	0.9992	0.00078847	1.0634e-05	8.3891e-09
29	0.99912	0.00086946	1.0715e-05	9.2984e-09
30	0.99935	0.00064209	1.0789e-05	6.9057e-09
31	0.99997	2.307e-05	1.0857e-05	2.5076e-10
32	0.99929	0.00070376	1.0907e-05	7.6833e-09
33	0.99903	0.00095969	1.0953e-05	1.0526e-08
34	0.9992	0.00079114	1.0996e-05	8.7122e-09
35	0.99979	0.00019792	1.1035e-05	2.1926e-09
36	0.99998	1.0164e-05	1.1066e-05	1.1225e-10
37	0.99999	6.608e-08	1.1084e-05	7.3244e-13
38	0.99912	0.00086433	1.1082e-05	9.6202e-09
39	0.99837	0.0016225	1.1078e-05	1.8025e-08
40	0.99935	0.00063767	1.1082e-05	7.1148e-09
41	0.99931	0.00068032	1.1071e-05	7.5941e-09
42	0.99948	0.00051177	1.1058e-05	5.7099e-09
43	0.99986	0.00012893	1.1043e-05	1.4438e-09
44	0.99787	0.002119	1.0997e-05	2.3521e-08
45	0.99563	0.0043581	1.0945e-05	4.8155e-08
46	0.99583	0.0041627	1.0915e-05	4.5805e-08
47	0.99639	0.003598	1.0879e-05	3.9469e-08
48	0.99971	0.00028402	1.0869e-05	3.0919e-09
49	0.99995	3.9377e-05	1.0815e-05	4.2513e-10
50	0.99999	6.5374e-07	1.0749e-05	7.0601e-12
51	0.99983	0.00016319	1.0676e-05	1.7491e-09
52	0.99999	4.03e-06	1.0603e-05	4.2817e-11
53	0.99901	0.00097569	1.0513e-05	1.023e-08
54	0.99962	0.00036477	1.0429e-05	3.7879e-09
55	0.99976	0.00023204	1.033e-05	2.3953e-09
56	0.9996	0.00039117	1.0225e-05	3.9876e-09
57	0.99986	0.00013135	1.0113e-05	1.3214e-09
58	0.9995	0.0004899	9.9849e-06	4.8836e-09
59	0.99956	0.00042744	9.8511e-06	4.219e-09
60	0.99985	0.000143	9.7148e-06	1.3915e-09
61	0.9978	0.0021933	9.5456e-06	2.1072e-08
62	0.98986	0.010127	9.3174e-06	9.5464e-08
63	0.98191	0.018076	9.0813e-06	1.6764e-07
64	0.97994	0.020054	8.8983e-06	1.8252e-07
65	0.98223	0.017764	8.7499e-06	1.5841e-07
66	0.99222	0.0077677	8.6583e-06	6.768e-08
67	0.99478	0.0052147	8.4892e-06	4.4402e-08
68	0.99762	0.0023706	8.3115e-06	1.9742e-08
69	0.99991	8.2938e-05	8.1235e-06	6.5696e-10
70	0.99919	0.00079802	7.901e-06	6.1176e-09
71	0.99964	0.00035113	7.6829e-06	2.4032e-09
72	0.99975	0.00024548	7.4523e-06	1.2444e-09
73	0.99532	0.0046736	7.9666e-06	3.6668e-08
74	0.99487	0.0051212	8.499e-06	4.3085e-08
75	0.99773	0.0022602	9.0499e-06	2.0242e-08
76	0.99595	0.0040432	9.5491e-06	3.8621e-08
77	0.99671	0.0032809	1.0062e-05	3.3162e-08
78	0.99726	0.0027258	1.057e-05	2.904e-08
79	0.99069	0.0092997	1.0998e-05	1.038e-07
80	0.98942	0.010565	1.1471e-05	1.2333e-07
81	0.99119	0.0087952	1.1977e-05	1.0717e-07
82	0.98397	0.016019	1.2359e-05	2.0318e-07
83	0.98226	0.017723	1.2806e-05	2.3333e-07
84	0.98461	0.015376	1.3304e-05	2.0987e-07
85	0.84935	0.15064	1.1876e-05	2.1107e-06
86	0.80255	0.19743	1.1591e-05	2.8592e-06
87	0.78516	0.21483	1.1701e-05	3.2094e-06
88	0.76513	0.23485	1.1746e-05	3.6147e-06
89	0.76277	0.23721	1.2044e-05	3.7569e-06
90	0.7773	0.22268	1.2604e-05	3.626e-06
91	0.81795	0.18203	1.3611e-05	3.0466e-06
92	0.78386	0.21612	1.3374e-05	3.7082e-06
93	0.73902	0.26096	1.2921e-05	4.5836e-06
94	0.58482	0.41517	1.0456e-05	7.4604e-06
95	0.36997	0.63001	6.7623e-06	1.1563e-05
96	0.30314	0.69684	5.6556e-06	1.3068e-05
97	0.2149	0.78508	4.0913e-06	1.5028e-05
98	0.1796	0.82038	3.4909e-06	1.6021e-05
99	0.17088	0.8291	3.3866e-06	1.6507e-05
100	0.15738	0.8426	3.1797e-06	1.7093e-05
101	0.15831	0.84167	3.2573e-06	1.7385e-05
102	0.17506	0.82492	3.6648e-06	1.7338e-05
103	0.088472	0.91151	1.8834e-06	1.9476e-05
104	0.058318	0.94166	1.2598e-06	2.0447e-05
105	0.048439	0.95154	1.0608e-06	2.0985e-05
106	0.03331	0.96667	7.3868e-07	2.1641e-05
107	0.029574	0.9704	6.6397e-07	2.2042e-05
108	0.029935	0.97004	6.8112e-07	2.2345e-05
109	0.035106	0.96487	8.1042e-07	2.2533e-05
110	0.017017	0.98296	3.9659e-07	2.3259e-05
111	0.0097493	0.99023	2.2955e-07	2.3735e-05
112	0.0079683	0.99201	1.8943e-07	2.4074e-05
113	0.008108	0.99187	1.9509e-07	2.4364e-05
114	0.010498	0.98948	2.5632e-07	2.4593e-05
115	0.011998	0.98798	2.9628e-07	2.4836e-05
116	0.016789	0.98319	4.201e-07	2.4989e-05
117	0.029214	0.97076	7.4176e-07	2.4941e-05
118	0.059977	0.94	1.5459e-06	2.4407e-05
119	0.1478	0.85217	3.8512e-06	2.2362e-05
120	0.39801	0.60196	1.0457e-05	1.6009e-05
121	0.39321	0.60676	1.0418e-05	1.6288e-05
122	0.40442	0.59555	1.0802e-05	1.6136e-05
123	0.44509	0.55489	1.1974e-05	1.5187e-05
124	0.47503	0.52494	1.2876e-05	1.4504e-05
125	0.47518	0.52479	1.2977e-05	1.462e-05
126	0.49048	0.5095	1.3498e-05	1.4312e-05
127	0.45479	0.54518	1.2597e-05	1.5424e-05
128	0.4432	0.55677	1.2364e-05	1.5865e-05
129	0.44571	0.55426	1.2527e-05	1.5907e-05
130	0.36261	0.63736	1.0255e-05	1.8382e-05
131	0.26507	0.7349	7.5242e-06	2.1305e-05
132	0.23556	0.76441	6.7165e-06	2.2296e-05
133	0.20475	0.79523	5.8541e-06	2.3332e-05
134	0.19327	0.8067	5.5503e-06	2.3805e-05
135	0.19336	0.80661	5.5831e-06	2.3939e-05
136	0.16971	0.83026	4.9173e-06	2.4768e-05
137	0.16563	0.83434	4.8201e-06	2.5018e-05
138	0.17072	0.82925	4.9943e-06	2.4994e-05
139	0.15739	0.84258	4.6213e-06	2.5513e-05
140	0.15721	0.84276	4.6358e-06	2.5635e-05
141	0.16669	0.83328	4.9411e-06	2.5463e-05
142	0.17153	0.82844	5.1092e-06	2.5424e-05
143	0.18912	0.81084	5.6677e-06	2.4991e-05
144	0.2325	0.76747	7.0233e-06	2.3757e-05
145	0.2618	0.73817	7.9578e-06	2.294e-05
146	0.33156	0.66841	1.0161e-05	2.0851e-05
147	0.50383	0.49613	1.5603e-05	1.552e-05
148	0.99504	0.004925	3.107e-05	1.5447e-07
149	0.99522	0.0047527	3.1165e-05	1.4954e-07
150	0.99811	0.0018628	3.1345e-05	5.8689e-08
151	0.99705	0.0029184	3.139e-05	9.2094e-08
152	0.99153	0.0084425	3.1293e-05	2.6614e-07
153	0.98614	0.01383	3.1188e-05	4.3713e-07
154	0.98623	0.013739	3.1244e-05	4.3542e-07
155	0.97979	0.020179	3.1093e-05	6.4052e-07
156	0.97985	0.020116	3.1136e-05	6.3978e-07
157	0.98433	0.015639	3.1319e-05	4.98e-07
158	0.98844	0.01153	3.1479e-05	3.6791e-07
159	0.99958	0.00038776	3.1862e-05	1.2425e-08
160	0.99751	0.0024625	3.1823e-05	7.8597e-08
161	0.99771	0.0022628	3.1846e-05	7.2361e-08
162	0.99987	0.00010241	3.1929e-05	3.2645e-09
163	0.99981	0.00015968	3.1931e-05	5.0889e-09
164	0.99971	0.00025945	3.192e-05	8.298e-09
165	0.99988	8.4426e-05	3.1916e-05	2.6842e-09
166	0.9938	0.0061716	3.1713e-05	1.9511e-07
167	0.97373	0.026237	3.1056e-05	8.3064e-07
168	0.9685	0.031467	3.0858e-05	9.9574e-07
169	0.97026	0.029709	3.087e-05	9.3908e-07
170	0.9782	0.021772	3.1078e-05	6.8597e-07
171	0.98532	0.014646	3.1247e-05	4.5976e-07
172	0.98562	0.014347	3.1191e-05	4.4955e-07
173	0.98101	0.018956	3.0968e-05	5.9402e-07
174	0.97601	0.023961	3.0722e-05	7.5052e-07
175	0.94945	0.050522	2.9801e-05	1.5808e-06
176	0.94249	0.057476	2.9487e-05	1.7939e-06
177	0.94471	0.055257	2.9448e-05	1.7198e-06
178	0.945	0.054972	2.9348e-05	1.7052e-06
179	0.95573	0.044235	2.9559e-05	1.3686e-06
180	0.98262	0.017351	3.0263e-05	5.369e-07
181	0.98826	0.011706	3.0309e-05	3.6136e-07
182	0.99238	0.0075916	3.0306e-05	2.3356e-07
183	0.99557	0.0043989	3.0272e-05	1.3459e-07
184	0.99596	0.004009	3.0141e-05	1.2206e-07
185	0.9967	0.003269	3.001e-05	9.9251e-08
186	0.99726	0.0027059	2.9871e-05	8.1841e-08
187	0.99601	0.0039563	2.9666e-05	1.1912e-07
188	0.9968	0.003167	2.9521e-05	9.5086e-08
189	0.99742	0.0025507	2.9369e-05	7.6329e-08
190	0.97724	0.022731	2.8602e-05	6.7105e-07
191	0.9698	0.030174	2.8214e-05	8.8448e-07
192	0.96945	0.030523	2.8025e-05	8.8956e-07
193	0.95919	0.040786	2.7548e-05	1.1797e-06
194	0.94738	0.052587	2.7021e-05	1.5108e-06
195	0.89492	0.10505	2.5343e-05	2.9909e-06
196	0.82618	0.17379	2.3232e-05	4.9016e-06
197	0.74584	0.25413	2.0812e-05	7.112e-06
198	0.71905	0.28092	1.9901e-05	7.8022e-06
199	0.40839	0.59159	1.1136e-05	1.6337e-05
200	0.28202	0.71795	7.5851e-06	1.9654e-05
201	0.23108	0.76889	6.1422e-06	2.086e-05
202	0.21168	0.78829	5.5692e-06	2.1193e-05
203	0.20898	0.791	5.4431e-06	2.1069e-05
204	0.21653	0.78344	5.5862e-06	2.0673e-05
205	0.23994	0.76004	6.1355e-06	1.9866e-05
206	0.23819	0.76178	6.0297e-06	1.971e-05
207	0.24844	0.75153	6.2298e-06	1.9246e-05
208	0.25339	0.74658	6.2917e-06	1.8915e-05
209	0.27427	0.7257	6.75e-06	1.8185e-05
210	0.34588	0.65409	8.4463e-06	1.6207e-05
211	0.51199	0.48798	1.2426e-05	1.1943e-05
212	0.98572	0.01426	2.3729e-05	3.4425e-07
213	0.98721	0.012767	2.3463e-05	3.0437e-07
214	0.51052	0.48946	1.1921e-05	1.1531e-05
215	0.31641	0.68357	7.2635e-06	1.5869e-05
216	0.23765	0.76232	5.3704e-06	1.7439e-05
217	0.2064	0.79357	4.5957e-06	1.7888e-05
218	0.19959	0.80038	4.3763e-06	1.7772e-05
219	0.20355	0.79643	4.396e-06	1.7413e-05
220	0.22168	0.77829	4.7181e-06	1.6748e-05
221	0.28439	0.71559	5.9643e-06	1.5149e-05
222	0.42992	0.57006	8.8944e-06	1.1863e-05
223	0.53414	0.46584	1.0881e-05	9.5168e-06
224	0.53403	0.46595	1.0684e-05	9.3451e-06
225	0.53322	0.46676	1.0466e-05	9.1838e-06
226	0.42394	0.57604	8.1665e-06	1.1101e-05
227	0.31265	0.68733	5.903e-06	1.2972e-05
228	0.26802	0.73196	4.9598e-06	1.352e-05
229	0.21157	0.78841	3.8339e-06	1.4241e-05
230	0.19315	0.80683	3.4212e-06	1.424e-05
231	0.19204	0.80795	3.3195e-06	1.3919e-05
232	0.16816	0.83182	2.8367e-06	1.3975e-05
233	0.15987	0.84012	2.6298e-06	1.3751e-05
234	0.16169	0.8383	2.5919e-06	1.3354e-05
235	0.17796	0.82203	2.7757e-06	1.2726e-05
236	0.21834	0.78165	3.3134e-06	1.174e-05
237	0.31881	0.68117	4.7101e-06	9.8912e-06
238	0.24448	0.7555	3.5319e-06	1.0613e-05
239	0.22255	0.77743	3.1243e-06	1.0556e-05
240	0.21586	0.78413	2.9371e-06	1.0273e-05
241	0.20867	0.79132	2.747e-06	9.9848e-06
242	0.21168	0.78831	2.6902e-06	9.5586e-06
243	0.23166	0.76833	2.8344e-06	8.9223e-06
244	0.29999	0.69999	3.5236e-06	7.7315e-06
245	0.45846	0.54153	5.1653e-06	5.5843e-06
246	0.84778	0.15221	9.1553e-06	1.0856e-06
247	0.8529	0.14709	9.4806e-06	1.118e-06
248	0.87612	0.12387	9.9536e-06	9.9279e-07
249	0.93202	0.067964	1.0718e-05	5.7241e-07
250	0.94601	0.053975	1.1147e-05	4.7778e-07
251	0.93652	0.063465	1.1332e-05	6.1685e-07
252	0.93544	0.064543	1.1609e-05	6.6026e-07
253	0.94335	0.056637	1.1977e-05	6.0274e-07
254	0.92499	0.074996	1.2022e-05	8.6478e-07
255	0.9194	0.080585	1.2224e-05	9.6729e-07
256	0.91395	0.086036	1.2414e-05	1.0708e-06
257	0.91611	0.083879	1.27e-05	1.0742e-06
258	0.92747	0.07252	1.3108e-05	9.5303e-07
259	0.92575	0.074238	1.3342e-05	1.0027e-06
260	0.93123	0.068757	1.3674e-05	9.5047e-07
261	0.94796	0.052021	1.4167e-05	7.3409e-07
262	0.95045	0.049538	1.4453e-05	7.1456e-07
263	0.96159	0.038398	1.4866e-05	5.6431e-07
264	0.99985	0.00013316	1.5681e-05	1.9901e-09
265	0.99887	0.0011099	1.5908e-05	1.7628e-08
266	0.99922	0.00076775	1.6152e-05	1.2364e-08
267	0.99996	2.6324e-05	1.6393e-05	4.3173e-10
268	0.9999	7.9265e-05	1.6617e-05	1.3171e-09
269	0.99934	0.00063939	1.6822e-05	1.0802e-08
270	0.99991	6.9503e-05	1.7044e-05	1.1899e-09
271	0.99937	0.00060943	1.7236e-05	1.0578e-08
272	0.99901	0.000974	1.7428e-05	1.7084e-08
273	0.99997	1.0204e-05	1.7641e-05	1.8152e-10
274	0.9999	8.2678e-05	1.7833e-05	1.4784e-09
275	0.999	0.00098486	1.8007e-05	1.7726e-08
276	0.99967	0.00030865	1.8199e-05	5.6371e-09
277	0.89597	0.10401	1.6446e-05	1.9272e-06
278	0.86026	0.13972	1.5918e-05	2.6135e-06
279	0.84974	0.15024	1.5845e-05	2.8352e-06
280	0.83384	0.16614	1.5665e-05	3.1607e-06
281	0.76731	0.23267	1.4498e-05	4.4632e-06
282	0.74155	0.25843	1.4101e-05	4.9921e-06
283	0.71546	0.28452	1.3682e-05	5.5336e-06
284	0.70729	0.29269	1.3605e-05	5.7287e-06
285	0.69342	0.30656	1.3413e-05	6.035e-06
286	0.67308	0.3269	1.309e-05	6.4687e-06
287	0.65168	0.3483	1.2733e-05	6.9264e-06
288	0.64738	0.3526	1.271e-05	7.0461e-06
289	0.64106	0.35892	1.2645e-05	7.2043e-06
290	0.65045	0.34953	1.2886e-05	7.0473e-06
291	0.68682	0.31316	1.3659e-05	6.3475e-06
292	0.63589	0.36409	1.2667e-05	7.4034e-06
293	0.6172	0.38278	1.2325e-05	7.806e-06
294	0.61375	0.38623	1.2288e-05	7.8988e-06
295	0.57507	0.42491	1.1536e-05	8.7036e-06
296	0.53053	0.46945	1.0653e-05	9.6303e-06
297	0.51345	0.48653	1.0326e-05	9.9966e-06
298	0.42466	0.57532	8.5392e-06	1.1818e-05
299	0.3872	0.61278	7.793e-06	1.2595e-05
300	0.37459	0.62538	7.5496e-06	1.2865e-05
301	0.32159	0.67839	6.4789e-06	1.3953e-05
302	0.30168	0.6983	6.0804e-06	1.4364e-05
303	0.29681	0.70317	5.9871e-06	1.4466e-05
304	0.30436	0.69562	6.1468e-06	1.4311e-05
305	0.33556	0.66442	6.7875e-06	1.3665e-05
306	0.41003	0.58995	8.3199e-06	1.2123e-05
307	0.64916	0.35082	1.3218e-05	7.2054e-06
308	0.81742	0.18256	1.6664e-05	3.737e-06
309	0.98161	0.018371	1.9997e-05	3.7073e-07
310	0.9793	0.020676	2.0072e-05	4.2086e-07
311	0.98132	0.018657	2.0233e-05	3.822e-07
312	0.99081	0.0091661	2.0538e-05	1.8931e-07
313	0.99245	0.0075333	2.0681e-05	1.5653e-07
314	0.99344	0.0065367	2.0808e-05	1.3643e-07
315	0.99962	0.00035983	2.1033e-05	7.5464e-09
316	0.93572	0.064258	1.9764e-05	1.3617e-06
317	0.91405	0.085934	1.9372e-05	1.829e-06
318	0.90634	0.093635	1.9273e-05	1.9995e-06
319	0.90692	0.09306	1.9348e-05	1.9931e-06
320	0.91906	0.080917	1.9662e-05	1.7384e-06
321	0.95194	0.048043	2.0422e-05	1.0338e-06
322	0.96084	0.039136	2.0657e-05	8.4398e-07
323	0.9669	0.03308	2.0829e-05	7.1421e-07
324	0.98983	0.010153	2.1356e-05	2.1953e-07
325	0.99014	0.0098361	2.1391e-05	2.1265e-07
326	0.99491	0.0050706	2.1513e-05	1.0954e-07
327	0.99997	1.2353e-05	2.163e-05	2.6669e-10
328	0.99736	0.0026142	2.1578e-05	5.6286e-08
329	0.99729	0.002688	2.1571e-05	5.7857e-08
330	0.99997	1.0823e-05	2.1612e-05	2.3258e-10
331	0.99851	0.0014725	2.1562e-05	3.1623e-08
332	0.97787	0.022104	2.1089e-05	4.7517e-07
333	0.97023	0.029753	2.0894e-05	6.3784e-07
334	0.96973	0.030245	2.0843e-05	6.4682e-07
335	0.97581	0.024168	2.0921e-05	5.1528e-07
336	0.99815	0.0018265	2.1335e-05	3.8798e-08
337	0.99567	0.0043066	2.1216e-05	9.1259e-08
338	0.99599	0.0039924	2.1146e-05	8.4288e-08
339	0.99992	6.1982e-05	2.1142e-05	1.3088e-09
340	0.99975	0.00023298	2.1048e-05	4.9097e-09
341	0.99911	0.00087366	2.0941e-05	1.8269e-08
342	0.99998	1.1207e-06	2.0856e-05	2.3412e-11
343	0.999	0.0009783	2.0729e-05	2.0294e-08
344	0.99844	0.0015425	2.06e-05	3.1891e-08
345	0.9994	0.00058149	2.0501e-05	1.1942e-08
346	0.99845	0.0015332	2.0351e-05	3.1319e-08
347	0.99741	0.002569	2.0198e-05	5.2043e-08
348	0.99845	0.0015315	2.0076e-05	3.0853e-08
349	0.99599	0.0039879	1.9873e-05	7.9948e-08
350	0.99599	0.0039949	1.9717e-05	7.9469e-08
351	0.99842	0.0015586	1.9607e-05	3.0691e-08
352	0.99305	0.0069319	1.9333e-05	1.351e-07
353	0.99244	0.0075399	1.9143e-05	1.4575e-07
354	0.99474	0.00524	1.9006e-05	1.0035e-07
355	0.99371	0.0062703	1.8794e-05	1.1898e-07
356	0.99529	0.0046914	1.8629e-05	8.81e-08
357	0.99723	0.0027496	1.8459e-05	5.1252e-08
358	0.99692	0.0030614	1.8245e-05	5.6428e-08
359	0.99854	0.0014428	1.8063e-05	2.6321e-08
360	0.99995	2.8466e-05	1.7873e-05	5.1616e-10
361	0.9996	0.00037963	1.7648e-05	6.7472e-09
362	0.99952	0.00045942	1.7426e-05	8.0616e-09
363	0.99876	0.0012212	1.7189e-05	2.1076e-08
364	0.9984	0.0015851	1.6949e-05	2.704e-08
365	0.99801	0.0019729	1.6705e-05	3.3175e-08
366	0.9976	0.0023836	1.6458e-05	3.9428e-08
367	0.9976	0.0023853	1.6208e-05	3.8888e-08
368	0.99962	0.00036753	1.5987e-05	5.8786e-09
369	0.99956	0.00042089	1.5722e-05	6.6124e-09
370	0.9973	0.0026885	1.5412e-05	4.1599e-08
371	0.9972	0.0027868	1.5133e-05	4.2277e-08
372	0.99987	0.00011585	1.4886e-05	1.7324e-09
373	0.99977	0.0002189	1.4593e-05	3.2067e-09
374	0.99754	0.0024438	1.4267e-05	3.4942e-08
375	0.99539	0.0045932	1.3933e-05	6.4368e-08
376	0.99556	0.0044217	1.3629e-05	6.0552e-08
377	0.9989	0.0010887	1.3357e-05	1.4615e-08
378	0.99958	0.00040469	1.3045e-05	5.3138e-09
379	0.99961	0.00037612	1.2721e-05	4.8056e-09
380	0.99901	0.00098182	1.2386e-05	1.2158e-08
381	0.99999	1.1066e-07	1.206e-05	9.1535e-13
382	0.99892	0.0010691	1.2692e-05	1.3577e-08
383	0.99807	0.0019154	1.3314e-05	2.5589e-08
384	0.99886	0.0011266	1.3958e-05	1.5737e-08
385	0.99989	9.2553e-05	1.4595e-05	1.3549e-09
386	0.99998	7.4353e-06	1.5218e-05	1.1292e-10
387	0.99998	3.6827e-06	1.5829e-05	5.8513e-11
388	0.99876	0.0012252	1.6408e-05	2.029e-08
389	0.99748	0.0025025	1.6984e-05	4.2889e-08
390	0.99804	0.0019416	1.759e-05	3.4431e-08
391	0.98138	0.018598	1.7871e-05	3.405e-07
392	0.96431	0.035668	1.8112e-05	6.7472e-07
393	0.95801	0.04197	1.8542e-05	8.18e-07
394	0.93128	0.068704	1.8545e-05	1.3788e-06
395	0.9217	0.078282	1.8871e-05	1.6147e-06
396	0.92221	0.077768	1.939e-05	1.648e-06
397	0.90804	0.091938	1.9591e-05	1.9981e-06
398	0.89189	0.10809	1.9721e-05	2.408e-06
399	0.88742	0.11256	2.01e-05	2.5681e-06
400	0.89484	0.10514	2.074e-05	2.4563e-06
401	0.91796	0.082014	2.1762e-05	1.9616e-06
402	0.97315	0.026826	2.3591e-05	6.5788e-07
403	0.96993	0.030048	2.4023e-05	7.5159e-07
404	0.97183	0.028143	2.4582e-05	7.1791e-07
405	0.98338	0.016593	2.5382e-05	4.3179e-07
406	0.98614	0.013838	2.5949e-05	3.6729e-07
407	0.99467	0.0052998	2.6674e-05	1.435e-07
408	0.99671	0.0032664	2.7218e-05	9.0357e-08
409	0.99394	0.0060301	2.763e-05	1.6918e-07
410	0.99402	0.0059555	2.8119e-05	1.6986e-07
411	0.99678	0.0031958	2.8686e-05	9.2509e-08
412	0.9999	7.3839e-05	2.9254e-05	2.1788e-09
413	0.99994	2.6883e-05	2.9733e-05	7.9972e-10
414	0.99698	0.0029916	3.0121e-05	8.9873e-08
415	0.95328	0.046689	2.925e-05	1.4276e-06
416	0.94046	0.059505	2.9284e-05	1.8479e-06
417	0.93929	0.060677	2.9663e-05	1.9123e-06
418	0.93583	0.064134	2.9968e-05	2.0498e-06
419	0.93899	0.060981	3.0485e-05	1.975e-06
420	0.95429	0.045675	3.1393e-05	1.4979e-06
421	0.95631	0.043652	3.186e-05	1.4502e-06
422	0.9681	0.031865	3.2646e-05	1.073e-06
423	0.99882	0.0011484	3.4089e-05	3.926e-08
424	0.98466	0.015302	3.3995e-05	5.3131e-07
425	0.97926	0.020704	3.4196e-05	7.2655e-07
426	0.97861	0.02135	3.4562e-05	7.5717e-07
427	0.97756	0.022408	3.4913e-05	8.024e-07
428	0.98197	0.017993	3.545e-05	6.5072e-07
429	0.99899	0.00097262	3.6438e-05	3.5831e-08
430	0.99756	0.0024009	3.6758e-05	8.9131e-08
431	0.97887	0.021093	3.6418e-05	7.9147e-07
432	0.97204	0.027925	3.6515e-05	1.0572e-06
433	0.94806	0.051902	3.5939e-05	1.9839e-06
434	0.91468	0.085278	3.4988e-05	3.2857e-06
435	0.90237	0.097595	3.4832e-05	3.7915e-06
436	0.70013	0.29983	2.7285e-05	1.1689e-05
437	0.62977	0.37019	2.4755e-05	1.4557e-05
438	0.60692	0.39304	2.4053e-05	1.5588e-05
439	0.25643	0.74353	1.0256e-05	2.9713e-05
440	0.13347	0.86649	5.3745e-06	3.4913e-05
441	0.095247	0.90471	3.8563e-06	3.674e-05
442	0.080407	0.91955	3.2775e-06	3.7625e-05
443	0.077463	0.9225	3.1781e-06	3.8022e-05
444	0.082883	0.91708	3.4212e-06	3.8067e-05
445	0.076971	0.92299	3.1927e-06	3.8575e-05
446	0.078256	0.9217	3.2646e-06	3.8779e-05
447	0.08708	0.91288	3.6554e-06	3.8662e-05
448	0.069499	0.93046	2.932e-06	3.9656e-05
449	0.063627	0.93633	2.7008e-06	4.0154e-05
450	0.066363	0.93359	2.8341e-06	4.028e-05
451	0.055462	0.94449	2.3772e-06	4.0986e-05
452	0.053743	0.94621	2.3131e-06	4.1291e-05
453	0.057417	0.94254	2.4838e-06	4.1358e-05
454	0.058096	0.94186	2.526e-06	4.155e-05
455	0.065055	0.9349	2.8461e-06	4.1461e-05
456	0.069074	0.93088	3.0403e-06	4.1495e-05
457	0.082008	0.91795	3.6363e-06	4.1124e-05
458	0.090163	0.90979	4.025e-06	4.0958e-05
459	0.12065	0.87931	5.4253e-06	3.9771e-05
460	0.15025	0.8497	6.7927e-06	3.8608e-05
461	0.21971	0.78024	9.9981e-06	3.5603e-05
462	0.39074	0.60921	1.7924e-05	2.7877e-05
463	0.43531	0.56464	2.0056e-05	2.5934e-05
464	0.565	0.43495	2.6127e-05	2.0042e-05
465	0.97949	0.020463	4.5389e-05	9.4913e-07
466	0.98099	0.018968	4.5625e-05	8.8279e-07
467	0.98939	0.010567	4.6171e-05	4.9425e-07
468	0.99601	0.0039414	4.6639e-05	1.8485e-07
469	0.99551	0.0044396	4.6762e-05	2.0897e-07
470	0.99736	0.0025949	4.6996e-05	1.2234e-07
471	0.99959	0.00036264	4.7236e-05	1.7207e-08
472	0.99959	0.00036665	4.7372e-05	1.7428e-08
473	0.99897	0.0009776	4.7478e-05	4.6403e-08
474	0.99982	0.00013464	4.7642e-05	6.4037e-09
475	0.99979	0.00016369	4.7753e-05	7.8485e-09
476	0.99953	0.00041948	4.7854e-05	2.0144e-08
477	0.99955	0.00040471	4.7968e-05	1.9412e-08
478	0.9999	5.0099e-05	4.8087e-05	2.4081e-09
479	0.99936	0.0005927	4.8151e-05	2.8663e-08
480	0.99992	3.101e-05	4.8268e-05	1.5085e-09
481	0.99651	0.0034373	4.8182e-05	1.6759e-07
482	0.99576	0.0041928	4.8224e-05	2.0473e-07
483	0.99709	0.0028566	4.8368e-05	1.3984e-07
484	0.95877	0.041183	4.6557e-05	2.0166e-06
485	0.78738	0.21257	3.8249e-05	1.0392e-05
486	0.71812	0.28183	3.4925e-05	1.3781e-05
487	0.4005	0.59946	1.9525e-05	2.9246e-05
488	0.30122	0.69873	1.4699e-05	3.4128e-05
489	0.25888	0.74107	1.2653e-05	3.6226e-05
490	0.097371	0.90258	4.7673e-06	4.4155e-05
491	0.046786	0.95316	2.288e-06	4.6668e-05
492	0.026275	0.97368	1.286e-06	4.7701e-05
493	0.02033	0.97962	9.9457e-07	4.8015e-05
494	0.018649	0.9813	9.1283e-07	4.8116e-05
495	0.020259	0.97969	9.9306e-07	4.8052e-05
496	0.014852	0.9851	7.2864e-07	4.8323e-05
497	0.014373	0.98558	7.049e-07	4.8345e-05
498	0.018101	0.98185	8.8647e-07	4.8153e-05
499	0.014708	0.98524	7.1989e-07	4.8306e-05
500	0.015462	0.98449	7.5583e-07	4.8247e-05
501	0.019445	0.98051	9.5021e-07	4.8026e-05
502	0.032203	0.96775	1.5713e-06	4.737e-05
503	0.069038	0.93091	3.3587e-06	4.5538e-05
504	0.15951	0.84044	7.7617e-06	4.1089e-05
505	0.18187	0.81808	8.8369e-06	3.9958e-05
506	0.23554	0.76441	1.1435e-05	3.7301e-05
507	0.38968	0.61027	1.8883e-05	2.9785e-05
508	0.50675	0.4932	2.4538e-05	2.4061e-05
509	0.79485	0.2051	3.8517e-05	1.0011e-05
510	0.99754	0.0024124	4.8339e-05	1.1796e-07
511	0.99683	0.0031251	4.8234e-05	1.5206e-07
512	0.9984	0.0015501	4.8229e-05	7.5468e-08
513	0.99825	0.0017028	4.8139e-05	8.2624e-08
514	0.99599	0.0039656	4.7948e-05	1.9117e-07
515	0.9961	0.0038486	4.7873e-05	1.8467e-07
516	0.99958	0.0003748	4.7947e-05	1.7239e-08
517	0.99683	0.0031217	4.7716e-05	1.4283e-07
518	0.99641	0.0035432	4.7594e-05	1.5972e-07
519	0.99881	0.0011437	4.7592e-05	4.4144e-08
520	0.98526	0.014691	4.6959e-05	5.6033e-07
521	0.98137	0.018581	4.6695e-05	6.9698e-07
522	0.97759	0.022366	4.6427e-05	8.2456e-07
523	0.90993	0.090028	4.3789e-05	3.312e-06
524	0.88706	0.11289	4.282e-05	4.1189e-06
525	0.87912	0.12084	4.2425e-05	4.3512e-06
526	0.86682	0.13313	4.1877e-05	4.7354e-06
527	0.86511	0.13485	4.1746e-05	4.7031e-06
528	0.87349	0.12646	4.2059e-05	4.2256e-06
529	0.8694	0.13055	4.3844e-05	4.7823e-06
530	0.86507	0.13488	4.5583e-05	5.3678e-06
531	0.87044	0.12951	4.779e-05	5.501e-06
532	0.86052	0.13943	4.921e-05	6.4058e-06
533	0.86054	0.1394	5.1161e-05	6.7932e-06
534	0.87378	0.12616	5.3809e-05	6.4692e-06
535	0.85211	0.14783	5.4446e-05	8.1712e-06
536	0.84773	0.15221	5.6097e-05	8.8444e-06
537	0.85278	0.14715	5.8353e-05	8.9271e-06
538	0.85749	0.14244	6.0594e-05	9.0074e-06
539	0.87499	0.12494	6.3726e-05	8.2111e-06
540	0.91824	0.081685	6.8715e-05	5.572e-06
541	0.949	0.050924	7.3053e-05	3.598e-06
542	0.93408	0.065838	7.4127e-05	4.9036e-06
543	0.93003	0.069887	7.603e-05	5.3978e-06
544	0.68349	0.31642	5.758e-05	2.6228e-05
545	0.60677	0.39315	5.2565e-05	3.3608e-05
546	0.58156	0.41835	5.1745e-05	3.6778e-05
547	0.27634	0.72357	2.5141e-05	6.5719e-05
548	0.15206	0.84785	1.4153e-05	7.9054e-05
549	0.10164	0.89827	9.6895e-06	8.5875e-05
550	0.034671	0.96523	3.3918e-06	9.4539e-05
551	0.013697	0.9862	1.37e-06	9.8917e-05
552	0.0072321	0.99267	7.3614e-07	0.0001019
553	0.0047579	0.99514	4.931e-07	0.00010449
554	0.0041427	0.99575	4.3803e-07	0.00010691
555	0.0054477	0.99444	5.8774e-07	0.00010912
556	0.0055525	0.99434	6.1076e-07	0.00011145
557	0.0074268	0.99246	8.3516e-07	0.0001136
558	0.012685	0.9872	1.461e-06	0.00011535
559	0.01604	0.98384	1.8887e-06	0.00011731
560	0.025301	0.97458	3.0505e-06	0.00011854
561	0.048445	0.95143	5.9851e-06	0.00011801
562	0.10194	0.89793	1.2897e-05	0.00011351
563	0.27273	0.72714	3.5179e-05	9.3632e-05
564	0.75918	0.24069	9.9595e-05	3.1607e-05
565	0.75216	0.24771	0.00010045	3.3127e-05
566	0.75638	0.24349	0.00010282	3.3146e-05
567	0.78334	0.21652	0.00010833	3.0009e-05
568	0.76347	0.23639	0.00010741	3.3326e-05
569	0.76121	0.23865	0.00010889	3.4218e-05
570	0.77133	0.22853	0.00011219	3.3314e-05
571	0.3844	0.61545	5.701e-05	9.0899e-05
572	0.26327	0.73657	3.9733e-05	0.00011057
573	0.22612	0.77373	3.4673e-05	0.00011801
574	0.093771	0.90607	1.4575e-05	0.00014048
575	0.036359	0.96348	5.7408e-06	0.0001517
576	0.016249	0.98359	2.5982e-06	0.00015721
577	0.0081006	0.99174	1.3143e-06	0.00016087
578	0.0054595	0.99438	8.9696e-07	0.00016366
579	0.0046922	0.99514	7.8176e-07	0.00016615
580	0.0033623	0.99647	5.6641e-07	0.00016874
581	0.0032918	0.99654	5.6188e-07	0.00017112
582	0.0044201	0.99541	7.6619e-07	0.00017331
583	0.0049906	0.99483	8.7625e-07	0.00017557
584	0.0045668	0.99525	8.1291e-07	0.00017803
585	0.0054325	0.99439	9.8202e-07	0.00018025
586	0.0025154	0.9973	4.6011e-07	0.00018316
587	0.0017913	0.99802	3.3055e-07	0.00018567
588	0.0017483	0.99806	3.2613e-07	0.00018806
589	0.0023545	0.99745	4.4518e-07	0.00019033
590	0.0040585	0.99575	7.7921e-07	0.0001924
591	0.0098866	0.98992	1.9216e-06	0.00019365
592	0.0049581	0.99484	9.7289e-07	0.00019701
593	0.002887	0.99691	5.7272e-07	0.00019982
594	0.0021411	0.99766	4.3047e-07	0.00020238
595	0.0021686	0.99763	4.4305e-07	0.0002048
596	0.0033795	0.99641	7.0041e-07	0.00020697
597	0.0077494	0.99204	1.6246e-06	0.00020845
598	0.010225	0.98956	2.1707e-06	0.00021033
599	0.016603	0.98318	3.5743e-06	0.00021136
600	0.032608	0.96717	7.126e-06	0.00021025
601	0.078445	0.92134	1.7345e-05	0.00020246
602	0.20908	0.7907	4.6674e-05	0.00017555
603	0.62553	0.37424	0.0001408	8.3837e-05
604	0.63219	0.36758	0.0001438	8.3228e-05
605	0.66664	0.33313	0.00015316	7.6244e-05
606	0.74882	0.25095	0.00017378	5.8024e-05
607	0.77106	0.22871	0.00018074	5.344e-05
608	0.79316	0.20661	0.00018774	4.88e-05
609	0.85089	0.14887	0.00020337	3.5549e-05
610	0.86443	0.13533	0.00020862	3.2663e-05
611	0.89927	0.10049	0.00021915	2.452e-05
612	0.98647	0.013287	0.00024279	3.2805e-06
613	0.99289	0.006865	0.00024679	1.7088e-06
614	0.99958	0.00016913	0.00025086	4.2641e-08
615	0.99968	6.3096e-05	0.00025332	1.6e-08
616	0.9994	0.00034341	0.00025566	8.8062e-08
617	0.99845	0.0012884	0.0002578	3.347e-07
618	0.99888	0.00086309	0.00026032	2.2688e-07
619	0.96507	0.034668	0.00025383	9.1499e-06
620	0.95201	0.047722	0.00025274	1.2698e-05
621	0.95027	0.049459	0.00025459	1.3284e-05
622	0.34767	0.65206	9.4166e-05	0.00017617
623	0.1361	0.86363	3.7205e-05	0.00023558
624	0.061871	0.93785	1.7018e-05	0.0002582
625	0.02971	0.97001	8.2314e-06	0.00026944
626	0.016704	0.98302	4.672e-06	0.00027546
627	0.012514	0.9872	3.529e-06	0.00027905
628	0.012117	0.9876	3.443e-06	0.00028158
629	0.014147	0.98557	4.0552e-06	0.00028342
630	0.020107	0.9796	5.8222e-06	0.00028412
631	0.040144	0.95956	1.1723e-05	0.00028067
632	0.089447	0.91026	2.6397e-05	0.00026846
633	0.23001	0.76969	6.8404e-05	0.00022891
634	0.63038	0.36932	0.00018866	0.0001111
635	0.72043	0.27926	0.00021745	8.4772e-05
636	0.94264	0.057057	0.00028724	1.7459e-05
637	0.94505	0.054645	0.00029036	1.6845e-05
638	0.9584	0.041288	0.00029688	1.2822e-05
639	0.99872	0.00097101	0.00031186	3.0746e-07
640	0.99949	0.00019381	0.00031456	6.6726e-08
641	0.99802	0.001666	0.00031647	5.8758e-07
642	0.99651	0.0031698	0.00031837	1.139e-06
643	0.99749	0.0021859	0.00032109	8.5339e-07
644	0.9966	0.0030712	0.00032316	1.245e-06
645	0.99767	0.0020025	0.00032595	9.4316e-07
646	0.95567	0.044004	0.00031267	1.488e-05
647	0.93814	0.061531	0.0003075	2.0717e-05
648	0.9349	0.06477	0.00030704	2.1839e-05
649	0.86138	0.13829	0.00028319	4.6356e-05
650	0.83037	0.1693	0.00027347	5.6761e-05
651	0.82359	0.17607	0.00027175	5.9146e-05
652	0.78108	0.21859	0.00025812	7.3459e-05
653	0.76846	0.23121	0.0002544	7.7846e-05
654	0.76797	0.23169	0.00025475	7.8171e-05
655	0.74235	0.25732	0.00024671	8.6902e-05
656	0.73734	0.26233	0.00024552	8.8765e-05
657	0.74373	0.25593	0.00024819	8.6787e-05
658	0.74653	0.25313	0.00024968	8.5998e-05
659	0.76774	0.23193	0.00025738	7.8989e-05
660	0.82017	0.17949	0.00027577	6.1298e-05
661	0.83333	0.16634	0.00028081	5.6945e-05
662	0.87016	0.12951	0.000294	4.4463e-05
663	0.95681	0.042855	0.00032441	1.4759e-05
664	0.9543	0.045364	0.00032428	1.5627e-05
665	0.959	0.040658	0.00032659	1.4029e-05
666	0.97656	0.023095	0.00033331	8.0034e-06
667	0.97956	0.020095	0.00033506	6.9762e-06
668	0.98194	0.017715	0.00033661	6.1556e-06
669	0.99214	0.007518	0.00034085	2.6223e-06
670	0.99959	6.5963e-05	0.00034418	2.3037e-08
671	0.99902	0.00063531	0.00034469	2.2019e-07
672	0.99958	7.7107e-05	0.00034561	2.6725e-08
673	0.99681	0.0028433	0.0003454	9.8078e-07
674	0.99669	0.0029637	0.00034608	1.0245e-06
675	0.99939	0.00026485	0.00034772	9.2061e-08
676	0.99872	0.00093624	0.00034821	3.2627e-07
677	0.99845	0.0012027	0.00034883	4.2101e-07
678	0.99965	4.9511e-06	0.00034997	1.7344e-09
679	0.99956	8.7893e-05	0.00035065	3.0997e-08
680	0.99851	0.0011429	0.000351	4.0278e-07
681	0.9988	0.00085181	0.00035184	3.002e-07
682	0.99838	0.0012669	0.00035242	4.4763e-07
683	0.99798	0.0016655	0.00035301	5.8849e-07
684	0.99963	1.3478e-05	0.00035432	4.8208e-09
685	0.99711	0.0025314	0.00035415	9.0542e-07
686	0.99684	0.0028041	0.0003548	1.0049e-06
687	0.99858	0.0010663	0.0003562	3.8298e-07
688	0.99877	0.000874	0.00035705	3.1306e-07
689	0.99809	0.0015521	0.00035758	5.5573e-07
690	0.9993	0.00034233	0.00035877	1.2322e-07
691	0.99961	3.3019e-05	0.00035965	1.1957e-08
692	0.9992	0.00043617	0.00036029	1.5771e-07
693	0.99763	0.0020128	0.00036052	7.2694e-07
694	0.99118	0.0084583	0.00035902	3.0506e-06
695	0.99025	0.0093907	0.00035948	3.3948e-06
696	0.99223	0.0074085	0.00036101	2.6778e-06
697	0.9854	0.014234	0.00035933	5.1576e-06
698	0.98438	0.015259	0.00035973	5.5418e-06
699	0.98362	0.016014	0.00036021	5.8321e-06
700	0.98222	0.017414	0.00036048	6.3543e-06
701	0.98558	0.014056	0.00036246	5.1372e-06
702	0.9992	0.00043632	0.00036819	1.6004e-07
703	0.99843	0.0011969	0.00036868	4.4038e-07
704	0.99923	0.00040242	0.00036973	1.4836e-07
705	0.99949	0.00013867	0.00037056	5.1735e-08
706	0.99707	0.0025539	0.00037041	9.5521e-07
707	0.99677	0.0028609	0.00037106	1.0721e-06
708	0.99834	0.0012868	0.00037243	4.8351e-07
709	0.99683	0.0027969	0.00037262	1.0525e-06
710	0.99717	0.0024535	0.00037353	9.2535e-07
711	0.99962	2.5671e-06	0.00037525	9.6734e-10
712	0.9868	0.012823	0.00037116	4.8453e-06
713	0.97253	0.02709	0.00036647	1.0272e-05
714	0.96782	0.031801	0.00036542	1.2079e-05
715	0.8979	0.10172	0.00033951	3.8729e-05
716	0.87022	0.1294	0.00032967	4.9328e-05
717	0.86288	0.13674	0.0003275	5.2234e-05
718	0.85544	0.14418	0.00032526	5.5203e-05
719	0.85749	0.14213	0.00032666	5.4538e-05
720	0.87159	0.12803	0.00033272	4.9237e-05
721	0.78797	0.21165	0.00030142	8.1301e-05
722	0.75985	0.23977	0.00029122	9.2261e-05
723	0.75506	0.24455	0.00028993	9.4296e-05
724	0.72424	0.27538	0.00027851	0.00010644
725	0.71459	0.28503	0.0002753	0.00011039
726	0.7178	0.28182	0.00027709	0.00010935
727	0.74336	0.25625	0.00028751	9.9671e-05
728	0.80549	0.19412	0.00031225	7.5684e-05
729	0.95017	0.049444	0.00036948	1.9228e-05
730	0.94911	0.050505	0.00036979	1.967e-05
731	0.95607	0.043541	0.00037321	1.6986e-05
732	0.97484	0.02477	0.0003813	9.6461e-06
733	0.97899	0.020623	0.00038365	8.0342e-06
734	0.97748	0.022127	0.00038377	8.6348e-06
735	0.98048	0.019131	0.00038568	7.4643e-06
736	0.97745	0.022152	0.00038521	8.6553e-06
737	0.82837	0.17123	0.00032736	6.7209e-05
738	0.76822	0.23138	0.00030439	9.09e-05
739	0.55133	0.44828	0.00021956	0.00017643
740	0.48399	0.51561	0.00019332	0.00020337
741	0.46515	0.53445	0.00018617	0.0002112
742	0.43688	0.56272	0.00017519	0.00022284
743	0.43137	0.56823	0.00017326	0.00022543
744	0.44412	0.55548	0.00017858	0.00022075
745	0.43739	0.56221	0.0001761	0.00022385
746	0.44421	0.55538	0.00017908	0.00022151
747	0.47046	0.52914	0.00018989	0.00021135
748	0.47242	0.52717	0.00019095	0.00021093
749	0.49721	0.50239	0.00020115	0.00020136
750	0.56215	0.43744	0.00022758	0.00017556
751	0.77153	0.22806	0.00031201	9.1752e-05
752	0.81792	0.18167	0.00033124	7.3169e-05
753	0.96828	0.031317	0.00039236	1.2667e-05
754	0.96905	0.03054	0.00039329	1.2373e-05
755	0.9773	0.022299	0.00039723	9.0579e-06
756	0.99797	0.0016205	0.00040627	6.5889e-07
757	0.9979	0.0016907	0.00040686	6.899e-07
758	0.99947	0.00012607	0.00040814	5.14e-08
759	0.99958	9.2428e-06	0.0004088	3.7944e-09
760	0.99953	6.2934e-05	0.00040942	2.5862e-08
761	0.9995	8.9131e-05	0.00041007	3.6547e-08
762	0.99893	0.00066069	0.00041047	2.7209e-07
763	0.99723	0.0023561	0.00041039	9.7481e-07
764	0.99735	0.0022364	0.00041107	9.2711e-07
765	0.99952	6.7344e-05	0.00041263	2.806e-08
766	0.99878	0.00080285	0.000413	3.3234e-07
767	0.99833	0.0012556	0.00041347	5.2168e-07
768	0.99923	0.00035532	0.00041452	1.4818e-07
769	0.99941	0.00017932	0.00041528	7.469e-08
770	0.99861	0.00097068	0.00041563	4.0507e-07
771	0.99791	0.001672	0.00041603	6.9729e-07
772	0.99758	0.0020001	0.00041656	8.3626e-07
773	0.99889	0.00069368	0.0004178	2.8951e-07
774	0.99918	0.00039937	0.0004186	1.6646e-07
775	0.99751	0.0020701	0.00041848	8.7422e-07
776	0.99553	0.0040532	0.00041825	1.714e-06
777	0.99585	0.0037261	0.00041901	1.5779e-06
778	0.99417	0.0054117	0.0004189	2.296e-06
779	0.99482	0.0047567	0.0004198	2.0221e-06
780	0.9983	0.0012765	0.00042192	5.4456e-07
781	0.9954	0.0041757	0.00042135	1.7714e-06
782	0.99279	0.0067848	0.00042088	2.8834e-06
783	0.99292	0.0066581	0.00042159	2.8319e-06
784	0.99309	0.0064829	0.0004223	2.7624e-06
785	0.99609	0.0034822	0.00042424	1.4834e-06
786	0.99946	0.00011256	0.00042632	4.7895e-08
787	0.99858	0.00099119	0.00042656	4.2325e-07
788	0.99811	0.0014638	0.00042697	6.2749e-07
789	0.99915	0.00042557	0.00042804	1.8263e-07
790	0.99624	0.0033357	0.00042739	1.4349e-06
791	0.99612	0.0034481	0.00042793	1.4885e-06
792	0.99811	0.0014635	0.00042939	6.3608e-07
793	0.99678	0.0027878	0.00042941	1.2163e-06
794	0.99727	0.0022978	0.00043022	1.0084e-06
795	0.99577	0.0037943	0.00043019	1.6655e-06
796	0.97078	0.028787	0.00041992	1.2585e-05
797	0.96069	0.038878	0.00041616	1.7006e-05
798	0.95842	0.041142	0.00041583	1.8014e-05
799	0.96395	0.035613	0.00041887	1.5634e-05
800	0.96749	0.032078	0.00042108	1.4109e-05
801	0.9796	0.019968	0.00042708	8.7986e-06
802	0.98899	0.010572	0.00043195	4.6536e-06
803	0.98702	0.012542	0.00043178	5.5162e-06
804	0.98951	0.010047	0.00043356	4.4251e-06
805	0.9804	0.019164	0.00043026	8.4205e-06
806	0.97857	0.020986	0.00043013	9.2332e-06
807	0.98082	0.018743	0.00043182	8.251e-06
808	0.98195	0.017614	0.00043303	7.7522e-06
809	0.9777	0.021861	0.00043186	9.6242e-06
810	0.97933	0.020224	0.00043326	8.9113e-06
811	0.98931	0.010243	0.00043832	4.5139e-06
812	0.99897	0.0005902	0.00044322	2.6066e-07
813	0.99877	0.0007835	0.00044377	3.4856e-07
814	0.99387	0.0056831	0.00044218	2.5469e-06
815	0.99307	0.0064878	0.00044241	2.9183e-06
816	0.99494	0.0046138	0.00044385	2.0877e-06
817	0.98983	0.0097237	0.00044218	4.3965e-06
818	0.98866	0.01089	0.0004423	4.9289e-06
819	0.99058	0.0089741	0.00044383	4.0704e-06
820	0.98838	0.011168	0.00044353	5.0597e-06
821	0.99003	0.0095241	0.00044494	4.3241e-06
822	0.9964	0.0031544	0.00044852	1.438e-06
823	0.99595	0.0035999	0.00044899	1.6437e-06
824	0.99523	0.0043199	0.00044936	1.9732e-06
825	0.99677	0.0027748	0.00045077	1.2707e-06
826	0.99268	0.006863	0.00044965	3.1257e-06
827	0.99242	0.0071282	0.00045024	3.2525e-06
828	0.99511	0.0044403	0.0004522	2.0293e-06
829	0.99507	0.0044733	0.0004529	2.0484e-06
830	0.99517	0.0043762	0.00045364	2.011e-06
831	0.99785	0.0016899	0.00045559	7.8453e-07
832	0.97947	0.02007	0.00044775	9.3322e-06
833	0.97275	0.026791	0.00044534	1.2469e-05
834	0.9719	0.027643	0.00044567	1.2889e-05
835	0.97008	0.029457	0.00044558	1.3748e-05
836	0.95925	0.04029	0.00044126	1.881e-05
837	0.95663	0.042905	0.00044078	2.0056e-05
838	0.90206	0.097479	0.00041605	4.5537e-05
839	0.87929	0.12025	0.00040615	5.6213e-05
840	0.87396	0.12557	0.0004043	5.8809e-05
841	0.84367	0.15587	0.00039071	7.3138e-05
842	0.80052	0.19902	0.00037111	9.349e-05
843	0.73996	0.25958	0.00034338	0.00012199
844	0.71512	0.28442	0.00033236	0.0001338
845	0.70856	0.29097	0.0003299	0.00013706
846	0.71465	0.28488	0.00033339	0.00013439
847	0.74668	0.25285	0.0003491	0.00011949
848	0.85272	0.14681	0.00039968	6.9694e-05
849	0.92776	0.071766	0.00043593	3.4249e-05
850	0.93073	0.068801	0.00043812	3.2885e-05
851	0.94609	0.053438	0.00044619	2.5631e-05
852	0.98584	0.013691	0.00046598	6.6627e-06
853	0.98337	0.016153	0.00046564	7.8569e-06
854	0.98482	0.014708	0.00046719	7.1731e-06
855	0.99141	0.0081128	0.00047127	3.9931e-06
856	0.98276	0.016765	0.00046799	8.1779e-06
857	0.9433	0.056227	0.00044988	2.7222e-05
858	0.76467	0.23486	0.00036477	0.00011329
859	0.51929	0.48023	0.00024755	0.00023147
860	0.44293	0.55659	0.00021114	0.00026884
861	0.41319	0.58633	0.00019722	0.00028373
862	0.40864	0.59088	0.00019537	0.00028654
863	0.41762	0.5819	0.00020006	0.00028281
864	0.44786	0.55166	0.0002151	0.00026876
865	0.54897	0.45054	0.00026439	0.00022045
866	0.78311	0.21641	0.00037866	0.00010717
867	0.7993	0.20021	0.00038725	9.9548e-05
868	0.70854	0.29097	0.00034305	0.00014474
869	0.57973	0.41978	0.00027999	0.0002088
870	0.52467	0.47484	0.00025335	0.00023647
871	0.4473	0.55221	0.00021568	0.00027517
872	0.42182	0.57769	0.00020346	0.00028841
873	0.41935	0.58016	0.00020255	0.00029033
874	0.41632	0.58319	0.00020133	0.00029255
875	0.42601	0.57349	0.00020638	0.0002885
876	0.45771	0.54179	0.00022228	0.00027363
877	0.43779	0.56172	0.00021274	0.00028421
878	0.43675	0.56275	0.00021256	0.00028542
879	0.44902	0.55048	0.00021901	0.00028001
880	0.43695	0.56255	0.00021338	0.0002867
881	0.43814	0.56136	0.00021439	0.00028676
882	0.43689	0.56261	0.00021415	0.00028806
883	0.43367	0.56582	0.00021288	0.00029037
884	0.42498	0.57451	0.00020888	0.00029543
885	0.42893	0.57057	0.00021126	0.00029412
886	0.40513	0.59436	0.00019964	0.00030683
887	0.39856	0.60094	0.00019674	0.00031083
888	0.40532	0.59417	0.00020061	0.00030808
889	0.4062	0.59329	0.00020153	0.00030828
890	0.40201	0.59748	0.0001999	0.00031105
891	0.39268	0.60681	0.00019569	0.00031643
892	0.37826	0.62123	0.0001889	0.00032439
893	0.37744	0.62204	0.00018904	0.00032544
894	0.38963	0.60985	0.00019591	0.00031977
895	0.39938	0.60011	0.00020151	0.00031537
896	0.34218	0.6573	0.00017294	0.00034514
897	0.32049	0.67899	0.00016239	0.00035691
898	0.23916	0.76032	0.00012127	0.00039924
899	0.20683	0.79265	0.0001051	0.00041663
900	0.19797	0.80151	0.00010084	0.0004221
901	0.20195	0.79753	0.00010319	0.00042095
902	0.20163	0.79784	0.00010333	0.00042201
903	0.213	0.78647	0.00010963	0.00041694
904	0.21943	0.78005	0.00011338	0.00041444
905	0.24655	0.75292	0.00012809	0.00040095
906	0.33659	0.66288	0.00017624	0.00035402
907	0.40126	0.5982	0.00021123	0.00032026
908	0.55169	0.44778	0.0002926	0.00024014
909	0.98088	0.018586	0.00052393	1.0042e-05
910	0.96286	0.036609	0.00051539	1.9797e-05
911	0.95785	0.041612	0.00051381	2.2565e-05
912	0.95859	0.040869	0.00051537	2.2225e-05
913	0.95818	0.041286	0.00051634	2.2501e-05
914	0.96358	0.035876	0.0005205	1.9601e-05
915	0.97882	0.020637	0.00053009	1.1294e-05
916	0.93879	0.060663	0.00050956	3.3088e-05
917	0.92338	0.076077	0.0005024	4.1533e-05
918	0.92058	0.078872	0.00050205	4.3153e-05
919	0.92705	0.072401	0.00050673	3.9719e-05
920	0.93121	0.068243	0.00051021	3.7521e-05
921	0.95139	0.048056	0.00052246	2.6518e-05
922	0.95389	0.04556	0.00052506	2.5198e-05
923	0.96407	0.035377	0.00053196	1.9595e-05
924	0.9993	0.00014796	0.00055276	8.2454e-08
925	0.99468	0.0047659	0.00055144	2.6612e-06
926	0.9898	0.0096427	0.00054993	5.4061e-06
927	0.98973	0.0097107	0.00055109	5.471e-06
928	0.93209	0.067349	0.00051978	3.8028e-05
929	0.85185	0.14759	0.0004757	8.3373e-05
930	0.82784	0.1716	0.00046314	9.718e-05
931	0.74457	0.25487	0.00041668	0.00014487
932	0.70952	0.28992	0.00039764	0.00016516
933	0.69677	0.30266	0.00039127	0.00017279
934	0.68132	0.31811	0.00038329	0.00018203
935	0.67966	0.31977	0.00038317	0.00018342
936	0.69166	0.30777	0.00039088	0.000177
