#coord	neutral	conserved	gBGC.neutral	gBGC.conserved
1	0.95234	0.032417	0.014733	0.00051051
2	0.9736	0.011146	0.01508	0.00017645
3	0.97816	0.0065693	0.015167	0.00010314
4	0.98236	0.0023514	0.015248	3.6476e-05
5	0.98335	0.0013535	0.015277	2.0851e-05
6	0.98469	3.0972e-06	0.01531	4.719e-08
7	0.98467	5.622e-06	0.015323	8.904e-08
8	0.9846	6.4772e-05	0.015334	1.1501e-06
9	0.98459	6.5542e-05	0.015346	1.6562e-06
10	0.98462	3.5247e-05	0.015344	6.4584e-07
11	0.98447	0.00019149	0.015339	3.1736e-06
12	0.98463	2.7922e-05	0.015339	6.6174e-07
13	0.98465	2.2133e-05	0.015324	3.79e-07
14	0.98458	0.00010585	0.015308	1.7963e-06
15	0.98445	0.00025273	0.015291	4.4997e-06
16	0.98461	0.00010324	0.01528	2.6177e-06
17	0.98473	3.5525e-05	0.015234	6.7364e-07
18	0.98464	0.00017296	0.015186	2.7628e-06
19	0.98485	1.0282e-05	0.015144	1.6615e-07
20	0.98433	0.00057068	0.015091	9.3221e-06
21	0.98488	6.2014e-05	0.015055	1.5535e-06
22	0.985	7.7682e-05	0.014919	1.3492e-06
23	0.98511	9.9755e-05	0.014789	1.5825e-06
24	0.98516	0.00017373	0.014663	2.6793e-06
25	0.98493	0.00052574	0.014538	7.9078e-06
26	0.98486	0.00071387	0.01442	1.0516e-05
27	0.98518	0.00050736	0.014306	7.5048e-06
28	0.98502	0.00077728	0.014189	1.1333e-05
29	0.98505	0.00085722	0.01408	1.2196e-05
30	0.98538	0.00063312	0.013974	8.8723e-06
31	0.98611	2.2751e-05	0.01387	3.2278e-07
32	0.98554	0.00069408	0.013753	9.699e-06
33	0.9854	0.0009466	0.013643	1.3129e-05
34	0.98567	0.00078043	0.013538	1.0753e-05
35	0.98636	0.00019527	0.013439	2.705e-06
36	0.98665	1.0028e-05	0.013339	1.3483e-07
37	0.98677	6.5206e-08	0.013234	8.7492e-10
38	0.98602	0.000853	0.013116	1.1529e-05
39	0.98537	0.0016014	0.013004	2.1264e-05
40	0.98645	0.00062944	0.012913	8.4766e-06
41	0.98651	0.00067161	0.012813	9.0316e-06
42	0.98677	0.00050527	0.012719	6.7715e-06
43	0.98724	0.00012731	0.012632	1.7385e-06
44	0.98536	0.0020925	0.012518	2.7502e-05
45	0.98324	0.0043038	0.012405	5.5678e-05
46	0.98351	0.0041112	0.012327	5.2585e-05
47	0.98415	0.0035538	0.012251	4.5323e-05
48	0.9875	0.00028055	0.012214	3.6026e-06
49	0.98782	3.89e-05	0.012141	4.8262e-07
50	0.98794	6.4586e-07	0.012064	8.0809e-09
51	0.98785	0.00016124	0.011987	1.9909e-06
52	0.98808	3.9821e-06	0.011917	5.063e-08
53	0.98719	0.00096414	0.011837	1.1996e-05
54	0.98786	0.00036047	0.011774	5.0294e-06
55	0.98806	0.00022932	0.011703	4.2855e-06
56	0.98813	0.0003867	0.011478	5.2659e-06
57	0.98862	0.00012988	0.011253	1.6048e-06
58	0.98849	0.00048451	0.011017	5.4561e-06
59	0.98879	0.00042284	0.01078	4.6997e-06
60	0.9893	0.0001415	0.010555	1.5461e-06
61	0.9875	0.0021707	0.010301	2.3304e-05
62	0.97987	0.010025	0.0099982	0.00010396
63	0.97223	0.017898	0.0096928	0.00018244
64	0.97048	0.01986	0.0094598	0.00019778
65	0.97296	0.017596	0.0092777	0.00017094
66	0.98307	0.0076961	0.0091628	7.3591e-05
67	0.9858	0.0051678	0.0089846	4.8091e-05
68	0.98883	0.0023497	0.0088036	2.1542e-05
69	0.99129	8.2225e-05	0.0086246	7.508e-07
70	0.99078	0.0007913	0.0084269	6.8017e-06
71	0.9914	0.00034823	0.0082464	2.856e-06
72	0.9917	0.0002435	0.0080593	1.8986e-06
73	0.98749	0.0046368	0.0078339	3.5665e-05
74	0.98724	0.0050819	0.0076361	3.8097e-05
75	0.99028	0.0022433	0.0074588	1.6234e-05
76	0.9887	0.0040137	0.0072551	2.8267e-05
77	0.98965	0.0032577	0.0070665	2.209e-05
78	0.99039	0.002707	0.0068837	1.7364e-05
79	0.98404	0.0092373	0.0066646	5.6565e-05
80	0.98297	0.010496	0.0064766	6.1768e-05
81	0.9849	0.0087393	0.0063146	4.7749e-05
82	0.97775	0.015918	0.0062296	0.00010551
83	0.97608	0.017612	0.0061878	0.00012135
84	0.97844	0.01528	0.006174	0.0001102
85	0.84404	0.1497	0.0050537	0.0012051
86	0.79756	0.19621	0.0046478	0.0015852
87	0.78029	0.2135	0.004484	0.0017242
88	0.76041	0.2334	0.0042973	0.0018857
89	0.75809	0.23576	0.0042437	0.0019137
90	0.77255	0.22132	0.0042942	0.0018372
91	0.81297	0.18092	0.0044914	0.0016151
92	0.77915	0.21483	0.0042411	0.001777
93	0.73464	0.25943	0.0039437	0.0019893
94	0.58139	0.41276	0.003063	0.0027836
95	0.36783	0.62641	0.0019056	0.0038573
96	0.30141	0.69291	0.0015317	0.0041466
97	0.21369	0.78071	0.0010668	0.0045294
98	0.1786	0.81588	0.0008806	0.0046357
99	0.16995	0.82462	0.00082703	0.0046088
100	0.15653	0.83812	0.00075289	0.0046046
101	0.15746	0.83726	0.00074986	0.0045287
102	0.17414	0.82066	0.00082643	0.0043726
103	0.088013	0.90687	0.00041141	0.0047102
104	0.05802	0.93694	0.00026541	0.0047784
105	0.048195	0.94684	0.00021568	0.0047498
106	0.033144	0.96197	0.0001445	0.0047446
107	0.029429	0.96576	0.00012546	0.0046867
108	0.029791	0.96547	0.00012545	0.0046116
109	0.03494	0.9604	0.00014717	0.0045166
110	0.016938	0.97847	6.8995e-05	0.0045232
111	0.0097045	0.98577	3.8438e-05	0.0044839
112	0.0079323	0.98762	3.0623e-05	0.0044215
113	0.008072	0.98754	3.088e-05	0.0043526
114	0.010452	0.98523	4.0354e-05	0.0042762
115	0.011946	0.9838	4.5634e-05	0.0042037
116	0.016719	0.9791	6.3937e-05	0.0041196
117	0.029094	0.96679	0.0001123	0.0040071
118	0.059734	0.93621	0.00023292	0.003824
119	0.14722	0.84879	0.00056882	0.0034252
120	0.39646	0.59961	0.0014999	0.0024309
121	0.3917	0.60443	0.001456	0.0024134
122	0.40289	0.5933	0.0014717	0.0023359
123	0.44343	0.55282	0.0015898	0.0021552
124	0.47329	0.52302	0.0016696	0.0020153
125	0.47347	0.5229	0.0016422	0.0019845
126	0.48874	0.50769	0.0016706	0.0018998
127	0.4532	0.54328	0.0015162	0.0019973
128	0.44168	0.55487	0.0014519	0.0020065
129	0.4442	0.55239	0.0014383	0.0019667
130	0.3614	0.63524	0.0011476	0.0022057
131	0.2642	0.7325	0.00081515	0.002486
132	0.2348	0.76195	0.00070657	0.0025419
133	0.20409	0.79271	0.00059516	0.0026002
134	0.19266	0.80419	0.00054877	0.0025949
135	0.19277	0.80414	0.00053925	0.0025541
136	0.1692	0.82776	0.0004612	0.0025832
137	0.16514	0.83187	0.00044084	0.0025543
138	0.17021	0.82684	0.00044728	0.0024997
139	0.15693	0.84017	0.0004032	0.002497
140	0.15676	0.84038	0.00039534	0.0024578
141	0.16622	0.83097	0.00041382	0.0023934
142	0.17105	0.82618	0.00041993	0.0023425
143	0.18861	0.80867	0.00045985	0.0022589
144	0.23188	0.76544	0.0005674	0.0021088
145	0.26111	0.73625	0.00063621	0.0019985
146	0.33071	0.6667	0.00081108	0.0017833
147	0.50256	0.49489	0.0012555	0.0012997
148	0.99257	0.0049128	0.0025025	1.3078e-05
149	0.99278	0.0047411	0.0024652	1.2383e-05
150	0.9957	0.0018583	0.0024364	4.759e-06
151	0.99468	0.0029115	0.0023969	7.2375e-06
152	0.98921	0.0084228	0.0023485	2.0123e-05
153	0.98387	0.013798	0.0023	3.2488e-05
154	0.984	0.013708	0.0022636	3.1919e-05
155	0.97761	0.020134	0.0022145	4.5977e-05
156	0.9777	0.020072	0.0021795	4.5209e-05
157	0.9822	0.015606	0.0021558	3.4587e-05
158	0.98634	0.011505	0.0021302	2.5218e-05
159	0.99749	0.00038695	0.0021209	8.5522e-07
160	0.99545	0.0024574	0.0020847	5.1693e-06
161	0.99568	0.0022582	0.0020528	4.7038e-06
162	0.99787	0.00010221	0.0020261	2.0625e-07
163	0.99785	0.00015936	0.0019941	3.1587e-07
164	0.99778	0.00025895	0.0019615	5.1387e-07
165	0.99798	8.4266e-05	0.0019307	1.6181e-07
166	0.99194	0.00616	0.0018895	1.137e-05
167	0.97194	0.026189	0.0018224	4.8022e-05
168	0.96675	0.03141	0.0017825	5.6802e-05
169	0.96854	0.029656	0.0017548	5.2843e-05
170	0.97649	0.021734	0.0017391	3.7967e-05
171	0.98363	0.014621	0.0017209	2.5133e-05
172	0.98396	0.014322	0.001692	2.416e-05
173	0.97939	0.018924	0.0016543	3.1506e-05
174	0.97442	0.023922	0.0016155	3.9347e-05
175	0.94793	0.050442	0.0015434	8.1595e-05
176	0.94102	0.057386	0.0015033	9.132e-05
177	0.94326	0.055173	0.0014773	8.6396e-05
178	0.94358	0.05489	0.0014495	8.4426e-05
179	0.95433	0.044169	0.0014365	6.7069e-05
180	0.9812	0.017326	0.0014479	2.642e-05
181	0.98686	0.01169	0.0014285	1.7707e-05
182	0.991	0.0075811	0.0014077	1.1406e-05
183	0.99421	0.0043929	0.0013866	6.569e-06
184	0.99463	0.0040036	0.0013608	5.9393e-06
185	0.9954	0.0032647	0.0013348	4.9031e-06
186	0.99598	0.0027025	0.0013096	4.1371e-06
187	0.99476	0.0039513	0.0012812	6.0436e-06
188	0.99558	0.0031631	0.0012568	5.0614e-06
189	0.99621	0.0025477	0.001233	4.3662e-06
190	0.97608	0.022704	0.0011768	3.7059e-05
191	0.96867	0.030139	0.0011427	4.8541e-05
192	0.96834	0.030489	0.0011188	4.9438e-05
193	0.95816	0.040744	0.0010401	5.4912e-05
194	0.94644	0.052538	0.00096016	6.0402e-05
195	0.89409	0.10496	0.00085393	9.5811e-05
196	0.82547	0.17365	0.00074683	0.00013484
197	0.74525	0.25393	0.0006402	0.00017241
198	0.71853	0.28072	0.00057395	0.00016868
199	0.4081	0.59117	0.00031214	0.00042074
200	0.28182	0.71746	0.00020757	0.00051588
201	0.23092	0.76837	0.00016546	0.00054884
202	0.21153	0.78776	0.00014863	0.00055679
203	0.20884	0.79047	0.00014412	0.00055236
204	0.21639	0.78292	0.00014682	0.00054094
205	0.23978	0.75954	0.00015999	0.00051929
206	0.23804	0.76129	0.00015658	0.00051444
207	0.24828	0.75106	0.0001613	0.0005017
208	0.25323	0.74611	0.00016265	0.00049256
209	0.2741	0.72525	0.00017453	0.00047311
210	0.34567	0.65369	0.00021829	0.0004217
211	0.51168	0.48769	0.00032248	0.00031008
212	0.98512	0.014251	0.00061584	9.1971e-06
213	0.98662	0.012759	0.00060969	8.1457e-06
214	0.51022	0.48917	0.0003041	0.00030641
215	0.31622	0.68317	0.00018242	0.00042101
216	0.23752	0.76189	0.0001337	0.00046286
217	0.20629	0.79312	0.0001142	0.0004757
218	0.19948	0.79993	0.00010886	0.00047431
219	0.20344	0.79599	0.00010983	0.0004668
220	0.22156	0.77787	0.00011888	0.0004514
221	0.28423	0.7152	0.00015207	0.0004118
222	0.42969	0.56975	0.00023092	0.00032672
223	0.53386	0.46559	0.00028635	0.00026525
224	0.53375	0.4657	0.00028342	0.00026233
225	0.53295	0.46651	0.00027992	0.00025989
226	0.42372	0.57575	0.00021984	0.00031424
227	0.31249	0.68698	0.00015909	0.00036918
228	0.26789	0.73159	0.00013465	0.000388
229	0.21146	0.78802	0.00010434	0.00041263
230	0.19306	0.80643	9.37e-05	0.00041754
231	0.19194	0.80755	9.1828e-05	0.00041362
232	0.16808	0.83142	7.8844e-05	0.00042099
233	0.15979	0.83972	7.3898e-05	0.00042046
234	0.16161	0.8379	7.3982e-05	0.00041506
235	0.17788	0.82164	8.0734e-05	0.00040295
236	0.21824	0.78128	9.8797e-05	0.00037967
237	0.31866	0.68086	0.00014519	0.00032821
238	0.24437	0.75516	0.00011003	0.00035845
239	0.22245	0.77708	9.8891e-05	0.00036461
240	0.21576	0.78378	9.4956e-05	0.00036371
241	0.20857	0.79097	9.0746e-05	0.00036303
242	0.21158	0.78797	9.1231e-05	0.00035779
243	0.23156	0.768	9.9058e-05	0.00034517
244	0.29987	0.6997	0.00012731	0.00031206
245	0.45826	0.5413	0.00019434	0.00024032
246	0.84742	0.15215	0.00036144	6.8665e-05
247	0.85254	0.14703	0.00036002	6.5721e-05
248	0.87576	0.12381	0.00036617	5.5137e-05
249	0.93165	0.067937	0.00038645	3.058e-05
250	0.94563	0.053954	0.00038826	2.442e-05
251	0.93615	0.06344	0.00038021	2.8294e-05
252	0.93508	0.064518	0.00037602	2.8482e-05
253	0.94298	0.056615	0.00037546	2.4975e-05
254	0.92464	0.074968	0.00036413	3.2393e-05
255	0.91905	0.080555	0.00035842	3.4359e-05
256	0.91361	0.086004	0.00035267	3.6288e-05
257	0.91577	0.083848	0.00035019	3.5092e-05
258	0.92713	0.072493	0.00035157	3.0197e-05
259	0.92541	0.074211	0.00034787	3.0526e-05
260	0.93089	0.068732	0.00034719	2.798e-05
261	0.94763	0.052002	0.00035119	2.0888e-05
262	0.95011	0.049521	0.00034916	1.967e-05
263	0.96125	0.038385	0.00035068	1.5049e-05
264	0.9995	0.00013311	0.0003625	6.2025e-08
265	0.99853	0.0011095	0.00035735	4.1154e-07
266	0.99888	0.00076749	0.00035287	2.7589e-07
267	0.99963	2.6316e-05	0.00034842	9.4374e-09
268	0.99958	7.9239e-05	0.00034388	2.7302e-08
269	0.99902	0.00063919	0.00033906	2.2057e-07
270	0.9996	6.9481e-05	0.00033483	2.3755e-08
271	0.99906	0.00060924	0.00033013	2.0722e-07
272	0.9987	0.0009737	0.00032569	3.2545e-07
273	0.99967	1.0201e-05	0.00032188	3.4108e-09
274	0.9996	8.2653e-05	0.00031789	2.6539e-08
275	0.9987	0.00098457	0.00031382	3.0648e-07
276	0.99938	0.00030856	0.00031015	9.5978e-08
277	0.89571	0.10398	0.00027359	3.2691e-05
278	0.86002	0.13968	0.00025874	4.3497e-05
279	0.8495	0.1502	0.00025184	4.6285e-05
280	0.83361	0.1661	0.0002436	5.0567e-05
281	0.76711	0.2326	0.00021994	7.0195e-05
282	0.74135	0.25836	0.00020933	7.6933e-05
283	0.71527	0.28445	0.00019864	8.3676e-05
284	0.70711	0.29261	0.00019353	8.4984e-05
285	0.69325	0.30648	0.00018706	8.7785e-05
286	0.67291	0.32682	0.00017876	9.2347e-05
287	0.65152	0.34821	0.00017018	9.7138e-05
288	0.64722	0.35251	0.00016658	9.708e-05
289	0.6409	0.35884	0.00016238	9.757e-05
290	0.65029	0.34945	0.00016218	9.4005e-05
291	0.68666	0.31309	0.00016836	8.3997e-05
292	0.63574	0.36401	0.00015252	9.6215e-05
293	0.61706	0.38269	0.00014555	9.9705e-05
294	0.61362	0.38614	0.00014261	9.9269e-05
295	0.57494	0.42482	0.00013138	0.00010726
296	0.53041	0.46935	0.00011883	0.00011651
297	0.51334	0.48642	0.0001132	0.00011896
298	0.42457	0.5752	9.1554e-05	0.00013752
299	0.38712	0.61265	8.2096e-05	0.00014399
300	0.37452	0.62526	7.8379e-05	0.00014482
301	0.32152	0.67826	6.598e-05	0.00015428
302	0.30162	0.69817	6.0996e-05	0.00015643
303	0.29676	0.70303	5.9309e-05	0.00015536
304	0.3043	0.69549	6.0315e-05	0.00015168
305	0.33549	0.6643	6.6226e-05	0.00014307
306	0.40995	0.58984	8.1356e-05	0.00012531
307	0.64904	0.35076	0.00013015	7.3863e-05
308	0.81727	0.18253	0.00016368	3.7759e-05
309	0.98143	0.018367	0.00019496	3.8564e-06
310	0.97913	0.020672	0.00019205	4.2618e-06
311	0.98115	0.018654	0.00019013	3.7855e-06
312	0.99064	0.0091646	0.00018962	1.8549e-06
313	0.99228	0.0075321	0.00018763	1.5013e-06
314	0.99328	0.0065356	0.00018562	1.2743e-06
315	0.99946	0.00035977	0.00018454	6.9152e-08
316	0.93557	0.064248	0.00017037	1.1881e-05
317	0.9139	0.08592	0.00016411	1.5736e-05
318	0.9062	0.09362	0.00016061	1.6922e-05
319	0.90678	0.093045	0.00015873	1.659e-05
320	0.91892	0.080905	0.0001588	1.4262e-05
321	0.95179	0.048036	0.00016257	8.3262e-06
322	0.9607	0.03913	0.00016198	6.6995e-06
323	0.96676	0.033075	0.00016098	5.5729e-06
324	0.98968	0.010152	0.00016269	1.6882e-06
325	0.99	0.0098347	0.00016069	1.6046e-06
326	0.99477	0.0050699	0.00015935	8.1025e-07
327	0.99983	1.2351e-05	0.00015797	1.9389e-09
328	0.99723	0.0026139	0.00015547	3.9877e-07
329	0.99716	0.0026876	0.00015332	4.0424e-07
330	0.99984	1.0821e-05	0.00015153	1.6339e-09
331	0.99838	0.0014723	0.0001492	2.203e-07
332	0.97775	0.022101	0.00014419	3.2144e-06
333	0.9701	0.02975	0.00014123	4.2436e-06
334	0.96962	0.030241	0.00013926	4.2459e-06
335	0.97569	0.024165	0.00013815	3.3336e-06
336	0.99803	0.0018263	0.00013918	2.4066e-07
337	0.99556	0.0043061	0.00013673	5.7038e-07
338	0.99587	0.0039919	0.00013461	5.2105e-07
339	0.99981	6.1975e-05	0.0001329	7.886e-09
340	0.99964	0.00023296	0.0001306	3.0423e-08
341	0.999	0.00087356	0.00012833	1.1093e-07
342	0.99987	1.1206e-06	0.0001262	1.424e-10
343	0.9989	0.0009782	0.00012393	1.2122e-07
344	0.99834	0.0015423	0.00012167	1.8975e-07
345	0.9993	0.00058143	0.00011969	7.0042e-08
346	0.99835	0.001533	0.00011743	1.8214e-07
347	0.99732	0.0025688	0.00011526	2.9748e-07
348	0.99836	0.0015314	0.00011328	1.7533e-07
349	0.9959	0.0039875	0.00011085	4.5355e-07
350	0.9959	0.0039946	0.00010881	4.4618e-07
351	0.99833	0.0015584	0.00010712	1.6938e-07
352	0.99296	0.0069313	0.00010454	7.3333e-07
353	0.99236	0.0075393	0.00010242	7.8591e-07
354	0.99466	0.0052395	0.0001007	5.3604e-07
355	0.99363	0.0062698	9.8577e-05	6.314e-07
356	0.99521	0.004691	9.6808e-05	4.6335e-07
357	0.99716	0.0027494	9.5015e-05	2.7044e-07
358	0.99685	0.0030612	9.3091e-05	2.9531e-07
359	0.99847	0.0014427	9.1425e-05	1.3736e-07
360	0.99988	2.8464e-05	8.9809e-05	2.7313e-09
361	0.99953	0.0003796	8.8097e-05	3.4492e-08
362	0.99945	0.00045938	8.6485e-05	4.0953e-08
363	0.99869	0.0012211	8.4886e-05	1.0517e-07
364	0.99833	0.001585	8.3281e-05	1.352e-07
365	0.99795	0.0019728	8.174e-05	1.6501e-07
366	0.99754	0.0023835	8.0262e-05	1.9416e-07
367	0.99754	0.0023851	7.8777e-05	1.914e-07
368	0.99955	0.00036751	7.7518e-05	2.8533e-08
369	0.9995	0.00042087	7.6059e-05	3.1873e-08
370	0.99724	0.0026883	7.4394e-05	2.0172e-07
371	0.99714	0.0027866	7.2964e-05	2.0364e-07
372	0.99981	0.00011584	7.1692e-05	8.4784e-09
373	0.99971	0.00021889	7.0283e-05	1.5646e-08
374	0.99749	0.0024437	6.8786e-05	1.6833e-07
375	0.99534	0.004593	6.7265e-05	3.1201e-07
376	0.99551	0.0044214	6.5962e-05	2.9344e-07
377	0.99885	0.0010887	6.483e-05	7.1926e-08
378	0.99953	0.00040467	6.3577e-05	2.6466e-08
379	0.99956	0.00037611	6.2334e-05	2.3884e-08
380	0.99896	0.00098177	6.1104e-05	5.974e-08
381	0.99994	1.1065e-07	5.9935e-05	6.7081e-12
382	0.99887	0.0010691	5.8699e-05	6.2724e-08
383	0.99803	0.0019153	5.7448e-05	1.1104e-07
384	0.99882	0.0011265	5.6346e-05	6.3559e-08
385	0.99985	9.2549e-05	5.5226e-05	5.2863e-09
386	0.99994	7.435e-06	5.4113e-05	6.5049e-10
387	0.99995	3.6826e-06	5.0279e-05	1.5365e-10
388	0.99873	0.0012252	4.9362e-05	6.3682e-08
389	0.99745	0.0025024	4.8485e-05	1.2748e-07
390	0.99801	0.0019415	4.7741e-05	9.8257e-08
391	0.98136	0.018598	4.6207e-05	8.9776e-07
392	0.96429	0.035667	4.464e-05	1.7038e-06
393	0.95799	0.041969	4.3645e-05	1.9717e-06
394	0.93125	0.068703	4.1687e-05	3.1814e-06
395	0.92168	0.07828	4.0592e-05	3.5622e-06
396	0.92219	0.077766	3.9932e-05	3.4878e-06
397	0.90802	0.091936	3.8673e-05	4.0469e-06
398	0.89187	0.10809	3.732e-05	4.6792e-06
399	0.8874	0.11256	3.6518e-05	4.7901e-06
400	0.89482	0.10514	3.6183e-05	4.4115e-06
401	0.91795	0.082013	3.6514e-05	3.4005e-06
402	0.97314	0.026826	3.8155e-05	1.1089e-06
403	0.96991	0.030048	3.7431e-05	1.2139e-06
404	0.97182	0.028143	3.6944e-05	1.1135e-06
405	0.98337	0.016593	3.6803e-05	6.4443e-07
406	0.98613	0.013837	3.6286e-05	5.2904e-07
407	0.99466	0.0052997	3.6012e-05	1.9819e-07
408	0.9967	0.0032664	3.5466e-05	1.2021e-07
409	0.99394	0.00603	3.4722e-05	2.1708e-07
410	0.99401	0.0059555	3.4113e-05	2.1018e-07
411	0.99677	0.0031958	3.3625e-05	1.0984e-07
412	0.99989	7.3839e-05	3.3121e-05	2.5255e-09
413	0.99994	2.6883e-05	3.254e-05	8.7617e-10
414	0.99698	0.0029916	3.1893e-05	9.3316e-08
415	0.95328	0.046689	2.9967e-05	1.4452e-06
416	0.94046	0.059505	2.9005e-05	1.8129e-06
417	0.93929	0.060678	2.8385e-05	1.8164e-06
418	0.93584	0.064134	2.7728e-05	1.8833e-06
419	0.93899	0.060981	2.7294e-05	1.7522e-06
420	0.9543	0.045675	2.718e-05	1.2819e-06
421	0.95632	0.043652	2.666e-05	1.2001e-06
422	0.96811	0.031866	2.6377e-05	8.612e-07
423	0.99882	0.0011484	2.6615e-05	3.0109e-08
424	0.98467	0.015302	2.5631e-05	3.9972e-07
425	0.97927	0.020704	2.4915e-05	5.2611e-07
426	0.97862	0.02135	2.4349e-05	5.2726e-07
427	0.97757	0.022408	2.3754e-05	5.3859e-07
428	0.98198	0.017994	2.327e-05	4.2058e-07
429	0.999	0.00097263	2.3045e-05	2.2909e-08
430	0.99758	0.0024009	2.2417e-05	5.521e-08
431	0.97889	0.021093	2.1382e-05	4.7715e-07
432	0.97205	0.027926	2.0659e-05	6.129e-07
433	0.94808	0.051903	1.9555e-05	1.1092e-06
434	0.9147	0.08528	1.8317e-05	1.7623e-06
435	0.90238	0.097597	1.7566e-05	1.954e-06
436	0.70014	0.29984	1.329e-05	5.6906e-06
437	0.62979	0.3702	1.1606e-05	6.82e-06
438	0.60694	0.39304	1.0833e-05	7.0248e-06
439	0.25644	0.74354	4.4683e-06	1.284e-05
440	0.13347	0.86651	2.2518e-06	1.4496e-05
441	0.095249	0.90473	1.5432e-06	1.4634e-05
442	0.080409	0.91958	1.2575e-06	1.4361e-05
443	0.077465	0.92252	1.165e-06	1.3886e-05
444	0.082885	0.9171	1.1937e-06	1.3279e-05
445	0.076973	0.92301	1.0555e-06	1.283e-05
446	0.078258	0.92173	1.0245e-06	1.2285e-05
447	0.087083	0.9129	1.0901e-06	1.1655e-05
448	0.069502	0.93049	8.2103e-07	1.135e-05
449	0.063629	0.93636	7.1315e-07	1.0895e-05
450	0.066365	0.93362	7.0316e-07	1.0332e-05
451	0.055464	0.94453	5.5192e-07	9.9217e-06
452	0.053744	0.94625	5.0103e-07	9.4021e-06
453	0.057419	0.94257	5.0275e-07	8.8398e-06
454	0.058098	0.94189	4.7688e-07	8.3146e-06
455	0.065058	0.93493	5.021e-07	7.7476e-06
456	0.069076	0.93092	5.0087e-07	7.2196e-06
457	0.082011	0.91798	5.6121e-07	6.6386e-06
458	0.090166	0.90983	5.7897e-07	6.11e-06
459	0.12065	0.87934	7.2426e-07	5.4441e-06
460	0.15026	0.84973	8.2773e-07	4.8102e-06
461	0.21972	0.78028	1.1111e-06	4.0053e-06
462	0.39076	0.60923	1.8144e-06	2.791e-06
463	0.43533	0.56467	1.7978e-06	2.2857e-06
464	0.56502	0.43497	2.0305e-06	1.5198e-06
465	0.97953	0.020463	2.9617e-06	4.2085e-08
466	0.98103	0.018969	2.9701e-06	4.088e-08
467	0.98943	0.010567	2.9861e-06	2.3432e-08
468	0.99606	0.0039416	3.0011e-06	8.9044e-09
469	0.99556	0.0044398	2.9903e-06	1.098e-08
470	0.9974	0.002595	2.9881e-06	6.528e-09
471	0.99963	0.00036265	2.9779e-06	9.425e-10
472	0.99963	0.00036667	2.9633e-06	1.0295e-09
473	0.99902	0.00097765	2.9484e-06	2.8154e-09
474	0.99986	0.00013464	2.9291e-06	3.8548e-10
475	0.99983	0.00016369	2.8986e-06	4.8102e-10
476	0.99958	0.0004195	2.8687e-06	1.2194e-09
477	0.99959	0.00040472	2.8417e-06	1.1467e-09
478	0.99995	5.0102e-05	2.8069e-06	1.3911e-10
479	0.9994	0.00059273	2.7604e-06	1.6458e-09
480	0.99997	3.1011e-05	2.719e-06	6.0189e-11
481	0.99656	0.0034375	3.1115e-06	1.1144e-08
482	0.9958	0.004193	3.5224e-06	1.539e-08
483	0.99714	0.0028567	3.9532e-06	1.1797e-08
484	0.95881	0.041185	4.1907e-06	1.8697e-07
485	0.78742	0.21258	3.7597e-06	1.0444e-06
486	0.71815	0.28184	3.7409e-06	1.5026e-06
487	0.40051	0.59948	2.2782e-06	3.4164e-06
488	0.30123	0.69876	1.844e-06	4.2903e-06
489	0.2589	0.7411	1.7054e-06	4.877e-06
490	0.097376	0.90262	6.8671e-07	6.3342e-06
491	0.046788	0.9532	3.469e-07	7.1032e-06
492	0.026276	0.97372	2.0644e-07	7.6806e-06
493	0.020331	0.97966	1.6758e-07	8.1475e-06
494	0.01865	0.98134	1.6188e-07	8.5879e-06
495	0.02026	0.97973	1.8582e-07	9.0064e-06
496	0.014853	0.98514	1.4308e-07	9.4833e-06
497	0.014373	0.98562	1.4431e-07	9.9074e-06
498	0.018101	0.98189	1.8807e-07	1.028e-05
499	0.014708	0.98528	1.5873e-07	1.0733e-05
500	0.015463	0.98453	1.7247e-07	1.1134e-05
501	0.019445	0.98054	2.2522e-07	1.1502e-05
502	0.032205	0.96778	3.847e-07	1.1756e-05
503	0.06904	0.93095	8.4439e-07	1.1701e-05
504	0.15952	0.84047	2.0264e-06	1.0932e-05
505	0.18188	0.81811	2.3787e-06	1.0984e-05
506	0.23555	0.76444	3.1826e-06	1.0593e-05
507	0.3897	0.61029	5.4074e-06	8.7712e-06
508	0.50677	0.49322	7.262e-06	7.3318e-06
509	0.79488	0.2051	1.1844e-05	3.1787e-06
510	0.99757	0.0024125	1.5405e-05	6.1637e-08
511	0.99686	0.0031252	1.5304e-05	6.8052e-08
512	0.99843	0.0015501	1.5232e-05	3.2936e-08
513	0.99828	0.0017028	1.5136e-05	3.2779e-08
514	0.99602	0.0039657	1.5017e-05	6.6326e-08
515	0.99614	0.0038488	1.4946e-05	6.2425e-08
516	0.99961	0.00037482	1.4915e-05	6.0148e-09
517	0.99686	0.0031218	1.4772e-05	4.7292e-08
518	0.99644	0.0035433	1.4675e-05	5.3013e-08
519	0.99884	0.0011438	1.4606e-05	1.7536e-08
520	0.98529	0.014692	1.4311e-05	2.2012e-07
521	0.9814	0.018582	1.4147e-05	2.7785e-07
522	0.97762	0.022367	1.3972e-05	3.3444e-07
523	0.90996	0.090031	1.2859e-05	1.3383e-06
524	0.88709	0.1129	1.2406e-05	1.6709e-06
525	0.87914	0.12084	1.2189e-05	1.7765e-06
526	0.86685	0.13313	1.1923e-05	1.9405e-06
527	0.86514	0.13485	1.1819e-05	1.9511e-06
528	0.87352	0.12647	1.187e-05	1.818e-06
529	0.86943	0.13056	1.1731e-05	1.8615e-06
530	0.8651	0.13488	1.1575e-05	1.9087e-06
531	0.87047	0.12951	1.1565e-05	1.8209e-06
532	0.86055	0.13943	1.1334e-05	1.9429e-06
533	0.86058	0.1394	1.1249e-05	1.9272e-06
534	0.87382	0.12617	1.1327e-05	1.737e-06
535	0.85215	0.14784	1.0953e-05	2.0089e-06
536	0.84777	0.15222	1.0797e-05	2.0511e-06
537	0.85283	0.14716	1.0775e-05	1.9681e-06
538	0.85754	0.14245	1.0733e-05	1.892e-06
539	0.87504	0.12494	1.0865e-05	1.6515e-06
540	0.9183	0.08169	1.1336e-05	1.0797e-06
541	0.94906	0.050928	1.1658e-05	6.6872e-07
542	0.93415	0.065842	1.1404e-05	8.4292e-07
543	0.9301	0.069892	1.1295e-05	8.8191e-07
544	0.68354	0.31645	8.2954e-06	3.7989e-06
545	0.60681	0.39318	7.3165e-06	4.6838e-06
546	0.5816	0.41839	6.9508e-06	4.9453e-06
547	0.27636	0.72363	3.2175e-06	8.5636e-06
548	0.15207	0.84792	1.7333e-06	9.9383e-06
549	0.10165	0.89834	1.143e-06	1.0424e-05
550	0.034674	0.96531	3.8926e-07	1.1077e-05
551	0.013698	0.98629	1.515e-07	1.1206e-05
552	0.0072328	0.99276	7.7351e-08	1.1164e-05
553	0.0047584	0.99523	4.9447e-08	1.1079e-05
554	0.0041431	0.99585	4.2331e-08	1.0978e-05
555	0.0054482	0.99454	5.4874e-08	1.0848e-05
556	0.005553	0.99444	5.4922e-08	1.0734e-05
557	0.0074276	0.99256	7.3186e-08	1.0605e-05
558	0.012687	0.9873	1.2582e-07	1.0445e-05
559	0.016042	0.98395	1.5891e-07	1.0308e-05
560	0.025304	0.97469	2.5272e-07	1.0114e-05
561	0.04845	0.95154	4.9029e-07	9.7794e-06
562	0.10196	0.89803	1.0441e-06	9.1311e-06
563	0.27277	0.72722	2.7731e-06	7.2994e-06
564	0.75927	0.24072	7.5849e-06	2.3764e-06
565	0.75225	0.24774	7.4216e-06	2.4181e-06
566	0.75647	0.24352	7.3772e-06	2.3474e-06
567	0.78344	0.21655	7.5372e-06	2.061e-06
568	0.76357	0.23642	7.2597e-06	2.22e-06
569	0.76131	0.23868	7.14e-06	2.2108e-06
570	0.77143	0.22856	7.1442e-06	2.0852e-06
571	0.38446	0.61553	3.5584e-06	5.5391e-06
572	0.26331	0.73668	2.4155e-06	6.5406e-06
573	0.22615	0.77384	2.0423e-06	6.7636e-06
574	0.093785	0.90621	8.2568e-07	7.8212e-06
575	0.036365	0.96363	3.1641e-07	8.1744e-06
576	0.016251	0.98374	1.3843e-07	8.1887e-06
577	0.0081019	0.99189	6.8765e-08	8.0978e-06
578	0.0054603	0.99453	4.5875e-08	7.9527e-06
579	0.0046929	0.9953	3.9281e-08	7.7936e-06
580	0.0033628	0.99663	2.8327e-08	7.6312e-06
581	0.0032923	0.9967	2.8024e-08	7.461e-06
582	0.0044209	0.99557	3.7962e-08	7.2832e-06
583	0.0049914	0.995	4.3168e-08	7.1026e-06
584	0.0045676	0.99543	4.1168e-08	6.9318e-06
585	0.0054335	0.99456	5.0456e-08	6.7516e-06
586	0.0025158	0.99748	2.2898e-08	7.4582e-06
587	0.0017916	0.9982	1.4942e-08	8.1355e-06
588	0.0017486	0.99824	1.308e-08	8.8179e-06
589	0.0023549	0.99764	1.6273e-08	9.5068e-06
590	0.0040593	0.99593	2.7462e-08	1.02e-05
591	0.0098884	0.9901	6.7694e-08	1.0853e-05
592	0.004959	0.99503	3.4318e-08	1.082e-05
593	0.0028876	0.9971	2.0755e-08	1.0769e-05
594	0.0021415	0.99785	1.6611e-08	1.0711e-05
595	0.002169	0.99782	1.8704e-08	1.0649e-05
596	0.0033802	0.99661	3.2088e-08	1.0569e-05
597	0.007751	0.99224	7.7508e-08	1.0449e-05
598	0.010227	0.98976	1.0334e-07	1.035e-05
599	0.016607	0.98338	1.7063e-07	1.0213e-05
600	0.032615	0.96737	3.4165e-07	9.9756e-06
601	0.078461	0.92153	8.2229e-07	9.4207e-06
602	0.20912	0.79087	2.1656e-06	7.9956e-06
603	0.62566	0.37432	6.3541e-06	3.7166e-06
604	0.63233	0.36766	6.3551e-06	3.6145e-06
605	0.66679	0.3332	6.6138e-06	3.244e-06
606	0.74898	0.25101	7.3383e-06	2.4138e-06
607	0.77123	0.22876	7.4589e-06	2.1763e-06
608	0.79334	0.20665	7.5602e-06	1.9467e-06
609	0.85109	0.1489	7.9967e-06	1.3897e-06
610	0.86463	0.13536	8.0048e-06	1.2503e-06
611	0.89948	0.10051	8.211e-06	9.1974e-07
612	0.9867	0.01329	8.8964e-06	1.1795e-07
613	0.99312	0.0068666	8.8262e-06	5.967e-08
614	0.99982	0.00016917	8.7438e-06	1.4235e-09
615	0.99993	6.3112e-05	8.5927e-06	5.1365e-10
616	0.99965	0.0003435	8.4461e-06	2.6189e-09
617	0.9987	0.0012888	8.2825e-06	9.5121e-09
618	0.99913	0.0008633	8.1374e-06	5.3252e-09
619	0.96532	0.034677	7.7981e-06	2.0249e-07
620	0.95226	0.047734	7.5988e-06	2.6771e-07
621	0.95052	0.049472	7.4578e-06	2.6289e-07
622	0.34776	0.65223	2.9402e-06	5.3224e-06
623	0.13614	0.86385	1.225e-06	7.5685e-06
624	0.061887	0.9381	5.8208e-07	8.7327e-06
625	0.029718	0.97027	2.9345e-07	9.5516e-06
626	0.016708	0.98328	1.7492e-07	1.0211e-05
627	0.012518	0.98747	1.3759e-07	1.078e-05
628	0.01212	0.98787	1.3887e-07	1.1302e-05
629	0.014151	0.98584	1.6963e-07	1.1803e-05
630	0.020113	0.97987	2.5345e-07	1.226e-05
631	0.040156	0.95983	5.2641e-07	1.2519e-05
632	0.089473	0.91051	1.2325e-06	1.2356e-05
633	0.23007	0.76991	3.2828e-06	1.0839e-05
634	0.63056	0.36942	9.249e-06	5.3958e-06
635	0.72064	0.27934	1.0913e-05	4.241e-06
636	0.94291	0.057074	1.4786e-05	8.9563e-07
637	0.94532	0.054661	1.5347e-05	8.8503e-07
638	0.95868	0.041301	1.6077e-05	6.8847e-07
639	0.99901	0.0009713	1.7265e-05	1.6958e-08
640	0.99979	0.00019387	1.7819e-05	3.4646e-09
641	0.99832	0.0016665	1.8314e-05	3.0775e-08
642	0.99681	0.0031708	1.8788e-05	6.0788e-08
643	0.99779	0.0021866	1.9291e-05	4.4235e-08
644	0.99691	0.0030721	1.9776e-05	6.4329e-08
645	0.99798	0.0020032	2.0326e-05	4.4202e-08
646	0.95596	0.044017	1.9951e-05	9.706e-07
647	0.93843	0.06155	2.0107e-05	1.388e-06
648	0.93519	0.06479	2.0547e-05	1.5023e-06
649	0.86164	0.13834	1.9359e-05	3.2679e-06
650	0.83062	0.16936	1.9136e-05	4.0893e-06
651	0.82385	0.17613	1.9444e-05	4.362e-06
652	0.78132	0.21866	1.881e-05	5.5577e-06
653	0.76869	0.23128	1.8887e-05	6.0263e-06
654	0.76821	0.23176	1.9292e-05	6.1878e-06
655	0.74258	0.2574	1.9049e-05	7.0219e-06
656	0.73757	0.26241	1.932e-05	7.3246e-06
657	0.74396	0.25601	1.9924e-05	7.3167e-06
658	0.74676	0.25321	2.0461e-05	7.4006e-06
659	0.76797	0.232	2.151e-05	6.9559e-06
660	0.82042	0.17955	2.3539e-05	5.5544e-06
661	0.83358	0.16639	2.4479e-05	5.2691e-06
662	0.87042	0.12955	2.6225e-05	4.2072e-06
663	0.9571	0.042869	2.9713e-05	1.4295e-06
664	0.95459	0.045378	3.0352e-05	1.5341e-06
665	0.9593	0.040671	3.1207e-05	1.4019e-06
666	0.97686	0.023102	3.2491e-05	8.2109e-07
667	0.97986	0.020101	3.3315e-05	7.2858e-07
668	0.98225	0.01772	3.4155e-05	6.5254e-07
669	0.99244	0.0075203	3.5265e-05	2.8479e-07
670	0.9999	6.5983e-05	3.6321e-05	2.5413e-09
671	0.99933	0.00063551	3.7049e-05	2.4038e-08
672	0.99989	7.7131e-05	3.7856e-05	2.9512e-09
673	0.99712	0.0028442	3.8571e-05	1.078e-07
674	0.997	0.0029646	3.9361e-05	1.1471e-07
675	0.99969	0.00026493	4.0236e-05	1.0625e-08
676	0.99902	0.00093653	4.1017e-05	3.8374e-08
677	0.99876	0.001203	4.1788e-05	5.0806e-08
678	0.99995	4.9527e-06	4.2661e-05	2.1153e-10
679	0.99987	8.792e-05	4.3453e-05	3.9141e-09
680	0.99881	0.0011433	4.4236e-05	5.1219e-08
681	0.9991	0.00085208	4.5117e-05	3.8557e-08
682	0.99869	0.0012672	4.5938e-05	5.8555e-08
683	0.99829	0.001666	4.6796e-05	7.7714e-08
684	0.99994	1.3482e-05	4.7724e-05	6.6974e-10
685	0.99742	0.0025322	4.8487e-05	1.2707e-07
686	0.99715	0.0028049	4.9402e-05	1.433e-07
687	0.99888	0.0010666	5.0467e-05	5.5577e-08
688	0.99907	0.00087426	5.15e-05	4.5437e-08
689	0.99839	0.0015526	5.2461e-05	8.1317e-08
690	0.9996	0.00034243	5.3491e-05	1.8519e-08
691	0.99991	3.3029e-05	5.4517e-05	1.8202e-09
692	0.99951	0.0004363	5.5549e-05	2.3873e-08
693	0.99793	0.0020134	5.6566e-05	1.1021e-07
694	0.99148	0.0084608	5.7265e-05	4.7599e-07
695	0.99055	0.0093936	5.8236e-05	5.3913e-07
696	0.99253	0.0074108	5.9426e-05	4.2859e-07
697	0.9857	0.014239	6.0065e-05	8.4116e-07
698	0.98467	0.015264	6.1013e-05	9.1804e-07
699	0.98392	0.016019	6.1942e-05	9.8263e-07
700	0.98252	0.017419	6.2882e-05	1.0855e-06
701	0.98587	0.014061	6.4095e-05	8.8836e-07
702	0.9995	0.00043646	6.594e-05	2.8399e-08
703	0.99874	0.0011972	6.6923e-05	7.9671e-08
704	0.99953	0.00040254	6.7982e-05	2.7858e-08
705	0.99979	0.00013871	6.9062e-05	1.0058e-08
706	0.99738	0.0025547	6.9997e-05	1.8509e-07
707	0.99707	0.0028617	7.1131e-05	2.1055e-07
708	0.99864	0.0012872	7.2455e-05	9.6541e-08
709	0.99713	0.0027978	7.3515e-05	2.1262e-07
710	0.99747	0.0024543	7.4767e-05	1.8971e-07
711	0.99992	2.5679e-06	7.6238e-05	2.1003e-10
712	0.9871	0.012826	7.6561e-05	1.0215e-06
713	0.97282	0.027098	7.6684e-05	2.21e-06
714	0.96811	0.03181	7.7631e-05	2.6359e-06
715	0.89816	0.10175	7.302e-05	8.5881e-06
716	0.87048	0.12944	7.1937e-05	1.1073e-05
717	0.86313	0.13678	7.2479e-05	1.1902e-05
718	0.85569	0.14422	7.2944e-05	1.2775e-05
719	0.85774	0.14217	7.4294e-05	1.2816e-05
720	0.87185	0.12806	7.6806e-05	1.1759e-05
721	0.7882	0.21171	7.0597e-05	1.9487e-05
722	0.76007	0.23984	6.9158e-05	2.2413e-05
723	0.75528	0.24462	6.9783e-05	2.3243e-05
724	0.72445	0.27546	6.7805e-05	2.6642e-05
725	0.71479	0.28511	6.791e-05	2.8017e-05
726	0.718	0.2819	6.9324e-05	2.8146e-05
727	0.74357	0.25633	7.2909e-05	2.607e-05
728	0.80572	0.19418	8.0376e-05	2.0169e-05
729	0.95044	0.049458	9.6838e-05	5.3364e-06
730	0.94938	0.05052	9.8346e-05	5.5256e-06
731	0.95634	0.043553	0.00010067	4.8596e-06
732	0.97512	0.024777	0.00010442	2.8437e-06
733	0.97926	0.020629	0.00010653	2.4263e-06
734	0.97776	0.022133	0.00010796	2.6497e-06
735	0.98075	0.019136	0.00010999	2.3483e-06
736	0.97773	0.022158	0.0001114	2.7469e-06
737	0.82861	0.17128	9.4761e-05	2.1157e-05
738	0.76844	0.23145	8.8865e-05	2.8897e-05
739	0.55148	0.4484	6.2791e-05	5.678e-05
740	0.48413	0.51575	5.4938e-05	6.641e-05
741	0.46528	0.5346	5.3132e-05	6.9961e-05
742	0.437	0.56288	5.0084e-05	7.4812e-05
743	0.43148	0.56839	4.9905e-05	7.6768e-05
744	0.44424	0.55563	5.1928e-05	7.6493e-05
745	0.43751	0.56236	5.1461e-05	7.8679e-05
746	0.44433	0.55553	5.2802e-05	7.9118e-05
747	0.47058	0.52928	5.6621e-05	7.7142e-05
748	0.47255	0.52732	5.7402e-05	7.8174e-05
749	0.49734	0.50253	6.1011e-05	7.6347e-05
750	0.5623	0.43756	6.9761e-05	6.9444e-05
751	0.77174	0.22812	9.6324e-05	4.4697e-05
752	0.81814	0.18172	0.00010548	3.5403e-05
753	0.96853	0.031326	0.00013454	6.1687e-06
754	0.96931	0.030548	0.0001347	5.8831e-06
755	0.97755	0.022305	0.00013616	4.281e-06
756	0.99824	0.001621	0.00014001	3.1801e-07
757	0.99817	0.0016911	0.00013996	3.0364e-07
758	0.99973	0.00012611	0.00014023	2.2353e-08
759	0.99985	9.2453e-06	0.00014027	1.4479e-09
760	0.9998	6.2951e-05	0.00014033	8.9964e-09
761	0.99977	8.9155e-05	0.00014044	1.2513e-08
762	0.9992	0.00066087	0.00014044	9.3979e-08
763	0.9975	0.0023567	0.00014025	3.4006e-07
764	0.99762	0.002237	0.00014036	3.2385e-07
765	0.99979	6.7363e-05	0.00014082	1.0678e-08
766	0.99906	0.00080307	0.0001409	1.2549e-07
767	0.9986	0.0012559	0.00014098	2.0448e-07
768	0.9995	0.00035542	0.00014131	8.1685e-08
769	0.99968	0.00017937	0.00013991	3.3695e-08
770	0.99889	0.00097095	0.00013832	1.4356e-07
771	0.99819	0.0016724	0.00013681	2.3698e-07
772	0.99786	0.0020007	0.00013532	2.8004e-07
773	0.99917	0.00069388	0.00013412	9.6838e-08
774	0.99947	0.00039948	0.00013274	5.7388e-08
775	0.9978	0.0020707	0.00013116	2.9103e-07
776	0.99582	0.0040544	0.0001296	5.6131e-07
777	0.99614	0.0037272	0.00012842	5.1491e-07
778	0.99446	0.0054133	0.00012707	7.3004e-07
779	0.99512	0.0047581	0.00012609	6.3409e-07
780	0.9986	0.0012769	0.00012554	1.6626e-07
781	0.9957	0.0041769	0.00012412	5.2495e-07
782	0.99309	0.0067869	0.0001227	8.4723e-07
783	0.99322	0.0066601	0.00012169	8.2192e-07
784	0.99339	0.0064848	0.00012065	7.946e-07
785	0.9964	0.0034833	0.00012	4.1997e-07
786	0.99977	0.0001126	0.00011936	1.3499e-08
787	0.99889	0.0009915	0.00011826	1.1558e-07
788	0.99842	0.0014643	0.00011718	1.6999e-07
789	0.99946	0.0004257	0.00011633	4.5528e-08
790	0.99655	0.0033368	0.00011503	3.5203e-07
791	0.99644	0.0034492	0.00011399	3.5343e-07
792	0.99842	0.001464	0.00011325	1.1876e-07
793	0.9971	0.0027887	0.00011452	2.8772e-07
794	0.99759	0.0022986	0.00011606	2.5097e-07
795	0.99609	0.0037955	0.00011744	4.4057e-07
796	0.97108	0.028796	0.00011585	3.5682e-06
797	0.96099	0.03889	0.00011615	4.8758e-06
798	0.95872	0.041155	0.00011748	5.2217e-06
799	0.96425	0.035624	0.00011974	4.6038e-06
800	0.96779	0.032088	0.00012184	4.2109e-06
801	0.9799	0.019974	0.00012518	2.6624e-06
802	0.98929	0.010575	0.0001283	1.4142e-06
803	0.98732	0.012546	0.00012986	1.6856e-06
804	0.98982	0.01005	0.00013196	1.3693e-06
805	0.9807	0.01917	0.00013259	2.6085e-06
806	0.97887	0.020992	0.00013413	2.8938e-06
807	0.98111	0.018748	0.00013631	2.6105e-06
808	0.98224	0.017619	0.00013844	2.4688e-06
809	0.97799	0.021868	0.00013976	3.09e-06
810	0.97963	0.02023	0.00014185	2.891e-06
811	0.98961	0.010246	0.0001451	1.4839e-06
812	0.99926	0.00059037	0.00014827	1.0666e-07
813	0.99907	0.00078373	0.0001501	1.5878e-07
814	0.99416	0.0056848	0.00015089	1.1971e-06
815	0.99336	0.0064897	0.00015243	1.4454e-06
816	0.99523	0.0046152	0.00015454	1.2128e-06
817	0.99012	0.0097265	0.00015374	2.0251e-06
818	0.98895	0.010893	0.00015364	2.1732e-06
819	0.99087	0.0089767	0.00015414	1.7716e-06
820	0.98867	0.011171	0.00015397	2.0903e-06
821	0.99032	0.0095269	0.0001544	1.7695e-06
822	0.99669	0.0031553	0.00015575	5.9104e-07
823	0.99624	0.003601	0.00015583	6.5342e-07
824	0.99552	0.0043212	0.0001559	7.6145e-07
825	0.99707	0.0027757	0.00015641	4.8873e-07
826	0.99298	0.006865	0.00015605	1.1323e-06
827	0.99271	0.0071303	0.00015626	1.1744e-06
828	0.9954	0.0044416	0.00015701	7.3167e-07
829	0.99537	0.0044746	0.00015728	7.3682e-07
830	0.99546	0.0043775	0.00015754	7.2615e-07
831	0.99815	0.0016904	0.00015828	2.91e-07
832	0.97976	0.020076	0.00015542	3.4276e-06
833	0.97304	0.026799	0.0001546	4.5703e-06
834	0.97219	0.027651	0.00015482	4.7274e-06
835	0.97037	0.029466	0.00015494	5.0338e-06
836	0.95954	0.040302	0.00015351	6.8599e-06
837	0.95692	0.042918	0.00015351	7.3084e-06
838	0.90233	0.097508	0.00014477	1.6474e-05
839	0.87956	0.12028	0.00014142	2.029e-05
840	0.87423	0.12561	0.00014089	2.1258e-05
841	0.84392	0.15592	0.00013601	2.6526e-05
842	0.80076	0.19908	0.00012905	3.3922e-05
843	0.74018	0.25966	0.00011928	4.4168e-05
844	0.71533	0.2845	0.00011556	4.8415e-05
845	0.70878	0.29106	0.00011493	4.9621e-05
846	0.71487	0.28497	0.00011647	4.8694e-05
847	0.7469	0.25293	0.00012238	4.3378e-05
848	0.85298	0.14686	0.00014074	2.5588e-05
849	0.92805	0.071788	0.00015419	1.2743e-05
850	0.93101	0.068822	0.00015535	1.2252e-05
851	0.94638	0.053455	0.00015862	9.6206e-06
852	0.98614	0.013695	0.00016634	2.5933e-06
853	0.98367	0.016158	0.00016665	3.0401e-06
854	0.98512	0.014713	0.00016772	2.7831e-06
855	0.99171	0.0081153	0.00016981	1.5689e-06
856	0.98306	0.016771	0.00016906	3.1534e-06
857	0.94358	0.056245	0.00016282	1.0292e-05
858	0.7649	0.23493	0.00013179	4.2274e-05
859	0.51945	0.48037	8.9186e-05	8.5889e-05
860	0.44306	0.55676	7.5916e-05	0.00010014
861	0.41331	0.58651	7.1057e-05	0.00010604
862	0.40876	0.59106	7.0584e-05	0.00010752
863	0.41774	0.58208	7.2581e-05	0.00010658
864	0.44799	0.55183	7.8514e-05	0.00010176
865	0.54914	0.45068	9.7134e-05	8.4219e-05
866	0.78335	0.21647	0.00014068	4.1803e-05
867	0.79954	0.20028	0.00014445	3.9134e-05
868	0.70875	0.29106	0.00012727	5.7373e-05
869	0.57991	0.41991	0.00010271	8.3035e-05
870	0.52483	0.47499	9.262e-05	9.4289e-05
871	0.44744	0.55237	7.8283e-05	0.00010984
872	0.42195	0.57786	7.3729e-05	0.00011558
873	0.41948	0.58033	7.3524e-05	0.00011695
874	0.41644	0.58336	7.3142e-05	0.00011847
875	0.42614	0.57367	7.5205e-05	0.00011759
876	0.45785	0.54196	8.1409e-05	0.00011263
877	0.43792	0.56189	7.7898e-05	0.00011743
878	0.43688	0.56292	7.8036e-05	0.00011857
879	0.44916	0.55065	8.0796e-05	0.00011713
880	0.43708	0.56272	7.8866e-05	0.00012044
881	0.43827	0.56153	7.9624e-05	0.00012111
882	0.43702	0.56277	7.9838e-05	0.0001223
883	0.4338	0.56599	7.9587e-05	0.00012394
884	0.42511	0.57468	7.8272e-05	0.00012669
885	0.42906	0.57074	7.9578e-05	0.00012687
886	0.40525	0.59454	7.5252e-05	0.00013274
887	0.39868	0.60111	7.45e-05	0.0001351
888	0.40544	0.59435	7.6559e-05	0.00013471
889	0.40632	0.59346	7.748e-05	0.00013552
890	0.40213	0.59766	7.7407e-05	0.00013738
891	0.3928	0.60699	7.6173e-05	0.00014038
892	0.37837	0.62141	7.3924e-05	0.00014446
893	0.37755	0.62223	7.458e-05	0.0001457
894	0.38974	0.61003	7.8185e-05	0.00014406
895	0.39949	0.60028	8.1212e-05	0.00014296
896	0.34228	0.65749	6.9942e-05	0.00015623
897	0.32059	0.67919	6.6151e-05	0.00016209
898	0.23923	0.76054	4.9321e-05	0.00018097
899	0.20689	0.79288	4.2937e-05	0.00018946
900	0.19803	0.80174	4.1459e-05	0.00019302
901	0.20201	0.79776	4.279e-05	0.00019376
902	0.20169	0.79807	4.3205e-05	0.00019547
903	0.21307	0.78669	4.6425e-05	0.00019444
904	0.21949	0.78027	4.8582e-05	0.00019455
905	0.24662	0.75314	5.5767e-05	0.00018961
906	0.33669	0.66306	7.8356e-05	0.00016923
907	0.40138	0.59837	9.5377e-05	0.0001545
908	0.55184	0.44791	0.00013507	0.00011718
909	0.98115	0.018591	0.00024658	8.0012e-06
910	0.96313	0.036619	0.00024189	1.2654e-05
911	0.95812	0.041624	0.00024059	1.3887e-05
912	0.95887	0.04088	0.00024097	1.3486e-05
913	0.95845	0.041298	0.0002411	1.3415e-05
914	0.96386	0.035886	0.00024303	1.159e-05
915	0.9791	0.020643	0.00024818	6.6105e-06
916	0.93906	0.060681	0.00023803	1.6851e-05
917	0.92365	0.076099	0.00023432	2.0717e-05
918	0.92085	0.078895	0.00023377	2.1393e-05
919	0.92732	0.072422	0.0002356	1.9657e-05
920	0.93148	0.068263	0.00023692	1.8502e-05
921	0.95167	0.04807	0.00024243	1.3112e-05
922	0.95417	0.045573	0.00024331	1.2412e-05
923	0.96436	0.035387	0.00024635	9.6046e-06
924	0.9996	0.00014801	0.0002561	5.8364e-08
925	0.99498	0.0047673	0.00025437	1.8656e-06
926	0.9901	0.0096456	0.00025242	3.8593e-06
927	0.99003	0.0097136	0.00025216	4.1323e-06
928	0.93238	0.06737	0.00023452	1.9389e-05
929	0.85211	0.14764	0.00021162	4.0011e-05
930	0.8281	0.17165	0.00020338	4.5917e-05
931	0.7448	0.25495	0.00017961	6.73e-05
932	0.70975	0.29001	0.00016895	7.5672e-05
933	0.697	0.30276	0.0001642	7.8211e-05
934	0.68155	0.31821	0.00015875	8.1421e-05
935	0.67988	0.31988	0.00015685	8.1155e-05
936	0.69189	0.30787	0.00015837	7.7568e-05
937	0.68212	0.31765	0.00015478	7.9176e-05
938	0.68468	0.31509	0.00015423	7.7822e-05
939	0.70284	0.29693	0.00015754	7.2694e-05
940	0.76745	0.23232	0.0001718	5.6573e-05
941	0.91789	0.081881	0.00020687	1.971e-05
942	0.96128	0.03849	0.00021548	9.2724e-06
943	0.96095	0.038823	0.0002136	9.2687e-06
944	0.96632	0.033456	0.00021313	7.9388e-06
