#coord	neutral	conserved	gBGC.neutral	gBGC.conserved
1	0.96702	0.032916	6.4747e-05	2.2263e-06
2	0.98862	0.011318	6.21e-05	7.2006e-07
3	0.99327	0.0066708	5.8364e-05	3.9484e-07
4	0.99756	0.0023878	5.4521e-05	1.3049e-07
5	0.99858	0.0013745	5.0429e-05	6.9078e-08
6	0.99995	3.1452e-06	4.6292e-05	1.4286e-10
7	0.99995	5.7092e-06	4.2033e-05	1.6338e-10
8	0.99989	6.5778e-05	4.1598e-05	2.7507e-09
9	0.99989	6.6561e-05	4.118e-05	2.7712e-09
10	0.99992	3.5795e-05	4.0776e-05	1.4824e-09
11	0.99977	0.00019446	4.0377e-05	7.9323e-09
12	0.99993	2.8355e-05	4.0005e-05	1.1315e-09
13	0.99994	2.2476e-05	3.9605e-05	9.0179e-10
14	0.99985	0.00010749	3.9213e-05	4.2808e-09
15	0.9997	0.00025665	3.8832e-05	1.01e-08
16	0.99986	0.00010484	3.8475e-05	4.089e-09
17	0.99993	3.6073e-05	3.8126e-05	1.3707e-09
18	0.99979	0.00017562	3.7743e-05	6.6838e-09
19	0.99995	1.044e-05	3.7382e-05	3.9189e-10
20	0.99938	0.0005794	3.6978e-05	2.1654e-08
21	0.9999	6.296e-05	3.6626e-05	2.339e-09
22	0.99988	7.8855e-05	3.6265e-05	2.8518e-09
23	0.99986	0.00010125	3.5881e-05	3.6827e-09
24	0.99979	0.00017631	3.5508e-05	6.3622e-09
25	0.99943	0.00053348	3.5136e-05	1.8937e-08
26	0.99924	0.0007243	3.4781e-05	2.5282e-08
27	0.99945	0.00051471	3.4422e-05	1.7907e-08
28	0.99918	0.00078845	3.4058e-05	2.7056e-08
29	0.9991	0.00086944	3.3713e-05	2.9256e-08
30	0.99932	0.00064208	3.3362e-05	2.1289e-08
31	0.99994	2.307e-05	3.3006e-05	7.651e-10
32	0.99926	0.00070374	3.2618e-05	2.2988e-08
33	0.99901	0.00095967	3.2237e-05	3.0998e-08
34	0.99918	0.00079112	3.1862e-05	2.5272e-08
35	0.99977	0.00019792	3.1493e-05	6.2931e-09
36	0.99996	1.0164e-05	3.1122e-05	3.1532e-10
37	0.99997	6.6078e-08	3.0727e-05	2.0052e-12
38	0.99911	0.00086432	3.0264e-05	2.6412e-08
39	0.99835	0.0016225	2.9817e-05	4.8611e-08
40	0.99933	0.00063766	2.9405e-05	1.9058e-08
41	0.99929	0.00068031	2.8972e-05	2.0108e-08
42	0.99946	0.00051176	2.8556e-05	1.494e-08
43	0.99984	0.00012893	2.8158e-05	3.7612e-09
44	0.99785	0.002119	2.7701e-05	5.9894e-08
45	0.99561	0.004358	2.725e-05	1.2084e-07
46	0.99581	0.0041626	2.6877e-05	1.1347e-07
47	0.99638	0.003598	2.6496e-05	9.6807e-08
48	0.99969	0.00028401	2.6199e-05	7.4241e-09
49	0.99993	3.9377e-05	2.5829e-05	7.0076e-10
50	0.99997	6.5372e-07	2.6947e-05	1.7035e-11
51	0.99981	0.00016319	2.8081e-05	4.6269e-09
52	0.99997	4.03e-06	2.9247e-05	1.1846e-10
53	0.99899	0.00097567	3.0401e-05	2.9416e-08
54	0.9996	0.00036476	3.1579e-05	1.139e-08
55	0.99974	0.00023203	3.272e-05	7.5792e-09
56	0.99957	0.00039116	3.3876e-05	1.3151e-08
57	0.99983	0.00013135	3.5024e-05	4.5531e-09
58	0.99947	0.00048989	3.6127e-05	1.77e-08
59	0.99954	0.00042743	3.7221e-05	1.6145e-08
60	0.99982	0.000143	3.8346e-05	5.7834e-09
61	0.99777	0.0021932	3.9354e-05	9.2171e-08
62	0.98983	0.010127	4.0129e-05	4.3516e-07
63	0.98188	0.018075	4.0858e-05	8.0131e-07
64	0.9799	0.020053	4.1864e-05	9.1544e-07
65	0.98219	0.017763	4.3084e-05	8.4011e-07
66	0.99219	0.0077674	4.4638e-05	4.101e-07
67	0.99474	0.0052146	4.5892e-05	3.0484e-07
68	0.99758	0.0023705	4.7141e-05	1.8173e-07
69	0.99987	8.2935e-05	4.7223e-05	6.1928e-09
70	0.99915	0.00079799	4.7109e-05	3.9524e-08
71	0.9996	0.00035111	4.7062e-05	1.6946e-08
72	0.99971	0.00024547	4.698e-05	1.1527e-08
73	0.99528	0.0046734	4.6669e-05	2.1723e-07
74	0.99483	0.005121	4.6525e-05	2.3774e-07
75	0.99769	0.0022601	4.6516e-05	1.0559e-07
76	0.99591	0.004043	4.6303e-05	1.888e-07
77	0.99667	0.0032808	4.6192e-05	1.5382e-07
78	0.99723	0.0027257	4.6082e-05	1.2797e-07
79	0.99065	0.0092993	4.5655e-05	4.3216e-07
80	0.98939	0.010564	4.5458e-05	4.9047e-07
81	0.99116	0.0087949	4.5413e-05	4.0757e-07
82	0.98394	0.016018	4.4934e-05	7.4115e-07
83	0.98223	0.017723	4.4725e-05	8.1683e-07
84	0.98458	0.015376	4.4716e-05	7.0527e-07
85	0.84932	0.15064	3.8441e-05	6.8416e-06
86	0.80253	0.19743	3.6179e-05	8.9502e-06
87	0.78513	0.21482	3.5282e-05	9.7034e-06
88	0.76511	0.23484	3.4254e-05	1.0574e-05
89	0.76275	0.23721	3.4007e-05	1.0647e-05
90	0.77728	0.22267	3.4491e-05	9.9736e-06
91	0.81793	0.18203	3.6136e-05	8.1497e-06
92	0.78384	0.21612	3.4482e-05	9.6346e-06
93	0.739	0.26095	3.2392e-05	1.1566e-05
94	0.5848	0.41515	2.5472e-05	1.8311e-05
95	0.36996	0.63	1.6032e-05	2.7584e-05
96	0.30313	0.69683	1.3048e-05	3.0389e-05
97	0.2149	0.78506	9.196e-06	3.4067e-05
98	0.1796	0.82036	7.6624e-06	3.5432e-05
99	0.17088	0.82908	7.2592e-06	3.5655e-05
100	0.15737	0.84258	6.6645e-06	3.6075e-05
101	0.1583	0.84166	6.6768e-06	3.5876e-05
102	0.17506	0.8249	7.3486e-06	3.5005e-05
103	0.08847	0.91149	3.6968e-06	3.8463e-05
104	0.058317	0.94164	2.416e-06	3.954e-05
105	0.048438	0.95152	1.9879e-06	3.9752e-05
106	0.033309	0.96665	1.3516e-06	4.0176e-05
107	0.029573	0.97039	1.1873e-06	4.0117e-05
108	0.029934	0.97002	1.1933e-06	3.9891e-05
109	0.035106	0.96485	1.3949e-06	3.9473e-05
110	0.017017	0.98294	6.6674e-07	3.9988e-05
111	0.0097491	0.99021	3.7796e-07	4.0068e-05
112	0.0079682	0.99199	3.054e-07	3.9921e-05
113	0.0081079	0.99185	3.0928e-07	3.9699e-05
114	0.010498	0.98946	4.0152e-07	3.9394e-05
115	0.011998	0.98796	4.5667e-07	3.9114e-05
116	0.016789	0.98317	6.393e-07	3.8711e-05
117	0.029214	0.97075	1.1179e-06	3.8014e-05
118	0.059976	0.93998	2.3101e-06	3.6608e-05
119	0.1478	0.85216	5.6743e-06	3.302e-05
120	0.39801	0.60195	1.5138e-05	2.332e-05
121	0.39321	0.60676	1.4862e-05	2.3367e-05
122	0.40442	0.59555	1.5185e-05	2.2802e-05
123	0.44508	0.55488	1.6585e-05	2.1147e-05
124	0.47502	0.52494	1.7543e-05	1.9914e-05
125	0.47518	0.52479	1.7408e-05	1.9782e-05
126	0.49047	0.50949	1.7839e-05	1.9091e-05
127	0.45479	0.54518	1.6369e-05	2.0288e-05
128	0.4432	0.55677	1.5819e-05	2.0572e-05
129	0.44571	0.55426	1.5795e-05	2.0337e-05
130	0.36261	0.63736	1.2731e-05	2.3148e-05
131	0.26507	0.7349	9.1704e-06	2.6444e-05
132	0.23556	0.7644	8.0459e-06	2.7291e-05
133	0.20474	0.79522	6.8785e-06	2.8169e-05
134	0.19327	0.8067	6.4138e-06	2.8348e-05
135	0.19336	0.8066	6.3567e-06	2.8124e-05
136	0.16971	0.83026	5.5043e-06	2.8699e-05
137	0.16563	0.83434	5.3125e-06	2.8602e-05
138	0.17072	0.82925	5.4284e-06	2.8201e-05
139	0.15739	0.84258	4.9454e-06	2.8404e-05
140	0.15721	0.84276	4.8896e-06	2.8167e-05
141	0.16669	0.83328	5.1453e-06	2.7623e-05
142	0.17153	0.82844	5.2529e-06	2.7229e-05
143	0.18912	0.81084	5.7654e-06	2.6434e-05
144	0.2325	0.76747	7.0907e-06	2.4829e-05
145	0.2618	0.73817	7.9596e-06	2.3685e-05
146	0.33156	0.66841	1.0103e-05	2.1269e-05
147	0.50383	0.49613	1.5481e-05	1.5624e-05
148	0.99504	0.004925	3.0668e-05	1.5609e-07
149	0.99522	0.0047527	3.0405e-05	1.4898e-07
150	0.99811	0.0018628	3.0236e-05	5.7616e-08
151	0.99705	0.0029184	2.9929e-05	8.8733e-08
152	0.99153	0.0084426	2.95e-05	2.5101e-07
153	0.98614	0.01383	2.9061e-05	4.0747e-07
154	0.98623	0.013739	2.8767e-05	4.0159e-07
155	0.97979	0.02018	2.8296e-05	5.8353e-07
156	0.97986	0.020116	2.7997e-05	5.7646e-07
157	0.98433	0.015639	2.7832e-05	4.4338e-07
158	0.98844	0.01153	2.7638e-05	3.2421e-07
159	0.99958	0.00038776	2.7646e-05	1.0875e-08
160	0.99751	0.0024625	2.7293e-05	6.7463e-08
161	0.99771	0.0022628	2.6988e-05	6.1509e-08
162	0.99987	0.00010241	2.6743e-05	2.7273e-09
163	0.99981	0.00015968	2.6422e-05	4.1991e-09
164	0.99971	0.00025945	2.6083e-05	6.8044e-09
165	0.99989	8.4427e-05	2.576e-05	2.1651e-09
166	0.9938	0.0061716	2.5288e-05	1.5421e-07
167	0.97374	0.026237	2.4456e-05	6.5046e-07
168	0.96851	0.031467	2.3985e-05	7.7046e-07
169	0.97027	0.029709	2.367e-05	7.1771e-07
170	0.9782	0.021772	2.351e-05	5.1728e-07
171	0.98533	0.014646	2.3309e-05	3.4272e-07
172	0.98563	0.014347	2.2954e-05	3.3012e-07
173	0.98102	0.018956	2.247e-05	4.301e-07
174	0.97602	0.023961	2.1965e-05	5.3613e-07
175	0.94945	0.050523	2.0998e-05	1.1116e-06
176	0.9425	0.057476	2.0459e-05	1.243e-06
177	0.94472	0.055258	2.0104e-05	1.174e-06
178	0.94501	0.054973	1.9716e-05	1.1459e-06
179	0.95574	0.044235	1.9523e-05	9.0636e-07
180	0.98263	0.017351	1.9653e-05	3.5176e-07
181	0.98827	0.011706	1.9353e-05	2.3337e-07
182	0.99239	0.0075917	1.9027e-05	1.4844e-07
183	0.99558	0.0043989	1.8689e-05	8.3849e-08
184	0.99597	0.004009	1.828e-05	7.4584e-08
185	0.99671	0.003269	1.786e-05	5.9635e-08
186	0.99728	0.002706	1.7444e-05	4.8236e-08
187	0.99603	0.0039563	1.6981e-05	6.8851e-08
188	0.99682	0.0031671	1.656e-05	5.3898e-08
189	0.99743	0.0025508	1.6142e-05	4.2308e-08
190	0.97725	0.022732	1.5401e-05	3.5972e-07
191	0.96981	0.030174	1.4882e-05	4.6315e-07
192	0.96946	0.030524	1.446e-05	4.5518e-07
193	0.9592	0.040787	1.3903e-05	5.8874e-07
194	0.9474	0.052588	1.3319e-05	7.3562e-07
195	0.89493	0.10506	1.2166e-05	1.4291e-06
196	0.82619	0.1738	1.0862e-05	2.281e-06
197	0.74586	0.25413	9.4558e-06	3.2213e-06
198	0.71906	0.28092	8.7669e-06	3.4309e-06
199	0.40839	0.5916	4.7088e-06	6.9956e-06
200	0.28202	0.71796	3.0788e-06	8.1356e-06
201	0.23108	0.76891	2.3958e-06	8.3312e-06
202	0.21168	0.78831	2.0883e-06	8.1535e-06
203	0.20898	0.79101	1.9565e-06	7.789e-06
204	0.21654	0.78345	1.9226e-06	7.3278e-06
205	0.23994	0.76005	2.02e-06	6.7362e-06
206	0.2382	0.76179	1.8913e-06	6.3717e-06
207	0.24845	0.75155	1.8586e-06	5.9129e-06
208	0.2534	0.74659	1.7793e-06	5.5015e-06
209	0.27428	0.72572	1.8061e-06	4.9854e-06
210	0.34589	0.65411	2.129e-06	4.1618e-06
211	0.512	0.48799	2.943e-06	2.8481e-06
212	0.98573	0.01426	5.2197e-06	5.9784e-08
213	0.98723	0.012767	4.7298e-06	4.3413e-08
214	0.51052	0.48947	2.4895e-06	2.4345e-06
215	0.31641	0.68358	1.5715e-06	3.501e-06
216	0.23766	0.76234	1.2061e-06	4.0119e-06
217	0.20641	0.79359	1.0735e-06	4.2869e-06
218	0.1996	0.8004	1.0622e-06	4.4307e-06
219	0.20355	0.79644	1.1093e-06	4.5127e-06
220	0.22169	0.77831	1.2387e-06	4.5094e-06
221	0.28439	0.7156	1.6266e-06	4.2374e-06
222	0.42993	0.57007	2.5236e-06	3.453e-06
223	0.53415	0.46584	3.2071e-06	2.8793e-06
224	0.53404	0.46595	3.2652e-06	2.9285e-06
225	0.53323	0.46676	3.3115e-06	2.9785e-06
226	0.42394	0.57605	2.6715e-06	3.7128e-06
227	0.31266	0.68734	1.9882e-06	4.4798e-06
228	0.26803	0.73197	1.7247e-06	4.8243e-06
229	0.21157	0.78842	1.3711e-06	5.249e-06
230	0.19316	0.80684	1.2596e-06	5.4216e-06
231	0.19204	0.80795	1.2593e-06	5.4731e-06
232	0.16817	0.83183	1.1054e-06	5.675e-06
233	0.15987	0.84013	1.056e-06	5.7689e-06
234	0.16169	0.8383	1.0751e-06	5.7912e-06
235	0.17796	0.82203	1.1898e-06	5.7081e-06
236	0.21834	0.78165	1.4714e-06	5.4545e-06
237	0.31881	0.68118	2.1745e-06	4.7766e-06
238	0.24449	0.75551	1.6726e-06	5.3006e-06
239	0.22256	0.77744	1.5238e-06	5.4613e-06
240	0.21586	0.78413	1.4807e-06	5.5129e-06
241	0.20867	0.79133	1.4306e-06	5.5614e-06
242	0.21168	0.78832	1.4518e-06	5.5353e-06
243	0.23166	0.76833	1.5874e-06	5.3848e-06
244	0.3	0.7	2.0497e-06	4.8974e-06
245	0.45846	0.54153	3.1326e-06	3.7864e-06
246	0.84778	0.15222	5.8132e-06	1.0755e-06
247	0.8529	0.14709	5.8227e-06	1.0348e-06
248	0.87613	0.12387	5.9455e-06	8.6945e-07
249	0.93203	0.067964	6.2912e-06	4.7986e-07
250	0.94602	0.053976	6.3338e-06	3.818e-07
251	0.93653	0.063466	6.2145e-06	4.4439e-07
252	0.93545	0.064543	6.1535e-06	4.4815e-07
253	0.94336	0.056638	6.1411e-06	3.9179e-07
254	0.925	0.074997	5.9521e-06	5.1071e-07
255	0.91941	0.080586	5.85e-06	5.4205e-07
256	0.91396	0.086036	5.7377e-06	5.7153e-07
257	0.91611	0.08388	5.6743e-06	5.5084e-07
258	0.92747	0.07252	5.6676e-06	4.7196e-07
259	0.92576	0.074239	5.5774e-06	4.7575e-07
260	0.93124	0.068757	5.5308e-06	4.3449e-07
261	0.94797	0.052021	5.5511e-06	3.2474e-07
262	0.95046	0.049539	5.4833e-06	3.036e-07
263	0.9616	0.038399	5.4664e-06	2.3068e-07
264	0.99986	0.00013316	5.5945e-06	7.9635e-10
265	0.99888	0.0011099	5.4869e-06	6.1664e-09
266	0.99923	0.00076776	5.3853e-06	4.1507e-09
267	0.99997	2.6325e-05	5.2736e-06	1.4033e-10
268	0.99992	7.9266e-05	5.1562e-06	4.0879e-10
269	0.99936	0.0006394	5.0242e-06	3.2444e-09
270	0.99993	6.9504e-05	4.897e-06	3.4405e-10
271	0.99939	0.00060944	4.7529e-06	2.9449e-09
272	0.99902	0.00097401	4.6088e-06	4.555e-09
273	0.99999	1.0204e-05	4.4697e-06	4.591e-11
274	0.99991	8.2679e-05	4.324e-06	3.3946e-10
275	0.99901	0.00098487	4.174e-06	3.794e-09
276	0.99969	0.00030865	4.0185e-06	8.4835e-10
277	0.89598	0.10401	3.9681e-06	4.6678e-07
278	0.86027	0.13972	4.1519e-06	6.858e-07
279	0.84975	0.15024	4.4292e-06	7.9886e-07
280	0.83385	0.16614	4.6698e-06	9.5016e-07
281	0.76732	0.23267	4.575e-06	1.4244e-06
282	0.74156	0.25844	4.6989e-06	1.6821e-06
283	0.71547	0.28452	4.7891e-06	1.9607e-06
284	0.7073	0.29269	4.9921e-06	2.1276e-06
285	0.69343	0.30656	5.1486e-06	2.3423e-06
286	0.67309	0.3269	5.2332e-06	2.6168e-06
287	0.65169	0.3483	5.2834e-06	2.9132e-06
288	0.64739	0.3526	5.4701e-06	3.0749e-06
289	0.64106	0.35893	5.6261e-06	3.2553e-06
290	0.65045	0.34954	5.9134e-06	3.2926e-06
291	0.68683	0.31316	6.4487e-06	3.0699e-06
292	0.63589	0.3641	6.1422e-06	3.6902e-06
293	0.61721	0.38278	6.1441e-06	4.0041e-06
294	0.61376	0.38623	6.2986e-06	4.1664e-06
295	0.57508	0.42491	6.072e-06	4.7119e-06
296	0.53053	0.46946	5.7439e-06	5.3472e-06
297	0.51346	0.48653	5.7084e-06	5.6906e-06
298	0.42466	0.57533	4.8273e-06	6.8807e-06
299	0.38721	0.61278	4.5118e-06	7.5057e-06
300	0.3746	0.62539	4.4802e-06	7.8481e-06
301	0.32159	0.6784	3.9278e-06	8.6996e-06
302	0.30168	0.69831	3.7714e-06	9.1561e-06
303	0.29682	0.70317	3.8017e-06	9.4263e-06
304	0.30436	0.69563	3.9987e-06	9.5307e-06
305	0.33556	0.66443	4.5227e-06	9.2971e-06
306	0.41003	0.58995	5.69e-06	8.4209e-06
307	0.64916	0.35082	9.273e-06	5.1169e-06
308	0.81742	0.18256	1.1965e-05	2.7058e-06
309	0.98161	0.018371	1.4657e-05	2.8158e-07
310	0.97931	0.020676	1.4889e-05	3.218e-07
311	0.98133	0.018657	1.5194e-05	2.95e-07
312	0.99082	0.0091662	1.5604e-05	1.482e-07
313	0.99245	0.0075334	1.5898e-05	1.2364e-07
314	0.99345	0.0065367	1.6187e-05	1.0849e-07
315	0.99962	0.00035983	1.6548e-05	6.062e-09
316	0.93572	0.064259	1.571e-05	1.0882e-06
317	0.91405	0.085934	1.555e-05	1.4783e-06
318	0.90635	0.093635	1.563e-05	1.6326e-06
319	0.90692	0.09306	1.5858e-05	1.6436e-06
320	0.91906	0.080917	1.6278e-05	1.4486e-06
321	0.95194	0.048043	1.7087e-05	8.6888e-07
322	0.96085	0.039136	1.7455e-05	7.1649e-07
323	0.9669	0.03308	1.778e-05	6.1165e-07
324	0.98983	0.010153	1.8407e-05	1.8981e-07
325	0.99015	0.0098361	1.8621e-05	1.8528e-07
326	0.99491	0.0050706	1.8906e-05	9.6099e-08
327	0.99997	1.2353e-05	1.9182e-05	2.3579e-10
328	0.99737	0.0026142	1.9318e-05	5.0017e-08
329	0.99729	0.002688	1.9488e-05	5.1881e-08
330	0.99997	1.0823e-05	1.9696e-05	2.1289e-10
331	0.99851	0.0014725	1.9829e-05	2.9279e-08
332	0.97788	0.022104	1.9584e-05	4.3953e-07
333	0.97023	0.029753	1.9601e-05	5.946e-07
334	0.96973	0.030245	1.9745e-05	6.0848e-07
335	0.97581	0.024168	2.0009e-05	4.8892e-07
336	0.99815	0.0018265	2.059e-05	3.7155e-08
337	0.99567	0.0043066	2.0675e-05	8.823e-08
338	0.99599	0.0039924	2.0802e-05	8.2237e-08
339	0.99992	6.1982e-05	2.099e-05	1.2767e-09
340	0.99975	0.00023298	2.1078e-05	4.9144e-09
341	0.99911	0.00087366	2.1162e-05	1.8387e-08
342	0.99998	1.1207e-06	2.1262e-05	2.3924e-11
343	0.999	0.0009783	2.1328e-05	2.0873e-08
344	0.99844	0.0015425	2.1389e-05	3.322e-08
345	0.9994	0.00058149	2.1488e-05	1.2543e-08
346	0.99845	0.0015332	2.1532e-05	3.3252e-08
347	0.99741	0.002569	2.1579e-05	5.5645e-08
348	0.99845	0.0015315	2.1657e-05	3.3391e-08
349	0.99599	0.0039879	2.1644e-05	8.773e-08
350	0.99598	0.0039949	2.1691e-05	8.8092e-08
351	0.99842	0.0015586	2.1799e-05	3.4274e-08
352	0.99305	0.0069319	2.1719e-05	1.5206e-07
353	0.99244	0.0075399	2.1729e-05	1.6604e-07
354	0.99474	0.00524	2.1809e-05	1.156e-07
355	0.99371	0.0062703	2.18e-05	1.3876e-07
356	0.99529	0.0046914	2.1856e-05	1.0393e-07
357	0.99723	0.0027496	2.1904e-05	6.15e-08
358	0.99692	0.0030614	2.1909e-05	6.8525e-08
359	0.99854	0.0014428	2.1961e-05	3.2432e-08
360	0.99995	2.8466e-05	2.2015e-05	6.5025e-10
361	0.9996	0.00037963	2.2033e-05	8.5124e-09
362	0.99952	0.00045941	2.2064e-05	1.0312e-08
363	0.99876	0.0012212	2.2086e-05	2.7204e-08
364	0.99839	0.0015851	2.2102e-05	3.5531e-08
365	0.998	0.0019729	2.2122e-05	4.4244e-08
366	0.99759	0.0023836	2.2146e-05	5.3274e-08
367	0.99759	0.0023853	2.2165e-05	5.3466e-08
368	0.99961	0.00036753	2.2235e-05	8.1775e-09
369	0.99956	0.00042089	2.2244e-05	9.3393e-09
370	0.99729	0.0026885	2.2189e-05	6.0008e-08
371	0.99719	0.0027868	2.2189e-05	6.1956e-08
372	0.99986	0.00011584	2.2235e-05	2.6058e-09
373	0.99976	0.0002189	2.2226e-05	4.9116e-09
374	0.99753	0.0024438	2.2174e-05	5.4288e-08
375	0.99538	0.0045932	2.211e-05	1.0232e-07
376	0.99556	0.0044216	2.2103e-05	9.8252e-08
377	0.99889	0.0010887	2.2152e-05	2.4385e-08
378	0.99957	0.00040469	2.2147e-05	9.1065e-09
379	0.9996	0.00037612	2.2132e-05	8.4111e-09
380	0.999	0.00098181	2.2108e-05	2.1661e-08
381	0.99998	1.1066e-07	2.2105e-05	2.4599e-12
382	0.99891	0.0010691	2.2062e-05	2.3573e-08
383	0.99806	0.0019154	2.201e-05	4.2369e-08
384	0.99885	0.0011266	2.2e-05	2.4764e-08
385	0.99989	9.2552e-05	2.1981e-05	2.0134e-09
386	0.99997	7.4352e-06	2.1923e-05	1.641e-10
387	0.99997	3.6827e-06	2.1869e-05	8.1847e-11
388	0.99875	0.0012252	2.1772e-05	2.7489e-08
389	0.99748	0.0025025	2.168e-05	5.5858e-08
390	0.99804	0.0019416	2.1635e-05	4.3452e-08
391	0.98138	0.018598	2.1219e-05	4.0789e-07
392	0.96431	0.035668	2.0778e-05	7.8241e-07
393	0.95801	0.04197	2.0581e-05	9.1749e-07
394	0.93127	0.068704	1.9925e-05	1.4984e-06
395	0.9217	0.078282	1.9653e-05	1.7002e-06
396	0.92221	0.077768	1.9585e-05	1.6845e-06
397	0.90804	0.091938	1.921e-05	1.9812e-06
398	0.89189	0.10809	1.878e-05	2.3195e-06
399	0.88742	0.11256	1.8607e-05	2.4045e-06
400	0.89484	0.10514	1.8671e-05	2.2391e-06
401	0.91796	0.082015	1.907e-05	1.7433e-06
402	0.97315	0.026826	2.0148e-05	5.7187e-07
403	0.96993	0.030048	1.9998e-05	6.3521e-07
404	0.97184	0.028143	1.9961e-05	5.9062e-07
405	0.98339	0.016593	2.011e-05	3.4608e-07
406	0.98614	0.013838	2.0058e-05	2.8724e-07
407	0.99468	0.0052998	2.013e-05	1.0908e-07
408	0.99671	0.0032664	2.0052e-05	6.6881e-08
409	0.99395	0.0060301	1.9861e-05	1.2246e-07
410	0.99402	0.0059556	1.9734e-05	1.2002e-07
411	0.99678	0.0031958	1.9666e-05	6.3666e-08
412	0.99991	7.384e-05	1.9589e-05	1.4716e-09
413	0.99995	2.6883e-05	1.9454e-05	5.2324e-10
414	0.99699	0.0029916	1.9268e-05	5.6994e-08
415	0.95329	0.04669	1.8294e-05	8.8811e-07
416	0.94047	0.059506	1.7899e-05	1.1247e-06
417	0.9393	0.060678	1.7713e-05	1.1382e-06
418	0.93585	0.064135	1.749e-05	1.1926e-06
419	0.939	0.060982	1.7396e-05	1.1224e-06
420	0.95431	0.045676	1.751e-05	8.3114e-07
421	0.95633	0.043653	1.7363e-05	7.864e-07
422	0.96812	0.031866	1.7374e-05	5.6936e-07
423	0.99883	0.0011484	1.7724e-05	2.019e-08
424	0.98468	0.015302	1.726e-05	2.6869e-07
425	0.97928	0.020704	1.696e-05	3.5822e-07
426	0.97863	0.021351	1.6749e-05	3.6374e-07
427	0.97758	0.022408	1.6516e-05	3.7615e-07
428	0.98199	0.017994	1.6361e-05	2.9739e-07
429	0.99901	0.00097264	1.6394e-05	1.6108e-08
430	0.99758	0.0024009	1.6128e-05	3.9208e-08
431	0.97889	0.021093	1.5569e-05	3.4109e-07
432	0.97206	0.027926	1.5215e-05	4.4358e-07
433	0.94808	0.051903	1.4581e-05	8.1135e-07
434	0.9147	0.08528	1.3824e-05	1.3065e-06
435	0.90239	0.097598	1.3406e-05	1.4666e-06
436	0.70015	0.29984	1.0253e-05	4.3655e-06
437	0.62979	0.3702	9.0608e-06	5.2906e-06
438	0.60694	0.39305	8.562e-06	5.5103e-06
439	0.25644	0.74355	3.5953e-06	1.0201e-05
440	0.13347	0.86652	1.8624e-06	1.1646e-05
441	0.09525	0.90474	1.3145e-06	1.1896e-05
442	0.080409	0.91958	1.0963e-06	1.1817e-05
443	0.077465	0.92252	1.0363e-06	1.1569e-05
444	0.082885	0.9171	1.0825e-06	1.1204e-05
445	0.076973	0.92301	9.8409e-07	1.0974e-05
446	0.078259	0.92173	9.7716e-07	1.0652e-05
447	0.087083	0.91291	1.0608e-06	1.0238e-05
448	0.069502	0.93049	8.3961e-07	1.0119e-05
449	0.063629	0.93636	7.5736e-07	9.8605e-06
450	0.066365	0.93362	7.7036e-07	9.4965e-06
451	0.055464	0.94453	6.4318e-07	9.2722e-06
452	0.053744	0.94625	6.1237e-07	8.9415e-06
453	0.057419	0.94257	6.3929e-07	8.552e-06
454	0.058098	0.94189	6.3495e-07	8.1925e-06
455	0.065058	0.93493	6.9517e-07	7.7671e-06
456	0.069076	0.93092	7.1984e-07	7.3639e-06
457	0.082011	0.91798	8.3131e-07	6.8727e-06
458	0.090166	0.90983	8.9015e-07	6.4334e-06
459	0.12065	0.87934	1.1533e-06	5.7794e-06
460	0.15026	0.84973	1.4186e-06	6.0216e-06
461	0.21972	0.78027	2.0225e-06	5.9257e-06
462	0.39076	0.60923	3.5411e-06	4.9168e-06
463	0.43533	0.56467	4.121e-06	4.8344e-06
464	0.56502	0.43497	5.5122e-06	3.9288e-06
465	0.97953	0.020463	9.7205e-06	1.9304e-07
466	0.98102	0.018968	1.0184e-05	1.8827e-07
467	0.98942	0.010567	1.0706e-05	1.102e-07
468	0.99605	0.0039416	1.1224e-05	4.2872e-08
469	0.99555	0.0044398	1.1652e-05	5.081e-08
470	0.99739	0.0025949	1.2114e-05	3.0806e-08
471	0.99962	0.00036265	1.2567e-05	4.5109e-09
472	0.99962	0.00036667	1.2999e-05	4.7588e-09
473	0.99901	0.00097764	1.3428e-05	1.3063e-08
474	0.99985	0.00013464	1.3863e-05	1.8543e-09
475	0.99982	0.00016369	1.4271e-05	2.3586e-09
476	0.99957	0.00041949	1.4682e-05	6.2086e-09
477	0.99958	0.00040472	1.5103e-05	6.1064e-09
478	0.99993	5.0101e-05	1.5516e-05	7.7638e-10
479	0.99939	0.00059272	1.5899e-05	9.5195e-09
480	0.99995	3.1011e-05	1.6306e-05	5.1614e-10
481	0.99655	0.0034374	1.6632e-05	5.8668e-08
482	0.99579	0.004193	1.7008e-05	7.3212e-08
483	0.99713	0.0028567	1.7426e-05	5.1185e-08
484	0.9588	0.041184	1.7107e-05	7.5076e-07
485	0.7874	0.21258	1.4318e-05	3.9283e-06
486	0.71814	0.28184	1.3335e-05	5.3052e-06
487	0.40051	0.59947	7.6177e-06	1.1421e-05
488	0.30123	0.69875	5.8427e-06	1.3583e-05
489	0.25889	0.74109	5.129e-06	1.4685e-05
490	0.097374	0.90261	1.9701e-06	1.8222e-05
491	0.046788	0.95319	9.5913e-07	1.9599e-05
492	0.026276	0.9737	5.4861e-07	2.0378e-05
493	0.020331	0.97965	4.3066e-07	2.0853e-05
494	0.01865	0.98133	4.0187e-07	2.124e-05
495	0.020259	0.97972	4.4516e-07	2.1557e-05
496	0.014852	0.98513	3.3212e-07	2.202e-05
497	0.014373	0.9856	3.2602e-07	2.2365e-05
498	0.018101	0.98188	4.1517e-07	2.2604e-05
499	0.014708	0.98527	3.4192e-07	2.3007e-05
500	0.015463	0.98451	3.6356e-07	2.3304e-05
501	0.019445	0.98053	4.6365e-07	2.3523e-05
502	0.032204	0.96777	7.762e-07	2.352e-05
503	0.069039	0.93094	1.6758e-06	2.2919e-05
504	0.15951	0.84046	3.931e-06	2.0965e-05
505	0.18188	0.8181	4.5304e-06	2.0656e-05
506	0.23555	0.76443	5.942e-06	1.9536e-05
507	0.38969	0.61028	9.9263e-06	1.5833e-05
508	0.50676	0.49321	1.3075e-05	1.2969e-05
509	0.79487	0.2051	2.0854e-05	5.4807e-06
510	0.99756	0.0024124	2.6566e-05	6.5499e-08
511	0.99685	0.0031252	2.6853e-05	8.5007e-08
512	0.99842	0.0015501	2.7186e-05	4.2639e-08
513	0.99827	0.0017028	2.748e-05	4.6978e-08
514	0.99601	0.0039657	2.7724e-05	1.0915e-07
515	0.99612	0.0038487	2.8043e-05	1.0585e-07
516	0.9996	0.00037481	2.8441e-05	7.3389e-09
517	0.99685	0.0031217	3.1601e-05	9.6659e-08
518	0.99642	0.0035432	3.4891e-05	1.2218e-07
519	0.99882	0.0011438	3.8241e-05	4.4051e-08
520	0.98527	0.014691	4.1008e-05	6.2093e-07
521	0.98137	0.018581	4.4084e-05	8.505e-07
522	0.97759	0.022366	4.7093e-05	1.1033e-06
523	0.90992	0.090027	4.6774e-05	4.7506e-06
524	0.88705	0.11289	4.8465e-05	6.3505e-06
525	0.87911	0.12084	5.0957e-05	7.2136e-06
526	0.86681	0.13313	5.3188e-05	8.4021e-06
527	0.86509	0.13484	5.6097e-05	8.9802e-06
528	0.87347	0.12646	5.9769e-05	8.8685e-06
529	0.86938	0.13055	6.2544e-05	9.6113e-06
530	0.86505	0.13488	6.5225e-05	1.0405e-05
531	0.87042	0.1295	6.8725e-05	1.0454e-05
532	0.8605	0.13942	7.0945e-05	1.1745e-05
533	0.86052	0.13939	7.403e-05	1.2241e-05
534	0.87375	0.12616	7.8266e-05	1.1546e-05
535	0.85208	0.14783	7.9399e-05	1.4032e-05
536	0.8477	0.1522	8.2014e-05	1.4997e-05
537	0.85275	0.14715	8.5627e-05	1.5035e-05
538	0.85746	0.14244	8.9189e-05	1.508e-05
539	0.87496	0.12493	9.4256e-05	1.3691e-05
540	0.91821	0.081682	0.00010247	9.2282e-06
541	0.94896	0.050922	0.00010944	5.9449e-06
542	0.93405	0.065835	0.00011124	7.8968e-06
543	0.92999	0.069884	0.00011436	8.6249e-06
544	0.68346	0.31641	8.6938e-05	3.9844e-05
545	0.60674	0.39313	7.9515e-05	5.1023e-05
546	0.58153	0.41833	7.8371e-05	5.5889e-05
547	0.27633	0.72353	3.7902e-05	0.00010004
548	0.15205	0.84781	2.1281e-05	0.00012041
549	0.10163	0.89822	1.4571e-05	0.00013092
550	0.034669	0.96518	5.1223e-06	0.00014422
551	0.013696	0.98615	2.0682e-06	0.00015111
552	0.0072317	0.99261	1.1042e-06	0.00015588
553	0.0047577	0.99508	7.3641e-07	0.00016012
554	0.0041424	0.99569	6.5418e-07	0.00016412
555	0.0054474	0.99438	8.7903e-07	0.00016779
556	0.0055521	0.99428	9.1351e-07	0.0001717
557	0.0074263	0.9924	1.2554e-06	0.00017536
558	0.012685	0.98713	2.2147e-06	0.00017845
559	0.016039	0.98378	2.8792e-06	0.00018189
560	0.025299	0.97451	4.691e-06	0.00018425
561	0.048442	0.95137	9.298e-06	0.00018387
562	0.10194	0.89787	2.0231e-05	0.00017721
563	0.27271	0.72708	5.5368e-05	0.00014633
564	0.75912	0.24067	0.00015677	4.9156e-05
565	0.7521	0.24769	0.00015846	5.1643e-05
566	0.75632	0.24347	0.0001626	5.177e-05
567	0.78327	0.21651	0.00017167	4.6926e-05
568	0.76341	0.23637	0.00017069	5.2219e-05
569	0.76115	0.23863	0.00017345	5.3728e-05
570	0.77126	0.22851	0.00017917	5.2374e-05
571	0.38437	0.61539	9.2074e-05	0.00014379
572	0.26325	0.73651	6.4698e-05	0.00017545
573	0.2261	0.77366	5.67e-05	0.0001877
574	0.093763	0.90599	2.3785e-05	0.00022471
575	0.036356	0.96339	9.3859e-06	0.00024327
576	0.016247	0.9835	4.2366e-06	0.00025255
577	0.0080998	0.99164	2.1443e-06	0.00025884
578	0.0054589	0.99428	1.4591e-06	0.0002637
579	0.0046917	0.99504	1.2706e-06	0.00026812
580	0.0033619	0.99636	9.1629e-07	0.00027268
581	0.0032915	0.99643	9.0732e-07	0.00027696
582	0.0044196	0.9953	1.2392e-06	0.00028095
583	0.00499	0.99472	1.4162e-06	0.00028508
584	0.0045663	0.99514	1.3158e-06	0.00028955
585	0.0054319	0.99427	1.5964e-06	0.00029369
586	0.0025151	0.99719	7.4768e-07	0.00029895
587	0.0017911	0.9979	5.3442e-07	0.00030354
588	0.0017481	0.99794	5.264e-07	0.00030798
589	0.0023542	0.99733	7.2055e-07	0.00031229
590	0.004058	0.99562	1.2687e-06	0.00031629
591	0.0098854	0.98979	3.1337e-06	0.00031896
592	0.0049575	0.99472	1.5831e-06	0.00032511
593	0.0028867	0.99678	9.3214e-07	0.00033042
594	0.0021408	0.99752	7.0361e-07	0.00033536
595	0.0021683	0.99749	7.3051e-07	0.00034012
596	0.003379	0.99628	1.1619e-06	0.00034445
597	0.0077483	0.9919	2.7002e-06	0.00034765
598	0.010223	0.98942	3.622e-06	0.00035153
599	0.016601	0.98304	6.0009e-06	0.00035401
600	0.032603	0.96703	1.2061e-05	0.00035289
601	0.078433	0.9212	2.9449e-05	0.00034041
602	0.20905	0.79058	7.9249e-05	0.0002955
603	0.62543	0.37419	0.00023863	0.00014098
604	0.63209	0.36752	0.00024417	0.00014025
605	0.66653	0.33308	0.00026039	0.00012878
606	0.7487	0.25091	0.00029587	9.8158e-05
607	0.77093	0.22867	0.00030821	9.0612e-05
608	0.79302	0.20657	0.00032058	8.2981e-05
609	0.85075	0.14884	0.00034779	6.063e-05
610	0.86428	0.13531	0.00035735	5.5869e-05
611	0.89911	0.10047	0.00037606	4.207e-05
612	0.98629	0.013285	0.00041759	5.5736e-06
613	0.99271	0.0068637	0.00042522	2.9028e-06
614	0.9994	0.0001691	0.00043295	7.2005e-08
615	0.9995	6.3084e-05	0.00043783	2.7684e-08
616	0.99921	0.00034335	0.00044266	1.5222e-07
617	0.99826	0.0012882	0.00044711	5.8183e-07
618	0.99868	0.00086292	0.0004523	3.9387e-07
619	0.96488	0.034661	0.00044203	1.5783e-05
620	0.95182	0.047712	0.00044116	2.1906e-05
621	0.95008	0.049449	0.0004453	2.2949e-05
622	0.3476	0.65193	0.00016546	0.00030791
623	0.13607	0.86345	6.5531e-05	0.00041293
624	0.061858	0.93766	2.9921e-05	0.0004536
625	0.029703	0.96981	1.4484e-05	0.00047417
626	0.0167	0.98281	8.2639e-06	0.0004856
627	0.012512	0.98699	6.2615e-06	0.00049279
628	0.012114	0.98738	6.1173e-06	0.0004981
629	0.014144	0.98535	7.2241e-06	0.00050224
630	0.020103	0.97938	1.0418e-05	0.00050435
631	0.040135	0.95934	2.1016e-05	0.00049904
632	0.089427	0.91005	4.7565e-05	0.00047785
633	0.22995	0.76951	0.00012337	0.00040739
634	0.63023	0.36923	0.00033988	0.00019619
635	0.72026	0.2792	0.00039103	0.00015013
636	0.94241	0.057043	0.00051542	3.0965e-05
637	0.94482	0.054632	0.00052182	2.9916e-05
638	0.95816	0.041278	0.00053424	2.2791e-05
639	0.99847	0.00097077	0.00056169	5.6581e-07
640	0.99924	0.00019376	0.00056749	1.3573e-07
641	0.99776	0.0016656	0.00057171	1.2193e-06
642	0.99625	0.003169	0.00057574	2.4199e-06
643	0.99723	0.0021854	0.00058134	1.9818e-06
644	0.99634	0.0030704	0.00058562	2.9918e-06
645	0.9974	0.002002	0.00059147	2.5689e-06
646	0.95541	0.043992	0.00055862	3.5907e-05
647	0.93789	0.061515	0.00054517	4.9904e-05
648	0.93465	0.064754	0.00054253	5.306e-05
649	0.86115	0.13826	0.00048412	0.00011204
650	0.83014	0.16926	0.0004597	0.00013709
651	0.82337	0.17603	0.00045384	0.00014354
652	0.78087	0.21854	0.00041924	0.00017869
653	0.76825	0.23115	0.00040835	0.00019011
654	0.76777	0.23163	0.00040647	0.00019256
655	0.74215	0.25725	0.00038527	0.0002144
656	0.73714	0.26226	0.00037996	0.00022032
657	0.74353	0.25587	0.00038232	0.00021863
658	0.74634	0.25307	0.0003836	0.00021314
659	0.76754	0.23187	0.00039865	0.00019384
660	0.81996	0.17945	0.00043871	0.00014962
661	0.83312	0.1663	0.00044697	0.00013731
662	0.86994	0.12948	0.0004741	0.00010622
663	0.95658	0.042846	0.00054149	3.4979e-05
664	0.95407	0.045354	0.00053706	3.565e-05
665	0.95878	0.040649	0.00053747	3.1438e-05
666	0.97634	0.02309	0.00054728	1.7785e-05
667	0.97935	0.020091	0.00054613	1.5177e-05
668	0.98173	0.017711	0.00054457	1.3075e-05
669	0.99193	0.0075165	0.00054843	5.5115e-06
670	0.99938	6.5951e-05	0.00055028	4.7655e-08
671	0.99882	0.00063519	0.0005463	3.5871e-07
672	0.99938	7.7092e-05	0.00054305	4.279e-08
673	0.99662	0.0028428	0.00053811	1.518e-06
674	0.9965	0.0029632	0.00053453	1.5718e-06
675	0.9992	0.0002648	0.00053238	1.4078e-07
676	0.99853	0.00093607	0.00052856	4.9488e-07
677	0.99827	0.0012024	0.00052488	6.3547e-07
678	0.99947	4.9503e-06	0.00052209	2.5872e-09
679	0.99939	8.7878e-05	0.00051855	4.6218e-08
680	0.99834	0.0011427	0.00051461	5.9285e-07
681	0.99864	0.00085168	0.00051146	4.3674e-07
682	0.99822	0.0012667	0.00050789	6.4614e-07
683	0.99783	0.0016652	0.00050443	8.3956e-07
684	0.99948	1.3476e-05	0.00050194	6.9208e-09
685	0.99697	0.0025311	0.00049742	1.2855e-06
686	0.9967	0.0028037	0.00049415	1.4144e-06
687	0.99844	0.0010661	0.00049198	5.3476e-07
688	0.99864	0.00087388	0.00048913	4.3026e-07
689	0.99796	0.0015519	0.0004858	7.5437e-07
690	0.99917	0.00034228	0.00048333	1.6669e-07
691	0.99949	3.3015e-05	0.00048051	1.6139e-08
692	0.99909	0.00043612	0.00047742	2.0995e-07
693	0.99751	0.0020125	0.00047387	9.5496e-07
694	0.99107	0.0084573	0.00046816	3.9532e-06
695	0.99014	0.0093897	0.00046497	4.3644e-06
696	0.99213	0.0074078	0.00046324	3.4023e-06
697	0.9853	0.014233	0.00045741	6.5024e-06
698	0.98428	0.015258	0.0004542	6.9311e-06
699	0.98353	0.016012	0.00045106	7.242e-06
700	0.98213	0.017413	0.00044774	7.8234e-06
701	0.98549	0.014055	0.00044651	6.2681e-06
702	0.99911	0.00043629	0.00044975	1.9476e-07
703	0.99836	0.0011968	0.00044666	5.3293e-07
704	0.99915	0.00040239	0.00044422	1.8017e-07
705	0.99942	0.00013866	0.00044162	6.2858e-08
706	0.99701	0.0025537	0.00043791	1.1417e-06
707	0.9967	0.0028607	0.00043521	1.271e-06
708	0.99828	0.0012867	0.00043342	5.6925e-07
709	0.99677	0.0027968	0.00043022	1.228e-06
710	0.99712	0.0024534	0.00042792	1.0715e-06
711	0.99957	2.567e-06	0.00042659	1.138e-09
712	0.98675	0.012822	0.00041876	5.5125e-06
713	0.97249	0.027089	0.00041029	1.1627e-05
714	0.96778	0.0318	0.00040607	1.3566e-05
715	0.89786	0.10172	0.00037411	4.3203e-05
716	0.87019	0.1294	0.0003605	5.4561e-05
717	0.86285	0.13674	0.00035542	5.7361e-05
718	0.85541	0.14418	0.00035024	6.0209e-05
719	0.85746	0.14213	0.00034911	5.9075e-05
720	0.87157	0.12802	0.00035301	5.2982e-05
721	0.78795	0.21165	0.00031745	8.6424e-05
722	0.75983	0.23977	0.00030439	9.7322e-05
723	0.75505	0.24455	0.00030075	9.8766e-05
724	0.72423	0.27537	0.00028653	0.00011075
725	0.71458	0.28502	0.00028108	0.00011403
726	0.71779	0.28181	0.00028085	0.00011215
727	0.74336	0.25625	0.00028927	0.00010159
728	0.80549	0.19412	0.00031203	7.6737e-05
729	0.95017	0.049444	0.00036721	1.9534e-05
730	0.94911	0.050505	0.00036496	1.9813e-05
731	0.95608	0.043541	0.00036578	1.6998e-05
732	0.97485	0.02477	0.00037124	9.588e-06
733	0.979	0.020623	0.00037092	7.9349e-06
734	0.9775	0.022127	0.00036838	8.462e-06
735	0.98049	0.019131	0.00036763	7.2669e-06
736	0.97747	0.022152	0.00036469	8.3263e-06
737	0.82839	0.17123	0.00030783	6.3263e-05
738	0.76824	0.23139	0.00028444	8.4795e-05
739	0.55134	0.44829	0.00020405	0.00016329
740	0.48401	0.51563	0.00017843	0.00018699
741	0.46517	0.53447	0.00017057	0.00019289
742	0.43689	0.56274	0.0001595	0.00020206
743	0.43138	0.56826	0.00015666	0.00020298
744	0.44414	0.5555	0.00016031	0.00019737
745	0.43741	0.56223	0.00015691	0.00019878
746	0.44424	0.55541	0.00015843	0.00019532
747	0.47048	0.52917	0.00016687	0.000185
748	0.47245	0.5272	0.00016663	0.00018333
749	0.49723	0.50242	0.00017421	0.0001738
750	0.56219	0.43747	0.00019571	0.00015041
751	0.77158	0.22808	0.00026604	7.816e-05
752	0.81797	0.18168	0.00028049	6.1845e-05
753	0.96834	0.031319	0.00032975	1.0682e-05
754	0.96912	0.030542	0.00032823	1.036e-05
755	0.97736	0.0223	0.00032917	7.5451e-06
756	0.99804	0.0016206	0.00033434	5.5354e-07
757	0.99798	0.0016908	0.00033257	5.737e-07
758	0.99954	0.00012608	0.0003314	4.2831e-08
759	0.99966	9.2435e-06	0.00032979	3.1107e-09
760	0.99961	6.2939e-05	0.00032819	2.084e-08
761	0.99958	8.9139e-05	0.00032665	2.9083e-08
762	0.99901	0.00066074	0.00032489	2.1606e-07
763	0.99732	0.0023563	0.00032273	7.7279e-07
764	0.99744	0.0022366	0.00032122	7.3078e-07
765	0.99961	6.735e-05	0.00032043	2.1858e-08
766	0.99888	0.00080293	0.00031876	2.532e-07
767	0.99843	0.0012557	0.00031715	3.9429e-07
768	0.99933	0.00035536	0.00031602	1.0425e-07
769	0.99951	0.00017934	0.00031472	3.9083e-08
770	0.99871	0.00097078	0.0003183	2.9865e-07
771	0.99801	0.0016721	0.00032201	5.3153e-07
772	0.99767	0.0020003	0.00032579	6.5078e-07
773	0.99898	0.00069374	0.00033019	2.2991e-07
774	0.99927	0.0003994	0.00033422	1.3761e-07
775	0.99759	0.0020703	0.00033767	7.2387e-07
776	0.9956	0.0040535	0.00034109	1.4311e-06
777	0.99593	0.0037264	0.00034542	1.3355e-06
778	0.99424	0.005412	0.00034914	1.9511e-06
779	0.99489	0.004757	0.0003538	1.7338e-06
780	0.99836	0.0012766	0.00035962	4.6723e-07
781	0.99546	0.0041759	0.00036304	1.5282e-06
782	0.99285	0.0067852	0.00036648	2.5174e-06
783	0.99297	0.0066584	0.00037103	2.4966e-06
784	0.99314	0.0064832	0.00037554	2.4625e-06
785	0.99614	0.0034824	0.00038125	1.333e-06
786	0.9995	0.00011257	0.00038705	4.3977e-08
787	0.99862	0.00099123	0.00039134	3.8849e-07
788	0.99814	0.0014639	0.00039572	5.8359e-07
789	0.99917	0.00042558	0.00040082	1.7123e-07
790	0.99626	0.0033358	0.00040426	1.36e-06
791	0.99614	0.0034481	0.00040877	1.4285e-06
792	0.99812	0.0014635	0.00041427	6.1875e-07
793	0.99679	0.0027879	0.00041832	1.1978e-06
794	0.99728	0.0022979	0.00042325	1.0051e-06
795	0.99578	0.0037944	0.00042744	1.6707e-06
796	0.97078	0.028787	0.00042109	1.2807e-05
797	0.96068	0.038878	0.00042135	1.7455e-05
798	0.95841	0.041141	0.00042518	1.8658e-05
799	0.96394	0.035613	0.00043243	1.6375e-05
800	0.96747	0.032077	0.00043896	1.4929e-05
801	0.97957	0.019967	0.00044969	9.4046e-06
802	0.98896	0.010572	0.00045944	5.0022e-06
803	0.98699	0.012542	0.00046376	5.9665e-06
804	0.98948	0.010047	0.0004701	4.8311e-06
805	0.98036	0.019163	0.00047104	9.2309e-06
806	0.97853	0.020985	0.00047533	1.0214e-05
807	0.98077	0.018742	0.00048174	9.2004e-06
808	0.98189	0.017613	0.00048776	8.7018e-06
809	0.97764	0.02186	0.00049104	1.0884e-05
810	0.97927	0.020223	0.00049715	1.0161e-05
811	0.98924	0.010243	0.00050745	5.1842e-06
812	0.99889	0.00059015	0.00051757	3.069e-07
813	0.99869	0.00078344	0.00052284	4.1467e-07
814	0.99379	0.0056827	0.0005255	3.0651e-06
815	0.99298	0.0064872	0.00053026	3.5544e-06
816	0.99485	0.0046134	0.00053661	2.5826e-06
817	0.98973	0.0097227	0.00053925	5.4657e-06
818	0.98856	0.010888	0.0005442	6.1776e-06
819	0.99047	0.0089731	0.00055101	5.1515e-06
820	0.98827	0.011167	0.00055567	6.4343e-06
821	0.98991	0.009523	0.00056242	5.5532e-06
822	0.99627	0.003154	0.00057213	1.8716e-06
823	0.99582	0.0035994	0.00057778	2.1586e-06
824	0.99509	0.0043193	0.00058342	2.6098e-06
825	0.99663	0.0027745	0.00059057	1.6995e-06
826	0.99254	0.006862	0.0005945	4.1735e-06
827	0.99227	0.0071271	0.00060061	4.3848e-06
828	0.99495	0.0044396	0.00060873	2.7639e-06
829	0.99491	0.0044726	0.00061509	2.8183e-06
830	0.995	0.0043755	0.00062146	2.8021e-06
831	0.99768	0.0016896	0.00062964	1.1262e-06
832	0.9793	0.020067	0.00062369	1.3515e-05
833	0.97257	0.026786	0.00062561	1.8204e-05
834	0.97171	0.027638	0.00063158	1.9002e-05
835	0.96989	0.029451	0.00063708	2.0444e-05
836	0.95905	0.040282	0.00063621	2.8167e-05
837	0.95643	0.042896	0.00064111	3.0296e-05
838	0.90186	0.097458	0.00060921	6.9157e-05
839	0.87909	0.12022	0.00059947	8.6001e-05
840	0.87376	0.12555	0.00060171	9.0803e-05
841	0.84347	0.15583	0.00058617	0.00011356
842	0.80032	0.19897	0.00056124	0.00014587
843	0.73977	0.25951	0.00052348	0.00019117
844	0.71493	0.28434	0.00051118	0.00021117
845	0.70838	0.29089	0.00051214	0.00021808
846	0.71446	0.2848	0.00052263	0.00021562
847	0.74647	0.25278	0.0005528	0.00019342
848	0.85248	0.14677	0.00063983	0.00011427
849	0.92749	0.071745	0.00070523	5.692e-05
850	0.93045	0.068781	0.0007153	5.5104e-05
851	0.9458	0.053422	0.00073515	4.3417e-05
852	0.98553	0.013687	0.00077539	1.1543e-05
853	0.98306	0.016148	0.00078185	1.3668e-05
854	0.98449	0.014704	0.00079173	1.2582e-05
855	0.99108	0.0081101	0.00080624	7.0834e-06
856	0.98242	0.01676	0.00080772	1.4509e-05
857	0.94296	0.056208	0.00078307	4.8275e-05
858	0.76439	0.23477	0.00063933	0.00020132
859	0.5191	0.48005	0.00043672	0.00041347
860	0.44276	0.55638	0.00037499	0.00048464
861	0.41303	0.58611	0.00035323	0.00051603
862	0.40847	0.59065	0.00035293	0.0005259
863	0.41745	0.58167	0.00036475	0.00052383
864	0.44767	0.55143	0.00039609	0.00050241
865	0.54874	0.45035	0.00049174	0.00041662
866	0.78277	0.21631	0.00071275	0.00020565
867	0.79894	0.20013	0.00073534	0.00019299
868	0.70822	0.29084	0.00065443	0.00028375
869	0.57946	0.41959	0.00053531	0.00041292
870	0.52442	0.47462	0.00048705	0.00047142
871	0.44709	0.55194	0.00041628	0.00055261
872	0.42161	0.57741	0.00039515	0.00058411
873	0.41914	0.57987	0.00039634	0.00059321
874	0.41611	0.58289	0.00039672	0.00060304
875	0.42579	0.5732	0.00040991	0.00060024
876	0.45747	0.54151	0.00044535	0.00057539
877	0.43755	0.56142	0.00042905	0.00060248
878	0.43651	0.56245	0.00043198	0.00061028
879	0.44877	0.55018	0.0004489	0.00060428
880	0.4367	0.56223	0.00044056	0.00062372
881	0.43789	0.56104	0.00044643	0.00062916
882	0.43664	0.56228	0.0004495	0.00063732
883	0.43341	0.56549	0.0004502	0.00064779
884	0.42473	0.57417	0.00044496	0.00066438
885	0.42866	0.57022	0.00045384	0.00066706
886	0.40488	0.59399	0.00043175	0.0007009
887	0.3983	0.60055	0.00042897	0.00071565
888	0.40505	0.59379	0.00044154	0.00071526
889	0.40594	0.5929	0.00044769	0.00072151
890	0.40174	0.59708	0.00044815	0.00073365
891	0.39241	0.60639	0.00044227	0.00075206
892	0.378	0.6208	0.00043042	0.00077668
893	0.37718	0.6216	0.00043472	0.00078537
894	0.38935	0.60942	0.00045525	0.00077804
895	0.39909	0.59967	0.00047283	0.0007736
896	0.34193	0.65682	0.00040884	0.00085094
897	0.32025	0.67848	0.00038731	0.00088607
898	0.23897	0.75974	0.00029092	0.00099597
899	0.20667	0.79203	0.00025416	0.0010465
900	0.19781	0.80087	0.00024591	0.0010684
901	0.20179	0.79689	0.0002539	0.001074
902	0.20147	0.79719	0.00025652	0.0010853
903	0.21283	0.78582	0.00027503	0.0010808
904	0.21924	0.77939	0.00028734	0.0010828
905	0.24634	0.75228	0.0003284	0.001056
906	0.3363	0.6623	0.00045789	0.00094066
907	0.40091	0.59768	0.00055505	0.00085792
908	0.55119	0.44738	0.00077971	0.00064792
909	0.97999	0.018569	0.001414	2.8195e-05
910	0.96197	0.036575	0.0014016	5.5524e-05
911	0.95696	0.041573	0.0014081	6.3789e-05
912	0.95768	0.04083	0.0014236	6.3395e-05
913	0.95725	0.041246	0.0014378	6.4699e-05
914	0.96264	0.035841	0.0014614	5.6916e-05
915	0.97785	0.020617	0.0015012	3.3308e-05
916	0.93785	0.060602	0.0014552	9.6006e-05
917	0.92243	0.075999	0.0014472	0.00012105
918	0.91962	0.07879	0.0014584	0.00012673
919	0.92607	0.072325	0.0014842	0.00011766
920	0.93021	0.06817	0.001507	0.00011203
921	0.95036	0.048004	0.0015561	7.998e-05
922	0.95284	0.04551	0.0015768	7.6591e-05
923	0.96299	0.035337	0.0016112	5.9962e-05
924	0.99816	0.0001478	0.0016884	2.5581e-07
925	0.99353	0.0047604	0.0016977	8.2864e-06
926	0.98865	0.0096315	0.0017062	1.7011e-05
927	0.98856	0.0096993	0.0017227	1.7418e-05
928	0.93097	0.067269	0.0016356	0.00012197
929	0.85081	0.14741	0.0015066	0.00026872
930	0.82682	0.17139	0.0014772	0.00031577
931	0.74364	0.25455	0.001335	0.00047531
932	0.70862	0.28955	0.0012822	0.00054596
933	0.69588	0.30228	0.0012708	0.00057547
934	0.68044	0.3177	0.0012535	0.00061083
935	0.67876	0.31935	0.0012624	0.00062023
936	0.69074	0.30736	0.001298	0.00060338
937	0.68097	0.31711	0.0012925	0.00062804
