#coord	neutral	conserved	gBGC.neutral	gBGC.conserved
1	0.96672	0.032906	0.00036413	1.2459e-05
2	0.98831	0.011314	0.00036676	4.2254e-06
3	0.99297	0.0066687	0.000363	2.4467e-06
4	0.99725	0.0023871	0.00035902	8.5918e-07
5	0.99827	0.0013741	0.00035378	4.8574e-07
6	0.99965	3.1443e-06	0.0003486	1.0897e-09
7	0.99965	5.7075e-06	0.0003429	1.9439e-09
8	0.9996	6.5758e-05	0.00033707	2.2302e-08
9	0.9996	6.6542e-05	0.00033133	2.2193e-08
10	0.99964	3.5784e-05	0.00032566	1.1752e-08
11	0.99949	0.00019441	0.00032	6.256e-08
12	0.99966	2.8348e-05	0.00031452	8.8986e-09
13	0.99967	2.247e-05	0.00030891	6.9889e-09
14	0.99959	0.00010746	0.00030334	3.2867e-08
15	0.99945	0.00025658	0.00029781	7.6967e-08
16	0.9996	0.00010481	0.00029244	3.0871e-08
17	0.99968	3.6064e-05	0.00028711	1.032e-08
18	0.99954	0.00017558	0.00028161	4.9665e-08
19	0.99971	1.0437e-05	0.00027626	2.89e-09
20	0.99915	0.00057927	0.00027068	1.5773e-07
21	0.99967	6.2945e-05	0.00026545	1.683e-08
22	0.99966	7.8837e-05	0.00026013	2.0453e-08
23	0.99964	0.00010123	0.00025474	2.5965e-08
24	0.99957	0.00017627	0.00024939	4.4336e-08
25	0.99922	0.00053337	0.00024404	1.3091e-07
26	0.99904	0.00072415	0.00023878	1.7333e-07
27	0.99925	0.00051461	0.00023359	1.2092e-07
28	0.99898	0.0007883	0.00022834	1.8081e-07
29	0.99891	0.00086927	0.00022319	1.9396e-07
30	0.99914	0.00064196	0.00021809	1.3963e-07
31	0.99976	2.3066e-05	0.00021302	4.9264e-09
32	0.99909	0.00070362	0.00020773	1.4635e-07
33	0.99884	0.00095951	0.00020253	1.9465e-07
34	0.99901	0.00079099	0.00019741	1.5645e-07
35	0.99961	0.00019789	0.00019237	3.8266e-08
36	0.9998	1.0162e-05	0.0001873	1.9005e-09
37	0.99982	6.6068e-08	0.00018216	7.9908e-12
38	0.99895	0.00086418	0.0001823	1.5843e-07
39	0.99819	0.0016222	0.00018249	2.9707e-07
40	0.99918	0.00063756	0.00018296	1.177e-07
41	0.99914	0.0006802	0.00018327	1.2602e-07
42	0.9993	0.00051168	0.00018362	9.5079e-08
43	0.99969	0.00012891	0.00018404	2.4179e-08
44	0.9977	0.0021187	0.00018402	3.9462e-07
45	0.99546	0.0043573	0.00018398	8.1109e-07
46	0.99565	0.0041619	0.0001844	7.7524e-07
47	0.99622	0.0035974	0.00018486	6.7215e-07
48	0.99953	0.00028397	0.00018586	5.3356e-08
49	0.99977	3.937e-05	0.0001863	7.3291e-09
50	0.99981	6.5362e-07	0.00018666	1.2281e-10
51	0.99965	0.00016316	0.000187	3.0672e-08
52	0.99981	4.0293e-06	0.00018741	7.5727e-10
53	0.99884	0.00097552	0.00018763	1.8237e-07
54	0.99945	0.0003647	0.00018811	6.8224e-08
55	0.99958	0.000232	0.00018849	4.3689e-08
56	0.99942	0.0003911	0.00018883	7.3565e-08
57	0.99968	0.00013133	0.00018922	2.4687e-08
58	0.99932	0.00048981	0.00018947	9.2644e-08
59	0.99938	0.00042736	0.00018978	8.1376e-08
60	0.99967	0.00014298	0.00019015	2.7348e-08
61	0.99762	0.0021929	0.00019005	4.2135e-07
62	0.98968	0.010125	0.00018883	1.9416e-06
63	0.98174	0.018073	0.00018758	3.4763e-06
64	0.97976	0.02005	0.0001875	3.8616e-06
65	0.98205	0.017761	0.00018825	3.4237e-06
66	0.99204	0.0077662	0.00019046	1.5031e-06
67	0.99459	0.0052138	0.00019127	1.0098e-06
68	0.99744	0.0023701	0.0001921	4.6167e-07
69	0.99972	8.2923e-05	0.00019286	1.6266e-08
70	0.99901	0.00079787	0.00019305	1.5472e-07
71	0.99946	0.00035106	0.00019347	6.7765e-08
72	0.99956	0.00024543	0.00019381	4.7196e-08
73	0.99513	0.0046727	0.00019325	9.0301e-07
74	0.99469	0.0051202	0.00019343	9.917e-07
75	0.99755	0.0022598	0.00019423	4.4038e-07
76	0.99576	0.0040424	0.00019415	7.8992e-07
77	0.99652	0.0032803	0.00019453	6.4416e-07
78	0.99708	0.0027253	0.0001949	5.3709e-07
79	0.99051	0.009298	0.00019388	1.828e-06
80	0.98924	0.010563	0.00019387	2.0814e-06
81	0.99101	0.0087935	0.00019448	1.7361e-06
82	0.98379	0.016016	0.00019329	3.1684e-06
83	0.98208	0.01772	0.00019321	3.5084e-06
84	0.98443	0.015374	0.00019395	3.0449e-06
85	0.84919	0.15061	0.00016748	2.9764e-05
86	0.80241	0.1974	0.00015839	3.9085e-05
87	0.78501	0.21479	0.00015514	4.2571e-05
88	0.76499	0.23481	0.00015134	4.6598e-05
89	0.76263	0.23717	0.00015101	4.7132e-05
90	0.77716	0.22264	0.000154	4.4332e-05
91	0.8178	0.182	0.00016218	3.6343e-05
92	0.78372	0.21608	0.00015555	4.3184e-05
93	0.73889	0.26091	0.00014682	5.2143e-05
94	0.58471	0.41509	0.00011616	8.3001e-05
95	0.3699	0.6299	7.3515e-05	0.00012586
96	0.30308	0.69672	6.0214e-05	0.00013936
97	0.21486	0.78494	4.269e-05	0.00015709
98	0.17957	0.82023	3.573e-05	0.00016426
99	0.17085	0.82895	3.4028e-05	0.00016616
100	0.15735	0.84245	3.1384e-05	0.000169
101	0.15828	0.84152	3.1604e-05	0.00016897
102	0.17503	0.82477	3.4979e-05	0.00016577
103	0.088456	0.91134	1.7691e-05	0.00018324
104	0.058307	0.94149	1.1648e-05	0.00018944
105	0.04843	0.95137	9.6606e-06	0.00019158
106	0.033304	0.9665	6.6266e-06	0.00019477
107	0.029569	0.97023	5.8721e-06	0.00019567
108	0.029929	0.96987	5.9434e-06	0.00019574
109	0.0351	0.9647	6.9828e-06	0.00019485
110	0.017014	0.98278	3.3718e-06	0.00019862
111	0.0097476	0.99005	1.9275e-06	0.00020023
112	0.0079669	0.99183	1.5717e-06	0.00020073
113	0.0081066	0.99169	1.6011e-06	0.00020085
114	0.010496	0.9893	2.0833e-06	0.00020052
115	0.011996	0.9878	2.3838e-06	0.00020037
116	0.016786	0.98301	3.3488e-06	0.00019955
117	0.029209	0.97059	5.8632e-06	0.00019719
118	0.059966	0.93983	1.2121e-05	0.00019109
119	0.14778	0.85202	2.9933e-05	0.00017342
120	0.39794	0.60185	8.0529e-05	0.00012295
121	0.39314	0.60665	7.9604e-05	0.00012402
122	0.40435	0.59545	8.1915e-05	0.00012183
123	0.44501	0.55479	9.0165e-05	0.00011369
124	0.47495	0.52485	9.6181e-05	0.00010774
125	0.4751	0.5247	9.621e-05	0.0001078
126	0.49039	0.50941	9.934e-05	0.00010476
127	0.45471	0.54508	9.2001e-05	0.00011217
128	0.44312	0.55668	8.9645e-05	0.00011462
129	0.44563	0.55417	9.0192e-05	0.00011416
130	0.36255	0.63725	7.331e-05	0.00013115
131	0.26502	0.73477	5.3388e-05	0.00015117
132	0.23552	0.76427	4.7337e-05	0.00015729
133	0.20471	0.79509	4.0979e-05	0.00016371
134	0.19323	0.80656	3.8616e-05	0.00016613
135	0.19333	0.80646	3.8627e-05	0.00016619
136	0.16968	0.83011	3.3818e-05	0.00017108
137	0.1656	0.83419	3.2975e-05	0.00017199
138	0.17069	0.82911	3.3999e-05	0.00017103
139	0.15736	0.84243	3.1301e-05	0.0001738
140	0.15718	0.84261	3.1258e-05	0.00017391
141	0.16666	0.83313	3.3178e-05	0.00017206
142	0.1715	0.8283	3.4171e-05	0.00017114
143	0.18909	0.8107	3.7773e-05	0.00016761
144	0.23246	0.76733	4.6673e-05	0.0001588
145	0.26175	0.73804	5.2727e-05	0.00015284
146	0.3315	0.66829	6.7179e-05	0.00013848
147	0.50375	0.49605	0.00010302	0.00010275
148	0.99487	0.0049242	0.00020483	1.0286e-06
149	0.99504	0.0047519	0.00020497	9.9195e-07
150	0.99793	0.0018624	0.0002057	3.8808e-07
151	0.99688	0.0029179	0.00020558	6.0578e-07
152	0.99135	0.0084411	0.00020456	1.7413e-06
153	0.98597	0.013827	0.00020354	2.8545e-06
154	0.98606	0.013736	0.00020363	2.8399e-06
155	0.97962	0.020176	0.00020239	4.1713e-06
156	0.97968	0.020112	0.00020246	4.1627e-06
157	0.98416	0.015637	0.00020347	3.2372e-06
158	0.98827	0.011528	0.00020437	2.3908e-06
159	0.99941	0.00038769	0.00020675	8.0784e-08
160	0.99733	0.0024621	0.00020641	5.0991e-07
161	0.99753	0.0022624	0.00020652	4.6956e-07
162	0.99969	0.0001024	0.00020705	2.116e-08
163	0.99963	0.00015965	0.0002071	3.2992e-08
164	0.99953	0.00025941	0.00020712	5.3892e-08
165	0.99971	8.4411e-05	0.0002072	1.745e-08
166	0.99362	0.0061705	0.00020602	1.2674e-06
167	0.97356	0.026233	0.00020193	5.4046e-06
168	0.96833	0.031461	0.00020086	6.4882e-06
169	0.97009	0.029704	0.00020122	6.1303e-06
170	0.97802	0.021768	0.00020287	4.489e-06
171	0.98515	0.014643	0.00020433	3.0205e-06
172	0.98545	0.014344	0.0002044	2.9575e-06
173	0.98084	0.018952	0.00020343	3.9127e-06
174	0.97584	0.023957	0.00020235	4.9541e-06
175	0.94928	0.050514	0.00019683	1.0449e-05
176	0.94233	0.057465	0.00019534	1.1893e-05
177	0.94455	0.055248	0.00019572	1.1441e-05
178	0.94483	0.054963	0.00019573	1.1382e-05
179	0.95557	0.044227	0.00019786	9.1722e-06
180	0.98244	0.017348	0.00020335	3.6161e-06
181	0.98809	0.011704	0.00020447	2.4444e-06
182	0.9922	0.0075903	0.0002053	1.5864e-06
183	0.9954	0.0043981	0.00020594	9.1731e-07
184	0.99578	0.0040083	0.00020598	8.3515e-07
185	0.99652	0.0032684	0.00020607	6.8227e-07
186	0.99709	0.0027054	0.00020614	5.6493e-07
187	0.99584	0.0039556	0.0002058	8.262e-07
188	0.99663	0.0031665	0.00020591	6.6229e-07
189	0.99724	0.0025503	0.000206	5.3332e-07
190	0.97707	0.022727	0.0002018	4.7021e-06
191	0.96963	0.030168	0.00020026	6.2299e-06
192	0.96928	0.030518	0.00020015	6.2997e-06
193	0.95901	0.040779	0.00019803	8.4024e-06
194	0.94722	0.052578	0.00019557	1.0828e-05
195	0.89476	0.10504	0.00018461	2.1701e-05
196	0.82603	0.17376	0.00017038	3.5869e-05
197	0.74571	0.25408	0.00015369	5.247e-05
198	0.71892	0.28087	0.00014804	5.8007e-05
199	0.40831	0.59148	8.3287e-05	0.00012264
200	0.28197	0.71783	5.7074e-05	0.00014873
201	0.23104	0.76876	4.6549e-05	0.00015915
202	0.21164	0.78815	4.2548e-05	0.00016305
203	0.20894	0.79085	4.1949e-05	0.00016353
204	0.2165	0.7833	4.345e-05	0.00016192
205	0.23989	0.7599	4.8188e-05	0.00015708
206	0.23815	0.76164	4.7818e-05	0.00015736
207	0.2484	0.7514	4.9909e-05	0.00015518
208	0.25335	0.74645	5.0932e-05	0.00015407
209	0.27422	0.72557	5.5246e-05	0.00014969
210	0.34582	0.65398	6.9963e-05	0.00013488
211	0.5119	0.48789	0.00010426	0.0001005
212	0.98554	0.014257	0.0002017	2.9571e-06
213	0.98703	0.012764	0.00020193	2.6457e-06
214	0.51042	0.48937	0.00010363	0.00010084
215	0.31635	0.68345	6.3805e-05	0.00014057
216	0.23761	0.76219	4.7724e-05	0.00015656
217	0.20637	0.79343	4.1369e-05	0.00016283
218	0.19956	0.80024	3.9956e-05	0.00016415
219	0.20351	0.79628	4.074e-05	0.00016327
220	0.22164	0.77815	4.4417e-05	0.00015952
221	0.28434	0.71546	5.7092e-05	0.00014674
222	0.42984	0.56996	8.6654e-05	0.00011709
223	0.53404	0.46575	0.0001079	9.5768e-05
224	0.53394	0.46586	0.00010786	9.5734e-05
225	0.53313	0.46667	0.00010765	9.585e-05
226	0.42386	0.57594	8.5509e-05	0.00011791
227	0.31259	0.6872	6.2883e-05	0.00014044
228	0.26798	0.73182	5.3849e-05	0.00014938
229	0.21153	0.78827	4.2389e-05	0.00016073
230	0.19312	0.80668	3.8619e-05	0.00016438
231	0.192	0.8078	3.834e-05	0.00016453
232	0.16813	0.83166	3.3472e-05	0.00016927
233	0.15984	0.83996	3.1775e-05	0.00017084
234	0.16166	0.83814	3.2126e-05	0.00017037
235	0.17793	0.82187	3.5363e-05	0.00016701
236	0.2183	0.7815	4.3462e-05	0.00015878
237	0.31875	0.68105	6.3729e-05	0.0001384
238	0.24444	0.75536	4.8824e-05	0.00015319
239	0.22251	0.77729	4.4391e-05	0.0001575
240	0.21582	0.78398	4.3037e-05	0.00015873
241	0.20863	0.79117	4.1567e-05	0.00016007
242	0.21164	0.78816	4.2159e-05	0.00015934
243	0.23162	0.76818	4.6143e-05	0.00015522
244	0.29994	0.69986	5.9761e-05	0.00014144
245	0.45837	0.54143	9.1502e-05	0.00010954
246	0.84761	0.15219	0.00016985	3.1046e-05
247	0.85274	0.14706	0.00017078	2.9989e-05
248	0.87596	0.12384	0.00017533	2.5292e-05
249	0.93185	0.067951	0.00018651	1.3977e-05
250	0.94583	0.053965	0.00018917	1.1155e-05
251	0.93635	0.063453	0.00018709	1.309e-05
252	0.93527	0.064531	0.00018675	1.3305e-05
253	0.94317	0.056627	0.00018819	1.1708e-05
254	0.92482	0.074983	0.00018432	1.5445e-05
255	0.91923	0.08057	0.00018307	1.6571e-05
256	0.91378	0.08602	0.00018183	1.7677e-05
257	0.91594	0.083864	0.00018214	1.7236e-05
258	0.92729	0.072506	0.00018432	1.4931e-05
259	0.92558	0.074224	0.00018389	1.5266e-05
260	0.93106	0.068744	0.00018493	1.4138e-05
261	0.94779	0.052011	0.00018827	1.0714e-05
262	0.95027	0.049529	0.00018875	1.0185e-05
263	0.96141	0.038391	0.00019102	7.8797e-06
264	0.99967	0.00013313	0.00019882	2.7545e-08
265	0.99869	0.0011097	0.00019858	2.2205e-07
266	0.99903	0.00076761	0.00019863	1.5293e-07
267	0.99977	2.6319e-05	0.00019873	5.2626e-09
268	0.99972	7.925e-05	0.00019869	1.5754e-08
269	0.99916	0.00063928	0.00019852	1.2762e-07
270	0.99973	6.9491e-05	0.00019859	1.3886e-08
271	0.99919	0.00060932	0.00019842	1.2202e-07
272	0.99883	0.00097382	0.00019831	1.9472e-07
273	0.99979	1.0202e-05	0.00019847	2.0468e-09
274	0.99972	8.2663e-05	0.00019844	1.6438e-08
275	0.99882	0.00098468	0.00019826	1.947e-07
276	0.99949	0.00030859	0.00019837	6.0997e-08
277	0.89581	0.10399	0.00017758	2.0782e-05
278	0.86011	0.13969	0.00017034	2.7932e-05
279	0.84959	0.15021	0.00016812	3.0044e-05
280	0.83369	0.16611	0.00016485	3.3216e-05
281	0.76718	0.23262	0.0001514	4.6552e-05
282	0.74142	0.25839	0.00014617	5.1676e-05
283	0.71533	0.28447	0.00014085	5.6879e-05
284	0.70717	0.29264	0.00013913	5.8485e-05
285	0.6933	0.3065	0.0001363	6.1209e-05
286	0.67296	0.32684	0.00013217	6.5225e-05
287	0.65157	0.34823	0.00012779	6.9463e-05
288	0.64727	0.35254	0.00012684	7.0284e-05
289	0.64094	0.35886	0.00012546	7.1512e-05
290	0.65033	0.34947	0.00012716	6.9646e-05
291	0.6867	0.3131	0.00013409	6.2539e-05
292	0.63578	0.36403	0.00012378	7.2675e-05
293	0.61709	0.38271	0.00011995	7.6343e-05
294	0.61364	0.38616	0.00011916	7.6981e-05
295	0.57497	0.42484	0.00011146	8.4538e-05
296	0.53044	0.46937	0.00010258	9.3263e-05
297	0.51336	0.48644	9.9147e-05	9.6548e-05
298	0.42458	0.57522	8.1735e-05	0.00011382
299	0.38714	0.61267	7.4405e-05	0.00012102
300	0.37453	0.62528	7.1934e-05	0.00012337
301	0.32153	0.67827	6.1603e-05	0.00013356
302	0.30162	0.69818	5.7727e-05	0.0001373
303	0.29676	0.70304	5.6779e-05	0.00013813
304	0.3043	0.6955	5.8254e-05	0.00013653
305	0.3355	0.66431	6.4329e-05	0.00013033
306	0.40996	0.58985	7.8923e-05	0.00011561
307	0.64905	0.35076	0.00012561	6.8775e-05
308	0.81728	0.18253	0.00015854	3.571e-05
309	0.98144	0.018368	0.00019048	3.6197e-06
310	0.97913	0.020672	0.0001899	4.0646e-06
311	0.98115	0.018654	0.00019018	3.6615e-06
312	0.99064	0.0091645	0.00019189	1.8027e-06
313	0.99227	0.007532	0.00019209	1.4792e-06
314	0.99327	0.0065355	0.00019217	1.279e-06
315	0.99945	0.00035977	0.00019324	7.0339e-08
316	0.93556	0.064247	0.00018069	1.2464e-05
317	0.91389	0.085919	0.0001763	1.6669e-05
318	0.90619	0.093619	0.00017466	1.8145e-05
319	0.90676	0.093044	0.00017463	1.8013e-05
320	0.9189	0.080903	0.00017682	1.5655e-05
321	0.95177	0.048035	0.00018303	9.2753e-06
322	0.96068	0.039129	0.00018458	7.5497e-06
323	0.96673	0.033074	0.00018559	6.3697e-06
324	0.98966	0.010152	0.00018981	1.953e-06
325	0.98997	0.0098344	0.0001897	1.8868e-06
326	0.99474	0.0050698	0.00019041	9.6957e-07
327	0.9998	1.235e-05	0.00019116	2.3562e-09
328	0.9972	0.0026138	0.00019045	4.9605e-07
329	0.99712	0.0026875	0.00019021	5.094e-07
330	0.9998	1.0821e-05	0.00019046	2.0595e-09
331	0.99834	0.0014723	0.00018995	2.8027e-07
332	0.97771	0.0221	0.00018582	4.1844e-06
333	0.97006	0.029748	0.00018417	5.6164e-06
334	0.96957	0.03024	0.00018386	5.6992e-06
335	0.97565	0.024164	0.00018476	4.5443e-06
336	0.99798	0.0018262	0.00018869	3.4284e-07
337	0.99551	0.0043058	0.00018796	8.0742e-07
338	0.99582	0.0039917	0.00018775	7.4722e-07
339	0.99975	6.1971e-05	0.00018818	1.155e-08
340	0.99958	0.00023294	0.00018782	4.3778e-08
341	0.99894	0.00087351	0.00018739	1.6333e-07
342	0.99981	1.1205e-06	0.00018722	2.1026e-10
343	0.99883	0.00097813	0.00018672	1.828e-07
344	0.99827	0.0015422	0.00018628	2.8857e-07
345	0.99923	0.00058139	0.00018613	1.0849e-07
346	0.99828	0.0015329	0.00018561	2.8586e-07
347	0.99725	0.0025686	0.00018509	4.7705e-07
348	0.99828	0.0015313	0.00018493	2.8445e-07
349	0.99583	0.0039872	0.00018409	7.4184e-07
350	0.99582	0.0039943	0.00018374	7.418e-07
351	0.99826	0.0015583	0.00018385	2.882e-07
352	0.99289	0.0069308	0.00018249	1.2764e-06
353	0.99228	0.0075387	0.00018199	1.3875e-06
354	0.99458	0.0052391	0.00018204	9.6277e-07
355	0.99355	0.0062693	0.00018146	1.1511e-06
356	0.99513	0.0046906	0.00018137	8.5989e-07
357	0.99707	0.0027491	0.00018132	5.0583e-07
358	0.99676	0.0030609	0.00018088	5.617e-07
359	0.99838	0.0014425	0.00018081	2.6461e-07
360	0.99979	2.8461e-05	0.00018071	5.2507e-09
361	0.99944	0.00037957	0.00018031	6.909e-08
362	0.99936	0.00045934	0.00017997	8.3438e-08
363	0.9986	0.001221	0.00017952	2.2034e-07
364	0.99824	0.0015848	0.00017911	2.8621e-07
365	0.99785	0.0019726	0.00017872	3.5544e-07
366	0.99744	0.0023832	0.00017834	4.2762e-07
367	0.99744	0.0023849	0.00017801	4.2756e-07
368	0.99945	0.00036747	0.00017805	6.5477e-08
369	0.9994	0.00042082	0.0001777	7.4716e-08
370	0.99713	0.0026881	0.00017694	4.7776e-07
371	0.99704	0.0027863	0.00017658	4.9326e-07
372	0.99971	0.00011583	0.00017668	2.0592e-08
373	0.9996	0.00021887	0.00017631	3.8788e-08
374	0.99738	0.0024434	0.00017558	4.3e-07
375	0.99523	0.0045925	0.00017484	8.0798e-07
376	0.9954	0.004421	0.00017452	7.7548e-07
377	0.99874	0.0010886	0.00017474	1.9143e-07
378	0.99942	0.00040463	0.0001745	7.1215e-08
379	0.99945	0.00037606	0.00017416	6.5869e-08
380	0.99884	0.00098166	0.00017373	1.7047e-07
381	0.99983	1.1064e-07	0.00017354	1.9259e-11
382	0.99876	0.001069	0.00017302	1.8501e-07
383	0.99791	0.0019151	0.00017251	3.3156e-07
384	0.9987	0.0011264	0.0001723	1.9412e-07
385	0.99974	9.2539e-05	0.00017211	1.5821e-08
386	0.99982	7.4341e-06	0.00017172	1.2807e-09
387	0.99982	3.6822e-06	0.00017134	6.363e-10
388	0.9986	0.001225	0.00017071	2.1262e-07
389	0.99733	0.0025021	0.00017009	4.3277e-07
390	0.99789	0.0019413	0.0001698	3.3598e-07
391	0.98123	0.018595	0.00016659	3.1818e-06
392	0.96417	0.035663	0.00016328	6.0977e-06
393	0.95787	0.041963	0.00016184	7.1567e-06
394	0.93114	0.068694	0.0001569	1.1694e-05
395	0.92156	0.07827	0.00015492	1.3287e-05
396	0.92208	0.077756	0.00015462	1.3176e-05
397	0.90791	0.091924	0.00015188	1.5528e-05
398	0.89176	0.10807	0.00014878	1.8211e-05
399	0.88729	0.11254	0.00014768	1.8914e-05
400	0.89471	0.10512	0.00014853	1.7638e-05
401	0.91783	0.082003	0.00015201	1.3744e-05
402	0.97301	0.026822	0.00016085	4.5017e-06
403	0.96979	0.030044	0.00015995	5.02e-06
404	0.9717	0.028139	0.00015991	4.6838e-06
405	0.98324	0.016591	0.00016145	2.753e-06
406	0.986	0.013836	0.0001615	2.2908e-06
407	0.99454	0.0052991	0.00016251	8.7382e-07
408	0.99657	0.003266	0.00016242	5.3738e-07
409	0.99381	0.0060292	0.00016152	9.8833e-07
410	0.99388	0.0059547	0.0001611	9.729e-07
411	0.99664	0.0031954	0.00016114	5.1934e-07
412	0.99976	7.383e-05	0.0001612	1.2013e-08
413	0.99981	2.6879e-05	0.00016078	4.3228e-09
414	0.99685	0.0029912	0.00015989	4.7618e-07
415	0.95316	0.046683	0.00015249	7.4343e-06
416	0.94034	0.059498	0.00015001	9.4567e-06
417	0.93917	0.06067	0.00014936	9.6207e-06
418	0.93572	0.064126	0.00014838	1.014e-05
419	0.93887	0.060974	0.00014845	9.6077e-06
420	0.95417	0.045669	0.00015041	7.1681e-06
421	0.9562	0.043647	0.00015025	6.8304e-06
422	0.96798	0.031862	0.00015158	4.9773e-06
423	0.9987	0.0011482	0.00015588	1.783e-07
424	0.98454	0.0153	0.00015315	2.3814e-06
425	0.97914	0.020701	0.0001518	3.2072e-06
426	0.9785	0.021348	0.00015122	3.2912e-06
427	0.97744	0.022405	0.00015054	3.4395e-06
428	0.98186	0.017991	0.00015069	2.7501e-06
429	0.99887	0.0009725	0.00015272	1.4966e-07
430	0.99745	0.0024006	0.00015195	3.6833e-07
431	0.97876	0.02109	0.00014851	3.2336e-06
432	0.97193	0.027922	0.00014692	4.2611e-06
433	0.94795	0.051896	0.00014271	7.893e-06
434	0.91458	0.085269	0.00013713	1.2899e-05
435	0.90227	0.097585	0.00013478	1.4693e-05
436	0.70005	0.2998	0.00010428	4.4646e-05
437	0.6297	0.37015	9.3449e-05	5.4911e-05
438	0.60686	0.39299	8.9691e-05	5.8085e-05
439	0.2564	0.74345	3.784e-05	0.00010936
440	0.13345	0.8664	1.963e-05	0.00012698
441	0.095237	0.90462	1.3936e-05	0.00013207
442	0.080399	0.91946	1.172e-05	0.00013369
443	0.077455	0.9224	1.124e-05	0.00013355
444	0.082874	0.91698	1.1963e-05	0.0001322
445	0.076963	0.92289	1.1045e-05	0.00013248
446	0.078248	0.92161	1.1173e-05	0.00013171
447	0.087072	0.91279	1.2376e-05	0.00012987
448	0.069493	0.93037	9.8169e-06	0.00013178
449	0.063621	0.93624	8.9442e-06	0.00013201
450	0.066357	0.9335	9.2798e-06	0.00013101
451	0.055457	0.9444	7.7165e-06	0.00013192
452	0.053737	0.94612	7.437e-06	0.00013153
453	0.057411	0.94245	7.9091e-06	0.00013039
454	0.05809	0.94177	7.9694e-06	0.00012966
455	0.065049	0.93481	8.8965e-06	0.00012807
456	0.069067	0.9308	9.4003e-06	0.00012688
457	0.082	0.91786	1.1118e-05	0.00012448
458	0.090155	0.90971	1.2179e-05	0.00012273
459	0.12064	0.87923	1.6235e-05	0.00011798
460	0.15024	0.84963	2.009e-05	0.0001134
461	0.21969	0.78018	2.9225e-05	0.00010355
462	0.39071	0.60916	5.1822e-05	8.0233e-05
463	0.43527	0.5646	5.7409e-05	7.3914e-05
464	0.56495	0.43492	7.4015e-05	5.6558e-05
465	0.97941	0.020461	0.00012717	2.6345e-06
466	0.9809	0.018966	0.00012659	2.4282e-06
467	0.98931	0.010566	0.00012686	1.3474e-06
468	0.99593	0.0039411	0.00012692	4.9915e-07
469	0.99543	0.0044392	0.00012604	5.6022e-07
470	0.99728	0.0025946	0.00012547	3.2491e-07
471	0.99951	0.00036261	0.00012493	4.5342e-08
472	0.99951	0.00036663	0.00012411	4.5599e-08
473	0.9989	0.00097753	0.00012323	1.2032e-07
474	0.99974	0.00013463	0.00012251	1.645e-08
475	0.99971	0.00016367	0.00012167	2.0018e-08
476	0.99946	0.00041945	0.0001208	5.0899e-08
477	0.99948	0.00040468	0.00011998	4.8549e-08
478	0.99983	5.0096e-05	0.00011919	5.9678e-09
479	0.99929	0.00059266	0.00011826	7.048e-08
480	0.99985	3.1007e-05	0.00011748	3.6814e-09
481	0.99645	0.0034371	0.0001162	4.0542e-07
482	0.99569	0.0041926	0.00011526	4.9085e-07
483	0.99703	0.0028564	0.00011457	3.3251e-07
484	0.95871	0.04118	0.00010928	4.7461e-06
485	0.78733	0.21256	8.8953e-05	2.4215e-05
486	0.71807	0.28181	8.0499e-05	3.1819e-05
487	0.40047	0.59942	4.4621e-05	6.6855e-05
488	0.3012	0.69869	3.3292e-05	7.7323e-05
489	0.25887	0.74102	2.841e-05	8.135e-05
490	0.097366	0.90253	1.0613e-05	9.8277e-05
491	0.046783	0.95311	5.0457e-06	0.00010296
492	0.026273	0.97362	2.8114e-06	0.00010431
493	0.020329	0.97956	2.1545e-06	0.00010407
494	0.018648	0.98125	1.9601e-06	0.00010337
495	0.020258	0.97964	2.1143e-06	0.00010232
496	0.014851	0.98505	1.538e-06	0.000102
497	0.014372	0.98553	1.4747e-06	0.00010114
498	0.0181	0.9818	1.8374e-06	9.9843e-05
499	0.014707	0.98519	1.4788e-06	9.9269e-05
500	0.015461	0.98444	1.5384e-06	9.8264e-05
501	0.019444	0.98046	1.9169e-06	9.694e-05
502	0.032202	0.9677	3.1406e-06	9.4759e-05
503	0.069034	0.93087	6.6481e-06	9.0279e-05
504	0.1595	0.8404	1.5229e-05	8.0729e-05
505	0.18187	0.81804	1.7178e-05	7.7797e-05
506	0.23553	0.76438	2.2029e-05	7.1965e-05
507	0.38967	0.61024	3.6035e-05	5.6964e-05
508	0.50673	0.49318	4.6403e-05	4.5607e-05
509	0.79482	0.20509	7.2213e-05	1.8812e-05
510	0.9975	0.0024123	8.9829e-05	2.2002e-07
511	0.99679	0.003125	8.8803e-05	2.8074e-07
512	0.99836	0.00155	8.796e-05	1.3831e-07
513	0.99821	0.0017027	8.6972e-05	1.5007e-07
514	0.99595	0.0039654	8.581e-05	3.4355e-07
515	0.99607	0.0038485	8.4867e-05	3.2879e-07
516	0.99954	0.00037479	8.4185e-05	3.1508e-08
517	0.9968	0.0031215	8.2939e-05	2.6059e-07
518	0.99637	0.0035431	8.1898e-05	2.9183e-07
519	0.99878	0.0011437	8.1066e-05	9.3758e-08
520	0.98523	0.014691	7.8955e-05	1.1852e-06
521	0.98134	0.018581	7.7619e-05	1.4817e-06
522	0.97756	0.022365	7.6278e-05	1.7635e-06
523	0.9099	0.090025	6.9984e-05	7.007e-06
524	0.88703	0.11289	6.7246e-05	8.6745e-06
525	0.87909	0.12083	6.5701e-05	9.1575e-06
526	0.8668	0.13313	6.386e-05	9.9426e-06
527	0.86509	0.13484	6.283e-05	9.925e-06
528	0.87347	0.12646	6.2543e-05	9.1714e-06
529	0.86938	0.13055	6.1331e-05	9.3239e-06
530	0.86505	0.13488	6.009e-05	9.4858e-06
531	0.87043	0.12951	5.9538e-05	8.9675e-06
532	0.86051	0.13942	5.7919e-05	9.4978e-06
533	0.86054	0.1394	5.6993e-05	9.3409e-06
534	0.87377	0.12616	5.6914e-05	8.3193e-06
535	0.85211	0.14783	5.4572e-05	9.5693e-06
536	0.84773	0.15221	5.335e-05	9.6813e-06
537	0.85279	0.14715	5.2733e-05	9.1939e-06
538	0.8575	0.14244	5.2063e-05	8.7403e-06
539	0.875	0.12494	5.2161e-05	7.5254e-06
540	0.91826	0.081686	5.3758e-05	4.8181e-06
541	0.94902	0.050925	5.4489e-05	2.9465e-06
542	0.9341	0.065839	5.2577e-05	3.7241e-06
543	0.93006	0.069889	5.1307e-05	3.8676e-06
544	0.68351	0.31643	3.699e-05	1.7039e-05
545	0.60679	0.39316	3.2143e-05	2.0723e-05
546	0.58158	0.41837	3.0119e-05	2.1566e-05
547	0.27635	0.7236	1.3915e-05	3.6573e-05
548	0.15206	0.84789	7.4504e-06	4.1843e-05
549	0.10164	0.89831	4.8532e-06	4.3248e-05
550	0.034672	0.96528	1.6183e-06	4.5291e-05
551	0.013698	0.98626	6.2237e-07	4.5082e-05
552	0.0072325	0.99272	3.1811e-07	4.4167e-05
553	0.0047582	0.9952	2.0279e-07	4.3064e-05
554	0.0041429	0.99582	1.715e-07	4.1878e-05
555	0.0054481	0.99451	2.1883e-07	4.0599e-05
556	0.0055529	0.99441	2.1615e-07	3.9369e-05
557	0.0074274	0.99253	2.8087e-07	3.8073e-05
558	0.012687	0.98728	4.668e-07	3.6656e-05
559	0.016042	0.98392	5.7254e-07	3.5319e-05
560	0.025303	0.97466	8.7711e-07	3.3783e-05
561	0.048449	0.95152	1.6314e-06	3.1798e-05
562	0.10195	0.89801	3.3292e-06	2.8869e-05
563	0.27276	0.72721	8.5755e-06	2.2377e-05
564	0.75926	0.24071	2.2871e-05	6.8211e-06
565	0.75224	0.24774	2.1716e-05	6.6984e-06
566	0.75646	0.24351	2.0886e-05	6.2561e-06
567	0.78342	0.21655	2.0619e-05	5.2315e-06
568	0.76356	0.23642	1.9164e-05	5.4006e-06
569	0.7613	0.23867	1.8134e-05	5.1286e-06
570	0.77142	0.22855	1.7385e-05	4.58e-06
571	0.38445	0.61553	9.1255e-06	1.1525e-05
572	0.26331	0.73667	6.505e-06	1.2816e-05
573	0.22615	0.77383	5.5622e-06	1.2413e-05
574	0.093784	0.9062	2.3329e-06	1.6059e-05
575	0.036364	0.96362	9.1692e-07	1.7886e-05
576	0.016251	0.98373	4.1288e-07	1.8788e-05
577	0.0081018	0.99188	2.0719e-07	1.9386e-05
578	0.0054603	0.99452	1.3883e-07	1.9833e-05
579	0.0046929	0.99529	1.1729e-07	2.0228e-05
580	0.0033628	0.99662	8.299e-08	2.0623e-05
581	0.0032923	0.99669	7.9265e-08	2.0981e-05
582	0.0044208	0.99556	1.0317e-07	2.1306e-05
583	0.0049913	0.99499	1.1542e-07	2.1629e-05
584	0.0045676	0.99541	1.0598e-07	2.1968e-05
585	0.0054334	0.99454	1.2625e-07	2.2272e-05
586	0.0025158	0.99746	5.897e-08	2.265e-05
587	0.0017916	0.99819	4.2022e-08	2.2965e-05
588	0.0017486	0.99823	4.1061e-08	2.3258e-05
589	0.0023549	0.99762	5.5563e-08	2.3529e-05
590	0.0040592	0.99592	9.6679e-08	2.3767e-05
591	0.0098883	0.99009	2.3719e-07	2.3893e-05
592	0.004959	0.99502	1.1979e-07	2.4271e-05
593	0.0028875	0.99709	7.0355e-08	2.4575e-05
594	0.0021415	0.99783	5.2778e-08	2.4841e-05
595	0.002169	0.99781	5.4245e-08	2.5082e-05
596	0.0033801	0.99659	8.5546e-08	2.528e-05
597	0.0077508	0.99222	1.9772e-07	2.5384e-05
598	0.010227	0.98975	2.634e-07	2.5529e-05
599	0.016606	0.98337	4.3254e-07	2.5565e-05
600	0.032614	0.96736	8.6022e-07	2.5336e-05
601	0.07846	0.92151	2.0858e-06	2.4297e-05
602	0.20912	0.79086	5.5857e-06	2.097e-05
603	0.62565	0.37432	1.6757e-05	9.9588e-06
604	0.63232	0.36765	1.7025e-05	9.8354e-06
605	0.66678	0.3332	1.8029e-05	8.9609e-06
606	0.74897	0.251	2.0337e-05	6.7793e-06
607	0.77122	0.22875	2.1021e-05	6.2061e-06
608	0.79332	0.20665	2.1691e-05	5.6318e-06
609	0.85107	0.1489	2.334e-05	4.076e-06
610	0.86461	0.13536	2.3775e-05	3.7198e-06
611	0.89946	0.10051	2.4797e-05	2.7729e-06
612	0.98668	0.01329	2.7277e-05	3.6573e-07
613	0.99311	0.0068665	2.7511e-05	1.8899e-07
614	0.9998	0.00016917	2.7736e-05	4.6521e-09
615	0.99991	6.311e-05	2.7765e-05	1.7537e-09
616	0.99963	0.00034349	2.778e-05	9.546e-09
617	0.99868	0.0012887	2.7761e-05	3.5966e-08
618	0.99911	0.00086329	2.7777e-05	2.4081e-08
619	0.9653	0.034676	2.6843e-05	9.6053e-07
620	0.95224	0.047733	2.6484e-05	1.3199e-06
621	0.9505	0.049471	2.6422e-05	1.3667e-06
622	0.34775	0.65222	9.6968e-06	1.8061e-05
623	0.13613	0.86384	3.8094e-06	2.3904e-05
624	0.061886	0.93809	1.7388e-06	2.5917e-05
625	0.029717	0.97026	8.4769e-07	2.6745e-05
626	0.016708	0.98326	4.9034e-07	2.7033e-05
627	0.012517	0.98746	3.7599e-07	2.7066e-05
628	0.01212	0.98785	3.682e-07	2.6979e-05
629	0.014151	0.98582	4.3257e-07	2.6814e-05
630	0.020112	0.97986	6.1721e-07	2.6523e-05
631	0.040155	0.95982	1.2309e-06	2.579e-05
632	0.089471	0.9105	2.7448e-06	2.4151e-05
633	0.23007	0.7699	7.0332e-06	1.9725e-05
634	0.63055	0.36942	1.9164e-05	7.4434e-06
635	0.72063	0.27934	2.2513e-05	6.2481e-06
636	0.9429	0.057073	2.9528e-05	1.4011e-06
637	0.94531	0.05466	3.1638e-05	1.476e-06
638	0.95866	0.0413	3.407e-05	1.2079e-06
639	0.99899	0.00097128	3.739e-05	3.0676e-08
640	0.99977	0.00019386	3.9575e-05	6.7756e-09
641	0.99829	0.0016664	4.1651e-05	6.891e-08
642	0.99679	0.0031707	4.3696e-05	1.3907e-07
643	0.99777	0.0021865	4.5826e-05	1.0147e-07
644	0.99688	0.003072	4.7885e-05	1.4977e-07
645	0.99795	0.0020031	5.0057e-05	1.0292e-07
646	0.95593	0.044016	4.9963e-05	2.3422e-06
647	0.9384	0.061548	5.106e-05	3.4058e-06
648	0.93516	0.064788	5.2874e-05	3.7287e-06
649	0.86161	0.13833	5.0509e-05	8.2472e-06
650	0.83059	0.16935	5.0469e-05	1.0456e-05
651	0.82381	0.17612	5.1812e-05	1.126e-05
652	0.78128	0.21865	5.0734e-05	1.4461e-05
653	0.76866	0.23127	5.1496e-05	1.5803e-05
654	0.76818	0.23175	5.3073e-05	1.6344e-05
655	0.74254	0.25739	5.2849e-05	1.8703e-05
656	0.73753	0.2624	5.4029e-05	1.9638e-05
657	0.74392	0.256	5.6072e-05	1.9724e-05
658	0.74672	0.2532	5.7894e-05	2.0059e-05
659	0.76793	0.23198	6.1187e-05	1.8903e-05
660	0.82038	0.17954	6.7179e-05	1.5062e-05
661	0.83354	0.16638	7.0082e-05	1.4329e-05
662	0.87038	0.12954	7.5148e-05	1.1453e-05
663	0.95705	0.042866	8.4918e-05	3.8899e-06
664	0.95453	0.045375	8.6828e-05	4.2076e-06
665	0.95924	0.040668	8.9382e-05	3.8587e-06
666	0.9768	0.023101	9.3174e-05	2.2491e-06
667	0.9798	0.0201	9.5625e-05	2.0006e-06
668	0.98218	0.017719	9.8046e-05	1.8002e-06
669	0.99238	0.0075198	0.00010126	7.8233e-07
670	0.99983	6.5979e-05	0.00010426	7.0033e-09
671	0.99926	0.00063546	0.00010639	6.8052e-08
672	0.99981	7.7126e-05	0.00010866	8.4076e-09
673	0.99705	0.002844	0.00011059	3.1359e-07
674	0.99692	0.0029644	0.00011278	3.3341e-07
675	0.99962	0.00026491	0.00011527	3.0515e-08
676	0.99895	0.00093646	0.00011741	1.0999e-07
677	0.99868	0.0012029	0.00011956	1.4439e-07
678	0.99987	4.9523e-06	0.00012191	6.0395e-10
679	0.99979	8.7913e-05	0.00012408	1.0986e-08
680	0.99873	0.0011432	0.00012615	1.4487e-07
681	0.99902	0.00085201	0.00012841	1.0957e-07
682	0.9986	0.0012671	0.00013055	1.6587e-07
683	0.9982	0.0016659	0.00013271	2.2116e-07
684	0.99985	1.3481e-05	0.00013513	1.843e-09
685	0.99733	0.002532	0.00013699	3.51e-07
686	0.99706	0.0028047	0.00013919	3.9501e-07
687	0.99879	0.0010665	0.00014169	1.5266e-07
688	0.99898	0.00087418	0.00014401	1.2632e-07
689	0.9983	0.0015524	0.00014618	2.2711e-07
690	0.99951	0.0003424	0.00014859	5.1073e-08
691	0.99982	3.3026e-05	0.0001509	5.0275e-09
692	0.99941	0.00043626	0.00015312	6.7105e-08
693	0.99783	0.0020132	0.00015519	3.1297e-07
694	0.99138	0.00846	0.00015651	1.3282e-06
695	0.99045	0.0093926	0.00015865	1.4965e-06
696	0.99243	0.00741	0.00016129	1.194e-06
697	0.9856	0.014237	0.00016247	2.3275e-06
698	0.98457	0.015263	0.00016455	2.5303e-06
699	0.98381	0.016017	0.00016665	2.6939e-06
700	0.98241	0.017418	0.00016866	2.9682e-06
701	0.98577	0.014059	0.00017146	2.426e-06
702	0.99939	0.00043641	0.00017605	7.6565e-08
703	0.99862	0.0011971	0.00017817	2.1309e-07
704	0.99942	0.00040249	0.00018055	7.2985e-08
705	0.99968	0.00013869	0.00018286	2.5708e-08
706	0.99726	0.0025544	0.00018469	4.7741e-07
707	0.99695	0.0028614	0.00018694	5.4133e-07
708	0.99852	0.001287	0.00018957	2.4668e-07
709	0.99701	0.0027974	0.00019158	5.4226e-07
710	0.99735	0.002454	0.00019397	4.8154e-07
711	0.9998	2.5676e-06	0.00019681	5.1548e-10
712	0.98698	0.012825	0.00019663	2.573e-06
713	0.9727	0.027095	0.00019605	5.5114e-06
714	0.96799	0.031806	0.00019741	6.544e-06
715	0.89805	0.10174	0.00018513	2.1187e-05
716	0.87037	0.12942	0.00018148	2.7237e-05
717	0.86302	0.13677	0.00018197	2.9114e-05
718	0.85558	0.14421	0.00018237	3.1057e-05
719	0.85763	0.14216	0.00018483	3.0967e-05
720	0.87173	0.12805	0.00018998	2.8217e-05
721	0.7881	0.21168	0.00017365	4.6968e-05
722	0.75997	0.23981	0.00016925	5.3769e-05
723	0.75518	0.24459	0.00016996	5.5438e-05
724	0.72435	0.27542	0.00016462	6.3124e-05
725	0.7147	0.28507	0.0001641	6.6024e-05
726	0.71791	0.28186	0.00016656	6.596e-05
727	0.74347	0.25629	0.00017426	6.064e-05
728	0.80561	0.19415	0.00019084	4.6463e-05
729	0.95031	0.049451	0.00022775	1.1982e-05
730	0.94925	0.050513	0.00022983	1.2351e-05
731	0.95621	0.043547	0.00023386	1.0756e-05
732	0.97498	0.024773	0.0002409	6.1686e-06
733	0.97912	0.020626	0.00024432	5.1838e-06
734	0.97762	0.02213	0.00024629	5.6134e-06
735	0.98061	0.019134	0.00024945	4.8959e-06
736	0.97759	0.022155	0.0002511	5.7081e-06
737	0.82849	0.17125	0.00021496	4.4291e-05
738	0.76832	0.23141	0.00020139	6.0325e-05
739	0.5514	0.44834	0.00014625	0.00011792
740	0.48406	0.51568	0.00012965	0.00013694
741	0.46521	0.53452	0.00012572	0.00014327
742	0.43693	0.56279	0.00011919	0.00015222
743	0.43142	0.5683	0.00011873	0.00015508
744	0.44418	0.55555	0.00012326	0.00015294
745	0.43745	0.56227	0.00012239	0.00015617
746	0.44427	0.55545	0.00012533	0.0001556
747	0.47051	0.5292	0.00013386	0.00014948
748	0.47248	0.52724	0.00013554	0.00015019
749	0.49726	0.50245	0.00014374	0.00014434
750	0.56222	0.43749	0.00016379	0.00012668
751	0.77162	0.22809	0.00022617	6.6664e-05
752	0.81801	0.18169	0.00024173	5.3503e-05
753	0.96838	0.031321	0.00028826	9.3333e-06
754	0.96916	0.030543	0.00029081	9.1744e-06
755	0.9774	0.022301	0.0002956	6.762e-06
756	0.99807	0.0016207	0.00030426	4.9912e-07
757	0.998	0.0016909	0.00030667	5.2446e-07
758	0.99956	0.00012609	0.00030961	3.9547e-08
759	0.99968	9.2437e-06	0.00031215	2.9159e-09
760	0.99962	6.294e-05	0.00031466	1.9899e-08
761	0.99959	8.914e-05	0.00031722	2.8268e-08
762	0.99902	0.00066075	0.00031956	2.1198e-07
763	0.99732	0.0023563	0.00032151	7.6498e-07
764	0.99744	0.0022366	0.00032408	7.3222e-07
765	0.99961	6.735e-05	0.00032736	2.2324e-08
766	0.99887	0.00080292	0.00032973	2.654e-07
767	0.99841	0.0012557	0.00033215	4.1945e-07
768	0.99931	0.00035535	0.00033506	1.1991e-07
769	0.99948	0.00017934	0.00033777	6.0683e-08
770	0.99869	0.00097076	0.00034008	3.3228e-07
771	0.99798	0.0016721	0.00034246	5.755e-07
772	0.99765	0.0020002	0.00034494	6.949e-07
773	0.99896	0.00069373	0.00034802	2.4338e-07
774	0.99925	0.0003994	0.00035072	1.4286e-07
775	0.99758	0.0020703	0.00035275	7.4482e-07
776	0.99559	0.0040534	0.0003547	1.467e-06
777	0.99591	0.0037264	0.00035751	1.3608e-06
778	0.99423	0.005412	0.00035963	1.9846e-06
779	0.99488	0.0047569	0.00036265	1.7563e-06
780	0.99836	0.0012766	0.00036675	4.7291e-07
781	0.99545	0.0041759	0.00036846	1.5485e-06
782	0.99284	0.0067852	0.00037022	2.5369e-06
783	0.99297	0.0066584	0.00037304	2.506e-06
784	0.99314	0.0064832	0.00037585	2.4592e-06
785	0.99614	0.0034824	0.00037978	1.3278e-06
786	0.9995	0.00011257	0.00038383	4.3424e-08
787	0.99862	0.00099123	0.0003863	3.8345e-07
788	0.99815	0.0014639	0.00038888	5.7195e-07
789	0.99918	0.00042558	0.0003921	1.6725e-07
790	0.99627	0.0033358	0.00039373	1.3215e-06
791	0.99615	0.0034482	0.00039643	1.3789e-06
792	0.99814	0.0014635	0.00040001	5.9206e-07
793	0.99681	0.0027879	0.00040223	1.1386e-06
794	0.9973	0.0022979	0.00040522	9.4822e-07
795	0.9958	0.0037944	0.00040744	1.5729e-06
796	0.9708	0.028788	0.00039981	1.2011e-05
797	0.96071	0.038879	0.00039835	1.6315e-05
798	0.95844	0.041142	0.00040018	1.7374e-05
799	0.96397	0.035614	0.00040525	1.5163e-05
800	0.9675	0.032078	0.00040955	1.3758e-05
801	0.97961	0.019968	0.00041762	8.6262e-06
802	0.989	0.010572	0.00042464	4.5829e-06
803	0.98703	0.012542	0.00042672	5.4576e-06
804	0.98952	0.010047	0.00043069	4.4007e-06
805	0.9804	0.019164	0.00042964	8.4096e-06
806	0.97857	0.020986	0.00043171	9.2682e-06
807	0.98081	0.018742	0.00043562	8.3223e-06
808	0.98194	0.017614	0.00043909	7.8548e-06
809	0.97769	0.021861	0.00044013	9.7975e-06
810	0.97932	0.020224	0.00044375	9.1156e-06
811	0.9893	0.010243	0.00045114	4.6392e-06
812	0.99895	0.00059019	0.00045838	2.713e-07
813	0.99875	0.00078349	0.00046121	3.638e-07
814	0.99385	0.005683	0.00046179	2.6674e-06
815	0.99305	0.0064877	0.00046424	3.073e-06
816	0.99492	0.0046137	0.000468	2.2119e-06
817	0.9898	0.0097234	0.00046848	4.6765e-06
818	0.98863	0.010889	0.00047088	5.2674e-06
819	0.99055	0.0089738	0.0004748	4.3716e-06
820	0.98835	0.011168	0.00047679	5.4557e-06
821	0.98999	0.0095238	0.0004806	4.6858e-06
822	0.99636	0.0031543	0.00048681	1.5674e-06
823	0.99591	0.0035998	0.00048963	1.8002e-06
824	0.99519	0.0043197	0.00049235	2.1706e-06
825	0.99673	0.0027747	0.00049626	1.4054e-06
826	0.99264	0.0068627	0.00049739	3.466e-06
827	0.99237	0.0071278	0.0005004	3.6245e-06
828	0.99505	0.0044401	0.00050495	2.2736e-06
829	0.99502	0.004473	0.0005081	2.3069e-06
830	0.99511	0.0043759	0.00051127	2.2778e-06
831	0.99779	0.0016898	0.00051585	8.9902e-07
832	0.97941	0.020069	0.00050916	1.0744e-05
833	0.97269	0.02679	0.0005087	1.4422e-05
834	0.97183	0.027641	0.00051139	1.4984e-05
835	0.97002	0.029455	0.00051362	1.606e-05
836	0.95918	0.040287	0.00051089	2.2069e-05
837	0.95656	0.042901	0.00051264	2.3643e-05
838	0.90199	0.097471	0.00048568	5.389e-05
839	0.87922	0.12024	0.0004761	6.6809e-05
840	0.87389	0.12556	0.00047598	7.0226e-05
841	0.84359	0.15586	0.00046202	8.7557e-05
842	0.80045	0.199	0.00044078	0.0001122
843	0.73989	0.25955	0.00040964	0.00014679
844	0.71505	0.28439	0.0003983	0.00016163
845	0.7085	0.29094	0.00039719	0.00016627
846	0.71458	0.28485	0.00040331	0.00016374
847	0.7466	0.25283	0.00042437	0.00014624
848	0.85263	0.1468	0.00048839	8.5736e-05
849	0.92766	0.071759	0.00053534	4.2349e-05
850	0.93063	0.068794	0.00054047	4.0834e-05
851	0.94598	0.053432	0.00055292	3.1975e-05
852	0.98572	0.013689	0.00058018	8.3552e-06
853	0.98326	0.016151	0.00058235	9.8818e-06
854	0.9847	0.014707	0.00058692	9.0546e-06
855	0.99129	0.0081118	0.00059473	5.0506e-06
856	0.98263	0.016763	0.00059316	1.0393e-05
857	0.94317	0.05622	0.00057264	3.473e-05
858	0.76456	0.23482	0.00046621	0.00014503
859	0.51922	0.48016	0.00031776	0.00029739
860	0.44287	0.55652	0.00027214	0.0003469
861	0.41313	0.58625	0.0002553	0.00036768
862	0.40858	0.5908	0.00025398	0.00037291
863	0.41755	0.58182	0.00026121	0.00036963
864	0.44779	0.55158	0.0002821	0.00035273
865	0.54889	0.45047	0.00034827	0.00029053
866	0.78299	0.21637	0.00050121	0.0001416
867	0.79917	0.20018	0.00051473	0.00013205
868	0.70842	0.29093	0.00045754	0.00019319
869	0.57963	0.41971	0.00037459	0.00028013
870	0.52458	0.47476	0.00034016	0.00031859
871	0.44723	0.55211	0.00029058	0.00037225
872	0.42175	0.57759	0.00027513	0.00039175
873	0.41928	0.58005	0.00027495	0.00039596
874	0.41624	0.58308	0.00027431	0.0004006
875	0.42593	0.57339	0.00028227	0.00039667
876	0.45763	0.54169	0.00030521	0.00037782
877	0.4377	0.56161	0.00029319	0.00039397
878	0.43667	0.56264	0.00029407	0.0003972
879	0.44893	0.55037	0.00030418	0.00039123
880	0.43686	0.56244	0.00029747	0.00040213
881	0.43805	0.56124	0.00030007	0.00040376
882	0.4368	0.56249	0.00030089	0.00040715
883	0.43358	0.56571	0.00030023	0.00041199
884	0.42489	0.57439	0.00029569	0.00042075
885	0.42883	0.57044	0.00030022	0.00042049
886	0.40504	0.59423	0.00028478	0.00044024
887	0.39847	0.6008	0.00028173	0.00044764
888	0.40523	0.59404	0.00028844	0.00044533
889	0.40611	0.59315	0.00029095	0.00044727
890	0.40192	0.59734	0.00028977	0.00045293
891	0.39259	0.60666	0.00028469	0.00046247
892	0.37817	0.62108	0.00027581	0.00047586
893	0.37735	0.62189	0.00027706	0.00047917
894	0.38953	0.6097	0.00028826	0.00047257
895	0.39928	0.59996	0.00029762	0.00046778
896	0.34209	0.65714	0.00025632	0.0005137
897	0.32041	0.67881	0.00024159	0.0005331
898	0.2391	0.76012	0.00018097	0.00059835
899	0.20678	0.79244	0.0001574	0.00062661
900	0.19792	0.8013	0.00015157	0.00063711
901	0.20189	0.79731	0.00015566	0.00063766
902	0.20158	0.79762	0.00015645	0.00064156
903	0.21295	0.78625	0.00016662	0.00063612
904	0.21937	0.77983	0.00017298	0.00063454
905	0.24648	0.75271	0.00019619	0.00061608
906	0.3365	0.66269	0.000271	0.00054601
907	0.40115	0.59803	0.00032607	0.00049571
908	0.55152	0.44765	0.00045364	0.00037298
909	0.98059	0.018581	0.00081553	1.5878e-05
910	0.96257	0.036598	0.000805	3.1282e-05
911	0.95756	0.041599	0.00080534	3.5774e-05
912	0.9583	0.040856	0.00081064	3.5371e-05
913	0.95788	0.041273	0.00081504	3.5941e-05
914	0.96328	0.035865	0.00082456	3.1451e-05
915	0.97851	0.020631	0.00084284	1.8274e-05
916	0.93849	0.060643	0.00081319	5.3139e-05
917	0.92308	0.076052	0.00080476	6.685e-05
918	0.92028	0.078846	0.00080716	6.9688e-05
919	0.92674	0.072377	0.00081768	6.4378e-05
920	0.93089	0.06822	0.00082631	6.1026e-05
921	0.95107	0.04804	0.00084927	4.3302e-05
922	0.95356	0.045544	0.00085659	4.1286e-05
923	0.96373	0.035364	0.00087104	3.221e-05
924	0.99894	0.00014791	0.00090844	1.3614e-07
925	0.99432	0.0047642	0.00090946	4.3986e-06
926	0.98944	0.0096392	0.00091012	8.9712e-06
927	0.98937	0.0097072	0.00091517	9.1175e-06
928	0.93175	0.067324	0.00086597	6.3586e-05
929	0.85153	0.14754	0.00079509	0.00013981
930	0.82753	0.17153	0.00077666	0.00016354
931	0.74428	0.25477	0.00070074	0.00024472
932	0.70925	0.2898	0.00067084	0.00027993
933	0.6965	0.30254	0.0006623	0.00029386
934	0.68105	0.31799	0.00065089	0.00031062
935	0.67939	0.31965	0.00065287	0.00031405
936	0.69138	0.30765	0.0006683	0.00030411
937	0.68161	0.31741	0.00066259	0.00031536
