#coord	neutral	conserved	gBGC.neutral	gBGC.conserved
1	0.96601	0.032882	0.0010749	3.714e-05
2	0.98759	0.011306	0.0010954	1.2773e-05
3	0.99223	0.0066638	0.0010971	7.4457e-06
4	0.99651	0.0023853	0.0010982	2.6274e-06
5	0.99753	0.0013731	0.0010955	1.4972e-06
6	0.9989	3.1419e-06	0.001093	3.4612e-09
7	0.9989	5.7032e-06	0.0010893	6.1739e-09
8	0.99885	6.5709e-05	0.0010854	7.2629e-08
9	0.99885	6.6492e-05	0.0010817	7.3331e-08
10	0.99889	3.5757e-05	0.0010783	3.9555e-08
11	0.99873	0.00019426	0.0010749	2.1258e-07
12	0.9989	2.8326e-05	0.001072	3.1071e-08
13	0.99891	2.2453e-05	0.0010691	2.4572e-08
14	0.99883	0.00010738	0.0010662	1.1736e-07
15	0.99868	0.00025638	0.0010635	2.7862e-07
16	0.99883	0.00010473	0.0010613	1.1392e-07
17	0.9989	3.6036e-05	0.0010591	3.9224e-08
18	0.99877	0.00017544	0.0010569	1.8844e-07
19	0.99893	1.0429e-05	0.0010552	1.1104e-08
20	0.99837	0.00057882	0.0010526	6.1979e-07
21	0.99889	6.2896e-05	0.0010513	6.8033e-08
22	0.99887	7.8775e-05	0.0010496	8.4694e-08
23	0.99885	0.00010115	0.0010481	1.0876e-07
24	0.99878	0.00017613	0.0010466	1.885e-07
25	0.99842	0.00053294	0.0010451	5.6252e-07
26	0.99823	0.00072357	0.0010438	7.5235e-07
27	0.99844	0.00051419	0.0010429	5.3325e-07
28	0.99817	0.00078766	0.0010414	8.2473e-07
29	0.99809	0.00086856	0.0010402	9.0274e-07
30	0.99832	0.00064143	0.0010393	6.6869e-07
31	0.99894	2.3047e-05	0.0010387	3.8236e-08
32	0.99827	0.00070304	0.0010292	7.3623e-07
33	0.99802	0.00095872	0.0010201	9.8861e-07
34	0.9982	0.00079035	0.0010115	8.0689e-07
35	0.9988	0.00019773	0.0010032	2.0214e-07
36	0.99899	1.0154e-05	0.00099495	1.0083e-08
37	0.99901	6.6015e-08	0.0009863	6.5211e-11
38	0.99816	0.0008635	0.00097665	8.5624e-07
39	0.99741	0.0016209	0.00096745	1.5802e-06
40	0.9984	0.00063707	0.00095979	6.2714e-07
41	0.99837	0.00067968	0.00095144	6.6689e-07
42	0.99854	0.0005113	0.00094361	4.9916e-07
43	0.99893	0.00012881	0.0009363	1.2739e-07
44	0.99695	0.0021171	0.00092698	2.0232e-06
45	0.99472	0.0043541	0.00091778	4.0976e-06
46	0.99493	0.0041589	0.00091116	3.8679e-06
47	0.9955	0.0035948	0.00090471	3.3265e-06
48	0.99881	0.00028376	0.00090107	2.5632e-07
49	0.99907	3.9342e-05	0.00089434	3.4913e-08
50	0.99911	6.5316e-07	0.0008873	5.9084e-10
51	0.99896	0.00016305	0.00088035	1.4575e-07
52	0.99912	4.0266e-06	0.00087395	3.5412e-09
53	0.99816	0.00097486	0.00086682	8.324e-07
54	0.99877	0.00036446	0.00086091	3.0532e-07
55	0.99891	0.00023184	0.00085445	1.9122e-07
56	0.99876	0.00039085	0.00084803	3.0815e-07
57	0.99903	0.00013124	0.00084182	7.5214e-08
58	0.99867	0.00048949	0.0008443	3.8923e-07
59	0.99873	0.00042708	0.00084705	3.5437e-07
60	0.99901	0.00014288	0.00085014	1.2058e-07
61	0.99696	0.0021914	0.00085115	1.9006e-06
62	0.98903	0.010119	0.00084728	8.7181e-06
63	0.98108	0.018061	0.00084318	1.5681e-05
64	0.9791	0.020036	0.00084445	1.7432e-05
65	0.98139	0.017749	0.00084965	1.5435e-05
66	0.99137	0.007761	0.00086149	6.7133e-06
67	0.99392	0.0052103	0.00086672	4.5129e-06
68	0.99676	0.0023685	0.00087209	2.0755e-06
69	0.99904	8.2866e-05	0.00087719	7.2395e-08
70	0.99832	0.00079733	0.00087955	7.0628e-07
71	0.99877	0.00035082	0.00088311	3.0611e-07
72	0.99887	0.00024526	0.00088627	2.1087e-07
73	0.99444	0.0046695	0.00088537	4.0732e-06
74	0.99399	0.0051167	0.00088784	4.4833e-06
75	0.99685	0.0022582	0.00089312	1.9916e-06
76	0.99506	0.0040396	0.00089416	3.6338e-06
77	0.99582	0.003278	0.0008974	3.0028e-06
78	0.99637	0.0027233	0.00090064	2.5338e-06
79	0.9898	0.0092914	0.00089747	8.6316e-06
80	0.98854	0.010555	0.00089907	9.8841e-06
81	0.9903	0.0087873	0.00090366	8.307e-06
82	0.98308	0.016005	0.00089965	1.5233e-05
83	0.98137	0.017707	0.00090106	1.6914e-05
84	0.98372	0.015363	0.00090649	1.4756e-05
85	0.84857	0.1505	0.00078426	0.00014044
86	0.80182	0.19725	0.00074305	0.00018503
87	0.78444	0.21463	0.00072969	0.00020193
88	0.76443	0.23463	0.00071347	0.00022161
89	0.76207	0.23699	0.00071362	0.00022486
90	0.77659	0.22247	0.00072934	0.00021245
91	0.81719	0.18186	0.00077002	0.00017525
92	0.78313	0.21592	0.00074025	0.00020867
93	0.73833	0.26072	0.00070063	0.0002521
94	0.58427	0.41478	0.00055454	0.00040191
95	0.36962	0.62942	0.0003513	0.00060904
96	0.30285	0.69618	0.00028775	0.00067639
97	0.2147	0.78433	0.0002041	0.000764
98	0.17943	0.8196	0.00017139	0.0008008
99	0.17072	0.8283	0.00016369	0.00081254
100	0.15723	0.84179	0.00015152	0.00082887
101	0.15815	0.84086	0.00015312	0.00083139
102	0.17489	0.82412	0.00017004	0.00081854
103	0.088386	0.91062	8.5908e-05	0.00090688
104	0.058261	0.94074	5.6285e-05	0.00094067
105	0.048392	0.95061	4.6508e-05	0.00095457
106	0.033277	0.96572	3.1567e-05	0.00097375
107	0.029545	0.96945	2.7811e-05	0.00098171
108	0.029905	0.96908	2.8142e-05	0.00098569
109	0.035071	0.96391	3.3221e-05	0.00098505
110	0.017	0.98198	1.5392e-05	0.0010074
111	0.0097394	0.98923	8.2831e-06	0.0010192
112	0.0079601	0.99101	6.4243e-06	0.0010257
113	0.0080997	0.99086	6.3554e-06	0.0010305
114	0.010487	0.98847	8.2224e-06	0.0010336
115	0.011985	0.98697	9.2263e-06	0.0010374
116	0.016772	0.98218	1.2934e-05	0.0010387
117	0.029184	0.96976	2.2852e-05	0.0010339
118	0.059914	0.93902	4.7892e-05	0.0010141
119	0.14765	0.85128	0.00011895	0.00094822
120	0.3976	0.60133	0.00032021	0.00075212
121	0.3928	0.60613	0.00031297	0.00076445
122	0.40399	0.59492	0.00032118	0.00076127
123	0.44461	0.5543	0.00035316	0.00073426
124	0.47452	0.52438	0.00037718	0.00071537
125	0.47468	0.52423	0.00037954	0.00071065
126	0.48995	0.50896	0.00039942	0.00068854
127	0.45431	0.5446	0.00036872	0.00071713
128	0.44273	0.55619	0.00035977	0.00072409
129	0.44524	0.55368	0.000365	0.000717
130	0.36223	0.63669	0.00029554	0.00078471
131	0.26479	0.73413	0.00021323	0.00086525
132	0.23531	0.76361	0.00018814	0.00088851
133	0.20453	0.7944	0.00016153	0.00091324
134	0.19306	0.80586	0.00015202	0.00092097
135	0.19316	0.80577	0.00015318	0.00091814
136	0.16953	0.8294	0.00013346	0.0009363
137	0.16546	0.83348	0.00013053	0.00093762
138	0.17054	0.8284	0.00013639	0.00093025
139	0.15722	0.84171	0.00012537	0.00093986
140	0.15705	0.84189	0.00012599	0.00093779
141	0.16652	0.83242	0.00013619	0.00092624
142	0.17135	0.82759	0.00014183	0.00091934
143	0.18893	0.81001	0.00016074	0.00089926
144	0.23226	0.76668	0.00020742	0.0008515
145	0.26153	0.73741	0.00023938	0.00081856
146	0.33122	0.66772	0.00031615	0.00074091
147	0.50332	0.49563	0.00050823	0.00054806
148	0.99402	0.00492	0.00105	5.4164e-06
149	0.9942	0.0047478	0.0010493	5.2061e-06
150	0.99709	0.0018609	0.0010517	2.0256e-06
151	0.99603	0.0029155	0.0010498	3.1337e-06
152	0.99051	0.0084339	0.0010433	8.8803e-06
153	0.98513	0.013816	0.0010369	1.4546e-05
154	0.98522	0.013725	0.0010361	1.4484e-05
155	0.97879	0.020159	0.0010286	2.1235e-05
156	0.97886	0.020095	0.0010279	2.1199e-05
157	0.98333	0.015624	0.001032	1.6466e-05
158	0.98743	0.011518	0.0010355	1.2182e-05
159	0.99857	0.00038736	0.0010467	4.151e-07
160	0.99649	0.00246	0.0010441	2.5833e-06
161	0.99669	0.0022605	0.0010438	2.385e-06
162	0.99885	0.00010231	0.0010457	1.0641e-07
163	0.9988	0.00015951	0.0010452	1.6563e-07
164	0.9987	0.00025919	0.0010446	2.7282e-07
165	0.99887	8.4341e-05	0.0010444	8.6828e-08
166	0.99279	0.0061653	0.001038	6.2195e-06
167	0.97275	0.026211	0.0010173	2.6651e-05
168	0.96752	0.031435	0.0010115	3.2021e-05
169	0.96928	0.029679	0.0010128	3.0247e-05
170	0.97721	0.02175	0.0010207	2.2011e-05
171	0.98433	0.014631	0.0010276	1.4698e-05
172	0.98463	0.014332	0.0010274	1.4409e-05
173	0.98002	0.018937	0.001022	1.9214e-05
174	0.97502	0.023937	0.0010161	2.4488e-05
175	0.94849	0.050471	0.00098806	5.1984e-05
176	0.94154	0.057418	0.00098019	5.9268e-05
177	0.94376	0.055202	0.00098168	5.7103e-05
178	0.94404	0.054917	0.0009814	5.6846e-05
179	0.95477	0.04419	0.00099167	4.596e-05
180	0.98163	0.017334	0.0010188	1.8315e-05
181	0.98727	0.011694	0.0010244	1.2439e-05
182	0.99138	0.007584	0.0010285	8.0969e-06
183	0.99457	0.0043944	0.0010319	4.6756e-06
184	0.99496	0.0040049	0.0010322	4.2591e-06
185	0.9957	0.0032657	0.0010327	3.5043e-06
186	0.99626	0.0027032	0.0010332	2.9174e-06
187	0.99501	0.0039523	0.0010317	4.2817e-06
188	0.9958	0.0031638	0.0010325	3.4659e-06
189	0.99642	0.0025482	0.0010333	2.82e-06
190	0.97626	0.022708	0.001012	2.4394e-05
191	0.96882	0.030143	0.0010045	3.2255e-05
192	0.96847	0.030493	0.0010044	3.2706e-05
193	0.95822	0.040745	0.00099407	4.3538e-05
194	0.94643	0.052534	0.00098188	5.6148e-05
195	0.89401	0.10495	0.00092728	0.00011132
196	0.82534	0.17362	0.00085665	0.00018266
197	0.74509	0.25387	0.00077301	0.00026696
198	0.71832	0.28064	0.00074502	0.00029555
199	0.40797	0.59099	0.00041241	0.00062867
200	0.28173	0.71723	0.00027901	0.0007627
201	0.23084	0.76811	0.00022602	0.00081643
202	0.21146	0.78749	0.00020619	0.00083711
203	0.20877	0.79019	0.0002033	0.00084081
204	0.21631	0.78264	0.00021099	0.00083402
205	0.23969	0.75926	0.00023504	0.00081096
206	0.23795	0.761	0.00023363	0.00081346
207	0.24819	0.75077	0.00024479	0.0008035
208	0.25313	0.74582	0.00025068	0.00079891
209	0.27399	0.72496	0.00027373	0.00077725
210	0.34553	0.65342	0.00035057	0.00070177
211	0.51147	0.48748	0.00053092	0.00052288
212	0.9847	0.014245	0.00104	1.5186e-05
213	0.98619	0.012753	0.0010429	1.3618e-05
214	0.50999	0.48895	0.00054496	0.00051303
215	0.31608	0.68286	0.00034505	0.00071455
216	0.23741	0.76153	0.00026526	0.00079605
217	0.20619	0.79275	0.00023444	0.00082871
218	0.19939	0.79955	0.00022841	0.00083652
219	0.20334	0.79559	0.00023436	0.00083246
220	0.22145	0.77748	0.00025725	0.00081159
221	0.28409	0.71484	0.00033326	0.00073753
222	0.42947	0.56946	0.00051168	0.00056118
223	0.53358	0.46535	0.00064216	0.00043288
224	0.53347	0.46545	0.00064582	0.00043136
225	0.53266	0.46626	0.00064856	0.00043067
226	0.42349	0.57543	0.00055145	0.00052999
227	0.31231	0.68658	0.00041233	0.00069747
228	0.26772	0.73114	0.00036012	0.00077876
229	0.21132	0.78751	0.0002881	0.00087966
230	0.19293	0.80588	0.00026671	0.00092976
231	0.1918	0.80697	0.00026832	0.00095665
232	0.16795	0.83079	0.0002377	0.0010165
233	0.15966	0.83905	0.0002293	0.0010547
234	0.16148	0.83721	0.00023517	0.0010793
235	0.17772	0.82093	0.00026007	0.0010847
236	0.21804	0.78058	0.00031835	0.0010575
237	0.31837	0.68023	0.0004622	0.00094536
238	0.24413	0.75443	0.00036186	0.0010782
239	0.22223	0.7763	0.00033576	0.0011366
240	0.21554	0.78296	0.00033246	0.0011728
241	0.20835	0.79012	0.00032759	0.0012104
242	0.21135	0.78708	0.00033896	0.0012325
243	0.23129	0.76711	0.00037719	0.0012275
244	0.29951	0.69886	0.00049305	0.0011447
245	0.4577	0.54063	0.00076312	0.0009084
246	0.84634	0.15196	0.0014405	0.00026571
247	0.85142	0.14684	0.0014799	0.0002622
248	0.87458	0.12365	0.0015513	0.00022627
249	0.93034	0.067842	0.0016861	0.00012813
250	0.94427	0.053877	0.0017455	0.00010476
251	0.93477	0.063347	0.0017601	0.00012578
252	0.93366	0.06442	0.0017921	0.00013058
253	0.94151	0.056528	0.0018413	0.00011777
254	0.92316	0.074848	0.0018381	0.00015848
255	0.91754	0.080423	0.0018621	0.00017333
256	0.91207	0.085859	0.001885	0.00018859
257	0.91418	0.083703	0.0019255	0.00018762
258	0.92548	0.072365	0.0019878	0.00016598
259	0.92373	0.074076	0.0020232	0.00017276
260	0.92916	0.068604	0.0020765	0.00016291
261	0.94581	0.051903	0.002159	0.00012529
262	0.94825	0.049424	0.0022072	0.00012132
263	0.95932	0.038308	0.0022788	9.542e-05
264	0.99745	0.00013284	0.0024189	3.3558e-07
265	0.99643	0.0011071	0.0024608	2.7644e-06
266	0.99672	0.00076583	0.0025075	1.9278e-06
267	0.99742	2.6257e-05	0.0025545	6.8131e-08
268	0.99732	7.906e-05	0.002601	2.0625e-07
269	0.99672	0.00063771	0.0026453	1.7162e-06
270	0.99724	6.9317e-05	0.0026943	1.9055e-07
271	0.99665	0.00060777	0.0027396	1.712e-06
272	0.99624	0.0009713	0.002787	2.7738e-06
273	0.99715	1.0175e-05	0.00284	2.9938e-08
274	0.99703	8.2441e-05	0.0028917	2.4205e-07
275	0.99607	0.00098199	0.0029429	2.8936e-06
276	0.99669	0.00030774	0.0029977	9.4768e-07
277	0.89325	0.1037	0.0027194	0.00033128
278	0.8576	0.13929	0.0026483	0.00045386
279	0.84707	0.14978	0.0026555	0.00049735
280	0.83118	0.16562	0.0026455	0.00055961
281	0.76482	0.23192	0.0024575	0.00079929
282	0.7391	0.25759	0.0024081	0.00090209
283	0.71306	0.28358	0.0023527	0.0010101
284	0.70488	0.2917	0.0023606	0.0010563
285	0.69102	0.30551	0.0023491	0.0011236
286	0.67071	0.32576	0.0023147	0.0012153
287	0.64935	0.34706	0.0022723	0.0013144
288	0.64503	0.35133	0.0022933	0.0013518
289	0.63869	0.35761	0.0023081	0.001397
290	0.64801	0.34823	0.0023808	0.0013838
291	0.6842	0.31197	0.0025559	0.0012675
292	0.63343	0.36269	0.0023871	0.0014946
293	0.61478	0.38128	0.0023476	0.0015941
294	0.6113	0.38469	0.00237	0.0016333
295	0.57274	0.4232	0.0022494	0.0018174
296	0.52834	0.46753	0.0020969	0.0020329
297	0.51131	0.4845	0.002058	0.0021364
298	0.42285	0.57289	0.0017148	0.0025459
299	0.38553	0.61014	0.0015837	0.0027449
300	0.37295	0.62265	0.001557	0.0028413
301	0.32016	0.67538	0.0013497	0.0031178
302	0.30031	0.69515	0.0012846	0.0032538
303	0.29545	0.69994	0.0012858	0.0033252
304	0.30294	0.69238	0.0013451	0.0033404
305	0.33397	0.66127	0.0015172	0.0032422
306	0.40806	0.58711	0.0019101	0.002925
307	0.64598	0.34911	0.0031246	0.0017855
308	0.81336	0.18165	0.0040313	0.0009559
309	0.97666	0.018278	0.0049321	0.00013118
310	0.97432	0.020571	0.0049635	0.00014172
311	0.97629	0.018561	0.0050221	0.00012665
312	0.98569	0.0091187	0.0051286	6.3082e-05
313	0.98727	0.007494	0.0051849	5.1273e-05
314	0.98822	0.0065023	0.0052385	4.364e-05
315	0.99431	0.00035792	0.0053244	2.9004e-06
316	0.93072	0.063915	0.0050117	0.00034973
317	0.90913	0.085472	0.0049235	0.00047163
318	0.90144	0.093129	0.004913	0.0005169
319	0.90198	0.092553	0.0049493	0.00051659
320	0.91403	0.080474	0.0050487	0.00045261
321	0.94668	0.047778	0.0052685	0.00026953
322	0.95551	0.038918	0.005353	0.0002211
323	0.96149	0.032895	0.0054238	0.00018761
324	0.98426	0.010096	0.0055902	5.7971e-05
325	0.98453	0.0097804	0.0056299	5.6241e-05
326	0.98923	0.0050417	0.0056945	2.9021e-05
327	0.99423	1.2282e-05	0.0057602	1.1261e-07
328	0.99163	0.0025992	0.0057551	1.4847e-05
329	0.99155	0.0026725	0.005764	1.5278e-05
330	0.9942	1.076e-05	0.0057884	6.1346e-08
331	0.99274	0.001464	0.0057897	8.3554e-06
332	0.97222	0.021976	0.0056807	0.00012678
333	0.9646	0.029581	0.0056472	0.00017018
334	0.9641	0.030069	0.005654	0.00017304
335	0.97014	0.024027	0.0056984	0.00013817
336	0.99234	0.0018159	0.0058354	1.0425e-05
337	0.98986	0.0042814	0.0058308	2.4692e-05
338	0.99017	0.003969	0.0058421	2.2919e-05
339	0.99406	6.1619e-05	0.0058739	3.6219e-07
340	0.99388	0.00023162	0.0058826	1.3758e-06
341	0.99324	0.00086852	0.005889	5.1045e-06
342	0.99409	1.1141e-06	0.0059041	7.3053e-09
343	0.99311	0.00097254	0.0059081	6.4676e-06
344	0.99254	0.0015334	0.0059141	1.0608e-05
345	0.99349	0.00057805	0.0059303	5.1553e-06
346	0.99253	0.0015241	0.0059314	1.4587e-05
347	0.9915	0.0025538	0.0059228	1.9881e-05
348	0.99254	0.0015224	0.0059277	1.151e-05
349	0.9901	0.0039643	0.0059093	2.6263e-05
350	0.9901	0.0039713	0.0059065	2.5854e-05
351	0.99252	0.0015493	0.0059195	9.959e-06
352	0.98718	0.006891	0.0058846	4.1868e-05
353	0.98658	0.0074954	0.0058776	4.557e-05
354	0.98887	0.0052091	0.0058887	3.1654e-05
355	0.98785	0.0062333	0.0058795	3.7883e-05
356	0.98942	0.0046637	0.0058864	2.8321e-05
357	0.99135	0.0027334	0.0058951	1.6809e-05
358	0.99105	0.0030434	0.0058907	1.868e-05
359	0.99266	0.0014343	0.0058985	8.8441e-06
360	0.99407	2.8299e-05	0.0059054	1.785e-07
361	0.99372	0.00037739	0.0059019	2.3013e-06
362	0.99364	0.00045671	0.0059004	2.7831e-06
363	0.99288	0.001214	0.0058952	7.2947e-06
364	0.99252	0.0015758	0.0058922	9.5387e-06
365	0.99214	0.0019613	0.0058894	1.1858e-05
366	0.99173	0.0023696	0.0058869	1.4227e-05
367	0.99173	0.0023712	0.0058865	1.4281e-05
368	0.99373	0.00036537	0.0058987	2.1885e-06
369	0.99368	0.00041842	0.0058982	2.5131e-06
370	0.99143	0.0026727	0.0058842	1.6218e-05
371	0.99133	0.0027704	0.0058838	1.6803e-05
372	0.99398	0.00011516	0.0058994	1.1052e-06
373	0.9939	0.00021762	0.0058834	1.4853e-06
374	0.9917	0.0024295	0.0058555	1.4496e-05
375	0.98958	0.0045664	0.0058276	2.7156e-05
376	0.98976	0.0043959	0.0058142	2.5977e-05
377	0.99309	0.0010824	0.0058188	6.465e-06
378	0.99379	0.00040235	0.0058085	2.4151e-06
379	0.99383	0.00037395	0.005795	2.2173e-06
380	0.99324	0.00097615	0.0057784	5.6568e-06
381	0.99423	1.1002e-07	0.0057706	6.2738e-10
382	0.99318	0.001063	0.0057506	6.1442e-06
383	0.99235	0.0019044	0.0057316	1.1059e-05
384	0.99315	0.0011202	0.0057227	6.4477e-06
385	0.99419	9.2026e-05	0.0057149	5.3495e-07
386	0.99429	7.393e-06	0.0057022	4.2101e-08
387	0.99431	3.6618e-06	0.0056888	2.2198e-08
388	0.99311	0.0012183	0.0056675	7.544e-06
389	0.99185	0.0024884	0.0056465	1.5403e-05
390	0.99242	0.0019306	0.005637	1.2313e-05
391	0.97587	0.018494	0.0055189	0.00011752
392	0.95891	0.035468	0.0053967	0.00022647
393	0.95265	0.041735	0.0053441	0.00026648
394	0.92608	0.068321	0.0051612	0.00043643
395	0.91657	0.077846	0.0050887	0.00049658
396	0.91709	0.077336	0.0050768	0.00049592
397	0.90301	0.091429	0.0049759	0.00058474
398	0.88696	0.10749	0.0048615	0.000687
399	0.88253	0.11194	0.0048208	0.00071589
400	0.88991	0.10456	0.0048484	0.00067633
401	0.91292	0.081564	0.0049645	0.00054874
402	0.96782	0.026679	0.0052607	0.00024149
403	0.96465	0.029885	0.0052084	0.00025281
404	0.96659	0.027992	0.0051918	0.00022986
405	0.97811	0.016505	0.0052476	0.00013383
406	0.98089	0.013765	0.0052315	0.00010909
407	0.98943	0.0052723	0.0052595	4.1458e-05
408	0.99149	0.0032496	0.0052357	2.5109e-05
409	0.98878	0.0059991	0.005183	3.9244e-05
410	0.98889	0.0059251	0.0051476	3.735e-05
411	0.99167	0.0031796	0.0051292	1.9683e-05
412	0.99481	7.3469e-05	0.0051115	7.0949e-07
413	0.99498	2.675e-05	0.0049954	1.6143e-07
414	0.99214	0.0029771	0.0048686	1.4335e-05
415	0.94876	0.046468	0.0045486	0.00022006
416	0.93612	0.05923	0.0043783	0.00027438
417	0.93506	0.060404	0.0042616	0.0002733
418	0.93173	0.063852	0.004139	0.00028173
419	0.93497	0.06072	0.0040495	0.00026066
420	0.95032	0.045485	0.0040084	0.0001897
421	0.95244	0.043475	0.003908	0.00017653
422	0.96429	0.03174	0.0038435	0.00012588
423	0.995	0.001144	0.0038536	4.6283e-06
424	0.98095	0.015244	0.0037477	5.9699e-05
425	0.97562	0.020626	0.0036788	7.9439e-05
426	0.97502	0.021272	0.00363	8.0654e-05
427	0.97401	0.022326	0.0035814	8.3145e-05
428	0.97845	0.017929	0.0035521	6.5709e-05
429	0.99546	0.00096918	0.0035668	3.6128e-06
430	0.99408	0.0023925	0.0035158	8.7054e-06
431	0.9755	0.02102	0.0034024	7.5668e-05
432	0.96874	0.027831	0.0033346	9.8595e-05
433	0.94488	0.051728	0.0032066	0.00018102
434	0.91166	0.084996	0.0030512	0.00029222
435	0.89942	0.097277	0.0029715	0.00032922
436	0.69787	0.29887	0.0022818	0.00097757
437	0.62777	0.36901	0.0020262	0.0011913
438	0.60502	0.3918	0.0019262	0.0012492
439	0.25564	0.74123	0.00080777	0.0023265
440	0.13306	0.86385	0.00041476	0.0026783
441	0.09496	0.90199	0.0002905	0.002761
442	0.080168	0.91682	0.00024181	0.002769
443	0.077236	0.91979	0.00022943	0.0027406
444	0.082643	0.91443	0.00024139	0.0026876
445	0.076752	0.92036	0.00021985	0.0026678
446	0.078037	0.91912	0.00021983	0.0026275
447	0.08684	0.91035	0.00024105	0.0025667
448	0.069309	0.92791	0.00018929	0.0025889
449	0.063455	0.9338	0.00017129	0.002578
450	0.066186	0.93109	0.00017653	0.0025436
451	0.055315	0.94199	0.00014471	0.0025462
452	0.053602	0.94374	0.00013784	0.0025237
453	0.057268	0.9401	0.00014525	0.0024875
454	0.057947	0.93945	0.0001451	0.0024594
455	0.064891	0.93253	0.00016102	0.0024158
456	0.068901	0.92855	0.00016956	0.0023803
457	0.081805	0.91567	0.00020065	0.0023227
458	0.089941	0.90756	0.00021961	0.0022778
459	0.12035	0.87717	0.00029321	0.0021782
460	0.14989	0.84766	0.00036212	0.002083
461	0.21919	0.77839	0.00052779	0.0018917
462	0.38983	0.60778	0.0009413	0.0014531
463	0.4343	0.56333	0.0010385	0.0013307
464	0.5637	0.43396	0.0013322	0.0010115
465	0.97727	0.020416	0.0022703	4.7591e-05
466	0.97878	0.018925	0.0022494	4.3605e-05
467	0.98719	0.010543	0.0022436	2.417e-05
468	0.99382	0.0039328	0.0022346	8.8952e-06
469	0.99335	0.00443	0.0022088	9.9291e-06
470	0.99522	0.0025893	0.0021891	5.7082e-06
471	0.99747	0.00036187	0.0021697	7.9966e-07
472	0.99749	0.00036588	0.0021462	7.964e-07
473	0.9969	0.00097557	0.0021222	2.0671e-06
474	0.99776	0.00013436	0.0021009	2.8098e-07
475	0.99776	0.00016335	0.0020774	3.4521e-07
476	0.99753	0.00041864	0.0020543	8.7224e-07
477	0.99756	0.0004039	0.0020325	8.215e-07
478	0.99794	5.0001e-05	0.002011	1.0057e-07
479	0.99742	0.00059155	0.0019874	1.1956e-06
480	0.998	3.095e-05	0.0019668	6.2901e-08
481	0.99462	0.0034308	0.0019378	6.9109e-06
482	0.99389	0.004185	0.0019151	8.336e-06
483	0.99525	0.0028513	0.0018971	5.6458e-06
484	0.95701	0.041108	0.0018018	7.9923e-05
485	0.78595	0.21219	0.0014581	0.00040334
486	0.71683	0.28133	0.0013149	0.00052694
487	0.39978	0.59839	0.00072867	0.0010941
488	0.30069	0.69751	0.00054183	0.0012617
489	0.25843	0.73978	0.00046166	0.0013231
490	0.097204	0.90103	0.00017235	0.0015935
491	0.046707	0.95155	8.1341e-05	0.0016655
492	0.026231	0.97204	4.5228e-05	0.001683
493	0.020296	0.97799	3.4491e-05	0.001675
494	0.018619	0.97969	3.1315e-05	0.0016598
495	0.020226	0.9781	3.38e-05	0.0016393
496	0.014828	0.98352	2.4575e-05	0.0016305
497	0.01435	0.98401	2.3499e-05	0.0016134
498	0.018072	0.98031	2.9134e-05	0.0015895
499	0.014685	0.98371	2.3387e-05	0.0015774
500	0.015438	0.98298	2.4234e-05	0.0015585
501	0.019415	0.97902	3.0163e-05	0.001535
502	0.032155	0.9663	4.9245e-05	0.0014982
503	0.068936	0.92953	0.00010356	0.001426
504	0.15928	0.83921	0.00023758	0.0012746
505	0.18161	0.81689	0.00026741	0.0012273
506	0.2352	0.76332	0.00034287	0.0011346
507	0.38913	0.60941	0.00055957	0.00090069
508	0.50604	0.49251	0.00072118	0.00072229
509	0.79376	0.20481	0.0011279	0.00029927
510	0.99618	0.0024091	0.0014078	3.5337e-06
511	0.99548	0.0031209	0.0013916	4.4719e-06
512	0.99707	0.001548	0.0013784	2.2213e-06
513	0.99693	0.0017005	0.0013632	2.4046e-06
514	0.99469	0.0039604	0.0013457	5.4444e-06
515	0.99482	0.0038437	0.001332	5.1869e-06
516	0.9983	0.00037433	0.0013225	4.9118e-07
517	0.99557	0.0031177	0.0013046	4.0305e-06
518	0.99517	0.0035388	0.0012903	4.4806e-06
519	0.99758	0.0011423	0.0012793	1.3541e-06
520	0.98406	0.014673	0.0012501	1.6964e-05
521	0.98019	0.018559	0.0012321	2.1157e-05
522	0.97642	0.02234	0.001214	2.5153e-05
523	0.90885	0.089922	0.0011255	0.00010008
524	0.88603	0.11276	0.0010877	0.00012411
525	0.8781	0.1207	0.0010676	0.00013085
526	0.86584	0.13298	0.0010436	0.00014187
527	0.86413	0.13469	0.001032	0.00014102
528	0.87252	0.12632	0.0010325	0.00012843
529	0.86844	0.13041	0.0010186	0.00013003
530	0.86413	0.13473	0.0010042	0.00013184
531	0.86951	0.12937	0.001001	0.00012305
532	0.8596	0.13928	0.00098726	0.0001379
533	0.85962	0.13925	0.00098577	0.00014068
534	0.87285	0.12603	0.00099711	0.00013056
535	0.8512	0.14767	0.0009681	0.00016094
536	0.84682	0.15205	0.00096133	0.00016901
537	0.85187	0.14699	0.00096561	0.00016617
538	0.85658	0.14229	0.00096934	0.0001638
539	0.87406	0.1248	0.00098626	0.00014839
540	0.91727	0.081598	0.0010285	0.0001078
541	0.94799	0.05087	0.0010595	7.8605e-05
542	0.9331	0.065769	0.0010394	9.4407e-05
543	0.92906	0.069814	0.001032	9.7605e-05
544	0.68278	0.31609	0.00075951	0.00036591
545	0.60614	0.39274	0.0006724	0.00044871
546	0.58096	0.41792	0.00064198	0.00047474
547	0.27606	0.72283	0.00029966	0.0008126
548	0.1519	0.84699	0.00016263	0.00094531
549	0.10153	0.89736	0.00010788	0.00099587
550	0.034636	0.96426	3.6857e-05	0.0010628
551	0.013683	0.98522	1.4425e-05	0.0010812
552	0.007225	0.99168	7.436e-06	0.001084
553	0.0047532	0.99416	4.797e-06	0.0010827
554	0.0041386	0.99478	4.1416e-06	0.0010794
555	0.0054424	0.99348	5.4331e-06	0.0010742
556	0.0055471	0.99338	5.4903e-06	0.0010703
557	0.0074197	0.99151	7.3762e-06	0.0010647
558	0.012673	0.98626	1.2764e-05	0.0010558
559	0.016025	0.98291	1.6215e-05	0.0010488
560	0.025277	0.97366	2.5901e-05	0.0010358
561	0.0484	0.95054	5.0414e-05	0.001008
562	0.10185	0.89709	0.00010768	0.00094761
563	0.27248	0.72647	0.00028799	0.0007641
564	0.75848	0.24047	0.00079497	0.00025389
565	0.75147	0.24748	0.00078482	0.00026072
566	0.75569	0.24326	0.00078681	0.00025558
567	0.78263	0.21633	0.00081196	0.00022718
568	0.76279	0.23618	0.00078885	0.00024722
569	0.76053	0.23843	0.00078393	0.00024899
570	0.77065	0.22832	0.00079216	0.00023778
571	0.38407	0.61491	0.00039825	0.00062888
572	0.26304	0.73593	0.00027345	0.00075081
573	0.22592	0.77305	0.0002344	0.00078694
574	0.09369	0.90529	9.6251e-05	0.00092212
575	0.036328	0.96266	3.7291e-05	0.00097822
576	0.016235	0.98275	1.6477e-05	0.00099613
577	0.0080938	0.9909	8.1861e-06	0.0010016
578	0.0054549	0.99354	5.4606e-06	0.0010015
579	0.0046883	0.99431	4.674e-06	0.00099957
580	0.0033595	0.99564	3.3016e-06	0.00099818
581	0.0032891	0.99571	3.2138e-06	0.0009956
582	0.0044165	0.99459	4.33e-06	0.00099191
583	0.0049865	0.99402	4.8625e-06	0.00098878
584	0.0045631	0.99445	4.4422e-06	0.00098669
585	0.0054281	0.99358	5.3132e-06	0.00098341
586	0.0025134	0.9965	2.4424e-06	0.00098383
587	0.0017899	0.99723	1.708e-06	0.00098208
588	0.0017469	0.99727	1.6507e-06	0.00097975
589	0.0023527	0.99667	2.2249e-06	0.00097687
590	0.0040553	0.99497	3.8674e-06	0.000973
591	0.0098789	0.98915	9.3985e-06	0.00096522
592	0.0049543	0.99407	4.6514e-06	0.00096781
593	0.0028848	0.99614	2.6871e-06	0.0009677
594	0.0021395	0.99689	1.9961e-06	0.00096641
595	0.0021669	0.99687	2.0476e-06	0.00096445
596	0.0033769	0.99566	3.2149e-06	0.00096136
597	0.0077436	0.99129	7.3555e-06	0.00095525
598	0.010217	0.98882	9.7238e-06	0.000951
599	0.016591	0.98245	1.5912e-05	0.00094302
600	0.032584	0.96646	3.1642e-05	0.00092558
601	0.078387	0.92066	7.6165e-05	0.00087932
602	0.20892	0.79012	0.00020159	0.00075213
603	0.62508	0.37397	0.00059622	0.00035568
604	0.63173	0.36732	0.00060114	0.00034889
605	0.66616	0.33289	0.00063163	0.00031645
606	0.74828	0.25077	0.00070713	0.00023913
607	0.77051	0.22854	0.0007261	0.00021826
608	0.7926	0.20646	0.00074452	0.00019787
609	0.85029	0.14877	0.00079617	0.0001444
610	0.86382	0.13524	0.0008067	0.00013198
611	0.89864	0.10042	0.00083717	9.9747e-05
612	0.98579	0.013278	0.00091693	1.8374e-05
613	0.99221	0.0068603	0.00091963	9.2778e-06
614	0.99891	0.00016902	0.00092215	2.3096e-07
615	0.99902	6.3055e-05	0.00091601	7.5424e-08
616	0.99875	0.00034319	0.00090927	3.8199e-07
617	0.99781	0.0012876	0.00090161	1.4724e-06
618	0.99824	0.00086254	0.00089559	1.1721e-06
619	0.96447	0.034647	0.00085053	3.1322e-05
620	0.95144	0.047693	0.00082538	4.2096e-05
621	0.94972	0.04943	0.00080995	4.2895e-05
622	0.34747	0.65169	0.00029337	0.00054536
623	0.13603	0.86315	0.00011301	0.00071147
624	0.061838	0.93735	4.9966e-05	0.0007602
625	0.029694	0.96951	2.3433e-05	0.00077269
626	0.016695	0.98252	1.2979e-05	0.00076941
627	0.012508	0.98672	9.5333e-06	0.00075905
628	0.012111	0.98713	9.028e-06	0.00074568
629	0.014141	0.98512	1.0357e-05	0.00073074
630	0.020098	0.97917	1.4544e-05	0.00071321
631	0.040127	0.95916	2.8509e-05	0.00068583
632	0.089411	0.90989	6.2874e-05	0.00063833
633	0.22992	0.76939	0.0001583	0.00052969
634	0.63015	0.36918	0.0004224	0.00025229
635	0.72017	0.27916	0.00047398	0.00018778
636	0.94231	0.057038	0.00061163	3.7601e-05
637	0.94474	0.054627	0.00060189	3.5234e-05
638	0.9581	0.041275	0.00059881	2.603e-05
639	0.99842	0.00097072	0.00061179	5.9373e-07
640	0.99921	0.00019375	0.00059953	1.177e-07
641	0.99775	0.0016655	0.00058571	1.0064e-06
642	0.99626	0.003169	0.00057237	1.8659e-06
643	0.99725	0.0021854	0.00056025	1.2864e-06
644	0.99638	0.0030705	0.00054747	1.7756e-06
645	0.99746	0.0020021	0.00053623	1.1588e-06
646	0.95548	0.043995	0.00050166	2.4253e-05
647	0.93797	0.061519	0.0004817	3.3094e-05
648	0.93474	0.064759	0.00046933	3.417e-05
649	0.86124	0.13827	0.00042157	7.0983e-05
650	0.83024	0.16928	0.00039714	8.4793e-05
651	0.82348	0.17605	0.00038482	8.633e-05
652	0.78097	0.21857	0.00035616	0.00010453
653	0.76837	0.23118	0.00034196	0.00010814
654	0.76789	0.23167	0.00033381	0.000106
655	0.74228	0.25729	0.00031509	0.00011476
656	0.73728	0.2623	0.00030545	0.00011431
657	0.74367	0.25592	0.00030095	0.00010901
658	0.74648	0.25312	0.0002952	0.00010528
659	0.7677	0.23191	0.00029653	9.4338e-05
660	0.82013	0.17949	0.00031008	7.1452e-05
661	0.8333	0.16633	0.00030733	6.4715e-05
662	0.87013	0.1295	0.00031357	4.931e-05
663	0.95679	0.042855	0.00033801	1.5979e-05
664	0.95429	0.045364	0.000329	1.6396e-05
665	0.95901	0.040658	0.00032238	1.4304e-05
666	0.97658	0.023096	0.00031985	7.9797e-06
667	0.97959	0.020096	0.00031251	6.757e-06
668	0.98197	0.017715	0.00030519	5.7764e-06
669	0.99218	0.0075183	0.00030015	2.3976e-06
670	0.99964	6.5967e-05	0.00029438	1.3839e-08
671	0.99907	0.00063535	0.00029392	1.8533e-07
672	0.99963	7.7111e-05	0.00029388	2.246e-08
673	0.99686	0.0028435	0.00029295	8.2102e-07
674	0.99674	0.0029639	0.00029273	8.554e-07
675	0.99944	0.00026486	0.00029328	7.7426e-08
676	0.99877	0.00093629	0.00029293	2.7408e-07
677	0.9985	0.0012027	0.00029265	3.552e-07
678	0.9997	4.9514e-06	0.00029288	1.454e-09
679	0.99962	8.7898e-05	0.00029268	2.6264e-08
680	0.99856	0.001143	0.00029227	3.3779e-07
681	0.99886	0.00085187	0.00029233	2.4978e-07
682	0.99844	0.0012669	0.00029212	3.7212e-07
683	0.99804	0.0016656	0.000292	4.8536e-07
684	0.99969	1.3478e-05	0.00029242	4.0834e-09
685	0.99718	0.0025316	0.00029168	7.6073e-07
686	0.9969	0.0028042	0.00029169	8.4234e-07
687	0.99864	0.0010663	0.00029237	3.2085e-07
688	0.99883	0.00087405	0.00029268	2.5847e-07
689	0.99815	0.0015522	0.00029268	4.5498e-07
690	0.99936	0.00034235	0.00029319	1.0241e-07
691	0.99967	3.3021e-05	0.0002935	1.1537e-08
692	0.99927	0.0004362	0.00029364	1.6141e-07
693	0.99769	0.0020129	0.00029341	7.5646e-07
694	0.99125	0.0084588	0.00029144	3.1658e-06
695	0.99031	0.0093914	0.00029138	3.6198e-06
696	0.9923	0.007409	0.00029236	3.1095e-06
697	0.98547	0.014235	0.00028983	6.0549e-06
698	0.98444	0.015261	0.00028954	6.7151e-06
699	0.98369	0.016015	0.00028926	7.3307e-06
700	0.98229	0.017415	0.00028617	7.4401e-06
701	0.98565	0.014057	0.00028475	5.8283e-06
702	0.99928	0.00043636	0.00028729	1.7904e-07
703	0.99852	0.001197	0.00028411	3.7974e-07
704	0.99932	0.00040245	0.00028132	1.2332e-07
705	0.99958	0.00013868	0.00027828	4.1944e-08
706	0.99717	0.0025541	0.0002746	7.2387e-07
707	0.99687	0.0028612	0.00027163	8.0139e-07
708	0.99844	0.0012869	0.00026929	3.5749e-07
709	0.99694	0.0027972	0.00026604	7.6628e-07
710	0.99728	0.0024538	0.00026339	6.6563e-07
711	0.99974	2.5674e-06	0.00026142	6.8864e-10
712	0.98692	0.012824	0.0002553	3.3774e-06
713	0.97265	0.027093	0.00024876	7.1004e-06
714	0.96794	0.031805	0.00024493	8.2392e-06
715	0.89801	0.10174	0.0002243	2.6114e-05
716	0.87033	0.12942	0.00021499	3.2779e-05
717	0.86299	0.13676	0.00021079	3.4284e-05
718	0.85556	0.1442	0.00020651	3.5809e-05
719	0.85761	0.14215	0.00020469	3.4958e-05
720	0.87172	0.12804	0.0002059	3.1198e-05
721	0.78808	0.21168	0.00018421	5.0425e-05
722	0.75996	0.23981	0.00017567	5.6461e-05
723	0.75518	0.24459	0.00017257	5.6995e-05
724	0.72435	0.27542	0.00016336	6.3592e-05
725	0.7147	0.28507	0.00015932	6.5117e-05
726	0.71792	0.28186	0.00015831	6.3691e-05
727	0.74348	0.2563	0.00016212	5.7404e-05
728	0.80563	0.19415	0.00017397	4.3158e-05
729	0.95033	0.049453	0.00020391	1.0904e-05
730	0.94927	0.050514	0.0002016	1.0986e-05
731	0.95624	0.043549	0.00020095	9.3631e-06
732	0.97502	0.024774	0.00020291	5.212e-06
733	0.97917	0.020627	0.00020161	4.2715e-06
734	0.97767	0.022131	0.00019907	4.5203e-06
735	0.98066	0.019135	0.00019755	3.8393e-06
736	0.97764	0.022156	0.00019476	4.3786e-06
737	0.82854	0.17126	0.00016341	3.3427e-05
738	0.76838	0.23143	0.00015014	4.4478e-05
739	0.55144	0.44837	0.00010723	8.5122e-05
740	0.48409	0.51572	9.3179e-05	9.6864e-05
741	0.46525	0.53456	8.8451e-05	9.9244e-05
742	0.43697	0.56284	8.2173e-05	0.00010324
743	0.43146	0.56836	8.0132e-05	0.00010297
744	0.44422	0.5556	8.1359e-05	9.9387e-05
745	0.43749	0.56233	7.8995e-05	9.9357e-05
746	0.44431	0.55551	7.9138e-05	9.6893e-05
747	0.47057	0.52926	8.2724e-05	9.1056e-05
748	0.47253	0.5273	8.1956e-05	8.9534e-05
749	0.49732	0.50251	8.4946e-05	8.4213e-05
750	0.56229	0.43755	9.463e-05	7.2273e-05
751	0.77172	0.22812	0.00012732	3.7287e-05
752	0.81812	0.18172	0.00013314	2.9243e-05
753	0.96851	0.031325	0.0001551	5.0212e-06
754	0.96929	0.030547	0.0001531	4.8285e-06
755	0.97754	0.022304	0.00015221	3.4894e-06
756	0.99823	0.0016209	0.00015329	2.4861e-07
757	0.99816	0.0016911	0.00015104	2.5756e-07
758	0.99972	0.00012611	0.00014912	1.9169e-08
759	0.99984	9.2452e-06	0.00014706	1.392e-09
760	0.99979	6.295e-05	0.00014505	9.2477e-09
761	0.99977	8.9155e-05	0.00014313	1.2731e-08
762	0.9992	0.00066087	0.00014107	9.405e-08
763	0.9975	0.0023567	0.0001388	3.3466e-07
764	0.99763	0.002237	0.00013687	3.1377e-07
765	0.9998	6.7363e-05	0.0001353	9.4448e-09
766	0.99906	0.00080308	0.00013341	1.0769e-07
767	0.99861	0.0012559	0.00013151	1.6746e-07
768	0.99951	0.00035542	0.00012986	4.7155e-08
769	0.99969	0.00017937	0.00012817	2.3284e-08
770	0.9989	0.00097097	0.00012633	1.2456e-07
771	0.9982	0.0016725	0.00012456	2.1008e-07
772	0.99788	0.0020007	0.0001228	2.4915e-07
773	0.99918	0.00069389	0.00012131	8.5492e-08
774	0.99948	0.00039949	0.00011964	4.9824e-08
775	0.99781	0.0020708	0.00011781	2.532e-07
776	0.99583	0.0040544	0.000116	4.8633e-07
777	0.99616	0.0037273	0.00011454	4.4085e-07
778	0.99447	0.0054133	0.00011279	6.3191e-07
779	0.99513	0.0047581	0.00011138	5.4907e-07
780	0.99861	0.0012769	0.00011035	1.4658e-07
781	0.99571	0.004177	0.00010866	4.6018e-07
782	0.99311	0.006787	0.00010697	7.3862e-07
783	0.99323	0.0066602	0.00010563	7.1372e-07
784	0.99341	0.0064849	0.00010426	6.8671e-07
785	0.99641	0.0034833	0.00010324	3.6191e-07
786	0.99979	0.0001126	0.00010221	1.1923e-08
787	0.99891	0.00099151	0.00010085	1.0036e-07
788	0.99844	0.0014643	9.9494e-05	1.4737e-07
789	0.99948	0.00042571	9.8346e-05	4.2212e-08
790	0.99657	0.0033368	9.6771e-05	3.2723e-07
791	0.99645	0.0034492	9.5435e-05	3.3634e-07
792	0.99844	0.001464	9.4353e-05	1.4366e-07
793	0.99712	0.0027888	9.2914e-05	2.7246e-07
794	0.99761	0.0022986	9.17e-05	2.2524e-07
795	0.99611	0.0037956	9.0349e-05	3.6553e-07
796	0.97111	0.028797	8.6871e-05	2.6818e-06
797	0.96102	0.038892	8.4872e-05	3.5638e-06
798	0.95876	0.041156	8.3651e-05	3.7185e-06
799	0.96429	0.035626	8.3074e-05	3.1922e-06
800	0.96783	0.032089	8.2363e-05	2.8443e-06
801	0.97994	0.019975	8.2445e-05	1.7519e-06
802	0.98934	0.010576	8.2325e-05	9.0793e-07
803	0.98737	0.012547	8.1182e-05	1.0545e-06
804	0.98987	0.010051	8.037e-05	8.3392e-07
805	0.98075	0.019171	7.8667e-05	1.5474e-06
806	0.97893	0.020993	7.7521e-05	1.6715e-06
807	0.98117	0.018749	7.6743e-05	1.4688e-06
808	0.9823	0.01762	7.5918e-05	1.3536e-06
809	0.97805	0.021869	7.4651e-05	1.6499e-06
810	0.97969	0.020231	7.3792e-05	1.5023e-06
811	0.98968	0.010247	7.3505e-05	7.4669e-07
812	0.99934	0.00059042	7.313e-05	4.3403e-08
813	0.99914	0.00078379	7.2079e-05	5.7362e-08
814	0.99424	0.0056853	7.0653e-05	4.1533e-07
815	0.99344	0.0064902	6.9496e-05	4.7105e-07
816	0.99532	0.0046156	6.8577e-05	3.356e-07
817	0.9902	0.0097274	6.7211e-05	6.9113e-07
818	0.98904	0.010894	6.617e-05	7.6198e-07
819	0.99096	0.0089775	6.538e-05	6.2059e-07
820	0.98876	0.011172	6.4356e-05	7.5412e-07
821	0.99041	0.0095278	6.3554e-05	6.3561e-07
822	0.99678	0.0031556	6.31e-05	2.0954e-07
823	0.99634	0.0036013	6.2161e-05	2.3576e-07
824	0.99562	0.0043216	6.1243e-05	2.7772e-07
825	0.99716	0.0027759	6.0507e-05	1.7659e-07
826	0.99307	0.0068657	5.9465e-05	4.1945e-07
827	0.99281	0.007131	5.8626e-05	4.3009e-07
828	0.9955	0.0044421	5.8002e-05	2.641e-07
829	0.99547	0.0044751	5.7185e-05	2.6262e-07
830	0.99557	0.0043779	5.6344e-05	2.5499e-07
831	0.99825	0.0016906	5.5689e-05	9.9926e-08
832	0.97987	0.020078	5.378e-05	1.1697e-06
833	0.97314	0.026802	5.2611e-05	1.5359e-06
834	0.97229	0.027654	5.1816e-05	1.5634e-06
835	0.97048	0.029469	5.1008e-05	1.639e-06
836	0.95964	0.040306	4.9685e-05	2.1995e-06
837	0.95703	0.042922	4.8849e-05	2.3059e-06
838	0.90243	0.097519	4.5279e-05	5.1197e-06
839	0.87965	0.1203	4.3468e-05	6.2039e-06
840	0.87433	0.12563	4.2531e-05	6.3875e-06
841	0.84402	0.15594	4.0321e-05	7.8181e-06
842	0.80085	0.1991	3.7574e-05	9.8134e-06
843	0.74027	0.25969	3.4113e-05	1.2549e-05
844	0.71542	0.28454	3.245e-05	1.3512e-05
845	0.70886	0.29109	3.1687e-05	1.3602e-05
846	0.71495	0.285	3.1532e-05	1.3109e-05
847	0.74699	0.25296	3.2508e-05	1.1461e-05
848	0.85308	0.14688	3.6651e-05	6.6192e-06
849	0.92816	0.071797	3.9369e-05	3.2276e-06
850	0.93113	0.068831	3.8907e-05	3.0454e-06
851	0.9465	0.053461	3.894e-05	2.3437e-06
852	0.98626	0.013697	4.0023e-05	6.1923e-07
853	0.9838	0.01616	3.9316e-05	7.1392e-07
854	0.98525	0.014715	3.8803e-05	6.4268e-07
855	0.99184	0.0081164	3.8529e-05	3.5891e-07
856	0.98319	0.016773	3.7656e-05	7.0234e-07
857	0.94371	0.056252	3.5609e-05	2.2425e-06
858	0.765	0.23496	2.8315e-05	9.0511e-06
859	0.51952	0.48044	1.8816e-05	1.8087e-05
860	0.44312	0.55684	1.5717e-05	2.0701e-05
861	0.41337	0.58659	1.4431e-05	2.1519e-05
862	0.40882	0.59114	1.4053e-05	2.141e-05
863	0.4178	0.58216	1.4166e-05	2.0825e-05
864	0.44806	0.55191	1.5021e-05	1.9515e-05
865	0.54922	0.45074	1.8202e-05	1.5859e-05
866	0.78346	0.2165	2.5801e-05	7.7994e-06
867	0.79966	0.20031	2.5942e-05	7.1744e-06
868	0.70886	0.29111	2.2423e-05	1.0231e-05
869	0.58	0.41997	1.7751e-05	1.4457e-05
870	0.52491	0.47506	1.5683e-05	1.6092e-05
871	0.44751	0.55246	1.2976e-05	1.838e-05
872	0.42202	0.57795	1.1956e-05	1.8965e-05
873	0.41954	0.58042	1.1655e-05	1.881e-05
874	0.41651	0.58346	1.1323e-05	1.8668e-05
875	0.42621	0.57376	1.1371e-05	1.8159e-05
876	0.45793	0.54205	1.2025e-05	1.7058e-05
877	0.43799	0.56198	1.1221e-05	1.7428e-05
878	0.43696	0.56302	1.0961e-05	1.7237e-05
879	0.44923	0.55074	1.1069e-05	1.669e-05
880	0.43716	0.56282	1.0522e-05	1.6809e-05
881	0.43835	0.56162	1.0352e-05	1.6561e-05
882	0.4371	0.56287	1.0103e-05	1.6376e-05
883	0.43388	0.56609	1.0291e-05	1.7795e-05
884	0.42519	0.57479	1.0081e-05	1.8034e-05
885	0.42913	0.57084	1.0223e-05	1.793e-05
886	0.40533	0.59465	9.6247e-06	1.8574e-05
887	0.39875	0.60122	9.4909e-06	1.8762e-05
888	0.40551	0.59446	9.7301e-06	1.8587e-05
889	0.4064	0.59357	9.8141e-06	1.8575e-05
890	0.4022	0.59777	9.7662e-06	1.8704e-05
891	0.39287	0.6071	9.587e-06	1.8972e-05
892	0.37844	0.62153	9.2806e-06	1.9377e-05
893	0.37763	0.62234	9.3448e-06	1.9419e-05
894	0.38982	0.61015	9.793e-06	1.9087e-05
895	0.39957	0.6004	1.0156e-05	1.8823e-05
896	0.34235	0.65762	8.7245e-06	2.0362e-05
897	0.32065	0.67932	8.2258e-06	2.0978e-05
898	0.23928	0.76069	6.1275e-06	2.3177e-05
899	0.20693	0.79304	5.3215e-06	2.4093e-05
900	0.19807	0.8019	5.1205e-06	2.4388e-05
901	0.20205	0.79792	5.2668e-06	2.4322e-05
902	0.20173	0.79824	5.2971e-06	2.4379e-05
903	0.21311	0.78686	5.6748e-06	2.4096e-05
904	0.21954	0.78043	5.916e-06	2.3959e-05
905	0.24667	0.7533	6.7725e-06	2.3191e-05
906	0.33676	0.66321	9.5143e-06	2.0522e-05
907	0.40147	0.5985	1.1534e-05	1.8585e-05
908	0.55196	0.44801	1.6267e-05	1.3943e-05
909	0.98137	0.018596	2.9587e-05	6.9736e-07
910	0.96334	0.036627	2.9307e-05	1.2675e-06
911	0.95834	0.041633	2.9407e-05	1.4363e-06
912	0.95908	0.040889	2.971e-05	1.4187e-06
913	0.95866	0.041307	2.9995e-05	1.4378e-06
914	0.96407	0.035894	3.0496e-05	1.2586e-06
915	0.97932	0.020648	3.1365e-05	7.2787e-07
916	0.93927	0.060694	3.0367e-05	2.0387e-06
917	0.92385	0.076116	3.0181e-05	2.5573e-06
918	0.92105	0.078913	3.0378e-05	2.6713e-06
919	0.92753	0.072438	3.0862e-05	2.4765e-06
920	0.93169	0.068278	3.1295e-05	2.3533e-06
921	0.95189	0.048081	3.2254e-05	1.6798e-06
922	0.95438	0.045584	3.2631e-05	1.6052e-06
923	0.96457	0.035395	3.3305e-05	1.2534e-06
924	0.99982	0.00014804	3.4848e-05	6.7862e-09
925	0.9952	0.0047684	3.465e-05	1.7141e-07
926	0.99032	0.0096477	3.4419e-05	3.4717e-07
927	0.99025	0.0097158	3.4335e-05	3.5223e-07
928	0.93258	0.067385	3.2196e-05	2.432e-06
929	0.85229	0.14767	2.9299e-05	5.2859e-06
930	0.82828	0.17169	2.8375e-05	6.144e-06
931	0.74496	0.255	2.5274e-05	9.1578e-06
932	0.7099	0.29007	2.3959e-05	1.0399e-05
933	0.69714	0.30282	2.3461e-05	1.0837e-05
934	0.68169	0.31828	2.2847e-05	1.1373e-05
935	0.68002	0.31994	2.2735e-05	1.1419e-05
936	0.69203	0.30793	2.3113e-05	1.0991e-05
937	0.68226	0.31771	2.276e-05	1.1309e-05
938	0.68482	0.31515	2.2847e-05	1.1201e-05
939	0.70297	0.29699	2.3502e-05	1.054e-05
940	0.7676	0.23236	2.5759e-05	8.2557e-06
941	0.91807	0.081897	3.1108e-05	2.8942e-06
942	0.96147	0.038498	3.2601e-05	1.3657e-06
943	0.96114	0.038831	3.2534e-05	1.3749e-06
944	0.9665	0.033463	3.2682e-05	1.1842e-06
945	0.98255	0.017414	3.3228e-05	6.1411e-07
946	0.98083	0.019136	3.317e-05	6.6738e-07
