#coord	neutral	conserved	gBGC.neutral	gBGC.conserved
1	0.96671	0.032906	0.00036866	1.31e-05
2	0.98832	0.011314	0.00035637	4.3082e-06
3	0.99299	0.0066689	0.00033923	2.3515e-06
4	0.99729	0.0023872	0.00032086	7.6849e-07
5	0.99833	0.0013742	0.00030036	4.0563e-07
6	0.99972	3.1445e-06	0.00027884	8.9464e-10
7	0.99974	5.708e-06	0.00025881	1.4313e-09
8	0.9997	6.5765e-05	0.00023742	1.6378e-08
9	0.99972	6.6549e-05	0.00021804	1.5275e-08
10	0.99976	3.5789e-05	0.00020033	7.6756e-09
11	0.99962	0.00019443	0.00018424	3.7566e-08
12	0.9998	2.8352e-05	0.00016971	5.1194e-09
13	0.99982	2.2474e-05	0.0001564	3.739e-09
14	0.99975	0.00010748	0.00014423	1.6548e-08
15	0.99961	0.00025662	0.00013318	3.6201e-08
16	0.99977	0.00010483	0.00012322	1.3808e-08
17	0.99985	3.607e-05	0.0001141	4.4311e-09
18	0.99972	0.00017561	0.00010582	1.9389e-08
19	0.99989	1.0439e-05	9.8287e-05	1.0453e-09
20	0.99933	0.00057937	9.0282e-05	5.4677e-08
21	0.99985	6.2957e-05	8.3125e-05	5.6471e-09
22	0.99984	7.8852e-05	7.6539e-05	6.4152e-09
23	0.99983	0.00010124	7.0518e-05	7.5616e-09
24	0.99976	0.0001763	6.5061e-05	1.1817e-08
25	0.99941	0.00053347	6.0234e-05	3.0513e-08
26	0.99922	0.00072428	5.5838e-05	3.447e-08
27	0.99943	0.0005147	5.118e-05	1.7271e-08
28	0.99916	0.00078844	5.1701e-05	3.5208e-08
29	0.99908	0.00086942	5.241e-05	4.0951e-08
30	0.9993	0.00064207	5.2995e-05	3.1127e-08
31	0.99992	2.3069e-05	5.3447e-05	1.2277e-09
32	0.99924	0.00070373	5.4065e-05	3.818e-08
33	0.99899	0.00095965	5.4661e-05	5.2729e-08
34	0.99915	0.0007911	5.5235e-05	4.4079e-08
35	0.99975	0.00019792	5.5788e-05	1.1521e-08
36	0.99993	1.0163e-05	5.6505e-05	6.3353e-10
37	0.99994	6.6077e-08	5.7547e-05	2.5168e-12
38	0.99907	0.00086429	6.4857e-05	5.8161e-08
39	0.9983	0.0016224	7.2909e-05	1.197e-07
40	0.99928	0.00063763	8.0706e-05	5.4542e-08
41	0.99923	0.00068027	8.9147e-05	6.4696e-08
42	0.99939	0.00051173	9.8474e-05	5.3079e-08
43	0.99976	0.00012892	0.00010878	1.2907e-08
44	0.99776	0.0021188	0.00011981	2.1261e-07
45	0.99551	0.0043575	0.00013194	4.5893e-07
46	0.99569	0.0041621	0.00014561	4.3081e-07
47	0.99618	0.0035973	0.00022702	7.113e-07
48	0.9994	0.00028393	0.00031767	8.5304e-08
49	0.99954	3.9361e-05	0.00041697	1.564e-08
50	0.99949	6.5343e-07	0.00051224	4.9566e-10
51	0.99919	0.00016309	0.00064626	1.7089e-07
52	0.99931	4.0273e-06	0.00068995	3.4628e-09
53	0.99829	0.00097498	0.00073689	6.874e-07
54	0.99885	0.00036449	0.00078269	2.6475e-07
55	0.99895	0.00023185	0.00082267	1.8677e-07
56	0.99874	0.00039084	0.00086658	3.2546e-07
57	0.99896	0.00013123	0.00090874	1.1176e-07
58	0.99856	0.00048944	0.00094835	4.4953e-07
59	0.99859	0.00042702	0.00098642	4.1887e-07
60	0.99883	0.00014286	0.0010284	1.3163e-07
61	0.99674	0.0021909	0.0010663	2.1111e-06
62	0.98878	0.010116	0.0010935	1.0524e-05
63	0.98081	0.018055	0.0011181	1.9751e-05
64	0.97879	0.02003	0.0011527	2.2464e-05
65	0.98104	0.017742	0.0011964	2.0044e-05
66	0.99099	0.0077579	0.0012482	7.787e-06
67	0.9935	0.0052081	0.001289	4.6085e-06
68	0.9961	0.002367	0.0015333	2.8057e-06
69	0.99812	8.279e-05	0.0018011	1.2048e-07
70	0.99715	0.00079639	0.0020519	1.6479e-06
71	0.99732	0.00035032	0.0023286	7.8553e-07
72	0.99716	0.00024486	0.0025921	5.9144e-07
73	0.9925	0.0046608	0.0028233	1.293e-05
74	0.99183	0.005106	0.0030531	1.5508e-05
75	0.99446	0.0022533	0.0032826	7.8352e-06
76	0.99243	0.0040299	0.0035204	1.5201e-05
77	0.99296	0.0032696	0.0037572	1.376e-05
78	0.99326	0.0027159	0.0040158	1.2678e-05
79	0.98642	0.0092634	0.0042675	4.4767e-05
80	0.98489	0.01052	0.0045301	5.4913e-05
81	0.98636	0.0087566	0.0048332	4.9936e-05
82	0.97889	0.015944	0.0050706	9.7103e-05
83	0.97688	0.017634	0.0053671	0.00011415
84	0.97888	0.015295	0.0057202	0.00010664
85	0.84402	0.14978	0.0051912	0.0010164
86	0.7972	0.19622	0.0051566	0.0014183
87	0.7796	0.21342	0.0053435	0.001633
88	0.75942	0.23321	0.0054776	0.001887
89	0.7568	0.23546	0.0057266	0.0020134
90	0.77095	0.22095	0.0060928	0.0020086
91	0.81095	0.18055	0.0067161	0.0017797
92	0.7768	0.21426	0.0067337	0.0022042
93	0.732	0.25858	0.0066581	0.0027627
94	0.57896	0.41116	0.0053261	0.0045598
95	0.36602	0.62359	0.0032529	0.0071333
96	0.29975	0.68937	0.0026139	0.0082602
97	0.21238	0.77622	0.0016902	0.0097057
98	0.17741	0.81063	0.0013495	0.010603
99	0.16874	0.81876	0.0012855	0.011213
100	0.15539	0.832	0.0012029	0.011411
101	0.15629	0.83099	0.0012486	0.011478
102	0.17281	0.81435	0.0014689	0.011369
103	0.087322	0.89972	0.00067484	0.012282
104	0.057553	0.92937	0.00038774	0.012686
105	0.0478	0.93901	0.00028927	0.012899
106	0.032869	0.95393	0.00019703	0.013003
107	0.029183	0.95761	0.00017885	0.013032
108	0.029538	0.95724	0.00019567	0.013029
109	0.034641	0.95212	0.00026651	0.012973
110	0.016791	0.96995	0.00012572	0.013131
111	0.009619	0.97711	7.1885e-05	0.013204
112	0.0078614	0.97884	6.0137e-05	0.013234
113	0.007999	0.97869	6.6463e-05	0.013249
114	0.010357	0.9763	9.8849e-05	0.01324
115	0.011836	0.9748	0.00011887	0.013242
116	0.016562	0.97005	0.00018042	0.013205
117	0.028818	0.95777	0.00034451	0.013069
118	0.059163	0.92739	0.00076712	0.012676
119	0.14579	0.84073	0.0019414	0.011531
120	0.39259	0.59391	0.0052012	0.0082993
121	0.38784	0.59863	0.00515	0.0083818
122	0.39888	0.58755	0.005307	0.0082551
123	0.43898	0.54743	0.0058384	0.0077528
124	0.4685	0.51788	0.0062531	0.0073708
125	0.46863	0.51771	0.0062775	0.0073827
126	0.48369	0.50261	0.0065255	0.007175
127	0.44847	0.53779	0.0060735	0.0076659
128	0.43701	0.54921	0.0059529	0.0078294
129	0.43946	0.54671	0.0060334	0.0077961
130	0.35747	0.62864	0.0050959	0.0087869
131	0.26125	0.72482	0.0039476	0.0099869
132	0.23213	0.75388	0.0036012	0.010383
133	0.20166	0.7839	0.0030832	0.011355
134	0.19027	0.79481	0.0029272	0.011992
135	0.19028	0.79429	0.0029766	0.012456
136	0.16691	0.81712	0.0026208	0.013358
137	0.16282	0.82067	0.0025904	0.013925
138	0.16773	0.81519	0.0027227	0.014361
139	0.15455	0.82777	0.0025459	0.015144
140	0.15429	0.82742	0.0025915	0.015694
141	0.16351	0.81758	0.0028178	0.016098
142	0.16815	0.81227	0.0029877	0.016597
143	0.18528	0.79443	0.003419	0.016874
144	0.22761	0.75135	0.0044106	0.016635
145	0.25609	0.72207	0.005214	0.016631
146	0.32405	0.65325	0.007036	0.015659
147	0.49195	0.48444	0.01162	0.011988
148	0.9707	0.0048047	0.024365	0.00013198
149	0.96989	0.0046318	0.025345	0.0001317
150	0.97163	0.0018135	0.026504	5.28e-05
151	0.96957	0.0028382	0.02751	8.402e-05
152	0.96306	0.0082009	0.028497	0.00024145
153	0.95675	0.013419	0.029418	0.0004123
154	0.95581	0.013316	0.030445	0.0004283
155	0.94844	0.019535	0.031372	0.00065047
156	0.94743	0.019451	0.032445	0.0006753
157	0.95058	0.015104	0.033776	0.00054341
158	0.95341	0.011121	0.035053	0.00041918
159	0.96289	0.00037353	0.036718	1.5153e-05
160	0.95951	0.0023688	0.038026	9.4504e-05
161	0.95837	0.0021736	0.039362	9.1247e-05
162	0.95899	9.8235e-05	0.040907	4.1382e-06
163	0.95755	0.00015296	0.042295	6.7205e-06
164	0.95612	0.00024824	0.043618	1.194e-05
165	0.95484	8.081e-05	0.045078	4.4761e-06
166	0.94738	0.0058966	0.046406	0.0003167
167	0.92669	0.025022	0.046862	0.0014271
168	0.92026	0.029956	0.047997	0.0017889
169	0.92055	0.028237	0.04943	0.0017858
170	0.92656	0.020665	0.051337	0.0014409
171	0.93184	0.013883	0.053152	0.0011276
172	0.93046	0.013569	0.054786	0.0011837
173	0.92453	0.017883	0.055943	0.0016414
174	0.91832	0.022547	0.056953	0.0021839
175	0.89285	0.047516	0.055903	0.0037354
176	0.88586	0.054027	0.055951	0.0041663
177	0.88751	0.051916	0.056549	0.0040266
178	0.8873	0.05162	0.057073	0.0040025
179	0.89693	0.041515	0.058273	0.0032808
180	0.92165	0.016276	0.06072	0.0013563
181	0.92638	0.010974	0.061712	0.00093579
182	0.92961	0.0071126	0.062658	0.00061509
183	0.93192	0.0041188	0.063608	0.00035431
184	0.93163	0.0037513	0.064302	0.00031851
185	0.93169	0.003057	0.064984	0.00026462
186	0.93154	0.0025289	0.065714	0.00022166
187	0.92971	0.0036948	0.066276	0.00031962
188	0.92973	0.0029558	0.067052	0.00026582
189	0.92951	0.002379	0.067885	0.00022243
190	0.90982	0.021179	0.067258	0.0017457
191	0.90193	0.028082	0.067675	0.0023162
192	0.90068	0.028378	0.068555	0.002386
193	0.89014	0.037875	0.068796	0.0031908
194	0.87823	0.048778	0.068828	0.0041644
195	0.82858	0.097324	0.06586	0.0082399
196	0.76389	0.16079	0.061812	0.013502
197	0.6887	0.23481	0.056509	0.019978
198	0.66314	0.25924	0.055153	0.022469
199	0.37605	0.54524	0.029445	0.04927
200	0.25929	0.66082	0.019387	0.060504
201	0.21216	0.7067	0.015566	0.065583
202	0.19407	0.72344	0.014294	0.068197
203	0.19136	0.72483	0.014258	0.069552
204	0.19801	0.71678	0.015069	0.070141
205	0.21908	0.69422	0.017229	0.069468
206	0.21714	0.69458	0.017458	0.070819
207	0.22608	0.68395	0.018781	0.071183
208	0.23014	0.6781	0.019748	0.072012
209	0.24857	0.65775	0.02236	0.071321
210	0.31283	0.59161	0.029925	0.065632
211	0.46204	0.4404	0.047935	0.049626
212	0.88761	0.012875	0.097856	0.001655
213	0.88737	0.011508	0.099559	0.001559
214	0.45683	0.44018	0.045566	0.057415
215	0.28179	0.61322	0.024197	0.080793
216	0.21081	0.68206	0.015832	0.091306
217	0.18255	0.70802	0.012695	0.096733
218	0.17619	0.71214	0.011995	0.09968
219	0.17937	0.70656	0.012334	0.10173
220	0.195	0.68839	0.01384	0.10277
221	0.24975	0.63115	0.018474	0.10063
222	0.37688	0.50137	0.029592	0.092162
223	0.46732	0.40811	0.038405	0.086168
224	0.4668	0.40762	0.038794	0.086781
225	0.4657	0.40775	0.038996	0.087554
226	0.37013	0.50308	0.030802	0.095987
227	0.27287	0.60011	0.022092	0.10493
228	0.23384	0.63889	0.018806	0.10846
229	0.18451	0.68795	0.014757	0.11278
230	0.16839	0.7038	0.013495	0.11431
231	0.16737	0.70457	0.013685	0.11438
232	0.14652	0.72518	0.0117	0.1166
233	0.13925	0.73219	0.011125	0.11744
234	0.14079	0.73037	0.01155	0.11729
235	0.15492	0.71597	0.013516	0.11559
236	0.19002	0.68059	0.018436	0.11096
237	0.27738	0.59293	0.031096	0.098603
238	0.21261	0.65737	0.023103	0.10692
239	0.19346	0.67619	0.020701	0.10965
240	0.18758	0.68173	0.020072	0.11062
241	0.18126	0.68771	0.019315	0.11171
242	0.18381	0.68481	0.01977	0.11161
243	0.20109	0.66718	0.022129	0.1096
244	0.26033	0.6076	0.029812	0.10226
245	0.3977	0.46986	0.048288	0.084148
246	0.73515	0.13203	0.095602	0.037228
247	0.73951	0.12757	0.09687	0.036056
248	0.75957	0.10742	0.10139	0.031622
249	0.80794	0.058939	0.11248	0.02064
250	0.81998	0.046803	0.11522	0.017993
251	0.81165	0.05502	0.11334	0.019985
252	0.81061	0.055941	0.1132	0.020257
253	0.81735	0.049078	0.11468	0.018893
254	0.80146	0.06499	0.11221	0.021345
255	0.79662	0.069837	0.1117	0.021846
256	0.7919	0.074564	0.11114	0.022393
257	0.79377	0.072698	0.11196	0.02157
258	0.80361	0.062854	0.11482	0.018714
259	0.80211	0.064344	0.11497	0.018578
260	0.80683	0.059593	0.11659	0.01698
261	0.82131	0.045088	0.12098	0.012626
262	0.82344	0.042936	0.12183	0.011799
263	0.83306	0.033281	0.12465	0.0090029
264	0.8662	0.00011541	0.13364	3.6749e-05
265	0.86537	0.00096157	0.1335	0.00016695
266	0.86568	0.00066517	0.13355	0.00010971
267	0.86633	2.2807e-05	0.13364	3.8647e-06
268	0.86628	6.8673e-05	0.13364	1.0924e-05
269	0.86581	0.00055396	0.13355	9.189e-05
270	0.8663	6.0218e-05	0.13363	1.3784e-05
271	0.86583	0.000528	0.13351	0.00013647
272	0.86566	0.00084403	0.13333	0.00017401
273	0.86662	8.8442e-06	0.13337	3.2821e-06
274	0.86699	7.169e-05	0.13292	1.8534e-05
275	0.86755	0.00085533	0.13146	0.00013564
276	0.86953	0.00026849	0.13015	4.6098e-05
277	0.78043	0.090601	0.11461	0.014352
278	0.75043	0.12188	0.10843	0.019252
279	0.74239	0.13125	0.10573	0.020634
280	0.72952	0.14534	0.10248	0.022657
281	0.67229	0.20383	0.092107	0.031769
282	0.65057	0.22671	0.08777	0.034948
283	0.62855	0.24994	0.083281	0.038234
284	0.62215	0.25744	0.081376	0.039028
285	0.61065	0.26997	0.078916	0.040461
286	0.59336	0.28821	0.075851	0.042577
287	0.57513	0.30743	0.072566	0.044877
288	0.5719	0.31156	0.07151	0.045028
289	0.5669	0.3175	0.070146	0.045458
290	0.57583	0.30953	0.070543	0.044099
291	0.60872	0.27763	0.073785	0.039864
292	0.56424	0.32314	0.066441	0.046185
293	0.54823	0.34008	0.063486	0.048197
294	0.5457	0.34349	0.062485	0.048325
295	0.51175	0.37825	0.057618	0.052387
296	0.47254	0.41828	0.05198	0.057196
297	0.45771	0.43388	0.049679	0.058727
298	0.37884	0.51347	0.039889	0.067799
299	0.34567	0.54731	0.035816	0.071201
300	0.33463	0.55898	0.034407	0.071986
301	0.28746	0.60678	0.028882	0.076871
302	0.26983	0.62502	0.026824	0.078333
303	0.26563	0.62978	0.026302	0.078294
304	0.27252	0.62341	0.027096	0.076977
305	0.30064	0.59582	0.030321	0.073219
306	0.36761	0.52935	0.038428	0.064611
307	0.5825	0.31498	0.063731	0.038794
308	0.73395	0.164	0.081965	0.020083
309	0.88194	0.016513	0.09899	0.0025621
310	0.8803	0.018593	0.098233	0.0028696
311	0.88252	0.016786	0.098044	0.0026509
312	0.89148	0.008251	0.098642	0.0016285
313	0.89424	0.0067975	0.097687	0.0012767
314	0.89632	0.0059103	0.096734	0.0010348
315	0.90316	0.00032604	0.096458	5.9532e-05
316	0.84649	0.058132	0.089008	0.0063696
317	0.82797	0.077841	0.085715	0.0084764
318	0.82198	0.08492	0.083984	0.0091208
319	0.8234	0.084496	0.083162	0.0089454
320	0.83537	0.073556	0.083353	0.0077195
321	0.86615	0.043721	0.085639	0.0044914
322	0.8752	0.035654	0.08552	0.0036252
323	0.88159	0.030168	0.085233	0.0030097
324	0.90343	0.0092696	0.086384	0.0009146
325	0.90458	0.0089887	0.085571	0.00086426
326	0.90982	0.0046384	0.085104	0.00043347
327	0.91539	1.1311e-05	0.084594	1.643e-06
328	0.91582	0.0024005	0.081575	0.00020382
329	0.91868	0.002476	0.078645	0.00020165
330	0.92421	1.0001e-05	0.075774	8.2991e-07
331	0.92567	0.0013651	0.072859	0.00011007
332	0.909	0.020547	0.068937	0.0015199
333	0.9041	0.027728	0.066228	0.001948
334	0.90594	0.028258	0.063903	0.0019
335	0.91403	0.022638	0.061885	0.0014503
336	0.93753	0.0017154	0.060647	0.00010441
337	0.93756	0.0040549	0.058152	0.00023752
338	0.9403	0.0037687	0.05572	0.00021035
339	0.94659	5.8661e-05	0.053351	3.0462e-06
340	0.94913	0.00022117	0.050641	1.1839e-05
341	0.95098	0.00083158	0.048143	4.1e-05
342	0.9544	1.0696e-06	0.045597	5.2086e-08
343	0.95581	0.000936	0.043215	4.2174e-05
344	0.95771	0.0014795	0.040742	6.4387e-05
345	0.96086	0.00055907	0.03856	2.2743e-05
346	0.96225	0.0014776	0.036212	5.6974e-05
347	0.96337	0.0024814	0.034065	8.8162e-05
348	0.96657	0.0014826	0.0319	5.0026e-05
349	0.96647	0.0038696	0.029532	0.00012495
350	0.96854	0.0038849	0.02746	0.00011684
351	0.97279	0.0015188	0.025648	4.1979e-05
352	0.96965	0.0067688	0.023405	0.00017139
353	0.97126	0.0073788	0.02119	0.00017332
354	0.97551	0.0051387	0.019242	0.00011338
355	0.97625	0.0061608	0.01747	0.00012196
356	0.97939	0.0046176	0.015911	8.2394e-05
357	0.98297	0.0027111	0.014273	4.4756e-05
358	0.98418	0.0030233	0.012754	4.407e-05
359	0.98716	0.0014269	0.01139	1.8753e-05
360	0.98983	2.8193e-05	0.010137	3.4665e-07
361	0.99065	0.00037624	0.0089725	3.6443e-06
362	0.99162	0.0004558	0.0079188	3.8714e-06
363	0.99182	0.0012127	0.0069585	8.6679e-06
364	0.99246	0.0015757	0.0059563	9.8517e-06
365	0.99299	0.001963	0.0050406	1.0328e-05
366	0.99341	0.0023737	0.0042039	1.0112e-05
367	0.99429	0.0023774	0.0033293	8.0152e-06
368	0.99709	0.00036662	0.0025415	6.3895e-07
369	0.99717	0.00041989	0.0024089	8.5906e-07
370	0.99505	0.0026824	0.0022649	6.0734e-06
371	0.99507	0.0027808	0.0021392	5.873e-06
372	0.99787	0.00011561	0.0020129	2.4172e-07
373	0.99789	0.00021849	0.0018932	4.2997e-07
374	0.99578	0.0024395	0.00178	4.3473e-06
375	0.99374	0.0045856	0.0016628	7.7723e-06
376	0.99402	0.0044148	0.0015596	6.953e-06
377	0.99745	0.0010872	0.0014565	1.6562e-06
378	0.99824	0.00040415	0.0013585	5.8814e-07
379	0.99836	0.00037565	0.001268	4.9916e-07
380	0.99783	0.00098067	0.0011845	1.1507e-06
381	0.9989	1.1054e-07	0.0010988	1.2474e-10
382	0.99791	0.001068	0.001019	1.083e-06
383	0.99715	0.0019136	0.00093625	1.823e-06
384	0.99801	0.0011256	0.00086272	9.6591e-07
385	0.99912	9.2482e-05	0.0007861	6.9563e-08
386	0.99929	7.4302e-06	0.00070287	4.9527e-09
387	0.99938	3.6805e-06	0.00061348	2.3569e-09
388	0.9982	0.0012245	0.00057349	7.8219e-07
389	0.99696	0.0025012	0.00053724	1.4861e-06
390	0.99755	0.0019406	0.00050541	1.1016e-06
391	0.98093	0.01859	0.0004681	9.2171e-06
392	0.9639	0.035653	0.00042986	1.6804e-05
393	0.95763	0.041953	0.00040012	1.8503e-05
394	0.93093	0.068679	0.00036101	2.8382e-05
395	0.92138	0.078255	0.00033276	3.0053e-05
396	0.92192	0.077744	0.00030735	2.7786e-05
397	0.90778	0.091911	0.00027973	3.0234e-05
398	0.89166	0.10806	0.00025109	3.2666e-05
399	0.88721	0.11253	0.00022856	3.1134e-05
400	0.89465	0.10512	0.00020794	2.6568e-05
401	0.91779	0.081999	0.00019261	1.8953e-05
402	0.97299	0.026822	0.00018477	5.734e-06
403	0.96978	0.030044	0.00016571	5.6793e-06
404	0.97171	0.02814	0.00014932	4.6905e-06
405	0.98327	0.016592	0.00013339	2.3822e-06
406	0.98605	0.013837	0.00011491	1.6903e-06
407	0.9946	0.0052995	9.8565e-05	4.8331e-07
408	0.99665	0.0032663	8.0524e-05	1.9425e-07
409	0.99389	0.0060298	7.7734e-05	4.2432e-07
410	0.99397	0.0059553	7.5486e-05	4.1821e-07
411	0.99673	0.0031957	7.3692e-05	2.1608e-07
412	0.99985	7.3836e-05	7.1704e-05	5.0523e-09
413	0.9999	2.6882e-05	6.9759e-05	1.8348e-09
414	0.99694	0.0029915	6.788e-05	1.9229e-07
415	0.95325	0.046688	6.3222e-05	2.9912e-06
416	0.94043	0.059503	6.044e-05	3.7235e-06
417	0.93926	0.060676	5.8231e-05	3.6908e-06
418	0.93581	0.064132	5.6134e-05	3.7794e-06
419	0.93896	0.06098	5.4661e-05	3.4635e-06
420	0.95427	0.045674	5.3684e-05	2.4881e-06
421	0.95629	0.043651	5.176e-05	2.2931e-06
422	0.96808	0.031865	5.0137e-05	1.627e-06
423	0.9988	0.0011483	4.9666e-05	5.9928e-08
424	0.98465	0.015302	4.7194e-05	7.4975e-07
425	0.97925	0.020703	4.5387e-05	9.6834e-07
426	0.97861	0.02135	4.3995e-05	9.5337e-07
427	0.97755	0.022408	4.2434e-05	9.5793e-07
428	0.98197	0.017993	4.0949e-05	7.357e-07
429	0.99899	0.00097261	3.976e-05	4.8501e-08
430	0.99757	0.0024009	3.2896e-05	6.8044e-08
431	0.97887	0.021093	3.1692e-05	7.2695e-07
432	0.97204	0.027926	3.1055e-05	9.4818e-07
433	0.94807	0.051903	2.9703e-05	1.7546e-06
434	0.91469	0.085279	2.8204e-05	2.8178e-06
435	0.90237	0.097596	2.7538e-05	3.1662e-06
436	0.70014	0.29983	2.1367e-05	9.1194e-06
437	0.62978	0.37019	1.9027e-05	1.1141e-05
438	0.60693	0.39304	1.8053e-05	1.1697e-05
439	0.25644	0.74354	7.7023e-06	2.1724e-05
440	0.13347	0.8665	3.9828e-06	2.5038e-05
441	0.095248	0.90472	2.771e-06	2.5766e-05
442	0.080408	0.91956	2.313e-06	2.5797e-05
443	0.077464	0.92251	2.1833e-06	2.5427e-05
444	0.082884	0.91709	2.2685e-06	2.477e-05
445	0.076972	0.923	2.0268e-06	2.4364e-05
446	0.078257	0.92172	2.0012e-06	2.3797e-05
447	0.087082	0.91289	2.1789e-06	2.3072e-05
448	0.069501	0.93047	1.6719e-06	2.2956e-05
449	0.063628	0.93635	1.4923e-06	2.2564e-05
450	0.066364	0.93361	1.5051e-06	2.1905e-05
451	0.055463	0.94451	1.2233e-06	2.1591e-05
452	0.053744	0.94623	1.1439e-06	2.1005e-05
453	0.057418	0.94256	1.1909e-06	2.0332e-05
454	0.058097	0.94188	1.1818e-06	1.9753e-05
455	0.065057	0.93492	1.3137e-06	1.9069e-05
456	0.069075	0.9309	1.391e-06	1.8481e-05
457	0.08201	0.91797	1.6739e-06	1.7721e-05
458	0.090165	0.90982	1.8622e-06	1.7095e-05
459	0.12065	0.87933	2.5218e-06	1.5927e-05
460	0.15026	0.84972	3.0995e-06	1.4766e-05
461	0.21972	0.78027	4.5476e-06	1.2771e-05
462	0.39076	0.60923	8.2704e-06	8.5468e-06
463	0.43532	0.56466	1.0255e-05	9.565e-06
464	0.56501	0.43496	1.4139e-05	8.5568e-06
465	0.97951	0.020463	2.4943e-05	4.7723e-07
466	0.981	0.018968	2.791e-05	5.0239e-07
467	0.9894	0.010567	3.0906e-05	3.1885e-07
468	0.99602	0.0039415	3.4188e-05	1.3428e-07
469	0.99552	0.0044396	3.7042e-05	1.7e-07
470	0.99736	0.0025949	4.029e-05	1.1157e-07
471	0.99959	0.00036264	4.3347e-05	2.8004e-08
472	0.99959	0.00036665	4.4282e-05	3.0334e-08
473	0.99898	0.00097761	4.2715e-05	5.1018e-08
474	0.99982	0.00013464	4.1064e-05	6.4324e-09
475	0.9998	0.00016369	3.9213e-05	7.0381e-09
476	0.99954	0.00041948	3.754e-05	1.6479e-08
477	0.99956	0.00040471	3.607e-05	1.4595e-08
478	0.99992	5.01e-05	3.4468e-05	1.6749e-09
479	0.99937	0.00059271	3.2471e-05	1.9998e-08
480	0.99994	3.101e-05	3.0715e-05	9.9944e-10
481	0.99653	0.0034374	2.8688e-05	1.0469e-07
482	0.99578	0.0041929	2.6924e-05	1.192e-07
483	0.99712	0.0028567	2.5379e-05	7.5108e-08
484	0.95879	0.041184	2.2723e-05	9.8816e-07
485	0.7874	0.21258	1.7544e-05	4.5921e-06
486	0.71814	0.28184	1.5107e-05	5.5928e-06
487	0.40051	0.59947	8.7475e-06	1.0624e-05
488	0.30123	0.69875	6.5824e-06	1.136e-05
489	0.25889	0.74109	5.6102e-06	1.0979e-05
490	0.097374	0.90261	2.2896e-06	1.6001e-05
491	0.046788	0.95319	1.1465e-06	1.8761e-05
492	0.026276	0.9737	6.8691e-07	2.0918e-05
493	0.020331	0.97965	5.5321e-07	2.2668e-05
494	0.01865	0.98133	5.3272e-07	2.4377e-05
495	0.020259	0.97971	6.0951e-07	2.6075e-05
496	0.014852	0.98512	4.7309e-07	2.7909e-05
497	0.014373	0.9856	4.7368e-07	2.9523e-05
498	0.018101	0.98187	6.0155e-07	3.0928e-05
499	0.014708	0.98526	5.0845e-07	3.2631e-05
500	0.015462	0.9845	5.4724e-07	3.412e-05
501	0.019445	0.98052	7.1208e-07	3.5563e-05
502	0.032204	0.96776	1.1992e-06	3.6605e-05
503	0.069038	0.93092	2.5812e-06	3.6673e-05
504	0.15951	0.84045	6.2474e-06	3.4556e-05
505	0.18188	0.81808	7.3427e-06	3.4921e-05
506	0.23554	0.76441	9.9042e-06	3.3921e-05
507	0.38968	0.61027	1.6826e-05	2.8466e-05
508	0.50675	0.4932	2.2834e-05	2.4064e-05
509	0.79485	0.2051	3.8067e-05	1.0598e-05
510	0.99754	0.0024124	5.0482e-05	1.3574e-07
511	0.99682	0.0031251	5.2641e-05	1.7722e-07
512	0.9984	0.0015501	5.4753e-05	9.5214e-08
513	0.99824	0.0017028	5.7002e-05	1.0832e-07
514	0.99597	0.0039655	5.9372e-05	2.5168e-07
515	0.99609	0.0038486	6.2187e-05	2.5105e-07
516	0.99956	0.0003748	6.5005e-05	3.0884e-08
517	0.99681	0.0031216	6.7695e-05	2.576e-07
518	0.99639	0.0035431	7.0867e-05	3.1181e-07
519	0.99878	0.0011437	7.4016e-05	1.5338e-07
520	0.98524	0.014691	7.2513e-05	1.2645e-06
521	0.98135	0.018581	7.1638e-05	1.5943e-06
522	0.97756	0.022366	7.0586e-05	1.9299e-06
523	0.9099	0.090026	6.4385e-05	7.6064e-06
524	0.88704	0.11289	6.1772e-05	9.5469e-06
525	0.87909	0.12084	6.0633e-05	1.0193e-05
526	0.8668	0.13313	5.9348e-05	1.1158e-05
527	0.86509	0.13484	5.9071e-05	1.1287e-05
528	0.87347	0.12646	5.976e-05	1.0638e-05
529	0.86938	0.13055	5.9326e-05	1.0959e-05
530	0.86505	0.13488	5.8697e-05	1.1317e-05
531	0.87042	0.12951	5.9001e-05	1.0932e-05
532	0.86051	0.13942	5.8415e-05	1.1676e-05
533	0.86053	0.1394	5.8751e-05	1.1668e-05
534	0.87377	0.12616	5.9939e-05	1.0666e-05
535	0.8521	0.14783	5.8711e-05	1.2273e-05
536	0.84772	0.15221	5.8588e-05	1.2635e-05
537	0.85278	0.14715	5.9364e-05	1.2269e-05
538	0.85749	0.14244	5.9939e-05	1.1947e-05
539	0.87499	0.12494	6.1712e-05	1.0602e-05
540	0.91824	0.081685	6.5846e-05	7.0729e-06
541	0.949	0.050925	6.9256e-05	4.4545e-06
542	0.93409	0.065838	6.9145e-05	5.5539e-06
543	0.93004	0.069887	7.006e-05	5.8532e-06
544	0.6835	0.31642	5.5371e-05	2.5069e-05
545	0.60677	0.39315	5.1926e-05	3.2803e-05
546	0.58156	0.41835	5.2135e-05	3.6687e-05
547	0.27634	0.72357	2.4828e-05	6.7878e-05
548	0.15206	0.84785	1.3881e-05	8.3001e-05
549	0.10164	0.89826	9.6195e-06	9.1726e-05
550	0.03467	0.96522	3.5006e-06	0.0001026
551	0.013697	0.98619	1.4249e-06	0.0001093
552	0.007232	0.99265	7.3949e-07	0.00011447
553	0.0047578	0.99512	4.8431e-07	0.00011949
554	0.0041426	0.99573	4.3259e-07	0.00012461
555	0.0054476	0.99442	5.8627e-07	0.00012938
556	0.0055523	0.99431	6.1104e-07	0.00013456
557	0.0074266	0.99243	8.6606e-07	0.00013984
558	0.012685	0.98717	1.6055e-06	0.00014497
559	0.01604	0.98381	2.1657e-06	0.00015064
560	0.0253	0.97454	3.7217e-06	0.00015571
561	0.048443	0.95139	7.841e-06	0.00015862
562	0.10194	0.89789	1.8084e-05	0.00015581
563	0.27272	0.7271	5.0591e-05	0.00013054
564	0.75914	0.24067	0.00014391	4.4235e-05
565	0.75211	0.24769	0.00014758	4.7275e-05
566	0.75633	0.24347	0.00015402	4.8146e-05
567	0.78328	0.21651	0.00016479	4.4323e-05
568	0.76341	0.23637	0.00016672	5.0058e-05
569	0.76115	0.23863	0.00017182	5.2268e-05
570	0.77126	0.22851	0.00018053	5.1617e-05
571	0.38437	0.61539	9.5946e-05	0.0001439
572	0.26325	0.7365	6.8698e-05	0.00017856
573	0.2261	0.77365	6.0777e-05	0.00019364
574	0.093761	0.90598	2.5323e-05	0.00023602
575	0.036355	0.96338	1.0131e-05	0.00025858
576	0.016247	0.98348	4.5184e-06	0.00027139
577	0.0080996	0.99162	2.2981e-06	0.00028128
578	0.0054588	0.99425	1.5449e-06	0.00028955
579	0.0046916	0.99501	1.3503e-06	0.0002977
580	0.0033618	0.99633	9.4665e-07	0.00030587
581	0.0032913	0.99639	9.3236e-07	0.00031416
582	0.0044195	0.99526	1.3001e-06	0.0003226
583	0.0049898	0.99468	1.4792e-06	0.00033103
584	0.0045661	0.99509	1.368e-06	0.00034031
585	0.0054316	0.99422	1.6917e-06	0.00034969
586	0.0025149	0.99712	8.0381e-07	0.00036102
587	0.001791	0.99784	5.7208e-07	0.00037149
588	0.0017479	0.99787	5.7465e-07	0.0003823
589	0.002354	0.99725	8.2059e-07	0.00039349
590	0.0040576	0.99554	1.523e-06	0.00040488
591	0.0098844	0.9897	3.842e-06	0.00041441
592	0.004957	0.99461	1.9287e-06	0.00042891
593	0.0028863	0.99667	1.1441e-06	0.00044299
594	0.0021406	0.9974	8.8996e-07	0.0004573
595	0.002168	0.99736	9.753e-07	0.00047206
596	0.0033786	0.99613	1.6096e-06	0.00048602
597	0.0077472	0.99175	3.7903e-06	0.00049815
598	0.010222	0.98926	5.2154e-06	0.00051185
599	0.016598	0.98287	8.9787e-06	0.00052406
600	0.032597	0.96685	1.8951e-05	0.00053106
601	0.078417	0.92102	4.7227e-05	0.00051946
602	0.209	0.79042	0.00012755	0.0004555
603	0.6253	0.3741	0.00038159	0.00021739
604	0.63195	0.36744	0.00039504	0.00021923
605	0.66637	0.333	0.00042458	0.00020434
606	0.74851	0.25085	0.00048724	0.00015761
607	0.77073	0.22861	0.00051244	0.00014762
608	0.79281	0.20652	0.00053707	0.00013749
609	0.85051	0.1488	0.00058807	0.00010249
610	0.86402	0.13527	0.00060976	9.6099e-05
611	0.89884	0.10044	0.0006487	7.3931e-05
612	0.98598	0.01328	0.00073094	1.0243e-05
613	0.99238	0.0068614	0.00075641	5.3384e-06
614	0.99905	0.00016904	0.00078112	1.4004e-07
615	0.99913	6.3062e-05	0.00080267	5.2576e-08
616	0.99883	0.00034322	0.0008218	3.1251e-07
617	0.99787	0.0012877	0.00084247	1.1806e-06
618	0.99827	0.00086256	0.00086648	8.3202e-07
619	0.96446	0.034646	0.00086115	3.2147e-05
620	0.95139	0.04769	0.00087691	4.5095e-05
621	0.94963	0.049426	0.00090113	4.8205e-05
622	0.34742	0.6516	0.00034651	0.00063301
623	0.136	0.86299	0.00013999	0.00086897
624	0.061824	0.93714	6.3487e-05	0.00097436
625	0.029686	0.96925	3.0819e-05	0.0010376
626	0.01669	0.98221	1.7973e-05	0.0010829
627	0.012504	0.98636	1.3771e-05	0.001119
628	0.012106	0.98673	1.355e-05	0.0011507
629	0.014134	0.98467	1.6314e-05	0.0011812
630	0.020088	0.97868	2.4304e-05	0.0012083
631	0.040105	0.95863	4.9918e-05	0.0012172
632	0.089357	0.90934	0.00011717	0.0011866
633	0.22977	0.76889	0.00030773	0.001032
634	0.6297	0.36892	0.00084848	0.00052652
635	0.71963	0.27895	0.00099997	0.00041314
636	0.94155	0.056992	0.0013674	8.7324e-05
637	0.94392	0.05458	0.0014151	8.5517e-05
638	0.95722	0.041237	0.0014785	6.6187e-05
639	0.99744	0.00096978	0.0015843	2.7112e-06
640	0.99821	0.00019356	0.001599	5.5909e-07
641	0.99672	0.0016639	0.001608	3.4397e-06
642	0.99521	0.0031658	0.0016185	6.4048e-06
643	0.99618	0.0021831	0.0016325	5.0209e-06
644	0.99528	0.0030672	0.0016445	7.3042e-06
645	0.99633	0.0019999	0.0016621	5.7209e-06
646	0.95437	0.043945	0.0015695	0.00011626
647	0.93685	0.061447	0.0015424	0.0001632
648	0.93359	0.064681	0.0015481	0.00017629
649	0.86017	0.1381	0.0014145	0.00031569
650	0.82919	0.16907	0.0013637	0.00037333
651	0.82243	0.17583	0.0013559	0.00038737
652	0.77996	0.21829	0.0012834	0.00046717
653	0.76736	0.23088	0.0012644	0.00049308
654	0.76687	0.23136	0.0012698	0.00049563
655	0.74127	0.25695	0.0012311	0.00054358
656	0.73627	0.26195	0.0012283	0.0005551
657	0.74264	0.25556	0.0012488	0.00054453
658	0.74543	0.25276	0.0012646	0.00054009
659	0.7666	0.23158	0.0013154	0.00050001
660	0.81895	0.17923	0.0014346	0.00039293
661	0.83207	0.16609	0.0014708	0.00036805
662	0.86884	0.12931	0.0015601	0.0002917
663	0.95534	0.04279	0.0017651	0.00010113
664	0.95282	0.045294	0.0017768	0.00010578
665	0.95751	0.040595	0.0018024	9.5657e-05
666	0.97503	0.023059	0.0018546	5.8098e-05
667	0.97801	0.020063	0.0018775	5.1623e-05
668	0.98037	0.017686	0.0018972	4.6996e-05
669	0.99054	0.0075059	0.0019325	2.588e-05
670	0.99798	6.5858e-05	0.0019554	2.1715e-07
671	0.99741	0.00063429	0.0019499	1.3436e-06
672	0.99797	7.6984e-05	0.0019481	1.4658e-07
673	0.99522	0.0028388	0.0019387	5.2711e-06
674	0.9951	0.002959	0.0019336	5.4849e-06
675	0.9978	0.00026443	0.001933	5.1661e-07
676	0.99714	0.00093476	0.0019277	1.8058e-06
677	0.99687	0.0012008	0.0019225	2.3724e-06
678	0.99807	4.9434e-06	0.0019216	9.5711e-09
679	0.99799	8.7755e-05	0.0019174	1.7883e-07
680	0.99694	0.0011411	0.0019125	2.2513e-06
681	0.99724	0.00085048	0.0019115	1.6406e-06
682	0.99682	0.0012649	0.0019084	2.4502e-06
683	0.99643	0.0016629	0.0019066	3.1487e-06
684	0.99808	1.3457e-05	0.0019079	2.8793e-08
685	0.99557	0.0025275	0.0019021	5.2831e-06
686	0.99529	0.0027997	0.0019022	5.8628e-06
687	0.99703	0.0010646	0.0019077	2.3101e-06
688	0.99721	0.00087264	0.0019114	1.8718e-06
689	0.99653	0.0015497	0.0019126	3.3095e-06
690	0.99774	0.00034179	0.0019168	1.0897e-06
691	0.99806	3.2968e-05	0.0019024	1.4246e-07
692	0.99772	0.00043552	0.0018485	8.8768e-07
693	0.99619	0.0020099	0.0017976	3.6841e-06
694	0.9898	0.0084465	0.0017433	1.4391e-05
695	0.98891	0.0093781	0.0016964	1.558e-05
696	0.99093	0.0073988	0.0016586	1.1694e-05
697	0.98416	0.014216	0.0016049	2.1889e-05
698	0.98318	0.015241	0.0015585	2.2839e-05
699	0.98247	0.015995	0.0015102	2.3439e-05
700	0.98111	0.017395	0.0014658	2.4697e-05
701	0.98451	0.014041	0.0014262	1.9266e-05
702	0.99817	0.00043587	0.0013974	7.9478e-07
703	0.9975	0.0011958	0.0013007	1.6571e-06
704	0.9984	0.00040209	0.0012021	5.0241e-07
705	0.99876	0.00013857	0.0010978	1.683e-07
706	0.99645	0.0025523	0.00099961	2.7273e-06
707	0.99623	0.0028593	0.00091209	2.7818e-06
708	0.99788	0.0012862	0.00083378	1.1252e-06
709	0.99646	0.0027959	0.00074203	2.2094e-06
710	0.99689	0.0024528	0.00065959	1.7335e-06
711	0.99941	2.5666e-06	0.0005855	1.579e-09
712	0.98666	0.012821	0.00051376	6.0459e-06
713	0.97246	0.027088	0.00044025	1.1117e-05
714	0.96781	0.031801	0.00037832	1.09e-05
715	0.89795	0.10173	0.00029612	2.8395e-05
716	0.87032	0.12942	0.00023764	2.7925e-05
717	0.86303	0.13677	0.00018341	2.0955e-05
718	0.8556	0.14421	0.00017293	2.1973e-05
719	0.85765	0.14216	0.00016517	2.1079e-05
720	0.87177	0.12805	0.00016005	1.8358e-05
721	0.78813	0.21169	0.00013901	3.227e-05
722	0.76001	0.23982	0.00012804	3.5774e-05
723	0.75524	0.24461	0.00012085	3.5106e-05
724	0.72441	0.27544	0.00010912	3.8575e-05
725	0.71476	0.2851	0.00010189	3.8261e-05
726	0.71798	0.28189	9.7168e-05	3.6097e-05
727	0.74355	0.25632	9.4685e-05	3.1346e-05
728	0.80571	0.19417	9.6611e-05	2.2764e-05
729	0.95043	0.049457	0.00010766	5.6045e-06
730	0.94937	0.050519	0.00010227	5.4304e-06
731	0.95634	0.043553	9.7387e-05	4.444e-06
732	0.97513	0.024777	9.4126e-05	2.3523e-06
733	0.97928	0.020629	8.8993e-05	1.8382e-06
734	0.97778	0.022134	8.3025e-05	1.8556e-06
735	0.98078	0.019137	7.8004e-05	1.4905e-06
736	0.97777	0.022159	7.3034e-05	1.5903e-06
737	0.82864	0.17129	5.8149e-05	1.1298e-05
738	0.76848	0.23146	5.0755e-05	1.3972e-05
739	0.55151	0.44843	3.4878e-05	2.486e-05
740	0.48416	0.51579	2.8463e-05	2.6056e-05
741	0.46531	0.53464	2.4848e-05	2.4229e-05
742	0.43703	0.56292	2.1311e-05	2.2677e-05
743	0.43152	0.56844	1.877e-05	1.9942e-05
744	0.44429	0.55568	1.6758e-05	1.6467e-05
745	0.43756	0.56241	1.3902e-05	1.3615e-05
746	0.44438	0.55559	1.1689e-05	1.0509e-05
747	0.47064	0.52934	1.0031e-05	7.2038e-06
748	0.47261	0.52738	9.8649e-06	7.214e-06
749	0.4974	0.50258	9.9794e-06	6.8559e-06
750	0.56237	0.43761	1.0717e-05	5.9291e-06
751	0.77183	0.22815	1.3274e-05	3.0932e-06
752	0.81824	0.18174	1.372e-05	2.4337e-06
753	0.96865	0.03133	1.5414e-05	4.2729e-07
754	0.96943	0.030552	1.5177e-05	4.1683e-07
755	0.97768	0.022307	1.4945e-05	3.0437e-07
756	0.99836	0.0016212	1.4945e-05	2.3228e-08
757	0.99829	0.0016913	1.4733e-05	2.4797e-08
758	0.99986	0.00012612	1.4606e-05	1.8995e-09
759	0.99998	9.2464e-06	1.4516e-05	1.4231e-10
760	0.99992	6.2959e-05	1.4491e-05	9.4828e-10
761	0.9999	8.9167e-05	1.4524e-05	1.304e-09
762	0.99932	0.00066095	1.4471e-05	9.7995e-09
763	0.99763	0.002357	1.43e-05	3.5814e-08
764	0.99775	0.0022372	1.4215e-05	3.3963e-08
765	0.99992	6.7371e-05	1.4226e-05	1.0843e-09
766	0.99918	0.00080317	1.4305e-05	1.1649e-08
767	0.99873	0.0012561	1.4294e-05	1.8639e-08
768	0.99963	0.00035547	1.436e-05	5.4137e-09
769	0.99981	0.00017939	1.4474e-05	2.6742e-09
770	0.99901	0.00097107	1.4478e-05	1.4568e-08
771	0.99831	0.0016727	1.4552e-05	2.4635e-08
772	0.99798	0.0020009	1.4529e-05	2.9834e-08
773	0.99929	0.00069396	1.4588e-05	1.0202e-08
774	0.99959	0.00039953	1.4539e-05	5.9677e-09
775	0.99791	0.002071	1.4302e-05	3.2215e-08
776	0.99593	0.0040548	1.4119e-05	6.1908e-08
777	0.99626	0.0037277	1.4039e-05	5.6391e-08
778	0.99457	0.0054139	1.3827e-05	8.1233e-08
779	0.99523	0.0047586	1.3706e-05	7.1097e-08
780	0.99871	0.0012771	1.3682e-05	1.9355e-08
781	0.99581	0.0041774	1.3631e-05	5.8578e-08
782	0.9932	0.0067876	1.3484e-05	9.4774e-08
783	0.99333	0.0066608	1.343e-05	9.1798e-08
784	0.9935	0.0064855	1.3284e-05	8.8789e-08
785	0.9965	0.0034837	1.3231e-05	4.6422e-08
786	0.99987	0.00011261	1.3081e-05	1.5266e-09
787	0.999	0.0009916	1.2929e-05	1.2814e-08
788	0.99852	0.0014644	1.2682e-05	1.903e-08
789	0.99956	0.00042575	1.2518e-05	5.3649e-09
790	0.99665	0.0033371	1.2195e-05	4.1676e-08
791	0.99654	0.0034495	1.1815e-05	4.2778e-08
792	0.99852	0.0014641	1.1514e-05	1.8524e-08
793	0.9972	0.002789	1.108e-05	3.5059e-08
794	0.99769	0.0022988	1.0719e-05	2.9239e-08
795	0.99619	0.0037959	1.0384e-05	4.6446e-08
796	0.97119	0.028799	9.8337e-06	3.2493e-07
797	0.9611	0.038895	9.5041e-06	4.2523e-07
798	0.95883	0.041159	9.3089e-06	4.3893e-07
799	0.96436	0.035628	9.1004e-06	3.7463e-07
800	0.9679	0.032092	8.9109e-06	3.3067e-07
801	0.98001	0.019976	8.8508e-06	2.0228e-07
802	0.98941	0.010577	8.8061e-06	1.0233e-07
803	0.98744	0.012548	8.5643e-06	1.1529e-07
804	0.98994	0.010052	8.271e-06	8.9191e-08
805	0.98082	0.019172	7.9194e-06	1.5812e-07
806	0.979	0.020995	7.5457e-06	1.653e-07
807	0.98124	0.018751	7.2395e-06	1.397e-07
808	0.98237	0.017621	6.9569e-06	1.2267e-07
809	0.97812	0.021871	6.5566e-06	1.4134e-07
810	0.97976	0.020233	6.1079e-06	1.2033e-07
811	0.98975	0.010248	5.6146e-06	5.4525e-08
812	0.9994	0.00059046	5.0167e-06	2.6992e-09
813	0.99921	0.00078385	4.4033e-06	2.9887e-09
814	0.99431	0.0056856	5.0845e-06	3.6528e-08
815	0.9935	0.0064907	5.7001e-06	5.0022e-08
816	0.99538	0.0046159	6.3822e-06	4.5741e-08
817	0.99026	0.009728	7.0539e-06	1.0726e-07
818	0.9891	0.010894	7.8101e-06	1.3683e-07
819	0.99101	0.008978	8.6548e-06	1.3678e-07
820	0.98882	0.011173	8.344e-06	1.4505e-07
821	0.99046	0.0095283	7.9863e-06	1.1528e-07
822	0.99684	0.0031558	7.7224e-06	3.6585e-08
823	0.99639	0.0036015	7.2892e-06	3.6728e-08
824	0.99567	0.0043218	6.89e-06	3.8953e-08
825	0.99722	0.0027761	6.5484e-06	2.3451e-08
826	0.99313	0.0068661	6.204e-06	4.7397e-08
827	0.99286	0.0071314	5.8043e-06	4.5748e-08
828	0.99555	0.0044423	5.4568e-06	2.6308e-08
829	0.99552	0.0044753	5.0119e-06	2.4169e-08
830	0.99562	0.0043782	4.4868e-06	2.1552e-08
831	0.99831	0.0016906	4.0064e-06	7.8994e-09
832	0.97992	0.020079	3.5294e-06	7.4279e-08
833	0.97319	0.026803	3.1279e-06	8.6629e-08
834	0.97234	0.027656	2.7663e-06	7.6672e-08
835	0.97053	0.02947	2.4178e-06	6.7615e-08
836	0.95969	0.040308	1.9808e-06	7.1829e-08
837	0.95707	0.042924	1.5771e-06	5.449e-08
838	0.90247	0.097524	1.783e-06	1.8999e-07
839	0.8797	0.1203	2.0324e-06	2.8219e-07
840	0.87437	0.12563	2.2524e-06	3.3635e-07
841	0.84405	0.15594	2.3303e-06	4.6549e-07
842	0.80089	0.19911	2.3565e-06	6.4561e-07
843	0.7403	0.2597	2.3111e-06	8.9704e-07
844	0.71545	0.28455	2.3744e-06	1.0396e-06
845	0.70889	0.2911	2.5045e-06	1.12e-06
846	0.71498	0.28501	2.6926e-06	1.1489e-06
847	0.74702	0.25297	2.9335e-06	1.0546e-06
848	0.85312	0.14688	3.4226e-06	6.4131e-07
849	0.9282	0.0718	3.8161e-06	3.2909e-07
850	0.93116	0.068833	3.9184e-06	3.2067e-07
851	0.94653	0.053463	4.0073e-06	2.5445e-07
852	0.9863	0.013697	4.2261e-06	7.1942e-08
853	0.98384	0.01616	4.2647e-06	8.4396e-08
854	0.98528	0.014715	4.3377e-06	7.786e-08
855	0.99188	0.0081166	4.4534e-06	4.4592e-08
856	0.98322	0.016773	4.4147e-06	8.8172e-08
857	0.94374	0.056254	4.2372e-06	2.8139e-07
858	0.76503	0.23497	3.4123e-06	1.1322e-06
859	0.51954	0.48045	2.3095e-06	2.2713e-06
860	0.44314	0.55686	1.9248e-06	2.6251e-06
861	0.41338	0.58661	1.7759e-06	2.7452e-06
862	0.40883	0.59116	1.7077e-06	2.7196e-06
863	0.41782	0.58218	1.7067e-06	2.6277e-06
864	0.44807	0.55192	1.8033e-06	2.4387e-06
865	0.54924	0.45076	2.1357e-06	1.9486e-06
866	0.78349	0.21651	2.9807e-06	9.4528e-07
867	0.79968	0.20031	2.931e-06	8.4543e-07
868	0.70888	0.29111	2.4945e-06	1.14e-06
869	0.58001	0.41998	1.9696e-06	1.5231e-06
870	0.52492	0.47507	1.7271e-06	1.6204e-06
871	0.44752	0.55248	1.4443e-06	1.7527e-06
872	0.42203	0.57797	1.293e-06	1.6922e-06
873	0.41956	0.58044	1.1801e-06	1.53e-06
874	0.41652	0.58347	1.4867e-06	2.2332e-06
875	0.42622	0.57378	1.861e-06	2.8996e-06
876	0.45793	0.54206	2.3864e-06	3.4584e-06
877	0.438	0.56199	2.6584e-06	4.3216e-06
878	0.43696	0.56303	2.9982e-06	5.0389e-06
879	0.44924	0.55075	3.4738e-06	5.6653e-06
880	0.43716	0.56283	3.7583e-06	6.5338e-06
881	0.43835	0.56163	4.2004e-06	7.3001e-06
882	0.43711	0.56288	4.5599e-06	8.0659e-06
883	0.43389	0.5661	4.8342e-06	8.8348e-06
884	0.42519	0.57479	5.05e-06	9.7186e-06
885	0.42914	0.57085	5.479e-06	1.045e-05
886	0.40533	0.59465	5.476e-06	1.1681e-05
887	0.39875	0.60123	5.7756e-06	1.2679e-05
888	0.40552	0.59446	6.357e-06	1.3482e-05
889	0.4064	0.59358	6.8854e-06	1.4421e-05
890	0.4022	0.59777	7.3568e-06	1.5506e-05
891	0.39287	0.6071	7.7533e-06	1.6764e-05
892	0.37844	0.62153	8.0639e-06	1.8224e-05
893	0.37763	0.62234	8.7473e-06	1.9423e-05
894	0.38982	0.61015	9.8883e-06	2.0284e-05
895	0.39957	0.6004	1.0921e-05	2.1148e-05
896	0.34234	0.65762	9.9509e-06	2.4141e-05
897	0.32065	0.67932	1.0016e-05	2.6247e-05
898	0.23927	0.76069	7.8014e-06	3.0518e-05
899	0.20693	0.79303	7.1618e-06	3.3356e-05
900	0.19806	0.80189	7.2337e-06	3.5383e-05
901	0.20204	0.79791	7.7595e-06	3.6858e-05
902	0.20173	0.79822	8.1649e-06	3.858e-05
903	0.21311	0.78684	9.1898e-06	3.9834e-05
904	0.21953	0.78042	1.0097e-05	4.1368e-05
905	0.24667	0.75328	1.2087e-05	4.1712e-05
906	0.33675	0.66319	1.7536e-05	3.8479e-05
907	0.40145	0.59849	2.2174e-05	3.6238e-05
908	0.55195	0.44799	3.2873e-05	2.8121e-05
909	0.98134	0.018595	6.2006e-05	1.4256e-06
910	0.96331	0.036626	6.3357e-05	2.8333e-06
911	0.9583	0.041631	6.5397e-05	3.3617e-06
912	0.95904	0.040888	6.8146e-05	3.4611e-06
913	0.95862	0.041305	7.1145e-05	3.6452e-06
914	0.96403	0.035893	7.4969e-05	3.3322e-06
915	0.97927	0.020647	8.0108e-05	2.0607e-06
916	0.93922	0.060691	8.1111e-05	5.6977e-06
917	0.9238	0.076111	8.456e-05	7.3815e-06
918	0.921	0.078908	8.8787e-05	8.018e-06
919	0.92747	0.072433	9.3671e-05	7.7383e-06
920	0.93162	0.068273	9.8878e-05	7.6323e-06
921	0.95181	0.048077	0.00010561	5.6969e-06
922	0.9543	0.04558	0.00011094	5.6393e-06
923	0.96449	0.035392	0.00011783	4.5391e-06
924	0.99972	0.00014803	0.00012778	3.1553e-08
925	0.9951	0.0047679	0.00012757	6.1426e-07
926	0.99022	0.0096468	0.00012712	1.2506e-06
927	0.99016	0.0097149	0.00012707	1.2758e-06
928	0.93249	0.067378	0.00011831	9.5442e-06
929	0.85221	0.14766	0.000107	2.0625e-05
930	0.8282	0.17167	0.00010316	2.4035e-05
931	0.74489	0.25498	9.037e-05	3.6211e-05
932	0.70983	0.29004	8.5063e-05	4.1133e-05
933	0.69708	0.3028	8.3146e-05	4.2888e-05
934	0.68162	0.31825	8.0655e-05	4.5061e-05
935	0.67996	0.31991	8.0259e-05	4.5359e-05
936	0.69197	0.30791	8.1882e-05	4.3879e-05
937	0.68219	0.31768	8.0947e-05	4.5201e-05
938	0.68475	0.31512	8.1836e-05	4.4919e-05
939	0.70291	0.29696	8.5161e-05	4.2452e-05
940	0.76753	0.23234	9.4749e-05	3.3546e-05
941	0.91798	0.081889	0.00011751	1.1703e-05
942	0.96138	0.038494	0.00012436	5.5761e-06
943	0.96104	0.038827	0.00012472	5.6504e-06
944	0.96641	0.033459	0.00012617	4.9128e-06
945	0.98246	0.017412	0.00012951	2.5707e-06
946	0.98073	0.019134	0.00013062	2.7768e-06
947	0.98451	0.01536	0.00013227	2.2278e-06
948	0.99944	0.00042482	0.00013528	1.0416e-07
949	0.99887	0.0010015	0.00013194	1.7522e-07
950	0.99837	0.0015051	0.00012899	2.3342e-07
951	0.9993	0.00057318	0.00012659	8.7637e-08
952	0.99937	0.00050793	0.00012442	7.1477e-08
953	0.99889	0.00098493	0.00012196	1.3192e-07
954	0.99973	0.00015235	0.00012002	2.2981e-08
955	0.98375	0.016127	0.00011614	2.1888e-06
956	0.91027	0.08961	0.00010522	1.1675e-05
957	0.8791	0.12078	0.00010029	1.5426e-05
958	0.83972	0.16016	9.3804e-05	2.034e-05
959	0.82423	0.17566	9.076e-05	2.2061e-05
