#coord	neutral	conserved	gBGC.neutral	gBGC.conserved
1	0.96634	0.032893	0.00074312	2.5761e-05
2	0.98793	0.01131	0.00074997	8.7811e-06
3	0.99258	0.0066662	0.00074403	5.0617e-06
4	0.99687	0.0023862	0.00073746	1.7644e-06
5	0.9979	0.0013736	0.00072814	9.937e-07
6	0.99928	3.1431e-06	0.00071879	2.2795e-09
7	0.99929	5.7054e-06	0.00070887	4.0113e-09
8	0.99924	6.5734e-05	0.00069867	4.6921e-08
9	0.99924	6.6518e-05	0.00068898	4.6887e-08
10	0.99928	3.5772e-05	0.00067971	2.5062e-08
11	0.99913	0.00019434	0.00067074	1.3313e-07
12	0.99931	2.8338e-05	0.00066241	1.929e-08
13	0.99932	2.2462e-05	0.00065434	1.5111e-08
14	0.99925	0.00010743	0.00064655	7.1519e-08
15	0.9991	0.00025649	0.0006391	1.6816e-07
16	0.99926	0.00010477	0.0006322	6.8205e-08
17	0.99934	3.6051e-05	0.00062556	2.3297e-08
18	0.99921	0.00017552	0.00061913	1.1073e-07
19	0.99938	1.0434e-05	0.00061318	6.4529e-09
20	0.99881	0.00057907	0.00060677	3.5182e-07
21	0.99934	6.2924e-05	0.000601	3.7846e-08
22	0.99933	7.8811e-05	0.0005949	4.6917e-08
23	0.99931	0.00010119	0.00058878	5.9621e-08
24	0.99924	0.00017621	0.00058261	1.0274e-07
25	0.99889	0.00053319	0.00057627	3.0761e-07
26	0.99871	0.00072391	0.00057001	4.1319e-07
27	0.99892	0.00051444	0.00056396	2.9046e-07
28	0.99865	0.00078804	0.00055763	4.4009e-07
29	0.99858	0.00086899	0.00055139	4.7995e-07
30	0.99881	0.00064175	0.00054531	3.5053e-07
31	0.99944	2.3058e-05	0.00053942	1.2673e-08
32	0.99876	0.00070339	0.00053313	3.7606e-07
33	0.99851	0.00095919	0.00052707	5.0729e-07
34	0.99869	0.00079073	0.00052122	4.1404e-07
35	0.99929	0.00019782	0.00051556	1.0382e-07
36	0.99948	1.0159e-05	0.00051	5.1547e-09
37	0.9995	6.6047e-08	0.00050417	3.3266e-11
38	0.99864	0.00086391	0.00049772	4.3761e-07
39	0.99789	0.0016217	0.00049165	8.0392e-07
40	0.99888	0.00063737	0.00048628	3.1935e-07
41	0.99884	0.00068	0.00048066	3.3904e-07
42	0.99901	0.00051153	0.00047544	2.533e-07
43	0.9994	0.00012887	0.00047059	6.4834e-08
44	0.99742	0.0021181	0.00046484	1.0219e-06
45	0.99518	0.0043561	0.00045926	2.0623e-06
46	0.99538	0.0041608	0.00045509	1.9419e-06
47	0.99595	0.0035964	0.00045092	1.6689e-06
48	0.99927	0.00028389	0.00044827	1.3232e-07
49	0.99952	3.936e-05	0.00044442	1.7668e-08
50	0.99956	6.5345e-07	0.00044035	2.8638e-10
51	0.9994	0.00016312	0.00043605	7.2413e-08
52	0.99956	4.0283e-06	0.00043213	1.7582e-09
53	0.9986	0.00097528	0.00042793	4.1097e-07
54	0.99921	0.00036462	0.00042426	1.5152e-07
55	0.99935	0.00023194	0.00042025	9.7091e-08
56	0.99919	0.00039101	0.00041635	1.604e-07
57	0.99946	0.0001313	0.00041248	5.2868e-08
58	0.9991	0.0004897	0.00040823	1.9823e-07
59	0.99917	0.00042727	0.000404	1.7411e-07
60	0.99946	0.00014295	0.00040007	5.7828e-08
61	0.99741	0.0021924	0.00039508	8.8628e-07
62	0.98948	0.010123	0.00038803	3.9989e-06
63	0.98154	0.018069	0.00038085	7.1013e-06
64	0.97957	0.020046	0.00037632	7.7863e-06
65	0.98186	0.017757	0.00037367	6.7967e-06
66	0.99186	0.0077648	0.0003738	2.9109e-06
67	0.99441	0.0052129	0.00037089	1.9288e-06
68	0.99726	0.0023697	0.00036793	8.7613e-07
69	0.99955	8.2909e-05	0.00036495	3.0116e-08
70	0.99884	0.00079774	0.00036074	2.9031e-07
71	0.99929	0.000351	0.00035714	1.2382e-07
72	0.9994	0.00024539	0.00035329	8.4255e-08
73	0.99498	0.004672	0.00034774	1.6081e-06
74	0.99454	0.0051195	0.00034344	1.7467e-06
75	0.9974	0.0022594	0.00034012	7.7697e-07
76	0.99562	0.0040418	0.00033542	1.3809e-06
77	0.99639	0.0032798	0.00033146	1.1243e-06
78	0.99695	0.0027249	0.00032764	9.3434e-07
79	0.99038	0.0092968	0.00032166	3.1108e-06
80	0.98912	0.010561	0.00031734	3.5105e-06
81	0.99089	0.0087925	0.00031422	2.9089e-06
82	0.98367	0.016014	0.00030802	5.2539e-06
83	0.98197	0.017718	0.00030387	5.7473e-06
84	0.98432	0.015372	0.00030121	4.9418e-06
85	0.8491	0.1506	0.00025689	4.5997e-05
86	0.80232	0.19738	0.00023978	5.9735e-05
87	0.78493	0.21477	0.00023208	6.4238e-05
88	0.76492	0.23479	0.00022356	6.947e-05
89	0.76256	0.23715	0.0002202	6.9448e-05
90	0.77709	0.22262	0.00022151	6.4655e-05
91	0.81773	0.18198	0.00023027	5.2581e-05
92	0.78365	0.21607	0.00021802	6.1667e-05
93	0.73883	0.26089	0.00020333	7.3353e-05
94	0.58467	0.41506	0.00015842	0.00011516
95	0.36987	0.62985	9.889e-05	0.00017171
96	0.30306	0.69667	7.9725e-05	0.00018783
97	0.21485	0.78489	5.5707e-05	0.00020892
98	0.17956	0.82018	4.6126e-05	0.00021568
99	0.17084	0.8289	4.3393e-05	0.00021553
100	0.15734	0.8424	3.9595e-05	0.00021655
101	0.15827	0.84148	3.9411e-05	0.0002139
102	0.17502	0.82473	4.3084e-05	0.00020733
103	0.088452	0.9113	2.1522e-05	0.0002261
104	0.058305	0.94145	1.3925e-05	0.00023085
105	0.048428	0.95133	1.1337e-05	0.00023055
106	0.033302	0.96646	7.6125e-06	0.00023147
107	0.029568	0.9702	6.6105e-06	0.00022961
108	0.029928	0.96984	6.5901e-06	0.00022686
109	0.035099	0.96467	7.6664e-06	0.00022309
110	0.017014	0.98276	3.6071e-06	0.00022454
111	0.0097473	0.99003	2.0159e-06	0.0002236
112	0.0079667	0.99181	1.6064e-06	0.00022143
113	0.0081064	0.99167	1.615e-06	0.00021892
114	0.010496	0.98929	2.097e-06	0.00021601
115	0.011995	0.98779	2.3695e-06	0.00021327
116	0.016786	0.983	3.3128e-06	0.00020993
117	0.029209	0.97058	5.8101e-06	0.00020511
118	0.059966	0.93983	1.2061e-05	0.00019662
119	0.14778	0.85202	2.9526e-05	0.00017686
120	0.39794	0.60185	7.8131e-05	0.00012592
121	0.39314	0.60666	7.6213e-05	0.00012559
122	0.40435	0.59545	7.7394e-05	0.00012211
123	0.44501	0.55479	8.3984e-05	0.00011315
124	0.47495	0.52486	8.8564e-05	0.00010631
125	0.4751	0.5247	8.7517e-05	0.00010519
126	0.4904	0.50941	8.945e-05	0.00010119
127	0.45472	0.54509	8.1573e-05	0.00010694
128	0.44313	0.55669	7.8503e-05	0.00010798
129	0.44564	0.55418	7.8165e-05	0.00010638
130	0.36256	0.63726	6.2699e-05	0.00012
131	0.26503	0.73479	4.4756e-05	0.00013604
132	0.23553	0.76429	3.8991e-05	0.00013985
133	0.20471	0.79511	3.3003e-05	0.00014383
134	0.19324	0.80659	3.059e-05	0.0001443
135	0.19334	0.80649	3.0222e-05	0.0001428
136	0.16969	0.83014	2.5991e-05	0.00014524
137	0.16561	0.83422	2.498e-05	0.0001444
138	0.17069	0.82914	2.5488e-05	0.00014211
139	0.15737	0.84247	2.3111e-05	0.00014278
140	0.15719	0.84265	2.2793e-05	0.00014134
141	0.16667	0.83317	2.3998e-05	0.00013843
142	0.1715	0.82833	2.4501e-05	0.00013629
143	0.1891	0.81074	2.6993e-05	0.00013222
144	0.23247	0.76737	3.3502e-05	0.00012419
145	0.26176	0.73808	3.7803e-05	0.00011843
146	0.33152	0.66832	4.8492e-05	0.00010633
147	0.50377	0.49607	7.5516e-05	7.7976e-05
148	0.99492	0.0049244	0.00015138	7.2107e-07
149	0.9951	0.0047521	0.00015015	6.6924e-07
150	0.99799	0.0018625	0.00014943	2.0066e-07
151	0.99693	0.0029181	0.0001542	3.8561e-07
152	0.9914	0.0084415	0.00015849	1.2745e-06
153	0.98601	0.013828	0.00016259	2.2094e-06
154	0.98609	0.013737	0.00016743	2.2801e-06
155	0.97965	0.020177	0.00017136	3.4782e-06
156	0.97971	0.020113	0.00017625	3.5842e-06
157	0.98418	0.015637	0.00018216	2.868e-06
158	0.98828	0.011528	0.00018792	2.1854e-06
159	0.99942	0.00038769	0.00019532	7.464e-08
160	0.99734	0.0024621	0.00020004	4.9347e-07
161	0.99753	0.0022624	0.00020509	4.6908e-07
162	0.99969	0.0001024	0.00021077	2.34e-08
163	0.99962	0.00015965	0.00021584	4.3397e-08
164	0.99952	0.0002594	0.00022074	9.174e-08
165	0.99969	8.441e-05	0.00022109	2.3898e-08
166	0.99361	0.0061704	0.00022018	1.3276e-06
167	0.97355	0.026232	0.00021613	5.6919e-06
168	0.96832	0.031461	0.00021519	6.8534e-06
169	0.97007	0.029703	0.00021569	6.4915e-06
170	0.97801	0.021768	0.00021768	4.7473e-06
171	0.98513	0.014643	0.00021939	3.1984e-06
172	0.98543	0.014344	0.00021953	3.1512e-06
173	0.98083	0.018952	0.0002187	4.1802e-06
174	0.97582	0.023956	0.00021768	5.3153e-06
175	0.94926	0.050513	0.000212	1.1214e-05
176	0.94231	0.057465	0.00021056	1.2794e-05
177	0.94453	0.055247	0.00021106	1.2344e-05
178	0.94481	0.054962	0.00021126	1.2302e-05
179	0.95555	0.044226	0.00021366	9.9668e-06
180	0.98243	0.017348	0.00021981	3.99e-06
181	0.98807	0.011704	0.00022135	2.7175e-06
182	0.99219	0.0075902	0.00022267	1.7729e-06
183	0.99538	0.004398	0.0002239	1.0245e-06
184	0.99577	0.0040082	0.00022439	9.3408e-07
185	0.99651	0.0032683	0.00022487	7.7076e-07
186	0.99707	0.0027054	0.00022542	6.4321e-07
187	0.99582	0.0039555	0.00022546	9.4543e-07
188	0.99661	0.0031664	0.00022608	7.683e-07
189	0.99722	0.0025502	0.00022677	6.2754e-07
190	0.97705	0.022727	0.00022265	5.4044e-06
191	0.9696	0.030168	0.00022166	7.1601e-06
192	0.96925	0.030517	0.00022223	7.283e-06
193	0.95899	0.040778	0.00022061	9.7155e-06
194	0.94719	0.052577	0.00021849	1.2565e-05
195	0.89473	0.10503	0.00020695	2.4948e-05
196	0.82601	0.17376	0.00019187	4.0998e-05
197	0.74569	0.25407	0.00017366	6.0098e-05
198	0.7189	0.28086	0.00016783	6.6748e-05
199	0.4083	0.59146	9.2644e-05	0.00014268
200	0.28196	0.7178	6.2578e-05	0.00017357
201	0.23103	0.76873	5.0718e-05	0.00018634
202	0.21163	0.78813	4.6374e-05	0.00019167
203	0.20893	0.79083	4.5842e-05	0.00019314
204	0.21649	0.78327	4.7742e-05	0.00019225
205	0.23989	0.75987	5.3425e-05	0.00018764
206	0.23814	0.76162	5.3314e-05	0.0001889
207	0.24839	0.75137	5.6135e-05	0.0001873
208	0.25334	0.74642	5.7778e-05	0.00018696
209	0.27421	0.72554	6.349e-05	0.00018263
210	0.3458	0.65395	8.1868e-05	0.00016558
211	0.51188	0.48787	0.00012501	0.00012384
212	0.98549	0.014256	0.00024646	3.7392e-06
213	0.98698	0.012764	0.00024806	3.3933e-06
214	0.5104	0.48935	0.00012463	0.00012819
215	0.31633	0.68341	7.5108e-05	0.00017919
216	0.2376	0.76215	5.5396e-05	0.00020046
217	0.20636	0.79339	4.7826e-05	0.00020968
218	0.19955	0.80019	4.6285e-05	0.00021282
219	0.2035	0.79624	4.7494e-05	0.00021329
220	0.22163	0.77811	5.2329e-05	0.00021023
221	0.28432	0.71542	6.8137e-05	0.00019613
222	0.42981	0.56992	0.00010532	0.00016074
223	0.53401	0.46572	0.00013296	0.00013499
224	0.5339	0.46583	0.0001336	0.00013617
225	0.53309	0.46664	0.00013393	0.00013759
226	0.42383	0.5759	0.0001032	0.00017019
227	0.31257	0.68715	7.0934e-05	0.00020425
228	0.26795	0.73177	5.8263e-05	0.00021882
229	0.21151	0.78821	4.1694e-05	0.00023722
230	0.1931	0.80662	3.6098e-05	0.00024461
231	0.19199	0.80773	3.5214e-05	0.00024723
232	0.16812	0.8316	3.0217e-05	0.00024759
233	0.15982	0.8399	2.8448e-05	0.00024485
234	0.16165	0.83809	2.8949e-05	0.00023998
235	0.17791	0.82182	3.2989e-05	0.0002315
236	0.21828	0.78146	4.3357e-05	0.00021682
237	0.31873	0.68101	6.9669e-05	0.00018632
238	0.24442	0.75532	5.2573e-05	0.00019936
239	0.2225	0.77725	4.7052e-05	0.00020075
240	0.21581	0.78395	4.506e-05	0.00019873
241	0.20862	0.79114	4.2921e-05	0.00019679
242	0.21163	0.78814	4.3143e-05	0.0001926
243	0.23161	0.76816	4.7181e-05	0.00018454
244	0.29993	0.69984	6.1966e-05	0.00016566
245	0.45836	0.54142	9.7022e-05	0.00012663
246	0.8476	0.15218	0.00018413	3.5698e-05
247	0.85272	0.14706	0.00018227	3.3899e-05
248	0.87595	0.12384	0.00018423	2.8181e-05
249	0.93184	0.067951	0.00019344	1.5369e-05
250	0.94583	0.053965	0.00019301	1.211e-05
251	0.93635	0.063454	0.00018739	1.3927e-05
252	0.93527	0.064531	0.00018379	1.391e-05
253	0.94318	0.056627	0.00018187	1.2101e-05
254	0.92483	0.074983	0.00017484	1.5573e-05
255	0.91924	0.080571	0.00017062	1.6387e-05
256	0.9138	0.086021	0.00016634	1.7162e-05
257	0.91595	0.083865	0.00016368	1.646e-05
258	0.92731	0.072508	0.00016287	1.4054e-05
259	0.9256	0.074226	0.00015977	1.409e-05
260	0.93108	0.068746	0.00015811	1.2813e-05
261	0.94782	0.052013	0.00015862	9.503e-06
262	0.9503	0.049531	0.00015635	8.8679e-06
263	0.96144	0.038393	0.00015573	6.7227e-06
264	0.99971	0.00013314	0.00015957	2.2786e-08
265	0.99873	0.0011097	0.00015647	1.7659e-07
266	0.99908	0.00076764	0.00015371	1.1839e-07
267	0.99982	2.6321e-05	0.00015091	4.0248e-09
268	0.99977	7.9254e-05	0.00014812	1.1545e-08
269	0.99922	0.00063931	0.00014515	9.2173e-08
270	0.99979	6.9495e-05	0.00014249	6.9941e-09
271	0.99925	0.00060936	0.00014503	8.883e-08
272	0.99888	0.00097387	0.00014772	1.4602e-07
273	0.99984	1.0203e-05	0.00015076	1.5376e-09
274	0.99976	8.2667e-05	0.00015354	1.2814e-08
275	0.99886	0.00098472	0.00015633	1.5279e-07
276	0.99953	0.00030861	0.00015926	4.9508e-08
277	0.89584	0.104	0.00014463	1.7401e-05
278	0.86014	0.1397	0.00014083	2.3842e-05
279	0.84961	0.15022	0.00014111	2.6119e-05
280	0.83371	0.16612	0.00014053	2.9373e-05
281	0.7672	0.23263	0.00013055	4.1958e-05
282	0.74143	0.25839	0.00012791	4.732e-05
283	0.71535	0.28448	0.00012491	5.2953e-05
284	0.70718	0.29264	0.00012528	5.5335e-05
285	0.69331	0.30651	0.00012467	5.881e-05
286	0.67297	0.32685	0.00012291	6.3554e-05
287	0.65157	0.34824	0.00012069	6.8676e-05
288	0.64727	0.35254	0.00012182	7.0569e-05
289	0.64094	0.35886	0.00012243	7.2911e-05
290	0.65033	0.34947	0.00012604	7.2181e-05
291	0.6867	0.3131	0.00013492	6.6105e-05
292	0.63577	0.36403	0.00012565	7.8105e-05
293	0.61709	0.38271	0.00012331	8.3289e-05
294	0.61364	0.38615	0.00012429	8.528e-05
295	0.57496	0.42483	0.00011779	9.488e-05
296	0.53042	0.46936	0.00010958	0.00010612
297	0.51335	0.48643	0.0001074	0.00011144
298	0.42457	0.57521	8.9352e-05	0.00013275
299	0.38712	0.61265	8.2457e-05	0.00014302
300	0.37452	0.62525	8.1037e-05	0.00014794
301	0.32152	0.67825	7.0192e-05	0.00016221
302	0.30161	0.69815	6.6791e-05	0.00016916
303	0.29675	0.70301	6.6848e-05	0.00017276
304	0.30429	0.69547	6.9957e-05	0.00017345
305	0.33548	0.66427	7.8933e-05	0.00016819
306	0.40994	0.58981	9.9503e-05	0.00015147
307	0.64901	0.35074	0.0001629	9.1836e-05
308	0.81723	0.18252	0.00021042	4.8253e-05
309	0.98137	0.018366	0.00025742	5.0695e-06
310	0.97906	0.020671	0.00026075	5.7618e-06
311	0.98108	0.018652	0.00026547	5.2608e-06
312	0.99056	0.0091638	0.00027219	2.6497e-06
313	0.99219	0.0075314	0.00027695	2.2044e-06
314	0.99318	0.006535	0.00028175	1.9235e-06
315	0.99935	0.00035973	0.00028795	1.0727e-07
316	0.93547	0.064241	0.00027322	1.9068e-05
317	0.91379	0.08591	0.00027045	2.595e-05
318	0.90609	0.093609	0.00027203	2.8672e-05
319	0.90666	0.093033	0.00027631	2.8882e-05
320	0.9188	0.080894	0.00028407	2.5509e-05
321	0.95166	0.048029	0.00029888	1.5298e-05
322	0.96056	0.039124	0.00030599	1.2646e-05
323	0.96661	0.03307	0.0003125	1.0806e-05
324	0.98952	0.01015	0.00032448	3.3625e-06
325	0.98983	0.0098331	0.00032931	3.2834e-06
326	0.99459	0.005069	0.00033551	1.7032e-06
327	0.99965	1.2349e-05	0.00034169	4.1864e-09
328	0.99704	0.0026134	0.0003455	8.8582e-07
329	0.99696	0.0026871	0.00035003	9.2282e-07
330	0.99963	1.0819e-05	0.00035538	4.1225e-09
331	0.99816	0.001472	0.00036434	5.2384e-07
332	0.97753	0.022096	0.00036599	8.1482e-06
333	0.96987	0.029743	0.00037265	1.1188e-05
334	0.96937	0.030234	0.0003817	1.1635e-05
335	0.97544	0.024159	0.00039314	9.4932e-06
336	0.99776	0.0018258	0.00041099	7.3312e-07
337	0.99527	0.0043048	0.00041941	1.7745e-06
338	0.99558	0.0039907	0.00042878	1.6824e-06
339	0.9995	6.1956e-05	0.00043947	3.4764e-08
340	0.99932	0.00023288	0.00044876	1.6668e-07
341	0.99868	0.00087328	0.00045007	4.3594e-07
342	0.99955	1.1202e-06	0.00045197	5.5904e-10
343	0.99857	0.00097787	0.00045317	4.4344e-07
344	0.998	0.0015418	0.00045443	7.0902e-07
345	0.99896	0.00058124	0.00045658	2.6739e-07
346	0.99801	0.0015325	0.00045775	7.1054e-07
347	0.99697	0.0025679	0.00045904	1.1857e-06
348	0.99801	0.0015308	0.00046118	7.1487e-07
349	0.99555	0.0039861	0.00046157	1.8912e-06
350	0.99554	0.0039931	0.0004633	1.9026e-06
351	0.99797	0.0015579	0.0004664	7.3976e-07
352	0.9926	0.0069288	0.00046568	3.2768e-06
353	0.99199	0.0075365	0.00046706	3.596e-06
354	0.99429	0.0052376	0.00047002	2.5147e-06
355	0.99326	0.0062675	0.00047127	3.0345e-06
356	0.99483	0.0046892	0.00047397	2.2852e-06
357	0.99677	0.0027483	0.00047671	1.3742e-06
358	0.99646	0.00306	0.00047863	1.5351e-06
359	0.99808	0.0014421	0.00048168	7.354e-07
360	0.99949	2.8453e-05	0.00048483	2.3492e-08
361	0.99914	0.00037945	0.00048142	1.942e-07
362	0.99906	0.0004592	0.00047836	2.2986e-07
363	0.9983	0.0012206	0.00047519	5.9164e-07
364	0.99794	0.0015844	0.00047208	7.689e-07
365	0.99756	0.001972	0.00046915	9.4923e-07
366	0.99715	0.0023825	0.00046641	1.1302e-06
367	0.99715	0.0023842	0.00046373	1.1284e-06
368	0.99917	0.00036736	0.0004622	1.7082e-07
369	0.99912	0.00042071	0.00045958	1.9394e-07
370	0.99686	0.0026873	0.00045581	1.2453e-06
371	0.99676	0.0027856	0.00045325	1.2776e-06
372	0.99943	0.0001158	0.00045181	6.7114e-08
373	0.99933	0.00021881	0.00044927	1.5881e-07
374	0.99712	0.0024428	0.0004369	1.1212e-06
375	0.99498	0.0045913	0.00042436	2.0151e-06
376	0.99516	0.0044199	0.00041331	1.8742e-06
377	0.99851	0.0010883	0.00040332	4.557e-07
378	0.9992	0.00040454	0.00039264	1.6585e-07
379	0.99924	0.00037599	0.00038212	1.4752e-07
380	0.99865	0.00098147	0.00037177	3.6421e-07
381	0.99964	1.1062e-07	0.00036177	4.3099e-11
382	0.99858	0.0010688	0.00035243	3.7631e-07
383	0.99774	0.0019148	0.00034299	6.6251e-07
384	0.99854	0.0011262	0.00033452	3.7664e-07
385	0.99958	9.2524e-05	0.00032592	3.0374e-08
386	0.99968	7.433e-06	0.00031735	1.6347e-09
387	0.99968	3.6816e-06	0.00031849	1.5267e-09
388	0.99846	0.0012248	0.00031898	5.4582e-07
389	0.99718	0.0025018	0.00031955	1.155e-06
390	0.99774	0.001941	0.00032098	1.0501e-06
391	0.98109	0.018593	0.00031218	6.4548e-06
392	0.96403	0.035658	0.00030316	1.1961e-05
393	0.95773	0.041957	0.00029794	1.3837e-05
394	0.93101	0.068685	0.00028611	2.2218e-05
395	0.92144	0.078259	0.00028011	2.4956e-05
396	0.92195	0.077746	0.00027715	2.4556e-05
397	0.90779	0.091912	0.00026993	2.8589e-05
398	0.89165	0.10806	0.00026204	3.3191e-05
399	0.88718	0.11253	0.00025795	3.4157e-05
400	0.8946	0.10511	0.00025723	3.1647e-05
401	0.91772	0.081993	0.00026126	2.4546e-05
402	0.9729	0.026819	0.00027485	8.0564e-06
403	0.96968	0.03004	0.0002713	8.8625e-06
404	0.97159	0.028136	0.00026941	8.1761e-06
405	0.98314	0.016589	0.00027014	4.7623e-06
406	0.98589	0.013834	0.00026818	3.9351e-06
407	0.99443	0.0052985	0.00026799	1.4842e-06
408	0.99647	0.0032656	0.00026582	9.0655e-07
409	0.99371	0.0060286	0.00026224	1.6453e-06
410	0.99378	0.0059541	0.00025959	1.6044e-06
411	0.99655	0.0031951	0.00025782	8.4506e-07
412	0.99967	7.3823e-05	0.000256	2.0535e-08
413	0.99972	2.6877e-05	0.00025351	1.0832e-08
414	0.99677	0.0029909	0.00024259	7.1344e-07
415	0.95309	0.04668	0.00022217	1.0718e-05
416	0.94028	0.059494	0.00020916	1.3077e-05
417	0.93912	0.060667	0.00019864	1.272e-05
418	0.93568	0.064123	0.00018809	1.2784e-05
419	0.93884	0.060972	0.00017927	1.1511e-05
420	0.95415	0.045668	0.00017237	8.1274e-06
421	0.95618	0.043646	0.00016269	7.3214e-06
422	0.96798	0.031861	0.00015428	5.0395e-06
423	0.9987	0.0011482	0.00014889	1.7151e-07
424	0.98456	0.0153	0.00013641	2.1697e-06
425	0.97917	0.020702	0.00012577	2.7135e-06
426	0.97853	0.021348	0.00011619	2.5764e-06
427	0.97748	0.022406	0.00010693	2.4696e-06
428	0.98191	0.017992	9.8053e-05	1.797e-06
429	0.99894	0.00097257	9.0013e-05	7.4753e-08
430	0.99752	0.0024008	8.0564e-05	1.5373e-07
431	0.97884	0.021092	7.0015e-05	1.1484e-06
432	0.97201	0.027925	6.0749e-05	1.239e-06
433	0.94804	0.051901	5.8258e-05	2.747e-06
434	0.91466	0.085276	5.5311e-05	4.7608e-06
435	0.90235	0.097593	5.3763e-05	5.431e-06
436	0.70012	0.29983	4.1479e-05	1.6907e-05
437	0.62976	0.37018	3.6871e-05	2.0661e-05
438	0.60691	0.39303	3.4998e-05	2.1633e-05
439	0.25643	0.74352	1.4635e-05	4.1048e-05
440	0.13346	0.86648	7.4775e-06	4.7221e-05
441	0.095246	0.9047	5.1998e-06	4.8477e-05
442	0.080406	0.91954	4.3025e-06	4.838e-05
443	0.077462	0.92249	4.0513e-06	4.7603e-05
444	0.082882	0.91707	4.2208e-06	4.6372e-05
445	0.076971	0.92298	3.8038e-06	4.5691e-05
446	0.078256	0.9217	3.7652e-06	4.4659e-05
447	0.08708	0.91287	4.0863e-06	4.3289e-05
448	0.069499	0.93045	3.1473e-06	4.3144e-05
449	0.063627	0.93633	2.7999e-06	4.2432e-05
450	0.066363	0.93359	2.8333e-06	4.1305e-05
451	0.055462	0.94449	2.2866e-06	4.0782e-05
452	0.053743	0.94622	2.1411e-06	3.9826e-05
453	0.057417	0.94254	2.22e-06	3.8665e-05
454	0.058096	0.94186	2.1819e-06	3.764e-05
455	0.065056	0.93491	2.3851e-06	3.6392e-05
456	0.069074	0.93089	2.4737e-06	3.528e-05
457	0.082008	0.91795	2.8874e-06	3.3861e-05
458	0.090164	0.9098	3.1154e-06	3.2648e-05
459	0.12065	0.87932	4.0957e-06	3.0649e-05
460	0.15026	0.84971	4.9613e-06	2.873e-05
461	0.21971	0.78025	7.0997e-06	2.5556e-05
462	0.39075	0.60922	1.2447e-05	1.9198e-05
463	0.43532	0.56465	1.3426e-05	1.7169e-05
464	0.56501	0.43496	1.6793e-05	1.2714e-05
465	0.97951	0.020463	2.7791e-05	5.8304e-07
466	0.981	0.018968	2.6767e-05	5.1907e-07
467	0.98941	0.010567	2.587e-05	2.7926e-07
468	0.99603	0.0039415	2.4956e-05	9.9457e-08
469	0.99554	0.0044397	2.3801e-05	1.0721e-07
470	0.99738	0.0025949	2.2745e-05	5.9331e-08
471	0.99962	0.00036265	2.1639e-05	8.0028e-09
472	0.99961	0.00036666	2.0519e-05	7.6362e-09
473	0.999	0.00097763	1.9422e-05	1.8897e-08
474	0.99985	0.00013464	1.8306e-05	2.4433e-09
475	0.99982	0.00016369	1.7125e-05	2.854e-09
476	0.99956	0.00041949	1.5974e-05	6.8016e-09
477	0.99958	0.00040472	1.4866e-05	6.0048e-09
478	0.99994	5.0101e-05	1.3717e-05	6.8333e-10
479	0.99939	0.00059272	1.2504e-05	7.5165e-09
480	0.99996	3.1011e-05	1.1343e-05	3.2561e-10
481	0.99655	0.0034374	1.0097e-05	3.1713e-08
482	0.9958	0.004193	8.9123e-06	3.2663e-08
483	0.99714	0.0028567	7.7745e-06	1.6107e-08
484	0.95881	0.041185	7.6976e-06	3.367e-07
485	0.78741	0.21258	6.4862e-06	1.7964e-06
486	0.71815	0.28184	6.0907e-06	2.4431e-06
487	0.40051	0.59948	3.5156e-06	5.2701e-06
488	0.30123	0.69876	2.7079e-06	6.2992e-06
489	0.25889	0.7411	2.3903e-06	6.8345e-06
490	0.097375	0.90262	9.2128e-07	8.4931e-06
491	0.046788	0.9532	4.4625e-07	9.1302e-06
492	0.026276	0.97371	2.5511e-07	9.4784e-06
493	0.020331	0.97966	1.9908e-07	9.6645e-06
494	0.01865	0.98134	1.8509e-07	9.8021e-06
495	0.02026	0.97973	2.047e-07	9.9007e-06
496	0.014853	0.98514	1.5206e-07	1.0045e-05
497	0.014373	0.98562	1.4791e-07	1.0115e-05
498	0.018101	0.98189	1.8577e-07	1.0116e-05
499	0.014708	0.98528	1.5132e-07	1.0182e-05
500	0.015463	0.98453	1.5848e-07	1.018e-05
501	0.019446	0.98054	1.9951e-07	1.0137e-05
502	0.032205	0.96779	3.2819e-07	9.9811e-06
503	0.06904	0.93095	6.9279e-07	9.5625e-06
504	0.15952	0.84047	1.5998e-06	8.5969e-06
505	0.18188	0.81811	1.8046e-06	8.3062e-06
506	0.23555	0.76444	2.3203e-06	7.6998e-06
507	0.3897	0.61029	3.7819e-06	6.1194e-06
508	0.50677	0.49322	4.8732e-06	4.9084e-06
509	0.79488	0.20511	7.6276e-06	2.0346e-06
510	0.99758	0.0024125	9.5201e-06	2.3981e-08
511	0.99687	0.0031253	9.4027e-06	3.0187e-08
512	0.99844	0.0015501	9.2728e-06	1.487e-08
513	0.99829	0.0017028	9.1298e-06	1.5938e-08
514	0.99603	0.0039657	8.9712e-06	3.5721e-08
515	0.99614	0.0038488	8.8395e-06	3.3562e-08
516	0.99962	0.00037482	8.7015e-06	2.265e-09
517	0.99687	0.0031218	1.0088e-05	3.0949e-08
518	0.99645	0.0035433	1.1533e-05	4.0333e-08
519	0.99884	0.0011438	1.296e-05	1.4867e-08
520	0.98529	0.014692	1.4107e-05	2.1715e-07
521	0.9814	0.018582	1.5323e-05	3.0167e-07
522	0.97762	0.022367	1.6478e-05	3.9595e-07
523	0.90995	0.09003	1.6442e-05	1.7177e-06
524	0.88708	0.1129	1.7087e-05	2.3106e-06
525	0.87914	0.12084	1.8035e-05	2.6368e-06
526	0.86685	0.13313	1.8902e-05	3.0814e-06
527	0.86513	0.13485	2.0028e-05	3.3054e-06
528	0.87351	0.12647	2.1452e-05	3.2775e-06
529	0.86942	0.13056	2.2513e-05	3.5593e-06
530	0.86509	0.13488	2.3503e-05	3.8592e-06
531	0.87046	0.12951	2.4813e-05	3.8857e-06
532	0.86054	0.13943	2.5618e-05	4.367e-06
533	0.86057	0.1394	2.676e-05	4.5545e-06
534	0.8738	0.12616	2.8287e-05	4.3067e-06
535	0.85213	0.14783	2.8697e-05	5.2251e-06
536	0.84775	0.15221	2.9618e-05	5.583e-06
537	0.85281	0.14716	3.0924e-05	5.5995e-06
538	0.85752	0.14245	3.2173e-05	5.6181e-06
539	0.87502	0.12494	3.3991e-05	5.1122e-06
540	0.91827	0.081688	3.6988e-05	3.4755e-06
541	0.94903	0.050926	3.9633e-05	2.2407e-06
542	0.93412	0.06584	4.0389e-05	2.9482e-06
543	0.93007	0.06989	4.1652e-05	3.2112e-06
544	0.68352	0.31644	3.181e-05	1.4518e-05
545	0.60679	0.39316	2.9134e-05	1.8605e-05
546	0.58158	0.41837	2.8712e-05	2.039e-05
547	0.27635	0.7236	1.377e-05	3.6646e-05
548	0.15206	0.84788	7.6868e-06	4.408e-05
549	0.10164	0.89831	5.2534e-06	4.7899e-05
550	0.034672	0.96527	1.8536e-06	5.2718e-05
551	0.013697	0.98625	7.4633e-07	5.5209e-05
552	0.0072324	0.99271	3.9383e-07	5.6909e-05
553	0.0047581	0.99518	2.6023e-07	5.8422e-05
554	0.0041429	0.9958	2.3037e-07	5.9863e-05
555	0.0054479	0.99449	3.0878e-07	6.116e-05
556	0.0055527	0.99438	3.1962e-07	6.2552e-05
557	0.0074272	0.99251	4.4051e-07	6.3868e-05
558	0.012686	0.98725	7.8307e-07	6.4996e-05
559	0.016041	0.98389	1.0225e-06	6.6263e-05
560	0.025302	0.97463	1.6803e-06	6.7148e-05
561	0.048447	0.95148	3.3666e-06	6.7042e-05
562	0.10195	0.89798	7.4002e-06	6.4623e-05
563	0.27275	0.72718	2.0279e-05	5.332e-05
564	0.75922	0.2407	5.7231e-05	1.79e-05
565	0.7522	0.24772	5.7805e-05	1.8804e-05
566	0.75642	0.2435	5.9305e-05	1.8843e-05
567	0.78338	0.21654	6.2547e-05	1.7077e-05
568	0.76352	0.2364	6.2182e-05	1.8991e-05
569	0.76126	0.23866	6.3136e-05	1.9527e-05
570	0.77138	0.22854	6.5209e-05	1.9018e-05
571	0.38443	0.61549	3.354e-05	5.2192e-05
572	0.26329	0.73662	2.3509e-05	6.368e-05
573	0.22614	0.77378	2.0531e-05	6.8067e-05
574	0.093778	0.90613	8.5676e-06	8.1395e-05
575	0.036362	0.96355	3.3812e-06	8.7985e-05
576	0.01625	0.98366	1.5171e-06	9.1216e-05
577	0.0081012	0.9918	7.6698e-07	9.3374e-05
578	0.0054598	0.99444	5.1936e-07	9.4994e-05
579	0.0046925	0.99521	4.5194e-07	9.647e-05
580	0.0033625	0.99654	3.2364e-07	9.797e-05
581	0.003292	0.99661	3.2e-07	9.9386e-05
582	0.0044204	0.99548	4.3887e-07	0.00010072
583	0.0049909	0.99491	5.0053e-07	0.00010208
584	0.0045672	0.99533	4.6505e-07	0.00010357
585	0.0054329	0.99446	5.6663e-07	0.00010497
586	0.0025156	0.99738	2.645e-07	0.00010673
587	0.0017914	0.9981	1.8723e-07	0.00010823
588	0.0017484	0.99814	1.8353e-07	0.00010969
589	0.0023547	0.99753	2.5151e-07	0.00011113
590	0.0040588	0.99583	4.4522e-07	0.00011247
591	0.0098874	0.99	1.0984e-06	0.00011332
592	0.0049585	0.99493	5.5136e-07	0.00011542
593	0.0028873	0.997	3.2364e-07	0.00011724
594	0.0021413	0.99774	2.449e-07	0.00011895
595	0.0021688	0.99771	2.5645e-07	0.00012062
596	0.0033798	0.9965	4.0984e-07	0.00012211
597	0.0077501	0.99213	9.5144e-07	0.00012317
598	0.010226	0.98965	1.2786e-06	0.00012449
599	0.016605	0.98327	2.1294e-06	0.00012533
600	0.032611	0.96726	4.314e-06	0.00012489
601	0.078452	0.92142	1.0543e-05	0.00012037
602	0.2091	0.79077	2.8279e-05	0.0001043
603	0.62559	0.37428	8.4645e-05	4.955e-05
604	0.63225	0.36761	8.6499e-05	4.9249e-05
605	0.6667	0.33316	9.2035e-05	4.5201e-05
606	0.74889	0.25097	0.00010439	3.441e-05
607	0.77113	0.22873	0.00010855	3.1747e-05
608	0.79323	0.20663	0.00011264	2.9076e-05
609	0.85097	0.14888	0.00012197	2.1268e-05
610	0.86451	0.13535	0.00012508	1.9605e-05
611	0.89936	0.1005	0.00013143	1.4787e-05
612	0.98656	0.013288	0.00014586	1.9953e-06
613	0.99298	0.0068656	0.00014856	1.035e-06
614	0.99968	0.00016915	0.00015123	2.6263e-08
615	0.99978	6.3102e-05	0.00015301	9.9672e-09
616	0.9995	0.00034344	0.00015483	5.3973e-08
617	0.99855	0.0012886	0.00015645	2.0779e-07
618	0.99898	0.00086317	0.0001584	1.4252e-07
619	0.96517	0.034672	0.00015487	5.6537e-06
620	0.95211	0.047726	0.00015479	7.8429e-06
621	0.95037	0.049464	0.00015641	8.2357e-06
622	0.3477	0.65213	5.8436e-05	0.00010835
623	0.13612	0.86372	2.3185e-05	0.00014569
624	0.061877	0.93795	1.0532e-05	0.00016038
625	0.029713	0.97011	5.081e-06	0.00016793
626	0.016706	0.98312	2.9011e-06	0.00017228
627	0.012516	0.98731	2.1944e-06	0.00017512
628	0.012118	0.9877	2.1396e-06	0.00017726
629	0.014148	0.98567	2.5304e-06	0.00017902
630	0.020109	0.97971	3.6674e-06	0.00018009
631	0.040149	0.95967	7.4103e-06	0.00017851
632	0.089457	0.91035	1.6877e-05	0.00017128
633	0.23003	0.76978	4.379e-05	0.00014657
634	0.63045	0.36936	0.00012032	7.2181e-05
635	0.72051	0.27929	0.0001393	5.544e-05
636	0.94274	0.057063	0.00018565	1.1449e-05
637	0.94515	0.054651	0.00018854	1.1061e-05
638	0.95851	0.041293	0.00019358	8.4281e-06
639	0.99882	0.00097112	0.00020413	2.0476e-07
640	0.9996	0.00019383	0.00020677	4.2107e-08
641	0.99812	0.0016662	0.00020882	3.6537e-07
642	0.99662	0.0031702	0.00021101	6.9935e-07
643	0.9976	0.0021862	0.00021363	5.0373e-07
644	0.99671	0.0030715	0.00021598	7.2079e-07
645	0.99778	0.0020028	0.00021891	4.944e-07
646	0.95577	0.044008	0.00021106	1.0942e-05
647	0.93824	0.061537	0.0002093	1.5436e-05
648	0.935	0.064777	0.00021085	1.6519e-05
649	0.86146	0.13831	0.00019468	3.5464e-05
650	0.83045	0.16932	0.00018924	4.3811e-05
651	0.82367	0.17609	0.00018965	4.6214e-05
652	0.78115	0.21861	0.0001809	5.79e-05
653	0.76853	0.23123	0.0001796	6.2064e-05
654	0.76804	0.23171	0.00018153	6.3123e-05
655	0.74241	0.25734	0.00017702	7.0783e-05
656	0.7374	0.26235	0.0001777	7.3154e-05
657	0.74379	0.25596	0.0001815	7.2549e-05
658	0.74659	0.25315	0.00018457	7.2827e-05
659	0.7678	0.23194	0.00019238	6.8283e-05
660	0.82023	0.17951	0.00020888	5.5193e-05
661	0.83339	0.16635	0.00021491	5.2461e-05
662	0.87021	0.12951	0.00022777	4.3075e-05
663	0.95687	0.042858	0.00025522	1.9259e-05
664	0.95436	0.045367	0.00025408	1.9452e-05
665	0.95907	0.040661	0.00025538	1.7126e-05
666	0.97663	0.023097	0.00026166	9.7402e-06
667	0.97963	0.020097	0.00026211	8.2944e-06
668	0.98201	0.017716	0.00026242	7.1174e-06
669	0.99221	0.0075186	0.00026556	3.0127e-06
670	0.99967	6.5969e-05	0.00026771	2.6024e-08
671	0.9991	0.00063536	0.00026663	1.7838e-07
672	0.99966	7.7113e-05	0.00026598	2.1242e-08
673	0.99689	0.0028436	0.00026458	7.4085e-07
674	0.99677	0.002964	0.00026378	7.7027e-07
675	0.99947	0.00026487	0.00026362	7.1394e-08
676	0.9988	0.00093632	0.00026271	2.5405e-07
677	0.99853	0.0012028	0.00026204	3.245e-07
678	0.99973	4.9516e-06	0.0002619	1.3212e-09
679	0.99965	8.7901e-05	0.00026133	2.3557e-08
680	0.9986	0.001143	0.00026061	3.0183e-07
681	0.99889	0.00085189	0.00026037	2.2255e-07
682	0.99847	0.001267	0.00025985	3.3124e-07
683	0.99807	0.0016656	0.00025945	4.308e-07
684	0.99973	1.3479e-05	0.00025948	3.5427e-09
685	0.99721	0.0025317	0.00025833	6.7737e-07
686	0.99694	0.0028043	0.00025791	7.4869e-07
687	0.99868	0.0010664	0.00025814	2.8466e-07
688	0.99887	0.00087408	0.00025809	2.2798e-07
689	0.99819	0.0015523	0.00025774	3.9975e-07
690	0.9994	0.00034236	0.00025777	8.9392e-08
691	0.99971	3.3023e-05	0.00025769	8.7749e-09
692	0.99931	0.00043622	0.00025753	1.1395e-07
693	0.99773	0.002013	0.00025719	5.1789e-07
694	0.99128	0.0084591	0.00025576	2.1414e-06
695	0.99035	0.0093917	0.00025562	2.3797e-06
696	0.99233	0.0074093	0.00025636	1.8578e-06
697	0.98551	0.014236	0.00025477	3.5751e-06
698	0.98448	0.015261	0.00025456	3.8357e-06
699	0.98373	0.016016	0.00025433	4.0381e-06
700	0.98233	0.017416	0.00025406	4.3878e-06
701	0.98568	0.014058	0.00025492	3.5335e-06
702	0.99931	0.00043637	0.00025826	1.1031e-07
703	0.99854	0.001197	0.00025811	3.0393e-07
704	0.99934	0.00040246	0.00025827	1.0167e-07
705	0.9996	0.00013868	0.00025821	3.5786e-08
706	0.99719	0.0025542	0.00025734	6.7919e-07
707	0.99688	0.0028612	0.00025714	7.6043e-07
708	0.99846	0.0012869	0.00025756	3.4301e-07
709	0.99694	0.0027973	0.00025706	7.4369e-07
710	0.99729	0.0024538	0.00025717	6.5297e-07
711	0.99974	2.5674e-06	0.00025795	7.9913e-10
712	0.98692	0.012824	0.00025561	3.5613e-06
713	0.97265	0.027093	0.00025268	7.6171e-06
714	0.96793	0.031805	0.00025257	8.9901e-06
715	0.898	0.10174	0.00023379	2.8952e-05
716	0.87032	0.12942	0.00022714	3.6904e-05
717	0.86298	0.13676	0.00022602	3.9253e-05
718	0.85554	0.1442	0.00022471	4.1704e-05
719	0.85758	0.14215	0.00022618	4.1478e-05
720	0.87169	0.12804	0.00023113	3.7908e-05
721	0.78806	0.21167	0.00020843	6.2119e-05
722	0.75993	0.2398	0.00020127	7.0707e-05
723	0.75515	0.24458	0.00020067	7.2657e-05
724	0.72432	0.27541	0.00019212	8.2463e-05
725	0.71467	0.28506	0.00019004	8.5927e-05
726	0.71788	0.28185	0.0001918	8.5672e-05
727	0.74344	0.25628	0.00019959	7.9307e-05
728	0.80558	0.19414	0.00021774	6.268e-05
729	0.95027	0.049449	0.00025968	2.2397e-05
730	0.94921	0.050511	0.00025731	2.1959e-05
731	0.95618	0.043546	0.0002578	1.8569e-05
732	0.97495	0.024773	0.00026327	1.0348e-05
733	0.9791	0.020625	0.00026238	8.393e-06
734	0.9776	0.02213	0.00025932	8.5171e-06
735	0.9806	0.019134	0.0002579	7.1563e-06
736	0.97758	0.022155	0.00025472	7.7232e-06
737	0.82849	0.17125	0.00021407	4.5656e-05
738	0.76833	0.23141	0.00019706	6.0094e-05
739	0.55141	0.44834	0.00014115	0.00011334
740	0.48406	0.51568	0.00012287	0.00012889
741	0.46522	0.53453	0.00011679	0.00013215
742	0.43694	0.56281	0.00010868	0.00013756
743	0.43143	0.56832	0.00010613	0.00013734
744	0.44419	0.55557	0.00010791	0.00013272
745	0.43747	0.5623	0.00010488	0.00013283
746	0.44429	0.55548	0.00010522	0.00012969
747	0.47054	0.52923	0.00011021	0.00012202
748	0.4725	0.52727	0.00010935	0.00012013
749	0.49729	0.50248	0.0001135	0.00011314
750	0.56225	0.43752	0.00012672	9.7216e-05
751	0.77168	0.2281	0.00017088	5.0265e-05
752	0.81808	0.18171	0.00017903	3.9466e-05
753	0.96846	0.031323	0.00020894	6.8101e-06
754	0.96924	0.030546	0.00020659	6.5579e-06
755	0.97749	0.022303	0.00020569	4.7534e-06
756	0.99817	0.0016209	0.00020753	3.5054e-07
757	0.9981	0.001691	0.00020511	3.6012e-07
758	0.99967	0.0001261	0.00020315	2.6851e-08
759	0.99979	9.2447e-06	0.00020101	1.9316e-09
760	0.99974	6.2947e-05	0.00019896	1.2802e-08
761	0.99971	8.915e-05	0.00019704	1.7964e-08
762	0.99914	0.00066083	0.00019492	1.3475e-07
763	0.99745	0.0023566	0.00019272	4.7109e-07
764	0.99757	0.0022369	0.00019099	4.4333e-07
765	0.99974	6.7359e-05	0.00018978	1.413e-08
766	0.99901	0.00080303	0.00018838	1.5282e-07
767	0.99856	0.0012559	0.00018696	2.3917e-07
768	0.99946	0.0003554	0.00018589	6.7914e-08
769	0.99964	0.00017936	0.00018479	3.369e-08
770	0.99885	0.00097091	0.00018343	1.8147e-07
771	0.99815	0.0016724	0.0001822	3.0778e-07
772	0.99782	0.0020006	0.00018096	3.6812e-07
773	0.99913	0.00069385	0.00018011	1.2738e-07
774	0.99942	0.00039946	0.000179	7.5235e-08
775	0.99775	0.0020706	0.00017762	3.8477e-07
776	0.99577	0.0040542	0.00017629	7.4392e-07
777	0.9961	0.0037271	0.00017549	6.7966e-07
778	0.99441	0.005413	0.00017424	9.822e-07
779	0.99507	0.0047578	0.00017351	8.608e-07
780	0.99855	0.0012769	0.00017337	2.3208e-07
781	0.99565	0.0041767	0.00017221	7.3054e-07
782	0.99304	0.0067866	0.00017102	1.183e-06
783	0.99317	0.0066597	0.00017039	1.1526e-06
784	0.99334	0.0064845	0.0001697	1.1191e-06
785	0.99635	0.0034831	0.0001696	5.9409e-07
786	0.99972	0.00011259	0.00016946	1.9157e-08
787	0.99884	0.00099145	0.00016869	1.6481e-07
788	0.99837	0.0014642	0.00016791	2.4354e-07
789	0.99941	0.00042568	0.00016748	6.5438e-08
790	0.99649	0.0033366	0.00017081	6.0999e-07
791	0.99638	0.003449	0.00017452	6.6505e-07
792	0.99836	0.0014639	0.00017879	3.3382e-07
793	0.99703	0.0027886	0.00018227	6.7782e-07
794	0.99751	0.0022984	0.00018631	6.3913e-07
795	0.99601	0.0037953	0.00019	1.1102e-06
796	0.97101	0.028794	0.00018702	8.4409e-06
797	0.96091	0.038888	0.00018831	1.1684e-05
798	0.95864	0.041151	0.0001919	1.2829e-05
799	0.96417	0.035621	0.00019722	1.2118e-05
800	0.96771	0.032085	0.00019868	1.0748e-05
801	0.97982	0.019972	0.00020297	6.6528e-06
802	0.98922	0.010575	0.00020647	3.4541e-06
803	0.98724	0.012545	0.00020639	3.7625e-06
804	0.98974	0.01005	0.00020734	2.9571e-06
805	0.98062	0.019168	0.00020572	4.8291e-06
806	0.9788	0.020991	0.00020555	5.1604e-06
807	0.98104	0.018747	0.00020643	4.5546e-06
808	0.98217	0.017618	0.00020714	4.2069e-06
809	0.97792	0.021867	0.00020658	5.0538e-06
810	0.97956	0.020229	0.00020721	4.6372e-06
811	0.98954	0.010246	0.00020962	2.3447e-06
812	0.9992	0.00059034	0.00021185	1.6538e-07
813	0.999	0.00078368	0.00021192	2.3268e-07
814	0.9941	0.0056845	0.00021055	1.6732e-06
815	0.9933	0.0064893	0.00021021	1.9971e-06
816	0.99517	0.0046149	0.00021065	1.6581e-06
817	0.99007	0.009726	0.00020539	2.712e-06
818	0.9889	0.010892	0.00020122	2.8541e-06
819	0.99082	0.0089763	0.00019793	2.2822e-06
820	0.98863	0.011171	0.0001939	2.6397e-06
821	0.99028	0.0095266	0.00019057	2.1906e-06
822	0.99666	0.0031552	0.00018844	7.169e-07
823	0.99621	0.0036009	0.00018466	7.7622e-07
824	0.9955	0.0043211	0.00018099	8.8594e-07
825	0.99705	0.0027756	0.00017793	5.571e-07
826	0.99296	0.0068649	0.000174	1.2628e-06
827	0.9927	0.0071302	0.00017066	1.2829e-06
828	0.99539	0.0044416	0.000168	7.8244e-07
829	0.99536	0.0044746	0.00016475	7.7117e-07
830	0.99546	0.0043775	0.00016143	7.4359e-07
831	0.99815	0.0016904	0.00015869	2.911e-07
832	0.97977	0.020076	0.00015234	3.3545e-06
833	0.97305	0.026799	0.00014818	4.3779e-06
834	0.9722	0.027652	0.00014514	4.4324e-06
835	0.97039	0.029466	0.0001421	4.6195e-06
836	0.95955	0.040303	0.00013762	6.158e-06
837	0.95694	0.042918	0.00013456	6.4182e-06
838	0.90235	0.09751	0.00012395	1.4141e-05
839	0.87958	0.12029	0.00011829	1.7026e-05
840	0.87425	0.12562	0.00011503	1.7431e-05
841	0.84395	0.15592	0.00010832	2.1213e-05
842	0.80079	0.19909	0.00010026	2.6457e-05
843	0.74021	0.25967	9.0411e-05	3.3597e-05
844	0.71536	0.28451	8.5461e-05	3.594e-05
845	0.70881	0.29107	8.295e-05	3.5952e-05
846	0.7149	0.28498	8.2072e-05	3.4434e-05
847	0.74694	0.25294	8.4116e-05	2.9918e-05
848	0.85302	0.14687	9.4283e-05	1.7204e-05
849	0.9281	0.071792	0.00010068	8.3553e-06
850	0.93107	0.068826	9.8871e-05	7.8327e-06
851	0.94644	0.053458	9.8299e-05	5.9957e-06
852	0.9862	0.013696	0.00010041	1.5855e-06
853	0.98374	0.016159	9.7991e-05	1.813e-06
854	0.98519	0.014714	9.6096e-05	1.6222e-06
855	0.99179	0.0081159	9.4831e-05	9.0256e-07
856	0.98313	0.016772	9.2113e-05	1.7393e-06
857	0.94366	0.056249	8.658e-05	5.4747e-06
858	0.76496	0.23495	6.8479e-05	2.1859e-05
859	0.5195	0.48041	4.5376e-05	4.3324e-05
860	0.4431	0.55681	3.772e-05	4.9285e-05
861	0.41335	0.58656	3.4458e-05	5.0914e-05
862	0.4088	0.59112	3.3353e-05	5.0334e-05
863	0.41778	0.58213	3.3425e-05	4.8637e-05
864	0.44804	0.55188	3.5249e-05	4.5247e-05
865	0.5492	0.45072	4.2471e-05	3.6406e-05
866	0.78343	0.21649	5.9933e-05	1.7381e-05
867	0.79963	0.2003	5.9875e-05	1.5813e-05
868	0.70883	0.29109	5.1782e-05	2.2352e-05
869	0.57997	0.41995	4.1347e-05	3.1293e-05
870	0.52489	0.47504	3.6657e-05	3.4541e-05
871	0.44749	0.55244	3.0702e-05	3.9104e-05
872	0.422	0.57793	2.8361e-05	4.0006e-05
873	0.41953	0.5804	2.7573e-05	3.9307e-05
874	0.4165	0.58344	2.6714e-05	3.863e-05
875	0.4262	0.57374	2.6716e-05	3.7136e-05
876	0.45791	0.54203	2.8128e-05	3.4284e-05
877	0.43798	0.56196	2.6348e-05	3.4673e-05
878	0.43694	0.563	2.5691e-05	3.3895e-05
879	0.44922	0.55072	2.5859e-05	3.2333e-05
880	0.43715	0.5628	2.4651e-05	3.219e-05
881	0.43834	0.56161	2.4237e-05	3.1293e-05
882	0.43709	0.56286	2.365e-05	3.0525e-05
883	0.43387	0.56608	2.2928e-05	2.9848e-05
884	0.42518	0.57477	2.1975e-05	2.9442e-05
885	0.42912	0.57083	2.1709e-05	2.8387e-05
886	0.40532	0.59463	2.0164e-05	2.8648e-05
887	0.39874	0.60121	1.9478e-05	2.8084e-05
888	0.40551	0.59445	1.9469e-05	2.6882e-05
889	0.40639	0.59356	1.9195e-05	2.5978e-05
890	0.4022	0.59776	1.8723e-05	2.5303e-05
891	0.39286	0.60709	1.808e-05	2.483e-05
892	0.37844	0.62152	1.7296e-05	2.4532e-05
893	0.37762	0.62234	1.7088e-05	2.3685e-05
894	0.38981	0.61015	1.7503e-05	2.2244e-05
895	0.39957	0.60039	1.8782e-05	2.3401e-05
896	0.34234	0.65761	1.6815e-05	2.7745e-05
897	0.32064	0.67931	1.6496e-05	3.0507e-05
898	0.23927	0.76068	1.2759e-05	3.6635e-05
899	0.20693	0.79302	1.1499e-05	4.0347e-05
900	0.19806	0.80188	1.143e-05	4.2824e-05
901	0.20204	0.7979	1.2051e-05	4.4568e-05
902	0.20173	0.79821	1.2463e-05	4.6574e-05
903	0.2131	0.78684	1.3626e-05	4.789e-05
904	0.21953	0.78041	1.4569e-05	4.9492e-05
905	0.24666	0.75327	1.6883e-05	4.9677e-05
906	0.33675	0.66318	2.3503e-05	4.5505e-05
907	0.40145	0.59848	2.8915e-05	4.2614e-05
908	0.55194	0.44799	4.1153e-05	3.2966e-05
909	0.98133	0.018595	7.5191e-05	1.4589e-06
910	0.9633	0.036626	7.604e-05	3.0076e-06
911	0.95829	0.041631	7.783e-05	3.5432e-06
912	0.95903	0.040887	8.0193e-05	3.6008e-06
913	0.95861	0.041305	8.257e-05	3.7527e-06
914	0.96402	0.035892	8.5582e-05	3.3712e-06
915	0.97926	0.020646	8.9673e-05	2.018e-06
916	0.93922	0.06069	8.8659e-05	5.8926e-06
917	0.92379	0.076111	8.998e-05	7.5584e-06
918	0.92099	0.078907	9.2386e-05	8.0588e-06
919	0.92746	0.072433	9.5652e-05	7.6195e-06
920	0.93162	0.068273	9.8845e-05	7.3795e-06
921	0.95181	0.048077	0.00010372	5.3696e-06
922	0.95431	0.04558	0.00010684	5.2253e-06
923	0.96449	0.035392	0.00011102	4.1496e-06
924	0.99973	0.00014803	0.00011816	1.8679e-08
925	0.99511	0.004768	0.00012073	5.9845e-07
926	0.99023	0.0096469	0.00012314	1.2513e-06
927	0.99016	0.0097149	0.00012604	1.3065e-06
928	0.93249	0.067378	0.00012118	9.2726e-06
929	0.85221	0.14766	0.00011304	2.0645e-05
930	0.82819	0.17167	0.00011222	2.4607e-05
931	0.74488	0.25498	0.00010226	3.7625e-05
932	0.70982	0.29004	9.9279e-05	4.3768e-05
933	0.69706	0.30279	9.9617e-05	4.6715e-05
934	0.68161	0.31824	9.9345e-05	5.0194e-05
935	0.67994	0.31991	0.00010127	5.16e-05
936	0.69195	0.3079	0.00010548	5.085e-05
