#coord	neutral	conserved	gBGC.neutral	gBGC.conserved
1	0.96419	0.03282	0.0028858	9.9e-05
2	0.98573	0.011285	0.0029491	3.4086e-05
3	0.99037	0.0066513	0.0029617	1.9999e-05
4	0.99464	0.0023808	0.0029731	7.1144e-06
5	0.99565	0.0013705	0.0029746	4.0791e-06
6	0.99702	3.136e-06	0.002977	9.6293e-09
7	0.99702	5.6924e-06	0.0029757	1.7162e-08
8	0.99696	6.5585e-05	0.0029744	1.9748e-07
9	0.99696	6.6366e-05	0.0029735	1.9984e-07
10	0.99699	3.569e-05	0.0029727	1.0778e-07
11	0.99683	0.00019389	0.0029715	5.8302e-07
12	0.997	2.8272e-05	0.0029714	8.5211e-08
13	0.99701	2.241e-05	0.0029709	6.739e-08
14	0.99692	0.00010718	0.0029703	3.2068e-07
15	0.99677	0.00025589	0.0029695	7.784e-07
16	0.99693	0.00010453	0.0029696	3.3577e-07
17	0.99699	3.5967e-05	0.0029696	1.7804e-07
18	0.99687	0.00017511	0.0029589	5.5318e-07
19	0.99704	1.0409e-05	0.0029493	3.1655e-08
20	0.99648	0.00057772	0.0029374	1.7173e-06
21	0.99701	6.2777e-05	0.002929	1.8692e-07
22	0.997	7.8628e-05	0.0029192	2.3191e-07
23	0.99699	0.00010096	0.0029095	2.9329e-07
24	0.99692	0.0001758	0.0028996	5.116e-07
25	0.99658	0.00053196	0.0028888	1.5565e-06
26	0.9964	0.00072224	0.0028786	2.1051e-06
27	0.99662	0.00051325	0.0028699	1.4818e-06
28	0.99635	0.00078622	0.0028596	2.263e-06
29	0.99628	0.00086699	0.0028502	2.4716e-06
30	0.99652	0.00064027	0.0028415	1.8144e-06
31	0.99714	2.3005e-05	0.0028338	6.558e-08
32	0.99647	0.00070178	0.0028226	1.989e-06
33	0.99623	0.000957	0.0028127	2.7041e-06
34	0.9964	0.00078893	0.0028039	2.2233e-06
35	0.99701	0.00019737	0.0027964	5.5782e-07
36	0.9972	1.0136e-05	0.0027879	2.8649e-08
37	0.99722	6.5897e-08	0.0027791	1.8378e-10
38	0.99637	0.00086195	0.0027678	2.4112e-06
39	0.99562	0.001618	0.002757	4.4925e-06
40	0.99661	0.00063592	0.002751	1.7773e-06
41	0.99658	0.00067846	0.0027423	1.8956e-06
42	0.99675	0.00051038	0.0027343	1.4242e-06
43	0.99714	0.00012858	0.0027272	3.6188e-07
44	0.99517	0.0021133	0.0027137	5.8494e-06
45	0.99294	0.0043463	0.0026998	1.1948e-05
46	0.99314	0.0041514	0.0026928	1.1356e-05
47	0.99372	0.0035884	0.0026866	9.8044e-06
48	0.99703	0.00028325	0.0026881	7.7633e-07
49	0.99728	3.9272e-05	0.0026814	1.0602e-07
50	0.99733	6.5199e-07	0.0026741	1.7444e-09
51	0.99717	0.00016276	0.0026661	4.3843e-07
52	0.99734	4.0194e-06	0.0026592	1.0793e-08
53	0.99637	0.00097311	0.0026495	2.5785e-06
54	0.99699	0.00036381	0.0026438	9.6857e-07
55	0.99713	0.00023143	0.0026371	6.1491e-07
56	0.99698	0.00039015	0.0026298	1.024e-06
57	0.99725	0.00013101	0.0026235	3.406e-07
58	0.99689	0.00048862	0.0026155	1.2723e-06
59	0.99696	0.00042633	0.0026085	1.1104e-06
60	0.99725	0.00014263	0.0026022	3.5926e-07
61	0.99522	0.0021876	0.00259	5.4933e-06
62	0.98731	0.010101	0.0025615	2.6044e-05
63	0.97939	0.018029	0.0025328	4.6642e-05
64	0.97743	0.020002	0.00252	5.1588e-05
65	0.97972	0.017718	0.0025184	4.5475e-05
66	0.9897	0.0077479	0.0025364	1.9734e-05
67	0.99225	0.0052015	0.0025351	1.3197e-05
68	0.9951	0.0023646	0.0025343	6.0085e-06
69	0.99738	8.2729e-05	0.0025323	2.1054e-07
70	0.99668	0.00079601	0.0025226	2.0393e-06
71	0.99713	0.00035025	0.0025161	9.0451e-07
72	0.99725	0.00024486	0.0025088	6.3846e-07
73	0.99284	0.0046619	0.0024898	1.2127e-05
74	0.9924	0.0051085	0.0024809	1.3371e-05
75	0.99526	0.0022546	0.0024801	6.3517e-06
76	0.99349	0.0040332	0.0024674	1.1491e-05
77	0.99426	0.0032728	0.0024614	9.8684e-06
78	0.99482	0.0027191	0.0024549	8.8452e-06
79	0.98827	0.0092769	0.0024263	3.0159e-05
80	0.98701	0.010539	0.002414	3.507e-05
81	0.98878	0.0087738	0.0024104	3.1466e-05
82	0.98159	0.01598	0.0023768	5.7784e-05
83	0.97989	0.017681	0.0023621	6.5332e-05
84	0.98224	0.015339	0.0023596	6.0922e-05
85	0.84732	0.15028	0.0020183	0.0003774
86	0.80066	0.19697	0.0018882	0.00048247
87	0.78332	0.21433	0.0018292	0.00051695
88	0.76337	0.23431	0.0017646	0.00055684
89	0.76103	0.23667	0.0017409	0.0005557
90	0.77555	0.22218	0.0017559	0.00051576
91	0.81613	0.18163	0.001831	0.00041608
92	0.78213	0.21565	0.0017359	0.00048641
93	0.73741	0.26039	0.0016182	0.00057916
94	0.58356	0.41427	0.0012636	0.00090857
95	0.36918	0.62867	0.00078949	0.0013579
96	0.3025	0.69538	0.0006381	0.0014844
97	0.21445	0.78345	0.00044652	0.0016514
98	0.17923	0.81869	0.00036911	0.0017045
99	0.17054	0.82741	0.00034705	0.0017023
100	0.15706	0.84091	0.0003161	0.0017092
101	0.15799	0.84001	0.00031427	0.0016869
102	0.17472	0.82331	0.00034339	0.0016336
103	0.088301	0.90975	0.00017141	0.0017817
104	0.058206	0.93986	0.00011126	0.0018179
105	0.048348	0.94975	9.0949e-05	0.0018142
106	0.033248	0.96487	6.1445e-05	0.0018199
107	0.02952	0.96862	5.3636e-05	0.0018039
108	0.02988	0.96829	5.3529e-05	0.0017805
109	0.035043	0.96315	6.2076e-05	0.0017486
110	0.016987	0.98123	2.9464e-05	0.0017582
111	0.0097323	0.9885	1.6559e-05	0.0017483
112	0.0079546	0.9903	1.3276e-05	0.0017288
113	0.0080943	0.99019	1.3326e-05	0.0017062
114	0.010481	0.98782	1.7129e-05	0.00168
115	0.011978	0.98635	1.9316e-05	0.0016554
116	0.016762	0.98159	2.6789e-05	0.0016258
117	0.029167	0.9692	4.637e-05	0.0015844
118	0.059882	0.93851	9.4818e-05	0.0015143
119	0.14757	0.85084	0.00023097	0.0013564
120	0.3974	0.60103	0.00061186	0.00095379
121	0.39261	0.60584	0.00059571	0.00094847
122	0.40382	0.59466	0.0006038	0.00091883
123	0.44443	0.55407	0.00065446	0.00084653
124	0.47434	0.52418	0.00068841	0.00079125
125	0.4745	0.52404	0.00067848	0.00078017
126	0.48978	0.50878	0.0006906	0.00074735
127	0.45416	0.54442	0.0006294	0.00078777
128	0.44259	0.55601	0.0006039	0.00079277
129	0.44511	0.55352	0.00059857	0.00077791
130	0.36213	0.63651	0.00047856	0.00087805
131	0.26472	0.73394	0.00034198	0.00099467
132	0.23526	0.76342	0.00029787	0.0010187
133	0.20449	0.79422	0.00025293	0.0010436
134	0.19303	0.8057	0.00023415	0.0010425
135	0.19313	0.80562	0.00023036	0.0010266
136	0.1695	0.82926	0.00019782	0.0010398
137	0.16543	0.83335	0.00018949	0.0010287
138	0.17052	0.82829	0.00019215	0.0010068
139	0.15721	0.84161	0.00017354	0.0010064
140	0.15703	0.84181	0.00017022	0.00099069
141	0.16651	0.83235	0.0001777	0.0009644
142	0.17134	0.82754	0.0001799	0.0009436
143	0.18892	0.80997	0.00019575	0.00090936
144	0.23226	0.76666	0.00023854	0.00084839
145	0.26153	0.73741	0.00026626	0.00080302
146	0.33122	0.66772	0.00033635	0.00071549
147	0.50333	0.49564	0.00051294	0.00052169
148	0.99406	0.0049202	0.0010122	5.1544e-06
149	0.99425	0.0047481	0.00099551	4.8775e-06
150	0.99716	0.001861	0.00098187	1.8724e-06
151	0.99612	0.0029157	0.00096412	2.8589e-06
152	0.99061	0.0084348	0.0009425	8.0287e-06
153	0.98525	0.013817	0.00092101	1.2922e-05
154	0.98536	0.013727	0.00090456	1.2627e-05
155	0.97894	0.020162	0.00088256	1.8201e-05
156	0.97902	0.020099	0.00086636	1.7831e-05
157	0.98351	0.015626	0.00085429	1.3605e-05
158	0.98763	0.01152	0.00084163	9.8626e-06
159	0.99878	0.00038744	0.00083504	3.2736e-07
160	0.99672	0.0024606	0.00081749	2.0201e-06
161	0.99694	0.002261	0.00080172	1.8253e-06
162	0.99911	0.00010234	0.00078777	8.0579e-08
163	0.99907	0.00015956	0.00077194	1.2287e-07
164	0.99898	0.00025927	0.00075595	1.9699e-07
165	0.99918	8.4366e-05	0.00074043	6.2272e-08
166	0.99311	0.0061673	0.00072073	4.4104e-06
167	0.97307	0.026219	0.00069122	1.8427e-05
168	0.96786	0.031446	0.00067239	2.1639e-05
169	0.96963	0.02969	0.00065828	1.9988e-05
170	0.97758	0.021758	0.00064849	1.4289e-05
171	0.98472	0.014637	0.00063779	9.3847e-06
172	0.98503	0.014338	0.00062287	8.9651e-06
173	0.98044	0.018945	0.00060478	1.1578e-05
174	0.97545	0.023947	0.00058647	1.4304e-05
175	0.94892	0.050494	0.00055604	2.9408e-05
176	0.94199	0.057445	0.00053739	3.2605e-05
177	0.94422	0.055229	0.00052389	3.0528e-05
178	0.94452	0.054944	0.00050955	2.954e-05
179	0.95526	0.044213	0.0005005	2.3139e-05
180	0.98215	0.017343	0.00049961	8.8387e-06
181	0.98781	0.011701	0.00048729	5.8209e-06
182	0.99193	0.0075882	0.00047434	3.6845e-06
183	0.99514	0.004397	0.00046175	2.0384e-06
184	0.99554	0.0040073	0.00044764	1.7774e-06
185	0.9963	0.0032677	0.00043354	1.381e-06
186	0.99687	0.0027049	0.0004196	1.0749e-06
187	0.99564	0.0039548	0.00040483	1.4933e-06
188	0.99644	0.0031659	0.00039111	1.0976e-06
189	0.99707	0.0025498	0.00037756	7.7854e-07
190	0.97691	0.022724	0.00035781	6.5429e-06
191	0.96949	0.030164	0.00034245	8.1829e-06
192	0.96915	0.030514	0.00032916	7.6497e-06
193	0.9589	0.040774	0.00031366	9.5679e-06
194	0.94712	0.052573	0.00029803	1.153e-05
195	0.89468	0.10503	0.00027465	2.148e-05
196	0.82597	0.17375	0.00024992	3.3009e-05
197	0.74566	0.25406	0.00022396	5.7116e-05
198	0.71887	0.28085	0.00021424	6.4954e-05
199	0.40828	0.59144	0.00011924	0.00015804
200	0.28195	0.71778	8.0903e-05	0.0001945
201	0.23102	0.7687	6.5418e-05	0.00020813
202	0.21163	0.7881	5.9328e-05	0.00021241
203	0.20893	0.7908	5.7993e-05	0.0002119
204	0.21648	0.78325	5.9461e-05	0.00020863
205	0.23988	0.75985	6.5076e-05	0.00020123
206	0.23814	0.7616	6.4075e-05	0.00020047
207	0.24838	0.75136	6.6269e-05	0.00019654
208	0.25333	0.7464	6.7089e-05	0.00019402
209	0.27421	0.72553	7.2066e-05	0.00018736
210	0.3458	0.65394	8.9925e-05	0.00016781
211	0.51188	0.48787	0.00013189	0.00012417
212	0.98549	0.014256	0.00025095	3.4234e-06
213	0.98698	0.012764	0.00024882	3.0539e-06
214	0.5104	0.48935	0.00012601	0.00012334
215	0.31634	0.68342	7.6593e-05	0.00017027
216	0.2376	0.76215	5.6622e-05	0.00018779
217	0.20636	0.7934	4.8567e-05	0.00019343
218	0.19955	0.80021	4.643e-05	0.00019313
219	0.20351	0.79626	4.6883e-05	0.00019027
220	0.22164	0.77813	5.0652e-05	0.00018413
221	0.28433	0.71544	6.454e-05	0.00016785
222	0.42983	0.56994	9.7208e-05	0.00013282
223	0.53403	0.46574	0.00012001	0.0001077
224	0.53392	0.46585	0.0001188	0.00010661
225	0.53312	0.46666	0.0001174	0.0001057
226	0.42385	0.57593	9.2269e-05	0.00012854
227	0.31259	0.68719	6.7041e-05	0.00015147
228	0.26797	0.73181	5.6786e-05	0.00015946
229	0.21153	0.78826	4.4323e-05	0.00016968
230	0.19312	0.80667	4.0002e-05	0.00017175
231	0.192	0.80779	3.9326e-05	0.00017015
232	0.16813	0.83166	3.393e-05	0.00017325
233	0.15984	0.83996	3.1855e-05	0.00017306
234	0.16166	0.83814	3.1871e-05	0.0001708
235	0.17793	0.82187	3.4716e-05	0.0001657
236	0.2183	0.7815	4.2252e-05	0.00015594
237	0.31875	0.68105	6.1429e-05	0.00013456
238	0.24444	0.75537	4.6552e-05	0.00014727
239	0.22251	0.77729	4.1856e-05	0.00014977
240	0.21582	0.78399	4.0144e-05	0.00014932
241	0.20863	0.79118	3.8344e-05	0.00014894
242	0.21164	0.78818	3.8474e-05	0.00014665
243	0.23162	0.7682	4.166e-05	0.00014129
244	0.29994	0.69988	5.3375e-05	0.00012739
245	0.45838	0.54144	8.0919e-05	9.7676e-05
246	0.84763	0.15219	0.00014888	2.758e-05
247	0.85276	0.14707	0.00014801	2.6355e-05
248	0.87598	0.12385	0.00015022	2.2023e-05
249	0.93188	0.067953	0.00015803	1.2137e-05
250	0.94587	0.053967	0.00015852	9.6001e-06
251	0.93638	0.063456	0.000155	1.1111e-05
252	0.9353	0.064533	0.00015299	1.1161e-05
253	0.94321	0.056629	0.00015243	9.7234e-06
254	0.92485	0.074985	0.00014756	1.2633e-05
255	0.91927	0.080574	0.00014489	1.3386e-05
256	0.91382	0.086024	0.00014222	1.4107e-05
257	0.91598	0.083867	0.00014081	1.3599e-05
258	0.92734	0.07251	0.00014087	1.1655e-05
259	0.92562	0.074228	0.00013892	1.1771e-05
260	0.9311	0.068747	0.0001381	1.0774e-05
261	0.94784	0.052014	0.00013902	8.0705e-06
262	0.95032	0.049532	0.00013777	7.5787e-06
263	0.96146	0.038394	0.00013785	5.7903e-06
264	0.99972	0.00013314	0.00014188	1.9773e-08
265	0.99875	0.0011097	0.00013998	1.5681e-07
266	0.99909	0.00076765	0.0001383	1.0649e-07
267	0.99984	2.6321e-05	0.00013664	3.6267e-09
268	0.99979	7.9255e-05	0.0001349	1.0697e-08
269	0.99923	0.00063932	0.00013307	8.5758e-08
270	0.9998	6.9496e-05	0.00013142	9.2159e-09
271	0.99926	0.00060937	0.0001296	8.0041e-08
272	0.9989	0.00097389	0.00012784	1.2599e-07
273	0.99986	1.0203e-05	0.00012629	1.3116e-09
274	0.99979	8.2669e-05	0.00012463	1.0391e-08
275	0.99889	0.00098476	0.0001229	1.2129e-07
276	0.99957	0.00030862	0.00012134	3.8324e-08
277	0.89588	0.104	0.00010706	1.2707e-05
278	0.86018	0.1397	0.00010126	1.6867e-05
279	0.84966	0.15023	9.8557e-05	1.7915e-05
280	0.83376	0.16612	9.5291e-05	1.955e-05
281	0.76724	0.23264	8.6282e-05	2.6958e-05
282	0.74148	0.25841	8.2165e-05	2.9499e-05
283	0.7154	0.28449	7.8054e-05	3.2012e-05
284	0.70723	0.29266	7.6031e-05	3.2462e-05
285	0.69336	0.30653	7.345e-05	3.3492e-05
286	0.67302	0.32687	7.0261e-05	3.5153e-05
287	0.65163	0.34827	6.699e-05	3.6874e-05
288	0.64733	0.35257	6.5572e-05	3.6766e-05
289	0.641	0.3589	6.3938e-05	3.6855e-05
290	0.6504	0.3495	6.3866e-05	3.5362e-05
291	0.68677	0.31313	6.6362e-05	3.1282e-05
292	0.63584	0.36406	6.0243e-05	3.5797e-05
293	0.61716	0.38275	5.7438e-05	3.7022e-05
294	0.61371	0.3862	5.6148e-05	3.6753e-05
295	0.57503	0.42488	5.1663e-05	3.9702e-05
296	0.53049	0.46942	4.6731e-05	4.3079e-05
297	0.51342	0.48649	4.4409e-05	4.3866e-05
298	0.42463	0.57529	3.5959e-05	5.0799e-05
299	0.38718	0.61274	3.2171e-05	5.3088e-05
300	0.37457	0.62535	3.0578e-05	5.32e-05
301	0.32157	0.67835	2.571e-05	5.657e-05
302	0.30166	0.69826	2.3666e-05	5.7133e-05
303	0.2968	0.70312	2.2871e-05	5.6461e-05
304	0.30434	0.69558	2.3065e-05	5.4818e-05
305	0.33554	0.66438	2.5038e-05	5.1379e-05
306	0.41001	0.58992	3.0235e-05	4.4732e-05
307	0.64912	0.3508	4.7377e-05	2.6123e-05
308	0.81738	0.18255	5.876e-05	1.3291e-05
309	0.98156	0.01837	6.9252e-05	1.3263e-06
310	0.97926	0.020675	6.7672e-05	1.4588e-06
311	0.98128	0.018656	6.6422e-05	1.2873e-06
312	0.99077	0.0091657	6.5644e-05	6.2186e-07
313	0.9924	0.007533	6.4347e-05	4.9954e-07
314	0.9934	0.0065364	6.3027e-05	4.2227e-07
315	0.99958	0.00035981	6.2006e-05	2.2913e-08
316	0.93568	0.064256	5.6722e-05	3.907e-06
317	0.91401	0.085931	5.4099e-05	5.1107e-06
318	0.90631	0.093632	5.2374e-05	5.4357e-06
319	0.90689	0.093057	5.1161e-05	5.2691e-06
320	0.91903	0.080914	5.0562e-05	4.4674e-06
321	0.9519	0.048042	5.108e-05	2.5709e-06
322	0.96081	0.039134	5.0216e-05	2.0349e-06
323	0.96687	0.033079	4.9154e-05	1.6718e-06
324	0.9898	0.010153	4.8878e-05	5.0061e-07
325	0.99012	0.0098359	4.7481e-05	4.7088e-07
326	0.99488	0.0050705	4.6268e-05	2.3649e-07
327	0.99994	1.2352e-05	4.5081e-05	5.5752e-10
328	0.99734	0.0026142	4.3566e-05	1.1311e-07
329	0.99727	0.0026879	4.2143e-05	1.1249e-07
330	0.99995	1.0823e-05	4.0809e-05	4.4142e-10
331	0.99849	0.0014725	3.9325e-05	5.81e-08
332	0.97786	0.022104	3.7141e-05	8.3546e-07
333	0.97021	0.029753	3.551e-05	1.0803e-06
334	0.96972	0.030244	3.413e-05	1.0547e-06
335	0.9758	0.024168	3.2951e-05	8.0751e-07
336	0.99814	0.0018265	3.2253e-05	5.8338e-08
337	0.99566	0.0043065	3.075e-05	1.3158e-07
338	0.99598	0.0039923	2.9316e-05	1.162e-07
339	0.99991	6.1981e-05	2.7959e-05	1.7209e-09
340	0.99974	0.00023298	2.6507e-05	6.1115e-09
341	0.9991	0.00087365	2.5019e-05	2.1718e-08
342	0.99998	1.1207e-06	2.3546e-05	2.4831e-11
343	0.999	0.0009783	2.2053e-05	1.9879e-08
344	0.99844	0.0015425	2.055e-05	2.8425e-08
345	0.9994	0.00058149	1.9097e-05	6.9635e-09
346	0.99845	0.0015332	1.9077e-05	2.6073e-08
347	0.99741	0.002569	1.9057e-05	4.6403e-08
348	0.99845	0.0015315	1.9062e-05	2.8092e-08
349	0.99599	0.0039879	1.8988e-05	7.5969e-08
350	0.99599	0.0039949	1.8963e-05	7.645e-08
351	0.99842	0.0015586	1.8986e-05	3.018e-08
352	0.99305	0.0069319	1.8862e-05	1.3356e-07
353	0.99244	0.0075399	1.8815e-05	1.4561e-07
354	0.99474	0.00524	1.8826e-05	1.0184e-07
355	0.99371	0.0062703	1.8775e-05	1.216e-07
356	0.99529	0.0046914	1.8776e-05	9.1178e-08
357	0.99723	0.0027496	1.8787e-05	5.3625e-08
358	0.99692	0.0030614	1.8756e-05	5.9284e-08
359	0.99854	0.0014428	1.8763e-05	2.7931e-08
360	0.99995	2.8466e-05	1.8768e-05	5.5588e-10
361	0.9996	0.00037963	1.8739e-05	7.216e-09
362	0.99952	0.00045941	1.8717e-05	8.7174e-09
363	0.99876	0.0012212	1.8684e-05	2.2977e-08
364	0.9984	0.0015851	1.8645e-05	2.9892e-08
365	0.99801	0.0019729	1.8606e-05	3.7117e-08
366	0.9976	0.0023836	1.8567e-05	4.4598e-08
367	0.9976	0.0023853	1.8522e-05	4.4593e-08
368	0.99961	0.00036753	1.8517e-05	6.8087e-09
369	0.99956	0.00042089	1.8459e-05	7.753e-09
370	0.99729	0.0026885	1.8347e-05	4.9569e-08
371	0.99719	0.0027868	1.8276e-05	5.1021e-08
372	0.99987	0.00011585	1.8242e-05	2.1121e-09
373	0.99976	0.0002189	1.8142e-05	4.0333e-09
374	0.99754	0.0024438	1.8003e-05	4.4635e-08
375	0.99539	0.0045932	1.7868e-05	8.3137e-08
376	0.99556	0.0044217	1.7777e-05	7.9387e-08
377	0.99889	0.0010887	1.7728e-05	1.956e-08
378	0.99958	0.00040469	1.7632e-05	7.2504e-09
379	0.99961	0.00037612	1.7525e-05	6.6572e-09
380	0.999	0.00098182	1.7408e-05	1.7076e-08
381	0.99998	1.1066e-07	1.7305e-05	1.9242e-12
382	0.99891	0.0010691	1.7167e-05	1.8351e-08
383	0.99807	0.0019154	1.7021e-05	3.2746e-08
384	0.99886	0.0011266	1.6904e-05	1.9039e-08
385	0.99989	9.2553e-05	1.6777e-05	1.5438e-09
386	0.99998	7.4353e-06	1.6621e-05	1.2422e-10
387	0.99998	3.6827e-06	1.6464e-05	6.0771e-11
388	0.99876	0.0012252	1.6274e-05	2.0139e-08
389	0.99748	0.0025025	1.607e-05	4.0902e-08
390	0.99804	0.0019416	1.5897e-05	3.1524e-08
391	0.98139	0.018598	1.5434e-05	2.9884e-07
392	0.96432	0.035668	1.4974e-05	5.644e-07
393	0.95801	0.04197	1.4689e-05	6.5486e-07
394	0.93128	0.068705	1.408e-05	1.0566e-06
395	0.9217	0.078282	1.3743e-05	1.1862e-06
396	0.92222	0.077768	1.3548e-05	1.1622e-06
397	0.90805	0.091938	1.314e-05	1.3516e-06
398	0.8919	0.10809	1.2696e-05	1.5635e-06
399	0.88743	0.11256	1.2427e-05	1.6012e-06
400	0.89485	0.10514	1.2312e-05	1.4717e-06
401	0.91797	0.082015	1.2409e-05	1.1302e-06
402	0.97316	0.026826	1.293e-05	3.651e-07
403	0.96994	0.030048	1.2652e-05	4.001e-07
404	0.97184	0.028144	1.2443e-05	3.6677e-07
405	0.98339	0.016593	1.2342e-05	2.1166e-07
406	0.98615	0.013838	1.2111e-05	1.7281e-07
407	0.99469	0.0052999	1.195e-05	6.4556e-08
408	0.99672	0.0032665	1.1693e-05	3.8869e-08
409	0.99396	0.0060302	1.1365e-05	6.9848e-08
410	0.99403	0.0059556	1.1073e-05	6.714e-08
411	0.99679	0.0031959	1.0809e-05	3.4922e-08
412	0.99992	7.3841e-05	1.0534e-05	7.7991e-10
413	0.99996	2.6883e-05	1.0226e-05	2.3796e-10
414	0.997	0.0029916	9.8919e-06	2.4915e-08
415	0.9533	0.04669	9.238e-06	3.7036e-07
416	0.94048	0.059507	8.8355e-06	4.509e-07
417	0.93931	0.060679	8.5176e-06	4.3351e-07
418	0.93586	0.064136	8.1843e-06	4.3105e-07
419	0.93901	0.060983	7.9028e-06	3.762e-07
420	0.95432	0.045676	7.7017e-06	2.2833e-07
421	0.95634	0.043653	8.0461e-06	2.4158e-07
422	0.96813	0.031866	8.4422e-06	1.9032e-07
423	0.99884	0.0011484	8.9705e-06	7.3734e-09
424	0.98469	0.015302	9.1839e-06	1.4007e-07
425	0.97929	0.020704	9.4726e-06	1.9736e-07
426	0.97864	0.021351	9.8055e-06	2.1062e-07
427	0.97758	0.022408	1.0121e-05	2.2848e-07
428	0.982	0.017994	1.048e-05	1.8908e-07
429	0.99902	0.00097264	1.0965e-05	1.0663e-08
430	0.99759	0.002401	1.1239e-05	2.7507e-08
431	0.9789	0.021093	1.131e-05	2.48e-07
432	0.97206	0.027926	1.1515e-05	3.3606e-07
433	0.94808	0.051904	1.149e-05	6.3973e-07
434	0.91471	0.08528	1.1336e-05	1.0726e-06
435	0.90239	0.097598	1.1436e-05	1.253e-06
436	0.70015	0.29984	9.0771e-06	3.8913e-06
437	0.62979	0.3702	8.3322e-06	4.9037e-06
438	0.60694	0.39305	8.1817e-06	5.3094e-06
439	0.25644	0.74355	3.5254e-06	1.0221e-05
440	0.13347	0.86652	1.8607e-06	1.2129e-05
441	0.095249	0.90474	1.3421e-06	1.2881e-05
442	0.080409	0.91958	1.1485e-06	1.3305e-05
443	0.077465	0.92252	1.121e-06	1.3552e-05
444	0.082885	0.9171	1.2138e-06	1.3668e-05
445	0.076973	0.92301	1.1369e-06	1.3944e-05
446	0.078258	0.92173	1.1683e-06	1.4108e-05
447	0.087083	0.9129	1.3154e-06	1.4154e-05
448	0.069501	0.93048	1.0577e-06	1.4602e-05
449	0.063629	0.93636	9.7866e-07	1.487e-05
450	0.066365	0.93362	1.0318e-06	1.4994e-05
451	0.055463	0.94452	8.6846e-07	1.5331e-05
452	0.053744	0.94624	8.4827e-07	1.5515e-05
453	0.057418	0.94257	9.1566e-07	1.5609e-05
454	0.058097	0.94189	9.3571e-07	1.5746e-05
455	0.065057	0.93493	1.0609e-06	1.5776e-05
456	0.069076	0.93091	1.1398e-06	1.5849e-05
457	0.08201	0.91797	1.3735e-06	1.5764e-05
458	0.090165	0.90982	1.5297e-06	1.5754e-05
459	0.12065	0.87933	2.0758e-06	1.5344e-05
460	0.15026	0.84972	2.6094e-06	1.4935e-05
461	0.21972	0.78027	3.8612e-06	1.3805e-05
462	0.39076	0.60923	6.9685e-06	1.0818e-05
463	0.43532	0.56466	7.8154e-06	1.0079e-05
464	0.56502	0.43497	1.0196e-05	7.796e-06
465	0.97952	0.020463	1.7706e-05	3.7008e-07
466	0.98101	0.018968	1.7818e-05	3.444e-07
467	0.98941	0.010567	1.8042e-05	1.9292e-07
468	0.99604	0.0039415	1.8238e-05	7.1672e-08
469	0.99554	0.0044397	1.8276e-05	8.1218e-08
470	0.99739	0.0025949	1.8358e-05	4.7445e-08
471	0.99962	0.00036265	1.8434e-05	6.6148e-09
472	0.99961	0.00036666	1.8455e-05	6.7398e-09
473	0.999	0.00097763	1.8466e-05	1.7934e-08
474	0.99985	0.00013464	1.8489e-05	2.4153e-09
475	0.99982	0.00016369	1.8484e-05	2.8313e-09
476	0.99956	0.00041949	1.8914e-05	7.8598e-09
477	0.99958	0.00040472	1.9353e-05	7.7737e-09
478	0.99993	5.0101e-05	1.9785e-05	9.9881e-10
479	0.99939	0.00059271	2.0203e-05	1.2078e-08
480	0.99995	3.101e-05	2.0649e-05	6.5101e-10
481	0.99654	0.0034374	2.0996e-05	7.3706e-08
482	0.99579	0.004193	2.1401e-05	9.1694e-08
483	0.99712	0.0028567	2.1856e-05	6.3867e-08
484	0.95879	0.041184	2.1397e-05	9.3488e-07
485	0.7874	0.21258	1.7864e-05	4.8854e-06
486	0.71814	0.28184	1.6588e-05	6.5821e-06
487	0.40051	0.59947	9.4388e-06	1.4155e-05
488	0.30123	0.69875	7.2183e-06	1.6786e-05
489	0.25889	0.74108	6.316e-06	1.81e-05
490	0.097374	0.9026	2.4148e-06	2.24e-05
491	0.046787	0.95319	1.1708e-06	2.4033e-05
492	0.026275	0.9737	6.6508e-07	2.4926e-05
493	0.020331	0.97964	5.1945e-07	2.5449e-05
494	0.01865	0.98132	4.8244e-07	2.5862e-05
495	0.020259	0.97971	5.3214e-07	2.6189e-05
496	0.014852	0.98512	3.9578e-07	2.6701e-05
497	0.014373	0.9856	3.8814e-07	2.7073e-05
498	0.018101	0.98187	4.95e-07	2.732e-05
499	0.014708	0.98526	4.0645e-07	2.7762e-05
500	0.015463	0.98451	4.3178e-07	2.8078e-05
501	0.019445	0.98053	5.503e-07	2.8301e-05
502	0.032204	0.96777	9.2182e-07	2.826e-05
503	0.069039	0.93093	1.9923e-06	2.7509e-05
504	0.15951	0.84046	4.6665e-06	2.5155e-05
505	0.18188	0.81809	5.3846e-06	2.4757e-05
506	0.23555	0.76442	7.0735e-06	2.339e-05
507	0.38969	0.61028	1.185e-05	1.8922e-05
508	0.50676	0.49321	1.5608e-05	1.5477e-05
509	0.79487	0.2051	2.4873e-05	6.5266e-06
510	0.99756	0.0024124	3.164e-05	7.8167e-08
511	0.99684	0.0031252	3.1942e-05	1.0156e-07
512	0.99842	0.0015501	3.2302e-05	5.122e-08
513	0.99826	0.0017028	3.2612e-05	5.6707e-08
514	0.996	0.0039656	3.2857e-05	1.3214e-07
515	0.99612	0.0038487	3.3188e-05	1.2901e-07
516	0.99959	0.00037481	3.3615e-05	1.2851e-08
517	0.99684	0.0031217	3.3838e-05	1.0705e-07
518	0.99642	0.0035432	3.4144e-05	1.2243e-07
519	0.99882	0.0011438	3.4532e-05	4.0692e-08
520	0.98527	0.014691	3.4361e-05	5.2419e-07
521	0.98138	0.018582	3.4513e-05	6.7046e-07
522	0.9776	0.022366	3.4648e-05	8.1671e-07
523	0.90994	0.090029	3.2435e-05	3.3164e-06
524	0.88707	0.1129	3.1826e-05	4.1978e-06
525	0.87912	0.12084	3.1771e-05	4.5306e-06
526	0.86683	0.13313	3.1556e-05	5.0277e-06
527	0.86512	0.13485	3.1738e-05	5.1326e-06
528	0.8735	0.12646	3.2309e-05	4.8555e-06
529	0.86941	0.13055	3.2393e-05	5.0489e-06
530	0.86508	0.13488	3.2449e-05	5.2552e-06
531	0.87045	0.12951	3.2885e-05	5.088e-06
532	0.86053	0.13943	3.2738e-05	5.5086e-06
533	0.86056	0.1394	3.2982e-05	5.5441e-06
534	0.8738	0.12616	3.3729e-05	5.0614e-06
535	0.85213	0.14783	3.3112e-05	5.9489e-06
536	0.84775	0.15221	3.3155e-05	6.1628e-06
537	0.85281	0.14715	3.3581e-05	5.9983e-06
538	0.85751	0.14245	3.3978e-05	5.8469e-06
539	0.87502	0.12494	3.4906e-05	5.1703e-06
540	0.91827	0.081688	3.6913e-05	3.4191e-06
541	0.94903	0.050926	3.8439e-05	2.1556e-06
542	0.93412	0.065841	3.8083e-05	2.7807e-06
543	0.93007	0.06989	3.8179e-05	2.9614e-06
544	0.68352	0.31644	2.8329e-05	1.3095e-05
545	0.60679	0.39317	2.5326e-05	1.6366e-05
546	0.58158	0.41837	2.4421e-05	1.7526e-05
547	0.27635	0.7236	1.1587e-05	3.0601e-05
548	0.15207	0.84789	6.3794e-06	3.6052e-05
549	0.10164	0.89832	4.2806e-06	3.8397e-05
550	0.034673	0.96528	1.4731e-06	4.1452e-05
551	0.013698	0.98626	5.8356e-07	4.2578e-05
552	0.0072325	0.99272	3.0652e-07	4.308e-05
553	0.0047582	0.9952	2.0104e-07	4.3412e-05
554	0.0041429	0.99581	1.7542e-07	4.3666e-05
555	0.005448	0.99451	2.3157e-07	4.3826e-05
556	0.0055528	0.9944	2.3648e-07	4.4038e-05
557	0.0074273	0.99253	3.1892e-07	4.4174e-05
558	0.012686	0.98727	5.516e-07	4.4161e-05
559	0.016042	0.98391	7.0375e-07	4.423e-05
560	0.025303	0.97465	1.1244e-06	4.4032e-05
561	0.048449	0.95151	2.1852e-06	4.3196e-05
562	0.10195	0.898	4.6639e-06	4.0943e-05
563	0.27276	0.7272	1.2552e-05	3.3269e-05
564	0.75925	0.24071	3.4992e-05	1.1029e-05
565	0.75222	0.24773	3.4807e-05	1.1401e-05
566	0.75645	0.24351	3.515e-05	1.125e-05
567	0.78341	0.21654	3.6534e-05	1.0043e-05
568	0.76354	0.23641	3.5757e-05	1.1004e-05
569	0.76128	0.23867	3.578e-05	1.115e-05
570	0.77141	0.22855	3.6397e-05	1.0709e-05
571	0.38444	0.61551	1.8311e-05	2.8957e-05
572	0.2633	0.73665	1.2615e-05	3.48e-05
573	0.22614	0.77381	1.087e-05	3.6681e-05
574	0.093781	0.90617	4.5019e-06	4.3171e-05
575	0.036363	0.96359	1.7516e-06	4.6045e-05
576	0.01625	0.9837	7.8076e-07	4.7129e-05
577	0.0081016	0.99185	3.8973e-07	4.7634e-05
578	0.0054601	0.99449	2.6192e-07	4.7865e-05
579	0.0046927	0.99526	2.2518e-07	4.8006e-05
580	0.0033627	0.99659	1.6036e-07	4.8164e-05
581	0.0032922	0.99666	1.5675e-07	4.8262e-05
582	0.0044207	0.99553	2.1125e-07	4.8304e-05
583	0.0049912	0.99496	2.3819e-07	4.8362e-05
584	0.0045674	0.99538	2.1784e-07	4.8468e-05
585	0.0054332	0.99452	2.6017e-07	4.8513e-05
586	0.0025157	0.99744	1.2051e-07	4.8742e-05
587	0.0017915	0.99816	8.5446e-08	4.8854e-05
588	0.0017485	0.9982	8.3448e-08	4.8935e-05
589	0.0023548	0.9976	1.1307e-07	4.8984e-05
590	0.0040591	0.99589	1.9669e-07	4.8981e-05
591	0.0098881	0.99006	4.8032e-07	4.8766e-05
592	0.0049588	0.99499	2.3989e-07	4.9077e-05
593	0.0028875	0.99706	1.3951e-07	4.9248e-05
594	0.0021415	0.99781	1.0386e-07	4.9356e-05
595	0.0021689	0.99778	1.0621e-07	4.9426e-05
596	0.00338	0.99657	1.6658e-07	4.9428e-05
597	0.0077507	0.9922	3.8233e-07	4.9263e-05
598	0.010227	0.98972	5.0607e-07	4.9191e-05
599	0.016606	0.98334	8.2685e-07	4.8922e-05
600	0.032614	0.96734	1.638e-06	4.8165e-05
601	0.078458	0.92149	3.9489e-06	4.5898e-05
602	0.20911	0.79084	1.0503e-05	3.9375e-05
603	0.62564	0.37431	3.1279e-05	1.8619e-05
604	0.6323	0.36765	3.1608e-05	1.8294e-05
605	0.66676	0.33319	3.3295e-05	1.6597e-05
606	0.74895	0.251	3.7368e-05	1.2519e-05
607	0.7712	0.22875	3.8445e-05	1.142e-05
608	0.79331	0.20664	3.9494e-05	1.0335e-05
609	0.85105	0.1489	4.2316e-05	7.4835e-06
610	0.86459	0.13536	4.2969e-05	6.8095e-06
611	0.89944	0.10051	4.4698e-05	5.0651e-06
612	0.98666	0.01329	4.9084e-05	6.722e-07
613	0.99308	0.0068663	4.9411e-05	3.4603e-07
614	0.99978	0.00016917	4.9733e-05	8.5814e-09
615	0.99989	6.3109e-05	4.9731e-05	3.1783e-09
616	0.99961	0.00034348	4.9693e-05	1.7383e-08
617	0.99866	0.0012887	4.9629e-05	6.5001e-08
618	0.99909	0.00086327	4.9641e-05	4.3726e-08
619	0.96527	0.034675	4.7949e-05	1.7344e-06
620	0.95222	0.047732	4.7308e-05	2.3824e-06
621	0.95048	0.04947	4.7211e-05	2.4695e-06
622	0.34774	0.65221	1.7333e-05	3.2346e-05
623	0.13613	0.86382	6.7866e-06	4.2878e-05
624	0.061885	0.93807	3.0669e-06	4.6573e-05
625	0.029716	0.97023	1.4672e-06	4.8148e-05
626	0.016708	0.98324	8.2565e-07	4.8767e-05
627	0.012517	0.98743	6.1751e-07	4.8942e-05
628	0.01212	0.98783	5.9613e-07	4.8919e-05
629	0.01415	0.9858	6.9565e-07	4.8776e-05
630	0.020112	0.97984	9.9099e-07	4.8438e-05
631	0.040154	0.9598	1.9765e-06	4.7398e-05
632	0.089469	0.91048	4.4182e-06	4.4904e-05
633	0.23007	0.76989	1.1334e-05	3.7925e-05
634	0.63054	0.36941	3.0897e-05	1.8286e-05
635	0.72062	0.27933	3.5281e-05	1.3832e-05
636	0.94288	0.057072	4.6228e-05	2.8209e-06
637	0.94529	0.054659	4.6299e-05	2.6943e-06
638	0.95865	0.041299	4.6893e-05	2.0297e-06
639	0.99898	0.00097127	4.8788e-05	4.8051e-08
640	0.99976	0.00019386	4.8749e-05	9.6051e-09
641	0.99828	0.0016664	4.8582e-05	8.2264e-08
642	0.99678	0.0031707	4.8424e-05	1.5573e-07
643	0.99776	0.0021865	4.8369e-05	1.0822e-07
644	0.99688	0.003072	4.8231e-05	1.5191e-07
645	0.99795	0.0020031	4.8197e-05	9.9635e-08
646	0.95594	0.044016	4.6064e-05	2.1539e-06
647	0.9384	0.061548	4.5145e-05	3.0012e-06
648	0.93516	0.064789	4.4902e-05	3.1557e-06
649	0.86162	0.13833	4.1203e-05	6.7489e-06
650	0.8306	0.16935	3.9612e-05	8.2413e-06
651	0.82383	0.17612	3.9181e-05	8.5574e-06
652	0.7813	0.21866	3.7037e-05	1.0593e-05
653	0.76868	0.23128	3.6324e-05	1.1183e-05
654	0.76819	0.23176	3.6205e-05	1.1183e-05
655	0.74256	0.25739	3.4901e-05	1.2377e-05
656	0.73755	0.2624	3.4566e-05	1.2586e-05
657	0.74394	0.25601	3.478e-05	1.2252e-05
658	0.74675	0.25321	3.4834e-05	1.2085e-05
659	0.76796	0.23199	3.5739e-05	1.1052e-05
660	0.82041	0.17955	3.8129e-05	8.5395e-06
661	0.83357	0.16638	3.8633e-05	7.8972e-06
662	0.87041	0.12954	4.026e-05	6.139e-06
663	0.95709	0.042868	4.4251e-05	2.0236e-06
664	0.95458	0.045377	4.4028e-05	2.129e-06
665	0.95928	0.04067	4.4125e-05	1.8997e-06
666	0.97685	0.023102	4.4802e-05	1.0755e-06
667	0.97985	0.020101	4.4806e-05	9.3039e-07
668	0.98223	0.01772	4.4762e-05	8.1625e-07
669	0.99243	0.0075202	4.5059e-05	3.4642e-07
670	0.99989	6.5983e-05	4.5235e-05	3.0632e-09
671	0.99932	0.0006355	4.5051e-05	2.8879e-08
672	0.99988	7.713e-05	4.4927e-05	3.446e-09
673	0.99711	0.0028442	4.4638e-05	1.2635e-07
674	0.99699	0.0029646	4.4452e-05	1.3125e-07
675	0.99969	0.00026493	4.4373e-05	1.2034e-08
676	0.99902	0.00093653	4.4189e-05	4.1608e-08
677	0.99875	0.001203	4.4006e-05	5.3377e-08
678	0.99995	4.9527e-06	4.3896e-05	2.1804e-10
679	0.99987	8.792e-05	4.3712e-05	3.8849e-09
680	0.99881	0.0011433	4.3493e-05	5.0038e-08
681	0.9991	0.00085208	4.3339e-05	3.7e-08
682	0.99869	0.0012673	4.3138e-05	5.4856e-08
683	0.99829	0.001666	4.2944e-05	7.1528e-08
684	0.99994	1.3482e-05	4.2822e-05	6.0388e-10
685	0.99743	0.0025322	4.2561e-05	1.0978e-07
686	0.99715	0.0028049	4.2407e-05	1.2121e-07
687	0.99889	0.0010666	4.2346e-05	4.6171e-08
688	0.99908	0.00087427	4.2227e-05	3.757e-08
689	0.99841	0.0015526	4.2078e-05	6.5722e-08
690	0.99962	0.00034243	4.1993e-05	1.4522e-08
691	0.99993	3.303e-05	4.1875e-05	1.3927e-09
692	0.99952	0.00043631	4.1733e-05	1.8073e-08
693	0.99794	0.0020134	4.1551e-05	8.247e-08
694	0.9915	0.008461	4.1179e-05	3.4288e-07
695	0.99056	0.0093938	4.1016e-05	3.7877e-07
696	0.99255	0.0074109	4.0979e-05	2.9427e-07
697	0.98572	0.014239	4.0573e-05	5.6311e-07
698	0.98469	0.015264	4.0385e-05	5.9974e-07
699	0.98394	0.016019	4.0116e-05	6.2938e-07
700	0.98254	0.01742	3.9831e-05	6.8301e-07
701	0.9859	0.014061	3.9719e-05	5.4809e-07
702	0.99952	0.00043647	3.9986e-05	1.6956e-08
703	0.99876	0.0011973	3.9699e-05	4.699e-08
704	0.99956	0.00040255	3.9458e-05	1.5715e-08
705	0.99982	0.00013871	3.9179e-05	5.5085e-09
706	0.99741	0.0025547	3.8801e-05	1.0112e-07
707	0.9971	0.0028618	3.8513e-05	1.1258e-07
708	0.99867	0.0012872	3.8304e-05	5.0741e-08
709	0.99716	0.0027979	3.7983e-05	1.0855e-07
710	0.99751	0.0024544	3.774e-05	9.4499e-08
711	0.99996	2.568e-06	3.7583e-05	6.6959e-11
712	0.98714	0.012827	3.702e-05	3.1954e-07
713	0.97286	0.027099	3.6418e-05	6.621e-07
714	0.96815	0.031812	3.6079e-05	7.4921e-07
715	0.8982	0.10176	3.4771e-05	3.5493e-06
716	0.87051	0.12945	3.5004e-05	4.8312e-06
717	0.86317	0.13679	3.5982e-05	5.3482e-06
718	0.85573	0.14423	3.691e-05	5.8929e-06
719	0.85778	0.14218	3.8255e-05	6.0405e-06
720	0.87189	0.12807	4.0164e-05	5.6453e-06
721	0.78823	0.21172	3.7515e-05	9.8285e-06
722	0.7601	0.23985	3.7314e-05	1.1544e-05
723	0.75532	0.24463	3.8191e-05	1.2161e-05
724	0.72448	0.27547	3.7658e-05	1.4166e-05
725	0.71482	0.28512	3.8207e-05	1.5111e-05
726	0.71804	0.28191	3.9456e-05	1.5376e-05
727	0.7436	0.25634	4.1938e-05	1.4388e-05
728	0.80576	0.19418	4.6622e-05	1.1217e-05
729	0.95048	0.04946	5.6429e-05	2.9432e-06
730	0.94942	0.050522	5.7844e-05	3.0833e-06
731	0.95638	0.043555	5.9734e-05	2.7268e-06
732	0.97516	0.024778	6.2432e-05	1.5854e-06
733	0.9793	0.020629	6.4201e-05	1.3513e-06
734	0.9778	0.022134	6.5581e-05	1.4849e-06
735	0.98079	0.019137	6.7293e-05	1.3121e-06
736	0.97777	0.022159	6.8621e-05	1.5498e-06
737	0.82864	0.17129	5.9494e-05	1.2217e-05
738	0.76847	0.23146	5.6445e-05	1.6833e-05
739	0.55151	0.44842	4.1517e-05	3.3305e-05
740	0.48415	0.51577	3.7225e-05	3.9121e-05
741	0.4653	0.53462	3.6479e-05	4.1373e-05
742	0.43702	0.5629	3.4953e-05	4.4421e-05
743	0.43151	0.56841	3.5165e-05	4.5716e-05
744	0.44426	0.55565	3.6846e-05	4.5522e-05
745	0.43753	0.56238	3.6913e-05	4.6925e-05
746	0.44435	0.55556	3.8139e-05	4.7187e-05
747	0.47061	0.52931	4.1101e-05	4.5734e-05
748	0.47257	0.52734	4.1972e-05	4.6353e-05
749	0.49736	0.50255	4.4869e-05	4.4927e-05
750	0.56233	0.43758	5.1537e-05	3.9749e-05
751	0.77177	0.22813	7.1661e-05	2.1097e-05
752	0.81818	0.18173	7.7194e-05	1.706e-05
753	0.96858	0.031327	9.2722e-05	3.0048e-06
754	0.96935	0.030549	9.425e-05	2.9757e-06
755	0.9776	0.022306	9.649e-05	2.2109e-06
756	0.99828	0.001621	0.00010004	1.6506e-07
757	0.99821	0.0016912	0.00010156	1.746e-07
758	0.99977	0.00012611	0.00010328	1.3337e-08
759	0.99989	9.2456e-06	0.00010487	1.1507e-09
760	0.99983	6.2953e-05	0.00010656	1.1068e-08
761	0.9998	8.9158e-05	0.00010642	1.0553e-08
762	0.99923	0.00066089	0.00010621	7.1335e-08
763	0.99754	0.0023568	0.00010585	2.5346e-07
764	0.99766	0.002237	0.0001057	2.4026e-07
765	0.99983	6.7365e-05	0.00010579	7.2715e-09
766	0.99909	0.0008031	0.00010559	8.507e-08
767	0.99864	0.001256	0.00010539	1.3341e-07
768	0.99954	0.00035543	0.00010536	3.7872e-08
769	0.99972	0.00017938	0.00010526	1.8997e-08
770	0.99892	0.00097099	0.00010504	1.0279e-07
771	0.99822	0.0016725	0.00010485	1.761e-07
772	0.99789	0.0020007	0.00010468	2.1089e-07
773	0.9992	0.0006939	0.00010469	7.2935e-08
774	0.9995	0.00039949	0.00010458	4.2207e-08
775	0.99782	0.0020708	0.00010424	2.1992e-07
776	0.99584	0.0040545	0.00010389	4.2913e-07
777	0.99617	0.0037273	0.00010379	3.9386e-07
778	0.99448	0.0054134	0.00010347	5.7146e-07
779	0.99514	0.0047582	0.0001034	5.021e-07
780	0.99862	0.001277	0.00010365	1.3513e-07
781	0.99572	0.004177	0.00010325	4.3518e-07
782	0.99311	0.006787	0.00010285	7.066e-07
783	0.99324	0.0066602	0.00010276	6.917e-07
784	0.99341	0.0064849	0.00010265	6.7314e-07
785	0.99641	0.0034833	0.00010285	3.6003e-07
786	0.99978	0.0001126	0.00010307	1.1848e-08
787	0.99891	0.00099151	0.00010286	1.0384e-07
788	0.99843	0.0014643	0.00010271	1.5293e-07
789	0.99947	0.00042571	0.00010274	4.4763e-08
790	0.99656	0.0033368	0.00010237	3.4544e-07
791	0.99645	0.0034492	0.00010228	3.5812e-07
792	0.99843	0.001464	0.00010241	1.5355e-07
793	0.99711	0.0027888	0.00010219	2.9346e-07
794	0.9976	0.0022986	0.00010216	2.4387e-07
795	0.9961	0.0037956	0.00010195	4.015e-07
796	0.9711	0.028797	9.9295e-05	3.0111e-06
797	0.96101	0.038891	9.8221e-05	4.0573e-06
798	0.95874	0.041155	9.7977e-05	4.2886e-06
799	0.96427	0.035625	9.8513e-05	3.7201e-06
800	0.96781	0.032089	9.8862e-05	3.3533e-06
801	0.97992	0.019974	0.00010012	2.0908e-06
802	0.98932	0.010576	0.00010112	1.1043e-06
803	0.98735	0.012546	0.00010092	1.3044e-06
804	0.98985	0.010051	0.00010116	1.0466e-06
805	0.98073	0.01917	0.00010021	1.981e-06
806	0.97891	0.020993	9.9996e-05	2.1692e-06
807	0.98115	0.018749	0.00010022	1.9367e-06
808	0.98228	0.01762	0.00010034	1.8165e-06
809	0.97803	0.021869	9.9928e-05	2.2424e-06
810	0.97967	0.020231	0.0001001	2.0703e-06
811	0.98965	0.010247	0.0001011	1.0457e-06
812	0.99931	0.0005904	0.00010204	6.1462e-08
813	0.99911	0.00078377	0.00010199	8.2029e-08
814	0.99421	0.0056851	0.00010147	5.9032e-07
815	0.99341	0.00649	0.00010135	6.7646e-07
816	0.99528	0.0046154	0.00010153	4.8524e-07
817	0.99017	0.009727	0.000101	1.0172e-06
818	0.989	0.010893	0.0001009	1.1383e-06
819	0.99092	0.0089772	0.00010113	9.3932e-07
820	0.98873	0.011172	0.00010095	1.163e-06
821	0.99037	0.0095274	0.00010115	9.9333e-07
822	0.99674	0.0031555	0.00010186	3.3078e-07
823	0.9963	0.0036012	0.00010184	3.776e-07
824	0.99558	0.0043214	0.00010181	4.5221e-07
825	0.99712	0.0027758	0.00010203	2.9119e-07
826	0.99303	0.0068654	0.00010168	7.1053e-07
827	0.99277	0.0071307	0.00010171	7.3879e-07
828	0.99546	0.0044419	0.00010206	4.6042e-07
829	0.99542	0.0044749	0.00010211	4.6439e-07
830	0.99552	0.0043777	0.00010215	4.564e-07
831	0.99821	0.0016905	0.00010248	1.7958e-07
832	0.97982	0.020077	0.00010055	2.1367e-06
833	0.9731	0.026801	9.9878e-05	2.8507e-06
834	0.97224	0.027653	9.9846e-05	2.9447e-06
835	0.97043	0.029467	9.9732e-05	3.1369e-06
836	0.95959	0.040304	9.8699e-05	4.2655e-06
837	0.95698	0.04292	9.8542e-05	4.5357e-06
838	0.90238	0.097514	9.2956e-05	1.0216e-05
839	0.87961	0.12029	9.0701e-05	1.258e-05
840	0.87428	0.12562	9.0225e-05	1.3146e-05
841	0.84397	0.15593	8.7114e-05	1.633e-05
842	0.80081	0.19909	8.2604e-05	2.0893e-05
843	0.74022	0.25967	7.6307e-05	2.7255e-05
844	0.71538	0.28452	7.3776e-05	2.9864e-05
845	0.70882	0.29107	7.317e-05	3.0562e-05
846	0.71491	0.28499	7.3904e-05	2.9934e-05
847	0.74695	0.25295	7.7335e-05	2.659e-05
848	0.85303	0.14687	8.8468e-05	1.5527e-05
849	0.9281	0.071793	9.6441e-05	7.6376e-06
850	0.93107	0.068826	9.6853e-05	7.3251e-06
851	0.94644	0.053458	9.8551e-05	5.7081e-06
852	0.9862	0.013696	0.00010287	1.4815e-06
853	0.98374	0.016159	0.00010269	1.7467e-06
854	0.98518	0.014714	0.00010294	1.5945e-06
855	0.99178	0.0081158	0.00010375	8.8879e-07
856	0.98312	0.016772	0.00010296	1.8092e-06
857	0.94365	0.056248	9.8845e-05	6.0372e-06
858	0.76495	0.23494	7.9938e-05	2.5068e-05
859	0.51949	0.48041	5.4069e-05	5.1075e-05
860	0.44309	0.5568	4.5984e-05	5.9282e-05
861	0.41334	0.58655	4.2886e-05	6.2513e-05
862	0.40879	0.5911	4.2428e-05	6.3089e-05
863	0.41777	0.58212	4.3412e-05	6.2233e-05
864	0.44803	0.55187	4.6664e-05	5.9122e-05
865	0.54918	0.45071	5.7341e-05	4.8569e-05
866	0.78341	0.21649	8.2211e-05	2.3834e-05
867	0.7996	0.20029	8.4049e-05	2.2144e-05
868	0.70881	0.29108	7.4346e-05	3.201e-05
869	0.57995	0.41994	6.0584e-05	4.5948e-05
870	0.52487	0.47502	5.4784e-05	5.1935e-05
871	0.44747	0.55242	4.6501e-05	6.0387e-05
872	0.42198	0.57791	4.378e-05	6.3263e-05
873	0.41951	0.58038	4.352e-05	6.366e-05
874	0.41648	0.58341	4.318e-05	6.4123e-05
875	0.42618	0.57372	4.4207e-05	6.3229e-05
876	0.45789	0.542	4.7572e-05	6.0008e-05
877	0.43796	0.56194	4.5449e-05	6.2287e-05
878	0.43692	0.56297	4.5351e-05	6.2525e-05
879	0.4492	0.5507	4.669e-05	6.1337e-05
880	0.43712	0.56277	4.5428e-05	6.2761e-05
881	0.43831	0.56158	4.5613e-05	6.2746e-05
882	0.43706	0.56283	4.5516e-05	6.2999e-05
883	0.43384	0.56605	4.5187e-05	6.347e-05
884	0.42515	0.57474	4.4275e-05	6.4533e-05
885	0.4291	0.57079	4.4748e-05	6.4221e-05
886	0.40529	0.5946	4.2223e-05	6.6919e-05
887	0.39872	0.60117	4.1581e-05	6.7743e-05
888	0.40548	0.59441	4.2403e-05	6.7115e-05
889	0.40637	0.59352	4.2601e-05	6.7121e-05
890	0.40217	0.59772	4.226e-05	6.7675e-05
891	0.39284	0.60705	4.1375e-05	6.8783e-05
892	0.37841	0.62148	3.9909e-05	7.0455e-05
893	0.3776	0.62229	3.9933e-05	7.0645e-05
894	0.38979	0.6101	4.1412e-05	6.939e-05
895	0.39954	0.60035	4.2604e-05	6.8408e-05
896	0.34232	0.65757	3.652e-05	7.4712e-05
897	0.32062	0.67926	3.4284e-05	7.7178e-05
898	0.23926	0.76063	2.5537e-05	8.614e-05
899	0.20691	0.79297	2.2111e-05	8.9792e-05
900	0.19805	0.80184	2.1202e-05	9.0913e-05
901	0.20203	0.79786	2.1691e-05	9.0624e-05
902	0.20172	0.79817	2.1717e-05	9.0806e-05
903	0.21309	0.78679	2.306e-05	8.9679e-05
904	0.21952	0.78037	2.3866e-05	8.91e-05
905	0.24665	0.75324	2.7004e-05	8.6175e-05
906	0.33673	0.66315	3.7248e-05	7.6131e-05
907	0.40143	0.59845	4.4705e-05	6.8882e-05
908	0.55192	0.44797	6.2119e-05	5.1687e-05
909	0.98129	0.018594	0.00011148	2.5281e-06
910	0.96326	0.036624	0.00010919	4.9952e-06
911	0.95826	0.04163	0.00010862	5.7282e-06
912	0.959	0.040886	0.0001088	5.7213e-06
913	0.95858	0.041303	0.00010885	5.8625e-06
914	0.96399	0.035891	0.00010964	5.2854e-06
915	0.97924	0.020646	0.00011161	3.5384e-06
916	0.9392	0.060689	0.00010513	1.0258e-05
917	0.92377	0.07611	0.00010273	1.292e-05
918	0.92098	0.078906	0.00010229	1.3605e-05
919	0.92745	0.072432	0.00010306	1.3053e-05
920	0.93161	0.068273	0.00010235	1.1957e-05
921	0.95181	0.048077	0.00010419	8.2715e-06
922	0.95431	0.04558	0.00010306	7.5885e-06
923	0.9645	0.035393	0.00010312	5.7458e-06
924	0.99974	0.00014803	0.00010704	2.3754e-08
925	0.99513	0.0047681	0.00010478	5.0969e-07
926	0.99025	0.0096471	0.00010248	1.0089e-06
927	0.99018	0.0097151	0.00010066	1.0005e-06
928	0.93252	0.06738	9.2946e-05	6.8583e-06
929	0.85224	0.14766	8.3266e-05	1.4714e-05
930	0.82823	0.17168	7.9328e-05	1.6802e-05
931	0.74492	0.25499	6.9699e-05	2.4555e-05
932	0.70986	0.29005	6.5009e-05	2.7396e-05
933	0.6971	0.30281	6.254e-05	2.8042e-05
934	0.68165	0.31826	5.9846e-05	2.8891e-05
935	0.67999	0.31993	5.8453e-05	2.8464e-05
936	0.692	0.30792	5.8265e-05	2.6859e-05
937	0.68222	0.31769	5.6238e-05	2.712e-05
938	0.68478	0.31514	5.5283e-05	2.6332e-05
939	0.70294	0.29698	5.5614e-05	2.4284e-05
940	0.76757	0.23235	5.9545e-05	1.8615e-05
