#coord	neutral	conserved	gBGC.neutral	gBGC.conserved
1	0.9668	0.032909	0.00028619	1.0022e-05
2	0.98839	0.011315	0.00028882	3.4245e-06
3	0.99304	0.0066692	0.0002866	1.9639e-06
4	0.99733	0.0023873	0.00028408	6.7948e-07
5	0.99835	0.0013742	0.00028044	3.8086e-07
6	0.99972	3.1445e-06	0.00027673	8.8155e-10
7	0.99972	5.7079e-06	0.00027291	1.5316e-09
8	0.99967	6.5763e-05	0.0002689	1.8269e-08
9	0.99967	6.6546e-05	0.00026519	1.827e-08
10	0.9997	3.5787e-05	0.00026173	9.8113e-09
11	0.99955	0.00019442	0.00025848	5.1884e-08
12	0.99972	2.8349e-05	0.00025555	7.5528e-09
13	0.99972	2.2471e-05	0.00025278	5.9265e-09
14	0.99964	0.00010747	0.00025018	2.8119e-08
15	0.9995	0.00025659	0.00024778	6.61e-08
16	0.99965	0.00010481	0.00024564	2.6927e-08
17	0.99972	3.6065e-05	0.00024366	9.2369e-09
18	0.99958	0.00017558	0.00024179	4.3679e-08
19	0.99975	1.0438e-05	0.00024016	2.5321e-09
20	0.99918	0.00057929	0.00023968	1.431e-07
21	0.9997	6.2947e-05	0.00023959	1.5901e-08
22	0.99968	7.8839e-05	0.00023949	1.98e-08
23	0.99966	0.00010123	0.00023951	2.5759e-08
24	0.99958	0.00017627	0.00023968	4.4081e-08
25	0.99923	0.00053337	0.0002399	1.2999e-07
26	0.99904	0.00072415	0.00024029	1.7195e-07
27	0.99924	0.00051461	0.0002407	1.2161e-07
28	0.99897	0.00078829	0.00024092	1.8975e-07
29	0.99889	0.00086926	0.00024131	2.0595e-07
30	0.99912	0.00064195	0.00024172	1.5119e-07
31	0.99973	2.3065e-05	0.00024214	5.6315e-09
32	0.99905	0.00070359	0.00024237	1.7105e-07
33	0.9988	0.00095947	0.00024271	2.3383e-07
34	0.99897	0.00079095	0.00024314	1.9352e-07
35	0.99956	0.00019788	0.00024366	4.9585e-08
36	0.99975	1.0162e-05	0.00024422	2.5827e-09
37	0.99976	6.6064e-08	0.00024487	1.6328e-11
38	0.99889	0.00086413	0.00024523	2.1947e-07
39	0.99813	0.0016221	0.00024575	4.0759e-07
40	0.99912	0.00063752	0.00024664	1.6973e-07
41	0.99907	0.00068016	0.00024739	1.872e-07
42	0.99924	0.00051165	0.00024833	1.4989e-07
43	0.99962	0.0001289	0.00024948	5.7527e-08
44	0.99763	0.0021185	0.00024756	5.746e-07
45	0.9954	0.004357	0.00024575	1.1374e-06
46	0.99559	0.0041617	0.00024472	1.0704e-06
47	0.99616	0.0035972	0.00024368	9.2449e-07
48	0.99947	0.00028395	0.0002435	7.4181e-08
49	0.99972	3.9368e-05	0.00024267	9.7569e-09
50	0.99976	6.5358e-07	0.00024172	1.5697e-10
51	0.9996	0.00016316	0.00024064	4.0351e-08
52	0.99976	4.0291e-06	0.00023977	9.9154e-10
53	0.99879	0.00097547	0.00023877	2.3025e-07
54	0.9994	0.00036468	0.00023806	8.8078e-08
55	0.99953	0.00023199	0.00023737	5.5914e-08
56	0.99937	0.00039108	0.00023675	9.0612e-08
57	0.99963	0.00013132	0.00023616	2.9038e-08
58	0.99927	0.00048979	0.00023514	1.1317e-07
59	0.99934	0.00042734	0.00023413	1.0129e-07
60	0.99962	0.00014297	0.00023331	3.4186e-08
61	0.99757	0.0021928	0.0002321	5.0343e-07
62	0.98964	0.010125	0.00022944	2.3521e-06
63	0.9817	0.018072	0.00022667	4.235e-06
64	0.97972	0.020049	0.00022548	4.6738e-06
65	0.98201	0.01776	0.00022543	4.0975e-06
66	0.99201	0.007766	0.00022708	1.7568e-06
67	0.99456	0.0052136	0.0002269	1.171e-06
68	0.9974	0.0023701	0.00022669	5.3888e-07
69	0.99969	8.292e-05	0.0002265	1.8724e-08
70	0.99898	0.00079785	0.00022554	1.8339e-07
71	0.99942	0.00035105	0.00022498	7.8995e-08
72	0.99953	0.00024543	0.00022426	5.5624e-08
73	0.9951	0.0046726	0.0002227	1.025e-06
74	0.99466	0.0051201	0.00022194	1.125e-06
75	0.99752	0.0022597	0.00022181	5.1124e-07
76	0.99574	0.0040423	0.00022079	9.1773e-07
77	0.9965	0.0032802	0.00022027	7.601e-07
78	0.99705	0.0027252	0.00021983	6.4109e-07
79	0.99048	0.0092977	0.00021796	2.1143e-06
80	0.98922	0.010562	0.00021721	2.4092e-06
81	0.99099	0.0087933	0.00021726	2.0101e-06
82	0.98377	0.016016	0.00021519	3.6643e-06
83	0.98206	0.01772	0.00021452	4.0385e-06
84	0.98441	0.015373	0.0002149	3.4855e-06
85	0.84917	0.15061	0.00018632	3.2007e-05
86	0.80239	0.19739	0.00017618	4.2033e-05
87	0.785	0.21479	0.00017259	4.5629e-05
88	0.76498	0.2348	0.0001683	4.9859e-05
89	0.76262	0.23716	0.00016771	5.035e-05
90	0.77715	0.22263	0.00017061	4.7275e-05
91	0.81779	0.182	0.00017938	3.8448e-05
92	0.7837	0.21608	0.00017186	4.5851e-05
93	0.73887	0.26091	0.00016238	5.533e-05
94	0.5847	0.41508	0.00012891	8.8729e-05
95	0.36989	0.62989	8.0954e-05	0.00013653
96	0.30308	0.6967	6.5654e-05	0.00015163
97	0.21486	0.78492	4.6093e-05	0.00017107
98	0.17957	0.82022	3.8489e-05	0.00017864
99	0.17085	0.82893	3.6532e-05	0.00018052
100	0.15735	0.84244	3.3651e-05	0.00018341
101	0.15827	0.84151	3.381e-05	0.00018322
102	0.17503	0.82476	3.725e-05	0.00017971
103	0.088454	0.91133	1.8936e-05	0.00019807
104	0.058306	0.94148	1.2433e-05	0.00020458
105	0.04843	0.95135	1.025e-05	0.00020674
106	0.033303	0.96648	7.0091e-06	0.00021003
107	0.029568	0.97021	6.1755e-06	0.00021088
108	0.029929	0.96985	6.2502e-06	0.00021089
109	0.035099	0.96468	7.3924e-06	0.0002099
110	0.017014	0.98277	3.4862e-06	0.0002139
111	0.0097474	0.99004	1.9586e-06	0.0002156
112	0.0079667	0.99182	1.5646e-06	0.00021613
113	0.0081065	0.99168	1.583e-06	0.00021631
114	0.010496	0.98929	2.0767e-06	0.00021608
115	0.011995	0.98779	2.3679e-06	0.00021603
116	0.016786	0.983	3.3533e-06	0.00021535
117	0.029208	0.97057	5.9849e-06	0.0002131
118	0.059965	0.93982	1.2688e-05	0.00020684
119	0.14778	0.852	3.1484e-05	0.00018846
120	0.39794	0.60184	8.4114e-05	0.00013622
121	0.39313	0.60664	8.3185e-05	0.00013762
122	0.40434	0.59544	8.5652e-05	0.00013558
123	0.445	0.55478	9.4214e-05	0.00012741
124	0.47494	0.52484	0.0001008	0.00012131
125	0.47509	0.52469	0.00010107	0.00012161
126	0.49038	0.5094	0.00010489	0.00011847
127	0.4547	0.54507	9.7197e-05	0.0001268
128	0.44311	0.55666	9.5028e-05	0.00012971
129	0.44562	0.55415	9.6131e-05	0.00012944
130	0.36254	0.63723	7.8095e-05	0.00014823
131	0.26501	0.73476	5.6287e-05	0.00017076
132	0.23552	0.76426	4.9582e-05	0.00017815
133	0.2047	0.79507	4.2347e-05	0.00018603
134	0.19323	0.80654	3.9741e-05	0.00018935
135	0.19333	0.80644	3.9818e-05	0.00019008
136	0.16968	0.83009	3.4707e-05	0.00019608
137	0.1656	0.83417	3.3839e-05	0.0001978
138	0.17068	0.82909	3.5062e-05	0.00019751
139	0.15736	0.84241	3.2299e-05	0.00020129
140	0.15718	0.84259	3.2363e-05	0.00020222
141	0.16666	0.83311	3.4658e-05	0.00020099
142	0.17149	0.82827	3.5819e-05	0.00020082
143	0.18909	0.81068	3.9943e-05	0.00019778
144	0.23245	0.76731	5.0197e-05	0.00018868
145	0.26174	0.73802	5.7482e-05	0.00018265
146	0.33149	0.66827	7.4979e-05	0.0001665
147	0.50373	0.49603	0.00011917	0.00012376
148	0.99483	0.004924	0.00024285	1.484e-06
149	0.995	0.0047517	0.00024441	1.4825e-06
150	0.99789	0.0018624	0.00024688	7.402e-07
151	0.99683	0.0029178	0.00024805	1.2103e-06
152	0.99131	0.0084407	0.00024591	2.5291e-06
153	0.98593	0.013827	0.00024369	3.8375e-06
154	0.98602	0.013736	0.00024277	3.7705e-06
155	0.97958	0.020175	0.00024036	5.325e-06
156	0.97964	0.020112	0.00023949	5.2752e-06
157	0.98412	0.015636	0.00023989	4.0751e-06
158	0.98823	0.011527	0.00024008	3.0095e-06
159	0.99937	0.00038767	0.00024225	1.0315e-07
160	0.9973	0.002462	0.00024113	6.034e-07
161	0.9975	0.0022623	0.00024048	5.5774e-07
162	0.99966	0.00010239	0.00024045	2.593e-08
163	0.9996	0.00015964	0.00024004	3.8391e-08
164	0.9995	0.0002594	0.00023953	6.3352e-08
165	0.99968	8.4409e-05	0.00023922	1.9998e-08
166	0.99359	0.0061703	0.0002376	1.4037e-06
167	0.97353	0.026232	0.00023265	6.0539e-06
168	0.9683	0.03146	0.00023104	7.2843e-06
169	0.97006	0.029703	0.00023099	6.8934e-06
170	0.978	0.021767	0.00023252	5.0247e-06
171	0.98512	0.014643	0.00023376	3.384e-06
172	0.98542	0.014344	0.00023356	3.3039e-06
173	0.98081	0.018952	0.00023212	4.3924e-06
174	0.97581	0.023956	0.0002305	5.5988e-06
175	0.94925	0.050512	0.00022398	1.1817e-05
176	0.9423	0.057464	0.00022194	1.3474e-05
177	0.94452	0.055246	0.00022198	1.2998e-05
178	0.9448	0.054961	0.0002217	1.2939e-05
179	0.95554	0.044226	0.00022373	1.0508e-05
180	0.98242	0.017348	0.00022968	4.2708e-06
181	0.98806	0.011704	0.00023085	2.9326e-06
182	0.99218	0.0075901	0.00023179	1.9331e-06
183	0.99537	0.004398	0.00023265	1.1365e-06
184	0.99576	0.0040081	0.00023299	1.0213e-06
185	0.9965	0.0032683	0.00023332	8.3551e-07
186	0.99706	0.0027054	0.00023373	6.8763e-07
187	0.99581	0.0039555	0.00023365	9.9169e-07
188	0.9966	0.0031664	0.00023418	7.9326e-07
189	0.99721	0.0025502	0.00023479	6.3045e-07
190	0.97704	0.022727	0.00023037	5.4338e-06
191	0.9696	0.030167	0.00022915	7.1646e-06
192	0.96925	0.030517	0.0002295	7.2588e-06
193	0.95898	0.040778	0.0002277	9.6371e-06
194	0.94719	0.052576	0.00022541	1.2438e-05
195	0.89473	0.10503	0.00021295	2.5275e-05
196	0.826	0.17376	0.00019702	4.1699e-05
197	0.74569	0.25407	0.00017785	6.1314e-05
198	0.7189	0.28086	0.00017145	6.8095e-05
199	0.4083	0.59146	9.2789e-05	0.00014708
200	0.28196	0.7178	6.1638e-05	0.00017865
201	0.23103	0.76873	4.9437e-05	0.00019136
202	0.21163	0.78813	4.4962e-05	0.00019643
203	0.20893	0.79082	4.4303e-05	0.00019764
204	0.21649	0.78327	4.6082e-05	0.0001965
205	0.23989	0.75987	5.1629e-05	0.00019167
206	0.23814	0.76161	5.145e-05	0.00019265
207	0.24839	0.75137	5.4218e-05	0.00019078
208	0.25334	0.74642	5.5834e-05	0.00019014
209	0.27421	0.72554	6.1593e-05	0.00018546
210	0.3458	0.65395	8.008e-05	0.000168
211	0.51188	0.48787	0.0001239	0.00012531
212	0.98549	0.014256	0.00024646	3.8266e-06
213	0.98698	0.012764	0.00024809	3.4333e-06
214	0.5104	0.48935	0.00012467	0.000128
215	0.31633	0.68341	7.5671e-05	0.00017827
216	0.2376	0.76215	5.638e-05	0.00019894
217	0.20636	0.79339	4.9076e-05	0.00020773
218	0.19955	0.80019	4.7631e-05	0.00021061
219	0.2035	0.79624	4.8993e-05	0.00021079
220	0.22163	0.77811	5.4188e-05	0.00020725
221	0.28432	0.71542	7.0933e-05	0.00019212
222	0.42981	0.56992	0.00011066	0.00015411
223	0.53401	0.46572	0.0001388	0.00012757
224	0.5339	0.46583	0.00013975	0.00012836
225	0.53309	0.46664	0.00014036	0.00012941
226	0.42383	0.5759	0.00011208	0.0001595
227	0.31257	0.68715	8.2173e-05	0.00019115
228	0.26796	0.73177	7.0715e-05	0.00020448
229	0.21151	0.78821	5.6325e-05	0.00022086
230	0.1931	0.80662	5.1744e-05	0.00022739
231	0.19199	0.80773	5.1754e-05	0.00022929
232	0.16812	0.8316	4.5195e-05	0.0002377
233	0.15982	0.83989	4.3145e-05	0.00024171
234	0.16164	0.83807	4.402e-05	0.00024291
235	0.17791	0.8218	4.8894e-05	0.00024008
236	0.21828	0.78143	6.0972e-05	0.00023015
237	0.31872	0.68098	9.1602e-05	0.00020181
238	0.24441	0.75529	7.0481e-05	0.00022514
239	0.22249	0.77721	6.4339e-05	0.00023343
240	0.2158	0.7839	6.2846e-05	0.00023719
241	0.2086	0.79109	6.1057e-05	0.00024119
242	0.21161	0.78808	6.2445e-05	0.00024215
243	0.23159	0.7681	6.8841e-05	0.00023804
244	0.2999	0.69979	8.936e-05	0.00021976
245	0.45832	0.54137	0.00013805	0.00017344
246	0.84752	0.15217	0.0002613	5.2711e-05
247	0.85264	0.14705	0.00026546	5.143e-05
248	0.87585	0.12383	0.00027545	4.4211e-05
249	0.93173	0.067943	0.0002971	2.5545e-05
250	0.94572	0.053959	0.00030445	2.1073e-05
251	0.93623	0.063446	0.00030383	2.4774e-05
252	0.93515	0.064522	0.00030653	2.5421e-05
253	0.94305	0.056619	0.00031226	2.2916e-05
254	0.92469	0.074972	0.00030857	3.0062e-05
255	0.9191	0.080559	0.00030991	3.2453e-05
256	0.91365	0.086007	0.00031102	3.4928e-05
257	0.9158	0.083851	0.00031527	3.4524e-05
258	0.92715	0.072495	0.00032335	3.0538e-05
259	0.92543	0.074212	0.00032683	3.1474e-05
260	0.9309	0.068733	0.00033347	2.9534e-05
261	0.94763	0.052002	0.00034523	2.278e-05
262	0.95011	0.04952	0.00035156	2.1831e-05
263	0.96124	0.038385	0.00036215	1.7e-05
264	0.99948	0.00013311	0.00038465	6.1981e-08
265	0.9985	0.0011094	0.00039021	4.4827e-07
266	0.99884	0.00076745	0.0003967	3.0804e-07
267	0.99957	2.6314e-05	0.00040313	1.1127e-08
268	0.99951	7.9234e-05	0.0004098	3.2583e-08
269	0.99894	0.00063914	0.00041603	2.7338e-07
270	0.99951	6.9475e-05	0.0004232	3.0472e-08
271	0.99896	0.00060918	0.00042968	2.7548e-07
272	0.99859	0.00097359	0.00043671	4.4512e-07
273	0.99954	1.02e-05	0.00044486	7.8523e-09
274	0.99947	8.2643e-05	0.00044674	3.9806e-08
275	0.99857	0.00098444	0.00044861	4.4355e-07
276	0.99924	0.00030852	0.00045107	1.4843e-07
277	0.89558	0.10397	0.00040404	4.9567e-05
278	0.85989	0.13966	0.00038862	6.728e-05
279	0.84937	0.15017	0.00038508	7.3013e-05
280	0.83347	0.16607	0.00037921	8.1272e-05
281	0.76697	0.23256	0.00034759	0.00011519
282	0.74122	0.25832	0.00033672	0.00012856
283	0.71514	0.28439	0.00032515	0.00014254
284	0.70697	0.29256	0.00032276	0.00014752
285	0.69311	0.30642	0.00031789	0.00015519
286	0.67277	0.32675	0.00031021	0.00016587
287	0.65138	0.34814	0.00030152	0.00017746
288	0.64708	0.35244	0.00030149	0.0001806
289	0.64076	0.35876	0.00030021	0.00018491
290	0.65014	0.34937	0.00030641	0.00018164
291	0.6865	0.31301	0.00032531	0.00016559
292	0.63559	0.36392	0.00029924	0.00019439
293	0.61691	0.3826	0.00029089	0.00020569
294	0.61346	0.38604	0.00029072	0.00020901
295	0.57479	0.42471	0.00027278	0.00023034
296	0.53027	0.46922	0.00025098	0.00025544
297	0.5132	0.48629	0.00024383	0.00026609
298	0.42445	0.57504	0.00020026	0.00031338
299	0.38701	0.61247	0.00018305	0.00033453
300	0.37441	0.62507	0.00017852	0.00034323
301	0.32143	0.67805	0.00015297	0.00037285
302	0.30152	0.69795	0.00014441	0.00038573
303	0.29666	0.7028	0.0001436	0.00039107
304	0.3042	0.69526	0.00014959	0.00038986
305	0.33538	0.66407	0.00016847	0.00037567
306	0.40981	0.58964	0.0002131	0.00033599
307	0.64881	0.35063	0.00035103	0.00020288
308	0.81698	0.18246	0.00045329	0.00010574
309	0.98108	0.018361	0.0005526	1.1374e-05
310	0.97877	0.020665	0.00055663	1.2791e-05
311	0.98078	0.018647	0.00056369	1.1587e-05
312	0.99026	0.009161	0.00057511	5.841e-06
313	0.99188	0.0075291	0.00058223	4.8247e-06
314	0.99287	0.0065329	0.00058941	4.1647e-06
315	0.99904	0.00035962	0.00059962	2.4176e-07
316	0.93517	0.064221	0.00056665	3.9929e-05
317	0.9135	0.085883	0.00055885	5.4256e-05
318	0.9058	0.093579	0.00056031	5.974e-05
319	0.90637	0.093003	0.00056748	5.9963e-05
320	0.9185	0.080867	0.00058178	5.285e-05
321	0.95134	0.048013	0.00061079	3.1533e-05
322	0.96024	0.039111	0.00062376	2.6007e-05
323	0.96628	0.033059	0.00063556	2.2129e-05
324	0.98919	0.010147	0.00065848	6.8691e-06
325	0.9895	0.0098297	0.00066685	6.6697e-06
326	0.99425	0.0050673	0.00067801	3.438e-06
327	0.9993	1.2344e-05	0.0006891	8.4628e-09
328	0.99669	0.0026124	0.00069555	1.7644e-06
329	0.99661	0.0026861	0.00070345	1.8357e-06
330	0.99928	1.0815e-05	0.00071297	1.2487e-08
331	0.99781	0.0014715	0.0007133	1.0905e-06
332	0.9772	0.022089	0.00070004	1.5982e-05
333	0.96955	0.029733	0.00069652	2.1387e-05
334	0.96906	0.030224	0.00069789	2.1788e-05
335	0.97513	0.024151	0.00070378	1.7548e-05
336	0.99745	0.0018252	0.00072082	2.0373e-06
337	0.99498	0.0043035	0.0007165	3.6884e-06
338	0.99529	0.0039896	0.0007141	3.2842e-06
339	0.99922	6.1939e-05	0.00071437	4.9561e-08
340	0.99906	0.00023282	0.00071114	1.6959e-07
341	0.99842	0.00087306	0.00070786	6.1077e-07
342	0.99929	1.12e-06	0.00070548	7.5589e-10
343	0.99832	0.00097763	0.00070155	6.8265e-07
344	0.99776	0.0015414	0.00069773	1.088e-06
345	0.99872	0.0005811	0.00069531	4.0113e-07
346	0.99778	0.0015322	0.00069106	1.0797e-06
347	0.99674	0.0025673	0.00068707	1.7881e-06
348	0.99778	0.0015305	0.00068435	1.0841e-06
349	0.99533	0.0039853	0.000679	2.8746e-06
350	0.99533	0.0039923	0.00067574	2.8848e-06
351	0.99777	0.0015575	0.00067451	1.1606e-06
352	0.9924	0.0069274	0.00066812	4.8915e-06
353	0.99179	0.007535	0.00066485	5.3483e-06
354	0.9941	0.0052366	0.0006639	3.77e-06
355	0.99307	0.0062663	0.00066095	4.4594e-06
356	0.99465	0.0046884	0.00066009	3.3159e-06
357	0.99659	0.0027478	0.00065929	1.981e-06
358	0.99628	0.0030595	0.0006572	2.1799e-06
359	0.9979	0.0014418	0.00065669	1.0326e-06
360	0.99932	2.8448e-05	0.00065626	2.1188e-08
361	0.99897	0.00037939	0.00065478	2.6154e-07
362	0.99889	0.00045912	0.00065373	3.1551e-07
363	0.99813	0.0012204	0.00065245	8.1567e-07
364	0.99776	0.0015841	0.0006513	1.0721e-06
365	0.99738	0.0019717	0.00065035	1.3297e-06
366	0.99697	0.0023821	0.0006496	1.5838e-06
367	0.99697	0.0023838	0.00064899	1.592e-06
368	0.99898	0.0003673	0.00064995	2.3944e-07
369	0.99893	0.00042063	0.00064942	2.7143e-07
370	0.99666	0.0026868	0.00064733	1.761e-06
371	0.99657	0.002785	0.00064689	1.8043e-06
372	0.99924	0.00011577	0.00064811	7.7639e-08
373	0.99913	0.00021876	0.00064776	1.4567e-07
374	0.99691	0.0024423	0.00064623	1.581e-06
375	0.99476	0.0045903	0.00064462	2.9996e-06
376	0.99493	0.0044189	0.00064476	2.872e-06
377	0.99826	0.0010881	0.00064681	7.2535e-07
378	0.99895	0.00040444	0.00064736	2.7394e-07
379	0.99898	0.00037589	0.00064769	2.5079e-07
380	0.99837	0.0009812	0.0006478	6.315e-07
381	0.99935	1.1059e-07	0.00064882	7.347e-11
382	0.99828	0.0010684	0.00064875	6.9145e-07
383	0.99744	0.0019142	0.00064871	1.2561e-06
384	0.99822	0.0011259	0.00064998	7.2966e-07
385	0.99926	9.2494e-05	0.00065129	5.9044e-08
386	0.99934	7.4305e-06	0.00065188	4.9416e-09
387	0.99934	3.6804e-06	0.00065263	2.5412e-09
388	0.99812	0.0012244	0.00065239	8.7262e-07
389	0.99684	0.0025009	0.00065235	1.7732e-06
390	0.9974	0.0019403	0.00065381	1.4013e-06
391	0.98076	0.018586	0.00064374	1.2779e-05
392	0.9637	0.035645	0.00063296	2.4757e-05
393	0.9574	0.041943	0.00062998	2.9141e-05
394	0.93068	0.06866	0.0006125	4.7913e-05
395	0.92111	0.078232	0.00060737	5.4573e-05
396	0.92162	0.077718	0.00060887	5.449e-05
397	0.90746	0.091879	0.00060072	6.4299e-05
398	0.89131	0.10802	0.00059081	7.5752e-05
399	0.88685	0.11249	0.00058933	7.8998e-05
400	0.89426	0.10507	0.00059567	7.4299e-05
401	0.91737	0.081961	0.00061328	5.856e-05
402	0.97252	0.026809	0.00065431	1.963e-05
403	0.9693	0.030028	0.00065449	2.1816e-05
404	0.9712	0.028125	0.00065859	2.0341e-05
405	0.98274	0.016582	0.00066942	1.1999e-05
406	0.98549	0.013829	0.00067371	1.0062e-05
407	0.99402	0.0052963	0.00068252	3.8437e-06
408	0.99605	0.0032642	0.00068645	2.389e-06
409	0.99328	0.0060261	0.00068677	4.3978e-06
410	0.99335	0.0059516	0.00068943	4.3498e-06
411	0.99611	0.0031937	0.00069431	2.3276e-06
412	0.99923	7.379e-05	0.00069927	9.1127e-08
413	0.99928	2.6865e-05	0.0006979	3.182e-08
414	0.99631	0.0029896	0.00069383	2.983e-06
415	0.95265	0.046658	0.00064824	4.7342e-05
416	0.93984	0.059466	0.00063331	6.0928e-05
417	0.93867	0.060637	0.00062936	6.3411e-05
418	0.93522	0.064092	0.00062054	6.4134e-05
419	0.93838	0.060942	0.00061773	5.9334e-05
420	0.95368	0.045647	0.0006257	4.3529e-05
421	0.95571	0.043625	0.00062068	4.0485e-05
422	0.9675	0.031846	0.0006236	2.9275e-05
423	0.99821	0.0011477	0.00064405	1.0748e-06
424	0.98407	0.015293	0.00062776	1.0148e-05
425	0.97868	0.020691	0.00061779	1.3359e-05
426	0.97804	0.021338	0.00061134	1.3481e-05
427	0.97699	0.022395	0.00060439	1.3899e-05
428	0.98141	0.017983	0.00060057	1.0986e-05
429	0.99842	0.00097207	0.00060395	6.2999e-07
430	0.997	0.0023996	0.00059656	1.5284e-06
431	0.97833	0.021081	0.00057796	1.3429e-05
432	0.9715	0.02791	0.00056764	1.7507e-05
433	0.94755	0.051874	0.00054643	3.2264e-05
434	0.91419	0.085233	0.00052061	5.2024e-05
435	0.90189	0.097544	0.00050833	5.8662e-05
436	0.69976	0.29968	0.00039016	0.00017154
437	0.62945	0.37	0.00034653	0.00020974
438	0.60661	0.39284	0.00032988	0.00022083
439	0.2563	0.74315	0.00013819	0.00040745
440	0.1334	0.86606	7.0065e-05	0.00047041
441	0.0952	0.90427	4.8319e-05	0.00048691
442	0.080368	0.9191	3.9948e-05	0.00049027
443	0.077425	0.92205	3.7816e-05	0.00048733
444	0.082843	0.91664	3.9784e-05	0.00048023
445	0.076935	0.92255	3.6212e-05	0.00047888
446	0.07822	0.92127	3.6392e-05	0.00047401
447	0.08704	0.91245	4.032e-05	0.00046558
448	0.069467	0.93003	3.1207e-05	0.00047012
449	0.063598	0.93591	2.8089e-05	0.00046888
450	0.066333	0.93317	2.8941e-05	0.0004636
451	0.055437	0.94407	2.3529e-05	0.00046478
452	0.053719	0.9458	2.236e-05	0.00046165
453	0.057391	0.94213	2.3679e-05	0.00045621
454	0.05807	0.94145	2.3813e-05	0.0004522
455	0.065027	0.9345	2.6823e-05	0.00044548
456	0.069044	0.93049	2.8576e-05	0.0004402
457	0.081973	0.91756	3.4526e-05	0.00043088
458	0.090125	0.90941	3.833e-05	0.00042386
459	0.1206	0.87894	5.2298e-05	0.00040662
460	0.15019	0.84935	6.5332e-05	0.00039025
461	0.21962	0.77993	9.6905e-05	0.0003555
462	0.39059	0.60896	0.00017675	0.00027266
463	0.43514	0.56442	0.00019603	0.0002503
464	0.56477	0.43478	0.00025265	0.00019054
465	0.97911	0.020454	0.00043085	9.0866e-06
466	0.9806	0.01896	0.0004286	8.3501e-06
467	0.989	0.010563	0.00042918	4.6694e-06
468	0.99563	0.0039399	0.00042928	1.7189e-06
469	0.99513	0.0044379	0.00042609	1.9276e-06
470	0.99698	0.0025939	0.00042419	1.1042e-06
471	0.99922	0.0003625	0.00042228	1.5104e-07
472	0.99921	0.00036652	0.00041929	1.5401e-07
473	0.99861	0.00097724	0.00041628	4.0146e-07
474	0.99945	0.00013459	0.00041375	5.478e-08
475	0.99943	0.00016363	0.00041075	6.916e-08
476	0.99917	0.00041933	0.00040788	1.7529e-07
477	0.99919	0.00040456	0.00040537	1.6424e-07
478	0.99955	5.0082e-05	0.00040288	2.1156e-08
479	0.99901	0.00059249	0.00040026	2.4513e-07
480	0.99957	3.0999e-05	0.00039832	1.3853e-08
481	0.99617	0.0034361	0.00039495	1.4525e-06
482	0.99541	0.0041914	0.00039289	1.7629e-06
483	0.99675	0.0028556	0.00039188	1.2073e-06
484	0.95844	0.041169	0.00037433	1.7089e-05
485	0.78711	0.2125	0.000304	8.5938e-05
486	0.71787	0.28174	0.00027596	0.00011267
487	0.40036	0.59925	0.00015461	0.00023286
488	0.30112	0.6985	0.00011574	0.0002705
489	0.2588	0.74082	9.9523e-05	0.00028561
490	0.097339	0.90228	3.7537e-05	0.00034644
491	0.046771	0.95285	1.7737e-05	0.00036505
492	0.026266	0.97335	9.9439e-06	0.00037175
493	0.020323	0.9793	7.6181e-06	0.00037294
494	0.018643	0.98098	6.975e-06	0.00037255
495	0.020252	0.97937	7.6186e-06	0.00037097
496	0.014847	0.98478	5.5953e-06	0.00037202
497	0.014368	0.98526	5.3896e-06	0.00037122
498	0.018095	0.98153	6.7133e-06	0.00036885
499	0.014703	0.98492	5.428e-06	0.00036919
500	0.015457	0.98417	5.6577e-06	0.00036797
501	0.019438	0.98019	7.1102e-06	0.00036562
502	0.032193	0.96744	1.1685e-05	0.00036012
503	0.069016	0.93061	2.4638e-05	0.0003462
504	0.15946	0.84017	5.7276e-05	0.0003127
505	0.18182	0.81782	6.5007e-05	0.00030407
506	0.23547	0.76417	8.4268e-05	0.00028401
507	0.38956	0.61007	0.00013864	0.00022879
508	0.50659	0.49304	0.00018086	0.00018586
509	0.7946	0.20503	0.00028782	7.83e-05
510	0.99722	0.0024116	0.0003647	9.6866e-07
511	0.99651	0.0031241	0.00036414	1.2306e-06
512	0.99809	0.0015496	0.00036436	6.4537e-07
513	0.99793	0.0017022	0.00036416	7.0731e-07
514	0.99567	0.0039643	0.0003633	1.5856e-06
515	0.99579	0.0038474	0.00036352	1.5383e-06
516	0.99926	0.00037469	0.0003649	2.4672e-07
517	0.99652	0.0031207	0.00036042	1.3271e-06
518	0.9961	0.0035421	0.0003571	1.4772e-06
519	0.9985	0.0011434	0.0003547	5.8163e-07
520	0.98496	0.014687	0.00034525	6.9835e-06
521	0.98108	0.018576	0.00034016	8.9202e-06
522	0.97729	0.022359	0.00033548	1.0745e-05
523	0.90966	0.090001	0.00029991	4.3256e-05
524	0.8868	0.11286	0.0002857	5.4293e-05
525	0.87886	0.1208	0.00027895	5.8098e-05
526	0.86657	0.13309	0.00027057	6.3722e-05
527	0.86486	0.13481	0.00026704	6.4709e-05
528	0.87324	0.12643	0.00026751	6.189e-05
529	0.86916	0.13052	0.00026298	6.3961e-05
530	0.86483	0.13484	0.00025773	6.6373e-05
531	0.87021	0.12947	0.00025653	6.4955e-05
532	0.86029	0.13939	0.00024931	6.9744e-05
533	0.86032	0.13936	0.00024654	7.0252e-05
534	0.87356	0.12613	0.00024813	6.6324e-05
535	0.8519	0.14779	0.00023473	7.0708e-05
536	0.84753	0.15218	0.00022666	6.9533e-05
537	0.85259	0.14712	0.0002224	6.5053e-05
538	0.85731	0.14241	0.00021851	6.0827e-05
539	0.87481	0.12491	0.00021983	5.1828e-05
540	0.91806	0.081672	0.00023157	3.2828e-05
541	0.94883	0.050917	0.0002381	1.9457e-05
542	0.93392	0.065828	0.000228	2.2341e-05
543	0.92988	0.069877	0.00022123	2.2349e-05
544	0.68339	0.31638	0.00015936	7.7051e-05
545	0.60668	0.39309	0.00013738	9.167e-05
546	0.58148	0.4183	0.00012736	9.417e-05
547	0.27631	0.72348	5.6923e-05	0.00015691
548	0.15204	0.84775	2.9677e-05	0.00017681
549	0.10163	0.89817	1.9019e-05	0.00018043
550	0.034667	0.96514	6.3399e-06	0.00018635
551	0.013696	0.98612	2.398e-06	0.00018346
552	0.0072315	0.99259	1.1765e-06	0.00017776
553	0.0047576	0.99507	7.2478e-07	0.00017156
554	0.0041424	0.99569	6.0242e-07	0.00016529
555	0.0054474	0.99439	7.5951e-07	0.00015866
556	0.0055522	0.99429	7.3483e-07	0.00015243
557	0.0074265	0.99243	9.5508e-07	0.0001462
558	0.012685	0.98717	1.6112e-06	0.00013977
559	0.01604	0.98382	1.9834e-06	0.00013383
560	0.025301	0.97457	3.0933e-06	0.00012737
561	0.048445	0.95143	5.9025e-06	0.00011942
562	0.10195	0.89793	1.235e-05	0.00010801
563	0.27274	0.72715	3.1829e-05	8.3505e-05
564	0.7592	0.24069	8.3829e-05	2.6396e-05
565	0.75218	0.24772	7.9061e-05	2.5928e-05
566	0.75641	0.24349	7.5759e-05	2.4271e-05
567	0.78337	0.21653	7.4387e-05	2.054e-05
568	0.76351	0.2364	6.8857e-05	2.1264e-05
569	0.76125	0.23866	6.488e-05	2.0313e-05
570	0.77138	0.22854	6.2196e-05	1.8353e-05
571	0.38443	0.61549	2.9365e-05	4.6452e-05
572	0.2633	0.73663	1.8744e-05	5.2246e-05
573	0.22614	0.77379	1.4856e-05	5.1221e-05
574	0.09378	0.90616	5.658e-06	5.5752e-05
575	0.036363	0.96358	2.0522e-06	5.486e-05
576	0.01625	0.9837	8.3887e-07	5.1525e-05
577	0.0081016	0.99185	3.9154e-07	4.7594e-05
578	0.0054601	0.9945	2.4313e-07	4.3317e-05
579	0.0046928	0.99527	1.9458e-07	3.909e-05
580	0.0033627	0.9966	1.3679e-07	3.505e-05
581	0.0032923	0.99668	1.3303e-07	3.1105e-05
582	0.0044208	0.99555	1.7672e-07	2.7257e-05
583	0.0049913	0.99498	1.7823e-07	2.7042e-05
584	0.0045675	0.99541	1.5264e-07	2.6873e-05
585	0.0054334	0.99454	1.6887e-07	2.6679e-05
586	0.0025158	0.99746	7.6201e-08	2.6613e-05
587	0.0017916	0.99818	5.0985e-08	2.6464e-05
588	0.0017486	0.99823	4.703e-08	2.6309e-05
589	0.0023549	0.99762	6.108e-08	2.6153e-05
590	0.0040592	0.99591	1.0408e-07	2.5983e-05
591	0.0098883	0.99009	2.4767e-07	2.5697e-05
592	0.004959	0.99502	1.2109e-07	2.57e-05
593	0.0028875	0.99709	6.9475e-08	2.5643e-05
594	0.0021415	0.99783	5.1713e-08	2.5568e-05
595	0.002169	0.99781	5.3677e-08	2.5488e-05
596	0.0033801	0.99659	8.4677e-08	2.5365e-05
597	0.0077508	0.99222	1.9282e-07	2.5148e-05
598	0.010227	0.98975	2.5544e-07	2.4993e-05
599	0.016607	0.98337	4.2125e-07	2.475e-05
600	0.032614	0.96736	8.4842e-07	2.4263e-05
601	0.07846	0.92152	2.0443e-06	2.2992e-05
602	0.20912	0.79086	5.3775e-06	1.9569e-05
603	0.62566	0.37432	1.5733e-05	9.1044e-06
604	0.63232	0.36766	1.6067e-05	9.0479e-06
605	0.66678	0.3332	1.7062e-05	8.3058e-06
606	0.74897	0.251	1.933e-05	6.3182e-06
607	0.77122	0.22875	2.0072e-05	5.8298e-06
608	0.79332	0.20665	2.0784e-05	5.3437e-06
609	0.85107	0.1489	2.2471e-05	3.916e-06
610	0.86461	0.13536	2.3007e-05	3.6138e-06
611	0.89946	0.10051	2.4153e-05	2.7329e-06
612	0.98668	0.01329	2.6817e-05	3.7305e-07
613	0.99311	0.0068665	2.7342e-05	1.9427e-07
614	0.9998	0.00016917	2.7841e-05	7.9006e-09
615	0.99991	6.311e-05	2.7328e-05	2.234e-09
616	0.99963	0.00034349	2.677e-05	1.015e-08
617	0.99868	0.0012887	2.6237e-05	3.6357e-08
618	0.99911	0.00086329	2.5783e-05	2.4574e-08
619	0.9653	0.034676	2.4508e-05	9.0346e-07
620	0.95224	0.047733	2.384e-05	1.216e-06
621	0.9505	0.049471	2.3427e-05	1.2426e-06
622	0.34775	0.65222	8.5569e-06	1.5765e-05
623	0.13614	0.86384	3.3056e-06	2.0649e-05
624	0.061886	0.93809	1.4497e-06	2.2121e-05
625	0.029717	0.97026	6.7732e-07	2.2527e-05
626	0.016708	0.98327	3.7696e-07	2.2482e-05
627	0.012518	0.98746	2.7691e-07	2.2221e-05
628	0.01212	0.98786	2.6156e-07	2.1861e-05
629	0.014151	0.98583	3.0077e-07	2.1463e-05
630	0.020113	0.97987	4.2571e-07	2.0996e-05
631	0.040155	0.95982	8.3596e-07	2.0227e-05
632	0.089472	0.91051	1.8619e-06	1.8862e-05
633	0.23007	0.76991	4.687e-06	1.5682e-05
634	0.63056	0.36942	1.2438e-05	7.5577e-06
635	0.72064	0.27934	1.3996e-05	5.6532e-06
636	0.94291	0.057074	1.8199e-05	1.1344e-06
637	0.94532	0.054661	1.7987e-05	1.0639e-06
638	0.95868	0.0413	1.7956e-05	7.861e-07
639	0.99901	0.0009713	1.839e-05	1.7822e-08
640	0.99979	0.00019387	1.8021e-05	3.6998e-09
641	0.99832	0.0016665	1.7652e-05	3.0768e-08
642	0.99681	0.0031708	1.7318e-05	5.6757e-08
643	0.9978	0.0021866	1.6997e-05	3.9482e-08
644	0.99691	0.0030721	1.6674e-05	5.4533e-08
645	0.99798	0.0020032	1.6417e-05	3.5403e-08
646	0.95597	0.044017	1.5478e-05	7.2615e-07
647	0.93843	0.06155	1.4988e-05	9.9302e-07
648	0.93519	0.064791	1.4701e-05	1.03e-06
649	0.86165	0.13834	1.3184e-05	2.2226e-06
650	0.83063	0.16936	1.2435e-05	2.6723e-06
651	0.82385	0.17613	1.2051e-05	2.732e-06
652	0.78132	0.21866	1.1158e-05	3.325e-06
653	0.7687	0.23128	1.0708e-05	3.4518e-06
654	0.76822	0.23177	1.0466e-05	3.3945e-06
655	0.74258	0.2574	9.9021e-06	3.684e-06
656	0.73758	0.26241	9.6101e-06	3.6802e-06
657	0.74397	0.25602	9.4944e-06	3.5213e-06
658	0.74677	0.25321	9.3526e-06	3.4116e-06
659	0.76799	0.232	9.423e-06	3.0689e-06
660	0.82044	0.17955	9.9067e-06	2.3331e-06
661	0.8336	0.16639	9.8435e-06	2.1207e-06
662	0.87044	0.12955	1.0091e-05	1.6215e-06
663	0.95712	0.042869	1.0964e-05	5.1648e-07
664	0.95461	0.045379	1.0743e-05	5.2889e-07
665	0.95932	0.040671	1.0583e-05	4.5945e-07
666	0.97689	0.023103	1.0541e-05	2.4884e-07
667	0.97989	0.020102	1.0292e-05	2.0926e-07
668	0.98227	0.017721	1.001e-05	1.7869e-07
669	0.99247	0.0075205	9.7778e-06	7.4483e-08
670	0.99992	6.5985e-05	9.5382e-06	6.6148e-10
671	0.99936	0.00063553	9.2454e-06	6.0312e-09
672	0.99991	7.7133e-05	8.9865e-06	6.7517e-10
673	0.99715	0.0028443	8.677e-06	2.3952e-08
674	0.99703	0.0029647	8.3684e-06	2.4076e-08
675	0.99973	0.00026494	8.0572e-06	2.1195e-09
676	0.99906	0.00093656	7.7426e-06	7.2267e-09
677	0.99879	0.0012031	7.4069e-06	9.0527e-09
678	0.99999	4.9528e-06	7.105e-06	3.4762e-11
679	0.99991	8.7923e-05	6.7695e-06	5.885e-10
680	0.99885	0.0011433	6.3995e-06	7.4421e-09
681	0.99914	0.00085211	6.059e-06	5.1763e-09
682	0.99873	0.0012673	5.6901e-06	7.2737e-09
683	0.99833	0.0016661	5.3415e-06	8.842e-09
684	0.99998	1.3482e-05	4.9795e-06	7.2051e-11
685	0.99746	0.0025323	4.618e-06	1.2457e-08
686	0.99719	0.002805	4.2885e-06	1.2878e-08
687	0.99893	0.0010666	3.9864e-06	4.7119e-09
688	0.99912	0.00087431	3.7103e-06	3.5134e-09
689	0.99844	0.0015527	3.4493e-06	5.4643e-09
690	0.99965	0.00034245	3.1744e-06	1.0797e-09
691	0.99996	3.3031e-05	2.8719e-06	9.2413e-11
692	0.99956	0.00043633	2.581e-06	1.0378e-09
693	0.99798	0.0020135	2.3022e-06	4.0417e-09
694	0.99154	0.0084613	2.0294e-06	1.4177e-08
695	0.9906	0.0093941	1.7488e-06	1.2729e-08
696	0.99259	0.0074112	1.4834e-06	6.7204e-09
697	0.98576	0.014239	1.5287e-06	1.7546e-08
698	0.98473	0.015265	1.5684e-06	2.0182e-08
699	0.98398	0.01602	1.5943e-06	2.2351e-08
700	0.98258	0.017421	1.6216e-06	2.5292e-08
701	0.98594	0.014062	1.6427e-06	2.0754e-08
702	0.99956	0.00043648	1.665e-06	6.5656e-10
703	0.9988	0.0011973	1.6674e-06	1.9142e-09
704	0.9996	0.00040257	1.6585e-06	6.4327e-10
705	0.99986	0.00013872	1.6344e-06	2.3774e-10
706	0.99744	0.0025548	1.607e-06	4.3725e-09
707	0.99714	0.0028619	1.5846e-06	4.8514e-09
708	0.99871	0.0012872	1.5666e-06	2.2226e-09
709	0.9972	0.002798	1.5455e-06	4.6291e-09
710	0.99754	0.0024545	1.5286e-06	4.0015e-09
711	1	2.5681e-06	1.516e-06	4.1155e-12
712	0.98717	0.012827	1.4826e-06	1.8733e-08
713	0.9729	0.0271	1.4339e-06	3.9204e-08
714	0.96819	0.031813	1.4017e-06	4.4831e-08
715	0.89824	0.10176	1.2671e-06	1.3958e-07
716	0.87055	0.12945	1.1971e-06	1.7088e-07
717	0.8632	0.13679	1.1432e-06	1.7304e-07
718	0.85576	0.14424	1.0776e-06	1.733e-07
719	0.85781	0.14219	1.025e-06	1.607e-07
720	0.87192	0.12807	9.8747e-07	1.3388e-07
721	0.78827	0.21173	8.5682e-07	2.0102e-07
722	0.76014	0.23986	7.7435e-07	2.0737e-07
723	0.75535	0.24465	7.0426e-07	1.882e-07
724	0.72452	0.27548	7.2708e-07	2.4408e-07
725	0.71486	0.28514	7.7012e-07	2.7964e-07
726	0.71807	0.28193	8.2756e-07	3.0091e-07
727	0.74365	0.25635	9.0012e-07	2.9401e-07
728	0.8058	0.1942	1.0208e-06	2.3858e-07
729	0.95054	0.049463	1.258e-06	6.6627e-08
730	0.94947	0.050525	1.3191e-06	7.173e-08
731	0.95644	0.043558	1.3785e-06	6.5058e-08
732	0.97522	0.024779	1.4578e-06	3.9485e-08
733	0.97937	0.020631	1.5202e-06	3.4299e-08
734	0.97786	0.022136	1.5601e-06	3.7993e-08
735	0.98086	0.019138	1.6101e-06	3.3978e-08
736	0.97784	0.022161	1.6526e-06	4.0032e-08
737	0.8287	0.1713	1.4496e-06	2.9698e-07
738	0.76852	0.23147	1.3938e-06	4.0902e-07
739	0.55155	0.44845	1.0366e-06	8.0847e-07
740	0.48419	0.51581	9.2733e-07	9.4695e-07
741	0.46533	0.53466	8.9834e-07	9.9239e-07
742	0.43705	0.56295	8.5316e-07	1.0537e-06
743	0.43154	0.56846	8.4402e-07	1.0669e-06
744	0.4443	0.5557	8.626e-07	1.0397e-06
745	0.43757	0.56243	8.37e-07	1.0441e-06
746	0.44439	0.55561	8.3926e-07	1.021e-06
747	0.47065	0.52935	8.796e-07	9.601e-07
748	0.47261	0.52739	8.6676e-07	9.3966e-07
749	0.49741	0.50259	8.8577e-07	8.7467e-07
750	0.56238	0.43762	9.7437e-07	7.4062e-07
751	0.77184	0.22815	1.28e-06	3.765e-07
752	0.81825	0.18175	1.3111e-06	2.887e-07
753	0.96867	0.03133	1.4793e-06	4.9811e-08
754	0.96945	0.030552	1.4213e-06	4.6446e-08
755	0.97769	0.022308	1.3602e-06	3.2473e-08
756	0.99838	0.0016212	1.3167e-06	2.3829e-09
757	0.99831	0.0016914	1.252e-06	2.3138e-09
758	0.99987	0.00012613	1.1901e-06	1.6554e-10
759	0.99999	9.2465e-06	1.1268e-06	1.1127e-11
760	0.99994	6.2959e-05	1.0644e-06	6.8596e-11
761	0.99991	8.9168e-05	1.0022e-06	8.8473e-11
762	0.99934	0.00066096	9.2569e-07	6.1762e-10
763	0.99764	0.0023571	8.3448e-07	2.0425e-09
764	0.99776	0.0022373	7.4508e-07	1.7391e-09
765	0.99993	6.7372e-05	6.576e-07	4.4615e-11
766	0.9992	0.00080318	5.5432e-07	4.4137e-10
767	0.99874	0.0012561	4.379e-07	5.5563e-10
768	0.99964	0.00035547	3.2178e-07	1.1116e-10
769	0.99982	0.0001794	2.0461e-07	2.3221e-11
770	0.99903	0.00097109	2.1126e-07	1.976e-10
771	0.99833	0.0016727	2.1292e-07	3.447e-10
772	0.998	0.0020009	2.0369e-07	3.9866e-10
773	0.99931	0.00069397	1.8944e-07	1.1543e-10
774	0.9996	0.00039954	1.6427e-07	4.075e-11
775	0.99793	0.002071	2.3457e-07	4.6927e-10
776	0.99594	0.0040549	2.9078e-07	1.2043e-09
777	0.99627	0.0037277	3.4451e-07	1.3185e-09
778	0.99459	0.0054139	3.8557e-07	2.1847e-09
779	0.99524	0.0047587	4.2407e-07	2.125e-09
780	0.99872	0.0012771	4.6064e-07	6.3666e-10
781	0.99582	0.0041774	4.9556e-07	2.1125e-09
782	0.99321	0.0067877	5.1833e-07	3.6099e-09
783	0.99334	0.0066609	5.3946e-07	3.6583e-09
784	0.99351	0.0064856	5.4893e-07	3.6373e-09
785	0.99652	0.0034837	5.5702e-07	1.9473e-09
786	0.99989	0.00011261	5.5313e-07	6.3612e-11
787	0.99901	0.00099161	5.4385e-07	5.3857e-10
788	0.99854	0.0014645	5.2263e-07	7.7858e-10
789	0.99957	0.00042575	4.9969e-07	2.1378e-10
790	0.99666	0.0033371	4.7225e-07	1.5195e-09
791	0.99655	0.0034496	4.3452e-07	1.4333e-09
792	0.99854	0.0014641	3.9444e-07	4.7618e-10
793	0.99721	0.002789	4.6212e-07	1.257e-09
794	0.9977	0.0022988	5.2836e-07	1.2278e-09
795	0.9962	0.003796	5.7983e-07	2.3381e-09
796	0.9712	0.0288	6.1315e-07	1.9428e-08
797	0.9611	0.038895	6.5283e-07	2.809e-08
798	0.95884	0.04116	6.9639e-07	3.1582e-08
799	0.96437	0.035629	7.3341e-07	2.8894e-08
800	0.96791	0.032092	7.6761e-07	2.7187e-08
801	0.98002	0.019976	8.0866e-07	1.7599e-08
802	0.98942	0.010577	8.4737e-07	9.4629e-09
803	0.98745	0.012548	8.6369e-07	1.1296e-08
804	0.98995	0.010052	8.7106e-07	9.139e-09
805	0.98083	0.019172	8.6675e-07	1.716e-08
806	0.979	0.020995	8.5658e-07	1.8646e-08
807	0.98125	0.018751	8.4863e-07	1.6368e-08
808	0.98238	0.017621	8.3826e-07	1.4939e-08
809	0.97813	0.021871	8.1118e-07	1.7846e-08
810	0.97977	0.020233	7.762e-07	1.5736e-08
811	0.98975	0.010248	7.3434e-07	7.5583e-09
812	0.99941	0.00059046	6.9055e-07	3.3647e-10
813	0.99922	0.00078385	6.3789e-07	3.305e-10
814	0.99431	0.0056856	7.792e-07	4.5242e-09
815	0.99351	0.0064907	9.0907e-07	6.2401e-09
816	0.99538	0.0046159	1.0446e-06	5.2731e-09
817	0.99027	0.009728	1.1756e-06	1.2485e-08
818	0.9891	0.010894	1.3138e-06	1.5591e-08
819	0.99102	0.0089781	1.46e-06	1.4256e-08
820	0.98883	0.011173	1.6052e-06	1.9149e-08
821	0.99047	0.0095284	1.7417e-06	1.777e-08
822	0.99684	0.0031558	1.8938e-06	6.4736e-09
823	0.9964	0.0036015	2.0177e-06	7.9214e-09
824	0.99568	0.0043218	2.1456e-06	1.0068e-08
825	0.99722	0.0027761	2.2852e-06	6.9491e-09
826	0.99313	0.0068661	2.4184e-06	1.7491e-08
827	0.99287	0.0071314	2.5446e-06	1.9234e-08
828	0.99555	0.0044423	2.6865e-06	1.2741e-08
829	0.99552	0.0044753	2.8052e-06	1.3558e-08
830	0.99562	0.0043782	2.9084e-06	1.4118e-08
831	0.99831	0.0016906	3.0274e-06	6.4621e-09
832	0.97992	0.020079	3.0996e-06	7.4053e-08
833	0.97319	0.026803	3.2196e-06	1.0296e-07
834	0.97234	0.027656	3.3697e-06	1.1147e-07
835	0.97053	0.02947	3.5262e-06	1.2391e-07
836	0.95969	0.040308	3.6256e-06	1.7516e-07
837	0.95707	0.042924	3.768e-06	1.9404e-07
838	0.90247	0.097523	3.6548e-06	4.5146e-07
839	0.87969	0.1203	3.6849e-06	5.7442e-07
840	0.87436	0.12563	3.7741e-06	6.2157e-07
841	0.84405	0.15594	3.7529e-06	7.9195e-07
842	0.80088	0.19911	3.6695e-06	1.0337e-06
843	0.7403	0.2597	3.4967e-06	1.374e-06
844	0.71545	0.28455	3.5001e-06	1.5476e-06
845	0.70889	0.2911	3.603e-06	1.6329e-06
846	0.71498	0.28501	3.7856e-06	1.6503e-06
847	0.74702	0.25297	4.1061e-06	1.5117e-06
848	0.85311	0.14688	4.8571e-06	9.2438e-07
849	0.92819	0.0718	5.4754e-06	4.8126e-07
850	0.93116	0.068833	5.6715e-06	4.7509e-07
851	0.94653	0.053463	5.9318e-06	3.8602e-07
852	0.9863	0.013697	6.3855e-06	1.1908e-07
853	0.98383	0.01616	6.5643e-06	1.4357e-07
854	0.98528	0.014715	6.7906e-06	1.3803e-07
855	0.99188	0.0081166	7.0776e-06	9.0133e-08
856	0.98322	0.016773	7.1996e-06	1.8511e-07
857	0.94374	0.056254	7.0035e-06	6.147e-07
858	0.76503	0.23497	5.1537e-06	2.6675e-06
859	0.51954	0.48045	3.3367e-06	4.1821e-06
860	0.44314	0.55686	2.6986e-06	4.4992e-06
861	0.41338	0.58661	2.4064e-06	4.485e-06
862	0.40883	0.59116	2.2684e-06	4.2993e-06
863	0.41781	0.58218	2.2247e-06	4.0327e-06
864	0.44807	0.55192	2.3182e-06	3.642e-06
865	0.54924	0.45076	2.7975e-06	2.8483e-06
866	0.78349	0.21651	3.9969e-06	1.3467e-06
867	0.79968	0.20031	3.8709e-06	1.1848e-06
868	0.70888	0.29111	3.2309e-06	1.5522e-06
869	0.58001	0.41998	2.4972e-06	2.0286e-06
870	0.52492	0.47507	2.1426e-06	2.1355e-06
871	0.44752	0.55248	1.742e-06	2.2971e-06
872	0.42203	0.57797	1.547e-06	2.2381e-06
873	0.41956	0.58044	1.4324e-06	2.083e-06
874	0.41652	0.58347	1.3073e-06	1.9223e-06
875	0.42622	0.57378	1.2279e-06	1.7239e-06
876	0.45794	0.54206	1.2124e-06	1.4702e-06
877	0.438	0.56199	1.0596e-06	1.3622e-06
878	0.43697	0.56303	9.4671e-07	1.1997e-06
879	0.44924	0.55075	8.656e-07	1.0118e-06
880	0.43717	0.56283	7.4272e-07	8.7151e-07
881	0.43836	0.56164	6.4722e-07	7.0901e-07
882	0.43711	0.56289	6.7385e-07	7.8265e-07
883	0.43389	0.56611	6.9031e-07	8.544e-07
884	0.4252	0.5748	6.9752e-07	9.35e-07
885	0.42914	0.57086	7.2735e-07	9.9273e-07
886	0.40534	0.59466	7.0519e-07	1.1032e-06
887	0.39876	0.60124	7.1669e-07	1.18e-06
888	0.40552	0.59447	7.5537e-07	1.2305e-06
889	0.40641	0.59359	7.8559e-07	1.2909e-06
890	0.40221	0.59778	8.0666e-07	1.361e-06
891	0.39288	0.60712	8.1712e-07	1.4424e-06
892	0.37845	0.62154	8.1645e-07	1.5367e-06
893	0.37764	0.62236	8.4817e-07	1.5996e-06
894	0.38983	0.61017	9.1453e-07	1.6291e-06
895	0.39958	0.60042	9.6971e-07	1.6572e-06
896	0.34236	0.65764	8.5758e-07	1.8592e-06
897	0.32066	0.67934	8.3407e-07	1.9749e-06
898	0.23928	0.76071	6.3423e-07	2.254e-06
899	0.20694	0.79306	5.6453e-07	2.4047e-06
900	0.19807	0.80193	5.5303e-07	2.4853e-06
901	0.20205	0.79794	5.7494e-07	2.5206e-06
902	0.20174	0.79826	5.8585e-07	2.5676e-06
903	0.21312	0.78688	6.3573e-07	2.5774e-06
904	0.21954	0.78045	6.7341e-07	2.6013e-06
905	0.24668	0.75332	7.7629e-07	2.5479e-06
906	0.33677	0.66323	1.0833e-06	2.2777e-06
907	0.40148	0.59852	1.3198e-06	2.0807e-06
908	0.55198	0.44802	1.8746e-06	1.5678e-06
909	0.9814	0.018596	3.4029e-06	6.7715e-08
910	0.96337	0.036628	3.3743e-06	1.319e-07
911	0.95836	0.041634	3.3751e-06	1.5098e-07
912	0.95911	0.04089	3.4029e-06	1.4906e-07
913	0.95869	0.041308	3.402e-06	1.5137e-07
914	0.9641	0.035895	3.4286e-06	1.3215e-07
915	0.97935	0.020648	3.4983e-06	7.5846e-08
916	0.9393	0.060696	3.3428e-06	2.2164e-07
917	0.92388	0.076118	3.286e-06	2.7584e-07
918	0.92108	0.078915	3.2591e-06	2.8476e-07
919	0.92756	0.07244	3.2497e-06	2.6055e-07
920	0.93172	0.06828	3.2398e-06	2.4402e-07
921	0.95191	0.048083	3.268e-06	1.7284e-07
922	0.95441	0.045585	3.2498e-06	1.6224e-07
923	0.9646	0.035396	3.2649e-06	1.2405e-07
924	0.99985	0.00014804	3.3487e-06	5.1895e-10
925	0.99523	0.0047685	3.3011e-06	1.561e-08
926	0.99035	0.009648	3.2372e-06	3.1419e-08
927	0.99028	0.0097161	3.1724e-06	3.1332e-08
928	0.93261	0.067387	2.901e-06	2.2096e-07
929	0.85232	0.14768	2.5773e-06	4.6848e-07
930	0.8283	0.17169	2.4224e-06	5.3116e-07
931	0.74499	0.25501	2.0733e-06	7.7219e-07
932	0.70992	0.29008	1.8923e-06	8.4944e-07
933	0.69716	0.30283	1.7859e-06	8.5603e-07
934	0.68171	0.31829	1.663e-06	8.6492e-07
935	0.68004	0.31995	1.5827e-06	8.3475e-07
936	0.69205	0.30794	1.5398e-06	7.7144e-07
937	0.68228	0.31772	1.457e-06	7.5914e-07
938	0.68484	0.31516	1.4057e-06	7.1783e-07
