#coord	neutral	conserved	gBGC.neutral	gBGC.conserved
1	0.96662	0.032903	0.00046341	1.5857e-05
2	0.98821	0.011313	0.00046958	5.4104e-06
3	0.99286	0.006668	0.00046762	3.152e-06
4	0.99715	0.0023868	0.00046541	1.1138e-06
5	0.99816	0.0013739	0.00046161	6.3378e-07
6	0.99954	3.1439e-06	0.00045793	1.4437e-09
7	0.99954	5.7068e-06	0.00045366	2.5834e-09
8	0.99948	6.5751e-05	0.00044934	2.9736e-08
9	0.99949	6.6534e-05	0.0004451	2.9818e-08
10	0.99952	3.578e-05	0.00044092	1.5918e-08
11	0.99937	0.00019438	0.00043672	8.5439e-08
12	0.99954	2.8344e-05	0.00043271	1.2365e-08
13	0.99955	2.2467e-05	0.00042869	9.7109e-09
14	0.99947	0.00010745	0.00042467	4.6031e-08
15	0.99932	0.00025655	0.00042069	1.0877e-07
16	0.99948	0.0001048	0.00041688	4.407e-08
17	0.99955	3.6059e-05	0.00041309	1.5039e-08
18	0.99942	0.00017555	0.00040926	7.2263e-08
19	0.99958	1.0436e-05	0.0004056	4.246e-09
20	0.99902	0.00057919	0.00040161	2.341e-07
21	0.99954	6.2937e-05	0.00039812	2.5308e-08
22	0.99953	7.8827e-05	0.00039445	3.1356e-08
23	0.99951	0.00010121	0.00039083	3.9911e-08
24	0.99944	0.00017624	0.00038723	6.8775e-08
25	0.99908	0.0005333	0.00038358	2.0528e-07
26	0.9989	0.00072405	0.00038004	2.7478e-07
27	0.99911	0.00051454	0.00037661	1.9324e-07
28	0.99884	0.00078819	0.00037298	2.9419e-07
29	0.99876	0.00086915	0.00036946	3.2033e-07
30	0.99899	0.00064187	0.00036603	2.3399e-07
31	0.99961	2.3062e-05	0.00036271	8.3795e-09
32	0.99894	0.00070351	0.00035896	2.5289e-07
33	0.99868	0.00095936	0.00035537	3.4155e-07
34	0.99886	0.00079087	0.00035192	2.7889e-07
35	0.99945	0.00019786	0.00034861	6.9351e-08
36	0.99964	1.0161e-05	0.00034521	3.5029e-09
37	0.99966	6.6058e-08	0.00034171	2.2571e-11
38	0.9988	0.00086405	0.00033788	2.9365e-07
39	0.99804	0.001622	0.00033415	5.4397e-07
40	0.99903	0.00063747	0.00033096	2.1293e-07
41	0.99899	0.00068011	0.00032748	2.2522e-07
42	0.99916	0.00051161	0.00032411	1.6786e-07
43	0.99955	0.00012889	0.00032086	4.2167e-08
44	0.99756	0.0021184	0.00031688	6.7962e-07
45	0.99533	0.0043568	0.00031288	1.3796e-06
46	0.99553	0.0041614	0.00030971	1.3022e-06
47	0.9961	0.003597	0.00030661	1.115e-06
48	0.99941	0.00028393	0.0003044	8.7433e-08
49	0.99966	3.9366e-05	0.00030128	1.1896e-08
50	0.9997	6.5355e-07	0.00029807	1.9457e-10
51	0.99954	0.00016315	0.00029477	4.8352e-08
52	0.9997	4.0289e-06	0.0002916	1.1795e-09
53	0.99874	0.00097542	0.00028816	2.8006e-07
54	0.99935	0.00036467	0.00028514	1.034e-07
55	0.99949	0.00023198	0.00028195	6.5347e-08
56	0.99933	0.00039107	0.00027872	1.0858e-07
57	0.99959	0.00013132	0.00027558	3.5944e-08
58	0.99924	0.00048977	0.00027224	1.3307e-07
59	0.9993	0.00042733	0.00026899	1.1528e-07
60	0.99959	0.00014297	0.00026583	3.8132e-08
61	0.99754	0.0021927	0.00026203	5.7931e-07
62	0.98962	0.010125	0.00025676	2.6322e-06
63	0.98167	0.018071	0.00025149	4.6465e-06
64	0.9797	0.020049	0.00024785	5.0878e-06
65	0.98199	0.01776	0.00024532	4.4438e-06
66	0.99199	0.0077658	0.00024466	1.9123e-06
67	0.99454	0.0052135	0.00024209	1.266e-06
68	0.99739	0.00237	0.00023953	5.6949e-07
69	0.99968	8.2919e-05	0.00023687	1.9619e-08
70	0.99897	0.00079784	0.00023346	1.869e-07
71	0.99942	0.00035105	0.00023036	8.0656e-08
72	0.99953	0.00024542	0.00022716	5.5318e-08
73	0.9951	0.0046726	0.00022291	1.0419e-06
74	0.99466	0.0051201	0.00021954	1.126e-06
75	0.99752	0.0022597	0.00021686	4.9227e-07
76	0.99574	0.0040423	0.0002132	8.687e-07
77	0.99651	0.0032802	0.00021007	6.9719e-07
78	0.99707	0.0027252	0.00020692	5.7224e-07
79	0.9905	0.0092979	0.00020235	1.9149e-06
80	0.98924	0.010563	0.00019887	2.1441e-06
81	0.99101	0.0087935	0.00019603	1.7599e-06
82	0.98379	0.016016	0.00019139	3.1563e-06
83	0.98209	0.01772	0.0001879	3.435e-06
84	0.98444	0.015374	0.00018523	2.9325e-06
85	0.8492	0.15061	0.00015711	2.7924e-05
86	0.80242	0.1974	0.00014588	3.5995e-05
87	0.78503	0.21479	0.00014027	3.8482e-05
88	0.76501	0.23481	0.00013428	4.1333e-05
89	0.76265	0.23718	0.00013143	4.1012e-05
90	0.77719	0.22264	0.00013143	3.7829e-05
91	0.81783	0.18201	0.0001357	3.0402e-05
92	0.78375	0.21609	0.00012757	3.5407e-05
93	0.73892	0.26092	0.00011799	4.1891e-05
94	0.58474	0.41511	9.1454e-05	6.5311e-05
95	0.36992	0.62993	5.6703e-05	9.6972e-05
96	0.3031	0.69675	4.5469e-05	0.0001051
97	0.21487	0.78498	3.1563e-05	0.00011592
98	0.17958	0.82028	2.5854e-05	0.00011857
99	0.17086	0.829	2.4078e-05	0.00011726
100	0.15736	0.8425	2.1713e-05	0.00011657
101	0.15829	0.84158	2.1363e-05	0.00011385
102	0.17504	0.82483	2.3086e-05	0.00010904
103	0.088462	0.91141	1.1438e-05	0.00011762
104	0.058312	0.94156	7.3746e-06	0.00011861
105	0.048434	0.95144	5.9783e-06	0.00011691
106	0.033306	0.96657	4.0234e-06	0.00011579
107	0.029571	0.97031	3.485e-06	0.00011324
108	0.029932	0.96995	3.4407e-06	0.00011021
109	0.035103	0.96479	3.9372e-06	0.00010666
110	0.017016	0.98288	1.8705e-06	0.00010561
111	0.0097485	0.99015	1.0592e-06	0.00010332
112	0.0079677	0.99193	8.5027e-07	0.00010041
113	0.0081074	0.99179	8.4745e-07	9.7317e-05
114	0.010497	0.98941	1.0718e-06	9.4011e-05
115	0.011997	0.98791	1.1956e-06	9.0794e-05
116	0.016788	0.98312	1.6297e-06	8.7281e-05
117	0.029212	0.9707	2.7614e-06	8.3088e-05
118	0.059973	0.93994	5.52e-06	7.7286e-05
119	0.1478	0.85212	1.3166e-05	6.6583e-05
120	0.39799	0.60193	3.4173e-05	4.2506e-05
121	0.39319	0.60673	3.2728e-05	4.0902e-05
122	0.4044	0.59553	3.2485e-05	3.8079e-05
123	0.44507	0.55486	3.4393e-05	3.3088e-05
124	0.47501	0.52492	3.5299e-05	2.9124e-05
125	0.47517	0.52477	3.4027e-05	2.7361e-05
126	0.49046	0.50948	3.3739e-05	2.4639e-05
127	0.45478	0.54516	3.129e-05	2.7351e-05
128	0.44319	0.55676	3.0491e-05	2.8414e-05
129	0.44569	0.55425	3.0587e-05	2.8584e-05
130	0.3626	0.63734	2.4911e-05	3.4528e-05
131	0.26506	0.73488	1.8177e-05	4.1519e-05
132	0.23556	0.76438	1.6134e-05	4.3805e-05
133	0.20474	0.7952	1.3982e-05	4.619e-05
134	0.19326	0.80668	1.3174e-05	4.723e-05
135	0.19336	0.80658	1.3138e-05	4.7498e-05
136	0.1697	0.83023	1.1513e-05	4.9356e-05
137	0.16563	0.83431	1.1208e-05	4.9882e-05
138	0.17071	0.82923	1.1494e-05	4.9817e-05
139	0.15738	0.84256	1.0585e-05	5.0946e-05
140	0.15721	0.84273	1.0544e-05	5.1197e-05
141	0.16669	0.83325	1.1111e-05	5.0839e-05
142	0.17152	0.82842	1.14e-05	5.0759e-05
143	0.18912	0.81082	1.2484e-05	4.9884e-05
144	0.2325	0.76744	1.5162e-05	4.7413e-05
145	0.26179	0.73815	1.7004e-05	4.5779e-05
146	0.33155	0.66838	2.1384e-05	4.1607e-05
147	0.50382	0.49612	3.2237e-05	3.0963e-05
148	0.99501	0.0049249	6.3085e-05	3.1088e-07
149	0.99518	0.0047525	6.3296e-05	3.0165e-07
150	0.99807	0.0018627	6.3686e-05	1.1845e-07
151	0.99702	0.0029183	6.381e-05	1.8656e-07
152	0.99149	0.0084423	6.3653e-05	5.4036e-07
153	0.98611	0.013829	6.3486e-05	8.8887e-07
154	0.9862	0.013738	6.3655e-05	8.8647e-07
155	0.97976	0.020179	6.3408e-05	1.3056e-06
156	0.97982	0.020115	6.3564e-05	1.3058e-06
157	0.9843	0.015639	6.4012e-05	1.0175e-06
158	0.98841	0.011529	6.4423e-05	7.5294e-07
159	0.99955	0.00038774	6.5301e-05	2.5272e-08
160	0.99747	0.0024624	6.5299e-05	1.6109e-07
161	0.99767	0.0022627	6.5432e-05	1.4862e-07
162	0.99983	0.00010241	6.5698e-05	6.7074e-09
163	0.99977	0.00015967	6.5803e-05	1.048e-08
164	0.99967	0.00025944	6.589e-05	1.7144e-08
165	0.99985	8.4423e-05	6.6e-05	5.557e-09
166	0.99376	0.0061713	6.5704e-05	4.0405e-07
167	0.9737	0.026236	6.447e-05	1.725e-06
168	0.96847	0.031466	6.4195e-05	2.0729e-06
169	0.97023	0.029708	6.4365e-05	1.9603e-06
170	0.97816	0.021771	6.4949e-05	1.4365e-06
171	0.98529	0.014645	6.5466e-05	9.6715e-07
172	0.98559	0.014346	6.5516e-05	9.4932e-07
173	0.98098	0.018955	6.5245e-05	1.2562e-06
174	0.97597	0.02396	6.4933e-05	1.591e-06
175	0.94941	0.050521	6.3194e-05	3.3561e-06
176	0.94246	0.057474	6.2739e-05	3.8211e-06
177	0.94468	0.055255	6.2879e-05	3.677e-06
178	0.94496	0.05497	6.2897e-05	3.6591e-06
179	0.9557	0.044233	6.3591e-05	2.9493e-06
180	0.98258	0.017351	6.5366e-05	1.1632e-06
181	0.98823	0.011706	6.5734e-05	7.8653e-07
182	0.99234	0.0075914	6.6006e-05	5.1066e-07
183	0.99553	0.0043987	6.6222e-05	2.9546e-07
184	0.99592	0.0040088	6.6234e-05	2.6909e-07
185	0.99666	0.0032689	6.6254e-05	2.1999e-07
186	0.99723	0.0027058	6.6266e-05	1.8235e-07
187	0.99598	0.0039561	6.6142e-05	2.6676e-07
188	0.99677	0.0031669	6.6158e-05	2.1424e-07
189	0.99738	0.0025506	6.6167e-05	1.7304e-07
190	0.9772	0.02273	6.4787e-05	1.5252e-06
191	0.96976	0.030173	6.4268e-05	2.0208e-06
192	0.96941	0.030522	6.4206e-05	2.0446e-06
193	0.95915	0.040785	6.3491e-05	2.7267e-06
194	0.94735	0.052585	6.2658e-05	3.5132e-06
195	0.89488	0.10505	5.9135e-05	6.9944e-06
196	0.82615	0.17379	5.4563e-05	1.1528e-05
197	0.74582	0.25412	4.9202e-05	1.6838e-05
198	0.71902	0.28091	4.7373e-05	1.8602e-05
199	0.40837	0.59156	2.6634e-05	3.9262e-05
200	0.28201	0.71793	1.824e-05	4.7579e-05
201	0.23107	0.76886	1.4867e-05	5.0877e-05
202	0.21167	0.78826	1.3579e-05	5.2088e-05
203	0.20897	0.79096	1.3378e-05	5.2203e-05
204	0.21653	0.78341	1.3846e-05	5.1648e-05
205	0.23993	0.76001	1.5344e-05	5.0063e-05
206	0.23818	0.76175	1.5213e-05	5.0107e-05
207	0.24843	0.7515	1.5865e-05	4.9368e-05
208	0.25338	0.74655	1.6177e-05	4.897e-05
209	0.27426	0.72567	1.7532e-05	4.7529e-05
210	0.34587	0.65407	2.2183e-05	4.2781e-05
211	0.51197	0.48796	3.3027e-05	3.1839e-05
212	0.98568	0.014259	6.3823e-05	9.3349e-07
213	0.98717	0.012766	6.3796e-05	8.3574e-07
214	0.51049	0.48944	3.272e-05	3.1791e-05
215	0.31639	0.68354	2.0138e-05	4.4254e-05
216	0.23764	0.76229	1.5055e-05	4.9219e-05
217	0.2064	0.79354	1.3039e-05	5.1118e-05
218	0.19959	0.80035	1.2577e-05	5.1451e-05
219	0.20354	0.79639	1.2806e-05	5.1094e-05
220	0.22167	0.77826	1.394e-05	4.9832e-05
221	0.28438	0.71556	1.7889e-05	4.5744e-05
222	0.4299	0.57004	2.7106e-05	3.6387e-05
223	0.53412	0.46582	3.3692e-05	2.9662e-05
224	0.53401	0.46593	3.3607e-05	2.9596e-05
225	0.5332	0.46674	3.3466e-05	2.9572e-05
226	0.42392	0.57602	2.6527e-05	3.6349e-05
227	0.31264	0.6873	1.9464e-05	4.3238e-05
228	0.26801	0.73192	1.663e-05	4.5898e-05
229	0.21156	0.78838	1.3059e-05	4.9284e-05
230	0.19315	0.80679	1.1867e-05	5.028e-05
231	0.19203	0.80791	1.1747e-05	5.0192e-05
232	0.16816	0.83178	1.0227e-05	5.1504e-05
233	0.15986	0.84008	9.6807e-06	5.1843e-05
234	0.16168	0.83826	9.7587e-06	5.1557e-05
235	0.17795	0.82199	1.0706e-05	5.039e-05
236	0.21833	0.78161	1.3111e-05	4.7766e-05
237	0.3188	0.68114	1.9152e-05	4.1505e-05
238	0.24447	0.75547	1.4631e-05	4.5808e-05
239	0.22254	0.7774	1.326e-05	4.6947e-05
240	0.21585	0.78409	1.2814e-05	4.7162e-05
241	0.20866	0.79128	1.2335e-05	4.7399e-05
242	0.21167	0.78827	1.2468e-05	4.7023e-05
243	0.23165	0.76829	1.3596e-05	4.5641e-05
244	0.29998	0.69996	1.7537e-05	4.1433e-05
245	0.45844	0.5415	2.6743e-05	3.1962e-05
246	0.84773	0.15221	4.9442e-05	8.9974e-06
247	0.85286	0.14708	4.9524e-05	8.6555e-06
248	0.87608	0.12386	5.064e-05	7.2646e-06
249	0.93198	0.067961	5.3652e-05	3.9809e-06
250	0.94597	0.053973	5.4192e-05	3.1556e-06
251	0.93648	0.063463	5.3357e-05	3.6914e-06
252	0.9354	0.06454	5.3017e-05	3.736e-06
253	0.94331	0.056635	5.3173e-05	3.2706e-06
254	0.92495	0.074993	5.1837e-05	4.3006e-06
255	0.91936	0.080582	5.1242e-05	4.5936e-06
256	0.91391	0.086032	5.0641e-05	4.8772e-06
257	0.91607	0.083876	5.0474e-05	4.731e-06
258	0.92743	0.072517	5.082e-05	4.0735e-06
259	0.92571	0.074235	5.0444e-05	4.1431e-06
260	0.93119	0.068754	5.0468e-05	3.8143e-06
261	0.94793	0.052019	5.1114e-05	2.8669e-06
262	0.95041	0.049536	5.0953e-05	2.712e-06
263	0.96155	0.038397	5.1266e-05	2.0867e-06
264	0.99981	0.00013315	5.3018e-05	7.1807e-09
265	0.99884	0.0011098	5.2625e-05	5.8713e-08
266	0.99918	0.00076772	5.2306e-05	4.0206e-08
267	0.99992	2.6323e-05	5.1992e-05	1.3752e-09
268	0.99987	7.9262e-05	5.1639e-05	4.094e-09
269	0.99931	0.00063937	5.1246e-05	3.2947e-08
270	0.99988	6.9501e-05	5.0914e-05	3.5597e-09
271	0.99934	0.00060941	5.0512e-05	3.1061e-08
272	0.99898	0.00097397	5.0124e-05	4.9212e-08
273	0.99994	1.0204e-05	4.9806e-05	5.0163e-10
274	0.99987	8.2676e-05	4.9422e-05	3.8497e-09
275	0.99897	0.00098483	4.9004e-05	4.4519e-08
276	0.99964	0.00030864	4.8647e-05	1.0268e-08
277	0.89594	0.10401	4.526e-05	5.3055e-06
278	0.86023	0.13971	4.5053e-05	7.4032e-06
279	0.84971	0.15023	4.6076e-05	8.2537e-06
280	0.83381	0.16613	4.6769e-05	9.4475e-06
281	0.76728	0.23266	4.4396e-05	1.3691e-05
282	0.74152	0.25842	4.4274e-05	1.5699e-05
283	0.71543	0.28451	4.4012e-05	1.783e-05
284	0.70726	0.29267	4.4822e-05	1.8901e-05
285	0.69339	0.30654	4.5241e-05	2.0378e-05
286	0.67305	0.32688	4.5186e-05	2.2342e-05
287	0.65165	0.34828	4.4958e-05	2.4462e-05
288	0.64735	0.35258	4.5891e-05	2.5435e-05
289	0.64102	0.35891	4.6643e-05	2.6575e-05
290	0.65041	0.34951	4.8537e-05	2.6556e-05
291	0.68678	0.31314	5.2512e-05	2.4439e-05
292	0.63585	0.36407	4.9675e-05	2.9118e-05
293	0.61716	0.38275	4.9314e-05	3.1337e-05
294	0.61371	0.3862	5.0166e-05	3.2356e-05
295	0.57503	0.42488	4.8034e-05	3.6373e-05
296	0.53049	0.46942	4.5223e-05	4.1055e-05
297	0.51342	0.48649	4.47e-05	4.3461e-05
298	0.42463	0.57528	3.7671e-05	5.2385e-05
299	0.38718	0.61273	3.5048e-05	5.6916e-05
300	0.37457	0.62534	3.4619e-05	5.9266e-05
301	0.32156	0.67834	3.0274e-05	6.5517e-05
302	0.30165	0.69825	2.8962e-05	6.8747e-05
303	0.29679	0.70311	2.9073e-05	7.0566e-05
304	0.30433	0.69557	3.0433e-05	7.1148e-05
305	0.33553	0.66437	3.4265e-05	6.9245e-05
306	0.41	0.5899	4.2839e-05	6.2611e-05
307	0.6491	0.35079	6.9415e-05	3.796e-05
308	0.81735	0.18254	8.924e-05	2.0077e-05
309	0.98152	0.018369	0.00010917	2.0727e-06
310	0.97921	0.020674	0.00011081	2.3699e-06
311	0.98123	0.018655	0.00011298	2.1731e-06
312	0.99072	0.0091652	0.00011601	1.0887e-06
313	0.99235	0.0075326	0.00011815	9.0894e-07
314	0.99334	0.006536	0.00012025	7.9945e-07
315	0.99952	0.00035979	0.00012297	4.471e-08
316	0.93562	0.064252	0.0001169	8.0645e-06
317	0.91395	0.085925	0.00011592	1.0962e-05
318	0.90625	0.093625	0.0001167	1.2126e-05
319	0.90682	0.09305	0.00011856	1.223e-05
320	0.91896	0.080908	0.00012194	1.0796e-05
321	0.95183	0.048038	0.00012821	6.4962e-06
322	0.96073	0.039131	0.00013128	5.369e-06
323	0.96679	0.033076	0.00013401	4.5986e-06
324	0.98971	0.010152	0.00013912	1.4311e-06
325	0.99002	0.0098349	0.00014112	1.4032e-06
326	0.99479	0.00507	0.00014373	7.3162e-07
327	0.99984	1.2351e-05	0.00014638	1.8036e-09
328	0.99724	0.0026139	0.00014794	3.8526e-07
329	0.99716	0.0026876	0.00014985	4.0125e-07
330	0.99984	1.0821e-05	0.00015215	1.6197e-09
331	0.99837	0.0014723	0.0001538	2.2509e-07
332	0.97774	0.022101	0.00015245	3.4306e-06
333	0.97009	0.029749	0.0001531	4.666e-06
334	0.9696	0.030241	0.00015483	4.7967e-06
335	0.97567	0.024165	0.00015759	3.8741e-06
336	0.99801	0.0018262	0.00016299	2.9576e-07
337	0.99553	0.0043059	0.00016442	7.0591e-07
338	0.99584	0.0039918	0.00016628	6.6155e-07
339	0.99977	6.1973e-05	0.00016873	1.044e-08
340	0.9996	0.00023295	0.00017052	3.9785e-08
341	0.99895	0.00087352	0.00017224	1.5015e-07
342	0.99982	1.1206e-06	0.00017421	1.9569e-10
343	0.99885	0.00097815	0.00017588	1.7218e-07
344	0.99828	0.0015422	0.00017759	2.7513e-07
345	0.99924	0.0005814	0.00017961	1.0468e-07
346	0.99829	0.0015329	0.00018125	2.7916e-07
347	0.99725	0.0025686	0.0001829	4.7142e-07
348	0.99828	0.0015313	0.00018491	2.8443e-07
349	0.99583	0.0039872	0.00018625	7.5055e-07
350	0.99582	0.0039942	0.00018807	7.5927e-07
351	0.99825	0.0015583	0.00019038	2.9834e-07
352	0.99288	0.0069307	0.00019117	1.3366e-06
353	0.99227	0.0075386	0.00019284	1.4696e-06
354	0.99456	0.0052391	0.00019511	1.0312e-06
355	0.99353	0.0062692	0.0001967	1.2469e-06
356	0.99511	0.0046905	0.00019884	9.416e-07
357	0.99705	0.0027491	0.00020103	5.5956e-07
358	0.99674	0.0030609	0.0002028	6.2875e-07
359	0.99835	0.0014425	0.00020499	2.9957e-07
360	0.99976	2.8461e-05	0.00020716	6.0127e-09
361	0.99941	0.00037956	0.00020899	8.0091e-08
362	0.99933	0.00045933	0.0002109	9.7798e-08
363	0.99857	0.001221	0.0002127	2.6109e-07
364	0.9982	0.0015848	0.00021455	3.4287e-07
365	0.99781	0.0019725	0.00021642	4.3045e-07
366	0.9974	0.0023831	0.00021831	5.2347e-07
367	0.99739	0.0023848	0.00022026	5.2907e-07
368	0.99941	0.00036745	0.00022269	8.1888e-08
369	0.99935	0.00042081	0.00022464	9.4446e-08
370	0.99709	0.0026879	0.00022607	6.1041e-07
371	0.99699	0.0027862	0.00022801	6.369e-07
372	0.99965	0.00011582	0.00023056	2.6873e-08
373	0.99955	0.00021885	0.00023251	5.1155e-08
374	0.99732	0.0024433	0.00023398	5.7303e-07
375	0.99517	0.0045922	0.00023544	1.0881e-06
376	0.99534	0.0044207	0.00023747	1.0552e-06
377	0.99867	0.0010885	0.00024024	2.6322e-07
378	0.99935	0.0004046	0.00024241	9.8941e-08
379	0.99938	0.00037604	0.00024445	9.2456e-08
380	0.99877	0.00098159	0.00024635	2.4173e-07
381	0.99975	1.1063e-07	0.00024863	2.7156e-11
382	0.99868	0.0010689	0.0002503	2.6773e-07
383	0.99783	0.001915	0.00025201	4.8453e-07
384	0.99862	0.0011263	0.00025415	2.8654e-07
385	0.99965	9.2531e-05	0.00025634	2.382e-08
386	0.99973	7.4335e-06	0.00025832	1.9155e-09
387	0.99974	3.6818e-06	0.00026025	9.6736e-10
388	0.99851	0.0012249	0.00026183	3.2629e-07
389	0.99723	0.0025019	0.00026341	6.7056e-07
390	0.99779	0.0019411	0.00026552	5.2572e-07
391	0.98114	0.018594	0.00026301	5.026e-06
392	0.96407	0.035659	0.00026028	9.725e-06
393	0.95777	0.041959	0.00026047	1.1524e-05
394	0.93104	0.068687	0.00025496	1.901e-05
395	0.92146	0.078262	0.00025416	2.1807e-05
396	0.92197	0.077748	0.00025612	2.1831e-05
397	0.90781	0.091914	0.00025398	2.5974e-05
398	0.89166	0.10806	0.00025119	3.0753e-05
399	0.88719	0.11253	0.0002517	3.2245e-05
400	0.8946	0.10511	0.00025558	3.0356e-05
401	0.91772	0.081993	0.00026408	2.3879e-05
402	0.97289	0.026819	0.0002821	7.8962e-06
403	0.96967	0.03004	0.00028318	8.8885e-06
404	0.97157	0.028136	0.0002858	8.3712e-06
405	0.98312	0.016589	0.00029129	4.9669e-06
406	0.98587	0.013834	0.00029414	4.1722e-06
407	0.9944	0.0052983	0.00029878	1.6065e-06
408	0.99643	0.0032655	0.00030145	9.9733e-07
409	0.99367	0.0060284	0.00030263	1.8518e-06
410	0.99374	0.0059539	0.00030471	1.8401e-06
411	0.9965	0.0031949	0.00030765	9.9149e-07
412	0.99962	7.3819e-05	0.00031069	2.3152e-08
413	0.99966	2.6875e-05	0.0003128	8.41e-09
414	0.99669	0.0029907	0.00031401	9.3512e-07
415	0.95301	0.046676	0.00030231	1.4738e-05
416	0.94019	0.059488	0.0003002	1.8926e-05
417	0.93902	0.06066	0.00030175	1.9437e-05
418	0.93556	0.064115	0.00030259	2.0681e-05
419	0.93871	0.060963	0.00030561	1.9781e-05
420	0.95401	0.045662	0.00031258	1.4899e-05
421	0.95603	0.043639	0.00031521	1.4332e-05
422	0.96781	0.031856	0.00032105	1.0545e-05
423	0.99852	0.001148	0.00033329	3.8395e-07
424	0.98437	0.015297	0.00033055	5.1753e-06
425	0.97896	0.020697	0.00033077	7.0382e-06
426	0.97832	0.021344	0.00033263	7.2963e-06
427	0.97726	0.022401	0.00033437	7.6917e-06
428	0.98167	0.017988	0.00033798	6.2077e-06
429	0.99868	0.00097232	0.00034594	3.4011e-07
430	0.99725	0.0024002	0.00034757	8.4132e-07
431	0.97856	0.021086	0.00034307	7.4435e-06
432	0.97173	0.027917	0.00034275	9.9025e-06
433	0.94776	0.051886	0.00033624	1.852e-05
434	0.91439	0.085251	0.00032634	3.0561e-05
435	0.90208	0.097564	0.00032393	3.5148e-05
436	0.6999	0.29974	0.00025344	0.00010784
437	0.62957	0.37007	0.00022952	0.00013394
438	0.60673	0.39291	0.00022255	0.00014309
439	0.25635	0.74328	9.4655e-05	0.00027312
440	0.13342	0.86621	4.9453e-05	0.00032046
441	0.095215	0.90441	3.5373e-05	0.00033665
442	0.08038	0.91925	2.9993e-05	0.00034417
443	0.077437	0.92219	2.9025e-05	0.00034726
444	0.082855	0.91677	3.1183e-05	0.00034721
445	0.076945	0.92267	2.9045e-05	0.00035144
446	0.078229	0.92139	2.9655e-05	0.00035295
447	0.08705	0.91256	3.316e-05	0.00035157
448	0.069475	0.93014	2.6478e-05	0.00036037
449	0.063605	0.93601	2.4319e-05	0.00036467
450	0.06634	0.93327	2.5466e-05	0.00036564
451	0.055443	0.94416	2.1303e-05	0.00037195
452	0.053724	0.94588	2.07e-05	0.00037468
453	0.057396	0.94221	2.2215e-05	0.00037531
454	0.058075	0.94153	2.2579e-05	0.00037711
455	0.065032	0.93457	2.5443e-05	0.00037643
456	0.069049	0.93055	2.7182e-05	0.00037689
457	0.081978	0.91762	3.2539e-05	0.00037375
458	0.09013	0.90946	3.6044e-05	0.00037249
459	0.1206	0.87899	4.8649e-05	0.00036211
460	0.1502	0.84939	6.0971e-05	0.000352
461	0.21963	0.77996	8.9884e-05	0.00032531
462	0.3906	0.60898	0.00016149	0.00025596
463	0.43515	0.56443	0.00018091	0.00023877
464	0.56479	0.43479	0.00023598	0.00018593
465	0.97912	0.020455	0.00041037	1.3735e-05
466	0.98062	0.018961	0.00041042	1.2345e-05
467	0.98902	0.010563	0.0004146	6.8052e-06
468	0.99564	0.00394	0.00041758	2.499e-06
469	0.99514	0.004438	0.00041616	2.5644e-06
470	0.99699	0.0025939	0.00041596	1.452e-06
471	0.99922	0.0003625	0.00041586	1.9858e-07
472	0.99922	0.00036652	0.00041457	1.7471e-07
473	0.99861	0.00097725	0.00041303	4.202e-07
474	0.99945	0.00013459	0.00041208	5.7179e-08
475	0.99943	0.00016363	0.00041074	6.8228e-08
476	0.99917	0.00041933	0.00040932	1.7286e-07
477	0.99919	0.00040456	0.00040805	1.6529e-07
478	0.99954	5.0081e-05	0.0004069	2.0388e-08
479	0.999	0.00059249	0.00040535	2.4161e-07
480	0.99956	3.0999e-05	0.00040428	1.2667e-08
481	0.99616	0.0034361	0.00040158	1.4015e-06
482	0.99541	0.0041914	0.00039998	1.7039e-06
483	0.99674	0.0028556	0.00039926	1.1592e-06
484	0.95843	0.041169	0.00038251	1.6616e-05
485	0.78711	0.2125	0.00031272	8.5144e-05
486	0.71787	0.28173	0.00028426	0.00011237
487	0.40036	0.59925	0.00015827	0.00023715
488	0.30111	0.69849	0.00011864	0.00027555
489	0.2588	0.74081	0.00010172	0.00029126
490	0.097338	0.90227	3.818e-05	0.00035357
491	0.04677	0.95284	1.8242e-05	0.00037227
492	0.026266	0.97334	1.0215e-05	0.00037907
493	0.020323	0.97929	7.869e-06	0.00038018
494	0.018643	0.98097	7.1968e-06	0.00037962
495	0.020252	0.97936	7.8048e-06	0.0003778
496	0.014847	0.98477	5.7085e-06	0.00037868
497	0.014368	0.98525	5.5045e-06	0.00037765
498	0.018095	0.98152	6.899e-06	0.000375
499	0.014703	0.98492	5.5853e-06	0.00037508
500	0.015457	0.98416	5.8462e-06	0.00037357
501	0.019438	0.98018	7.3303e-06	0.00037085
502	0.032193	0.96743	1.2088e-05	0.00036485
503	0.069015	0.93061	2.5758e-05	0.00034992
504	0.15946	0.84017	5.9408e-05	0.00031502
505	0.18182	0.81781	6.7482e-05	0.00030569
506	0.23546	0.76416	8.7152e-05	0.00028478
507	0.38956	0.61007	0.00014361	0.00022707
508	0.50659	0.49304	0.0001863	0.00018314
509	0.7946	0.20503	0.00029211	7.6111e-05
510	0.99722	0.0024116	0.00036613	8.9709e-07
511	0.99651	0.0031241	0.00036471	1.1533e-06
512	0.99809	0.0015496	0.0003641	5.7278e-07
513	0.99793	0.0017022	0.00036289	6.2641e-07
514	0.99567	0.0039643	0.00036093	1.4455e-06
515	0.99579	0.0038474	0.00035987	1.3947e-06
516	0.99927	0.00037469	0.00036	1.3516e-07
517	0.99652	0.0031207	0.00035785	1.1233e-06
518	0.9961	0.0035421	0.00035657	1.2688e-06
519	0.9985	0.0011434	0.00035627	4.0966e-07
520	0.98496	0.014687	0.00035023	5.2717e-06
521	0.98107	0.018576	0.00034763	6.6561e-06
522	0.97729	0.022359	0.00034506	8.003e-06
523	0.90965	0.09	0.00031972	3.213e-05
524	0.88679	0.11286	0.00031043	4.0191e-05
525	0.87885	0.1208	0.00030654	4.2882e-05
526	0.86656	0.13309	0.00030118	4.7064e-05
527	0.86485	0.1348	0.00029958	4.7504e-05
528	0.87323	0.12642	0.00030155	4.4404e-05
529	0.86914	0.13051	0.00029912	4.5671e-05
530	0.86482	0.13484	0.00029659	4.7025e-05
531	0.87019	0.12947	0.00029745	4.5011e-05
532	0.86027	0.13939	0.00029301	4.8278e-05
533	0.8603	0.13936	0.00029204	4.81e-05
534	0.87354	0.12613	0.00029554	4.3435e-05
535	0.85187	0.14779	0.00028718	5.0641e-05
536	0.8475	0.15217	0.0002847	5.1962e-05
537	0.85255	0.14711	0.00028545	5.0072e-05
538	0.85726	0.1424	0.00028603	4.8327e-05
539	0.87476	0.1249	0.00029093	4.2283e-05
540	0.918	0.081664	0.00030449	2.7601e-05
541	0.94876	0.050911	0.00031383	1.7155e-05
542	0.93385	0.065821	0.00030792	2.1992e-05
543	0.9298	0.06987	0.00030564	2.3218e-05
544	0.68333	0.31635	0.00022428	0.0001035
545	0.60662	0.39305	0.00019851	0.00012818
546	0.58142	0.41825	0.00018961	0.00013597
547	0.27628	0.7234	8.9336e-05	0.00023512
548	0.15202	0.84765	4.8805e-05	0.00027454
549	0.10161	0.89806	3.2456e-05	0.00028979
550	0.034663	0.96502	1.1055e-05	0.0003101
551	0.013694	0.98599	4.3441e-06	0.00031572
552	0.0072306	0.99245	2.2699e-06	0.00031668
553	0.0047569	0.99493	1.48e-06	0.00031638
554	0.0041418	0.99554	1.2816e-06	0.00031549
555	0.0054466	0.99424	1.6785e-06	0.00031399
556	0.0055513	0.99413	1.7017e-06	0.00031289
557	0.0074253	0.99226	2.2735e-06	0.00031124
558	0.012683	0.987	3.8902e-06	0.00030856
559	0.016037	0.98365	4.9156e-06	0.00030648
560	0.025296	0.97439	7.769e-06	0.00030259
561	0.048436	0.95125	1.4926e-05	0.00029441
562	0.10193	0.89777	3.15e-05	0.00027682
563	0.27269	0.72701	8.407e-05	0.00022322
564	0.75905	0.24065	0.00023279	7.3455e-05
565	0.75203	0.24767	0.00022983	7.5351e-05
566	0.75625	0.24344	0.00023034	7.3798e-05
567	0.78321	0.21649	0.00023768	6.539e-05
568	0.76335	0.23635	0.0002309	7.1129e-05
569	0.76109	0.23861	0.00022942	7.1556e-05
570	0.77121	0.22849	0.00023169	6.8248e-05
571	0.38435	0.61536	0.00011552	0.00018335
572	0.26324	0.73647	7.8981e-05	0.00021881
573	0.22609	0.77362	6.7606e-05	0.00022909
574	0.093758	0.90595	2.7863e-05	0.00026772
575	0.036354	0.96335	1.0771e-05	0.00028372
576	0.016246	0.98346	4.7811e-06	0.0002886
577	0.0080996	0.99161	2.374e-06	0.00028991
578	0.0054588	0.99425	1.5895e-06	0.00028958
579	0.0046916	0.99502	1.3599e-06	0.00028871
580	0.0033619	0.99635	9.6663e-07	0.00028799
581	0.0032914	0.99642	9.4141e-07	0.00028692
582	0.0044196	0.99529	1.2614e-06	0.00028551
583	0.00499	0.99472	1.417e-06	0.00028425
584	0.0045664	0.99515	1.292e-06	0.00028328
585	0.005432	0.99428	1.5351e-06	0.00028196
586	0.0025151	0.9972	7.0687e-07	0.00028169
587	0.0017911	0.99793	4.9868e-07	0.0002808
588	0.0017481	0.99797	4.8354e-07	0.00027972
589	0.0023543	0.99737	6.4937e-07	0.00027846
590	0.0040582	0.99566	1.1191e-06	0.00027692
591	0.0098858	0.98984	2.7152e-06	0.00027423
592	0.0049577	0.99477	1.3514e-06	0.00027452
593	0.0028868	0.99684	7.8251e-07	0.00027402
594	0.002141	0.99759	5.7907e-07	0.00027316
595	0.0021684	0.99756	5.8745e-07	0.0002721
596	0.0033793	0.99635	9.1514e-07	0.00027071
597	0.0077489	0.99198	2.0902e-06	0.00026846
598	0.010224	0.98951	2.7511e-06	0.00026673
599	0.016602	0.98313	4.465e-06	0.00026396
600	0.032607	0.96713	8.779e-06	0.0002586
601	0.078441	0.92129	2.1055e-05	0.00024527
602	0.20907	0.79067	5.5792e-05	0.00020946
603	0.62551	0.37423	0.00016568	9.849e-05
604	0.63217	0.36757	0.00016673	9.6339e-05
605	0.66662	0.33312	0.00017498	8.6974e-05
606	0.74879	0.25094	0.00019563	6.5223e-05
607	0.77104	0.2287	0.00020052	5.9208e-05
608	0.79314	0.2066	0.00020528	5.3302e-05
609	0.85088	0.14887	0.00021917	3.8286e-05
610	0.86441	0.13533	0.00022163	3.4686e-05
611	0.89926	0.10049	0.00022952	2.568e-05
612	0.98646	0.013287	0.00025071	3.3898e-06
613	0.99288	0.0068649	0.00025128	1.7403e-06
614	0.99958	0.00016913	0.00025187	4.2916e-08
615	0.99969	6.3096e-05	0.00025082	1.5971e-08
616	0.99941	0.00034341	0.00024969	8.6142e-08
617	0.99846	0.0012885	0.00024837	3.2314e-07
618	0.99889	0.0008631	0.00024741	2.1627e-07
619	0.96508	0.034669	0.00023799	8.5887e-06
620	0.95203	0.047723	0.0002338	1.1756e-05
621	0.95029	0.049461	0.00023238	1.2135e-05
622	0.34768	0.65208	8.486e-05	0.00015863
623	0.13611	0.86365	3.309e-05	0.00020936
624	0.061873	0.93789	1.4924e-05	0.00022648
625	0.029711	0.97005	7.1201e-06	0.00023324
626	0.016705	0.98306	3.9893e-06	0.00023534
627	0.012515	0.98725	2.9737e-06	0.00023532
628	0.012117	0.98765	2.8626e-06	0.00023437
629	0.014148	0.98562	3.3283e-06	0.00023286
630	0.020108	0.97966	4.7195e-06	0.00023043
631	0.040147	0.95962	9.381e-06	0.00022472
632	0.089453	0.91031	2.0869e-05	0.00021219
633	0.23002	0.76974	5.3381e-05	0.00017863
634	0.63043	0.36934	0.00014526	8.5683e-05
635	0.72049	0.27928	0.00016532	6.4573e-05
636	0.94271	0.057062	0.00021573	1.3129e-05
637	0.94512	0.054649	0.00021534	1.2506e-05
638	0.95848	0.041292	0.00021742	9.3972e-06
639	0.9988	0.0009711	0.00022554	2.2119e-07
640	0.99958	0.00019383	0.00022469	4.4039e-08
641	0.99811	0.0016661	0.00022331	3.7631e-07
642	0.99661	0.0031701	0.00022194	7.1112e-07
643	0.99759	0.0021861	0.00022111	4.9121e-07
644	0.99671	0.0030715	0.00021988	6.8739e-07
645	0.99778	0.0020028	0.00021911	4.4833e-07
646	0.95577	0.044008	0.00020874	9.7893e-06
647	0.93825	0.061537	0.0002039	1.361e-05
648	0.93501	0.064778	0.0002022	1.4271e-05
649	0.86147	0.13831	0.00018519	3.0268e-05
650	0.83046	0.16932	0.00017761	3.6843e-05
651	0.82369	0.1761	0.00017528	3.8147e-05
652	0.78117	0.21862	0.00016534	4.7088e-05
653	0.76855	0.23124	0.00016182	4.9576e-05
654	0.76807	0.23172	0.00016094	4.9455e-05
655	0.74244	0.25735	0.00015479	5.4611e-05
656	0.73743	0.26236	0.00015298	5.5409e-05
657	0.74382	0.25597	0.00015358	5.3812e-05
658	0.74663	0.25317	0.00015346	5.2961e-05
659	0.76784	0.23196	0.0001571	4.8321e-05
660	0.82028	0.17952	0.00016719	3.7252e-05
661	0.83344	0.16636	0.00016907	3.4375e-05
662	0.87027	0.12952	0.00017579	2.6664e-05
663	0.95694	0.042861	0.0001927	8.7934e-06
664	0.95443	0.04537	0.0001913	9.2431e-06
665	0.95914	0.040664	0.00019134	8.2403e-06
666	0.9767	0.023099	0.00019392	4.6718e-06
667	0.9797	0.020098	0.00019358	4.0441e-06
668	0.98209	0.017717	0.00019313	3.5426e-06
669	0.99229	0.0075191	0.0001942	1.4995e-06
670	0.99974	6.5973e-05	0.00019473	1.3079e-08
671	0.99917	0.00063541	0.00019364	1.2388e-07
672	0.99973	7.7119e-05	0.00019279	1.4926e-08
673	0.99696	0.0028438	0.00019133	5.4271e-07
674	0.99684	0.0029642	0.00019035	5.6293e-07
675	0.99955	0.00026489	0.00018988	5.0599e-08
676	0.99887	0.00093639	0.00018879	1.7845e-07
677	0.99861	0.0012029	0.0001878	2.2793e-07
678	0.99981	4.9519e-06	0.0001871	9.3125e-10
679	0.99973	8.7907e-05	0.00018614	1.6484e-08
680	0.99867	0.0011431	0.00018501	2.1248e-07
681	0.99896	0.00085196	0.00018415	1.5715e-07
682	0.99855	0.0012671	0.00018314	2.327e-07
683	0.99815	0.0016658	0.00018216	3.0354e-07
684	0.9998	1.348e-05	0.00018152	2.4563e-09
685	0.99729	0.0025319	0.0001801	4.615e-07
686	0.99702	0.0028046	0.00017912	5.0843e-07
687	0.99875	0.0010664	0.00017851	1.9238e-07
688	0.99895	0.00087415	0.00017765	1.5586e-07
689	0.99827	0.0015524	0.0001766	2.7441e-07
690	0.99948	0.00034239	0.00017588	6.0459e-08
691	0.99979	3.3025e-05	0.000175	5.8312e-09
692	0.99939	0.00043625	0.00017402	7.6257e-08
693	0.99781	0.0020132	0.00017285	3.4853e-07
694	0.99137	0.0084599	0.00017087	1.4501e-06
695	0.99044	0.0093925	0.00016982	1.6018e-06
696	0.99242	0.00741	0.00016929	1.2531e-06
697	0.98559	0.014237	0.00016724	2.3956e-06
698	0.98457	0.015262	0.00016616	2.5546e-06
699	0.98382	0.016017	0.00016511	2.6685e-06
700	0.98242	0.017418	0.00016397	2.8849e-06
701	0.98577	0.014059	0.0001636	2.3139e-06
702	0.9994	0.00043641	0.00016488	7.1531e-08
703	0.99864	0.0011971	0.00016382	1.9535e-07
704	0.99943	0.0004025	0.00016298	6.5205e-08
705	0.9997	0.00013869	0.00016205	2.2476e-08
706	0.99728	0.0025544	0.00016065	4.1503e-07
707	0.99698	0.0028615	0.00015962	4.6207e-07
708	0.99855	0.001287	0.0001589	2.0673e-07
709	0.99704	0.0027975	0.00015767	4.4629e-07
710	0.99739	0.0024541	0.00015675	3.8917e-07
711	0.99984	2.5677e-06	0.00015618	4.0313e-10
712	0.98702	0.012825	0.0001532	1.9928e-06
713	0.97275	0.027096	0.00015	4.1912e-06
714	0.96804	0.031808	0.00014832	4.8857e-06
715	0.8981	0.10175	0.00013667	1.5534e-05
716	0.87042	0.12943	0.00013161	1.9612e-05
717	0.86308	0.13677	0.00012963	2.0587e-05
718	0.85564	0.14421	0.00012762	2.1569e-05
719	0.85769	0.14216	0.00012706	2.1119e-05
720	0.8718	0.12806	0.0001283	1.8886e-05
721	0.78815	0.2117	0.00011532	3.0879e-05
722	0.76003	0.23983	0.00011048	3.4727e-05
723	0.75525	0.24461	0.00010902	3.5171e-05
724	0.72441	0.27544	0.00010381	3.9346e-05
725	0.71476	0.2851	0.00010171	4.0432e-05
726	0.71797	0.28189	0.00010146	3.9676e-05
727	0.74354	0.25632	0.00010431	3.5794e-05
728	0.80569	0.19417	0.00011227	2.6826e-05
729	0.95041	0.049456	0.00013168	6.4119e-06
730	0.94935	0.050518	0.00013065	6.4605e-06
731	0.95631	0.043552	0.00013067	5.4325e-06
732	0.97509	0.024776	0.00013231	2.8007e-06
733	0.97924	0.020628	0.00013192	2.1839e-06
734	0.97773	0.022133	0.0001308	2.2687e-06
735	0.98073	0.019136	0.00013026	1.8024e-06
736	0.97771	0.022158	0.00012905	2.0084e-06
737	0.82859	0.17128	0.00011154	2.2058e-05
738	0.76842	0.23144	0.00010548	3.0674e-05
739	0.55147	0.44839	7.7295e-05	6.14e-05
740	0.48412	0.51574	6.9124e-05	7.2093e-05
741	0.46527	0.53459	6.7595e-05	7.6124e-05
742	0.43699	0.56287	6.4617e-05	8.1624e-05
743	0.43148	0.56838	6.4878e-05	8.3869e-05
744	0.44423	0.55562	6.7853e-05	8.3381e-05
745	0.4375	0.56234	6.7878e-05	8.5827e-05
746	0.44432	0.55552	7.0014e-05	8.6182e-05
747	0.47057	0.52927	7.5291e-05	8.3417e-05
748	0.47254	0.5273	7.6768e-05	8.4434e-05
749	0.49732	0.50251	8.1949e-05	8.1729e-05
750	0.56229	0.43755	9.3944e-05	7.2232e-05
751	0.77172	0.22812	0.00013038	3.8273e-05
752	0.81811	0.18171	0.00014024	3.0924e-05
753	0.9685	0.031325	0.00016821	5.436e-06
754	0.96928	0.030547	0.00017077	5.3795e-06
755	0.97752	0.022304	0.00017465	3.9924e-06
756	0.9982	0.0016209	0.00018085	3.0424e-07
757	0.99813	0.0016911	0.00018338	3.2543e-07
758	0.99969	0.0001261	0.00018624	3.8013e-08
759	0.9998	9.2448e-06	0.00018621	2.1157e-09
760	0.99975	6.2948e-05	0.00018614	1.1875e-08
761	0.99972	8.9151e-05	0.0001861	1.6718e-08
762	0.99915	0.00066084	0.00018594	1.2445e-07
763	0.99746	0.0023566	0.00018558	4.4251e-07
764	0.99758	0.0022369	0.00018557	4.1994e-07
765	0.99975	6.7359e-05	0.00018596	1.2589e-08
766	0.99901	0.00080303	0.00018579	1.4949e-07
767	0.99856	0.0012559	0.00018566	2.3446e-07
768	0.99946	0.0003554	0.00018579	6.6537e-08
769	0.99963	0.00017936	0.00018579	3.3478e-08
770	0.99884	0.00097091	0.0001856	1.8132e-07
771	0.99814	0.0016724	0.00018544	3.1143e-07
772	0.99781	0.0020006	0.00018534	3.7313e-07
773	0.99912	0.00069384	0.00018555	1.2952e-07
774	0.99941	0.00039946	0.00018555	7.5249e-08
775	0.99774	0.0020706	0.0001852	3.8913e-07
776	0.99576	0.0040541	0.0001848	7.602e-07
777	0.99609	0.003727	0.00018485	6.9855e-07
778	0.9944	0.0054129	0.00018451	1.0145e-06
779	0.99506	0.0047578	0.00018461	8.9211e-07
780	0.99854	0.0012769	0.00018526	2.4003e-07
781	0.99564	0.0041767	0.00018473	7.7741e-07
782	0.99303	0.0067865	0.00018424	1.2635e-06
783	0.99315	0.0066596	0.00018427	1.2387e-06
784	0.99333	0.0064844	0.00018429	1.2065e-06
785	0.99633	0.0034831	0.00018485	6.4663e-07
786	0.9997	0.00011259	0.00018546	2.0987e-08
787	0.99882	0.00099143	0.00018529	1.8395e-07
788	0.99835	0.0014642	0.00018518	2.7242e-07
789	0.99939	0.00042567	0.00018536	7.9134e-08
790	0.99648	0.0033365	0.00018479	6.2096e-07
791	0.99637	0.0034489	0.00018473	6.4353e-07
792	0.99835	0.0014639	0.00018506	2.7504e-07
793	0.99703	0.0027885	0.00018476	5.2552e-07
794	0.99752	0.0022984	0.00018481	4.356e-07
795	0.99602	0.0037953	0.00018451	7.1809e-07
796	0.97102	0.028794	0.00017981	5.4081e-06
797	0.96093	0.038888	0.00017792	7.294e-06
798	0.95866	0.041152	0.00017752	7.7137e-06
799	0.96419	0.035622	0.00017854	6.6867e-06
800	0.96773	0.032086	0.00017921	6.026e-06
801	0.97984	0.019973	0.00018151	3.7529e-06
802	0.98924	0.010575	0.00018332	1.9804e-06
803	0.98727	0.012545	0.00018298	2.3421e-06
804	0.98976	0.01005	0.00018345	1.8759e-06
805	0.98065	0.019169	0.00018178	3.5596e-06
806	0.97882	0.020991	0.00018145	3.8968e-06
807	0.98107	0.018747	0.00018188	3.4759e-06
808	0.9822	0.017618	0.00018212	3.2588e-06
809	0.97795	0.021867	0.00018135	4.0376e-06
810	0.97959	0.020229	0.00018164	3.7317e-06
811	0.98957	0.010246	0.00018345	1.8866e-06
812	0.99922	0.00059035	0.00018518	1.0961e-07
813	0.99903	0.0007837	0.00018511	1.4601e-07
814	0.99413	0.0056846	0.00018414	1.0636e-06
815	0.99333	0.0064895	0.00018391	1.2175e-06
816	0.9952	0.004615	0.0001842	8.7073e-07
817	0.99009	0.0097262	0.0001832	1.829e-06
818	0.98892	0.010892	0.00018295	2.0469e-06
819	0.99084	0.0089764	0.0001833	1.688e-06
820	0.98864	0.011171	0.00018289	2.0931e-06
821	0.99029	0.0095266	0.00018318	1.7863e-06
822	0.99666	0.0031552	0.00018437	5.936e-07
823	0.99621	0.0036009	0.00018426	6.774e-07
824	0.99549	0.004321	0.00018411	8.1156e-07
825	0.99704	0.0027756	0.00018441	5.22e-07
826	0.99295	0.0068648	0.00018367	1.279e-06
827	0.99268	0.0071301	0.00018362	1.3289e-06
828	0.99537	0.0044415	0.00018414	8.2783e-07
829	0.99534	0.0044745	0.00018413	8.3438e-07
830	0.99544	0.0043774	0.00018413	8.1833e-07
831	0.99812	0.0016903	0.00018463	3.1958e-07
832	0.97974	0.020076	0.00018113	3.7954e-06
833	0.97302	0.026799	0.00017986	5.0622e-06
834	0.97216	0.027651	0.0001797	5.2243e-06
835	0.97035	0.029465	0.00017939	5.5628e-06
836	0.95951	0.040301	0.00017736	7.5959e-06
837	0.9569	0.042917	0.00017689	8.085e-06
838	0.90231	0.097506	0.00016666	1.8315e-05
839	0.87954	0.12028	0.00016242	2.2566e-05
840	0.87421	0.12561	0.00016141	2.3571e-05
841	0.8439	0.15591	0.00015569	2.9269e-05
842	0.80074	0.19907	0.00014761	3.7346e-05
843	0.74016	0.25965	0.00013633	4.8632e-05
844	0.71532	0.2845	0.00013173	5.3242e-05
845	0.70876	0.29105	0.00013055	5.4448e-05
846	0.71485	0.28496	0.00013174	5.3296e-05
847	0.74689	0.25293	0.00013774	4.7312e-05
848	0.85296	0.14685	0.00015748	2.7575e-05
849	0.92803	0.071787	0.00017153	1.3544e-05
850	0.93099	0.068821	0.00017212	1.2983e-05
851	0.94636	0.053454	0.00017501	1.0108e-05
852	0.98612	0.013695	0.00018251	2.6339e-06
853	0.98366	0.016158	0.00018209	3.0989e-06
854	0.9851	0.014713	0.00018242	2.8255e-06
855	0.9917	0.0081152	0.00018374	1.574e-06
856	0.98304	0.01677	0.00018219	3.2075e-06
857	0.94357	0.056244	0.00017487	1.0629e-05
858	0.76489	0.23492	0.00014152	4.4091e-05
859	0.51945	0.48037	9.5852e-05	8.9882e-05
860	0.44306	0.55676	8.1595e-05	0.00010425
861	0.41331	0.58651	7.6094e-05	0.00010987
862	0.40876	0.59106	7.5263e-05	0.0001108
863	0.41774	0.58207	7.6965e-05	0.00010921
864	0.44799	0.55182	8.2649e-05	0.00010365
865	0.54914	0.45068	0.00010146	8.4946e-05
866	0.78334	0.21647	0.00014521	4.1319e-05
867	0.79954	0.20027	0.00014828	3.8345e-05
868	0.70875	0.29106	0.00013109	5.5646e-05
869	0.57991	0.41991	0.00010675	8.011e-05
870	0.52483	0.47499	9.642e-05	9.0574e-05
871	0.44744	0.55237	8.1928e-05	0.00010521
872	0.42195	0.57786	7.7153e-05	0.00011011
873	0.41948	0.58033	7.6685e-05	0.00011069
874	0.41645	0.58337	7.6089e-05	0.00011139
875	0.42614	0.57367	7.7879e-05	0.0001097
876	0.45785	0.54196	8.3765e-05	0.00010393
877	0.43792	0.56189	8.0033e-05	0.00010779
878	0.43689	0.56293	7.9839e-05	0.0001081
879	0.44916	0.55065	8.2145e-05	0.00010591
880	0.43709	0.56272	7.9904e-05	0.00010828
881	0.43828	0.56153	8.0171e-05	0.00010815
882	0.43703	0.56278	7.9961e-05	0.00010848
883	0.43381	0.566	7.9359e-05	0.0001092
884	0.42512	0.57469	7.7739e-05	0.00011093
885	0.42906	0.57075	7.8513e-05	0.00011029
886	0.40526	0.59455	7.4076e-05	0.00011486
887	0.39868	0.60113	7.2896e-05	0.00011618
888	0.40545	0.59436	7.4241e-05	0.00011498
889	0.40633	0.59348	7.4496e-05	0.00011489
890	0.40214	0.59767	7.3808e-05	0.00011574
891	0.39281	0.607	7.2171e-05	0.00011756
892	0.37838	0.62143	6.9598e-05	0.00012032
893	0.37757	0.62224	6.9585e-05	0.00012052
894	0.38976	0.61005	7.2069e-05	0.00011824
895	0.39951	0.6003	7.4068e-05	0.00011643
896	0.34229	0.65752	6.3463e-05	0.0001272
897	0.3206	0.67921	5.951e-05	0.00013134
898	0.23924	0.76057	4.4353e-05	0.00014666
899	0.2069	0.79291	3.838e-05	0.00015281
900	0.19803	0.80177	3.6769e-05	0.00015459
901	0.20202	0.79779	3.7569e-05	0.00015394
902	0.2017	0.79811	3.7567e-05	0.0001541
903	0.21308	0.78673	3.9808e-05	0.00015202
904	0.2195	0.78031	4.112e-05	0.00015088
905	0.24663	0.75318	4.6406e-05	0.00014576
906	0.33671	0.6631	6.3785e-05	0.00012853
907	0.4014	0.59841	7.6369e-05	0.0001161
908	0.55187	0.44793	0.00010573	8.6902e-05
909	0.98121	0.018592	0.00018915	3.628e-06
910	0.96319	0.036621	0.00018572	7.1595e-06
911	0.95818	0.041626	0.00018482	8.1531e-06
912	0.95892	0.040883	0.00018505	8.0216e-06
913	0.95851	0.0413	0.00018507	8.1113e-06
914	0.96392	0.035889	0.00018625	7.0606e-06
915	0.97916	0.020644	0.00018937	4.0766e-06
916	0.93912	0.060684	0.00018175	1.1849e-05
917	0.9237	0.076104	0.00017894	1.4836e-05
918	0.92091	0.0789	0.00017854	1.5388e-05
919	0.92738	0.072427	0.00017992	1.4142e-05
920	0.93154	0.068267	0.00018087	1.3338e-05
921	0.95173	0.048073	0.00018493	9.4155e-06
922	0.95423	0.045576	0.00018555	8.9316e-06
923	0.96442	0.03539	0.00018771	6.9326e-06
924	0.99966	0.00014802	0.00019475	2.9412e-08
925	0.99504	0.0047676	0.000194	9.3843e-07
926	0.99016	0.0096462	0.00019317	1.9043e-06
927	0.99009	0.0097142	0.00019327	1.9258e-06
928	0.93243	0.067374	0.00018196	1.3364e-05
929	0.85216	0.14765	0.00016623	2.9237e-05
930	0.82815	0.17166	0.00016157	3.4031e-05
931	0.74484	0.25496	0.00014504	5.0674e-05
932	0.70978	0.29002	0.00013815	5.7681e-05
933	0.69703	0.30278	0.00013571	6.0254e-05
934	0.68158	0.31823	0.0001327	6.3376e-05
935	0.67991	0.31989	0.00013245	6.3763e-05
