#coord	neutral	conserved	gBGC.neutral	gBGC.conserved
1	0.96034	0.032689	0.0067391	0.00023121
2	0.9818	0.01124	0.0068855	7.9591e-05
3	0.98641	0.0066247	0.0069136	4.6687e-05
4	0.99067	0.0023713	0.0069387	1.6604e-05
5	0.99168	0.001365	0.0069406	9.5172e-06
6	0.99305	3.1235e-06	0.0069448	2.192e-08
7	0.99305	5.6698e-06	0.0069397	3.9468e-08
8	0.993	6.5324e-05	0.0069341	4.6028e-07
9	0.993	6.6102e-05	0.0069293	4.6571e-07
10	0.99304	3.5548e-05	0.0069249	2.5111e-07
11	0.99289	0.00019312	0.0069196	1.3578e-06
12	0.99305	2.816e-05	0.0069169	1.9842e-07
13	0.99306	2.2322e-05	0.0069134	1.5723e-07
14	0.99298	0.00010675	0.0069095	7.5211e-07
15	0.99284	0.00025488	0.0069056	1.7919e-06
16	0.99299	0.00010412	0.006904	7.3292e-07
17	0.99306	3.5825e-05	0.0069022	2.5247e-07
18	0.99293	0.00017441	0.0068993	1.2215e-06
19	0.99309	1.0368e-05	0.0068988	7.2325e-08
20	0.99253	0.00057543	0.0068931	4.0292e-06
21	0.99304	6.2528e-05	0.0068952	4.4046e-07
22	0.99303	7.8314e-05	0.0068939	5.5025e-07
23	0.99301	0.00010055	0.0068929	7.0694e-07
24	0.99293	0.0001751	0.0068918	1.2285e-06
25	0.99258	0.00052982	0.0068891	3.6915e-06
26	0.99239	0.00071933	0.0068879	4.9737e-06
27	0.9926	0.00051118	0.0068893	3.5283e-06
28	0.99232	0.00078305	0.0068871	5.4308e-06
29	0.99224	0.00086348	0.0068867	5.9596e-06
30	0.99247	0.00063767	0.0068882	4.3921e-06
31	0.99308	2.2912e-05	0.0068922	1.5934e-07
32	0.99241	0.00069891	0.0068875	4.8533e-06
33	0.99215	0.00095309	0.0068858	6.6198e-06
34	0.99232	0.00078569	0.0068871	5.4606e-06
35	0.99291	0.00019656	0.0068912	1.3743e-06
36	0.9931	1.0094e-05	0.0068929	6.9886e-08
37	0.99311	6.5625e-08	0.0068932	4.5528e-10
38	0.99225	0.00085838	0.0068872	6.0003e-06
39	0.9915	0.0016113	0.0068824	1.1215e-05
40	0.99247	0.00063328	0.0068894	4.4516e-06
41	0.99243	0.00067564	0.0068896	4.7633e-06
42	0.9926	0.00050825	0.0068916	3.5902e-06
43	0.99298	0.00012805	0.0068954	9.1524e-07
44	0.991	0.0021044	0.006883	1.4839e-05
45	0.98877	0.0043281	0.0068692	3.0403e-05
46	0.98896	0.004134	0.0068728	2.8987e-05
47	0.98952	0.0035732	0.0068786	2.5105e-05
48	0.99281	0.00028206	0.006904	1.9942e-06
49	0.99305	3.9106e-05	0.0069084	2.7315e-07
50	0.99309	6.4922e-07	0.0069111	4.5203e-09
51	0.99292	0.00016207	0.0069123	1.1439e-06
52	0.99308	4.0022e-06	0.006916	4.4714e-08
53	0.99214	0.00096898	0.0068874	6.6909e-06
54	0.99277	0.00036226	0.0068695	2.487e-06
55	0.99292	0.00023045	0.0068479	1.5873e-06
56	0.99278	0.00038851	0.006825	2.6532e-06
57	0.99306	0.00013046	0.0068046	8.8444e-07
58	0.99273	0.00048658	0.0067797	3.3095e-06
59	0.99282	0.00042455	0.0067574	2.8994e-06
60	0.99312	0.00014204	0.0067372	9.6798e-07
61	0.99111	0.0021786	0.0067009	1.4859e-05
62	0.98325	0.01006	0.0066258	6.7997e-05
63	0.97537	0.017956	0.0065505	0.00012124
64	0.97343	0.01992	0.0065161	0.00013396
65	0.97572	0.017646	0.0065109	0.00011803
66	0.98568	0.0077164	0.0065564	5.1206e-05
67	0.98823	0.0051805	0.0065518	3.4224e-05
68	0.99108	0.002355	0.0065486	1.5574e-05
69	0.99337	8.2396e-05	0.0065423	5.4149e-07
70	0.99269	0.00079282	0.006516	5.2225e-06
71	0.99315	0.00034885	0.0064978	2.2715e-06
72	0.99328	0.00024389	0.0064771	1.5712e-06
73	0.9889	0.0046434	0.0064271	2.9983e-05
74	0.98848	0.0050883	0.0064024	3.2791e-05
75	0.99134	0.0022457	0.0063986	1.4553e-05
76	0.98959	0.0040174	0.0063655	2.6009e-05
77	0.99037	0.00326	0.0063485	2.1181e-05
78	0.99094	0.0027085	0.0063306	1.7635e-05
79	0.98443	0.0092409	0.0062677	5.9634e-05
80	0.9832	0.010498	0.0062386	6.7674e-05
81	0.98497	0.00874	0.0062293	5.6329e-05
82	0.97782	0.015919	0.0061623	0.00010241
83	0.97614	0.017613	0.0061314	0.00011294
84	0.97849	0.015281	0.0061267	9.777e-05
85	0.84409	0.14971	0.0052668	0.00093817
86	0.7976	0.19621	0.0049587	0.0012267
87	0.78033	0.21351	0.0048361	0.0013301
88	0.76044	0.23341	0.0046972	0.0014496
89	0.75811	0.23576	0.0046671	0.0014602
90	0.77257	0.22132	0.0047392	0.0013684
91	0.81298	0.18093	0.0049702	0.0011181
92	0.77912	0.21481	0.0047467	0.0013227
93	0.73456	0.25939	0.0044615	0.0015894
94	0.5813	0.41267	0.0035136	0.0025186
95	0.36775	0.62624	0.0022145	0.0037995
96	0.30133	0.69268	0.0018056	0.0041899
97	0.21362	0.7804	0.0012749	0.0047024
98	0.17853	0.81551	0.0010633	0.0048962
99	0.16987	0.82419	0.0010087	0.0049329
100	0.15645	0.83763	0.000927	0.004997
101	0.15737	0.83672	0.00092999	0.0049763
102	0.17403	0.82008	0.0010254	0.004863
103	0.087954	0.90618	0.00051795	0.005353
104	0.057978	0.93617	0.00034034	0.005513
105	0.048157	0.94601	0.00028145	0.0055542
106	0.033116	0.96107	0.00019296	0.0056252
107	0.029403	0.9648	0.0001706	0.0056301
108	0.029762	0.96445	0.00017224	0.0056112
109	0.034904	0.95933	0.00020189	0.0055645
110	0.01692	0.97733	9.6715e-05	0.0056522
111	0.0096936	0.98457	5.4843e-05	0.0056769
112	0.0079229	0.98636	4.4334e-05	0.0056701
113	0.008062	0.98624	4.4821e-05	0.0056526
114	0.010439	0.98388	5.7945e-05	0.0056227
115	0.01193	0.98241	6.5886e-05	0.0055979
116	0.016695	0.97766	9.2089e-05	0.0055551
117	0.02905	0.96532	0.00016067	0.0054701
118	0.059642	0.93474	0.00033146	0.0052832
119	0.14698	0.84742	0.0008154	0.0047831
120	0.3958	0.59861	0.0021832	0.0033991
121	0.39103	0.6034	0.0021494	0.0034169
122	0.40219	0.59226	0.0022035	0.0033467
123	0.44264	0.55183	0.0024163	0.0031177
124	0.47242	0.52206	0.0025714	0.0029467
125	0.47258	0.52192	0.0025642	0.0029383
126	0.4878	0.50672	0.0026407	0.0028466
127	0.45232	0.54221	0.0024358	0.003036
128	0.44079	0.55375	0.0023654	0.0030912
129	0.4433	0.55126	0.0023728	0.003069
130	0.36065	0.63392	0.0019208	0.0035064
131	0.26364	0.73095	0.0013911	0.0040215
132	0.2343	0.7603	0.0012279	0.0041699
133	0.20365	0.79097	0.0010573	0.0043257
134	0.19224	0.8024	0.00099241	0.004376
135	0.19233	0.80231	0.00098961	0.0043644
136	0.16881	0.82585	0.00086244	0.0044775
137	0.16475	0.82992	0.00083804	0.0044877
138	0.16981	0.82487	0.00086183	0.00445
139	0.15656	0.83814	0.00079036	0.0045078
140	0.15639	0.83833	0.0007869	0.0044974
141	0.16582	0.82891	0.00083355	0.0044372
142	0.17063	0.82411	0.00085649	0.004401
143	0.18814	0.80662	0.00094569	0.0042986
144	0.23129	0.76348	0.0011693	0.0040622
145	0.26044	0.73434	0.0013198	0.003899
146	0.32985	0.66495	0.0016832	0.0035232
147	0.50123	0.49357	0.0025886	0.0026056
148	0.98992	0.0048997	0.0051557	2.6214e-05
149	0.9901	0.0047283	0.0051449	2.5175e-05
150	0.99299	0.0018532	0.0051488	9.8067e-06
151	0.99195	0.0029035	0.0051318	1.5207e-05
152	0.98646	0.0083995	0.0050923	4.337e-05
153	0.98112	0.013759	0.0050533	7.0891e-05
154	0.98122	0.013669	0.0050422	7.0376e-05
155	0.97482	0.020077	0.0049982	0.00010306
156	0.9749	0.020014	0.0049871	0.00010262
157	0.97936	0.01556	0.004999	7.959e-05
158	0.98346	0.011472	0.0050086	5.8667e-05
159	0.99456	0.00038581	0.0050543	1.9562e-06
160	0.9925	0.0024502	0.0050327	1.2414e-05
161	0.99271	0.0022514	0.0050223	1.1418e-05
162	0.99488	0.0001019	0.0050222	5.1195e-07
163	0.99483	0.00015888	0.0050107	7.969e-07
164	0.99474	0.00025816	0.0049988	1.3024e-06
165	0.99493	8.4007e-05	0.0049886	4.1943e-07
166	0.98888	0.006141	0.0049481	3.0278e-05
167	0.96892	0.026108	0.0048384	0.000129
168	0.96373	0.031312	0.0048018	0.00015458
169	0.96549	0.029563	0.0047993	0.00014576
170	0.9734	0.021665	0.0048277	0.00010643
171	0.9805	0.014574	0.0048516	7.145e-05
172	0.98081	0.014277	0.0048418	6.9988e-05
173	0.97624	0.018863	0.0048084	9.2411e-05
174	0.97127	0.023845	0.0047729	0.00011683
175	0.94484	0.050278	0.0046331	0.00024583
176	0.93793	0.057198	0.0045887	0.00027931
177	0.94015	0.054991	0.0045886	0.00026828
178	0.94045	0.054708	0.0045796	0.00026642
179	0.95114	0.044022	0.0046205	0.00021449
180	0.97791	0.017268	0.0047397	8.4666e-05
181	0.98354	0.01165	0.0047567	5.7205e-05
182	0.98764	0.0075554	0.0047667	3.7093e-05
183	0.99083	0.0043779	0.0047727	2.1407e-05
184	0.99123	0.0039899	0.0047647	1.9459e-05
185	0.99197	0.0032535	0.0047581	1.5907e-05
186	0.99254	0.0026931	0.004751	1.3177e-05
187	0.99131	0.0039376	0.004735	1.9258e-05
188	0.9921	0.0031521	0.0047291	1.5475e-05
189	0.99273	0.0025387	0.0047227	1.2504e-05
190	0.97265	0.022624	0.0046167	0.00010943
191	0.96525	0.030032	0.0045727	0.00014466
192	0.96491	0.03038	0.0045622	0.00014622
193	0.9547	0.040596	0.0045052	0.00019459
194	0.94297	0.052342	0.0044406	0.00025041
195	0.89075	0.10457	0.0041854	0.00049721
196	0.82234	0.17299	0.0038571	0.00081728
197	0.74239	0.25295	0.0034739	0.0011922
198	0.71572	0.27962	0.0033415	0.0013162
199	0.4065	0.58885	0.0018685	0.0027808
200	0.28072	0.71464	0.0012738	0.0033671
201	0.23001	0.76535	0.0010353	0.0035975
202	0.2107	0.78467	0.00094429	0.0036806
203	0.20802	0.78736	0.0009296	0.0036873
204	0.21554	0.77985	0.00096193	0.0036472
205	0.23884	0.75656	0.0010665	0.003535
206	0.2371	0.7583	0.0010571	0.003537
207	0.24731	0.74811	0.0011028	0.0034841
208	0.25224	0.74318	0.0011246	0.0034553
209	0.27302	0.7224	0.0012201	0.0033529
210	0.34431	0.65112	0.0015478	0.0030183
211	0.50967	0.48577	0.0023138	0.0022455
212	0.98125	0.014195	0.0044865	6.6044e-05
213	0.98275	0.012709	0.0044864	5.9204e-05
214	0.50821	0.48725	0.0022939	0.002245
215	0.31498	0.68049	0.0014084	0.003124
216	0.23658	0.75889	0.0010516	0.0034744
217	0.20548	0.79	0.00091071	0.0036093
218	0.1987	0.79679	0.00087878	0.003635
219	0.20264	0.79285	0.00089548	0.0036123
220	0.22069	0.77481	0.00097627	0.0035257
221	0.28311	0.71239	0.0012556	0.0032405
222	0.428	0.56751	0.001909	0.0025814
223	0.53176	0.46376	0.0023785	0.0021064
224	0.53165	0.46387	0.0023752	0.0021041
225	0.53085	0.46468	0.0023684	0.0021052
226	0.42205	0.57348	0.0018791	0.0025891
227	0.31126	0.68427	0.0013789	0.0030836
228	0.26683	0.72871	0.0011794	0.0032777
229	0.21063	0.78492	0.00092659	0.0035251
230	0.1923	0.80325	0.00084293	0.0036032
231	0.19119	0.80437	0.00083591	0.0036046
232	0.16742	0.82814	0.00072842	0.0037067
233	0.15916	0.83641	0.00069072	0.0037392
234	0.16097	0.8346	0.00069789	0.0037269
235	0.17718	0.8184	0.00076774	0.0036519
236	0.21738	0.77821	0.00094348	0.0034712
237	0.31741	0.67818	0.0013847	0.0030251
238	0.24341	0.75218	0.0010602	0.003345
239	0.22158	0.77402	0.00096326	0.0034373
240	0.21491	0.78069	0.00093349	0.0034625
241	0.20775	0.78786	0.00090119	0.0034902
242	0.21075	0.78486	0.00091383	0.0034731
243	0.23065	0.76497	0.0010002	0.0033822
244	0.29868	0.69694	0.0012953	0.0030825
245	0.45646	0.53917	0.001985	0.0023883
246	0.84408	0.15155	0.0036919	0.00067722
247	0.84918	0.14645	0.0037113	0.00065384
248	0.87231	0.12333	0.0038098	0.00055131
249	0.92797	0.067669	0.0040532	0.00030399
250	0.94191	0.053741	0.0041109	0.00024239
251	0.93246	0.06319	0.0040645	0.0002847
252	0.93139	0.064263	0.0040559	0.0002894
253	0.93927	0.056392	0.0040865	0.00025488
254	0.92099	0.074672	0.0040013	0.00033632
255	0.91543	0.080237	0.0039734	0.00036074
256	0.91001	0.085664	0.0039457	0.00038481
257	0.91216	0.083517	0.003952	0.00037517
258	0.92347	0.072207	0.0039991	0.00032488
259	0.92176	0.073918	0.0039892	0.00033191
260	0.92722	0.068461	0.0040113	0.00030707
261	0.94389	0.051797	0.0040841	0.00023188
262	0.94636	0.049325	0.004093	0.00022044
263	0.95746	0.038234	0.0041407	0.00017042
264	0.99556	0.00013259	0.004308	5.8935e-07
265	0.99459	0.0011051	0.0043012	4.8094e-06
266	0.99493	0.00076446	0.0043004	3.3068e-06
267	0.99567	2.6211e-05	0.004301	1.1405e-07
268	0.99562	7.8925e-05	0.0042986	3.4085e-07
269	0.99507	0.00063666	0.0042937	2.7674e-06
270	0.99564	6.9206e-05	0.004294	3.0122e-07
271	0.9951	0.00060683	0.0042894	2.6497e-06
272	0.99474	0.00096984	0.0042858	4.2245e-06
273	0.9957	1.0161e-05	0.0042882	4.4702e-08
274	0.99563	8.2326e-05	0.004286	3.7812e-07
275	0.99473	0.00098066	0.0042802	4.5303e-06
276	0.99541	0.00030734	0.0042812	1.7491e-06
277	0.89215	0.10357	0.0036825	0.00059847
278	0.8566	0.13913	0.0034725	0.00080628
279	0.84612	0.1496	0.0034048	0.00087166
280	0.83029	0.16544	0.0033072	0.00096728
281	0.76405	0.23168	0.0029139	0.0013584
282	0.73839	0.25734	0.0027586	0.0015117
283	0.71242	0.28331	0.0025997	0.0016685
284	0.70429	0.29144	0.0025415	0.0017249
285	0.69049	0.30527	0.0024796	0.0017578
286	0.67025	0.32554	0.002394	0.0018148
287	0.64896	0.34686	0.0023044	0.0018757
288	0.6447	0.35115	0.0022826	0.0018692
289	0.63841	0.35747	0.0022517	0.0018716
290	0.64778	0.34812	0.0022892	0.0018056
291	0.68403	0.31191	0.002456	0.0016099
292	0.63332	0.36265	0.0022517	0.0017853
293	0.61472	0.38127	0.0021703	0.0018383
294	0.6113	0.38472	0.0021484	0.0018321
295	0.57279	0.42326	0.0019974	0.0019555
296	0.52844	0.46764	0.0018262	0.002099
297	0.51144	0.48466	0.0017558	0.0021421
298	0.423	0.57313	0.0014369	0.0024341
299	0.3857	0.61045	0.0013	0.0025443
300	0.37315	0.62303	0.001251	0.0025672
301	0.32036	0.67585	0.0010641	0.0027278
302	0.30053	0.69571	0.00099184	0.0027741
303	0.29569	0.70057	0.00097212	0.0027683
304	0.30321	0.69307	0.00099774	0.0027174
305	0.33431	0.662	0.0011123	0.0025775
306	0.40852	0.58781	0.0013929	0.0022719
307	0.6468	0.34956	0.0022952	0.0013445
308	0.81448	0.18191	0.0029217	0.00069326
309	0.9781	0.018306	0.0035199	7.0142e-05
310	0.97583	0.020603	0.0034879	7.7734e-05
311	0.97787	0.018592	0.0034723	6.9429e-05
312	0.98735	0.0091343	0.0034836	3.4007e-05
313	0.989	0.0075074	0.0034663	2.7655e-05
314	0.99001	0.0065143	0.0034471	2.3662e-05
315	0.99619	0.0003586	0.0034461	1.2923e-06
316	0.93254	0.06404	0.0032022	0.00022145
317	0.91096	0.085643	0.0031053	0.00029453
318	0.9033	0.093321	0.0030577	0.00031866
319	0.9039	0.09275	0.003039	0.0003144
320	0.91602	0.080649	0.0030585	0.00027166
321	0.94881	0.047885	0.0031475	0.00015989
322	0.95771	0.039008	0.0031551	0.00012938
323	0.96377	0.032973	0.0031535	0.00010845
324	0.98664	0.010121	0.0032061	3.3053e-05
325	0.98698	0.0098047	0.0031851	3.1712e-05
326	0.99175	0.0050545	0.0031781	1.618e-05
327	0.99682	1.2314e-05	0.0031715	3.9056e-08
328	0.99424	0.002606	0.003141	8.1529e-06
329	0.99419	0.0026796	0.0031183	8.3218e-06
330	0.99689	1.0789e-05	0.0031038	3.2769e-08
331	0.99545	0.001468	0.0030764	4.4857e-06
332	0.97491	0.022037	0.0029905	6.7153e-05
333	0.9673	0.029664	0.0029454	8.9502e-05
334	0.96683	0.030154	0.0029217	9.022e-05
335	0.97291	0.024096	0.0029174	7.1448e-05
336	0.99521	0.0018211	0.0029601	5.3484e-06
337	0.99276	0.004294	0.00293	1.2532e-05
338	0.9931	0.0039808	0.0029079	1.1524e-05
339	0.99704	6.1804e-05	0.0028958	1.7899e-07
340	0.99689	0.00023232	0.0028724	6.7062e-07
341	0.99628	0.00087118	0.0028481	2.4788e-06
342	0.99717	1.1176e-06	0.0028278	3.1799e-09
343	0.99622	0.00097557	0.0028028	2.7434e-06
344	0.99568	0.0015382	0.0027788	4.3108e-06
345	0.99666	0.0005799	0.0027594	1.6097e-06
346	0.99573	0.001529	0.0027345	4.218e-06
347	0.99472	0.0025621	0.0027099	6.9868e-06
348	0.99578	0.0015274	0.0026908	4.1445e-06
349	0.99335	0.0039773	0.0026619	1.0762e-05
350	0.99336	0.0039844	0.0026402	1.0695e-05
351	0.99582	0.0015545	0.0026255	4.1227e-06
352	0.99048	0.006914	0.0025899	1.8122e-05
353	0.98989	0.0075206	0.0025667	1.959e-05
354	0.99221	0.0052266	0.0025514	1.3507e-05
355	0.9912	0.0062545	0.0025273	1.6056e-05
356	0.9928	0.0046796	0.0025103	1.1915e-05
357	0.99476	0.0027428	0.002494	6.9752e-06
358	0.99447	0.0030539	0.0024723	7.703e-06
359	0.9961	0.0014392	0.0024559	3.6106e-06
360	0.99753	2.8397e-05	0.0024393	7.1518e-08
361	0.9972	0.00037872	0.0024187	9.3115e-07
362	0.99714	0.00045832	0.0023991	1.1175e-06
363	0.9964	0.0012183	0.0023784	2.9253e-06
364	0.99606	0.0015814	0.0023583	3.7815e-06
365	0.99569	0.0019683	0.0023387	4.6662e-06
366	0.9953	0.0023781	0.0023193	5.5721e-06
367	0.99531	0.0023798	0.0023007	5.5399e-06
368	0.99735	0.00036669	0.0022871	8.4124e-07
369	0.99731	0.00041994	0.0022686	9.5312e-07
370	0.99507	0.0026825	0.0022448	6.0666e-06
371	0.99499	0.0027806	0.0022264	6.2181e-06
372	0.99767	0.00011559	0.0022139	2.5885e-07
373	0.99759	0.00021842	0.0021957	4.8428e-07
374	0.99538	0.0024385	0.0021731	5.3211e-06
375	0.99326	0.0045834	0.0021506	9.9461e-06
376	0.99344	0.0044123	0.0021335	9.4823e-06
377	0.99679	0.0010864	0.0021229	2.3321e-06
378	0.99749	0.00040385	0.002107	8.6359e-07
379	0.99753	0.00037534	0.00209	7.9267e-07
380	0.99695	0.0009798	0.002072	2.0316e-06
381	0.99794	1.1043e-07	0.0020571	2.2411e-10
382	0.99689	0.001067	0.0020374	2.1785e-06
383	0.99607	0.0019116	0.002018	3.8838e-06
384	0.99687	0.0011243	0.0020023	2.257e-06
385	0.99792	9.2371e-05	0.0019869	1.85e-07
386	0.99802	7.4207e-06	0.0019699	1.4588e-08
387	0.99804	3.6756e-06	0.0019525	7.2875e-09
388	0.99684	0.0012228	0.0019326	2.4264e-06
389	0.99558	0.0024978	0.0019129	4.9033e-06
390	0.99616	0.0019379	0.0018972	3.7877e-06
391	0.97955	0.018564	0.001849	3.5459e-05
392	0.96253	0.035602	0.0018002	6.7568e-05
393	0.95626	0.041893	0.0017727	7.8775e-05
394	0.92959	0.06858	0.001707	0.00012791
395	0.92004	0.078141	0.0016744	0.00014436
396	0.92057	0.077629	0.0016602	0.00014225
397	0.90644	0.091775	0.0016199	0.00016649
398	0.89033	0.1079	0.0015763	0.00019397
399	0.88588	0.11236	0.0015543	0.00020013
400	0.8933	0.10496	0.0015529	0.00018548
401	0.9164	0.081875	0.001579	0.00014369
402	0.97151	0.026781	0.0016604	4.6856e-05
403	0.96831	0.029998	0.0016402	5.1854e-05
404	0.97023	0.028097	0.0016292	4.8028e-05
405	0.98177	0.016566	0.0016343	2.8036e-05
406	0.98454	0.013815	0.001624	2.3181e-05
407	0.99308	0.0052913	0.0016235	8.7771e-06
408	0.99512	0.0032612	0.0016119	5.3633e-06
409	0.99238	0.0060206	0.0015923	9.7906e-06
410	0.99247	0.0059462	0.0015777	9.5706e-06
411	0.99524	0.0031909	0.0015676	5.0681e-06
412	0.99837	7.3727e-05	0.0015578	1.1669e-07
413	0.99843	2.6842e-05	0.0015434	4.1513e-08
414	0.99548	0.0029871	0.0015248	4.5238e-06
415	0.95187	0.04662	0.0014447	7.0271e-05
416	0.93908	0.059418	0.0014117	8.8832e-05
417	0.93792	0.060589	0.0013961	8.9795e-05
418	0.93449	0.064042	0.0013775	9.4016e-05
419	0.93765	0.060894	0.001369	8.8451e-05
420	0.95295	0.045611	0.0013777	6.5517e-05
421	0.95498	0.043591	0.0013668	6.2013e-05
422	0.96676	0.031821	0.0013694	4.4919e-05
423	0.99745	0.0011468	0.0013985	1.6123e-06
424	0.98333	0.015281	0.0013643	2.1443e-05
425	0.97795	0.020676	0.001343	2.8674e-05
426	0.97732	0.021322	0.0013286	2.923e-05
427	0.97628	0.022378	0.001314	3.0287e-05
428	0.9807	0.01797	0.0013065	2.4032e-05
429	0.99771	0.00097137	0.0013154	1.2994e-06
430	0.9963	0.0023979	0.0012999	3.1548e-06
431	0.97764	0.021066	0.0012619	2.7465e-05
432	0.97083	0.027891	0.00124	3.5918e-05
433	0.9469	0.051839	0.0011963	6.6077e-05
434	0.91358	0.085175	0.0011419	0.00010715
435	0.90129	0.097479	0.0011148	0.00012113
436	0.6993	0.29948	0.00085897	0.0003641
437	0.62903	0.36976	0.00076541	0.0004447
438	0.60622	0.39258	0.00072989	0.00046716
439	0.25614	0.74268	0.00030577	0.00087813
440	0.13331	0.86552	0.00015723	0.0010134
441	0.095141	0.9037	0.00011056	0.0010468
442	0.080318	0.91854	9.2198e-05	0.001052
443	0.077378	0.92149	8.7688e-05	0.0010434
444	0.082793	0.91609	9.2531e-05	0.0010253
445	0.076889	0.92201	8.4638e-05	0.0010199
446	0.078174	0.92073	8.4877e-05	0.0010065
447	0.08699	0.91193	9.3231e-05	0.00098514
448	0.069428	0.92951	7.3112e-05	0.0009922
449	0.063563	0.93538	6.5972e-05	0.00098643
450	0.066297	0.93266	6.7826e-05	0.00097161
451	0.055408	0.94357	5.5742e-05	0.00097087
452	0.05369	0.9453	5.3176e-05	0.00096057
453	0.057362	0.94164	5.6037e-05	0.00094498
454	0.058041	0.94097	5.5944e-05	0.00093248
455	0.064995	0.93403	6.1942e-05	0.00091402
456	0.06901	0.93003	6.5037e-05	0.00089861
457	0.081933	0.91712	7.6571e-05	0.00087489
458	0.090082	0.90898	8.3403e-05	0.00085602
459	0.12054	0.87853	0.00011072	0.00081661
460	0.15012	0.84896	0.00013629	0.00077887
461	0.21952	0.77958	0.00019753	0.00070561
462	0.39041	0.60869	0.00034926	0.00054201
463	0.43495	0.56417	0.00038408	0.00049524
464	0.56454	0.4346	0.00049153	0.00037577
465	0.9787	0.020446	0.00083764	1.7541e-05
466	0.9802	0.018953	0.00082728	1.6026e-05
467	0.98861	0.010558	0.00082248	8.8289e-06
468	0.99524	0.0039384	0.00081631	3.2419e-06
469	0.99476	0.0044362	0.00080405	3.6022e-06
470	0.99661	0.0025929	0.00079392	2.0686e-06
471	0.99885	0.00036237	0.0007839	2.8684e-07
472	0.99886	0.00036639	0.00077232	2.8506e-07
473	0.99826	0.00097691	0.00076047	7.4236e-07
474	0.99912	0.00013454	0.00074962	1.0058e-07
475	0.9991	0.00016357	0.00073798	1.2177e-07
476	0.99885	0.00041919	0.00072639	3.0673e-07
477	0.99888	0.00040444	0.00071522	2.8931e-07
478	0.99925	5.0067e-05	0.00070417	3.5245e-08
479	0.99871	0.00059232	0.00069236	4.137e-07
480	0.99929	3.099e-05	0.00068154	2.1456e-08
481	0.99589	0.0034352	0.00066788	2.3441e-06
482	0.99515	0.0041903	0.00065627	2.8117e-06
483	0.9965	0.0028549	0.00064625	1.8885e-06
484	0.9582	0.041159	0.0006104	2.6665e-05
485	0.78693	0.21245	0.00049173	0.00013446
486	0.71771	0.28167	0.00044066	0.00017486
487	0.40027	0.59912	0.00024208	0.00036292
488	0.30105	0.69835	0.00017881	0.0004156
489	0.25875	0.74067	0.00015112	0.00043281
490	0.09732	0.90211	5.5913e-05	0.00051749
491	0.046762	0.95267	2.6273e-05	0.00053655
492	0.026262	0.97319	1.4488e-05	0.00053787
493	0.02032	0.97914	1.0976e-05	0.00053086
494	0.01864	0.98083	9.8779e-06	0.00052154
495	0.020249	0.97923	1.0547e-05	0.00051056
496	0.014845	0.98464	7.5906e-06	0.00050317
497	0.014366	0.98513	7.1929e-06	0.00049317
498	0.018093	0.98142	8.848e-06	0.00048106
499	0.014701	0.98482	7.0348e-06	0.00047252
500	0.015456	0.98408	7.2233e-06	0.00046194
501	0.019437	0.9801	8.8886e-06	0.00044997
502	0.032191	0.96736	1.4365e-05	0.00043415
503	0.069011	0.93055	2.9956e-05	0.00040817
504	0.15945	0.84012	6.7739e-05	0.00036011
505	0.18181	0.81778	7.531e-05	0.00034221
506	0.23546	0.76414	9.5216e-05	0.00031208
507	0.38955	0.61006	0.00015338	0.00024365
508	0.50658	0.49303	0.00019461	0.00019227
509	0.79459	0.20503	0.00029867	7.821e-05
510	0.99722	0.0024116	0.00036613	9.0214e-07
511	0.99652	0.0031242	0.00035623	1.1301e-06
512	0.9981	0.0015496	0.00034705	5.4816e-07
513	0.99796	0.0017023	0.00033741	5.8387e-07
514	0.99571	0.0039645	0.00032723	1.3091e-06
515	0.99583	0.0038476	0.00031803	1.2277e-06
516	0.99932	0.00037471	0.00030976	1.091e-07
517	0.99658	0.0031209	0.0002995	8.7559e-07
518	0.99617	0.0035423	0.0002901	9.414e-07
519	0.99857	0.0011435	0.00028137	2.2495e-07
520	0.98503	0.014688	0.00027819	4.1292e-06
521	0.98114	0.018577	0.00027772	5.2814e-06
522	0.97736	0.022361	0.00027721	6.4202e-06
523	0.90971	0.090006	0.00025809	2.6206e-05
524	0.88685	0.11287	0.0002519	3.3012e-05
525	0.87891	0.12081	0.00025013	3.5442e-05
526	0.86662	0.1331	0.00024714	3.913e-05
527	0.8649	0.13481	0.00024727	3.9736e-05
528	0.87328	0.12643	0.0002504	3.7386e-05
529	0.86919	0.13052	0.00024983	3.8683e-05
530	0.86486	0.13485	0.00024911	4.0073e-05
531	0.87023	0.12948	0.0002513	3.8607e-05
532	0.86032	0.13939	0.00024892	4.1653e-05
533	0.86034	0.13937	0.00024953	4.1755e-05
534	0.87358	0.12613	0.00025396	3.7986e-05
535	0.85191	0.1478	0.00024813	4.4525e-05
536	0.84753	0.15217	0.00024735	4.5962e-05
537	0.85259	0.14712	0.00024943	4.458e-05
538	0.8573	0.14241	0.00025134	4.3314e-05
539	0.8748	0.12491	0.00025713	3.8206e-05
540	0.91804	0.081667	0.00027076	2.5302e-05
541	0.94879	0.050913	0.00028078	1.6037e-05
542	0.93388	0.065824	0.00027698	2.0646e-05
543	0.92983	0.069872	0.00027655	2.1935e-05
544	0.68335	0.31636	0.00020141	9.7882e-05
545	0.60664	0.39306	0.00017806	0.00012198
546	0.58143	0.41827	0.00017052	0.00013023
547	0.27628	0.72342	7.4502e-05	0.00022691
548	0.15203	0.84767	3.5569e-05	0.00026653
549	0.10162	0.89808	1.9793e-05	0.00028302
550	0.034664	0.96504	6.6298e-06	0.00028874
551	0.013694	0.98602	2.5689e-06	0.00028531
552	0.0072308	0.99249	1.3355e-06	0.00027902
553	0.0047571	0.99497	8.8435e-07	0.00027201
554	0.004142	0.99559	8.0194e-07	0.00026471
555	0.0054468	0.9943	1.1445e-06	0.00025694
556	0.0055516	0.9942	1.1816e-06	0.00024954
557	0.0074258	0.99233	1.6259e-06	0.0002418
558	0.012684	0.98708	2.8486e-06	0.00023334
559	0.016039	0.98373	3.5666e-06	0.00022547
560	0.025298	0.97448	5.5941e-06	0.00021635
561	0.04844	0.95134	1.0624e-05	0.00020429
562	0.10194	0.89786	2.2021e-05	0.00018593
563	0.27271	0.72708	5.7313e-05	0.00014362
564	0.75913	0.24067	0.00015396	3.9914e-05
565	0.75212	0.2477	0.00014757	3.9182e-05
566	0.75635	0.24347	0.00014327	3.6446e-05
567	0.78331	0.21652	0.00014285	2.9762e-05
568	0.76345	0.23638	0.00013489	3.0726e-05
569	0.7612	0.23864	0.00012947	2.9076e-05
570	0.77132	0.22852	0.00012601	2.558e-05
571	0.3844	0.61545	6.3432e-05	8.8892e-05
572	0.26327	0.73657	4.3725e-05	0.0001093
573	0.22612	0.77373	3.7686e-05	0.00011599
574	0.093772	0.90607	1.5619e-05	0.00013869
575	0.036359	0.96349	6.0812e-06	0.00014886
576	0.016249	0.9836	2.7118e-06	0.00015283
577	0.0081007	0.99174	1.3535e-06	0.0001548
578	0.0054595	0.99438	9.0736e-07	0.00015583
579	0.0046922	0.99515	7.7539e-07	0.00015654
580	0.0033623	0.99648	5.5067e-07	0.00015732
581	0.0032919	0.99655	5.3456e-07	0.0001579
582	0.0044202	0.99542	7.1341e-07	0.0001583
583	0.0049907	0.99485	8.022e-07	0.00015875
584	0.0045669	0.99527	7.3481e-07	0.00015937
585	0.0054326	0.99441	8.7727e-07	0.00015978
586	0.0025154	0.99732	4.0621e-07	0.00016077
587	0.0017913	0.99805	2.8728e-07	0.00016139
588	0.0017483	0.99809	2.7951e-07	0.00016189
589	0.0023546	0.99748	3.7738e-07	0.0001623
590	0.0040586	0.99578	6.5514e-07	0.00016254
591	0.0098869	0.98995	1.5987e-06	0.00016207
592	0.0049583	0.99488	7.9972e-07	0.00016336
593	0.0028871	0.99695	4.6587e-07	0.00016419
594	0.0021412	0.99769	3.4743e-07	0.00016481
595	0.0021687	0.99767	3.5587e-07	0.00016531
596	0.0033796	0.99645	5.5902e-07	0.00016558
597	0.0077497	0.99208	1.285e-06	0.0001653
598	0.010225	0.98961	1.7039e-06	0.00016534
599	0.016604	0.98323	2.7887e-06	0.00016471
600	0.03261	0.96722	5.5341e-06	0.00016243
601	0.078449	0.92138	1.3365e-05	0.00015504
602	0.20909	0.79074	3.5611e-05	0.0001332
603	0.62557	0.37427	0.00010624	6.2948e-05
604	0.63223	0.3676	0.00010756	6.1955e-05
605	0.66668	0.33315	0.00011352	5.6283e-05
606	0.74886	0.25097	0.00012765	4.2457e-05
607	0.77111	0.22872	0.0001316	3.8778e-05
608	0.79321	0.20662	0.00013547	3.513e-05
609	0.85095	0.14888	0.00014544	2.5396e-05
610	0.86449	0.13534	0.00014789	2.3152e-05
611	0.89933	0.1005	0.00015402	1.7253e-05
612	0.98654	0.013288	0.00016923	2.2937e-06
613	0.99296	0.0068655	0.00017063	1.1832e-06
614	0.99966	0.00016915	0.00017202	2.9425e-08
615	0.99976	6.3101e-05	0.0001723	1.1023e-08
616	0.99948	0.00034344	0.00017255	5.9651e-08
617	0.99854	0.0012886	0.00017262	2.2554e-07
618	0.99896	0.00086316	0.00017296	1.5209e-07
619	0.96516	0.034671	0.00016736	6.0539e-06
620	0.9521	0.047726	0.00016541	8.3301e-06
621	0.95036	0.049464	0.00016537	8.6503e-06
622	0.3477	0.65212	6.0822e-05	0.0001135
623	0.13611	0.86371	2.3859e-05	0.00015074
624	0.061877	0.93795	1.0802e-05	0.00016404
625	0.029713	0.97011	5.1776e-06	0.00016991
626	0.016706	0.98312	2.9191e-06	0.00017243
627	0.012516	0.98731	2.1876e-06	0.00017339
628	0.012118	0.98771	2.1161e-06	0.00017366
629	0.014149	0.98568	2.4745e-06	0.00017351
630	0.020109	0.97971	3.5324e-06	0.00017267
631	0.040149	0.95967	7.0605e-06	0.00016932
632	0.089458	0.91037	1.5817e-05	0.00016076
633	0.23004	0.76979	4.0663e-05	0.00013607
634	0.63046	0.36936	0.0001111	6.5762e-05
635	0.72052	0.2793	0.00012715	4.9858e-05
636	0.94276	0.057065	0.00016699	1.0191e-05
637	0.94517	0.054652	0.00016763	9.7556e-06
638	0.95853	0.041294	0.00017018	7.3663e-06
639	0.99885	0.00097114	0.00017749	1.748e-07
640	0.99963	0.00019383	0.00017777	3.5028e-08
641	0.99816	0.0016662	0.00017761	3.0074e-07
642	0.99665	0.0031703	0.00017747	5.7072e-07
643	0.99764	0.0021862	0.00017773	3.9757e-07
644	0.99675	0.0030716	0.00017767	5.5948e-07
645	0.99782	0.0020028	0.00017801	3.6777e-07
646	0.95581	0.04401	0.0001704	8.0663e-06
647	0.93828	0.06154	0.00016732	1.1268e-05
648	0.93504	0.06478	0.00016678	1.1882e-05
649	0.86151	0.13831	0.00015345	2.5309e-05
650	0.83049	0.16933	0.00014793	3.0955e-05
651	0.82372	0.1761	0.00014674	3.2223e-05
652	0.78119	0.21863	0.0001391	3.9966e-05
653	0.76858	0.23125	0.00013682	4.2301e-05
654	0.76809	0.23173	0.00013678	4.2423e-05
655	0.74246	0.25736	0.00013224	4.7071e-05
656	0.73745	0.26237	0.00013137	4.8009e-05
657	0.74385	0.25597	0.00013259	4.6873e-05
658	0.74665	0.25317	0.00013321	4.6373e-05
659	0.76786	0.23196	0.00013711	4.2544e-05
660	0.8203	0.17952	0.00014677	3.2985e-05
661	0.83346	0.16636	0.0001492	3.0605e-05
662	0.87029	0.12953	0.000156	2.3876e-05
663	0.95696	0.042862	0.00017206	7.921e-06
664	0.95445	0.045371	0.00017176	8.3615e-06
665	0.95916	0.040665	0.00017272	7.4918e-06
666	0.97672	0.023099	0.00017598	4.2759e-06
667	0.97972	0.020098	0.00017661	3.7202e-06
668	0.9821	0.017718	0.00017715	3.2739e-06
669	0.9923	0.0075192	0.00017909	1.3946e-06
670	0.99975	6.5974e-05	0.00018055	1.2222e-08
671	0.99918	0.00063542	0.00018048	1.158e-07
672	0.99974	7.712e-05	0.00018065	1.401e-08
673	0.99698	0.0028438	0.00018025	5.0984e-07
674	0.99685	0.0029642	0.00018027	5.3168e-07
675	0.99955	0.00026489	0.00018075	4.8309e-08
676	0.99888	0.0009364	0.00018066	1.7149e-07
677	0.99862	0.0012029	0.00018068	2.2014e-07
678	0.99981	4.952e-06	0.00018099	9.031e-10
679	0.99973	8.7908e-05	0.00018103	1.609e-08
680	0.99868	0.0011431	0.00018091	2.0813e-07
681	0.99897	0.00085196	0.00018107	1.5456e-07
682	0.99855	0.0012671	0.00018105	2.3019e-07
683	0.99815	0.0016658	0.00018106	3.0149e-07
684	0.99981	1.348e-05	0.0001814	2.4593e-09
685	0.99729	0.0025319	0.00018092	4.658e-07
686	0.99701	0.0028046	0.00018089	5.1583e-07
687	0.99875	0.0010664	0.00018127	1.9626e-07
688	0.99894	0.00087415	0.00018139	1.5935e-07
689	0.99827	0.0015524	0.00018131	2.8159e-07
690	0.99948	0.00034239	0.00018152	6.2508e-08
691	0.99979	3.3025e-05	0.00018159	6.0776e-09
692	0.99938	0.00043625	0.00018157	7.9722e-08
693	0.99781	0.0020131	0.00018136	3.6557e-07
694	0.99136	0.0084598	0.00018031	1.5259e-06
695	0.99043	0.0093924	0.00018021	1.6951e-06
696	0.99241	0.0074099	0.00018066	1.3314e-06
697	0.98558	0.014237	0.00017948	2.5599e-06
698	0.98456	0.015262	0.00017929	2.745e-06
699	0.9838	0.016017	0.0001791	2.8841e-06
700	0.9824	0.017417	0.00017884	3.1344e-06
701	0.98576	0.014059	0.00017938	2.5266e-06
702	0.99938	0.0004364	0.00018172	7.8585e-08
703	0.99862	0.0011971	0.0001815	2.1588e-07
704	0.99942	0.00040249	0.00018152	7.2381e-08
705	0.99968	0.00013869	0.00018139	2.5158e-08
706	0.99726	0.0025544	0.00018073	4.6894e-07
707	0.99696	0.0028614	0.00018047	5.2473e-07
708	0.99853	0.001287	0.0001806	2.3607e-07
709	0.99702	0.0027975	0.0001801	5.1205e-07
710	0.99737	0.002454	0.00017998	4.4887e-07
711	0.99982	2.5676e-06	0.00018026	4.7024e-10
712	0.98699	0.012825	0.00017772	2.3323e-06
713	0.97273	0.027095	0.00017486	4.9359e-06
714	0.96801	0.031807	0.00017379	5.7838e-06
715	0.89808	0.10174	0.00016081	1.849e-05
716	0.87039	0.12943	0.00015561	2.3455e-05
717	0.86305	0.13677	0.00015402	2.4754e-05
718	0.85561	0.14421	0.00015237	2.6078e-05
719	0.85766	0.14216	0.00015246	2.568e-05
720	0.87177	0.12805	0.00015475	2.3113e-05
721	0.78813	0.21169	0.00013971	3.7913e-05
722	0.76	0.23982	0.00013447	4.2859e-05
723	0.75522	0.2446	0.00013335	4.3648e-05
724	0.72439	0.27543	0.00012751	4.9104e-05
725	0.71474	0.28509	0.00012553	5.0734e-05
726	0.71795	0.28188	0.00012587	5.0069e-05
727	0.74352	0.25631	0.00013008	4.549e-05
728	0.80566	0.19416	0.00014076	3.4457e-05
729	0.95037	0.049455	0.0001661	8.787e-06
730	0.94931	0.050516	0.00016565	8.9451e-06
731	0.95628	0.04355	0.00016655	7.6971e-06
732	0.97505	0.024775	0.00016957	4.3553e-06
733	0.9792	0.020627	0.00016995	3.6145e-06
734	0.97769	0.022132	0.00016929	3.8663e-06
735	0.98069	0.019135	0.00016945	3.3294e-06
736	0.97767	0.022157	0.0001686	3.8299e-06
737	0.82856	0.17127	0.00014267	2.9345e-05
738	0.76839	0.23143	0.00013216	3.9469e-05
739	0.55145	0.44838	9.4963e-05	7.6234e-05
740	0.4841	0.51573	8.3222e-05	8.7505e-05
741	0.46526	0.53457	7.9744e-05	9.0471e-05
742	0.43698	0.56285	7.473e-05	9.4991e-05
743	0.43147	0.56836	7.3558e-05	9.5632e-05
744	0.44423	0.55561	7.5435e-05	9.3185e-05
745	0.4375	0.56234	7.3987e-05	9.4024e-05
746	0.44432	0.55551	7.4853e-05	9.2569e-05
747	0.47057	0.52926	7.8995e-05	8.7856e-05
748	0.47253	0.5273	7.9023e-05	8.7217e-05
749	0.49732	0.50251	8.2771e-05	8.2819e-05
750	0.56229	0.43755	9.316e-05	7.1801e-05
751	0.77172	0.22812	0.00012694	3.735e-05
752	0.81812	0.18172	0.00013404	2.9606e-05
753	0.96851	0.031325	0.00015784	5.1124e-06
754	0.96929	0.030547	0.00015733	4.9649e-06
755	0.97753	0.022304	0.00015796	3.618e-06
756	0.99822	0.0016209	0.00016063	2.6491e-07
757	0.99815	0.0016911	0.00015997	2.7495e-07
758	0.99971	0.00012611	0.0001596	2.0534e-08
759	0.99983	9.2451e-06	0.00015902	1.4948e-09
760	0.99978	6.295e-05	0.00015844	1.0069e-08
761	0.99975	8.9154e-05	0.0001579	1.421e-08
762	0.99918	0.00066086	0.00015722	1.0584e-07
763	0.99749	0.0023567	0.00015639	3.7465e-07
764	0.99761	0.0022369	0.00015588	3.5439e-07
765	0.99978	6.7362e-05	0.00015572	1.0567e-08
766	0.99904	0.00080306	0.00015505	1.2482e-07
767	0.99859	0.0012559	0.00015438	1.9537e-07
768	0.99949	0.00035542	0.00015395	5.5335e-08
769	0.99967	0.00017937	0.00015343	2.7703e-08
770	0.99888	0.00097094	0.00015271	1.4956e-07
771	0.99818	0.0016724	0.00015204	2.5562e-07
772	0.99785	0.0020006	0.00015138	3.0541e-07
773	0.99916	0.00069387	0.000151	1.0567e-07
774	0.99945	0.00039948	0.00015041	6.1438e-08
775	0.99778	0.0020707	0.00014955	3.1617e-07
776	0.9958	0.0040543	0.00014867	6.1472e-07
777	0.99612	0.0037272	0.00014816	5.6268e-07
778	0.99444	0.0054131	0.00014731	8.1408e-07
779	0.99509	0.004758	0.00014683	7.1337e-07
780	0.99858	0.0012769	0.0001468	1.9147e-07
781	0.99568	0.0041768	0.00014585	6.1475e-07
782	0.99307	0.0067867	0.0001449	9.9541e-07
783	0.99319	0.0066599	0.00014437	9.7169e-07
784	0.99337	0.0064847	0.0001438	9.4288e-07
785	0.99637	0.0034832	0.00014367	5.0273e-07
786	0.99974	0.00011259	0.00014354	1.6282e-08
787	0.99887	0.00099147	0.00014282	1.4179e-07
788	0.99839	0.0014642	0.00014211	2.0938e-07
789	0.99943	0.00042569	0.00014164	6.0534e-08
790	0.99652	0.0033367	0.00014057	4.7311e-07
791	0.99641	0.0034491	0.00013985	4.8869e-07
792	0.9984	0.0014639	0.00013945	2.0859e-07
793	0.99707	0.0027887	0.00013853	3.9729e-07
794	0.99756	0.0022985	0.0001379	3.2868e-07
795	0.99607	0.0037955	0.00013701	5.3886e-07
796	0.97107	0.028796	0.00013287	4.0246e-06
797	0.96097	0.03889	0.00013086	5.3995e-06
798	0.95871	0.041154	0.00012996	5.682e-06
799	0.96424	0.035624	0.00013009	4.9057e-06
800	0.96778	0.032088	0.00012995	4.4012e-06
801	0.97989	0.019974	0.00013102	2.7288e-06
802	0.98929	0.010575	0.00013173	1.4308e-06
803	0.98732	0.012546	0.00013085	1.6812e-06
804	0.98982	0.01005	0.00013052	1.3397e-06
805	0.9807	0.01917	0.00012869	2.5226e-06
806	0.97888	0.020992	0.00012777	2.7466e-06
807	0.98112	0.018748	0.0001274	2.4354e-06
808	0.98225	0.017619	0.00012692	2.2683e-06
809	0.978	0.021868	0.0001257	2.7924e-06
810	0.97964	0.02023	0.00012518	2.5649e-06
811	0.98963	0.010247	0.00012567	1.2878e-06
812	0.99928	0.00059039	0.00012605	7.4643e-08
813	0.99909	0.00078375	0.00012521	9.898e-08
814	0.99419	0.0056849	0.00012374	7.1804e-07
815	0.99339	0.0064899	0.00012274	8.1768e-07
816	0.99526	0.0046153	0.0001221	5.826e-07
817	0.99015	0.0097268	0.00012062	1.2139e-06
818	0.98899	0.010893	0.00011966	1.3492e-06
819	0.9909	0.008977	0.00011909	1.1057e-06
820	0.98871	0.011172	0.00011806	1.3596e-06
821	0.99035	0.0095273	0.00011744	1.1529e-06
822	0.99673	0.0031554	0.0001174	3.8109e-07
823	0.99628	0.0036011	0.00011651	4.3187e-07
824	0.99556	0.0043213	0.00011559	5.1338e-07
825	0.99711	0.0027758	0.00011497	3.2809e-07
826	0.99302	0.0068653	0.00011373	7.9453e-07
827	0.99276	0.0071306	0.00011288	8.1976e-07
828	0.99545	0.0044418	0.00011239	5.0683e-07
829	0.99541	0.0044748	0.00011154	5.071e-07
830	0.99551	0.0043777	0.00011067	4.941e-07
831	0.9982	0.0016905	0.00011011	1.9232e-07
832	0.97981	0.020077	0.00010713	2.2664e-06
833	0.97309	0.026801	0.00010552	2.9979e-06
834	0.97224	0.027653	0.00010458	3.0696e-06
835	0.97043	0.029467	0.00010357	3.2411e-06
836	0.95959	0.040304	0.00010154	4.3859e-06
837	0.95698	0.04292	0.00010044	4.6286e-06
838	0.90238	0.097514	9.378e-05	1.0381e-05
839	0.87961	0.12029	9.0599e-05	1.2674e-05
840	0.87428	0.12562	8.9221e-05	1.3124e-05
841	0.84397	0.15593	8.5224e-05	1.6152e-05
842	0.80081	0.19909	8.0009e-05	2.0414e-05
843	0.74023	0.25967	7.3168e-05	2.6316e-05
844	0.71538	0.28452	7.0029e-05	2.8529e-05
845	0.70883	0.29108	6.8753e-05	2.8894e-05
846	0.71492	0.28499	6.8743e-05	2.8009e-05
847	0.74696	0.25295	7.1197e-05	2.462e-05
848	0.85304	0.14687	8.0613e-05	1.4229e-05
849	0.92811	0.071793	8.6948e-05	6.9324e-06
850	0.93108	0.068827	8.6361e-05	6.5765e-06
851	0.94645	0.053459	8.6883e-05	5.0718e-06
852	0.98621	0.013696	8.9673e-05	1.3171e-06
853	0.98375	0.016159	8.8514e-05	1.5312e-06
854	0.9852	0.014714	8.7737e-05	1.382e-06
855	0.9918	0.008116	8.7447e-05	7.6469e-07
856	0.98314	0.016772	8.5791e-05	1.5312e-06
857	0.94366	0.056249	8.1457e-05	4.9904e-06
858	0.76497	0.23495	6.5178e-05	2.0409e-05
859	0.5195	0.48042	4.3649e-05	4.109e-05
860	0.4431	0.55681	3.6714e-05	4.7141e-05
861	0.41335	0.58657	3.3849e-05	4.913e-05
862	0.4088	0.59112	3.3082e-05	4.8986e-05
863	0.41778	0.58214	3.3434e-05	4.7729e-05
864	0.44804	0.55188	3.5495e-05	4.4772e-05
865	0.5492	0.45072	4.3059e-05	3.6276e-05
866	0.78343	0.21649	6.0942e-05	1.7468e-05
867	0.79963	0.2003	6.1426e-05	1.6019e-05
868	0.70883	0.29109	5.3563e-05	2.2931e-05
869	0.57997	0.41995	4.3005e-05	3.2546e-05
870	0.52489	0.47504	3.8314e-05	3.63e-05
871	0.44749	0.55244	3.211e-05	4.1574e-05
872	0.422	0.57793	2.9805e-05	4.2914e-05
873	0.41953	0.5804	2.9182e-05	4.2538e-05
874	0.41649	0.58343	2.8499e-05	4.2187e-05
875	0.42619	0.57374	2.8712e-05	4.0944e-05
876	0.45791	0.54202	3.0404e-05	3.8228e-05
877	0.43797	0.56196	2.8579e-05	3.9036e-05
878	0.43694	0.56299	2.8031e-05	3.8533e-05
879	0.44922	0.55072	2.8361e-05	3.7157e-05
880	0.43714	0.56279	2.7112e-05	3.7362e-05
881	0.43833	0.5616	2.6737e-05	3.6697e-05
882	0.43709	0.56285	2.6184e-05	3.6177e-05
883	0.43387	0.56607	2.549e-05	3.5764e-05
884	0.42517	0.57477	2.4484e-05	3.5668e-05
885	0.42912	0.57082	2.4248e-05	3.4803e-05
886	0.40531	0.59463	2.2412e-05	3.5541e-05
887	0.39874	0.60121	2.161e-05	3.5247e-05
888	0.4055	0.59444	2.157e-05	3.4196e-05
889	0.40639	0.59356	2.1202e-05	3.3474e-05
890	0.40219	0.59775	2.0569e-05	3.3018e-05
891	0.39286	0.60709	1.9687e-05	3.2812e-05
892	0.37843	0.62151	1.8579e-05	3.2836e-05
893	0.37762	0.62233	1.8176e-05	3.2154e-05
894	0.38981	0.61014	1.8426e-05	3.0821e-05
895	0.39956	0.60039	1.8507e-05	2.9624e-05
896	0.34234	0.65761	1.5465e-05	3.1517e-05
897	0.32064	0.67931	1.4141e-05	3.1693e-05
898	0.23927	0.76068	1.026e-05	3.4394e-05
899	0.20693	0.79303	8.6421e-06	3.4833e-05
900	0.19806	0.80189	8.0443e-06	3.4221e-05
901	0.20205	0.79791	7.9738e-06	3.3051e-05
902	0.20173	0.79823	7.7285e-06	3.2054e-05
903	0.21311	0.78685	7.9368e-06	3.0603e-05
904	0.21953	0.78043	7.937e-06	2.936e-05
905	0.24667	0.75329	8.6605e-06	2.7363e-05
906	0.33676	0.66321	1.1494e-05	2.3224e-05
907	0.40146	0.5985	1.3258e-05	2.0156e-05
908	0.55196	0.44801	1.768e-05	1.4429e-05
909	0.98137	0.018596	3.0369e-05	4.0184e-07
910	0.96334	0.036627	3.0987e-05	1.0223e-06
911	0.95833	0.041633	3.1962e-05	1.2482e-06
912	0.95908	0.040889	3.3126e-05	1.2904e-06
913	0.95866	0.041307	3.4263e-05	1.3682e-06
914	0.96407	0.035894	3.5613e-05	1.2401e-06
915	0.97931	0.020648	3.7336e-05	7.4362e-07
916	0.93927	0.060694	3.6965e-05	2.3522e-06
917	0.92384	0.076115	3.7513e-05	3.0519e-06
918	0.92105	0.078912	3.8511e-05	3.2633e-06
919	0.92752	0.072438	3.9862e-05	3.0854e-06
920	0.93168	0.068278	4.114e-05	2.9901e-06
921	0.95187	0.04808	4.3106e-05	2.1674e-06
922	0.95437	0.045583	4.4315e-05	2.1086e-06
923	0.96456	0.035395	4.5906e-05	1.6757e-06
924	0.9998	0.00014804	4.8693e-05	7.3185e-09
925	0.99518	0.0047683	4.959e-05	2.4078e-07
926	0.9903	0.0096476	5.0423e-05	4.9969e-07
927	0.99023	0.0097156	5.1457e-05	5.1649e-07
928	0.93256	0.067383	4.9382e-05	3.6547e-06
929	0.85228	0.14767	4.5967e-05	8.1409e-06
930	0.82826	0.17168	4.5486e-05	9.6536e-06
931	0.74495	0.255	4.149e-05	1.4643e-05
932	0.70988	0.29006	4.0177e-05	1.6955e-05
933	0.69713	0.30282	4.0128e-05	1.8009e-05
934	0.68167	0.31827	3.9857e-05	1.9249e-05
935	0.68	0.31994	4.0406e-05	1.9674e-05
936	0.69201	0.30793	4.1806e-05	1.9257e-05
937	0.68224	0.3177	4.1884e-05	2.0169e-05
938	0.6848	0.31514	4.2737e-05	2.0313e-05
939	0.70295	0.29698	4.4625e-05	1.9431e-05
940	0.76758	0.23236	4.958e-05	1.5444e-05
941	0.91804	0.081894	6.049e-05	5.5092e-06
942	0.96144	0.038496	6.4302e-05	2.6327e-06
943	0.9611	0.038829	6.5138e-05	2.6906e-06
944	0.96647	0.033462	6.6382e-05	2.3502e-06
945	0.98252	0.017413	6.8413e-05	1.2373e-06
946	0.98079	0.019135	6.9213e-05	1.3699e-06
947	0.98457	0.015361	7.0363e-05	1.1108e-06
948	0.9995	0.00042485	7.2291e-05	3.1631e-08
