#coord	neutral	conserved	gBGC.neutral	gBGC.conserved
1	0.9666	0.032902	0.00048567	1.6763e-05
2	0.98819	0.011313	0.0004892	5.6969e-06
3	0.99284	0.0066679	0.00048433	3.2846e-06
4	0.99713	0.0023868	0.00047906	1.1462e-06
5	0.99815	0.0013739	0.00047203	6.4548e-07
6	0.99953	3.1439e-06	0.00046501	1.4717e-09
7	0.99954	5.7068e-06	0.00045757	2.5947e-09
8	0.99948	6.5751e-05	0.00044997	3.0069e-08
9	0.99949	6.6534e-05	0.00044266	2.9964e-08
10	0.99953	3.5781e-05	0.00043558	1.5946e-08
11	0.99938	0.00019439	0.00042867	8.4669e-08
12	0.99955	2.8345e-05	0.00042213	1.2214e-08
13	0.99956	2.2468e-05	0.00041572	9.5377e-09
14	0.99948	0.00010745	0.00040949	4.4985e-08
15	0.99934	0.00025655	0.00040344	1.0553e-07
16	0.9995	0.0001048	0.00039773	4.2615e-08
17	0.99957	3.606e-05	0.00039216	1.4493e-08
18	0.99944	0.00017556	0.00038671	6.8868e-08
19	0.99961	1.0436e-05	0.00038156	4.0122e-09
20	0.99904	0.00057921	0.00037602	2.2114e-07
21	0.99957	6.2938e-05	0.00037109	2.3962e-08
22	0.99956	7.8829e-05	0.00036613	2.9486e-08
23	0.99954	0.00010122	0.00036132	3.7413e-08
24	0.99947	0.00017625	0.00035667	6.4099e-08
25	0.99911	0.00053331	0.00035209	1.8926e-07
26	0.99893	0.00072407	0.00034772	2.5041e-07
27	0.99914	0.00051455	0.0003434	1.7516e-07
28	0.99887	0.00078821	0.0003388	2.6708e-07
29	0.9988	0.00086918	0.00033445	2.8826e-07
30	0.99903	0.00064189	0.0003301	2.093e-07
31	0.99965	2.3063e-05	0.00032578	7.5441e-09
32	0.99898	0.00070354	0.00032121	2.2643e-07
33	0.99872	0.0009594	0.00031676	3.0469e-07
34	0.9989	0.0007909	0.00031244	2.4797e-07
35	0.99949	0.00019787	0.00030823	6.1811e-08
36	0.99969	1.0161e-05	0.00030406	3.0772e-09
37	0.9997	6.6061e-08	0.00029973	1.9785e-11
38	0.99884	0.00086409	0.00029505	2.5839e-07
39	0.99809	0.001622	0.00029057	4.7437e-07
40	0.99908	0.0006375	0.00028651	1.8684e-07
41	0.99904	0.00068014	0.00028229	1.9741e-07
42	0.99921	0.00051164	0.00027828	1.4684e-07
43	0.9996	0.0001289	0.00027448	3.7212e-08
44	0.99761	0.0021185	0.00027015	5.889e-07
45	0.99538	0.004357	0.00026591	1.1867e-06
46	0.99557	0.0041616	0.00026248	1.1144e-06
47	0.99614	0.0035971	0.00025904	9.5305e-07
48	0.99946	0.00028395	0.00025646	7.5007e-08
49	0.99971	3.9368e-05	0.0002532	1.0042e-08
50	0.99975	6.5358e-07	0.00024981	1.6268e-10
51	0.99959	0.00016316	0.00024628	4.0729e-08
52	0.99975	4.0291e-06	0.00024297	9.8636e-10
53	0.99878	0.00097547	0.00023949	2.3093e-07
54	0.9994	0.00036468	0.00023632	8.4831e-08
55	0.99954	0.00023199	0.00023294	5.3875e-08
56	0.99938	0.00039109	0.00022963	8.8795e-08
57	0.99964	0.00013132	0.00022633	2.9179e-08
58	0.99929	0.0004898	0.00022282	1.0843e-07
59	0.99935	0.00042735	0.00021931	9.4334e-08
60	0.99964	0.00014298	0.00021597	3.1132e-08
61	0.99759	0.0021928	0.00021205	4.7334e-07
62	0.98967	0.010125	0.00020704	2.1299e-06
63	0.98172	0.018072	0.00020199	3.7548e-06
64	0.97975	0.02005	0.00019834	4.0931e-06
65	0.98204	0.01776	0.00019568	3.5544e-06
66	0.99204	0.0077662	0.00019446	1.5162e-06
67	0.99459	0.0052138	0.00019164	9.9842e-07
68	0.99744	0.0023702	0.00018878	4.4927e-07
69	0.99973	8.2924e-05	0.0001859	1.5355e-08
70	0.99902	0.00079788	0.00018239	1.4648e-07
71	0.99947	0.00035107	0.0001792	6.227e-08
72	0.99958	0.00024544	0.00017587	4.1965e-08
73	0.99515	0.0046728	0.0001717	7.9065e-07
74	0.99471	0.0051204	0.00016814	8.4944e-07
75	0.99757	0.0022598	0.00016504	3.6755e-07
76	0.9958	0.0040425	0.0001613	6.4448e-07
77	0.99656	0.0032804	0.00015789	5.1148e-07
78	0.99712	0.0027254	0.00015456	4.1187e-07
79	0.99055	0.0092984	0.0001503	1.3575e-06
80	0.98929	0.010563	0.00014677	1.5026e-06
81	0.99106	0.008794	0.00014379	1.2012e-06
82	0.98384	0.016017	0.00013951	2.1332e-06
83	0.98214	0.017721	0.00013612	2.2836e-06
84	0.98449	0.015375	0.00013338	1.8833e-06
85	0.84925	0.15062	0.00011481	1.7422e-05
86	0.80246	0.19741	0.00010691	2.2235e-05
87	0.78507	0.21481	0.00010267	2.3475e-05
88	0.76505	0.23483	9.8199e-05	2.49e-05
89	0.76269	0.23719	9.5687e-05	2.4305e-05
90	0.77723	0.22266	9.5054e-05	2.1771e-05
91	0.81787	0.18202	9.7508e-05	1.6242e-05
92	0.78379	0.2161	9.2191e-05	1.8567e-05
93	0.73895	0.26094	8.6325e-05	2.1531e-05
94	0.58476	0.41513	6.8919e-05	4.0425e-05
95	0.36993	0.62996	4.4052e-05	6.6826e-05
96	0.30311	0.69678	3.6385e-05	7.599e-05
97	0.21488	0.78501	2.6033e-05	8.788e-05
98	0.17958	0.8203	2.2041e-05	9.3448e-05
99	0.17087	0.82902	2.1192e-05	9.5842e-05
100	0.15736	0.84252	1.976e-05	9.8857e-05
101	0.15829	0.84159	2.0064e-05	0.00010011
102	0.17504	0.82484	2.2265e-05	9.9424e-05
103	0.088463	0.91141	1.1359e-05	0.00011189
104	0.058312	0.94156	7.5144e-06	0.00011727
105	0.048434	0.95144	6.258e-06	0.00012003
106	0.033306	0.96657	4.2949e-06	0.00012352
107	0.029571	0.9703	3.8114e-06	0.00012552
108	0.029931	0.96994	3.8716e-06	0.00012699
109	0.035102	0.96477	4.5668e-06	0.00012787
110	0.017015	0.98285	2.2067e-06	0.00013185
111	0.0097482	0.99012	1.2639e-06	0.00013445
112	0.0079674	0.9919	1.0316e-06	0.00013631
113	0.0081071	0.99175	1.0578e-06	0.00013795
114	0.010497	0.98936	1.3936e-06	0.00013931
115	0.011996	0.98786	1.6075e-06	0.00014077
116	0.016787	0.98307	2.2872e-06	0.00014179
117	0.029211	0.97064	4.0737e-06	0.00014175
118	0.05997	0.93988	8.5891e-06	0.00013901
119	0.14779	0.85207	2.1467e-05	0.00012789
120	0.39796	0.60188	5.8191e-05	9.2891e-05
121	0.39316	0.60669	5.81e-05	9.4753e-05
122	0.40437	0.59548	6.0395e-05	9.4193e-05
123	0.44503	0.55481	6.7111e-05	8.9176e-05
124	0.47497	0.52488	7.2429e-05	8.5611e-05
125	0.47512	0.52472	7.3247e-05	8.6604e-05
126	0.49041	0.50943	7.6567e-05	8.5153e-05
127	0.45473	0.54511	7.151e-05	9.204e-05
128	0.44314	0.5567	7.042e-05	9.5019e-05
129	0.44565	0.55419	7.1703e-05	9.5684e-05
130	0.36256	0.63727	5.8827e-05	0.00011057
131	0.26503	0.7348	4.3019e-05	0.00012835
132	0.23553	0.7643	3.8395e-05	0.00013491
133	0.20472	0.79511	3.3348e-05	0.00014185
134	0.19324	0.80658	3.1668e-05	0.00014547
135	0.19334	0.80649	3.2015e-05	0.00014712
136	0.16968	0.83013	2.8213e-05	0.00015297
137	0.1656	0.83421	2.7765e-05	0.00015543
138	0.17069	0.82913	2.8969e-05	0.00015628
139	0.15736	0.84245	2.6899e-05	0.00016047
140	0.15719	0.84262	2.7145e-05	0.0001623
141	0.16666	0.83314	2.9198e-05	0.00016237
142	0.1715	0.82831	3.0459e-05	0.00016329
143	0.18909	0.81071	3.4214e-05	0.00016176
144	0.23246	0.76734	4.316e-05	0.00015509
145	0.26175	0.73805	4.9599e-05	0.00015099
146	0.33151	0.66829	6.4587e-05	0.00013839
147	0.50375	0.49605	0.00010174	0.00010369
148	0.99487	0.0049242	0.00020679	1.0639e-06
149	0.99504	0.0047518	0.00020933	1.0356e-06
150	0.99792	0.0018624	0.00021257	4.0818e-07
151	0.99687	0.0029179	0.00021489	6.401e-07
152	0.99134	0.008441	0.00021635	1.8405e-06
153	0.98595	0.013827	0.00021772	3.0528e-06
154	0.98604	0.013736	0.00022022	3.0765e-06
155	0.9796	0.020176	0.00022135	4.5667e-06
156	0.97966	0.020112	0.00022385	4.6133e-06
157	0.98413	0.015636	0.00022748	3.6265e-06
158	0.98824	0.011527	0.00023098	2.7135e-06
159	0.99938	0.00038768	0.00023628	9.127e-08
160	0.9973	0.002462	0.00023839	5.8764e-07
161	0.9975	0.0022623	0.00024097	5.4884e-07
162	0.99965	0.00010239	0.00024413	2.4799e-08
163	0.99959	0.00015964	0.00024668	3.9113e-08
164	0.99949	0.0002594	0.00024915	6.5108e-08
165	0.99966	8.4407e-05	0.00025179	2.1105e-08
166	0.99358	0.0061702	0.00025298	1.5313e-06
167	0.97351	0.026231	0.00025051	6.6281e-06
168	0.96828	0.031459	0.00025165	8.0477e-06
169	0.97004	0.029702	0.0002545	7.6867e-06
170	0.97797	0.021767	0.00025909	5.675e-06
171	0.98509	0.014642	0.00026343	3.8561e-06
172	0.98539	0.014343	0.00026591	3.8278e-06
173	0.98078	0.018951	0.00026717	5.1186e-06
174	0.97577	0.023955	0.00026822	6.5568e-06
175	0.94921	0.05051	0.00026341	1.3954e-05
176	0.94226	0.057461	0.00026384	1.6046e-05
177	0.94447	0.055244	0.00026673	1.5601e-05
178	0.94476	0.054958	0.0002692	1.5673e-05
179	0.95549	0.044223	0.00027456	1.2785e-05
180	0.98236	0.017347	0.00028477	5.136e-06
181	0.988	0.011703	0.00028907	3.519e-06
182	0.99212	0.0075896	0.00029306	2.3113e-06
183	0.9953	0.0043977	0.00029692	1.3476e-06
184	0.99569	0.0040079	0.00029986	1.2385e-06
185	0.99643	0.0032681	0.00030281	1.0274e-06
186	0.99699	0.0027052	0.00030583	8.6278e-07
187	0.99574	0.0039552	0.00030821	1.2767e-06
188	0.99652	0.0031661	0.00031134	1.0423e-06
189	0.99713	0.00255	0.00031454	8.5552e-07
190	0.97696	0.022725	0.00031103	7.4867e-06
191	0.96951	0.030165	0.00031178	9.999e-06
192	0.96916	0.030514	0.00031473	1.0235e-05
193	0.9589	0.040774	0.00031452	1.3761e-05
194	0.9471	0.052572	0.00031361	1.7917e-05
195	0.89464	0.10502	0.00029901	3.5888e-05
196	0.82592	0.17374	0.00027891	5.9503e-05
197	0.74561	0.25405	0.00025404	8.7805e-05
198	0.71882	0.28083	0.00024711	9.811e-05
199	0.40826	0.5914	0.00013808	0.00021045
200	0.28193	0.71772	9.426e-05	0.00025767
201	0.231	0.76864	7.7043e-05	0.00027839
202	0.21161	0.78803	7.0925e-05	0.0002881
203	0.20891	0.79073	7.0564e-05	0.00029201
204	0.21646	0.78317	7.3901e-05	0.0002923
205	0.23986	0.75978	8.3062e-05	0.00028686
206	0.23811	0.76152	8.3327e-05	0.00029041
207	0.24835	0.75127	8.8112e-05	0.00028954
208	0.2533	0.74631	9.1075e-05	0.00029058
209	0.27417	0.72544	0.00010035	0.00028542
210	0.34575	0.65386	0.00012951	0.00026032
211	0.51181	0.4878	0.00019747	0.00019651
212	0.98535	0.014254	0.00038946	8.6221e-06
213	0.98684	0.012762	0.00039372	8.3716e-06
214	0.51032	0.48928	0.00019978	0.00020156
215	0.31629	0.68331	0.00012191	0.00027876
216	0.23756	0.76204	9.0721e-05	0.00030935
217	0.20633	0.79327	7.8486e-05	0.00032105
218	0.19952	0.80008	7.5698e-05	0.00032326
219	0.20347	0.79613	7.7204e-05	0.00032125
220	0.2216	0.778	8.4409e-05	0.0003136
221	0.28428	0.71532	0.00010908	0.00028844
222	0.42976	0.56985	0.00016708	0.00023001
223	0.53394	0.46566	0.00020904	0.00018771
224	0.53383	0.46577	0.00020883	0.00018751
225	0.53302	0.46658	0.00020824	0.00018764
226	0.42378	0.57582	0.00016518	0.00023033
227	0.31253	0.68707	0.00012091	0.00027417
228	0.26792	0.73168	0.00010338	0.00029135
229	0.21149	0.78812	8.1029e-05	0.00031331
230	0.19308	0.80652	7.3591e-05	0.00032032
231	0.19196	0.80764	7.2906e-05	0.00032054
232	0.1681	0.83151	6.3364e-05	0.00032967
233	0.15981	0.8398	6.0039e-05	0.00033265
234	0.16163	0.83798	6.0698e-05	0.0003317
235	0.17789	0.82172	6.6835e-05	0.00032525
236	0.21826	0.78135	8.2359e-05	0.00030946
237	0.31869	0.68092	0.00012155	0.00027006
238	0.24439	0.75522	9.3096e-05	0.00029838
239	0.22247	0.77714	8.4584e-05	0.00030671
240	0.21578	0.78383	8.2047e-05	0.00030912
241	0.20859	0.79102	7.9244e-05	0.00031176
242	0.2116	0.78801	8.046e-05	0.00031044
243	0.23157	0.76804	8.8197e-05	0.00030256
244	0.29988	0.69973	0.00011438	0.00027619
245	0.45829	0.54132	0.0001759	0.00021455
246	0.84745	0.15216	0.00032908	6.1323e-05
247	0.85257	0.14704	0.00033119	5.9264e-05
248	0.87579	0.12382	0.00034035	5.0097e-05
249	0.93167	0.067938	0.00036275	2.7768e-05
250	0.94565	0.053955	0.00036829	2.224e-05
251	0.93617	0.063441	0.00036434	2.6146e-05
252	0.93509	0.064519	0.00036393	2.6614e-05
253	0.94299	0.056616	0.000367	2.354e-05
254	0.92464	0.074968	0.00035958	3.1036e-05
255	0.91905	0.080555	0.00035749	3.3308e-05
256	0.91361	0.086003	0.00035534	3.5572e-05
257	0.91576	0.083848	0.00035637	3.4747e-05
258	0.92712	0.072492	0.00036122	3.0182e-05
259	0.9254	0.07421	0.00036093	3.0855e-05
260	0.93088	0.068731	0.00036368	2.8584e-05
261	0.94761	0.052001	0.00037122	2.1602e-05
262	0.95009	0.049519	0.00037277	2.0555e-05
263	0.96122	0.038384	0.00037802	1.5895e-05
264	0.99947	0.00013311	0.00039439	5.4978e-08
265	0.9985	0.0011094	0.00039447	4.4314e-07
266	0.99884	0.00076746	0.00039517	3.0402e-07
267	0.99958	2.6314e-05	0.00039595	1.0556e-08
268	0.99952	7.9235e-05	0.00039651	3.1447e-08
269	0.99896	0.00063915	0.00039679	2.5715e-07
270	0.99953	6.9477e-05	0.00039763	2.8081e-08
271	0.99899	0.0006092	0.00039797	2.4817e-07
272	0.99863	0.00097363	0.00039847	3.9589e-07
273	0.99959	1.02e-05	0.00039962	4.094e-09
274	0.99952	8.2646e-05	0.00040029	3.2818e-08
275	0.99861	0.00098448	0.00040073	3.848e-07
276	0.99929	0.00030853	0.00040173	1.1467e-07
277	0.89562	0.10397	0.00036305	3.9446e-05
278	0.85993	0.13966	0.00034992	5.3165e-05
279	0.84941	0.15018	0.00034635	5.7269e-05
280	0.83352	0.16608	0.00034085	6.3385e-05
281	0.76702	0.23258	0.00031565	8.9148e-05
282	0.74126	0.25833	0.0003064	9.9053e-05
283	0.71518	0.28441	0.00029684	0.00010921
284	0.70702	0.29257	0.00029439	0.00011234
285	0.69315	0.30644	0.00028987	0.00011761
286	0.67282	0.32677	0.00028306	0.00012527
287	0.65143	0.34816	0.00027567	0.00013343
288	0.64713	0.35246	0.00027505	0.00013493
289	0.64081	0.35878	0.00027353	0.00013726
290	0.65019	0.34939	0.00027834	0.00013323
291	0.68655	0.31303	0.0002945	0.00011778
292	0.63564	0.36395	0.00027569	0.00013726
293	0.61696	0.38263	0.00026937	0.00014432
294	0.61351	0.38607	0.00026911	0.00014541
295	0.57484	0.42474	0.00025573	0.00015971
296	0.53032	0.46926	0.00023996	0.00017636
297	0.51325	0.48633	0.00023462	0.00018264
298	0.42449	0.57509	0.00020322	0.00021507
299	0.38705	0.61253	0.00019065	0.00022873
300	0.37444	0.62513	0.00018742	0.00023315
301	0.32145	0.67811	0.00016629	0.0002744
302	0.30154	0.698	0.00016161	0.00029968
303	0.29668	0.70284	0.00016462	0.0003177
304	0.30421	0.69529	0.0001742	0.00032965
305	0.33539	0.66409	0.00019587	0.00032936
306	0.40982	0.58964	0.00024188	0.00030518
307	0.6488	0.35063	0.00037891	0.00018979
308	0.81695	0.18246	0.00048852	0.00010242
309	0.98103	0.01836	0.00060193	1.0949e-05
310	0.9787	0.020663	0.00062265	1.2887e-05
311	0.9807	0.018645	0.00064686	1.2076e-05
312	0.99016	0.0091601	0.00067583	6.2014e-06
313	0.99177	0.0075282	0.00070059	5.2871e-06
314	0.99274	0.006532	0.00072571	4.7344e-06
315	0.99889	0.00035956	0.00075437	2.6962e-07
316	0.93501	0.06421	0.00072786	5.0593e-05
317	0.91333	0.085867	0.00073206	6.9895e-05
318	0.90561	0.09356	0.00074773	7.8421e-05
319	0.90617	0.092983	0.00077087	8.0191e-05
320	0.91828	0.080848	0.00080383	7.1811e-05
321	0.9511	0.048001	0.00085732	4.3706e-05
322	0.95997	0.0391	0.00088942	3.6603e-05
323	0.966	0.033049	0.00092006	3.1707e-05
324	0.98888	0.010144	0.00096713	9.9883e-06
325	0.98917	0.0098265	0.00099335	9.8862e-06
326	0.99391	0.0050655	0.0010238	5.1972e-06
327	0.99893	1.234e-05	0.0010544	1.2928e-08
328	0.99631	0.0026114	0.0010778	2.777e-06
329	0.99621	0.0026851	0.0011034	2.9234e-06
330	0.99886	1.0811e-05	0.0011317	1.1706e-08
331	0.99737	0.0014708	0.0011549	1.6692e-06
332	0.97674	0.022078	0.0011552	2.5806e-05
333	0.96908	0.029718	0.001171	3.5329e-05
334	0.96856	0.030208	0.0011946	3.6609e-05
335	0.97461	0.024138	0.0012261	2.9779e-05
336	0.9969	0.0018242	0.0012778	2.2877e-06
337	0.99439	0.004301	0.0012995	5.5132e-06
338	0.99468	0.0039872	0.0013245	5.2063e-06
339	0.99858	6.1899e-05	0.0013539	8.358e-08
340	0.99839	0.00023267	0.0013786	3.2249e-07
341	0.99772	0.00087245	0.0014035	1.218e-06
342	0.99857	1.1192e-06	0.0014301	2.5607e-09
343	0.99759	0.00097691	0.0014355	1.4056e-06
344	0.99702	0.0015403	0.0014413	2.2439e-06
345	0.99797	0.00058066	0.0014497	8.477e-07
346	0.99701	0.001531	0.0014551	2.2526e-06
347	0.99597	0.0025653	0.0014606	3.7697e-06
348	0.997	0.0015293	0.0014691	2.2708e-06
349	0.99454	0.0039821	0.0014722	5.9966e-06
350	0.99453	0.0039891	0.0014793	6.0376e-06
351	0.99695	0.0015563	0.0014904	2.3519e-06
352	0.99158	0.0069216	0.0014895	1.0447e-05
353	0.99096	0.0075287	0.0014956	1.146e-05
354	0.99325	0.0052321	0.0015065	8.0106e-06
355	0.99222	0.0062609	0.0015121	9.6624e-06
356	0.99379	0.0046843	0.001522	7.269e-06
357	0.99572	0.0027454	0.0015324	4.3379e-06
358	0.9954	0.0030568	0.0015396	4.8566e-06
359	0.99701	0.0014405	0.0015501	2.3167e-06
360	0.99841	2.8422e-05	0.0015607	5.6155e-08
361	0.99805	0.00037904	0.0015686	8.0488e-07
362	0.99796	0.0004587	0.0015772	1.179e-06
363	0.9972	0.0012193	0.0015754	2.2941e-06
364	0.99684	0.0015826	0.001574	2.8052e-06
365	0.99645	0.0019699	0.0015729	3.3631e-06
366	0.99604	0.0023799	0.0015718	3.952e-06
367	0.99604	0.0023816	0.0015713	3.922e-06
368	0.99806	0.00036696	0.0015743	5.9548e-07
369	0.99801	0.00042024	0.0015738	6.6847e-07
370	0.99574	0.0026843	0.0015696	4.2574e-06
371	0.99564	0.0027824	0.0015692	4.3864e-06
372	0.99831	0.00011567	0.0015729	1.854e-07
373	0.99821	0.00021856	0.0015725	3.4888e-07
374	0.99599	0.00244	0.001569	3.8408e-06
375	0.99384	0.0045861	0.0015654	7.2524e-06
376	0.99401	0.0044148	0.0015657	6.9632e-06
377	0.99734	0.001087	0.0015709	1.736e-06
378	0.99802	0.00040406	0.0015721	6.5034e-07
379	0.99805	0.00037554	0.0015725	5.9996e-07
380	0.99745	0.00098029	0.0015721	1.5387e-06
381	0.99843	1.1049e-07	0.001574	1.8928e-10
382	0.99736	0.0010675	0.0015738	1.6818e-06
383	0.99651	0.0019124	0.0015738	3.0354e-06
384	0.9973	0.0011248	0.0015767	1.7766e-06
385	0.99833	9.2408e-05	0.0015798	1.4776e-07
386	0.99841	7.4236e-06	0.0015816	1.1718e-08
387	0.99841	3.677e-06	0.0015832	7.2276e-09
388	0.99719	0.0012233	0.0015821	2.5215e-06
389	0.99592	0.0024986	0.001581	5.2905e-06
390	0.99647	0.0019385	0.0015835	4.6694e-06
391	0.97984	0.018569	0.0015464	4.3876e-05
392	0.9628	0.035612	0.0015073	8.4965e-05
393	0.9565	0.041904	0.0014934	0.000101
394	0.92981	0.068596	0.0014302	0.00016627
395	0.92024	0.078158	0.001408	0.00019079
396	0.92075	0.077645	0.0014072	0.00019386
397	0.90661	0.091793	0.0013798	0.00021385
398	0.89049	0.10792	0.001349	0.0002371
399	0.88604	0.11238	0.0013378	0.00024103
400	0.89345	0.10498	0.0013482	0.00022331
401	0.91655	0.081889	0.0013907	0.00017365
402	0.97166	0.026785	0.0015005	5.7075e-05
403	0.96845	0.030003	0.0014899	6.1081e-05
404	0.97035	0.028101	0.0014887	5.6065e-05
405	0.98189	0.016568	0.0015057	3.2741e-05
406	0.98465	0.013817	0.0015049	2.6903e-05
407	0.99318	0.005292	0.0015154	1.0172e-05
408	0.99522	0.0032616	0.001513	6.1512e-06
409	0.99247	0.0060212	0.0015023	1.0313e-05
410	0.99255	0.0059468	0.0014964	9.9656e-06
411	0.99531	0.0031911	0.001495	5.2605e-06
412	0.99843	7.3732e-05	0.001494	1.2171e-07
413	0.99848	2.6844e-05	0.0014882	4.0773e-08
414	0.99553	0.0029872	0.0014783	4.3497e-06
415	0.9519	0.046622	0.0014087	6.8174e-05
416	0.93911	0.05942	0.0013842	8.6758e-05
417	0.93794	0.060591	0.0013766	8.8265e-05
418	0.9345	0.064043	0.0013662	9.2963e-05
419	0.93765	0.060895	0.0013657	8.7913e-05
420	0.95294	0.045611	0.0013825	6.5444e-05
421	0.95497	0.04359	0.0013798	6.2333e-05
422	0.96674	0.031821	0.0013907	4.5506e-05
423	0.99742	0.0011468	0.0014289	1.6512e-06
424	0.98329	0.01528	0.0014025	2.2232e-05
425	0.97791	0.020675	0.0013893	2.9881e-05
426	0.97727	0.021321	0.0013833	3.0624e-05
427	0.97621	0.022377	0.001377	3.1873e-05
428	0.98063	0.017969	0.0013783	2.5427e-05
429	0.99763	0.00097129	0.001397	1.3955e-06
430	0.99621	0.0023976	0.0013899	3.3949e-06
431	0.97755	0.021064	0.0013583	2.9787e-05
432	0.97073	0.027888	0.001344	3.9169e-05
433	0.94679	0.051833	0.0013056	7.2587e-05
434	0.91346	0.085164	0.001255	0.00011832
435	0.90117	0.097466	0.0012342	0.00013456
436	0.6992	0.29943	0.00096036	0.000404
437	0.62894	0.3697	0.00086283	0.00049707
438	0.60613	0.39252	0.00082912	0.00052623
439	0.2561	0.74255	0.0003505	0.0010002
440	0.13329	0.86536	0.00018141	0.0011646
441	0.095123	0.90354	0.00012819	0.001213
442	0.080303	0.91836	0.00010765	0.0012289
443	0.077363	0.92131	0.00010312	0.0012288
444	0.082776	0.9159	0.00010956	0.0012176
445	0.076873	0.92181	0.00010082	0.0012216
446	0.078156	0.92053	0.00010185	0.0012159
447	0.08697	0.91172	0.00011276	0.0012005
448	0.069411	0.92928	8.8833e-05	0.0012199
449	0.063547	0.93515	8.0731e-05	0.0012236
450	0.06628	0.93242	8.3649e-05	0.0012162
451	0.055393	0.94331	6.9148e-05	0.0012264
452	0.053676	0.94503	6.6448e-05	0.0012247
453	0.057345	0.94137	7.0649e-05	0.0012163
454	0.058024	0.94069	7.1181e-05	0.0012116
455	0.064975	0.93375	7.9675e-05	0.0011992
456	0.068989	0.92974	8.458e-05	0.0011904
457	0.081907	0.91682	0.0001009	0.0011704
458	0.090052	0.90868	0.00011127	0.0011564
459	0.1205	0.87824	0.00014977	0.0011143
460	0.15007	0.84867	0.00018651	0.0010738
461	0.21944	0.7793	0.000274	0.00098276
462	0.39027	0.60847	0.00049226	0.00076108
463	0.43479	0.56396	0.00054733	0.00070253
464	0.56432	0.43443	0.00070792	0.00053838
465	0.97832	0.020438	0.0012171	2.5517e-05
466	0.97982	0.018945	0.0012156	2.3569e-05
467	0.98821	0.010554	0.0012225	1.3165e-05
468	0.99483	0.0039368	0.0012275	4.8855e-06
469	0.99434	0.0044344	0.0012234	5.4973e-06
470	0.99618	0.0025918	0.0012225	3.1878e-06
471	0.99842	0.00036221	0.0012219	4.4985e-07
472	0.99841	0.00036622	0.0012187	4.5184e-07
473	0.99781	0.00097646	0.0012151	1.1839e-06
474	0.99865	0.00013448	0.001213	1.6232e-07
475	0.99863	0.00016349	0.0012098	2.0081e-07
476	0.99837	0.00041899	0.0012065	5.1181e-07
477	0.99839	0.00040424	0.0012038	4.8663e-07
478	0.99875	5.0042e-05	0.0012014	6.0101e-08
479	0.99821	0.00059202	0.0011977	7.1977e-07
480	0.99877	3.0974e-05	0.0011956	3.8164e-08
481	0.99537	0.0034334	0.0011886	4.2292e-06
482	0.99462	0.0041881	0.001185	5.1458e-06
483	0.99596	0.0028533	0.0011841	3.5143e-06
484	0.95768	0.041136	0.0011348	5.0216e-05
485	0.78649	0.21233	0.0009267	0.00025586
486	0.71731	0.28151	0.00084304	0.00033728
487	0.40004	0.59878	0.00047109	0.00070716
488	0.30088	0.69795	0.00035342	0.00082268
489	0.25859	0.74023	0.00030372	0.00087036
490	0.097262	0.90157	0.00011435	0.0010576
491	0.046734	0.9521	5.4482e-05	0.0011154
492	0.026245	0.97259	3.0558e-05	0.0011373
493	0.020308	0.97853	2.3521e-05	0.0011423
494	0.018629	0.98021	2.1548e-05	0.0011423
495	0.020236	0.9786	2.3459e-05	0.0011385
496	0.014836	0.984	1.7203e-05	0.0011429
497	0.014357	0.98449	1.6602e-05	0.0011416
498	0.018081	0.98076	2.0788e-05	0.0011354
499	0.014691	0.98415	1.684e-05	0.0011375
500	0.015445	0.9834	1.7621e-05	0.0011348
501	0.019423	0.97943	2.2141e-05	0.0011284
502	0.032168	0.96668	3.6514e-05	0.0011122
503	0.068962	0.92989	7.7611e-05	0.0010692
504	0.15934	0.83952	0.00017977	0.00096527
505	0.18168	0.81718	0.00020444	0.00093878
506	0.23528	0.76357	0.00026476	0.00087673
507	0.38926	0.6096	0.00043664	0.00070308
508	0.5062	0.49266	0.0005684	0.00056969
509	0.79399	0.20487	0.00089735	0.00023925
510	0.99645	0.0024098	0.0011308	4.4989e-06
511	0.99575	0.0031218	0.0011192	4.9696e-06
512	0.99734	0.0015484	0.0011104	2.3939e-06
513	0.9972	0.001701	0.0010995	2.3748e-06
514	0.99495	0.0039615	0.0010865	4.7924e-06
515	0.99507	0.0038447	0.0010766	4.5002e-06
516	0.99855	0.00037442	0.0010702	4.3042e-07
517	0.99582	0.0031185	0.0010567	3.3566e-06
518	0.99541	0.0035396	0.0010461	3.7483e-06
519	0.99782	0.0011426	0.0010381	1.2096e-06
520	0.98429	0.014677	0.0010133	1.5475e-05
521	0.98042	0.018563	0.00099849	1.9451e-05
522	0.97665	0.022345	0.00098365	2.3307e-05
523	0.90906	0.089942	0.00090331	9.3011e-05
524	0.88623	0.11279	0.00086981	0.00011571
525	0.8783	0.12073	0.00085242	0.00012263
526	0.86603	0.13301	0.00083134	0.00013357
527	0.86432	0.13472	0.0008212	0.00013386
528	0.87271	0.12635	0.00082127	0.00012428
529	0.86863	0.13044	0.00080899	0.00012688
530	0.86431	0.13476	0.00079629	0.00012973
531	0.86969	0.1294	0.00079314	0.00012337
532	0.85979	0.13931	0.00077553	0.00013132
533	0.85982	0.13928	0.00076757	0.00012992
534	0.87306	0.12606	0.00077127	0.00011671
535	0.85141	0.14771	0.00074402	0.00013477
536	0.84704	0.15209	0.00073216	0.00013731
537	0.85211	0.14703	0.00072899	0.00013143
538	0.85682	0.14233	0.00072517	0.00012605
539	0.87432	0.12484	0.00073261	0.00010969
540	0.91754	0.081623	0.00076234	7.1319e-05
541	0.94829	0.050886	0.00078124	4.4054e-05
542	0.93339	0.06579	0.00076156	5.5625e-05
543	0.92935	0.069836	0.00075124	5.8131e-05
544	0.683	0.3162	0.00054926	0.00025215
545	0.60634	0.39287	0.00048315	0.00031017
546	0.58115	0.41806	0.00045826	0.00032686
547	0.27615	0.72307	0.00021272	0.00056409
548	0.15196	0.84728	0.00011477	0.00065394
549	0.10157	0.89767	7.5652e-05	0.00068514
550	0.034648	0.9646	2.5672e-05	0.00072738
551	0.013688	0.98557	9.9887e-06	0.00073526
552	0.0072275	0.99204	5.1234e-06	0.00073227
553	0.004755	0.99452	3.2863e-06	0.00072642
554	0.0041401	0.99514	2.8156e-06	0.00071936
555	0.0054444	0.99384	3.6553e-06	0.00071093
556	0.0055492	0.99374	3.6661e-06	0.00070348
557	0.0074224	0.99188	4.8798e-06	0.00069498
558	0.012678	0.98663	8.3606e-06	0.00068436
559	0.016031	0.98328	1.0537e-05	0.0006752
560	0.025287	0.97403	1.6686e-05	0.00066222
561	0.048418	0.95091	3.2196e-05	0.00064002
562	0.10189	0.89744	6.82e-05	0.00059746
563	0.27259	0.72675	0.00018109	0.00047796
564	0.75879	0.24056	0.00049653	0.00015584
565	0.75177	0.24758	0.00048678	0.00015881
566	0.756	0.24336	0.00048457	0.00015444
567	0.78295	0.21642	0.00049642	0.00013591
568	0.7631	0.23627	0.00047908	0.00014677
569	0.76085	0.23853	0.00047266	0.00014662
570	0.77097	0.22842	0.00047415	0.00013878
571	0.38423	0.61517	0.00023629	0.00037019
572	0.26316	0.73624	0.00016089	0.00043906
573	0.22602	0.77339	0.00013678	0.00045656
574	0.093731	0.90568	5.5723e-05	0.00053094
575	0.036344	0.96308	2.1406e-05	0.00055872
576	0.016242	0.98318	9.3835e-06	0.00056416
577	0.0080974	0.99134	4.6225e-06	0.00056247
578	0.0054573	0.99398	3.0575e-06	0.00055754
579	0.0046904	0.99476	2.593e-06	0.00055163
580	0.003361	0.99609	1.8162e-06	0.00054599
581	0.0032906	0.99617	1.7512e-06	0.00053977
582	0.0044185	0.99505	2.335e-06	0.00053303
583	0.0049888	0.99448	2.5977e-06	0.00052656
584	0.0045653	0.99491	2.3511e-06	0.00052073
585	0.0054307	0.99405	2.7844e-06	0.00051434
586	0.0025146	0.99697	1.269e-06	0.00050984
587	0.0017907	0.9977	8.8018e-07	0.00050418
588	0.0017477	0.99775	8.4304e-07	0.00049827
589	0.0023538	0.99715	1.1252e-06	0.00049216
590	0.0040573	0.99546	1.9356e-06	0.00048563
591	0.0098838	0.98963	4.6576e-06	0.00047714
592	0.0049567	0.99457	2.2859e-06	0.00047386
593	0.0028862	0.99664	1.3093e-06	0.0004693
594	0.0021406	0.99739	9.6393e-07	0.00046421
595	0.002168	0.99737	9.7918e-07	0.00045886
596	0.0033787	0.99617	1.5222e-06	0.00045295
597	0.0077476	0.9918	3.4485e-06	0.00044561
598	0.010223	0.98933	4.5139e-06	0.00043923
599	0.0166	0.98296	7.3101e-06	0.00043122
600	0.032601	0.96697	1.4382e-05	0.00041904
601	0.078428	0.92114	3.4273e-05	0.00039401
602	0.20904	0.79054	8.983e-05	0.00033326
603	0.62541	0.37417	0.0002631	0.00015475
604	0.63207	0.36751	0.00026245	0.00015007
605	0.66652	0.33307	0.00027273	0.00013437
606	0.74869	0.25091	0.00030201	9.9822e-05
607	0.77093	0.22867	0.00030662	8.9847e-05
608	0.79304	0.20657	0.00031076	8.0255e-05
609	0.85077	0.14885	0.00032851	5.7226e-05
610	0.86431	0.13531	0.00032892	5.1444e-05
611	0.89915	0.10048	0.00033733	3.7823e-05
612	0.98634	0.013285	0.00036516	4.9691e-06
613	0.99277	0.0068642	0.00036276	2.5194e-06
614	0.99947	0.00016912	0.00036027	6.2096e-08
615	0.99958	6.309e-05	0.00035551	2.2968e-08
616	0.99931	0.00034338	0.00035078	1.2181e-07
617	0.99837	0.0012883	0.00034572	4.5587e-07
618	0.9988	0.00086302	0.00034129	3.0407e-07
619	0.965	0.034665	0.00032534	1.183e-05
620	0.95195	0.047718	0.00031688	1.6015e-05
621	0.95022	0.049456	0.00031215	1.6392e-05
622	0.34765	0.65203	0.00011344	0.0002109
623	0.13609	0.86359	4.3864e-05	0.00027621
624	0.061868	0.93782	1.9487e-05	0.00029629
625	0.029709	0.96998	9.1801e-06	0.00030238
626	0.016703	0.98299	5.1044e-06	0.00030233
627	0.012514	0.98718	3.7654e-06	0.00029951
628	0.012117	0.98758	3.5822e-06	0.00029549
629	0.014147	0.98556	4.127e-06	0.00029082
630	0.020107	0.9796	5.8173e-06	0.00028509
631	0.040145	0.95957	1.1453e-05	0.00027537
632	0.089449	0.91027	2.5356e-05	0.00025747
633	0.23001	0.76971	6.4145e-05	0.00021464
634	0.6304	0.36933	0.00017207	0.00010263
635	0.72046	0.27927	0.000194	7.6732e-05
636	0.94267	0.057059	0.00025145	1.5444e-05
637	0.94509	0.054647	0.00024864	1.4546e-05
638	0.95845	0.041291	0.0002486	1.0804e-05
639	0.99877	0.00097107	0.00025529	2.5394e-07
640	0.99955	0.00019382	0.00025177	5.018e-08
641	0.99809	0.0016661	0.00024761	4.2335e-07
642	0.99659	0.0031701	0.00024358	7.8892e-07
643	0.99757	0.0021861	0.00024008	5.4449e-07
644	0.99669	0.0030715	0.00023625	7.5473e-07
645	0.99776	0.0020027	0.00023303	4.9051e-07
646	0.95576	0.044008	0.00021937	1.0571e-05
647	0.93824	0.061537	0.00021196	1.452e-05
648	0.935	0.064777	0.00020786	1.5085e-05
649	0.86147	0.13831	0.00018796	3.1562e-05
650	0.83046	0.16932	0.00017825	3.7956e-05
651	0.82369	0.1761	0.00017391	3.89e-05
652	0.78117	0.21862	0.00016209	4.7433e-05
653	0.76855	0.23124	0.00015676	4.9411e-05
654	0.76807	0.23172	0.00015415	4.8775e-05
655	0.74245	0.25735	0.00014658	5.3198e-05
656	0.73744	0.26236	0.00014318	5.3384e-05
657	0.74384	0.25597	0.00014216	5.1292e-05
658	0.74664	0.25317	0.00014052	4.9917e-05
659	0.76785	0.23196	0.00014229	4.5079e-05
660	0.8203	0.17952	0.00014997	3.4414e-05
661	0.83346	0.16636	0.00014991	3.1425e-05
662	0.8703	0.12953	0.00015425	2.4142e-05
663	0.95696	0.042862	0.00016764	7.8901e-06
664	0.95446	0.045371	0.00016461	8.1714e-06
665	0.95917	0.040665	0.00016277	7.1953e-06
666	0.97673	0.023099	0.00016303	4.0505e-06
667	0.97974	0.020099	0.00016083	3.4636e-06
668	0.98212	0.017718	0.00015861	2.9916e-06
669	0.99232	0.0075194	0.00015759	1.2557e-06
670	0.99978	6.5976e-05	0.00015617	1.0803e-08
671	0.99921	0.00063543	0.00015335	9.9079e-08
672	0.99977	7.7122e-05	0.0001508	1.1748e-08
673	0.99701	0.0028439	0.00014784	4.1559e-07
674	0.99689	0.0029643	0.00014522	4.2567e-07
675	0.99959	0.0002649	0.00014293	3.8431e-08
676	0.99892	0.00093644	0.00014025	1.3437e-07
677	0.99866	0.0012029	0.00013772	1.6926e-07
678	0.99986	4.9522e-06	0.00013549	6.7992e-10
679	0.99978	8.7912e-05	0.00013302	1.1919e-08
680	0.99873	0.0011432	0.0001305	1.5072e-07
681	0.99902	0.00085201	0.00012824	1.0956e-07
682	0.99861	0.0012671	0.00012583	1.6024e-07
683	0.99821	0.0016659	0.00012349	2.053e-07
684	0.99987	1.3481e-05	0.00012135	1.6515e-09
685	0.99735	0.002532	0.00011863	3.0861e-07
686	0.99708	0.0028047	0.00011628	3.3504e-07
687	0.99882	0.0010665	0.00011425	1.2505e-07
688	0.99901	0.00087421	0.00011212	9.8823e-08
689	0.99834	0.0015525	0.00010983	1.7045e-07
690	0.99955	0.00034241	0.00010769	3.7237e-08
691	0.99986	3.3028e-05	0.00010552	3.5692e-09
692	0.99946	0.00043628	0.00010334	4.5629e-08
693	0.99789	0.0020133	0.00010113	2.0397e-07
694	0.99144	0.0084605	9.8512e-05	8.2939e-07
695	0.99051	0.0093932	9.6396e-05	9.0222e-07
696	0.99249	0.0074105	9.4627e-05	6.9128e-07
697	0.98567	0.014238	9.1987e-05	1.3005e-06
698	0.98465	0.015264	8.9844e-05	1.3635e-06
699	0.98389	0.016018	8.767e-05	1.4008e-06
700	0.98249	0.017419	8.552e-05	1.4863e-06
701	0.98585	0.01406	8.3723e-05	1.1682e-06
702	0.99948	0.00043645	8.2684e-05	3.5501e-08
703	0.99872	0.0011972	8.0524e-05	9.5218e-08
704	0.99952	0.00040253	7.8438e-05	3.1038e-08
705	0.99979	0.00013871	7.6252e-05	1.0563e-08
706	0.99737	0.0025547	7.3806e-05	1.9328e-07
707	0.99707	0.0028617	7.1591e-05	2.1012e-07
708	0.99864	0.0012872	6.9574e-05	9.1865e-08
709	0.99713	0.0027978	6.7282e-05	1.9317e-07
710	0.99748	0.0024543	6.5182e-05	1.6424e-07
711	0.99993	2.5679e-06	6.3278e-05	1.6525e-10
712	0.98711	0.012827	6.0333e-05	7.92e-07
713	0.97284	0.027098	5.73e-05	1.6226e-06
714	0.96813	0.031811	5.4953e-05	1.8338e-06
715	0.89819	0.10176	4.8951e-05	5.6519e-06
716	0.8705	0.12944	4.5588e-05	6.8935e-06
717	0.86316	0.13679	4.3325e-05	6.9902e-06
718	0.85572	0.14423	4.1036e-05	7.063e-06
719	0.85777	0.14218	3.9277e-05	6.6598e-06
720	0.87189	0.12807	3.8104e-05	5.7297e-06
721	0.78824	0.21172	3.2861e-05	8.927e-06
722	0.76011	0.23985	3.0101e-05	9.5998e-06
723	0.75533	0.24464	2.8293e-05	9.2749e-06
724	0.72449	0.27547	2.5521e-05	9.8682e-06
725	0.71484	0.28513	2.3654e-05	9.6093e-06
726	0.71805	0.28192	2.2279e-05	8.9089e-06
727	0.74362	0.25635	2.15e-05	7.5697e-06
728	0.80578	0.19419	2.1658e-05	5.3381e-06
729	0.95051	0.049462	2.3725e-05	1.2438e-06
730	0.94945	0.050524	2.1827e-05	1.1622e-06
731	0.95642	0.043557	2.006e-05	9.072e-07
732	0.9752	0.024779	1.8543e-05	4.4871e-07
733	0.97935	0.02063	1.665e-05	3.2351e-07
734	0.97785	0.022135	1.4614e-05	2.9774e-07
735	0.98085	0.019138	1.2693e-05	2.0981e-07
736	0.97783	0.02216	1.0751e-05	1.9359e-07
737	0.82869	0.1713	7.8139e-06	1.1258e-06
738	0.76852	0.23147	5.9274e-06	1.0531e-06
739	0.55154	0.44845	4.4522e-06	2.4291e-06
740	0.48418	0.51581	3.9594e-06	2.801e-06
741	0.46533	0.53466	3.7753e-06	2.8429e-06
742	0.43705	0.56294	3.5447e-06	2.9264e-06
743	0.43154	0.56846	3.449e-06	2.8546e-06
744	0.4443	0.5557	3.4611e-06	2.6538e-06
745	0.43757	0.56243	3.8569e-06	3.3376e-06
746	0.44439	0.5556	4.3651e-06	3.9225e-06
747	0.47064	0.52935	5.0693e-06	4.3256e-06
748	0.47261	0.52738	5.5763e-06	4.8982e-06
749	0.4974	0.50259	6.3166e-06	5.2096e-06
750	0.56237	0.43761	7.5913e-06	5.002e-06
751	0.77184	0.22815	1.0775e-05	2.8563e-06
752	0.81824	0.18174	1.2225e-05	2.4646e-06
753	0.96865	0.03133	1.5253e-05	4.6213e-07
754	0.96943	0.030552	1.6277e-05	4.8496e-07
755	0.97767	0.022307	1.7397e-05	3.7917e-07
756	0.99836	0.0016212	1.8782e-05	2.9869e-08
757	0.99829	0.0016913	1.984e-05	3.3405e-08
758	0.99985	0.00012612	2.0956e-05	2.661e-09
759	0.99997	9.2464e-06	2.2068e-05	2.0788e-10
760	0.99991	6.2958e-05	2.3207e-05	1.4842e-09
761	0.99989	8.9166e-05	2.4372e-05	2.2057e-09
762	0.99931	0.00066094	2.5485e-05	1.7387e-08
763	0.99762	0.002357	2.6598e-05	6.437e-08
764	0.99773	0.0022372	2.7786e-05	6.3785e-08
765	0.9999	6.737e-05	2.9069e-05	1.9706e-09
766	0.99917	0.00080316	3.0206e-05	2.4335e-08
767	0.99871	0.0012561	3.1313e-05	3.9811e-08
768	0.99961	0.00035546	3.2493e-05	1.1772e-08
769	0.99979	0.00017939	3.3681e-05	6.1089e-09
770	0.99899	0.00097106	3.4799e-05	3.4276e-08
771	0.99829	0.0016726	3.5954e-05	6.06e-08
772	0.99796	0.0020009	3.708e-05	7.5165e-08
773	0.99927	0.00069395	3.8301e-05	2.6963e-08
774	0.99956	0.00039952	3.9447e-05	1.6383e-08
775	0.99789	0.0020709	4.0544e-05	8.6936e-08
776	0.9959	0.0040547	4.1657e-05	1.7426e-07
777	0.99623	0.0037276	4.2905e-05	1.6471e-07
778	0.99454	0.0054137	4.4022e-05	2.4596e-07
779	0.9952	0.0047585	4.5277e-05	2.2247e-07
780	0.99868	0.001277	4.6706e-05	6.1748e-08
781	0.99577	0.0041772	4.7875e-05	2.0238e-07
782	0.99316	0.0067874	4.9006e-05	3.3782e-07
783	0.99329	0.0066605	5.0309e-05	3.3933e-07
784	0.99346	0.0064853	5.1574e-05	3.3904e-07
785	0.99646	0.0034835	5.3031e-05	1.8547e-07
786	0.99983	0.0001126	5.447e-05	6.073e-09
787	0.99895	0.00099156	5.5721e-05	5.3812e-08
788	0.99848	0.0014644	5.6948e-05	8.117e-08
789	0.99952	0.00042573	5.8307e-05	2.1249e-08
790	0.9966	0.0033369	6.4236e-05	2.1379e-07
791	0.99648	0.0034493	7.0232e-05	2.4483e-07
792	0.99846	0.001464	7.656e-05	1.1547e-07
793	0.99713	0.0027888	8.2536e-05	2.4081e-07
794	0.99761	0.0022986	8.8837e-05	2.17e-07
795	0.99611	0.0037956	9.5129e-05	3.8311e-07
796	0.9711	0.028797	9.9102e-05	3.0547e-06
797	0.961	0.038891	0.00010461	4.3835e-06
798	0.95873	0.041155	0.00011111	4.9244e-06
799	0.96425	0.035624	0.00011843	4.5336e-06
800	0.96778	0.032088	0.00012577	4.3228e-06
801	0.97989	0.019974	0.0001346	2.8453e-06
802	0.98928	0.010575	0.00014346	1.5768e-06
803	0.9873	0.012546	0.00015056	1.9522e-06
804	0.98979	0.01005	0.00015821	1.642e-06
805	0.98066	0.019169	0.00016417	3.2435e-06
806	0.97883	0.020991	0.00017115	3.7109e-06
807	0.98107	0.018747	0.00017907	3.4533e-06
808	0.98219	0.017618	0.00018704	3.3682e-06
809	0.97794	0.021867	0.00019385	4.3361e-06
810	0.97957	0.020229	0.00020165	4.1678e-06
811	0.98954	0.010246	0.00021111	2.2174e-06
812	0.99919	0.00059033	0.00022049	2.1056e-07
813	0.99899	0.00078367	0.00022214	2.3136e-07
814	0.99409	0.0056844	0.0002226	1.3839e-06
815	0.99329	0.0064892	0.00022395	1.5946e-06
816	0.99516	0.0046149	0.00022601	1.1713e-06
817	0.99005	0.0097258	0.00022648	2.4381e-06
818	0.98888	0.010892	0.00022798	2.7523e-06
819	0.99079	0.008976	0.0002303	2.3182e-06
820	0.98859	0.011171	0.00023172	2.8877e-06
821	0.99024	0.0095262	0.00023401	2.5256e-06
822	0.99661	0.003155	0.00023759	9.7791e-07
823	0.99616	0.0036007	0.00023935	1.1696e-06
824	0.99544	0.0043208	0.0002411	1.4627e-06
825	0.99698	0.0027754	0.00024358	1.1273e-06
826	0.99289	0.0068644	0.00024128	2.0948e-06
827	0.99263	0.0071297	0.00023989	2.0922e-06
828	0.99532	0.0044413	0.0002394	1.2814e-06
829	0.99529	0.0044743	0.00023807	1.2462e-06
830	0.99538	0.0043771	0.00023671	1.1913e-06
831	0.99807	0.0016903	0.0002361	4.6734e-07
832	0.97969	0.020075	0.00023014	5.041e-06
833	0.97297	0.026797	0.00022721	6.6634e-06
834	0.97212	0.027649	0.00022582	6.8388e-06
835	0.9703	0.029464	0.00022429	7.2306e-06
836	0.95947	0.040299	0.00022053	9.7818e-06
837	0.95686	0.042915	0.00021885	1.0347e-05
838	0.90227	0.097502	0.00020486	2.3164e-05
839	0.8795	0.12027	0.00019858	2.8336e-05
840	0.87417	0.1256	0.0001963	2.946e-05
841	0.84387	0.15591	0.00018814	3.6417e-05
842	0.80071	0.19907	0.00017723	4.6181e-05
843	0.74014	0.25964	0.00016266	5.9682e-05
844	0.71529	0.28449	0.00015638	6.4943e-05
845	0.70874	0.29104	0.00015431	6.6067e-05
846	0.71483	0.28495	0.00015514	6.4351e-05
847	0.74686	0.25292	0.00016168	5.6881e-05
848	0.85293	0.14685	0.00018437	3.3209e-05
849	0.928	0.071784	0.00020029	1.6368e-05
850	0.93097	0.068819	0.00020019	1.562e-05
851	0.94633	0.053452	0.00020276	1.2157e-05
852	0.98609	0.013694	0.00021085	3.2421e-06
853	0.98363	0.016157	0.00020956	3.7819e-06
854	0.98508	0.014712	0.00020922	3.4421e-06
855	0.99167	0.008115	0.00021011	1.9404e-06
856	0.98302	0.01677	0.00020767	3.8504e-06
857	0.94355	0.056242	0.00019859	1.2461e-05
858	0.76487	0.23492	0.00015972	5.0921e-05
859	0.51943	0.48036	0.00010736	0.00010293
860	0.44305	0.55674	9.0781e-05	0.00011912
861	0.4133	0.58649	8.434e-05	0.00012522
862	0.40875	0.59104	8.3154e-05	0.00012603
863	0.41773	0.58206	8.4848e-05	0.00012401
864	0.44798	0.55181	9.1035e-05	0.00011754
865	0.54913	0.45067	0.00011169	9.6562e-05
866	0.78333	0.21647	0.00016023	4.7751e-05
867	0.79952	0.20027	0.00016326	4.4397e-05
868	0.70874	0.29105	0.00014331	6.4097e-05
869	0.57989	0.4199	0.00011549	9.1712e-05
870	0.52482	0.47498	0.0001037	0.00010334
871	0.44743	0.55236	8.7414e-05	0.00011952
872	0.42194	0.57785	8.1919e-05	0.00012486
873	0.41947	0.58032	8.1179e-05	0.00012542
874	0.41644	0.58336	8.0261e-05	0.00012611
875	0.42613	0.57366	8.1974e-05	0.00012422
876	0.45784	0.54195	8.8119e-05	0.00011794
877	0.43791	0.56188	8.3854e-05	0.00012212
878	0.43688	0.56292	8.3449e-05	0.00012241
879	0.44915	0.55064	8.5784e-05	0.00012
880	0.43708	0.56271	8.3215e-05	0.00012253
881	0.43827	0.56152	8.3419e-05	0.00012234
882	0.43702	0.56277	8.3071e-05	0.00012267
883	0.4338	0.56599	8.2261e-05	0.00012342
884	0.42511	0.57468	8.0383e-05	0.00012528
885	0.42906	0.57074	8.1134e-05	0.00012455
886	0.40525	0.59454	7.6283e-05	0.00012947
887	0.39868	0.60112	7.4995e-05	0.00013087
888	0.40544	0.59435	7.6466e-05	0.00012956
889	0.40633	0.59347	7.6794e-05	0.00012944
890	0.40213	0.59766	7.6142e-05	0.00013033
891	0.3928	0.60699	7.4511e-05	0.00013225
892	0.37838	0.62142	7.1928e-05	0.00013517
893	0.37756	0.62223	7.2102e-05	0.00013537
894	0.38975	0.61004	7.5051e-05	0.00013285
895	0.3995	0.60029	7.7428e-05	0.00013085
896	0.34228	0.65751	6.6301e-05	0.00014233
897	0.32059	0.6792	6.2259e-05	0.00014676
898	0.23923	0.76056	4.628e-05	0.0001631
899	0.20689	0.7929	4.007e-05	0.00016971
900	0.19803	0.80176	3.8429e-05	0.00017172
901	0.20201	0.79778	3.9354e-05	0.00017113
902	0.2017	0.79809	3.9436e-05	0.00017143
903	0.21307	0.78672	4.1996e-05	0.00016929
904	0.2195	0.78029	4.3572e-05	0.00016817
905	0.24663	0.75316	4.9525e-05	0.00016265
906	0.3367	0.66309	6.8805e-05	0.00014377
907	0.40139	0.5984	8.295e-05	0.00013007
908	0.55186	0.44792	0.00011614	9.7363e-05
909	0.98119	0.018592	0.00020981	4.1431e-06
910	0.96317	0.036621	0.00020615	8.1669e-06
911	0.95816	0.041625	0.0002053	9.325e-06
912	0.9589	0.040882	0.0002058	9.2024e-06
913	0.95849	0.041299	0.00020613	9.322e-06
914	0.9639	0.035888	0.00020782	8.1412e-06
915	0.97914	0.020644	0.0002118	4.7322e-06
916	0.9391	0.060683	0.00020369	1.3489e-05
917	0.92368	0.076102	0.00020103	1.6859e-05
918	0.92088	0.078898	0.00020105	1.7515e-05
919	0.92736	0.072425	0.00020303	1.6144e-05
920	0.93151	0.068266	0.00020461	1.5256e-05
921	0.95171	0.048072	0.00020968	1.0825e-05
922	0.9542	0.045575	0.00021091	1.029e-05
923	0.96439	0.035389	0.00021397	7.9913e-06
924	0.99963	0.00014801	0.00022264	3.4762e-08
925	0.99501	0.0047675	0.00022236	1.093e-06
926	0.99013	0.0096459	0.00022195	2.2319e-06
927	0.99006	0.009714	0.00022258	2.2758e-06
928	0.9324	0.067372	0.00020978	1.5829e-05
929	0.85213	0.14764	0.00019183	3.4591e-05
930	0.82812	0.17165	0.00018678	4.0402e-05
931	0.74482	0.25495	0.00016738	6.0512e-05
932	0.70976	0.29001	0.00015958	6.9072e-05
933	0.69701	0.30277	0.00015713	7.2354e-05
934	0.68155	0.31822	0.00015393	7.6335e-05
935	0.67989	0.31988	0.00015405	7.7054e-05
936	0.69189	0.30787	0.00015746	7.4548e-05
937	0.68212	0.31765	0.00015587	7.7117e-05
938	0.68468	0.31509	0.00015724	7.6771e-05
939	0.70283	0.29693	0.0001625	7.2619e-05
940	0.76745	0.23232	0.00017899	5.718e-05
