#coord	neutral	conserved	gBGC.neutral	gBGC.conserved
1	0.966	0.032882	0.0010768	3.7807e-05
2	0.98759	0.011306	0.0010956	1.3031e-05
3	0.99223	0.0066638	0.0010958	7.5229e-06
4	0.99652	0.0023853	0.0010951	2.6199e-06
5	0.99754	0.0013731	0.0010903	1.4797e-06
6	0.99891	3.1419e-06	0.0010856	3.4642e-09
7	0.99891	5.7033e-06	0.00108	6.0943e-09
8	0.99886	6.571e-05	0.001074	7.4162e-08
9	0.99886	6.6493e-05	0.0010686	7.878e-08
10	0.9989	3.5758e-05	0.0010638	6.2649e-08
11	0.99876	0.00019427	0.0010448	2.2048e-07
12	0.99894	2.8327e-05	0.0010276	3.1165e-08
13	0.99897	2.2454e-05	0.0010113	2.3859e-08
14	0.9989	0.00010739	0.00099601	1.1241e-07
15	0.99876	0.0002564	0.00098175	2.6283e-07
16	0.99893	0.00010474	0.00096882	1.0664e-07
17	0.99901	3.6039e-05	0.0009567	3.6438e-08
18	0.99888	0.00017546	0.00094528	1.7125e-07
19	0.99905	1.043e-05	0.00093493	9.9236e-09
20	0.9985	0.00057889	0.00092352	5.5287e-07
21	0.99902	6.2904e-05	0.00091397	6.0943e-08
22	0.99902	7.8786e-05	0.00090461	7.5067e-08
23	0.999	0.00010116	0.00089592	9.6691e-08
24	0.99894	0.00017616	0.00088786	1.6912e-07
25	0.99859	0.00053303	0.00088019	5.0308e-07
26	0.9984	0.00072369	0.00087323	6.7802e-07
27	0.99862	0.00051428	0.0008663	5.2108e-07
28	0.99835	0.0007878	0.00085854	8.7184e-07
29	0.9983	0.00086875	0.00083356	6.6642e-07
30	0.99853	0.00064157	0.00083139	5.0278e-07
31	0.99915	2.3052e-05	0.00082932	2.9187e-08
32	0.99848	0.00070319	0.0008166	5.8371e-07
33	0.99824	0.00095893	0.00080422	7.7985e-07
34	0.99842	0.00079052	0.00079219	6.3334e-07
35	0.99902	0.00019777	0.00078048	1.5953e-07
36	0.99922	1.0156e-05	0.00076935	7.7586e-09
37	0.99924	6.603e-08	0.00075763	4.8069e-11
38	0.99839	0.0008637	0.00074326	6.6118e-07
39	0.99765	0.0016213	0.00072999	1.1994e-06
40	0.99864	0.00063722	0.00071757	4.8135e-07
41	0.99861	0.00067985	0.00070527	5.1081e-07
42	0.99879	0.00051142	0.00069402	3.8153e-07
43	0.99919	0.00012885	0.00068376	1.0056e-07
44	0.99721	0.0021176	0.00067248	1.5471e-06
45	0.99498	0.0043552	0.00066183	3.0973e-06
46	0.99518	0.00416	0.0006536	2.9172e-06
47	0.99576	0.0035957	0.00064524	2.5334e-06
48	0.99908	0.00028384	0.00063938	3.0353e-07
49	0.99935	3.9354e-05	0.00061301	3.2344e-08
50	0.99941	6.5336e-07	0.0005856	3.9898e-10
51	0.99928	0.0001631	0.00055709	9.3644e-08
52	0.99947	4.0279e-06	0.00053073	2.1768e-09
53	0.99852	0.00097521	0.00050549	4.8002e-07
54	0.99916	0.0003646	0.00048016	1.69e-07
55	0.99931	0.00023194	0.00045368	1.046e-07
56	0.99918	0.00039101	0.0004289	1.6353e-07
57	0.99947	0.0001313	0.00040344	5.0832e-08
58	0.99913	0.00048972	0.00037682	1.8164e-07
59	0.99922	0.00042729	0.00034944	1.5135e-07
60	0.99953	0.00014296	0.00032387	4.7053e-08
61	0.99751	0.0021926	0.00029679	6.7506e-07
62	0.9896	0.010125	0.00027003	2.7973e-06
63	0.98168	0.018072	0.00024276	4.5794e-06
64	0.97973	0.020049	0.000219	4.5819e-06
65	0.98204	0.01776	0.00019783	3.6175e-06
66	0.99206	0.0077664	0.00017727	1.3743e-06
67	0.99463	0.005214	0.00015425	7.9479e-07
68	0.9975	0.0023703	0.00013032	3.0859e-07
69	0.99981	8.293e-05	0.00010773	6.2429e-09
70	0.9991	0.00079794	0.00010433	8.2425e-08
71	0.99955	0.00035109	0.00010128	3.4139e-08
72	0.99966	0.00024546	9.8053e-05	2.2485e-08
73	0.99523	0.0046732	9.4271e-05	4.2572e-07
74	0.99479	0.0051208	9.0723e-05	4.5026e-07
75	0.99765	0.00226	8.7309e-05	1.9298e-07
76	0.99587	0.0040429	8.3738e-05	3.3308e-07
77	0.99664	0.0032807	8.0253e-05	2.6067e-07
78	0.9972	0.0027256	7.6983e-05	2.055e-07
79	0.99063	0.0092991	7.3426e-05	6.5543e-07
80	0.98937	0.010564	7.0148e-05	7.0946e-07
81	0.99114	0.0087947	6.7295e-05	5.492e-07
82	0.98391	0.016018	6.717e-05	1.2242e-06
83	0.98221	0.017722	6.7609e-05	1.4297e-06
84	0.98455	0.015376	6.8456e-05	1.3273e-06
85	0.8493	0.15063	5.9758e-05	8.9976e-06
86	0.80251	0.19742	5.6192e-05	1.1473e-05
87	0.78511	0.21482	5.4516e-05	1.2161e-05
88	0.76509	0.23484	5.4648e-05	1.4411e-05
89	0.76273	0.2372	5.5971e-05	1.539e-05
90	0.77726	0.22267	5.8311e-05	1.5261e-05
91	0.8179	0.18202	6.2513e-05	1.3431e-05
92	0.78381	0.21611	6.1296e-05	1.7177e-05
93	0.73897	0.26094	5.912e-05	2.2064e-05
94	0.58478	0.41514	4.5678e-05	3.8117e-05
95	0.36994	0.62997	2.5765e-05	6.0792e-05
96	0.30312	0.69679	1.9477e-05	6.9772e-05
97	0.21489	0.78502	1.3723e-05	7.5153e-05
98	0.17959	0.82032	1.1517e-05	7.7048e-05
99	0.17087	0.82904	1.1011e-05	7.7206e-05
100	0.15737	0.84254	1.0214e-05	7.7717e-05
101	0.1583	0.84162	1.0416e-05	7.7191e-05
102	0.17505	0.82486	1.1915e-05	7.533e-05
103	0.088466	0.91145	6.0273e-06	8.0918e-05
104	0.058314	0.9416	3.9352e-06	8.2678e-05
105	0.048436	0.95148	3.2371e-06	8.3012e-05
106	0.033307	0.96661	2.1947e-06	8.3741e-05
107	0.029572	0.97034	1.9345e-06	8.3654e-05
108	0.029933	0.96998	1.9845e-06	8.3307e-05
109	0.035104	0.96481	2.4229e-06	8.2625e-05
110	0.017016	0.9829	1.1644e-06	8.369e-05
111	0.0097486	0.99017	6.7699e-07	8.4037e-05
112	0.0079677	0.99195	5.6135e-07	8.398e-05
113	0.0081074	0.99181	5.9328e-07	8.3823e-05
114	0.010497	0.98942	8.1795e-07	8.3525e-05
115	0.011997	0.98791	9.2365e-07	9.0434e-05
116	0.016788	0.98311	1.3012e-06	9.7341e-05
117	0.029211	0.97068	2.343e-06	0.00010389
118	0.059971	0.93992	5.13e-06	0.00010902
119	0.14779	0.85209	1.3293e-05	0.00010868
120	0.39797	0.6019	3.7323e-05	9.2373e-05
121	0.39316	0.6067	3.8576e-05	9.9202e-05
122	0.40437	0.59548	4.1676e-05	0.00010405
123	0.44503	0.55482	4.8045e-05	0.00010549
124	0.47496	0.52487	5.389e-05	0.00010787
125	0.47512	0.52472	5.5009e-05	0.00010816
126	0.49041	0.50943	5.8859e-05	0.00010585
127	0.45473	0.54511	5.4825e-05	0.00011136
128	0.44314	0.5567	5.4204e-05	0.00011359
129	0.44564	0.55419	5.5849e-05	0.00011368
130	0.36256	0.63727	4.5785e-05	0.00012563
131	0.26503	0.7348	3.312e-05	0.00014012
132	0.23553	0.7643	2.9406e-05	0.0001456
133	0.20471	0.79511	2.5233e-05	0.00015148
134	0.19324	0.80658	2.3933e-05	0.00015459
135	0.19333	0.80648	2.4424e-05	0.00015604
136	0.16968	0.83013	2.1422e-05	0.00016111
137	0.1656	0.83421	2.1173e-05	0.00016337
138	0.17069	0.82912	2.2439e-05	0.00016424
139	0.15736	0.84245	2.0845e-05	0.00016809
140	0.15719	0.84262	2.1213e-05	0.00016994
141	0.16666	0.83314	2.3295e-05	0.00017019
142	0.1715	0.82831	2.4668e-05	0.00017128
143	0.18909	0.81071	2.8526e-05	0.00017003
144	0.23246	0.76734	3.7722e-05	0.00016357
145	0.26175	0.73804	4.4523e-05	0.00015967
146	0.3315	0.66829	6.0454e-05	0.00014679
147	0.50374	0.49605	0.00010052	0.00010998
148	0.99486	0.0049241	0.00021249	1.1622e-06
149	0.99503	0.0047518	0.00021596	1.1285e-06
150	0.99792	0.0018624	0.00022038	4.43e-07
151	0.99686	0.0029179	0.00022373	6.853e-07
152	0.99133	0.0084409	0.00022639	1.9291e-06
153	0.98594	0.013827	0.00022884	3.2139e-06
154	0.98603	0.013736	0.00023235	3.2633e-06
155	0.97959	0.020175	0.00023463	4.8575e-06
156	0.97965	0.020112	0.00023826	4.9394e-06
157	0.98412	0.015636	0.00024329	3.899e-06
158	0.98822	0.011527	0.00024809	2.9432e-06
159	0.99936	0.00038767	0.00025508	9.7897e-08
160	0.99728	0.0024619	0.00025851	6.3461e-07
161	0.99747	0.0022622	0.00026235	5.986e-07
162	0.99963	0.00010239	0.00026704	2.4284e-08
163	0.99957	0.00015964	0.00027096	3.1113e-08
164	0.99944	0.00025938	0.0002992	7.88e-08
165	0.99959	8.4401e-05	0.00032944	3.9525e-08
166	0.99349	0.0061696	0.00033855	1.9704e-06
167	0.97342	0.026229	0.00034242	8.7454e-06
168	0.96818	0.031456	0.00035058	1.0849e-05
169	0.96993	0.029699	0.00036077	1.0556e-05
170	0.97785	0.021764	0.00037405	7.8588e-06
171	0.98497	0.014641	0.0003868	5.3655e-06
172	0.98526	0.014341	0.00039669	5.4109e-06
173	0.98064	0.018949	0.0004042	7.4684e-06
174	0.97563	0.023952	0.0004111	9.8328e-06
175	0.94907	0.050502	0.00040937	2.1486e-05
176	0.94211	0.057452	0.00041528	2.5136e-05
177	0.94432	0.055234	0.00042479	2.4846e-05
178	0.94459	0.054949	0.00043416	2.5336e-05
179	0.95532	0.044215	0.00044792	2.109e-05
180	0.98218	0.017344	0.00047033	8.8554e-06
181	0.98781	0.011701	0.00048381	6.2638e-06
182	0.99191	0.0075881	0.00049746	4.2688e-06
183	0.99509	0.0043968	0.00051164	2.6206e-06
184	0.99547	0.004007	0.00052384	2.5084e-06
185	0.99619	0.0032674	0.00053578	2.2299e-06
186	0.99674	0.0027046	0.00054844	2.0379e-06
187	0.99548	0.0039542	0.00055941	3.1483e-06
188	0.99626	0.0031653	0.00057259	2.8908e-06
189	0.99686	0.0025493	0.00058656	2.7577e-06
190	0.97669	0.022718	0.00057702	1.5842e-05
191	0.96925	0.030157	0.00057615	2.0649e-05
192	0.96889	0.030506	0.00057949	2.106e-05
193	0.95863	0.040763	0.00057691	2.7789e-05
194	0.94683	0.052557	0.00057287	3.5794e-05
195	0.89439	0.10499	0.00054305	6.9989e-05
196	0.82569	0.17369	0.00050378	0.00011404
197	0.7454	0.25398	0.0004552	0.00016722
198	0.71862	0.28075	0.0004404	0.00018647
199	0.40814	0.59123	0.00024112	0.00039061
200	0.28185	0.71752	0.00016238	0.00047455
201	0.23094	0.76842	0.00013193	0.00051053
202	0.21155	0.78781	0.00012132	0.00052701
203	0.20885	0.7905	0.00012065	0.00053344
204	0.2164	0.78294	0.00012668	0.00053346
205	0.23978	0.75955	0.00014349	0.00052305
206	0.23804	0.76129	0.00014376	0.00052899
207	0.24828	0.75104	0.00015226	0.00052707
208	0.25323	0.74609	0.0001577	0.00052857
209	0.27409	0.72522	0.00017488	0.00051873
210	0.34565	0.65365	0.00022799	0.0004728
211	0.51164	0.48765	0.00035372	0.00035465
212	0.98503	0.01425	0.0007049	1.0866e-05
213	0.98652	0.012758	0.00071291	9.9487e-06
214	0.51015	0.48912	0.0003556	0.0003749
215	0.31618	0.68308	0.00021369	0.00052496
216	0.23748	0.76177	0.00015806	0.00058922
217	0.20625	0.79299	0.00013737	0.00061901
218	0.19944	0.79979	0.00013374	0.00063157
219	0.2034	0.79583	0.00013831	0.00063641
220	0.22151	0.7777	0.00015403	0.00063059
221	0.28417	0.71504	0.00020308	0.00059127
222	0.42958	0.56962	0.00031941	0.00048516
223	0.53371	0.46547	0.00040851	0.00040683
224	0.5336	0.46557	0.00041346	0.00041243
225	0.53279	0.46638	0.00041728	0.00041887
226	0.42358	0.57557	0.00032763	0.00051944
227	0.31239	0.68676	0.00023124	0.0006265
228	0.26779	0.73134	0.00019456	0.00067445
229	0.21138	0.78774	0.00014503	0.00073506
230	0.19298	0.80613	0.00012883	0.00076217
231	0.19186	0.80724	0.00012744	0.00077429
232	0.16801	0.83108	0.00010547	0.00080755
233	0.15972	0.83936	9.8046e-05	0.00082677
234	0.16154	0.83753	9.9247e-05	0.00083795
235	0.17779	0.82126	0.00011039	0.00083902
236	0.21813	0.78091	0.00013845	0.00082373
237	0.3185	0.68052	0.00020983	0.00076576
238	0.24425	0.75478	0.00016108	0.00081535
239	0.22234	0.77668	0.00014697	0.00083019
240	0.21565	0.78337	0.00014421	0.00083391
241	0.20846	0.79056	0.00014063	0.00083835
242	0.21147	0.78755	0.00014583	0.00083424
243	0.23143	0.76758	0.00016716	0.0008139
244	0.2997	0.69932	0.00023606	0.00074591
245	0.45801	0.541	0.00039975	0.00058335
246	0.84695	0.15207	0.00081385	0.00017069
247	0.85206	0.14695	0.00082134	0.000165
248	0.87527	0.12374	0.00084768	0.0001403
249	0.93111	0.067898	0.00091101	7.8939e-05
250	0.94509	0.053923	0.00092781	6.3948e-05
251	0.9356	0.063403	0.00091881	7.4566e-05
252	0.93452	0.06448	0.00091952	7.5869e-05
253	0.94242	0.056582	0.00092945	6.7782e-05
254	0.92408	0.074923	0.00091135	8.8074e-05
255	0.91849	0.080506	0.00090779	9.4231e-05
256	0.91304	0.085951	0.00090385	0.00010055
257	0.9152	0.083796	0.00090868	9.8481e-05
258	0.92654	0.072448	0.00092418	8.6112e-05
259	0.92482	0.074164	0.000926	8.7864e-05
260	0.93029	0.068688	0.00093637	8.1472e-05
261	0.94701	0.051968	0.00096071	6.1545e-05
262	0.94949	0.049488	0.00096789	5.853e-05
263	0.96061	0.03836	0.00098591	4.5161e-05
264	0.99883	0.00013302	0.0010353	1.5593e-07
265	0.99785	0.0011087	0.0010385	1.1855e-06
266	0.99819	0.00076696	0.0010435	8.0569e-07
267	0.99893	2.6297e-05	0.0010486	2.8443e-08
268	0.99887	7.9183e-05	0.0010534	8.3648e-08
269	0.9983	0.00063873	0.0010573	6.9638e-07
270	0.99887	6.9431e-05	0.001063	7.6797e-08
271	0.99832	0.00060879	0.0010673	6.8701e-07
272	0.99795	0.00097297	0.0010722	1.0966e-06
273	0.99891	1.0193e-05	0.0010793	1.8651e-08
274	0.99884	8.2591e-05	0.0010779	9.625e-08
275	0.99794	0.00098382	0.0010761	1.0991e-06
276	0.99862	0.00030833	0.0010757	4.0385e-07
277	0.89502	0.1039	0.00094183	0.00013365
278	0.85935	0.13957	0.00089404	0.00018064
279	0.84884	0.15008	0.00087828	0.00019543
280	0.83296	0.16597	0.00085639	0.00021669
281	0.7665	0.23242	0.00076653	0.00030577
282	0.74077	0.25816	0.00073214	0.00033972
283	0.71471	0.28422	0.00069621	0.00037504
284	0.70655	0.29238	0.00068403	0.00038692
285	0.69269	0.30624	0.00066555	0.00040542
286	0.67237	0.32656	0.00063995	0.00043134
287	0.651	0.34793	0.00061206	0.00045938
288	0.6467	0.35223	0.00060562	0.0004663
289	0.64038	0.35855	0.00059624	0.00047604
290	0.64976	0.34917	0.00060369	0.0004688
291	0.6861	0.31283	0.00063664	0.00043593
292	0.63522	0.36371	0.00056336	0.00050916
293	0.61655	0.38238	0.00053612	0.00053665
294	0.61311	0.38582	0.00052888	0.00054445
295	0.57446	0.42446	0.00047739	0.0005968
296	0.52997	0.46896	0.00041659	0.00065835
297	0.51291	0.48601	0.0003928	0.00068316
298	0.42421	0.57472	0.00031741	0.00074973
299	0.3868	0.61214	0.00028591	0.00077288
300	0.37421	0.62474	0.0002756	0.00077533
301	0.32126	0.6777	0.0002325	0.00081037
302	0.30137	0.6976	0.00021661	0.00081867
303	0.29651	0.70246	0.0002135	0.00081459
304	0.30405	0.69493	0.00022265	0.00079868
305	0.33522	0.66377	0.00025677	0.00075765
306	0.40962	0.58937	0.00034077	0.00066712
307	0.64852	0.35048	0.00060434	0.00039685
308	0.81662	0.18238	0.00079152	0.00020343
309	0.98066	0.018353	0.00096708	2.1363e-05
310	0.97836	0.020656	0.00095908	2.3426e-05
311	0.98038	0.018639	0.00095628	2.0832e-05
312	0.98987	0.0091575	0.00096113	1.0351e-05
313	0.99151	0.0075263	0.00095799	8.3877e-06
314	0.99251	0.0065306	0.00095464	7.0899e-06
315	0.99868	0.0003595	0.00095643	4.0795e-07
316	0.93485	0.064198	0.0008896	6.2843e-05
317	0.9132	0.085854	0.00086373	8.4117e-05
318	0.90551	0.093549	0.00085248	9.1188e-05
319	0.90609	0.092974	0.00084979	9.0102e-05
320	0.91822	0.080843	0.00085771	7.8217e-05
321	0.95107	0.047999	0.00088647	4.5928e-05
322	0.95997	0.0391	0.00089133	3.7307e-05
323	0.96602	0.03305	0.00089403	3.1243e-05
324	0.98893	0.010144	0.00091214	9.5525e-06
325	0.98925	0.0098273	0.00090937	9.1235e-06
326	0.99402	0.0050661	0.00091049	4.6264e-06
327	0.99908	1.2342e-05	0.00091149	1.1155e-08
328	0.99648	0.0026119	0.00090599	2.29e-06
329	0.99641	0.0026856	0.00090253	2.3458e-06
330	0.99909	1.0813e-05	0.00090122	1.3695e-08
331	0.99764	0.0014712	0.00088923	1.2607e-06
332	0.97704	0.022085	0.0008604	1.8982e-05
333	0.9694	0.029728	0.00084409	2.5007e-05
334	0.96892	0.03022	0.00083343	2.5025e-05
335	0.975	0.024148	0.00082783	1.9642e-05
336	0.99734	0.001825	0.0008346	1.4558e-06
337	0.99487	0.0043031	0.00082202	3.4066e-06
338	0.9952	0.0039892	0.00081132	3.1127e-06
339	0.99914	6.1933e-05	0.00080296	4.9261e-08
340	0.99897	0.0002328	0.00079218	1.8602e-07
341	0.99834	0.00087299	0.00078178	6.7137e-07
342	0.99923	1.1199e-06	0.00077215	8.7725e-10
343	0.99826	0.00097757	0.00076187	7.4492e-07
344	0.99771	0.0015414	0.00075152	1.1805e-06
345	0.99868	0.00058107	0.0007431	4.3702e-07
346	0.99773	0.0015321	0.0007329	1.1458e-06
347	0.99671	0.0025672	0.00072335	1.8711e-06
348	0.99775	0.0015304	0.00071497	1.1152e-06
349	0.99531	0.0039852	0.0007037	2.9273e-06
350	0.99531	0.0039922	0.00069498	2.8985e-06
351	0.99775	0.0015575	0.00068871	1.1012e-06
352	0.99239	0.0069273	0.00067663	4.7708e-06
353	0.99179	0.007535	0.00066748	5.1663e-06
354	0.9941	0.0052366	0.00066101	3.553e-06
355	0.99308	0.0062663	0.00065192	4.228e-06
356	0.99466	0.0046884	0.00064525	3.1282e-06
357	0.99661	0.0027479	0.00063843	1.8623e-06
358	0.99631	0.0030595	0.00063077	2.0507e-06
359	0.99793	0.0014419	0.00062492	9.6652e-07
360	0.99935	2.8449e-05	0.00061944	1.943e-08
361	0.99901	0.0003794	0.00061328	2.382e-07
362	0.99893	0.00045914	0.00060779	2.7776e-07
363	0.99818	0.0012205	0.00060153	7.4007e-07
364	0.99782	0.0015842	0.00059524	9.7293e-07
365	0.99744	0.0019718	0.00058942	1.2011e-06
366	0.99703	0.0023823	0.00058403	1.4206e-06
367	0.99704	0.0023839	0.00057862	1.4185e-06
368	0.99906	0.00036732	0.00057488	2.1124e-07
369	0.99901	0.00042066	0.0005697	2.3757e-07
370	0.99675	0.002687	0.00056301	1.5319e-06
371	0.99666	0.0027853	0.00055805	1.5549e-06
372	0.99933	0.00011578	0.00055437	6.5125e-08
373	0.99923	0.00021878	0.00054959	1.1768e-07
374	0.99701	0.0024425	0.0005434	1.3237e-06
375	0.99487	0.0045908	0.00053705	2.4961e-06
376	0.99505	0.0044194	0.0005324	2.3683e-06
377	0.99838	0.0010882	0.0005292	5.9411e-07
378	0.99907	0.00040449	0.00052498	2.2282e-07
379	0.9991	0.00037593	0.0005208	2.0212e-07
380	0.9985	0.00098133	0.00051664	5.0326e-07
381	0.99949	1.106e-07	0.00051309	5.789e-11
382	0.99842	0.0010686	0.00050887	5.4283e-07
383	0.99758	0.0019145	0.00050458	9.7941e-07
384	0.99837	0.001126	0.00050151	5.6456e-07
385	0.99941	9.2508e-05	0.00049838	4.7213e-08
386	0.9995	7.4317e-06	0.0004951	3.6075e-09
387	0.9995	3.681e-06	0.00049158	1.3513e-09
388	0.99828	0.0012246	0.00049574	6.6855e-07
389	0.997	0.0025013	0.0005003	1.3708e-06
390	0.99755	0.0019406	0.0005063	1.0959e-06
391	0.9809	0.018589	0.00050357	1.0054e-05
392	0.96383	0.03565	0.0004999	1.9685e-05
393	0.95753	0.041948	0.00050261	2.34e-05
394	0.9308	0.068669	0.00049335	3.886e-05
395	0.92122	0.078241	0.00049423	4.4696e-05
396	0.92173	0.077727	0.00050033	4.5082e-05
397	0.90756	0.091889	0.0004987	5.3716e-05
398	0.89141	0.10803	0.00049529	6.391e-05
399	0.88694	0.1125	0.00049916	6.7316e-05
400	0.89435	0.10508	0.00050951	6.3967e-05
401	0.91745	0.081969	0.00053005	5.0979e-05
402	0.9726	0.026811	0.00057177	1.7364e-05
403	0.96937	0.030031	0.00057841	1.949e-05
404	0.97127	0.028127	0.00058898	1.8373e-05
405	0.9828	0.016583	0.00060545	1.1001e-05
406	0.98555	0.013829	0.00061605	9.3154e-06
407	0.99407	0.0052966	0.00063134	3.5868e-06
408	0.99609	0.0032644	0.00064193	2.2468e-06
409	0.99332	0.0060263	0.00064891	4.1623e-06
410	0.99339	0.0059517	0.00065853	4.152e-06
411	0.99613	0.0031938	0.00067077	2.2271e-06
412	0.99924	7.3791e-05	0.00068286	5.5959e-08
413	0.99928	2.6865e-05	0.00069353	2.9405e-08
414	0.99631	0.0029896	0.00069366	2.0147e-06
415	0.95264	0.046658	0.00066565	3.1971e-05
416	0.93983	0.059466	0.00065831	4.1084e-05
417	0.93866	0.060637	0.00065882	4.2177e-05
418	0.93521	0.064091	0.00065814	4.4754e-05
419	0.93835	0.06094	0.00066254	4.2561e-05
420	0.95365	0.045644	0.00067524	3.1903e-05
421	0.95567	0.043622	0.00067839	3.0648e-05
422	0.96745	0.031844	0.00068804	2.2739e-05
423	0.99814	0.0011476	0.00071166	1.1897e-06
424	0.984	0.015291	0.00069995	1.172e-05
425	0.9786	0.02069	0.00069517	1.5603e-05
426	0.97795	0.021336	0.00069423	1.595e-05
427	0.9769	0.022393	0.00069335	1.6518e-05
428	0.98131	0.017981	0.00069625	1.3156e-05
429	0.99832	0.00097197	0.00070805	7.2317e-07
430	0.99689	0.0023993	0.0007062	1.7844e-06
431	0.97821	0.021078	0.00069113	1.5915e-05
432	0.97139	0.027907	0.00068549	2.0926e-05
433	0.94743	0.051868	0.00066668	3.8936e-05
434	0.91407	0.085221	0.00064179	6.3321e-05
435	0.90176	0.09753	0.00063289	7.2015e-05
436	0.69966	0.29963	0.00049315	0.00021182
437	0.62935	0.36994	0.00044348	0.00026144
438	0.60652	0.39277	0.00042685	0.0002779
439	0.25626	0.74303	0.00018193	0.00052291
440	0.13338	0.86592	9.4224e-05	0.00061063
441	0.095184	0.90411	6.6277e-05	0.00063851
442	0.080354	0.91894	5.5749e-05	0.00064917
443	0.077411	0.92188	5.3483e-05	0.00065149
444	0.082827	0.91647	5.6883e-05	0.00064809
445	0.07692	0.92238	5.2185e-05	0.00065272
446	0.078204	0.92109	5.2776e-05	0.00065224
447	0.087023	0.91227	5.8669e-05	0.00064664
448	0.069453	0.92984	4.5835e-05	0.00065969
449	0.063585	0.93571	4.1627e-05	0.00066431
450	0.066319	0.93297	4.3181e-05	0.00066309
451	0.055425	0.94387	3.5502e-05	0.00067129
452	0.053707	0.94559	3.4059e-05	0.0006732
453	0.057378	0.94191	3.6344e-05	0.00067155
454	0.058057	0.94123	3.6761e-05	0.00067194
455	0.065012	0.93428	4.1542e-05	0.00066814
456	0.069028	0.93026	4.4514e-05	0.00066635
457	0.081953	0.91733	5.3977e-05	0.00065824
458	0.090102	0.90918	6.0336e-05	0.00065344
459	0.12057	0.87872	8.2637e-05	0.00063262
460	0.15015	0.84913	0.00010385	0.00061281
461	0.21956	0.77972	0.00015491	0.00056335
462	0.39048	0.6088	0.00028447	0.0004356
463	0.43502	0.56426	0.00031827	0.00040352
464	0.56462	0.43466	0.00041347	0.00030995
465	0.97883	0.020449	0.00070994	1.4958e-05
466	0.98032	0.018955	0.00071285	1.3876e-05
467	0.98871	0.010559	0.00072054	7.8442e-06
468	0.99533	0.0039387	0.00072748	2.9185e-06
469	0.99483	0.0044366	0.00072891	3.3079e-06
470	0.99667	0.0025931	0.00073247	1.9165e-06
471	0.9989	0.00036239	0.00073609	2.7613e-07
472	0.99889	0.0003664	0.0007384	2.775e-07
473	0.99828	0.00097692	0.0007406	7.1802e-07
474	0.99912	0.00013454	0.00074369	9.881e-08
475	0.99909	0.00016357	0.00074596	1.2597e-07
476	0.99883	0.00041919	0.00074841	3.2176e-07
477	0.99884	0.00040442	0.00075144	3.0324e-07
478	0.9992	5.0064e-05	0.00075455	3.7696e-08
479	0.99865	0.00059228	0.00075676	4.6228e-07
480	0.99921	3.0988e-05	0.00076022	2.5172e-08
481	0.9958	0.0034348	0.00076027	2.8127e-06
482	0.99504	0.0041898	0.00076284	3.4428e-06
483	0.99638	0.0028545	0.00076747	2.3803e-06
484	0.95807	0.041153	0.00073926	3.3943e-05
485	0.78681	0.21242	0.00060516	0.0001718
486	0.71759	0.28163	0.00055409	0.00022702
487	0.4002	0.59901	0.00031337	0.00047226
488	0.30099	0.69822	0.00023662	0.00055337
489	0.25869	0.74051	0.00020532	0.00058934
490	0.097298	0.9019	7.8145e-05	0.00072107
491	0.046751	0.95245	3.7194e-05	0.00076647
492	0.026255	0.97294	2.1032e-05	0.00078736
493	0.020315	0.97887	1.6242e-05	0.00079679
494	0.018635	0.98055	1.5002e-05	0.00080293
495	0.020243	0.97893	1.6544e-05	0.00080657
496	0.01484	0.98433	1.2259e-05	0.00081595
497	0.014361	0.98481	1.1907e-05	0.00082131
498	0.018086	0.98108	1.4949e-05	0.00082319
499	0.014696	0.98446	1.2188e-05	0.00083113
500	0.01545	0.9837	1.2807e-05	0.0008356
501	0.019429	0.97972	1.624e-05	0.00083752
502	0.032177	0.96696	2.6913e-05	0.00083212
503	0.068981	0.93015	5.718e-05	0.00080705
504	0.15938	0.83975	0.00013421	0.00073551
505	0.18172	0.8174	0.00015364	0.00072148
506	0.23534	0.76377	0.00020099	0.00067984
507	0.38936	0.60976	0.00033349	0.00055292
508	0.50632	0.49278	0.0004391	0.0004533
509	0.79418	0.20492	0.00070605	0.00019278
510	0.99668	0.0024103	0.00090352	2.2305e-06
511	0.99597	0.0031224	0.00090937	2.8968e-06
512	0.99753	0.0015487	0.00091703	1.4957e-06
513	0.99737	0.0017013	0.00092365	1.6643e-06
514	0.99511	0.0039621	0.00092885	3.8221e-06
515	0.99521	0.0038452	0.00093698	3.6952e-06
516	0.99868	0.00037447	0.00094795	3.9186e-07
517	0.99593	0.0031189	0.00095234	3.3511e-06
518	0.9955	0.00354	0.00095975	3.8812e-06
519	0.99789	0.0011428	0.0009696	1.6379e-06
520	0.98434	0.014678	0.00095867	2.0843e-05
521	0.98045	0.018565	0.00096038	2.712e-05
522	0.97666	0.022346	0.00096144	3.3716e-05
523	0.90905	0.089947	0.00086618	0.00013724
524	0.8862	0.11279	0.00083654	0.00017487
525	0.87825	0.12073	0.00082995	0.00019003
526	0.86597	0.133	0.00081763	0.00021155
527	0.86424	0.13472	0.00082071	0.00021833
528	0.87261	0.12634	0.0008368	0.00021284
529	0.86852	0.13043	0.00083647	0.00022341
530	0.86418	0.13475	0.00083473	0.00023505
531	0.86954	0.12938	0.00084667	0.00023374
532	0.85963	0.13928	0.00083568	0.00025507
533	0.85964	0.13925	0.00084055	0.00026123
534	0.87286	0.12603	0.00086081	0.00025169
535	0.85121	0.14768	0.00083616	0.00027726
536	0.84684	0.15205	0.00083237	0.0002818
537	0.85189	0.147	0.00084194	0.00027333
538	0.85659	0.14229	0.00085027	0.00026591
539	0.87408	0.12481	0.00087773	0.0002397
540	0.91728	0.0816	0.00094524	0.00017379
541	0.94801	0.050871	0.00099519	0.0001258
542	0.93311	0.06577	0.00097614	0.00013936
543	0.92907	0.069816	0.00097048	0.00014005
544	0.68279	0.3161	0.00071736	0.00038795
545	0.60615	0.39275	0.00063519	0.00046468
546	0.58097	0.41793	0.00060591	0.00048833
547	0.27606	0.72285	0.00027833	0.00081008
548	0.15191	0.84701	0.0001493	0.00093367
549	0.10154	0.89739	9.8574e-05	0.00097931
550	0.034637	0.96429	3.3856e-05	0.0010393
551	0.013684	0.98525	1.3182e-05	0.0010551
552	0.0072251	0.99171	6.6601e-06	0.0010566
553	0.0047534	0.99419	4.2365e-06	0.0010544
554	0.0041387	0.99481	3.6564e-06	0.0010506
555	0.0054425	0.99351	4.8325e-06	0.0010449
556	0.0055473	0.99341	4.8721e-06	0.0010407
557	0.0074199	0.99154	6.6256e-06	0.001035
558	0.012674	0.98629	1.1704e-05	0.0010263
559	0.016026	0.98294	1.5017e-05	0.0010196
560	0.025278	0.97369	2.443e-05	0.001007
561	0.048401	0.95057	4.86e-05	0.00097996
562	0.10185	0.89712	0.00010587	0.00092005
563	0.27249	0.72649	0.00028405	0.00073914
564	0.75851	0.24047	0.00078	0.00024034
565	0.75149	0.24749	0.00077027	0.00024698
566	0.75571	0.24327	0.0007726	0.00024191
567	0.78265	0.21634	0.00079705	0.00021452
568	0.76281	0.23618	0.00077557	0.00023346
569	0.76055	0.23844	0.0007712	0.00023511
570	0.77067	0.22833	0.00077997	0.00022401
571	0.38408	0.61492	0.00039687	0.00060461
572	0.26305	0.73595	0.00027404	0.00072481
573	0.22593	0.77307	0.00023512	0.00076098
574	0.093693	0.90531	9.5829e-05	0.00089742
575	0.036329	0.96268	3.7209e-05	0.00095341
576	0.016235	0.98278	1.6291e-05	0.00097163
577	0.008094	0.99092	8.0873e-06	0.00097738
578	0.005455	0.99356	5.3486e-06	0.0009776
579	0.0046884	0.99433	4.5664e-06	0.00097607
580	0.0033595	0.99566	3.1834e-06	0.00097507
581	0.0032892	0.99573	3.0841e-06	0.00097302
582	0.0044166	0.99461	4.175e-06	0.00097
583	0.0049866	0.99404	4.6724e-06	0.00096751
584	0.0045632	0.99447	4.2734e-06	0.00096613
585	0.0054283	0.9936	5.1559e-06	0.00096368
586	0.0025134	0.99652	2.3602e-06	0.00096484
587	0.0017899	0.99724	1.624e-06	0.00096386
588	0.0017469	0.99729	1.5579e-06	0.00096241
589	0.0023527	0.99668	2.1086e-06	0.00096055
590	0.0040554	0.99498	3.7105e-06	0.00095784
591	0.0098791	0.98916	9.0242e-06	0.00095134
592	0.0049543	0.99409	4.4237e-06	0.00095497
593	0.0028848	0.99616	2.5475e-06	0.00095608
594	0.0021395	0.9969	1.9071e-06	0.00095614
595	0.0021669	0.99688	1.9949e-06	0.00095568
596	0.003377	0.99567	3.1722e-06	0.00095405
597	0.0077436	0.9913	7.2695e-06	0.00094944
598	0.010217	0.98883	9.6726e-06	0.00094672
599	0.016591	0.98245	1.6024e-05	0.00094024
600	0.032584	0.96646	3.2419e-05	0.00092393
601	0.078387	0.92066	7.8374e-05	0.000878
602	0.20892	0.79012	0.0002067	0.00074962
603	0.62507	0.37397	0.00060633	0.00034984
604	0.63173	0.36731	0.00061224	0.00034363
605	0.66616	0.33289	0.00064337	0.00031205
606	0.74827	0.25077	0.00072056	0.0002347
607	0.7705	0.22854	0.00074063	0.0002143
608	0.79259	0.20646	0.00075988	0.00019456
609	0.85028	0.14876	0.00081311	0.00014117
610	0.86381	0.13524	0.00082492	0.00012905
611	0.89863	0.10042	0.00085733	9.6639e-05
612	0.98577	0.013278	0.00094135	1.2986e-05
613	0.99218	0.0068601	0.00094843	6.631e-06
614	0.99888	0.00016901	0.00095542	1.687e-07
615	0.99898	6.3052e-05	0.00095639	6.3691e-08
616	0.9987	0.00034317	0.00095734	3.3733e-07
617	0.99775	0.0012875	0.00095739	1.2978e-06
618	0.99818	0.00086248	0.00095916	8.8819e-07
619	0.96439	0.034644	0.00092751	3.4251e-05
620	0.95135	0.047688	0.00091702	4.6842e-05
621	0.94961	0.049425	0.00091706	4.8702e-05
622	0.34742	0.65161	0.00034088	0.00062718
623	0.13601	0.86302	0.00013398	0.00083626
624	0.061828	0.9372	5.9743e-05	0.00091259
625	0.029689	0.96934	2.8387e-05	0.00094626
626	0.016692	0.98233	1.6073e-05	0.00096114
627	0.012506	0.98651	1.202e-05	0.00096768
628	0.012108	0.98691	1.1576e-05	0.00097054
629	0.014137	0.98488	1.3571e-05	0.00097118
630	0.020093	0.97892	1.9587e-05	0.00096803
631	0.040116	0.95889	3.9244e-05	0.00095115
632	0.089385	0.90962	8.9208e-05	0.00090422
633	0.22985	0.76916	0.00022911	0.00076727
634	0.62994	0.36906	0.00062065	0.00037858
635	0.71993	0.27907	0.00071323	0.00028918
636	0.94198	0.057017	0.0009468	5.9181e-05
637	0.94438	0.054607	0.00095344	5.6577e-05
638	0.95773	0.041259	0.00097117	4.2664e-05
639	0.99801	0.00097033	0.0010164	1.0429e-06
640	0.99878	0.00019367	0.0010213	2.1451e-07
641	0.99731	0.0016648	0.0010236	1.8394e-06
642	0.9958	0.0031676	0.0010263	3.4759e-06
643	0.99678	0.0021844	0.0010313	2.5253e-06
644	0.99589	0.003069	0.0010348	3.5922e-06
645	0.99696	0.0020011	0.001041	2.4777e-06
646	0.95498	0.043972	0.0009974	5.1626e-05
647	0.93746	0.061486	0.00098304	7.2049e-05
648	0.93422	0.064723	0.00098427	7.6589e-05
649	0.86074	0.13819	0.00090476	0.00016239
650	0.82975	0.16918	0.00087524	0.00019872
651	0.82298	0.17594	0.00087229	0.0002082
652	0.78048	0.21843	0.00082906	0.00025849
653	0.76787	0.23103	0.00081906	0.00027531
654	0.76738	0.23152	0.00082372	0.000278
655	0.74177	0.25712	0.00080063	0.00030904
656	0.73676	0.26212	0.00080016	0.0003172
657	0.74314	0.25573	0.00081362	0.000312
658	0.74593	0.25293	0.00082397	0.00031056
659	0.76712	0.23174	0.00085549	0.00028767
660	0.8195	0.17935	0.00092684	0.00022557
661	0.83264	0.1662	0.00094996	0.00021138
662	0.86943	0.1294	0.001004	0.00016694
663	0.956	0.042819	0.0011251	5.6189e-05
664	0.95348	0.045325	0.0011333	5.9249e-05
665	0.95817	0.040623	0.0011499	5.3418e-05
666	0.97571	0.023075	0.0011826	3.1142e-05
667	0.9787	0.020077	0.0011977	2.7298e-05
668	0.98106	0.017699	0.0012131	2.4089e-05
669	0.99124	0.0075112	0.0012384	1.0459e-05
670	0.99867	6.5903e-05	0.0012613	9.5426e-08
671	0.99809	0.00063472	0.0012726	8.7948e-07
672	0.99864	7.7035e-05	0.0012864	1.5818e-07
673	0.99587	0.0028407	0.0012852	3.5799e-06
674	0.99575	0.0029609	0.0012871	3.7193e-06
675	0.99844	0.0002646	0.0012923	3.2422e-07
676	0.99777	0.00093536	0.0012929	1.1956e-06
677	0.9975	0.0012015	0.0012938	1.5748e-06
678	0.9987	4.9464e-06	0.0012971	6.4853e-09
679	0.99861	8.781e-05	0.0012985	1.1909e-07
680	0.99756	0.0011418	0.0012991	1.5172e-06
681	0.99785	0.000851	0.0013019	1.1151e-06
682	0.99743	0.0012657	0.0013035	1.6678e-06
683	0.99703	0.0016639	0.0013056	2.1618e-06
684	0.99868	1.3465e-05	0.0013101	1.9006e-08
685	0.99616	0.002529	0.0013094	3.5159e-06
686	0.99588	0.0028014	0.0013123	3.8989e-06
687	0.99761	0.0010652	0.0013186	1.4916e-06
688	0.9978	0.00087315	0.0013232	1.1829e-06
689	0.99712	0.0015506	0.0013264	2.0669e-06
690	0.99833	0.00034199	0.0013318	4.8038e-07
691	0.99863	3.2987e-05	0.0013365	7.0471e-08
692	0.99823	0.00043575	0.0013337	6.1179e-07
693	0.99666	0.0020108	0.0013299	2.6895e-06
694	0.99022	0.0084501	0.0013203	1.093e-05
695	0.98929	0.0093817	0.0013176	1.2129e-05
696	0.99127	0.0074014	0.0013192	9.3803e-06
697	0.98445	0.014221	0.0013092	1.8028e-05
698	0.98343	0.015245	0.0013064	1.9323e-05
699	0.98268	0.015999	0.0013036	2.0362e-05
700	0.98128	0.017397	0.0013005	2.2081e-05
701	0.98464	0.014043	0.0013033	1.7734e-05
702	0.99824	0.00043591	0.0013187	5.7052e-07
703	0.99749	0.0011957	0.0013164	1.586e-06
704	0.99828	0.00040204	0.0013159	5.7871e-07
705	0.99855	0.00013853	0.0013144	2.9994e-07
706	0.99615	0.0025515	0.001299	3.6088e-06
707	0.99585	0.0028583	0.0012875	3.9735e-06
708	0.99743	0.0012856	0.0012792	1.7782e-06
709	0.99594	0.0027944	0.0012664	3.7745e-06
710	0.99629	0.0024514	0.0012568	3.285e-06
711	0.99875	2.5649e-06	0.0012508	5.6025e-09
712	0.98596	0.012812	0.0012072	1.6253e-05
713	0.97174	0.027068	0.0011613	3.3978e-05
714	0.96706	0.031776	0.0011301	3.8941e-05
715	0.89721	0.10165	0.0010198	0.00012219
716	0.86958	0.12931	0.00096555	0.0001512
717	0.86226	0.13665	0.00093447	0.00015635
718	0.85485	0.14408	0.00090251	0.00016154
719	0.85692	0.14204	0.00088292	0.000156
720	0.87104	0.12794	0.00087759	0.00013783
721	0.78749	0.21152	0.00077604	0.00021747
722	0.7594	0.23963	0.00073064	0.00024036
723	0.75464	0.24441	0.00070804	0.00023979
724	0.72385	0.27523	0.00065935	0.00026461
725	0.71422	0.28488	0.00063396	0.00026761
726	0.71744	0.28168	0.000622	0.00025858
727	0.74301	0.25613	0.00062824	0.00023074
728	0.80513	0.19403	0.0006663	0.00017232
729	0.94976	0.049423	0.00077508	4.4398e-05
730	0.94871	0.050484	0.00075958	4.385e-05
731	0.95569	0.043524	0.00075024	3.6653e-05
732	0.97447	0.02476	0.00075217	1.9248e-05
733	0.97863	0.020615	0.00074032	1.5134e-05
734	0.97713	0.022119	0.00073617	1.6309e-05
735	0.98013	0.019124	0.00073584	1.4036e-05
736	0.97711	0.022144	0.00073152	1.6118e-05
737	0.82808	0.17117	0.00061999	0.00012521
738	0.76795	0.2313	0.00057568	0.00016743
739	0.55114	0.44812	0.00041761	0.00032326
740	0.48383	0.51543	0.00036678	0.00037172
741	0.46499	0.53427	0.00035132	0.00038466
742	0.43673	0.56253	0.00032974	0.000404
743	0.43122	0.56804	0.00032454	0.00040683
744	0.44398	0.55529	0.00033232	0.00039658
745	0.43725	0.56202	0.00032554	0.00040074
746	0.44407	0.55521	0.00032916	0.00039478
747	0.47031	0.52897	0.0003474	0.00037448
748	0.47227	0.52701	0.0003476	0.00037209
749	0.49705	0.50223	0.00036349	0.00035389
750	0.56198	0.43731	0.00040861	0.00030673
751	0.7713	0.22799	0.00055229	0.00016087
752	0.81767	0.18162	0.00058385	0.00012745
753	0.96798	0.031308	0.00068634	2.293e-05
754	0.96876	0.030531	0.00068519	2.2366e-05
755	0.977	0.022292	0.00068905	1.663e-05
756	0.99768	0.0016201	0.00070222	1.8954e-06
757	0.99762	0.0016902	0.0006929	1.7255e-06
758	0.99919	0.00012604	0.00068567	1.2531e-07
759	0.99931	9.2403e-06	0.00067757	7.5291e-09
760	0.99927	6.2917e-05	0.00066996	4.3502e-08
761	0.99925	8.9109e-05	0.00066291	5.892e-08
762	0.99868	0.00066053	0.00065519	4.4104e-07
763	0.997	0.0023555	0.0006464	1.593e-06
764	0.99712	0.0022358	0.0006394	1.501e-06
765	0.9993	6.7329e-05	0.00063433	4.605e-08
766	0.99857	0.00080268	0.00062787	5.0952e-07
767	0.99812	0.0012553	0.00062135	8.0214e-07
768	0.99903	0.00035525	0.00061617	2.2908e-07
769	0.99921	0.00017929	0.00061097	1.1294e-07
770	0.99842	0.0009705	0.00060495	6.0857e-07
771	0.99773	0.0016717	0.00059948	1.0244e-06
772	0.99741	0.0019997	0.00059397	1.2297e-06
773	0.99872	0.00069356	0.00058989	4.3284e-07
774	0.99902	0.0003993	0.00058497	2.6983e-07
775	0.99735	0.0020698	0.00057918	1.3794e-06
776	0.99537	0.0040526	0.00057361	2.6658e-06
777	0.9957	0.0037256	0.0005699	2.4842e-06
778	0.99402	0.0054109	0.00056467	3.6188e-06
779	0.99468	0.004756	0.00056128	3.2715e-06
780	0.99816	0.0012764	0.00055994	1.212e-06
781	0.99528	0.0041752	0.00054515	2.7303e-06
782	0.99268	0.0067841	0.00053006	4.0619e-06
783	0.99282	0.0066574	0.00051744	3.8152e-06
784	0.99301	0.0064823	0.00050439	3.587e-06
785	0.99602	0.003482	0.00049372	1.8473e-06
786	0.9994	0.00011255	0.00048264	5.938e-08
787	0.99854	0.00099115	0.00047019	4.6989e-07
788	0.99808	0.0014638	0.00045749	6.8536e-07
789	0.99913	0.00042556	0.00044639	1.9319e-07
790	0.99623	0.0033357	0.00043313	1.479e-06
791	0.99613	0.0034481	0.00042074	1.5105e-06
792	0.99813	0.0014635	0.00041005	6.4878e-07
793	0.99681	0.0027879	0.00039755	1.2243e-06
794	0.99731	0.0022979	0.0003866	1.0146e-06
795	0.99583	0.0037945	0.00037557	1.6175e-06
796	0.97084	0.028789	0.00035598	1.1464e-05
797	0.96076	0.038881	0.00034334	1.4994e-05
798	0.9585	0.041145	0.00033442	1.5435e-05
799	0.96404	0.035616	0.00032792	1.3149e-05
800	0.96759	0.032081	0.00032126	1.1599e-05
801	0.9797	0.01997	0.00031815	7.0795e-06
802	0.98911	0.010573	0.00031455	3.5962e-06
803	0.98715	0.012544	0.00030673	4.0904e-06
804	0.98965	0.010049	0.00030002	3.1969e-06
805	0.98054	0.019167	0.00029035	5.7672e-06
806	0.97872	0.020989	0.00028262	6.148e-06
807	0.98097	0.018746	0.00027659	5.3192e-06
808	0.98211	0.017617	0.0002707	4.8099e-06
809	0.97787	0.021865	0.00026313	5.7578e-06
810	0.97951	0.020228	0.00025685	5.1607e-06
811	0.9895	0.010245	0.00025235	2.5168e-06
812	0.99916	0.00059031	0.00024729	1.4805e-07
813	0.99898	0.00078366	0.00024031	1.9507e-07
814	0.99408	0.0056843	0.00023193	1.4106e-06
815	0.99328	0.0064892	0.00022434	1.5912e-06
816	0.99517	0.0046149	0.0002179	1.1404e-06
817	0.99006	0.009726	0.00021036	2.2969e-06
818	0.9889	0.010892	0.00020418	2.4989e-06
819	0.99082	0.0089763	0.00019908	2.0231e-06
820	0.98863	0.011171	0.00019353	2.4074e-06
821	0.99028	0.0095266	0.00018857	2.0201e-06
822	0.99666	0.0031552	0.00018492	7.0118e-07
823	0.99622	0.0036009	0.00018163	7.7677e-07
824	0.9955	0.0043211	0.00017866	8.9279e-07
825	0.99705	0.0027756	0.00017637	5.6688e-07
826	0.99296	0.0068649	0.00017327	1.2744e-06
827	0.9927	0.0071302	0.00017074	1.3033e-06
828	0.99539	0.0044416	0.00016897	7.9973e-07
829	0.99536	0.0044746	0.00016658	7.9423e-07
830	0.99546	0.0043775	0.0001641	7.7546e-07
831	0.99815	0.0016904	0.00016228	3.1437e-07
832	0.97976	0.020076	0.00015655	3.6515e-06
833	0.97304	0.026799	0.00015323	4.7894e-06
834	0.97219	0.027651	0.00015115	4.8874e-06
835	0.97038	0.029466	0.00014911	5.124e-06
836	0.95955	0.040302	0.00014548	6.8563e-06
837	0.95693	0.042918	0.00014341	7.1975e-06
838	0.90234	0.097509	0.00013292	1.5876e-05
839	0.87957	0.12028	0.0001279	1.9232e-05
840	0.87424	0.12561	0.0001255	1.9886e-05
841	0.84394	0.15592	0.00011909	2.446e-05
842	0.80078	0.19908	0.0001111	3.0768e-05
843	0.7402	0.25966	0.00010099	3.9334e-05
844	0.71535	0.28451	9.6458e-05	4.246e-05
845	0.7088	0.29106	9.4723e-05	4.2925e-05
846	0.71489	0.28498	9.4928e-05	4.1583e-05
847	0.74693	0.25294	9.8675e-05	3.6622e-05
848	0.853	0.14686	0.00011237	2.1629e-05
849	0.92808	0.071791	0.00012194	1.0892e-05
850	0.93104	0.068825	0.00012144	1.0368e-05
851	0.94641	0.053457	0.00012256	8.1536e-06
852	0.98617	0.013696	0.00012729	2.4573e-06
853	0.98371	0.016158	0.00012608	2.8519e-06
854	0.98516	0.014713	0.0001256	2.6482e-06
855	0.99176	0.0081157	0.00012601	1.6782e-06
856	0.9831	0.016771	0.00012327	2.8548e-06
857	0.94363	0.056247	0.00011659	8.1212e-06
858	0.76494	0.23494	9.2263e-05	3.1173e-05
859	0.51948	0.4804	6.0812e-05	6.1478e-05
860	0.44309	0.55679	5.051e-05	7.0566e-05
861	0.41334	0.58654	4.6394e-05	7.3577e-05
862	0.40879	0.5911	4.5277e-05	7.353e-05
863	0.41777	0.58211	4.5845e-05	7.1901e-05
864	0.44802	0.55186	4.8968e-05	6.7817e-05
865	0.54918	0.45071	5.9856e-05	5.5909e-05
866	0.7834	0.21649	8.6112e-05	2.873e-05
867	0.7996	0.20029	8.7067e-05	2.6778e-05
868	0.7088	0.29108	7.4805e-05	3.8162e-05
869	0.57995	0.41994	5.8373e-05	5.3818e-05
870	0.52487	0.47502	5.1381e-05	6.0124e-05
871	0.44747	0.55242	4.2097e-05	6.8809e-05
872	0.42198	0.57791	3.8749e-05	7.1509e-05
873	0.41951	0.58038	3.7959e-05	7.1597e-05
874	0.41648	0.58341	3.7031e-05	7.177e-05
875	0.42618	0.57372	3.7482e-05	7.0645e-05
876	0.45789	0.542	4.0094e-05	6.7446e-05
877	0.43796	0.56194	3.7514e-05	6.9527e-05
878	0.43692	0.56297	3.6938e-05	6.9557e-05
879	0.4492	0.5507	3.7745e-05	6.828e-05
880	0.43712	0.56277	3.6134e-05	6.9497e-05
881	0.43831	0.56158	3.5983e-05	6.9329e-05
882	0.43707	0.56283	3.5515e-05	6.9433e-05
883	0.43385	0.56605	3.4773e-05	6.9763e-05
884	0.42515	0.57474	3.3532e-05	7.0667e-05
885	0.4291	0.5708	3.3632e-05	7.0303e-05
886	0.40529	0.5946	3.0961e-05	7.2782e-05
887	0.39872	0.60118	3.0139e-05	7.3481e-05
888	0.40548	0.59441	3.0668e-05	7.2906e-05
889	0.40637	0.59353	3.0692e-05	7.2906e-05
890	0.40217	0.59772	3.0281e-05	7.341e-05
891	0.39284	0.60706	2.943e-05	7.4424e-05
892	0.37841	0.62148	2.8157e-05	7.5937e-05
893	0.3776	0.6223	2.8226e-05	7.6177e-05
894	0.38979	0.61011	2.9618e-05	7.5164e-05
895	0.39954	0.60035	3.0701e-05	7.4418e-05
896	0.34232	0.65757	2.5405e-05	8.0121e-05
897	0.32062	0.67927	2.3537e-05	8.2474e-05
898	0.23926	0.76064	1.5806e-05	9.0644e-05
899	0.20692	0.79298	1.282e-05	9.4142e-05
900	0.19805	0.80184	1.1937e-05	9.5499e-05
901	0.20203	0.79786	1.2126e-05	9.5747e-05
902	0.20172	0.79818	1.2048e-05	9.2753e-05
903	0.21309	0.7868	1.3108e-05	8.8763e-05
904	0.21952	0.78038	1.3665e-05	8.5417e-05
905	0.24665	0.75325	1.619e-05	8.0048e-05
906	0.33674	0.66317	2.4653e-05	6.8677e-05
907	0.40144	0.59847	3.0362e-05	6.0211e-05
908	0.55193	0.44798	4.4382e-05	4.3568e-05
909	0.98132	0.018595	8.3313e-05	1.9406e-06
910	0.96329	0.036625	7.9265e-05	3.4957e-06
911	0.95829	0.041631	7.632e-05	3.8476e-06
912	0.95903	0.040887	7.4065e-05	3.6842e-06
913	0.95862	0.041305	7.1899e-05	3.6127e-06
914	0.96403	0.035893	7.0359e-05	3.0698e-06
915	0.97928	0.020647	6.9742e-05	1.7494e-06
916	0.93924	0.060692	6.518e-05	4.5269e-06
917	0.92382	0.076113	6.2622e-05	5.4422e-06
918	0.92102	0.07891	6.0862e-05	5.483e-06
919	0.9275	0.072436	5.9636e-05	4.9125e-06
920	0.93166	0.068276	5.8386e-05	4.504e-06
921	0.95186	0.04808	5.8029e-05	3.1179e-06
922	0.95436	0.045582	5.6654e-05	2.874e-06
923	0.96455	0.035394	5.5867e-05	2.1587e-06
924	0.9998	0.00014804	5.6431e-05	9.5396e-09
925	0.99518	0.0047683	5.4708e-05	2.7844e-07
926	0.9903	0.0096475	5.2903e-05	5.5609e-07
927	0.99023	0.0097156	5.1292e-05	5.5668e-07
928	0.93257	0.067384	4.661e-05	3.7558e-06
929	0.85228	0.14767	4.1079e-05	7.9086e-06
930	0.82827	0.17168	3.8563e-05	8.9741e-06
931	0.74495	0.255	3.2912e-05	1.3103e-05
932	0.70989	0.29007	3.0093e-05	1.4496e-05
933	0.69714	0.30282	2.8532e-05	1.4719e-05
934	0.68168	0.31828	2.6981e-05	1.5024e-05
935	0.68002	0.31994	2.6131e-05	1.4706e-05
936	0.69203	0.30793	2.5926e-05	1.3825e-05
937	0.68225	0.31771	2.49e-05	1.3843e-05
938	0.68481	0.31515	2.4433e-05	1.337e-05
939	0.70297	0.29699	2.4654e-05	1.2279e-05
