#coord	neutral	conserved	gBGC.neutral	gBGC.conserved
1	0.96646	0.032897	0.0006182	2.1182e-05
2	0.98805	0.011311	0.00062951	7.2649e-06
3	0.9927	0.0066669	0.00062998	4.2503e-06
4	0.99698	0.0023864	0.00063015	1.508e-06
5	0.998	0.0013737	0.00062819	8.6193e-07
6	0.99937	3.1434e-06	0.00062641	1.976e-09
7	0.99937	5.7059e-06	0.00062383	3.5499e-09
8	0.99931	6.574e-05	0.00062117	4.1159e-08
9	0.99931	6.6523e-05	0.00061861	4.145e-08
10	0.99935	3.5774e-05	0.00061612	2.2017e-08
11	0.99919	0.00019435	0.00061347	1.2007e-07
12	0.99936	2.8339e-05	0.00061107	1.7487e-08
13	0.99937	2.2463e-05	0.00060863	1.3814e-08
14	0.99929	0.00010743	0.00060617	6.5844e-08
15	0.99914	0.0002565	0.00060373	1.5638e-07
16	0.99929	0.00010478	0.00060153	6.3723e-08
17	0.99936	3.6052e-05	0.00059932	2.187e-08
18	0.99923	0.00017552	0.00059703	1.0556e-07
19	0.99939	1.0434e-05	0.00059498	6.2331e-09
20	0.99883	0.00057908	0.00059246	3.4583e-07
21	0.99935	6.2925e-05	0.00059064	3.7638e-08
22	0.99933	7.8811e-05	0.00058854	4.688e-08
23	0.99931	0.00010119	0.00058649	6.0022e-08
24	0.99924	0.00017621	0.00058445	1.0399e-07
25	0.99888	0.00053319	0.0005823	3.1183e-07
26	0.9987	0.0007239	0.00058029	4.1929e-07
27	0.99891	0.00051443	0.00057849	2.9654e-07
28	0.99864	0.00078803	0.00057637	4.5455e-07
29	0.99856	0.00086897	0.00057442	4.9756e-07
30	0.99879	0.00064173	0.00057262	3.6558e-07
31	0.99941	2.3057e-05	0.000571	1.3197e-08
32	0.99873	0.00070336	0.0005687	4.007e-07
33	0.99847	0.00095916	0.00056664	5.4467e-07
34	0.99864	0.0007907	0.00056481	4.4772e-07
35	0.99924	0.00019782	0.00056322	1.1218e-07
36	0.99943	1.0158e-05	0.00056145	5.6948e-09
37	0.99944	6.6043e-08	0.00055954	3.7299e-11
38	0.99858	0.00086386	0.0005572	4.8354e-07
39	0.99782	0.0016216	0.00055497	9.0084e-07
40	0.99881	0.00063733	0.00055367	3.5332e-07
41	0.99877	0.00067995	0.00055178	3.7834e-07
42	0.99894	0.0005115	0.00055005	2.8471e-07
43	0.99932	0.00012886	0.00054849	7.2275e-08
44	0.99734	0.0021179	0.00054565	1.1732e-06
45	0.9951	0.0043557	0.00054274	2.3975e-06
46	0.9953	0.0041604	0.00054121	2.2791e-06
47	0.99586	0.0035961	0.00053985	1.9667e-06
48	0.99918	0.00028386	0.00054003	1.5554e-07
49	0.99942	3.9356e-05	0.00053858	2.128e-08
50	0.99946	6.5339e-07	0.00053699	3.5059e-10
51	0.9993	0.00016311	0.00053527	8.7915e-08
52	0.99946	4.0279e-06	0.00053376	2.1595e-09
53	0.99849	0.00097518	0.0005317	5.1643e-07
54	0.9991	0.00036458	0.00053044	1.9247e-07
55	0.99924	0.00023192	0.00052891	1.2335e-07
56	0.99908	0.00039097	0.00052726	2.0766e-07
57	0.99934	0.00013128	0.00052588	6.8957e-08
58	0.99899	0.00048965	0.00052415	2.5635e-07
59	0.99905	0.00042722	0.00052262	2.2425e-07
60	0.99934	0.00014293	0.00052124	7.486e-08
61	0.99729	0.0021922	0.00051861	1.1483e-06
62	0.98936	0.010122	0.00051298	5.2617e-06
63	0.98142	0.018067	0.00050733	9.3813e-06
64	0.97944	0.020043	0.00050484	1.0371e-05
65	0.98173	0.017755	0.00050461	9.1441e-06
66	0.99172	0.0077638	0.00050831	3.9713e-06
67	0.99428	0.0052121	0.00050812	2.6557e-06
68	0.99712	0.0023694	0.00050804	1.208e-06
69	0.99941	8.2897e-05	0.00050771	4.2029e-08
70	0.9987	0.00079762	0.00050583	4.0509e-07
71	0.99914	0.00035095	0.00050458	1.7641e-07
72	0.99925	0.00024536	0.00050313	1.2225e-07
73	0.99483	0.0046713	0.00049939	2.3322e-06
74	0.99438	0.0051187	0.00049761	2.5506e-06
75	0.99724	0.0022591	0.00049744	1.1306e-06
76	0.99546	0.0040412	0.00049501	2.0203e-06
77	0.99623	0.0032793	0.00049382	1.6438e-06
78	0.99678	0.0027244	0.00049256	1.3678e-06
79	0.99021	0.0092952	0.00048781	4.6308e-06
80	0.98895	0.010559	0.00048567	5.2546e-06
81	0.99072	0.008791	0.00048507	4.3727e-06
82	0.9835	0.016011	0.00048	7.9499e-06
83	0.9818	0.017715	0.00047771	8.77e-06
84	0.98415	0.015369	0.00047747	7.5929e-06
85	0.84895	0.15057	0.00041058	7.3096e-05
86	0.80218	0.19734	0.00038668	9.559e-05
87	0.78479	0.21473	0.00037723	0.00010368
88	0.76478	0.23474	0.00036649	0.00011303
89	0.76242	0.2371	0.00036424	0.00011388
90	0.77695	0.22258	0.00036997	0.00010672
91	0.81758	0.18195	0.00038811	8.7185e-05
92	0.7835	0.21602	0.00037076	0.00010317
93	0.73869	0.26084	0.00034856	0.00012405
94	0.58455	0.41498	0.00027462	0.00019664
95	0.3698	0.62973	0.00017309	0.00029685
96	0.303	0.69653	0.00014118	0.00032743
97	0.2148	0.78473	9.968e-05	0.00036762
98	0.17952	0.82001	8.3117e-05	0.0003829
99	0.17081	0.82873	7.8856e-05	0.00038587
100	0.15731	0.84223	7.2461e-05	0.00039099
101	0.15824	0.8413	7.2701e-05	0.00038946
102	0.17498	0.82456	8.0173e-05	0.00038069
103	0.088433	0.91111	4.0393e-05	0.0004192
104	0.058292	0.94125	2.648e-05	0.00043183
105	0.048418	0.95112	2.187e-05	0.00043514
106	0.033295	0.96625	1.4931e-05	0.0004408
107	0.029561	0.96998	1.3174e-05	0.00044127
108	0.029922	0.96963	1.3283e-05	0.00043989
109	0.035091	0.96446	1.5556e-05	0.00043637
110	0.01701	0.98254	7.4685e-06	0.00044323
111	0.0097452	0.98981	4.245e-06	0.00044525
112	0.0079649	0.99159	3.4428e-06	0.00044483
113	0.0081046	0.99145	3.4928e-06	0.00044358
114	0.010494	0.98906	4.5329e-06	0.00044136
115	0.011993	0.98756	5.1675e-06	0.00043953
116	0.016782	0.98277	7.2399e-06	0.00043628
117	0.029202	0.97036	1.2652e-05	0.00042972
118	0.059952	0.93961	2.6113e-05	0.00041512
119	0.14774	0.85182	6.4298e-05	0.0003758
120	0.39785	0.60171	0.00017234	0.0002666
121	0.39305	0.60651	0.00016974	0.00026806
122	0.40426	0.59531	0.00017408	0.00026258
123	0.44491	0.55466	0.00019097	0.00024454
124	0.47484	0.52473	0.00020328	0.00023109
125	0.47499	0.52458	0.00020279	0.00023048
126	0.49028	0.50929	0.00020888	0.0002233
127	0.45461	0.54496	0.00019288	0.00023821
128	0.44302	0.55655	0.00018742	0.0002426
129	0.44553	0.55404	0.00018808	0.0002409
130	0.36247	0.63711	0.00015254	0.00027542
131	0.26496	0.73461	0.00011089	0.00031604
132	0.23547	0.7641	9.8089e-05	0.0003278
133	0.20466	0.79491	8.4716e-05	0.00034012
134	0.19319	0.80638	7.9646e-05	0.00034415
135	0.19329	0.80629	7.9489e-05	0.00034329
136	0.16964	0.82993	6.9334e-05	0.00035241
137	0.16557	0.83401	6.7386e-05	0.00035332
138	0.17065	0.82893	6.9269e-05	0.00035041
139	0.15733	0.84226	6.3558e-05	0.00035511
140	0.15715	0.84243	6.3276e-05	0.00035438
141	0.16663	0.83296	6.6974e-05	0.00034968
142	0.17146	0.82812	6.8787e-05	0.00034689
143	0.18905	0.81053	7.5849e-05	0.00033887
144	0.23241	0.76717	9.3534e-05	0.00032024
145	0.2617	0.73789	0.00010544	0.00030742
146	0.33144	0.66815	0.00013412	0.00027783
147	0.50364	0.49595	0.00020553	0.00020555
148	0.99467	0.0049232	0.00040813	2.0494e-06
149	0.99484	0.0047509	0.00040735	1.9689e-06
150	0.99773	0.0018621	0.00040773	7.6151e-07
151	0.99668	0.0029173	0.00040634	1.1943e-06
152	0.99115	0.0084394	0.00040317	3.4396e-06
153	0.98577	0.013825	0.00040004	5.6318e-06
154	0.98586	0.013734	0.00039911	5.5948e-06
155	0.97942	0.020172	0.00039556	8.2025e-06
156	0.97949	0.020108	0.00039463	8.1731e-06
157	0.98396	0.015634	0.00039552	6.3568e-06
158	0.98807	0.011525	0.0003963	4.6826e-06
159	0.99921	0.00038761	0.00039995	1.5807e-07
160	0.99714	0.0024616	0.00039829	9.8547e-07
161	0.99734	0.0022619	0.00039752	9.054e-07
162	0.9995	0.00010238	0.00039756	4.0639e-08
163	0.99944	0.00015962	0.0003967	6.3148e-08
164	0.99934	0.00025936	0.00039579	1.0301e-07
165	0.99952	8.4395e-05	0.00039502	3.3128e-08
166	0.99344	0.0061693	0.00039185	2.3954e-06
167	0.97338	0.026228	0.00038322	1.0199e-05
168	0.96815	0.031455	0.00038035	1.2217e-05
169	0.96991	0.029698	0.00038018	1.1514e-05
170	0.97785	0.021764	0.00038246	8.3948e-06
171	0.98497	0.014641	0.00038437	5.6175e-06
172	0.98527	0.014341	0.00038362	5.4932e-06
173	0.98066	0.018949	0.00038093	7.2721e-06
174	0.97566	0.023953	0.00037807	9.2063e-06
175	0.94911	0.050505	0.00036695	1.943e-05
176	0.94216	0.057455	0.00036339	2.2078e-05
177	0.94438	0.055238	0.00036333	2.1201e-05
178	0.94466	0.054953	0.00036257	2.1053e-05
179	0.9554	0.044219	0.00036575	1.6941e-05
180	0.98227	0.017345	0.0003751	6.6801e-06
181	0.98792	0.011702	0.0003764	4.5124e-06
182	0.99203	0.007589	0.00037714	2.9272e-06
183	0.99522	0.0043973	0.00037756	1.6928e-06
184	0.99561	0.0040076	0.00037687	1.5411e-06
185	0.99635	0.0032678	0.00037629	1.2617e-06
186	0.99692	0.002705	0.00037568	1.0483e-06
187	0.99567	0.0039549	0.0003744	1.5256e-06
188	0.99646	0.0031659	0.00037393	1.2236e-06
189	0.99708	0.0025499	0.00037343	9.8696e-07
190	0.9769	0.022723	0.00036507	8.6291e-06
191	0.96946	0.030163	0.00036161	1.1411e-05
192	0.96911	0.030513	0.00036078	1.1531e-05
193	0.95886	0.040772	0.00035629	1.5351e-05
194	0.94706	0.052569	0.0003512	1.9753e-05
195	0.89461	0.10502	0.00033104	3.9249e-05
196	0.8259	0.17374	0.00030509	6.4565e-05
197	0.74559	0.25404	0.00027481	9.4196e-05
198	0.71881	0.28082	0.00026436	0.00010398
199	0.40825	0.59138	0.00014816	0.00021949
200	0.28192	0.71771	0.0001012	0.00026579
201	0.231	0.76863	8.2341e-05	0.00028401
202	0.21161	0.78803	7.5135e-05	0.00029059
203	0.20891	0.79073	7.3978e-05	0.00029111
204	0.21646	0.78317	7.6544e-05	0.00028792
205	0.23986	0.75978	8.4833e-05	0.00027903
206	0.23811	0.76152	8.4087e-05	0.00027919
207	0.24836	0.75128	8.7693e-05	0.00027502
208	0.25331	0.74633	8.9411e-05	0.00027275
209	0.27418	0.72546	9.6947e-05	0.00026469
210	0.34576	0.65387	0.00012283	0.00023826
211	0.51182	0.48782	0.00018326	0.00017731
212	0.98539	0.014255	0.0003548	5.2269e-06
213	0.98688	0.012762	0.00035484	4.6722e-06
214	0.51034	0.4893	0.00018156	0.00017743
215	0.3163	0.68334	0.00011149	0.00024699
216	0.23757	0.76207	8.3219e-05	0.00027477
217	0.20634	0.79331	7.2038e-05	0.00028549
218	0.19953	0.80012	6.9502e-05	0.00028754
219	0.20348	0.79616	7.0809e-05	0.00028577
220	0.22161	0.77803	7.7165e-05	0.00027897
221	0.28429	0.71535	9.9179e-05	0.0002565
222	0.42978	0.56987	0.00015061	0.00020463
223	0.53396	0.46568	0.00018752	0.0001673
224	0.53386	0.46579	0.00018731	0.0001671
225	0.53305	0.4666	0.00018681	0.00016718
226	0.4238	0.57585	0.00014826	0.00020534
227	0.31255	0.6871	0.00010888	0.00024431
228	0.26794	0.73171	9.3156e-05	0.00025964
229	0.2115	0.78815	7.3237e-05	0.00027916
230	0.19309	0.80656	6.6657e-05	0.00028533
231	0.19197	0.80768	6.6128e-05	0.00028543
232	0.16811	0.83154	5.7665e-05	0.00029349
233	0.15981	0.83984	5.47e-05	0.00029606
234	0.16163	0.83802	5.5281e-05	0.0002951
235	0.1779	0.82175	6.0838e-05	0.00028916
236	0.21827	0.78138	7.4791e-05	0.00027484
237	0.3187	0.68095	0.00010977	0.0002395
238	0.2444	0.75525	8.4056e-05	0.00026488
239	0.22248	0.77717	7.6384e-05	0.00027221
240	0.21579	0.78386	7.4029e-05	0.00027423
241	0.2086	0.79106	7.1475e-05	0.00027644
242	0.21161	0.78805	7.248e-05	0.00027511
243	0.23158	0.76807	7.9329e-05	0.00026792
244	0.29989	0.69976	0.00010276	0.00024414
245	0.45831	0.54135	0.00015743	0.00018913
246	0.84749	0.15216	0.00029258	5.3669e-05
247	0.85261	0.14704	0.00029413	5.1829e-05
248	0.87583	0.12382	0.00030193	4.3717e-05
249	0.93171	0.067941	0.0003212	2.4168e-05
250	0.9457	0.053957	0.00032577	1.9296e-05
251	0.93621	0.063444	0.00032216	2.263e-05
252	0.93513	0.064522	0.00032155	2.2993e-05
253	0.94304	0.056619	0.00032404	2.0234e-05
254	0.92468	0.074972	0.00031737	2.6664e-05
255	0.9191	0.080559	0.00031523	2.8594e-05
256	0.91365	0.086007	0.00031309	3.0493e-05
257	0.91581	0.083852	0.00031365	2.9725e-05
258	0.92716	0.072496	0.00031745	2.5733e-05
259	0.92544	0.074214	0.00031673	2.6294e-05
260	0.93092	0.068734	0.00031856	2.4329e-05
261	0.94765	0.052004	0.0003244	1.8379e-05
262	0.95014	0.049522	0.00032517	1.7476e-05
263	0.96127	0.038386	0.00032902	1.3517e-05
264	0.99952	0.00013311	0.00034237	4.7265e-08
265	0.99855	0.0011095	0.00034193	3.8245e-07
266	0.99889	0.0007675	0.00034198	2.6318e-07
267	0.99963	2.6316e-05	0.00034214	9.0682e-09
268	0.99958	7.9239e-05	0.00034205	2.7122e-08
269	0.99902	0.00063919	0.00034177	2.2001e-07
270	0.99959	6.9481e-05	0.0003419	2.3946e-08
271	0.99905	0.00060924	0.00034164	2.1058e-07
272	0.99868	0.00097368	0.00034146	3.3594e-07
273	0.99965	1.0201e-05	0.00034176	3.539e-09
274	0.99958	8.2651e-05	0.00034174	2.8439e-08
275	0.99867	0.00098454	0.00034146	3.3667e-07
276	0.99935	0.00030855	0.00034169	1.0718e-07
277	0.89568	0.10398	0.00030584	3.5996e-05
278	0.85998	0.13967	0.00029344	4.8417e-05
279	0.84947	0.15019	0.00028974	5.2119e-05
280	0.83357	0.16609	0.00028422	5.766e-05
281	0.76707	0.23259	0.00026101	8.0886e-05
282	0.74131	0.25835	0.00025208	8.9843e-05
283	0.71523	0.28443	0.00024297	9.8965e-05
284	0.70707	0.29259	0.00024014	0.00010184
285	0.6932	0.30646	0.00023539	0.00010665
286	0.67286	0.32679	0.00022846	0.00011365
287	0.65147	0.34818	0.00022111	0.00012106
288	0.64717	0.35248	0.0002197	0.00012256
289	0.64085	0.35881	0.00021755	0.00012478
290	0.65024	0.34942	0.00022076	0.00012162
291	0.6866	0.31306	0.00023311	0.00010932
292	0.63568	0.36397	0.00021523	0.00012722
293	0.617	0.38265	0.00020871	0.00013378
294	0.61355	0.3861	0.00020752	0.00013504
295	0.57488	0.42477	0.00019422	0.00014843
296	0.53036	0.4693	0.00017881	0.00016391
297	0.51329	0.48637	0.00017296	0.00016986
298	0.42452	0.57514	0.00014256	0.00020038
299	0.38708	0.61258	0.00012983	0.00021323
300	0.37447	0.62518	0.00012563	0.00021758
301	0.32148	0.67817	0.00010759	0.00023576
302	0.30158	0.69808	0.00010089	0.00024261
303	0.29672	0.70294	9.9337e-05	0.00024434
304	0.30426	0.6954	0.00010205	0.00024181
305	0.33545	0.66421	0.00011289	0.00023116
306	0.4099	0.58976	0.00013883	0.00020541
307	0.64895	0.35071	0.00022156	0.00012286
308	0.81715	0.1825	0.00028022	6.4403e-05
309	0.98129	0.018365	0.00033722	7.5887e-06
310	0.97899	0.020669	0.0003364	8.6145e-06
311	0.981	0.018651	0.00033725	8.0015e-06
312	0.99049	0.0091632	0.00034073	4.7386e-06
313	0.99212	0.0075309	0.00034141	4.3126e-06
314	0.99312	0.0065346	0.00033966	3.5437e-06
315	0.9993	0.00035971	0.00034046	1.9411e-07
316	0.93542	0.064238	0.00031613	2.2018e-05
317	0.91376	0.085907	0.00030639	2.9241e-05
318	0.90606	0.093606	0.00030152	3.162e-05
319	0.90664	0.093031	0.00029951	3.119e-05
320	0.91878	0.080892	0.00030127	2.6961e-05
321	0.95165	0.048029	0.00030986	1.5945e-05
322	0.96055	0.039124	0.00031053	1.2893e-05
323	0.96661	0.03307	0.00031029	1.0802e-05
324	0.98953	0.01015	0.00031543	3.292e-06
325	0.98985	0.0098332	0.00031325	3.1535e-06
326	0.99462	0.0050691	0.00031245	1.6084e-06
327	0.99968	1.2349e-05	0.00031168	3.8828e-09
328	0.99708	0.0026135	0.00030855	8.0276e-07
329	0.99701	0.0026872	0.00030618	8.192e-07
330	0.99968	1.082e-05	0.00030461	4.0112e-09
331	0.99823	0.0014721	0.00030164	5.6475e-07
332	0.9776	0.022098	0.00029155	6.6759e-06
333	0.96996	0.029745	0.0002855	8.8055e-06
334	0.96947	0.030237	0.00028154	8.8142e-06
335	0.97555	0.024162	0.00027944	6.9366e-06
336	0.99789	0.001826	0.00028185	5.1608e-07
337	0.99542	0.0043054	0.00027722	1.1931e-06
338	0.99573	0.0039914	0.00027333	1.089e-06
339	0.99967	6.1966e-05	0.00027039	1.6598e-08
340	0.9995	0.00023293	0.00026629	6.2094e-08
341	0.99886	0.00087344	0.00026212	2.2827e-07
342	0.99974	1.1205e-06	0.00025832	2.9025e-10
343	0.99877	0.00097807	0.0002541	2.4872e-07
344	0.99821	0.0015421	0.00024996	3.8749e-07
345	0.99917	0.00058136	0.00024626	1.4358e-07
346	0.99822	0.0015328	0.00024206	3.7307e-07
347	0.99719	0.0025685	0.00023791	6.1322e-07
348	0.99823	0.0015312	0.00023422	3.6045e-07
349	0.99578	0.0039871	0.00022968	9.2697e-07
350	0.99578	0.0039941	0.00022578	9.1302e-07
351	0.99822	0.0015582	0.0002225	3.4897e-07
352	0.99285	0.0069305	0.00021744	1.5206e-06
353	0.99225	0.0075385	0.00021342	1.6274e-06
354	0.99455	0.005239	0.00021008	1.111e-06
355	0.99352	0.0062691	0.00020599	1.307e-06
356	0.99511	0.0046905	0.00020251	9.5994e-07
357	0.99705	0.0027491	0.00019905	5.553e-07
358	0.99674	0.0030609	0.0001952	6.0664e-07
359	0.99837	0.0014425	0.00019177	2.8109e-07
360	0.99978	2.8461e-05	0.00018835	5.4725e-09
361	0.99944	0.00037957	0.00018464	7.0459e-08
362	0.99936	0.00045934	0.00018104	8.3111e-08
363	0.9986	0.001221	0.00017738	2.1455e-07
364	0.99824	0.0015848	0.00017376	2.723e-07
365	0.99786	0.0019726	0.00017019	3.2966e-07
366	0.99745	0.0023833	0.00016667	3.8572e-07
367	0.99745	0.0023849	0.00016319	3.7311e-07
368	0.99947	0.00036748	0.00016008	3.744e-08
369	0.99942	0.00042083	0.00016017	5.6915e-08
370	0.99715	0.0026881	0.00015992	4.2254e-07
371	0.99705	0.0027864	0.00016005	4.398e-07
372	0.99972	0.00011583	0.00016059	1.8472e-08
373	0.99962	0.00021887	0.00016072	3.5294e-08
374	0.9974	0.0024435	0.00016052	3.931e-07
375	0.99525	0.0045926	0.00016031	7.4131e-07
376	0.99542	0.004421	0.00016049	7.135e-07
377	0.99875	0.0010886	0.00016117	1.7717e-07
378	0.99943	0.00040463	0.00016144	6.6498e-08
379	0.99946	0.00037607	0.00016162	6.2157e-08
380	0.99886	0.00098167	0.00016174	1.5936e-07
381	0.99984	1.1064e-07	0.00016211	1.8064e-11
382	0.99877	0.001069	0.00016215	1.7337e-07
383	0.99792	0.0019151	0.00016222	3.1195e-07
384	0.99871	0.0011264	0.00016257	1.8314e-07
385	0.99974	9.2539e-05	0.00016295	1.5003e-08
386	0.99983	7.4342e-06	0.00016316	1.2057e-09
387	0.99983	3.6822e-06	0.00016333	6.1543e-10
388	0.99861	0.001225	0.00016329	2.0706e-07
389	0.99733	0.0025021	0.00016325	4.2363e-07
390	0.99789	0.0019413	0.00016353	3.3333e-07
391	0.98124	0.018596	0.000161	3.1132e-06
392	0.96417	0.035663	0.00015837	5.9865e-06
393	0.95787	0.041964	0.00015755	7.0528e-06
394	0.93114	0.068694	0.00015335	1.1518e-05
395	0.92156	0.07827	0.00015202	1.3124e-05
396	0.92208	0.077757	0.00015235	1.3062e-05
397	0.90791	0.091924	0.00015026	1.5438e-05
398	0.89176	0.10807	0.00014781	1.8165e-05
399	0.88729	0.11254	0.00014732	1.8937e-05
400	0.89471	0.10512	0.0001488	1.773e-05
401	0.91783	0.082003	0.00015295	1.3865e-05
402	0.97301	0.026822	0.00016259	4.5271e-06
403	0.96979	0.030044	0.00016232	5.0728e-06
404	0.97169	0.028139	0.00016294	4.7524e-06
405	0.98324	0.016591	0.00016517	2.8047e-06
406	0.986	0.013836	0.0001659	2.3447e-06
407	0.99453	0.005299	0.00016763	8.9789e-07
408	0.99657	0.0032659	0.00016824	5.5489e-07
409	0.9938	0.0060292	0.00016801	1.0275e-06
410	0.99388	0.0059547	0.00016829	1.0161e-06
411	0.99664	0.0031954	0.00016905	5.4442e-07
412	0.99976	7.3829e-05	0.00016985	1.2673e-08
413	0.9998	2.6879e-05	0.00017014	4.6163e-09
414	0.99684	0.0029912	0.00016994	5.1031e-07
415	0.95315	0.046683	0.00016283	7.9344e-06
416	0.94033	0.059497	0.00016092	1.0141e-05
417	0.93916	0.060669	0.00016098	1.0367e-05
418	0.9357	0.064125	0.00016067	1.0978e-05
419	0.93886	0.060973	0.00016152	1.045e-05
420	0.95416	0.045669	0.00016444	7.8323e-06
421	0.95618	0.043646	0.00016505	7.5e-06
422	0.96797	0.031861	0.00016733	5.4948e-06
423	0.99868	0.0011482	0.00017292	1.9971e-07
424	0.98453	0.0153	0.00017076	2.6579e-06
425	0.97913	0.020701	0.00017015	3.596e-06
426	0.97848	0.021347	0.00017038	3.7076e-06
427	0.97742	0.022405	0.00017051	3.8941e-06
428	0.98183	0.017991	0.00017159	3.1295e-06
429	0.99885	0.00097248	0.00017484	1.7182e-07
430	0.99742	0.0024006	0.00017489	4.2513e-07
431	0.97873	0.02109	0.00017186	3.7552e-06
432	0.9719	0.027922	0.00017095	4.9742e-06
433	0.94793	0.051895	0.00016696	9.2655e-06
434	0.91456	0.085266	0.00016131	1.522e-05
435	0.90224	0.097582	0.00015944	1.7428e-05
436	0.70003	0.29979	0.00012406	5.315e-05
437	0.62968	0.37014	0.0001118	6.5744e-05
438	0.60684	0.39298	0.00010791	6.9949e-05
439	0.2564	0.74342	4.5767e-05	0.00013243
440	0.13345	0.86637	2.3839e-05	0.00015468
441	0.095234	0.90459	1.6991e-05	0.00016185
442	0.080396	0.91942	1.4358e-05	0.0001648
443	0.077452	0.92237	1.3844e-05	0.00016563
444	0.082871	0.91695	1.4819e-05	0.00016497
445	0.07696	0.92286	1.3749e-05	0.00016633
446	0.078245	0.92157	1.3986e-05	0.0001664
447	0.087068	0.91275	1.5586e-05	0.00016512
448	0.06949	0.93033	1.2404e-05	0.0001686
449	0.063618	0.9362	1.1355e-05	0.00016997
450	0.066354	0.93346	1.1849e-05	0.00016978
451	0.055454	0.94436	9.8848e-06	0.00017206
452	0.053735	0.94608	9.5734e-06	0.00017268
453	0.057409	0.94241	1.0241e-05	0.00017232
454	0.058087	0.94173	1.0377e-05	0.00017251
455	0.065046	0.93477	1.166e-05	0.00017156
456	0.069064	0.93075	1.2422e-05	0.00017113
457	0.081996	0.91782	1.4835e-05	0.00016907
458	0.09015	0.90967	1.6391e-05	0.00016787
459	0.12063	0.87918	2.2072e-05	0.00016254
460	0.15023	0.84958	2.758e-05	0.00015737
461	0.21968	0.78014	4.0556e-05	0.00014475
462	0.39069	0.60912	7.272e-05	0.00011294
463	0.43525	0.56457	8.1199e-05	0.00010481
464	0.56492	0.43489	0.00010555	8.0794e-05
465	0.97935	0.02046	0.00018284	3.8265e-06
466	0.98085	0.018965	0.00018346	3.5522e-06
467	0.98925	0.010565	0.00018535	1.9877e-06
468	0.99587	0.0039409	0.00018694	7.4201e-07
469	0.99537	0.004439	0.00018718	8.3801e-07
470	0.99722	0.0025945	0.00018788	4.8961e-07
471	0.99945	0.00036259	0.00018863	6.925e-08
472	0.99944	0.0003666	0.00018897	7.0401e-08
473	0.99883	0.00097746	0.00018922	1.8736e-07
474	0.99968	0.00013462	0.00018973	2.8706e-08
475	0.99965	0.00016366	0.00018973	3.2401e-08
476	0.99939	0.00041942	0.0001897	8.0725e-08
477	0.99941	0.00040465	0.00018974	7.7157e-08
478	0.99976	5.0092e-05	0.00018983	9.6454e-09
479	0.99922	0.00059261	0.00018977	1.1336e-07
480	0.99978	3.1005e-05	0.00018994	5.9755e-09
481	0.99637	0.0034368	0.00018933	6.6278e-07
482	0.99562	0.0041922	0.00018925	8.0863e-07
483	0.99695	0.0028562	0.00018959	5.5233e-07
484	0.95863	0.041177	0.00018226	7.9404e-06
485	0.78727	0.21254	0.00014949	4.0791e-05
486	0.71802	0.28179	0.00013637	5.401e-05
487	0.40044	0.59937	7.6238e-05	0.00011426
488	0.30118	0.69863	5.7351e-05	0.00013325
489	0.25885	0.74096	4.9359e-05	0.00014135
490	0.097358	0.90245	1.8601e-05	0.00017221
491	0.04678	0.95303	8.914e-06	0.00018199
492	0.026271	0.97354	5.0103e-06	0.00018599
493	0.020327	0.97948	3.8725e-06	0.00018722
494	0.018647	0.98116	3.555e-06	0.00018764
495	0.020256	0.97955	3.871e-06	0.00018743
496	0.01485	0.98496	2.8424e-06	0.00018856
497	0.01437	0.98544	2.7507e-06	0.00018874
498	0.018098	0.98171	3.4589e-06	0.00018812
499	0.014705	0.9851	2.8103e-06	0.00018886
500	0.01546	0.98435	2.9517e-06	0.0001888
501	0.019442	0.98037	3.7151e-06	0.00018812
502	0.032199	0.96761	6.1475e-06	0.00018577
503	0.069028	0.93078	1.314e-05	0.00017885
504	0.15949	0.84032	3.0432e-05	0.00016164
505	0.18185	0.81796	3.4694e-05	0.00015745
506	0.23551	0.7643	4.4983e-05	0.00014724
507	0.38963	0.61018	7.4391e-05	0.00011791
508	0.50668	0.49313	9.6895e-05	9.5488e-05
509	0.79474	0.20507	0.00015262	3.9859e-05
510	0.9974	0.002412	0.00019213	4.6548e-07
511	0.99668	0.0031247	0.00019209	6.0211e-07
512	0.99826	0.0015498	0.00019247	2.9939e-07
513	0.9981	0.0017025	0.00019254	3.2827e-07
514	0.99584	0.003965	0.00019218	7.6613e-07
515	0.99596	0.0038481	0.00019231	7.4226e-07
516	0.99943	0.00037475	0.00019306	7.2183e-08
517	0.99669	0.0031212	0.00019259	6.0464e-07
518	0.99626	0.0035427	0.00019259	6.8521e-07
519	0.99866	0.0011436	0.00019312	2.2228e-07
520	0.98512	0.014689	0.00019051	2.8754e-06
521	0.98123	0.018579	0.00018977	3.6449e-06
522	0.97744	0.022363	0.00018903	4.4007e-06
523	0.90979	0.090015	0.00017572	1.7734e-05
524	0.88693	0.11288	0.00017121	2.2268e-05
525	0.87899	0.12082	0.00016966	2.3845e-05
526	0.8667	0.13311	0.00016729	2.6262e-05
527	0.86498	0.13483	0.00016701	2.6602e-05
528	0.87336	0.12644	0.00016873	2.4957e-05
529	0.86927	0.13053	0.000168	2.5761e-05
530	0.86495	0.13486	0.00016718	2.6622e-05
531	0.87032	0.12949	0.00016829	2.5577e-05
532	0.8604	0.13941	0.00016639	2.7532e-05
533	0.86043	0.13938	0.00016646	2.7532e-05
534	0.87366	0.12614	0.00016908	2.4961e-05
535	0.852	0.14781	0.00016491	2.9199e-05
536	0.84762	0.15219	0.0001641	3.0072e-05
537	0.85267	0.14713	0.00016515	2.9088e-05
538	0.85738	0.14242	0.00016611	2.8183e-05
539	0.87488	0.12492	0.00016961	2.4758e-05
540	0.91813	0.081675	0.00017823	1.6229e-05
541	0.94889	0.050918	0.00018443	1.0126e-05
542	0.93397	0.06583	0.00018167	1.3014e-05
543	0.92993	0.069879	0.00018103	1.3785e-05
544	0.68342	0.31639	0.00013343	6.1513e-05
545	0.6067	0.39311	0.00011857	7.648e-05
546	0.5815	0.41831	0.0001137	8.1451e-05
547	0.27631	0.72349	5.3721e-05	0.00014151
548	0.15204	0.84776	2.9446e-05	0.00016588
549	0.10163	0.89818	1.966e-05	0.00017577
550	0.034667	0.96514	6.7261e-06	0.00018882
551	0.013696	0.98611	2.6521e-06	0.000193
552	0.0072314	0.99257	1.3887e-06	0.00019436
553	0.0047575	0.99505	9.0762e-07	0.00019494
554	0.0041423	0.99566	7.8855e-07	0.00019518
555	0.0054472	0.99436	1.0365e-06	0.00019503
556	0.005552	0.99425	1.0544e-06	0.00019513
557	0.0074262	0.99238	1.4151e-06	0.00019489
558	0.012684	0.98712	2.4342e-06	0.00019401
559	0.016039	0.98376	3.0905e-06	0.00019349
560	0.025299	0.9745	4.9109e-06	0.00019182
561	0.048441	0.95136	9.4894e-06	0.0001874
562	0.10194	0.89787	2.0141e-05	0.00017692
563	0.27272	0.72709	5.3988e-05	0.00014323
564	0.75913	0.24067	0.00015004	4.733e-05
565	0.75211	0.24769	0.00014875	4.8758e-05
566	0.75633	0.24347	0.0001497	4.7953e-05
567	0.78329	0.21651	0.00015512	4.2673e-05
568	0.76343	0.23637	0.00015133	4.6612e-05
569	0.76117	0.23863	0.00015099	4.7092e-05
570	0.77129	0.22851	0.00015313	4.5104e-05
571	0.38438	0.61542	7.6759e-05	0.00012162
572	0.26326	0.73654	5.273e-05	0.00014578
573	0.22611	0.77369	4.5332e-05	0.0001533
574	0.093767	0.90603	1.8751e-05	0.00017998
575	0.036358	0.96344	7.2812e-06	0.00019157
576	0.016248	0.98355	3.2434e-06	0.00019572
577	0.0081003	0.9917	1.6173e-06	0.00019746
578	0.0054593	0.99434	1.0868e-06	0.0001981
579	0.004692	0.99511	9.3379e-07	0.00019837
580	0.0033622	0.99644	6.6596e-07	0.00019875
581	0.0032917	0.99651	6.5126e-07	0.00019888
582	0.00442	0.99538	8.7692e-07	0.00019878
583	0.0049905	0.99481	9.8925e-07	0.00019879
584	0.0045667	0.99523	9.0609e-07	0.000199
585	0.0054324	0.99437	1.0822e-06	0.00019895
586	0.0025153	0.99728	5.0033e-07	0.00019966
587	0.0017913	0.99801	3.5407e-07	0.00019993
588	0.0017483	0.99805	3.4466e-07	0.00020006
589	0.0023545	0.99744	4.651e-07	0.00020007
590	0.0040585	0.99574	8.0597e-07	0.00019988
591	0.0098866	0.98991	1.9645e-06	0.00019885
592	0.0049581	0.99484	9.8139e-07	0.00019998
593	0.002887	0.99691	5.7067e-07	0.00020054
594	0.0021411	0.99766	4.2448e-07	0.00020084
595	0.0021686	0.99763	4.3327e-07	0.000201
596	0.0033795	0.99642	6.7873e-07	0.00020091
597	0.0077495	0.99205	1.5575e-06	0.00020018
598	0.010225	0.98957	2.0605e-06	0.00019984
599	0.016604	0.98319	3.363e-06	0.0001987
600	0.032609	0.96719	6.6522e-06	0.00019559
601	0.078446	0.92135	1.6033e-05	0.00018638
602	0.20908	0.79072	4.267e-05	0.0001599
603	0.62554	0.37425	0.00012722	7.5497e-05
604	0.63221	0.36759	0.00012864	7.4208e-05
605	0.66666	0.33314	0.00013564	6.7327e-05
606	0.74884	0.25096	0.00015237	5.0732e-05
607	0.77108	0.22871	0.00015694	4.6283e-05
608	0.79318	0.20661	0.00016144	4.1881e-05
609	0.85092	0.14888	0.0001732	3.0239e-05
610	0.86446	0.13534	0.00017601	2.7539e-05
611	0.8993	0.10049	0.00018318	2.0496e-05
612	0.98651	0.013288	0.0002011	2.7138e-06
613	0.99293	0.0068653	0.00020258	1.3952e-06
614	0.99963	0.00016914	0.00020406	3.4673e-08
615	0.99973	6.3099e-05	0.00020422	1.309e-08
616	0.99945	0.00034343	0.00020432	7.1337e-08
617	0.99851	0.0012885	0.0002043	2.6703e-07
618	0.99893	0.00086313	0.00020458	1.7973e-07
619	0.96513	0.03467	0.00019782	7.1496e-06
620	0.95207	0.047724	0.00019536	9.8342e-06
621	0.95033	0.049462	0.0001952	1.0206e-05
622	0.34769	0.6521	7.1673e-05	0.00013397
623	0.13611	0.86368	2.8066e-05	0.0001778
624	0.061875	0.93792	1.2683e-05	0.00019339
625	0.029712	0.97008	6.051e-06	0.00020025
626	0.016705	0.98309	3.3836e-06	0.00020315
627	0.012515	0.98728	2.5181e-06	0.00020423
628	0.012118	0.98768	2.4268e-06	0.00020454
629	0.014148	0.98564	2.831e-06	0.00020436
630	0.020109	0.97968	4.0341e-06	0.00020339
631	0.040148	0.95964	8.0598e-06	0.00019958
632	0.089455	0.91034	1.8038e-05	0.00018984
633	0.23003	0.76976	4.6383e-05	0.00016171
634	0.63044	0.36935	0.00012683	8.1475e-05
635	0.7205	0.27929	0.00014515	6.3382e-05
636	0.94273	0.057063	0.00019056	1.8226e-05
637	0.94514	0.054651	0.00019017	1.7033e-05
638	0.9585	0.041293	0.00019293	1.2683e-05
639	0.99882	0.00097112	0.0002037	2.9698e-07
640	0.9996	0.00019383	0.00020236	5.4588e-08
641	0.99813	0.0016662	0.00020046	3.4888e-07
642	0.99663	0.0031702	0.00019854	6.4759e-07
643	0.99762	0.0021862	0.0001971	4.467e-07
644	0.99673	0.0030716	0.00019531	6.2071e-07
645	0.9978	0.0020028	0.00019394	4.0536e-07
646	0.9558	0.04401	0.00018411	8.6779e-06
647	0.93827	0.061539	0.00017924	1.2019e-05
648	0.93503	0.064779	0.00017714	1.2563e-05
649	0.8615	0.13831	0.00016164	2.6536e-05
650	0.83048	0.16933	0.00015449	3.2184e-05
651	0.82371	0.1761	0.00015194	3.3213e-05
652	0.78119	0.21863	0.00014281	4.0848e-05
653	0.76857	0.23124	0.00013928	4.2861e-05
654	0.76809	0.23173	0.00013804	4.2613e-05
655	0.74246	0.25736	0.0001323	4.6883e-05
656	0.73745	0.26237	0.00013029	4.7405e-05
657	0.74385	0.25598	0.00013036	4.5881e-05
658	0.74665	0.25317	0.0001298	4.4998e-05
659	0.76786	0.23196	0.00013243	4.0918e-05
660	0.82031	0.17952	0.00014047	3.1439e-05
661	0.83347	0.16636	0.00014155	2.8914e-05
662	0.8703	0.12953	0.00014668	2.2355e-05
663	0.95697	0.042863	0.00016028	7.3487e-06
664	0.95446	0.045372	0.00015855	7.6928e-06
665	0.95917	0.040665	0.00015802	6.8328e-06
666	0.97674	0.023099	0.00015957	3.8626e-06
667	0.97974	0.020099	0.00015871	3.3312e-06
668	0.98212	0.017718	0.00015777	2.9065e-06
669	0.99232	0.0075194	0.00015806	1.2263e-06
670	0.99978	6.5975e-05	0.00015792	1.0424e-08
671	0.99921	0.00063543	0.00015634	9.991e-08
672	0.99977	7.7122e-05	0.00015496	1.186e-08
673	0.997	0.0028439	0.00015305	4.3316e-07
674	0.99688	0.0029643	0.00015154	4.4711e-07
675	0.99958	0.0002649	0.00015042	3.9788e-08
676	0.99891	0.00093643	0.00014882	1.3938e-07
677	0.99865	0.0012029	0.00014727	1.7796e-07
678	0.99985	4.9522e-06	0.00014596	7.0783e-10
679	0.99977	8.7911e-05	0.00014432	1.2799e-08
680	0.99871	0.0011431	0.00014257	1.6388e-07
681	0.99901	0.00085199	0.00014105	1.2038e-07
682	0.99859	0.0012671	0.0001394	1.7718e-07
683	0.9982	0.0016658	0.00013778	2.2952e-07
684	0.99985	1.3481e-05	0.00013641	1.8678e-09
685	0.99733	0.002532	0.00013451	3.458e-07
686	0.99706	0.0028047	0.00013294	3.7867e-07
687	0.9988	0.0010665	0.00013166	1.4272e-07
688	0.999	0.0008742	0.00013021	1.146e-07
689	0.99832	0.0015525	0.00012863	2.0004e-07
690	0.99953	0.00034241	0.00012727	4.3829e-08
691	0.99984	3.3027e-05	0.00012581	4.2043e-09
692	0.99944	0.00043627	0.00012429	5.4532e-08
693	0.99786	0.0020133	0.00012266	2.4732e-07
694	0.99142	0.0084603	0.00012046	1.021e-06
695	0.99049	0.009393	0.00011892	1.1203e-06
696	0.99247	0.0074103	0.00011775	8.6981e-07
697	0.98565	0.014238	0.00011553	1.6515e-06
698	0.98462	0.015263	0.00011398	1.7488e-06
699	0.98387	0.016018	0.00011245	1.814e-06
700	0.98247	0.017419	0.00011087	1.9468e-06
701	0.98583	0.01406	0.0001098	1.5496e-06
702	0.99945	0.00043644	0.00010982	4.7589e-08
703	0.99869	0.0011972	0.00010827	1.2904e-07
704	0.99949	0.00040252	0.00010688	4.2809e-08
705	0.99976	0.0001387	0.00010542	1.4826e-08
706	0.99734	0.0025546	0.00010369	2.6959e-07
707	0.99704	0.0028617	0.00010221	2.9804e-07
708	0.99861	0.0012871	0.00010094	1.3328e-07
709	0.9971	0.0027977	9.938e-05	2.8336e-07
710	0.99745	0.0024542	9.8031e-05	2.4494e-07
711	0.9999	2.5678e-06	9.6908e-05	2.5428e-10
712	0.98708	0.012826	9.4336e-05	1.2273e-06
713	0.97281	0.027097	9.1639e-05	2.5624e-06
714	0.9681	0.03181	8.9897e-05	2.9629e-06
715	0.89816	0.10175	8.2158e-05	9.3457e-06
716	0.87047	0.12944	7.8468e-05	1.1699e-05
717	0.86313	0.13678	7.6637e-05	1.2178e-05
718	0.85569	0.14422	7.4797e-05	1.265e-05
719	0.85774	0.14217	7.3817e-05	1.2279e-05
720	0.87185	0.12806	7.3883e-05	1.0882e-05
721	0.7882	0.21171	6.5726e-05	1.7691e-05
722	0.76007	0.23984	6.233e-05	1.9723e-05
723	0.75529	0.24463	6.0883e-05	1.9792e-05
724	0.72446	0.27546	5.734e-05	2.1941e-05
725	0.71481	0.28511	5.5578e-05	2.2327e-05
726	0.71802	0.2819	5.4851e-05	2.1695e-05
727	0.74359	0.25633	5.5773e-05	1.9399e-05
728	0.80575	0.19418	5.9353e-05	1.4461e-05
729	0.95047	0.04946	6.8825e-05	3.6476e-06
730	0.94941	0.050521	6.7492e-05	3.656e-06
731	0.95638	0.043555	6.671e-05	3.0989e-06
732	0.97515	0.024778	6.6747e-05	1.7392e-06
733	0.9793	0.020629	6.5761e-05	1.4219e-06
734	0.9778	0.022134	6.437e-05	1.4948e-06
735	0.9808	0.019137	6.3297e-05	1.268e-06
736	0.97778	0.022159	6.1851e-05	1.4334e-06
737	0.82865	0.17129	5.1409e-05	1.0615e-05
738	0.76848	0.23146	4.6762e-05	1.4017e-05
739	0.55151	0.44843	3.2967e-05	2.6555e-05
740	0.48416	0.51578	2.8348e-05	2.9903e-05
741	0.46531	0.53463	2.6645e-05	3.0322e-05
742	0.43703	0.56292	2.4482e-05	3.1213e-05
743	0.43152	0.56843	2.3619e-05	3.0794e-05
744	0.44428	0.55567	2.3728e-05	2.9389e-05
745	0.43755	0.5624	2.2783e-05	2.9026e-05
746	0.44437	0.55558	2.2555e-05	2.7959e-05
747	0.47062	0.52933	2.3281e-05	2.5951e-05
748	0.47259	0.52736	2.2762e-05	2.5176e-05
749	0.49738	0.50257	2.3286e-05	2.3344e-05
750	0.56235	0.4376	2.5583e-05	1.9753e-05
751	0.77181	0.22814	3.4012e-05	1.0017e-05
752	0.81822	0.18174	3.4999e-05	7.738e-06
753	0.96863	0.031329	4.013e-05	1.2994e-06
754	0.96941	0.030551	3.891e-05	1.2276e-06
755	0.97765	0.022307	3.7963e-05	8.6894e-07
756	0.99834	0.0016211	3.7479e-05	6.1642e-08
757	0.99827	0.0016913	3.6204e-05	6.2076e-08
758	0.99984	0.00012612	3.5002e-05	4.4866e-09
759	0.99996	9.2462e-06	3.3761e-05	3.1627e-10
760	0.9999	6.2957e-05	3.253e-05	2.0593e-09
761	0.99988	8.9165e-05	3.1314e-05	2.7873e-09
762	0.99931	0.00066094	3.0066e-05	1.9948e-08
763	0.99761	0.002357	2.877e-05	6.8569e-08
764	0.99774	0.0022372	2.7543e-05	6.2358e-08
765	0.99991	6.737e-05	2.6385e-05	1.8029e-09
766	0.99917	0.00080316	2.5164e-05	2.0225e-08
767	0.99872	0.0012561	2.3937e-05	3.0195e-08
768	0.99962	0.00035546	2.2755e-05	8.0777e-09
769	0.9998	0.00017939	2.1568e-05	3.7277e-09
770	0.99901	0.00097107	2.0348e-05	1.879e-08
771	0.99831	0.0016726	1.9147e-05	2.9784e-08
772	0.99798	0.0020009	1.7939e-05	3.2427e-08
773	0.99929	0.00069396	1.6771e-05	7.4073e-09
774	0.99958	0.00039953	1.6774e-05	5.1852e-09
775	0.99791	0.002071	1.6747e-05	3.3853e-08
776	0.99593	0.0040548	1.6715e-05	6.7635e-08
777	0.99626	0.0037277	1.6723e-05	6.2377e-08
778	0.99457	0.0054139	1.6687e-05	9.1113e-08
779	0.99522	0.0047586	1.6692e-05	8.0221e-08
780	0.99871	0.0012771	1.6744e-05	2.1593e-08
781	0.99581	0.0041774	1.669e-05	7.0104e-08
782	0.9932	0.0067876	1.6632e-05	1.1395e-07
783	0.99332	0.0066608	1.6619e-05	1.1159e-07
784	0.9935	0.0064855	1.6598e-05	1.0859e-07
785	0.9965	0.0034836	1.6625e-05	5.8084e-08
786	0.99987	0.00011261	1.6648e-05	1.8834e-09
787	0.99899	0.0009916	1.66e-05	1.6474e-08
788	0.99852	0.0014644	1.6549e-05	2.4356e-08
789	0.99956	0.00042574	1.6525e-05	7.0486e-09
790	0.99665	0.0033371	1.6425e-05	5.5145e-08
791	0.99653	0.0034495	1.6363e-05	5.6974e-08
792	0.99852	0.0014641	1.6336e-05	2.4226e-08
793	0.99719	0.002789	1.6245e-05	4.6112e-08
794	0.99768	0.0022988	1.6185e-05	3.8009e-08
795	0.99619	0.0037959	1.6092e-05	6.2308e-08
796	0.97118	0.028799	1.5607e-05	4.7036e-07
797	0.96109	0.038895	1.5368e-05	6.3139e-07
798	0.95883	0.041159	1.5259e-05	6.644e-07
799	0.96436	0.035628	1.5264e-05	5.7312e-07
800	0.96789	0.032091	1.5237e-05	5.1376e-07
801	0.98001	0.019976	1.5348e-05	3.1823e-07
802	0.98941	0.010577	1.5415e-05	1.6683e-07
803	0.98744	0.012547	1.5292e-05	1.9596e-07
804	0.98993	0.010052	1.5229e-05	1.5593e-07
805	0.98081	0.019172	1.4988e-05	2.9359e-07
806	0.97899	0.020995	1.4851e-05	3.1905e-07
807	0.98123	0.018751	1.4776e-05	2.8236e-07
808	0.98236	0.017621	1.4684e-05	2.6251e-07
809	0.97811	0.021871	1.4503e-05	3.2245e-07
810	0.97975	0.020233	1.44e-05	2.9534e-07
811	0.98974	0.010248	1.4408e-05	1.4785e-07
812	0.9994	0.00059045	1.4398e-05	8.5108e-09
813	0.9992	0.00078384	1.4246e-05	1.1226e-08
814	0.9943	0.0056856	1.4018e-05	8.1001e-08
815	0.9935	0.0064906	1.384e-05	9.1726e-08
816	0.99537	0.0046158	1.37e-05	6.488e-08
817	0.99026	0.0097279	1.3464e-05	1.3458e-07
818	0.98909	0.010894	1.3284e-05	1.4875e-07
819	0.99101	0.008978	1.3146e-05	1.2106e-07
820	0.98881	0.011173	1.2954e-05	1.4805e-07
821	0.99046	0.0095283	1.2803e-05	1.2455e-07
822	0.99683	0.0031558	1.2714e-05	4.0367e-08
823	0.99639	0.0036015	1.2526e-05	4.5224e-08
824	0.99567	0.0043218	1.2335e-05	5.3144e-08
825	0.99721	0.0027761	1.2172e-05	3.2986e-08
826	0.99312	0.006866	1.1933e-05	7.9698e-08
827	0.99286	0.0071314	1.1731e-05	8.0854e-08
828	0.99555	0.0044423	1.1563e-05	4.7685e-08
829	0.99551	0.0044753	1.1355e-05	4.6088e-08
830	0.99561	0.0043781	1.1139e-05	4.2894e-08
831	0.9983	0.0016906	1.0952e-05	1.1811e-08
832	0.97991	0.020079	1.1253e-05	2.2617e-07
833	0.97318	0.026803	1.1682e-05	3.1792e-07
834	0.97233	0.027655	1.218e-05	3.4276e-07
835	0.97052	0.02947	1.267e-05	3.8055e-07
836	0.95968	0.040308	1.2989e-05	5.4477e-07
837	0.95706	0.042924	1.3417e-05	6.0243e-07
838	0.90246	0.097522	1.3067e-05	1.4282e-06
839	0.87968	0.1203	1.3154e-05	1.8206e-06
840	0.87435	0.12563	1.348e-05	1.9627e-06
841	0.84404	0.15594	1.3388e-05	2.5142e-06
842	0.80088	0.19911	1.3059e-05	3.3047e-06
843	0.74029	0.25969	1.24e-05	4.4274e-06
844	0.71544	0.28454	1.2313e-05	4.9805e-06
845	0.70888	0.2911	1.2533e-05	5.2293e-06
846	0.71497	0.28501	1.2983e-05	5.2514e-06
847	0.74701	0.25297	1.3918e-05	4.7782e-06
848	0.8531	0.14688	1.6294e-05	2.8541e-06
849	0.92818	0.071799	1.8167e-05	1.4358e-06
850	0.93115	0.068832	1.8653e-05	1.4078e-06
851	0.94652	0.053462	1.9389e-05	1.1207e-06
852	0.98628	0.013697	2.0664e-05	2.9856e-07
853	0.98382	0.01616	2.1061e-05	3.5862e-07
854	0.98526	0.014715	2.1547e-05	3.3364e-07
855	0.99186	0.0081165	2.2158e-05	1.8915e-07
856	0.9832	0.016773	2.2408e-05	3.9475e-07
857	0.94372	0.056253	2.1926e-05	1.3364e-06
858	0.76501	0.23496	1.8076e-05	5.6494e-06
859	0.51953	0.48044	1.2464e-05	1.1727e-05
860	0.44313	0.55685	1.0797e-05	1.3852e-05
861	0.41338	0.5866	1.0248e-05	1.4861e-05
862	0.40882	0.59115	1.0311e-05	1.5249e-05
863	0.41781	0.58217	1.0725e-05	1.5288e-05
864	0.44806	0.55191	1.1714e-05	1.4755e-05
865	0.54923	0.45075	1.4617e-05	1.2298e-05
866	0.78347	0.2165	2.1266e-05	6.0988e-06
867	0.79967	0.20031	2.2054e-05	5.7506e-06
868	0.70887	0.29111	1.9782e-05	8.4661e-06
869	0.58	0.41997	1.6334e-05	1.2362e-05
870	0.52491	0.47506	1.4966e-05	1.4179e-05
871	0.44751	0.55246	1.2894e-05	1.6703e-05
872	0.42202	0.57795	1.2311e-05	1.773e-05
873	0.41954	0.58042	1.2404e-05	1.8071e-05
874	0.41651	0.58346	1.2469e-05	1.8431e-05
875	0.42621	0.57376	1.293e-05	1.8397e-05
876	0.45792	0.54204	1.4092e-05	1.7665e-05
877	0.43799	0.56198	1.3634e-05	1.8556e-05
878	0.43695	0.56301	1.3771e-05	1.8843e-05
879	0.44923	0.55074	1.4346e-05	1.8695e-05
880	0.43716	0.56281	1.4125e-05	1.9345e-05
881	0.43835	0.56162	1.4346e-05	1.9555e-05
882	0.4371	0.56287	1.4478e-05	1.9846e-05
883	0.43388	0.56609	1.4532e-05	2.0206e-05
884	0.42518	0.57478	1.4395e-05	2.0759e-05
885	0.42913	0.57084	1.4704e-05	2.0869e-05
886	0.40532	0.59464	1.4024e-05	2.197e-05
887	0.39875	0.60122	1.3954e-05	2.2464e-05
888	0.40551	0.59445	1.4372e-05	2.2473e-05
889	0.4064	0.59357	1.4582e-05	2.2693e-05
890	0.4022	0.59776	1.4607e-05	2.3101e-05
891	0.39287	0.60709	1.4427e-05	2.3705e-05
892	0.37844	0.62152	1.4051e-05	2.4508e-05
893	0.37762	0.62234	1.4191e-05	2.4798e-05
894	0.38982	0.61014	1.4848e-05	2.4574e-05
895	0.39957	0.60039	1.5409e-05	2.4436e-05
896	0.34234	0.65762	1.3333e-05	2.6939e-05
897	0.32065	0.67931	1.2629e-05	2.8073e-05
898	0.23927	0.76069	9.4991e-06	3.1623e-05
899	0.20693	0.79303	8.2991e-06	3.3247e-05
900	0.19806	0.80189	8.0252e-06	3.3937e-05
901	0.20205	0.79791	8.2752e-06	3.4094e-05
902	0.20173	0.79823	8.3503e-06	3.4428e-05
903	0.21311	0.78685	8.9312e-06	3.4259e-05
904	0.21953	0.78042	9.3105e-06	3.4294e-05
905	0.24667	0.75329	1.0603e-05	3.3408e-05
906	0.33676	0.6632	1.4701e-05	2.9707e-05
907	0.40146	0.5985	1.7755e-05	2.7054e-05
908	0.55195	0.448	2.4803e-05	2.041e-05
909	0.98136	0.018595	4.4746e-05	8.6149e-07
910	0.96333	0.036627	4.4279e-05	1.7097e-06
911	0.95832	0.041632	4.4398e-05	1.9615e-06
912	0.95906	0.040889	4.4792e-05	1.9441e-06
913	0.95865	0.041306	4.514e-05	1.9799e-06
914	0.96406	0.035894	4.5775e-05	1.7349e-06
915	0.9793	0.020647	4.6901e-05	1.005e-06
916	0.93926	0.060693	4.5338e-05	2.9522e-06
917	0.92384	0.076115	4.4958e-05	3.7234e-06
918	0.92104	0.078911	4.5172e-05	3.8894e-06
919	0.92751	0.072437	4.5831e-05	3.5997e-06
920	0.93167	0.068277	4.6389e-05	3.4181e-06
921	0.95187	0.04808	4.7741e-05	2.4301e-06
922	0.95437	0.045583	4.8221e-05	2.3206e-06
923	0.96455	0.035395	4.9106e-05	1.8126e-06
924	0.9998	0.00014804	5.1275e-05	7.7656e-09
925	0.99518	0.0047683	5.1406e-05	2.4923e-07
926	0.9903	0.0096476	5.1507e-05	5.0926e-07
927	0.99023	0.0097156	5.1847e-05	5.1864e-07
928	0.93256	0.067383	4.9101e-05	3.6209e-06
929	0.85228	0.14767	4.5119e-05	7.9652e-06
930	0.82826	0.17168	4.4108e-05	9.3276e-06
931	0.74495	0.255	3.9798e-05	1.3978e-05
932	0.70988	0.29006	3.8117e-05	1.6003e-05
933	0.69713	0.30282	3.7658e-05	1.6813e-05
934	0.68167	0.31827	3.7026e-05	1.7784e-05
935	0.68001	0.31994	3.7161e-05	1.7994e-05
