#coord	neutral	conserved	gBGC.neutral	gBGC.conserved
1	0.96697	0.032915	0.00011193	3.9587e-06
2	0.98857	0.011317	0.00011239	1.3492e-06
3	0.99322	0.0066704	0.00011102	7.6637e-07
4	0.9975	0.0023877	0.00010948	2.6201e-07
5	0.99852	0.0013744	0.00010747	1.454e-07
6	0.99989	3.145e-06	0.00010538	3.1697e-10
7	0.99989	5.7088e-06	0.00010303	5.7785e-10
8	0.99983	6.5774e-05	0.00010056	6.9474e-09
9	0.99984	6.6557e-05	9.832e-05	7.0544e-09
10	0.99987	3.5793e-05	9.6263e-05	4.5813e-09
11	0.99971	0.00019445	9.4366e-05	2.9787e-08
12	0.99988	2.8354e-05	8.8285e-05	3.3365e-09
13	0.99989	2.2475e-05	8.2652e-05	2.0891e-09
14	0.99981	0.00010749	7.7588e-05	9.3168e-09
15	0.99967	0.00025664	7.2945e-05	2.1845e-08
16	0.99983	0.00010483	6.8714e-05	1.1927e-08
17	0.99991	3.6072e-05	5.5514e-05	2.5042e-09
18	0.99978	0.00017562	4.3403e-05	7.9987e-09
19	0.99996	1.044e-05	3.2236e-05	2.4489e-10
20	0.99939	0.00057941	3.0545e-05	1.8375e-08
21	0.99991	6.296e-05	2.9031e-05	1.99e-09
22	0.99989	7.8856e-05	2.7662e-05	2.3203e-09
23	0.99987	0.00010125	2.6402e-05	2.8568e-09
24	0.9998	0.00017631	2.5249e-05	4.7492e-09
25	0.99944	0.00053349	2.4191e-05	1.3425e-08
26	0.99925	0.00072431	2.3222e-05	1.7058e-08
27	0.99946	0.00051472	2.2212e-05	1.1941e-08
28	0.99919	0.00078846	2.1285e-05	1.7285e-08
29	0.99911	0.00086945	2.0446e-05	1.7649e-08
30	0.99934	0.00064209	1.9572e-05	1.2273e-08
31	0.99996	2.307e-05	1.8659e-05	4.3874e-10
32	0.99928	0.00070375	1.7802e-05	1.257e-08
33	0.99902	0.00095968	1.695e-05	1.634e-08
34	0.99919	0.00079113	1.6101e-05	1.2832e-08
35	0.99979	0.00019792	1.5255e-05	3.1292e-09
36	0.99998	1.0164e-05	1.4476e-05	1.4546e-10
37	0.99999	6.608e-08	1.3652e-05	6.9321e-13
38	0.99912	0.00086433	1.3681e-05	1.2343e-08
39	0.99836	0.0016225	1.3739e-05	2.2845e-08
40	0.99935	0.00063767	1.3803e-05	9.6231e-09
41	0.99931	0.00068032	1.3877e-05	1.0658e-08
42	0.99947	0.00051177	1.3983e-05	8.5495e-09
43	0.99986	0.00012893	1.4121e-05	3.2497e-09
44	0.99787	0.002119	1.3765e-05	3.2434e-08
45	0.99563	0.0043581	1.3444e-05	6.299e-08
46	0.99582	0.0041626	1.3193e-05	5.8266e-08
47	0.99639	0.003598	1.2923e-05	4.9632e-08
48	0.9997	0.00028401	1.2723e-05	3.9524e-09
49	0.99995	3.9377e-05	1.2514e-05	5.0578e-10
50	0.99999	6.5373e-07	1.2281e-05	9.4711e-12
51	0.99982	0.00016319	1.2162e-05	2.0586e-09
52	0.99998	4.03e-06	1.2073e-05	4.9687e-11
53	0.99901	0.00097569	1.1994e-05	1.1316e-08
54	0.99962	0.00036477	1.1915e-05	4.1608e-09
55	0.99976	0.00023204	1.181e-05	2.7186e-09
56	0.9996	0.00039117	1.1728e-05	4.446e-09
57	0.99986	0.00013135	1.1631e-05	1.4543e-09
58	0.9995	0.0004899	1.1507e-05	5.5432e-09
59	0.99956	0.00042744	1.1368e-05	4.9613e-09
60	0.99985	0.000143	1.1256e-05	1.6752e-09
61	0.9978	0.0021933	1.1098e-05	2.5963e-08
62	0.98986	0.010127	1.0901e-05	1.1563e-07
63	0.98191	0.018076	1.0683e-05	2.0657e-07
64	0.97994	0.020054	1.0562e-05	2.266e-07
65	0.98223	0.017764	1.0513e-05	1.9809e-07
66	0.99222	0.0077677	1.053e-05	8.733e-08
67	0.99477	0.0052147	1.0491e-05	5.7642e-08
68	0.99762	0.0023706	1.0436e-05	2.6455e-08
69	0.99991	8.2938e-05	1.0396e-05	9.6986e-10
70	0.99919	0.00079802	1.0352e-05	8.4915e-09
71	0.99964	0.00035113	1.0341e-05	3.5619e-09
72	0.99974	0.00024548	1.0309e-05	2.3847e-09
73	0.99532	0.0046736	1.0213e-05	4.6287e-08
74	0.99487	0.0051212	1.0138e-05	5.0678e-08
75	0.99773	0.0022602	1.0077e-05	2.2971e-08
76	0.99595	0.0040432	9.9908e-06	4.1207e-08
77	0.99671	0.0032809	9.9138e-06	3.4062e-08
78	0.99726	0.0027258	9.856e-06	2.8571e-08
79	0.99069	0.0092997	9.7497e-06	9.4323e-08
80	0.98943	0.010565	9.6799e-06	1.0738e-07
81	0.9912	0.0087952	9.6614e-06	8.9323e-08
82	0.98397	0.016019	9.5336e-06	1.6275e-07
83	0.98227	0.017723	9.4854e-06	1.7876e-07
84	0.98461	0.015377	9.5004e-06	1.5348e-07
85	0.84935	0.15064	8.1574e-06	1.4655e-06
86	0.80256	0.19743	7.6534e-06	1.9235e-06
87	0.78516	0.21483	7.4676e-06	2.0834e-06
88	0.76514	0.23485	7.2396e-06	2.271e-06
89	0.76278	0.23721	7.168e-06	2.2881e-06
90	0.77731	0.22268	7.2352e-06	2.1505e-06
91	0.81796	0.18203	7.5624e-06	1.7727e-06
92	0.78387	0.21612	7.2088e-06	2.0935e-06
93	0.73903	0.26096	6.7863e-06	2.5023e-06
94	0.58482	0.41517	5.3057e-06	3.9541e-06
95	0.36997	0.63002	3.3349e-06	5.9113e-06
96	0.30314	0.69685	2.6966e-06	6.524e-06
97	0.2149	0.78509	1.8956e-06	7.3131e-06
98	0.1796	0.82039	1.5902e-06	7.6196e-06
99	0.17089	0.8291	1.511e-06	7.6895e-06
100	0.15738	0.84261	1.3976e-06	7.8059e-06
101	0.15831	0.84168	1.4069e-06	7.7896e-06
102	0.17506	0.82493	1.5525e-06	7.6267e-06
103	0.088473	0.91152	7.8407e-07	8.3902e-06
104	0.058318	0.94167	5.086e-07	8.6519e-06
105	0.04844	0.95155	4.1412e-07	8.7239e-06
106	0.03331	0.96668	2.7727e-07	8.848e-06
107	0.029574	0.97042	2.4019e-07	8.8632e-06
108	0.029935	0.97006	2.4101e-07	8.85e-06
109	0.035107	0.96488	2.8475e-07	8.8047e-06
110	0.017017	0.98297	1.3241e-07	8.9651e-06
111	0.0097494	0.99024	7.3393e-08	9.0427e-06
112	0.0079684	0.99202	5.7891e-08	9.068e-06
113	0.0081081	0.99188	5.8612e-08	9.0863e-06
114	0.010498	0.98949	7.8102e-08	9.0965e-06
115	0.011998	0.98799	8.8989e-08	9.107e-06
116	0.01679	0.9832	1.272e-07	9.0996e-06
117	0.029215	0.97078	2.3064e-07	9.0378e-06
118	0.059978	0.94001	4.9728e-07	8.8239e-06
119	0.14781	0.85218	1.2397e-06	8.1255e-06
120	0.39802	0.60197	3.3036e-06	6.0961e-06
121	0.39322	0.60677	3.2647e-06	6.1863e-06
122	0.40443	0.59556	3.3608e-06	6.1303e-06
123	0.4451	0.5549	3.693e-06	5.8269e-06
124	0.47504	0.52495	3.9558e-06	5.6085e-06
125	0.47519	0.5248	3.9688e-06	5.656e-06
126	0.49048	0.50951	4.138e-06	5.5635e-06
127	0.4548	0.54519	3.7897e-06	5.9764e-06
128	0.44321	0.55678	3.6992e-06	6.1479e-06
129	0.44572	0.55427	3.7586e-06	6.1858e-06
130	0.36262	0.63737	2.9981e-06	7.0606e-06
131	0.26507	0.73492	2.0432e-06	8.1184e-06
132	0.23557	0.76442	1.7441e-06	8.5091e-06
133	0.20475	0.79524	1.4104e-06	8.9234e-06
134	0.19327	0.80672	1.286e-06	9.1407e-06
135	0.19337	0.80662	1.2771e-06	9.2567e-06
136	0.16971	0.83028	1.0414e-06	9.614e-06
137	0.16563	0.83436	9.8712e-07	9.7792e-06
138	0.17072	0.82927	1.014e-06	9.8759e-06
139	0.15739	0.8426	8.8874e-07	9.5181e-06
140	0.15722	0.84277	8.5515e-07	9.0556e-06
141	0.16669	0.8333	9.0145e-07	8.5375e-06
142	0.17153	0.82846	9.0733e-07	8.083e-06
143	0.18913	0.81086	1.0151e-06	7.5486e-06
144	0.23251	0.76748	1.3257e-06	6.8326e-06
145	0.2618	0.73819	1.5032e-06	6.2706e-06
146	0.33157	0.66842	1.9909e-06	5.4187e-06
147	0.50385	0.49615	3.2588e-06	3.8089e-06
148	0.99507	0.0049252	6.6728e-06	3.8046e-08
149	0.99524	0.0047528	6.3519e-06	3.4488e-08
150	0.99813	0.0018628	6.0792e-06	1.2643e-08
151	0.99708	0.0029185	5.7603e-06	1.8016e-08
152	0.99155	0.0084428	5.4468e-06	4.6533e-08
153	0.98616	0.01383	5.116e-06	7.1916e-08
154	0.98626	0.013739	4.794e-06	6.7596e-08
155	0.97982	0.02018	4.4707e-06	9.2797e-08
156	0.97988	0.020117	4.1585e-06	8.6712e-08
157	0.98436	0.01564	3.8886e-06	6.2723e-08
158	0.98847	0.01153	3.5964e-06	4.3213e-08
159	0.99961	0.00038777	3.3497e-06	1.6214e-09
160	0.99753	0.0024626	3.2131e-06	8.1841e-09
161	0.99773	0.0022628	3.0711e-06	7.2447e-09
162	0.99989	0.00010242	2.9479e-06	3.0246e-10
163	0.99984	0.00015968	2.8037e-06	4.4029e-10
164	0.99974	0.00025946	2.645e-06	6.9712e-10
165	0.99991	8.4429e-05	2.5e-06	1.9938e-10
166	0.99383	0.0061717	2.3551e-06	1.2995e-08
167	0.97376	0.026238	2.17e-06	5.2516e-08
168	0.96853	0.031468	2.0051e-06	5.8333e-08
169	0.97029	0.02971	1.8404e-06	4.998e-08
170	0.97823	0.021773	1.6981e-06	3.1583e-08
171	0.98535	0.014646	1.5393e-06	1.7134e-08
172	0.98565	0.014347	1.3564e-06	1.3741e-08
173	0.98104	0.018956	1.1549e-06	1.4728e-08
174	0.97604	0.023962	1.1979e-06	2.2516e-08
175	0.94947	0.050524	1.2182e-06	5.7711e-08
176	0.94252	0.057477	1.2517e-06	6.9923e-08
177	0.94474	0.055259	1.2872e-06	7.035e-08
178	0.94502	0.054974	1.3252e-06	7.2905e-08
179	0.95576	0.044236	1.3675e-06	6.1264e-08
180	0.98265	0.017352	1.4384e-06	2.5927e-08
181	0.98829	0.011706	1.4865e-06	1.8472e-08
182	0.99241	0.0075919	1.5384e-06	1.2626e-08
183	0.9956	0.004399	1.596e-06	7.6851e-09
184	0.99599	0.0040091	1.6386e-06	7.3518e-09
185	0.99673	0.0032691	1.6713e-06	6.4898e-09
186	0.99729	0.002706	1.7095e-06	5.8585e-09
187	0.99604	0.0039564	1.7342e-06	9.0727e-09
188	0.99683	0.0031671	1.7688e-06	8.191e-09
189	0.99745	0.0025508	1.8091e-06	7.6602e-09
190	0.97727	0.022732	1.6456e-06	4.0332e-08
191	0.96982	0.030175	1.5177e-06	4.7964e-08
192	0.96947	0.030524	1.3905e-06	4.3872e-08
193	0.95921	0.040787	1.2612e-06	5.1862e-08
194	0.94741	0.052589	1.1219e-06	5.8961e-08
195	0.89494	0.10506	9.5759e-07	1.0049e-07
196	0.8262	0.1738	8.0288e-07	1.4057e-07
197	0.74587	0.25413	6.4721e-07	1.7183e-07
198	0.71907	0.28093	5.3305e-07	1.52e-07
199	0.4084	0.5916	3.0559e-07	4.3715e-07
200	0.28203	0.71797	2.1505e-07	5.8728e-07
201	0.23108	0.76891	1.8314e-07	6.804e-07
202	0.21168	0.78832	1.7725e-07	7.4917e-07
203	0.20898	0.79102	1.8328e-07	7.9929e-07
204	0.21654	0.78346	2.0007e-07	8.3981e-07
205	0.23994	0.76006	2.3496e-07	8.6359e-07
206	0.2382	0.7618	2.4631e-07	9.1254e-07
207	0.24845	0.75155	2.7324e-07	9.4833e-07
208	0.2534	0.7466	2.9646e-07	9.8989e-07
209	0.27428	0.72572	3.4448e-07	1.0096e-06
210	0.34589	0.65411	4.637e-07	9.5049e-07
211	0.51201	0.48799	7.4256e-07	7.3459e-07
212	0.98574	0.01426	1.5085e-06	2.3482e-08
213	0.98723	0.012767	1.5719e-06	2.1821e-08
214	0.51053	0.48947	7.9851e-07	8.4717e-07
215	0.31641	0.68358	4.9047e-07	1.2118e-06
216	0.23766	0.76234	3.7203e-07	1.3907e-06
217	0.20641	0.79359	3.323e-07	1.4947e-06
218	0.1996	0.8004	3.2957e-07	1.5541e-06
219	0.20356	0.79644	3.4808e-07	1.5959e-06
220	0.22169	0.77831	3.969e-07	1.6113e-06
221	0.28439	0.7156	5.3141e-07	1.5331e-06
222	0.42993	0.57007	8.509e-07	1.2738e-06
223	0.53415	0.46585	1.1091e-06	1.0803e-06
224	0.53404	0.46595	1.1484e-06	1.1114e-06
225	0.53323	0.46676	1.1787e-06	1.142e-06
226	0.42395	0.57605	9.6387e-07	1.4242e-06
227	0.31266	0.68734	7.1745e-07	1.7291e-06
228	0.26803	0.73197	6.3006e-07	1.8804e-06
229	0.21157	0.78843	5.0133e-07	2.0651e-06
230	0.19316	0.80684	4.609e-07	2.154e-06
231	0.19204	0.80796	4.612e-07	2.1941e-06
232	0.16817	0.83183	4.0312e-07	2.2974e-06
233	0.15987	0.84013	3.8775e-07	2.3619e-06
234	0.16169	0.83831	4.0099e-07	2.4027e-06
235	0.17796	0.82204	4.5031e-07	2.4e-06
236	0.21834	0.78166	5.7092e-07	2.3302e-06
237	0.31882	0.68118	8.7754e-07	2.0799e-06
238	0.24449	0.75551	6.869e-07	2.3324e-06
239	0.22256	0.77744	6.3423e-07	2.4383e-06
240	0.21586	0.78414	6.2872e-07	2.5022e-06
241	0.20867	0.79133	6.1692e-07	2.5639e-06
242	0.21168	0.78832	6.396e-07	2.5961e-06
243	0.23166	0.76834	7.1349e-07	2.5692e-06
244	0.3	0.7	9.3644e-07	2.3847e-06
245	0.45846	0.54153	1.4716e-06	1.8937e-06
246	0.84778	0.15222	2.8451e-06	5.7204e-07
247	0.8529	0.14709	2.917e-06	5.6286e-07
248	0.87613	0.12387	3.0437e-06	4.8773e-07
249	0.93203	0.067965	3.3085e-06	2.8434e-07
250	0.94602	0.053976	3.4059e-06	2.3675e-07
251	0.93653	0.063466	3.4223e-06	2.8065e-07
252	0.93545	0.064544	3.4852e-06	2.9044e-07
253	0.94336	0.056638	3.5722e-06	2.6408e-07
254	0.925	0.074997	3.5591e-06	3.4907e-07
255	0.91941	0.080586	3.6129e-06	3.801e-07
256	0.91396	0.086037	3.6521e-06	4.124e-07
257	0.91612	0.08388	3.7366e-06	4.1108e-07
258	0.92748	0.072521	3.8765e-06	3.6651e-07
259	0.92576	0.074239	3.9718e-06	3.8105e-07
260	0.93124	0.068757	4.1158e-06	3.6038e-07
261	0.94797	0.052021	4.3362e-06	2.7759e-07
262	0.95046	0.049539	4.4676e-06	2.6898e-07
263	0.9616	0.038399	4.6647e-06	2.1132e-07
264	0.99986	0.00013316	4.9995e-06	7.4522e-10
265	0.99888	0.0011099	5.3054e-06	6.1436e-09
266	0.99923	0.00076775	5.6453e-06	4.461e-09
267	0.99997	2.6325e-05	5.9742e-06	2.4531e-10
268	0.99991	7.9266e-05	6.0047e-06	4.9691e-10
269	0.99935	0.0006394	6.0169e-06	4.0035e-09
270	0.99992	6.9504e-05	6.0527e-06	4.4159e-10
271	0.99938	0.00060944	6.0677e-06	3.9494e-09
272	0.99902	0.00097401	6.1004e-06	6.2971e-09
273	0.99998	1.0204e-05	6.1585e-06	1.0526e-10
274	0.99991	8.2679e-05	5.8932e-06	4.9003e-10
275	0.99901	0.00098487	5.649e-06	5.2186e-09
276	0.99969	0.00030865	5.3943e-06	1.3515e-09
277	0.89598	0.10401	4.6464e-06	4.5408e-07
278	0.86027	0.13972	4.2179e-06	5.6985e-07
279	0.84975	0.15024	3.8922e-06	5.6519e-07
280	0.83385	0.16614	3.5784e-06	5.7249e-07
281	0.76733	0.23267	3.0942e-06	7.3335e-07
282	0.74156	0.25844	2.7962e-06	7.3223e-07
283	0.71547	0.28453	2.7806e-06	8.8562e-07
284	0.7073	0.29269	2.8449e-06	9.7114e-07
285	0.69343	0.30656	2.8961e-06	1.0824e-06
286	0.67309	0.32691	2.9011e-06	1.226e-06
287	0.65169	0.3483	2.8819e-06	1.381e-06
288	0.64739	0.3526	2.9507e-06	1.4618e-06
289	0.64107	0.35893	2.998e-06	1.5522e-06
290	0.65046	0.34954	3.1054e-06	1.5709e-06
291	0.68683	0.31316	3.3178e-06	1.473e-06
292	0.6359	0.3641	3.0795e-06	1.8141e-06
293	0.61721	0.38278	3.0336e-06	1.9761e-06
294	0.61376	0.38623	3.0796e-06	2.0581e-06
295	0.57508	0.42492	2.9406e-06	2.3395e-06
296	0.53054	0.46946	2.741e-06	2.6699e-06
297	0.51346	0.48653	2.7073e-06	2.8466e-06
298	0.42466	0.57533	2.2573e-06	3.4524e-06
299	0.38721	0.61279	2.1041e-06	3.7739e-06
300	0.3746	0.62539	2.0995e-06	3.9611e-06
301	0.32159	0.6784	1.829e-06	4.4024e-06
302	0.30168	0.69831	1.7628e-06	4.6534e-06
303	0.29682	0.70318	1.7941e-06	4.82e-06
304	0.30436	0.69563	1.9164e-06	4.911e-06
305	0.33556	0.66443	2.2012e-06	4.8283e-06
306	0.41004	0.58996	2.8416e-06	4.4047e-06
307	0.64917	0.35083	4.7352e-06	2.7146e-06
308	0.81743	0.18256	6.2348e-06	1.4372e-06
309	0.98162	0.018371	7.719e-06	1.5772e-07
310	0.97932	0.020676	7.9259e-06	1.8119e-07
311	0.98133	0.018657	8.1976e-06	1.6736e-07
312	0.99083	0.0091662	8.5181e-06	8.6433e-08
313	0.99246	0.0075334	8.7999e-06	7.2835e-08
314	0.99345	0.0065367	9.1048e-06	6.3997e-08
315	0.99963	0.00035983	9.4388e-06	3.9073e-09
316	0.93573	0.064259	9.1104e-06	6.4764e-07
317	0.91406	0.085935	9.1542e-06	8.9929e-07
318	0.90635	0.093636	9.3681e-06	1.0102e-06
319	0.90693	0.093061	9.6995e-06	1.0346e-06
320	0.91907	0.080918	1.0139e-05	9.3017e-07
321	0.95194	0.048044	1.0875e-05	5.6478e-07
322	0.96085	0.039136	1.1312e-05	4.7446e-07
323	0.96691	0.03308	1.1756e-05	4.1052e-07
324	0.98983	0.010153	1.2393e-05	1.2967e-07
325	0.99015	0.0098362	1.2786e-05	1.2777e-07
326	0.99492	0.0050707	1.3215e-05	6.6714e-08
327	0.99997	1.2353e-05	1.3623e-05	2.5819e-10
328	0.99737	0.0026142	1.3477e-05	3.383e-08
329	0.9973	0.002688	1.3345e-05	3.4402e-08
330	0.99998	1.0823e-05	1.3226e-05	1.4252e-10
331	0.99851	0.0014725	1.3081e-05	1.9362e-08
332	0.97788	0.022104	1.2721e-05	2.7887e-07
333	0.97023	0.029754	1.2559e-05	3.6815e-07
334	0.96974	0.030245	1.2467e-05	3.6971e-07
335	0.97582	0.024168	1.2438e-05	2.9054e-07
336	0.99816	0.0018265	1.258e-05	1.928e-08
337	0.99568	0.0043066	1.2834e-05	5.0447e-08
338	0.99599	0.0039924	1.31e-05	4.811e-08
339	0.99992	6.1982e-05	1.3388e-05	7.4894e-10
340	0.99975	0.00023298	1.3604e-05	3.1675e-09
341	0.99911	0.00087366	1.3843e-05	1.182e-08
342	0.99998	1.1207e-06	1.408e-05	2.4926e-11
343	0.99901	0.0009783	1.3844e-05	1.3535e-08
344	0.99844	0.0015425	1.3591e-05	2.1438e-08
345	0.99941	0.00058149	1.3393e-05	7.8945e-09
346	0.99845	0.0015332	1.3147e-05	2.0636e-08
347	0.99742	0.0025691	1.2931e-05	3.3465e-08
348	0.99846	0.0015315	1.2721e-05	1.9904e-08
349	0.996	0.0039879	1.2445e-05	5.2217e-08
350	0.99599	0.0039949	1.2234e-05	5.1477e-08
351	0.99843	0.0015586	1.2084e-05	1.9409e-08
352	0.99306	0.006932	1.1817e-05	8.3439e-08
353	0.99245	0.00754	1.1586e-05	9.0022e-08
354	0.99475	0.00524	1.1419e-05	6.1619e-08
355	0.99372	0.0062704	1.1192e-05	7.3021e-08
356	0.9953	0.0046914	1.1024e-05	5.3761e-08
357	0.99724	0.0027496	1.0837e-05	3.2015e-08
358	0.99693	0.0030614	1.0655e-05	3.5095e-08
359	0.99855	0.0014428	1.0518e-05	1.6523e-08
360	0.99996	2.8466e-05	1.0402e-05	3.4109e-10
361	0.99961	0.00037963	1.0289e-05	4.1722e-09
362	0.99953	0.00045942	1.0203e-05	5e-09
363	0.99877	0.0012212	1.0134e-05	1.2753e-08
364	0.9984	0.0015851	1.005e-05	1.6742e-08
365	0.99802	0.0019729	9.9867e-06	2.0652e-08
366	0.99761	0.0023836	9.9445e-06	2.4403e-08
367	0.9976	0.0023853	9.8879e-06	2.4468e-08
368	0.99962	0.00036753	9.8749e-06	3.6402e-09
369	0.99957	0.0004209	9.8244e-06	4.0966e-09
370	0.9973	0.0026885	9.7338e-06	2.6576e-08
371	0.9972	0.0027868	9.6879e-06	2.7003e-08
372	0.99987	0.00011585	9.6504e-06	1.1687e-09
373	0.99977	0.0002189	9.6084e-06	2.1805e-09
374	0.99755	0.0024438	9.5661e-06	2.3393e-08
375	0.9954	0.0045932	9.5081e-06	4.4387e-08
376	0.99557	0.0044217	9.4929e-06	4.2325e-08
377	0.9989	0.0010887	9.4912e-06	1.0749e-08
378	0.99959	0.0004047	9.4844e-06	4.0748e-09
379	0.99961	0.00037613	9.4909e-06	3.7119e-09
380	0.99901	0.00098182	9.5112e-06	9.2463e-09
381	0.99999	1.1066e-07	9.5286e-06	1.6801e-12
382	0.99892	0.0010691	9.1035e-06	9.7004e-09
383	0.99808	0.0019154	8.6573e-06	1.6859e-08
384	0.99887	0.0011266	8.2656e-06	9.3024e-09
385	0.9999	9.2554e-05	7.8519e-06	7.5012e-10
386	0.99999	7.4353e-06	7.466e-06	5.8218e-11
387	0.99999	3.6828e-06	7.1167e-06	2.4693e-11
388	0.99877	0.0012252	6.7144e-06	8.0825e-09
389	0.99749	0.0025025	6.3481e-06	1.5114e-08
390	0.99805	0.0019416	6.0259e-06	1.0186e-08
391	0.9814	0.018599	5.6537e-06	8.5002e-08
392	0.96433	0.035669	5.2678e-06	1.5266e-07
393	0.95802	0.04197	4.9632e-06	1.6441e-07
394	0.93129	0.068705	4.9918e-06	3.2996e-07
395	0.92171	0.078283	5.134e-06	4.0316e-07
396	0.92223	0.077769	5.3144e-06	4.2253e-07
397	0.90805	0.091939	5.4287e-06	5.3003e-07
398	0.8919	0.10809	5.5059e-06	6.588e-07
399	0.88743	0.11256	5.6752e-06	7.1566e-07
400	0.89485	0.10514	5.9018e-06	6.9761e-07
401	0.91798	0.082016	6.2611e-06	5.7021e-07
402	0.97317	0.026827	6.8865e-06	1.992e-07
403	0.96994	0.030048	7.1374e-06	2.304e-07
404	0.97185	0.028144	7.4571e-06	2.2255e-07
405	0.9834	0.016593	7.8343e-06	1.3557e-07
406	0.98615	0.013838	8.1215e-06	1.1758e-07
407	0.99469	0.0052999	8.4891e-06	4.6221e-08
408	0.99672	0.0032665	8.7823e-06	2.9693e-08
409	0.99396	0.0060302	9.0101e-06	5.7264e-08
410	0.99404	0.0059556	9.2947e-06	5.8313e-08
411	0.99679	0.0031959	9.636e-06	3.1919e-08
412	0.99992	7.3841e-05	9.9588e-06	1.2064e-09
413	0.99996	2.6883e-05	9.8619e-06	3.0115e-10
414	0.997	0.0029916	9.7599e-06	2.7816e-08
415	0.9533	0.04669	9.2576e-06	4.3923e-07
416	0.94048	0.059507	9.0305e-06	5.5742e-07
417	0.93931	0.060679	8.8968e-06	5.6422e-07
418	0.93586	0.064136	8.7644e-06	5.9031e-07
419	0.93901	0.060983	8.7153e-06	5.5314e-07
420	0.95431	0.045676	8.7594e-06	4.0701e-07
421	0.95634	0.043653	8.6636e-06	3.8466e-07
422	0.96812	0.031866	8.6339e-06	2.7996e-07
423	0.99884	0.0011484	8.7925e-06	9.8396e-09
424	0.98469	0.015302	8.5374e-06	1.3453e-07
425	0.97929	0.020704	8.3839e-06	1.7798e-07
426	0.97864	0.021351	8.292e-06	1.7936e-07
427	0.97758	0.022408	8.1805e-06	1.8471e-07
428	0.982	0.017994	8.0974e-06	1.4568e-07
429	0.99902	0.00097265	8.0934e-06	9.802e-09
430	0.99759	0.002401	7.4061e-06	1.591e-08
431	0.9789	0.021093	7.3087e-06	1.6766e-07
432	0.97207	0.027926	7.3265e-06	2.2355e-07
433	0.94809	0.051904	7.1846e-06	4.2269e-07
434	0.91471	0.085281	6.9868e-06	6.9501e-07
435	0.90239	0.097598	6.9765e-06	7.9915e-07
436	0.70015	0.29984	5.5209e-06	2.3664e-06
437	0.62979	0.3702	5.0273e-06	2.9582e-06
438	0.60694	0.39305	4.8893e-06	3.1816e-06
439	0.25644	0.74355	2.1172e-06	6.056e-06
440	0.13347	0.86652	1.1095e-06	7.1557e-06
441	0.09525	0.90474	7.8618e-07	7.5612e-06
442	0.08041	0.91958	6.6863e-07	7.7724e-06
443	0.077465	0.92253	6.4697e-07	7.8788e-06
444	0.082885	0.91711	6.9249e-07	7.9093e-06
445	0.076974	0.92302	6.3746e-07	8.0307e-06
446	0.078259	0.92173	6.4896e-07	8.097e-06
447	0.087083	0.91291	7.2821e-07	8.1057e-06
448	0.069502	0.93049	5.7079e-07	8.3415e-06
449	0.063629	0.93636	5.2235e-07	8.48e-06
450	0.066365	0.93363	5.4514e-07	8.5377e-06
451	0.055464	0.94453	4.5071e-07	8.7245e-06
452	0.053744	0.94625	4.3446e-07	8.8243e-06
453	0.057419	0.94257	4.6752e-07	8.8852e-06
454	0.058098	0.94189	4.7763e-07	8.9798e-06
455	0.065057	0.93493	5.4714e-07	9.0259e-06
456	0.069076	0.93091	5.9519e-07	9.1064e-06
457	0.082011	0.91798	7.3528e-07	9.1065e-06
458	0.090166	0.90982	8.3764e-07	9.1582e-06
459	0.12065	0.87934	1.1665e-06	8.973e-06
460	0.15026	0.84973	1.4833e-06	8.7894e-06
461	0.21972	0.78027	2.246e-06	8.1729e-06
462	0.39076	0.60923	4.2022e-06	6.3792e-06
463	0.43532	0.56466	4.7588e-06	5.9727e-06
464	0.56502	0.43497	6.2411e-06	4.6277e-06
465	0.97953	0.020463	1.0776e-05	2.1484e-07
466	0.98102	0.018968	1.0893e-05	2.0185e-07
467	0.98942	0.010567	1.1066e-05	1.1598e-07
468	0.99605	0.0039416	1.125e-05	4.4388e-08
469	0.99555	0.0044398	1.1336e-05	5.1683e-08
470	0.99739	0.0025949	1.1475e-05	3.1219e-08
471	0.99963	0.00036265	1.1599e-05	6.6471e-09
472	0.99962	0.00036667	1.1277e-05	5.3041e-09
473	0.99901	0.00097764	1.0979e-05	1.1383e-08
474	0.99985	0.00013464	1.0677e-05	1.4936e-09
475	0.99983	0.00016369	1.0342e-05	1.7863e-09
476	0.99957	0.0004195	1.0037e-05	4.3565e-09
477	0.99959	0.00040472	9.7668e-06	3.9447e-09
478	0.99994	5.0101e-05	9.4798e-06	4.7172e-10
479	0.9994	0.00059272	9.1615e-06	5.6057e-09
480	0.99996	3.1011e-05	8.8857e-06	2.5848e-10
481	0.99655	0.0034374	8.5576e-06	2.7481e-08
482	0.9958	0.004193	8.2806e-06	3.1354e-08
483	0.99714	0.0028567	8.0469e-06	1.7962e-08
484	0.95881	0.041185	8.0557e-06	3.6815e-07
485	0.78741	0.21258	6.857e-06	1.9616e-06
486	0.71815	0.28184	6.5499e-06	2.6989e-06
487	0.40051	0.59948	3.8776e-06	5.8347e-06
488	0.30123	0.69876	3.0438e-06	7.1137e-06
489	0.25889	0.7411	2.7526e-06	7.877e-06
490	0.097375	0.90261	1.0881e-06	9.9987e-06
491	0.046788	0.9532	5.3329e-07	1.0997e-05
492	0.026276	0.97371	3.1219e-07	1.1687e-05
493	0.020331	0.97966	2.4819e-07	1.2206e-05
494	0.01865	0.98134	2.3679e-07	1.2697e-05
495	0.02026	0.97973	2.7053e-07	1.3169e-05
496	0.014853	0.98513	2.0686e-07	1.3726e-05
497	0.014373	0.98561	2.0635e-07	1.4206e-05
498	0.018101	0.98188	2.6493e-07	1.4615e-05
499	0.014708	0.98528	2.2164e-07	1.515e-05
500	0.015463	0.98452	2.3815e-07	1.5612e-05
501	0.019445	0.98054	3.098e-07	1.6044e-05
502	0.032204	0.96778	5.2459e-07	1.632e-05
503	0.06904	0.93094	1.1348e-06	1.6189e-05
504	0.15951	0.84047	2.7312e-06	1.5101e-05
505	0.18188	0.8181	3.1902e-06	1.5136e-05
506	0.23555	0.76443	4.2695e-06	1.458e-05
507	0.38969	0.61029	7.2217e-06	1.2136e-05
508	0.50677	0.49321	9.7272e-06	1.0177e-05
509	0.79488	0.2051	1.6057e-05	4.4398e-06
510	0.99757	0.0024124	2.1085e-05	5.5955e-08
511	0.99685	0.0031252	2.1778e-05	7.2585e-08
512	0.99843	0.0015501	2.2488e-05	3.8342e-08
513	0.99827	0.0017028	2.3222e-05	4.3123e-08
514	0.99601	0.0039657	2.3972e-05	9.9574e-08
515	0.99613	0.0038487	2.4861e-05	9.816e-08
516	0.9996	0.00037481	2.579e-05	9.9217e-09
517	0.99685	0.0031217	2.6509e-05	8.6142e-08
518	0.99643	0.0035433	2.7365e-05	1.0012e-07
519	0.99883	0.0011438	2.8253e-05	3.5995e-08
520	0.98528	0.014691	2.8731e-05	4.6443e-07
521	0.98139	0.018582	2.945e-05	6.1148e-07
522	0.9776	0.022367	3.0112e-05	7.6884e-07
523	0.90994	0.090029	2.8587e-05	3.1895e-06
524	0.88707	0.1129	2.8495e-05	4.1372e-06
525	0.87913	0.12084	2.9005e-05	4.5588e-06
526	0.86683	0.13313	2.9425e-05	5.1515e-06
527	0.86512	0.13485	3.0307e-05	5.3677e-06
528	0.8735	0.12646	3.1684e-05	5.1908e-06
529	0.86941	0.13055	3.2517e-05	5.5037e-06
530	0.86508	0.13488	3.3266e-05	5.8472e-06
531	0.87045	0.12951	3.4521e-05	5.7877e-06
532	0.86053	0.13943	3.5064e-05	6.3912e-06
533	0.86056	0.1394	3.6131e-05	6.5685e-06
534	0.87379	0.12616	3.7736e-05	6.1583e-06
535	0.85212	0.14783	3.7856e-05	7.3448e-06
536	0.84774	0.15221	3.8688e-05	7.768e-06
537	0.8528	0.14715	4.0088e-05	7.7286e-06
538	0.85751	0.14244	4.1409e-05	7.708e-06
539	0.87501	0.12494	4.3534e-05	6.9927e-06
540	0.91826	0.081687	4.7296e-05	4.7606e-06
541	0.94902	0.050925	5.0655e-05	3.0609e-06
542	0.9341	0.06584	5.1571e-05	3.9471e-06
543	0.93005	0.069889	5.3227e-05	4.261e-06
544	0.68351	0.31643	4.0908e-05	1.8463e-05
545	0.60678	0.39316	3.7511e-05	2.3673e-05
546	0.58157	0.41836	3.6962e-05	2.5978e-05
547	0.27635	0.72359	1.737e-05	4.7266e-05
548	0.15206	0.84787	9.5536e-06	5.6891e-05
549	0.10164	0.89829	6.4927e-06	6.1871e-05
550	0.034672	0.96526	2.2752e-06	6.812e-05
551	0.013697	0.98623	8.7346e-07	7.1518e-05
552	0.0072323	0.99269	4.1501e-07	7.3939e-05
553	0.0047581	0.99517	2.3779e-07	7.6187e-05
554	0.0041428	0.99578	1.8367e-07	7.8425e-05
555	0.0054478	0.99447	2.2833e-07	8.0529e-05
556	0.0055526	0.99437	2.5201e-07	8.051e-05
557	0.007427	0.99249	3.8638e-07	8.0422e-05
558	0.012686	0.98723	7.5726e-07	8.0139e-05
559	0.016041	0.98388	1.0037e-06	8.0022e-05
560	0.025302	0.97462	1.6997e-06	7.9497e-05
561	0.048447	0.95147	3.5004e-06	7.7911e-05
562	0.10195	0.89797	7.8119e-06	7.3854e-05
563	0.27275	0.72717	2.1201e-05	6.0699e-05
564	0.75922	0.2407	5.8478e-05	2.3636e-05
565	0.75219	0.24772	5.8806e-05	2.525e-05
566	0.75642	0.2435	6.0331e-05	2.5816e-05
567	0.78338	0.21654	6.3567e-05	2.4594e-05
568	0.76351	0.2364	6.2303e-05	2.6113e-05
569	0.76125	0.23866	6.2477e-05	2.6162e-05
570	0.77137	0.22854	6.4005e-05	2.4927e-05
571	0.38443	0.61548	3.2934e-05	5.6257e-05
572	0.26329	0.73662	2.2928e-05	6.6494e-05
573	0.22613	0.77378	1.9794e-05	6.9835e-05
574	0.093778	0.90613	8.0824e-06	8.1729e-05
575	0.036362	0.96355	3.1594e-06	8.6878e-05
576	0.01625	0.98366	1.3859e-06	8.8861e-05
577	0.0081012	0.99181	6.9298e-07	8.981e-05
578	0.0054599	0.99445	4.6131e-07	9.0281e-05
579	0.0046925	0.99522	3.9944e-07	9.0623e-05
580	0.0033625	0.99655	2.8018e-07	9.1006e-05
581	0.0032921	0.99662	2.7561e-07	9.1319e-05
582	0.0044205	0.99549	3.8169e-07	9.1569e-05
583	0.004991	0.99492	4.3167e-07	9.1857e-05
584	0.0045672	0.99534	3.9863e-07	9.2276e-05
585	0.005433	0.99447	4.88e-07	9.2616e-05
586	0.0025156	0.99739	2.2448e-07	9.3291e-05
587	0.0017915	0.99811	1.5448e-07	9.3753e-05
588	0.0017484	0.99816	1.4895e-07	9.4196e-05
589	0.0023547	0.99755	2.0372e-07	9.4624e-05
590	0.0040589	0.99585	3.634e-07	9.4994e-05
591	0.0098876	0.99002	8.9032e-07	9.4977e-05
592	0.0049586	0.99494	4.3735e-07	9.5993e-05
593	0.0028873	0.99702	2.5318e-07	9.6789e-05
594	0.0021414	0.99776	1.915e-07	9.7513e-05
595	0.0021688	0.99773	2.0349e-07	9.8215e-05
596	0.0033799	0.99652	3.2742e-07	9.8786e-05
597	0.0077503	0.99215	7.554e-07	9.9033e-05
598	0.010226	0.98967	1.0149e-06	9.9501e-05
599	0.016605	0.98329	1.7027e-06	9.9595e-05
600	0.032612	0.96729	3.497e-06	9.8644e-05
601	0.078454	0.92144	8.5286e-06	9.4436e-05
602	0.2091	0.79079	2.2611e-05	8.1155e-05
603	0.62561	0.37429	6.6533e-05	3.8005e-05
604	0.63227	0.36763	6.7657e-05	3.7609e-05
605	0.66672	0.33317	7.1538e-05	3.4413e-05
606	0.74891	0.25098	8.0669e-05	2.6048e-05
607	0.77116	0.22874	8.3473e-05	2.3963e-05
608	0.79326	0.20663	8.6177e-05	2.1928e-05
609	0.851	0.14889	9.284e-05	1.603e-05
610	0.86454	0.13535	9.482e-05	1.477e-05
611	0.89939	0.1005	9.9263e-05	1.1139e-05
612	0.9866	0.013289	0.0001099	1.426e-06
613	0.99302	0.0068659	0.00011144	7.3245e-07
614	0.99972	0.00016916	0.00011294	1.8127e-08
615	0.99982	6.3105e-05	0.00011366	8.1889e-09
616	0.99954	0.00034346	0.00011444	4.8673e-08
617	0.9986	0.0012886	0.00011505	1.968e-07
618	0.99902	0.00086321	0.00011594	1.6168e-07
619	0.96521	0.034673	0.00011083	6.2364e-06
620	0.95215	0.047729	0.00010953	8.6219e-06
621	0.95041	0.049467	0.00010999	9.1898e-06
622	0.34772	0.65216	4.0813e-05	7.8027e-05
623	0.13612	0.86376	1.5978e-05	0.0001025
624	0.061881	0.938	7.0645e-06	0.00011102
625	0.029714	0.97017	3.3416e-06	0.00011441
626	0.016707	0.98318	1.8955e-06	0.00011557
627	0.012516	0.98737	1.4175e-06	0.00011575
628	0.012119	0.98776	1.3634e-06	0.00011549
629	0.014149	0.98573	1.6012e-06	0.00011498
630	0.020111	0.97977	2.3228e-06	0.00011404
631	0.040151	0.95973	4.6623e-06	0.00011145
632	0.089463	0.91042	1.0629e-05	0.0001053
633	0.23005	0.76983	2.7192e-05	8.8527e-05
634	0.6305	0.36939	7.3118e-05	4.2369e-05
635	0.72057	0.27932	8.2966e-05	3.2246e-05
636	0.94282	0.057068	0.00010845	6.5655e-06
637	0.94523	0.054656	0.00010866	6.2479e-06
638	0.95859	0.041297	0.00011008	4.6845e-06
639	0.99891	0.00097121	0.00011445	1.1501e-07
640	0.99969	0.00019385	0.00011444	2.3995e-08
641	0.99822	0.0016663	0.00011411	2.0972e-07
642	0.99672	0.0031705	0.00011371	4.1114e-07
643	0.9977	0.0021864	0.00011356	3.1601e-07
644	0.99681	0.0030718	0.00011325	4.6147e-07
645	0.99788	0.002003	0.00011329	3.5063e-07
646	0.95587	0.044013	0.00010636	7.2802e-06
647	0.93834	0.061544	0.0001036	1.0129e-05
648	0.9351	0.064785	0.00010294	1.0817e-05
649	0.86156	0.13832	9.1074e-05	2.2799e-05
650	0.83054	0.16934	8.6266e-05	2.7795e-05
651	0.82377	0.17611	8.505e-05	2.9155e-05
652	0.78124	0.21864	7.7749e-05	3.6537e-05
653	0.76863	0.23126	7.5294e-05	3.9037e-05
654	0.76814	0.23174	7.478e-05	3.9666e-05
655	0.74251	0.25738	7.1119e-05	4.1811e-05
656	0.7375	0.26239	6.9697e-05	4.166e-05
657	0.7439	0.25599	6.9822e-05	4.0083e-05
658	0.7467	0.25319	6.9603e-05	3.8977e-05
659	0.76791	0.23198	7.168e-05	3.5523e-05
660	0.82036	0.17953	7.82e-05	2.7737e-05
661	0.83352	0.16637	7.9335e-05	2.5462e-05
662	0.87036	0.12954	8.4012e-05	1.9757e-05
663	0.95703	0.042866	9.6298e-05	6.543e-06
664	0.95452	0.045375	9.5401e-05	6.6213e-06
665	0.95923	0.040668	9.533e-05	5.8231e-06
666	0.9768	0.023101	9.6891e-05	3.3411e-06
667	0.9798	0.0201	9.6561e-05	2.85e-06
668	0.98218	0.017719	9.6244e-05	2.4418e-06
669	0.99238	0.0075199	9.6869e-05	1.0416e-06
670	0.99984	6.598e-05	9.722e-05	8.9862e-09
671	0.99927	0.00063547	9.6427e-05	6.5458e-08
672	0.99983	7.7127e-05	9.5847e-05	7.9394e-09
673	0.99706	0.002844	9.5036e-05	2.692e-07
674	0.99694	0.0029645	9.4428e-05	2.8179e-07
675	0.99964	0.00026491	9.4023e-05	3.8496e-08
676	0.99897	0.00093648	9.1258e-05	9.5434e-08
677	0.99871	0.001203	8.8402e-05	1.1576e-07
678	0.99991	4.9524e-06	8.5928e-05	4.5053e-10
679	0.99983	8.7917e-05	8.321e-05	7.7084e-09
680	0.99878	0.0011432	8.0629e-05	9.4629e-08
681	0.99907	0.00085205	7.8362e-05	6.718e-08
682	0.99866	0.0012672	7.5927e-05	9.7377e-08
683	0.99826	0.001666	7.3691e-05	1.218e-07
684	0.99992	1.3481e-05	7.1494e-05	1.0484e-09
685	0.9974	0.0025322	6.9176e-05	1.8785e-07
686	0.99713	0.0028049	6.7218e-05	2.0206e-07
687	0.99887	0.0010666	6.5573e-05	7.5007e-08
688	0.99906	0.00087425	6.3978e-05	5.7192e-08
689	0.99839	0.0015526	6.2256e-05	9.635e-08
690	0.9996	0.00034243	6.0564e-05	2.1262e-08
691	0.99991	3.3029e-05	5.8961e-05	2.0062e-09
692	0.99951	0.0004363	5.745e-05	2.4451e-08
693	0.99793	0.0020134	5.6017e-05	1.0567e-07
694	0.99148	0.0084609	5.4243e-05	4.3989e-07
695	0.99055	0.0093937	5.2695e-05	4.7688e-07
696	0.99254	0.0074108	5.1426e-05	3.5807e-07
697	0.98571	0.014239	4.9662e-05	6.7308e-07
698	0.98469	0.015264	4.8123e-05	7.0083e-07
699	0.98393	0.016019	4.652e-05	7.1682e-07
700	0.98253	0.01742	4.5036e-05	7.534e-07
701	0.98589	0.014061	4.3695e-05	5.8463e-07
702	0.99952	0.00043647	4.2679e-05	1.6791e-08
703	0.99876	0.0011973	4.1208e-05	4.4149e-08
704	0.99956	0.00040255	3.9734e-05	1.0938e-08
705	0.99982	0.00013871	3.9895e-05	4.8968e-09
706	0.99741	0.0025547	3.9995e-05	1.0852e-07
707	0.9971	0.0028618	4.0233e-05	1.2248e-07
708	0.99867	0.0012872	4.0601e-05	5.5869e-08
709	0.99716	0.0027979	4.0804e-05	1.219e-07
710	0.9975	0.0024544	4.1137e-05	1.0796e-07
711	0.99996	2.568e-06	4.1618e-05	1.5771e-10
712	0.98713	0.012827	4.1324e-05	7.2815e-07
713	0.97286	0.027099	4.0872e-05	1.5825e-06
714	0.96815	0.031812	4.103e-05	1.8896e-06
715	0.8982	0.10176	3.7214e-05	6.1371e-06
716	0.87051	0.12945	3.5987e-05	7.8577e-06
717	0.86317	0.13679	3.5856e-05	8.4507e-06
718	0.85573	0.14423	3.565e-05	9.086e-06
719	0.85778	0.14218	3.6022e-05	9.1967e-06
720	0.87189	0.12807	3.7048e-05	8.7175e-06
721	0.78823	0.21172	3.3336e-05	1.2207e-05
722	0.7601	0.23985	3.1959e-05	1.3336e-05
723	0.75532	0.24463	3.1586e-05	1.343e-05
724	0.72448	0.27547	2.997e-05	1.4739e-05
725	0.71483	0.28512	2.9399e-05	1.5053e-05
726	0.71804	0.28191	2.9481e-05	1.4763e-05
727	0.74361	0.25634	3.0594e-05	1.3414e-05
728	0.80577	0.19419	3.3613e-05	1.0203e-05
729	0.9505	0.049461	4.1033e-05	2.6352e-06
730	0.94943	0.050523	4.0926e-05	2.6427e-06
731	0.9564	0.043556	4.1173e-05	2.2674e-06
732	0.97518	0.024778	4.2091e-05	1.2693e-06
733	0.97933	0.02063	4.2205e-05	1.0463e-06
734	0.97782	0.022135	4.2012e-05	1.1014e-06
735	0.98082	0.019138	4.2089e-05	9.405e-07
736	0.9778	0.02216	4.1945e-05	1.0511e-06
737	0.82867	0.17129	3.564e-05	7.2918e-06
738	0.76849	0.23146	3.3206e-05	9.7089e-06
739	0.55152	0.44843	2.4216e-05	1.8658e-05
740	0.48417	0.51579	2.1324e-05	2.1485e-05
741	0.46532	0.53464	2.0453e-05	2.2268e-05
742	0.43703	0.56292	1.9245e-05	2.3425e-05
743	0.43152	0.56844	1.8973e-05	2.3627e-05
744	0.44428	0.55568	1.9443e-05	2.3064e-05
745	0.43755	0.56241	1.9053e-05	2.334e-05
746	0.44437	0.55558	1.9289e-05	2.3029e-05
747	0.47063	0.52933	2.0404e-05	2.1878e-05
748	0.47259	0.52736	2.0448e-05	2.1775e-05
749	0.49739	0.50257	2.1399e-05	2.0744e-05
750	0.56236	0.4376	2.4101e-05	1.8001e-05
751	0.77181	0.22814	3.2582e-05	9.4562e-06
752	0.81822	0.18174	3.4527e-05	7.4936e-06
753	0.96863	0.031329	4.0646e-05	1.3283e-06
754	0.96941	0.030551	4.0679e-05	1.2947e-06
755	0.97765	0.022307	4.0991e-05	9.5549e-07
756	0.99834	0.0016211	4.1891e-05	7.3496e-08
757	0.99827	0.0016913	4.1959e-05	7.6314e-08
758	0.99983	0.00012612	4.2146e-05	5.8412e-09
759	0.99995	9.2462e-06	4.2317e-05	4.2255e-10
760	0.99989	6.2957e-05	4.2534e-05	2.7671e-09
761	0.99987	8.9164e-05	4.2803e-05	3.8004e-09
762	0.9993	0.00066093	4.3014e-05	2.909e-08
763	0.9976	0.002357	4.3138e-05	1.0738e-07
764	0.99772	0.0022372	4.3396e-05	1.0294e-07
765	0.99989	6.7369e-05	4.3806e-05	3.2306e-09
766	0.99915	0.00080315	4.4144e-05	3.5906e-08
767	0.9987	0.001256	4.446e-05	5.7745e-08
768	0.9996	0.00035545	4.4896e-05	1.6853e-08
769	0.99978	0.00017939	4.5357e-05	8.4251e-09
770	0.99898	0.00097104	4.5738e-05	4.6261e-08
771	0.99828	0.0016726	4.6191e-05	7.9027e-08
772	0.99795	0.0020008	4.6624e-05	9.6573e-08
773	0.99926	0.00069394	4.7199e-05	3.4079e-08
774	0.99955	0.00039952	4.7689e-05	2.1083e-08
775	0.99788	0.0020709	4.8143e-05	1.0852e-07
776	0.9959	0.0040547	4.8647e-05	2.1166e-07
777	0.99622	0.0037275	4.9349e-05	1.9612e-07
778	0.99454	0.0054137	4.9897e-05	2.8836e-07
779	0.99519	0.0047584	5.0641e-05	2.5692e-07
780	0.99867	0.001277	5.1622e-05	6.7784e-08
781	0.99577	0.0041772	5.2202e-05	2.1988e-07
782	0.99316	0.0067874	5.2742e-05	3.6577e-07
783	0.99329	0.0066605	5.3508e-05	3.6218e-07
784	0.99346	0.0064853	5.4232e-05	3.5899e-07
785	0.99646	0.0034835	5.5199e-05	1.9256e-07
786	0.99983	0.0001126	5.6136e-05	6.5044e-09
787	0.99895	0.00099156	5.6928e-05	5.6324e-08
788	0.99848	0.0014644	5.7689e-05	8.5986e-08
789	0.99952	0.00042573	5.8634e-05	2.4718e-08
790	0.9966	0.0033369	5.93e-05	1.9742e-07
791	0.99649	0.0034494	6.0082e-05	2.0921e-07
792	0.99847	0.001464	6.1082e-05	8.8785e-08
793	0.99715	0.0027889	6.1831e-05	1.7268e-07
794	0.99764	0.0022987	6.2785e-05	1.4152e-07
795	0.99614	0.0037958	6.3715e-05	2.2913e-07
796	0.97113	0.028798	6.7149e-05	2.315e-06
797	0.96103	0.038892	7.2043e-05	3.3953e-06
798	0.95876	0.041156	7.8052e-05	3.897e-06
799	0.96429	0.035626	8.4473e-05	3.7226e-06
800	0.96782	0.032089	9.1287e-05	3.6691e-06
801	0.97992	0.019974	9.97e-05	2.6258e-06
802	0.98931	0.010576	0.00010868	1.6875e-06
803	0.98734	0.012546	0.00011596	2.1506e-06
804	0.98982	0.01005	0.00012353	2.0115e-06
805	0.9807	0.01917	0.00012466	3.1489e-06
806	0.97888	0.020992	0.0001266	3.3814e-06
807	0.98112	0.018748	0.00012935	3.0054e-06
808	0.98225	0.017619	0.00013215	2.7839e-06
809	0.97799	0.021868	0.00013407	3.3455e-06
810	0.97963	0.02023	0.00013668	3.0996e-06
811	0.98961	0.010247	0.00014045	1.581e-06
812	0.99927	0.00059038	0.00014406	1.1915e-07
813	0.99907	0.00078374	0.00014635	1.7094e-07
814	0.99417	0.0056848	0.00014751	1.2521e-06
815	0.99336	0.0064897	0.00014939	1.5297e-06
816	0.99523	0.0046152	0.00015198	1.3116e-06
817	0.99012	0.0097265	0.00015145	2.1901e-06
818	0.98895	0.010893	0.00015172	2.3629e-06
819	0.99087	0.0089767	0.00015267	1.9605e-06
820	0.98867	0.011171	0.00015299	2.3037e-06
821	0.99032	0.0095269	0.00015391	1.9897e-06
822	0.99669	0.0031553	0.00015586	7.6556e-07
823	0.99624	0.003601	0.00015641	8.7921e-07
824	0.99552	0.0043212	0.000157	1.0567e-06
825	0.99707	0.0027757	0.00015816	7.9582e-07
826	0.99298	0.006865	0.000157	1.4156e-06
827	0.99271	0.0071303	0.00015642	1.4108e-06
828	0.9954	0.0044416	0.0001565	8.5212e-07
829	0.99537	0.0044746	0.00015599	8.2266e-07
830	0.99547	0.0043775	0.00015544	7.8562e-07
831	0.99815	0.0016904	0.00015547	2.9285e-07
832	0.97977	0.020077	0.00015211	3.1195e-06
833	0.97305	0.0268	0.00015072	4.095e-06
834	0.97219	0.027652	0.00015035	4.1576e-06
835	0.97038	0.029466	0.00014997	4.3354e-06
836	0.95954	0.040303	0.00014823	5.808e-06
837	0.95693	0.042918	0.00014781	6.0782e-06
838	0.90233	0.097509	0.00014041	1.6949e-05
839	0.87956	0.12028	0.00013927	2.1843e-05
840	0.87422	0.12561	0.00014112	2.3622e-05
841	0.84391	0.15592	0.00013753	3.0711e-05
842	0.80075	0.19908	0.00013141	4.061e-05
843	0.74017	0.25965	0.00012177	5.432e-05
844	0.71532	0.2845	0.00011959	6.0883e-05
845	0.70876	0.29105	0.00012134	6.3877e-05
846	0.71485	0.28496	0.00012591	6.442e-05
847	0.74688	0.25292	0.00013535	5.9925e-05
848	0.85295	0.14685	0.00015889	4.1155e-05
849	0.92801	0.071785	0.00017815	2.7042e-05
850	0.93097	0.06882	0.0001806	2.5913e-05
851	0.94634	0.053452	0.00018666	2.11e-05
852	0.9861	0.013695	0.000201	8.1696e-06
853	0.98363	0.016157	0.0002003	8.4726e-06
854	0.98508	0.014712	0.00020102	7.4865e-06
855	0.99168	0.008115	0.00020404	4.3168e-06
856	0.98302	0.01677	0.00020175	6.3904e-06
857	0.94355	0.056243	0.0001923	1.5743e-05
858	0.76487	0.23492	0.00015125	5.679e-05
859	0.51943	0.48036	9.6887e-05	0.00011127
860	0.44305	0.55675	7.9408e-05	0.00012881
861	0.4133	0.58649	7.2822e-05	0.00013556
862	0.40875	0.59104	7.1529e-05	0.00013697
863	0.41773	0.58206	7.3084e-05	0.00013562
864	0.44798	0.55181	7.891e-05	0.00013009
865	0.54912	0.45067	9.7721e-05	0.00011153
866	0.78332	0.21647	0.00014279	6.6805e-05
867	0.79951	0.20027	0.00014839	6.7809e-05
868	0.70873	0.29105	0.00012347	9.4297e-05
869	0.57988	0.4199	8.8403e-05	0.00013107
870	0.52481	0.47497	7.402e-05	0.0001473
871	0.44742	0.55236	5.3939e-05	0.00016937
872	0.42193	0.57784	4.7047e-05	0.0001782
873	0.41946	0.58031	4.5651e-05	0.00018148
874	0.41643	0.58334	4.3931e-05	0.00018503
875	0.42612	0.57365	4.4656e-05	0.00018627
876	0.45783	0.54194	4.8476e-05	0.00018455
877	0.4379	0.56187	4.4478e-05	0.00018809
878	0.43687	0.5629	4.39e-05	0.00018817
879	0.44914	0.55063	4.5773e-05	0.00018589
880	0.43707	0.5627	4.3847e-05	0.00018374
881	0.43826	0.56152	4.43e-05	0.00017944
882	0.43701	0.56277	4.4079e-05	0.00017573
883	0.43379	0.56599	4.3323e-05	0.00017249
884	0.4251	0.57468	4.1789e-05	0.00017024
885	0.42905	0.57074	4.251e-05	0.00016596
886	0.40525	0.59455	3.9127e-05	0.00016598
887	0.39867	0.60112	3.8217e-05	0.00016372
888	0.40544	0.59436	3.9686e-05	0.00015927
889	0.40633	0.59348	4.0112e-05	0.00015604
890	0.40213	0.59768	3.977e-05	0.00015374
891	0.3928	0.60701	3.8559e-05	0.00015225
892	0.37838	0.62144	3.6806e-05	0.00015147
893	0.37756	0.62225	3.7042e-05	0.00014886
894	0.38975	0.61006	3.9749e-05	0.00014391
895	0.3995	0.60032	4.1753e-05	0.00013962
896	0.34229	0.65753	3.5167e-05	0.00014405
897	0.3206	0.67923	3.2761e-05	0.00014445
898	0.23924	0.76059	2.3801e-05	0.00015135
899	0.2069	0.79293	2.0362e-05	0.00015286
900	0.19803	0.80179	1.9433e-05	0.00015182
901	0.20202	0.79782	2.0145e-05	0.0001491
902	0.2017	0.79813	2.0278e-05	0.00014708
903	0.21308	0.78676	2.2276e-05	0.00014331
904	0.2195	0.78033	2.3522e-05	0.00014041
905	0.24663	0.7532	2.8126e-05	0.00013411
906	0.33671	0.66313	4.2992e-05	0.00011751
907	0.40141	0.59843	5.3758e-05	0.00010514
908	0.55189	0.44795	7.985e-05	7.7544e-05
909	0.98125	0.018593	0.00015227	3.5722e-06
910	0.96322	0.036623	0.00014791	6.551e-06
911	0.95822	0.041628	0.00014565	7.3622e-06
912	0.95896	0.040884	0.00014451	7.1908e-06
913	0.95855	0.041302	0.00014335	7.1843e-06
914	0.96396	0.03589	0.00014328	6.2038e-06
915	0.97921	0.020645	0.00014504	3.5253e-06
916	0.93917	0.060687	0.00013806	9.511e-06
917	0.92375	0.076107	0.00013504	1.1661e-05
918	0.92095	0.078904	0.00013379	1.1987e-05
919	0.92742	0.07243	0.00013383	1.0972e-05
920	0.93159	0.068271	0.00013367	1.0268e-05
921	0.95178	0.048076	0.00013574	7.282e-06
922	0.95428	0.045579	0.00013535	6.8588e-06
923	0.96447	0.035391	0.00013625	5.2569e-06
924	0.99971	0.00014802	0.00014071	3.3472e-08
925	0.99509	0.0047679	0.0001391	1.0001e-06
926	0.99021	0.0096467	0.00013734	2.0729e-06
927	0.99015	0.0097148	0.00013644	2.2195e-06
928	0.93248	0.067378	0.00012267	1.5348e-05
929	0.85221	0.14766	0.00010885	2.6111e-05
930	0.8282	0.17167	0.0001029	2.8872e-05
931	0.74489	0.25498	8.8549e-05	3.9901e-05
932	0.70983	0.29004	8.1684e-05	4.3682e-05
933	0.69708	0.3028	7.8157e-05	4.4343e-05
934	0.68163	0.31825	7.4214e-05	4.5329e-05
935	0.67997	0.31992	7.2252e-05	4.4538e-05
936	0.69197	0.30791	7.2157e-05	4.209e-05
937	0.6822	0.31768	6.9647e-05	4.225e-05
