#coord	neutral	conserved	gBGC.neutral	gBGC.conserved
1	0.967	0.032916	8.2104e-05	2.8425e-06
2	0.9886	0.011317	8.3234e-05	9.73e-07
3	0.99325	0.0066706	8.2937e-05	5.6377e-07
4	0.99753	0.0023877	8.2582e-05	1.9769e-07
5	0.99854	0.0013744	8.193e-05	1.1201e-07
6	0.99992	3.1451e-06	8.1286e-05	4.1006e-10
7	0.99992	5.709e-06	7.8702e-05	4.6302e-10
8	0.99986	6.5775e-05	7.6217e-05	5.1145e-09
9	0.99986	6.6559e-05	7.3833e-05	5.017e-09
10	0.99989	3.5794e-05	7.1537e-05	2.6318e-09
11	0.99974	0.00019446	6.9317e-05	1.3738e-08
12	0.9999	2.8355e-05	6.7206e-05	1.9533e-09
13	0.99991	2.2476e-05	6.5159e-05	1.5023e-09
14	0.99983	0.00010749	6.318e-05	6.9858e-09
15	0.99968	0.00025664	6.1274e-05	1.6155e-08
16	0.99984	0.00010483	5.9471e-05	6.4146e-09
17	0.99991	3.6072e-05	5.7728e-05	2.1459e-09
18	0.99977	0.00017562	5.604e-05	1.001e-08
19	0.99994	1.044e-05	5.4431e-05	5.7218e-10
20	0.99937	0.0005794	5.2749e-05	3.1118e-08
21	0.99989	6.2959e-05	5.1189e-05	3.3227e-09
22	0.99987	7.8854e-05	4.9659e-05	4.0132e-09
23	0.99985	0.00010125	4.8182e-05	4.9932e-09
24	0.99978	0.0001763	4.6761e-05	8.3493e-09
25	0.99942	0.00053348	4.5384e-05	2.4027e-08
26	0.99923	0.00072429	4.4064e-05	3.0821e-08
27	0.99944	0.00051471	4.2734e-05	2.04e-08
28	0.99917	0.00078845	4.1358e-05	2.9477e-08
29	0.99909	0.00086943	4.0044e-05	2.899e-08
30	0.99932	0.00064208	3.872e-05	1.6294e-08
31	0.99994	2.307e-05	3.8632e-05	1.0719e-09
32	0.99926	0.00070374	3.7911e-05	2.6861e-08
33	0.999	0.00095967	3.7207e-05	3.5887e-08
34	0.99917	0.00079112	3.6517e-05	2.9044e-08
35	0.99977	0.00019792	3.5841e-05	7.2156e-09
36	0.99995	1.0164e-05	3.5179e-05	3.5364e-10
37	0.99997	6.6078e-08	3.4482e-05	2.3389e-12
38	0.9991	0.00086431	3.3786e-05	2.951e-08
39	0.99834	0.0016225	3.3123e-05	5.3765e-08
40	0.99933	0.00063766	3.2504e-05	2.086e-08
41	0.99929	0.00068031	3.1827e-05	2.2414e-08
42	0.99946	0.00051176	3.1205e-05	1.6587e-08
43	0.99984	0.00012893	3.0615e-05	4.198e-09
44	0.99785	0.002119	2.9974e-05	6.5715e-08
45	0.99561	0.004358	2.9352e-05	1.3155e-07
46	0.99581	0.0041626	2.8828e-05	1.2282e-07
47	0.99637	0.003598	2.8301e-05	1.0456e-07
48	0.99969	0.00028401	2.7875e-05	8.2053e-09
49	0.99993	3.9377e-05	2.7381e-05	1.0878e-09
50	0.99997	6.5372e-07	2.687e-05	1.7484e-11
51	0.99981	0.00016319	2.6341e-05	4.3692e-09
52	0.99997	4.03e-06	2.5843e-05	1.0577e-10
53	0.999	0.00097568	2.5335e-05	2.4557e-08
54	0.99961	0.00036476	2.4855e-05	9.1496e-09
55	0.99974	0.00023203	2.4384e-05	5.7199e-09
56	0.99958	0.00039117	2.3925e-05	9.2694e-09
57	0.99985	0.00013135	2.3465e-05	3.015e-09
58	0.99949	0.00048989	2.2979e-05	1.1133e-08
59	0.99955	0.00042743	2.2491e-05	9.6198e-09
60	0.99983	0.000143	2.2026e-05	3.067e-09
61	0.99779	0.0021932	2.1473e-05	4.7117e-08
62	0.98985	0.010127	2.0785e-05	2.1486e-07
63	0.9819	0.018076	2.009e-05	3.7701e-07
64	0.97993	0.020053	1.9547e-05	4.0779e-07
65	0.98222	0.017764	1.9112e-05	3.5161e-07
66	0.99221	0.0077676	1.8811e-05	1.5129e-07
67	0.99477	0.0052147	1.8386e-05	9.855e-08
68	0.99761	0.0023706	1.7952e-05	4.3966e-08
69	0.9999	8.2938e-05	1.7524e-05	1.5324e-09
70	0.99918	0.00079801	1.7062e-05	1.3799e-08
71	0.99963	0.00035112	1.6637e-05	5.8078e-09
72	0.99974	0.00024548	1.6195e-05	3.9024e-09
73	0.99531	0.0046736	1.5704e-05	7.0834e-08
74	0.99486	0.0051212	1.5265e-05	7.5208e-08
75	0.99772	0.0022602	1.4864e-05	3.1198e-08
76	0.99594	0.0040431	1.4414e-05	5.3741e-08
77	0.99671	0.0032809	1.399e-05	4.0814e-08
78	0.99726	0.0027258	1.3579e-05	3.0671e-08
79	0.99069	0.0092997	1.3107e-05	9.8626e-08
80	0.98942	0.010565	1.2688e-05	1.0502e-07
81	0.99119	0.0087952	1.2319e-05	7.5642e-08
82	0.98397	0.016019	1.2287e-05	1.7367e-07
83	0.98226	0.017723	1.2334e-05	2.0071e-07
84	0.98461	0.015376	1.2437e-05	1.7843e-07
85	0.84935	0.15064	1.076e-05	1.9429e-06
86	0.80255	0.19743	1.0208e-05	2.5776e-06
87	0.78516	0.21483	1.005e-05	2.8254e-06
88	0.76514	0.23485	9.8456e-06	3.1139e-06
89	0.76277	0.23721	9.8679e-06	3.1716e-06
90	0.77731	0.22268	1.0103e-05	3.0117e-06
91	0.81795	0.18203	1.0687e-05	2.5089e-06
92	0.78386	0.21612	1.0261e-05	3.0114e-06
93	0.73902	0.26096	9.691e-06	3.6642e-06
94	0.58482	0.41517	7.5295e-06	5.9035e-06
95	0.36997	0.63002	4.5121e-06	9.0041e-06
96	0.30314	0.69685	3.5626e-06	1.0033e-05
97	0.2149	0.78508	2.3107e-06	1.1368e-05
98	0.1796	0.82038	1.8161e-06	1.1951e-05
99	0.17089	0.8291	1.6848e-06	1.2168e-05
100	0.15738	0.84261	1.489e-06	1.2453e-05
101	0.15831	0.84168	1.4775e-06	1.255e-05
102	0.17506	0.82492	1.6283e-06	1.2482e-05
103	0.088472	0.91151	8.0652e-07	1.2981e-05
104	0.058318	0.94167	5.1847e-07	1.2943e-05
105	0.04844	0.95155	4.2149e-07	1.271e-05
106	0.03331	0.96668	2.82e-07	1.2526e-05
107	0.029574	0.97041	2.4664e-07	1.2235e-05
108	0.029935	0.97005	2.5201e-07	1.1909e-05
109	0.035107	0.96488	3.0896e-07	1.1539e-05
110	0.017017	0.98297	1.444e-07	1.1397e-05
111	0.0097494	0.99024	8.0611e-08	1.1162e-05
112	0.0079684	0.99202	6.4944e-08	1.0874e-05
113	0.0081081	0.99188	6.693e-08	1.0575e-05
114	0.010498	0.98949	9.0251e-08	1.0261e-05
115	0.011998	0.98799	1.0293e-07	9.9542e-06
116	0.016789	0.9832	1.4583e-07	9.6232e-06
117	0.029215	0.97078	2.5807e-07	9.2291e-06
118	0.059978	0.94001	5.3476e-07	8.6769e-06
119	0.14781	0.85218	1.2957e-06	7.637e-06
120	0.39802	0.60197	3.3728e-06	5.2772e-06
121	0.39322	0.60677	3.2235e-06	5.1511e-06
122	0.40443	0.59556	3.2015e-06	4.8931e-06
123	0.4451	0.5549	3.3925e-06	4.4175e-06
124	0.47504	0.52495	3.4912e-06	4.0424e-06
125	0.47519	0.5248	3.3664e-06	3.8989e-06
126	0.49049	0.50951	3.3545e-06	3.6504e-06
127	0.4548	0.54519	2.9864e-06	3.7533e-06
128	0.44321	0.55679	2.7989e-06	3.6832e-06
129	0.44572	0.55428	2.7101e-06	3.5216e-06
130	0.36262	0.63737	2.1115e-06	3.8644e-06
131	0.26507	0.73492	1.4652e-06	4.2507e-06
132	0.23557	0.76443	1.2332e-06	4.2183e-06
133	0.20475	0.79524	1.0062e-06	4.1769e-06
134	0.19327	0.80672	8.9509e-07	4.0251e-06
135	0.19337	0.80663	8.4596e-07	3.8173e-06
136	0.16971	0.83028	6.9695e-07	3.7152e-06
137	0.16563	0.83436	6.3705e-07	3.5203e-06
138	0.17072	0.82928	6.1569e-07	3.2917e-06
139	0.15739	0.8426	5.2865e-07	3.1343e-06
140	0.15722	0.84278	4.8978e-07	2.9253e-06
141	0.1667	0.8333	4.819e-07	2.69e-06
142	0.17153	0.82846	4.58e-07	2.4754e-06
143	0.18913	0.81087	4.6681e-07	2.2324e-06
144	0.23251	0.76749	5.322e-07	1.9373e-06
145	0.26181	0.73819	5.49e-07	1.6951e-06
146	0.33157	0.66843	6.3819e-07	1.3849e-06
147	0.50385	0.49615	8.9198e-07	9.1506e-07
148	0.99507	0.0049252	1.5794e-06	7.5988e-09
149	0.99525	0.0047528	1.3681e-06	6.1143e-09
150	0.99814	0.0018628	1.1669e-06	1.492e-09
151	0.99708	0.0029185	1.1557e-06	2.8208e-09
152	0.99156	0.0084428	1.1404e-06	9.1019e-09
153	0.98617	0.01383	1.1224e-06	1.5176e-08
154	0.98626	0.013739	1.1078e-06	1.5016e-08
155	0.97982	0.02018	1.0868e-06	2.1989e-08
156	0.97988	0.020117	1.0703e-06	2.1702e-08
157	0.98436	0.01564	1.0591e-06	1.6629e-08
158	0.98847	0.01153	1.0446e-06	1.2119e-08
159	0.99961	0.00038777	1.0379e-06	4.0575e-10
160	0.99754	0.0024626	1.018e-06	2.5122e-09
161	0.99774	0.0022628	9.9772e-07	2.2777e-09
162	0.9999	0.00010242	9.7991e-07	9.9117e-11
163	0.99984	0.00015968	9.5701e-07	1.5005e-10
164	0.99974	0.00025946	9.3124e-07	2.3847e-10
165	0.99991	8.4429e-05	9.0626e-07	6.5092e-11
166	0.99383	0.0061717	8.7777e-07	4.4377e-09
167	0.97376	0.026238	8.3697e-07	1.8236e-08
168	0.96853	0.031468	8.0464e-07	2.076e-08
169	0.97029	0.02971	7.7474e-07	1.8047e-08
170	0.97823	0.021773	7.4983e-07	1.0834e-08
171	0.98535	0.014646	8.2443e-07	8.4992e-09
172	0.98565	0.014347	8.97e-07	9.7544e-09
173	0.98104	0.018956	9.618e-07	1.543e-08
174	0.97604	0.023962	1.0224e-06	2.2167e-08
175	0.94947	0.050524	1.0602e-06	5.3329e-08
176	0.94252	0.057477	1.1141e-06	6.5073e-08
177	0.94474	0.055259	1.1751e-06	6.6412e-08
178	0.94502	0.054974	1.2355e-06	6.9824e-08
179	0.95576	0.044236	1.3066e-06	5.9324e-08
180	0.98265	0.017352	1.4032e-06	2.4804e-08
181	0.98829	0.011706	1.4742e-06	1.7635e-08
182	0.99241	0.0075919	1.5454e-06	1.1988e-08
183	0.9956	0.004399	1.6179e-06	7.2046e-09
184	0.99599	0.0040091	1.6825e-06	6.8292e-09
185	0.99673	0.0032691	1.7443e-06	5.8273e-09
186	0.99729	0.002706	1.8077e-06	5.0168e-09
187	0.99604	0.0039564	1.8645e-06	7.6258e-09
188	0.99683	0.0031671	1.9271e-06	6.3449e-09
189	0.99745	0.0025508	1.9914e-06	5.2833e-09
190	0.97727	0.022732	2.0085e-06	4.8184e-08
191	0.96982	0.030175	2.0534e-06	6.5608e-08
192	0.96947	0.030524	2.1097e-06	6.837e-08
193	0.95921	0.040787	2.1459e-06	9.3513e-08
194	0.94741	0.052589	2.1738e-06	1.2375e-07
195	0.89494	0.10506	2.1065e-06	2.5161e-07
196	0.8262	0.1738	1.9979e-06	4.2311e-07
197	0.74586	0.25413	1.8474e-06	6.3336e-07
198	0.71907	0.28093	1.8203e-06	7.1706e-07
199	0.4084	0.5916	1.0313e-06	1.5593e-06
200	0.28203	0.71797	7.15e-07	1.9306e-06
201	0.23108	0.76891	5.9325e-07	2.1086e-06
202	0.21168	0.78831	5.5374e-07	2.2056e-06
203	0.20898	0.79101	5.5698e-07	2.2575e-06
204	0.21654	0.78346	5.8966e-07	2.2809e-06
205	0.23994	0.76005	6.7017e-07	2.2577e-06
206	0.2382	0.7618	6.7719e-07	2.3043e-06
207	0.24845	0.75155	7.2107e-07	2.3154e-06
208	0.2534	0.7466	7.5106e-07	2.3417e-06
209	0.27428	0.72572	8.336e-07	2.317e-06
210	0.34589	0.65411	1.0799e-06	2.1257e-06
211	0.51201	0.48799	1.6531e-06	1.609e-06
212	0.98574	0.01426	3.2659e-06	4.9719e-08
213	0.98723	0.012767	3.3194e-06	4.5748e-08
214	0.51053	0.48947	1.6658e-06	1.7527e-06
215	0.31641	0.68358	9.9728e-07	2.4767e-06
216	0.23766	0.76234	7.3081e-07	2.8005e-06
217	0.20641	0.79359	6.301e-07	2.9601e-06
218	0.1996	0.8004	6.1226e-07	3.0341e-06
219	0.20355	0.79644	6.3229e-07	3.0719e-06
220	0.22169	0.77831	7.0169e-07	3.062e-06
221	0.28439	0.7156	9.1923e-07	2.9012e-06
222	0.42993	0.57007	1.4286e-06	2.45e-06
223	0.53415	0.46584	1.8149e-06	2.1239e-06
224	0.53404	0.46595	1.8359e-06	2.1651e-06
225	0.53323	0.46676	1.8504e-06	2.2094e-06
226	0.42395	0.57605	1.4663e-06	2.5802e-06
227	0.31266	0.68734	1.0695e-06	2.9607e-06
228	0.26803	0.73197	9.1305e-07	3.1024e-06
229	0.21157	0.78843	7.1938e-07	3.2829e-06
230	0.19316	0.80684	6.5524e-07	3.3314e-06
231	0.19204	0.80796	6.5164e-07	3.3167e-06
232	0.16817	0.83183	5.6445e-07	3.383e-06
233	0.15987	0.84013	5.3427e-07	3.3934e-06
234	0.16169	0.83831	5.4169e-07	3.3676e-06
235	0.17796	0.82203	6.0209e-07	3.2863e-06
236	0.21834	0.78165	7.5578e-07	3.1128e-06
237	0.31881	0.68118	1.145e-06	2.7053e-06
238	0.24449	0.75551	8.7411e-07	2.9591e-06
239	0.22256	0.77744	7.909e-07	3.0226e-06
240	0.21586	0.78413	7.6488e-07	3.0301e-06
241	0.20867	0.79133	7.3568e-07	3.0381e-06
242	0.21168	0.78832	7.4501e-07	3.0087e-06
243	0.23166	0.76833	8.1566e-07	2.9155e-06
244	0.3	0.7	1.0599e-06	2.646e-06
245	0.45846	0.54153	1.637e-06	2.045e-06
246	0.84778	0.15222	3.0755e-06	5.8445e-07
247	0.8529	0.14709	3.0786e-06	5.6168e-07
248	0.87613	0.12387	3.1448e-06	4.7262e-07
249	0.93203	0.067965	3.3347e-06	2.6202e-07
250	0.94602	0.053976	3.3632e-06	2.0944e-07
251	0.93653	0.063466	3.3073e-06	2.4347e-07
252	0.93545	0.064544	3.2857e-06	2.4592e-07
253	0.94336	0.056638	3.293e-06	2.16e-07
254	0.925	0.074997	3.2075e-06	2.8122e-07
255	0.91941	0.080586	3.1715e-06	2.9941e-07
256	0.91396	0.086037	3.1323e-06	3.1724e-07
257	0.91612	0.08388	3.1226e-06	3.0764e-07
258	0.92748	0.072521	3.1481e-06	2.6508e-07
259	0.92576	0.074239	3.1211e-06	2.6953e-07
260	0.93124	0.068757	3.1217e-06	2.4855e-07
261	0.94798	0.052021	3.1642e-06	1.8785e-07
262	0.95046	0.049539	3.1588e-06	1.7748e-07
263	0.9616	0.038399	3.1868e-06	1.3624e-07
264	0.99986	0.00013316	3.3056e-06	4.8023e-10
265	0.99889	0.0011099	3.2879e-06	3.7147e-09
266	0.99923	0.00076776	3.2767e-06	2.5271e-09
267	0.99997	2.6325e-05	3.2631e-06	8.7415e-11
268	0.99992	7.9266e-05	3.2491e-06	2.5815e-10
269	0.99936	0.0006394	3.2298e-06	2.1042e-09
270	0.99993	6.9504e-05	3.2167e-06	2.3497e-10
271	0.99939	0.00060944	3.2028e-06	2.0123e-09
272	0.99902	0.00097401	3.192e-06	3.1887e-09
273	0.99999	1.0204e-05	3.1879e-06	3.3776e-11
274	0.99991	8.2679e-05	3.1826e-06	2.6688e-10
275	0.99901	0.00098488	3.177e-06	3.1234e-09
276	0.99969	0.00030865	3.1728e-06	1.0074e-09
277	0.89598	0.10402	2.8331e-06	3.3679e-07
278	0.86028	0.13972	2.7097e-06	4.5307e-07
279	0.84975	0.15024	2.6653e-06	4.8721e-07
280	0.83385	0.16614	2.6061e-06	5.3799e-07
281	0.76733	0.23267	2.3782e-06	7.5431e-07
282	0.74156	0.25844	2.2876e-06	8.3529e-07
283	0.71547	0.28453	2.1926e-06	9.1747e-07
284	0.7073	0.29269	2.1578e-06	9.4105e-07
285	0.69343	0.30656	2.1074e-06	9.8184e-07
286	0.67309	0.32691	2.0394e-06	1.0417e-06
287	0.65169	0.3483	1.9651e-06	1.1049e-06
288	0.64739	0.3526	1.9464e-06	1.1142e-06
289	0.64107	0.35893	1.9187e-06	1.1295e-06
290	0.65046	0.34954	1.9365e-06	1.0965e-06
291	0.68683	0.31316	2.0313e-06	9.8363e-07
292	0.6359	0.3641	1.8545e-06	1.1393e-06
293	0.61721	0.38278	1.7833e-06	1.1911e-06
294	0.61376	0.38623	1.7608e-06	1.1957e-06
295	0.57508	0.42492	1.6357e-06	1.3046e-06
296	0.53054	0.46946	1.491e-06	1.4303e-06
297	0.51346	0.48654	1.4312e-06	1.4723e-06
298	0.42466	0.57533	1.1673e-06	1.7196e-06
299	0.38721	0.61279	1.0554e-06	1.816e-06
300	0.3746	0.6254	1.016e-06	1.8412e-06
301	0.32159	0.6784	8.6208e-07	1.9782e-06
302	0.30168	0.69832	8.0325e-07	2.0212e-06
303	0.29682	0.70318	7.8716e-07	2.0224e-06
304	0.30436	0.69563	8.0661e-07	1.989e-06
305	0.33556	0.66443	8.9055e-07	1.8888e-06
306	0.41004	0.58996	1.0983e-06	1.6656e-06
307	0.64917	0.35083	1.7581e-06	9.8758e-07
308	0.81743	0.18256	2.2208e-06	5.0809e-07
309	0.98163	0.018371	2.6566e-06	5.2119e-08
310	0.97932	0.020676	2.6328e-06	5.8003e-08
311	0.98134	0.018657	2.6231e-06	5.185e-08
312	0.99083	0.0091663	2.6303e-06	2.5548e-08
313	0.99246	0.0075335	2.6181e-06	2.0812e-08
314	0.99346	0.0065368	2.6059e-06	1.7791e-08
315	0.99964	0.00035983	2.6041e-06	1.0132e-09
316	0.93574	0.06426	2.4181e-06	1.7082e-07
317	0.91406	0.085935	2.342e-06	2.2767e-07
318	0.90636	0.093637	2.3056e-06	2.4646e-07
319	0.90694	0.093062	2.2926e-06	2.4336e-07
320	0.91908	0.080919	2.3059e-06	2.1097e-07
321	0.95195	0.048044	2.374e-06	1.2565e-07
322	0.96086	0.039136	2.3833e-06	1.017e-07
323	0.96692	0.03308	2.387e-06	8.5097e-08
324	0.98984	0.010154	2.4298e-06	2.5928e-08
325	0.99016	0.0098363	2.4164e-06	2.4716e-08
326	0.99493	0.0050707	2.4108e-06	1.2539e-08
327	0.99999	1.2353e-05	2.4021e-06	2.9168e-11
328	0.99738	0.0026143	2.37e-06	6.0858e-09
329	0.99731	0.002688	2.3407e-06	6.1787e-09
330	0.99999	1.0823e-05	2.3142e-06	2.5008e-11
331	0.99853	0.0014725	2.2799e-06	3.3731e-09
332	0.97789	0.022104	2.2047e-06	4.9285e-08
333	0.97024	0.029754	2.1616e-06	6.5121e-08
334	0.96975	0.030245	2.1311e-06	6.515e-08
335	0.97583	0.024168	2.1115e-06	5.112e-08
336	0.99817	0.0018265	2.1219e-06	3.7862e-09
337	0.99569	0.0043066	2.0816e-06	8.7963e-09
338	0.99601	0.0039925	2.0439e-06	7.9982e-09
339	0.99994	6.1983e-05	2.01e-06	1.2058e-10
340	0.99977	0.00023299	1.9644e-06	4.582e-10
341	0.99912	0.00087367	1.9196e-06	1.6606e-09
342	1	1.1208e-06	1.8743e-06	1.9892e-12
343	0.99902	0.00097832	1.8747e-06	1.8037e-09
344	0.99846	0.0015425	1.8727e-06	2.8571e-09
345	0.99942	0.0005815	1.875e-06	1.0203e-09
346	0.99846	0.0015332	1.871e-06	2.6508e-09
347	0.99743	0.0025691	1.868e-06	4.3218e-09
348	0.99847	0.0015315	1.8658e-06	2.2897e-09
349	0.99601	0.003988	2.0684e-06	9.1996e-09
350	0.996	0.003995	2.2834e-06	1.1006e-08
351	0.99844	0.0015586	2.5123e-06	6.5683e-09
352	0.99307	0.006932	2.5554e-06	2.0634e-08
353	0.99246	0.0075401	2.607e-06	2.2474e-08
354	0.99476	0.0052401	2.6696e-06	1.5974e-08
355	0.99373	0.0062704	2.7254e-06	1.8994e-08
356	0.99531	0.0046915	2.7916e-06	1.4385e-08
357	0.99725	0.0027496	2.8551e-06	8.6653e-09
358	0.99694	0.0030615	2.9147e-06	9.6649e-09
359	0.99855	0.0014428	2.9829e-06	4.6496e-09
360	0.99997	2.8467e-05	3.0533e-06	9.267e-11
361	0.99962	0.00037963	3.1127e-06	1.2171e-09
362	0.99954	0.00045942	3.1761e-06	1.5017e-09
363	0.99878	0.0012212	3.2403e-06	4.0118e-09
364	0.99841	0.0015851	3.3018e-06	5.3543e-09
365	0.99802	0.001973	3.3659e-06	6.786e-09
366	0.99761	0.0023836	3.4329e-06	8.2955e-09
367	0.99761	0.0023853	3.4972e-06	8.4861e-09
368	0.99963	0.00036753	3.5722e-06	1.3137e-09
369	0.99958	0.0004209	3.6361e-06	1.5235e-09
370	0.99731	0.0026885	3.6877e-06	9.9948e-09
371	0.99721	0.0027868	3.7507e-06	1.0466e-08
372	0.99988	0.00011585	3.8201e-06	4.513e-10
373	0.99978	0.0002189	3.8825e-06	8.6347e-10
374	0.99755	0.0024439	3.9396e-06	9.6415e-09
375	0.9954	0.0045933	3.9929e-06	1.8517e-08
376	0.99557	0.0044217	4.0586e-06	1.8052e-08
377	0.99891	0.0010888	4.1336e-06	4.5817e-09
378	0.99959	0.0004047	4.201e-06	1.7457e-09
379	0.99962	0.00037613	4.2691e-06	1.6333e-09
380	0.99901	0.00098183	4.3377e-06	4.2408e-09
381	1	1.1066e-07	4.409e-06	4.9301e-13
382	0.99893	0.0010691	4.4752e-06	4.7773e-09
383	0.99808	0.0019154	4.5383e-06	8.7567e-09
384	0.99887	0.0011266	4.6128e-06	5.1872e-09
385	0.9999	9.2554e-05	4.6846e-06	4.2821e-10
386	0.99999	7.4354e-06	4.7482e-06	3.5738e-11
387	0.99999	3.6828e-06	4.8148e-06	1.9083e-11
388	0.99877	0.0012252	4.8709e-06	6.5998e-09
389	0.99749	0.0025025	4.9304e-06	1.3713e-08
390	0.99805	0.0019416	5.0036e-06	1.1242e-08
391	0.9814	0.018599	4.9836e-06	1.0624e-07
392	0.96433	0.035669	4.9523e-06	2.0802e-07
393	0.95802	0.04197	4.9858e-06	2.4883e-07
394	0.93129	0.068705	4.8908e-06	4.1409e-07
395	0.92171	0.078283	4.9004e-06	4.7882e-07
396	0.92223	0.077769	4.9639e-06	4.8585e-07
397	0.90806	0.091939	4.9424e-06	5.8194e-07
398	0.8919	0.10809	4.9006e-06	6.9437e-07
399	0.88743	0.11256	4.9345e-06	7.3489e-07
400	0.89485	0.10514	5.0344e-06	7.0503e-07
401	0.91798	0.082016	5.2325e-06	5.8122e-07
402	0.97317	0.026827	5.6312e-06	2.6069e-07
403	0.96995	0.030049	5.5284e-06	2.6956e-07
404	0.97185	0.028144	5.4667e-06	2.4213e-07
405	0.9834	0.016594	5.4763e-06	1.3869e-07
406	0.98616	0.013838	5.405e-06	1.1141e-07
407	0.99469	0.0052999	5.3812e-06	4.0869e-08
408	0.99673	0.0032665	5.2916e-06	2.4114e-08
409	0.99396	0.0060302	5.1666e-06	3.7895e-08
410	0.99404	0.0059557	5.0627e-06	3.5664e-08
411	0.9968	0.0031959	4.9781e-06	1.8422e-08
412	0.99992	7.3841e-05	4.8896e-06	4.1842e-10
413	0.99997	2.6884e-05	4.7877e-06	1.328e-10
414	0.997	0.0029917	4.6767e-06	1.371e-08
415	0.9533	0.046691	4.3773e-06	2.1134e-07
416	0.94049	0.059507	4.2185e-06	2.6393e-07
417	0.93932	0.060679	4.1084e-06	2.6317e-07
418	0.93586	0.064136	3.9933e-06	2.7151e-07
419	0.93901	0.060983	3.9107e-06	2.5133e-07
420	0.95432	0.045677	3.8723e-06	1.8287e-07
421	0.95634	0.043653	3.7741e-06	1.7012e-07
422	0.96813	0.031866	3.7078e-06	1.2124e-07
423	0.99885	0.0011484	3.7141e-06	4.3289e-09
424	0.98469	0.015302	3.5567e-06	5.5582e-08
425	0.97929	0.020704	3.4373e-06	7.2697e-08
426	0.97865	0.021351	3.3389e-06	7.2405e-08
427	0.97759	0.022408	3.2352e-06	7.3442e-08
428	0.982	0.017994	3.1451e-06	5.6903e-08
429	0.99902	0.00097265	3.0878e-06	3.0324e-09
430	0.9976	0.002401	2.9768e-06	7.2218e-09
431	0.9789	0.021093	2.8114e-06	6.1707e-08
432	0.97207	0.027926	2.6879e-06	7.8365e-08
433	0.94809	0.051904	2.5151e-06	1.4006e-07
434	0.91472	0.085281	2.3278e-06	2.1963e-07
435	0.9024	0.097599	2.2034e-06	2.4008e-07
436	0.70015	0.29984	1.653e-06	6.8953e-07
437	0.6298	0.3702	1.4257e-06	8.1246e-07
438	0.60695	0.39305	1.3095e-06	8.2101e-07
439	0.25644	0.74356	5.5533e-07	1.4704e-06
440	0.13347	0.86653	2.9611e-07	1.6222e-06
441	0.095251	0.90475	2.129e-07	1.5952e-06
442	0.08041	0.91959	1.7878e-07	1.5208e-06
443	0.077466	0.92253	1.6693e-07	1.4217e-06
444	0.082886	0.91711	1.7023e-07	1.3051e-06
445	0.076974	0.92302	1.6091e-07	1.3892e-06
446	0.078259	0.92174	1.6566e-07	1.46e-06
447	0.087084	0.91291	1.8444e-07	1.5176e-06
448	0.069502	0.9305	1.4981e-07	1.6262e-06
449	0.06363	0.93637	1.4011e-07	1.7108e-06
450	0.066366	0.93363	1.4769e-07	1.7757e-06
451	0.055464	0.94453	1.2563e-07	1.8711e-06
452	0.053745	0.94625	1.2346e-07	1.9442e-06
453	0.057419	0.94258	1.3342e-07	2.006e-06
454	0.058098	0.9419	1.3756e-07	2.0745e-06
455	0.065058	0.93494	1.5657e-07	2.1288e-06
456	0.069077	0.93092	1.702e-07	2.1897e-06
457	0.082011	0.91799	2.0673e-07	2.2287e-06
458	0.090167	0.90983	2.3385e-07	2.278e-06
459	0.12065	0.87935	3.1941e-07	2.2664e-06
460	0.15026	0.84974	4.0558e-07	2.2517e-06
461	0.21972	0.78028	6.0681e-07	2.1231e-06
462	0.39076	0.60924	1.1127e-06	1.6913e-06
463	0.43533	0.56467	1.2703e-06	1.6051e-06
464	0.56502	0.43497	1.6813e-06	1.2626e-06
465	0.97953	0.020463	2.9477e-06	6.155e-08
466	0.98103	0.018969	3.0193e-06	5.8307e-08
467	0.98943	0.010567	3.1091e-06	3.3397e-08
468	0.99606	0.0039416	3.1978e-06	1.2676e-08
469	0.99556	0.0044398	3.2599e-06	1.4607e-08
470	0.9974	0.002595	3.3332e-06	8.6426e-09
471	0.99963	0.00036265	3.4038e-06	1.2216e-09
472	0.99963	0.00036667	3.4631e-06	1.2727e-09
473	0.99902	0.00097765	3.5231e-06	3.4275e-09
474	0.99986	0.00013464	3.5845e-06	4.9257e-10
475	0.99983	0.00016369	3.6466e-06	6.1228e-10
476	0.99958	0.0004195	3.7109e-06	1.5824e-09
477	0.99959	0.00040472	3.7797e-06	1.5318e-09
478	0.99995	5.0102e-05	3.8459e-06	1.981e-10
479	0.9994	0.00059272	3.9122e-06	2.3629e-09
480	0.99997	3.1011e-05	3.9866e-06	1.2943e-10
481	0.99656	0.0034374	4.0404e-06	1.4627e-08
482	0.9958	0.004193	4.1084e-06	1.8182e-08
483	0.99714	0.0028567	4.1887e-06	1.2779e-08
484	0.95881	0.041185	4.0861e-06	1.8599e-07
485	0.78742	0.21258	3.3997e-06	9.5058e-07
486	0.71815	0.28185	3.1555e-06	1.2766e-06
487	0.40051	0.59948	1.7954e-06	2.7216e-06
488	0.30123	0.69876	1.3696e-06	3.229e-06
489	0.2589	0.7411	1.1989e-06	3.4834e-06
490	0.097376	0.90262	4.5003e-07	4.3133e-06
491	0.046788	0.95321	2.0899e-07	4.6326e-06
492	0.026276	0.97372	1.1153e-07	4.8103e-06
493	0.020331	0.97966	8.2466e-08	4.917e-06
494	0.01865	0.98134	7.3805e-08	5.005e-06
495	0.02026	0.97974	8.005e-08	5.08e-06
496	0.014853	0.98514	5.303e-08	5.1902e-06
497	0.014373	0.98562	4.8585e-08	5.2754e-06
498	0.018102	0.98189	6.0156e-08	5.3419e-06
499	0.014708	0.98529	4.8891e-08	5.1795e-06
500	0.015463	0.98453	5.3439e-08	4.9983e-06
501	0.019446	0.98055	7.2227e-08	4.806e-06
502	0.032205	0.96779	1.2941e-07	4.5725e-06
503	0.069041	0.93095	2.8748e-07	4.2354e-06
504	0.15952	0.84048	6.6709e-07	3.6804e-06
505	0.18188	0.81811	7.3058e-07	3.4384e-06
506	0.23555	0.76444	9.1302e-07	3.0809e-06
507	0.3897	0.6103	1.4497e-06	2.366e-06
508	0.50677	0.49322	1.8088e-06	1.8332e-06
509	0.79489	0.20511	2.7397e-06	7.3336e-07
510	0.99758	0.0024125	3.3007e-06	8.3552e-09
511	0.99687	0.0031253	3.1407e-06	1.0147e-08
512	0.99845	0.0015501	2.9832e-06	4.8441e-09
513	0.99829	0.0017029	2.8253e-06	5.0215e-09
514	0.99603	0.0039658	2.6668e-06	1.0844e-08
515	0.99615	0.0038488	2.5204e-06	9.8537e-09
516	0.99962	0.00037482	2.377e-06	9.0898e-10
517	0.99688	0.0031218	2.2233e-06	6.9391e-09
518	0.99645	0.0035434	2.0798e-06	7.2862e-09
519	0.99885	0.0011438	1.937e-06	2.0999e-09
520	0.98531	0.014692	1.7716e-06	2.4434e-08
521	0.98142	0.018582	1.6205e-06	2.8147e-08
522	0.97763	0.022367	1.466e-06	3.0556e-08
523	0.90997	0.090032	1.2391e-06	1.097e-07
524	0.8871	0.1129	1.0762e-06	1.207e-07
525	0.87916	0.12084	9.3824e-07	1.1072e-07
526	0.86686	0.13314	8.0296e-07	1.0179e-07
527	0.86515	0.13485	6.8158e-07	8.249e-08
528	0.87353	0.12647	5.7037e-07	5.6813e-08
529	0.86944	0.13056	5.6419e-07	6.087e-08
530	0.86511	0.13489	5.5565e-07	6.4794e-08
531	0.87049	0.12951	5.5288e-07	6.2985e-08
532	0.86057	0.13943	5.4151e-07	6.9652e-08
533	0.86059	0.13941	5.3622e-07	7.0118e-08
534	0.87383	0.12617	5.3584e-07	6.3304e-08
535	0.85216	0.14784	5.1611e-07	7.5864e-08
536	0.84778	0.15222	5.046e-07	7.7835e-08
537	0.85284	0.14716	4.9843e-07	7.4326e-08
538	0.85755	0.14245	4.8979e-07	7.0827e-08
539	0.87505	0.12495	4.8765e-07	6.068e-08
540	0.91831	0.081691	4.9813e-07	3.7748e-08
541	0.94907	0.050928	5.018e-07	2.1496e-08
542	0.93416	0.065843	4.8345e-07	2.7116e-08
543	0.93011	0.069893	4.7026e-07	2.7555e-08
544	0.68355	0.31645	3.6517e-07	1.1985e-07
545	0.60682	0.39318	3.2778e-07	1.4211e-07
546	0.58161	0.41839	3.0982e-07	1.4273e-07
547	0.27637	0.72363	1.6578e-07	3.6467e-07
548	0.15207	0.84793	1.0179e-07	5.0733e-07
549	0.10165	0.89835	7.5612e-08	6.1282e-07
550	0.034674	0.96533	2.8721e-08	7.3965e-07
551	0.013698	0.9863	1.2317e-08	8.3375e-07
552	0.0072329	0.99277	6.8612e-09	9.1468e-07
553	0.0047584	0.99524	4.7525e-09	9.9277e-07
554	0.0041431	0.99586	4.3715e-09	1.0697e-06
555	0.0054483	0.99455	6.0114e-09	1.1423e-06
556	0.0055531	0.99445	6.4366e-09	1.2166e-06
557	0.0074276	0.99257	9.1241e-09	1.2893e-06
558	0.012687	0.98731	1.6638e-08	1.3577e-06
559	0.016042	0.98396	2.2364e-08	1.4287e-06
560	0.025304	0.97469	3.7705e-08	1.4909e-06
561	0.048451	0.95155	7.7343e-08	1.5295e-06
562	0.10196	0.89804	1.7389e-07	1.512e-06
563	0.27277	0.72723	4.8688e-07	1.2756e-06
564	0.75928	0.24072	1.4027e-06	4.338e-07
565	0.75226	0.24774	1.4433e-06	4.6412e-07
566	0.75648	0.24352	1.5072e-06	4.7305e-07
567	0.78344	0.21655	1.6149e-06	4.3477e-07
568	0.76358	0.23642	1.6307e-06	4.9069e-07
569	0.76132	0.23868	1.6786e-06	5.1123e-07
570	0.77144	0.22856	1.7568e-06	5.0384e-07
571	0.38446	0.61554	9.1142e-07	1.4122e-06
572	0.26331	0.73668	6.4399e-07	1.7399e-06
573	0.22615	0.77384	5.6662e-07	1.8748e-06
574	0.093786	0.90621	2.3812e-07	2.2582e-06
575	0.036365	0.96363	9.453e-08	2.4575e-06
576	0.016251	0.98375	4.265e-08	2.5628e-06
577	0.0081019	0.9919	2.165e-08	2.6381e-06
578	0.0054603	0.99454	1.4712e-08	2.6972e-06
579	0.004693	0.9953	1.2839e-08	2.7519e-06
580	0.0033628	0.99663	9.2027e-09	2.806e-06
581	0.0032924	0.9967	9.1039e-09	2.8575e-06
582	0.0044209	0.99558	1.2495e-08	2.9064e-06
583	0.0049914	0.99501	1.4251e-08	2.9546e-06
584	0.0045676	0.99543	1.3199e-08	3.0066e-06
585	0.0054335	0.99456	1.605e-08	3.0555e-06
586	0.0025158	0.99748	7.5407e-09	3.1167e-06
587	0.0017916	0.99821	5.387e-09	3.1692e-06
588	0.0017486	0.99825	5.3315e-09	3.2204e-06
589	0.002355	0.99764	7.3657e-09	3.2703e-06
590	0.0040593	0.99594	1.311e-08	3.3174e-06
591	0.0098885	0.99011	3.2478e-08	3.3486e-06
592	0.0049591	0.99504	1.6348e-08	3.4163e-06
593	0.0028876	0.99711	9.6168e-09	3.4755e-06
594	0.0021416	0.99785	7.286e-09	3.5312e-06
595	0.002169	0.99783	7.6315e-09	3.5852e-06
596	0.0033802	0.99662	1.2199e-08	3.6328e-06
597	0.007751	0.99225	2.8335e-08	3.6663e-06
598	0.010227	0.98977	3.8084e-08	3.7073e-06
599	0.016607	0.98339	6.3401e-08	3.7336e-06
600	0.032615	0.96738	1.2834e-07	3.7217e-06
601	0.078461	0.92153	3.136e-07	3.587e-06
602	0.20912	0.79087	8.412e-07	3.1077e-06
603	0.62567	0.37433	2.5183e-06	1.476e-06
604	0.63233	0.36766	2.5709e-06	1.4656e-06
605	0.66679	0.33321	2.7321e-06	1.3433e-06
606	0.74899	0.25101	3.0951e-06	1.0212e-06
607	0.77124	0.22876	3.2132e-06	9.4054e-07
608	0.79334	0.20665	3.3279e-06	8.5961e-07
609	0.85109	0.1489	3.5968e-06	6.2735e-07
610	0.86463	0.13536	3.6803e-06	5.7693e-07
611	0.89948	0.10051	3.8589e-06	4.3409e-07
612	0.98671	0.01329	4.2734e-06	5.841e-08
613	0.99313	0.0068666	4.3438e-06	3.025e-08
614	0.99983	0.00016918	4.4114e-06	7.636e-10
615	0.99993	6.3112e-05	4.453e-06	2.8656e-10
616	0.99965	0.0003435	4.489e-06	1.602e-09
617	0.99871	0.0012888	4.525e-06	6.0285e-09
618	0.99913	0.00086331	4.5704e-06	4.1157e-09
619	0.96532	0.034677	4.4585e-06	1.6258e-07
620	0.95226	0.047734	4.4461e-06	2.2509e-07
621	0.95052	0.049472	4.4814e-06	2.3577e-07
622	0.34776	0.65224	1.6692e-06	3.0975e-06
623	0.13614	0.86386	6.605e-07	4.153e-06
624	0.061888	0.93811	2.9944e-07	4.5582e-06
625	0.029718	0.97028	1.4413e-07	4.7591e-06
626	0.016708	0.98329	8.2048e-08	4.8684e-06
627	0.012518	0.98748	6.1887e-08	4.9333e-06
628	0.01212	0.98787	6.016e-08	4.9775e-06
629	0.014151	0.98584	7.0909e-08	5.0105e-06
630	0.020113	0.97988	1.0239e-07	5.0241e-06
631	0.040156	0.95984	2.0615e-07	4.9629e-06
632	0.089473	0.91052	4.676e-07	4.7457e-06
633	0.23008	0.76992	1.2091e-06	4.0461e-06
634	0.63057	0.36943	3.3113e-06	1.9829e-06
635	0.72065	0.27935	3.819e-06	1.5169e-06
636	0.94292	0.057074	5.0689e-06	3.1205e-07
637	0.94533	0.054662	5.1293e-06	3.0044e-07
638	0.95869	0.041301	5.2466e-06	2.2806e-07
639	0.99902	0.00097131	5.5103e-06	5.3577e-09
640	0.9998	0.00019387	5.5493e-06	1.1303e-09
641	0.99833	0.0016665	5.5799e-06	9.7303e-09
642	0.99682	0.0031708	5.6142e-06	1.855e-08
643	0.99781	0.0021866	5.6583e-06	1.3275e-08
644	0.99692	0.0030722	5.6951e-06	1.8908e-08
645	0.99799	0.0020032	5.7476e-06	1.289e-08
646	0.95598	0.044018	5.5337e-06	2.7698e-07
647	0.93844	0.061551	5.475e-06	3.8947e-07
648	0.9352	0.064791	5.499e-06	4.1501e-07
649	0.86166	0.13834	5.0585e-06	9.0071e-07
650	0.83063	0.16936	4.8966e-06	1.1112e-06
651	0.82386	0.17613	4.8844e-06	1.168e-06
652	0.78133	0.21866	4.6398e-06	1.4604e-06
653	0.76871	0.23129	4.5848e-06	1.5596e-06
654	0.76822	0.23177	4.6121e-06	1.5798e-06
655	0.74259	0.2574	4.4773e-06	1.7659e-06
656	0.73758	0.26241	4.473e-06	1.8178e-06
657	0.74397	0.25602	4.5464e-06	1.7952e-06
658	0.74678	0.25322	4.6014e-06	1.7949e-06
659	0.76799	0.232	4.7718e-06	1.6754e-06
660	0.82044	0.17955	5.1536e-06	1.348e-06
661	0.8336	0.16639	5.2759e-06	1.2759e-06
662	0.87044	0.12955	5.5629e-06	1.0433e-06
663	0.95712	0.04287	6.1991e-06	4.6521e-07
664	0.95461	0.045379	6.0723e-06	4.6178e-07
665	0.95932	0.040672	6.0004e-06	3.9884e-07
666	0.97689	0.023103	6.0393e-06	2.2042e-07
667	0.97989	0.020102	5.9423e-06	1.8333e-07
668	0.98227	0.017721	5.8319e-06	1.544e-07
669	0.99247	0.0075205	5.7781e-06	6.4011e-08
670	0.99993	6.5985e-05	5.703e-06	5.5672e-10
671	0.99936	0.00063553	5.5673e-06	3.7145e-09
672	0.99992	7.7133e-05	5.4438e-06	4.2321e-10
673	0.99715	0.0028443	5.298e-06	1.4825e-08
674	0.99703	0.0029647	5.1616e-06	1.5054e-08
675	0.99973	0.00026494	5.0341e-06	1.3286e-09
676	0.99906	0.00093656	4.8954e-06	4.5783e-09
677	0.99879	0.0012031	4.7537e-06	5.7757e-09
678	0.99999	4.9529e-06	4.6245e-06	2.3129e-11
679	0.99991	8.7923e-05	4.4842e-06	4.1642e-10
680	0.99885	0.0011433	4.3532e-06	5.0488e-09
681	0.99914	0.00085211	4.2329e-06	3.6233e-09
682	0.99873	0.0012673	4.1047e-06	5.2366e-09
683	0.99833	0.0016661	3.9813e-06	6.617e-09
684	0.99998	1.3482e-05	3.861e-06	5.409e-11
685	0.99746	0.0025323	3.7294e-06	9.7528e-09
686	0.99719	0.0028051	3.6116e-06	1.0461e-08
687	0.99893	0.0010666	3.5058e-06	3.8568e-09
688	0.99912	0.00087431	3.3986e-06	2.9977e-09
689	0.99844	0.0015527	3.2843e-06	5.0889e-09
690	0.99965	0.00034245	3.1715e-06	1.0928e-09
691	0.99996	3.3031e-05	3.0597e-06	9.3968e-11
692	0.99956	0.00043633	2.9497e-06	1.1055e-09
693	0.99798	0.0020135	2.8411e-06	4.6874e-09
694	0.99154	0.0084613	2.7264e-06	1.8354e-08
695	0.9906	0.0093941	2.6207e-06	1.8766e-08
696	0.99259	0.0074112	2.5254e-06	1.2127e-08
697	0.98576	0.014239	2.59e-06	3.045e-08
698	0.98473	0.015265	2.6649e-06	3.4859e-08
699	0.98398	0.01602	2.7364e-06	3.8715e-08
700	0.98258	0.01742	2.8094e-06	4.422e-08
701	0.98594	0.014061	2.8916e-06	3.6864e-08
702	0.99956	0.00043648	2.9982e-06	1.1847e-09
703	0.9988	0.0011973	3.0696e-06	3.5481e-09
704	0.99959	0.00040256	3.142e-06	1.2278e-09
705	0.99986	0.00013872	3.2089e-06	4.5706e-10
706	0.99744	0.0025548	3.2696e-06	8.6972e-09
707	0.99713	0.0028619	3.3402e-06	9.9747e-09
708	0.99871	0.0012872	3.4203e-06	4.6762e-09
709	0.9972	0.002798	3.4931e-06	1.0198e-08
710	0.99754	0.0024545	3.5758e-06	9.1345e-09
711	0.99999	2.5681e-06	3.6698e-06	1.0101e-11
712	0.98717	0.012827	3.7094e-06	4.9209e-08
713	0.9729	0.0271	3.7364e-06	1.0703e-07
714	0.96818	0.031813	3.8039e-06	1.2836e-07
715	0.89823	0.10176	3.5969e-06	4.2026e-07
716	0.87054	0.12945	3.5613e-06	5.4455e-07
717	0.8632	0.13679	3.603e-06	5.8773e-07
718	0.85576	0.14424	3.6385e-06	6.3301e-07
719	0.85781	0.14219	3.7185e-06	6.3709e-07
720	0.87192	0.12807	3.8574e-06	5.8611e-07
721	0.78827	0.21173	3.5592e-06	9.7579e-07
722	0.76013	0.23986	3.4971e-06	1.1257e-06
723	0.75535	0.24464	3.5365e-06	1.17e-06
724	0.72451	0.27548	3.4427e-06	1.3436e-06
725	0.71486	0.28514	3.4542e-06	1.4155e-06
726	0.71807	0.28192	3.5325e-06	1.4243e-06
727	0.74364	0.25635	3.7196e-06	1.3202e-06
728	0.8058	0.19419	4.1054e-06	1.0209e-06
729	0.95053	0.049463	4.9511e-06	2.6534e-07
730	0.94947	0.050524	5.0358e-06	2.7474e-07
731	0.95644	0.043558	5.1599e-06	2.4061e-07
732	0.97522	0.024779	5.3572e-06	1.3751e-07
733	0.97936	0.020631	5.4689e-06	1.1573e-07
734	0.97786	0.022136	5.5445e-06	1.2578e-07
735	0.98086	0.019138	5.651e-06	1.0966e-07
736	0.97783	0.022161	5.7283e-06	1.2771e-07
737	0.8287	0.1713	4.9323e-06	1.0046e-06
738	0.76852	0.23147	4.6513e-06	1.3709e-06
739	0.55154	0.44845	3.4097e-06	2.6935e-06
740	0.48418	0.51581	3.0374e-06	3.143e-06
741	0.46533	0.53466	2.9536e-06	3.3005e-06
742	0.43705	0.56294	2.8118e-06	3.5189e-06
743	0.43154	0.56846	2.8082e-06	3.5959e-06
744	0.4443	0.5557	2.9187e-06	3.5553e-06
745	0.43757	0.56243	2.9002e-06	3.6401e-06
746	0.44439	0.5556	2.9744e-06	3.6356e-06
747	0.47064	0.52935	3.184e-06	3.4991e-06
748	0.47261	0.52738	3.2292e-06	3.5234e-06
749	0.4974	0.50259	3.4252e-06	3.3933e-06
750	0.56238	0.43762	3.9062e-06	2.9816e-06
751	0.77184	0.22815	5.3777e-06	1.5758e-06
752	0.81825	0.18174	5.7582e-06	1.2652e-06
753	0.96866	0.03133	6.8658e-06	2.231e-07
754	0.96944	0.030552	6.9393e-06	2.1965e-07
755	0.97769	0.022308	7.062e-06	1.6268e-07
756	0.99837	0.0016212	7.2826e-06	1.2239e-08
757	0.9983	0.0016914	7.3573e-06	1.2862e-08
758	0.99987	0.00012612	7.4493e-06	9.7937e-10
759	0.99998	9.2465e-06	7.5351e-06	7.2071e-11
760	0.99993	6.2959e-05	7.6251e-06	4.8702e-10
761	0.9999	8.9167e-05	7.7204e-06	6.866e-10
762	0.99933	0.00066095	7.8063e-06	5.2103e-09
763	0.99764	0.0023571	7.8778e-06	1.9036e-08
764	0.99775	0.0022373	7.9689e-06	1.8305e-08
765	0.99992	6.7371e-05	8.0828e-06	5.5028e-10
766	0.99919	0.00080318	8.1677e-06	6.5847e-09
767	0.99874	0.0012561	8.25e-06	1.0513e-08
768	0.99964	0.00035547	8.3489e-06	3.0365e-09
769	0.99981	0.0001794	8.4472e-06	1.5342e-09
770	0.99902	0.00097108	8.5323e-06	8.4143e-09
771	0.99832	0.0016727	8.6242e-06	1.4526e-08
772	0.99799	0.0020009	8.7139e-06	1.7657e-08
773	0.9993	0.00069397	8.8236e-06	6.1717e-09
774	0.99959	0.00039953	8.9196e-06	3.6434e-09
775	0.99792	0.002071	8.9925e-06	1.9352e-08
776	0.99594	0.0040549	9.0679e-06	3.8119e-08
777	0.99626	0.0037277	9.171e-06	3.5401e-08
778	0.99458	0.0054139	9.2494e-06	5.2001e-08
779	0.99523	0.0047586	9.3557e-06	4.6299e-08
780	0.99871	0.0012771	9.4958e-06	1.2718e-08
781	0.99581	0.0041774	9.5807e-06	4.0821e-08
782	0.9932	0.0067877	9.6619e-06	6.7169e-08
783	0.99333	0.0066608	9.7761e-06	6.6559e-08
784	0.9935	0.0064856	9.8855e-06	6.572e-08
785	0.99651	0.0034837	1.003e-05	3.5766e-08
786	0.99988	0.00011261	1.0173e-05	1.8562e-09
787	0.999	0.0009916	1.0048e-05	1.0571e-08
788	0.99853	0.0014644	9.9212e-06	1.5201e-08
789	0.99956	0.00042575	9.8169e-06	4.4244e-09
790	0.99665	0.0033371	9.6794e-06	3.2953e-08
791	0.99654	0.0034495	9.5645e-06	3.3921e-08
792	0.99853	0.0014641	9.4759e-06	1.454e-08
793	0.9972	0.002789	9.3499e-06	2.76e-08
794	0.99769	0.0022988	9.2476e-06	2.289e-08
795	0.99619	0.0037959	9.132e-06	3.7176e-08
796	0.97119	0.028799	8.8011e-06	2.7251e-07
797	0.9611	0.038895	8.6206e-06	3.6284e-07
798	0.95883	0.041159	8.5197e-06	3.7945e-07
799	0.96436	0.035628	8.4831e-06	3.2659e-07
800	0.9679	0.032092	8.4339e-06	2.9168e-07
801	0.98002	0.019976	8.4673e-06	1.7977e-07
802	0.98941	0.010577	8.4815e-06	9.2784e-08
803	0.98744	0.012548	8.3891e-06	1.0783e-07
804	0.98994	0.010052	8.3293e-06	8.5126e-08
805	0.98082	0.019172	8.1656e-06	1.603e-07
806	0.979	0.020995	8.0588e-06	1.74e-07
807	0.98124	0.018751	7.9911e-06	1.5366e-07
808	0.98237	0.017621	7.9247e-06	1.4176e-07
809	0.97812	0.021871	7.8106e-06	1.7291e-07
810	0.97976	0.020233	7.7378e-06	1.5769e-07
811	0.98974	0.010248	7.724e-06	7.849e-08
812	0.9994	0.00059046	7.6998e-06	4.5849e-09
813	0.99921	0.00078384	7.6053e-06	6.0716e-09
814	0.99431	0.0056856	7.4696e-06	4.4075e-08
815	0.9935	0.0064906	7.3613e-06	5.0141e-08
816	0.99538	0.0046159	7.2789e-06	3.5872e-08
817	0.99026	0.0097279	7.1498e-06	7.3956e-08
818	0.9891	0.010894	7.0558e-06	8.1716e-08
819	0.99101	0.008978	6.9893e-06	6.6738e-08
820	0.98882	0.011173	6.8984e-06	8.1209e-08
821	0.99046	0.0095283	6.8302e-06	6.8647e-08
822	0.99684	0.0031558	6.8005e-06	2.2725e-08
823	0.99639	0.0036015	6.717e-06	2.5641e-08
824	0.99567	0.0043218	6.6364e-06	3.0277e-08
825	0.99722	0.0027761	6.5762e-06	1.9326e-08
826	0.99313	0.0068661	6.4834e-06	4.5901e-08
827	0.99286	0.0071314	6.4115e-06	4.7227e-08
828	0.99555	0.0044423	6.3638e-06	2.9122e-08
829	0.99552	0.0044753	6.2938e-06	2.9074e-08
830	0.99562	0.0043782	6.2202e-06	2.8368e-08
831	0.9983	0.0016906	6.1677e-06	1.1274e-08
832	0.97991	0.020079	5.9842e-06	1.2938e-07
833	0.97319	0.026803	5.8823e-06	1.704e-07
834	0.97234	0.027656	5.8221e-06	1.7399e-07
835	0.97052	0.02947	5.7609e-06	1.8296e-07
836	0.95969	0.040308	5.6408e-06	2.4634e-07
837	0.95707	0.042924	5.5755e-06	2.5915e-07
838	0.90247	0.097523	5.2009e-06	5.7728e-07
839	0.87969	0.1203	5.0227e-06	7.0245e-07
840	0.87436	0.12563	4.942e-06	7.2638e-07
841	0.84405	0.15594	4.7144e-06	8.9337e-07
842	0.80088	0.19911	4.4239e-06	1.1266e-06
843	0.7403	0.2597	4.0312e-06	1.4564e-06
844	0.71545	0.28455	3.8501e-06	1.5777e-06
845	0.70889	0.2911	3.7755e-06	1.5961e-06
846	0.71498	0.28501	3.7734e-06	1.5453e-06
847	0.74702	0.25297	3.9048e-06	1.3572e-06
848	0.85311	0.14688	4.4133e-06	7.8814e-07
849	0.9282	0.0718	4.7577e-06	3.8636e-07
850	0.93116	0.068833	4.7242e-06	3.6638e-07
851	0.94653	0.053463	4.7498e-06	2.8338e-07
852	0.9863	0.013697	4.9046e-06	7.5063e-08
853	0.98383	0.01616	4.8429e-06	8.7033e-08
854	0.98528	0.014715	4.8053e-06	7.8647e-08
855	0.99188	0.0081166	4.7978e-06	4.3744e-08
856	0.98322	0.016773	4.7077e-06	8.7263e-08
857	0.94374	0.056254	4.4694e-06	2.8228e-07
858	0.76503	0.23497	3.5651e-06	1.1463e-06
859	0.51954	0.48045	2.3744e-06	2.2997e-06
860	0.44314	0.55686	1.9891e-06	2.6444e-06
861	0.41338	0.58661	1.8335e-06	2.7617e-06
862	0.40883	0.59116	1.7931e-06	2.7608e-06
863	0.41782	0.58218	1.8161e-06	2.6988e-06
864	0.44807	0.55192	1.9354e-06	2.5425e-06
865	0.54924	0.45076	2.3572e-06	2.0807e-06
866	0.78349	0.21651	3.3606e-06	1.0393e-06
867	0.79968	0.20031	3.4035e-06	9.6102e-07
868	0.70888	0.29111	2.965e-06	1.3669e-06
869	0.58001	0.41998	2.3702e-06	1.9315e-06
870	0.52492	0.47507	2.1135e-06	2.1599e-06
871	0.44752	0.55248	1.769e-06	2.4782e-06
872	0.42203	0.57797	1.6455e-06	2.5725e-06
873	0.41956	0.58044	1.618e-06	2.5678e-06
874	0.41652	0.58347	1.5857e-06	2.5648e-06
875	0.42622	0.57378	1.6066e-06	2.5105e-06
876	0.45794	0.54206	1.715e-06	2.3705e-06
877	0.438	0.56199	1.6182e-06	2.4378e-06
878	0.43697	0.56303	1.5965e-06	2.4272e-06
879	0.44924	0.55075	1.6284e-06	2.3646e-06
880	0.43717	0.56283	1.5661e-06	2.3979e-06
881	0.43836	0.56164	1.558e-06	2.3786e-06
882	0.43711	0.56289	1.538e-06	2.3684e-06
883	0.43389	0.56611	1.5081e-06	2.3654e-06
884	0.4252	0.5748	1.459e-06	2.3831e-06
885	0.42914	0.57085	1.4595e-06	2.3527e-06
886	0.40534	0.59466	1.3578e-06	2.4263e-06
887	0.39876	0.60124	1.3229e-06	2.4347e-06
888	0.40552	0.59447	1.3386e-06	2.3942e-06
889	0.40641	0.59359	1.3339e-06	2.3754e-06
890	0.40221	0.59778	1.3129e-06	2.375e-06
891	0.39288	0.60712	1.2753e-06	2.3925e-06
892	0.37845	0.62154	1.222e-06	2.4273e-06
893	0.37764	0.62236	1.2176e-06	2.4145e-06
894	0.38983	0.61017	1.2615e-06	2.3547e-06
895	0.39958	0.60041	1.2938e-06	2.304e-06
896	0.34236	0.65764	1.101e-06	2.4795e-06
897	0.32066	0.67934	1.0286e-06	2.5363e-06
898	0.23928	0.76071	7.5904e-07	2.7874e-06
899	0.20694	0.79306	6.5323e-07	2.8761e-06
900	0.19807	0.80193	6.2239e-07	2.8874e-06
901	0.20205	0.79794	6.3321e-07	2.8546e-06
902	0.20174	0.79826	6.3032e-07	2.8365e-06
903	0.21312	0.78688	6.6799e-07	2.779e-06
904	0.21954	0.78045	6.8949e-07	2.739e-06
905	0.24668	0.75332	7.8031e-07	2.6272e-06
906	0.33677	0.66323	1.0809e-06	2.303e-06
907	0.40148	0.59852	1.296e-06	2.0657e-06
908	0.55198	0.44802	1.8082e-06	1.5326e-06
909	0.9814	0.018596	3.2502e-06	6.6865e-08
910	0.96337	0.036628	3.1674e-06	1.2854e-07
911	0.95836	0.041634	3.1261e-06	1.4527e-07
912	0.95911	0.04089	3.1068e-06	1.4215e-07
913	0.95869	0.041308	3.0864e-06	1.4272e-07
914	0.9641	0.035895	3.0876e-06	1.2368e-07
915	0.97935	0.020648	3.1241e-06	7.1438e-08
916	0.9393	0.060696	2.9829e-06	1.9931e-07
917	0.92388	0.076118	2.9245e-06	2.4679e-07
918	0.92108	0.078915	2.9027e-06	2.5433e-07
919	0.92756	0.07244	2.9071e-06	2.3256e-07
920	0.93172	0.06828	2.9065e-06	2.1793e-07
921	0.95191	0.048083	2.9523e-06	1.5344e-07
922	0.95441	0.045585	2.9445e-06	1.4458e-07
923	0.9646	0.035396	2.9632e-06	1.1124e-07
924	0.99985	0.00014804	3.0558e-06	4.7036e-10
925	0.99523	0.0047685	3.0259e-06	1.4535e-08
926	0.99035	0.009648	2.9919e-06	2.9403e-08
927	0.99028	0.0097161	2.969e-06	2.9606e-08
928	0.93261	0.067387	2.7636e-06	2.0864e-07
929	0.85232	0.14768	2.4968e-06	4.5114e-07
930	0.8283	0.17169	2.3993e-06	5.209e-07
931	0.74499	0.25501	2.1175e-06	7.7154e-07
932	0.70992	0.29008	1.99e-06	8.6961e-07
933	0.69716	0.30283	1.9324e-06	8.9932e-07
934	0.68171	0.31829	1.8648e-06	9.3619e-07
935	0.68004	0.31995	1.8392e-06	9.3245e-07
936	0.69205	0.30794	1.8537e-06	8.9037e-07
937	0.68228	0.31772	1.8098e-06	9.0855e-07
