#coord	neutral	conserved	gBGC.neutral	gBGC.conserved
1	0.96492	0.032845	0.0021656	7.3936e-05
2	0.98647	0.011293	0.0022108	2.5402e-05
3	0.99111	0.0066563	0.002218	1.4927e-05
4	0.99539	0.0023826	0.0022243	5.3235e-06
5	0.9964	0.0013715	0.0022232	3.0557e-06
6	0.99777	3.1384e-06	0.0022229	7.0019e-09
7	0.99777	5.6968e-06	0.0022196	1.2719e-08
8	0.99772	6.5635e-05	0.0022162	1.463e-07
9	0.99772	6.6416e-05	0.0022129	1.4785e-07
10	0.99775	3.5717e-05	0.0022098	7.9491e-08
11	0.9976	0.00019404	0.0022063	4.3057e-07
12	0.99777	2.8294e-05	0.0022036	6.2758e-08
13	0.99778	2.2428e-05	0.0022006	4.9648e-08
14	0.9977	0.00010726	0.0021974	2.368e-07
15	0.99755	0.00025609	0.0021942	5.6285e-07
16	0.9977	0.00010461	0.0021915	2.3032e-07
17	0.99778	3.5995e-05	0.0021887	7.9316e-08
18	0.99764	0.00017524	0.0021856	3.8502e-07
19	0.99781	1.0417e-05	0.0021831	2.282e-08
20	0.99724	0.00057816	0.002179	1.2672e-06
21	0.99776	6.2825e-05	0.0021773	1.3784e-07
22	0.99775	7.8686e-05	0.0021745	1.7227e-07
23	0.99773	0.00010103	0.0021717	2.2097e-07
24	0.99765	0.00017593	0.0021688	3.8401e-07
25	0.9973	0.00053234	0.0021654	1.1576e-06
26	0.99711	0.00072276	0.0021624	1.5652e-06
27	0.99733	0.00051362	0.0021603	1.1102e-06
28	0.99705	0.00078678	0.002157	1.7016e-06
29	0.99698	0.00086759	0.0021543	1.8707e-06
30	0.99721	0.00064072	0.0021521	1.3788e-06
31	0.99783	2.3021e-05	0.0021508	4.966e-08
32	0.99715	0.00070225	0.0021467	1.5122e-06
33	0.9969	0.00095764	0.0021435	2.0597e-06
34	0.99707	0.00078945	0.0021413	1.6963e-06
35	0.99766	0.0001975	0.0021399	4.2481e-07
36	0.99785	1.0142e-05	0.0021378	2.1708e-08
37	0.99786	6.5939e-08	0.0021352	1.4153e-10
38	0.997	0.0008625	0.0021308	1.8445e-06
39	0.99625	0.0016191	0.0021266	3.451e-06
40	0.99724	0.00063632	0.0021262	1.3529e-06
41	0.9972	0.00067888	0.0021235	1.4431e-06
42	0.99737	0.00051069	0.0021213	1.0881e-06
43	0.99775	0.00012866	0.0021196	2.7545e-07
44	0.99577	0.0021146	0.0021128	4.5115e-06
45	0.99354	0.0043489	0.0021056	9.2545e-06
46	0.99373	0.0041539	0.0021036	8.8225e-06
47	0.9943	0.0035905	0.0021024	7.622e-06
48	0.99761	0.00028342	0.002107	6.0232e-07
49	0.99786	3.9295e-05	0.0021052	8.3023e-08
50	0.9979	6.5237e-07	0.0021029	1.3736e-09
51	0.99774	0.00016285	0.0021001	3.4376e-07
52	0.9979	4.0216e-06	0.0020981	8.4805e-09
53	0.99693	0.00097366	0.0020937	2.0421e-06
54	0.99754	0.00036401	0.0020927	7.648e-07
55	0.99768	0.00023156	0.0020906	4.8613e-07
56	0.99752	0.00039036	0.0020881	8.1571e-07
57	0.99778	0.00013108	0.0020863	2.7312e-07
58	0.99743	0.00048888	0.0020833	1.0197e-06
59	0.99749	0.00042655	0.002081	8.9132e-07
60	0.99778	0.00014271	0.0020793	2.9833e-07
61	0.99573	0.0021887	0.0020728	4.5564e-06
62	0.98782	0.010106	0.002054	2.1052e-05
63	0.97989	0.018039	0.0020352	3.7584e-05
64	0.97792	0.020012	0.0020288	4.1647e-05
65	0.9802	0.017727	0.0020314	3.6836e-05
66	0.99018	0.0077517	0.0020499	1.6109e-05
67	0.99273	0.005204	0.002053	1.0795e-05
68	0.99557	0.0023657	0.0020567	4.9091e-06
69	0.99786	8.2768e-05	0.0020592	1.7218e-07
70	0.99715	0.00079639	0.0020556	1.6458e-06
71	0.99759	0.00035041	0.0020544	7.2171e-07
72	0.9977	0.00024498	0.0020525	5.0421e-07
73	0.99329	0.004664	0.0020413	9.5631e-06
74	0.99284	0.0051107	0.0020383	1.0473e-05
75	0.9957	0.0022556	0.002042	4.6324e-06
76	0.99392	0.0040349	0.0020362	8.2836e-06
77	0.99468	0.0032742	0.0020356	6.7308e-06
78	0.99524	0.0027202	0.0020346	5.5957e-06
79	0.98868	0.0092808	0.0020192	1.9029e-05
80	0.98742	0.010543	0.0020145	2.1611e-05
81	0.98919	0.0087774	0.0020161	1.7987e-05
82	0.98198	0.015987	0.0019993	3.2743e-05
83	0.98028	0.017688	0.0019938	3.6186e-05
84	0.98263	0.015345	0.0019967	3.1361e-05
85	0.84764	0.15034	0.0017212	0.00030491
86	0.80094	0.19704	0.0016248	0.00039936
87	0.78358	0.2144	0.0015882	0.00043405
88	0.7636	0.23438	0.0015462	0.00047405
89	0.76124	0.23674	0.0015399	0.0004784
90	0.77575	0.22223	0.0015675	0.00044878
91	0.81632	0.18167	0.0016478	0.00036658
92	0.7823	0.21569	0.0015774	0.00043505
93	0.73755	0.26044	0.0014857	0.0005248
94	0.58365	0.41434	0.0011737	0.0008348
95	0.36923	0.62876	0.00074153	0.0012651
96	0.30254	0.69546	0.00060654	0.0013981
97	0.21447	0.78352	0.00042935	0.0015734
98	0.17925	0.81875	0.00035857	0.0016423
99	0.17055	0.82745	0.00034083	0.0016582
100	0.15707	0.84094	0.00031367	0.0016834
101	0.15799	0.84001	0.00031524	0.00168
102	0.17472	0.82329	0.00034825	0.0016451
103	0.088297	0.90971	0.00017581	0.0018157
104	0.058203	0.93981	0.00011563	0.0018739
105	0.048344	0.94967	9.583e-05	0.0018918
106	0.033244	0.96477	6.5705e-05	0.0019201
107	0.029516	0.9685	5.8189e-05	0.0019257
108	0.029876	0.96814	5.8812e-05	0.0019232
109	0.035037	0.96298	6.8942e-05	0.0019113
110	0.016984	0.98104	3.3286e-05	0.0019451
111	0.0097303	0.98829	1.9009e-05	0.0019576
112	0.0079527	0.99007	1.5488e-05	0.0019593
113	0.0080922	0.98993	1.5743e-05	0.0019572
114	0.010478	0.98755	2.041e-05	0.0019508
115	0.011974	0.98606	2.3307e-05	0.0019461
116	0.016757	0.98128	3.2642e-05	0.001935
117	0.029157	0.96888	5.6922e-05	0.001909
118	0.059861	0.93818	0.00011718	0.0018471
119	0.14752	0.85052	0.00028874	0.0016738
120	0.39724	0.60079	0.00077613	0.0011847
121	0.39245	0.60559	0.00076597	0.0011931
122	0.40364	0.5944	0.00078704	0.0011703
123	0.44423	0.55382	0.00086521	0.0010904
124	0.47411	0.52393	0.00092262	0.0010313
125	0.47427	0.52378	0.00092207	0.0010302
126	0.48953	0.50852	0.00095114	0.00099945
127	0.45392	0.54413	0.00088068	0.0010683
128	0.44235	0.5557	0.00085741	0.0010899
129	0.44485	0.5532	0.00086168	0.001084
130	0.36192	0.63614	0.00069968	0.0012444
131	0.26456	0.7335	0.00050954	0.0014329
132	0.23511	0.76295	0.00045165	0.0014892
133	0.20435	0.79371	0.00039114	0.001548
134	0.1929	0.80516	0.00036843	0.0015691
135	0.193	0.80507	0.00036816	0.0015677
136	0.16939	0.82868	0.00032221	0.0016121
137	0.16532	0.83275	0.00031395	0.0016187
138	0.17039	0.82768	0.00032331	0.0016078
139	0.15709	0.84098	0.00029744	0.0016321
140	0.15691	0.84116	0.00029674	0.0016313
141	0.16638	0.8317	0.0003145	0.0016119
142	0.1712	0.82687	0.00032345	0.0016015
143	0.18877	0.80931	0.00035679	0.0015666
144	0.23206	0.76601	0.00043947	0.0014825
145	0.2613	0.73678	0.00049528	0.0014252
146	0.33094	0.66714	0.00062881	0.0012903
147	0.50288	0.4952	0.00095966	0.00095802
148	0.99317	0.0049157	0.001901	1.523e-05
149	0.99335	0.0047438	0.0018907	1.3627e-05
150	0.99625	0.0018593	0.0018872	5.182e-06
151	0.99521	0.0029131	0.0018736	6.901e-06
152	0.9897	0.0084271	0.0018515	1.7097e-05
153	0.98434	0.013805	0.0018298	2.6938e-05
154	0.98444	0.013714	0.0018184	2.646e-05
155	0.97802	0.020143	0.0017949	3.8054e-05
156	0.9781	0.02008	0.0017835	3.7603e-05
157	0.98258	0.015612	0.0017803	2.9014e-05
158	0.98669	0.011509	0.0017763	2.1245e-05
159	0.99783	0.00038708	0.0017851	7.1109e-07
160	0.99577	0.0024582	0.0017697	4.3846e-06
161	0.99598	0.0022588	0.0017584	4.0036e-06
162	0.99815	0.00010224	0.0017507	1.7923e-07
163	0.9981	0.0001594	0.0017389	2.7715e-07
164	0.99801	0.00025901	0.001727	4.4811e-07
165	0.9982	8.4284e-05	0.0017157	1.4305e-07
166	0.99213	0.0061612	0.0016937	1.0391e-05
167	0.97211	0.026194	0.0016503	4.4224e-05
168	0.9669	0.031415	0.001632	5.2778e-05
169	0.96866	0.02966	0.0016255	4.9567e-05
170	0.9766	0.021736	0.0016293	3.6098e-05
171	0.98372	0.014622	0.0016316	2.4147e-05
172	0.98403	0.014323	0.0016226	2.3512e-05
173	0.97944	0.018925	0.0016056	3.0917e-05
174	0.97445	0.023923	0.0015879	3.8898e-05
175	0.94794	0.050442	0.0015356	8.158e-05
176	0.94101	0.057385	0.0015153	9.2294e-05
177	0.94323	0.055171	0.0015097	8.8244e-05
178	0.94353	0.054887	0.001501	8.7278e-05
179	0.95426	0.044166	0.0015088	6.9876e-05
180	0.98111	0.017325	0.0015417	2.7328e-05
181	0.98675	0.011688	0.0015412	1.8349e-05
182	0.99087	0.0075801	0.0015383	1.1835e-05
183	0.99407	0.0043922	0.0015339	6.8085e-06
184	0.99447	0.0040029	0.0015252	6.1647e-06
185	0.99521	0.0032641	0.0015169	5.0024e-06
186	0.99579	0.0027019	0.0015084	4.117e-06
187	0.99455	0.0039505	0.0014971	5.9846e-06
188	0.99534	0.0031624	0.001489	4.7661e-06
189	0.99597	0.002547	0.0014807	3.8157e-06
190	0.97583	0.022698	0.0014415	3.3724e-05
191	0.9684	0.03013	0.0014215	4.4454e-05
192	0.96806	0.03048	0.001412	4.4702e-05
193	0.95782	0.040728	0.0013882	5.9311e-05
194	0.94605	0.052513	0.0013623	7.5988e-05
195	0.89366	0.10491	0.0012786	0.00015061
196	0.82503	0.17355	0.001173	0.00024714
197	0.74481	0.25378	0.001052	0.00035899
198	0.71806	0.28053	0.0010075	0.00039435
199	0.40783	0.59078	0.00056608	0.00082664
200	0.28164	0.71698	0.00038712	0.00099649
201	0.23077	0.76786	0.00031459	0.00106
202	0.21139	0.78724	0.00028611	0.0010794
203	0.2087	0.78994	0.00028052	0.001076
204	0.21625	0.7824	0.00028879	0.0010588
205	0.23962	0.75904	0.00031815	0.0010205
206	0.23788	0.76079	0.0003137	0.001016
207	0.24812	0.75056	0.00032512	0.00099562
208	0.25307	0.74562	0.0003295	0.00098239
209	0.27392	0.72478	0.00035464	0.00094843
210	0.34544	0.65326	0.0004451	0.00084915
211	0.51135	0.48737	0.00065657	0.00062889
212	0.98448	0.014242	0.0012583	1.8309e-05
213	0.98598	0.012751	0.0012515	1.6298e-05
214	0.50988	0.48886	0.00064032	0.00061871
215	0.31602	0.68273	0.00039291	0.0008574
216	0.23736	0.76139	0.00029256	0.00094909
217	0.20615	0.79261	0.00025217	0.00098085
218	0.19935	0.79942	0.00024206	0.00098232
219	0.20331	0.79548	0.00024516	0.00097062
220	0.22142	0.77737	0.00026535	0.00094188
221	0.28405	0.71475	0.00033848	0.00086018
222	0.42942	0.56939	0.00050938	0.00068076
223	0.53352	0.4653	0.0006293	0.00055235
224	0.53342	0.46541	0.00062479	0.00054843
225	0.53261	0.46622	0.0006194	0.00054537
226	0.42346	0.57539	0.00048864	0.00066765
227	0.3123	0.68655	0.00035712	0.00079067
228	0.26772	0.73114	0.00030371	0.00083562
229	0.21133	0.78754	0.00023789	0.00089303
230	0.19294	0.80594	0.00021549	0.00090701
231	0.19183	0.80706	0.00021259	0.00090147
232	0.16798	0.83091	0.00018449	0.00092112
233	0.15969	0.83921	0.00017395	0.00092324
234	0.16151	0.8374	0.00017459	0.00091422
235	0.17777	0.82115	0.0001907	0.00088973
236	0.21811	0.78082	0.00023235	0.00083972
237	0.31848	0.68046	0.00033733	0.00072643
238	0.24423	0.75472	0.00025662	0.00079887
239	0.22232	0.77663	0.00023169	0.00081552
240	0.21564	0.78332	0.00022296	0.000816
241	0.20845	0.79052	0.00021379	0.00081691
242	0.21146	0.78752	0.00021519	0.00080729
243	0.23143	0.76756	0.00023369	0.00078054
244	0.2997	0.6993	0.00030025	0.00070572
245	0.45801	0.541	0.0004557	0.00054206
246	0.84694	0.15207	0.00083782	0.00015177
247	0.85207	0.14695	0.000836	0.00014547
248	0.87528	0.12375	0.00085172	0.00012162
249	0.93114	0.067899	0.00089886	6.6396e-05
250	0.94512	0.053924	0.00090472	5.2422e-05
251	0.93564	0.063406	0.00088801	6.1074e-05
252	0.93458	0.064483	0.00087951	6.1582e-05
253	0.94248	0.056585	0.00087941	5.3658e-05
254	0.92415	0.074928	0.00085478	7.0316e-05
255	0.91857	0.080512	0.00084232	7.4864e-05
256	0.91313	0.085959	0.00083002	7.922e-05
257	0.91529	0.083805	0.00082477	7.6577e-05
258	0.92665	0.072456	0.00082784	6.5669e-05
259	0.92494	0.074173	0.00081901	6.6625e-05
260	0.93042	0.068697	0.00081664	6.1181e-05
261	0.94715	0.051976	0.00082413	4.5919e-05
262	0.94964	0.049496	0.00081902	4.3318e-05
263	0.96078	0.038366	0.00082144	3.3251e-05
264	0.99902	0.00013305	0.00084689	1.147e-07
265	0.99805	0.0011089	0.00083844	9.3444e-07
266	0.9984	0.00076712	0.00083115	6.391e-07
267	0.99915	2.6303e-05	0.00082416	2.1765e-08
268	0.9991	7.9201e-05	0.00081656	6.4754e-08
269	0.99855	0.00063889	0.00080851	5.1892e-07
270	0.99913	6.9449e-05	0.00080144	5.6154e-08
271	0.9986	0.00060896	0.00079353	4.8644e-07
272	0.99824	0.00097325	0.00078582	7.6943e-07
273	0.99921	1.0196e-05	0.0007792	8.0048e-09
274	0.99915	8.2616e-05	0.00077183	6.3985e-08
275	0.99825	0.00098413	0.00076387	7.528e-07
276	0.99893	0.00030842	0.00075709	2.3506e-07
277	0.89531	0.10394	0.00067171	7.8364e-05
278	0.85964	0.13962	0.0006385	0.00010431
279	0.84913	0.15013	0.00062439	0.00011112
280	0.83325	0.16602	0.00060657	0.00012169
281	0.76678	0.2325	0.00055213	0.00016885
282	0.74103	0.25825	0.00052808	0.00018567
283	0.71497	0.28433	0.00050411	0.00020239
284	0.70681	0.29249	0.00049319	0.0002061
285	0.69296	0.30635	0.00047849	0.00021363
286	0.67263	0.32668	0.00045962	0.00022537
287	0.65126	0.34807	0.00044026	0.00023758
288	0.64696	0.35237	0.00043276	0.00023797
289	0.64064	0.35869	0.00042394	0.00023966
290	0.65003	0.34931	0.0004255	0.00023096
291	0.68639	0.31296	0.00044435	0.00020493
292	0.63549	0.36387	0.00040636	0.00023573
293	0.61682	0.38254	0.00038984	0.0002451
294	0.61338	0.38599	0.00038325	0.00024457
295	0.57472	0.42466	0.00035485	0.0002659
296	0.53021	0.46917	0.00032332	0.00029035
297	0.51315	0.48624	0.0003092	0.00029741
298	0.42441	0.57499	0.0002524	0.0003472
299	0.38698	0.61243	0.00022732	0.00036529
300	0.37438	0.62503	0.00021733	0.00036834
301	0.32141	0.67801	0.00018416	0.00039455
302	0.30151	0.69792	0.00017064	0.00040114
303	0.29665	0.70278	0.00016589	0.00039899
304	0.30419	0.69525	0.00016814	0.00038988
305	0.33538	0.66407	0.00018332	0.00036782
306	0.40982	0.58964	0.00022181	0.00032248
307	0.64882	0.35064	0.00034795	0.00018948
308	0.817	0.18247	0.00043333	9.7262e-05
309	0.98111	0.018361	0.00051403	9.7062e-06
310	0.97882	0.020666	0.00050615	1.0773e-05
311	0.98084	0.018648	0.00050058	9.5879e-06
312	0.99033	0.0091617	0.00049872	4.6559e-06
313	0.99197	0.0075297	0.00049287	3.7735e-06
314	0.99298	0.0065336	0.00048672	3.2247e-06
315	0.99916	0.00035966	0.00048304	1.7536e-07
316	0.93529	0.064229	0.00044571	3.0751e-05
317	0.91364	0.085895	0.00042912	4.0565e-05
318	0.90594	0.093594	0.00041938	4.3568e-05
319	0.90652	0.093019	0.00041357	4.2673e-05
320	0.91867	0.080882	0.00041294	3.6585e-05
321	0.95153	0.048023	0.00042142	2.1429e-05
322	0.96044	0.039119	0.00041902	1.7195e-05
323	0.9665	0.033066	0.00041532	1.4304e-05
324	0.98943	0.010149	0.00041869	4.3225e-06
325	0.98975	0.0098322	0.00041232	4.1153e-06
326	0.99452	0.0050687	0.00040775	2.0841e-06
327	0.99958	1.2348e-05	0.0004032	3.3843e-09
328	0.99698	0.0026132	0.00040307	1.0511e-06
329	0.99691	0.0026869	0.00040393	1.0835e-06
330	0.99958	1.0819e-05	0.00040588	4.3861e-09
331	0.99812	0.0014719	0.00040617	5.9912e-07
332	0.9775	0.022095	0.00039867	8.9913e-06
333	0.96985	0.029742	0.00039646	1.2118e-05
334	0.96936	0.030233	0.00039713	1.2341e-05
335	0.97543	0.024159	0.00040047	9.878e-06
336	0.99776	0.0018258	0.00041045	7.4757e-07
337	0.99528	0.0043049	0.0004103	1.7672e-06
338	0.9956	0.0039908	0.00041128	1.6415e-06
339	0.99952	6.1957e-05	0.00041373	2.5495e-08
340	0.99935	0.00023289	0.00041447	9.6595e-08
341	0.99871	0.00087331	0.00041503	3.6222e-07
342	0.99958	1.1203e-06	0.0004162	4.6481e-10
343	0.99861	0.00097791	0.00041658	4.0794e-07
344	0.99804	0.0015419	0.00041711	6.4556e-07
345	0.999	0.00058126	0.0004183	2.438e-07
346	0.99805	0.0015326	0.00041866	6.4454e-07
347	0.99701	0.002568	0.000419	1.0807e-06
348	0.99805	0.0015309	0.0004202	6.4687e-07
349	0.99559	0.0039863	0.00041989	1.6911e-06
350	0.99558	0.0039933	0.00042064	1.6982e-06
351	0.99802	0.0015579	0.00042244	6.661e-07
352	0.99265	0.0069291	0.00042094	2.9527e-06
353	0.99204	0.0075369	0.00042144	3.2207e-06
354	0.99434	0.0052379	0.00042319	2.2467e-06
355	0.99331	0.0062678	0.00042354	2.6911e-06
356	0.99488	0.0046895	0.00042502	2.0165e-06
357	0.99682	0.0027485	0.00042663	1.1868e-06
358	0.99651	0.0030602	0.0004273	1.3226e-06
359	0.99813	0.0014422	0.00042881	6.2496e-07
360	0.99954	2.8454e-05	0.00043024	1.2352e-08
361	0.99919	0.00037947	0.0004309	1.6447e-07
362	0.99911	0.00045923	0.00043168	1.994e-07
363	0.99835	0.0012207	0.00043219	5.2961e-07
364	0.99798	0.0015844	0.00043284	6.8977e-07
365	0.99759	0.0019721	0.0004335	8.5996e-07
366	0.99718	0.0023826	0.00043416	1.0395e-06
367	0.99718	0.0023843	0.00043498	1.0428e-06
368	0.9992	0.00036737	0.0004367	1.6058e-07
369	0.99914	0.00042072	0.00043749	1.8406e-07
370	0.99687	0.0026874	0.00043729	1.1799e-06
371	0.99678	0.0027856	0.00043806	1.2239e-06
372	0.99944	0.0001158	0.00044003	5.1156e-08
373	0.99934	0.00021881	0.00044079	9.6777e-08
374	0.99712	0.0024428	0.00044062	1.0793e-06
375	0.99497	0.0045913	0.00044047	2.0343e-06
376	0.99514	0.0044198	0.00044136	1.9608e-06
377	0.99847	0.0010883	0.00044363	4.8497e-07
378	0.99915	0.00040452	0.00044475	1.809e-07
379	0.99918	0.00037596	0.00044558	1.6816e-07
380	0.99857	0.00098139	0.00044614	4.3808e-07
381	0.99955	1.1061e-07	0.0004474	5.9249e-11
382	0.99848	0.0010687	0.00044691	4.781e-07
383	0.99764	0.0019146	0.00044651	8.577e-07
384	0.99843	0.0011261	0.00044685	5.0373e-07
385	0.99946	9.2513e-05	0.00044729	4.131e-08
386	0.99955	7.4321e-06	0.00044728	3.3324e-09
387	0.99955	3.6811e-06	0.00044725	1.6565e-09
388	0.99833	0.0012247	0.00044665	5.5285e-07
389	0.99705	0.0025014	0.00044603	1.1284e-06
390	0.99761	0.0019407	0.00044626	8.7697e-07
391	0.98096	0.01859	0.00043877	8.3552e-06
392	0.9639	0.035653	0.00043106	1.6037e-05
393	0.9576	0.041952	0.00042822	1.8866e-05
394	0.93088	0.068675	0.00041616	3.0891e-05
395	0.9213	0.078248	0.00041184	3.5186e-05
396	0.92182	0.077735	0.00041202	3.4963e-05
397	0.90765	0.091899	0.00040565	4.1313e-05
398	0.89151	0.10804	0.00039835	4.8566e-05
399	0.88704	0.11251	0.00039632	5.0564e-05
400	0.89446	0.10509	0.00039959	4.725e-05
401	0.91757	0.08198	0.00040991	3.6886e-05
402	0.97274	0.026815	0.00043467	1.2098e-05
403	0.96952	0.030035	0.00043323	1.3534e-05
404	0.97142	0.028131	0.00043409	1.2666e-05
405	0.98297	0.016586	0.00043927	7.4699e-06
406	0.98572	0.013832	0.00044047	6.2324e-06
407	0.99426	0.0052976	0.00044429	2.3915e-06
408	0.99629	0.003265	0.00044519	1.4736e-06
409	0.99353	0.0060275	0.00044392	2.7126e-06
410	0.9936	0.005953	0.00044394	2.677e-06
411	0.99636	0.0031945	0.00044518	1.4341e-06
412	0.99948	7.3808e-05	0.00044655	3.3204e-08
413	0.99953	2.6872e-05	0.00044656	1.2011e-08
414	0.99656	0.0029903	0.00044524	1.3303e-06
415	0.95288	0.04667	0.00042576	2.0798e-05
416	0.94007	0.059481	0.00042	2.652e-05
417	0.9389	0.060652	0.00041942	2.7049e-05
418	0.93545	0.064107	0.00041783	2.859e-05
419	0.9386	0.060956	0.00041922	2.7173e-05
420	0.9539	0.045656	0.000426	2.0341e-05
421	0.95592	0.043634	0.00042684	1.944e-05
422	0.9677	0.031852	0.00043199	1.4201e-05
423	0.99841	0.0011479	0.00044561	5.134e-07
424	0.98426	0.015295	0.00043924	6.8306e-06
425	0.97886	0.020695	0.00043679	9.233e-06
426	0.97821	0.021341	0.00043648	9.5116e-06
427	0.97716	0.022398	0.00043596	9.9765e-06
428	0.98157	0.017986	0.00043787	8.0064e-06
429	0.99858	0.00097222	0.00044535	4.3542e-07
430	0.99715	0.0023999	0.00044464	1.0749e-06
431	0.97847	0.021084	0.00043616	9.4579e-06
432	0.97164	0.027914	0.00043303	1.2512e-05
433	0.94767	0.051881	0.00042219	2.3256e-05
434	0.91431	0.085243	0.00040719	3.8169e-05
435	0.902	0.097556	0.00040164	4.3649e-05
436	0.69984	0.29971	0.00031172	0.00013351
437	0.62952	0.37004	0.00028034	0.00016481
438	0.60668	0.39288	0.00027009	0.00017497
439	0.25633	0.74323	0.0001142	0.00033078
440	0.13341	0.86614	5.9398e-05	0.00038549
441	0.095208	0.90435	4.2323e-05	0.00040246
442	0.080375	0.91918	3.5709e-05	0.00040897
443	0.077431	0.92212	3.4379e-05	0.00041018
444	0.082849	0.91671	3.6752e-05	0.00040769
445	0.07694	0.92262	3.4082e-05	0.00041022
446	0.078225	0.92133	3.4623e-05	0.00040955
447	0.087045	0.91251	3.8511e-05	0.00040553
448	0.069472	0.93008	3.0666e-05	0.00041324
449	0.063601	0.93595	2.8044e-05	0.00041572
450	0.066337	0.93322	2.9224e-05	0.00041439
451	0.05544	0.94412	2.4378e-05	0.0004191
452	0.053721	0.94584	2.3591e-05	0.00041973
453	0.057394	0.94216	2.5189e-05	0.00041798
454	0.058072	0.94148	2.5475e-05	0.00041755
455	0.065029	0.93453	2.8537e-05	0.00041434
456	0.069046	0.93051	3.0311e-05	0.00041243
457	0.081975	0.91758	3.6039e-05	0.00040657
458	0.090127	0.90943	3.9662e-05	0.00040282
459	0.1206	0.87896	5.3157e-05	0.00038918
460	0.15019	0.84936	6.6221e-05	0.00037596
461	0.21962	0.77993	9.6959e-05	0.00034507
462	0.39059	0.60897	0.00017286	0.00026903
463	0.43514	0.56442	0.00019254	0.00024919
464	0.56478	0.43478	0.00024978	0.00019178
465	0.9791	0.020454	0.00043234	9.0363e-06
466	0.9806	0.01896	0.00043283	8.3714e-06
467	0.989	0.010563	0.00043634	4.667e-06
468	0.99562	0.0039399	0.00043909	1.7389e-06
469	0.99512	0.0044379	0.00043867	1.9585e-06
470	0.99697	0.0025938	0.0004393	1.1426e-06
471	0.9992	0.00036249	0.00044008	1.5939e-07
472	0.99919	0.00036651	0.00043986	1.614e-07
473	0.99858	0.00097722	0.00043938	4.295e-07
474	0.99943	0.00013458	0.00043952	5.9346e-08
475	0.9994	0.00016362	0.00043929	7.2224e-08
476	0.99914	0.00041932	0.00043897	1.8474e-07
477	0.99916	0.00040455	0.00043879	1.7769e-07
478	0.99951	5.008e-05	0.00043873	2.2088e-08
479	0.99897	0.00059247	0.0004383	2.6075e-07
480	0.99953	3.0998e-05	0.00043837	1.3653e-08
481	0.99613	0.003436	0.00043667	1.5129e-06
482	0.99537	0.0041912	0.00043615	1.8438e-06
483	0.99671	0.0028555	0.00043656	1.2546e-06
484	0.9584	0.041167	0.00041957	1.8053e-05
485	0.78707	0.21249	0.0003441	9.3303e-05
486	0.71784	0.28172	0.00031363	0.00012357
487	0.40034	0.59922	0.00017496	0.00026205
488	0.3011	0.69846	0.0001315	0.0003053
489	0.25878	0.74078	0.00011301	0.0003236
490	0.097334	0.90223	4.249e-05	0.0003939
491	0.046768	0.9528	2.0361e-05	0.00041581
492	0.026265	0.9733	1.1416e-05	0.00042453
493	0.020322	0.97924	8.8136e-06	0.0004269
494	0.018642	0.98092	8.0761e-06	0.00042741
495	0.020251	0.97931	8.7727e-06	0.00042649
496	0.014846	0.98472	6.4324e-06	0.00042861
497	0.014367	0.9852	6.2231e-06	0.00042859
498	0.018094	0.98147	7.8337e-06	0.00042674
499	0.014702	0.98486	6.3612e-06	0.00042797
500	0.015456	0.98411	6.6822e-06	0.0004274
501	0.019437	0.98013	8.405e-06	0.00042543
502	0.032191	0.96738	1.3914e-05	0.00041966
503	0.069011	0.93056	2.9783e-05	0.00040352
504	0.15945	0.84012	6.8852e-05	0.00036419
505	0.1818	0.81776	7.844e-05	0.00035432
506	0.23545	0.76412	0.00010156	0.00033093
507	0.38953	0.61003	0.00016786	0.00026435
508	0.50656	0.49301	0.00021827	0.00021366
509	0.79455	0.20502	0.00034273	8.8931e-05
510	0.99716	0.0024115	0.00043035	1.0487e-06
511	0.99644	0.0031239	0.0004298	1.3543e-06
512	0.99802	0.0015495	0.00043022	6.7318e-07
513	0.99787	0.0017021	0.0004299	7.3862e-07
514	0.99561	0.0039641	0.00042869	1.7133e-06
515	0.99572	0.0038472	0.00042851	1.6595e-06
516	0.9992	0.00037466	0.00042976	1.6236e-07
517	0.99645	0.0031205	0.00042835	1.3468e-06
518	0.99603	0.0035418	0.00042794	1.5268e-06
519	0.99843	0.0011433	0.00042873	4.9658e-07
520	0.98489	0.014686	0.00042264	6.3599e-06
521	0.981	0.018574	0.0004207	8.0473e-06
522	0.97721	0.022358	0.00041879	9.6945e-06
523	0.90958	0.089993	0.00038922	3.901e-05
524	0.88672	0.11285	0.00037905	4.8917e-05
525	0.87878	0.12079	0.00037537	5.2338e-05
526	0.86649	0.13308	0.00036984	5.7617e-05
527	0.86478	0.13479	0.00036889	5.8329e-05
528	0.87316	0.12641	0.00037229	5.4695e-05
529	0.86907	0.1305	0.00037031	5.6427e-05
530	0.86474	0.13483	0.00036821	5.8271e-05
531	0.87011	0.12946	0.00037028	5.5944e-05
532	0.8602	0.13937	0.00036583	6.0161e-05
533	0.86023	0.13935	0.00036565	6.0105e-05
534	0.87346	0.12611	0.0003711	5.4407e-05
535	0.8518	0.14778	0.00036165	6.3621e-05
536	0.84742	0.15215	0.00035956	6.5457e-05
537	0.85248	0.1471	0.00036153	6.3252e-05
538	0.85718	0.14239	0.00036331	6.1209e-05
539	0.87468	0.12489	0.00037057	5.3696e-05
540	0.91792	0.081657	0.00038887	3.5157e-05
541	0.94867	0.050907	0.00040185	2.1948e-05
542	0.93376	0.065815	0.00039532	2.8262e-05
543	0.92971	0.069863	0.00039343	2.9947e-05
544	0.68326	0.31632	0.0002893	0.00013388
545	0.60656	0.39302	0.00025675	0.00016622
546	0.58136	0.41821	0.00024595	0.0001768
547	0.27625	0.72333	0.00011648	0.00030603
548	0.15201	0.84757	6.3934e-05	0.00035834
549	0.1016	0.89797	4.2679e-05	0.00037937
550	0.034659	0.96492	1.4566e-05	0.00040726
551	0.013692	0.98589	5.7444e-06	0.00041585
552	0.0072298	0.99235	3.019e-06	0.00041832
553	0.0047564	0.99482	1.9784e-06	0.00041912
554	0.0041414	0.99544	1.7194e-06	0.00041914
555	0.005446	0.99413	2.2588e-06	0.00041835
556	0.0055507	0.99403	2.2981e-06	0.00041807
557	0.0074245	0.99216	3.0759e-06	0.00041705
558	0.012682	0.9869	5.2663e-06	0.00041462
559	0.016036	0.98354	6.6652e-06	0.00041298
560	0.025293	0.97429	1.0539e-05	0.00040888
561	0.048431	0.95115	2.0245e-05	0.00039895
562	0.10191	0.89767	4.2731e-05	0.00037624
563	0.27266	0.72693	0.00011431	0.00030442
564	0.75896	0.24062	0.00031768	0.00010081
565	0.75194	0.24764	0.00031452	0.00010371
566	0.75617	0.24342	0.00031609	0.00010188
567	0.78312	0.21646	0.00032712	9.0582e-05
568	0.76326	0.23632	0.00031861	9.8824e-05
569	0.761	0.23858	0.00031745	9.9715e-05
570	0.77112	0.22846	0.00032147	9.5425e-05
571	0.3843	0.61528	0.00016048	0.00025616
572	0.2632	0.73638	0.00010996	0.00030641
573	0.22606	0.77352	9.4393e-05	0.00032169
574	0.093747	0.90584	3.9061e-05	0.00037673
575	0.03635	0.96323	1.514e-05	0.00040035
576	0.016244	0.98334	6.7486e-06	0.00040844
577	0.0080986	0.99149	3.3606e-06	0.00041153
578	0.0054581	0.99413	2.259e-06	0.00041232
579	0.004691	0.99489	1.9389e-06	0.00041233
580	0.0033614	0.99622	1.3841e-06	0.00041256
581	0.003291	0.9963	1.3524e-06	0.00041228
582	0.0044191	0.99517	1.8161e-06	0.0004115
583	0.0049894	0.9946	2.0466e-06	0.00041095
584	0.0045658	0.99502	1.8697e-06	0.0004108
585	0.0054313	0.99416	2.2244e-06	0.00041013
586	0.0025148	0.99707	1.0286e-06	0.00041101
587	0.0017909	0.9978	7.3026e-07	0.00041099
588	0.0017479	0.99784	7.1194e-07	0.00041068
589	0.002354	0.99723	9.5974e-07	0.00041012
590	0.0040576	0.99553	1.6579e-06	0.0004091
591	0.0098845	0.98971	4.0374e-06	0.0004064
592	0.0049571	0.99463	2.019e-06	0.00040809
593	0.0028864	0.9967	1.1736e-06	0.00040862
594	0.0021407	0.99745	8.7061e-07	0.0004086
595	0.0021681	0.99742	8.8392e-07	0.00040828
596	0.0033788	0.99621	1.3793e-06	0.00040745
597	0.0077479	0.99184	3.1604e-06	0.00040534
598	0.010223	0.98937	4.1701e-06	0.00040399
599	0.0166	0.98299	6.7793e-06	0.00040105
600	0.032602	0.96699	1.3342e-05	0.00039416
601	0.07843	0.92116	3.2085e-05	0.00037508
602	0.20904	0.79055	8.5355e-05	0.00032146
603	0.62542	0.37418	0.00025465	0.0001518
604	0.63208	0.36752	0.00025711	0.00014896
605	0.66652	0.33307	0.00027078	0.0001349
606	0.74869	0.25091	0.00030378	0.00010151
607	0.77093	0.22867	0.00031245	9.2439e-05
608	0.79302	0.20657	0.000321	8.3465e-05
609	0.85075	0.14885	0.00034394	6.0121e-05
610	0.86429	0.13531	0.000349	5.4629e-05
611	0.89912	0.10047	0.00036266	4.0555e-05
612	0.98631	0.013285	0.00039744	5.365e-06
613	0.99273	0.0068639	0.00039965	2.7659e-06
614	0.99943	0.00016911	0.00040194	6.8267e-08
615	0.99954	6.3087e-05	0.00040158	2.5438e-08
616	0.99926	0.00034336	0.00040105	1.3881e-07
617	0.99831	0.0012883	0.00040026	5.1978e-07
618	0.99874	0.00086297	0.00040003	3.4867e-07
619	0.96494	0.034663	0.0003861	1.3907e-05
620	0.95189	0.047715	0.00038053	1.9109e-05
621	0.95015	0.049453	0.00037946	1.9788e-05
622	0.34762	0.65198	0.00013889	0.00025999
623	0.13608	0.86352	5.4327e-05	0.00034416
624	0.061863	0.93774	2.4622e-05	0.00037347
625	0.029706	0.9699	1.1797e-05	0.0003859
626	0.016702	0.9829	6.6293e-06	0.00039067
627	0.012513	0.98709	4.9596e-06	0.00039194
628	0.012115	0.98749	4.7934e-06	0.00039169
629	0.014145	0.98546	5.5915e-06	0.00039048
630	0.020105	0.9795	7.9484e-06	0.00038772
631	0.04014	0.95946	1.5853e-05	0.00037939
632	0.089439	0.91017	3.5342e-05	0.00035949
633	0.22999	0.76962	9.0744e-05	0.00030366
634	0.63032	0.36928	0.00024807	0.0001459
635	0.72037	0.27924	0.00028326	0.00011027
636	0.94255	0.057052	0.00037061	2.25e-05
637	0.94497	0.05464	0.00037118	2.1514e-05
638	0.95832	0.041285	0.00037604	1.6228e-05
639	0.99864	0.00097094	0.00039144	3.808e-07
640	0.99941	0.00019379	0.00039128	7.6394e-08
641	0.99794	0.0016659	0.00039025	6.5513e-07
642	0.99644	0.0031696	0.00038922	1.2435e-06
643	0.99742	0.0021858	0.00038915	8.5977e-07
644	0.99654	0.003071	0.00038835	1.2071e-06
645	0.99761	0.0020024	0.00038833	7.8861e-07
646	0.95561	0.044001	0.00037149	1.7212e-05
647	0.93808	0.061527	0.00036426	2.4023e-05
648	0.93485	0.064767	0.00036258	2.5267e-05
649	0.86133	0.13829	0.00033344	5.3961e-05
650	0.83032	0.16929	0.00032098	6.5971e-05
651	0.82355	0.17607	0.00031795	6.8546e-05
652	0.78103	0.21858	0.00030106	8.4978e-05
653	0.76842	0.2312	0.00029578	8.9791e-05
654	0.76793	0.23168	0.00029523	8.9886e-05
655	0.74231	0.25731	0.000285	9.9666e-05
656	0.7373	0.26231	0.00028272	0.00010149
657	0.74369	0.25592	0.00028484	9.8909e-05
658	0.7465	0.25312	0.0002856	9.7702e-05
659	0.7677	0.23191	0.0002934	8.9439e-05
660	0.82013	0.17948	0.00031323	6.9166e-05
661	0.83329	0.16633	0.00031788	6.4039e-05
662	0.87012	0.1295	0.00033164	4.9824e-05
663	0.95677	0.042854	0.00036455	1.6461e-05
664	0.95426	0.045362	0.00036319	1.7381e-05
665	0.95896	0.040656	0.00036457	1.5551e-05
666	0.97653	0.023094	0.00037082	8.8222e-06
667	0.97953	0.020094	0.00037153	7.6593e-06
668	0.98191	0.017714	0.00037196	6.74e-06
669	0.9921	0.0075177	0.00037535	2.8609e-06
670	0.99956	6.5961e-05	0.0003777	2.5178e-08
671	0.99899	0.00063529	0.000377	2.4047e-07
672	0.99955	7.7105e-05	0.00037675	2.8983e-08
673	0.99678	0.0028432	0.00037523	1.0665e-06
674	0.99666	0.0029636	0.00037469	1.1103e-06
675	0.99936	0.00026484	0.00037519	9.9347e-08
676	0.99869	0.00093622	0.00037443	3.5087e-07
677	0.99842	0.0012026	0.00037381	4.5094e-07
678	0.99962	4.951e-06	0.00037375	1.849e-09
679	0.99954	8.7891e-05	0.00037319	3.2797e-08
680	0.99848	0.0011429	0.00037225	4.2678e-07
681	0.99878	0.0008518	0.00037182	3.1715e-07
682	0.99836	0.0012668	0.00037112	4.7122e-07
683	0.99796	0.0016655	0.00037043	6.1765e-07
684	0.99962	1.3477e-05	0.00037048	5.0293e-09
685	0.9971	0.0025314	0.00036899	9.4176e-07
686	0.99683	0.002804	0.00036835	1.0415e-06
687	0.99856	0.0010662	0.00036847	3.9552e-07
688	0.99876	0.00087399	0.00036803	3.2253e-07
689	0.99808	0.0015521	0.00036724	5.7083e-07
690	0.99929	0.00034232	0.00036714	1.2602e-07
691	0.9996	3.3019e-05	0.00036671	1.2173e-08
692	0.9992	0.00043617	0.00036603	1.6012e-07
693	0.99762	0.0020128	0.00036494	7.3597e-07
694	0.99118	0.0084582	0.00036209	3.0799e-06
695	0.99024	0.0093907	0.00036122	3.4148e-06
696	0.99223	0.0074085	0.00036144	2.6852e-06
697	0.9854	0.014234	0.00035844	5.1527e-06
698	0.98438	0.01526	0.00035752	5.516e-06
699	0.98362	0.016014	0.00035669	5.7827e-06
700	0.98222	0.017414	0.00035564	6.2776e-06
701	0.98558	0.014056	0.00035628	5.0571e-06
702	0.9992	0.00043633	0.00036059	1.5688e-07
703	0.99844	0.0011969	0.00035974	4.3007e-07
704	0.99924	0.00040242	0.00035942	1.4438e-07
705	0.9995	0.00013867	0.0003589	5.0101e-08
706	0.99709	0.0025539	0.00035742	9.2169e-07
707	0.99678	0.0028609	0.00035671	1.0311e-06
708	0.99836	0.0012868	0.00035669	4.6464e-07
709	0.99685	0.002797	0.00035558	1.0048e-06
710	0.99719	0.0024536	0.00035513	8.7979e-07
711	0.99964	2.5672e-06	0.00035546	9.2459e-10
712	0.98682	0.012823	0.00035034	4.57e-06
713	0.97256	0.02709	0.0003447	9.6508e-06
714	0.96784	0.031802	0.00034249	1.1309e-05
715	0.89792	0.10173	0.0003171	3.6129e-05
716	0.87024	0.12941	0.00030681	4.5861e-05
717	0.8629	0.13675	0.00030371	4.8389e-05
718	0.85546	0.14419	0.00030055	5.0952e-05
719	0.85751	0.14214	0.00030076	5.0157e-05
720	0.87162	0.12803	0.00030523	4.5118e-05
721	0.78799	0.21166	0.00027549	7.4295e-05
722	0.75987	0.23978	0.00026519	8.4012e-05
723	0.75509	0.24456	0.00026305	8.5553e-05
724	0.72426	0.27539	0.00025178	9.621e-05
725	0.71461	0.28504	0.00024797	9.9416e-05
726	0.71783	0.28183	0.00024866	9.8129e-05
727	0.74339	0.25627	0.00025706	8.9116e-05
728	0.80553	0.19413	0.00027813	6.7445e-05
729	0.95021	0.049446	0.00032779	1.7188e-05
730	0.94915	0.050507	0.00032688	1.7518e-05
731	0.95611	0.043543	0.00032871	1.5081e-05
732	0.97489	0.024771	0.00033463	8.5659e-06
733	0.97903	0.020624	0.00033546	7.1223e-06
734	0.97753	0.022128	0.00033433	7.6283e-06
735	0.98053	0.019132	0.00033475	6.5858e-06
736	0.97751	0.022153	0.00033313	7.6019e-06
737	0.82842	0.17124	0.00028194	5.8196e-05
738	0.76827	0.2314	0.00026113	7.8419e-05
739	0.55136	0.4483	0.00018734	0.00015161
740	0.48402	0.51564	0.00016422	0.0001741
741	0.46518	0.53448	0.00015754	0.00018016
742	0.43691	0.56276	0.00014773	0.00018934
743	0.43139	0.56827	0.00014559	0.00019084
744	0.44415	0.55551	0.00014957	0.0001862
745	0.43742	0.56224	0.00014698	0.00018812
746	0.44424	0.55542	0.00014896	0.00018547
747	0.47049	0.52918	0.00015745	0.00017633
748	0.47246	0.52721	0.00015778	0.00017533
749	0.49724	0.50243	0.00016566	0.00016676
750	0.56219	0.43748	0.00018686	0.00014488
751	0.77159	0.22808	0.00025562	7.5426e-05
752	0.81798	0.18169	0.00027042	5.9937e-05
753	0.96835	0.03132	0.00031932	1.0335e-05
754	0.96913	0.030542	0.00031891	1.0057e-05
755	0.97737	0.0223	0.00032092	7.334e-06
756	0.99805	0.0016207	0.00032702	5.3422e-07
757	0.99798	0.0016908	0.00032631	5.559e-07
758	0.99955	0.00012608	0.00032614	4.1444e-08
759	0.99967	9.2435e-06	0.00032551	3.0279e-09
760	0.99961	6.2939e-05	0.00032483	2.0504e-08
761	0.99959	8.9139e-05	0.00032417	2.8894e-08
762	0.99902	0.00066075	0.00032332	2.1418e-07
763	0.99732	0.0023563	0.00032208	7.6398e-07
764	0.99744	0.0022366	0.00032144	7.2384e-07
765	0.99961	6.735e-05	0.00032147	2.1702e-08
766	0.99888	0.00080292	0.00032055	2.578e-07
767	0.99842	0.0012557	0.0003197	4.0301e-07
768	0.99933	0.00035536	0.0003193	1.1399e-07
769	0.9995	0.00017934	0.00031867	5.7298e-08
770	0.99871	0.00097078	0.00031771	3.0959e-07
771	0.99801	0.0016721	0.0003168	5.3124e-07
772	0.99768	0.0020003	0.00031599	6.3464e-07
773	0.99899	0.00069375	0.0003157	2.1944e-07
774	0.99929	0.00039941	0.00031507	1.2638e-07
775	0.99762	0.0020703	0.00031381	6.5532e-07
776	0.99563	0.0040536	0.00031246	1.2792e-06
777	0.99596	0.0037265	0.00031185	1.1731e-06
778	0.99428	0.0054123	0.00031058	1.7e-06
779	0.99493	0.0047572	0.00031007	1.4913e-06
780	0.99841	0.0012767	0.00031044	3.9989e-07
781	0.99551	0.0041762	0.00030883	1.2978e-06
782	0.9929	0.0067856	0.0003073	2.1042e-06
783	0.99303	0.0066588	0.00030663	2.059e-06
784	0.99321	0.0064836	0.00030596	2.0006e-06
785	0.99621	0.0034826	0.00030616	1.0707e-06
786	0.99958	0.00011257	0.00030645	3.463e-08
787	0.9987	0.00099131	0.00030545	3.0347e-07
788	0.99823	0.001464	0.00030455	4.4793e-07
789	0.99927	0.00042562	0.00030413	1.303e-07
790	0.99636	0.0033361	0.00030251	1.0153e-06
791	0.99625	0.0034485	0.00030173	1.0484e-06
792	0.99823	0.0014637	0.00030159	4.4553e-07
793	0.99691	0.0027882	0.00030043	8.4792e-07
794	0.9974	0.0022981	0.00029983	6.9923e-07
795	0.99591	0.0037948	0.00029863	1.1505e-06
796	0.97091	0.028791	0.00029038	8.6707e-06
797	0.96082	0.038884	0.00028665	1.1672e-05
798	0.95856	0.041147	0.00028529	1.2316e-05
799	0.96409	0.035618	0.00028623	1.0641e-05
800	0.96762	0.032082	0.00028659	9.5618e-06
801	0.97973	0.01997	0.0002895	5.9321e-06
802	0.98913	0.010574	0.00029161	3.1185e-06
803	0.98716	0.012544	0.00029032	3.6819e-06
804	0.98966	0.010049	0.00029033	2.9356e-06
805	0.98054	0.019167	0.00028693	5.5807e-06
806	0.97872	0.020989	0.00028564	6.0946e-06
807	0.98096	0.018745	0.00028554	5.4213e-06
808	0.98209	0.017616	0.00028511	5.0765e-06
809	0.97785	0.021865	0.0002831	6.2857e-06
810	0.97948	0.020227	0.00028277	5.7975e-06
811	0.98947	0.010245	0.00028481	2.9254e-06
812	0.99912	0.00059029	0.00028671	1.6889e-07
813	0.99893	0.00078362	0.00028581	2.2447e-07
814	0.99403	0.005684	0.00028355	1.6302e-06
815	0.99323	0.0064889	0.00028244	1.8587e-06
816	0.9951	0.0046146	0.00028211	1.3223e-06
817	0.98999	0.0097253	0.0002798	2.7739e-06
818	0.98883	0.010891	0.00027863	3.0963e-06
819	0.99074	0.0089756	0.00027834	2.5451e-06
820	0.98855	0.01117	0.0002769	3.1515e-06
821	0.9902	0.0095257	0.00027652	2.6808e-06
822	0.99657	0.0031549	0.00027747	8.8695e-07
823	0.99612	0.0036005	0.0002765	1.0092e-06
824	0.9954	0.0043207	0.00027545	1.2063e-06
825	0.99695	0.0027753	0.00027504	7.7313e-07
826	0.99286	0.0068642	0.00027309	1.8962e-06
827	0.9926	0.0071295	0.00027217	1.9639e-06
828	0.99529	0.0044411	0.00027208	1.2197e-06
829	0.99525	0.0044741	0.00027122	1.2254e-06
830	0.99535	0.004377	0.00027038	1.197e-06
831	0.99804	0.0016902	0.00027025	4.6428e-07
832	0.97966	0.020074	0.00026439	5.4738e-06
833	0.97293	0.026796	0.00026174	7.2794e-06
834	0.97208	0.027648	0.00026069	7.4864e-06
835	0.97027	0.029463	0.00025941	7.9472e-06
836	0.95944	0.040298	0.00025569	1.0824e-05
837	0.95682	0.042913	0.00025419	1.1484e-05
838	0.90224	0.097498	0.00023886	2.5961e-05
839	0.87947	0.12027	0.00023208	3.1897e-05
840	0.87414	0.1256	0.00022991	3.3203e-05
841	0.84384	0.1559	0.00022115	4.1086e-05
842	0.80068	0.19906	0.00020911	5.2265e-05
843	0.74011	0.25963	0.00019254	6.7948e-05
844	0.71527	0.28448	0.00018542	7.4186e-05
845	0.70871	0.29103	0.00018311	7.5628e-05
846	0.7148	0.28494	0.00018408	7.3783e-05
847	0.74684	0.25291	0.00019172	6.5267e-05
848	0.8529	0.14684	0.00021825	3.7842e-05
849	0.92796	0.071782	0.00023672	1.848e-05
850	0.93093	0.068816	0.00023666	1.7653e-05
851	0.9463	0.05345	0.00023973	1.368e-05
852	0.98605	0.013694	0.000249	3.5204e-06
853	0.98359	0.016156	0.00024751	4.1331e-06
854	0.98504	0.014712	0.00024701	3.7516e-06
855	0.99164	0.0081147	0.00024783	2.069e-06
856	0.98298	0.016769	0.00024477	4.2402e-06
857	0.94351	0.05624	0.00023404	1.41e-05
858	0.76484	0.23491	0.00018878	5.8481e-05
859	0.51942	0.48034	0.00012748	0.00011892
860	0.44303	0.55672	0.00010816	0.00013736
861	0.41328	0.58647	0.00010048	0.00014417
862	0.40873	0.59102	9.8981e-05	0.00014478
863	0.41772	0.58204	0.00010079	0.00014209
864	0.44797	0.55179	0.00010773	0.00013426
865	0.54911	0.45065	0.00013163	0.00010947
866	0.7833	0.21646	0.00018736	5.2858e-05
867	0.7995	0.20026	0.00019054	4.8789e-05
868	0.70872	0.29105	0.00016799	7.046e-05
869	0.57988	0.41989	0.00013656	0.00010102
870	0.5248	0.47496	0.00012296	0.00011375
871	0.44742	0.55235	0.00010423	0.00013162
872	0.42193	0.57784	9.7816e-05	0.00013715
873	0.41946	0.58031	9.6832e-05	0.00013724
874	0.41643	0.58334	9.5705e-05	0.00013746
875	0.42612	0.57364	9.7538e-05	0.00013472
876	0.45783	0.54194	0.00010443	0.00012693
877	0.4379	0.56187	9.9404e-05	0.00013106
878	0.43687	0.5629	9.8743e-05	0.00013081
879	0.44914	0.55063	0.00010113	0.00012752
880	0.43707	0.5627	9.7963e-05	0.00012978
881	0.43826	0.56151	9.7837e-05	0.00012901
882	0.43701	0.56276	9.7144e-05	0.00012879
883	0.43379	0.56598	9.5995e-05	0.00012901
884	0.4251	0.57467	9.3635e-05	0.00013045
885	0.42905	0.57073	9.4116e-05	0.00012904
886	0.40525	0.59453	8.8449e-05	0.00013379
887	0.39867	0.60111	8.6637e-05	0.00013469
888	0.40544	0.59434	8.7779e-05	0.00013263
889	0.40632	0.59346	8.7631e-05	0.00013187
890	0.40213	0.59765	8.6357e-05	0.00013222
891	0.3928	0.60699	8.3987e-05	0.00013367
892	0.37837	0.62141	8.0551e-05	0.00013619
893	0.37756	0.62223	8.0067e-05	0.00013576
894	0.38975	0.61004	8.239e-05	0.00013252
895	0.3995	0.60029	8.4151e-05	0.00012984
896	0.34228	0.6575	7.177e-05	0.00014129
897	0.32059	0.6792	6.6947e-05	0.00014519
898	0.23923	0.76056	4.9673e-05	0.00016153
899	0.20689	0.7929	4.2757e-05	0.0001675
900	0.19803	0.80176	4.0739e-05	0.00016857
901	0.20201	0.79778	4.1385e-05	0.00016696
902	0.2017	0.79809	4.1144e-05	0.00016624
903	0.21307	0.78672	4.3316e-05	0.0001631
904	0.2195	0.7803	4.4459e-05	0.000161
905	0.24663	0.75317	4.9819e-05	0.00015467
906	0.3367	0.66309	6.7921e-05	0.00013558
907	0.4014	0.5984	8.0742e-05	0.00012178
908	0.55187	0.44793	0.00011086	9.0676e-05
909	0.98121	0.018592	0.00019676	3.7844e-06
910	0.96318	0.036621	0.00019216	7.3932e-06
911	0.95818	0.041626	0.00019019	8.3632e-06
912	0.95892	0.040882	0.00018938	8.1768e-06
913	0.9585	0.0413	0.00018835	8.2188e-06
914	0.96392	0.035888	0.00018847	7.1099e-06
915	0.97916	0.020644	0.00019053	4.0761e-06
916	0.93912	0.060684	0.00018181	1.1818e-05
917	0.9237	0.076104	0.00017794	1.4724e-05
918	0.92091	0.0789	0.0001765	1.5183e-05
919	0.92738	0.072427	0.00017681	1.3869e-05
920	0.93154	0.068268	0.00017669	1.3003e-05
921	0.95174	0.048074	0.00017957	9.1171e-06
922	0.95424	0.045577	0.00017909	8.5966e-06
923	0.96442	0.03539	0.00018005	6.635e-06
924	0.99967	0.00014802	0.00018564	2.7703e-08
925	0.99505	0.0047677	0.00018378	8.8163e-07
926	0.99017	0.0096463	0.00018186	1.7758e-06
927	0.9901	0.0097144	0.00018082	1.7806e-06
928	0.93244	0.067375	0.00016921	1.2332e-05
929	0.85217	0.14765	0.00015365	2.6842e-05
930	0.82816	0.17166	0.00014839	3.1034e-05
931	0.74485	0.25497	0.00013246	4.5874e-05
932	0.7098	0.29003	0.00012539	5.1872e-05
933	0.69704	0.30278	0.00012236	5.3824e-05
934	0.68159	0.31824	0.00011886	5.6229e-05
935	0.67993	0.3199	0.00011782	5.6182e-05
936	0.69193	0.30789	0.00011917	5.3755e-05
937	0.68216	0.31766	0.00011674	5.51e-05
938	0.68472	0.31511	0.00011646	5.4307e-05
939	0.70288	0.29695	0.00011884	5.085e-05
940	0.7675	0.23233	0.00012905	3.9554e-05
941	0.91795	0.081886	0.00015366	1.386e-05
