#coord	neutral	conserved	gBGC.neutral	gBGC.conserved
1	0.89503	0.094972	0.0090407	0.00095931
2	0.90267	0.087327	0.0091179	0.00088209
3	0.91159	0.078413	0.0092079	0.00079205
4	0.92206	0.067941	0.0093137	0.00068628
5	0.93419	0.055807	0.0094363	0.00056371
6	0.94833	0.041673	0.0095791	0.00042093
7	0.96413	0.025868	0.0097387	0.00026129
8	0.96888	0.021117	0.0097867	0.0002133
9	0.97457	0.015429	0.0098442	0.00015585
10	0.97537	0.014631	0.0098522	0.00014779
11	0.97225	0.01775	0.0098207	0.00017929
12	0.96992	0.020082	0.0097972	0.00020285
13	0.96843	0.021565	0.0097822	0.00021783
14	0.96772	0.022284	0.0097749	0.00022509
15	0.96775	0.022251	0.0097752	0.00022476
16	0.96263	0.027368	0.0097236	0.00027644
17	0.94508	0.044919	0.0095463	0.00045373
18	0.9293	0.060695	0.0093869	0.00061309
19	0.91521	0.074785	0.0092446	0.00075541
20	0.90315	0.086845	0.0091228	0.00087722
21	0.89254	0.097455	0.0090156	0.0009844
22	0.88353	0.10647	0.0089246	0.0010754
23	0.87584	0.11416	0.0088469	0.0011531
24	0.86939	0.12061	0.0087818	0.0012182
25	0.86415	0.12585	0.0087288	0.0012712
26	0.86008	0.12992	0.0086877	0.0013123
27	0.85748	0.13252	0.0086614	0.0013386
28	0.8563	0.1337	0.0086495	0.0013505
29	0.85622	0.13378	0.0086487	0.0013513
30	0.85741	0.13259	0.0086607	0.0013393
31	0.85971	0.13029	0.0086839	0.0013161
32	0.86313	0.12687	0.0087185	0.0012815
33	0.86769	0.12231	0.0087646	0.0012354
34	0.86116	0.12884	0.0086986	0.0013014
35	0.85604	0.13396	0.0086469	0.0013531
36	0.85209	0.13791	0.008607	0.001393
37	0.84947	0.14053	0.0085805	0.0014195
38	0.84799	0.14201	0.0085656	0.0014344
39	0.84762	0.14238	0.0085618	0.0014382
40	0.84836	0.14164	0.0085693	0.0014307
41	0.85022	0.13978	0.0085881	0.0014119
42	0.85321	0.13679	0.0086183	0.0013817
43	0.85735	0.13265	0.0086601	0.0013399
44	0.86267	0.12733	0.0087138	0.0012862
45	0.8692	0.1208	0.0087798	0.0012202
46	0.87698	0.11302	0.0088584	0.0011416
47	0.88631	0.10369	0.0089527	0.0010473
48	0.89747	0.092526	0.0090654	0.00093461
49	0.91013	0.079873	0.0091932	0.0008068
50	0.92438	0.065619	0.0093372	0.00066282
51	0.94087	0.049128	0.0095038	0.00049624
52	0.9592	0.030805	0.0096888	0.00031116
53	0.96461	0.025386	0.0097436	0.00025643
54	0.95762	0.032385	0.0096729	0.00032712
55	0.95192	0.03808	0.0096154	0.00038464
56	0.94745	0.042545	0.0095703	0.00042975
57	0.94395	0.046048	0.0095349	0.00046514
58	0.94149	0.048505	0.00951	0.00048995
59	0.94015	0.049849	0.0094965	0.00050353
60	0.9399	0.050097	0.009494	0.00050603
61	0.94054	0.049456	0.0095004	0.00049955
62	0.94208	0.047921	0.0095159	0.00048405
63	0.94464	0.045365	0.0095418	0.00045823
64	0.94834	0.041662	0.0095792	0.00042083
65	0.95323	0.036766	0.0096286	0.00037137
66	0.95914	0.030856	0.0096883	0.00031167
67	0.96625	0.023752	0.0097601	0.00023992
68	0.96713	0.022868	0.009769	0.00023099
69	0.96893	0.021069	0.0097872	0.00021281
70	0.97167	0.018329	0.0098149	0.00018514
71	0.97539	0.014615	0.0098524	0.00014762
72	0.98012	0.0098775	0.0099002	9.9773e-05
73	0.98081	0.009192	0.0099072	9.2849e-05
74	0.9822	0.0077959	0.0099213	7.8747e-05
75	0.98427	0.0057271	0.0099422	5.785e-05
76	0.98406	0.005943	0.00994	6.003e-05
77	0.98448	0.0055151	0.0099443	5.5708e-05
78	0.98552	0.0044771	0.0099548	4.5223e-05
79	0.98473	0.0052701	0.0099468	5.3233e-05
80	0.98454	0.0054646	0.0099448	5.5198e-05
81	0.98494	0.0050619	0.0099489	5.1131e-05
82	0.98327	0.006728	0.009932	6.7959e-05
83	0.97741	0.01259	0.0098728	0.00012717
84	0.97246	0.017538	0.0098228	0.00017715
85	0.96849	0.021506	0.0097828	0.00021723
86	0.96547	0.024533	0.0097522	0.00024781
87	0.96342	0.026579	0.0097315	0.00026847
88	0.96218	0.027824	0.0097189	0.00028105
89	0.96181	0.028193	0.0097152	0.00028478
90	0.96238	0.02762	0.009721	0.00027899
91	0.9639	0.026098	0.0097364	0.00026361
92	0.96624	0.023764	0.00976	0.00024004
93	0.96387	0.026132	0.009736	0.00026396
94	0.95331	0.03669	0.0096294	0.00037061
95	0.94404	0.045964	0.0095357	0.00046428
96	0.9363	0.053696	0.0094576	0.00054238
97	0.92972	0.060282	0.0093911	0.00060891
98	0.92451	0.065486	0.0093385	0.00066147
99	0.92063	0.069374	0.0092992	0.00070075
100	0.91776	0.072241	0.0092703	0.00072971
101	0.91602	0.073979	0.0092527	0.00074726
102	0.91539	0.074605	0.0092464	0.00075359
103	0.91575	0.074251	0.00925	0.00075001
104	0.91732	0.072678	0.0092659	0.00073412
105	0.91989	0.070108	0.0092918	0.00070816
106	0.92346	0.066535	0.0093279	0.00067207
107	0.92808	0.061922	0.0093745	0.00062548
108	0.93375	0.056249	0.0094318	0.00056817
109	0.9318	0.058196	0.0094122	0.00058783
110	0.9308	0.059202	0.009402	0.000598
111	0.93071	0.059286	0.0094012	0.00059884
112	0.92182	0.06818	0.0093113	0.00068869
113	0.91418	0.075822	0.0092341	0.00076588
114	0.90772	0.082279	0.0091689	0.0008311
115	0.9024	0.087597	0.0091152	0.00088482
116	0.89835	0.091647	0.0090743	0.00092573
117	0.89553	0.094471	0.0090457	0.00095426
118	0.89376	0.09624	0.0090279	0.00097212
119	0.89318	0.096823	0.009022	0.00097801
120	0.89377	0.096229	0.009028	0.00097201
121	0.8954	0.094604	0.0090444	0.0009556
122	0.89806	0.091939	0.0090713	0.00092868
123	0.90179	0.088214	0.009109	0.00089105
124	0.89612	0.09388	0.0090517	0.00094828
125	0.89158	0.098418	0.0090059	0.00099413
126	0.88814	0.10186	0.0089711	0.0010289
127	0.88577	0.10423	0.0089472	0.0010528
128	0.88462	0.10538	0.0089355	0.0010645
129	0.8848	0.1052	0.0089373	0.0010627
130	0.88631	0.10369	0.0089526	0.0010474
131	0.88889	0.10111	0.0089787	0.0010213
132	0.89255	0.097452	0.0090156	0.00098437
133	0.89731	0.092691	0.0090637	0.00093628
134	0.90353	0.086468	0.0091266	0.00087342
135	0.91096	0.079039	0.0092016	0.00079837
136	0.90898	0.081019	0.0091816	0.00081838
137	0.90814	0.08186	0.0091731	0.00082687
138	0.9083	0.081701	0.0091747	0.00082526
139	0.90946	0.080539	0.0091865	0.00081352
140	0.91163	0.078367	0.0092084	0.00079159
141	0.91483	0.075169	0.0092407	0.00075929
142	0.91908	0.070923	0.0092836	0.00071639
143	0.9244	0.065597	0.0093374	0.0006626
144	0.93083	0.059168	0.0094023	0.00059765
145	0.93859	0.05141	0.0094807	0.00051929
146	0.94791	0.04209	0.0095748	0.00042515
147	0.95853	0.031472	0.0096821	0.0003179
148	0.96068	0.029315	0.0097039	0.00029611
149	0.96368	0.026315	0.0097342	0.00026581
150	0.96774	0.022262	0.0097751	0.00022486
151	0.96698	0.023018	0.0097675	0.0002325
152	0.96698	0.023016	0.0097675	0.00023249
153	0.96788	0.022116	0.0097766	0.0002234
154	0.96955	0.020445	0.0097935	0.00020652
155	0.97209	0.017914	0.0098191	0.00018095
156	0.9704	0.019601	0.009802	0.00019799
157	0.96947	0.020534	0.0097926	0.00020741
158	0.96935	0.02065	0.0097914	0.00020858
159	0.96998	0.020019	0.0097978	0.00020221
160	0.97149	0.018506	0.0098131	0.00018693
161	0.9688	0.021202	0.0097858	0.00021416
162	0.9669	0.023102	0.0097666	0.00023335
163	0.96592	0.02408	0.0097568	0.00024323
164	0.96585	0.024149	0.0097561	0.00024393
165	0.96669	0.02331	0.0097645	0.00023545
166	0.96845	0.021551	0.0097823	0.00021769
167	0.971	0.019	0.0098081	0.00019192
168	0.97445	0.015554	0.0098429	0.00015711
169	0.97381	0.016192	0.0098364	0.00016355
170	0.9685	0.021503	0.0097828	0.0002172
171	0.96421	0.025787	0.0097395	0.00026047
172	0.949	0.041	0.0095859	0.00041414
173	0.93586	0.05414	0.0094531	0.00054686
174	0.92463	0.065374	0.0093397	0.00066034
175	0.91478	0.075218	0.0092402	0.00075978
176	0.90644	0.083556	0.009156	0.000844
177	0.89936	0.090645	0.0090844	0.0009156
178	0.87301	0.11699	0.0088183	0.0011817
179	0.84912	0.14088	0.008577	0.001423
180	0.82748	0.16252	0.0083584	0.0016416
181	0.80865	0.18135	0.0081682	0.0018318
182	0.79237	0.19763	0.0080038	0.0019962
183	0.77789	0.21211	0.0078575	0.0021425
184	0.76538	0.22462	0.0077311	0.0022689
185	0.75445	0.23555	0.0076207	0.0023793
186	0.74502	0.24498	0.0075254	0.0024746
187	0.70919	0.28081	0.0071636	0.0028364
188	0.67642	0.31358	0.0068325	0.0031675
189	0.64704	0.34296	0.0065357	0.0034643
190	0.62023	0.36977	0.006265	0.003735
191	0.59631	0.39369	0.0060233	0.0039767
192	0.57457	0.41543	0.0058038	0.0041962
193	0.55563	0.43437	0.0056125	0.0043875
194	0.53894	0.45106	0.0054439	0.0045561
195	0.52433	0.46567	0.0052963	0.0047037
196	0.51193	0.47807	0.005171	0.004829
197	0.50099	0.48901	0.0050605	0.0049395
198	0.49145	0.49855	0.0049642	0.0050358
199	0.48324	0.50676	0.0048813	0.0051187
200	0.47659	0.51341	0.0048141	0.0051859
201	0.47118	0.51882	0.0047594	0.0052406
202	0.46696	0.52304	0.0047168	0.0052832
203	0.46392	0.52608	0.004686	0.005314
204	0.462	0.528	0.0046666	0.0053334
205	0.46121	0.52879	0.0046587	0.0053413
206	0.46153	0.52847	0.004662	0.005338
207	0.46343	0.52657	0.0046811	0.0053189
208	0.46648	0.52352	0.0047119	0.0052881
209	0.47069	0.51931	0.0047544	0.0052456
210	0.4761	0.5139	0.0048091	0.0051909
211	0.48273	0.50727	0.004876	0.005124
212	0.49062	0.49938	0.0049557	0.0050443
213	0.49982	0.49018	0.0050487	0.0049513
214	0.51041	0.47959	0.0051556	0.0048444
215	0.52305	0.46695	0.0052833	0.0047167
216	0.53726	0.45274	0.0054269	0.0045731
217	0.5338	0.4562	0.0053919	0.0046081
218	0.532	0.458	0.0053737	0.0046263
219	0.53139	0.45861	0.0053676	0.0046324
220	0.53197	0.45803	0.0053735	0.0046265
221	0.53375	0.45625	0.0053914	0.0046086
222	0.53718	0.45282	0.005426	0.004574
223	0.54182	0.44818	0.0054729	0.0045271
224	0.54822	0.44178	0.0055375	0.0044625
225	0.55592	0.43408	0.0056153	0.0043847
226	0.54685	0.44315	0.0055237	0.0044763
227	0.53943	0.45057	0.0054487	0.0045513
228	0.53379	0.45621	0.0053918	0.0046082
229	0.52987	0.46013	0.0053522	0.0046478
230	0.52717	0.46283	0.0053249	0.0046751
231	0.52564	0.46436	0.0053095	0.0046905
232	0.52554	0.46446	0.0053085	0.0046915
233	0.52663	0.46337	0.0053195	0.0046805
234	0.52888	0.46112	0.0053423	0.0046577
235	0.51251	0.47749	0.0051769	0.0048231
236	0.49846	0.49154	0.005035	0.004965
237	0.48598	0.50402	0.0049089	0.0050911
238	0.47553	0.51447	0.0048033	0.0051967
239	0.46645	0.52355	0.0047116	0.0052884
240	0.45896	0.53104	0.0046359	0.0053641
241	0.45318	0.53682	0.0045776	0.0054224
242	0.4486	0.5414	0.0045313	0.0054687
243	0.44515	0.54485	0.0044965	0.0055035
244	0.44282	0.54718	0.004473	0.005527
245	0.44184	0.54816	0.0044631	0.0055369
246	0.44197	0.54803	0.0044644	0.0055356
247	0.44344	0.54656	0.0044792	0.0055208
248	0.44604	0.54396	0.0045054	0.0054946
249	0.44975	0.54025	0.0045429	0.0054571
250	0.45488	0.53512	0.0045947	0.0054053
251	0.46121	0.52879	0.0046587	0.0053413
252	0.46877	0.52123	0.0047351	0.0052649
253	0.47816	0.51184	0.0048299	0.0051701
254	0.48895	0.50105	0.0049389	0.0050611
255	0.5012	0.4888	0.0050626	0.0049374
256	0.51499	0.47501	0.0052019	0.0047981
257	0.53043	0.45957	0.0053579	0.0046421
258	0.54763	0.44237	0.0055317	0.0044683
259	0.5667	0.4233	0.0057242	0.0042758
260	0.58775	0.40225	0.0059369	0.0040631
261	0.61181	0.37819	0.0061799	0.0038201
262	0.63827	0.35173	0.0064472	0.0035528
263	0.66732	0.32268	0.0067406	0.0032594
264	0.70022	0.28978	0.0070729	0.0029271
265	0.70751	0.28249	0.0071466	0.0028534
266	0.7167	0.2733	0.0072394	0.0027606
267	0.72736	0.26264	0.007347	0.002653
268	0.73959	0.25041	0.0074706	0.0025294
269	0.75345	0.23655	0.0076106	0.0023894
270	0.76904	0.22096	0.0077681	0.0022319
271	0.7865	0.2035	0.0079444	0.0020556
272	0.78741	0.20259	0.0079536	0.0020464
273	0.78988	0.20012	0.0079786	0.0020214
274	0.79355	0.19645	0.0080157	0.0019843
275	0.79868	0.19132	0.0080675	0.0019325
276	0.80531	0.18469	0.0081345	0.0018655
277	0.79881	0.19119	0.0080688	0.0019312
278	0.7938	0.1962	0.0080182	0.0019818
279	0.79003	0.19997	0.0079801	0.0020199
280	0.78784	0.20216	0.007958	0.002042
281	0.78685	0.20315	0.007948	0.002052
282	0.78706	0.20294	0.0079501	0.0020499
283	0.78846	0.20154	0.0079642	0.0020358
284	0.79142	0.19858	0.0079942	0.0020058
285	0.79561	0.19439	0.0080364	0.0019636
286	0.80105	0.18895	0.0080914	0.0019086
287	0.80801	0.18199	0.0081617	0.0018383
288	0.81655	0.17345	0.008248	0.001752
289	0.81234	0.17766	0.0082055	0.0017945
290	0.80933	0.18067	0.008175	0.001825
291	0.80751	0.18249	0.0081566	0.0018434
292	0.80685	0.18315	0.00815	0.00185
293	0.80755	0.18245	0.0081571	0.0018429
294	0.80943	0.18057	0.008176	0.001824
295	0.8125	0.1775	0.0082071	0.0017929
296	0.81678	0.17322	0.0082503	0.0017497
297	0.8223	0.1677	0.008306	0.001694
298	0.82948	0.16052	0.0083786	0.0016214
299	0.838	0.152	0.0084647	0.0015353
300	0.84793	0.14207	0.008565	0.001435
301	0.84579	0.14421	0.0085433	0.0014567
302	0.84495	0.14505	0.0085349	0.0014651
303	0.84524	0.14476	0.0085378	0.0014622
304	0.84697	0.14303	0.0085553	0.0014447
305	0.84985	0.14015	0.0085843	0.0014157
306	0.85422	0.13578	0.0086285	0.0013715
307	0.85978	0.13022	0.0086846	0.0013154
308	0.86657	0.12343	0.0087532	0.0012468
309	0.87485	0.11515	0.0088369	0.0011631
310	0.88448	0.10552	0.0089341	0.0010659
311	0.89553	0.094469	0.0090458	0.00095423
312	0.90855	0.081446	0.0091773	0.00082268
313	0.92321	0.066793	0.0093253	0.00067468
314	0.93988	0.050115	0.0094938	0.00050622
315	0.95844	0.031564	0.0096812	0.00031883
316	0.95725	0.03275	0.0096692	0.00033081
317	0.95697	0.033027	0.0096664	0.00033361
318	0.95751	0.032491	0.0096718	0.00032819
319	0.95903	0.030968	0.0096872	0.0003128
320	0.96139	0.028607	0.009711	0.00028895
321	0.96479	0.025215	0.0097453	0.0002547
322	0.9631	0.026903	0.0097282	0.00027175
323	0.96229	0.027713	0.0097201	0.00027993
324	0.96226	0.027736	0.0097198	0.00028016
325	0.96311	0.026887	0.0097284	0.00027159
326	0.96484	0.025159	0.0097459	0.00025413
327	0.96754	0.02246	0.0097731	0.00022687
328	0.96555	0.024449	0.009753	0.00024696
329	0.96436	0.025644	0.009741	0.00025903
330	0.96394	0.026062	0.0097367	0.00026325
331	0.96438	0.025622	0.0097412	0.00025881
332	0.96568	0.024321	0.0097543	0.00024566
333	0.96793	0.022074	0.009777	0.00022297
334	0.97099	0.019012	0.009808	0.00019204
335	0.97498	0.015024	0.0098482	0.00015176
336	0.98001	0.0099863	0.0098991	0.00010087
337	0.98096	0.0090433	0.0099087	9.1346e-05
338	0.97908	0.010915	0.0098897	0.00011026
339	0.97801	0.011993	0.0098789	0.00012114
340	0.97761	0.012392	0.0098748	0.00012517
341	0.97325	0.016754	0.0098308	0.00016924
342	0.96973	0.020274	0.0097952	0.00020479
343	0.96711	0.022887	0.0097688	0.00023118
344	0.9653	0.024696	0.0097505	0.00024946
345	0.96436	0.025639	0.009741	0.00025898
346	0.96428	0.025725	0.0097402	0.00025985
347	0.96496	0.025037	0.0097471	0.0002529
348	0.96643	0.02357	0.0097619	0.00023808
349	0.96306	0.026942	0.0097279	0.00027215
350	0.9607	0.029297	0.0097041	0.00029592
351	0.95917	0.030828	0.0096886	0.0003114
352	0.95861	0.031386	0.009683	0.00031703
353	0.95886	0.031138	0.0096855	0.00031453
354	0.96008	0.02992	0.0096978	0.00030222
355	0.96212	0.027884	0.0097183	0.00028165
356	0.96499	0.025009	0.0097474	0.00025262
357	0.96872	0.021275	0.0097851	0.0002149
358	0.96781	0.022193	0.0097758	0.00022417
359	0.96764	0.022357	0.0097742	0.00022583
360	0.96823	0.021769	0.0097801	0.00021989
361	0.96972	0.020283	0.0097951	0.00020488
362	0.97198	0.018021	0.009818	0.00018203
363	0.97503	0.014968	0.0098488	0.00015119
364	0.97906	0.010944	0.0098895	0.00011055
365	0.9793	0.010701	0.0098919	0.00010809
366	0.98026	0.0097394	0.0099016	9.8378e-05
367	0.982	0.0080046	0.0099191	8.0854e-05
368	0.98442	0.0055834	0.0099436	5.6398e-05
369	0.98766	0.0023424	0.0099763	2.3661e-05
370	0.98866	0.0013374	0.0099865	1.3509e-05
371	0.98706	0.0029419	0.0099703	2.9716e-05
372	0.98608	0.0039204	0.0099604	3.96e-05
373	0.98569	0.0043141	0.0099564	4.3577e-05
374	0.98591	0.0040945	0.0099586	4.1358e-05
375	0.98671	0.0032913	0.0099668	3.3245e-05
376	0.9881	0.0018988	0.0099808	1.918e-05
377	0.98825	0.0017498	0.0099823	1.7675e-05
378	0.98893	0.0010685	0.0099892	1.0793e-05
379	0.98723	0.0027667	0.0099721	2.7947e-05
380	0.98208	0.0079178	0.00992	7.9978e-05
381	0.97778	0.012223	0.0098765	0.00012346
382	0.97437	0.015625	0.0098422	0.00015783
383	0.97184	0.01816	0.0098166	0.00018344
384	0.97008	0.019923	0.0097988	0.00020124
385	0.96914	0.020858	0.0097893	0.00021068
386	0.96895	0.021047	0.0097874	0.0002126
387	0.96951	0.020493	0.009793	0.000207
388	0.97081	0.019191	0.0098061	0.00019385
389	0.96773	0.022269	0.0097751	0.00022494
390	0.96547	0.02453	0.0097522	0.00024778
391	0.96409	0.025912	0.0097383	0.00026174
392	0.96349	0.026511	0.0097322	0.00026779
393	0.96375	0.02625	0.0097349	0.00026515
394	0.94365	0.046346	0.0095319	0.00046814
395	0.92585	0.064148	0.009352	0.00064796
396	0.90988	0.08012	0.0091907	0.00080929
397	0.89612	0.093882	0.0090517	0.00094831
398	0.88392	0.10608	0.0089285	0.0010715
399	0.87321	0.11679	0.0088203	0.0011797
400	0.86391	0.12609	0.0087264	0.0012736
401	0.85595	0.13405	0.0086459	0.0013541
402	0.84964	0.14036	0.0085823	0.0014177
403	0.84492	0.14508	0.0085346	0.0014654
404	0.84139	0.14861	0.0084989	0.0015011
405	0.8392	0.1508	0.0084767	0.0015233
406	0.83847	0.15153	0.0084694	0.0015306
407	0.83886	0.15114	0.0084733	0.0015267
408	0.84039	0.14961	0.0084888	0.0015112
409	0.8434	0.1466	0.0085191	0.0014809
410	0.84758	0.14242	0.0085614	0.0014386
411	0.83989	0.15011	0.0084838	0.0015162
412	0.83371	0.15629	0.0084213	0.0015787
413	0.82913	0.16087	0.0083751	0.0016249
414	0.8261	0.1639	0.0083444	0.0016556
415	0.82424	0.16576	0.0083256	0.0016744
416	0.82354	0.16646	0.0083186	0.0016814
417	0.82417	0.16583	0.008325	0.001675
418	0.82615	0.16385	0.0083449	0.0016551
419	0.82948	0.16052	0.0083786	0.0016214
420	0.834	0.156	0.0084242	0.0015758
421	0.82614	0.16386	0.0083449	0.0016551
422	0.81961	0.17039	0.0082789	0.0017211
423	0.81435	0.17565	0.0082258	0.0017742
424	0.81053	0.17947	0.0081872	0.0018128
425	0.8081	0.1819	0.0081626	0.0018374
426	0.80719	0.18281	0.0081535	0.0018465
427	0.79021	0.19979	0.0079819	0.0020181
428	0.77538	0.21462	0.0078321	0.0021679
429	0.76222	0.22778	0.0076992	0.0023008
430	0.75119	0.23881	0.0075878	0.0024122
431	0.74167	0.24833	0.0074916	0.0025084
432	0.73357	0.25643	0.0074098	0.0025902
433	0.72685	0.26315	0.0073419	0.0026581
434	0.72169	0.26831	0.0072898	0.0027102
435	0.71804	0.27196	0.0072529	0.0027471
436	0.71563	0.27437	0.0072286	0.0027714
437	0.71467	0.27533	0.0072189	0.0027811
438	0.71535	0.27465	0.0072257	0.0027743
439	0.71724	0.27276	0.0072449	0.0027551
440	0.7206	0.2694	0.0072788	0.0027212
441	0.72547	0.26453	0.0073279	0.0026721
442	0.71541	0.27459	0.0072264	0.0027736
443	0.70681	0.28319	0.0071395	0.0028605
444	0.69961	0.29039	0.0070667	0.0029333
445	0.6942	0.2958	0.0070121	0.0029879
446	0.69008	0.29992	0.0069705	0.0030295
447	0.68764	0.30236	0.0069459	0.0030541
448	0.68645	0.30355	0.0069338	0.0030662
449	0.68672	0.30328	0.0069365	0.0030635
450	0.68822	0.30178	0.0069518	0.0030482
451	0.69098	0.29902	0.0069796	0.0030204
452	0.69501	0.29499	0.0070203	0.0029797
453	0.70031	0.28969	0.0070739	0.0029261
454	0.70696	0.28304	0.007141	0.002859
455	0.71498	0.27502	0.007222	0.002778
456	0.72494	0.26506	0.0073226	0.0026774
457	0.73696	0.25304	0.0074441	0.0025559
458	0.75063	0.23937	0.0075821	0.0024179
459	0.76601	0.22399	0.0077375	0.0022625
460	0.7836	0.2064	0.0079151	0.0020849
461	0.80355	0.18645	0.0081167	0.0018833
462	0.82643	0.16357	0.0083478	0.0016522
463	0.83077	0.15923	0.0083916	0.0016084
464	0.83654	0.15346	0.0084499	0.0015501
465	0.84358	0.14642	0.008521	0.001479
466	0.85234	0.13766	0.0086095	0.0013905
467	0.8625	0.1275	0.0087121	0.0012879
468	0.8746	0.1154	0.0088344	0.0011656
469	0.88881	0.10119	0.0089779	0.0010221
470	0.8903	0.099704	0.0089929	0.0010071
471	0.89299	0.097008	0.0090201	0.00097988
472	0.89693	0.093075	0.0090599	0.00094015
473	0.90197	0.088025	0.0091109	0.00088914
474	0.90816	0.081837	0.0091734	0.00082664
475	0.91572	0.074277	0.0092497	0.00075027
476	0.91412	0.075881	0.0092335	0.00076648
477	0.91349	0.076507	0.0092272	0.0007728
478	0.91398	0.07602	0.0092321	0.00076788
479	0.91546	0.074544	0.009247	0.00075297
480	0.91793	0.072068	0.009272	0.00072796
481	0.92141	0.068587	0.0093072	0.0006928
482	0.92592	0.064075	0.0093528	0.00064722
483	0.9315	0.058502	0.0094091	0.00059093
484	0.92914	0.060861	0.0093852	0.00061476
485	0.92795	0.062046	0.0093733	0.00062673
486	0.92771	0.062287	0.0093708	0.00062916
487	0.92853	0.061471	0.0093791	0.00062092
488	0.93051	0.059486	0.0093991	0.00060087
489	0.93345	0.056546	0.0094288	0.00057118
490	0.92895	0.061046	0.0093834	0.00061663
491	0.92547	0.064525	0.0093482	0.00065177
492	0.92298	0.067019	0.009323	0.00067696
493	0.90905	0.080954	0.0091823	0.00081772
494	0.89714	0.092863	0.009062	0.00093801
495	0.8871	0.1029	0.0089606	0.0010394
496	0.87843	0.11157	0.0088731	0.0011269
497	0.87143	0.11857	0.0088023	0.0011977
498	0.86566	0.12434	0.008744	0.001256
499	0.86126	0.12874	0.0086996	0.0013004
500	0.85819	0.13181	0.0086685	0.0013315
501	0.85623	0.13377	0.0086488	0.0013512
502	0.85555	0.13445	0.0086419	0.0013581
503	0.85599	0.13401	0.0086463	0.0013537
504	0.8577	0.1323	0.0086636	0.0013364
505	0.84712	0.14288	0.0085568	0.0014432
506	0.83797	0.15203	0.0084643	0.0015357
507	0.83018	0.15982	0.0083857	0.0016143
508	0.8237	0.1663	0.0083202	0.0016798
509	0.81868	0.17132	0.0082695	0.0017305
510	0.8149	0.1751	0.0082313	0.0017687
511	0.81231	0.17769	0.0082051	0.0017949
512	0.81088	0.17912	0.0081907	0.0018093
513	0.81097	0.17903	0.0081917	0.0018083
514	0.81224	0.17776	0.0082044	0.0017956
515	0.81468	0.17532	0.0082291	0.0017709
516	0.81867	0.17133	0.0082694	0.0017306
517	0.80936	0.18064	0.0081753	0.0018247
518	0.80167	0.18833	0.0080977	0.0019023
519	0.79572	0.19428	0.0080375	0.0019625
520	0.79103	0.19897	0.0079903	0.0020097
521	0.7878	0.2022	0.0079575	0.0020425
522	0.78577	0.20423	0.0079371	0.0020629
523	0.78495	0.20505	0.0079287	0.0020713
524	0.78531	0.20469	0.0079325	0.0020675
525	0.78724	0.20276	0.0079519	0.0020481
526	0.79075	0.19925	0.0079874	0.0020126
527	0.78059	0.20941	0.0078847	0.0021153
528	0.77185	0.21815	0.0077965	0.0022035
529	0.73719	0.25281	0.0074463	0.0025537
530	0.70555	0.28445	0.0071267	0.0028733
531	0.67722	0.31278	0.0068406	0.0031594
532	0.65141	0.33859	0.0065799	0.0034201
533	0.62841	0.36159	0.0063476	0.0036524
534	0.60759	0.38241	0.0061373	0.0038627
535	0.58952	0.40048	0.0059547	0.0040453
536	0.57329	0.41671	0.0057908	0.0042092
537	0.55881	0.43119	0.0056445	0.0043555
538	0.54596	0.44404	0.0055147	0.0044853
539	0.53465	0.45535	0.0054005	0.0045995
540	0.52478	0.46522	0.0053008	0.0046992
541	0.51629	0.47371	0.005215	0.004785
542	0.50961	0.48039	0.0051476	0.0048524
543	0.50446	0.48554	0.0050955	0.0049045
544	0.47547	0.51453	0.0048027	0.0051973
545	0.4489	0.5411	0.0045344	0.0054656
546	0.42458	0.56542	0.0042887	0.0057113
547	0.40233	0.58767	0.004064	0.005936
548	0.38278	0.60722	0.0038665	0.0061335
549	0.36567	0.62433	0.0036937	0.0063063
550	0.35013	0.63987	0.0035367	0.0064633
551	0.33605	0.65395	0.0033945	0.0066055
552	0.32392	0.66608	0.0032719	0.0067281
553	0.31306	0.67694	0.0031622	0.0068378
554	0.30337	0.68663	0.0030643	0.0069357
555	0.29478	0.69522	0.0029775	0.0070225
556	0.28723	0.70277	0.0029013	0.0070987
557	0.28067	0.70933	0.0028351	0.0071649
558	0.27506	0.71494	0.0027784	0.0072216
559	0.27037	0.71963	0.002731	0.007269
560	0.26698	0.72302	0.0026967	0.0073033
561	0.26466	0.72534	0.0026733	0.0073267
562	0.26339	0.72661	0.0026605	0.0073395
563	0.26294	0.72706	0.002656	0.007344
564	0.26371	0.72629	0.0026637	0.0073363
565	0.26528	0.72472	0.0026796	0.0073204
566	0.26791	0.72209	0.0027062	0.0072938
567	0.27139	0.71861	0.0027413	0.0072587
568	0.27597	0.71403	0.0027876	0.0072124
569	0.28191	0.70809	0.0028476	0.0071524
570	0.28928	0.70072	0.002922	0.007078
571	0.29818	0.69182	0.003012	0.006988
572	0.30822	0.68178	0.0031133	0.0068867
573	0.31974	0.67026	0.0032297	0.0067703
574	0.33253	0.65747	0.0033589	0.0066411
575	0.34704	0.64296	0.0035054	0.0064946
576	0.36305	0.62695	0.0036672	0.0063328
577	0.38139	0.60861	0.0038524	0.0061476
578	0.40148	0.58852	0.0040554	0.0059446
579	0.42348	0.56652	0.0042776	0.0057224
580	0.44844	0.54156	0.0045297	0.0054703
581	0.47568	0.51432	0.0048049	0.0051951
582	0.50544	0.48456	0.0051055	0.0048945
583	0.51107	0.47893	0.0051623	0.0048377
584	0.51847	0.47153	0.0052371	0.0047629
585	0.52721	0.46279	0.0053253	0.0046747
586	0.51883	0.47117	0.0052407	0.0047593
587	0.51179	0.47821	0.0051696	0.0048304
588	0.50649	0.48351	0.0051161	0.0048839
589	0.50241	0.48759	0.0050748	0.0049252
590	0.49952	0.49048	0.0050457	0.0049543
591	0.49782	0.49218	0.0050284	0.0049716
592	0.49727	0.49273	0.005023	0.004977
593	0.49813	0.49187	0.0050316	0.0049684
594	0.50061	0.48939	0.0050566	0.0049434
595	0.50427	0.48573	0.0050936	0.0049064
596	0.50915	0.48085	0.0051429	0.0048571
597	0.51526	0.47474	0.0052047	0.0047953
598	0.52293	0.46707	0.0052821	0.0047179
599	0.53224	0.45776	0.0053762	0.0046238
600	0.54354	0.44646	0.0054903	0.0045097
601	0.55697	0.43303	0.005626	0.004374
602	0.57271	0.41729	0.005785	0.004215
603	0.59027	0.39973	0.0059623	0.0040377
604	0.58947	0.40053	0.0059543	0.0040457
605	0.59034	0.39966	0.005963	0.004037
606	0.59241	0.39759	0.0059839	0.0040161
607	0.59596	0.39404	0.0060198	0.0039802
608	0.60078	0.38922	0.0060685	0.0039315
609	0.60689	0.38311	0.0061302	0.0038698
610	0.61432	0.37568	0.0062053	0.0037947
611	0.62367	0.36633	0.0062997	0.0037003
612	0.61668	0.37332	0.0062291	0.0037709
613	0.61128	0.37872	0.0061746	0.0038254
614	0.60717	0.38283	0.006133	0.003867
615	0.60432	0.38568	0.0061043	0.0038957
616	0.60271	0.38729	0.006088	0.003912
617	0.60231	0.38769	0.006084	0.003916
618	0.60358	0.38642	0.0060967	0.0039033
619	0.60605	0.38395	0.0061218	0.0038782
620	0.61003	0.37997	0.0061619	0.0038381
621	0.61553	0.37447	0.0062175	0.0037825
622	0.60431	0.38569	0.0061041	0.0038959
623	0.59456	0.39544	0.0060056	0.0039944
624	0.58651	0.40349	0.0059243	0.0040757
625	0.58008	0.40992	0.0058593	0.0041407
626	0.57495	0.41505	0.0058076	0.0041924
627	0.57109	0.41891	0.0057686	0.0042314
628	0.56892	0.42108	0.0057466	0.0042534
629	0.56794	0.42206	0.0057368	0.0042632
630	0.56841	0.42159	0.0057415	0.0042585
631	0.57034	0.41966	0.005761	0.004239
632	0.57349	0.41651	0.0057928	0.0042072
633	0.57787	0.41213	0.0058371	0.0041629
634	0.58352	0.40648	0.0058941	0.0041059
635	0.59075	0.39925	0.0059672	0.0040328
636	0.59964	0.39036	0.006057	0.003943
637	0.61052	0.37948	0.0061669	0.0038331
638	0.62296	0.36704	0.0062925	0.0037075
639	0.63702	0.35298	0.0064346	0.0035654
640	0.65348	0.33652	0.0066008	0.0033992
641	0.65213	0.33787	0.0065872	0.0034128
642	0.652	0.338	0.0065859	0.0034141
643	0.65312	0.33688	0.0065971	0.0034029
644	0.65547	0.33453	0.0066209	0.0033791
645	0.65953	0.33047	0.0066619	0.0033381
646	0.64745	0.34255	0.0065399	0.0034601
647	0.63693	0.35307	0.0064337	0.0035663
648	0.6284	0.3616	0.0063474	0.0036526
649	0.62125	0.36875	0.0062753	0.0037247
650	0.6157	0.3743	0.0062192	0.0037808
651	0.61144	0.37856	0.0061762	0.0038238
652	0.60843	0.38157	0.0061458	0.0038542
653	0.6069	0.3831	0.0061303	0.0038697
654	0.60659	0.38341	0.0061272	0.0038728
655	0.6075	0.3825	0.0061363	0.0038637
656	0.60987	0.38013	0.0061603	0.0038397
657	0.6135	0.3765	0.006197	0.003803
658	0.61886	0.37114	0.0062511	0.0037489
659	0.62553	0.36447	0.0063185	0.0036815
660	0.63358	0.35642	0.0063998	0.0036002
661	0.64304	0.34696	0.0064953	0.0035047
662	0.65428	0.33572	0.0066089	0.0033911
663	0.66743	0.32257	0.0067417	0.0032583
664	0.68228	0.30772	0.0068917	0.0031083
665	0.6996	0.2904	0.0070666	0.0029334
666	0.71927	0.27073	0.0072653	0.0027347
667	0.74107	0.24893	0.0074856	0.0025144
668	0.74373	0.24627	0.0075124	0.0024876
669	0.74762	0.24238	0.0075518	0.0024482
670	0.75302	0.23698	0.0076063	0.0023937
671	0.75997	0.23003	0.0076765	0.0023235
672	0.76876	0.22124	0.0077652	0.0022348
673	0.77899	0.21101	0.0078686	0.0021314
674	0.79127	0.19873	0.0079926	0.0020074
675	0.80518	0.18482	0.0081331	0.0018669
676	0.82142	0.16858	0.0082972	0.0017028
677	0.83957	0.15043	0.0084806	0.0015194
678	0.85976	0.13024	0.0086844	0.0013156
679	0.88286	0.10714	0.0089178	0.0010822
680	0.90836	0.081636	0.0091754	0.0008246
681	0.91557	0.074429	0.0092482	0.00075181
682	0.924	0.065999	0.0093333	0.00066665
683	0.93371	0.056287	0.0094314	0.00056855
684	0.94477	0.045226	0.0095432	0.00045682
685	0.95726	0.032738	0.0096693	0.00033069
686	0.96031	0.02969	0.0097001	0.0002999
687	0.96444	0.025562	0.0097418	0.0002582
688	0.96949	0.020506	0.0097929	0.00020713
689	0.96952	0.020479	0.0097931	0.00020686
690	0.97029	0.019711	0.0098009	0.00019911
691	0.9718	0.018198	0.0098162	0.00018381
692	0.97421	0.015786	0.0098405	0.00015945
693	0.97741	0.012589	0.0098728	0.00012716
694	0.9815	0.0085026	0.0099141	8.5885e-05
695	0.98206	0.0079395	0.0099198	8.0197e-05
696	0.98335	0.006647	0.0099329	6.7141e-05
697	0.9853	0.0047026	0.0099525	4.7501e-05
698	0.98796	0.0020376	0.0099794	2.0582e-05
699	0.98872	0.0012827	0.009987	1.2957e-05
700	0.98864	0.0013619	0.0099862	1.3757e-05
701	0.98763	0.0023652	0.0099761	2.3891e-05
702	0.98724	0.0027635	0.0099721	2.7914e-05
703	0.98739	0.0026086	0.0099737	2.635e-05
704	0.9881	0.0018995	0.0099808	1.9187e-05
705	0.98524	0.0047627	0.0099519	4.8108e-05
706	0.98305	0.0069454	0.0099298	7.0156e-05
707	0.98154	0.0084587	0.0099146	8.5441e-05
708	0.98069	0.0093133	0.0099059	9.4074e-05
709	0.97599	0.014007	0.0098585	0.00014148
710	0.97224	0.017759	0.0098206	0.00017938
711	0.96931	0.020695	0.009791	0.00020904
712	0.96725	0.02275	0.0097702	0.0002298
713	0.96597	0.024028	0.0097573	0.0002427
714	0.96554	0.024455	0.009753	0.00024702
715	0.96603	0.023974	0.0097578	0.00024216
716	0.96728	0.022717	0.0097705	0.00022946
717	0.96932	0.020683	0.0097911	0.00020891
718	0.96692	0.023079	0.0097669	0.00023312
719	0.9654	0.024601	0.0097515	0.00024849
720	0.9648	0.025199	0.0097455	0.00025454
721	0.96512	0.024882	0.0097487	0.00025133
722	0.96621	0.023792	0.0097597	0.00024032
723	0.96808	0.021922	0.0097786	0.00022143
724	0.9709	0.019102	0.0098071	0.00019295
725	0.97454	0.015456	0.0098439	0.00015612
726	0.97404	0.015964	0.0098387	0.00016125
727	0.96879	0.021213	0.0097857	0.00021427
728	0.96456	0.025441	0.009743	0.00025698
729	0.96122	0.028785	0.0097092	0.00029076
730	0.95873	0.031268	0.0096842	0.00031584
731	0.95718	0.03282	0.0096685	0.00033151
732	0.95645	0.03355	0.0096611	0.00033889
733	0.95654	0.033464	0.009662	0.00033802
734	0.95761	0.03239	0.0096728	0.00032718
735	0.95951	0.030491	0.009692	0.00030799
736	0.96243	0.027571	0.0097215	0.0002785
737	0.96641	0.023595	0.0097617	0.00023833
738	0.97149	0.01851	0.009813	0.00018696
739	0.96582	0.024177	0.0097558	0.00024421
740	0.96122	0.028779	0.0097093	0.0002907
741	0.95772	0.032277	0.009674	0.00032603
742	0.95529	0.034714	0.0096494	0.00035065
743	0.9537	0.036301	0.0096333	0.00036668
744	0.95295	0.037049	0.0096258	0.00037423
745	0.94505	0.044947	0.009546	0.00045401
746	0.93858	0.05142	0.0094806	0.0005194
747	0.93318	0.05682	0.0094261	0.00057394
748	0.92907	0.060928	0.0093846	0.00061543
749	0.92596	0.06404	0.0093531	0.00064687
750	0.92406	0.06594	0.0093339	0.00066606
751	0.92312	0.066876	0.0093245	0.00067552
752	0.92327	0.066735	0.0093259	0.00067409
753	0.92436	0.065635	0.009337	0.00066298
754	0.92642	0.06358	0.0093578	0.00064222
755	0.92946	0.060544	0.0093884	0.00061156
756	0.93349	0.056506	0.0094292	0.00057076
757	0.93855	0.051447	0.0094803	0.00051967
758	0.94468	0.045322	0.0095422	0.0004578
759	0.9522	0.0378	0.0096182	0.00038182
760	0.95257	0.037428	0.0096219	0.00037806
761	0.94605	0.043955	0.009556	0.00044399
762	0.94058	0.049425	0.0095008	0.00049924
763	0.93612	0.053876	0.0094558	0.0005442
764	0.93279	0.057207	0.0094222	0.00057785
765	0.93043	0.059568	0.0093983	0.0006017
766	0.92902	0.060978	0.0093841	0.00061594
767	0.92867	0.06133	0.0093805	0.0006195
768	0.92925	0.060754	0.0093863	0.00061367
769	0.93098	0.059017	0.0094039	0.00059614
770	0.93368	0.056323	0.0094311	0.00056892
771	0.92883	0.061173	0.0093821	0.00061791
772	0.92514	0.064856	0.0093449	0.00065511
773	0.92246	0.067537	0.0093178	0.00068219
774	0.92076	0.069244	0.0093006	0.00069943
775	0.92025	0.069751	0.0092954	0.00070456
776	0.92071	0.069293	0.0093001	0.00069993
777	0.92213	0.067867	0.0093145	0.00068552
778	0.92453	0.065472	0.0093387	0.00066133
779	0.92816	0.061838	0.0093754	0.00062463
780	0.93282	0.057176	0.0094225	0.00057753
781	0.93869	0.051307	0.0094817	0.00051825
782	0.93704	0.052961	0.009465	0.00053496
783	0.9365	0.053496	0.0094596	0.00054037
784	0.93688	0.053121	0.0094634	0.00053658
785	0.93837	0.05163	0.0094785	0.00052151
786	0.94078	0.049221	0.0095028	0.00049719
787	0.94412	0.04588	0.0095366	0.00046343
788	0.94855	0.04145	0.0095813	0.00041869
789	0.95398	0.036017	0.0096362	0.00036381
790	0.96059	0.029406	0.009703	0.00029703
791	0.9683	0.021697	0.0097808	0.00021916
792	0.9696	0.0204	0.0097939	0.00020606
793	0.97167	0.018332	0.0098148	0.00018517
794	0.97452	0.015479	0.0098436	0.00015635
795	0.97817	0.011827	0.0098805	0.00011947
796	0.97827	0.011733	0.0098815	0.00011851
797	0.97904	0.010962	0.0098893	0.00011073
798	0.97659	0.013411	0.0098645	0.00013546
799	0.97488	0.015124	0.0098472	0.00015277
800	0.97395	0.016052	0.0098379	0.00016214
801	0.97385	0.016152	0.0098368	0.00016315
802	0.97446	0.015539	0.009843	0.00015696
803	0.97585	0.014147	0.0098571	0.0001429
804	0.97797	0.012025	0.0098785	0.00012147
805	0.98084	0.0091597	0.0099075	9.2522e-05
806	0.98065	0.0093483	0.0099056	9.4428e-05
807	0.9812	0.0088016	0.0099111	8.8905e-05
808	0.97893	0.011068	0.0098882	0.0001118
809	0.97748	0.012518	0.0098736	0.00012644
810	0.97673	0.013272	0.0098659	0.00013406
811	0.97148	0.018516	0.009813	0.00018703
812	0.96725	0.022753	0.0097702	0.00022982
813	0.96388	0.026125	0.0097361	0.00026388
814	0.96135	0.028655	0.0097106	0.00028944
815	0.95965	0.030354	0.0096934	0.00030661
816	0.95877	0.031234	0.0096845	0.00031549
817	0.95869	0.031308	0.0096838	0.00031624
818	0.95951	0.030486	0.0096921	0.00030794
819	0.96115	0.028853	0.0097086	0.00029144
820	0.9575	0.032499	0.0096717	0.00032828
821	0.95474	0.035257	0.0096439	0.00035613
822	0.95285	0.037152	0.0096247	0.00037527
823	0.9518	0.038199	0.0096142	0.00038585
824	0.9517	0.038305	0.0096131	0.00038692
825	0.95243	0.037571	0.0096205	0.00037951
826	0.95411	0.035891	0.0096375	0.00036254
827	0.95675	0.033248	0.0096642	0.00033584
828	0.96027	0.029725	0.0096997	0.00030026
829	0.95829	0.031711	0.0096797	0.00032032
830	0.95713	0.032872	0.009668	0.00033204
831	0.95678	0.033216	0.0096645	0.00033552
832	0.94938	0.040616	0.0095897	0.00041026
833	0.94335	0.046646	0.0095288	0.00047117
834	0.93836	0.051638	0.0094784	0.0005216
835	0.91982	0.070182	0.0092911	0.00070891
836	0.90316	0.086838	0.0091228	0.00087715
837	0.88855	0.10145	0.0089753	0.0010247
838	0.87556	0.11444	0.008844	0.001156
839	0.86457	0.12543	0.008733	0.001267
840	0.85502	0.13498	0.0086366	0.0013634
841	0.82119	0.16881	0.0082948	0.0017052
842	0.7903	0.1997	0.0079829	0.0020171
843	0.76215	0.22785	0.0076985	0.0023015
844	0.73742	0.25258	0.0074487	0.0025513
845	0.7158	0.2742	0.0072303	0.0027697
846	0.6963	0.2937	0.0070334	0.0029666
847	0.67876	0.31124	0.0068562	0.0031438
848	0.66342	0.32658	0.0067012	0.0032988
849	0.64977	0.34023	0.0065634	0.0034366
850	0.63774	0.35226	0.0064418	0.0035582
851	0.62723	0.36277	0.0063357	0.0036643
852	0.61818	0.37182	0.0062442	0.0037558
853	0.61102	0.37898	0.0061719	0.0038281
854	0.57719	0.41281	0.0058302	0.0041698
855	0.54624	0.44376	0.0055176	0.0044824
856	0.51791	0.47209	0.0052314	0.0047686
857	0.49293	0.49707	0.0049791	0.0050209
858	0.47012	0.51988	0.0047487	0.0052513
859	0.45013	0.53987	0.0045468	0.0054532
860	0.43197	0.55803	0.0043634	0.0056366
861	0.41552	0.57448	0.0041971	0.0058029
862	0.4013	0.5887	0.0040535	0.0059465
863	0.38856	0.60144	0.0039248	0.0060752
864	0.3775	0.6125	0.0038131	0.0061869
865	0.36771	0.62229	0.0037143	0.0062857
866	0.35915	0.63085	0.0036278	0.0063722
867	0.35175	0.63825	0.003553	0.006447
868	0.34546	0.64454	0.0034895	0.0065105
869	0.34048	0.64952	0.0034392	0.0065608
870	0.33695	0.65305	0.0034036	0.0065964
871	0.33484	0.65516	0.0033822	0.0066178
872	0.33369	0.65631	0.0033706	0.0066294
873	0.33348	0.65652	0.0033685	0.0066315
874	0.33421	0.65579	0.0033759	0.0066241
875	0.33613	0.65387	0.0033952	0.0066048
876	0.33902	0.65098	0.0034244	0.0065756
877	0.34291	0.64709	0.0034637	0.0065363
878	0.34782	0.64218	0.0035133	0.0064867
879	0.35404	0.63596	0.0035761	0.0064239
880	0.36163	0.62837	0.0036528	0.0063472
881	0.37039	0.61961	0.0037413	0.0062587
882	0.3804	0.6096	0.0038424	0.0061576
883	0.39168	0.59832	0.0039564	0.0060436
884	0.40436	0.58564	0.0040844	0.0059156
885	0.41848	0.57152	0.0042271	0.0057729
886	0.43419	0.55581	0.0043858	0.0056142
887	0.45159	0.53841	0.0045615	0.0054385
888	0.4708	0.5192	0.0047556	0.0052444
889	0.47033	0.51967	0.0047508	0.0052492
890	0.471	0.519	0.0047576	0.0052424
891	0.47282	0.51718	0.0047759	0.0052241
892	0.47602	0.51398	0.0048083	0.0051917
893	0.48041	0.50959	0.0048527	0.0051473
894	0.486	0.504	0.004909	0.005091
895	0.49332	0.49668	0.004983	0.005017
896	0.50194	0.48806	0.0050701	0.0049299
897	0.51223	0.47777	0.0051741	0.0048259
898	0.5243	0.4657	0.0052959	0.0047041
899	0.53793	0.45207	0.0054336	0.0045664
900	0.5532	0.4368	0.0055878	0.0044122
901	0.57021	0.41979	0.0057597	0.0042403
902	0.5895	0.4005	0.0059545	0.0040455
903	0.61163	0.37837	0.006178	0.003822
904	0.63598	0.35402	0.006424	0.003576
905	0.66277	0.32723	0.0066946	0.0033054
906	0.69271	0.29729	0.0069971	0.0030029
907	0.69911	0.29089	0.0070617	0.0029383
908	0.70713	0.28287	0.0071427	0.0028573
909	0.71659	0.27341	0.0072383	0.0027617
910	0.72753	0.26247	0.0073488	0.0026512
911	0.74007	0.24993	0.0074754	0.0025246
912	0.75428	0.23572	0.007619	0.002381
913	0.77089	0.21911	0.0077867	0.0022133
914	0.7894	0.2006	0.0079737	0.0020263
915	0.81036	0.17964	0.0081854	0.0018146
916	0.83397	0.15603	0.008424	0.001576
917	0.85999	0.13001	0.0086868	0.0013132
918	0.88956	0.10044	0.0089854	0.0010146
919	0.8978	0.092202	0.0090687	0.00093133
920	0.90737	0.082634	0.0091653	0.00083469
921	0.91874	0.071257	0.0092802	0.00071976
922	0.9196	0.070396	0.0092889	0.00071107
923	0.92157	0.068434	0.0093087	0.00069125
924	0.92476	0.065237	0.009341	0.00065896
925	0.92923	0.060766	0.0093862	0.00061379
926	0.93477	0.055231	0.0094421	0.00055789
927	0.94169	0.048308	0.009512	0.00048796
928	0.95009	0.039909	0.0095969	0.00040312
929	0.95974	0.030264	0.0096943	0.0003057
930	0.97069	0.019305	0.009805	0.000195
931	0.97371	0.016289	0.0098355	0.00016453
932	0.97755	0.012453	0.0098742	0.00012579
933	0.98222	0.0077774	0.0099214	7.856e-05
934	0.97986	0.010139	0.0098976	0.00010242
935	0.97821	0.011794	0.0098809	0.00011914
936	0.97735	0.012653	0.0098722	0.00012781
937	0.9718	0.018197	0.0098162	0.00018381
938	0.96718	0.022816	0.0097695	0.00023046
939	0.96363	0.026365	0.0097337	0.00026631
940	0.96111	0.02889	0.0097082	0.00029182
941	0.95942	0.030584	0.0096911	0.00030892
942	0.95854	0.031463	0.0096822	0.00031781
943	0.95052	0.039481	0.0096012	0.0003988
944	0.94392	0.046084	0.0095345	0.00046549
945	0.93864	0.051357	0.0094812	0.00051876
946	0.93438	0.055615	0.0094382	0.00056177
947	0.93112	0.058877	0.0094053	0.00059472
948	0.92883	0.061167	0.0093822	0.00061785
949	0.92749	0.062511	0.0093686	0.00063142
950	0.92721	0.062792	0.0093657	0.00063426
951	0.92786	0.062139	0.0093723	0.00062766
952	0.92945	0.060547	0.0093884	0.00061159
953	0.932	0.057997	0.0094142	0.00058582
954	0.93553	0.054468	0.0094498	0.00055018
955	0.94006	0.049936	0.0094956	0.00050441
956	0.94563	0.044369	0.0095518	0.00044818
957	0.95242	0.037583	0.0096204	0.00037962
958	0.96049	0.029509	0.0097019	0.00029807
959	0.9615	0.028503	0.0097121	0.00028791
960	0.96331	0.026692	0.0097304	0.00026961
961	0.96594	0.024064	0.0097569	0.00024307
962	0.9695	0.020502	0.0097929	0.00020709
963	0.97403	0.015971	0.0098387	0.00016132
964	0.96867	0.021334	0.0097845	0.0002155
965	0.96423	0.02577	0.0097397	0.0002603
966	0.96069	0.029309	0.009704	0.00029605
967	0.95802	0.031977	0.009677	0.000323
968	0.9563	0.033704	0.0096596	0.00034044
969	0.9554	0.034601	0.0096505	0.00034951
970	0.95532	0.034675	0.0096497	0.00035026
971	0.95617	0.033832	0.0096583	0.00034174
972	0.95784	0.032159	0.0096752	0.00032484
973	0.95381	0.036191	0.0096344	0.00036556
974	0.9508	0.039198	0.0096041	0.00039594
975	0.94879	0.041211	0.0095837	0.00041628
976	0.9378	0.052203	0.0094727	0.0005273
977	0.92814	0.061855	0.0093752	0.0006248
978	0.91976	0.070236	0.0092905	0.00070945
979	0.9126	0.077403	0.0092181	0.00078185
980	0.90661	0.083394	0.0091576	0.00084236
981	0.90204	0.087962	0.0091115	0.00088851
982	0.89883	0.091169	0.0090791	0.0009209
983	0.89667	0.09333	0.0090573	0.00094273
984	0.89554	0.094462	0.0090458	0.00095416
985	0.89543	0.094571	0.0090447	0.00095526
986	0.89635	0.093648	0.0090541	0.00094594
987	0.89846	0.091543	0.0090753	0.00092468
