#coord	neutral	conserved	gBGC.neutral	gBGC.conserved
1	0.9031	0.095828	0.00097135	0.00010332
2	0.91081	0.088115	0.00097695	9.4748e-05
3	0.91981	0.079121	0.0009839	8.4839e-05
4	0.93038	0.068554	0.00099245	7.3317e-05
5	0.94263	0.056311	0.0010027	6.0084e-05
6	0.95689	0.042049	0.001015	4.48e-05
7	0.97284	0.026102	0.001029	2.7798e-05
8	0.97764	0.021308	0.0010312	2.2659e-05
9	0.98338	0.015568	0.0010343	1.6544e-05
10	0.98419	0.014763	0.0010323	1.5663e-05
11	0.98104	0.017911	0.001026	1.8946e-05
12	0.97869	0.020264	0.0010206	2.1374e-05
13	0.9772	0.02176	0.0010162	2.2897e-05
14	0.97648	0.022486	0.0010125	2.3605e-05
15	0.97651	0.022452	0.0010097	2.3517e-05
16	0.97135	0.027616	0.0010014	2.884e-05
17	0.95365	0.045326	0.00098016	4.715e-05
18	0.93773	0.061246	0.0009609	6.3487e-05
19	0.92352	0.075463	0.00094351	7.7961e-05
20	0.91135	0.087633	0.00092829	9.0267e-05
21	0.90064	0.09834	0.00091465	0.00010099
22	0.89156	0.10743	0.00090271	0.00011002
23	0.8838	0.1152	0.00089219	0.00011763
24	0.87729	0.1217	0.00088301	0.00012391
25	0.872	0.127	0.00087511	0.00012892
26	0.8679	0.1311	0.00086847	0.00013269
27	0.86527	0.13373	0.0008633	0.00013497
28	0.86409	0.13492	0.00085957	0.0001358
29	0.86401	0.135	0.00085697	0.00013551
30	0.86522	0.1338	0.00085563	0.00013396
31	0.86754	0.13148	0.0008554	0.0001313
32	0.87099	0.12803	0.0008563	0.00012752
33	0.8756	0.12342	0.00085834	0.00012262
34	0.86901	0.13001	0.00084935	0.00012875
35	0.86384	0.13518	0.00084177	0.00013346
36	0.85986	0.13916	0.00083541	0.00013697
37	0.85722	0.14181	0.00083035	0.00013917
38	0.85573	0.1433	0.00082644	0.00014022
39	0.85536	0.14368	0.00082364	0.00014017
40	0.8561	0.14294	0.00082194	0.00013903
41	0.85799	0.14106	0.00082136	0.00013679
42	0.86101	0.13804	0.00082188	0.00013346
43	0.86519	0.13386	0.0008235	0.00012903
44	0.87055	0.1285	0.00082626	0.00012348
45	0.87714	0.12191	0.00083018	0.00011678
46	0.88501	0.11405	0.00083528	0.00010889
47	0.89442	0.10464	0.0008418	9.9591e-05
48	0.90569	0.093373	0.00084999	8.8607e-05
49	0.91846	0.080605	0.00085955	7.6253e-05
50	0.93285	0.06622	0.0008706	6.2433e-05
51	0.94949	0.049578	0.00088365	4.6593e-05
52	0.96799	0.031087	0.00089837	2.9096e-05
53	0.97346	0.025619	0.00090083	2.3875e-05
54	0.9664	0.032682	0.00089164	3.0286e-05
55	0.96065	0.038429	0.00088368	3.5457e-05
56	0.95615	0.042935	0.00087687	3.9466e-05
57	0.95262	0.046471	0.00087099	4.2555e-05
58	0.95014	0.048951	0.00086608	4.4667e-05
59	0.94878	0.050307	0.00086219	4.5751e-05
60	0.94854	0.050557	0.00085929	4.5831e-05
61	0.94919	0.04991	0.00085722	4.5093e-05
62	0.95074	0.048362	0.00085598	4.3539e-05
63	0.95332	0.045782	0.00085563	4.1073e-05
64	0.95706	0.042045	0.0008563	3.7593e-05
65	0.96201	0.037104	0.00085799	3.3066e-05
66	0.96797	0.03114	0.00086059	2.765e-05
67	0.97514	0.023971	0.00086421	2.1205e-05
68	0.97604	0.023079	0.00086225	2.034e-05
69	0.97786	0.021263	0.00086109	1.8671e-05
70	0.98063	0.018498	0.00086074	1.6184e-05
71	0.98438	0.014749	0.00086121	1.2858e-05
72	0.98916	0.0099686	0.00086255	8.6585e-06
73	0.98985	0.0092768	0.0008603	8.0335e-06
74	0.99127	0.0078679	0.00085866	6.794e-06
75	0.99336	0.00578	0.00085761	4.9737e-06
76	0.99314	0.0059979	0.00085456	5.1471e-06
77	0.99358	0.0055661	0.00085205	4.764e-06
78	0.99463	0.0045185	0.00085008	3.8549e-06
79	0.99383	0.0053188	0.00084651	4.5261e-06
80	0.99364	0.0055151	0.00084348	4.6777e-06
81	0.99405	0.0051087	0.00084097	4.3162e-06
82	0.99237	0.0067902	0.00083669	5.7177e-06
83	0.98645	0.012707	0.00082884	1.0669e-05
84	0.98146	0.017701	0.00082182	1.4809e-05
85	0.97746	0.021705	0.00081564	1.8098e-05
86	0.97441	0.024761	0.00081026	2.0578e-05
87	0.97235	0.026825	0.0008057	2.2224e-05
88	0.97109	0.028082	0.00080184	2.3187e-05
89	0.97072	0.028454	0.00079869	2.3417e-05
90	0.9713	0.027876	0.00079632	2.287e-05
91	0.97284	0.02634	0.00079471	2.1548e-05
92	0.9752	0.023984	0.00079377	1.9563e-05
93	0.97281	0.026375	0.00078895	2.1451e-05
94	0.96216	0.037031	0.00077745	3.0022e-05
95	0.9528	0.046391	0.00076709	3.7474e-05
96	0.945	0.054194	0.00075801	4.3629e-05
97	0.93836	0.060842	0.00074992	4.8804e-05
98	0.93311	0.066094	0.00074296	5.2834e-05
99	0.92919	0.07002	0.00073708	5.5784e-05
100	0.9263	0.072913	0.00073205	5.7887e-05
101	0.92455	0.074668	0.00072792	5.9079e-05
102	0.92392	0.0753	0.00072467	5.9384e-05
103	0.92428	0.074942	0.00072221	5.8904e-05
104	0.92587	0.073355	0.0007207	5.7473e-05
105	0.92846	0.070761	0.00071997	5.5263e-05
106	0.93207	0.067155	0.00072003	5.2278e-05
107	0.93673	0.0625	0.00072089	4.8498e-05
108	0.94246	0.056773	0.00072256	4.3915e-05
109	0.9405	0.058739	0.00071829	4.527e-05
110	0.93948	0.059755	0.00071476	4.5885e-05
111	0.9394	0.059839	0.00071197	4.5779e-05
112	0.93043	0.068817	0.0007024	5.2431e-05
113	0.92272	0.07653	0.00069387	5.8067e-05
114	0.9162	0.083048	0.00068629	6.275e-05
115	0.91084	0.088416	0.00067963	6.6527e-05
116	0.90675	0.092504	0.00067394	6.9325e-05
117	0.9039	0.095355	0.00066918	7.1187e-05
118	0.90212	0.09714	0.00066523	7.2236e-05
119	0.90154	0.09773	0.00066217	7.2399e-05
120	0.90214	0.09713	0.00065996	7.1692e-05
121	0.90378	0.09549	0.00065853	7.0222e-05
122	0.90647	0.0928	0.00065787	6.799e-05
123	0.91024	0.089041	0.00065798	6.4991e-05
124	0.90452	0.09476	0.0006512	6.888e-05
125	0.89994	0.099341	0.00064529	7.1909e-05
126	0.89647	0.10282	0.00064021	7.411e-05
127	0.89408	0.10521	0.00063593	7.5513e-05
128	0.89292	0.10637	0.00063253	7.6035e-05
129	0.8931	0.10619	0.00063008	7.5606e-05
130	0.89463	0.10467	0.00062855	7.4235e-05
131	0.89724	0.10206	0.00062779	7.2108e-05
132	0.90094	0.098368	0.00062778	6.9229e-05
133	0.90574	0.093563	0.00062855	6.5591e-05
134	0.91203	0.087281	0.00063029	6.0963e-05
135	0.91953	0.079782	0.00063286	5.5522e-05
136	0.91753	0.081782	0.00062885	5.6666e-05
137	0.91669	0.082631	0.00062563	5.7015e-05
138	0.91685	0.08247	0.00062311	5.6664e-05
139	0.91803	0.081297	0.00062129	5.5622e-05
140	0.92022	0.079105	0.00062018	5.389e-05
141	0.92345	0.075878	0.00061976	5.1468e-05
142	0.92774	0.071591	0.00062004	4.8347e-05
143	0.93312	0.066216	0.00062105	4.4515e-05
144	0.93961	0.059726	0.00062279	3.9964e-05
145	0.94744	0.051895	0.00062536	3.4566e-05
146	0.95686	0.042488	0.00062891	2.8178e-05
147	0.96758	0.031769	0.00063329	2.0972e-05
148	0.96976	0.029592	0.00063198	1.9442e-05
149	0.97279	0.026564	0.00063123	1.7367e-05
150	0.97688	0.022472	0.00063113	1.4623e-05
151	0.97612	0.023235	0.00062786	1.5045e-05
152	0.97613	0.023234	0.0006251	1.4968e-05
153	0.97704	0.022325	0.0006229	1.4316e-05
154	0.97873	0.020639	0.0006212	1.317e-05
155	0.98129	0.018083	0.00062003	1.1487e-05
156	0.97958	0.019787	0.00061617	1.2503e-05
157	0.97865	0.020728	0.00061281	1.3028e-05
158	0.97853	0.020845	0.00060996	1.3036e-05
159	0.97917	0.020208	0.00060758	1.2572e-05
160	0.9807	0.018681	0.00060574	1.1565e-05
161	0.97798	0.021403	0.00060127	1.3183e-05
162	0.97607	0.023321	0.00059731	1.4291e-05
163	0.97508	0.024308	0.00059392	1.4823e-05
164	0.97502	0.024378	0.00059107	1.4797e-05
165	0.97587	0.023531	0.00058877	1.4219e-05
166	0.97764	0.021756	0.00058701	1.3092e-05
167	0.98022	0.01918	0.00058572	1.1493e-05
168	0.9837	0.015702	0.00058495	9.3749e-06
169	0.98306	0.016346	0.00058172	9.7164e-06
170	0.9777	0.021707	0.0005757	1.2847e-05
171	0.97338	0.026032	0.0005703	1.5341e-05
172	0.95803	0.04139	0.00055847	2.4275e-05
173	0.94477	0.054655	0.00054793	3.1909e-05
174	0.93343	0.065996	0.00053857	3.8357e-05
175	0.92349	0.075935	0.00053009	4.3921e-05
176	0.91508	0.084351	0.00052254	4.8559e-05
177	0.90792	0.091508	0.00051577	5.2421e-05
178	0.88133	0.11811	0.00049799	6.7297e-05
179	0.85721	0.14222	0.00048179	8.0599e-05
180	0.83537	0.16407	0.00046704	9.2469e-05
181	0.81636	0.18308	0.00045397	0.00010264
182	0.79993	0.19951	0.00044242	0.00011128
183	0.78531	0.21414	0.000432	0.00011881
184	0.77268	0.22677	0.00042273	0.00012516
185	0.76165	0.2378	0.00041443	0.00013056
186	0.75213	0.24732	0.00040703	0.00013507
187	0.71597	0.28349	0.00038523	0.00015396
188	0.68288	0.31658	0.00036533	0.00017097
189	0.65323	0.34624	0.00034743	0.00018597
190	0.62617	0.3733	0.00033111	0.00019939
191	0.60201	0.39746	0.00031647	0.00021112
192	0.58007	0.4194	0.00030316	0.00022154
193	0.56095	0.43852	0.00029143	0.00023036
194	0.54411	0.45538	0.00028097	0.00023789
195	0.52936	0.47013	0.00027169	0.00024425
196	0.51683	0.48266	0.00026362	0.00024938
197	0.50579	0.4937	0.00025641	0.00025367
198	0.49616	0.50333	0.00024999	0.00025717
199	0.48788	0.51162	0.00024432	0.00025992
200	0.48116	0.51833	0.00023947	0.00026184
201	0.4757	0.5238	0.0002353	0.0002631
202	0.47145	0.52806	0.00023177	0.00026371
203	0.46837	0.53114	0.00022886	0.00026371
204	0.46644	0.53308	0.00022653	0.00026313
205	0.46564	0.53387	0.00022478	0.00026198
206	0.46597	0.53355	0.00022359	0.00026028
207	0.46789	0.53163	0.00022315	0.00025782
208	0.47096	0.52856	0.00022325	0.00025481
209	0.47522	0.52431	0.00022392	0.00025126
210	0.48068	0.51884	0.00022513	0.00024715
211	0.48737	0.51216	0.00022691	0.00024249
212	0.49534	0.50419	0.00022925	0.00023728
213	0.50464	0.4949	0.00023217	0.00023148
214	0.51532	0.48422	0.00023569	0.00022509
215	0.52809	0.47145	0.00024009	0.00021781
216	0.54244	0.4571	0.00024515	0.00020988
217	0.53895	0.4606	0.00024203	0.00021012
218	0.53713	0.46242	0.00023966	0.00020959
219	0.53652	0.46303	0.00023786	0.00020852
220	0.53711	0.46245	0.0002366	0.0002069
221	0.5389	0.46066	0.00023588	0.00020474
222	0.54236	0.4572	0.00023586	0.00020187
223	0.54706	0.45251	0.00023638	0.00019848
224	0.55351	0.44605	0.00023761	0.00019436
225	0.56129	0.43828	0.00023938	0.00018971
226	0.55214	0.44744	0.00023387	0.00019233
227	0.54464	0.45493	0.0002291	0.0001942
228	0.53895	0.46062	0.00022512	0.00019527
229	0.535	0.46458	0.00022189	0.0001956
230	0.53227	0.46731	0.00021919	0.00019538
231	0.53073	0.46886	0.00021701	0.00019465
232	0.53063	0.46896	0.00021542	0.00019333
233	0.53173	0.46786	0.00021432	0.00019152
234	0.53401	0.46559	0.00021371	0.00018924
235	0.51748	0.48212	0.00020555	0.00019449
236	0.5033	0.49631	0.00019842	0.00019872
237	0.4907	0.50891	0.000192	0.00020224
238	0.48014	0.51946	0.00018644	0.00020489
239	0.47098	0.52863	0.00018149	0.00020693
240	0.46341	0.5362	0.00017719	0.00020831
241	0.45759	0.54203	0.0001736	0.00020898
242	0.45296	0.54666	0.0001705	0.00020916
243	0.44948	0.55014	0.00016787	0.00020887
244	0.44713	0.5525	0.00016569	0.00020815
245	0.44614	0.55349	0.00016402	0.0002069
246	0.44627	0.55336	0.00016277	0.00020523
247	0.44776	0.55187	0.00016201	0.00020308
248	0.45038	0.54926	0.00016166	0.00020051
249	0.45413	0.54551	0.0001617	0.00019756
250	0.45931	0.54034	0.00016222	0.00019412
251	0.4657	0.53394	0.00016315	0.00019027
252	0.47334	0.52631	0.00016448	0.00018603
253	0.48282	0.51683	0.0001664	0.00018119
254	0.49372	0.50594	0.00016875	0.00017592
255	0.50609	0.49357	0.00017156	0.0001702
256	0.52001	0.47965	0.00017483	0.00016402
257	0.53561	0.46406	0.0001786	0.00015735
258	0.55298	0.44669	0.00018288	0.00015018
259	0.57223	0.42744	0.00018769	0.00014247
260	0.59349	0.40618	0.00019306	0.00013421
261	0.61779	0.38189	0.00019928	0.00012509
262	0.64451	0.35517	0.00020615	0.00011532
263	0.67384	0.32584	0.00021372	0.00010486
264	0.70707	0.29261	0.00022234	9.3343e-05
265	0.71444	0.28525	0.00022264	9.0154e-05
266	0.72371	0.27598	0.00022347	8.6417e-05
267	0.73448	0.26521	0.00022472	8.2272e-05
268	0.74683	0.25287	0.0002264	7.7699e-05
269	0.76083	0.23887	0.00022851	7.2693e-05
270	0.77658	0.22312	0.00023108	6.7238e-05
271	0.79421	0.2055	0.00023414	6.1306e-05
272	0.79513	0.20458	0.00023216	6.0405e-05
273	0.79763	0.20209	0.00023063	5.9054e-05
274	0.80134	0.19837	0.00022944	5.7364e-05
275	0.80652	0.1932	0.00022864	5.528e-05
276	0.81322	0.1865	0.00022822	5.2799e-05
277	0.80665	0.19307	0.00022408	5.4056e-05
278	0.8016	0.19812	0.00022037	5.4861e-05
279	0.79779	0.20194	0.00021704	5.5294e-05
280	0.79558	0.20415	0.00021416	5.5276e-05
281	0.79459	0.20514	0.00021162	5.4919e-05
282	0.7948	0.20494	0.0002094	5.4236e-05
283	0.79621	0.20353	0.00020752	5.3236e-05
284	0.79921	0.20053	0.00020602	5.1837e-05
285	0.80344	0.19631	0.00020482	5.0139e-05
286	0.80894	0.19081	0.00020393	4.814e-05
287	0.81597	0.18378	0.00020338	4.5792e-05
288	0.8246	0.17516	0.00020317	4.3091e-05
289	0.82035	0.17941	0.00019977	4.3581e-05
290	0.81731	0.18245	0.00019668	4.3754e-05
291	0.81547	0.18429	0.00019391	4.3621e-05
292	0.81481	0.18496	0.00019143	4.3199e-05
293	0.81552	0.18425	0.00018926	4.2458e-05
294	0.81742	0.18235	0.00018737	4.1445e-05
295	0.82052	0.17925	0.00018575	4.0169e-05
296	0.82485	0.17493	0.00018439	3.8634e-05
297	0.83042	0.16936	0.00018328	3.6847e-05
298	0.83768	0.1621	0.0001825	3.4725e-05
299	0.84629	0.1535	0.00018198	3.2353e-05
300	0.85632	0.14347	0.00018171	2.9724e-05
301	0.85416	0.14564	0.00017884	2.9696e-05
302	0.85331	0.14648	0.00017624	2.9388e-05
303	0.8536	0.14619	0.00017388	2.8843e-05
304	0.85535	0.14445	0.00017179	2.8011e-05
305	0.85826	0.14154	0.00016993	2.6961e-05
306	0.86268	0.13713	0.00016834	2.5635e-05
307	0.8683	0.13151	0.00016695	2.4104e-05
308	0.87516	0.12466	0.00016578	2.2369e-05
309	0.88352	0.11629	0.00016483	2.0394e-05
310	0.89325	0.10657	0.00016409	1.8217e-05
311	0.90441	0.095406	0.00016357	1.5832e-05
312	0.91757	0.082254	0.00016332	1.3161e-05
313	0.93237	0.067456	0.00016329	1.0275e-05
314	0.94922	0.050613	0.00016351	7.1255e-06
315	0.96795	0.031878	0.00016397	3.7489e-06
316	0.96676	0.033076	0.00016454	4.088e-06
317	0.96648	0.033355	0.00016524	4.2816e-06
318	0.96702	0.032814	0.00016607	4.3413e-06
319	0.96855	0.031275	0.00016706	4.241e-06
320	0.97094	0.028891	0.00016819	3.9998e-06
321	0.97436	0.025465	0.00016948	3.5891e-06
322	0.97266	0.02717	0.00016998	3.9612e-06
323	0.97184	0.027988	0.00017062	4.1855e-06
324	0.97181	0.028011	0.0001714	4.2739e-06
325	0.97267	0.027154	0.00017232	4.2123e-06
326	0.97441	0.025409	0.00017338	3.9974e-06
327	0.97714	0.022683	0.00017461	3.6126e-06
328	0.97513	0.024691	0.00017503	4.0199e-06
329	0.97392	0.025899	0.0001756	4.2869e-06
330	0.9735	0.026321	0.0001763	4.4144e-06
331	0.97394	0.025876	0.00017714	4.3883e-06
332	0.97526	0.024562	0.00017814	4.2059e-06
333	0.97752	0.022293	0.0001793	3.851e-06
334	0.98062	0.019201	0.00018061	3.3425e-06
335	0.98464	0.015173	0.00018208	2.6607e-06
336	0.98973	0.010085	0.00018374	1.7817e-06
337	0.99068	0.0091329	0.00018467	1.6309e-06
338	0.98879	0.011024	0.00018507	1.9993e-06
339	0.9877	0.012112	0.00018562	2.2208e-06
340	0.9873	0.012514	0.00018629	2.3143e-06
341	0.98289	0.016921	0.0001862	3.1632e-06
342	0.97933	0.020475	0.00018627	3.8556e-06
343	0.9767	0.023113	0.0001865	4.3793e-06
344	0.97487	0.024941	0.00018688	4.7503e-06
345	0.97391	0.025893	0.00018742	4.9564e-06
346	0.97383	0.02598	0.00018812	4.9976e-06
347	0.97452	0.025285	0.00018896	4.8863e-06
348	0.976	0.023804	0.00018996	4.62e-06
349	0.9726	0.027209	0.00019	5.3062e-06
350	0.97022	0.029587	0.00019023	5.7966e-06
351	0.96867	0.031134	0.00019061	6.1256e-06
352	0.96811	0.031697	0.00019118	6.2633e-06
353	0.96836	0.031447	0.00019191	6.2393e-06
354	0.96959	0.030216	0.00019282	6.0208e-06
355	0.97164	0.02816	0.0001939	5.6345e-06
356	0.97454	0.025257	0.00019516	5.0745e-06
357	0.97831	0.021486	0.00019659	4.3345e-06
358	0.97739	0.022413	0.00019708	4.537e-06
359	0.97722	0.022578	0.00019772	4.5855e-06
360	0.97781	0.021984	0.00019852	4.4788e-06
361	0.97931	0.020484	0.0001995	4.1872e-06
362	0.9816	0.0182	0.00020063	3.7321e-06
363	0.98468	0.015116	0.00020194	3.1085e-06
364	0.98874	0.011052	0.00020344	2.2799e-06
365	0.98899	0.010807	0.00020415	2.2348e-06
366	0.98996	0.0098358	0.00020501	2.0397e-06
367	0.99171	0.0080838	0.00020602	1.6816e-06
368	0.99415	0.0056386	0.00020718	1.1758e-06
369	0.99743	0.0023656	0.00020851	4.944e-07
370	0.99844	0.0013506	0.00020935	2.8308e-07
371	0.99682	0.002971	0.00020963	6.2503e-07
372	0.99583	0.0039592	0.00021004	8.36e-07
373	0.99543	0.0043568	0.00021057	9.2269e-07
374	0.99565	0.0041349	0.00021122	8.7879e-07
375	0.99646	0.0033238	0.00021199	7.0872e-07
376	0.99787	0.0019176	0.0002129	4.1014e-07
377	0.99802	0.0017671	0.00021353	3.7927e-07
378	0.99871	0.0010791	0.00021427	2.3252e-07
379	0.99699	0.0027941	0.00021449	6.0286e-07
380	0.99179	0.0079961	0.00021395	1.7302e-06
381	0.98744	0.012343	0.00021359	2.6772e-06
382	0.984	0.01578	0.00021342	3.4324e-06
383	0.98144	0.01834	0.00021342	4.0014e-06
384	0.97966	0.02012	0.00021358	4.4021e-06
385	0.97872	0.021064	0.00021392	4.6224e-06
386	0.97853	0.021255	0.00021443	4.6776e-06
387	0.97908	0.020695	0.0002151	4.5667e-06
388	0.9804	0.019381	0.00021593	4.2876e-06
389	0.97729	0.022489	0.00021578	4.987e-06
390	0.97501	0.024773	0.00021581	5.5056e-06
391	0.97361	0.026168	0.00021603	5.8303e-06
392	0.973	0.026773	0.00021642	5.9792e-06
393	0.97327	0.026509	0.00021699	5.9355e-06
394	0.95297	0.046803	0.00021294	1.0505e-05
395	0.93499	0.064782	0.00020938	1.4578e-05
396	0.91886	0.080911	0.00020622	1.8249e-05
397	0.90497	0.094809	0.00020354	2.1435e-05
398	0.89264	0.10713	0.0002012	2.4274e-05
399	0.88183	0.11794	0.0001992	2.6779e-05
400	0.87244	0.12733	0.00019751	2.897e-05
401	0.8644	0.13538	0.00019612	3.086e-05
402	0.85803	0.14174	0.00019509	3.2377e-05
403	0.85326	0.14651	0.00019441	3.3538e-05
404	0.8497	0.15008	0.000194	3.4426e-05
405	0.84748	0.15229	0.00019389	3.5008e-05
406	0.84674	0.15303	0.00019411	3.5255e-05
407	0.84714	0.15263	0.00019459	3.5238e-05
408	0.84868	0.15109	0.00019534	3.4952e-05
409	0.85172	0.14805	0.00019642	3.4322e-05
410	0.85594	0.14383	0.00019778	3.3411e-05
411	0.84818	0.15159	0.00019637	3.5276e-05
412	0.84193	0.15783	0.00019529	3.6796e-05
413	0.83731	0.16246	0.00019458	3.7946e-05
414	0.83425	0.16552	0.00019421	3.8737e-05
415	0.83237	0.1674	0.00019412	3.9251e-05
416	0.83166	0.1681	0.00019431	3.9488e-05
417	0.8323	0.16746	0.0001948	3.9412e-05
418	0.8343	0.16547	0.0001956	3.9019e-05
419	0.83766	0.1621	0.00019671	3.8302e-05
420	0.84222	0.15754	0.00019811	3.7297e-05
421	0.83429	0.16547	0.00019657	3.924e-05
422	0.82769	0.17207	0.00019533	4.0869e-05
423	0.82238	0.17738	0.0001944	4.2193e-05
424	0.81852	0.18124	0.0001938	4.318e-05
425	0.81607	0.1837	0.00019352	4.3837e-05
426	0.81515	0.18461	0.0001936	4.413e-05
427	0.798	0.20176	0.0001898	4.8298e-05
428	0.78302	0.21674	0.00018649	5.1964e-05
429	0.76974	0.23002	0.00018359	5.5228e-05
430	0.7586	0.24116	0.00018118	5.7989e-05
431	0.74898	0.25078	0.00017913	6.0388e-05
432	0.7408	0.25896	0.00017742	6.2444e-05
433	0.73401	0.26575	0.00017604	6.4166e-05
434	0.7288	0.27096	0.00017503	6.5514e-05
435	0.72512	0.27464	0.00017438	6.6499e-05
436	0.72268	0.27707	0.00017403	6.7179e-05
437	0.72172	0.27804	0.00017402	6.7507e-05
438	0.7224	0.27736	0.0001744	6.7439e-05
439	0.72431	0.27545	0.00017509	6.7068e-05
440	0.7277	0.27205	0.00017612	6.6337e-05
441	0.73262	0.26714	0.00017751	6.5237e-05
442	0.72246	0.27729	0.00017525	6.7799e-05
443	0.71377	0.28598	0.00017333	7.0007e-05
444	0.7065	0.29325	0.00017176	7.1868e-05
445	0.70104	0.29871	0.00017062	7.3292e-05
446	0.69688	0.30288	0.0001698	7.4399e-05
447	0.69442	0.30534	0.00016938	7.5092e-05
448	0.69321	0.30654	0.00016927	7.5473e-05
449	0.69348	0.30627	0.00016951	7.5496e-05
450	0.695	0.30475	0.00017006	7.5206e-05
451	0.69779	0.30197	0.00017093	7.4601e-05
452	0.70185	0.2979	0.00017212	7.3674e-05
453	0.70721	0.29254	0.00017363	7.2421e-05
454	0.71392	0.28583	0.00017548	7.0828e-05
455	0.72203	0.27773	0.00017769	6.8881e-05
456	0.73208	0.26767	0.00018037	6.6449e-05
457	0.74422	0.25553	0.00018356	6.3499e-05
458	0.75802	0.24173	0.00018717	6.0125e-05
459	0.77356	0.22619	0.00019123	5.6307e-05
460	0.79132	0.20844	0.00019583	5.1933e-05
461	0.81147	0.18829	0.00020103	4.6959e-05
462	0.83457	0.16518	0.00020695	4.1246e-05
463	0.83896	0.1608	0.00020823	4.0183e-05
464	0.84478	0.15497	0.00020985	3.8762e-05
465	0.85188	0.14787	0.0002118	3.7016e-05
466	0.86074	0.13901	0.00021418	3.4832e-05
467	0.871	0.12875	0.00021692	3.229e-05
468	0.88322	0.11653	0.00022014	2.9256e-05
469	0.89756	0.10219	0.00022388	2.569e-05
470	0.89906	0.10069	0.00022441	2.5333e-05
471	0.90179	0.097964	0.00022524	2.4671e-05
472	0.90576	0.093992	0.00022637	2.3696e-05
473	0.91086	0.088892	0.00022779	2.2434e-05
474	0.91711	0.082643	0.0002295	2.0879e-05
475	0.92474	0.075008	0.00023155	1.8977e-05
476	0.92312	0.076629	0.00023128	1.9399e-05
477	0.92249	0.07726	0.00023125	1.9571e-05
478	0.92298	0.076768	0.0002315	1.9461e-05
479	0.92447	0.075278	0.000232	1.9097e-05
480	0.92697	0.072778	0.00023276	1.8476e-05
481	0.93049	0.069262	0.00023378	1.7596e-05
482	0.93504	0.064706	0.00023506	1.645e-05
483	0.94067	0.059078	0.00023662	1.5029e-05
484	0.93829	0.06146	0.00023615	1.5633e-05
485	0.93709	0.062657	0.00023597	1.594e-05
486	0.93685	0.062901	0.00023603	1.6005e-05
487	0.93767	0.062076	0.00023635	1.58e-05
488	0.93968	0.060072	0.00023696	1.5299e-05
489	0.94264	0.057103	0.00023782	1.4551e-05
490	0.9381	0.061647	0.00023675	1.571e-05
491	0.93459	0.065161	0.00023596	1.6606e-05
492	0.93207	0.067679	0.00023541	1.7249e-05
493	0.918	0.081751	0.00023192	2.0826e-05
494	0.90597	0.093777	0.00022894	2.389e-05
495	0.89583	0.10391	0.00022642	2.6479e-05
496	0.88708	0.11267	0.00022426	2.8714e-05
497	0.88001	0.11974	0.00022251	3.0527e-05
498	0.87418	0.12557	0.00022107	3.202e-05
499	0.86974	0.13001	0.00021998	3.3164e-05
500	0.86664	0.13311	0.00021922	3.397e-05
501	0.86466	0.13509	0.00021874	3.4487e-05
502	0.86398	0.13577	0.00021859	3.4677e-05
503	0.86441	0.13533	0.00021872	3.4579e-05
504	0.86614	0.13361	0.00021917	3.4156e-05
505	0.85546	0.14428	0.00021646	3.6889e-05
506	0.84622	0.15353	0.00021412	3.9254e-05
507	0.83836	0.16139	0.00021214	4.1262e-05
508	0.83181	0.16794	0.00021049	4.2933e-05
509	0.82674	0.173	0.0002092	4.423e-05
510	0.82292	0.17683	0.00020824	4.5208e-05
511	0.8203	0.17944	0.00020759	4.5875e-05
512	0.81887	0.18088	0.00020724	4.6239e-05
513	0.81896	0.18079	0.00020726	4.6216e-05
514	0.82023	0.17951	0.00020759	4.589e-05
515	0.8227	0.17705	0.00020822	4.5257e-05
516	0.82673	0.17301	0.00020925	4.4227e-05
517	0.81733	0.18242	0.00020684	4.6618e-05
518	0.80956	0.19018	0.00020484	4.8594e-05
519	0.80355	0.1962	0.00020328	5.0127e-05
520	0.79882	0.20092	0.00020204	5.1329e-05
521	0.79555	0.2042	0.00020117	5.2162e-05
522	0.79351	0.20624	0.00020061	5.2679e-05
523	0.79267	0.20707	0.00020036	5.2885e-05
524	0.79305	0.2067	0.00020042	5.2781e-05
525	0.79499	0.20475	0.00020086	5.228e-05
526	0.79854	0.20121	0.00020171	5.1375e-05
527	0.78827	0.21148	0.00019903	5.3984e-05
528	0.77945	0.22029	0.00019672	5.6218e-05
529	0.74445	0.2553	0.00018777	6.5102e-05
530	0.71249	0.28725	0.0001796	7.3194e-05
531	0.68389	0.31586	0.00017228	8.0439e-05
532	0.65782	0.34193	0.00016561	8.7025e-05
533	0.6346	0.36515	0.00015965	9.289e-05
534	0.61358	0.38617	0.00015426	9.8186e-05
535	0.59532	0.40443	0.00014957	0.00010278
536	0.57894	0.42081	0.00014535	0.00010689
537	0.56431	0.43544	0.00014159	0.00011055
538	0.55133	0.44841	0.00013826	0.00011378
539	0.53992	0.45983	0.00013532	0.00011661
540	0.52995	0.4698	0.00013276	0.00011907
541	0.52137	0.47838	0.00013056	0.00012116
542	0.51463	0.48512	0.0001288	0.0001228
543	0.50942	0.49032	0.00012743	0.00012405
544	0.48015	0.5196	0.00011999	0.00013136
545	0.45332	0.54643	0.00011318	0.00013803
546	0.42876	0.57099	0.00010696	0.00014412
547	0.4063	0.59345	0.00010127	0.00014966
548	0.38655	0.6132	9.6266e-05	0.00015453
549	0.36927	0.63048	9.1871e-05	0.00015877
550	0.35358	0.64617	8.7884e-05	0.0001626
551	0.33936	0.66039	8.4275e-05	0.00016605
552	0.32711	0.67264	8.1153e-05	0.00016901
553	0.31614	0.68361	7.836e-05	0.00017163
554	0.30635	0.6934	7.587e-05	0.00017396
555	0.29768	0.70207	7.3663e-05	0.00017599
556	0.29006	0.70969	7.1725e-05	0.00017776
557	0.28344	0.71632	7.0041e-05	0.00017927
558	0.27777	0.72198	6.8599e-05	0.00018053
559	0.27303	0.72672	6.7393e-05	0.00018156
560	0.26961	0.73014	6.6508e-05	0.00018225
561	0.26727	0.73249	6.5885e-05	0.00018268
562	0.26598	0.73377	6.552e-05	0.00018285
563	0.26553	0.73422	6.5364e-05	0.0001828
564	0.2663	0.73345	6.5505e-05	0.00018245
565	0.2679	0.73185	6.5851e-05	0.00018189
566	0.27055	0.7292	6.6453e-05	0.00018106
567	0.27406	0.72569	6.7267e-05	0.00018002
568	0.27869	0.72107	6.8349e-05	0.00017871
569	0.28469	0.71507	6.976e-05	0.00017706
570	0.29213	0.70762	7.1517e-05	0.00017506
571	0.30112	0.69863	7.3642e-05	0.00017268
572	0.31125	0.6885	7.6046e-05	0.00017002
573	0.32289	0.67687	7.8806e-05	0.000167
574	0.33581	0.66395	8.188e-05	0.00016366
575	0.35046	0.6493	8.536e-05	0.0001599
576	0.36663	0.63312	8.921e-05	0.00015578
577	0.38515	0.61461	9.3612e-05	0.00015109
578	0.40544	0.59431	9.8443e-05	0.00014598
579	0.42766	0.5721	0.00010374	0.0001404
580	0.45286	0.5469	0.00010973	0.00013411
581	0.48037	0.51939	0.00011628	0.00012726
582	0.51042	0.48933	0.00012344	0.0001198
583	0.51611	0.48365	0.00012467	0.00011828
584	0.52358	0.47618	0.00012631	0.00011632
585	0.53241	0.46735	0.00012829	0.00011404
586	0.52395	0.47581	0.00012608	0.00011594
587	0.51683	0.48293	0.0001242	0.0001175
588	0.51149	0.48827	0.00012274	0.00011864
589	0.50736	0.4924	0.00012159	0.00011947
590	0.50445	0.49531	0.00012073	0.00012001
591	0.50272	0.49704	0.00012016	0.00012025
592	0.50218	0.49758	0.00011988	0.0001202
593	0.50304	0.49672	0.00011994	0.00011982
594	0.50554	0.49422	0.00012037	0.00011904
595	0.50924	0.49052	0.00012109	0.00011797
596	0.51417	0.48559	0.00012211	0.00011661
597	0.52034	0.47942	0.00012342	0.00011495
598	0.52809	0.47167	0.0001251	0.00011292
599	0.53749	0.46227	0.00012715	0.0001105
600	0.5489	0.45086	0.00012967	0.00010761
601	0.56247	0.4373	0.00013267	0.00010423
602	0.57836	0.4214	0.00013621	0.0001003
603	0.59609	0.40367	0.00014017	9.5949e-05
604	0.59529	0.40448	0.00013974	9.5984e-05
605	0.59616	0.40361	0.00013969	9.5626e-05
606	0.59825	0.40152	0.00013993	9.4977e-05
607	0.60184	0.39793	0.00014052	9.398e-05
608	0.60671	0.39306	0.0001414	9.268e-05
609	0.61287	0.38689	0.00014258	9.1076e-05
610	0.62038	0.37938	0.00014408	8.916e-05
611	0.62982	0.36995	0.00014601	8.6802e-05
612	0.62277	0.377	0.00014409	8.8287e-05
613	0.61731	0.38245	0.00014255	8.9395e-05
614	0.61316	0.38661	0.00014131	9.0192e-05
615	0.61029	0.38948	0.00014038	9.0685e-05
616	0.60866	0.39111	0.00013974	9.0883e-05
617	0.60826	0.39151	0.00013939	9.0793e-05
618	0.60953	0.39024	0.00013941	9.0318e-05
619	0.61204	0.38774	0.00013972	8.9559e-05
620	0.61605	0.38372	0.00014036	8.8456e-05
621	0.62161	0.37817	0.00014134	8.7005e-05
622	0.61027	0.3895	0.00013846	8.9409e-05
623	0.60043	0.39934	0.00013594	9.1459e-05
624	0.5923	0.40747	0.00013381	9.3111e-05
625	0.5858	0.41397	0.00013205	9.4386e-05
626	0.58062	0.41915	0.00013059	9.5352e-05
627	0.57673	0.42305	0.00012943	9.602e-05
628	0.57453	0.42524	0.00012865	9.6301e-05
629	0.57355	0.42623	0.00012815	9.6304e-05
630	0.57403	0.42575	0.00012797	9.5979e-05
631	0.57597	0.42381	0.0001281	9.5327e-05
632	0.57915	0.42062	0.00012851	9.4396e-05
633	0.58358	0.4162	0.0001292	9.3186e-05
634	0.58928	0.41049	0.00013018	9.1694e-05
635	0.59659	0.40319	0.00013149	8.9853e-05
636	0.60556	0.39422	0.00013315	8.7652e-05
637	0.61655	0.38323	0.00013524	8.5018e-05
638	0.62912	0.37066	0.00013766	8.2045e-05
639	0.64332	0.35646	0.00014044	7.8721e-05
640	0.65994	0.33985	0.00014372	7.4886e-05
641	0.65857	0.34121	0.00014305	7.4993e-05
642	0.65845	0.34134	0.00014266	7.4825e-05
643	0.65957	0.34021	0.00014254	7.4382e-05
644	0.66195	0.33783	0.0001427	7.3663e-05
645	0.66605	0.33374	0.00014321	7.2578e-05
646	0.65385	0.34593	0.0001402	7.5011e-05
647	0.64323	0.35656	0.00013754	7.7087e-05
648	0.63461	0.36518	0.00013532	7.8724e-05
649	0.62739	0.37239	0.0001334	8.0046e-05
650	0.62179	0.378	0.00013183	8.1017e-05
651	0.61749	0.3823	0.00013055	8.17e-05
652	0.61445	0.38534	0.00012954	8.2106e-05
653	0.6129	0.38689	0.00012884	8.2194e-05
654	0.61259	0.3872	0.00012841	8.2015e-05
655	0.61351	0.38628	0.00012824	8.1574e-05
656	0.6159	0.38389	0.00012837	8.0825e-05
657	0.61957	0.38023	0.00012876	7.981e-05
658	0.62498	0.37481	0.00012951	7.8435e-05
659	0.63172	0.36807	0.00013052	7.6788e-05
660	0.63985	0.35995	0.00013182	7.4858e-05
661	0.6494	0.3504	0.0001334	7.2638e-05
662	0.66075	0.33904	0.00013534	7.006e-05
663	0.67403	0.32576	0.00013764	6.7104e-05
664	0.68903	0.31077	0.00014028	6.3807e-05
665	0.70652	0.29328	0.0001434	6.0025e-05
666	0.72638	0.27341	0.00014697	5.5784e-05
667	0.74841	0.25139	0.00015096	5.1127e-05
668	0.75109	0.24871	0.00015101	5.0406e-05
669	0.75502	0.24478	0.00015131	4.9433e-05
670	0.76047	0.23933	0.0001519	4.8163e-05
671	0.76749	0.23231	0.00015278	4.6587e-05
672	0.77637	0.22343	0.00015402	4.4653e-05
673	0.7867	0.2131	0.00015553	4.2438e-05
674	0.7991	0.2007	0.00015743	3.9831e-05
675	0.81315	0.18665	0.00015964	3.6913e-05
676	0.82956	0.17025	0.00016228	3.3554e-05
677	0.84789	0.15192	0.00016528	2.9837e-05
678	0.86827	0.13153	0.00016865	2.5741e-05
679	0.89161	0.1082	0.00017256	2.1104e-05
680	0.91736	0.082444	0.0001769	1.6028e-05
681	0.92464	0.075166	0.00017763	1.4561e-05
682	0.93316	0.066653	0.00017858	1.2865e-05
683	0.94296	0.056844	0.00017978	1.0931e-05
684	0.95414	0.045674	0.00018122	8.7491e-06
685	0.96675	0.033063	0.00018291	6.3067e-06
686	0.96983	0.029984	0.00018277	5.6951e-06
687	0.974	0.025815	0.00018282	4.8838e-06
688	0.9791	0.020709	0.00018304	3.9017e-06
689	0.97913	0.020682	0.00018229	3.8791e-06
690	0.97991	0.019907	0.00018168	3.7167e-06
691	0.98144	0.018378	0.00018121	3.415e-06
692	0.98387	0.015942	0.0001809	2.9494e-06
693	0.9871	0.012714	0.00018072	2.3411e-06
694	0.99123	0.008587	0.0001807	1.5745e-06
695	0.9918	0.0080182	0.00018002	1.4627e-06
696	0.99311	0.0067129	0.00017946	1.219e-06
697	0.99507	0.0047493	0.00017902	8.5814e-07
698	0.99776	0.0020578	0.0001787	3.7043e-07
699	0.99853	0.0012955	0.00017802	2.3207e-07
700	0.99845	0.0013754	0.00017719	2.4523e-07
701	0.99743	0.0023887	0.00017619	4.2339e-07
702	0.99703	0.0027909	0.00017529	4.9267e-07
703	0.99719	0.0026345	0.00017449	4.6315e-07
704	0.99791	0.0019183	0.00017378	3.3603e-07
705	0.99502	0.00481	0.00017245	8.3705e-07
706	0.99281	0.0070144	0.00017124	1.2139e-06
707	0.99129	0.0085427	0.00017015	1.4704e-06
708	0.99042	0.0094058	0.00016917	1.61e-06
709	0.98568	0.014146	0.00016753	2.4081e-06
710	0.9819	0.017935	0.00016604	3.0381e-06
711	0.97893	0.0209	0.0001647	3.5216e-06
712	0.97686	0.022976	0.00016351	3.8519e-06
713	0.97557	0.024266	0.00016245	4.0466e-06
714	0.97514	0.024698	0.00016153	4.0974e-06
715	0.97562	0.024212	0.00016075	3.9967e-06
716	0.97689	0.022943	0.00016009	3.7675e-06
717	0.97895	0.020888	0.00015956	3.4115e-06
718	0.97653	0.023308	0.00015831	3.7844e-06
719	0.97499	0.024845	0.00015719	4.0111e-06
720	0.97439	0.02545	0.00015621	4.086e-06
721	0.97471	0.025129	0.00015537	4.013e-06
722	0.97581	0.024028	0.00015465	3.8159e-06
723	0.9777	0.02214	0.00015406	3.4957e-06
724	0.98055	0.019291	0.0001536	3.0291e-06
725	0.98423	0.01561	0.00015327	2.437e-06
726	0.98372	0.016123	0.00015228	2.5012e-06
727	0.97842	0.021424	0.00015054	3.3024e-06
728	0.97415	0.025694	0.00014897	3.9366e-06
729	0.97078	0.029071	0.00014753	4.4257e-06
730	0.96827	0.031579	0.00014624	4.776e-06
731	0.9667	0.033147	0.00014508	4.981e-06
732	0.96597	0.033884	0.00014405	5.058e-06
733	0.96606	0.033797	0.00014314	5.0104e-06
734	0.96714	0.032713	0.00014237	4.8168e-06
735	0.96906	0.030794	0.00014172	4.5022e-06
736	0.97201	0.027846	0.0001412	4.0422e-06
737	0.97603	0.02383	0.00014082	3.4347e-06
738	0.98116	0.018694	0.00014059	2.6755e-06
739	0.97544	0.024417	0.00013879	3.4716e-06
740	0.97079	0.029066	0.00013715	4.105e-06
741	0.96726	0.032598	0.00013566	4.5731e-06
742	0.9648	0.03506	0.00013431	4.8853e-06
743	0.9632	0.036663	0.0001331	5.0727e-06
744	0.96244	0.037418	0.000132	5.1393e-06
745	0.95447	0.045395	0.00012991	6.1899e-06
746	0.94793	0.051933	0.00012802	7.0301e-06
747	0.94248	0.057387	0.00012629	7.7094e-06
748	0.93833	0.061535	0.00012473	8.2042e-06
749	0.93519	0.064679	0.00012332	8.5559e-06
750	0.93327	0.066598	0.00012206	8.7412e-06
751	0.93233	0.067543	0.00012093	8.7945e-06
752	0.93247	0.0674	0.00011994	8.706e-06
753	0.93358	0.06629	0.00011907	8.493e-06
754	0.93566	0.064214	0.00011832	8.1587e-06
755	0.93873	0.061148	0.0001177	7.7033e-06
756	0.94281	0.057069	0.00011719	7.1272e-06
757	0.94792	0.051961	0.00011679	6.4314e-06
758	0.9541	0.045774	0.00011652	5.6134e-06
759	0.9617	0.038177	0.0001164	4.6387e-06
760	0.96208	0.037802	0.00011538	4.5503e-06
761	0.95549	0.044394	0.00011354	5.2903e-06
762	0.94996	0.049918	0.00011183	5.8889e-06
763	0.94547	0.054414	0.00011025	6.3539e-06
764	0.94211	0.057778	0.00010881	6.6788e-06
765	0.93972	0.060163	0.00010748	6.8831e-06
766	0.9383	0.061587	0.00010627	6.9719e-06
767	0.93795	0.061943	0.00010517	6.9383e-06
768	0.93853	0.06136	0.00010418	6.7985e-06
769	0.94028	0.059607	0.00010331	6.5319e-06
770	0.94301	0.056886	0.00010253	6.1629e-06
771	0.93811	0.061784	0.00010093	6.6179e-06
772	0.93439	0.065504	9.9448e-05	6.937e-06
773	0.93168	0.068212	9.8084e-05	7.1399e-06
774	0.92996	0.069936	9.6828e-05	7.2332e-06
775	0.92945	0.070449	9.5691e-05	7.1985e-06
776	0.92991	0.069986	9.4654e-05	7.0623e-06
777	0.93135	0.068545	9.3714e-05	6.8278e-06
778	0.93377	0.066126	9.2867e-05	6.4984e-06
779	0.93745	0.062457	9.2127e-05	6.0524e-06
780	0.94216	0.057748	9.148e-05	5.513e-06
781	0.94808	0.05182	9.0929e-05	4.8685e-06
782	0.94641	0.053491	8.9648e-05	4.9519e-06
783	0.94588	0.054031	8.8467e-05	4.9268e-06
784	0.94626	0.053653	8.7371e-05	4.8152e-06
785	0.94776	0.052146	8.6367e-05	4.6027e-06
786	0.9502	0.049714	8.5441e-05	4.3101e-06
787	0.95357	0.046339	8.4592e-05	3.9393e-06
788	0.95805	0.041865	8.3822e-05	3.4813e-06
789	0.96354	0.036378	8.3127e-05	2.9461e-06
790	0.97021	0.0297	8.2511e-05	2.324e-06
791	0.978	0.021915	8.197e-05	1.6247e-06
792	0.97931	0.020604	8.0883e-05	1.4699e-06
793	0.9814	0.018516	7.9854e-05	1.2556e-06
794	0.98429	0.015634	7.8881e-05	9.8333e-07
795	0.98798	0.011946	7.7963e-05	6.5492e-07
796	0.98807	0.01185	7.9077e-05	6.9957e-07
797	0.98885	0.011072	8.0243e-05	6.9097e-07
798	0.98637	0.013545	8.1161e-05	9.218e-07
799	0.98464	0.015275	8.2133e-05	1.0968e-06
800	0.9837	0.016213	8.3158e-05	1.2101e-06
801	0.9836	0.016314	8.4241e-05	1.2556e-06
802	0.98422	0.015695	8.5384e-05	1.2397e-06
803	0.98562	0.014288	8.6587e-05	1.1551e-06
804	0.98777	0.012146	8.7856e-05	1.0028e-06
805	0.99066	0.0092514	8.9195e-05	7.7924e-07
806	0.99047	0.0094419	9.0272e-05	8.1526e-07
807	0.99102	0.0088897	9.1407e-05	7.8415e-07
808	0.98873	0.011179	9.2281e-05	1.0123e-06
809	0.98726	0.012643	9.3219e-05	1.168e-06
810	0.9865	0.013405	9.4219e-05	1.2596e-06
811	0.9812	0.018701	9.4769e-05	1.792e-06
812	0.97692	0.02298	9.5399e-05	2.2368e-06
813	0.97352	0.026386	9.6105e-05	2.6035e-06
814	0.97096	0.028941	9.6887e-05	2.8919e-06
815	0.96924	0.030657	9.7748e-05	3.1002e-06
816	0.96835	0.031546	9.8688e-05	3.2271e-06
817	0.96828	0.031621	9.9709e-05	3.2713e-06
818	0.9691	0.030791	0.00010082	3.2217e-06
819	0.97075	0.029141	0.00010201	3.0834e-06
820	0.96707	0.032824	0.00010264	3.5094e-06
821	0.96428	0.035609	0.00010335	3.8459e-06
822	0.96237	0.037523	0.00010415	4.0929e-06
823	0.96131	0.03858	0.00010505	4.2493e-06
824	0.9612	0.038688	0.00010603	4.3032e-06
825	0.96194	0.037947	0.00010711	4.2618e-06
826	0.96364	0.03625	0.00010829	4.1117e-06
827	0.96631	0.03358	0.00010958	3.8479e-06
828	0.96986	0.030022	0.00011097	3.476e-06
829	0.96786	0.032028	0.00011172	3.7419e-06
830	0.96668	0.0332	0.00011256	3.9138e-06
831	0.96633	0.033548	0.0001135	3.9901e-06
832	0.95886	0.041021	0.00011359	4.9167e-06
833	0.95277	0.047112	0.00011381	5.6933e-06
834	0.94773	0.052154	0.00011415	6.354e-06
835	0.929	0.070882	0.0001128	8.7027e-06
836	0.91217	0.087705	0.00011164	1.0851e-05
837	0.89741	0.10246	0.0001107	1.2778e-05
838	0.88429	0.11558	0.00010993	1.4526e-05
839	0.87319	0.12668	0.00010938	1.6047e-05
840	0.86355	0.13633	0.000109	1.7402e-05
841	0.82938	0.17049	0.00010544	2.1926e-05
842	0.79818	0.20169	0.00010219	2.6127e-05
843	0.76975	0.23012	9.9256e-05	3.0024e-05
844	0.74477	0.2551	9.6704e-05	3.3525e-05
845	0.72294	0.27693	9.4509e-05	3.6662e-05
846	0.70324	0.29662	9.256e-05	3.955e-05
847	0.68553	0.31434	9.084e-05	4.2207e-05
848	0.67003	0.32984	8.9377e-05	4.4599e-05
849	0.65625	0.34362	8.812e-05	4.6783e-05
850	0.64409	0.35577	8.706e-05	4.8767e-05
851	0.63348	0.36638	8.6191e-05	5.0559e-05
852	0.62433	0.37553	8.5506e-05	5.2164e-05
853	0.6171	0.38276	8.5062e-05	5.352e-05
854	0.58294	0.41692	8.0835e-05	5.8656e-05
855	0.55168	0.44818	7.6961e-05	6.3438e-05
856	0.52307	0.47679	7.3408e-05	6.7896e-05
857	0.49784	0.50202	7.0274e-05	7.1927e-05
858	0.4748	0.52505	6.7415e-05	7.5681e-05
859	0.45461	0.54524	6.4915e-05	7.9067e-05
860	0.43627	0.56358	6.265e-05	8.2216e-05
861	0.41965	0.5802	6.0607e-05	8.5141e-05
862	0.40529	0.59456	5.8858e-05	8.7763e-05
863	0.39242	0.60743	5.7306e-05	9.0186e-05
864	0.38126	0.6186	5.5978e-05	9.2377e-05
865	0.37137	0.62848	5.4823e-05	9.4392e-05
866	0.36272	0.63713	5.3839e-05	9.6235e-05
867	0.35525	0.6446	5.3019e-05	9.791e-05
868	0.3489	0.65095	5.2357e-05	9.9425e-05
869	0.34386	0.65598	5.188e-05	0.00010075
870	0.3403	0.65954	5.1613e-05	0.00010185
871	0.33817	0.66168	5.1554e-05	0.00010274
872	0.33701	0.66283	5.1644e-05	0.00010348
873	0.3368	0.66304	5.188e-05	0.00010406
874	0.33753	0.66231	5.2265e-05	0.0001045
875	0.33947	0.66037	5.2834e-05	0.00010475
876	0.34239	0.65745	5.3563e-05	0.00010483
877	0.34631	0.65353	5.4458e-05	0.00010474
878	0.35128	0.64856	5.5525e-05	0.00010448
879	0.35756	0.64228	5.6806e-05	0.000104
880	0.36522	0.63462	5.8314e-05	0.00010328
881	0.37407	0.62576	6.0027e-05	0.00010236
882	0.38418	0.61566	6.1959e-05	0.00010121
883	0.39557	0.60426	6.4121e-05	9.9831e-05
884	0.40837	0.59146	6.6534e-05	9.8199e-05
885	0.42264	0.57719	6.9212e-05	9.63e-05
886	0.4385	0.56133	7.2179e-05	9.4109e-05
887	0.45607	0.54376	7.5459e-05	9.1602e-05
888	0.47548	0.52436	7.9078e-05	8.8755e-05
889	0.475	0.52483	7.9374e-05	8.9228e-05
890	0.47568	0.52415	7.9865e-05	8.9504e-05
891	0.47751	0.52232	8.0556e-05	8.9579e-05
892	0.48075	0.51908	8.1483e-05	8.9409e-05
893	0.48518	0.51464	8.2622e-05	8.9025e-05
894	0.49082	0.50901	8.3977e-05	8.8422e-05
895	0.49822	0.50161	8.5638e-05	8.7506e-05
896	0.50692	0.4929	8.7541e-05	8.6345e-05
897	0.51732	0.48251	8.9744e-05	8.4877e-05
898	0.5295	0.47032	9.2268e-05	8.3079e-05
899	0.54327	0.45656	9.5093e-05	8.0978e-05
900	0.55869	0.44114	9.8234e-05	7.856e-05
901	0.57586	0.42396	0.00010171	7.5799e-05
902	0.59534	0.40448	0.00010562	7.2603e-05
903	0.61769	0.38213	0.00011006	6.8867e-05
904	0.64229	0.35753	0.00011495	6.4687e-05
905	0.66934	0.33048	0.00012031	6.002e-05
906	0.69958	0.30024	0.00012629	5.4738e-05
907	0.70604	0.29378	0.00012795	5.376e-05
908	0.71414	0.28568	0.00012991	5.2473e-05
909	0.72369	0.27612	0.00013215	5.0904e-05
910	0.73475	0.26507	0.00013469	4.9042e-05
911	0.74741	0.25241	0.00013754	4.6863e-05
912	0.76176	0.23806	0.00014072	4.4348e-05
913	0.77853	0.22129	0.00014437	4.1365e-05
914	0.79722	0.20259	0.0001484	3.7994e-05
915	0.81839	0.18143	0.0001529	3.4135e-05
916	0.84224	0.15757	0.00015794	2.9746e-05
917	0.86852	0.1313	0.00016346	2.4861e-05
918	0.89837	0.10144	0.00016969	1.9268e-05
919	0.90669	0.093116	0.00017183	1.7744e-05
920	0.91636	0.083453	0.00017425	1.5951e-05
921	0.92785	0.071963	0.00017702	1.3798e-05
922	0.92871	0.071094	0.00017775	1.367e-05
923	0.9307	0.069112	0.0001787	1.3327e-05
924	0.93392	0.065884	0.00017988	1.2743e-05
925	0.93844	0.061368	0.0001813	1.1908e-05
926	0.94403	0.055778	0.00018294	1.0856e-05
927	0.95102	0.048787	0.00018484	9.5265e-06
928	0.9595	0.040304	0.00018703	7.8998e-06
929	0.96924	0.030564	0.00018948	6.0146e-06
930	0.98031	0.019496	0.00019221	3.855e-06
931	0.98335	0.01645	0.00019336	3.2645e-06
932	0.98723	0.012576	0.00019468	2.5058e-06
933	0.99195	0.0078544	0.00019617	1.5734e-06
934	0.98956	0.01024	0.00019625	2.0537e-06
935	0.98789	0.011911	0.00019647	2.3936e-06
936	0.98702	0.012778	0.00019684	2.5752e-06
937	0.98142	0.018378	0.00019626	3.7094e-06
938	0.97676	0.023042	0.00019586	4.66e-06
939	0.97317	0.026626	0.00019566	5.3991e-06
940	0.97062	0.029176	0.00019565	5.934e-06
941	0.96891	0.030886	0.00019582	6.2999e-06
942	0.96802	0.031775	0.00019614	6.4995e-06
943	0.95993	0.039872	0.000195	8.1715e-06
944	0.95326	0.04654	0.00019413	9.5616e-06
945	0.94793	0.051865	0.00019351	1.0685e-05
946	0.94363	0.056165	0.00019311	1.1601e-05
947	0.94033	0.05946	0.0001929	1.2312e-05
948	0.93802	0.061772	0.0001929	1.2822e-05
949	0.93666	0.063129	0.00019309	1.3135e-05
950	0.93638	0.063413	0.0001935	1.3228e-05
951	0.93704	0.062753	0.0001941	1.3124e-05
952	0.93865	0.061146	0.0001949	1.282e-05
953	0.94122	0.05857	0.0001959	1.2309e-05
