#coord	neutral	conserved	gBGC.neutral	gBGC.conserved
1	0.90379	0.095902	0.00027771	3.0946e-05
2	0.91152	0.088183	0.00026991	2.7504e-05
3	0.92053	0.079183	0.000263	2.3811e-05
4	0.93112	0.068609	0.00025598	1.9934e-05
5	0.94338	0.056356	0.0002488	1.5906e-05
6	0.95766	0.042083	0.00024139	1.1723e-05
7	0.97363	0.026123	0.00023483	7.3701e-06
8	0.97844	0.021326	0.00022444	6.0462e-06
9	0.9842	0.015581	0.00021486	4.5916e-06
10	0.98501	0.014776	0.00021376	4.9826e-06
11	0.98186	0.017926	0.00020707	5.8973e-06
12	0.97951	0.020281	0.00020099	6.5603e-06
13	0.97802	0.021779	0.00019493	7.0196e-06
14	0.9773	0.022505	0.00018942	7.2683e-06
15	0.97734	0.022472	0.00018443	7.3262e-06
16	0.97217	0.027639	0.00018347	1.0082e-05
17	0.95444	0.045364	0.00017668	1.5003e-05
18	0.93851	0.061297	0.00017068	1.9312e-05
19	0.92428	0.075527	0.00016541	2.3065e-05
20	0.91211	0.087707	0.00016047	2.6364e-05
21	0.90139	0.098422	0.00015615	2.9211e-05
22	0.89229	0.10752	0.00015207	3.1711e-05
23	0.88453	0.11529	0.00014855	3.3827e-05
24	0.87802	0.1218	0.00014552	3.5596e-05
25	0.87272	0.1271	0.00014297	3.7048e-05
26	0.86861	0.13121	0.00014087	3.8201e-05
27	0.86598	0.13384	0.00013892	3.9088e-05
28	0.86479	0.13503	0.00013712	3.9722e-05
29	0.86471	0.13511	0.00013571	4.0103e-05
30	0.86592	0.1339	0.00013443	4.0274e-05
31	0.86824	0.13158	0.00013352	4.0209e-05
32	0.8717	0.12813	0.00013299	3.9909e-05
33	0.87631	0.12352	0.00013284	3.9376e-05
34	0.86971	0.13012	0.00012756	3.8956e-05
35	0.86455	0.13529	0.00012237	3.8278e-05
36	0.86056	0.13928	0.00011772	3.7375e-05
37	0.85792	0.14193	0.00011312	3.6266e-05
38	0.85643	0.14343	0.00010901	3.498e-05
39	0.85606	0.1438	0.00010534	3.3539e-05
40	0.85681	0.14306	0.00010209	3.1958e-05
41	0.85869	0.14118	9.9238e-05	3.0248e-05
42	0.86172	0.13816	9.6754e-05	2.8418e-05
43	0.8659	0.13398	9.4621e-05	2.6475e-05
44	0.87128	0.12861	9.2826e-05	2.4421e-05
45	0.87787	0.12201	9.1358e-05	2.2257e-05
46	0.88574	0.11415	9.0209e-05	1.998e-05
47	0.89517	0.10473	8.9032e-05	1.7612e-05
48	0.90644	0.093454	8.7818e-05	1.5141e-05
49	0.91923	0.080675	8.6915e-05	1.2569e-05
50	0.93363	0.066278	8.6328e-05	9.8859e-06
51	0.95029	0.049622	8.5694e-05	7.1112e-06
52	0.9688	0.031114	8.537e-05	4.2279e-06
53	0.97427	0.025642	8.3322e-05	3.2631e-06
54	0.96721	0.03271	7.9788e-05	3.65e-06
55	0.96146	0.038462	7.6252e-05	3.9022e-06
56	0.95695	0.042973	7.2697e-05	4.0338e-06
57	0.95342	0.046511	6.9449e-05	4.059e-06
58	0.95094	0.048993	6.6171e-05	3.9959e-06
59	0.94958	0.05035	6.2839e-05	3.8495e-06
60	0.94934	0.050601	5.9438e-05	3.631e-06
61	0.94999	0.049953	5.6296e-05	3.3551e-06
62	0.95154	0.048403	5.3393e-05	3.031e-06
63	0.95413	0.045821	5.0414e-05	2.6686e-06
64	0.95787	0.042081	4.7332e-05	2.2734e-06
65	0.96282	0.037136	4.4133e-05	1.8562e-06
66	0.96879	0.031167	4.1145e-05	1.4278e-06
67	0.97597	0.023991	3.8038e-05	1.0012e-06
68	0.97687	0.023099	3.4941e-05	8.6412e-07
69	0.97869	0.021281	3.1735e-05	7.0649e-07
70	0.98146	0.018514	2.8406e-05	5.3728e-07
71	0.98521	0.014762	2.4941e-05	3.6607e-07
72	0.99	0.0099772	2.1326e-05	2.033e-07
73	0.9907	0.0092848	1.7816e-05	1.4953e-07
74	0.99211	0.0078747	1.4191e-05	9.1505e-08
75	0.9942	0.005785	1.0757e-05	3.6673e-08
76	0.99399	0.006003	1.0288e-05	3.8968e-08
77	0.99442	0.0055708	9.7801e-06	3.4764e-08
78	0.99547	0.0045223	9.3042e-06	2.4634e-08
79	0.99467	0.0053233	1.0071e-05	4.2165e-08
80	0.99447	0.0055198	1.0882e-05	5.428e-08
81	0.99488	0.005113	1.1741e-05	5.9466e-08
82	0.99319	0.0067959	1.2639e-05	9.1258e-08
83	0.98727	0.012717	1.341e-05	1.9425e-07
84	0.98227	0.017715	1.4232e-05	2.9338e-07
85	0.97826	0.021723	1.5002e-05	3.8804e-07
86	0.9752	0.024781	1.5725e-05	4.7562e-07
87	0.97314	0.026847	1.6398e-05	5.5266e-07
88	0.97188	0.028105	1.7129e-05	6.1755e-07
89	0.9715	0.028477	1.7818e-05	6.6923e-07
90	0.97208	0.027898	1.8463e-05	7.0454e-07
91	0.97362	0.026361	1.9068e-05	7.216e-07
92	0.97598	0.024003	1.9738e-05	7.1863e-07
93	0.97358	0.026396	2.0219e-05	8.4255e-07
94	0.96292	0.03706	1.9426e-05	1.0176e-06
95	0.95355	0.046427	1.8717e-05	1.1507e-06
96	0.94574	0.054237	1.7987e-05	1.2464e-06
97	0.93909	0.06089	1.7332e-05	1.3086e-06
98	0.93384	0.066146	1.6651e-05	1.3397e-06
99	0.92991	0.070074	1.594e-05	1.3422e-06
100	0.92701	0.07297	1.5296e-05	1.3208e-06
101	0.92526	0.074725	1.4621e-05	1.2777e-06
102	0.92463	0.075358	1.3913e-05	1.2152e-06
103	0.92499	0.075	1.3262e-05	1.1365e-06
104	0.92658	0.073411	1.2571e-05	1.0418e-06
105	0.92917	0.070816	1.1932e-05	9.3563e-07
106	0.93278	0.067207	1.1339e-05	8.2004e-07
107	0.93744	0.062548	1.0789e-05	6.9646e-07
108	0.94317	0.056817	1.0279e-05	5.6641e-07
109	0.94121	0.058783	1.0922e-05	6.652e-07
110	0.94019	0.0598	1.1611e-05	7.5544e-07
111	0.9401	0.059884	1.235e-05	8.3519e-07
112	0.93112	0.068868	1.2834e-05	1.0602e-06
113	0.9234	0.076587	1.3365e-05	1.2786e-06
114	0.91688	0.083109	1.3944e-05	1.4894e-06
115	0.9115	0.088481	1.4574e-05	1.6915e-06
116	0.90741	0.092572	1.5163e-05	1.8816e-06
117	0.90456	0.095424	1.5715e-05	2.0568e-06
118	0.90277	0.09721	1.6326e-05	2.2161e-06
119	0.90218	0.0978	1.6904e-05	2.3559e-06
120	0.90278	0.097199	1.7451e-05	2.4738e-06
121	0.90442	0.095558	1.8064e-05	2.5691e-06
122	0.90711	0.092866	1.8748e-05	2.639e-06
123	0.91087	0.089103	1.9508e-05	2.6805e-06
124	0.90515	0.094827	1.9953e-05	2.9787e-06
125	0.90057	0.099411	2.0467e-05	3.2567e-06
126	0.89709	0.10289	2.1054e-05	3.5136e-06
127	0.89469	0.10528	2.1717e-05	3.7481e-06
128	0.89353	0.10644	2.2348e-05	3.9566e-06
129	0.89371	0.10626	2.2949e-05	4.1328e-06
130	0.89523	0.10474	2.3523e-05	4.2739e-06
131	0.89784	0.10213	2.4184e-05	4.3812e-06
132	0.90154	0.098434	2.4936e-05	4.452e-06
133	0.90634	0.093625	2.5787e-05	4.4823e-06
134	0.91263	0.087339	2.662e-05	4.4635e-06
135	0.92013	0.079834	2.7565e-05	4.394e-06
136	0.91813	0.081835	2.6987e-05	4.2921e-06
137	0.91728	0.082685	2.6385e-05	4.1552e-06
138	0.91745	0.082524	2.5874e-05	3.9845e-06
139	0.91862	0.08135	2.5448e-05	3.7816e-06
140	0.92081	0.079157	2.5106e-05	3.5473e-06
141	0.92405	0.075927	2.4844e-05	3.2819e-06
142	0.92833	0.071638	2.4663e-05	2.9849e-06
143	0.93371	0.066259	2.4562e-05	2.6554e-06
144	0.94021	0.059764	2.454e-05	2.2924e-06
145	0.94805	0.051928	2.4492e-05	1.9005e-06
146	0.95746	0.042515	2.4416e-05	1.4764e-06
147	0.96818	0.03179	2.4422e-05	1.0173e-06
148	0.97036	0.029611	2.4035e-05	8.8312e-07
149	0.97339	0.026581	2.3716e-05	7.2679e-07
150	0.97749	0.022486	2.3358e-05	5.4959e-07
151	0.97672	0.02325	2.5163e-05	6.2724e-07
152	0.97672	0.023248	2.7093e-05	6.8586e-07
153	0.97763	0.022339	2.8955e-05	7.1973e-07
154	0.97932	0.020651	3.0958e-05	7.2412e-07
155	0.98187	0.018094	3.2911e-05	6.9505e-07
156	0.98017	0.019799	3.4831e-05	8.1639e-07
157	0.97922	0.020741	3.6897e-05	9.1426e-07
158	0.9791	0.020858	3.8902e-05	9.8589e-07
159	0.97974	0.02022	4.1066e-05	1.0241e-06
160	0.98126	0.018692	4.3168e-05	1.0235e-06
161	0.97854	0.021415	4.5231e-05	1.2368e-06
162	0.97662	0.023334	4.7464e-05	1.4204e-06
163	0.97563	0.024322	4.9622e-05	1.5696e-06
164	0.97555	0.024392	5.1715e-05	1.6784e-06
165	0.9764	0.023544	5.3748e-05	1.7412e-06
166	0.97817	0.021768	5.5731e-05	1.7521e-06
167	0.98075	0.019191	5.7904e-05	1.704e-06
168	0.98423	0.01571	6.0047e-05	1.5951e-06
169	0.98358	0.016354	6.2109e-05	1.7882e-06
170	0.97822	0.021718	6.3541e-05	2.5027e-06
171	0.97389	0.026046	6.4921e-05	3.1755e-06
172	0.95852	0.041412	6.3489e-05	4.3038e-06
173	0.94525	0.054683	6.2117e-05	5.2938e-06
174	0.9339	0.06603	6.0797e-05	6.1535e-06
175	0.92396	0.075974	5.9689e-05	6.8835e-06
176	0.91554	0.084395	5.8615e-05	7.511e-06
177	0.90838	0.091555	5.7733e-05	8.0274e-06
178	0.88177	0.11817	5.5588e-05	9.9383e-06
179	0.85764	0.1423	5.374e-05	1.1629e-05
180	0.83578	0.16415	5.216e-05	1.3126e-05
181	0.81676	0.18317	5.0676e-05	1.4455e-05
182	0.80032	0.19961	4.9279e-05	1.5625e-05
183	0.78569	0.21424	4.8107e-05	1.6644e-05
184	0.77306	0.22688	4.6995e-05	1.754e-05
185	0.76202	0.23792	4.6084e-05	1.8306e-05
186	0.75249	0.24744	4.5359e-05	1.8956e-05
187	0.71631	0.28363	4.269e-05	2.1489e-05
188	0.6832	0.31673	4.0346e-05	2.3763e-05
189	0.65353	0.34641	3.8145e-05	2.5835e-05
190	0.62646	0.37348	3.622e-05	2.7695e-05
191	0.60229	0.39764	3.4411e-05	2.9383e-05
192	0.58034	0.4196	3.2837e-05	3.0896e-05
193	0.56121	0.43873	3.137e-05	3.2242e-05
194	0.54435	0.45559	2.9989e-05	3.3446e-05
195	0.52959	0.47034	2.8688e-05	3.4516e-05
196	0.51706	0.48288	2.7471e-05	3.5442e-05
197	0.50602	0.49392	2.6425e-05	3.6255e-05
198	0.49638	0.50355	2.5535e-05	3.6969e-05
199	0.48809	0.51185	2.4789e-05	3.7595e-05
200	0.48137	0.51856	2.4086e-05	3.8125e-05
201	0.4759	0.52403	2.3516e-05	3.8579e-05
202	0.47165	0.52829	2.307e-05	3.8965e-05
203	0.46857	0.53137	2.2742e-05	3.9287e-05
204	0.46663	0.53331	2.2526e-05	3.955e-05
205	0.46584	0.5341	2.2421e-05	3.9756e-05
206	0.46616	0.53377	2.2425e-05	3.9908e-05
207	0.46808	0.53186	2.246e-05	3.9972e-05
208	0.47116	0.52878	2.2606e-05	3.998e-05
209	0.47541	0.52453	2.2865e-05	3.993e-05
210	0.48088	0.51906	2.324e-05	3.9819e-05
211	0.48757	0.51237	2.3736e-05	3.9643e-05
212	0.49554	0.5044	2.4358e-05	3.9397e-05
213	0.50483	0.4951	2.5115e-05	3.9073e-05
214	0.51552	0.48441	2.6017e-05	3.8663e-05
215	0.52829	0.47164	2.6984e-05	3.8129e-05
216	0.54265	0.45728	2.8117e-05	3.7489e-05
217	0.53916	0.46078	2.8176e-05	3.8006e-05
218	0.53734	0.4626	2.8269e-05	3.8429e-05
219	0.53672	0.46321	2.8491e-05	3.8786e-05
220	0.53731	0.46263	2.8846e-05	3.9075e-05
221	0.5391	0.46084	2.9337e-05	3.9294e-05
222	0.54256	0.45737	2.987e-05	3.941e-05
223	0.54725	0.45268	3.0548e-05	3.9448e-05
224	0.55371	0.44622	3.1276e-05	3.9371e-05
225	0.56149	0.43844	3.2163e-05	3.9203e-05
226	0.55233	0.4476	3.193e-05	4.025e-05
227	0.54483	0.4551	3.1727e-05	4.1208e-05
228	0.53914	0.46079	3.1565e-05	4.2062e-05
229	0.53518	0.46475	3.1444e-05	4.2811e-05
230	0.53245	0.46748	3.1467e-05	4.3485e-05
231	0.53091	0.46902	3.1632e-05	4.4087e-05
232	0.53081	0.46912	3.1832e-05	4.4597e-05
233	0.5319	0.46802	3.2179e-05	4.5032e-05
234	0.53418	0.46574	3.2675e-05	4.5389e-05
235	0.51764	0.48228	3.1747e-05	4.7248e-05
236	0.50345	0.49647	3.0881e-05	4.8979e-05
237	0.49085	0.50907	3.0185e-05	5.0616e-05
238	0.48029	0.51963	2.9543e-05	5.2133e-05
239	0.47112	0.5288	2.9058e-05	5.3569e-05
240	0.46355	0.53637	2.8612e-05	5.4909e-05
241	0.45772	0.5422	2.8215e-05	5.6136e-05
242	0.45309	0.54683	2.7963e-05	5.7293e-05
243	0.44961	0.55031	2.7849e-05	5.8384e-05
244	0.44725	0.55266	2.7873e-05	5.9415e-05
245	0.44626	0.55365	2.7931e-05	6.0352e-05
246	0.44639	0.55352	2.8131e-05	6.1226e-05
247	0.44788	0.55203	2.837e-05	6.2003e-05
248	0.4505	0.54941	2.8755e-05	6.2714e-05
249	0.45425	0.54566	2.9289e-05	6.3355e-05
250	0.45942	0.54048	2.9872e-05	6.3888e-05
251	0.46582	0.53409	3.0619e-05	6.434e-05
252	0.47346	0.52645	3.1538e-05	6.4704e-05
253	0.48294	0.51696	3.2535e-05	6.4923e-05
254	0.49383	0.50607	3.373e-05	6.5031e-05
255	0.50621	0.49369	3.514e-05	6.5015e-05
256	0.52013	0.47976	3.6782e-05	6.486e-05
257	0.53573	0.46417	3.8685e-05	6.4542e-05
258	0.55311	0.44679	4.0875e-05	6.4039e-05
259	0.57236	0.42753	4.3382e-05	6.3325e-05
260	0.59362	0.40627	4.6241e-05	6.2369e-05
261	0.61792	0.38197	4.9324e-05	6.1107e-05
262	0.64464	0.35524	5.2841e-05	5.9528e-05
263	0.67398	0.32591	5.6846e-05	5.7584e-05
264	0.70721	0.29267	6.1182e-05	5.5221e-05
265	0.71458	0.28531	6.1998e-05	5.3065e-05
266	0.72386	0.27603	6.2904e-05	5.0736e-05
267	0.73462	0.26527	6.4087e-05	4.8239e-05
268	0.74697	0.25292	6.5569e-05	4.5553e-05
269	0.76097	0.23892	6.7361e-05	4.2663e-05
270	0.77672	0.22317	6.9486e-05	3.9545e-05
271	0.79435	0.20554	7.1976e-05	3.6168e-05
272	0.79527	0.20462	7.2054e-05	3.5306e-05
273	0.79777	0.20212	7.2199e-05	3.4292e-05
274	0.80148	0.19841	7.2595e-05	3.3131e-05
275	0.80666	0.19323	7.3053e-05	3.1833e-05
276	0.81336	0.18653	7.3574e-05	3.0396e-05
277	0.80679	0.1931	7.2556e-05	3.0605e-05
278	0.80174	0.19816	7.1604e-05	3.0673e-05
279	0.79793	0.20197	7.0897e-05	3.0598e-05
280	0.79572	0.20418	7.0252e-05	3.0376e-05
281	0.79472	0.20518	6.9845e-05	3.0018e-05
282	0.79493	0.20497	6.9671e-05	2.9526e-05
283	0.79634	0.20356	6.973e-05	2.8899e-05
284	0.79934	0.20056	6.9847e-05	2.8131e-05
285	0.80356	0.19634	7.0198e-05	2.7226e-05
286	0.80906	0.19084	7.0791e-05	2.6175e-05
287	0.81609	0.18381	7.1446e-05	2.499e-05
288	0.82472	0.17519	7.2164e-05	2.3668e-05
289	0.82047	0.17944	7.1213e-05	2.383e-05
290	0.81743	0.18248	7.0495e-05	2.3858e-05
291	0.81559	0.18432	7.0005e-05	2.3755e-05
292	0.81492	0.18499	6.9734e-05	2.3525e-05
293	0.81563	0.18428	6.9508e-05	2.318e-05
294	0.81753	0.18238	6.9503e-05	2.2709e-05
295	0.82063	0.17928	6.9719e-05	2.2109e-05
296	0.82496	0.17495	7.0161e-05	2.1376e-05
297	0.83052	0.16939	7.0832e-05	2.0505e-05
298	0.83778	0.16213	7.1566e-05	1.949e-05
299	0.84639	0.15352	7.2545e-05	1.8321e-05
300	0.85642	0.14349	7.3785e-05	1.6984e-05
301	0.85425	0.14566	7.3467e-05	1.6999e-05
302	0.85341	0.1465	7.3186e-05	1.6904e-05
303	0.8537	0.14621	7.3119e-05	1.6689e-05
304	0.85545	0.14446	7.309e-05	1.6355e-05
305	0.85835	0.14156	7.3276e-05	1.5898e-05
306	0.86277	0.13714	7.3503e-05	1.532e-05
307	0.86839	0.13153	7.3949e-05	1.4614e-05
308	0.87524	0.12467	7.462e-05	1.3774e-05
309	0.88361	0.1163	7.5341e-05	1.2812e-05
310	0.89333	0.10658	7.6303e-05	1.1701e-05
311	0.9045	0.095416	7.7524e-05	1.0424e-05
312	0.91765	0.082262	7.8826e-05	8.9843e-06
313	0.93245	0.067463	8.0415e-05	7.3517e-06
314	0.94929	0.050618	8.2096e-05	5.5517e-06
315	0.96803	0.031881	8.4101e-05	3.5246e-06
316	0.96683	0.033079	8.4159e-05	3.576e-06
317	0.96655	0.033358	8.4217e-05	3.5522e-06
318	0.9671	0.032817	8.4455e-05	3.4435e-06
319	0.96863	0.031278	8.4689e-05	3.2525e-06
320	0.97102	0.028893	8.5111e-05	2.9723e-06
321	0.97444	0.025468	8.5532e-05	2.6055e-06
322	0.97274	0.027173	8.5568e-05	2.7253e-06
323	0.97192	0.02799	8.5598e-05	2.7728e-06
324	0.9719	0.028014	8.5807e-05	2.7398e-06
325	0.97275	0.027157	8.6011e-05	2.6341e-06
326	0.9745	0.025411	8.6212e-05	2.455e-06
327	0.97723	0.022685	8.6406e-05	2.1964e-06
328	0.97522	0.024693	8.6281e-05	2.367e-06
329	0.97401	0.025901	8.6335e-05	2.4569e-06
330	0.97359	0.026323	8.6566e-05	2.4676e-06
331	0.97403	0.025879	8.6792e-05	2.4072e-06
332	0.97535	0.024564	8.7012e-05	2.2748e-06
333	0.97762	0.022295	8.7223e-05	2.0647e-06
334	0.98071	0.019203	8.7618e-05	1.7697e-06
335	0.98474	0.015175	8.8013e-05	1.3977e-06
336	0.98982	0.010086	8.8405e-05	9.4087e-07
337	0.99078	0.0091338	8.8567e-05	8.4917e-07
338	0.98889	0.011025	8.8384e-05	1.0224e-06
339	0.9878	0.012113	8.818e-05	1.1292e-06
340	0.98739	0.012516	8.8143e-05	1.1676e-06
341	0.98299	0.016922	8.756e-05	1.5906e-06
342	0.97943	0.020477	8.7164e-05	1.9239e-06
343	0.9768	0.023116	8.6767e-05	2.1813e-06
344	0.97497	0.024943	8.6553e-05	2.3552e-06
345	0.97402	0.025896	8.6335e-05	2.4569e-06
346	0.97393	0.025983	8.611e-05	2.4873e-06
347	0.97462	0.025288	8.6062e-05	2.4386e-06
348	0.97611	0.023806	8.6191e-05	2.3105e-06
349	0.9727	0.027212	8.6013e-05	2.6219e-06
350	0.97032	0.02959	8.5831e-05	2.8508e-06
351	0.96877	0.031137	8.583e-05	2.9951e-06
352	0.96821	0.0317	8.5823e-05	3.0596e-06
353	0.96846	0.03145	8.5995e-05	3.0411e-06
354	0.96969	0.030219	8.6161e-05	2.9426e-06
355	0.97175	0.028163	8.651e-05	2.759e-06
356	0.97465	0.02526	8.7047e-05	2.4865e-06
357	0.97842	0.021488	8.7778e-05	2.1206e-06
358	0.97749	0.022415	8.791e-05	2.213e-06
359	0.97733	0.022581	8.8219e-05	2.2275e-06
360	0.97792	0.021987	8.8707e-05	2.1633e-06
361	0.97942	0.020486	8.9183e-05	2.0225e-06
362	0.98171	0.018202	8.9846e-05	1.7979e-06
363	0.98479	0.015118	9.0702e-05	1.4853e-06
364	0.98885	0.011054	9.1553e-05	1.0859e-06
365	0.9891	0.010808	9.2148e-05	1.0506e-06
366	0.99007	0.0098369	9.2727e-05	9.5125e-07
367	0.99182	0.0080847	9.3284e-05	7.8294e-07
368	0.99427	0.0056393	9.402e-05	5.3946e-07
369	0.99754	0.0023659	9.474e-05	2.2136e-07
370	0.99855	0.0013507	9.5008e-05	1.2774e-07
371	0.99693	0.0029713	9.6499e-05	2.9584e-07
372	0.99594	0.0039597	9.795e-05	4.1017e-07
373	0.99554	0.0043573	9.96e-05	4.6373e-07
374	0.99576	0.0041354	0.00010121	4.5872e-07
375	0.99657	0.0033242	0.00010304	3.8708e-07
376	0.99798	0.0019178	0.00010508	2.4437e-07
377	0.99813	0.0017673	0.00010719	2.3841e-07
378	0.99881	0.0010792	0.00010953	1.6864e-07
379	0.99709	0.0027944	0.0001104	3.686e-07
380	0.99189	0.007997	0.00011073	1.0058e-06
381	0.98754	0.012345	0.00011129	1.54e-06
382	0.9841	0.015782	0.00011185	1.9874e-06
383	0.98154	0.018342	0.00011241	2.3479e-06
384	0.97976	0.020122	0.00011319	2.6088e-06
385	0.97882	0.021066	0.00011398	2.7823e-06
386	0.97862	0.021258	0.00011499	2.8561e-06
387	0.97918	0.020698	0.00011623	2.8284e-06
388	0.9805	0.019383	0.00011771	2.6952e-06
389	0.97739	0.022492	0.00011879	3.1257e-06
390	0.9751	0.024776	0.00012012	3.4483e-06
391	0.9737	0.026171	0.00012145	3.6754e-06
392	0.9731	0.026777	0.00012304	3.7922e-06
393	0.97336	0.026512	0.00012463	3.8074e-06
394	0.95306	0.046809	0.00012585	7.0165e-06
395	0.93507	0.06479	0.00012702	1.0127e-05
396	0.91894	0.080921	0.00012863	1.3073e-05
397	0.90503	0.09482	0.00013021	1.5877e-05
398	0.89271	0.10714	0.00013222	1.8521e-05
399	0.88189	0.11795	0.00013467	2.1009e-05
400	0.87249	0.12735	0.00013758	2.3347e-05
401	0.86444	0.13539	0.00014095	2.5535e-05
402	0.85807	0.14175	0.00014429	2.7555e-05
403	0.8533	0.14652	0.00014763	2.939e-05
404	0.84973	0.15009	0.00015147	3.1037e-05
405	0.84751	0.1523	0.00015534	3.2496e-05
406	0.84677	0.15304	0.00015925	3.3723e-05
407	0.84716	0.15265	0.0001637	3.4718e-05
408	0.8487	0.1511	0.00016875	3.5457e-05
409	0.85173	0.14806	0.00017389	3.5901e-05
410	0.85595	0.14384	0.00017968	3.6034e-05
411	0.84818	0.1516	0.00018331	3.8892e-05
412	0.84193	0.15784	0.00018695	4.1542e-05
413	0.8373	0.16246	0.00019065	4.3932e-05
414	0.83423	0.16553	0.00019442	4.6043e-05
415	0.83235	0.1674	0.00019883	4.7872e-05
416	0.83164	0.16811	0.00020391	4.9404e-05
417	0.83227	0.16747	0.00020911	5.0635e-05
418	0.83426	0.16547	0.00021444	5.154e-05
419	0.83762	0.16211	0.00021995	5.2096e-05
420	0.84218	0.15754	0.00022622	5.225e-05
421	0.83424	0.16548	0.00022911	5.6186e-05
422	0.82764	0.17207	0.00023275	5.979e-05
423	0.82232	0.17738	0.00023715	6.3063e-05
424	0.81845	0.18124	0.00024166	6.6022e-05
425	0.81599	0.18369	0.0002463	6.8646e-05
426	0.81507	0.1846	0.0002511	7.0867e-05
427	0.79792	0.20175	0.00025042	7.9031e-05
428	0.78293	0.21673	0.00024993	8.6805e-05
429	0.76964	0.23001	0.00025034	9.4106e-05
430	0.7585	0.24115	0.00025098	0.00010094
431	0.74888	0.25076	0.00025251	0.00010732
432	0.74069	0.25894	0.00025492	0.00011327
433	0.7339	0.26573	0.00025825	0.00011878
434	0.72868	0.27093	0.00026176	0.00012389
435	0.72499	0.27462	0.00026548	0.00012857
436	0.72255	0.27705	0.00027015	0.00013278
437	0.72158	0.27801	0.00027507	0.00013652
438	0.72225	0.27733	0.00028031	0.00013968
439	0.72416	0.27541	0.00028658	0.0001423
440	0.72755	0.27202	0.0002932	0.00014433
441	0.73245	0.2671	0.00030023	0.00014575
442	0.7223	0.27725	0.00029924	0.00015483
443	0.7136	0.28594	0.00029934	0.0001633
444	0.70632	0.2932	0.00030054	0.00017115
445	0.70086	0.29866	0.00030211	0.00017838
446	0.69669	0.30282	0.00030475	0.00018502
447	0.69422	0.30528	0.00030778	0.00019101
448	0.69301	0.30648	0.00031194	0.00019638
449	0.69328	0.3062	0.00031648	0.00020115
450	0.69479	0.30468	0.0003222	0.00020526
451	0.69757	0.30189	0.00032916	0.00020867
452	0.70163	0.29782	0.00033743	0.00021135
453	0.70698	0.29246	0.0003471	0.00021323
454	0.71367	0.28575	0.00035829	0.00021423
455	0.72177	0.27765	0.00037113	0.00021425
456	0.73181	0.26759	0.00038478	0.00021311
457	0.74394	0.25545	0.00039934	0.00021072
458	0.75773	0.24165	0.00041594	0.00020697
459	0.77325	0.22612	0.00043478	0.00020171
460	0.79099	0.20837	0.00045485	0.00019489
461	0.81112	0.18822	0.00047629	0.00018638
462	0.8342	0.16512	0.00049939	0.00017584
463	0.83858	0.16073	0.00051085	0.00017768
464	0.84439	0.15491	0.00052293	0.00017858
465	0.85148	0.14781	0.00053685	0.00017838
466	0.86032	0.13895	0.00055159	0.00017696
467	0.87056	0.1287	0.00056843	0.00017422
468	0.88277	0.11648	0.00058629	0.00017004
469	0.89709	0.10214	0.00060531	0.00016429
470	0.89859	0.10064	0.00060911	0.00016243
471	0.90131	0.097915	0.00061367	0.00015963
472	0.90528	0.093945	0.00061903	0.00015587
473	0.91038	0.088848	0.00062594	0.00015089
474	0.91662	0.082602	0.00063447	0.00014462
475	0.92425	0.074971	0.00064393	0.00013725
476	0.92263	0.07659	0.00064389	0.00013991
477	0.92199	0.077221	0.00064529	0.00014149
478	0.92248	0.076729	0.00064739	0.00014218
479	0.92397	0.075239	0.00065095	0.00014177
480	0.92646	0.07274	0.000656	0.00014025
481	0.92997	0.069226	0.00066257	0.00013759
482	0.93452	0.064672	0.00067072	0.00013373
483	0.94014	0.059046	0.00068054	0.00012862
484	0.93777	0.061428	0.00067819	0.00012801
485	0.93657	0.062624	0.00067662	0.00012642
486	0.93633	0.062868	0.00067651	0.00012373
487	0.93716	0.062045	0.00067711	0.00012014
488	0.93916	0.060042	0.0006785	0.00011555
489	0.94213	0.057075	0.00068139	0.00010981
490	0.9376	0.061617	0.00067418	0.00011354
491	0.93409	0.065129	0.00066849	0.00011612
492	0.93157	0.067646	0.00066425	0.00011761
493	0.91751	0.081712	0.00064672	0.00013186
494	0.90549	0.093732	0.0006307	0.00014438
495	0.89537	0.10386	0.00061606	0.00015529
496	0.88662	0.11261	0.00060344	0.00016455
497	0.87955	0.11968	0.00059199	0.00017244
498	0.87373	0.12551	0.00058232	0.0001789
499	0.8693	0.12995	0.00057356	0.00018428
500	0.8662	0.13305	0.00056566	0.00018862
501	0.86423	0.13502	0.0005593	0.00019177
502	0.86354	0.13571	0.00055371	0.00019397
503	0.86399	0.13527	0.00054959	0.00019504
504	0.86571	0.13354	0.00054619	0.00019523
505	0.85505	0.14422	0.00052701	0.00019831
506	0.84583	0.15346	0.00051009	0.00020001
507	0.83798	0.16132	0.00049525	0.00020045
508	0.83144	0.16787	0.00048232	0.00019976
509	0.82639	0.17294	0.00047002	0.0001981
510	0.82258	0.17677	0.00045944	0.00019547
511	0.81997	0.17938	0.00045049	0.00019195
512	0.81855	0.18082	0.00044305	0.00018758
513	0.81865	0.18074	0.0004361	0.00018237
514	0.81993	0.17946	0.0004306	0.00017639
515	0.8224	0.177	0.00042651	0.00016963
516	0.82644	0.17297	0.00042286	0.0001621
517	0.81705	0.18238	0.00041077	0.00016365
518	0.8093	0.19014	0.00039935	0.00016427
519	0.80329	0.19615	0.00038855	0.00016394
520	0.79858	0.20088	0.00037923	0.00016275
521	0.79531	0.20415	0.00037037	0.00016081
522	0.79328	0.2062	0.00036285	0.00015815
523	0.79245	0.20704	0.00035658	0.00015478
524	0.79283	0.20667	0.00035152	0.00015075
525	0.79478	0.20472	0.00034684	0.00014606
526	0.79834	0.20118	0.0003425	0.00014074
527	0.78808	0.21145	0.00033022	0.00014302
528	0.77927	0.22026	0.00031943	0.00014437
529	0.74428	0.25527	0.00029764	0.00015748
530	0.71234	0.28721	0.00027845	0.00016847
531	0.68374	0.31582	0.00026072	0.0001778
532	0.65769	0.34188	0.00024509	0.00018547
533	0.63447	0.3651	0.00023061	0.00019179
534	0.61346	0.38612	0.00021789	0.00019678
535	0.59521	0.40438	0.00020615	0.00020057
536	0.57884	0.42076	0.00019587	0.00020332
537	0.56421	0.43539	0.00018689	0.00020515
538	0.55124	0.44837	0.00017907	0.00020618
539	0.53983	0.45979	0.00017232	0.0002065
540	0.52987	0.46976	0.00016651	0.0002062
541	0.52129	0.47834	0.00016158	0.00020535
542	0.51456	0.48508	0.00015708	0.00020389
543	0.50936	0.49029	0.00015294	0.00020194
544	0.48009	0.51956	0.00014042	0.00020808
545	0.45327	0.54639	0.00012941	0.00021302
546	0.42871	0.57095	0.00011974	0.00021692
547	0.40625	0.59342	0.00011125	0.00021992
548	0.38651	0.61317	0.0001035	0.00022204
549	0.36924	0.63044	9.642e-05	0.00022335
550	0.35355	0.64614	9.0225e-05	0.00022404
551	0.33933	0.66036	8.4817e-05	0.00022421
552	0.32708	0.67261	7.9874e-05	0.00022378
553	0.31612	0.68359	7.5592e-05	0.00022294
554	0.30633	0.69338	7.1894e-05	0.00022175
555	0.29766	0.70205	6.8724e-05	0.00022026
556	0.29004	0.70968	6.6034e-05	0.00021851
557	0.28342	0.7163	6.3784e-05	0.00021653
558	0.27775	0.72197	6.1941e-05	0.00021434
559	0.27301	0.72671	6.0481e-05	0.00021197
560	0.26959	0.73014	5.9224e-05	0.00020929
561	0.26725	0.73248	5.8127e-05	0.00020636
562	0.26597	0.73377	5.7178e-05	0.0002032
563	0.26552	0.73422	5.6557e-05	0.0001999
564	0.26629	0.73345	5.6094e-05	0.00019635
565	0.26789	0.73186	5.5937e-05	0.00019267
566	0.27055	0.72921	5.5901e-05	0.0001888
567	0.27405	0.72571	5.6164e-05	0.0001848
568	0.27868	0.72108	5.6544e-05	0.0001806
569	0.28468	0.71509	5.7064e-05	0.00017617
570	0.29213	0.70764	5.7721e-05	0.00017149
571	0.30112	0.69865	5.8508e-05	0.00016658
572	0.31125	0.68853	5.9616e-05	0.00016155
573	0.32289	0.67689	6.0827e-05	0.00015632
574	0.33581	0.66398	6.2369e-05	0.00015095
575	0.35046	0.64933	6.4021e-05	0.00014538
576	0.36664	0.63316	6.6037e-05	0.00013963
577	0.38516	0.61464	6.8211e-05	0.00013362
578	0.40545	0.59435	7.0777e-05	0.00012741
579	0.42767	0.57213	7.3761e-05	0.00012096
580	0.45288	0.54693	7.6946e-05	0.00011421
581	0.48039	0.51942	8.0602e-05	0.00010716
582	0.51045	0.48937	8.4779e-05	9.9784e-05
583	0.51613	0.48368	8.4038e-05	9.7083e-05
584	0.52361	0.47622	8.3411e-05	9.4152e-05
585	0.53244	0.46739	8.3146e-05	9.105e-05
586	0.52398	0.47585	8.0166e-05	9.0937e-05
587	0.51686	0.48297	7.7624e-05	9.0559e-05
588	0.51152	0.48831	7.5267e-05	8.9889e-05
589	0.5074	0.49244	7.3289e-05	8.9007e-05
590	0.50448	0.49536	7.1668e-05	8.7929e-05
591	0.50276	0.49708	7.0383e-05	8.6669e-05
592	0.50221	0.49763	6.9419e-05	8.5237e-05
593	0.50308	0.49677	6.856e-05	8.3617e-05
594	0.50558	0.49427	6.7813e-05	8.1788e-05
595	0.50928	0.49057	6.7365e-05	7.9809e-05
596	0.51421	0.48564	6.7211e-05	7.7679e-05
597	0.52039	0.47947	6.7344e-05	7.5398e-05
598	0.52814	0.47172	6.7567e-05	7.2945e-05
599	0.53754	0.46232	6.7877e-05	7.0325e-05
600	0.54895	0.45091	6.8287e-05	6.7508e-05
601	0.56252	0.43735	6.8793e-05	6.4499e-05
602	0.57842	0.42145	6.939e-05	6.1299e-05
603	0.59615	0.40372	7.0305e-05	5.7932e-05
604	0.59535	0.40453	6.8591e-05	5.7033e-05
605	0.59622	0.40366	6.6963e-05	5.5945e-05
606	0.59831	0.40157	6.5623e-05	5.472e-05
607	0.6019	0.39798	6.4341e-05	5.3349e-05
608	0.60677	0.39311	6.3331e-05	5.1855e-05
609	0.61294	0.38694	6.2579e-05	5.0245e-05
610	0.62045	0.37943	6.2081e-05	4.8519e-05
611	0.6299	0.37	6.1633e-05	4.6646e-05
612	0.62284	0.37705	5.9487e-05	4.6609e-05
613	0.61739	0.38251	5.744e-05	4.6391e-05
614	0.61324	0.38666	5.5679e-05	4.6017e-05
615	0.61036	0.38954	5.4185e-05	4.5504e-05
616	0.60874	0.39116	5.2939e-05	4.4864e-05
617	0.60834	0.39157	5.1923e-05	4.4108e-05
618	0.60961	0.39029	5.0963e-05	4.321e-05
619	0.61212	0.38779	5.0218e-05	4.2211e-05
620	0.61613	0.38378	4.951e-05	4.1098e-05
621	0.62169	0.37822	4.8834e-05	3.9879e-05
622	0.61035	0.38956	4.6758e-05	4.0194e-05
623	0.60051	0.3994	4.4953e-05	4.0342e-05
624	0.59238	0.40754	4.3237e-05	4.033e-05
625	0.58588	0.41403	4.1599e-05	4.0169e-05
626	0.58071	0.41921	4.0188e-05	3.9885e-05
627	0.57681	0.42311	3.8985e-05	3.9494e-05
628	0.57462	0.42531	3.7836e-05	3.8971e-05
629	0.57363	0.42629	3.687e-05	3.8362e-05
630	0.57411	0.42582	3.5937e-05	3.7652e-05
631	0.57605	0.42388	3.5029e-05	3.6847e-05
632	0.57924	0.42069	3.4286e-05	3.5976e-05
633	0.58367	0.41626	3.3696e-05	3.5043e-05
634	0.58937	0.41056	3.3254e-05	3.4051e-05
635	0.59668	0.40326	3.2822e-05	3.2983e-05
636	0.60565	0.39428	3.2394e-05	3.1845e-05
637	0.61665	0.38329	3.1969e-05	3.0629e-05
638	0.62921	0.37073	3.1683e-05	2.9366e-05
639	0.64342	0.35652	3.1532e-05	2.8055e-05
640	0.66004	0.3399	3.1376e-05	2.6675e-05
641	0.65868	0.34127	2.784e-05	2.3074e-05
642	0.65856	0.3414	2.4542e-05	1.955e-05
643	0.65968	0.34028	2.145e-05	1.6124e-05
644	0.66207	0.3379	1.8532e-05	1.2813e-05
645	0.66617	0.33381	1.5446e-05	9.5141e-06
646	0.65397	0.346	1.4791e-05	9.5968e-06
647	0.64335	0.35663	1.4225e-05	9.6285e-06
648	0.63472	0.36525	1.3668e-05	9.6001e-06
649	0.62751	0.37247	1.3187e-05	9.531e-06
650	0.6219	0.37808	1.2707e-05	9.4141e-06
651	0.6176	0.38238	1.2295e-05	9.2644e-06
652	0.61456	0.38542	1.1945e-05	9.0856e-06
653	0.61301	0.38697	1.1589e-05	8.8677e-06
654	0.6127	0.38728	1.1289e-05	8.6257e-06
655	0.61362	0.38636	1.1041e-05	8.3616e-06
656	0.61602	0.38397	1.0781e-05	8.0647e-06
657	0.61968	0.3803	1.0571e-05	7.7489e-06
658	0.6251	0.37489	1.0345e-05	7.4002e-06
659	0.63184	0.36815	1.0164e-05	7.0359e-06
660	0.63996	0.36002	1.0027e-05	6.656e-06
661	0.64952	0.35047	9.932e-06	6.2608e-06
662	0.66088	0.33911	9.817e-06	5.842e-06
663	0.67416	0.32583	9.6784e-06	5.4023e-06
664	0.68916	0.31083	9.5797e-06	4.951e-06
665	0.70665	0.29334	9.4531e-06	4.4793e-06
666	0.72652	0.27347	9.2935e-06	3.9954e-06
667	0.74855	0.25144	9.1685e-06	3.5062e-06
668	0.75123	0.24876	8.8198e-06	3.2933e-06
669	0.75516	0.24482	8.5077e-06	3.069e-06
670	0.76061	0.23937	8.1678e-06	2.8285e-06
671	0.76764	0.23235	7.7971e-06	2.5743e-06
672	0.77651	0.22348	7.3901e-06	2.3076e-06
673	0.78685	0.21314	7.0113e-06	2.0391e-06
674	0.79925	0.20074	6.5901e-06	1.7642e-06
675	0.8133	0.18669	6.191e-06	1.4931e-06
676	0.82971	0.17028	5.7419e-06	1.2232e-06
677	0.84805	0.15195	5.3084e-06	9.6386e-07
678	0.86844	0.13156	4.8864e-06	7.1758e-07
679	0.89178	0.10822	4.4016e-06	4.8568e-07
680	0.91754	0.082461	3.9185e-06	2.7646e-07
681	0.92481	0.075181	4.1959e-06	2.8072e-07
682	0.93333	0.066666	4.4915e-06	2.7368e-07
683	0.94314	0.056856	4.808e-06	2.5377e-07
684	0.95431	0.045683	5.1482e-06	2.1918e-07
685	0.96693	0.033069	5.5154e-06	1.678e-07
686	0.97	0.02999	5.7671e-06	1.6114e-07
687	0.97417	0.02582	5.9849e-06	1.4637e-07
688	0.97928	0.020713	6.2216e-06	1.2296e-07
689	0.97931	0.020686	6.3588e-06	1.2877e-07
690	0.98008	0.019911	6.5114e-06	1.2889e-07
691	0.98161	0.018381	6.6802e-06	1.2291e-07
692	0.98405	0.015945	6.8133e-06	1.1032e-07
693	0.98728	0.012716	6.9642e-06	9.0723e-08
694	0.9914	0.0085885	7.0825e-06	6.4251e-08
695	0.99197	0.0080197	7.2065e-06	6.1547e-08
696	0.99328	0.0067141	7.293e-06	5.3512e-08
697	0.99524	0.0047501	7.3963e-06	3.983e-08
698	0.99793	0.0020582	7.4652e-06	2.0704e-08
699	0.9987	0.0012957	6.7118e-06	8.13e-09
700	0.99862	0.0013756	7.0641e-06	9.0695e-09
701	0.9976	0.0023891	7.348e-06	1.6797e-08
702	0.9972	0.0027914	7.5913e-06	2.0593e-08
703	0.99736	0.002635	7.8541e-06	1.9901e-08
704	0.99807	0.0019187	8.1378e-06	1.4243e-08
705	0.99518	0.0048108	8.4209e-06	3.5325e-08
706	0.99298	0.0070156	8.7265e-06	5.1418e-08
707	0.99145	0.0085441	9.0571e-06	6.2031e-08
708	0.99058	0.0094074	9.4141e-06	6.6608e-08
709	0.98584	0.014148	1.2278e-05	1.6698e-07
710	0.98205	0.017938	1.5025e-05	2.8443e-07
711	0.97908	0.020904	1.7916e-05	4.1181e-07
712	0.977	0.02298	2.0702e-05	5.4116e-07
713	0.97571	0.02427	2.3653e-05	6.66e-07
714	0.97527	0.024702	2.6512e-05	7.7814e-07
715	0.97575	0.024215	2.9275e-05	8.6838e-07
716	0.97702	0.022946	3.2228e-05	9.309e-07
717	0.97907	0.020891	3.5389e-05	9.5736e-07
718	0.97665	0.023311	3.8545e-05	1.1733e-06
719	0.97511	0.024849	4.1602e-05	1.3729e-06
720	0.9745	0.025453	4.4559e-05	1.5449e-06
721	0.97482	0.025132	4.7425e-05	1.6807e-06
722	0.97592	0.024031	5.051e-05	1.7738e-06
723	0.9778	0.022142	5.3835e-05	1.8152e-06
724	0.98065	0.019293	5.7088e-05	1.7939e-06
725	0.98433	0.015611	6.0611e-05	1.6992e-06
726	0.98381	0.016124	6.1168e-05	1.6805e-06
727	0.97851	0.021426	6.1495e-05	2.0071e-06
728	0.97424	0.025697	6.1806e-05	2.2797e-06
729	0.97086	0.029074	6.2265e-05	2.4897e-06
730	0.96835	0.031582	6.2874e-05	2.6382e-06
731	0.96678	0.033149	6.3466e-05	2.7321e-06
732	0.96605	0.033887	6.4208e-05	2.7634e-06
733	0.96613	0.033799	6.5106e-05	2.7304e-06
734	0.96722	0.032715	6.5985e-05	2.6325e-06
735	0.96913	0.030797	6.7027e-05	2.4639e-06
736	0.97208	0.027848	6.8056e-05	2.2235e-06
737	0.9761	0.023832	6.9076e-05	1.9073e-06
738	0.98123	0.018695	7.0093e-05	1.5112e-06
739	0.97551	0.024419	7.0389e-05	1.9308e-06
740	0.97086	0.029068	7.0673e-05	2.2873e-06
741	0.96733	0.032601	7.0942e-05	2.5753e-06
742	0.96486	0.035063	7.1197e-05	2.7948e-06
743	0.96326	0.036666	7.1613e-05	2.943e-06
744	0.9625	0.037421	7.2192e-05	3.02e-06
745	0.95453	0.045398	7.2105e-05	3.6773e-06
746	0.94799	0.051937	7.2025e-05	4.2447e-06
747	0.94253	0.057391	7.2128e-05	4.7198e-06
748	0.93838	0.06154	7.2233e-05	5.1094e-06
749	0.93524	0.064683	7.2517e-05	5.4116e-06
750	0.93332	0.066602	7.2801e-05	5.63e-06
751	0.93237	0.067547	7.3267e-05	5.7611e-06
752	0.93252	0.067405	7.3736e-05	5.8139e-06
753	0.93363	0.066294	7.4391e-05	5.7768e-06
754	0.9357	0.064218	7.5232e-05	5.6477e-06
755	0.93877	0.061152	7.6271e-05	5.4209e-06
756	0.94284	0.057073	7.7516e-05	5.0897e-06
757	0.94795	0.051964	7.8977e-05	4.6471e-06
758	0.95414	0.045777	8.0671e-05	4.0816e-06
759	0.96173	0.03818	8.2397e-05	3.3906e-06
760	0.9621	0.037804	9.0709e-05	4.0635e-06
761	0.95551	0.044396	9.2603e-05	4.7167e-06
762	0.94998	0.049921	9.4758e-05	5.2824e-06
763	0.94548	0.054417	9.7185e-05	5.7588e-06
764	0.94211	0.057781	9.9582e-05	6.1517e-06
765	0.93972	0.060166	0.00010227	6.4432e-06
766	0.9383	0.06159	0.00010527	6.6265e-06
767	0.93794	0.061946	0.00010825	6.7044e-06
768	0.93852	0.061364	0.00011156	6.6564e-06
769	0.94027	0.05961	0.00011487	6.4727e-06
770	0.94299	0.056889	0.00011854	6.1355e-06
771	0.93807	0.061786	0.00013726	8.5313e-06
772	0.93433	0.065505	0.00015538	1.0986e-05
773	0.9316	0.06821	0.00017469	1.3468e-05
774	0.92986	0.069933	0.00019529	1.5922e-05
775	0.92932	0.070444	0.00021537	1.8217e-05
776	0.92976	0.06998	0.00023694	2.0338e-05
777	0.93118	0.068537	0.00026016	2.2207e-05
778	0.93357	0.066117	0.00028518	2.3739e-05
779	0.93722	0.062446	0.00030991	2.478e-05
780	0.9419	0.057736	0.00033672	2.5272e-05
781	0.9478	0.051809	0.0003635	2.51e-05
782	0.94611	0.053477	0.00038964	2.8006e-05
783	0.94554	0.054016	0.00041525	3.0572e-05
784	0.94589	0.053635	0.00044294	3.2746e-05
785	0.94737	0.052128	0.00047026	3.44e-05
786	0.94977	0.049694	0.00049987	3.5472e-05
787	0.95311	0.046319	0.00053199	3.5847e-05
788	0.95756	0.041845	0.00056409	3.5427e-05
789	0.96301	0.036359	0.00059906	3.4036e-05
790	0.96965	0.029684	0.00063424	3.1587e-05
791	0.9774	0.021901	0.0006727	2.7832e-05
792	0.9787	0.020592	0.00068531	2.5883e-05
793	0.98077	0.018504	0.00069943	2.3136e-05
794	0.98364	0.015624	0.00071517	1.9523e-05
795	0.98731	0.011938	0.00073264	1.4972e-05
796	0.9874	0.011842	0.00074561	1.4479e-05
797	0.98816	0.011065	0.00076005	1.3331e-05
798	0.98568	0.013536	0.00077258	1.5218e-05
799	0.98393	0.015265	0.00078667	1.6484e-05
800	0.98298	0.016201	0.00080089	1.7185e-05
801	0.98287	0.016302	0.00081523	1.7251e-05
802	0.98347	0.015683	0.00083123	1.6605e-05
803	0.98486	0.014278	0.00084746	1.5287e-05
804	0.98698	0.012137	0.00086546	1.3157e-05
805	0.98986	0.0092446	0.00088538	1.0146e-05
806	0.98965	0.0094349	0.00090104	1.0379e-05
807	0.99019	0.0088831	0.00091682	9.9652e-06
808	0.98789	0.011171	0.0009284	1.2652e-05
809	0.98641	0.012634	0.00094017	1.466e-05
810	0.98564	0.013395	0.00095359	1.5927e-05
811	0.98033	0.018686	0.00096024	2.2716e-05
812	0.97604	0.022962	0.00096731	2.8678e-05
813	0.97263	0.026365	0.00097623	3.3661e-05
814	0.97006	0.028918	0.00098701	3.7682e-05
815	0.96833	0.030633	0.00099973	4.0732e-05
816	0.96742	0.03152	0.0010145	4.2799e-05
817	0.96733	0.031595	0.0010312	4.3866e-05
818	0.96814	0.030765	0.0010485	4.4013e-05
819	0.96977	0.029117	0.0010679	4.3062e-05
820	0.96608	0.032796	0.0010787	4.9444e-05
821	0.96328	0.035578	0.0010917	5.4685e-05
822	0.96134	0.03749	0.0011071	5.8801e-05
823	0.96027	0.038546	0.0011247	6.1776e-05
824	0.96014	0.038653	0.0011429	6.3721e-05
825	0.96086	0.037912	0.0011635	6.4435e-05
826	0.96253	0.036217	0.0011847	6.4009e-05
827	0.96518	0.03355	0.0012066	6.2373e-05
828	0.96871	0.029995	0.0012311	5.9276e-05
829	0.96669	0.031999	0.0012493	6.47e-05
830	0.96549	0.033169	0.0012701	6.8856e-05
831	0.96512	0.033516	0.0012938	7.171e-05
832	0.95763	0.040981	0.0013061	8.7659e-05
833	0.95151	0.047064	0.001319	0.00010212
834	0.94645	0.0521	0.0013352	0.00011497
835	0.92772	0.070806	0.0013214	0.00015704
836	0.91088	0.087607	0.0013123	0.00019607
837	0.89612	0.10234	0.0013045	0.00023303
838	0.88299	0.11544	0.0013011	0.00026733
839	0.87187	0.12653	0.0012992	0.00029932
840	0.86222	0.13615	0.0013015	0.00032882
841	0.82807	0.17027	0.0012406	0.00041914
842	0.79689	0.20142	0.001187	0.00050388
843	0.76848	0.2298	0.0011401	0.00058366
844	0.74352	0.25473	0.0010964	0.00065937
845	0.72169	0.27652	0.0010559	0.00073112
846	0.70201	0.29617	0.0010212	0.00079879
847	0.6843	0.31385	0.0009916	0.00086292
848	0.66881	0.3293	0.00096403	0.00092443
849	0.65503	0.34304	0.00094119	0.00098289
850	0.64288	0.35516	0.00092282	0.0010386
851	0.63227	0.36573	0.00090872	0.0010919
852	0.62312	0.37484	0.00089872	0.001143
853	0.61588	0.38203	0.00089042	0.0011915
854	0.58178	0.41613	0.0008357	0.0012546
855	0.55058	0.44732	0.00078713	0.001312
856	0.52202	0.47588	0.00074405	0.0013646
857	0.49683	0.50106	0.00070472	0.0014131
858	0.47383	0.52404	0.00067004	0.0014576
859	0.45368	0.54418	0.0006385	0.0014987
860	0.43537	0.56248	0.00061096	0.0015364
861	0.41878	0.57906	0.00058709	0.001571
862	0.40444	0.59339	0.00056565	0.0016029
863	0.3916	0.60622	0.0005475	0.0016321
864	0.38045	0.61736	0.00053112	0.0016594
865	0.37058	0.62722	0.00051762	0.0016844
866	0.36195	0.63584	0.00050692	0.0017072
867	0.35448	0.64329	0.00049888	0.0017281
868	0.34814	0.64962	0.00049341	0.001747
869	0.34311	0.65463	0.00048929	0.0017644
870	0.33956	0.65818	0.00048679	0.0017799
871	0.33742	0.6603	0.00048591	0.0017934
872	0.33626	0.66145	0.0004875	0.0018052
873	0.33605	0.66165	0.00049154	0.0018152
874	0.33678	0.6609	0.00049806	0.0018235
875	0.3387	0.65896	0.00050604	0.00183
876	0.34161	0.65604	0.00051673	0.0018346
877	0.34552	0.65211	0.00053028	0.0018371
878	0.35047	0.64715	0.00054686	0.0018374
879	0.35673	0.64087	0.00056531	0.0018355
880	0.36437	0.63321	0.00058579	0.0018313
881	0.3732	0.62437	0.00060989	0.0018243
882	0.38327	0.61428	0.00063794	0.0018142
883	0.39463	0.6029	0.00067022	0.0018008
884	0.4074	0.59011	0.00070726	0.0017835
885	0.42162	0.57587	0.00074945	0.0017621
886	0.43744	0.56003	0.00079746	0.0017359
887	0.45496	0.54249	0.00085195	0.0017043
888	0.4743	0.52312	0.00091365	0.0016666
889	0.47382	0.52357	0.00092688	0.0016788
890	0.47448	0.52288	0.00094429	0.0016882
891	0.47629	0.52104	0.0009661	0.0016944
892	0.47951	0.5178	0.00099038	0.0016977
893	0.48392	0.51336	0.0010195	0.0016976
894	0.48953	0.50772	0.0010539	0.0016936
895	0.49689	0.50033	0.0010918	0.0016855
896	0.50556	0.49163	0.0011356	0.0016729
897	0.51591	0.48125	0.0011833	0.0016559
898	0.52805	0.46908	0.0012352	0.0016341
899	0.54176	0.45534	0.0012947	0.0016063
900	0.55712	0.43995	0.0013623	0.0015719
901	0.57423	0.4228	0.0014391	0.0015301
902	0.59364	0.40336	0.0015223	0.0014812
903	0.6159	0.38106	0.0016134	0.0014237
904	0.64041	0.35652	0.0017164	0.001356
905	0.66736	0.32953	0.0018329	0.0012767
906	0.69748	0.29937	0.0019593	0.0011867
907	0.7039	0.29292	0.0020017	0.0011778
908	0.71195	0.28483	0.0020481	0.0011641
909	0.72146	0.2753	0.0021024	0.0011444
910	0.73245	0.26426	0.0021651	0.0011182
911	0.74504	0.25163	0.0022371	0.0010848
912	0.75932	0.23732	0.0023192	0.0010434
913	0.77601	0.22059	0.0024086	0.00099372
914	0.79461	0.20195	0.0025099	0.00093435
915	0.81568	0.18084	0.0026192	0.00086595
916	0.83942	0.15706	0.0027375	0.00078775
917	0.86557	0.13086	0.0028709	0.00069662
918	0.89529	0.1011	0.0030164	0.0005923
919	0.90355	0.092799	0.0030839	0.00056864
920	0.91314	0.083164	0.0031609	0.00053809
921	0.92455	0.071709	0.0032435	0.00050059
922	0.9254	0.070842	0.003269	0.0004865
923	0.92737	0.068867	0.0032985	0.00046799
924	0.93057	0.06565	0.0033326	0.00044443
925	0.93506	0.061149	0.0033714	0.00041558
926	0.94062	0.055579	0.0034174	0.00038045
927	0.94758	0.048612	0.0034689	0.00033935
928	0.95602	0.04016	0.0035263	0.00029188
929	0.96572	0.030455	0.0035923	0.00023667
930	0.97673	0.019426	0.0036679	0.00017301
931	0.97976	0.016391	0.0036947	0.0001571
932	0.98361	0.012531	0.0037271	0.00013659
933	0.9883	0.007826	0.0037654	0.00011125
934	0.98592	0.010202	0.0037517	0.00012796
935	0.98425	0.011868	0.0037429	0.00014054
936	0.98338	0.012732	0.0037374	0.00014949
937	0.97782	0.018311	0.0036985	0.00017436
938	0.97318	0.022959	0.0036657	0.0001942
939	0.96962	0.02653	0.0036367	0.0002097
940	0.9671	0.029072	0.0036113	0.00022105
941	0.9654	0.030776	0.0035913	0.000228
942	0.96453	0.031662	0.0035766	0.00023072
943	0.95647	0.039731	0.0035277	0.00026894
944	0.94984	0.046376	0.0034839	0.00030151
945	0.94454	0.051683	0.0034448	0.00032877
946	0.94027	0.055968	0.0034122	0.00035052
947	0.937	0.059252	0.0033859	0.00036698
948	0.9347	0.061557	0.0033656	0.0003784
949	0.93335	0.062909	0.0033509	0.00038501
950	0.93308	0.063192	0.0033398	0.00038768
951	0.93374	0.062536	0.0033342	0.00038571
952	0.93535	0.060935	0.0033341	0.00037909
953	0.93792	0.058368	0.0033395	0.00036771
954	0.94148	0.054817	0.0033507	0.00035148
