#coord	neutral	conserved	gBGC.neutral	gBGC.conserved
1	0.90361	0.095883	0.00045729	4.8651e-05
2	0.91133	0.088165	0.00045836	4.4462e-05
3	0.92033	0.079166	0.00046005	3.967e-05
4	0.93091	0.068594	0.00046244	3.4159e-05
5	0.94316	0.056343	0.00046558	2.7893e-05
6	0.95744	0.042073	0.0004696	2.0725e-05
7	0.9734	0.026117	0.00047439	1.2811e-05
8	0.9782	0.02132	0.00047365	1.0412e-05
9	0.98394	0.015577	0.00047336	7.5815e-06
10	0.98475	0.014772	0.00047064	7.157e-06
11	0.9816	0.017921	0.00046605	8.6297e-06
12	0.97925	0.020275	0.00046187	9.7025e-06
13	0.97776	0.021773	0.00045809	1.036e-05
14	0.97704	0.022499	0.0004547	1.0644e-05
15	0.97707	0.022465	0.00045168	1.0567e-05
16	0.97191	0.027631	0.00044623	1.2913e-05
17	0.95419	0.045352	0.00043503	2.1027e-05
18	0.93827	0.061281	0.00042478	2.8199e-05
19	0.92404	0.075507	0.00041543	3.4487e-05
20	0.91187	0.087683	0.00040706	3.9774e-05
21	0.90116	0.098396	0.00039945	4.4321e-05
22	0.89207	0.10749	0.00039261	4.8092e-05
23	0.8843	0.11526	0.00038643	5.1212e-05
24	0.87779	0.12177	0.00038086	5.3726e-05
25	0.8725	0.12707	0.00037588	5.5668e-05
26	0.8684	0.13118	0.00037147	5.7058e-05
27	0.86577	0.13381	0.00036769	5.7798e-05
28	0.86458	0.13499	0.00036453	5.7916e-05
29	0.8645	0.13508	0.00036185	5.7554e-05
30	0.86571	0.13387	0.0003597	5.666e-05
31	0.86803	0.13155	0.00035802	5.5304e-05
32	0.87149	0.1281	0.00035682	5.349e-05
33	0.8761	0.12349	0.00035608	5.1217e-05
34	0.86951	0.13009	0.00035076	5.3535e-05
35	0.86434	0.13526	0.00034605	5.5243e-05
36	0.86036	0.13924	0.00034186	5.644e-05
37	0.85772	0.14189	0.0003382	5.7085e-05
38	0.85622	0.14339	0.00033504	5.7256e-05
39	0.85585	0.14376	0.00033234	5.6974e-05
40	0.85659	0.14302	0.00033009	5.6249e-05
41	0.85848	0.14114	0.0003283	5.5085e-05
42	0.8615	0.13812	0.00032694	5.3492e-05
43	0.86568	0.13394	0.00032602	5.1471e-05
44	0.87105	0.12857	0.00032555	4.9021e-05
45	0.87765	0.12198	0.00032552	4.6138e-05
46	0.88552	0.11412	0.00032593	4.2815e-05
47	0.89494	0.1047	0.00032687	3.897e-05
48	0.90621	0.093427	0.0003284	3.4511e-05
49	0.91899	0.080651	0.00033044	2.9562e-05
50	0.93338	0.066258	0.000333	2.4097e-05
51	0.95004	0.049607	0.00033627	1.7916e-05
52	0.96854	0.031105	0.00034011	1.1165e-05
53	0.97402	0.025634	0.00033934	9.1047e-06
54	0.96695	0.0327	0.00033414	1.145e-05
55	0.96121	0.038451	0.00032942	1.3308e-05
56	0.9567	0.04296	0.00032514	1.4716e-05
57	0.95317	0.046498	0.00032123	1.5767e-05
58	0.95069	0.048979	0.00031767	1.6448e-05
59	0.94933	0.050336	0.00031449	1.6745e-05
60	0.94909	0.050587	0.00031167	1.6673e-05
61	0.94974	0.049939	0.00030915	1.6304e-05
62	0.95129	0.04839	0.00030694	1.5644e-05
63	0.95387	0.045808	0.00030503	1.4666e-05
64	0.95761	0.042069	0.00030346	1.3338e-05
65	0.96256	0.037125	0.00030224	1.1656e-05
66	0.96853	0.031158	0.00030132	9.6801e-06
67	0.97571	0.023984	0.00030072	7.3699e-06
68	0.9766	0.023092	0.00029815	7.0235e-06
69	0.97842	0.021275	0.00029583	6.4047e-06
70	0.98119	0.018509	0.00029378	5.5149e-06
71	0.98495	0.014758	0.00029199	4.352e-06
72	0.98973	0.0099744	0.00029047	2.9112e-06
73	0.99043	0.0092822	0.00028774	2.6809e-06
74	0.99184	0.0078724	0.00028521	2.2497e-06
75	0.99393	0.0057833	0.00028287	1.632e-06
76	0.99372	0.0060013	0.00027986	1.6749e-06
77	0.99415	0.0055693	0.00027702	1.5363e-06
78	0.9952	0.0045211	0.00027437	1.2296e-06
79	0.99441	0.0053219	0.00027119	1.4301e-06
80	0.99421	0.0055183	0.00026819	1.4623e-06
81	0.99462	0.0051117	0.00026537	1.3317e-06
82	0.99294	0.0067941	0.00026201	1.7434e-06
83	0.98703	0.012714	0.00025747	3.2377e-06
84	0.98203	0.017711	0.00025322	4.4575e-06
85	0.97803	0.021718	0.00024923	5.3991e-06
86	0.97497	0.024775	0.00024549	6.0811e-06
87	0.97291	0.026841	0.000242	6.5018e-06
88	0.97166	0.028098	0.00023874	6.7109e-06
89	0.97129	0.028471	0.00023568	6.7005e-06
90	0.97187	0.027892	0.00023284	6.4634e-06
91	0.97341	0.026355	0.0002302	6.0064e-06
92	0.97577	0.023998	0.00022776	5.3666e-06
93	0.97338	0.02639	0.00022423	5.8108e-06
94	0.96272	0.037053	0.00021892	8.0434e-06
95	0.95336	0.046418	0.00021397	9.9234e-06
96	0.94555	0.054226	0.0002094	1.1415e-05
97	0.9389	0.060877	0.00020514	1.2609e-05
98	0.93365	0.066133	0.00020119	1.3473e-05
99	0.92973	0.07006	0.00019754	1.4033e-05
100	0.92684	0.072956	0.00019414	1.4355e-05
101	0.92508	0.074711	0.00019097	1.4431e-05
102	0.92445	0.075343	0.00018803	1.4275e-05
103	0.92481	0.074986	0.00018529	1.3918e-05
104	0.92641	0.073397	0.00018278	1.3326e-05
105	0.929	0.070803	0.00018047	1.2551e-05
106	0.93262	0.067194	0.00017834	1.1597e-05
107	0.93728	0.062536	0.0001764	1.0469e-05
108	0.94301	0.056807	0.00017464	9.1701e-06
109	0.94105	0.058773	0.0001715	9.2371e-06
110	0.94003	0.05979	0.00016855	9.1278e-06
111	0.93995	0.059874	0.00016577	8.8532e-06
112	0.93097	0.068857	0.00016167	9.9164e-06
113	0.92326	0.076575	0.00015783	1.0729e-05
114	0.91674	0.083096	0.00015422	1.1311e-05
115	0.91137	0.088467	0.00015084	1.1681e-05
116	0.90728	0.092558	0.00014767	1.1834e-05
117	0.90443	0.095411	0.00014469	1.1785e-05
118	0.90265	0.097197	0.00014189	1.1564e-05
119	0.90206	0.097787	0.00013926	1.1165e-05
120	0.90267	0.097186	0.00013679	1.0598e-05
121	0.90431	0.095546	0.00013447	9.8892e-06
122	0.907	0.092854	0.00013229	9.0452e-06
123	0.91077	0.089093	0.00013025	8.0717e-06
124	0.90505	0.094815	0.00012953	9.0601e-06
125	0.90046	0.099399	0.00012896	9.8912e-06
126	0.89699	0.10287	0.00012855	1.0569e-05
127	0.89459	0.10527	0.00012828	1.1099e-05
128	0.89343	0.10643	0.00012818	1.1464e-05
129	0.89361	0.10625	0.00012823	1.1651e-05
130	0.89513	0.10473	0.00012846	1.1661e-05
131	0.89774	0.10212	0.00012884	1.1525e-05
132	0.90144	0.098423	0.00012936	1.1241e-05
133	0.90624	0.093614	0.00013003	1.0806e-05
134	0.91253	0.087329	0.00013089	1.0179e-05
135	0.92003	0.079826	0.00013191	9.3886e-06
136	0.91803	0.081826	0.00013174	9.7898e-06
137	0.91718	0.082676	0.00013172	1.0033e-05
138	0.91734	0.082514	0.00013184	1.0135e-05
139	0.91852	0.081341	0.0001321	1.0094e-05
140	0.92071	0.079147	0.0001325	9.9105e-06
141	0.92394	0.075918	0.00013305	9.5812e-06
142	0.92823	0.071629	0.00013375	9.1028e-06
143	0.93361	0.066251	0.00013461	8.4709e-06
144	0.9401	0.059757	0.00013562	7.6816e-06
145	0.94793	0.051922	0.00013681	6.7084e-06
146	0.95735	0.042509	0.0001382	5.5204e-06
147	0.96807	0.031786	0.00013978	4.1473e-06
148	0.97025	0.029607	0.00014023	3.893e-06
149	0.97328	0.026577	0.00014082	3.5169e-06
150	0.97737	0.022483	0.00014154	2.9921e-06
151	0.97661	0.023247	0.00014159	3.1298e-06
152	0.97661	0.023245	0.00014175	3.1569e-06
153	0.97752	0.022336	0.00014202	3.0552e-06
154	0.97921	0.020649	0.00014242	2.8403e-06
155	0.98176	0.018092	0.00014293	2.5014e-06
156	0.98006	0.019796	0.00014284	2.7625e-06
157	0.97912	0.020738	0.00014286	2.9123e-06
158	0.979	0.020855	0.00014299	2.9435e-06
159	0.97964	0.020218	0.00014323	2.864e-06
160	0.98116	0.01869	0.00014359	2.656e-06
161	0.97844	0.021413	0.00014334	3.06e-06
162	0.97652	0.023332	0.00014321	3.346e-06
163	0.97553	0.02432	0.0001432	3.4975e-06
164	0.97546	0.024389	0.00014332	3.5157e-06
165	0.97631	0.023542	0.00014356	3.4006e-06
166	0.97809	0.021766	0.00014392	3.1504e-06
167	0.98066	0.019189	0.00014441	2.781e-06
168	0.98414	0.015709	0.00014502	2.2794e-06
169	0.9835	0.016353	0.00014502	2.3794e-06
170	0.97814	0.021717	0.00014432	3.1752e-06
171	0.97381	0.026043	0.00014375	3.8199e-06
172	0.95844	0.041408	0.00014156	6.0954e-06
173	0.94517	0.054678	0.00013966	8.0664e-06
174	0.93383	0.066024	0.00013803	9.757e-06
175	0.92389	0.075967	0.00013662	1.1238e-05
176	0.91546	0.084387	0.00013542	1.2495e-05
177	0.90831	0.091547	0.0001344	1.3564e-05
178	0.8817	0.11815	0.00013049	1.7526e-05
179	0.85757	0.14228	0.00012695	2.1114e-05
180	0.83572	0.16414	0.00012375	2.4361e-05
181	0.81669	0.18316	0.00012095	2.7194e-05
182	0.80026	0.19959	0.00011853	2.9647e-05
183	0.78563	0.21422	0.00011638	3.1828e-05
184	0.77299	0.22686	0.00011451	3.3715e-05
185	0.76195	0.2379	0.00011289	3.5361e-05
186	0.75243	0.24742	0.00011149	3.6778e-05
187	0.71625	0.2836	0.00010603	4.2211e-05
188	0.68315	0.3167	0.00010105	4.7171e-05
189	0.65348	0.34637	9.6572e-05	5.1622e-05
190	0.62641	0.37345	9.249e-05	5.5673e-05
191	0.60224	0.39761	8.8833e-05	5.9291e-05
192	0.58029	0.41956	8.5516e-05	6.2569e-05
193	0.56116	0.43869	8.2611e-05	6.5427e-05
194	0.54431	0.45555	8.0036e-05	6.7945e-05
195	0.52955	0.4703	7.7769e-05	7.015e-05
196	0.51702	0.48283	7.5825e-05	7.2022e-05
197	0.50598	0.49388	7.411e-05	7.3665e-05
198	0.49634	0.50351	7.261e-05	7.5092e-05
199	0.48805	0.5118	7.1315e-05	7.6313e-05
200	0.48133	0.51852	7.0247e-05	7.73e-05
201	0.47587	0.52399	6.9368e-05	7.8096e-05
202	0.47161	0.52824	6.8672e-05	7.8708e-05
203	0.46853	0.53132	6.8155e-05	7.914e-05
204	0.4666	0.53326	6.7809e-05	7.9401e-05
205	0.4658	0.53405	6.7634e-05	7.9489e-05
206	0.46613	0.53373	6.7627e-05	7.9408e-05
207	0.46804	0.53181	6.7844e-05	7.9095e-05
208	0.47112	0.52873	6.8234e-05	7.8608e-05
209	0.47537	0.52448	6.8799e-05	7.7946e-05
210	0.48084	0.51901	6.9544e-05	7.7103e-05
211	0.48753	0.51232	7.0469e-05	7.6077e-05
212	0.4955	0.50435	7.1583e-05	7.4862e-05
213	0.5048	0.49506	7.2893e-05	7.3451e-05
214	0.51549	0.48437	7.4409e-05	7.1832e-05
215	0.52826	0.4716	7.6216e-05	6.9914e-05
216	0.54261	0.45724	7.8256e-05	6.7763e-05
217	0.53912	0.46074	7.7688e-05	6.8218e-05
218	0.5373	0.46256	7.7356e-05	6.843e-05
219	0.53668	0.46317	7.7202e-05	6.8462e-05
220	0.53727	0.46259	7.7227e-05	6.8315e-05
221	0.53906	0.4608	7.743e-05	6.7989e-05
222	0.54252	0.45733	7.7866e-05	6.7421e-05
223	0.54722	0.45264	7.8483e-05	6.6672e-05
224	0.55367	0.44618	7.9345e-05	6.5669e-05
225	0.56145	0.43841	8.04e-05	6.4473e-05
226	0.55229	0.44756	7.9001e-05	6.573e-05
227	0.5448	0.45506	7.7836e-05	6.6745e-05
228	0.5391	0.46075	7.6925e-05	6.7498e-05
229	0.53514	0.46471	7.6256e-05	6.8001e-05
230	0.53242	0.46744	7.5769e-05	6.8321e-05
231	0.53088	0.46898	7.5457e-05	6.8465e-05
232	0.53077	0.46908	7.5344e-05	6.8402e-05
233	0.53187	0.46799	7.5405e-05	6.8164e-05
234	0.53415	0.46571	7.5639e-05	6.7752e-05
235	0.51761	0.48224	7.318e-05	7.0034e-05
236	0.50342	0.49643	7.1051e-05	7.1975e-05
237	0.49082	0.50904	6.9159e-05	7.3681e-05
238	0.48026	0.51959	6.7553e-05	7.5091e-05
239	0.4711	0.52876	6.6153e-05	7.6295e-05
240	0.46353	0.53633	6.4975e-05	7.7268e-05
241	0.4577	0.54216	6.4039e-05	7.7993e-05
242	0.45307	0.54679	6.3279e-05	7.854e-05
243	0.44959	0.55027	6.2685e-05	7.8919e-05
244	0.44723	0.55263	6.2255e-05	7.9134e-05
245	0.44624	0.55362	6.2011e-05	7.9155e-05
246	0.44637	0.55349	6.1927e-05	7.9015e-05
247	0.44786	0.552	6.2026e-05	7.8684e-05
248	0.45048	0.54938	6.2285e-05	7.8192e-05
249	0.45423	0.54563	6.2704e-05	7.7539e-05
250	0.45941	0.54045	6.3313e-05	7.6688e-05
251	0.4658	0.53406	6.4093e-05	7.5666e-05
252	0.47344	0.52642	6.5045e-05	7.447e-05
253	0.48293	0.51694	6.6241e-05	7.3022e-05
254	0.49382	0.50604	6.763e-05	7.1379e-05
255	0.50619	0.49367	6.9224e-05	6.9532e-05
256	0.52012	0.47974	7.1029e-05	6.7472e-05
257	0.53571	0.46415	7.3062e-05	6.5183e-05
258	0.55309	0.44677	7.5339e-05	6.2649e-05
259	0.57234	0.42752	7.787e-05	5.986e-05
260	0.59361	0.40626	8.0673e-05	5.6798e-05
261	0.61791	0.38196	8.3873e-05	5.3332e-05
262	0.64463	0.35523	8.7398e-05	4.9538e-05
263	0.67396	0.3259	9.1276e-05	4.5393e-05
264	0.7072	0.29267	9.5658e-05	4.0734e-05
265	0.71456	0.2853	9.6478e-05	3.9636e-05
266	0.72384	0.27602	9.7545e-05	3.8284e-05
267	0.73461	0.26526	9.8812e-05	3.6731e-05
268	0.74696	0.25291	0.00010029	3.4964e-05
269	0.76096	0.23891	0.00010199	3.2975e-05
270	0.7767	0.22316	0.00010393	3.0754e-05
271	0.79434	0.20553	0.00010611	2.828e-05
272	0.79525	0.20461	0.00010602	2.8084e-05
273	0.79775	0.20212	0.00010613	2.7677e-05
274	0.80146	0.1984	0.0001064	2.7105e-05
275	0.80664	0.19322	0.00010686	2.634e-05
276	0.81334	0.18653	0.00010751	2.5376e-05
277	0.80677	0.1931	0.00010638	2.6189e-05
278	0.80171	0.19815	0.00010545	2.6799e-05
279	0.7979	0.20196	0.00010469	2.7237e-05
280	0.79569	0.20417	0.00010413	2.7463e-05
281	0.7947	0.20517	0.00010374	2.7524e-05
282	0.7949	0.20497	0.00010351	2.7423e-05
283	0.79632	0.20355	0.00010344	2.7162e-05
284	0.79931	0.20055	0.00010356	2.6695e-05
285	0.80354	0.19633	0.00010385	2.6068e-05
286	0.80904	0.19083	0.0001043	2.5274e-05
287	0.81606	0.18381	0.00010494	2.4287e-05
288	0.82469	0.17518	0.00010576	2.3099e-05
289	0.82044	0.17943	0.00010492	2.3584e-05
290	0.8174	0.18247	0.00010424	2.3908e-05
291	0.81556	0.18431	0.00010371	2.4073e-05
292	0.8149	0.18498	0.00010334	2.4084e-05
293	0.8156	0.18427	0.00010314	2.392e-05
294	0.8175	0.18237	0.00010308	2.3603e-05
295	0.8206	0.17927	0.00010319	2.3131e-05
296	0.82493	0.17495	0.00010344	2.2504e-05
297	0.8305	0.16938	0.00010386	2.172e-05
298	0.83776	0.16212	0.00010447	2.0728e-05
299	0.84636	0.15351	0.00010525	1.957e-05
300	0.85639	0.14348	0.0001062	1.8237e-05
301	0.85423	0.14565	0.00010562	1.8439e-05
302	0.85338	0.1465	0.0001052	1.8477e-05
303	0.85367	0.14621	0.00010491	1.8371e-05
304	0.85542	0.14446	0.0001048	1.8086e-05
305	0.85833	0.14155	0.00010483	1.7658e-05
306	0.86274	0.13714	0.00010504	1.7048e-05
307	0.86836	0.13152	0.00010539	1.6292e-05
308	0.87521	0.12466	0.00010588	1.5387e-05
309	0.88358	0.1163	0.00010655	1.4305e-05
310	0.8933	0.10658	0.00010738	1.3062e-05
311	0.90447	0.095412	0.00010837	1.165e-05
312	0.91762	0.082259	0.00010959	1.0009e-05
313	0.93242	0.06746	0.000111	8.1774e-06
314	0.94927	0.050616	0.00011262	6.1159e-06
315	0.968	0.031879	0.00011447	3.8388e-06
316	0.9668	0.033077	0.00011391	3.9611e-06
317	0.96653	0.033357	0.00011345	3.9748e-06
318	0.96707	0.032815	0.0001131	3.8907e-06
319	0.96861	0.031277	0.00011284	3.6912e-06
320	0.97099	0.028892	0.00011269	3.3934e-06
321	0.97442	0.025467	0.00011264	2.9778e-06
322	0.97271	0.027172	0.000112	3.1592e-06
323	0.9719	0.027989	0.00011145	3.2377e-06
324	0.97187	0.028013	0.000111	3.2235e-06
325	0.97273	0.027156	0.00011063	3.1096e-06
326	0.97448	0.02541	0.00011036	2.8963e-06
327	0.9772	0.022684	0.00011019	2.5746e-06
328	0.97519	0.024693	0.00010948	2.788e-06
329	0.97399	0.025901	0.00010886	2.9089e-06
330	0.97357	0.026322	0.00010833	2.9401e-06
331	0.97401	0.025878	0.00010789	2.8754e-06
332	0.97533	0.024563	0.00010754	2.7156e-06
333	0.9776	0.022295	0.00010728	2.453e-06
334	0.98069	0.019202	0.00010711	2.1017e-06
335	0.98472	0.015175	0.00010702	1.6526e-06
336	0.98981	0.010086	0.00010704	1.0938e-06
337	0.99076	0.0091336	0.00010661	9.8547e-07
338	0.98887	0.011025	0.00010586	1.1834e-06
339	0.98778	0.012113	0.0001052	1.2942e-06
340	0.98738	0.012515	0.0001046	1.3305e-06
341	0.98297	0.016922	0.00010357	1.7901e-06
342	0.97942	0.020477	0.00010264	2.1542e-06
343	0.97678	0.023115	0.0001018	2.4192e-06
344	0.97495	0.024943	0.00010105	2.5961e-06
345	0.974	0.025895	0.00010038	2.681e-06
346	0.97392	0.025982	9.9789e-05	2.6765e-06
347	0.97461	0.025287	9.9281e-05	2.5912e-06
348	0.97609	0.023806	9.8852e-05	2.4261e-06
349	0.97269	0.027212	9.7928e-05	2.7556e-06
350	0.97031	0.029589	9.7102e-05	2.9785e-06
351	0.96876	0.031137	9.6362e-05	3.1149e-06
352	0.9682	0.0317	9.5711e-05	3.1526e-06
353	0.96845	0.03145	9.5142e-05	3.1086e-06
354	0.96968	0.030219	9.4659e-05	2.9696e-06
355	0.97174	0.028163	9.4256e-05	2.751e-06
356	0.97464	0.025259	9.3932e-05	2.4523e-06
357	0.97842	0.021488	9.3688e-05	2.0728e-06
358	0.97749	0.022415	9.2982e-05	2.1475e-06
359	0.97732	0.022581	9.2349e-05	2.1482e-06
360	0.97792	0.021987	9.1788e-05	2.0766e-06
361	0.97942	0.020486	9.1302e-05	1.9215e-06
362	0.98171	0.018202	9.0887e-05	1.6949e-06
363	0.98479	0.015117	9.0543e-05	1.3968e-06
364	0.98886	0.011054	9.0275e-05	1.0136e-06
365	0.9891	0.010808	8.9654e-05	9.8277e-07
366	0.99007	0.0098369	8.909e-05	8.8722e-07
367	0.99183	0.0080847	8.8584e-05	7.2352e-07
368	0.99427	0.0056393	8.8138e-05	5.0013e-07
369	0.99755	0.0023659	8.7752e-05	2.0758e-07
370	0.99856	0.0013507	8.7165e-05	1.1668e-07
371	0.99694	0.0029714	8.634e-05	2.5391e-07
372	0.99595	0.0039597	8.5563e-05	3.3496e-07
373	0.99556	0.0043573	8.4838e-05	3.6411e-07
374	0.99578	0.0041355	8.4156e-05	3.4068e-07
375	0.99659	0.0033242	8.3524e-05	2.6798e-07
376	0.998	0.0019178	8.2939e-05	1.4675e-07
377	0.99815	0.0017674	8.2252e-05	1.2797e-07
378	0.99884	0.0010792	8.1608e-05	6.5597e-08
379	0.99712	0.0027944	8.0797e-05	1.6031e-07
380	0.99192	0.0079972	8.1624e-05	6.5864e-07
381	0.98757	0.012345	8.2513e-05	1.0962e-06
382	0.98413	0.015782	8.3461e-05	1.4655e-06
383	0.98157	0.018342	8.4469e-05	1.7661e-06
384	0.97979	0.020123	8.5543e-05	2.0028e-06
385	0.97884	0.021066	8.6679e-05	2.1681e-06
386	0.97865	0.021258	8.7884e-05	2.2662e-06
387	0.97921	0.020698	8.916e-05	2.2944e-06
388	0.98052	0.019383	9.0512e-05	2.2495e-06
389	0.97741	0.022492	9.1381e-05	2.6882e-06
390	0.97513	0.024776	9.2328e-05	3.051e-06
391	0.97373	0.026171	9.3351e-05	3.3291e-06
392	0.97313	0.026777	9.4454e-05	3.5292e-06
393	0.97339	0.026512	9.5637e-05	3.6407e-06
394	0.95309	0.046809	9.4002e-05	5.6431e-06
395	0.93511	0.06479	9.2572e-05	7.4324e-06
396	0.91898	0.080921	9.1316e-05	9.0469e-06
397	0.90508	0.094821	9.0262e-05	1.0451e-05
398	0.89276	0.10714	8.9359e-05	1.1704e-05
399	0.88194	0.11795	8.8601e-05	1.2809e-05
400	0.87255	0.12735	8.7981e-05	1.3777e-05
401	0.8645	0.13539	8.7493e-05	1.461e-05
402	0.85814	0.14176	8.7162e-05	1.5279e-05
403	0.85337	0.14653	8.6981e-05	1.5789e-05
404	0.8498	0.1501	8.6922e-05	1.6175e-05
405	0.84758	0.15231	8.6993e-05	1.6424e-05
406	0.84685	0.15305	8.7207e-05	1.6521e-05
407	0.84724	0.15265	8.754e-05	1.6497e-05
408	0.84879	0.15111	8.7996e-05	1.635e-05
409	0.85183	0.14807	8.8602e-05	1.6045e-05
410	0.85605	0.14384	8.9337e-05	1.5609e-05
411	0.84829	0.15161	8.8787e-05	1.6449e-05
412	0.84204	0.15785	8.8384e-05	1.7134e-05
413	0.83742	0.16248	8.8139e-05	1.7652e-05
414	0.83435	0.16554	8.8049e-05	1.8007e-05
415	0.83248	0.16742	8.8084e-05	1.8235e-05
416	0.83177	0.16812	8.8246e-05	1.8336e-05
417	0.83241	0.16748	8.8542e-05	1.8294e-05
418	0.8344	0.16549	8.8976e-05	1.8106e-05
419	0.83777	0.16213	8.9551e-05	1.777e-05
420	0.84233	0.15756	9.0258e-05	1.73e-05
421	0.8344	0.1655	8.9611e-05	1.8183e-05
422	0.8278	0.17209	8.9107e-05	1.8922e-05
423	0.82249	0.1774	8.8741e-05	1.9522e-05
424	0.81863	0.18127	8.8521e-05	1.9968e-05
425	0.81617	0.18372	8.8443e-05	2.0263e-05
426	0.81526	0.18463	8.8524e-05	2.0391e-05
427	0.79811	0.20178	8.6819e-05	2.2297e-05
428	0.78312	0.21677	8.5334e-05	2.3975e-05
429	0.76984	0.23005	8.4033e-05	2.5468e-05
430	0.7587	0.24119	8.2952e-05	2.6732e-05
431	0.74908	0.25081	8.2037e-05	2.7829e-05
432	0.7409	0.25899	8.1278e-05	2.8768e-05
433	0.73411	0.26578	8.0672e-05	2.9553e-05
434	0.7289	0.27099	8.023e-05	3.0167e-05
435	0.72521	0.27468	7.9946e-05	3.0614e-05
436	0.72278	0.27711	7.9802e-05	3.0921e-05
437	0.72181	0.27808	7.9812e-05	3.1065e-05
438	0.72249	0.27739	7.9995e-05	3.1027e-05
439	0.72441	0.27548	8.0318e-05	3.0849e-05
440	0.7278	0.27209	8.0798e-05	3.0505e-05
441	0.73271	0.26718	8.144e-05	2.9991e-05
442	0.72256	0.27733	8.039e-05	3.1162e-05
443	0.71387	0.28602	7.9502e-05	3.2168e-05
444	0.7066	0.29329	7.8774e-05	3.3014e-05
445	0.70113	0.29875	7.8238e-05	3.3659e-05
446	0.69697	0.30292	7.7849e-05	3.4156e-05
447	0.69451	0.30538	7.764e-05	3.4464e-05
448	0.69331	0.30658	7.7575e-05	3.4627e-05
449	0.69358	0.30631	7.7667e-05	3.4625e-05
450	0.6951	0.30479	7.7903e-05	3.4479e-05
451	0.69788	0.30201	7.8282e-05	3.4187e-05
452	0.70195	0.29794	7.8809e-05	3.3747e-05
453	0.70731	0.29258	7.9485e-05	3.3156e-05
454	0.71402	0.28587	8.0317e-05	3.2408e-05
455	0.72212	0.27777	8.131e-05	3.1497e-05
456	0.73218	0.26771	8.2518e-05	3.0364e-05
457	0.74432	0.25557	8.3953e-05	2.8995e-05
458	0.75813	0.24176	8.5582e-05	2.7431e-05
459	0.77366	0.22622	8.7413e-05	2.5663e-05
460	0.79142	0.20847	8.9489e-05	2.3642e-05
461	0.81157	0.18831	9.183e-05	2.1349e-05
462	0.83468	0.1652	9.4497e-05	1.872e-05
463	0.83907	0.16082	9.5037e-05	1.8218e-05
464	0.8449	0.15499	9.5732e-05	1.7553e-05
465	0.852	0.14789	9.6575e-05	1.6739e-05
466	0.86085	0.13903	9.7606e-05	1.5727e-05
467	0.87111	0.12877	9.8801e-05	1.4551e-05
468	0.88334	0.11655	0.00010021	1.3154e-05
469	0.89769	0.1022	0.00010185	1.1516e-05
470	0.89919	0.1007	0.00010203	1.1336e-05
471	0.90191	0.097977	0.00010234	1.1018e-05
472	0.90588	0.094004	0.00010278	1.0559e-05
473	0.91098	0.088904	0.00010336	9.9699e-06
474	0.91723	0.082654	0.00010406	9.2483e-06
475	0.92487	0.075018	0.00010491	8.3706e-06
476	0.92325	0.076639	0.00010471	8.5393e-06
477	0.92262	0.077271	0.00010462	8.5946e-06
478	0.92311	0.076779	0.00010464	8.5238e-06
479	0.9246	0.075288	0.00010478	8.3385e-06
480	0.9271	0.072788	0.00010504	8.0375e-06
481	0.93062	0.069272	0.00010541	7.6201e-06
482	0.93517	0.064715	0.0001059	7.0835e-06
483	0.9408	0.059086	0.00010651	6.424e-06
484	0.93842	0.061469	0.00010623	6.6567e-06
485	0.93722	0.062665	0.00010607	6.758e-06
486	0.93698	0.062909	0.00010602	6.7511e-06
487	0.9378	0.062085	0.00010608	6.6255e-06
488	0.93981	0.060081	0.00010626	6.369e-06
489	0.94278	0.057111	0.00010655	6.003e-06
490	0.93823	0.061656	0.00010602	6.449e-06
491	0.93472	0.06517	0.00010562	6.7798e-06
492	0.9322	0.067688	0.00010532	6.9992e-06
493	0.91813	0.081763	0.00010382	8.4132e-06
494	0.9061	0.093791	0.00010254	9.6107e-06
495	0.89596	0.10393	0.00010145	1.0607e-05
496	0.88721	0.11268	0.00010051	1.1452e-05
497	0.88013	0.11976	9.9734e-05	1.2117e-05
498	0.87431	0.12558	9.91e-05	1.2644e-05
499	0.86986	0.13003	9.8607e-05	1.3021e-05
500	0.86676	0.13313	9.8251e-05	1.3255e-05
501	0.86478	0.13511	9.8019e-05	1.3363e-05
502	0.8641	0.13579	9.7918e-05	1.333e-05
503	0.86454	0.13535	9.7942e-05	1.3173e-05
504	0.86626	0.13362	9.8098e-05	1.2876e-05
505	0.85559	0.1443	9.7001e-05	1.383e-05
506	0.84634	0.15355	9.6058e-05	1.463e-05
507	0.83848	0.16141	9.5263e-05	1.528e-05
508	0.83193	0.16796	9.4608e-05	1.5789e-05
509	0.82686	0.17303	9.4101e-05	1.6143e-05
510	0.82304	0.17685	9.3727e-05	1.6361e-05
511	0.82042	0.17947	9.3485e-05	1.6448e-05
512	0.81898	0.18091	9.337e-05	1.6406e-05
513	0.81908	0.18081	9.3409e-05	1.6202e-05
514	0.82035	0.17954	9.3577e-05	1.5868e-05
515	0.82282	0.17707	9.3875e-05	1.5402e-05
516	0.82685	0.17304	9.4334e-05	1.4768e-05
517	0.81745	0.18245	9.3503e-05	1.5421e-05
518	0.80968	0.19021	9.2828e-05	1.5911e-05
519	0.80367	0.19623	9.2316e-05	1.6229e-05
520	0.79894	0.20095	9.1939e-05	1.6412e-05
521	0.79567	0.20422	9.1701e-05	1.6447e-05
522	0.79362	0.20627	9.1592e-05	1.6351e-05
523	0.79279	0.2071	9.1612e-05	1.6127e-05
524	0.79316	0.20673	9.176e-05	1.5772e-05
525	0.79511	0.20478	9.2063e-05	1.5254e-05
526	0.79865	0.20124	9.2526e-05	1.4568e-05
527	0.78838	0.21151	9.3326e-05	1.6483e-05
528	0.77956	0.22032	9.425e-05	1.828e-05
529	0.74455	0.25534	9.1925e-05	2.3316e-05
530	0.71259	0.28729	8.9813e-05	2.8146e-05
531	0.68398	0.3159	8.795e-05	3.2719e-05
532	0.6579	0.34197	8.6281e-05	3.7104e-05
533	0.63468	0.3652	8.4842e-05	4.1249e-05
534	0.61365	0.38622	8.3592e-05	4.5213e-05
535	0.59539	0.40448	8.2603e-05	4.8907e-05
536	0.579	0.42086	8.1792e-05	5.2429e-05
537	0.56437	0.43549	8.1156e-05	5.5782e-05
538	0.5514	0.44847	8.0693e-05	5.8968e-05
539	0.53997	0.45988	8.0402e-05	6.1989e-05
540	0.53001	0.46985	8.0278e-05	6.485e-05
541	0.52142	0.47843	8.0321e-05	6.7549e-05
542	0.51468	0.48517	8.0594e-05	7.001e-05
543	0.50947	0.49037	8.1063e-05	7.2266e-05
544	0.48019	0.51965	7.7632e-05	7.8429e-05
545	0.45336	0.54648	7.446e-05	8.4338e-05
546	0.4288	0.57104	7.1536e-05	9.0007e-05
547	0.40633	0.5935	6.8847e-05	9.5445e-05
548	0.38658	0.61325	6.6495e-05	0.00010054
549	0.3693	0.63053	6.4458e-05	0.00010531
550	0.35361	0.64622	6.2621e-05	0.00010988
551	0.33939	0.66044	6.0975e-05	0.00011427
552	0.32713	0.67269	5.9603e-05	0.00011838
553	0.31616	0.68366	5.8411e-05	0.00012231
554	0.30637	0.69344	5.7391e-05	0.00012608
555	0.2977	0.70212	5.6537e-05	0.00012969
556	0.29008	0.70974	5.5847e-05	0.00013313
557	0.28345	0.71636	5.5319e-05	0.00013643
558	0.27778	0.72202	5.4951e-05	0.00013956
559	0.27304	0.72676	5.4746e-05	0.00014254
560	0.26962	0.73018	5.4773e-05	0.00014528
561	0.26728	0.73252	5.4997e-05	0.00014781
562	0.26599	0.7338	5.5422e-05	0.00015014
563	0.26554	0.73425	5.6023e-05	0.0001523
564	0.26631	0.73347	5.6874e-05	0.0001542
565	0.26791	0.73188	5.7913e-05	0.00015591
566	0.27056	0.72922	5.9185e-05	0.00015739
567	0.27407	0.72571	6.0666e-05	0.00015866
568	0.27869	0.72108	6.2409e-05	0.00015966
569	0.28469	0.71508	6.4477e-05	0.00016033
570	0.29214	0.70764	6.6898e-05	0.00016064
571	0.30113	0.69864	6.9704e-05	0.00016056
572	0.31126	0.68851	7.2832e-05	0.00016016
573	0.32289	0.67687	7.6358e-05	0.00015935
574	0.33581	0.66395	8.0262e-05	0.00015817
575	0.35046	0.6493	8.464e-05	0.00015652
576	0.36663	0.63312	8.9477e-05	0.0001544
577	0.38515	0.61461	9.4962e-05	0.00015164
578	0.40544	0.59431	0.000101	0.00014832
579	0.42765	0.57209	0.00010764	0.00014441
580	0.45285	0.54689	0.00011514	0.00013963
581	0.48036	0.51938	0.00012339	0.00013411
582	0.51042	0.48932	0.00013246	0.00012777
583	0.5161	0.48364	0.00013531	0.00012765
584	0.52357	0.47617	0.00013864	0.00012704
585	0.53239	0.46734	0.00014239	0.00012601
586	0.52393	0.4758	0.00014148	0.00012963
587	0.51681	0.48291	0.00014091	0.00013292
588	0.51147	0.48825	0.00014078	0.00013577
589	0.50734	0.49238	0.00014098	0.00013829
590	0.50443	0.49529	0.0001415	0.0001405
591	0.5027	0.49701	0.00014236	0.00014237
592	0.50215	0.49756	0.00014356	0.00014392
593	0.50302	0.49669	0.00014516	0.00014506
594	0.50551	0.49419	0.00014722	0.00014572
595	0.50921	0.49049	0.00014967	0.00014601
596	0.51414	0.48556	0.00015251	0.0001459
597	0.52031	0.47939	0.00015577	0.0001454
598	0.52805	0.47164	0.00015952	0.00014438
599	0.53745	0.46224	0.00016381	0.00014282
600	0.54886	0.45083	0.00016876	0.0001406
601	0.56242	0.43726	0.00017442	0.00013765
602	0.57832	0.42137	0.00018086	0.00013391
603	0.59604	0.40364	0.00018799	0.0001295
604	0.59524	0.40444	0.0001893	0.0001309
605	0.59611	0.40357	0.00019114	0.00013178
606	0.59819	0.40148	0.00019339	0.00013225
607	0.60178	0.39789	0.00019613	0.00013222
608	0.60665	0.39302	0.00019933	0.00013174
609	0.61281	0.38685	0.000203	0.0001308
610	0.62032	0.37934	0.00020717	0.00012937
611	0.62975	0.36991	0.00021201	0.00012725
612	0.6227	0.37696	0.00021135	0.00013068
613	0.61724	0.38241	0.00021119	0.00013361
614	0.61309	0.38656	0.00021146	0.00013611
615	0.61021	0.38944	0.00021218	0.00013817
616	0.60859	0.39106	0.00021333	0.00013981
617	0.60818	0.39146	0.00021493	0.00014102
618	0.60945	0.39019	0.00021711	0.00014163
619	0.61195	0.38768	0.00021975	0.00014178
620	0.61596	0.38367	0.00022295	0.00014137
621	0.62152	0.37811	0.00022672	0.00014038
622	0.61019	0.38944	0.00022424	0.00014563
623	0.60034	0.39929	0.00022228	0.00015037
624	0.59221	0.40741	0.00022088	0.00015454
625	0.58571	0.41391	0.00022005	0.00015814
626	0.58053	0.41908	0.0002197	0.00016126
627	0.57664	0.42298	0.00021982	0.00016392
628	0.57444	0.42517	0.00022057	0.00016594
629	0.57345	0.42616	0.00022179	0.0001675
630	0.57393	0.42568	0.00022356	0.0001685
631	0.57587	0.42374	0.0002259	0.00016893
632	0.57905	0.42055	0.00022876	0.00016884
633	0.58348	0.41612	0.00023215	0.00016823
634	0.58918	0.41042	0.00023609	0.00016707
635	0.59648	0.40312	0.00024071	0.00016524
636	0.60545	0.39414	0.00024603	0.00016269
637	0.61643	0.38315	0.00025221	0.00015927
638	0.62899	0.37059	0.00025912	0.00015513
639	0.64319	0.35639	0.00026681	0.00015022
640	0.6598	0.33978	0.00027557	0.00014423
641	0.65844	0.34114	0.00027683	0.00014576
642	0.65831	0.34126	0.00027862	0.00014676
643	0.65943	0.34014	0.00028096	0.00014722
644	0.66181	0.33776	0.00028387	0.00014712
645	0.6659	0.33367	0.00028752	0.00014628
646	0.65371	0.34586	0.00028404	0.00015254
647	0.64309	0.35647	0.00028121	0.00015818
648	0.63446	0.3651	0.00027918	0.00016299
649	0.62725	0.37231	0.00027775	0.00016722
650	0.62164	0.37791	0.00027699	0.00017078
651	0.61734	0.38221	0.0002768	0.00017377
652	0.6143	0.38525	0.00027717	0.00017621
653	0.61275	0.3868	0.0002782	0.00017799
654	0.61244	0.3871	0.0002798	0.0001792
655	0.61335	0.38619	0.00028198	0.00017984
656	0.61575	0.38379	0.00028484	0.00017979
657	0.61941	0.38013	0.00028833	0.00017913
658	0.62482	0.37471	0.00029265	0.00017763
659	0.63155	0.36798	0.00029764	0.00017546
660	0.63967	0.35985	0.00030335	0.00017258
661	0.64922	0.3503	0.00030982	0.00016896
662	0.66057	0.33895	0.0003172	0.00016442
663	0.67384	0.32567	0.00032555	0.00015889
664	0.68884	0.31068	0.00033485	0.00015243
665	0.70632	0.29319	0.00034543	0.00014468
666	0.72617	0.27333	0.00035727	0.00013566
667	0.74819	0.25132	0.00037032	0.00012543
668	0.75087	0.24863	0.00037379	0.00012478
669	0.7548	0.2447	0.00037792	0.00012348
670	0.76024	0.23925	0.00038282	0.0001214
671	0.76726	0.23224	0.00038853	0.0001185
672	0.77613	0.22336	0.00039521	0.00011462
673	0.78645	0.21303	0.0004027	0.00010993
674	0.79885	0.20064	0.0004113	0.00010413
675	0.81289	0.18659	0.00042085	9.7388e-05
676	0.82929	0.17019	0.00043169	8.9349e-05
677	0.84761	0.15187	0.00044366	8.0192e-05
678	0.86798	0.13149	0.00045685	6.9829e-05
679	0.89131	0.10816	0.00047169	5.78e-05
680	0.91705	0.082416	0.00048799	4.4325e-05
681	0.92432	0.07514	0.00049447	4.0652e-05
682	0.93283	0.066629	0.00050169	3.6262e-05
683	0.94263	0.056825	0.00050968	3.111e-05
684	0.9538	0.045658	0.00051849	2.5147e-05
685	0.9664	0.033051	0.00052818	1.8316e-05
686	0.96948	0.029973	0.00053269	1.6693e-05
687	0.97364	0.025806	0.00053779	1.4452e-05
688	0.97874	0.020701	0.00054347	1.1658e-05
689	0.97877	0.020674	0.00054633	1.1692e-05
690	0.97954	0.019899	0.00054963	1.13e-05
691	0.98107	0.018371	0.00055337	1.0474e-05
692	0.9835	0.015936	0.00055763	9.1256e-06
693	0.98672	0.012709	0.00056237	7.3056e-06
694	0.99084	0.0085836	0.00056764	4.9536e-06
695	0.99141	0.0080151	0.00057085	4.6439e-06
696	0.99271	0.0067102	0.00057447	3.9065e-06
697	0.99467	0.0047473	0.0005785	2.7754e-06
698	0.99736	0.002057	0.00058296	1.2092e-06
699	0.99812	0.0012949	0.00058631	7.6405e-07
700	0.99804	0.0013748	0.00058915	8.1453e-07
701	0.99702	0.0023877	0.00059143	1.4215e-06
702	0.99661	0.0027898	0.00059404	1.6714e-06
703	0.99677	0.0026334	0.00059701	1.5874e-06
704	0.99748	0.0019175	0.00060033	1.1638e-06
705	0.99459	0.0048079	0.00060148	2.9261e-06
706	0.99238	0.0070113	0.00060305	4.2839e-06
707	0.99085	0.0085389	0.00060504	5.2384e-06
708	0.98999	0.0094016	0.00060744	5.7906e-06
709	0.98524	0.01414	0.00060743	8.7445e-06
710	0.98145	0.017927	0.00060796	1.1141e-05
711	0.97849	0.020891	0.00060901	1.3042e-05
712	0.97641	0.022966	0.00061058	1.4407e-05
713	0.97512	0.024255	0.00061265	1.5286e-05
714	0.97468	0.024687	0.00061524	1.5634e-05
715	0.97517	0.0242	0.00061839	1.5407e-05
716	0.97643	0.022932	0.00062207	1.4672e-05
717	0.97848	0.020878	0.00062627	1.3423e-05
718	0.97606	0.023297	0.00062762	1.5039e-05
719	0.97452	0.024833	0.00062952	1.6103e-05
720	0.97391	0.025437	0.00063199	1.6575e-05
721	0.97423	0.025117	0.00063505	1.6451e-05
722	0.97533	0.024016	0.00063864	1.5809e-05
723	0.97721	0.022129	0.00064277	1.4638e-05
724	0.98006	0.019282	0.00064753	1.2826e-05
725	0.98374	0.015602	0.00065289	1.0437e-05
726	0.98322	0.016114	0.00065548	1.0828e-05
727	0.97792	0.021413	0.00065487	1.4434e-05
728	0.97365	0.025681	0.0006549	1.7382e-05
729	0.97027	0.029056	0.00065554	1.9746e-05
730	0.96776	0.031562	0.00065676	2.1532e-05
731	0.96619	0.033129	0.0006586	2.2697e-05
732	0.96545	0.033866	0.00066102	2.3297e-05
733	0.96553	0.033778	0.00066402	2.3328e-05
734	0.96661	0.032695	0.0006677	2.2675e-05
735	0.96853	0.030777	0.00067198	2.1429e-05
736	0.97147	0.027831	0.00067697	1.9459e-05
737	0.97548	0.023816	0.00068271	1.673e-05
738	0.98061	0.018683	0.00068924	1.3197e-05
739	0.97489	0.024404	0.00068826	1.7257e-05
740	0.97024	0.029049	0.00068798	2.0598e-05
741	0.96671	0.03258	0.00068845	2.3182e-05
742	0.96425	0.03504	0.00068964	2.5029e-05
743	0.96264	0.036642	0.00069145	2.6268e-05
744	0.96188	0.037397	0.00069389	2.69e-05
745	0.95391	0.045368	0.00069088	3.2838e-05
746	0.94737	0.051902	0.00068884	3.7782e-05
747	0.94192	0.057353	0.00068759	4.1961e-05
748	0.93777	0.061498	0.00068725	4.5221e-05
749	0.93463	0.06464	0.00068764	4.7755e-05
750	0.9327	0.066557	0.0006889	4.9409e-05
751	0.93176	0.067502	0.0006909	5.0342e-05
752	0.9319	0.067359	0.00069369	5.0477e-05
753	0.933	0.066249	0.00069722	4.9878e-05
754	0.93508	0.064174	0.00070151	4.8539e-05
755	0.93814	0.06111	0.00070658	4.6432e-05
756	0.94221	0.057033	0.00071247	4.353e-05
757	0.94731	0.051928	0.00071918	3.9809e-05
758	0.95349	0.045745	0.00072678	3.5224e-05
759	0.96108	0.038153	0.00073548	2.953e-05
760	0.96145	0.037777	0.00073862	2.937e-05
761	0.95486	0.044365	0.00073639	3.4609e-05
762	0.94934	0.049885	0.00073497	3.9047e-05
763	0.94485	0.054378	0.00073434	4.2708e-05
764	0.94148	0.05774	0.00073456	4.5518e-05
765	0.93909	0.060123	0.00073554	4.757e-05
766	0.93767	0.061545	0.0007373	4.8869e-05
767	0.93731	0.061901	0.00073987	4.9341e-05
768	0.93789	0.061319	0.00074321	4.906e-05
769	0.93964	0.059566	0.00074747	4.785e-05
770	0.94235	0.056847	0.00075254	4.5846e-05
771	0.93746	0.061741	0.00075147	4.9968e-05
772	0.93374	0.065459	0.0007513	5.3179e-05
773	0.93103	0.068164	0.00075195	5.5581e-05
774	0.9293	0.069886	0.00075341	5.7191e-05
775	0.92879	0.070399	0.00075583	5.7834e-05
776	0.92925	0.069936	0.00075907	5.7671e-05
777	0.93068	0.068496	0.00076315	5.6691e-05
778	0.9331	0.066078	0.00076806	5.4885e-05
779	0.93676	0.062411	0.00077401	5.2037e-05
780	0.94147	0.057705	0.00078086	4.8291e-05
781	0.94739	0.051782	0.00078875	4.3508e-05
782	0.94571	0.053451	0.00079027	4.5073e-05
783	0.94517	0.053991	0.00079271	4.5708e-05
784	0.94555	0.053613	0.00079595	4.5561e-05
785	0.94705	0.052107	0.00080013	4.4466e-05
786	0.94948	0.049676	0.00080513	4.2565e-05
787	0.95285	0.046304	0.00081097	3.9836e-05
788	0.95731	0.041833	0.00081775	3.6153e-05
789	0.96279	0.03635	0.00082546	3.1561e-05
790	0.96946	0.029677	0.00083421	2.5917e-05
791	0.97724	0.021897	0.00084399	1.9259e-05
792	0.97855	0.020588	0.0008482	1.8194e-05
793	0.98063	0.018501	0.00085312	1.6435e-05
794	0.98351	0.015622	0.00085877	1.396e-05
795	0.98719	0.011936	0.00086517	1.0751e-05
796	0.98728	0.011841	0.00086838	1.0722e-05
797	0.98805	0.011063	0.00087222	1.0083e-05
798	0.98558	0.013534	0.00087315	1.237e-05
799	0.98385	0.015263	0.00087475	1.4002e-05
800	0.98291	0.0162	0.00087704	1.4937e-05
801	0.9828	0.016301	0.00088005	1.5129e-05
802	0.98342	0.015682	0.00088374	1.4665e-05
803	0.98482	0.014277	0.00088813	1.3488e-05
804	0.98696	0.012136	0.00089323	1.1626e-05
805	0.98985	0.0092439	0.00089905	9.0582e-06
806	0.98965	0.0094342	0.00090198	9.3697e-06
807	0.9902	0.0088824	0.00090557	8.997e-06
808	0.98791	0.01117	0.00090635	1.1435e-05
809	0.98645	0.012633	0.00090787	1.3106e-05
810	0.98568	0.013394	0.00091008	1.4113e-05
811	0.98039	0.018685	0.0009076	1.9834e-05
812	0.97611	0.022961	0.00090607	2.459e-05
813	0.9727	0.026364	0.00090539	2.8504e-05
814	0.97015	0.028917	0.00090556	3.1595e-05
815	0.96843	0.030632	0.00090657	3.3868e-05
816	0.96754	0.03152	0.0009084	3.533e-05
817	0.96746	0.031595	0.00091106	3.599e-05
818	0.96828	0.030765	0.00091459	3.5764e-05
819	0.96993	0.029117	0.00091895	3.472e-05
820	0.96625	0.032797	0.00091741	3.9566e-05
821	0.96346	0.035579	0.00091681	4.349e-05
822	0.96154	0.037491	0.00091713	4.6518e-05
823	0.96049	0.038548	0.00091835	4.8662e-05
824	0.96037	0.038655	0.00092053	4.9833e-05
825	0.96111	0.037914	0.00092361	5.0122e-05
826	0.9628	0.036219	0.00092766	4.9428e-05
827	0.96547	0.033551	0.0009327	4.7732e-05
828	0.96902	0.029996	0.00093869	4.5104e-05
829	0.96701	0.032	0.00093788	4.9269e-05
830	0.96584	0.033171	0.00093802	5.2494e-05
831	0.96549	0.033518	0.00093911	5.4793e-05
832	0.95802	0.040985	0.0009311	6.1537e-05
833	0.95194	0.047071	0.00092448	6.6876e-05
834	0.9469	0.052109	0.00091896	7.1126e-05
835	0.92819	0.070821	0.00089954	8.926e-05
836	0.91138	0.087629	0.00088209	0.00010544
837	0.89664	0.10237	0.00086668	0.00011958
838	0.88353	0.11548	0.00085295	0.00013204
839	0.87244	0.12657	0.0008412	0.00014251
840	0.86281	0.13621	0.00083095	0.00015149
841	0.82867	0.17035	0.00079664	0.00018456
842	0.7975	0.20152	0.00076537	0.00021459
843	0.76909	0.22993	0.00073691	0.00024182
844	0.74414	0.25488	0.00071181	0.00026568
845	0.72232	0.2767	0.00068977	0.00028647
846	0.70265	0.29637	0.00066991	0.0003051
847	0.68495	0.31408	0.00065204	0.00032174
848	0.66946	0.32956	0.00063632	0.00033622
849	0.6557	0.34333	0.00062233	0.00034898
850	0.64356	0.35547	0.00060998	0.00036012
851	0.63295	0.36608	0.00059917	0.00036973
852	0.62382	0.37522	0.00058982	0.00037788
853	0.61659	0.38244	0.0005823	0.0003842
854	0.58246	0.41658	0.00054898	0.00041633
855	0.55123	0.44781	0.00051857	0.00044556
856	0.52264	0.4764	0.0004908	0.00047216
857	0.49743	0.50161	0.00046624	0.00049553
858	0.47441	0.52462	0.00044388	0.00051672
859	0.45424	0.5448	0.00042421	0.00053521
860	0.43592	0.56312	0.00040638	0.00055187
861	0.41931	0.57973	0.00039025	0.00056684
862	0.40496	0.59408	0.00037624	0.00057967
863	0.39211	0.60694	0.00036371	0.00059104
864	0.38095	0.6181	0.00035277	0.00060081
865	0.37107	0.62798	0.00034309	0.00060933
866	0.36243	0.63662	0.00033462	0.00061665
867	0.35497	0.64408	0.00032729	0.00062283
868	0.34862	0.65043	0.00032105	0.00062794
869	0.34359	0.65546	0.00031603	0.00063181
870	0.34003	0.65902	0.00031236	0.00063433
871	0.3379	0.66115	0.00031001	0.00063552
872	0.33674	0.66231	0.00030859	0.00063579
873	0.33653	0.66252	0.00030807	0.00063517
874	0.33727	0.66179	0.00030846	0.00063365
875	0.3392	0.65986	0.00030993	0.00063103
876	0.34212	0.65694	0.00031234	0.00062749
877	0.34604	0.65302	0.00031569	0.00062301
878	0.351	0.64806	0.00032003	0.00061756
879	0.35728	0.64178	0.00032555	0.00061092
880	0.36494	0.63413	0.0003323	0.00060303
881	0.37378	0.62528	0.00034017	0.00059404
882	0.38388	0.61519	0.0003492	0.00058389
883	0.39527	0.6038	0.00035944	0.00057254
884	0.40806	0.59101	0.00037099	0.0005599
885	0.42232	0.57675	0.00038389	0.0005459
886	0.43817	0.5609	0.00039828	0.00053043
887	0.45573	0.54335	0.00041426	0.00051338
888	0.47512	0.52396	0.00043195	0.00049464
889	0.47464	0.52443	0.00043116	0.00049438
890	0.47532	0.52375	0.00043145	0.00049304
891	0.47715	0.52193	0.00043283	0.00049063
892	0.48039	0.51869	0.00043547	0.00048694
893	0.48482	0.51426	0.00043924	0.00048214
894	0.49045	0.50863	0.00044412	0.00047623
895	0.49785	0.50124	0.00045059	0.00046873
896	0.50655	0.49253	0.00045828	0.00046002
897	0.51693	0.48215	0.00046746	0.00044979
898	0.52911	0.46998	0.00047825	0.00043797
899	0.54287	0.45622	0.00049049	0.00042469
900	0.55827	0.44081	0.00050426	0.0004099
901	0.57544	0.42365	0.00051966	0.00039349
902	0.59491	0.40418	0.0005371	0.00037502
903	0.61724	0.38185	0.00055709	0.000354
904	0.64182	0.35727	0.00057914	0.00033093
905	0.66885	0.33024	0.00060345	0.00030561
906	0.69907	0.30002	0.00063058	0.00027746
907	0.70553	0.29357	0.00063588	0.00027114
908	0.71362	0.28547	0.00064264	0.00026337
909	0.72317	0.27593	0.00065074	0.00025426
910	0.73422	0.26488	0.00066022	0.00024378
911	0.74687	0.25223	0.00067117	0.00023184
912	0.76121	0.23789	0.00068368	0.00021835
913	0.77797	0.22113	0.00069833	0.00020272
914	0.79665	0.20245	0.00071474	0.00018533
915	0.8178	0.1813	0.00073332	0.00016576
916	0.84164	0.15746	0.00075426	0.00014382
917	0.8679	0.1312	0.00077741	0.00011969
918	0.89774	0.10137	0.0008037	9.2396e-05
919	0.90605	0.09305	0.00081042	8.4694e-05
920	0.91571	0.083394	0.00081836	7.5779e-05
921	0.92719	0.071912	0.0008279	6.5253e-05
922	0.92806	0.071044	0.00082785	6.4331e-05
923	0.93005	0.069064	0.00082877	6.2423e-05
924	0.93327	0.065838	0.00083078	5.9415e-05
925	0.93779	0.061325	0.00083392	5.5273e-05
926	0.94337	0.055739	0.00083803	5.0168e-05
927	0.95036	0.048753	0.00084335	4.3836e-05
928	0.95884	0.040277	0.00084997	3.6202e-05
929	0.96857	0.030543	0.00085771	2.745e-05
930	0.97963	0.019483	0.00086665	1.7518e-05
931	0.98268	0.016439	0.00086838	1.4779e-05
932	0.98655	0.012567	0.00087086	1.1304e-05
933	0.99127	0.0078491	0.0008741	7.079e-06
934	0.98889	0.010233	0.00087102	9.1889e-06
935	0.98722	0.011903	0.0008686	1.0659e-05
936	0.98635	0.01277	0.00086686	1.1421e-05
937	0.98076	0.018365	0.00086096	1.6371e-05
938	0.9761	0.023026	0.00085591	2.0476e-05
939	0.97252	0.026608	0.00085179	2.3631e-05
940	0.96997	0.029157	0.00084858	2.5878e-05
941	0.96826	0.030865	0.00084612	2.7374e-05
942	0.96737	0.031754	0.00084441	2.814e-05
943	0.95928	0.039845	0.00083638	3.5235e-05
944	0.95262	0.046509	0.00082959	4.1076e-05
945	0.9473	0.051831	0.00082397	4.574e-05
946	0.943	0.056128	0.00081928	4.9485e-05
947	0.93971	0.05942	0.00081549	5.2335e-05
948	0.9374	0.061731	0.00081259	5.4312e-05
949	0.93605	0.063087	0.00081055	5.5444e-05
950	0.93576	0.063371	0.00080942	5.565e-05
951	0.93642	0.062712	0.00080913	5.5028e-05
