#coord	neutral	conserved	gBGC.neutral	gBGC.conserved
1	0.90192	0.095703	0.0021505	0.00022989
2	0.90963	0.088001	0.0021584	0.00021044
3	0.91862	0.079019	0.0021694	0.00018806
4	0.92919	0.068467	0.0021837	0.00016225
5	0.94143	0.056239	0.0022016	0.00013284
6	0.95568	0.041996	0.0022236	9.9125e-05
7	0.97162	0.026069	0.0022495	6.1718e-05
8	0.97642	0.021281	0.0022492	5.0458e-05
9	0.98216	0.015549	0.002251	3.709e-05
10	0.98298	0.014745	0.0022413	3.5228e-05
11	0.97985	0.017889	0.0022225	4.2607e-05
12	0.97751	0.020239	0.0022057	4.8061e-05
13	0.97602	0.021734	0.0021908	5.1531e-05
14	0.97531	0.022459	0.0021779	5.319e-05
15	0.97535	0.022426	0.0021668	5.3094e-05
16	0.97021	0.027583	0.0021435	6.5072e-05
17	0.95253	0.045273	0.0020914	0.00010609
18	0.93664	0.061175	0.0020439	0.00014251
19	0.92245	0.075377	0.0020009	0.0001746
20	0.9103	0.087533	0.0019626	0.00020186
21	0.89962	0.098228	0.0019281	0.00022548
22	0.89055	0.10731	0.0018972	0.00024536
23	0.8828	0.11507	0.0018697	0.00026203
24	0.87631	0.12157	0.0018453	0.00027571
25	0.87103	0.12686	0.0018238	0.00028655
26	0.86694	0.13096	0.0018051	0.00029465
27	0.86433	0.13358	0.0017895	0.00029957
28	0.86315	0.13477	0.001777	0.00030143
29	0.86308	0.13485	0.0017669	0.00030088
30	0.86429	0.13365	0.0017594	0.00029769
31	0.86662	0.13134	0.0017544	0.00029216
32	0.87007	0.12789	0.0017518	0.00028429
33	0.87468	0.12329	0.0017517	0.00027407
34	0.86811	0.12988	0.0017279	0.0002875
35	0.86295	0.13504	0.0017072	0.00029788
36	0.85898	0.13902	0.0016892	0.00030565
37	0.85635	0.14166	0.0016739	0.00031065
38	0.85486	0.14316	0.0016611	0.00031321
39	0.8545	0.14354	0.0016508	0.00031342
40	0.85525	0.1428	0.0016429	0.00031134
41	0.85714	0.14092	0.0016373	0.00030697
42	0.86016	0.1379	0.0016341	0.00030034
43	0.86434	0.13373	0.0016333	0.00029145
44	0.86971	0.12837	0.0016348	0.00028029
45	0.8763	0.12179	0.0016387	0.0002668
46	0.88416	0.11394	0.0016451	0.00025094
47	0.89358	0.10454	0.0016542	0.00023232
48	0.90484	0.093286	0.0016665	0.00021045
49	0.9176	0.08053	0.0016815	0.00018588
50	0.93198	0.066159	0.0016995	0.00015844
51	0.94862	0.049533	0.0017213	0.00012717
52	0.9671	0.031059	0.0017464	9.2679e-05
53	0.9726	0.025597	0.0017292	7.3691e-05
54	0.96558	0.032655	0.001683	8.3573e-05
55	0.95987	0.0384	0.0016394	9.0719e-05
56	0.9554	0.042904	0.0015982	9.5379e-05
57	0.9519	0.046439	0.0015592	9.808e-05
58	0.94946	0.048919	0.001522	9.8832e-05
59	0.94814	0.050276	0.0014867	9.7626e-05
60	0.94792	0.050528	0.001453	9.4603e-05
61	0.94861	0.049883	0.001421	9.0169e-05
62	0.95019	0.048337	0.0013906	8.4413e-05
63	0.9528	0.04576	0.0013616	7.7271e-05
64	0.95657	0.042027	0.0013338	6.8661e-05
65	0.96154	0.037089	0.0013073	5.8642e-05
66	0.96754	0.031129	0.0012821	4.756e-05
67	0.97474	0.023963	0.001258	3.5324e-05
68	0.97567	0.023072	0.0012242	3.2646e-05
69	0.97752	0.021257	0.0011913	2.8902e-05
70	0.98032	0.018494	0.0011593	2.4164e-05
71	0.98411	0.014747	0.001128	1.8496e-05
72	0.98892	0.0099671	0.0010975	1.1954e-05
73	0.98965	0.0092757	0.0010621	1.0574e-05
74	0.9911	0.0078671	0.0010272	8.5074e-06
75	0.99322	0.0057796	0.00099325	5.8567e-06
76	0.99304	0.0059976	0.00095667	5.6884e-06
77	0.99351	0.005566	0.00092056	4.9131e-06
78	0.99459	0.0045185	0.00088528	3.621e-06
79	0.99383	0.005319	0.00084826	3.9075e-06
80	0.99367	0.0055155	0.00081209	3.6522e-06
81	0.99411	0.0051092	0.00077669	2.9215e-06
82	0.99247	0.006791	0.00074034	3.4384e-06
83	0.98655	0.012708	0.00073164	7.8571e-06
84	0.98156	0.017703	0.00072371	1.1533e-05
85	0.97756	0.021708	0.00071649	1.4457e-05
86	0.97451	0.024763	0.00070993	1.6669e-05
87	0.97245	0.026828	0.00070404	1.8153e-05
88	0.9712	0.028085	0.00069881	1.903e-05
89	0.97083	0.028457	0.00069415	1.9277e-05
90	0.97141	0.027879	0.0006901	1.8863e-05
91	0.97295	0.026343	0.00068666	1.7796e-05
92	0.97531	0.023987	0.00068382	1.6164e-05
93	0.97293	0.026378	0.00067766	1.7796e-05
94	0.96227	0.037035	0.00066585	2.5124e-05
95	0.95292	0.046396	0.00065509	3.1437e-05
96	0.94512	0.054201	0.00064541	3.662e-05
97	0.93847	0.060849	0.00063665	4.0926e-05
98	0.93322	0.066103	0.00062882	4.4247e-05
99	0.9293	0.070028	0.00062186	4.6645e-05
100	0.92641	0.072923	0.00061568	4.8302e-05
101	0.92466	0.074677	0.00061022	4.9191e-05
102	0.92404	0.075309	0.00060546	4.9337e-05
103	0.9244	0.074952	0.0006014	4.8818e-05
104	0.92599	0.073364	0.00059807	4.7519e-05
105	0.92859	0.070771	0.00059542	4.5574e-05
106	0.9322	0.067164	0.00059344	4.2993e-05
107	0.93686	0.062508	0.00059215	3.9763e-05
108	0.94259	0.056781	0.00059155	3.5886e-05
109	0.94063	0.058747	0.00058602	3.688e-05
110	0.93962	0.059763	0.00058115	3.7255e-05
111	0.93954	0.059848	0.00057691	3.7033e-05
112	0.93056	0.068827	0.00056729	4.2229e-05
113	0.92285	0.076541	0.00055858	4.6559e-05
114	0.91634	0.08306	0.0005507	5.0085e-05
115	0.91097	0.088429	0.00054361	5.2852e-05
116	0.90689	0.092518	0.00053727	5.4829e-05
117	0.90404	0.09537	0.00053164	5.6054e-05
118	0.90226	0.097155	0.0005267	5.6617e-05
119	0.90168	0.097745	0.00052241	5.6482e-05
120	0.90228	0.097145	0.00051876	5.5669e-05
121	0.90392	0.095505	0.00051575	5.4252e-05
122	0.90662	0.092815	0.00051336	5.224e-05
123	0.91038	0.089055	0.0005116	4.9634e-05
124	0.90467	0.094776	0.00050373	5.2487e-05
125	0.90009	0.099358	0.0004966	5.4634e-05
126	0.89662	0.10283	0.00049017	5.6111e-05
127	0.89423	0.10523	0.00048442	5.695e-05
128	0.89307	0.10639	0.0004793	5.7115e-05
129	0.89326	0.10621	0.00047484	5.6563e-05
130	0.89479	0.10469	0.00047103	5.5315e-05
131	0.8974	0.10208	0.00046782	5.3504e-05
132	0.9011	0.098386	0.0004652	5.1143e-05
133	0.90591	0.09358	0.00046315	4.8234e-05
134	0.9122	0.087297	0.00046174	4.4639e-05
135	0.9197	0.079797	0.00046093	4.0479e-05
136	0.91771	0.081797	0.00045537	4.1113e-05
137	0.91686	0.082647	0.00045033	4.1166e-05
138	0.91703	0.082486	0.00044585	4.0705e-05
139	0.91821	0.081313	0.0004419	3.9745e-05
140	0.9204	0.079121	0.00043847	3.8296e-05
141	0.92364	0.075893	0.00043555	3.6367e-05
142	0.92793	0.071606	0.00043315	3.3959e-05
143	0.93331	0.066229	0.00043126	3.1074e-05
144	0.9398	0.059738	0.00042988	2.7714e-05
145	0.94764	0.051906	0.00042898	2.3813e-05
146	0.95706	0.042496	0.00042867	1.929e-05
147	0.96778	0.031776	0.00042889	1.4257e-05
148	0.96996	0.029598	0.00042526	1.3113e-05
149	0.973	0.02657	0.00042202	1.1613e-05
150	0.97709	0.022477	0.00041915	9.6885e-06
151	0.97634	0.02324	0.00041411	9.8837e-06
152	0.97634	0.023239	0.00040943	9.745e-06
153	0.97726	0.02233	0.00040508	9.2351e-06
154	0.97895	0.020643	0.00040108	8.4089e-06
155	0.98151	0.018088	0.00039736	7.2514e-06
156	0.97981	0.019791	0.00039196	7.8105e-06
157	0.97887	0.020733	0.00038691	8.048e-06
158	0.97876	0.02085	0.00038214	7.9598e-06
159	0.9794	0.020213	0.0003777	7.5759e-06
160	0.98093	0.018686	0.00037353	6.8648e-06
161	0.97822	0.021408	0.00036783	7.7235e-06
162	0.9763	0.023327	0.00036248	8.2565e-06
163	0.97532	0.024314	0.00035744	8.4401e-06
164	0.97526	0.024384	0.00035267	8.2912e-06
165	0.97611	0.023537	0.00034818	7.823e-06
166	0.97789	0.021761	0.00034395	7.0448e-06
167	0.98047	0.019185	0.00034001	6.004e-06
168	0.98395	0.015706	0.0003363	4.6867e-06
169	0.98331	0.01635	0.00033118	4.7266e-06
170	0.97796	0.021713	0.00032465	6.1389e-06
171	0.97364	0.026039	0.00031843	7.1852e-06
172	0.95828	0.041401	0.00030929	1.1189e-05
173	0.94502	0.054669	0.00030083	1.4459e-05
174	0.93368	0.066014	0.00029298	1.707e-05
175	0.92374	0.075955	0.00028568	1.9164e-05
176	0.91533	0.084374	0.00027884	2.075e-05
177	0.90817	0.091534	0.00027247	2.19e-05
178	0.88157	0.11814	0.00026151	2.7595e-05
179	0.85745	0.14226	0.00025147	3.2387e-05
180	0.83561	0.16411	0.00024228	3.6368e-05
181	0.81659	0.18314	0.00023391	3.9477e-05
182	0.80016	0.19957	0.00022628	4.1805e-05
183	0.78554	0.2142	0.00021927	4.3536e-05
184	0.77291	0.22683	0.00021281	4.4673e-05
185	0.76187	0.23787	0.00020687	4.5312e-05
186	0.75235	0.2474	0.00020142	4.5496e-05
187	0.71618	0.28357	0.00019342	5.6453e-05
188	0.68308	0.31667	0.00018611	6.6729e-05
189	0.65341	0.34634	0.00017953	7.6246e-05
190	0.62634	0.37341	0.00017355	8.5166e-05
191	0.60217	0.39756	0.0001682	9.342e-05
192	0.58022	0.41951	0.00016338	0.00010115
193	0.5611	0.43864	0.00015921	0.00010819
194	0.54424	0.45549	0.00015557	0.00011468
195	0.52948	0.47024	0.00015241	0.00012064
196	0.51695	0.48277	0.00014979	0.00012602
197	0.50591	0.49381	0.00014757	0.00013101
198	0.49628	0.50344	0.00014574	0.00013563
199	0.48799	0.51173	0.00014428	0.00013987
200	0.48127	0.51845	0.00014322	0.00014368
201	0.4758	0.52391	0.00014252	0.00014713
202	0.47154	0.52817	0.00014219	0.00015023
203	0.46846	0.53124	0.00014221	0.00015298
204	0.46652	0.53318	0.00014258	0.00015539
205	0.46573	0.53397	0.00014332	0.00015744
206	0.46605	0.53364	0.00014442	0.00015914
207	0.46797	0.53172	0.00014597	0.00016034
208	0.47104	0.52865	0.00014791	0.00016117
209	0.4753	0.52439	0.00015026	0.00016159
210	0.48076	0.51893	0.00015303	0.0001616
211	0.48745	0.51223	0.00015624	0.00016118
212	0.49541	0.50427	0.00015991	0.00016031
213	0.50471	0.49497	0.00016408	0.00015894
214	0.51539	0.48428	0.00016877	0.00015707
215	0.52816	0.47151	0.00017415	0.00015446
216	0.54251	0.45716	0.00018014	0.00015125
217	0.53901	0.46065	0.00018033	0.00015386
218	0.53719	0.46247	0.00018102	0.00015593
219	0.53658	0.46308	0.00018214	0.00015758
220	0.53716	0.4625	0.00018369	0.0001588
221	0.53895	0.4607	0.00018569	0.00015959
222	0.54241	0.45724	0.00018823	0.0001598
223	0.5471	0.45255	0.00019125	0.00015954
224	0.55356	0.44609	0.00019487	0.00015863
225	0.56133	0.43831	0.00019903	0.00015721
226	0.55217	0.44747	0.00019716	0.00016182
227	0.54468	0.45496	0.0001958	0.00016588
228	0.53898	0.46065	0.00019503	0.00016932
229	0.53503	0.46461	0.00019482	0.00017216
230	0.5323	0.46734	0.00019508	0.00017454
231	0.53075	0.46887	0.00019579	0.00017649
232	0.53065	0.46897	0.00019699	0.0001779
233	0.53174	0.46788	0.00019867	0.00017884
234	0.53402	0.4656	0.00020083	0.00017932
235	0.51749	0.48213	0.00019578	0.00018701
236	0.5033	0.49631	0.00019151	0.00019389
237	0.4907	0.50891	0.00018782	0.0002002
238	0.48014	0.51947	0.00018482	0.00020578
239	0.47098	0.52863	0.00018235	0.00021085
240	0.46341	0.5362	0.00018042	0.00021533
241	0.45758	0.54202	0.00017911	0.00021916
242	0.45295	0.54665	0.00017827	0.00022252
243	0.44947	0.55013	0.00017791	0.00022543
244	0.44711	0.55248	0.000178	0.00022789
245	0.44612	0.55347	0.0001786	0.0002298
246	0.44625	0.55334	0.00017968	0.00023124
247	0.44774	0.55185	0.00018128	0.00023213
248	0.45036	0.54923	0.00018338	0.00023253
249	0.4541	0.54548	0.00018599	0.00023243
250	0.45928	0.5403	0.00018918	0.00023172
251	0.46567	0.53391	0.00019292	0.00023046
252	0.47331	0.52627	0.00019726	0.00022862
253	0.48279	0.51679	0.00020236	0.00022597
254	0.49367	0.5059	0.00020815	0.00022266
255	0.50604	0.49352	0.00021466	0.00021863
256	0.51996	0.4796	0.00022193	0.00021385
257	0.53555	0.46401	0.00023004	0.00020825
258	0.55292	0.44664	0.00023905	0.00020176
259	0.57217	0.42739	0.00024902	0.00019432
260	0.59342	0.40613	0.00026003	0.00018586
261	0.61771	0.38184	0.00027244	0.00017595
262	0.64443	0.35512	0.00028613	0.00016478
263	0.67375	0.3258	0.0003012	0.00015225
264	0.70697	0.29257	0.00031813	0.00013782
265	0.71433	0.28521	0.0003233	0.00013515
266	0.72361	0.27593	0.00032935	0.00013158
267	0.73436	0.26517	0.00033616	0.00012725
268	0.74671	0.25282	0.00034382	0.0001221
269	0.7607	0.23883	0.00035236	0.00011608
270	0.77644	0.22309	0.00036184	0.00010914
271	0.79407	0.20546	0.00037235	0.00010118
272	0.79498	0.20454	0.00037489	0.00010122
273	0.79747	0.20205	0.00037814	0.00010051
274	0.80118	0.19834	0.00038202	9.9177e-05
275	0.80636	0.19316	0.00038659	9.7121e-05
276	0.81305	0.18646	0.00039188	9.4305e-05
277	0.80648	0.19303	0.00039065	9.8024e-05
278	0.80143	0.19808	0.00039009	0.00010104
279	0.79761	0.20189	0.00039016	0.00010344
280	0.7954	0.2041	0.00039095	0.00010508
281	0.7944	0.2051	0.00039237	0.0001061
282	0.79461	0.20489	0.00039444	0.0001065
283	0.79602	0.20348	0.00039715	0.00010628
284	0.79901	0.20048	0.00040062	0.00010525
285	0.80324	0.19626	0.00040477	0.00010356
286	0.80873	0.19076	0.00040964	0.00010118
287	0.81575	0.18374	0.00041527	9.7987e-05
288	0.82437	0.17511	0.00042171	9.3946e-05
289	0.82012	0.17936	0.00042146	9.6621e-05
290	0.81708	0.1824	0.00042186	9.8666e-05
291	0.81524	0.18424	0.00042292	0.00010008
292	0.81457	0.1849	0.00042462	0.00010086
293	0.81528	0.1842	0.000427	0.00010092
294	0.81717	0.1823	0.00043006	0.00010033
295	0.82027	0.1792	0.00043382	9.9065e-05
296	0.82459	0.17487	0.00043829	9.7103e-05
297	0.83015	0.16931	0.0004435	9.4427e-05
298	0.83741	0.16205	0.0004496	9.0813e-05
299	0.84601	0.15345	0.00045652	8.6402e-05
300	0.85603	0.14342	0.00046432	8.1136e-05
301	0.85387	0.14559	0.0004654	8.2615e-05
302	0.85302	0.14643	0.00046715	8.3386e-05
303	0.8533	0.14614	0.00046956	8.3512e-05
304	0.85505	0.14439	0.00047273	8.2831e-05
305	0.85795	0.14149	0.00047661	8.1474e-05
306	0.86236	0.13708	0.00048129	7.9261e-05
307	0.86798	0.13146	0.00048672	7.6325e-05
308	0.87483	0.12461	0.00049294	7.263e-05
309	0.88319	0.11625	0.0005	6.8047e-05
310	0.8929	0.10653	0.00050793	6.2615e-05
311	0.90406	0.095369	0.0005168	5.627e-05
312	0.9172	0.082221	0.00052682	4.8727e-05
313	0.93199	0.067429	0.00053793	4.012e-05
314	0.94883	0.050592	0.00055026	3.0254e-05
315	0.96755	0.031865	0.00056386	1.9145e-05
316	0.96635	0.033062	0.00056563	1.9885e-05
317	0.96607	0.033341	0.00056789	2.0096e-05
318	0.96661	0.0328	0.00057067	1.9811e-05
319	0.96815	0.031262	0.00057399	1.8937e-05
320	0.97053	0.028878	0.00057787	1.7537e-05
321	0.97395	0.025454	0.00058232	1.5508e-05
322	0.97224	0.027159	0.00058372	1.6567e-05
323	0.97142	0.027976	0.00058559	1.7105e-05
324	0.9714	0.027999	0.00058798	1.7155e-05
325	0.97225	0.027142	0.00059085	1.6676e-05
326	0.97399	0.025398	0.00059422	1.5655e-05
327	0.97671	0.022673	0.00059814	1.4033e-05
328	0.97471	0.02468	0.00059919	1.5314e-05
329	0.9735	0.025887	0.00060076	1.6101e-05
330	0.97307	0.026309	0.00060284	1.6397e-05
331	0.97351	0.025865	0.00060542	1.6162e-05
332	0.97483	0.024551	0.00060849	1.5387e-05
333	0.97709	0.022283	0.0006121	1.4016e-05
334	0.98018	0.019192	0.00061629	1.2107e-05
335	0.9842	0.015167	0.00062102	9.5998e-06
336	0.98929	0.010081	0.00062639	6.4135e-06
337	0.99024	0.0091288	0.00062918	5.8279e-06
338	0.98834	0.011019	0.00063012	7.0599e-06
339	0.98725	0.012106	0.0006315	7.7919e-06
340	0.98685	0.012509	0.00063335	8.0817e-06
341	0.98244	0.016913	0.00063255	1.0973e-05
342	0.97889	0.020466	0.00063233	1.332e-05
343	0.97625	0.023103	0.00063263	1.5095e-05
344	0.97442	0.024929	0.00063349	1.6342e-05
345	0.97347	0.025881	0.00063486	1.7032e-05
346	0.97338	0.025968	0.00063674	1.7165e-05
347	0.97407	0.025273	0.00063918	1.6775e-05
348	0.97555	0.023793	0.00064217	1.5854e-05
349	0.97214	0.027197	0.00064196	1.8163e-05
350	0.96976	0.029573	0.00064236	1.9813e-05
351	0.96822	0.031119	0.00064335	2.0909e-05
352	0.96765	0.031682	0.00064493	2.1363e-05
353	0.9679	0.031432	0.00064708	2.1263e-05
354	0.96913	0.030201	0.00064985	2.0513e-05
355	0.97118	0.028146	0.00065321	1.919e-05
356	0.97408	0.025245	0.00065719	1.7273e-05
357	0.97785	0.021476	0.00066182	1.4743e-05
358	0.97692	0.022402	0.0006632	1.542e-05
359	0.97675	0.022568	0.00066513	1.5571e-05
360	0.97734	0.021974	0.00066762	1.5193e-05
361	0.97884	0.020474	0.00067067	1.4198e-05
362	0.98112	0.018191	0.00067432	1.2647e-05
363	0.9842	0.015108	0.00067856	1.0522e-05
364	0.98826	0.011047	0.00068345	7.7133e-06
365	0.98851	0.010801	0.00068571	7.5488e-06
366	0.98947	0.009831	0.00068844	6.883e-06
367	0.99122	0.0080798	0.00069165	5.6737e-06
368	0.99366	0.0056359	0.0006954	3.964e-06
369	0.99693	0.0023644	0.00069968	1.6695e-06
370	0.99795	0.0013499	0.00070242	9.5364e-07
371	0.99633	0.0029695	0.00070325	2.0992e-06
372	0.99534	0.0039572	0.00070447	2.8072e-06
373	0.99494	0.0043546	0.00070614	3.0953e-06
374	0.99516	0.0041329	0.0007082	2.9475e-06
375	0.99596	0.0033221	0.00071072	2.3739e-06
376	0.99737	0.0019166	0.0007137	1.3664e-06
377	0.99752	0.0017663	0.00071582	1.2526e-06
378	0.9982	0.0010785	0.00071836	7.4851e-07
379	0.99649	0.0027927	0.00071917	1.9276e-06
380	0.99129	0.007992	0.00071682	5.6555e-06
381	0.98694	0.012337	0.00071511	8.7694e-06
382	0.9835	0.015772	0.000714	1.1246e-05
383	0.98094	0.01833	0.00071345	1.3106e-05
384	0.97916	0.02011	0.00071351	1.4397e-05
385	0.97822	0.021053	0.00071411	1.5092e-05
386	0.97803	0.021244	0.0007153	1.5231e-05
387	0.97858	0.020685	0.00071708	1.4812e-05
388	0.9799	0.019371	0.00071945	1.383e-05
389	0.97679	0.022478	0.00071868	1.6022e-05
390	0.9745	0.02476	0.00071854	1.7609e-05
391	0.97311	0.026155	0.00071899	1.8564e-05
392	0.9725	0.026759	0.00072006	1.8932e-05
393	0.97276	0.026495	0.00072171	1.8671e-05
394	0.95247	0.046779	0.00071313	3.4157e-05
395	0.9345	0.064747	0.00070595	4.82e-05
396	0.91837	0.080868	0.00070003	6.1032e-05
397	0.90447	0.094758	0.00069552	7.2398e-05
398	0.89215	0.10707	0.00069213	8.2692e-05
399	0.88134	0.11787	0.00068985	9.1936e-05
400	0.87195	0.12726	0.00068862	0.00010018
401	0.8639	0.1353	0.00068842	0.00010745
402	0.85754	0.14166	0.00068937	0.00011352
403	0.85277	0.14642	0.00069144	0.0001184
404	0.84919	0.14999	0.00069451	0.00012234
405	0.84697	0.1522	0.00069858	0.00012523
406	0.84623	0.15294	0.00070377	0.00012695
407	0.84662	0.15254	0.00070997	0.0001277
408	0.84816	0.151	0.00071723	0.00012746
409	0.85119	0.14796	0.00072571	0.00012594
410	0.85541	0.14374	0.00073533	0.00012333
411	0.84764	0.15149	0.00073455	0.00013106
412	0.84139	0.15773	0.00073491	0.00013759
413	0.83677	0.16235	0.00073654	0.00014281
414	0.8337	0.16541	0.00073941	0.00014673
415	0.83182	0.16729	0.00074337	0.00014961
416	0.83111	0.16799	0.00074845	0.00015143
417	0.83174	0.16735	0.00075468	0.00015205
418	0.83373	0.16536	0.00076207	0.00015145
419	0.83709	0.16199	0.00077068	0.00014959
420	0.84164	0.15743	0.00078054	0.00014654
421	0.83371	0.16536	0.00077884	0.00015508
422	0.82711	0.17195	0.00077839	0.00016245
423	0.8218	0.17725	0.00077916	0.00016865
424	0.81793	0.18111	0.00078116	0.00017356
425	0.81547	0.18356	0.0007844	0.0001772
426	0.81456	0.18447	0.00078901	0.0001794
427	0.79742	0.20161	0.00077761	0.00019756
428	0.78244	0.21658	0.00076803	0.00021386
429	0.76916	0.22985	0.00076004	0.00022861
430	0.75803	0.24098	0.00075392	0.00024144
431	0.74841	0.25059	0.00074928	0.00025284
432	0.74023	0.25876	0.00074606	0.00026288
433	0.73344	0.26554	0.00074425	0.00027157
434	0.72823	0.27074	0.00074387	0.00027877
435	0.72455	0.27443	0.00074493	0.00028449
436	0.72211	0.27685	0.00074732	0.00028893
437	0.72114	0.27782	0.00075114	0.00029189
438	0.72182	0.27713	0.00075659	0.00029317
439	0.72372	0.27522	0.00076344	0.0002931
440	0.72711	0.27183	0.00077181	0.00029145
441	0.73201	0.26692	0.00078178	0.00028817
442	0.72186	0.27706	0.00077542	0.00030116
443	0.71317	0.28574	0.00077062	0.00031265
444	0.7059	0.29301	0.00076735	0.00032265
445	0.70044	0.29846	0.00076589	0.0003308
446	0.69628	0.30262	0.00076588	0.00033754
447	0.69381	0.30508	0.00076763	0.00034248
448	0.69261	0.30627	0.00077084	0.000346
449	0.69287	0.306	0.00077561	0.00034792
450	0.69439	0.30448	0.0007819	0.00034838
451	0.69717	0.3017	0.00078974	0.00034734
452	0.70122	0.29763	0.00079918	0.00034475
453	0.70657	0.29228	0.00081027	0.00034058
454	0.71327	0.28557	0.00082309	0.00033472
455	0.72136	0.27747	0.00083776	0.00032708
456	0.73141	0.26742	0.00085474	0.00031707
457	0.74353	0.25529	0.00087421	0.00030451
458	0.75731	0.2415	0.00089596	0.00028974
459	0.77283	0.22598	0.00092011	0.00027262
460	0.79056	0.20824	0.00094705	0.00025266
461	0.81069	0.18811	0.00097704	0.0002296
462	0.83376	0.16502	0.0010108	0.00020274
463	0.83814	0.16064	0.001022	0.00019848
464	0.84395	0.15482	0.0010349	0.0001924
465	0.85104	0.14772	0.0010496	0.00018463
466	0.85988	0.13888	0.0010665	0.00017462
467	0.87013	0.12863	0.0010854	0.00016267
468	0.88233	0.11641	0.0011068	0.00014815
469	0.89665	0.10208	0.001131	0.00013085
470	0.89815	0.10058	0.0011391	0.00012966
471	0.90086	0.097863	0.0011486	0.00012692
472	0.90482	0.093895	0.0011598	0.00012256
473	0.90991	0.0888	0.0011725	0.00011666
474	0.91615	0.082557	0.001187	0.00010915
475	0.92377	0.074929	0.0012032	9.9775e-05
476	0.92214	0.076548	0.0012072	0.00010255
477	0.92151	0.077178	0.0012126	0.000104
478	0.92199	0.076686	0.0012194	0.00010399
479	0.92347	0.075197	0.0012277	0.00010261
480	0.92596	0.072699	0.0012374	9.9821e-05
481	0.92947	0.069187	0.0012487	9.5592e-05
482	0.93401	0.064635	0.0012615	8.9865e-05
483	0.93963	0.059013	0.0012759	8.257e-05
484	0.93724	0.061392	0.0012794	8.6261e-05
485	0.93604	0.062587	0.0012845	8.8376e-05
486	0.93579	0.06283	0.0012909	8.9154e-05
487	0.93661	0.062006	0.0012988	8.8468e-05
488	0.9386	0.060004	0.0013082	8.6143e-05
489	0.94156	0.057038	0.0013191	8.2398e-05
490	0.93701	0.061576	0.0013195	8.9318e-05
491	0.9335	0.065085	0.0013213	9.4799e-05
492	0.93098	0.0676	0.0013246	9.8874e-05
493	0.91691	0.081656	0.0013114	0.00011962
494	0.90489	0.093667	0.0013007	0.00013768
495	0.89477	0.10379	0.0012925	0.00015322
496	0.88602	0.11253	0.0012863	0.00016683
497	0.87894	0.1196	0.0012823	0.00017815
498	0.87312	0.12541	0.0012802	0.00018769
499	0.86867	0.12985	0.00128	0.0001953
500	0.86557	0.13295	0.0012816	0.00020101
501	0.86359	0.13492	0.001285	0.00020504
502	0.8629	0.1356	0.0012901	0.00020718
503	0.86333	0.13517	0.0012971	0.0002076
504	0.86505	0.13344	0.001306	0.00020609
505	0.85438	0.1441	0.0012959	0.00022356
506	0.84514	0.15333	0.0012881	0.00023892
507	0.83728	0.16118	0.0012823	0.00025223
508	0.83074	0.16772	0.0012786	0.00026357
509	0.82567	0.17278	0.001277	0.00027274
510	0.82184	0.1766	0.0012774	0.00028001
511	0.81923	0.17921	0.0012797	0.00028537
512	0.81778	0.18064	0.001284	0.00028888
513	0.81787	0.18055	0.0012906	0.00029003
514	0.81914	0.17928	0.0012992	0.00028924
515	0.82159	0.17681	0.0013099	0.00028647
516	0.82561	0.17278	0.001323	0.00028118
517	0.81621	0.18217	0.0013146	0.0002975
518	0.80846	0.18992	0.0013085	0.00031137
519	0.80244	0.19593	0.0013051	0.00032257
520	0.79772	0.20065	0.0013038	0.0003317
521	0.79444	0.20391	0.0013048	0.00033855
522	0.79239	0.20595	0.0013078	0.00034337
523	0.79156	0.20678	0.001313	0.00034615
524	0.79192	0.20641	0.0013203	0.00034688
525	0.79386	0.20447	0.0013301	0.00034501
526	0.79739	0.20092	0.0013426	0.00034046
527	0.78713	0.21118	0.0013296	0.0003602
528	0.77833	0.21998	0.001319	0.00037749
529	0.74336	0.25493	0.0012622	0.00044103
530	0.71145	0.28684	0.0012106	0.00049948
531	0.68288	0.3154	0.0011642	0.0005526
532	0.65685	0.34143	0.0011221	0.00060146
533	0.63365	0.36462	0.0010846	0.00064574
534	0.61266	0.3856	0.0010509	0.00068629
535	0.59443	0.40383	0.0010216	0.0007223
536	0.57806	0.42019	0.00099566	0.00075511
537	0.56345	0.43479	0.00097276	0.0007849
538	0.55049	0.44774	0.00095277	0.00081185
539	0.53909	0.45914	0.00093553	0.00083611
540	0.52914	0.46909	0.00092088	0.00085784
541	0.52056	0.47765	0.0009087	0.00087716
542	0.51383	0.48438	0.00089958	0.00089337
543	0.50863	0.48957	0.00089302	0.00090697
544	0.47939	0.5188	0.00084231	0.00096479
545	0.45261	0.54558	0.0007959	0.0010184
546	0.42808	0.5701	0.00075347	0.001068
547	0.40565	0.59252	0.00071472	0.0011141
548	0.38593	0.61223	0.00068049	0.0011555
549	0.36868	0.62948	0.0006504	0.0011928
550	0.35301	0.64514	0.00062314	0.0012273
551	0.33881	0.65933	0.00059854	0.0012592
552	0.32657	0.67156	0.00057726	0.0012877
553	0.31562	0.68251	0.00055832	0.001314
554	0.30585	0.69227	0.00054153	0.0013382
555	0.29718	0.70093	0.00052677	0.0013603
556	0.28957	0.70853	0.00051395	0.0013806
557	0.28296	0.71514	0.00050298	0.0013991
558	0.2773	0.72079	0.00049377	0.0014159
559	0.27257	0.72552	0.0004863	0.001431
560	0.26915	0.72893	0.00048111	0.0014438
561	0.26681	0.73126	0.00047778	0.0014547
562	0.26552	0.73254	0.00047631	0.0014637
563	0.26507	0.73298	0.00047644	0.0014712
564	0.26584	0.7322	0.00047876	0.0014764
565	0.26743	0.73061	0.00048269	0.00148
566	0.27008	0.72795	0.00048852	0.0014818
567	0.27358	0.72445	0.00049605	0.0014818
568	0.27819	0.71982	0.00050562	0.0014798
569	0.28418	0.71383	0.00051769	0.0014753
570	0.29161	0.70639	0.00053242	0.001468
571	0.30058	0.69741	0.00055	0.0014579
572	0.31069	0.68729	0.0005699	0.0014455
573	0.3223	0.67567	0.00059261	0.0014302
574	0.3352	0.66277	0.00061797	0.0014124
575	0.34982	0.64814	0.00064658	0.0013912
576	0.36596	0.632	0.00067836	0.001367
577	0.38444	0.61351	0.00071456	0.0013383
578	0.40469	0.59325	0.00075448	0.0013059
579	0.42686	0.57107	0.00079844	0.0012695
580	0.45201	0.54591	0.00084813	0.0012274
581	0.47947	0.51845	0.00090271	0.0011804
582	0.50947	0.48844	0.0009627	0.0011281
583	0.51514	0.48277	0.00097496	0.0011235
584	0.52259	0.47531	0.00099067	0.0011154
585	0.53139	0.46649	0.0010093	0.0011045
586	0.52295	0.47493	0.00099084	0.0011305
587	0.51584	0.48203	0.00097533	0.0011536
588	0.5105	0.48736	0.00096338	0.0011732
589	0.50638	0.49147	0.00095406	0.0011902
590	0.50347	0.49438	0.00094735	0.0012047
591	0.50174	0.4961	0.0009432	0.0012167
592	0.50119	0.49664	0.00094157	0.0012262
593	0.50205	0.49577	0.00094273	0.0012329
594	0.50454	0.49327	0.00094711	0.0012363
595	0.50823	0.48957	0.00095405	0.0012372
596	0.51315	0.48465	0.00096362	0.0012356
597	0.5193	0.47849	0.00097584	0.0012313
598	0.52703	0.47075	0.00099114	0.001224
599	0.53641	0.46136	0.0010097	0.0012134
600	0.5478	0.44997	0.0010321	0.0011988
601	0.56133	0.43643	0.0010587	0.0011799
602	0.57719	0.42056	0.0010899	0.0011565
603	0.59488	0.40287	0.0011249	0.0011294
604	0.59407	0.40366	0.0011203	0.0011419
605	0.59494	0.40279	0.0011192	0.0011508
606	0.59702	0.4007	0.0011208	0.0011571
607	0.6006	0.39712	0.0011255	0.0011603
608	0.60545	0.39225	0.001133	0.0011607
609	0.6116	0.38609	0.0011434	0.0011583
610	0.61909	0.3786	0.0011566	0.0011531
611	0.62851	0.36917	0.0011738	0.001144
612	0.62147	0.37622	0.0011615	0.0011478
613	0.61603	0.38167	0.0011525	0.0011483
614	0.61189	0.38581	0.0011464	0.001146
615	0.60903	0.38869	0.0011431	0.0011409
616	0.60741	0.39031	0.0011426	0.0011331
617	0.60701	0.39072	0.0011448	0.0011226
618	0.60829	0.38945	0.0011506	0.0011084
619	0.61079	0.38696	0.0011593	0.0010916
620	0.6148	0.38296	0.0011712	0.0010714
621	0.62035	0.37742	0.0011864	0.0010479
622	0.60904	0.38873	0.001163	0.0010629
623	0.59922	0.39856	0.0011429	0.0010747
624	0.59111	0.40668	0.0011261	0.0010831
625	0.58463	0.41317	0.0011126	0.0010882
626	0.57947	0.41834	0.001102	0.0010905
627	0.57558	0.42223	0.0010942	0.0010901
628	0.5734	0.42443	0.0010898	0.0010862
629	0.57242	0.42541	0.001088	0.0010798
630	0.5729	0.42494	0.0010891	0.0010703
631	0.57484	0.42301	0.0010932	0.0010579
632	0.57803	0.41983	0.0011001	0.0010428
633	0.58245	0.41542	0.0011096	0.0010251
634	0.58815	0.40973	0.0011219	0.0010047
635	0.59544	0.40244	0.0011375	0.00098093
636	0.6044	0.39349	0.0011564	0.00095377
637	0.61538	0.38252	0.0011795	0.00092245
638	0.62792	0.36998	0.001206	0.00088777
639	0.6421	0.35581	0.001236	0.0008496
640	0.65869	0.33923	0.001271	0.00080643
641	0.65734	0.34059	0.0012659	0.00080347
642	0.65722	0.34072	0.0012634	0.00079791
643	0.65834	0.3396	0.0012637	0.00078974
644	0.66072	0.33723	0.0012666	0.00077894
645	0.66482	0.33315	0.0012729	0.00076471
646	0.65265	0.34532	0.0012455	0.00078413
647	0.64205	0.35592	0.0012214	0.00080024
648	0.63345	0.36454	0.0012013	0.00081241
649	0.62625	0.37174	0.0011842	0.00082165
650	0.62066	0.37734	0.0011701	0.00082774
651	0.61638	0.38163	0.0011588	0.00083115
652	0.61335	0.38467	0.0011502	0.00083201
653	0.6118	0.38622	0.0011443	0.00082999
654	0.6115	0.38653	0.0011411	0.00082549
655	0.61242	0.38562	0.0011403	0.00081855
656	0.61482	0.38323	0.0011423	0.0008088
657	0.61848	0.37958	0.0011468	0.00079656
658	0.62389	0.37417	0.0011546	0.00078103
659	0.63062	0.36745	0.001165	0.00076293
660	0.63874	0.35934	0.0011782	0.00074214
661	0.64828	0.34981	0.0011942	0.00071861
662	0.65962	0.33848	0.0012135	0.00069175
663	0.67288	0.32522	0.0012362	0.00066139
664	0.68786	0.31025	0.0012623	0.00062776
665	0.70532	0.2928	0.0012928	0.00058959
666	0.72516	0.27297	0.0013276	0.00054716
667	0.74715	0.25098	0.0013664	0.0005007
668	0.74984	0.2483	0.0013669	0.00049251
669	0.75377	0.24438	0.0013699	0.00048196
670	0.75921	0.23894	0.0013755	0.00046868
671	0.76623	0.23194	0.0013839	0.00045261
672	0.77509	0.22308	0.0013955	0.00043324
673	0.78542	0.21276	0.0014099	0.00041121
674	0.7978	0.20038	0.0014277	0.00038557
675	0.81183	0.18636	0.0014487	0.00035698
676	0.82822	0.16998	0.0014736	0.00032432
677	0.84653	0.15168	0.001502	0.00028825
678	0.86689	0.13133	0.0015341	0.00024855
679	0.89019	0.10803	0.0015712	0.00020385
680	0.91592	0.082318	0.0016125	0.00015492
681	0.92319	0.075051	0.0016192	0.00014067
682	0.9317	0.066551	0.001628	0.00012425
683	0.9415	0.056758	0.0016392	0.00010556
684	0.95266	0.045605	0.0016529	8.452e-05
685	0.96526	0.033013	0.0016691	6.099e-05
686	0.96834	0.029939	0.0016679	5.4956e-05
687	0.97251	0.025776	0.0016685	4.7081e-05
688	0.97761	0.020678	0.0016708	3.7592e-05
689	0.97765	0.020651	0.001664	3.7195e-05
690	0.97843	0.019877	0.0016587	3.5495e-05
691	0.97996	0.018351	0.0016547	3.2495e-05
692	0.9824	0.015919	0.0016521	2.799e-05
693	0.98563	0.012695	0.001651	2.2148e-05
694	0.98976	0.0085744	0.0016513	1.4849e-05
695	0.99033	0.0080066	0.0016453	1.374e-05
696	0.99164	0.0067031	0.0016404	1.1427e-05
697	0.99361	0.0047424	0.0016368	8.0256e-06
698	0.99631	0.0020548	0.0016342	3.4632e-06
699	0.99708	0.0012936	0.0016284	2.1608e-06
700	0.997	0.0013734	0.0016212	2.2715e-06
701	0.996	0.0023853	0.0016124	3.9116e-06
702	0.9956	0.0027869	0.0016045	4.5591e-06
703	0.99577	0.0026308	0.0015975	4.2961e-06
704	0.99649	0.0019156	0.0015916	3.1327e-06
705	0.99361	0.0048032	0.0015799	7.7846e-06
706	0.99141	0.0070045	0.0015695	1.1288e-05
707	0.9899	0.0085307	0.0015602	1.3676e-05
708	0.98904	0.0093927	0.0015522	1.4983e-05
709	0.98431	0.014126	0.0015379	2.2413e-05
710	0.98054	0.017911	0.0015251	2.8312e-05
711	0.97758	0.020871	0.0015137	3.2851e-05
712	0.97552	0.022945	0.0015036	3.5991e-05
713	0.97423	0.024233	0.0014949	3.7868e-05
714	0.97381	0.024665	0.0014875	3.843e-05
715	0.9743	0.024179	0.0014814	3.7603e-05
716	0.97558	0.022912	0.0014765	3.5573e-05
717	0.97763	0.02086	0.0014729	3.2352e-05
718	0.97522	0.023277	0.0014626	3.5947e-05
719	0.9737	0.024812	0.0014536	3.8199e-05
720	0.9731	0.025416	0.0014459	3.9053e-05
721	0.97343	0.025096	0.0014395	3.8538e-05
722	0.97453	0.023997	0.0014343	3.6851e-05
723	0.97642	0.022111	0.0014304	3.3998e-05
724	0.97928	0.019266	0.0014278	2.9782e-05
725	0.98296	0.015589	0.0014264	2.4366e-05
726	0.98245	0.016102	0.0014189	2.5211e-05
727	0.97717	0.021396	0.0014041	3.3356e-05
728	0.97291	0.025661	0.0013909	3.9923e-05
729	0.96954	0.029034	0.0013791	4.5091e-05
730	0.96704	0.031539	0.0013687	4.8919e-05
731	0.96548	0.033105	0.0013597	5.1367e-05
732	0.96475	0.033842	0.001352	5.2576e-05
733	0.96485	0.033754	0.0013455	5.2572e-05
734	0.96594	0.032672	0.0013404	5.117e-05
735	0.96786	0.030756	0.0013365	4.8581e-05
736	0.97081	0.027812	0.001334	4.4593e-05
737	0.97483	0.0238	0.0013329	3.9179e-05
738	0.97996	0.018671	0.0013331	3.2296e-05
739	0.97427	0.024388	0.0013016	3.6683e-05
740	0.96966	0.029032	0.0012715	3.9522e-05
741	0.96615	0.032562	0.0012429	4.084e-05
742	0.96372	0.035022	0.0012155	4.0758e-05
743	0.96215	0.036624	0.0011895	3.9549e-05
744	0.96142	0.03738	0.0011648	3.7287e-05
745	0.95345	0.045348	0.0011539	4.7264e-05
746	0.94692	0.051879	0.0011446	5.5522e-05
747	0.94147	0.057327	0.0011368	6.2428e-05
748	0.93733	0.061471	0.0011304	6.7786e-05
749	0.93419	0.064611	0.0011253	7.1903e-05
750	0.93228	0.066528	0.0011217	7.4581e-05
751	0.93133	0.067472	0.0011192	7.6072e-05
752	0.93148	0.067329	0.001118	7.6294e-05
753	0.93259	0.06622	0.001118	7.5347e-05
754	0.93466	0.064146	0.0011192	7.3239e-05
755	0.93773	0.061083	0.0011216	6.9944e-05
756	0.9418	0.057009	0.0011252	6.544e-05
757	0.9469	0.051906	0.0011302	5.9708e-05
758	0.95309	0.045726	0.0011365	5.2692e-05
759	0.96067	0.038137	0.0011443	4.4075e-05
760	0.96105	0.037762	0.0011437	4.3811e-05
761	0.95447	0.044346	0.0011349	5.1793e-05
762	0.94895	0.049865	0.0011275	5.8459e-05
763	0.94446	0.054356	0.0011213	6.3863e-05
764	0.9411	0.057716	0.0011165	6.7938e-05
765	0.93872	0.060099	0.0011129	7.0819e-05
766	0.9373	0.061521	0.0011105	7.253e-05
767	0.93694	0.061877	0.0011093	7.2997e-05
768	0.93752	0.061295	0.0011093	7.2328e-05
769	0.93928	0.059543	0.0011105	7.0302e-05
770	0.94199	0.056825	0.001113	6.7111e-05
771	0.9371	0.061718	0.0011065	7.294e-05
772	0.93339	0.065434	0.0011012	7.739e-05
773	0.93068	0.068139	0.0010972	8.0609e-05
774	0.92896	0.069861	0.0010945	8.2635e-05
775	0.92845	0.070373	0.0010931	8.3255e-05
776	0.92891	0.069911	0.0010929	8.2698e-05
777	0.93035	0.068472	0.001094	8.0963e-05
778	0.93277	0.066055	0.0010963	7.8051e-05
779	0.93644	0.06239	0.0010999	7.3698e-05
780	0.94114	0.057685	0.0011049	6.8097e-05
781	0.94706	0.051765	0.0011112	6.1096e-05
782	0.9454	0.053433	0.0011085	6.3047e-05
783	0.94486	0.053973	0.0011071	6.3692e-05
784	0.94524	0.053595	0.0011068	6.3234e-05
785	0.94674	0.05209	0.0011077	6.1477e-05
786	0.94917	0.049661	0.0011098	5.8614e-05
787	0.95254	0.046289	0.0011131	5.4626e-05
788	0.95701	0.04182	0.0011175	4.9379e-05
789	0.9625	0.036339	0.0011233	4.2925e-05
790	0.96917	0.029668	0.0011303	3.5113e-05
791	0.97694	0.021891	0.0011387	2.5983e-05
792	0.97825	0.020582	0.0011395	2.4435e-05
793	0.98034	0.018496	0.0011414	2.1964e-05
794	0.98322	0.015617	0.0011442	1.855e-05
795	0.98691	0.011933	0.001148	1.4179e-05
796	0.987	0.011837	0.0011475	1.4056e-05
797	0.98778	0.01106	0.0011479	1.3125e-05
798	0.98531	0.013531	0.0011445	1.5996e-05
799	0.98358	0.015259	0.001142	1.7985e-05
800	0.98265	0.016195	0.0011404	1.9062e-05
801	0.98254	0.016296	0.0011397	1.9178e-05
802	0.98316	0.015678	0.0011399	1.8443e-05
803	0.98457	0.014273	0.0011409	1.6805e-05
804	0.98671	0.012133	0.0011429	1.43e-05
805	0.9896	0.0092415	0.0011458	1.0909e-05
806	0.98941	0.0094319	0.001145	1.1136e-05
807	0.98996	0.0088802	0.001145	1.0511e-05
808	0.98768	0.011167	0.0011416	1.3232e-05
809	0.98622	0.01263	0.0011391	1.5002e-05
810	0.98546	0.013391	0.0011375	1.5942e-05
811	0.98017	0.018681	0.0011306	2.2221e-05
812	0.97589	0.022956	0.0011248	2.7325e-05
813	0.97249	0.026358	0.0011201	3.1382e-05
814	0.96994	0.028911	0.0011165	3.4427e-05
815	0.96822	0.030625	0.0011139	3.6475e-05
816	0.96734	0.031513	0.0011123	3.7542e-05
817	0.96726	0.031588	0.0011118	3.7648e-05
818	0.96809	0.030759	0.0011122	3.672e-05
819	0.96974	0.029111	0.0011136	3.4826e-05
820	0.96606	0.03279	0.0011087	3.9218e-05
821	0.96328	0.035572	0.0011049	4.254e-05
822	0.96137	0.037484	0.0011022	4.4828e-05
823	0.96031	0.03854	0.0011005	4.6102e-05
824	0.96021	0.038648	0.0010998	4.6291e-05
825	0.96095	0.037907	0.0011003	4.5479e-05
826	0.96264	0.036212	0.0011017	4.3579e-05
827	0.96531	0.033546	0.0011042	4.0574e-05
828	0.96886	0.029991	0.0011078	3.6525e-05
829	0.96686	0.031995	0.0011048	3.9051e-05
830	0.96569	0.033166	0.0011028	4.0586e-05
831	0.96534	0.033514	0.0011018	4.1143e-05
832	0.95788	0.040979	0.0010931	4.9862e-05
833	0.95179	0.047064	0.0010859	5.7004e-05
834	0.94676	0.052101	0.00108	6.2902e-05
835	0.92805	0.07081	0.001058	8.4911e-05
836	0.91124	0.087615	0.0010382	0.00010463
837	0.8965	0.10236	0.0010208	0.00012199
838	0.88339	0.11546	0.0010054	0.00013739
839	0.8723	0.12655	0.00099226	0.00015049
840	0.86267	0.13619	0.00098088	0.00016185
841	0.82854	0.17032	0.00094094	0.00020182
842	0.79737	0.20148	0.00090461	0.0002382
843	0.76897	0.22989	0.00087162	0.00027129
844	0.74402	0.25484	0.0008425	0.00030046
845	0.7222	0.27665	0.00081688	0.00032608
846	0.70253	0.29632	0.00079387	0.00034912
847	0.68483	0.31402	0.00077326	0.00036981
848	0.66935	0.32951	0.00075511	0.00038799
849	0.65559	0.34327	0.00073904	0.00040411
850	0.64344	0.35541	0.00072494	0.00041831
851	0.63284	0.36601	0.00071269	0.00043068
852	0.62371	0.37515	0.00070222	0.00044132
853	0.61648	0.38237	0.00069384	0.00044982
854	0.58235	0.4165	0.00065448	0.00048933
855	0.55113	0.44773	0.0006186	0.00052539
856	0.52254	0.47631	0.00058588	0.00055832
857	0.49734	0.50152	0.00055688	0.00058749
858	0.47433	0.52453	0.00053051	0.00061406
859	0.45416	0.5447	0.00050727	0.00063745
860	0.43584	0.56302	0.00048624	0.00065867
861	0.41923	0.57962	0.00046726	0.00067786
862	0.40489	0.59397	0.00045076	0.00069453
863	0.39203	0.60682	0.00043604	0.00070946
864	0.38088	0.61798	0.00042317	0.00072249
865	0.371	0.62785	0.00041184	0.00073401
866	0.36236	0.63649	0.00040197	0.00074409
867	0.3549	0.64396	0.0003935	0.0007528
868	0.34855	0.6503	0.00038637	0.00076021
869	0.34352	0.65533	0.00038065	0.00076616
870	0.33997	0.65889	0.00037653	0.00077047
871	0.33783	0.66102	0.00037395	0.00077321
872	0.33668	0.66218	0.00037253	0.00077481
873	0.33646	0.66239	0.00037224	0.00077531
874	0.3372	0.66165	0.00037307	0.00077471
875	0.33913	0.65972	0.00037519	0.00077278
876	0.34205	0.6568	0.00037848	0.00076971
877	0.34597	0.65288	0.00038297	0.00076547
878	0.35093	0.64792	0.00038869	0.00076002
879	0.3572	0.64165	0.00039584	0.00075311
880	0.36486	0.63399	0.00040448	0.00074467
881	0.3737	0.62515	0.00041454	0.00073485
882	0.3838	0.61505	0.00042608	0.00072356
883	0.39518	0.60367	0.00043917	0.00071075
884	0.40797	0.59088	0.00045394	0.00069629
885	0.42222	0.57663	0.00047046	0.0006801
886	0.43807	0.56078	0.00048891	0.00066202
887	0.45562	0.54323	0.00050943	0.0006419
888	0.47501	0.52384	0.00053216	0.00061959
889	0.47454	0.52431	0.00053203	0.00062018
890	0.47521	0.52364	0.00053327	0.00061942
891	0.47704	0.52181	0.00053591	0.00061729
892	0.48028	0.51857	0.00054009	0.00061358
893	0.48471	0.51414	0.00054572	0.00060845
894	0.49034	0.50851	0.00055282	0.00060189
895	0.49773	0.50112	0.00056187	0.00059333
896	0.50643	0.49242	0.00057252	0.0005832
897	0.51681	0.48203	0.00058506	0.00057114
898	0.52898	0.46986	0.0005996	0.00055705
899	0.54273	0.45611	0.00061607	0.00054105
900	0.55814	0.44071	0.00063458	0.00052304
901	0.5753	0.42354	0.00065527	0.00050289
902	0.59476	0.40408	0.00067856	0.00048009
903	0.61709	0.38175	0.00070511	0.000454
904	0.64166	0.35718	0.00073443	0.00042516
905	0.66869	0.33015	0.00076679	0.00039331
906	0.6989	0.29994	0.0008028	0.00035778
907	0.70535	0.29349	0.00081093	0.00035017
908	0.71344	0.2854	0.0008209	0.00034067
909	0.72298	0.27585	0.00083267	0.0003294
910	0.73403	0.26481	0.0008463	0.0003163
911	0.74667	0.25216	0.00086193	0.00030125
912	0.76101	0.23783	0.00087968	0.00028412
913	0.77776	0.22107	0.00090021	0.00026416
914	0.79644	0.2024	0.00092314	0.00024183
915	0.81759	0.18125	0.00094892	0.00021661
916	0.84142	0.15742	0.0009778	0.00018825
917	0.86767	0.13117	0.0010097	0.00015688
918	0.89749	0.10134	0.0010458	0.00012134
919	0.90581	0.093025	0.0010563	0.00011137
920	0.91546	0.083371	0.0010685	9.9766e-05
921	0.92694	0.071892	0.0010827	8.6022e-05
922	0.92781	0.071024	0.0010844	8.4888e-05
923	0.92979	0.069044	0.0010874	8.2463e-05
924	0.93301	0.065819	0.0010917	7.8592e-05
925	0.93752	0.061308	0.0010975	7.3225e-05
926	0.94311	0.055723	0.0011047	6.6554e-05
927	0.95009	0.048739	0.0011134	5.8253e-05
928	0.95856	0.040265	0.0011238	4.8218e-05
929	0.96829	0.030534	0.0011357	3.665e-05
930	0.97935	0.019477	0.0011494	2.3458e-05
931	0.98239	0.016434	0.0011534	1.9841e-05
932	0.98626	0.012564	0.0011584	1.5225e-05
933	0.99098	0.0078468	0.0011646	9.5808e-06
934	0.9886	0.01023	0.0011622	1.2435e-05
935	0.98693	0.0119	0.0011608	1.4434e-05
936	0.98606	0.012766	0.0011603	1.5494e-05
937	0.98046	0.01836	0.0011541	2.2212e-05
938	0.9758	0.023019	0.0011491	2.7803e-05
939	0.97222	0.0266	0.0011453	3.2136e-05
940	0.96967	0.029148	0.0011427	3.5263e-05
941	0.96797	0.030856	0.0011411	3.7375e-05
942	0.96708	0.031744	0.0011406	3.8494e-05
943	0.95899	0.039833	0.0011315	4.8238e-05
944	0.95233	0.046495	0.001124	5.6318e-05
945	0.947	0.051815	0.001118	6.283e-05
946	0.94271	0.056111	0.0011133	6.8094e-05
947	0.93942	0.059402	0.0011098	7.2134e-05
948	0.93711	0.061712	0.0011076	7.4982e-05
949	0.93575	0.063067	0.0011066	7.6667e-05
950	0.93547	0.063351	0.0011068	7.7095e-05
951	0.93612	0.062692	0.0011083	7.6374e-05
952	0.93773	0.061087	0.0011109	7.4495e-05
953	0.9403	0.058513	0.0011147	7.1429e-05
954	0.94386	0.054953	0.0011198	6.7151e-05
955	0.94843	0.050381	0.0011262	6.1623e-05
956	0.95405	0.044764	0.0011339	5.4801e-05
957	0.96089	0.037917	0.001143	4.6511e-05
958	0.96904	0.029771	0.0011537	3.6674e-05
959	0.97005	0.028756	0.0011558	3.5453e-05
960	0.97188	0.026929	0.0011589	3.3236e-05
961	0.97453	0.024278	0.001163	3.0003e-05
962	0.97812	0.020684	0.0011683	2.5644e-05
963	0.98269	0.016113	0.0011747	2.0116e-05
964	0.97728	0.021524	0.0011689	2.6774e-05
