#coord	neutral	conserved	gBGC.neutral	gBGC.conserved
1	0.90315	0.095833	0.00092178	9.8428e-05
2	0.91086	0.08812	0.00092678	9.025e-05
3	0.91986	0.079125	0.00093311	8.0783e-05
4	0.93043	0.068558	0.00094092	6.9807e-05
5	0.94268	0.056314	0.00095031	5.7235e-05
6	0.95694	0.042051	0.00096159	4.2753e-05
7	0.9729	0.026103	0.00097455	2.6625e-05
8	0.97769	0.021309	0.0009763	2.1742e-05
9	0.98344	0.015569	0.00097902	1.5923e-05
10	0.98424	0.014764	0.00097672	1.5099e-05
11	0.9811	0.017912	0.00097048	1.8254e-05
12	0.97875	0.020265	0.0009651	2.0586e-05
13	0.97726	0.021761	0.00096055	2.2063e-05
14	0.97653	0.022487	0.00095682	2.2757e-05
15	0.97657	0.022454	0.00095389	2.2687e-05
16	0.97141	0.027617	0.00094574	2.781e-05
17	0.9537	0.045329	0.00092518	4.5379e-05
18	0.93778	0.061249	0.00090657	6.1024e-05
19	0.92357	0.075468	0.00088981	7.4857e-05
20	0.9114	0.087638	0.00087508	8.6645e-05
21	0.9007	0.098345	0.00086191	9.6898e-05
22	0.89161	0.10744	0.00085032	0.00010555
23	0.88385	0.1152	0.00084013	0.00011283
24	0.87734	0.12171	0.00083126	0.00011883
25	0.87205	0.127	0.00082365	0.0001236
26	0.86795	0.13111	0.00081726	0.00012718
27	0.86532	0.13374	0.00081225	0.00012937
28	0.86414	0.13493	0.00080856	0.00013019
29	0.86406	0.13501	0.00080599	0.00012995
30	0.86526	0.1338	0.00080458	0.00012851
31	0.86759	0.13148	0.00080427	0.00012602
32	0.87104	0.12803	0.00080505	0.00012245
33	0.87565	0.12343	0.00080695	0.0001178
34	0.86906	0.13002	0.00079841	0.00012363
35	0.86389	0.13519	0.00079118	0.00012812
36	0.85991	0.13917	0.00078513	0.00013146
37	0.85727	0.14182	0.00078029	0.00013357
38	0.85578	0.14331	0.00077658	0.00013458
39	0.8554	0.14369	0.00077396	0.00013454
40	0.85615	0.14295	0.00077242	0.00013344
41	0.85803	0.14106	0.00077196	0.00013129
42	0.86105	0.13804	0.00077258	0.00012809
43	0.86523	0.13387	0.00077429	0.00012383
44	0.8706	0.1285	0.00077711	0.00011849
45	0.87719	0.12191	0.00078107	0.00011204
46	0.88505	0.11406	0.0007862	0.00010444
47	0.89447	0.10464	0.00079265	9.5506e-05
48	0.90574	0.093378	0.00080066	8.4988e-05
49	0.91851	0.080609	0.00081004	7.3138e-05
50	0.9329	0.066224	0.00082087	5.9859e-05
51	0.94954	0.049581	0.00083359	4.467e-05
52	0.96804	0.031088	0.00084796	2.7862e-05
53	0.97351	0.02562	0.00085059	2.2822e-05
54	0.96645	0.032683	0.00084216	2.883e-05
55	0.9607	0.038431	0.00083486	3.3684e-05
56	0.9562	0.042938	0.00082862	3.7454e-05
57	0.95266	0.046473	0.00082329	4.0345e-05
58	0.95019	0.048953	0.00081885	4.2324e-05
59	0.94883	0.05031	0.00081536	4.334e-05
60	0.94858	0.05056	0.00081278	4.3416e-05
61	0.94923	0.049913	0.00081102	4.2707e-05
62	0.95078	0.048364	0.00081006	4.1217e-05
63	0.95337	0.045784	0.00080995	3.8869e-05
64	0.95711	0.042047	0.00081077	3.5569e-05
65	0.96205	0.037106	0.00081254	3.1286e-05
66	0.96802	0.031141	0.00081521	2.6146e-05
67	0.97519	0.023972	0.00081882	2.0039e-05
68	0.97608	0.02308	0.00081718	1.921e-05
69	0.9779	0.021264	0.00081628	1.7625e-05
70	0.98067	0.018499	0.00081612	1.5271e-05
71	0.98442	0.01475	0.00081674	1.2127e-05
72	0.9892	0.009969	0.00081814	8.1635e-06
73	0.9899	0.0092772	0.00081616	7.5793e-06
74	0.99131	0.0078682	0.00081473	6.4161e-06
75	0.9934	0.0057802	0.00081388	4.697e-06
76	0.99319	0.0059981	0.00081113	4.8666e-06
77	0.99362	0.0055663	0.00080888	4.5109e-06
78	0.99467	0.0045187	0.00080716	3.6523e-06
79	0.99387	0.005319	0.00080392	4.2951e-06
80	0.99368	0.0055154	0.00080121	4.4412e-06
81	0.99409	0.0051089	0.00079901	4.0966e-06
82	0.99241	0.0067905	0.00079512	5.4299e-06
83	0.98649	0.012707	0.00078782	1.0146e-05
84	0.9815	0.017701	0.00078133	1.4081e-05
85	0.9775	0.021706	0.00077562	1.7217e-05
86	0.97445	0.024762	0.00077066	1.959e-05
87	0.97239	0.026826	0.00076646	2.1177e-05
88	0.97113	0.028083	0.00076294	2.2106e-05
89	0.97076	0.028455	0.0007601	2.2344e-05
90	0.97134	0.027877	0.00075797	2.1848e-05
91	0.97288	0.026341	0.00075655	2.062e-05
92	0.97524	0.023985	0.0007558	1.8753e-05
93	0.97285	0.026376	0.00075132	2.0593e-05
94	0.9622	0.037033	0.00074045	2.8851e-05
95	0.95284	0.046393	0.00073069	3.6025e-05
96	0.94504	0.054197	0.00072214	4.1972e-05
97	0.93839	0.060844	0.00071457	4.697e-05
98	0.93314	0.066097	0.00070806	5.0885e-05
99	0.92922	0.070022	0.00070255	5.3777e-05
100	0.92633	0.072916	0.00069789	5.5848e-05
101	0.92458	0.07467	0.00069407	5.7056e-05
102	0.92395	0.075302	0.00069108	5.7422e-05
103	0.92431	0.074945	0.00068887	5.7026e-05
104	0.9259	0.073357	0.00068755	5.5729e-05
105	0.9285	0.070764	0.00068701	5.3675e-05
106	0.9321	0.067158	0.00068726	5.0867e-05
107	0.93676	0.062502	0.0006883	4.7283e-05
108	0.94249	0.056775	0.00069016	4.2916e-05
109	0.94053	0.058741	0.00068626	4.429e-05
110	0.93952	0.059757	0.0006831	4.4941e-05
111	0.93943	0.059841	0.00068068	4.4891e-05
112	0.93046	0.068819	0.00067165	5.1426e-05
113	0.92275	0.076533	0.00066364	5.6968e-05
114	0.91623	0.083051	0.00065658	6.1579e-05
115	0.91087	0.088418	0.00065044	6.5306e-05
116	0.90678	0.092507	0.00064522	6.8101e-05
117	0.90393	0.095358	0.00064087	7e-05
118	0.90215	0.097143	0.00063734	7.1106e-05
119	0.90156	0.097732	0.00063464	7.1364e-05
120	0.90216	0.097132	0.00063275	7.079e-05
121	0.90381	0.095493	0.00063164	6.9467e-05
122	0.9065	0.092803	0.00063131	6.7395e-05
123	0.91026	0.089043	0.00063175	6.4568e-05
124	0.90454	0.094763	0.00062543	6.8492e-05
125	0.89996	0.099344	0.00061997	7.157e-05
126	0.89649	0.10282	0.00061536	7.3834e-05
127	0.8941	0.10521	0.00061156	7.5312e-05
128	0.89294	0.10637	0.00060858	7.5943e-05
129	0.89312	0.1062	0.00060651	7.5658e-05
130	0.89465	0.10467	0.00060532	7.4466e-05
131	0.89726	0.10206	0.0006049	7.2525e-05
132	0.90095	0.09837	0.00060526	6.9839e-05
133	0.90576	0.093565	0.00060639	6.6397e-05
134	0.91205	0.087283	0.00060847	6.1999e-05
135	0.91955	0.079784	0.00061137	5.6789e-05
136	0.91755	0.081783	0.0006078	5.8083e-05
137	0.9167	0.082633	0.00060499	5.8603e-05
138	0.91687	0.082471	0.0006029	5.8424e-05
139	0.91804	0.081299	0.00060153	5.7555e-05
140	0.92024	0.079107	0.00060086	5.5996e-05
141	0.92347	0.075879	0.00060092	5.3744e-05
142	0.92775	0.071593	0.00060171	5.0789e-05
143	0.93313	0.066217	0.00060323	4.7119e-05
144	0.93962	0.059727	0.00060551	4.272e-05
145	0.94746	0.051896	0.0006086	3.7485e-05
146	0.95687	0.042488	0.00061266	3.1273e-05
147	0.96759	0.03177	0.00061757	2.4228e-05
148	0.96977	0.029592	0.00061672	2.292e-05
149	0.9728	0.026564	0.00061646	2.1055e-05
150	0.97689	0.022472	0.00061685	1.8519e-05
151	0.97613	0.023236	0.00061377	1.943e-05
152	0.97613	0.023234	0.00061124	1.9814e-05
153	0.97705	0.022326	0.00060929	1.9595e-05
154	0.97873	0.020639	0.00060789	1.8856e-05
155	0.98129	0.018084	0.00060703	1.7562e-05
156	0.9796	0.019787	0.00059776	1.7735e-05
157	0.97866	0.020729	0.00058908	1.7396e-05
158	0.97856	0.020846	0.00058089	1.6534e-05
159	0.9792	0.020209	0.00057324	1.52e-05
160	0.98074	0.018683	0.00056609	1.3334e-05
161	0.97803	0.021404	0.00055615	1.422e-05
162	0.97612	0.023323	0.00054677	1.4606e-05
163	0.97514	0.02431	0.0005379	1.4456e-05
164	0.97508	0.02438	0.0005295	1.3797e-05
165	0.97593	0.023533	0.00052155	1.265e-05
166	0.97772	0.021758	0.00051403	1.103e-05
167	0.9803	0.019182	0.00050698	9.0177e-06
168	0.98379	0.015703	0.00050032	6.5893e-06
169	0.98315	0.016347	0.00049159	6.2941e-06
170	0.97779	0.021709	0.00048863	9.099e-06
171	0.97347	0.026035	0.00048616	1.1392e-05
172	0.95811	0.041394	0.00047817	1.9229e-05
173	0.94484	0.054659	0.0004712	2.6023e-05
174	0.9335	0.066002	0.00046518	3.1858e-05
175	0.92356	0.075941	0.0004599	3.6962e-05
176	0.91515	0.084358	0.00045536	4.1309e-05
177	0.90799	0.091515	0.0004515	4.5002e-05
178	0.88139	0.11811	0.00043783	5.851e-05
179	0.85727	0.14223	0.00042548	7.0719e-05
180	0.83543	0.16408	0.00041433	8.1739e-05
181	0.81641	0.18309	0.00040456	9.1361e-05
182	0.79998	0.19952	0.00039606	9.9703e-05
183	0.78536	0.21415	0.00038851	0.0001071
184	0.77272	0.22678	0.00038194	0.00011352
185	0.76169	0.23782	0.0003762	0.00011911
186	0.75217	0.24734	0.00037127	0.00012391
187	0.716	0.2835	0.0003529	0.00014214
188	0.68291	0.31659	0.00033614	0.00015876
189	0.65325	0.34625	0.00032107	0.00017368
190	0.62619	0.37332	0.00030737	0.00018726
191	0.60203	0.39747	0.00029508	0.0001994
192	0.58009	0.41942	0.00028396	0.00021039
193	0.56097	0.43854	0.00027421	0.00021999
194	0.54412	0.45539	0.00026556	0.00022848
195	0.52937	0.47014	0.00025794	0.00023593
196	0.51684	0.48267	0.00025139	0.00024228
197	0.5058	0.49371	0.00024563	0.00024787
198	0.49617	0.50334	0.00024061	0.00025273
199	0.48788	0.51162	0.00023629	0.0002569
200	0.48117	0.51834	0.00023273	0.0002603
201	0.4757	0.5238	0.00022981	0.00026306
202	0.47145	0.52806	0.00022752	0.00026521
203	0.46837	0.53114	0.00022584	0.00026676
204	0.46643	0.53307	0.00022475	0.00026773
205	0.46564	0.53387	0.00022425	0.00026813
206	0.46597	0.53354	0.00022432	0.00026796
207	0.46788	0.53163	0.00022514	0.00026703
208	0.47096	0.52855	0.00022655	0.00026552
209	0.47521	0.5243	0.00022857	0.00026342
210	0.48067	0.51883	0.0002312	0.00026071
211	0.48736	0.51214	0.00023447	0.00025738
212	0.49533	0.50418	0.00023838	0.00025342
213	0.50462	0.49489	0.00024298	0.00024878
214	0.51531	0.4842	0.0002483	0.00024343
215	0.52807	0.47144	0.0002546	0.00023709
216	0.54242	0.45709	0.00026171	0.00022994
217	0.53893	0.46058	0.00025998	0.00023162
218	0.53711	0.4624	0.00025904	0.0002325
219	0.5365	0.46301	0.00025872	0.00023277
220	0.53708	0.46243	0.00025902	0.00023244
221	0.53887	0.46064	0.00025994	0.0002315
222	0.54233	0.45717	0.00026165	0.00022975
223	0.54703	0.45248	0.00026398	0.00022739
224	0.55348	0.44603	0.00026715	0.00022418
225	0.56125	0.43825	0.000271	0.0002203
226	0.5521	0.44741	0.00026647	0.00022478
227	0.54461	0.4549	0.00026273	0.00022847
228	0.53892	0.46059	0.00025984	0.00023129
229	0.53496	0.46455	0.00025777	0.00023328
230	0.53223	0.46728	0.00025633	0.00023465
231	0.53069	0.46882	0.0002555	0.00023542
232	0.53059	0.46892	0.00025535	0.00023549
233	0.53168	0.46783	0.00025581	0.00023497
234	0.53396	0.46555	0.00025688	0.00023385
235	0.51743	0.48208	0.00024873	0.00024196
236	0.50325	0.49626	0.00024169	0.00024895
237	0.49065	0.50886	0.00023547	0.00025514
238	0.4801	0.51941	0.00023021	0.00026034
239	0.47093	0.52858	0.00022567	0.00026484
240	0.46336	0.53615	0.00022187	0.00026858
241	0.45754	0.54197	0.0002189	0.00027149
242	0.45291	0.5466	0.00021655	0.00027379
243	0.44943	0.55008	0.00021478	0.00027551
244	0.44708	0.55243	0.00021359	0.00027667
245	0.44609	0.55342	0.00021303	0.00027718
246	0.44622	0.55329	0.00021305	0.00027714
247	0.4477	0.55181	0.0002137	0.00027644
248	0.45032	0.54919	0.00021492	0.00027518
249	0.45407	0.54544	0.00021672	0.00027336
250	0.45924	0.54027	0.00021919	0.00027085
251	0.46564	0.53387	0.00022228	0.00026774
252	0.47327	0.52624	0.000226	0.00026401
253	0.48276	0.51675	0.00023058	0.0002594
254	0.49364	0.50587	0.00023588	0.00025408
255	0.50602	0.49349	0.00024193	0.00024803
256	0.51993	0.47958	0.00024878	0.00024119
257	0.53552	0.46399	0.00025648	0.00023351
258	0.55289	0.44661	0.00026509	0.00022493
259	0.57214	0.42737	0.00027467	0.0002154
260	0.5934	0.40611	0.00028528	0.00020484
261	0.61769	0.38182	0.00029735	0.00019281
262	0.6444	0.35511	0.00031066	0.00017955
263	0.67373	0.32578	0.00032533	0.00016495
264	0.70695	0.29256	0.00034188	0.00014846
265	0.71431	0.2852	0.00034561	0.00014478
266	0.72358	0.27593	0.00035026	0.00014019
267	0.73434	0.26517	0.00035568	0.00013483
268	0.74669	0.25282	0.00036192	0.00012867
269	0.76069	0.23882	0.00036902	0.00012166
270	0.77643	0.22308	0.00037702	0.00011376
271	0.79405	0.20546	0.00038602	0.00010488
272	0.79497	0.20454	0.00038667	0.00010437
273	0.79746	0.20204	0.00038807	0.00010308
274	0.80118	0.19833	0.0003901	0.00010118
275	0.80635	0.19316	0.00039283	9.8565e-05
276	0.81305	0.18646	0.00039629	9.5207e-05
277	0.80648	0.19303	0.00039317	9.8452e-05
278	0.80143	0.19808	0.00039076	0.00010096
279	0.79762	0.20189	0.00038899	0.00010285
280	0.79541	0.2041	0.00038799	0.00010395
281	0.79441	0.2051	0.00038761	0.00010444
282	0.79462	0.20489	0.00038787	0.00010432
283	0.79603	0.20348	0.00038874	0.00010359
284	0.79903	0.20048	0.00039038	0.00010208
285	0.80325	0.19626	0.00039266	9.9946e-05
286	0.80874	0.19076	0.0003956	9.7163e-05
287	0.81577	0.18374	0.00039927	9.3629e-05
288	0.82439	0.17511	0.00040372	8.9313e-05
289	0.82014	0.17936	0.00040169	9.1451e-05
290	0.8171	0.18241	0.0004003	9.2975e-05
291	0.81526	0.18424	0.00039953	9.3887e-05
292	0.8146	0.18491	0.00039937	9.4201e-05
293	0.8153	0.1842	0.00039987	9.3847e-05
294	0.8172	0.18231	0.00040099	9.2885e-05
295	0.8203	0.17921	0.00040274	9.1307e-05
296	0.82463	0.17488	0.00040513	8.9101e-05
297	0.83019	0.16932	0.00040818	8.6257e-05
298	0.83745	0.16206	0.00041204	8.258e-05
299	0.84605	0.15346	0.00041661	7.8208e-05
300	0.85607	0.14343	0.00042194	7.3097e-05
301	0.85391	0.14559	0.00042109	7.4141e-05
302	0.85306	0.14644	0.00042087	7.4542e-05
303	0.85335	0.14615	0.00042125	7.4362e-05
304	0.8551	0.1444	0.00042233	7.3466e-05
305	0.858	0.1415	0.00042401	7.1978e-05
306	0.86242	0.13709	0.00042643	6.9746e-05
307	0.86803	0.13147	0.00042947	6.6896e-05
308	0.87489	0.12462	0.00043317	6.3406e-05
309	0.88325	0.11625	0.00043761	5.9167e-05
310	0.89297	0.10654	0.00044276	5.4225e-05
311	0.90413	0.095376	0.00044868	4.853e-05
312	0.91728	0.082228	0.00045558	4.1845e-05
313	0.93207	0.067434	0.00046335	3.4299e-05
314	0.94891	0.050597	0.00047213	2.5731e-05
315	0.96763	0.031867	0.00048192	1.6168e-05
316	0.96644	0.033065	0.00048155	1.6742e-05
317	0.96616	0.033344	0.00048162	1.6864e-05
318	0.9667	0.032803	0.00048212	1.6566e-05
319	0.96824	0.031265	0.0004831	1.5777e-05
320	0.97062	0.028881	0.00048453	1.4554e-05
321	0.97404	0.025457	0.00048646	1.2815e-05
322	0.97234	0.027162	0.00048584	1.3645e-05
323	0.97152	0.027979	0.00048564	1.4038e-05
324	0.9715	0.028002	0.00048585	1.4026e-05
325	0.97235	0.027145	0.00048649	1.3579e-05
326	0.9741	0.0254	0.00048755	1.2693e-05
327	0.97682	0.022675	0.00048908	1.1321e-05
328	0.97482	0.024683	0.00048822	1.2323e-05
329	0.97361	0.02589	0.00048778	1.2917e-05
330	0.97319	0.026312	0.00048776	1.3112e-05
331	0.97363	0.025868	0.00048815	1.2878e-05
332	0.97494	0.024554	0.00048896	1.2213e-05
333	0.97721	0.022286	0.00049022	1.1077e-05
334	0.9803	0.019195	0.00049192	9.5201e-06
335	0.98433	0.015169	0.00049406	7.4991e-06
336	0.98942	0.010082	0.00049672	4.9537e-06
337	0.99037	0.00913	0.00049729	4.4739e-06
338	0.98848	0.01102	0.00049622	5.4429e-06
339	0.98739	0.012108	0.00049554	6.0134e-06
340	0.98699	0.012511	0.00049523	6.2352e-06
341	0.98258	0.016915	0.00049292	8.463e-06
342	0.97903	0.020469	0.00049107	1.0254e-05
343	0.97639	0.023106	0.00048965	1.1591e-05
344	0.97457	0.024933	0.00048867	1.2512e-05
345	0.97361	0.025885	0.00048811	1.3e-05
346	0.97353	0.025972	0.00048796	1.3059e-05
347	0.97422	0.025277	0.00048822	1.2719e-05
348	0.9757	0.023797	0.0004889	1.1978e-05
349	0.9723	0.027201	0.0004871	1.37e-05
350	0.96992	0.029578	0.00048579	1.4912e-05
351	0.96838	0.031124	0.00048492	1.5699e-05
352	0.96781	0.031687	0.00048453	1.5998e-05
353	0.96806	0.031437	0.00048456	1.5883e-05
354	0.96929	0.030207	0.00048506	1.5282e-05
355	0.97135	0.028151	0.000486	1.426e-05
356	0.97425	0.025249	0.00048739	1.2806e-05
357	0.97802	0.02148	0.00048923	1.0909e-05
358	0.97709	0.022406	0.00048874	1.1371e-05
359	0.97693	0.022572	0.00048864	1.1446e-05
360	0.97752	0.021978	0.00048896	1.1133e-05
361	0.97902	0.020477	0.0004897	1.0371e-05
362	0.98131	0.018194	0.00049086	9.2087e-06
363	0.98439	0.015111	0.00049244	7.6375e-06
364	0.98845	0.011049	0.00049449	5.5807e-06
365	0.9887	0.010804	0.00049464	5.4446e-06
366	0.98967	0.0098329	0.00049513	4.9486e-06
367	0.99142	0.0080814	0.00049599	4.0656e-06
368	0.99386	0.005637	0.00049722	2.8301e-06
369	0.99714	0.0023649	0.00049885	1.1846e-06
370	0.99815	0.0013502	0.00049932	6.7578e-07
371	0.99653	0.0029701	0.00049845	1.4879e-06
372	0.99554	0.0039581	0.00049787	1.9859e-06
373	0.99514	0.0043555	0.00049762	2.1853e-06
374	0.99537	0.0041337	0.00049765	2.077e-06
375	0.99618	0.0033229	0.000498	1.6711e-06
376	0.99758	0.001917	0.00049867	9.6453e-07
377	0.99773	0.0017666	0.00049869	8.9033e-07
378	0.99842	0.0010788	0.00049899	5.4534e-07
379	0.99671	0.0027933	0.00049811	1.4066e-06
380	0.99151	0.0079938	0.00049545	4.0264e-06
381	0.98716	0.01234	0.00049324	6.2093e-06
382	0.98373	0.015775	0.00049147	7.9415e-06
383	0.98117	0.018334	0.00049012	9.2394e-06
384	0.97939	0.020114	0.00048918	1.014e-05
385	0.97844	0.021058	0.00048864	1.0626e-05
386	0.97825	0.021249	0.0004885	1.0729e-05
387	0.97881	0.02069	0.00048875	1.045e-05
388	0.98013	0.019376	0.00048941	9.7872e-06
389	0.97702	0.022483	0.00048782	1.1353e-05
390	0.97473	0.024766	0.00048667	1.2498e-05
391	0.97334	0.026161	0.00048594	1.3203e-05
392	0.97274	0.026766	0.00048563	1.3506e-05
393	0.973	0.026501	0.00048573	1.3379e-05
394	0.95271	0.046791	0.00047544	2.3626e-05
395	0.93474	0.064764	0.00046629	3.2726e-05
396	0.91861	0.080889	0.00045811	4.0865e-05
397	0.90472	0.094783	0.00045101	4.7903e-05
398	0.8924	0.1071	0.00044475	5.4122e-05
399	0.88159	0.11791	0.00043929	5.956e-05
400	0.8722	0.1273	0.00043457	6.4268e-05
401	0.86416	0.13534	0.00043056	6.8282e-05
402	0.8578	0.1417	0.00042735	7.1472e-05
403	0.85303	0.14647	0.00042492	7.3878e-05
404	0.84947	0.15004	0.00042312	7.5666e-05
405	0.84725	0.15225	0.00042196	7.679e-05
406	0.84651	0.15299	0.00042152	7.7187e-05
407	0.84691	0.15259	0.00042167	7.7003e-05
408	0.84845	0.15105	0.00042243	7.6228e-05
409	0.85149	0.14801	0.00042391	7.4722e-05
410	0.85571	0.14379	0.00042601	7.2606e-05
411	0.84795	0.15155	0.00042213	7.6482e-05
412	0.84171	0.15779	0.00041898	7.9613e-05
413	0.83709	0.16241	0.00041661	8.1948e-05
414	0.83403	0.16548	0.000415	8.3514e-05
415	0.83215	0.16735	0.00041401	8.4472e-05
416	0.83144	0.16806	0.00041363	8.4829e-05
417	0.83208	0.16742	0.0004139	8.4524e-05
418	0.83408	0.16543	0.00041482	8.3555e-05
419	0.83744	0.16206	0.0004164	8.1913e-05
420	0.842	0.1575	0.00041861	7.9658e-05
421	0.83407	0.16543	0.00041458	8.3655e-05
422	0.82748	0.17203	0.00041125	8.6965e-05
423	0.82217	0.17733	0.0004086	8.9612e-05
424	0.81831	0.18119	0.00040665	9.1549e-05
425	0.81585	0.18365	0.00040537	9.2796e-05
426	0.81494	0.18456	0.00040483	9.3284e-05
427	0.7978	0.20171	0.00039617	0.00010191
428	0.78282	0.21668	0.00038857	0.00010947
429	0.76954	0.22996	0.00038185	0.00011615
430	0.7584	0.2411	0.00037618	0.00012177
431	0.74879	0.25071	0.00037131	0.00012661
432	0.74061	0.25889	0.00036718	0.00013071
433	0.73382	0.26568	0.00036379	0.00013409
434	0.72862	0.27089	0.00036116	0.0001367
435	0.72493	0.27457	0.00035926	0.00013857
436	0.7225	0.277	0.00035802	0.00013979
437	0.72153	0.27797	0.00035749	0.00014029
438	0.72221	0.27729	0.00035774	0.00013998
439	0.72413	0.27538	0.00035864	0.00013905
440	0.72752	0.27198	0.00036025	0.00013739
441	0.73243	0.26707	0.00036258	0.00013499
442	0.72228	0.27722	0.00035741	0.00014011
443	0.71359	0.28591	0.000353	0.00014448
444	0.70632	0.29318	0.00034934	0.00014812
445	0.70086	0.29864	0.00034655	0.00015087
446	0.6967	0.3028	0.00034444	0.00015296
447	0.69424	0.30526	0.00034314	0.00015422
448	0.69304	0.30646	0.00034251	0.00015483
449	0.69331	0.30619	0.00034258	0.00015472
450	0.69483	0.30467	0.0003433	0.00015396
451	0.69761	0.30189	0.00034469	0.00015257
452	0.70168	0.29782	0.00034674	0.00015051
453	0.70703	0.29247	0.00034948	0.00014779
454	0.71374	0.28576	0.00035292	0.00014438
455	0.72184	0.27766	0.00035709	0.00014024
456	0.7319	0.2676	0.00036221	0.00013515
457	0.74404	0.25547	0.00036834	0.00012903
458	0.75783	0.24167	0.00037534	0.00012206
459	0.77337	0.22614	0.00038325	0.00011419
460	0.79112	0.20839	0.00039224	0.00010522
461	0.81126	0.18824	0.0004024	9.5075e-05
462	0.83436	0.16514	0.00041398	8.3482e-05
463	0.83875	0.16076	0.00041621	8.126e-05
464	0.84457	0.15493	0.00041914	7.8329e-05
465	0.85167	0.14783	0.00042274	7.4744e-05
466	0.86052	0.13898	0.00042717	7.0298e-05
467	0.87078	0.12872	0.00043235	6.513e-05
468	0.883	0.1165	0.00043847	5.8998e-05
469	0.89734	0.10216	0.00044562	5.1827e-05
470	0.89884	0.10066	0.00044636	5.1077e-05
471	0.90156	0.097939	0.00044769	4.9726e-05
472	0.90553	0.093968	0.00044961	4.7761e-05
473	0.91063	0.08887	0.00045213	4.522e-05
474	0.91688	0.082623	0.00045525	4.209e-05
475	0.92451	0.07499	0.00045904	3.8279e-05
476	0.92289	0.07661	0.0004582	3.9109e-05
477	0.92226	0.077241	0.00045788	3.9433e-05
478	0.92275	0.076749	0.0004581	3.9203e-05
479	0.92424	0.075259	0.00045885	3.8462e-05
480	0.92674	0.07276	0.00046013	3.7204e-05
481	0.93026	0.069245	0.00046195	3.5425e-05
482	0.93481	0.06469	0.00046432	3.3112e-05
483	0.94044	0.059063	0.00046725	3.0247e-05
484	0.93806	0.061445	0.00046617	3.1419e-05
485	0.93686	0.062641	0.00046564	3.2008e-05
486	0.93662	0.062885	0.00046563	3.2109e-05
487	0.93744	0.062061	0.00046612	3.1683e-05
488	0.93944	0.060058	0.00046718	3.0675e-05
489	0.94241	0.057089	0.00046875	2.9172e-05
490	0.93787	0.061632	0.0004665	3.147e-05
491	0.93436	0.065145	0.0004648	3.3239e-05
492	0.93184	0.067662	0.00046362	3.4499e-05
493	0.91777	0.081731	0.0004566	4.1588e-05
494	0.90575	0.093755	0.00045057	4.7671e-05
495	0.89562	0.10389	0.00044545	5.2822e-05
496	0.88686	0.11264	0.00044106	5.726e-05
497	0.87979	0.11971	0.00043748	6.087e-05
498	0.87397	0.12553	0.00043456	6.3837e-05
499	0.86953	0.12998	0.00043231	6.6122e-05
500	0.86642	0.13308	0.0004307	6.7746e-05
501	0.86445	0.13505	0.00042969	6.879e-05
502	0.86376	0.13574	0.0004293	6.9197e-05
503	0.8642	0.1353	0.0004295	6.9028e-05
504	0.86593	0.13357	0.00043033	6.8225e-05
505	0.85525	0.14425	0.00042491	7.3678e-05
506	0.84601	0.15349	0.00042024	7.8391e-05
507	0.83815	0.16135	0.00041631	8.2388e-05
508	0.83161	0.1679	0.00041306	8.5709e-05
509	0.82654	0.17296	0.00041053	8.8301e-05
510	0.82272	0.17679	0.00040866	9.0254e-05
511	0.8201	0.1794	0.00040742	9.1584e-05
512	0.81867	0.18084	0.0004068	9.2309e-05
513	0.81876	0.18074	0.00040692	9.2281e-05
514	0.82003	0.17947	0.00040766	9.1645e-05
515	0.8225	0.17701	0.00040903	9.0395e-05
516	0.82653	0.17297	0.00041116	8.837e-05
517	0.81713	0.18237	0.00040649	9.3137e-05
518	0.80936	0.19014	0.0004026	9.7096e-05
519	0.80335	0.19615	0.00039957	0.00010019
520	0.79863	0.20087	0.00039721	0.00010262
521	0.79536	0.20414	0.00039556	0.00010434
522	0.79331	0.20619	0.00039455	0.00010542
523	0.79248	0.20702	0.00039418	0.00010587
524	0.79285	0.20665	0.00039445	0.00010571
525	0.7948	0.2047	0.00039548	0.00010477
526	0.79834	0.20116	0.00039728	0.00010304
527	0.78808	0.21142	0.00039206	0.00010831
528	0.77926	0.22024	0.0003876	0.00011284
529	0.74426	0.25524	0.00036991	0.00013062
530	0.71232	0.28718	0.00035381	0.00014681
531	0.68372	0.31578	0.00033935	0.00016136
532	0.65766	0.34184	0.00032623	0.00017458
533	0.63444	0.36506	0.00031449	0.00018641
534	0.61342	0.38608	0.0003039	0.00019709
535	0.59517	0.40433	0.00029467	0.00020641
536	0.57879	0.42071	0.00028641	0.00021476
537	0.56417	0.43533	0.00027908	0.0002222
538	0.5512	0.4483	0.00027261	0.00022879
539	0.53978	0.45972	0.00026696	0.00023458
540	0.52982	0.46968	0.00026206	0.00023962
541	0.52124	0.47826	0.00025789	0.00024395
542	0.5145	0.485	0.0002546	0.00024738
543	0.5093	0.4902	0.00025205	0.00025007
544	0.48003	0.51947	0.00023734	0.00026489
545	0.45321	0.54629	0.00022391	0.00027845
546	0.42865	0.57084	0.00021166	0.00029085
547	0.40619	0.5933	0.00020049	0.00030216
548	0.38645	0.61304	0.00019064	0.00031216
549	0.36918	0.63032	0.00018197	0.00032095
550	0.35349	0.64601	0.00017413	0.00032892
551	0.33927	0.66022	0.00016706	0.00033614
552	0.32703	0.67247	0.00016094	0.0003424
553	0.31606	0.68343	0.00015549	0.000348
554	0.30628	0.69322	0.00015064	0.00035299
555	0.2976	0.70189	0.00014638	0.00035742
556	0.28998	0.70951	0.00014267	0.00036131
557	0.28336	0.71613	0.00013947	0.00036469
558	0.2777	0.7218	0.00013677	0.00036759
559	0.27296	0.72653	0.00013456	0.00037001
560	0.26954	0.72996	0.00013297	0.00037179
561	0.2672	0.7323	0.00013189	0.00037304
562	0.26591	0.73358	0.00013132	0.00037378
563	0.26546	0.73403	0.00013119	0.00037409
564	0.26624	0.73326	0.00013165	0.00037381
565	0.26783	0.73167	0.00013254	0.00037309
566	0.27048	0.72901	0.00013394	0.00037186
567	0.27399	0.7255	0.0001358	0.00037019
568	0.27862	0.72088	0.00013819	0.00036796
569	0.28461	0.71488	0.00014125	0.00036506
570	0.29206	0.70744	0.00014501	0.00036144
571	0.30104	0.69845	0.00014951	0.00035707
572	0.31117	0.68832	0.00015462	0.00035211
573	0.3228	0.67669	0.00016045	0.0003464
574	0.33572	0.66377	0.00016697	0.00034003
575	0.35037	0.64913	0.00017432	0.0003328
576	0.36654	0.63296	0.00018248	0.00032479
577	0.38504	0.61445	0.00019178	0.00031562
578	0.40533	0.59416	0.00020201	0.00030552
579	0.42754	0.57195	0.00021327	0.00029442
580	0.45274	0.54675	0.00022598	0.00028184
581	0.48024	0.51925	0.00023991	0.00026806
582	0.51029	0.4892	0.00025519	0.00025294
583	0.51597	0.48352	0.00025816	0.00025014
584	0.52344	0.47605	0.000262	0.00024646
585	0.53226	0.46723	0.00026657	0.00024207
586	0.52381	0.47568	0.00026236	0.00024646
587	0.51669	0.4828	0.00025886	0.00025015
588	0.51135	0.48814	0.00025623	0.00025297
589	0.50723	0.49226	0.00025424	0.00025515
590	0.50431	0.49518	0.0002529	0.0002567
591	0.50259	0.4969	0.00025219	0.00025762
592	0.50204	0.49745	0.00025211	0.00025794
593	0.50291	0.49658	0.00025272	0.00025755
594	0.5054	0.49409	0.00025413	0.00025634
595	0.5091	0.49039	0.00025618	0.0002545
596	0.51403	0.48546	0.00025889	0.00025202
597	0.5202	0.47929	0.00026227	0.00024888
598	0.52794	0.47154	0.00026644	0.00024494
599	0.53734	0.46215	0.00027142	0.00024017
600	0.54875	0.45074	0.00027741	0.00023439
601	0.56231	0.43718	0.00028446	0.00022753
602	0.5782	0.42129	0.00029267	0.00021949
603	0.59593	0.40356	0.00030186	0.00021049
604	0.59512	0.40436	0.00030151	0.00021101
605	0.59599	0.40349	0.00030198	0.0002107
606	0.59808	0.4014	0.00030311	0.00020974
607	0.60167	0.39782	0.00030498	0.00020803
608	0.60654	0.39295	0.00030754	0.00020564
609	0.6127	0.38678	0.0003108	0.00020256
610	0.62021	0.37928	0.00031479	0.00019878
611	0.62964	0.36984	0.00031973	0.00019402
612	0.62259	0.37689	0.00031619	0.00019775
613	0.61714	0.38235	0.00031345	0.00020067
614	0.61299	0.3865	0.00031141	0.00020291
615	0.61011	0.38937	0.00031006	0.00020447
616	0.60849	0.391	0.00030938	0.00020537
617	0.60809	0.3914	0.00030936	0.00020563
618	0.60936	0.39013	0.00031017	0.00020504
619	0.61186	0.38762	0.00031165	0.00020379
620	0.61587	0.38361	0.00031387	0.00020179
621	0.62143	0.37806	0.00031687	0.00019899
622	0.6101	0.38939	0.00031116	0.00020493
623	0.60025	0.39923	0.00030624	0.00021008
624	0.59213	0.40736	0.00030217	0.00021437
625	0.58563	0.41385	0.00029891	0.00021784
626	0.58046	0.41903	0.00029636	0.00022061
627	0.57656	0.42292	0.00029451	0.0002227
628	0.57437	0.42512	0.0002935	0.00022393
629	0.57338	0.4261	0.00029315	0.00022451
630	0.57386	0.42563	0.00029352	0.00022436
631	0.5758	0.42368	0.00029462	0.00022346
632	0.57898	0.4205	0.0002964	0.0002219
633	0.58341	0.41607	0.00029886	0.00021968
634	0.58911	0.41037	0.00030202	0.00021677
635	0.59641	0.40307	0.00030597	0.00021304
636	0.60538	0.3941	0.00031077	0.00020846
637	0.61637	0.38311	0.00031659	0.00020285
638	0.62893	0.37055	0.00032326	0.0001964
639	0.64312	0.35636	0.00033083	0.00018906
640	0.65974	0.33974	0.00033962	0.00018048
641	0.65838	0.3411	0.00033906	0.00018128
642	0.65825	0.34123	0.00033917	0.00018141
643	0.65937	0.34011	0.00033997	0.00018087
644	0.66175	0.33773	0.00034146	0.00017965
645	0.66584	0.33364	0.00034381	0.00017756
646	0.65365	0.34583	0.00033759	0.00018402
647	0.64303	0.35645	0.00033222	0.00018964
648	0.63441	0.36507	0.00032786	0.00019425
649	0.6272	0.37228	0.00032426	0.0001981
650	0.62159	0.37788	0.00032147	0.00020113
651	0.6173	0.38218	0.00031939	0.00020346
652	0.61426	0.38522	0.00031801	0.00020512
653	0.61271	0.38677	0.00031737	0.00020601
654	0.6124	0.38708	0.00031741	0.00020623
655	0.61331	0.38616	0.00031813	0.0002058
656	0.61571	0.38377	0.00031959	0.0002046
657	0.61937	0.38011	0.00032176	0.00020272
658	0.62478	0.37469	0.00032481	0.00019993
659	0.63152	0.36796	0.0003286	0.00019643
660	0.63964	0.35983	0.00033316	0.00019216
661	0.64919	0.35028	0.00033851	0.00018711
662	0.66054	0.33893	0.0003448	0.00018112
663	0.67382	0.32566	0.00035207	0.00017413
664	0.68881	0.31067	0.00036031	0.00016618
665	0.70629	0.29318	0.00036984	0.00015694
666	0.72615	0.27332	0.00038059	0.00014645
667	0.74816	0.25131	0.00039255	0.00013477
668	0.75085	0.24863	0.00039426	0.00013335
669	0.75478	0.2447	0.00039667	0.00013126
670	0.76022	0.23925	0.00039985	0.00012837
671	0.76724	0.23223	0.00040385	0.00012465
672	0.77611	0.22336	0.00040879	0.00011997
673	0.78644	0.21303	0.00041456	0.00011449
674	0.79884	0.20063	0.00042139	0.00010792
675	0.81288	0.18659	0.00042915	0.00010044
676	0.82928	0.17019	0.00043814	9.1717e-05
677	0.84761	0.15186	0.0004482	8.1929e-05
678	0.86798	0.13149	0.00045943	7.0996e-05
679	0.89131	0.10816	0.0004722	5.8504e-05
680	0.91705	0.082416	0.00048634	4.466e-05
681	0.92433	0.075141	0.00049051	4.0768e-05
682	0.93284	0.06663	0.00049538	3.6194e-05
683	0.94264	0.056825	0.00050098	3.0901e-05
684	0.95381	0.045658	0.00050736	2.4849e-05
685	0.96642	0.033051	0.00051456	1.799e-05
686	0.96949	0.029974	0.00051656	1.6314e-05
687	0.97366	0.025806	0.00051912	1.4059e-05
688	0.97876	0.020702	0.00052222	1.1287e-05
689	0.97879	0.020675	0.00052255	1.127e-05
690	0.97957	0.0199	0.0005233	1.0844e-05
691	0.98109	0.018372	0.00052449	1.0006e-05
692	0.98353	0.015937	0.00052613	8.6856e-06
693	0.98676	0.012709	0.00052823	6.9293e-06
694	0.99088	0.0085839	0.0005308	4.6927e-06
695	0.99145	0.0080154	0.00053146	4.3804e-06
696	0.99275	0.0067105	0.00053249	3.6753e-06
697	0.99472	0.0047476	0.0005339	2.6101e-06
698	0.99741	0.0020571	0.00053568	1.155e-06
699	0.99817	0.001295	0.00053644	7.4784e-07
700	0.99809	0.0013749	0.0005367	8.1493e-07
701	0.99707	0.0023878	0.00053643	1.4322e-06
702	0.99667	0.0027899	0.00053648	1.7167e-06
703	0.99683	0.0026336	0.00053685	1.6932e-06
704	0.99754	0.0019176	0.00053755	1.3609e-06
705	0.99465	0.0048083	0.00053508	2.9051e-06
706	0.99245	0.0070118	0.00053302	4.0674e-06
707	0.99092	0.0085395	0.00053134	4.8561e-06
708	0.99006	0.0094024	0.00053005	5.2792e-06
709	0.98532	0.014141	0.00052665	7.8e-06
710	0.98154	0.017929	0.00052373	9.8104e-06
711	0.97857	0.020893	0.0005213	1.1365e-05
712	0.9765	0.022968	0.00051932	1.2447e-05
713	0.97521	0.024257	0.00051778	1.3098e-05
714	0.97478	0.024689	0.00051669	1.3297e-05
715	0.97527	0.024203	0.00051605	1.3014e-05
716	0.97654	0.022934	0.00051586	1.2309e-05
717	0.97859	0.02088	0.00051611	1.1184e-05
718	0.97617	0.0233	0.000514	1.2428e-05
719	0.97464	0.024836	0.00051234	1.321e-05
720	0.97403	0.025441	0.00051115	1.3505e-05
721	0.97436	0.02512	0.00051042	1.3319e-05
722	0.97546	0.024019	0.00051013	1.2717e-05
723	0.97735	0.022132	0.00051027	1.1698e-05
724	0.98019	0.019284	0.00051088	1.0187e-05
725	0.98388	0.015604	0.00051196	8.2381e-06
726	0.98336	0.016117	0.00051085	8.4862e-06
727	0.97807	0.021416	0.00050722	1.1238e-05
728	0.9738	0.025685	0.00050411	1.3453e-05
729	0.97042	0.029061	0.0005015	1.5187e-05
730	0.96792	0.031567	0.00049937	1.6457e-05
731	0.96635	0.033134	0.00049771	1.7244e-05
732	0.96561	0.033872	0.0004965	1.7592e-05
733	0.9657	0.033784	0.00049575	1.7506e-05
734	0.96679	0.032701	0.00049548	1.6916e-05
735	0.96871	0.030783	0.00049567	1.5891e-05
736	0.97165	0.027836	0.00049635	1.435e-05
737	0.97567	0.023821	0.00049755	1.2276e-05
738	0.9808	0.018687	0.00049928	9.6477e-06
739	0.97508	0.024408	0.00049553	1.2552e-05
740	0.97044	0.029055	0.00049231	1.4907e-05
741	0.96691	0.032586	0.00048965	1.6695e-05
742	0.96445	0.035047	0.0004875	1.7941e-05
743	0.96285	0.03665	0.00048583	1.8739e-05
744	0.96209	0.037405	0.00048461	1.9098e-05
745	0.95412	0.045378	0.00047969	2.313e-05
746	0.94758	0.051914	0.00047549	2.6433e-05
747	0.94213	0.057366	0.00047188	2.9164e-05
748	0.93799	0.061513	0.00046891	3.124e-05
749	0.93485	0.064655	0.00046647	3.2791e-05
750	0.93293	0.066573	0.00046463	3.3733e-05
751	0.93198	0.067518	0.00046331	3.4174e-05
752	0.93213	0.067376	0.00046251	3.4078e-05
753	0.93324	0.066266	0.00046221	3.3491e-05
754	0.93531	0.064191	0.00046242	3.2415e-05
755	0.93838	0.061125	0.00046315	3.084e-05
756	0.94246	0.057048	0.0004644	2.8756e-05
757	0.94757	0.051941	0.00046619	2.6158e-05
758	0.95375	0.045757	0.00046852	2.3022e-05
759	0.96135	0.038163	0.00047152	1.921e-05
760	0.96172	0.037788	0.0004709	1.9001e-05
761	0.95513	0.044377	0.00046684	2.2239e-05
762	0.94961	0.0499	0.00046335	2.493e-05
763	0.94512	0.054394	0.0004604	2.7095e-05
764	0.94176	0.057756	0.00045799	2.8709e-05
765	0.93937	0.060141	0.00045609	2.9828e-05
766	0.93795	0.061564	0.00045469	3.0464e-05
767	0.9376	0.06192	0.00045378	3.0587e-05
768	0.93818	0.061338	0.00045336	3.0243e-05
769	0.93993	0.059585	0.00045348	2.9341e-05
770	0.94265	0.056865	0.00045409	2.7962e-05
771	0.93776	0.061761	0.00045097	3.0299e-05
772	0.93404	0.06548	0.00044841	3.2068e-05
773	0.93133	0.068186	0.00044636	3.3331e-05
774	0.92961	0.069909	0.00044482	3.4106e-05
775	0.9291	0.070422	0.00044384	3.4307e-05
776	0.92956	0.06996	0.00044335	3.4028e-05
777	0.931	0.06852	0.00044336	3.3271e-05
778	0.93342	0.066101	0.00044386	3.2037e-05
779	0.93709	0.062433	0.00044492	3.022e-05
780	0.9418	0.057726	0.00044651	2.79e-05
781	0.94773	0.051801	0.00044864	2.5016e-05
782	0.94606	0.05347	0.00044716	2.5761e-05
783	0.94552	0.054011	0.0004462	2.5975e-05
784	0.9459	0.053632	0.00044569	2.5744e-05
785	0.9474	0.052127	0.00044569	2.4989e-05
786	0.94983	0.049695	0.00044616	2.379e-05
787	0.95321	0.046321	0.00044708	2.214e-05
788	0.95768	0.041849	0.0004485	1.9985e-05
789	0.96317	0.036364	0.00045042	1.7348e-05
790	0.96984	0.029689	0.00045286	1.4169e-05
791	0.97763	0.021906	0.00045584	1.0467e-05
792	0.97894	0.020596	0.00045578	9.8259e-06
793	0.98103	0.018509	0.0004561	8.8163e-06
794	0.98391	0.015628	0.00045681	7.4324e-06
795	0.9876	0.011941	0.00045792	5.6685e-06
796	0.98769	0.011846	0.00045731	5.6067e-06
797	0.98847	0.011068	0.00045704	5.2237e-06
798	0.986	0.01354	0.00045522	6.363e-06
799	0.98427	0.01527	0.00045377	7.1498e-06
800	0.98333	0.016207	0.00045268	7.5725e-06
801	0.98323	0.016308	0.00045194	7.613e-06
802	0.98385	0.015689	0.00045156	7.3167e-06
803	0.98526	0.014283	0.00045152	6.6632e-06
804	0.9874	0.012141	0.00045184	5.6685e-06
805	0.9903	0.009248	0.00045252	4.3263e-06
806	0.99011	0.0094385	0.0004518	4.4082e-06
807	0.99066	0.0088864	0.00045139	4.1536e-06
808	0.98837	0.011175	0.00044969	5.2081e-06
809	0.98691	0.012639	0.00044835	5.8868e-06
810	0.98615	0.0134	0.00044735	6.2385e-06
811	0.98085	0.018694	0.00044424	8.6885e-06
812	0.97658	0.022972	0.00044158	1.0673e-05
813	0.97317	0.026377	0.00043934	1.2245e-05
814	0.97062	0.028931	0.00043752	1.3418e-05
815	0.9689	0.030647	0.00043611	1.42e-05
816	0.96802	0.031535	0.0004351	1.4598e-05
817	0.96794	0.03161	0.00043448	1.462e-05
818	0.96877	0.03078	0.00043424	1.4239e-05
819	0.97042	0.029131	0.0004344	1.3482e-05
820	0.96674	0.032813	0.00043215	1.5148e-05
821	0.96396	0.035597	0.00043033	1.6397e-05
822	0.96204	0.037511	0.00042893	1.7244e-05
823	0.96099	0.038567	0.00042793	1.7697e-05
824	0.96088	0.038675	0.00042735	1.7728e-05
825	0.96162	0.037934	0.00042716	1.7373e-05
826	0.96332	0.036238	0.00042738	1.6597e-05
827	0.96599	0.033569	0.00042802	1.5394e-05
828	0.96954	0.030012	0.00042906	1.3791e-05
829	0.96754	0.032017	0.00042762	1.4691e-05
830	0.96637	0.03319	0.00042658	1.521e-05
831	0.96602	0.033537	0.00042592	1.5355e-05
832	0.95855	0.041008	0.00042209	1.8692e-05
833	0.95246	0.047097	0.00041885	2.1417e-05
834	0.94742	0.052137	0.00041611	2.3658e-05
835	0.9287	0.07086	0.00040721	3.2048e-05
836	0.91188	0.087677	0.00039921	3.9544e-05
837	0.89713	0.10243	0.00039212	4.6122e-05
838	0.88402	0.11555	0.0003858	5.1937e-05
839	0.87292	0.12664	0.00038036	5.6862e-05
840	0.86328	0.13628	0.00037561	6.1112e-05
841	0.82912	0.17044	0.0003599	7.6296e-05
842	0.79794	0.20163	0.00034561	9.0083e-05
843	0.76951	0.23005	0.00033263	0.00010258
844	0.74455	0.25502	0.00032114	0.00011356
845	0.72272	0.27685	0.00031102	0.00012315
846	0.70303	0.29653	0.00030192	0.00013175
847	0.68532	0.31425	0.00029373	0.00013944
848	0.66983	0.32974	0.00028651	0.00014615
849	0.65605	0.34352	0.00028008	0.00015208
850	0.6439	0.35567	0.00027442	0.00015726
851	0.63329	0.36628	0.00026946	0.00016175
852	0.62415	0.37542	0.00026518	0.00016557
853	0.61692	0.38265	0.0002617	0.00016857
854	0.58277	0.4168	0.00024658	0.00018322
855	0.55152	0.44805	0.00023281	0.00019654
856	0.52292	0.47665	0.00022024	0.00020866
857	0.49769	0.50188	0.00020911	0.00021933
858	0.47467	0.5249	0.00019899	0.00022901
859	0.45448	0.54509	0.00019006	0.00023748
860	0.43615	0.56342	0.00018198	0.00024511
861	0.41953	0.58004	0.00017468	0.00025197
862	0.40518	0.5944	0.00016833	0.00025787
863	0.39232	0.60726	0.00016265	0.00026311
864	0.38115	0.61842	0.00015767	0.00026763
865	0.37127	0.62831	0.00015327	0.00027159
866	0.36262	0.63695	0.00014943	0.00027499
867	0.35515	0.64442	0.00014611	0.00027789
868	0.3488	0.65077	0.00014329	0.00028029
869	0.34377	0.65581	0.00014101	0.00028214
870	0.34021	0.65936	0.00013932	0.00028339
871	0.33808	0.6615	0.00013821	0.00028406
872	0.33692	0.66266	0.00013752	0.0002843
873	0.33671	0.66287	0.00013725	0.00028414
874	0.33744	0.66213	0.00013739	0.00028357
875	0.33938	0.6602	0.00013801	0.00028252
876	0.3423	0.65728	0.00013905	0.00028105
877	0.34622	0.65336	0.00014052	0.00027916
878	0.35118	0.6484	0.00014245	0.00027683
879	0.35746	0.64212	0.00014489	0.00027397
880	0.36513	0.63445	0.00014787	0.00027055
881	0.37398	0.6256	0.00015135	0.00026665
882	0.38408	0.61551	0.00015537	0.00026221
883	0.39547	0.60411	0.00015994	0.00025724
884	0.40827	0.59131	0.00016511	0.00025168
885	0.42254	0.57705	0.0001709	0.00024551
886	0.43839	0.56119	0.00017737	0.00023866
887	0.45596	0.54362	0.00018457	0.0002311
888	0.47536	0.52423	0.00019255	0.00022276
889	0.47489	0.5247	0.00019226	0.0002227
890	0.47556	0.52402	0.00019248	0.00022215
891	0.47739	0.52219	0.00019319	0.00022111
892	0.48063	0.51895	0.00019446	0.0002195
893	0.48507	0.51452	0.00019624	0.00021739
894	0.4907	0.50889	0.00019854	0.00021477
895	0.4981	0.50149	0.00020154	0.00021144
896	0.5068	0.49278	0.0002051	0.00020756
897	0.51719	0.48239	0.00020933	0.000203
898	0.52938	0.47021	0.00021426	0.00019772
899	0.54314	0.45645	0.00021987	0.00019177
900	0.55855	0.44103	0.00022619	0.00018513
901	0.57573	0.42386	0.00023326	0.00017774
902	0.5952	0.40438	0.00024125	0.00016943
903	0.61755	0.38204	0.00025037	0.00015997
904	0.64214	0.35745	0.00026045	0.00014956
905	0.66919	0.3304	0.00027158	0.00013811
906	0.69942	0.30017	0.00028397	0.00012538
907	0.70588	0.29371	0.00028644	0.00012256
908	0.71398	0.28562	0.00028956	0.00011909
909	0.72353	0.27606	0.00029329	0.000115
910	0.73458	0.26501	0.00029767	0.00011029
911	0.74724	0.25235	0.00030273	0.0001049
912	0.76159	0.23801	0.00030852	9.8805e-05
913	0.77835	0.22124	0.00031526	9.1738e-05
914	0.79704	0.20255	0.00032282	8.3863e-05
915	0.81821	0.18139	0.00033135	7.5001e-05
916	0.84206	0.15754	0.00034094	6.507e-05
917	0.86833	0.13127	0.00035156	5.4125e-05
918	0.89818	0.10142	0.00036358	4.1757e-05
919	0.9065	0.093096	0.00036669	3.8289e-05
920	0.91616	0.083435	0.00037036	3.4264e-05
921	0.92765	0.071947	0.00037475	2.9514e-05
922	0.92852	0.071079	0.00037481	2.9103e-05
923	0.9305	0.069097	0.0003753	2.8247e-05
924	0.93373	0.06587	0.00037627	2.6897e-05
925	0.93824	0.061355	0.00037773	2.5036e-05
926	0.94383	0.055766	0.00037965	2.2735e-05
927	0.95082	0.048777	0.0003821	1.9882e-05
928	0.9593	0.040296	0.00038512	1.6444e-05
929	0.96904	0.030558	0.00038867	1.2494e-05
930	0.98011	0.019492	0.00039277	8.0015e-06
931	0.98315	0.016447	0.00039364	6.7582e-06
932	0.98703	0.012574	0.00039486	5.1777e-06
933	0.99175	0.0078529	0.00039644	3.2521e-06
934	0.98936	0.010238	0.00039514	4.2165e-06
935	0.98769	0.011909	0.00039415	4.8885e-06
936	0.98683	0.012776	0.00039346	5.2404e-06
937	0.98123	0.018374	0.00039087	7.5044e-06
938	0.97656	0.023037	0.00038869	9.382e-06
939	0.97298	0.026621	0.00038692	1.083e-05
940	0.97043	0.029171	0.00038554	1.1868e-05
941	0.96872	0.03088	0.00038452	1.2561e-05
942	0.96783	0.031769	0.00038384	1.2919e-05
943	0.95974	0.039864	0.00038029	1.617e-05
944	0.95307	0.046531	0.00037729	1.8854e-05
945	0.94775	0.051855	0.00037481	2.1005e-05
946	0.94345	0.056155	0.00037276	2.2734e-05
947	0.94016	0.059449	0.00037113	2.4051e-05
948	0.93784	0.061761	0.00036992	2.4967e-05
949	0.93649	0.063117	0.00036912	2.5494e-05
950	0.9362	0.063401	0.00036871	2.56e-05
951	0.93686	0.062742	0.00036871	2.5325e-05
952	0.93847	0.061135	0.0003691	2.4666e-05
