7
Ceratotherium_simum 0.0000000 0.0046074 0.0525252 0.0513070 0.0520831 0.0659244 0.0943451 
Diceros_bicornis    0.0046074 0.0000000 0.0531558 0.0519364 0.0527129 0.0685651 0.0964322 
Equus_asinus        0.0525252 0.0531558 0.0000000 0.0017143 0.0022889 0.0745996 0.0937806 
Equus_quagga        0.0513070 0.0519364 0.0017143 0.0000000 0.0020031 0.0731408 0.0917331 
Equus_caballus      0.0520831 0.0527129 0.0022889 0.0020031 0.0000000 0.0740535 0.0915906 
Canis_lupus         0.0659244 0.0685651 0.0745996 0.0731408 0.0740535 0.0000000 0.0979870 
Bos_taurus          0.0943451 0.0964322 0.0937806 0.0917331 0.0915906 0.0979870 0.0000000 
