7
Ceratotherium_simum 0.0000000 0.0034921 0.1825719 0.1779851 0.1967287 0.2330154 0.2774712 
Diceros_bicornis    0.0034921 0.0000000 0.1778537 0.1732969 0.1919084 0.2277679 0.2719640 
Equus_asinus        0.1825719 0.1778537 0.0000000 0.0034640 0.0318258 0.3384514 0.3429348 
Equus_quagga        0.1779851 0.1732969 0.0034640 0.0000000 0.0282147 0.3328613 0.3373525 
Equus_caballus      0.1967287 0.1919084 0.0318258 0.0282147 0.0000000 0.3441145 0.3606540 
Canis_lupus         0.2330154 0.2277679 0.3384514 0.3328613 0.3441145 0.0000000 0.3534414 
Bos_taurus          0.2774712 0.2719640 0.3429348 0.3373525 0.3606540 0.3534414 0.0000000 
