7
Ceratotherium_simum 0.0000000 0.0080536 0.0893090 0.5704400 0.0845520 0.1393566 0.1492226 
Diceros_bicornis    0.0080536 0.0000000 0.0982037 0.5674307 0.0933754 0.1486717 0.1586514 
Equus_asinus        0.0893090 0.0982037 0.0000000 0.4948280 0.0040360 0.1493299 0.1180833 
Equus_quagga        0.5704400 0.5674307 0.4948280 0.0000000 0.4846502 0.6759563 0.6378525 
Equus_caballus      0.0845520 0.0933754 0.0040360 0.4846502 0.0000000 0.1492147 0.1130153 
Canis_lupus         0.1393566 0.1486717 0.1493299 0.6759563 0.1492147 0.0000000 0.1689194 
Bos_taurus          0.1492226 0.1586514 0.1180833 0.6378525 0.1130153 0.1689194 0.0000000 
