7
Ceratotherium_simum 0.0000000 0.0039392 0.0874280 0.0907929 0.0901324 0.1384626 0.1730259 
Diceros_bicornis    0.0039392 0.0000000 0.0873358 0.0906967 0.0900365 0.1368818 0.1712475 
Equus_asinus        0.0874280 0.0873358 0.0000000 0.0049145 0.0079143 0.1447368 0.1860995 
Equus_quagga        0.0907929 0.0906967 0.0049145 0.0000000 0.0109054 0.1459935 0.1874503 
Equus_caballus      0.0901324 0.0900365 0.0079143 0.0109054 0.0000000 0.1443628 0.1872476 
Canis_lupus         0.1384626 0.1368818 0.1447368 0.1459935 0.1443628 0.0000000 0.2063021 
Bos_taurus          0.1730259 0.1712475 0.1860995 0.1874503 0.1872476 0.2063021 0.0000000 
