7
Ceratotherium_simum 0.0000000 0.0229214 0.1670901 0.1615290 0.2577696 0.5515158 0.3285299 
Diceros_bicornis    0.0229214 0.0000000 0.1614781 0.1559549 0.2512496 0.5163633 0.3128420 
Equus_asinus        0.1670901 0.1614781 0.0000000 0.0044806 0.0972755 0.5008336 0.3005805 
Equus_quagga        0.1615290 0.1559549 0.0044806 0.0000000 0.0921220 0.4929798 0.2941034 
Equus_caballus      0.2577696 0.2512496 0.0972755 0.0921220 0.0000000 0.3326731 0.3924317 
Canis_lupus         0.5515158 0.5163633 0.5008336 0.4929798 0.3326731 0.0000000 0.5056489 
Bos_taurus          0.3285299 0.3128420 0.3005805 0.2941034 0.3924317 0.5056489 0.0000000 
