7
Ceratotherium_simum 0.0000000 0.0233539 0.1688598 0.1716162 0.1667108 0.2398969 0.3561416 
Diceros_bicornis    0.0233539 0.0000000 0.1593788 0.1620911 0.1596158 0.2296246 0.3473493 
Equus_asinus        0.1688598 0.1593788 0.0000000 0.0058074 0.0038654 0.2423073 0.3137247 
Equus_quagga        0.1716162 0.1620911 0.0058074 0.0000000 0.0058139 0.2454799 0.3174074 
Equus_caballus      0.1667108 0.1596158 0.0038654 0.0058139 0.0000000 0.2427229 0.3143441 
Canis_lupus         0.2398969 0.2296246 0.2423073 0.2454799 0.2427229 0.0000000 0.3508924 
Bos_taurus          0.3561416 0.3473493 0.3137247 0.3174074 0.3143441 0.3508924 0.0000000 
