7
Ceratotherium_simum 0.0000000 0.0119275 0.2600106 0.2617465 0.2601415 0.3231082 0.3585263 
Diceros_bicornis    0.0119275 0.0000000 0.2694885 0.2681842 0.2665641 0.3284554 0.3643550 
Equus_asinus        0.2600106 0.2694885 0.0000000 0.0053845 0.0151756 0.4044979 0.4031761 
Equus_quagga        0.2617465 0.2681842 0.0053845 0.0000000 0.0119046 0.4067511 0.4054490 
Equus_caballus      0.2601415 0.2665641 0.0151756 0.0119046 0.0000000 0.4047666 0.4069273 
Canis_lupus         0.3231082 0.3284554 0.4044979 0.4067511 0.4047666 0.0000000 0.4465157 
Bos_taurus          0.3585263 0.3643550 0.4031761 0.4054490 0.4069273 0.4465157 0.0000000 
