7
Ceratotherium_simum 0.0000000 0.0167851 0.0545753 0.0587918 0.0556190 0.1140295 0.1127588 
Diceros_bicornis    0.0167851 0.0000000 0.0413877 0.1986823 0.0432470 0.1011000 0.0986661 
Equus_asinus        0.0545753 0.0413877 0.0000000 0.1508880 0.0017556 0.1082431 0.1079305 
Equus_quagga        0.0587918 0.1986823 0.1508880 0.0000000 0.1520360 0.2433273 0.2558747 
Equus_caballus      0.0556190 0.0432470 0.0017556 0.1520360 0.0000000 0.1103035 0.1079831 
Canis_lupus         0.1140295 0.1011000 0.1082431 0.2433273 0.1103035 0.0000000 0.1315855 
Bos_taurus          0.1127588 0.0986661 0.1079305 0.2558747 0.1079831 0.1315855 0.0000000 
