7
Ceratotherium_simum 0.0000000 0.0200701 0.2222655 0.2273804 0.2141844 0.3401685 0.3997701 
Diceros_bicornis    0.0200701 0.0000000 0.2392072 0.2444435 0.2310823 0.3339858 0.4089311 
Equus_asinus        0.2222655 0.2392072 0.0000000 0.0166930 0.0133289 0.3465907 0.4495654 
Equus_quagga        0.2273804 0.2444435 0.0166930 0.0000000 0.0235144 0.3633940 0.4630481 
Equus_caballus      0.2141844 0.2310823 0.0133289 0.0235144 0.0000000 0.3351744 0.4515631 
Canis_lupus         0.3401685 0.3339858 0.3465907 0.3633940 0.3351744 0.0000000 0.4782346 
Bos_taurus          0.3997701 0.4089311 0.4495654 0.4630481 0.4515631 0.4782346 0.0000000 
