7
Ceratotherium_simum 0.0000000 0.0095804 0.1658973 0.1698359 0.1599396 0.3067535 1.6116705 
Diceros_bicornis    0.0095804 0.0000000 0.1652265 0.1691411 0.1592981 0.3137014 1.5891218 
Equus_asinus        0.1658973 0.1652265 0.0000000 0.0119003 0.0047086 0.3402294 1.6344654 
Equus_quagga        0.1698359 0.1691411 0.0119003 0.0000000 0.0119003 0.3462743 1.6750646 
Equus_caballus      0.1599396 0.1592981 0.0047086 0.0119003 0.0000000 0.3335001 1.6344654 
Canis_lupus         0.3067535 0.3137014 0.3402294 0.3462743 0.3335001 0.0000000 1.6764381 
Bos_taurus          1.6116705 1.5891218 1.6344654 1.6750646 1.6344654 1.6764381 0.0000000 
