7
Ceratotherium_simum 0.0000000 0.0166326 0.1190132 0.1155135 0.1103035 0.2428856 0.2681963 
Diceros_bicornis    0.0166326 0.0000000 0.1248251 0.1212861 0.1160184 0.2484282 0.2762964 
Equus_asinus        0.1190132 0.1248251 0.0000000 0.0059689 0.0134997 0.2483157 0.2797163 
Equus_quagga        0.1155135 0.1212861 0.0059689 0.0000000 0.0134997 0.2441330 0.2753205 
Equus_caballus      0.1103035 0.1160184 0.0134997 0.0134997 0.0000000 0.2379229 0.2775329 
Canis_lupus         0.2428856 0.2484282 0.2483157 0.2441330 0.2379229 0.0000000 0.3454222 
Bos_taurus          0.2681963 0.2762964 0.2797163 0.2753205 0.2775329 0.3454222 0.0000000 
