7
Ceratotherium_simum 0.0000000 0.0178573 0.1465434 0.1465434 0.1623256 0.3493438 0.2610819 
Diceros_bicornis    0.0178573 0.0000000 0.1392571 0.1392571 0.1548534 0.3781287 0.2868700 
Equus_asinus        0.1465434 0.1392571 0.0000000 0.0000010 0.0240198 0.3712909 0.3094363 
Equus_quagga        0.1465434 0.1392571 0.0000010 0.0000000 0.0240198 0.3712909 0.3094363 
Equus_caballus      0.1623256 0.1548534 0.0240198 0.0240198 0.0000000 0.4134703 0.3305309 
Canis_lupus         0.3493438 0.3781287 0.3712909 0.3712909 0.4134703 0.0000000 0.4834551 
Bos_taurus          0.2610819 0.2868700 0.3094363 0.3094363 0.3305309 0.4834551 0.0000000 
