7
Ceratotherium_simum 0.0000000 0.0103979 0.2162807 0.2337144 0.2284489 0.3502957 0.5067427 
Diceros_bicornis    0.0103979 0.0000000 0.2181970 0.2358496 0.2305104 0.3686481 0.5132105 
Equus_asinus        0.2162807 0.2181970 0.0000000 0.0105884 0.0078833 0.3235114 0.4674943 
Equus_quagga        0.2337144 0.2358496 0.0105884 0.0000000 0.0133312 0.3373741 0.4845552 
Equus_caballus      0.2284489 0.2305104 0.0078833 0.0133312 0.0000000 0.3302916 0.4687039 
Canis_lupus         0.3502957 0.3686481 0.3235114 0.3373741 0.3302916 0.0000000 0.5293301 
Bos_taurus          0.5067427 0.5132105 0.4674943 0.4845552 0.4687039 0.5293301 0.0000000 
