7
Ceratotherium_simum 0.0000000 0.0129491 0.0605440 0.0604750 0.0587511 0.0999265 0.1407897 
Diceros_bicornis    0.0129491 0.0000000 0.0639079 0.0638350 0.0621086 0.0997247 0.1404950 
Equus_asinus        0.0605440 0.0639079 0.0000000 0.0016025 0.0032086 0.1014072 0.1341173 
Equus_quagga        0.0604750 0.0638350 0.0016025 0.0000000 0.0016014 0.1012860 0.1320624 
Equus_caballus      0.0587511 0.0621086 0.0032086 0.0016014 0.0000000 0.0994624 0.1301754 
Canis_lupus         0.0999265 0.0997247 0.1014072 0.1012860 0.0994624 0.0000000 0.1316021 
Bos_taurus          0.1407897 0.1404950 0.1341173 0.1320624 0.1301754 0.1316021 0.0000000 
