7
Ceratotherium_simum 0.0000000 0.0764558 0.2366276 0.2366276 0.2769489 1.1040909 0.4509267 
Diceros_bicornis    0.0764558 0.0000000 0.2219651 0.2152888 0.2495952 1.0752082 0.5065932 
Equus_asinus        0.2366276 0.2219651 0.0000000 0.0060717 0.0308613 0.8141029 0.4712776 
Equus_quagga        0.2366276 0.2152888 0.0060717 0.0000000 0.0373711 0.8406742 0.4751566 
Equus_caballus      0.2769489 0.2495952 0.0308613 0.0373711 0.0000000 0.8587277 0.5090737 
Canis_lupus         1.1040909 1.0752082 0.8141029 0.8406742 0.8587277 0.0000000 0.8648562 
Bos_taurus          0.4509267 0.5065932 0.4712776 0.4751566 0.5090737 0.8648562 0.0000000 
