7
Ceratotherium_simum 0.0000000 0.0095350 0.0599361 0.0600093 0.0584250 0.1051244 0.1006507 
Diceros_bicornis    0.0095350 0.0000000 0.0667658 0.0668510 0.0651719 0.1117981 0.1095863 
Equus_asinus        0.0599361 0.0667658 0.0000000 0.0029306 0.0074431 0.1275551 0.1095637 
Equus_quagga        0.0600093 0.0668510 0.0029306 0.0000000 0.0064367 0.1262751 0.1097274 
Equus_caballus      0.0584250 0.0651719 0.0074431 0.0064367 0.0000000 0.1247674 0.1075412 
Canis_lupus         0.1051244 0.1117981 0.1275551 0.1262751 0.1247674 0.0000000 0.1321228 
Bos_taurus          0.1006507 0.1095863 0.1095637 0.1097274 0.1075412 0.1321228 0.0000000 
