7
Ceratotherium_simum 0.0000000 0.0125049 0.1491767 0.1448739 0.1411222 0.2377154 0.2762987 
Diceros_bicornis    0.0125049 0.0000000 0.1510896 0.1467714 0.1430129 0.2419965 0.2797824 
Equus_asinus        0.1491767 0.1510896 0.0000000 0.0156511 0.0268748 0.2680254 0.3168710 
Equus_quagga        0.1448739 0.1467714 0.0156511 0.0000000 0.0204106 0.2646521 0.3131351 
Equus_caballus      0.1411222 0.1430129 0.0268748 0.0204106 0.0000000 0.2615769 0.3030036 
Canis_lupus         0.2377154 0.2419965 0.2680254 0.2646521 0.2615769 0.0000000 0.3428820 
Bos_taurus          0.2762987 0.2797824 0.3168710 0.3131351 0.3030036 0.3428820 0.0000000 
