7
Ceratotherium_simum 0.0000000 0.0000010 0.2997376 0.3138668 0.2782440 0.3807868 0.4197039 
Diceros_bicornis    0.0000010 0.0000000 0.2997376 0.3138668 0.2782440 0.3807868 0.4197039 
Equus_asinus        0.2997376 0.2997376 0.0000000 0.0195941 0.0244716 0.4794299 0.5468828 
Equus_quagga        0.3138668 0.3138668 0.0195941 0.0000000 0.0344790 0.4809045 0.5488251 
Equus_caballus      0.2782440 0.2782440 0.0244716 0.0344790 0.0000000 0.4690593 0.5503765 
Canis_lupus         0.3807868 0.3807868 0.4794299 0.4809045 0.4690593 0.0000000 0.6915781 
Bos_taurus          0.4197039 0.4197039 0.5468828 0.5488251 0.5503765 0.6915781 0.0000000 
