7
Ceratotherium_simum 0.0000000 0.0223455 0.2359389 0.2366634 0.2267335 0.3763855 0.4879807 
Diceros_bicornis    0.0223455 0.0000000 0.2154726 0.2161084 0.2065543 0.3666844 0.4837586 
Equus_asinus        0.2359389 0.2154726 0.0000000 0.0120592 0.0243783 0.3469175 0.4588448 
Equus_quagga        0.2366634 0.2161084 0.0120592 0.0000000 0.0243843 0.3538879 0.4609246 
Equus_caballus      0.2267335 0.2065543 0.0243783 0.0243843 0.0000000 0.3499989 0.4522317 
Canis_lupus         0.3763855 0.3666844 0.3469175 0.3538879 0.3499989 0.0000000 0.5228135 
Bos_taurus          0.4879807 0.4837586 0.4588448 0.4609246 0.4522317 0.5228135 0.0000000 
