7
Ceratotherium_simum 0.0000000 0.0055381 0.2124425 0.2113016 0.2113016 0.2592733 0.3599000 
Diceros_bicornis    0.0055381 0.0000000 0.2196310 0.2184389 0.2184389 0.2671092 0.3681727 
Equus_asinus        0.2124425 0.2196310 0.0000000 0.0111529 0.0111529 0.2437565 0.3733937 
Equus_quagga        0.2113016 0.2184389 0.0111529 0.0000000 0.0111110 0.2423214 0.3707579 
Equus_caballus      0.2113016 0.2184389 0.0111529 0.0111110 0.0000000 0.2347034 0.3707579 
Canis_lupus         0.2592733 0.2671092 0.2437565 0.2423214 0.2347034 0.0000000 0.3293769 
Bos_taurus          0.3599000 0.3681727 0.3733937 0.3707579 0.3707579 0.3293769 0.0000000 
