7
Ceratotherium_simum 0.0000000 0.0037080 0.0353837 0.0340639 0.0340268 0.0631264 0.1323808 
Diceros_bicornis    0.0037080 0.0000000 0.0322718 0.0309743 0.0309416 0.0646937 0.1323465 
Equus_asinus        0.0353837 0.0322718 0.0000000 0.0021071 0.0036980 0.0661742 0.1357143 
Equus_quagga        0.0340639 0.0309743 0.0021071 0.0000000 0.0036952 0.0645792 0.1334788 
Equus_caballus      0.0340268 0.0309416 0.0036980 0.0036952 0.0000000 0.0644930 0.1332354 
Canis_lupus         0.0631264 0.0646937 0.0661742 0.0645792 0.0644930 0.0000000 0.1502302 
Bos_taurus          0.1323808 0.1323465 0.1357143 0.1334788 0.1332354 0.1502302 0.0000000 
