7
Ceratotherium_simum 0.0000000 0.0127843 0.2428106 0.2356879 0.2507273 0.4245448 0.6799003 
Diceros_bicornis    0.0127843 0.0000000 0.2540008 0.2467639 0.2619752 0.4416534 0.6965501 
Equus_asinus        0.2428106 0.2540008 0.0000000 0.0047656 0.0192264 0.4728555 0.7296853 
Equus_quagga        0.2356879 0.2467639 0.0047656 0.0000000 0.0143469 0.4629042 0.7159439 
Equus_caballus      0.2507273 0.2619752 0.0192264 0.0143469 0.0000000 0.4746206 0.7207921 
Canis_lupus         0.4245448 0.4416534 0.4728555 0.4629042 0.4746206 0.0000000 0.7856840 
Bos_taurus          0.6799003 0.6965501 0.7296853 0.7159439 0.7207921 0.7856840 0.0000000 
