7
Ceratotherium_simum 0.0000000 0.0101837 0.3001338 0.3001338 0.1148531 0.1754398 0.1562446 
Diceros_bicornis    0.0101837 0.0000000 0.3125122 0.3125122 0.1245758 0.1817824 0.1603932 
Equus_asinus        0.3001338 0.3125122 0.0000000 0.0000010 0.1845462 0.3954170 0.3512268 
Equus_quagga        0.3001338 0.3125122 0.0000010 0.0000000 0.1845462 0.3954170 0.3512268 
Equus_caballus      0.1148531 0.1245758 0.1845462 0.1845462 0.0000000 0.2024774 0.1615356 
Canis_lupus         0.1754398 0.1817824 0.3954170 0.3954170 0.2024774 0.0000000 0.1869247 
Bos_taurus          0.1562446 0.1603932 0.3512268 0.3512268 0.1615356 0.1869247 0.0000000 
