7
Ceratotherium_simum 0.0000000 0.0258463 0.2393121 0.2342973 0.2388759 0.3982786 0.4324417 
Diceros_bicornis    0.0258463 0.0000000 0.2474557 0.2423625 0.2469989 0.4049846 0.4380720 
Equus_asinus        0.2393121 0.2474557 0.0000000 0.0063637 0.0149383 0.4303330 0.4439903 
Equus_quagga        0.2342973 0.2423625 0.0063637 0.0000000 0.0127638 0.4338459 0.4405702 
Equus_caballus      0.2388759 0.2469989 0.0149383 0.0127638 0.0000000 0.4378982 0.4548921 
Canis_lupus         0.3982786 0.4049846 0.4303330 0.4338459 0.4378982 0.0000000 0.4538215 
Bos_taurus          0.4324417 0.4380720 0.4439903 0.4405702 0.4548921 0.4538215 0.0000000 
