7
Ceratotherium_simum 0.0000000 0.0305004 0.1890906 0.1928305 0.1697171 0.5532680 0.4106156 
Diceros_bicornis    0.0305004 0.0000000 0.2097886 0.1950221 0.1929159 0.6266512 0.4571441 
Equus_asinus        0.1890906 0.2097886 0.0000000 0.0162251 0.0388402 0.6893094 0.5247479 
Equus_quagga        0.1928305 0.1950221 0.0162251 0.0000000 0.0358012 0.6516085 0.5028633 
Equus_caballus      0.1697171 0.1929159 0.0388402 0.0358012 0.0000000 0.7335973 0.5007796 
Canis_lupus         0.5532680 0.6266512 0.6893094 0.6516085 0.7335973 0.0000000 0.8137904 
Bos_taurus          0.4106156 0.4571441 0.5247479 0.5028633 0.5007796 0.8137904 0.0000000 
