7
Ceratotherium_simum 0.0000000 0.0069375 0.1056101 0.0742736 0.0738481 0.1171306 0.1189635 
Diceros_bicornis    0.0069375 0.0000000 0.1071773 0.0757963 0.0753700 0.1178617 0.1206060 
Equus_asinus        0.1056101 0.1071773 0.0000000 0.0307632 0.0319239 0.1591372 0.1558272 
Equus_quagga        0.0742736 0.0757963 0.0307632 0.0000000 0.0047271 0.1239728 0.1228033 
Equus_caballus      0.0738481 0.0753700 0.0319239 0.0047271 0.0000000 0.1234876 0.1219153 
Canis_lupus         0.1171306 0.1178617 0.1591372 0.1239728 0.1234876 0.0000000 0.1402921 
Bos_taurus          0.1189635 0.1206060 0.1558272 0.1228033 0.1219153 0.1402921 0.0000000 
