7
Ceratotherium_simum 0.0000000 0.1216101 0.1537247 0.1562880 0.1457864 0.3469896 0.4014626 
Diceros_bicornis    0.1216101 0.0000000 0.2842726 0.2866748 0.2762789 0.5011945 0.5447560 
Equus_asinus        0.1537247 0.2842726 0.0000000 0.0125878 0.0202562 0.3438097 0.4002202 
Equus_quagga        0.1562880 0.2866748 0.0125878 0.0000000 0.0243659 0.3478936 0.4034787 
Equus_caballus      0.1457864 0.2762789 0.0202562 0.0243659 0.0000000 0.3399533 0.4004566 
Canis_lupus         0.3469896 0.5011945 0.3438097 0.3478936 0.3399533 0.0000000 0.4872602 
Bos_taurus          0.4014626 0.5447560 0.4002202 0.4034787 0.4004566 0.4872602 0.0000000 
