7
Ceratotherium_simum 0.0000000 0.0000010 0.1351543 0.1351543 0.1481087 0.2130297 0.2754695 
Diceros_bicornis    0.0000010 0.0000000 0.1351543 0.1351543 0.1481087 0.2130297 0.2754695 
Equus_asinus        0.1351543 0.1351543 0.0000000 0.0000010 0.0102759 0.2671540 0.3183026 
Equus_quagga        0.1351543 0.1351543 0.0000010 0.0000000 0.0102759 0.2671540 0.3183026 
Equus_caballus      0.1481087 0.1481087 0.0102759 0.0102759 0.0000000 0.2838130 0.3359418 
Canis_lupus         0.2130297 0.2130297 0.2671540 0.2671540 0.2838130 0.0000000 0.2903833 
Bos_taurus          0.2754695 0.2754695 0.3183026 0.3183026 0.3359418 0.2903833 0.0000000 
