7
Ceratotherium_simum 0.0000000 0.0098873 0.1536404 0.2601485 0.1607240 0.2023608 0.2394205 
Diceros_bicornis    0.0098873 0.0000000 0.1519687 0.2582407 0.1590421 0.2077599 0.2413273 
Equus_asinus        0.1536404 0.1519687 0.0000000 0.0850524 0.0127109 0.2041558 0.2340412 
Equus_quagga        0.2601485 0.2582407 0.0850524 0.0000000 0.0968007 0.3161200 0.3645269 
Equus_caballus      0.1607240 0.1590421 0.0127109 0.0968007 0.0000000 0.2190262 0.2376520 
Canis_lupus         0.2023608 0.2077599 0.2041558 0.3161200 0.2190262 0.0000000 0.2716497 
Bos_taurus          0.2394205 0.2413273 0.2340412 0.3645269 0.2376520 0.2716497 0.0000000 
