7
Ceratotherium_simum 0.0000000 0.0615753 0.0453318 0.0435761 0.0435975 0.0701199 0.0627958 
Diceros_bicornis    0.0615753 0.0000000 0.1038880 0.1056556 0.1019920 0.1255716 0.1174916 
Equus_asinus        0.0453318 0.1038880 0.0000000 0.0048948 0.0081769 0.0667258 0.0791040 
Equus_quagga        0.0435761 0.1056556 0.0048948 0.0000000 0.0098129 0.0684413 0.0808289 
Equus_caballus      0.0435975 0.1019920 0.0081769 0.0098129 0.0000000 0.0649308 0.0772841 
Canis_lupus         0.0701199 0.1255716 0.0667258 0.0684413 0.0649308 0.0000000 0.0899139 
Bos_taurus          0.0627958 0.1174916 0.0791040 0.0808289 0.0772841 0.0899139 0.0000000 
