7
Ceratotherium_simum 0.0000000 0.0044110 0.0551019 0.0570363 0.0580208 0.0802368 0.1053473 
Diceros_bicornis    0.0044110 0.0000000 0.0536109 0.0536024 0.0546387 0.0780121 0.0971768 
Equus_asinus        0.0551019 0.0536109 0.0000000 0.0016451 0.0024709 0.0975518 0.1099932 
Equus_quagga        0.0570363 0.0536024 0.0016451 0.0000000 0.0024705 0.0997365 0.1099778 
Equus_caballus      0.0580208 0.0546387 0.0024709 0.0024705 0.0000000 0.1008571 0.1111375 
Canis_lupus         0.0802368 0.0780121 0.0975518 0.0997365 0.1008571 0.0000000 0.1303800 
Bos_taurus          0.1053473 0.0971768 0.1099932 0.1099778 0.1111375 0.1303800 0.0000000 
