7
Ceratotherium_simum 0.0000000 0.0041546 0.0499610 0.0480608 0.0498335 0.0877405 0.0847916 
Diceros_bicornis    0.0041546 0.0000000 0.0511142 0.0492099 0.0497406 0.0875537 0.0839326 
Equus_asinus        0.0499610 0.0511142 0.0000000 0.0036432 0.0073369 0.0973227 0.0870557 
Equus_quagga        0.0480608 0.0492099 0.0036432 0.0000000 0.0057460 0.0957398 0.0869594 
Equus_caballus      0.0498335 0.0497406 0.0073369 0.0057460 0.0000000 0.0962694 0.0889116 
Canis_lupus         0.0877405 0.0875537 0.0973227 0.0957398 0.0962694 0.0000000 0.0895397 
Bos_taurus          0.0847916 0.0839326 0.0870557 0.0869594 0.0889116 0.0895397 0.0000000 
