6
Ceratotherium_simum 0.0000000 0.0000010 0.0121725 0.0121725 0.0247806 0.0334494 
Diceros_bicornis    0.0000010 0.0000000 0.0121725 0.0121725 0.0247806 0.0334494 
Equus_asinus        0.0121725 0.0121725 0.0000000 0.0000010 0.0205247 0.0290842 
Equus_quagga        0.0121725 0.0121725 0.0000010 0.0000000 0.0205247 0.0290842 
Canis_lupus         0.0247806 0.0247806 0.0205247 0.0205247 0.0000000 0.0334403 
Bos_taurus          0.0334494 0.0334494 0.0290842 0.0290842 0.0334403 0.0000000 
