7
Ceratotherium_simum 0.0000000 0.0305053 0.2277196 0.2473740 0.2350623 0.6327045 0.4920443 
Diceros_bicornis    0.0305053 0.0000000 0.2206980 0.2400408 0.2278983 0.6259174 0.4805246 
Equus_asinus        0.2277196 0.2206980 0.0000000 0.0215174 0.0258905 0.6077804 0.4872681 
Equus_quagga        0.2473740 0.2400408 0.0215174 0.0000000 0.0304197 0.5980808 0.4841622 
Equus_caballus      0.2350623 0.2278983 0.0258905 0.0304197 0.0000000 0.6142936 0.4689625 
Canis_lupus         0.6327045 0.6259174 0.6077804 0.5980808 0.6142936 0.0000000 0.7810073 
Bos_taurus          0.4920443 0.4805246 0.4872681 0.4841622 0.4689625 0.7810073 0.0000000 
