7
Ceratotherium_simum 0.0000000 0.0152582 0.1137225 0.1136127 0.1180499 0.5121055 0.5820786 
Diceros_bicornis    0.0152582 0.0000000 0.0964382 0.0963476 0.1006809 0.4897095 0.5643793 
Equus_asinus        0.1137225 0.0964382 0.0000000 0.0037534 0.0113177 0.4900741 0.5835506 
Equus_quagga        0.1136127 0.0963476 0.0037534 0.0000000 0.0113085 0.4891336 0.5777502 
Equus_caballus      0.1180499 0.1006809 0.0113177 0.0113085 0.0000000 0.4935007 0.5931757 
Canis_lupus         0.5121055 0.4897095 0.4900741 0.4891336 0.4935007 0.0000000 0.6563319 
Bos_taurus          0.5820786 0.5643793 0.5835506 0.5777502 0.5931757 0.6563319 0.0000000 
