7
Ceratotherium_simum 0.0000000 0.0289355 0.0909363 0.0856760 0.0744461 0.2427617 0.6647429 
Diceros_bicornis    0.0289355 0.0000000 0.1017935 0.0964679 0.0849929 0.2434147 0.6410066 
Equus_asinus        0.0909363 0.1017935 0.0000000 0.0047585 0.0144941 0.2620124 0.6587834 
Equus_quagga        0.0856760 0.0964679 0.0047585 0.0000000 0.0096390 0.2556629 0.6501419 
Equus_caballus      0.0744461 0.0849929 0.0144941 0.0096390 0.0000000 0.2499198 0.6444576 
Canis_lupus         0.2427617 0.2434147 0.2620124 0.2556629 0.2499198 0.0000000 0.5722522 
Bos_taurus          0.6647429 0.6410066 0.6587834 0.6501419 0.6444576 0.5722522 0.0000000 
