7
Ceratotherium_simum 0.0000000 0.0923653 0.2012993 0.2876097 0.2107577 0.4780616 0.4896936 
Diceros_bicornis    0.0923653 0.0000000 0.2768266 0.2230749 0.2941692 0.3899691 0.4224954 
Equus_asinus        0.2012993 0.2768266 0.0000000 0.0596452 0.0159512 0.4651917 0.5112986 
Equus_quagga        0.2876097 0.2230749 0.0596452 0.0000000 0.0722661 0.3848230 0.4245755 
Equus_caballus      0.2107577 0.2941692 0.0159512 0.0722661 0.0000000 0.4791946 0.5172782 
Canis_lupus         0.4780616 0.3899691 0.4651917 0.3848230 0.4791946 0.0000000 0.4522391 
Bos_taurus          0.4896936 0.4224954 0.5112986 0.4245755 0.5172782 0.4522391 0.0000000 
