7
Ceratotherium_simum 0.0000000 0.0015025 0.0075399 0.0090551 0.0075399 0.0214598 0.0090685 
Diceros_bicornis    0.0015025 0.0000000 0.0090526 0.0105698 0.0090526 0.0230049 0.0105854 
Equus_asinus        0.0075399 0.0090526 0.0000000 0.0015008 0.0000010 0.0229766 0.0105729 
Equus_quagga        0.0090551 0.0105698 0.0015008 0.0000000 0.0015008 0.0245284 0.0120925 
Equus_caballus      0.0075399 0.0090526 0.0000010 0.0015008 0.0000000 0.0229766 0.0105729 
Canis_lupus         0.0214598 0.0230049 0.0229766 0.0245284 0.0229766 0.0000000 0.0245654 
Bos_taurus          0.0090685 0.0105854 0.0105729 0.0120925 0.0105729 0.0245654 0.0000000 
