7
Ceratotherium_simum 0.0000000 0.0523317 0.1769361 0.1736276 0.1723202 0.2875892 0.2762075 
Diceros_bicornis    0.0523317 0.0000000 0.1374001 0.1342834 0.1296656 0.2670100 0.2355639 
Equus_asinus        0.1769361 0.1374001 0.0000000 0.0077356 0.0116458 0.2726024 0.2457092 
Equus_quagga        0.1736276 0.1342834 0.0077356 0.0000000 0.0064489 0.2651274 0.2385763 
Equus_caballus      0.1723202 0.1296656 0.0116458 0.0064489 0.0000000 0.2558031 0.2332065 
Canis_lupus         0.2875892 0.2670100 0.2726024 0.2651274 0.2558031 0.0000000 0.2870592 
Bos_taurus          0.2762075 0.2355639 0.2457092 0.2385763 0.2332065 0.2870592 0.0000000 
