7
Ceratotherium_simum 0.0000000 0.0000010 0.0738197 0.0139327 0.0167494 0.0195690 0.0167488 
Diceros_bicornis    0.0000010 0.0000000 0.0738197 0.0139327 0.0167494 0.0195690 0.0167488 
Equus_asinus        0.0738197 0.0738197 0.0000000 0.0645476 0.0676098 0.0831413 0.0800265 
Equus_quagga        0.0139327 0.0139327 0.0645476 0.0000000 0.0027633 0.0167372 0.0252679 
Equus_caballus      0.0167494 0.0167494 0.0676098 0.0027633 0.0000000 0.0195627 0.0281263 
Canis_lupus         0.0195690 0.0195690 0.0831413 0.0167372 0.0195627 0.0000000 0.0252485 
Bos_taurus          0.0167488 0.0167488 0.0800265 0.0252679 0.0281263 0.0252485 0.0000000 
