7
Ceratotherium_simum 0.0000000 0.0206737 0.1228893 0.2982225 0.1231935 0.1783269 0.1684542 
Diceros_bicornis    0.0206737 0.0000000 0.1248732 0.2930135 0.1215773 0.1778242 0.1771392 
Equus_asinus        0.1228893 0.1248732 0.0000000 0.1603146 0.0137316 0.1602989 0.1969991 
Equus_quagga        0.2982225 0.2930135 0.1603146 0.0000000 0.1657483 0.3553897 0.3695689 
Equus_caballus      0.1231935 0.1215773 0.0137316 0.1657483 0.0000000 0.1681655 0.2033607 
Canis_lupus         0.1783269 0.1778242 0.1602989 0.3553897 0.1681655 0.0000000 0.1955290 
Bos_taurus          0.1684542 0.1771392 0.1969991 0.3695689 0.2033607 0.1955290 0.0000000 
