7
Ceratotherium_simum 0.0000000 0.0047536 0.0448394 0.0456627 0.0448621 0.0882660 0.0911362 
Diceros_bicornis    0.0047536 0.0000000 0.0451934 0.0445726 0.0444958 0.0891842 0.0916551 
Equus_asinus        0.0448394 0.0451934 0.0000000 0.0047488 0.0056630 0.0971055 0.1012859 
Equus_quagga        0.0456627 0.0445726 0.0047488 0.0000000 0.0044543 0.0987796 0.1016169 
Equus_caballus      0.0448621 0.0444958 0.0056630 0.0044543 0.0000000 0.0991054 0.1015174 
Canis_lupus         0.0882660 0.0891842 0.0971055 0.0987796 0.0991054 0.0000000 0.1269997 
Bos_taurus          0.0911362 0.0916551 0.1012859 0.1016169 0.1015174 0.1269997 0.0000000 
