7
Ceratotherium_simum 0.0000000 0.0163822 0.1343058 0.1396226 0.1439941 0.1936160 0.2674045 
Diceros_bicornis    0.0163822 0.0000000 0.1343058 0.1396226 0.1439941 0.1936160 0.2674045 
Equus_asinus        0.1343058 0.1343058 0.0000000 0.0040781 0.0081525 0.2041544 0.2909270 
Equus_quagga        0.1396226 0.1396226 0.0040781 0.0000000 0.0122925 0.2049496 0.2922471 
Equus_caballus      0.1439941 0.1439941 0.0081525 0.0122925 0.0000000 0.2147986 0.2968831 
Canis_lupus         0.1936160 0.1936160 0.2041544 0.2049496 0.2147986 0.0000000 0.2578413 
Bos_taurus          0.2674045 0.2674045 0.2909270 0.2922471 0.2968831 0.2578413 0.0000000 
