7
Ceratotherium_simum 0.0000000 0.0214724 0.1585133 0.1532581 0.1590274 0.3356947 0.3471055 
Diceros_bicornis    0.0214724 0.0000000 0.1580511 0.1528156 0.1585615 0.3357072 0.3455416 
Equus_asinus        0.1585133 0.1580511 0.0000000 0.0042244 0.0127670 0.3688164 0.3307933 
Equus_quagga        0.1532581 0.1528156 0.0042244 0.0000000 0.0084859 0.3622660 0.3240831 
Equus_caballus      0.1590274 0.1585615 0.0127670 0.0084859 0.0000000 0.3705855 0.3323690 
Canis_lupus         0.3356947 0.3357072 0.3688164 0.3622660 0.3705855 0.0000000 0.4463917 
Bos_taurus          0.3471055 0.3455416 0.3307933 0.3240831 0.3323690 0.4463917 0.0000000 
