6
Ceratotherium_simum 0.0000000 0.0000010 0.0129840 0.0129840 0.0263286 0.0356479 
Diceros_bicornis    0.0000010 0.0000000 0.0129840 0.0129840 0.0263286 0.0356479 
Equus_asinus        0.0129840 0.0129840 0.0000000 0.0000010 0.0217441 0.0217967 
Equus_quagga        0.0129840 0.0129840 0.0000010 0.0000000 0.0217441 0.0217967 
Canis_lupus         0.0263286 0.0263286 0.0217441 0.0217441 0.0000000 0.0353553 
Bos_taurus          0.0356479 0.0356479 0.0217967 0.0217967 0.0353553 0.0000000 
