7
Ceratotherium_simum 0.0000000 0.0065035 0.0587131 0.0599783 0.0573271 0.1355298 0.1247189 
Diceros_bicornis    0.0065035 0.0000000 0.0587432 0.0600090 0.0573563 0.1337587 0.1197423 
Equus_asinus        0.0587131 0.0587432 0.0000000 0.0009127 0.0041521 0.1324949 0.1246463 
Equus_quagga        0.0599783 0.0600090 0.0009127 0.0000000 0.0050869 0.1324571 0.1263227 
Equus_caballus      0.0573271 0.0573563 0.0041521 0.0050869 0.0000000 0.1329194 0.1259537 
Canis_lupus         0.1355298 0.1337587 0.1324949 0.1324571 0.1329194 0.0000000 0.1996249 
Bos_taurus          0.1247189 0.1197423 0.1246463 0.1263227 0.1259537 0.1996249 0.0000000 
