7
Ceratotherium_simum 0.0000000 0.0084203 0.0327839 0.0327839 0.0337111 0.0739216 0.0643575 
Diceros_bicornis    0.0084203 0.0000000 0.0361111 0.0361111 0.0370628 0.0762033 0.0703117 
Equus_asinus        0.0327839 0.0361111 0.0000000 0.0013694 0.0020625 0.0700935 0.0617229 
Equus_quagga        0.0327839 0.0361111 0.0013694 0.0000000 0.0034482 0.0719952 0.0635664 
Equus_caballus      0.0337111 0.0370628 0.0020625 0.0034482 0.0000000 0.0713683 0.0629117 
Canis_lupus         0.0739216 0.0762033 0.0700935 0.0719952 0.0713683 0.0000000 0.0932372 
Bos_taurus          0.0643575 0.0703117 0.0617229 0.0635664 0.0629117 0.0932372 0.0000000 
