7
Ceratotherium_simum 0.0000000 0.0033610 0.0906944 0.0922353 0.0922189 0.1098727 0.1696807 
Diceros_bicornis    0.0033610 0.0000000 0.0892455 0.0907816 0.0907656 0.1083618 0.1679767 
Equus_asinus        0.0906944 0.0892455 0.0000000 0.0011169 0.0011168 0.1159454 0.1823297 
Equus_quagga        0.0922353 0.0907816 0.0011169 0.0000000 0.0022380 0.1175898 0.1842857 
Equus_caballus      0.0922189 0.0907656 0.0011168 0.0022380 0.0000000 0.1175671 0.1842435 
Canis_lupus         0.1098727 0.1083618 0.1159454 0.1175898 0.1175671 0.0000000 0.1785527 
Bos_taurus          0.1696807 0.1679767 0.1823297 0.1842857 0.1842435 0.1785527 0.0000000 
