7
Ceratotherium_simum 0.0000000 0.0129637 0.1812586 0.1720012 0.1768313 0.3884741 0.5429550 
Diceros_bicornis    0.0129637 0.0000000 0.1755429 0.1663407 0.1711349 0.3816061 0.5373002 
Equus_asinus        0.1812586 0.1755429 0.0000000 0.0070382 0.0153000 0.3721380 0.5524544 
Equus_quagga        0.1720012 0.1663407 0.0070382 0.0000000 0.0153271 0.3673780 0.5409934 
Equus_caballus      0.1768313 0.1711349 0.0153000 0.0153271 0.0000000 0.3703721 0.5479117 
Canis_lupus         0.3884741 0.3816061 0.3721380 0.3673780 0.3703721 0.0000000 0.6581965 
Bos_taurus          0.5429550 0.5373002 0.5524544 0.5409934 0.5479117 0.6581965 0.0000000 
