7
Ceratotherium_simum 0.0000000 0.0174294 0.1313969 0.1342028 0.1355674 0.2534341 0.3351542 
Diceros_bicornis    0.0174294 0.0000000 0.1907136 0.1935044 0.1950872 0.2542940 0.3648362 
Equus_asinus        0.1313969 0.1907136 0.0000000 0.0122177 0.0167147 0.2672716 0.4245024 
Equus_quagga        0.1342028 0.1935044 0.0122177 0.0000000 0.0201173 0.2691071 0.4197787 
Equus_caballus      0.1355674 0.1950872 0.0167147 0.0201173 0.0000000 0.2775083 0.4352701 
Canis_lupus         0.2534341 0.2542940 0.2672716 0.2691071 0.2775083 0.0000000 0.3525765 
Bos_taurus          0.3351542 0.3648362 0.4245024 0.4197787 0.4352701 0.3525765 0.0000000 
