7
Ceratotherium_simum 0.0000000 0.0795042 0.2544702 0.1216879 0.2750579 0.3366814 0.6213751 
Diceros_bicornis    0.0795042 0.0000000 0.2482126 0.2406415 0.2690133 0.3477513 0.7454374 
Equus_asinus        0.2544702 0.2482126 0.0000000 0.0934094 0.0082888 0.3412258 0.7425378 
Equus_quagga        0.1216879 0.2406415 0.0934094 0.0000000 0.1054708 0.3400364 0.5596407 
Equus_caballus      0.2750579 0.2690133 0.0082888 0.1054708 0.0000000 0.3557153 0.7638287 
Canis_lupus         0.3366814 0.3477513 0.3412258 0.3400364 0.3557153 0.0000000 0.7423341 
Bos_taurus          0.6213751 0.7454374 0.7425378 0.5596407 0.7638287 0.7423341 0.0000000 
