7
Ceratotherium_simum 0.0000000 0.0445868 0.1170453 0.1134982 0.1126749 0.2019836 0.2639454 
Diceros_bicornis    0.0445868 0.0000000 0.0801025 0.0768020 0.0760172 0.1584579 0.2147633 
Equus_asinus        0.1170453 0.0801025 0.0000000 0.0044518 0.0074359 0.1616660 0.2099024 
Equus_quagga        0.1134982 0.0768020 0.0044518 0.0000000 0.0044522 0.1584264 0.2073610 
Equus_caballus      0.1126749 0.0760172 0.0074359 0.0044522 0.0000000 0.1575899 0.2069781 
Canis_lupus         0.2019836 0.1584579 0.1616660 0.1584264 0.1575899 0.0000000 0.2481107 
Bos_taurus          0.2639454 0.2147633 0.2099024 0.2073610 0.2069781 0.2481107 0.0000000 
