7
Ceratotherium_simum 0.0000000 0.0048288 0.0628120 0.0616936 0.0651534 0.1301174 0.1832203 
Diceros_bicornis    0.0048288 0.0000000 0.0616936 0.0605778 0.0651534 0.1287081 0.1802209 
Equus_asinus        0.0628120 0.0616936 0.0000000 0.0009615 0.0067855 0.1329455 0.1866549 
Equus_quagga        0.0616936 0.0605778 0.0009615 0.0000000 0.0077635 0.1329455 0.1851537 
Equus_caballus      0.0651534 0.0651534 0.0067855 0.0077635 0.0000000 0.1346160 0.1892998 
Canis_lupus         0.1301174 0.1287081 0.1329455 0.1329455 0.1346160 0.0000000 0.2187748 
Bos_taurus          0.1832203 0.1802209 0.1866549 0.1851537 0.1892998 0.2187748 0.0000000 
