7
Ceratotherium_simum 0.0000000 0.0254332 0.1258383 0.1286043 0.1090611 0.2797613 0.3461232 
Diceros_bicornis    0.0254332 0.0000000 0.1076902 0.1060844 0.1361495 0.2953780 0.3089624 
Equus_asinus        0.1258383 0.1076902 0.0000000 0.0030530 0.0274373 0.2858985 0.3033987 
Equus_quagga        0.1286043 0.1060844 0.0030530 0.0000000 0.0319565 0.2874127 0.3003940 
Equus_caballus      0.1090611 0.1361495 0.0274373 0.0319565 0.0000000 0.2851719 0.3449669 
Canis_lupus         0.2797613 0.2953780 0.2858985 0.2874127 0.2851719 0.0000000 0.3894421 
Bos_taurus          0.3461232 0.3089624 0.3033987 0.3003940 0.3449669 0.3894421 0.0000000 
