7
Ceratotherium_simum 0.0000000 0.0064330 0.0504704 0.0494753 0.0494759 0.1135254 0.1165936 
Diceros_bicornis    0.0064330 0.0000000 0.0505075 0.0495116 0.0495122 0.1136173 0.1166879 
Equus_asinus        0.0504704 0.0505075 0.0000000 0.0007992 0.0040134 0.1047066 0.1118220 
Equus_quagga        0.0494753 0.0495116 0.0007992 0.0000000 0.0032034 0.1048934 0.1105438 
Equus_caballus      0.0494759 0.0495122 0.0040134 0.0032034 0.0000000 0.1048950 0.1105454 
Canis_lupus         0.1135254 0.1136173 0.1047066 0.1048934 0.1048950 0.0000000 0.1374530 
Bos_taurus          0.1165936 0.1166879 0.1118220 0.1105438 0.1105454 0.1374530 0.0000000 
