7
Ceratotherium_simum 0.0000000 0.0070373 0.0699426 0.0654187 0.0671174 0.1223102 0.1174723 
Diceros_bicornis    0.0070373 0.0000000 0.0708697 0.0663332 0.0680354 0.1215173 0.1157512 
Equus_asinus        0.0699426 0.0708697 0.0000000 0.0062567 0.0062564 0.1309266 0.1298034 
Equus_quagga        0.0654187 0.0663332 0.0062567 0.0000000 0.0031109 0.1294451 0.1246263 
Equus_caballus      0.0671174 0.0680354 0.0062564 0.0031109 0.0000000 0.1294451 0.1236973 
Canis_lupus         0.1223102 0.1215173 0.1309266 0.1294451 0.1294451 0.0000000 0.1385771 
Bos_taurus          0.1174723 0.1157512 0.1298034 0.1246263 0.1236973 0.1385771 0.0000000 
