7
Ceratotherium_simum 0.0000000 0.0080731 0.0787693 0.0732965 0.0782473 0.1315690 0.0604079 
Diceros_bicornis    0.0080731 0.0000000 0.0495356 0.0495356 0.0495356 0.0778408 0.0726746 
Equus_asinus        0.0787693 0.0495356 0.0000000 0.0033861 0.0068378 0.2179710 0.0910279 
Equus_quagga        0.0732965 0.0495356 0.0033861 0.0000000 0.0033748 0.2070249 0.0910279 
Equus_caballus      0.0782473 0.0495356 0.0068378 0.0033748 0.0000000 0.2140098 0.0910279 
Canis_lupus         0.1315690 0.0778408 0.2179710 0.2070249 0.2140098 0.0000000 0.0966041 
Bos_taurus          0.0604079 0.0726746 0.0910279 0.0910279 0.0910279 0.0966041 0.0000000 
