7
Ceratotherium_simum 0.0000000 0.0357549 0.1780707 0.1888214 0.2282525 0.5486439 0.5215902 
Diceros_bicornis    0.0357549 0.0000000 0.2299295 0.2389581 0.1822483 0.5692831 0.4967088 
Equus_asinus        0.1780707 0.2299295 0.0000000 0.0025776 0.0307243 0.5390410 0.5220825 
Equus_quagga        0.1888214 0.2389581 0.0025776 0.0000000 0.0345410 0.5391644 0.5296617 
Equus_caballus      0.2282525 0.1822483 0.0307243 0.0345410 0.0000000 0.5568487 0.4778319 
Canis_lupus         0.5486439 0.5692831 0.5390410 0.5391644 0.5568487 0.0000000 0.7483502 
Bos_taurus          0.5215902 0.4967088 0.5220825 0.5296617 0.4778319 0.7483502 0.0000000 
