7
Ceratotherium_simum 0.0000000 0.0000010 0.1327564 0.1327564 0.1363320 0.2224838 0.1560655 
Diceros_bicornis    0.0000010 0.0000000 0.1327564 0.1327564 0.1363320 0.2224838 0.1560655 
Equus_asinus        0.1327564 0.1327564 0.0000000 0.0000010 0.0166768 0.2467778 0.1932649 
Equus_quagga        0.1327564 0.1327564 0.0000010 0.0000000 0.0166768 0.2467778 0.1932649 
Equus_caballus      0.1363320 0.1363320 0.0166768 0.0166768 0.0000000 0.2504025 0.2056312 
Canis_lupus         0.2224838 0.2224838 0.2467778 0.2467778 0.2504025 0.0000000 0.2559774 
Bos_taurus          0.1560655 0.1560655 0.1932649 0.1932649 0.2056312 0.2559774 0.0000000 
