7
Ceratotherium_simum 0.0000000 0.0133405 0.0674158 0.0674158 0.0709741 0.4747813 0.1222987 
Diceros_bicornis    0.0133405 0.0000000 0.0602528 0.0602528 0.0637858 0.4811677 0.1241850 
Equus_asinus        0.0674158 0.0602528 0.0000000 0.0000010 0.0066290 0.4800640 0.1180963 
Equus_quagga        0.0674158 0.0602528 0.0000010 0.0000000 0.0066290 0.4800640 0.1180963 
Equus_caballus      0.0709741 0.0637858 0.0066290 0.0066290 0.0000000 0.4827025 0.1218584 
Canis_lupus         0.4747813 0.4811677 0.4800640 0.4800640 0.4827025 0.0000000 0.5453997 
Bos_taurus          0.1222987 0.1241850 0.1180963 0.1180963 0.1218584 0.5453997 0.0000000 
