7
Ceratotherium_simum 0.0000000 0.0338827 0.2977549 0.3086534 0.2860203 0.5316555 0.6116758 
Diceros_bicornis    0.0338827 0.0000000 0.2801651 0.2970350 0.2771391 0.5085143 0.6342067 
Equus_asinus        0.2977549 0.2801651 0.0000000 0.0144040 0.0228379 0.5530779 0.5920537 
Equus_quagga        0.3086534 0.2970350 0.0144040 0.0000000 0.0292659 0.5499126 0.6089633 
Equus_caballus      0.2860203 0.2771391 0.0228379 0.0292659 0.0000000 0.5660389 0.5814870 
Canis_lupus         0.5316555 0.5085143 0.5530779 0.5499126 0.5660389 0.0000000 0.6933557 
Bos_taurus          0.6116758 0.6342067 0.5920537 0.6089633 0.5814870 0.6933557 0.0000000 
