7
Ceratotherium_simum 0.0000000 0.0150666 0.0872840 0.0816738 0.0816017 0.1245911 0.1535868 
Diceros_bicornis    0.0150666 0.0000000 0.0870000 0.0814070 0.0813354 0.1212916 0.1470990 
Equus_asinus        0.0872840 0.0870000 0.0000000 0.0049504 0.0099416 0.1353521 0.1603062 
Equus_quagga        0.0816738 0.0814070 0.0049504 0.0000000 0.0049518 0.1352028 0.1541455 
Equus_caballus      0.0816017 0.0813354 0.0099416 0.0049518 0.0000000 0.1350765 0.1480594 
Canis_lupus         0.1245911 0.1212916 0.1353521 0.1352028 0.1350765 0.0000000 0.1574654 
Bos_taurus          0.1535868 0.1470990 0.1603062 0.1541455 0.1480594 0.1574654 0.0000000 
