7
Ceratotherium_simum 0.0000000 0.0105335 0.0438064 0.0447155 0.0406824 0.0880981 0.1197935 
Diceros_bicornis    0.0105335 0.0000000 0.0431461 0.0440593 0.0400152 0.0848545 0.1145559 
Equus_asinus        0.0438064 0.0431461 0.0000000 0.0039596 0.0105090 0.0881088 0.1199405 
Equus_quagga        0.0447155 0.0440593 0.0039596 0.0000000 0.0113257 0.0891702 0.1210721 
Equus_caballus      0.0406824 0.0400152 0.0105090 0.0113257 0.0000000 0.0854068 0.1210838 
Canis_lupus         0.0880981 0.0848545 0.0881088 0.0891702 0.0854068 0.0000000 0.1553616 
Bos_taurus          0.1197935 0.1145559 0.1199405 0.1210721 0.1210838 0.1553616 0.0000000 
