7
Ceratotherium_simum 0.0000000 0.0285831 0.2032245 0.1950239 0.1876962 0.3441442 0.4563700 
Diceros_bicornis    0.0285831 0.0000000 0.2123704 0.2039758 0.1965136 0.3516947 0.4740235 
Equus_asinus        0.2032245 0.2123704 0.0000000 0.0056169 0.0169695 0.4146589 0.4937844 
Equus_quagga        0.1950239 0.2039758 0.0056169 0.0000000 0.0112355 0.4028928 0.4798392 
Equus_caballus      0.1876962 0.1965136 0.0169695 0.0112355 0.0000000 0.3936137 0.4783406 
Canis_lupus         0.3441442 0.3516947 0.4146589 0.4028928 0.3936137 0.0000000 0.6390818 
Bos_taurus          0.4563700 0.4740235 0.4937844 0.4798392 0.4783406 0.6390818 0.0000000 
