7
Ceratotherium_simum 0.0000000 0.0274732 0.0822697 0.0860302 0.0860574 0.1912331 0.2406867 
Diceros_bicornis    0.0274732 0.0000000 0.0906788 0.0945108 0.0945413 0.2111393 0.2625934 
Equus_asinus        0.0822697 0.0906788 0.0000000 0.0033236 0.0033245 0.1760845 0.1983316 
Equus_quagga        0.0860302 0.0945108 0.0033236 0.0000000 0.0066630 0.1718058 0.2027664 
Equus_caballus      0.0860574 0.0945413 0.0033245 0.0066630 0.0000000 0.1803703 0.2028458 
Canis_lupus         0.1912331 0.2111393 0.1760845 0.1718058 0.1803703 0.0000000 0.2678118 
Bos_taurus          0.2406867 0.2625934 0.1983316 0.2027664 0.2028458 0.2678118 0.0000000 
