7
Ceratotherium_simum 0.0000000 0.0104707 0.1383891 0.1357025 0.1374882 0.2751533 0.2613257 
Diceros_bicornis    0.0104707 0.0000000 0.1383881 0.1357015 0.1374872 0.2810227 0.2613238 
Equus_asinus        0.1383891 0.1383881 0.0000000 0.0052002 0.0052002 0.2817123 0.2828020 
Equus_quagga        0.1357025 0.1357015 0.0052002 0.0000000 0.0044550 0.2773686 0.2795388 
Equus_caballus      0.1374882 0.1374872 0.0052002 0.0044550 0.0000000 0.2795247 0.2817031 
Canis_lupus         0.2751533 0.2810227 0.2817123 0.2773686 0.2795247 0.0000000 0.3820630 
Bos_taurus          0.2613257 0.2613238 0.2828020 0.2795388 0.2817031 0.3820630 0.0000000 
