7
Ceratotherium_simum 0.0000000 0.0068627 0.0927850 0.0974105 0.0960767 0.2054977 0.1680792 
Diceros_bicornis    0.0068627 0.0000000 0.0939388 0.0985742 0.0972355 0.2042357 0.1693736 
Equus_asinus        0.0927850 0.0939388 0.0000000 0.0058682 0.0068388 0.2166410 0.1788882 
Equus_quagga        0.0974105 0.0985742 0.0058682 0.0000000 0.0107880 0.2181036 0.1841882 
Equus_caballus      0.0960767 0.0972355 0.0068388 0.0107880 0.0000000 0.2204516 0.1824903 
Canis_lupus         0.2054977 0.2042357 0.2166410 0.2181036 0.2204516 0.0000000 0.2374260 
Bos_taurus          0.1680792 0.1693736 0.1788882 0.1841882 0.1824903 0.2374260 0.0000000 
