7
Ceratotherium_simum 0.0000000 0.0101110 0.1294113 0.1222631 0.1226320 0.3485412 0.3370895 
Diceros_bicornis    0.0101110 0.0000000 0.1290318 0.1219072 0.1222738 0.3502603 0.3328394 
Equus_asinus        0.1294113 0.1290318 0.0000000 0.0060395 0.0244387 0.3608019 0.3660444 
Equus_quagga        0.1222631 0.1219072 0.0060395 0.0000000 0.0182670 0.3577126 0.3569037 
Equus_caballus      0.1226320 0.1222738 0.0244387 0.0182670 0.0000000 0.3677733 0.3575334 
Canis_lupus         0.3485412 0.3502603 0.3608019 0.3577126 0.3677733 0.0000000 0.4744204 
Bos_taurus          0.3370895 0.3328394 0.3660444 0.3569037 0.3575334 0.4744204 0.0000000 
