7
Ceratotherium_simum 0.0000000 0.0052403 0.4225261 0.3674616 0.3849845 0.7826694 0.7275441 
Diceros_bicornis    0.0052403 0.0000000 0.4225261 0.3674616 0.3849845 0.7826694 0.7275441 
Equus_asinus        0.4225261 0.4225261 0.0000000 0.0616808 0.0854302 0.5730565 1.0753163 
Equus_quagga        0.3674616 0.3674616 0.0616808 0.0000000 0.0211846 0.6315634 1.0036689 
Equus_caballus      0.3849845 0.3849845 0.0854302 0.0211846 0.0000000 0.6315634 1.0395154 
Canis_lupus         0.7826694 0.7826694 0.5730565 0.6315634 0.6315634 0.0000000 1.1881211 
Bos_taurus          0.7275441 0.7275441 1.0753163 1.0036689 1.0395154 1.1881211 0.0000000 
