7
Ceratotherium_simum 0.0000000 0.0471039 0.0988658 0.1521969 0.1489038 0.1188000 0.1111140 
Diceros_bicornis    0.0471039 0.0000000 0.1424171 0.0910192 0.0884126 0.1631832 0.1544627 
Equus_asinus        0.0988658 0.1424171 0.0000000 0.0506031 0.0484250 0.1275033 0.1324189 
Equus_quagga        0.1521969 0.0910192 0.0506031 0.0000000 0.0016880 0.1899546 0.1905121 
Equus_caballus      0.1489038 0.0884126 0.0484250 0.0016880 0.0000000 0.1864750 0.1872374 
Canis_lupus         0.1188000 0.1631832 0.1275033 0.1899546 0.1864750 0.0000000 0.1270386 
Bos_taurus          0.1111140 0.1544627 0.1324189 0.1905121 0.1872374 0.1270386 0.0000000 
