7
Ceratotherium_simum 0.0000000 0.0137803 0.0372863 0.0559874 0.0407228 0.1164883 0.0869528 
Diceros_bicornis    0.0137803 0.0000000 0.0548594 0.0385340 0.0587465 0.1138640 0.1109269 
Equus_asinus        0.0372863 0.0548594 0.0000000 0.0127731 0.0025145 0.1303945 0.0828665 
Equus_quagga        0.0559874 0.0385340 0.0127731 0.0000000 0.0156792 0.1278915 0.1073240 
Equus_caballus      0.0407228 0.0587465 0.0025145 0.0156792 0.0000000 0.1323715 0.0874008 
Canis_lupus         0.1164883 0.1138640 0.1303945 0.1278915 0.1323715 0.0000000 0.1381932 
Bos_taurus          0.0869528 0.1109269 0.0828665 0.1073240 0.0874008 0.1381932 0.0000000 
