7
Ceratotherium_simum 0.0000000 0.0074897 0.0937434 0.0893364 0.0892990 0.1431138 0.1775651 
Diceros_bicornis    0.0074897 0.0000000 0.0864027 0.0826364 0.0818459 0.1373328 0.1633270 
Equus_asinus        0.0937434 0.0864027 0.0000000 0.0051817 0.0097396 0.1469248 0.1880701 
Equus_quagga        0.0893364 0.0826364 0.0051817 0.0000000 0.0058311 0.1422660 0.1811646 
Equus_caballus      0.0892990 0.0818459 0.0097396 0.0058311 0.0000000 0.1422469 0.1830410 
Canis_lupus         0.1431138 0.1373328 0.1469248 0.1422660 0.1422469 0.0000000 0.2118918 
Bos_taurus          0.1775651 0.1633270 0.1880701 0.1811646 0.1830410 0.2118918 0.0000000 
