7
Ceratotherium_simum 0.0000000 0.0109879 0.1437563 0.1437563 0.1369962 0.3689512 0.3843994 
Diceros_bicornis    0.0109879 0.0000000 0.1423115 0.1423115 0.1356381 0.3460931 0.3771431 
Equus_asinus        0.1437563 0.1423115 0.0000000 0.0000010 0.0054262 0.3228925 0.3720934 
Equus_quagga        0.1437563 0.1423115 0.0000010 0.0000000 0.0054262 0.3228925 0.3720934 
Equus_caballus      0.1369962 0.1356381 0.0054262 0.0054262 0.0000000 0.3149808 0.3635517 
Canis_lupus         0.3689512 0.3460931 0.3228925 0.3228925 0.3149808 0.0000000 0.5447347 
Bos_taurus          0.3843994 0.3771431 0.3720934 0.3720934 0.3635517 0.5447347 0.0000000 
