7
Ceratotherium_simum 0.0000000 0.0765011 0.0826499 0.0826499 0.0810503 0.0829038 0.0956494 
Diceros_bicornis    0.0765011 0.0000000 0.0081732 0.0081732 0.0069968 0.0070156 0.0200683 
Equus_asinus        0.0826499 0.0081732 0.0000000 0.0000010 0.0011612 0.0129145 0.0224676 
Equus_quagga        0.0826499 0.0081732 0.0000010 0.0000000 0.0011612 0.0129145 0.0224676 
Equus_caballus      0.0810503 0.0069968 0.0011612 0.0011612 0.0000000 0.0117266 0.0224481 
Canis_lupus         0.0829038 0.0070156 0.0129145 0.0129145 0.0117266 0.0000000 0.0176709 
Bos_taurus          0.0956494 0.0200683 0.0224676 0.0224676 0.0224481 0.0176709 0.0000000 
