7
Ceratotherium_simum 0.0000000 0.0148732 0.2676828 0.2676350 0.2680796 0.3474945 0.4415317 
Diceros_bicornis    0.0148732 0.0000000 0.2654519 0.2640268 0.2652785 0.3538705 0.4567572 
Equus_asinus        0.2676828 0.2654519 0.0000000 0.0059373 0.0167143 0.4121052 0.5282266 
Equus_quagga        0.2676350 0.2640268 0.0059373 0.0000000 0.0156885 0.4136594 0.5329654 
Equus_caballus      0.2680796 0.2652785 0.0167143 0.0156885 0.0000000 0.4168036 0.5329598 
Canis_lupus         0.3474945 0.3538705 0.4121052 0.4136594 0.4168036 0.0000000 0.5326073 
Bos_taurus          0.4415317 0.4567572 0.5282266 0.5329654 0.5329598 0.5326073 0.0000000 
