7
Ceratotherium_simum 0.0000000 0.0077313 0.0446828 0.0452227 0.0444244 0.0949095 0.1188508 
Diceros_bicornis    0.0077313 0.0000000 0.0528885 0.0515069 0.0529002 0.1033498 0.1297690 
Equus_asinus        0.0446828 0.0528885 0.0000000 0.0010736 0.0023265 0.1073709 0.1317998 
Equus_quagga        0.0452227 0.0515069 0.0010736 0.0000000 0.0021526 0.1077362 0.1341755 
Equus_caballus      0.0444244 0.0529002 0.0023265 0.0021526 0.0000000 0.1063946 0.1317296 
Canis_lupus         0.0949095 0.1033498 0.1073709 0.1077362 0.1063946 0.0000000 0.1443251 
Bos_taurus          0.1188508 0.1297690 0.1317998 0.1341755 0.1317296 0.1443251 0.0000000 
