7
Ceratotherium_simum 0.0000000 0.0092816 0.0884618 0.0844374 0.0896857 0.1676157 0.2303035 
Diceros_bicornis    0.0092816 0.0000000 0.0883604 0.0843414 0.0895828 0.1644851 0.2268014 
Equus_asinus        0.0884618 0.0883604 0.0000000 0.0057859 0.0104643 0.1671874 0.2366378 
Equus_quagga        0.0844374 0.0843414 0.0057859 0.0000000 0.0116260 0.1611955 0.2299629 
Equus_caballus      0.0896857 0.0895828 0.0104643 0.0116260 0.0000000 0.1684399 0.2362946 
Canis_lupus         0.1676157 0.1644851 0.1671874 0.1611955 0.1684399 0.0000000 0.2440462 
Bos_taurus          0.2303035 0.2268014 0.2366378 0.2299629 0.2362946 0.2440462 0.0000000 
