7
Ceratotherium_simum 0.0000000 0.0073948 0.0771125 0.0764211 0.0765160 0.1150362 0.1213252 
Diceros_bicornis    0.0073948 0.0000000 0.0791062 0.0784067 0.0797084 0.1184140 0.1220126 
Equus_asinus        0.0771125 0.0791062 0.0000000 0.0032035 0.0083481 0.1246729 0.1370501 
Equus_quagga        0.0764211 0.0784067 0.0032035 0.0000000 0.0078706 0.1244878 0.1361167 
Equus_caballus      0.0765160 0.0797084 0.0083481 0.0078706 0.0000000 0.1243033 0.1348834 
Canis_lupus         0.1150362 0.1184140 0.1246729 0.1244878 0.1243033 0.0000000 0.1522107 
Bos_taurus          0.1213252 0.1220126 0.1370501 0.1361167 0.1348834 0.1522107 0.0000000 
