7
Ceratotherium_simum 0.0000000 0.0064934 0.0974482 0.0604724 0.0605063 0.1071975 0.1100284 
Diceros_bicornis    0.0064934 0.0000000 0.0929945 0.0565784 0.0571260 0.1045520 0.1049147 
Equus_asinus        0.0974482 0.0929945 0.0000000 0.0326940 0.0359806 0.1511615 0.1490054 
Equus_quagga        0.0604724 0.0565784 0.0326940 0.0000000 0.0058283 0.1192172 0.1222421 
Equus_caballus      0.0605063 0.0571260 0.0359806 0.0058283 0.0000000 0.1201293 0.1232525 
Canis_lupus         0.1071975 0.1045520 0.1511615 0.1192172 0.1201293 0.0000000 0.1314910 
Bos_taurus          0.1100284 0.1049147 0.1490054 0.1222421 0.1232525 0.1314910 0.0000000 
