7
Ceratotherium_simum 0.0000000 0.0054851 0.1236731 0.1186470 0.1178093 0.3148100 0.2201519 
Diceros_bicornis    0.0054851 0.0000000 0.1255318 0.1204896 0.1196514 0.3122914 0.2168898 
Equus_asinus        0.1236731 0.1255318 0.0000000 0.0070707 0.0141917 0.3348953 0.2487933 
Equus_quagga        0.1186470 0.1204896 0.0070707 0.0000000 0.0133836 0.3282804 0.2455241 
Equus_caballus      0.1178093 0.1196514 0.0141917 0.0133836 0.0000000 0.3273423 0.2412436 
Canis_lupus         0.3148100 0.3122914 0.3348953 0.3282804 0.3273423 0.0000000 0.3339237 
Bos_taurus          0.2201519 0.2168898 0.2487933 0.2455241 0.2412436 0.3339237 0.0000000 
