7
Ceratotherium_simum 0.0000000 0.0152685 0.1056085 0.1039196 0.1046168 0.5632839 0.2391929 
Diceros_bicornis    0.0152685 0.0000000 0.1002990 0.0986225 0.0993216 0.5635138 0.2349022 
Equus_asinus        0.1056085 0.1002990 0.0000000 0.0075945 0.0124794 0.6032334 0.2678425 
Equus_quagga        0.1039196 0.0986225 0.0075945 0.0000000 0.0103865 0.6045277 0.2675400 
Equus_caballus      0.1046168 0.0993216 0.0124794 0.0103865 0.0000000 0.5979071 0.2628724 
Canis_lupus         0.5632839 0.5635138 0.6032334 0.6045277 0.5979071 0.0000000 0.6521873 
Bos_taurus          0.2391929 0.2349022 0.2678425 0.2675400 0.2628724 0.6521873 0.0000000 
