7
Ceratotherium_simum 0.0000000 0.0137540 0.1689851 0.1710940 0.1670237 0.2202247 0.1831003 
Diceros_bicornis    0.0137540 0.0000000 0.1751522 0.1773064 0.1731532 0.2215419 0.1829118 
Equus_asinus        0.1689851 0.1751522 0.0000000 0.0091452 0.0114355 0.2611662 0.2352126 
Equus_quagga        0.1710940 0.1773064 0.0091452 0.0000000 0.0137822 0.2640050 0.2378059 
Equus_caballus      0.1670237 0.1731532 0.0114355 0.0137822 0.0000000 0.2586073 0.2328544 
Canis_lupus         0.2202247 0.2215419 0.2611662 0.2640050 0.2586073 0.0000000 0.2284414 
Bos_taurus          0.1831003 0.1829118 0.2352126 0.2378059 0.2328544 0.2284414 0.0000000 
