7
Ceratotherium_simum 0.0000000 0.0258364 0.0478200 0.0658481 0.0465840 0.1584963 0.1612390 
Diceros_bicornis    0.0258364 0.0000000 0.0284693 0.0301816 0.0254648 0.1389961 0.1433401 
Equus_asinus        0.0478200 0.0284693 0.0000000 0.0017401 0.0058005 0.1439794 0.1494498 
Equus_quagga        0.0658481 0.0301816 0.0017401 0.0000000 0.0034851 0.1827548 0.1765751 
Equus_caballus      0.0465840 0.0254648 0.0058005 0.0034851 0.0000000 0.1415787 0.1470319 
Canis_lupus         0.1584963 0.1389961 0.1439794 0.1827548 0.1415787 0.0000000 0.0206546 
Bos_taurus          0.1612390 0.1433401 0.1494498 0.1765751 0.1470319 0.0206546 0.0000000 
