7
Ceratotherium_simum 0.0000000 0.0064507 0.0519033 0.0505256 0.0491655 0.1071279 0.0688934 
Diceros_bicornis    0.0064507 0.0000000 0.0532670 0.0518871 0.0505254 0.1085908 0.0674809 
Equus_asinus        0.0519033 0.0532670 0.0000000 0.0012829 0.0025693 0.1210557 0.0789623 
Equus_quagga        0.0505256 0.0518871 0.0012829 0.0000000 0.0012829 0.1225449 0.0803747 
Equus_caballus      0.0491655 0.0505254 0.0025693 0.0012829 0.0000000 0.1240784 0.0818163 
Canis_lupus         0.1071279 0.1085908 0.1210557 0.1225449 0.1240784 0.0000000 0.0969862 
Bos_taurus          0.0688934 0.0674809 0.0789623 0.0803747 0.0818163 0.0969862 0.0000000 
