7
Ceratotherium_simum 0.0000000 0.0061071 0.1011539 0.1011539 0.1011741 0.1414988 0.3743686 
Diceros_bicornis    0.0061071 0.0000000 0.1035244 0.1035244 0.1035450 0.1488946 0.3780537 
Equus_asinus        0.1011539 0.1035244 0.0000000 0.0040697 0.0081600 0.1648661 0.3626351 
Equus_quagga        0.1011539 0.1035244 0.0040697 0.0000000 0.0081600 0.1648661 0.3560730 
Equus_caballus      0.1011741 0.1035450 0.0081600 0.0081600 0.0000000 0.1648997 0.3627209 
Canis_lupus         0.1414988 0.1488946 0.1648661 0.1648661 0.1648997 0.0000000 0.4088218 
Bos_taurus          0.3743686 0.3780537 0.3626351 0.3560730 0.3627209 0.4088218 0.0000000 
