7
Ceratotherium_simum 0.0000000 0.0593884 0.3664912 0.3755395 0.3683785 0.7119347 0.7626012 
Diceros_bicornis    0.0593884 0.0000000 0.4189472 0.4285091 0.4212670 0.7054529 0.7386723 
Equus_asinus        0.3664912 0.4189472 0.0000000 0.0142742 0.0492333 0.6847834 0.7678880 
Equus_quagga        0.3755395 0.4285091 0.0142742 0.0000000 0.0544248 0.7016411 0.7681333 
Equus_caballus      0.3683785 0.4212670 0.0492333 0.0544248 0.0000000 0.6645101 0.8059522 
Canis_lupus         0.7119347 0.7054529 0.6847834 0.7016411 0.6645101 0.0000000 0.9568607 
Bos_taurus          0.7626012 0.7386723 0.7678880 0.7681333 0.8059522 0.9568607 0.0000000 
