7
Ceratotherium_simum 0.0000000 0.0110982 0.0907260 0.0907319 0.0931476 0.1342824 0.1739201 
Diceros_bicornis    0.0110982 0.0000000 0.0907001 0.0907060 0.0924332 0.1355306 0.1710267 
Equus_asinus        0.0907260 0.0907001 0.0000000 0.0024651 0.0066108 0.1453932 0.1839388 
Equus_quagga        0.0907319 0.0907060 0.0024651 0.0000000 0.0074451 0.1459228 0.1839469 
Equus_caballus      0.0931476 0.0924332 0.0066108 0.0074451 0.0000000 0.1453994 0.1855555 
Canis_lupus         0.1342824 0.1355306 0.1453932 0.1459228 0.1453994 0.0000000 0.1855833 
Bos_taurus          0.1739201 0.1710267 0.1839388 0.1839469 0.1855555 0.1855833 0.0000000 
