7
Ceratotherium_simum 0.0000000 5.8497840 6.2137160 6.2258751 6.0734676 6.1991351 6.5634272 
Diceros_bicornis    5.8497840 0.0000000 0.1206681 0.0968020 0.1177206 0.1481393 0.1516937 
Equus_asinus        6.2137160 0.1206681 0.0000000 0.1070765 0.0042531 0.1596119 0.1671561 
Equus_quagga        6.2258751 0.0968020 0.1070765 0.0000000 0.1068591 0.1427554 0.1457052 
Equus_caballus      6.0734676 0.1177206 0.0042531 0.1068591 0.0000000 0.1592907 0.1668216 
Canis_lupus         6.1991351 0.1481393 0.1596119 0.1427554 0.1592907 0.0000000 0.1655020 
Bos_taurus          6.5634272 0.1516937 0.1671561 0.1457052 0.1668216 0.1655020 0.0000000 
