7
Ceratotherium_simum 0.0000000 0.0718154 0.2174123 0.2174270 0.2133279 0.3500666 0.3838510 
Diceros_bicornis    0.0718154 0.0000000 0.3112651 0.3112905 0.3065623 0.3438445 0.3926060 
Equus_asinus        0.2174123 0.3112651 0.0000000 0.0030779 0.0077139 0.4028216 0.4248448 
Equus_quagga        0.2174270 0.3112905 0.0030779 0.0000000 0.0077142 0.4028605 0.4248880 
Equus_caballus      0.2133279 0.3065623 0.0077139 0.0077142 0.0000000 0.3974959 0.4220814 
Canis_lupus         0.3500666 0.3438445 0.4028216 0.4028605 0.3974959 0.0000000 0.4955777 
Bos_taurus          0.3838510 0.3926060 0.4248448 0.4248880 0.4220814 0.4955777 0.0000000 
