7
Ceratotherium_simum 0.0000000 0.0176959 0.1494149 0.1472651 0.1451204 0.3296088 0.3773614 
Diceros_bicornis    0.0176959 0.0000000 0.1444489 0.1426594 0.1410459 0.3168739 0.3413360 
Equus_asinus        0.1494149 0.1444489 0.0000000 0.0029412 0.0059001 0.3758155 0.3592060 
Equus_quagga        0.1472651 0.1426594 0.0029412 0.0000000 0.0059001 0.3782110 0.3615976 
Equus_caballus      0.1451204 0.1410459 0.0059001 0.0059001 0.0000000 0.3787688 0.3597377 
Canis_lupus         0.3296088 0.3168739 0.3758155 0.3782110 0.3787688 0.0000000 0.4375860 
Bos_taurus          0.3773614 0.3413360 0.3592060 0.3615976 0.3597377 0.4375860 0.0000000 
