7
Ceratotherium_simum 0.0000000 0.0079565 0.0619576 0.0619576 0.0628325 0.1004333 0.1381774 
Diceros_bicornis    0.0079565 0.0000000 0.0622287 0.0622287 0.0631082 0.1030087 0.1381702 
Equus_asinus        0.0619576 0.0622287 0.0000000 0.0000010 0.0050479 0.0958250 0.1359951 
Equus_quagga        0.0619576 0.0622287 0.0000010 0.0000000 0.0050479 0.0958250 0.1359951 
Equus_caballus      0.0628325 0.0631082 0.0050479 0.0050479 0.0000000 0.0998558 0.1370627 
Canis_lupus         0.1004333 0.1030087 0.0958250 0.0958250 0.0998558 0.0000000 0.1413832 
Bos_taurus          0.1381774 0.1381702 0.1359951 0.1359951 0.1370627 0.1413832 0.0000000 
