7
Ceratotherium_simum 0.0000000 0.0053670 0.0431005 0.0440117 0.0430388 0.0890651 0.0982394 
Diceros_bicornis    0.0053670 0.0000000 0.0443587 0.0452752 0.0442950 0.0889252 0.0991165 
Equus_asinus        0.0431005 0.0443587 0.0000000 0.0014824 0.0044763 0.0878514 0.0975973 
Equus_quagga        0.0440117 0.0452752 0.0014824 0.0000000 0.0054827 0.0896608 0.0997353 
Equus_caballus      0.0430388 0.0442950 0.0044763 0.0054827 0.0000000 0.0887187 0.0982680 
Canis_lupus         0.0890651 0.0889252 0.0878514 0.0896608 0.0887187 0.0000000 0.1144809 
Bos_taurus          0.0982394 0.0991165 0.0975973 0.0997353 0.0982680 0.1144809 0.0000000 
