7
Ceratotherium_simum 0.0000000 0.0155842 0.1674055 0.1702344 0.1681352 0.2707861 0.1966218 
Diceros_bicornis    0.0155842 0.0000000 0.1674055 0.1702344 0.1730863 0.2794232 0.2069333 
Equus_asinus        0.1674055 0.1674055 0.0000000 0.0058136 0.0156341 0.2981755 0.2385805 
Equus_quagga        0.1702344 0.1702344 0.0058136 0.0000000 0.0176406 0.2960861 0.2418695 
Equus_caballus      0.1681352 0.1730863 0.0156341 0.0176406 0.0000000 0.2894358 0.2397725 
Canis_lupus         0.2707861 0.2794232 0.2981755 0.2960861 0.2894358 0.0000000 0.2907198 
Bos_taurus          0.1966218 0.2069333 0.2385805 0.2418695 0.2397725 0.2907198 0.0000000 
