7
Ceratotherium_simum 0.0000000 0.0020480 0.0408763 0.0428670 0.0408763 0.0698920 0.0870900 
Diceros_bicornis    0.0020480 0.0000000 0.0361698 0.0364491 0.0372092 0.0648499 0.0823848 
Equus_asinus        0.0408763 0.0361698 0.0000000 0.0011056 0.0008651 0.0695556 0.0890874 
Equus_quagga        0.0428670 0.0364491 0.0011056 0.0000000 0.0022174 0.0635242 0.0854007 
Equus_caballus      0.0408763 0.0372092 0.0008651 0.0022174 0.0000000 0.0683024 0.0904247 
Canis_lupus         0.0698920 0.0648499 0.0695556 0.0635242 0.0683024 0.0000000 0.1011437 
Bos_taurus          0.0870900 0.0823848 0.0890874 0.0854007 0.0904247 0.1011437 0.0000000 
