7
Ceratotherium_simum 0.0000000 0.0051221 0.0591272 0.0604929 0.0614578 0.1079901 0.0976101 
Diceros_bicornis    0.0051221 0.0000000 0.0593945 0.0607019 0.0616260 0.1094687 0.0991479 
Equus_asinus        0.0591272 0.0593945 0.0000000 0.0023142 0.0032627 0.1016591 0.0950336 
Equus_quagga        0.0604929 0.0607019 0.0023142 0.0000000 0.0042060 0.1043264 0.0951905 
Equus_caballus      0.0614578 0.0616260 0.0032627 0.0042060 0.0000000 0.1041907 0.0958509 
Canis_lupus         0.1079901 0.1094687 0.1016591 0.1043264 0.1041907 0.0000000 0.1085023 
Bos_taurus          0.0976101 0.0991479 0.0950336 0.0951905 0.0958509 0.1085023 0.0000000 
