7
Ceratotherium_simum 0.0000000 0.0051123 0.1266415 0.1255574 0.0436243 0.0666865 0.0768639 
Diceros_bicornis    0.0051123 0.0000000 0.1257104 0.1246267 0.0428409 0.0639322 0.0760451 
Equus_asinus        0.1266415 0.1257104 0.0000000 0.0029070 0.0847830 0.1617139 0.1863438 
Equus_quagga        0.1255574 0.1246267 0.0029070 0.0000000 0.0838031 0.1605400 0.1851167 
Equus_caballus      0.0436243 0.0428409 0.0847830 0.0838031 0.0000000 0.0711042 0.0871019 
Canis_lupus         0.0666865 0.0639322 0.1617139 0.1605400 0.0711042 0.0000000 0.0844158 
Bos_taurus          0.0768639 0.0760451 0.1863438 0.1851167 0.0871019 0.0844158 0.0000000 
