7
Ceratotherium_simum 0.0000000 0.0094330 0.1396561 0.1354362 0.1353721 0.2733936 0.3224624 
Diceros_bicornis    0.0094330 0.0000000 0.1433522 0.1391059 0.1390398 0.2776707 0.3269611 
Equus_asinus        0.1396561 0.1433522 0.0000000 0.0094256 0.0289520 0.3380888 0.3789124 
Equus_quagga        0.1354362 0.1391059 0.0094256 0.0000000 0.0256155 0.3218166 0.3615971 
Equus_caballus      0.1353721 0.1390398 0.0289520 0.0256155 0.0000000 0.3316823 0.3821030 
Canis_lupus         0.2733936 0.2776707 0.3380888 0.3218166 0.3316823 0.0000000 0.4781736 
Bos_taurus          0.3224624 0.3269611 0.3789124 0.3615971 0.3821030 0.4781736 0.0000000 
