7
Ceratotherium_simum 0.0000000 0.0051047 0.0529312 0.0549193 0.0810434 0.0877463 0.1256960 
Diceros_bicornis    0.0051047 0.0000000 0.0525305 0.0545035 0.0804122 0.0839492 0.1231370 
Equus_asinus        0.0529312 0.0525305 0.0000000 0.0031417 0.0271254 0.0908954 0.1253062 
Equus_quagga        0.0549193 0.0545035 0.0031417 0.0000000 0.0270799 0.0922326 0.1274663 
Equus_caballus      0.0810434 0.0804122 0.0271254 0.0270799 0.0000000 0.1190474 0.1554298 
Canis_lupus         0.0877463 0.0839492 0.0908954 0.0922326 0.1190474 0.0000000 0.1253282 
Bos_taurus          0.1256960 0.1231370 0.1253062 0.1274663 0.1554298 0.1253282 0.0000000 
