7
Ceratotherium_simum 0.0000000 0.0183711 0.1889490 0.1635497 0.1623305 0.2682481 0.3876616 
Diceros_bicornis    0.0183711 0.0000000 0.1889490 0.1635497 0.1623305 0.2682481 0.3876616 
Equus_asinus        0.1889490 0.1889490 0.0000000 0.0185928 0.0378070 0.2299625 0.3572863 
Equus_quagga        0.1635497 0.1635497 0.0185928 0.0000000 0.0184813 0.2022086 0.3228043 
Equus_caballus      0.1623305 0.1623305 0.0378070 0.0184813 0.0000000 0.2005824 0.3196830 
Canis_lupus         0.2682481 0.2682481 0.2299625 0.2022086 0.2005824 0.0000000 0.3094063 
Bos_taurus          0.3876616 0.3876616 0.3572863 0.3228043 0.3196830 0.3094063 0.0000000 
