7
Ceratotherium_simum 0.0000000 0.0126990 0.2212122 0.2284086 0.2186162 0.2857304 0.3743767 
Diceros_bicornis    0.0126990 0.0000000 0.2287451 0.2337010 0.2261152 0.2935323 0.3845009 
Equus_asinus        0.2212122 0.2287451 0.0000000 0.0090947 0.0090806 0.3862721 0.5031119 
Equus_quagga        0.2284086 0.2337010 0.0090947 0.0000000 0.0109135 0.3953003 0.5135709 
Equus_caballus      0.2186162 0.2261152 0.0090806 0.0109135 0.0000000 0.3828075 0.4989158 
Canis_lupus         0.2857304 0.2935323 0.3862721 0.3953003 0.3828075 0.0000000 0.4152473 
Bos_taurus          0.3743767 0.3845009 0.5031119 0.5135709 0.4989158 0.4152473 0.0000000 
