7
Ceratotherium_simum 0.0000000 0.0036983 0.0450273 0.0470583 0.0484254 0.1011290 0.0893604 
Diceros_bicornis    0.0036983 0.0000000 0.0444494 0.0464788 0.0478449 0.1038891 0.0909361 
Equus_asinus        0.0450273 0.0444494 0.0000000 0.0026394 0.0026394 0.1089408 0.0984239 
Equus_quagga        0.0470583 0.0464788 0.0026394 0.0000000 0.0053235 0.1084994 0.1010761 
Equus_caballus      0.0484254 0.0478449 0.0026394 0.0053235 0.0000000 0.1127308 0.1007917 
Canis_lupus         0.1011290 0.1038891 0.1089408 0.1084994 0.1127308 0.0000000 0.1282910 
Bos_taurus          0.0893604 0.0909361 0.0984239 0.1010761 0.1007917 0.1282910 0.0000000 
