7
Ceratotherium_simum 0.0000000 0.0098093 0.2577919 0.0652442 0.0652442 0.2916655 0.3784397 
Diceros_bicornis    0.0098093 0.0000000 0.2605921 0.0673590 0.0673590 0.2945491 0.3877719 
Equus_asinus        0.2577919 0.2605921 0.0000000 0.1727795 0.1727795 0.1021618 0.1549490 
Equus_quagga        0.0652442 0.0673590 0.1727795 0.0000000 0.0000010 0.3075277 0.3798581 
Equus_caballus      0.0652442 0.0673590 0.1727795 0.0000010 0.0000000 0.3075277 0.3798581 
Canis_lupus         0.2916655 0.2945491 0.1021618 0.3075277 0.3075277 0.0000000 0.1600429 
Bos_taurus          0.3784397 0.3877719 0.1549490 0.3798581 0.3798581 0.1600429 0.0000000 
