7
Ceratotherium_simum 0.0000000 0.0523682 0.2685939 0.2685939 0.2807519 0.4295376 0.3876355 
Diceros_bicornis    0.0523682 0.0000000 0.2781523 0.2781523 0.2905785 0.4182431 0.3838184 
Equus_asinus        0.2685939 0.2781523 0.0000000 0.0042126 0.0257347 0.4462059 0.3717216 
Equus_quagga        0.2685939 0.2781523 0.0042126 0.0000000 0.0213968 0.4462059 0.3717216 
Equus_caballus      0.2807519 0.2905785 0.0257347 0.0213968 0.0000000 0.4472720 0.3757340 
Canis_lupus         0.4295376 0.4182431 0.4462059 0.4462059 0.4472720 0.0000000 0.4620160 
Bos_taurus          0.3876355 0.3838184 0.3717216 0.3717216 0.3757340 0.4620160 0.0000000 
