7
Ceratotherium_simum 0.0000000 0.1657022 0.0481441 0.0481441 0.0459041 0.0573808 0.0554782 
Diceros_bicornis    0.1657022 0.0000000 0.2183148 0.2183148 0.2155060 0.2221533 0.2104891 
Equus_asinus        0.0481441 0.2183148 0.0000000 0.0000010 0.0021254 0.0708838 0.0761162 
Equus_quagga        0.0481441 0.2183148 0.0000010 0.0000000 0.0021254 0.0708838 0.0761162 
Equus_caballus      0.0459041 0.2155060 0.0021254 0.0021254 0.0000000 0.0685899 0.0784462 
Canis_lupus         0.0573808 0.2221533 0.0708838 0.0708838 0.0685899 0.0000000 0.0667965 
Bos_taurus          0.0554782 0.2104891 0.0761162 0.0761162 0.0784462 0.0667965 0.0000000 
