7
Ceratotherium_simum 0.0000000 0.0056586 0.0482161 0.0448794 0.0449544 0.1140605 0.0848121 
Diceros_bicornis    0.0056586 0.0000000 0.0430804 0.0414382 0.0415064 0.1064312 0.0789149 
Equus_asinus        0.0482161 0.0430804 0.0000000 0.0028080 0.0056507 0.1122380 0.0966269 
Equus_quagga        0.0448794 0.0414382 0.0028080 0.0000000 0.0028120 0.1122380 0.0966269 
Equus_caballus      0.0449544 0.0415064 0.0056507 0.0028120 0.0000000 0.1124797 0.0968229 
Canis_lupus         0.1140605 0.1064312 0.1122380 0.1122380 0.1124797 0.0000000 0.1277733 
Bos_taurus          0.0848121 0.0789149 0.0966269 0.0966269 0.0968229 0.1277733 0.0000000 
