7
Ceratotherium_simum 0.0000000 0.0162241 0.2368886 0.2368886 0.2368886 0.5374942 0.4481938 
Diceros_bicornis    0.0162241 0.0000000 0.2445042 0.2445042 0.2445042 0.5382097 0.4399427 
Equus_asinus        0.2368886 0.2445042 0.0000000 0.0000010 0.0053281 0.4901653 0.4291707 
Equus_quagga        0.2368886 0.2445042 0.0000010 0.0000000 0.0053281 0.4901653 0.4291707 
Equus_caballus      0.2368886 0.2445042 0.0053281 0.0053281 0.0000000 0.4901653 0.4291707 
Canis_lupus         0.5374942 0.5382097 0.4901653 0.4901653 0.4901653 0.0000000 0.5456338 
Bos_taurus          0.4481938 0.4399427 0.4291707 0.4291707 0.4291707 0.5456338 0.0000000 
