7
Ceratotherium_simum 0.0000000 0.0033679 0.1057280 0.1016743 0.1016540 0.2280079 0.2738901 
Diceros_bicornis    0.0033679 0.0000000 0.1098375 0.1057508 0.1057293 0.2335099 0.2761133 
Equus_asinus        0.1057280 0.1098375 0.0000000 0.0033691 0.0101504 0.2757871 0.3210104 
Equus_quagga        0.1016743 0.1057508 0.0033691 0.0000000 0.0067416 0.2725659 0.3232905 
Equus_caballus      0.1016540 0.1057293 0.0101504 0.0067416 0.0000000 0.2777596 0.3234176 
Canis_lupus         0.2280079 0.2335099 0.2757871 0.2725659 0.2777596 0.0000000 0.3764039 
Bos_taurus          0.2738901 0.2761133 0.3210104 0.3232905 0.3234176 0.3764039 0.0000000 
