7
Ceratotherium_simum 0.0000000 0.0021676 0.0332443 0.0309853 0.0355064 0.0332442 0.0633592 
Diceros_bicornis    0.0021676 0.0000000 0.0355080 0.0332428 0.0377760 0.0355078 0.0657123 
Equus_asinus        0.0332443 0.0355080 0.0000000 0.0021681 0.0065211 0.0264711 0.0516135 
Equus_quagga        0.0309853 0.0332428 0.0021681 0.0000000 0.0043416 0.0242321 0.0493002 
Equus_caballus      0.0355064 0.0377760 0.0065211 0.0043416 0.0000000 0.0287139 0.0539283 
Canis_lupus         0.0332442 0.0355078 0.0264711 0.0242321 0.0287139 0.0000000 0.0516105 
Bos_taurus          0.0633592 0.0657123 0.0516135 0.0493002 0.0539283 0.0516105 0.0000000 
