7
Ceratotherium_simum 0.0000000 0.0172784 0.1386831 0.1394863 0.0856082 0.0918573 0.1116527 
Diceros_bicornis    0.0172784 0.0000000 0.1477608 0.1485871 0.0933803 0.0892344 0.1075954 
Equus_asinus        0.1386831 0.1477608 0.0000000 0.0014802 0.0731135 0.1772160 0.1994982 
Equus_quagga        0.1394863 0.1485871 0.0014802 0.0000000 0.0737675 0.1781316 0.2004779 
Equus_caballus      0.0856082 0.0933803 0.0731135 0.0737675 0.0000000 0.1179550 0.1430483 
Canis_lupus         0.0918573 0.0892344 0.1772160 0.1781316 0.1179550 0.0000000 0.1330142 
Bos_taurus          0.1116527 0.1075954 0.1994982 0.2004779 0.1430483 0.1330142 0.0000000 
