7
Ceratotherium_simum 0.0000000 0.3121381 0.0961257 0.0908441 0.0881987 0.1013038 0.1902356 
Diceros_bicornis    0.3121381 0.0000000 0.4055713 0.4014440 0.4006459 0.4226964 0.5126650 
Equus_asinus        0.0961257 0.4055713 0.0000000 0.0046655 0.0070100 0.1331756 0.2052937 
Equus_quagga        0.0908441 0.4014440 0.0046655 0.0000000 0.0023275 0.1276419 0.1991019 
Equus_caballus      0.0881987 0.4006459 0.0070100 0.0023275 0.0000000 0.1248620 0.1959754 
Canis_lupus         0.1013038 0.4226964 0.1331756 0.1276419 0.1248620 0.0000000 0.1869959 
Bos_taurus          0.1902356 0.5126650 0.2052937 0.1991019 0.1959754 0.1869959 0.0000000 
