7
Ceratotherium_simum 0.0000000 0.0191561 0.2198868 0.1116770 0.2205719 0.1962405 0.8974092 
Diceros_bicornis    0.0191561 0.0000000 0.2180323 0.1100694 0.2187176 0.1953753 0.8739673 
Equus_asinus        0.2198868 0.2180323 0.0000000 0.1068507 0.0061228 0.3045383 0.9212712 
Equus_quagga        0.1116770 0.1100694 0.1068507 0.0000000 0.1075427 0.1900655 0.8887614 
Equus_caballus      0.2205719 0.2187176 0.0061228 0.1075427 0.0000000 0.3032447 0.9256504 
Canis_lupus         0.1962405 0.1953753 0.3045383 0.1900655 0.3032447 0.0000000 0.9499084 
Bos_taurus          0.8974092 0.8739673 0.9212712 0.8887614 0.9256504 0.9499084 0.0000000 
