6
Ceratotherium_simum 0.0000000 0.0448476 0.0610043 0.0610043 0.0734300 0.0856405 
Diceros_bicornis    0.0448476 0.0000000 0.0183218 0.0183218 0.0295423 0.0407520 
Equus_asinus        0.0610043 0.0183218 0.0000000 0.0000010 0.0352117 0.0445688 
Equus_quagga        0.0610043 0.0183218 0.0000010 0.0000000 0.0352117 0.0445688 
Canis_lupus         0.0734300 0.0295423 0.0352117 0.0352117 0.0000000 0.0389524 
Bos_taurus          0.0856405 0.0407520 0.0445688 0.0445688 0.0389524 0.0000000 
