6
Ceratotherium_simum 0.0000000 0.0086155 0.0702564 0.0675669 0.0711708 0.1272709 
Diceros_bicornis    0.0086155 0.0000000 0.0661572 0.0634213 0.0656558 0.1294819 
Equus_asinus        0.0702564 0.0661572 0.0000000 0.0024790 0.0079090 0.1421165 
Equus_quagga        0.0675669 0.0634213 0.0024790 0.0000000 0.0079692 0.1434081 
Equus_caballus      0.0711708 0.0656558 0.0079090 0.0079692 0.0000000 0.1415823 
Canis_lupus         0.1272709 0.1294819 0.1421165 0.1434081 0.1415823 0.0000000 
