7
Ceratotherium_simum 0.0000000 0.0310674 0.1230498 0.1221508 0.1218463 0.2367387 0.3158387 
Diceros_bicornis    0.0310674 0.0000000 0.1321892 0.1321853 0.1341846 0.2479656 0.3124473 
Equus_asinus        0.1230498 0.1321892 0.0000000 0.0052575 0.0130294 0.2265242 0.2931344 
Equus_quagga        0.1221508 0.1321853 0.0052575 0.0000000 0.0159262 0.2288184 0.2967315 
Equus_caballus      0.1218463 0.1341846 0.0130294 0.0159262 0.0000000 0.2272931 0.2923128 
Canis_lupus         0.2367387 0.2479656 0.2265242 0.2288184 0.2272931 0.0000000 0.3749777 
Bos_taurus          0.3158387 0.3124473 0.2931344 0.2967315 0.2923128 0.3749777 0.0000000 
