7
Ceratotherium_simum 0.0000000 0.0019853 0.0492994 0.0492994 0.0514004 0.1466190 0.2141757 
Diceros_bicornis    0.0019853 0.0000000 0.0514206 0.0514206 0.0535263 0.1490500 0.2141757 
Equus_asinus        0.0492994 0.0514206 0.0000000 0.0000010 0.0019916 0.1345899 0.2203926 
Equus_quagga        0.0492994 0.0514206 0.0000010 0.0000000 0.0019916 0.1345899 0.2203926 
Equus_caballus      0.0514004 0.0535263 0.0019916 0.0019916 0.0000000 0.1369294 0.2230543 
Canis_lupus         0.1466190 0.1490500 0.1345899 0.1345899 0.1369294 0.0000000 0.2610616 
Bos_taurus          0.2141757 0.2141757 0.2203926 0.2203926 0.2230543 0.2610616 0.0000000 
