7
Ceratotherium_simum 0.0000000 0.0298960 0.2122634 0.2116941 0.2048597 0.5149817 0.5927909 
Diceros_bicornis    0.0298960 0.0000000 0.2018512 0.2013271 0.1945686 0.4969702 0.5724258 
Equus_asinus        0.2122634 0.2018512 0.0000000 0.0116732 0.0176477 0.4659683 0.5526020 
Equus_quagga        0.2116941 0.2013271 0.0116732 0.0000000 0.0176192 0.4738880 0.5454707 
Equus_caballus      0.2048597 0.1945686 0.0176477 0.0176192 0.0000000 0.4787110 0.5613481 
Canis_lupus         0.5149817 0.4969702 0.4659683 0.4738880 0.4787110 0.0000000 0.6677957 
Bos_taurus          0.5927909 0.5724258 0.5526020 0.5454707 0.5613481 0.6677957 0.0000000 
