7
Ceratotherium_simum 0.0000000 0.0122908 0.1712031 0.1449693 0.1736983 0.1989996 0.2104366 
Diceros_bicornis    0.0122908 0.0000000 0.1058481 0.1075336 0.1082225 0.1753133 0.1725371 
Equus_asinus        0.1712031 0.1058481 0.0000000 0.0520985 0.0079933 0.2253280 0.2389556 
Equus_quagga        0.1449693 0.1075336 0.0520985 0.0000000 0.0571685 0.1958315 0.2106868 
Equus_caballus      0.1736983 0.1082225 0.0079933 0.0571685 0.0000000 0.2305342 0.2429176 
Canis_lupus         0.1989996 0.1753133 0.2253280 0.1958315 0.2305342 0.0000000 0.2106902 
Bos_taurus          0.2104366 0.1725371 0.2389556 0.2106868 0.2429176 0.2106902 0.0000000 
