7
Ceratotherium_simum 0.0000000 0.0162044 0.2209072 0.2519191 0.2187545 0.4196040 0.4319959 
Diceros_bicornis    0.0162044 0.0000000 0.2171988 0.2475953 0.2150641 0.4214610 0.4493596 
Equus_asinus        0.2209072 0.2171988 0.0000000 0.0313625 0.0108618 0.4246020 0.4626507 
Equus_quagga        0.2519191 0.2475953 0.0313625 0.0000000 0.0346417 0.4698142 0.5165463 
Equus_caballus      0.2187545 0.2150641 0.0108618 0.0346417 0.0000000 0.4247922 0.4633813 
Canis_lupus         0.4196040 0.4214610 0.4246020 0.4698142 0.4247922 0.0000000 0.5303881 
Bos_taurus          0.4319959 0.4493596 0.4626507 0.5165463 0.4633813 0.5303881 0.0000000 
