7
Ceratotherium_simum 0.0000000 0.0065560 0.1628504 0.1630730 0.1621789 0.2370887 0.1334150 
Diceros_bicornis    0.0065560 0.0000000 0.1631961 0.1641831 0.1625245 0.2388981 0.1347189 
Equus_asinus        0.1628504 0.1631961 0.0000000 0.0044157 0.0091314 0.1841927 0.2537020 
Equus_quagga        0.1630730 0.1641831 0.0044157 0.0000000 0.0103298 0.1840720 0.2552280 
Equus_caballus      0.1621789 0.1625245 0.0091314 0.0103298 0.0000000 0.1844222 0.2523101 
Canis_lupus         0.2370887 0.2388981 0.1841927 0.1840720 0.1844222 0.0000000 0.3059440 
Bos_taurus          0.1334150 0.1347189 0.2537020 0.2552280 0.2523101 0.3059440 0.0000000 
