7
Ceratotherium_simum 0.0000000 0.0101394 0.0665770 0.0625708 0.0621649 0.1348553 0.3729382 
Diceros_bicornis    0.0101394 0.0000000 0.0706212 0.0665770 0.0661411 0.1348553 0.3652720 
Equus_asinus        0.0665770 0.0706212 0.0000000 0.0100385 0.0239987 0.1225674 0.3119422 
Equus_quagga        0.0625708 0.0665770 0.0100385 0.0000000 0.0135227 0.1225674 0.3119422 
Equus_caballus      0.0621649 0.0661411 0.0239987 0.0135227 0.0000000 0.1216278 0.3084089 
Canis_lupus         0.1348553 0.1348553 0.1225674 0.1225674 0.1216278 0.0000000 0.3492951 
Bos_taurus          0.3729382 0.3652720 0.3119422 0.3119422 0.3084089 0.3492951 0.0000000 
