7
Ceratotherium_simum 0.0000000 0.0033872 0.0323273 0.0329773 0.0323292 0.0475867 0.0723578 
Diceros_bicornis    0.0033872 0.0000000 0.0327219 0.0333754 0.0327238 0.0476964 0.0731723 
Equus_asinus        0.0323273 0.0327219 0.0000000 0.0015516 0.0010327 0.0527896 0.0750528 
Equus_quagga        0.0329773 0.0333754 0.0015516 0.0000000 0.0020719 0.0535076 0.0765978 
Equus_caballus      0.0323292 0.0327238 0.0010327 0.0020719 0.0000000 0.0534525 0.0750576 
Canis_lupus         0.0475867 0.0476964 0.0527896 0.0535076 0.0534525 0.0000000 0.0788226 
Bos_taurus          0.0723578 0.0731723 0.0750528 0.0765978 0.0750576 0.0788226 0.0000000 
