7
Ceratotherium_simum 0.0000000 0.0116101 0.1982232 0.1946037 0.1990139 0.4087986 0.3845434 
Diceros_bicornis    0.0116101 0.0000000 0.2052189 0.2015854 0.2060476 0.4158063 0.4033783 
Equus_asinus        0.1982232 0.2052189 0.0000000 0.0115019 0.0215391 0.4905034 0.4561984 
Equus_quagga        0.1946037 0.2015854 0.0115019 0.0000000 0.0232410 0.4942667 0.4541942 
Equus_caballus      0.1990139 0.2060476 0.0215391 0.0232410 0.0000000 0.4877149 0.4674965 
Canis_lupus         0.4087986 0.4158063 0.4905034 0.4942667 0.4877149 0.0000000 0.5569817 
Bos_taurus          0.3845434 0.4033783 0.4561984 0.4541942 0.4674965 0.5569817 0.0000000 
