7
Ceratotherium_simum 0.0000000 0.0207239 0.1342232 0.1294275 0.1342232 0.2026535 0.2466463 
Diceros_bicornis    0.0207239 0.0000000 0.1195037 0.1147941 0.1195037 0.2072316 0.2400503 
Equus_asinus        0.1342232 0.1195037 0.0000000 0.0040944 0.0082080 0.2171894 0.2335526 
Equus_quagga        0.1294275 0.1147941 0.0040944 0.0000000 0.0040944 0.2117887 0.2280708 
Equus_caballus      0.1342232 0.1195037 0.0082080 0.0040944 0.0000000 0.2171894 0.2335526 
Canis_lupus         0.2026535 0.2072316 0.2171894 0.2117887 0.2171894 0.0000000 0.2466463 
Bos_taurus          0.2466463 0.2400503 0.2335526 0.2280708 0.2335526 0.2466463 0.0000000 
