7
Ceratotherium_simum 0.0000000 0.0130755 0.1545345 0.1478257 0.1557966 0.2527800 0.2387505 
Diceros_bicornis    0.0130755 0.0000000 0.1533944 0.1467538 0.1504255 0.2487983 0.2357009 
Equus_asinus        0.1545345 0.1533944 0.0000000 0.0049209 0.0145394 0.2707861 0.2640276 
Equus_quagga        0.1478257 0.1467538 0.0049209 0.0000000 0.0165472 0.2499663 0.2447979 
Equus_caballus      0.1557966 0.1504255 0.0145394 0.0165472 0.0000000 0.2679527 0.2582270 
Canis_lupus         0.2527800 0.2487983 0.2707861 0.2499663 0.2679527 0.0000000 0.2851940 
Bos_taurus          0.2387505 0.2357009 0.2640276 0.2447979 0.2582270 0.2851940 0.0000000 
