7
Ceratotherium_simum 0.0000000 0.0067759 0.0599713 0.0588003 0.0575034 0.0971342 0.1325810 
Diceros_bicornis    0.0067759 0.0000000 0.0907181 0.0569627 0.0879283 0.0958861 0.1294387 
Equus_asinus        0.0599713 0.0907181 0.0000000 0.0269549 0.0094952 0.1318111 0.1673557 
Equus_quagga        0.0588003 0.0569627 0.0269549 0.0000000 0.0336647 0.0933237 0.1234702 
Equus_caballus      0.0575034 0.0879283 0.0094952 0.0336647 0.0000000 0.1339117 0.1670906 
Canis_lupus         0.0971342 0.0958861 0.1318111 0.0933237 0.1339117 0.0000000 0.1278565 
Bos_taurus          0.1325810 0.1294387 0.1673557 0.1234702 0.1670906 0.1278565 0.0000000 
