7
Ceratotherium_simum 0.0000000 0.0378522 0.3141768 0.3141768 0.3075490 0.5397928 0.6648440 
Diceros_bicornis    0.0378522 0.0000000 0.3569260 0.3569260 0.3145282 0.5498319 0.6955863 
Equus_asinus        0.3141768 0.3569260 0.0000000 0.0000010 0.0135863 0.5884262 0.6132743 
Equus_quagga        0.3141768 0.3569260 0.0000010 0.0000000 0.0135863 0.5884262 0.6132743 
Equus_caballus      0.3075490 0.3145282 0.0135863 0.0135863 0.0000000 0.5377860 0.5962756 
Canis_lupus         0.5397928 0.5498319 0.5884262 0.5884262 0.5377860 0.0000000 0.5709800 
Bos_taurus          0.6648440 0.6955863 0.6132743 0.6132743 0.5962756 0.5709800 0.0000000 
