7
Ceratotherium_simum 0.0000000 0.0046713 0.0932085 0.0932085 0.6215039 0.7771420 0.1953902 
Diceros_bicornis    0.0046713 0.0000000 0.0880879 0.0880879 0.6123573 0.7670795 0.1896159 
Equus_asinus        0.0932085 0.0880879 0.0000000 0.0000010 0.4655590 0.7670795 0.1781515 
Equus_quagga        0.0932085 0.0880879 0.0000010 0.0000000 0.4655590 0.7670795 0.1781515 
Equus_caballus      0.6215039 0.6123573 0.4655590 0.4655590 0.0000000 0.7901312 0.7980500 
Canis_lupus         0.7771420 0.7670795 0.7670795 0.7670795 0.7901312 0.0000000 0.9153011 
Bos_taurus          0.1953902 0.1896159 0.1781515 0.1781515 0.7980500 0.9153011 0.0000000 
