7
Ceratotherium_simum 0.0000000 0.0268814 0.1286987 0.1299999 0.1483783 0.2897340 0.2203448 
Diceros_bicornis    0.0268814 0.0000000 0.1313329 0.1326378 0.1497650 0.2960836 0.2272494 
Equus_asinus        0.1286987 0.1313329 0.0000000 0.0011055 0.0417900 0.3237873 0.2480853 
Equus_quagga        0.1299999 0.1326378 0.0011055 0.0000000 0.0429785 0.3254119 0.2495837 
Equus_caballus      0.1483783 0.1497650 0.0417900 0.0429785 0.0000000 0.3507827 0.2557029 
Canis_lupus         0.2897340 0.2960836 0.3237873 0.3254119 0.3507827 0.0000000 0.3526343 
Bos_taurus          0.2203448 0.2272494 0.2480853 0.2495837 0.2557029 0.3526343 0.0000000 
