7
Ceratotherium_simum 0.0000000 0.0273746 0.0606669 0.0578867 0.0604780 0.1088749 0.1086332 
Diceros_bicornis    0.0273746 0.0000000 0.0759063 0.0729330 0.0756597 0.1072015 0.1115930 
Equus_asinus        0.0606669 0.0759063 0.0000000 0.0035653 0.0138047 0.1325105 0.1263320 
Equus_quagga        0.0578867 0.0729330 0.0035653 0.0000000 0.0115541 0.1287400 0.1226766 
Equus_caballus      0.0604780 0.0756597 0.0138047 0.0115541 0.0000000 0.1297879 0.1226409 
Canis_lupus         0.1088749 0.1072015 0.1325105 0.1287400 0.1297879 0.0000000 0.1281714 
Bos_taurus          0.1086332 0.1115930 0.1263320 0.1226766 0.1226409 0.1281714 0.0000000 
