7
Ceratotherium_simum 0.0000000 0.0357105 0.2521103 0.2487026 0.2443960 0.2980295 0.4893989 
Diceros_bicornis    0.0357105 0.0000000 0.2512562 0.2478632 0.2300492 0.3005562 0.4961410 
Equus_asinus        0.2521103 0.2512562 0.0000000 0.0126762 0.0389159 0.3462094 0.5065135 
Equus_quagga        0.2487026 0.2478632 0.0126762 0.0000000 0.0362720 0.3424638 0.5158369 
Equus_caballus      0.2443960 0.2300492 0.0389159 0.0362720 0.0000000 0.3448565 0.5347048 
Canis_lupus         0.2980295 0.3005562 0.3462094 0.3424638 0.3448565 0.0000000 0.4828660 
Bos_taurus          0.4893989 0.4961410 0.5065135 0.5158369 0.5347048 0.4828660 0.0000000 
