7
Ceratotherium_simum 0.0000000 0.0188123 0.2093696 0.2001508 0.2029029 0.1933405 0.3414186 
Diceros_bicornis    0.0188123 0.0000000 0.1896591 0.1782553 0.1865395 0.1785090 0.3210550 
Equus_asinus        0.2093696 0.1896591 0.0000000 0.0088888 0.0202886 0.2530260 0.3671539 
Equus_quagga        0.2001508 0.1782553 0.0088888 0.0000000 0.0157298 0.2527144 0.3599927 
Equus_caballus      0.2029029 0.1865395 0.0202886 0.0157298 0.0000000 0.2628037 0.3733141 
Canis_lupus         0.1933405 0.1785090 0.2530260 0.2527144 0.2628037 0.0000000 0.3240099 
Bos_taurus          0.3414186 0.3210550 0.3671539 0.3599927 0.3733141 0.3240099 0.0000000 
