7
Ceratotherium_simum 0.0000000 0.0076555 0.1676260 0.1780394 0.1744049 0.2714831 0.3179498 
Diceros_bicornis    0.0076555 0.0000000 0.1640737 0.1744049 0.1708021 0.2672668 0.3207471 
Equus_asinus        0.1676260 0.1640737 0.0000000 0.0076693 0.0102227 0.2912559 0.3362521 
Equus_quagga        0.1780394 0.1744049 0.0076693 0.0000000 0.0128441 0.2876325 0.3422925 
Equus_caballus      0.1744049 0.1708021 0.0102227 0.0128441 0.0000000 0.2994059 0.3451023 
Canis_lupus         0.2714831 0.2672668 0.2912559 0.2876325 0.2994059 0.0000000 0.3981738 
Bos_taurus          0.3179498 0.3207471 0.3362521 0.3422925 0.3451023 0.3981738 0.0000000 
