7
Ceratotherium_simum 0.0000000 0.0180945 0.1525904 0.1413646 0.1525904 0.2161706 0.2330391 
Diceros_bicornis    0.0180945 0.0000000 0.1303000 0.1193938 0.1303000 0.1914658 0.2088127 
Equus_asinus        0.1525904 0.1303000 0.0000000 0.0089885 0.0180945 0.1774372 0.2358158 
Equus_quagga        0.1413646 0.1193938 0.0089885 0.0000000 0.0089885 0.1657197 0.2234199 
Equus_caballus      0.1525904 0.1303000 0.0180945 0.0089885 0.0000000 0.1774372 0.2358158 
Canis_lupus         0.2161706 0.1914658 0.1774372 0.1657197 0.1774372 0.0000000 0.1991381 
Bos_taurus          0.2330391 0.2088127 0.2358158 0.2234199 0.2358158 0.1991381 0.0000000 
