7
Ceratotherium_simum 0.0000000 0.0247709 0.1489975 0.1489975 0.1604538 0.5980553 0.8466007 
Diceros_bicornis    0.0247709 0.0000000 0.1433111 0.1433111 0.1547114 0.6282283 0.8232675 
Equus_asinus        0.1489975 0.1433111 0.0000000 0.0000010 0.0098353 0.5446215 0.7460529 
Equus_quagga        0.1489975 0.1433111 0.0000010 0.0000000 0.0098353 0.5446215 0.7460529 
Equus_caballus      0.1604538 0.1547114 0.0098353 0.0098353 0.0000000 0.5635089 0.7681263 
Canis_lupus         0.5980553 0.6282283 0.5446215 0.5446215 0.5635089 0.0000000 0.5408045 
Bos_taurus          0.8466007 0.8232675 0.7460529 0.7460529 0.7681263 0.5408045 0.0000000 
