7
Ceratotherium_simum 0.0000000 0.0084348 0.0661309 0.0692691 0.0660405 0.0648875 0.0921085 
Diceros_bicornis    0.0084348 0.0000000 0.0485704 0.0707708 0.0507057 0.0665597 0.0807553 
Equus_asinus        0.0661309 0.0485704 0.0000000 0.0215441 0.0038551 0.0826103 0.0928824 
Equus_quagga        0.0692691 0.0707708 0.0215441 0.0000000 0.0244377 0.1055191 0.1136691 
Equus_caballus      0.0660405 0.0507057 0.0038551 0.0244377 0.0000000 0.0850570 0.0947073 
Canis_lupus         0.0648875 0.0665597 0.0826103 0.1055191 0.0850570 0.0000000 0.0910684 
Bos_taurus          0.0921085 0.0807553 0.0928824 0.1136691 0.0947073 0.0910684 0.0000000 
