7
Ceratotherium_simum 0.0000000 0.0906896 0.1219562 0.1219246 0.1226665 0.1476409 0.1372286 
Diceros_bicornis    0.0906896 0.0000000 0.0360175 0.0360092 0.0366204 0.0628208 0.0541490 
Equus_asinus        0.1219562 0.0360175 0.0000000 0.0011925 0.0053805 0.0623453 0.0595943 
Equus_quagga        0.1219246 0.0360092 0.0011925 0.0000000 0.0053793 0.0616837 0.0595799 
Equus_caballus      0.1226665 0.0366204 0.0053805 0.0053793 0.0000000 0.0629556 0.0602533 
Canis_lupus         0.1476409 0.0628208 0.0623453 0.0616837 0.0629556 0.0000000 0.0635955 
Bos_taurus          0.1372286 0.0541490 0.0595943 0.0595799 0.0602533 0.0635955 0.0000000 
