7
Ceratotherium_simum 0.0000000 0.0423803 0.1730240 0.1760500 0.1789762 0.3355426 0.4450576 
Diceros_bicornis    0.0423803 0.0000000 0.1672650 0.1702487 0.1731390 0.3296822 0.4243705 
Equus_asinus        0.1730240 0.1672650 0.0000000 0.0103765 0.0145792 0.3365203 0.4477471 
Equus_quagga        0.1760500 0.1702487 0.0103765 0.0000000 0.0167124 0.3408858 0.4449334 
Equus_caballus      0.1789762 0.1731390 0.0145792 0.0167124 0.0000000 0.3448692 0.4544715 
Canis_lupus         0.3355426 0.3296822 0.3365203 0.3408858 0.3448692 0.0000000 0.3884166 
Bos_taurus          0.4450576 0.4243705 0.4477471 0.4449334 0.4544715 0.3884166 0.0000000 
