7
Ceratotherium_simum 0.0000000 0.0033933 0.0338824 0.0338824 0.0347607 0.0706911 0.0841230 
Diceros_bicornis    0.0033933 0.0000000 0.0331712 0.0331712 0.0340475 0.0738186 0.0854364 
Equus_asinus        0.0338824 0.0331712 0.0000000 0.0000010 0.0020325 0.0624886 0.0836334 
Equus_quagga        0.0338824 0.0331712 0.0000010 0.0000000 0.0020325 0.0624886 0.0836334 
Equus_caballus      0.0347607 0.0340475 0.0020325 0.0020325 0.0000000 0.0604775 0.0803227 
Canis_lupus         0.0706911 0.0738186 0.0624886 0.0624886 0.0604775 0.0000000 0.0962297 
Bos_taurus          0.0841230 0.0854364 0.0836334 0.0836334 0.0803227 0.0962297 0.0000000 
