7
Ceratotherium_simum 0.0000000 0.0090821 0.0686150 0.0701605 0.0709985 0.1276975 0.1732503 
Diceros_bicornis    0.0090821 0.0000000 0.0693936 0.0701382 0.0718003 0.1299124 0.1768130 
Equus_asinus        0.0686150 0.0693936 0.0000000 0.0032984 0.0090465 0.1254143 0.1738473 
Equus_quagga        0.0701605 0.0701382 0.0032984 0.0000000 0.0094642 0.1258212 0.1729475 
Equus_caballus      0.0709985 0.0718003 0.0090465 0.0094642 0.0000000 0.1275039 0.1769318 
Canis_lupus         0.1276975 0.1299124 0.1254143 0.1258212 0.1275039 0.0000000 0.1903081 
Bos_taurus          0.1732503 0.1768130 0.1738473 0.1729475 0.1769318 0.1903081 0.0000000 
