7
Ceratotherium_simum 0.0000000 0.0895611 0.1488644 0.1488644 0.1411435 0.2737878 0.4184951 
Diceros_bicornis    0.0895611 0.0000000 0.2305793 0.2305793 0.2219591 0.2751830 0.4211991 
Equus_asinus        0.1488644 0.2305793 0.0000000 0.0000010 0.0066751 0.2756281 0.4212968 
Equus_quagga        0.1488644 0.2305793 0.0000010 0.0000000 0.0066751 0.2756281 0.4212968 
Equus_caballus      0.1411435 0.2219591 0.0066751 0.0066751 0.0000000 0.2757224 0.4214515 
Canis_lupus         0.2737878 0.2751830 0.2756281 0.2756281 0.2757224 0.0000000 0.5114975 
Bos_taurus          0.4184951 0.4211991 0.4212968 0.4212968 0.4214515 0.5114975 0.0000000 
