7
Ceratotherium_simum 0.0000000 0.0115906 0.0955108 0.0962595 0.0980956 0.1569410 0.1737329 
Diceros_bicornis    0.0115906 0.0000000 0.0937938 0.0945375 0.0978666 0.1604333 0.1701145 
Equus_asinus        0.0955108 0.0937938 0.0000000 0.0027080 0.0093459 0.1677010 0.1641009 
Equus_quagga        0.0962595 0.0945375 0.0027080 0.0000000 0.0099046 0.1704916 0.1687629 
Equus_caballus      0.0980956 0.0978666 0.0093459 0.0099046 0.0000000 0.1733704 0.1714051 
Canis_lupus         0.1569410 0.1604333 0.1677010 0.1704916 0.1733704 0.0000000 0.1837421 
Bos_taurus          0.1737329 0.1701145 0.1641009 0.1687629 0.1714051 0.1837421 0.0000000 
