7
Ceratotherium_simum 0.0000000 0.0112676 0.1073119 0.0943402 0.0961866 0.3572531 0.2041720 
Diceros_bicornis    0.0112676 0.0000000 0.1088395 0.0958814 0.0977261 0.3563563 0.2016290 
Equus_asinus        0.1073119 0.1088395 0.0000000 0.0112389 0.0128606 0.3566143 0.1973010 
Equus_quagga        0.0943402 0.0958814 0.0112389 0.0000000 0.0015939 0.3382194 0.1828412 
Equus_caballus      0.0961866 0.0977261 0.0128606 0.0015939 0.0000000 0.3409094 0.1849152 
Canis_lupus         0.3572531 0.3563563 0.3566143 0.3382194 0.3409094 0.0000000 0.4183514 
Bos_taurus          0.2041720 0.2016290 0.1973010 0.1828412 0.1849152 0.4183514 0.0000000 
