7
Ceratotherium_simum 0.0000000 3.1718302 2.8771464 0.3993078 2.7947401 3.5551825 0.6105857 
Diceros_bicornis    3.1718302 0.0000000 0.6674030 3.2133227 0.6389981 4.0099507 5.8796291 
Equus_asinus        2.8771464 0.6674030 0.0000000 6.3077624 0.0252471 7.8296958 4.3413470 
Equus_quagga        0.3993078 3.2133227 6.3077624 0.0000000 6.5039788 3.8507413 0.3353822 
Equus_caballus      2.7947401 0.6389981 0.0252471 6.5039788 0.0000000 7.9114986 4.2128528 
Canis_lupus         3.5551825 4.0099507 7.8296958 3.8507413 7.9114986 0.0000000 6.8659163 
Bos_taurus          0.6105857 5.8796291 4.3413470 0.3353822 4.2128528 6.8659163 0.0000000 
