7
Ceratotherium_simum 0.0000000 0.0046073 0.0660379 0.0656278 0.0674109 0.1161861 0.1580108 
Diceros_bicornis    0.0046073 0.0000000 0.0661385 0.0657277 0.0675138 0.1187122 0.1588600 
Equus_asinus        0.0660379 0.0661385 0.0000000 0.0009159 0.0064850 0.1373237 0.1810775 
Equus_quagga        0.0656278 0.0657277 0.0009159 0.0000000 0.0055433 0.1353117 0.1799065 
Equus_caballus      0.0674109 0.0675138 0.0064850 0.0055433 0.0000000 0.1344551 0.1809707 
Canis_lupus         0.1161861 0.1187122 0.1373237 0.1353117 0.1344551 0.0000000 0.1963825 
Bos_taurus          0.1580108 0.1588600 0.1810775 0.1799065 0.1809707 0.1963825 0.0000000 
