7
Ceratotherium_simum 0.0000000 0.0052058 0.0458367 0.0458367 0.0488539 0.1194139 0.2386784 
Diceros_bicornis    0.0052058 0.0000000 0.0471179 0.0471179 0.0501339 0.1188932 0.2397494 
Equus_asinus        0.0458367 0.0471179 0.0000000 0.0000010 0.0038887 0.0986158 0.2124525 
Equus_quagga        0.0458367 0.0471179 0.0000010 0.0000000 0.0038887 0.0986158 0.2124525 
Equus_caballus      0.0488539 0.0501339 0.0038887 0.0038887 0.0000000 0.1021435 0.2130101 
Canis_lupus         0.1194139 0.1188932 0.0986158 0.0986158 0.1021435 0.0000000 0.2567357 
Bos_taurus          0.2386784 0.2397494 0.2124525 0.2124525 0.2130101 0.2567357 0.0000000 
