7
Ceratotherium_simum 0.0000000 0.0077781 0.0563506 0.0570219 0.0589952 0.1160615 0.1277606 
Diceros_bicornis    0.0077781 0.0000000 0.0599753 0.0606585 0.0632836 0.1160650 0.1337326 
Equus_asinus        0.0563506 0.0599753 0.0000000 0.0014347 0.0072786 0.1194103 0.1304228 
Equus_quagga        0.0570219 0.0606585 0.0014347 0.0000000 0.0067941 0.1188681 0.1298928 
Equus_caballus      0.0589952 0.0632836 0.0072786 0.0067941 0.0000000 0.1207717 0.1326234 
Canis_lupus         0.1160615 0.1160650 0.1194103 0.1188681 0.1207717 0.0000000 0.1678221 
Bos_taurus          0.1277606 0.1337326 0.1304228 0.1298928 0.1326234 0.1678221 0.0000000 
