7
Ceratotherium_simum 0.0000000 0.0092568 0.0760172 0.0755735 0.0706386 0.1340576 0.1627926 
Diceros_bicornis    0.0092568 0.0000000 0.0737559 0.0713678 0.0724291 0.1431956 0.1622995 
Equus_asinus        0.0760172 0.0737559 0.0000000 0.0031664 0.0030127 0.1318620 0.1846058 
Equus_quagga        0.0755735 0.0713678 0.0031664 0.0000000 0.0021059 0.1328074 0.1858397 
Equus_caballus      0.0706386 0.0724291 0.0030127 0.0021059 0.0000000 0.1244125 0.1859336 
Canis_lupus         0.1340576 0.1431956 0.1318620 0.1328074 0.1244125 0.0000000 0.1633172 
Bos_taurus          0.1627926 0.1622995 0.1846058 0.1858397 0.1859336 0.1633172 0.0000000 
