7
Ceratotherium_simum 0.0000000 0.1495080 0.2386686 0.2349322 0.2328407 0.3719186 0.4354588 
Diceros_bicornis    0.1495080 0.0000000 0.0968998 0.0969476 0.0983521 0.2050199 0.2220368 
Equus_asinus        0.2386686 0.0968998 0.0000000 0.0063440 0.0149097 0.2107131 0.2305397 
Equus_quagga        0.2349322 0.0969476 0.0063440 0.0000000 0.0127719 0.2081712 0.2306763 
Equus_caballus      0.2328407 0.0983521 0.0149097 0.0127719 0.0000000 0.2096054 0.2341453 
Canis_lupus         0.3719186 0.2050199 0.2107131 0.2081712 0.2096054 0.0000000 0.2517472 
Bos_taurus          0.4354588 0.2220368 0.2305397 0.2306763 0.2341453 0.2517472 0.0000000 
