7
Ceratotherium_simum 0.0000000 0.0074909 0.0748822 0.0731618 0.0795090 0.1211331 0.1810975 
Diceros_bicornis    0.0074909 0.0000000 0.0746953 0.0738754 0.0802172 0.1213189 0.1810681 
Equus_asinus        0.0748822 0.0746953 0.0000000 0.0018490 0.0112249 0.1250087 0.1896346 
Equus_quagga        0.0731618 0.0738754 0.0018490 0.0000000 0.0108546 0.1236325 0.1881363 
Equus_caballus      0.0795090 0.0802172 0.0112249 0.0108546 0.0000000 0.1280523 0.1952416 
Canis_lupus         0.1211331 0.1213189 0.1250087 0.1236325 0.1280523 0.0000000 0.2202511 
Bos_taurus          0.1810975 0.1810681 0.1896346 0.1881363 0.1952416 0.2202511 0.0000000 
