7
Ceratotherium_simum 0.0000000 0.0458764 0.4236273 0.4307846 0.4194824 0.4980081 0.5206004 
Diceros_bicornis    0.0458764 0.0000000 0.3781972 0.3849652 0.3743325 0.4438197 0.5323887 
Equus_asinus        0.4236273 0.3781972 0.0000000 0.0073579 0.0094734 0.5355748 0.6278357 
Equus_quagga        0.4307846 0.3849652 0.0073579 0.0000000 0.0126513 0.5374179 0.6341979 
Equus_caballus      0.4194824 0.3743325 0.0094734 0.0126513 0.0000000 0.5293469 0.6244983 
Canis_lupus         0.4980081 0.4438197 0.5355748 0.5374179 0.5293469 0.0000000 0.4768267 
Bos_taurus          0.5206004 0.5323887 0.6278357 0.6341979 0.6244983 0.4768267 0.0000000 
