7
Ceratotherium_simum 0.0000000 0.0111628 0.0653626 0.0651623 0.0707875 0.1364647 0.1253575 
Diceros_bicornis    0.0111628 0.0000000 0.0712130 0.0708372 0.0765814 0.1348870 0.1247950 
Equus_asinus        0.0653626 0.0712130 0.0000000 0.0018566 0.0111917 0.1364200 0.1284156 
Equus_quagga        0.0651623 0.0708372 0.0018566 0.0000000 0.0104510 0.1359452 0.1277535 
Equus_caballus      0.0707875 0.0765814 0.0111917 0.0104510 0.0000000 0.1433880 0.1356168 
Canis_lupus         0.1364647 0.1348870 0.1364200 0.1359452 0.1433880 0.0000000 0.1668673 
Bos_taurus          0.1253575 0.1247950 0.1284156 0.1277535 0.1356168 0.1668673 0.0000000 
