7
Ceratotherium_simum 0.0000000 0.0196864 0.1559171 0.1601435 0.1559496 0.2743561 0.4096679 
Diceros_bicornis    0.0196864 0.0000000 0.1614935 0.1657727 0.1615282 0.2838435 0.4210009 
Equus_asinus        0.1559171 0.1614935 0.0000000 0.0032392 0.0056715 0.2680693 0.3858042 
Equus_quagga        0.1601435 0.1657727 0.0032392 0.0000000 0.0089410 0.2696662 0.3892865 
Equus_caballus      0.1559496 0.1615282 0.0056715 0.0089410 0.0000000 0.2633569 0.3872772 
Canis_lupus         0.2743561 0.2838435 0.2680693 0.2696662 0.2633569 0.0000000 0.4585629 
Bos_taurus          0.4096679 0.4210009 0.3858042 0.3892865 0.3872772 0.4585629 0.0000000 
