7
Ceratotherium_simum 0.0000000 0.0019058 0.0350365 0.0339954 0.0329568 0.1804317 0.0404888 
Diceros_bicornis    0.0019058 0.0000000 0.0340137 0.0329745 0.0319376 0.1782857 0.0415693 
Equus_asinus        0.0350365 0.0340137 0.0000000 0.0009512 0.0019045 0.1888036 0.0511249 
Equus_quagga        0.0339954 0.0329745 0.0009512 0.0000000 0.0028599 0.1904402 0.0500434 
Equus_caballus      0.0329568 0.0319376 0.0019045 0.0028599 0.0000000 0.1855437 0.0489637 
Canis_lupus         0.1804317 0.1782857 0.1888036 0.1904402 0.1855437 0.0000000 0.1853886 
Bos_taurus          0.0404888 0.0415693 0.0511249 0.0500434 0.0489637 0.1853886 0.0000000 
