7
Ceratotherium_simum 0.0000000 0.0053625 0.1015904 0.1015904 0.1080786 0.1652369 0.1390668 
Diceros_bicornis    0.0053625 0.0000000 0.1051393 0.1051393 0.1112826 0.1847883 0.1545974 
Equus_asinus        0.1015904 0.1051393 0.0000000 0.0000010 0.0075304 0.1886725 0.1482541 
Equus_quagga        0.1015904 0.1051393 0.0000010 0.0000000 0.0075304 0.1886725 0.1482541 
Equus_caballus      0.1080786 0.1112826 0.0075304 0.0075304 0.0000000 0.1898132 0.1490623 
Canis_lupus         0.1652369 0.1847883 0.1886725 0.1886725 0.1898132 0.0000000 0.2160502 
Bos_taurus          0.1390668 0.1545974 0.1482541 0.1482541 0.1490623 0.2160502 0.0000000 
