7
Ceratotherium_simum 0.0000000 0.0161883 0.1428726 0.1421490 0.1431160 0.2853980 0.7394292 
Diceros_bicornis    0.0161883 0.0000000 0.1395288 0.1388063 0.1397650 0.2879234 0.7283602 
Equus_asinus        0.1428726 0.1395288 0.0000000 0.0046699 0.0053440 0.2984331 0.7808362 
Equus_quagga        0.1421490 0.1388063 0.0046699 0.0000000 0.0046761 0.2958780 0.7754447 
Equus_caballus      0.1431160 0.1397650 0.0053440 0.0046761 0.0000000 0.2990893 0.7821736 
Canis_lupus         0.2853980 0.2879234 0.2984331 0.2958780 0.2990893 0.0000000 0.8454854 
Bos_taurus          0.7394292 0.7283602 0.7808362 0.7754447 0.7821736 0.8454854 0.0000000 
