7
Ceratotherium_simum 0.0000000 0.0253973 0.0994440 0.0994440 0.0953490 0.2284916 0.2426200 
Diceros_bicornis    0.0253973 0.0000000 0.0872274 0.0872274 0.0831997 0.2134533 0.2375167 
Equus_asinus        0.0994440 0.0872274 0.0000000 0.0071158 0.0107019 0.2065972 0.2302386 
Equus_quagga        0.0994440 0.0872274 0.0071158 0.0000000 0.0107019 0.2065972 0.2203191 
Equus_caballus      0.0953490 0.0831997 0.0107019 0.0107019 0.0000000 0.1921118 0.2203191 
Canis_lupus         0.2284916 0.2134533 0.2065972 0.2065972 0.1921118 0.0000000 0.3400461 
Bos_taurus          0.2426200 0.2375167 0.2302386 0.2203191 0.2203191 0.3400461 0.0000000 
