7
Ceratotherium_simum 0.0000000 0.0182637 0.1514968 0.1511183 0.1522932 0.2448596 0.4028753 
Diceros_bicornis    0.0182637 0.0000000 0.1611540 0.1566850 0.1619896 0.2590742 0.4284337 
Equus_asinus        0.1514968 0.1611540 0.0000000 0.0065824 0.0164053 0.2810564 0.3944993 
Equus_quagga        0.1511183 0.1566850 0.0065824 0.0000000 0.0125807 0.2824213 0.3925722 
Equus_caballus      0.1522932 0.1619896 0.0164053 0.0125807 0.0000000 0.2858241 0.3908200 
Canis_lupus         0.2448596 0.2590742 0.2810564 0.2824213 0.2858241 0.0000000 0.5239203 
Bos_taurus          0.4028753 0.4284337 0.3944993 0.3925722 0.3908200 0.5239203 0.0000000 
