7
Ceratotherium_simum 0.0000000 0.0202555 0.1869294 0.1929743 0.1926571 0.3016509 0.3533827 
Diceros_bicornis    0.0202555 0.0000000 0.1816759 0.1876574 0.1873518 0.3103310 0.3628215 
Equus_asinus        0.1869294 0.1816759 0.0000000 0.0060313 0.0100616 0.4134568 0.3877334 
Equus_quagga        0.1929743 0.1876574 0.0060313 0.0000000 0.0120984 0.4229161 0.3915191 
Equus_caballus      0.1926571 0.1873518 0.0100616 0.0120984 0.0000000 0.4243404 0.3934972 
Canis_lupus         0.3016509 0.3103310 0.4134568 0.4229161 0.4243404 0.0000000 0.4970029 
Bos_taurus          0.3533827 0.3628215 0.3877334 0.3915191 0.3934972 0.4970029 0.0000000 
