7
Ceratotherium_simum 0.0000000 0.0173523 0.0911094 0.0899749 0.0875590 0.1554060 0.2305690 
Diceros_bicornis    0.0173523 0.0000000 0.0932271 0.0920879 0.0896586 0.1561004 0.2229475 
Equus_asinus        0.0911094 0.0932271 0.0000000 0.0067541 0.0041996 0.1518785 0.2300001 
Equus_quagga        0.0899749 0.0920879 0.0067541 0.0000000 0.0050457 0.1549075 0.2338535 
Equus_caballus      0.0875590 0.0896586 0.0041996 0.0050457 0.0000000 0.1505716 0.2284092 
Canis_lupus         0.1554060 0.1561004 0.1518785 0.1549075 0.1505716 0.0000000 0.2406872 
Bos_taurus          0.2305690 0.2229475 0.2300001 0.2338535 0.2284092 0.2406872 0.0000000 
