7
Ceratotherium_simum 0.0000000 0.0031358 0.0279277 0.0320221 0.1113260 0.0616920 0.0535313 
Diceros_bicornis    0.0031358 0.0000000 0.0311691 0.0352815 0.1150696 0.0633596 0.0535214 
Equus_asinus        0.0279277 0.0311691 0.0000000 0.0039335 0.0798249 0.0509319 0.0544587 
Equus_quagga        0.0320221 0.0352815 0.0039335 0.0000000 0.0844683 0.0534919 0.0561534 
Equus_caballus      0.1113260 0.1150696 0.0798249 0.0844683 0.0000000 0.1331313 0.1385245 
Canis_lupus         0.0616920 0.0633596 0.0509319 0.0534919 0.1331313 0.0000000 0.0712728 
Bos_taurus          0.0535313 0.0535214 0.0544587 0.0561534 0.1385245 0.0712728 0.0000000 
