7
Ceratotherium_simum 0.0000000 0.0207672 0.1627059 0.1680323 0.1703526 0.2248112 0.2139246 
Diceros_bicornis    0.0207672 0.0000000 0.1556303 0.1609198 0.1632356 0.2227642 0.2145776 
Equus_asinus        0.1627059 0.1556303 0.0000000 0.0081613 0.0227324 0.2190565 0.2312091 
Equus_quagga        0.1680323 0.1609198 0.0081613 0.0000000 0.0227645 0.2249290 0.2371351 
Equus_caballus      0.1703526 0.1632356 0.0227324 0.0227645 0.0000000 0.2273943 0.2396048 
Canis_lupus         0.2248112 0.2227642 0.2190565 0.2249290 0.2273943 0.0000000 0.2287085 
Bos_taurus          0.2139246 0.2145776 0.2312091 0.2371351 0.2396048 0.2287085 0.0000000 
