7
Ceratotherium_simum 0.0000000 0.0096949 0.2018274 0.1891175 0.1892261 0.2649035 0.5531758 
Diceros_bicornis    0.0096949 0.0000000 0.2018274 0.1891175 0.1892261 0.2747386 0.5590498 
Equus_asinus        0.2018274 0.2018274 0.0000000 0.0162737 0.0162815 0.3341290 0.5671395 
Equus_quagga        0.1891175 0.1891175 0.0162737 0.0000000 0.0130024 0.3341290 0.5606356 
Equus_caballus      0.1892261 0.1892261 0.0162815 0.0130024 0.0000000 0.3278902 0.5476788 
Canis_lupus         0.2649035 0.2747386 0.3341290 0.3341290 0.3278902 0.0000000 0.5123313 
Bos_taurus          0.5531758 0.5590498 0.5671395 0.5606356 0.5476788 0.5123313 0.0000000 
