7
Ceratotherium_simum 0.0000000 0.1340790 0.6255626 0.6191379 0.5966129 0.5818530 0.5478968 
Diceros_bicornis    0.1340790 0.0000000 0.4003527 0.3949852 0.3775997 0.3681578 0.3697898 
Equus_asinus        0.6255626 0.4003527 0.0000000 0.0108883 0.0562793 0.3453031 0.4994537 
Equus_quagga        0.6191379 0.3949852 0.0108883 0.0000000 0.0524844 0.3348727 0.4874520 
Equus_caballus      0.5966129 0.3775997 0.0562793 0.0524844 0.0000000 0.3285606 0.4831163 
Canis_lupus         0.5818530 0.3681578 0.3453031 0.3348727 0.3285606 0.0000000 0.3214232 
Bos_taurus          0.5478968 0.3697898 0.4994537 0.4874520 0.4831163 0.3214232 0.0000000 
