7
Ceratotherium_simum 0.0000000 0.0054333 0.0578942 0.0750253 0.0549991 0.1027362 0.0983593 
Diceros_bicornis    0.0054333 0.0000000 0.0568800 0.0739120 0.0539984 0.1014882 0.0978088 
Equus_asinus        0.0578942 0.0568800 0.0000000 0.0185933 0.0023108 0.1046433 0.1074331 
Equus_quagga        0.0750253 0.0739120 0.0185933 0.0000000 0.0177426 0.1116712 0.1316281 
Equus_caballus      0.0549991 0.0539984 0.0023108 0.0177426 0.0000000 0.1023044 0.1050861 
Canis_lupus         0.1027362 0.1014882 0.1046433 0.1116712 0.1023044 0.0000000 0.1353967 
Bos_taurus          0.0983593 0.0978088 0.1074331 0.1316281 0.1050861 0.1353967 0.0000000 
