7
Ceratotherium_simum 0.0000000 0.0060367 0.0651921 0.0637125 0.0622510 0.0732079 0.0958878 
Diceros_bicornis    0.0060367 0.0000000 0.0637682 0.0622904 0.0608308 0.0739909 0.0951595 
Equus_asinus        0.0651921 0.0637682 0.0000000 0.0040075 0.0053519 0.0930836 0.1176129 
Equus_quagga        0.0637125 0.0622904 0.0040075 0.0000000 0.0053505 0.0915240 0.1159702 
Equus_caballus      0.0622510 0.0608308 0.0053519 0.0053505 0.0000000 0.0899911 0.1143625 
Canis_lupus         0.0732079 0.0739909 0.0930836 0.0915240 0.0899911 0.0000000 0.1049114 
Bos_taurus          0.0958878 0.0951595 0.1176129 0.1159702 0.1143625 0.1049114 0.0000000 
