7
Ceratotherium_simum 0.0000000 0.0333042 0.2593275 0.2590018 0.2758371 0.4613513 0.4248532 
Diceros_bicornis    0.0333042 0.0000000 0.2799218 0.2795518 0.2968659 0.4911518 0.4449344 
Equus_asinus        0.2593275 0.2799218 0.0000000 0.0059520 0.0367364 0.4918823 0.5005816 
Equus_quagga        0.2590018 0.2795518 0.0059520 0.0000000 0.0354580 0.4953359 0.4972720 
Equus_caballus      0.2758371 0.2968659 0.0367364 0.0354580 0.0000000 0.5216749 0.5234710 
Canis_lupus         0.4613513 0.4911518 0.4918823 0.4953359 0.5216749 0.0000000 0.5198804 
Bos_taurus          0.4248532 0.4449344 0.5005816 0.4972720 0.5234710 0.5198804 0.0000000 
