7
Ceratotherium_simum 0.0000000 0.0139546 0.0960991 0.0961053 0.0943009 0.1659390 0.2718018 
Diceros_bicornis    0.0139546 0.0000000 0.0984851 0.0984915 0.0966779 0.1667645 0.2734779 
Equus_asinus        0.0960991 0.0984851 0.0000000 0.0069147 0.0121553 0.1877505 0.2759325 
Equus_quagga        0.0961053 0.0984915 0.0069147 0.0000000 0.0121560 0.1833995 0.2660910 
Equus_caballus      0.0943009 0.0966779 0.0121553 0.0121560 0.0000000 0.1859160 0.2666750 
Canis_lupus         0.1659390 0.1667645 0.1877505 0.1833995 0.1859160 0.0000000 0.2770687 
Bos_taurus          0.2718018 0.2734779 0.2759325 0.2660910 0.2666750 0.2770687 0.0000000 
