7
Ceratotherium_simum 0.0000000 0.0134433 0.1981980 0.1981980 0.1878334 3.2663904 0.1787432 
Diceros_bicornis    0.0134433 0.0000000 0.2086858 0.2156220 0.2050617 3.2105505 0.1927309 
Equus_asinus        0.1981980 0.2086858 0.0000000 0.0053777 0.0135074 4.0419627 0.2166120 
Equus_quagga        0.1981980 0.2156220 0.0053777 0.0000000 0.0135074 4.0450669 0.2202220 
Equus_caballus      0.1878334 0.2050617 0.0135074 0.0135074 0.0000000 4.0419627 0.2166120 
Canis_lupus         3.2663904 3.2105505 4.0419627 4.0450669 4.0419627 0.0000000 4.1602876 
Bos_taurus          0.1787432 0.1927309 0.2166120 0.2202220 0.2166120 4.1602876 0.0000000 
