7
Ceratotherium_simum 0.0000000 0.0507409 0.0728084 0.0701121 0.0676659 0.1142559 0.1254037 
Diceros_bicornis    0.0507409 0.0000000 0.1056652 0.1026074 0.1026074 0.1555205 0.1615848 
Equus_asinus        0.0728084 0.1056652 0.0000000 0.0040468 0.0060853 0.1150908 0.1170170 
Equus_quagga        0.0701121 0.1026074 0.0040468 0.0000000 0.0020129 0.1119105 0.1138385 
Equus_caballus      0.0676659 0.1026074 0.0060853 0.0020129 0.0000000 0.1091642 0.1110996 
Canis_lupus         0.1142559 0.1555205 0.1150908 0.1119105 0.1091642 0.0000000 0.1310618 
Bos_taurus          0.1254037 0.1615848 0.1170170 0.1138385 0.1110996 0.1310618 0.0000000 
