7
Ceratotherium_simum 0.0000000 0.0032113 0.0269576 0.0314567 0.0253244 0.0370130 0.0616960 
Diceros_bicornis    0.0032113 0.0000000 0.0297251 0.0336200 0.0278038 0.0435260 0.0740005 
Equus_asinus        0.0269576 0.0297251 0.0000000 0.0029858 0.0013661 0.0455547 0.0607774 
Equus_quagga        0.0314567 0.0336200 0.0029858 0.0000000 0.0045032 0.0523357 0.0699894 
Equus_caballus      0.0253244 0.0278038 0.0013661 0.0045032 0.0000000 0.0437366 0.0587177 
Canis_lupus         0.0370130 0.0435260 0.0455547 0.0523357 0.0437366 0.0000000 0.0640782 
Bos_taurus          0.0616960 0.0740005 0.0607774 0.0699894 0.0587177 0.0640782 0.0000000 
