7
Ceratotherium_simum 0.0000000 0.0194257 0.0812470 0.1818778 0.0817123 0.1628651 0.1882305 
Diceros_bicornis    0.0194257 0.0000000 0.0972428 0.1032722 0.0989129 0.1788898 0.2015299 
Equus_asinus        0.0812470 0.0972428 0.0000000 0.0910347 0.0111545 0.1510460 0.1698423 
Equus_quagga        0.1818778 0.1032722 0.0910347 0.0000000 0.0945833 0.2500579 0.2717690 
Equus_caballus      0.0817123 0.0989129 0.0111545 0.0945833 0.0000000 0.1455087 0.1721232 
Canis_lupus         0.1628651 0.1788898 0.1510460 0.2500579 0.1455087 0.0000000 0.2085383 
Bos_taurus          0.1882305 0.2015299 0.1698423 0.2717690 0.1721232 0.2085383 0.0000000 
