7
Ceratotherium_simum 0.0000000 0.0781954 0.3298715 0.2762187 0.2804924 0.4511297 0.3821149 
Diceros_bicornis    0.0781954 0.0000000 0.2918026 0.1850792 0.1886694 0.3683770 0.2848624 
Equus_asinus        0.3298715 0.2918026 0.0000000 0.0805515 0.0894315 0.5003632 0.4511257 
Equus_quagga        0.2762187 0.1850792 0.0805515 0.0000000 0.0078507 0.3782219 0.3241552 
Equus_caballus      0.2804924 0.1886694 0.0894315 0.0078507 0.0000000 0.3910112 0.3280143 
Canis_lupus         0.4511297 0.3683770 0.5003632 0.3782219 0.3910112 0.0000000 0.4322884 
Bos_taurus          0.3821149 0.2848624 0.4511257 0.3241552 0.3280143 0.4322884 0.0000000 
