7
Ceratotherium_simum 0.0000000 0.0039123 0.0362838 0.0390544 0.0342100 0.0815460 0.1121093 
Diceros_bicornis    0.0039123 0.0000000 0.0381144 0.0408974 0.0360165 0.0802022 0.1119555 
Equus_asinus        0.0362838 0.0381144 0.0000000 0.0023259 0.0039171 0.0956427 0.1187425 
Equus_quagga        0.0390544 0.0408974 0.0023259 0.0000000 0.0062983 0.0991641 0.1175805 
Equus_caballus      0.0342100 0.0360165 0.0039171 0.0062983 0.0000000 0.0910989 0.1202600 
Canis_lupus         0.0815460 0.0802022 0.0956427 0.0991641 0.0910989 0.0000000 0.1376907 
Bos_taurus          0.1121093 0.1119555 0.1187425 0.1175805 0.1202600 0.1376907 0.0000000 
