7
Ceratotherium_simum 0.0000000 0.0254967 0.1588185 0.1611624 0.1597677 0.2175723 0.2916896 
Diceros_bicornis    0.0254967 0.0000000 0.1440945 0.1463959 0.1450460 0.2005081 0.2718311 
Equus_asinus        0.1588185 0.1440945 0.0000000 0.0055561 0.0102278 0.1991086 0.2756762 
Equus_quagga        0.1611624 0.1463959 0.0055561 0.0000000 0.0121041 0.2039987 0.2800762 
Equus_caballus      0.1597677 0.1450460 0.0102278 0.0121041 0.0000000 0.2054289 0.2729363 
Canis_lupus         0.2175723 0.2005081 0.1991086 0.2039987 0.2054289 0.0000000 0.2677298 
Bos_taurus          0.2916896 0.2718311 0.2756762 0.2800762 0.2729363 0.2677298 0.0000000 
