7
Ceratotherium_simum 0.0000000 0.0000010 0.0821200 0.0821200 0.0735480 0.0729127 0.0957038 
Diceros_bicornis    0.0000010 0.0000000 0.0821200 0.0821200 0.0735480 0.0729127 0.0957038 
Equus_asinus        0.0821200 0.0821200 0.0000000 0.0076973 0.0115720 0.1251296 0.1179778 
Equus_quagga        0.0821200 0.0821200 0.0076973 0.0000000 0.0115720 0.1251296 0.1179778 
Equus_caballus      0.0735480 0.0735480 0.0115720 0.0115720 0.0000000 0.1117867 0.1134784 
Canis_lupus         0.0729127 0.0729127 0.1251296 0.1251296 0.1117867 0.0000000 0.1080241 
Bos_taurus          0.0957038 0.0957038 0.1179778 0.1179778 0.1134784 0.1080241 0.0000000 
