7
Ceratotherium_simum 0.0000000 0.0033745 0.0247475 0.0247449 0.0240431 0.0374677 0.0492432 
Diceros_bicornis    0.0033745 0.0000000 0.0226493 0.0226470 0.0219475 0.0367554 0.0470560 
Equus_asinus        0.0247475 0.0226493 0.0000000 0.0013445 0.0020177 0.0439592 0.0551530 
Equus_quagga        0.0247449 0.0226470 0.0013445 0.0000000 0.0020175 0.0439546 0.0551471 
Equus_caballus      0.0240431 0.0219475 0.0020177 0.0020175 0.0000000 0.0432293 0.0544055 
Canis_lupus         0.0374677 0.0367554 0.0439592 0.0439546 0.0432293 0.0000000 0.0507074 
Bos_taurus          0.0492432 0.0470560 0.0551530 0.0551471 0.0544055 0.0507074 0.0000000 
