7
Ceratotherium_simum 0.0000000 0.0074342 0.0507602 0.0516331 0.0507602 0.0814710 0.1191494 
Diceros_bicornis    0.0074342 0.0000000 0.0493065 0.0501718 0.0478532 0.0777338 0.1136959 
Equus_asinus        0.0507602 0.0493065 0.0000000 0.0030712 0.0036810 0.0847814 0.1317419 
Equus_quagga        0.0516331 0.0501718 0.0030712 0.0000000 0.0043085 0.0842299 0.1289252 
Equus_caballus      0.0507602 0.0478532 0.0036810 0.0043085 0.0000000 0.0831638 0.1308238 
Canis_lupus         0.0814710 0.0777338 0.0847814 0.0842299 0.0831638 0.0000000 0.1292282 
Bos_taurus          0.1191494 0.1136959 0.1317419 0.1289252 0.1308238 0.1292282 0.0000000 
