7
Ceratotherium_simum 0.0000000 0.0068428 0.0422235 0.0410211 0.0409330 0.1415442 1.3098701 
Diceros_bicornis    0.0068428 0.0000000 0.0434114 0.0422077 0.0421170 0.1422189 1.2949464 
Equus_asinus        0.0422235 0.0434114 0.0000000 0.0011403 0.0062925 0.1269069 1.2817396 
Equus_quagga        0.0410211 0.0422077 0.0011403 0.0000000 0.0051449 0.1262039 1.2758408 
Equus_caballus      0.0409330 0.0421170 0.0062925 0.0051449 0.0000000 0.1273641 1.2781859 
Canis_lupus         0.1415442 0.1422189 0.1269069 0.1262039 0.1273641 0.0000000 1.3275359 
Bos_taurus          1.3098701 1.2949464 1.2817396 1.2758408 1.2781859 1.3275359 0.0000000 
