7
Ceratotherium_simum 0.0000000 0.0154273 0.0508246 0.0508246 0.0475352 0.0575541 0.0851420 
Diceros_bicornis    0.0154273 0.0000000 0.0410103 0.0410103 0.0377666 0.0508727 0.0781447 
Equus_asinus        0.0508246 0.0410103 0.0000000 0.0000010 0.0030713 0.0679930 0.0679946 
Equus_quagga        0.0508246 0.0410103 0.0000010 0.0000000 0.0030713 0.0679930 0.0679946 
Equus_caballus      0.0475352 0.0377666 0.0030713 0.0030713 0.0000000 0.0645987 0.0646003 
Canis_lupus         0.0575541 0.0508727 0.0679930 0.0679930 0.0645987 0.0000000 0.0859289 
Bos_taurus          0.0851420 0.0781447 0.0679946 0.0679946 0.0646003 0.0859289 0.0000000 
