7
Ceratotherium_simum 0.0000000 0.0175216 0.1917513 0.1874352 0.1893628 0.2716534 0.3928676 
Diceros_bicornis    0.0175216 0.0000000 0.2048112 0.2005496 0.2024902 0.2757503 0.4220249 
Equus_asinus        0.1917513 0.2048112 0.0000000 0.0083953 0.0136993 0.3669082 0.5048857 
Equus_quagga        0.1874352 0.2005496 0.0083953 0.0000000 0.0158261 0.3614552 0.4942448 
Equus_caballus      0.1893628 0.2024902 0.0136993 0.0158261 0.0000000 0.3697685 0.5105762 
Canis_lupus         0.2716534 0.2757503 0.3669082 0.3614552 0.3697685 0.0000000 0.5063702 
Bos_taurus          0.3928676 0.4220249 0.5048857 0.4942448 0.5105762 0.5063702 0.0000000 
