7
Ceratotherium_simum 0.0000000 0.0091871 0.0874228 0.0874228 0.0904788 0.1059301 0.0877596 
Diceros_bicornis    0.0091871 0.0000000 0.0815040 0.0815040 0.0845253 0.0935626 0.0820124 
Equus_asinus        0.0874228 0.0815040 0.0000000 0.0000010 0.0022851 0.1326898 0.1088189 
Equus_quagga        0.0874228 0.0815040 0.0000010 0.0000000 0.0022851 0.1326898 0.1088189 
Equus_caballus      0.0904788 0.0845253 0.0022851 0.0022851 0.0000000 0.1361431 0.1121035 
Canis_lupus         0.1059301 0.0935626 0.1326898 0.1326898 0.1361431 0.0000000 0.0919533 
Bos_taurus          0.0877596 0.0820124 0.1088189 0.1088189 0.1121035 0.0919533 0.0000000 
