7
Ceratotherium_simum 0.0000000 0.0045939 0.0947351 0.0958838 0.0966949 0.1715142 0.1376531 
Diceros_bicornis    0.0045939 0.0000000 0.0968876 0.0995082 0.1003305 0.1714940 0.1394177 
Equus_asinus        0.0947351 0.0968876 0.0000000 0.0040795 0.0093020 0.1811193 0.1469898 
Equus_quagga        0.0958838 0.0995082 0.0040795 0.0000000 0.0093250 0.1803170 0.1459112 
Equus_caballus      0.0966949 0.1003305 0.0093020 0.0093250 0.0000000 0.1823528 0.1522973 
Canis_lupus         0.1715142 0.1714940 0.1811193 0.1803170 0.1823528 0.0000000 0.1899003 
Bos_taurus          0.1376531 0.1394177 0.1469898 0.1459112 0.1522973 0.1899003 0.0000000 
