7
Ceratotherium_simum 0.0000000 0.0107946 0.0749664 0.0788722 0.0751569 0.2654880 0.4997035 
Diceros_bicornis    0.0107946 0.0000000 0.0788722 0.0827933 0.0790738 0.2708953 0.4933624 
Equus_asinus        0.0749664 0.0788722 0.0000000 0.0035842 0.0071988 0.2537870 0.4783195 
Equus_quagga        0.0788722 0.0827933 0.0035842 0.0000000 0.0108194 0.2591214 0.4845749 
Equus_caballus      0.0751569 0.0790738 0.0071988 0.0108194 0.0000000 0.2654880 0.4807347 
Canis_lupus         0.2654880 0.2708953 0.2537870 0.2591214 0.2654880 0.0000000 0.3447016 
Bos_taurus          0.4997035 0.4933624 0.4783195 0.4845749 0.4807347 0.3447016 0.0000000 
