7
Ceratotherium_simum 0.0000000 0.0134370 0.1258439 0.1273353 0.1264293 0.1901857 2.5388186 
Diceros_bicornis    0.0134370 0.0000000 0.1241663 0.1256533 0.1247488 0.1890719 2.5104461 
Equus_asinus        0.1258439 0.1241663 0.0000000 0.0047319 0.0064631 0.2070490 2.4173404 
Equus_quagga        0.1273353 0.1256533 0.0047319 0.0000000 0.0077615 0.2059186 2.4162230 
Equus_caballus      0.1264293 0.1247488 0.0064631 0.0077615 0.0000000 0.2049158 2.4197261 
Canis_lupus         0.1901857 0.1890719 0.2070490 0.2059186 0.2049158 0.0000000 2.5569940 
Bos_taurus          2.5388186 2.5104461 2.4173404 2.4162230 2.4197261 2.5569940 0.0000000 
