7
Ceratotherium_simum 0.0000000 0.0086595 0.0507537 0.0512577 0.0519439 0.0817778 0.1136582 
Diceros_bicornis    0.0086595 0.0000000 0.0547579 0.0552589 0.0559570 0.0854244 0.1125092 
Equus_asinus        0.0507537 0.0547579 0.0000000 0.0015078 0.0010028 0.0772843 0.1028265 
Equus_quagga        0.0512577 0.0552589 0.0015078 0.0000000 0.0025168 0.0777824 0.1027370 
Equus_caballus      0.0519439 0.0559570 0.0010028 0.0025168 0.0000000 0.0785717 0.1042190 
Canis_lupus         0.0817778 0.0854244 0.0772843 0.0777824 0.0785717 0.0000000 0.1114270 
Bos_taurus          0.1136582 0.1125092 0.1028265 0.1027370 0.1042190 0.1114270 0.0000000 
