7
Ceratotherium_simum 0.0000000 0.0148761 0.1839052 0.1813729 0.1728356 0.4259887 0.3981980 
Diceros_bicornis    0.0148761 0.0000000 0.1773995 0.1732896 0.1667694 0.4177951 0.3928203 
Equus_asinus        0.1839052 0.1773995 0.0000000 0.0192183 0.0082013 0.3643866 0.3588201 
Equus_quagga        0.1813729 0.1732896 0.0192183 0.0000000 0.0106032 0.3978418 0.3698132 
Equus_caballus      0.1728356 0.1667694 0.0082013 0.0106032 0.0000000 0.3633959 0.3511979 
Canis_lupus         0.4259887 0.4177951 0.3643866 0.3978418 0.3633959 0.0000000 0.4785385 
Bos_taurus          0.3981980 0.3928203 0.3588201 0.3698132 0.3511979 0.4785385 0.0000000 
