7
Ceratotherium_simum 0.0000000 0.0072944 0.0574511 0.0594482 0.0584134 0.0879970 0.3435471 
Diceros_bicornis    0.0072944 0.0000000 0.0544799 0.0564537 0.0554326 0.0846655 0.3417758 
Equus_asinus        0.0574511 0.0544799 0.0000000 0.0016086 0.0024120 0.0859239 0.3658754 
Equus_quagga        0.0594482 0.0564537 0.0016086 0.0000000 0.0024136 0.0870689 0.3615810 
Equus_caballus      0.0584134 0.0554326 0.0024120 0.0024136 0.0000000 0.0859055 0.3606847 
Canis_lupus         0.0879970 0.0846655 0.0859239 0.0870689 0.0859055 0.0000000 0.3080656 
Bos_taurus          0.3435471 0.3417758 0.3658754 0.3615810 0.3606847 0.3080656 0.0000000 
