7
Ceratotherium_simum 0.0000000 0.0077514 0.0974634 0.0969800 0.0979638 0.1944123 0.4935942 
Diceros_bicornis    0.0077514 0.0000000 0.0968040 0.0963184 0.0981443 0.1976837 0.5002649 
Equus_asinus        0.0974634 0.0968040 0.0000000 0.0046296 0.0107334 0.2134043 0.4966742 
Equus_quagga        0.0969800 0.0963184 0.0046296 0.0000000 0.0110864 0.2127944 0.4994853 
Equus_caballus      0.0979638 0.0981443 0.0107334 0.0110864 0.0000000 0.2131391 0.4972386 
Canis_lupus         0.1944123 0.1976837 0.2134043 0.2127944 0.2131391 0.0000000 0.5324078 
Bos_taurus          0.4935942 0.5002649 0.4966742 0.4994853 0.4972386 0.5324078 0.0000000 
