7
Ceratotherium_simum 0.0000000 0.0047434 0.0424989 0.0420331 0.0414284 0.0903167 0.0949994 
Diceros_bicornis    0.0047434 0.0000000 0.0401376 0.0396697 0.0390724 0.0886508 0.0954748 
Equus_asinus        0.0424989 0.0401376 0.0000000 0.0014116 0.0047495 0.0905132 0.1000513 
Equus_quagga        0.0420331 0.0396697 0.0014116 0.0000000 0.0052395 0.0928800 0.1025064 
Equus_caballus      0.0414284 0.0390724 0.0047495 0.0052395 0.0000000 0.0891188 0.0994543 
Canis_lupus         0.0903167 0.0886508 0.0905132 0.0928800 0.0891188 0.0000000 0.1212938 
Bos_taurus          0.0949994 0.0954748 0.1000513 0.1025064 0.0994543 0.1212938 0.0000000 
