7
Ceratotherium_simum 0.0000000 0.0079011 0.4083112 0.5386231 0.4019431 0.4210554 0.3336968 
Diceros_bicornis    0.0079011 0.0000000 0.4080854 0.5383303 0.4017205 0.4069585 0.3467655 
Equus_asinus        0.4083112 0.4080854 0.0000000 0.1306080 0.0037121 0.3568151 0.3261204 
Equus_quagga        0.5386231 0.5383303 0.1306080 0.0000000 0.1262334 0.3569307 0.3191112 
Equus_caballus      0.4019431 0.4017205 0.0037121 0.1262334 0.0000000 0.3507699 0.3201321 
Canis_lupus         0.4210554 0.4069585 0.3568151 0.3569307 0.3507699 0.0000000 0.2125792 
Bos_taurus          0.3336968 0.3467655 0.3261204 0.3191112 0.3201321 0.2125792 0.0000000 
