7
Ceratotherium_simum 0.0000000 0.0038912 0.0805590 0.0806039 0.0811230 0.1480415 0.1903652 
Diceros_bicornis    0.0038912 0.0000000 0.0598221 0.0598529 0.0598639 0.1143501 0.1537387 
Equus_asinus        0.0805590 0.0598221 0.0000000 0.0029154 0.0043890 0.1785730 0.2181889 
Equus_quagga        0.0806039 0.0598529 0.0029154 0.0000000 0.0051258 0.1802034 0.2169547 
Equus_caballus      0.0811230 0.0598639 0.0043890 0.0051258 0.0000000 0.1802766 0.2167802 
Canis_lupus         0.1480415 0.1143501 0.1785730 0.1802034 0.1802766 0.0000000 0.2095421 
Bos_taurus          0.1903652 0.1537387 0.2181889 0.2169547 0.2167802 0.2095421 0.0000000 
