7
Ceratotherium_simum 0.0000000 0.0020103 0.0350146 0.0350146 0.0349907 0.0566179 0.0577409 
Diceros_bicornis    0.0020103 0.0000000 0.0350146 0.0350146 0.0349907 0.0566179 0.0577409 
Equus_asinus        0.0350146 0.0350146 0.0000000 0.0000010 0.0020116 0.0643592 0.0665958 
Equus_quagga        0.0350146 0.0350146 0.0000010 0.0000000 0.0020116 0.0643592 0.0665958 
Equus_caballus      0.0349907 0.0349907 0.0020116 0.0020116 0.0000000 0.0643140 0.0665488 
Canis_lupus         0.0566179 0.0566179 0.0643592 0.0643592 0.0643140 0.0000000 0.0676456 
Bos_taurus          0.0577409 0.0577409 0.0665958 0.0665958 0.0665488 0.0676456 0.0000000 
