7
Ceratotherium_simum 0.0000000 0.0402529 0.2115288 0.2035092 0.1966111 0.3759716 0.3440393 
Diceros_bicornis    0.0402529 0.0000000 0.2068110 0.1987434 0.1917819 0.3730948 0.3407352 
Equus_asinus        0.2115288 0.2068110 0.0000000 0.0055687 0.0111741 0.3987730 0.3877467 
Equus_quagga        0.2035092 0.1987434 0.0055687 0.0000000 0.0055516 0.3872474 0.3906360 
Equus_caballus      0.1966111 0.1917819 0.0111741 0.0055516 0.0000000 0.3787278 0.3822322 
Canis_lupus         0.3759716 0.3730948 0.3987730 0.3872474 0.3787278 0.0000000 0.3418872 
Bos_taurus          0.3440393 0.3407352 0.3877467 0.3906360 0.3822322 0.3418872 0.0000000 
