7
Ceratotherium_simum 0.0000000 0.0120024 0.1899881 0.1902576 0.1819538 0.2834589 0.3201350 
Diceros_bicornis    0.0120024 0.0000000 0.1942974 0.1945492 0.1819185 0.2929627 0.3344538 
Equus_asinus        0.1899881 0.1942974 0.0000000 0.0301089 0.0393145 0.3181765 0.2869501 
Equus_quagga        0.1902576 0.1945492 0.0301089 0.0000000 0.0292427 0.3164289 0.2990759 
Equus_caballus      0.1819538 0.1819185 0.0393145 0.0292427 0.0000000 0.3229949 0.2903035 
Canis_lupus         0.2834589 0.2929627 0.3181765 0.3164289 0.3229949 0.0000000 0.3920224 
Bos_taurus          0.3201350 0.3344538 0.2869501 0.2990759 0.2903035 0.3920224 0.0000000 
