7
Ceratotherium_simum 0.0000000 0.0093821 0.0669464 0.0692576 0.0766349 0.1501204 0.3479051 
Diceros_bicornis    0.0093821 0.0000000 0.0742691 0.0766349 0.0842228 0.1581258 0.3608491 
Equus_asinus        0.0669464 0.0742691 0.0000000 0.0018464 0.0112928 0.1490686 0.3420436 
Equus_quagga        0.0692576 0.0766349 0.0018464 0.0000000 0.0093821 0.1456968 0.3373780 
Equus_caballus      0.0766349 0.0842228 0.0112928 0.0093821 0.0000000 0.1569896 0.3645447 
Canis_lupus         0.1501204 0.1581258 0.1490686 0.1456968 0.1569896 0.0000000 0.2399076 
Bos_taurus          0.3479051 0.3608491 0.3420436 0.3373780 0.3645447 0.2399076 0.0000000 
