7
Ceratotherium_simum 0.0000000 0.0107533 0.0492110 0.0492451 0.0492719 0.0558753 0.0813682 
Diceros_bicornis    0.0107533 0.0000000 0.0475726 0.0476054 0.0476313 0.0575089 0.0830480 
Equus_asinus        0.0492110 0.0475726 0.0000000 0.0030636 0.0061447 0.0542798 0.0848911 
Equus_quagga        0.0492451 0.0476054 0.0030636 0.0000000 0.0030679 0.0510174 0.0815137 
Equus_caballus      0.0492719 0.0476313 0.0061447 0.0030679 0.0000000 0.0510452 0.0815592 
Canis_lupus         0.0558753 0.0575089 0.0542798 0.0510174 0.0510452 0.0000000 0.0508959 
Bos_taurus          0.0813682 0.0830480 0.0848911 0.0815137 0.0815592 0.0508959 0.0000000 
