7
Ceratotherium_simum 0.0000000 0.0038230 0.0354344 0.0349214 0.0361540 0.0833622 0.0861978 
Diceros_bicornis    0.0038230 0.0000000 0.0365828 0.0357734 0.0371910 0.0844475 0.0876725 
Equus_asinus        0.0354344 0.0365828 0.0000000 0.0014945 0.0037012 0.0873428 0.0879222 
Equus_quagga        0.0349214 0.0357734 0.0014945 0.0000000 0.0035874 0.0874510 0.0878128 
Equus_caballus      0.0361540 0.0371910 0.0037012 0.0035874 0.0000000 0.0877952 0.0883319 
Canis_lupus         0.0833622 0.0844475 0.0873428 0.0874510 0.0877952 0.0000000 0.1075406 
Bos_taurus          0.0861978 0.0876725 0.0879222 0.0878128 0.0883319 0.1075406 0.0000000 
