7
Ceratotherium_simum 0.0000000 0.0179223 0.2805797 0.2749882 0.2765871 0.3452462 0.4007002 
Diceros_bicornis    0.0179223 0.0000000 0.2702364 0.2647058 0.2662798 0.3443944 0.3871534 
Equus_asinus        0.2805797 0.2702364 0.0000000 0.0039364 0.0078906 0.3984625 0.4487951 
Equus_quagga        0.2749882 0.2647058 0.0039364 0.0000000 0.0059102 0.3953296 0.4422075 
Equus_caballus      0.2765871 0.2662798 0.0078906 0.0059102 0.0000000 0.3972153 0.4455009 
Canis_lupus         0.3452462 0.3443944 0.3984625 0.3953296 0.3972153 0.0000000 0.4130217 
Bos_taurus          0.4007002 0.3871534 0.4487951 0.4422075 0.4455009 0.4130217 0.0000000 
