7
Ceratotherium_simum 0.0000000 0.0152261 0.1175792 0.1087941 0.1224136 0.2244782 0.4934893 
Diceros_bicornis    0.0152261 0.0000000 0.1083532 0.0997147 0.1130798 0.2093139 0.4622317 
Equus_asinus        0.1175792 0.1083532 0.0000000 0.0151508 0.0268313 0.2530816 0.5074781 
Equus_quagga        0.1087941 0.0997147 0.0151508 0.0000000 0.0190538 0.2425509 0.4895177 
Equus_caballus      0.1224136 0.1130798 0.0268313 0.0190538 0.0000000 0.2492267 0.5142940 
Canis_lupus         0.2244782 0.2093139 0.2530816 0.2425509 0.2492267 0.0000000 0.5590078 
Bos_taurus          0.4934893 0.4622317 0.5074781 0.4895177 0.5142940 0.5590078 0.0000000 
