7
Ceratotherium_simum 0.0000000 0.0128043 0.1708608 0.1703636 0.2028659 0.2827935 0.2948274 
Diceros_bicornis    0.0128043 0.0000000 0.2630432 0.2622828 0.2915825 0.3697416 0.3766261 
Equus_asinus        0.1708608 0.2630432 0.0000000 0.0177770 0.0620916 0.3681607 0.3927084 
Equus_quagga        0.1703636 0.2622828 0.0177770 0.0000000 0.0720303 0.3724012 0.3790869 
Equus_caballus      0.2028659 0.2915825 0.0620916 0.0720303 0.0000000 0.4115712 0.4338470 
Canis_lupus         0.2827935 0.3697416 0.3681607 0.3724012 0.4115712 0.0000000 0.3672762 
Bos_taurus          0.2948274 0.3766261 0.3927084 0.3790869 0.4338470 0.3672762 0.0000000 
