7
Ceratotherium_simum 0.0000000 0.0359633 0.1154683 0.1154683 0.1154683 0.3881069 0.2105171 
Diceros_bicornis    0.0359633 0.0000000 0.1295587 0.1295587 0.1295587 0.3673920 0.2610937 
Equus_asinus        0.1154683 0.1295587 0.0000000 0.0000010 0.0117745 0.4209135 0.3020903 
Equus_quagga        0.1154683 0.1295587 0.0000010 0.0000000 0.0117745 0.4209135 0.3020903 
Equus_caballus      0.1154683 0.1295587 0.0117745 0.0117745 0.0000000 0.4001533 0.3020903 
Canis_lupus         0.3881069 0.3673920 0.4209135 0.4209135 0.4001533 0.0000000 0.5696088 
Bos_taurus          0.2105171 0.2610937 0.3020903 0.3020903 0.3020903 0.5696088 0.0000000 
