7
Ceratotherium_simum 0.0000000 0.0103061 0.0779483 0.0760074 0.0762618 0.1083928 0.1340457 
Diceros_bicornis    0.0103061 0.0000000 0.0793688 0.0774348 0.0776931 0.1131002 0.1352848 
Equus_asinus        0.0779483 0.0793688 0.0000000 0.0014327 0.0036049 0.1133580 0.1337241 
Equus_quagga        0.0760074 0.0774348 0.0014327 0.0000000 0.0036061 0.1112185 0.1314332 
Equus_caballus      0.0762618 0.0776931 0.0036049 0.0036061 0.0000000 0.1127118 0.1326083 
Canis_lupus         0.1083928 0.1131002 0.1133580 0.1112185 0.1127118 0.0000000 0.1311341 
Bos_taurus          0.1340457 0.1352848 0.1337241 0.1314332 0.1326083 0.1311341 0.0000000 
