7
Ceratotherium_simum 0.0000000 0.0064646 0.0838900 0.0826844 0.0819993 0.2785086 0.1538331 
Diceros_bicornis    0.0064646 0.0000000 0.0820294 0.0808295 0.0801496 0.2800436 0.1552890 
Equus_asinus        0.0838900 0.0820294 0.0000000 0.0009145 0.0088098 0.2670915 0.1628450 
Equus_quagga        0.0826844 0.0808295 0.0009145 0.0000000 0.0078714 0.2671000 0.1613534 
Equus_caballus      0.0819993 0.0801496 0.0088098 0.0078714 0.0000000 0.2661046 0.1620373 
Canis_lupus         0.2785086 0.2800436 0.2670915 0.2671000 0.2661046 0.0000000 0.2961755 
Bos_taurus          0.1538331 0.1552890 0.1628450 0.1613534 0.1620373 0.2961755 0.0000000 
