7
Ceratotherium_simum 0.0000000 0.0090689 0.1139165 0.1155432 0.1080447 0.2662195 0.1797396 
Diceros_bicornis    0.0090689 0.0000000 0.1194532 0.1210337 0.1137741 0.2811746 0.1851729 
Equus_asinus        0.1139165 0.1194532 0.0000000 0.0062221 0.0150106 0.2939934 0.1982418 
Equus_quagga        0.1155432 0.1210337 0.0062221 0.0000000 0.0162880 0.2961775 0.2017195 
Equus_caballus      0.1080447 0.1137741 0.0150106 0.0162880 0.0000000 0.2811746 0.1968557 
Canis_lupus         0.2662195 0.2811746 0.2939934 0.2961775 0.2811746 0.0000000 0.3116383 
Bos_taurus          0.1797396 0.1851729 0.1982418 0.2017195 0.1968557 0.3116383 0.0000000 
