7
Ceratotherium_simum 0.0000000 0.0328191 0.0319558 0.0329350 0.0310167 0.0484902 0.0576632 
Diceros_bicornis    0.0328191 0.0000000 0.0640973 0.0651660 0.0631128 0.0776734 0.0789239 
Equus_asinus        0.0319558 0.0640973 0.0000000 0.0009192 0.0064542 0.0484248 0.0506664 
Equus_quagga        0.0329350 0.0651660 0.0009192 0.0000000 0.0073848 0.0494343 0.0516856 
Equus_caballus      0.0310167 0.0631128 0.0064542 0.0073848 0.0000000 0.0455279 0.0556302 
Canis_lupus         0.0484902 0.0776734 0.0484248 0.0494343 0.0455279 0.0000000 0.0585624 
Bos_taurus          0.0576632 0.0789239 0.0506664 0.0516856 0.0556302 0.0585624 0.0000000 
