7
Ceratotherium_simum 0.0000000 0.0010514 0.0326904 0.0337849 0.0343493 0.1082370 0.0629148 
Diceros_bicornis    0.0010514 0.0000000 0.0306460 0.0317996 0.0323936 0.0807748 0.0553308 
Equus_asinus        0.0326904 0.0306460 0.0000000 0.0009860 0.0014815 0.1178148 0.0771377 
Equus_quagga        0.0337849 0.0317996 0.0009860 0.0000000 0.0024721 0.1192290 0.0783684 
Equus_caballus      0.0343493 0.0323936 0.0014815 0.0024721 0.0000000 0.1194068 0.0790261 
Canis_lupus         0.1082370 0.0807748 0.1178148 0.1192290 0.1194068 0.0000000 0.1357487 
Bos_taurus          0.0629148 0.0553308 0.0771377 0.0783684 0.0790261 0.1357487 0.0000000 
