7
Ceratotherium_simum 0.0000000 0.0896056 0.3375834 0.2236620 0.2259597 0.2325867 0.3649358 
Diceros_bicornis    0.0896056 0.0000000 0.2460155 0.1446236 0.1465869 0.2296926 0.3146529 
Equus_asinus        0.3375834 0.2460155 0.0000000 0.0904876 0.1047552 0.3587696 0.4471180 
Equus_quagga        0.2236620 0.1446236 0.0904876 0.0000000 0.0182837 0.2343502 0.3153666 
Equus_caballus      0.2259597 0.1465869 0.1047552 0.0182837 0.0000000 0.2429157 0.3258467 
Canis_lupus         0.2325867 0.2296926 0.3587696 0.2343502 0.2429157 0.0000000 0.3009804 
Bos_taurus          0.3649358 0.3146529 0.4471180 0.3153666 0.3258467 0.3009804 0.0000000 
