7
Ceratotherium_simum 0.0000000 0.0907697 0.1097216 0.1104658 0.1112725 0.1262940 0.1392358 
Diceros_bicornis    0.0907697 0.0000000 0.0200567 0.0207300 0.0214147 0.0379656 0.0499030 
Equus_asinus        0.1097216 0.0200567 0.0000000 0.0006586 0.0013181 0.0449074 0.0548668 
Equus_quagga        0.1104658 0.0207300 0.0006586 0.0000000 0.0019787 0.0442009 0.0555657 
Equus_caballus      0.1112725 0.0214147 0.0013181 0.0019787 0.0000000 0.0463146 0.0555586 
Canis_lupus         0.1262940 0.0379656 0.0449074 0.0442009 0.0463146 0.0000000 0.0528684 
Bos_taurus          0.1392358 0.0499030 0.0548668 0.0555657 0.0555586 0.0528684 0.0000000 
