7
Ceratotherium_simum 0.0000000 0.0190403 0.1374765 0.1472642 0.1252949 0.2071906 0.3102124 
Diceros_bicornis    0.0190403 0.0000000 0.1139387 0.1232503 0.1356639 0.2176052 0.3117439 
Equus_asinus        0.1374765 0.1139387 0.0000000 0.0074932 0.0170957 0.2537384 0.3436467 
Equus_quagga        0.1472642 0.1232503 0.0074932 0.0000000 0.0249121 0.2658612 0.3517169 
Equus_caballus      0.1252949 0.1356639 0.0170957 0.0249121 0.0000000 0.2383667 0.3488122 
Canis_lupus         0.2071906 0.2176052 0.2537384 0.2658612 0.2383667 0.0000000 0.3101528 
Bos_taurus          0.3102124 0.3117439 0.3436467 0.3517169 0.3488122 0.3101528 0.0000000 
