7
Ceratotherium_simum 0.0000000 0.0224711 0.1538519 0.1450326 0.1459658 0.1295597 0.1700835 
Diceros_bicornis    0.0224711 0.0000000 0.1544674 0.1455997 0.1465415 0.1300520 0.1788697 
Equus_asinus        0.1538519 0.1544674 0.0000000 0.0127860 0.0063333 0.1504992 0.1969153 
Equus_quagga        0.1450326 0.1455997 0.0127860 0.0000000 0.0127883 0.1339172 0.1871886 
Equus_caballus      0.1459658 0.1465415 0.0063333 0.0127883 0.0000000 0.1426117 0.1885048 
Canis_lupus         0.1295597 0.1300520 0.1504992 0.1339172 0.1426117 0.0000000 0.1379857 
Bos_taurus          0.1700835 0.1788697 0.1969153 0.1871886 0.1885048 0.1379857 0.0000000 
