7
Ceratotherium_simum 0.0000000 0.0142695 0.1490270 0.1502793 0.1517480 0.2759790 0.3197094 
Diceros_bicornis    0.0142695 0.0000000 0.1516218 0.1528759 0.1543502 0.2736371 0.3169205 
Equus_asinus        0.1490270 0.1516218 0.0000000 0.0065204 0.0122807 0.2966314 0.3416650 
Equus_quagga        0.1502793 0.1528759 0.0065204 0.0000000 0.0128270 0.2973698 0.3430484 
Equus_caballus      0.1517480 0.1543502 0.0122807 0.0128270 0.0000000 0.2975856 0.3470979 
Canis_lupus         0.2759790 0.2736371 0.2966314 0.2973698 0.2975856 0.0000000 0.3701033 
Bos_taurus          0.3197094 0.3169205 0.3416650 0.3430484 0.3470979 0.3701033 0.0000000 
