7
Ceratotherium_simum 0.0000000 0.0032331 0.0658427 0.0260739 0.0260475 0.0534752 0.0506470 
Diceros_bicornis    0.0032331 0.0000000 0.0657769 0.0260554 0.0260290 0.0554294 0.0515926 
Equus_asinus        0.0658427 0.0657769 0.0000000 0.0352672 0.0362480 0.1001922 0.1067883 
Equus_quagga        0.0260739 0.0260554 0.0352672 0.0000000 0.0016054 0.0545341 0.0602516 
Equus_caballus      0.0260475 0.0260290 0.0362480 0.0016054 0.0000000 0.0544705 0.0601799 
Canis_lupus         0.0534752 0.0554294 0.1001922 0.0545341 0.0544705 0.0000000 0.0698024 
Bos_taurus          0.0506470 0.0515926 0.1067883 0.0602516 0.0601799 0.0698024 0.0000000 
