7
Ceratotherium_simum 0.0000000 0.0185574 0.3166977 0.3164925 0.3119183 0.3204061 0.4126399 
Diceros_bicornis    0.0185574 0.0000000 0.3095628 0.3093636 0.3048475 0.3166223 0.4165529 
Equus_asinus        0.3166977 0.3095628 0.0000000 0.0092587 0.0069198 0.3084592 0.4054964 
Equus_quagga        0.3164925 0.3093636 0.0092587 0.0000000 0.0069170 0.3118343 0.4167010 
Equus_caballus      0.3119183 0.3048475 0.0069198 0.0069170 0.0000000 0.3071971 0.4109579 
Canis_lupus         0.3204061 0.3166223 0.3084592 0.3118343 0.3071971 0.0000000 0.2496952 
Bos_taurus          0.4126399 0.4165529 0.4054964 0.4167010 0.4109579 0.2496952 0.0000000 
