7
Ceratotherium_simum 0.0000000 0.0044444 0.0285224 0.0285183 0.0290401 0.0487343 0.0669252 
Diceros_bicornis    0.0044444 0.0000000 0.0257095 0.0257058 0.0262140 0.0477440 0.0639905 
Equus_asinus        0.0285224 0.0257095 0.0000000 0.0007950 0.0036183 0.0486590 0.0657556 
Equus_quagga        0.0285183 0.0257058 0.0007950 0.0000000 0.0036178 0.0486519 0.0657457 
Equus_caballus      0.0290401 0.0262140 0.0036183 0.0036178 0.0000000 0.0486064 0.0670283 
Canis_lupus         0.0487343 0.0477440 0.0486590 0.0486519 0.0486064 0.0000000 0.0720644 
Bos_taurus          0.0669252 0.0639905 0.0657556 0.0657457 0.0670283 0.0720644 0.0000000 
