7
Ceratotherium_simum 0.0000000 0.0226577 0.2730706 0.2752505 0.2669415 0.3975775 0.4370901 
Diceros_bicornis    0.0226577 0.0000000 0.2762665 0.2751214 0.2701154 0.3968399 0.4457682 
Equus_asinus        0.2730706 0.2762665 0.0000000 0.0083665 0.0139944 0.4325032 0.4796793 
Equus_quagga        0.2752505 0.2751214 0.0083665 0.0000000 0.0130838 0.4325937 0.4833978 
Equus_caballus      0.2669415 0.2701154 0.0139944 0.0130838 0.0000000 0.4271531 0.4741017 
Canis_lupus         0.3975775 0.3968399 0.4325032 0.4325937 0.4271531 0.0000000 0.4963951 
Bos_taurus          0.4370901 0.4457682 0.4796793 0.4833978 0.4741017 0.4963951 0.0000000 
