7
Ceratotherium_simum 0.0000000 0.0358912 0.2575565 0.2583875 0.2607917 0.4013523 0.4263998 
Diceros_bicornis    0.0358912 0.0000000 0.2590707 0.2599059 0.2623028 0.4048879 0.4331273 
Equus_asinus        0.2575565 0.2590707 0.0000000 0.0117254 0.0136861 0.3763842 0.4413633 
Equus_quagga        0.2583875 0.2599059 0.0117254 0.0000000 0.0176338 0.3763937 0.4296727 
Equus_caballus      0.2607917 0.2623028 0.0136861 0.0176338 0.0000000 0.3731738 0.4379269 
Canis_lupus         0.4013523 0.4048879 0.3763842 0.3763937 0.3731738 0.0000000 0.5091107 
Bos_taurus          0.4263998 0.4331273 0.4413633 0.4296727 0.4379269 0.5091107 0.0000000 
