7
Ceratotherium_simum 0.0000000 0.0026406 0.1415156 0.0537683 0.0492676 0.1061920 0.2163247 
Diceros_bicornis    0.0026406 0.0000000 0.1395319 0.0537683 0.0492676 0.1044236 0.2185514 
Equus_asinus        0.1415156 0.1395319 0.0000000 0.0850189 0.0937852 0.2071896 0.3157484 
Equus_quagga        0.0537683 0.0537683 0.0850189 0.0000000 0.0093413 0.1194002 0.2199970 
Equus_caballus      0.0492676 0.0492676 0.0937852 0.0093413 0.0000000 0.1157939 0.2236977 
Canis_lupus         0.1061920 0.1044236 0.2071896 0.1194002 0.1157939 0.0000000 0.1772225 
Bos_taurus          0.2163247 0.2185514 0.3157484 0.2199970 0.2236977 0.1772225 0.0000000 
