7
Ceratotherium_simum 0.0000000 0.0140777 0.1016542 0.1016542 0.1064541 0.1679743 0.2197378 
Diceros_bicornis    0.0140777 0.0000000 0.1037526 0.1037526 0.1085571 0.1650279 0.2218913 
Equus_asinus        0.1016542 0.1037526 0.0000000 0.0000010 0.0080139 0.1771179 0.2324300 
Equus_quagga        0.1016542 0.1037526 0.0000010 0.0000000 0.0080139 0.1771179 0.2324300 
Equus_caballus      0.1064541 0.1085571 0.0080139 0.0080139 0.0000000 0.1826101 0.2384543 
Canis_lupus         0.1679743 0.1650279 0.1771179 0.1771179 0.1826101 0.0000000 0.2383286 
Bos_taurus          0.2197378 0.2218913 0.2324300 0.2324300 0.2384543 0.2383286 0.0000000 
