7
Ceratotherium_simum 0.0000000 0.0396077 0.2229563 0.2295825 0.2297213 0.2270133 0.2696716 
Diceros_bicornis    0.0396077 0.0000000 0.2072039 0.2478105 0.1993701 0.1891096 0.2669679 
Equus_asinus        0.2229563 0.2072039 0.0000000 0.0224899 0.0168338 0.3003785 0.3354746 
Equus_quagga        0.2295825 0.2478105 0.0224899 0.0000000 0.0389913 0.3390060 0.3617250 
Equus_caballus      0.2297213 0.1993701 0.0168338 0.0389913 0.0000000 0.2847562 0.3383521 
Canis_lupus         0.2270133 0.1891096 0.3003785 0.3390060 0.2847562 0.0000000 0.3172891 
Bos_taurus          0.2696716 0.2669679 0.3354746 0.3617250 0.3383521 0.3172891 0.0000000 
