6
Ceratotherium_simum 0.0000000 0.0034359 0.0317630 0.0317630 0.0390635 0.0444700 
Diceros_bicornis    0.0034359 0.0000000 0.0299923 0.0299923 0.0372806 0.0426830 
Equus_asinus        0.0317630 0.0299923 0.0000000 0.0000010 0.0373049 0.0428299 
Equus_quagga        0.0317630 0.0299923 0.0000010 0.0000000 0.0373049 0.0428299 
Canis_lupus         0.0390635 0.0372806 0.0373049 0.0373049 0.0000000 0.0354896 
Bos_taurus          0.0444700 0.0426830 0.0428299 0.0428299 0.0354896 0.0000000 
