7
Ceratotherium_simum 0.0000000 0.0080705 0.0762164 0.0852221 0.0852297 0.1728420 0.2851276 
Diceros_bicornis    0.0080705 0.0000000 0.0852221 0.0762231 0.0762298 0.1832424 0.2973822 
Equus_asinus        0.0762164 0.0852221 0.0000000 0.0244884 0.0244905 0.1832069 0.2971904 
Equus_quagga        0.0852221 0.0762231 0.0244884 0.0000000 0.0162326 0.1937624 0.3096539 
Equus_caballus      0.0852297 0.0762298 0.0244905 0.0162326 0.0000000 0.1937813 0.2972220 
Canis_lupus         0.1728420 0.1832424 0.1832069 0.1937624 0.1937813 0.0000000 0.3101534 
Bos_taurus          0.2851276 0.2973822 0.2971904 0.3096539 0.2972220 0.3101534 0.0000000 
