7
Ceratotherium_simum 0.0000000 0.0052102 0.0720843 0.0615382 0.0659732 0.1983515 0.1585420 
Diceros_bicornis    0.0052102 0.0000000 0.0723627 0.0626391 0.0670534 0.2014709 0.1594203 
Equus_asinus        0.0720843 0.0723627 0.0000000 0.0063894 0.0085486 0.2189658 0.1824361 
Equus_quagga        0.0615382 0.0626391 0.0063894 0.0000000 0.0029945 0.2014941 0.1623122 
Equus_caballus      0.0659732 0.0670534 0.0085486 0.0029945 0.0000000 0.2102817 0.1751423 
Canis_lupus         0.1983515 0.2014709 0.2189658 0.2014941 0.2102817 0.0000000 0.2009766 
Bos_taurus          0.1585420 0.1594203 0.1824361 0.1623122 0.1751423 0.2009766 0.0000000 
