7
Ceratotherium_simum 0.0000000 0.0092177 0.0978157 0.1032289 0.1031042 0.2048757 0.2280133 
Diceros_bicornis    0.0092177 0.0000000 0.0923487 0.0977145 0.0975987 0.1982545 0.2212533 
Equus_asinus        0.0978157 0.0923487 0.0000000 0.0046096 0.0046055 0.1817191 0.2229528 
Equus_quagga        0.1032289 0.0977145 0.0046096 0.0000000 0.0046102 0.1820272 0.2233685 
Equus_caballus      0.1031042 0.0975987 0.0046055 0.0046102 0.0000000 0.1817496 0.2169553 
Canis_lupus         0.2048757 0.1982545 0.1817191 0.1820272 0.1817496 0.0000000 0.2941998 
Bos_taurus          0.2280133 0.2212533 0.2229528 0.2233685 0.2169553 0.2941998 0.0000000 
