7
Ceratotherium_simum 0.0000000 0.0207498 0.1773663 0.1660930 0.1766367 0.3332371 0.3272914 
Diceros_bicornis    0.0207498 0.0000000 0.1620307 0.1509766 0.1613804 0.3040396 0.3098235 
Equus_asinus        0.1773663 0.1620307 0.0000000 0.0082190 0.0250668 0.3173490 0.3562119 
Equus_quagga        0.1660930 0.1509766 0.0082190 0.0000000 0.0165755 0.3038973 0.3477565 
Equus_caballus      0.1766367 0.1613804 0.0250668 0.0165755 0.0000000 0.3039525 0.3605342 
Canis_lupus         0.3332371 0.3040396 0.3173490 0.3038973 0.3039525 0.0000000 0.3661803 
Bos_taurus          0.3272914 0.3098235 0.3562119 0.3477565 0.3605342 0.3661803 0.0000000 
