7
Ceratotherium_simum 0.0000000 0.0097527 0.0624283 0.0603833 0.0666927 0.0804957 0.0905714 
Diceros_bicornis    0.0097527 0.0000000 0.0622037 0.0590449 0.0654965 0.0833323 0.0871307 
Equus_asinus        0.0624283 0.0622037 0.0000000 0.0028918 0.0072516 0.0944259 0.1144377 
Equus_quagga        0.0603833 0.0590449 0.0028918 0.0000000 0.0057981 0.0910901 0.1112096 
Equus_caballus      0.0666927 0.0654965 0.0072516 0.0057981 0.0000000 0.0979714 0.1179080 
Canis_lupus         0.0804957 0.0833323 0.0944259 0.0910901 0.0979714 0.0000000 0.0831986 
Bos_taurus          0.0905714 0.0871307 0.1144377 0.1112096 0.1179080 0.0831986 0.0000000 
