7
Ceratotherium_simum 0.0000000 0.0101261 0.0647769 0.0776589 0.0660539 0.1013417 0.1197334 
Diceros_bicornis    0.0101261 0.0000000 0.0642004 0.0768667 0.0665762 0.1011675 0.1163820 
Equus_asinus        0.0647769 0.0642004 0.0000000 0.0141795 0.0078657 0.1049844 0.1284116 
Equus_quagga        0.0776589 0.0768667 0.0141795 0.0000000 0.0170836 0.1248018 0.1518991 
Equus_caballus      0.0660539 0.0665762 0.0078657 0.0170836 0.0000000 0.1040024 0.1272298 
Canis_lupus         0.1013417 0.1011675 0.1049844 0.1248018 0.1040024 0.0000000 0.1301453 
Bos_taurus          0.1197334 0.1163820 0.1284116 0.1518991 0.1272298 0.1301453 0.0000000 
