7
Ceratotherium_simum 0.0000000 0.0040965 0.0680606 0.0672812 0.0714373 0.1598372 0.1403901 
Diceros_bicornis    0.0040965 0.0000000 0.0729381 0.0721513 0.0763644 0.1642603 0.1434277 
Equus_asinus        0.0680606 0.0729381 0.0000000 0.0027245 0.0075608 0.1629754 0.1479942 
Equus_quagga        0.0672812 0.0721513 0.0027245 0.0000000 0.0075614 0.1619765 0.1472190 
Equus_caballus      0.0714373 0.0763644 0.0075608 0.0075614 0.0000000 0.1656253 0.1533719 
Canis_lupus         0.1598372 0.1642603 0.1629754 0.1619765 0.1656253 0.0000000 0.1898263 
Bos_taurus          0.1403901 0.1434277 0.1479942 0.1472190 0.1533719 0.1898263 0.0000000 
