7
Ceratotherium_simum 0.0000000 0.0562697 0.1057254 0.1014891 0.1057316 0.1467827 0.1538978 
Diceros_bicornis    0.0562697 0.0000000 0.1090853 0.1047406 0.1090919 0.1514404 0.1608489 
Equus_asinus        0.1057254 0.1090853 0.0000000 0.0032033 0.0107844 0.1445864 0.1585341 
Equus_quagga        0.1014891 0.1047406 0.0032033 0.0000000 0.0075095 0.1443209 0.1536125 
Equus_caballus      0.1057316 0.1090919 0.0107844 0.0075095 0.0000000 0.1426831 0.1570966 
Canis_lupus         0.1467827 0.1514404 0.1445864 0.1443209 0.1426831 0.0000000 0.1668078 
Bos_taurus          0.1538978 0.1608489 0.1585341 0.1536125 0.1570966 0.1668078 0.0000000 
