7
Ceratotherium_simum 0.0000000 0.0000010 0.0660885 0.0660885 0.0687291 0.0917098 0.0931673 
Diceros_bicornis    0.0000010 0.0000000 0.0660885 0.0660885 0.0687291 0.0917098 0.0931673 
Equus_asinus        0.0660885 0.0660885 0.0000000 0.0000010 0.0024187 0.1122149 0.1046836 
Equus_quagga        0.0660885 0.0660885 0.0000010 0.0000000 0.0024187 0.1122149 0.1046836 
Equus_caballus      0.0687291 0.0687291 0.0024187 0.0024187 0.0000000 0.1150619 0.1019139 
Canis_lupus         0.0917098 0.0917098 0.1122149 0.1122149 0.1150619 0.0000000 0.1207825 
Bos_taurus          0.0931673 0.0931673 0.1046836 0.1046836 0.1019139 0.1207825 0.0000000 
