7
Ceratotherium_simum 0.0000000 0.0318532 0.1983016 0.2006729 0.1870973 0.3749014 0.3891710 
Diceros_bicornis    0.0318532 0.0000000 0.1924342 0.1906042 0.1811566 0.3689013 0.3588683 
Equus_asinus        0.1983016 0.1924342 0.0000000 0.0065428 0.0198290 0.3538610 0.3409597 
Equus_quagga        0.2006729 0.1906042 0.0065428 0.0000000 0.0215220 0.3548614 0.3473534 
Equus_caballus      0.1870973 0.1811566 0.0198290 0.0215220 0.0000000 0.3447210 0.3426054 
Canis_lupus         0.3749014 0.3689013 0.3538610 0.3548614 0.3447210 0.0000000 0.4568648 
Bos_taurus          0.3891710 0.3588683 0.3409597 0.3473534 0.3426054 0.4568648 0.0000000 
