7
Ceratotherium_simum 0.0000000 0.0168782 0.2356189 0.2378738 0.2401461 0.1900695 0.4240450 
Diceros_bicornis    0.0168782 0.0000000 0.2265485 0.2287854 0.2310392 0.1817305 0.4318590 
Equus_asinus        0.2356189 0.2265485 0.0000000 0.0033487 0.0067113 0.3483841 0.5775475 
Equus_quagga        0.2378738 0.2287854 0.0033487 0.0000000 0.0100841 0.3457793 0.5836559 
Equus_caballus      0.2401461 0.2310392 0.0067113 0.0100841 0.0000000 0.3535121 0.5775168 
Canis_lupus         0.1900695 0.1817305 0.3483841 0.3457793 0.3535121 0.0000000 0.4320716 
Bos_taurus          0.4240450 0.4318590 0.5775475 0.5836559 0.5775168 0.4320716 0.0000000 
