7
Ceratotherium_simum 0.0000000 0.0080575 0.0951804 0.0961720 0.0958479 0.1373696 0.1701973 
Diceros_bicornis    0.0080575 0.0000000 0.0913216 0.0939828 0.0936657 0.1355322 0.1699148 
Equus_asinus        0.0951804 0.0913216 0.0000000 0.0030674 0.0061773 0.1350035 0.1543197 
Equus_quagga        0.0961720 0.0939828 0.0030674 0.0000000 0.0068094 0.1380875 0.1536295 
Equus_caballus      0.0958479 0.0936657 0.0061773 0.0068094 0.0000000 0.1389891 0.1510753 
Canis_lupus         0.1373696 0.1355322 0.1350035 0.1380875 0.1389891 0.0000000 0.1629039 
Bos_taurus          0.1701973 0.1699148 0.1543197 0.1536295 0.1510753 0.1629039 0.0000000 
