7
Ceratotherium_simum 0.0000000 0.0045122 0.1914218 0.1877186 0.1964447 0.1838090 0.3561950 
Diceros_bicornis    0.0045122 0.0000000 0.1844087 0.1807595 0.1893399 0.1768089 0.3655412 
Equus_asinus        0.1914218 0.1844087 0.0000000 0.0068571 0.0115926 0.2611947 0.4103725 
Equus_quagga        0.1877186 0.1807595 0.0068571 0.0000000 0.0139414 0.2485311 0.3945937 
Equus_caballus      0.1964447 0.1893399 0.0115926 0.0139414 0.0000000 0.2591148 0.4186422 
Canis_lupus         0.1838090 0.1768089 0.2611947 0.2485311 0.2591148 0.0000000 0.4251256 
Bos_taurus          0.3561950 0.3655412 0.4103725 0.3945937 0.4186422 0.4251256 0.0000000 
