7
Ceratotherium_simum 0.0000000 0.0272560 0.1480636 0.1480636 0.1507902 0.1968013 0.2636217 
Diceros_bicornis    0.0272560 0.0000000 0.1567151 0.1567151 0.1594732 0.2118055 0.2679025 
Equus_asinus        0.1480636 0.1567151 0.0000000 0.0067173 0.0248846 0.2211069 0.2823156 
Equus_quagga        0.1480636 0.1567151 0.0067173 0.0000000 0.0271958 0.2211069 0.2823156 
Equus_caballus      0.1507902 0.1594732 0.0248846 0.0271958 0.0000000 0.2299216 0.2926504 
Canis_lupus         0.1968013 0.2118055 0.2211069 0.2211069 0.2299216 0.0000000 0.2785086 
Bos_taurus          0.2636217 0.2679025 0.2823156 0.2823156 0.2926504 0.2785086 0.0000000 
