7
Ceratotherium_simum 0.0000000 0.0843003 0.5050055 0.5074245 0.0513104 0.2078758 0.1988319 
Diceros_bicornis    0.0843003 0.0000000 0.5068171 0.5092388 0.1182005 0.1189324 0.1181040 
Equus_asinus        0.5050055 0.5068171 0.0000000 0.0010841 0.4580602 0.6028677 0.6046703 
Equus_quagga        0.5074245 0.5092388 0.0010841 0.0000000 0.4554945 0.5996904 0.6014973 
Equus_caballus      0.0513104 0.1182005 0.4580602 0.4554945 0.0000000 0.2087754 0.1929171 
Canis_lupus         0.2078758 0.1189324 0.6028677 0.5996904 0.2087754 0.0000000 0.1449884 
Bos_taurus          0.1988319 0.1181040 0.6046703 0.6014973 0.1929171 0.1449884 0.0000000 
