7
Ceratotherium_simum 0.0000000 0.0072207 0.0644163 0.0640920 0.0661318 0.1617836 0.1117123 
Diceros_bicornis    0.0072207 0.0000000 0.0658538 0.0655216 0.0675648 0.1612150 0.1075429 
Equus_asinus        0.0644163 0.0658538 0.0000000 0.0011981 0.0048066 0.1780597 0.1169384 
Equus_quagga        0.0640920 0.0655216 0.0011981 0.0000000 0.0035833 0.1789137 0.1165221 
Equus_caballus      0.0661318 0.0675648 0.0048066 0.0035833 0.0000000 0.1774416 0.1154124 
Canis_lupus         0.1617836 0.1612150 0.1780597 0.1789137 0.1774416 0.0000000 0.2003107 
Bos_taurus          0.1117123 0.1075429 0.1169384 0.1165221 0.1154124 0.2003107 0.0000000 
