7
Ceratotherium_simum 0.0000000 0.0043168 0.1506576 0.1506774 0.1559781 0.2236509 0.2687277 
Diceros_bicornis    0.0043168 0.0000000 0.1563971 0.1564181 0.1617662 0.2301042 0.2758187 
Equus_asinus        0.1506576 0.1563971 0.0000000 0.0042997 0.0108298 0.2661926 0.3231719 
Equus_quagga        0.1506774 0.1564181 0.0042997 0.0000000 0.0108308 0.2662395 0.3163491 
Equus_caballus      0.1559781 0.1617662 0.0108298 0.0108308 0.0000000 0.2723731 0.3298900 
Canis_lupus         0.2236509 0.2301042 0.2661926 0.2662395 0.2723731 0.0000000 0.3158729 
Bos_taurus          0.2687277 0.2758187 0.3231719 0.3163491 0.3298900 0.3158729 0.0000000 
