7
Ceratotherium_simum 0.0000000 0.0000010 0.1595188 0.1595188 0.1728867 0.3747218 0.2915066 
Diceros_bicornis    0.0000010 0.0000000 0.1595188 0.1595188 0.1728867 0.3747218 0.2915066 
Equus_asinus        0.1595188 0.1595188 0.0000000 0.0000010 0.0092778 0.3352489 0.3121309 
Equus_quagga        0.1595188 0.1595188 0.0000010 0.0000000 0.0092778 0.3352489 0.3121309 
Equus_caballus      0.1728867 0.1728867 0.0092778 0.0092778 0.0000000 0.3542069 0.3299475 
Canis_lupus         0.3747218 0.3747218 0.3352489 0.3352489 0.3542069 0.0000000 0.4280702 
Bos_taurus          0.2915066 0.2915066 0.3121309 0.3121309 0.3299475 0.4280702 0.0000000 
