7
Ceratotherium_simum 0.0000000 0.0129961 0.1968540 0.1968540 0.1968540 0.2929990 0.3235310 
Diceros_bicornis    0.0129961 0.0000000 0.1886046 0.1886046 0.1886046 0.2929990 0.3187924 
Equus_asinus        0.1968540 0.1886046 0.0000000 0.0000010 0.0162776 0.3207242 0.3304823 
Equus_quagga        0.1968540 0.1886046 0.0000010 0.0000000 0.0162776 0.3207242 0.3304823 
Equus_caballus      0.1968540 0.1886046 0.0162776 0.0162776 0.0000000 0.3207242 0.3383475 
Canis_lupus         0.2929990 0.2929990 0.3207242 0.3207242 0.3207242 0.0000000 0.3319214 
Bos_taurus          0.3235310 0.3187924 0.3304823 0.3304823 0.3383475 0.3319214 0.0000000 
