7
Ceratotherium_simum 0.0000000 0.0023873 0.0235190 0.0244061 0.0235190 0.0489759 0.0802256 
Diceros_bicornis    0.0023873 0.0000000 0.0226888 0.0235749 0.0226888 0.0481186 0.0765839 
Equus_asinus        0.0235190 0.0226888 0.0000000 0.0007912 0.0015853 0.0400215 0.0750546 
Equus_quagga        0.0244061 0.0235749 0.0007912 0.0000000 0.0023823 0.0409723 0.0761833 
Equus_caballus      0.0235190 0.0226888 0.0015853 0.0023823 0.0000000 0.0400215 0.0750546 
Canis_lupus         0.0489759 0.0481186 0.0400215 0.0409723 0.0400215 0.0000000 0.0830541 
Bos_taurus          0.0802256 0.0765839 0.0750546 0.0761833 0.0750546 0.0830541 0.0000000 
