7
Ceratotherium_simum 0.0000000 0.0071843 0.0757003 0.0740654 0.0748436 0.2091465 0.2686576 
Diceros_bicornis    0.0071843 0.0000000 0.0773437 0.0757003 0.0764817 0.2094235 0.2694444 
Equus_asinus        0.0757003 0.0773437 0.0000000 0.0039042 0.0045662 0.2016327 0.2798605 
Equus_quagga        0.0740654 0.0757003 0.0039042 0.0000000 0.0032539 0.2013677 0.2782375 
Equus_caballus      0.0748436 0.0764817 0.0045662 0.0032539 0.0000000 0.2024038 0.2806508 
Canis_lupus         0.2091465 0.2094235 0.2016327 0.2013677 0.2024038 0.0000000 0.3874014 
Bos_taurus          0.2686576 0.2694444 0.2798605 0.2782375 0.2806508 0.3874014 0.0000000 
