7
Ceratotherium_simum 0.0000000 0.0242155 0.2695547 0.2695547 0.2855483 1.1520613 0.6856905 
Diceros_bicornis    0.0242155 0.0000000 0.3082856 0.3082856 0.3249808 1.0863300 0.7095246 
Equus_asinus        0.2695547 0.3082856 0.0000000 0.0000010 0.0117679 1.1911363 0.6633068 
Equus_quagga        0.2695547 0.3082856 0.0000010 0.0000000 0.0117679 1.1911363 0.6633068 
Equus_caballus      0.2855483 0.3249808 0.0117679 0.0117679 0.0000000 1.2099473 0.6367153 
Canis_lupus         1.1520613 1.0863300 1.1911363 1.1911363 1.2099473 0.0000000 1.4593343 
Bos_taurus          0.6856905 0.7095246 0.6633068 0.6633068 0.6367153 1.4593343 0.0000000 
