7
Ceratotherium_simum 0.0000000 0.0139580 0.0259578 0.0269980 0.0270431 0.0556974 0.0404859 
Diceros_bicornis    0.0139580 0.0000000 0.0168938 0.0177201 0.0170348 0.0382632 0.0490695 
Equus_asinus        0.0259578 0.0168938 0.0000000 0.0007672 0.0007922 0.0396380 0.0466997 
Equus_quagga        0.0269980 0.0177201 0.0007672 0.0000000 0.0015867 0.0405336 0.0457905 
Equus_caballus      0.0270431 0.0170348 0.0007922 0.0015867 0.0000000 0.0405696 0.0261356 
Canis_lupus         0.0556974 0.0382632 0.0396380 0.0405336 0.0405696 0.0000000 0.0726514 
Bos_taurus          0.0404859 0.0490695 0.0466997 0.0457905 0.0261356 0.0726514 0.0000000 
