6
Ceratotherium_simum 0.0000000 0.0000010 0.2334911 0.2334911 0.2342621 0.4442724 
Diceros_bicornis    0.0000010 0.0000000 0.2334911 0.2334911 0.2342621 0.4442724 
Equus_asinus        0.2334911 0.2334911 0.0000000 0.0000010 0.2605485 0.4612405 
Equus_quagga        0.2334911 0.2334911 0.0000010 0.0000000 0.2605485 0.4612405 
Canis_lupus         0.2342621 0.2342621 0.2605485 0.2605485 0.0000000 0.5218354 
Bos_taurus          0.4442724 0.4442724 0.4612405 0.4612405 0.5218354 0.0000000 
