7
Ceratotherium_simum 0.0000000 0.0102438 0.1762626 0.1787950 0.1877321 0.4385042 0.5092247 
Diceros_bicornis    0.0102438 0.0000000 0.1761985 0.1787296 0.1850967 0.4438272 0.5106887 
Equus_asinus        0.1762626 0.1761985 0.0000000 0.0020371 0.0174723 0.4812750 0.5483477 
Equus_quagga        0.1787950 0.1787296 0.0020371 0.0000000 0.0195502 0.4812316 0.5519375 
Equus_caballus      0.1877321 0.1850967 0.0174723 0.0195502 0.0000000 0.4864859 0.5610458 
Canis_lupus         0.4385042 0.4438272 0.4812750 0.4812316 0.4864859 0.0000000 0.6627831 
Bos_taurus          0.5092247 0.5106887 0.5483477 0.5519375 0.5610458 0.6627831 0.0000000 
