7
Ceratotherium_simum 0.0000000 0.0099595 0.0750692 0.1094254 0.0744805 0.0868074 0.1107732 
Diceros_bicornis    0.0099595 0.0000000 0.0784295 0.1100504 0.0773494 0.0957610 0.1128321 
Equus_asinus        0.0750692 0.0784295 0.0000000 0.0289854 0.0093358 0.0921618 0.1132049 
Equus_quagga        0.1094254 0.1100504 0.0289854 0.0000000 0.0321285 0.1237836 0.1470910 
Equus_caballus      0.0744805 0.0773494 0.0093358 0.0321285 0.0000000 0.0952892 0.1148951 
Canis_lupus         0.0868074 0.0957610 0.0921618 0.1237836 0.0952892 0.0000000 0.1032688 
Bos_taurus          0.1107732 0.1128321 0.1132049 0.1470910 0.1148951 0.1032688 0.0000000 
