7
Ceratotherium_simum 0.0000000 0.0080528 0.1238697 0.1190808 0.1191471 0.1953793 0.1878083 
Diceros_bicornis    0.0080528 0.0000000 0.1213728 0.1166027 0.1166674 0.1958460 0.1935923 
Equus_asinus        0.1238697 0.1213728 0.0000000 0.0040099 0.0080424 0.2262304 0.2148400 
Equus_quagga        0.1190808 0.1166027 0.0040099 0.0000000 0.0040101 0.2207350 0.2093063 
Equus_caballus      0.1191471 0.1166674 0.0080424 0.0040101 0.0000000 0.2208747 0.2094398 
Canis_lupus         0.1953793 0.1958460 0.2262304 0.2207350 0.2208747 0.0000000 0.2279540 
Bos_taurus          0.1878083 0.1935923 0.2148400 0.2093063 0.2094398 0.2279540 0.0000000 
