7
Ceratotherium_simum 0.0000000 0.0036963 0.0369703 0.0372885 0.0365711 0.1113625 0.0824434 
Diceros_bicornis    0.0036963 0.0000000 0.0390231 0.0393475 0.0386114 0.1159093 0.0846075 
Equus_asinus        0.0369703 0.0390231 0.0000000 0.0012205 0.0039429 0.1194740 0.0897962 
Equus_quagga        0.0372885 0.0393475 0.0012205 0.0000000 0.0036926 0.1207447 0.0886315 
Equus_caballus      0.0365711 0.0386114 0.0039429 0.0036926 0.0000000 0.1181033 0.0870780 
Canis_lupus         0.1113625 0.1159093 0.1194740 0.1207447 0.1181033 0.0000000 0.1379484 
Bos_taurus          0.0824434 0.0846075 0.0897962 0.0886315 0.0870780 0.1379484 0.0000000 
