7
Ceratotherium_simum 0.0000000 0.0065926 0.0424246 0.0436663 0.0420631 0.0912538 0.0919531 
Diceros_bicornis    0.0065926 0.0000000 0.0427534 0.0439965 0.0428659 0.0881420 0.0917390 
Equus_asinus        0.0424246 0.0427534 0.0000000 0.0026631 0.0014777 0.0905270 0.0929070 
Equus_quagga        0.0436663 0.0439965 0.0026631 0.0000000 0.0029673 0.0909434 0.0929071 
Equus_caballus      0.0420631 0.0428659 0.0014777 0.0029673 0.0000000 0.0908555 0.0937559 
Canis_lupus         0.0912538 0.0881420 0.0905270 0.0909434 0.0908555 0.0000000 0.1074693 
Bos_taurus          0.0919531 0.0917390 0.0929070 0.0929071 0.0937559 0.1074693 0.0000000 
