7
Ceratotherium_simum 0.0000000 0.0038126 0.0817915 0.0813199 0.0811740 0.1235553 0.1432707 
Diceros_bicornis    0.0038126 0.0000000 0.0844755 0.0839832 0.0838303 0.1241714 0.1512203 
Equus_asinus        0.0817915 0.0844755 0.0000000 0.0063769 0.0142872 0.1184301 0.1503551 
Equus_quagga        0.0813199 0.0839832 0.0063769 0.0000000 0.0129558 0.1205125 0.1494876 
Equus_caballus      0.0811740 0.0838303 0.0142872 0.0129558 0.0000000 0.1233201 0.1611677 
Canis_lupus         0.1235553 0.1241714 0.1184301 0.1205125 0.1233201 0.0000000 0.1676629 
Bos_taurus          0.1432707 0.1512203 0.1503551 0.1494876 0.1611677 0.1676629 0.0000000 
