7
Ceratotherium_simum 0.0000000 0.0154351 0.1106306 0.1057975 0.1023790 0.2113665 0.1988713 
Diceros_bicornis    0.0154351 0.0000000 0.1122228 0.1073825 0.1039556 0.2057653 0.2043693 
Equus_asinus        0.1106306 0.1122228 0.0000000 0.0041664 0.0069650 0.2047145 0.2114036 
Equus_quagga        0.1057975 0.1073825 0.0041664 0.0000000 0.0055681 0.1992311 0.2058473 
Equus_caballus      0.1023790 0.1039556 0.0069650 0.0055681 0.0000000 0.1951182 0.2060723 
Canis_lupus         0.2113665 0.2057653 0.2047145 0.1992311 0.1951182 0.0000000 0.2794730 
Bos_taurus          0.1988713 0.2043693 0.2114036 0.2058473 0.2060723 0.2794730 0.0000000 
