7
Ceratotherium_simum 0.0000000 0.1086980 0.2118232 0.2090793 0.2048669 0.5139104 0.5136950 
Diceros_bicornis    0.1086980 0.0000000 0.3406071 0.3368910 0.3321486 0.3375557 0.3416534 
Equus_asinus        0.2118232 0.3406071 0.0000000 0.0086989 0.0246473 0.4763556 0.4920584 
Equus_quagga        0.2090793 0.3368910 0.0086989 0.0000000 0.0228259 0.4748079 0.4939219 
Equus_caballus      0.2048669 0.3321486 0.0246473 0.0228259 0.0000000 0.4897112 0.4957301 
Canis_lupus         0.5139104 0.3375557 0.4763556 0.4748079 0.4897112 0.0000000 0.3500408 
Bos_taurus          0.5136950 0.3416534 0.4920584 0.4939219 0.4957301 0.3500408 0.0000000 
