7
Ceratotherium_simum 0.0000000 0.0041934 0.0469776 0.0469954 0.0484453 0.0996539 0.1109269 
Diceros_bicornis    0.0041934 0.0000000 0.0464310 0.0464485 0.0478946 0.0984796 0.1099946 
Equus_asinus        0.0469776 0.0464310 0.0000000 0.0006948 0.0027932 0.1013749 0.1125820 
Equus_quagga        0.0469954 0.0464485 0.0006948 0.0000000 0.0025596 0.1013350 0.1126238 
Equus_caballus      0.0484453 0.0478946 0.0027932 0.0025596 0.0000000 0.1017857 0.1127936 
Canis_lupus         0.0996539 0.0984796 0.1013749 0.1013350 0.1017857 0.0000000 0.1366380 
Bos_taurus          0.1109269 0.1099946 0.1125820 0.1126238 0.1127936 0.1366380 0.0000000 
