6
Ceratotherium_simum 0.0000000 0.0118127 0.1049814 0.1049814 0.3837611 0.2657041 
Diceros_bicornis    0.0118127 0.0000000 0.1099621 0.1099621 0.3929806 0.2728423 
Equus_asinus        0.1049814 0.1099621 0.0000000 0.0000010 0.3743775 0.2754041 
Equus_quagga        0.1049814 0.1099621 0.0000010 0.0000000 0.3743775 0.2754041 
Canis_lupus         0.3837611 0.3929806 0.3743775 0.3743775 0.0000000 0.3644104 
Bos_taurus          0.2657041 0.2728423 0.2754041 0.2754041 0.3644104 0.0000000 
