7
Ceratotherium_simum 0.0000000 0.0177879 0.1671070 0.1844501 0.1676625 0.3689216 0.3403068 
Diceros_bicornis    0.0177879 0.0000000 0.1629786 0.2037765 0.1629232 0.3743306 0.3507139 
Equus_asinus        0.1671070 0.1629786 0.0000000 0.0333285 0.0109058 0.3899453 0.3860460 
Equus_quagga        0.1844501 0.2037765 0.0333285 0.0000000 0.0391243 0.4436180 0.4209945 
Equus_caballus      0.1676625 0.1629232 0.0109058 0.0391243 0.0000000 0.3913106 0.3856048 
Canis_lupus         0.3689216 0.3743306 0.3899453 0.4436180 0.3913106 0.0000000 0.5040872 
Bos_taurus          0.3403068 0.3507139 0.3860460 0.4209945 0.3856048 0.5040872 0.0000000 
