7
Ceratotherium_simum 0.0000000 0.0129966 0.2105870 0.0873944 0.0799022 0.2378903 0.1874293 
Diceros_bicornis    0.0129966 0.0000000 0.2165209 0.0922066 0.0846614 0.2435161 0.1983432 
Equus_asinus        0.2105870 0.2165209 0.0000000 0.1116930 0.1146418 0.3931779 0.3368949 
Equus_quagga        0.0873944 0.0922066 0.1116930 0.0000000 0.0065107 0.2374366 0.1891887 
Equus_caballus      0.0799022 0.0846614 0.1146418 0.0065107 0.0000000 0.2306361 0.1802245 
Canis_lupus         0.2378903 0.2435161 0.3931779 0.2374366 0.2306361 0.0000000 0.2918788 
Bos_taurus          0.1874293 0.1983432 0.3368949 0.1891887 0.1802245 0.2918788 0.0000000 
