7
Ceratotherium_simum 0.0000000 0.3175659 0.6167151 0.6168050 0.6028270 0.5921031 0.6737769 
Diceros_bicornis    0.3175659 0.0000000 0.2258997 0.2259132 0.2157415 0.2444917 0.3094854 
Equus_asinus        0.6167151 0.2258997 0.0000000 0.0048120 0.0096643 0.3136775 0.3201953 
Equus_quagga        0.6168050 0.2259132 0.0048120 0.0000000 0.0096646 0.3137003 0.3155460 
Equus_caballus      0.6028270 0.2157415 0.0096643 0.0096646 0.0000000 0.3064454 0.3127485 
Canis_lupus         0.5921031 0.2444917 0.3136775 0.3137003 0.3064454 0.0000000 0.3601207 
Bos_taurus          0.6737769 0.3094854 0.3201953 0.3155460 0.3127485 0.3601207 0.0000000 
