7
Ceratotherium_simum 0.0000000 0.0065274 0.0979136 0.1023368 0.0977559 0.1324013 0.1714663 
Diceros_bicornis    0.0065274 0.0000000 0.0994689 0.1039004 0.0993083 0.1372340 0.1765983 
Equus_asinus        0.0979136 0.0994689 0.0000000 0.0065373 0.0052244 0.1520257 0.1764875 
Equus_quagga        0.1023368 0.1039004 0.0065373 0.0000000 0.0065294 0.1567496 0.1778024 
Equus_caballus      0.0977559 0.0993083 0.0052244 0.0065294 0.0000000 0.1517526 0.1761550 
Canis_lupus         0.1324013 0.1372340 0.1520257 0.1567496 0.1517526 0.0000000 0.1926092 
Bos_taurus          0.1714663 0.1765983 0.1764875 0.1778024 0.1761550 0.1926092 0.0000000 
