7
Ceratotherium_simum 0.0000000 0.0015283 0.0369170 0.0369170 0.0405243 0.0648109 0.0706084 
Diceros_bicornis    0.0015283 0.0000000 0.0389845 0.0389845 0.0426209 0.0672856 0.0731125 
Equus_asinus        0.0369170 0.0389845 0.0000000 0.0000010 0.0046463 0.0613949 0.0674968 
Equus_quagga        0.0369170 0.0389845 0.0000010 0.0000000 0.0046463 0.0613949 0.0674968 
Equus_caballus      0.0405243 0.0426209 0.0046463 0.0046463 0.0000000 0.0548171 0.0641606 
Canis_lupus         0.0648109 0.0672856 0.0613949 0.0613949 0.0548171 0.0000000 0.0788361 
Bos_taurus          0.0706084 0.0731125 0.0674968 0.0674968 0.0641606 0.0788361 0.0000000 
