7
Ceratotherium_simum 0.0000000 0.0170767 0.0877226 0.0903144 0.1615371 0.2078030 0.2689286 
Diceros_bicornis    0.0170767 0.0000000 0.0933736 0.0959789 0.1682190 0.2146481 0.2791357 
Equus_asinus        0.0877226 0.0933736 0.0000000 0.0048166 0.0657159 0.2274702 0.2780408 
Equus_quagga        0.0903144 0.0959789 0.0048166 0.0000000 0.0683633 0.2271722 0.2810086 
Equus_caballus      0.1615371 0.1682190 0.0657159 0.0683633 0.0000000 0.3247322 0.3850453 
Canis_lupus         0.2078030 0.2146481 0.2274702 0.2271722 0.3247322 0.0000000 0.3371614 
Bos_taurus          0.2689286 0.2791357 0.2780408 0.2810086 0.3850453 0.3371614 0.0000000 
