7
Ceratotherium_simum 0.0000000 0.0023520 0.0218945 0.0227596 0.0232067 0.0514969 0.2668768 
Diceros_bicornis    0.0023520 0.0000000 0.0192449 0.0200983 0.0205376 0.0493802 0.2664755 
Equus_asinus        0.0218945 0.0192449 0.0000000 0.0007779 0.0019498 0.0542695 0.2615320 
Equus_quagga        0.0227596 0.0200983 0.0007779 0.0000000 0.0019491 0.0552633 0.2619270 
Equus_caballus      0.0232067 0.0205376 0.0019498 0.0019491 0.0000000 0.0558049 0.2642109 
Canis_lupus         0.0514969 0.0493802 0.0542695 0.0552633 0.0558049 0.0000000 0.2804558 
Bos_taurus          0.2668768 0.2664755 0.2615320 0.2619270 0.2642109 0.2804558 0.0000000 
