7
Ceratotherium_simum 0.0000000 0.0000010 0.0255512 0.0255512 0.0255706 0.0443671 0.0532510 
Diceros_bicornis    0.0000010 0.0000000 0.0314347 0.0303786 0.0303975 0.0506820 0.0610391 
Equus_asinus        0.0255512 0.0314347 0.0000000 0.0010250 0.0030805 0.0551239 0.0633481 
Equus_quagga        0.0255512 0.0303786 0.0010250 0.0000000 0.0020532 0.0540274 0.0622573 
Equus_caballus      0.0255706 0.0303975 0.0030805 0.0020532 0.0000000 0.0540626 0.0622973 
Canis_lupus         0.0443671 0.0506820 0.0551239 0.0540274 0.0540626 0.0000000 0.0710626 
Bos_taurus          0.0532510 0.0610391 0.0633481 0.0622573 0.0622973 0.0710626 0.0000000 
