7
Ceratotherium_simum 0.0000000 0.0061529 0.0482081 0.0472700 0.0474597 0.0831972 0.0958271 
Diceros_bicornis    0.0061529 0.0000000 0.0486387 0.0476900 0.0478838 0.0885332 0.1003040 
Equus_asinus        0.0482081 0.0486387 0.0000000 0.0007563 0.0085423 0.0886902 0.1054985 
Equus_quagga        0.0472700 0.0476900 0.0007563 0.0000000 0.0077550 0.0876096 0.1043667 
Equus_caballus      0.0474597 0.0478838 0.0085423 0.0077550 0.0000000 0.0934738 0.1096473 
Canis_lupus         0.0831972 0.0885332 0.0886902 0.0876096 0.0934738 0.0000000 0.1200054 
Bos_taurus          0.0958271 0.1003040 0.1054985 0.1043667 0.1096473 0.1200054 0.0000000 
