7
Ceratotherium_simum 0.0000000 0.0008119 0.0188572 0.0188589 0.0188572 0.0263407 0.2051713 
Diceros_bicornis    0.0008119 0.0000000 0.0180278 0.0196850 0.0196832 0.0255039 0.2040937 
Equus_asinus        0.0188572 0.0180278 0.0000000 0.0016226 0.0016225 0.0288162 0.2029575 
Equus_quagga        0.0188589 0.0196850 0.0016226 0.0000000 0.0016226 0.0304916 0.2040331 
Equus_caballus      0.0188572 0.0196832 0.0016225 0.0016226 0.0000000 0.0304888 0.2050524 
Canis_lupus         0.0263407 0.0255039 0.0288162 0.0304916 0.0304888 0.0000000 0.2070610 
Bos_taurus          0.2051713 0.2040937 0.2029575 0.2040331 0.2050524 0.2070610 0.0000000 
