7
Ceratotherium_simum 0.0000000 0.0025915 0.0318752 0.0331201 0.0325046 0.0549937 0.0747526 
Diceros_bicornis    0.0025915 0.0000000 0.0313119 0.0325544 0.0319389 0.0530280 0.0746906 
Equus_asinus        0.0318752 0.0313119 0.0000000 0.0010311 0.0020688 0.0547939 0.0777397 
Equus_quagga        0.0331201 0.0325544 0.0010311 0.0000000 0.0031140 0.0562128 0.0775346 
Equus_caballus      0.0325046 0.0319389 0.0020688 0.0031140 0.0000000 0.0569208 0.0793438 
Canis_lupus         0.0549937 0.0530280 0.0547939 0.0562128 0.0569208 0.0000000 0.0886003 
Bos_taurus          0.0747526 0.0746906 0.0777397 0.0775346 0.0793438 0.0886003 0.0000000 
