7
Ceratotherium_simum 0.0000000 0.0076899 0.1152430 0.1152430 0.1169030 0.2584488 0.3686175 
Diceros_bicornis    0.0076899 0.0000000 0.1120615 0.1120615 0.1137084 0.2580468 0.3679122 
Equus_asinus        0.1152430 0.1120615 0.0000000 0.0000010 0.0115605 0.2269978 0.3984068 
Equus_quagga        0.1152430 0.1120615 0.0000010 0.0000000 0.0115605 0.2269978 0.3984068 
Equus_caballus      0.1169030 0.1137084 0.0115605 0.0115605 0.0000000 0.2291380 0.3993032 
Canis_lupus         0.2584488 0.2580468 0.2269978 0.2269978 0.2291380 0.0000000 0.4616365 
Bos_taurus          0.3686175 0.3679122 0.3984068 0.3984068 0.3993032 0.4616365 0.0000000 
