7
Ceratotherium_simum 0.0000000 0.0000010 0.0738686 0.0582967 0.0657972 9.0000000 0.1731383 
Diceros_bicornis    0.0000010 0.0000000 0.0738686 0.0582967 0.0657972 9.0000000 0.1731383 
Equus_asinus        0.0738686 0.0738686 0.0000000 0.0138686 0.0208751 4.8672734 0.1874575 
Equus_quagga        0.0582967 0.0582967 0.0138686 0.0000000 0.0068691 5.2353911 0.1789210 
Equus_caballus      0.0657972 0.0657972 0.0208751 0.0068691 0.0000000 5.7649236 0.1874575 
Canis_lupus         9.0000000 9.0000000 4.8672734 5.2353911 5.7649236 0.0000000 6.1662291 
Bos_taurus          0.1731383 0.1731383 0.1874575 0.1789210 0.1874575 6.1662291 0.0000000 
