7
Ceratotherium_simum 0.0000000 0.0052139 0.0445733 0.0441011 0.0421741 0.1149134 0.1046979 
Diceros_bicornis    0.0052139 0.0000000 0.0468364 0.0463538 0.0444030 0.1197344 0.1043645 
Equus_asinus        0.0445733 0.0468364 0.0000000 0.0020089 0.0049245 0.1162657 0.1013446 
Equus_quagga        0.0441011 0.0463538 0.0020089 0.0000000 0.0052079 0.1145373 0.1005513 
Equus_caballus      0.0421741 0.0444030 0.0049245 0.0052079 0.0000000 0.1141424 0.1015066 
Canis_lupus         0.1149134 0.1197344 0.1162657 0.1145373 0.1141424 0.0000000 0.1500312 
Bos_taurus          0.1046979 0.1043645 0.1013446 0.1005513 0.1015066 0.1500312 0.0000000 
