7
Ceratotherium_simum 0.0000000 0.0134648 0.1301610 0.1315466 0.1302252 0.6727597 0.3017426 
Diceros_bicornis    0.0134648 0.0000000 0.1343316 0.1357236 0.1343978 0.6780677 0.3064268 
Equus_asinus        0.1301610 0.1343316 0.0000000 0.0052305 0.0099153 0.6839116 0.3157929 
Equus_quagga        0.1315466 0.1357236 0.0052305 0.0000000 0.0116738 0.6864297 0.3195389 
Equus_caballus      0.1302252 0.1343978 0.0099153 0.0116738 0.0000000 0.6934375 0.3177499 
Canis_lupus         0.6727597 0.6780677 0.6839116 0.6864297 0.6934375 0.0000000 0.8468731 
Bos_taurus          0.3017426 0.3064268 0.3157929 0.3195389 0.3177499 0.8468731 0.0000000 
