6
Ceratotherium_simum 0.0000000 0.0013786 0.0055292 0.0055292 0.0296227 0.0139220 
Diceros_bicornis    0.0013786 0.0000000 0.0069246 0.0069246 0.0310939 0.0153442 
Equus_asinus        0.0055292 0.0069246 0.0000000 0.0000010 0.0296010 0.0139119 
Equus_quagga        0.0055292 0.0069246 0.0000010 0.0000000 0.0296010 0.0139119 
Canis_lupus         0.0296227 0.0310939 0.0296010 0.0296010 0.0000000 0.0181601 
Bos_taurus          0.0139220 0.0153442 0.0139119 0.0139119 0.0181601 0.0000000 
