6
Ceratotherium_simum 0.0000000 0.0236877 0.1595078 0.1595078 0.3313487 0.3832081 
Diceros_bicornis    0.0236877 0.0000000 0.1282213 0.1282213 0.2940857 0.3628589 
Equus_asinus        0.1595078 0.1282213 0.0000000 0.0000010 0.2966722 0.3940013 
Equus_quagga        0.1595078 0.1282213 0.0000010 0.0000000 0.2966722 0.3940013 
Canis_lupus         0.3313487 0.2940857 0.2966722 0.2966722 0.0000000 0.4561645 
Bos_taurus          0.3832081 0.3628589 0.3940013 0.3940013 0.4561645 0.0000000 
