7
Ceratotherium_simum 0.0000000 0.0050302 0.0336273 0.0336273 0.0336273 0.0805614 0.0553689 
Diceros_bicornis    0.0050302 0.0000000 0.0389431 0.0389431 0.0389431 0.0862617 0.0608711 
Equus_asinus        0.0336273 0.0389431 0.0000000 0.0000010 0.0050302 0.0982449 0.0583717 
Equus_quagga        0.0336273 0.0389431 0.0000010 0.0000000 0.0050302 0.0982449 0.0583717 
Equus_caballus      0.0336273 0.0389431 0.0050302 0.0050302 0.0000000 0.0982449 0.0639201 
Canis_lupus         0.0805614 0.0862617 0.0982449 0.0982449 0.0982449 0.0000000 0.1075586 
Bos_taurus          0.0553689 0.0608711 0.0583717 0.0583717 0.0639201 0.1075586 0.0000000 
