7
Ceratotherium_simum 0.0000000 0.0625624 0.2723830 0.2732359 0.2770271 0.4962230 0.5307355 
Diceros_bicornis    0.0625624 0.0000000 0.2345757 0.2370566 0.2405437 0.4578634 0.4879495 
Equus_asinus        0.2723830 0.2345757 0.0000000 0.0112667 0.0262432 0.4660566 0.4971432 
Equus_quagga        0.2732359 0.2370566 0.0112667 0.0000000 0.0215926 0.4631738 0.4909874 
Equus_caballus      0.2770271 0.2405437 0.0262432 0.0215926 0.0000000 0.4514002 0.4900005 
Canis_lupus         0.4962230 0.4578634 0.4660566 0.4631738 0.4514002 0.0000000 0.5277768 
Bos_taurus          0.5307355 0.4879495 0.4971432 0.4909874 0.4900005 0.5277768 0.0000000 
