7
Ceratotherium_simum 0.0000000 0.0635255 0.1778399 0.1279955 0.1805141 0.4704484 0.2530038 
Diceros_bicornis    0.0635255 0.0000000 0.1371423 0.1350570 0.1398222 0.4007775 0.2059991 
Equus_asinus        0.1778399 0.1371423 0.0000000 0.0029221 0.0135403 0.3848495 0.2171823 
Equus_quagga        0.1279955 0.1350570 0.0029221 0.0000000 0.0117236 0.4081499 0.2352225 
Equus_caballus      0.1805141 0.1398222 0.0135403 0.0117236 0.0000000 0.3868266 0.2096780 
Canis_lupus         0.4704484 0.4007775 0.3848495 0.4081499 0.3868266 0.0000000 0.4341084 
Bos_taurus          0.2530038 0.2059991 0.2171823 0.2352225 0.2096780 0.4341084 0.0000000 
