7
Ceratotherium_simum 0.0000000 0.0211813 0.1582896 0.1521729 0.1590595 0.2885978 0.3001418 
Diceros_bicornis    0.0211813 0.0000000 0.1670132 0.1608023 0.1678388 0.2825213 0.3090950 
Equus_asinus        0.1582896 0.1670132 0.0000000 0.0048009 0.0161885 0.2592730 0.2962247 
Equus_quagga        0.1521729 0.1608023 0.0048009 0.0000000 0.0112896 0.2567550 0.2935619 
Equus_caballus      0.1590595 0.1678388 0.0161885 0.0112896 0.0000000 0.2634860 0.2980786 
Canis_lupus         0.2885978 0.2825213 0.2592730 0.2567550 0.2634860 0.0000000 0.3577553 
Bos_taurus          0.3001418 0.3090950 0.2962247 0.2935619 0.2980786 0.3577553 0.0000000 
