7
Ceratotherium_simum 0.0000000 0.0146640 0.1266925 0.1244417 0.1245572 0.2279696 0.2512707 
Diceros_bicornis    0.0146640 0.0000000 0.1281007 0.1258398 0.1259572 0.2298936 0.2507355 
Equus_asinus        0.1266925 0.1281007 0.0000000 0.0027163 0.0091037 0.2590859 0.2648860 
Equus_quagga        0.1244417 0.1258398 0.0027163 0.0000000 0.0081778 0.2563563 0.2634768 
Equus_caballus      0.1245572 0.1259572 0.0091037 0.0081778 0.0000000 0.2540552 0.2637961 
Canis_lupus         0.2279696 0.2298936 0.2590859 0.2563563 0.2540552 0.0000000 0.3141987 
Bos_taurus          0.2512707 0.2507355 0.2648860 0.2634768 0.2637961 0.3141987 0.0000000 
