7
Ceratotherium_simum 0.0000000 0.0000010 0.5053716 0.4567962 0.1168330 0.2455398 0.1882637 
Diceros_bicornis    0.0000010 0.0000000 0.5053716 0.4567962 0.1168330 0.2455398 0.1882637 
Equus_asinus        0.5053716 0.5053716 0.0000000 0.0433968 0.4009725 0.6688570 0.5982753 
Equus_quagga        0.4567962 0.4567962 0.0433968 0.0000000 0.3643387 0.6510160 0.5534015 
Equus_caballus      0.1168330 0.1168330 0.4009725 0.3643387 0.0000000 0.2708116 0.2164085 
Canis_lupus         0.2455398 0.2455398 0.6688570 0.6510160 0.2708116 0.0000000 0.3091443 
Bos_taurus          0.1882637 0.1882637 0.5982753 0.5534015 0.2164085 0.3091443 0.0000000 
