7
Ceratotherium_simum 0.0000000 0.0373681 0.2579192 0.2752796 0.2611068 0.4700422 0.4038910 
Diceros_bicornis    0.0373681 0.0000000 0.2768858 0.2945877 0.2740378 0.4775600 0.4299510 
Equus_asinus        0.2579192 0.2768858 0.0000000 0.0215966 0.0415974 0.4829382 0.4032796 
Equus_quagga        0.2752796 0.2945877 0.0215966 0.0000000 0.0417747 0.4957004 0.4149340 
Equus_caballus      0.2611068 0.2740378 0.0415974 0.0417747 0.0000000 0.4693550 0.3963013 
Canis_lupus         0.4700422 0.4775600 0.4829382 0.4957004 0.4693550 0.0000000 0.4843497 
Bos_taurus          0.4038910 0.4299510 0.4032796 0.4149340 0.3963013 0.4843497 0.0000000 
