7
Ceratotherium_simum 0.0000000 0.0251028 0.3239138 0.3276665 0.3201723 0.3389558 0.4155124 
Diceros_bicornis    0.0251028 0.0000000 0.3171089 0.3208512 0.3133780 0.3381762 0.3985621 
Equus_asinus        0.3239138 0.3171089 0.0000000 0.0074438 0.0099137 0.4477535 0.4150622 
Equus_quagga        0.3276665 0.3208512 0.0074438 0.0000000 0.0124128 0.4519118 0.4191843 
Equus_caballus      0.3201723 0.3133780 0.0099137 0.0124128 0.0000000 0.4436029 0.4191181 
Canis_lupus         0.3389558 0.3381762 0.4477535 0.4519118 0.4436029 0.0000000 0.4035684 
Bos_taurus          0.4155124 0.3985621 0.4150622 0.4191843 0.4191181 0.4035684 0.0000000 
