7
Ceratotherium_simum 0.0000000 0.0032435 0.0294241 0.0289984 0.0294239 0.0673904 0.0765495 
Diceros_bicornis    0.0032435 0.0000000 0.0294420 0.0290160 0.0294418 0.0678791 0.0775036 
Equus_asinus        0.0294241 0.0294420 0.0000000 0.0020253 0.0024313 0.0637934 0.0728986 
Equus_quagga        0.0289984 0.0290160 0.0020253 0.0000000 0.0020253 0.0633428 0.0733367 
Equus_caballus      0.0294239 0.0294418 0.0024313 0.0020253 0.0000000 0.0637926 0.0737950 
Canis_lupus         0.0673904 0.0678791 0.0637934 0.0633428 0.0637926 0.0000000 0.0870774 
Bos_taurus          0.0765495 0.0775036 0.0728986 0.0733367 0.0737950 0.0870774 0.0000000 
