7
Ceratotherium_simum 0.0000000 0.1415071 0.1536417 0.3111886 0.1502462 0.2206900 0.4255027 
Diceros_bicornis    0.1415071 0.0000000 0.3059347 0.2472605 0.3015590 0.3891092 0.4218703 
Equus_asinus        0.1536417 0.3059347 0.0000000 0.1284300 0.0192967 0.2227696 0.4329701 
Equus_quagga        0.3111886 0.2472605 0.1284300 0.0000000 0.1390442 0.3860721 0.5059885 
Equus_caballus      0.1502462 0.3015590 0.0192967 0.1390442 0.0000000 0.2191331 0.4280773 
Canis_lupus         0.2206900 0.3891092 0.2227696 0.3860721 0.2191331 0.0000000 0.4379997 
Bos_taurus          0.4255027 0.4218703 0.4329701 0.5059885 0.4280773 0.4379997 0.0000000 
