7
Ceratotherium_simum 0.0000000 0.0148869 0.0778196 0.0942291 0.0778196 0.5935230 0.2321406 
Diceros_bicornis    0.0148869 0.0000000 0.0616973 0.0778196 0.0616973 0.6211746 0.2530141 
Equus_asinus        0.0778196 0.0616973 0.0000000 0.0149132 0.0000010 0.5061544 0.2097634 
Equus_quagga        0.0942291 0.0778196 0.0149132 0.0000000 0.0149132 0.5320269 0.2295704 
Equus_caballus      0.0778196 0.0616973 0.0000010 0.0149132 0.0000000 0.5061544 0.2097634 
Canis_lupus         0.5935230 0.6211746 0.5061544 0.5320269 0.5061544 0.0000000 0.5759191 
Bos_taurus          0.2321406 0.2530141 0.2097634 0.2295704 0.2097634 0.5759191 0.0000000 
