7
Ceratotherium_simum 0.0000000 0.0181861 0.1146998 0.1236222 0.1208543 0.4760962 0.3518562 
Diceros_bicornis    0.0181861 0.0000000 0.1203772 0.1293251 0.1265605 0.4695220 0.3546064 
Equus_asinus        0.1146998 0.1203772 0.0000000 0.0129388 0.0103515 0.4688880 0.3319321 
Equus_quagga        0.1236222 0.1293251 0.0129388 0.0000000 0.0181897 0.4782269 0.3431915 
Equus_caballus      0.1208543 0.1265605 0.0103515 0.0181897 0.0000000 0.4625936 0.3235874 
Canis_lupus         0.4760962 0.4695220 0.4688880 0.4782269 0.4625936 0.0000000 0.6943860 
Bos_taurus          0.3518562 0.3546064 0.3319321 0.3431915 0.3235874 0.6943860 0.0000000 
