7
Ceratotherium_simum 0.0000000 0.0184544 0.2118585 0.7435024 0.2037716 0.4990684 0.3022661 
Diceros_bicornis    0.0184544 0.0000000 0.2079823 0.6758144 0.1918491 0.4621801 0.3053464 
Equus_asinus        0.2118585 0.2079823 0.0000000 0.3785213 0.0310157 0.5718241 0.3496342 
Equus_quagga        0.7435024 0.6758144 0.3785213 0.0000000 0.4219642 0.8327897 0.9456386 
Equus_caballus      0.2037716 0.1918491 0.0310157 0.4219642 0.0000000 0.5917527 0.3672538 
Canis_lupus         0.4990684 0.4621801 0.5718241 0.8327897 0.5917527 0.0000000 0.5912771 
Bos_taurus          0.3022661 0.3053464 0.3496342 0.9456386 0.3672538 0.5912771 0.0000000 
