7
Ceratotherium_simum 0.0000000 0.0018216 0.0237875 0.0237875 0.0237787 0.0413459 0.0500024 
Diceros_bicornis    0.0018216 0.0000000 0.0237932 0.0237932 0.0237843 0.0413565 0.0494422 
Equus_asinus        0.0237875 0.0237932 0.0000000 0.0000010 0.0018210 0.0462144 0.0550092 
Equus_quagga        0.0237875 0.0237932 0.0000010 0.0000000 0.0018210 0.0462144 0.0550092 
Equus_caballus      0.0237787 0.0237843 0.0018210 0.0018210 0.0000000 0.0461957 0.0549864 
Canis_lupus         0.0413459 0.0413565 0.0462144 0.0462144 0.0461957 0.0000000 0.0603009 
Bos_taurus          0.0500024 0.0494422 0.0550092 0.0550092 0.0549864 0.0603009 0.0000000 
