7
Ceratotherium_simum 0.0000000 0.0109002 0.1392959 0.1408895 0.1418409 0.2490776 0.3590199 
Diceros_bicornis    0.0109002 0.0000000 0.1382400 0.1398304 0.1407808 0.2468581 0.3584926 
Equus_asinus        0.1392959 0.1382400 0.0000000 0.0037575 0.0088016 0.2657918 0.3715979 
Equus_quagga        0.1408895 0.1398304 0.0037575 0.0000000 0.0096483 0.2665941 0.3745665 
Equus_caballus      0.1418409 0.1407808 0.0088016 0.0096483 0.0000000 0.2688171 0.3697120 
Canis_lupus         0.2490776 0.2468581 0.2657918 0.2665941 0.2688171 0.0000000 0.4130029 
Bos_taurus          0.3590199 0.3584926 0.3715979 0.3745665 0.3697120 0.4130029 0.0000000 
