7
Ceratotherium_simum 0.0000000 0.1029106 0.4442918 0.1827069 0.4515513 0.5221664 0.2848639 
Diceros_bicornis    0.1029106 0.0000000 0.2832198 0.0866327 0.2886427 0.3525096 0.1673046 
Equus_asinus        0.4442918 0.2832198 0.0000000 0.1857162 0.0083975 0.1357434 0.3857873 
Equus_quagga        0.1827069 0.0866327 0.1857162 0.0000000 0.1918906 0.3717135 0.1656205 
Equus_caballus      0.4515513 0.2886427 0.0083975 0.1918906 0.0000000 0.1427550 0.3866861 
Canis_lupus         0.5221664 0.3525096 0.1357434 0.3717135 0.1427550 0.0000000 0.3934735 
Bos_taurus          0.2848639 0.1673046 0.3857873 0.1656205 0.3866861 0.3934735 0.0000000 
