7
Ceratotherium_simum 0.0000000 0.0188331 0.1095631 0.1118581 0.1096830 0.1651320 0.2094964 
Diceros_bicornis    0.0188331 0.0000000 0.1261497 0.1285565 0.1263055 0.1752143 0.2223162 
Equus_asinus        0.1095631 0.1261497 0.0000000 0.0041135 0.0074417 0.1656734 0.2160079 
Equus_quagga        0.1118581 0.1285565 0.0041135 0.0000000 0.0082486 0.1656337 0.2232619 
Equus_caballus      0.1096830 0.1263055 0.0074417 0.0082486 0.0000000 0.1653514 0.2236095 
Canis_lupus         0.1651320 0.1752143 0.1656734 0.1656337 0.1653514 0.0000000 0.2246946 
Bos_taurus          0.2094964 0.2223162 0.2160079 0.2232619 0.2236095 0.2246946 0.0000000 
