7
Ceratotherium_simum 0.0000000 0.0125622 0.1760050 0.1760050 0.1743074 0.3628188 0.4251513 
Diceros_bicornis    0.0125622 0.0000000 0.1792645 0.1792645 0.1806917 0.3723320 0.4333659 
Equus_asinus        0.1760050 0.1792645 0.0000000 0.0024785 0.0112336 0.3980933 0.4384453 
Equus_quagga        0.1760050 0.1792645 0.0024785 0.0000000 0.0112336 0.3980933 0.4384453 
Equus_caballus      0.1743074 0.1806917 0.0112336 0.0112336 0.0000000 0.3997254 0.4400730 
Canis_lupus         0.3628188 0.3723320 0.3980933 0.3980933 0.3997254 0.0000000 0.5463343 
Bos_taurus          0.4251513 0.4333659 0.4384453 0.4384453 0.4400730 0.5463343 0.0000000 
