7
Ceratotherium_simum 0.0000000 0.0330366 0.6069243 0.4715355 0.4699817 0.2549018 0.2594365 
Diceros_bicornis    0.0330366 0.0000000 0.6391650 0.4399293 0.4384144 0.2901442 0.2806355 
Equus_asinus        0.6069243 0.6391650 0.0000000 0.4609978 0.4721157 0.8230756 0.7798903 
Equus_quagga        0.4715355 0.4399293 0.4609978 0.0000000 0.0165780 0.6367667 0.6008713 
Equus_caballus      0.4699817 0.4384144 0.4721157 0.0165780 0.0000000 0.6404411 0.6018099 
Canis_lupus         0.2549018 0.2901442 0.8230756 0.6367667 0.6404411 0.0000000 0.3104891 
Bos_taurus          0.2594365 0.2806355 0.7798903 0.6008713 0.6018099 0.3104891 0.0000000 
