7
Ceratotherium_simum 0.0000000 0.0165359 0.2000782 0.2109063 0.2124734 0.3636394 0.3678643 
Diceros_bicornis    0.0165359 0.0000000 0.1899742 0.2006607 0.2021263 0.3450460 0.3496994 
Equus_asinus        0.2000782 0.1899742 0.0000000 0.0104750 0.0166022 0.3966630 0.3942528 
Equus_quagga        0.2109063 0.2006607 0.0104750 0.0000000 0.0243422 0.4084001 0.4051933 
Equus_caballus      0.2124734 0.2021263 0.0166022 0.0243422 0.0000000 0.4174037 0.4092866 
Canis_lupus         0.3636394 0.3450460 0.3966630 0.4084001 0.4174037 0.0000000 0.4553377 
Bos_taurus          0.3678643 0.3496994 0.3942528 0.4051933 0.4092866 0.4553377 0.0000000 
