7
Ceratotherium_simum 0.0000000 0.0035234 0.0466132 0.0462944 0.0492687 0.1012017 9.0000000 
Diceros_bicornis    0.0035234 0.0000000 0.0478863 0.0475670 0.0505487 0.1022612 9.0000000 
Equus_asinus        0.0466132 0.0478863 0.0000000 0.0020502 0.0064787 0.1008458 9.0000000 
Equus_quagga        0.0462944 0.0475670 0.0020502 0.0000000 0.0061829 0.1012173 9.0000000 
Equus_caballus      0.0492687 0.0505487 0.0064787 0.0061829 0.0000000 0.1031304 9.0000000 
Canis_lupus         0.1012017 0.1022612 0.1008458 0.1012173 0.1031304 0.0000000 9.0000000 
Bos_taurus          9.0000000 9.0000000 9.0000000 9.0000000 9.0000000 9.0000000 0.0000000 
