7
Ceratotherium_simum 0.0000000 0.0430480 0.2205700 0.2103873 0.2033033 0.4888454 0.4436616 
Diceros_bicornis    0.0430480 0.0000000 0.2034439 0.1934852 0.1867496 0.4790762 0.4431771 
Equus_asinus        0.2205700 0.2034439 0.0000000 0.0075640 0.0269579 0.4688109 0.4285290 
Equus_quagga        0.2103873 0.1934852 0.0075640 0.0000000 0.0191613 0.4556290 0.4411539 
Equus_caballus      0.2033033 0.1867496 0.0269579 0.0191613 0.0000000 0.4372127 0.4280740 
Canis_lupus         0.4888454 0.4790762 0.4688109 0.4556290 0.4372127 0.0000000 0.6086626 
Bos_taurus          0.4436616 0.4431771 0.4285290 0.4411539 0.4280740 0.6086626 0.0000000 
