7
Ceratotherium_simum 0.0000000 0.0077026 0.0311227 0.0311227 0.0393832 9.0000000 0.1846863 
Diceros_bicornis    0.0077026 0.0000000 0.0313298 0.0313298 0.0396511 9.0000000 0.1964530 
Equus_asinus        0.0311227 0.0313298 0.0000000 0.0000010 0.0233662 9.0000000 0.2047959 
Equus_quagga        0.0311227 0.0313298 0.0000010 0.0000000 0.0233662 9.0000000 0.2047959 
Equus_caballus      0.0393832 0.0396511 0.0233662 0.0233662 0.0000000 8.6578118 0.2170537 
Canis_lupus         9.0000000 9.0000000 9.0000000 9.0000000 8.6578118 0.0000000 7.5904921 
Bos_taurus          0.1846863 0.1964530 0.2047959 0.2047959 0.2170537 7.5904921 0.0000000 
