7
Ceratotherium_simum 0.0000000 0.0096986 0.0920768 0.0549605 0.0562534 0.2019866 0.0692890 
Diceros_bicornis    0.0096986 0.0000000 0.0943066 0.0496802 0.0497099 0.1021208 0.0676817 
Equus_asinus        0.0920768 0.0943066 0.0000000 0.0388584 0.0426099 0.2627613 0.1238051 
Equus_quagga        0.0549605 0.0496802 0.0388584 0.0000000 0.0035337 0.2184905 0.0848392 
Equus_caballus      0.0562534 0.0497099 0.0426099 0.0035337 0.0000000 0.2201791 0.0862001 
Canis_lupus         0.2019866 0.1021208 0.2627613 0.2184905 0.2201791 0.0000000 0.2000851 
Bos_taurus          0.0692890 0.0676817 0.1238051 0.0848392 0.0862001 0.2000851 0.0000000 
