7
Ceratotherium_simum 0.0000000 0.0214411 0.0832433 0.0815606 0.0798844 0.1042620 0.1212353 
Diceros_bicornis    0.0214411 0.0000000 0.0788944 0.0781147 0.0757837 0.0899615 0.1078536 
Equus_asinus        0.0832433 0.0788944 0.0000000 0.0024239 0.0048646 0.1306324 0.1484854 
Equus_quagga        0.0815606 0.0781147 0.0024239 0.0000000 0.0048646 0.1279808 0.1466240 
Equus_caballus      0.0798844 0.0757837 0.0048646 0.0048646 0.0000000 0.1253425 0.1447681 
Canis_lupus         0.1042620 0.0899615 0.1306324 0.1279808 0.1253425 0.0000000 0.1309201 
Bos_taurus          0.1212353 0.1078536 0.1484854 0.1466240 0.1447681 0.1309201 0.0000000 
