7
Ceratotherium_simum 0.0000000 0.0032013 0.0333883 0.0322801 0.0298162 0.0662508 0.0802059 
Diceros_bicornis    0.0032013 0.0000000 0.0321106 0.0310044 0.0285573 0.0646954 0.0779656 
Equus_asinus        0.0333883 0.0321106 0.0000000 0.0042504 0.0031740 0.0535517 0.0721197 
Equus_quagga        0.0322801 0.0310044 0.0042504 0.0000000 0.0031850 0.0538245 0.0710366 
Equus_caballus      0.0298162 0.0285573 0.0031740 0.0031850 0.0000000 0.0497445 0.0681346 
Canis_lupus         0.0662508 0.0646954 0.0535517 0.0538245 0.0497445 0.0000000 0.0684264 
Bos_taurus          0.0802059 0.0779656 0.0721197 0.0710366 0.0681346 0.0684264 0.0000000 
