7
Ceratotherium_simum 0.0000000 0.0030732 0.1057469 0.1057469 0.0642907 0.1394582 0.1909537 
Diceros_bicornis    0.0030732 0.0000000 0.1025663 0.1025663 0.0621564 0.1369785 0.1881768 
Equus_asinus        0.1057469 0.1025663 0.0000000 0.0000010 0.0419576 0.1915351 0.2604224 
Equus_quagga        0.1057469 0.1025663 0.0000010 0.0000000 0.0419576 0.1915351 0.2604224 
Equus_caballus      0.0642907 0.0621564 0.0419576 0.0419576 0.0000000 0.1450494 0.2021519 
Canis_lupus         0.1394582 0.1369785 0.1915351 0.1915351 0.1450494 0.0000000 0.2118985 
Bos_taurus          0.1909537 0.1881768 0.2604224 0.2604224 0.2021519 0.2118985 0.0000000 
