7
Ceratotherium_simum 0.0000000 0.0238761 0.2507993 0.2447996 0.2367685 0.4998297 0.4896676 
Diceros_bicornis    0.0238761 0.0000000 0.2527837 0.2467546 0.2415091 0.5055015 0.4840120 
Equus_asinus        0.2507993 0.2527837 0.0000000 0.0081891 0.0398285 0.5136461 0.5259840 
Equus_quagga        0.2447996 0.2467546 0.0081891 0.0000000 0.0376449 0.5048527 0.5211336 
Equus_caballus      0.2367685 0.2415091 0.0398285 0.0376449 0.0000000 0.5119369 0.5261592 
Canis_lupus         0.4998297 0.5055015 0.5136461 0.5048527 0.5119369 0.0000000 0.6751267 
Bos_taurus          0.4896676 0.4840120 0.5259840 0.5211336 0.5261592 0.6751267 0.0000000 
