7
Ceratotherium_simum 0.0000000 0.1046602 0.0524392 0.0540917 0.0339232 0.0459693 0.0516188 
Diceros_bicornis    0.1046602 0.0000000 0.1465314 0.1487521 0.1431194 0.1374547 0.1634894 
Equus_asinus        0.0524392 0.1465314 0.0000000 0.0006712 0.0090311 0.0291566 0.0550098 
Equus_quagga        0.0540917 0.1487521 0.0006712 0.0000000 0.0099030 0.0304057 0.0567199 
Equus_caballus      0.0339232 0.1431194 0.0090311 0.0099030 0.0000000 0.0456833 0.0419115 
Canis_lupus         0.0459693 0.1374547 0.0291566 0.0304057 0.0456833 0.0000000 0.0541609 
Bos_taurus          0.0516188 0.1634894 0.0550098 0.0567199 0.0419115 0.0541609 0.0000000 
