7
Ceratotherium_simum 0.0000000 0.0191643 0.1852606 0.1852606 0.1861010 0.3267303 0.3308308 
Diceros_bicornis    0.0191643 0.0000000 0.1837541 0.1891611 0.1899464 0.3107161 0.3244822 
Equus_asinus        0.1852606 0.1837541 0.0000000 0.0043427 0.0175608 0.3442746 0.3327316 
Equus_quagga        0.1852606 0.1891611 0.0043427 0.0000000 0.0131330 0.3376446 0.3392380 
Equus_caballus      0.1861010 0.1899464 0.0175608 0.0131330 0.0000000 0.3461477 0.3345617 
Canis_lupus         0.3267303 0.3107161 0.3442746 0.3376446 0.3461477 0.0000000 0.4640480 
Bos_taurus          0.3308308 0.3244822 0.3327316 0.3392380 0.3345617 0.4640480 0.0000000 
