7
Ceratotherium_simum 0.0000000 0.0314619 0.0819384 0.0823780 0.0810456 0.1229436 0.1311843 
Diceros_bicornis    0.0314619 0.0000000 0.0504215 0.0507611 0.0495015 0.0867777 0.0941083 
Equus_asinus        0.0819384 0.0504215 0.0000000 0.0017363 0.0026090 0.0858315 0.0968044 
Equus_quagga        0.0823780 0.0507611 0.0017363 0.0000000 0.0030483 0.0864447 0.0975988 
Equus_caballus      0.0810456 0.0495015 0.0026090 0.0030483 0.0000000 0.0840199 0.0954763 
Canis_lupus         0.1229436 0.0867777 0.0858315 0.0864447 0.0840199 0.0000000 0.1100662 
Bos_taurus          0.1311843 0.0941083 0.0968044 0.0975988 0.0954763 0.1100662 0.0000000 
