7
Ceratotherium_simum 0.0000000 0.0035310 0.0550968 0.0528980 0.0578123 0.0981609 0.1304825 
Diceros_bicornis    0.0035310 0.0000000 0.0501216 0.0479732 0.0527285 0.0917739 0.1231468 
Equus_asinus        0.0550968 0.0501216 0.0000000 0.0017403 0.0052890 0.0891540 0.1321911 
Equus_quagga        0.0528980 0.0479732 0.0017403 0.0000000 0.0070745 0.0867735 0.1295616 
Equus_caballus      0.0578123 0.0527285 0.0052890 0.0070745 0.0000000 0.0924599 0.1364084 
Canis_lupus         0.0981609 0.0917739 0.0891540 0.0867735 0.0924599 0.0000000 0.1560024 
Bos_taurus          0.1304825 0.1231468 0.1321911 0.1295616 0.1364084 0.1560024 0.0000000 
