7
Ceratotherium_simum 0.0000000 0.0092036 0.3024646 0.3024646 0.3025486 0.5612689 0.4505263 
Diceros_bicornis    0.0092036 0.0000000 0.2940455 0.2940455 0.2941272 0.5472005 0.4440059 
Equus_asinus        0.3024646 0.2940455 0.0000000 0.0036691 0.0110607 0.6045358 0.3771581 
Equus_quagga        0.3024646 0.2940455 0.0036691 0.0000000 0.0073566 0.6045358 0.3771581 
Equus_caballus      0.3025486 0.2941272 0.0110607 0.0073566 0.0000000 0.5977340 0.3712772 
Canis_lupus         0.5612689 0.5472005 0.6045358 0.6045358 0.5977340 0.0000000 0.6271139 
Bos_taurus          0.4505263 0.4440059 0.3771581 0.3771581 0.3712772 0.6271139 0.0000000 
