7
Ceratotherium_simum 0.0000000 0.0496449 0.1700582 0.1700582 0.1451061 1.6946606 0.3475625 
Diceros_bicornis    0.0496449 0.0000000 0.1954609 0.1954609 0.1700582 1.6946606 0.3969572 
Equus_asinus        0.1700582 0.1954609 0.0000000 0.0000010 0.0194252 1.7771780 0.3467072 
Equus_quagga        0.1700582 0.1954609 0.0000010 0.0000000 0.0194252 1.7771780 0.3467072 
Equus_caballus      0.1451061 0.1700582 0.0194252 0.0194252 0.0000000 1.8142054 0.3467072 
Canis_lupus         1.6946606 1.6946606 1.7771780 1.7771780 1.8142054 0.0000000 1.6122138 
Bos_taurus          0.3475625 0.3969572 0.3467072 0.3467072 0.3467072 1.6122138 0.0000000 
