7
Ceratotherium_simum 0.0000000 0.0112922 0.0524941 0.0529355 0.0517932 0.0871893 0.1289878 
Diceros_bicornis    0.0112922 0.0000000 0.0540045 0.0544485 0.0533034 0.0899387 0.1302083 
Equus_asinus        0.0524941 0.0540045 0.0000000 0.0035940 0.0029391 0.0853382 0.1239161 
Equus_quagga        0.0529355 0.0544485 0.0035940 0.0000000 0.0032652 0.0843581 0.1242708 
Equus_caballus      0.0517932 0.0533034 0.0029391 0.0032652 0.0000000 0.0830950 0.1234168 
Canis_lupus         0.0871893 0.0899387 0.0853382 0.0843581 0.0830950 0.0000000 0.1427962 
Bos_taurus          0.1289878 0.1302083 0.1239161 0.1242708 0.1234168 0.1427962 0.0000000 
