7
Ceratotherium_simum 0.0000000 0.0884512 0.2657856 0.5093053 0.1794092 0.3613877 0.3433287 
Diceros_bicornis    0.0884512 0.0000000 0.2659263 0.5160941 0.1820721 0.3577781 0.3519742 
Equus_asinus        0.2657856 0.2659263 0.0000000 0.5753214 0.1031036 0.4800613 0.4515002 
Equus_quagga        0.5093053 0.5160941 0.5753214 0.0000000 0.4847310 0.5969660 0.5393820 
Equus_caballus      0.1794092 0.1820721 0.1031036 0.4847310 0.0000000 0.3496702 0.3372147 
Canis_lupus         0.3613877 0.3577781 0.4800613 0.5969660 0.3496702 0.0000000 0.3477886 
Bos_taurus          0.3433287 0.3519742 0.4515002 0.5393820 0.3372147 0.3477886 0.0000000 
