7
Ceratotherium_simum 0.0000000 0.0069883 0.0724243 0.0730759 0.0731271 0.1744164 0.1426344 
Diceros_bicornis    0.0069883 0.0000000 0.0693108 0.0699554 0.0700041 0.1727716 0.1374374 
Equus_asinus        0.0724243 0.0693108 0.0000000 0.0039776 0.0024801 0.1494844 0.1388014 
Equus_quagga        0.0730759 0.0699554 0.0039776 0.0000000 0.0044826 0.1462443 0.1382399 
Equus_caballus      0.0731271 0.0700041 0.0024801 0.0044826 0.0000000 0.1471817 0.1383523 
Canis_lupus         0.1744164 0.1727716 0.1494844 0.1462443 0.1471817 0.0000000 0.1759507 
Bos_taurus          0.1426344 0.1374374 0.1388014 0.1382399 0.1383523 0.1759507 0.0000000 
