7
Ceratotherium_simum 0.0000000 0.0337478 0.1102039 0.1101257 0.1027749 0.2814007 0.1873795 
Diceros_bicornis    0.0337478 0.0000000 0.0877085 0.0836041 0.0840911 0.2429821 0.1743274 
Equus_asinus        0.1102039 0.0877085 0.0000000 0.0118257 0.0082465 0.2401729 0.1826179 
Equus_quagga        0.1101257 0.0836041 0.0118257 0.0000000 0.0140490 0.2417610 0.1867091 
Equus_caballus      0.1027749 0.0840911 0.0082465 0.0140490 0.0000000 0.2354882 0.1775204 
Canis_lupus         0.2814007 0.2429821 0.2401729 0.2417610 0.2354882 0.0000000 0.2804084 
Bos_taurus          0.1873795 0.1743274 0.1826179 0.1867091 0.1775204 0.2804084 0.0000000 
