7
Ceratotherium_simum 0.0000000 0.0113739 0.2332522 0.2332522 0.2153792 0.3442216 0.3256879 
Diceros_bicornis    0.0113739 0.0000000 0.2488751 0.2488751 0.2305529 0.3621258 0.3421762 
Equus_asinus        0.2332522 0.2488751 0.0000000 0.0000010 0.0348375 0.4358269 0.3817038 
Equus_quagga        0.2332522 0.2488751 0.0000010 0.0000000 0.0348375 0.4358269 0.3817038 
Equus_caballus      0.2153792 0.2305529 0.0348375 0.0348375 0.0000000 0.4472412 0.3926331 
Canis_lupus         0.3442216 0.3621258 0.4358269 0.4358269 0.4472412 0.0000000 0.4509832 
Bos_taurus          0.3256879 0.3421762 0.3817038 0.3817038 0.3926331 0.4509832 0.0000000 
