7
Ceratotherium_simum 0.0000000 0.0175625 0.1983196 0.1996841 0.1954572 0.3078032 0.7830395 
Diceros_bicornis    0.0175625 0.0000000 0.2042929 0.2056677 0.2014047 0.3182082 0.7775750 
Equus_asinus        0.1983196 0.2042929 0.0000000 0.0010688 0.0096815 0.2997408 0.8717055 
Equus_quagga        0.1996841 0.2056677 0.0010688 0.0000000 0.0107634 0.3012593 0.8742709 
Equus_caballus      0.1954572 0.2014047 0.0096815 0.0107634 0.0000000 0.2980792 0.8690064 
Canis_lupus         0.3078032 0.3182082 0.2997408 0.3012593 0.2980792 0.0000000 0.9701814 
Bos_taurus          0.7830395 0.7775750 0.8717055 0.8742709 0.8690064 0.9701814 0.0000000 
