7
Ceratotherium_simum 0.0000000 0.0055294 0.0989958 0.0981116 0.1036485 0.0934182 0.1571501 
Diceros_bicornis    0.0055294 0.0000000 0.1020717 0.1011850 0.1067751 0.0946772 0.1575608 
Equus_asinus        0.0989958 0.1020717 0.0000000 0.0025804 0.0063211 0.1443757 0.2074531 
Equus_quagga        0.0981116 0.1011850 0.0025804 0.0000000 0.0067042 0.1431431 0.2073514 
Equus_caballus      0.1036485 0.1067751 0.0063211 0.0067042 0.0000000 0.1460648 0.2107269 
Canis_lupus         0.0934182 0.0946772 0.1443757 0.1431431 0.1460648 0.0000000 0.1350503 
Bos_taurus          0.1571501 0.1575608 0.2074531 0.2073514 0.2107269 0.1350503 0.0000000 
