7
Ceratotherium_simum 0.0000000 0.0000010 0.1915715 0.1909710 0.1826919 0.2333701 0.2779977 
Diceros_bicornis    0.0000010 0.0000000 0.1915715 0.1909710 0.1826919 0.2333701 0.2779977 
Equus_asinus        0.1915715 0.1915715 0.0000000 0.0131292 0.0333710 0.2752270 0.2858293 
Equus_quagga        0.1909710 0.1909710 0.0131292 0.0000000 0.0332905 0.2742378 0.2847650 
Equus_caballus      0.1826919 0.1826919 0.0333710 0.0332905 0.0000000 0.2696620 0.2800493 
Canis_lupus         0.2333701 0.2333701 0.2752270 0.2742378 0.2696620 0.0000000 0.2773941 
Bos_taurus          0.2779977 0.2779977 0.2858293 0.2847650 0.2800493 0.2773941 0.0000000 
