7
Ceratotherium_simum 0.0000000 0.0042014 0.1878901 0.1868319 0.0407786 0.1119626 0.0905184 
Diceros_bicornis    0.0042014 0.0000000 0.1921724 0.1911068 0.0430576 0.1145830 0.0930127 
Equus_asinus        0.1878901 0.1921724 0.0000000 0.0007271 0.1503191 0.2622640 0.2524156 
Equus_quagga        0.1868319 0.1911068 0.0007271 0.0000000 0.1512741 0.2633937 0.2535210 
Equus_caballus      0.0407786 0.0430576 0.1503191 0.1512741 0.0000000 0.1098554 0.0951859 
Canis_lupus         0.1119626 0.1145830 0.2622640 0.2633937 0.1098554 0.0000000 0.1355382 
Bos_taurus          0.0905184 0.0930127 0.2524156 0.2535210 0.0951859 0.1355382 0.0000000 
