7
Ceratotherium_simum 0.0000000 0.0175513 0.3098357 0.3165051 0.3093676 0.3099051 0.4277828 
Diceros_bicornis    0.0175513 0.0000000 0.2855532 0.2920640 0.2893053 0.3177890 0.4083245 
Equus_asinus        0.3098357 0.2855532 0.0000000 0.0066145 0.0079336 0.4080954 0.5091866 
Equus_quagga        0.3165051 0.2920640 0.0066145 0.0000000 0.0092763 0.4087513 0.5135985 
Equus_caballus      0.3093676 0.2893053 0.0079336 0.0092763 0.0000000 0.4073781 0.5139493 
Canis_lupus         0.3099051 0.3177890 0.4080954 0.4087513 0.4073781 0.0000000 0.4259899 
Bos_taurus          0.4277828 0.4083245 0.5091866 0.5135985 0.5139493 0.4259899 0.0000000 
