7
Ceratotherium_simum 0.0000000 0.0035154 0.0414729 0.0414729 0.0426187 0.0804619 0.0946457 
Diceros_bicornis    0.0035154 0.0000000 0.0404111 0.0404111 0.0415511 0.0829002 0.0973648 
Equus_asinus        0.0414729 0.0404111 0.0000000 0.0000010 0.0008756 0.0914796 0.1097406 
Equus_quagga        0.0414729 0.0404111 0.0000010 0.0000000 0.0008756 0.0914796 0.1097406 
Equus_caballus      0.0426187 0.0415511 0.0008756 0.0008756 0.0000000 0.0929983 0.1114479 
Canis_lupus         0.0804619 0.0829002 0.0914796 0.0914796 0.0929983 0.0000000 0.1510938 
Bos_taurus          0.0946457 0.0973648 0.1097406 0.1097406 0.1114479 0.1510938 0.0000000 
