7
Ceratotherium_simum 0.0000000 0.0055342 0.0388103 0.0377827 0.0437622 0.0778999 0.0737963 
Diceros_bicornis    0.0055342 0.0000000 0.0435250 0.0424848 0.0486525 0.0807037 0.0735731 
Equus_asinus        0.0388103 0.0435250 0.0000000 0.0027347 0.0093517 0.0877908 0.0795862 
Equus_quagga        0.0377827 0.0424848 0.0027347 0.0000000 0.0122592 0.0908317 0.0784800 
Equus_caballus      0.0437622 0.0486525 0.0093517 0.0122592 0.0000000 0.0947708 0.0848112 
Canis_lupus         0.0778999 0.0807037 0.0877908 0.0908317 0.0947708 0.0000000 0.1052991 
Bos_taurus          0.0737963 0.0735731 0.0795862 0.0784800 0.0848112 0.1052991 0.0000000 
