7
Ceratotherium_simum 0.0000000 0.0748210 0.2059592 0.2082847 0.2068311 0.2962512 0.3176317 
Diceros_bicornis    0.0748210 0.0000000 0.1267304 0.1286937 0.1290228 0.2237431 0.2279298 
Equus_asinus        0.2059592 0.1267304 0.0000000 0.0046495 0.0093424 0.2408612 0.2668375 
Equus_quagga        0.2082847 0.1286937 0.0046495 0.0000000 0.0109198 0.2384240 0.2663928 
Equus_caballus      0.2068311 0.1290228 0.0093424 0.0109198 0.0000000 0.2370698 0.2659078 
Canis_lupus         0.2962512 0.2237431 0.2408612 0.2384240 0.2370698 0.0000000 0.3146538 
Bos_taurus          0.3176317 0.2279298 0.2668375 0.2663928 0.2659078 0.3146538 0.0000000 
