7
Ceratotherium_simum 0.0000000 0.0046086 0.0442788 0.0414288 0.0421995 0.0786312 0.0882659 
Diceros_bicornis    0.0046086 0.0000000 0.0430918 0.0402706 0.0410373 0.0775617 0.0850794 
Equus_asinus        0.0442788 0.0430918 0.0000000 0.0030428 0.0045854 0.0763041 0.0865422 
Equus_quagga        0.0414288 0.0402706 0.0030428 0.0000000 0.0030469 0.0730311 0.0832005 
Equus_caballus      0.0421995 0.0410373 0.0045854 0.0030469 0.0000000 0.0737627 0.0838967 
Canis_lupus         0.0786312 0.0775617 0.0763041 0.0730311 0.0737627 0.0000000 0.1025736 
Bos_taurus          0.0882659 0.0850794 0.0865422 0.0832005 0.0838967 0.1025736 0.0000000 
