7
Ceratotherium_simum 0.0000000 0.0211151 0.0782837 0.0825763 0.0804559 0.1648024 0.2764886 
Diceros_bicornis    0.0211151 0.0000000 0.0850145 0.0893677 0.0872200 0.1751948 0.2863215 
Equus_asinus        0.0782837 0.0850145 0.0000000 0.0037771 0.0132940 0.1556728 0.2451618 
Equus_quagga        0.0825763 0.0893677 0.0037771 0.0000000 0.0171458 0.1605266 0.2448234 
Equus_caballus      0.0804559 0.0872200 0.0132940 0.0171458 0.0000000 0.1555433 0.2449864 
Canis_lupus         0.1648024 0.1751948 0.1556728 0.1605266 0.1555433 0.0000000 0.3021868 
Bos_taurus          0.2764886 0.2863215 0.2451618 0.2448234 0.2449864 0.3021868 0.0000000 
