7
Ceratotherium_simum 0.0000000 0.0233973 0.1859608 0.1905830 0.1903967 0.3790147 0.4217285 
Diceros_bicornis    0.0233973 0.0000000 0.1776092 0.1837928 0.1820072 0.3733129 0.4211575 
Equus_asinus        0.1859608 0.1776092 0.0000000 0.0114594 0.0148309 0.4325536 0.5107630 
Equus_quagga        0.1905830 0.1837928 0.0114594 0.0000000 0.0231593 0.4338502 0.5110029 
Equus_caballus      0.1903967 0.1820072 0.0148309 0.0231593 0.0000000 0.4396338 0.5093816 
Canis_lupus         0.3790147 0.3733129 0.4325536 0.4338502 0.4396338 0.0000000 0.5149373 
Bos_taurus          0.4217285 0.4211575 0.5107630 0.5110029 0.5093816 0.5149373 0.0000000 
