7
Ceratotherium_simum 0.0000000 0.0116148 0.0891109 0.0905853 0.0913353 0.1642597 0.1839458 
Diceros_bicornis    0.0116148 0.0000000 0.0853170 0.0867850 0.0875312 0.1629158 0.1821346 
Equus_asinus        0.0891109 0.0853170 0.0000000 0.0036247 0.0059391 0.1509534 0.1788982 
Equus_quagga        0.0905853 0.0867850 0.0036247 0.0000000 0.0069358 0.1522501 0.1802576 
Equus_caballus      0.0913353 0.0875312 0.0059391 0.0069358 0.0000000 0.1521234 0.1796719 
Canis_lupus         0.1642597 0.1629158 0.1509534 0.1522501 0.1521234 0.0000000 0.2213585 
Bos_taurus          0.1839458 0.1821346 0.1788982 0.1802576 0.1796719 0.2213585 0.0000000 
