7
Ceratotherium_simum 0.0000000 0.0124019 0.0885878 0.0860495 0.0937548 0.1134568 0.1021097 
Diceros_bicornis    0.0124019 0.0000000 0.0886378 0.0860981 0.0938078 0.1109945 0.1021675 
Equus_asinus        0.0885878 0.0886378 0.0000000 0.0070262 0.0106668 0.1284899 0.1182756 
Equus_quagga        0.0860495 0.0860981 0.0070262 0.0000000 0.0106484 0.1342407 0.1200272 
Equus_caballus      0.0937548 0.0938078 0.0106668 0.0106484 0.0000000 0.1463856 0.1308451 
Canis_lupus         0.1134568 0.1109945 0.1284899 0.1342407 0.1463856 0.0000000 0.0877866 
Bos_taurus          0.1021097 0.1021675 0.1182756 0.1200272 0.1308451 0.0877866 0.0000000 
