7
Ceratotherium_simum 0.0000000 0.0058064 0.0474803 0.0463174 0.0451607 0.1098311 0.0957221 
Diceros_bicornis    0.0058064 0.0000000 0.0487799 0.0476086 0.0464444 0.1132048 0.0989445 
Equus_asinus        0.0474803 0.0487799 0.0000000 0.0067609 0.0077467 0.1086496 0.0977966 
Equus_quagga        0.0463174 0.0476086 0.0067609 0.0000000 0.0048138 0.1131460 0.0992310 
Equus_caballus      0.0451607 0.0464444 0.0077467 0.0048138 0.0000000 0.1116617 0.0978248 
Canis_lupus         0.1098311 0.1132048 0.1086496 0.1131460 0.1116617 0.0000000 0.1229319 
Bos_taurus          0.0957221 0.0989445 0.0977966 0.0992310 0.0978248 0.1229319 0.0000000 
