7
Ceratotherium_simum 0.0000000 0.0063750 0.0312324 0.1031728 0.0438534 0.0832765 0.0668229 
Diceros_bicornis    0.0063750 0.0000000 0.0337244 0.1059514 0.0463938 0.0863742 0.0685694 
Equus_asinus        0.0312324 0.0337244 0.0000000 0.0716722 0.0144760 0.0824451 0.0664090 
Equus_quagga        0.1031728 0.1059514 0.0716722 0.0000000 0.0870340 0.1566206 0.1384954 
Equus_caballus      0.0438534 0.0463938 0.0144760 0.0870340 0.0000000 0.0960326 0.0801476 
Canis_lupus         0.0832765 0.0863742 0.0824451 0.1566206 0.0960326 0.0000000 0.0990657 
Bos_taurus          0.0668229 0.0685694 0.0664090 0.1384954 0.0801476 0.0990657 0.0000000 
