7
Ceratotherium_simum 0.0000000 0.0692565 0.1514589 0.1514728 0.1453301 0.2139218 0.2021098 
Diceros_bicornis    0.0692565 0.0000000 0.0925723 0.0911991 0.0859316 0.1535428 0.1404303 
Equus_asinus        0.1514589 0.0925723 0.0000000 0.0034061 0.0125825 0.1661938 0.1663429 
Equus_quagga        0.1514728 0.0911991 0.0034061 0.0000000 0.0114209 0.1646161 0.1647491 
Equus_caballus      0.1453301 0.0859316 0.0125825 0.0114209 0.0000000 0.1587183 0.1602288 
Canis_lupus         0.2139218 0.1535428 0.1661938 0.1646161 0.1587183 0.0000000 0.1867533 
Bos_taurus          0.2021098 0.1404303 0.1663429 0.1647491 0.1602288 0.1867533 0.0000000 
