7
Ceratotherium_simum 0.0000000 0.0223356 0.1219261 0.1203403 0.1219261 0.1342798 0.1478048 
Diceros_bicornis    0.0223356 0.0000000 0.1109715 0.1094489 0.1125177 0.1216594 0.1380513 
Equus_asinus        0.1219261 0.1109715 0.0000000 0.0010716 0.0053957 0.1347071 0.1496572 
Equus_quagga        0.1203403 0.1094489 0.0010716 0.0000000 0.0043093 0.1331142 0.1479524 
Equus_caballus      0.1219261 0.1125177 0.0053957 0.0043093 0.0000000 0.1331142 0.1496572 
Canis_lupus         0.1342798 0.1216594 0.1347071 0.1331142 0.1331142 0.0000000 0.1587130 
Bos_taurus          0.1478048 0.1380513 0.1496572 0.1479524 0.1496572 0.1587130 0.0000000 
