7
Ceratotherium_simum 0.0000000 0.0210092 0.1457503 0.1489158 0.1521121 0.2892399 0.2972487 
Diceros_bicornis    0.0210092 0.0000000 0.1477142 0.1746638 0.1779528 0.2862606 0.2993148 
Equus_asinus        0.1457503 0.1477142 0.0000000 0.0209059 0.0288819 0.2910015 0.3367574 
Equus_quagga        0.1489158 0.1746638 0.0209059 0.0000000 0.0077358 0.2910015 0.3565979 
Equus_caballus      0.1521121 0.1779528 0.0288819 0.0077358 0.0000000 0.2872072 0.3607259 
Canis_lupus         0.2892399 0.2862606 0.2910015 0.2910015 0.2872072 0.0000000 0.3954475 
Bos_taurus          0.2972487 0.2993148 0.3367574 0.3565979 0.3607259 0.3954475 0.0000000 
