7
Ceratotherium_simum 0.0000000 0.0561125 0.3204757 0.3239555 0.2959995 0.3482608 0.3256249 
Diceros_bicornis    0.0561125 0.0000000 0.2710023 0.2680308 0.2484470 0.3471259 0.2718410 
Equus_asinus        0.3204757 0.2710023 0.0000000 0.0155340 0.0383880 0.4046382 0.3655820 
Equus_quagga        0.3239555 0.2680308 0.0155340 0.0000000 0.0360938 0.4196177 0.3692091 
Equus_caballus      0.2959995 0.2484470 0.0383880 0.0360938 0.0000000 0.3949498 0.3466194 
Canis_lupus         0.3482608 0.3471259 0.4046382 0.4196177 0.3949498 0.0000000 0.3710975 
Bos_taurus          0.3256249 0.2718410 0.3655820 0.3692091 0.3466194 0.3710975 0.0000000 
