7
Ceratotherium_simum 0.0000000 0.0213091 0.2408790 0.2284097 0.2257642 0.4784461 0.4298081 
Diceros_bicornis    0.0213091 0.0000000 0.2499301 0.2412300 0.2385816 0.4844905 0.4420845 
Equus_asinus        0.2408790 0.2499301 0.0000000 0.0212630 0.0200011 0.4677191 0.4300810 
Equus_quagga        0.2284097 0.2412300 0.0212630 0.0000000 0.0162034 0.4666464 0.4304968 
Equus_caballus      0.2257642 0.2385816 0.0200011 0.0162034 0.0000000 0.4689927 0.4285464 
Canis_lupus         0.4784461 0.4844905 0.4677191 0.4666464 0.4689927 0.0000000 0.5464248 
Bos_taurus          0.4298081 0.4420845 0.4300810 0.4304968 0.4285464 0.5464248 0.0000000 
