7
Ceratotherium_simum 0.0000000 0.0199259 0.1215006 0.1250287 0.1215006 0.3234841 0.3247319 
Diceros_bicornis    0.0199259 0.0000000 0.1384702 0.1420892 0.1384702 0.3458287 0.3260821 
Equus_asinus        0.1215006 0.1384702 0.0000000 0.0028081 0.0084444 0.3416350 0.3594531 
Equus_quagga        0.1250287 0.1420892 0.0028081 0.0000000 0.0112918 0.3468521 0.3647034 
Equus_caballus      0.1215006 0.1384702 0.0084444 0.0112918 0.0000000 0.3329115 0.3507710 
Canis_lupus         0.3234841 0.3458287 0.3416350 0.3468521 0.3329115 0.0000000 0.4340427 
Bos_taurus          0.3247319 0.3260821 0.3594531 0.3647034 0.3507710 0.4340427 0.0000000 
