7
Ceratotherium_simum 0.0000000 0.0322499 0.2243779 0.2267223 0.2111903 0.6770989 0.4259031 
Diceros_bicornis    0.0322499 0.0000000 0.2291394 0.2367068 0.2159142 0.6232478 0.4028194 
Equus_asinus        0.2243779 0.2291394 0.0000000 0.0073732 0.0177376 0.6907917 0.4696593 
Equus_quagga        0.2267223 0.2367068 0.0073732 0.0000000 0.0224004 0.6603057 0.4537772 
Equus_caballus      0.2111903 0.2159142 0.0177376 0.0224004 0.0000000 0.7051260 0.4599273 
Canis_lupus         0.6770989 0.6232478 0.6907917 0.6603057 0.7051260 0.0000000 0.6761680 
Bos_taurus          0.4259031 0.4028194 0.4696593 0.4537772 0.4599273 0.6761680 0.0000000 
