7
Ceratotherium_simum 0.0000000 0.0149278 0.1279385 0.1344143 0.1308735 0.2044586 0.2418264 
Diceros_bicornis    0.0149278 0.0000000 0.1160392 0.1223628 0.1189306 0.1975379 0.2345102 
Equus_asinus        0.1279385 0.1160392 0.0000000 0.0049551 0.0024644 0.2616079 0.2587543 
Equus_quagga        0.1344143 0.1223628 0.0049551 0.0000000 0.0074438 0.2700640 0.2670650 
Equus_caballus      0.1308735 0.1189306 0.0024644 0.0074438 0.0000000 0.2650756 0.2553483 
Canis_lupus         0.2044586 0.1975379 0.2616079 0.2700640 0.2650756 0.0000000 0.3266141 
Bos_taurus          0.2418264 0.2345102 0.2587543 0.2670650 0.2553483 0.3266141 0.0000000 
