7
Ceratotherium_simum 0.0000000 0.0361559 0.1453239 0.1563407 0.1563292 0.2484674 0.3144745 
Diceros_bicornis    0.0361559 0.0000000 0.1243329 0.1350280 0.1350180 0.2246352 0.3155082 
Equus_asinus        0.1453239 0.1243329 0.0000000 0.0269551 0.0269530 0.1573427 0.2374637 
Equus_quagga        0.1563407 0.1350280 0.0269551 0.0000000 0.0362213 0.1686564 0.2502311 
Equus_caballus      0.1563292 0.1350180 0.0269530 0.0362213 0.0000000 0.1686439 0.2502136 
Canis_lupus         0.2484674 0.2246352 0.1573427 0.1686564 0.1686439 0.0000000 0.2873911 
Bos_taurus          0.3144745 0.3155082 0.2374637 0.2502311 0.2502136 0.2873911 0.0000000 
