7
Ceratotherium_simum 0.0000000 0.1144907 0.1616871 0.1486500 0.1455952 0.2800362 0.2632880 
Diceros_bicornis    0.1144907 0.0000000 0.1617416 0.2483841 0.2517157 0.3923293 0.3988927 
Equus_asinus        0.1616871 0.1617416 0.0000000 0.0077145 0.0155687 0.3407174 0.3227033 
Equus_quagga        0.1486500 0.2483841 0.0077145 0.0000000 0.0148859 0.2897703 0.2757583 
Equus_caballus      0.1455952 0.2517157 0.0155687 0.0148859 0.0000000 0.2890094 0.2742154 
Canis_lupus         0.2800362 0.3923293 0.3407174 0.2897703 0.2890094 0.0000000 0.3883437 
Bos_taurus          0.2632880 0.3988927 0.3227033 0.2757583 0.2742154 0.3883437 0.0000000 
