7
Ceratotherium_simum 0.0000000 0.0208174 0.1576129 0.1641277 0.1579501 0.1953976 0.1865349 
Diceros_bicornis    0.0208174 0.0000000 0.1537417 0.1570001 0.1511082 0.1964060 0.1906716 
Equus_asinus        0.1576129 0.1537417 0.0000000 0.0125195 0.0175927 0.2265667 0.2622968 
Equus_quagga        0.1641277 0.1570001 0.0125195 0.0000000 0.0201627 0.2251227 0.2678622 
Equus_caballus      0.1579501 0.1511082 0.0175927 0.0201627 0.0000000 0.2168853 0.2629377 
Canis_lupus         0.1953976 0.1964060 0.2265667 0.2251227 0.2168853 0.0000000 0.2414352 
Bos_taurus          0.1865349 0.1906716 0.2622968 0.2678622 0.2629377 0.2414352 0.0000000 
