7
Ceratotherium_simum 0.0000000 0.0474324 0.1077387 0.1097522 0.1055275 0.1816844 0.1491449 
Diceros_bicornis    0.0474324 0.0000000 0.0598294 0.0616409 0.0579217 0.1290339 0.1003091 
Equus_asinus        0.1077387 0.0598294 0.0000000 0.0031823 0.0047894 0.1399030 0.1042405 
Equus_quagga        0.1097522 0.0616409 0.0031823 0.0000000 0.0063938 0.1398599 0.1061995 
Equus_caballus      0.1055275 0.0579217 0.0047894 0.0063938 0.0000000 0.1374960 0.1040768 
Canis_lupus         0.1816844 0.1290339 0.1399030 0.1398599 0.1374960 0.0000000 0.1168543 
Bos_taurus          0.1491449 0.1003091 0.1042405 0.1061995 0.1040768 0.1168543 0.0000000 
