7
Ceratotherium_simum 0.0000000 0.0188309 0.1998223 0.1937818 0.1880671 0.5420699 0.4581190 
Diceros_bicornis    0.0188309 0.0000000 0.1787460 0.1726093 0.1667768 0.5368537 0.4048308 
Equus_asinus        0.1998223 0.1787460 0.0000000 0.0222813 0.0177863 0.6226999 0.4726754 
Equus_quagga        0.1937818 0.1726093 0.0222813 0.0000000 0.0132939 0.6220874 0.5054119 
Equus_caballus      0.1880671 0.1667768 0.0177863 0.0132939 0.0000000 0.6146338 0.4975195 
Canis_lupus         0.5420699 0.5368537 0.6226999 0.6220874 0.6146338 0.0000000 0.8120286 
Bos_taurus          0.4581190 0.4048308 0.4726754 0.5054119 0.4975195 0.8120286 0.0000000 
