7
Ceratotherium_simum 0.0000000 0.0082982 0.0516589 0.0516437 0.0523757 0.1159555 0.1339313 
Diceros_bicornis    0.0082982 0.0000000 0.0533702 0.0533545 0.0540853 0.1216169 0.1291036 
Equus_asinus        0.0516589 0.0533702 0.0000000 0.0013553 0.0061812 0.1118107 0.1383729 
Equus_quagga        0.0516437 0.0533545 0.0013553 0.0000000 0.0075757 0.1095266 0.1383281 
Equus_caballus      0.0523757 0.0540853 0.0061812 0.0075757 0.0000000 0.1147122 0.1339925 
Canis_lupus         0.1159555 0.1216169 0.1118107 0.1095266 0.1147122 0.0000000 0.1436598 
Bos_taurus          0.1339313 0.1291036 0.1383729 0.1383281 0.1339925 0.1436598 0.0000000 
