7
Ceratotherium_simum 0.0000000 0.0016121 0.0305177 0.0295495 0.0295919 0.0471964 0.0570924 
Diceros_bicornis    0.0016121 0.0000000 0.0285889 0.0276295 0.0295919 0.0471964 0.0570924 
Equus_asinus        0.0305177 0.0285889 0.0000000 0.0016090 0.0048784 0.0691709 0.0698877 
Equus_quagga        0.0295495 0.0276295 0.0016090 0.0000000 0.0032374 0.0680110 0.0710716 
Equus_caballus      0.0295919 0.0295919 0.0048784 0.0032374 0.0000000 0.0704729 0.0736064 
Canis_lupus         0.0471964 0.0471964 0.0691709 0.0680110 0.0704729 0.0000000 0.0780744 
Bos_taurus          0.0570924 0.0570924 0.0698877 0.0710716 0.0736064 0.0780744 0.0000000 
