7
Ceratotherium_simum 0.0000000 0.0081014 0.0739123 0.0739123 0.0764701 0.1129076 0.1254718 
Diceros_bicornis    0.0081014 0.0000000 0.0752762 0.0752762 0.0778355 0.1143552 0.1194135 
Equus_asinus        0.0739123 0.0752762 0.0000000 0.0000010 0.0057879 0.1121745 0.1073692 
Equus_quagga        0.0739123 0.0752762 0.0000010 0.0000000 0.0057879 0.1121745 0.1073692 
Equus_caballus      0.0764701 0.0778355 0.0057879 0.0057879 0.0000000 0.1137467 0.1089420 
Canis_lupus         0.1129076 0.1143552 0.1121745 0.1121745 0.1137467 0.0000000 0.1543478 
Bos_taurus          0.1254718 0.1194135 0.1073692 0.1073692 0.1089420 0.1543478 0.0000000 
