7
Ceratotherium_simum 0.0000000 0.0264723 0.1810160 0.1810203 0.1953767 0.2877029 0.2759439 
Diceros_bicornis    0.0264723 0.0000000 0.1672772 0.1672898 0.1814886 0.2783389 0.2833477 
Equus_asinus        0.1810160 0.1672772 0.0000000 0.0074638 0.0343337 0.2929941 0.2611046 
Equus_quagga        0.1810203 0.1672898 0.0074638 0.0000000 0.0343497 0.2827815 0.2643254 
Equus_caballus      0.1953767 0.1814886 0.0343337 0.0343497 0.0000000 0.2976970 0.2605812 
Canis_lupus         0.2877029 0.2783389 0.2929941 0.2827815 0.2976970 0.0000000 0.3408774 
Bos_taurus          0.2759439 0.2833477 0.2611046 0.2643254 0.2605812 0.3408774 0.0000000 
