7
Ceratotherium_simum 0.0000000 0.0026543 0.0651423 0.0661156 0.0668505 0.1421846 0.1372783 
Diceros_bicornis    0.0026543 0.0000000 0.0667401 0.0677209 0.0684566 0.1441492 0.1412186 
Equus_asinus        0.0651423 0.0667401 0.0000000 0.0019912 0.0039906 0.1271282 0.1159395 
Equus_quagga        0.0661156 0.0677209 0.0019912 0.0000000 0.0046699 0.1275241 0.1150136 
Equus_caballus      0.0668505 0.0684566 0.0039906 0.0046699 0.0000000 0.1302342 0.1159683 
Canis_lupus         0.1421846 0.1441492 0.1271282 0.1275241 0.1302342 0.0000000 0.1637680 
Bos_taurus          0.1372783 0.1412186 0.1159395 0.1150136 0.1159683 0.1637680 0.0000000 
