7
Ceratotherium_simum 0.0000000 0.0088704 0.0666568 0.0663634 0.0721122 0.1463966 0.1586040 
Diceros_bicornis    0.0088704 0.0000000 0.0644556 0.0641742 0.0691146 0.1457717 0.1548522 
Equus_asinus        0.0666568 0.0644556 0.0000000 0.0034973 0.0076648 0.1500741 0.1346546 
Equus_quagga        0.0663634 0.0641742 0.0034973 0.0000000 0.0082384 0.1491081 0.1318216 
Equus_caballus      0.0721122 0.0691146 0.0076648 0.0082384 0.0000000 0.1540365 0.1347548 
Canis_lupus         0.1463966 0.1457717 0.1500741 0.1491081 0.1540365 0.0000000 0.1999714 
Bos_taurus          0.1586040 0.1548522 0.1346546 0.1318216 0.1347548 0.1999714 0.0000000 
