7
Ceratotherium_simum 0.0000000 0.0102864 0.0831344 0.0825523 0.0833262 0.1199835 0.1203247 
Diceros_bicornis    0.0102864 0.0000000 0.0818814 0.0825470 0.0833209 0.1192445 0.1196471 
Equus_asinus        0.0831344 0.0818814 0.0000000 0.0050498 0.0078536 0.1366363 0.1463438 
Equus_quagga        0.0825523 0.0825470 0.0050498 0.0000000 0.0055213 0.1351930 0.1455925 
Equus_caballus      0.0833262 0.0833209 0.0078536 0.0055213 0.0000000 0.1369640 0.1483013 
Canis_lupus         0.1199835 0.1192445 0.1366363 0.1351930 0.1369640 0.0000000 0.1508785 
Bos_taurus          0.1203247 0.1196471 0.1463438 0.1455925 0.1483013 0.1508785 0.0000000 
