7
Ceratotherium_simum 0.0000000 0.0137157 0.1489650 0.1456802 0.1388344 0.3093890 0.2393695 
Diceros_bicornis    0.0137157 0.0000000 0.1424059 0.1391423 0.1323556 0.3093890 0.2320888 
Equus_asinus        0.1489650 0.1424059 0.0000000 0.0027260 0.0137407 0.2934571 0.2176668 
Equus_quagga        0.1456802 0.1391423 0.0027260 0.0000000 0.0109757 0.2895068 0.2140904 
Equus_caballus      0.1388344 0.1323556 0.0137407 0.0109757 0.0000000 0.2886872 0.2135578 
Canis_lupus         0.3093890 0.3093890 0.2934571 0.2895068 0.2886872 0.0000000 0.2746661 
Bos_taurus          0.2393695 0.2320888 0.2176668 0.2140904 0.2135578 0.2746661 0.0000000 
