7
Ceratotherium_simum 0.0000000 0.0090352 0.0378513 0.0370201 0.0386133 0.0890891 5.3931143 
Diceros_bicornis    0.0090352 0.0000000 0.0362807 0.0354527 0.0370427 0.0882596 5.4617169 
Equus_asinus        0.0378513 0.0362807 0.0000000 0.0022532 0.0067835 0.0947526 5.4381735 
Equus_quagga        0.0370201 0.0354527 0.0022532 0.0000000 0.0060207 0.0937720 5.4475357 
Equus_caballus      0.0386133 0.0370427 0.0067835 0.0060207 0.0000000 0.0955390 5.4167425 
Canis_lupus         0.0890891 0.0882596 0.0947526 0.0937720 0.0955390 0.0000000 5.5520368 
Bos_taurus          5.3931143 5.4617169 5.4381735 5.4475357 5.4167425 5.5520368 0.0000000 
