7
Ceratotherium_simum 0.0000000 0.1291787 0.2968527 0.2889876 0.2160544 0.2841059 0.3308659 
Diceros_bicornis    0.1291787 0.0000000 0.4484759 0.2244802 0.3262007 0.4097329 0.4281510 
Equus_asinus        0.2968527 0.4484759 0.0000000 0.1307939 0.0949989 0.3375513 0.3982273 
Equus_quagga        0.2889876 0.2244802 0.1307939 0.0000000 0.1261592 0.3331574 0.3629925 
Equus_caballus      0.2160544 0.3262007 0.0949989 0.1261592 0.0000000 0.2624794 0.3168230 
Canis_lupus         0.2841059 0.4097329 0.3375513 0.3331574 0.2624794 0.0000000 0.3055081 
Bos_taurus          0.3308659 0.4281510 0.3982273 0.3629925 0.3168230 0.3055081 0.0000000 
