7
Ceratotherium_simum 0.0000000 0.0227675 0.2472091 0.2472091 0.2516803 0.2731887 0.3548235 
Diceros_bicornis    0.0227675 0.0000000 0.2316915 0.2316915 0.2361277 0.2425312 0.3221275 
Equus_asinus        0.2472091 0.2316915 0.0000000 0.0000010 0.0225140 0.3054904 0.4214285 
Equus_quagga        0.2472091 0.2316915 0.0000010 0.0000000 0.0225140 0.3054904 0.4214285 
Equus_caballus      0.2516803 0.2361277 0.0225140 0.0225140 0.0000000 0.3201444 0.4267730 
Canis_lupus         0.2731887 0.2425312 0.3054904 0.3054904 0.3201444 0.0000000 0.3548235 
Bos_taurus          0.3548235 0.3221275 0.4214285 0.4214285 0.4267730 0.3548235 0.0000000 
