7
Ceratotherium_simum 0.0000000 0.0241922 0.2055575 0.2084039 0.2106704 0.4431451 0.3924791 
Diceros_bicornis    0.0241922 0.0000000 0.1986912 0.2015007 0.2037553 0.4323278 0.3824108 
Equus_asinus        0.2055575 0.1986912 0.0000000 0.0042302 0.0106380 0.4461040 0.3960902 
Equus_quagga        0.2084039 0.2015007 0.0042302 0.0000000 0.0127826 0.4501788 0.3962238 
Equus_caballus      0.2106704 0.2037553 0.0106380 0.0127826 0.0000000 0.4448532 0.3909600 
Canis_lupus         0.4431451 0.4323278 0.4461040 0.4501788 0.4448532 0.0000000 0.5504012 
Bos_taurus          0.3924791 0.3824108 0.3960902 0.3962238 0.3909600 0.5504012 0.0000000 
