6
Ceratotherium_simum 0.0000000 0.1766003 0.2026489 0.2008799 0.2496378 0.4900381 
Diceros_bicornis    0.1766003 0.0000000 0.0752356 0.0765272 0.1193092 0.2490350 
Equus_asinus        0.2026489 0.0752356 0.0000000 0.0026919 0.1089572 0.2441634 
Equus_caballus      0.2008799 0.0765272 0.0026919 0.0000000 0.1095733 0.2433822 
Canis_lupus         0.2496378 0.1193092 0.1089572 0.1095733 0.0000000 0.2714059 
Bos_taurus          0.4900381 0.2490350 0.2441634 0.2433822 0.2714059 0.0000000 
