7
Ceratotherium_simum 0.0000000 0.0104275 0.2205256 0.2140686 0.2160937 0.4677568 0.4535412 
Diceros_bicornis    0.0104275 0.0000000 0.2200748 0.2136348 0.2156549 0.4692240 0.4523014 
Equus_asinus        0.2205256 0.2200748 0.0000000 0.0045152 0.0075423 0.4691373 0.4157636 
Equus_quagga        0.2140686 0.2136348 0.0045152 0.0000000 0.0030037 0.4621802 0.4134538 
Equus_caballus      0.2160937 0.2156549 0.0075423 0.0030037 0.0000000 0.4624990 0.4137274 
Canis_lupus         0.4677568 0.4692240 0.4691373 0.4621802 0.4624990 0.0000000 0.6057754 
Bos_taurus          0.4535412 0.4523014 0.4157636 0.4134538 0.4137274 0.6057754 0.0000000 
