7
Ceratotherium_simum 0.0000000 0.0049262 0.0739688 0.0739688 0.0756409 0.1382360 0.0712979 
Diceros_bicornis    0.0049262 0.0000000 0.0766492 0.0766492 0.0783285 0.1464192 0.0739869 
Equus_asinus        0.0739688 0.0766492 0.0000000 0.0012159 0.0036655 0.1418201 0.0813499 
Equus_quagga        0.0739688 0.0766492 0.0012159 0.0000000 0.0048963 0.1418201 0.0829147 
Equus_caballus      0.0756409 0.0783285 0.0036655 0.0048963 0.0000000 0.1439938 0.0830566 
Canis_lupus         0.1382360 0.1464192 0.1418201 0.1418201 0.1439938 0.0000000 0.1228491 
Bos_taurus          0.0712979 0.0739869 0.0813499 0.0829147 0.0830566 0.1228491 0.0000000 
