7
Ceratotherium_simum 0.0000000 0.2818071 0.0880251 0.0892774 0.0852327 0.1322606 0.1461538 
Diceros_bicornis    0.2818071 0.0000000 0.4070908 0.4063182 0.4022716 0.4389504 0.4867552 
Equus_asinus        0.0880251 0.4070908 0.0000000 0.0098535 0.0123230 0.1531051 0.1642261 
Equus_quagga        0.0892774 0.4063182 0.0098535 0.0000000 0.0160535 0.1530019 0.1638211 
Equus_caballus      0.0852327 0.4022716 0.0123230 0.0160535 0.0000000 0.1500420 0.1640270 
Canis_lupus         0.1322606 0.4389504 0.1531051 0.1530019 0.1500420 0.0000000 0.1843111 
Bos_taurus          0.1461538 0.4867552 0.1642261 0.1638211 0.1640270 0.1843111 0.0000000 
