7
Ceratotherium_simum 0.0000000 0.3769627 0.4817417 0.2512201 0.4662816 0.5194821 0.6516203 
Diceros_bicornis    0.3769627 0.0000000 0.1078461 0.1111092 0.0889751 0.1437865 0.2579237 
Equus_asinus        0.4817417 0.1078461 0.0000000 0.0120728 0.0169222 0.1538845 0.2482512 
Equus_quagga        0.2512201 0.1111092 0.0120728 0.0000000 0.0169785 0.1524783 0.2203719 
Equus_caballus      0.4662816 0.0889751 0.0169222 0.0169785 0.0000000 0.1415354 0.2403068 
Canis_lupus         0.5194821 0.1437865 0.1538845 0.1524783 0.1415354 0.0000000 0.2868155 
Bos_taurus          0.6516203 0.2579237 0.2482512 0.2203719 0.2403068 0.2868155 0.0000000 
