7
Ceratotherium_simum 0.0000000 0.0056291 0.0426367 0.0420413 0.0429115 0.0715444 0.1000281 
Diceros_bicornis    0.0056291 0.0000000 0.0416811 0.0410883 0.0419553 0.0714332 0.0989170 
Equus_asinus        0.0426367 0.0416811 0.0000000 0.0005042 0.0027859 0.0747781 0.0976050 
Equus_quagga        0.0420413 0.0410883 0.0005042 0.0000000 0.0022772 0.0747829 0.0976115 
Equus_caballus      0.0429115 0.0419553 0.0027859 0.0022772 0.0000000 0.0764057 0.0982636 
Canis_lupus         0.0715444 0.0714332 0.0747781 0.0747829 0.0764057 0.0000000 0.1096394 
Bos_taurus          0.1000281 0.0989170 0.0976050 0.0976115 0.0982636 0.1096394 0.0000000 
