7
Ceratotherium_simum 0.0000000 0.0161050 0.1890926 0.1908550 0.1937198 0.2722447 0.3344134 
Diceros_bicornis    0.0161050 0.0000000 0.1867875 0.1885482 0.1914073 0.2728022 0.3361985 
Equus_asinus        0.1890926 0.1867875 0.0000000 0.0053131 0.0100033 0.3295704 0.3539015 
Equus_quagga        0.1908550 0.1885482 0.0053131 0.0000000 0.0113482 0.3316797 0.3540136 
Equus_caballus      0.1937198 0.1914073 0.0100033 0.0113482 0.0000000 0.3333269 0.3587996 
Canis_lupus         0.2722447 0.2728022 0.3295704 0.3316797 0.3333269 0.0000000 0.3948734 
Bos_taurus          0.3344134 0.3361985 0.3539015 0.3540136 0.3587996 0.3948734 0.0000000 
