7
Ceratotherium_simum 0.0000000 0.0039834 0.0254094 0.0243719 0.0243785 0.0349269 0.0401803 
Diceros_bicornis    0.0039834 0.0000000 0.0254048 0.0243676 0.0243742 0.0328115 0.0401731 
Equus_asinus        0.0254094 0.0254048 0.0000000 0.0009919 0.0029810 0.0379658 0.0432220 
Equus_quagga        0.0243719 0.0243676 0.0009919 0.0000000 0.0019858 0.0369073 0.0421557 
Equus_caballus      0.0243785 0.0243742 0.0029810 0.0019858 0.0000000 0.0369174 0.0421673 
Canis_lupus         0.0349269 0.0328115 0.0379658 0.0369073 0.0369174 0.0000000 0.0465042 
Bos_taurus          0.0401803 0.0401731 0.0432220 0.0421557 0.0421673 0.0465042 0.0000000 
