7
Ceratotherium_simum 0.0000000 0.0140727 0.2077397 0.2171397 0.1978124 0.3957418 0.3985208 
Diceros_bicornis    0.0140727 0.0000000 0.2071462 0.2165088 0.1972593 0.3828488 0.3889950 
Equus_asinus        0.2077397 0.2071462 0.0000000 0.0069803 0.0259648 0.4415316 0.4396745 
Equus_quagga        0.2171397 0.2165088 0.0069803 0.0000000 0.0332109 0.4376340 0.4447299 
Equus_caballus      0.1978124 0.1972593 0.0259648 0.0332109 0.0000000 0.4341550 0.4340392 
Canis_lupus         0.3957418 0.3828488 0.4415316 0.4376340 0.4341550 0.0000000 0.4825367 
Bos_taurus          0.3985208 0.3889950 0.4396745 0.4447299 0.4340392 0.4825367 0.0000000 
