7
Ceratotherium_simum 0.0000000 0.0019557 0.0351171 0.0333714 0.0334056 0.0649866 0.1264196 
Diceros_bicornis    0.0019557 0.0000000 0.0351394 0.0333925 0.0334267 0.0650345 0.1300933 
Equus_asinus        0.0351171 0.0351394 0.0000000 0.0014631 0.0034348 0.0682896 0.1288217 
Equus_quagga        0.0333714 0.0333925 0.0014631 0.0000000 0.0029410 0.0662662 0.1279531 
Equus_caballus      0.0334056 0.0334267 0.0034348 0.0029410 0.0000000 0.0671470 0.1265185 
Canis_lupus         0.0649866 0.0650345 0.0682896 0.0662662 0.0671470 0.0000000 0.1468297 
Bos_taurus          0.1264196 0.1300933 0.1288217 0.1279531 0.1265185 0.1468297 0.0000000 
