7
Ceratotherium_simum 0.0000000 0.0013046 0.0906263 0.0956349 0.0927872 0.2083491 0.1593156 
Diceros_bicornis    0.0013046 0.0000000 0.0906593 0.0956698 0.0928211 0.2075638 0.1593768 
Equus_asinus        0.0906263 0.0906593 0.0000000 0.0045274 0.0032336 0.2524671 0.1920909 
Equus_quagga        0.0956349 0.0956698 0.0045274 0.0000000 0.0077730 0.2567019 0.1976607 
Equus_caballus      0.0927872 0.0928211 0.0032336 0.0077730 0.0000000 0.2551067 0.1945143 
Canis_lupus         0.2083491 0.2075638 0.2524671 0.2567019 0.2551067 0.0000000 0.2566720 
Bos_taurus          0.1593156 0.1593768 0.1920909 0.1976607 0.1945143 0.2566720 0.0000000 
