7
Ceratotherium_simum 0.0000000 0.0130245 0.1070543 0.1020966 0.1020417 0.2062161 0.2100224 
Diceros_bicornis    0.0130245 0.0000000 0.1021206 0.0971906 0.0971385 0.2121476 0.2160112 
Equus_asinus        0.1070543 0.1021206 0.0000000 0.0042861 0.0085927 0.2215652 0.2154750 
Equus_quagga        0.1020966 0.0971906 0.0042861 0.0000000 0.0042840 0.2157131 0.2096641 
Equus_caballus      0.1020417 0.0971385 0.0085927 0.0042840 0.0000000 0.2097848 0.2095426 
Canis_lupus         0.2062161 0.2121476 0.2215652 0.2157131 0.2097848 0.0000000 0.2793808 
Bos_taurus          0.2100224 0.2160112 0.2154750 0.2096641 0.2095426 0.2793808 0.0000000 
