7
Ceratotherium_simum 0.0000000 0.0063625 0.0786935 0.0772836 0.0768049 0.1430830 0.2599812 
Diceros_bicornis    0.0063625 0.0000000 0.0817882 0.0803619 0.0798572 0.1448084 0.2592312 
Equus_asinus        0.0786935 0.0817882 0.0000000 0.0041976 0.0063481 0.1442275 0.2206737 
Equus_quagga        0.0772836 0.0803619 0.0041976 0.0000000 0.0063481 0.1374213 0.2206737 
Equus_caballus      0.0768049 0.0798572 0.0063481 0.0063481 0.0000000 0.1363511 0.2186011 
Canis_lupus         0.1430830 0.1448084 0.1442275 0.1374213 0.1363511 0.0000000 0.2360590 
Bos_taurus          0.2599812 0.2592312 0.2206737 0.2206737 0.2186011 0.2360590 0.0000000 
