7
Ceratotherium_simum 0.0000000 0.0177884 0.1470121 0.1443660 0.1390665 0.1861325 0.2620792 
Diceros_bicornis    0.0177884 0.0000000 0.1665173 0.1638083 0.1583787 0.1955560 0.2664787 
Equus_asinus        0.1470121 0.1665173 0.0000000 0.0021968 0.0155501 0.2214944 0.2607686 
Equus_quagga        0.1443660 0.1638083 0.0021968 0.0000000 0.0133117 0.2185343 0.2577057 
Equus_caballus      0.1390665 0.1583787 0.0155501 0.0133117 0.0000000 0.2125899 0.2638963 
Canis_lupus         0.1861325 0.1955560 0.2214944 0.2185343 0.2125899 0.0000000 0.2265089 
Bos_taurus          0.2620792 0.2664787 0.2607686 0.2577057 0.2638963 0.2265089 0.0000000 
