7
Ceratotherium_simum 0.0000000 0.0045175 0.0753637 0.4455237 0.4376080 0.4481588 0.1140969 
Diceros_bicornis    0.0045175 0.0000000 0.0753637 0.4455237 0.4376080 0.4481588 0.1140969 
Equus_asinus        0.0753637 0.0753637 0.0000000 0.4262472 0.4262472 0.4479720 0.0731896 
Equus_quagga        0.4455237 0.4455237 0.4262472 0.0000000 0.0022471 0.0384699 0.3675402 
Equus_caballus      0.4376080 0.4376080 0.4262472 0.0022471 0.0000000 0.0411876 0.3675402 
Canis_lupus         0.4481588 0.4481588 0.4479720 0.0384699 0.0411876 0.0000000 0.3953445 
Bos_taurus          0.1140969 0.1140969 0.0731896 0.3675402 0.3675402 0.3953445 0.0000000 
