7
Ceratotherium_simum 0.0000000 0.0074837 0.1500580 0.1549142 0.1502868 0.2048784 0.2820411 
Diceros_bicornis    0.0074837 0.0000000 0.1403847 0.1450549 0.1405942 0.1939304 0.2762226 
Equus_asinus        0.1500580 0.1403847 0.0000000 0.0075229 0.0049591 0.2251890 0.2971931 
Equus_quagga        0.1549142 0.1450549 0.0075229 0.0000000 0.0125818 0.2315782 0.3053604 
Equus_caballus      0.1502868 0.1405942 0.0049591 0.0125818 0.0000000 0.2220820 0.2938717 
Canis_lupus         0.2048784 0.1939304 0.2251890 0.2315782 0.2220820 0.0000000 0.3089907 
Bos_taurus          0.2820411 0.2762226 0.2971931 0.3053604 0.2938717 0.3089907 0.0000000 
