7
Ceratotherium_simum 0.0000000 0.0060451 0.0477166 0.0476476 0.0476947 0.1193012 0.1195621 
Diceros_bicornis    0.0060451 0.0000000 0.0482618 0.0481917 0.0477330 0.1168459 0.1190313 
Equus_asinus        0.0477166 0.0482618 0.0000000 0.0008525 0.0051578 0.1126700 0.1168940 
Equus_quagga        0.0476476 0.0481917 0.0008525 0.0000000 0.0051510 0.1114128 0.1160544 
Equus_caballus      0.0476947 0.0477330 0.0051578 0.0051510 0.0000000 0.1147149 0.1161934 
Canis_lupus         0.1193012 0.1168459 0.1126700 0.1114128 0.1147149 0.0000000 0.1553969 
Bos_taurus          0.1195621 0.1190313 0.1168940 0.1160544 0.1161934 0.1553969 0.0000000 
