7
Ceratotherium_simum 0.0000000 0.0087270 0.0832164 0.0827625 0.0789560 0.1608417 0.1416025 
Diceros_bicornis    0.0087270 0.0000000 0.0837298 0.0832750 0.0794787 0.1621078 0.1464410 
Equus_asinus        0.0832164 0.0837298 0.0000000 0.0036068 0.0080025 0.1990232 0.1717597 
Equus_quagga        0.0827625 0.0832750 0.0036068 0.0000000 0.0072510 0.1978529 0.1717370 
Equus_caballus      0.0789560 0.0794787 0.0080025 0.0072510 0.0000000 0.1873265 0.1622077 
Canis_lupus         0.1608417 0.1621078 0.1990232 0.1978529 0.1873265 0.0000000 0.2190241 
Bos_taurus          0.1416025 0.1464410 0.1717597 0.1717370 0.1622077 0.2190241 0.0000000 
