7
Ceratotherium_simum 0.0000000 0.0554828 0.1643540 0.1643540 0.1562110 0.2027005 0.2256017 
Diceros_bicornis    0.0554828 0.0000000 0.1691229 0.1691229 0.1648903 0.2213646 0.2379897 
Equus_asinus        0.1643540 0.1691229 0.0000000 0.0000010 0.0123723 0.2165163 0.2851246 
Equus_quagga        0.1643540 0.1691229 0.0000010 0.0000000 0.0123723 0.2165163 0.2851246 
Equus_caballus      0.1562110 0.1648903 0.0123723 0.0123723 0.0000000 0.2027005 0.2692587 
Canis_lupus         0.2027005 0.2213646 0.2165163 0.2165163 0.2027005 0.0000000 0.2712245 
Bos_taurus          0.2256017 0.2379897 0.2851246 0.2851246 0.2692587 0.2712245 0.0000000 
