7
Ceratotherium_simum 0.0000000 0.0360426 0.1867257 0.1825592 0.1788938 0.2759869 0.2815333 
Diceros_bicornis    0.0360426 0.0000000 0.1897055 0.1855279 0.1818593 0.2827863 0.2926666 
Equus_asinus        0.1867257 0.1897055 0.0000000 0.0026905 0.0163776 0.3000426 0.3138149 
Equus_quagga        0.1825592 0.1855279 0.0026905 0.0000000 0.0135913 0.2947903 0.3083111 
Equus_caballus      0.1788938 0.1818593 0.0163776 0.0135913 0.0000000 0.3091638 0.3149188 
Canis_lupus         0.2759869 0.2827863 0.3000426 0.2947903 0.3091638 0.0000000 0.3573620 
Bos_taurus          0.2815333 0.2926666 0.3138149 0.3083111 0.3149188 0.3573620 0.0000000 
