7
Ceratotherium_simum 0.0000000 0.0046400 0.0812837 0.0823055 0.0822115 0.1082485 0.1932356 
Diceros_bicornis    0.0046400 0.0000000 0.0812837 0.0823055 0.0822115 0.1072735 0.1920489 
Equus_asinus        0.0812837 0.0812837 0.0000000 0.0023067 0.0046203 0.1452665 0.2177967 
Equus_quagga        0.0823055 0.0823055 0.0023067 0.0000000 0.0054000 0.1465127 0.2193742 
Equus_caballus      0.0822115 0.0822115 0.0046203 0.0054000 0.0000000 0.1452665 0.2190495 
Canis_lupus         0.1082485 0.1072735 0.1452665 0.1465127 0.1452665 0.0000000 0.2179754 
Bos_taurus          0.1932356 0.1920489 0.2177967 0.2193742 0.2190495 0.2179754 0.0000000 
