7
Ceratotherium_simum 0.0000000 0.0036709 0.0336444 0.0336477 0.0374678 0.0960434 0.0593717 
Diceros_bicornis    0.0036709 0.0000000 0.0374678 0.0374716 0.0413085 0.1001981 0.0633725 
Equus_asinus        0.0336444 0.0374678 0.0000000 0.0073591 0.0036709 0.1001981 0.0568415 
Equus_quagga        0.0336477 0.0374716 0.0073591 0.0000000 0.0110633 0.1085847 0.0647265 
Equus_caballus      0.0374678 0.0413085 0.0036709 0.0110633 0.0000000 0.1043704 0.0607706 
Canis_lupus         0.0960434 0.1001981 0.1001981 0.1085847 0.1043704 0.0000000 0.1127489 
Bos_taurus          0.0593717 0.0633725 0.0568415 0.0647265 0.0607706 0.1127489 0.0000000 
