7
Ceratotherium_simum 0.0000000 0.0379928 0.0987053 0.4043030 0.1059764 1.4206702 0.1334572 
Diceros_bicornis    0.0379928 0.0000000 0.0956022 0.3818326 0.0964541 1.3884328 0.1451288 
Equus_asinus        0.0987053 0.0956022 0.0000000 0.3043204 0.0100330 1.3772204 0.1427001 
Equus_quagga        0.4043030 0.3818326 0.3043204 0.0000000 0.3239095 0.5198625 0.4515248 
Equus_caballus      0.1059764 0.0964541 0.0100330 0.3239095 0.0000000 1.3800456 0.1458800 
Canis_lupus         1.4206702 1.3884328 1.3772204 0.5198625 1.3800456 0.0000000 1.4094560 
Bos_taurus          0.1334572 0.1451288 0.1427001 0.4515248 0.1458800 1.4094560 0.0000000 
