7
Ceratotherium_simum 0.0000000 0.0056951 0.0380546 0.0395384 0.0395814 0.0597958 0.0897754 
Diceros_bicornis    0.0056951 0.0000000 0.0410489 0.0425366 0.0425829 0.0628909 0.0929777 
Equus_asinus        0.0380546 0.0410489 0.0000000 0.0014204 0.0014219 0.0549540 0.0832175 
Equus_quagga        0.0395384 0.0425366 0.0014204 0.0000000 0.0028453 0.0564683 0.0847746 
Equus_caballus      0.0395814 0.0425829 0.0014219 0.0028453 0.0000000 0.0565308 0.0848709 
Canis_lupus         0.0597958 0.0628909 0.0549540 0.0564683 0.0565308 0.0000000 0.0883173 
Bos_taurus          0.0897754 0.0929777 0.0832175 0.0847746 0.0848709 0.0883173 0.0000000 
