7
Ceratotherium_simum 0.0000000 0.1169056 0.3084564 0.3064179 0.3031381 0.1386359 0.1562846 
Diceros_bicornis    0.1169056 0.0000000 0.3729321 0.3707116 0.3641019 0.2410694 0.2578274 
Equus_asinus        0.3084564 0.3729321 0.0000000 0.0032092 0.0117083 0.3208398 0.3396496 
Equus_quagga        0.3064179 0.3707116 0.0032092 0.0000000 0.0097134 0.3203152 0.3375589 
Equus_caballus      0.3031381 0.3641019 0.0117083 0.0097134 0.0000000 0.3144494 0.3316419 
Canis_lupus         0.1386359 0.2410694 0.3208398 0.3203152 0.3144494 0.0000000 0.1903050 
Bos_taurus          0.1562846 0.2578274 0.3396496 0.3375589 0.3316419 0.1903050 0.0000000 
