7
Ceratotherium_simum 0.0000000 0.0024248 0.0424734 0.0417385 0.0447044 0.0946240 0.2186912 
Diceros_bicornis    0.0024248 0.0000000 0.0418245 0.0424979 0.0439832 0.0929894 0.2194902 
Equus_asinus        0.0424734 0.0418245 0.0000000 0.0029660 0.0041825 0.0841284 0.2111089 
Equus_quagga        0.0417385 0.0424979 0.0029660 0.0000000 0.0059907 0.0849248 0.2105043 
Equus_caballus      0.0447044 0.0439832 0.0041825 0.0059907 0.0000000 0.0844521 0.2118899 
Canis_lupus         0.0946240 0.0929894 0.0841284 0.0849248 0.0844521 0.0000000 0.2335384 
Bos_taurus          0.2186912 0.2194902 0.2111089 0.2105043 0.2118899 0.2335384 0.0000000 
