7
Ceratotherium_simum 0.0000000 0.0132120 0.1114403 0.1115873 0.1114284 0.1751226 0.1923338 
Diceros_bicornis    0.0132120 0.0000000 0.1155732 0.1153474 0.1151936 0.1779567 0.1949322 
Equus_asinus        0.1114403 0.1155732 0.0000000 0.0041010 0.0142815 0.1825198 0.2014886 
Equus_quagga        0.1115873 0.1153474 0.0041010 0.0000000 0.0146921 0.1828121 0.2021165 
Equus_caballus      0.1114284 0.1151936 0.0142815 0.0146921 0.0000000 0.1849252 0.2027351 
Canis_lupus         0.1751226 0.1779567 0.1825198 0.1828121 0.1849252 0.0000000 0.2229645 
Bos_taurus          0.1923338 0.1949322 0.2014886 0.2021165 0.2027351 0.2229645 0.0000000 
