7
Ceratotherium_simum 0.0000000 0.0244523 0.1914425 0.1890705 0.1935339 0.2907214 0.4989930 
Diceros_bicornis    0.0244523 0.0000000 0.1938291 0.1914519 0.1959207 0.2988053 0.5022443 
Equus_asinus        0.1914425 0.1938291 0.0000000 0.0055465 0.0129877 0.3366619 0.5375273 
Equus_quagga        0.1890705 0.1914519 0.0055465 0.0000000 0.0148628 0.3350329 0.5267375 
Equus_caballus      0.1935339 0.1959207 0.0129877 0.0148628 0.0000000 0.3387561 0.5252719 
Canis_lupus         0.2907214 0.2988053 0.3366619 0.3350329 0.3387561 0.0000000 0.5946192 
Bos_taurus          0.4989930 0.5022443 0.5375273 0.5267375 0.5252719 0.5946192 0.0000000 
