7
Ceratotherium_simum 0.0000000 0.0044214 0.0661172 0.0644029 0.0618329 0.0975827 0.1040013 
Diceros_bicornis    0.0044214 0.0000000 0.0643772 0.0626775 0.0601302 0.0991365 0.1028529 
Equus_asinus        0.0661172 0.0643772 0.0000000 0.0024956 0.0088635 0.1089880 0.1094305 
Equus_quagga        0.0644029 0.0626775 0.0024956 0.0000000 0.0075706 0.1069408 0.1073550 
Equus_caballus      0.0618329 0.0601302 0.0088635 0.0075706 0.0000000 0.1029644 0.1028300 
Canis_lupus         0.0975827 0.0991365 0.1089880 0.1069408 0.1029644 0.0000000 0.1202201 
Bos_taurus          0.1040013 0.1028529 0.1094305 0.1073550 0.1028300 0.1202201 0.0000000 
