7
Ceratotherium_simum 0.0000000 0.0116582 0.1449024 0.1425407 0.1403219 0.2544670 0.3410974 
Diceros_bicornis    0.0116582 0.0000000 0.1450448 0.1426802 0.1404588 0.2574984 0.3370706 
Equus_asinus        0.1449024 0.1450448 0.0000000 0.0048397 0.0175810 0.2823556 0.3635508 
Equus_quagga        0.1425407 0.1426802 0.0048397 0.0000000 0.0126378 0.2823556 0.3619926 
Equus_caballus      0.1403219 0.1404588 0.0175810 0.0126378 0.0000000 0.2855289 0.3640932 
Canis_lupus         0.2544670 0.2574984 0.2823556 0.2823556 0.2855289 0.0000000 0.3943564 
Bos_taurus          0.3410974 0.3370706 0.3635508 0.3619926 0.3640932 0.3943564 0.0000000 
