7
Ceratotherium_simum 0.0000000 0.0795945 0.8516772 0.6810993 0.9306261 1.3280857 1.7241336 
Diceros_bicornis    0.0795945 0.0000000 0.6777262 0.5598904 0.7084076 1.2045451 1.7614992 
Equus_asinus        0.8516772 0.6777262 0.0000000 0.0251026 0.0514581 1.2725192 2.6505070 
Equus_quagga        0.6810993 0.5598904 0.0251026 0.0000000 0.0252246 1.2725192 2.6505070 
Equus_caballus      0.9306261 0.7084076 0.0514581 0.0252246 0.0000000 1.3143954 2.7606283 
Canis_lupus         1.3280857 1.2045451 1.2725192 1.2725192 1.3143954 0.0000000 1.3298160 
Bos_taurus          1.7241336 1.7614992 2.6505070 2.6505070 2.7606283 1.3298160 0.0000000 
