7
Ceratotherium_simum 0.0000000 0.0173660 0.2612715 0.2534045 0.2492682 0.5136590 0.5407678 
Diceros_bicornis    0.0173660 0.0000000 0.2622660 0.2544456 0.2503384 0.5100031 0.5309127 
Equus_asinus        0.2612715 0.2622660 0.0000000 0.0095769 0.0410730 0.5486003 0.5637491 
Equus_quagga        0.2534045 0.2544456 0.0095769 0.0000000 0.0350916 0.5381962 0.5497727 
Equus_caballus      0.2492682 0.2503384 0.0410730 0.0350916 0.0000000 0.5371912 0.5462615 
Canis_lupus         0.5136590 0.5100031 0.5486003 0.5381962 0.5371912 0.0000000 0.5454899 
Bos_taurus          0.5407678 0.5309127 0.5637491 0.5497727 0.5462615 0.5454899 0.0000000 
