7
Ceratotherium_simum 0.0000000 0.0052595 0.2071912 0.2071912 0.2229300 0.4060275 0.3844132 
Diceros_bicornis    0.0052595 0.0000000 0.2093141 0.2093141 0.2250132 0.3966180 0.3748412 
Equus_asinus        0.2071912 0.2093141 0.0000000 0.0000010 0.0132255 0.4357306 0.4032896 
Equus_quagga        0.2071912 0.2093141 0.0000010 0.0000000 0.0132255 0.4357306 0.4032896 
Equus_caballus      0.2229300 0.2250132 0.0132255 0.0132255 0.0000000 0.4487570 0.4077554 
Canis_lupus         0.4060275 0.3966180 0.4357306 0.4357306 0.4487570 0.0000000 0.5063355 
Bos_taurus          0.3844132 0.3748412 0.4032896 0.4032896 0.4077554 0.5063355 0.0000000 
