7
Ceratotherium_simum 0.0000000 0.0161962 0.1103443 0.1120629 0.1138481 0.2523590 0.2105749 
Diceros_bicornis    0.0161962 0.0000000 0.1015975 0.1032953 0.1050527 0.2452788 0.2041654 
Equus_asinus        0.1103443 0.1015975 0.0000000 0.0014551 0.0029143 0.2526542 0.1911923 
Equus_quagga        0.1120629 0.1032953 0.0014551 0.0000000 0.0014559 0.2547742 0.1893154 
Equus_caballus      0.1138481 0.1050527 0.0029143 0.0014559 0.0000000 0.2571097 0.1913533 
Canis_lupus         0.2523590 0.2452788 0.2526542 0.2547742 0.2571097 0.0000000 0.3079983 
Bos_taurus          0.2105749 0.2041654 0.1911923 0.1893154 0.1913533 0.3079983 0.0000000 
