7
Ceratotherium_simum 0.0000000 0.0147148 0.1809771 0.1808893 0.1775149 0.2359720 0.2694491 
Diceros_bicornis    0.0147148 0.0000000 0.1836223 0.1829970 0.1801184 0.2325040 0.2726957 
Equus_asinus        0.1809771 0.1836223 0.0000000 0.0066384 0.0167316 0.2658449 0.2883887 
Equus_quagga        0.1808893 0.1829970 0.0066384 0.0000000 0.0158690 0.2662743 0.2906064 
Equus_caballus      0.1775149 0.1801184 0.0167316 0.0158690 0.0000000 0.2607841 0.2898082 
Canis_lupus         0.2359720 0.2325040 0.2658449 0.2662743 0.2607841 0.0000000 0.2802932 
Bos_taurus          0.2694491 0.2726957 0.2883887 0.2906064 0.2898082 0.2802932 0.0000000 
