7
Ceratotherium_simum 0.0000000 0.0104220 0.1421340 0.1382493 0.1405134 0.2496027 0.2998834 
Diceros_bicornis    0.0104220 0.0000000 0.1437221 0.1398313 0.1420996 0.2520099 0.3017321 
Equus_asinus        0.1421340 0.1437221 0.0000000 0.0076962 0.0095272 0.2578401 0.3103129 
Equus_quagga        0.1382493 0.1398313 0.0076962 0.0000000 0.0090670 0.2545150 0.3074218 
Equus_caballus      0.1405134 0.1420996 0.0095272 0.0090670 0.0000000 0.2547183 0.3081968 
Canis_lupus         0.2496027 0.2520099 0.2578401 0.2545150 0.2547183 0.0000000 0.3633227 
Bos_taurus          0.2998834 0.3017321 0.3103129 0.3074218 0.3081968 0.3633227 0.0000000 
