7
Ceratotherium_simum 0.0000000 0.0055918 0.0557220 0.0570691 0.0546660 0.1918293 0.1092359 
Diceros_bicornis    0.0055918 0.0000000 0.0567965 0.0585947 0.0571208 0.1947418 0.1059791 
Equus_asinus        0.0557220 0.0567965 0.0000000 0.0024811 0.0035005 0.1849085 0.0986550 
Equus_quagga        0.0570691 0.0585947 0.0024811 0.0000000 0.0040034 0.1855707 0.0999513 
Equus_caballus      0.0546660 0.0571208 0.0035005 0.0040034 0.0000000 0.1831416 0.0967441 
Canis_lupus         0.1918293 0.1947418 0.1849085 0.1855707 0.1831416 0.0000000 0.2190725 
Bos_taurus          0.1092359 0.1059791 0.0986550 0.0999513 0.0967441 0.2190725 0.0000000 
