7
Ceratotherium_simum 0.0000000 0.0038851 0.0482278 0.0482278 0.0451205 0.0698091 0.1062972 
Diceros_bicornis    0.0038851 0.0000000 0.0515881 0.0515881 0.0484427 0.0717481 0.1107902 
Equus_asinus        0.0482278 0.0515881 0.0000000 0.0012856 0.0038851 0.0834660 0.1093854 
Equus_quagga        0.0482278 0.0515881 0.0012856 0.0000000 0.0038851 0.0816360 0.1072897 
Equus_caballus      0.0451205 0.0484427 0.0038851 0.0038851 0.0000000 0.0800243 0.1076259 
Canis_lupus         0.0698091 0.0717481 0.0834660 0.0816360 0.0800243 0.0000000 0.1083353 
Bos_taurus          0.1062972 0.1107902 0.1093854 0.1072897 0.1076259 0.1083353 0.0000000 
