7
Ceratotherium_simum 0.0000000 0.0061421 0.0681400 0.0677653 0.0677296 0.1806667 0.1363354 
Diceros_bicornis    0.0061421 0.0000000 0.0709145 0.0701544 0.0701172 0.1815558 0.1408140 
Equus_asinus        0.0681400 0.0709145 0.0000000 0.0054870 0.0058091 0.1906800 0.1526515 
Equus_quagga        0.0677653 0.0701544 0.0054870 0.0000000 0.0054844 0.1881040 0.1491473 
Equus_caballus      0.0677296 0.0701172 0.0058091 0.0054844 0.0000000 0.1885060 0.1499825 
Canis_lupus         0.1806667 0.1815558 0.1906800 0.1881040 0.1885060 0.0000000 0.2182474 
Bos_taurus          0.1363354 0.1408140 0.1526515 0.1491473 0.1499825 0.2182474 0.0000000 
