7
Ceratotherium_simum 0.0000000 0.0102588 0.0621035 0.0691161 0.0729598 0.1295219 0.1229929 
Diceros_bicornis    0.0102588 0.0000000 0.0556441 0.0624866 0.0662128 0.1364574 0.1152022 
Equus_asinus        0.0621035 0.0556441 0.0000000 0.0050985 0.0077151 0.1424010 0.1116351 
Equus_quagga        0.0691161 0.0624866 0.0050985 0.0000000 0.0130304 0.1529287 0.1203571 
Equus_caballus      0.0729598 0.0662128 0.0077151 0.0130304 0.0000000 0.1351770 0.1174066 
Canis_lupus         0.1295219 0.1364574 0.1424010 0.1529287 0.1351770 0.0000000 0.1495107 
Bos_taurus          0.1229929 0.1152022 0.1116351 0.1203571 0.1174066 0.1495107 0.0000000 
