7
Ceratotherium_simum 0.0000000 0.0212239 0.1026915 0.1080657 0.1026915 0.1483337 0.1482144 
Diceros_bicornis    0.0212239 0.0000000 0.1145366 0.1201808 0.1145366 0.1583267 0.1674457 
Equus_asinus        0.1026915 0.1145366 0.0000000 0.0040783 0.0040618 0.1688933 0.1772605 
Equus_quagga        0.1080657 0.1201808 0.0040783 0.0000000 0.0061484 0.1757788 0.1778277 
Equus_caballus      0.1026915 0.1145366 0.0040618 0.0061484 0.0000000 0.1720882 0.1804200 
Canis_lupus         0.1483337 0.1583267 0.1688933 0.1757788 0.1720882 0.0000000 0.1883610 
Bos_taurus          0.1482144 0.1674457 0.1772605 0.1778277 0.1804200 0.1883610 0.0000000 
