7
Ceratotherium_simum 0.0000000 0.0513697 0.1331178 0.1188681 0.1344917 0.1833741 0.2925832 
Diceros_bicornis    0.0513697 0.0000000 0.1658240 0.1507441 0.1676803 0.2040490 0.3024668 
Equus_asinus        0.1331178 0.1658240 0.0000000 0.0123688 0.0251439 0.1813691 0.2885706 
Equus_quagga        0.1188681 0.1507441 0.0123688 0.0000000 0.0124710 0.1660315 0.2710055 
Equus_caballus      0.1344917 0.1676803 0.0251439 0.0124710 0.0000000 0.1834582 0.2927176 
Canis_lupus         0.1833741 0.2040490 0.1813691 0.1660315 0.1834582 0.0000000 0.3112356 
Bos_taurus          0.2925832 0.3024668 0.2885706 0.2710055 0.2927176 0.3112356 0.0000000 
