7
Ceratotherium_simum 0.0000000 0.0082459 0.1742865 0.1755987 0.1809925 0.3418521 0.4145513 
Diceros_bicornis    0.0082459 0.0000000 0.1766261 0.1779398 0.1833417 0.3368842 0.4155022 
Equus_asinus        0.1742865 0.1766261 0.0000000 0.0030720 0.0092551 0.3772694 0.4386757 
Equus_quagga        0.1755987 0.1779398 0.0030720 0.0000000 0.0102907 0.3794199 0.4407533 
Equus_caballus      0.1809925 0.1833417 0.0092551 0.0102907 0.0000000 0.3814872 0.4444558 
Canis_lupus         0.3418521 0.3368842 0.3772694 0.3794199 0.3814872 0.0000000 0.5255315 
Bos_taurus          0.4145513 0.4155022 0.4386757 0.4407533 0.4444558 0.5255315 0.0000000 
