7
Ceratotherium_simum 0.0000000 0.0063786 0.0674179 0.0672180 0.0693519 0.1099893 0.1144626 
Diceros_bicornis    0.0063786 0.0000000 0.0679227 0.0677197 0.0698700 0.1106840 0.1151934 
Equus_asinus        0.0674179 0.0679227 0.0000000 0.0054248 0.0054248 0.1128190 0.1214849 
Equus_quagga        0.0672180 0.0677197 0.0054248 0.0000000 0.0054109 0.1124470 0.1223026 
Equus_caballus      0.0693519 0.0698700 0.0054248 0.0054109 0.0000000 0.1148411 0.1235339 
Canis_lupus         0.1099893 0.1106840 0.1128190 0.1124470 0.1148411 0.0000000 0.1309797 
Bos_taurus          0.1144626 0.1151934 0.1214849 0.1223026 0.1235339 0.1309797 0.0000000 
