7
Ceratotherium_simum 0.0000000 0.0102293 0.1903295 0.1871605 0.1905879 0.4312729 0.2573305 
Diceros_bicornis    0.0102293 0.0000000 0.1777127 0.1745828 0.1779519 0.4176633 0.2437920 
Equus_asinus        0.1903295 0.1777127 0.0000000 0.0025477 0.0051077 0.4864646 0.2637896 
Equus_quagga        0.1871605 0.1745828 0.0025477 0.0000000 0.0025506 0.4816265 0.2603712 
Equus_caballus      0.1905879 0.1779519 0.0051077 0.0025506 0.0000000 0.4873981 0.2641675 
Canis_lupus         0.4312729 0.4176633 0.4864646 0.4816265 0.4873981 0.0000000 0.4750053 
Bos_taurus          0.2573305 0.2437920 0.2637896 0.2603712 0.2641675 0.4750053 0.0000000 
