7
Ceratotherium_simum 0.0000000 0.0165655 0.0976627 0.0945408 0.0943315 0.2416346 0.3520898 
Diceros_bicornis    0.0165655 0.0000000 0.1102549 0.1070911 0.1068493 0.2466641 0.3627929 
Equus_asinus        0.0976627 0.1102549 0.0000000 0.0082122 0.0165338 0.2654360 0.3980427 
Equus_quagga        0.0945408 0.1070911 0.0082122 0.0000000 0.0137564 0.2615838 0.3935979 
Equus_caballus      0.0943315 0.1068493 0.0165338 0.0137564 0.0000000 0.2493678 0.3877180 
Canis_lupus         0.2416346 0.2466641 0.2654360 0.2615838 0.2493678 0.0000000 0.3808717 
Bos_taurus          0.3520898 0.3627929 0.3980427 0.3935979 0.3877180 0.3808717 0.0000000 
