7
Ceratotherium_simum 0.0000000 0.3605890 0.0728160 0.0741555 0.0727918 0.1317307 0.1501385 
Diceros_bicornis    0.3605890 0.0000000 0.4708601 0.4737339 0.4706199 0.5451288 0.5669567 
Equus_asinus        0.0728160 0.4708601 0.0000000 0.0011442 0.0045968 0.1493725 0.1498756 
Equus_quagga        0.0741555 0.4737339 0.0011442 0.0000000 0.0057523 0.1509507 0.1514432 
Equus_caballus      0.0727918 0.4706199 0.0045968 0.0057523 0.0000000 0.1461198 0.1498211 
Canis_lupus         0.1317307 0.5451288 0.1493725 0.1509507 0.1461198 0.0000000 0.1976461 
Bos_taurus          0.1501385 0.5669567 0.1498756 0.1514432 0.1498211 0.1976461 0.0000000 
