7
Ceratotherium_simum 0.0000000 0.0007915 0.0673342 0.0655496 0.0624455 0.4622256 0.1118033 
Diceros_bicornis    0.0007915 0.0000000 0.0663702 0.0645881 0.0614942 0.4600420 0.1118033 
Equus_asinus        0.0673342 0.0663702 0.0000000 0.0031863 0.0055799 0.4900554 0.1495039 
Equus_quagga        0.0655496 0.0645881 0.0031863 0.0000000 0.0039859 0.4884229 0.1498326 
Equus_caballus      0.0624455 0.0614942 0.0055799 0.0039859 0.0000000 0.4811279 0.1479970 
Canis_lupus         0.4622256 0.4600420 0.4900554 0.4884229 0.4811279 0.0000000 0.5070117 
Bos_taurus          0.1118033 0.1118033 0.1495039 0.1498326 0.1479970 0.5070117 0.0000000 
