7
Ceratotherium_simum 0.0000000 0.0158235 0.3001586 0.2770059 0.2770059 0.5023411 0.3816353 
Diceros_bicornis    0.0158235 0.0000000 0.3299238 0.3056747 0.3056747 0.5390540 0.4135614 
Equus_asinus        0.3001586 0.3299238 0.0000000 0.0156604 0.0315918 0.6666571 0.5527453 
Equus_quagga        0.2770059 0.3056747 0.0156604 0.0000000 0.0156604 0.6382392 0.5244634 
Equus_caballus      0.2770059 0.3056747 0.0315918 0.0156604 0.0000000 0.6382392 0.5244634 
Canis_lupus         0.5023411 0.5390540 0.6666571 0.6382392 0.6382392 0.0000000 0.5257648 
Bos_taurus          0.3816353 0.4135614 0.5527453 0.5244634 0.5244634 0.5257648 0.0000000 
