7
Ceratotherium_simum 0.0000000 0.0062218 0.0679332 0.0663894 0.0665533 0.1142911 0.1163604 
Diceros_bicornis    0.0062218 0.0000000 0.0664267 0.0648875 0.0650470 0.1143606 0.1183330 
Equus_asinus        0.0679332 0.0664267 0.0000000 0.0012402 0.0062601 0.1379796 0.1174912 
Equus_quagga        0.0663894 0.0648875 0.0012402 0.0000000 0.0049990 0.1360510 0.1156631 
Equus_caballus      0.0665533 0.0650470 0.0062601 0.0049990 0.0000000 0.1384416 0.1215735 
Canis_lupus         0.1142911 0.1143606 0.1379796 0.1360510 0.1384416 0.0000000 0.1479185 
Bos_taurus          0.1163604 0.1183330 0.1174912 0.1156631 0.1215735 0.1479185 0.0000000 
