7
Ceratotherium_simum 0.0000000 0.0814438 0.2463847 0.2442234 0.2507223 0.3442943 0.2846133 
Diceros_bicornis    0.0814438 0.0000000 0.1476931 0.1450313 0.1515854 0.2290443 0.4036758 
Equus_asinus        0.2463847 0.1476931 0.0000000 0.0068285 0.0101406 0.2663895 0.4591619 
Equus_quagga        0.2442234 0.1450313 0.0068285 0.0000000 0.0136975 0.2638649 0.4614547 
Equus_caballus      0.2507223 0.1515854 0.0101406 0.0136975 0.0000000 0.2659043 0.4636187 
Canis_lupus         0.3442943 0.2290443 0.2663895 0.2638649 0.2659043 0.0000000 0.4978378 
Bos_taurus          0.2846133 0.4036758 0.4591619 0.4614547 0.4636187 0.4978378 0.0000000 
