7
Ceratotherium_simum 0.0000000 0.0104276 2.4915556 2.5124678 2.4886704 2.2473481 2.3991681 
Diceros_bicornis    0.0104276 0.0000000 2.4680804 2.4901418 2.4658227 2.2209771 2.3716525 
Equus_asinus        2.4915556 2.4680804 0.0000000 0.0241626 0.0256181 0.1604606 0.2857578 
Equus_quagga        2.5124678 2.4901418 0.0241626 0.0000000 0.0225769 0.1717330 0.3013660 
Equus_caballus      2.4886704 2.4658227 0.0256181 0.0225769 0.0000000 0.1751935 0.2986644 
Canis_lupus         2.2473481 2.2209771 0.1604606 0.1717330 0.1751935 0.0000000 0.2343314 
Bos_taurus          2.3991681 2.3716525 0.2857578 0.3013660 0.2986644 0.2343314 0.0000000 
