7
Ceratotherium_simum 0.0000000 0.0049862 0.1549200 0.1543428 0.1549200 0.1654230 0.2524326 
Diceros_bicornis    0.0049862 0.0000000 0.1388828 0.1386035 0.1375916 0.1571961 0.2146607 
Equus_asinus        0.1549200 0.1388828 0.0000000 0.0068836 0.0038882 0.2164952 0.2436232 
Equus_quagga        0.1543428 0.1386035 0.0068836 0.0000000 0.0088722 0.2170519 0.2481769 
Equus_caballus      0.1549200 0.1375916 0.0038882 0.0088722 0.0000000 0.2150081 0.2437166 
Canis_lupus         0.1654230 0.1571961 0.2164952 0.2170519 0.2150081 0.0000000 0.2653649 
Bos_taurus          0.2524326 0.2146607 0.2436232 0.2481769 0.2437166 0.2653649 0.0000000 
