7
Ceratotherium_simum 0.0000000 0.0102077 0.0666608 0.0713848 0.0691047 0.1382810 0.1788036 
Diceros_bicornis    0.0102077 0.0000000 0.0648259 0.0694655 0.0694386 0.1390716 0.1771708 
Equus_asinus        0.0666608 0.0648259 0.0000000 0.0041704 0.0058567 0.1369021 0.1788852 
Equus_quagga        0.0713848 0.0694655 0.0041704 0.0000000 0.0033291 0.1403123 0.1860394 
Equus_caballus      0.0691047 0.0694386 0.0058567 0.0033291 0.0000000 0.1374922 0.1843419 
Canis_lupus         0.1382810 0.1390716 0.1369021 0.1403123 0.1374922 0.0000000 0.1901635 
Bos_taurus          0.1788036 0.1771708 0.1788852 0.1860394 0.1843419 0.1901635 0.0000000 
