7
Ceratotherium_simum 0.0000000 0.0084646 0.0506201 0.0505326 0.0504880 0.0741974 0.0868274 
Diceros_bicornis    0.0084646 0.0000000 0.0537089 0.0516047 0.0535688 0.0742014 0.0879927 
Equus_asinus        0.0506201 0.0537089 0.0000000 0.0037484 0.0056420 0.0806542 0.1010733 
Equus_quagga        0.0505326 0.0516047 0.0037484 0.0000000 0.0056323 0.0805133 0.1008951 
Equus_caballus      0.0504880 0.0535688 0.0056420 0.0056323 0.0000000 0.0807084 0.1008143 
Canis_lupus         0.0741974 0.0742014 0.0806542 0.0805133 0.0807084 0.0000000 0.0924033 
Bos_taurus          0.0868274 0.0879927 0.1010733 0.1008951 0.1008143 0.0924033 0.0000000 
