7
Ceratotherium_simum 0.0000000 0.0030351 0.0354045 0.0361690 0.0331959 0.0539439 0.0636863 
Diceros_bicornis    0.0030351 0.0000000 0.0332461 0.0339992 0.0310670 0.0523092 0.0627410 
Equus_asinus        0.0354045 0.0332461 0.0000000 0.0018178 0.0042686 0.0549777 0.0620197 
Equus_quagga        0.0361690 0.0339992 0.0018178 0.0000000 0.0048927 0.0558443 0.0629230 
Equus_caballus      0.0331959 0.0310670 0.0042686 0.0048927 0.0000000 0.0532504 0.0579408 
Canis_lupus         0.0539439 0.0523092 0.0549777 0.0558443 0.0532504 0.0000000 0.0727027 
Bos_taurus          0.0636863 0.0627410 0.0620197 0.0629230 0.0579408 0.0727027 0.0000000 
