7
Ceratotherium_simum 0.0000000 0.0220319 0.1055335 0.0930854 0.0930854 0.1980763 0.3405130 
Diceros_bicornis    0.0220319 0.0000000 0.1066319 0.0940330 0.0940330 0.2004905 0.3461994 
Equus_asinus        0.1055335 0.1066319 0.0000000 0.0108419 0.0108419 0.2406796 0.3065258 
Equus_quagga        0.0930854 0.0940330 0.0108419 0.0000000 0.0000010 0.2262831 0.3233901 
Equus_caballus      0.0930854 0.0940330 0.0108419 0.0000010 0.0000000 0.2262831 0.3233901 
Canis_lupus         0.1980763 0.2004905 0.2406796 0.2262831 0.2262831 0.0000000 0.3933565 
Bos_taurus          0.3405130 0.3461994 0.3065258 0.3233901 0.3233901 0.3933565 0.0000000 
