7
Ceratotherium_simum 0.0000000 0.0093026 0.0705455 0.0694434 0.0695465 0.1427429 0.1743128 
Diceros_bicornis    0.0093026 0.0000000 0.0774421 0.0763215 0.0764365 0.1485086 0.1790878 
Equus_asinus        0.0705455 0.0774421 0.0000000 0.0027553 0.0102306 0.1295267 0.1688559 
Equus_quagga        0.0694434 0.0763215 0.0027553 0.0000000 0.0111727 0.1320322 0.1675185 
Equus_caballus      0.0695465 0.0764365 0.0102306 0.0111727 0.0000000 0.1339593 0.1724530 
Canis_lupus         0.1427429 0.1485086 0.1295267 0.1320322 0.1339593 0.0000000 0.1892131 
Bos_taurus          0.1743128 0.1790878 0.1688559 0.1675185 0.1724530 0.1892131 0.0000000 
