7
Ceratotherium_simum 0.0000000 0.0255893 0.1880402 0.1867108 0.1862626 0.6644891 0.3183610 
Diceros_bicornis    0.0255893 0.0000000 0.1863088 0.1849830 0.1845355 0.6686738 0.3202370 
Equus_asinus        0.1880402 0.1863088 0.0000000 0.0052825 0.0120176 0.6927535 0.3364879 
Equus_quagga        0.1867108 0.1849830 0.0052825 0.0000000 0.0120250 0.6976911 0.3348159 
Equus_caballus      0.1862626 0.1845355 0.0120176 0.0120250 0.0000000 0.6921517 0.3362713 
Canis_lupus         0.6644891 0.6686738 0.6927535 0.6976911 0.6921517 0.0000000 0.7620325 
Bos_taurus          0.3183610 0.3202370 0.3364879 0.3348159 0.3362713 0.7620325 0.0000000 
