7
Ceratotherium_simum 0.0000000 0.0084169 0.1078311 0.1096701 0.1035559 0.2001467 0.1919084 
Diceros_bicornis    0.0084169 0.0000000 0.1071221 0.1094337 0.1026721 0.2005665 0.1907473 
Equus_asinus        0.1078311 0.1071221 0.0000000 0.0027088 0.0106477 0.2216307 0.2248031 
Equus_quagga        0.1096701 0.1094337 0.0027088 0.0000000 0.0120446 0.2239173 0.2255296 
Equus_caballus      0.1035559 0.1026721 0.0106477 0.0120446 0.0000000 0.2153227 0.2223114 
Canis_lupus         0.2001467 0.2005665 0.2216307 0.2239173 0.2153227 0.0000000 0.2243162 
Bos_taurus          0.1919084 0.1907473 0.2248031 0.2255296 0.2223114 0.2243162 0.0000000 
