7
Ceratotherium_simum 0.0000000 0.0075939 0.0943583 0.0935591 0.0960839 0.1916900 0.1862709 
Diceros_bicornis    0.0075939 0.0000000 0.0960197 0.0952207 0.0977474 0.1915385 0.1919939 
Equus_asinus        0.0943583 0.0960197 0.0000000 0.0037835 0.0060589 0.2026849 0.1955656 
Equus_quagga        0.0935591 0.0952207 0.0037835 0.0000000 0.0068234 0.2038410 0.1967121 
Equus_caballus      0.0960839 0.0977474 0.0060589 0.0068234 0.0000000 0.2056629 0.1985352 
Canis_lupus         0.1916900 0.1915385 0.2026849 0.2038410 0.2056629 0.0000000 0.2473514 
Bos_taurus          0.1862709 0.1919939 0.1955656 0.1967121 0.1985352 0.2473514 0.0000000 
