7
Ceratotherium_simum 0.0000000 0.0513045 0.1269974 0.0848892 0.1287015 0.1607185 0.1431519 
Diceros_bicornis    0.0513045 0.0000000 0.0894427 0.1321894 0.0886509 0.1595858 0.2002710 
Equus_asinus        0.1269974 0.0894427 0.0000000 0.0385987 0.0131371 0.1567741 0.2221445 
Equus_quagga        0.0848892 0.1321894 0.0385987 0.0000000 0.0538039 0.1546434 0.1772191 
Equus_caballus      0.1287015 0.0886509 0.0131371 0.0538039 0.0000000 0.1733985 0.2214082 
Canis_lupus         0.1607185 0.1595858 0.1567741 0.1546434 0.1733985 0.0000000 0.1916564 
Bos_taurus          0.1431519 0.2002710 0.2221445 0.1772191 0.2214082 0.1916564 0.0000000 
