7
Ceratotherium_simum 0.0000000 0.0429473 0.0503824 0.5352381 0.0503824 0.1016833 0.0921695 
Diceros_bicornis    0.0429473 0.0000000 0.0600413 0.4541281 0.0600413 0.0630213 0.0575648 
Equus_asinus        0.0503824 0.0600413 0.0000000 0.4750115 0.0000010 0.0791313 0.0655426 
Equus_quagga        0.5352381 0.4541281 0.4750115 0.0000000 0.4750115 0.4538519 0.4536987 
Equus_caballus      0.0503824 0.0600413 0.0000010 0.4750115 0.0000000 0.0791313 0.0655426 
Canis_lupus         0.1016833 0.0630213 0.0791313 0.4538519 0.0791313 0.0000000 0.0425497 
Bos_taurus          0.0921695 0.0575648 0.0655426 0.4536987 0.0655426 0.0425497 0.0000000 
