7
Ceratotherium_simum 0.0000000 0.0197967 0.1327124 0.1332416 0.1327124 0.2346749 0.3747887 
Diceros_bicornis    0.0197967 0.0000000 0.1279098 0.1284154 0.1279098 0.2186562 0.3684630 
Equus_asinus        0.1327124 0.1279098 0.0000000 0.0078821 0.0078581 0.2028937 0.3702790 
Equus_quagga        0.1332416 0.1284154 0.0078821 0.0000000 0.0078821 0.2038070 0.3725147 
Equus_caballus      0.1327124 0.1279098 0.0078581 0.0078821 0.0000000 0.1925279 0.3578852 
Canis_lupus         0.2346749 0.2186562 0.2028937 0.2038070 0.1925279 0.0000000 0.3557010 
Bos_taurus          0.3747887 0.3684630 0.3702790 0.3725147 0.3578852 0.3557010 0.0000000 
