7
Ceratotherium_simum 0.0000000 0.0020232 0.0527549 0.0505161 0.0512328 0.1484812 0.3693902 
Diceros_bicornis    0.0020232 0.0000000 0.0520363 0.0497992 0.0505157 0.1456556 0.3684341 
Equus_asinus        0.0527549 0.0520363 0.0000000 0.0020217 0.0040530 0.1517088 0.3704903 
Equus_quagga        0.0505161 0.0497992 0.0020217 0.0000000 0.0020227 0.1507855 0.3692083 
Equus_caballus      0.0512328 0.0505157 0.0040530 0.0020227 0.0000000 0.1525180 0.3688738 
Canis_lupus         0.1484812 0.1456556 0.1517088 0.1507855 0.1525180 0.0000000 0.4724113 
Bos_taurus          0.3693902 0.3684341 0.3704903 0.3692083 0.3688738 0.4724113 0.0000000 
