7
Ceratotherium_simum 0.0000000 0.0199976 0.1541554 0.1432665 0.1418933 0.3800270 0.5133103 
Diceros_bicornis    0.0199976 0.0000000 0.1528384 0.1475436 0.1488238 0.3674596 0.4946454 
Equus_asinus        0.1541554 0.1528384 0.0000000 0.0131157 0.0333499 0.4092689 0.5809952 
Equus_quagga        0.1432665 0.1475436 0.0131157 0.0000000 0.0265334 0.4046338 0.5765008 
Equus_caballus      0.1418933 0.1488238 0.0333499 0.0265334 0.0000000 0.4132298 0.5761519 
Canis_lupus         0.3800270 0.3674596 0.4092689 0.4046338 0.4132298 0.0000000 0.6702430 
Bos_taurus          0.5133103 0.4946454 0.5809952 0.5765008 0.5761519 0.6702430 0.0000000 
