7
Ceratotherium_simum 0.0000000 0.0084066 0.0535661 0.0525296 0.0566752 0.0887960 0.1005242 
Diceros_bicornis    0.0084066 0.0000000 0.0753578 0.0487498 0.0758404 0.1044417 0.1154709 
Equus_asinus        0.0535661 0.0753578 0.0000000 0.0008189 0.0188682 0.0974634 0.1061403 
Equus_quagga        0.0525296 0.0487498 0.0008189 0.0000000 0.0066405 0.0717048 0.0766101 
Equus_caballus      0.0566752 0.0758404 0.0188682 0.0066405 0.0000000 0.0954024 0.1015082 
Canis_lupus         0.0887960 0.1044417 0.0974634 0.0717048 0.0954024 0.0000000 0.0738795 
Bos_taurus          0.1005242 0.1154709 0.1061403 0.0766101 0.1015082 0.0738795 0.0000000 
