7
Ceratotherium_simum 0.0000000 0.0057756 0.0293478 0.0293478 0.0320013 0.0723787 0.0699947 
Diceros_bicornis    0.0057756 0.0000000 0.0305261 0.0305261 0.0331826 0.0772796 0.0711924 
Equus_asinus        0.0293478 0.0305261 0.0000000 0.0000010 0.0022959 0.0690225 0.0576593 
Equus_quagga        0.0293478 0.0305261 0.0000010 0.0000000 0.0022959 0.0690225 0.0576593 
Equus_caballus      0.0320013 0.0331826 0.0022959 0.0022959 0.0000000 0.0723234 0.0607083 
Canis_lupus         0.0723787 0.0772796 0.0690225 0.0690225 0.0723234 0.0000000 0.1039224 
Bos_taurus          0.0699947 0.0711924 0.0576593 0.0576593 0.0607083 0.1039224 0.0000000 
