7
Ceratotherium_simum 0.0000000 0.0258709 0.1753196 0.1668952 0.1676371 0.3459323 0.3609224 
Diceros_bicornis    0.0258709 0.0000000 0.1821608 0.1736026 0.1743874 0.3524085 0.3649276 
Equus_asinus        0.1753196 0.1821608 0.0000000 0.0106141 0.0280795 0.3324390 0.3280707 
Equus_quagga        0.1668952 0.1736026 0.0106141 0.0000000 0.0171544 0.3263364 0.3244729 
Equus_caballus      0.1676371 0.1743874 0.0280795 0.0171544 0.0000000 0.3214101 0.3253650 
Canis_lupus         0.3459323 0.3524085 0.3324390 0.3263364 0.3214101 0.0000000 0.4274280 
Bos_taurus          0.3609224 0.3649276 0.3280707 0.3244729 0.3253650 0.4274280 0.0000000 
