7
Ceratotherium_simum 0.0000000 0.0157269 0.1178464 0.1178464 0.1182016 0.1726886 0.1401914 
Diceros_bicornis    0.0157269 0.0000000 0.1213444 0.1213444 0.1217104 0.1762410 0.1436346 
Equus_asinus        0.1178464 0.1213444 0.0000000 0.0000010 0.0063530 0.1841408 0.1564663 
Equus_quagga        0.1178464 0.1213444 0.0000010 0.0000000 0.0063530 0.1841408 0.1564663 
Equus_caballus      0.1182016 0.1217104 0.0063530 0.0063530 0.0000000 0.1804525 0.1569448 
Canis_lupus         0.1726886 0.1762410 0.1841408 0.1841408 0.1804525 0.0000000 0.1574944 
Bos_taurus          0.1401914 0.1436346 0.1564663 0.1564663 0.1569448 0.1574944 0.0000000 
