7
Ceratotherium_simum 0.0000000 0.0135748 0.2468789 0.2490143 0.2515959 0.3584348 0.3813601 
Diceros_bicornis    0.0135748 0.0000000 0.2425088 0.2446240 0.2471777 0.3590574 0.3780260 
Equus_asinus        0.2468789 0.2425088 0.0000000 0.0121692 0.0149531 0.3993050 0.4474184 
Equus_quagga        0.2490143 0.2446240 0.0121692 0.0000000 0.0190910 0.4043318 0.4575029 
Equus_caballus      0.2515959 0.2471777 0.0149531 0.0190910 0.0000000 0.4053627 0.4492527 
Canis_lupus         0.3584348 0.3590574 0.3993050 0.4043318 0.4053627 0.0000000 0.4369739 
Bos_taurus          0.3813601 0.3780260 0.4474184 0.4575029 0.4492527 0.4369739 0.0000000 
