7
Ceratotherium_simum 0.0000000 0.0070733 0.0318460 0.0328841 0.0290884 0.0772233 0.0864241 
Diceros_bicornis    0.0070733 0.0000000 0.0347375 0.0358020 0.0319373 0.0780673 0.0868162 
Equus_asinus        0.0318460 0.0347375 0.0000000 0.0023385 0.0039209 0.0722017 0.0815981 
Equus_quagga        0.0328841 0.0358020 0.0023385 0.0000000 0.0047269 0.0736382 0.0831302 
Equus_caballus      0.0290884 0.0319373 0.0039209 0.0047269 0.0000000 0.0711126 0.0793076 
Canis_lupus         0.0772233 0.0780673 0.0722017 0.0736382 0.0711126 0.0000000 0.1043831 
Bos_taurus          0.0864241 0.0868162 0.0815981 0.0831302 0.0793076 0.1043831 0.0000000 
