7
Ceratotherium_simum 0.0000000 0.0272015 0.5535257 0.1441374 0.1479591 0.2190471 0.5933117 
Diceros_bicornis    0.0272015 0.0000000 0.5627927 0.1543107 0.1581801 0.2190253 0.5790320 
Equus_asinus        0.5535257 0.5627927 0.0000000 0.3825037 0.3933094 0.6607299 0.2101449 
Equus_quagga        0.1441374 0.1543107 0.3825037 0.0000000 0.0059907 0.2019093 0.5551479 
Equus_caballus      0.1479591 0.1581801 0.3933094 0.0059907 0.0000000 0.2023674 0.5688934 
Canis_lupus         0.2190471 0.2190253 0.6607299 0.2019093 0.2023674 0.0000000 0.6536461 
Bos_taurus          0.5933117 0.5790320 0.2101449 0.5551479 0.5688934 0.6536461 0.0000000 
