7
Ceratotherium_simum 0.0000000 0.0107753 0.0925248 0.0935752 0.0861425 0.0960834 0.1455546 
Diceros_bicornis    0.0107753 0.0000000 0.0946095 0.0956705 0.0881625 0.0963155 0.1430035 
Equus_asinus        0.0925248 0.0946095 0.0000000 0.0021240 0.0159989 0.1332015 0.1597573 
Equus_quagga        0.0935752 0.0956705 0.0021240 0.0000000 0.0167602 0.1319764 0.1595150 
Equus_caballus      0.0861425 0.0881625 0.0159989 0.0167602 0.0000000 0.1193143 0.1579761 
Canis_lupus         0.0960834 0.0963155 0.1332015 0.1319764 0.1193143 0.0000000 0.1587202 
Bos_taurus          0.1455546 0.1430035 0.1597573 0.1595150 0.1579761 0.1587202 0.0000000 
