7
Ceratotherium_simum 0.0000000 0.0226431 0.2652604 0.2635144 0.3175343 0.4988995 0.4585225 
Diceros_bicornis    0.0226431 0.0000000 0.2703526 0.2671836 0.3213204 0.5040914 0.4584096 
Equus_asinus        0.2652604 0.2703526 0.0000000 0.0139395 0.0638550 0.4623109 0.4044543 
Equus_quagga        0.2635144 0.2671836 0.0139395 0.0000000 0.0616444 0.4715845 0.4119670 
Equus_caballus      0.3175343 0.3213204 0.0638550 0.0616444 0.0000000 0.5270922 0.4558849 
Canis_lupus         0.4988995 0.5040914 0.4623109 0.4715845 0.5270922 0.0000000 0.4855789 
Bos_taurus          0.4585225 0.4584096 0.4044543 0.4119670 0.4558849 0.4855789 0.0000000 
