6
Ceratotherium_simum 0.0000000 0.0234763 0.0092560 0.0092560 0.0071074 0.0106870 
Diceros_bicornis    0.0234763 0.0000000 0.0301786 0.0301786 0.0292079 0.0340322 
Equus_asinus        0.0092560 0.0301786 0.0000000 0.0000010 0.0092494 0.0128391 
Equus_quagga        0.0092560 0.0301786 0.0000010 0.0000000 0.0092494 0.0128391 
Canis_lupus         0.0071074 0.0292079 0.0092494 0.0092494 0.0000000 0.0106793 
Bos_taurus          0.0106870 0.0340322 0.0128391 0.0128391 0.0106793 0.0000000 
