7
Ceratotherium_simum 0.0000000 0.0161541 0.1196716 0.1223797 0.1250517 0.1627884 0.1534797 
Diceros_bicornis    0.0161541 0.0000000 0.1230457 0.1252788 0.1250584 0.2039895 0.2223538 
Equus_asinus        0.1196716 0.1230457 0.0000000 0.0018659 0.0093860 0.2347043 0.2190759 
Equus_quagga        0.1223797 0.1252788 0.0018659 0.0000000 0.0112781 0.2373448 0.2216673 
Equus_caballus      0.1250517 0.1250584 0.0093860 0.0112781 0.0000000 0.2419380 0.2262269 
Canis_lupus         0.1627884 0.2039895 0.2347043 0.2373448 0.2419380 0.0000000 0.2439319 
Bos_taurus          0.1534797 0.2223538 0.2190759 0.2216673 0.2262269 0.2439319 0.0000000 
