7
Ceratotherium_simum 0.0000000 0.0029925 0.0795416 0.0795416 0.0830908 0.1994014 0.1898680 
Diceros_bicornis    0.0029925 0.0000000 0.0828832 0.0828832 0.0864547 0.2033250 0.1937158 
Equus_asinus        0.0795416 0.0828832 0.0000000 0.0000010 0.0090302 0.1871555 0.1619405 
Equus_quagga        0.0795416 0.0828832 0.0000010 0.0000000 0.0090302 0.1871555 0.1619405 
Equus_caballus      0.0830908 0.0864547 0.0090302 0.0090302 0.0000000 0.1994014 0.1661234 
Canis_lupus         0.1994014 0.2033250 0.1871555 0.1871555 0.1994014 0.0000000 0.2922965 
Bos_taurus          0.1898680 0.1937158 0.1619405 0.1619405 0.1661234 0.2922965 0.0000000 
