7
Ceratotherium_simum 0.0000000 0.0120707 0.0367623 0.0383345 0.0367623 0.0642145 0.1341926 
Diceros_bicornis    0.0120707 0.0000000 0.0304845 0.0320426 0.0304845 0.0592531 0.1324614 
Equus_asinus        0.0367623 0.0304845 0.0000000 0.0014931 0.0000010 0.0528632 0.1236490 
Equus_quagga        0.0383345 0.0320426 0.0014931 0.0000000 0.0014931 0.0512766 0.1254440 
Equus_caballus      0.0367623 0.0304845 0.0000010 0.0014931 0.0000000 0.0528632 0.1236490 
Canis_lupus         0.0642145 0.0592531 0.0528632 0.0512766 0.0528632 0.0000000 0.1380725 
Bos_taurus          0.1341926 0.1324614 0.1236490 0.1254440 0.1236490 0.1380725 0.0000000 
