7
Ceratotherium_simum 0.0000000 0.0122868 0.1672602 0.1685640 0.1748103 0.4095580 0.5262236 
Diceros_bicornis    0.0122868 0.0000000 0.1512644 0.1524201 0.1587378 0.3978284 0.5046135 
Equus_asinus        0.1672602 0.1512644 0.0000000 0.0000010 0.0061250 0.4998434 0.5020600 
Equus_quagga        0.1685640 0.1524201 0.0000010 0.0000000 0.0061608 0.5055555 0.5080341 
Equus_caballus      0.1748103 0.1587378 0.0061250 0.0061608 0.0000000 0.5080744 0.5106018 
Canis_lupus         0.4095580 0.3978284 0.4998434 0.5055555 0.5080744 0.0000000 0.6342823 
Bos_taurus          0.5262236 0.5046135 0.5020600 0.5080341 0.5106018 0.6342823 0.0000000 
