7
Ceratotherium_simum 0.0000000 0.0030644 0.0201726 0.0201726 0.0233250 0.0560255 0.0921146 
Diceros_bicornis    0.0030644 0.0000000 0.0201726 0.0201726 0.0233250 0.0593567 0.0921146 
Equus_asinus        0.0201726 0.0201726 0.0000000 0.0000010 0.0030644 0.0544358 0.0835321 
Equus_quagga        0.0201726 0.0201726 0.0000010 0.0000000 0.0030644 0.0544358 0.0835321 
Equus_caballus      0.0233250 0.0233250 0.0030644 0.0030644 0.0000000 0.0577636 0.0852656 
Canis_lupus         0.0560255 0.0593567 0.0544358 0.0544358 0.0577636 0.0000000 0.1036664 
Bos_taurus          0.0921146 0.0921146 0.0835321 0.0835321 0.0852656 0.1036664 0.0000000 
