7
Ceratotherium_simum 0.0000000 0.0270968 0.1479763 0.1480804 0.1592156 0.2228034 0.2990480 
Diceros_bicornis    0.0270968 0.0000000 0.1442937 0.1443951 0.1554668 0.2186555 0.2958036 
Equus_asinus        0.1479763 0.1442937 0.0000000 0.0119189 0.0271589 0.2248491 0.2650042 
Equus_quagga        0.1480804 0.1443951 0.0119189 0.0000000 0.0271771 0.2173342 0.2571342 
Equus_caballus      0.1592156 0.1554668 0.0271589 0.0271771 0.0000000 0.2374235 0.2784702 
Canis_lupus         0.2228034 0.2186555 0.2248491 0.2173342 0.2374235 0.0000000 0.3037002 
Bos_taurus          0.2990480 0.2958036 0.2650042 0.2571342 0.2784702 0.3037002 0.0000000 
