7
Ceratotherium_simum 0.0000000 0.0154714 0.0948223 0.0948010 0.0919772 0.1331880 0.3933142 
Diceros_bicornis    0.0154714 0.0000000 0.1003412 0.1003185 0.0974858 0.1458985 0.4081524 
Equus_asinus        0.0948223 0.1003412 0.0000000 0.0051269 0.0025604 0.1208773 0.3839977 
Equus_quagga        0.0948010 0.1003185 0.0051269 0.0000000 0.0025599 0.1208472 0.3838186 
Equus_caballus      0.0919772 0.0974858 0.0025604 0.0025599 0.0000000 0.1178139 0.3794743 
Canis_lupus         0.1331880 0.1458985 0.1208773 0.1208472 0.1178139 0.0000000 0.4418082 
Bos_taurus          0.3933142 0.4081524 0.3839977 0.3838186 0.3794743 0.4418082 0.0000000 
