7
Ceratotherium_simum 0.0000000 0.0051464 0.1114058 0.1131536 0.1112856 0.2240739 0.2669164 
Diceros_bicornis    0.0051464 0.0000000 0.1147575 0.1188152 0.1167200 0.2161312 0.2779131 
Equus_asinus        0.1114058 0.1147575 0.0000000 0.0046279 0.0030802 0.2552890 0.2973139 
Equus_quagga        0.1131536 0.1188152 0.0046279 0.0000000 0.0046235 0.2552608 0.2994691 
Equus_caballus      0.1112856 0.1167200 0.0030802 0.0046235 0.0000000 0.2549621 0.2947270 
Canis_lupus         0.2240739 0.2161312 0.2552890 0.2552608 0.2549621 0.0000000 0.3755466 
Bos_taurus          0.2669164 0.2779131 0.2973139 0.2994691 0.2947270 0.3755466 0.0000000 
