7
Ceratotherium_simum 0.0000000 0.0037367 0.0266458 0.0258670 0.0274230 0.0402252 0.0426142 
Diceros_bicornis    0.0037367 0.0000000 0.0258544 0.0250763 0.0266298 0.0394050 0.0417900 
Equus_asinus        0.0266458 0.0258544 0.0000000 0.0007416 0.0022275 0.0520541 0.0521053 
Equus_quagga        0.0258670 0.0250763 0.0007416 0.0000000 0.0014841 0.0512422 0.0529073 
Equus_caballus      0.0274230 0.0266298 0.0022275 0.0014841 0.0000000 0.0528633 0.0529153 
Canis_lupus         0.0402252 0.0394050 0.0520541 0.0512422 0.0528633 0.0000000 0.0546855 
Bos_taurus          0.0426142 0.0417900 0.0521053 0.0529073 0.0529153 0.0546855 0.0000000 
