7
Ceratotherium_simum 0.0000000 0.0096551 0.1430765 0.1480210 0.1458320 0.2568725 0.2947227 
Diceros_bicornis    0.0096551 0.0000000 0.1453198 0.1502774 0.1480874 0.2648396 0.2952370 
Equus_asinus        0.1430765 0.1453198 0.0000000 0.0076873 0.0174261 0.2722073 0.2687001 
Equus_quagga        0.1480210 0.1502774 0.0076873 0.0000000 0.0174421 0.2781604 0.2746795 
Equus_caballus      0.1458320 0.1480874 0.0174261 0.0174421 0.0000000 0.2676086 0.2668262 
Canis_lupus         0.2568725 0.2648396 0.2722073 0.2781604 0.2676086 0.0000000 0.3547916 
Bos_taurus          0.2947227 0.2952370 0.2687001 0.2746795 0.2668262 0.3547916 0.0000000 
