7
Ceratotherium_simum 0.0000000 0.0316933 0.6197085 0.6196616 0.9542019 0.6497224 0.6761317 
Diceros_bicornis    0.0316933 0.0000000 0.6216660 0.6216187 0.9821840 0.6460968 0.6759338 
Equus_asinus        0.6197085 0.6216660 0.0000000 0.0041099 2.2626412 0.4665954 0.5181830 
Equus_quagga        0.6196616 0.6216187 0.0041099 0.0000000 2.2644903 0.4714596 0.5210849 
Equus_caballus      0.9542019 0.9821840 2.2626412 2.2644903 0.0000000 2.2122251 2.1717873 
Canis_lupus         0.6497224 0.6460968 0.4665954 0.4714596 2.2122251 0.0000000 0.1488760 
Bos_taurus          0.6761317 0.6759338 0.5181830 0.5210849 2.1717873 0.1488760 0.0000000 
