7
Ceratotherium_simum 0.0000000 0.0200864 0.1669121 0.1661912 0.1670269 0.3466538 0.3924806 
Diceros_bicornis    0.0200864 0.0000000 0.1678955 0.1671724 0.1680081 0.3483462 0.3975394 
Equus_asinus        0.1669121 0.1678955 0.0000000 0.0074246 0.0169399 0.3494196 0.3992067 
Equus_quagga        0.1661912 0.1671724 0.0074246 0.0000000 0.0169191 0.3469008 0.4023669 
Equus_caballus      0.1670269 0.1680081 0.0169399 0.0169191 0.0000000 0.3474472 0.4023003 
Canis_lupus         0.3466538 0.3483462 0.3494196 0.3469008 0.3474472 0.0000000 0.4646813 
Bos_taurus          0.3924806 0.3975394 0.3992067 0.4023669 0.4023003 0.4646813 0.0000000 
