7
Ceratotherium_simum 0.0000000 0.0103911 0.0916827 0.0960937 0.0981903 0.1085542 0.1167724 
Diceros_bicornis    0.0103911 0.0000000 0.0820589 0.0813744 0.0827005 0.1114802 0.1164221 
Equus_asinus        0.0916827 0.0820589 0.0000000 0.0130129 0.0154175 0.1397936 0.1465853 
Equus_quagga        0.0960937 0.0813744 0.0130129 0.0000000 0.0071996 0.1471494 0.1527556 
Equus_caballus      0.0981903 0.0827005 0.0154175 0.0071996 0.0000000 0.1463884 0.1551531 
Canis_lupus         0.1085542 0.1114802 0.1397936 0.1471494 0.1463884 0.0000000 0.1224933 
Bos_taurus          0.1167724 0.1164221 0.1465853 0.1527556 0.1551531 0.1224933 0.0000000 
