7
Ceratotherium_simum 0.0000000 0.0181325 0.1861384 0.1893477 0.1445091 0.2325782 0.3037594 
Diceros_bicornis    0.0181325 0.0000000 0.1833499 0.1865484 0.1419162 0.2329995 0.3035187 
Equus_asinus        0.1861384 0.1833499 0.0000000 0.0050012 0.0421564 0.2828627 0.3654431 
Equus_quagga        0.1893477 0.1865484 0.0050012 0.0000000 0.0448347 0.2871167 0.3668777 
Equus_caballus      0.1445091 0.1419162 0.0421564 0.0448347 0.0000000 0.2424190 0.3177746 
Canis_lupus         0.2325782 0.2329995 0.2828627 0.2871167 0.2424190 0.0000000 0.3350978 
Bos_taurus          0.3037594 0.3035187 0.3654431 0.3668777 0.3177746 0.3350978 0.0000000 
