7
Ceratotherium_simum 0.0000000 0.0124785 0.1065678 0.1089533 0.1041842 0.1980226 0.2068452 
Diceros_bicornis    0.0124785 0.0000000 0.1088238 0.1112102 0.1064392 0.2089418 0.2098246 
Equus_asinus        0.1065678 0.1088238 0.0000000 0.0020580 0.0020580 0.2284366 0.2378070 
Equus_quagga        0.1089533 0.1112102 0.0020580 0.0000000 0.0041205 0.2311304 0.2405258 
Equus_caballus      0.1041842 0.1064392 0.0020580 0.0041205 0.0000000 0.2257397 0.2350845 
Canis_lupus         0.1980226 0.2089418 0.2284366 0.2311304 0.2257397 0.0000000 0.2734677 
Bos_taurus          0.2068452 0.2098246 0.2378070 0.2405258 0.2350845 0.2734677 0.0000000 
