7
Ceratotherium_simum 0.0000000 0.1439017 0.3178728 0.3245232 0.3222934 0.2172394 0.5337872 
Diceros_bicornis    0.1439017 0.0000000 0.1481357 0.1530388 0.1523156 0.3988337 0.3267791 
Equus_asinus        0.3178728 0.1481357 0.0000000 0.0113320 0.0268630 0.4744551 0.3977794 
Equus_quagga        0.3245232 0.1530388 0.0113320 0.0000000 0.0386805 0.4664746 0.3978400 
Equus_caballus      0.3222934 0.1523156 0.0268630 0.0386805 0.0000000 0.4783429 0.3907041 
Canis_lupus         0.2172394 0.3988337 0.4744551 0.4664746 0.4783429 0.0000000 0.5610412 
Bos_taurus          0.5337872 0.3267791 0.3977794 0.3978400 0.3907041 0.5610412 0.0000000 
