7
Ceratotherium_simum 0.0000000 0.0068362 0.1361248 0.1455794 0.1353177 0.2226395 0.4149997 
Diceros_bicornis    0.0068362 0.0000000 0.1445977 0.1542332 0.1437281 0.2325238 0.4277565 
Equus_asinus        0.1361248 0.1445977 0.0000000 0.0069046 0.0138718 0.2989386 0.4905909 
Equus_quagga        0.1455794 0.1542332 0.0069046 0.0000000 0.0210458 0.2964609 0.5110142 
Equus_caballus      0.1353177 0.1437281 0.0138718 0.0210458 0.0000000 0.2750714 0.4581405 
Canis_lupus         0.2226395 0.2325238 0.2989386 0.2964609 0.2750714 0.0000000 0.4941742 
Bos_taurus          0.4149997 0.4277565 0.4905909 0.5110142 0.4581405 0.4941742 0.0000000 
