7
Ceratotherium_simum 0.0000000 0.0130234 0.0408720 0.0387541 0.0366656 0.0974348 0.1841557 
Diceros_bicornis    0.0130234 0.0000000 0.0448467 0.0427076 0.0405991 0.0971781 0.1806416 
Equus_asinus        0.0408720 0.0448467 0.0000000 0.0018394 0.0036941 0.1099573 0.1795637 
Equus_quagga        0.0387541 0.0427076 0.0018394 0.0000000 0.0018394 0.1072732 0.1761118 
Equus_caballus      0.0366656 0.0405991 0.0036941 0.0018394 0.0000000 0.1046400 0.1727295 
Canis_lupus         0.0974348 0.0971781 0.1099573 0.1072732 0.1046400 0.0000000 0.2220354 
Bos_taurus          0.1841557 0.1806416 0.1795637 0.1761118 0.1727295 0.2220354 0.0000000 
