6
Ceratotherium_simum 0.0000000 0.0162027 0.0963151 0.0963151 0.1959063 0.2507531 
Diceros_bicornis    0.0162027 0.0000000 0.1148690 0.1148690 0.2164968 0.2723963 
Equus_asinus        0.0963151 0.1148690 0.0000000 0.0000010 0.2308233 0.2661470 
Equus_quagga        0.0963151 0.1148690 0.0000010 0.0000000 0.2308233 0.2661470 
Canis_lupus         0.1959063 0.2164968 0.2308233 0.2308233 0.0000000 0.3729524 
Bos_taurus          0.2507531 0.2723963 0.2661470 0.2661470 0.3729524 0.0000000 
