7
Ceratotherium_simum 0.0000000 0.0136694 0.3437609 0.3437609 0.3434634 0.6347294 0.8537436 
Diceros_bicornis    0.0136694 0.0000000 0.3528246 0.3528246 0.3525204 0.6472223 0.8382033 
Equus_asinus        0.3437609 0.3528246 0.0000000 0.0000010 0.0090630 0.5741684 0.7460742 
Equus_quagga        0.3437609 0.3528246 0.0000010 0.0000000 0.0090630 0.5741684 0.7460742 
Equus_caballus      0.3434634 0.3525204 0.0090630 0.0090630 0.0000000 0.5868880 0.7579539 
Canis_lupus         0.6347294 0.6472223 0.5741684 0.5741684 0.5868880 0.0000000 0.9332614 
Bos_taurus          0.8537436 0.8382033 0.7460742 0.7460742 0.7579539 0.9332614 0.0000000 
