7
Ceratotherium_simum 0.0000000 0.0061828 0.0608365 0.0555172 0.0542313 0.1146244 0.1150102 
Diceros_bicornis    0.0061828 0.0000000 0.0641605 0.0587955 0.0574846 0.1133971 0.1176949 
Equus_asinus        0.0608365 0.0641605 0.0000000 0.0116100 0.0088638 0.1358510 0.1369714 
Equus_quagga        0.0555172 0.0587955 0.0116100 0.0000000 0.0061892 0.1300359 0.1305285 
Equus_caballus      0.0542313 0.0574846 0.0088638 0.0061892 0.0000000 0.1280205 0.1285606 
Canis_lupus         0.1146244 0.1133971 0.1358510 0.1300359 0.1280205 0.0000000 0.1527334 
Bos_taurus          0.1150102 0.1176949 0.1369714 0.1305285 0.1285606 0.1527334 0.0000000 
