7
Ceratotherium_simum 0.0000000 0.0059825 0.0422791 0.0404716 0.0432137 0.0458755 0.0749564 
Diceros_bicornis    0.0059825 0.0000000 0.0404171 0.0386161 0.0413469 0.0430970 0.0730646 
Equus_asinus        0.0422791 0.0404171 0.0000000 0.0016853 0.0059177 0.0553774 0.0770197 
Equus_quagga        0.0404716 0.0386161 0.0016853 0.0000000 0.0042225 0.0535587 0.0751414 
Equus_caballus      0.0432137 0.0413469 0.0059177 0.0042225 0.0000000 0.0563265 0.0780148 
Canis_lupus         0.0458755 0.0430970 0.0553774 0.0535587 0.0563265 0.0000000 0.0817916 
Bos_taurus          0.0749564 0.0730646 0.0770197 0.0751414 0.0780148 0.0817916 0.0000000 
