7
Ceratotherium_simum 0.0000000 0.0066276 0.1209313 0.1286875 0.1209313 0.3150151 0.2440189 
Diceros_bicornis    0.0066276 0.0000000 0.1087559 0.1143532 0.1142811 0.2730431 0.2370005 
Equus_asinus        0.1209313 0.1087559 0.0000000 0.0048245 0.0096709 0.2139919 0.2319074 
Equus_quagga        0.1286875 0.1143532 0.0048245 0.0000000 0.0145565 0.2207060 0.2387132 
Equus_caballus      0.1209313 0.1142811 0.0096709 0.0145565 0.0000000 0.2205504 0.2385447 
Canis_lupus         0.3150151 0.2730431 0.2139919 0.2207060 0.2205504 0.0000000 0.2656177 
Bos_taurus          0.2440189 0.2370005 0.2319074 0.2387132 0.2385447 0.2656177 0.0000000 
