7
Ceratotherium_simum 0.0000000 0.0181700 0.3203750 0.3196297 0.3098471 0.4779009 0.6776965 
Diceros_bicornis    0.0181700 0.0000000 0.3135946 0.3128008 0.3032734 0.4790558 0.6626788 
Equus_asinus        0.3203750 0.3135946 0.0000000 0.0143489 0.0247193 0.5440933 0.7272853 
Equus_quagga        0.3196297 0.3128008 0.0143489 0.0000000 0.0227269 0.5316047 0.7167821 
Equus_caballus      0.3098471 0.3032734 0.0247193 0.0227269 0.0000000 0.5348810 0.7060398 
Canis_lupus         0.4779009 0.4790558 0.5440933 0.5316047 0.5348810 0.0000000 0.7814115 
Bos_taurus          0.6776965 0.6626788 0.7272853 0.7167821 0.7060398 0.7814115 0.0000000 
