7
Ceratotherium_simum 0.0000000 0.0074005 0.0634083 0.0633439 0.0652614 0.1030117 0.0989509 
Diceros_bicornis    0.0074005 0.0000000 0.0633439 0.0632797 0.0651952 0.1073079 0.1032297 
Equus_asinus        0.0634083 0.0633439 0.0000000 0.0055561 0.0149014 0.1141074 0.1161065 
Equus_quagga        0.0633439 0.0632797 0.0055561 0.0000000 0.0130137 0.1118695 0.1159824 
Equus_caballus      0.0652614 0.0651952 0.0149014 0.0130137 0.0000000 0.1138638 0.1179788 
Canis_lupus         0.1030117 0.1073079 0.1141074 0.1118695 0.1138638 0.0000000 0.1423739 
Bos_taurus          0.0989509 0.1032297 0.1161065 0.1159824 0.1179788 0.1423739 0.0000000 
