7
Ceratotherium_simum 0.0000000 0.0034082 0.0368150 0.0350443 0.0368443 0.0720750 0.0994403 
Diceros_bicornis    0.0034082 0.0000000 0.0404188 0.0386417 0.0404509 0.0758674 0.1014620 
Equus_asinus        0.0368150 0.0404188 0.0000000 0.0051143 0.0068283 0.0608059 0.1012385 
Equus_quagga        0.0350443 0.0386417 0.0051143 0.0000000 0.0017029 0.0626891 0.0993460 
Equus_caballus      0.0368443 0.0404509 0.0068283 0.0017029 0.0000000 0.0645670 0.1013267 
Canis_lupus         0.0720750 0.0758674 0.0608059 0.0626891 0.0645670 0.0000000 0.1113959 
Bos_taurus          0.0994403 0.1014620 0.1012385 0.0993460 0.1013267 0.1113959 0.0000000 
