7
Ceratotherium_simum 0.0000000 0.0051855 0.0685660 0.0685660 0.0640189 0.1149110 0.1033575 
Diceros_bicornis    0.0051855 0.0000000 0.0705553 0.0705553 0.0659731 0.1149110 0.1040280 
Equus_asinus        0.0685660 0.0705553 0.0000000 0.0014712 0.0081704 0.1289169 0.1097408 
Equus_quagga        0.0685660 0.0705553 0.0014712 0.0000000 0.0081704 0.1289169 0.1097408 
Equus_caballus      0.0640189 0.0659731 0.0081704 0.0081704 0.0000000 0.1270281 0.1045960 
Canis_lupus         0.1149110 0.1149110 0.1289169 0.1289169 0.1270281 0.0000000 0.1306146 
Bos_taurus          0.1033575 0.1040280 0.1097408 0.1097408 0.1045960 0.1306146 0.0000000 
