7
Ceratotherium_simum 0.0000000 0.0128156 0.1720832 0.1918831 0.1732975 0.1544272 0.1432632 
Diceros_bicornis    0.0128156 0.0000000 0.1699959 0.1897449 0.1711942 0.1559154 0.1446681 
Equus_asinus        0.1720832 0.1699959 0.0000000 0.0206068 0.0178851 0.2605962 0.2326718 
Equus_quagga        0.1918831 0.1897449 0.0206068 0.0000000 0.0372887 0.2711211 0.2492636 
Equus_caballus      0.1732975 0.1711942 0.0178851 0.0372887 0.0000000 0.2656843 0.2331682 
Canis_lupus         0.1544272 0.1559154 0.2605962 0.2711211 0.2656843 0.0000000 0.1685228 
Bos_taurus          0.1432632 0.1446681 0.2326718 0.2492636 0.2331682 0.1685228 0.0000000 
