7
Ceratotherium_simum 0.0000000 0.0485737 0.2426709 0.2468663 0.2343687 0.6130966 0.5748138 
Diceros_bicornis    0.0485737 0.0000000 0.2728889 0.2773052 0.2641516 0.6238015 0.6092984 
Equus_asinus        0.2426709 0.2728889 0.0000000 0.0236628 0.0209847 0.5637917 0.4976550 
Equus_quagga        0.2468663 0.2773052 0.0236628 0.0000000 0.0183621 0.5560005 0.4902824 
Equus_caballus      0.2343687 0.2641516 0.0209847 0.0183621 0.0000000 0.5438707 0.4851730 
Canis_lupus         0.6130966 0.6238015 0.5637917 0.5560005 0.5438707 0.0000000 0.7073077 
Bos_taurus          0.5748138 0.6092984 0.4976550 0.4902824 0.4851730 0.7073077 0.0000000 
