7
Ceratotherium_simum 0.0000000 0.0173112 0.1398242 0.1407243 0.1397505 0.1749296 0.5479308 
Diceros_bicornis    0.0173112 0.0000000 0.1382719 0.1636976 0.1382003 0.1713161 0.5432549 
Equus_asinus        0.1398242 0.1382719 0.0000000 0.0257971 0.0134365 0.2138660 0.5744992 
Equus_quagga        0.1407243 0.1636976 0.0257971 0.0000000 0.0309461 0.2405965 0.6200501 
Equus_caballus      0.1397505 0.1382003 0.0134365 0.0309461 0.0000000 0.2078080 0.5620958 
Canis_lupus         0.1749296 0.1713161 0.2138660 0.2405965 0.2078080 0.0000000 0.5464963 
Bos_taurus          0.5479308 0.5432549 0.5744992 0.6200501 0.5620958 0.5464963 0.0000000 
