7
Ceratotherium_simum 0.0000000 0.0085405 0.0431853 0.0440646 0.0430726 0.0763251 0.0992619 
Diceros_bicornis    0.0085405 0.0000000 0.0353064 0.0365780 0.0356652 0.0654923 0.0858400 
Equus_asinus        0.0431853 0.0353064 0.0000000 0.0035425 0.0039022 0.0612577 0.0911099 
Equus_quagga        0.0440646 0.0365780 0.0035425 0.0000000 0.0067903 0.0627017 0.0942922 
Equus_caballus      0.0430726 0.0356652 0.0039022 0.0067903 0.0000000 0.0616125 0.0914480 
Canis_lupus         0.0763251 0.0654923 0.0612577 0.0627017 0.0616125 0.0000000 0.0929187 
Bos_taurus          0.0992619 0.0858400 0.0911099 0.0942922 0.0914480 0.0929187 0.0000000 
