7
Ceratotherium_simum 0.0000000 0.0267277 0.0839069 0.0879290 0.0786565 0.1193180 0.1097716 
Diceros_bicornis    0.0267277 0.0000000 0.0655244 0.0706095 0.0605005 0.1022649 0.0980764 
Equus_asinus        0.0839069 0.0655244 0.0000000 0.0131060 0.0175371 0.1067253 0.1083330 
Equus_quagga        0.0879290 0.0706095 0.0131060 0.0000000 0.0175446 0.1081759 0.1056325 
Equus_caballus      0.0786565 0.0605005 0.0175371 0.0175446 0.0000000 0.1024963 0.0986152 
Canis_lupus         0.1193180 0.1022649 0.1067253 0.1081759 0.1024963 0.0000000 0.1222797 
Bos_taurus          0.1097716 0.0980764 0.1083330 0.1056325 0.0986152 0.1222797 0.0000000 
