7
Ceratotherium_simum 0.0000000 0.0168481 0.1886649 0.1907362 0.1835502 0.2106698 0.2250276 
Diceros_bicornis    0.0168481 0.0000000 0.1945850 0.1966931 0.1914313 0.2215045 0.2308816 
Equus_asinus        0.1886649 0.1945850 0.0000000 0.0013622 0.0152530 0.2832147 0.2937638 
Equus_quagga        0.1907362 0.1966931 0.0013622 0.0000000 0.0138473 0.2856872 0.2962790 
Equus_caballus      0.1835502 0.1914313 0.0152530 0.0138473 0.0000000 0.2790445 0.2944525 
Canis_lupus         0.2106698 0.2215045 0.2832147 0.2856872 0.2790445 0.0000000 0.2701298 
Bos_taurus          0.2250276 0.2308816 0.2937638 0.2962790 0.2944525 0.2701298 0.0000000 
