7
Ceratotherium_simum 0.0000000 0.0115976 0.2583041 0.2538045 0.2697686 0.3548642 0.4258604 
Diceros_bicornis    0.0115976 0.0000000 0.2617521 0.2572600 0.2732295 0.3479319 0.4284174 
Equus_asinus        0.2583041 0.2617521 0.0000000 0.0032684 0.0148758 0.3597267 0.4136075 
Equus_quagga        0.2538045 0.2572600 0.0032684 0.0000000 0.0115480 0.3597267 0.4109179 
Equus_caballus      0.2697686 0.2732295 0.0148758 0.0115480 0.0000000 0.3735927 0.4292580 
Canis_lupus         0.3548642 0.3479319 0.3597267 0.3597267 0.3735927 0.0000000 0.4515976 
Bos_taurus          0.4258604 0.4284174 0.4136075 0.4109179 0.4292580 0.4515976 0.0000000 
