7
Ceratotherium_simum 0.0000000 0.0053563 0.0492188 0.0490662 0.0492123 0.0985832 0.1799086 
Diceros_bicornis    0.0053563 0.0000000 0.0488014 0.0486493 0.0487949 0.1000391 0.1807560 
Equus_asinus        0.0492188 0.0488014 0.0000000 0.0011049 0.0034627 0.1052754 0.1845502 
Equus_quagga        0.0490662 0.0486493 0.0011049 0.0000000 0.0030892 0.1056721 0.1847828 
Equus_caballus      0.0492123 0.0487949 0.0034627 0.0030892 0.0000000 0.1058449 0.1861782 
Canis_lupus         0.0985832 0.1000391 0.1052754 0.1056721 0.1058449 0.0000000 0.2019192 
Bos_taurus          0.1799086 0.1807560 0.1845502 0.1847828 0.1861782 0.2019192 0.0000000 
