7
Ceratotherium_simum 0.0000000 0.0089084 0.0635346 0.0628555 0.0631945 0.1221509 0.1538026 
Diceros_bicornis    0.0089084 0.0000000 0.0643711 0.0641885 0.0645088 0.1233698 0.1541015 
Equus_asinus        0.0635346 0.0643711 0.0000000 0.0041118 0.0062954 0.1271066 0.1599165 
Equus_quagga        0.0628555 0.0641885 0.0041118 0.0000000 0.0049018 0.1263056 0.1597670 
Equus_caballus      0.0631945 0.0645088 0.0062954 0.0049018 0.0000000 0.1274942 0.1603115 
Canis_lupus         0.1221509 0.1233698 0.1271066 0.1263056 0.1274942 0.0000000 0.1913831 
Bos_taurus          0.1538026 0.1541015 0.1599165 0.1597670 0.1603115 0.1913831 0.0000000 
