7
Ceratotherium_simum 0.0000000 0.1875375 0.2884638 0.2534711 0.2321289 0.4924583 0.6284198 
Diceros_bicornis    0.1875375 0.0000000 0.2883587 0.2444338 0.2636307 0.5121122 0.6090256 
Equus_asinus        0.2884638 0.2883587 0.0000000 0.0180656 0.0532272 0.5129369 0.5936109 
Equus_quagga        0.2534711 0.2444338 0.0180656 0.0000000 0.0150731 0.4778770 0.5344580 
Equus_caballus      0.2321289 0.2636307 0.0532272 0.0150731 0.0000000 0.4691645 0.5210006 
Canis_lupus         0.4924583 0.5121122 0.5129369 0.4778770 0.4691645 0.0000000 0.6059154 
Bos_taurus          0.6284198 0.6090256 0.5936109 0.5344580 0.5210006 0.6059154 0.0000000 
