7
Ceratotherium_simum 0.0000000 0.0033271 0.0440951 0.0440951 0.0447928 0.0922521 0.1255568 
Diceros_bicornis    0.0033271 0.0000000 0.0448105 0.0448105 0.0455088 0.0930250 0.1263679 
Equus_asinus        0.0440951 0.0448105 0.0000000 0.0000010 0.0019956 0.0923471 0.1201171 
Equus_quagga        0.0440951 0.0448105 0.0000010 0.0000000 0.0019956 0.0923471 0.1201171 
Equus_caballus      0.0447928 0.0455088 0.0019956 0.0019956 0.0000000 0.0930816 0.1208696 
Canis_lupus         0.0922521 0.0930250 0.0923471 0.0923471 0.0930816 0.0000000 0.1533469 
Bos_taurus          0.1255568 0.1263679 0.1201171 0.1201171 0.1208696 0.1533469 0.0000000 
