7
Ceratotherium_simum 0.0000000 0.0222961 0.1810242 0.1824307 0.1846080 0.4103486 0.3086353 
Diceros_bicornis    0.0222961 0.0000000 0.1810608 0.1824676 0.1846454 0.4162854 0.3128476 
Equus_asinus        0.1810242 0.1810608 0.0000000 0.0047252 0.0094822 0.3891573 0.3000940 
Equus_quagga        0.1824307 0.1824676 0.0047252 0.0000000 0.0078685 0.3925042 0.2981960 
Equus_caballus      0.1846080 0.1846454 0.0094822 0.0078685 0.0000000 0.3920713 0.3040963 
Canis_lupus         0.4103486 0.4162854 0.3891573 0.3925042 0.3920713 0.0000000 0.4800939 
Bos_taurus          0.3086353 0.3128476 0.3000940 0.2981960 0.3040963 0.4800939 0.0000000 
