7
Ceratotherium_simum 0.0000000 0.0651287 0.2167531 0.2172042 0.2209371 0.3390929 0.3668001 
Diceros_bicornis    0.0651287 0.0000000 0.1648817 0.1652050 0.1686635 0.2721264 0.3016440 
Equus_asinus        0.2167531 0.1648817 0.0000000 0.0048756 0.0157004 0.2999532 0.3269865 
Equus_quagga        0.2172042 0.1652050 0.0048756 0.0000000 0.0167163 0.2994516 0.3277392 
Equus_caballus      0.2209371 0.1686635 0.0157004 0.0167163 0.0000000 0.3033418 0.3342394 
Canis_lupus         0.3390929 0.2721264 0.2999532 0.2994516 0.3033418 0.0000000 0.3537900 
Bos_taurus          0.3668001 0.3016440 0.3269865 0.3277392 0.3342394 0.3537900 0.0000000 
