7
Ceratotherium_simum 0.0000000 0.0091515 0.1396916 0.1377362 0.1359591 0.2342686 0.3017894 
Diceros_bicornis    0.0091515 0.0000000 0.1434706 0.1415026 0.1397193 0.2427374 0.3109567 
Equus_asinus        0.1396916 0.1434706 0.0000000 0.0060244 0.0090571 0.2969087 0.3527322 
Equus_quagga        0.1377362 0.1415026 0.0060244 0.0000000 0.0136197 0.2943885 0.3453311 
Equus_caballus      0.1359591 0.1397193 0.0090571 0.0136197 0.0000000 0.2901624 0.3479851 
Canis_lupus         0.2342686 0.2427374 0.2969087 0.2943885 0.2901624 0.0000000 0.3798920 
Bos_taurus          0.3017894 0.3109567 0.3527322 0.3453311 0.3479851 0.3798920 0.0000000 
