7
Ceratotherium_simum 0.0000000 0.0093831 0.0795903 0.0795903 0.0785020 0.1007874 0.1094387 
Diceros_bicornis    0.0093831 0.0000000 0.0826487 0.0826487 0.0826094 0.1018342 0.1088505 
Equus_asinus        0.0795903 0.0826487 0.0000000 0.0007695 0.0078205 0.1390697 0.1408850 
Equus_quagga        0.0795903 0.0826487 0.0007695 0.0000000 0.0086126 0.1390697 0.1408850 
Equus_caballus      0.0785020 0.0826094 0.0078205 0.0086126 0.0000000 0.1365863 0.1421130 
Canis_lupus         0.1007874 0.1018342 0.1390697 0.1390697 0.1365863 0.0000000 0.1261328 
Bos_taurus          0.1094387 0.1088505 0.1408850 0.1408850 0.1421130 0.1261328 0.0000000 
