7
Ceratotherium_simum 0.0000000 0.0089332 0.0583425 0.0557218 0.0570915 0.1572163 0.1501152 
Diceros_bicornis    0.0089332 0.0000000 0.0595669 0.0569450 0.0583169 0.1626343 0.1557182 
Equus_asinus        0.0583425 0.0595669 0.0000000 0.0021773 0.0054685 0.1797240 0.1621912 
Equus_quagga        0.0557218 0.0569450 0.0021773 0.0000000 0.0054685 0.1797240 0.1589083 
Equus_caballus      0.0570915 0.0583169 0.0054685 0.0054685 0.0000000 0.1750037 0.1608286 
Canis_lupus         0.1572163 0.1626343 0.1797240 0.1797240 0.1750037 0.0000000 0.1976117 
Bos_taurus          0.1501152 0.1557182 0.1621912 0.1589083 0.1608286 0.1976117 0.0000000 
