7
Ceratotherium_simum 0.0000000 0.0048464 0.0129935 0.2495991 0.0129935 0.0278873 0.0295605 
Diceros_bicornis    0.0048464 0.0000000 0.0146346 0.2555457 0.0146346 0.0295605 0.0312374 
Equus_asinus        0.0129935 0.0146346 0.0000000 0.2378450 0.0032275 0.0262179 0.0278873 
Equus_quagga        0.2495991 0.2555457 0.2378450 0.0000000 0.2407665 0.2675820 0.2645548 
Equus_caballus      0.0129935 0.0146346 0.0032275 0.2407665 0.0000000 0.0262179 0.0278873 
Canis_lupus         0.0278873 0.0295605 0.0262179 0.2675820 0.0262179 0.0000000 0.0262179 
Bos_taurus          0.0295605 0.0312374 0.0278873 0.2645548 0.0278873 0.0262179 0.0000000 
