7
Ceratotherium_simum 0.0000000 0.0026530 0.0249878 0.0243022 0.0236185 0.0503776 4.3685277 
Diceros_bicornis    0.0026530 0.0000000 0.0277296 0.0270419 0.0263562 0.0532174 4.3547622 
Equus_asinus        0.0249878 0.0277296 0.0000000 0.0019888 0.0013254 0.0532143 4.4530580 
Equus_quagga        0.0243022 0.0270419 0.0019888 0.0000000 0.0006624 0.0532143 4.4530580 
Equus_caballus      0.0236185 0.0263562 0.0013254 0.0006624 0.0000000 0.0525034 4.4623894 
Canis_lupus         0.0503776 0.0532174 0.0532143 0.0532143 0.0525034 0.0000000 4.4016099 
Bos_taurus          4.3685277 4.3547622 4.4530580 4.4530580 4.4623894 4.4016099 0.0000000 
