7
Ceratotherium_simum 0.0000000 0.0071231 0.1036623 0.1055076 0.1618620 0.2043049 0.1829822 
Diceros_bicornis    0.0071231 0.0000000 0.1110672 0.1129048 0.1667336 0.2136419 0.1873466 
Equus_asinus        0.1036623 0.1110672 0.0000000 0.0078225 0.0642967 0.2268992 0.2119184 
Equus_quagga        0.1055076 0.1129048 0.0078225 0.0000000 0.0625420 0.2249636 0.2063252 
Equus_caballus      0.1618620 0.1667336 0.0642967 0.0625420 0.0000000 0.2784075 0.2732646 
Canis_lupus         0.2043049 0.2136419 0.2268992 0.2249636 0.2784075 0.0000000 0.2481190 
Bos_taurus          0.1829822 0.1873466 0.2119184 0.2063252 0.2732646 0.2481190 0.0000000 
