7
Ceratotherium_simum 0.0000000 0.0075048 0.0506175 0.0514245 0.0529318 0.0822026 0.1231045 
Diceros_bicornis    0.0075048 0.0000000 0.0487516 0.0495528 0.0510541 0.0826676 0.1204366 
Equus_asinus        0.0506175 0.0487516 0.0000000 0.0006730 0.0038304 0.0864281 0.1234302 
Equus_quagga        0.0514245 0.0495528 0.0006730 0.0000000 0.0045125 0.0873346 0.1244639 
Equus_caballus      0.0529318 0.0510541 0.0038304 0.0045125 0.0000000 0.0892253 0.1262095 
Canis_lupus         0.0822026 0.0826676 0.0864281 0.0873346 0.0892253 0.0000000 0.1391181 
Bos_taurus          0.1231045 0.1204366 0.1234302 0.1244639 0.1262095 0.1391181 0.0000000 
