7
Ceratotherium_simum 0.0000000 0.0346284 0.1407049 0.1425158 0.1378396 0.2832240 0.4515698 
Diceros_bicornis    0.0346284 0.0000000 0.1516206 0.1534372 0.1486541 0.2927282 0.4757262 
Equus_asinus        0.1407049 0.1516206 0.0000000 0.0055895 0.0055923 0.3216770 0.4891437 
Equus_quagga        0.1425158 0.1534372 0.0055895 0.0000000 0.0037142 0.3234814 0.4909805 
Equus_caballus      0.1378396 0.1486541 0.0055923 0.0037142 0.0000000 0.3171080 0.4912035 
Canis_lupus         0.2832240 0.2927282 0.3216770 0.3234814 0.3171080 0.0000000 0.6688508 
Bos_taurus          0.4515698 0.4757262 0.4891437 0.4909805 0.4912035 0.6688508 0.0000000 
