7
Ceratotherium_simum 0.0000000 0.0045405 0.1338250 0.0671008 0.1394081 0.1601724 0.1243136 
Diceros_bicornis    0.0045405 0.0000000 0.1349124 0.0680881 0.1405038 0.1613619 0.1253725 
Equus_asinus        0.1338250 0.1349124 0.0000000 0.0619314 0.0045438 0.2275015 0.1818087 
Equus_quagga        0.0671008 0.0680881 0.0619314 0.0000000 0.0669599 0.1548665 0.1137581 
Equus_caballus      0.1394081 0.1405038 0.0045438 0.0669599 0.0000000 0.2343161 0.1853626 
Canis_lupus         0.1601724 0.1613619 0.2275015 0.1548665 0.2343161 0.0000000 0.1733964 
Bos_taurus          0.1243136 0.1253725 0.1818087 0.1137581 0.1853626 0.1733964 0.0000000 
