7
Ceratotherium_simum 0.0000000 0.0065560 0.1114680 0.1114680 0.6513634 0.2866996 0.7687622 
Diceros_bicornis    0.0065560 0.0000000 0.1188403 0.1188403 0.6654025 0.2776256 0.7851896 
Equus_asinus        0.1114680 0.1188403 0.0000000 0.0000010 0.4990538 0.3287523 0.8668517 
Equus_quagga        0.1114680 0.1188403 0.0000010 0.0000000 0.4990538 0.3287523 0.8668517 
Equus_caballus      0.6513634 0.6654025 0.4990538 0.4990538 0.0000000 1.0128132 0.4479340 
Canis_lupus         0.2866996 0.2776256 0.3287523 0.3287523 1.0128132 0.0000000 0.7823232 
Bos_taurus          0.7687622 0.7851896 0.8668517 0.8668517 0.4479340 0.7823232 0.0000000 
