7
Ceratotherium_simum 0.0000000 0.0088089 0.0349758 0.0344665 0.0349897 0.0596270 0.0548181 
Diceros_bicornis    0.0088089 0.0000000 0.0315893 0.0311167 0.0316010 0.0549516 0.0529862 
Equus_asinus        0.0349758 0.0315893 0.0000000 0.0004390 0.0008785 0.0546432 0.0541656 
Equus_quagga        0.0344665 0.0311167 0.0004390 0.0000000 0.0004392 0.0551212 0.0536927 
Equus_caballus      0.0349897 0.0316010 0.0008785 0.0004392 0.0000000 0.0556162 0.0541856 
Canis_lupus         0.0596270 0.0549516 0.0546432 0.0551212 0.0556162 0.0000000 0.0633708 
Bos_taurus          0.0548181 0.0529862 0.0541656 0.0536927 0.0541856 0.0633708 0.0000000 
