7
Ceratotherium_simum 0.0000000 0.0138455 0.2918717 0.3276560 0.2795281 0.4433535 0.6178729 
Diceros_bicornis    0.0138455 0.0000000 0.2819486 0.3172610 0.2697972 0.4312140 0.6050357 
Equus_asinus        0.2918717 0.2819486 0.0000000 0.0281761 0.0351476 0.4959547 0.5763560 
Equus_quagga        0.3276560 0.3172610 0.0281761 0.0000000 0.0575559 0.5074074 0.5651930 
Equus_caballus      0.2795281 0.2697972 0.0351476 0.0575559 0.0000000 0.5010138 0.5686728 
Canis_lupus         0.4433535 0.4312140 0.4959547 0.5074074 0.5010138 0.0000000 0.4546081 
Bos_taurus          0.6178729 0.6050357 0.5763560 0.5651930 0.5686728 0.4546081 0.0000000 
