7
Ceratotherium_simum 0.0000000 0.0050511 0.1060167 0.1149411 0.1043079 0.1373132 0.1673224 
Diceros_bicornis    0.0050511 0.0000000 0.1093516 0.1147292 0.1043079 0.1337573 0.1710791 
Equus_asinus        0.1060167 0.1093516 0.0000000 0.0056686 0.0088873 0.1749361 0.2258302 
Equus_quagga        0.1149411 0.1147292 0.0056686 0.0000000 0.0075693 0.1816242 0.2471846 
Equus_caballus      0.1043079 0.1043079 0.0088873 0.0075693 0.0000000 0.1660184 0.2278496 
Canis_lupus         0.1373132 0.1337573 0.1749361 0.1816242 0.1660184 0.0000000 0.1790290 
Bos_taurus          0.1673224 0.1710791 0.2258302 0.2471846 0.2278496 0.1790290 0.0000000 
