7
Ceratotherium_simum 0.0000000 0.0032620 0.0354725 0.0354725 0.0320403 0.0534351 0.0881780 
Diceros_bicornis    0.0032620 0.0000000 0.0316641 0.0316641 0.0282384 0.0491722 0.0832108 
Equus_asinus        0.0354725 0.0316641 0.0000000 0.0000010 0.0100442 0.0485117 0.0770217 
Equus_quagga        0.0354725 0.0316641 0.0000010 0.0000000 0.0100442 0.0485117 0.0770217 
Equus_caballus      0.0320403 0.0282384 0.0100442 0.0100442 0.0000000 0.0449789 0.0734934 
Canis_lupus         0.0534351 0.0491722 0.0485117 0.0485117 0.0449789 0.0000000 0.0914898 
Bos_taurus          0.0881780 0.0832108 0.0770217 0.0770217 0.0734934 0.0914898 0.0000000 
