7
Ceratotherium_simum 0.0000000 0.0000010 0.0088512 0.0110836 0.0088512 0.0177934 0.0269361 
Diceros_bicornis    0.0000010 0.0000000 0.0088512 0.0110836 0.0088512 0.0177934 0.0269361 
Equus_asinus        0.0088512 0.0088512 0.0000000 0.0021968 0.0000010 0.0178288 0.0269905 
Equus_quagga        0.0110836 0.0110836 0.0021968 0.0000000 0.0021968 0.0200925 0.0292928 
Equus_caballus      0.0088512 0.0088512 0.0000010 0.0021968 0.0000000 0.0178288 0.0269905 
Canis_lupus         0.0177934 0.0177934 0.0178288 0.0200925 0.0178288 0.0000000 0.0223661 
Bos_taurus          0.0269361 0.0269361 0.0269905 0.0292928 0.0269905 0.0223661 0.0000000 
