6
Ceratotherium_simum 0.0000000 0.0264398 0.1832301 0.1832301 0.1179169 0.4713629 
Diceros_bicornis    0.0264398 0.0000000 0.2194219 0.2194219 0.0863117 0.5272727 
Equus_asinus        0.1832301 0.2194219 0.0000000 0.0000010 0.1117872 0.3839567 
Equus_quagga        0.1832301 0.2194219 0.0000010 0.0000000 0.1117872 0.3839567 
Canis_lupus         0.1179169 0.0863117 0.1117872 0.1117872 0.0000000 0.3436855 
Bos_taurus          0.4713629 0.5272727 0.3839567 0.3839567 0.3436855 0.0000000 
