7
Ceratotherium_simum 0.0000000 0.0316698 0.1550962 0.1550962 0.1589642 0.2713895 0.2750253 
Diceros_bicornis    0.0316698 0.0000000 0.1589642 0.1589642 0.1628481 0.2713895 0.2840880 
Equus_asinus        0.1550962 0.1589642 0.0000000 0.0062371 0.0156830 0.3252098 0.2885093 
Equus_quagga        0.1550962 0.1589642 0.0062371 0.0000000 0.0220410 0.3252098 0.2885093 
Equus_caballus      0.1589642 0.1628481 0.0156830 0.0220410 0.0000000 0.3298361 0.2978502 
Canis_lupus         0.2713895 0.2713895 0.3252098 0.3252098 0.3298361 0.0000000 0.3505999 
Bos_taurus          0.2750253 0.2840880 0.2885093 0.2885093 0.2978502 0.3505999 0.0000000 
