7
Ceratotherium_simum 0.0000000 0.0038971 0.0453854 0.0459965 0.0465680 0.0834593 9.0000000 
Diceros_bicornis    0.0038971 0.0000000 0.0466898 0.0473039 0.0478773 0.0811879 9.0000000 
Equus_asinus        0.0453854 0.0466898 0.0000000 0.0016630 0.0011078 0.0726073 9.0000000 
Equus_quagga        0.0459965 0.0473039 0.0016630 0.0000000 0.0027735 0.0738659 9.0000000 
Equus_caballus      0.0465680 0.0478773 0.0011078 0.0027735 0.0000000 0.0738328 9.0000000 
Canis_lupus         0.0834593 0.0811879 0.0726073 0.0738659 0.0738328 0.0000000 9.0000000 
Bos_taurus          9.0000000 9.0000000 9.0000000 9.0000000 9.0000000 9.0000000 0.0000000 
