7
Ceratotherium_simum 0.0000000 0.0101499 0.0693956 0.0693956 0.0714593 0.1207478 0.1297964 
Diceros_bicornis    0.0101499 0.0000000 0.0716307 0.0716307 0.0737025 0.1216958 0.1295147 
Equus_asinus        0.0693956 0.0716307 0.0000000 0.0005822 0.0041056 0.1329998 0.1438583 
Equus_quagga        0.0693956 0.0716307 0.0005822 0.0000000 0.0046957 0.1321198 0.1438583 
Equus_caballus      0.0714593 0.0737025 0.0041056 0.0046957 0.0000000 0.1327746 0.1436063 
Canis_lupus         0.1207478 0.1216958 0.1329998 0.1321198 0.1327746 0.0000000 0.1578932 
Bos_taurus          0.1297964 0.1295147 0.1438583 0.1438583 0.1436063 0.1578932 0.0000000 
