7
Ceratotherium_simum 0.0000000 0.0107905 0.0489546 0.0508951 0.0509256 0.1138134 0.1417912 
Diceros_bicornis    0.0107905 0.0000000 0.0508710 0.0523980 0.0524201 0.1089282 0.1548706 
Equus_asinus        0.0489546 0.0508710 0.0000000 0.0071176 0.0077231 0.1072130 0.1468567 
Equus_quagga        0.0508951 0.0523980 0.0071176 0.0000000 0.0089423 0.1083480 0.1482240 
Equus_caballus      0.0509256 0.0524201 0.0077231 0.0089423 0.0000000 0.1074954 0.1459542 
Canis_lupus         0.1138134 0.1089282 0.1072130 0.1083480 0.1074954 0.0000000 0.1770856 
Bos_taurus          0.1417912 0.1548706 0.1468567 0.1482240 0.1459542 0.1770856 0.0000000 
