7
Ceratotherium_simum 0.0000000 0.0060540 0.0384671 0.0403902 0.0385614 0.0920696 0.0937387 
Diceros_bicornis    0.0060540 0.0000000 0.0376523 0.0395722 0.0377445 0.0912322 0.0964726 
Equus_asinus        0.0384671 0.0376523 0.0000000 0.0015014 0.0037732 0.0991334 0.0927721 
Equus_quagga        0.0403902 0.0395722 0.0015014 0.0000000 0.0053115 0.1017872 0.0931043 
Equus_caballus      0.0385614 0.0377445 0.0037732 0.0053115 0.0000000 0.1006250 0.0947193 
Canis_lupus         0.0920696 0.0912322 0.0991334 0.1017872 0.1006250 0.0000000 0.1284149 
Bos_taurus          0.0937387 0.0964726 0.0927721 0.0931043 0.0947193 0.1284149 0.0000000 
