7
Ceratotherium_simum 0.0000000 0.0017766 0.0318917 0.0346922 0.0319141 0.0405507 0.0471056 
Diceros_bicornis    0.0017766 0.0000000 0.0300348 0.0328278 0.0300558 0.0396060 0.0461545 
Equus_asinus        0.0318917 0.0300348 0.0000000 0.0026550 0.0017702 0.0470438 0.0488167 
Equus_quagga        0.0346922 0.0328278 0.0026550 0.0000000 0.0044337 0.0499089 0.0497655 
Equus_caballus      0.0319141 0.0300558 0.0017702 0.0044337 0.0000000 0.0480278 0.0488519 
Canis_lupus         0.0405507 0.0396060 0.0470438 0.0499089 0.0480278 0.0000000 0.0509196 
Bos_taurus          0.0471056 0.0461545 0.0488167 0.0497655 0.0488519 0.0509196 0.0000000 
