7
Ceratotherium_simum 0.0000000 0.0239694 0.1969695 0.2054208 0.2125422 0.4959583 0.3514770 
Diceros_bicornis    0.0239694 0.0000000 0.2012250 0.2096920 0.2167978 0.5070482 0.3766763 
Equus_asinus        0.1969695 0.2012250 0.0000000 0.0078888 0.0118351 0.5366824 0.4055465 
Equus_quagga        0.2054208 0.2096920 0.0078888 0.0000000 0.0118398 0.5377797 0.4057583 
Equus_caballus      0.2125422 0.2167978 0.0118351 0.0118398 0.0000000 0.5422150 0.4045064 
Canis_lupus         0.4959583 0.5070482 0.5366824 0.5377797 0.5422150 0.0000000 0.6458933 
Bos_taurus          0.3514770 0.3766763 0.4055465 0.4057583 0.4045064 0.6458933 0.0000000 
