7
Ceratotherium_simum 0.0000000 0.0080463 0.0647653 0.2889524 0.0724175 0.0524555 0.0843282 
Diceros_bicornis    0.0080463 0.0000000 0.0568486 0.2102567 0.0626492 0.0475232 0.0740674 
Equus_asinus        0.0647653 0.0568486 0.0000000 0.1450242 0.0079306 0.0648800 0.0825495 
Equus_quagga        0.2889524 0.2102567 0.1450242 0.0000000 0.1532052 0.2135182 0.2367742 
Equus_caballus      0.0724175 0.0626492 0.0079306 0.1532052 0.0000000 0.0708731 0.0929685 
Canis_lupus         0.0524555 0.0475232 0.0648800 0.2135182 0.0708731 0.0000000 0.0647054 
Bos_taurus          0.0843282 0.0740674 0.0825495 0.2367742 0.0929685 0.0647054 0.0000000 
