7
Ceratotherium_simum 0.0000000 0.0065467 0.0818416 0.0818416 0.0773235 0.0821017 0.1333031 
Diceros_bicornis    0.0065467 0.0000000 0.0794657 0.0794657 0.0749483 0.0823457 0.1303879 
Equus_asinus        0.0818416 0.0794657 0.0000000 0.0000010 0.0043350 0.1184450 0.1623918 
Equus_quagga        0.0818416 0.0794657 0.0000010 0.0000000 0.0043350 0.1184450 0.1623918 
Equus_caballus      0.0773235 0.0749483 0.0043350 0.0043350 0.0000000 0.1187330 0.1610067 
Canis_lupus         0.0821017 0.0823457 0.1184450 0.1184450 0.1187330 0.0000000 0.1096333 
Bos_taurus          0.1333031 0.1303879 0.1623918 0.1623918 0.1610067 0.1096333 0.0000000 
