7
Ceratotherium_simum 0.0000000 0.0266791 0.2681616 0.2562297 0.2699947 0.4980707 0.4627563 
Diceros_bicornis    0.0266791 0.0000000 0.2561752 0.2444962 0.2529576 0.5079732 0.4509061 
Equus_asinus        0.2681616 0.2561752 0.0000000 0.0112625 0.0247367 0.4763836 0.4315620 
Equus_quagga        0.2562297 0.2444962 0.0112625 0.0000000 0.0207987 0.4718049 0.4279204 
Equus_caballus      0.2699947 0.2529576 0.0247367 0.0207987 0.0000000 0.4634649 0.4257931 
Canis_lupus         0.4980707 0.5079732 0.4763836 0.4718049 0.4634649 0.0000000 0.6758919 
Bos_taurus          0.4627563 0.4509061 0.4315620 0.4279204 0.4257931 0.6758919 0.0000000 
