7
Ceratotherium_simum 0.0000000 0.0077535 0.0467930 0.0467930 0.0454395 0.0924817 0.0969792 
Diceros_bicornis    0.0077535 0.0000000 0.0468954 0.0468954 0.0455378 0.0927507 0.0993631 
Equus_asinus        0.0467930 0.0468954 0.0000000 0.0000010 0.0009642 0.0954702 0.0902908 
Equus_quagga        0.0467930 0.0468954 0.0000010 0.0000000 0.0009642 0.0954702 0.0902908 
Equus_caballus      0.0454395 0.0455378 0.0009642 0.0009642 0.0000000 0.0935781 0.0885226 
Canis_lupus         0.0924817 0.0927507 0.0954702 0.0954702 0.0935781 0.0000000 0.1078373 
Bos_taurus          0.0969792 0.0993631 0.0902908 0.0902908 0.0885226 0.1078373 0.0000000 
