7
Ceratotherium_simum 0.0000000 0.0052075 0.0613466 0.0599488 0.0622538 0.1074185 0.1266380 
Diceros_bicornis    0.0052075 0.0000000 0.0652010 0.0637787 0.0660964 0.1090697 0.1346371 
Equus_asinus        0.0613466 0.0652010 0.0000000 0.0020751 0.0052179 0.1138913 0.1327318 
Equus_quagga        0.0599488 0.0637787 0.0020751 0.0000000 0.0052092 0.1105896 0.1291048 
Equus_caballus      0.0622538 0.0660964 0.0052179 0.0052092 0.0000000 0.1089397 0.1303339 
Canis_lupus         0.1074185 0.1090697 0.1138913 0.1105896 0.1089397 0.0000000 0.1632378 
Bos_taurus          0.1266380 0.1346371 0.1327318 0.1291048 0.1303339 0.1632378 0.0000000 
