7
Ceratotherium_simum 0.0000000 0.0234737 0.1846626 0.1869812 0.1822094 0.2489547 0.2939982 
Diceros_bicornis    0.0234737 0.0000000 0.1688045 0.1709839 0.1665090 0.2360705 0.2875185 
Equus_asinus        0.1846626 0.1688045 0.0000000 0.0075324 0.0113194 0.2538727 0.2978000 
Equus_quagga        0.1869812 0.1709839 0.0075324 0.0000000 0.0143827 0.2585814 0.3057363 
Equus_caballus      0.1822094 0.1665090 0.0113194 0.0143827 0.0000000 0.2510864 0.2986304 
Canis_lupus         0.2489547 0.2360705 0.2538727 0.2585814 0.2510864 0.0000000 0.2670495 
Bos_taurus          0.2939982 0.2875185 0.2978000 0.3057363 0.2986304 0.2670495 0.0000000 
