7
Ceratotherium_simum 0.0000000 0.0121536 0.0428963 0.0429013 0.0428963 0.0624853 0.1079852 
Diceros_bicornis    0.0121536 0.0000000 0.0317887 0.0317923 0.0317887 0.0589969 0.1008190 
Equus_asinus        0.0428963 0.0317887 0.0000000 0.0015188 0.0015185 0.0606600 0.1016302 
Equus_quagga        0.0429013 0.0317923 0.0015188 0.0000000 0.0015188 0.0606673 0.1000045 
Equus_caballus      0.0428963 0.0317887 0.0015185 0.0015188 0.0000000 0.0616108 0.1016302 
Canis_lupus         0.0624853 0.0589969 0.0606600 0.0606673 0.0616108 0.0000000 0.1072266 
Bos_taurus          0.1079852 0.1008190 0.1016302 0.1000045 0.1016302 0.1072266 0.0000000 
