7
Ceratotherium_simum 0.0000000 0.0133793 0.1256136 0.1256251 0.1233243 0.1407643 0.5511648 
Diceros_bicornis    0.0133793 0.0000000 0.1231528 0.1231640 0.1208746 0.1336537 0.5422278 
Equus_asinus        0.1256136 0.1231528 0.0000000 0.0076039 0.0095141 0.1750664 0.5734888 
Equus_quagga        0.1256251 0.1231640 0.0076039 0.0000000 0.0095145 0.1750861 0.5813635 
Equus_caballus      0.1233243 0.1208746 0.0095141 0.0095145 0.0000000 0.1774074 0.5846244 
Canis_lupus         0.1407643 0.1336537 0.1750664 0.1750861 0.1774074 0.0000000 0.5563986 
Bos_taurus          0.5511648 0.5422278 0.5734888 0.5813635 0.5846244 0.5563986 0.0000000 
