7
Ceratotherium_simum 0.0000000 0.0047871 0.0677002 0.0193173 0.0691434 0.0478129 0.0402017 
Diceros_bicornis    0.0047871 0.0000000 0.0725026 0.0201164 0.0740753 0.0500566 0.0439032 
Equus_asinus        0.0677002 0.0725026 0.0000000 0.0301745 0.0034296 0.0889543 0.0845303 
Equus_quagga        0.0193173 0.0201164 0.0301745 0.0000000 0.0327610 0.0440007 0.0368019 
Equus_caballus      0.0691434 0.0740753 0.0034296 0.0327610 0.0000000 0.0904955 0.0875011 
Canis_lupus         0.0478129 0.0500566 0.0889543 0.0440007 0.0904955 0.0000000 0.0413770 
Bos_taurus          0.0402017 0.0439032 0.0845303 0.0368019 0.0875011 0.0413770 0.0000000 
