7
Ceratotherium_simum 0.0000000 0.0143530 0.1683691 0.1656414 0.1745841 0.2778094 0.2407987 
Diceros_bicornis    0.0143530 0.0000000 0.1778454 0.1750906 0.1814114 0.2841108 0.2496724 
Equus_asinus        0.1683691 0.1778454 0.0000000 0.0076660 0.0244263 0.3199387 0.2673326 
Equus_quagga        0.1656414 0.1750906 0.0076660 0.0000000 0.0232936 0.3198188 0.2672818 
Equus_caballus      0.1745841 0.1814114 0.0244263 0.0232936 0.0000000 0.3318170 0.2781154 
Canis_lupus         0.2778094 0.2841108 0.3199387 0.3198188 0.3318170 0.0000000 0.3368444 
Bos_taurus          0.2407987 0.2496724 0.2673326 0.2672818 0.2781154 0.3368444 0.0000000 
