7
Ceratotherium_simum 0.0000000 0.0090063 0.1177115 0.1252550 0.1234536 0.2152895 0.2584694 
Diceros_bicornis    0.0090063 0.0000000 0.1249835 0.1326363 0.1308149 0.2237905 0.2695613 
Equus_asinus        0.1177115 0.1249835 0.0000000 0.0090326 0.0135890 0.2191034 0.2303609 
Equus_quagga        0.1252550 0.1326363 0.0090326 0.0000000 0.0166500 0.2240887 0.2440410 
Equus_caballus      0.1234536 0.1308149 0.0135890 0.0166500 0.0000000 0.2302627 0.2416196 
Canis_lupus         0.2152895 0.2237905 0.2191034 0.2240887 0.2302627 0.0000000 0.2857599 
Bos_taurus          0.2584694 0.2695613 0.2303609 0.2440410 0.2416196 0.2857599 0.0000000 
