7
Ceratotherium_simum 0.0000000 0.0061169 0.0401169 0.0406169 0.0389652 0.0924217 0.0771912 
Diceros_bicornis    0.0061169 0.0000000 0.0424365 0.0421909 0.0416839 0.0956732 0.0789360 
Equus_asinus        0.0401169 0.0424365 0.0000000 0.0015517 0.0039756 0.0942019 0.0805505 
Equus_quagga        0.0406169 0.0421909 0.0015517 0.0000000 0.0043522 0.0960967 0.0821935 
Equus_caballus      0.0389652 0.0416839 0.0039756 0.0043522 0.0000000 0.0944514 0.0810194 
Canis_lupus         0.0924217 0.0956732 0.0942019 0.0960967 0.0944514 0.0000000 0.1149917 
Bos_taurus          0.0771912 0.0789360 0.0805505 0.0821935 0.0810194 0.1149917 0.0000000 
