7
Ceratotherium_simum 0.0000000 0.4349644 0.2834689 0.4121165 0.2834689 0.2581880 0.7149596 
Diceros_bicornis    0.4349644 0.0000000 0.5928583 0.1169320 0.5928583 0.8471031 0.3136141 
Equus_asinus        0.2834689 0.5928583 0.0000000 0.2290325 0.0000010 0.4684423 0.7404490 
Equus_quagga        0.4121165 0.1169320 0.2290325 0.0000000 0.2290325 0.6693136 0.3199575 
Equus_caballus      0.2834689 0.5928583 0.0000010 0.2290325 0.0000000 0.4684423 0.7404490 
Canis_lupus         0.2581880 0.8471031 0.4684423 0.6693136 0.4684423 0.0000000 0.7164078 
Bos_taurus          0.7149596 0.3136141 0.7404490 0.3199575 0.7404490 0.7164078 0.0000000 
