7
Ceratotherium_simum 0.0000000 0.0063587 0.1360644 0.1437479 0.1379153 0.3063049 0.4423864 
Diceros_bicornis    0.0063587 0.0000000 0.1284678 0.1361027 0.1301949 0.2972952 0.4319987 
Equus_asinus        0.1360644 0.1284678 0.0000000 0.0063488 0.0193876 0.3343439 0.4641724 
Equus_quagga        0.1437479 0.1361027 0.0063488 0.0000000 0.0259384 0.3436117 0.4744311 
Equus_caballus      0.1379153 0.1301949 0.0193876 0.0259384 0.0000000 0.3346499 0.4543196 
Canis_lupus         0.3063049 0.2972952 0.3343439 0.3436117 0.3346499 0.0000000 0.5185149 
Bos_taurus          0.4423864 0.4319987 0.4641724 0.4744311 0.4543196 0.5185149 0.0000000 
