7
Ceratotherium_simum 0.0000000 0.0042158 0.0823203 0.0809177 0.0806950 0.1337129 0.1036601 
Diceros_bicornis    0.0042158 0.0000000 0.0828613 0.0814476 0.0812219 0.1330898 0.1058552 
Equus_asinus        0.0823203 0.0828613 0.0000000 0.0010433 0.0042027 0.1822134 0.1751093 
Equus_quagga        0.0809177 0.0814476 0.0010433 0.0000000 0.0052622 0.1803982 0.1732939 
Equus_caballus      0.0806950 0.0812219 0.0042027 0.0052622 0.0000000 0.1797342 0.1726574 
Canis_lupus         0.1337129 0.1330898 0.1822134 0.1803982 0.1797342 0.0000000 0.1585947 
Bos_taurus          0.1036601 0.1058552 0.1751093 0.1732939 0.1726574 0.1585947 0.0000000 
