7
Ceratotherium_simum 0.0000000 0.0313238 0.3247276 0.3160148 0.3074243 0.4828948 0.5046453 
Diceros_bicornis    0.0313238 0.0000000 0.3117025 0.3030826 0.3030875 0.4731309 0.4995301 
Equus_asinus        0.3247276 0.3117025 0.0000000 0.0112800 0.0344980 0.5459532 0.5038022 
Equus_quagga        0.3160148 0.3030826 0.0112800 0.0000000 0.0344980 0.5357425 0.4930124 
Equus_caballus      0.3074243 0.3030875 0.0344980 0.0344980 0.0000000 0.5205325 0.4874545 
Canis_lupus         0.4828948 0.4731309 0.5459532 0.5357425 0.5205325 0.0000000 0.6618253 
Bos_taurus          0.5046453 0.4995301 0.5038022 0.4930124 0.4874545 0.6618253 0.0000000 
