7
Ceratotherium_simum 0.0000000 0.0051818 0.0338988 0.0374592 0.0338651 0.0830826 0.0815916 
Diceros_bicornis    0.0051818 0.0000000 0.0341516 0.0403123 0.0341199 0.0793823 0.0779355 
Equus_asinus        0.0338988 0.0341516 0.0000000 0.0067303 0.0058706 0.0749189 0.0764736 
Equus_quagga        0.0374592 0.0403123 0.0067303 0.0000000 0.0086099 0.0841146 0.0869838 
Equus_caballus      0.0338651 0.0341199 0.0058706 0.0086099 0.0000000 0.0769295 0.0789581 
Canis_lupus         0.0830826 0.0793823 0.0749189 0.0841146 0.0769295 0.0000000 0.1035169 
Bos_taurus          0.0815916 0.0779355 0.0764736 0.0869838 0.0789581 0.1035169 0.0000000 
