7
Ceratotherium_simum 0.0000000 0.0179138 0.0550553 0.2217380 0.4413751 1.0165361 0.2489826 
Diceros_bicornis    0.0179138 0.0000000 0.0550553 0.2217380 0.4413751 1.0484979 0.2489826 
Equus_asinus        0.0550553 0.0550553 0.0000000 0.1603739 0.3612816 1.0805279 0.2393693 
Equus_quagga        0.2217380 0.2217380 0.1603739 0.0000000 0.1637487 0.8967001 0.4048115 
Equus_caballus      0.4413751 0.4413751 0.3612816 0.1637487 0.0000000 1.2882792 0.6530005 
Canis_lupus         1.0165361 1.0484979 1.0805279 0.8967001 1.2882792 0.0000000 1.3881076 
Bos_taurus          0.2489826 0.2489826 0.2393693 0.4048115 0.6530005 1.3881076 0.0000000 
