7
Ceratotherium_simum 0.0000000 0.0190235 0.1050702 0.1050702 0.1133635 0.1412071 0.1869920 
Diceros_bicornis    0.0190235 0.0000000 0.1093651 0.1093651 0.1176853 0.1547802 0.2127571 
Equus_asinus        0.1050702 0.1093651 0.0000000 0.0000010 0.0151476 0.1347926 0.1816250 
Equus_quagga        0.1050702 0.1093651 0.0000010 0.0000000 0.0151476 0.1347926 0.1816250 
Equus_caballus      0.1133635 0.1176853 0.0151476 0.0151476 0.0000000 0.1485102 0.1810740 
Canis_lupus         0.1412071 0.1547802 0.1347926 0.1347926 0.1485102 0.0000000 0.2278325 
Bos_taurus          0.1869920 0.2127571 0.1816250 0.1816250 0.1810740 0.2278325 0.0000000 
