7
Ceratotherium_simum 0.0000000 0.0110477 0.1849569 0.1907909 0.2338305 0.2554161 0.2585997 
Diceros_bicornis    0.0110477 0.0000000 0.1889568 0.1948529 0.2383891 0.2564136 0.2533365 
Equus_asinus        0.1849569 0.1889568 0.0000000 0.0043906 0.0644874 0.3154164 0.3142888 
Equus_quagga        0.1907909 0.1948529 0.0043906 0.0000000 0.0693212 0.3221606 0.3142189 
Equus_caballus      0.2338305 0.2383891 0.0644874 0.0693212 0.0000000 0.3493119 0.3620212 
Canis_lupus         0.2554161 0.2564136 0.3154164 0.3221606 0.3493119 0.0000000 0.3512564 
Bos_taurus          0.2585997 0.2533365 0.3142888 0.3142189 0.3620212 0.3512564 0.0000000 
