7
Ceratotherium_simum 0.0000000 0.0051680 0.0527825 0.0511464 0.0552582 0.0514354 0.0716939 
Diceros_bicornis    0.0051680 0.0000000 0.0538961 0.0522445 0.0563969 0.0525522 0.0758038 
Equus_asinus        0.0527825 0.0538961 0.0000000 0.0012758 0.0025589 0.0646584 0.0891969 
Equus_quagga        0.0511464 0.0522445 0.0012758 0.0000000 0.0038509 0.0628963 0.0872472 
Equus_caballus      0.0552582 0.0563969 0.0025589 0.0038509 0.0000000 0.0673272 0.0911835 
Canis_lupus         0.0514354 0.0525522 0.0646584 0.0628963 0.0673272 0.0000000 0.0742435 
Bos_taurus          0.0716939 0.0758038 0.0891969 0.0872472 0.0911835 0.0742435 0.0000000 
