7
Ceratotherium_simum 0.0000000 0.0166697 0.1405699 0.1371994 0.1318099 0.1894103 0.1991088 
Diceros_bicornis    0.0166697 0.0000000 0.1421115 0.1387379 0.1349611 0.1970547 0.2129340 
Equus_asinus        0.1405699 0.1421115 0.0000000 0.0027463 0.0166583 0.2161355 0.2318082 
Equus_quagga        0.1371994 0.1387379 0.0027463 0.0000000 0.0138532 0.2160511 0.2317168 
Equus_caballus      0.1318099 0.1349611 0.0166583 0.0138532 0.0000000 0.2207942 0.2364989 
Canis_lupus         0.1894103 0.1970547 0.2161355 0.2160511 0.2207942 0.0000000 0.2265061 
Bos_taurus          0.1991088 0.2129340 0.2318082 0.2317168 0.2364989 0.2265061 0.0000000 
