7
Ceratotherium_simum 0.0000000 0.0085070 0.1115426 0.1108428 0.1127039 0.1755706 0.2117451 
Diceros_bicornis    0.0085070 0.0000000 0.1134877 0.1127833 0.1152151 0.1785899 0.2162369 
Equus_asinus        0.1115426 0.1134877 0.0000000 0.0052730 0.0170301 0.2070206 0.2498874 
Equus_quagga        0.1108428 0.1127833 0.0052730 0.0000000 0.0159439 0.2061352 0.2485166 
Equus_caballus      0.1127039 0.1152151 0.0170301 0.0159439 0.0000000 0.2095593 0.2507386 
Canis_lupus         0.1755706 0.1785899 0.2070206 0.2061352 0.2095593 0.0000000 0.2731974 
Bos_taurus          0.2117451 0.2162369 0.2498874 0.2485166 0.2507386 0.2731974 0.0000000 
