7
Ceratotherium_simum 0.0000000 0.0110580 0.0397458 0.0397458 0.0383170 0.0708063 0.0776559 
Diceros_bicornis    0.0110580 0.0000000 0.0442415 0.0442415 0.0442415 0.0721154 0.0756782 
Equus_asinus        0.0397458 0.0442415 0.0000000 0.0000010 0.0048381 0.0851023 0.0924302 
Equus_quagga        0.0397458 0.0442415 0.0000010 0.0000000 0.0048381 0.0851023 0.0924302 
Equus_caballus      0.0383170 0.0442415 0.0048381 0.0048381 0.0000000 0.0833995 0.0924302 
Canis_lupus         0.0708063 0.0721154 0.0851023 0.0851023 0.0833995 0.0000000 0.0998433 
Bos_taurus          0.0776559 0.0756782 0.0924302 0.0924302 0.0924302 0.0998433 0.0000000 
