7
Ceratotherium_simum 0.0000000 0.0056716 0.0544281 0.0573725 0.0539332 0.0887727 0.1028672 
Diceros_bicornis    0.0056716 0.0000000 0.0543621 0.0562593 0.0538680 0.0905098 0.0988442 
Equus_asinus        0.0544281 0.0543621 0.0000000 0.0028109 0.0032034 0.0916174 0.0956623 
Equus_quagga        0.0573725 0.0562593 0.0028109 0.0000000 0.0052515 0.0953950 0.0983188 
Equus_caballus      0.0539332 0.0538680 0.0032034 0.0052515 0.0000000 0.0904705 0.0951012 
Canis_lupus         0.0887727 0.0905098 0.0916174 0.0953950 0.0904705 0.0000000 0.1324021 
Bos_taurus          0.1028672 0.0988442 0.0956623 0.0983188 0.0951012 0.1324021 0.0000000 
