7
Ceratotherium_simum 0.0000000 0.0233221 0.1477125 0.1622767 0.1160368 0.2310537 0.1911716 
Diceros_bicornis    0.0233221 0.0000000 0.1579076 0.1695080 0.1439216 0.2461014 0.2179203 
Equus_asinus        0.1477125 0.1579076 0.0000000 0.0292251 0.0288998 0.2562435 0.2439477 
Equus_quagga        0.1622767 0.1695080 0.0292251 0.0000000 0.0405631 0.2698846 0.2652249 
Equus_caballus      0.1160368 0.1439216 0.0288998 0.0405631 0.0000000 0.2634922 0.2052728 
Canis_lupus         0.2310537 0.2461014 0.2562435 0.2698846 0.2634922 0.0000000 0.3050077 
Bos_taurus          0.1911716 0.2179203 0.2439477 0.2652249 0.2052728 0.3050077 0.0000000 
