7
Ceratotherium_simum 0.0000000 0.0069501 0.1117880 0.1117880 0.1848264 0.1984628 0.1690228 
Diceros_bicornis    0.0069501 0.0000000 0.1077225 0.1077225 0.1802295 0.1938291 0.1645889 
Equus_asinus        0.1117880 0.1077225 0.0000000 0.0034651 0.0699903 0.2218157 0.1957427 
Equus_quagga        0.1117880 0.1077225 0.0034651 0.0000000 0.0699903 0.2218157 0.2001069 
Equus_caballus      0.1848264 0.1802295 0.0699903 0.0699903 0.0000000 0.3010530 0.2695047 
Canis_lupus         0.1984628 0.1938291 0.2218157 0.2218157 0.3010530 0.0000000 0.2318856 
Bos_taurus          0.1690228 0.1645889 0.1957427 0.2001069 0.2695047 0.2318856 0.0000000 
