7
Ceratotherium_simum 0.0000000 0.0142664 0.1954861 0.1917132 0.1888867 0.4267992 0.4314167 
Diceros_bicornis    0.0142664 0.0000000 0.1889796 0.1852280 0.1919037 0.4147500 0.4217026 
Equus_asinus        0.1954861 0.1889796 0.0000000 0.0126238 0.0272006 0.4668509 0.5021174 
Equus_quagga        0.1917132 0.1852280 0.0126238 0.0000000 0.0272323 0.4735590 0.4975541 
Equus_caballus      0.1888867 0.1919037 0.0272006 0.0272323 0.0000000 0.4758825 0.5024427 
Canis_lupus         0.4267992 0.4147500 0.4668509 0.4735590 0.4758825 0.0000000 0.7157039 
Bos_taurus          0.4314167 0.4217026 0.5021174 0.4975541 0.5024427 0.7157039 0.0000000 
