7
Ceratotherium_simum 0.0000000 0.0455563 0.1826835 0.1461389 0.1439525 0.4421120 0.2174774 
Diceros_bicornis    0.0455563 0.0000000 0.1511931 0.1204865 0.1046574 0.4125964 0.1956429 
Equus_asinus        0.1826835 0.1511931 0.0000000 0.1213457 0.1329613 0.4390709 0.2566856 
Equus_quagga        0.1461389 0.1204865 0.1213457 0.0000000 0.0764942 0.3936251 0.2400798 
Equus_caballus      0.1439525 0.1046574 0.1329613 0.0764942 0.0000000 0.4313255 0.2010053 
Canis_lupus         0.4421120 0.4125964 0.4390709 0.3936251 0.4313255 0.0000000 0.4866888 
Bos_taurus          0.2174774 0.1956429 0.2566856 0.2400798 0.2010053 0.4866888 0.0000000 
