7
Ceratotherium_simum 0.0000000 0.0147912 0.1091715 0.1094986 0.1036761 0.1969739 0.2734308 
Diceros_bicornis    0.0147912 0.0000000 0.1036438 0.0926913 0.0925634 0.2036826 0.2629110 
Equus_asinus        0.1091715 0.1036438 0.0000000 0.0147903 0.0197536 0.2279949 0.2495922 
Equus_quagga        0.1094986 0.0926913 0.0147903 0.0000000 0.0148106 0.2287962 0.2430474 
Equus_caballus      0.1036761 0.0925634 0.0197536 0.0148106 0.0000000 0.2217588 0.2533591 
Canis_lupus         0.1969739 0.2036826 0.2279949 0.2287962 0.2217588 0.0000000 0.3131540 
Bos_taurus          0.2734308 0.2629110 0.2495922 0.2430474 0.2533591 0.3131540 0.0000000 
