7
Ceratotherium_simum 0.0000000 0.0165988 0.1237404 0.1273113 0.1197054 0.1597556 0.4297482 
Diceros_bicornis    0.0165988 0.0000000 0.1225767 0.1262177 0.1184684 0.1653313 0.4531359 
Equus_asinus        0.1237404 0.1225767 0.0000000 0.0162905 0.0097332 0.1395642 0.4539648 
Equus_quagga        0.1273113 0.1262177 0.0162905 0.0000000 0.0064638 0.1352742 0.4360688 
Equus_caballus      0.1197054 0.1184684 0.0097332 0.0064638 0.0000000 0.1273803 0.4361012 
Canis_lupus         0.1597556 0.1653313 0.1395642 0.1352742 0.1273803 0.0000000 0.4010969 
Bos_taurus          0.4297482 0.4531359 0.4539648 0.4360688 0.4361012 0.4010969 0.0000000 
