7
Ceratotherium_simum 0.0000000 1.2868526 0.1206874 0.1191794 0.1181816 0.2354245 0.3441858 
Diceros_bicornis    1.2868526 0.0000000 1.3866153 1.3856128 1.3962191 1.6311352 1.6911512 
Equus_asinus        0.1206874 1.3866153 0.0000000 0.0067084 0.0124420 0.2331136 0.3401882 
Equus_quagga        0.1191794 1.3856128 0.0067084 0.0000000 0.0115941 0.2300590 0.3399444 
Equus_caballus      0.1181816 1.3962191 0.0124420 0.0115941 0.0000000 0.2303624 0.3356975 
Canis_lupus         0.2354245 1.6311352 0.2331136 0.2300590 0.2303624 0.0000000 0.4043315 
Bos_taurus          0.3441858 1.6911512 0.3401882 0.3399444 0.3356975 0.4043315 0.0000000 
