7
Ceratotherium_simum 0.0000000 0.0109012 0.1239833 0.1211158 0.1207985 0.1963988 0.2614549 
Diceros_bicornis    0.0109012 0.0000000 0.1305607 0.1276865 0.1273471 0.2037964 0.2665094 
Equus_asinus        0.1239833 0.1305607 0.0000000 0.0081614 0.0027000 0.2675780 0.3344524 
Equus_quagga        0.1211158 0.1276865 0.0081614 0.0000000 0.0054309 0.2685964 0.3359232 
Equus_caballus      0.1207985 0.1273471 0.0027000 0.0054309 0.0000000 0.2637475 0.3303021 
Canis_lupus         0.1963988 0.2037964 0.2675780 0.2685964 0.2637475 0.0000000 0.3504209 
Bos_taurus          0.2614549 0.2665094 0.3344524 0.3359232 0.3303021 0.3504209 0.0000000 
