7
Ceratotherium_simum 0.0000000 0.0057440 0.1479028 0.1518497 0.1498787 0.2824214 0.2390002 
Diceros_bicornis    0.0057440 0.0000000 0.1473796 0.1524254 0.1504458 0.2811407 0.2418631 
Equus_asinus        0.1479028 0.1473796 0.0000000 0.0104508 0.0132615 0.3266346 0.2918960 
Equus_quagga        0.1518497 0.1524254 0.0104508 0.0000000 0.0138609 0.3356674 0.2942675 
Equus_caballus      0.1498787 0.1504458 0.0132615 0.0138609 0.0000000 0.3340060 0.2900045 
Canis_lupus         0.2824214 0.2811407 0.3266346 0.3356674 0.3340060 0.0000000 0.3149960 
Bos_taurus          0.2390002 0.2418631 0.2918960 0.2942675 0.2900045 0.3149960 0.0000000 
