7
Ceratotherium_simum 0.0000000 0.0330955 0.2875815 0.2900941 0.2781622 0.5832435 0.6382939 
Diceros_bicornis    0.0330955 0.0000000 0.2783689 0.2808594 0.2689808 0.5717329 0.6406730 
Equus_asinus        0.2875815 0.2783689 0.0000000 0.0166596 0.0174534 0.6153893 0.6594341 
Equus_quagga        0.2900941 0.2808594 0.0166596 0.0000000 0.0215065 0.6145654 0.6657136 
Equus_caballus      0.2781622 0.2689808 0.0174534 0.0215065 0.0000000 0.6118366 0.6577630 
Canis_lupus         0.5832435 0.5717329 0.6153893 0.6145654 0.6118366 0.0000000 0.7408835 
Bos_taurus          0.6382939 0.6406730 0.6594341 0.6657136 0.6577630 0.7408835 0.0000000 
