7
Ceratotherium_simum 0.0000000 0.0310120 0.1444446 0.1479453 0.1444446 0.4215472 0.2580601 
Diceros_bicornis    0.0310120 0.0000000 0.1271944 0.1306117 0.1271944 0.3967210 0.2262879 
Equus_asinus        0.1444446 0.1271944 0.0000000 0.0027606 0.0111116 0.4215472 0.2540776 
Equus_quagga        0.1479453 0.1306117 0.0027606 0.0000000 0.0139195 0.4265739 0.2499817 
Equus_caballus      0.1444446 0.1271944 0.0111116 0.0139195 0.0000000 0.4165403 0.2623287 
Canis_lupus         0.4215472 0.3967210 0.4215472 0.4265739 0.4165403 0.0000000 0.4989226 
Bos_taurus          0.2580601 0.2262879 0.2540776 0.2499817 0.2623287 0.4989226 0.0000000 
