7
Ceratotherium_simum 0.0000000 0.0085169 0.1147696 0.1158095 0.1168834 0.2280181 0.3858421 
Diceros_bicornis    0.0085169 0.0000000 0.1126577 0.1136970 0.1147695 0.2270133 0.3880000 
Equus_asinus        0.1147696 0.1126577 0.0000000 0.0028200 0.0056485 0.2464362 0.3984502 
Equus_quagga        0.1158095 0.1136970 0.0028200 0.0000000 0.0065910 0.2476293 0.3996719 
Equus_caballus      0.1168834 0.1147695 0.0056485 0.0065910 0.0000000 0.2489301 0.3980617 
Canis_lupus         0.2280181 0.2270133 0.2464362 0.2476293 0.2489301 0.0000000 0.4519356 
Bos_taurus          0.3858421 0.3880000 0.3984502 0.3996719 0.3980617 0.4519356 0.0000000 
