7
Ceratotherium_simum 0.0000000 0.0156911 0.1070889 0.0858070 0.0850543 9.0000000 0.1332661 
Diceros_bicornis    0.0156911 0.0000000 0.1102946 0.0889558 0.0929904 9.0000000 0.1420203 
Equus_asinus        0.1070889 0.1102946 0.0000000 0.0238172 0.0428369 9.0000000 0.1505428 
Equus_quagga        0.0858070 0.0889558 0.0238172 0.0000000 0.0188037 9.0000000 0.1291539 
Equus_caballus      0.0850543 0.0929904 0.0428369 0.0188037 0.0000000 9.0000000 0.1223981 
Canis_lupus         9.0000000 9.0000000 9.0000000 9.0000000 9.0000000 0.0000000 9.0000000 
Bos_taurus          0.1332661 0.1420203 0.1505428 0.1291539 0.1223981 9.0000000 0.0000000 
