7
Ceratotherium_simum 0.0000000 0.0028880 0.0126144 0.0116367 0.0116367 0.0478718 0.0491127 
Diceros_bicornis    0.0028880 0.0000000 0.0145880 0.0136069 0.0136069 0.0499841 0.0512386 
Equus_asinus        0.0126144 0.0145880 0.0000000 0.0009591 0.0009591 0.0447917 0.0522943 
Equus_quagga        0.0116367 0.0136069 0.0009591 0.0000000 0.0000010 0.0458162 0.0512556 
Equus_caballus      0.0116367 0.0136069 0.0009591 0.0000010 0.0000000 0.0458162 0.0512556 
Canis_lupus         0.0478718 0.0499841 0.0447917 0.0458162 0.0458162 0.0000000 0.0692515 
Bos_taurus          0.0491127 0.0512386 0.0522943 0.0512556 0.0512556 0.0692515 0.0000000 
