7
Ceratotherium_simum 0.0000000 0.0040690 0.0513706 0.0522509 0.0530546 0.0943847 0.1000813 
Diceros_bicornis    0.0040690 0.0000000 0.0493650 0.0502077 0.0510363 0.0927257 0.0999358 
Equus_asinus        0.0513706 0.0493650 0.0000000 0.0010939 0.0051659 0.0868578 0.1052958 
Equus_quagga        0.0522509 0.0502077 0.0010939 0.0000000 0.0055242 0.0872660 0.1050831 
Equus_caballus      0.0530546 0.0510363 0.0051659 0.0055242 0.0000000 0.0896561 0.1083575 
Canis_lupus         0.0943847 0.0927257 0.0868578 0.0872660 0.0896561 0.0000000 0.1230276 
Bos_taurus          0.1000813 0.0999358 0.1052958 0.1050831 0.1083575 0.1230276 0.0000000 
