7
Ceratotherium_simum 0.0000000 0.0031834 0.0070266 0.0076684 0.0063818 0.0102433 0.0141258 
Diceros_bicornis    0.0031834 0.0000000 0.0076723 0.0083147 0.0070263 0.0108933 0.0147814 
Equus_asinus        0.0070266 0.0076723 0.0000000 0.0006244 0.0006248 0.0113503 0.0139002 
Equus_quagga        0.0076684 0.0083147 0.0006244 0.0000000 0.0012500 0.0119857 0.0145375 
Equus_caballus      0.0063818 0.0070263 0.0006248 0.0012500 0.0000000 0.0107097 0.0132559 
Canis_lupus         0.0102433 0.0108933 0.0113503 0.0119857 0.0107097 0.0000000 0.0132629 
Bos_taurus          0.0141258 0.0147814 0.0139002 0.0145375 0.0132559 0.0132629 0.0000000 
