7
Ceratotherium_simum 0.0000000 0.0117904 0.0903954 0.0857728 0.0906559 0.1593228 0.1890917 
Diceros_bicornis    0.0117904 0.0000000 0.0947976 0.0901439 0.0950720 0.1640953 0.1940688 
Equus_asinus        0.0903954 0.0947976 0.0000000 0.0037364 0.0113136 0.1714709 0.2227410 
Equus_quagga        0.0857728 0.0901439 0.0037364 0.0000000 0.0075101 0.1662772 0.2195514 
Equus_caballus      0.0906559 0.0950720 0.0113136 0.0075101 0.0000000 0.1671881 0.2260560 
Canis_lupus         0.1593228 0.1640953 0.1714709 0.1662772 0.1671881 0.0000000 0.2525013 
Bos_taurus          0.1890917 0.1940688 0.2227410 0.2195514 0.2260560 0.2525013 0.0000000 
