7
Ceratotherium_simum 0.0000000 0.1514378 0.3571719 0.3561322 0.3874912 0.4782879 0.3701084 
Diceros_bicornis    0.1514378 0.0000000 0.1895371 0.1872010 0.1949062 0.3342570 0.4064442 
Equus_asinus        0.3571719 0.1895371 0.0000000 0.0043537 0.0085821 0.3561068 0.4335732 
Equus_quagga        0.3561322 0.1872010 0.0043537 0.0000000 0.0118904 0.3579289 0.4403468 
Equus_caballus      0.3874912 0.1949062 0.0085821 0.0118904 0.0000000 0.3726447 0.4410702 
Canis_lupus         0.4782879 0.3342570 0.3561068 0.3579289 0.3726447 0.0000000 0.4742267 
Bos_taurus          0.3701084 0.4064442 0.4335732 0.4403468 0.4410702 0.4742267 0.0000000 
