7
Ceratotherium_simum 0.0000000 0.0098000 0.0954049 0.0934325 0.0953513 0.1825399 0.2067131 
Diceros_bicornis    0.0098000 0.0000000 0.0921530 0.0921530 0.0921016 0.1752158 0.2027201 
Equus_asinus        0.0954049 0.0921530 0.0000000 0.0025790 0.0065020 0.1679567 0.1978220 
Equus_quagga        0.0934325 0.0921530 0.0025790 0.0000000 0.0065020 0.1679549 0.1978195 
Equus_caballus      0.0953513 0.0921016 0.0065020 0.0065020 0.0000000 0.1691080 0.2005546 
Canis_lupus         0.1825399 0.1752158 0.1679567 0.1679549 0.1691080 0.0000000 0.2280068 
Bos_taurus          0.2067131 0.2027201 0.1978220 0.1978195 0.2005546 0.2280068 0.0000000 
