7
Ceratotherium_simum 0.0000000 0.1210986 0.2631585 0.3478389 0.3479364 0.4275685 0.4719023 
Diceros_bicornis    0.1210986 0.0000000 0.1544638 0.2209487 0.2210075 0.2781838 0.4481881 
Equus_asinus        0.2631585 0.1544638 0.0000000 0.0695459 0.0695638 0.2797473 0.4723352 
Equus_quagga        0.3478389 0.2209487 0.0695459 0.0000000 0.0032847 0.3553750 0.5830949 
Equus_caballus      0.3479364 0.2210075 0.0695638 0.0032847 0.0000000 0.3554692 0.5863464 
Canis_lupus         0.4275685 0.2781838 0.2797473 0.3553750 0.3554692 0.0000000 0.4778194 
Bos_taurus          0.4719023 0.4481881 0.4723352 0.5830949 0.5863464 0.4778194 0.0000000 
