7
Ceratotherium_simum 0.0000000 0.2386852 0.2941776 0.2969777 0.2941776 0.3432333 9.0000000 
Diceros_bicornis    0.2386852 0.0000000 0.0663288 0.0663288 0.0683519 0.1228173 9.0000000 
Equus_asinus        0.2941776 0.0663288 0.0000000 0.0037527 0.0056346 0.0993424 9.0000000 
Equus_quagga        0.2969777 0.0663288 0.0037527 0.0000000 0.0056346 0.0993424 9.0000000 
Equus_caballus      0.2941776 0.0683519 0.0056346 0.0056346 0.0000000 0.1014403 9.0000000 
Canis_lupus         0.3432333 0.1228173 0.0993424 0.0993424 0.1014403 0.0000000 9.0000000 
Bos_taurus          9.0000000 9.0000000 9.0000000 9.0000000 9.0000000 9.0000000 0.0000000 
