7
Ceratotherium_simum 0.0000000 0.0093246 0.1566952 0.1424173 0.1448421 0.1751979 0.1954614 
Diceros_bicornis    0.0093246 0.0000000 0.1519558 0.1465483 0.1402479 0.1702167 0.2000860 
Equus_asinus        0.1566952 0.1519558 0.0000000 0.0203921 0.0251335 0.1874933 0.2269795 
Equus_quagga        0.1424173 0.1465483 0.0203921 0.0000000 0.0203929 0.1859574 0.2150427 
Equus_caballus      0.1448421 0.1402479 0.0251335 0.0203929 0.0000000 0.1873860 0.2238783 
Canis_lupus         0.1751979 0.1702167 0.1874933 0.1859574 0.1873860 0.0000000 0.1979274 
Bos_taurus          0.1954614 0.2000860 0.2269795 0.2150427 0.2238783 0.1979274 0.0000000 
