7
Ceratotherium_simum 0.0000000 0.0297547 0.3417098 0.3490184 0.3581683 0.4213538 0.6389098 
Diceros_bicornis    0.0297547 0.0000000 0.3421639 0.3494854 0.3586507 0.4240154 0.6573885 
Equus_asinus        0.3417098 0.3421639 0.0000000 0.0053204 0.0160815 0.4283166 0.6801743 
Equus_quagga        0.3490184 0.3494854 0.0053204 0.0000000 0.0215550 0.4366799 0.6867393 
Equus_caballus      0.3581683 0.3586507 0.0160815 0.0215550 0.0000000 0.4445746 0.7028755 
Canis_lupus         0.4213538 0.4240154 0.4283166 0.4366799 0.4445746 0.0000000 0.6141280 
Bos_taurus          0.6389098 0.6573885 0.6801743 0.6867393 0.7028755 0.6141280 0.0000000 
