7
Ceratotherium_simum 0.0000000 0.0068860 0.1167408 0.1167408 0.1084659 0.2823580 0.2637707 
Diceros_bicornis    0.0068860 0.0000000 0.1140384 0.1140384 0.1057906 0.2717033 0.2605305 
Equus_asinus        0.1167408 0.1140384 0.0000000 0.0000010 0.0068832 0.2723580 0.2151547 
Equus_quagga        0.1167408 0.1140384 0.0000010 0.0000000 0.0068832 0.2723580 0.2151547 
Equus_caballus      0.1084659 0.1057906 0.0068832 0.0068832 0.0000000 0.2686623 0.2055367 
Canis_lupus         0.2823580 0.2717033 0.2723580 0.2723580 0.2686623 0.0000000 0.3324716 
Bos_taurus          0.2637707 0.2605305 0.2151547 0.2151547 0.2055367 0.3324716 0.0000000 
