7
Ceratotherium_simum 0.0000000 0.0082077 0.0572072 0.0579999 0.0604034 0.0718955 0.0765883 
Diceros_bicornis    0.0082077 0.0000000 0.0631319 0.0639377 0.0664833 0.0774087 0.0812621 
Equus_asinus        0.0572072 0.0631319 0.0000000 0.0021725 0.0111375 0.0908778 0.0854972 
Equus_quagga        0.0579999 0.0639377 0.0021725 0.0000000 0.0103667 0.0916591 0.0862805 
Equus_caballus      0.0604034 0.0664833 0.0111375 0.0103667 0.0000000 0.0955145 0.0941815 
Canis_lupus         0.0718955 0.0774087 0.0908778 0.0916591 0.0955145 0.0000000 0.0843783 
Bos_taurus          0.0765883 0.0812621 0.0854972 0.0862805 0.0941815 0.0843783 0.0000000 
