7
Ceratotherium_simum 0.0000000 0.0027738 0.0321632 0.0321632 0.0321632 0.0664387 0.0674217 
Diceros_bicornis    0.0027738 0.0000000 0.0493917 0.0493917 0.0351057 0.0698391 0.0713544 
Equus_asinus        0.0321632 0.0493917 0.0000000 0.0000010 0.0139630 0.1061612 0.1076568 
Equus_quagga        0.0321632 0.0493917 0.0000010 0.0000000 0.0139630 0.1061612 0.1076568 
Equus_caballus      0.0321632 0.0351057 0.0139630 0.0139630 0.0000000 0.0855548 0.0863824 
Canis_lupus         0.0664387 0.0698391 0.1061612 0.1061612 0.0855548 0.0000000 0.1007746 
Bos_taurus          0.0674217 0.0713544 0.1076568 0.1076568 0.0863824 0.1007746 0.0000000 
