7
Ceratotherium_simum 0.0000000 0.0169260 0.1863149 0.1974390 0.2143943 0.3738844 0.4702313 
Diceros_bicornis    0.0169260 0.0000000 0.1983689 0.2097059 0.2269869 0.3898730 0.4894658 
Equus_asinus        0.1863149 0.1983689 0.0000000 0.0083861 0.0387923 0.3678143 0.4662347 
Equus_quagga        0.1974390 0.2097059 0.0083861 0.0000000 0.0299948 0.3677945 0.4662037 
Equus_caballus      0.2143943 0.2269869 0.0387923 0.0299948 0.0000000 0.3746743 0.4358427 
Canis_lupus         0.3738844 0.3898730 0.3678143 0.3677945 0.3746743 0.0000000 0.6164737 
Bos_taurus          0.4702313 0.4894658 0.4662347 0.4662037 0.4358427 0.6164737 0.0000000 
