7
Ceratotherium_simum 0.0000000 0.0111527 0.2692487 0.2692487 0.2696300 0.6053434 0.9693294 
Diceros_bicornis    0.0111527 0.0000000 0.2543109 0.2543109 0.2546692 0.5871749 0.9488663 
Equus_asinus        0.2692487 0.2543109 0.0000000 0.0000010 0.0225901 0.6216930 0.9040457 
Equus_quagga        0.2692487 0.2543109 0.0000010 0.0000000 0.0225901 0.6216930 0.9040457 
Equus_caballus      0.2696300 0.2546692 0.0225901 0.0225901 0.0000000 0.5788705 0.8759820 
Canis_lupus         0.6053434 0.5871749 0.6216930 0.6216930 0.5788705 0.0000000 0.9226799 
Bos_taurus          0.9693294 0.9488663 0.9040457 0.9040457 0.8759820 0.9226799 0.0000000 
