7
Ceratotherium_simum 0.0000000 0.0077060 0.0819406 0.0796610 0.0799211 0.1524575 0.1863400 
Diceros_bicornis    0.0077060 0.0000000 0.0773943 0.0751411 0.0753839 0.1472388 0.1856115 
Equus_asinus        0.0819406 0.0773943 0.0000000 0.0057636 0.0135931 0.1710983 0.2134818 
Equus_quagga        0.0796610 0.0751411 0.0057636 0.0000000 0.0116203 0.1660228 0.2130473 
Equus_caballus      0.0799211 0.0753839 0.0135931 0.0116203 0.0000000 0.1762211 0.2190152 
Canis_lupus         0.1524575 0.1472388 0.1710983 0.1660228 0.1762211 0.0000000 0.2323569 
Bos_taurus          0.1863400 0.1856115 0.2134818 0.2130473 0.2190152 0.2323569 0.0000000 
