7
Ceratotherium_simum 0.0000000 0.0260816 0.0835567 0.0824309 0.0860087 0.1029159 0.1061046 
Diceros_bicornis    0.0260816 0.0000000 0.0885541 0.0874232 0.0910277 0.1004338 0.1110511 
Equus_asinus        0.0835567 0.0885541 0.0000000 0.0053823 0.0064697 0.1032144 0.1125573 
Equus_quagga        0.0824309 0.0874232 0.0053823 0.0000000 0.0097341 0.1008456 0.1114097 
Equus_caballus      0.0860087 0.0910277 0.0064697 0.0097341 0.0000000 0.1032529 0.1125992 
Canis_lupus         0.1029159 0.1004338 0.1032144 0.1008456 0.1032529 0.0000000 0.1021655 
Bos_taurus          0.1061046 0.1110511 0.1125573 0.1114097 0.1125992 0.1021655 0.0000000 
