7
Ceratotherium_simum 0.0000000 0.0344474 0.2367708 0.2345752 0.2429728 0.4091362 0.3792211 
Diceros_bicornis    0.0344474 0.0000000 0.2345510 0.2323454 0.2349937 0.4285013 0.3805367 
Equus_asinus        0.2367708 0.2345510 0.0000000 0.0127395 0.0345463 0.4807792 0.4283646 
Equus_quagga        0.2345752 0.2323454 0.0127395 0.0000000 0.0368282 0.4791237 0.4264804 
Equus_caballus      0.2429728 0.2349937 0.0345463 0.0368282 0.0000000 0.4864617 0.4334013 
Canis_lupus         0.4091362 0.4285013 0.4807792 0.4791237 0.4864617 0.0000000 0.5806876 
Bos_taurus          0.3792211 0.3805367 0.4283646 0.4264804 0.4334013 0.5806876 0.0000000 
