6
Ceratotherium_simum 0.0000000 0.0027838 0.0197863 0.0197863 0.0284396 0.0255293 
Diceros_bicornis    0.0027838 0.0000000 0.0197863 0.0197863 0.0284396 0.0255293 
Equus_asinus        0.0197863 0.0197863 0.0000000 0.0000010 0.0211769 0.0168842 
Equus_quagga        0.0197863 0.0197863 0.0000010 0.0000000 0.0211769 0.0168842 
Canis_lupus         0.0284396 0.0284396 0.0211769 0.0211769 0.0000000 0.0197541 
Bos_taurus          0.0255293 0.0255293 0.0168842 0.0168842 0.0197541 0.0000000 
