7
Ceratotherium_simum 0.0000000 0.0088678 0.0732928 0.0719887 0.0712687 0.1219202 0.1387427 
Diceros_bicornis    0.0088678 0.0000000 0.0713879 0.0700910 0.0693764 0.1153597 0.1326736 
Equus_asinus        0.0732928 0.0713879 0.0000000 0.0020596 0.0036186 0.1029062 0.1262908 
Equus_quagga        0.0719887 0.0700910 0.0020596 0.0000000 0.0025802 0.1014657 0.1232864 
Equus_caballus      0.0712687 0.0693764 0.0036186 0.0025802 0.0000000 0.1000412 0.1232329 
Canis_lupus         0.1219202 0.1153597 0.1029062 0.1014657 0.1000412 0.0000000 0.1265261 
Bos_taurus          0.1387427 0.1326736 0.1262908 0.1232864 0.1232329 0.1265261 0.0000000 
