7
Ceratotherium_simum 0.0000000 0.0048371 0.0489685 0.0817928 0.0448035 0.0938520 0.1013524 
Diceros_bicornis    0.0048371 0.0000000 0.0478826 0.0806012 0.0437294 0.0926278 0.1023833 
Equus_asinus        0.0489685 0.0478826 0.0000000 0.0319235 0.0058064 0.1046763 0.1012000 
Equus_quagga        0.0817928 0.0806012 0.0319235 0.0000000 0.0360389 0.1413108 0.1375707 
Equus_caballus      0.0448035 0.0437294 0.0058064 0.0360389 0.0000000 0.1014134 0.0977706 
Canis_lupus         0.0938520 0.0926278 0.1046763 0.1413108 0.1014134 0.0000000 0.1275290 
Bos_taurus          0.1013524 0.1023833 0.1012000 0.1375707 0.0977706 0.1275290 0.0000000 
