7
Ceratotherium_simum 0.0000000 0.0399032 0.1135689 0.0966951 0.1131401 0.1356387 0.1407401 
Diceros_bicornis    0.0399032 0.0000000 0.0722120 0.0812554 0.0718326 0.0965112 0.0946752 
Equus_asinus        0.1135689 0.0722120 0.0000000 0.0151269 0.0102903 0.1085404 0.1040021 
Equus_quagga        0.0966951 0.0812554 0.0151269 0.0000000 0.0203243 0.1072524 0.1126681 
Equus_caballus      0.1131401 0.0718326 0.0102903 0.0203243 0.0000000 0.1082571 0.1050852 
Canis_lupus         0.1356387 0.0965112 0.1085404 0.1072524 0.1082571 0.0000000 0.1085094 
Bos_taurus          0.1407401 0.0946752 0.1040021 0.1126681 0.1050852 0.1085094 0.0000000 
