7
Ceratotherium_simum 0.0000000 0.0163741 0.1379305 0.1379305 0.1303472 0.5648947 0.5038621 
Diceros_bicornis    0.0163741 0.0000000 0.1493901 0.1493901 0.1417215 0.5756581 0.5155275 
Equus_asinus        0.1379305 0.1493901 0.0000000 0.0000010 0.0065219 0.5641573 0.5173365 
Equus_quagga        0.1379305 0.1493901 0.0000010 0.0000000 0.0065219 0.5641573 0.5173365 
Equus_caballus      0.1303472 0.1417215 0.0065219 0.0065219 0.0000000 0.5515190 0.5056613 
Canis_lupus         0.5648947 0.5756581 0.5641573 0.5641573 0.5515190 0.0000000 0.5413592 
Bos_taurus          0.5038621 0.5155275 0.5173365 0.5173365 0.5056613 0.5413592 0.0000000 
