7
Ceratotherium_simum 0.0000000 0.0183271 0.1646997 0.1646997 0.1739277 0.3003642 1.0315555 
Diceros_bicornis    0.0183271 0.0000000 0.1594820 0.1594820 0.1686116 0.2874802 1.0164840 
Equus_asinus        0.1646997 0.1594820 0.0000000 0.0000010 0.0072530 0.2844555 0.9507667 
Equus_quagga        0.1646997 0.1594820 0.0000010 0.0000000 0.0072530 0.2844555 0.9507667 
Equus_caballus      0.1739277 0.1686116 0.0072530 0.0072530 0.0000000 0.2955231 0.9507667 
Canis_lupus         0.3003642 0.2874802 0.2844555 0.2844555 0.2955231 0.0000000 1.0949945 
Bos_taurus          1.0315555 1.0164840 0.9507667 0.9507667 0.9507667 1.0949945 0.0000000 
