7
Ceratotherium_simum 0.0000000 0.0043347 0.0532107 0.0532473 0.0536251 0.1086422 0.0949393 
Diceros_bicornis    0.0043347 0.0000000 0.0550580 0.0550961 0.0558742 0.1116300 0.0970318 
Equus_asinus        0.0532107 0.0550580 0.0000000 0.0012255 0.0036996 0.1082487 0.1046833 
Equus_quagga        0.0532473 0.0550961 0.0012255 0.0000000 0.0043211 0.1082568 0.1046911 
Equus_caballus      0.0536251 0.0558742 0.0036996 0.0043211 0.0000000 0.1078523 0.1051370 
Canis_lupus         0.1086422 0.1116300 0.1082487 0.1082568 0.1078523 0.0000000 0.1253634 
Bos_taurus          0.0949393 0.0970318 0.1046833 0.1046911 0.1051370 0.1253634 0.0000000 
