7
Ceratotherium_simum 0.0000000 9.0000000 9.0000000 9.0000000 9.0000000 6.1994941 9.0000000 
Diceros_bicornis    9.0000000 0.0000000 0.0858711 0.0909798 0.0821128 0.2372549 0.1868763 
Equus_asinus        9.0000000 0.0858711 0.0000000 0.0077787 0.0065440 0.2576892 0.2003068 
Equus_quagga        9.0000000 0.0909798 0.0077787 0.0000000 0.0102536 0.2619515 0.2023226 
Equus_caballus      9.0000000 0.0821128 0.0065440 0.0102536 0.0000000 0.2491295 0.1921668 
Canis_lupus         6.1994941 0.2372549 0.2576892 0.2619515 0.2491295 0.0000000 0.2855480 
Bos_taurus          9.0000000 0.1868763 0.2003068 0.2023226 0.1921668 0.2855480 0.0000000 
