7
Ceratotherium_simum 0.0000000 0.0072485 0.1191051 0.1104415 0.1147703 0.1200381 0.1629265 
Diceros_bicornis    0.0072485 0.0000000 0.1206593 0.1142698 0.1166632 0.1328697 0.1909235 
Equus_asinus        0.1191051 0.1206593 0.0000000 0.0159489 0.0267947 0.1725220 0.2310813 
Equus_quagga        0.1104415 0.1142698 0.0159489 0.0000000 0.0169775 0.1635351 0.2207589 
Equus_caballus      0.1147703 0.1166632 0.0267947 0.0169775 0.0000000 0.1659344 0.2224757 
Canis_lupus         0.1200381 0.1328697 0.1725220 0.1635351 0.1659344 0.0000000 0.1415764 
Bos_taurus          0.1629265 0.1909235 0.2310813 0.2207589 0.2224757 0.1415764 0.0000000 
