7
Ceratotherium_simum 0.0000000 0.0048815 0.0685223 0.0670707 0.0700010 0.1431368 9.0000000 
Diceros_bicornis    0.0048815 0.0000000 0.0675748 0.0661243 0.0685444 0.1427314 9.0000000 
Equus_asinus        0.0685223 0.0675748 0.0000000 0.0026590 0.0066651 0.1354804 9.0000000 
Equus_quagga        0.0670707 0.0661243 0.0026590 0.0000000 0.0066688 0.1355642 9.0000000 
Equus_caballus      0.0700010 0.0685444 0.0066651 0.0066688 0.0000000 0.1386853 9.0000000 
Canis_lupus         0.1431368 0.1427314 0.1354804 0.1355642 0.1386853 0.0000000 9.0000000 
Bos_taurus          9.0000000 9.0000000 9.0000000 9.0000000 9.0000000 9.0000000 0.0000000 
