7
Ceratotherium_simum 0.0000000 0.0305108 0.1373948 0.1277950 0.1379353 0.2504494 0.3146006 
Diceros_bicornis    0.0305108 0.0000000 0.1273563 0.1179934 0.1278442 0.2479087 0.3108060 
Equus_asinus        0.1373948 0.1273563 0.0000000 0.0074801 0.0151348 0.2415987 0.3573484 
Equus_quagga        0.1277950 0.1179934 0.0074801 0.0000000 0.0075028 0.2404818 0.3552723 
Equus_caballus      0.1379353 0.1278442 0.0151348 0.0075028 0.0000000 0.2533673 0.3718201 
Canis_lupus         0.2504494 0.2479087 0.2415987 0.2404818 0.2533673 0.0000000 0.3559196 
Bos_taurus          0.3146006 0.3108060 0.3573484 0.3552723 0.3718201 0.3559196 0.0000000 
