7
Ceratotherium_simum 0.0000000 0.0738640 0.1689497 0.1720418 0.1720603 0.7263669 0.1585378 
Diceros_bicornis    0.0738640 0.0000000 0.1464736 0.1493632 0.1493936 0.7573283 0.1859671 
Equus_asinus        0.1689497 0.1464736 0.0000000 0.0072311 0.0169594 0.6725152 0.1625561 
Equus_quagga        0.1720418 0.1493632 0.0072311 0.0000000 0.0145210 0.6672391 0.1589179 
Equus_caballus      0.1720603 0.1493936 0.0169594 0.0145210 0.0000000 0.6823600 0.1660969 
Canis_lupus         0.7263669 0.7573283 0.6725152 0.6672391 0.6823600 0.0000000 0.2675039 
Bos_taurus          0.1585378 0.1859671 0.1625561 0.1589179 0.1660969 0.2675039 0.0000000 
