7
Ceratotherium_simum 0.0000000 0.0208495 0.2885925 0.2892099 0.2870146 0.5298902 0.5264887 
Diceros_bicornis    0.0208495 0.0000000 0.2962652 0.2969074 0.2946953 0.5410583 0.5256851 
Equus_asinus        0.2885925 0.2962652 0.0000000 0.0112043 0.0160597 0.4347241 0.5381667 
Equus_quagga        0.2892099 0.2969074 0.0112043 0.0000000 0.0112245 0.4253820 0.5371189 
Equus_caballus      0.2870146 0.2946953 0.0160597 0.0112245 0.0000000 0.4336192 0.5309991 
Canis_lupus         0.5298902 0.5410583 0.4347241 0.4253820 0.4336192 0.0000000 0.6369934 
Bos_taurus          0.5264887 0.5256851 0.5381667 0.5371189 0.5309991 0.6369934 0.0000000 
