7
Ceratotherium_simum 0.0000000 0.0098390 0.2601727 0.2586850 0.2444636 0.2928677 0.2301214 
Diceros_bicornis    0.0098390 0.0000000 0.2568476 0.2553648 0.2411973 0.2872781 0.2255991 
Equus_asinus        0.2601727 0.2568476 0.0000000 0.0068850 0.0243900 0.4272530 0.3810971 
Equus_quagga        0.2586850 0.2553648 0.0068850 0.0000000 0.0255954 0.4249019 0.3814346 
Equus_caballus      0.2444636 0.2411973 0.0243900 0.0255954 0.0000000 0.4145931 0.3631416 
Canis_lupus         0.2928677 0.2872781 0.4272530 0.4249019 0.4145931 0.0000000 0.3570082 
Bos_taurus          0.2301214 0.2255991 0.3810971 0.3814346 0.3631416 0.3570082 0.0000000 
