7
Ceratotherium_simum 0.0000000 0.0090832 0.0725125 0.0732599 0.0722281 0.1733803 0.1648409 
Diceros_bicornis    0.0090832 0.0000000 0.0750925 0.0734245 0.0772399 0.1814555 0.1676804 
Equus_asinus        0.0725125 0.0750925 0.0000000 0.0082532 0.0122232 0.1681352 0.1557825 
Equus_quagga        0.0732599 0.0734245 0.0082532 0.0000000 0.0100172 0.1638167 0.1549910 
Equus_caballus      0.0722281 0.0772399 0.0122232 0.0100172 0.0000000 0.1620791 0.1578082 
Canis_lupus         0.1733803 0.1814555 0.1681352 0.1638167 0.1620791 0.0000000 0.2067843 
Bos_taurus          0.1648409 0.1676804 0.1557825 0.1549910 0.1578082 0.2067843 0.0000000 
