7
Ceratotherium_simum 0.0000000 0.0050968 0.0255029 0.0264979 0.0265190 0.0420055 0.0741355 
Diceros_bicornis    0.0050968 0.0000000 0.0265337 0.0275326 0.0275546 0.0425877 0.0753833 
Equus_asinus        0.0255029 0.0265337 0.0000000 0.0013802 0.0023085 0.0469851 0.0822191 
Equus_quagga        0.0264979 0.0275326 0.0013802 0.0000000 0.0027718 0.0480463 0.0833810 
Equus_caballus      0.0265190 0.0275546 0.0023085 0.0027718 0.0000000 0.0475521 0.0828693 
Canis_lupus         0.0420055 0.0425877 0.0469851 0.0480463 0.0475521 0.0000000 0.0821618 
Bos_taurus          0.0741355 0.0753833 0.0822191 0.0833810 0.0828693 0.0821618 0.0000000 
