7
Ceratotherium_simum 0.0000000 0.0047622 0.1047179 0.1139564 0.1047179 0.1626432 0.2711813 
Diceros_bicornis    0.0047622 0.0000000 0.0989534 0.1079316 0.0989534 0.1563775 0.2637543 
Equus_asinus        0.1047179 0.0989534 0.0000000 0.0048800 0.0000010 0.1752407 0.2664855 
Equus_quagga        0.1139564 0.1079316 0.0048800 0.0000000 0.0048800 0.1875472 0.2835487 
Equus_caballus      0.1047179 0.0989534 0.0000010 0.0048800 0.0000000 0.1752407 0.2664855 
Canis_lupus         0.1626432 0.1563775 0.1752407 0.1875472 0.1752407 0.0000000 0.2302159 
Bos_taurus          0.2711813 0.2637543 0.2664855 0.2835487 0.2664855 0.2302159 0.0000000 
