7
Ceratotherium_simum 0.0000000 0.0054043 0.0317676 0.0307807 0.0311068 0.0673312 0.0985996 
Diceros_bicornis    0.0054043 0.0000000 0.0314390 0.0304532 0.0307790 0.0669635 0.0962786 
Equus_asinus        0.0317676 0.0314390 0.0000000 0.0011914 0.0026856 0.0681090 0.0988639 
Equus_quagga        0.0307807 0.0304532 0.0011914 0.0000000 0.0014890 0.0666460 0.0976364 
Equus_caballus      0.0311068 0.0307790 0.0026856 0.0014890 0.0000000 0.0670093 0.0980363 
Canis_lupus         0.0673312 0.0669635 0.0681090 0.0666460 0.0670093 0.0000000 0.1323132 
Bos_taurus          0.0985996 0.0962786 0.0988639 0.0976364 0.0980363 0.1323132 0.0000000 
