7
Ceratotherium_simum 0.0000000 0.0133236 0.1453793 0.1452909 0.1465058 0.4680422 0.3194149 
Diceros_bicornis    0.0133236 0.0000000 0.1463108 0.1462218 0.1474353 0.4616758 0.3155570 
Equus_asinus        0.1453793 0.1463108 0.0000000 0.0061175 0.0133110 0.4387064 0.3111686 
Equus_quagga        0.1452909 0.1462218 0.0061175 0.0000000 0.0112438 0.4359421 0.3109090 
Equus_caballus      0.1465058 0.1474353 0.0133110 0.0112438 0.0000000 0.4376885 0.3094015 
Canis_lupus         0.4680422 0.4616758 0.4387064 0.4359421 0.4376885 0.0000000 0.5727746 
Bos_taurus          0.3194149 0.3155570 0.3111686 0.3109090 0.3094015 0.5727746 0.0000000 
