7
Ceratotherium_simum 0.0000000 0.0074786 0.0705600 0.0672983 0.0662085 0.1372690 9.0000000 
Diceros_bicornis    0.0074786 0.0000000 0.0696430 0.0686154 0.0652883 0.1338971 9.0000000 
Equus_asinus        0.0705600 0.0696430 0.0000000 0.0046500 0.0055831 0.1404877 9.0000000 
Equus_quagga        0.0672983 0.0686154 0.0046500 0.0000000 0.0027836 0.1418406 9.0000000 
Equus_caballus      0.0662085 0.0652883 0.0055831 0.0027836 0.0000000 0.1391690 9.0000000 
Canis_lupus         0.1372690 0.1338971 0.1404877 0.1418406 0.1391690 0.0000000 9.0000000 
Bos_taurus          9.0000000 9.0000000 9.0000000 9.0000000 9.0000000 9.0000000 0.0000000 
