7
Ceratotherium_simum 0.0000000 0.0129653 0.1578411 0.1609801 0.1576448 0.3190759 0.3012289 
Diceros_bicornis    0.0129653 0.0000000 0.1544644 0.1575874 0.1604809 0.3223032 0.2895266 
Equus_asinus        0.1578411 0.1544644 0.0000000 0.0129702 0.0234629 0.3396984 0.3199831 
Equus_quagga        0.1609801 0.1575874 0.0129702 0.0000000 0.0261114 0.3439374 0.3237374 
Equus_caballus      0.1576448 0.1604809 0.0234629 0.0261114 0.0000000 0.3390132 0.3193986 
Canis_lupus         0.3190759 0.3223032 0.3396984 0.3439374 0.3390132 0.0000000 0.4810829 
Bos_taurus          0.3012289 0.2895266 0.3199831 0.3237374 0.3193986 0.4810829 0.0000000 
