7
Ceratotherium_simum 0.0000000 0.0064012 0.0706866 0.0699840 0.0762620 5.0084378 0.1967366 
Diceros_bicornis    0.0064012 0.0000000 0.0706800 0.0699775 0.0762548 5.0309146 0.2002300 
Equus_asinus        0.0706866 0.0706800 0.0000000 0.0012759 0.0083291 4.9036588 0.2004706 
Equus_quagga        0.0699840 0.0699775 0.0012759 0.0000000 0.0070422 4.8989527 0.1988111 
Equus_caballus      0.0762620 0.0762548 0.0083291 0.0070422 0.0000000 4.9223467 0.2063139 
Canis_lupus         5.0084378 5.0309146 4.9036588 4.8989527 4.9223467 0.0000000 6.9660259 
Bos_taurus          0.1967366 0.2002300 0.2004706 0.1988111 0.2063139 6.9660259 0.0000000 
