6
Ceratotherium_simum 0.0000000 0.0589436 0.1776347 0.1776347 0.3599678 0.3807515 
Diceros_bicornis    0.0589436 0.0000000 0.1309615 0.1309615 0.2935664 0.3138848 
Equus_asinus        0.1776347 0.1309615 0.0000000 0.0000010 0.2678258 0.2560177 
Equus_quagga        0.1776347 0.1309615 0.0000010 0.0000000 0.2678258 0.2560177 
Canis_lupus         0.3599678 0.2935664 0.2678258 0.2678258 0.0000000 0.2810764 
Bos_taurus          0.3807515 0.3138848 0.2560177 0.2560177 0.2810764 0.0000000 
