7
Ceratotherium_simum 0.0000000 0.0064095 0.1118861 0.1240879 0.1040555 0.1950432 0.2546530 
Diceros_bicornis    0.0064095 0.0000000 0.1118861 0.1240879 0.1040555 0.1950432 0.2546530 
Equus_asinus        0.1118861 0.1118861 0.0000000 0.0161314 0.0063930 0.2018609 0.2524834 
Equus_quagga        0.1240879 0.1240879 0.0161314 0.0000000 0.0161741 0.2160527 0.2685314 
Equus_caballus      0.1040555 0.1040555 0.0063930 0.0161741 0.0000000 0.2026224 0.2535621 
Canis_lupus         0.1950432 0.1950432 0.2018609 0.2160527 0.2026224 0.0000000 0.2894463 
Bos_taurus          0.2546530 0.2546530 0.2524834 0.2685314 0.2535621 0.2894463 0.0000000 
