7
Ceratotherium_simum 0.0000000 0.0036984 0.0412165 0.0738574 0.0410196 0.0816305 0.0957949 
Diceros_bicornis    0.0036984 0.0000000 0.0408243 0.0739683 0.0410745 0.0813817 0.0973082 
Equus_asinus        0.0412165 0.0408243 0.0000000 0.0303575 0.0044831 0.0798555 0.0990830 
Equus_quagga        0.0738574 0.0739683 0.0303575 0.0000000 0.0337401 0.1154908 0.1382516 
Equus_caballus      0.0410196 0.0410745 0.0044831 0.0337401 0.0000000 0.0799942 0.0982358 
Canis_lupus         0.0816305 0.0813817 0.0798555 0.1154908 0.0799942 0.0000000 0.1075497 
Bos_taurus          0.0957949 0.0973082 0.0990830 0.1382516 0.0982358 0.1075497 0.0000000 
