7
Ceratotherium_simum 0.0000000 0.0041519 0.0593734 0.0561538 0.0477477 0.0965825 0.1077934 
Diceros_bicornis    0.0041519 0.0000000 0.0553475 0.0521773 0.0458786 0.0956003 0.1102623 
Equus_asinus        0.0593734 0.0553475 0.0000000 0.0024710 0.0126726 0.1026935 0.1159034 
Equus_quagga        0.0561538 0.0521773 0.0024710 0.0000000 0.0100674 0.1022336 0.1142216 
Equus_caballus      0.0477477 0.0458786 0.0126726 0.0100674 0.0000000 0.0897128 0.1046675 
Canis_lupus         0.0965825 0.0956003 0.1026935 0.1022336 0.0897128 0.0000000 0.1355533 
Bos_taurus          0.1077934 0.1102623 0.1159034 0.1142216 0.1046675 0.1355533 0.0000000 
