7
Ceratotherium_simum 0.0000000 0.0063838 0.0747260 0.0747260 0.0796631 0.1629967 0.2161249 
Diceros_bicornis    0.0063838 0.0000000 0.0772518 0.0772518 0.0822199 0.1660666 0.2137606 
Equus_asinus        0.0747260 0.0772518 0.0000000 0.0000010 0.0085359 0.1589125 0.2126439 
Equus_quagga        0.0747260 0.0772518 0.0000010 0.0000000 0.0085359 0.1589125 0.2126439 
Equus_caballus      0.0796631 0.0822199 0.0085359 0.0085359 0.0000000 0.1648628 0.2250704 
Canis_lupus         0.1629967 0.1660666 0.1589125 0.1589125 0.1648628 0.0000000 0.2794684 
Bos_taurus          0.2161249 0.2137606 0.2126439 0.2126439 0.2250704 0.2794684 0.0000000 
