7
Ceratotherium_simum 0.0000000 0.0354648 0.3531817 0.3472433 0.3221252 0.4938153 0.7912454 
Diceros_bicornis    0.0354648 0.0000000 0.3654767 0.3594583 0.3333724 0.5197694 0.8145034 
Equus_asinus        0.3531817 0.3654767 0.0000000 0.0116015 0.0314971 0.6712917 0.9934452 
Equus_quagga        0.3472433 0.3594583 0.0116015 0.0000000 0.0355128 0.6665932 0.9940655 
Equus_caballus      0.3221252 0.3333724 0.0314971 0.0355128 0.0000000 0.6362109 0.9454109 
Canis_lupus         0.4938153 0.5197694 0.6712917 0.6665932 0.6362109 0.0000000 1.1297556 
Bos_taurus          0.7912454 0.8145034 0.9934452 0.9940655 0.9454109 1.1297556 0.0000000 
