7
Ceratotherium_simum 0.0000000 0.0210752 0.0478555 0.0478936 0.0487500 0.1039725 0.1155836 
Diceros_bicornis    0.0210752 0.0000000 0.0570199 0.0569623 0.0579178 0.1049836 0.1180953 
Equus_asinus        0.0478555 0.0570199 0.0000000 0.0023419 0.0049782 0.1084033 0.1217187 
Equus_quagga        0.0478936 0.0569623 0.0023419 0.0000000 0.0051458 0.1089258 0.1225928 
Equus_caballus      0.0487500 0.0579178 0.0049782 0.0051458 0.0000000 0.1089750 0.1215181 
Canis_lupus         0.1039725 0.1049836 0.1084033 0.1089258 0.1089750 0.0000000 0.1432758 
Bos_taurus          0.1155836 0.1180953 0.1217187 0.1225928 0.1215181 0.1432758 0.0000000 
