7
Ceratotherium_simum 0.0000000 0.0425445 0.1877933 0.1955267 0.2033185 0.4597512 0.5037395 
Diceros_bicornis    0.0425445 0.0000000 0.2095523 0.2173944 0.2252935 0.4391458 0.4953069 
Equus_asinus        0.1877933 0.2095523 0.0000000 0.0058987 0.0238330 0.4604608 0.3881931 
Equus_quagga        0.1955267 0.2173944 0.0058987 0.0000000 0.0298931 0.4705459 0.3791677 
Equus_caballus      0.2033185 0.2252935 0.0238330 0.0298931 0.0000000 0.4606144 0.3881931 
Canis_lupus         0.4597512 0.4391458 0.4604608 0.4705459 0.4606144 0.0000000 0.5769666 
Bos_taurus          0.5037395 0.4953069 0.3881931 0.3791677 0.3881931 0.5769666 0.0000000 
