7
Ceratotherium_simum 0.0000000 0.0079712 0.1281538 0.1273284 0.1285241 0.1391014 0.1388864 
Diceros_bicornis    0.0079712 0.0000000 0.1281470 0.1273217 0.1285173 0.1398797 0.1392720 
Equus_asinus        0.1281538 0.1281470 0.0000000 0.0017287 0.0072887 0.2101276 0.2027502 
Equus_quagga        0.1273284 0.1273217 0.0017287 0.0000000 0.0062395 0.2092022 0.2018309 
Equus_caballus      0.1285241 0.1285173 0.0072887 0.0062395 0.0000000 0.2096642 0.2039729 
Canis_lupus         0.1391014 0.1398797 0.2101276 0.2092022 0.2096642 0.0000000 0.1793882 
Bos_taurus          0.1388864 0.1392720 0.2027502 0.2018309 0.2039729 0.1793882 0.0000000 
