7
Ceratotherium_simum 0.0000000 0.0106347 0.0908064 0.0923153 0.0922573 0.1337575 0.1974721 
Diceros_bicornis    0.0106347 0.0000000 0.0922573 0.0937681 0.0937090 0.1328650 0.1955652 
Equus_asinus        0.0908064 0.0922573 0.0000000 0.0013181 0.0066215 0.1399739 0.2195282 
Equus_quagga        0.0923153 0.0937681 0.0013181 0.0000000 0.0079530 0.1399739 0.2213386 
Equus_caballus      0.0922573 0.0937090 0.0066215 0.0079530 0.0000000 0.1431295 0.2211603 
Canis_lupus         0.1337575 0.1328650 0.1399739 0.1399739 0.1431295 0.0000000 0.2233332 
Bos_taurus          0.1974721 0.1955652 0.2195282 0.2213386 0.2211603 0.2233332 0.0000000 
