7
Ceratotherium_simum 0.0000000 0.0075117 0.0637986 0.0648137 0.0668632 0.2435841 0.4723704 
Diceros_bicornis    0.0075117 0.0000000 0.0641473 0.0644831 0.0672149 0.2447869 0.4772202 
Equus_asinus        0.0637986 0.0641473 0.0000000 0.0022950 0.0048898 0.2515148 0.4645184 
Equus_quagga        0.0648137 0.0644831 0.0022950 0.0000000 0.0060529 0.2505868 0.4626356 
Equus_caballus      0.0668632 0.0672149 0.0048898 0.0060529 0.0000000 0.2498354 0.4607332 
Canis_lupus         0.2435841 0.2447869 0.2515148 0.2505868 0.2498354 0.0000000 0.3571776 
Bos_taurus          0.4723704 0.4772202 0.4645184 0.4626356 0.4607332 0.3571776 0.0000000 
