7
Ceratotherium_simum 0.0000000 0.0307374 0.3097592 0.3044043 0.3018344 0.5524860 1.0073804 
Diceros_bicornis    0.0307374 0.0000000 0.3101568 0.3047951 0.3072625 0.5494607 1.0150291 
Equus_asinus        0.3097592 0.3101568 0.0000000 0.0142716 0.0251476 0.5775954 0.9784188 
Equus_quagga        0.3044043 0.3047951 0.0142716 0.0000000 0.0215035 0.5664715 0.9599693 
Equus_caballus      0.3018344 0.3072625 0.0251476 0.0215035 0.0000000 0.5700311 0.9849178 
Canis_lupus         0.5524860 0.5494607 0.5775954 0.5664715 0.5700311 0.0000000 1.1393088 
Bos_taurus          1.0073804 1.0150291 0.9784188 0.9599693 0.9849178 1.1393088 0.0000000 
