7
Ceratotherium_simum 0.0000000 0.0051299 0.1320878 0.1296807 0.1297444 0.1909559 0.2051030 
Diceros_bicornis    0.0051299 0.0000000 0.1342493 0.1318302 0.1318956 0.1890631 0.2031914 
Equus_asinus        0.1320878 0.1342493 0.0000000 0.0051555 0.0191019 0.2170612 0.2166839 
Equus_quagga        0.1296807 0.1318302 0.0051555 0.0000000 0.0172995 0.2142326 0.2182317 
Equus_caballus      0.1297444 0.1318956 0.0191019 0.0172995 0.0000000 0.2164394 0.2253473 
Canis_lupus         0.1909559 0.1890631 0.2170612 0.2142326 0.2164394 0.0000000 0.2414022 
Bos_taurus          0.2051030 0.2031914 0.2166839 0.2182317 0.2253473 0.2414022 0.0000000 
