7
Ceratotherium_simum 0.0000000 0.0064332 0.0554048 0.0520660 0.0540238 0.0814939 0.0902394 
Diceros_bicornis    0.0064332 0.0000000 0.0553860 0.0520490 0.0540056 0.0834365 0.0884419 
Equus_asinus        0.0554048 0.0553860 0.0000000 0.0025499 0.0038509 0.0930606 0.0787495 
Equus_quagga        0.0520660 0.0520490 0.0025499 0.0000000 0.0012761 0.0892234 0.0787495 
Equus_caballus      0.0540238 0.0540056 0.0038509 0.0012761 0.0000000 0.0917510 0.0811539 
Canis_lupus         0.0814939 0.0834365 0.0930606 0.0892234 0.0917510 0.0000000 0.0774160 
Bos_taurus          0.0902394 0.0884419 0.0787495 0.0787495 0.0811539 0.0774160 0.0000000 
