7
Ceratotherium_simum 0.0000000 0.3989926 0.0709767 0.0772152 0.0678514 0.1028327 0.5359898 
Diceros_bicornis    0.3989926 0.0000000 0.4610744 0.4720579 0.4553140 0.4677552 0.5983712 
Equus_asinus        0.0709767 0.4610744 0.0000000 0.0171108 0.0142407 0.1189414 0.5220315 
Equus_quagga        0.0772152 0.4720579 0.0171108 0.0000000 0.0200164 0.1190805 0.5422201 
Equus_caballus      0.0678514 0.4553140 0.0142407 0.0200164 0.0000000 0.1190821 0.5168530 
Canis_lupus         0.1028327 0.4677552 0.1189414 0.1190805 0.1190821 0.0000000 0.5847441 
Bos_taurus          0.5359898 0.5983712 0.5220315 0.5422201 0.5168530 0.5847441 0.0000000 
