7
Ceratotherium_simum 0.0000000 0.0021818 0.0268002 0.0268002 0.0244865 0.0594319 0.0335925 
Diceros_bicornis    0.0021818 0.0000000 0.0268002 0.0268002 0.0244865 0.0594319 0.0335925 
Equus_asinus        0.0268002 0.0268002 0.0000000 0.0000010 0.0043776 0.0668471 0.0429648 
Equus_quagga        0.0268002 0.0268002 0.0000010 0.0000000 0.0043776 0.0668471 0.0429648 
Equus_caballus      0.0244865 0.0244865 0.0043776 0.0043776 0.0000000 0.0643218 0.0405675 
Canis_lupus         0.0594319 0.0594319 0.0668471 0.0668471 0.0643218 0.0000000 0.0593227 
Bos_taurus          0.0335925 0.0335925 0.0429648 0.0429648 0.0405675 0.0593227 0.0000000 
