7
Ceratotherium_simum 0.0000000 0.0171399 0.1235767 0.1244404 0.1217944 0.3119836 0.2850137 
Diceros_bicornis    0.0171399 0.0000000 0.1188225 0.1187968 0.1161797 0.2997754 0.2760585 
Equus_asinus        0.1235767 0.1188225 0.0000000 0.0047403 0.0088262 0.3143814 0.2763308 
Equus_quagga        0.1244404 0.1187968 0.0047403 0.0000000 0.0081426 0.3143106 0.2791295 
Equus_caballus      0.1217944 0.1161797 0.0088262 0.0081426 0.0000000 0.3130194 0.2769206 
Canis_lupus         0.3119836 0.2997754 0.3143814 0.3143106 0.3130194 0.0000000 0.3825170 
Bos_taurus          0.2850137 0.2760585 0.2763308 0.2791295 0.2769206 0.3825170 0.0000000 
