7
Ceratotherium_simum 0.0000000 0.0161944 0.2415638 0.2301874 0.2443693 0.4102130 0.2923403 
Diceros_bicornis    0.0161944 0.0000000 0.2561050 0.2443693 0.2592070 0.4454617 0.3088111 
Equus_asinus        0.2415638 0.2561050 0.0000000 0.0079902 0.0412676 0.4767454 0.3088111 
Equus_quagga        0.2301874 0.2443693 0.0079902 0.0000000 0.0328020 0.4923961 0.3216720 
Equus_caballus      0.2443693 0.2592070 0.0412676 0.0328020 0.0000000 0.5183852 0.3173571 
Canis_lupus         0.4102130 0.4454617 0.4767454 0.4923961 0.5183852 0.0000000 0.4384741 
Bos_taurus          0.2923403 0.3088111 0.3088111 0.3216720 0.3173571 0.4384741 0.0000000 
