7
Ceratotherium_simum 0.0000000 0.0047592 0.1401457 0.1372488 0.1401457 0.2088363 0.1823375 
Diceros_bicornis    0.0047592 0.0000000 0.1341561 0.1312862 0.1341561 0.2021346 0.1759420 
Equus_asinus        0.1401457 0.1341561 0.0000000 0.0071338 0.0095286 0.2323953 0.1989976 
Equus_quagga        0.1372488 0.1312862 0.0071338 0.0000000 0.0071338 0.2291195 0.1958621 
Equus_caballus      0.1401457 0.1341561 0.0095286 0.0071338 0.0000000 0.2323953 0.1989976 
Canis_lupus         0.2088363 0.2021346 0.2323953 0.2291195 0.2323953 0.0000000 0.2367724 
Bos_taurus          0.1823375 0.1759420 0.1989976 0.1958621 0.1989976 0.2367724 0.0000000 
