7
Ceratotherium_simum 0.0000000 0.0000010 0.0078852 0.0078852 0.0065673 0.0118502 0.0558087 
Diceros_bicornis    0.0000010 0.0000000 0.0078852 0.0078852 0.0065673 0.0118502 0.0558087 
Equus_asinus        0.0078852 0.0078852 0.0000000 0.0000010 0.0013077 0.0185139 0.0614100 
Equus_quagga        0.0078852 0.0078852 0.0000010 0.0000000 0.0013077 0.0185139 0.0614100 
Equus_caballus      0.0065673 0.0065673 0.0013077 0.0013077 0.0000000 0.0171815 0.0600093 
Canis_lupus         0.0118502 0.0118502 0.0185139 0.0185139 0.0171815 0.0000000 0.0543377 
Bos_taurus          0.0558087 0.0558087 0.0614100 0.0614100 0.0600093 0.0543377 0.0000000 
