7
Ceratotherium_simum 0.0000000 0.0289767 0.3386141 0.3381341 0.3332237 0.4571561 0.3234270 
Diceros_bicornis    0.0289767 0.0000000 0.3499150 0.3494112 0.3444421 0.4744241 0.3166403 
Equus_asinus        0.3386141 0.3499150 0.0000000 0.0094050 0.0125706 0.6182011 0.4754824 
Equus_quagga        0.3381341 0.3494112 0.0094050 0.0000000 0.0157335 0.6120003 0.4807403 
Equus_caballus      0.3332237 0.3444421 0.0125706 0.0157335 0.0000000 0.6115341 0.4580211 
Canis_lupus         0.4571561 0.4744241 0.6182011 0.6120003 0.6115341 0.0000000 0.4705942 
Bos_taurus          0.3234270 0.3166403 0.4754824 0.4807403 0.4580211 0.4705942 0.0000000 
