7
Ceratotherium_simum 0.0000000 0.0033460 0.0817810 0.0817810 0.0817164 3.5351368 0.1151795 
Diceros_bicornis    0.0033460 0.0000000 0.0810287 0.0810287 0.0809648 3.5908663 0.1159426 
Equus_asinus        0.0817810 0.0810287 0.0000000 0.0006665 0.0040167 3.7447377 0.1166830 
Equus_quagga        0.0817810 0.0810287 0.0006665 0.0000000 0.0046890 3.7610851 0.1175449 
Equus_caballus      0.0817164 0.0809648 0.0040167 0.0046890 0.0000000 3.7003563 0.1157254 
Canis_lupus         3.5351368 3.5908663 3.7447377 3.7610851 3.7003563 0.0000000 3.5384406 
Bos_taurus          0.1151795 0.1159426 0.1166830 0.1175449 0.1157254 3.5384406 0.0000000 
