7
Ceratotherium_simum 0.0000000 0.0027019 0.0763869 0.0763869 0.0734623 0.2651158 0.1504575 
Diceros_bicornis    0.0027019 0.0000000 0.0793243 0.0793243 0.0763920 0.2688812 0.1536220 
Equus_asinus        0.0763869 0.0793243 0.0000000 0.0000010 0.0027063 0.2393025 0.1511660 
Equus_quagga        0.0763869 0.0793243 0.0000010 0.0000000 0.0027063 0.2393025 0.1511660 
Equus_caballus      0.0734623 0.0763920 0.0027063 0.0027063 0.0000000 0.2356508 0.1480055 
Canis_lupus         0.2651158 0.2688812 0.2393025 0.2393025 0.2356508 0.0000000 0.3239494 
Bos_taurus          0.1504575 0.1536220 0.1511660 0.1511660 0.1480055 0.3239494 0.0000000 
