7
Ceratotherium_simum 0.0000000 0.0196850 0.1603981 0.1584917 0.1585074 0.3343376 0.4411906 
Diceros_bicornis    0.0196850 0.0000000 0.1638878 0.1619560 0.1619722 0.3346749 0.4446498 
Equus_asinus        0.1603981 0.1638878 0.0000000 0.0034275 0.0080218 0.3438594 0.4663650 
Equus_quagga        0.1584917 0.1619560 0.0034275 0.0000000 0.0068534 0.3407639 0.4621911 
Equus_caballus      0.1585074 0.1619722 0.0080218 0.0068534 0.0000000 0.3443326 0.4622269 
Canis_lupus         0.3343376 0.3346749 0.3438594 0.3407639 0.3443326 0.0000000 0.5072710 
Bos_taurus          0.4411906 0.4446498 0.4663650 0.4621911 0.4622269 0.5072710 0.0000000 
