7
Ceratotherium_simum 0.0000000 0.1763705 0.2810969 0.0659796 0.2830145 0.1124810 0.1510217 
Diceros_bicornis    0.1763705 0.0000000 0.0672823 0.2636012 0.0664281 0.3300731 0.4026813 
Equus_asinus        0.2810969 0.0672823 0.0000000 0.1958722 0.0051391 0.3748670 0.4307434 
Equus_quagga        0.0659796 0.2636012 0.1958722 0.0000000 0.2000542 0.1249661 0.1629312 
Equus_caballus      0.2830145 0.0664281 0.0051391 0.2000542 0.0000000 0.3737365 0.4353771 
Canis_lupus         0.1124810 0.3300731 0.3748670 0.1249661 0.3737365 0.0000000 0.1416039 
Bos_taurus          0.1510217 0.4026813 0.4307434 0.1629312 0.4353771 0.1416039 0.0000000 
