7
Ceratotherium_simum 0.0000000 0.0188813 0.2176282 0.2032847 0.2030792 0.5130905 0.5722145 
Diceros_bicornis    0.0188813 0.0000000 0.1933332 0.1795151 0.1793337 0.4985683 0.5544241 
Equus_asinus        0.2176282 0.1933332 0.0000000 0.0189025 0.0236580 0.4604098 0.4777702 
Equus_quagga        0.2032847 0.1795151 0.0189025 0.0000000 0.0140260 0.4382764 0.4695686 
Equus_caballus      0.2030792 0.1793337 0.0236580 0.0140260 0.0000000 0.4378124 0.4531312 
Canis_lupus         0.5130905 0.4985683 0.4604098 0.4382764 0.4378124 0.0000000 0.5987372 
Bos_taurus          0.5722145 0.5544241 0.4777702 0.4695686 0.4531312 0.5987372 0.0000000 
