7
Ceratotherium_simum 0.0000000 0.0638281 0.1469646 0.1485504 0.1542497 0.2440706 0.2498539 
Diceros_bicornis    0.0638281 0.0000000 0.0895139 0.0908978 0.0960922 0.1782779 0.1852837 
Equus_asinus        0.1469646 0.0895139 0.0000000 0.0034538 0.0127342 0.1719239 0.1945592 
Equus_quagga        0.1485504 0.0908978 0.0034538 0.0000000 0.0139138 0.1703381 0.1962680 
Equus_caballus      0.1542497 0.0960922 0.0127342 0.0139138 0.0000000 0.1735614 0.1992292 
Canis_lupus         0.2440706 0.1782779 0.1719239 0.1703381 0.1735614 0.0000000 0.2121769 
Bos_taurus          0.2498539 0.1852837 0.1945592 0.1962680 0.1992292 0.2121769 0.0000000 
