7
Ceratotherium_simum 0.0000000 0.0254046 0.2152202 0.2239365 0.2216329 0.3806664 0.4561837 
Diceros_bicornis    0.0254046 0.0000000 0.2167588 0.2254125 0.2231297 0.3806354 0.4607110 
Equus_asinus        0.2152202 0.2167588 0.0000000 0.0115134 0.0092377 0.3838493 0.4898307 
Equus_quagga        0.2239365 0.2254125 0.0115134 0.0000000 0.0162038 0.3933745 0.4998407 
Equus_caballus      0.2216329 0.2231297 0.0092377 0.0162038 0.0000000 0.3847141 0.4877527 
Canis_lupus         0.3806664 0.3806354 0.3838493 0.3933745 0.3847141 0.0000000 0.4818601 
Bos_taurus          0.4561837 0.4607110 0.4898307 0.4998407 0.4877527 0.4818601 0.0000000 
