7
Ceratotherium_simum 0.0000000 0.0101915 0.0846213 0.0907853 0.0829829 0.2317269 0.2226057 
Diceros_bicornis    0.0101915 0.0000000 0.0777017 0.0837373 0.0761045 0.2256770 0.2169890 
Equus_asinus        0.0846213 0.0777017 0.0000000 0.0068683 0.0056990 0.2354729 0.2131187 
Equus_quagga        0.0907853 0.0837373 0.0068683 0.0000000 0.0103792 0.2427550 0.2242277 
Equus_caballus      0.0829829 0.0761045 0.0056990 0.0103792 0.0000000 0.2391795 0.2182803 
Canis_lupus         0.2317269 0.2256770 0.2354729 0.2427550 0.2391795 0.0000000 0.3351552 
Bos_taurus          0.2226057 0.2169890 0.2131187 0.2242277 0.2182803 0.3351552 0.0000000 
