7
Ceratotherium_simum 0.0000000 0.0437445 0.2216683 0.2093339 0.2220141 0.7153154 0.8945156 
Diceros_bicornis    0.0437445 0.0000000 0.1937424 0.1821113 0.1940242 0.6982072 0.8990453 
Equus_asinus        0.2216683 0.1937424 0.0000000 0.0181596 0.0372026 0.5595342 0.8108783 
Equus_quagga        0.2093339 0.1821113 0.0181596 0.0000000 0.0306196 0.5396797 0.7776754 
Equus_caballus      0.2220141 0.1940242 0.0372026 0.0306196 0.0000000 0.5262260 0.8050293 
Canis_lupus         0.7153154 0.6982072 0.5595342 0.5396797 0.5262260 0.0000000 0.8245123 
Bos_taurus          0.8945156 0.8990453 0.8108783 0.7776754 0.8050293 0.8245123 0.0000000 
