7
Ceratotherium_simum 0.0000000 0.0166577 0.0859655 0.0824516 0.0798682 0.1482103 0.1701656 
Diceros_bicornis    0.0166577 0.0000000 0.0889894 0.0853979 0.0847612 0.1564927 0.1672499 
Equus_asinus        0.0859655 0.0889894 0.0000000 0.0051716 0.0081610 0.1404502 0.1432674 
Equus_quagga        0.0824516 0.0853979 0.0051716 0.0000000 0.0073944 0.1325370 0.1386279 
Equus_caballus      0.0798682 0.0847612 0.0081610 0.0073944 0.0000000 0.1314443 0.1397713 
Canis_lupus         0.1482103 0.1564927 0.1404502 0.1325370 0.1314443 0.0000000 0.1623473 
Bos_taurus          0.1701656 0.1672499 0.1432674 0.1386279 0.1397713 0.1623473 0.0000000 
