7
Ceratotherium_simum 0.0000000 0.3488185 0.1943085 0.1865620 0.1889437 0.3534941 0.9732552 
Diceros_bicornis    0.3488185 0.0000000 0.5570428 0.5520837 0.5572245 0.7930323 0.9762031 
Equus_asinus        0.1943085 0.5570428 0.0000000 0.0091869 0.0143409 0.3780679 1.0342904 
Equus_quagga        0.1865620 0.5520837 0.0091869 0.0000000 0.0133019 0.3731746 1.0257599 
Equus_caballus      0.1889437 0.5572245 0.0143409 0.0133019 0.0000000 0.3712342 1.0340612 
Canis_lupus         0.3534941 0.7930323 0.3780679 0.3731746 0.3712342 0.0000000 1.1480017 
Bos_taurus          0.9732552 0.9762031 1.0342904 1.0257599 1.0340612 1.1480017 0.0000000 
