7
Ceratotherium_simum 0.0000000 0.0074940 0.0491833 0.0492433 0.0477632 0.0901973 0.1094379 
Diceros_bicornis    0.0074940 0.0000000 0.0494725 0.0495330 0.0480492 0.0884634 0.1109595 
Equus_asinus        0.0491833 0.0494725 0.0000000 0.0029581 0.0066048 0.0892479 0.1095745 
Equus_quagga        0.0492433 0.0495330 0.0029581 0.0000000 0.0061795 0.0892534 0.1106549 
Equus_caballus      0.0477632 0.0480492 0.0066048 0.0061795 0.0000000 0.0886697 0.1096934 
Canis_lupus         0.0901973 0.0884634 0.0892479 0.0892534 0.0886697 0.0000000 0.1281621 
Bos_taurus          0.1094379 0.1109595 0.1095745 0.1106549 0.1096934 0.1281621 0.0000000 
