7
Ceratotherium_simum 0.0000000 0.0160404 0.1855673 0.2818138 0.1810503 0.2356967 0.2248652 
Diceros_bicornis    0.0160404 0.0000000 0.1847448 0.2861041 0.1849139 0.2330794 0.2152560 
Equus_asinus        0.1855673 0.1847448 0.0000000 0.0747284 0.0047269 0.2836801 0.2763759 
Equus_quagga        0.2818138 0.2861041 0.0747284 0.0000000 0.0727663 0.3770407 0.3801952 
Equus_caballus      0.1810503 0.1849139 0.0047269 0.0727663 0.0000000 0.2875199 0.2787698 
Canis_lupus         0.2356967 0.2330794 0.2836801 0.3770407 0.2875199 0.0000000 0.2550709 
Bos_taurus          0.2248652 0.2152560 0.2763759 0.3801952 0.2787698 0.2550709 0.0000000 
