7
Ceratotherium_simum 0.0000000 0.0193505 0.1319777 0.1319777 0.1244887 0.1919520 0.6195605 
Diceros_bicornis    0.0193505 0.0000000 0.1557934 0.1557934 0.1480547 0.2187468 0.6412621 
Equus_asinus        0.1319777 0.1557934 0.0000000 0.0000010 0.0063703 0.2445502 0.6595267 
Equus_quagga        0.1319777 0.1557934 0.0000010 0.0000000 0.0063703 0.2445502 0.6595267 
Equus_caballus      0.1244887 0.1480547 0.0063703 0.0063703 0.0000000 0.2357834 0.6462438 
Canis_lupus         0.1919520 0.2187468 0.2445502 0.2445502 0.2357834 0.0000000 0.7452521 
Bos_taurus          0.6195605 0.6412621 0.6595267 0.6595267 0.6462438 0.7452521 0.0000000 
