7
Ceratotherium_simum 0.0000000 0.0219275 0.1529000 0.1612158 0.1617129 0.3491287 0.3455474 
Diceros_bicornis    0.0219275 0.0000000 0.1526196 0.1609160 0.1614109 0.3480705 0.3479096 
Equus_asinus        0.1529000 0.1526196 0.0000000 0.0108169 0.0196122 0.3609065 0.3302618 
Equus_quagga        0.1612158 0.1609160 0.0108169 0.0000000 0.0218630 0.3663291 0.3411366 
Equus_caballus      0.1617129 0.1614109 0.0196122 0.0218630 0.0000000 0.3724919 0.3493966 
Canis_lupus         0.3491287 0.3480705 0.3609065 0.3663291 0.3724919 0.0000000 0.4888253 
Bos_taurus          0.3455474 0.3479096 0.3302618 0.3411366 0.3493966 0.4888253 0.0000000 
