7
Ceratotherium_simum 0.0000000 0.0128233 0.3509812 0.2076046 0.3558520 0.2691967 0.2953107 
Diceros_bicornis    0.0128233 0.0000000 0.3468609 0.2042484 0.3517019 0.2586281 0.2987824 
Equus_asinus        0.3509812 0.3468609 0.0000000 0.1268128 0.0077028 0.4745320 0.4196950 
Equus_quagga        0.2076046 0.2042484 0.1268128 0.0000000 0.1363555 0.2990810 0.2499403 
Equus_caballus      0.3558520 0.3517019 0.0077028 0.1363555 0.0000000 0.4716361 0.4252107 
Canis_lupus         0.2691967 0.2586281 0.4745320 0.2990810 0.4716361 0.0000000 0.3406547 
Bos_taurus          0.2953107 0.2987824 0.4196950 0.2499403 0.4252107 0.3406547 0.0000000 
