7
Ceratotherium_simum 0.0000000 0.0038690 0.4746630 0.4701807 0.4677178 0.3997693 0.3415600 
Diceros_bicornis    0.0038690 0.0000000 0.5133387 0.5086544 0.5062363 0.4096268 0.3486318 
Equus_asinus        0.4746630 0.5133387 0.0000000 0.0056989 0.0114459 0.6966726 0.7140334 
Equus_quagga        0.4701807 0.5086544 0.0056989 0.0000000 0.0095185 0.6903484 0.7079235 
Equus_caballus      0.4677178 0.5062363 0.0114459 0.0095185 0.0000000 0.6967563 0.7141149 
Canis_lupus         0.3997693 0.4096268 0.6966726 0.6903484 0.6967563 0.0000000 0.5365301 
Bos_taurus          0.3415600 0.3486318 0.7140334 0.7079235 0.7141149 0.5365301 0.0000000 
