7
Ceratotherium_simum 0.0000000 0.0218662 0.2106756 0.2081972 0.2021642 0.4498343 0.4041836 
Diceros_bicornis    0.0218662 0.0000000 0.2120211 0.2107936 0.2034980 0.4600266 0.4090113 
Equus_asinus        0.2106756 0.2120211 0.0000000 0.0078776 0.0188318 0.4702524 0.4416748 
Equus_quagga        0.2081972 0.2107936 0.0078776 0.0000000 0.0158350 0.4679812 0.4369625 
Equus_caballus      0.2021642 0.2034980 0.0188318 0.0158350 0.0000000 0.4669717 0.4340541 
Canis_lupus         0.4498343 0.4600266 0.4702524 0.4679812 0.4669717 0.0000000 0.5331527 
Bos_taurus          0.4041836 0.4090113 0.4416748 0.4369625 0.4340541 0.5331527 0.0000000 
