7
Ceratotherium_simum 0.0000000 0.0357544 0.2580391 0.2580391 0.2797746 0.2843435 0.3396623 
Diceros_bicornis    0.0357544 0.0000000 0.2651239 0.2651239 0.2868018 0.2715034 0.3254790 
Equus_asinus        0.2580391 0.2651239 0.0000000 0.0000010 0.0139986 0.3457420 0.3256072 
Equus_quagga        0.2580391 0.2651239 0.0000010 0.0000000 0.0139986 0.3457420 0.3256072 
Equus_caballus      0.2797746 0.2868018 0.0139986 0.0139986 0.0000000 0.3717598 0.3281981 
Canis_lupus         0.2843435 0.2715034 0.3457420 0.3457420 0.3717598 0.0000000 0.2909294 
Bos_taurus          0.3396623 0.3254790 0.3256072 0.3256072 0.3281981 0.2909294 0.0000000 
