7
Ceratotherium_simum 0.0000000 0.0542460 0.0866789 0.0928487 0.0897639 0.2714707 0.2732250 
Diceros_bicornis    0.0542460 0.0000000 0.1399922 0.1445347 0.1436916 0.2647512 0.3286214 
Equus_asinus        0.0866789 0.1399922 0.0000000 0.0047165 0.0055027 0.2635983 0.2705463 
Equus_quagga        0.0928487 0.1445347 0.0047165 0.0000000 0.0086969 0.2655275 0.2762450 
Equus_caballus      0.0897639 0.1436916 0.0055027 0.0086969 0.0000000 0.2683436 0.2736091 
Canis_lupus         0.2714707 0.2647512 0.2635983 0.2655275 0.2683436 0.0000000 0.4124201 
Bos_taurus          0.2732250 0.3286214 0.2705463 0.2762450 0.2736091 0.4124201 0.0000000 
