7
Ceratotherium_simum 0.0000000 0.0287185 0.1837016 0.1837016 0.1853914 0.3427423 0.3372948 
Diceros_bicornis    0.0287185 0.0000000 0.1884444 0.2340046 0.1964965 0.3242662 0.3643238 
Equus_asinus        0.1837016 0.1884444 0.0000000 0.0622327 0.0201562 0.3671154 0.3547746 
Equus_quagga        0.1837016 0.2340046 0.0622327 0.0000000 0.0762648 0.4415681 0.4066596 
Equus_caballus      0.1853914 0.1964965 0.0201562 0.0762648 0.0000000 0.3632553 0.3467195 
Canis_lupus         0.3427423 0.3242662 0.3671154 0.4415681 0.3632553 0.0000000 0.3645548 
Bos_taurus          0.3372948 0.3643238 0.3547746 0.4066596 0.3467195 0.3645548 0.0000000 
