7
Ceratotherium_simum 0.0000000 0.0242470 0.2537377 0.2547125 0.2362748 0.4582861 0.4974172 
Diceros_bicornis    0.0242470 0.0000000 0.2426286 0.2428607 0.2300511 0.4377230 0.4975209 
Equus_asinus        0.2537377 0.2426286 0.0000000 0.0053894 0.0357400 0.4778037 0.5178955 
Equus_quagga        0.2547125 0.2428607 0.0053894 0.0000000 0.0362791 0.4795647 0.5269633 
Equus_caballus      0.2362748 0.2300511 0.0357400 0.0362791 0.0000000 0.4645719 0.5202239 
Canis_lupus         0.4582861 0.4377230 0.4778037 0.4795647 0.4645719 0.0000000 0.6567283 
Bos_taurus          0.4974172 0.4975209 0.5178955 0.5269633 0.5202239 0.6567283 0.0000000 
