7
Ceratotherium_simum 0.0000000 0.0231513 0.2407478 0.2423820 0.2389938 0.3759114 0.3556501 
Diceros_bicornis    0.0231513 0.0000000 0.2470625 0.2497725 0.2466651 0.3727555 0.3598279 
Equus_asinus        0.2407478 0.2470625 0.0000000 0.0068689 0.0180918 0.4021752 0.3923705 
Equus_quagga        0.2423820 0.2497725 0.0068689 0.0000000 0.0184847 0.4022833 0.3931818 
Equus_caballus      0.2389938 0.2466651 0.0180918 0.0184847 0.0000000 0.4039832 0.3963416 
Canis_lupus         0.3759114 0.3727555 0.4021752 0.4022833 0.4039832 0.0000000 0.4070261 
Bos_taurus          0.3556501 0.3598279 0.3923705 0.3931818 0.3963416 0.4070261 0.0000000 
