7
Ceratotherium_simum 0.0000000 0.0087648 0.0885763 0.0885299 0.0859197 0.3668349 0.2175365 
Diceros_bicornis    0.0087648 0.0000000 0.0877327 0.0876868 0.0850772 0.3651949 0.2156262 
Equus_asinus        0.0885763 0.0877327 0.0000000 0.0015836 0.0063539 0.3986398 0.2382963 
Equus_quagga        0.0885299 0.0876868 0.0015836 0.0000000 0.0063510 0.3982733 0.2381340 
Equus_caballus      0.0859197 0.0850772 0.0063539 0.0063510 0.0000000 0.3927107 0.2382690 
Canis_lupus         0.3668349 0.3651949 0.3986398 0.3982733 0.3927107 0.0000000 0.4908598 
Bos_taurus          0.2175365 0.2156262 0.2382963 0.2381340 0.2382690 0.4908598 0.0000000 
