7
Ceratotherium_simum 0.0000000 0.0132118 0.0662607 0.0680579 0.0754939 0.1075777 0.1134099 
Diceros_bicornis    0.0132118 0.0000000 0.0669160 0.0687334 0.0762529 0.1118330 0.1226526 
Equus_asinus        0.0662607 0.0669160 0.0000000 0.0038811 0.0092332 0.0890481 0.0922090 
Equus_quagga        0.0680579 0.0687334 0.0038811 0.0000000 0.0133124 0.0948500 0.0924257 
Equus_caballus      0.0754939 0.0762529 0.0092332 0.0133124 0.0000000 0.0969492 0.1008014 
Canis_lupus         0.1075777 0.1118330 0.0890481 0.0948500 0.0969492 0.0000000 0.1246284 
Bos_taurus          0.1134099 0.1226526 0.0922090 0.0924257 0.1008014 0.1246284 0.0000000 
