7
Ceratotherium_simum 0.0000000 0.0035259 0.0522259 0.0522200 0.0512523 0.1070561 0.1121413 
Diceros_bicornis    0.0035259 0.0000000 0.0544280 0.0544218 0.0534569 0.1050688 0.1130774 
Equus_asinus        0.0522259 0.0544280 0.0000000 0.0017475 0.0035239 0.1039831 0.0976302 
Equus_quagga        0.0522200 0.0544218 0.0017475 0.0000000 0.0035235 0.1024176 0.0976175 
Equus_caballus      0.0512523 0.0534569 0.0035239 0.0035235 0.0000000 0.0999405 0.0966885 
Canis_lupus         0.1070561 0.1050688 0.1039831 0.1024176 0.0999405 0.0000000 0.1126630 
Bos_taurus          0.1121413 0.1130774 0.0976302 0.0976175 0.0966885 0.1126630 0.0000000 
