7
Ceratotherium_simum 0.0000000 0.0072328 0.1508218 0.1357152 0.1443705 0.2318433 0.4856657 
Diceros_bicornis    0.0072328 0.0000000 0.1465036 0.1314687 0.1400811 0.2294200 0.4790038 
Equus_asinus        0.1508218 0.1465036 0.0000000 0.0163741 0.0200718 0.2337773 0.4865987 
Equus_quagga        0.1357152 0.1314687 0.0163741 0.0000000 0.0145390 0.2215638 0.4714674 
Equus_caballus      0.1443705 0.1400811 0.0200718 0.0145390 0.0000000 0.2313764 0.4833119 
Canis_lupus         0.2318433 0.2294200 0.2337773 0.2215638 0.2313764 0.0000000 0.5654581 
Bos_taurus          0.4856657 0.4790038 0.4865987 0.4714674 0.4833119 0.5654581 0.0000000 
