7
Ceratotherium_simum 0.0000000 0.0415677 0.1192412 0.1192412 0.1181533 0.2139378 0.1992575 
Diceros_bicornis    0.0415677 0.0000000 0.1417754 0.1417754 0.1407093 0.2460342 0.2216360 
Equus_asinus        0.1192412 0.1417754 0.0000000 0.0024761 0.0087233 0.2215980 0.2173947 
Equus_quagga        0.1192412 0.1417754 0.0024761 0.0000000 0.0062212 0.2182211 0.2173947 
Equus_caballus      0.1181533 0.1407093 0.0087233 0.0062212 0.0000000 0.2206598 0.2164570 
Canis_lupus         0.2139378 0.2460342 0.2215980 0.2182211 0.2206598 0.0000000 0.2284675 
Bos_taurus          0.1992575 0.2216360 0.2173947 0.2173947 0.2164570 0.2284675 0.0000000 
