7
Ceratotherium_simum 0.0000000 0.0161125 0.1821577 0.2001914 0.1821114 0.3869570 0.3117427 
Diceros_bicornis    0.0161125 0.0000000 0.1857027 0.2037948 0.1856557 0.3713514 0.3117919 
Equus_asinus        0.1821577 0.1857027 0.0000000 0.0082101 0.0079499 0.3759728 0.3315117 
Equus_quagga        0.2001914 0.2037948 0.0082101 0.0000000 0.0165082 0.3931961 0.3401091 
Equus_caballus      0.1821114 0.1856557 0.0079499 0.0165082 0.0000000 0.3758663 0.3314220 
Canis_lupus         0.3869570 0.3713514 0.3759728 0.3931961 0.3758663 0.0000000 0.4497579 
Bos_taurus          0.3117427 0.3117919 0.3315117 0.3401091 0.3314220 0.4497579 0.0000000 
