7
Ceratotherium_simum 0.0000000 0.0140305 0.0467583 0.0499949 0.0508385 0.0822238 0.0907113 
Diceros_bicornis    0.0140305 0.0000000 0.1810863 0.1870723 0.1912844 0.3551206 0.3549031 
Equus_asinus        0.0467583 0.1810863 0.0000000 0.0018554 0.0118898 0.6057104 0.6456786 
Equus_quagga        0.0499949 0.1870723 0.0018554 0.0000000 0.0098298 0.5887307 0.6276539 
Equus_caballus      0.0508385 0.1912844 0.0118898 0.0098298 0.0000000 0.5846625 0.6768508 
Canis_lupus         0.0822238 0.3551206 0.6057104 0.5887307 0.5846625 0.0000000 0.8376014 
Bos_taurus          0.0907113 0.3549031 0.6456786 0.6276539 0.6768508 0.8376014 0.0000000 
