7
Ceratotherium_simum 0.0000000 0.0212847 0.1870749 0.1870749 0.2292795 0.2979525 0.3685340 
Diceros_bicornis    0.0212847 0.0000000 0.1713920 0.1724144 0.2072601 0.3141751 0.3750763 
Equus_asinus        0.1870749 0.1713920 0.0000000 0.0040087 0.0283654 0.2683709 0.3200586 
Equus_quagga        0.1870749 0.1724144 0.0040087 0.0000000 0.0326179 0.2756368 0.3200586 
Equus_caballus      0.2292795 0.2072601 0.0283654 0.0326179 0.0000000 0.2841278 0.3514624 
Canis_lupus         0.2979525 0.3141751 0.2683709 0.2756368 0.2841278 0.0000000 0.3750570 
Bos_taurus          0.3685340 0.3750763 0.3200586 0.3200586 0.3514624 0.3750570 0.0000000 
