7
Ceratotherium_simum 0.0000000 0.0132654 0.1145194 0.2236264 0.1161778 0.2482003 0.1831939 
Diceros_bicornis    0.0132654 0.0000000 0.1165433 0.2209300 0.1162478 0.2455892 0.1870502 
Equus_asinus        0.1145194 0.1165433 0.0000000 0.0796483 0.0065770 0.2594107 0.1890367 
Equus_quagga        0.2236264 0.2209300 0.0796483 0.0000000 0.0886140 0.3864216 0.3077382 
Equus_caballus      0.1161778 0.1162478 0.0065770 0.0886140 0.0000000 0.2566533 0.1906719 
Canis_lupus         0.2482003 0.2455892 0.2594107 0.3864216 0.2566533 0.0000000 0.2851437 
Bos_taurus          0.1831939 0.1870502 0.1890367 0.3077382 0.1906719 0.2851437 0.0000000 
