7
Ceratotherium_simum 0.0000000 0.0107774 0.1422913 0.1416446 0.1404821 0.1927938 0.9989056 
Diceros_bicornis    0.0107774 0.0000000 0.1377500 0.1371074 0.1346893 0.1863417 0.9945826 
Equus_asinus        0.1422913 0.1377500 0.0000000 0.0058880 0.0107519 0.1972420 1.0063043 
Equus_quagga        0.1416446 0.1371074 0.0058880 0.0000000 0.0102105 0.1958260 1.0027516 
Equus_caballus      0.1404821 0.1346893 0.0107519 0.0102105 0.0000000 0.1937403 1.0019017 
Canis_lupus         0.1927938 0.1863417 0.1972420 0.1958260 0.1937403 0.0000000 1.0215447 
Bos_taurus          0.9989056 0.9945826 1.0063043 1.0027516 1.0019017 1.0215447 0.0000000 
