7
Ceratotherium_simum 0.0000000 0.0345358 0.1477103 0.1477103 0.1676892 0.2323753 0.3040749 
Diceros_bicornis    0.0345358 0.0000000 0.1279814 0.1279814 0.1476182 0.2098515 0.2801034 
Equus_asinus        0.1477103 0.1279814 0.0000000 0.0000010 0.0168535 0.2413487 0.2309621 
Equus_quagga        0.1477103 0.1279814 0.0000010 0.0000000 0.0168535 0.2413487 0.2309621 
Equus_caballus      0.1676892 0.1476182 0.0168535 0.0168535 0.0000000 0.2639853 0.2535996 
Canis_lupus         0.2323753 0.2098515 0.2413487 0.2413487 0.2639853 0.0000000 0.3401057 
Bos_taurus          0.3040749 0.2801034 0.2309621 0.2309621 0.2535996 0.3401057 0.0000000 
