7
Ceratotherium_simum 0.0000000 0.0088274 0.0552391 0.0552391 0.0551656 0.0807258 0.1178088 
Diceros_bicornis    0.0088274 0.0000000 0.0568891 0.0568891 0.0568128 0.0843708 0.1199964 
Equus_asinus        0.0552391 0.0568891 0.0000000 0.0016550 0.0058504 0.0824460 0.1255645 
Equus_quagga        0.0552391 0.0568891 0.0016550 0.0000000 0.0066975 0.0806668 0.1228757 
Equus_caballus      0.0551656 0.0568128 0.0058504 0.0066975 0.0000000 0.0811331 0.1226504 
Canis_lupus         0.0807258 0.0843708 0.0824460 0.0806668 0.0811331 0.0000000 0.1148219 
Bos_taurus          0.1178088 0.1199964 0.1255645 0.1228757 0.1226504 0.1148219 0.0000000 
