7
Ceratotherium_simum 0.0000000 0.0128109 0.2724797 0.1265114 0.3144471 0.2356346 0.4239702 
Diceros_bicornis    0.0128109 0.0000000 0.2784024 0.1298731 0.3199977 0.2408524 0.4295969 
Equus_asinus        0.2724797 0.2784024 0.0000000 0.1397276 0.3646111 0.4039455 0.2548433 
Equus_quagga        0.1265114 0.1298731 0.1397276 0.0000000 0.1718688 0.2287317 0.3962443 
Equus_caballus      0.3144471 0.3199977 0.3646111 0.1718688 0.0000000 0.4184859 0.6882666 
Canis_lupus         0.2356346 0.2408524 0.4039455 0.2287317 0.4184859 0.0000000 0.4798201 
Bos_taurus          0.4239702 0.4295969 0.2548433 0.3962443 0.6882666 0.4798201 0.0000000 
