7
Ceratotherium_simum 0.0000000 0.1727533 0.3798983 0.3885872 0.3312159 0.5016211 0.7814777 
Diceros_bicornis    0.1727533 0.0000000 0.1738316 0.1801028 0.4605436 0.2548900 0.4654681 
Equus_asinus        0.3798983 0.1738316 0.0000000 0.0047418 0.3742761 0.2863007 0.5366017 
Equus_quagga        0.3885872 0.1801028 0.0047418 0.0000000 0.3826048 0.2900308 0.5422118 
Equus_caballus      0.3312159 0.4605436 0.3742761 0.3826048 0.0000000 0.7176694 1.1374929 
Canis_lupus         0.5016211 0.2548900 0.2863007 0.2900308 0.7176694 0.0000000 0.4637327 
Bos_taurus          0.7814777 0.4654681 0.5366017 0.5422118 1.1374929 0.4637327 0.0000000 
