7
Ceratotherium_simum 0.0000000 0.0084897 0.2003276 0.2003276 0.1938842 0.4245883 0.3860887 
Diceros_bicornis    0.0084897 0.0000000 0.1987298 0.1987298 0.1923617 0.4191294 0.3819078 
Equus_asinus        0.2003276 0.1987298 0.0000000 0.0084327 0.0214142 0.3728001 0.3446546 
Equus_quagga        0.2003276 0.1987298 0.0084327 0.0000000 0.0214142 0.3728001 0.3564713 
Equus_caballus      0.1938842 0.1923617 0.0214142 0.0214142 0.0000000 0.3641304 0.3486272 
Canis_lupus         0.4245883 0.4191294 0.3728001 0.3728001 0.3641304 0.0000000 0.4477795 
Bos_taurus          0.3860887 0.3819078 0.3446546 0.3564713 0.3486272 0.4477795 0.0000000 
