7
Ceratotherium_simum 0.0000000 0.0084971 0.1301790 0.1302402 0.1326413 0.1929109 0.2957273 
Diceros_bicornis    0.0084971 0.0000000 0.1327389 0.1339850 0.1352138 0.1945636 0.3015727 
Equus_asinus        0.1301790 0.1327389 0.0000000 0.0054835 0.0074882 0.2444023 0.3339314 
Equus_quagga        0.1302402 0.1339850 0.0054835 0.0000000 0.0069894 0.2452204 0.3314660 
Equus_caballus      0.1326413 0.1352138 0.0074882 0.0069894 0.0000000 0.2416151 0.3334805 
Canis_lupus         0.1929109 0.1945636 0.2444023 0.2452204 0.2416151 0.0000000 0.3339196 
Bos_taurus          0.2957273 0.3015727 0.3339314 0.3314660 0.3334805 0.3339196 0.0000000 
