7
Ceratotherium_simum 0.0000000 0.0117406 0.0660304 0.0652623 0.0646254 0.1203379 0.1783512 
Diceros_bicornis    0.0117406 0.0000000 0.0663724 0.0650892 0.0649475 0.1130522 0.1755726 
Equus_asinus        0.0660304 0.0663724 0.0000000 0.0026990 0.0062681 0.1352336 0.1899580 
Equus_quagga        0.0652623 0.0650892 0.0026990 0.0000000 0.0063529 0.1389212 0.1891034 
Equus_caballus      0.0646254 0.0649475 0.0062681 0.0063529 0.0000000 0.1368044 0.1873628 
Canis_lupus         0.1203379 0.1130522 0.1352336 0.1389212 0.1368044 0.0000000 0.2162804 
Bos_taurus          0.1783512 0.1755726 0.1899580 0.1891034 0.1873628 0.2162804 0.0000000 
