7
Ceratotherium_simum 0.0000000 0.0213699 0.2743643 0.2678802 0.2570987 0.5385009 0.5111312 
Diceros_bicornis    0.0213699 0.0000000 0.2727274 0.2662580 0.2555018 0.5267881 0.5184430 
Equus_asinus        0.2743643 0.2727274 0.0000000 0.0142422 0.0354864 0.6132955 0.5745577 
Equus_quagga        0.2678802 0.2662580 0.0142422 0.0000000 0.0263829 0.6042923 0.5644017 
Equus_caballus      0.2570987 0.2555018 0.0354864 0.0263829 0.0000000 0.6134931 0.6071663 
Canis_lupus         0.5385009 0.5267881 0.6132955 0.6042923 0.6134931 0.0000000 0.7294283 
Bos_taurus          0.5111312 0.5184430 0.5745577 0.5644017 0.6071663 0.7294283 0.0000000 
