7
Ceratotherium_simum 0.0000000 0.0117397 0.2988506 0.3174422 0.2988506 0.4874818 0.5395206 
Diceros_bicornis    0.0117397 0.0000000 0.3176495 0.3366334 0.3176495 0.5115048 0.5642979 
Equus_asinus        0.2988506 0.3176495 0.0000000 0.0116951 0.0000010 0.4680235 0.5521680 
Equus_quagga        0.3174422 0.3366334 0.0116951 0.0000000 0.0116951 0.4936218 0.5795817 
Equus_caballus      0.2988506 0.3176495 0.0000010 0.0116951 0.0000000 0.4680235 0.5521680 
Canis_lupus         0.4874818 0.5115048 0.4680235 0.4936218 0.4680235 0.0000000 0.6066968 
Bos_taurus          0.5395206 0.5642979 0.5521680 0.5795817 0.5521680 0.6066968 0.0000000 
