7
Ceratotherium_simum 0.0000000 0.0291707 0.2133113 0.2110349 0.2156766 0.3926213 0.3998143 
Diceros_bicornis    0.0291707 0.0000000 0.2094909 0.2072260 0.2118433 0.3843052 0.4052696 
Equus_asinus        0.2133113 0.2094909 0.0000000 0.0136323 0.0198044 0.4370372 0.4267044 
Equus_quagga        0.2110349 0.2072260 0.0136323 0.0000000 0.0182477 0.4336236 0.4276603 
Equus_caballus      0.2156766 0.2118433 0.0198044 0.0182477 0.0000000 0.4406573 0.4295727 
Canis_lupus         0.3926213 0.3843052 0.4370372 0.4336236 0.4406573 0.0000000 0.5078602 
Bos_taurus          0.3998143 0.4052696 0.4267044 0.4276603 0.4295727 0.5078602 0.0000000 
