7
Ceratotherium_simum 0.0000000 0.0038505 0.0234971 0.0229294 0.0240651 0.0454880 0.0543933 
Diceros_bicornis    0.0038505 0.0000000 0.0229096 0.0223428 0.0234768 0.0448630 0.0537525 
Equus_asinus        0.0234971 0.0229096 0.0000000 0.0005480 0.0016465 0.0479187 0.0556800 
Equus_quagga        0.0229294 0.0223428 0.0005480 0.0000000 0.0010973 0.0473306 0.0550852 
Equus_caballus      0.0240651 0.0234768 0.0016465 0.0010973 0.0000000 0.0485073 0.0562752 
Canis_lupus         0.0454880 0.0448630 0.0479187 0.0473306 0.0485073 0.0000000 0.0598290 
Bos_taurus          0.0543933 0.0537525 0.0556800 0.0550852 0.0562752 0.0598290 0.0000000 
