7
Ceratotherium_simum 0.0000000 0.0056750 0.1734231 0.1718948 0.1692406 0.5626894 0.3470629 
Diceros_bicornis    0.0056750 0.0000000 0.1705344 0.1690023 0.1663636 0.5587680 0.3395278 
Equus_asinus        0.1734231 0.1705344 0.0000000 0.0112405 0.0240907 0.5665731 0.3678968 
Equus_quagga        0.1718948 0.1690023 0.0112405 0.0000000 0.0241095 0.5689035 0.3652292 
Equus_caballus      0.1692406 0.1663636 0.0240907 0.0241095 0.0000000 0.5784910 0.3647548 
Canis_lupus         0.5626894 0.5587680 0.5665731 0.5689035 0.5784910 0.0000000 0.6650166 
Bos_taurus          0.3470629 0.3395278 0.3678968 0.3652292 0.3647548 0.6650166 0.0000000 
