7
Ceratotherium_simum 0.0000000 0.4776294 0.1769908 0.1786702 0.1785291 0.2188296 0.2532037 
Diceros_bicornis    0.4776294 0.0000000 0.3965985 0.3989726 0.4004874 0.4391172 0.0981754 
Equus_asinus        0.1769908 0.3965985 0.0000000 0.0012460 0.0049901 0.1220764 0.1202348 
Equus_quagga        0.1786702 0.3989726 0.0012460 0.0000000 0.0062448 0.1221607 0.1221004 
Equus_caballus      0.1785291 0.4004874 0.0049901 0.0062448 0.0000000 0.1220513 0.1255452 
Canis_lupus         0.2188296 0.4391172 0.1220764 0.1221607 0.1220513 0.0000000 0.1450934 
Bos_taurus          0.2532037 0.0981754 0.1202348 0.1221004 0.1255452 0.1450934 0.0000000 
