7
Ceratotherium_simum 0.0000000 0.0244554 0.1476457 0.1492238 0.1543392 0.3293058 0.2882380 
Diceros_bicornis    0.0244554 0.0000000 0.1381532 0.1397200 0.1447770 0.3150395 0.2772790 
Equus_asinus        0.1476457 0.1381532 0.0000000 0.0040187 0.0080670 0.2957885 0.2565655 
Equus_quagga        0.1492238 0.1397200 0.0040187 0.0000000 0.0067159 0.3015714 0.2583269 
Equus_caballus      0.1543392 0.1447770 0.0080670 0.0067159 0.0000000 0.3080860 0.2643204 
Canis_lupus         0.3293058 0.3150395 0.2957885 0.3015714 0.3080860 0.0000000 0.4023131 
Bos_taurus          0.2882380 0.2772790 0.2565655 0.2583269 0.2643204 0.4023131 0.0000000 
