7
Ceratotherium_simum 0.0000000 0.2183770 0.3228811 0.3141833 0.3324974 0.3257791 0.4289913 
Diceros_bicornis    0.2183770 0.0000000 0.1545442 0.1485033 0.1573220 0.2423446 0.3276312 
Equus_asinus        0.3228811 0.1545442 0.0000000 0.0061182 0.0324360 0.2807882 0.3428479 
Equus_quagga        0.3141833 0.1485033 0.0061182 0.0000000 0.0311519 0.2736699 0.3352054 
Equus_caballus      0.3324974 0.1573220 0.0324360 0.0311519 0.0000000 0.2846818 0.3387662 
Canis_lupus         0.3257791 0.2423446 0.2807882 0.2736699 0.2846818 0.0000000 0.4291836 
Bos_taurus          0.4289913 0.3276312 0.3428479 0.3352054 0.3387662 0.4291836 0.0000000 
