7
Ceratotherium_simum 0.0000000 0.0257735 0.0761027 0.0761027 0.0832127 0.2015907 0.2948241 
Diceros_bicornis    0.0257735 0.0000000 0.0810533 0.0810533 0.0882300 0.2066462 0.2954165 
Equus_asinus        0.0761027 0.0810533 0.0000000 0.0000010 0.0063279 0.1663803 0.2255027 
Equus_quagga        0.0761027 0.0810533 0.0000010 0.0000000 0.0063279 0.1663803 0.2255027 
Equus_caballus      0.0832127 0.0882300 0.0063279 0.0063279 0.0000000 0.1744541 0.2343723 
Canis_lupus         0.2015907 0.2066462 0.1663803 0.1663803 0.1744541 0.0000000 0.3238892 
Bos_taurus          0.2948241 0.2954165 0.2255027 0.2255027 0.2343723 0.3238892 0.0000000 
