7
Ceratotherium_simum 0.0000000 0.0076417 0.0779413 0.0778472 0.0719993 0.0875642 0.1444681 
Diceros_bicornis    0.0076417 0.0000000 0.0731314 0.0730441 0.0672613 0.0874581 0.1442632 
Equus_asinus        0.0779413 0.0731314 0.0000000 0.0018916 0.0086313 0.1024824 0.1715263 
Equus_quagga        0.0778472 0.0730441 0.0018916 0.0000000 0.0086228 0.1023500 0.1712655 
Equus_caballus      0.0719993 0.0672613 0.0086313 0.0086228 0.0000000 0.0933546 0.1654203 
Canis_lupus         0.0875642 0.0874581 0.1024824 0.1023500 0.0933546 0.0000000 0.1697412 
Bos_taurus          0.1444681 0.1442632 0.1715263 0.1712655 0.1654203 0.1697412 0.0000000 
