6
Ceratotherium_simum 0.0000000 0.0099396 0.0494082 0.0494082 0.0974563 0.1083328 
Diceros_bicornis    0.0099396 0.0000000 0.0470269 0.0470269 0.0945775 0.0998089 
Equus_asinus        0.0494082 0.0470269 0.0000000 0.0000010 0.0979308 0.0962110 
Equus_quagga        0.0494082 0.0470269 0.0000010 0.0000000 0.0979308 0.0962110 
Canis_lupus         0.0974563 0.0945775 0.0979308 0.0979308 0.0000000 0.1454710 
Bos_taurus          0.1083328 0.0998089 0.0962110 0.0962110 0.1454710 0.0000000 
