7
Ceratotherium_simum 0.0000000 0.0092170 0.1273434 0.1313538 0.1313538 0.3329352 0.4545605 
Diceros_bicornis    0.0092170 0.0000000 0.1382052 0.1422967 0.1422967 0.3376127 0.4494415 
Equus_asinus        0.1273434 0.1382052 0.0000000 0.0120931 0.0120931 0.4454278 0.4912874 
Equus_quagga        0.1313538 0.1422967 0.0120931 0.0000000 0.0121242 0.4478855 0.4941304 
Equus_caballus      0.1313538 0.1422967 0.0120931 0.0121242 0.0000000 0.4373720 0.4834546 
Canis_lupus         0.3329352 0.3376127 0.4454278 0.4478855 0.4373720 0.0000000 0.5433680 
Bos_taurus          0.4545605 0.4494415 0.4912874 0.4941304 0.4834546 0.5433680 0.0000000 
