7
Ceratotherium_simum 0.0000000 0.0037160 0.0445212 0.0439651 0.0447603 0.0893034 0.0818029 
Diceros_bicornis    0.0037160 0.0000000 0.0457335 0.0451721 0.0459738 0.0919224 0.0829031 
Equus_asinus        0.0445212 0.0457335 0.0000000 0.0013016 0.0034864 0.0853744 0.0819504 
Equus_quagga        0.0439651 0.0451721 0.0013016 0.0000000 0.0030461 0.0846750 0.0815656 
Equus_caballus      0.0447603 0.0459738 0.0034864 0.0030461 0.0000000 0.0852822 0.0817299 
Canis_lupus         0.0893034 0.0919224 0.0853744 0.0846750 0.0852822 0.0000000 0.1084863 
Bos_taurus          0.0818029 0.0829031 0.0819504 0.0815656 0.0817299 0.1084863 0.0000000 
