7
Ceratotherium_simum 0.0000000 0.0116165 0.0729684 0.0831421 0.0755021 0.1897085 0.1494924 
Diceros_bicornis    0.0116165 0.0000000 0.0676115 0.0776812 0.0701186 0.1772135 0.1432110 
Equus_asinus        0.0729684 0.0676115 0.0000000 0.0092413 0.0023017 0.1746512 0.1669543 
Equus_quagga        0.0831421 0.0776812 0.0092413 0.0000000 0.0069220 0.1861581 0.1669543 
Equus_caballus      0.0755021 0.0701186 0.0023017 0.0069220 0.0000000 0.1775154 0.1698101 
Canis_lupus         0.1897085 0.1772135 0.1746512 0.1861581 0.1775154 0.0000000 0.2597287 
Bos_taurus          0.1494924 0.1432110 0.1669543 0.1669543 0.1698101 0.2597287 0.0000000 
