7
Ceratotherium_simum 0.0000000 0.3277224 0.2382081 0.2382081 0.1162933 0.2573806 0.2653907 
Diceros_bicornis    0.3277224 0.0000000 0.6345499 0.6345499 0.4355605 0.5496853 0.5997838 
Equus_asinus        0.2382081 0.6345499 0.0000000 0.0000010 0.1309200 0.3823088 0.3347319 
Equus_quagga        0.2382081 0.6345499 0.0000010 0.0000000 0.1309200 0.3823088 0.3347319 
Equus_caballus      0.1162933 0.4355605 0.1309200 0.1309200 0.0000000 0.2519467 0.2371161 
Canis_lupus         0.2573806 0.5496853 0.3823088 0.3823088 0.2519467 0.0000000 0.3027599 
Bos_taurus          0.2653907 0.5997838 0.3347319 0.3347319 0.2371161 0.3027599 0.0000000 
