7
Ceratotherium_simum 0.0000000 0.0238487 0.2078905 0.2127972 0.2105115 0.3907270 0.3973546 
Diceros_bicornis    0.0238487 0.0000000 0.2080906 0.2130132 0.2107205 0.3983036 0.3982376 
Equus_asinus        0.2078905 0.2080906 0.0000000 0.0060413 0.0159089 0.4210465 0.4346321 
Equus_quagga        0.2127972 0.2130132 0.0060413 0.0000000 0.0193529 0.4277831 0.4416609 
Equus_caballus      0.2105115 0.2107205 0.0159089 0.0193529 0.0000000 0.4300510 0.4407712 
Canis_lupus         0.3907270 0.3983036 0.4210465 0.4277831 0.4300510 0.0000000 0.5259966 
Bos_taurus          0.3973546 0.3982376 0.4346321 0.4416609 0.4407712 0.5259966 0.0000000 
