7
Ceratotherium_simum 0.0000000 0.0178413 0.1423623 0.1424722 0.1435245 0.2472828 0.2677773 
Diceros_bicornis    0.0178413 0.0000000 0.1393157 0.1394227 0.1404683 0.2435975 0.2654906 
Equus_asinus        0.1423623 0.1393157 0.0000000 0.0047912 0.0063977 0.2664110 0.2694877 
Equus_quagga        0.1424722 0.1394227 0.0047912 0.0000000 0.0064017 0.2678202 0.2674580 
Equus_caballus      0.1435245 0.1404683 0.0063977 0.0064017 0.0000000 0.2680601 0.2710899 
Canis_lupus         0.2472828 0.2435975 0.2664110 0.2678202 0.2680601 0.0000000 0.3200459 
Bos_taurus          0.2677773 0.2654906 0.2694877 0.2674580 0.2710899 0.3200459 0.0000000 
