7
Ceratotherium_simum 0.0000000 0.0020475 0.0201566 0.0187502 0.0208607 0.0394780 0.0402798 
Diceros_bicornis    0.0020475 0.0000000 0.0208630 0.0194552 0.0215678 0.0402057 0.0395536 
Equus_asinus        0.0201566 0.0208630 0.0000000 0.0013649 0.0020483 0.0343445 0.0329267 
Equus_quagga        0.0187502 0.0194552 0.0013649 0.0000000 0.0020486 0.0329143 0.0314981 
Equus_caballus      0.0208607 0.0215678 0.0020483 0.0020486 0.0000000 0.0350603 0.0336419 
Canis_lupus         0.0394780 0.0402057 0.0343445 0.0329143 0.0350603 0.0000000 0.0431133 
Bos_taurus          0.0402798 0.0395536 0.0329267 0.0314981 0.0336419 0.0431133 0.0000000 
