7
Ceratotherium_simum 0.0000000 0.0318256 0.1856375 0.1894955 0.1803784 0.2510081 0.3421508 
Diceros_bicornis    0.0318256 0.0000000 0.2004617 0.2043533 0.1950325 0.2540472 0.3394652 
Equus_asinus        0.1856375 0.2004617 0.0000000 0.0030809 0.0155725 0.3017608 0.3728962 
Equus_quagga        0.1894955 0.2043533 0.0030809 0.0000000 0.0187124 0.3061996 0.3774347 
Equus_caballus      0.1803784 0.1950325 0.0155725 0.0187124 0.0000000 0.2945551 0.3647264 
Canis_lupus         0.2510081 0.2540472 0.3017608 0.3061996 0.2945551 0.0000000 0.3760473 
Bos_taurus          0.3421508 0.3394652 0.3728962 0.3774347 0.3647264 0.3760473 0.0000000 
