7
Ceratotherium_simum 0.0000000 0.0059353 0.0552543 0.0552543 0.0551666 0.0818561 0.1159869 
Diceros_bicornis    0.0059353 0.0000000 0.0552543 0.0552543 0.0551666 0.0818561 0.1159869 
Equus_asinus        0.0552543 0.0552543 0.0000000 0.0000010 0.0118879 0.0818561 0.1271506 
Equus_quagga        0.0552543 0.0552543 0.0000010 0.0000000 0.0118879 0.0818561 0.1271506 
Equus_caballus      0.0551666 0.0551666 0.0118879 0.0118879 0.0000000 0.0882938 0.1338971 
Canis_lupus         0.0818561 0.0818561 0.0818561 0.0818561 0.0882938 0.0000000 0.1236799 
Bos_taurus          0.1159869 0.1159869 0.1271506 0.1271506 0.1338971 0.1236799 0.0000000 
