7
Ceratotherium_simum 0.0000000 0.0454718 0.1697977 0.1631957 0.1675772 0.3246171 0.3151566 
Diceros_bicornis    0.0454718 0.0000000 0.2008824 0.1967129 0.2043012 0.3721558 0.3661625 
Equus_asinus        0.1697977 0.2008824 0.0000000 0.0097872 0.0186468 0.3108391 0.2955120 
Equus_quagga        0.1631957 0.1967129 0.0097872 0.0000000 0.0131242 0.3046044 0.2924140 
Equus_caballus      0.1675772 0.2043012 0.0186468 0.0131242 0.0000000 0.3143604 0.2993356 
Canis_lupus         0.3246171 0.3721558 0.3108391 0.3046044 0.3143604 0.0000000 0.3565551 
Bos_taurus          0.3151566 0.3661625 0.2955120 0.2924140 0.2993356 0.3565551 0.0000000 
