7
Ceratotherium_simum 0.0000000 0.0043314 0.0702341 0.0544312 0.0598388 0.1397469 0.1371754 
Diceros_bicornis    0.0043314 0.0000000 0.0649799 0.0493907 0.0547091 0.1332561 0.1308126 
Equus_asinus        0.0702341 0.0649799 0.0000000 0.0176501 0.0246135 0.1178801 0.1604148 
Equus_quagga        0.0544312 0.0493907 0.0176501 0.0000000 0.0065301 0.1288849 0.1462315 
Equus_caballus      0.0598388 0.0547091 0.0246135 0.0065301 0.0000000 0.1284031 0.1521700 
Canis_lupus         0.1397469 0.1332561 0.1178801 0.1288849 0.1284031 0.0000000 0.2359605 
Bos_taurus          0.1371754 0.1308126 0.1604148 0.1462315 0.1521700 0.2359605 0.0000000 
