7
Ceratotherium_simum 0.0000000 0.0163915 0.3061839 0.3077920 0.3154064 0.3906935 0.3848211 
Diceros_bicornis    0.0163915 0.0000000 0.3144253 0.3160266 0.3238029 0.4046823 0.3981740 
Equus_asinus        0.3061839 0.3144253 0.0000000 0.0048650 0.0163816 0.4416222 0.4404187 
Equus_quagga        0.3077920 0.3160266 0.0048650 0.0000000 0.0213680 0.4502747 0.4418116 
Equus_caballus      0.3154064 0.3238029 0.0163816 0.0213680 0.0000000 0.4478104 0.4408304 
Canis_lupus         0.3906935 0.4046823 0.4416222 0.4502747 0.4478104 0.0000000 0.3638813 
Bos_taurus          0.3848211 0.3981740 0.4404187 0.4418116 0.4408304 0.3638813 0.0000000 
