7
Ceratotherium_simum 0.0000000 0.0039446 0.0235633 0.0231362 0.0242840 0.1594761 0.1000030 
Diceros_bicornis    0.0039446 0.0000000 0.0221261 0.0216839 0.0228433 0.1550887 0.0999996 
Equus_asinus        0.0235633 0.0221261 0.0000000 0.0006617 0.0019656 0.1561960 0.0999230 
Equus_quagga        0.0231362 0.0216839 0.0006617 0.0000000 0.0013249 0.1562941 0.0993945 
Equus_caballus      0.0242840 0.0228433 0.0019656 0.0013249 0.0000000 0.1551047 0.0989932 
Canis_lupus         0.1594761 0.1550887 0.1561960 0.1562941 0.1551047 0.0000000 0.1662115 
Bos_taurus          0.1000030 0.0999996 0.0999230 0.0993945 0.0989932 0.1662115 0.0000000 
