7
Ceratotherium_simum 0.0000000 0.0100585 0.0863435 0.0894022 0.0899517 0.1422655 0.3258620 
Diceros_bicornis    0.0100585 0.0000000 0.0894162 0.0901159 0.0942708 0.1407059 0.3284355 
Equus_asinus        0.0863435 0.0894162 0.0000000 0.0052301 0.0076234 0.1338767 0.3356643 
Equus_quagga        0.0894022 0.0901159 0.0052301 0.0000000 0.0090699 0.1346474 0.3394538 
Equus_caballus      0.0899517 0.0942708 0.0076234 0.0090699 0.0000000 0.1392507 0.3413358 
Canis_lupus         0.1422655 0.1407059 0.1338767 0.1346474 0.1392507 0.0000000 0.3542810 
Bos_taurus          0.3258620 0.3284355 0.3356643 0.3394538 0.3413358 0.3542810 0.0000000 
