7
Ceratotherium_simum 0.0000000 0.0280339 0.0689046 0.0673640 0.0673526 0.1011307 0.1307727 
Diceros_bicornis    0.0280339 0.0000000 0.0424069 0.0385855 0.0410637 0.0694499 0.1024049 
Equus_asinus        0.0689046 0.0424069 0.0000000 0.0031793 0.0010541 0.0857571 0.1145532 
Equus_quagga        0.0673640 0.0385855 0.0031793 0.0000000 0.0021102 0.0811422 0.1141481 
Equus_caballus      0.0673526 0.0410637 0.0010541 0.0021102 0.0000000 0.0840734 0.1126078 
Canis_lupus         0.1011307 0.0694499 0.0857571 0.0811422 0.0840734 0.0000000 0.1326303 
Bos_taurus          0.1307727 0.1024049 0.1145532 0.1141481 0.1126078 0.1326303 0.0000000 
