7
Ceratotherium_simum 0.0000000 0.0128193 0.0876913 0.0897582 0.0898497 0.2237517 0.2004089 
Diceros_bicornis    0.0128193 0.0000000 0.0880541 0.0867224 0.0874894 0.2657175 0.1951454 
Equus_asinus        0.0876913 0.0880541 0.0000000 0.0035993 0.0108642 0.2634946 0.2067665 
Equus_quagga        0.0897582 0.0867224 0.0035993 0.0000000 0.0096512 0.2608797 0.2050163 
Equus_caballus      0.0898497 0.0874894 0.0108642 0.0096512 0.0000000 0.2629259 0.2077840 
Canis_lupus         0.2237517 0.2657175 0.2634946 0.2608797 0.2629259 0.0000000 0.3336460 
Bos_taurus          0.2004089 0.1951454 0.2067665 0.2050163 0.2077840 0.3336460 0.0000000 
