7
Ceratotherium_simum 0.0000000 0.0121556 0.0498523 0.0532234 0.0523628 0.0919767 0.0930424 
Diceros_bicornis    0.0121556 0.0000000 0.0582026 0.0581768 0.0590299 0.0973077 0.1012215 
Equus_asinus        0.0498523 0.0582026 0.0000000 0.0027985 0.0049378 0.1000255 0.1107669 
Equus_quagga        0.0532234 0.0581768 0.0027985 0.0000000 0.0063613 0.0999767 0.1127366 
Equus_caballus      0.0523628 0.0590299 0.0049378 0.0063613 0.0000000 0.1009321 0.1116977 
Canis_lupus         0.0919767 0.0973077 0.1000255 0.0999767 0.1009321 0.0000000 0.1136185 
Bos_taurus          0.0930424 0.1012215 0.1107669 0.1127366 0.1116977 0.1136185 0.0000000 
