7
Ceratotherium_simum 0.0000000 0.0208702 0.1021496 0.1077380 0.1024563 0.2025947 0.3321495 
Diceros_bicornis    0.0208702 0.0000000 0.1042626 0.1062352 0.1009438 0.1991536 0.3287099 
Equus_asinus        0.1021496 0.1042626 0.0000000 0.0111484 0.0159950 0.2151583 0.3327630 
Equus_quagga        0.1077380 0.1062352 0.0111484 0.0000000 0.0144001 0.2176512 0.3310356 
Equus_caballus      0.1024563 0.1009438 0.0159950 0.0144001 0.0000000 0.2159392 0.3231982 
Canis_lupus         0.2025947 0.1991536 0.2151583 0.2176512 0.2159392 0.0000000 0.3377738 
Bos_taurus          0.3321495 0.3287099 0.3327630 0.3310356 0.3231982 0.3377738 0.0000000 
