7
Ceratotherium_simum 0.0000000 0.0037280 0.0735539 0.0743412 0.0786682 0.1029072 0.1341240 
Diceros_bicornis    0.0037280 0.0000000 0.0727178 0.0735040 0.0770145 0.1006879 0.1327846 
Equus_asinus        0.0735539 0.0727178 0.0000000 0.0018670 0.0050092 0.1299130 0.1654485 
Equus_quagga        0.0743412 0.0735040 0.0018670 0.0000000 0.0043786 0.1270169 0.1644369 
Equus_caballus      0.0786682 0.0770145 0.0050092 0.0043786 0.0000000 0.1337872 0.1705439 
Canis_lupus         0.1029072 0.1006879 0.1299130 0.1270169 0.1337872 0.0000000 0.1527450 
Bos_taurus          0.1341240 0.1327846 0.1654485 0.1644369 0.1705439 0.1527450 0.0000000 
