7
Ceratotherium_simum 0.0000000 0.0081906 0.0618599 0.0958999 0.2242327 0.2096768 0.2932828 
Diceros_bicornis    0.0081906 0.0000000 0.0697475 0.0697351 0.1697839 0.2208057 0.2925380 
Equus_asinus        0.0618599 0.0697475 0.0000000 0.0343941 0.1744558 0.2141510 0.2982389 
Equus_quagga        0.0958999 0.0697351 0.0343941 0.0000000 0.1803051 0.2544745 0.3441100 
Equus_caballus      0.2242327 0.1697839 0.1744558 0.1803051 0.0000000 0.4419755 0.5288350 
Canis_lupus         0.2096768 0.2208057 0.2141510 0.2544745 0.4419755 0.0000000 0.2446079 
Bos_taurus          0.2932828 0.2925380 0.2982389 0.3441100 0.5288350 0.2446079 0.0000000 
