7
Ceratotherium_simum 0.0000000 0.0093856 0.1835361 0.1907665 0.1777749 0.3640934 0.4421969 
Diceros_bicornis    0.0093856 0.0000000 0.1964971 0.2039514 0.1906550 0.3819995 0.4617453 
Equus_asinus        0.1835361 0.1964971 0.0000000 0.0141127 0.0046579 0.3632115 0.3638459 
Equus_quagga        0.1907665 0.2039514 0.0141127 0.0000000 0.0093859 0.3737160 0.3743695 
Equus_caballus      0.1777749 0.1906550 0.0046579 0.0093859 0.0000000 0.3566379 0.3572661 
Canis_lupus         0.3640934 0.3819995 0.3632115 0.3737160 0.3566379 0.0000000 0.4195725 
Bos_taurus          0.4421969 0.4617453 0.3638459 0.3743695 0.3572661 0.4195725 0.0000000 
