7
Ceratotherium_simum 0.0000000 0.0027300 0.0335506 0.0322914 0.0281763 0.0626744 0.1198809 
Diceros_bicornis    0.0027300 0.0000000 0.0346142 0.0333433 0.0292112 0.0638466 0.1213191 
Equus_asinus        0.0335506 0.0346142 0.0000000 0.0027362 0.0045806 0.0685503 0.1181304 
Equus_quagga        0.0322914 0.0333433 0.0027362 0.0000000 0.0036359 0.0668954 0.1133275 
Equus_caballus      0.0281763 0.0292112 0.0045806 0.0036359 0.0000000 0.0644948 0.1133275 
Canis_lupus         0.0626744 0.0638466 0.0685503 0.0668954 0.0644948 0.0000000 0.1303487 
Bos_taurus          0.1198809 0.1213191 0.1181304 0.1133275 0.1133275 0.1303487 0.0000000 
