7
Ceratotherium_simum 0.0000000 0.0080408 0.1388976 0.1377426 0.1375052 0.2265043 0.2199181 
Diceros_bicornis    0.0080408 0.0000000 0.1350941 0.1339502 0.1337212 0.2265625 0.2138367 
Equus_asinus        0.1388976 0.1350941 0.0000000 0.0088950 0.0088840 0.2647397 0.2590038 
Equus_quagga        0.1377426 0.1339502 0.0088950 0.0000000 0.0097002 0.2675881 0.2619080 
Equus_caballus      0.1375052 0.1337212 0.0088840 0.0097002 0.0000000 0.2699869 0.2627604 
Canis_lupus         0.2265043 0.2265625 0.2647397 0.2675881 0.2699869 0.0000000 0.2642690 
Bos_taurus          0.2199181 0.2138367 0.2590038 0.2619080 0.2627604 0.2642690 0.0000000 
