7
Ceratotherium_simum 0.0000000 0.0165511 0.1280886 0.1224482 0.1284857 0.3255411 0.2414879 
Diceros_bicornis    0.0165511 0.0000000 0.1383211 0.1326139 0.1387584 0.3320208 0.2493006 
Equus_asinus        0.1280886 0.1383211 0.0000000 0.0098767 0.0182253 0.3410804 0.2655470 
Equus_quagga        0.1224482 0.1326139 0.0098767 0.0000000 0.0148991 0.3393427 0.2637342 
Equus_caballus      0.1284857 0.1387584 0.0182253 0.0148991 0.0000000 0.3501321 0.2713234 
Canis_lupus         0.3255411 0.3320208 0.3410804 0.3393427 0.3501321 0.0000000 0.3740753 
Bos_taurus          0.2414879 0.2493006 0.2655470 0.2637342 0.2713234 0.3740753 0.0000000 
