7
Ceratotherium_simum 0.0000000 0.0076087 0.1110049 0.1196538 0.2130455 0.1598546 0.2554504 
Diceros_bicornis    0.0076087 0.0000000 0.1081886 0.1168176 0.2095100 0.1568870 0.2521669 
Equus_asinus        0.1110049 0.1081886 0.0000000 0.0075967 0.0817268 0.1540281 0.2592656 
Equus_quagga        0.1196538 0.1168176 0.0075967 0.0000000 0.0754532 0.1510658 0.2593246 
Equus_caballus      0.2130455 0.2095100 0.0817268 0.0754532 0.0000000 0.2548231 0.3027917 
Canis_lupus         0.1598546 0.1568870 0.1540281 0.1510658 0.2548231 0.0000000 0.2151159 
Bos_taurus          0.2554504 0.2521669 0.2592656 0.2593246 0.3027917 0.2151159 0.0000000 
