7
Ceratotherium_simum 0.0000000 0.0051884 0.1572216 0.1539667 0.1588700 0.2389026 0.3949811 
Diceros_bicornis    0.0051884 0.0000000 0.1592861 0.1560143 0.1609433 0.2396264 0.3985699 
Equus_asinus        0.1572216 0.1592861 0.0000000 0.0025730 0.0103501 0.2335477 0.3923622 
Equus_quagga        0.1539667 0.1560143 0.0025730 0.0000000 0.0077488 0.2300219 0.3923622 
Equus_caballus      0.1588700 0.1609433 0.0103501 0.0077488 0.0000000 0.2353489 0.3949670 
Canis_lupus         0.2389026 0.2396264 0.2335477 0.2300219 0.2353489 0.0000000 0.4221349 
Bos_taurus          0.3949811 0.3985699 0.3923622 0.3923622 0.3949670 0.4221349 0.0000000 
