7
Ceratotherium_simum 0.0000000 0.0026407 0.0364674 0.0345157 0.0356783 0.0855468 0.1084944 
Diceros_bicornis    0.0026407 0.0000000 0.0385400 0.0367287 0.0377305 0.0868257 0.1090752 
Equus_asinus        0.0364674 0.0385400 0.0000000 0.0013515 0.0039954 0.0850878 0.1073605 
Equus_quagga        0.0345157 0.0367287 0.0013515 0.0000000 0.0036139 0.0849480 0.1086028 
Equus_caballus      0.0356783 0.0377305 0.0039954 0.0036139 0.0000000 0.0854129 0.1077655 
Canis_lupus         0.0855468 0.0868257 0.0850878 0.0849480 0.0854129 0.0000000 0.1002277 
Bos_taurus          0.1084944 0.1090752 0.1073605 0.1086028 0.1077655 0.1002277 0.0000000 
