7
Ceratotherium_simum 0.0000000 0.0130873 0.1158659 0.1081083 0.1081083 0.1868729 0.2088655 
Diceros_bicornis    0.0130873 0.0000000 0.1237525 0.1159191 0.1159191 0.1955413 0.2175457 
Equus_asinus        0.1158659 0.1237525 0.0000000 0.0064723 0.0064723 0.2336067 0.1907014 
Equus_quagga        0.1081083 0.1159191 0.0064723 0.0000000 0.0000010 0.2336093 0.1823987 
Equus_caballus      0.1081083 0.1159191 0.0064723 0.0000010 0.0000000 0.2336093 0.1823987 
Canis_lupus         0.1868729 0.1955413 0.2336067 0.2336093 0.2336093 0.0000000 0.2727015 
Bos_taurus          0.2088655 0.2175457 0.1907014 0.1823987 0.1823987 0.2727015 0.0000000 
