7
Ceratotherium_simum 0.0000000 0.0064552 0.1171870 0.0336845 0.1125813 0.1814734 0.0881943 
Diceros_bicornis    0.0064552 0.0000000 0.1112153 0.0290480 0.1067648 0.1707092 0.0802094 
Equus_asinus        0.1171870 0.1112153 0.0000000 0.0708951 0.0065940 0.1693082 0.1779735 
Equus_quagga        0.0336845 0.0290480 0.0708951 0.0000000 0.0745679 0.1929243 0.0869870 
Equus_caballus      0.1125813 0.1067648 0.0065940 0.0745679 0.0000000 0.1568548 0.1721406 
Canis_lupus         0.1814734 0.1707092 0.1693082 0.1929243 0.1568548 0.0000000 0.2170913 
Bos_taurus          0.0881943 0.0802094 0.1779735 0.0869870 0.1721406 0.2170913 0.0000000 
