7
Ceratotherium_simum 0.0000000 0.0107632 0.0687765 0.0658439 0.0658439 0.1887466 0.1194864 
Diceros_bicornis    0.0107632 0.0000000 0.0688920 0.0659538 0.0659538 0.1891532 0.1164184 
Equus_asinus        0.0687765 0.0688920 0.0000000 0.0026711 0.0026711 0.1797149 0.1105263 
Equus_quagga        0.0658439 0.0659538 0.0026711 0.0000000 0.0000010 0.1765219 0.1135423 
Equus_caballus      0.0658439 0.0659538 0.0026711 0.0000010 0.0000000 0.1765219 0.1135423 
Canis_lupus         0.1887466 0.1891532 0.1797149 0.1765219 0.1765219 0.0000000 0.2272280 
Bos_taurus          0.1194864 0.1164184 0.1105263 0.1135423 0.1135423 0.2272280 0.0000000 
