7
Ceratotherium_simum 0.0000000 0.0086664 0.0504929 0.0437958 0.0486832 0.0850024 0.1310641 
Diceros_bicornis    0.0086664 0.0000000 0.0528580 0.0460796 0.0519492 0.0844081 0.1314867 
Equus_asinus        0.0504929 0.0528580 0.0000000 0.0067868 0.0037219 0.0821389 0.1233700 
Equus_quagga        0.0437958 0.0460796 0.0067868 0.0000000 0.0091226 0.0820638 0.1228017 
Equus_caballus      0.0486832 0.0519492 0.0037219 0.0091226 0.0000000 0.0836896 0.1204524 
Canis_lupus         0.0850024 0.0844081 0.0821389 0.0820638 0.0836896 0.0000000 0.1432966 
Bos_taurus          0.1310641 0.1314867 0.1233700 0.1228017 0.1204524 0.1432966 0.0000000 
