7
Ceratotherium_simum 0.0000000 0.0103592 0.1070090 0.1070090 0.1070090 0.2010875 0.2443647 
Diceros_bicornis    0.0103592 0.0000000 0.1088092 0.1088092 0.1088092 0.1960324 0.2390717 
Equus_asinus        0.1070090 0.1088092 0.0000000 0.0034276 0.0034276 0.2212457 0.2701146 
Equus_quagga        0.1070090 0.1088092 0.0034276 0.0000000 0.0034276 0.2212457 0.2701146 
Equus_caballus      0.1070090 0.1088092 0.0034276 0.0034276 0.0000000 0.2212457 0.2652310 
Canis_lupus         0.2010875 0.1960324 0.2212457 0.2212457 0.2212457 0.0000000 0.3122983 
Bos_taurus          0.2443647 0.2390717 0.2701146 0.2701146 0.2652310 0.3122983 0.0000000 
