7
Ceratotherium_simum 0.0000000 0.0066149 0.0638022 0.0661179 0.0643979 0.0930374 0.1441915 
Diceros_bicornis    0.0066149 0.0000000 0.0646788 0.0670073 0.0652738 0.0944386 0.1420425 
Equus_asinus        0.0638022 0.0646788 0.0000000 0.0035867 0.0047801 0.0995961 0.1567008 
Equus_quagga        0.0661179 0.0670073 0.0035867 0.0000000 0.0066195 0.1020035 0.1563262 
Equus_caballus      0.0643979 0.0652738 0.0047801 0.0066195 0.0000000 0.1008485 0.1537564 
Canis_lupus         0.0930374 0.0944386 0.0995961 0.1020035 0.1008485 0.0000000 0.1518548 
Bos_taurus          0.1441915 0.1420425 0.1567008 0.1563262 0.1537564 0.1518548 0.0000000 
