7
Ceratotherium_simum 0.0000000 0.0036353 0.0603070 0.0622601 0.0642174 0.0874497 0.0851758 
Diceros_bicornis    0.0036353 0.0000000 0.0603865 0.0623423 0.0643023 0.0875696 0.0852920 
Equus_asinus        0.0603070 0.0603865 0.0000000 0.0018129 0.0036308 0.0629239 0.0588221 
Equus_quagga        0.0622601 0.0623423 0.0018129 0.0000000 0.0054519 0.0649033 0.0607872 
Equus_caballus      0.0642174 0.0643023 0.0036308 0.0054519 0.0000000 0.0629239 0.0627566 
Canis_lupus         0.0874497 0.0875696 0.0629239 0.0649033 0.0629239 0.0000000 0.0770816 
Bos_taurus          0.0851758 0.0852920 0.0588221 0.0607872 0.0627566 0.0770816 0.0000000 
