7
Ceratotherium_simum 0.0000000 0.0076059 0.0903157 0.0913917 0.0929297 0.1523936 0.1714644 
Diceros_bicornis    0.0076059 0.0000000 0.0902561 0.0913315 0.0928688 0.1479916 0.1702815 
Equus_asinus        0.0903157 0.0902561 0.0000000 0.0034142 0.0054802 0.1635385 0.1768580 
Equus_quagga        0.0913917 0.0913315 0.0034142 0.0000000 0.0075547 0.1670836 0.1774804 
Equus_caballus      0.0929297 0.0928688 0.0054802 0.0075547 0.0000000 0.1698575 0.1781392 
Canis_lupus         0.1523936 0.1479916 0.1635385 0.1670836 0.1698575 0.0000000 0.1764762 
Bos_taurus          0.1714644 0.1702815 0.1768580 0.1774804 0.1781392 0.1764762 0.0000000 
