7
Ceratotherium_simum 0.0000000 0.0025950 0.0443557 0.0443557 0.0428276 0.0623237 0.1071413 
Diceros_bicornis    0.0025950 0.0000000 0.0443557 0.0443557 0.0428276 0.0646666 0.1100518 
Equus_asinus        0.0443557 0.0443557 0.0000000 0.0000010 0.0012947 0.0721565 0.1038297 
Equus_quagga        0.0443557 0.0443557 0.0000010 0.0000000 0.0012947 0.0721565 0.1038297 
Equus_caballus      0.0428276 0.0428276 0.0012947 0.0012947 0.0000000 0.0704703 0.1019881 
Canis_lupus         0.0623237 0.0646666 0.0721565 0.0721565 0.0704703 0.0000000 0.0851517 
Bos_taurus          0.1071413 0.1100518 0.1038297 0.1038297 0.1019881 0.0851517 0.0000000 
