7
Ceratotherium_simum 0.0000000 0.0285683 0.1177633 0.1183454 0.1148342 0.2027299 0.2974731 
Diceros_bicornis    0.0285683 0.0000000 0.1382236 0.1388396 0.1352155 0.2255619 0.3230694 
Equus_asinus        0.1177633 0.1382236 0.0000000 0.0052987 0.0155669 0.2372839 0.3305912 
Equus_quagga        0.1183454 0.1388396 0.0052987 0.0000000 0.0155772 0.2362671 0.3305399 
Equus_caballus      0.1148342 0.1352155 0.0155669 0.0155772 0.0000000 0.2322929 0.3260852 
Canis_lupus         0.2027299 0.2255619 0.2372839 0.2362671 0.2322929 0.0000000 0.3472922 
Bos_taurus          0.2974731 0.3230694 0.3305912 0.3305399 0.3260852 0.3472922 0.0000000 
