7
Ceratotherium_simum 0.0000000 0.0091044 0.1251302 0.1261756 0.1234267 0.2449497 0.1967024 
Diceros_bicornis    0.0091044 0.0000000 0.1213760 0.1223882 0.1196779 0.2517553 0.1946067 
Equus_asinus        0.1251302 0.1213760 0.0000000 0.0052133 0.0064862 0.2786447 0.2127636 
Equus_quagga        0.1261756 0.1223882 0.0052133 0.0000000 0.0091906 0.2813905 0.2148079 
Equus_caballus      0.1234267 0.1196779 0.0064862 0.0091906 0.0000000 0.2765535 0.2129857 
Canis_lupus         0.2449497 0.2517553 0.2786447 0.2813905 0.2765535 0.0000000 0.2776606 
Bos_taurus          0.1967024 0.1946067 0.2127636 0.2148079 0.2129857 0.2776606 0.0000000 
