7
Ceratotherium_simum 0.0000000 0.0052676 0.0611950 0.0602340 0.0587642 0.1028974 0.2187005 
Diceros_bicornis    0.0052676 0.0000000 0.0635881 0.0631729 0.0613835 0.1100453 0.2253169 
Equus_asinus        0.0611950 0.0635881 0.0000000 0.0024844 0.0045275 0.1216328 0.2200865 
Equus_quagga        0.0602340 0.0631729 0.0024844 0.0000000 0.0045268 0.1205394 0.2216516 
Equus_caballus      0.0587642 0.0613835 0.0045275 0.0045268 0.0000000 0.1214933 0.2192760 
Canis_lupus         0.1028974 0.1100453 0.1216328 0.1205394 0.1214933 0.0000000 0.2294805 
Bos_taurus          0.2187005 0.2253169 0.2200865 0.2216516 0.2192760 0.2294805 0.0000000 
