7
Ceratotherium_simum 0.0000000 0.0039016 0.0268460 0.0268460 0.0248209 0.0258757 0.0363922 
Diceros_bicornis    0.0039016 0.0000000 0.0227827 0.0227827 0.0207702 0.0218128 0.0343191 
Equus_asinus        0.0268460 0.0227827 0.0000000 0.0000010 0.0019464 0.0248627 0.0374630 
Equus_quagga        0.0268460 0.0227827 0.0000010 0.0000000 0.0019464 0.0248627 0.0374630 
Equus_caballus      0.0248209 0.0207702 0.0019464 0.0019464 0.0000000 0.0228402 0.0353853 
Canis_lupus         0.0258757 0.0218128 0.0248627 0.0248627 0.0228402 0.0000000 0.0229682 
Bos_taurus          0.0363922 0.0343191 0.0374630 0.0374630 0.0353853 0.0229682 0.0000000 
