7
Ceratotherium_simum 0.0000000 0.0291622 0.1828507 0.1913341 0.1919769 0.2761111 0.3894242 
Diceros_bicornis    0.0291622 0.0000000 0.1831947 0.1917030 0.1923451 0.2853799 0.3955767 
Equus_asinus        0.1828507 0.1831947 0.0000000 0.0100645 0.0188046 0.3218516 0.4041978 
Equus_quagga        0.1913341 0.1917030 0.0100645 0.0000000 0.0217912 0.3283897 0.4086012 
Equus_caballus      0.1919769 0.1923451 0.0188046 0.0217912 0.0000000 0.3279966 0.3946901 
Canis_lupus         0.2761111 0.2853799 0.3218516 0.3283897 0.3279966 0.0000000 0.4721719 
Bos_taurus          0.3894242 0.3955767 0.4041978 0.4086012 0.3946901 0.4721719 0.0000000 
