7
Ceratotherium_simum 0.0000000 0.0065018 0.0525524 0.0511763 0.0525620 0.0599820 0.0640970 
Diceros_bicornis    0.0065018 0.0000000 0.0512105 0.0498350 0.0512199 0.0614626 0.0627379 
Equus_asinus        0.0525524 0.0512105 0.0000000 0.0012882 0.0025791 0.0831085 0.0843610 
Equus_quagga        0.0511763 0.0498350 0.0012882 0.0000000 0.0012884 0.0816767 0.0829315 
Equus_caballus      0.0525620 0.0512199 0.0025791 0.0012884 0.0000000 0.0831251 0.0843779 
Canis_lupus         0.0599820 0.0614626 0.0831085 0.0816767 0.0831251 0.0000000 0.0700775 
Bos_taurus          0.0640970 0.0627379 0.0843610 0.0829315 0.0843779 0.0700775 0.0000000 
