7
Ceratotherium_simum 0.0000000 0.0285114 0.2247589 0.2139315 0.2192986 0.3357839 0.4391233 
Diceros_bicornis    0.0285114 0.0000000 0.2194506 0.2086728 0.2140150 0.3173155 0.4325693 
Equus_asinus        0.2247589 0.2194506 0.0000000 0.0079630 0.0202180 0.3547842 0.4087950 
Equus_quagga        0.2139315 0.2086728 0.0079630 0.0000000 0.0120659 0.3481723 0.3955465 
Equus_caballus      0.2192986 0.2140150 0.0202180 0.0120659 0.0000000 0.3481196 0.3954906 
Canis_lupus         0.3357839 0.3173155 0.3547842 0.3481723 0.3481196 0.0000000 0.4158509 
Bos_taurus          0.4391233 0.4325693 0.4087950 0.3955465 0.3954906 0.4158509 0.0000000 
