7
Ceratotherium_simum 0.0000000 0.0426763 0.1802010 0.1766098 0.1768286 0.3154039 0.2747982 
Diceros_bicornis    0.0426763 0.0000000 0.2166305 0.2128243 0.2131102 0.3660592 0.3274813 
Equus_asinus        0.1802010 0.2166305 0.0000000 0.0090257 0.0181682 0.3398224 0.2988516 
Equus_quagga        0.1766098 0.2128243 0.0090257 0.0000000 0.0175592 0.3360453 0.2969021 
Equus_caballus      0.1768286 0.2131102 0.0181682 0.0175592 0.0000000 0.3404699 0.2950613 
Canis_lupus         0.3154039 0.3660592 0.3398224 0.3360453 0.3404699 0.0000000 0.3650936 
Bos_taurus          0.2747982 0.3274813 0.2988516 0.2969021 0.2950613 0.3650936 0.0000000 
