7
Ceratotherium_simum 0.0000000 0.0078262 0.0610408 0.0619117 0.0608721 0.0999410 0.1129794 
Diceros_bicornis    0.0078262 0.0000000 0.0669602 0.0677818 0.0669415 0.1033194 0.1172811 
Equus_asinus        0.0610408 0.0669602 0.0000000 0.0019883 0.0029944 0.1300285 0.1393388 
Equus_quagga        0.0619117 0.0677818 0.0019883 0.0000000 0.0029973 0.1295032 0.1388572 
Equus_caballus      0.0608721 0.0669415 0.0029944 0.0029973 0.0000000 0.1308646 0.1402150 
Canis_lupus         0.0999410 0.1033194 0.1300285 0.1295032 0.1308646 0.0000000 0.1372860 
Bos_taurus          0.1129794 0.1172811 0.1393388 0.1388572 0.1402150 0.1372860 0.0000000 
