7
Ceratotherium_simum 0.0000000 0.1185065 0.2585839 0.2527292 0.2281388 0.3491774 0.3937814 
Diceros_bicornis    0.1185065 0.0000000 0.1378258 0.1307224 0.3626532 0.2202482 0.2609737 
Equus_asinus        0.2585839 0.1378258 0.0000000 0.0059246 0.2071628 0.1980837 0.2545264 
Equus_quagga        0.2527292 0.1307224 0.0059246 0.0000000 0.2094424 0.1953033 0.2462695 
Equus_caballus      0.2281388 0.3626532 0.2071628 0.2094424 0.0000000 0.4507586 0.5095746 
Canis_lupus         0.3491774 0.2202482 0.1980837 0.1953033 0.4507586 0.0000000 0.3069627 
Bos_taurus          0.3937814 0.2609737 0.2545264 0.2462695 0.5095746 0.3069627 0.0000000 
