7
Ceratotherium_simum 0.0000000 0.0044422 0.0890321 0.0890321 0.0862019 0.3451440 0.2339155 
Diceros_bicornis    0.0044422 0.0000000 0.0888086 0.0888086 0.0831825 0.3412266 0.2393070 
Equus_asinus        0.0890321 0.0888086 0.0000000 0.0022097 0.0066698 0.3162982 0.2228188 
Equus_quagga        0.0890321 0.0888086 0.0022097 0.0000000 0.0066698 0.3186020 0.2247828 
Equus_caballus      0.0862019 0.0831825 0.0066698 0.0066698 0.0000000 0.3186020 0.2268327 
Canis_lupus         0.3451440 0.3412266 0.3162982 0.3186020 0.3186020 0.0000000 0.3810576 
Bos_taurus          0.2339155 0.2393070 0.2228188 0.2247828 0.2268327 0.3810576 0.0000000 
