7
Ceratotherium_simum 0.0000000 0.0263824 0.1877914 0.1842681 0.1782882 0.4539842 0.4275014 
Diceros_bicornis    0.0263824 0.0000000 0.1721063 0.1686982 0.1687475 0.4388846 0.4134902 
Equus_asinus        0.1877914 0.1721063 0.0000000 0.0118629 0.0215040 0.4638129 0.3939678 
Equus_quagga        0.1842681 0.1686982 0.0118629 0.0000000 0.0190486 0.4482001 0.3885178 
Equus_caballus      0.1782882 0.1687475 0.0215040 0.0190486 0.0000000 0.4617052 0.3886119 
Canis_lupus         0.4539842 0.4388846 0.4638129 0.4482001 0.4617052 0.0000000 0.6259781 
Bos_taurus          0.4275014 0.4134902 0.3939678 0.3885178 0.3886119 0.6259781 0.0000000 
