7
Ceratotherium_simum 0.0000000 0.0058911 0.0455573 0.0450843 0.0433824 0.0716209 0.1246761 
Diceros_bicornis    0.0058911 0.0000000 0.0435854 0.0431137 0.0414290 0.0693570 0.1234051 
Equus_asinus        0.0455573 0.0435854 0.0000000 0.0012520 0.0037831 0.0734930 0.1323965 
Equus_quagga        0.0450843 0.0431137 0.0012520 0.0000000 0.0033618 0.0735790 0.1318641 
Equus_caballus      0.0433824 0.0414290 0.0037831 0.0033618 0.0000000 0.0715467 0.1287443 
Canis_lupus         0.0716209 0.0693570 0.0734930 0.0735790 0.0715467 0.0000000 0.1319702 
Bos_taurus          0.1246761 0.1234051 0.1323965 0.1318641 0.1287443 0.1319702 0.0000000 
