7
Ceratotherium_simum 0.0000000 0.0018663 0.0453081 0.0448510 0.0461432 0.0828470 0.0646046 
Diceros_bicornis    0.0018663 0.0000000 0.0466376 0.0461789 0.0474730 0.0843429 0.0640077 
Equus_asinus        0.0453081 0.0466376 0.0000000 0.0014933 0.0029927 0.0874877 0.0690094 
Equus_quagga        0.0448510 0.0461789 0.0014933 0.0000000 0.0037468 0.0861647 0.0690376 
Equus_caballus      0.0461432 0.0474730 0.0029927 0.0037468 0.0000000 0.0868000 0.0714021 
Canis_lupus         0.0828470 0.0843429 0.0874877 0.0861647 0.0868000 0.0000000 0.0967735 
Bos_taurus          0.0646046 0.0640077 0.0690094 0.0690376 0.0714021 0.0967735 0.0000000 
