7
Ceratotherium_simum 0.0000000 0.0224104 0.2475885 0.2449213 0.2446541 0.3185879 0.4022986 
Diceros_bicornis    0.0224104 0.0000000 0.2504820 0.2478101 0.2475395 0.3191568 0.4016458 
Equus_asinus        0.2475885 0.2504820 0.0000000 0.0076772 0.0215565 0.3295233 0.3910614 
Equus_quagga        0.2449213 0.2478101 0.0076772 0.0000000 0.0206720 0.3279500 0.3919979 
Equus_caballus      0.2446541 0.2475395 0.0215565 0.0206720 0.0000000 0.3290096 0.3885339 
Canis_lupus         0.3185879 0.3191568 0.3295233 0.3279500 0.3290096 0.0000000 0.3790933 
Bos_taurus          0.4022986 0.4016458 0.3910614 0.3919979 0.3885339 0.3790933 0.0000000 
