7
Ceratotherium_simum 0.0000000 0.0081021 0.1010967 0.1039295 0.0948888 0.2950887 0.3593505 
Diceros_bicornis    0.0081021 0.0000000 0.1041238 0.1069580 0.0978940 0.2987883 0.3634574 
Equus_asinus        0.1010967 0.1041238 0.0000000 0.0080977 0.0053934 0.2814690 0.3685364 
Equus_quagga        0.1039295 0.1069580 0.0080977 0.0000000 0.0080872 0.2844095 0.3632856 
Equus_caballus      0.0948888 0.0978940 0.0053934 0.0080872 0.0000000 0.2771781 0.3593655 
Canis_lupus         0.2950887 0.2987883 0.2814690 0.2844095 0.2771781 0.0000000 0.4384435 
Bos_taurus          0.3593505 0.3634574 0.3685364 0.3632856 0.3593655 0.4384435 0.0000000 
