7
Ceratotherium_simum 0.0000000 0.0122001 0.0674427 0.1223343 0.1218529 0.0987021 0.1373132 
Diceros_bicornis    0.0122001 0.0000000 0.0699013 0.1222852 0.1226406 0.0983762 0.1374719 
Equus_asinus        0.0674427 0.0699013 0.0000000 0.0525671 0.0391621 0.1203630 0.1522812 
Equus_quagga        0.1223343 0.1222852 0.0525671 0.0000000 0.0182559 0.1737074 0.2142920 
Equus_caballus      0.1218529 0.1226406 0.0391621 0.0182559 0.0000000 0.1720187 0.2199580 
Canis_lupus         0.0987021 0.0983762 0.1203630 0.1737074 0.1720187 0.0000000 0.1408585 
Bos_taurus          0.1373132 0.1374719 0.1522812 0.2142920 0.2199580 0.1408585 0.0000000 
