7
Ceratotherium_simum 0.0000000 0.0080460 0.0767686 0.0794965 0.0757603 0.1057478 0.1558156 
Diceros_bicornis    0.0080460 0.0000000 0.0820661 0.0848469 0.0784878 0.1054841 0.1553568 
Equus_asinus        0.0767686 0.0820661 0.0000000 0.0019935 0.0009965 0.1358635 0.1794183 
Equus_quagga        0.0794965 0.0848469 0.0019935 0.0000000 0.0030036 0.1392832 0.1834987 
Equus_caballus      0.0757603 0.0784878 0.0009965 0.0030036 0.0000000 0.1333561 0.1784352 
Canis_lupus         0.1057478 0.1054841 0.1358635 0.1392832 0.1333561 0.0000000 0.2236060 
Bos_taurus          0.1558156 0.1553568 0.1794183 0.1834987 0.1784352 0.2236060 0.0000000 
