7
Ceratotherium_simum 0.0000000 0.0238525 0.2620658 0.2514909 0.2577588 0.2879296 0.3980133 
Diceros_bicornis    0.0238525 0.0000000 0.2665648 0.2559557 0.2622625 0.2834006 0.3928857 
Equus_asinus        0.2620658 0.2665648 0.0000000 0.0067052 0.0203710 0.3597838 0.5475044 
Equus_quagga        0.2514909 0.2559557 0.0067052 0.0000000 0.0134900 0.3539046 0.5317685 
Equus_caballus      0.2577588 0.2622625 0.0203710 0.0134900 0.0000000 0.3492610 0.5132921 
Canis_lupus         0.2879296 0.2834006 0.3597838 0.3539046 0.3492610 0.0000000 0.4168886 
Bos_taurus          0.3980133 0.3928857 0.5475044 0.5317685 0.5132921 0.4168886 0.0000000 
