7
Ceratotherium_simum 0.0000000 0.0115848 0.0942526 0.0740947 0.0740255 0.1319536 0.1763943 
Diceros_bicornis    0.0115848 0.0000000 0.0944056 0.0742139 0.0741407 0.1287090 0.1748201 
Equus_asinus        0.0942526 0.0944056 0.0000000 0.0235096 0.0280302 0.1561314 0.1976812 
Equus_quagga        0.0740947 0.0742139 0.0235096 0.0000000 0.0082091 0.1357270 0.1677181 
Equus_caballus      0.0740255 0.0741407 0.0280302 0.0082091 0.0000000 0.1370919 0.1704950 
Canis_lupus         0.1319536 0.1287090 0.1561314 0.1357270 0.1370919 0.0000000 0.1987921 
Bos_taurus          0.1763943 0.1748201 0.1976812 0.1677181 0.1704950 0.1987921 0.0000000 
