7
Ceratotherium_simum 0.0000000 0.0024777 0.0343418 0.0356519 0.0343641 0.0646289 0.0715516 
Diceros_bicornis    0.0024777 0.0000000 0.0343143 0.0356234 0.0343367 0.0645761 0.0714927 
Equus_asinus        0.0343418 0.0343143 0.0000000 0.0037190 0.0024781 0.0743318 0.0869707 
Equus_quagga        0.0356519 0.0356234 0.0037190 0.0000000 0.0037213 0.0757193 0.0883870 
Equus_caballus      0.0343641 0.0343367 0.0024781 0.0037213 0.0000000 0.0743817 0.0870292 
Canis_lupus         0.0646289 0.0645761 0.0743318 0.0757193 0.0743817 0.0000000 0.0907917 
Bos_taurus          0.0715516 0.0714927 0.0869707 0.0883870 0.0870292 0.0907917 0.0000000 
