7
Ceratotherium_simum 0.0000000 0.0730514 0.5873076 0.5759610 0.5762243 0.6436796 0.4572077 
Diceros_bicornis    0.0730514 0.0000000 0.5040119 0.4954068 0.4551797 0.6666097 0.3929678 
Equus_asinus        0.5873076 0.5040119 0.0000000 0.0253115 0.0735215 0.6103755 0.4524172 
Equus_quagga        0.5759610 0.4954068 0.0253115 0.0000000 0.0880394 0.6187970 0.4435154 
Equus_caballus      0.5762243 0.4551797 0.0735215 0.0880394 0.0000000 0.6089533 0.4242162 
Canis_lupus         0.6436796 0.6666097 0.6103755 0.6187970 0.6089533 0.0000000 0.5441459 
Bos_taurus          0.4572077 0.3929678 0.4524172 0.4435154 0.4242162 0.5441459 0.0000000 
