7
Ceratotherium_simum 0.0000000 0.0065037 0.0737734 0.0737734 0.0719743 0.1537672 0.1286091 
Diceros_bicornis    0.0065037 0.0000000 0.0700773 0.0700773 0.0682893 0.1494840 0.1264678 
Equus_asinus        0.0737734 0.0700773 0.0000000 0.0000010 0.0016185 0.1589069 0.1432473 
Equus_quagga        0.0737734 0.0700773 0.0000010 0.0000000 0.0016185 0.1589069 0.1432473 
Equus_caballus      0.0719743 0.0682893 0.0016185 0.0016185 0.0000000 0.1568619 0.1412617 
Canis_lupus         0.1537672 0.1494840 0.1589069 0.1589069 0.1568619 0.0000000 0.1823858 
Bos_taurus          0.1286091 0.1264678 0.1432473 0.1432473 0.1412617 0.1823858 0.0000000 
