7
Ceratotherium_simum 0.0000000 0.0153646 0.0702951 0.0969038 0.0661997 0.1191195 0.1638209 
Diceros_bicornis    0.0153646 0.0000000 0.0608486 0.1120826 0.0580168 0.1114379 0.1827225 
Equus_asinus        0.0702951 0.0608486 0.0000000 0.0479582 0.0081137 0.1085214 0.1819211 
Equus_quagga        0.0969038 0.1120826 0.0479582 0.0000000 0.0521769 0.1693641 0.2206169 
Equus_caballus      0.0661997 0.0580168 0.0081137 0.0521769 0.0000000 0.1055691 0.1760528 
Canis_lupus         0.1191195 0.1114379 0.1085214 0.1693641 0.1055691 0.0000000 0.1825361 
Bos_taurus          0.1638209 0.1827225 0.1819211 0.2206169 0.1760528 0.1825361 0.0000000 
