7
Ceratotherium_simum 0.0000000 0.0145503 0.2938748 0.3031779 0.3149423 0.4201922 0.5127630 
Diceros_bicornis    0.0145503 0.0000000 0.3039302 0.3133649 0.3253959 0.4347739 0.5198016 
Equus_asinus        0.2938748 0.3039302 0.0000000 0.0086605 0.0234201 0.5029071 0.5051693 
Equus_quagga        0.3031779 0.3133649 0.0086605 0.0000000 0.0263633 0.5041870 0.5235045 
Equus_caballus      0.3149423 0.3253959 0.0234201 0.0263633 0.0000000 0.5313258 0.5490178 
Canis_lupus         0.4201922 0.4347739 0.5029071 0.5041870 0.5313258 0.0000000 0.6426294 
Bos_taurus          0.5127630 0.5198016 0.5051693 0.5235045 0.5490178 0.6426294 0.0000000 
