7
Ceratotherium_simum 0.0000000 0.0093155 0.0970543 0.1006269 0.0970722 0.1628858 0.1591311 
Diceros_bicornis    0.0093155 0.0000000 0.1055474 0.1088784 0.1025486 0.1525007 0.1415399 
Equus_asinus        0.0970543 0.1055474 0.0000000 0.0085661 0.0143667 0.1990908 0.1754126 
Equus_quagga        0.1006269 0.1088784 0.0085661 0.0000000 0.0231177 0.2028422 0.1790360 
Equus_caballus      0.0970722 0.1025486 0.0143667 0.0231177 0.0000000 0.1960710 0.1724061 
Canis_lupus         0.1628858 0.1525007 0.1990908 0.2028422 0.1960710 0.0000000 0.2166024 
Bos_taurus          0.1591311 0.1415399 0.1754126 0.1790360 0.1724061 0.2166024 0.0000000 
