7
Ceratotherium_simum 0.0000000 0.0272554 0.1557460 0.1314811 0.1421257 0.4467491 0.3448610 
Diceros_bicornis    0.0272554 0.0000000 0.1413055 0.1181215 0.1284243 0.4128290 0.3205743 
Equus_asinus        0.1557460 0.1413055 0.0000000 0.0180843 0.0272634 0.3666075 0.2888770 
Equus_quagga        0.1314811 0.1181215 0.0180843 0.0000000 0.0088728 0.3566636 0.2589011 
Equus_caballus      0.1421257 0.1284243 0.0272634 0.0088728 0.0000000 0.3698693 0.2704790 
Canis_lupus         0.4467491 0.4128290 0.3666075 0.3566636 0.3698693 0.0000000 0.6069454 
Bos_taurus          0.3448610 0.3205743 0.2888770 0.2589011 0.2704790 0.6069454 0.0000000 
