7
Ceratotherium_simum 0.0000000 0.0503520 0.0997928 0.1057815 0.0998003 0.2338956 0.1730781 
Diceros_bicornis    0.0503520 0.0000000 0.1376905 0.1440213 0.1377016 0.2790399 0.2238752 
Equus_asinus        0.0997928 0.1376905 0.0000000 0.0053221 0.0160974 0.2326668 0.1684318 
Equus_quagga        0.1057815 0.1440213 0.0053221 0.0000000 0.0215192 0.2397599 0.1716552 
Equus_caballus      0.0998003 0.1377016 0.0160974 0.0215192 0.0000000 0.2291184 0.1668125 
Canis_lupus         0.2338956 0.2790399 0.2326668 0.2397599 0.2291184 0.0000000 0.2791461 
Bos_taurus          0.1730781 0.2238752 0.1684318 0.1716552 0.1668125 0.2791461 0.0000000 
