7
Ceratotherium_simum 0.0000000 0.0074528 0.1603929 0.1619180 0.1595000 0.2095365 0.3492685 
Diceros_bicornis    0.0074528 0.0000000 0.1660032 0.1650114 0.1611083 0.2046731 0.2435584 
Equus_asinus        0.1603929 0.1660032 0.0000000 0.0098081 0.0168111 0.2471891 0.3812067 
Equus_quagga        0.1619180 0.1650114 0.0098081 0.0000000 0.0208292 0.2505402 0.3836738 
Equus_caballus      0.1595000 0.1611083 0.0168111 0.0208292 0.0000000 0.2463367 0.3799586 
Canis_lupus         0.2095365 0.2046731 0.2471891 0.2505402 0.2463367 0.0000000 0.3623460 
Bos_taurus          0.3492685 0.2435584 0.3812067 0.3836738 0.3799586 0.3623460 0.0000000 
