7
Ceratotherium_simum 0.0000000 0.0073443 0.0736553 0.0736553 0.0749213 0.1408876 0.1533655 
Diceros_bicornis    0.0073443 0.0000000 0.0764410 0.0764410 0.0777090 0.1440366 0.1550780 
Equus_asinus        0.0736553 0.0764410 0.0000000 0.0000010 0.0061202 0.1549187 0.1645687 
Equus_quagga        0.0736553 0.0764410 0.0000010 0.0000000 0.0061202 0.1549187 0.1645687 
Equus_caballus      0.0749213 0.0777090 0.0061202 0.0061202 0.0000000 0.1562213 0.1658746 
Canis_lupus         0.1408876 0.1440366 0.1549187 0.1549187 0.1562213 0.0000000 0.2124251 
Bos_taurus          0.1533655 0.1550780 0.1645687 0.1645687 0.1658746 0.2124251 0.0000000 
