7
Ceratotherium_simum 0.0000000 0.0063784 0.2033895 0.1992493 0.2033544 0.2340863 0.3108625 
Diceros_bicornis    0.0063784 0.0000000 0.2034247 0.1992837 0.2033895 0.2341271 0.3158036 
Equus_asinus        0.2033895 0.2034247 0.0000000 0.0031782 0.0193081 0.2268819 0.3399122 
Equus_quagga        0.1992493 0.1992837 0.0031782 0.0000000 0.0225785 0.2226035 0.3451453 
Equus_caballus      0.2033544 0.2033895 0.0193081 0.0225785 0.0000000 0.2418895 0.3521024 
Canis_lupus         0.2340863 0.2341271 0.2268819 0.2226035 0.2418895 0.0000000 0.2766343 
Bos_taurus          0.3108625 0.3158036 0.3399122 0.3451453 0.3521024 0.2766343 0.0000000 
