7
Ceratotherium_simum 0.0000000 0.0060374 0.0738564 0.0729138 0.0722015 0.1108229 0.1220181 
Diceros_bicornis    0.0060374 0.0000000 0.0722335 0.0746542 0.0705561 0.1130244 0.1224596 
Equus_asinus        0.0738564 0.0722335 0.0000000 0.0055983 0.0052871 0.1186920 0.1319646 
Equus_quagga        0.0729138 0.0746542 0.0055983 0.0000000 0.0097177 0.1172593 0.1329986 
Equus_caballus      0.0722015 0.0705561 0.0052871 0.0097177 0.0000000 0.1169191 0.1310650 
Canis_lupus         0.1108229 0.1130244 0.1186920 0.1172593 0.1169191 0.0000000 0.1342266 
Bos_taurus          0.1220181 0.1224596 0.1319646 0.1329986 0.1310650 0.1342266 0.0000000 
