7
Ceratotherium_simum 0.0000000 0.0282646 0.1443536 0.1443536 0.1537664 0.3323613 0.5299477 
Diceros_bicornis    0.0282646 0.0000000 0.1269204 0.1269204 0.1472945 0.3094205 0.5034548 
Equus_asinus        0.1443536 0.1269204 0.0000000 0.0139514 0.0434318 0.3400178 0.5969846 
Equus_quagga        0.1443536 0.1269204 0.0139514 0.0000000 0.0434318 0.3400178 0.5969846 
Equus_caballus      0.1537664 0.1472945 0.0434318 0.0434318 0.0000000 0.3725769 0.6448184 
Canis_lupus         0.3323613 0.3094205 0.3400178 0.3400178 0.3725769 0.0000000 0.5923690 
Bos_taurus          0.5299477 0.5034548 0.5969846 0.5969846 0.6448184 0.5923690 0.0000000 
