7
Ceratotherium_simum 0.0000000 0.0035955 0.0493793 0.0490732 0.0472865 0.1015810 0.1468047 
Diceros_bicornis    0.0035955 0.0000000 0.0496874 0.0493813 0.0475932 0.1009715 0.1472028 
Equus_asinus        0.0493793 0.0496874 0.0000000 0.0014567 0.0037233 0.1036822 0.1445295 
Equus_quagga        0.0490732 0.0493813 0.0014567 0.0000000 0.0035902 0.1031404 0.1432475 
Equus_caballus      0.0472865 0.0475932 0.0037233 0.0035902 0.0000000 0.1030315 0.1430625 
Canis_lupus         0.1015810 0.1009715 0.1036822 0.1031404 0.1030315 0.0000000 0.1634708 
Bos_taurus          0.1468047 0.1472028 0.1445295 0.1432475 0.1430625 0.1634708 0.0000000 
