7
Ceratotherium_simum 0.0000000 0.0079945 0.0557935 0.0558957 0.0508930 0.0970735 0.0829308 
Diceros_bicornis    0.0079945 0.0000000 0.0550875 0.0551883 0.0501903 0.0982484 0.0831021 
Equus_asinus        0.0557935 0.0550875 0.0000000 0.0019670 0.0052775 0.1060063 0.0978413 
Equus_quagga        0.0558957 0.0551883 0.0019670 0.0000000 0.0059533 0.1072221 0.0989831 
Equus_caballus      0.0508930 0.0501903 0.0052775 0.0059533 0.0000000 0.0990453 0.0912125 
Canis_lupus         0.0970735 0.0982484 0.1060063 0.1072221 0.0990453 0.0000000 0.1084593 
Bos_taurus          0.0829308 0.0831021 0.0978413 0.0989831 0.0912125 0.1084593 0.0000000 
