7
Ceratotherium_simum 0.0000000 0.0125956 0.1452316 0.1486410 0.1439989 0.3127061 0.3626499 
Diceros_bicornis    0.0125956 0.0000000 0.1480896 0.1515121 0.1468609 0.3139863 0.3659327 
Equus_asinus        0.1452316 0.1480896 0.0000000 0.0087772 0.0075138 0.2593154 0.3166226 
Equus_quagga        0.1486410 0.1515121 0.0087772 0.0000000 0.0113190 0.2565967 0.3195560 
Equus_caballus      0.1439989 0.1468609 0.0075138 0.0113190 0.0000000 0.2564908 0.3175346 
Canis_lupus         0.3127061 0.3139863 0.2593154 0.2565967 0.2564908 0.0000000 0.3557135 
Bos_taurus          0.3626499 0.3659327 0.3166226 0.3195560 0.3175346 0.3557135 0.0000000 
