7
Ceratotherium_simum 0.0000000 0.0081181 0.3136544 0.2870903 0.2883183 0.5038827 0.4674911 
Diceros_bicornis    0.0081181 0.0000000 0.3137724 0.2872009 0.2884298 0.4895978 0.4801460 
Equus_asinus        0.3136544 0.3137724 0.0000000 0.0247249 0.0461671 0.5982242 0.5122854 
Equus_quagga        0.2870903 0.2872009 0.0247249 0.0000000 0.0203874 0.5403239 0.4620617 
Equus_caballus      0.2883183 0.2884298 0.0461671 0.0203874 0.0000000 0.5314458 0.4646881 
Canis_lupus         0.5038827 0.4895978 0.5982242 0.5403239 0.5314458 0.0000000 0.5945521 
Bos_taurus          0.4674911 0.4801460 0.5122854 0.4620617 0.4646881 0.5945521 0.0000000 
