7
Ceratotherium_simum 0.0000000 0.0046540 0.0854850 0.0875816 0.0843171 0.2438486 0.1859965 
Diceros_bicornis    0.0046540 0.0000000 0.0843106 0.0864010 0.0831478 0.2410041 0.1868357 
Equus_asinus        0.0854850 0.0843106 0.0000000 0.0018552 0.0074673 0.2565094 0.1968044 
Equus_quagga        0.0875816 0.0864010 0.0018552 0.0000000 0.0093451 0.2591347 0.1992306 
Equus_caballus      0.0843171 0.0831478 0.0074673 0.0093451 0.0000000 0.2526528 0.1952521 
Canis_lupus         0.2438486 0.2410041 0.2565094 0.2591347 0.2526528 0.0000000 0.3311190 
Bos_taurus          0.1859965 0.1868357 0.1968044 0.1992306 0.1952521 0.3311190 0.0000000 
