7
Ceratotherium_simum 0.0000000 0.0063095 0.0394789 0.1190999 0.0370169 0.1530967 0.0844863 
Diceros_bicornis    0.0063095 0.0000000 0.0394674 0.1171535 0.0370061 0.1549607 0.0827316 
Equus_asinus        0.0394789 0.0394674 0.0000000 0.0755700 0.0023619 0.1511362 0.0784066 
Equus_quagga        0.1190999 0.1171535 0.0755700 0.0000000 0.0784529 0.2563363 0.1674861 
Equus_caballus      0.0370169 0.0370061 0.0023619 0.0784529 0.0000000 0.1482820 0.0775519 
Canis_lupus         0.1530967 0.1549607 0.1511362 0.2563363 0.1482820 0.0000000 0.1634789 
Bos_taurus          0.0844863 0.0827316 0.0784066 0.1674861 0.0775519 0.1634789 0.0000000 
