7
Ceratotherium_simum 0.0000000 0.1647273 0.2956050 0.2956050 0.2343241 0.4232502 0.5211067 
Diceros_bicornis    0.1647273 0.0000000 0.1375950 0.1375950 0.2784000 0.2383031 0.3136035 
Equus_asinus        0.2956050 0.1375950 0.0000000 0.0068009 0.1217660 0.1973100 0.3014621 
Equus_quagga        0.2956050 0.1375950 0.0068009 0.0000000 0.1299874 0.2059212 0.3014621 
Equus_caballus      0.2343241 0.2784000 0.1217660 0.1299874 0.0000000 0.3693957 0.4862006 
Canis_lupus         0.4232502 0.2383031 0.1973100 0.2059212 0.3693957 0.0000000 0.3026979 
Bos_taurus          0.5211067 0.3136035 0.3014621 0.3014621 0.4862006 0.3026979 0.0000000 
