7
Ceratotherium_simum 0.0000000 0.0055128 0.0415835 0.0415835 0.0443180 0.1655883 0.0863965 
Diceros_bicornis    0.0055128 0.0000000 0.0415037 0.0415037 0.0433201 0.1689278 0.0861954 
Equus_asinus        0.0415835 0.0415037 0.0000000 0.0000010 0.0031322 0.1605483 0.0824402 
Equus_quagga        0.0415835 0.0415037 0.0000010 0.0000000 0.0031322 0.1605483 0.0824402 
Equus_caballus      0.0443180 0.0433201 0.0031322 0.0031322 0.0000000 0.1619367 0.0845432 
Canis_lupus         0.1655883 0.1689278 0.1605483 0.1605483 0.1619367 0.0000000 0.2025661 
Bos_taurus          0.0863965 0.0861954 0.0824402 0.0824402 0.0845432 0.2025661 0.0000000 
