7
Ceratotherium_simum 0.0000000 0.0027076 0.0409139 0.0425942 0.0392455 0.0810868 0.0692566 
Diceros_bicornis    0.0027076 0.0000000 0.0411426 0.0428358 0.0394633 0.0816895 0.0697356 
Equus_asinus        0.0409139 0.0411426 0.0000000 0.0013434 0.0013434 0.0785130 0.0639491 
Equus_quagga        0.0425942 0.0428358 0.0013434 0.0000000 0.0026963 0.0804966 0.0620488 
Equus_caballus      0.0392455 0.0394633 0.0013434 0.0026963 0.0000000 0.0765418 0.0620488 
Canis_lupus         0.0810868 0.0816895 0.0785130 0.0804966 0.0765418 0.0000000 0.0906787 
Bos_taurus          0.0692566 0.0697356 0.0639491 0.0620488 0.0620488 0.0906787 0.0000000 
