7
Ceratotherium_simum 0.0000000 0.0173472 0.2573293 0.2618142 0.2671633 0.5588176 0.4335965 
Diceros_bicornis    0.0173472 0.0000000 0.2608959 0.2654118 0.2708144 0.5471321 0.4267857 
Equus_asinus        0.2573293 0.2608959 0.0000000 0.0068809 0.0155883 0.5805844 0.4611421 
Equus_quagga        0.2618142 0.2654118 0.0068809 0.0000000 0.0155858 0.5804967 0.4689720 
Equus_caballus      0.2671633 0.2708144 0.0155883 0.0155858 0.0000000 0.5836664 0.4558063 
Canis_lupus         0.5588176 0.5471321 0.5805844 0.5804967 0.5836664 0.0000000 0.6320400 
Bos_taurus          0.4335965 0.4267857 0.4611421 0.4689720 0.4558063 0.6320400 0.0000000 
