7
Ceratotherium_simum 0.0000000 0.0041165 0.0645875 0.0632710 0.0645494 0.1044127 0.1293325 
Diceros_bicornis    0.0041165 0.0000000 0.0624201 0.0611102 0.0623833 0.1029657 0.1278009 
Equus_asinus        0.0645875 0.0624201 0.0000000 0.0026182 0.0094297 0.1058159 0.1344045 
Equus_quagga        0.0632710 0.0611102 0.0026182 0.0000000 0.0082852 0.1034310 0.1317331 
Equus_caballus      0.0645494 0.0623833 0.0094297 0.0082852 0.0000000 0.1080803 0.1356476 
Canis_lupus         0.1044127 0.1029657 0.1058159 0.1034310 0.1080803 0.0000000 0.1306693 
Bos_taurus          0.1293325 0.1278009 0.1344045 0.1317331 0.1356476 0.1306693 0.0000000 
