6
Ceratotherium_simum 0.0000000 0.0469882 0.1370305 0.1370305 0.2691875 0.4131575 
Diceros_bicornis    0.0469882 0.0000000 0.1680628 0.1680628 0.2743730 0.4367330 
Equus_asinus        0.1370305 0.1680628 0.0000000 0.0000010 0.3031254 0.3872865 
Equus_quagga        0.1370305 0.1680628 0.0000010 0.0000000 0.3031254 0.3872865 
Canis_lupus         0.2691875 0.2743730 0.3031254 0.3031254 0.0000000 0.5726029 
Bos_taurus          0.4131575 0.4367330 0.3872865 0.3872865 0.5726029 0.0000000 
