7
Ceratotherium_simum 0.0000000 0.0166618 0.1678770 0.1678770 0.1772018 0.2880616 0.4530637 
Diceros_bicornis    0.0166618 0.0000000 0.1626543 0.1626543 0.1718518 0.2906994 0.4427709 
Equus_asinus        0.1678770 0.1626543 0.0000000 0.0000010 0.0066027 0.2147502 0.3593609 
Equus_quagga        0.1678770 0.1626543 0.0000010 0.0000000 0.0066027 0.2147502 0.3593609 
Equus_caballus      0.1772018 0.1718518 0.0066027 0.0066027 0.0000000 0.2192451 0.3643987 
Canis_lupus         0.2880616 0.2906994 0.2147502 0.2147502 0.2192451 0.0000000 0.4064697 
Bos_taurus          0.4530637 0.4427709 0.3593609 0.3593609 0.3643987 0.4064697 0.0000000 
