7
Ceratotherium_simum 0.0000000 0.0237756 0.2723770 0.2805533 0.2799388 0.6575497 0.5796184 
Diceros_bicornis    0.0237756 0.0000000 0.2349232 0.2378079 0.2378336 0.5707496 0.5345279 
Equus_asinus        0.2723770 0.2349232 0.0000000 0.0087184 0.0115844 0.6252284 0.5986519 
Equus_quagga        0.2805533 0.2378079 0.0087184 0.0000000 0.0145950 0.6340711 0.6022720 
Equus_caballus      0.2799388 0.2378336 0.0115844 0.0145950 0.0000000 0.6312206 0.5962302 
Canis_lupus         0.6575497 0.5707496 0.6252284 0.6340711 0.6312206 0.0000000 0.7018717 
Bos_taurus          0.5796184 0.5345279 0.5986519 0.6022720 0.5962302 0.7018717 0.0000000 
