7
Ceratotherium_simum 0.0000000 0.0104497 0.1382764 0.1382777 0.1251936 0.2810103 0.3251807 
Diceros_bicornis    0.0104497 0.0000000 0.1460728 0.1460742 0.1328378 0.2841698 0.3352482 
Equus_asinus        0.1382764 0.1460728 0.0000000 0.0041635 0.0104787 0.2393750 0.3066765 
Equus_quagga        0.1382777 0.1460742 0.0041635 0.0000000 0.0104788 0.2393772 0.3132210 
Equus_caballus      0.1251936 0.1328378 0.0104787 0.0104788 0.0000000 0.2298269 0.3025294 
Canis_lupus         0.2810103 0.2841698 0.2393750 0.2393772 0.2298269 0.0000000 0.3599431 
Bos_taurus          0.3251807 0.3352482 0.3066765 0.3132210 0.3025294 0.3599431 0.0000000 
