7
Ceratotherium_simum 0.0000000 0.0300273 0.2524311 0.2582412 0.2635996 0.2608686 0.4789383 
Diceros_bicornis    0.0300273 0.0000000 0.2632970 0.2695065 0.2583201 0.2637492 0.4779435 
Equus_asinus        0.2524311 0.2632970 0.0000000 0.0118654 0.0177446 0.4030530 0.5669639 
Equus_quagga        0.2582412 0.2695065 0.0118654 0.0000000 0.0179983 0.4155397 0.5872243 
Equus_caballus      0.2635996 0.2583201 0.0177446 0.0179983 0.0000000 0.4005043 0.5696288 
Canis_lupus         0.2608686 0.2637492 0.4030530 0.4155397 0.4005043 0.0000000 0.4351905 
Bos_taurus          0.4789383 0.4779435 0.5669639 0.5872243 0.5696288 0.4351905 0.0000000 
