7
Ceratotherium_simum 0.0000000 0.0387735 0.2047589 0.2085574 0.2126260 0.2542069 0.2481742 
Diceros_bicornis    0.0387735 0.0000000 0.1930474 0.1967916 0.1970440 0.2396148 0.2444067 
Equus_asinus        0.2047589 0.1930474 0.0000000 0.0057928 0.0116363 0.3001163 0.3073252 
Equus_quagga        0.2085574 0.1967916 0.0057928 0.0000000 0.0116371 0.3043705 0.3095023 
Equus_caballus      0.2126260 0.1970440 0.0116363 0.0116371 0.0000000 0.3017112 0.3121206 
Canis_lupus         0.2542069 0.2396148 0.3001163 0.3043705 0.3017112 0.0000000 0.2942383 
Bos_taurus          0.2481742 0.2444067 0.3073252 0.3095023 0.3121206 0.2942383 0.0000000 
