7
Ceratotherium_simum 0.0000000 0.0000010 0.0655038 0.0675741 0.0655038 0.0824952 0.1020557 
Diceros_bicornis    0.0000010 0.0000000 0.0655038 0.0675741 0.0655038 0.0824952 0.1020557 
Equus_asinus        0.0655038 0.0655038 0.0000000 0.0018705 0.0000010 0.0905539 0.1021822 
Equus_quagga        0.0675741 0.0675741 0.0018705 0.0000000 0.0018705 0.0926835 0.1043615 
Equus_caballus      0.0655038 0.0655038 0.0000010 0.0018705 0.0000000 0.0905539 0.1021822 
Canis_lupus         0.0824952 0.0824952 0.0905539 0.0926835 0.0905539 0.0000000 0.0966705 
Bos_taurus          0.1020557 0.1020557 0.1021822 0.1043615 0.1021822 0.0966705 0.0000000 
