7
Ceratotherium_simum 0.0000000 0.0107662 0.0985030 0.1008242 0.1011588 0.1872105 0.1963847 
Diceros_bicornis    0.0107662 0.0000000 0.0956899 0.0987829 0.0979421 0.1845782 0.1937025 
Equus_asinus        0.0985030 0.0956899 0.0000000 0.0047461 0.0113029 0.2045873 0.2050915 
Equus_quagga        0.1008242 0.0987829 0.0047461 0.0000000 0.0118787 0.2061091 0.2050911 
Equus_caballus      0.1011588 0.0979421 0.0113029 0.0118787 0.0000000 0.2079091 0.2067230 
Canis_lupus         0.1872105 0.1845782 0.2045873 0.2061091 0.2079091 0.0000000 0.2464405 
Bos_taurus          0.1963847 0.1937025 0.2050915 0.2050911 0.2067230 0.2464405 0.0000000 
