7
Ceratotherium_simum 0.0000000 0.0094507 0.0966661 0.0982005 0.1097073 0.1421870 0.2080663 
Diceros_bicornis    0.0094507 0.0000000 0.0901858 0.0916949 0.1029732 0.1334316 0.2008640 
Equus_asinus        0.0966661 0.0901858 0.0000000 0.0011662 0.0119164 0.1532956 0.2028834 
Equus_quagga        0.0982005 0.0916949 0.0011662 0.0000000 0.0107068 0.1514538 0.2008731 
Equus_caballus      0.1097073 0.1029732 0.0119164 0.0107068 0.0000000 0.1606918 0.2176041 
Canis_lupus         0.1421870 0.1334316 0.1532956 0.1514538 0.1606918 0.0000000 0.2053110 
Bos_taurus          0.2080663 0.2008640 0.2028834 0.2008731 0.2176041 0.2053110 0.0000000 
