7
Ceratotherium_simum 0.0000000 0.0110720 0.0572975 0.2290553 0.0744731 0.0936885 0.0950482 
Diceros_bicornis    0.0110720 0.0000000 0.0603367 0.2291588 0.0745015 0.0951721 0.0951026 
Equus_asinus        0.0572975 0.0603367 0.0000000 0.1734456 0.0602120 0.1142975 0.1118209 
Equus_quagga        0.2290553 0.2291588 0.1734456 0.0000000 0.1663903 0.2813211 0.2736768 
Equus_caballus      0.0744731 0.0745015 0.0602120 0.1663903 0.0000000 0.1257468 0.1213512 
Canis_lupus         0.0936885 0.0951721 0.1142975 0.2813211 0.1257468 0.0000000 0.1197411 
Bos_taurus          0.0950482 0.0951026 0.1118209 0.2736768 0.1213512 0.1197411 0.0000000 
