7
Ceratotherium_simum 0.0000000 0.1692765 0.5306457 0.5255909 0.5205288 0.4281341 0.6701519 
Diceros_bicornis    0.1692765 0.0000000 0.2933221 0.2893947 0.2854670 0.6760382 0.4207477 
Equus_asinus        0.5306457 0.2933221 0.0000000 0.0087038 0.0263409 0.5860963 0.3997352 
Equus_quagga        0.5255909 0.2893947 0.0087038 0.0000000 0.0174855 0.5808437 0.3954575 
Equus_caballus      0.5205288 0.2854670 0.0263409 0.0174855 0.0000000 0.5700875 0.4041517 
Canis_lupus         0.4281341 0.6760382 0.5860963 0.5808437 0.5700875 0.0000000 0.6597357 
Bos_taurus          0.6701519 0.4207477 0.3997352 0.3954575 0.4041517 0.6597357 0.0000000 
