7
Ceratotherium_simum 0.0000000 0.0653934 0.1421976 0.1421976 0.0549695 0.1309928 0.1742677 
Diceros_bicornis    0.0653934 0.0000000 0.1045420 0.1045420 0.1197552 0.1817189 0.1928606 
Equus_asinus        0.1421976 0.1045420 0.0000000 0.0000010 0.1038716 0.2430831 0.2814548 
Equus_quagga        0.1421976 0.1045420 0.0000010 0.0000000 0.1038716 0.2430831 0.2814548 
Equus_caballus      0.0549695 0.1197552 0.1038716 0.1038716 0.0000000 0.1527032 0.2029891 
Canis_lupus         0.1309928 0.1817189 0.2430831 0.2430831 0.1527032 0.0000000 0.2245689 
Bos_taurus          0.1742677 0.1928606 0.2814548 0.2814548 0.2029891 0.2245689 0.0000000 
