7
Ceratotherium_simum 0.0000000 0.0154849 0.5123173 0.5085243 0.5197245 0.1682162 0.1811807 
Diceros_bicornis    0.0154849 0.0000000 0.5154324 0.5116383 0.5228407 0.1610310 0.1763491 
Equus_asinus        0.5123173 0.5154324 0.0000000 0.0028728 0.0086628 0.6338352 0.6514063 
Equus_quagga        0.5085243 0.5116383 0.0028728 0.0000000 0.0115663 0.6297232 0.6471969 
Equus_caballus      0.5197245 0.5228407 0.0086628 0.0115663 0.0000000 0.6417542 0.6561188 
Canis_lupus         0.1682162 0.1610310 0.6338352 0.6297232 0.6417542 0.0000000 0.2125755 
Bos_taurus          0.1811807 0.1763491 0.6514063 0.6471969 0.6561188 0.2125755 0.0000000 
