7
Ceratotherium_simum 0.0000000 0.0014607 0.0359589 0.0374810 0.0359589 0.2772832 0.0795942 
Diceros_bicornis    0.0014607 0.0000000 0.0344438 0.0359650 0.0344438 0.2751764 0.0812125 
Equus_asinus        0.0359589 0.0344438 0.0000000 0.0014609 0.0000010 0.2768876 0.0861950 
Equus_quagga        0.0374810 0.0359650 0.0014609 0.0000000 0.0014609 0.2790489 0.0877936 
Equus_caballus      0.0359589 0.0344438 0.0000010 0.0014609 0.0000000 0.2768876 0.0861950 
Canis_lupus         0.2772832 0.2751764 0.2768876 0.2790489 0.2768876 0.0000000 0.3213165 
Bos_taurus          0.0795942 0.0812125 0.0861950 0.0877936 0.0861950 0.3213165 0.0000000 
