7
Ceratotherium_simum 0.0000000 0.0116903 0.1137039 0.1135624 0.1101974 0.1789969 0.1831872 
Diceros_bicornis    0.0116903 0.0000000 0.1118779 0.1117381 0.1083851 0.1787479 0.1792468 
Equus_asinus        0.1137039 0.1118779 0.0000000 0.0058123 0.0116653 0.1691672 0.1815952 
Equus_quagga        0.1135624 0.1117381 0.0058123 0.0000000 0.0087245 0.1689360 0.1813406 
Equus_caballus      0.1101974 0.1083851 0.0116653 0.0087245 0.0000000 0.1653317 0.1776577 
Canis_lupus         0.1789969 0.1787479 0.1691672 0.1689360 0.1653317 0.0000000 0.2186621 
Bos_taurus          0.1831872 0.1792468 0.1815952 0.1813406 0.1776577 0.2186621 0.0000000 
