7
Ceratotherium_simum 0.0000000 0.0029427 0.0475292 0.0429031 0.0727973 0.0547219 0.0648541 
Diceros_bicornis    0.0029427 0.0000000 0.0464290 0.0418168 0.0716113 0.0548788 0.0638157 
Equus_asinus        0.0475292 0.0464290 0.0000000 0.0059647 0.0364461 0.0541803 0.0739154 
Equus_quagga        0.0429031 0.0418168 0.0059647 0.0000000 0.0318542 0.0493778 0.0705264 
Equus_caballus      0.0727973 0.0716113 0.0364461 0.0318542 0.0000000 0.0795027 0.1038533 
Canis_lupus         0.0547219 0.0548788 0.0541803 0.0493778 0.0795027 0.0000000 0.0634252 
Bos_taurus          0.0648541 0.0638157 0.0739154 0.0705264 0.1038533 0.0634252 0.0000000 
