7
Ceratotherium_simum 0.0000000 0.0050925 0.0790897 0.0778994 0.0767145 0.1167917 0.2891074 
Diceros_bicornis    0.0050925 0.0000000 0.0802607 0.0790670 0.0778787 0.1167987 0.2908219 
Equus_asinus        0.0790897 0.0802607 0.0000000 0.0051065 0.0102430 0.1221678 0.2805647 
Equus_quagga        0.0778994 0.0790670 0.0051065 0.0000000 0.0092053 0.1208698 0.2787587 
Equus_caballus      0.0767145 0.0778787 0.0102430 0.0092053 0.0000000 0.1172476 0.2769746 
Canis_lupus         0.1167917 0.1167987 0.1221678 0.1208698 0.1172476 0.0000000 0.3019400 
Bos_taurus          0.2891074 0.2908219 0.2805647 0.2787587 0.2769746 0.3019400 0.0000000 
