7
Ceratotherium_simum 0.0000000 0.0445296 0.3013208 0.2926253 0.2872241 0.5445748 0.4790175 
Diceros_bicornis    0.0445296 0.0000000 0.2809179 0.2702055 0.2672409 0.5110814 0.4524837 
Equus_asinus        0.3013208 0.2809179 0.0000000 0.0185917 0.0117683 0.5241676 0.5039414 
Equus_quagga        0.2926253 0.2702055 0.0185917 0.0000000 0.0100523 0.5049084 0.4892331 
Equus_caballus      0.2872241 0.2672409 0.0117683 0.0100523 0.0000000 0.5100392 0.4939801 
Canis_lupus         0.5445748 0.5110814 0.5241676 0.5049084 0.5100392 0.0000000 0.6041248 
Bos_taurus          0.4790175 0.4524837 0.5039414 0.4892331 0.4939801 0.6041248 0.0000000 
