7
Ceratotherium_simum 0.0000000 0.0225660 0.1846334 0.1868499 0.1828021 0.3023742 0.4094780 
Diceros_bicornis    0.0225660 0.0000000 0.1909302 0.1886824 0.1846403 0.3015852 0.4286159 
Equus_asinus        0.1846334 0.1909302 0.0000000 0.0068334 0.0242287 0.2848050 0.4469355 
Equus_quagga        0.1868499 0.1886824 0.0068334 0.0000000 0.0207194 0.2822827 0.4438642 
Equus_caballus      0.1828021 0.1846403 0.0242287 0.0207194 0.0000000 0.2880267 0.4366121 
Canis_lupus         0.3023742 0.3015852 0.2848050 0.2822827 0.2880267 0.0000000 0.4646322 
Bos_taurus          0.4094780 0.4286159 0.4469355 0.4438642 0.4366121 0.4646322 0.0000000 
