7
Ceratotherium_simum 0.0000000 0.0282933 0.1942509 0.1942509 0.1274825 0.4425764 0.3081061 
Diceros_bicornis    0.0282933 0.0000000 0.1998782 0.1998782 0.1267784 0.4495172 0.3148312 
Equus_asinus        0.1942509 0.1998782 0.0000000 0.0000010 0.0902328 0.5068520 0.4272128 
Equus_quagga        0.1942509 0.1998782 0.0000010 0.0000000 0.0902328 0.5068520 0.4272128 
Equus_caballus      0.1274825 0.1267784 0.0902328 0.0902328 0.0000000 0.5053241 0.3409617 
Canis_lupus         0.4425764 0.4495172 0.5068520 0.5068520 0.5053241 0.0000000 0.6177305 
Bos_taurus          0.3081061 0.3148312 0.4272128 0.4272128 0.3409617 0.6177305 0.0000000 
