7
Ceratotherium_simum 0.0000000 0.0047882 0.0411300 0.0378735 0.0399732 0.0858563 0.0968876 
Diceros_bicornis    0.0047882 0.0000000 0.0422737 0.0390071 0.0411107 0.0831414 0.0973084 
Equus_asinus        0.0411300 0.0422737 0.0000000 0.0038144 0.0067122 0.0925848 0.1046786 
Equus_quagga        0.0378735 0.0390071 0.0038144 0.0000000 0.0047756 0.0943562 0.1022539 
Equus_caballus      0.0399732 0.0411107 0.0067122 0.0047756 0.0000000 0.0994909 0.1046182 
Canis_lupus         0.0858563 0.0831414 0.0925848 0.0943562 0.0994909 0.0000000 0.1209286 
Bos_taurus          0.0968876 0.0973084 0.1046786 0.1022539 0.1046182 0.1209286 0.0000000 
