7
Ceratotherium_simum 0.0000000 0.0237250 0.2300065 0.2307902 0.2339646 0.4134736 0.4493726 
Diceros_bicornis    0.0237250 0.0000000 0.2177932 0.2185210 0.2217023 0.4087278 0.4373690 
Equus_asinus        0.2300065 0.2177932 0.0000000 0.0087612 0.0116697 0.3458237 0.4003179 
Equus_quagga        0.2307902 0.2185210 0.0087612 0.0000000 0.0116967 0.3441984 0.4068631 
Equus_caballus      0.2339646 0.2217023 0.0116697 0.0116967 0.0000000 0.3386594 0.4078317 
Canis_lupus         0.4134736 0.4087278 0.3458237 0.3441984 0.3386594 0.0000000 0.4381146 
Bos_taurus          0.4493726 0.4373690 0.4003179 0.4068631 0.4078317 0.4381146 0.0000000 
