7
Ceratotherium_simum 0.0000000 0.0101999 0.1165122 0.1147582 0.1231719 0.1691250 0.1636707 
Diceros_bicornis    0.0101999 0.0000000 0.1076418 0.1059109 0.1142408 0.1596544 0.1542695 
Equus_asinus        0.1165122 0.1076418 0.0000000 0.0014444 0.0160942 0.1640278 0.1607444 
Equus_quagga        0.1147582 0.1059109 0.0014444 0.0000000 0.0146156 0.1659275 0.1588779 
Equus_caballus      0.1231719 0.1142408 0.0160942 0.0146156 0.0000000 0.1710168 0.1676915 
Canis_lupus         0.1691250 0.1596544 0.1640278 0.1659275 0.1710168 0.0000000 0.1778652 
Bos_taurus          0.1636707 0.1542695 0.1607444 0.1588779 0.1676915 0.1778652 0.0000000 
