7
Ceratotherium_simum 0.0000000 0.0556569 0.0822672 0.0835566 0.0808682 0.1472331 0.1610969 
Diceros_bicornis    0.0556569 0.0000000 0.1324899 0.1308209 0.1323668 0.1941759 0.2254091 
Equus_asinus        0.0822672 0.1324899 0.0000000 0.0042860 0.0113902 0.1438123 0.1567300 
Equus_quagga        0.0835566 0.1308209 0.0042860 0.0000000 0.0130388 0.1433649 0.1567173 
Equus_caballus      0.0808682 0.1323668 0.0113902 0.0130388 0.0000000 0.1458730 0.1567225 
Canis_lupus         0.1472331 0.1941759 0.1438123 0.1433649 0.1458730 0.0000000 0.1927862 
Bos_taurus          0.1610969 0.2254091 0.1567300 0.1567173 0.1567225 0.1927862 0.0000000 
