7
Ceratotherium_simum 0.0000000 0.0000010 0.1120757 0.1120757 0.1504741 0.1762480 0.2027585 
Diceros_bicornis    0.0000010 0.0000000 0.1120757 0.1120757 0.1504741 0.1762480 0.2027585 
Equus_asinus        0.1120757 0.1120757 0.0000000 0.0000010 0.0314379 0.2327951 0.2469291 
Equus_quagga        0.1120757 0.1120757 0.0000010 0.0000000 0.0314379 0.2327951 0.2469291 
Equus_caballus      0.1504741 0.1504741 0.0314379 0.0314379 0.0000000 0.2500507 0.2944110 
Canis_lupus         0.1762480 0.1762480 0.2327951 0.2327951 0.2500507 0.0000000 0.3882756 
Bos_taurus          0.2027585 0.2027585 0.2469291 0.2469291 0.2944110 0.3882756 0.0000000 
