7
Ceratotherium_simum 0.0000000 0.0149261 0.0587423 0.0608807 0.0674847 0.1258346 0.1184586 
Diceros_bicornis    0.0149261 0.0000000 0.0575876 0.0597198 0.0663020 0.1232965 0.1148114 
Equus_asinus        0.0587423 0.0575876 0.0000000 0.0039426 0.0189938 0.1209706 0.1113701 
Equus_quagga        0.0608807 0.0597198 0.0039426 0.0000000 0.0210188 0.1256284 0.1136628 
Equus_caballus      0.0674847 0.0663020 0.0189938 0.0210188 0.0000000 0.1259380 0.1139389 
Canis_lupus         0.1258346 0.1232965 0.1209706 0.1256284 0.1259380 0.0000000 0.1382995 
Bos_taurus          0.1184586 0.1148114 0.1113701 0.1136628 0.1139389 0.1382995 0.0000000 
