7
Ceratotherium_simum 0.0000000 0.0109558 0.0613954 0.0613954 0.0623008 0.1045577 0.1574047 
Diceros_bicornis    0.0109558 0.0000000 0.0674756 0.0674756 0.0683985 0.1139547 0.1579431 
Equus_asinus        0.0613954 0.0674756 0.0000000 0.0007628 0.0053910 0.0834102 0.1399417 
Equus_quagga        0.0613954 0.0674756 0.0007628 0.0000000 0.0061689 0.0844109 0.1411540 
Equus_caballus      0.0623008 0.0683985 0.0053910 0.0061689 0.0000000 0.0844019 0.1435247 
Canis_lupus         0.1045577 0.1139547 0.0834102 0.0844109 0.0844019 0.0000000 0.1544705 
Bos_taurus          0.1574047 0.1579431 0.1399417 0.1411540 0.1435247 0.1544705 0.0000000 
