7
Ceratotherium_simum 0.0000000 0.0047820 0.0569868 0.0577342 0.0577398 0.0973627 0.0980687 
Diceros_bicornis    0.0047820 0.0000000 0.0554200 0.0561633 0.0561688 0.0955276 0.0961986 
Equus_asinus        0.0569868 0.0554200 0.0000000 0.0017806 0.0041740 0.1107947 0.1060512 
Equus_quagga        0.0577342 0.0561633 0.0017806 0.0000000 0.0047754 0.1116949 0.1060453 
Equus_caballus      0.0577398 0.0561688 0.0041740 0.0047754 0.0000000 0.1101619 0.1051578 
Canis_lupus         0.0973627 0.0955276 0.1107947 0.1116949 0.1101619 0.0000000 0.1214927 
Bos_taurus          0.0980687 0.0961986 0.1060512 0.1060453 0.1051578 0.1214927 0.0000000 
