7
Ceratotherium_simum 0.0000000 0.0050309 0.0559038 0.0551764 0.0542670 0.1155798 0.1681697 
Diceros_bicornis    0.0050309 0.0000000 0.0553995 0.0540263 0.0537701 0.1153389 0.1666475 
Equus_asinus        0.0559038 0.0553995 0.0000000 0.0021074 0.0058418 0.1116548 0.1598054 
Equus_quagga        0.0551764 0.0540263 0.0021074 0.0000000 0.0047643 0.1106849 0.1592326 
Equus_caballus      0.0542670 0.0537701 0.0058418 0.0047643 0.0000000 0.1089549 0.1603244 
Canis_lupus         0.1155798 0.1153389 0.1116548 0.1106849 0.1089549 0.0000000 0.1947917 
Bos_taurus          0.1681697 0.1666475 0.1598054 0.1592326 0.1603244 0.1947917 0.0000000 
