7
Ceratotherium_simum 0.0000000 0.0097482 0.0830097 0.0804214 0.0826889 0.1148529 0.1088393 
Diceros_bicornis    0.0097482 0.0000000 0.0847438 0.0821110 0.0849186 0.1188603 0.1112422 
Equus_asinus        0.0830097 0.0847438 0.0000000 0.0029457 0.0131839 0.1271426 0.1117414 
Equus_quagga        0.0804214 0.0821110 0.0029457 0.0000000 0.0124748 0.1239807 0.1114055 
Equus_caballus      0.0826889 0.0849186 0.0131839 0.0124748 0.0000000 0.1248358 0.1161095 
Canis_lupus         0.1148529 0.1188603 0.1271426 0.1239807 0.1248358 0.0000000 0.1294753 
Bos_taurus          0.1088393 0.1112422 0.1117414 0.1114055 0.1161095 0.1294753 0.0000000 
