7
Ceratotherium_simum 0.0000000 0.0249262 0.1687084 0.1665421 0.1718932 0.3945613 0.2612531 
Diceros_bicornis    0.0249262 0.0000000 0.1658389 0.1636873 0.1662517 0.3917415 0.2590336 
Equus_asinus        0.1687084 0.1658389 0.0000000 0.0017420 0.0140996 0.4014471 0.2426472 
Equus_quagga        0.1665421 0.1636873 0.0017420 0.0000000 0.0123249 0.3987541 0.2426472 
Equus_caballus      0.1718932 0.1662517 0.0140996 0.0123249 0.0000000 0.3992404 0.2513166 
Canis_lupus         0.3945613 0.3917415 0.4014471 0.3987541 0.3992404 0.0000000 0.4470291 
Bos_taurus          0.2612531 0.2590336 0.2426472 0.2426472 0.2513166 0.4470291 0.0000000 
