7
Ceratotherium_simum 0.0000000 0.0076347 0.0547144 0.0538661 0.0539043 0.0866849 0.1142516 
Diceros_bicornis    0.0076347 0.0000000 0.0588720 0.0581851 0.0581320 0.0874567 0.1141072 
Equus_asinus        0.0547144 0.0588720 0.0000000 0.0013441 0.0101458 0.0940628 0.1411094 
Equus_quagga        0.0538661 0.0581851 0.0013441 0.0000000 0.0096636 0.0931843 0.1399619 
Equus_caballus      0.0539043 0.0581320 0.0101458 0.0096636 0.0000000 0.0905873 0.1320583 
Canis_lupus         0.0866849 0.0874567 0.0940628 0.0931843 0.0905873 0.0000000 0.1433603 
Bos_taurus          0.1142516 0.1141072 0.1411094 0.1399619 0.1320583 0.1433603 0.0000000 
