7
Ceratotherium_simum 0.0000000 0.0022268 0.0389244 0.0379486 0.0403045 0.0628471 0.0712118 
Diceros_bicornis    0.0022268 0.0000000 0.0389239 0.0379481 0.0403041 0.0631597 0.0722265 
Equus_asinus        0.0389244 0.0389239 0.0000000 0.0007362 0.0079534 0.0800372 0.0881447 
Equus_quagga        0.0379486 0.0379481 0.0007362 0.0000000 0.0079421 0.0787808 0.0868431 
Equus_caballus      0.0403045 0.0403041 0.0079534 0.0079421 0.0000000 0.0841313 0.0900672 
Canis_lupus         0.0628471 0.0631597 0.0800372 0.0787808 0.0841313 0.0000000 0.0983426 
Bos_taurus          0.0712118 0.0722265 0.0881447 0.0868431 0.0900672 0.0983426 0.0000000 
