7
Ceratotherium_simum 0.0000000 0.0000010 0.0574796 0.0574796 0.0626429 0.0943903 0.0824222 
Diceros_bicornis    0.0000010 0.0000000 0.0574796 0.0574796 0.0626429 0.0943903 0.0824222 
Equus_asinus        0.0574796 0.0574796 0.0000000 0.0000010 0.0040263 0.1044758 0.1119105 
Equus_quagga        0.0574796 0.0574796 0.0000010 0.0000000 0.0040263 0.1044758 0.1119105 
Equus_caballus      0.0626429 0.0626429 0.0040263 0.0040263 0.0000000 0.1107438 0.1119105 
Canis_lupus         0.0943903 0.0943903 0.1044758 0.1044758 0.1107438 0.0000000 0.1288111 
Bos_taurus          0.0824222 0.0824222 0.1119105 0.1119105 0.1119105 0.1288111 0.0000000 
