7
Ceratotherium_simum 0.0000000 0.0052551 0.0545274 0.0566550 0.0515243 0.0914790 0.1041358 
Diceros_bicornis    0.0052551 0.0000000 0.0545721 0.0567018 0.0529573 0.0918872 0.1059168 
Equus_asinus        0.0545274 0.0545721 0.0000000 0.0040884 0.0046725 0.0847479 0.1073975 
Equus_quagga        0.0566550 0.0567018 0.0040884 0.0000000 0.0064385 0.0871546 0.1116289 
Equus_caballus      0.0515243 0.0529573 0.0046725 0.0064385 0.0000000 0.0860912 0.1104059 
Canis_lupus         0.0914790 0.0918872 0.0847479 0.0871546 0.0860912 0.0000000 0.1174945 
Bos_taurus          0.1041358 0.1059168 0.1073975 0.1116289 0.1104059 0.1174945 0.0000000 
