7
Ceratotherium_simum 0.0000000 0.0213578 0.1702186 0.1630876 0.1685146 0.4256597 0.3841618 
Diceros_bicornis    0.0213578 0.0000000 0.1702630 0.1631301 0.1685587 0.4201789 0.3873545 
Equus_asinus        0.1702186 0.1702630 0.0000000 0.0057676 0.0135679 0.4038276 0.3926624 
Equus_quagga        0.1630876 0.1631301 0.0057676 0.0000000 0.0077238 0.4004991 0.3832342 
Equus_caballus      0.1685146 0.1685587 0.0135679 0.0077238 0.0000000 0.4061237 0.3948911 
Canis_lupus         0.4256597 0.4201789 0.4038276 0.4004991 0.4061237 0.0000000 0.5432188 
Bos_taurus          0.3841618 0.3873545 0.3926624 0.3832342 0.3948911 0.5432188 0.0000000 
