7
Ceratotherium_simum 0.0000000 0.0037188 0.0270445 0.0264837 0.0263358 0.0644238 0.0654455 
Diceros_bicornis    0.0037188 0.0000000 0.0273808 0.0268269 0.0265024 0.0649677 0.0650382 
Equus_asinus        0.0270445 0.0273808 0.0000000 0.0010830 0.0013777 0.0649398 0.0640399 
Equus_quagga        0.0264837 0.0268269 0.0010830 0.0000000 0.0009277 0.0652426 0.0636181 
Equus_caballus      0.0263358 0.0265024 0.0013777 0.0009277 0.0000000 0.0643596 0.0631776 
Canis_lupus         0.0644238 0.0649677 0.0649398 0.0652426 0.0643596 0.0000000 0.0895732 
Bos_taurus          0.0654455 0.0650382 0.0640399 0.0636181 0.0631776 0.0895732 0.0000000 
