7
Ceratotherium_simum 0.0000000 0.0073701 0.1391452 0.1442882 0.1477093 0.2797053 0.4011829 
Diceros_bicornis    0.0073701 0.0000000 0.1373996 0.1425363 0.1459538 0.2733912 0.4035468 
Equus_asinus        0.1391452 0.1373996 0.0000000 0.0071007 0.0186211 0.3447756 0.4480744 
Equus_quagga        0.1442882 0.1425363 0.0071007 0.0000000 0.0171549 0.3509313 0.4495393 
Equus_caballus      0.1477093 0.1459538 0.0186211 0.0171549 0.0000000 0.3548383 0.4470939 
Canis_lupus         0.2797053 0.2733912 0.3447756 0.3509313 0.3548383 0.0000000 0.4733940 
Bos_taurus          0.4011829 0.4035468 0.4480744 0.4495393 0.4470939 0.4733940 0.0000000 
