7
Ceratotherium_simum 0.0000000 0.0133567 0.2292734 0.2162562 0.2162562 0.4126332 0.6910332 
Diceros_bicornis    0.0133567 0.0000000 0.2294646 0.2164347 0.2164347 0.4130547 0.6752241 
Equus_asinus        0.2292734 0.2294646 0.0000000 0.0099835 0.0200752 0.3820119 0.6777605 
Equus_quagga        0.2162562 0.2164347 0.0099835 0.0000000 0.0099826 0.3666341 0.6709698 
Equus_caballus      0.2162562 0.2164347 0.0200752 0.0099826 0.0000000 0.3666341 0.6780812 
Canis_lupus         0.4126332 0.4130547 0.3820119 0.3666341 0.3666341 0.0000000 0.7676218 
Bos_taurus          0.6910332 0.6752241 0.6777605 0.6709698 0.6780812 0.7676218 0.0000000 
