7
Ceratotherium_simum 0.0000000 0.0124445 0.1678114 0.1405860 0.1626565 7.5027396 0.2086378 
Diceros_bicornis    0.0124445 0.0000000 0.1680470 0.1410131 0.1628857 7.4308584 0.2045512 
Equus_asinus        0.1678114 0.1680470 0.0000000 0.0061279 0.0110862 9.0000000 0.2774021 
Equus_quagga        0.1405860 0.1410131 0.0061279 0.0000000 0.0091932 9.0000000 0.2458624 
Equus_caballus      0.1626565 0.1628857 0.0110862 0.0091932 0.0000000 9.0000000 0.2646497 
Canis_lupus         7.5027396 7.4308584 9.0000000 9.0000000 9.0000000 0.0000000 8.9141445 
Bos_taurus          0.2086378 0.2045512 0.2774021 0.2458624 0.2646497 8.9141445 0.0000000 
