7
Ceratotherium_simum 0.0000000 0.0135025 0.2884418 0.2884418 0.8182185 1.0043203 0.4278811 
Diceros_bicornis    0.0135025 0.0000000 0.2308710 0.2276089 0.5056727 0.6104184 0.3694440 
Equus_asinus        0.2884418 0.2308710 0.0000000 0.0000010 0.2273411 0.6499946 0.4072803 
Equus_quagga        0.2884418 0.2276089 0.0000010 0.0000000 0.2360520 0.6456114 0.3987349 
Equus_caballus      0.8182185 0.5056727 0.2273411 0.2360520 0.0000000 0.3303324 0.4233209 
Canis_lupus         1.0043203 0.6104184 0.6499946 0.6456114 0.3303324 0.0000000 0.3683598 
Bos_taurus          0.4278811 0.3694440 0.4072803 0.3987349 0.4233209 0.3683598 0.0000000 
