7
Ceratotherium_simum 0.0000000 0.0029189 0.0259338 0.0259339 0.0247724 0.0402527 0.0459111 
Diceros_bicornis    0.0029189 0.0000000 0.0278608 0.0278609 0.0266832 0.0431953 0.0480831 
Equus_asinus        0.0259338 0.0278608 0.0000000 0.0012887 0.0016136 0.0525904 0.0492701 
Equus_quagga        0.0259339 0.0278609 0.0012887 0.0000000 0.0016136 0.0525907 0.0501163 
Equus_caballus      0.0247724 0.0266832 0.0016136 0.0016136 0.0000000 0.0517974 0.0487593 
Canis_lupus         0.0402527 0.0431953 0.0525904 0.0525907 0.0517974 0.0000000 0.0586014 
Bos_taurus          0.0459111 0.0480831 0.0492701 0.0501163 0.0487593 0.0586014 0.0000000 
