7
Ceratotherium_simum 0.0000000 0.0063946 0.0678173 0.0694117 0.0676001 0.1141093 0.1498102 
Diceros_bicornis    0.0063946 0.0000000 0.0720215 0.0736378 0.0717873 0.1172791 0.1548698 
Equus_asinus        0.0678173 0.0720215 0.0000000 0.0012595 0.0070096 0.1313894 0.1578061 
Equus_quagga        0.0694117 0.0736378 0.0012595 0.0000000 0.0083009 0.1323496 0.1598925 
Equus_caballus      0.0676001 0.0717873 0.0070096 0.0083009 0.0000000 0.1327973 0.1539920 
Canis_lupus         0.1141093 0.1172791 0.1313894 0.1323496 0.1327973 0.0000000 0.1617467 
Bos_taurus          0.1498102 0.1548698 0.1578061 0.1598925 0.1539920 0.1617467 0.0000000 
