7
Ceratotherium_simum 0.0000000 0.0275162 0.0780655 0.0746983 0.0923933 0.2069304 0.1461506 
Diceros_bicornis    0.0275162 0.0000000 0.0985444 0.0949385 0.0955669 0.2249130 0.1629650 
Equus_asinus        0.0780655 0.0985444 0.0000000 0.0037170 0.0182993 0.1914368 0.1236360 
Equus_quagga        0.0746983 0.0949385 0.0037170 0.0000000 0.0169452 0.1939436 0.1174187 
Equus_caballus      0.0923933 0.0955669 0.0182993 0.0169452 0.0000000 0.2044306 0.1325951 
Canis_lupus         0.2069304 0.2249130 0.1914368 0.1939436 0.2044306 0.0000000 0.2425748 
Bos_taurus          0.1461506 0.1629650 0.1236360 0.1174187 0.1325951 0.2425748 0.0000000 
