7
Ceratotherium_simum 0.0000000 0.0208360 0.3838169 0.2421860 0.2324929 0.2932236 0.4140112 
Diceros_bicornis    0.0208360 0.0000000 0.3782482 0.2387316 0.2293755 0.2974391 0.4159079 
Equus_asinus        0.3838169 0.3782482 0.0000000 0.1850829 0.1552526 0.5001168 0.6400845 
Equus_quagga        0.2421860 0.2387316 0.1850829 0.0000000 0.0505706 0.3408267 0.4213827 
Equus_caballus      0.2324929 0.2293755 0.1552526 0.0505706 0.0000000 0.3218605 0.4275350 
Canis_lupus         0.2932236 0.2974391 0.5001168 0.3408267 0.3218605 0.0000000 0.5304861 
Bos_taurus          0.4140112 0.4159079 0.6400845 0.4213827 0.4275350 0.5304861 0.0000000 
