7
Ceratotherium_simum 0.0000000 0.0109288 0.0686447 0.0686447 0.0778460 0.1722456 0.1739812 
Diceros_bicornis    0.0109288 0.0000000 0.0637380 0.0637380 0.0726701 0.1697025 0.1749278 
Equus_asinus        0.0686447 0.0637380 0.0000000 0.0000010 0.0055502 0.1540367 0.1407436 
Equus_quagga        0.0686447 0.0637380 0.0000010 0.0000000 0.0055502 0.1540367 0.1407436 
Equus_caballus      0.0778460 0.0726701 0.0055502 0.0055502 0.0000000 0.1612625 0.1413896 
Canis_lupus         0.1722456 0.1697025 0.1540367 0.1540367 0.1612625 0.0000000 0.1822556 
Bos_taurus          0.1739812 0.1749278 0.1407436 0.1407436 0.1413896 0.1822556 0.0000000 
