7
Ceratotherium_simum 0.0000000 0.0037843 0.0828707 0.0841171 0.0799198 0.0704655 0.1024788 
Diceros_bicornis    0.0037843 0.0000000 0.0808487 0.0820757 0.0779045 0.0712460 0.1012316 
Equus_asinus        0.0828707 0.0808487 0.0000000 0.0024830 0.0062651 0.1055247 0.1427449 
Equus_quagga        0.0841171 0.0820757 0.0024830 0.0000000 0.0062646 0.1069787 0.1446310 
Equus_caballus      0.0799198 0.0779045 0.0062651 0.0062646 0.0000000 0.1046240 0.1445100 
Canis_lupus         0.0704655 0.0712460 0.1055247 0.1069787 0.1046240 0.0000000 0.1039363 
Bos_taurus          0.1024788 0.1012316 0.1427449 0.1446310 0.1445100 0.1039363 0.0000000 
