7
Ceratotherium_simum 0.0000000 0.1978798 0.1064691 0.1112826 0.0970954 0.1358771 0.1459923 
Diceros_bicornis    0.1978798 0.0000000 0.3101138 0.3169193 0.2974631 0.3474806 0.3654600 
Equus_asinus        0.1064691 0.3101138 0.0000000 0.0041488 0.0083189 0.1342360 0.1398532 
Equus_quagga        0.1112826 0.3169193 0.0041488 0.0000000 0.0125185 0.1392773 0.1419019 
Equus_caballus      0.0970954 0.2974631 0.0083189 0.0125185 0.0000000 0.1269545 0.1371687 
Canis_lupus         0.1358771 0.3474806 0.1342360 0.1392773 0.1269545 0.0000000 0.1481570 
Bos_taurus          0.1459923 0.3654600 0.1398532 0.1419019 0.1371687 0.1481570 0.0000000 
