7
Ceratotherium_simum 0.0000000 0.0070618 0.0672845 0.0694675 0.0687065 0.1335397 0.2132548 
Diceros_bicornis    0.0070618 0.0000000 0.0672142 0.0679915 0.0672339 0.1301682 0.2138792 
Equus_asinus        0.0672845 0.0672142 0.0000000 0.0044675 0.0051037 0.1524211 0.2219891 
Equus_quagga        0.0694675 0.0679915 0.0044675 0.0000000 0.0031863 0.1500577 0.2245340 
Equus_caballus      0.0687065 0.0672339 0.0051037 0.0031863 0.0000000 0.1491296 0.2226078 
Canis_lupus         0.1335397 0.1301682 0.1524211 0.1500577 0.1491296 0.0000000 0.2715727 
Bos_taurus          0.2132548 0.2138792 0.2219891 0.2245340 0.2226078 0.2715727 0.0000000 
