7
Ceratotherium_simum 0.0000000 0.0608253 0.2015697 0.1955208 0.1952036 0.4543368 0.3624639 
Diceros_bicornis    0.0608253 0.0000000 0.2225526 0.2163382 0.2159824 0.4365023 0.3866037 
Equus_asinus        0.2015697 0.2225526 0.0000000 0.0122317 0.0168689 0.4231581 0.3493945 
Equus_quagga        0.1955208 0.2163382 0.0122317 0.0000000 0.0168408 0.4218437 0.3484221 
Equus_caballus      0.1952036 0.2159824 0.0168689 0.0168408 0.0000000 0.4279350 0.3430769 
Canis_lupus         0.4543368 0.4365023 0.4231581 0.4218437 0.4279350 0.0000000 0.4681269 
Bos_taurus          0.3624639 0.3866037 0.3493945 0.3484221 0.3430769 0.4681269 0.0000000 
