7
Ceratotherium_simum 0.0000000 0.0186300 0.4541576 0.4642135 0.4068237 0.5353315 0.6816424 
Diceros_bicornis    0.0186300 0.0000000 0.4640172 0.4745104 0.3862027 0.5937775 0.6793526 
Equus_asinus        0.4541576 0.4640172 0.0000000 0.0598353 0.0724353 0.8252553 1.0639293 
Equus_quagga        0.4642135 0.4745104 0.0598353 0.0000000 0.0871304 0.8244826 1.0635955 
Equus_caballus      0.4068237 0.3862027 0.0724353 0.0871304 0.0000000 0.8408239 1.0176325 
Canis_lupus         0.5353315 0.5937775 0.8252553 0.8244826 0.8408239 0.0000000 1.2936556 
Bos_taurus          0.6816424 0.6793526 1.0639293 1.0635955 1.0176325 1.2936556 0.0000000 
