7
Ceratotherium_simum 0.0000000 0.0000010 0.1409049 0.1278213 0.1278213 0.3599515 0.4679605 
Diceros_bicornis    0.0000010 0.0000000 0.1409049 0.1278213 0.1278213 0.3599515 0.4679605 
Equus_asinus        0.1409049 0.1409049 0.0000000 0.0096618 0.0096618 0.3604050 0.5063473 
Equus_quagga        0.1278213 0.1278213 0.0096618 0.0000000 0.0000010 0.3405774 0.4764888 
Equus_caballus      0.1278213 0.1278213 0.0096618 0.0000010 0.0000000 0.3405774 0.4764888 
Canis_lupus         0.3599515 0.3599515 0.3604050 0.3405774 0.3405774 0.0000000 0.6309444 
Bos_taurus          0.4679605 0.4679605 0.5063473 0.4764888 0.4764888 0.6309444 0.0000000 
