7
Ceratotherium_simum 0.0000000 0.0088700 0.0976011 0.1828392 0.0976089 0.1582006 0.1907509 
Diceros_bicornis    0.0088700 0.0000000 0.1009355 0.1866709 0.0943102 0.1475483 0.1797928 
Equus_asinus        0.0976011 0.1009355 0.0000000 0.0734710 0.0058941 0.1784828 0.2325357 
Equus_quagga        0.1828392 0.1866709 0.0734710 0.0000000 0.0801763 0.2787159 0.3365385 
Equus_caballus      0.0976089 0.0943102 0.0058941 0.0801763 0.0000000 0.1711349 0.2249374 
Canis_lupus         0.1582006 0.1475483 0.1784828 0.2787159 0.1711349 0.0000000 0.2526824 
Bos_taurus          0.1907509 0.1797928 0.2325357 0.3365385 0.2249374 0.2526824 0.0000000 
