7
Ceratotherium_simum 0.0000000 0.0152485 0.2280026 0.2348537 0.2280955 0.4821380 1.0896241 
Diceros_bicornis    0.0152485 0.0000000 0.2247468 0.2315673 0.2248380 0.4759818 1.0913797 
Equus_asinus        0.2280026 0.2247468 0.0000000 0.0050385 0.0080811 0.4574943 1.0665399 
Equus_quagga        0.2348537 0.2315673 0.0050385 0.0000000 0.0131793 0.4632160 1.0710361 
Equus_caballus      0.2280955 0.2248380 0.0080811 0.0131793 0.0000000 0.4558143 1.0581597 
Canis_lupus         0.4821380 0.4759818 0.4574943 0.4632160 0.4558143 0.0000000 1.1418333 
Bos_taurus          1.0896241 1.0913797 1.0665399 1.0710361 1.0581597 1.1418333 0.0000000 
