7
Ceratotherium_simum 0.0000000 0.0088270 0.0842380 0.0853521 0.0859873 0.1408660 0.1343003 
Diceros_bicornis    0.0088270 0.0000000 0.0864579 0.0875758 0.0882148 0.1372421 0.1336520 
Equus_asinus        0.0842380 0.0864579 0.0000000 0.0053465 0.0068215 0.1622440 0.1598858 
Equus_quagga        0.0853521 0.0875758 0.0053465 0.0000000 0.0082930 0.1629146 0.1605548 
Equus_caballus      0.0859873 0.0882148 0.0068215 0.0082930 0.0000000 0.1630700 0.1600886 
Canis_lupus         0.1408660 0.1372421 0.1622440 0.1629146 0.1630700 0.0000000 0.1782087 
Bos_taurus          0.1343003 0.1336520 0.1598858 0.1605548 0.1600886 0.1782087 0.0000000 
