7
Ceratotherium_simum 0.0000000 0.0484680 0.1945062 0.1945062 0.1967923 0.7189202 0.5911919 
Diceros_bicornis    0.0484680 0.0000000 0.2031247 0.2031247 0.2053715 0.7147756 0.5668717 
Equus_asinus        0.1945062 0.2031247 0.0000000 0.0000010 0.0132275 0.6682945 0.6049660 
Equus_quagga        0.1945062 0.2031247 0.0000010 0.0000000 0.0132275 0.6682945 0.6049660 
Equus_caballus      0.1967923 0.2053715 0.0132275 0.0132275 0.0000000 0.6582667 0.5994313 
Canis_lupus         0.7189202 0.7147756 0.6682945 0.6682945 0.6582667 0.0000000 0.9437456 
Bos_taurus          0.5911919 0.5668717 0.6049660 0.6049660 0.5994313 0.9437456 0.0000000 
