7
Ceratotherium_simum 0.0000000 0.0102059 0.1146233 0.1146233 0.1225590 0.2195758 0.2217873 
Diceros_bicornis    0.0102059 0.0000000 0.1139630 0.1139630 0.1218448 0.2136191 0.2158678 
Equus_asinus        0.1146233 0.1139630 0.0000000 0.0067574 0.0135690 0.2128971 0.2406335 
Equus_quagga        0.1146233 0.1139630 0.0067574 0.0000000 0.0135690 0.2173322 0.2406335 
Equus_caballus      0.1225590 0.1218448 0.0135690 0.0135690 0.0000000 0.2173322 0.2406335 
Canis_lupus         0.2195758 0.2136191 0.2128971 0.2173322 0.2173322 0.0000000 0.2340010 
Bos_taurus          0.2217873 0.2158678 0.2406335 0.2406335 0.2406335 0.2340010 0.0000000 
