7
Ceratotherium_simum 0.0000000 0.0051379 0.0211250 0.0215916 0.0224404 0.0397638 0.0491452 
Diceros_bicornis    0.0051379 0.0000000 0.0233843 0.0238607 0.0247179 0.0413604 0.0503266 
Equus_asinus        0.0211250 0.0233843 0.0000000 0.0003882 0.0027355 0.0392119 0.0534644 
Equus_quagga        0.0215916 0.0238607 0.0003882 0.0000000 0.0031331 0.0397601 0.0540702 
Equus_caballus      0.0224404 0.0247179 0.0027355 0.0031331 0.0000000 0.0396987 0.0550092 
Canis_lupus         0.0397638 0.0413604 0.0392119 0.0397601 0.0396987 0.0000000 0.0601972 
Bos_taurus          0.0491452 0.0503266 0.0534644 0.0540702 0.0550092 0.0601972 0.0000000 
