7
Ceratotherium_simum 0.0000000 0.0061663 0.1015140 0.0980737 0.1015140 0.3827270 0.1420425 
Diceros_bicornis    0.0061663 0.0000000 0.1015140 0.0980737 0.1015140 0.3827270 0.1420425 
Equus_asinus        0.1015140 0.1015140 0.0000000 0.0030781 0.0061663 0.4396609 0.2114505 
Equus_quagga        0.0980737 0.0980737 0.0030781 0.0000000 0.0030781 0.4396609 0.2075621 
Equus_caballus      0.1015140 0.1015140 0.0061663 0.0030781 0.0000000 0.4449309 0.2075621 
Canis_lupus         0.3827270 0.3827270 0.4396609 0.4396609 0.4449309 0.0000000 0.4596403 
Bos_taurus          0.1420425 0.1420425 0.2114505 0.2075621 0.2075621 0.4596403 0.0000000 
