7
Ceratotherium_simum 0.0000000 0.2084485 0.4640230 0.4684607 0.4660741 0.4696892 0.5867402 
Diceros_bicornis    0.2084485 0.0000000 0.2806583 0.2776301 0.2713518 0.3108120 0.4193058 
Equus_asinus        0.4640230 0.2806583 0.0000000 0.0064348 0.0112973 0.2610781 0.4376277 
Equus_quagga        0.4684607 0.2776301 0.0064348 0.0000000 0.0080506 0.2581163 0.4336505 
Equus_caballus      0.4660741 0.2713518 0.0112973 0.0080506 0.0000000 0.2560589 0.4314372 
Canis_lupus         0.4696892 0.3108120 0.2610781 0.2581163 0.2560589 0.0000000 0.3426474 
Bos_taurus          0.5867402 0.4193058 0.4376277 0.4336505 0.4314372 0.3426474 0.0000000 
