7
Ceratotherium_simum 0.0000000 0.0070479 0.0740638 0.0769795 0.0729804 0.1276509 0.1367828 
Diceros_bicornis    0.0070479 0.0000000 0.0792108 0.0821851 0.0781258 0.1276105 0.1440569 
Equus_asinus        0.0740638 0.0792108 0.0000000 0.0040199 0.0050372 0.1267140 0.1507276 
Equus_quagga        0.0769795 0.0821851 0.0040199 0.0000000 0.0071014 0.1288965 0.1535984 
Equus_caballus      0.0729804 0.0781258 0.0050372 0.0071014 0.0000000 0.1255538 0.1479781 
Canis_lupus         0.1276509 0.1276105 0.1267140 0.1288965 0.1255538 0.0000000 0.1562407 
Bos_taurus          0.1367828 0.1440569 0.1507276 0.1535984 0.1479781 0.1562407 0.0000000 
