7
Ceratotherium_simum 0.0000000 0.0025016 0.0279899 0.0273359 0.0273359 0.0556307 0.1575864 
Diceros_bicornis    0.0025016 0.0000000 0.0266828 0.0260305 0.0260305 0.0542646 0.1559541 
Equus_asinus        0.0279899 0.0266828 0.0000000 0.0018743 0.0018743 0.0582761 0.1566526 
Equus_quagga        0.0273359 0.0260305 0.0018743 0.0000000 0.0012488 0.0575900 0.1558376 
Equus_caballus      0.0273359 0.0260305 0.0018743 0.0012488 0.0000000 0.0575900 0.1558376 
Canis_lupus         0.0556307 0.0542646 0.0582761 0.0575900 0.0575900 0.0000000 0.1650764 
Bos_taurus          0.1575864 0.1559541 0.1566526 0.1558376 0.1558376 0.1650764 0.0000000 
