7
Ceratotherium_simum 0.0000000 0.0027443 0.0596099 0.0602667 0.0603417 0.1255791 0.1451777 
Diceros_bicornis    0.0027443 0.0000000 0.0607488 0.0614092 0.0614854 0.1262862 0.1474452 
Equus_asinus        0.0596099 0.0607488 0.0000000 0.0022871 0.0060058 0.1287509 0.1474320 
Equus_quagga        0.0602667 0.0614092 0.0022871 0.0000000 0.0064793 0.1282389 0.1477320 
Equus_caballus      0.0603417 0.0614854 0.0060058 0.0064793 0.0000000 0.1263497 0.1446954 
Canis_lupus         0.1255791 0.1262862 0.1287509 0.1282389 0.1263497 0.0000000 0.1813267 
Bos_taurus          0.1451777 0.1474452 0.1474320 0.1477320 0.1446954 0.1813267 0.0000000 
