7
Ceratotherium_simum 0.0000000 0.0432455 0.3580829 0.3751351 0.3755419 1.2123081 1.1214441 
Diceros_bicornis    0.0432455 0.0000000 0.4236232 0.4422858 0.4428057 1.2517716 1.2044192 
Equus_asinus        0.3580829 0.4236232 0.0000000 0.0104712 0.0319338 0.7596826 0.9619266 
Equus_quagga        0.3751351 0.4422858 0.0104712 0.0000000 0.0428960 0.7808686 0.9619266 
Equus_caballus      0.3755419 0.4428057 0.0319338 0.0428960 0.0000000 0.7818739 0.9895972 
Canis_lupus         1.2123081 1.2517716 0.7596826 0.7808686 0.7818739 0.0000000 0.7092335 
Bos_taurus          1.1214441 1.2044192 0.9619266 0.9619266 0.9895972 0.7092335 0.0000000 
