7
Ceratotherium_simum 0.0000000 0.0092347 0.2226067 0.2198098 0.2178397 0.4553177 0.3556031 
Diceros_bicornis    0.0092347 0.0000000 0.2226067 0.2198098 0.2178397 0.4606433 0.3603677 
Equus_asinus        0.2226067 0.2226067 0.0000000 0.0092951 0.0077410 0.5259498 0.4114957 
Equus_quagga        0.2198098 0.2198098 0.0092951 0.0000000 0.0046244 0.5233262 0.4071445 
Equus_caballus      0.2178397 0.2178397 0.0077410 0.0046244 0.0000000 0.5206992 0.4098261 
Canis_lupus         0.4553177 0.4606433 0.5259498 0.5233262 0.5206992 0.0000000 0.5305215 
Bos_taurus          0.3556031 0.3603677 0.4114957 0.4071445 0.4098261 0.5305215 0.0000000 
