7
Ceratotherium_simum 0.0000000 0.0181043 0.3701457 0.3720102 0.3243126 0.5453800 0.2904997 
Diceros_bicornis    0.0181043 0.0000000 0.3653484 0.3671940 0.3193146 0.5586904 0.2951075 
Equus_asinus        0.3701457 0.3653484 0.0000000 0.0089040 0.0270389 0.5226499 0.4103724 
Equus_quagga        0.3720102 0.3671940 0.0089040 0.0000000 0.0271123 0.5492953 0.4125070 
Equus_caballus      0.3243126 0.3193146 0.0270389 0.0271123 0.0000000 0.5196431 0.3772249 
Canis_lupus         0.5453800 0.5586904 0.5226499 0.5492953 0.5196431 0.0000000 0.6293250 
Bos_taurus          0.2904997 0.2951075 0.4103724 0.4125070 0.3772249 0.6293250 0.0000000 
