7
Ceratotherium_simum 0.0000000 0.0079130 0.1278144 0.1230724 0.1230724 0.2653230 0.2897216 
Diceros_bicornis    0.0079130 0.0000000 0.1278350 0.1230923 0.1230923 0.2653605 0.2897622 
Equus_asinus        0.1278144 0.1278350 0.0000000 0.0039499 0.0039499 0.3063797 0.3383220 
Equus_quagga        0.1230724 0.1230923 0.0039499 0.0000000 0.0000010 0.3005959 0.3443299 
Equus_caballus      0.1230724 0.1230923 0.0039499 0.0000010 0.0000000 0.3005959 0.3443299 
Canis_lupus         0.2653230 0.2653605 0.3063797 0.3005959 0.3005959 0.0000000 0.4090066 
Bos_taurus          0.2897216 0.2897622 0.3383220 0.3443299 0.3443299 0.4090066 0.0000000 
