7
Ceratotherium_simum 0.0000000 0.0076259 0.0399016 0.0399016 0.0374162 0.0788601 0.0888890 
Diceros_bicornis    0.0076259 0.0000000 0.0398040 0.0398040 0.0373255 0.0791720 0.0869759 
Equus_asinus        0.0399016 0.0398040 0.0000000 0.0008359 0.0037881 0.0876916 0.0979134 
Equus_quagga        0.0399016 0.0398040 0.0008359 0.0000000 0.0037881 0.0876916 0.0979134 
Equus_caballus      0.0374162 0.0373255 0.0037881 0.0037881 0.0000000 0.0829981 0.0941940 
Canis_lupus         0.0788601 0.0791720 0.0876916 0.0876916 0.0829981 0.0000000 0.1080043 
Bos_taurus          0.0888890 0.0869759 0.0979134 0.0979134 0.0941940 0.1080043 0.0000000 
