7
Ceratotherium_simum 0.0000000 0.0136041 0.1162226 0.2026922 0.1625832 0.1502361 0.1635494 
Diceros_bicornis    0.0136041 0.0000000 0.1182419 0.2099682 0.1714021 0.1567017 0.1668136 
Equus_asinus        0.1162226 0.1182419 0.0000000 0.0085391 0.0120200 0.1300834 0.1611533 
Equus_quagga        0.2026922 0.2099682 0.0085391 0.0000000 0.0560567 0.2176906 0.2410441 
Equus_caballus      0.1625832 0.1714021 0.0120200 0.0560567 0.0000000 0.1669194 0.2135489 
Canis_lupus         0.1502361 0.1567017 0.1300834 0.2176906 0.1669194 0.0000000 0.1590589 
Bos_taurus          0.1635494 0.1668136 0.1611533 0.2410441 0.2135489 0.1590589 0.0000000 
