7
Ceratotherium_simum 0.0000000 0.0096934 0.2115412 0.2056014 0.2127363 0.5096893 0.4877258 
Diceros_bicornis    0.0096934 0.0000000 0.2251632 0.2193352 0.2264329 0.5197269 0.4882207 
Equus_asinus        0.2115412 0.2251632 0.0000000 0.0046686 0.0093901 0.5015194 0.5326406 
Equus_quagga        0.2056014 0.2193352 0.0046686 0.0000000 0.0046848 0.4942933 0.5267441 
Equus_caballus      0.2127363 0.2264329 0.0093901 0.0046848 0.0000000 0.5067718 0.5374320 
Canis_lupus         0.5096893 0.5197269 0.5015194 0.4942933 0.5067718 0.0000000 0.8982092 
Bos_taurus          0.4877258 0.4882207 0.5326406 0.5267441 0.5374320 0.8982092 0.0000000 
