7
Ceratotherium_simum 0.0000000 0.0045666 0.0417101 0.0432748 0.0388246 0.2204952 0.0875526 
Diceros_bicornis    0.0045666 0.0000000 0.0459919 0.0475933 0.0403156 0.2249369 0.0904872 
Equus_asinus        0.0417101 0.0459919 0.0000000 0.0033994 0.0045453 0.2153929 0.0955430 
Equus_quagga        0.0432748 0.0475933 0.0033994 0.0000000 0.0057113 0.2189372 0.0955430 
Equus_caballus      0.0388246 0.0403156 0.0045453 0.0057113 0.0000000 0.2161816 0.0920077 
Canis_lupus         0.2204952 0.2249369 0.2153929 0.2189372 0.2161816 0.0000000 0.2048353 
Bos_taurus          0.0875526 0.0904872 0.0955430 0.0955430 0.0920077 0.2048353 0.0000000 
