7
Ceratotherium_simum 0.0000000 0.0058054 0.0424524 0.0448294 0.0416889 0.0971553 0.0754623 
Diceros_bicornis    0.0058054 0.0000000 0.0415531 0.0439133 0.0407945 0.0949138 0.0754680 
Equus_asinus        0.0424524 0.0415531 0.0000000 0.0025624 0.0032027 0.0988886 0.0866737 
Equus_quagga        0.0448294 0.0439133 0.0025624 0.0000000 0.0057996 0.1014147 0.0886118 
Equus_caballus      0.0416889 0.0407945 0.0032027 0.0057996 0.0000000 0.0988886 0.0866537 
Canis_lupus         0.0971553 0.0949138 0.0988886 0.1014147 0.0988886 0.0000000 0.1218209 
Bos_taurus          0.0754623 0.0754680 0.0866737 0.0886118 0.0866537 0.1218209 0.0000000 
