7
Ceratotherium_simum 0.0000000 0.8579075 0.0651676 0.0650659 0.0673963 0.1166053 0.1175088 
Diceros_bicornis    0.8579075 0.0000000 0.9109221 0.9066957 0.9145947 1.0028677 0.9881904 
Equus_asinus        0.0651676 0.9109221 0.0000000 0.0470097 0.0106705 0.1204382 0.1149968 
Equus_quagga        0.0650659 0.9066957 0.0470097 0.0000000 0.0514555 0.1152447 0.1208537 
Equus_caballus      0.0673963 0.9145947 0.0106705 0.0514555 0.0000000 0.1203303 0.1138230 
Canis_lupus         0.1166053 1.0028677 0.1204382 0.1152447 0.1203303 0.0000000 0.1331364 
Bos_taurus          0.1175088 0.9881904 0.1149968 0.1208537 0.1138230 0.1331364 0.0000000 
