7
Ceratotherium_simum 0.0000000 0.0089666 0.0243590 0.0283918 0.0259469 0.0597513 0.0550161 
Diceros_bicornis    0.0089666 0.0000000 0.0290231 0.0331876 0.0306607 0.0644452 0.0588220 
Equus_asinus        0.0243590 0.0290231 0.0000000 0.0034091 0.0054608 0.0650944 0.0613538 
Equus_quagga        0.0283918 0.0331876 0.0034091 0.0000000 0.0061924 0.0675481 0.0647504 
Equus_caballus      0.0259469 0.0306607 0.0054608 0.0061924 0.0000000 0.0653059 0.0596899 
Canis_lupus         0.0597513 0.0644452 0.0650944 0.0675481 0.0653059 0.0000000 0.0700684 
Bos_taurus          0.0550161 0.0588220 0.0613538 0.0647504 0.0596899 0.0700684 0.0000000 
