7
Ceratotherium_simum 0.0000000 0.2467622 0.4922632 0.4938099 0.4808530 0.6417266 0.6651982 
Diceros_bicornis    0.2467622 0.0000000 0.2342762 0.2318273 0.2253787 0.3226329 0.3659757 
Equus_asinus        0.4922632 0.2342762 0.0000000 0.0225487 0.0226204 0.2886149 0.3337116 
Equus_quagga        0.4938099 0.2318273 0.0225487 0.0000000 0.0278996 0.2811646 0.3335116 
Equus_caballus      0.4808530 0.2253787 0.0226204 0.0278996 0.0000000 0.2870933 0.3398903 
Canis_lupus         0.6417266 0.3226329 0.2886149 0.2811646 0.2870933 0.0000000 0.3112445 
Bos_taurus          0.6651982 0.3659757 0.3337116 0.3335116 0.3398903 0.3112445 0.0000000 
