7
Ceratotherium_simum 0.0000000 0.4492308 0.5823742 0.1301312 0.5716389 0.5674195 0.6074730 
Diceros_bicornis    0.4492308 0.0000000 0.0966659 0.1006637 0.0949982 0.0932557 0.1075730 
Equus_asinus        0.5823742 0.0966659 0.0000000 0.0024818 0.0112082 0.1403094 0.1490153 
Equus_quagga        0.1301312 0.1006637 0.0024818 0.0000000 0.0024818 0.1389929 0.1571450 
Equus_caballus      0.5716389 0.0949982 0.0112082 0.0024818 0.0000000 0.1386028 0.1473141 
Canis_lupus         0.5674195 0.0932557 0.1403094 0.1389929 0.1386028 0.0000000 0.1475566 
Bos_taurus          0.6074730 0.1075730 0.1490153 0.1571450 0.1473141 0.1475566 0.0000000 
