7
Ceratotherium_simum 0.0000000 0.0130971 0.1077765 0.1069988 0.1080901 0.2096126 0.4150082 
Diceros_bicornis    0.0130971 0.0000000 0.1092691 0.1084902 0.1095839 0.2104289 0.4163709 
Equus_asinus        0.1077765 0.1092691 0.0000000 0.0024229 0.0092978 0.2059124 0.4310719 
Equus_quagga        0.1069988 0.1084902 0.0024229 0.0000000 0.0086292 0.2047477 0.4285536 
Equus_caballus      0.1080901 0.1095839 0.0092978 0.0086292 0.0000000 0.2053742 0.4310498 
Canis_lupus         0.2096126 0.2104289 0.2059124 0.2047477 0.2053742 0.0000000 0.4477623 
Bos_taurus          0.4150082 0.4163709 0.4310719 0.4285536 0.4310498 0.4477623 0.0000000 
