7
Ceratotherium_simum 0.0000000 0.0266226 0.2472975 0.2522430 0.2484454 0.3799803 0.5384018 
Diceros_bicornis    0.0266226 0.0000000 0.2334494 0.2382374 0.2345657 0.3547549 0.5011809 
Equus_asinus        0.2472975 0.2334494 0.0000000 0.0064746 0.0121740 0.3783795 0.4675728 
Equus_quagga        0.2522430 0.2382374 0.0064746 0.0000000 0.0138235 0.3843410 0.4713314 
Equus_caballus      0.2484454 0.2345657 0.0121740 0.0138235 0.0000000 0.3756977 0.4675506 
Canis_lupus         0.3799803 0.3547549 0.3783795 0.3843410 0.3756977 0.0000000 0.5440985 
Bos_taurus          0.5384018 0.5011809 0.4675728 0.4713314 0.4675506 0.5440985 0.0000000 
