7
Ceratotherium_simum 0.0000000 0.0054233 0.0392743 0.0391462 0.0392111 0.0693907 0.0967921 
Diceros_bicornis    0.0054233 0.0000000 0.0418390 0.0408335 0.0431518 0.0754287 0.1145556 
Equus_asinus        0.0392743 0.0418390 0.0000000 0.0018988 0.0047177 0.0729240 0.1119161 
Equus_quagga        0.0391462 0.0408335 0.0018988 0.0000000 0.0053555 0.0704573 0.1028837 
Equus_caballus      0.0392111 0.0431518 0.0047177 0.0053555 0.0000000 0.0744636 0.1134717 
Canis_lupus         0.0693907 0.0754287 0.0729240 0.0704573 0.0744636 0.0000000 0.1313532 
Bos_taurus          0.0967921 0.1145556 0.1119161 0.1028837 0.1134717 0.1313532 0.0000000 
