7
Ceratotherium_simum 0.0000000 0.0146305 0.0917375 0.0950343 0.0966793 0.2031373 0.1746391 
Diceros_bicornis    0.0146305 0.0000000 0.0935212 0.0968299 0.0984799 0.2034478 0.1805622 
Equus_asinus        0.0917375 0.0935212 0.0000000 0.0028911 0.0043403 0.2152121 0.1790221 
Equus_quagga        0.0950343 0.0968299 0.0028911 0.0000000 0.0072471 0.2191260 0.1827894 
Equus_caballus      0.0966793 0.0984799 0.0043403 0.0072471 0.0000000 0.2191260 0.1846635 
Canis_lupus         0.2031373 0.2034478 0.2152121 0.2191260 0.2191260 0.0000000 0.2587852 
Bos_taurus          0.1746391 0.1805622 0.1790221 0.1827894 0.1846635 0.2587852 0.0000000 
