7
Ceratotherium_simum 0.0000000 0.0053883 0.0410687 0.0396771 0.0405191 0.0902315 0.1918476 
Diceros_bicornis    0.0053883 0.0000000 0.0396428 0.0382597 0.0390995 0.0882051 0.1934245 
Equus_asinus        0.0410687 0.0396428 0.0000000 0.0011435 0.0038408 0.0955063 0.1947056 
Equus_quagga        0.0396771 0.0382597 0.0011435 0.0000000 0.0034537 0.0960944 0.1939175 
Equus_caballus      0.0405191 0.0390995 0.0038408 0.0034537 0.0000000 0.0979127 0.1986684 
Canis_lupus         0.0902315 0.0882051 0.0955063 0.0960944 0.0979127 0.0000000 0.2125537 
Bos_taurus          0.1918476 0.1934245 0.1947056 0.1939175 0.1986684 0.2125537 0.0000000 
