7
Ceratotherium_simum 0.0000000 0.0336182 0.1570730 0.1570730 0.1470796 0.2280023 0.5122031 
Diceros_bicornis    0.0336182 0.0000000 0.2024931 0.2024931 0.1918114 0.2779153 0.5585975 
Equus_asinus        0.1570730 0.2024931 0.0000000 0.0000010 0.0081562 0.2424030 0.4857740 
Equus_quagga        0.1570730 0.2024931 0.0000010 0.0000000 0.0081562 0.2424030 0.4857740 
Equus_caballus      0.1470796 0.1918114 0.0081562 0.0081562 0.0000000 0.2315243 0.4989669 
Canis_lupus         0.2280023 0.2779153 0.2424030 0.2424030 0.2315243 0.0000000 0.5027112 
Bos_taurus          0.5122031 0.5585975 0.4857740 0.4857740 0.4989669 0.5027112 0.0000000 
