7
Ceratotherium_simum 0.0000000 0.0140672 0.1286258 0.1232039 0.2034664 0.2448113 0.2296074 
Diceros_bicornis    0.0140672 0.0000000 0.1231125 0.1177241 0.1973161 0.2383798 0.2255779 
Equus_asinus        0.1286258 0.1231125 0.0000000 0.0077615 0.0894940 0.2837985 0.2679015 
Equus_quagga        0.1232039 0.1177241 0.0077615 0.0000000 0.0842908 0.2772798 0.2615463 
Equus_caballus      0.2034664 0.1973161 0.0894940 0.0842908 0.0000000 0.2922998 0.3708243 
Canis_lupus         0.2448113 0.2383798 0.2837985 0.2772798 0.2922998 0.0000000 0.3268697 
Bos_taurus          0.2296074 0.2255779 0.2679015 0.2615463 0.3708243 0.3268697 0.0000000 
