7
Ceratotherium_simum 0.0000000 0.0030487 0.0917591 0.1030638 0.0995184 0.1790179 0.2515104 
Diceros_bicornis    0.0030487 0.0000000 0.0939079 0.1055362 0.1018751 0.1774657 0.2462991 
Equus_asinus        0.0917591 0.0939079 0.0000000 0.0081345 0.0142015 0.1931507 0.2506799 
Equus_quagga        0.1030638 0.1055362 0.0081345 0.0000000 0.0206772 0.1914399 0.2510790 
Equus_caballus      0.0995184 0.1018751 0.0142015 0.0206772 0.0000000 0.2018040 0.2539382 
Canis_lupus         0.1790179 0.1774657 0.1931507 0.1914399 0.2018040 0.0000000 0.2666276 
Bos_taurus          0.2515104 0.2462991 0.2506799 0.2510790 0.2539382 0.2666276 0.0000000 
