7
Ceratotherium_simum 0.0000000 0.0316663 0.2329183 0.2386692 0.2307809 0.3758198 0.4830800 
Diceros_bicornis    0.0316663 0.0000000 0.2329864 0.2387400 0.2308485 0.3844991 0.4791729 
Equus_asinus        0.2329183 0.2329864 0.0000000 0.0067255 0.0202044 0.4165882 0.5285243 
Equus_quagga        0.2386692 0.2387400 0.0067255 0.0000000 0.0226994 0.4203564 0.5373151 
Equus_caballus      0.2307809 0.2308485 0.0202044 0.0226994 0.0000000 0.4187255 0.5296096 
Canis_lupus         0.3758198 0.3844991 0.4165882 0.4203564 0.4187255 0.0000000 0.6334270 
Bos_taurus          0.4830800 0.4791729 0.5285243 0.5373151 0.5296096 0.6334270 0.0000000 
