7
Ceratotherium_simum 0.0000000 0.0177485 0.2588119 0.1792492 0.1860165 0.2490109 0.5851576 
Diceros_bicornis    0.0177485 0.0000000 0.2568284 0.1729392 0.1796817 0.2524187 0.5854217 
Equus_asinus        0.2588119 0.2568284 0.0000000 0.0615951 0.0674731 0.3441992 0.7888311 
Equus_quagga        0.1792492 0.1729392 0.0615951 0.0000000 0.0087283 0.2526433 0.6270525 
Equus_caballus      0.1860165 0.1796817 0.0674731 0.0087283 0.0000000 0.2505284 0.6225887 
Canis_lupus         0.2490109 0.2524187 0.3441992 0.2526433 0.2505284 0.0000000 0.6235209 
Bos_taurus          0.5851576 0.5854217 0.7888311 0.6270525 0.6225887 0.6235209 0.0000000 
