7
Ceratotherium_simum 0.0000000 0.0255887 0.1890885 0.1805470 0.1977071 0.3782124 0.3500499 
Diceros_bicornis    0.0255887 0.0000000 0.1811245 0.1726450 0.1896861 0.3689129 0.3501967 
Equus_asinus        0.1890885 0.1811245 0.0000000 0.0063327 0.0258400 0.3893061 0.3369945 
Equus_quagga        0.1805470 0.1726450 0.0063327 0.0000000 0.0192667 0.3778125 0.3355548 
Equus_caballus      0.1977071 0.1896861 0.0258400 0.0192667 0.0000000 0.4007188 0.3483585 
Canis_lupus         0.3782124 0.3689129 0.3893061 0.3778125 0.4007188 0.0000000 0.4885576 
Bos_taurus          0.3500499 0.3501967 0.3369945 0.3355548 0.3483585 0.4885576 0.0000000 
