7
Ceratotherium_simum 0.0000000 0.0312391 0.2615446 0.2545090 0.2892334 0.7428911 0.5818677 
Diceros_bicornis    0.0312391 0.0000000 0.2825789 0.2753175 0.3110396 0.7517486 0.5782815 
Equus_asinus        0.2615446 0.2825789 0.0000000 0.0043737 0.0176836 0.7093789 0.5155030 
Equus_quagga        0.2545090 0.2753175 0.0043737 0.0000000 0.0222040 0.7154452 0.5060964 
Equus_caballus      0.2892334 0.3110396 0.0176836 0.0222040 0.0000000 0.7377088 0.5323513 
Canis_lupus         0.7428911 0.7517486 0.7093789 0.7154452 0.7377088 0.0000000 0.8380383 
Bos_taurus          0.5818677 0.5782815 0.5155030 0.5060964 0.5323513 0.8380383 0.0000000 
