7
Ceratotherium_simum 0.0000000 0.0165844 0.1773812 0.1829407 0.1774675 0.3724779 0.4321352 
Diceros_bicornis    0.0165844 0.0000000 0.1779347 0.1835229 0.1780217 0.3739689 0.4390431 
Equus_asinus        0.1773812 0.1779347 0.0000000 0.0027569 0.0054736 0.3310487 0.4002442 
Equus_quagga        0.1829407 0.1835229 0.0027569 0.0000000 0.0083047 0.3304708 0.4003013 
Equus_caballus      0.1774675 0.1780217 0.0054736 0.0083047 0.0000000 0.3312567 0.4005265 
Canis_lupus         0.3724779 0.3739689 0.3310487 0.3304708 0.3312567 0.0000000 0.3139233 
Bos_taurus          0.4321352 0.4390431 0.4002442 0.4003013 0.4005265 0.3139233 0.0000000 
