7
Ceratotherium_simum 0.0000000 0.0333445 0.1684608 0.1685624 0.1737600 0.3290817 0.3135837 
Diceros_bicornis    0.0333445 0.0000000 0.1585354 0.1618740 0.1670716 0.3312635 0.3176548 
Equus_asinus        0.1684608 0.1585354 0.0000000 0.0025856 0.0064878 0.3768246 0.3502161 
Equus_quagga        0.1685624 0.1618740 0.0025856 0.0000000 0.0091002 0.3811360 0.3544759 
Equus_caballus      0.1737600 0.1670716 0.0064878 0.0091002 0.0000000 0.3821445 0.3553926 
Canis_lupus         0.3290817 0.3312635 0.3768246 0.3811360 0.3821445 0.0000000 0.4334703 
Bos_taurus          0.3135837 0.3176548 0.3502161 0.3544759 0.3553926 0.4334703 0.0000000 
