7
Ceratotherium_simum 0.0000000 0.0073301 0.0881154 0.0894516 0.0895565 0.1439936 0.2345811 
Diceros_bicornis    0.0073301 0.0000000 0.0778663 0.0777435 0.1049918 0.1544922 0.2342986 
Equus_asinus        0.0881154 0.0778663 0.0000000 0.0078543 0.0372722 0.1433604 0.2112146 
Equus_quagga        0.0894516 0.0777435 0.0078543 0.0000000 0.0413887 0.1431023 0.2140134 
Equus_caballus      0.0895565 0.1049918 0.0372722 0.0413887 0.0000000 0.1558337 0.2163752 
Canis_lupus         0.1439936 0.1544922 0.1433604 0.1431023 0.1558337 0.0000000 0.2912079 
Bos_taurus          0.2345811 0.2342986 0.2112146 0.2140134 0.2163752 0.2912079 0.0000000 
