7
Ceratotherium_simum 0.0000000 0.0533549 0.2524118 0.2143057 0.2461388 0.4354148 0.5770068 
Diceros_bicornis    0.0533549 0.0000000 0.2326559 0.1985223 0.2262233 0.4240171 0.5684428 
Equus_asinus        0.2524118 0.2326559 0.0000000 0.0106273 0.0281508 0.3813528 0.5436491 
Equus_quagga        0.2143057 0.1985223 0.0106273 0.0000000 0.0244370 0.3835406 0.5425725 
Equus_caballus      0.2461388 0.2262233 0.0281508 0.0244370 0.0000000 0.3763595 0.5331252 
Canis_lupus         0.4354148 0.4240171 0.3813528 0.3835406 0.3763595 0.0000000 0.5468815 
Bos_taurus          0.5770068 0.5684428 0.5436491 0.5425725 0.5331252 0.5468815 0.0000000 
