7
Ceratotherium_simum 0.0000000 0.0160235 0.1823559 0.1830703 0.1823527 0.3169749 3.3200322 
Diceros_bicornis    0.0160235 0.0000000 0.1933187 0.1940915 0.1933159 0.3185244 3.1609185 
Equus_asinus        0.1823559 0.1933187 0.0000000 0.0080050 0.0200964 0.3300523 2.8784050 
Equus_quagga        0.1830703 0.1940915 0.0080050 0.0000000 0.0201562 0.3317080 2.9330095 
Equus_caballus      0.1823527 0.1933159 0.0200964 0.0201562 0.0000000 0.3300624 2.8579592 
Canis_lupus         0.3169749 0.3185244 0.3300523 0.3317080 0.3300624 0.0000000 2.7753675 
Bos_taurus          3.3200322 3.1609185 2.8784050 2.9330095 2.8579592 2.7753675 0.0000000 
