7
Ceratotherium_simum 0.0000000 0.0219378 0.1028404 0.1028404 0.1588586 0.2091423 0.6892765 
Diceros_bicornis    0.0219378 0.0000000 0.1133073 0.1133073 0.1706536 0.2306123 0.6817810 
Equus_asinus        0.1028404 0.1133073 0.0000000 0.0000010 0.0548713 0.3196513 0.7600981 
Equus_quagga        0.1028404 0.1133073 0.0000010 0.0000000 0.0548713 0.3196513 0.7600981 
Equus_caballus      0.1588586 0.1706536 0.0548713 0.0548713 0.0000000 0.3869629 0.7070769 
Canis_lupus         0.2091423 0.2306123 0.3196513 0.3196513 0.3869629 0.0000000 0.7418189 
Bos_taurus          0.6892765 0.6817810 0.7600981 0.7600981 0.7070769 0.7418189 0.0000000 
