7
Ceratotherium_simum 0.0000000 0.0293006 0.1154488 0.1281355 0.1287369 0.2044221 0.2315528 
Diceros_bicornis    0.0293006 0.0000000 0.1023759 0.1452535 0.1016631 0.1742516 0.2108978 
Equus_asinus        0.1154488 0.1023759 0.0000000 0.0178986 0.0070038 0.2284090 0.2349896 
Equus_quagga        0.1281355 0.1452535 0.0178986 0.0000000 0.0487083 0.2849936 0.2869283 
Equus_caballus      0.1287369 0.1016631 0.0070038 0.0487083 0.0000000 0.2195870 0.2397697 
Canis_lupus         0.2044221 0.1742516 0.2284090 0.2849936 0.2195870 0.0000000 0.2854596 
Bos_taurus          0.2315528 0.2108978 0.2349896 0.2869283 0.2397697 0.2854596 0.0000000 
