7
Ceratotherium_simum 0.0000000 0.0685180 0.2609591 0.2609591 0.2623307 0.3098340 0.5820940 
Diceros_bicornis    0.0685180 0.0000000 0.2258088 0.2258088 0.2269272 0.2872341 0.5701481 
Equus_asinus        0.2609591 0.2258088 0.0000000 0.0000010 0.0100863 0.3306921 0.5275722 
Equus_quagga        0.2609591 0.2258088 0.0000010 0.0000000 0.0100863 0.3306921 0.5275722 
Equus_caballus      0.2623307 0.2269272 0.0100863 0.0100863 0.0000000 0.3479087 0.5326842 
Canis_lupus         0.3098340 0.2872341 0.3306921 0.3306921 0.3479087 0.0000000 0.4417468 
Bos_taurus          0.5820940 0.5701481 0.5275722 0.5275722 0.5326842 0.4417468 0.0000000 
