7
Ceratotherium_simum 0.0000000 0.0283684 0.1100119 0.1097327 0.1050044 0.1110991 0.1139474 
Diceros_bicornis    0.0283684 0.0000000 0.1243558 0.1240290 0.1190972 0.1223296 0.1237042 
Equus_asinus        0.1100119 0.1243558 0.0000000 0.0021681 0.0054556 0.1475874 0.1482163 
Equus_quagga        0.1097327 0.1240290 0.0021681 0.0000000 0.0054455 0.1455076 0.1477995 
Equus_caballus      0.1050044 0.1190972 0.0054556 0.0054455 0.0000000 0.1434476 0.1424563 
Canis_lupus         0.1110991 0.1223296 0.1475874 0.1455076 0.1434476 0.0000000 0.1467678 
Bos_taurus          0.1139474 0.1237042 0.1482163 0.1477995 0.1424563 0.1467678 0.0000000 
