6
Ceratotherium_simum 0.0000000 0.0078965 0.0239496 0.0239496 0.0377305 0.0335688 
Diceros_bicornis    0.0078965 0.0000000 0.0266490 0.0266490 0.0404848 0.0363072 
Equus_asinus        0.0239496 0.0266490 0.0000000 0.0000010 0.0212817 0.0226032 
Equus_quagga        0.0239496 0.0266490 0.0000010 0.0000000 0.0212817 0.0226032 
Canis_lupus         0.0377305 0.0404848 0.0212817 0.0212817 0.0000000 0.0280677 
Bos_taurus          0.0335688 0.0363072 0.0226032 0.0226032 0.0280677 0.0000000 
