7
Ceratotherium_simum 0.0000000 0.0051503 0.0717000 0.0730601 0.0692675 0.1727640 0.1964365 
Diceros_bicornis    0.0051503 0.0000000 0.0720815 0.0734402 0.0696528 0.1681245 0.1952561 
Equus_asinus        0.0717000 0.0720815 0.0000000 0.0034206 0.0034057 0.1610832 0.2147345 
Equus_quagga        0.0730601 0.0734402 0.0034206 0.0000000 0.0034135 0.1651029 0.2144926 
Equus_caballus      0.0692675 0.0696528 0.0034057 0.0034135 0.0000000 0.1621624 0.2121063 
Canis_lupus         0.1727640 0.1681245 0.1610832 0.1651029 0.1621624 0.0000000 0.2888653 
Bos_taurus          0.1964365 0.1952561 0.2147345 0.2144926 0.2121063 0.2888653 0.0000000 
