7
Ceratotherium_simum 0.0000000 0.0127962 0.2005767 0.1897347 0.2126898 0.3058298 0.2651731 
Diceros_bicornis    0.0127962 0.0000000 0.1942136 0.1834926 0.2061541 0.2976420 0.2578220 
Equus_asinus        0.2005767 0.1942136 0.0000000 0.0084423 0.0344402 0.3774531 0.3483915 
Equus_quagga        0.1897347 0.1834926 0.0084423 0.0000000 0.0344620 0.3777717 0.3486698 
Equus_caballus      0.2126898 0.2061541 0.0344402 0.0344620 0.0000000 0.4016163 0.3640692 
Canis_lupus         0.3058298 0.2976420 0.3774531 0.3777717 0.4016163 0.0000000 0.5101826 
Bos_taurus          0.2651731 0.2578220 0.3483915 0.3486698 0.3640692 0.5101826 0.0000000 
