7
Ceratotherium_simum 0.0000000 0.0278188 0.1598260 0.1563280 0.1551551 0.2595451 0.2925748 
Diceros_bicornis    0.0278188 0.0000000 0.1695643 0.1605211 0.1701950 0.2784588 0.3163797 
Equus_asinus        0.1598260 0.1695643 0.0000000 0.0043632 0.0255696 0.2313492 0.3459144 
Equus_quagga        0.1563280 0.1605211 0.0043632 0.0000000 0.0176188 0.2208779 0.3380092 
Equus_caballus      0.1551551 0.1701950 0.0255696 0.0176188 0.0000000 0.2323308 0.3284651 
Canis_lupus         0.2595451 0.2784588 0.2313492 0.2208779 0.2323308 0.0000000 0.3733307 
Bos_taurus          0.2925748 0.3163797 0.3459144 0.3380092 0.3284651 0.3733307 0.0000000 
