7
Ceratotherium_simum 0.0000000 0.0191552 0.2485429 0.2533215 0.2382559 0.4449769 0.4032082 
Diceros_bicornis    0.0191552 0.0000000 0.2426141 0.2473601 0.2324180 0.4255868 0.4091647 
Equus_asinus        0.2485429 0.2426141 0.0000000 0.0038186 0.0232738 0.3776461 0.4345918 
Equus_quagga        0.2533215 0.2473601 0.0038186 0.0000000 0.0271876 0.3776461 0.4288370 
Equus_caballus      0.2382559 0.2324180 0.0232738 0.0271876 0.0000000 0.3677988 0.4219870 
Canis_lupus         0.4449769 0.4255868 0.3776461 0.3776461 0.3677988 0.0000000 0.4860931 
Bos_taurus          0.4032082 0.4091647 0.4345918 0.4288370 0.4219870 0.4860931 0.0000000 
