7
Ceratotherium_simum 0.0000000 0.0049885 0.0496819 0.0481973 0.0476866 0.0814947 0.1098222 
Diceros_bicornis    0.0049885 0.0000000 0.0491996 0.0477150 0.0472044 0.0821308 0.1093003 
Equus_asinus        0.0496819 0.0491996 0.0000000 0.0031605 0.0054357 0.0830625 0.1112433 
Equus_quagga        0.0481973 0.0477150 0.0031605 0.0000000 0.0040747 0.0826208 0.1120525 
Equus_caballus      0.0476866 0.0472044 0.0054357 0.0040747 0.0000000 0.0815011 0.1108593 
Canis_lupus         0.0814947 0.0821308 0.0830625 0.0826208 0.0815011 0.0000000 0.1122537 
Bos_taurus          0.1098222 0.1093003 0.1112433 0.1120525 0.1108593 0.1122537 0.0000000 
