7
Ceratotherium_simum 0.0000000 0.0091385 0.0874769 0.0885748 0.0865091 0.1775791 0.2980090 
Diceros_bicornis    0.0091385 0.0000000 0.0918152 0.0929252 0.0908430 0.1850739 0.3045529 
Equus_asinus        0.0874769 0.0918152 0.0000000 0.0045502 0.0027266 0.1765309 0.2893783 
Equus_quagga        0.0885748 0.0929252 0.0045502 0.0000000 0.0036401 0.1755300 0.2909568 
Equus_caballus      0.0865091 0.0908430 0.0027266 0.0036401 0.0000000 0.1755167 0.2909419 
Canis_lupus         0.1775791 0.1850739 0.1765309 0.1755300 0.1755167 0.0000000 0.2867157 
Bos_taurus          0.2980090 0.3045529 0.2893783 0.2909568 0.2909419 0.2867157 0.0000000 
