7
Ceratotherium_simum 0.0000000 0.0109721 0.1172813 0.1186808 0.1219312 0.2272821 0.2703421 
Diceros_bicornis    0.0109721 0.0000000 0.1221542 0.1235673 0.1268409 0.2338841 0.2758752 
Equus_asinus        0.1172813 0.1221542 0.0000000 0.0031123 0.0088775 0.2641385 0.3013308 
Equus_quagga        0.1186808 0.1235673 0.0031123 0.0000000 0.0104668 0.2670345 0.3043696 
Equus_caballus      0.1219312 0.1268409 0.0088775 0.0104668 0.0000000 0.2666242 0.2983767 
Canis_lupus         0.2272821 0.2338841 0.2641385 0.2670345 0.2666242 0.0000000 0.3454074 
Bos_taurus          0.2703421 0.2758752 0.3013308 0.3043696 0.2983767 0.3454074 0.0000000 
