7
Ceratotherium_simum 0.0000000 0.0095474 0.0949988 0.0936001 0.0966062 0.2035342 0.2455596 
Diceros_bicornis    0.0095474 0.0000000 0.0958518 0.0946908 0.0986141 0.2035966 0.2455631 
Equus_asinus        0.0949988 0.0958518 0.0000000 0.0049169 0.0102826 0.2214016 0.2671584 
Equus_quagga        0.0936001 0.0946908 0.0049169 0.0000000 0.0091549 0.2203464 0.2673731 
Equus_caballus      0.0966062 0.0986141 0.0102826 0.0091549 0.0000000 0.2255080 0.2695549 
Canis_lupus         0.2035342 0.2035966 0.2214016 0.2203464 0.2255080 0.0000000 0.3093677 
Bos_taurus          0.2455596 0.2455631 0.2671584 0.2673731 0.2695549 0.3093677 0.0000000 
