7
Ceratotherium_simum 0.0000000 0.0072984 0.0571375 0.0575350 0.0564463 0.0585633 0.0750105 
Diceros_bicornis    0.0072984 0.0000000 0.0553319 0.0557246 0.0543130 0.0583902 0.0727315 
Equus_asinus        0.0571375 0.0553319 0.0000000 0.0016654 0.0041793 0.0791761 0.1010965 
Equus_quagga        0.0575350 0.0557246 0.0016654 0.0000000 0.0041827 0.0803587 0.1015956 
Equus_caballus      0.0564463 0.0543130 0.0041793 0.0041827 0.0000000 0.0784350 0.0999251 
Canis_lupus         0.0585633 0.0583902 0.0791761 0.0803587 0.0784350 0.0000000 0.0880180 
Bos_taurus          0.0750105 0.0727315 0.1010965 0.1015956 0.0999251 0.0880180 0.0000000 
