7
Ceratotherium_simum 0.0000000 0.0090196 0.0645416 0.0618179 0.0644294 0.1541293 0.1481859 
Diceros_bicornis    0.0090196 0.0000000 0.0590896 0.0564089 0.0589888 0.1472224 0.1444022 
Equus_asinus        0.0645416 0.0590896 0.0000000 0.0022384 0.0044867 0.1452316 0.1554735 
Equus_quagga        0.0618179 0.0564089 0.0022384 0.0000000 0.0022354 0.1452316 0.1554735 
Equus_caballus      0.0644294 0.0589888 0.0044867 0.0022354 0.0000000 0.1483201 0.1523470 
Canis_lupus         0.1541293 0.1472224 0.1452316 0.1452316 0.1483201 0.0000000 0.2101946 
Bos_taurus          0.1481859 0.1444022 0.1554735 0.1554735 0.1523470 0.2101946 0.0000000 
