7
Ceratotherium_simum 0.0000000 0.0052229 0.0570282 0.0604222 0.0589820 0.1294068 0.1844637 
Diceros_bicornis    0.0052229 0.0000000 0.0567205 0.0594445 0.0586796 0.1299348 0.1846610 
Equus_asinus        0.0570282 0.0567205 0.0000000 0.0025450 0.0054024 0.1264844 0.1872300 
Equus_quagga        0.0604222 0.0594445 0.0025450 0.0000000 0.0060578 0.1301890 0.1890110 
Equus_caballus      0.0589820 0.0586796 0.0054024 0.0060578 0.0000000 0.1291740 0.1889312 
Canis_lupus         0.1294068 0.1299348 0.1264844 0.1301890 0.1291740 0.0000000 0.2293167 
Bos_taurus          0.1844637 0.1846610 0.1872300 0.1890110 0.1889312 0.2293167 0.0000000 
