7
Ceratotherium_simum 0.0000000 3.5673404 3.8047272 3.7711840 3.7720390 3.9780211 3.7673009 
Diceros_bicornis    3.5673404 0.0000000 0.1028429 0.1040118 0.0994888 0.1395390 0.1374599 
Equus_asinus        3.8047272 0.1028429 0.0000000 0.0063061 0.0075702 0.1390406 0.1173830 
Equus_quagga        3.7711840 0.1040118 0.0063061 0.0000000 0.0088133 0.1401235 0.1184958 
Equus_caballus      3.7720390 0.0994888 0.0075702 0.0088133 0.0000000 0.1355068 0.1169651 
Canis_lupus         3.9780211 0.1395390 0.1390406 0.1401235 0.1355068 0.0000000 0.1367968 
Bos_taurus          3.7673009 0.1374599 0.1173830 0.1184958 0.1169651 0.1367968 0.0000000 
