7
Ceratotherium_simum 0.0000000 0.0221855 0.3749055 0.2004923 0.2001850 0.4544206 0.4873951 
Diceros_bicornis    0.0221855 0.0000000 0.3783728 0.2038076 0.2034934 0.4614034 0.4948612 
Equus_asinus        0.3749055 0.3783728 0.0000000 0.1498213 0.1595796 0.6424140 0.6628832 
Equus_quagga        0.2004923 0.2038076 0.1498213 0.0000000 0.0115324 0.4723658 0.5106929 
Equus_caballus      0.2001850 0.2034934 0.1595796 0.0115324 0.0000000 0.4744834 0.5041047 
Canis_lupus         0.4544206 0.4614034 0.6424140 0.4723658 0.4744834 0.0000000 0.6172047 
Bos_taurus          0.4873951 0.4948612 0.6628832 0.5106929 0.5041047 0.6172047 0.0000000 
