7
Ceratotherium_simum 0.0000000 0.0108280 0.0573925 0.0602899 0.0559543 0.1237199 0.1690640 
Diceros_bicornis    0.0108280 0.0000000 0.0661761 0.0691049 0.0647233 0.1333831 0.1827565 
Equus_asinus        0.0573925 0.0661761 0.0000000 0.0026934 0.0040439 0.1453380 0.1922701 
Equus_quagga        0.0602899 0.0691049 0.0026934 0.0000000 0.0067498 0.1485956 0.1922701 
Equus_caballus      0.0559543 0.0647233 0.0040439 0.0067498 0.0000000 0.1404916 0.1940295 
Canis_lupus         0.1237199 0.1333831 0.1453380 0.1485956 0.1404916 0.0000000 0.2273351 
Bos_taurus          0.1690640 0.1827565 0.1922701 0.1922701 0.1940295 0.2273351 0.0000000 
