7
Ceratotherium_simum 0.0000000 0.0161739 0.1449814 0.1437037 0.1479770 0.2539448 0.2809264 
Diceros_bicornis    0.0161739 0.0000000 0.1487445 0.1474634 0.1517573 0.2537381 0.2894131 
Equus_asinus        0.1449814 0.1487445 0.0000000 0.0010638 0.0150906 0.2825579 0.2921025 
Equus_quagga        0.1437037 0.1474634 0.0010638 0.0000000 0.0140055 0.2810869 0.2906185 
Equus_caballus      0.1479770 0.1517573 0.0150906 0.0140055 0.0000000 0.2837293 0.2930124 
Canis_lupus         0.2539448 0.2537381 0.2825579 0.2810869 0.2837293 0.0000000 0.3740285 
Bos_taurus          0.2809264 0.2894131 0.2921025 0.2906185 0.2930124 0.3740285 0.0000000 
