7
Ceratotherium_simum 0.0000000 0.0043694 0.0504653 0.0499870 0.0494414 0.1066584 0.1207510 
Diceros_bicornis    0.0043694 0.0000000 0.0484424 0.0479674 0.0474288 0.1040584 0.1203723 
Equus_asinus        0.0504653 0.0484424 0.0000000 0.0019773 0.0023736 0.1000459 0.1113476 
Equus_quagga        0.0499870 0.0479674 0.0019773 0.0000000 0.0019780 0.0983857 0.1096340 
Equus_caballus      0.0494414 0.0474288 0.0023736 0.0019780 0.0000000 0.0988791 0.1094922 
Canis_lupus         0.1066584 0.1040584 0.1000459 0.0983857 0.0988791 0.0000000 0.1570774 
Bos_taurus          0.1207510 0.1203723 0.1113476 0.1096340 0.1094922 0.1570774 0.0000000 
