7
Ceratotherium_simum 0.0000000 0.0149261 0.1008695 0.1034470 0.1008481 0.1067174 0.1112942 
Diceros_bicornis    0.0149261 0.0000000 0.1057272 0.1083764 0.1036104 0.1166456 0.1242451 
Equus_asinus        0.1008695 0.1057272 0.0000000 0.0066053 0.0043693 0.1655607 0.1676836 
Equus_quagga        0.1034470 0.1083764 0.0066053 0.0000000 0.0066043 0.1703325 0.1664595 
Equus_caballus      0.1008481 0.1036104 0.0043693 0.0066043 0.0000000 0.1680154 0.1639308 
Canis_lupus         0.1067174 0.1166456 0.1655607 0.1703325 0.1680154 0.0000000 0.1037740 
Bos_taurus          0.1112942 0.1242451 0.1676836 0.1664595 0.1639308 0.1037740 0.0000000 
