7
Ceratotherium_simum 0.0000000 0.0077750 0.0404195 0.0403948 0.0424537 0.0587405 0.0927802 
Diceros_bicornis    0.0077750 0.0000000 0.0459304 0.0459013 0.0480333 0.0647603 0.0996533 
Equus_asinus        0.0404195 0.0459304 0.0000000 0.0030811 0.0030930 0.0611387 0.0878752 
Equus_quagga        0.0403948 0.0459013 0.0030811 0.0000000 0.0046550 0.0652591 0.0901216 
Equus_caballus      0.0424537 0.0480333 0.0030930 0.0046550 0.0000000 0.0614290 0.0874107 
Canis_lupus         0.0587405 0.0647603 0.0611387 0.0652591 0.0614290 0.0000000 0.1095045 
Bos_taurus          0.0927802 0.0996533 0.0878752 0.0901216 0.0874107 0.1095045 0.0000000 
