7
Ceratotherium_simum 0.0000000 0.0069597 0.0596068 0.0587234 0.0582588 0.1011484 0.1261314 
Diceros_bicornis    0.0069597 0.0000000 0.0587733 0.0574918 0.0574287 0.1019002 0.1277138 
Equus_asinus        0.0596068 0.0587733 0.0000000 0.0019363 0.0049551 0.1120382 0.1318120 
Equus_quagga        0.0587234 0.0574918 0.0019363 0.0000000 0.0045616 0.1101307 0.1314058 
Equus_caballus      0.0582588 0.0574287 0.0049551 0.0045616 0.0000000 0.1087413 0.1312697 
Canis_lupus         0.1011484 0.1019002 0.1120382 0.1101307 0.1087413 0.0000000 0.1550338 
Bos_taurus          0.1261314 0.1277138 0.1318120 0.1314058 0.1312697 0.1550338 0.0000000 
