7
Ceratotherium_simum 0.0000000 0.0085845 0.2232829 0.1903923 0.2201970 0.3845030 0.3029396 
Diceros_bicornis    0.0085845 0.0000000 0.2069324 0.1720124 0.2037634 0.3483687 0.2820627 
Equus_asinus        0.2232829 0.2069324 0.0000000 0.0326440 0.0095038 0.4216916 0.3354699 
Equus_quagga        0.1903923 0.1720124 0.0326440 0.0000000 0.0426297 0.3664273 0.2989584 
Equus_caballus      0.2201970 0.2037634 0.0095038 0.0426297 0.0000000 0.4262385 0.3319464 
Canis_lupus         0.3845030 0.3483687 0.4216916 0.3664273 0.4262385 0.0000000 0.5085959 
Bos_taurus          0.3029396 0.2820627 0.3354699 0.2989584 0.3319464 0.5085959 0.0000000 
