7
Ceratotherium_simum 0.0000000 0.0114865 0.0962968 0.0930843 0.0924602 0.1443668 0.1994346 
Diceros_bicornis    0.0114865 0.0000000 0.0949294 0.0911230 0.0905190 0.1427662 0.1949417 
Equus_asinus        0.0962968 0.0949294 0.0000000 0.0039262 0.0054455 0.1666136 0.2245046 
Equus_quagga        0.0930843 0.0911230 0.0039262 0.0000000 0.0070845 0.1580364 0.2084880 
Equus_caballus      0.0924602 0.0905190 0.0054455 0.0070845 0.0000000 0.1577558 0.2094802 
Canis_lupus         0.1443668 0.1427662 0.1666136 0.1580364 0.1577558 0.0000000 0.2252865 
Bos_taurus          0.1994346 0.1949417 0.2245046 0.2084880 0.2094802 0.2252865 0.0000000 
