7
Ceratotherium_simum 0.0000000 0.0306266 0.0465827 0.0753983 0.1361903 0.0956622 0.0997950 
Diceros_bicornis    0.0306266 0.0000000 0.0754112 0.0502247 0.1270871 0.1221512 0.1257668 
Equus_asinus        0.0465827 0.0754112 0.0000000 0.0265273 0.0783374 0.0815362 0.0959828 
Equus_quagga        0.0753983 0.0502247 0.0265273 0.0000000 0.0729197 0.1097147 0.1220110 
Equus_caballus      0.1361903 0.1270871 0.0783374 0.0729197 0.0000000 0.1792553 0.1934163 
Canis_lupus         0.0956622 0.1221512 0.0815362 0.1097147 0.1792553 0.0000000 0.0971494 
Bos_taurus          0.0997950 0.1257668 0.0959828 0.1220110 0.1934163 0.0971494 0.0000000 
