7
Ceratotherium_simum 0.0000000 0.0027106 0.0368817 0.0309513 0.0402367 0.2619844 0.9584776 
Diceros_bicornis    0.0027106 0.0000000 0.0339266 0.0280399 0.0372305 0.2568242 0.9389095 
Equus_asinus        0.0368817 0.0339266 0.0000000 0.0054386 0.0138781 0.2516468 0.9801660 
Equus_quagga        0.0309513 0.0280399 0.0054386 0.0000000 0.0138698 0.2568006 0.9582043 
Equus_caballus      0.0402367 0.0372305 0.0138781 0.0138698 0.0000000 0.2719931 0.9957992 
Canis_lupus         0.2619844 0.2568242 0.2516468 0.2568006 0.2719931 0.0000000 1.0963759 
Bos_taurus          0.9584776 0.9389095 0.9801660 0.9582043 0.9957992 1.0963759 0.0000000 
