7
Ceratotherium_simum 0.0000000 0.0070492 0.1428445 0.1094851 0.1490901 0.2135564 0.2047122 
Diceros_bicornis    0.0070492 0.0000000 0.1450781 0.1136028 0.1534412 0.2159149 0.2118649 
Equus_asinus        0.1428445 0.1450781 0.0000000 0.0360070 0.0088110 0.1999914 0.2416697 
Equus_quagga        0.1094851 0.1136028 0.0360070 0.0000000 0.0378424 0.2004674 0.2071303 
Equus_caballus      0.1490901 0.1534412 0.0088110 0.0378424 0.0000000 0.2023242 0.2392549 
Canis_lupus         0.2135564 0.2159149 0.1999914 0.2004674 0.2023242 0.0000000 0.2433083 
Bos_taurus          0.2047122 0.2118649 0.2416697 0.2071303 0.2392549 0.2433083 0.0000000 
