7
Ceratotherium_simum 0.0000000 0.0145564 0.1661369 0.1651618 0.1825132 0.3100141 0.2926970 
Diceros_bicornis    0.0145564 0.0000000 0.1671067 0.1661345 0.1834766 0.3047860 0.3009749 
Equus_asinus        0.1661369 0.1671067 0.0000000 0.0061988 0.0231245 0.3048888 0.3023979 
Equus_quagga        0.1651618 0.1661345 0.0061988 0.0000000 0.0231312 0.3019570 0.2980649 
Equus_caballus      0.1825132 0.1834766 0.0231245 0.0231312 0.0000000 0.3189086 0.3150711 
Canis_lupus         0.3100141 0.3047860 0.3048888 0.3019570 0.3189086 0.0000000 0.3680949 
Bos_taurus          0.2926970 0.3009749 0.3023979 0.2980649 0.3150711 0.3680949 0.0000000 
