6
Ceratotherium_simum 0.0000000 0.0000010 0.0154321 0.0154321 0.0345184 0.0344391 
Diceros_bicornis    0.0000010 0.0000000 0.0154321 0.0154321 0.0345184 0.0344391 
Equus_asinus        0.0154321 0.0154321 0.0000000 0.0000010 0.0248292 0.0311410 
Equus_quagga        0.0154321 0.0154321 0.0000010 0.0000000 0.0248292 0.0311410 
Canis_lupus         0.0345184 0.0345184 0.0248292 0.0248292 0.0000000 0.0506677 
Bos_taurus          0.0344391 0.0344391 0.0311410 0.0311410 0.0506677 0.0000000 
