7
Ceratotherium_simum 0.0000000 0.0161239 0.1192121 0.1200438 0.1234789 0.1914714 0.1940583 
Diceros_bicornis    0.0161239 0.0000000 0.1175286 0.1183583 0.1217836 0.1932522 0.1940316 
Equus_asinus        0.1192121 0.1175286 0.0000000 0.0020682 0.0062272 0.1949083 0.1945829 
Equus_quagga        0.1200438 0.1183583 0.0020682 0.0000000 0.0083146 0.1958268 0.1973267 
Equus_caballus      0.1234789 0.1217836 0.0062272 0.0083146 0.0000000 0.1996903 0.1993991 
Canis_lupus         0.1914714 0.1932522 0.1949083 0.1958268 0.1996903 0.0000000 0.2076239 
Bos_taurus          0.1940583 0.1940316 0.1945829 0.1973267 0.1993991 0.2076239 0.0000000 
