7
Ceratotherium_simum 0.0000000 0.0201852 0.1046923 0.0999990 0.1092558 0.1682341 0.2986827 
Diceros_bicornis    0.0201852 0.0000000 0.0901077 0.0855407 0.0945695 0.1469583 0.2781618 
Equus_asinus        0.1046923 0.0901077 0.0000000 0.0039665 0.0119552 0.1744636 0.2916200 
Equus_quagga        0.0999990 0.0855407 0.0039665 0.0000000 0.0079469 0.1692871 0.2856709 
Equus_caballus      0.1092558 0.0945695 0.0119552 0.0079469 0.0000000 0.1793742 0.2970073 
Canis_lupus         0.1682341 0.1469583 0.1744636 0.1692871 0.1793742 0.0000000 0.2804110 
Bos_taurus          0.2986827 0.2781618 0.2916200 0.2856709 0.2970073 0.2804110 0.0000000 
