7
Ceratotherium_simum 0.0000000 0.0148726 0.1168478 0.1169225 0.1215314 0.1810756 0.2546819 
Diceros_bicornis    0.0148726 0.0000000 0.1078335 0.1079006 0.1124268 0.1739171 0.2406281 
Equus_asinus        0.1168478 0.1078335 0.0000000 0.0036740 0.0073810 0.1711945 0.2578238 
Equus_quagga        0.1169225 0.1079006 0.0036740 0.0000000 0.0073845 0.1713215 0.2580551 
Equus_caballus      0.1215314 0.1124268 0.0073810 0.0073845 0.0000000 0.1737290 0.2563862 
Canis_lupus         0.1810756 0.1739171 0.1711945 0.1713215 0.1737290 0.0000000 0.2673523 
Bos_taurus          0.2546819 0.2406281 0.2578238 0.2580551 0.2563862 0.2673523 0.0000000 
