7
Ceratotherium_simum 0.0000000 0.0166935 0.0431146 0.0401159 0.0400755 0.0815124 0.0991608 
Diceros_bicornis    0.0166935 0.0000000 0.0594033 0.0560492 0.0559838 0.1009034 0.1114187 
Equus_asinus        0.0431146 0.0594033 0.0000000 0.0035101 0.0035075 0.0854281 0.1062652 
Equus_quagga        0.0401159 0.0560492 0.0035101 0.0000000 0.0023262 0.0835278 0.1048623 
Equus_caballus      0.0400755 0.0559838 0.0035075 0.0023262 0.0000000 0.0850298 0.1013425 
Canis_lupus         0.0815124 0.1009034 0.0854281 0.0835278 0.0850298 0.0000000 0.1217451 
Bos_taurus          0.0991608 0.1114187 0.1062652 0.1048623 0.1013425 0.1217451 0.0000000 
