7
Ceratotherium_simum 0.0000000 0.0277201 0.0891036 0.0909779 0.0928304 0.1758641 0.2282627 
Diceros_bicornis    0.0277201 0.0000000 0.0669055 0.0684847 0.0683708 0.1367358 0.1781274 
Equus_asinus        0.0891036 0.0669055 0.0000000 0.0013237 0.0066725 0.1314361 0.1784925 
Equus_quagga        0.0909779 0.0684847 0.0013237 0.0000000 0.0080207 0.1332743 0.1784925 
Equus_caballus      0.0928304 0.0683708 0.0066725 0.0080207 0.0000000 0.1365994 0.1760473 
Canis_lupus         0.1758641 0.1367358 0.1314361 0.1332743 0.1365994 0.0000000 0.2139644 
Bos_taurus          0.2282627 0.1781274 0.1784925 0.1784925 0.1760473 0.2139644 0.0000000 
