7
Ceratotherium_simum 0.0000000 0.0105451 0.0893918 0.0897696 0.0887924 0.1094343 0.1192765 
Diceros_bicornis    0.0105451 0.0000000 0.0895300 0.0904848 0.0886749 0.1121894 0.1210762 
Equus_asinus        0.0893918 0.0895300 0.0000000 0.0030574 0.0100011 0.1232032 0.1408154 
Equus_quagga        0.0897696 0.0904848 0.0030574 0.0000000 0.0102097 0.1217301 0.1386574 
Equus_caballus      0.0887924 0.0886749 0.0100011 0.0102097 0.0000000 0.1243880 0.1415195 
Canis_lupus         0.1094343 0.1121894 0.1232032 0.1217301 0.1243880 0.0000000 0.1284969 
Bos_taurus          0.1192765 0.1210762 0.1408154 0.1386574 0.1415195 0.1284969 0.0000000 
