7
Ceratotherium_simum 0.0000000 0.4512006 0.0934216 0.0977619 0.0981403 0.1485978 0.1898781 
Diceros_bicornis    0.4512006 0.0000000 0.5600065 0.5638450 0.5690555 0.6386948 0.6456377 
Equus_asinus        0.0934216 0.5600065 0.0000000 0.0084153 0.0041967 0.1654007 0.1800241 
Equus_quagga        0.0977619 0.5638450 0.0084153 0.0000000 0.0126549 0.1698812 0.1844777 
Equus_caballus      0.0981403 0.5690555 0.0041967 0.0126549 0.0000000 0.1706381 0.1853139 
Canis_lupus         0.1485978 0.6386948 0.1654007 0.1698812 0.1706381 0.0000000 0.2287678 
Bos_taurus          0.1898781 0.6456377 0.1800241 0.1844777 0.1853139 0.2287678 0.0000000 
