7
Ceratotherium_simum 0.0000000 0.0052286 0.0614981 0.0631517 0.0654181 0.1233516 0.1299528 
Diceros_bicornis    0.0052286 0.0000000 0.0619789 0.0636334 0.0658980 0.1237447 0.1296348 
Equus_asinus        0.0614981 0.0619789 0.0000000 0.0020248 0.0047451 0.1313296 0.1429886 
Equus_quagga        0.0631517 0.0636334 0.0020248 0.0000000 0.0058928 0.1337324 0.1443799 
Equus_caballus      0.0654181 0.0658980 0.0047451 0.0058928 0.0000000 0.1337023 0.1457073 
Canis_lupus         0.1233516 0.1237447 0.1313296 0.1337324 0.1337023 0.0000000 0.1840552 
Bos_taurus          0.1299528 0.1296348 0.1429886 0.1443799 0.1457073 0.1840552 0.0000000 
