7
Ceratotherium_simum 0.0000000 0.0000010 0.0251156 0.0290417 0.0310110 0.0368979 0.0310110 
Diceros_bicornis    0.0000010 0.0000000 0.0251156 0.0290417 0.0310110 0.0368979 0.0310110 
Equus_asinus        0.0251156 0.0251156 0.0000000 0.0037958 0.0056996 0.0431349 0.0452022 
Equus_quagga        0.0290417 0.0290417 0.0037958 0.0000000 0.0018959 0.0471590 0.0492406 
Equus_caballus      0.0310110 0.0310110 0.0056996 0.0018959 0.0000000 0.0491777 0.0512664 
Canis_lupus         0.0368979 0.0368979 0.0431349 0.0471590 0.0491777 0.0000000 0.0509400 
Bos_taurus          0.0310110 0.0310110 0.0452022 0.0492406 0.0512664 0.0509400 0.0000000 
