7
Ceratotherium_simum 0.0000000 0.0099855 0.1168725 0.1168725 0.1073074 0.1508865 0.2013267 
Diceros_bicornis    0.0099855 0.0000000 0.1145632 0.1145632 0.1050293 0.1533027 0.2013267 
Equus_asinus        0.1168725 0.1145632 0.0000000 0.0079790 0.0161263 0.1694983 0.2209202 
Equus_quagga        0.1168725 0.1145632 0.0079790 0.0000000 0.0161263 0.1694983 0.2156334 
Equus_caballus      0.1073074 0.1050293 0.0161263 0.0161263 0.0000000 0.1590254 0.2121402 
Canis_lupus         0.1508865 0.1533027 0.1694983 0.1694983 0.1590254 0.0000000 0.2174070 
Bos_taurus          0.2013267 0.2013267 0.2209202 0.2156334 0.2121402 0.2174070 0.0000000 
