7
Ceratotherium_simum 0.0000000 0.0355327 0.2836846 0.2698041 0.2698732 0.6087643 0.6888660 
Diceros_bicornis    0.0355327 0.0000000 0.2492027 0.2363327 0.2363773 0.5270045 0.6111036 
Equus_asinus        0.2836846 0.2492027 0.0000000 0.0085995 0.0085875 0.4394014 0.5726163 
Equus_quagga        0.2698041 0.2363327 0.0085995 0.0000000 0.0173056 0.4557007 0.5537926 
Equus_caballus      0.2698732 0.2363773 0.0085875 0.0173056 0.0000000 0.4545720 0.5726163 
Canis_lupus         0.6087643 0.5270045 0.4394014 0.4557007 0.4545720 0.0000000 0.7771516 
Bos_taurus          0.6888660 0.6111036 0.5726163 0.5537926 0.5726163 0.7771516 0.0000000 
