7
Ceratotherium_simum 0.0000000 0.0051028 0.0500295 0.0499544 0.0491285 0.0940146 0.1063973 
Diceros_bicornis    0.0051028 0.0000000 0.0462184 0.0461508 0.0474399 0.0903500 0.1061538 
Equus_asinus        0.0500295 0.0462184 0.0000000 0.0014452 0.0073873 0.0989670 0.1164047 
Equus_quagga        0.0499544 0.0461508 0.0014452 0.0000000 0.0073791 0.0987667 0.1137584 
Equus_caballus      0.0491285 0.0474399 0.0073873 0.0073791 0.0000000 0.0979025 0.1130077 
Canis_lupus         0.0940146 0.0903500 0.0989670 0.0987667 0.0979025 0.0000000 0.1352799 
Bos_taurus          0.1063973 0.1061538 0.1164047 0.1137584 0.1130077 0.1352799 0.0000000 
