7
Ceratotherium_simum 0.0000000 0.0155587 0.3022286 0.3145400 0.4936243 0.2988458 0.3673955 
Diceros_bicornis    0.0155587 0.0000000 0.2967113 0.3089474 0.4868825 0.2934130 0.3499824 
Equus_asinus        0.3022286 0.2967113 0.0000000 0.0077658 0.1523991 0.3485711 0.4260418 
Equus_quagga        0.3145400 0.3089474 0.0077658 0.0000000 0.1575934 0.3557650 0.4280061 
Equus_caballus      0.4936243 0.4868825 0.1523991 0.1575934 0.0000000 0.5316365 0.6422085 
Canis_lupus         0.2988458 0.2934130 0.3485711 0.3557650 0.5316365 0.0000000 0.3713706 
Bos_taurus          0.3673955 0.3499824 0.4260418 0.4280061 0.6422085 0.3713706 0.0000000 
