7
Ceratotherium_simum 0.0000000 0.0027055 0.0304428 0.0290032 0.0290032 0.0372674 0.0612046 
Diceros_bicornis    0.0027055 0.0000000 0.0275983 0.0261686 0.0261686 0.0358015 0.0596627 
Equus_asinus        0.0304428 0.0275983 0.0000000 0.0013517 0.0013517 0.0491443 0.0699730 
Equus_quagga        0.0290032 0.0261686 0.0013517 0.0000000 0.0000010 0.0476034 0.0715439 
Equus_caballus      0.0290032 0.0261686 0.0013517 0.0000010 0.0000000 0.0476034 0.0715439 
Canis_lupus         0.0372674 0.0358015 0.0491443 0.0476034 0.0476034 0.0000000 0.0614262 
Bos_taurus          0.0612046 0.0596627 0.0699730 0.0715439 0.0715439 0.0614262 0.0000000 
