7
Ceratotherium_simum 0.0000000 0.0165304 0.2762679 0.2706593 0.2715799 0.4263406 0.4116414 
Diceros_bicornis    0.0165304 0.0000000 0.2753299 0.2697461 0.2706593 0.4114615 0.3906861 
Equus_asinus        0.2762679 0.2753299 0.0000000 0.0040966 0.0207072 0.4936701 0.4264890 
Equus_quagga        0.2706593 0.2697461 0.0040966 0.0000000 0.0165304 0.4866860 0.4330984 
Equus_caballus      0.2715799 0.2706593 0.0207072 0.0165304 0.0000000 0.4819259 0.4349514 
Canis_lupus         0.4263406 0.4114615 0.4936701 0.4866860 0.4819259 0.0000000 0.3124888 
Bos_taurus          0.4116414 0.3906861 0.4264890 0.4330984 0.4349514 0.3124888 0.0000000 
