7
Ceratotherium_simum 0.0000000 0.0359075 0.1891961 0.1891961 0.1963230 0.3253809 0.4443950 
Diceros_bicornis    0.0359075 0.0000000 0.1725581 0.1725581 0.1795441 0.3107441 0.4304586 
Equus_asinus        0.1891961 0.1725581 0.0000000 0.0000010 0.0110572 0.2917826 0.4111033 
Equus_quagga        0.1891961 0.1725581 0.0000010 0.0000000 0.0110572 0.2917826 0.4111033 
Equus_caballus      0.1963230 0.1795441 0.0110572 0.0110572 0.0000000 0.2972782 0.3991384 
Canis_lupus         0.3253809 0.3107441 0.2917826 0.2917826 0.2972782 0.0000000 0.5257482 
Bos_taurus          0.4443950 0.4304586 0.4111033 0.4111033 0.3991384 0.5257482 0.0000000 
