7
Ceratotherium_simum 0.0000000 0.0273243 0.4431261 0.5577117 0.5245301 1.1120315 0.8819188 
Diceros_bicornis    0.0273243 0.0000000 0.4431261 0.5577117 0.5245301 1.1120315 0.8819188 
Equus_asinus        0.4431261 0.4431261 0.0000000 0.0556098 0.0856002 1.0486830 0.7404582 
Equus_quagga        0.5577117 0.5577117 0.0556098 0.0000000 0.0822855 1.1592471 0.7623278 
Equus_caballus      0.5245301 0.5245301 0.0856002 0.0822855 0.0000000 1.1900510 0.7404582 
Canis_lupus         1.1120315 1.1120315 1.0486830 1.1592471 1.1900510 0.0000000 1.7067000 
Bos_taurus          0.8819188 0.8819188 0.7404582 0.7623278 0.7404582 1.7067000 0.0000000 
