7
Ceratotherium_simum 0.0000000 0.0214336 0.1449950 0.1554227 0.1485663 0.3283370 0.2968329 
Diceros_bicornis    0.0214336 0.0000000 0.1446480 0.1550427 0.1482079 0.3272676 0.2929223 
Equus_asinus        0.1449950 0.1446480 0.0000000 0.0133584 0.0079749 0.3283370 0.2722321 
Equus_quagga        0.1554227 0.1550427 0.0133584 0.0000000 0.0106499 0.3362004 0.2839368 
Equus_caballus      0.1485663 0.1482079 0.0079749 0.0106499 0.0000000 0.3311756 0.2752566 
Canis_lupus         0.3283370 0.3272676 0.3283370 0.3362004 0.3311756 0.0000000 0.3205418 
Bos_taurus          0.2968329 0.2929223 0.2722321 0.2839368 0.2752566 0.3205418 0.0000000 
