7
Ceratotherium_simum 0.0000000 0.0149808 0.1511617 0.1513891 0.1581836 0.3751682 0.3506073 
Diceros_bicornis    0.0149808 0.0000000 0.1637061 0.1639575 0.1709123 0.3979659 0.3616755 
Equus_asinus        0.1511617 0.1637061 0.0000000 0.0033173 0.0083448 0.3815785 0.3724338 
Equus_quagga        0.1513891 0.1639575 0.0033173 0.0000000 0.0083547 0.3850836 0.3732484 
Equus_caballus      0.1581836 0.1709123 0.0083448 0.0083547 0.0000000 0.3859438 0.3675718 
Canis_lupus         0.3751682 0.3979659 0.3815785 0.3850836 0.3859438 0.0000000 0.5409056 
Bos_taurus          0.3506073 0.3616755 0.3724338 0.3732484 0.3675718 0.5409056 0.0000000 
