7
Ceratotherium_simum 0.0000000 0.0127582 0.0798527 0.0778932 0.0765443 0.1558968 0.2274521 
Diceros_bicornis    0.0127582 0.0000000 0.0772747 0.0753269 0.0739995 0.1511530 0.2190456 
Equus_asinus        0.0798527 0.0772747 0.0000000 0.0053968 0.0044806 0.1548914 0.2386858 
Equus_quagga        0.0778932 0.0753269 0.0053968 0.0000000 0.0044927 0.1554624 0.2430094 
Equus_caballus      0.0765443 0.0739995 0.0044806 0.0044927 0.0000000 0.1536081 0.2354765 
Canis_lupus         0.1558968 0.1511530 0.1548914 0.1554624 0.1536081 0.0000000 0.2533026 
Bos_taurus          0.2274521 0.2190456 0.2386858 0.2430094 0.2354765 0.2533026 0.0000000 
