7
Ceratotherium_simum 0.0000000 0.0081241 0.1252797 0.1252797 0.1222068 0.1584534 0.1956704 
Diceros_bicornis    0.0081241 0.0000000 0.1218685 0.1218685 0.1188086 0.1516845 0.1886129 
Equus_asinus        0.1252797 0.1218685 0.0000000 0.0000010 0.0026923 0.1945678 0.2284898 
Equus_quagga        0.1252797 0.1218685 0.0000010 0.0000000 0.0026923 0.1945678 0.2284898 
Equus_caballus      0.1222068 0.1188086 0.0026923 0.0026923 0.0000000 0.1913108 0.2251389 
Canis_lupus         0.1584534 0.1516845 0.1945678 0.1945678 0.1913108 0.0000000 0.1877476 
Bos_taurus          0.1956704 0.1886129 0.2284898 0.2284898 0.2251389 0.1877476 0.0000000 
