7
Ceratotherium_simum 0.0000000 0.0104810 0.1970681 0.1923026 0.1850693 0.4033454 0.6446786 
Diceros_bicornis    0.0104810 0.0000000 0.2014143 0.1965802 0.1892403 0.4071995 0.6502675 
Equus_asinus        0.1970681 0.2014143 0.0000000 0.0034627 0.0139952 0.5158797 0.6350129 
Equus_quagga        0.1923026 0.1965802 0.0034627 0.0000000 0.0104663 0.5144845 0.6327407 
Equus_caballus      0.1850693 0.1892403 0.0139952 0.0104663 0.0000000 0.5028315 0.6232048 
Canis_lupus         0.4033454 0.4071995 0.5158797 0.5144845 0.5028315 0.0000000 0.6617686 
Bos_taurus          0.6446786 0.6502675 0.6350129 0.6327407 0.6232048 0.6617686 0.0000000 
