7
Ceratotherium_simum 0.0000000 0.0071888 0.0892832 0.0901565 0.0868486 0.1558534 0.2263285 
Diceros_bicornis    0.0071888 0.0000000 0.0958659 0.0957777 0.0926018 0.1681959 0.2284654 
Equus_asinus        0.0892832 0.0958659 0.0000000 0.0093433 0.0170898 0.1796301 0.2406833 
Equus_quagga        0.0901565 0.0957777 0.0093433 0.0000000 0.0144854 0.1825741 0.2381678 
Equus_caballus      0.0868486 0.0926018 0.0170898 0.0144854 0.0000000 0.1777353 0.2362977 
Canis_lupus         0.1558534 0.1681959 0.1796301 0.1825741 0.1777353 0.0000000 0.2749920 
Bos_taurus          0.2263285 0.2284654 0.2406833 0.2381678 0.2362977 0.2749920 0.0000000 
