7
Ceratotherium_simum 0.0000000 0.0065117 0.0521185 0.0524472 0.0521168 0.1950980 0.1115857 
Diceros_bicornis    0.0065117 0.0000000 0.0509242 0.0512522 0.0512642 0.1911475 0.1109625 
Equus_asinus        0.0521185 0.0509242 0.0000000 0.0014666 0.0035317 0.1977831 0.1191767 
Equus_quagga        0.0524472 0.0512522 0.0014666 0.0000000 0.0038267 0.1980687 0.1195571 
Equus_caballus      0.0521168 0.0512642 0.0035317 0.0038267 0.0000000 0.1991335 0.1188288 
Canis_lupus         0.1950980 0.1911475 0.1977831 0.1980687 0.1991335 0.0000000 0.2201619 
Bos_taurus          0.1115857 0.1109625 0.1191767 0.1195571 0.1188288 0.2201619 0.0000000 
