7
Ceratotherium_simum 0.0000000 0.0118453 0.1871443 0.1840273 0.1917515 0.4103217 0.5112952 
Diceros_bicornis    0.0118453 0.0000000 0.1842175 0.1811115 0.1888098 0.4016876 0.5027645 
Equus_asinus        0.1871443 0.1842175 0.0000000 0.0023518 0.0082705 0.3946348 0.5233298 
Equus_quagga        0.1840273 0.1811115 0.0023518 0.0000000 0.0058953 0.3940555 0.5178959 
Equus_caballus      0.1917515 0.1888098 0.0082705 0.0058953 0.0000000 0.3987960 0.5311016 
Canis_lupus         0.4103217 0.4016876 0.3946348 0.3940555 0.3987960 0.0000000 0.5939336 
Bos_taurus          0.5112952 0.5027645 0.5233298 0.5178959 0.5311016 0.5939336 0.0000000 
