6
Ceratotherium_simum 0.0000000 0.0000010 0.0808451 0.0808451 0.1379980 0.2190999 
Diceros_bicornis    0.0000010 0.0000000 0.0808451 0.0808451 0.1379980 0.2190999 
Equus_asinus        0.0808451 0.0808451 0.0000000 0.0000010 0.1565945 0.2041837 
Equus_quagga        0.0808451 0.0808451 0.0000010 0.0000000 0.1565945 0.2041837 
Canis_lupus         0.1379980 0.1379980 0.1565945 0.1565945 0.0000000 0.2477420 
Bos_taurus          0.2190999 0.2190999 0.2041837 0.2041837 0.2477420 0.0000000 
