7
Ceratotherium_simum 0.0000000 0.0073585 0.1251500 0.1966203 0.1306250 0.2646644 0.2455336 
Diceros_bicornis    0.0073585 0.0000000 0.1285978 0.2004498 0.1341015 0.2624239 0.2472790 
Equus_asinus        0.1251500 0.1285978 0.0000000 0.0603610 0.0117998 0.2879695 0.2848324 
Equus_quagga        0.1966203 0.2004498 0.0603610 0.0000000 0.0636575 0.3646411 0.3600374 
Equus_caballus      0.1306250 0.1341015 0.0117998 0.0636575 0.0000000 0.2850003 0.2942643 
Canis_lupus         0.2646644 0.2624239 0.2879695 0.3646411 0.2850003 0.0000000 0.3393460 
Bos_taurus          0.2455336 0.2472790 0.2848324 0.3600374 0.2942643 0.3393460 0.0000000 
