7
Ceratotherium_simum 0.0000000 0.0016026 0.0887279 0.0896006 0.0869380 0.1132503 0.0878261 
Diceros_bicornis    0.0016026 0.0000000 0.0887222 0.0895949 0.0869325 0.1132428 0.0896677 
Equus_asinus        0.0887279 0.0887222 0.0000000 0.0024011 0.0048133 0.1327831 0.1098805 
Equus_quagga        0.0896006 0.0895949 0.0024011 0.0000000 0.0056163 0.1336895 0.1098306 
Equus_caballus      0.0869380 0.0869325 0.0048133 0.0056163 0.0000000 0.1308961 0.1080230 
Canis_lupus         0.1132503 0.1132428 0.1327831 0.1336895 0.1308961 0.0000000 0.1262789 
Bos_taurus          0.0878261 0.0896677 0.1098805 0.1098306 0.1080230 0.1262789 0.0000000 
