7
Ceratotherium_simum 0.0000000 0.0093956 0.0714812 0.0722548 0.0699621 0.1238308 0.1231151 
Diceros_bicornis    0.0093956 0.0000000 0.0733948 0.0741724 0.0712167 0.1284030 0.1285439 
Equus_asinus        0.0714812 0.0733948 0.0000000 0.0027300 0.0071510 0.1294033 0.1332926 
Equus_quagga        0.0722548 0.0741724 0.0027300 0.0000000 0.0077167 0.1311116 0.1358571 
Equus_caballus      0.0699621 0.0712167 0.0071510 0.0077167 0.0000000 0.1290715 0.1339186 
Canis_lupus         0.1238308 0.1284030 0.1294033 0.1311116 0.1290715 0.0000000 0.1735445 
Bos_taurus          0.1231151 0.1285439 0.1332926 0.1358571 0.1339186 0.1735445 0.0000000 
