7
Ceratotherium_simum 0.0000000 0.0042146 0.1494195 0.1442774 0.1473224 0.2559937 0.2484797 
Diceros_bicornis    0.0042146 0.0000000 0.1497281 0.1448725 0.1549212 0.2619957 0.2667954 
Equus_asinus        0.1494195 0.1497281 0.0000000 0.0079469 0.0159854 0.3227445 0.3308723 
Equus_quagga        0.1442774 0.1448725 0.0079469 0.0000000 0.0119753 0.3165775 0.3247323 
Equus_caballus      0.1473224 0.1549212 0.0159854 0.0119753 0.0000000 0.3297044 0.3378153 
Canis_lupus         0.2559937 0.2619957 0.3227445 0.3165775 0.3297044 0.0000000 0.3648410 
Bos_taurus          0.2484797 0.2667954 0.3308723 0.3247323 0.3378153 0.3648410 0.0000000 
