7
Ceratotherium_simum 0.0000000 0.0181930 0.1291846 0.1291846 0.1334888 0.2223265 0.3094098 
Diceros_bicornis    0.0181930 0.0000000 0.1290459 0.1290459 0.1333453 0.2269232 0.3144023 
Equus_asinus        0.1291846 0.1290459 0.0000000 0.0000010 0.0035977 0.1804799 0.2661030 
Equus_quagga        0.1291846 0.1290459 0.0000010 0.0000000 0.0035977 0.1804799 0.2661030 
Equus_caballus      0.1334888 0.1333453 0.0035977 0.0035977 0.0000000 0.1850536 0.2607309 
Canis_lupus         0.2223265 0.2269232 0.1804799 0.1804799 0.1850536 0.0000000 0.3135116 
Bos_taurus          0.3094098 0.3144023 0.2661030 0.2661030 0.2607309 0.3135116 0.0000000 
