7
Ceratotherium_simum 0.0000000 0.0084551 0.3025862 0.3025862 0.2739625 0.2616948 0.3769564 
Diceros_bicornis    0.0084551 0.0000000 0.2859836 0.2859836 0.2906756 0.2493103 0.3584389 
Equus_asinus        0.3025862 0.2859836 0.0000000 0.0163908 0.0164881 0.4443562 0.5156147 
Equus_quagga        0.3025862 0.2859836 0.0163908 0.0000000 0.0164881 0.4443562 0.5156147 
Equus_caballus      0.2739625 0.2906756 0.0164881 0.0164881 0.0000000 0.4527824 0.5285583 
Canis_lupus         0.2616948 0.2493103 0.4443562 0.4443562 0.4527824 0.0000000 0.3762274 
Bos_taurus          0.3769564 0.3584389 0.5156147 0.5156147 0.5285583 0.3762274 0.0000000 
