7
Ceratotherium_simum 0.0000000 0.0077665 0.0447846 0.0442831 0.0461146 0.0750003 0.0815501 
Diceros_bicornis    0.0077665 0.0000000 0.0501747 0.0496625 0.0515815 0.0800877 0.0849708 
Equus_asinus        0.0447846 0.0501747 0.0000000 0.0007978 0.0048617 0.0787794 0.0893444 
Equus_quagga        0.0442831 0.0496625 0.0007978 0.0000000 0.0048617 0.0782069 0.0887485 
Equus_caballus      0.0461146 0.0515815 0.0048617 0.0048617 0.0000000 0.0818250 0.0926500 
Canis_lupus         0.0750003 0.0800877 0.0787794 0.0782069 0.0818250 0.0000000 0.1038499 
Bos_taurus          0.0815501 0.0849708 0.0893444 0.0887485 0.0926500 0.1038499 0.0000000 
