7
Ceratotherium_simum 0.0000000 0.0501961 0.2450273 0.2803613 0.2560355 0.6550842 0.6915861 
Diceros_bicornis    0.0501961 0.0000000 0.2552769 0.2698142 0.2661587 0.6078199 0.6663735 
Equus_asinus        0.2450273 0.2552769 0.0000000 0.0650530 0.0170295 0.6332125 0.6527229 
Equus_quagga        0.2803613 0.2698142 0.0650530 0.0000000 0.0626007 0.6323461 0.7920767 
Equus_caballus      0.2560355 0.2661587 0.0170295 0.0626007 0.0000000 0.6388508 0.6501760 
Canis_lupus         0.6550842 0.6078199 0.6332125 0.6323461 0.6388508 0.0000000 0.8627747 
Bos_taurus          0.6915861 0.6663735 0.6527229 0.7920767 0.6501760 0.8627747 0.0000000 
