7
Ceratotherium_simum 0.0000000 0.0195213 0.0554530 0.0521107 0.0504866 0.0903437 0.1026406 
Diceros_bicornis    0.0195213 0.0000000 0.0718091 0.0681886 0.0664384 0.1077581 0.1190145 
Equus_asinus        0.0554530 0.0718091 0.0000000 0.0040018 0.0067080 0.0924938 0.1101687 
Equus_quagga        0.0521107 0.0681886 0.0040018 0.0000000 0.0053420 0.0895266 0.1042345 
Equus_caballus      0.0504866 0.0664384 0.0067080 0.0053420 0.0000000 0.0894312 0.1059542 
Canis_lupus         0.0903437 0.1077581 0.0924938 0.0895266 0.0894312 0.0000000 0.1183355 
Bos_taurus          0.1026406 0.1190145 0.1101687 0.1042345 0.1059542 0.1183355 0.0000000 
