7
Ceratotherium_simum 0.0000000 0.0053721 0.0505635 0.0505635 0.0506268 0.0737566 0.0794978 
Diceros_bicornis    0.0053721 0.0000000 0.0520490 0.0520490 0.0521142 0.0768152 0.0810729 
Equus_asinus        0.0505635 0.0520490 0.0000000 0.0000010 0.0026971 0.1040897 0.0922845 
Equus_quagga        0.0505635 0.0520490 0.0000010 0.0000000 0.0026971 0.1040897 0.0922845 
Equus_caballus      0.0506268 0.0521142 0.0026971 0.0026971 0.0000000 0.1042362 0.0924107 
Canis_lupus         0.0737566 0.0768152 0.1040897 0.1040897 0.1042362 0.0000000 0.1045428 
Bos_taurus          0.0794978 0.0810729 0.0922845 0.0922845 0.0924107 0.1045428 0.0000000 
