7
Ceratotherium_simum 0.0000000 0.0058375 0.1614770 0.1560935 0.1584301 0.1836731 0.4041240 
Diceros_bicornis    0.0058375 0.0000000 0.1617157 0.1563381 0.1592915 0.1836799 0.4038046 
Equus_asinus        0.1614770 0.1617157 0.0000000 0.0049174 0.0149707 0.2792889 0.4198522 
Equus_quagga        0.1560935 0.1563381 0.0049174 0.0000000 0.0128991 0.2744117 0.4150666 
Equus_caballus      0.1584301 0.1592915 0.0149707 0.0128991 0.0000000 0.2753719 0.4215183 
Canis_lupus         0.1836731 0.1836799 0.2792889 0.2744117 0.2753719 0.0000000 0.4783357 
Bos_taurus          0.4041240 0.4038046 0.4198522 0.4150666 0.4215183 0.4783357 0.0000000 
