7
Ceratotherium_simum 0.0000000 0.0454762 0.0699306 0.0679901 0.0742993 0.1681694 0.1755357 
Diceros_bicornis    0.0454762 0.0000000 0.1142884 0.1120038 0.1224749 0.2186245 0.1780909 
Equus_asinus        0.0699306 0.1142884 0.0000000 0.0030351 0.0097980 0.1911847 0.1919418 
Equus_quagga        0.0679901 0.1120038 0.0030351 0.0000000 0.0081339 0.1899251 0.1882808 
Equus_caballus      0.0742993 0.1224749 0.0097980 0.0081339 0.0000000 0.1958984 0.2011006 
Canis_lupus         0.1681694 0.2186245 0.1911847 0.1899251 0.1958984 0.0000000 0.2673765 
Bos_taurus          0.1755357 0.1780909 0.1919418 0.1882808 0.2011006 0.2673765 0.0000000 
