7
Ceratotherium_simum 0.0000000 0.0122767 0.1620457 0.1662220 0.1580467 0.5248892 0.5925290 
Diceros_bicornis    0.0122767 0.0000000 0.1668367 0.1705469 0.1642615 0.4784319 0.5595106 
Equus_asinus        0.1620457 0.1668367 0.0000000 0.0079099 0.0144369 0.5147520 0.5610155 
Equus_quagga        0.1662220 0.1705469 0.0079099 0.0000000 0.0166332 0.5141785 0.5570894 
Equus_caballus      0.1580467 0.1642615 0.0144369 0.0166332 0.0000000 0.5135888 0.5545802 
Canis_lupus         0.5248892 0.4784319 0.5147520 0.5141785 0.5135888 0.0000000 0.8285901 
Bos_taurus          0.5925290 0.5595106 0.5610155 0.5570894 0.5545802 0.8285901 0.0000000 
