7
Ceratotherium_simum 0.0000000 0.0152870 0.1612330 0.1584507 0.1584809 0.2456996 0.3551040 
Diceros_bicornis    0.0152870 0.0000000 0.2696306 0.1563860 0.1564130 0.2268816 0.3480121 
Equus_asinus        0.1612330 0.2696306 0.0000000 0.0896656 0.1082436 0.3613211 0.5252800 
Equus_quagga        0.1584507 0.1563860 0.0896656 0.0000000 0.0198236 0.2387910 0.3875825 
Equus_caballus      0.1584809 0.1564130 0.1082436 0.0198236 0.0000000 0.2336859 0.3990150 
Canis_lupus         0.2456996 0.2268816 0.3613211 0.2387910 0.2336859 0.0000000 0.3068422 
Bos_taurus          0.3551040 0.3480121 0.5252800 0.3875825 0.3990150 0.3068422 0.0000000 
