7
Ceratotherium_simum 0.0000000 0.0358837 0.1396249 0.1311305 0.1482124 0.2739419 0.5004809 
Diceros_bicornis    0.0358837 0.0000000 0.1331381 0.1245770 0.1417980 0.3007499 0.5161113 
Equus_asinus        0.1396249 0.1331381 0.0000000 0.0069466 0.0210509 0.3260641 0.4688488 
Equus_quagga        0.1311305 0.1245770 0.0069466 0.0000000 0.0139633 0.3149688 0.4559540 
Equus_caballus      0.1482124 0.1417980 0.0210509 0.0139633 0.0000000 0.3149688 0.4559540 
Canis_lupus         0.2739419 0.3007499 0.3260641 0.3149688 0.3149688 0.0000000 0.6237549 
Bos_taurus          0.5004809 0.5161113 0.4688488 0.4559540 0.4559540 0.6237549 0.0000000 
