7
Ceratotherium_simum 0.0000000 0.0143292 0.1118201 0.1076173 0.1076340 0.1969225 0.2084287 
Diceros_bicornis    0.0143292 0.0000000 0.1187784 0.1145341 0.1129595 0.1983026 0.2102779 
Equus_asinus        0.1118201 0.1187784 0.0000000 0.0047508 0.0107445 0.2247272 0.2477463 
Equus_quagga        0.1076173 0.1145341 0.0047508 0.0000000 0.0083384 0.2210512 0.2439474 
Equus_caballus      0.1076340 0.1129595 0.0107445 0.0083384 0.0000000 0.2171554 0.2422447 
Canis_lupus         0.1969225 0.1983026 0.2247272 0.2210512 0.2171554 0.0000000 0.2796399 
Bos_taurus          0.2084287 0.2102779 0.2477463 0.2439474 0.2422447 0.2796399 0.0000000 
