7
Ceratotherium_simum 0.0000000 0.0171379 0.1467995 0.1479463 0.1488771 0.3555030 0.3747950 
Diceros_bicornis    0.0171379 0.0000000 0.1438998 0.1450405 0.1459705 0.3553018 0.3712916 
Equus_asinus        0.1467995 0.1438998 0.0000000 0.0035670 0.0157418 0.3556957 0.3962554 
Equus_quagga        0.1479463 0.1450405 0.0035670 0.0000000 0.0166561 0.3580079 0.3979561 
Equus_caballus      0.1488771 0.1459705 0.0157418 0.0166561 0.0000000 0.3611059 0.4011807 
Canis_lupus         0.3555030 0.3553018 0.3556957 0.3580079 0.3611059 0.0000000 0.5266297 
Bos_taurus          0.3747950 0.3712916 0.3962554 0.3979561 0.4011807 0.5266297 0.0000000 
