7
Ceratotherium_simum 0.0000000 0.0198188 0.1166877 0.1164493 0.1108277 0.2007192 0.2098523 
Diceros_bicornis    0.0198188 0.0000000 0.1403278 0.1400305 0.1342411 0.2211561 0.2373825 
Equus_asinus        0.1166877 0.1403278 0.0000000 0.0098173 0.0098159 0.1944092 0.1993248 
Equus_quagga        0.1164493 0.1400305 0.0098173 0.0000000 0.0097988 0.1939601 0.1924801 
Equus_caballus      0.1108277 0.1342411 0.0098159 0.0097988 0.0000000 0.1877499 0.1925641 
Canis_lupus         0.2007192 0.2211561 0.1944092 0.1939601 0.1877499 0.0000000 0.2605256 
Bos_taurus          0.2098523 0.2373825 0.1993248 0.1924801 0.1925641 0.2605256 0.0000000 
