7
Ceratotherium_simum 0.0000000 0.0073840 0.0638341 0.0638341 0.0624092 0.2649191 0.3335058 
Diceros_bicornis    0.0073840 0.0000000 0.0653180 0.0653180 0.0638862 0.2669539 0.3339270 
Equus_asinus        0.0638341 0.0653180 0.0000000 0.0024419 0.0012179 0.2510929 0.3301815 
Equus_quagga        0.0638341 0.0653180 0.0024419 0.0000000 0.0012179 0.2510929 0.3327672 
Equus_caballus      0.0624092 0.0638862 0.0012179 0.0012179 0.0000000 0.2488627 0.3297672 
Canis_lupus         0.2649191 0.2669539 0.2510929 0.2510929 0.2488627 0.0000000 0.2454852 
Bos_taurus          0.3335058 0.3339270 0.3301815 0.3327672 0.3297672 0.2454852 0.0000000 
