7
Ceratotherium_simum 0.0000000 0.0075802 0.1068456 0.1077878 0.1039547 0.1765711 0.1451820 
Diceros_bicornis    0.0075802 0.0000000 0.1072547 0.1082178 0.1043029 0.1818741 0.1477282 
Equus_asinus        0.1068456 0.1072547 0.0000000 0.0024668 0.0024669 0.1867860 0.1532366 
Equus_quagga        0.1077878 0.1082178 0.0024668 0.0000000 0.0032906 0.1878375 0.1551803 
Equus_caballus      0.1039547 0.1043029 0.0024669 0.0032906 0.0000000 0.1835025 0.1510244 
Canis_lupus         0.1765711 0.1818741 0.1867860 0.1878375 0.1835025 0.0000000 0.1890636 
Bos_taurus          0.1451820 0.1477282 0.1532366 0.1551803 0.1510244 0.1890636 0.0000000 
