7
Ceratotherium_simum 0.0000000 4.3616040 0.0611340 0.0520264 0.0565158 0.0939002 0.1018834 
Diceros_bicornis    4.3616040 0.0000000 4.3808246 4.5580083 4.5444201 4.3421217 4.0538499 
Equus_asinus        0.0611340 4.3808246 0.0000000 0.0126029 0.0168484 0.1058027 0.1188709 
Equus_quagga        0.0520264 4.5580083 0.0126029 0.0000000 0.0041725 0.0960097 0.1089003 
Equus_caballus      0.0565158 4.5444201 0.0168484 0.0041725 0.0000000 0.1007954 0.1137606 
Canis_lupus         0.0939002 4.3421217 0.1058027 0.0960097 0.1007954 0.0000000 0.1136320 
Bos_taurus          0.1018834 4.0538499 0.1188709 0.1089003 0.1137606 0.1136320 0.0000000 
