6
Ceratotherium_simum 0.0000000 0.0075050 0.0704313 0.0704313 0.0991191 0.1405450 
Diceros_bicornis    0.0075050 0.0000000 0.0732685 0.0732685 0.1021279 0.1373293 
Equus_asinus        0.0704313 0.0732685 0.0000000 0.0000010 0.1257977 0.1597193 
Equus_quagga        0.0704313 0.0732685 0.0000010 0.0000000 0.1257977 0.1597193 
Canis_lupus         0.0991191 0.1021279 0.1257977 0.1257977 0.0000000 0.1413131 
Bos_taurus          0.1405450 0.1373293 0.1597193 0.1597193 0.1413131 0.0000000 
