7
Ceratotherium_simum 0.0000000 0.0347121 0.4144201 0.0819021 0.0852869 0.8715853 0.2112012 
Diceros_bicornis    0.0347121 0.0000000 0.3350395 0.1097731 0.1207701 0.8240123 0.2295263 
Equus_asinus        0.4144201 0.3350395 0.0000000 0.2988832 0.4071325 1.1141953 0.5199077 
Equus_quagga        0.0819021 0.1097731 0.2988832 0.0000000 0.0059625 0.8427075 0.2093600 
Equus_caballus      0.0852869 0.1207701 0.4071325 0.0059625 0.0000000 0.8768826 0.2161758 
Canis_lupus         0.8715853 0.8240123 1.1141953 0.8427075 0.8768826 0.0000000 0.9546539 
Bos_taurus          0.2112012 0.2295263 0.5199077 0.2093600 0.2161758 0.9546539 0.0000000 
