7
Ceratotherium_simum 0.0000000 0.0273482 0.8162964 0.1526497 0.0830839 0.2506996 0.2742361 
Diceros_bicornis    0.0273482 0.0000000 0.8202558 0.1631548 0.0881860 0.2636625 0.2751129 
Equus_asinus        0.8162964 0.8202558 0.0000000 1.0907016 0.7564037 0.9835280 0.8879019 
Equus_quagga        0.1526497 0.1631548 1.0907016 0.0000000 0.0832026 0.3090342 0.3659430 
Equus_caballus      0.0830839 0.0881860 0.7564037 0.0832026 0.0000000 0.2608873 0.2949919 
Canis_lupus         0.2506996 0.2636625 0.9835280 0.3090342 0.2608873 0.0000000 0.3013560 
Bos_taurus          0.2742361 0.2751129 0.8879019 0.3659430 0.2949919 0.3013560 0.0000000 
