7
Ceratotherium_simum 0.0000000 0.0081839 0.1009097 0.0992334 0.0927383 0.1280147 0.3349564 
Diceros_bicornis    0.0081839 0.0000000 0.0934446 0.0918184 0.0854528 0.1266679 0.3297631 
Equus_asinus        0.1009097 0.0934446 0.0000000 0.0045686 0.0073386 0.1766236 0.2571776 
Equus_quagga        0.0992334 0.0918184 0.0045686 0.0000000 0.0063855 0.1773414 0.2580389 
Equus_caballus      0.0927383 0.0854528 0.0073386 0.0063855 0.0000000 0.1707844 0.2558480 
Canis_lupus         0.1280147 0.1266679 0.1766236 0.1773414 0.1707844 0.0000000 0.3748954 
Bos_taurus          0.3349564 0.3297631 0.2571776 0.2580389 0.2558480 0.3748954 0.0000000 
