7
Ceratotherium_simum 0.0000000 0.0125116 0.1718989 0.1759402 0.3152443 0.2456090 0.3224625 
Diceros_bicornis    0.0125116 0.0000000 0.1643379 0.1683436 0.3107076 0.2374325 0.3181298 
Equus_asinus        0.1718989 0.1643379 0.0000000 0.0062163 0.1323639 0.2427584 0.3113545 
Equus_quagga        0.1759402 0.1683436 0.0062163 0.0000000 0.1325093 0.2472279 0.3140561 
Equus_caballus      0.3152443 0.3107076 0.1323639 0.1325093 0.0000000 0.3995055 0.4949705 
Canis_lupus         0.2456090 0.2374325 0.2427584 0.2472279 0.3995055 0.0000000 0.3619881 
Bos_taurus          0.3224625 0.3181298 0.3113545 0.3140561 0.4949705 0.3619881 0.0000000 
