7
Ceratotherium_simum 0.0000000 0.0168045 0.3240009 0.3241605 0.3491013 0.4392747 0.5741431 
Diceros_bicornis    0.0168045 0.0000000 0.3159388 0.3160947 0.3407761 0.4300726 0.5647975 
Equus_asinus        0.3240009 0.3159388 0.0000000 0.0226689 0.0341465 0.4298400 0.5881073 
Equus_quagga        0.3241605 0.3160947 0.0226689 0.0000000 0.0414425 0.4519076 0.6148073 
Equus_caballus      0.3491013 0.3407761 0.0341465 0.0414425 0.0000000 0.4403641 0.5950530 
Canis_lupus         0.4392747 0.4300726 0.4298400 0.4519076 0.4403641 0.0000000 0.6655192 
Bos_taurus          0.5741431 0.5647975 0.5881073 0.6148073 0.5950530 0.6655192 0.0000000 
