7
Ceratotherium_simum 0.0000000 0.0032138 0.0396603 0.0408219 0.0408219 0.0581913 0.0640048 
Diceros_bicornis    0.0032138 0.0000000 0.0430863 0.0442564 0.0442564 0.0593995 0.0652254 
Equus_asinus        0.0396603 0.0430863 0.0000000 0.0010699 0.0032138 0.0748813 0.0808337 
Equus_quagga        0.0408219 0.0442564 0.0010699 0.0000000 0.0042911 0.0761320 0.0820991 
Equus_caballus      0.0408219 0.0442564 0.0032138 0.0042911 0.0000000 0.0761320 0.0820991 
Canis_lupus         0.0581913 0.0593995 0.0748813 0.0761320 0.0761320 0.0000000 0.0721516 
Bos_taurus          0.0640048 0.0652254 0.0808337 0.0820991 0.0820991 0.0721516 0.0000000 
