7
Ceratotherium_simum 0.0000000 0.0085472 0.1785336 0.1758993 0.1859523 0.2739509 0.3209642 
Diceros_bicornis    0.0085472 0.0000000 0.1838213 0.1811742 0.1912653 0.2798424 0.3271658 
Equus_asinus        0.1785336 0.1838213 0.0000000 0.0021288 0.0107375 0.2852014 0.3660508 
Equus_quagga        0.1758993 0.1811742 0.0021288 0.0000000 0.0128998 0.2881934 0.3693225 
Equus_caballus      0.1859523 0.1912653 0.0107375 0.0128998 0.0000000 0.2933625 0.3748035 
Canis_lupus         0.2739509 0.2798424 0.2852014 0.2881934 0.2933625 0.0000000 0.3701453 
Bos_taurus          0.3209642 0.3271658 0.3660508 0.3693225 0.3748035 0.3701453 0.0000000 
