7
Ceratotherium_simum 0.0000000 0.0096830 0.0868295 0.0846811 0.0806477 0.1465886 0.1788693 
Diceros_bicornis    0.0096830 0.0000000 0.0913448 0.0891102 0.0849665 0.1544215 0.1845949 
Equus_asinus        0.0868295 0.0913448 0.0000000 0.0040639 0.0087025 0.1571467 0.1852101 
Equus_quagga        0.0846811 0.0891102 0.0040639 0.0000000 0.0078344 0.1518396 0.1815414 
Equus_caballus      0.0806477 0.0849665 0.0087025 0.0078344 0.0000000 0.1515222 0.1759712 
Canis_lupus         0.1465886 0.1544215 0.1571467 0.1518396 0.1515222 0.0000000 0.1991876 
Bos_taurus          0.1788693 0.1845949 0.1852101 0.1815414 0.1759712 0.1991876 0.0000000 
