7
Ceratotherium_simum 0.0000000 0.0068218 0.1436204 0.0581782 0.0561487 0.1328589 0.0814929 
Diceros_bicornis    0.0068218 0.0000000 0.1387338 0.0583728 0.0563354 0.1282024 0.0817855 
Equus_asinus        0.1436204 0.1387338 0.0000000 0.0721857 0.0744812 0.1305058 0.1567592 
Equus_quagga        0.0581782 0.0583728 0.0721857 0.0000000 0.0016878 0.1035712 0.0742762 
Equus_caballus      0.0561487 0.0563354 0.0744812 0.0016878 0.0000000 0.1011479 0.0721795 
Canis_lupus         0.1328589 0.1282024 0.1305058 0.1035712 0.1011479 0.0000000 0.1193932 
Bos_taurus          0.0814929 0.0817855 0.1567592 0.0742762 0.0721795 0.1193932 0.0000000 
