7
Ceratotherium_simum 0.0000000 0.0315291 0.2288469 0.2200660 0.2324102 0.3860919 0.5509104 
Diceros_bicornis    0.0315291 0.0000000 0.2509992 0.2418477 0.2542245 0.4110819 0.5606395 
Equus_asinus        0.2288469 0.2509992 0.0000000 0.0052066 0.0483663 0.3355302 0.4853067 
Equus_quagga        0.2200660 0.2418477 0.0052066 0.0000000 0.0426454 0.3246198 0.4799181 
Equus_caballus      0.2324102 0.2542245 0.0483663 0.0426454 0.0000000 0.3051253 0.4827892 
Canis_lupus         0.3860919 0.4110819 0.3355302 0.3246198 0.3051253 0.0000000 0.5564970 
Bos_taurus          0.5509104 0.5606395 0.4853067 0.4799181 0.4827892 0.5564970 0.0000000 
