7
Ceratotherium_simum 0.0000000 0.0039470 0.1383619 0.1337343 0.1383619 0.2826520 0.2588007 
Diceros_bicornis    0.0039470 0.0000000 0.1337343 0.1291263 0.1337343 0.2770728 0.2534944 
Equus_asinus        0.1383619 0.1337343 0.0000000 0.0118921 0.0199058 0.2681333 0.2554423 
Equus_quagga        0.1337343 0.1291263 0.0118921 0.0000000 0.0158903 0.2625662 0.2501033 
Equus_caballus      0.1383619 0.1337343 0.0199058 0.0158903 0.0000000 0.2570249 0.2447867 
Canis_lupus         0.2826520 0.2770728 0.2681333 0.2625662 0.2570249 0.0000000 0.2485728 
Bos_taurus          0.2588007 0.2534944 0.2554423 0.2501033 0.2447867 0.2485728 0.0000000 
