7
Ceratotherium_simum 0.0000000 0.0226550 0.1766271 0.1740763 0.1767356 0.2471768 0.1999618 
Diceros_bicornis    0.0226550 0.0000000 0.1670800 0.1645769 0.1671805 0.2307319 0.1899597 
Equus_asinus        0.1766271 0.1670800 0.0000000 0.0020289 0.0081473 0.2237558 0.1510352 
Equus_quagga        0.1740763 0.1645769 0.0020289 0.0000000 0.0061044 0.2211363 0.1485856 
Equus_caballus      0.1767356 0.1671805 0.0081473 0.0061044 0.0000000 0.2239010 0.1511244 
Canis_lupus         0.2471768 0.2307319 0.2237558 0.2211363 0.2239010 0.0000000 0.2273834 
Bos_taurus          0.1999618 0.1899597 0.1510352 0.1485856 0.1511244 0.2273834 0.0000000 
