7
Ceratotherium_simum 0.0000000 0.0120180 0.0360130 0.0360130 0.0351919 0.0785408 0.0741297 
Diceros_bicornis    0.0120180 0.0000000 0.0345150 0.0345150 0.0336937 0.0817389 0.0726365 
Equus_asinus        0.0360130 0.0345150 0.0000000 0.0000010 0.0007366 0.0888357 0.0841801 
Equus_quagga        0.0360130 0.0345150 0.0000010 0.0000000 0.0007366 0.0888357 0.0841801 
Equus_caballus      0.0351919 0.0336937 0.0007366 0.0007366 0.0000000 0.0898020 0.0832352 
Canis_lupus         0.0785408 0.0817389 0.0888357 0.0888357 0.0898020 0.0000000 0.1110800 
Bos_taurus          0.0741297 0.0726365 0.0841801 0.0841801 0.0832352 0.1110800 0.0000000 
