7
Ceratotherium_simum 0.0000000 0.0016520 0.0397632 0.0397632 0.0417173 0.1117084 0.0979213 
Diceros_bicornis    0.0016520 0.0000000 0.0398637 0.0398637 0.0418243 0.1123355 0.0985479 
Equus_asinus        0.0397632 0.0398637 0.0000000 0.0000010 0.0033006 0.0980376 0.0926755 
Equus_quagga        0.0397632 0.0398637 0.0000010 0.0000000 0.0033006 0.0980376 0.0926755 
Equus_caballus      0.0417173 0.0418243 0.0033006 0.0033006 0.0000000 0.1004540 0.0966314 
Canis_lupus         0.1117084 0.1123355 0.0980376 0.0980376 0.1004540 0.0000000 0.1353252 
Bos_taurus          0.0979213 0.0985479 0.0926755 0.0926755 0.0966314 0.1353252 0.0000000 
