7
Ceratotherium_simum 0.0000000 0.0070319 0.0905929 0.0944758 0.0944769 0.2503001 0.3098394 
Diceros_bicornis    0.0070319 0.0000000 0.0896594 0.1727479 0.0930819 0.2339366 0.2785756 
Equus_asinus        0.0905929 0.0896594 0.0000000 0.0783001 0.0061938 0.2507583 0.3005819 
Equus_quagga        0.0944758 0.1727479 0.0783001 0.0000000 0.0817815 0.3581745 0.4240652 
Equus_caballus      0.0944769 0.0930819 0.0061938 0.0817815 0.0000000 0.2528531 0.3027537 
Canis_lupus         0.2503001 0.2339366 0.2507583 0.3581745 0.2528531 0.0000000 0.3091030 
Bos_taurus          0.3098394 0.2785756 0.3005819 0.4240652 0.3027537 0.3091030 0.0000000 
