7
Ceratotherium_simum 0.0000000 0.0059956 0.0468159 0.0468159 0.0476595 0.0663858 0.0719998 
Diceros_bicornis    0.0059956 0.0000000 0.0494954 0.0494954 0.0503509 0.0675322 0.0760616 
Equus_asinus        0.0468159 0.0494954 0.0000000 0.0000010 0.0006530 0.0831574 0.0849936 
Equus_quagga        0.0468159 0.0494954 0.0000010 0.0000000 0.0006530 0.0831574 0.0849936 
Equus_caballus      0.0476595 0.0503509 0.0006530 0.0006530 0.0000000 0.0841454 0.0860143 
Canis_lupus         0.0663858 0.0675322 0.0831574 0.0831574 0.0841454 0.0000000 0.0853788 
Bos_taurus          0.0719998 0.0760616 0.0849936 0.0849936 0.0860143 0.0853788 0.0000000 
