7
Ceratotherium_simum 0.0000000 0.0134472 0.1487194 0.1506728 0.1539862 0.5580137 0.3425314 
Diceros_bicornis    0.0134472 0.0000000 0.1583542 0.1603438 0.1636808 0.5573971 0.3515005 
Equus_asinus        0.1487194 0.1583542 0.0000000 0.0040005 0.0272166 0.5502337 0.3729577 
Equus_quagga        0.1506728 0.1603438 0.0040005 0.0000000 0.0258174 0.5595360 0.3738490 
Equus_caballus      0.1539862 0.1636808 0.0272166 0.0258174 0.0000000 0.5660258 0.3735501 
Canis_lupus         0.5580137 0.5573971 0.5502337 0.5595360 0.5660258 0.0000000 0.7125871 
Bos_taurus          0.3425314 0.3515005 0.3729577 0.3738490 0.3735501 0.7125871 0.0000000 
