7
Ceratotherium_simum 0.0000000 0.1135095 0.2165233 0.1973700 0.1979114 0.1644971 0.3307851 
Diceros_bicornis    0.1135095 0.0000000 0.2025151 0.3136253 0.3147424 0.2812733 0.5077004 
Equus_asinus        0.2165233 0.2025151 0.0000000 0.0220794 0.0183657 0.2641981 0.2864973 
Equus_quagga        0.1973700 0.3136253 0.0220794 0.0000000 0.0314166 0.2543506 0.2439301 
Equus_caballus      0.1979114 0.3147424 0.0183657 0.0314166 0.0000000 0.2463778 0.2770055 
Canis_lupus         0.1644971 0.2812733 0.2641981 0.2543506 0.2463778 0.0000000 0.3596561 
Bos_taurus          0.3307851 0.5077004 0.2864973 0.2439301 0.2770055 0.3596561 0.0000000 
