7
Ceratotherium_simum 0.0000000 0.0094334 0.2705230 0.2703234 0.2800414 0.2967555 0.3734909 
Diceros_bicornis    0.0094334 0.0000000 0.2685197 0.2683215 0.2780610 0.2959090 0.3728535 
Equus_asinus        0.2705230 0.2685197 0.0000000 0.0080481 0.0149700 0.4103664 0.4636954 
Equus_quagga        0.2703234 0.2683215 0.0080481 0.0000000 0.0135505 0.4099191 0.4678265 
Equus_caballus      0.2800414 0.2780610 0.0149700 0.0135505 0.0000000 0.4232819 0.4863264 
Canis_lupus         0.2967555 0.2959090 0.4103664 0.4099191 0.4232819 0.0000000 0.4682641 
Bos_taurus          0.3734909 0.3728535 0.4636954 0.4678265 0.4863264 0.4682641 0.0000000 
