7
Ceratotherium_simum 0.0000000 0.0011268 0.0382982 0.0375713 0.0376333 0.0541068 0.0634259 
Diceros_bicornis    0.0011268 0.0000000 0.0376333 0.0369094 0.0369701 0.0548221 0.0626907 
Equus_asinus        0.0382982 0.0376333 0.0000000 0.0011284 0.0022651 0.0621880 0.0690164 
Equus_quagga        0.0375713 0.0369094 0.0011284 0.0000000 0.0011284 0.0628077 0.0696373 
Equus_caballus      0.0376333 0.0369701 0.0022651 0.0011284 0.0000000 0.0629251 0.0697716 
Canis_lupus         0.0541068 0.0548221 0.0621880 0.0628077 0.0629251 0.0000000 0.0777315 
Bos_taurus          0.0634259 0.0626907 0.0690164 0.0696373 0.0697716 0.0777315 0.0000000 
