7
Ceratotherium_simum 0.0000000 0.0065604 0.0985238 0.1009900 0.0960260 0.2076539 0.1533066 
Diceros_bicornis    0.0065604 0.0000000 0.1003122 0.1027688 0.0978233 0.2035716 0.1549245 
Equus_asinus        0.0985238 0.1003122 0.0000000 0.0065173 0.0065156 0.2235436 0.1876553 
Equus_quagga        0.1009900 0.1027688 0.0065173 0.0000000 0.0086981 0.2263120 0.1903853 
Equus_caballus      0.0960260 0.0978233 0.0065156 0.0086981 0.0000000 0.2206530 0.1848334 
Canis_lupus         0.2076539 0.2035716 0.2235436 0.2263120 0.2206530 0.0000000 0.2793953 
Bos_taurus          0.1533066 0.1549245 0.1876553 0.1903853 0.1848334 0.2793953 0.0000000 
