7
Ceratotherium_simum 0.0000000 0.2595204 0.3460411 0.3435640 0.3561287 0.3329988 0.5658344 
Diceros_bicornis    0.2595204 0.0000000 0.3594138 0.3324836 0.3715581 0.4983956 0.4505143 
Equus_asinus        0.3460411 0.3594138 0.0000000 0.0125239 0.0426804 0.3376038 0.4366303 
Equus_quagga        0.3435640 0.3324836 0.0125239 0.0000000 0.0399162 0.3346875 0.4147963 
Equus_caballus      0.3561287 0.3715581 0.0426804 0.0399162 0.0000000 0.3421857 0.4595140 
Canis_lupus         0.3329988 0.4983956 0.3376038 0.3346875 0.3421857 0.0000000 0.4691045 
Bos_taurus          0.5658344 0.4505143 0.4366303 0.4147963 0.4595140 0.4691045 0.0000000 
