7
Ceratotherium_simum 0.0000000 0.0092741 0.0884593 0.0850337 0.0850337 0.2168485 0.1952818 
Diceros_bicornis    0.0092741 0.0000000 0.0848434 0.0814381 0.0814381 0.2122311 0.1908564 
Equus_asinus        0.0884593 0.0848434 0.0000000 0.0124116 0.0030751 0.2230032 0.1975772 
Equus_quagga        0.0850337 0.0814381 0.0124116 0.0000000 0.0092924 0.2323788 0.1975772 
Equus_caballus      0.0850337 0.0814381 0.0030751 0.0092924 0.0000000 0.2270157 0.1936975 
Canis_lupus         0.2168485 0.2122311 0.2230032 0.2323788 0.2270157 0.0000000 0.2985585 
Bos_taurus          0.1952818 0.1908564 0.1975772 0.1975772 0.1936975 0.2985585 0.0000000 
