7
Ceratotherium_simum 0.0000000 0.0398066 0.3192376 0.2861488 0.3195799 0.3775579 0.4009004 
Diceros_bicornis    0.0398066 0.0000000 0.2690181 0.2671045 0.2666766 0.3167291 0.3479299 
Equus_asinus        0.3192376 0.2690181 0.0000000 0.0046166 0.0108415 0.2222286 0.2612484 
Equus_quagga        0.2861488 0.2671045 0.0046166 0.0000000 0.0104434 0.2207012 0.2561443 
Equus_caballus      0.3195799 0.2666766 0.0108415 0.0104434 0.0000000 0.2268698 0.2656860 
Canis_lupus         0.3775579 0.3167291 0.2222286 0.2207012 0.2268698 0.0000000 0.2150158 
Bos_taurus          0.4009004 0.3479299 0.2612484 0.2561443 0.2656860 0.2150158 0.0000000 
