7
Ceratotherium_simum 0.0000000 0.0152051 0.1830654 0.1820612 0.1819387 0.3388830 0.3396812 
Diceros_bicornis    0.0152051 0.0000000 0.1833081 0.1823064 0.1821841 0.3381259 0.3375253 
Equus_asinus        0.1830654 0.1833081 0.0000000 0.0202194 0.0258070 0.3747775 0.3745590 
Equus_quagga        0.1820612 0.1823064 0.0202194 0.0000000 0.0121156 0.3765349 0.3813346 
Equus_caballus      0.1819387 0.1821841 0.0258070 0.0121156 0.0000000 0.3726878 0.3747179 
Canis_lupus         0.3388830 0.3381259 0.3747775 0.3765349 0.3726878 0.0000000 0.4615025 
Bos_taurus          0.3396812 0.3375253 0.3745590 0.3813346 0.3747179 0.4615025 0.0000000 
