7
Ceratotherium_simum 0.0000000 0.0116582 0.0982326 0.0970060 0.1028710 0.1483885 0.1890808 
Diceros_bicornis    0.0116582 0.0000000 0.0976465 0.0964229 0.1022748 0.1464835 0.1866951 
Equus_asinus        0.0982326 0.0976465 0.0000000 0.0063728 0.0150396 0.1705173 0.2062665 
Equus_quagga        0.0970060 0.0964229 0.0063728 0.0000000 0.0166902 0.1696101 0.2081074 
Equus_caballus      0.1028710 0.1022748 0.0150396 0.0166902 0.0000000 0.1748994 0.2128511 
Canis_lupus         0.1483885 0.1464835 0.1705173 0.1696101 0.1748994 0.0000000 0.2293469 
Bos_taurus          0.1890808 0.1866951 0.2062665 0.2081074 0.2128511 0.2293469 0.0000000 
