7
Ceratotherium_simum 0.0000000 0.0016551 0.1321978 0.1280665 0.1280665 0.2017097 0.3363567 
Diceros_bicornis    0.0016551 0.0000000 0.1341793 0.1300365 0.1300365 0.2038576 0.3388871 
Equus_asinus        0.1321978 0.1341793 0.0000000 0.0033172 0.0117222 0.2138538 0.3101749 
Equus_quagga        0.1280665 0.1300365 0.0033172 0.0000000 0.0117083 0.2091578 0.3046944 
Equus_caballus      0.1280665 0.1300365 0.0117222 0.0117083 0.0000000 0.2141968 0.3157039 
Canis_lupus         0.2017097 0.2038576 0.2138538 0.2091578 0.2141968 0.0000000 0.3726471 
Bos_taurus          0.3363567 0.3388871 0.3101749 0.3046944 0.3157039 0.3726471 0.0000000 
