7
Ceratotherium_simum 0.0000000 0.1373971 0.4268456 0.2645008 0.4268456 0.3530445 0.3680596 
Diceros_bicornis    0.1373971 0.0000000 0.2591566 0.4255920 0.2484395 0.5186402 0.5594746 
Equus_asinus        0.4268456 0.2591566 0.0000000 0.1113521 0.0082677 0.5464490 0.6018945 
Equus_quagga        0.2645008 0.4255920 0.1113521 0.0000000 0.1113521 0.3743758 0.4178641 
Equus_caballus      0.4268456 0.2484395 0.0082677 0.1113521 0.0000000 0.5345133 0.6018945 
Canis_lupus         0.3530445 0.5186402 0.5464490 0.3743758 0.5345133 0.0000000 0.4346512 
Bos_taurus          0.3680596 0.5594746 0.6018945 0.4178641 0.6018945 0.4346512 0.0000000 
