7
Ceratotherium_simum 0.0000000 0.2973055 1.1001892 1.4095098 1.8045919 2.1164489 1.8796194 
Diceros_bicornis    0.2973055 0.0000000 1.5170359 1.1923675 1.3732343 1.6252778 1.7833170 
Equus_asinus        1.1001892 1.5170359 0.0000000 0.0448839 0.1384076 1.7604397 1.8914943 
Equus_quagga        1.4095098 1.1923675 0.0448839 0.0000000 0.0144277 1.7324041 1.6212510 
Equus_caballus      1.8045919 1.3732343 0.1384076 0.0144277 0.0000000 1.7336176 1.8040843 
Canis_lupus         2.1164489 1.6252778 1.7604397 1.7324041 1.7336176 0.0000000 2.1942692 
Bos_taurus          1.8796194 1.7833170 1.8914943 1.6212510 1.8040843 2.1942692 0.0000000 
