7
Ceratotherium_simum 0.0000000 0.1126244 0.2154183 0.1341835 0.2056950 0.3449174 0.3294730 
Diceros_bicornis    0.1126244 0.0000000 0.1261858 0.1413883 0.1163203 0.2268222 0.2682148 
Equus_asinus        0.2154183 0.1261858 0.0000000 0.0100547 0.0131705 0.2103580 0.2811825 
Equus_quagga        0.1341835 0.1413883 0.0100547 0.0000000 0.0100429 0.2318390 0.2438772 
Equus_caballus      0.2056950 0.1163203 0.0131705 0.0100429 0.0000000 0.2067415 0.2713910 
Canis_lupus         0.3449174 0.2268222 0.2103580 0.2318390 0.2067415 0.0000000 0.2920987 
Bos_taurus          0.3294730 0.2682148 0.2811825 0.2438772 0.2713910 0.2920987 0.0000000 
