7
Ceratotherium_simum 0.0000000 0.0019660 0.0241381 0.0262216 0.0241381 0.0427703 0.0323375 
Diceros_bicornis    0.0019660 0.0000000 0.0221079 0.0241847 0.0221079 0.0407009 0.0302923 
Equus_asinus        0.0241381 0.0221079 0.0000000 0.0019733 0.0000010 0.0468674 0.0322487 
Equus_quagga        0.0262216 0.0241847 0.0019733 0.0000000 0.0019733 0.0490422 0.0343595 
Equus_caballus      0.0241381 0.0221079 0.0000010 0.0019733 0.0000000 0.0468674 0.0322487 
Canis_lupus         0.0427703 0.0407009 0.0468674 0.0490422 0.0468674 0.0000000 0.0467863 
Bos_taurus          0.0323375 0.0302923 0.0322487 0.0343595 0.0322487 0.0467863 0.0000000 
