7
Ceratotherium_simum 0.0000000 0.0025219 0.1533346 0.1498248 0.1405664 0.3544178 0.3450796 
Diceros_bicornis    0.0025219 0.0000000 0.1568786 0.1533346 0.1440131 0.3597709 0.3504778 
Equus_asinus        0.1533346 0.1568786 0.0000000 0.0025219 0.0101384 0.3611623 0.3424597 
Equus_quagga        0.1498248 0.1533346 0.0025219 0.0000000 0.0075760 0.3557713 0.3372084 
Equus_caballus      0.1405664 0.1440131 0.0101384 0.0075760 0.0000000 0.3438447 0.3332612 
Canis_lupus         0.3544178 0.3597709 0.3611623 0.3557713 0.3438447 0.0000000 0.4562232 
Bos_taurus          0.3450796 0.3504778 0.3424597 0.3372084 0.3332612 0.4562232 0.0000000 
