7
Ceratotherium_simum 0.0000000 0.0064543 0.0610222 0.0621455 0.0631748 0.0933917 0.1230497 
Diceros_bicornis    0.0064543 0.0000000 0.0634571 0.0645898 0.0656244 0.0975316 0.1291441 
Equus_asinus        0.0610222 0.0634571 0.0000000 0.0064548 0.0073776 0.1058169 0.1370111 
Equus_quagga        0.0621455 0.0645898 0.0064548 0.0000000 0.0083119 0.1070693 0.1410845 
Equus_caballus      0.0631748 0.0656244 0.0073776 0.0083119 0.0000000 0.1008316 0.1341622 
Canis_lupus         0.0933917 0.0975316 0.1058169 0.1070693 0.1008316 0.0000000 0.1395950 
Bos_taurus          0.1230497 0.1291441 0.1370111 0.1410845 0.1341622 0.1395950 0.0000000 
