7
Ceratotherium_simum 0.0000000 0.0015209 0.0707817 0.0701048 0.0505294 0.1126503 0.0772474 
Diceros_bicornis    0.0015209 0.0000000 0.0701264 0.0694515 0.0499221 0.1118732 0.0765761 
Equus_asinus        0.0707817 0.0701264 0.0000000 0.0030490 0.0242600 0.1358640 0.1016846 
Equus_quagga        0.0701048 0.0694515 0.0030490 0.0000000 0.0242392 0.1371389 0.1035299 
Equus_caballus      0.0505294 0.0499221 0.0242600 0.0242392 0.0000000 0.1140632 0.0825533 
Canis_lupus         0.1126503 0.1118732 0.1358640 0.1371389 0.1140632 0.0000000 0.1325093 
Bos_taurus          0.0772474 0.0765761 0.1016846 0.1035299 0.0825533 0.1325093 0.0000000 
