7
Ceratotherium_simum 0.0000000 0.0392855 0.2170054 0.2422655 0.2054388 0.3485599 0.4520641 
Diceros_bicornis    0.0392855 0.0000000 0.2057620 0.2304441 0.1904498 0.3420659 0.4540581 
Equus_asinus        0.2170054 0.2057620 0.0000000 0.0328297 0.0296122 0.3516773 0.4285103 
Equus_quagga        0.2422655 0.2304441 0.0328297 0.0000000 0.0508190 0.3729697 0.4439083 
Equus_caballus      0.2054388 0.1904498 0.0296122 0.0508190 0.0000000 0.3419289 0.4140796 
Canis_lupus         0.3485599 0.3420659 0.3516773 0.3729697 0.3419289 0.0000000 0.4879631 
Bos_taurus          0.4520641 0.4540581 0.4285103 0.4439083 0.4140796 0.4879631 0.0000000 
