7
Ceratotherium_simum 0.0000000 0.0121928 0.1010812 0.0911052 0.0910939 0.1198685 0.1751593 
Diceros_bicornis    0.0121928 0.0000000 0.0991911 0.0892277 0.0892167 0.1220729 0.1776584 
Equus_asinus        0.1010812 0.0991911 0.0000000 0.0086585 0.0121554 0.1635489 0.2266741 
Equus_quagga        0.0911052 0.0892277 0.0086585 0.0000000 0.0034511 0.1526245 0.2169151 
Equus_caballus      0.0910939 0.0892167 0.0121554 0.0034511 0.0000000 0.1570159 0.2119774 
Canis_lupus         0.1198685 0.1220729 0.1635489 0.1526245 0.1570159 0.0000000 0.2056144 
Bos_taurus          0.1751593 0.1776584 0.2266741 0.2169151 0.2119774 0.2056144 0.0000000 
