7
Ceratotherium_simum 0.0000000 0.0049924 0.0640595 0.0663922 0.0567837 0.1207629 0.1723180 
Diceros_bicornis    0.0049924 0.0000000 0.0639282 0.0662545 0.0566704 0.1235765 0.1733244 
Equus_asinus        0.0640595 0.0639282 0.0000000 0.0049848 0.0083163 0.1118722 0.1637500 
Equus_quagga        0.0663922 0.0662545 0.0049848 0.0000000 0.0100370 0.1147561 0.1646045 
Equus_caballus      0.0567837 0.0566704 0.0083163 0.0100370 0.0000000 0.1069373 0.1551073 
Canis_lupus         0.1207629 0.1235765 0.1118722 0.1147561 0.1069373 0.0000000 0.1943065 
Bos_taurus          0.1723180 0.1733244 0.1637500 0.1646045 0.1551073 0.1943065 0.0000000 
