7
Ceratotherium_simum 0.0000000 0.0090153 0.0932496 0.0932870 0.0956441 0.2224381 0.3453056 
Diceros_bicornis    0.0090153 0.0000000 0.0968326 0.0968718 0.0992465 0.2268301 0.3498038 
Equus_asinus        0.0932496 0.0968326 0.0000000 0.0059800 0.0100012 0.2355506 0.3772565 
Equus_quagga        0.0932870 0.0968718 0.0059800 0.0000000 0.0069888 0.2354126 0.3709238 
Equus_caballus      0.0956441 0.0992465 0.0100012 0.0069888 0.0000000 0.2371086 0.3762411 
Canis_lupus         0.2224381 0.2268301 0.2355506 0.2354126 0.2371086 0.0000000 0.4467914 
Bos_taurus          0.3453056 0.3498038 0.3772565 0.3709238 0.3762411 0.4467914 0.0000000 
