7
Ceratotherium_simum 0.0000000 0.1766350 0.2981224 0.2981224 0.2934988 0.3324099 0.3429822 
Diceros_bicornis    0.1766350 0.0000000 0.0916514 0.0897977 0.0879566 0.3180111 0.1154642 
Equus_asinus        0.2981224 0.0916514 0.0000000 0.0014212 0.0028490 0.2858435 0.1279934 
Equus_quagga        0.2981224 0.0897977 0.0014212 0.0000000 0.0014219 0.2858435 0.1279934 
Equus_caballus      0.2934988 0.0879566 0.0028490 0.0014219 0.0000000 0.2826529 0.1259741 
Canis_lupus         0.3324099 0.3180111 0.2858435 0.2858435 0.2826529 0.0000000 0.3503260 
Bos_taurus          0.3429822 0.1154642 0.1279934 0.1279934 0.1259741 0.3503260 0.0000000 
