7
Ceratotherium_simum 0.0000000 0.0048622 0.0914233 0.0942056 0.0940157 4.7940047 0.1678498 
Diceros_bicornis    0.0048622 0.0000000 0.0859435 0.0887082 0.0885299 4.6545361 0.1617482 
Equus_asinus        0.0914233 0.0859435 0.0000000 0.0073432 0.0073305 4.9671500 0.1677089 
Equus_quagga        0.0942056 0.0887082 0.0073432 0.0000000 0.0048815 5.1298363 0.1708292 
Equus_caballus      0.0940157 0.0885299 0.0073305 0.0048815 0.0000000 5.3443720 0.1643291 
Canis_lupus         4.7940047 4.6545361 4.9671500 5.1298363 5.3443720 0.0000000 4.7991891 
Bos_taurus          0.1678498 0.1617482 0.1677089 0.1708292 0.1643291 4.7991891 0.0000000 
