7
Ceratotherium_simum 0.0000000 0.0093156 0.1324605 0.1324760 0.1246014 0.1975716 0.2585378 
Diceros_bicornis    0.0093156 0.0000000 0.1285928 0.1286077 0.1207837 0.1970418 0.2577463 
Equus_asinus        0.1324605 0.1285928 0.0000000 0.0061841 0.0061871 0.2044531 0.2806652 
Equus_quagga        0.1324760 0.1286077 0.0061841 0.0000000 0.0061877 0.2044788 0.2807036 
Equus_caballus      0.1246014 0.1207837 0.0061871 0.0061877 0.0000000 0.1955311 0.2703583 
Canis_lupus         0.1975716 0.1970418 0.2044531 0.2044788 0.1955311 0.0000000 0.2928645 
Bos_taurus          0.2585378 0.2577463 0.2806652 0.2807036 0.2703583 0.2928645 0.0000000 
