7
Ceratotherium_simum 0.0000000 0.0030081 0.0487514 0.0784564 0.0470621 0.0748880 0.0757250 
Diceros_bicornis    0.0030081 0.0000000 0.0479580 0.0798386 0.0462775 0.0739829 0.0775120 
Equus_asinus        0.0487514 0.0479580 0.0000000 0.0526680 0.0059363 0.0685525 0.0999035 
Equus_quagga        0.0784564 0.0798386 0.0526680 0.0000000 0.0612259 0.1384410 0.1465942 
Equus_caballus      0.0470621 0.0462775 0.0059363 0.0612259 0.0000000 0.0659150 0.1024155 
Canis_lupus         0.0748880 0.0739829 0.0685525 0.1384410 0.0659150 0.0000000 0.1185207 
Bos_taurus          0.0757250 0.0775120 0.0999035 0.1465942 0.1024155 0.1185207 0.0000000 
