7
Ceratotherium_simum 0.0000000 0.0087788 0.2435862 0.2368924 0.2465416 0.3191676 0.3187708 
Diceros_bicornis    0.0087788 0.0000000 0.2435862 0.2368924 0.2465416 0.3191676 0.3220434 
Equus_asinus        0.2435862 0.2435862 0.0000000 0.0043681 0.0132015 0.3764358 0.3382644 
Equus_quagga        0.2368924 0.2368924 0.0043681 0.0000000 0.0087590 0.3739724 0.3372757 
Equus_caballus      0.2465416 0.2465416 0.0132015 0.0087590 0.0000000 0.3796401 0.3429075 
Canis_lupus         0.3191676 0.3191676 0.3764358 0.3739724 0.3796401 0.0000000 0.3592884 
Bos_taurus          0.3187708 0.3220434 0.3382644 0.3372757 0.3429075 0.3592884 0.0000000 
