7
Ceratotherium_simum 0.0000000 0.1030266 0.2976037 0.2963597 0.3069675 0.3337201 0.4254160 
Diceros_bicornis    0.1030266 0.0000000 0.2551742 0.2542226 0.2641195 0.2899308 0.3508835 
Equus_asinus        0.2976037 0.2551742 0.0000000 0.0072746 0.0146059 0.1999252 0.3094400 
Equus_quagga        0.2963597 0.2542226 0.0072746 0.0000000 0.0072501 0.1992755 0.3081165 
Equus_caballus      0.3069675 0.2641195 0.0146059 0.0072501 0.0000000 0.2084097 0.3188377 
Canis_lupus         0.3337201 0.2899308 0.1999252 0.1992755 0.2084097 0.0000000 0.2531680 
Bos_taurus          0.4254160 0.3508835 0.3094400 0.3081165 0.3188377 0.2531680 0.0000000 
