7
Ceratotherium_simum 0.0000000 0.0249454 0.1702145 0.1671472 0.1921962 0.4926594 0.4084239 
Diceros_bicornis    0.0249454 0.0000000 0.1613714 0.1583305 0.1831490 0.4778257 0.4068014 
Equus_asinus        0.1702145 0.1613714 0.0000000 0.0298250 0.0273358 0.4648016 0.3836182 
Equus_quagga        0.1671472 0.1583305 0.0298250 0.0000000 0.0374623 0.4880795 0.3755636 
Equus_caballus      0.1921962 0.1831490 0.0273358 0.0374623 0.0000000 0.4896073 0.4064544 
Canis_lupus         0.4926594 0.4778257 0.4648016 0.4880795 0.4896073 0.0000000 0.5031825 
Bos_taurus          0.4084239 0.4068014 0.3836182 0.3755636 0.4064544 0.5031825 0.0000000 
