7
Ceratotherium_simum 0.0000000 0.0055861 0.0324085 0.0363206 0.0343619 0.0342530 0.0441389 
Diceros_bicornis    0.0055861 0.0000000 0.0305085 0.0344166 0.0324600 0.0323572 0.0422294 
Equus_asinus        0.0324085 0.0305085 0.0000000 0.0037135 0.0018538 0.0363206 0.0442810 
Equus_quagga        0.0363206 0.0344166 0.0037135 0.0000000 0.0055776 0.0402540 0.0482650 
Equus_caballus      0.0343619 0.0324600 0.0018538 0.0055776 0.0000000 0.0382847 0.0422972 
Canis_lupus         0.0342530 0.0323572 0.0363206 0.0402540 0.0382847 0.0000000 0.0461215 
Bos_taurus          0.0441389 0.0422294 0.0442810 0.0482650 0.0422972 0.0461215 0.0000000 
