7
Ceratotherium_simum 0.0000000 0.0044954 0.0491791 0.0491791 0.0501342 0.1200724 0.1156512 
Diceros_bicornis    0.0044954 0.0000000 0.0475487 0.0475487 0.0484929 0.1223220 0.1178129 
Equus_asinus        0.0491791 0.0475487 0.0000000 0.0012742 0.0058093 0.1279950 0.1198317 
Equus_quagga        0.0491791 0.0475487 0.0012742 0.0000000 0.0071226 0.1279950 0.1198317 
Equus_caballus      0.0501342 0.0484929 0.0058093 0.0071226 0.0000000 0.1297174 0.1225318 
Canis_lupus         0.1200724 0.1223220 0.1279950 0.1279950 0.1297174 0.0000000 0.1323194 
Bos_taurus          0.1156512 0.1178129 0.1198317 0.1198317 0.1225318 0.1323194 0.0000000 
