6
Ceratotherium_simum 0.0000000 0.4947031 0.3282569 0.3282569 0.6013408 0.1071909 
Diceros_bicornis    0.4947031 0.0000000 1.0893269 1.0893269 0.6028536 0.6290967 
Equus_asinus        0.3282569 1.0893269 0.0000000 0.0000010 0.8985036 0.3100398 
Equus_quagga        0.3282569 1.0893269 0.0000010 0.0000000 0.8985036 0.3100398 
Canis_lupus         0.6013408 0.6028536 0.8985036 0.8985036 0.0000000 0.5234995 
Bos_taurus          0.1071909 0.6290967 0.3100398 0.3100398 0.5234995 0.0000000 
