7
Ceratotherium_simum 0.0000000 0.0096767 0.2323747 0.1127843 0.1110282 0.1588369 0.1652907 
Diceros_bicornis    0.0096767 0.0000000 0.2455093 0.1180280 0.1165221 0.1698415 0.1657395 
Equus_asinus        0.2323747 0.2455093 0.0000000 0.1199033 0.1198804 0.3145512 0.2955455 
Equus_quagga        0.1127843 0.1180280 0.1199033 0.0000000 0.0066432 0.1870678 0.1755372 
Equus_caballus      0.1110282 0.1165221 0.1198804 0.0066432 0.0000000 0.1851907 0.1760020 
Canis_lupus         0.1588369 0.1698415 0.3145512 0.1870678 0.1851907 0.0000000 0.2002513 
Bos_taurus          0.1652907 0.1657395 0.2955455 0.1755372 0.1760020 0.2002513 0.0000000 
