7
Ceratotherium_simum 0.0000000 0.1964034 0.1849961 0.1237273 0.1828427 0.2398519 0.3884534 
Diceros_bicornis    0.1964034 0.0000000 0.2775354 0.3356936 0.2750873 0.4728777 0.6733651 
Equus_asinus        0.1849961 0.2775354 0.0000000 0.0511495 0.0070422 0.2896521 0.4410337 
Equus_quagga        0.1237273 0.3356936 0.0511495 0.0000000 0.0549251 0.2237736 0.3854408 
Equus_caballus      0.1828427 0.2750873 0.0070422 0.0549251 0.0000000 0.2800169 0.4326648 
Canis_lupus         0.2398519 0.4728777 0.2896521 0.2237736 0.2800169 0.0000000 0.4403139 
Bos_taurus          0.3884534 0.6733651 0.4410337 0.3854408 0.4326648 0.4403139 0.0000000 
