7
Ceratotherium_simum 0.0000000 0.0151877 0.1213520 0.1213520 0.1248405 0.2454849 0.3650301 
Diceros_bicornis    0.0151877 0.0000000 0.1246129 0.1246129 0.1281050 0.2447496 0.3536755 
Equus_asinus        0.1213520 0.1246129 0.0000000 0.0000010 0.0029976 0.2721173 0.3975364 
Equus_quagga        0.1213520 0.1246129 0.0000010 0.0000000 0.0029976 0.2721173 0.3975364 
Equus_caballus      0.1248405 0.1281050 0.0029976 0.0029976 0.0000000 0.2762273 0.3975364 
Canis_lupus         0.2454849 0.2447496 0.2721173 0.2721173 0.2762273 0.0000000 0.4226039 
Bos_taurus          0.3650301 0.3536755 0.3975364 0.3975364 0.3975364 0.4226039 0.0000000 
