7
Ceratotherium_simum 0.0000000 0.0102136 0.1536918 0.1524049 0.1536335 0.2208143 0.2730808 
Diceros_bicornis    0.0102136 0.0000000 0.1537297 0.1524424 0.1536714 0.2193899 0.2681788 
Equus_asinus        0.1536918 0.1537297 0.0000000 0.0027683 0.0074175 0.2189696 0.2774018 
Equus_quagga        0.1524049 0.1524424 0.0027683 0.0000000 0.0083624 0.2167695 0.2785076 
Equus_caballus      0.1536335 0.1536714 0.0074175 0.0083624 0.0000000 0.2196324 0.2834430 
Canis_lupus         0.2208143 0.2193899 0.2189696 0.2167695 0.2196324 0.0000000 0.2875801 
Bos_taurus          0.2730808 0.2681788 0.2774018 0.2785076 0.2834430 0.2875801 0.0000000 
