7
Ceratotherium_simum 0.0000000 0.0121234 0.2998467 0.3093334 0.2899630 0.5001923 0.4412650 
Diceros_bicornis    0.0121234 0.0000000 0.2997185 0.3091987 0.2898415 0.4998738 0.4526997 
Equus_asinus        0.2998467 0.2997185 0.0000000 0.0060586 0.0060597 0.4431807 0.4957395 
Equus_quagga        0.3093334 0.3091987 0.0060586 0.0000000 0.0121718 0.4551792 0.5080627 
Equus_caballus      0.2899630 0.2898415 0.0060597 0.0121718 0.0000000 0.4304042 0.4824767 
Canis_lupus         0.5001923 0.4998738 0.4431807 0.4551792 0.4304042 0.0000000 0.3909524 
Bos_taurus          0.4412650 0.4526997 0.4957395 0.5080627 0.4824767 0.3909524 0.0000000 
