7
Ceratotherium_simum 0.0000000 0.0158416 0.2968619 0.3141067 0.3087814 0.4157960 0.5881249 
Diceros_bicornis    0.0158416 0.0000000 0.2897008 0.3067430 0.3014685 0.3995477 0.5747555 
Equus_asinus        0.2968619 0.2897008 0.0000000 0.0117613 0.0157301 0.5421222 0.6109396 
Equus_quagga        0.3141067 0.3067430 0.0117613 0.0000000 0.0117656 0.5572775 0.6200801 
Equus_caballus      0.3087814 0.3014685 0.0157301 0.0117656 0.0000000 0.5509148 0.6131350 
Canis_lupus         0.4157960 0.3995477 0.5421222 0.5572775 0.5509148 0.0000000 0.7347046 
Bos_taurus          0.5881249 0.5747555 0.6109396 0.6200801 0.6131350 0.7347046 0.0000000 
