7
Ceratotherium_simum 0.0000000 0.0000010 0.0421901 0.0455183 0.0421901 0.0765311 0.1514988 
Diceros_bicornis    0.0000010 0.0000000 0.0421901 0.0455183 0.0421901 0.0765311 0.1514988 
Equus_asinus        0.0421901 0.0421901 0.0000000 0.0031496 0.0000010 0.0696156 0.1438748 
Equus_quagga        0.0455183 0.0455183 0.0031496 0.0000000 0.0031496 0.0730669 0.1476794 
Equus_caballus      0.0421901 0.0421901 0.0000010 0.0031496 0.0000000 0.0696156 0.1438748 
Canis_lupus         0.0765311 0.0765311 0.0696156 0.0730669 0.0696156 0.0000000 0.1634461 
Bos_taurus          0.1514988 0.1514988 0.1438748 0.1476794 0.1438748 0.1634461 0.0000000 
