7
Ceratotherium_simum 0.0000000 0.0238202 0.1921106 0.2535546 0.1989046 0.2300142 0.2400732 
Diceros_bicornis    0.0238202 0.0000000 0.2100037 0.2731930 0.2152068 0.2504390 0.2673565 
Equus_asinus        0.1921106 0.2100037 0.0000000 0.0544474 0.0213048 0.2492381 0.2765812 
Equus_quagga        0.2535546 0.2731930 0.0544474 0.0000000 0.0735343 0.3292392 0.3266362 
Equus_caballus      0.1989046 0.2152068 0.0213048 0.0735343 0.0000000 0.2495447 0.2782939 
Canis_lupus         0.2300142 0.2504390 0.2492381 0.3292392 0.2495447 0.0000000 0.2500589 
Bos_taurus          0.2400732 0.2673565 0.2765812 0.3266362 0.2782939 0.2500589 0.0000000 
