7
Ceratotherium_simum 0.0000000 0.0590648 0.2264409 0.2146321 0.2192772 0.3787956 0.3546089 
Diceros_bicornis    0.0590648 0.0000000 0.2094422 0.1978680 0.1948490 0.3524443 0.3422695 
Equus_asinus        0.2264409 0.2094422 0.0000000 0.0210552 0.0302868 0.2935935 0.3016872 
Equus_quagga        0.2146321 0.1978680 0.0210552 0.0000000 0.0272400 0.3023955 0.3063444 
Equus_caballus      0.2192772 0.1948490 0.0302868 0.0272400 0.0000000 0.2995993 0.3119365 
Canis_lupus         0.3787956 0.3524443 0.2935935 0.3023955 0.2995993 0.0000000 0.3945562 
Bos_taurus          0.3546089 0.3422695 0.3016872 0.3063444 0.3119365 0.3945562 0.0000000 
