7
Ceratotherium_simum 0.0000000 0.0040713 0.0447674 0.0455840 0.0445028 0.0695376 0.0876665 
Diceros_bicornis    0.0040713 0.0000000 0.0443662 0.0451950 0.0440977 0.0708803 0.0880311 
Equus_asinus        0.0447674 0.0443662 0.0000000 0.0017932 0.0029928 0.0839521 0.0942295 
Equus_quagga        0.0455840 0.0451950 0.0017932 0.0000000 0.0036010 0.0850003 0.0953359 
Equus_caballus      0.0445028 0.0440977 0.0029928 0.0036010 0.0000000 0.0833316 0.0938606 
Canis_lupus         0.0695376 0.0708803 0.0839521 0.0850003 0.0833316 0.0000000 0.1080707 
Bos_taurus          0.0876665 0.0880311 0.0942295 0.0953359 0.0938606 0.1080707 0.0000000 
