7
Ceratotherium_simum 0.0000000 0.6450020 0.5083178 0.5043040 0.5176065 0.9780669 0.8163845 
Diceros_bicornis    0.6450020 0.0000000 0.2288821 0.2402235 0.2357753 0.5641140 0.3872676 
Equus_asinus        0.5083178 0.2288821 0.0000000 0.0289666 0.0318550 0.5224361 0.3681910 
Equus_quagga        0.5043040 0.2402235 0.0289666 0.0000000 0.0348996 0.5238162 0.3569529 
Equus_caballus      0.5176065 0.2357753 0.0318550 0.0348996 0.0000000 0.5383166 0.3549163 
Canis_lupus         0.9780669 0.5641140 0.5224361 0.5238162 0.5383166 0.0000000 0.5586716 
Bos_taurus          0.8163845 0.3872676 0.3681910 0.3569529 0.3549163 0.5586716 0.0000000 
