7
Ceratotherium_simum 0.0000000 0.0259917 0.0726132 0.0771343 0.0711127 4.3017594 0.1179383 
Diceros_bicornis    0.0259917 0.0000000 0.0835173 0.0881259 0.0819874 4.3418480 0.1246213 
Equus_asinus        0.0726132 0.0835173 0.0000000 0.0067440 0.0013430 4.4727334 0.1253547 
Equus_quagga        0.0771343 0.0881259 0.0067440 0.0000000 0.0053898 4.4700323 0.1270226 
Equus_caballus      0.0711127 0.0819874 0.0013430 0.0053898 0.0000000 4.4859402 0.1237193 
Canis_lupus         4.3017594 4.3418480 4.4727334 4.4700323 4.4859402 0.0000000 4.4596473 
Bos_taurus          0.1179383 0.1246213 0.1253547 0.1270226 0.1237193 4.4596473 0.0000000 
