7
Ceratotherium_simum 0.0000000 0.0177760 0.2052619 0.2087301 0.2083608 0.3427774 0.3592048 
Diceros_bicornis    0.0177760 0.0000000 0.2080129 0.2090876 0.2076399 0.3422131 0.3540726 
Equus_asinus        0.2052619 0.2080129 0.0000000 0.0042570 0.0146044 0.3842119 0.4045171 
Equus_quagga        0.2087301 0.2090876 0.0042570 0.0000000 0.0154727 0.3884875 0.4087153 
Equus_caballus      0.2083608 0.2076399 0.0146044 0.0154727 0.0000000 0.3872332 0.4105504 
Canis_lupus         0.3427774 0.3422131 0.3842119 0.3884875 0.3872332 0.0000000 0.4412899 
Bos_taurus          0.3592048 0.3540726 0.4045171 0.4087153 0.4105504 0.4412899 0.0000000 
