6
Ceratotherium_simum 0.0000000 0.0160899 0.1183027 0.1183027 0.1580751 0.2096070 
Diceros_bicornis    0.0160899 0.0000000 0.1080250 0.1080250 0.1468812 0.1972512 
Equus_asinus        0.1183027 0.1080250 0.0000000 0.0000010 0.1972736 0.2408995 
Equus_quagga        0.1183027 0.1080250 0.0000010 0.0000000 0.1972736 0.2408995 
Canis_lupus         0.1580751 0.1468812 0.1972736 0.1972736 0.0000000 0.1831297 
Bos_taurus          0.2096070 0.1972512 0.2408995 0.2408995 0.1831297 0.0000000 
