7
Ceratotherium_simum 0.0000000 0.0547096 0.2465957 0.2472786 0.2542784 0.5663209 0.4368298 
Diceros_bicornis    0.0547096 0.0000000 0.2459266 0.2466176 0.2537160 0.5875201 0.4464408 
Equus_asinus        0.2465957 0.2459266 0.0000000 0.0082724 0.0426763 0.5690225 0.5045228 
Equus_quagga        0.2472786 0.2466176 0.0082724 0.0000000 0.0427589 0.5837146 0.5067190 
Equus_caballus      0.2542784 0.2537160 0.0426763 0.0427589 0.0000000 0.5740911 0.5063481 
Canis_lupus         0.5663209 0.5875201 0.5690225 0.5837146 0.5740911 0.0000000 0.6484847 
Bos_taurus          0.4368298 0.4464408 0.5045228 0.5067190 0.5063481 0.6484847 0.0000000 
