7
Ceratotherium_simum 0.0000000 0.0130294 0.0933075 0.0953247 0.0954715 0.2125414 0.2306073 
Diceros_bicornis    0.0130294 0.0000000 0.1039736 0.1060064 0.1061729 0.2226010 0.2306479 
Equus_asinus        0.0933075 0.1039736 0.0000000 0.0130307 0.0055486 0.1861821 0.1934158 
Equus_quagga        0.0953247 0.1060064 0.0130307 0.0000000 0.0149192 0.1906854 0.1981057 
Equus_caballus      0.0954715 0.1061729 0.0055486 0.0149192 0.0000000 0.1887021 0.1959944 
Canis_lupus         0.2125414 0.2226010 0.1861821 0.1906854 0.1887021 0.0000000 0.2952141 
Bos_taurus          0.2306073 0.2306479 0.1934158 0.1981057 0.1959944 0.2952141 0.0000000 
