7
Ceratotherium_simum 0.0000000 0.0284444 0.1613874 0.1637195 0.1563918 0.4816037 0.3362214 
Diceros_bicornis    0.0284444 0.0000000 0.1671676 0.1695096 0.1627138 0.4767231 0.3217569 
Equus_asinus        0.1613874 0.1671676 0.0000000 0.0047916 0.0115478 0.5177970 0.3363936 
Equus_quagga        0.1637195 0.1695096 0.0047916 0.0000000 0.0164212 0.5194102 0.3405590 
Equus_caballus      0.1563918 0.1627138 0.0115478 0.0164212 0.0000000 0.5053978 0.3328301 
Canis_lupus         0.4816037 0.4767231 0.5177970 0.5194102 0.5053978 0.0000000 0.5812400 
Bos_taurus          0.3362214 0.3217569 0.3363936 0.3405590 0.3328301 0.5812400 0.0000000 
