7
Ceratotherium_simum 0.0000000 0.0242003 0.1247698 0.1247698 0.1216625 0.2264112 0.3174966 
Diceros_bicornis    0.0242003 0.0000000 0.1300831 0.1300831 0.1269566 0.2321862 0.3183744 
Equus_asinus        0.1247698 0.1300831 0.0000000 0.0000010 0.0047887 0.2337046 0.3228208 
Equus_quagga        0.1247698 0.1300831 0.0000010 0.0000000 0.0047887 0.2337046 0.3228208 
Equus_caballus      0.1216625 0.1269566 0.0047887 0.0047887 0.0000000 0.2298519 0.3255623 
Canis_lupus         0.2264112 0.2321862 0.2337046 0.2337046 0.2298519 0.0000000 0.3839834 
Bos_taurus          0.3174966 0.3183744 0.3228208 0.3228208 0.3255623 0.3839834 0.0000000 
