7
Ceratotherium_simum 0.0000000 0.0071338 0.0474314 0.0461971 0.0462373 0.2219552 0.0925428 
Diceros_bicornis    0.0071338 0.0000000 0.0487738 0.0475333 0.0475749 0.2167127 0.0932904 
Equus_asinus        0.0474314 0.0487738 0.0000000 0.0010874 0.0032735 0.2169205 0.0906380 
Equus_quagga        0.0461971 0.0475333 0.0010874 0.0000000 0.0032738 0.2159713 0.0913419 
Equus_caballus      0.0462373 0.0475749 0.0032735 0.0032738 0.0000000 0.2201441 0.0928264 
Canis_lupus         0.2219552 0.2167127 0.2169205 0.2159713 0.2201441 0.0000000 0.2353881 
Bos_taurus          0.0925428 0.0932904 0.0906380 0.0913419 0.0928264 0.2353881 0.0000000 
