7
Ceratotherium_simum 0.0000000 0.0045853 0.2712038 0.2643676 0.2850942 0.3923605 0.4682893 
Diceros_bicornis    0.0045853 0.0000000 0.2649842 0.2581934 0.2787806 0.3851667 0.4765170 
Equus_asinus        0.2712038 0.2649842 0.0000000 0.0045767 0.0185302 0.5151641 0.5153679 
Equus_quagga        0.2643676 0.2581934 0.0045767 0.0000000 0.0185025 0.5054879 0.5053163 
Equus_caballus      0.2850942 0.2787806 0.0185302 0.0185025 0.0000000 0.5309540 0.5405450 
Canis_lupus         0.3923605 0.3851667 0.5151641 0.5054879 0.5309540 0.0000000 0.4952230 
Bos_taurus          0.4682893 0.4765170 0.5153679 0.5053163 0.5405450 0.4952230 0.0000000 
