7
Ceratotherium_simum 0.0000000 0.0080740 0.0721408 0.0862366 0.0909470 0.0880066 0.1180721 
Diceros_bicornis    0.0080740 0.0000000 0.1259607 0.1648088 0.1704884 0.1367524 0.1199031 
Equus_asinus        0.0721408 0.1259607 0.0000000 0.0732811 0.0789545 0.1762468 0.1252228 
Equus_quagga        0.0862366 0.1648088 0.0732811 0.0000000 0.0052294 0.2185029 0.1383370 
Equus_caballus      0.0909470 0.1704884 0.0789545 0.0052294 0.0000000 0.2229286 0.1454785 
Canis_lupus         0.0880066 0.1367524 0.1762468 0.2185029 0.2229286 0.0000000 0.1583047 
Bos_taurus          0.1180721 0.1199031 0.1252228 0.1383370 0.1454785 0.1583047 0.0000000 
