7
Ceratotherium_simum 0.0000000 0.0055755 0.0587532 0.0600102 0.0625439 0.0965652 0.1110097 
Diceros_bicornis    0.0055755 0.0000000 0.0622784 0.0635477 0.0661061 0.1005296 0.1200136 
Equus_asinus        0.0587532 0.0622784 0.0000000 0.0027593 0.0046217 0.1100015 0.1277017 
Equus_quagga        0.0600102 0.0635477 0.0027593 0.0000000 0.0055595 0.1115840 0.1328532 
Equus_caballus      0.0625439 0.0661061 0.0046217 0.0055595 0.0000000 0.1179822 0.1328532 
Canis_lupus         0.0965652 0.1005296 0.1100015 0.1115840 0.1179822 0.0000000 0.1364316 
Bos_taurus          0.1110097 0.1200136 0.1277017 0.1328532 0.1328532 0.1364316 0.0000000 
