7
Ceratotherium_simum 0.0000000 0.0482536 0.1923162 0.1899684 0.1888002 0.3812893 0.4281820 
Diceros_bicornis    0.0482536 0.0000000 0.1609821 0.1584721 0.1575700 0.3541753 0.4339324 
Equus_asinus        0.1923162 0.1609821 0.0000000 0.0146087 0.0145512 0.3781600 0.3951364 
Equus_quagga        0.1899684 0.1584721 0.0146087 0.0000000 0.0175719 0.3755102 0.4039475 
Equus_caballus      0.1888002 0.1575700 0.0145512 0.0175719 0.0000000 0.3825608 0.4087925 
Canis_lupus         0.3812893 0.3541753 0.3781600 0.3755102 0.3825608 0.0000000 0.5682528 
Bos_taurus          0.4281820 0.4339324 0.3951364 0.4039475 0.4087925 0.5682528 0.0000000 
