7
Ceratotherium_simum 0.0000000 0.0508315 0.0633498 0.0662461 0.1031828 0.2133528 0.2153291 
Diceros_bicornis    0.0508315 0.0000000 0.1172500 0.1200133 0.1233276 0.1480905 0.1452274 
Equus_asinus        0.0633498 0.1172500 0.0000000 0.0029113 0.0446958 0.2293967 0.2205863 
Equus_quagga        0.0662461 0.1200133 0.0029113 0.0000000 0.0446865 0.2331530 0.2224948 
Equus_caballus      0.1031828 0.1233276 0.0446958 0.0446865 0.0000000 0.2385309 0.2157621 
Canis_lupus         0.2133528 0.1480905 0.2293967 0.2331530 0.2385309 0.0000000 0.1931805 
Bos_taurus          0.2153291 0.1452274 0.2205863 0.2224948 0.2157621 0.1931805 0.0000000 
