7
Ceratotherium_simum 0.0000000 0.0084138 0.0375643 0.0376149 0.0402627 0.0559559 0.1149300 
Diceros_bicornis    0.0084138 0.0000000 0.0365885 0.0366374 0.0392682 0.0548353 0.1132268 
Equus_asinus        0.0375643 0.0365885 0.0000000 0.0022602 0.0037783 0.0613597 0.1183802 
Equus_quagga        0.0376149 0.0366374 0.0022602 0.0000000 0.0060816 0.0624300 0.1198683 
Equus_caballus      0.0402627 0.0392682 0.0037783 0.0060816 0.0000000 0.0624111 0.1144730 
Canis_lupus         0.0559559 0.0548353 0.0613597 0.0624300 0.0624111 0.0000000 0.1280733 
Bos_taurus          0.1149300 0.1132268 0.1183802 0.1198683 0.1144730 0.1280733 0.0000000 
