7
Ceratotherium_simum 0.0000000 0.0070384 0.0584359 0.0584359 0.0605057 0.1098551 0.1354488 
Diceros_bicornis    0.0070384 0.0000000 0.0609130 0.0609130 0.0630091 0.1180168 0.1405064 
Equus_asinus        0.0584359 0.0609130 0.0000000 0.0000010 0.0017350 0.1432526 0.1594761 
Equus_quagga        0.0584359 0.0609130 0.0000010 0.0000000 0.0017350 0.1432526 0.1594761 
Equus_caballus      0.0605057 0.0630091 0.0017350 0.0017350 0.0000000 0.1432676 0.1594932 
Canis_lupus         0.1098551 0.1180168 0.1432526 0.1432526 0.1432676 0.0000000 0.1528206 
Bos_taurus          0.1354488 0.1405064 0.1594761 0.1594761 0.1594932 0.1528206 0.0000000 
