7
Ceratotherium_simum 0.0000000 0.0286617 0.1871059 0.1886417 0.1854970 0.4246392 0.5667505 
Diceros_bicornis    0.0286617 0.0000000 0.1863218 0.1893824 0.1892832 0.4355707 0.5661607 
Equus_asinus        0.1871059 0.1863218 0.0000000 0.0096160 0.0162861 0.3990473 0.5367715 
Equus_quagga        0.1886417 0.1893824 0.0096160 0.0000000 0.0150691 0.3992901 0.5368077 
Equus_caballus      0.1854970 0.1892832 0.0162861 0.0150691 0.0000000 0.3917161 0.5295093 
Canis_lupus         0.4246392 0.4355707 0.3990473 0.3992901 0.3917161 0.0000000 0.6170540 
Bos_taurus          0.5667505 0.5661607 0.5367715 0.5368077 0.5295093 0.6170540 0.0000000 
