7
Ceratotherium_simum 0.0000000 0.0097212 0.0992704 0.0955662 0.1070570 0.3329543 0.1715105 
Diceros_bicornis    0.0097212 0.0000000 0.0986181 0.0949445 0.1063383 0.3355651 0.1715544 
Equus_asinus        0.0992704 0.0986181 0.0000000 0.0027354 0.0082923 0.3486316 0.1683543 
Equus_quagga        0.0955662 0.0949445 0.0027354 0.0000000 0.0082923 0.3451411 0.1637259 
Equus_caballus      0.1070570 0.1063383 0.0082923 0.0082923 0.0000000 0.3486316 0.1676121 
Canis_lupus         0.3329543 0.3355651 0.3486316 0.3451411 0.3486316 0.0000000 0.3559939 
Bos_taurus          0.1715105 0.1715544 0.1683543 0.1637259 0.1676121 0.3559939 0.0000000 
