7
Ceratotherium_simum 0.0000000 0.0150532 0.1151274 0.1151274 0.1226170 0.1651521 0.2038483 
Diceros_bicornis    0.0150532 0.0000000 0.1179971 0.1179971 0.1254681 0.1849580 0.2154543 
Equus_asinus        0.1151274 0.1179971 0.0000000 0.0000010 0.0049361 0.1758853 0.1877831 
Equus_quagga        0.1151274 0.1179971 0.0000010 0.0000000 0.0049361 0.1758853 0.1877831 
Equus_caballus      0.1226170 0.1254681 0.0049361 0.0049361 0.0000000 0.1849709 0.1924277 
Canis_lupus         0.1651521 0.1849580 0.1758853 0.1758853 0.1849709 0.0000000 0.2100737 
Bos_taurus          0.2038483 0.2154543 0.1877831 0.1877831 0.1924277 0.2100737 0.0000000 
