7
Ceratotherium_simum 0.0000000 0.0276852 0.2627543 0.2642098 0.2642662 0.4176966 0.5211443 
Diceros_bicornis    0.0276852 0.0000000 0.2704075 0.2718687 0.2719268 0.4205409 0.5142283 
Equus_asinus        0.2627543 0.2704075 0.0000000 0.0136963 0.0171880 0.3986538 0.4987436 
Equus_quagga        0.2642098 0.2718687 0.0136963 0.0000000 0.0177834 0.4054347 0.5019083 
Equus_caballus      0.2642662 0.2719268 0.0171880 0.0177834 0.0000000 0.4041139 0.5106328 
Canis_lupus         0.4176966 0.4205409 0.3986538 0.4054347 0.4041139 0.0000000 0.5364341 
Bos_taurus          0.5211443 0.5142283 0.4987436 0.5019083 0.5106328 0.5364341 0.0000000 
