7
Ceratotherium_simum 0.0000000 0.0048674 0.0338727 0.0338727 0.0349601 0.1268588 0.0980451 
Diceros_bicornis    0.0048674 0.0000000 0.0327441 0.0327441 0.0316784 0.1221594 0.0913471 
Equus_asinus        0.0338727 0.0327441 0.0000000 0.0000010 0.0009678 0.1209153 0.0937487 
Equus_quagga        0.0338727 0.0327441 0.0000010 0.0000000 0.0009678 0.1209153 0.0937487 
Equus_caballus      0.0349601 0.0316784 0.0009678 0.0009678 0.0000000 0.1223909 0.0924611 
Canis_lupus         0.1268588 0.1221594 0.1209153 0.1209153 0.1223909 0.0000000 0.1482950 
Bos_taurus          0.0980451 0.0913471 0.0937487 0.0937487 0.0924611 0.1482950 0.0000000 
