7
Ceratotherium_simum 0.0000000 0.0034564 0.0821464 0.0803125 0.0830730 0.2621818 0.0945125 
Diceros_bicornis    0.0034564 0.0000000 0.0802805 0.0784554 0.0812024 0.2592701 0.0964052 
Equus_asinus        0.0821464 0.0802805 0.0000000 0.0020634 0.0020635 0.2566511 0.1370448 
Equus_quagga        0.0803125 0.0784554 0.0020634 0.0000000 0.0027543 0.2552539 0.1349106 
Equus_caballus      0.0830730 0.0812024 0.0020635 0.0027543 0.0000000 0.2566900 0.1381305 
Canis_lupus         0.2621818 0.2592701 0.2566511 0.2552539 0.2566900 0.0000000 0.2960558 
Bos_taurus          0.0945125 0.0964052 0.1370448 0.1349106 0.1381305 0.2960558 0.0000000 
