7
Ceratotherium_simum 0.0000000 0.0173824 0.3101391 0.1162949 0.3683237 0.1274720 0.1275514 
Diceros_bicornis    0.0173824 0.0000000 0.2974179 0.1130057 0.3548204 0.1185209 0.1245311 
Equus_asinus        0.3101391 0.2974179 0.0000000 0.1660588 0.1405045 0.3577526 0.4070125 
Equus_quagga        0.1162949 0.1130057 0.1660588 0.0000000 0.2173807 0.1684923 0.1839056 
Equus_caballus      0.3683237 0.3548204 0.1405045 0.2173807 0.0000000 0.4084047 0.4654630 
Canis_lupus         0.1274720 0.1185209 0.3577526 0.1684923 0.4084047 0.0000000 0.1389592 
Bos_taurus          0.1275514 0.1245311 0.4070125 0.1839056 0.4654630 0.1389592 0.0000000 
