7
Ceratotherium_simum 0.0000000 0.0142945 0.0954689 0.0995078 0.0913519 0.1507318 0.3085235 
Diceros_bicornis    0.0142945 0.0000000 0.0955457 0.0995880 0.0914251 0.1335368 0.2977733 
Equus_asinus        0.0954689 0.0955457 0.0000000 0.0035443 0.0035458 0.1503233 0.2774243 
Equus_quagga        0.0995078 0.0995880 0.0035443 0.0000000 0.0071063 0.1546305 0.2824426 
Equus_caballus      0.0913519 0.0914251 0.0035458 0.0071063 0.0000000 0.1458646 0.2720278 
Canis_lupus         0.1507318 0.1335368 0.1503233 0.1546305 0.1458646 0.0000000 0.3030500 
Bos_taurus          0.3085235 0.2977733 0.2774243 0.2824426 0.2720278 0.3030500 0.0000000 
