7
Ceratotherium_simum 0.0000000 0.0106184 0.1541163 0.1541163 0.1497001 0.2767632 0.2445730 
Diceros_bicornis    0.0106184 0.0000000 0.1584695 0.1584695 0.1540402 0.2815959 0.2495659 
Equus_asinus        0.1541163 0.1584695 0.0000000 0.0000010 0.0035101 0.2964967 0.2577393 
Equus_quagga        0.1541163 0.1584695 0.0000010 0.0000000 0.0035101 0.2964967 0.2577393 
Equus_caballus      0.1497001 0.1540402 0.0035101 0.0035101 0.0000000 0.2915197 0.2525249 
Canis_lupus         0.2767632 0.2815959 0.2964967 0.2964967 0.2915197 0.0000000 0.3700205 
Bos_taurus          0.2445730 0.2495659 0.2577393 0.2577393 0.2525249 0.3700205 0.0000000 
