7
Ceratotherium_simum 0.0000000 0.0606703 0.0891488 0.0892842 0.0855760 0.8837979 0.1659475 
Diceros_bicornis    0.0606703 0.0000000 0.1410102 0.1412504 0.1372288 0.7223440 0.2174937 
Equus_asinus        0.0891488 0.1410102 0.0000000 0.0032849 0.0065736 0.9502434 0.1679904 
Equus_quagga        0.0892842 0.1412504 0.0032849 0.0000000 0.0065820 0.9616095 0.1682876 
Equus_caballus      0.0855760 0.1372288 0.0065736 0.0065820 0.0000000 0.9504353 0.1680460 
Canis_lupus         0.8837979 0.7223440 0.9502434 0.9616095 0.9504353 0.0000000 0.9833981 
Bos_taurus          0.1659475 0.2174937 0.1679904 0.1682876 0.1680460 0.9833981 0.0000000 
