7
Ceratotherium_simum 0.0000000 0.0044994 0.0352064 0.0352304 0.0332084 0.0538566 0.0500499 
Diceros_bicornis    0.0044994 0.0000000 0.0370322 0.0370575 0.0350077 0.0518914 0.0481110 
Equus_asinus        0.0352064 0.0370322 0.0000000 0.0030098 0.0029941 0.0550297 0.0499820 
Equus_quagga        0.0352304 0.0370575 0.0030098 0.0000000 0.0029959 0.0550672 0.0500164 
Equus_caballus      0.0332084 0.0350077 0.0029941 0.0029959 0.0000000 0.0508673 0.0477756 
Canis_lupus         0.0538566 0.0518914 0.0550297 0.0550672 0.0508673 0.0000000 0.0421358 
Bos_taurus          0.0500499 0.0481110 0.0499820 0.0500164 0.0477756 0.0421358 0.0000000 
