7
Ceratotherium_simum 0.0000000 0.0181618 0.4473390 0.1846896 0.1814487 0.2591129 0.2760370 
Diceros_bicornis    0.0181618 0.0000000 0.4563408 0.1906584 0.1808123 0.2585652 0.2715957 
Equus_asinus        0.4473390 0.4563408 0.0000000 0.2565194 0.2663919 0.5424287 0.7205839 
Equus_quagga        0.1846896 0.1906584 0.2565194 0.0000000 0.0128994 0.2333185 0.3295666 
Equus_caballus      0.1814487 0.1808123 0.2663919 0.0128994 0.0000000 0.2377543 0.3257785 
Canis_lupus         0.2591129 0.2585652 0.5424287 0.2333185 0.2377543 0.0000000 0.3473622 
Bos_taurus          0.2760370 0.2715957 0.7205839 0.3295666 0.3257785 0.3473622 0.0000000 
