7
Ceratotherium_simum 0.0000000 0.0803489 0.2804198 0.1710857 0.2801540 0.5564802 0.5096895 
Diceros_bicornis    0.0803489 0.0000000 0.2152503 0.1770187 0.2150737 0.4883479 0.4480235 
Equus_asinus        0.2804198 0.2152503 0.0000000 0.0072481 0.0128637 0.5451045 0.5581914 
Equus_quagga        0.1710857 0.1770187 0.0072481 0.0000000 0.0130748 0.3033315 0.3628487 
Equus_caballus      0.2801540 0.2150737 0.0128637 0.0130748 0.0000000 0.5470446 0.5532689 
Canis_lupus         0.5564802 0.4883479 0.5451045 0.3033315 0.5470446 0.0000000 0.4956956 
Bos_taurus          0.5096895 0.4480235 0.5581914 0.3628487 0.5532689 0.4956956 0.0000000 
