7
Ceratotherium_simum 0.0000000 0.0084521 0.0898046 0.0897185 0.0893815 5.8521634 5.8833789 
Diceros_bicornis    0.0084521 0.0000000 0.0898962 0.0899920 0.0899353 5.8243116 5.8903276 
Equus_asinus        0.0898046 0.0898962 0.0000000 0.0025407 0.0057951 6.7626515 6.8742828 
Equus_quagga        0.0897185 0.0899920 0.0025407 0.0000000 0.0056070 5.8317458 5.7855782 
Equus_caballus      0.0893815 0.0899353 0.0057951 0.0056070 0.0000000 5.9131952 5.9181819 
Canis_lupus         5.8521634 5.8243116 6.7626515 5.8317458 5.9131952 0.0000000 0.2379669 
Bos_taurus          5.8833789 5.8903276 6.8742828 5.7855782 5.9181819 0.2379669 0.0000000 
