7
Ceratotherium_simum 0.0000000 0.0103513 0.0852508 0.0873604 0.0811022 0.1404372 0.2101480 
Diceros_bicornis    0.0103513 0.0000000 0.0973160 0.0994840 0.0930580 0.1450112 0.2247719 
Equus_asinus        0.0852508 0.0973160 0.0000000 0.0017093 0.0103374 0.1853833 0.2334525 
Equus_quagga        0.0873604 0.0994840 0.0017093 0.0000000 0.0120917 0.1879974 0.2363776 
Equus_caballus      0.0811022 0.0930580 0.0103374 0.0120917 0.0000000 0.1787462 0.2325306 
Canis_lupus         0.1404372 0.1450112 0.1853833 0.1879974 0.1787462 0.0000000 0.2811429 
Bos_taurus          0.2101480 0.2247719 0.2334525 0.2363776 0.2325306 0.2811429 0.0000000 
