7
Ceratotherium_simum 0.0000000 0.0180589 0.0768631 0.0916366 0.0756372 0.1642579 0.2120605 
Diceros_bicornis    0.0180589 0.0000000 0.0835815 0.0965647 0.0809866 0.1682771 0.2160977 
Equus_asinus        0.0768631 0.0835815 0.0000000 0.0147262 0.0060396 0.1557327 0.2124365 
Equus_quagga        0.0916366 0.0965647 0.0147262 0.0000000 0.0165129 0.1686948 0.2151374 
Equus_caballus      0.0756372 0.0809866 0.0060396 0.0165129 0.0000000 0.1551884 0.2122653 
Canis_lupus         0.1642579 0.1682771 0.1557327 0.1686948 0.1551884 0.0000000 0.2625415 
Bos_taurus          0.2120605 0.2160977 0.2124365 0.2151374 0.2122653 0.2625415 0.0000000 
