7
Ceratotherium_simum 0.0000000 0.0153823 0.1116867 0.1102358 0.1145788 0.2258791 0.2108405 
Diceros_bicornis    0.0153823 0.0000000 0.1114286 0.1099813 0.1143086 0.2276928 0.2093633 
Equus_asinus        0.1116867 0.1114286 0.0000000 0.0054658 0.0074141 0.2288468 0.2037037 
Equus_quagga        0.1102358 0.1099813 0.0054658 0.0000000 0.0055474 0.2309556 0.2057050 
Equus_caballus      0.1145788 0.1143086 0.0074141 0.0055474 0.0000000 0.2401675 0.2098418 
Canis_lupus         0.2258791 0.2276928 0.2288468 0.2309556 0.2401675 0.0000000 0.2575601 
Bos_taurus          0.2108405 0.2093633 0.2037037 0.2057050 0.2098418 0.2575601 0.0000000 
