7
Ceratotherium_simum 0.0000000 0.0047414 0.0441567 0.0443900 0.0442760 0.0827938 0.0918798 
Diceros_bicornis    0.0047414 0.0000000 0.0477176 0.0479748 0.0478491 0.0871057 0.0937042 
Equus_asinus        0.0441567 0.0477176 0.0000000 0.0028354 0.0047517 0.0801024 0.0950926 
Equus_quagga        0.0443900 0.0479748 0.0028354 0.0000000 0.0037948 0.0801024 0.0936747 
Equus_caballus      0.0442760 0.0478491 0.0047517 0.0037948 0.0000000 0.0798548 0.0933436 
Canis_lupus         0.0827938 0.0871057 0.0801024 0.0801024 0.0798548 0.0000000 0.1073860 
Bos_taurus          0.0918798 0.0937042 0.0950926 0.0936747 0.0933436 0.1073860 0.0000000 
