7
Ceratotherium_simum 0.0000000 0.0679147 0.0743520 0.0744208 0.0723239 0.1146424 0.1289808 
Diceros_bicornis    0.0679147 0.0000000 0.1413735 0.1415166 0.1403080 0.1869391 0.2032892 
Equus_asinus        0.0743520 0.1413735 0.0000000 0.0043872 0.0052691 0.1379068 0.1479066 
Equus_quagga        0.0744208 0.1415166 0.0043872 0.0000000 0.0052736 0.1374803 0.1486028 
Equus_caballus      0.0723239 0.1403080 0.0052691 0.0052736 0.0000000 0.1368538 0.1485083 
Canis_lupus         0.1146424 0.1869391 0.1379068 0.1374803 0.1368538 0.0000000 0.1650764 
Bos_taurus          0.1289808 0.2032892 0.1479066 0.1486028 0.1485083 0.1650764 0.0000000 
