7
Ceratotherium_simum 0.0000000 0.0187022 0.1874692 0.1822046 0.2119197 0.4920023 0.3724382 
Diceros_bicornis    0.0187022 0.0000000 0.1822046 0.1770008 0.2064315 0.4755117 0.3766201 
Equus_asinus        0.1874692 0.1822046 0.0000000 0.0111752 0.0418692 0.4413483 0.3708831 
Equus_quagga        0.1822046 0.1770008 0.0111752 0.0000000 0.0378878 0.4322521 0.3636638 
Equus_caballus      0.2119197 0.2064315 0.0418692 0.0378878 0.0000000 0.4858810 0.3724382 
Canis_lupus         0.4920023 0.4755117 0.4413483 0.4322521 0.4858810 0.0000000 0.5103953 
Bos_taurus          0.3724382 0.3766201 0.3708831 0.3636638 0.3724382 0.5103953 0.0000000 
