7
Ceratotherium_simum 0.0000000 0.0255931 0.2158201 0.2131628 0.2274006 0.5044795 0.3836836 
Diceros_bicornis    0.0255931 0.0000000 0.2079793 0.1948648 0.2179391 0.5465518 0.4481681 
Equus_asinus        0.2158201 0.2079793 0.0000000 0.0060445 0.0320888 0.4756268 0.3928490 
Equus_quagga        0.2131628 0.1948648 0.0060445 0.0000000 0.0265072 0.4126147 0.3162965 
Equus_caballus      0.2274006 0.2179391 0.0320888 0.0265072 0.0000000 0.4806816 0.4158823 
Canis_lupus         0.5044795 0.5465518 0.4756268 0.4126147 0.4806816 0.0000000 0.5789660 
Bos_taurus          0.3836836 0.4481681 0.3928490 0.3162965 0.4158823 0.5789660 0.0000000 
