7
Ceratotherium_simum 0.0000000 0.0244117 0.1573218 0.1606716 0.1678364 0.1777235 0.2248291 
Diceros_bicornis    0.0244117 0.0000000 0.1550010 0.1583653 0.1655557 0.1858331 0.2341250 
Equus_asinus        0.1573218 0.1550010 0.0000000 0.0026519 0.0079987 0.2049144 0.2083347 
Equus_quagga        0.1606716 0.1583653 0.0026519 0.0000000 0.0106836 0.2084385 0.2119372 
Equus_caballus      0.1678364 0.1655557 0.0079987 0.0106836 0.0000000 0.2161143 0.2197966 
Canis_lupus         0.1777235 0.1858331 0.2049144 0.2084385 0.2161143 0.0000000 0.2445844 
Bos_taurus          0.2248291 0.2341250 0.2083347 0.2119372 0.2197966 0.2445844 0.0000000 
