7
Ceratotherium_simum 0.0000000 0.0000010 0.0234068 0.0234068 0.0210316 0.0528383 0.0355359 
Diceros_bicornis    0.0000010 0.0000000 0.0234068 0.0234068 0.0210316 0.0528383 0.0355359 
Equus_asinus        0.0234068 0.0234068 0.0000000 0.0000010 0.0023024 0.0629954 0.0503515 
Equus_quagga        0.0234068 0.0234068 0.0000010 0.0000000 0.0023024 0.0629954 0.0503515 
Equus_caballus      0.0210316 0.0210316 0.0023024 0.0023024 0.0000000 0.0604700 0.0478733 
Canis_lupus         0.0528383 0.0528383 0.0629954 0.0629954 0.0604700 0.0000000 0.0529432 
Bos_taurus          0.0355359 0.0355359 0.0503515 0.0503515 0.0478733 0.0529432 0.0000000 
