7
Ceratotherium_simum 0.0000000 0.0075173 0.0866129 0.0844857 0.0845194 0.1445711 0.1957447 
Diceros_bicornis    0.0075173 0.0000000 0.0864647 0.0843421 0.0843756 0.1453040 0.1986981 
Equus_asinus        0.0866129 0.0864647 0.0000000 0.0050071 0.0066881 0.1686008 0.2293101 
Equus_quagga        0.0844857 0.0843421 0.0050071 0.0000000 0.0033274 0.1659441 0.2261850 
Equus_caballus      0.0845194 0.0843756 0.0066881 0.0033274 0.0000000 0.1661309 0.2264700 
Canis_lupus         0.1445711 0.1453040 0.1686008 0.1659441 0.1661309 0.0000000 0.2485249 
Bos_taurus          0.1957447 0.1986981 0.2293101 0.2261850 0.2264700 0.2485249 0.0000000 
