7
Ceratotherium_simum 0.0000000 0.0340796 0.1899942 0.1843168 0.1874557 0.4253385 0.4397013 
Diceros_bicornis    0.0340796 0.0000000 0.1877616 0.1820700 0.1852122 0.4103629 0.4475609 
Equus_asinus        0.1899942 0.1877616 0.0000000 0.0043922 0.0132743 0.3921645 0.4773334 
Equus_quagga        0.1843168 0.1820700 0.0043922 0.0000000 0.0088267 0.3887284 0.4703827 
Equus_caballus      0.1874557 0.1852122 0.0132743 0.0088267 0.0000000 0.3931186 0.4680901 
Canis_lupus         0.4253385 0.4103629 0.3921645 0.3887284 0.3931186 0.0000000 0.5548378 
Bos_taurus          0.4397013 0.4475609 0.4773334 0.4703827 0.4680901 0.5548378 0.0000000 
