7
Ceratotherium_simum 0.0000000 0.0104643 0.1428384 0.1476591 0.1427049 0.2753809 0.3618564 
Diceros_bicornis    0.0104643 0.0000000 0.1409051 0.1457015 0.1407741 0.2673149 0.3484946 
Equus_asinus        0.1428384 0.1409051 0.0000000 0.0065186 0.0117870 0.2694222 0.3900549 
Equus_quagga        0.1476591 0.1457015 0.0065186 0.0000000 0.0157631 0.2751569 0.3976721 
Equus_caballus      0.1427049 0.1407741 0.0117870 0.0157631 0.0000000 0.2712372 0.3907105 
Canis_lupus         0.2753809 0.2673149 0.2694222 0.2751569 0.2712372 0.0000000 0.4490729 
Bos_taurus          0.3618564 0.3484946 0.3900549 0.3976721 0.3907105 0.4490729 0.0000000 
