7
Ceratotherium_simum 0.0000000 0.0000010 0.2165969 0.2165969 0.2244484 0.2742247 0.3114437 
Diceros_bicornis    0.0000010 0.0000000 0.2165969 0.2165969 0.2244484 0.2742247 0.3114437 
Equus_asinus        0.2165969 0.2165969 0.0000000 0.0000010 0.0346010 0.2479277 0.3467639 
Equus_quagga        0.2165969 0.2165969 0.0000010 0.0000000 0.0346010 0.2479277 0.3467639 
Equus_caballus      0.2244484 0.2244484 0.0346010 0.0346010 0.0000000 0.2553920 0.3532783 
Canis_lupus         0.2742247 0.2742247 0.2479277 0.2479277 0.2553920 0.0000000 0.3380908 
Bos_taurus          0.3114437 0.3114437 0.3467639 0.3467639 0.3532783 0.3380908 0.0000000 
