7
Ceratotherium_simum 0.0000000 0.0044231 0.0691093 0.0736975 0.0696662 0.0899268 0.0967158 
Diceros_bicornis    0.0044231 0.0000000 0.0723313 0.0766196 0.0728543 0.0944121 0.1086293 
Equus_asinus        0.0691093 0.0723313 0.0000000 0.0040336 0.0020054 0.1190406 0.1280787 
Equus_quagga        0.0736975 0.0766196 0.0040336 0.0000000 0.0050474 0.1244568 0.1323892 
Equus_caballus      0.0696662 0.0728543 0.0020054 0.0050474 0.0000000 0.1214588 0.1309050 
Canis_lupus         0.0899268 0.0944121 0.1190406 0.1244568 0.1214588 0.0000000 0.1026441 
Bos_taurus          0.0967158 0.1086293 0.1280787 0.1323892 0.1309050 0.1026441 0.0000000 
