7
Ceratotherium_simum 0.0000000 0.0044816 0.0610254 0.0589025 0.0610058 0.2593584 0.1731146 
Diceros_bicornis    0.0044816 0.0000000 0.0621138 0.0599834 0.0620938 0.2612678 0.1746320 
Equus_asinus        0.0610254 0.0621138 0.0000000 0.0017840 0.0035736 0.2726255 0.1863967 
Equus_quagga        0.0589025 0.0599834 0.0017840 0.0000000 0.0035736 0.2726255 0.1847634 
Equus_caballus      0.0610058 0.0620938 0.0035736 0.0035736 0.0000000 0.2688269 0.1844934 
Canis_lupus         0.2593584 0.2612678 0.2726255 0.2726255 0.2688269 0.0000000 0.3356618 
Bos_taurus          0.1731146 0.1746320 0.1863967 0.1847634 0.1844934 0.3356618 0.0000000 
