7
Ceratotherium_simum 0.0000000 0.0048945 0.0721361 0.0749300 0.0693574 0.3416452 0.1764194 
Diceros_bicornis    0.0048945 0.0000000 0.0778612 0.0806934 0.0750445 0.3484027 0.1835130 
Equus_asinus        0.0721361 0.0778612 0.0000000 0.0024331 0.0073232 0.3507979 0.2233878 
Equus_quagga        0.0749300 0.0806934 0.0024331 0.0000000 0.0097904 0.3515532 0.2270922 
Equus_caballus      0.0693574 0.0750445 0.0073232 0.0097904 0.0000000 0.3462239 0.2197074 
Canis_lupus         0.3416452 0.3484027 0.3507979 0.3515532 0.3462239 0.0000000 0.4784879 
Bos_taurus          0.1764194 0.1835130 0.2233878 0.2270922 0.2197074 0.4784879 0.0000000 
