7
Ceratotherium_simum 0.0000000 0.0167239 0.1310463 0.1351521 0.1320243 0.1863748 0.2645230 
Diceros_bicornis    0.0167239 0.0000000 0.1396356 0.1437698 0.1406315 0.2083058 0.2714177 
Equus_asinus        0.1310463 0.1396356 0.0000000 0.0034118 0.0082208 0.2346340 0.2928301 
Equus_quagga        0.1351521 0.1437698 0.0034118 0.0000000 0.0116716 0.2393123 0.2938622 
Equus_caballus      0.1320243 0.1406315 0.0082208 0.0116716 0.0000000 0.2359095 0.2923010 
Canis_lupus         0.1863748 0.2083058 0.2346340 0.2393123 0.2359095 0.0000000 0.3000637 
Bos_taurus          0.2645230 0.2714177 0.2928301 0.2938622 0.2923010 0.3000637 0.0000000 
