7
Ceratotherium_simum 0.0000000 0.0176310 0.3490567 0.3535302 0.3365451 0.2766046 0.2028803 
Diceros_bicornis    0.0176310 0.0000000 0.3388677 0.3432608 0.3285091 0.2716750 0.1959080 
Equus_asinus        0.3490567 0.3388677 0.0000000 0.0043280 0.0992658 0.4149668 0.3761052 
Equus_quagga        0.3535302 0.3432608 0.0043280 0.0000000 0.1019899 0.4201161 0.3709546 
Equus_caballus      0.3365451 0.3285091 0.0992658 0.1019899 0.0000000 0.3897426 0.3547686 
Canis_lupus         0.2766046 0.2716750 0.4149668 0.4201161 0.3897426 0.0000000 0.2382878 
Bos_taurus          0.2028803 0.1959080 0.3761052 0.3709546 0.3547686 0.2382878 0.0000000 
