7
Ceratotherium_simum 0.0000000 0.0000010 0.2583200 0.2583200 0.3081383 0.2351358 0.2326172 
Diceros_bicornis    0.0000010 0.0000000 0.2689336 0.2689336 0.3213584 0.2445062 0.2417607 
Equus_asinus        0.2583200 0.2689336 0.0000000 0.0000010 0.0356667 0.2864783 0.3052790 
Equus_quagga        0.2583200 0.2689336 0.0000010 0.0000000 0.0356667 0.2864783 0.3052790 
Equus_caballus      0.3081383 0.3213584 0.0356667 0.0356667 0.0000000 0.3378129 0.3564365 
Canis_lupus         0.2351358 0.2445062 0.2864783 0.2864783 0.3378129 0.0000000 0.1356582 
Bos_taurus          0.2326172 0.2417607 0.3052790 0.3052790 0.3564365 0.1356582 0.0000000 
