7
Ceratotherium_simum 0.0000000 0.0047484 0.0504790 0.0506217 0.0503286 0.0805031 0.0919214 
Diceros_bicornis    0.0047484 0.0000000 0.0497445 0.0498883 0.0495929 0.0802065 0.0911451 
Equus_asinus        0.0504790 0.0497445 0.0000000 0.0030746 0.0046778 0.0889755 0.1020615 
Equus_quagga        0.0506217 0.0498883 0.0030746 0.0000000 0.0043580 0.0889621 0.1019494 
Equus_caballus      0.0503286 0.0495929 0.0046778 0.0043580 0.0000000 0.0890245 0.1018577 
Canis_lupus         0.0805031 0.0802065 0.0889755 0.0889621 0.0890245 0.0000000 0.1133718 
Bos_taurus          0.0919214 0.0911451 0.1020615 0.1019494 0.1018577 0.1133718 0.0000000 
