7
Ceratotherium_simum 0.0000000 0.0253232 0.0508445 0.0200944 0.0555640 0.0830149 0.0531809 
Diceros_bicornis    0.0253232 0.0000000 0.0515798 0.0634136 0.0561573 0.0826374 0.0822712 
Equus_asinus        0.0508445 0.0515798 0.0000000 0.0200707 0.0050941 0.0632118 0.0902713 
Equus_quagga        0.0200944 0.0634136 0.0200707 0.0000000 0.0229718 0.0966994 0.0677241 
Equus_caballus      0.0555640 0.0561573 0.0050941 0.0229718 0.0000000 0.0741649 0.0903109 
Canis_lupus         0.0830149 0.0826374 0.0632118 0.0966994 0.0741649 0.0000000 0.0828234 
Bos_taurus          0.0531809 0.0822712 0.0902713 0.0677241 0.0903109 0.0828234 0.0000000 
