#coord	neutral	conserved	gBGC.neutral	gBGC.conserved
1	0.94049	0.05827	0.0011679	7.3027e-05
2	0.95145	0.047308	0.0011806	5.9249e-05
3	0.96615	0.032615	0.0011982	4.069e-05
4	0.98805	0.010716	0.0012246	1.3309e-05
5	0.99769	0.0010717	0.0012355	1.3509e-06
6	0.9977	0.0010633	0.0012345	1.3432e-06
7	0.99711	0.0016584	0.0012326	2.1241e-06
8	0.99539	0.0033729	0.0012293	4.3295e-06
9	0.99461	0.0041566	0.0012273	5.3456e-06
10	0.99475	0.0040206	0.0012265	5.193e-06
11	0.99344	0.0053315	0.001224	6.8636e-06
12	0.9931	0.0056694	0.0012228	7.2965e-06
13	0.99108	0.0076918	0.0012195	9.8357e-06
14	0.99023	0.00854	0.0012178	1.0881e-05
15	0.9908	0.0079722	0.0012177	1.0189e-05
16	0.99252	0.0062521	0.0012192	8.0368e-06
17	0.99232	0.0064485	0.0012184	8.2786e-06
18	0.99312	0.0056538	0.0012189	7.2662e-06
19	0.995	0.0037756	0.0012208	4.8785e-06
20	0.99544	0.0033334	0.001221	4.3017e-06
21	0.99677	0.0020073	0.0012224	2.6069e-06
22	0.9948	0.0039743	0.0012196	5.0552e-06
23	0.99382	0.0049524	0.0012182	6.2578e-06
24	0.99378	0.0049963	0.001218	6.2872e-06
25	0.99467	0.0041086	0.0012191	5.1457e-06
26	0.99678	0.002	0.0012216	2.511e-06
27	0.99597	0.0028075	0.0012205	3.4908e-06
28	0.99612	0.0026566	0.0012206	3.3048e-06
29	0.99709	0.0016909	0.0012218	2.1017e-06
30	0.99734	0.0014385	0.001222	1.796e-06
31	0.99704	0.0017316	0.0012215	2.1802e-06
32	0.99583	0.0029478	0.0012199	3.7135e-06
33	0.99547	0.0033108	0.0012194	4.1763e-06
34	0.99594	0.002841	0.0012201	3.5962e-06
35	0.99546	0.0033162	0.0012196	4.186e-06
36	0.99582	0.0029583	0.0012203	3.7321e-06
37	0.99524	0.003538	0.0012197	4.4676e-06
38	0.99554	0.0032399	0.0012202	4.1013e-06
39	0.99478	0.003993	0.0012194	5.07e-06
40	0.99237	0.0064024	0.0012165	8.1636e-06
41	0.99114	0.0076313	0.0012151	9.7529e-06
42	0.99097	0.0078043	0.0012151	1.0005e-05
43	0.99184	0.006931	0.0012165	8.9336e-06
44	0.99381	0.0049625	0.0012193	6.4737e-06
45	0.99699	0.0017882	0.0012238	2.4768e-06
46	0.99667	0.0021072	0.0012238	2.9564e-06
47	0.99712	0.0016488	0.0012249	2.4392e-06
48	0.99685	0.0019174	0.001225	2.9364e-06
49	0.99561	0.0031652	0.0012238	4.9087e-06
50	0.99248	0.0062921	0.0012197	9.7705e-06
51	0.96555	0.033225	0.0011868	4.2019e-05
52	0.94665	0.052125	0.0011634	6.4743e-05
53	0.93231	0.066461	0.0011458	8.1784e-05
54	0.9229	0.075874	0.0011339	9.2983e-05
55	0.91738	0.081389	0.0011267	9.9523e-05
56	0.91517	0.083605	0.0011234	0.0001021
57	0.9154	0.083378	0.0011233	0.00010161
58	0.88701	0.11176	0.0010883	0.00013593
59	0.81964	0.17914	0.0010056	0.00021796
60	0.7716	0.22717	0.00094609	0.00027672
61	0.73769	0.26109	0.00090365	0.00031839
62	0.71162	0.28716	0.00087123	0.0003501
63	0.69479	0.30399	0.00084993	0.00037066
64	0.64991	0.34887	0.00079377	0.00042605
65	0.61838	0.3804	0.00075389	0.00046514
66	0.59475	0.40403	0.00072418	0.00049411
67	0.57986	0.41893	0.00070505	0.00051247
68	0.56985	0.42893	0.00069219	0.00052462
69	0.56382	0.43496	0.00068439	0.00053176
70	0.56142	0.43736	0.00068119	0.00053434
71	0.56389	0.43489	0.00068378	0.00053111
72	0.5715	0.42729	0.00069245	0.00052178
73	0.58327	0.41551	0.00070636	0.00050725
74	0.6028	0.39598	0.00072943	0.00048354
75	0.62924	0.36955	0.00076113	0.00045125
76	0.66364	0.33515	0.00080282	0.00040902
77	0.71414	0.28465	0.00086365	0.00034763
78	0.70833	0.29046	0.00085632	0.00035445
79	0.68618	0.31261	0.00082901	0.00038122
80	0.66973	0.32906	0.00080887	0.00040087
81	0.65806	0.34073	0.00079472	0.00041458
82	0.65051	0.34828	0.00078572	0.0004232
83	0.64847	0.35032	0.00078321	0.0004253
84	0.64987	0.34892	0.00078504	0.00042311
85	0.65672	0.34207	0.00079332	0.00041443
86	0.66992	0.32888	0.00080915	0.00039819
87	0.69037	0.30843	0.00083355	0.00037334
88	0.71738	0.28141	0.00086618	0.00034031
89	0.75749	0.2413	0.00091432	0.00029176
90	0.81402	0.18478	0.00098176	0.00022385
91	0.83672	0.16207	0.0010084	0.00019677
92	0.86689	0.1319	0.0010442	0.0001605
93	0.91114	0.087654	0.0010965	0.00010773
94	0.90338	0.095418	0.0010865	0.00011732
95	0.87962	0.11918	0.0010572	0.00014636
96	0.86339	0.1354	0.0010368	0.00016633
97	0.85153	0.14726	0.001022	0.00018081
98	0.84457	0.15422	0.0010131	0.00018941
99	0.84176	0.15703	0.0010091	0.00019303
100	0.84199	0.15681	0.0010089	0.00019288
101	0.84649	0.15231	0.0010138	0.00018764
102	0.85588	0.14292	0.0010244	0.00017667
103	0.86946	0.12934	0.0010401	0.00016055
104	0.88974	0.10906	0.0010637	0.00013661
105	0.91673	0.082074	0.0010956	0.00010448
106	0.95153	0.047268	0.0011371	6.2715e-05
107	0.96519	0.033611	0.0011534	4.6263e-05
108	0.98315	0.015651	0.0011751	2.4439e-05
109	0.99016	0.008637	0.0011832	1.6114e-05
110	0.98472	0.01408	0.0011735	2.2656e-05
111	0.98105	0.017756	0.0011661	2.6911e-05
112	0.97167	0.02714	0.0011515	3.8382e-05
113	0.96504	0.033768	0.0011404	4.6314e-05
114	0.96063	0.038191	0.0011323	5.1442e-05
115	0.91261	0.086207	0.0010717	0.00010914
116	0.8797	0.11912	0.0010291	0.0001487
117	0.85754	0.14129	0.00099949	0.00017532
118	0.84117	0.15766	0.00097724	0.00019463
119	0.83121	0.16763	0.0009626	0.0002063
120	0.82633	0.17251	0.00095395	0.00021192
121	0.82448	0.17436	0.0009491	0.00021382
122	0.82554	0.1733	0.00094787	0.00021217
123	0.82959	0.16925	0.0009503	0.00020693
124	0.82442	0.17442	0.000942	0.00021251
125	0.82231	0.17654	0.00093746	0.00021439
126	0.82313	0.17572	0.00093651	0.00021275
127	0.82693	0.17193	0.00093921	0.00020753
128	0.83563	0.16323	0.00094749	0.00019669
129	0.84977	0.14908	0.00096196	0.00017963
130	0.8692	0.12966	0.00098277	0.00015629
131	0.87585	0.12301	0.00098834	0.00014816
132	0.88583	0.11304	0.0009979	0.00013611
133	0.89969	0.099181	0.0010121	0.00011944
134	0.92017	0.078701	0.0010339	9.5266e-05
135	0.94731	0.051561	0.0010635	6.3192e-05
136	0.95736	0.041512	0.0010733	5.1158e-05
137	0.95974	0.039135	0.001074	4.8177e-05
138	0.96421	0.034673	0.0010774	4.2714e-05
139	0.96397	0.034916	0.0010752	4.2791e-05
140	0.96551	0.033374	0.0010752	4.0753e-05
141	0.96894	0.029947	0.0010776	3.6477e-05
142	0.97447	0.024414	0.0010825	2.9685e-05
143	0.98247	0.016418	0.0010904	1.9928e-05
144	0.99325	0.0056369	0.0011018	6.7986e-06
145	0.99812	0.00077439	0.0011059	9.4755e-07
146	0.99871	0.00018502	0.0011049	2.3589e-07
147	0.99865	0.00024886	0.0011032	3.289e-07
148	0.99758	0.0013194	0.0011002	1.7429e-06
149	0.99736	0.0015443	0.0010981	2.1661e-06
150	0.97814	0.020766	0.0010698	2.8977e-05
151	0.96342	0.035487	0.0010478	4.9457e-05
152	0.95237	0.046533	0.001031	6.4847e-05
153	0.9453	0.053606	0.0010194	7.503e-05
154	0.94083	0.058074	0.0010113	8.173e-05
155	0.93947	0.059442	0.001007	8.4558e-05
156	0.94025	0.058661	0.0010055	8.4703e-05
157	0.94323	0.055679	0.0010067	8.2189e-05
158	0.94079	0.058119	0.0010011	8.6529e-05
159	0.94052	0.058395	0.0009984	8.8076e-05
160	0.94239	0.056525	0.00099842	8.6947e-05
161	0.94639	0.052523	0.0010011	8.3242e-05
162	0.95291	0.046009	0.0010068	7.656e-05
163	0.96216	0.036753	0.0010157	6.6679e-05
164	0.95798	0.040937	0.0010064	7.4942e-05
165	0.91502	0.083906	0.00095414	0.00012075
166	0.88461	0.11432	0.00091558	0.00015275
167	0.86163	0.13731	0.00088575	0.00017616
168	0.8064	0.19255	0.00082138	0.00023404
169	0.76401	0.23494	0.00077182	0.00027725
170	0.73172	0.26724	0.00073374	0.00030909
171	0.71032	0.28865	0.00070708	0.00032946
172	0.69483	0.30414	0.00068706	0.00034331
173	0.68551	0.31346	0.00067342	0.00035073
174	0.68136	0.31762	0.00066505	0.00035282
175	0.68089	0.3181	0.00066071	0.00035101
176	0.66795	0.33105	0.00064341	0.00036211
177	0.65956	0.33944	0.00063108	0.00036834
178	0.65519	0.34382	0.00062309	0.00037036
179	0.65455	0.34446	0.00061905	0.00036853
180	0.65736	0.34166	0.00061862	0.00036319
181	0.61459	0.38443	0.00057404	0.00040211
182	0.58461	0.41442	0.0005419	0.00042854
183	0.56223	0.43681	0.00051761	0.00044722
184	0.50677	0.49227	0.0004628	0.00049653
185	0.46415	0.53489	0.00042091	0.00053301
186	0.43421	0.56484	0.00039088	0.0005576
187	0.41128	0.58778	0.00036783	0.00057529
188	0.39407	0.60499	0.0003504	0.00058745
189	0.38392	0.61515	0.00033939	0.00059315
190	0.37756	0.62151	0.00033204	0.00059527
191	0.37645	0.62263	0.00032937	0.00059267
192	0.37885	0.62023	0.00033004	0.00058683
193	0.38665	0.61244	0.00033545	0.0005762
194	0.40088	0.59821	0.00034644	0.00055997
195	0.42343	0.57567	0.00036454	0.00053658
196	0.45604	0.54306	0.00039112	0.00050469
197	0.49798	0.50112	0.00042585	0.00046472
198	0.5516	0.44751	0.00047082	0.0004146
199	0.6199	0.37922	0.00052865	0.00035171
200	0.64797	0.35115	0.00055005	0.0003252
201	0.68507	0.31406	0.00057936	0.00029088
202	0.73361	0.26553	0.00061867	0.00024665
203	0.75044	0.2487	0.00063	0.00023051
204	0.77299	0.22616	0.00064638	0.0002094
205	0.77959	0.21956	0.00064873	0.00020242
206	0.78993	0.20922	0.00065443	0.00019217
207	0.80639	0.19276	0.00066521	0.0001768
208	0.82881	0.17035	0.00068124	0.00015628
209	0.82151	0.17766	0.00067147	0.00016164
210	0.81745	0.18172	0.00066467	0.00016412
211	0.7566	0.24257	0.00060975	0.00021468
212	0.70898	0.2902	0.00056682	0.00025333
213	0.67191	0.32727	0.00053335	0.00028261
214	0.64332	0.35587	0.00050737	0.00030446
215	0.62391	0.37528	0.0004889	0.00031877
216	0.60977	0.38943	0.00047503	0.00032856
217	0.60011	0.39909	0.00046501	0.00033456
218	0.5958	0.40341	0.00045922	0.00033631
219	0.59528	0.40393	0.00045661	0.00033495
220	0.59852	0.4007	0.00045713	0.00033054
221	0.58789	0.41132	0.00044687	0.00033699
222	0.55519	0.44403	0.00041945	0.00036057
223	0.53011	0.46911	0.00039834	0.0003779
224	0.51338	0.48585	0.00038363	0.0003888
225	0.50148	0.49775	0.00037287	0.00039581
226	0.46353	0.53571	0.0003428	0.0004222
227	0.43805	0.56119	0.0003221	0.00043919
228	0.42093	0.57831	0.00030769	0.00044987
229	0.41031	0.58893	0.00029814	0.00045565
230	0.40386	0.59539	0.00029191	0.00045818
231	0.40091	0.59835	0.00028841	0.00045804
232	0.40312	0.59614	0.00028864	0.00045415
233	0.40904	0.59022	0.00029171	0.00044748
234	0.41876	0.58051	0.00029763	0.00043802
235	0.43316	0.5661	0.00030708	0.00042509
236	0.45512	0.54416	0.00032186	0.00040681
237	0.48444	0.51483	0.0003421	0.00038313
238	0.49335	0.50593	0.00034706	0.0003747
239	0.50692	0.49236	0.00035548	0.00036288
240	0.52879	0.4705	0.00036967	0.00034526
241	0.56063	0.43866	0.0003907	0.00032078
242	0.60247	0.39682	0.00041892	0.00028916
243	0.65603	0.34326	0.00045557	0.00024918
244	0.72433	0.27497	0.00050284	0.00019864
245	0.82298	0.17633	0.00057092	0.00012727
246	0.95034	0.048961	0.00065953	3.5418e-05
247	0.99639	0.0029139	0.00068965	2.151e-06
248	0.99789	0.0014195	0.00068766	1.0631e-06
249	0.99383	0.0054843	0.00068177	3.9523e-06
250	0.96073	0.03859	0.00065509	2.7585e-05
251	0.93547	0.063845	0.0006344	4.5303e-05
252	0.91608	0.083241	0.00061813	5.8662e-05
253	0.90296	0.096361	0.00060622	6.7631e-05
254	0.89376	0.10557	0.00059723	7.3753e-05
255	0.88787	0.11146	0.00059068	7.75e-05
256	0.82536	0.17398	0.00054529	0.00012005
257	0.77727	0.22207	0.00051041	0.00015216
258	0.74049	0.25885	0.00048369	0.00017618
259	0.71211	0.28723	0.00046295	0.00019426
260	0.69054	0.30881	0.00044702	0.0002076
261	0.67645	0.3229	0.00043597	0.00021603
262	0.66831	0.33104	0.00042879	0.00022056
263	0.66389	0.33546	0.00042419	0.00022256
264	0.66425	0.33511	0.00042262	0.00022151
265	0.66832	0.33104	0.00042356	0.00021801
266	0.67758	0.32178	0.00042772	0.00021125
267	0.69121	0.30816	0.00043475	0.00020169
268	0.69224	0.30713	0.00043351	0.00020033
269	0.67938	0.31999	0.00042327	0.00020795
270	0.67077	0.3286	0.00041595	0.0002127
271	0.66619	0.33319	0.00041133	0.00021481
272	0.64598	0.3534	0.00039675	0.00022685
273	0.633	0.36638	0.00038673	0.00023431
274	0.62432	0.37506	0.0003796	0.00023892
275	0.62135	0.37803	0.00037597	0.00024001
276	0.62368	0.37571	0.00037553	0.00023787
277	0.62988	0.36951	0.00037756	0.00023333
278	0.62391	0.37548	0.000372	0.00023635
279	0.62155	0.37785	0.00036879	0.00023707
280	0.62266	0.37673	0.00036779	0.00023562
281	0.62758	0.37182	0.0003692	0.00023183
282	0.63661	0.36279	0.00037316	0.00022553
283	0.65035	0.34906	0.00038003	0.00021638
284	0.67152	0.32789	0.00039117	0.00020293
285	0.69943	0.29998	0.00040639	0.00018545
286	0.7088	0.29061	0.00041054	0.0001791
287	0.72503	0.27438	0.00041861	0.00016879
288	0.75026	0.24916	0.00043179	0.00015335
289	0.7137	0.28572	0.00040794	0.0001749
290	0.68551	0.31391	0.00038946	0.00019114
291	0.66455	0.33487	0.00037555	0.00020286
292	0.64909	0.35033	0.00036508	0.00021118
293	0.64045	0.35898	0.00035854	0.00021555
294	0.63587	0.36356	0.0003545	0.00021747
295	0.63661	0.36282	0.00035345	0.00021637
296	0.64112	0.35832	0.00035465	0.00021308
297	0.64939	0.35004	0.00035807	0.00020761
298	0.6637	0.33573	0.00036478	0.00019882
299	0.68329	0.31614	0.00037454	0.00018703
300	0.70978	0.28966	0.00038828	0.00017131
301	0.74422	0.25522	0.0004066	0.00015105
302	0.79472	0.20472	0.00043368	0.00012201
303	0.86034	0.13911	0.00046939	8.4387e-05
304	0.88785	0.1116	0.00048316	6.8686e-05
305	0.92402	0.075432	0.00050187	4.8091e-05
306	0.97488	0.024567	0.00052847	1.9571e-05
307	0.96692	0.032532	0.00052004	2.3597e-05
308	0.96137	0.038087	0.00051313	2.6195e-05
309	0.95874	0.04072	0.00050781	2.7147e-05
310	0.94952	0.049954	0.00049878	3.1766e-05
311	0.94321	0.05626	0.00049153	3.4696e-05
312	0.94002	0.059462	0.00048593	3.5936e-05
313	0.93892	0.060562	0.00048159	3.5993e-05
314	0.94077	0.058718	0.00047879	3.4472e-05
315	0.94491	0.054581	0.00047733	3.169e-05
316	0.95161	0.047884	0.00047737	2.7508e-05
317	0.9626	0.036896	0.00047962	2.1062e-05
318	0.97727	0.022236	0.00048392	1.2649e-05
319	0.97701	0.022494	0.00048	1.2548e-05
320	0.97829	0.021221	0.00047696	1.1644e-05
321	0.98157	0.017949	0.00047489	9.7343e-06
322	0.98671	0.012809	0.00047387	6.8657e-06
323	0.9881	0.01142	0.00047076	6.0325e-06
324	0.9908	0.0087245	0.00046838	4.5487e-06
325	0.99104	0.0084906	0.00046482	4.3296e-06
326	0.99275	0.0067848	0.00046191	3.4106e-06
327	0.99602	0.0035146	0.00045969	1.762e-06
328	0.99504	0.0045013	0.00045548	2.1917e-06
329	0.99501	0.0045392	0.0004518	2.17e-06
330	0.99588	0.0036672	0.00044862	1.725e-06
331	0.99541	0.0041478	0.00044489	1.9047e-06
332	0.99605	0.0035058	0.00044161	1.5852e-06
333	0.99782	0.0017356	0.00043878	7.7512e-07
334	0.99689	0.002676	0.00043483	1.1684e-06
335	0.99696	0.0026067	0.00043127	1.1239e-06
336	0.99611	0.0034628	0.00042727	1.4799e-06
337	0.99627	0.0033037	0.00042367	1.4031e-06
338	0.99732	0.0022565	0.00042052	9.4716e-07
339	0.9995	7.759e-05	0.00041779	3.1946e-08
340	0.99789	0.0017003	0.00041343	7.011e-07
341	0.99725	0.0023445	0.00040943	9.6126e-07
342	0.99738	0.0022126	0.00040584	8.9657e-07
343	0.99373	0.0058654	0.00040067	2.3625e-06
344	0.99145	0.0081497	0.00039616	3.2441e-06
345	0.9907	0.0088993	0.00039222	3.5113e-06
346	0.99139	0.0082132	0.0003888	3.2183e-06
347	0.98991	0.0096977	0.00038462	3.7655e-06
348	0.98957	0.01004	0.00038096	3.8543e-06
349	0.99064	0.0089801	0.00037779	3.4134e-06
350	0.99322	0.0064015	0.00037514	2.416e-06
351	0.99718	0.0024495	0.00037307	9.1303e-07
352	0.99891	0.00071883	0.0003701	2.6703e-07
353	0.99874	0.00088912	0.0003665	3.2682e-07
354	0.99931	0.00032699	0.00036312	1.2137e-07
355	0.99894	0.00069879	0.00035947	2.5839e-07
356	0.99809	0.0015562	0.00035572	5.6901e-07
357	0.99799	0.0016601	0.00035233	6.025e-07
358	0.99709	0.0025629	0.00034872	9.1711e-07
359	0.99699	0.0026608	0.00034547	9.4147e-07
360	0.9977	0.0019593	0.00034257	6.854e-07
361	0.99766	0.0020022	0.00033936	6.9456e-07
362	0.99673	0.0029321	0.00033593	1.0026e-06
363	0.99666	0.0030051	0.00033286	1.0135e-06
364	0.99757	0.0020953	0.00033007	7.0133e-07
365	0.99937	0.00030267	0.00032764	9.9584e-08
366	0.99961	6.7041e-05	0.00032465	2.1735e-08
367	0.99909	0.00058603	0.00032137	1.891e-07
368	0.99479	0.0048955	0.00031696	1.5545e-06
369	0.99222	0.0074677	0.00031308	2.354e-06
370	0.99111	0.0085823	0.00030963	2.6875e-06
371	0.99133	0.0083603	0.00030657	2.6053e-06
372	0.99269	0.0070007	0.00030392	2.1693e-06
373	0.99528	0.0044159	0.00030171	1.362e-06
374	0.99614	0.0035566	0.00029903	1.087e-06
375	0.998	0.0017043	0.00029672	5.146e-07
376	0.99874	0.00096082	0.00029402	2.8854e-07
377	0.99884	0.00086838	0.0002912	2.5745e-07
378	0.99958	0.00013444	0.00028862	3.8977e-08
379	0.9991	0.00061462	0.00028565	1.7507e-07
380	0.99822	0.0014957	0.00028253	4.2364e-07
381	0.99807	0.0016469	0.00027968	4.6007e-07
382	0.99881	0.0009157	0.00027704	2.5354e-07
383	0.99912	0.00060321	0.00027424	1.6741e-07
384	0.99914	0.00058404	0.00027142	1.6171e-07
385	0.99899	0.00074284	0.00026862	2.0394e-07
386	0.99838	0.0013558	0.00026575	3.6698e-07
387	0.99847	0.00127	0.00026312	3.3982e-07
388	0.99796	0.0017821	0.0002604	4.6868e-07
389	0.99829	0.0014482	0.00025786	3.781e-07
390	0.9994	0.00034227	0.00025557	8.8622e-08
391	0.99798	0.0017662	0.0002526	4.5298e-07
392	0.99737	0.0023784	0.0002499	6.0281e-07
393	0.99772	0.0020314	0.0002474	5.1346e-07
394	0.99721	0.0025408	0.00024474	6.3659e-07
395	0.99752	0.0022387	0.00024234	5.5617e-07
396	0.99865	0.0011057	0.00024019	2.7325e-07
397	0.99786	0.0019035	0.00023754	4.6563e-07
398	0.99782	0.0019475	0.00023513	4.7297e-07
399	0.9969	0.002862	0.00023256	6.8529e-07
400	0.99424	0.0055274	0.00022964	1.3002e-06
401	0.99272	0.0070505	0.00022704	1.6354e-06
402	0.99249	0.0072822	0.00022472	1.6738e-06
403	0.99353	0.0062475	0.00022264	1.4299e-06
404	0.99278	0.0069994	0.00022022	1.5876e-06
405	0.99308	0.0066955	0.00021809	1.5043e-06
406	0.99163	0.0081556	0.00021553	1.8155e-06
407	0.98686	0.012924	0.00021231	2.838e-06
408	0.98381	0.015974	0.00020953	3.4625e-06
409	0.9736	0.026192	0.00020521	5.6114e-06
410	0.96629	0.033499	0.0002016	7.0875e-06
411	0.96197	0.037828	0.0001986	7.9235e-06
412	0.95969	0.040107	0.00019611	8.3092e-06
413	0.95975	0.040045	0.00019406	8.2169e-06
414	0.96216	0.037636	0.00019246	7.6606e-06
415	0.96664	0.033162	0.00019131	6.6949e-06
416	0.97347	0.026332	0.00019066	5.2722e-06
417	0.97533	0.024479	0.00018897	4.861e-06
418	0.97894	0.020868	0.00018767	4.1104e-06
419	0.97914	0.02067	0.00018566	4.0371e-06
420	0.98077	0.019042	0.00018397	3.6882e-06
421	0.97884	0.020973	0.00018164	4.0127e-06
422	0.97844	0.021376	0.00017966	4.0401e-06
423	0.97954	0.020277	0.000178	3.7844e-06
424	0.98221	0.017607	0.00017667	3.2398e-06
425	0.98728	0.012543	0.00017574	2.2784e-06
426	0.99513	0.0046983	0.00017525	8.4745e-07
427	0.99528	0.0045443	0.0001734	8.0714e-07
428	0.99664	0.0031877	0.00017174	5.613e-07
429	0.99902	0.00081111	0.00017028	1.4225e-07
430	0.99769	0.0021392	0.00016816	3.6933e-07
431	0.98643	0.0134	0.00016441	2.2666e-06
432	0.97803	0.021806	0.00016122	3.6354e-06
433	0.97214	0.027698	0.00015853	4.5526e-06
434	0.96904	0.030797	0.00015627	5.0051e-06
435	0.96833	0.031514	0.00015437	5.0708e-06
436	0.96208	0.037767	0.00015165	6.0053e-06
437	0.94626	0.05358	0.00014741	8.4338e-06
438	0.93565	0.064195	0.000144	1.0008e-05
439	0.92908	0.070766	0.00014122	1.0928e-05
440	0.92521	0.074645	0.00013892	1.1403e-05
441	0.92463	0.075224	0.0001371	1.1377e-05
442	0.82219	0.17766	0.0001198	2.6808e-05
443	0.74156	0.25829	0.00010627	3.8501e-05
444	0.67933	0.32053	9.5846e-05	4.7126e-05
445	0.63509	0.36477	8.8178e-05	5.2975e-05
446	0.60072	0.39914	8.2145e-05	5.7218e-05
447	0.57699	0.42287	7.7686e-05	5.9871e-05
448	0.55966	0.44021	7.4247e-05	6.1534e-05
449	0.5496	0.45027	7.1826e-05	6.2161e-05
450	0.54379	0.45608	7.0049e-05	6.2174e-05
451	0.54186	0.45801	6.8837e-05	6.1654e-05
452	0.54369	0.45618	6.8148e-05	6.0638e-05
453	0.54912	0.45075	6.7942e-05	5.9166e-05
454	0.55876	0.44112	6.8282e-05	5.7177e-05
455	0.57322	0.42665	6.9231e-05	5.4607e-05
456	0.59539	0.40449	7.105e-05	5.1151e-05
457	0.60056	0.39932	7.0701e-05	4.9846e-05
458	0.60991	0.38997	7.0869e-05	4.8054e-05
459	0.62368	0.3762	7.1564e-05	4.576e-05
460	0.62376	0.37612	7.0584e-05	4.5124e-05
461	0.62924	0.37065	7.0194e-05	4.3879e-05
462	0.64022	0.35967	7.0379e-05	4.2043e-05
463	0.63717	0.36272	6.8996e-05	4.1802e-05
464	0.6394	0.3605	6.8175e-05	4.098e-05
465	0.64521	0.35468	6.7765e-05	3.9774e-05
466	0.63711	0.36278	6.5878e-05	4.007e-05
467	0.63278	0.36711	6.4443e-05	3.9941e-05
468	0.63329	0.36661	6.3497e-05	3.9305e-05
469	0.63868	0.36121	6.3024e-05	3.8182e-05
470	0.64825	0.35165	6.2982e-05	3.6654e-05
471	0.66487	0.33504	6.3573e-05	3.4476e-05
472	0.66745	0.33246	6.2726e-05	3.3717e-05
473	0.67387	0.32604	6.2268e-05	3.2597e-05
474	0.68424	0.31566	6.2191e-05	3.1122e-05
475	0.70182	0.29808	6.2713e-05	2.9031e-05
476	0.70396	0.29595	6.1809e-05	2.839e-05
477	0.70957	0.29034	6.1239e-05	2.7441e-05
478	0.72111	0.27881	6.1145e-05	2.5998e-05
479	0.7377	0.26222	6.1484e-05	2.4148e-05
480	0.76041	0.2395	6.2329e-05	2.182e-05
481	0.79015	0.20976	6.3733e-05	1.8958e-05
482	0.82859	0.17133	6.5812e-05	1.5445e-05
483	0.87789	0.12203	6.8716e-05	1.1132e-05
484	0.89515	0.10477	6.8788e-05	9.586e-06
485	0.92024	0.079679	6.9387e-05	7.4945e-06
486	0.92924	0.070689	6.8709e-05	6.7092e-06
487	0.93088	0.069049	6.7456e-05	6.5267e-06
488	0.93556	0.064366	6.6412e-05	6.1179e-06
489	0.94283	0.0571	6.5575e-05	5.527e-06
490	0.93332	0.06661	6.3389e-05	6.3308e-06
491	0.92692	0.073015	6.1523e-05	6.8423e-06
492	0.92306	0.076878	5.9905e-05	7.1283e-06
493	0.92152	0.078415	5.8503e-05	7.222e-06
494	0.92296	0.076975	5.7305e-05	7.0959e-06
495	0.92754	0.072399	5.6298e-05	6.7599e-06
496	0.9251	0.074841	5.2138e-05	6.2237e-06
497	0.92561	0.074339	4.812e-05	5.5029e-06
498	0.92849	0.07146	4.4302e-05	4.6693e-06
499	0.93497	0.064982	4.0591e-05	3.6831e-06
500	0.94592	0.054045	3.6973e-05	2.5564e-06
501	0.96063	0.039339	3.3467e-05	1.3997e-06
502	0.959	0.040961	3.2807e-05	1.4302e-06
503	0.95927	0.040693	3.2226e-05	1.3932e-06
504	0.96213	0.037833	3.1717e-05	1.2717e-06
505	0.96043	0.039542	3.1042e-05	1.3042e-06
506	0.95208	0.047891	3.0169e-05	1.5459e-06
507	0.94649	0.053481	2.9407e-05	1.6888e-06
508	0.94317	0.056804	2.8732e-05	1.7541e-06
509	0.9428	0.057172	2.8137e-05	1.7281e-06
510	0.94509	0.054877	2.7609e-05	1.6244e-06
511	0.92757	0.072401	2.652e-05	2.0907e-06
512	0.91443	0.085545	2.5589e-05	2.4098e-06
513	0.90606	0.093909	2.4791e-05	2.5842e-06
514	0.90157	0.098403	2.4096e-05	2.6457e-06
515	0.89979	0.10019	2.3489e-05	2.6293e-06
516	0.90127	0.098707	2.2956e-05	2.5281e-06
517	0.90544	0.09454	2.25e-05	2.3605e-06
518	0.91381	0.086166	2.2128e-05	2.0972e-06
519	0.92697	0.073005	2.1845e-05	1.7334e-06
520	0.93036	0.069616	2.1334e-05	1.6089e-06
521	0.93743	0.062546	2.0889e-05	1.4076e-06
522	0.94771	0.052268	2.0516e-05	1.1442e-06
523	0.95011	0.049865	1.9975e-05	1.0593e-06
524	0.95476	0.04522	1.9489e-05	9.3026e-07
525	0.96179	0.038192	1.9056e-05	7.5813e-07
526	0.97267	0.027315	1.8677e-05	5.208e-07
527	0.97051	0.029476	1.8028e-05	5.4179e-07
528	0.96997	0.030009	1.7421e-05	5.3052e-07
529	0.97113	0.028855	1.6854e-05	4.8892e-07
530	0.97404	0.02594	1.6326e-05	4.1862e-07
531	0.97966	0.020326	1.5827e-05	3.0859e-07
532	0.97517	0.024816	1.5634e-05	3.8036e-07
533	0.97313	0.026857	1.5473e-05	4.1256e-07
534	0.97275	0.027239	1.5342e-05	4.1759e-07
535	0.97391	0.026074	1.5239e-05	3.9796e-07
536	0.97678	0.023202	1.5165e-05	3.518e-07
537	0.98155	0.018437	1.5124e-05	2.7674e-07
538	0.98941	0.010579	1.512e-05	1.5682e-07
539	0.98281	0.017175	1.4887e-05	2.5522e-07
540	0.97822	0.021763	1.469e-05	3.2109e-07
541	0.93213	0.067851	1.3852e-05	1.0074e-06
542	0.89942	0.10056	1.3216e-05	1.4845e-06
543	0.87735	0.12264	1.2737e-05	1.7964e-06
544	0.86239	0.1376	1.236e-05	1.9978e-06
545	0.85159	0.14839	1.2053e-05	2.132e-06
546	0.84435	0.15564	1.1804e-05	2.2108e-06
547	0.84025	0.15973	1.1605e-05	2.242e-06
548	0.84008	0.15991	1.1454e-05	2.218e-06
549	0.8438	0.15618	1.1347e-05	2.1412e-06
550	0.85064	0.14935	1.1284e-05	2.0232e-06
551	0.86096	0.13903	1.1269e-05	1.8604e-06
552	0.87704	0.12295	1.1315e-05	1.6274e-06
553	0.89837	0.10161	1.1428e-05	1.3312e-06
554	0.92616	0.073826	1.1619e-05	9.5856e-07
555	0.9371	0.062883	1.1579e-05	8.0852e-07
556	0.93023	0.069754	1.1325e-05	8.8151e-07
557	0.92594	0.074052	1.1108e-05	9.1994e-07
558	0.92397	0.076016	1.0923e-05	9.2827e-07
559	0.91291	0.087077	1.0635e-05	1.0415e-06
560	0.90619	0.093802	1.0393e-05	1.1015e-06
561	0.90337	0.096615	1.0189e-05	1.1148e-06
562	0.90315	0.096837	1.0019e-05	1.0974e-06
563	0.90551	0.094484	9.881e-06	1.0508e-06
564	0.91135	0.088641	9.7719e-06	9.6731e-07
565	0.90926	0.090731	9.5787e-06	9.7e-07
566	0.91061	0.089382	9.4139e-06	9.3631e-07
567	0.90389	0.096105	9.1692e-06	9.8447e-07
568	0.82227	0.17772	8.1796e-06	1.7697e-06
569	0.76392	0.23607	7.4383e-06	2.2991e-06
570	0.72248	0.27751	6.8741e-06	2.6441e-06
571	0.62372	0.37627	5.7812e-06	3.5105e-06
572	0.5473	0.45269	4.9455e-06	4.1215e-06
573	0.49456	0.50543	4.3466e-06	4.4887e-06
574	0.45332	0.54667	3.8761e-06	4.7283e-06
575	0.42546	0.57453	3.5316e-06	4.8352e-06
576	0.40466	0.59533	3.2612e-06	4.8691e-06
577	0.39111	0.60888	3.0537e-06	4.8336e-06
578	0.38177	0.61822	2.8871e-06	4.7578e-06
579	0.37614	0.62385	2.754e-06	4.6489e-06
580	0.35308	0.64692	2.4951e-06	4.6595e-06
581	0.33566	0.66433	2.2886e-06	4.6181e-06
582	0.32324	0.67676	2.1255e-06	4.5339e-06
583	0.28754	0.71246	1.8231e-06	4.5892e-06
584	0.26243	0.73756	1.5989e-06	4.5601e-06
585	0.24354	0.75646	1.4252e-06	4.481e-06
586	0.22963	0.77037	1.2899e-06	4.3637e-06
587	0.2198	0.78019	1.1841e-06	4.217e-06
588	0.21445	0.78555	1.1035e-06	4.0391e-06
589	0.21297	0.78702	1.0424e-06	3.8359e-06
590	0.21431	0.78569	9.9595e-07	3.6182e-06
591	0.21853	0.78146	9.6233e-07	3.3876e-06
592	0.21219	0.7878	8.8102e-07	3.1987e-06
593	0.21023	0.78977	8.1761e-07	2.9858e-06
594	0.21196	0.78803	7.6655e-07	2.7548e-06
595	0.21759	0.78241	7.2543e-07	2.5079e-06
596	0.22655	0.77345	6.9205e-07	2.2533e-06
597	0.23912	0.76088	6.6426e-07	1.9928e-06
598	0.2588	0.7412	6.4471e-07	1.718e-06
599	0.2882	0.7118	6.3234e-07	1.4299e-06
600	0.32972	0.67027	6.2231e-07	1.1334e-06
601	0.38354	0.61646	6.0784e-07	8.4164e-07
602	0.45867	0.54133	5.8377e-07	5.5325e-07
603	0.55562	0.44438	5.3578e-07	2.8936e-07
604	0.56431	0.43569	5.3504e-07	2.8754e-07
605	0.57733	0.42267	5.362e-07	2.8056e-07
606	0.59541	0.40459	5.3956e-07	2.6808e-07
607	0.59856	0.40143	5.2884e-07	2.6439e-07
608	0.60568	0.39432	5.1958e-07	2.5608e-07
609	0.61691	0.38309	5.1149e-07	2.4331e-07
610	0.63492	0.36508	5.0423e-07	2.2448e-07
611	0.66168	0.33832	4.9823e-07	1.9913e-07
612	0.69713	0.30287	4.9448e-07	1.6839e-07
613	0.7491	0.2509	4.94e-07	1.2904e-07
614	0.8166	0.1834	4.9642e-07	8.3702e-08
615	0.90397	0.096026	5.0167e-07	3.2486e-08
616	0.91452	0.085478	6.0238e-07	3.8737e-08
617	0.92893	0.071067	7.0576e-07	4.0027e-08
618	0.94998	0.050018	8.1125e-07	3.3436e-08
619	0.95707	0.042931	9.0821e-07	3.3138e-08
620	0.96851	0.03149	1.0047e-06	2.7395e-08
621	0.98582	0.014182	1.1031e-06	1.38e-08
622	0.98262	0.017375	1.1766e-06	1.9115e-08
623	0.98093	0.019073	1.2493e-06	2.2944e-08
624	0.98114	0.018862	1.3184e-06	2.4433e-08
625	0.98329	0.016712	1.3843e-06	2.3175e-08
626	0.98707	0.012927	1.4509e-06	1.9202e-08
627	0.99273	0.007265	1.5189e-06	1.1857e-08
628	0.98685	0.013148	1.5626e-06	2.294e-08
629	0.9828	0.017202	1.6067e-06	3.142e-08
630	0.98091	0.019084	1.6484e-06	3.642e-08
631	0.98096	0.019042	1.6874e-06	3.808e-08
632	0.98246	0.017542	1.7272e-06	3.6991e-08
633	0.98543	0.014569	1.7677e-06	3.2987e-08
634	0.97966	0.020336	1.7371e-06	4.2204e-08
635	0.97651	0.023488	1.7054e-06	4.6511e-08
636	0.97555	0.024443	1.6719e-06	4.6725e-08
637	0.97652	0.023483	1.636e-06	4.3493e-08
638	0.97911	0.020892	1.6009e-06	3.7448e-08
639	0.98339	0.016604	1.5663e-06	2.8693e-08
640	0.98422	0.015777	1.5197e-06	2.6142e-08
641	0.98648	0.013518	1.4733e-06	2.1395e-08
642	0.99023	0.0097693	1.4266e-06	1.4593e-08
643	0.98736	0.012642	1.3643e-06	1.7649e-08
644	0.97927	0.020729	1.2937e-06	2.6838e-08
645	0.97415	0.025849	1.2221e-06	3.1359e-08
646	0.97144	0.028559	1.1482e-06	3.2319e-08
647	0.97047	0.029531	1.0746e-06	3.0865e-08
648	0.97155	0.028447	9.976e-07	2.7085e-08
649	0.97429	0.025714	9.1978e-07	2.182e-08
650	0.97966	0.020336	8.3792e-07	1.4703e-08
651	0.98741	0.012587	7.5488e-07	6.6408e-09
652	0.96651	0.03349	8.0897e-07	2.4904e-08
653	0.95253	0.047473	8.6071e-07	3.9785e-08
654	0.94235	0.057645	9.1211e-07	5.2565e-08
655	0.93516	0.064837	9.6298e-07	6.3299e-08
656	0.93161	0.068387	1.0114e-06	7.0713e-08
657	0.93042	0.069584	1.06e-06	7.5568e-08
658	0.93207	0.067933	1.1065e-06	7.6918e-08
659	0.93596	0.06404	1.1536e-06	7.5079e-08
660	0.94248	0.057522	1.2023e-06	6.9274e-08
661	0.94215	0.057849	1.2409e-06	7.1452e-08
662	0.94474	0.055256	1.2779e-06	6.9536e-08
663	0.9506	0.049398	1.3139e-06	6.2795e-08
664	0.95929	0.040711	1.3521e-06	5.149e-08
665	0.9724	0.027603	1.3915e-06	3.3384e-08
666	0.97771	0.022293	1.4145e-06	2.5791e-08
667	0.97876	0.021243	1.4263e-06	2.3803e-08
668	0.98131	0.018687	1.4378e-06	1.9543e-08
669	0.9802	0.019803	1.4424e-06	1.9739e-08
670	0.96132	0.038677	1.7634e-06	6.1705e-08
671	0.94882	0.051183	2.0765e-06	1.0331e-07
672	0.94067	0.059325	2.3841e-06	1.4256e-07
673	0.91799	0.082008	2.647e-06	2.294e-07
674	0.90242	0.097579	2.9094e-06	3.089e-07
675	0.89096	0.10903	3.1786e-06	3.8399e-07
676	0.88299	0.11701	3.4562e-06	4.5302e-07
677	0.87937	0.12063	3.7391e-06	5.0867e-07
678	0.87962	0.12038	4.0295e-06	5.4867e-07
679	0.88343	0.11657	4.33e-06	5.7082e-07
680	0.89032	0.10968	4.6523e-06	5.7415e-07
681	0.88897	0.11102	4.9259e-06	6.1832e-07
682	0.89031	0.10968	5.2177e-06	6.4725e-07
683	0.89425	0.10574	5.5294e-06	6.5882e-07
684	0.90101	0.098981	5.8651e-06	6.4897e-07
685	0.91097	0.089024	6.2306e-06	6.1208e-07
686	0.92681	0.073187	6.6364e-06	5.266e-07
687	0.95062	0.049376	7.1027e-06	3.7212e-07
688	0.98191	0.018086	7.6475e-06	1.4269e-07
689	0.99438	0.0056084	8.0658e-06	4.5593e-08
690	0.99901	0.0009827	8.4042e-06	8.4171e-09
691	0.99827	0.0017191	8.7098e-06	1.5113e-08
692	0.99839	0.0016052	9.0142e-06	1.4637e-08
693	0.99926	0.00073216	9.3298e-06	6.8973e-09
694	0.99627	0.0037227	9.6144e-06	3.5699e-08
695	0.99475	0.0052433	9.9027e-06	5.1933e-08
696	0.99442	0.0055691	1.0194e-05	5.6962e-08
697	0.99233	0.0076579	1.0458e-05	8.0989e-08
698	0.99138	0.0086141	1.0736e-05	9.3698e-08
699	0.99175	0.0082385	1.102e-05	9.2285e-08
700	0.98983	0.010163	1.1283e-05	1.1678e-07
701	0.98948	0.01051	1.1554e-05	1.2409e-07
702	0.98658	0.013412	1.1785e-05	1.6277e-07
703	0.98512	0.014871	1.2036e-05	1.8488e-07
704	0.98501	0.014981	1.2309e-05	1.905e-07
705	0.98624	0.01375	1.2603e-05	1.7859e-07
706	0.98921	0.010773	1.2912e-05	1.4333e-07
707	0.99384	0.006144	1.3249e-05	8.3734e-08
708	0.99542	0.0045683	1.3552e-05	6.343e-08
709	0.99552	0.004465	1.3827e-05	6.32e-08
710	0.98936	0.010625	1.4002e-05	1.5307e-07
711	0.98504	0.014941	1.4206e-05	2.1882e-07
712	0.94958	0.050409	1.3932e-05	7.5242e-07
713	0.92201	0.077973	1.3767e-05	1.1818e-06
714	0.90352	0.096467	1.3715e-05	1.4884e-06
715	0.89114	0.10884	1.3741e-05	1.7096e-06
716	0.88261	0.11738	1.3827e-05	1.8743e-06
717	0.87717	0.12281	1.3964e-05	1.9921e-06
718	0.87454	0.12545	1.4149e-05	2.066e-06
719	0.87579	0.1242	1.4387e-05	2.0773e-06
720	0.88072	0.11926	1.4679e-05	2.0267e-06
721	0.88891	0.11107	1.5034e-05	1.917e-06
722	0.90063	0.099349	1.546e-05	1.7404e-06
723	0.91654	0.083443	1.5972e-05	1.4819e-06
724	0.93968	0.060302	1.6611e-05	1.0877e-06
725	0.97015	0.029832	1.7403e-05	5.4477e-07
726	0.98357	0.016411	1.7883e-05	3.0483e-07
727	0.98348	0.016504	1.8126e-05	3.0968e-07
728	0.9852	0.014777	1.8394e-05	2.8078e-07
729	0.98845	0.011531	1.8697e-05	2.2141e-07
730	0.99407	0.0059064	1.9037e-05	1.151e-07
731	0.99334	0.006637	1.9261e-05	1.3032e-07
732	0.99012	0.009859	1.9442e-05	1.9426e-07
733	0.98217	0.017815	1.9517e-05	3.5393e-07
734	0.9771	0.022879	1.9637e-05	4.6008e-07
735	0.97387	0.026107	1.9798e-05	5.3034e-07
736	0.96455	0.035431	1.9822e-05	7.2804e-07
737	0.95868	0.041303	1.9905e-05	8.5895e-07
738	0.95562	0.04436	2.0034e-05	9.3376e-07
739	0.95458	0.045399	2.0212e-05	9.6592e-07
740	0.94775	0.052232	2.0254e-05	1.1242e-06
741	0.94406	0.055921	2.0352e-05	1.2176e-06
742	0.93082	0.069157	2.0247e-05	1.5209e-06
743	0.92116	0.078816	2.0222e-05	1.7483e-06
744	0.91454	0.085439	2.0266e-05	1.9104e-06
745	0.91142	0.088561	2.0377e-05	1.9976e-06
746	0.91146	0.088519	2.0549e-05	2.0152e-06
747	0.91385	0.086124	2.078e-05	1.9777e-06
748	0.91964	0.080337	2.1081e-05	1.8623e-06
749	0.92833	0.07165	2.1457e-05	1.6757e-06
750	0.94176	0.058218	2.1936e-05	1.3767e-06
751	0.94541	0.05457	2.2197e-05	1.3016e-06
752	0.95255	0.047431	2.2531e-05	1.1433e-06
753	0.96277	0.037205	2.2949e-05	9.0676e-07
754	0.97649	0.023485	2.3462e-05	5.7947e-07
755	0.99479	0.0051842	2.4102e-05	1.3114e-07
756	0.99427	0.0057088	2.4269e-05	1.4581e-07
757	0.95751	0.042464	2.3525e-05	1.0769e-06
758	0.92941	0.070561	2.2998e-05	1.7963e-06
759	0.86324	0.13674	2.1469e-05	3.5083e-06
760	0.81604	0.18393	2.039e-05	4.7623e-06
761	0.77995	0.22003	1.9595e-05	5.7363e-06
762	0.75209	0.24788	1.9013e-05	6.503e-06
763	0.73092	0.26905	1.8602e-05	7.1016e-06
764	0.71771	0.28227	1.8381e-05	7.502e-06
765	0.70902	0.29095	1.8283e-05	7.785e-06
766	0.70583	0.29415	1.8316e-05	7.9269e-06
767	0.68906	0.31092	1.7974e-05	8.4366e-06
768	0.6771	0.32288	1.7762e-05	8.8187e-06
769	0.67072	0.32926	1.7689e-05	9.0548e-06
770	0.66817	0.3318	1.7725e-05	9.1864e-06
771	0.65164	0.34834	1.7365e-05	9.7058e-06
772	0.6098	0.39017	1.6276e-05	1.0945e-05
773	0.57798	0.42199	1.5469e-05	1.1907e-05
774	0.55362	0.44635	1.4871e-05	1.2664e-05
775	0.53746	0.46251	1.4486e-05	1.32e-05
776	0.52638	0.47359	1.4247e-05	1.3594e-05
777	0.51966	0.48031	1.4134e-05	1.3866e-05
778	0.49236	0.50762	1.3441e-05	1.4721e-05
779	0.4739	0.52607	1.2983e-05	1.5335e-05
780	0.46085	0.53912	1.268e-05	1.5796e-05
781	0.45416	0.54581	1.2548e-05	1.608e-05
782	0.45134	0.54863	1.2531e-05	1.6253e-05
783	0.4533	0.54667	1.2643e-05	1.6289e-05
784	0.43956	0.56041	1.2304e-05	1.6779e-05
785	0.43173	0.56824	1.2127e-05	1.7101e-05
786	0.42754	0.57243	1.2059e-05	1.7316e-05
787	0.42678	0.57319	1.2096e-05	1.743e-05
788	0.4313	0.56867	1.228e-05	1.7389e-05
789	0.4398	0.56017	1.2588e-05	1.7228e-05
790	0.45283	0.54714	1.304e-05	1.6927e-05
791	0.47123	0.52874	1.3664e-05	1.6459e-05
792	0.49619	0.50378	1.4502e-05	1.578e-05
793	0.52931	0.47066	1.5609e-05	1.4837e-05
794	0.57275	0.42722	1.7061e-05	1.3554e-05
795	0.62831	0.37166	1.8924e-05	1.1863e-05
796	0.70607	0.2939	2.149e-05	9.4615e-06
797	0.73555	0.26442	2.2557e-05	8.5636e-06
798	0.77369	0.22628	2.3927e-05	7.3684e-06
799	0.77198	0.22799	2.4007e-05	7.454e-06
800	0.75854	0.24143	2.3701e-05	7.9163e-06
801	0.74958	0.25039	2.3543e-05	8.2365e-06
802	0.74599	0.25398	2.3543e-05	8.3889e-06
803	0.7473	0.25266	2.3691e-05	8.3855e-06
804	0.75216	0.2478	2.3962e-05	8.2636e-06
805	0.76089	0.23908	2.4371e-05	8.0105e-06
806	0.77404	0.22593	2.4938e-05	7.6043e-06
807	0.77557	0.2244	2.511e-05	7.5839e-06
808	0.73646	0.2635	2.3924e-05	8.9134e-06
809	0.70915	0.29082	2.3104e-05	9.8669e-06
810	0.68887	0.3111	2.2525e-05	1.0586e-05
811	0.67397	0.326	2.2129e-05	1.1127e-05
812	0.66572	0.33425	2.194e-05	1.1451e-05
813	0.66122	0.33875	2.1884e-05	1.1648e-05
814	0.6615	0.33846	2.1978e-05	1.1686e-05
815	0.6655	0.33446	2.2206e-05	1.1595e-05
816	0.67347	0.32649	2.2581e-05	1.1363e-05
817	0.68561	0.31436	2.3109e-05	1.0983e-05
818	0.70548	0.29448	2.3898e-05	1.0333e-05
819	0.73178	0.26818	2.4928e-05	9.447e-06
820	0.76951	0.23045	2.6352e-05	8.1585e-06
821	0.81882	0.18114	2.8213e-05	6.4389e-06
822	0.88178	0.11818	3.0596e-05	4.2034e-06
823	0.90617	0.093791	3.1592e-05	3.345e-06
824	0.94212	0.05784	3.299e-05	2.0747e-06
825	0.98817	0.011799	3.4777e-05	4.2228e-07
826	0.98889	0.01108	3.4925e-05	3.9718e-07
827	0.99128	0.0086808	3.5123e-05	3.1284e-07
828	0.99508	0.0048839	3.5379e-05	1.7681e-07
829	0.99377	0.0061981	3.5441e-05	2.2489e-07
830	0.99346	0.0065034	3.5546e-05	2.3637e-07
831	0.99415	0.005817	3.5694e-05	2.1152e-07
832	0.9931	0.0068635	3.5769e-05	2.4996e-07
833	0.9933	0.0066655	3.5878e-05	2.4406e-07
834	0.99452	0.0054472	3.6032e-05	2.0036e-07
835	0.99426	0.0056997	3.614e-05	2.0972e-07
836	0.99501	0.0049548	3.6293e-05	1.8198e-07
837	0.99709	0.0028711	3.6483e-05	1.0542e-07
838	0.99579	0.0041756	3.6539e-05	1.537e-07
839	0.99559	0.0043748	3.6625e-05	1.6199e-07
840	0.99632	0.0036437	3.6753e-05	1.3537e-07
841	0.99598	0.0039804	3.683e-05	1.4876e-07
842	0.99652	0.0034454	3.6948e-05	1.2931e-07
843	0.99795	0.0020086	3.7105e-05	7.5572e-08
844	0.99666	0.003305	3.7151e-05	1.2462e-07
845	0.99641	0.003556	3.7225e-05	1.3511e-07
846	0.99467	0.0052899	3.7251e-05	2.0139e-07
847	0.99395	0.0060116	3.7322e-05	2.2913e-07
848	0.99449	0.0054722	3.7429e-05	2.099e-07
849	0.99603	0.0039334	3.7582e-05	1.5205e-07
850	0.99627	0.0036944	3.7693e-05	1.4319e-07
851	0.99739	0.0025709	3.7846e-05	9.9962e-08
852	0.99946	0.00050006	3.8042e-05	1.9458e-08
853	0.99962	0.00033867	3.8154e-05	1.3265e-08
854	0.9997	0.00026114	3.8271e-05	1.0321e-08
855	0.9989	0.0010664	3.8361e-05	4.1897e-08
856	0.99722	0.0027381	3.8406e-05	1.0848e-07
857	0.99661	0.0033474	3.8482e-05	1.343e-07
858	0.99684	0.0031188	3.8598e-05	1.2698e-07
859	0.99094	0.0090201	3.8473e-05	3.667e-07
860	0.98681	0.01315	3.8427e-05	5.3532e-07
861	0.98422	0.01574	3.8449e-05	6.4221e-07
862	0.98302	0.016936	3.8535e-05	6.9305e-07
863	0.98322	0.016738	3.8684e-05	6.8743e-07
864	0.98483	0.015134	3.89e-05	6.2419e-07
865	0.98786	0.0121	3.9181e-05	5.0148e-07
866	0.99259	0.0073698	3.9543e-05	3.0702e-07
867	0.99932	0.00063852	3.9999e-05	2.6351e-08
868	0.99806	0.001896	4.0114e-05	7.648e-08
869	0.99778	0.002177	4.0256e-05	8.805e-08
870	0.99659	0.0033659	4.0351e-05	1.3701e-07
871	0.99644	0.0035179	4.0477e-05	1.4452e-07
872	0.99717	0.0027879	4.0648e-05	1.1548e-07
873	0.99879	0.0011655	4.0864e-05	4.9006e-08
874	0.99818	0.0017761	4.0995e-05	7.4661e-08
875	0.99665	0.0033096	4.1075e-05	1.3998e-07
876	0.99605	0.0039042	4.1203e-05	1.6591e-07
877	0.99405	0.0059078	4.1254e-05	2.5317e-07
878	0.98856	0.011393	4.1164e-05	4.8925e-07
879	0.85245	0.1475	3.5406e-05	6.383e-06
880	0.75795	0.24201	3.1376e-05	1.0539e-05
881	0.68489	0.31507	2.8291e-05	1.3756e-05
882	0.62856	0.37139	2.594e-05	1.6246e-05
883	0.58453	0.41543	2.4125e-05	1.8206e-05
884	0.55096	0.449	2.2766e-05	1.9716e-05
885	0.52517	0.47479	2.1745e-05	2.0894e-05
886	0.50614	0.49381	2.1017e-05	2.1784e-05
887	0.49265	0.50731	2.0531e-05	2.2439e-05
888	0.4838	0.51615	2.0249e-05	2.2896e-05
889	0.47878	0.52118	2.0136e-05	2.3189e-05
890	0.47754	0.52241	2.0194e-05	2.3317e-05
891	0.48002	0.51993	2.0422e-05	2.3281e-05
892	0.46973	0.53023	2.0084e-05	2.3802e-05
893	0.46537	0.53459	1.999e-05	2.4071e-05
894	0.46449	0.53547	2.0055e-05	2.4186e-05
895	0.46845	0.5315	2.0326e-05	2.4087e-05
896	0.47611	0.52385	2.0772e-05	2.3818e-05
897	0.49037	0.50958	2.1508e-05	2.3251e-05
898	0.51313	0.48683	2.2621e-05	2.2298e-05
899	0.54353	0.45643	2.4104e-05	2.0981e-05
900	0.5828	0.41716	2.6023e-05	1.9234e-05
901	0.59548	0.40447	2.6734e-05	1.8701e-05
902	0.6162	0.38376	2.7809e-05	1.7796e-05
903	0.64654	0.35342	2.9322e-05	1.6442e-05
904	0.6898	0.31016	3.1427e-05	1.4488e-05
905	0.74617	0.25379	3.4183e-05	1.1891e-05
906	0.8278	0.17215	3.8107e-05	8.1152e-06
907	0.85854	0.14141	3.9688e-05	6.6893e-06
908	0.87082	0.12913	4.0391e-05	6.1323e-06
909	0.88787	0.11208	4.1336e-05	5.3403e-06
910	0.91037	0.089584	4.2562e-05	4.2757e-06
911	0.83401	0.16595	3.9186e-05	7.8218e-06
912	0.77945	0.2205	3.6772e-05	1.0396e-05
913	0.74077	0.25918	3.5065e-05	1.2253e-05
914	0.71086	0.28909	3.378e-05	1.3696e-05
915	0.69122	0.30873	3.2954e-05	1.4669e-05
916	0.67925	0.3207	3.2473e-05	1.5288e-05
917	0.67142	0.32853	3.22e-05	1.5706e-05
918	0.66861	0.33134	3.2153e-05	1.5887e-05
919	0.66947	0.33048	3.2294e-05	1.5889e-05
920	0.67568	0.32427	3.2682e-05	1.5635e-05
921	0.66955	0.33041	3.2461e-05	1.5979e-05
922	0.66723	0.33272	3.2436e-05	1.6135e-05
923	0.67011	0.32984	3.2652e-05	1.6041e-05
924	0.67802	0.32193	3.3101e-05	1.5705e-05
925	0.69009	0.30986	3.3766e-05	1.5159e-05
926	0.70986	0.29009	3.4793e-05	1.4241e-05
927	0.73604	0.26391	3.6153e-05	1.2998e-05
928	0.77359	0.22636	3.8056e-05	1.1202e-05
929	0.82268	0.17728	4.0557e-05	8.8155e-06
930	0.88646	0.11349	4.3828e-05	5.668e-06
931	0.9142	0.085749	4.5298e-05	4.31e-06
932	0.95061	0.049345	4.7228e-05	2.5015e-06
933	0.99721	0.0027449	4.9703e-05	1.5623e-07
934	0.99666	0.0032907	4.9766e-05	1.932e-07
935	0.99698	0.0029738	4.9883e-05	1.8452e-07
936	0.99839	0.0015625	5.0046e-05	1.1957e-07
937	0.9974	0.00255	5.0043e-05	2.0912e-07
938	0.98774	0.012211	4.8734e-05	6.8973e-07
939	0.98132	0.018631	4.7586e-05	9.9633e-07
940	0.92923	0.070726	4.4179e-05	3.5471e-06
941	0.8892	0.11075	4.1477e-05	5.4106e-06
942	0.85809	0.14186	3.9286e-05	6.7763e-06
943	0.83417	0.16579	3.7499e-05	7.7532e-06
944	0.81796	0.18199	3.608e-05	8.3489e-06
945	0.80773	0.19222	3.4936e-05	8.6569e-06
946	0.80137	0.19859	3.3996e-05	8.7765e-06
947	0.79847	0.20149	3.323e-05	8.7364e-06
