#coord	neutral	conserved	gBGC.neutral	gBGC.conserved
1	0.94165	0.058341	1.2233e-05	7.913e-07
2	0.95262	0.047366	1.1792e-05	6.1267e-07
3	0.96733	0.032655	1.1437e-05	3.9686e-07
4	0.98926	0.010729	1.1112e-05	1.2146e-07
5	0.99892	0.001073	1.0591e-05	1.2029e-08
6	0.99893	0.0010646	9.9299e-06	1.1906e-08
7	0.99833	0.0016605	9.3201e-06	1.7835e-08
8	0.99661	0.003377	8.7483e-06	3.3862e-08
9	0.99583	0.0041617	8.2314e-06	3.939e-08
10	0.99597	0.0040255	7.7674e-06	3.6207e-08
11	0.99465	0.005338	7.3295e-06	4.442e-08
12	0.99432	0.0056764	6.9347e-06	4.4096e-08
13	0.99229	0.0077012	6.5064e-06	5.5951e-08
14	0.99144	0.0085505	6.1238e-06	5.812e-08
15	0.99201	0.0079819	5.7294e-06	5.1683e-08
16	0.99373	0.0062597	5.3759e-06	3.8814e-08
17	0.99354	0.0064564	5.0426e-06	3.743e-08
18	0.99433	0.0056607	4.7414e-06	3.0734e-08
19	0.99622	0.0037802	4.4718e-06	1.9087e-08
20	0.99666	0.0033375	4.1796e-06	1.5703e-08
21	0.99799	0.0020097	3.9144e-06	8.7881e-09
22	0.99602	0.0039792	3.6151e-06	1.5745e-08
23	0.99504	0.0049585	3.3437e-06	1.7942e-08
24	0.99499	0.0050025	3.0972e-06	1.6506e-08
25	0.99588	0.0041137	2.8733e-06	1.2172e-08
26	0.99799	0.0020024	2.64e-06	5.1661e-09
27	0.99719	0.0028109	2.3861e-06	6.4054e-09
28	0.99734	0.0026598	2.1217e-06	5.3128e-09
29	0.99831	0.001693	1.8794e-06	2.6945e-09
30	0.99856	0.0014402	1.6218e-06	1.7058e-09
31	0.99826	0.0017337	1.6074e-06	2.4614e-09
32	0.99705	0.0029514	1.5957e-06	4.6266e-09
33	0.99668	0.0033148	1.5897e-06	5.3066e-09
34	0.99715	0.0028444	1.5892e-06	4.5676e-09
35	0.99668	0.0033203	1.5826e-06	5.4258e-09
36	0.99704	0.0029619	1.5815e-06	4.8615e-09
37	0.99646	0.0035424	1.5743e-06	5.9112e-09
38	0.99675	0.0032439	1.5732e-06	5.4529e-09
39	0.996	0.0039979	1.5661e-06	6.8228e-09
40	0.99359	0.0064102	1.5517e-06	1.1184e-08
41	0.99236	0.0076407	1.5441e-06	1.3398e-08
42	0.99218	0.0078139	1.5423e-06	1.3768e-08
43	0.99306	0.0069395	1.5463e-06	1.2325e-08
44	0.99503	0.0049686	1.5563e-06	8.9463e-09
45	0.99821	0.0017904	1.5726e-06	3.3468e-09
46	0.99789	0.0021097	1.5874e-06	3.8132e-09
47	0.99835	0.0016508	1.6084e-06	2.9238e-09
48	0.99808	0.0019197	1.633e-06	3.2339e-09
49	0.99683	0.0031691	1.6608e-06	5.0422e-09
50	0.9937	0.0062999	1.681e-06	9.9072e-09
51	0.96673	0.033266	1.6697e-06	5.0929e-08
52	0.94781	0.052189	1.6645e-06	8.148e-08
53	0.93346	0.066542	1.6713e-06	1.0468e-07
54	0.92403	0.075967	1.6805e-06	1.2099e-07
55	0.91851	0.081489	1.6912e-06	1.3138e-07
56	0.91629	0.083707	1.703e-06	1.3643e-07
57	0.91652	0.08348	1.7244e-06	1.3682e-07
58	0.8881	0.1119	1.6907e-06	1.8745e-07
59	0.82064	0.17936	1.5806e-06	3.1028e-07
60	0.77255	0.22745	1.4981e-06	4.014e-07
61	0.73859	0.26141	1.4359e-06	4.681e-07
62	0.71249	0.28751	1.3939e-06	5.187e-07
63	0.69564	0.30436	1.3642e-06	5.5286e-07
64	0.65071	0.34929	1.2748e-06	6.4289e-07
65	0.61914	0.38086	1.2069e-06	7.076e-07
66	0.59548	0.40452	1.1604e-06	7.5509e-07
67	0.58056	0.41944	1.1268e-06	7.8579e-07
68	0.57054	0.42945	1.1073e-06	8.0645e-07
69	0.56451	0.43549	1.0991e-06	8.1933e-07
70	0.56211	0.43789	1.1015e-06	8.2524e-07
71	0.56458	0.43542	1.1099e-06	8.2155e-07
72	0.57219	0.42781	1.1248e-06	8.0774e-07
73	0.58398	0.41602	1.1518e-06	7.8547e-07
74	0.60353	0.39646	1.19e-06	7.4827e-07
75	0.63	0.37	1.2469e-06	6.9634e-07
76	0.66444	0.33556	1.3258e-06	6.2621e-07
77	0.715	0.28499	1.4322e-06	5.2461e-07
78	0.70918	0.29081	1.3903e-06	5.2434e-07
79	0.68701	0.31299	1.3139e-06	5.5434e-07
80	0.67054	0.32945	1.2553e-06	5.7119e-07
81	0.65886	0.34114	1.2112e-06	5.7795e-07
82	0.6513	0.3487	1.1794e-06	5.7672e-07
83	0.64925	0.35074	1.1532e-06	5.6565e-07
84	0.65066	0.34934	1.137e-06	5.4866e-07
85	0.65751	0.34248	1.1258e-06	5.2262e-07
86	0.67073	0.32927	1.1201e-06	4.8683e-07
87	0.6912	0.3088	1.1204e-06	4.4105e-07
88	0.71825	0.28175	1.1341e-06	3.8622e-07
89	0.7584	0.2416	1.1595e-06	3.1528e-07
90	0.815	0.185	1.1985e-06	2.2654e-07
91	0.83773	0.16227	1.1826e-06	1.8825e-07
92	0.86794	0.13206	1.1804e-06	1.4167e-07
93	0.91224	0.087759	1.1865e-06	8.1974e-08
94	0.90447	0.095532	1.2402e-06	1.0327e-07
95	0.88068	0.11932	1.2741e-06	1.5092e-07
96	0.86443	0.13557	1.3105e-06	1.9076e-07
97	0.85256	0.14744	1.3586e-06	2.2543e-07
98	0.84559	0.15441	1.4078e-06	2.5368e-07
99	0.84278	0.15722	1.4582e-06	2.7566e-07
100	0.843	0.157	1.5207e-06	2.9256e-07
101	0.84751	0.15249	1.5854e-06	3.0168e-07
102	0.8569	0.14309	1.6537e-06	3.0156e-07
103	0.8705	0.1295	1.7386e-06	2.9208e-07
104	0.89081	0.10919	1.8321e-06	2.6869e-07
105	0.91783	0.082172	1.9502e-06	2.2819e-07
106	0.95267	0.047325	2.0981e-06	1.6543e-07
107	0.96635	0.033651	2.1271e-06	1.1738e-07
108	0.98433	0.01567	2.1757e-06	5.4952e-08
109	0.99135	0.0086473	2.1921e-06	2.983e-08
110	0.9859	0.014096	2.1664e-06	4.1705e-08
111	0.98222	0.017777	2.1503e-06	4.9046e-08
112	0.97283	0.027172	2.1158e-06	6.9851e-08
113	0.96619	0.033808	2.0938e-06	8.3638e-08
114	0.96176	0.038236	2.0822e-06	9.2052e-08
115	0.91369	0.086309	1.9866e-06	1.8932e-07
116	0.88074	0.11926	1.9151e-06	2.5766e-07
117	0.85855	0.14145	1.8605e-06	3.0444e-07
118	0.84215	0.15784	1.825e-06	3.3734e-07
119	0.83218	0.16782	1.7977e-06	3.5728e-07
120	0.82729	0.17271	1.7766e-06	3.6661e-07
121	0.82543	0.17456	1.7669e-06	3.6893e-07
122	0.8265	0.1735	1.7685e-06	3.646e-07
123	0.83055	0.16945	1.7814e-06	3.5341e-07
124	0.82538	0.17462	1.7699e-06	3.6206e-07
125	0.82326	0.17674	1.7698e-06	3.6388e-07
126	0.82407	0.17592	1.7808e-06	3.5907e-07
127	0.82787	0.17212	1.8034e-06	3.4724e-07
128	0.83658	0.16342	1.832e-06	3.2474e-07
129	0.85074	0.14925	1.8682e-06	2.9042e-07
130	0.87019	0.12981	1.9232e-06	2.4243e-07
131	0.87685	0.12315	2.1727e-06	2.723e-07
132	0.88683	0.11317	2.4554e-06	2.9122e-07
133	0.9007	0.099293	2.7786e-06	2.9371e-07
134	0.92121	0.078789	3.1154e-06	2.6819e-07
135	0.94838	0.051619	3.5172e-06	2.0553e-07
136	0.95844	0.041559	3.9015e-06	1.8841e-07
137	0.96082	0.039178	4.293e-06	1.9768e-07
138	0.96528	0.034712	4.7336e-06	1.9442e-07
139	0.96504	0.034955	5.1311e-06	2.146e-07
140	0.96658	0.033411	5.5775e-06	2.2421e-07
141	0.97001	0.029981	6.0801e-06	2.1973e-07
142	0.97555	0.024441	6.648e-06	1.9577e-07
143	0.98356	0.016436	7.2936e-06	1.4434e-07
144	0.99435	0.0056431	8.0269e-06	5.5924e-08
145	0.99922	0.00077524	8.6826e-06	1.3779e-08
146	0.99981	0.00018522	8.8627e-06	4.9142e-09
147	0.99974	0.00024913	8.8326e-06	4.7727e-09
148	0.99867	0.0013208	8.779e-06	2.0057e-08
149	0.99845	0.001546	8.7258e-06	2.6614e-08
150	0.9792	0.020789	8.25e-06	2.1474e-07
151	0.96447	0.035526	7.8563e-06	3.452e-07
152	0.95341	0.046584	7.5284e-06	4.3239e-07
153	0.94633	0.053665	7.2236e-06	4.8319e-07
154	0.94186	0.058137	6.9686e-06	5.0745e-07
155	0.94049	0.059507	6.7245e-06	5.0707e-07
156	0.94127	0.058724	6.5206e-06	4.8885e-07
157	0.94425	0.055739	6.3539e-06	4.5393e-07
158	0.94181	0.058182	6.1327e-06	4.6116e-07
159	0.94154	0.058458	5.9483e-06	4.5143e-07
160	0.94341	0.056586	5.7976e-06	4.2632e-07
161	0.94741	0.05258	5.677e-06	3.8691e-07
162	0.95394	0.046059	5.589e-06	3.3093e-07
163	0.9632	0.036792	5.5325e-06	2.5708e-07
164	0.95901	0.040981	5.3765e-06	2.7381e-07
165	0.916	0.083996	4.9863e-06	5.1555e-07
166	0.88555	0.11444	4.6654e-06	6.7882e-07
167	0.86254	0.13745	4.4144e-06	7.8711e-07
168	0.80725	0.19275	3.9801e-06	1.0694e-06
169	0.76481	0.23519	3.6509e-06	1.2604e-06
170	0.73248	0.26751	3.4006e-06	1.3854e-06
171	0.71105	0.28894	3.1989e-06	1.4537e-06
172	0.69554	0.30445	3.0437e-06	1.4876e-06
173	0.68621	0.31378	2.9117e-06	1.4913e-06
174	0.68205	0.31794	2.7969e-06	1.4707e-06
175	0.68158	0.31842	2.7102e-06	1.4337e-06
176	0.66862	0.33138	2.5629e-06	1.4499e-06
177	0.66022	0.33978	2.4488e-06	1.4442e-06
178	0.65584	0.34416	2.3621e-06	1.4213e-06
179	0.6552	0.3448	2.2995e-06	1.3841e-06
180	0.65801	0.34199	2.2575e-06	1.3346e-06
181	0.61519	0.38481	2.0508e-06	1.4442e-06
182	0.58518	0.41482	1.8869e-06	1.5052e-06
183	0.56277	0.43723	1.7632e-06	1.5347e-06
184	0.50726	0.49274	1.5304e-06	1.6676e-06
185	0.46459	0.5354	1.3581e-06	1.7481e-06
186	0.43463	0.56537	1.2244e-06	1.7851e-06
187	0.41167	0.58833	1.123e-06	1.7967e-06
188	0.39444	0.60556	1.0465e-06	1.7896e-06
189	0.38428	0.61572	9.8693e-07	1.761e-06
190	0.37791	0.62209	9.4328e-07	1.7224e-06
191	0.3768	0.6232	9.0996e-07	1.669e-06
192	0.3792	0.6208	8.8996e-07	1.6088e-06
193	0.38701	0.61299	8.7869e-07	1.5353e-06
194	0.40125	0.59875	8.7671e-07	1.448e-06
195	0.42381	0.57619	8.8536e-07	1.3453e-06
196	0.45645	0.54354	9.0486e-07	1.2272e-06
197	0.49843	0.50157	9.4225e-07	1.0977e-06
198	0.55209	0.44791	1.0009e-06	9.5308e-07
199	0.62044	0.37955	1.0854e-06	7.8872e-07
200	0.64854	0.35146	1.0807e-06	7.0839e-07
201	0.68567	0.31433	1.0937e-06	6.171e-07
202	0.73424	0.26576	1.1275e-06	5.1146e-07
203	0.75109	0.24891	1.1093e-06	4.6412e-07
204	0.77365	0.22635	1.1035e-06	4.0958e-07
205	0.78026	0.21974	1.0647e-06	3.8347e-07
206	0.7906	0.2094	1.0356e-06	3.5286e-07
207	0.80707	0.19293	1.0089e-06	3.1538e-07
208	0.8295	0.1705	9.9403e-07	2.7175e-07
209	0.82219	0.17781	9.4216e-07	2.7036e-07
210	0.81813	0.18187	8.9938e-07	2.6433e-07
211	0.75723	0.24277	7.8438e-07	3.2608e-07
212	0.70956	0.29044	6.9583e-07	3.6554e-07
213	0.67246	0.32754	6.2716e-07	3.8886e-07
214	0.64384	0.35616	5.7362e-07	4.005e-07
215	0.62441	0.37558	5.2745e-07	4.0128e-07
216	0.61026	0.38974	4.9059e-07	3.9596e-07
217	0.60059	0.39941	4.6121e-07	3.8614e-07
218	0.59627	0.40373	4.3399e-07	3.7089e-07
219	0.59575	0.40425	4.1265e-07	3.5294e-07
220	0.59899	0.40101	3.9654e-07	3.3272e-07
221	0.58835	0.41164	3.7281e-07	3.2288e-07
222	0.55562	0.44438	3.3332e-07	3.2578e-07
223	0.53052	0.46948	3.0255e-07	3.2224e-07
224	0.51378	0.48622	2.7562e-07	3.1196e-07
225	0.50187	0.49813	2.5406e-07	2.9845e-07
226	0.46388	0.53612	2.2258e-07	2.968e-07
227	0.43838	0.56162	1.9665e-07	2.8676e-07
228	0.42125	0.57875	1.7403e-07	2.7071e-07
229	0.41062	0.58938	1.5344e-07	2.4992e-07
230	0.40417	0.59583	1.3657e-07	2.2752e-07
231	0.40121	0.59879	1.2237e-07	2.0413e-07
232	0.40342	0.59658	1.0821e-07	1.78e-07
233	0.40935	0.59065	9.5961e-08	1.518e-07
234	0.41907	0.58093	8.5024e-08	1.2571e-07
235	0.43348	0.56652	7.5258e-08	9.9972e-08
236	0.45545	0.54455	6.4067e-08	7.3209e-08
237	0.4848	0.5152	5.3139e-08	4.7655e-08
238	0.49371	0.50629	5.7597e-08	5.1619e-08
239	0.50729	0.49271	6.2994e-08	5.4632e-08
240	0.52917	0.47083	6.8328e-08	5.5718e-08
241	0.56103	0.43897	7.3824e-08	5.4704e-08
242	0.6029	0.3971	8.1215e-08	5.1831e-08
243	0.6565	0.3435	9.0898e-08	4.6645e-08
244	0.72484	0.27516	1.0361e-07	3.8471e-08
245	0.82355	0.17645	1.1907e-07	2.5395e-08
246	0.95101	0.048995	1.4018e-07	6.9652e-09
247	0.99708	0.0029159	1.4513e-07	5.3358e-10
248	0.99858	0.0014205	1.5613e-07	3.6454e-10
249	0.99451	0.005488	1.4091e-07	9.2138e-10
250	0.96138	0.038616	1.2289e-07	5.0703e-09
251	0.93611	0.063889	1.0746e-07	7.2915e-09
252	0.9167	0.083297	9.3741e-08	8.1787e-09
253	0.90357	0.096426	7.8915e-08	7.9224e-09
254	0.89436	0.10564	6.5265e-08	6.9469e-09
255	0.88846	0.11154	5.2451e-08	5.475e-09
256	0.82591	0.17409	5.7992e-08	1.2023e-08
257	0.77778	0.22222	6.3527e-08	1.8718e-08
258	0.74098	0.25902	6.9333e-08	2.5332e-08
259	0.71258	0.28742	7.5437e-08	3.1767e-08
260	0.69099	0.30901	8.1997e-08	3.7915e-08
261	0.67689	0.32311	8.7362e-08	4.3155e-08
262	0.66874	0.33126	9.1677e-08	4.7365e-08
263	0.66432	0.33568	9.6719e-08	5.0987e-08
264	0.66468	0.33532	1.0084e-07	5.3442e-08
265	0.66875	0.33125	1.06e-07	5.5148e-08
266	0.67802	0.32198	1.1045e-07	5.547e-08
267	0.69165	0.30835	1.161e-07	5.4775e-08
268	0.69268	0.30732	1.179e-07	5.574e-08
269	0.67981	0.32019	1.1757e-07	5.9035e-08
270	0.67119	0.32881	1.1833e-07	6.1458e-08
271	0.6666	0.3334	1.2027e-07	6.3052e-08
272	0.64638	0.35362	1.1768e-07	6.7055e-08
273	0.63339	0.36661	1.1477e-07	6.9274e-08
274	0.62471	0.37529	1.1306e-07	7.0483e-08
275	0.62173	0.37827	1.1081e-07	7.0087e-08
276	0.62406	0.37594	1.079e-07	6.8169e-08
277	0.63027	0.36973	1.0612e-07	6.5448e-08
278	0.62429	0.37571	1.0063e-07	6.4279e-08
279	0.62192	0.37808	9.6145e-08	6.2268e-08
280	0.62304	0.37696	9.2544e-08	5.9515e-08
281	0.62796	0.37204	8.9872e-08	5.6057e-08
282	0.63699	0.36301	8.8099e-08	5.1896e-08
283	0.65073	0.34927	8.7243e-08	4.6986e-08
284	0.67192	0.32808	8.5653e-08	4.0774e-08
285	0.69984	0.30016	8.4901e-08	3.3784e-08
286	0.70922	0.29078	7.967e-08	2.9148e-08
287	0.72546	0.27454	7.3207e-08	2.3597e-08
288	0.75069	0.24931	6.5315e-08	1.7299e-08
289	0.71412	0.28588	7.4344e-08	2.7325e-08
290	0.68591	0.31409	8.359e-08	3.7598e-08
291	0.66493	0.33507	9.3543e-08	4.7864e-08
292	0.64947	0.35053	1.0425e-07	5.8005e-08
293	0.64082	0.35918	1.1374e-07	6.697e-08
294	0.63624	0.36376	1.2457e-07	7.543e-08
295	0.63697	0.36303	1.3454e-07	8.2342e-08
296	0.64148	0.35852	1.4627e-07	8.8356e-08
297	0.64976	0.35024	1.5996e-07	9.3224e-08
298	0.66408	0.33592	1.7364e-07	9.5718e-08
299	0.68368	0.31632	1.9025e-07	9.6151e-08
300	0.71017	0.28983	2.1098e-07	9.3644e-08
301	0.74463	0.25537	2.3674e-07	8.7226e-08
302	0.79517	0.20483	2.6668e-07	7.3917e-08
303	0.86081	0.13919	3.0611e-07	5.2608e-08
304	0.88834	0.11166	3.2986e-07	4.4237e-08
305	0.92453	0.075474	3.6008e-07	3.1073e-08
306	0.97542	0.024581	3.9436e-07	1.1e-08
307	0.96745	0.03255	4.063e-07	1.4885e-08
308	0.96189	0.038107	4.2086e-07	1.7859e-08
309	0.95926	0.040742	4.3345e-07	1.9692e-08
310	0.95002	0.049981	4.3974e-07	2.4885e-08
311	0.94371	0.056289	4.4931e-07	2.8728e-08
312	0.94051	0.059493	4.5733e-07	3.1181e-08
313	0.93941	0.060593	4.6815e-07	3.2542e-08
314	0.94125	0.058748	4.7738e-07	3.2396e-08
315	0.94539	0.054609	4.8995e-07	3.0903e-08
316	0.95209	0.047908	5.0624e-07	2.7777e-08
317	0.96309	0.036914	5.2181e-07	2.2187e-08
318	0.97775	0.022247	5.4185e-07	1.4017e-08
319	0.97749	0.022505	5.5015e-07	1.4522e-08
320	0.97877	0.021231	5.6164e-07	1.4047e-08
321	0.98204	0.017958	5.7122e-07	1.2387e-08
322	0.98718	0.012815	5.8438e-07	9.4157e-09
323	0.98857	0.011425	5.976e-07	8.7304e-09
324	0.99127	0.0087286	6.1394e-07	7.0807e-09
325	0.9915	0.0084945	6.3118e-07	7.1011e-09
326	0.99321	0.006788	6.4596e-07	6.1348e-09
327	0.99648	0.0035162	6.5856e-07	4.0944e-09
328	0.9955	0.0045034	6.1374e-07	4.2888e-09
329	0.99546	0.0045413	5.7353e-07	3.7831e-09
330	0.99633	0.0036688	5.3709e-07	2.7223e-09
331	0.99585	0.0041496	5.0301e-07	2.6123e-09
332	0.99649	0.0035073	4.6569e-07	1.9467e-09
333	0.99826	0.0017364	4.2514e-07	8.5832e-10
334	0.99732	0.0026771	3.8659e-07	1.0915e-09
335	0.99739	0.0026078	3.4466e-07	9.1672e-10
336	0.99654	0.0034643	2.9877e-07	1.0406e-09
337	0.99669	0.0033051	2.4947e-07	8.3691e-10
338	0.99774	0.0022574	2.0382e-07	4.5569e-10
339	0.99992	7.7622e-05	1.546e-07	8.2889e-12
340	0.9983	0.001701	1.5552e-07	2.5108e-10
341	0.99765	0.0023455	1.5433e-07	3.4841e-10
342	0.99779	0.0022135	1.5359e-07	3.1714e-10
343	0.99413	0.0058678	2.1234e-07	1.5786e-09
344	0.99185	0.008153	2.7551e-07	2.9821e-09
345	0.9911	0.0089028	3.3434e-07	4.192e-09
346	0.99178	0.0082164	3.8923e-07	4.9459e-09
347	0.9903	0.0097015	3.9301e-07	5.3632e-09
348	0.98996	0.010044	3.9867e-07	5.2674e-09
349	0.99102	0.0089835	4.0214e-07	4.5741e-09
350	0.9936	0.0064039	4.0346e-07	3.2272e-09
351	0.99755	0.0024504	4.0684e-07	1.2007e-09
352	0.99928	0.00071909	4.0624e-07	3.5216e-10
353	0.99911	0.00088945	4.0613e-07	3.9959e-10
354	0.99967	0.00032711	4.0351e-07	1.5522e-10
355	0.9993	0.00069904	4.0185e-07	3.2414e-10
356	0.99844	0.0015567	4.0158e-07	7.0759e-10
357	0.99834	0.0016607	4.0322e-07	7.6278e-10
358	0.99744	0.0025638	4.0613e-07	1.1597e-09
359	0.99734	0.0026617	4.108e-07	1.205e-09
360	0.99804	0.00196	4.1726e-07	8.897e-10
361	0.998	0.0020028	4.2054e-07	9.2118e-10
362	0.99707	0.0029331	4.2513e-07	1.3342e-09
363	0.99699	0.0030061	4.3183e-07	1.3578e-09
364	0.9979	0.002096	4.3608e-07	9.639e-10
365	0.9997	0.00030276	4.4227e-07	1.378e-10
366	0.99993	6.7063e-05	4.4565e-07	2.9369e-11
367	0.99941	0.00058622	4.457e-07	2.5967e-10
368	0.9951	0.0048971	4.4564e-07	2.1073e-09
369	0.99253	0.0074701	4.4344e-07	3.2352e-09
370	0.99141	0.008585	4.39e-07	3.7338e-09
371	0.99164	0.0083628	4.3226e-07	3.6573e-09
372	0.993	0.0070029	4.278e-07	3.0532e-09
373	0.99558	0.0044172	4.2561e-07	1.8879e-09
374	0.99644	0.0035577	4.1965e-07	1.5082e-09
375	0.99829	0.0017048	4.1582e-07	6.8997e-10
376	0.99904	0.0009611	4.0865e-07	3.7004e-10
377	0.99913	0.00086863	3.948e-07	3.3164e-10
378	0.99987	0.00013448	3.8277e-07	3.83e-11
379	0.99938	0.0006148	4.3658e-07	2.6058e-10
380	0.9985	0.0014962	4.8748e-07	7.3628e-10
381	0.99835	0.0016473	5.4266e-07	8.9081e-10
382	0.99908	0.00091596	5.9388e-07	5.5494e-10
383	0.9994	0.00060337	6.4057e-07	4.3191e-10
384	0.99942	0.0005842	6.9143e-07	4.8804e-10
385	0.99926	0.00074304	7.3766e-07	7.5169e-10
386	0.99864	0.0013562	7.8968e-07	1.5336e-09
387	0.99873	0.0012704	8.4686e-07	1.7394e-09
388	0.99822	0.0017825	8.3943e-07	1.9615e-09
389	0.99855	0.0014485	8.2927e-07	1.4643e-09
390	0.99966	0.00034236	8.2279e-07	2.5259e-10
391	0.99823	0.0017666	9.4575e-07	1.7438e-09
392	0.99762	0.002379	1.0794e-06	2.6853e-09
393	0.99797	0.0020319	1.206e-06	2.6676e-09
394	0.99746	0.0025414	1.342e-06	3.7486e-09
395	0.99776	0.0022393	1.4916e-06	3.6946e-09
396	0.99889	0.001106	1.6565e-06	2.0716e-09
397	0.99809	0.0019039	1.8092e-06	3.925e-09
398	0.99805	0.001948	1.9763e-06	4.4539e-09
399	0.99714	0.0028627	2.157e-06	7.0305e-09
400	0.99447	0.0055286	2.3485e-06	1.4334e-08
401	0.99295	0.0070521	2.5591e-06	1.9572e-08
402	0.99271	0.0072838	2.7615e-06	2.1977e-08
403	0.99375	0.0062489	2.9569e-06	2.0845e-08
404	0.993	0.0070009	3.1653e-06	2.52e-08
405	0.9933	0.006697	3.3973e-06	2.5982e-08
406	0.99184	0.0081574	3.6104e-06	3.3948e-08
407	0.98707	0.012926	3.8281e-06	5.6523e-08
408	0.98402	0.015977	4.0742e-06	7.3587e-08
409	0.9738	0.026198	4.2704e-06	1.2735e-07
410	0.96649	0.033506	4.5004e-06	1.7113e-07
411	0.96216	0.037836	4.7272e-06	2.0458e-07
412	0.95988	0.040115	4.988e-06	2.2875e-07
413	0.95994	0.040053	5.2462e-06	2.4173e-07
414	0.96235	0.037643	5.5039e-06	2.4175e-07
415	0.96683	0.033168	5.801e-06	2.2711e-07
416	0.97366	0.026337	6.1442e-06	1.9335e-07
417	0.97551	0.024483	6.4393e-06	1.9134e-07
418	0.97912	0.020872	6.7772e-06	1.7472e-07
419	0.97932	0.020674	7.0725e-06	1.837e-07
420	0.98095	0.019046	7.407e-06	1.8052e-07
421	0.97902	0.020976	7.7405e-06	2.0752e-07
422	0.97861	0.02138	8.1215e-06	2.2154e-07
423	0.97971	0.020281	8.5545e-06	2.2104e-07
424	0.98238	0.01761	9.0461e-06	2.0285e-07
425	0.98745	0.012545	9.5399e-06	1.5871e-07
426	0.99529	0.004699	1.0045e-05	8.2371e-08
427	0.99544	0.004545	1.0146e-05	7.4448e-08
428	0.9968	0.0031883	1.0251e-05	5.2215e-08
429	0.99918	0.00081124	1.0385e-05	1.5493e-08
430	0.99785	0.0021395	1.1268e-05	4.7228e-08
431	0.98659	0.013402	1.1381e-05	2.0613e-07
432	0.97818	0.021809	1.1556e-05	3.2877e-07
433	0.97229	0.027702	1.1794e-05	4.1932e-07
434	0.96919	0.030802	1.2046e-05	4.7793e-07
435	0.96847	0.031518	1.231e-05	5.0717e-07
436	0.96221	0.037773	1.252e-05	6.2056e-07
437	0.9464	0.053587	1.2544e-05	9.0213e-07
438	0.93578	0.064204	1.262e-05	1.115e-06
439	0.92921	0.070776	1.2739e-05	1.2711e-06
440	0.92533	0.074655	1.2931e-05	1.3822e-06
441	0.92475	0.075235	1.3155e-05	1.4448e-06
442	0.8223	0.17768	1.1258e-05	3.6124e-06
443	0.74166	0.25833	9.818e-06	5.3489e-06
444	0.67942	0.32057	8.76e-06	6.7299e-06
445	0.63517	0.36482	7.9784e-06	7.8217e-06
446	0.6008	0.39919	7.4095e-06	8.7249e-06
447	0.57706	0.42292	7.0056e-06	9.4511e-06
448	0.55972	0.44026	6.7478e-06	1.0057e-05
449	0.54966	0.45032	6.6017e-06	1.0539e-05
450	0.54385	0.45613	6.5551e-06	1.0947e-05
451	0.54192	0.45806	6.5979e-06	1.1294e-05
452	0.54375	0.45623	6.7269e-06	1.1584e-05
453	0.54918	0.4508	6.9385e-06	1.182e-05
454	0.55881	0.44117	7.249e-06	1.1991e-05
455	0.57328	0.4267	7.6764e-06	1.2081e-05
456	0.59545	0.40453	8.2189e-06	1.204e-05
457	0.60062	0.39936	8.4464e-06	1.2298e-05
458	0.60997	0.39001	8.7847e-06	1.2483e-05
459	0.62374	0.37624	9.2424e-06	1.2584e-05
460	0.62382	0.37616	9.3902e-06	1.2976e-05
461	0.62929	0.37068	9.6286e-06	1.3259e-05
462	0.64028	0.3597	9.9573e-06	1.3436e-05
463	0.63723	0.36275	9.9816e-06	1.3953e-05
464	0.63945	0.36053	1.0108e-05	1.4348e-05
465	0.64526	0.35471	1.0348e-05	1.4668e-05
466	0.63717	0.36281	1.0192e-05	1.4862e-05
467	0.63283	0.36714	1.0147e-05	1.4961e-05
468	0.63334	0.36664	1.0199e-05	1.4954e-05
469	0.63873	0.36124	1.0353e-05	1.4836e-05
470	0.64829	0.35168	1.0635e-05	1.4608e-05
471	0.66491	0.33506	1.1069e-05	1.4217e-05
472	0.6675	0.33248	1.1115e-05	1.4205e-05
473	0.67392	0.32606	1.128e-05	1.4092e-05
474	0.68429	0.31569	1.1568e-05	1.3872e-05
475	0.70187	0.2981	1.2011e-05	1.3487e-05
476	0.704	0.29597	1.2031e-05	1.3115e-05
477	0.70961	0.29036	1.2181e-05	1.2639e-05
478	0.72115	0.27882	1.2483e-05	1.1997e-05
479	0.73774	0.26223	1.2982e-05	1.1186e-05
480	0.76046	0.23952	1.3727e-05	1.0158e-05
481	0.7902	0.20978	1.4759e-05	8.8662e-06
482	0.82864	0.17134	1.6156e-05	7.2337e-06
483	0.87794	0.12204	1.8021e-05	5.1567e-06
484	0.8952	0.10477	1.8621e-05	4.3689e-06
485	0.92029	0.079684	1.947e-05	3.3192e-06
486	0.92928	0.070693	1.9717e-05	2.8977e-06
487	0.93092	0.069053	1.9665e-05	2.7594e-06
488	0.93561	0.06437	1.9683e-05	2.5368e-06
489	0.94287	0.057103	1.9813e-05	2.2271e-06
490	0.93336	0.066614	1.9433e-05	2.4126e-06
491	0.92696	0.073018	1.9161e-05	2.5147e-06
492	0.9231	0.076881	1.8978e-05	2.5498e-06
493	0.92156	0.078419	1.8878e-05	2.5233e-06
494	0.923	0.076978	1.8834e-05	2.4277e-06
495	0.92758	0.072402	1.8852e-05	2.2577e-06
496	0.92513	0.074844	1.8713e-05	2.2675e-06
497	0.92564	0.074341	1.8626e-05	2.2124e-06
498	0.92852	0.071462	1.8625e-05	2.094e-06
499	0.935	0.064983	1.8693e-05	1.8926e-06
500	0.94593	0.054046	1.885e-05	1.5901e-06
501	0.96064	0.039339	1.913e-05	1.1844e-06
502	0.95902	0.040961	1.8965e-05	1.2099e-06
503	0.95929	0.040693	1.887e-05	1.1874e-06
504	0.96215	0.037833	1.8817e-05	1.1094e-06
505	0.96044	0.039542	1.8636e-05	1.1474e-06
506	0.95209	0.047891	1.8321e-05	1.3395e-06
507	0.9465	0.053482	1.8098e-05	1.4607e-06
508	0.94318	0.056804	1.795e-05	1.526e-06
509	0.94281	0.057172	1.785e-05	1.531e-06
510	0.9451	0.054878	1.7791e-05	1.4826e-06
511	0.92758	0.072402	1.724e-05	1.9138e-06
512	0.91444	0.085546	1.6827e-05	2.2257e-06
513	0.90607	0.09391	1.6508e-05	2.4331e-06
514	0.90158	0.098404	1.626e-05	2.5567e-06
515	0.89979	0.10019	1.61e-05	2.6131e-06
516	0.90127	0.098707	1.5993e-05	2.6052e-06
517	0.90544	0.09454	1.5966e-05	2.5378e-06
518	0.91382	0.086167	1.6001e-05	2.3957e-06
519	0.92698	0.073005	1.6104e-05	2.1745e-06
520	0.93037	0.069616	1.5699e-05	1.9972e-06
521	0.93744	0.062546	1.5335e-05	1.75e-06
522	0.94772	0.052268	1.5088e-05	1.4371e-06
523	0.95012	0.049865	1.4695e-05	1.3194e-06
524	0.95476	0.04522	1.4391e-05	1.1567e-06
525	0.96179	0.038193	1.4174e-05	9.4636e-07
526	0.97267	0.027315	1.4e-05	6.7082e-07
527	0.97051	0.029476	1.3521e-05	6.7809e-07
528	0.96998	0.030009	1.311e-05	6.5605e-07
529	0.97113	0.028855	1.2767e-05	6.0522e-07
530	0.97405	0.02594	1.2488e-05	5.2517e-07
531	0.97966	0.020326	1.2228e-05	4.0726e-07
532	0.97517	0.024816	1.1835e-05	4.5272e-07
533	0.97313	0.026857	1.1457e-05	4.6489e-07
534	0.97275	0.027239	1.1136e-05	4.5246e-07
535	0.97391	0.026074	1.0865e-05	4.1861e-07
536	0.97679	0.023202	1.0645e-05	3.6182e-07
537	0.98155	0.018437	1.0478e-05	2.7974e-07
538	0.98941	0.010579	1.0329e-05	1.6301e-07
539	0.98281	0.017175	1.0021e-05	2.3099e-07
540	0.97823	0.021763	9.7614e-06	2.7253e-07
541	0.93214	0.067851	9.1168e-06	7.2119e-07
542	0.89943	0.10056	8.5984e-06	1.0317e-06
543	0.87735	0.12264	8.177e-06	1.2323e-06
544	0.8624	0.1376	7.8181e-06	1.3582e-06
545	0.8516	0.14839	7.5294e-06	1.4338e-06
546	0.84436	0.15564	7.2986e-06	1.4699e-06
547	0.84026	0.15973	7.1173e-06	1.4739e-06
548	0.84008	0.15991	6.9587e-06	1.4449e-06
549	0.84381	0.15618	6.82e-06	1.3853e-06
550	0.85064	0.14935	6.7243e-06	1.3e-06
551	0.86097	0.13903	6.673e-06	1.1866e-06
552	0.87705	0.12295	6.6504e-06	1.0344e-06
553	0.89838	0.10161	6.6838e-06	8.4219e-07
554	0.92617	0.073827	6.7825e-06	5.9978e-07
555	0.93711	0.062884	6.726e-06	5.0285e-07
556	0.93024	0.069755	6.5213e-06	5.4417e-07
557	0.92594	0.074052	6.3543e-06	5.6322e-07
558	0.92398	0.076016	6.2204e-06	5.6353e-07
559	0.91292	0.087077	6.0412e-06	6.2256e-07
560	0.90619	0.093803	5.8821e-06	6.5282e-07
561	0.90338	0.096615	5.7389e-06	6.5762e-07
562	0.90316	0.096838	5.6288e-06	6.4389e-07
563	0.90551	0.094484	5.5499e-06	6.126e-07
564	0.91135	0.088641	5.4826e-06	5.6142e-07
565	0.90926	0.090731	5.3786e-06	5.5924e-07
566	0.91061	0.089382	5.2852e-06	5.3766e-07
567	0.90389	0.096105	5.1585e-06	5.6133e-07
568	0.82228	0.17772	4.6165e-06	9.9158e-07
569	0.76392	0.23607	4.2001e-06	1.2886e-06
570	0.72248	0.27751	3.8745e-06	1.4871e-06
571	0.62372	0.37627	3.2306e-06	1.9965e-06
572	0.5473	0.45269	2.7569e-06	2.3474e-06
573	0.49456	0.50543	2.408e-06	2.5667e-06
574	0.45332	0.54668	2.1449e-06	2.71e-06
575	0.42546	0.57453	1.947e-06	2.7818e-06
576	0.40467	0.59533	1.8e-06	2.8126e-06
577	0.39111	0.60889	1.6847e-06	2.8062e-06
578	0.38178	0.61822	1.5987e-06	2.7791e-06
579	0.37614	0.62386	1.537e-06	2.7359e-06
580	0.35308	0.64692	1.3988e-06	2.7641e-06
581	0.33566	0.66433	1.2953e-06	2.7653e-06
582	0.32324	0.67676	1.2207e-06	2.7455e-06
583	0.28754	0.71246	1.0563e-06	2.8109e-06
584	0.26243	0.73756	9.3234e-07	2.8314e-06
585	0.24354	0.75646	8.4182e-07	2.8259e-06
586	0.22963	0.77037	7.7664e-07	2.802e-06
587	0.2198	0.78019	7.3117e-07	2.765e-06
588	0.21445	0.78555	6.9865e-07	2.7111e-06
589	0.21298	0.78702	6.7678e-07	2.6426e-06
590	0.21431	0.78569	6.6749e-07	2.568e-06
591	0.21854	0.78146	6.7053e-07	2.4871e-06
592	0.21219	0.7878	6.3789e-07	2.4378e-06
593	0.21023	0.78977	6.1621e-07	2.3736e-06
594	0.21196	0.78804	6.0304e-07	2.2971e-06
595	0.21759	0.78241	5.9784e-07	2.2087e-06
596	0.22655	0.77345	6.0416e-07	2.115e-06
597	0.23912	0.76088	6.22e-07	2.0152e-06
598	0.2588	0.7412	6.5285e-07	1.8983e-06
599	0.2882	0.71179	6.9995e-07	1.7611e-06
600	0.32972	0.67027	7.6477e-07	1.602e-06
601	0.38354	0.61646	8.5641e-07	1.4226e-06
602	0.45867	0.54133	9.768e-07	1.2102e-06
603	0.55562	0.44438	1.1393e-06	9.6235e-07
604	0.56431	0.43569	1.1046e-06	9.07e-07
605	0.57733	0.42267	1.0823e-06	8.4556e-07
606	0.59541	0.40459	1.0729e-06	7.7719e-07
607	0.59856	0.40143	1.0291e-06	7.3831e-07
608	0.60568	0.39432	9.9722e-07	6.9397e-07
609	0.6169	0.38309	9.7605e-07	6.4442e-07
610	0.63492	0.36508	9.5955e-07	5.8575e-07
611	0.66168	0.33832	9.4834e-07	5.1721e-07
612	0.69713	0.30287	9.5192e-07	4.4012e-07
613	0.7491	0.2509	9.6583e-07	3.4772e-07
614	0.8166	0.1834	9.9959e-07	2.4177e-07
615	0.90397	0.096026	1.0572e-06	1.1803e-07
616	0.91452	0.085478	1.0052e-06	9.8647e-08
617	0.92893	0.071067	9.6179e-07	7.6303e-08
618	0.94998	0.050018	9.1773e-07	4.9728e-08
619	0.95707	0.042931	8.6321e-07	3.9121e-08
620	0.96851	0.03149	8.0605e-07	2.5971e-08
621	0.98582	0.014182	7.4603e-07	1.0324e-08
622	0.98262	0.017375	6.638e-07	1.1312e-08
623	0.98093	0.019073	5.8894e-07	1.0871e-08
624	0.98114	0.018862	5.0987e-07	9.2226e-09
625	0.98329	0.016712	4.2597e-07	6.7939e-09
626	0.98707	0.012927	3.489e-07	4.1216e-09
627	0.99273	0.007265	2.7778e-07	1.4779e-09
628	0.98685	0.013148	2.7974e-07	3.2688e-09
629	0.9828	0.017202	2.8317e-07	4.5241e-09
630	0.98092	0.019084	2.8451e-07	5.1939e-09
631	0.98096	0.019042	2.837e-07	5.3176e-09
632	0.98246	0.017542	2.8448e-07	4.9824e-09
633	0.98543	0.014569	2.8666e-07	4.1773e-09
634	0.97966	0.020336	2.8732e-07	5.8429e-09
635	0.97651	0.023488	2.8602e-07	6.779e-09
636	0.97556	0.024443	2.8268e-07	7.0695e-09
637	0.97652	0.023483	2.7732e-07	6.8018e-09
638	0.97911	0.020892	2.7359e-07	6.0412e-09
639	0.9834	0.016604	2.7128e-07	4.7812e-09
640	0.98422	0.015777	2.6541e-07	4.5155e-09
641	0.98648	0.013518	2.6104e-07	3.8384e-09
642	0.99023	0.0097693	2.5796e-07	2.7466e-09
643	0.98736	0.012643	2.5053e-07	3.4716e-09
644	0.97927	0.020729	2.4286e-07	5.4662e-09
645	0.97415	0.025849	2.335e-07	6.638e-09
646	0.97144	0.028559	2.2229e-07	7.1356e-09
647	0.97047	0.029531	2.1259e-07	7.1381e-09
648	0.97155	0.028447	2.0087e-07	6.6618e-09
649	0.97429	0.025714	1.9028e-07	5.8417e-09
650	0.97966	0.020336	1.7753e-07	4.5957e-09
651	0.98741	0.012587	1.6602e-07	3.0409e-09
652	0.96651	0.03349	1.7538e-07	7.1541e-09
653	0.95253	0.047474	1.8301e-07	1.0464e-08
654	0.94235	0.057645	1.9208e-07	1.3204e-08
655	0.93516	0.064837	2.0241e-07	1.546e-08
656	0.93161	0.068387	2.1088e-07	1.6985e-08
657	0.93042	0.069584	2.2088e-07	1.7956e-08
658	0.93207	0.067933	2.2916e-07	1.8165e-08
659	0.93596	0.06404	2.3895e-07	1.7691e-08
660	0.94248	0.057522	2.507e-07	1.6336e-08
661	0.94215	0.05785	2.6162e-07	1.679e-08
662	0.94474	0.055256	2.7074e-07	1.6351e-08
663	0.9506	0.049398	2.782e-07	1.487e-08
664	0.95929	0.040711	2.8789e-07	1.2341e-08
665	0.9724	0.027603	2.9644e-07	8.3614e-09
666	0.97771	0.022293	2.9987e-07	6.781e-09
667	0.97876	0.021243	2.9941e-07	6.494e-09
668	0.98131	0.018687	3.0045e-07	5.6999e-09
669	0.9802	0.019803	3.0141e-07	5.9867e-09
670	0.96132	0.038677	2.9432e-07	1.1609e-08
671	0.94882	0.051183	2.8645e-07	1.5299e-08
672	0.94067	0.059325	2.7742e-07	1.7562e-08
673	0.91799	0.082008	2.6553e-07	2.386e-08
674	0.90242	0.097579	2.5339e-07	2.7846e-08
675	0.89097	0.10903	2.4371e-07	3.0293e-08
676	0.88299	0.11701	2.3608e-07	3.1536e-08
677	0.87937	0.12063	2.2721e-07	3.1421e-08
678	0.87962	0.12038	2.1692e-07	3.0133e-08
679	0.88343	0.11657	2.0507e-07	2.7878e-08
680	0.89032	0.10968	1.9494e-07	2.497e-08
681	0.88898	0.11102	1.8055e-07	2.3823e-08
682	0.89032	0.10968	1.6779e-07	2.2055e-08
683	0.89426	0.10574	1.5626e-07	1.9796e-08
684	0.90102	0.098982	1.4582e-07	1.7112e-08
685	0.91098	0.089024	1.3633e-07	1.4039e-08
686	0.92681	0.073188	1.2501e-07	1.0351e-08
687	0.95062	0.049377	1.1166e-07	6.1984e-09
688	0.98191	0.018086	9.9144e-08	1.9911e-09
689	0.99439	0.0056084	8.4593e-08	5.1361e-10
690	0.99902	0.00098271	6.9457e-08	5.144e-11
691	0.99828	0.0017191	8.2329e-08	1.2638e-10
692	0.99839	0.0016052	9.3067e-08	1.4046e-10
693	0.99927	0.00073217	1.0424e-07	6.8658e-11
694	0.99628	0.0037227	1.1266e-07	3.9447e-10
695	0.99476	0.0052434	1.1893e-07	5.9532e-10
696	0.99443	0.0055691	1.2315e-07	6.6485e-10
697	0.99234	0.007658	1.2497e-07	9.5874e-10
698	0.99139	0.0086142	1.271e-07	1.0999e-09
699	0.99176	0.0082386	1.2723e-07	1.0687e-09
700	0.98984	0.010163	1.2737e-07	1.3188e-09
701	0.98949	0.01051	1.2547e-07	1.3615e-09
702	0.98659	0.013412	1.2106e-07	1.7266e-09
703	0.98513	0.014871	1.1717e-07	1.8701e-09
704	0.98502	0.014982	1.1372e-07	1.8236e-09
705	0.98625	0.01375	1.1067e-07	1.6031e-09
706	0.98923	0.010774	1.0567e-07	1.1961e-09
707	0.99386	0.0061441	1.0105e-07	6.2772e-10
708	0.99543	0.0045684	9.6257e-08	4.1033e-10
709	0.99553	0.0044651	8.9189e-08	3.457e-10
710	0.98938	0.010625	7.9565e-08	7.062e-10
711	0.98506	0.014942	7.0252e-08	8.1363e-10
712	0.94959	0.050409	8.6678e-08	4.6454e-09
713	0.92203	0.077974	1.0331e-07	8.9892e-09
714	0.90353	0.096469	1.1754e-07	1.319e-08
715	0.89115	0.10885	1.2974e-07	1.7033e-08
716	0.88262	0.11738	1.4305e-07	2.0589e-08
717	0.87719	0.12281	1.5745e-07	2.3818e-08
718	0.87455	0.12545	1.7313e-07	2.6627e-08
719	0.8758	0.1242	1.8712e-07	2.8518e-08
720	0.88074	0.11926	1.9966e-07	2.9376e-08
721	0.88893	0.11107	2.1425e-07	2.9235e-08
722	0.90065	0.09935	2.3108e-07	2.7826e-08
723	0.91656	0.083444	2.5068e-07	2.472e-08
724	0.9397	0.060303	2.7027e-07	1.899e-08
725	0.97017	0.029833	2.9451e-07	9.9897e-09
726	0.98359	0.016412	3.1089e-07	6.0151e-09
727	0.9835	0.016504	3.2447e-07	6.3133e-09
728	0.98522	0.014777	3.358e-07	5.9838e-09
729	0.98847	0.011532	3.493e-07	5.0125e-09
730	0.99409	0.0059065	3.6081e-07	3.1214e-09
731	0.99336	0.0066371	3.299e-07	2.8081e-09
732	0.99014	0.0098592	3.0044e-07	3.1785e-09
733	0.98218	0.017815	2.6696e-07	4.4116e-09
734	0.97712	0.02288	2.3138e-07	4.5478e-09
735	0.97389	0.026107	1.9859e-07	4.0028e-09
736	0.96457	0.035432	2.1384e-07	6.5584e-09
737	0.9587	0.041304	2.2699e-07	8.6073e-09
738	0.95564	0.044361	2.3811e-07	1.0101e-08
739	0.9546	0.0454	2.5092e-07	1.1101e-08
740	0.94777	0.052233	2.594e-07	1.37e-08
741	0.94408	0.055922	2.661e-07	1.551e-08
742	0.93084	0.069159	2.7089e-07	2.0217e-08
743	0.92118	0.078818	2.7766e-07	2.3964e-08
744	0.91456	0.085441	2.8636e-07	2.6866e-08
745	0.91144	0.088563	2.935e-07	2.871e-08
746	0.91148	0.088521	2.991e-07	2.9481e-08
747	0.91387	0.086125	3.0665e-07	2.9378e-08
748	0.91966	0.080339	3.1283e-07	2.803e-08
749	0.92835	0.071652	3.2129e-07	2.5506e-08
750	0.94178	0.058219	3.2882e-07	2.1255e-08
751	0.94543	0.054572	3.3426e-07	2.0245e-08
752	0.95257	0.047432	3.3818e-07	1.7966e-08
753	0.96279	0.037205	3.4474e-07	1.4419e-08
754	0.97651	0.023486	3.5401e-07	9.3501e-09
755	0.99482	0.0051843	3.6685e-07	2.16e-09
756	0.99429	0.0057089	3.6935e-07	2.4068e-09
757	0.95753	0.042465	3.5867e-07	1.7105e-08
758	0.92944	0.070562	3.5295e-07	2.8317e-08
759	0.86326	0.13674	3.2857e-07	5.5483e-08
760	0.81606	0.18394	3.0861e-07	7.5601e-08
761	0.77997	0.22003	2.9493e-07	9.0741e-08
762	0.75211	0.24789	2.8583e-07	1.0237e-07
763	0.73094	0.26906	2.805e-07	1.1126e-07
764	0.71773	0.28227	2.7581e-07	1.1689e-07
765	0.70904	0.29096	2.7421e-07	1.2065e-07
766	0.70584	0.29416	2.7251e-07	1.2189e-07
767	0.68907	0.31093	2.6304e-07	1.283e-07
768	0.67711	0.32289	2.5674e-07	1.3252e-07
769	0.67073	0.32927	2.5063e-07	1.3409e-07
770	0.66819	0.33181	2.4726e-07	1.3406e-07
771	0.65165	0.34835	2.3632e-07	1.3905e-07
772	0.60982	0.39018	2.1326e-07	1.5361e-07
773	0.57799	0.42201	1.9616e-07	1.6327e-07
774	0.55364	0.44636	1.833e-07	1.695e-07
775	0.53748	0.46252	1.7193e-07	1.7193e-07
776	0.52639	0.47361	1.6357e-07	1.7225e-07
777	0.51968	0.48032	1.5768e-07	1.7095e-07
778	0.49237	0.50763	1.4606e-07	1.7604e-07
779	0.47391	0.52609	1.3597e-07	1.7737e-07
780	0.46086	0.53914	1.2859e-07	1.7671e-07
781	0.45418	0.54582	1.2182e-07	1.7319e-07
782	0.45135	0.54865	1.1695e-07	1.6847e-07
783	0.45332	0.54668	1.1209e-07	1.6157e-07
784	0.43958	0.56042	1.0373e-07	1.5882e-07
785	0.43174	0.56826	9.5841e-08	1.5347e-07
786	0.42756	0.57244	8.9498e-08	1.4701e-07
787	0.4268	0.5732	8.4432e-08	1.3967e-07
788	0.43132	0.56868	7.9192e-08	1.3035e-07
789	0.43981	0.56019	7.5062e-08	1.2042e-07
790	0.45284	0.54716	7.1954e-08	1.099e-07
791	0.47124	0.52876	6.9825e-08	9.8805e-08
792	0.4962	0.5038	6.8669e-08	8.7075e-08
793	0.52933	0.47067	6.8512e-08	7.4651e-08
794	0.57277	0.42723	6.9396e-08	6.1458e-08
795	0.62833	0.37167	7.1125e-08	4.7547e-08
796	0.70609	0.29391	7.2103e-08	3.2318e-08
797	0.73557	0.26443	6.6191e-08	2.4308e-08
798	0.77372	0.22628	6.0454e-08	1.6272e-08
799	0.772	0.228	4.8762e-08	1.2e-08
800	0.75856	0.24144	5.6906e-08	1.6173e-08
801	0.7496	0.2504	6.5376e-08	2.0151e-08
802	0.74602	0.25398	7.2417e-08	2.3438e-08
803	0.74733	0.25267	7.8178e-08	2.5906e-08
804	0.75219	0.24781	8.4615e-08	2.7822e-08
805	0.76091	0.23909	9.1913e-08	2.9057e-08
806	0.77407	0.22593	1.0033e-07	2.9422e-08
807	0.77559	0.22441	1.0549e-07	3.0848e-08
808	0.73649	0.26351	1.0282e-07	3.7934e-08
809	0.70917	0.29083	9.9861e-08	4.3237e-08
810	0.68889	0.31111	9.8257e-08	4.737e-08
811	0.67399	0.32601	9.7652e-08	5.0572e-08
812	0.66574	0.33426	9.6357e-08	5.2353e-08
813	0.66124	0.33876	9.587e-08	5.338e-08
814	0.66153	0.33847	9.4555e-08	5.3198e-08
815	0.66553	0.33447	9.4115e-08	5.2307e-08
816	0.6735	0.3265	9.457e-08	5.0681e-08
817	0.68563	0.31437	9.5856e-08	4.8267e-08
818	0.70551	0.29449	9.6507e-08	4.438e-08
819	0.73181	0.26819	9.8212e-08	3.9499e-08
820	0.76954	0.23046	9.9449e-08	3.3019e-08
821	0.81885	0.18115	1.0227e-07	2.5166e-08
822	0.88181	0.11819	1.0671e-07	1.5792e-08
823	0.90621	0.093795	1.0581e-07	1.1861e-08
824	0.94216	0.057842	1.0377e-07	6.8625e-09
825	0.9882	0.011799	1.0261e-07	1.1241e-09
826	0.98892	0.01108	1.3508e-07	1.596e-09
827	0.99132	0.0086811	1.6478e-07	1.7595e-09
828	0.99512	0.0048841	1.9659e-07	1.5079e-09
829	0.9938	0.0061983	1.9477e-07	1.7141e-09
830	0.9935	0.0065036	1.9372e-07	1.6933e-09
831	0.99418	0.0058172	1.9341e-07	1.4513e-09
832	0.99314	0.0068637	1.9326e-07	1.5902e-09
833	0.99333	0.0066657	1.9099e-07	1.4833e-09
834	0.99455	0.0054474	1.8946e-07	1.1586e-09
835	0.9943	0.0056999	1.8516e-07	1.154e-09
836	0.99504	0.0049549	1.8172e-07	9.4644e-10
837	0.99713	0.0028712	1.7607e-07	5.1101e-10
838	0.99582	0.0041757	1.6733e-07	6.9462e-10
839	0.99562	0.004375	1.5641e-07	6.8271e-10
840	0.99636	0.0036438	1.4634e-07	5.1817e-10
841	0.99602	0.0039806	1.3365e-07	5.136e-10
842	0.99655	0.0034455	1.2159e-07	3.8579e-10
843	0.99799	0.0020087	1.1005e-07	1.6344e-10
844	0.99669	0.0033051	1.3565e-07	4.071e-10
845	0.99644	0.0035562	1.5865e-07	5.5229e-10
846	0.99471	0.0052901	1.8282e-07	9.7881e-10
847	0.99399	0.0060118	2.0853e-07	1.2674e-09
848	0.99453	0.0054724	2.3151e-07	1.3023e-09
849	0.99607	0.0039335	2.5628e-07	1.0374e-09
850	0.99631	0.0036945	2.7773e-07	1.0786e-09
851	0.99743	0.002571	3.0102e-07	8.2487e-10
852	0.9995	0.00050008	3.264e-07	1.8266e-10
853	0.99966	0.00033868	3.4818e-07	1.5156e-10
854	0.99974	0.00026115	3.7197e-07	1.6098e-10
855	0.99893	0.0010665	3.5574e-07	4.3163e-10
856	0.99726	0.0027382	3.3631e-07	1.0013e-09
857	0.99665	0.0033476	3.1434e-07	1.1726e-09
858	0.99688	0.0031189	2.9427e-07	1.0475e-09
859	0.99098	0.0090204	2.6932e-07	2.8503e-09
860	0.98685	0.01315	2.4671e-07	3.85e-09
861	0.98426	0.015741	2.2606e-07	4.259e-09
862	0.98306	0.016936	2.0709e-07	4.2277e-09
863	0.98326	0.016739	1.8977e-07	3.8484e-09
864	0.98487	0.015135	1.7389e-07	3.1974e-09
865	0.9879	0.0121	1.5908e-07	2.3402e-09
866	0.99263	0.0073701	1.4538e-07	1.2948e-09
867	0.99936	0.00063854	1.3267e-07	8.3108e-11
868	0.9981	0.001896	1.4461e-07	2.6554e-10
869	0.99782	0.0021771	1.5423e-07	3.2856e-10
870	0.99663	0.0033661	1.6137e-07	5.4697e-10
871	0.99648	0.003518	1.6635e-07	6.0961e-10
872	0.99721	0.002788	1.7208e-07	5.098e-10
873	0.99883	0.0011656	1.7847e-07	2.287e-10
874	0.99822	0.0017761	1.8499e-07	3.536e-10
875	0.99669	0.0033098	1.8884e-07	6.8312e-10
876	0.9961	0.0039044	1.9357e-07	8.2654e-10
877	0.99409	0.0059081	1.9551e-07	1.2879e-09
878	0.98861	0.011394	1.9741e-07	2.4959e-09
879	0.85249	0.14751	1.6739e-07	3.3139e-08
880	0.75798	0.24202	1.4365e-07	5.5143e-08
881	0.68492	0.31508	1.2598e-07	7.1563e-08
882	0.62859	0.37141	1.1288e-07	8.3824e-08
883	0.58455	0.41545	1.0298e-07	9.3122e-08
884	0.55098	0.44902	9.5793e-08	1.0001e-07
885	0.52519	0.47481	9.0538e-08	1.0512e-07
886	0.50617	0.49383	8.7007e-08	1.0877e-07
887	0.49267	0.50733	8.4895e-08	1.1124e-07
888	0.48382	0.51618	8.4e-08	1.1273e-07
889	0.4788	0.5212	8.408e-08	1.1335e-07
890	0.47756	0.52244	8.5231e-08	1.1314e-07
891	0.48004	0.51996	8.7485e-08	1.1206e-07
892	0.46975	0.53025	8.5967e-08	1.1269e-07
893	0.46539	0.53461	8.4319e-08	1.1137e-07
894	0.46451	0.53549	8.3642e-08	1.092e-07
895	0.46847	0.53153	8.2685e-08	1.0531e-07
896	0.47613	0.52387	8.2676e-08	1.0058e-07
897	0.49039	0.50961	8.249e-08	9.3961e-08
898	0.51315	0.48685	8.2168e-08	8.5395e-08
899	0.54355	0.45645	8.3169e-08	7.5769e-08
900	0.58282	0.41718	8.5457e-08	6.498e-08
901	0.59551	0.40449	8.3308e-08	5.8743e-08
902	0.61623	0.38377	8.0499e-08	5.1054e-08
903	0.64657	0.35343	7.6852e-08	4.2132e-08
904	0.68983	0.31017	7.2099e-08	3.2207e-08
905	0.7462	0.2538	6.7897e-08	2.2084e-08
906	0.82784	0.17216	6.1854e-08	1.1572e-08
907	0.85858	0.14142	5.0484e-08	6.6709e-09
908	0.87086	0.12914	5.9976e-08	7.8522e-09
909	0.88791	0.11209	7.0244e-08	8.3419e-09
910	0.91041	0.089588	8.1486e-08	7.911e-09
911	0.83405	0.16595	8.7429e-08	1.6644e-08
912	0.77949	0.22051	9.1729e-08	2.4817e-08
913	0.74081	0.25919	9.4865e-08	3.2005e-08
914	0.7109	0.2891	9.8854e-08	3.854e-08
915	0.69126	0.30874	1.0195e-07	4.3777e-08
916	0.67928	0.32072	1.0419e-07	4.7697e-08
917	0.67145	0.32855	1.073e-07	5.0904e-08
918	0.66864	0.33136	1.0953e-07	5.2896e-08
919	0.66951	0.33049	1.1281e-07	5.4128e-08
920	0.67571	0.32429	1.1532e-07	5.3963e-08
921	0.66958	0.33042	1.145e-07	5.5398e-08
922	0.66726	0.33274	1.1479e-07	5.6013e-08
923	0.67014	0.32986	1.1428e-07	5.5256e-08
924	0.67806	0.32194	1.1298e-07	5.3203e-08
925	0.69013	0.30987	1.1266e-07	5.0329e-08
926	0.7099	0.2901	1.1168e-07	4.5946e-08
927	0.73607	0.26393	1.1187e-07	4.0573e-08
928	0.77363	0.22637	1.1152e-07	3.3614e-08
929	0.82272	0.17728	1.1283e-07	2.5331e-08
930	0.8865	0.1135	1.1607e-07	1.5445e-08
931	0.91425	0.085754	1.1154e-07	1.1069e-08
932	0.95065	0.049347	1.0805e-07	6.0172e-09
933	0.99725	0.002745	1.0542e-07	3.1784e-10
934	0.99671	0.0032909	9.7245e-08	3.3984e-10
935	0.99703	0.002974	8.9412e-08	2.6868e-10
936	0.99844	0.0015626	7.9436e-08	1.1674e-10
937	0.99745	0.0025501	6.71e-08	1.5484e-10
938	0.98779	0.012212	5.4643e-08	5.6098e-10
939	0.98137	0.018632	4.0423e-08	5.9004e-10
940	0.92927	0.07073	4.5284e-08	3.6909e-09
941	0.88924	0.11076	4.9928e-08	6.8416e-09
942	0.85813	0.14187	5.4418e-08	9.9175e-09
943	0.8342	0.1658	5.8896e-08	1.2808e-08
944	0.818	0.182	6.1918e-08	1.5194e-08
945	0.80777	0.19223	6.3588e-08	1.6988e-08
946	0.8014	0.1986	6.5528e-08	1.8382e-08
