#coord	neutral	conserved	gBGC.neutral	gBGC.conserved
1	0.9416	0.058339	5.8979e-05	3.7017e-06
2	0.95257	0.047364	5.8197e-05	2.9291e-06
3	0.96729	0.032653	5.7666e-05	1.9544e-06
4	0.98921	0.010729	5.747e-05	6.1275e-07
5	0.99887	0.0010729	5.6364e-05	6.095e-08
6	0.99888	0.0010645	5.4675e-05	6.064e-08
7	0.99829	0.0016604	5.3011e-05	9.3242e-08
8	0.99657	0.0033769	5.134e-05	1.8416e-07
9	0.99579	0.0041615	4.9774e-05	2.2081e-07
10	0.99593	0.0040254	4.8308e-05	2.0842e-07
11	0.99462	0.0053378	4.6819e-05	2.6656e-07
12	0.99428	0.0056762	4.5426e-05	2.745e-07
13	0.99225	0.0077009	4.3924e-05	3.6079e-07
14	0.99141	0.0085501	4.253e-05	3.8825e-07
15	0.99198	0.0079816	4.1168e-05	3.5475e-07
16	0.9937	0.0062595	3.99e-05	2.7428e-07
17	0.9935	0.0064562	3.8597e-05	2.7537e-07
18	0.9943	0.0056605	3.7374e-05	2.3669e-07
19	0.99618	0.0037801	3.6234e-05	1.5827e-07
20	0.99663	0.0033374	3.5009e-05	1.3998e-07
21	0.99796	0.0020097	3.3854e-05	9.0978e-08
22	0.99599	0.0039791	3.2126e-05	1.5009e-07
23	0.99501	0.0049583	3.0488e-05	1.7094e-07
24	0.99497	0.0050023	2.8931e-05	1.6031e-07
25	0.99586	0.0041136	2.7449e-05	1.2267e-07
26	0.99797	0.0020024	2.5969e-05	5.5692e-08
27	0.99716	0.0028109	2.4376e-05	7.1666e-08
28	0.99732	0.0026598	2.2779e-05	6.3399e-08
29	0.99829	0.001693	2.1248e-05	3.7726e-08
30	0.99854	0.0014402	1.9763e-05	2.9428e-08
31	0.99825	0.0017337	1.8239e-05	3.2505e-08
32	0.99703	0.0029513	1.6746e-05	5.0137e-08
33	0.99667	0.0033148	1.5315e-05	5.0832e-08
34	0.99714	0.0028444	1.394e-05	3.8655e-08
35	0.99667	0.0033202	1.2523e-05	3.9742e-08
36	0.99703	0.0029619	1.1159e-05	3.0136e-08
37	0.99645	0.0035423	9.746e-06	3.0244e-08
38	0.99675	0.0032438	8.3871e-06	2.1525e-08
39	0.996	0.0039979	6.996e-06	1.9672e-08
40	0.99358	0.0064102	6.7993e-06	3.7303e-08
41	0.99235	0.0076406	6.6178e-06	4.5904e-08
42	0.99218	0.0078138	6.4491e-06	4.7059e-08
43	0.99305	0.0069395	6.2923e-06	4.143e-08
44	0.99503	0.0049685	6.1471e-06	2.924e-08
45	0.9982	0.0017904	6.0135e-06	1.0299e-08
46	0.99788	0.0021097	5.8641e-06	1.1907e-08
47	0.99834	0.0016508	5.7246e-06	8.8865e-09
48	0.99807	0.0019197	5.5861e-06	9.7739e-09
49	0.99683	0.0031691	5.4473e-06	1.5262e-08
50	0.99369	0.0062999	5.293e-06	2.9173e-08
51	0.96673	0.033266	5.0383e-06	1.4754e-07
52	0.94781	0.052189	4.8187e-06	2.2405e-07
53	0.93345	0.066542	4.6289e-06	2.7462e-07
54	0.92403	0.075967	4.4564e-06	3.0105e-07
55	0.91851	0.081489	4.2957e-06	3.089e-07
56	0.91629	0.083707	4.1431e-06	3.018e-07
57	0.91652	0.083479	4.0059e-06	2.839e-07
58	0.8881	0.1119	3.7795e-06	3.61e-07
59	0.82064	0.17936	3.435e-06	5.4963e-07
60	0.77255	0.22745	3.1625e-06	6.5985e-07
61	0.73859	0.26141	2.9397e-06	7.1388e-07
62	0.71249	0.28751	2.7542e-06	7.339e-07
63	0.69564	0.30436	2.5954e-06	7.2068e-07
64	0.65071	0.34929	2.5015e-06	9.4374e-07
65	0.61914	0.38086	2.4448e-06	1.1239e-06
66	0.59548	0.40452	2.4173e-06	1.2774e-06
67	0.58056	0.41944	2.4157e-06	1.399e-06
68	0.57054	0.42945	2.4348e-06	1.5025e-06
69	0.5645	0.43549	2.4714e-06	1.5906e-06
70	0.5621	0.43789	2.5249e-06	1.6639e-06
71	0.56458	0.43542	2.5944e-06	1.7156e-06
72	0.57219	0.42781	2.6821e-06	1.7435e-06
73	0.58398	0.41602	2.7925e-06	1.7509e-06
74	0.60353	0.39646	2.9342e-06	1.7211e-06
75	0.63	0.37	3.1148e-06	1.6551e-06
76	0.66444	0.33556	3.3422e-06	1.5449e-06
77	0.715	0.28499	3.6453e-06	1.3527e-06
78	0.70918	0.29081	3.6923e-06	1.42e-06
79	0.68701	0.31299	3.6568e-06	1.5739e-06
80	0.67054	0.32945	3.651e-06	1.7009e-06
81	0.65885	0.34114	3.6715e-06	1.8046e-06
82	0.65129	0.3487	3.7159e-06	1.8874e-06
83	0.64925	0.35074	3.7841e-06	1.94e-06
84	0.65066	0.34934	3.8757e-06	1.9723e-06
85	0.65751	0.34248	3.9942e-06	1.9713e-06
86	0.67072	0.32927	4.1467e-06	1.9299e-06
87	0.6912	0.3088	4.3402e-06	1.8414e-06
88	0.71824	0.28175	4.584e-06	1.7057e-06
89	0.7584	0.24159	4.9081e-06	1.4832e-06
90	0.815	0.185	5.3356e-06	1.1509e-06
91	0.83773	0.16226	5.5497e-06	1.0251e-06
92	0.86793	0.13206	5.8226e-06	8.4453e-07
93	0.91223	0.087759	6.1839e-06	5.6864e-07
94	0.90446	0.095532	6.2007e-06	6.3052e-07
95	0.88067	0.11932	6.1105e-06	8.0316e-07
96	0.86443	0.13557	6.0615e-06	9.2785e-07
97	0.85255	0.14744	6.0461e-06	1.0226e-06
98	0.84559	0.15441	6.0569e-06	1.0846e-06
99	0.84277	0.15722	6.0899e-06	1.1179e-06
100	0.84299	0.157	6.1496e-06	1.1286e-06
101	0.8475	0.15249	6.2334e-06	1.1082e-06
102	0.8569	0.14309	6.3458e-06	1.0523e-06
103	0.8705	0.1295	6.4957e-06	9.6325e-07
104	0.8908	0.10919	6.6886e-06	8.2439e-07
105	0.91782	0.082172	6.9402e-06	6.3116e-07
106	0.95267	0.047324	7.2611e-06	3.7261e-07
107	0.96634	0.033651	7.4306e-06	2.7005e-07
108	0.98432	0.01567	7.6416e-06	1.3013e-07
109	0.99134	0.0086473	7.7725e-06	7.459e-08
110	0.9859	0.014096	7.7928e-06	1.2214e-07
111	0.98222	0.017777	7.8321e-06	1.5511e-07
112	0.97282	0.027172	7.799e-06	2.4077e-07
113	0.96618	0.033808	7.7946e-06	3.0249e-07
114	0.96176	0.038236	7.8135e-06	3.4518e-07
115	0.91368	0.086308	7.45e-06	7.746e-07
116	0.88073	0.11926	7.2034e-06	1.0798e-06
117	0.85854	0.14145	7.0405e-06	1.2942e-06
118	0.84215	0.15784	6.9345e-06	1.4561e-06
119	0.83217	0.16782	6.8766e-06	1.5629e-06
120	0.82729	0.17271	6.8563e-06	1.6252e-06
121	0.82543	0.17456	6.8674e-06	1.6599e-06
122	0.8265	0.1735	6.909e-06	1.668e-06
123	0.83055	0.16945	6.9819e-06	1.6487e-06
124	0.82537	0.17462	6.9627e-06	1.7144e-06
125	0.82325	0.17674	6.976e-06	1.7517e-06
126	0.82407	0.17592	7.0207e-06	1.7614e-06
127	0.82787	0.17212	7.0975e-06	1.7431e-06
128	0.83658	0.16341	7.2115e-06	1.6806e-06
129	0.85074	0.14925	7.3674e-06	1.5693e-06
130	0.87018	0.12981	7.5786e-06	1.4075e-06
131	0.87684	0.12315	7.6657e-06	1.3624e-06
132	0.88683	0.11316	7.7894e-06	1.2851e-06
133	0.9007	0.099292	7.9556e-06	1.1696e-06
134	0.9212	0.078789	8.1755e-06	9.9336e-07
135	0.94837	0.051619	8.4666e-06	7.5095e-07
136	0.95843	0.041559	8.6035e-06	6.6734e-07
137	0.96081	0.039178	8.4049e-06	6.0077e-07
138	0.96528	0.034712	8.2381e-06	5.1112e-07
139	0.96504	0.034955	7.9989e-06	4.8505e-07
140	0.96658	0.033411	7.7864e-06	4.4102e-07
141	0.97001	0.029981	7.6005e-06	3.7874e-07
142	0.97555	0.024441	7.4424e-06	2.9667e-07
143	0.98356	0.016436	7.3148e-06	1.92e-07
144	0.99435	0.0056431	7.2185e-06	6.2881e-08
145	0.99922	0.00077525	7.0388e-06	8.2923e-09
146	0.99981	0.00018522	6.8188e-06	1.7116e-09
147	0.99974	0.00024913	6.5987e-06	1.6979e-09
148	0.99867	0.0013208	6.7552e-06	1.3289e-08
149	0.99845	0.001546	6.9105e-06	1.8581e-08
150	0.9792	0.020789	6.6882e-06	1.577e-07
151	0.96447	0.035526	6.5064e-06	2.6031e-07
152	0.95341	0.046584	6.3572e-06	3.3402e-07
153	0.94633	0.053665	6.2296e-06	3.7951e-07
154	0.94186	0.058137	6.1256e-06	4.0557e-07
155	0.94049	0.059507	6.0354e-06	4.1071e-07
156	0.94127	0.058724	5.9643e-06	4.0105e-07
157	0.94425	0.055739	5.9119e-06	3.7678e-07
158	0.94181	0.058182	5.8167e-06	3.8835e-07
159	0.94154	0.058458	5.7401e-06	3.8538e-07
160	0.94341	0.056586	5.6813e-06	3.6852e-07
161	0.94741	0.05258	5.6393e-06	3.3831e-07
162	0.95394	0.046059	5.6166e-06	2.926e-07
163	0.9632	0.036792	5.6138e-06	2.3024e-07
164	0.95901	0.040981	5.5213e-06	2.5103e-07
165	0.916	0.083996	5.1981e-06	4.9603e-07
166	0.88555	0.11444	4.9451e-06	6.6436e-07
167	0.86254	0.13745	4.7446e-06	7.8371e-07
168	0.80725	0.19275	4.3603e-06	1.0805e-06
169	0.76481	0.23519	4.0625e-06	1.2941e-06
170	0.73248	0.26751	3.831e-06	1.4445e-06
171	0.71105	0.28894	3.6547e-06	1.5335e-06
172	0.69554	0.30445	3.5166e-06	1.5872e-06
173	0.68621	0.31378	3.4067e-06	1.6069e-06
174	0.68205	0.31794	3.3187e-06	1.5988e-06
175	0.68158	0.31842	3.2529e-06	1.5714e-06
176	0.66862	0.33138	3.1218e-06	1.6031e-06
177	0.66022	0.33978	3.0182e-06	1.6102e-06
178	0.65584	0.34416	2.9377e-06	1.5967e-06
179	0.6552	0.3448	2.8777e-06	1.5652e-06
180	0.65801	0.34199	2.8356e-06	1.5179e-06
181	0.61519	0.38481	2.5959e-06	1.6626e-06
182	0.58518	0.41482	2.4112e-06	1.7466e-06
183	0.56277	0.43723	2.2665e-06	1.7929e-06
184	0.50726	0.49274	1.9915e-06	1.9639e-06
185	0.46459	0.5354	1.7808e-06	2.0725e-06
186	0.43463	0.56537	1.6211e-06	2.125e-06
187	0.41167	0.58833	1.4954e-06	2.1449e-06
188	0.39444	0.60556	1.3963e-06	2.1394e-06
189	0.38428	0.61572	1.321e-06	2.1049e-06
190	0.37791	0.62209	1.262e-06	2.0552e-06
191	0.3768	0.6232	1.2179e-06	1.9855e-06
192	0.3792	0.6208	1.1868e-06	1.9042e-06
193	0.38701	0.61299	1.1684e-06	1.8052e-06
194	0.40125	0.59875	1.1637e-06	1.6873e-06
195	0.42381	0.57619	1.175e-06	1.5481e-06
196	0.45645	0.54354	1.2032e-06	1.387e-06
197	0.49843	0.50157	1.2487e-06	1.2099e-06
198	0.55209	0.44791	1.314e-06	1.0144e-06
199	0.62044	0.37955	1.4023e-06	7.9727e-07
200	0.64854	0.35146	1.5043e-06	8.2087e-07
201	0.68567	0.31433	1.6307e-06	8.2202e-07
202	0.73424	0.26575	1.7893e-06	7.9293e-07
203	0.75109	0.24891	1.8043e-06	7.233e-07
204	0.77365	0.22635	1.8345e-06	6.3909e-07
205	0.78026	0.21974	1.8127e-06	6.0175e-07
206	0.7906	0.2094	1.8008e-06	5.5526e-07
207	0.80707	0.19293	1.7981e-06	4.9442e-07
208	0.8295	0.1705	1.8096e-06	4.2033e-07
209	0.82219	0.17781	1.7488e-06	4.1965e-07
210	0.81813	0.18187	1.6966e-06	4.1104e-07
211	0.75723	0.24277	1.5422e-06	5.0639e-07
212	0.70956	0.29044	1.42e-06	5.7005e-07
213	0.67246	0.32754	1.3224e-06	6.0928e-07
214	0.64384	0.35616	1.244e-06	6.2957e-07
215	0.62441	0.37558	1.1795e-06	6.312e-07
216	0.61026	0.38974	1.1263e-06	6.2157e-07
217	0.60059	0.39941	1.0823e-06	6.0275e-07
218	0.59627	0.40373	1.0441e-06	5.7345e-07
219	0.59575	0.40425	1.0131e-06	5.3722e-07
220	0.59899	0.40101	9.8867e-07	4.9453e-07
221	0.58835	0.41164	9.4098e-07	4.6889e-07
222	0.55562	0.44438	9.5751e-07	5.8566e-07
223	0.53052	0.46948	9.8158e-07	6.9599e-07
224	0.51378	0.48622	1.012e-06	7.9482e-07
225	0.50187	0.49813	1.0499e-06	8.8725e-07
226	0.46388	0.53612	1.0285e-06	1.0401e-06
227	0.43838	0.56162	1.0231e-06	1.1717e-06
228	0.42125	0.57875	1.029e-06	1.287e-06
229	0.41062	0.58938	1.0448e-06	1.3876e-06
230	0.40417	0.59583	1.0709e-06	1.479e-06
231	0.40121	0.59879	1.1065e-06	1.5618e-06
232	0.40342	0.59658	1.1529e-06	1.6288e-06
233	0.40935	0.59065	1.2121e-06	1.6843e-06
234	0.41907	0.58093	1.2855e-06	1.7266e-06
235	0.43348	0.56652	1.3777e-06	1.7517e-06
236	0.45545	0.54455	1.4936e-06	1.748e-06
237	0.48479	0.5152	1.6414e-06	1.714e-06
238	0.49371	0.50629	1.7222e-06	1.7419e-06
239	0.50729	0.49271	1.8239e-06	1.7507e-06
240	0.52916	0.47083	1.9542e-06	1.7255e-06
241	0.56103	0.43897	2.1212e-06	1.6582e-06
242	0.60289	0.3971	2.3361e-06	1.545e-06
243	0.65649	0.3435	2.6098e-06	1.3749e-06
244	0.72484	0.27516	2.9599e-06	1.1302e-06
245	0.82355	0.17645	3.442e-06	7.4769e-07
246	0.951	0.048994	4.0766e-06	2.1549e-07
247	0.99708	0.0029159	4.3843e-06	1.3857e-08
248	0.99857	0.0014205	4.5007e-06	7.2727e-09
249	0.99451	0.005488	4.5931e-06	2.8027e-08
250	0.96138	0.038616	4.5399e-06	1.9825e-07
251	0.93611	0.063889	4.5248e-06	3.3433e-07
252	0.9167	0.083297	4.5387e-06	4.4484e-07
253	0.90357	0.096426	4.5739e-06	5.2745e-07
254	0.89435	0.10564	4.6321e-06	5.9115e-07
255	0.88846	0.11154	4.7109e-06	6.3822e-07
256	0.8259	0.17409	4.4554e-06	1.0131e-06
257	0.77778	0.22221	4.2761e-06	1.3156e-06
258	0.74098	0.25902	4.1579e-06	1.561e-06
259	0.71258	0.28742	4.0855e-06	1.7639e-06
260	0.69099	0.30901	4.0515e-06	1.9318e-06
261	0.67689	0.32311	4.0513e-06	2.0596e-06
262	0.66874	0.33126	4.0791e-06	2.1533e-06
263	0.66432	0.33568	4.1327e-06	2.2244e-06
264	0.66467	0.33532	4.2105e-06	2.2651e-06
265	0.66874	0.33125	4.3175e-06	2.2804e-06
266	0.67801	0.32198	4.4544e-06	2.2596e-06
267	0.69164	0.30835	4.6278e-06	2.2058e-06
268	0.69267	0.30732	4.7093e-06	2.2371e-06
269	0.6798	0.32019	4.6955e-06	2.3674e-06
270	0.67119	0.32881	4.714e-06	2.4689e-06
271	0.6666	0.33339	4.7648e-06	2.5421e-06
272	0.64637	0.35362	4.6912e-06	2.7335e-06
273	0.63338	0.36661	4.6613e-06	2.8749e-06
274	0.62471	0.37529	4.6663e-06	2.985e-06
275	0.62173	0.37826	4.7074e-06	3.0523e-06
276	0.62406	0.37594	4.7836e-06	3.0781e-06
277	0.63026	0.36973	4.8959e-06	3.0718e-06
278	0.62428	0.37571	4.9037e-06	3.1634e-06
279	0.62192	0.37807	4.9445e-06	3.2257e-06
280	0.62303	0.37696	5.018e-06	3.2587e-06
281	0.62795	0.37204	5.1288e-06	3.2587e-06
282	0.63699	0.363	5.2814e-06	3.2213e-06
283	0.65073	0.34926	5.4833e-06	3.139e-06
284	0.67191	0.32808	5.7478e-06	2.9877e-06
285	0.69984	0.30015	6.0851e-06	2.7676e-06
286	0.70921	0.29078	6.2494e-06	2.7136e-06
287	0.72545	0.27454	6.4709e-06	2.5954e-06
288	0.75069	0.2493	6.7699e-06	2.3926e-06
289	0.71411	0.28588	6.4803e-06	2.7714e-06
290	0.6859	0.31409	6.2724e-06	3.0726e-06
291	0.66493	0.33506	6.1362e-06	3.3068e-06
292	0.64946	0.35053	6.0551e-06	3.4901e-06
293	0.64081	0.35918	6.0296e-06	3.6109e-06
294	0.63623	0.36376	6.0482e-06	3.6923e-06
295	0.63697	0.36302	6.1115e-06	3.7221e-06
296	0.64147	0.35852	6.2183e-06	3.7132e-06
297	0.64976	0.35023	6.3695e-06	3.6641e-06
298	0.66407	0.33592	6.5769e-06	3.5523e-06
299	0.68367	0.31632	6.848e-06	3.3809e-06
300	0.71017	0.28982	7.2041e-06	3.1298e-06
301	0.74463	0.25536	7.6604e-06	2.7832e-06
302	0.79516	0.20483	8.2873e-06	2.2586e-06
303	0.8608	0.13919	9.1057e-06	1.5482e-06
304	0.88833	0.11166	9.4986e-06	1.2559e-06
305	0.92452	0.075473	1.0006e-05	8.557e-07
306	0.97541	0.02458	1.0674e-05	2.8619e-07
307	0.96744	0.032549	1.0688e-05	3.7785e-07
308	0.96188	0.038107	1.0733e-05	4.4294e-07
309	0.95925	0.040742	1.0802e-05	4.7675e-07
310	0.95001	0.04998	1.0785e-05	5.887e-07
311	0.9437	0.056289	1.0808e-05	6.669e-07
312	0.9405	0.059492	1.0858e-05	7.108e-07
313	0.9394	0.060592	1.0939e-05	7.2954e-07
314	0.94124	0.058747	1.1045e-05	7.1423e-07
315	0.94538	0.054608	1.1188e-05	6.7e-07
316	0.95208	0.047908	1.137e-05	5.925e-07
317	0.96307	0.036914	1.1596e-05	4.6231e-07
318	0.97774	0.022247	1.1879e-05	2.823e-07
319	0.97748	0.022505	1.1968e-05	2.8794e-07
320	0.97876	0.021231	1.2084e-05	2.7373e-07
321	0.98203	0.017957	1.2216e-05	2.3459e-07
322	0.98717	0.012815	1.2382e-05	1.7002e-07
323	0.98856	0.011425	1.2507e-05	1.5277e-07
324	0.99126	0.0087285	1.2656e-05	1.1754e-07
325	0.99149	0.0084944	1.2782e-05	1.143e-07
326	0.9932	0.0067879	1.2917e-05	9.1905e-08
327	0.99647	0.0035162	1.3066e-05	4.8724e-08
328	0.99548	0.0045033	1.3165e-05	6.238e-08
329	0.99545	0.0045412	1.3284e-05	6.3094e-08
330	0.99632	0.0036688	1.3424e-05	5.1063e-08
331	0.99584	0.0041496	1.3553e-05	5.732e-08
332	0.99648	0.0035073	1.3688e-05	4.8499e-08
333	0.99825	0.0017364	1.383e-05	2.411e-08
334	0.99731	0.0026771	1.3943e-05	3.6988e-08
335	0.99738	0.0026078	1.4061e-05	3.6182e-08
336	0.99652	0.0034643	1.4156e-05	4.8599e-08
337	0.99668	0.0033051	1.4258e-05	4.697e-08
338	0.99773	0.0022574	1.4381e-05	3.218e-08
339	0.99991	7.7621e-05	1.4511e-05	1.1317e-09
340	0.99828	0.0017009	1.4597e-05	2.4763e-08
341	0.99764	0.0023454	1.4689e-05	3.4592e-08
342	0.99777	0.0022134	1.4799e-05	3.2764e-08
343	0.99412	0.0058677	1.4844e-05	8.7888e-08
344	0.99183	0.0081529	1.4917e-05	1.2243e-07
345	0.99108	0.0089027	1.5003e-05	1.3475e-07
346	0.99177	0.0082163	1.5102e-05	1.2583e-07
347	0.99028	0.0097013	1.5175e-05	1.4967e-07
348	0.98994	0.010044	1.5273e-05	1.5558e-07
349	0.991	0.0089834	1.5384e-05	1.402e-07
350	0.99358	0.0064039	1.551e-05	1.0151e-07
351	0.99753	0.0024504	1.5666e-05	4.0005e-08
352	0.99927	0.00071908	1.5797e-05	1.2448e-08
353	0.99909	0.00088943	1.5906e-05	1.5774e-08
354	0.99966	0.0003271	1.6018e-05	7.3609e-09
355	0.99929	0.00069903	1.5927e-05	1.2999e-08
356	0.99843	0.0015567	1.5836e-05	2.6888e-08
357	0.99832	0.0016606	1.5765e-05	2.8282e-08
358	0.99742	0.0025638	1.569e-05	4.261e-08
359	0.99732	0.0026617	1.5635e-05	4.3758e-08
360	0.99802	0.00196	1.5601e-05	3.1942e-08
361	0.99798	0.0020028	1.5545e-05	3.2495e-08
362	0.99705	0.0029331	1.5484e-05	4.6893e-08
363	0.99698	0.003006	1.5444e-05	4.7503e-08
364	0.99789	0.0020959	1.5411e-05	3.311e-08
365	0.99968	0.00030276	1.5399e-05	4.7152e-09
366	0.99992	6.7062e-05	1.5354e-05	1.0528e-09
367	0.9994	0.00058621	1.5306e-05	8.9924e-09
368	0.99509	0.004897	1.5208e-05	7.3857e-08
369	0.99251	0.00747	1.5128e-05	1.1274e-07
370	0.9914	0.0085848	1.5061e-05	1.2976e-07
371	0.99162	0.0083627	1.5006e-05	1.2686e-07
372	0.99298	0.0070028	1.4977e-05	1.0628e-07
373	0.99557	0.0044171	1.4974e-05	6.6717e-08
374	0.99643	0.0035577	1.4935e-05	5.3814e-08
375	0.99828	0.0017048	1.492e-05	2.5662e-08
376	0.99902	0.00096108	1.4879e-05	1.4592e-08
377	0.99912	0.00086862	1.4837e-05	1.3148e-08
378	0.99985	0.00013448	1.4811e-05	1.9883e-09
379	0.99937	0.00061479	1.4758e-05	8.9951e-09
380	0.99849	0.0014961	1.4691e-05	2.1989e-08
381	0.99834	0.0016473	1.4642e-05	2.3957e-08
382	0.99907	0.00091594	1.4596e-05	1.3253e-08
383	0.99938	0.00060337	1.4536e-05	8.8198e-09
384	0.9994	0.00058419	1.4479e-05	8.5197e-09
385	0.99924	0.00074303	1.441e-05	1.0964e-08
386	0.99863	0.0013562	1.4342e-05	1.9934e-08
387	0.99872	0.0012703	1.429e-05	1.8584e-08
388	0.9982	0.0017825	1.4237e-05	2.5705e-08
389	0.99854	0.0014485	1.4188e-05	2.0918e-08
390	0.99964	0.00034235	1.4157e-05	4.9282e-09
391	0.99822	0.0017666	1.4078e-05	2.5474e-08
392	0.99761	0.0023789	1.4018e-05	3.4091e-08
393	0.99795	0.0020319	1.3963e-05	2.9387e-08
394	0.99744	0.0025414	1.3902e-05	3.6716e-08
395	0.99775	0.0022392	1.386e-05	3.2341e-08
396	0.99888	0.001106	1.3837e-05	1.6068e-08
397	0.99808	0.0019039	1.3779e-05	2.7583e-08
398	0.99804	0.001948	1.3738e-05	2.8294e-08
399	0.99712	0.0028626	1.3691e-05	4.1199e-08
400	0.99446	0.0055286	1.3627e-05	7.8357e-08
401	0.99293	0.007052	1.3586e-05	9.9096e-08
402	0.9927	0.0072837	1.3554e-05	1.0235e-07
403	0.99374	0.0062488	1.3531e-05	8.8583e-08
404	0.99299	0.0070008	1.3491e-05	9.9279e-08
405	0.99329	0.0066969	1.3473e-05	9.4979e-08
406	0.99183	0.0081573	1.3424e-05	1.1554e-07
407	0.98706	0.012926	1.3336e-05	1.8146e-07
408	0.98401	0.015977	1.3279e-05	2.2277e-07
409	0.97379	0.026197	1.3115e-05	3.6355e-07
410	0.96648	0.033506	1.3e-05	4.6239e-07
411	0.96215	0.037836	1.2917e-05	5.215e-07
412	0.95987	0.040115	1.287e-05	5.515e-07
413	0.95993	0.040053	1.2845e-05	5.5047e-07
414	0.96234	0.037643	1.2844e-05	5.1859e-07
415	0.96682	0.033168	1.2878e-05	4.5805e-07
416	0.97365	0.026337	1.2953e-05	3.6467e-07
417	0.9755	0.024483	1.295e-05	3.3985e-07
418	0.97911	0.020872	1.2978e-05	2.9062e-07
419	0.97931	0.020674	1.2951e-05	2.8851e-07
420	0.98094	0.019046	1.295e-05	2.6653e-07
421	0.97901	0.020976	1.2907e-05	2.9241e-07
422	0.97861	0.021379	1.2892e-05	2.9698e-07
423	0.97971	0.020281	1.2905e-05	2.8065e-07
424	0.98238	0.01761	1.2947e-05	2.4228e-07
425	0.98744	0.012545	1.3012e-05	1.722e-07
426	0.99529	0.004699	1.3106e-05	6.5684e-08
427	0.99544	0.004545	1.311e-05	6.2865e-08
428	0.9968	0.0031882	1.3122e-05	4.4258e-08
429	0.99918	0.00081124	1.3153e-05	1.1554e-08
430	0.99785	0.0021395	1.3126e-05	3.0111e-08
431	0.98658	0.013402	1.2969e-05	1.8514e-07
432	0.97818	0.021809	1.2858e-05	2.9971e-07
433	0.97228	0.027702	1.279e-05	3.7913e-07
434	0.96919	0.030802	1.2749e-05	4.2211e-07
435	0.96847	0.031518	1.2732e-05	4.3382e-07
436	0.96221	0.037773	1.2646e-05	5.2e-07
437	0.9464	0.053587	1.2443e-05	7.3293e-07
438	0.93578	0.064204	1.23e-05	8.781e-07
439	0.92921	0.070776	1.2203e-05	9.699e-07
440	0.92533	0.074655	1.215e-05	1.0238e-06
441	0.92475	0.075234	1.2132e-05	1.0345e-06
442	0.8223	0.17768	1.0646e-05	2.4912e-06
443	0.74166	0.25832	9.4926e-06	3.6206e-06
444	0.67942	0.32057	8.6159e-06	4.479e-06
445	0.63517	0.36482	7.9761e-06	5.0937e-06
446	0.6008	0.39919	7.4851e-06	5.5644e-06
447	0.57706	0.42292	7.1314e-06	5.8911e-06
448	0.55973	0.44026	6.8742e-06	6.1264e-06
449	0.54966	0.45032	6.7077e-06	6.2642e-06
450	0.54385	0.45613	6.6048e-06	6.3434e-06
451	0.54193	0.45806	6.5589e-06	6.3705e-06
452	0.54375	0.45623	6.5673e-06	6.3482e-06
453	0.54918	0.4508	6.627e-06	6.2789e-06
454	0.55882	0.44117	6.7467e-06	6.1545e-06
455	0.57329	0.4267	6.9351e-06	5.9663e-06
456	0.59545	0.40453	7.2142e-06	5.681e-06
457	0.60063	0.39936	7.2812e-06	5.6136e-06
458	0.60997	0.39001	7.4089e-06	5.4907e-06
459	0.62375	0.37624	7.6011e-06	5.3078e-06
460	0.62383	0.37616	7.6183e-06	5.3048e-06
461	0.6293	0.37069	7.6983e-06	5.2319e-06
462	0.64028	0.3597	7.8428e-06	5.0878e-06
463	0.63723	0.36275	7.8081e-06	5.1276e-06
464	0.63946	0.36053	7.8345e-06	5.0992e-06
465	0.64527	0.35472	7.9137e-06	5.0228e-06
466	0.63717	0.36281	7.8154e-06	5.1285e-06
467	0.63284	0.36715	7.7718e-06	5.1841e-06
468	0.63334	0.36664	7.7839e-06	5.1773e-06
469	0.63874	0.36125	7.8527e-06	5.1072e-06
470	0.6483	0.35168	7.9828e-06	4.9809e-06
471	0.66492	0.33506	8.1967e-06	4.7639e-06
472	0.6675	0.33248	8.2347e-06	4.7299e-06
473	0.67392	0.32606	8.3302e-06	4.6439e-06
474	0.6843	0.31569	8.4849e-06	4.5033e-06
475	0.70188	0.29811	8.7271e-06	4.2681e-06
476	0.70401	0.29597	8.7683e-06	4.2388e-06
477	0.70962	0.29036	8.8623e-06	4.1617e-06
478	0.72116	0.27883	9.0272e-06	4.0062e-06
479	0.73775	0.26224	9.2689e-06	3.7797e-06
480	0.76047	0.23952	9.6041e-06	3.4654e-06
481	0.79021	0.20978	1.0047e-05	3.0482e-06
482	0.82865	0.17134	1.0626e-05	2.5012e-06
483	0.87794	0.12204	1.1375e-05	1.7888e-06
484	0.89521	0.10478	1.1672e-05	1.5355e-06
485	0.9203	0.079684	1.2073e-05	1.171e-06
486	0.92929	0.070693	1.2248e-05	1.0377e-06
487	0.93093	0.069053	1.2309e-05	1.0113e-06
488	0.93562	0.06437	1.2403e-05	9.4333e-07
489	0.94288	0.057103	1.2542e-05	8.3712e-07
490	0.93337	0.066614	1.2438e-05	9.6638e-07
491	0.92697	0.073019	1.2383e-05	1.0522e-06
492	0.9231	0.076882	1.237e-05	1.1025e-06
493	0.92157	0.078419	1.2396e-05	1.1202e-06
494	0.92301	0.076978	1.2454e-05	1.0977e-06
495	0.92758	0.072402	1.2547e-05	1.0322e-06
496	0.92514	0.074845	1.2551e-05	1.0635e-06
497	0.92565	0.074341	1.2586e-05	1.0551e-06
498	0.92852	0.071462	1.2663e-05	1.0122e-06
499	0.935	0.064983	1.278e-05	9.197e-07
500	0.94594	0.054046	1.2951e-05	7.658e-07
501	0.96065	0.039339	1.3185e-05	5.5577e-07
502	0.95902	0.040962	1.3177e-05	5.7763e-07
503	0.95929	0.040693	1.3204e-05	5.723e-07
504	0.96215	0.037834	1.3258e-05	5.3166e-07
505	0.96044	0.039542	1.324e-05	5.5548e-07
506	0.95209	0.047892	1.3115e-05	6.7379e-07
507	0.9465	0.053482	1.3037e-05	7.5184e-07
508	0.94318	0.056804	1.2998e-05	7.9719e-07
509	0.94281	0.057173	1.2991e-05	8.0253e-07
510	0.94511	0.054878	1.3012e-05	7.718e-07
511	0.92758	0.072402	1.2767e-05	1.0151e-06
512	0.91444	0.085546	1.2591e-05	1.1951e-06
513	0.90608	0.09391	1.2472e-05	1.3109e-06
514	0.90158	0.098404	1.2397e-05	1.374e-06
515	0.8998	0.10019	1.2369e-05	1.3981e-06
516	0.90128	0.098708	1.2377e-05	1.3779e-06
517	0.90545	0.09454	1.243e-05	1.3191e-06
518	0.91382	0.086167	1.2531e-05	1.2038e-06
519	0.92698	0.073005	1.2689e-05	1.0252e-06
520	0.93037	0.069616	1.272e-05	9.7865e-07
521	0.93744	0.062546	1.2793e-05	8.8307e-07
522	0.94772	0.052268	1.2918e-05	7.4203e-07
523	0.95012	0.049865	1.2942e-05	7.0848e-07
524	0.95477	0.04522	1.3005e-05	6.4262e-07
525	0.96179	0.038193	1.311e-05	5.4209e-07
526	0.97267	0.027315	1.3259e-05	3.8916e-07
527	0.97051	0.029476	1.3199e-05	4.2066e-07
528	0.96998	0.030009	1.317e-05	4.2863e-07
529	0.97113	0.028855	1.3172e-05	4.1242e-07
530	0.97405	0.02594	1.3206e-05	3.7095e-07
531	0.97966	0.020326	1.3268e-05	2.932e-07
532	0.97517	0.024816	1.3196e-05	3.5572e-07
533	0.97313	0.026857	1.3148e-05	3.8499e-07
534	0.97275	0.027239	1.3132e-05	3.9043e-07
535	0.97391	0.026074	1.3144e-05	3.7376e-07
536	0.97678	0.023202	1.3187e-05	3.3259e-07
537	0.98155	0.018437	1.3265e-05	2.6393e-07
538	0.98941	0.010579	1.3376e-05	1.5304e-07
539	0.98281	0.017175	1.3293e-05	2.4333e-07
540	0.97822	0.021763	1.3245e-05	3.0522e-07
541	0.93214	0.067851	1.2617e-05	9.3809e-07
542	0.89942	0.10056	1.216e-05	1.3927e-06
543	0.87735	0.12264	1.1838e-05	1.7033e-06
544	0.86239	0.1376	1.1606e-05	1.9162e-06
545	0.85159	0.14839	1.1441e-05	2.0682e-06
546	0.84435	0.15564	1.1334e-05	2.1688e-06
547	0.84025	0.15973	1.1276e-05	2.2247e-06
548	0.84008	0.15991	1.1264e-05	2.228e-06
549	0.8438	0.15618	1.1296e-05	2.1793e-06
550	0.85064	0.14935	1.1377e-05	2.0871e-06
551	0.86096	0.13903	1.1513e-05	1.9456e-06
552	0.87704	0.12295	1.1718e-05	1.7284e-06
553	0.89837	0.10161	1.2002e-05	1.4369e-06
554	0.92616	0.073826	1.2385e-05	1.0531e-06
555	0.9371	0.062883	1.2545e-05	8.992e-07
556	0.93023	0.069754	1.245e-05	9.9389e-07
557	0.92594	0.074051	1.2397e-05	1.0519e-06
558	0.92397	0.076016	1.2382e-05	1.0769e-06
559	0.91291	0.087076	1.2252e-05	1.2239e-06
560	0.90618	0.093802	1.2171e-05	1.3141e-06
561	0.90337	0.096615	1.2134e-05	1.3524e-06
562	0.90315	0.096837	1.214e-05	1.3539e-06
563	0.9055	0.094483	1.219e-05	1.3187e-06
564	0.91135	0.08864	1.2278e-05	1.2364e-06
565	0.90926	0.09073	1.2265e-05	1.2621e-06
566	0.91061	0.089381	1.229e-05	1.2419e-06
567	0.90388	0.096104	1.219e-05	1.3336e-06
568	0.82227	0.17771	1.1094e-05	2.4318e-06
569	0.76392	0.23607	1.0295e-05	3.225e-06
570	0.72248	0.27751	9.7137e-06	3.7929e-06
571	0.62372	0.37627	8.3254e-06	5.1608e-06
572	0.5473	0.45269	7.2692e-06	6.2021e-06
573	0.49456	0.50543	6.525e-06	6.9246e-06
574	0.45332	0.54667	5.952e-06	7.4802e-06
575	0.42546	0.57453	5.5533e-06	7.855e-06
576	0.40466	0.59532	5.2601e-06	8.1289e-06
577	0.39111	0.60888	5.0591e-06	8.3046e-06
578	0.38177	0.61821	4.921e-06	8.4212e-06
579	0.37614	0.62385	4.8374e-06	8.4872e-06
580	0.35307	0.64691	4.5312e-06	8.7807e-06
581	0.33566	0.66433	4.3052e-06	8.9979e-06
582	0.32323	0.67675	4.1495e-06	9.1489e-06
583	0.28753	0.71245	3.6869e-06	9.601e-06
584	0.26243	0.73756	3.3553e-06	9.9165e-06
585	0.24354	0.75645	3.111e-06	1.0149e-05
586	0.22962	0.77036	2.936e-06	1.0315e-05
587	0.2198	0.78019	2.8176e-06	1.0429e-05
588	0.21444	0.78554	2.7524e-06	1.0484e-05
589	0.21297	0.78701	2.7341e-06	1.0487e-05
590	0.21431	0.78568	2.756e-06	1.0453e-05
591	0.21853	0.78145	2.8197e-06	1.0382e-05
592	0.21219	0.7878	2.7413e-06	1.0446e-05
593	0.21022	0.78976	2.7158e-06	1.0453e-05
594	0.21196	0.78803	2.735e-06	1.0409e-05
595	0.21759	0.7824	2.8013e-06	1.0312e-05
596	0.22655	0.77344	2.9146e-06	1.0172e-05
597	0.23911	0.76087	3.0789e-06	9.985e-06
598	0.2588	0.74119	3.3306e-06	9.7044e-06
599	0.2882	0.71179	3.7004e-06	9.2999e-06
600	0.32972	0.67027	4.215e-06	8.745e-06
601	0.38353	0.61645	4.8943e-06	8.0296e-06
602	0.45866	0.54133	5.8279e-06	7.0539e-06
603	0.55562	0.44437	7.0515e-06	5.7929e-06
604	0.5643	0.43568	7.1337e-06	5.6667e-06
605	0.57732	0.42266	7.2766e-06	5.4843e-06
606	0.5954	0.40458	7.49e-06	5.2359e-06
607	0.59856	0.40143	7.5039e-06	5.18e-06
608	0.60567	0.39431	7.5745e-06	5.0726e-06
609	0.6169	0.38309	7.7033e-06	4.9116e-06
610	0.63491	0.36508	7.9097e-06	4.6662e-06
611	0.66167	0.33832	8.2159e-06	4.3144e-06
612	0.69712	0.30287	8.6393e-06	3.8507e-06
613	0.74909	0.2509	9.2536e-06	3.1888e-06
614	0.81659	0.1834	1.0073e-05	2.3278e-06
615	0.90396	0.096024	1.1157e-05	1.208e-06
616	0.91451	0.085477	1.125e-05	1.0711e-06
617	0.92892	0.071066	1.1398e-05	8.8466e-07
618	0.94997	0.050017	1.1618e-05	6.1903e-07
619	0.95706	0.04293	1.1669e-05	5.2696e-07
620	0.9685	0.03149	1.1765e-05	3.8323e-07
621	0.98581	0.014182	1.192e-05	1.7134e-07
622	0.98261	0.017375	1.1817e-05	2.0932e-07
623	0.98091	0.019073	1.1739e-05	2.2833e-07
624	0.98113	0.018861	1.1675e-05	2.249e-07
625	0.98328	0.016711	1.1625e-05	1.9916e-07
626	0.98706	0.012927	1.1601e-05	1.5383e-07
627	0.99272	0.0072649	1.1607e-05	8.6047e-08
628	0.98684	0.013148	1.1468e-05	1.5495e-07
629	0.98279	0.017202	1.1357e-05	2.0092e-07
630	0.98091	0.019083	1.1263e-05	2.2189e-07
631	0.98095	0.019042	1.1183e-05	2.2098e-07
632	0.98245	0.017542	1.1127e-05	2.0288e-07
633	0.98542	0.014569	1.1093e-05	1.6769e-07
634	0.97965	0.020336	1.0967e-05	2.3087e-07
635	0.9765	0.023488	1.0862e-05	2.6486e-07
636	0.97555	0.024443	1.0773e-05	2.7449e-07
637	0.97651	0.023483	1.0697e-05	2.6331e-07
638	0.9791	0.020892	1.0646e-05	2.3381e-07
639	0.98338	0.016604	1.0619e-05	1.8557e-07
640	0.98421	0.015776	1.0545e-05	1.7606e-07
641	0.98647	0.013518	1.0494e-05	1.5074e-07
642	0.99022	0.0097692	1.0464e-05	1.092e-07
643	0.98735	0.012642	1.0371e-05	1.3907e-07
644	0.97926	0.020729	1.0229e-05	2.2283e-07
645	0.97414	0.025849	1.0111e-05	2.7541e-07
646	0.97143	0.028559	1.0011e-05	3.0269e-07
647	0.97046	0.029531	9.9359e-06	3.1089e-07
648	0.97154	0.028447	9.874e-06	2.9831e-07
649	0.97428	0.025714	9.8347e-06	2.6842e-07
650	0.97965	0.020336	9.813e-06	2.129e-07
651	0.9874	0.012587	9.8213e-06	1.3337e-07
652	0.9665	0.03349	9.5441e-06	3.4602e-07
653	0.95252	0.047473	9.33e-06	4.877e-07
654	0.94235	0.057645	9.1636e-06	5.8729e-07
655	0.93515	0.064836	9.0342e-06	6.548e-07
656	0.9316	0.068386	8.933e-06	6.8646e-07
657	0.93041	0.069583	8.8615e-06	6.9387e-07
658	0.93206	0.067932	8.8099e-06	6.7423e-07
659	0.93595	0.06404	8.785e-06	6.3257e-07
660	0.94247	0.057521	8.7911e-06	5.6538e-07
661	0.94214	0.057849	8.7364e-06	5.6371e-07
662	0.94474	0.055256	8.701e-06	5.3509e-07
663	0.95059	0.049398	8.6873e-06	4.771e-07
664	0.95928	0.04071	8.7055e-06	3.9263e-07
665	0.97239	0.027603	8.7547e-06	2.6993e-07
666	0.9777	0.022293	8.7224e-06	2.2102e-07
667	0.97875	0.021243	8.6576e-06	2.111e-07
668	0.9813	0.018687	8.6115e-06	1.8721e-07
669	0.98019	0.019803	8.1648e-06	1.6506e-07
670	0.96131	0.038677	8.0593e-06	3.2426e-07
671	0.94881	0.051182	7.9969e-06	4.3297e-07
672	0.94067	0.059325	7.9629e-06	5.0629e-07
673	0.91798	0.082007	7.8091e-06	7.0414e-07
674	0.90241	0.097579	7.7065e-06	8.4391e-07
675	0.89096	0.10903	7.6443e-06	9.4746e-07
676	0.88298	0.11701	7.6167e-06	1.0206e-06
677	0.87936	0.12063	7.6183e-06	1.0571e-06
678	0.87961	0.12038	7.6459e-06	1.0606e-06
679	0.88342	0.11657	7.6973e-06	1.0334e-06
680	0.89031	0.10968	7.7815e-06	9.7798e-07
681	0.88897	0.11102	7.7862e-06	9.953e-07
682	0.89031	0.10968	7.8203e-06	9.8791e-07
683	0.89425	0.10574	7.8827e-06	9.5643e-07
684	0.90101	0.098981	7.9758e-06	8.9838e-07
685	0.91097	0.089023	8.1039e-06	8.0956e-07
686	0.9268	0.073187	8.2777e-06	6.6773e-07
687	0.95061	0.049376	8.5152e-06	4.5475e-07
688	0.98191	0.018086	8.8307e-06	1.6891e-07
689	0.99438	0.0056084	8.9814e-06	5.2949e-08
690	0.99901	0.0009827	9.0645e-06	9.2267e-09
691	0.99827	0.0017191	9.0895e-06	1.5947e-08
692	0.99839	0.0016052	9.1148e-06	1.5036e-08
693	0.99926	0.00073216	9.1526e-06	6.9723e-09
694	0.99627	0.0037227	9.1619e-06	3.4693e-08
695	0.99475	0.0052433	9.1766e-06	4.9262e-08
696	0.99442	0.0055691	9.1949e-06	5.2976e-08
697	0.99233	0.0076579	9.2032e-06	7.3093e-08
698	0.99138	0.0086141	9.227e-06	8.2348e-08
699	0.99175	0.0082385	9.2558e-06	7.9378e-08
700	0.98983	0.010163	9.2683e-06	9.8003e-08
701	0.98948	0.01051	9.2877e-06	1.0208e-07
702	0.98658	0.013412	9.2746e-06	1.3136e-07
703	0.98512	0.014871	9.2812e-06	1.4634e-07
704	0.98501	0.014981	9.3064e-06	1.48e-07
705	0.98624	0.01375	9.3503e-06	1.3631e-07
706	0.98922	0.010773	9.4035e-06	1.0809e-07
707	0.99385	0.006144	9.4789e-06	6.3056e-08
708	0.99542	0.0045684	9.5301e-06	4.7609e-08
709	0.99553	0.004465	9.5735e-06	4.6634e-08
710	0.98937	0.010625	9.545e-06	1.0963e-07
711	0.98505	0.014942	9.54e-06	1.5389e-07
712	0.94958	0.050409	9.232e-06	5.0878e-07
713	0.92202	0.077974	9.0079e-06	7.8458e-07
714	0.90352	0.096468	8.8615e-06	9.7504e-07
715	0.89114	0.10885	8.7667e-06	1.1067e-06
716	0.88261	0.11738	8.7169e-06	1.1988e-06
717	0.87718	0.12281	8.7035e-06	1.259e-06
718	0.87454	0.12545	8.7236e-06	1.2904e-06
719	0.87579	0.1242	8.7747e-06	1.2833e-06
720	0.88073	0.11926	8.8556e-06	1.2393e-06
721	0.88892	0.11107	8.9769e-06	1.1603e-06
722	0.90064	0.099349	9.1417e-06	1.0425e-06
723	0.91655	0.083444	9.3583e-06	8.7762e-07
724	0.93969	0.060302	9.6435e-06	6.3701e-07
725	0.97016	0.029832	1.0018e-05	3.1246e-07
726	0.98358	0.016412	1.0202e-05	1.7066e-07
727	0.98349	0.016504	1.0232e-05	1.7187e-07
728	0.98521	0.014777	1.0272e-05	1.5453e-07
729	0.98846	0.011532	1.0335e-05	1.206e-07
730	0.99408	0.0059065	1.0414e-05	6.2198e-08
731	0.99335	0.0066371	1.0433e-05	6.9854e-08
732	0.99013	0.0098591	1.0432e-05	1.0315e-07
733	0.98217	0.017815	1.0373e-05	1.866e-07
734	0.97711	0.022879	1.0336e-05	2.4071e-07
735	0.97388	0.026107	1.0323e-05	2.748e-07
736	0.96456	0.035432	1.0239e-05	3.7419e-07
737	0.95869	0.041304	1.0182e-05	4.3796e-07
738	0.95563	0.044361	1.0147e-05	4.7234e-07
739	0.95459	0.0454	1.0141e-05	4.8432e-07
740	0.94776	0.052232	1.0063e-05	5.5932e-07
741	0.94407	0.055922	1.0012e-05	6.0113e-07
742	0.93083	0.069158	9.8629e-06	7.4533e-07
743	0.92117	0.078817	9.7593e-06	8.4924e-07
744	0.91455	0.08544	9.6942e-06	9.1942e-07
745	0.91143	0.088562	9.6585e-06	9.5307e-07
746	0.91147	0.08852	9.6486e-06	9.5357e-07
747	0.91386	0.086125	9.6697e-06	9.2801e-07
748	0.91965	0.080338	9.7187e-06	8.6724e-07
749	0.92834	0.071651	9.8046e-06	7.7451e-07
750	0.94177	0.058218	9.9319e-06	6.3306e-07
751	0.94542	0.054571	9.9631e-06	5.9393e-07
752	0.95256	0.047432	1.0023e-05	5.1875e-07
753	0.96278	0.037205	1.0122e-05	4.0959e-07
754	0.9765	0.023486	1.0265e-05	2.6156e-07
755	0.99481	0.0051843	1.0465e-05	6.17e-08
756	0.99428	0.0057089	1.1087e-05	8.7977e-08
757	0.95752	0.042464	1.0758e-05	5.5251e-07
758	0.92943	0.070562	1.0539e-05	9.1417e-07
759	0.86325	0.13674	9.8076e-06	1.7811e-06
760	0.81605	0.18393	9.2883e-06	2.4279e-06
761	0.77996	0.22003	8.9144e-06	2.9357e-06
762	0.7521	0.24788	8.6482e-06	3.3415e-06
763	0.73093	0.26906	8.4701e-06	3.6651e-06
764	0.71772	0.28227	8.3803e-06	3.8926e-06
765	0.70903	0.29096	8.3545e-06	4.0625e-06
766	0.70583	0.29415	8.3895e-06	4.1639e-06
767	0.68906	0.31092	8.2269e-06	4.4552e-06
768	0.67711	0.32288	8.1338e-06	4.6826e-06
769	0.67073	0.32926	8.1061e-06	4.8375e-06
770	0.66818	0.33181	8.1362e-06	4.9408e-06
771	0.65164	0.34834	7.9771e-06	5.2415e-06
772	0.60981	0.39018	7.428e-06	5.9247e-06
773	0.57799	0.422	7.026e-06	6.467e-06
774	0.55363	0.44636	6.7328e-06	6.9057e-06
775	0.53747	0.46252	6.5437e-06	7.2336e-06
776	0.52639	0.4736	6.4318e-06	7.4902e-06
777	0.51967	0.48031	6.3865e-06	7.6862e-06
778	0.49236	0.50762	6.0361e-06	8.1925e-06
779	0.47391	0.52608	5.8015e-06	8.5765e-06
780	0.46086	0.53913	5.6499e-06	8.8832e-06
781	0.45417	0.54582	5.5819e-06	9.0996e-06
782	0.45134	0.54864	5.5744e-06	9.2613e-06
783	0.45331	0.54667	5.6284e-06	9.3549e-06
784	0.43957	0.56041	5.4457e-06	9.6907e-06
785	0.43173	0.56825	5.3437e-06	9.9391e-06
786	0.42755	0.57244	5.3007e-06	1.0134e-05
787	0.42679	0.5732	5.3126e-06	1.0279e-05
788	0.43131	0.56868	5.3943e-06	1.0347e-05
789	0.43981	0.56018	5.5389e-06	1.0358e-05
790	0.45284	0.54715	5.7552e-06	1.0304e-05
791	0.47123	0.52875	6.0571e-06	1.017e-05
792	0.49619	0.50379	6.4648e-06	9.9373e-06
793	0.52932	0.47066	7.0066e-06	9.5769e-06
794	0.57276	0.42722	7.7209e-06	9.0509e-06
795	0.62831	0.37167	8.6425e-06	8.324e-06
796	0.70608	0.2939	9.8985e-06	7.2554e-06
797	0.73556	0.26442	1.0454e-05	6.4077e-06
798	0.7737	0.22628	1.1198e-05	5.3797e-06
799	0.77199	0.22799	1.1025e-05	5.2596e-06
800	0.75855	0.24143	1.0647e-05	5.3354e-06
801	0.74959	0.25039	1.0354e-05	5.3361e-06
802	0.746	0.25398	1.0137e-05	5.2515e-06
803	0.74732	0.25267	9.9894e-06	5.0887e-06
804	0.75218	0.24781	9.9081e-06	4.8692e-06
805	0.7609	0.23908	9.8978e-06	4.5884e-06
806	0.77406	0.22593	9.9672e-06	4.2374e-06
807	0.77558	0.2244	9.8193e-06	4.0946e-06
808	0.73648	0.26351	9.2041e-06	4.5461e-06
809	0.70916	0.29083	8.7415e-06	4.8375e-06
810	0.68888	0.31111	8.3876e-06	5.0272e-06
811	0.67398	0.32601	8.1156e-06	5.1409e-06
812	0.66573	0.33425	7.9232e-06	5.1674e-06
813	0.66123	0.33875	7.7876e-06	5.1429e-06
814	0.66152	0.33847	7.7069e-06	5.0563e-06
815	0.66552	0.33447	7.6815e-06	4.9209e-06
816	0.67349	0.3265	7.7142e-06	4.7338e-06
817	0.68562	0.31436	7.8066e-06	4.4925e-06
818	0.7055	0.29449	7.9889e-06	4.1539e-06
819	0.7318	0.26819	8.2589e-06	3.7331e-06
820	0.76953	0.23046	8.66e-06	3.1739e-06
821	0.81884	0.18115	9.2138e-06	2.4686e-06
822	0.8818	0.11819	9.9451e-06	1.5919e-06
823	0.90619	0.093794	1.0155e-05	1.2427e-06
824	0.94215	0.057841	1.0493e-05	7.5703e-07
825	0.98819	0.011799	1.096e-05	1.4824e-07
826	0.98891	0.01108	1.0807e-05	1.3535e-07
827	0.99131	0.008681	1.0663e-05	1.0411e-07
828	0.99511	0.004884	1.0542e-05	5.7513e-08
829	0.99379	0.0061982	1.0369e-05	6.9502e-08
830	0.99349	0.0065036	1.0214e-05	7.0294e-08
831	0.99417	0.0058171	1.0076e-05	6.0496e-08
832	0.99313	0.0068636	9.9272e-06	6.8159e-08
833	0.99332	0.0066657	9.7821e-06	6.3622e-08
834	0.99454	0.0054473	9.6533e-06	4.8926e-08
835	0.99429	0.0056998	9.5018e-06	4.8585e-08
836	0.99504	0.0049549	9.3665e-06	3.8729e-08
837	0.99712	0.0028711	9.2346e-06	1.7115e-08
838	0.99581	0.0041757	9.5398e-06	3.1736e-08
839	0.99562	0.0043749	9.8448e-06	3.6825e-08
840	0.99635	0.0036438	1.017e-05	3.2717e-08
841	0.99601	0.0039805	1.0474e-05	3.856e-08
842	0.99654	0.0034455	1.0798e-05	3.5133e-08
843	0.99798	0.0020087	1.1142e-05	2.1263e-08
844	0.99668	0.003305	1.1447e-05	3.714e-08
845	0.99643	0.0035561	1.1753e-05	4.1742e-08
846	0.9947	0.0052901	1.2052e-05	6.4309e-08
847	0.99398	0.0060117	1.2374e-05	7.5025e-08
848	0.99451	0.0054723	1.27e-05	7.0421e-08
849	0.99605	0.0039335	1.305e-05	5.1991e-08
850	0.99629	0.0036945	1.3373e-05	5.0385e-08
851	0.99742	0.002571	1.3719e-05	3.6117e-08
852	0.99949	0.00050007	1.4092e-05	7.2751e-09
853	0.99965	0.00033868	1.4452e-05	4.9622e-09
854	0.99972	0.00026115	1.4793e-05	3.9909e-09
855	0.99892	0.0010664	1.5134e-05	1.6565e-08
856	0.99725	0.0027382	1.5449e-05	4.3918e-08
857	0.99664	0.0033475	1.5769e-05	5.565e-08
858	0.99687	0.0031188	1.6114e-05	5.3763e-08
859	0.99096	0.0090203	1.634e-05	1.6006e-07
860	0.98683	0.01315	1.6607e-05	2.381e-07
861	0.98424	0.01574	1.6911e-05	2.9075e-07
862	0.98305	0.016936	1.7251e-05	3.1937e-07
863	0.98324	0.016738	1.7631e-05	3.2249e-07
864	0.98485	0.015134	1.8053e-05	2.982e-07
865	0.98788	0.0121	1.8519e-05	2.441e-07
866	0.99261	0.00737	1.9038e-05	1.524e-07
867	0.99934	0.00063853	1.962e-05	1.3621e-08
868	0.99808	0.001896	2.0023e-05	3.9875e-08
869	0.9978	0.002177	2.0431e-05	4.7276e-08
870	0.99661	0.003366	2.0807e-05	7.5571e-08
871	0.99646	0.0035179	2.1192e-05	8.2598e-08
872	0.99719	0.002788	2.1613e-05	6.9779e-08
873	0.99881	0.0011656	2.2069e-05	3.5797e-08
874	0.9982	0.0017761	2.225e-05	4.8856e-08
875	0.99667	0.0033097	2.2395e-05	8.5935e-08
876	0.99607	0.0039043	2.2574e-05	1.0092e-07
877	0.99407	0.0059079	2.2705e-05	1.5224e-07
878	0.98858	0.011394	2.2762e-05	2.9076e-07
879	0.85247	0.14751	1.9471e-05	3.7653e-06
880	0.75796	0.24201	1.7152e-05	6.2576e-06
881	0.6849	0.31507	1.5391e-05	8.203e-06
882	0.62858	0.3714	1.4061e-05	9.7262e-06
883	0.58454	0.41544	1.3046e-05	1.0944e-05
884	0.55097	0.44901	1.2299e-05	1.1903e-05
885	0.52518	0.47479	1.175e-05	1.2672e-05
886	0.50615	0.49382	1.1374e-05	1.3278e-05
887	0.49265	0.50732	1.1142e-05	1.375e-05
888	0.48381	0.51616	1.1031e-05	1.4109e-05
889	0.47879	0.52119	1.1021e-05	1.4376e-05
890	0.47755	0.52242	1.1116e-05	1.455e-05
891	0.48003	0.51994	1.1315e-05	1.4628e-05
892	0.46974	0.53024	1.1171e-05	1.5041e-05
893	0.46537	0.5346	1.1165e-05	1.5307e-05
894	0.4645	0.53547	1.1259e-05	1.5483e-05
895	0.46846	0.53151	1.147e-05	1.5533e-05
896	0.47612	0.52386	1.1792e-05	1.5482e-05
897	0.49038	0.50959	1.2282e-05	1.5253e-05
898	0.51314	0.48683	1.2993e-05	1.4795e-05
899	0.54354	0.45644	1.3937e-05	1.4114e-05
900	0.58281	0.41716	1.516e-05	1.3165e-05
901	0.59549	0.40448	1.5669e-05	1.2939e-05
902	0.61621	0.38376	1.6398e-05	1.2485e-05
903	0.64655	0.35342	1.7392e-05	1.1755e-05
904	0.68981	0.31016	1.8745e-05	1.0659e-05
905	0.74618	0.25379	2.0519e-05	9.1524e-06
906	0.82781	0.17216	2.3009e-05	6.9199e-06
907	0.85856	0.14141	2.4121e-05	6.0887e-06
908	0.87084	0.12913	2.4668e-05	5.811e-06
909	0.88789	0.11208	2.5387e-05	5.3756e-06
910	0.91038	0.089585	2.6303e-05	4.7562e-06
911	0.83402	0.16595	2.4013e-05	6.8476e-06
912	0.77946	0.2205	2.2332e-05	8.3201e-06
913	0.74078	0.25919	2.1096e-05	9.3379e-06
914	0.71088	0.28909	2.0143e-05	1.0083e-05
915	0.69123	0.30874	1.9471e-05	1.0537e-05
916	0.67926	0.32071	1.901e-05	1.077e-05
917	0.67143	0.32854	1.8687e-05	1.0876e-05
918	0.66862	0.33135	1.8501e-05	1.0837e-05
919	0.66949	0.33048	1.8437e-05	1.0685e-05
920	0.67569	0.32428	1.852e-05	1.0377e-05
921	0.66956	0.33041	1.8223e-05	1.0441e-05
922	0.66724	0.33273	1.805e-05	1.0391e-05
923	0.67012	0.32985	1.8014e-05	1.0194e-05
924	0.67804	0.32193	1.8111e-05	9.8567e-06
925	0.69011	0.30987	1.8337e-05	9.3988e-06
926	0.70988	0.29009	1.8766e-05	8.7291e-06
927	0.73605	0.26392	1.9388e-05	7.8762e-06
928	0.77361	0.22636	2.0306e-05	6.7183e-06
929	0.82269	0.17728	2.1563e-05	5.2327e-06
930	0.88648	0.1135	2.3254e-05	3.3254e-06
931	0.91422	0.085752	2.385e-05	2.5026e-06
932	0.95063	0.049346	2.4702e-05	1.4357e-06
933	0.99723	0.0027449	2.5853e-05	8.0728e-08
934	0.99668	0.0032908	2.565e-05	9.28e-08
935	0.997	0.0029739	2.5482e-05	8.156e-08
936	0.99841	0.0015625	2.5331e-05	4.2413e-08
937	0.99742	0.00255	2.5081e-05	6.825e-08
938	0.98776	0.012211	2.4621e-05	3.1732e-07
939	0.98134	0.018631	2.4234e-05	4.8182e-07
940	0.92925	0.070728	2.265e-05	1.8336e-06
941	0.88922	0.11076	2.1426e-05	2.8375e-06
942	0.85811	0.14186	2.0464e-05	3.59e-06
943	0.83418	0.16579	1.9709e-05	4.1456e-06
944	0.81798	0.18199	1.9136e-05	4.5095e-06
945	0.80775	0.19223	1.8701e-05	4.726e-06
946	0.80139	0.19859	1.8378e-05	4.8422e-06
