#coord	neutral	conserved	gBGC.neutral	gBGC.conserved
1	0.94165	0.058342	6.3136e-06	4.0864e-07
2	0.95263	0.047367	5.756e-06	2.9932e-07
3	0.96734	0.032655	5.2592e-06	1.8206e-07
4	0.98927	0.010729	4.7445e-06	5.1172e-08
5	0.99892	0.001073	4.1126e-06	3.9901e-09
6	0.99893	0.0010646	4.001e-06	4.6294e-09
7	0.99834	0.0016605	3.8991e-06	7.8839e-09
8	0.99662	0.003377	3.8026e-06	1.6325e-08
9	0.99583	0.0041617	3.7206e-06	2.031e-08
10	0.99597	0.0040256	3.6528e-06	2.0226e-08
11	0.99466	0.0053381	3.5875e-06	2.6532e-08
12	0.99432	0.0056764	3.5348e-06	2.852e-08
13	0.9923	0.0077012	3.4661e-06	3.8788e-08
14	0.99145	0.0085505	3.4119e-06	4.3619e-08
15	0.99201	0.0079819	3.3561e-06	4.3139e-08
16	0.99374	0.0062598	3.3137e-06	3.8063e-08
17	0.99354	0.0064564	3.0811e-06	3.4437e-08
18	0.99434	0.0056607	2.8712e-06	2.7361e-08
19	0.99622	0.0037802	2.6839e-06	1.703e-08
20	0.99666	0.0033375	2.4768e-06	1.3761e-08
21	0.99799	0.0020097	2.2889e-06	8.3187e-09
22	0.99602	0.0039792	2.1552e-06	1.2155e-08
23	0.99504	0.0049585	2.0352e-06	1.323e-08
24	0.995	0.0050025	1.9277e-06	1.2071e-08
25	0.99588	0.0041137	1.8315e-06	8.9861e-09
26	0.998	0.0020024	1.7302e-06	3.9515e-09
27	0.99719	0.002811	1.6149e-06	4.8883e-09
28	0.99734	0.0026598	1.4937e-06	4.2545e-09
29	0.99831	0.001693	1.3836e-06	2.4441e-09
30	0.99856	0.0014402	1.2645e-06	1.8929e-09
31	0.99827	0.0017337	1.1371e-06	2.0952e-09
32	0.99705	0.0029514	1.0188e-06	3.1749e-09
33	0.99668	0.0033148	9.1081e-07	3.1438e-09
34	0.99715	0.0028445	8.1193e-07	2.3212e-09
35	0.99668	0.0033203	7.0516e-07	2.3134e-09
36	0.99704	0.0029619	6.0706e-07	1.6808e-09
37	0.99646	0.0035424	5.0167e-07	1.5927e-09
38	0.99676	0.0032439	4.0518e-07	1.0304e-09
39	0.996	0.0039979	4.0738e-07	1.4855e-09
40	0.99359	0.0064102	4.0581e-07	2.7165e-09
41	0.99236	0.0076407	4.065e-07	3.3963e-09
42	0.99219	0.0078139	4.0914e-07	3.5962e-09
43	0.99306	0.0069395	4.1375e-07	3.3165e-09
44	0.99503	0.0049686	4.204e-07	2.5155e-09
45	0.99821	0.0017904	4.2922e-07	1.1052e-09
46	0.99789	0.0021097	4.3824e-07	1.3791e-09
47	0.99835	0.0016508	4.496e-07	1.2635e-09
48	0.99808	0.0019197	4.1453e-07	1.132e-09
49	0.99683	0.0031691	3.817e-07	1.4077e-09
50	0.9937	0.0062999	3.4441e-07	2.2483e-09
51	0.96673	0.033266	3.0345e-07	9.427e-09
52	0.94781	0.052189	2.6282e-07	1.2821e-08
53	0.93346	0.066542	2.2699e-07	1.3754e-08
54	0.92403	0.075967	1.8976e-07	1.2721e-08
55	0.91851	0.081489	1.5054e-07	1.0283e-08
56	0.91629	0.083707	1.0878e-07	6.892e-09
57	0.91652	0.08348	7.0074e-08	3.196e-09
58	0.8881	0.1119	6.7694e-08	4.5503e-09
59	0.82064	0.17936	9.6357e-08	1.6703e-08
60	0.77255	0.22745	1.1981e-07	3.0931e-08
61	0.73859	0.26141	1.3973e-07	4.5683e-08
62	0.71249	0.28751	1.6079e-07	6.1033e-08
63	0.69564	0.30436	1.7972e-07	7.5379e-08
64	0.65071	0.34929	1.8659e-07	9.8873e-08
65	0.61914	0.38086	1.9274e-07	1.2027e-07
66	0.59548	0.40452	2.0167e-07	1.4061e-07
67	0.58056	0.41944	2.1026e-07	1.5836e-07
68	0.57055	0.42945	2.2165e-07	1.7506e-07
69	0.56451	0.43549	2.3567e-07	1.9077e-07
70	0.56211	0.43789	2.5259e-07	2.0536e-07
71	0.56458	0.43542	2.6953e-07	2.17e-07
72	0.57219	0.42781	2.8702e-07	2.2521e-07
73	0.58398	0.41602	3.0883e-07	2.3091e-07
74	0.60354	0.39646	3.3299e-07	2.3116e-07
75	0.63	0.37	3.6444e-07	2.2632e-07
76	0.66444	0.33556	4.0475e-07	2.1474e-07
77	0.71501	0.28499	4.5393e-07	1.9095e-07
78	0.70919	0.29081	4.7147e-07	2.0243e-07
79	0.68701	0.31299	4.7427e-07	2.2534e-07
80	0.67054	0.32945	4.8259e-07	2.4516e-07
81	0.65886	0.34114	4.9611e-07	2.6233e-07
82	0.6513	0.3487	5.1477e-07	2.7708e-07
83	0.64925	0.35074	5.3425e-07	2.8739e-07
84	0.65066	0.34934	5.5932e-07	2.9491e-07
85	0.65751	0.34248	5.8619e-07	2.9698e-07
86	0.67073	0.32927	6.1607e-07	2.9243e-07
87	0.6912	0.3088	6.5018e-07	2.8024e-07
88	0.71825	0.28175	6.9495e-07	2.6017e-07
89	0.7584	0.2416	7.4985e-07	2.2626e-07
90	0.815	0.185	8.181e-07	1.7544e-07
91	0.83773	0.16227	8.5087e-07	1.5649e-07
92	0.86794	0.13206	8.9602e-07	1.2852e-07
93	0.91224	0.087759	9.5151e-07	8.6262e-08
94	0.90447	0.095532	9.5079e-07	9.5785e-08
95	0.88068	0.11932	9.3656e-07	1.2195e-07
96	0.86443	0.13557	9.2576e-07	1.4094e-07
97	0.85256	0.14744	9.2292e-07	1.5506e-07
98	0.84559	0.15441	9.2135e-07	1.6419e-07
99	0.84278	0.15722	9.2053e-07	1.6888e-07
100	0.843	0.157	9.2662e-07	1.7007e-07
101	0.84751	0.15249	9.3345e-07	1.6661e-07
102	0.8569	0.14309	9.4149e-07	1.5802e-07
103	0.8705	0.1295	9.5786e-07	1.4454e-07
104	0.89081	0.10919	9.7729e-07	1.2426e-07
105	0.91783	0.082172	1.0082e-06	9.5984e-08
106	0.95267	0.047325	1.0523e-06	5.7792e-08
107	0.96635	0.033651	1.0773e-06	4.237e-08
108	0.98433	0.01567	1.1118e-06	2.0922e-08
109	0.99135	0.0086473	1.1373e-06	1.2215e-08
110	0.9859	0.014096	1.142e-06	1.9697e-08
111	0.98222	0.017777	1.1526e-06	2.4871e-08
112	0.97283	0.027172	1.1506e-06	3.8289e-08
113	0.96619	0.033808	1.1565e-06	4.7933e-08
114	0.96176	0.038236	1.169e-06	5.4657e-08
115	0.91369	0.086309	1.1309e-06	1.179e-07
116	0.88074	0.11926	1.1046e-06	1.6492e-07
117	0.85855	0.14145	1.0866e-06	1.9939e-07
118	0.84216	0.15784	1.0807e-06	2.2583e-07
119	0.83218	0.16782	1.0785e-06	2.4429e-07
120	0.82729	0.17271	1.079e-06	2.5598e-07
121	0.82544	0.17456	1.0874e-06	2.633e-07
122	0.8265	0.1735	1.1036e-06	2.664e-07
123	0.83055	0.16945	1.1281e-06	2.6502e-07
124	0.82538	0.17462	1.1342e-06	2.7738e-07
125	0.82326	0.17674	1.1486e-06	2.8518e-07
126	0.82407	0.17592	1.1714e-06	2.8851e-07
127	0.82788	0.17212	1.2032e-06	2.87e-07
128	0.83658	0.16342	1.2382e-06	2.7773e-07
129	0.85074	0.14925	1.2777e-06	2.5982e-07
130	0.87019	0.12981	1.3318e-06	2.3197e-07
131	0.87685	0.12315	1.3605e-06	2.2494e-07
132	0.88683	0.11317	1.3997e-06	2.1168e-07
133	0.90071	0.099293	1.4513e-06	1.9056e-07
134	0.92121	0.07879	1.5101e-06	1.5779e-07
135	0.94838	0.051619	1.5886e-06	1.1049e-07
136	0.95844	0.041559	1.6422e-06	9.3104e-08
137	0.96082	0.039178	1.6874e-06	9.0014e-08
138	0.96529	0.034712	1.7435e-06	8.216e-08
139	0.96504	0.034955	1.7838e-06	8.4406e-08
140	0.96659	0.033411	1.8345e-06	8.2678e-08
141	0.97002	0.029981	1.8965e-06	7.6365e-08
142	0.97556	0.024441	1.9715e-06	6.4367e-08
143	0.98356	0.016436	2.0618e-06	4.4973e-08
144	0.99435	0.0056431	2.1689e-06	1.6294e-08
145	0.99922	0.00077525	2.2535e-06	3.4376e-09
146	0.99981	0.00018522	2.2275e-06	7.4675e-10
147	0.99975	0.00024913	2.2044e-06	7.3365e-10
148	0.99868	0.0013208	2.1728e-06	3.3777e-09
149	0.99845	0.001546	2.1378e-06	4.1291e-09
150	0.97921	0.020789	2.0633e-06	5.2376e-08
151	0.96447	0.035526	2.0073e-06	8.7601e-08
152	0.95341	0.046584	1.9666e-06	1.1284e-07
153	0.94633	0.053665	1.9298e-06	1.2933e-07
154	0.94186	0.058137	1.9052e-06	1.3919e-07
155	0.94049	0.059507	1.8821e-06	1.4251e-07
156	0.94127	0.058725	1.8696e-06	1.4082e-07
157	0.94426	0.055739	1.8676e-06	1.3411e-07
158	0.94182	0.058182	1.8476e-06	1.3977e-07
159	0.94154	0.058458	1.8382e-06	1.4039e-07
160	0.94341	0.056586	1.8389e-06	1.3613e-07
161	0.94742	0.05258	1.8494e-06	1.2697e-07
162	0.95394	0.046059	1.8713e-06	1.1181e-07
163	0.96321	0.036792	1.9049e-06	8.9754e-08
164	0.95902	0.040982	1.9031e-06	9.8463e-08
165	0.916	0.083996	1.8112e-06	1.9235e-07
166	0.88555	0.11444	1.7399e-06	2.6114e-07
167	0.86254	0.13745	1.6918e-06	3.1181e-07
168	0.80725	0.19275	1.5647e-06	4.3674e-07
169	0.76481	0.23519	1.4741e-06	5.3021e-07
170	0.73248	0.26752	1.4116e-06	6.0036e-07
171	0.71105	0.28894	1.366e-06	6.4922e-07
172	0.69554	0.30446	1.3382e-06	6.849e-07
173	0.68621	0.31378	1.3188e-06	7.0818e-07
174	0.68205	0.31794	1.306e-06	7.2075e-07
175	0.68158	0.31842	1.3056e-06	7.2554e-07
176	0.66862	0.33138	1.2735e-06	7.5773e-07
177	0.66022	0.33978	1.2561e-06	7.7978e-07
178	0.65584	0.34416	1.2517e-06	7.9335e-07
179	0.6552	0.3448	1.2598e-06	7.9921e-07
180	0.65801	0.34199	1.2793e-06	7.978e-07
181	0.61519	0.38481	1.1968e-06	8.939e-07
182	0.58518	0.41482	1.1352e-06	9.6509e-07
183	0.56277	0.43723	1.0948e-06	1.0196e-06
184	0.50726	0.49274	9.7439e-07	1.1495e-06
185	0.4646	0.5354	8.8763e-07	1.2501e-06
186	0.43463	0.56537	8.2273e-07	1.3252e-06
187	0.41167	0.58833	7.7681e-07	1.385e-06
188	0.39444	0.60556	7.4618e-07	1.4332e-06
189	0.38428	0.61572	7.2671e-07	1.4665e-06
190	0.37791	0.62209	7.1809e-07	1.4927e-06
191	0.3768	0.6232	7.1746e-07	1.5071e-06
192	0.3792	0.6208	7.2736e-07	1.5151e-06
193	0.38701	0.61299	7.4563e-07	1.511e-06
194	0.40125	0.59875	7.7392e-07	1.4933e-06
195	0.42381	0.57619	8.1506e-07	1.4589e-06
196	0.45645	0.54354	8.7135e-07	1.4059e-06
197	0.49843	0.50157	9.4988e-07	1.3345e-06
198	0.55209	0.44791	1.057e-06	1.2384e-06
199	0.62044	0.37955	1.2012e-06	1.1094e-06
200	0.64854	0.35146	1.2575e-06	1.0639e-06
201	0.68567	0.31433	1.3388e-06	9.9833e-07
202	0.73424	0.26576	1.4524e-06	9.056e-07
203	0.75109	0.24891	1.5031e-06	8.8112e-07
204	0.77365	0.22635	1.5735e-06	8.4195e-07
205	0.78026	0.21974	1.5994e-06	8.4221e-07
206	0.7906	0.2094	1.64e-06	8.3281e-07
207	0.80707	0.19293	1.6907e-06	8.0887e-07
208	0.8295	0.1705	1.7631e-06	7.6895e-07
209	0.82219	0.17781	1.6885e-06	7.581e-07
210	0.81813	0.18187	1.6299e-06	7.3853e-07
211	0.75723	0.24277	1.4355e-06	8.5106e-07
212	0.70956	0.29044	1.287e-06	9.2456e-07
213	0.67246	0.32754	1.1732e-06	9.6956e-07
214	0.64384	0.35616	1.086e-06	9.9373e-07
215	0.62441	0.37558	1.0137e-06	9.9837e-07
216	0.61026	0.38974	9.5813e-07	9.9179e-07
217	0.60059	0.39941	9.1615e-07	9.7671e-07
218	0.59627	0.40373	8.8026e-07	9.5127e-07
219	0.59575	0.40425	8.5568e-07	9.1994e-07
220	0.59899	0.40101	8.4171e-07	8.8311e-07
221	0.58835	0.41164	8.0793e-07	8.7094e-07
222	0.55562	0.44438	7.384e-07	8.9059e-07
223	0.53052	0.46948	6.8595e-07	8.9729e-07
224	0.51378	0.48622	6.4302e-07	8.9071e-07
225	0.50187	0.49813	6.1099e-07	8.7714e-07
226	0.46388	0.53612	5.5021e-07	8.96e-07
227	0.43838	0.56162	5.0322e-07	8.9737e-07
228	0.42125	0.57875	4.6515e-07	8.8635e-07
229	0.41062	0.58938	4.3346e-07	8.6546e-07
230	0.40417	0.59583	4.1017e-07	8.4009e-07
231	0.40121	0.59879	3.934e-07	8.1149e-07
232	0.40342	0.59658	3.799e-07	7.7614e-07
233	0.40935	0.59065	3.7241e-07	7.3833e-07
234	0.41907	0.58093	3.7042e-07	6.9804e-07
235	0.43348	0.56652	3.7489e-07	6.545e-07
236	0.45545	0.54455	3.8322e-07	6.0391e-07
237	0.4848	0.5152	3.9992e-07	5.4815e-07
238	0.49371	0.50629	3.9132e-07	5.1443e-07
239	0.50729	0.49271	3.8863e-07	4.7797e-07
240	0.52916	0.47083	3.8896e-07	4.3506e-07
241	0.56103	0.43897	3.9214e-07	3.8594e-07
242	0.60289	0.3971	4.0332e-07	3.3215e-07
243	0.6565	0.3435	4.2279e-07	2.7293e-07
244	0.72484	0.27516	4.5208e-07	2.0665e-07
245	0.82355	0.17645	4.9107e-07	1.2697e-07
246	0.951	0.048995	5.4571e-07	3.5034e-08
247	0.99708	0.0029159	5.4655e-07	2.2227e-09
248	0.99858	0.0014205	5.1999e-07	1.1028e-09
249	0.99451	0.005488	4.9261e-07	3.4027e-09
250	0.96138	0.038616	4.5277e-07	2.0985e-08
251	0.93611	0.063889	4.2115e-07	3.275e-08
252	0.9167	0.083297	3.9545e-07	4.0513e-08
253	0.90357	0.096426	3.7004e-07	4.4843e-08
254	0.89436	0.10564	3.4901e-07	4.6854e-08
255	0.88846	0.11154	3.3162e-07	4.7135e-08
256	0.82591	0.17409	2.8978e-07	6.885e-08
257	0.77778	0.22222	2.5785e-07	8.2396e-08
258	0.74098	0.25902	2.3324e-07	9.0143e-08
259	0.71258	0.28742	2.1377e-07	9.3905e-08
260	0.69099	0.30901	1.9827e-07	9.4735e-08
261	0.67689	0.32311	1.832e-07	9.2519e-08
262	0.66874	0.33126	1.68e-07	8.7816e-08
263	0.66432	0.33568	1.55e-07	8.1891e-08
264	0.66468	0.33532	1.4115e-07	7.4227e-08
265	0.66875	0.33125	1.2911e-07	6.5869e-08
266	0.67802	0.32198	1.1577e-07	5.6249e-08
267	0.69165	0.30835	1.0358e-07	4.6342e-08
268	0.69268	0.30732	8.6956e-08	3.8213e-08
269	0.67981	0.32019	6.9824e-08	3.1494e-08
270	0.67119	0.32881	5.4279e-08	2.3848e-08
271	0.6666	0.3334	3.999e-08	1.5627e-08
272	0.64638	0.35362	4.3564e-08	1.979e-08
273	0.63339	0.36661	4.5971e-08	2.3138e-08
274	0.62471	0.37529	4.852e-08	2.598e-08
275	0.62173	0.37827	5.0025e-08	2.7838e-08
276	0.62406	0.37594	5.0527e-08	2.8677e-08
277	0.63027	0.36973	5.1355e-08	2.891e-08
278	0.62429	0.37571	4.9788e-08	2.9511e-08
279	0.62192	0.37808	4.8463e-08	2.9498e-08
280	0.62304	0.37696	4.7341e-08	2.89e-08
281	0.62796	0.37204	4.6484e-08	2.7734e-08
282	0.63699	0.36301	4.5881e-08	2.5999e-08
283	0.65073	0.34927	4.5541e-08	2.3679e-08
284	0.67192	0.32808	4.4178e-08	2.042e-08
285	0.69984	0.30016	4.2942e-08	1.6633e-08
286	0.70922	0.29078	3.8678e-08	1.3756e-08
287	0.72546	0.27454	3.2984e-08	1.026e-08
288	0.75069	0.24931	2.5633e-08	6.3536e-09
289	0.71412	0.28588	3.0467e-08	1.0914e-08
290	0.68591	0.31409	3.4907e-08	1.5467e-08
291	0.66493	0.33507	3.9254e-08	1.9836e-08
292	0.64947	0.35053	4.3558e-08	2.3919e-08
293	0.64082	0.35918	4.6655e-08	2.7162e-08
294	0.63624	0.36376	4.9993e-08	2.9936e-08
295	0.63697	0.36303	5.2266e-08	3.1725e-08
296	0.64148	0.35852	5.4905e-08	3.2933e-08
297	0.64976	0.35024	5.79e-08	3.3499e-08
298	0.66408	0.33592	6.0015e-08	3.2926e-08
299	0.68368	0.31632	6.2665e-08	3.1553e-08
300	0.71017	0.28983	6.6136e-08	2.9212e-08
301	0.74463	0.25537	7.0506e-08	2.5748e-08
302	0.79517	0.20483	7.4591e-08	2.0435e-08
303	0.86081	0.13919	8.0246e-08	1.3483e-08
304	0.88834	0.11166	7.9898e-08	1.04e-08
305	0.92453	0.075474	8.0284e-08	6.5679e-09
306	0.97542	0.024581	7.9407e-08	1.838e-09
307	0.96745	0.03255	7.343e-08	2.1565e-09
308	0.96189	0.038107	6.7609e-08	2.1843e-09
309	0.95926	0.040742	5.9863e-08	1.9214e-09
310	0.95002	0.049981	7.9261e-08	3.7312e-09
311	0.94371	0.056289	9.9508e-08	5.6164e-09
312	0.94051	0.059493	1.1734e-07	7.3073e-09
313	0.93941	0.060593	1.3618e-07	8.7949e-09
314	0.94125	0.058748	1.5277e-07	9.7715e-09
315	0.94539	0.054609	1.7094e-07	1.0236e-08
316	0.95209	0.047908	1.9105e-07	9.9797e-09
317	0.96309	0.036914	2.0948e-07	8.5216e-09
318	0.97775	0.022247	2.3036e-07	5.7118e-09
319	0.97749	0.022505	2.4504e-07	6.2431e-09
320	0.97877	0.021231	2.6155e-07	6.3334e-09
321	0.98204	0.017958	2.7582e-07	5.8147e-09
322	0.98718	0.012815	2.9227e-07	4.5878e-09
323	0.98857	0.011425	3.094e-07	4.4063e-09
324	0.99127	0.0087286	3.2857e-07	3.6889e-09
325	0.99151	0.0084945	3.4878e-07	3.8188e-09
326	0.99321	0.006788	3.663e-07	3.3872e-09
327	0.99648	0.0035162	3.8142e-07	2.3092e-09
328	0.9955	0.0045034	3.5337e-07	2.4067e-09
329	0.99546	0.0045413	3.2809e-07	2.1032e-09
330	0.99633	0.0036688	3.05e-07	1.4891e-09
331	0.99585	0.0041496	2.8337e-07	1.406e-09
332	0.99649	0.0035073	2.588e-07	1.0139e-09
333	0.99826	0.0017364	2.3131e-07	4.017e-10
334	0.99732	0.0026771	2.0512e-07	4.7089e-10
335	0.99739	0.0026078	1.7589e-07	3.2741e-10
336	0.99654	0.0034643	1.942e-07	5.6062e-10
337	0.99669	0.0033051	2.0992e-07	6.1856e-10
338	0.99774	0.0022574	2.2712e-07	4.6127e-10
339	0.99992	7.7622e-05	2.4182e-07	1.6302e-11
340	0.9983	0.001701	2.5228e-07	4.2065e-10
341	0.99765	0.0023455	2.6022e-07	6.1022e-10
342	0.99779	0.0022135	2.6936e-07	5.8801e-10
343	0.99413	0.0058678	2.7458e-07	1.6186e-09
344	0.99185	0.008153	2.8138e-07	2.2743e-09
345	0.9911	0.0089028	2.857e-07	2.53e-09
346	0.99178	0.0082164	2.8755e-07	2.3846e-09
347	0.9903	0.0097015	2.8981e-07	2.8434e-09
348	0.98996	0.010044	2.9345e-07	2.9425e-09
349	0.99102	0.0089835	2.9473e-07	2.6338e-09
350	0.9936	0.0064039	2.937e-07	1.892e-09
351	0.99755	0.0024504	2.9413e-07	7.1168e-10
352	0.99928	0.00071909	2.9111e-07	2.1259e-10
353	0.99911	0.00088945	2.8858e-07	2.5885e-10
354	0.99967	0.00032711	2.8349e-07	1.0203e-10
355	0.9993	0.00069904	2.7914e-07	2.2054e-10
356	0.99844	0.0015567	2.7582e-07	4.827e-10
357	0.99834	0.0016607	2.7388e-07	5.1622e-10
358	0.99744	0.0025638	2.7286e-07	7.7802e-10
359	0.99734	0.0026617	2.73e-07	8.0011e-10
360	0.99804	0.00196	2.7431e-07	5.8394e-10
361	0.998	0.0020028	2.7269e-07	5.97e-10
362	0.99707	0.0029331	2.7194e-07	8.5315e-10
363	0.99699	0.0030061	2.7258e-07	8.558e-10
364	0.9979	0.002096	2.7077e-07	5.9749e-10
365	0.9997	0.00030276	2.7014e-07	8.2577e-11
366	0.99993	6.7063e-05	2.6623e-07	1.739e-11
367	0.99941	0.00058622	2.5938e-07	1.5126e-10
368	0.9951	0.0048971	2.5255e-07	1.1938e-09
369	0.99253	0.0074701	2.4348e-07	1.7754e-09
370	0.99141	0.008585	2.3208e-07	1.9751e-09
371	0.99164	0.0083628	2.1827e-07	1.8545e-09
372	0.993	0.0070029	2.0586e-07	1.4802e-09
373	0.99558	0.0044172	1.9474e-07	8.7422e-10
374	0.99644	0.0035577	1.8024e-07	6.6248e-10
375	0.9983	0.0017048	1.6692e-07	2.9337e-10
376	0.99904	0.0009611	1.5072e-07	1.5726e-10
377	0.99913	0.00086863	1.3633e-07	1.2718e-10
378	0.99987	0.00013448	1.2262e-07	1.641e-11
379	0.99939	0.0006148	1.0619e-07	6.2114e-11
380	0.9985	0.0014962	8.7061e-08	1.2499e-10
381	0.99835	0.0016473	6.8639e-08	1.0126e-10
382	0.99908	0.00091596	4.7627e-08	3.0054e-11
383	0.9994	0.00060337	5.2928e-08	2.7076e-11
384	0.99942	0.0005842	5.7989e-08	3.162e-11
385	0.99926	0.00074304	6.0817e-08	4.6374e-11
386	0.99864	0.0013562	6.33e-08	9.0106e-11
387	0.99873	0.0012704	6.5533e-08	8.733e-11
388	0.99822	0.0017825	6.7446e-08	1.2251e-10
389	0.99855	0.0014485	6.7327e-08	1.0103e-10
390	0.99966	0.00034236	6.7083e-08	2.3349e-11
391	0.99823	0.0017666	6.4518e-08	1.1734e-10
392	0.99762	0.002379	6.1733e-08	1.486e-10
393	0.99797	0.0020319	5.6865e-08	1.1935e-10
394	0.99746	0.0025414	5.1657e-08	1.3466e-10
395	0.99776	0.0022393	4.6255e-08	1.023e-10
396	0.99889	0.001106	4.0601e-08	3.5611e-11
397	0.9981	0.001904	5.8343e-08	1.13e-10
398	0.99805	0.001948	7.6531e-08	1.6047e-10
399	0.99714	0.0028627	9.5346e-08	2.9651e-10
400	0.99447	0.0055287	1.1461e-07	6.7706e-10
401	0.99295	0.0070521	1.3476e-07	9.9779e-10
402	0.99272	0.0072838	1.5239e-07	1.1758e-09
403	0.99375	0.0062489	1.6758e-07	1.1467e-09
404	0.993	0.0070009	1.8348e-07	1.4187e-09
405	0.9933	0.006697	2.0075e-07	1.4842e-09
406	0.99184	0.0081574	2.1487e-07	1.9567e-09
407	0.98707	0.012926	2.2916e-07	3.281e-09
408	0.98402	0.015977	2.451e-07	4.285e-09
409	0.9738	0.026198	2.561e-07	7.4092e-09
410	0.96649	0.033506	2.6911e-07	9.9198e-09
411	0.96216	0.037836	2.7995e-07	1.1757e-08
412	0.95988	0.040115	2.9281e-07	1.3014e-08
413	0.95995	0.040053	3.0353e-07	1.3555e-08
414	0.96236	0.037644	3.1222e-07	1.3305e-08
415	0.96683	0.033168	3.2314e-07	1.2247e-08
416	0.97366	0.026337	3.3661e-07	1.0178e-08
417	0.97552	0.024483	3.462e-07	9.8159e-09
418	0.97913	0.020872	3.5815e-07	8.6935e-09
419	0.97933	0.020674	3.657e-07	8.8923e-09
420	0.98095	0.019046	3.7527e-07	8.4739e-09
421	0.97902	0.020977	3.8487e-07	9.4979e-09
422	0.97862	0.02138	3.9692e-07	9.8707e-09
423	0.97972	0.020281	4.1157e-07	9.5434e-09
424	0.98239	0.01761	4.2907e-07	8.3937e-09
425	0.98745	0.012545	4.4443e-07	6.0644e-09
426	0.9953	0.0046991	4.5805e-07	2.3546e-09
427	0.99545	0.0045451	4.6981e-07	2.2853e-09
428	0.99681	0.0031883	4.7882e-07	1.6481e-09
429	0.99919	0.00081125	4.9021e-07	4.3312e-10
430	0.99786	0.0021395	4.965e-07	1.1475e-09
431	0.9866	0.013402	4.9973e-07	7.0424e-09
432	0.97819	0.02181	5.0629e-07	1.1499e-08
433	0.9723	0.027702	5.1636e-07	1.4692e-08
434	0.9692	0.030802	5.2432e-07	1.6583e-08
435	0.96848	0.031519	5.3011e-07	1.7254e-08
436	0.96223	0.037773	5.3517e-07	2.0898e-08
437	0.94641	0.053588	5.3123e-07	3.0133e-08
438	0.93579	0.064205	5.2684e-07	3.6646e-08
439	0.92922	0.070777	5.2154e-07	4.0882e-08
440	0.92534	0.074656	5.2011e-07	4.3411e-08
441	0.92476	0.075235	5.1725e-07	4.4044e-08
442	0.82231	0.17769	4.4785e-07	1.0805e-07
443	0.74167	0.25833	3.9594e-07	1.5629e-07
444	0.67943	0.32057	3.5829e-07	1.9208e-07
445	0.63518	0.36482	3.2823e-07	2.1746e-07
446	0.60081	0.39919	3.0612e-07	2.363e-07
447	0.57707	0.42293	2.8782e-07	2.4859e-07
448	0.55973	0.44027	2.7502e-07	2.5691e-07
449	0.54967	0.45033	2.6414e-07	2.6054e-07
450	0.54386	0.45614	2.5708e-07	2.6181e-07
451	0.54193	0.45807	2.5341e-07	2.6112e-07
452	0.54376	0.45624	2.5295e-07	2.5861e-07
453	0.54919	0.45081	2.5544e-07	2.5432e-07
454	0.55883	0.44117	2.6143e-07	2.4792e-07
455	0.57329	0.42671	2.7141e-07	2.3891e-07
456	0.59546	0.40454	2.8333e-07	2.2533e-07
457	0.60064	0.39936	2.8391e-07	2.2042e-07
458	0.60998	0.39002	2.8804e-07	2.1341e-07
459	0.62375	0.37625	2.9577e-07	2.0405e-07
460	0.62383	0.37617	2.9393e-07	2.0144e-07
461	0.62931	0.37069	2.9243e-07	1.9566e-07
462	0.64029	0.35971	2.9123e-07	1.8685e-07
463	0.63724	0.36276	2.8447e-07	1.8491e-07
464	0.63947	0.36053	2.7787e-07	1.7997e-07
465	0.64528	0.35472	2.7412e-07	1.7345e-07
466	0.63718	0.36282	2.6529e-07	1.7323e-07
467	0.63285	0.36715	2.5941e-07	1.7123e-07
468	0.63335	0.36665	2.535e-07	1.666e-07
469	0.63875	0.36125	2.4743e-07	1.5946e-07
470	0.64831	0.35169	2.4427e-07	1.508e-07
471	0.66493	0.33507	2.4122e-07	1.3924e-07
472	0.66751	0.33249	2.3011e-07	1.329e-07
473	0.67393	0.32607	2.2165e-07	1.2533e-07
474	0.68431	0.31569	2.1546e-07	1.1661e-07
475	0.70189	0.29811	2.0882e-07	1.0556e-07
476	0.70402	0.29598	1.9801e-07	9.9767e-08
477	0.70963	0.29037	1.8917e-07	9.3029e-08
478	0.72117	0.27883	1.7939e-07	8.4494e-08
479	0.73776	0.26224	1.7168e-07	7.5078e-08
480	0.76048	0.23952	1.6602e-07	6.4694e-08
481	0.79022	0.20978	1.6217e-07	5.332e-08
482	0.82866	0.17134	1.6022e-07	4.0813e-08
483	0.87796	0.12204	1.603e-07	2.6994e-08
484	0.89522	0.10478	1.5323e-07	2.1204e-08
485	0.92031	0.079685	1.4449e-07	1.4535e-08
486	0.92931	0.070694	1.3306e-07	1.1412e-08
487	0.93095	0.069054	1.1747e-07	9.6184e-09
488	0.93563	0.064371	9.9641e-08	7.4708e-09
489	0.9429	0.057104	8.2583e-08	5.2622e-09
490	0.93339	0.066615	8.5179e-08	6.4209e-09
491	0.92698	0.07302	8.8104e-08	7.2804e-09
492	0.92312	0.076883	9.1246e-08	7.8614e-09
493	0.92158	0.078421	9.4636e-08	8.1568e-09
494	0.92302	0.076979	9.6242e-08	8.0378e-09
495	0.9276	0.072403	9.6083e-08	7.4859e-09
496	0.92515	0.074846	9.5349e-08	7.5927e-09
497	0.92566	0.074342	9.2823e-08	7.2933e-09
498	0.92854	0.071463	9.067e-08	6.6955e-09
499	0.93502	0.064984	8.6659e-08	5.691e-09
500	0.94595	0.054047	8.0747e-08	4.3082e-09
501	0.96066	0.03934	7.5019e-08	2.7147e-09
502	0.95904	0.040962	6.5717e-08	2.4131e-09
503	0.95931	0.040694	5.6659e-08	1.9354e-09
504	0.96217	0.037834	4.5511e-08	1.288e-09
505	0.96046	0.039543	5.6898e-08	1.9535e-09
506	0.95211	0.047892	6.7819e-08	3.102e-09
507	0.94652	0.053483	7.9037e-08	4.1794e-09
508	0.94319	0.056805	9.0566e-08	5.1277e-09
509	0.94283	0.057173	1.0001e-07	5.7611e-09
510	0.94512	0.054879	1.0751e-07	6.0249e-09
511	0.9276	0.072403	1.0917e-07	8.3168e-09
512	0.91445	0.085547	1.1142e-07	1.0109e-08
513	0.90609	0.093912	1.1202e-07	1.1293e-08
514	0.90159	0.098405	1.1096e-07	1.1888e-08
515	0.89981	0.10019	1.1053e-07	1.2058e-08
516	0.90129	0.098709	1.0838e-07	1.1691e-08
517	0.90546	0.094542	1.0683e-07	1.0928e-08
518	0.91383	0.086168	1.0352e-07	9.5938e-09
519	0.92699	0.073006	9.847e-08	7.747e-09
520	0.93038	0.069617	9.259e-08	6.9415e-09
521	0.93745	0.062547	8.475e-08	5.7636e-09
522	0.94773	0.052269	7.7304e-08	4.3817e-09
523	0.95013	0.049866	6.9271e-08	3.7112e-09
524	0.95478	0.045221	6.1441e-08	2.8936e-09
525	0.96181	0.038193	5.3586e-08	1.9824e-09
526	0.97268	0.027315	4.3648e-08	9.9658e-10
527	0.97052	0.029476	5.5335e-08	1.5665e-09
528	0.96999	0.030009	6.7119e-08	2.0595e-09
529	0.97114	0.028855	7.9285e-08	2.4085e-09
530	0.97406	0.02594	9.2011e-08	2.5386e-09
531	0.97967	0.020327	1.0268e-07	2.2947e-09
532	0.97518	0.024816	1.126e-07	3.1108e-09
533	0.97314	0.026857	1.2031e-07	3.6824e-09
534	0.97276	0.02724	1.2866e-07	4.0372e-09
535	0.97393	0.026074	1.376e-07	4.1466e-09
536	0.9768	0.023202	1.4742e-07	3.9379e-09
537	0.98156	0.018438	1.5829e-07	3.3172e-09
538	0.98942	0.010579	1.6721e-07	2.074e-09
539	0.98282	0.017176	1.7432e-07	3.4142e-09
540	0.97824	0.021763	1.8233e-07	4.4447e-09
541	0.93215	0.067852	1.8303e-07	1.3631e-08
542	0.89943	0.10057	1.8303e-07	2.0986e-08
543	0.87736	0.12264	1.8229e-07	2.6478e-08
544	0.8624	0.1376	1.8057e-07	3.0478e-08
545	0.85161	0.14839	1.8037e-07	3.3485e-08
546	0.84436	0.15564	1.8156e-07	3.5646e-08
547	0.84026	0.15974	1.8406e-07	3.7043e-08
548	0.84009	0.15991	1.8516e-07	3.7366e-08
549	0.84381	0.15619	1.849e-07	3.6603e-08
550	0.85065	0.14935	1.8598e-07	3.5041e-08
551	0.86097	0.13903	1.8851e-07	3.2573e-08
552	0.87705	0.12295	1.8997e-07	2.8712e-08
553	0.89839	0.10161	1.9326e-07	2.3587e-08
554	0.92617	0.073827	1.9872e-07	1.6873e-08
555	0.93712	0.062884	1.9769e-07	1.4132e-08
556	0.93024	0.069755	1.9026e-07	1.5244e-08
557	0.92595	0.074052	1.8413e-07	1.5671e-08
558	0.92398	0.076017	1.7913e-07	1.5525e-08
559	0.91292	0.087078	1.7307e-07	1.6977e-08
560	0.9062	0.093803	1.6554e-07	1.7434e-08
561	0.90338	0.096616	1.5632e-07	1.699e-08
562	0.90316	0.096838	1.4834e-07	1.5999e-08
563	0.90552	0.094485	1.4143e-07	1.4533e-08
564	0.91136	0.088641	1.3269e-07	1.2478e-08
565	0.90927	0.090732	1.2324e-07	1.1553e-08
566	0.91062	0.089382	1.1186e-07	1.0043e-08
567	0.90389	0.096106	1.0009e-07	9.32e-09
568	0.82228	0.17772	8.0232e-08	1.4193e-08
569	0.76393	0.23607	6.2335e-08	1.4739e-08
570	0.72249	0.27751	4.5394e-08	1.1979e-08
571	0.62373	0.37627	4.4474e-08	2.229e-08
572	0.5473	0.4527	4.3868e-08	3.2122e-08
573	0.49456	0.50544	4.2704e-08	4.0473e-08
574	0.45332	0.54668	4.2056e-08	4.7987e-08
575	0.42547	0.57453	4.1112e-08	5.3805e-08
576	0.40467	0.59533	4.0802e-08	5.873e-08
577	0.39111	0.60889	4.0138e-08	6.2086e-08
578	0.38178	0.61822	3.9932e-08	6.4623e-08
579	0.37614	0.62386	4.0152e-08	6.638e-08
580	0.35308	0.64692	3.7585e-08	6.9006e-08
581	0.33566	0.66434	3.5727e-08	7.0552e-08
582	0.32324	0.67676	3.4528e-08	7.1144e-08
583	0.28754	0.71246	3.0178e-08	7.2909e-08
584	0.26243	0.73756	2.6374e-08	7.2257e-08
585	0.24354	0.75646	2.3519e-08	7.0311e-08
586	0.22963	0.77037	2.1373e-08	6.7278e-08
587	0.2198	0.7802	1.9766e-08	6.3301e-08
588	0.21445	0.78555	1.8086e-08	5.7577e-08
589	0.21298	0.78702	1.6255e-08	5.0186e-08
590	0.21431	0.78569	1.4683e-08	4.2109e-08
591	0.21854	0.78146	1.3291e-08	3.339e-08
592	0.21219	0.78781	1.7159e-08	4.9092e-08
593	0.21023	0.78977	2.062e-08	6.3207e-08
594	0.21196	0.78804	2.3859e-08	7.5609e-08
595	0.21759	0.78241	2.7041e-08	8.6141e-08
596	0.22655	0.77345	3.1003e-08	9.5837e-08
597	0.23912	0.76088	3.5941e-08	1.0446e-07
598	0.2588	0.7412	4.1572e-08	1.1035e-07
599	0.2882	0.7118	4.8344e-08	1.1308e-07
600	0.32973	0.67027	5.665e-08	1.1227e-07
601	0.38354	0.61646	6.8154e-08	1.0835e-07
602	0.45867	0.54133	8.2747e-08	9.9279e-08
603	0.55562	0.44438	1.0297e-07	8.4798e-08
604	0.56431	0.43569	1.0606e-07	8.5243e-08
605	0.57733	0.42267	1.1047e-07	8.4576e-08
606	0.59541	0.40459	1.1643e-07	8.2566e-08
607	0.59857	0.40143	1.1781e-07	8.2836e-08
608	0.60568	0.39432	1.2055e-07	8.2126e-08
609	0.61691	0.38309	1.2465e-07	8.0323e-08
610	0.63492	0.36508	1.2849e-07	7.6517e-08
611	0.66168	0.33832	1.3228e-07	7.0488e-08
612	0.69713	0.30287	1.3846e-07	6.2525e-08
613	0.7491	0.2509	1.4553e-07	5.1271e-08
614	0.8166	0.1834	1.5619e-07	3.6956e-08
615	0.90397	0.096026	1.7143e-07	1.863e-08
616	0.91452	0.085478	1.6837e-07	1.6052e-08
617	0.92893	0.071067	1.665e-07	1.2765e-08
618	0.94998	0.050018	1.6317e-07	8.4792e-09
619	0.95707	0.042931	1.5851e-07	6.7639e-09
620	0.96851	0.03149	1.5189e-07	4.4437e-09
621	0.98582	0.014182	1.433e-07	1.5195e-09
622	0.98262	0.017375	1.7307e-07	2.5851e-09
623	0.98093	0.019073	2.0478e-07	3.5281e-09
624	0.98114	0.018862	2.3349e-07	4.1215e-09
625	0.98329	0.016712	2.5943e-07	4.2053e-09
626	0.98707	0.012927	2.8804e-07	3.6809e-09
627	0.99273	0.007265	3.1982e-07	2.2921e-09
628	0.98685	0.013148	3.4457e-07	4.6261e-09
629	0.9828	0.017202	3.7187e-07	6.5334e-09
630	0.98092	0.019084	3.9629e-07	7.8069e-09
631	0.98096	0.019042	4.1796e-07	8.3636e-09
632	0.98246	0.017542	4.4274e-07	8.2121e-09
633	0.98543	0.014569	4.7064e-07	7.2176e-09
634	0.97966	0.020336	4.9694e-07	1.0447e-08
635	0.97651	0.023488	5.2053e-07	1.266e-08
636	0.97556	0.024443	5.4151e-07	1.3834e-08
637	0.97652	0.023483	5.6011e-07	1.3971e-08
638	0.97911	0.020892	5.8248e-07	1.3022e-08
639	0.9834	0.016604	6.0864e-07	1.0802e-08
640	0.98422	0.015777	6.2914e-07	1.0708e-08
641	0.98648	0.013518	6.5367e-07	9.54e-09
642	0.99023	0.0097693	6.8225e-07	7.1132e-09
643	0.98736	0.012642	7.0238e-07	9.4435e-09
644	0.97927	0.020729	7.2189e-07	1.5646e-08
645	0.97415	0.025849	7.3942e-07	2.0099e-08
646	0.97144	0.028559	7.5489e-07	2.2942e-08
647	0.97047	0.029531	7.75e-07	2.4369e-08
648	0.97155	0.028447	7.93e-07	2.4198e-08
649	0.97429	0.025714	8.1549e-07	2.2477e-08
650	0.97966	0.020336	8.3627e-07	1.8497e-08
651	0.98741	0.012587	8.6295e-07	1.201e-08
652	0.96651	0.03349	8.5403e-07	3.1553e-08
653	0.95253	0.047473	8.4684e-07	4.5469e-08
654	0.94235	0.057645	8.4661e-07	5.5625e-08
655	0.93516	0.064837	8.521e-07	6.2951e-08
656	0.93161	0.068387	8.5683e-07	6.7134e-08
657	0.93042	0.069584	8.6718e-07	6.8973e-08
658	0.93207	0.067933	8.7648e-07	6.8163e-08
659	0.93596	0.06404	8.9112e-07	6.4961e-08
660	0.94248	0.057522	9.1215e-07	5.8784e-08
661	0.94215	0.05785	9.2961e-07	5.9331e-08
662	0.94474	0.055256	9.4589e-07	5.699e-08
663	0.9506	0.049398	9.6145e-07	5.1346e-08
664	0.95929	0.040711	9.8397e-07	4.227e-08
665	0.9724	0.027603	1.0073e-06	2.8562e-08
666	0.97771	0.022293	1.0182e-06	2.3195e-08
667	0.97876	0.021243	1.0207e-06	2.2316e-08
668	0.98131	0.018687	1.0281e-06	1.9713e-08
669	0.9802	0.019803	1.0351e-06	2.0841e-08
670	0.96132	0.038677	1.0191e-06	4.0805e-08
671	0.94882	0.051183	1.0052e-06	5.453e-08
672	0.94067	0.059325	9.9204e-07	6.3748e-08
673	0.91799	0.082008	9.6706e-07	8.8297e-08
674	0.90242	0.097579	9.4562e-07	1.0554e-07
675	0.89097	0.10903	9.3224e-07	1.1778e-07
676	0.88299	0.11701	9.259e-07	1.2601e-07
677	0.87937	0.12063	9.201e-07	1.2977e-07
678	0.87962	0.12038	9.1444e-07	1.2948e-07
679	0.88343	0.11657	9.0871e-07	1.2554e-07
680	0.89032	0.10968	9.097e-07	1.1828e-07
681	0.88898	0.11102	8.9831e-07	1.1968e-07
682	0.89032	0.10968	8.9328e-07	1.181e-07
683	0.89426	0.10574	8.9404e-07	1.1368e-07
684	0.90102	0.098981	9.0087e-07	1.0614e-07
685	0.91097	0.089024	9.1433e-07	9.4915e-08
686	0.92681	0.073188	9.2977e-07	7.7794e-08
687	0.95062	0.049377	9.4879e-07	5.314e-08
688	0.98191	0.018086	9.7974e-07	1.9971e-08
689	0.99439	0.0056084	9.9466e-07	6.2999e-09
690	0.99902	0.00098271	1.0043e-06	1.0595e-09
691	0.99828	0.0017191	1.0039e-06	1.7697e-09
692	0.99839	0.0016052	1.0004e-06	1.657e-09
693	0.99927	0.00073217	1.0013e-06	7.3205e-10
694	0.99628	0.0037227	9.9133e-07	3.5532e-09
695	0.99476	0.0052434	9.787e-07	4.9828e-09
696	0.99443	0.0055691	9.6333e-07	5.2783e-09
697	0.99234	0.007658	9.423e-07	7.3192e-09
698	0.99138	0.0086142	9.2573e-07	8.1276e-09
699	0.99176	0.0082386	9.065e-07	7.7364e-09
700	0.98984	0.010163	8.8877e-07	9.3789e-09
701	0.98949	0.01051	8.6837e-07	9.619e-09
702	0.98659	0.013412	8.4173e-07	1.2237e-08
703	0.98513	0.014871	8.2012e-07	1.3356e-08
704	0.98502	0.014982	8.0314e-07	1.3196e-08
705	0.98625	0.01375	7.9058e-07	1.1839e-08
706	0.98923	0.010774	7.7563e-07	9.1884e-09
707	0.99386	0.0061441	7.6518e-07	5.1923e-09
708	0.99543	0.0045684	7.5523e-07	3.7412e-09
709	0.99553	0.0044651	7.404e-07	3.5587e-09
710	0.98937	0.010625	7.171e-07	8.2e-09
711	0.98506	0.014942	6.982e-07	1.1143e-08
712	0.94959	0.050409	6.5266e-07	3.6798e-08
713	0.92203	0.077974	6.1724e-07	5.4894e-08
714	0.90353	0.096469	5.8495e-07	6.6202e-08
715	0.89115	0.10885	5.5393e-07	7.2759e-08
716	0.88262	0.11738	5.2895e-07	7.607e-08
717	0.87719	0.12281	5.0864e-07	7.7016e-08
718	0.87455	0.12545	4.9242e-07	7.6046e-08
719	0.8758	0.1242	4.751e-07	7.2732e-08
720	0.88074	0.11926	4.5648e-07	6.7429e-08
721	0.88893	0.11107	4.4186e-07	6.0591e-08
722	0.90065	0.09935	4.3085e-07	5.22e-08
723	0.91656	0.083444	4.2356e-07	4.2014e-08
724	0.9397	0.060303	4.157e-07	2.9216e-08
725	0.97017	0.029833	4.1282e-07	1.3642e-08
726	0.98359	0.016412	3.9745e-07	7.1715e-09
727	0.9835	0.016504	3.7823e-07	6.7515e-09
728	0.98522	0.014777	3.5631e-07	5.6743e-09
729	0.98847	0.011532	3.37e-07	4.0972e-09
730	0.99409	0.0059065	3.1495e-07	1.934e-09
731	0.99336	0.0066371	2.9276e-07	1.9577e-09
732	0.99014	0.0098592	2.7158e-07	2.5657e-09
733	0.98218	0.017815	2.4643e-07	4.1213e-09
734	0.97712	0.02288	2.192e-07	4.685e-09
735	0.97389	0.026107	1.9421e-07	4.6045e-09
736	0.96457	0.035432	1.6548e-07	5.2439e-09
737	0.9587	0.041304	1.3471e-07	4.8668e-09
738	0.95564	0.044361	1.0155e-07	3.7792e-09
739	0.9546	0.0454	7.0652e-08	2.3498e-09
740	0.94777	0.052233	7.3967e-08	3.2063e-09
741	0.94408	0.055922	7.5435e-08	3.787e-09
742	0.93084	0.069159	7.5968e-08	5.109e-09
743	0.92118	0.078818	7.6652e-08	6.0884e-09
744	0.91456	0.085441	7.7468e-08	6.7524e-09
745	0.91144	0.088563	7.6569e-08	7.0098e-09
746	0.91148	0.088521	7.3945e-08	6.8727e-09
747	0.91387	0.086126	7.1401e-08	6.4652e-09
748	0.91966	0.080339	6.7091e-08	5.7066e-09
749	0.92835	0.071652	6.2804e-08	4.7265e-09
750	0.94178	0.058219	5.6673e-08	3.4759e-09
751	0.94543	0.054572	4.9705e-08	2.8539e-09
752	0.95257	0.047432	4.0729e-08	2.0659e-09
753	0.96279	0.037205	3.1636e-08	1.2652e-09
754	0.97651	0.023486	2.2156e-08	5.5056e-10
755	0.99482	0.0051843	1.2189e-08	4.6073e-11
756	0.99429	0.0057089	1.3595e-08	6.1788e-11
757	0.95754	0.042465	1.3875e-08	4.9964e-10
758	0.92944	0.070562	1.3456e-08	7.5174e-10
759	0.86326	0.13674	2.7132e-08	4.2664e-09
760	0.81606	0.18394	3.7444e-08	8.9352e-09
761	0.77997	0.22003	4.7236e-08	1.4257e-08
762	0.75211	0.24789	5.6784e-08	1.9905e-08
763	0.73094	0.26906	6.6404e-08	2.5636e-08
764	0.71773	0.28227	7.4355e-08	3.0717e-08
765	0.70904	0.29096	8.2935e-08	3.5473e-08
766	0.70584	0.29416	9.0158e-08	3.9261e-08
767	0.68907	0.31093	9.3518e-08	4.4606e-08
768	0.67711	0.32289	9.7641e-08	4.9334e-08
769	0.67073	0.32927	1.0072e-07	5.2885e-08
770	0.66819	0.33181	1.0478e-07	5.5748e-08
771	0.65165	0.34835	1.0461e-07	6.0535e-08
772	0.60982	0.39018	9.7873e-08	6.961e-08
773	0.57799	0.42201	9.3289e-08	7.6768e-08
774	0.55364	0.44636	9.0252e-08	8.2472e-08
775	0.53748	0.46252	8.7094e-08	8.615e-08
776	0.52639	0.47361	8.5218e-08	8.8735e-08
777	0.51968	0.48032	8.4456e-08	9.0386e-08
778	0.49237	0.50763	8.0384e-08	9.5404e-08
779	0.47391	0.52609	7.6468e-08	9.816e-08
780	0.46086	0.53914	7.3877e-08	9.9729e-08
781	0.45418	0.54582	7.1125e-08	9.9315e-08
782	0.45135	0.54865	6.936e-08	9.803e-08
783	0.45332	0.54668	6.7194e-08	9.5072e-08
784	0.43958	0.56042	6.2846e-08	9.4399e-08
785	0.43174	0.56826	5.8371e-08	9.1793e-08
786	0.42756	0.57244	5.4719e-08	8.8316e-08
787	0.4268	0.5732	5.1739e-08	8.4084e-08
788	0.43132	0.56868	4.8278e-08	7.8247e-08
789	0.43981	0.56019	4.5391e-08	7.1846e-08
790	0.45284	0.54716	4.2999e-08	6.4921e-08
791	0.47124	0.52876	4.1037e-08	5.7496e-08
792	0.4962	0.5038	3.9448e-08	4.9597e-08
793	0.52933	0.47067	3.8161e-08	4.1262e-08
794	0.57277	0.42723	3.7078e-08	3.2563e-08
795	0.62833	0.37167	3.5895e-08	2.3686e-08
796	0.70609	0.29391	3.3001e-08	1.4502e-08
797	0.73557	0.26443	2.6177e-08	9.1252e-09
798	0.77372	0.22628	1.8689e-08	4.1357e-09
799	0.772	0.228	2.2785e-08	5.3822e-09
800	0.75856	0.24144	2.499e-08	6.6336e-09
801	0.7496	0.2504	2.6896e-08	7.5531e-09
802	0.74602	0.25398	2.7471e-08	7.9201e-09
803	0.74733	0.25267	2.6734e-08	7.7168e-09
804	0.75219	0.24781	2.5742e-08	7.1344e-09
805	0.76091	0.23909	2.4471e-08	6.1873e-09
806	0.77407	0.22593	2.2888e-08	4.8982e-09
807	0.77559	0.22441	3.7811e-08	9.5491e-09
808	0.73649	0.26351	4.8003e-08	1.6576e-08
809	0.70917	0.29083	5.6034e-08	2.3542e-08
810	0.68889	0.31111	6.4296e-08	3.0527e-08
811	0.67399	0.32601	7.2873e-08	3.7389e-08
812	0.66574	0.33426	8.0058e-08	4.3327e-08
813	0.66124	0.33876	8.7888e-08	4.8829e-08
814	0.66153	0.33847	9.4609e-08	5.3193e-08
815	0.66553	0.33447	1.0241e-07	5.6856e-08
816	0.6735	0.3265	1.1156e-07	5.964e-08
817	0.68563	0.31437	1.222e-07	6.1316e-08
818	0.70551	0.29449	1.3263e-07	6.0764e-08
819	0.73181	0.26819	1.4545e-07	5.8284e-08
820	0.76954	0.23046	1.5904e-07	5.2624e-08
821	0.81885	0.18115	1.7688e-07	4.3426e-08
822	0.88181	0.11819	1.9992e-07	2.9662e-08
823	0.90621	0.093795	2.1541e-07	2.4305e-08
824	0.94216	0.057842	2.3153e-07	1.5594e-08
825	0.9882	0.011799	2.5214e-07	3.2447e-09
826	0.98892	0.01108	2.5772e-07	3.1054e-09
827	0.99132	0.0086811	2.6095e-07	2.5202e-09
828	0.99512	0.0048841	2.655e-07	1.5034e-09
829	0.9938	0.0061983	2.6979e-07	1.9127e-09
830	0.9935	0.0065036	2.7534e-07	2.0263e-09
831	0.99418	0.0058172	2.822e-07	1.8322e-09
832	0.99314	0.0068637	2.8972e-07	2.1401e-09
833	0.99333	0.0066657	2.9481e-07	2.0963e-09
834	0.99455	0.0054474	3.0132e-07	1.7101e-09
835	0.9943	0.0056999	3.0423e-07	1.7945e-09
836	0.99504	0.0049549	3.0876e-07	1.5436e-09
837	0.99713	0.0028712	3.1079e-07	8.8324e-10
838	0.99582	0.0041757	3.0883e-07	1.288e-09
839	0.99562	0.004375	3.0441e-07	1.3573e-09
840	0.99636	0.0036438	3.0159e-07	1.1207e-09
841	0.99602	0.0039806	2.9551e-07	1.2234e-09
842	0.99655	0.0034455	2.9079e-07	1.0472e-09
843	0.99799	0.0020087	2.8738e-07	5.9338e-10
844	0.99669	0.0033051	2.804e-07	9.5179e-10
845	0.99644	0.0035562	2.7094e-07	1.0122e-09
846	0.99471	0.0052901	2.6234e-07	1.455e-09
847	0.99399	0.0060118	2.5503e-07	1.5868e-09
848	0.99453	0.0054724	2.4518e-07	1.4015e-09
849	0.99607	0.0039335	2.3654e-07	9.666e-10
850	0.99631	0.0036945	2.2451e-07	8.7627e-10
851	0.99743	0.002571	2.136e-07	5.8545e-10
852	0.9995	0.00050008	2.0373e-07	1.0736e-10
853	0.99966	0.00033868	1.9075e-07	7.0743e-11
854	0.99974	0.00026115	1.7875e-07	5.344e-11
855	0.99893	0.0010665	1.6746e-07	1.9993e-10
856	0.99726	0.0027382	1.5345e-07	4.9254e-10
857	0.99665	0.0033476	1.3703e-07	5.8242e-10
858	0.99688	0.0031189	1.2145e-07	5.349e-10
859	0.99098	0.0090204	1.1191e-07	1.2697e-09
860	0.98685	0.01315	1.0293e-07	1.6774e-09
861	0.98426	0.015741	9.4371e-08	1.8364e-09
862	0.98306	0.016936	8.6111e-08	1.8047e-09
863	0.98326	0.016739	7.8175e-08	1.6205e-09
864	0.98487	0.015135	7.0459e-08	1.3194e-09
865	0.9879	0.0121	6.275e-08	9.3694e-10
866	0.99263	0.0073701	5.5078e-08	4.9589e-10
867	0.99936	0.00063854	4.7345e-08	2.9272e-11
868	0.9981	0.001896	5.4867e-08	9.9424e-11
869	0.99782	0.0021771	6.0275e-08	1.2637e-10
870	0.99663	0.0033661	6.3541e-08	2.1172e-10
871	0.99648	0.003518	6.4793e-08	2.3308e-10
872	0.99721	0.002788	6.5909e-08	1.8962e-10
873	0.99883	0.0011656	6.6804e-08	7.8331e-11
874	0.99822	0.0017761	6.7271e-08	1.1349e-10
875	0.99669	0.0033098	6.5536e-08	2.0368e-10
876	0.9961	0.0039044	6.3685e-08	2.2189e-10
877	0.99409	0.0059081	5.9624e-08	3.0647e-10
878	0.98861	0.011394	5.5235e-08	5.18e-10
879	0.85249	0.14751	6.7931e-08	1.4005e-08
880	0.75798	0.24202	7.4958e-08	3.0452e-08
881	0.68492	0.31508	8.1024e-08	4.8791e-08
882	0.62859	0.37141	8.6948e-08	6.8264e-08
883	0.58455	0.41545	9.2977e-08	8.8507e-08
884	0.55098	0.44902	9.982e-08	1.0908e-07
885	0.52519	0.47481	1.075e-07	1.2987e-07
886	0.50617	0.49383	1.1653e-07	1.5065e-07
887	0.49267	0.50733	1.2716e-07	1.7134e-07
888	0.48382	0.51618	1.3965e-07	1.9181e-07
889	0.4788	0.5212	1.5406e-07	2.1189e-07
890	0.47756	0.52243	1.7106e-07	2.3135e-07
891	0.48004	0.51996	1.9124e-07	2.4981e-07
892	0.46975	0.53025	2.0346e-07	2.7316e-07
893	0.46539	0.53461	2.1584e-07	2.9338e-07
894	0.46451	0.53549	2.3124e-07	3.1245e-07
895	0.46847	0.53153	2.4733e-07	3.2795e-07
896	0.47613	0.52387	2.6747e-07	3.4138e-07
897	0.49039	0.50961	2.8996e-07	3.4937e-07
898	0.51315	0.48685	3.1625e-07	3.5052e-07
899	0.54355	0.45645	3.5114e-07	3.454e-07
900	0.58282	0.41718	3.9665e-07	3.3191e-07
901	0.59551	0.40449	4.2664e-07	3.3645e-07
902	0.61622	0.38377	4.6078e-07	3.3339e-07
903	0.64656	0.35343	5.0074e-07	3.2126e-07
904	0.68983	0.31017	5.4918e-07	2.9739e-07
905	0.7462	0.2538	6.1456e-07	2.5954e-07
906	0.82784	0.17216	6.9922e-07	1.9873e-07
907	0.85858	0.14142	7.4691e-07	1.7788e-07
908	0.87086	0.12914	7.7462e-07	1.731e-07
909	0.88791	0.11209	8.1116e-07	1.6299e-07
910	0.91041	0.089588	8.5775e-07	1.4618e-07
911	0.83405	0.16595	7.6756e-07	2.0505e-07
912	0.77949	0.22051	6.9512e-07	2.4235e-07
913	0.74081	0.25919	6.3503e-07	2.635e-07
914	0.7109	0.2891	5.8835e-07	2.7452e-07
915	0.69125	0.30874	5.477e-07	2.7568e-07
916	0.67928	0.32072	5.1068e-07	2.6936e-07
917	0.67145	0.32855	4.8051e-07	2.5933e-07
918	0.66864	0.33136	4.5126e-07	2.4484e-07
919	0.66951	0.33049	4.2764e-07	2.2809e-07
920	0.67571	0.32429	4.0403e-07	2.0763e-07
921	0.66958	0.33042	3.6964e-07	1.944e-07
922	0.66726	0.33274	3.4071e-07	1.7905e-07
923	0.67014	0.32986	3.113e-07	1.605e-07
924	0.67806	0.32194	2.8073e-07	1.3958e-07
925	0.69013	0.30987	2.536e-07	1.182e-07
926	0.7099	0.2901	2.2449e-07	9.5084e-08
927	0.73607	0.26393	1.9785e-07	7.2423e-08
928	0.77363	0.22637	1.678e-07	4.9645e-08
929	0.82272	0.17728	1.39e-07	2.8856e-08
930	0.8865	0.1135	1.1021e-07	1.1066e-08
931	0.91425	0.085754	1.1631e-07	9.0365e-09
932	0.95065	0.049347	1.241e-07	5.5846e-09
933	0.99725	0.002745	1.3388e-07	3.4283e-10
934	0.99671	0.0032909	1.3857e-07	4.4288e-10
935	0.99703	0.002974	1.4384e-07	4.1443e-10
936	0.99844	0.0015626	1.4678e-07	2.2704e-10
937	0.99745	0.0025501	1.4699e-07	3.9011e-10
938	0.98779	0.012212	1.4632e-07	1.8745e-09
939	0.98137	0.018632	1.4375e-07	2.8831e-09
940	0.92927	0.070729	1.3156e-07	1.1134e-08
941	0.88924	0.11076	1.222e-07	1.6938e-08
942	0.85813	0.14187	1.1477e-07	2.0991e-08
943	0.8342	0.1658	1.0885e-07	2.3682e-08
944	0.818	0.182	1.0207e-07	2.4972e-08
945	0.80777	0.19223	9.4251e-08	2.5061e-08
