#coord	neutral	conserved	gBGC.neutral	gBGC.conserved
1	0.94165	0.058342	4.0103e-06	2.4646e-07
2	0.95263	0.047367	3.3799e-06	1.6435e-07
3	0.96734	0.032655	2.7719e-06	8.702e-08
4	0.98927	0.010729	2.1412e-06	1.5332e-08
5	0.99892	0.001073	2.0437e-06	1.5073e-09
6	0.99893	0.0010646	1.9279e-06	1.7161e-09
7	0.99834	0.0016605	1.8156e-06	2.8839e-09
8	0.99662	0.003377	1.7055e-06	5.8614e-09
9	0.99584	0.0041617	1.6011e-06	6.8948e-09
10	0.99597	0.0040256	1.5023e-06	6.3147e-09
11	0.99466	0.0053381	1.4048e-06	7.8225e-09
12	0.99432	0.0056764	1.3121e-06	7.739e-09
13	0.9923	0.0077012	1.2132e-06	9.749e-09
14	0.99145	0.0085505	1.1197e-06	9.9767e-09
15	0.99202	0.007982	1.0237e-06	8.595e-09
16	0.99374	0.0062598	9.322e-07	6.189e-09
17	0.99354	0.0064564	8.4195e-07	5.7568e-09
18	0.99434	0.0056607	7.5524e-07	4.5053e-09
19	0.99622	0.0037802	6.7206e-07	2.6297e-09
20	0.99666	0.0033375	5.8413e-07	1.994e-09
21	0.99799	0.0020097	4.9907e-07	9.811e-10
22	0.99602	0.0039792	4.8591e-07	1.96e-09
23	0.99504	0.0049585	4.7345e-07	2.3946e-09
24	0.995	0.0050025	4.616e-07	2.3507e-09
25	0.99589	0.0041137	4.5032e-07	1.8636e-09
26	0.998	0.0020024	4.3724e-07	8.7063e-10
27	0.99719	0.002811	4.2055e-07	1.1801e-09
28	0.99734	0.0026598	4.0196e-07	1.0792e-09
29	0.99831	0.001693	3.8383e-07	6.576e-10
30	0.99856	0.0014402	3.6593e-07	5.2363e-10
31	0.99827	0.0017337	3.4555e-07	5.9127e-10
32	0.99705	0.0029514	3.2496e-07	9.3034e-10
33	0.99668	0.0033148	3.0474e-07	9.5147e-10
34	0.99716	0.0028445	2.8478e-07	7.1288e-10
35	0.99668	0.0033203	2.6225e-07	7.2146e-10
36	0.99704	0.0029619	2.3994e-07	5.0684e-10
37	0.99646	0.0035424	2.7273e-07	8.1575e-10
38	0.99676	0.0032439	3.0622e-07	8.9241e-10
39	0.996	0.0039979	3.3698e-07	1.29e-09
40	0.99359	0.0064102	3.6384e-07	2.3737e-09
41	0.99236	0.0076407	3.9149e-07	3.1037e-09
42	0.99219	0.0078139	4.1988e-07	3.4354e-09
43	0.99306	0.0069395	4.4915e-07	3.2804e-09
44	0.99503	0.0049686	4.7947e-07	2.5178e-09
45	0.99821	0.0017904	5.1105e-07	9.8213e-10
46	0.99789	0.0021097	5.4145e-07	1.2099e-09
47	0.99835	0.0016508	5.7306e-07	9.9276e-10
48	0.99808	0.0019197	6.0509e-07	1.1907e-09
49	0.99683	0.0031691	6.3721e-07	2.0122e-09
50	0.9937	0.0062999	6.654e-07	4.1598e-09
51	0.96673	0.033266	6.7807e-07	2.2564e-08
52	0.94781	0.052189	6.9214e-07	3.6974e-08
53	0.93346	0.066542	7.0949e-07	4.8833e-08
54	0.92403	0.075967	7.2723e-07	5.7719e-08
55	0.91851	0.081489	7.4506e-07	6.3939e-08
56	0.91629	0.083707	7.6287e-07	6.764e-08
57	0.91652	0.08348	7.8364e-07	6.9235e-08
58	0.8881	0.1119	7.8165e-07	9.489e-08
59	0.82064	0.17936	7.4171e-07	1.5594e-07
60	0.77255	0.22745	7.1366e-07	2.0259e-07
61	0.73859	0.26141	6.9447e-07	2.3794e-07
62	0.71249	0.28751	6.8268e-07	2.6642e-07
63	0.69564	0.30436	6.766e-07	2.867e-07
64	0.65071	0.34929	6.3597e-07	3.3521e-07
65	0.61914	0.38086	6.0606e-07	3.7065e-07
66	0.59548	0.40452	5.8501e-07	3.9778e-07
67	0.58056	0.41944	5.7065e-07	4.1585e-07
68	0.57055	0.42945	5.6205e-07	4.2867e-07
69	0.56451	0.43549	5.5807e-07	4.3723e-07
70	0.56211	0.43789	5.5837e-07	4.4189e-07
71	0.56458	0.43542	5.6184e-07	4.4109e-07
72	0.57219	0.42781	5.6872e-07	4.3461e-07
73	0.58398	0.41602	5.8047e-07	4.2363e-07
74	0.60354	0.39646	5.9792e-07	4.0457e-07
75	0.63	0.37	6.2314e-07	3.783e-07
76	0.66444	0.33556	6.5726e-07	3.4354e-07
77	0.71501	0.28499	7.047e-07	2.9302e-07
78	0.70919	0.29081	6.9703e-07	2.983e-07
79	0.68701	0.31299	6.7425e-07	3.1948e-07
80	0.67054	0.32945	6.58e-07	3.3459e-07
81	0.65886	0.34114	6.4724e-07	3.4466e-07
82	0.6513	0.3487	6.4124e-07	3.5041e-07
83	0.64925	0.35074	6.3863e-07	3.5034e-07
84	0.65066	0.34934	6.4016e-07	3.4656e-07
85	0.65751	0.34248	6.4509e-07	3.3696e-07
86	0.67073	0.32927	6.5419e-07	3.2075e-07
87	0.6912	0.3088	6.6811e-07	2.9736e-07
88	0.71825	0.28175	6.8902e-07	2.6745e-07
89	0.7584	0.2416	7.1948e-07	2.2549e-07
90	0.815	0.185	7.6167e-07	1.6939e-07
91	0.83773	0.16227	7.6853e-07	1.4599e-07
92	0.86794	0.13206	7.8261e-07	1.1615e-07
93	0.91224	0.087759	8.0511e-07	7.5281e-08
94	0.90447	0.095532	7.7917e-07	8.0289e-08
95	0.88068	0.11932	7.4115e-07	9.805e-08
96	0.86443	0.13557	7.0771e-07	1.0871e-07
97	0.85256	0.14744	6.7933e-07	1.1492e-07
98	0.84559	0.15441	6.5288e-07	1.1672e-07
99	0.84278	0.15722	6.2752e-07	1.1492e-07
100	0.843	0.157	6.0541e-07	1.1064e-07
101	0.84751	0.15249	5.8381e-07	1.0327e-07
102	0.85691	0.14309	5.6264e-07	9.2862e-08
103	0.8705	0.1295	5.4446e-07	8.0244e-08
104	0.89081	0.10919	5.2689e-07	6.4517e-08
105	0.91783	0.082172	5.1275e-07	4.6137e-08
106	0.95267	0.047325	5.0189e-07	2.5066e-08
107	0.96635	0.033651	4.7914e-07	1.6602e-08
108	0.98433	0.01567	4.5823e-07	6.8127e-09
109	0.99135	0.0086474	4.3178e-07	3.0395e-09
110	0.9859	0.014096	3.9769e-07	4.3352e-09
111	0.98222	0.017777	3.65e-07	4.6902e-09
112	0.97283	0.027172	3.9207e-07	9.4521e-09
113	0.96619	0.033808	4.204e-07	1.3536e-08
114	0.96176	0.038236	4.4989e-07	1.6957e-08
115	0.91369	0.086309	4.5737e-07	4.2911e-08
116	0.88074	0.11926	4.6719e-07	6.3966e-08
117	0.85855	0.14145	4.7867e-07	8.0827e-08
118	0.84216	0.15784	4.9321e-07	9.5233e-08
119	0.83218	0.16782	5.0849e-07	1.0639e-07
120	0.82729	0.17271	5.2429e-07	1.1454e-07
121	0.82544	0.17456	5.4245e-07	1.2074e-07
122	0.8265	0.1735	5.6316e-07	1.2485e-07
123	0.83055	0.16945	5.867e-07	1.2662e-07
124	0.82538	0.17462	6.0112e-07	1.3497e-07
125	0.82326	0.17674	6.1833e-07	1.4104e-07
126	0.82407	0.17592	6.3846e-07	1.4472e-07
127	0.82788	0.17212	6.6182e-07	1.4575e-07
128	0.83658	0.16342	6.8705e-07	1.4233e-07
129	0.85074	0.14925	7.1492e-07	1.338e-07
130	0.87019	0.12981	7.4903e-07	1.1979e-07
131	0.87685	0.12315	7.6977e-07	1.1654e-07
132	0.88683	0.11317	7.9461e-07	1.0983e-07
133	0.90071	0.099293	8.2438e-07	9.8863e-08
134	0.92121	0.07879	8.5832e-07	8.1168e-08
135	0.94838	0.051619	9.0075e-07	5.5886e-08
136	0.95844	0.041559	9.2785e-07	4.6705e-08
137	0.96082	0.039178	9.5142e-07	4.4931e-08
138	0.96529	0.034712	9.7855e-07	4.0687e-08
139	0.96504	0.034955	9.9781e-07	4.1617e-08
140	0.96659	0.033412	1.0203e-06	4.0483e-08
141	0.97002	0.029981	1.0462e-06	3.7025e-08
142	0.97556	0.024442	1.0761e-06	3.0795e-08
143	0.98356	0.016436	1.1107e-06	2.1116e-08
144	0.99436	0.0056431	1.1506e-06	7.3024e-09
145	0.99922	0.00077525	1.18e-06	1.0371e-09
146	0.99981	0.00018522	1.2053e-06	2.5247e-10
147	0.99975	0.00024913	1.2309e-06	3.3198e-10
148	0.99868	0.0013208	1.2468e-06	1.8397e-09
149	0.99845	0.001546	1.261e-06	2.2969e-09
150	0.97921	0.020789	1.2572e-06	2.922e-08
151	0.96447	0.035526	1.2604e-06	5.0476e-08
152	0.95341	0.046584	1.2695e-06	6.7062e-08
153	0.94633	0.053665	1.2807e-06	7.8702e-08
154	0.94186	0.058137	1.2969e-06	8.6744e-08
155	0.94049	0.059507	1.3144e-06	9.0553e-08
156	0.94127	0.058725	1.3367e-06	9.112e-08
157	0.94426	0.055739	1.3639e-06	8.8218e-08
158	0.94182	0.058182	1.3798e-06	9.3622e-08
159	0.94154	0.058458	1.4006e-06	9.5636e-08
160	0.94341	0.056586	1.4266e-06	9.4145e-08
161	0.94742	0.05258	1.4576e-06	8.8988e-08
162	0.95394	0.046059	1.4948e-06	7.928e-08
163	0.96321	0.036792	1.5388e-06	6.4311e-08
164	0.95902	0.040982	1.5571e-06	7.2095e-08
165	0.916	0.083996	1.5057e-06	1.4658e-07
166	0.88555	0.11444	1.4705e-06	2.02e-07
167	0.86254	0.13745	1.4493e-06	2.4491e-07
168	0.80725	0.19275	1.3659e-06	3.4725e-07
169	0.76481	0.23519	1.3063e-06	4.2732e-07
170	0.73248	0.26752	1.2655e-06	4.9007e-07
171	0.71106	0.28894	1.2398e-06	5.3483e-07
172	0.69554	0.30446	1.2261e-06	5.6912e-07
173	0.68621	0.31378	1.2205e-06	5.9256e-07
174	0.68205	0.31794	1.2217e-06	6.0652e-07
175	0.68158	0.31842	1.2313e-06	6.1349e-07
176	0.66862	0.33138	1.2144e-06	6.4411e-07
177	0.66022	0.33978	1.2077e-06	6.66e-07
178	0.65584	0.34416	1.2101e-06	6.8019e-07
179	0.6552	0.3448	1.2212e-06	6.871e-07
180	0.65801	0.34199	1.2406e-06	6.8706e-07
181	0.61519	0.38481	1.1689e-06	7.7542e-07
182	0.58518	0.41482	1.1178e-06	8.4039e-07
183	0.56277	0.43723	1.0831e-06	8.9048e-07
184	0.50726	0.49274	9.7859e-07	1.0076e-06
185	0.4646	0.5354	9.0103e-07	1.0991e-06
186	0.43463	0.56537	8.4524e-07	1.1663e-06
187	0.41167	0.58833	8.0457e-07	1.2193e-06
188	0.39444	0.60556	7.7627e-07	1.261e-06
189	0.38428	0.61572	7.5985e-07	1.2883e-06
190	0.37791	0.62209	7.5208e-07	1.3079e-06
191	0.3768	0.6232	7.5319e-07	1.316e-06
192	0.3792	0.6208	7.6276e-07	1.3169e-06
193	0.38701	0.61299	7.818e-07	1.3058e-06
194	0.40125	0.59875	8.1232e-07	1.2807e-06
195	0.42381	0.57619	8.5776e-07	1.2381e-06
196	0.45645	0.54354	9.2114e-07	1.1752e-06
197	0.49843	0.50157	1.0052e-06	1.0925e-06
198	0.55209	0.44791	1.1157e-06	9.8467e-07
199	0.62044	0.37955	1.2597e-06	8.4439e-07
200	0.64854	0.35146	1.3106e-06	7.8874e-07
201	0.68567	0.31433	1.382e-06	7.1425e-07
202	0.73424	0.26576	1.4792e-06	6.1541e-07
203	0.75109	0.24891	1.5177e-06	5.8021e-07
204	0.77365	0.22635	1.5708e-06	5.3194e-07
205	0.78026	0.21974	1.586e-06	5.186e-07
206	0.7906	0.2094	1.6112e-06	4.9681e-07
207	0.80707	0.19293	1.6466e-06	4.6194e-07
208	0.8295	0.1705	1.6973e-06	4.1348e-07
209	0.82219	0.17781	1.6842e-06	4.306e-07
210	0.81813	0.18187	1.68e-06	4.4034e-07
211	0.75723	0.24277	1.5545e-06	5.7381e-07
212	0.70956	0.29044	1.4595e-06	6.7811e-07
213	0.67246	0.32754	1.3889e-06	7.5953e-07
214	0.64384	0.35616	1.3378e-06	8.2283e-07
215	0.62441	0.37558	1.3028e-06	8.6737e-07
216	0.61026	0.38974	1.2805e-06	9.0045e-07
217	0.60059	0.39941	1.2692e-06	9.2384e-07
218	0.59627	0.40373	1.2669e-06	9.3554e-07
219	0.59575	0.40425	1.2747e-06	9.387e-07
220	0.59899	0.40101	1.2928e-06	9.3316e-07
221	0.58835	0.41164	1.2765e-06	9.5818e-07
222	0.55562	0.44437	1.2027e-06	1.0325e-06
223	0.53052	0.46948	1.148e-06	1.089e-06
224	0.51378	0.48622	1.1094e-06	1.1267e-06
225	0.50187	0.49813	1.0832e-06	1.1532e-06
226	0.46388	0.53612	1.0012e-06	1.2367e-06
227	0.43838	0.56162	9.4393e-07	1.2929e-06
228	0.42125	0.57875	9.0314e-07	1.3301e-06
229	0.41062	0.58938	8.751e-07	1.352e-06
230	0.40417	0.59583	8.5797e-07	1.3643e-06
231	0.40121	0.59879	8.4983e-07	1.3686e-06
232	0.40342	0.59658	8.5114e-07	1.361e-06
233	0.40935	0.59065	8.6188e-07	1.3451e-06
234	0.41907	0.58093	8.8212e-07	1.3208e-06
235	0.43348	0.56652	9.1421e-07	1.2859e-06
236	0.45545	0.54455	9.6068e-07	1.2342e-06
237	0.4848	0.5152	1.0253e-06	1.1655e-06
238	0.49371	0.50629	1.0421e-06	1.1422e-06
239	0.50729	0.49271	1.0707e-06	1.1084e-06
240	0.52916	0.47083	1.1148e-06	1.0565e-06
241	0.56103	0.43897	1.1773e-06	9.835e-07
242	0.60289	0.3971	1.2633e-06	8.8849e-07
243	0.6565	0.3435	1.3769e-06	7.6716e-07
244	0.72484	0.27516	1.5255e-06	6.1214e-07
245	0.82355	0.17645	1.7342e-06	3.9415e-07
246	0.951	0.048995	2.01e-06	1.1083e-07
247	0.99708	0.0029159	2.1084e-06	7.018e-09
248	0.99858	0.0014205	2.1084e-06	3.6113e-09
249	0.99451	0.005488	2.0973e-06	1.3174e-08
250	0.96138	0.038616	2.0212e-06	8.9837e-08
251	0.93611	0.063889	1.9658e-06	1.4766e-07
252	0.9167	0.083297	1.9259e-06	1.9174e-07
253	0.90357	0.096426	1.8965e-06	2.2233e-07
254	0.89436	0.10564	1.8781e-06	2.4378e-07
255	0.88846	0.11154	1.8692e-06	2.576e-07
256	0.82591	0.17409	1.7291e-06	3.9972e-07
257	0.77778	0.22222	1.6246e-06	5.0795e-07
258	0.74098	0.25902	1.5479e-06	5.9018e-07
259	0.71258	0.28742	1.4915e-06	6.535e-07
260	0.69099	0.30901	1.4516e-06	7.0177e-07
261	0.67689	0.32311	1.4247e-06	7.3427e-07
262	0.66874	0.33126	1.408e-06	7.5382e-07
263	0.66432	0.33568	1.4011e-06	7.6492e-07
264	0.66468	0.33532	1.4021e-06	7.6543e-07
265	0.66874	0.33125	1.413e-06	7.5753e-07
266	0.67802	0.32198	1.4327e-06	7.3814e-07
267	0.69165	0.30835	1.4637e-06	7.0879e-07
268	0.69267	0.30732	1.4641e-06	7.0711e-07
269	0.6798	0.32019	1.4355e-06	7.3589e-07
270	0.67119	0.32881	1.418e-06	7.5495e-07
271	0.6666	0.3334	1.4111e-06	7.6493e-07
272	0.64638	0.35362	1.3674e-06	8.091e-07
273	0.63339	0.36661	1.3367e-06	8.3741e-07
274	0.62471	0.37529	1.3173e-06	8.5582e-07
275	0.62173	0.37827	1.3077e-06	8.6156e-07
276	0.62406	0.37594	1.3071e-06	8.5549e-07
277	0.63026	0.36973	1.3166e-06	8.4081e-07
278	0.62429	0.37571	1.2969e-06	8.5254e-07
279	0.62192	0.37807	1.2867e-06	8.5605e-07
280	0.62304	0.37696	1.2856e-06	8.5178e-07
281	0.62795	0.37204	1.2944e-06	8.391e-07
282	0.63699	0.36301	1.3139e-06	8.1722e-07
283	0.65073	0.34927	1.3457e-06	7.8464e-07
284	0.67192	0.32808	1.3909e-06	7.3584e-07
285	0.69984	0.30016	1.4531e-06	6.715e-07
286	0.70922	0.29078	1.4709e-06	6.486e-07
287	0.72545	0.27454	1.5003e-06	6.1114e-07
288	0.75069	0.2493	1.5452e-06	5.5523e-07
289	0.71412	0.28588	1.4536e-06	6.3284e-07
290	0.68591	0.31409	1.3834e-06	6.9039e-07
291	0.66493	0.33507	1.3316e-06	7.312e-07
292	0.64947	0.35053	1.2936e-06	7.5958e-07
293	0.64082	0.35918	1.2671e-06	7.7353e-07
294	0.63623	0.36376	1.251e-06	7.7865e-07
295	0.63697	0.36303	1.2432e-06	7.7263e-07
296	0.64148	0.35852	1.2447e-06	7.5877e-07
297	0.64976	0.35024	1.2553e-06	7.3712e-07
298	0.66408	0.33592	1.2751e-06	7.0348e-07
299	0.68368	0.31632	1.3069e-06	6.5915e-07
300	0.71017	0.28982	1.3544e-06	6.0071e-07
301	0.74463	0.25537	1.4196e-06	5.2574e-07
302	0.79516	0.20483	1.5127e-06	4.2003e-07
303	0.86081	0.13919	1.6385e-06	2.8322e-07
304	0.88834	0.11166	1.6818e-06	2.2607e-07
305	0.92452	0.075474	1.7443e-06	1.5141e-07
306	0.97542	0.024581	1.8306e-06	4.9951e-08
307	0.96745	0.03255	1.8025e-06	6.4597e-08
308	0.96189	0.038107	1.7809e-06	7.4281e-08
309	0.95926	0.040742	1.7616e-06	7.852e-08
310	0.95002	0.049981	1.7268e-06	9.5165e-08
311	0.94371	0.056289	1.6999e-06	1.0581e-07
312	0.94051	0.059493	1.6757e-06	1.1071e-07
313	0.93941	0.060593	1.6572e-06	1.1152e-07
314	0.94125	0.058748	1.6407e-06	1.0716e-07
315	0.94539	0.054609	1.6301e-06	9.865e-08
316	0.95209	0.047908	1.6258e-06	8.5574e-08
317	0.96308	0.036914	1.6254e-06	6.5534e-08
318	0.97775	0.022247	1.6327e-06	3.9264e-08
319	0.97749	0.022505	1.6108e-06	3.9238e-08
320	0.97877	0.021231	1.5933e-06	3.654e-08
321	0.98204	0.017958	1.5759e-06	3.0702e-08
322	0.98718	0.012815	1.5633e-06	2.1833e-08
323	0.98857	0.011425	1.5462e-06	1.9209e-08
324	0.99127	0.0087286	1.5326e-06	1.4468e-08
325	0.9915	0.0084945	1.5166e-06	1.374e-08
326	0.99321	0.0067879	1.4997e-06	1.0801e-08
327	0.99648	0.0035162	1.4822e-06	5.6215e-09
328	0.9955	0.0045034	1.4597e-06	7.0191e-09
329	0.99546	0.0045413	1.4402e-06	6.9318e-09
330	0.99633	0.0036688	1.4235e-06	5.4761e-09
331	0.99585	0.0041496	1.4063e-06	5.9812e-09
332	0.99649	0.0035073	1.3877e-06	4.9314e-09
333	0.99826	0.0017364	1.3677e-06	2.3894e-09
334	0.99732	0.0026771	1.3454e-06	3.5595e-09
335	0.99739	0.0026078	1.3215e-06	3.3858e-09
336	0.99653	0.0034643	1.2935e-06	4.4245e-09
337	0.99669	0.0033051	1.2639e-06	4.157e-09
338	0.99774	0.0022574	1.2369e-06	2.7591e-09
339	0.99992	7.7622e-05	1.2083e-06	9.4136e-11
340	0.9983	0.001701	1.1772e-06	1.9913e-09
341	0.99765	0.0023455	1.1444e-06	2.692e-09
342	0.99779	0.0022135	1.1138e-06	2.4576e-09
343	0.99413	0.0058678	1.0761e-06	6.3593e-09
344	0.99185	0.008153	1.0415e-06	8.5129e-09
345	0.9911	0.0089028	1.0057e-06	8.9945e-09
346	0.99178	0.0082164	9.6826e-07	8.047e-09
347	0.9903	0.0097015	9.3e-07	9.1492e-09
348	0.98995	0.010044	8.9409e-07	9.0642e-09
349	0.99102	0.0089835	8.5658e-07	7.7611e-09
350	0.9936	0.0064039	8.174e-07	5.3207e-09
351	0.99755	0.0024504	7.8028e-07	1.9634e-09
352	0.99928	0.00071909	7.4273e-07	5.4696e-10
353	0.99911	0.00088945	7.0471e-07	6.25e-10
354	0.99967	0.00032711	6.6443e-07	2.1059e-10
355	0.9993	0.00069904	6.6382e-07	4.8132e-10
356	0.99844	0.0015567	6.6337e-07	1.085e-09
357	0.99834	0.0016607	6.6393e-07	1.1672e-09
358	0.99744	0.0025638	6.6444e-07	1.7909e-09
359	0.99734	0.0026617	6.6586e-07	1.8561e-09
360	0.99804	0.00196	6.6819e-07	1.3633e-09
361	0.998	0.0020028	6.6757e-07	1.3965e-09
362	0.99707	0.0029331	6.6686e-07	2.0232e-09
363	0.99699	0.0030061	6.6724e-07	2.0524e-09
364	0.9979	0.002096	6.6586e-07	1.4331e-09
365	0.9997	0.00030276	6.6543e-07	2.0354e-10
366	0.99993	6.7063e-05	6.6142e-07	4.5801e-11
367	0.99941	0.00058622	6.5756e-07	3.9054e-10
368	0.9951	0.0048971	6.524e-07	3.1569e-09
369	0.99253	0.0074701	6.4596e-07	4.7988e-09
370	0.99141	0.008585	6.3806e-07	5.4888e-09
371	0.99164	0.0083628	6.286e-07	5.3228e-09
372	0.993	0.0070029	6.2038e-07	4.4156e-09
373	0.99558	0.0044172	6.1338e-07	2.738e-09
374	0.99644	0.0035577	6.0278e-07	2.1796e-09
375	0.99829	0.0017048	5.9324e-07	1.0226e-09
376	0.99904	0.0009611	5.8059e-07	5.7273e-10
377	0.99913	0.00086863	5.6805e-07	5.0635e-10
378	0.99986	0.00013448	5.5617e-07	7.4628e-11
379	0.99938	0.0006148	5.4121e-07	3.2892e-10
380	0.9985	0.0014961	5.2357e-07	7.835e-10
381	0.99835	0.0016473	5.0663e-07	8.2616e-10
382	0.99908	0.00091596	4.8765e-07	4.4048e-10
383	0.9994	0.00060337	4.6596e-07	2.8201e-10
384	0.99942	0.0005842	4.4456e-07	2.6001e-10
385	0.99926	0.00074304	4.2061e-07	3.1856e-10
386	0.99864	0.0013562	3.9676e-07	5.4745e-10
387	0.99873	0.0012704	3.7343e-07	4.7769e-10
388	0.99822	0.0017825	3.5008e-07	6.1376e-10
389	0.99855	0.0014485	3.247e-07	4.5446e-10
390	0.99966	0.00034236	2.9984e-07	7.2801e-11
391	0.99823	0.0017666	3.3634e-07	5.8505e-10
392	0.99762	0.002379	3.7357e-07	8.9079e-10
393	0.99797	0.0020319	4.0854e-07	8.534e-10
394	0.99746	0.0025414	4.4369e-07	1.1718e-09
395	0.99776	0.0022393	4.8e-07	1.1228e-09
396	0.99889	0.001106	5.1764e-07	6.0405e-10
397	0.9981	0.0019039	5.5165e-07	1.1157e-09
398	0.99805	0.001948	5.8678e-07	1.2241e-09
399	0.99714	0.0028627	6.2231e-07	1.8951e-09
400	0.99447	0.0055286	6.5743e-07	3.8149e-09
401	0.99295	0.0070521	6.9409e-07	5.0972e-09
402	0.99272	0.0072838	7.2888e-07	5.5494e-09
403	0.99375	0.0062489	7.6194e-07	5.0547e-09
404	0.993	0.0070009	7.9471e-07	5.9355e-09
405	0.9933	0.006697	8.2953e-07	5.9404e-09
406	0.99184	0.0081574	8.5991e-07	7.5508e-09
407	0.98707	0.012926	8.881e-07	1.2346e-08
408	0.98402	0.015977	9.1893e-07	1.5746e-08
409	0.9738	0.026198	9.395e-07	2.665e-08
410	0.96649	0.033506	9.6382e-07	3.5072e-08
411	0.96216	0.037836	9.8798e-07	4.0881e-08
412	0.95988	0.040115	1.0155e-06	4.4631e-08
413	0.95995	0.040053	1.0427e-06	4.5948e-08
414	0.96236	0.037644	1.0697e-06	4.4641e-08
415	0.96683	0.033168	1.1006e-06	4.0713e-08
416	0.97366	0.026337	1.1361e-06	3.3598e-08
417	0.97552	0.024483	1.1628e-06	3.2304e-08
418	0.97913	0.020872	1.1933e-06	2.8622e-08
419	0.97932	0.020674	1.2165e-06	2.9281e-08
420	0.98095	0.019046	1.2429e-06	2.7977e-08
421	0.97902	0.020977	1.2656e-06	3.1527e-08
422	0.97862	0.02138	1.2919e-06	3.2969e-08
423	0.97972	0.020281	1.322e-06	3.2221e-08
424	0.98239	0.01761	1.3562e-06	2.9032e-08
425	0.98745	0.012545	1.3909e-06	2.2245e-08
426	0.9953	0.0046991	1.4269e-06	1.1196e-08
427	0.99545	0.0045451	1.3729e-06	9.5819e-09
428	0.99681	0.0031883	1.3174e-06	6.1815e-09
429	0.99919	0.00081125	1.2652e-06	1.4049e-09
430	0.99786	0.0021395	1.2036e-06	2.8073e-09
431	0.9866	0.013402	1.1337e-06	1.4751e-08
432	0.97819	0.02181	1.0701e-06	2.2289e-08
433	0.9723	0.027702	1.012e-06	2.6333e-08
434	0.9692	0.030802	9.5382e-07	2.7222e-08
435	0.96848	0.031519	8.9477e-07	2.5689e-08
436	0.96223	0.037773	8.3362e-07	2.8259e-08
437	0.94641	0.053588	7.6938e-07	3.6371e-08
438	0.93579	0.064205	7.0723e-07	3.94e-08
439	0.92922	0.070777	6.4576e-07	3.8742e-08
440	0.92534	0.074656	5.8842e-07	3.5751e-08
441	0.92476	0.075235	5.3014e-07	3.0583e-08
442	0.82231	0.17769	4.8315e-07	9.9883e-08
443	0.74167	0.25833	4.4706e-07	1.586e-07
444	0.67943	0.32057	4.2088e-07	2.0783e-07
445	0.63518	0.36482	4.0219e-07	2.4732e-07
446	0.60081	0.39919	3.8941e-07	2.8109e-07
447	0.57707	0.42293	3.812e-07	3.0809e-07
448	0.55973	0.44027	3.7752e-07	3.3086e-07
449	0.54967	0.45033	3.7703e-07	3.4818e-07
450	0.54386	0.45614	3.7999e-07	3.6235e-07
451	0.54193	0.45807	3.8624e-07	3.7354e-07
452	0.54376	0.45624	3.9584e-07	3.817e-07
453	0.54919	0.45081	4.0876e-07	3.8676e-07
454	0.55883	0.44117	4.2583e-07	3.8805e-07
455	0.57329	0.4267	4.4789e-07	3.8477e-07
456	0.59546	0.40454	4.7509e-07	3.7409e-07
457	0.60064	0.39936	4.892e-07	3.771e-07
458	0.60998	0.39002	5.0787e-07	3.7603e-07
459	0.62375	0.37625	5.3154e-07	3.7034e-07
460	0.62383	0.37616	5.4349e-07	3.7683e-07
461	0.62931	0.37069	5.586e-07	3.7777e-07
462	0.64029	0.35971	5.7722e-07	3.7288e-07
463	0.63724	0.36276	5.8303e-07	3.8122e-07
464	0.63946	0.36053	5.9196e-07	3.8403e-07
465	0.64528	0.35472	6.0515e-07	3.8301e-07
466	0.63718	0.36282	6.0498e-07	3.9582e-07
467	0.63285	0.36715	6.0912e-07	4.0478e-07
468	0.63335	0.36665	6.1622e-07	4.0844e-07
469	0.63875	0.36125	6.2649e-07	4.0659e-07
470	0.64831	0.35169	6.4205e-07	4.0007e-07
471	0.66493	0.33507	6.6302e-07	3.8571e-07
472	0.66751	0.33249	6.7049e-07	3.8584e-07
473	0.67393	0.32607	6.8302e-07	3.8159e-07
474	0.68431	0.31569	7.0077e-07	3.7265e-07
475	0.70189	0.29811	7.2433e-07	3.5541e-07
476	0.70402	0.29598	7.3166e-07	3.5496e-07
477	0.70963	0.29037	7.437e-07	3.5038e-07
478	0.72117	0.27883	7.6019e-07	3.3884e-07
479	0.73776	0.26224	7.8359e-07	3.2114e-07
480	0.76048	0.23952	8.1546e-07	2.9577e-07
481	0.79022	0.20978	8.5706e-07	2.6132e-07
482	0.82866	0.17134	9.1089e-07	2.1534e-07
483	0.87795	0.12204	9.8024e-07	1.5459e-07
484	0.89522	0.10478	1.0114e-06	1.3307e-07
485	0.92031	0.079685	1.0497e-06	1.0171e-07
486	0.9293	0.070694	1.0692e-06	9.0252e-08
487	0.93094	0.069054	1.0766e-06	8.8044e-08
488	0.93563	0.064371	1.0852e-06	8.2145e-08
489	0.94289	0.057104	1.0979e-06	7.2874e-08
490	0.93338	0.066615	1.0875e-06	8.4124e-08
491	0.92698	0.07302	1.082e-06	9.1499e-08
492	0.92312	0.076883	1.0805e-06	9.5721e-08
493	0.92158	0.07842	1.0829e-06	9.7045e-08
494	0.92302	0.076979	1.0861e-06	9.4798e-08
495	0.9276	0.072403	1.0905e-06	8.8777e-08
496	0.92515	0.074845	1.0876e-06	9.1075e-08
497	0.92566	0.074342	1.0856e-06	8.9875e-08
498	0.92854	0.071463	1.0876e-06	8.5688e-08
499	0.93502	0.064984	1.0911e-06	7.7259e-08
500	0.94595	0.054046	1.0969e-06	6.3736e-08
501	0.96066	0.03934	1.1081e-06	4.5657e-08
502	0.95904	0.040962	1.0972e-06	4.699e-08
503	0.95931	0.040694	1.0896e-06	4.603e-08
504	0.96216	0.037834	1.0821e-06	4.2185e-08
505	0.96046	0.039543	1.0668e-06	4.3501e-08
506	0.95211	0.047892	1.0407e-06	5.2093e-08
507	0.94652	0.053483	1.0192e-06	5.7248e-08
508	0.94319	0.056805	1.0013e-06	5.969e-08
509	0.94283	0.057173	9.8372e-07	5.8972e-08
510	0.94512	0.054879	9.6624e-07	5.5527e-08
511	0.9276	0.072403	9.3048e-07	7.1617e-08
512	0.91445	0.085547	9.0073e-07	8.2525e-08
513	0.90609	0.093912	8.7336e-07	8.8436e-08
514	0.90159	0.098405	8.4736e-07	9.0351e-08
515	0.89981	0.10019	8.2518e-07	8.9443e-08
516	0.90129	0.098709	8.0343e-07	8.5502e-08
517	0.90546	0.094542	7.8503e-07	7.9173e-08
518	0.91383	0.086168	7.6725e-07	6.9516e-08
519	0.92699	0.073006	7.5022e-07	5.6502e-08
520	0.93038	0.069617	7.2605e-07	5.1599e-08
521	0.93745	0.062547	7.017e-07	4.416e-08
522	0.94773	0.052269	6.8031e-07	3.4724e-08
523	0.95013	0.049866	6.5396e-07	3.1175e-08
524	0.95478	0.045221	6.2988e-07	2.6211e-08
525	0.96181	0.038193	6.078e-07	1.9906e-08
526	0.97268	0.027315	5.8505e-07	1.1709e-08
527	0.97052	0.029476	6.341e-07	1.5182e-08
528	0.96999	0.030009	6.8538e-07	1.7746e-08
529	0.97114	0.028855	7.395e-07	1.9115e-08
530	0.97406	0.02594	7.9691e-07	1.8956e-08
531	0.97967	0.020327	8.5363e-07	1.6334e-08
532	0.97518	0.024816	9.0364e-07	2.1989e-08
533	0.97314	0.026857	9.5237e-07	2.5753e-08
534	0.97276	0.02724	1.0045e-06	2.7959e-08
535	0.97392	0.026074	1.06e-06	2.8467e-08
536	0.9768	0.023202	1.1198e-06	2.6818e-08
537	0.98156	0.018438	1.1845e-06	2.2443e-08
538	0.98942	0.010579	1.2501e-06	1.3712e-08
539	0.98282	0.017176	1.2998e-06	2.3242e-08
540	0.97824	0.021763	1.3536e-06	3.0634e-08
541	0.93215	0.067852	1.3425e-06	9.9556e-08
542	0.89943	0.10057	1.3425e-06	1.5403e-07
543	0.87736	0.12264	1.3522e-06	1.9553e-07
544	0.8624	0.1376	1.3682e-06	2.277e-07
545	0.85161	0.14839	1.392e-06	2.5394e-07
546	0.84436	0.15564	1.4229e-06	2.7486e-07
547	0.84026	0.15973	1.4608e-06	2.9073e-07
548	0.84009	0.15991	1.5023e-06	2.9986e-07
549	0.84381	0.15619	1.5479e-06	3.0172e-07
550	0.85065	0.14935	1.602e-06	2.9707e-07
551	0.86097	0.13903	1.666e-06	2.8456e-07
552	0.87705	0.12295	1.7392e-06	2.5964e-07
553	0.89838	0.10161	1.8276e-06	2.217e-07
554	0.92617	0.073827	1.9349e-06	1.6692e-07
555	0.93711	0.062884	2.0113e-06	1.4615e-07
556	0.93024	0.069755	2.0443e-06	1.6529e-07
557	0.92595	0.074052	2.0852e-06	1.7896e-07
558	0.92398	0.076016	2.1338e-06	1.8736e-07
559	0.91292	0.087077	2.1633e-06	2.1752e-07
560	0.90619	0.093803	2.1983e-06	2.3861e-07
561	0.90338	0.096616	2.2386e-06	2.5078e-07
562	0.90316	0.096838	2.2885e-06	2.563e-07
563	0.90551	0.094484	2.3484e-06	2.5475e-07
564	0.91136	0.088641	2.4143e-06	2.4363e-07
565	0.90927	0.090731	2.4619e-06	2.5352e-07
566	0.91061	0.089382	2.515e-06	2.542e-07
567	0.90389	0.096105	2.5401e-06	2.7804e-07
568	0.82228	0.17772	2.3548e-06	5.1607e-07
569	0.76393	0.23607	2.2232e-06	6.97e-07
570	0.72249	0.27751	2.1319e-06	8.3435e-07
571	0.62372	0.37627	1.8529e-06	1.1561e-06
572	0.5473	0.45269	1.6421e-06	1.4121e-06
573	0.49456	0.50543	1.4944e-06	1.602e-06
574	0.45332	0.54668	1.3829e-06	1.7575e-06
575	0.42546	0.57453	1.3079e-06	1.8737e-06
576	0.40467	0.59533	1.2566e-06	1.9682e-06
577	0.39111	0.60889	1.225e-06	2.0403e-06
578	0.38178	0.61822	1.2084e-06	2.0992e-06
579	0.37614	0.62386	1.2053e-06	2.1464e-06
580	0.35308	0.64692	1.1458e-06	2.2524e-06
581	0.33566	0.66433	1.1053e-06	2.3412e-06
582	0.32324	0.67676	1.0823e-06	2.4146e-06
583	0.28754	0.71246	9.7584e-07	2.5689e-06
584	0.26243	0.73756	9.0023e-07	2.6897e-06
585	0.24354	0.75646	8.4673e-07	2.7903e-06
586	0.22963	0.77037	8.1118e-07	2.8751e-06
587	0.2198	0.78019	7.9067e-07	2.9469e-06
588	0.21445	0.78555	7.8379e-07	3.0025e-06
589	0.21298	0.78702	7.8941e-07	3.043e-06
590	0.21431	0.78569	8.0722e-07	3.0734e-06
591	0.21854	0.78146	8.3823e-07	3.0926e-06
592	0.21219	0.7878	8.2633e-07	3.1521e-06
593	0.21023	0.78977	8.294e-07	3.1939e-06
594	0.21196	0.78803	8.4568e-07	3.2199e-06
595	0.21759	0.78241	8.7636e-07	3.2289e-06
596	0.22655	0.77345	9.2306e-07	3.224e-06
597	0.23912	0.76088	9.8762e-07	3.2032e-06
598	0.2588	0.7412	1.0812e-06	3.1505e-06
599	0.2882	0.71179	1.2147e-06	3.0552e-06
600	0.32972	0.67027	1.3979e-06	2.9073e-06
601	0.38354	0.61646	1.6415e-06	2.7015e-06
602	0.45867	0.54133	1.9751e-06	2.4028e-06
603	0.55562	0.44437	2.4174e-06	1.9981e-06
604	0.56431	0.43569	2.4726e-06	1.9772e-06
605	0.57733	0.42267	2.5511e-06	1.9358e-06
606	0.59541	0.40459	2.657e-06	1.8695e-06
607	0.59856	0.40143	2.692e-06	1.8706e-06
608	0.60568	0.39432	2.7492e-06	1.8527e-06
609	0.6169	0.38309	2.8297e-06	1.8142e-06
610	0.63491	0.36508	2.9394e-06	1.7432e-06
611	0.66167	0.33832	3.0875e-06	1.6304e-06
612	0.69712	0.30287	3.2847e-06	1.4717e-06
613	0.7491	0.2509	3.5578e-06	1.2336e-06
614	0.81659	0.1834	3.9185e-06	9.1116e-07
615	0.90397	0.096025	4.3943e-06	4.7742e-07
616	0.91452	0.085477	4.4816e-06	4.2806e-07
617	0.92893	0.071066	4.5939e-06	3.5723e-07
618	0.94998	0.050018	4.736e-06	2.5264e-07
619	0.95706	0.042931	4.8126e-06	2.1723e-07
620	0.96851	0.03149	4.9071e-06	1.5957e-07
621	0.98581	0.014182	5.0271e-06	7.2109e-08
622	0.98262	0.017375	5.0382e-06	8.918e-08
623	0.98092	0.019073	5.0609e-06	9.8358e-08
624	0.98113	0.018862	5.0888e-06	9.8024e-08
625	0.98328	0.016711	5.1221e-06	8.7915e-08
626	0.98707	0.012927	5.1686e-06	6.876e-08
627	0.99273	0.0072649	5.23e-06	3.8923e-08
628	0.98685	0.013148	5.2254e-06	7.0931e-08
629	0.98279	0.017202	5.2346e-06	9.2951e-08
630	0.98091	0.019084	5.2505e-06	1.0388e-07
631	0.98095	0.019042	5.2721e-06	1.0478e-07
632	0.98245	0.017542	5.3062e-06	9.739e-08
633	0.98543	0.014569	5.3526e-06	8.1479e-08
634	0.97966	0.020336	5.3552e-06	1.1325e-07
635	0.97651	0.023488	5.367e-06	1.3146e-07
636	0.97555	0.024443	5.386e-06	1.3796e-07
637	0.97651	0.023483	5.4113e-06	1.3413e-07
638	0.9791	0.020892	5.4504e-06	1.207e-07
639	0.98339	0.016604	5.5036e-06	9.7098e-08
640	0.98422	0.015777	5.5328e-06	9.3375e-08
641	0.98648	0.013518	5.5749e-06	8.1043e-08
642	0.99023	0.0097693	5.6302e-06	5.9533e-08
643	0.98735	0.012642	5.652e-06	7.6567e-08
644	0.97927	0.020729	5.6482e-06	1.2369e-07
645	0.97415	0.025849	5.6563e-06	1.5473e-07
646	0.97144	0.028559	5.6735e-06	1.7232e-07
647	0.97046	0.029531	5.7059e-06	1.7926e-07
648	0.97155	0.028447	5.746e-06	1.7434e-07
649	0.97428	0.025714	5.8006e-06	1.5894e-07
650	0.97966	0.020336	5.8663e-06	1.2789e-07
651	0.98741	0.012587	5.9523e-06	8.1214e-08
652	0.9665	0.03349	5.8653e-06	2.1256e-07
653	0.95252	0.047473	5.8139e-06	3.0374e-07
654	0.94235	0.057645	5.7916e-06	3.7052e-07
655	0.93516	0.064836	5.7924e-06	4.1841e-07
656	0.93161	0.068386	5.8104e-06	4.4461e-07
657	0.93041	0.069583	5.8485e-06	4.5537e-07
658	0.93206	0.067933	5.9e-06	4.4847e-07
659	0.93595	0.06404	5.9711e-06	4.2618e-07
660	0.94247	0.057521	6.0658e-06	3.8531e-07
661	0.94214	0.057849	6.1206e-06	3.8889e-07
662	0.94474	0.055256	6.1895e-06	3.7362e-07
663	0.9506	0.049398	6.2751e-06	3.3686e-07
664	0.95928	0.040711	6.3866e-06	2.7923e-07
665	0.97239	0.027603	6.5237e-06	1.915e-07
666	0.9777	0.022293	6.6028e-06	1.5699e-07
667	0.97875	0.021243	6.6592e-06	1.5074e-07
668	0.98131	0.018687	6.7315e-06	1.3339e-07
669	0.98019	0.019803	6.7909e-06	1.4056e-07
670	0.96132	0.038677	6.7071e-06	2.7324e-07
671	0.94881	0.051182	6.6599e-06	3.6439e-07
672	0.94067	0.059325	6.6374e-06	4.2639e-07
673	0.91799	0.082007	6.5158e-06	5.9264e-07
674	0.90241	0.097579	6.4375e-06	7.1109e-07
675	0.89096	0.10903	6.3942e-06	7.9904e-07
676	0.88299	0.11701	6.3811e-06	8.6143e-07
677	0.87936	0.12063	6.3933e-06	8.9371e-07
678	0.87961	0.12038	6.4284e-06	8.9856e-07
679	0.88343	0.11657	6.4845e-06	8.7793e-07
680	0.89032	0.10968	6.5698e-06	8.3316e-07
681	0.88897	0.11102	6.5887e-06	8.5029e-07
682	0.89031	0.10968	6.6339e-06	8.4629e-07
683	0.89425	0.10574	6.7044e-06	8.2152e-07
684	0.90101	0.098981	6.8029e-06	7.7364e-07
685	0.91097	0.089024	6.9331e-06	6.9871e-07
686	0.92681	0.073187	7.1043e-06	5.78e-07
687	0.95062	0.049376	7.3322e-06	3.9563e-07
688	0.98191	0.018086	7.631e-06	1.479e-07
689	0.99438	0.0056084	7.7889e-06	4.6617e-08
690	0.99901	0.0009827	7.8894e-06	8.1288e-09
691	0.99827	0.0017191	7.9402e-06	1.4022e-08
692	0.99839	0.0016052	7.9928e-06	1.3293e-08
693	0.99926	0.00073216	8.0575e-06	6.2081e-09
694	0.99627	0.0037227	8.0978e-06	3.0804e-08
695	0.99475	0.0052433	8.1443e-06	4.3981e-08
696	0.99442	0.0055691	8.1953e-06	4.7629e-08
697	0.99233	0.0076579	8.2382e-06	6.6037e-08
698	0.99138	0.0086141	8.2962e-06	7.4711e-08
699	0.99175	0.0082385	8.3602e-06	7.247e-08
700	0.98983	0.010163	8.4107e-06	8.9845e-08
701	0.98948	0.01051	8.4689e-06	9.4165e-08
702	0.98658	0.013412	8.4986e-06	1.2199e-07
703	0.98512	0.014871	8.5475e-06	1.3668e-07
704	0.98501	0.014981	8.6151e-06	1.3898e-07
705	0.98624	0.01375	8.7016e-06	1.287e-07
706	0.98922	0.010773	8.7985e-06	1.029e-07
707	0.99385	0.006144	8.9182e-06	6.0736e-08
708	0.99542	0.0045684	9.0169e-06	4.6289e-08
709	0.99553	0.004465	9.1092e-06	4.5606e-08
710	0.98937	0.010625	9.1333e-06	1.0735e-07
711	0.98505	0.014942	9.1813e-06	1.513e-07
712	0.94958	0.050409	8.9333e-06	4.9997e-07
713	0.92202	0.077974	8.7665e-06	7.7383e-07
714	0.90352	0.096468	8.6742e-06	9.6745e-07
715	0.89115	0.10885	8.6322e-06	1.1054e-06
716	0.88261	0.11738	8.6358e-06	1.2048e-06
717	0.87718	0.12281	8.677e-06	1.2731e-06
718	0.87454	0.12545	8.7533e-06	1.3128e-06
719	0.87579	0.1242	8.862e-06	1.3143e-06
720	0.88073	0.11926	9.0026e-06	1.2785e-06
721	0.88892	0.11107	9.1875e-06	1.2058e-06
722	0.90064	0.099349	9.4208e-06	1.0914e-06
723	0.91655	0.083444	9.7126e-06	9.2555e-07
724	0.93969	0.060302	1.008e-05	6.7841e-07
725	0.97016	0.029832	1.0549e-05	3.3743e-07
726	0.98358	0.016412	1.082e-05	1.884e-07
727	0.98348	0.016504	1.0929e-05	1.9186e-07
728	0.98521	0.014777	1.1052e-05	1.7532e-07
729	0.98846	0.011532	1.1202e-05	1.402e-07
730	0.99408	0.0059065	1.1372e-05	7.7895e-08
731	0.99335	0.0066371	1.1477e-05	8.973e-08
732	0.99013	0.0098591	1.1556e-05	1.3439e-07
733	0.98217	0.017815	1.1562e-05	2.4603e-07
734	0.97711	0.022879	1.1597e-05	3.2219e-07
735	0.97388	0.026107	1.1665e-05	3.7388e-07
736	0.96456	0.035432	1.1637e-05	5.1575e-07
737	0.95868	0.041304	1.1647e-05	6.128e-07
738	0.95563	0.044361	1.1689e-05	6.728e-07
739	0.95459	0.0454	1.1767e-05	7.0419e-07
740	0.94776	0.052232	1.1749e-05	8.2583e-07
741	0.94407	0.055922	1.1768e-05	9.0361e-07
742	0.93083	0.069158	1.1642e-05	1.1353e-06
743	0.92117	0.078817	1.1578e-05	1.3111e-06
744	0.91455	0.08544	1.1569e-05	1.4402e-06
745	0.91143	0.088561	1.1604e-05	1.5195e-06
746	0.91147	0.08852	1.1678e-05	1.5538e-06
747	0.91386	0.086124	1.1794e-05	1.5527e-06
748	0.91965	0.080338	1.1952e-05	1.5048e-06
749	0.92834	0.071651	1.2161e-05	1.4135e-06
750	0.94177	0.058218	1.2428e-05	1.2579e-06
751	0.94542	0.054571	1.2392e-05	1.1527e-06
752	0.95255	0.047432	1.2408e-05	9.8874e-07
753	0.96278	0.037205	1.2489e-05	7.6842e-07
754	0.9765	0.023486	1.2643e-05	4.8362e-07
755	0.9948	0.0051843	1.2893e-05	1.1179e-07
756	0.99428	0.0057089	1.2737e-05	1.1492e-07
757	0.95752	0.042464	1.2096e-05	6.2302e-07
758	0.92943	0.070562	1.1598e-05	9.9662e-07
759	0.86325	0.13674	1.0578e-05	1.8859e-06
760	0.81605	0.18393	9.8145e-06	2.5128e-06
761	0.77996	0.22003	9.2289e-06	2.9701e-06
762	0.7521	0.24788	8.7723e-06	3.3054e-06
763	0.73093	0.26906	8.4181e-06	3.5451e-06
764	0.71772	0.28227	8.1588e-06	3.6843e-06
765	0.70903	0.29096	7.9678e-06	3.7625e-06
766	0.70584	0.29415	7.8373e-06	3.7746e-06
767	0.68907	0.31092	7.5331e-06	3.9551e-06
768	0.67711	0.32288	7.3003e-06	4.0706e-06
769	0.67073	0.32926	7.1295e-06	4.1191e-06
770	0.66818	0.33181	7.0129e-06	4.1203e-06
771	0.65165	0.34834	6.7451e-06	4.2808e-06
772	0.60981	0.39018	6.1745e-06	4.7389e-06
773	0.57799	0.422	5.7411e-06	5.0662e-06
774	0.55363	0.44636	5.4075e-06	5.2992e-06
775	0.53747	0.46252	5.162e-06	5.4398e-06
776	0.52639	0.4736	4.9826e-06	5.5201e-06
777	0.51967	0.48032	4.8582e-06	5.5511e-06
778	0.49236	0.50763	4.5247e-06	5.7963e-06
779	0.47391	0.52608	4.281e-06	5.9475e-06
780	0.46086	0.53913	4.1029e-06	6.0385e-06
781	0.45417	0.54582	3.9854e-06	6.0647e-06
782	0.45135	0.54864	3.9127e-06	6.0514e-06
783	0.45331	0.54668	3.8817e-06	5.9924e-06
784	0.43957	0.56042	3.7012e-06	6.0875e-06
785	0.43173	0.56826	3.5755e-06	6.1241e-06
786	0.42755	0.57244	3.4906e-06	6.1243e-06
787	0.42679	0.5732	3.4425e-06	6.0922e-06
788	0.43131	0.56868	3.4373e-06	6.0132e-06
789	0.43981	0.56018	3.471e-06	5.9001e-06
790	0.45284	0.54715	3.5478e-06	5.7486e-06
791	0.47124	0.52875	3.6745e-06	5.5519e-06
792	0.4962	0.5038	3.8618e-06	5.2994e-06
793	0.52932	0.47067	4.1243e-06	4.9762e-06
794	0.57277	0.42723	4.4822e-06	4.5624e-06
795	0.62832	0.37167	4.9522e-06	4.0407e-06
796	0.70609	0.2939	5.5987e-06	3.3384e-06
797	0.73556	0.26443	5.8252e-06	3.0628e-06
798	0.77371	0.22628	6.1343e-06	2.709e-06
799	0.77199	0.228	6.0661e-06	2.728e-06
800	0.75856	0.24143	5.87e-06	2.8703e-06
801	0.7496	0.25039	5.7276e-06	2.964e-06
802	0.74601	0.25398	5.6326e-06	3.0058e-06
803	0.74732	0.25267	5.578e-06	3.0027e-06
804	0.75218	0.24781	5.5609e-06	2.9672e-06
805	0.76091	0.23908	5.5825e-06	2.8981e-06
806	0.77406	0.22593	5.6466e-06	2.7914e-06
807	0.77559	0.2244	5.5996e-06	2.7914e-06
808	0.73648	0.26351	5.1372e-06	2.9799e-06
809	0.70916	0.29083	4.7679e-06	3.0687e-06
810	0.68888	0.31111	4.4714e-06	3.0953e-06
811	0.67398	0.32601	4.2287e-06	3.0771e-06
812	0.66574	0.33425	4.0294e-06	3.0091e-06
813	0.66124	0.33876	3.8657e-06	2.9144e-06
814	0.66152	0.33847	3.7286e-06	2.7871e-06
815	0.66552	0.33447	3.6231e-06	2.6377e-06
816	0.67349	0.3265	3.5487e-06	2.4663e-06
817	0.68563	0.31436	3.5041e-06	2.2732e-06
818	0.7055	0.29449	3.495e-06	2.0385e-06
819	0.7318	0.26819	3.5234e-06	1.7745e-06
820	0.76954	0.23046	3.5978e-06	1.4586e-06
821	0.81885	0.18115	3.7301e-06	1.0939e-06
822	0.88181	0.11819	3.9246e-06	6.7525e-07
823	0.9062	0.093794	3.8802e-06	5.0363e-07
824	0.94215	0.057842	3.8732e-06	2.8791e-07
825	0.9882	0.011799	3.9077e-06	3.9056e-08
826	0.98892	0.01108	3.9421e-06	3.8006e-08
827	0.99131	0.0086811	3.9785e-06	3.0846e-08
828	0.99511	0.0048841	4.0238e-06	1.8078e-08
829	0.9938	0.0061983	4.0538e-06	2.4129e-08
830	0.99349	0.0065036	4.0914e-06	2.5981e-08
831	0.99418	0.0058172	4.1365e-06	2.3614e-08
832	0.99313	0.0068637	4.1782e-06	2.8203e-08
833	0.99333	0.0066657	4.2209e-06	2.7767e-08
834	0.99455	0.0054474	4.2716e-06	2.2784e-08
835	0.9943	0.0056999	4.3118e-06	2.412e-08
836	0.99504	0.0049549	4.3604e-06	2.0964e-08
837	0.99712	0.0028712	4.4105e-06	1.2021e-08
838	0.99582	0.0041757	4.4315e-06	1.8023e-08
839	0.99562	0.004375	4.4534e-06	1.9285e-08
840	0.99635	0.0036438	4.4833e-06	1.6238e-08
841	0.99601	0.0039805	4.5042e-06	1.807e-08
842	0.99655	0.0034455	4.5325e-06	1.5816e-08
843	0.99799	0.0020087	4.5687e-06	9.2481e-09
844	0.99669	0.0033051	4.5881e-06	1.536e-08
845	0.99644	0.0035561	4.6083e-06	1.6791e-08
846	0.99471	0.0052901	4.6255e-06	2.5102e-08
847	0.99398	0.0060118	4.651e-06	2.8561e-08
848	0.99452	0.0054723	4.6781e-06	2.626e-08
849	0.99606	0.0039335	4.7136e-06	1.8994e-08
850	0.9963	0.0036945	4.7385e-06	1.8062e-08
851	0.99742	0.002571	4.7714e-06	1.2716e-08
852	0.9995	0.00050007	4.8127e-06	2.5203e-09
853	0.99966	0.00033868	4.8491e-06	1.6786e-09
854	0.99973	0.00026115	4.8791e-06	1.3303e-09
855	0.99893	0.0010665	4.9087e-06	5.4073e-09
856	0.99726	0.0027382	4.9296e-06	1.414e-08
857	0.99665	0.0033475	4.9515e-06	1.7705e-08
858	0.99688	0.0031189	4.9815e-06	1.691e-08
859	0.99097	0.0090204	4.9738e-06	4.9719e-08
860	0.98684	0.01315	4.9795e-06	7.2883e-08
861	0.98425	0.015741	4.9971e-06	8.7729e-08
862	0.98306	0.016936	5.026e-06	9.5036e-08
863	0.98326	0.016739	5.0669e-06	9.4701e-08
864	0.98486	0.015134	5.1199e-06	8.6467e-08
865	0.98789	0.0121	5.1852e-06	6.9933e-08
866	0.99262	0.0073701	5.2653e-06	4.316e-08
867	0.99936	0.00063854	5.3626e-06	3.7862e-09
868	0.9981	0.001896	5.4086e-06	1.0799e-08
869	0.99782	0.002177	5.4552e-06	1.2649e-08
870	0.99663	0.0033661	5.492e-06	2.002e-08
871	0.99648	0.003518	5.5302e-06	2.1708e-08
872	0.99721	0.002788	5.5781e-06	1.8196e-08
873	0.99883	0.0011656	5.6356e-06	9.3081e-09
874	0.99822	0.0017761	5.6184e-06	1.2626e-08
875	0.99668	0.0033097	5.5922e-06	2.1956e-08
876	0.99609	0.0039043	5.5761e-06	2.5543e-08
877	0.99409	0.005908	5.5465e-06	3.8189e-08
878	0.9886	0.011394	5.4999e-06	7.2075e-08
879	0.85248	0.14751	4.6302e-06	9.247e-07
880	0.75798	0.24202	4.01e-06	1.5236e-06
881	0.68492	0.31508	3.5393e-06	1.9768e-06
882	0.62859	0.37141	3.1827e-06	2.3193e-06
883	0.58455	0.41544	2.9082e-06	2.5827e-06
884	0.55098	0.44902	2.7025e-06	2.7805e-06
885	0.52519	0.4748	2.5469e-06	2.931e-06
886	0.50616	0.49383	2.4342e-06	3.0416e-06
887	0.49266	0.50733	2.3562e-06	3.1206e-06
888	0.48382	0.51617	2.307e-06	3.1736e-06
889	0.4788	0.5212	2.2812e-06	3.2059e-06
890	0.47756	0.52243	2.2787e-06	3.2179e-06
891	0.48004	0.51995	2.2991e-06	3.2099e-06
892	0.46975	0.53025	2.246e-06	3.272e-06
893	0.46538	0.53461	2.2212e-06	3.3026e-06
894	0.46451	0.53549	2.2179e-06	3.3143e-06
895	0.46847	0.53152	2.2373e-06	3.3003e-06
896	0.47613	0.52387	2.279e-06	3.2664e-06
897	0.49039	0.5096	2.352e-06	3.1981e-06
898	0.51315	0.48685	2.4647e-06	3.0867e-06
899	0.54355	0.45645	2.6212e-06	2.9346e-06
900	0.58282	0.41717	2.829e-06	2.7339e-06
901	0.59551	0.40449	2.8985e-06	2.6743e-06
902	0.61622	0.38377	3.0064e-06	2.5729e-06
903	0.64656	0.35343	3.1598e-06	2.4226e-06
904	0.68983	0.31017	3.3735e-06	2.2086e-06
905	0.7462	0.2538	3.6612e-06	1.924e-06
906	0.82783	0.17216	4.0682e-06	1.5163e-06
907	0.85858	0.14142	4.1647e-06	1.2158e-06
908	0.87086	0.12914	4.0952e-06	1.0752e-06
909	0.88791	0.11209	4.0596e-06	9.0905e-07
910	0.91041	0.089588	4.0591e-06	7.1523e-07
911	0.83404	0.16595	3.6201e-06	1.0106e-06
912	0.77949	0.22051	3.2825e-06	1.1998e-06
913	0.7408	0.25919	3.0169e-06	1.3123e-06
914	0.71089	0.2891	2.8029e-06	1.3785e-06
915	0.69125	0.30874	2.6302e-06	1.3987e-06
916	0.67928	0.32071	2.4864e-06	1.3853e-06
917	0.67145	0.32855	2.3658e-06	1.3538e-06
918	0.66864	0.33136	2.2607e-06	1.3024e-06
919	0.6695	0.33049	2.174e-06	1.2382e-06
920	0.67571	0.32429	2.1002e-06	1.1564e-06
921	0.66958	0.33042	1.9806e-06	1.1161e-06
922	0.66726	0.33274	1.8789e-06	1.0634e-06
923	0.67014	0.32986	1.788e-06	9.9535e-07
924	0.67805	0.32194	1.7053e-06	9.1462e-07
925	0.69012	0.30987	1.6352e-06	8.2643e-07
926	0.7099	0.2901	1.5747e-06	7.2391e-07
927	0.73607	0.26393	1.527e-06	6.1369e-07
928	0.77363	0.22637	1.4891e-06	4.8911e-07
929	0.82271	0.17728	1.4671e-06	3.5427e-07
930	0.8865	0.1135	1.4622e-06	2.0798e-07
931	0.91424	0.085754	1.3704e-06	1.4347e-07
932	0.95065	0.049347	1.2884e-06	7.4833e-08
933	0.99725	0.002745	1.2141e-06	3.6274e-09
934	0.99671	0.0032909	1.0761e-06	3.6243e-09
935	0.99703	0.002974	9.441e-07	2.6523e-09
936	0.99844	0.0015626	8.081e-07	9.1554e-10
937	0.99745	0.0025501	8.0556e-07	1.8348e-09
938	0.98779	0.012212	7.9652e-07	9.9354e-09
939	0.98137	0.018632	7.8763e-07	1.5395e-08
940	0.92927	0.070729	7.3714e-07	5.9954e-08
941	0.88924	0.11076	6.9862e-07	9.3179e-08
942	0.85813	0.14187	6.6873e-07	1.182e-07
943	0.8342	0.1658	6.4571e-07	1.3676e-07
944	0.818	0.182	6.2673e-07	1.4888e-07
945	0.80777	0.19223	6.1049e-07	1.559e-07
