#coord	neutral	conserved	gBGC.neutral	gBGC.conserved
1	0.94023	0.058254	0.0014216	9.1276e-05
2	0.95119	0.047295	0.0014384	7.4195e-05
3	0.96588	0.032606	0.0014618	5.0707e-05
4	0.98777	0.010713	0.0014956	1.6655e-05
5	0.99742	0.0010714	0.0015099	2.0393e-06
6	0.99743	0.001063	0.0015092	2.2963e-06
7	0.99683	0.001658	0.0015074	3.8302e-06
8	0.99512	0.0033719	0.0015033	7.9346e-06
9	0.99433	0.0041554	0.0015013	1.0209e-05
10	0.99447	0.0040195	0.0015012	1.0737e-05
11	0.99316	0.00533	0.0014954	1.2375e-05
12	0.99283	0.0056679	0.0014916	1.2292e-05
13	0.99081	0.0076897	0.0014845	1.5292e-05
14	0.98997	0.0085377	0.0014799	1.6271e-05
15	0.99054	0.0079701	0.0014772	1.5062e-05
16	0.99226	0.0062505	0.0014769	1.1848e-05
17	0.99207	0.0064469	0.0014736	1.1894e-05
18	0.99287	0.0056523	0.0014723	1.0264e-05
19	0.99475	0.0037746	0.0014732	6.7642e-06
20	0.99519	0.0033326	0.0014713	5.8825e-06
21	0.99652	0.0020068	0.0014711	3.5371e-06
22	0.99455	0.0039734	0.0014654	6.6246e-06
23	0.99358	0.0049512	0.0014615	8.103e-06
24	0.99354	0.0049951	0.0014594	8.0829e-06
25	0.99443	0.0041077	0.0014591	6.5702e-06
26	0.99654	0.0019995	0.0014603	3.2864e-06
27	0.99573	0.0028069	0.0014568	4.6207e-06
28	0.99588	0.002656	0.0014546	4.5524e-06
29	0.99685	0.0016905	0.0014539	3.1987e-06
30	0.99711	0.0014381	0.0014519	3.0936e-06
31	0.99682	0.0017312	0.0014485	4.1853e-06
32	0.99561	0.0029471	0.001437	5.8446e-06
33	0.99526	0.0033101	0.0014276	6.1143e-06
34	0.99573	0.0028404	0.0014201	5.0412e-06
35	0.99527	0.0033156	0.0014107	5.6198e-06
36	0.99563	0.0029578	0.0014031	4.8988e-06
37	0.99506	0.0035374	0.0013936	5.7234e-06
38	0.99537	0.0032394	0.0013861	5.1983e-06
39	0.99462	0.0039924	0.0013767	6.3481e-06
40	0.99222	0.0064014	0.0013643	1.0137e-05
41	0.991	0.0076303	0.0013543	1.204e-05
42	0.99084	0.0078033	0.0013466	1.2319e-05
43	0.99172	0.0069302	0.0013409	1.1023e-05
44	0.99369	0.0049619	0.0013373	8.0868e-06
45	0.99687	0.001788	0.001336	3.3349e-06
46	0.99656	0.0021069	0.0013298	3.9555e-06
47	0.99702	0.0016486	0.0013252	3.3965e-06
48	0.99676	0.0019172	0.0013197	4.1202e-06
49	0.99553	0.003165	0.0013022	5.3069e-06
50	0.99242	0.0062918	0.0012817	8.9118e-06
51	0.9655	0.033224	0.0012347	4.0082e-05
52	0.94662	0.052124	0.0011969	6.1629e-05
53	0.9323	0.06646	0.0011664	7.6799e-05
54	0.9229	0.075874	0.0011411	8.6258e-05
55	0.9174	0.08139	0.0011198	9.12e-05
56	0.9152	0.083607	0.0011018	9.2373e-05
57	0.91544	0.083381	0.0010879	9.0462e-05
58	0.88707	0.11177	0.0010417	0.00012044
59	0.8197	0.17915	0.00095178	0.00019349
60	0.77168	0.22719	0.0008837	0.00024426
61	0.73777	0.26112	0.00083151	0.00027865
62	0.71171	0.28719	0.00079087	0.00030248
63	0.69489	0.30403	0.00075993	0.00031611
64	0.65002	0.34892	0.00069809	0.00036017
65	0.6185	0.38046	0.00065099	0.00038904
66	0.59487	0.40411	0.00061516	0.00040768
67	0.57998	0.41901	0.00058824	0.00041695
68	0.56998	0.42903	0.00056808	0.00042044
69	0.56396	0.43507	0.00055317	0.00041954
70	0.56157	0.43747	0.00054286	0.00041485
71	0.56405	0.43501	0.00053661	0.00040575
72	0.57166	0.42741	0.00053442	0.00039223
73	0.58345	0.41564	0.00053679	0.00037496
74	0.603	0.39611	0.00054495	0.0003515
75	0.62945	0.36967	0.00055993	0.00032209
76	0.66387	0.33526	0.00058259	0.00028576
77	0.7144	0.28475	0.00061709	0.00023719
78	0.70859	0.29057	0.00060178	0.00023802
79	0.68645	0.31273	0.0005724	0.00025251
80	0.67	0.32919	0.00054946	0.00026138
81	0.65833	0.34087	0.00053173	0.00026579
82	0.65079	0.34843	0.00051834	0.00026658
83	0.64875	0.35047	0.00050873	0.00026323
84	0.65017	0.34907	0.00050259	0.00025711
85	0.65702	0.34223	0.00049994	0.00024715
86	0.67023	0.32903	0.00050119	0.00023293
87	0.6907	0.30858	0.00050667	0.00021415
88	0.71774	0.28155	0.00051735	0.00019088
89	0.75788	0.24143	0.0005355	0.00015978
90	0.81445	0.18487	0.00056248	0.00011948
91	0.83718	0.16216	0.00056543	0.00010281
92	0.86737	0.13197	0.0005738	8.1581e-05
93	0.91166	0.087702	0.00058912	5.2979e-05
94	0.9039	0.095472	0.00057142	5.6957e-05
95	0.88014	0.11925	0.00054512	7.0357e-05
96	0.86391	0.13548	0.00052331	7.8861e-05
97	0.85206	0.14735	0.0005055	8.4152e-05
98	0.8451	0.15432	0.00049028	8.6479e-05
99	0.8423	0.15713	0.00047707	8.6402e-05
100	0.84253	0.15691	0.00046653	8.4487e-05
101	0.84705	0.15241	0.00045773	8.042e-05
102	0.85646	0.14302	0.00045074	7.4121e-05
103	0.87006	0.12943	0.00044657	6.5834e-05
104	0.89037	0.10913	0.00044469	5.487e-05
105	0.91738	0.082132	0.00044657	4.0981e-05
106	0.95222	0.047302	0.00045254	2.3709e-05
107	0.9659	0.033635	0.00044894	1.6752e-05
108	0.98388	0.015663	0.00044791	7.8784e-06
109	0.99091	0.0086434	0.00044211	4.3754e-06
110	0.98547	0.01409	0.00042994	6.901e-06
111	0.9818	0.017769	0.00041934	8.4599e-06
112	0.97242	0.027161	0.00040578	1.2638e-05
113	0.9658	0.033795	0.00039433	1.5328e-05
114	0.96138	0.038221	0.00038453	1.6902e-05
115	0.91333	0.086275	0.00035774	3.5976e-05
116	0.8804	0.11922	0.00033707	4.8655e-05
117	0.85822	0.1414	0.0003207	5.677e-05
118	0.84184	0.15779	0.00030766	6.2064e-05
119	0.83188	0.16776	0.00029692	6.4806e-05
120	0.827	0.17265	0.00028788	6.5587e-05
121	0.82515	0.1745	0.00028054	6.5135e-05
122	0.82622	0.17344	0.00027476	6.3585e-05
123	0.83028	0.16939	0.00027045	6.0988e-05
124	0.82511	0.17457	0.00026265	6.1641e-05
125	0.823	0.17669	0.00025641	6.1164e-05
126	0.82382	0.17587	0.00025156	5.9674e-05
127	0.82762	0.17207	0.00024806	5.7207e-05
128	0.83633	0.16337	0.00024574	5.3355e-05
129	0.8505	0.14921	0.00024467	4.8074e-05
130	0.86994	0.12977	0.00024551	4.1284e-05
131	0.8766	0.12312	0.00024205	3.8585e-05
132	0.88659	0.11313	0.00023988	3.496e-05
133	0.90046	0.099266	0.00023913	3.0268e-05
134	0.92097	0.078769	0.00023976	2.4012e-05
135	0.94814	0.051606	0.00024253	1.5992e-05
136	0.9582	0.041549	0.0002407	1.2888e-05
137	0.96058	0.039169	0.00023702	1.1971e-05
138	0.96505	0.034704	0.00023422	1.0478e-05
139	0.96481	0.034947	0.00022991	1.0347e-05
140	0.96636	0.033404	0.0002264	9.7267e-06
141	0.96979	0.029974	0.00022366	8.6058e-06
142	0.97534	0.024436	0.00022174	6.9304e-06
143	0.98334	0.016432	0.00022072	4.6021e-06
144	0.99414	0.0056419	0.00022066	1.532e-06
145	0.99901	0.00077509	0.00021872	2.1312e-07
146	0.9996	0.00018518	0.00021586	5.0445e-08
147	0.99954	0.00024908	0.00021302	6.2297e-08
148	0.99847	0.0013205	0.00020983	3.2147e-07
149	0.99825	0.0015457	0.00020671	3.9507e-07
150	0.97901	0.020785	0.00019965	4.8979e-06
151	0.96428	0.035519	0.00019398	8.1858e-06
152	0.95323	0.046575	0.00018942	1.0527e-05
153	0.94615	0.053654	0.00018562	1.2017e-05
154	0.94168	0.058126	0.00018262	1.2878e-05
155	0.94031	0.059496	0.00018015	1.3118e-05
156	0.9411	0.058714	0.00017831	1.2884e-05
157	0.94408	0.055729	0.0001771	1.2183e-05
158	0.94164	0.058171	0.00017466	1.2623e-05
159	0.94137	0.058447	0.00017283	1.2593e-05
160	0.94324	0.056576	0.0001716	1.2112e-05
161	0.94725	0.052571	0.00017094	1.1194e-05
162	0.95377	0.046051	0.00017091	9.755e-06
163	0.96303	0.036786	0.00017157	7.7445e-06
164	0.95885	0.040974	0.00016947	8.4382e-06
165	0.91584	0.083981	0.00015999	1.6436e-05
166	0.8854	0.11443	0.00015278	2.2108e-05
167	0.8624	0.13743	0.0001473	2.6173e-05
168	0.80711	0.19272	0.00013568	3.6312e-05
169	0.76468	0.23515	0.00012692	4.3706e-05
170	0.73236	0.26747	0.00012033	4.9028e-05
171	0.71094	0.2889	0.00011555	5.2491e-05
172	0.69543	0.30441	0.00011203	5.4789e-05
173	0.6861	0.31373	0.00010949	5.6061e-05
174	0.68194	0.31789	0.00010776	5.6483e-05
175	0.68147	0.31837	0.00010679	5.6237e-05
176	0.66851	0.33133	0.0001036	5.8155e-05
177	0.66011	0.33973	0.00010137	5.9218e-05
178	0.65574	0.3441	9.9942e-05	5.9559e-05
179	0.6551	0.34474	9.9255e-05	5.9249e-05
180	0.65791	0.34194	9.9234e-05	5.8349e-05
181	0.6151	0.38475	9.1946e-05	6.4677e-05
182	0.58509	0.41475	8.6575e-05	6.9049e-05
183	0.56268	0.43716	8.2626e-05	7.2078e-05
184	0.50718	0.49267	7.3407e-05	8.0337e-05
185	0.46453	0.53532	6.6522e-05	8.6337e-05
186	0.43456	0.56529	6.148e-05	9.0461e-05
187	0.41161	0.58824	5.7699e-05	9.3389e-05
188	0.39438	0.60547	5.4918e-05	9.5378e-05
189	0.38422	0.61563	5.31e-05	9.6372e-05
190	0.37786	0.622	5.1939e-05	9.677e-05
191	0.37674	0.62311	5.1473e-05	9.6441e-05
192	0.37915	0.62071	5.1602e-05	9.558e-05
193	0.38695	0.6129	5.2429e-05	9.3992e-05
194	0.40119	0.59866	5.4067e-05	9.1561e-05
195	0.42375	0.57611	5.672e-05	8.8083e-05
196	0.45639	0.54347	6.0557e-05	8.339e-05
197	0.49836	0.5015	6.5741e-05	7.7413e-05
198	0.55201	0.44785	7.2637e-05	6.9786e-05
199	0.62036	0.3795	8.1723e-05	6.0031e-05
200	0.64845	0.35141	8.5016e-05	5.6032e-05
201	0.68558	0.31428	8.9684e-05	5.0728e-05
202	0.73414	0.26572	9.6115e-05	4.3728e-05
203	0.75099	0.24887	9.8167e-05	4.1177e-05
204	0.77354	0.22632	0.00010116	3.7743e-05
205	0.78015	0.21971	0.00010171	3.672e-05
206	0.79049	0.20937	0.0001029	3.5123e-05
207	0.80696	0.1929	0.00010486	3.2713e-05
208	0.82939	0.17047	0.00010781	2.9385e-05
209	0.82208	0.17778	0.00010645	3.0426e-05
210	0.81802	0.18184	0.00010568	3.095e-05
211	0.75712	0.24274	9.6299e-05	4.0036e-05
212	0.70946	0.2904	8.9156e-05	4.6944e-05
213	0.67237	0.3275	8.3751e-05	5.2171e-05
214	0.64375	0.35611	7.9708e-05	5.6088e-05
215	0.62433	0.37553	7.6839e-05	5.8803e-05
216	0.61018	0.38969	7.4819e-05	6.072e-05
217	0.60051	0.39936	7.351e-05	6.1977e-05
218	0.59619	0.40368	7.2857e-05	6.2551e-05
219	0.59567	0.4042	7.2813e-05	6.2571e-05
220	0.59891	0.40096	7.3375e-05	6.204e-05
221	0.58827	0.41159	7.2139e-05	6.3362e-05
222	0.55555	0.44432	6.788e-05	6.768e-05
223	0.53045	0.46941	6.4748e-05	7.092e-05
224	0.51371	0.48616	6.2607e-05	7.3143e-05
225	0.5018	0.49806	6.1194e-05	7.4686e-05
226	0.46382	0.53605	5.6536e-05	7.9524e-05
227	0.43832	0.56154	5.3332e-05	8.288e-05
228	0.42119	0.57867	5.1121e-05	8.5219e-05
229	0.41057	0.5893	4.9695e-05	8.6748e-05
230	0.40411	0.59575	4.8909e-05	8.7689e-05
231	0.40115	0.59871	4.8655e-05	8.8143e-05
232	0.40336	0.5965	4.902e-05	8.7953e-05
233	0.40929	0.59057	4.9962e-05	8.7236e-05
234	0.41901	0.58085	5.1504e-05	8.5967e-05
235	0.43342	0.56644	5.3809e-05	8.3988e-05
236	0.45538	0.54448	5.71e-05	8.0998e-05
237	0.48473	0.51513	6.161e-05	7.6844e-05
238	0.49364	0.50622	6.3098e-05	7.5683e-05
239	0.50722	0.49264	6.5365e-05	7.3801e-05
240	0.52909	0.47077	6.8732e-05	7.0788e-05
241	0.56095	0.43891	7.3416e-05	6.6431e-05
242	0.60281	0.39705	7.9751e-05	6.048e-05
243	0.6564	0.34346	8.8081e-05	5.2592e-05
244	0.72474	0.27512	9.8989e-05	4.2185e-05
245	0.82343	0.17642	0.00011425	2.7389e-05
246	0.95087	0.048988	0.00013456	7.6064e-06
247	0.99694	0.0029155	0.00014206	6.0062e-07
248	0.99844	0.0014203	0.0001427	3.9977e-07
249	0.99437	0.0054872	0.00014125	1.0923e-06
250	0.96125	0.038611	0.00013506	6.6072e-06
251	0.93598	0.06388	0.00013041	1.0673e-05
252	0.91657	0.083285	0.00012686	1.3697e-05
253	0.90345	0.096413	0.00012421	1.5783e-05
254	0.89423	0.10563	0.00012231	1.7195e-05
255	0.88834	0.11152	0.00012103	1.8057e-05
256	0.82579	0.17407	0.00011094	2.7694e-05
257	0.77768	0.22219	0.00010338	3.4862e-05
258	0.74088	0.25898	9.7762e-05	4.0159e-05
259	0.71248	0.28738	9.3543e-05	4.4114e-05
260	0.6909	0.30896	9.0433e-05	4.7016e-05
261	0.6768	0.32307	8.8277e-05	4.8933e-05
262	0.66865	0.33121	8.6882e-05	5.0057e-05
263	0.66423	0.33563	8.611e-05	5.0614e-05
264	0.66459	0.33528	8.5933e-05	5.0546e-05
265	0.66865	0.33121	8.6366e-05	4.9925e-05
266	0.67792	0.32194	8.7438e-05	4.8636e-05
267	0.69155	0.30831	8.9208e-05	4.6704e-05
268	0.69258	0.30728	8.914e-05	4.6575e-05
269	0.67971	0.32015	8.7211e-05	4.8363e-05
270	0.6711	0.32876	8.5976e-05	4.9509e-05
271	0.66651	0.33335	8.5395e-05	5.006e-05
272	0.64629	0.35357	8.2584e-05	5.2811e-05
273	0.6333	0.36656	8.068e-05	5.4625e-05
274	0.62463	0.37524	7.9472e-05	5.5796e-05
275	0.62165	0.37822	7.8967e-05	5.6232e-05
276	0.62398	0.37589	7.9112e-05	5.5987e-05
277	0.63018	0.36968	7.9877e-05	5.5178e-05
278	0.6242	0.37566	7.8882e-05	5.6098e-05
279	0.62184	0.37802	7.8475e-05	5.6481e-05
280	0.62295	0.37691	7.863e-05	5.6355e-05
281	0.62787	0.37199	7.9399e-05	5.567e-05
282	0.63691	0.36296	8.0842e-05	5.4368e-05
283	0.65065	0.34922	8.3071e-05	5.2338e-05
284	0.67183	0.32804	8.6275e-05	4.9303e-05
285	0.69975	0.30012	9.0611e-05	4.519e-05
286	0.70912	0.29074	9.2141e-05	4.3849e-05
287	0.72536	0.27451	9.455e-05	4.1595e-05
288	0.75059	0.24927	9.8101e-05	3.8164e-05
289	0.71402	0.28584	9.2704e-05	4.365e-05
290	0.68582	0.31405	8.8691e-05	4.7806e-05
291	0.66484	0.33502	8.5854e-05	5.0846e-05
292	0.64938	0.35048	8.3896e-05	5.306e-05
293	0.64073	0.35913	8.2789e-05	5.4392e-05
294	0.63615	0.36371	8.2347e-05	5.5117e-05
295	0.63689	0.36298	8.2567e-05	5.5147e-05
296	0.64139	0.35847	8.3413e-05	5.4611e-05
297	0.64967	0.35019	8.4892e-05	5.3498e-05
298	0.66399	0.33588	8.7151e-05	5.1573e-05
299	0.68358	0.31628	9.0301e-05	4.8814e-05
300	0.71008	0.28979	9.4644e-05	4.4927e-05
301	0.74453	0.25533	0.0001004	3.9686e-05
302	0.79505	0.2048	0.00010845	3.2115e-05
303	0.86069	0.13917	0.00011919	2.192e-05
304	0.88822	0.11164	0.00012387	1.775e-05
305	0.92439	0.075463	0.00013014	1.2066e-05
306	0.97528	0.024577	0.00013855	4.1935e-06
307	0.96731	0.032545	0.00013794	5.4229e-06
308	0.96175	0.038102	0.00013779	6.2682e-06
309	0.95912	0.040736	0.00013799	6.7037e-06
310	0.94988	0.049974	0.00013708	8.2108e-06
311	0.94357	0.056281	0.00013674	9.2341e-06
312	0.94037	0.059484	0.0001368	9.8129e-06
313	0.93927	0.060584	0.00013728	1.0045e-05
314	0.94111	0.058739	0.00013814	9.8492e-06
315	0.94525	0.054601	0.00013946	9.2678e-06
316	0.95195	0.047901	0.00014132	8.2441e-06
317	0.96294	0.036909	0.00014377	6.5735e-06
318	0.97761	0.022244	0.00014696	4.2474e-06
319	0.97735	0.022502	0.00014765	4.3727e-06
320	0.97862	0.021228	0.00014871	4.2257e-06
321	0.98189	0.017955	0.00015002	3.7646e-06
322	0.98703	0.012814	0.00015177	2.9662e-06
323	0.98842	0.011423	0.00015299	2.8028e-06
324	0.99112	0.0087272	0.00015454	2.393e-06
325	0.99135	0.0084932	0.00015446	2.1779e-06
326	0.99306	0.0067869	0.00015462	1.6817e-06
327	0.99633	0.0035157	0.00015504	8.7956e-07
328	0.99534	0.0045027	0.00015462	1.0017e-06
329	0.9953	0.0045406	0.00015444	9.5321e-07
330	0.99618	0.0036683	0.00015449	7.3903e-07
331	0.9957	0.004149	0.00015437	7.7243e-07
332	0.99634	0.0035068	0.00015439	6.284e-07
333	0.99811	0.0017361	0.00015454	3.0428e-07
334	0.99717	0.0026767	0.00015431	4.3345e-07
335	0.99724	0.0026074	0.00015419	4.1163e-07
336	0.99638	0.0034638	0.00015388	5.3942e-07
337	0.99654	0.0033046	0.00015368	5.161e-07
338	0.99759	0.0022571	0.0001537	3.4763e-07
339	0.99977	7.761e-05	0.00015384	1.1876e-08
340	0.99815	0.0017007	0.00015329	2.5776e-07
341	0.9975	0.0023451	0.00015285	3.586e-07
342	0.99763	0.0022131	0.00015259	3.3463e-07
343	0.99398	0.0058669	0.00015171	8.938e-07
344	0.9917	0.0081518	0.00015113	1.2278e-06
345	0.99095	0.0089015	0.00015073	1.3401e-06
346	0.99163	0.0082152	0.00015048	1.2449e-06
347	0.99015	0.0097	0.00014999	1.4681e-06
348	0.98981	0.010043	0.00014975	1.5066e-06
349	0.99087	0.0089821	0.00014967	1.3433e-06
350	0.99345	0.006403	0.00014977	9.6408e-07
351	0.9974	0.00245	0.00015016	3.6492e-07
352	0.99913	0.00071898	0.00015016	1.0953e-07
353	0.99896	0.00088932	0.00014976	1.4447e-07
354	0.99952	0.00032706	0.00014943	7.1703e-08
355	0.99915	0.00069893	0.000149	1.7799e-07
356	0.9983	0.0015565	0.00014669	3.0197e-07
357	0.99819	0.0016604	0.00014467	3.0232e-07
358	0.99729	0.0025634	0.00014267	4.2861e-07
359	0.9972	0.0026614	0.00014093	4.2848e-07
360	0.9979	0.0019597	0.00013943	3.0676e-07
361	0.99786	0.0020026	0.00013774	3.0646e-07
362	0.99693	0.0029327	0.00013605	4.2961e-07
363	0.99686	0.0030057	0.00013462	4.2635e-07
364	0.99777	0.0020957	0.00013325	2.9465e-07
365	0.99957	0.00030272	0.00013211	3.9967e-08
366	0.9998	6.7054e-05	0.00013068	6.817e-09
367	0.99928	0.00058614	0.00013112	7.5632e-08
368	0.99497	0.0048964	0.00013116	6.2801e-07
369	0.9924	0.0074691	0.00013136	9.6956e-07
370	0.99128	0.0085838	0.0001317	1.1295e-06
371	0.9915	0.0083617	0.00013217	1.1204e-06
372	0.99286	0.0070019	0.00013287	9.491e-07
373	0.99545	0.0044166	0.00013384	5.9952e-07
374	0.99631	0.0035572	0.00013451	4.8982e-07
375	0.99816	0.0017046	0.00013541	2.3545e-07
376	0.9989	0.00096097	0.00013616	1.33e-07
377	0.99899	0.00086851	0.00013681	1.2028e-07
378	0.99973	0.00013446	0.00013755	1.8967e-08
379	0.99925	0.00061471	0.00013798	8.3726e-08
380	0.99837	0.0014959	0.00013831	2.0716e-07
381	0.99821	0.0016471	0.00013881	2.2559e-07
382	0.99894	0.00091583	0.00013939	1.2557e-07
383	0.99926	0.00060329	0.00013986	8.545e-08
384	0.99928	0.00058412	0.00014037	8.3337e-08
385	0.99912	0.00074293	0.0001408	1.0983e-07
386	0.9985	0.001356	0.00014124	2.0128e-07
387	0.99859	0.0012702	0.00014186	1.8905e-07
388	0.99807	0.0017823	0.00014247	2.6082e-07
389	0.99841	0.0014483	0.00014315	2.1531e-07
390	0.99951	0.00034231	0.00014403	5.1805e-08
391	0.99809	0.0017664	0.00014444	2.7179e-07
392	0.99748	0.0023786	0.00014506	3.6717e-07
393	0.99782	0.0020316	0.00014576	3.2618e-07
394	0.99731	0.0025411	0.00014641	4.1454e-07
395	0.99761	0.0022389	0.00014728	3.7451e-07
396	0.99875	0.0011058	0.00014837	2.0054e-07
397	0.99795	0.0019037	0.00014908	3.5407e-07
398	0.9979	0.0019477	0.00015001	3.832e-07
399	0.99699	0.0028622	0.00015087	5.732e-07
400	0.99432	0.0055278	0.0001515	1.0991e-06
401	0.9928	0.007051	0.00015243	1.4198e-06
402	0.99256	0.0072827	0.00015351	1.531e-06
403	0.9936	0.0062479	0.00015473	1.4373e-06
404	0.99284	0.0069998	0.00015573	1.6876e-06
405	0.99315	0.006696	0.00015704	1.734e-06
406	0.99168	0.0081561	0.00015786	2.2062e-06
407	0.98692	0.012924	0.00015691	2.9646e-06
408	0.98387	0.015975	0.00015634	3.4095e-06
409	0.97365	0.026194	0.00015445	5.0977e-06
410	0.96634	0.033501	0.00015317	6.2585e-06
411	0.96201	0.03783	0.00015231	6.9555e-06
412	0.95973	0.040109	0.0001519	7.2838e-06
413	0.95979	0.040047	0.00015181	7.2443e-06
414	0.9622	0.037638	0.00015205	6.8349e-06
415	0.96668	0.033163	0.00015273	6.0512e-06
416	0.97351	0.026333	0.00015393	4.831e-06
417	0.97536	0.024479	0.00015419	4.5067e-06
418	0.97897	0.020869	0.00015484	3.862e-06
419	0.97917	0.020671	0.00015483	3.8308e-06
420	0.9808	0.019043	0.00015515	3.5422e-06
421	0.97887	0.020973	0.00015494	3.851e-06
422	0.97846	0.021376	0.00015508	3.8869e-06
423	0.97956	0.020278	0.00015556	3.6521e-06
424	0.98223	0.017607	0.00015641	3.1262e-06
425	0.9873	0.012543	0.00015761	2.2034e-06
426	0.99514	0.0046984	0.00015922	8.2258e-07
427	0.9953	0.0045444	0.00015957	7.7438e-07
428	0.99665	0.0031878	0.00016007	5.354e-07
429	0.99903	0.00081114	0.00016082	1.143e-07
430	0.9977	0.0021392	0.00016535	3.8859e-07
431	0.98643	0.0134	0.00016825	2.6357e-06
432	0.97802	0.021806	0.00017197	4.4069e-06
433	0.97212	0.027698	0.0001765	5.745e-06
434	0.96901	0.030797	0.00018129	6.6209e-06
435	0.96829	0.031514	0.00018631	7.0664e-06
436	0.96203	0.037767	0.00019049	8.7421e-06
437	0.94622	0.053579	0.00019203	1.2851e-05
438	0.9356	0.064193	0.00019437	1.5969e-05
439	0.92902	0.070764	0.00019737	1.8264e-05
440	0.92514	0.074642	0.00020137	1.9924e-05
441	0.92455	0.075221	0.0002059	2.0853e-05
442	0.82212	0.17765	0.00017992	5.2136e-05
443	0.74149	0.25827	0.00016006	7.7602e-05
444	0.67925	0.3205	0.00014545	9.8178e-05
445	0.63501	0.36474	0.00013494	0.0001145
446	0.60064	0.3991	0.00012739	0.00012817
447	0.57691	0.42283	0.00012235	0.00013921
448	0.55957	0.44016	0.00011938	0.00014851
449	0.54951	0.45022	0.00011817	0.0001559
450	0.5437	0.45602	0.00011842	0.00016217
451	0.54177	0.45794	0.00012004	0.00016743
452	0.54359	0.45611	0.000123	0.00017173
453	0.54902	0.45068	0.00012728	0.00017507
454	0.55865	0.44104	0.00013316	0.00017722
455	0.5731	0.42658	0.00014095	0.00017791
456	0.59526	0.40441	0.00015088	0.00017628
457	0.60043	0.39924	0.00015558	0.00017972
458	0.60977	0.38989	0.00016205	0.00018182
459	0.62353	0.37612	0.00017049	0.00018241
460	0.62361	0.37603	0.00017392	0.00018779
461	0.62907	0.37056	0.00017897	0.00019134
462	0.64005	0.35957	0.0001857	0.00019303
463	0.637	0.36262	0.00018681	0.00019378
464	0.63922	0.3604	0.00018977	0.00019262
465	0.64503	0.35459	0.00019447	0.00018985
466	0.63693	0.36268	0.00019377	0.00019262
467	0.6326	0.36701	0.00019466	0.00019394
468	0.6331	0.3665	0.00019725	0.0001935
469	0.6385	0.36111	0.00020167	0.00019115
470	0.64805	0.35155	0.00020823	0.00018682
471	0.66467	0.33494	0.00021775	0.00017945
472	0.66724	0.33236	0.00022073	0.00017855
473	0.67366	0.32594	0.00022565	0.00017585
474	0.68403	0.31557	0.00023267	0.00017122
475	0.7016	0.29799	0.00024277	0.00016343
476	0.70373	0.29586	0.00024605	0.00016261
477	0.70934	0.29025	0.00025119	0.00016011
478	0.72087	0.27872	0.00025885	0.00015499
479	0.73745	0.26213	0.00026937	0.00014719
480	0.76016	0.23942	0.00028353	0.00013596
481	0.78989	0.20969	0.00030199	0.00012062
482	0.82831	0.17127	0.00032598	9.9967e-05
483	0.87758	0.12199	0.00035711	7.2399e-05
484	0.89483	0.10473	0.00037084	6.2493e-05
485	0.91991	0.079651	0.00038874	4.8291e-05
486	0.9289	0.070664	0.00039799	4.3019e-05
487	0.93053	0.069024	0.00040286	4.1963e-05
488	0.93521	0.064343	0.00040913	3.9393e-05
489	0.94247	0.057079	0.00041719	3.5275e-05
490	0.93296	0.066585	0.00041622	4.0055e-05
491	0.92655	0.072987	0.00041712	4.3263e-05
492	0.92269	0.076848	0.00041958	4.5178e-05
493	0.92115	0.078384	0.00042356	4.5878e-05
494	0.92258	0.076944	0.00042882	4.5144e-05
495	0.92715	0.072369	0.0004355	4.2835e-05
496	0.92471	0.07481	0.00043886	4.417e-05
497	0.92521	0.074307	0.00044349	4.4078e-05
498	0.92808	0.071429	0.00044983	4.261e-05
499	0.93455	0.064952	0.00045787	3.9257e-05
500	0.94548	0.05402	0.00046811	3.3543e-05
501	0.96017	0.039321	0.00048104	2.5436e-05
502	0.95855	0.040942	0.00048445	2.6677e-05
503	0.95881	0.040674	0.00048933	2.6788e-05
504	0.96166	0.037815	0.00049542	2.5508e-05
505	0.95995	0.039523	0.00049855	2.702e-05
506	0.9516	0.047868	0.00049788	3.2653e-05
507	0.94601	0.053455	0.00049932	3.655e-05
508	0.94268	0.056776	0.00050252	3.904e-05
509	0.94231	0.057143	0.00050715	3.9889e-05
510	0.9446	0.05485	0.0005131	3.9238e-05
511	0.92708	0.072364	0.00050534	5.2131e-05
512	0.91394	0.085501	0.00050097	6.1968e-05
513	0.90557	0.09386	0.00049932	6.8908e-05
514	0.90108	0.098351	0.00049988	7.3465e-05
515	0.89929	0.10013	0.0005027	7.6132e-05
516	0.90076	0.098653	0.00050732	7.683e-05
517	0.90492	0.094487	0.00051415	7.5693e-05
518	0.91329	0.086118	0.00052326	7.2079e-05
519	0.92644	0.072963	0.00053495	6.5705e-05
520	0.92982	0.069575	0.00054117	6.5184e-05
521	0.93688	0.062509	0.00054947	6.2385e-05
522	0.94715	0.052237	0.00056042	5.7329e-05
523	0.94955	0.049835	0.00056448	5.4495e-05
524	0.95419	0.045193	0.00057075	4.9622e-05
525	0.96121	0.03817	0.00057946	4.2476e-05
526	0.97208	0.027299	0.00059135	3.2049e-05
527	0.96992	0.029458	0.00059123	3.3561e-05
528	0.96938	0.02999	0.0005926	3.3734e-05
529	0.97053	0.028837	0.00059558	3.2484e-05
530	0.97345	0.025924	0.00060029	2.9698e-05
531	0.97905	0.020314	0.00060702	2.4786e-05
532	0.97457	0.024801	0.00060516	2.8641e-05
533	0.97252	0.02684	0.00060505	3.064e-05
534	0.97214	0.027222	0.00060656	3.1225e-05
535	0.9733	0.026058	0.00060957	3.0502e-05
536	0.97617	0.023187	0.00061426	2.8316e-05
537	0.98093	0.018426	0.00062084	2.4468e-05
538	0.98878	0.010572	0.00062968	1.8227e-05
539	0.98219	0.017165	0.00062391	2.3602e-05
540	0.9776	0.021749	0.00062004	2.722e-05
541	0.93154	0.067808	0.00058288	6.4283e-05
542	0.89885	0.1005	0.00055569	9.1291e-05
543	0.87679	0.12256	0.00053658	0.00011014
544	0.86184	0.13751	0.00052293	0.00012347
545	0.85106	0.1483	0.00051312	0.00013308
546	0.84382	0.15554	0.00050649	0.00013964
547	0.83972	0.15963	0.00050259	0.00014361
548	0.83955	0.15981	0.00050133	0.00014487
549	0.84327	0.15609	0.00050259	0.00014354
550	0.8501	0.14926	0.0005063	0.00013989
551	0.86042	0.13894	0.0005127	0.00013368
552	0.87648	0.12287	0.0005226	0.0001239
553	0.8978	0.10155	0.00053642	0.00011033
554	0.92557	0.07378	0.00055512	9.2027e-05
555	0.93651	0.062844	0.00056188	8.5577e-05
556	0.92964	0.06971	0.00055215	9.5552e-05
557	0.92535	0.074005	0.00054552	0.00010256
558	0.92338	0.075967	0.00054153	0.00010706
559	0.91233	0.087022	0.00053074	0.00011527
560	0.90561	0.093743	0.00052313	0.0001202
561	0.9028	0.096555	0.0005184	0.00012212
562	0.90258	0.096777	0.00051616	0.00012178
563	0.90494	0.094425	0.00051637	0.00011921
564	0.91078	0.088586	0.0005191	0.00011401
565	0.9087	0.090677	0.00051272	0.00011078
566	0.91006	0.08933	0.0005087	0.00010489
567	0.90334	0.096051	0.00049892	0.00010533
568	0.82179	0.17762	0.00044761	0.00014672
569	0.76348	0.23594	0.00040898	0.00017516
570	0.72207	0.27736	0.00037956	0.0001941
571	0.62337	0.37607	0.00031925	0.00024367
572	0.547	0.45245	0.00027423	0.00027855
573	0.49429	0.50517	0.00024171	0.00030067
574	0.45308	0.54639	0.00021689	0.0003156
575	0.42524	0.57424	0.0001988	0.00032358
576	0.40446	0.59503	0.00018528	0.0003275
577	0.39091	0.60859	0.0001752	0.0003278
578	0.38158	0.61792	0.00016778	0.0003259
579	0.37595	0.62356	0.00016257	0.0003222
580	0.35291	0.64662	0.00014934	0.00032636
581	0.3355	0.66403	0.00013937	0.00032767
582	0.32309	0.67646	0.00013216	0.00032665
583	0.2874	0.71215	0.00011526	0.00033516
584	0.26231	0.73724	0.00010281	0.00033909
585	0.24343	0.75614	9.3623e-05	0.00034015
586	0.22953	0.77005	8.6947e-05	0.00033908
587	0.21971	0.77987	8.2253e-05	0.00033637
588	0.21435	0.78523	7.9165e-05	0.00033195
589	0.21289	0.78671	7.7446e-05	0.00032604
590	0.21422	0.78538	7.703e-05	0.00031918
591	0.21845	0.78116	7.7924e-05	0.00031134
592	0.21211	0.78751	7.4664e-05	0.00030753
593	0.21014	0.78948	7.2858e-05	0.00030215
594	0.21188	0.78775	7.2239e-05	0.00029548
595	0.21751	0.78213	7.2805e-05	0.0002875
596	0.22647	0.77318	7.4688e-05	0.00027855
597	0.23903	0.76062	7.7947e-05	0.00026852
598	0.25871	0.74095	8.3258e-05	0.00025632
599	0.2881	0.71156	9.1233e-05	0.00024133
600	0.32961	0.67006	0.00010231	0.00022311
601	0.38341	0.61627	0.00011726	0.00020137
602	0.45852	0.54117	0.00013746	0.00017425
603	0.55545	0.44424	0.00016418	0.00014097
604	0.56414	0.43556	0.00016294	0.00013549
605	0.57716	0.42255	0.00016323	0.00012884
606	0.59524	0.40447	0.00016519	0.00012083
607	0.5984	0.40132	0.00016243	0.00011738
608	0.60551	0.39421	0.00016108	0.00011287
609	0.61674	0.38299	0.00016112	0.00010728
610	0.63475	0.36499	0.00016262	0.00010009
611	0.6615	0.33824	0.00016592	9.0963e-05
612	0.69695	0.3028	0.00017164	7.9744e-05
613	0.74892	0.25084	0.00018068	6.5043e-05
614	0.8164	0.18336	0.00019367	4.6727e-05
615	0.90376	0.096004	0.00021172	2.3692e-05
616	0.91431	0.085459	0.00020963	2.0618e-05
617	0.92872	0.071051	0.00020872	1.6668e-05
618	0.94977	0.050007	0.00020895	1.1427e-05
619	0.95686	0.042922	0.00020617	9.503e-06
620	0.96831	0.031484	0.00020404	6.7493e-06
621	0.98562	0.014179	0.00020278	2.9494e-06
622	0.98243	0.017372	0.00019694	3.5284e-06
623	0.98073	0.01907	0.00019178	3.7611e-06
624	0.98095	0.018858	0.0001868	3.631e-06
625	0.98311	0.016709	0.00018196	3.1625e-06
626	0.98689	0.012925	0.00017777	2.4005e-06
627	0.99256	0.0072637	0.00017424	1.3146e-06
628	0.98668	0.013146	0.00016846	2.312e-06
629	0.98263	0.017199	0.00016336	2.9228e-06
630	0.98076	0.019081	0.00015847	3.1614e-06
631	0.9808	0.019039	0.00015371	3.0918e-06
632	0.98231	0.017539	0.00014952	2.7833e-06
633	0.98529	0.014567	0.00014582	2.2524e-06
634	0.97952	0.020333	0.0001411	3.0087e-06
635	0.97637	0.023485	0.00013662	3.372e-06
636	0.97542	0.02444	0.0001323	3.4222e-06
637	0.97639	0.02348	0.00012809	3.2221e-06
638	0.97898	0.020889	0.00012438	2.8071e-06
639	0.98327	0.016602	0.00012113	2.1865e-06
640	0.98411	0.015775	0.00011728	2.0356e-06
641	0.98637	0.013517	0.00011387	1.7114e-06
642	0.99012	0.0097682	0.00011086	1.2204e-06
643	0.98725	0.012641	0.00011016	1.7858e-06
644	0.97916	0.020727	0.00010773	2.624e-06
645	0.97404	0.025847	0.00010556	3.1316e-06
646	0.97134	0.028556	0.00010359	3.3733e-06
647	0.97037	0.029528	0.00010195	3.4041e-06
648	0.97145	0.028445	0.00010047	3.2235e-06
649	0.97419	0.025711	9.9276e-05	2.8588e-06
650	0.97957	0.020334	9.8271e-05	2.2403e-06
651	0.98732	0.012585	9.7637e-05	1.3704e-06
652	0.96642	0.033487	9.3956e-05	3.4582e-06
653	0.95244	0.047469	9.0923e-05	4.8302e-06
654	0.94227	0.05764	8.8463e-05	5.7484e-06
655	0.93508	0.064831	8.6441e-05	6.3304e-06
656	0.93153	0.068381	8.4698e-05	6.5721e-06
657	0.93033	0.069578	8.3304e-05	6.5723e-06
658	0.93198	0.067927	8.21e-05	6.3269e-06
659	0.93588	0.064035	8.1203e-05	5.8726e-06
660	0.9424	0.057517	8.0645e-05	5.1775e-06
661	0.94207	0.057845	7.9565e-05	5.0912e-06
662	0.94467	0.055251	7.8668e-05	4.7691e-06
663	0.95052	0.049394	7.7968e-05	4.1941e-06
664	0.95921	0.040708	7.7605e-05	3.377e-06
665	0.97232	0.027601	7.7515e-05	2.2378e-06
666	0.97763	0.022292	7.6687e-05	1.7797e-06
667	0.97868	0.021241	7.5453e-05	1.6753e-06
668	0.98124	0.018685	7.443e-05	1.4505e-06
669	0.98012	0.019802	7.3216e-05	1.5028e-06
670	0.96125	0.038674	7.0633e-05	2.8711e-06
671	0.94875	0.051179	6.8478e-05	3.7555e-06
672	0.94061	0.059321	6.6606e-05	4.3072e-06
673	0.91793	0.082002	6.3828e-05	5.8588e-06
674	0.90236	0.097573	6.153e-05	6.8824e-06
675	0.89091	0.10902	5.9664e-05	7.5575e-06
676	0.88293	0.117	5.8154e-05	7.9555e-06
677	0.87931	0.12062	5.6883e-05	8.0659e-06
678	0.87957	0.12037	5.5808e-05	7.9308e-06
679	0.88338	0.11656	5.4898e-05	7.5846e-06
680	0.89027	0.10967	5.4267e-05	7.0465e-06
681	0.88892	0.11101	5.3091e-05	7.0303e-06
682	0.89027	0.10967	5.2174e-05	6.8389e-06
683	0.89421	0.10573	5.149e-05	6.4873e-06
684	0.90097	0.098976	5.1044e-05	5.9674e-06
685	0.91092	0.089019	5.0852e-05	5.2589e-06
686	0.92676	0.073184	5.0919e-05	4.2496e-06
687	0.95057	0.049374	5.1329e-05	2.8538e-06
688	0.98186	0.018085	5.2221e-05	1.0498e-06
689	0.99434	0.0056081	5.2105e-05	3.2439e-07
690	0.99897	0.00098266	5.1595e-05	5.3989e-08
691	0.99823	0.001719	5.074e-05	8.8999e-08
692	0.99834	0.0016051	4.9888e-05	8.1616e-08
693	0.99922	0.00073213	4.9143e-05	3.5119e-08
694	0.99623	0.0037225	4.8172e-05	1.7411e-07
695	0.99471	0.0052431	4.7229e-05	2.4253e-07
696	0.99438	0.0055689	4.6304e-05	2.5522e-07
697	0.9923	0.0076576	4.5255e-05	3.5114e-07
698	0.99134	0.0086138	4.433e-05	3.8872e-07
699	0.99172	0.0082382	4.3423e-05	3.6858e-07
700	0.98979	0.010163	4.2488e-05	4.4628e-07
701	0.98945	0.01051	4.1579e-05	4.5665e-07
702	0.98655	0.013412	4.0518e-05	5.7962e-07
703	0.98509	0.014871	3.9596e-05	6.3289e-07
704	0.98498	0.014981	3.8799e-05	6.2569e-07
705	0.98621	0.01375	3.812e-05	5.6187e-07
706	0.98919	0.010773	3.7469e-05	4.3579e-07
707	0.99382	0.0061439	3.6941e-05	2.463e-07
708	0.9954	0.0045682	3.6347e-05	1.7842e-07
709	0.9955	0.0044649	3.5661e-05	1.7056e-07
710	0.98934	0.010624	3.471e-05	3.9494e-07
711	0.98502	0.014941	3.389e-05	5.4007e-07
712	0.94956	0.050408	3.193e-05	1.7901e-06
713	0.922	0.077972	3.0368e-05	2.6926e-06
714	0.9035	0.096466	2.9094e-05	3.2727e-06
715	0.89113	0.10884	2.8009e-05	3.6342e-06
716	0.88259	0.11738	2.7129e-05	3.8437e-06
717	0.87716	0.12281	2.6408e-05	3.9387e-06
718	0.87453	0.12544	2.5826e-05	3.9374e-06
719	0.87578	0.12419	2.5328e-05	3.8236e-06
720	0.88071	0.11926	2.4902e-05	3.6102e-06
721	0.8889	0.11107	2.4614e-05	3.3048e-06
722	0.90062	0.099348	2.4464e-05	2.9027e-06
723	0.91653	0.083442	2.4468e-05	2.3863e-06
724	0.93967	0.060301	2.4617e-05	1.6994e-06
725	0.97014	0.029832	2.5002e-05	8.178e-07
726	0.98356	0.016411	2.4852e-05	4.4401e-07
727	0.98347	0.016504	2.4381e-05	4.3358e-07
728	0.9852	0.014777	2.3925e-05	3.8008e-07
729	0.98844	0.011531	2.3548e-05	2.8834e-07
730	0.99407	0.0059064	2.3195e-05	1.4544e-07
731	0.99334	0.006637	2.2727e-05	1.5746e-07
732	0.99012	0.009859	2.2241e-05	2.2238e-07
733	0.98216	0.017815	2.1631e-05	3.8832e-07
734	0.9771	0.022879	2.1062e-05	4.8888e-07
735	0.97387	0.026107	2.0573e-05	5.4351e-07
736	0.96455	0.035431	1.9937e-05	7.2237e-07
737	0.95868	0.041303	1.9351e-05	8.2673e-07
738	0.95562	0.044361	1.8801e-05	8.722e-07
739	0.95458	0.045399	1.8333e-05	8.7295e-07
740	0.94775	0.052232	1.7727e-05	9.8577e-07
741	0.94406	0.055921	1.7161e-05	1.0359e-06
742	0.93082	0.069157	1.6461e-05	1.2544e-06
743	0.92117	0.078816	1.5874e-05	1.3923e-06
744	0.91454	0.08544	1.5382e-05	1.4669e-06
745	0.91142	0.088561	1.4929e-05	1.481e-06
746	0.91146	0.08852	1.4505e-05	1.4437e-06
747	0.91386	0.086124	1.4152e-05	1.3676e-06
748	0.91965	0.080338	1.3823e-05	1.2448e-06
749	0.92833	0.071651	1.3566e-05	1.0815e-06
750	0.94177	0.058218	1.3343e-05	8.6178e-07
751	0.94542	0.054571	1.3006e-05	7.8642e-07
752	0.95256	0.047432	1.2688e-05	6.6953e-07
753	0.96278	0.037205	1.244e-05	5.1517e-07
754	0.9765	0.023486	1.2259e-05	3.1995e-07
755	0.9948	0.0051843	1.2162e-05	7.0516e-08
756	0.99428	0.0057089	1.1789e-05	7.544e-08
757	0.95752	0.042464	1.1005e-05	5.1726e-07
758	0.92943	0.070562	1.0381e-05	8.2444e-07
759	0.86325	0.13674	9.3192e-06	1.5529e-06
760	0.81606	0.18393	8.4821e-06	2.0388e-06
761	0.77996	0.22003	7.8312e-06	2.3628e-06
762	0.75211	0.24788	7.3139e-06	2.5738e-06
763	0.73093	0.26906	6.9006e-06	2.6999e-06
764	0.71772	0.28227	6.5555e-06	2.7421e-06
765	0.70903	0.29096	6.28e-06	2.7347e-06
766	0.70584	0.29415	6.0415e-06	2.6751e-06
767	0.68907	0.31092	5.6712e-06	2.7318e-06
768	0.67711	0.32288	5.3699e-06	2.7375e-06
769	0.67073	0.32926	5.1055e-06	2.6922e-06
770	0.66818	0.33181	4.8925e-06	2.6147e-06
771	0.65165	0.34834	4.5624e-06	2.6395e-06
772	0.60981	0.39018	4.0405e-06	2.8414e-06
773	0.57799	0.422	3.636e-06	2.9442e-06
774	0.55363	0.44636	3.3151e-06	2.9789e-06
775	0.53747	0.46252	3.0463e-06	2.9492e-06
776	0.52639	0.4736	2.8309e-06	2.8821e-06
777	0.51968	0.48032	2.6579e-06	2.7877e-06
778	0.49237	0.50763	2.3937e-06	2.7973e-06
779	0.47391	0.52608	2.1757e-06	2.7498e-06
780	0.46086	0.53913	2.0029e-06	2.6704e-06
781	0.45417	0.54582	1.855e-06	2.5549e-06
782	0.45135	0.54865	1.7356e-06	2.4236e-06
783	0.45332	0.54668	1.6281e-06	2.2701e-06
784	0.43958	0.56042	1.4715e-06	2.178e-06
785	0.43174	0.56826	1.3338e-06	2.0569e-06
786	0.42755	0.57244	1.2185e-06	1.924e-06
787	0.42679	0.5732	1.1214e-06	1.7826e-06
788	0.43131	0.56868	1.031e-06	1.6244e-06
789	0.43981	0.56018	9.5485e-07	1.4626e-06
790	0.45284	0.54716	8.9111e-07	1.2985e-06
791	0.47124	0.52876	8.3858e-07	1.1326e-06
792	0.4962	0.5038	7.9628e-07	9.6544e-07
793	0.52933	0.47067	7.6335e-07	7.9747e-07
794	0.57277	0.42723	7.3876e-07	6.2931e-07
795	0.62832	0.37167	7.1899e-07	4.6333e-07
796	0.70609	0.29391	6.921e-07	2.9539e-07
797	0.73557	0.26443	5.96e-07	2.0507e-07
798	0.77372	0.22628	5.0084e-07	1.2084e-07
799	0.772	0.228	5.1254e-07	1.2788e-07
800	0.75856	0.24144	5.1104e-07	1.4179e-07
801	0.7496	0.2504	5.134e-07	1.5232e-07
802	0.74602	0.25398	5.1396e-07	1.5834e-07
803	0.74733	0.25267	5.1253e-07	1.6005e-07
804	0.75219	0.24781	5.1448e-07	1.5886e-07
805	0.76091	0.23909	5.2003e-07	1.5455e-07
806	0.77407	0.22593	5.2963e-07	1.4668e-07
807	0.77559	0.22441	5.2617e-07	1.4553e-07
808	0.73649	0.26351	4.8943e-07	1.7129e-07
809	0.70917	0.29083	4.5646e-07	1.872e-07
810	0.68889	0.31111	4.3032e-07	1.9668e-07
811	0.67399	0.32601	4.0899e-07	2.0131e-07
812	0.66574	0.33426	3.8746e-07	2.0002e-07
813	0.66124	0.33876	3.6904e-07	1.955e-07
814	0.66153	0.33847	3.4899e-07	1.8671e-07
815	0.66553	0.33447	3.3157e-07	1.7544e-07
816	0.6735	0.3265	3.1648e-07	1.6189e-07
817	0.68563	0.31437	3.0314e-07	1.4626e-07
818	0.70551	0.29449	2.8753e-07	1.269e-07
819	0.73181	0.26819	2.7333e-07	1.0579e-07
820	0.76954	0.23046	2.5608e-07	8.1864e-08
821	0.81885	0.18115	2.3985e-07	5.6934e-08
822	0.88181	0.11819	2.2333e-07	3.1962e-08
823	0.90621	0.093795	1.9251e-07	2.0894e-08
824	0.94216	0.057842	1.5551e-07	9.8767e-09
825	0.9882	0.011799	1.1597e-07	1.036e-09
826	0.98892	0.01108	1.3367e-07	1.2362e-09
827	0.99132	0.0086811	1.4628e-07	1.14e-09
828	0.99512	0.0048841	1.5741e-07	7.3468e-10
829	0.9938	0.0061983	1.6628e-07	1.0332e-09
830	0.9935	0.0065036	1.7362e-07	1.1507e-09
831	0.99418	0.0058172	1.7949e-07	1.0653e-09
832	0.99314	0.0068637	1.8341e-07	1.2684e-09
833	0.99333	0.0066657	1.8223e-07	1.2256e-09
834	0.99455	0.0054474	1.796e-07	9.6965e-10
835	0.9943	0.0056999	1.7125e-07	9.6548e-10
836	0.99504	0.0049549	1.6162e-07	7.6986e-10
837	0.99713	0.0028712	1.467e-07	3.8408e-10
838	0.99582	0.0041757	1.2582e-07	4.719e-10
839	0.99562	0.004375	9.9739e-08	3.767e-10
840	0.99636	0.0036438	7.2327e-08	1.8761e-10
841	0.99602	0.0039806	9.3165e-08	3.2204e-10
842	0.99655	0.0034455	1.1216e-07	3.5823e-10
843	0.99799	0.0020087	1.2943e-07	2.4418e-10
844	0.99669	0.0033051	1.4111e-07	4.5805e-10
845	0.99644	0.0035562	1.4768e-07	5.3254e-10
846	0.99471	0.0052901	1.5236e-07	8.2445e-10
847	0.99399	0.0060118	1.5534e-07	9.4772e-10
848	0.99453	0.0054724	1.5317e-07	8.5884e-10
849	0.99607	0.0039335	1.4932e-07	5.9877e-10
850	0.99631	0.0036945	1.399e-07	5.3491e-10
851	0.99743	0.002571	1.2875e-07	3.446e-10
852	0.9995	0.00050008	1.1579e-07	5.8479e-11
853	0.99966	0.00033868	9.7343e-08	3.2915e-11
854	0.99974	0.00026115	7.7122e-08	1.7824e-11
855	0.99893	0.0010665	5.5006e-08	4.1981e-11
856	0.99726	0.0027382	7.4346e-08	1.9633e-10
857	0.99665	0.0033476	8.8657e-08	3.0597e-10
858	0.99688	0.0031189	1.0085e-07	3.3472e-10
859	0.99098	0.0090204	1.0723e-07	1.0799e-09
860	0.98685	0.01315	1.1159e-07	1.6583e-09
861	0.98426	0.015741	1.1398e-07	2.0402e-09
862	0.98306	0.016936	1.1441e-07	2.2113e-09
863	0.98326	0.016739	1.1307e-07	2.1612e-09
864	0.98487	0.015135	1.0993e-07	1.8959e-09
865	0.9879	0.0121	1.048e-07	1.4388e-09
866	0.99263	0.0073701	9.7802e-08	8.09e-10
867	0.99936	0.00063854	8.8852e-08	5.2645e-11
868	0.9981	0.001896	1.1093e-07	2.0115e-10
869	0.99782	0.0021771	1.277e-07	2.689e-10
870	0.99663	0.0033661	1.391e-07	4.6391e-10
871	0.99648	0.003518	1.454e-07	5.1991e-10
872	0.99721	0.002788	1.5014e-07	4.2826e-10
873	0.99883	0.0011656	1.5317e-07	1.7885e-10
874	0.99822	0.0017761	1.5401e-07	2.6226e-10
875	0.99669	0.0033098	1.4935e-07	4.6955e-10
876	0.9961	0.0039044	1.4318e-07	5.0947e-10
877	0.99409	0.0059081	1.3151e-07	6.917e-10
878	0.98861	0.011394	1.1787e-07	1.1376e-09
879	0.85249	0.14751	1.3721e-07	2.6031e-08
880	0.75798	0.24202	1.4763e-07	5.3995e-08
881	0.68492	0.31508	1.5582e-07	8.3485e-08
882	0.62859	0.37141	1.632e-07	1.1309e-07
883	0.58455	0.41545	1.7019e-07	1.4216e-07
884	0.55098	0.44902	1.7786e-07	1.6992e-07
885	0.52519	0.47481	1.8618e-07	1.9619e-07
886	0.50617	0.49383	1.958e-07	2.2063e-07
887	0.49267	0.50733	2.0692e-07	2.4313e-07
888	0.48382	0.51618	2.1976e-07	2.6354e-07
889	0.4788	0.5212	2.3423e-07	2.8173e-07
890	0.47756	0.52244	2.5102e-07	2.9742e-07
891	0.48004	0.51996	2.7061e-07	3.1022e-07
892	0.46975	0.53025	4.243e-07	5.7083e-07
893	0.46539	0.53461	5.6825e-07	8.2847e-07
894	0.46451	0.53549	7.2207e-07	1.0922e-06
895	0.46847	0.53153	8.7569e-07	1.344e-06
896	0.47613	0.52387	1.0487e-06	1.593e-06
897	0.49039	0.5096	1.2339e-06	1.8166e-06
898	0.51315	0.48685	1.4416e-06	2.0046e-06
899	0.54355	0.45645	1.6993e-06	2.1614e-06
900	0.58282	0.41717	2.0213e-06	2.2721e-06
901	0.59551	0.40449	2.1306e-06	2.2002e-06
902	0.61622	0.38377	2.2728e-06	2.0866e-06
903	0.64656	0.35343	2.4558e-06	1.9237e-06
904	0.68983	0.31017	2.6943e-06	1.6968e-06
905	0.7462	0.2538	3.0137e-06	1.3961e-06
906	0.82784	0.17216	3.4474e-06	9.7139e-07
907	0.85858	0.14142	3.6272e-06	8.0775e-07
908	0.87086	0.12914	3.6977e-06	7.4318e-07
909	0.88791	0.11209	3.8024e-06	6.5265e-07
910	0.91041	0.089588	3.9455e-06	5.3113e-07
911	0.83404	0.16595	3.6872e-06	8.5349e-07
912	0.77949	0.22051	3.4988e-06	1.0961e-06
913	0.7408	0.25919	3.3626e-06	1.277e-06
914	0.71089	0.2891	3.2727e-06	1.4188e-06
915	0.69125	0.30874	3.2156e-06	1.5181e-06
916	0.67928	0.32071	3.1828e-06	1.5832e-06
917	0.67145	0.32855	3.1767e-06	1.6287e-06
918	0.66864	0.33135	3.1854e-06	1.6502e-06
919	0.6695	0.33049	3.2203e-06	1.6534e-06
920	0.67571	0.32429	3.2724e-06	1.6297e-06
921	0.66958	0.33042	3.2547e-06	1.6666e-06
922	0.66726	0.33274	3.2641e-06	1.6843e-06
923	0.67014	0.32986	3.2901e-06	1.6758e-06
924	0.67805	0.32194	3.3324e-06	1.6419e-06
925	0.69012	0.30987	3.4035e-06	1.586e-06
926	0.70989	0.2901	3.5029e-06	1.4923e-06
927	0.73607	0.26393	3.6441e-06	1.3638e-06
928	0.77363	0.22637	3.8309e-06	1.1804e-06
929	0.82271	0.17728	4.0898e-06	9.3328e-07
930	0.8865	0.1135	4.4424e-06	6.0128e-07
931	0.91424	0.085753	4.5933e-06	4.6024e-07
932	0.95065	0.049347	4.8037e-06	2.6899e-07
933	0.99725	0.002745	5.0845e-06	1.6045e-08
934	0.9967	0.0032908	5.1246e-06	1.8825e-08
935	0.99702	0.002974	5.1799e-06	1.6831e-08
936	0.99843	0.0015625	5.2292e-06	9.1245e-09
937	0.99744	0.0025501	5.2541e-06	1.5002e-08
938	0.98778	0.012212	5.24e-06	7.0162e-08
939	0.98136	0.018632	5.2317e-06	1.0869e-07
940	0.92927	0.070729	4.935e-06	4.2481e-07
941	0.88924	0.11076	4.7239e-06	6.6517e-07
942	0.85813	0.14187	4.5754e-06	8.5165e-07
943	0.8342	0.1658	4.4776e-06	9.9612e-07
944	0.818	0.182	4.4102e-06	1.1e-06
945	0.80776	0.19223	4.3653e-06	1.1712e-06
946	0.8014	0.1986	4.3532e-06	1.2191e-06
947	0.7985	0.2015	4.3711e-06	1.2465e-06
