#coord	neutral	conserved	gBGC.neutral	gBGC.conserved
1	0.94163	0.058341	2.6279e-05	1.6811e-06
2	0.95261	0.047366	2.5977e-05	1.3341e-06
3	0.96732	0.032654	2.5813e-05	8.8942e-07
4	0.98924	0.010729	2.5787e-05	2.8142e-07
5	0.9989	0.001073	2.5381e-05	2.859e-08
6	0.99891	0.0010646	2.4693e-05	2.8981e-08
7	0.99832	0.0016605	2.4036e-05	4.4792e-08
8	0.9966	0.003377	2.3393e-05	8.8234e-08
9	0.99582	0.0041616	2.2813e-05	1.0623e-07
10	0.99595	0.0040255	2.2295e-05	1.0095e-07
11	0.99464	0.005338	2.1778e-05	1.2882e-07
12	0.9943	0.0056763	2.1316e-05	1.3282e-07
13	0.99228	0.0077011	2.0796e-05	1.753e-07
14	0.99143	0.0085503	2.0338e-05	1.895e-07
15	0.992	0.0079818	1.989e-05	1.7509e-07
16	0.99372	0.0062597	1.9498e-05	1.3654e-07
17	0.99352	0.0064563	1.9097e-05	1.3747e-07
18	0.99432	0.0056606	1.8744e-05	1.179e-07
19	0.9962	0.0037801	1.844e-05	7.6743e-08
20	0.99664	0.0033375	1.8089e-05	6.6344e-08
21	0.99797	0.0020097	1.7781e-05	3.9196e-08
22	0.996	0.0039791	1.7393e-05	7.4574e-08
23	0.99502	0.0049584	1.705e-05	9.0264e-08
24	0.99498	0.0050024	1.6746e-05	8.8492e-08
25	0.99587	0.0041136	1.6481e-05	7.0149e-08
26	0.99798	0.0020024	1.6221e-05	3.2905e-08
27	0.99717	0.0028109	1.5899e-05	4.4971e-08
28	0.99732	0.0026598	1.5578e-05	4.2067e-08
29	0.99829	0.001693	1.5293e-05	2.6113e-08
30	0.99854	0.0014402	1.4981e-05	2.205e-08
31	0.99825	0.0017337	1.4646e-05	2.6727e-08
32	0.99703	0.0029513	1.4321e-05	4.4715e-08
33	0.99667	0.0033148	1.403e-05	4.9128e-08
34	0.99714	0.0028444	1.3771e-05	4.1105e-08
35	0.99667	0.0033202	1.3485e-05	4.7169e-08
36	0.99702	0.0029619	1.323e-05	4.1217e-08
37	0.99644	0.0035423	1.2949e-05	4.8676e-08
38	0.99674	0.0032438	1.2701e-05	4.3857e-08
39	0.99599	0.0039979	1.2427e-05	5.347e-08
40	0.99358	0.0064101	1.2119e-05	8.5323e-08
41	0.99235	0.0076406	1.1848e-05	1.0013e-07
42	0.99217	0.0078138	1.1609e-05	1.008e-07
43	0.99305	0.0069394	1.14e-05	8.8296e-08
44	0.99502	0.0049685	1.122e-05	6.2608e-08
45	0.9982	0.0017904	1.1069e-05	2.2762e-08
46	0.99788	0.0021097	1.0892e-05	2.5554e-08
47	0.99834	0.0016508	1.0739e-05	1.927e-08
48	0.99807	0.0019197	1.0591e-05	2.107e-08
49	0.99682	0.0031691	1.0447e-05	3.2455e-08
50	0.99369	0.0062998	1.0276e-05	6.2319e-08
51	0.96672	0.033266	9.8954e-06	3.1383e-07
52	0.9478	0.052189	9.5846e-06	4.8737e-07
53	0.93345	0.066542	9.3368e-06	6.0948e-07
54	0.92402	0.075967	9.1274e-06	6.8533e-07
55	0.9185	0.081488	8.9466e-06	7.2458e-07
56	0.91628	0.083707	8.7882e-06	7.3337e-07
57	0.91651	0.083479	8.6671e-06	7.177e-07
58	0.88809	0.1119	8.2833e-06	9.5606e-07
59	0.82063	0.17936	7.5497e-06	1.5362e-06
60	0.77254	0.22745	6.9891e-06	1.9357e-06
61	0.73859	0.2614	6.5537e-06	2.2023e-06
62	0.71248	0.28751	6.2141e-06	2.3844e-06
63	0.69563	0.30436	5.9493e-06	2.4839e-06
64	0.6507	0.34929	5.4407e-06	2.8199e-06
65	0.61913	0.38086	5.0475e-06	3.0333e-06
66	0.59547	0.40452	4.747e-06	3.1658e-06
67	0.58056	0.41943	4.5144e-06	3.2232e-06
68	0.57054	0.42945	4.3376e-06	3.236e-06
69	0.5645	0.43549	4.204e-06	3.2153e-06
70	0.5621	0.43789	4.108e-06	3.1663e-06
71	0.56457	0.43542	4.0406e-06	3.0826e-06
72	0.57219	0.42781	4.0011e-06	2.965e-06
73	0.58398	0.41602	3.9974e-06	2.8208e-06
74	0.60353	0.39646	4.033e-06	2.6306e-06
75	0.63	0.36999	4.1201e-06	2.3991e-06
76	0.66444	0.33556	4.264e-06	2.1197e-06
77	0.715	0.28499	4.4884e-06	1.753e-06
78	0.70918	0.29081	4.3454e-06	1.7473e-06
79	0.68701	0.31299	4.0979e-06	1.8396e-06
80	0.67054	0.32945	3.9017e-06	1.8898e-06
81	0.65885	0.34114	3.747e-06	1.9075e-06
82	0.65129	0.3487	3.6266e-06	1.8993e-06
83	0.64925	0.35074	3.5305e-06	1.8605e-06
84	0.65066	0.34934	3.4613e-06	1.803e-06
85	0.65751	0.34248	3.413e-06	1.7185e-06
86	0.67072	0.32927	3.3874e-06	1.6048e-06
87	0.6912	0.3088	3.3858e-06	1.4612e-06
88	0.71824	0.28175	3.4196e-06	1.2907e-06
89	0.7584	0.24159	3.4958e-06	1.0713e-06
90	0.815	0.185	3.6209e-06	7.966e-07
91	0.83773	0.16227	3.5821e-06	6.79e-07
92	0.86794	0.13206	3.5789e-06	5.3617e-07
93	0.91224	0.087759	3.6101e-06	3.5164e-07
94	0.90446	0.095532	3.6258e-06	4.2096e-07
95	0.88068	0.11932	3.4852e-06	5.077e-07
96	0.86443	0.13557	3.3702e-06	5.6393e-07
97	0.85255	0.14744	3.2807e-06	6.0019e-07
98	0.84559	0.15441	3.2055e-06	6.1726e-07
99	0.84277	0.15722	3.1415e-06	6.1831e-07
100	0.843	0.157	3.096e-06	6.0706e-07
101	0.84751	0.15249	3.0605e-06	5.8057e-07
102	0.8569	0.14309	3.036e-06	5.3779e-07
103	0.8705	0.1295	3.0324e-06	4.8035e-07
104	0.89081	0.10919	3.0443e-06	4.0258e-07
105	0.91782	0.082172	3.0846e-06	3.0244e-07
106	0.95267	0.047325	3.1566e-06	1.7602e-07
107	0.96635	0.033651	3.159e-06	1.2512e-07
108	0.98433	0.01567	3.1816e-06	5.9204e-08
109	0.99135	0.0086473	3.1695e-06	3.3065e-08
110	0.9859	0.014096	3.1077e-06	5.1444e-08
111	0.98222	0.017777	3.0577e-06	6.3107e-08
112	0.97282	0.027172	2.9832e-06	9.422e-08
113	0.96619	0.033808	2.9246e-06	1.1487e-07
114	0.96176	0.038236	2.8786e-06	1.2759e-07
115	0.91369	0.086308	2.7051e-06	2.7265e-07
116	0.88074	0.11926	2.573e-06	3.7168e-07
117	0.85854	0.14145	2.4697e-06	4.3729e-07
118	0.84215	0.15784	2.3917e-06	4.8234e-07
119	0.83218	0.16782	2.3286e-06	5.0804e-07
120	0.82729	0.17271	2.2762e-06	5.1849e-07
121	0.82543	0.17456	2.2376e-06	5.194e-07
122	0.8265	0.1735	2.2119e-06	5.116e-07
123	0.83055	0.16945	2.1986e-06	4.9526e-07
124	0.82538	0.17462	2.155e-06	5.0505e-07
125	0.82326	0.17674	2.1243e-06	5.058e-07
126	0.82407	0.17592	2.1057e-06	4.9821e-07
127	0.82787	0.17212	2.0992e-06	4.8235e-07
128	0.83658	0.16342	2.1008e-06	4.5414e-07
129	0.85074	0.14925	2.1115e-06	4.129e-07
130	0.87019	0.12981	2.1402e-06	3.5789e-07
131	0.87685	0.12315	2.1299e-06	3.3754e-07
132	0.88683	0.11317	2.1319e-06	3.0868e-07
133	0.9007	0.099293	2.1478e-06	2.6982e-07
134	0.92121	0.078789	2.1745e-06	2.1597e-07
135	0.94838	0.051619	2.2225e-06	1.4513e-07
136	0.95844	0.041559	2.2304e-06	1.1809e-07
137	0.96082	0.039178	2.2226e-06	1.1087e-07
138	0.96529	0.034712	2.2244e-06	9.8113e-08
139	0.96504	0.034955	2.2096e-06	9.7988e-08
140	0.96659	0.033411	2.2035e-06	9.3188e-08
141	0.97002	0.029981	2.2063e-06	8.3432e-08
142	0.97556	0.024441	2.2187e-06	6.8013e-08
143	0.98356	0.016436	2.242e-06	4.5732e-08
144	0.99435	0.0056431	2.277e-06	1.5415e-08
145	0.99922	0.00077525	2.2905e-06	2.1545e-09
146	0.99981	0.00018522	2.2965e-06	4.9843e-10
147	0.99975	0.00024913	2.3047e-06	5.9237e-10
148	0.99868	0.0013208	2.3064e-06	3.0523e-09
149	0.99845	0.001546	2.306e-06	3.6202e-09
150	0.97921	0.020789	2.2261e-06	5.2976e-08
151	0.96447	0.035526	2.1633e-06	8.9082e-08
152	0.95341	0.046584	2.1146e-06	1.149e-07
153	0.94633	0.053665	2.0712e-06	1.3129e-07
154	0.94186	0.058137	2.0388e-06	1.4085e-07
155	0.94049	0.059507	2.009e-06	1.4344e-07
156	0.94127	0.058725	1.9885e-06	1.4088e-07
157	0.94426	0.055739	1.9769e-06	1.3322e-07
158	0.94182	0.058182	1.9486e-06	1.3806e-07
159	0.94154	0.058458	1.9293e-06	1.3779e-07
160	0.94341	0.056586	1.9187e-06	1.3261e-07
161	0.94742	0.05258	1.9162e-06	1.2263e-07
162	0.95394	0.046059	1.9231e-06	1.0689e-07
163	0.96321	0.036792	1.9396e-06	8.475e-08
164	0.95902	0.040982	1.922e-06	9.262e-08
165	0.916	0.083996	1.819e-06	1.8192e-07
166	0.88555	0.11444	1.7383e-06	2.453e-07
167	0.86254	0.13745	1.6787e-06	2.91e-07
168	0.80725	0.19275	1.5475e-06	4.0438e-07
169	0.76481	0.23519	1.45e-06	4.8741e-07
170	0.73248	0.26752	1.3784e-06	5.4772e-07
171	0.71106	0.28894	1.3245e-06	5.8673e-07
172	0.69554	0.30446	1.2864e-06	6.1299e-07
173	0.68621	0.31378	1.2571e-06	6.2714e-07
174	0.68205	0.31794	1.2346e-06	6.3107e-07
175	0.68158	0.31842	1.2224e-06	6.2774e-07
176	0.66862	0.33138	1.183e-06	6.4811e-07
177	0.66022	0.33978	1.1558e-06	6.5914e-07
178	0.65584	0.34416	1.1392e-06	6.6237e-07
179	0.6552	0.3448	1.1324e-06	6.5863e-07
180	0.65801	0.34199	1.1344e-06	6.4851e-07
181	0.61519	0.38481	1.0522e-06	7.1898e-07
182	0.58518	0.41482	9.8982e-07	7.6661e-07
183	0.56277	0.43723	9.4474e-07	7.9948e-07
184	0.50726	0.49274	8.3896e-07	8.8985e-07
185	0.4646	0.5354	7.6071e-07	9.5511e-07
186	0.43463	0.56537	7.0184e-07	9.9811e-07
187	0.41167	0.58833	6.5808e-07	1.028e-06
188	0.39444	0.60556	6.2637e-07	1.0477e-06
189	0.38428	0.61572	6.0417e-07	1.055e-06
190	0.37791	0.62209	5.9008e-07	1.056e-06
191	0.3768	0.6232	5.8249e-07	1.0477e-06
192	0.3792	0.6208	5.8232e-07	1.034e-06
193	0.38701	0.61299	5.8855e-07	1.0111e-06
194	0.40125	0.59875	6.0223e-07	9.7791e-07
195	0.42381	0.57619	6.2525e-07	9.3247e-07
196	0.45645	0.54354	6.5899e-07	8.7351e-07
197	0.49843	0.50157	7.0693e-07	8.0232e-07
198	0.55209	0.44791	7.7259e-07	7.154e-07
199	0.62045	0.37955	8.6063e-07	6.0812e-07
200	0.64854	0.35146	8.8479e-07	5.6151e-07
201	0.68567	0.31433	9.2352e-07	5.028e-07
202	0.73424	0.26576	9.8045e-07	4.2833e-07
203	0.75109	0.24891	9.938e-07	3.9992e-07
204	0.77365	0.22635	1.0175e-06	3.6335e-07
205	0.78026	0.21974	1.0141e-06	3.5059e-07
206	0.7906	0.2094	1.0183e-06	3.3259e-07
207	0.80707	0.19293	1.0271e-06	3.0667e-07
208	0.8295	0.1705	1.0466e-06	2.7264e-07
209	0.82219	0.17781	1.0267e-06	2.8061e-07
210	0.81813	0.18187	1.0137e-06	2.8381e-07
211	0.75723	0.24277	9.1837e-07	3.6605e-07
212	0.70956	0.29044	8.4581e-07	4.275e-07
213	0.67246	0.32754	7.9098e-07	4.7313e-07
214	0.64384	0.35616	7.5007e-07	5.0663e-07
215	0.62441	0.37558	7.1827e-07	5.2816e-07
216	0.61026	0.38974	6.9543e-07	5.4244e-07
217	0.60059	0.39941	6.8012e-07	5.5085e-07
218	0.59627	0.40373	6.6902e-07	5.5226e-07
219	0.59575	0.40425	6.6448e-07	5.4899e-07
220	0.59899	0.40101	6.6636e-07	5.4117e-07
221	0.58835	0.41164	6.5327e-07	5.5016e-07
222	0.55562	0.44438	6.1174e-07	5.8483e-07
223	0.53052	0.46948	5.8133e-07	6.0991e-07
224	0.51378	0.48622	5.5832e-07	6.2489e-07
225	0.50187	0.49813	5.4264e-07	6.3401e-07
226	0.46388	0.53612	4.9979e-07	6.7184e-07
227	0.43838	0.56162	4.6849e-07	6.954e-07
228	0.42125	0.57875	4.4483e-07	7.0875e-07
229	0.41062	0.58938	4.2693e-07	7.138e-07
230	0.40417	0.59583	4.1532e-07	7.1407e-07
231	0.40121	0.59879	4.0882e-07	7.1049e-07
232	0.40342	0.59658	4.0616e-07	7.0047e-07
233	0.40935	0.59065	4.0872e-07	6.8669e-07
234	0.41907	0.58093	4.1641e-07	6.69e-07
235	0.43348	0.56652	4.3045e-07	6.464e-07
236	0.45545	0.54455	4.5039e-07	6.1538e-07
237	0.4848	0.5152	4.7967e-07	5.765e-07
238	0.49371	0.50629	4.8411e-07	5.5987e-07
239	0.50729	0.49271	4.9483e-07	5.3849e-07
240	0.52916	0.47083	5.1152e-07	5.0842e-07
241	0.56103	0.43897	5.352e-07	4.6872e-07
242	0.60289	0.3971	5.7013e-07	4.1939e-07
243	0.6565	0.3435	6.1805e-07	3.5848e-07
244	0.72484	0.27516	6.8237e-07	2.8263e-07
245	0.82355	0.17645	7.7072e-07	1.7977e-07
246	0.951	0.048995	8.8951e-07	4.8407e-08
247	0.99708	0.0029159	9.1911e-07	2.9492e-09
248	0.99858	0.0014205	9.0132e-07	1.5339e-09
249	0.99451	0.005488	8.8597e-07	5.7273e-09
250	0.96138	0.038616	8.4384e-07	3.8761e-08
251	0.93611	0.063889	8.1245e-07	6.2997e-08
252	0.9167	0.083297	7.8896e-07	8.0951e-08
253	0.90357	0.096426	7.6836e-07	9.3067e-08
254	0.89436	0.10564	7.5361e-07	1.0114e-07
255	0.88846	0.11154	7.439e-07	1.0595e-07
256	0.82591	0.17409	6.7964e-07	1.6239e-07
257	0.77778	0.22222	6.3188e-07	2.0399e-07
258	0.74098	0.25902	5.968e-07	2.3448e-07
259	0.71258	0.28742	5.7092e-07	2.5705e-07
260	0.69099	0.30901	5.5243e-07	2.7345e-07
261	0.67689	0.32311	5.3771e-07	2.8343e-07
262	0.66874	0.33126	5.2568e-07	2.8807e-07
263	0.66432	0.33568	5.1814e-07	2.8939e-07
264	0.66468	0.33532	5.1225e-07	2.8643e-07
265	0.66875	0.33125	5.1079e-07	2.8042e-07
266	0.67802	0.32198	5.1106e-07	2.7004e-07
267	0.69165	0.30835	5.159e-07	2.5626e-07
268	0.69268	0.30732	5.082e-07	2.5224e-07
269	0.67981	0.32019	4.9109e-07	2.588e-07
270	0.67119	0.32881	4.7871e-07	2.6175e-07
271	0.6666	0.3334	4.7082e-07	2.6148e-07
272	0.64638	0.35362	4.4945e-07	2.7212e-07
273	0.63339	0.36661	4.3143e-07	2.7682e-07
274	0.62471	0.37529	4.1797e-07	2.7801e-07
275	0.62173	0.37827	4.0644e-07	2.7461e-07
276	0.62406	0.37594	3.9637e-07	2.6708e-07
277	0.63027	0.36973	3.9002e-07	2.5706e-07
278	0.62429	0.37571	3.7417e-07	2.5455e-07
279	0.62192	0.37808	3.6184e-07	2.4949e-07
280	0.62304	0.37696	3.5268e-07	2.4219e-07
281	0.62795	0.37204	3.4682e-07	2.3265e-07
282	0.63699	0.36301	3.4429e-07	2.2079e-07
283	0.65073	0.34927	3.4534e-07	2.0634e-07
284	0.67192	0.32808	3.4805e-07	1.8776e-07
285	0.69984	0.30016	3.5493e-07	1.6583e-07
286	0.70922	0.29078	3.4844e-07	1.5467e-07
287	0.72546	0.27454	3.4268e-07	1.4016e-07
288	0.75069	0.24931	3.3798e-07	1.2191e-07
289	0.71412	0.28588	3.0202e-07	1.3235e-07
290	0.68591	0.31409	2.7268e-07	1.3708e-07
291	0.66493	0.33507	2.4873e-07	1.3743e-07
292	0.64947	0.35053	2.2862e-07	1.3467e-07
293	0.64082	0.35918	2.0951e-07	1.284e-07
294	0.63624	0.36376	1.9299e-07	1.2038e-07
295	0.63697	0.36303	1.7631e-07	1.1003e-07
296	0.64148	0.35852	1.614e-07	9.8717e-08
297	0.64976	0.35024	1.4776e-07	8.6667e-08
298	0.66408	0.33592	1.3311e-07	7.3283e-08
299	0.68368	0.31632	1.1924e-07	5.9648e-08
300	0.71017	0.28983	1.0606e-07	4.5935e-08
301	0.74463	0.25537	9.2988e-08	3.2514e-08
302	0.79517	0.20483	7.7472e-08	1.9133e-08
303	0.86081	0.13919	6.0731e-08	7.5571e-09
304	0.88834	0.11166	6.6991e-08	6.8431e-09
305	0.92453	0.075474	7.3888e-08	5.0457e-09
306	0.97542	0.024581	8.0334e-08	1.7762e-09
307	0.96745	0.03255	8.2307e-08	2.5419e-09
308	0.96189	0.038107	8.4025e-08	3.0901e-09
309	0.95926	0.040742	8.4038e-08	3.3517e-09
310	0.95002	0.049981	8.1601e-08	4.1221e-09
311	0.94371	0.056289	7.9108e-08	4.5467e-09
312	0.94051	0.059493	7.5042e-08	4.6108e-09
313	0.93941	0.060593	7.0738e-08	4.4223e-09
314	0.94125	0.058748	6.4757e-08	3.9345e-09
315	0.94539	0.054609	5.8535e-08	3.2657e-09
316	0.95209	0.047908	5.2002e-08	2.4558e-09
317	0.96309	0.036914	4.3656e-08	1.5006e-09
318	0.97775	0.022247	3.4743e-08	5.7801e-10
319	0.97749	0.022505	4.4859e-08	8.7127e-10
320	0.97877	0.021231	5.4651e-08	1.0641e-09
321	0.98204	0.017958	6.268e-08	1.0833e-09
322	0.98718	0.012815	7.0514e-08	8.9816e-10
323	0.98857	0.011425	7.7798e-08	8.9824e-10
324	0.99127	0.0087286	8.4816e-08	7.5063e-10
325	0.99151	0.0084945	9.1357e-08	7.7977e-10
326	0.99321	0.006788	9.6003e-08	6.564e-10
327	0.99648	0.0035162	9.8829e-08	3.6285e-10
328	0.9955	0.0045034	1.0095e-07	4.7877e-10
329	0.99546	0.0045413	1.0288e-07	4.9111e-10
330	0.99633	0.0036688	1.0455e-07	3.9854e-10
331	0.99585	0.0041496	1.0582e-07	4.43e-10
332	0.99649	0.0035073	1.0514e-07	3.6714e-10
333	0.99826	0.0017364	1.0257e-07	1.7677e-10
334	0.99732	0.0026771	9.9513e-08	2.5875e-10
335	0.99739	0.0026078	9.4502e-08	2.3756e-10
336	0.99654	0.0034643	8.7405e-08	2.9471e-10
337	0.99669	0.0033051	7.8389e-08	2.56e-10
338	0.99774	0.0022574	6.9177e-08	1.5212e-10
339	0.99992	7.7622e-05	5.8004e-08	3.5769e-12
340	0.9983	0.001701	6.4884e-08	1.0833e-10
341	0.99765	0.0023455	6.9889e-08	1.6371e-10
342	0.99779	0.0022135	7.4436e-08	1.6268e-10
343	0.99413	0.0058678	7.6718e-08	4.5136e-10
344	0.99185	0.008153	7.8671e-08	6.3591e-10
345	0.9911	0.0089028	7.8771e-08	6.9673e-10
346	0.99178	0.0082164	7.7016e-08	6.3592e-10
347	0.9903	0.0097015	7.46e-08	7.2791e-10
348	0.98996	0.010044	7.1769e-08	7.1508e-10
349	0.99102	0.0089835	6.7126e-08	5.9359e-10
350	0.9936	0.006404	6.0645e-08	3.8216e-10
351	0.99755	0.0024504	5.3698e-08	1.2051e-10
352	0.99928	0.00071909	4.4667e-08	2.082e-11
353	0.99911	0.00088945	5.6811e-08	4.3972e-11
354	0.99967	0.00032711	6.7011e-08	2.2534e-11
355	0.9993	0.00069904	7.6769e-08	6.1473e-11
356	0.99844	0.0015567	8.6217e-08	1.583e-10
357	0.99834	0.0016607	9.5515e-08	1.9566e-10
358	0.99744	0.0025638	1.0454e-07	3.3544e-10
359	0.99734	0.0026617	1.1343e-07	3.9423e-10
360	0.99804	0.00196	1.2222e-07	3.5002e-10
361	0.998	0.0020028	1.288e-07	4.2552e-10
362	0.99707	0.0029331	1.1004e-07	4.443e-10
363	0.99699	0.0030061	9.1693e-08	3.4737e-10
364	0.9979	0.002096	7.1154e-08	1.8069e-10
365	0.9997	0.00030276	5.0733e-08	1.2858e-11
366	0.99993	6.7063e-05	5.6788e-08	3.7087e-12
367	0.99941	0.00058622	5.9442e-08	3.4481e-11
368	0.9951	0.0048971	6.1321e-08	2.8972e-10
369	0.99253	0.0074701	6.1426e-08	4.4584e-10
370	0.99141	0.008585	5.9756e-08	5.033e-10
371	0.99164	0.0083628	5.6304e-08	4.6924e-10
372	0.993	0.0070029	5.237e-08	3.6461e-10
373	0.99558	0.0044172	4.7925e-08	2.0178e-10
374	0.99644	0.0035577	4.148e-08	1.3538e-10
375	0.9983	0.0017048	3.4482e-08	4.0822e-11
376	0.99904	0.0009611	4.7633e-08	3.7701e-11
377	0.99913	0.00086863	5.8726e-08	4.7526e-11
378	0.99987	0.00013448	6.9476e-08	9.0905e-12
379	0.99939	0.0006148	7.6752e-08	4.6235e-11
380	0.9985	0.0014962	8.1975e-08	1.227e-10
381	0.99835	0.0016473	8.6817e-08	1.4071e-10
382	0.99908	0.00091596	8.9719e-08	8.0617e-11
383	0.9994	0.00060337	9.0571e-08	5.53e-11
384	0.99942	0.0005842	9.1044e-08	5.391e-11
385	0.99926	0.00074304	8.9483e-08	6.9857e-11
386	0.99864	0.0013562	8.7443e-08	1.2513e-10
387	0.99873	0.0012704	8.5021e-08	1.1431e-10
388	0.99822	0.0017825	8.2093e-08	1.522e-10
389	0.99855	0.0014485	7.7281e-08	1.1977e-10
390	0.99966	0.00034236	7.214e-08	3.079e-11
391	0.99823	0.0017666	7.0173e-08	1.3072e-10
392	0.99762	0.002379	6.7721e-08	1.6492e-10
393	0.99797	0.0020319	6.3383e-08	1.325e-10
394	0.99746	0.0025414	5.8438e-08	1.5045e-10
395	0.99776	0.0022393	5.304e-08	1.1554e-10
396	0.99889	0.001106	4.7152e-08	4.1007e-11
397	0.9981	0.001904	6.6456e-08	1.2841e-10
398	0.99805	0.001948	8.583e-08	1.8152e-10
399	0.99714	0.0028627	1.0543e-07	3.3521e-10
400	0.99447	0.0055287	1.2494e-07	7.655e-10
401	0.99295	0.0070521	1.448e-07	1.1274e-09
402	0.99272	0.0072838	1.6248e-07	1.3321e-09
403	0.99375	0.0062489	1.7807e-07	1.3139e-09
404	0.993	0.0070009	1.9382e-07	1.6377e-09
405	0.9933	0.006697	2.1027e-07	1.7449e-09
406	0.99184	0.0081574	2.2388e-07	2.3222e-09
407	0.98707	0.012926	2.3684e-07	3.9205e-09
408	0.98402	0.015977	2.5074e-07	5.1643e-09
409	0.9738	0.026198	2.7053e-07	8.4878e-09
410	0.96649	0.033506	2.9181e-07	1.1332e-08
411	0.96216	0.037836	3.1113e-07	1.3524e-08
412	0.95988	0.040115	3.321e-07	1.5129e-08
413	0.95995	0.040053	3.5124e-07	1.593e-08
414	0.96236	0.037644	3.6872e-07	1.5786e-08
415	0.96683	0.033168	3.8825e-07	1.4644e-08
416	0.97366	0.026337	4.1021e-07	1.2224e-08
417	0.97552	0.024483	4.273e-07	1.1882e-08
418	0.97913	0.020872	4.4652e-07	1.0592e-08
419	0.97933	0.020674	4.6132e-07	1.0906e-08
420	0.98095	0.019046	4.7792e-07	1.045e-08
421	0.97902	0.020977	4.9381e-07	1.1808e-08
422	0.97862	0.02138	5.1189e-07	1.2358e-08
423	0.97972	0.020281	5.323e-07	1.2026e-08
424	0.98239	0.01761	5.553e-07	1.0657e-08
425	0.98745	0.012545	5.7683e-07	7.7529e-09
426	0.9953	0.0046991	5.9733e-07	3.0129e-09
427	0.99545	0.0045451	6.1451e-07	2.9483e-09
428	0.99681	0.0031883	6.2941e-07	2.1305e-09
429	0.99919	0.00081125	6.4644e-07	5.6101e-10
430	0.99786	0.0021395	6.5802e-07	1.4964e-09
431	0.9866	0.013402	6.6435e-07	9.3042e-09
432	0.97819	0.02181	6.7395e-07	1.529e-08
433	0.9723	0.027702	6.8692e-07	1.9638e-08
434	0.9692	0.030802	6.9855e-07	2.223e-08
435	0.96848	0.031519	7.0874e-07	2.3188e-08
436	0.96223	0.037773	7.1663e-07	2.8184e-08
437	0.94641	0.053588	7.1389e-07	4.0716e-08
438	0.93579	0.064205	7.1188e-07	4.9632e-08
439	0.92922	0.070777	7.0998e-07	5.5549e-08
440	0.92534	0.074656	7.1195e-07	5.9239e-08
441	0.92476	0.075235	7.1346e-07	6.0373e-08
442	0.82231	0.17769	6.2568e-07	1.4769e-07
443	0.74167	0.25833	5.5898e-07	2.152e-07
444	0.67943	0.32057	5.098e-07	2.6659e-07
445	0.63518	0.36482	4.7209e-07	3.039e-07
446	0.60081	0.39919	4.4411e-07	3.3252e-07
447	0.57707	0.42293	4.2238e-07	3.5237e-07
448	0.55973	0.44027	4.0733e-07	3.667e-07
449	0.54967	0.45033	3.9601e-07	3.7473e-07
450	0.54386	0.45614	3.8931e-07	3.7926e-07
451	0.54193	0.45807	3.8678e-07	3.8073e-07
452	0.54376	0.45624	3.8825e-07	3.793e-07
453	0.54919	0.45081	3.9349e-07	3.7502e-07
454	0.55883	0.44117	4.0322e-07	3.6737e-07
455	0.57329	0.4267	4.1816e-07	3.5565e-07
456	0.59546	0.40454	4.3723e-07	3.373e-07
457	0.60064	0.39936	4.4058e-07	3.3216e-07
458	0.60998	0.39002	4.4848e-07	3.2365e-07
459	0.62375	0.37625	4.6113e-07	3.1142e-07
460	0.62383	0.37616	4.6055e-07	3.0975e-07
461	0.62931	0.37069	4.6191e-07	3.0349e-07
462	0.64029	0.35971	4.6523e-07	2.9271e-07
463	0.63724	0.36276	4.589e-07	2.9262e-07
464	0.63947	0.36053	4.5432e-07	2.8812e-07
465	0.64528	0.35472	4.5351e-07	2.8088e-07
466	0.63718	0.36282	4.4348e-07	2.8389e-07
467	0.63285	0.36715	4.3738e-07	2.8396e-07
468	0.63335	0.36665	4.3272e-07	2.8007e-07
469	0.63875	0.36125	4.294e-07	2.7229e-07
470	0.64831	0.35169	4.3017e-07	2.6161e-07
471	0.66493	0.33507	4.3323e-07	2.4598e-07
472	0.66751	0.33249	4.2411e-07	2.3985e-07
473	0.67393	0.32607	4.1874e-07	2.312e-07
474	0.68431	0.31569	4.1684e-07	2.2006e-07
475	0.70189	0.29811	4.1675e-07	2.0445e-07
476	0.70402	0.29598	4.0774e-07	1.9875e-07
477	0.70963	0.29037	4.0183e-07	1.9091e-07
478	0.72117	0.27883	3.9685e-07	1.7947e-07
479	0.73776	0.26224	3.9567e-07	1.6538e-07
480	0.76048	0.23952	3.9878e-07	1.481e-07
481	0.79022	0.20978	4.0639e-07	1.2723e-07
482	0.82866	0.17134	4.1934e-07	1.0191e-07
483	0.87796	0.12204	4.3877e-07	7.0992e-08
484	0.89522	0.10478	4.402e-07	5.9165e-08
485	0.92031	0.079685	4.4267e-07	4.3692e-08
486	0.92931	0.070694	4.371e-07	3.7383e-08
487	0.93095	0.069054	4.2475e-07	3.5097e-08
488	0.93563	0.064371	4.1113e-07	3.1427e-08
489	0.9429	0.057104	3.9955e-07	2.6675e-08
490	0.93338	0.066615	3.779e-07	2.934e-08
491	0.92698	0.07302	3.5901e-07	3.0339e-08
492	0.92312	0.076883	3.4221e-07	3.0093e-08
493	0.92158	0.078421	3.272e-07	2.8825e-08
494	0.92302	0.076979	3.1078e-07	2.6421e-08
495	0.9276	0.072403	2.9281e-07	2.2999e-08
496	0.92515	0.074846	2.7355e-07	2.182e-08
497	0.92566	0.074342	2.5272e-07	1.9665e-08
498	0.92854	0.071463	2.3342e-07	1.6891e-08
499	0.93502	0.064984	2.1223e-07	1.3361e-08
500	0.94595	0.054047	1.8899e-07	9.2241e-09
501	0.96066	0.03934	1.6663e-07	4.9544e-09
502	0.95904	0.040962	1.8552e-07	6.2339e-09
503	0.95931	0.040694	2.0538e-07	7.156e-09
504	0.96217	0.037834	2.2333e-07	7.4638e-09
505	0.96046	0.039543	2.3798e-07	8.67e-09
506	0.95211	0.047892	2.5136e-07	1.1607e-08
507	0.94652	0.053483	2.6599e-07	1.3974e-08
508	0.94319	0.056805	2.8175e-07	1.5795e-08
509	0.94283	0.057173	2.9579e-07	1.6761e-08
510	0.94512	0.054879	3.0827e-07	1.6832e-08
511	0.9276	0.072403	3.1175e-07	2.3445e-08
512	0.91445	0.085547	3.1709e-07	2.8737e-08
513	0.90609	0.093912	3.2149e-07	3.2533e-08
514	0.90159	0.098405	3.2483e-07	3.4961e-08
515	0.89981	0.10019	3.299e-07	3.6341e-08
516	0.90129	0.098709	3.3384e-07	3.6428e-08
517	0.90546	0.094542	3.3959e-07	3.5392e-08
518	0.91383	0.086168	3.4448e-07	3.2681e-08
519	0.92699	0.073006	3.4875e-07	2.8149e-08
520	0.93038	0.069617	3.5027e-07	2.7079e-08
521	0.93745	0.062547	3.5066e-07	2.4603e-08
522	0.94773	0.052269	3.5303e-07	2.0847e-08
523	0.95013	0.049866	3.5325e-07	1.9977e-08
524	0.95478	0.045221	3.5511e-07	1.8178e-08
525	0.96181	0.038193	3.5854e-07	1.5373e-08
526	0.97268	0.027315	3.6094e-07	1.1127e-08
527	0.97052	0.029476	3.558e-07	1.1947e-08
528	0.96999	0.030009	3.5192e-07	1.2086e-08
529	0.97114	0.028855	3.4944e-07	1.1542e-08
530	0.97406	0.02594	3.4837e-07	1.0298e-08
531	0.97967	0.020327	3.457e-07	8.0983e-09
532	0.97518	0.024816	3.3983e-07	9.6476e-09
533	0.97314	0.026857	3.3231e-07	1.0281e-08
534	0.97276	0.02724	3.2614e-07	1.0261e-08
535	0.97393	0.026074	3.2106e-07	9.6646e-09
536	0.9768	0.023202	3.1723e-07	8.4562e-09
537	0.98156	0.018438	3.1469e-07	6.5846e-09
538	0.98942	0.010579	3.1056e-07	3.7735e-09
539	0.98282	0.017176	3.0226e-07	5.7716e-09
540	0.97824	0.021763	2.9514e-07	7.0183e-09
541	0.93215	0.067852	2.7666e-07	2.0182e-08
542	0.89943	0.10057	2.6011e-07	2.9063e-08
543	0.87736	0.12264	2.4467e-07	3.4399e-08
544	0.8624	0.1376	2.2942e-07	3.7209e-08
545	0.85161	0.14839	2.1612e-07	3.841e-08
546	0.84436	0.15564	2.0437e-07	3.8344e-08
547	0.84026	0.15973	1.9388e-07	3.7256e-08
548	0.84009	0.15991	1.823e-07	3.4995e-08
549	0.84381	0.15619	1.6946e-07	3.1719e-08
550	0.85065	0.14935	1.5744e-07	2.7865e-08
551	0.86097	0.13903	1.461e-07	2.351e-08
552	0.87705	0.12295	1.3323e-07	1.8447e-08
553	0.89839	0.10161	1.2081e-07	1.312e-08
554	0.92617	0.073827	1.0863e-07	7.6662e-09
555	0.93712	0.062884	9.1477e-08	4.9596e-09
556	0.93024	0.069755	1.0443e-07	7.0709e-09
557	0.92595	0.074052	1.1753e-07	9.0115e-09
558	0.92398	0.076017	1.309e-07	1.0697e-08
559	0.91292	0.087078	1.4284e-07	1.389e-08
560	0.9062	0.093803	1.531e-07	1.6545e-08
561	0.90338	0.096616	1.6179e-07	1.8519e-08
562	0.90316	0.096838	1.7116e-07	1.9979e-08
563	0.90552	0.094485	1.8136e-07	2.0845e-08
564	0.91136	0.088641	1.9023e-07	2.0815e-08
565	0.90927	0.090732	1.9759e-07	2.242e-08
566	0.91062	0.089382	2.0351e-07	2.3151e-08
567	0.90389	0.096106	2.0759e-07	2.5859e-08
568	0.82228	0.17772	2.0096e-07	4.6336e-08
569	0.76393	0.23607	1.9579e-07	6.307e-08
570	0.72249	0.27751	1.9178e-07	7.6413e-08
571	0.62373	0.37627	1.689e-07	1.0645e-07
572	0.5473	0.4527	1.5189e-07	1.308e-07
573	0.49456	0.50544	1.3897e-07	1.4893e-07
574	0.45332	0.54668	1.2942e-07	1.6369e-07
575	0.42547	0.57453	1.2211e-07	1.7411e-07
576	0.40467	0.59533	1.1719e-07	1.822e-07
577	0.39111	0.60889	1.1324e-07	1.8734e-07
578	0.38178	0.61822	1.108e-07	1.9088e-07
579	0.37614	0.62386	1.0969e-07	1.9302e-07
580	0.35308	0.64692	1.0232e-07	1.9943e-07
581	0.33566	0.66434	9.6969e-08	2.0374e-07
582	0.32324	0.67676	9.341e-08	2.0624e-07
583	0.28754	0.71246	8.2243e-08	2.144e-07
584	0.26243	0.73756	7.348e-08	2.1824e-07
585	0.24354	0.75646	6.7027e-08	2.1969e-07
586	0.22963	0.77037	6.2364e-08	2.1927e-07
587	0.2198	0.7802	5.9121e-08	2.173e-07
588	0.21445	0.78555	5.6531e-08	2.1282e-07
589	0.21298	0.78702	5.443e-08	2.0597e-07
590	0.21431	0.78569	5.3233e-08	1.9809e-07
591	0.21854	0.78146	5.2894e-08	1.892e-07
592	0.21219	0.78781	4.9421e-08	1.8153e-07
593	0.21023	0.78977	4.6449e-08	1.7147e-07
594	0.21196	0.78804	4.3732e-08	1.5928e-07
595	0.21759	0.78241	4.1133e-08	1.4511e-07
596	0.22655	0.77345	3.91e-08	1.3024e-07
597	0.23912	0.76088	3.7467e-08	1.147e-07
598	0.2588	0.7412	3.572e-08	9.7369e-08
599	0.2882	0.7118	3.36e-08	7.8482e-08
600	0.32973	0.67027	3.0531e-08	5.8632e-08
601	0.38354	0.61646	2.669e-08	3.9476e-08
602	0.45867	0.54133	2.0235e-08	2.0978e-08
603	0.55562	0.44438	1.0754e-08	5.4858e-09
604	0.56431	0.43569	1.0097e-08	5.2254e-09
605	0.57733	0.42267	8.9443e-09	4.3673e-09
606	0.59541	0.40459	7.2358e-09	2.969e-09
607	0.59857	0.40143	1.2375e-08	6.7082e-09
608	0.60568	0.39432	1.727e-08	9.8768e-09
609	0.61691	0.38309	2.1995e-08	1.2378e-08
610	0.63492	0.36508	2.599e-08	1.3884e-08
611	0.66168	0.33832	2.9344e-08	1.4302e-08
612	0.69713	0.30287	3.2883e-08	1.3768e-08
613	0.7491	0.2509	3.5999e-08	1.188e-08
614	0.8166	0.1834	3.9534e-08	8.8384e-09
615	0.90397	0.096026	4.3615e-08	4.538e-09
616	0.91452	0.085478	4.2169e-08	3.8692e-09
617	0.92893	0.071067	4.0204e-08	2.981e-09
618	0.94998	0.050018	3.6675e-08	1.8511e-09
619	0.95707	0.042931	3.1805e-08	1.3264e-09
620	0.96851	0.03149	2.5173e-08	7.1896e-10
621	0.98582	0.014182	1.6642e-08	1.5486e-10
622	0.98263	0.017375	2.1224e-08	2.977e-10
623	0.98093	0.019073	2.4946e-08	4.065e-10
624	0.98114	0.018862	2.6975e-08	4.4583e-10
625	0.98329	0.016712	2.7326e-08	4.0471e-10
626	0.98707	0.012927	2.6894e-08	2.9677e-10
627	0.99273	0.007265	2.5671e-08	1.282e-10
628	0.98685	0.013148	4.5396e-08	5.5752e-10
629	0.9828	0.017202	6.5007e-08	1.0897e-09
630	0.98092	0.019084	8.2407e-08	1.5727e-09
631	0.98096	0.019042	9.7719e-08	1.9056e-09
632	0.98246	0.017542	1.1331e-07	2.0502e-09
633	0.98543	0.014569	1.2922e-07	1.9317e-09
634	0.97966	0.020336	1.4406e-07	2.9756e-09
635	0.97651	0.023488	1.5685e-07	3.7562e-09
636	0.97556	0.024443	1.6766e-07	4.2162e-09
637	0.97652	0.023483	1.7659e-07	4.3262e-09
638	0.97911	0.020892	1.8609e-07	4.0754e-09
639	0.9834	0.016604	1.9612e-07	3.4001e-09
640	0.98422	0.015777	2.0326e-07	3.3706e-09
641	0.98648	0.013518	2.11e-07	2.992e-09
642	0.99023	0.0097693	2.1931e-07	2.2138e-09
643	0.98736	0.012643	2.2386e-07	2.9179e-09
644	0.97927	0.020729	2.2753e-07	4.8089e-09
645	0.97415	0.025849	2.2954e-07	6.0801e-09
646	0.97144	0.028559	2.2985e-07	6.7889e-09
647	0.97047	0.029531	2.3092e-07	7.0436e-09
648	0.97155	0.028447	2.3022e-07	6.7871e-09
649	0.97429	0.025714	2.3013e-07	6.0966e-09
650	0.97966	0.020336	2.283e-07	4.7908e-09
651	0.98741	0.012587	2.2734e-07	2.9119e-09
652	0.96651	0.03349	2.1745e-07	7.6225e-09
653	0.95253	0.047474	2.0696e-07	1.0575e-08
654	0.94235	0.057645	1.9788e-07	1.2404e-08
655	0.93516	0.064837	1.8975e-07	1.3393e-08
656	0.93161	0.068387	1.8021e-07	1.3488e-08
657	0.93042	0.069584	1.7146e-07	1.3011e-08
658	0.93207	0.067933	1.611e-07	1.1929e-08
659	0.93596	0.06404	1.5121e-07	1.0451e-08
660	0.94248	0.057522	1.4184e-07	8.596e-09
661	0.94215	0.05785	1.314e-07	7.8121e-09
662	0.94474	0.055256	1.1916e-07	6.5827e-09
663	0.9506	0.049398	1.0502e-07	5.0018e-09
664	0.95929	0.040711	9.1136e-08	3.2862e-09
665	0.9724	0.027603	7.5163e-08	1.4816e-09
666	0.97771	0.022293	8.8085e-08	1.5201e-09
667	0.97876	0.021243	9.8744e-08	1.7459e-09
668	0.98131	0.018687	1.0941e-07	1.7638e-09
669	0.9802	0.019803	1.1959e-07	2.1049e-09
670	0.96132	0.038677	1.2534e-07	4.7024e-09
671	0.94882	0.051183	1.2954e-07	6.693e-09
672	0.94067	0.059325	1.3221e-07	8.1478e-09
673	0.91799	0.082008	1.3267e-07	1.1703e-08
674	0.90242	0.097579	1.3205e-07	1.4274e-08
675	0.89097	0.10903	1.319e-07	1.6161e-08
676	0.88299	0.11701	1.3215e-07	1.7441e-08
677	0.87937	0.12063	1.3107e-07	1.7926e-08
678	0.87962	0.12038	1.2862e-07	1.7664e-08
679	0.88343	0.11657	1.2479e-07	1.6734e-08
680	0.89032	0.10968	1.2133e-07	1.5306e-08
681	0.88898	0.11102	1.1482e-07	1.4878e-08
682	0.89032	0.10968	1.0864e-07	1.3995e-08
683	0.89426	0.10574	1.026e-07	1.2725e-08
684	0.90102	0.098982	9.663e-08	1.1104e-08
685	0.91098	0.089024	9.0684e-08	9.165e-09
686	0.92681	0.073188	8.3125e-08	6.76e-09
687	0.95062	0.049377	7.3819e-08	4.0069e-09
688	0.98191	0.018086	6.4335e-08	1.2558e-09
689	0.99439	0.0056084	5.2832e-08	3.1084e-10
690	0.99902	0.00098271	4.0317e-08	2.8808e-11
691	0.99828	0.0017191	4.9363e-08	7.5178e-11
692	0.99839	0.0016052	5.6538e-08	8.4325e-11
693	0.99927	0.00073217	6.3297e-08	4.0707e-11
694	0.99628	0.0037227	6.7861e-08	2.2943e-10
695	0.99476	0.0052434	7.0551e-08	3.3612e-10
696	0.99443	0.0055691	7.1419e-08	3.5864e-10
697	0.99234	0.007658	7.0273e-08	4.8962e-10
698	0.99139	0.0086142	6.8667e-08	5.2512e-10
699	0.99176	0.0082386	6.5257e-08	4.6023e-10
700	0.98984	0.010163	6.1526e-08	5.0556e-10
701	0.98949	0.01051	5.5967e-08	4.3721e-10
702	0.98659	0.013412	7.88e-08	9.7365e-10
703	0.98513	0.014871	1.0208e-07	1.4933e-09
704	0.98502	0.014982	1.26e-07	1.9017e-09
705	0.98625	0.01375	1.5078e-07	2.097e-09
706	0.98923	0.010774	1.7349e-07	1.9197e-09
707	0.99386	0.0061441	1.9739e-07	1.255e-09
708	0.99543	0.0045684	2.2165e-07	1.0392e-09
709	0.99553	0.0044651	2.4309e-07	1.1203e-09
710	0.98938	0.010625	2.603e-07	2.9213e-09
711	0.98506	0.014942	2.7847e-07	4.3936e-09
712	0.94959	0.050409	2.84e-07	1.5894e-08
713	0.92203	0.077974	2.9173e-07	2.583e-08
714	0.90353	0.096469	2.99e-07	3.3639e-08
715	0.89115	0.10885	3.0552e-07	3.9745e-08
716	0.88262	0.11738	3.1401e-07	4.4621e-08
717	0.87719	0.12281	3.2419e-07	4.8438e-08
718	0.87455	0.12545	3.3608e-07	5.1207e-08
719	0.8758	0.1242	3.4702e-07	5.234e-08
720	0.88074	0.11926	3.5715e-07	5.1797e-08
721	0.88893	0.11107	3.6971e-07	4.9658e-08
722	0.90065	0.09935	3.8487e-07	4.5646e-08
723	0.91656	0.083444	4.0316e-07	3.9267e-08
724	0.9397	0.060303	4.2255e-07	2.9231e-08
725	0.97017	0.029833	4.4726e-07	1.4885e-08
726	0.98359	0.016412	4.6114e-07	8.6214e-09
727	0.9835	0.016504	4.6965e-07	8.8189e-09
728	0.98522	0.014777	4.7629e-07	8.1267e-09
729	0.98847	0.011532	4.8486e-07	6.5898e-09
730	0.99409	0.0059065	4.9187e-07	3.8508e-09
731	0.99336	0.0066371	4.4465e-07	3.2999e-09
732	0.99014	0.0098592	3.9884e-07	3.5466e-09
733	0.98218	0.017815	4.2246e-07	7.1617e-09
734	0.97712	0.02288	4.4412e-07	9.9198e-09
735	0.97389	0.026107	4.6774e-07	1.1989e-08
736	0.96457	0.035432	4.8533e-07	1.725e-08
737	0.9587	0.041304	5.0148e-07	2.1142e-08
738	0.95564	0.044361	5.1616e-07	2.3733e-08
739	0.9546	0.0454	5.3336e-07	2.5222e-08
740	0.94777	0.052233	5.442e-07	3.0142e-08
741	0.94408	0.055922	5.5394e-07	3.3389e-08
742	0.93084	0.069159	5.5893e-07	4.2579e-08
743	0.92118	0.078818	5.672e-07	4.9726e-08
744	0.91456	0.085441	5.7852e-07	5.5094e-08
745	0.91144	0.088563	5.8913e-07	5.8364e-08
746	0.91148	0.088521	5.9902e-07	5.9573e-08
747	0.91387	0.086125	6.1187e-07	5.9073e-08
748	0.91966	0.080339	6.2431e-07	5.6184e-08
749	0.92835	0.071652	6.4034e-07	5.1003e-08
750	0.94178	0.058219	6.5696e-07	4.2405e-08
751	0.94543	0.054572	6.6835e-07	4.0369e-08
752	0.95257	0.047432	6.7927e-07	3.5809e-08
753	0.96279	0.037205	6.9432e-07	2.8713e-08
754	0.97651	0.023486	7.138e-07	1.8596e-08
755	0.99481	0.0051843	7.3914e-07	4.3189e-09
756	0.99429	0.0057089	7.466e-07	4.8273e-09
757	0.95753	0.042465	7.2619e-07	3.4705e-08
758	0.92944	0.070562	7.1435e-07	5.7734e-08
759	0.86326	0.13674	6.6701e-07	1.1337e-07
760	0.81606	0.18394	6.309e-07	1.5494e-07
761	0.77997	0.22003	6.059e-07	1.8695e-07
762	0.75211	0.24789	5.8905e-07	2.1209e-07
763	0.73094	0.26906	5.7892e-07	2.318e-07
764	0.71772	0.28227	5.723e-07	2.4516e-07
765	0.70904	0.29096	5.7096e-07	2.5471e-07
766	0.70584	0.29416	5.7158e-07	2.5949e-07
767	0.68907	0.31093	5.5777e-07	2.7588e-07
768	0.67711	0.32289	5.4951e-07	2.8795e-07
769	0.67073	0.32926	5.4363e-07	2.9497e-07
770	0.66819	0.33181	5.4256e-07	2.9861e-07
771	0.65165	0.34835	5.2671e-07	3.1425e-07
772	0.60982	0.39018	4.8516e-07	3.5285e-07
773	0.57799	0.42201	4.5476e-07	3.8162e-07
774	0.55364	0.44636	4.3247e-07	4.0334e-07
775	0.53748	0.46252	4.1519e-07	4.1755e-07
776	0.52639	0.4736	4.0371e-07	4.2716e-07
777	0.51968	0.48032	3.9718e-07	4.3301e-07
778	0.49237	0.50763	3.7453e-07	4.5596e-07
779	0.47391	0.52609	3.5725e-07	4.7109e-07
780	0.46086	0.53914	3.4574e-07	4.8157e-07
781	0.45418	0.54582	3.3767e-07	4.8611e-07
782	0.45135	0.54865	3.3383e-07	4.875e-07
783	0.45332	0.54668	3.3219e-07	4.843e-07
784	0.43958	0.56042	3.1881e-07	4.939e-07
785	0.43174	0.56826	3.0864e-07	4.9792e-07
786	0.42756	0.57244	3.0233e-07	4.9894e-07
787	0.4268	0.5732	2.9953e-07	4.9727e-07
788	0.43132	0.56868	2.9911e-07	4.9077e-07
789	0.43981	0.56018	3.0257e-07	4.8141e-07
790	0.45284	0.54716	3.103e-07	4.6876e-07
791	0.47124	0.52876	3.2304e-07	4.5212e-07
792	0.4962	0.5038	3.4187e-07	4.3041e-07
793	0.52933	0.47067	3.6834e-07	4.0209e-07
794	0.57277	0.42723	4.0461e-07	3.6506e-07
795	0.62833	0.37167	4.525e-07	3.1735e-07
796	0.70609	0.29391	5.1525e-07	2.5225e-07
797	0.73557	0.26443	5.3993e-07	2.2653e-07
798	0.77372	0.22628	5.7351e-07	1.9307e-07
799	0.772	0.228	5.7094e-07	1.9292e-07
800	0.75856	0.24144	5.5659e-07	2.0174e-07
801	0.7496	0.2504	5.4736e-07	2.0683e-07
802	0.74602	0.25398	5.397e-07	2.0755e-07
803	0.74733	0.25267	5.3322e-07	2.0429e-07
804	0.75219	0.24781	5.3086e-07	1.9831e-07
805	0.76091	0.23909	5.3278e-07	1.8938e-07
806	0.77407	0.22593	5.3945e-07	1.7705e-07
807	0.77559	0.22441	5.3456e-07	1.7348e-07
808	0.73649	0.26351	4.9778e-07	1.9901e-07
809	0.70917	0.29083	4.6756e-07	2.1531e-07
810	0.68889	0.31111	4.446e-07	2.2565e-07
811	0.67399	0.32601	4.2699e-07	2.3166e-07
812	0.66574	0.33426	4.1176e-07	2.3261e-07
813	0.66124	0.33876	4.0026e-07	2.3082e-07
814	0.66153	0.33847	3.8975e-07	2.255e-07
815	0.66553	0.33447	3.8269e-07	2.1786e-07
816	0.6735	0.3265	3.7907e-07	2.0788e-07
817	0.68563	0.31437	3.7872e-07	1.955e-07
818	0.70551	0.29449	3.8015e-07	1.7873e-07
819	0.73181	0.26819	3.8576e-07	1.5865e-07
820	0.76954	0.23046	3.9427e-07	1.3314e-07
821	0.81885	0.18115	4.0932e-07	1.0221e-07
822	0.88181	0.11819	4.3157e-07	6.5013e-08
823	0.9062	0.093795	4.3275e-07	4.9831e-08
824	0.94216	0.057842	4.3593e-07	2.9883e-08
825	0.9882	0.011799	4.4422e-07	5.8255e-09
826	0.98892	0.01108	4.2622e-07	5.2141e-09
827	0.99132	0.0086811	4.0602e-07	3.9425e-09
828	0.99512	0.0048841	3.8738e-07	2.1739e-09
829	0.9938	0.0061983	3.6774e-07	2.5751e-09
830	0.9935	0.0065036	3.4943e-07	2.5414e-09
831	0.99418	0.0058172	3.3232e-07	2.138e-09
832	0.99314	0.0068637	3.1537e-07	2.3249e-09
833	0.99333	0.0066657	2.9627e-07	2.1051e-09
834	0.99455	0.0054474	2.7819e-07	1.5855e-09
835	0.9943	0.0056999	2.5701e-07	1.5202e-09
836	0.99504	0.0049549	2.3694e-07	1.1905e-09
837	0.99713	0.0028712	2.1449e-07	6.0961e-10
838	0.99582	0.0041757	1.8863e-07	7.7824e-10
839	0.99562	0.004375	1.6044e-07	6.996e-10
840	0.99636	0.0036438	1.3331e-07	4.7648e-10
841	0.99602	0.0039806	1.0336e-07	4.0356e-10
842	0.99655	0.0034455	7.4193e-08	2.4065e-10
843	0.99799	0.0020087	4.5613e-08	6.5324e-11
844	0.99669	0.0033051	4.6965e-08	1.3566e-10
845	0.99644	0.0035562	4.6548e-08	1.5543e-10
846	0.99471	0.0052901	4.5406e-08	2.3541e-10
847	0.99399	0.0060118	4.3593e-08	2.5768e-10
848	0.99453	0.0054724	3.9988e-08	2.1826e-10
849	0.99607	0.0039335	3.569e-08	1.3911e-10
850	0.99631	0.0036945	2.9494e-08	1.0966e-10
851	0.99743	0.002571	2.2577e-08	5.7995e-11
852	0.9995	0.00050008	1.4892e-08	5.2615e-12
853	0.99966	0.00033868	1.9865e-08	6.0233e-12
854	0.99974	0.00026115	2.3986e-08	5.7919e-12
855	0.99893	0.0010665	2.725e-08	2.6205e-11
856	0.99726	0.0027382	2.8749e-08	7.0519e-11
857	0.99665	0.0033476	2.8539e-08	8.3493e-11
858	0.99688	0.0031189	2.7476e-08	6.7414e-11
859	0.99098	0.0090204	4.8869e-08	4.822e-10
860	0.98685	0.01315	7.0211e-08	1.0423e-09
861	0.98426	0.015741	9.1693e-08	1.6407e-09
862	0.98306	0.016936	1.1349e-07	2.185e-09
863	0.98326	0.016739	1.3593e-07	2.5767e-09
864	0.98487	0.015135	1.5922e-07	2.7118e-09
865	0.9879	0.0121	1.8343e-07	2.4781e-09
866	0.99263	0.0073701	2.0898e-07	1.6983e-09
867	0.99936	0.00063854	2.3623e-07	1.4413e-10
868	0.9981	0.001896	3.3761e-07	6.4886e-10
869	0.99782	0.0021771	4.3407e-07	9.9037e-10
870	0.99663	0.0033661	5.2479e-07	1.9227e-09
871	0.99648	0.003518	6.1138e-07	2.4507e-09
872	0.99721	0.002788	7.038e-07	2.3683e-09
873	0.99883	0.0011656	8.0218e-07	1.4018e-09
874	0.99822	0.0017761	9.0393e-07	2.5391e-09
875	0.99669	0.0033098	9.9849e-07	5.5073e-09
876	0.99609	0.0039043	1.1001e-06	7.6447e-09
877	0.99409	0.0059081	1.1928e-06	1.3194e-08
878	0.9886	0.011394	1.1927e-06	2.0818e-08
879	0.85249	0.14751	1.0079e-06	2.0394e-07
880	0.75798	0.24202	8.7281e-07	3.3405e-07
881	0.68492	0.31508	7.7186e-07	4.3214e-07
882	0.62859	0.37141	6.968e-07	5.063e-07
883	0.58455	0.41545	6.4023e-07	5.6361e-07
884	0.55098	0.44902	5.992e-07	6.0719e-07
885	0.52519	0.4748	5.6948e-07	6.4098e-07
886	0.50617	0.49383	5.4962e-07	6.6661e-07
887	0.49267	0.50733	5.3789e-07	6.8584e-07
888	0.48382	0.51618	5.3313e-07	6.9981e-07
889	0.4788	0.5212	5.3418e-07	7.0946e-07
890	0.47756	0.52243	5.4134e-07	7.1475e-07
891	0.48004	0.51996	5.548e-07	7.1552e-07
892	0.46975	0.53025	5.5007e-07	7.3167e-07
893	0.46539	0.53461	5.5023e-07	7.4014e-07
894	0.46451	0.53549	5.5621e-07	7.4433e-07
895	0.46847	0.53153	5.6641e-07	7.4163e-07
896	0.47613	0.52387	5.8313e-07	7.3395e-07
897	0.49039	0.50961	6.0656e-07	7.1676e-07
898	0.51315	0.48685	6.3896e-07	6.8776e-07
899	0.54355	0.45645	6.8428e-07	6.4772e-07
900	0.58282	0.41718	7.4483e-07	5.9413e-07
901	0.59551	0.40449	7.7023e-07	5.7748e-07
902	0.61622	0.38377	8.0428e-07	5.4915e-07
903	0.64656	0.35343	8.4897e-07	5.0729e-07
904	0.68983	0.31017	9.081e-07	4.4805e-07
905	0.7462	0.2538	9.892e-07	3.6906e-07
906	0.82784	0.17216	1.1002e-06	2.5694e-07
907	0.85858	0.14142	1.1442e-06	2.1393e-07
908	0.87086	0.12914	1.1585e-06	1.9724e-07
909	0.88791	0.11209	1.1824e-06	1.735e-07
910	0.91041	0.089588	1.2169e-06	1.414e-07
911	0.83405	0.16595	1.1339e-06	2.4061e-07
912	0.77949	0.22051	1.0727e-06	3.1472e-07
913	0.7408	0.25919	1.0277e-06	3.6946e-07
914	0.7109	0.2891	9.9704e-07	4.1198e-07
915	0.69125	0.30874	9.7638e-07	4.4125e-07
916	0.67928	0.32072	9.6302e-07	4.6001e-07
917	0.67145	0.32855	9.5775e-07	4.7271e-07
918	0.66864	0.33136	9.5675e-07	4.7811e-07
919	0.6695	0.33049	9.6351e-07	4.7807e-07
920	0.67571	0.32429	9.7504e-07	4.7005e-07
921	0.66958	0.33042	9.659e-07	4.7968e-07
922	0.66726	0.33274	9.6479e-07	4.8357e-07
923	0.67014	0.32986	9.6824e-07	4.7973e-07
924	0.67806	0.32194	9.7608e-07	4.6846e-07
925	0.69012	0.30987	9.9218e-07	4.5097e-07
926	0.7099	0.2901	1.0159e-06	4.227e-07
927	0.73607	0.26393	1.0512e-06	3.8482e-07
928	0.77363	0.22637	1.0988e-06	3.3165e-07
929	0.82272	0.17728	1.1662e-06	2.611e-07
930	0.8865	0.1135	1.2592e-06	1.6748e-07
931	0.91424	0.085754	1.295e-06	1.276e-07
932	0.95065	0.049347	1.347e-06	7.4212e-08
933	0.99725	0.002745	1.418e-06	4.3357e-09
934	0.99671	0.0032909	1.4213e-06	5.1042e-09
935	0.99702	0.002974	1.4288e-06	4.5557e-09
936	0.99844	0.0015626	1.4342e-06	2.4548e-09
937	0.99745	0.0025501	1.4324e-06	4.0366e-09
938	0.98779	0.012212	1.4204e-06	1.8853e-08
939	0.98137	0.018632	1.4096e-06	2.9041e-08
940	0.92927	0.070729	1.3213e-06	1.1298e-07
941	0.88924	0.11076	1.2567e-06	1.7589e-07
942	0.85813	0.14187	1.2095e-06	2.2386e-07
943	0.8342	0.1658	1.1761e-06	2.6026e-07
944	0.818	0.182	1.1506e-06	2.8559e-07
945	0.80777	0.19223	1.1307e-06	3.0204e-07
946	0.8014	0.1986	1.1196e-06	3.1231e-07
