#coord	neutral	conserved	gBGC.neutral	gBGC.conserved
1	0.94125	0.058317	0.00040779	2.5402e-05
2	0.95222	0.047347	0.00040936	2.0465e-05
3	0.96693	0.032641	0.00041252	1.3973e-05
4	0.98885	0.010725	0.00041859	4.545e-06
5	0.99851	0.0010725	0.00041929	4.5501e-07
6	0.99852	0.0010641	0.00041595	4.4863e-07
7	0.99793	0.0016598	0.00041226	6.9976e-07
8	0.99621	0.0033757	0.00040815	1.4139e-06
9	0.99543	0.00416	0.00040448	1.7309e-06
10	0.99557	0.004024	0.00040123	1.6655e-06
11	0.99426	0.005336	0.00039744	2.1874e-06
12	0.99393	0.0056742	0.00039408	2.3078e-06
13	0.99191	0.0076982	0.0003901	3.0953e-06
14	0.99106	0.0085472	0.00038665	3.4031e-06
15	0.99163	0.0079789	0.00038371	3.1578e-06
16	0.99336	0.0062574	0.00038127	2.4656e-06
17	0.99317	0.006454	0.00037812	2.5214e-06
18	0.99396	0.0056586	0.00037538	2.1949e-06
19	0.99585	0.0037788	0.0003731	1.4589e-06
20	0.99629	0.0033363	0.0003703	1.2771e-06
21	0.99762	0.002009	0.00036786	7.659e-07
22	0.99566	0.0039778	0.00036424	1.4865e-06
23	0.99468	0.0049567	0.00036102	1.8309e-06
24	0.99464	0.0050007	0.00035818	1.8284e-06
25	0.99553	0.0041122	0.00035572	1.4877e-06
26	0.99764	0.0020017	0.00035366	7.1939e-07
27	0.99684	0.00281	0.00035059	9.9622e-07
28	0.99699	0.0026589	0.00034783	9.3536e-07
29	0.99796	0.0016924	0.00034539	5.901e-07
30	0.99822	0.0014397	0.00034267	4.9907e-07
31	0.99793	0.0017331	0.00033973	5.9865e-07
32	0.99671	0.0029504	0.00033652	1.011e-06
33	0.99635	0.0033137	0.00033363	1.1268e-06
34	0.99682	0.0028435	0.00033106	9.603e-07
35	0.99635	0.0033192	0.00032821	1.1094e-06
36	0.99671	0.002961	0.00032567	9.8016e-07
37	0.99613	0.0035412	0.00032279	1.1623e-06
38	0.99644	0.0032428	0.00032024	1.0554e-06
39	0.99568	0.0039967	0.00031732	1.2908e-06
40	0.99328	0.0064082	0.00031384	2.0562e-06
41	0.99205	0.0076383	0.00031079	2.4313e-06
42	0.99188	0.0078115	0.00030812	2.4664e-06
43	0.99275	0.0069374	0.0003058	2.1731e-06
44	0.99473	0.004967	0.00030385	1.5438e-06
45	0.99791	0.0017899	0.00030229	5.5179e-07
46	0.99759	0.0021091	0.00029969	6.3973e-07
47	0.99805	0.0016503	0.00029735	4.9188e-07
48	0.99779	0.0019192	0.00029483	5.6002e-07
49	0.99654	0.0031682	0.00029207	9.0552e-07
50	0.99341	0.0062981	0.00028881	1.7678e-06
51	0.96645	0.033257	0.00027986	9.447e-06
52	0.94754	0.052174	0.00027322	1.4793e-05
53	0.93319	0.066523	0.00026797	1.8774e-05
54	0.92377	0.075946	0.00026412	2.1342e-05
55	0.91825	0.081466	0.00026135	2.2797e-05
56	0.91603	0.083684	0.00025951	2.3317e-05
57	0.91626	0.083456	0.00025838	2.3137e-05
58	0.88785	0.11187	0.00024926	3.0936e-05
59	0.82041	0.17931	0.00022931	4.9544e-05
60	0.77233	0.22739	0.00021483	6.2661e-05
61	0.73839	0.26133	0.00020434	7.1775e-05
62	0.71229	0.28743	0.00019616	7.8597e-05
63	0.69545	0.30428	0.00019054	8.284e-05
64	0.65053	0.3492	0.00017724	9.475e-05
65	0.61897	0.38076	0.00016765	0.00010292
66	0.59532	0.40441	0.00016036	0.00010882
67	0.58041	0.41932	0.00015546	0.00011232
68	0.57039	0.42934	0.00015195	0.00011444
69	0.56436	0.43538	0.00014955	0.00011547
70	0.56196	0.43778	0.00014816	0.0001155
71	0.56443	0.43531	0.00014802	0.00011426
72	0.57204	0.4277	0.0001492	0.0001117
73	0.58383	0.41591	0.00015146	0.00010806
74	0.60338	0.39636	0.00015566	0.00010248
75	0.62984	0.3699	0.00016162	9.5145e-05
76	0.66427	0.33547	0.00016959	8.5815e-05
77	0.71482	0.28492	0.00018151	7.2523e-05
78	0.70901	0.29074	0.00017909	7.3595e-05
79	0.68684	0.31291	0.00017254	7.8776e-05
80	0.67038	0.32937	0.00016751	8.2449e-05
81	0.65869	0.34106	0.00016375	8.4875e-05
82	0.65114	0.34862	0.00016106	8.624e-05
83	0.6491	0.35066	0.00015972	8.6243e-05
84	0.6505	0.34925	0.00015926	8.5387e-05
85	0.65736	0.3424	0.00016009	8.3216e-05
86	0.67056	0.32919	0.00016241	7.9535e-05
87	0.69103	0.30873	0.00016642	7.4158e-05
88	0.71808	0.28168	0.00017199	6.7236e-05
89	0.75822	0.24154	0.00018056	5.7296e-05
90	0.81481	0.18496	0.00019283	4.3629e-05
91	0.83754	0.16223	0.00019699	3.8072e-05
92	0.86774	0.13203	0.00020286	3.0809e-05
93	0.91203	0.087739	0.00021186	2.0408e-05
94	0.90426	0.09551	0.00020879	2.209e-05
95	0.88048	0.11929	0.0002021	2.7414e-05
96	0.86424	0.13554	0.00019716	3.0969e-05
97	0.85236	0.14741	0.00019329	3.3471e-05
98	0.8454	0.15437	0.00019053	3.4844e-05
99	0.84259	0.15719	0.0001887	3.5275e-05
100	0.84281	0.15697	0.00018758	3.5012e-05
101	0.84732	0.15246	0.00018738	3.3809e-05
102	0.85672	0.14306	0.00018821	3.1559e-05
103	0.87031	0.12947	0.00018996	2.8406e-05
104	0.89062	0.10916	0.00019309	2.3858e-05
105	0.91763	0.082155	0.00019764	1.7904e-05
106	0.95247	0.047315	0.00020385	1.0319e-05
107	0.96614	0.033644	0.00020548	7.3279e-06
108	0.98412	0.015667	0.00020802	3.4418e-06
109	0.99114	0.0086455	0.00020816	1.9388e-06
110	0.9857	0.014093	0.00020602	3.1605e-06
111	0.98202	0.017773	0.0002043	3.981e-06
112	0.97263	0.027166	0.00020128	6.0764e-06
113	0.96599	0.033801	0.00019891	7.5416e-06
114	0.96157	0.038228	0.00019705	8.5106e-06
115	0.9135	0.086291	0.00018565	1.9035e-05
116	0.88056	0.11924	0.00017758	2.6212e-05
117	0.85837	0.14142	0.00017187	3.101e-05
118	0.84199	0.15781	0.00016749	3.4495e-05
119	0.83201	0.16779	0.00016448	3.6589e-05
120	0.82713	0.17267	0.00016255	3.7598e-05
121	0.82527	0.17453	0.00016127	3.796e-05
122	0.82634	0.17346	0.00016062	3.7713e-05
123	0.83039	0.16941	0.00016058	3.686e-05
124	0.82522	0.17459	0.00015867	3.79e-05
125	0.8231	0.17671	0.00015741	3.8298e-05
126	0.82391	0.17589	0.00015677	3.8092e-05
127	0.82772	0.17209	0.00015674	3.7286e-05
128	0.83642	0.16338	0.00015764	3.5534e-05
129	0.85058	0.14923	0.00015956	3.2756e-05
130	0.87002	0.12979	0.00016248	2.8979e-05
131	0.87668	0.12313	0.00016288	2.7709e-05
132	0.88667	0.11314	0.00016393	2.5802e-05
133	0.90054	0.099274	0.00016573	2.3163e-05
134	0.92104	0.078775	0.00016872	1.9315e-05
135	0.9482	0.05161	0.00017296	1.4239e-05
136	0.95826	0.041551	0.00017325	1.1276e-05
137	0.96065	0.039171	0.00017156	1.0336e-05
138	0.96511	0.034706	0.00017034	8.9432e-06
139	0.96487	0.034949	0.00016804	8.6688e-06
140	0.96642	0.033406	0.00016612	8.0336e-06
141	0.96985	0.029976	0.00016462	7.0202e-06
142	0.97539	0.024438	0.00016356	5.5866e-06
143	0.9834	0.016433	0.00016301	3.6648e-06
144	0.99419	0.0056423	0.00016304	1.2007e-06
145	0.99906	0.00077513	0.00016295	1.6311e-07
146	0.99965	0.00018519	0.00016197	3.6849e-08
147	0.99959	0.00024909	0.00016086	4.3692e-08
148	0.99852	0.0013206	0.00015961	2.1712e-07
149	0.9983	0.0015458	0.00015847	2.5359e-07
150	0.97906	0.020786	0.00015429	3.3581e-06
151	0.96432	0.03552	0.00015088	5.6902e-06
152	0.95327	0.046577	0.00014812	7.4008e-06
153	0.94619	0.053657	0.00014598	8.4709e-06
154	0.94172	0.058128	0.00014428	9.1146e-06
155	0.94035	0.059498	0.00014304	9.2752e-06
156	0.94113	0.058716	0.00014216	9.0999e-06
157	0.94412	0.055731	0.00014163	8.5881e-06
158	0.94168	0.058173	0.00014029	8.898e-06
159	0.9414	0.05845	0.00013929	8.8747e-06
160	0.94328	0.056578	0.00013864	8.5272e-06
161	0.94728	0.052572	0.00013831	7.8636e-06
162	0.9538	0.046052	0.00013837	6.8315e-06
163	0.96307	0.036787	0.00013884	5.4022e-06
164	0.95888	0.040976	0.00013813	6.031e-06
165	0.91587	0.083984	0.00013175	1.2344e-05
166	0.88543	0.11443	0.0001272	1.6828e-05
167	0.86242	0.13743	0.00012376	2.0198e-05
168	0.80713	0.19272	0.00011556	2.833e-05
169	0.7647	0.23516	0.00010928	3.4537e-05
170	0.73238	0.26748	0.00010452	3.9238e-05
171	0.71095	0.2889	0.00010132	4.2363e-05
172	0.69544	0.30441	9.9011e-05	4.461e-05
173	0.68612	0.31374	9.7578e-05	4.5966e-05
174	0.68196	0.3179	9.6877e-05	4.6578e-05
175	0.68148	0.31837	9.6724e-05	4.6649e-05
176	0.66852	0.33133	9.4739e-05	4.8538e-05
177	0.66013	0.33973	9.3437e-05	4.9754e-05
178	0.65575	0.34411	9.2733e-05	5.0379e-05
179	0.65511	0.34475	9.2583e-05	5.0458e-05
180	0.65791	0.34194	9.2943e-05	5.0035e-05
181	0.6151	0.38475	8.6771e-05	5.615e-05
182	0.5851	0.41476	8.2411e-05	6.0442e-05
183	0.56269	0.43717	7.9168e-05	6.3623e-05
184	0.50719	0.49267	7.1235e-05	7.1503e-05
185	0.46453	0.53533	6.5171e-05	7.7521e-05
186	0.43457	0.56529	6.0883e-05	8.1751e-05
187	0.41161	0.58824	5.7615e-05	8.4967e-05
188	0.39439	0.60547	5.5176e-05	8.7359e-05
189	0.38423	0.61563	5.372e-05	8.8756e-05
190	0.37786	0.622	5.2813e-05	8.961e-05
191	0.37675	0.62311	5.2636e-05	8.9722e-05
192	0.37915	0.62071	5.297e-05	8.9329e-05
193	0.38695	0.61291	5.4054e-05	8.8175e-05
194	0.40119	0.59867	5.603e-05	8.6117e-05
195	0.42375	0.57611	5.9155e-05	8.2899e-05
196	0.45639	0.54347	6.3665e-05	7.8284e-05
197	0.49836	0.5015	6.9503e-05	7.2347e-05
198	0.55201	0.44785	7.7008e-05	6.4748e-05
199	0.62036	0.3795	8.6618e-05	5.5052e-05
200	0.64845	0.35141	9.0497e-05	5.1073e-05
201	0.68558	0.31428	9.5673e-05	4.5805e-05
202	0.73414	0.26572	0.00010249	3.89e-05
203	0.75098	0.24887	0.00010483	3.6487e-05
204	0.77354	0.22632	0.000108	3.3251e-05
205	0.78015	0.21971	0.0001089	3.229e-05
206	0.79049	0.20937	0.00011035	3.0787e-05
207	0.80696	0.1929	0.00011266	2.8419e-05
208	0.82939	0.17047	0.00011583	2.5186e-05
209	0.82208	0.17778	0.00011475	2.6219e-05
210	0.81802	0.18184	0.00011415	2.6781e-05
211	0.75712	0.24274	0.0001054	3.5484e-05
212	0.70946	0.2904	9.8575e-05	4.2261e-05
213	0.67237	0.32749	9.3289e-05	4.7509e-05
214	0.64375	0.35611	8.9231e-05	5.1536e-05
215	0.62433	0.37553	8.6449e-05	5.4275e-05
216	0.61018	0.38968	8.4431e-05	5.6256e-05
217	0.6005	0.39936	8.3061e-05	5.7596e-05
218	0.59619	0.40367	8.2427e-05	5.8187e-05
219	0.59566	0.40419	8.2344e-05	5.8236e-05
220	0.59891	0.40095	8.2806e-05	5.7746e-05
221	0.58827	0.41159	8.133e-05	5.9202e-05
222	0.55555	0.44431	7.674e-05	6.3761e-05
223	0.53045	0.46941	7.324e-05	6.7235e-05
224	0.51371	0.48615	7.0886e-05	6.9551e-05
225	0.5018	0.49806	6.9225e-05	7.1181e-05
226	0.46382	0.53604	6.3957e-05	7.6424e-05
227	0.43832	0.56154	6.0397e-05	7.9945e-05
228	0.42119	0.57867	5.7985e-05	8.2309e-05
229	0.41057	0.58929	5.6466e-05	8.3767e-05
230	0.40411	0.59575	5.5546e-05	8.4634e-05
231	0.40115	0.59871	5.5126e-05	8.5005e-05
232	0.40336	0.5965	5.5411e-05	8.4659e-05
233	0.40929	0.59057	5.6228e-05	8.3788e-05
234	0.41901	0.58085	5.7588e-05	8.2379e-05
235	0.43342	0.56644	5.9622e-05	8.0302e-05
236	0.45538	0.54448	6.2697e-05	7.7174e-05
237	0.48473	0.51513	6.6831e-05	7.2993e-05
238	0.49364	0.50622	6.8066e-05	7.1699e-05
239	0.50722	0.49264	6.9972e-05	6.9741e-05
240	0.52909	0.47077	7.302e-05	6.6629e-05
241	0.56095	0.43891	7.7439e-05	6.2134e-05
242	0.60281	0.39705	8.3284e-05	5.6219e-05
243	0.65641	0.34346	9.081e-05	4.8631e-05
244	0.72474	0.27512	0.00010045	3.8933e-05
245	0.82344	0.17642	0.00011431	2.5007e-05
246	0.95087	0.048988	0.00013229	6.9664e-06
247	0.99695	0.0029155	0.00013879	4.177e-07
248	0.99844	0.0014203	0.00013896	2.0384e-07
249	0.99437	0.0054873	0.00013836	7.721e-07
250	0.96125	0.038611	0.00013367	5.421e-06
251	0.93598	0.06388	0.00013011	8.9489e-06
252	0.91658	0.083285	0.00012738	1.1644e-05
253	0.90345	0.096413	0.00012551	1.3473e-05
254	0.89423	0.10563	0.00012421	1.4748e-05
255	0.88834	0.11152	0.00012338	1.5554e-05
256	0.82579	0.17407	0.00011468	2.4221e-05
257	0.77768	0.22219	0.00010802	3.0852e-05
258	0.74088	0.25898	0.00010296	3.5895e-05
259	0.71248	0.28738	9.908e-05	3.9763e-05
260	0.6909	0.30896	9.6157e-05	4.2682e-05
261	0.6768	0.32306	9.4237e-05	4.4586e-05
262	0.66865	0.33121	9.3117e-05	4.5677e-05
263	0.66423	0.33563	9.2528e-05	4.6245e-05
264	0.66459	0.33528	9.2582e-05	4.6156e-05
265	0.66865	0.33121	9.3168e-05	4.5544e-05
266	0.67792	0.32194	9.446e-05	4.4212e-05
267	0.69155	0.30831	9.6379e-05	4.2262e-05
268	0.69258	0.30728	9.7045e-05	4.2424e-05
269	0.67971	0.32015	9.5732e-05	4.4552e-05
270	0.6711	0.32876	9.5024e-05	4.6085e-05
271	0.66651	0.33335	9.4896e-05	4.7048e-05
272	0.64629	0.35357	9.2484e-05	5.0281e-05
273	0.6333	0.36656	9.1071e-05	5.2502e-05
274	0.62462	0.37523	9.0286e-05	5.4105e-05
275	0.62164	0.37821	9.03e-05	5.4895e-05
276	0.62397	0.37588	9.1065e-05	5.4919e-05
277	0.63017	0.36968	9.2417e-05	5.4367e-05
278	0.6242	0.37566	9.196e-05	5.5609e-05
279	0.62183	0.37802	9.205e-05	5.6314e-05
280	0.62295	0.37691	9.2673e-05	5.6495e-05
281	0.62786	0.37199	9.3884e-05	5.6098e-05
282	0.6369	0.36295	9.5742e-05	5.5064e-05
283	0.65064	0.34921	9.8349e-05	5.3294e-05
284	0.67181	0.32803	0.00010209	5.0379e-05
285	0.69974	0.30011	0.00010691	4.6382e-05
286	0.70911	0.29073	0.00010895	4.5185e-05
287	0.72534	0.2745	0.00011205	4.2918e-05
288	0.75058	0.24927	0.00011654	3.924e-05
289	0.714	0.28584	0.00011131	4.5272e-05
290	0.6858	0.31404	0.00010738	5.0007e-05
291	0.66483	0.33501	0.00010459	5.3616e-05
292	0.64937	0.35047	0.00010267	5.6365e-05
293	0.64072	0.35912	0.0001018	5.8056e-05
294	0.63613	0.36371	0.00010159	5.9096e-05
295	0.63687	0.36297	0.00010221	5.9289e-05
296	0.64138	0.35846	0.00010346	5.886e-05
297	0.64966	0.35018	0.00010535	5.7797e-05
298	0.66397	0.33587	0.00010823	5.5737e-05
299	0.68357	0.31627	0.00011203	5.2767e-05
300	0.71006	0.28978	0.00011705	4.8595e-05
301	0.74451	0.25532	0.00012348	4.3017e-05
302	0.79503	0.2048	0.00013264	3.4689e-05
303	0.86067	0.13916	0.00014453	2.3659e-05
304	0.88819	0.11164	0.00014995	1.9071e-05
305	0.92437	0.075461	0.00015695	1.2923e-05
306	0.97525	0.024576	0.0001665	4.2009e-06
307	0.96728	0.032544	0.00016649	5.6168e-06
308	0.96173	0.038101	0.0001669	6.6295e-06
309	0.95909	0.040735	0.00016779	7.1502e-06
310	0.94985	0.049972	0.00016747	8.8559e-06
311	0.94354	0.056279	0.00016767	1.0056e-05
312	0.94034	0.059482	0.0001684	1.072e-05
313	0.93924	0.060582	0.00016952	1.1007e-05
314	0.94108	0.058737	0.00017114	1.0765e-05
315	0.94522	0.054599	0.00017322	1.0092e-05
316	0.95192	0.047899	0.00017581	8.9245e-06
317	0.96291	0.036907	0.0001792	6.9451e-06
318	0.97757	0.022243	0.00018333	4.2329e-06
319	0.97731	0.022501	0.0001847	4.3121e-06
320	0.97858	0.021227	0.00018637	4.0952e-06
321	0.98185	0.017954	0.00018842	3.4917e-06
322	0.98699	0.012813	0.00019087	2.5098e-06
323	0.98838	0.011423	0.00019257	2.255e-06
324	0.99108	0.0087269	0.00019455	1.7353e-06
325	0.99131	0.0084928	0.00019607	1.6969e-06
326	0.99301	0.0067866	0.00019786	1.3654e-06
327	0.99628	0.0035155	0.00019996	7.1618e-07
328	0.9953	0.0045024	0.00020121	9.2214e-07
329	0.99526	0.0045404	0.00020269	9.3522e-07
330	0.99613	0.0036681	0.00020437	7.5926e-07
331	0.99564	0.0041488	0.00020579	8.6047e-07
332	0.99629	0.0035066	0.00020742	7.307e-07
333	0.99805	0.001736	0.00020927	3.6374e-07
334	0.99711	0.0026766	0.00021058	5.6241e-07
335	0.99718	0.0026073	0.00021208	5.5094e-07
336	0.99632	0.0034636	0.00021336	7.3782e-07
337	0.99648	0.0033044	0.00021484	7.0997e-07
338	0.99753	0.0022569	0.00021653	4.8722e-07
339	0.9997	7.7605e-05	0.00021845	1.6187e-08
340	0.99808	0.0017006	0.00022113	3.7514e-07
341	0.99743	0.0023449	0.000224	5.2569e-07
342	0.99756	0.002213	0.00022707	5.0211e-07
343	0.9939	0.0058664	0.00022925	1.3518e-06
344	0.99162	0.0081511	0.00023176	1.9002e-06
345	0.99086	0.0089007	0.00023459	2.1026e-06
346	0.99155	0.0082144	0.00023773	1.9681e-06
347	0.99006	0.0096991	0.00024039	2.3537e-06
348	0.98971	0.010042	0.00024335	2.4645e-06
349	0.99077	0.0089813	0.00024663	2.2311e-06
350	0.99335	0.0064023	0.00025028	1.6122e-06
351	0.9973	0.0024498	0.00025432	6.233e-07
352	0.99902	0.00071891	0.00025779	1.8579e-07
353	0.99885	0.00088922	0.00026082	2.3242e-07
354	0.99941	0.00032702	0.000264	8.7486e-08
355	0.99903	0.00069885	0.00026698	1.898e-07
356	0.99817	0.0015563	0.00026986	4.2715e-07
357	0.99807	0.0016602	0.00027298	4.6151e-07
358	0.99716	0.0025631	0.00027591	7.1874e-07
359	0.99706	0.002661	0.00027911	7.5395e-07
360	0.99776	0.0019594	0.00028256	5.6088e-07
361	0.99771	0.0020023	0.00028578	5.8003e-07
362	0.99678	0.0029323	0.00028879	8.5659e-07
363	0.9967	0.0030052	0.00029208	8.8549e-07
364	0.99761	0.0020953	0.00029563	6.2498e-07
365	0.9994	0.00030267	0.0002995	9.0864e-08
366	0.99963	6.7043e-05	0.00030287	2.0288e-08
367	0.99911	0.00058604	0.00030599	1.7982e-07
368	0.99479	0.0048956	0.00030797	1.5127e-06
369	0.99222	0.0074678	0.00031043	2.3354e-06
370	0.9911	0.0085823	0.00031331	2.7172e-06
371	0.99132	0.0083602	0.00031658	2.6823e-06
372	0.99268	0.0070006	0.00032027	2.2749e-06
373	0.99526	0.0044158	0.00032441	1.4541e-06
374	0.99611	0.0035565	0.00032804	1.1836e-06
375	0.99796	0.0017043	0.00033205	5.7213e-07
376	0.9987	0.00096078	0.00033567	3.2665e-07
377	0.99879	0.00086834	0.00033912	2.9768e-07
378	0.99952	0.00013443	0.00034283	4.6204e-08
379	0.99904	0.00061459	0.00034609	2.1242e-07
380	0.99815	0.0014956	0.00034918	5.234e-07
381	0.998	0.0016467	0.00035256	5.8067e-07
382	0.99873	0.00091563	0.00035623	3.2625e-07
383	0.99904	0.00060316	0.00035972	2.186e-07
384	0.99905	0.00058399	0.00036315	2.1467e-07
385	0.99889	0.00074277	0.00036656	2.7592e-07
386	0.99827	0.0013557	0.00036984	5.0718e-07
387	0.99836	0.0012699	0.00037341	4.7919e-07
388	0.99784	0.0017819	0.00037681	6.7594e-07
389	0.99817	0.001448	0.0003805	5.5541e-07
390	0.99927	0.00034222	0.00038453	1.3266e-07
391	0.99785	0.0017659	0.00038755	6.9129e-07
392	0.99723	0.002378	0.00039093	9.3865e-07
393	0.99757	0.0020311	0.00039464	8.1273e-07
394	0.99706	0.0025404	0.00039806	1.0267e-06
395	0.99736	0.0022384	0.00040186	9.1387e-07
396	0.99849	0.0011055	0.00040604	4.5687e-07
397	0.99769	0.0019032	0.00040941	7.9374e-07
398	0.99764	0.0019472	0.00041312	8.2095e-07
399	0.99672	0.0028615	0.00041652	1.2145e-06
400	0.99405	0.0055263	0.00041922	2.3563e-06
401	0.99253	0.0070491	0.00042243	3.0258e-06
402	0.99229	0.0072807	0.00042615	3.1554e-06
403	0.99332	0.0062462	0.00043039	2.7411e-06
404	0.99257	0.0069979	0.0004339	3.1004e-06
405	0.99287	0.0066941	0.00043793	2.9934e-06
406	0.9914	0.0081538	0.00044114	3.6806e-06
407	0.98663	0.012921	0.00044288	5.8721e-06
408	0.98358	0.01597	0.00044543	7.3096e-06
409	0.97336	0.026186	0.00044462	1.208e-05
410	0.96605	0.033491	0.00044515	1.5564e-05
411	0.96172	0.037819	0.00044697	1.773e-05
412	0.95943	0.040096	0.00044977	1.8953e-05
413	0.95949	0.040034	0.00045363	1.9094e-05
414	0.9619	0.037626	0.00045858	1.8124e-05
415	0.96637	0.033152	0.0004646	1.6127e-05
416	0.97319	0.026325	0.00047187	1.2931e-05
417	0.97504	0.024471	0.00047671	1.2138e-05
418	0.97865	0.020862	0.00048249	1.0449e-05
419	0.97884	0.020664	0.00048655	1.0449e-05
420	0.98046	0.019036	0.00049139	9.7186e-06
421	0.97853	0.020966	0.00049449	1.0782e-05
422	0.97812	0.021369	0.00049841	1.1069e-05
423	0.97922	0.020271	0.00050318	1.0574e-05
424	0.98188	0.017601	0.00050883	9.237e-06
425	0.98694	0.012538	0.00051573	6.6254e-06
426	0.99478	0.0046966	0.00052411	2.5076e-06
427	0.99493	0.0045427	0.00052849	2.4388e-06
428	0.99628	0.0031866	0.00053347	1.7271e-06
429	0.99865	0.00081081	0.00053908	4.4519e-07
430	0.99732	0.0021384	0.00054263	1.181e-06
431	0.98606	0.013395	0.00054075	7.4176e-06
432	0.97765	0.021798	0.00054042	1.2142e-05
433	0.97176	0.027687	0.00054151	1.5518e-05
434	0.96865	0.030785	0.00054406	1.739e-05
435	0.96793	0.031501	0.00054789	1.7949e-05
436	0.96168	0.037752	0.00054861	2.1673e-05
437	0.94587	0.053557	0.00054368	3.1012e-05
438	0.93525	0.064167	0.00054159	3.7486e-05
439	0.92868	0.070736	0.00054173	4.1693e-05
440	0.9248	0.074612	0.00054349	4.4339e-05
441	0.92422	0.075191	0.00054713	4.5073e-05
442	0.82182	0.17758	0.00048868	0.00010786
443	0.74123	0.25817	0.00044296	0.00015797
444	0.67902	0.32038	0.00040807	0.0001973
445	0.63479	0.3646	0.00038359	0.00022619
446	0.60044	0.39895	0.00036501	0.00024923
447	0.57672	0.42267	0.00035268	0.00026599
448	0.55938	0.43999	0.00034427	0.00027888
449	0.54932	0.45005	0.00034024	0.00028737
450	0.54352	0.45585	0.00033891	0.00029321
451	0.54159	0.45778	0.00034007	0.0002966
452	0.54341	0.45595	0.00034369	0.00029757
453	0.54883	0.45052	0.00034973	0.00029618
454	0.55846	0.44089	0.00035865	0.00029196
455	0.57292	0.42643	0.00037093	0.00028442
456	0.59507	0.40427	0.00038839	0.00027169
457	0.60024	0.3991	0.00039463	0.00027014
458	0.60957	0.38976	0.00040381	0.00026572
459	0.62333	0.37599	0.00041616	0.00025816
460	0.62341	0.37591	0.00041922	0.00025987
461	0.62888	0.37044	0.00042591	0.00025791
462	0.63985	0.35946	0.00043638	0.00025216
463	0.6368	0.36251	0.00043728	0.00025602
464	0.63902	0.36028	0.00044177	0.00025626
465	0.64482	0.35447	0.00044888	0.00025393
466	0.63673	0.36256	0.00044626	0.00026139
467	0.6324	0.36689	0.00044632	0.00026621
468	0.6329	0.36638	0.00044975	0.00026763
469	0.63829	0.36099	0.00045667	0.00026554
470	0.64784	0.35143	0.00046677	0.00026033
471	0.66444	0.33482	0.00048205	0.0002499
472	0.66702	0.33224	0.00048705	0.00024972
473	0.67343	0.32583	0.00049502	0.00024663
474	0.6838	0.31546	0.0005061	0.00024048
475	0.70136	0.29789	0.00052262	0.00022886
476	0.70349	0.29575	0.00052768	0.00022875
477	0.70909	0.29015	0.00053551	0.00022593
478	0.72062	0.27862	0.00054788	0.00021854
479	0.73719	0.26204	0.0005644	0.00020705
480	0.75989	0.23934	0.00058601	0.00019053
481	0.7896	0.20962	0.00061357	0.00016812
482	0.82801	0.1712	0.00064857	0.00013833
483	0.87726	0.12195	0.00069297	9.9205e-05
484	0.89451	0.10469	0.00071146	8.586e-05
485	0.91958	0.079621	0.00073637	6.6056e-05
486	0.92856	0.070637	0.0007485	5.9104e-05
487	0.93019	0.068998	0.00075474	5.8106e-05
488	0.93486	0.064318	0.00076346	5.4594e-05
489	0.94212	0.057057	0.00077448	4.8846e-05
490	0.93261	0.06656	0.0007716	5.7101e-05
491	0.92621	0.072959	0.00077134	6.2809e-05
492	0.92234	0.076818	0.00077325	6.6409e-05
493	0.9208	0.078354	0.00077719	6.8046e-05
494	0.92224	0.076914	0.00078361	6.7166e-05
495	0.9268	0.072341	0.0007927	6.3581e-05
496	0.92436	0.074781	0.00079585	6.6028e-05
497	0.92485	0.074278	0.00080149	6.5953e-05
498	0.92773	0.071401	0.00080932	6.3748e-05
499	0.93419	0.064927	0.00082032	5.8339e-05
500	0.94512	0.053999	0.0008353	4.8912e-05
501	0.95981	0.039305	0.00085392	3.5914e-05
502	0.95818	0.040926	0.00085775	3.7625e-05
503	0.95844	0.040657	0.00086337	3.7612e-05
504	0.96129	0.0378	0.00087131	3.5248e-05
505	0.95958	0.039507	0.00087499	3.7099e-05
506	0.95123	0.047848	0.00087253	4.5156e-05
507	0.94564	0.053433	0.00087268	5.0687e-05
508	0.94232	0.056753	0.00087499	5.4123e-05
509	0.94195	0.05712	0.00087998	5.4835e-05
510	0.94423	0.054827	0.00088743	5.305e-05
511	0.92672	0.072335	0.00087593	7.0286e-05
512	0.91358	0.085466	0.00086859	8.3427e-05
513	0.90522	0.093822	0.00086565	9.2128e-05
514	0.90073	0.098311	0.00086633	9.7181e-05
515	0.89894	0.10009	0.00086972	9.9592e-05
516	0.90041	0.098613	0.00087623	9.8843e-05
517	0.90457	0.094449	0.00088553	9.5386e-05
518	0.91293	0.086083	0.00089896	8.7757e-05
519	0.92607	0.072934	0.00091714	7.5332e-05
520	0.92945	0.069548	0.00092582	7.2494e-05
521	0.93651	0.062484	0.00093816	6.5941e-05
522	0.94677	0.052216	0.00095396	5.6009e-05
523	0.94917	0.049816	0.00096191	5.4009e-05
524	0.9538	0.045175	0.00097233	4.9623e-05
525	0.96082	0.038154	0.00098539	4.2663e-05
526	0.97168	0.027287	0.0010025	3.1632e-05
527	0.96951	0.029446	0.0010056	3.4512e-05
528	0.96898	0.029978	0.0010106	3.5605e-05
529	0.97012	0.028825	0.0010176	3.4831e-05
530	0.97303	0.025913	0.0010266	3.2091e-05
531	0.97863	0.020305	0.0010385	2.6395e-05
532	0.97414	0.02479	0.0010381	3.1122e-05
533	0.9721	0.026828	0.0010404	3.3205e-05
534	0.97171	0.02721	0.0010446	3.3422e-05
535	0.97287	0.026046	0.0010506	3.186e-05
536	0.97574	0.023177	0.0010587	2.8286e-05
537	0.98049	0.018418	0.0010691	2.2428e-05
538	0.98834	0.010567	0.0010833	1.2858e-05
539	0.98174	0.017157	0.0010805	2.0125e-05
540	0.97716	0.021739	0.00108	2.5194e-05
541	0.93111	0.067777	0.001033	7.6667e-05
542	0.89843	0.10045	0.0010003	0.00011373
543	0.87638	0.12251	0.0009792	0.0001392
544	0.86143	0.13744	0.00096588	0.00015685
545	0.85065	0.14823	0.0009573	0.00016982
546	0.84341	0.15546	0.0009528	0.00017877
547	0.83931	0.15955	0.00095194	0.00018414
548	0.83913	0.15973	0.00095546	0.0001851
549	0.84285	0.15601	0.00096339	0.00018162
550	0.84967	0.14918	0.00097504	0.00017447
551	0.85998	0.13887	0.00099092	0.00016314
552	0.87604	0.12281	0.0010135	0.0001451
553	0.89734	0.1015	0.0010425	0.00012066
554	0.92509	0.073741	0.0010795	8.8296e-05
555	0.93602	0.06281	0.0010967	7.5719e-05
556	0.92915	0.069673	0.001093	8.4157e-05
557	0.92485	0.073965	0.0010924	8.9552e-05
558	0.92289	0.075926	0.0010946	9.2165e-05
559	0.91183	0.086974	0.0010861	0.00010561
560	0.90511	0.093691	0.0010826	0.00011404
561	0.9023	0.0965	0.0010836	0.00011786
562	0.90207	0.096722	0.0010878	0.00011852
563	0.90442	0.09437	0.0010953	0.000116
564	0.91025	0.088534	0.0011071	0.00010922
565	0.90816	0.090621	0.0011092	0.0001121
566	0.9095	0.089273	0.0011154	0.00011081
567	0.90278	0.095987	0.0011119	0.00011943
568	0.82127	0.1775	0.0010157	0.00022056
569	0.76298	0.23578	0.00094726	0.00029399
570	0.72159	0.27717	0.00089909	0.00034708
571	0.62295	0.3758	0.00077791	0.00047316
572	0.54662	0.45213	0.00068457	0.00057146
573	0.49394	0.5048	0.00062014	0.00064082
574	0.45275	0.54599	0.00057014	0.00069581
575	0.42492	0.5738	0.00053661	0.00073429
576	0.40415	0.59457	0.00051206	0.00076385
577	0.39061	0.60811	0.00049648	0.00078442
578	0.38129	0.61743	0.00048634	0.00079961
579	0.37565	0.62305	0.00048098	0.00081005
580	0.35262	0.64608	0.00045285	0.00084325
581	0.33523	0.66347	0.000432	0.00086922
582	0.32282	0.67588	0.00041761	0.00088878
583	0.28716	0.71153	0.00037295	0.00093866
584	0.26209	0.73659	0.00034159	0.00097523
585	0.24322	0.75546	0.00031829	0.0010038
586	0.22932	0.76935	0.00030147	0.0010259
587	0.21951	0.77916	0.00028999	0.0010428
588	0.21416	0.7845	0.00028424	0.0010539
589	0.21269	0.78597	0.00028354	0.0010599
590	0.21402	0.78463	0.00028669	0.0010621
591	0.21824	0.78041	0.00029386	0.0010604
592	0.21191	0.78673	0.00028667	0.001073
593	0.20994	0.7887	0.00028527	0.0010797
594	0.21167	0.78696	0.00028884	0.0010815
595	0.21729	0.78133	0.00029769	0.001078
596	0.22624	0.77238	0.00031132	0.0010698
597	0.23878	0.75983	0.00033016	0.0010564
598	0.25844	0.74017	0.00035895	0.0010331
599	0.2878	0.7108	0.00040137	0.00099605
600	0.32926	0.66933	0.00046083	0.00094197
601	0.383	0.61559	0.00053835	0.00086989
602	0.45802	0.54057	0.00064613	0.00076753
603	0.55484	0.44375	0.00078626	0.00063289
604	0.56351	0.43507	0.00080147	0.00062309
605	0.5765	0.42207	0.00082312	0.00060692
606	0.59456	0.40401	0.00085236	0.00058323
607	0.5977	0.40086	0.00086012	0.00058098
608	0.60481	0.39375	0.00087381	0.00057286
609	0.61601	0.38254	0.00089372	0.0005586
610	0.63399	0.36455	0.00092354	0.00053439
611	0.66071	0.33783	0.0009662	0.0004973
612	0.6961	0.30243	0.0010222	0.00044691
613	0.748	0.25053	0.0011028	0.00037198
614	0.81539	0.18313	0.0012074	0.00027303
615	0.90263	0.095883	0.0013432	0.00014302
616	0.91316	0.08535	0.0013641	0.00012779
617	0.92754	0.07096	0.0013911	0.00010653
618	0.94855	0.049943	0.0014282	7.52e-05
619	0.95562	0.042866	0.0014445	6.469e-05
620	0.96704	0.031442	0.0014674	4.7549e-05
621	0.98432	0.01416	0.0014992	2.1449e-05
622	0.98113	0.017348	0.0014998	2.6412e-05
623	0.97942	0.019044	0.0015029	2.9096e-05
624	0.97963	0.018833	0.0015088	2.8893e-05
625	0.98177	0.016686	0.0015176	2.5729e-05
626	0.98554	0.012907	0.001529	1.9983e-05
627	0.99119	0.0072537	0.0015436	1.1232e-05
628	0.98531	0.013128	0.0015402	2.042e-05
629	0.98126	0.017175	0.0015396	2.6782e-05
630	0.97937	0.019054	0.0015424	2.9821e-05
631	0.97941	0.019012	0.0015481	2.988e-05
632	0.9809	0.017514	0.0015562	2.7604e-05
633	0.98386	0.014546	0.0015668	2.2939e-05
634	0.9781	0.020303	0.0015668	3.2459e-05
635	0.97494	0.023451	0.0015709	3.7886e-05
636	0.97398	0.024404	0.0015785	3.9825e-05
637	0.97493	0.023445	0.001589	3.8685e-05
638	0.9775	0.020858	0.0016024	3.4828e-05
639	0.98178	0.016577	0.0016188	2.8101e-05
640	0.98259	0.015751	0.0016294	2.7056e-05
641	0.98484	0.013496	0.0016426	2.3572e-05
642	0.98857	0.0097531	0.0016585	1.7507e-05
643	0.98569	0.012621	0.0016628	2.2928e-05
644	0.97761	0.020694	0.0016578	3.788e-05
645	0.97249	0.025806	0.0016578	4.7685e-05
646	0.96977	0.028511	0.001662	5.3274e-05
647	0.96879	0.02948	0.0016695	5.5751e-05
648	0.96987	0.028398	0.0016805	5.4596e-05
649	0.97259	0.025669	0.0016946	5.0443e-05
650	0.97794	0.020301	0.0017134	4.158e-05
651	0.98567	0.012565	0.0017366	2.8339e-05
652	0.96479	0.033432	0.0016988	7.5913e-05
653	0.95083	0.04739	0.0016757	0.00010868
654	0.94066	0.057543	0.0016609	0.00013322
655	0.93348	0.064721	0.0016526	0.0001514
656	0.92992	0.068264	0.0016519	0.00016193
657	0.92872	0.069458	0.0016563	0.00016757
658	0.93036	0.067809	0.0016663	0.00016748
659	0.93423	0.063923	0.0016809	0.0001629
660	0.94073	0.057415	0.0017008	0.00015309
661	0.9404	0.057742	0.0017065	0.00015113
662	0.94299	0.055153	0.0017184	0.00014279
663	0.94883	0.049306	0.0017379	0.00012693
664	0.9575	0.040635	0.0017643	0.00010423
665	0.97058	0.027552	0.0018013	7.0804e-05
666	0.97587	0.022252	0.0018187	5.7044e-05
667	0.97692	0.021203	0.0018257	5.3597e-05
668	0.97947	0.018652	0.001836	4.6835e-05
669	0.97835	0.019766	0.0018382	4.833e-05
670	0.95951	0.038604	0.001805	8.516e-05
671	0.94702	0.051086	0.0017839	0.0001098
672	0.93889	0.059213	0.0017712	0.00012602
673	0.91625	0.081852	0.0017299	0.00017101
674	0.9007	0.097394	0.0017022	0.00020227
675	0.88927	0.10882	0.0016827	0.00022537
676	0.8813	0.11678	0.0016702	0.0002416
677	0.87769	0.1204	0.001666	0.00024938
678	0.87793	0.12015	0.0016694	0.00024961
679	0.88173	0.11634	0.0016797	0.00024291
680	0.88861	0.10947	0.0016962	0.00023003
681	0.88726	0.11081	0.0016963	0.00023362
682	0.8886	0.10947	0.0017018	0.00023179
683	0.89253	0.10554	0.0017126	0.00022471
684	0.89927	0.09879	0.0017292	0.00021191
685	0.9092	0.088851	0.0017524	0.00019259
686	0.92501	0.073045	0.0017872	0.00016159
687	0.94877	0.04928	0.0018379	0.00011478
688	0.97999	0.01805	0.0019039	5.2635e-05
689	0.99245	0.0055975	0.0019399	1.6137e-05
690	0.99706	0.00098079	0.0019527	2.8097e-06
691	0.99633	0.0017158	0.001951	4.0777e-06
692	0.99644	0.0016021	0.001951	3.629e-06
693	0.99732	0.00073074	0.0019526	1.6179e-06
694	0.99433	0.0037154	0.0019464	7.4284e-06
695	0.99281	0.0052331	0.0019431	1.0386e-05
696	0.99249	0.0055583	0.001942	1.1019e-05
697	0.9904	0.0076431	0.0019374	1.5145e-05
698	0.98945	0.0085974	0.0019352	1.7023e-05
699	0.98983	0.0082225	0.0019355	1.631e-05
700	0.98791	0.010143	0.0019313	2.0101e-05
701	0.98756	0.01049	0.0019302	2.0821e-05
702	0.98466	0.013386	0.0019239	2.6621e-05
703	0.98321	0.014842	0.0019206	2.9541e-05
704	0.9831	0.014952	0.0019201	2.9779e-05
705	0.98433	0.013723	0.0019223	2.7351e-05
706	0.9873	0.010753	0.0019278	2.1531e-05
707	0.99192	0.0061321	0.0019367	1.2426e-05
708	0.99349	0.0045595	0.0019396	9.3284e-06
709	0.99359	0.0044564	0.0019395	9.189e-06
710	0.98745	0.010604	0.0019266	2.1857e-05
711	0.98314	0.014913	0.0019175	3.0748e-05
712	0.94774	0.050311	0.0018443	0.00010379
713	0.92023	0.077823	0.0017876	0.00016035
714	0.90177	0.096281	0.0017491	0.00019856
715	0.88942	0.10863	0.0017231	0.00022438
716	0.8809	0.11715	0.0017051	0.00024224
717	0.87548	0.12257	0.0016934	0.00025373
718	0.87285	0.1252	0.0016876	0.00025953
719	0.8741	0.12396	0.0016893	0.00025766
720	0.87902	0.11903	0.0016983	0.00024859
721	0.8872	0.11085	0.0017137	0.00023304
722	0.8989	0.099157	0.0017363	0.00021049
723	0.91477	0.083282	0.0017672	0.00017961
724	0.93787	0.060185	0.001812	0.00013476
725	0.96828	0.029774	0.0018715	7.5353e-05
726	0.98167	0.01638	0.0018973	4.9532e-05
727	0.98159	0.016472	0.0018942	4.8266e-05
728	0.98331	0.014749	0.0018952	4.2809e-05
729	0.98656	0.01151	0.0019	3.3746e-05
730	0.99218	0.0058952	0.0019104	1.8957e-05
731	0.99145	0.0066244	0.0019044	2.0592e-05
732	0.98824	0.0098403	0.0018923	2.8475e-05
733	0.9803	0.017781	0.0018683	4.8192e-05
734	0.97525	0.022836	0.0018511	6.108e-05
735	0.97203	0.026058	0.0018383	6.9652e-05
736	0.96273	0.035365	0.0018101	9.3525e-05
737	0.95687	0.041226	0.0017902	0.0001091
738	0.95383	0.044277	0.0017768	0.00011809
739	0.95279	0.045315	0.0017682	0.00012245
740	0.94598	0.052134	0.001745	0.00014133
741	0.9423	0.055817	0.0017293	0.00015263
742	0.9291	0.06903	0.0016952	0.00017529
743	0.91947	0.078672	0.0016683	0.0001909
744	0.91287	0.085284	0.0016475	0.00020053
745	0.90976	0.088401	0.0016334	0.00020344
746	0.90981	0.088361	0.0016254	0.00020016
747	0.91221	0.085971	0.0016223	0.00019215
748	0.918	0.080196	0.0016259	0.00017737
749	0.92668	0.071525	0.0016355	0.00015668
750	0.9401	0.058117	0.0016546	0.00012641
751	0.94375	0.054476	0.0016529	0.00011704
752	0.95089	0.04735	0.0016581	0.00010083
753	0.96111	0.037141	0.0016695	7.8503e-05
754	0.97482	0.023446	0.0016879	4.926e-05
755	0.9931	0.0051755	0.0017156	1.0894e-05
756	0.99259	0.0056993	0.0017042	1.1516e-05
757	0.9559	0.042393	0.00163	7.5078e-05
758	0.92786	0.070443	0.0015718	0.00012274
759	0.8618	0.13651	0.0014489	0.0002351
760	0.8147	0.18363	0.0013593	0.00031414
761	0.77867	0.21967	0.0012898	0.00037311
762	0.75087	0.24748	0.0012353	0.00041733
763	0.72974	0.26862	0.0011926	0.00044974
764	0.71655	0.28181	0.0011632	0.00046878
765	0.70789	0.29049	0.0011418	0.00048006
766	0.70471	0.29368	0.0011292	0.00048236
767	0.68797	0.31043	0.0010946	0.00050667
768	0.67604	0.32237	0.0010683	0.0005228
769	0.66967	0.32874	0.001051	0.00052988
770	0.66714	0.33129	0.00104	0.0005307
771	0.65064	0.3478	0.0010069	0.00055362
772	0.60887	0.38958	0.00093402	0.0006163
773	0.5771	0.42136	0.00087801	0.00066219
774	0.55279	0.44568	0.00083448	0.00069571
775	0.53666	0.46182	0.00080383	0.0007163
776	0.5256	0.47289	0.00078146	0.00072871
777	0.5189	0.4796	0.00076607	0.00073426
778	0.49163	0.50687	0.0007202	0.00077037
779	0.47321	0.52531	0.00068783	0.00079295
780	0.46019	0.53834	0.00066398	0.0008071
781	0.45351	0.54503	0.00064956	0.0008118
782	0.4507	0.54785	0.00064101	0.00081071
783	0.45266	0.54589	0.0006393	0.00080275
784	0.43895	0.55962	0.0006152	0.00081728
785	0.43112	0.56745	0.00059963	0.00082323
786	0.42695	0.57164	0.00058952	0.00082383
787	0.4262	0.5724	0.0005844	0.00081951
788	0.43071	0.56789	0.0005865	0.00080794
789	0.4392	0.55941	0.00059413	0.00079093
790	0.45222	0.5464	0.00060796	0.00076781
791	0.4706	0.52804	0.00062906	0.00073752
792	0.49553	0.50312	0.00065896	0.00069853
793	0.52862	0.47004	0.00069975	0.00064873
794	0.572	0.42666	0.00075422	0.00058534
795	0.62749	0.37118	0.00082465	0.00050609
796	0.70516	0.29352	0.00092354	0.00039833
797	0.7346	0.26408	0.00095694	0.00035617
798	0.77271	0.22599	0.0010016	0.00030281
799	0.771	0.2277	0.00099286	0.00030286
800	0.75759	0.24113	0.00096881	0.00031813
801	0.74865	0.25008	0.00095092	0.00032735
802	0.74507	0.25366	0.00093991	0.00032965
803	0.74638	0.25235	0.00093505	0.00032574
804	0.75125	0.2475	0.00093481	0.00031732
805	0.75997	0.23879	0.00093949	0.00030407
806	0.77311	0.22565	0.00094974	0.00028535
807	0.77464	0.22413	0.00094519	0.0002814
808	0.73559	0.26319	0.00089072	0.00032731
809	0.70831	0.29048	0.00085105	0.00035837
810	0.68806	0.31074	0.00082058	0.00038032
811	0.67318	0.32562	0.00079707	0.00039541
812	0.66495	0.33386	0.00078158	0.00040244
813	0.66046	0.33836	0.00077078	0.00040487
814	0.66075	0.33808	0.00076556	0.00040167
815	0.66475	0.33409	0.00076479	0.00039411
816	0.67272	0.32613	0.00076871	0.00038196
817	0.68485	0.31401	0.00077744	0.00036508
818	0.7047	0.29416	0.0007947	0.00033963
819	0.73098	0.26789	0.00081916	0.00030707
820	0.76868	0.2302	0.00085593	0.00026215
821	0.81794	0.18095	0.00090543	0.00020459
822	0.88084	0.11806	0.0009698	0.00013226
823	0.90521	0.093692	0.00098992	0.00010414
824	0.94113	0.057779	0.0010222	6.3829e-05
825	0.98714	0.011787	0.0010651	1.288e-05
826	0.98786	0.011068	0.001058	1.1989e-05
827	0.99027	0.0086719	0.0010526	9.332e-06
828	0.99407	0.004879	0.0010487	5.2139e-06
829	0.99276	0.0061918	0.0010394	6.5588e-06
830	0.99247	0.0064969	0.0010312	6.8215e-06
831	0.99316	0.0058112	0.0010241	6.0442e-06
832	0.99212	0.0068567	0.0010152	7.0681e-06
833	0.99233	0.006659	0.0010075	6.8199e-06
834	0.99355	0.0054419	0.0010009	5.5349e-06
835	0.99331	0.0056942	0.00099297	5.7366e-06
836	0.99406	0.00495	0.00098612	4.9333e-06
837	0.99615	0.0028683	0.00098052	2.8305e-06
838	0.99485	0.0041717	0.00097152	4.0824e-06
839	0.99466	0.0043707	0.00096354	4.2508e-06
840	0.9954	0.0036403	0.00095658	3.5132e-06
841	0.99507	0.0039768	0.00094852	3.8145e-06
842	0.99561	0.0034423	0.00094139	3.2783e-06
843	0.99706	0.0020068	0.00093519	1.8954e-06
844	0.99577	0.003302	0.00092637	3.0925e-06
845	0.99553	0.0035529	0.00091848	3.3101e-06
846	0.9938	0.0052853	0.00090933	4.8825e-06
847	0.99309	0.0060063	0.00090123	5.4985e-06
848	0.99363	0.0054675	0.00089421	4.9753e-06
849	0.99518	0.00393	0.00088818	3.5577e-06
850	0.99542	0.0036912	0.00088107	3.314e-06
851	0.99655	0.0025688	0.00087483	2.2878e-06
852	0.99863	0.00049964	0.00086949	4.4075e-07
853	0.9988	0.00033839	0.0008624	2.9664e-07
854	0.99888	0.00026093	0.00085533	2.2758e-07
855	0.99809	0.0010656	0.0008476	9.1668e-07
856	0.99642	0.0027359	0.00083908	2.3415e-06
857	0.99582	0.0033448	0.00083143	2.8548e-06
858	0.99606	0.0031163	0.00082457	2.6559e-06
859	0.99017	0.009013	0.00081266	7.5974e-06
860	0.98605	0.01314	0.0008024	1.0972e-05
861	0.98347	0.015728	0.00079354	1.3017e-05
862	0.98228	0.016923	0.00078594	1.3886e-05
863	0.98248	0.016725	0.00077957	1.3611e-05
864	0.98409	0.015123	0.00077441	1.2209e-05
865	0.98713	0.012091	0.00077045	9.6867e-06
866	0.99186	0.0073644	0.00076787	5.8554e-06
867	0.99859	0.00063805	0.00076691	4.9814e-07
868	0.99734	0.0018946	0.0007596	1.4425e-06
869	0.99707	0.0021754	0.00075299	1.6397e-06
870	0.99589	0.0033636	0.00074566	2.5163e-06
871	0.99574	0.0035154	0.00073906	2.6132e-06
872	0.99648	0.002786	0.00073321	2.0536e-06
873	0.99811	0.0011647	0.00072807	8.4582e-07
874	0.9975	0.0017749	0.00072139	1.2678e-06
875	0.99598	0.0033074	0.00071401	2.3373e-06
876	0.99539	0.0039016	0.00070739	2.7184e-06
877	0.99339	0.0059039	0.00070284	4.1666e-06
878	0.98791	0.011386	0.00069587	8.0801e-06
879	0.85189	0.14741	0.00059542	0.00010545
880	0.75745	0.24185	0.00052513	0.00017262
881	0.68445	0.31486	0.00047098	0.0002237
882	0.62816	0.37115	0.0004293	0.00026235
883	0.58415	0.41516	0.00039672	0.00029193
884	0.5506	0.44871	0.0003718	0.00031389
885	0.52484	0.47448	0.00035253	0.00033024
886	0.50582	0.4935	0.00033812	0.00034176
887	0.49233	0.50699	0.00032763	0.0003494
888	0.4835	0.51583	0.00032042	0.00035379
889	0.47848	0.52085	0.00031587	0.00035556
890	0.47725	0.52209	0.00031393	0.00035474
891	0.47972	0.51961	0.00031453	0.00035142
892	0.46944	0.5299	0.00030663	0.00035658
893	0.46508	0.53426	0.00030261	0.00035785
894	0.46421	0.53514	0.00030095	0.00035678
895	0.46817	0.53118	0.00030241	0.00035257
896	0.47582	0.52353	0.00030633	0.00034594
897	0.49007	0.50928	0.00031445	0.00033507
898	0.51282	0.48653	0.00032795	0.00031881
899	0.5432	0.45615	0.00034639	0.00029765
900	0.58245	0.41691	0.00037055	0.0002708
901	0.59513	0.40423	0.00037737	0.00026133
902	0.61583	0.38353	0.0003892	0.00024681
903	0.64616	0.35321	0.000407	0.0002263
904	0.68939	0.30998	0.00043274	0.00019784
905	0.74573	0.25364	0.00046674	0.00016116
906	0.82732	0.17205	0.00051616	0.00010903
907	0.85805	0.14133	0.00053333	8.9179e-05
908	0.87032	0.12906	0.00053869	8.1117e-05
909	0.88737	0.11202	0.00054704	7.0104e-05
910	0.90985	0.089533	0.00055878	5.5737e-05
911	0.83354	0.16585	0.00051018	0.00010175
912	0.77901	0.22038	0.00047498	0.00013435
913	0.74036	0.25904	0.00044952	0.00015717
914	0.71047	0.28893	0.00042967	0.00017442
915	0.69084	0.30856	0.00041603	0.00018544
916	0.67888	0.32052	0.00040701	0.00019181
917	0.67105	0.32835	0.0004006	0.00019561
918	0.66825	0.33116	0.00039715	0.00019643
919	0.66911	0.3303	0.00039595	0.00019502
920	0.67531	0.3241	0.00039784	0.00019051
921	0.66919	0.33023	0.00039242	0.00019329
922	0.66687	0.33255	0.00038933	0.00019378
923	0.66975	0.32967	0.00038921	0.00019127
924	0.67766	0.32176	0.00039193	0.00018589
925	0.68973	0.3097	0.00039705	0.00017815
926	0.70949	0.28994	0.00040644	0.00016612
927	0.73565	0.26378	0.00041945	0.0001505
928	0.77319	0.22624	0.00043865	0.00012866
929	0.82225	0.17718	0.00046429	0.00010042
930	0.886	0.11343	0.00049813	6.4024e-05
931	0.91373	0.085706	0.00051133	4.8238e-05
932	0.95012	0.04932	0.00052935	2.7681e-05
933	0.9967	0.0027435	0.00055299	1.5266e-06
934	0.99616	0.003289	0.0005501	1.8246e-06
935	0.99648	0.0029724	0.00054773	1.6409e-06
936	0.99789	0.0015617	0.00054593	8.641e-07
937	0.99691	0.0025487	0.00054277	1.4112e-06
938	0.98725	0.012205	0.00053493	6.7047e-06
939	0.98084	0.018622	0.00052886	1.0198e-05
940	0.92877	0.070692	0.00049775	3.8697e-05
941	0.88877	0.1107	0.00047364	6.0248e-05
942	0.85768	0.14179	0.00045465	7.6706e-05
943	0.83376	0.16571	0.00043975	8.911e-05
944	0.81757	0.1819	0.000429	9.7335e-05
945	0.80734	0.19213	0.00042144	0.00010235
946	0.80099	0.19849	0.00041604	0.00010525
947	0.79809	0.2014	0.00041254	0.00010628
948	0.79845	0.20103	0.00041081	0.00010557
949	0.8019	0.19758	0.00041072	0.00010325
950	0.81039	0.1891	0.00041316	9.8386e-05
