#coord	neutral	conserved	gBGC.neutral	gBGC.conserved
1	0.94139	0.058326	0.00026665	1.6893e-05
2	0.95236	0.047353	0.00026882	1.3693e-05
3	0.96707	0.032646	0.00027213	9.3989e-06
4	0.98899	0.010726	0.00027737	3.1412e-06
5	0.99865	0.0010727	0.00027904	4.3396e-07
6	0.99866	0.0010643	0.00027797	5.0089e-07
7	0.99806	0.00166	0.00027685	8.2069e-07
8	0.99635	0.0033761	0.00027295	1.2817e-06
9	0.99557	0.0041606	0.00026945	1.4576e-06
10	0.99571	0.0040245	0.00026633	1.3592e-06
11	0.9944	0.0053367	0.00026289	1.6917e-06
12	0.99406	0.0056749	0.00025982	1.7434e-06
13	0.99204	0.0076993	0.0002564	2.2552e-06
14	0.9912	0.0085483	0.00025341	2.4361e-06
15	0.99177	0.00798	0.00025074	2.2493e-06
16	0.99349	0.0062582	0.00024847	1.757e-06
17	0.9933	0.0064548	0.00024578	1.7786e-06
18	0.9941	0.0056593	0.00024343	1.5415e-06
19	0.99598	0.0037793	0.00024145	1.0268e-06
20	0.99642	0.0033367	0.00023918	8.9224e-07
21	0.99775	0.0020093	0.00023721	5.3672e-07
22	0.99579	0.0039783	0.00023449	1.0063e-06
23	0.99481	0.0049573	0.0002321	1.2258e-06
24	0.99477	0.0050013	0.00023	1.2159e-06
25	0.99566	0.0041127	0.0002282	9.8283e-07
26	0.99777	0.0020019	0.00022664	4.7615e-07
27	0.99696	0.0028103	0.00022447	6.504e-07
28	0.99712	0.0026593	0.00022247	6.0987e-07
29	0.99809	0.0016926	0.00022073	3.8389e-07
30	0.99834	0.0014399	0.00021878	3.2569e-07
31	0.99805	0.0017334	0.00021667	3.9349e-07
32	0.99683	0.0029508	0.00021442	6.6403e-07
33	0.99647	0.0033141	0.00021243	7.4051e-07
34	0.99694	0.0028439	0.00021069	6.3305e-07
35	0.99647	0.0033196	0.00020881	7.2873e-07
36	0.99683	0.0029613	0.00020717	6.4318e-07
37	0.99625	0.0035416	0.00020528	7.6304e-07
38	0.99655	0.0032432	0.00020365	6.9445e-07
39	0.9958	0.0039971	0.00020177	8.518e-07
40	0.99339	0.0064089	0.00019949	1.3626e-06
41	0.99216	0.0076392	0.00019754	1.6151e-06
42	0.99199	0.0078123	0.00019587	1.644e-06
43	0.99287	0.0069382	0.00019447	1.4571e-06
44	0.99484	0.0049676	0.00019334	1.0489e-06
45	0.99802	0.0017901	0.00019251	3.9984e-07
46	0.9977	0.0021093	0.00019102	4.7063e-07
47	0.99816	0.0016505	0.00018974	3.8394e-07
48	0.99789	0.0019194	0.00018835	4.5524e-07
49	0.99664	0.0031685	0.00018679	7.4878e-07
50	0.99351	0.0062987	0.00018485	1.4676e-06
51	0.96656	0.03326	0.00017813	6.2141e-06
52	0.94764	0.05218	0.00017284	9.48e-06
53	0.93329	0.06653	0.00016854	1.1836e-05
54	0.92387	0.075954	0.00016508	1.331e-05
55	0.91835	0.081475	0.00016228	1.4092e-05
56	0.91613	0.083693	0.00016002	1.4298e-05
57	0.91636	0.083465	0.00015827	1.4062e-05
58	0.88795	0.11188	0.00015167	1.8633e-05
59	0.8205	0.17933	0.00013861	2.9644e-05
60	0.77242	0.22741	0.00012889	3.7273e-05
61	0.73847	0.26136	0.0001216	4.244e-05
62	0.71238	0.28746	0.00011585	4.6131e-05
63	0.69553	0.30431	0.00011162	4.8272e-05
64	0.65061	0.34924	0.00010287	5.4891e-05
65	0.61904	0.3808	9.6364e-05	5.925e-05
66	0.59539	0.40446	9.1344e-05	6.2181e-05
67	0.58048	0.41937	8.7707e-05	6.3699e-05
68	0.57046	0.42939	8.4959e-05	6.4388e-05
69	0.56442	0.43543	8.2909e-05	6.4432e-05
70	0.56203	0.43783	8.1477e-05	6.3912e-05
71	0.5645	0.43536	8.0709e-05	6.2701e-05
72	0.57211	0.42775	8.0613e-05	6.0794e-05
73	0.5839	0.41596	8.1134e-05	5.8323e-05
74	0.60345	0.39641	8.2612e-05	5.4866e-05
75	0.62992	0.36995	8.5036e-05	5.052e-05
76	0.66435	0.33551	8.8523e-05	4.5162e-05
77	0.71491	0.28496	9.392e-05	3.7866e-05
78	0.70909	0.29078	9.1871e-05	3.8073e-05
79	0.68693	0.31295	8.7699e-05	4.0377e-05
80	0.67046	0.32941	8.4405e-05	4.1854e-05
81	0.65878	0.3411	8.1827e-05	4.2665e-05
82	0.65122	0.34866	7.985e-05	4.2922e-05
83	0.64918	0.3507	7.8518e-05	4.2508e-05
84	0.65058	0.3493	7.766e-05	4.1668e-05
85	0.65744	0.34244	7.7401e-05	4.0203e-05
86	0.67065	0.32924	7.7814e-05	3.8039e-05
87	0.69112	0.30876	7.8966e-05	3.5112e-05
88	0.71817	0.28172	8.0866e-05	3.1484e-05
89	0.75832	0.24157	8.4061e-05	2.6535e-05
90	0.81491	0.18498	8.8816e-05	1.9998e-05
91	0.83764	0.16225	8.972e-05	1.7286e-05
92	0.86785	0.13205	9.1413e-05	1.384e-05
93	0.91215	0.08775	9.4368e-05	9.1021e-06
94	0.90438	0.095523	9.1996e-05	9.7478e-06
95	0.88059	0.11931	8.812e-05	1.1949e-05
96	0.86435	0.13555	8.5016e-05	1.3351e-05
97	0.85248	0.14743	8.2455e-05	1.426e-05
98	0.84551	0.15439	8.0359e-05	1.4677e-05
99	0.8427	0.15721	7.8637e-05	1.4693e-05
100	0.84292	0.15699	7.7266e-05	1.4412e-05
101	0.84743	0.15248	7.6241e-05	1.3755e-05
102	0.85683	0.14308	7.5587e-05	1.2698e-05
103	0.87043	0.12949	7.533e-05	1.1298e-05
104	0.89074	0.10918	7.5549e-05	9.3951e-06
105	0.91775	0.082165	7.6332e-05	6.9814e-06
106	0.9526	0.047321	7.7748e-05	3.9839e-06
107	0.96627	0.033649	7.7411e-05	2.7912e-06
108	0.98425	0.015669	7.7442e-05	1.278e-06
109	0.99128	0.0086467	7.6503e-05	7.0135e-07
110	0.98583	0.014095	7.5189e-05	1.1375e-06
111	0.98215	0.017775	7.4058e-05	1.4204e-06
112	0.97276	0.02717	7.2455e-05	2.1556e-06
113	0.96612	0.033806	7.1122e-05	2.6524e-06
114	0.96169	0.038233	7.0003e-05	2.9647e-06
115	0.91363	0.086302	6.567e-05	6.5183e-06
116	0.88068	0.11925	6.2478e-05	8.9119e-06
117	0.85849	0.14144	6.0093e-05	1.0481e-05
118	0.8421	0.15783	5.8215e-05	1.1572e-05
119	0.83212	0.16781	5.6793e-05	1.219e-05
120	0.82724	0.17269	5.5722e-05	1.2439e-05
121	0.82538	0.17455	5.4902e-05	1.2463e-05
122	0.82645	0.17349	5.4316e-05	1.2279e-05
123	0.8305	0.16944	5.3959e-05	1.189e-05
124	0.82532	0.17461	5.3016e-05	1.2116e-05
125	0.8232	0.17673	5.2311e-05	1.2127e-05
126	0.82402	0.17591	5.1829e-05	1.1938e-05
127	0.82782	0.17211	5.1567e-05	1.1552e-05
128	0.83653	0.16341	5.1591e-05	1.0864e-05
129	0.85069	0.14925	5.1925e-05	9.8525e-06
130	0.87014	0.1298	5.2609e-05	8.5144e-06
131	0.8768	0.12314	5.2441e-05	8.0136e-06
132	0.88678	0.11316	5.2498e-05	7.3098e-06
133	0.90065	0.099287	5.2812e-05	6.3712e-06
134	0.92116	0.078785	5.3484e-05	5.06e-06
135	0.94833	0.051616	5.4575e-05	3.355e-06
136	0.95839	0.041557	5.4629e-05	2.7087e-06
137	0.96077	0.039176	5.4233e-05	2.5356e-06
138	0.96523	0.03471	5.3986e-05	2.2369e-06
139	0.96499	0.034953	5.3475e-05	2.2231e-06
140	0.96654	0.03341	5.3094e-05	2.1018e-06
141	0.96997	0.029979	5.2847e-05	1.8685e-06
142	0.97551	0.02444	5.2744e-05	1.511e-06
143	0.98351	0.016435	5.2807e-05	1.0079e-06
144	0.9943	0.0056429	5.3053e-05	3.4035e-07
145	0.99917	0.00077521	5.2911e-05	4.7e-08
146	0.99976	0.00018521	5.2531e-05	1.1196e-08
147	0.9997	0.00024912	5.213e-05	1.4478e-08
148	0.99863	0.0013207	5.1692e-05	7.3934e-08
149	0.9984	0.0015459	5.1286e-05	8.8566e-08
150	0.97916	0.020788	4.983e-05	1.1718e-06
151	0.96443	0.035524	4.8665e-05	1.9815e-06
152	0.95337	0.046582	4.7733e-05	2.5735e-06
153	0.94629	0.053662	4.7004e-05	2.9513e-06
154	0.94182	0.058134	4.6441e-05	3.1811e-06
155	0.94045	0.059504	4.6024e-05	3.2511e-06
156	0.94123	0.058722	4.574e-05	3.2063e-06
157	0.94421	0.055737	4.5587e-05	3.0472e-06
158	0.94177	0.058179	4.5176e-05	3.1635e-06
159	0.9415	0.058455	4.4896e-05	3.1652e-06
160	0.94337	0.056583	4.4744e-05	3.0558e-06
161	0.94737	0.052578	4.4714e-05	2.8373e-06
162	0.9539	0.046057	4.4829e-05	2.4906e-06
163	0.96316	0.036791	4.5097e-05	2.0038e-06
164	0.95897	0.04098	4.4666e-05	2.2058e-06
165	0.91596	0.083992	4.2363e-05	4.3033e-06
166	0.88551	0.11444	4.0662e-05	5.7881e-06
167	0.86251	0.13745	3.9367e-05	6.8818e-06
168	0.80721	0.19274	3.6478e-05	9.5582e-06
169	0.76478	0.23518	3.4276e-05	1.1562e-05
170	0.73245	0.2675	3.2605e-05	1.3047e-05
171	0.71102	0.28893	3.1435e-05	1.4023e-05
172	0.69551	0.30444	3.0574e-05	1.4701e-05
173	0.68618	0.31377	2.9989e-05	1.5095e-05
174	0.68203	0.31793	2.9631e-05	1.5253e-05
175	0.68155	0.31841	2.9461e-05	1.5236e-05
176	0.66859	0.33137	2.8698e-05	1.5801e-05
177	0.66019	0.33976	2.817e-05	1.6145e-05
178	0.65581	0.34414	2.7845e-05	1.6298e-05
179	0.65517	0.34478	2.7705e-05	1.6277e-05
180	0.65798	0.34198	2.7733e-05	1.6099e-05
181	0.61516	0.38479	2.5767e-05	1.7927e-05
182	0.58516	0.4148	2.4349e-05	1.9198e-05
183	0.56275	0.43721	2.3297e-05	2.0115e-05
184	0.50724	0.49272	2.0856e-05	2.2433e-05
185	0.46458	0.53538	1.9007e-05	2.4168e-05
186	0.43461	0.56535	1.768e-05	2.5375e-05
187	0.41165	0.5883	1.6676e-05	2.6267e-05
188	0.39442	0.60553	1.5932e-05	2.6909e-05
189	0.38427	0.61569	1.5471e-05	2.726e-05
190	0.3779	0.62206	1.5182e-05	2.7448e-05
191	0.37678	0.62317	1.5101e-05	2.742e-05
192	0.37919	0.62077	1.5181e-05	2.7241e-05
193	0.38699	0.61297	1.5473e-05	2.6842e-05
194	0.40123	0.59873	1.6019e-05	2.6183e-05
195	0.42379	0.57616	1.6886e-05	2.5195e-05
196	0.45644	0.54352	1.8139e-05	2.3814e-05
197	0.49841	0.50155	1.9784e-05	2.205e-05
198	0.55207	0.44789	2.1926e-05	1.9799e-05
199	0.62042	0.37954	2.4696e-05	1.6928e-05
200	0.64851	0.35145	2.5767e-05	1.5749e-05
201	0.68564	0.31431	2.7228e-05	1.419e-05
202	0.73421	0.26574	2.9188e-05	1.2144e-05
203	0.75106	0.2489	2.9838e-05	1.1418e-05
204	0.77362	0.22634	3.0747e-05	1.0444e-05
205	0.78023	0.21973	3.0991e-05	1.0146e-05
206	0.79057	0.20939	3.1411e-05	9.6843e-06
207	0.80704	0.19292	3.2074e-05	8.9694e-06
208	0.82947	0.17049	3.3013e-05	7.9906e-06
209	0.82216	0.1778	3.2682e-05	8.2931e-06
210	0.8181	0.18186	3.2505e-05	8.4526e-06
211	0.7572	0.24276	2.9883e-05	1.1047e-05
212	0.70953	0.29043	2.7861e-05	1.3053e-05
213	0.67243	0.32753	2.6311e-05	1.4597e-05
214	0.64382	0.35614	2.5136e-05	1.5774e-05
215	0.62439	0.37557	2.4322e-05	1.6583e-05
216	0.61024	0.38972	2.3744e-05	1.7167e-05
217	0.60056	0.3994	2.3364e-05	1.756e-05
218	0.59625	0.40371	2.319e-05	1.774e-05
219	0.59572	0.40423	2.3187e-05	1.776e-05
220	0.59896	0.40099	2.3355e-05	1.7619e-05
221	0.58833	0.41163	2.2966e-05	1.8045e-05
222	0.5556	0.44436	2.1663e-05	1.9378e-05
223	0.5305	0.46946	2.0687e-05	2.0392e-05
224	0.51376	0.4862	2.0029e-05	2.1081e-05
225	0.50185	0.49811	1.9582e-05	2.1569e-05
226	0.46386	0.5361	1.8105e-05	2.3095e-05
227	0.43837	0.56159	1.7103e-05	2.4139e-05
228	0.42123	0.57872	1.6421e-05	2.4855e-05
229	0.41061	0.58935	1.5991e-05	2.5313e-05
230	0.40415	0.59581	1.5744e-05	2.5597e-05
231	0.40119	0.59877	1.565e-05	2.5736e-05
232	0.4034	0.59656	1.5756e-05	2.5668e-05
233	0.40933	0.59063	1.6027e-05	2.5445e-05
234	0.41905	0.58091	1.6468e-05	2.5059e-05
235	0.43347	0.56649	1.7121e-05	2.4471e-05
236	0.45543	0.54453	1.808e-05	2.357e-05
237	0.48478	0.51518	1.9375e-05	2.2342e-05
238	0.49369	0.50627	1.979e-05	2.1988e-05
239	0.50727	0.49269	2.042e-05	2.1429e-05
240	0.52914	0.47082	2.1387e-05	2.0524e-05
241	0.56101	0.43895	2.2759e-05	1.9207e-05
242	0.60287	0.39709	2.4588e-05	1.7444e-05
243	0.65647	0.34349	2.6961e-05	1.5146e-05
244	0.72481	0.27515	3.0025e-05	1.2167e-05
245	0.82352	0.17644	3.4376e-05	7.8924e-06
246	0.95097	0.048993	4.0079e-05	2.2779e-06
247	0.99704	0.0029158	4.2241e-05	2.1662e-07
248	0.99854	0.0014205	4.1837e-05	1.0257e-07
249	0.99447	0.0054878	4.1164e-05	2.7676e-07
250	0.96134	0.038615	3.9205e-05	1.7194e-06
251	0.93607	0.063886	3.7652e-05	2.7766e-06
252	0.91667	0.083294	3.6396e-05	3.5533e-06
253	0.90354	0.096423	3.5397e-05	4.0608e-06
254	0.89432	0.10564	3.4595e-05	4.3905e-06
255	0.88843	0.11153	3.3956e-05	4.5752e-06
256	0.82588	0.17409	3.1061e-05	7.0036e-06
257	0.77775	0.22221	2.8829e-05	8.7864e-06
258	0.74095	0.25901	2.7106e-05	1.0077e-05
259	0.71255	0.28741	2.5752e-05	1.1012e-05
260	0.69097	0.309	2.4693e-05	1.1666e-05
261	0.67687	0.3231	2.3904e-05	1.2041e-05
262	0.66872	0.33125	2.3323e-05	1.2197e-05
263	0.6643	0.33567	2.2898e-05	1.2211e-05
264	0.66466	0.33531	2.2631e-05	1.2058e-05
265	0.66872	0.33124	2.2508e-05	1.1774e-05
266	0.67799	0.32197	2.2546e-05	1.1321e-05
267	0.69162	0.30834	2.2741e-05	1.0724e-05
268	0.69265	0.30731	2.2487e-05	1.0564e-05
269	0.67978	0.32018	2.1755e-05	1.0871e-05
270	0.67117	0.3288	2.119e-05	1.1024e-05
271	0.66658	0.33339	2.078e-05	1.1037e-05
272	0.64636	0.35361	1.986e-05	1.155e-05
273	0.63337	0.3666	1.9171e-05	1.1822e-05
274	0.62469	0.37528	1.8643e-05	1.1947e-05
275	0.62171	0.37826	1.8282e-05	1.1894e-05
276	0.62404	0.37593	1.807e-05	1.1683e-05
277	0.63025	0.36972	1.7985e-05	1.1358e-05
278	0.62427	0.3757	1.7526e-05	1.1398e-05
279	0.62191	0.37806	1.7191e-05	1.1326e-05
280	0.62302	0.37695	1.697e-05	1.1152e-05
281	0.62794	0.37203	1.6868e-05	1.087e-05
282	0.63698	0.363	1.6891e-05	1.0477e-05
283	0.65072	0.34926	1.7052e-05	9.9581e-06
284	0.6719	0.32807	1.739e-05	9.2534e-06
285	0.69983	0.30015	1.791e-05	8.3774e-06
286	0.7092	0.29077	1.7934e-05	8.0112e-06
287	0.72544	0.27454	1.8117e-05	7.4763e-06
288	0.75068	0.2493	1.8504e-05	6.7283e-06
289	0.7141	0.28588	1.7277e-05	7.5839e-06
290	0.68589	0.31408	1.6309e-05	8.1924e-06
291	0.66492	0.33506	1.5557e-05	8.596e-06
292	0.64945	0.35052	1.4968e-05	8.8486e-06
293	0.6408	0.35917	1.4537e-05	8.9329e-06
294	0.63622	0.36376	1.422e-05	8.9143e-06
295	0.63696	0.36302	1.4018e-05	8.7729e-06
296	0.64147	0.35851	1.3913e-05	8.5452e-06
297	0.64975	0.35023	1.3901e-05	8.2345e-06
298	0.66406	0.33591	1.4005e-05	7.799e-06
299	0.68366	0.31631	1.4229e-05	7.2544e-06
300	0.71016	0.28982	1.4605e-05	6.5676e-06
301	0.74462	0.25536	1.5153e-05	5.7184e-06
302	0.79515	0.20483	1.6004e-05	4.5579e-06
303	0.8608	0.13918	1.7167e-05	3.0958e-06
304	0.88832	0.11166	1.7475e-05	2.4808e-06
305	0.92451	0.075472	1.7961e-05	1.698e-06
306	0.9754	0.02458	1.8703e-05	6.5061e-07
307	0.96743	0.032549	1.803e-05	7.7873e-07
308	0.96188	0.038107	1.7428e-05	8.5208e-07
309	0.95924	0.040741	1.687e-05	8.6753e-07
310	0.95	0.04998	1.6184e-05	1.0002e-06
311	0.9437	0.056288	1.5577e-05	1.0715e-06
312	0.94049	0.059492	1.5015e-05	1.086e-06
313	0.93939	0.060592	1.4506e-05	1.0626e-06
314	0.94124	0.058747	1.4032e-05	9.9295e-07
315	0.94538	0.054608	1.3608e-05	8.8963e-07
316	0.95208	0.047908	1.3234e-05	7.5164e-07
317	0.96307	0.036914	1.2903e-05	5.604e-07
318	0.97774	0.022247	1.2627e-05	3.2787e-07
319	0.97748	0.022505	1.2146e-05	3.1591e-07
320	0.97876	0.021231	1.1701e-05	2.8416e-07
321	0.98203	0.017957	1.1268e-05	2.3009e-07
322	0.98717	0.012815	1.0868e-05	1.5677e-07
323	0.98856	0.011425	1.0406e-05	1.3305e-07
324	0.99126	0.0087285	9.9692e-06	9.669e-08
325	0.9915	0.0084944	9.5193e-06	8.8429e-08
326	0.9932	0.0067879	9.0714e-06	6.6834e-08
327	0.99648	0.0035162	8.6251e-06	3.3225e-08
328	0.99549	0.0045033	8.1533e-06	3.9529e-08
329	0.99545	0.0045413	7.7039e-06	3.7302e-08
330	0.99632	0.0036688	7.2737e-06	2.8159e-08
331	0.99584	0.0041496	6.8452e-06	2.9352e-08
332	0.99649	0.0035073	6.4136e-06	2.3001e-08
333	0.99826	0.0017364	5.9783e-06	1.0548e-08
334	0.99732	0.0026771	5.5393e-06	1.4797e-08
335	0.99739	0.0026078	5.0956e-06	1.3173e-08
336	0.99653	0.0034643	4.6377e-06	1.5954e-08
337	0.99669	0.0033051	4.1747e-06	1.377e-08
338	0.99774	0.0022574	3.7282e-06	8.3336e-09
339	0.99992	7.7622e-05	3.2746e-06	2.2526e-10
340	0.9983	0.001701	2.7981e-06	4.1562e-09
341	0.99765	0.0023455	2.3151e-06	4.4556e-09
342	0.99778	0.0022135	1.8464e-06	2.7633e-09
343	0.99413	0.0058678	1.7927e-06	9.3859e-09
344	0.99185	0.008153	1.7427e-06	1.3187e-08
345	0.9911	0.0089028	1.6909e-06	1.4219e-08
346	0.99178	0.0082164	1.637e-06	1.2864e-08
347	0.9903	0.0097015	1.5803e-06	1.488e-08
348	0.98995	0.010044	1.5262e-06	1.4917e-08
349	0.99102	0.0089835	1.4698e-06	1.2871e-08
350	0.99359	0.0064039	1.4111e-06	8.8466e-09
351	0.99755	0.0024504	1.3545e-06	3.2228e-09
352	0.99928	0.00071909	1.2903e-06	9.0772e-10
353	0.99911	0.00088945	1.2241e-06	1.0703e-09
354	0.99967	0.00032711	1.1545e-06	3.7459e-10
355	0.9993	0.00069904	1.0843e-06	7.5032e-10
356	0.99844	0.0015567	1.0144e-06	1.5399e-09
357	0.99834	0.0016607	9.4596e-07	1.4862e-09
358	0.99744	0.0025638	8.7744e-07	2.0511e-09
359	0.99734	0.0026617	8.0993e-07	1.8406e-09
360	0.99804	0.00196	7.432e-07	1.0206e-09
361	0.998	0.0020028	8.046e-07	1.3189e-09
362	0.99707	0.0029331	8.6558e-07	2.3134e-09
363	0.99699	0.0030061	9.2757e-07	2.6144e-09
364	0.9979	0.0020959	9.8638e-07	1.9775e-09
365	0.9997	0.00030276	1.0464e-06	3.0158e-10
366	0.99993	6.7063e-05	1.1006e-06	7.1541e-11
367	0.99941	0.00058622	1.1499e-06	6.7663e-10
368	0.9951	0.0048971	1.1948e-06	5.8448e-09
369	0.99253	0.0074701	1.2372e-06	9.2978e-09
370	0.99141	0.008585	1.2772e-06	1.1113e-08
371	0.99164	0.0083628	1.3147e-06	1.1252e-08
372	0.993	0.0070029	1.3542e-06	9.7664e-09
373	0.99558	0.0044172	1.396e-06	6.3902e-09
374	0.99644	0.0035577	1.4361e-06	5.2899e-09
375	0.99829	0.0017048	1.4783e-06	2.59e-09
376	0.99904	0.0009611	1.5147e-06	1.5053e-09
377	0.99913	0.00086863	1.5506e-06	1.3849e-09
378	0.99986	0.00013448	1.5879e-06	2.1471e-10
379	0.99938	0.0006148	1.6191e-06	9.8967e-10
380	0.9985	0.0014961	1.6451e-06	2.4684e-09
381	0.99835	0.0016473	1.6727e-06	2.7458e-09
382	0.99908	0.00091595	1.6974e-06	1.5518e-09
383	0.99939	0.00060337	1.717e-06	1.0567e-09
384	0.99941	0.0005842	1.7366e-06	1.0491e-09
385	0.99926	0.00074304	1.7567e-06	1.3525e-09
386	0.99864	0.0013562	1.7764e-06	2.4797e-09
387	0.99873	0.0012704	1.7976e-06	2.3436e-09
388	0.99822	0.0017825	1.8182e-06	3.2867e-09
389	0.99855	0.0014485	1.836e-06	2.7092e-09
390	0.99966	0.00034235	1.8559e-06	6.4774e-10
391	0.99823	0.0017666	1.8667e-06	3.3736e-09
392	0.99762	0.002379	1.8793e-06	4.5629e-09
393	0.99797	0.0020319	1.8894e-06	3.9671e-09
394	0.99746	0.0025414	1.8982e-06	5e-09
395	0.99776	0.0022393	1.9092e-06	4.4403e-09
396	0.99889	0.001106	1.9226e-06	2.2201e-09
397	0.99809	0.0019039	1.9278e-06	3.8379e-09
398	0.99805	0.001948	1.935e-06	3.9592e-09
399	0.99714	0.0028627	1.9411e-06	5.8024e-09
400	0.99447	0.0055286	1.9442e-06	1.1111e-08
401	0.99295	0.0070521	1.9501e-06	1.4133e-08
402	0.99271	0.0072838	1.9541e-06	1.4652e-08
403	0.99375	0.0062489	1.9564e-06	1.2698e-08
404	0.993	0.0070009	1.9558e-06	1.426e-08
405	0.9933	0.006697	1.958e-06	1.3654e-08
406	0.99184	0.0081574	1.9524e-06	1.6644e-08
407	0.98707	0.012926	1.9407e-06	2.6202e-08
408	0.98402	0.015977	1.9332e-06	3.2194e-08
409	0.9738	0.026198	1.9071e-06	5.2537e-08
410	0.96649	0.033506	1.8878e-06	6.6748e-08
411	0.96216	0.037836	1.8701e-06	7.5076e-08
412	0.95988	0.040115	1.8574e-06	7.9131e-08
413	0.95994	0.040053	1.845e-06	7.8603e-08
414	0.96235	0.037644	1.8328e-06	7.3578e-08
415	0.96683	0.033168	1.8253e-06	6.4525e-08
416	0.97366	0.026337	1.823e-06	5.0953e-08
417	0.97551	0.024483	1.8066e-06	4.7058e-08
418	0.97913	0.020872	1.7941e-06	3.9839e-08
419	0.97932	0.020674	1.7707e-06	3.9122e-08
420	0.98095	0.019046	1.7504e-06	3.5719e-08
421	0.97902	0.020977	1.724e-06	3.8733e-08
422	0.97862	0.02138	1.7011e-06	3.8849e-08
423	0.97972	0.020281	1.6815e-06	3.622e-08
424	0.98239	0.01761	1.6652e-06	3.0807e-08
425	0.98745	0.012545	1.6485e-06	2.1485e-08
426	0.9953	0.0046991	1.6318e-06	7.8961e-09
427	0.99545	0.0045451	1.6023e-06	7.4171e-09
428	0.99681	0.0031883	1.5703e-06	5.0678e-09
429	0.99919	0.00081125	1.5402e-06	1.1766e-09
430	0.99786	0.0021395	1.5002e-06	2.9498e-09
431	0.9866	0.013402	1.4478e-06	1.7614e-08
432	0.97819	0.02181	1.4004e-06	2.7488e-08
433	0.9723	0.027702	1.3574e-06	3.3377e-08
434	0.9692	0.030802	1.3141e-06	3.5382e-08
435	0.96848	0.031519	1.2696e-06	3.4216e-08
436	0.96223	0.037773	1.2197e-06	3.8799e-08
437	0.94641	0.053588	1.1569e-06	5.2121e-08
438	0.93579	0.064204	1.0967e-06	5.8695e-08
439	0.92922	0.070777	1.0374e-06	6.019e-08
440	0.92534	0.074656	9.8193e-07	5.829e-08
441	0.92476	0.075235	9.2566e-07	5.2935e-08
442	0.82231	0.17769	8.8997e-07	1.797e-07
443	0.74167	0.25833	8.6375e-07	2.9764e-07
444	0.67943	0.32057	8.4854e-07	4.0544e-07
445	0.63518	0.36482	8.4322e-07	4.9921e-07
446	0.60081	0.39919	8.4592e-07	5.8544e-07
447	0.57707	0.42293	8.5602e-07	6.6022e-07
448	0.55973	0.44027	8.7383e-07	7.2796e-07
449	0.54967	0.45033	8.982e-07	7.85e-07
450	0.54386	0.45614	9.2959e-07	8.3568e-07
451	0.54193	0.45807	9.6825e-07	8.7979e-07
452	0.54376	0.45624	1.0149e-06	9.1667e-07
453	0.54919	0.45081	1.07e-06	9.4565e-07
454	0.55883	0.44117	1.1361e-06	9.6454e-07
455	0.57329	0.4267	1.2158e-06	9.7075e-07
456	0.59546	0.40454	1.3122e-06	9.5624e-07
457	0.60063	0.39936	1.3687e-06	9.7731e-07
458	0.60998	0.39002	1.4377e-06	9.8707e-07
459	0.62375	0.37625	1.5206e-06	9.8372e-07
460	0.62383	0.37616	1.5663e-06	1.0131e-06
461	0.62931	0.37069	1.6227e-06	1.0275e-06
462	0.64029	0.35971	1.6912e-06	1.0255e-06
463	0.63724	0.36276	1.7232e-06	1.0609e-06
464	0.63946	0.36053	1.7663e-06	1.0808e-06
465	0.64528	0.35472	1.8214e-06	1.0896e-06
466	0.63718	0.36282	1.8366e-06	1.1392e-06
467	0.63285	0.36715	1.8639e-06	1.1778e-06
468	0.63335	0.36665	1.9021e-06	1.2012e-06
469	0.63875	0.36125	1.9522e-06	1.2084e-06
470	0.64831	0.35169	2.018e-06	1.2011e-06
471	0.66493	0.33507	2.1036e-06	1.1696e-06
472	0.66751	0.33249	2.1405e-06	1.1823e-06
473	0.67393	0.32607	2.1923e-06	1.1814e-06
474	0.6843	0.31569	2.2599e-06	1.1659e-06
475	0.70189	0.29811	2.3488e-06	1.1244e-06
476	0.70402	0.29598	2.3868e-06	1.1351e-06
477	0.70963	0.29037	2.4391e-06	1.1326e-06
478	0.72117	0.27883	2.509e-06	1.1079e-06
479	0.73776	0.26224	2.6005e-06	1.0631e-06
480	0.76047	0.23952	2.7189e-06	9.9325e-07
481	0.79022	0.20978	2.8685e-06	8.9345e-07
482	0.82866	0.17134	3.0577e-06	7.556e-07
483	0.87795	0.12204	3.2973e-06	5.6893e-07
484	0.89522	0.10478	3.4329e-06	5.0202e-07
485	0.92031	0.079685	3.599e-06	3.9966e-07
486	0.9293	0.070694	3.6994e-06	3.654e-07
487	0.93094	0.069054	3.7703e-06	3.6349e-07
488	0.93563	0.064371	3.85e-06	3.4776e-07
489	0.94289	0.057104	3.9447e-06	3.1918e-07
490	0.93338	0.066615	3.908e-06	3.5779e-07
491	0.92698	0.07302	3.8875e-06	3.824e-07
492	0.92311	0.076883	3.8802e-06	3.9551e-07
493	0.92158	0.07842	3.8855e-06	3.9796e-07
494	0.92302	0.076979	3.8992e-06	3.8701e-07
495	0.92759	0.072403	3.9225e-06	3.6169e-07
496	0.92515	0.074845	3.9155e-06	3.6887e-07
497	0.92565	0.074342	3.9166e-06	3.6303e-07
498	0.92853	0.071463	3.9311e-06	3.4604e-07
499	0.93501	0.064984	3.9567e-06	3.1277e-07
500	0.94595	0.054046	3.9972e-06	2.5951e-07
501	0.96066	0.03934	4.0573e-06	1.8844e-07
502	0.95903	0.040962	4.0357e-06	1.9383e-07
503	0.9593	0.040694	4.0249e-06	1.9062e-07
504	0.96216	0.037834	4.0201e-06	1.7624e-07
505	0.96045	0.039543	3.9898e-06	1.824e-07
506	0.9521	0.047892	3.9331e-06	2.1684e-07
507	0.94651	0.053483	3.8911e-06	2.388e-07
508	0.94319	0.056805	3.8609e-06	2.507e-07
509	0.94282	0.057173	3.838e-06	2.503e-07
510	0.94512	0.054879	3.821e-06	2.3893e-07
511	0.92759	0.072403	3.7244e-06	3.0936e-07
512	0.91445	0.085547	3.649e-06	3.6031e-07
513	0.90608	0.093911	3.5884e-06	3.9161e-07
514	0.90159	0.098405	3.5389e-06	4.0699e-07
515	0.89981	0.10019	3.5029e-06	4.1083e-07
516	0.90129	0.098709	3.4751e-06	4.0175e-07
517	0.90545	0.094541	3.4601e-06	3.8186e-07
518	0.91383	0.086168	3.4558e-06	3.4624e-07
519	0.92699	0.073006	3.4638e-06	2.9351e-07
520	0.93038	0.069617	3.4365e-06	2.7819e-07
521	0.93745	0.062547	3.4173e-06	2.4968e-07
522	0.94773	0.052269	3.4117e-06	2.096e-07
523	0.95013	0.049866	3.3786e-06	1.9906e-07
524	0.95478	0.045221	3.3558e-06	1.8024e-07
525	0.9618	0.038193	3.3431e-06	1.5286e-07
526	0.97268	0.027315	3.3385e-06	1.1266e-07
527	0.97052	0.029476	3.2805e-06	1.2093e-07
528	0.96999	0.030009	3.2305e-06	1.2289e-07
529	0.97114	0.028855	3.1886e-06	1.1865e-07
530	0.97406	0.02594	3.1548e-06	1.0821e-07
531	0.97967	0.020326	3.1247e-06	8.9122e-08
532	0.97518	0.024816	2.9855e-06	9.8113e-08
533	0.97314	0.026857	2.849e-06	9.8594e-08
534	0.97276	0.02724	2.7214e-06	9.3533e-08
535	0.97392	0.026074	2.6011e-06	8.3891e-08
536	0.9768	0.023202	2.4884e-06	6.975e-08
537	0.98156	0.018438	2.383e-06	5.1172e-08
538	0.98942	0.010579	2.2786e-06	2.6026e-08
539	0.98282	0.017176	2.3076e-06	4.3368e-08
540	0.97823	0.021763	2.3421e-06	5.6129e-08
541	0.93215	0.067852	2.289e-06	1.6974e-07
542	0.89943	0.10057	2.2586e-06	2.5598e-07
543	0.87736	0.12264	2.247e-06	3.1879e-07
544	0.8624	0.1376	2.2474e-06	3.6507e-07
545	0.8516	0.14839	2.2592e-06	4.0101e-07
546	0.84436	0.15564	2.2811e-06	4.2781e-07
547	0.84026	0.15973	2.3124e-06	4.4619e-07
548	0.84009	0.15991	2.3501e-06	4.5375e-07
549	0.84381	0.15618	2.3947e-06	4.5e-07
550	0.85065	0.14935	2.4501e-06	4.3647e-07
551	0.86097	0.13903	2.5179e-06	4.1151e-07
552	0.87705	0.12295	2.5993e-06	3.6851e-07
553	0.89838	0.10161	2.6999e-06	3.0744e-07
554	0.92617	0.073827	2.8246e-06	2.2352e-07
555	0.93711	0.062884	2.893e-06	1.9126e-07
556	0.93024	0.069755	2.8827e-06	2.1451e-07
557	0.92594	0.074052	2.8817e-06	2.2948e-07
558	0.92398	0.076016	2.8895e-06	2.3692e-07
559	0.91292	0.087077	2.8704e-06	2.7251e-07
560	0.90619	0.093803	2.8598e-06	2.9489e-07
561	0.90338	0.096616	2.8567e-06	3.0504e-07
562	0.90316	0.096838	2.8637e-06	3.0663e-07
563	0.90551	0.094484	2.8806e-06	2.9964e-07
564	0.91136	0.088641	2.9042e-06	2.8151e-07
565	0.90927	0.090731	2.9041e-06	2.8822e-07
566	0.91061	0.089382	2.9101e-06	2.84e-07
567	0.90389	0.096105	2.892e-06	3.0504e-07
568	0.82228	0.17772	2.6313e-06	5.6402e-07
569	0.76393	0.23607	2.439e-06	7.5003e-07
570	0.72249	0.27751	2.2967e-06	8.8179e-07
571	0.62372	0.37627	1.9643e-06	1.1992e-06
572	0.5473	0.45269	1.7112e-06	1.4383e-06
573	0.49456	0.50543	1.531e-06	1.6004e-06
574	0.45332	0.54668	1.3916e-06	1.7222e-06
575	0.42546	0.57453	1.2923e-06	1.7997e-06
576	0.40467	0.59533	1.218e-06	1.8529e-06
577	0.39111	0.60889	1.1643e-06	1.8816e-06
578	0.38178	0.61822	1.1253e-06	1.8959e-06
579	0.37614	0.62386	1.0989e-06	1.8979e-06
580	0.35308	0.64692	1.0185e-06	1.9502e-06
581	0.33566	0.66434	9.5719e-07	1.9834e-06
582	0.32324	0.67676	9.1255e-07	2.0005e-06
583	0.28754	0.71246	8.04e-07	2.0817e-06
584	0.26243	0.73756	7.2472e-07	2.13e-06
585	0.24354	0.75646	6.6539e-07	2.1585e-06
586	0.22963	0.77037	6.2171e-07	2.1717e-06
587	0.2198	0.78019	5.906e-07	2.1724e-06
588	0.21445	0.78555	5.7045e-07	2.1586e-06
589	0.21298	0.78702	5.5955e-07	2.132e-06
590	0.21431	0.78569	5.5683e-07	2.0973e-06
591	0.21854	0.78146	5.6227e-07	2.0546e-06
592	0.21219	0.7878	5.389e-07	2.037e-06
593	0.21023	0.78977	5.2554e-07	2.0058e-06
594	0.21196	0.78804	5.2019e-07	1.963e-06
595	0.21759	0.78241	5.2276e-07	1.9088e-06
596	0.22655	0.77345	5.3341e-07	1.8466e-06
597	0.23912	0.76088	5.523e-07	1.776e-06
598	0.2588	0.7412	5.8446e-07	1.6886e-06
599	0.2882	0.71179	6.339e-07	1.5801e-06
600	0.32972	0.67027	7.0333e-07	1.448e-06
601	0.38354	0.61646	7.9483e-07	1.2941e-06
602	0.45867	0.54133	9.1889e-07	1.1038e-06
603	0.55562	0.44438	1.0783e-06	8.7873e-07
604	0.56431	0.43569	1.0552e-06	8.3206e-07
605	0.57733	0.42267	1.0397e-06	7.7815e-07
606	0.59541	0.40459	1.0324e-06	7.1651e-07
607	0.59856	0.40143	9.9405e-07	6.8164e-07
608	0.60568	0.39432	9.6271e-07	6.404e-07
609	0.6169	0.38309	9.375e-07	5.9333e-07
610	0.63492	0.36508	9.1746e-07	5.3709e-07
611	0.66168	0.33832	9.0338e-07	4.7085e-07
612	0.69713	0.30287	8.9768e-07	3.9686e-07
613	0.7491	0.2509	9.0231e-07	3.083e-07
614	0.8166	0.1834	9.1759e-07	2.0981e-07
615	0.90397	0.096026	9.4467e-07	1.0029e-07
616	0.91452	0.085478	8.7648e-07	8.1468e-08
617	0.92893	0.071067	8.1067e-07	6.0869e-08
618	0.94998	0.050018	7.4325e-07	3.7554e-08
619	0.95707	0.042931	6.6293e-07	2.7758e-08
620	0.96851	0.03149	5.7945e-07	1.6621e-08
621	0.98582	0.014182	4.9212e-07	4.7827e-09
622	0.98262	0.017375	5.0532e-07	6.7092e-09
623	0.98093	0.019073	5.1818e-07	7.907e-09
624	0.98114	0.018862	5.2838e-07	8.1416e-09
625	0.98329	0.016712	5.3598e-07	7.3529e-09
626	0.98707	0.012927	5.4358e-07	5.6257e-09
627	0.99273	0.007265	5.5135e-07	2.8068e-09
628	0.98685	0.013148	7.1921e-07	9.2682e-09
629	0.9828	0.017202	8.8949e-07	1.6253e-08
630	0.98092	0.019084	1.0549e-06	2.2353e-08
631	0.98096	0.019042	1.2163e-06	2.6714e-08
632	0.98246	0.017542	1.3831e-06	2.9021e-08
633	0.98543	0.014569	1.5559e-06	2.8481e-08
634	0.97966	0.020336	1.6476e-06	3.9295e-08
635	0.97651	0.023488	1.7378e-06	4.6602e-08
636	0.97555	0.024443	1.8267e-06	5.0321e-08
637	0.97651	0.023483	1.9145e-06	5.0356e-08
638	0.97911	0.020892	2.0079e-06	4.6633e-08
639	0.98339	0.016604	2.1071e-06	3.8514e-08
640	0.98422	0.015777	2.194e-06	3.7887e-08
641	0.98648	0.013518	2.2865e-06	3.3585e-08
642	0.99023	0.0097693	2.3849e-06	2.5031e-08
643	0.98736	0.012642	2.4619e-06	3.3023e-08
644	0.97927	0.020729	2.527e-06	5.483e-08
645	0.97415	0.025849	2.5938e-06	7.0237e-08
646	0.97144	0.028559	2.6614e-06	7.99e-08
647	0.97047	0.029531	2.7357e-06	8.4868e-08
648	0.97155	0.028447	2.8109e-06	8.4058e-08
649	0.97428	0.025714	2.8931e-06	7.7965e-08
650	0.97966	0.020336	2.9786e-06	6.3509e-08
651	0.98741	0.012587	3.0747e-06	4.0534e-08
652	0.96651	0.03349	3.0694e-06	1.0889e-07
653	0.95252	0.047473	3.0787e-06	1.5758e-07
654	0.94235	0.057645	3.1016e-06	1.946e-07
655	0.93516	0.064837	3.1355e-06	2.2232e-07
656	0.93161	0.068387	3.1759e-06	2.3852e-07
657	0.93041	0.069584	3.2264e-06	2.4656e-07
658	0.93206	0.067933	3.2821e-06	2.4467e-07
659	0.93596	0.06404	3.348e-06	2.3418e-07
660	0.94247	0.057522	3.4267e-06	2.1316e-07
661	0.94215	0.057849	3.4825e-06	2.168e-07
662	0.94474	0.055256	3.5441e-06	2.0953e-07
663	0.9506	0.049398	3.6132e-06	1.8963e-07
664	0.95929	0.040711	3.6966e-06	1.5764e-07
665	0.97239	0.027603	3.793e-06	1.0771e-07
666	0.9777	0.022293	3.8541e-06	8.7921e-08
667	0.97875	0.021243	3.8935e-06	8.478e-08
668	0.98131	0.018687	3.9412e-06	7.5292e-08
669	0.98019	0.019803	3.9763e-06	8.0321e-08
670	0.96132	0.038677	3.9332e-06	1.5821e-07
671	0.94881	0.051183	3.9093e-06	2.1163e-07
672	0.94067	0.059325	3.8978e-06	2.478e-07
673	0.91799	0.082007	3.8274e-06	3.451e-07
674	0.90242	0.097579	3.7805e-06	4.1397e-07
675	0.89096	0.10903	3.753e-06	4.6518e-07
676	0.88299	0.11701	3.7422e-06	5.0147e-07
677	0.87937	0.12063	3.7445e-06	5.1967e-07
678	0.87962	0.12038	3.7581e-06	5.2143e-07
679	0.88343	0.11657	3.7822e-06	5.0796e-07
680	0.89032	0.10968	3.8222e-06	4.8061e-07
681	0.88897	0.11102	3.8218e-06	4.8885e-07
682	0.89032	0.10968	3.8357e-06	4.8493e-07
683	0.89426	0.10574	3.8632e-06	4.6917e-07
684	0.90101	0.098981	3.9055e-06	4.4041e-07
685	0.91097	0.089024	3.9646e-06	3.9665e-07
686	0.92681	0.073187	4.0445e-06	3.2696e-07
687	0.95062	0.049377	4.1539e-06	2.2264e-07
688	0.98191	0.018086	4.3007e-06	8.3269e-08
689	0.99439	0.0056084	4.3669e-06	2.6868e-08
690	0.99901	0.00098271	4.4137e-06	4.4743e-09
691	0.99828	0.0017191	4.4068e-06	7.7118e-09
692	0.99839	0.0016052	4.3986e-06	7.2352e-09
693	0.99926	0.00073216	4.3961e-06	3.3326e-09
694	0.99627	0.0037227	4.4063e-06	1.677e-08
695	0.99475	0.0052434	4.4175e-06	2.3871e-08
696	0.99443	0.0055691	4.4288e-06	2.573e-08
697	0.99234	0.007658	4.4268e-06	3.594e-08
698	0.99138	0.0086141	4.4321e-06	4.0838e-08
699	0.99176	0.0082385	4.4383e-06	3.9776e-08
700	0.98983	0.010163	4.4362e-06	4.9474e-08
701	0.98949	0.01051	4.4359e-06	5.1986e-08
702	0.98658	0.013412	4.4179e-06	6.7239e-08
703	0.98512	0.014871	4.4094e-06	7.5387e-08
704	0.98501	0.014981	4.4099e-06	7.6994e-08
705	0.98625	0.01375	4.4192e-06	7.2142e-08
706	0.98922	0.010774	4.4314e-06	5.9367e-08
707	0.99385	0.0061441	4.4539e-06	3.8709e-08
708	0.99543	0.0045684	4.2496e-06	2.3606e-08
709	0.99553	0.0044651	4.0288e-06	1.8304e-08
710	0.98937	0.010625	4.0954e-06	4.5211e-08
711	0.98505	0.014942	4.1718e-06	6.5053e-08
712	0.94959	0.050409	4.1017e-06	2.2576e-07
713	0.92202	0.077974	4.065e-06	3.5558e-07
714	0.90353	0.096468	4.0588e-06	4.4956e-07
715	0.89115	0.10885	4.0725e-06	5.183e-07
716	0.88262	0.11738	4.1062e-06	5.6993e-07
717	0.87718	0.12281	4.1567e-06	6.0742e-07
718	0.87455	0.12545	4.2231e-06	6.3163e-07
719	0.8758	0.1242	4.3028e-06	6.3701e-07
720	0.88073	0.11926	4.396e-06	6.2368e-07
721	0.88892	0.11107	4.5104e-06	5.9221e-07
722	0.90064	0.09935	4.6482e-06	5.4011e-07
723	0.91655	0.083444	4.8143e-06	4.625e-07
724	0.93969	0.060302	5.0164e-06	3.4354e-07
725	0.97016	0.029832	5.2684e-06	1.7801e-07
726	0.98358	0.016412	5.4218e-06	1.054e-07
727	0.98349	0.016504	5.5029e-06	1.087e-07
728	0.98522	0.014777	5.5887e-06	1.0142e-07
729	0.98846	0.011532	5.6878e-06	8.4495e-08
730	0.99409	0.0059065	5.7954e-06	5.3107e-08
731	0.99336	0.0066371	5.8652e-06	6.3262e-08
732	0.99014	0.0098591	5.7091e-06	7.8218e-08
733	0.98218	0.017815	5.5205e-06	1.1955e-07
734	0.97712	0.022879	5.3436e-06	1.4303e-07
735	0.97389	0.026107	5.1827e-06	1.5479e-07
736	0.96456	0.035432	4.9846e-06	1.976e-07
737	0.95869	0.041304	4.8004e-06	2.2051e-07
738	0.95563	0.044361	4.6255e-06	2.2795e-07
739	0.9546	0.0454	4.4664e-06	2.2446e-07
740	0.94776	0.052233	4.2742e-06	2.4759e-07
741	0.94407	0.055922	4.0919e-06	2.5473e-07
742	0.93084	0.069158	3.875e-06	3.0082e-07
743	0.92118	0.078817	3.6816e-06	3.274e-07
744	0.91456	0.085441	3.5073e-06	3.3871e-07
745	0.91143	0.088562	3.3422e-06	3.3501e-07
746	0.91148	0.088521	3.1834e-06	3.1911e-07
747	0.91387	0.086125	3.0366e-06	2.9508e-07
748	0.91966	0.080339	2.8939e-06	2.6111e-07
749	0.92835	0.071652	2.762e-06	2.2014e-07
750	0.94178	0.058219	2.6344e-06	1.6895e-07
751	0.94543	0.054572	2.4798e-06	1.4853e-07
752	0.95257	0.047432	2.3264e-06	1.2084e-07
753	0.96279	0.037205	2.1819e-06	8.8372e-08
754	0.97651	0.023486	2.0451e-06	5.1773e-08
755	0.99481	0.0051843	1.9168e-06	1.0493e-08
756	0.99429	0.0057089	1.9551e-06	1.3494e-08
757	0.95753	0.042465	1.8041e-06	7.5651e-08
758	0.92944	0.070562	1.6761e-06	1.164e-07
759	0.86326	0.13674	1.4904e-06	2.1019e-07
760	0.81606	0.18394	1.3397e-06	2.6449e-07
761	0.77997	0.22003	1.2153e-06	2.9382e-07
762	0.75211	0.24789	1.1096e-06	3.0536e-07
763	0.73094	0.26906	1.0181e-06	3.0349e-07
764	0.71772	0.28227	9.3533e-07	2.8855e-07
765	0.70904	0.29096	8.6088e-07	2.6623e-07
766	0.70584	0.29416	7.896e-07	2.3636e-07
767	0.68907	0.31093	8.1127e-07	2.7939e-07
768	0.67711	0.32289	8.3733e-07	3.1801e-07
769	0.67073	0.32926	8.6596e-07	3.5016e-07
770	0.66819	0.33181	8.9949e-07	3.7759e-07
771	0.65165	0.34835	9.0995e-07	4.2407e-07
772	0.60982	0.39018	8.764e-07	5.1057e-07
773	0.57799	0.422	8.5539e-07	5.8464e-07
774	0.55364	0.44636	8.4385e-07	6.4913e-07
775	0.53747	0.46252	8.4055e-07	7.016e-07
776	0.52639	0.4736	8.4498e-07	7.4639e-07
777	0.51968	0.48032	8.5647e-07	7.842e-07
778	0.49237	0.50763	8.317e-07	8.5817e-07
779	0.47391	0.52608	8.1775e-07	9.1759e-07
780	0.46086	0.53914	8.1295e-07	9.679e-07
781	0.45418	0.54582	8.1646e-07	1.0061e-06
782	0.45135	0.54865	8.274e-07	1.0369e-06
783	0.45332	0.54668	8.4493e-07	1.0574e-06
784	0.43958	0.56042	8.3236e-07	1.1081e-06
785	0.43174	0.56826	8.2839e-07	1.1464e-06
786	0.42756	0.57244	8.319e-07	1.1771e-06
787	0.4268	0.5732	8.4266e-07	1.2005e-06
788	0.43131	0.56868	8.6185e-07	1.2116e-06
789	0.43981	0.56018	8.9019e-07	1.2136e-06
790	0.45284	0.54716	9.2926e-07	1.205e-06
791	0.47124	0.52876	9.8142e-07	1.1834e-06
792	0.4962	0.5038	1.05e-06	1.1456e-06
793	0.52933	0.47067	1.1396e-06	1.0871e-06
794	0.57277	0.42723	1.2564e-06	1.0017e-06
795	0.62832	0.37167	1.406e-06	8.8361e-07
796	0.70609	0.2939	1.6068e-06	7.1037e-07
797	0.73557	0.26443	1.6983e-06	6.4707e-07
798	0.77371	0.22628	1.8143e-06	5.5975e-07
799	0.772	0.228	1.8295e-06	5.6886e-07
800	0.75856	0.24143	1.8119e-06	6.0645e-07
801	0.7496	0.2504	1.806e-06	6.3299e-07
802	0.74601	0.25398	1.8092e-06	6.462e-07
803	0.74733	0.25267	1.8207e-06	6.4689e-07
804	0.75219	0.24781	1.8422e-06	6.3817e-07
805	0.76091	0.23909	1.8749e-06	6.1904e-07
806	0.77407	0.22593	1.9206e-06	5.8774e-07
807	0.77559	0.22441	1.9325e-06	5.8577e-07
808	0.73649	0.26351	1.8362e-06	6.8774e-07
809	0.70917	0.29083	1.7656e-06	7.5983e-07
810	0.68889	0.31111	1.7147e-06	8.129e-07
811	0.67399	0.32601	1.6787e-06	8.5154e-07
812	0.66574	0.33426	1.6559e-06	8.7273e-07
813	0.66124	0.33876	1.6436e-06	8.8374e-07
814	0.66152	0.33847	1.6401e-06	8.8192e-07
815	0.66552	0.33447	1.6472e-06	8.7014e-07
816	0.67349	0.3265	1.6656e-06	8.4773e-07
817	0.68563	0.31437	1.6955e-06	8.1411e-07
818	0.7055	0.29449	1.7411e-06	7.6056e-07
819	0.7318	0.26819	1.8041e-06	6.9004e-07
820	0.76954	0.23046	1.8913e-06	5.9119e-07
821	0.81885	0.18115	2.0092e-06	4.6243e-07
822	0.88181	0.11819	2.1631e-06	2.9826e-07
823	0.9062	0.093794	2.2116e-06	2.3469e-07
824	0.94216	0.057842	2.2828e-06	1.4399e-07
825	0.9882	0.011799	2.3793e-06	2.8663e-08
826	0.98892	0.01108	2.358e-06	2.655e-08
827	0.99132	0.0086811	2.3358e-06	2.0565e-08
828	0.99511	0.0048841	2.3178e-06	1.1318e-08
829	0.9938	0.0061983	2.2832e-06	1.4135e-08
830	0.99349	0.0065036	2.2518e-06	1.4519e-08
831	0.99418	0.0058172	2.2235e-06	1.2603e-08
832	0.99313	0.0068637	2.1865e-06	1.4507e-08
833	0.99333	0.0066657	2.1477e-06	1.3714e-08
834	0.99455	0.0054474	2.112e-06	1.0719e-08
835	0.9943	0.0056999	2.0745e-06	1.0698e-08
836	0.99504	0.0049549	2.0402e-06	8.5943e-09
837	0.99713	0.0028712	2.0038e-06	3.9399e-09
838	0.99582	0.0041757	2.2017e-06	7.6525e-09
839	0.99562	0.004375	2.3956e-06	9.3305e-09
840	0.99635	0.0036438	2.5966e-06	8.6887e-09
841	0.99602	0.0039805	2.7886e-06	1.0608e-08
842	0.99655	0.0034455	2.9874e-06	1.0026e-08
843	0.99799	0.0020087	3.1938e-06	6.3151e-09
844	0.99669	0.0033051	3.3853e-06	1.129e-08
845	0.99644	0.0035561	3.5738e-06	1.306e-08
846	0.99471	0.0052901	3.7641e-06	2.0556e-08
847	0.99398	0.0060118	3.9626e-06	2.4583e-08
848	0.99452	0.0054724	4.1594e-06	2.3677e-08
849	0.99606	0.0039335	4.3657e-06	1.8045e-08
850	0.9963	0.0036945	4.573e-06	1.7779e-08
851	0.99742	0.002571	4.79e-06	1.3021e-08
852	0.99949	0.00050007	5.018e-06	2.8273e-09
853	0.99966	0.00033868	5.2296e-06	2.2608e-09
854	0.99973	0.00026115	5.4468e-06	2.3742e-09
855	0.99893	0.0010665	5.4254e-06	6.6922e-09
856	0.99726	0.0027382	5.3937e-06	1.6095e-08
857	0.99665	0.0033475	5.3624e-06	1.9654e-08
858	0.99688	0.0031189	5.3384e-06	1.8487e-08
859	0.99097	0.0090204	5.2823e-06	5.215e-08
860	0.98684	0.01315	5.2391e-06	7.5371e-08
861	0.98425	0.015741	5.2073e-06	8.9707e-08
862	0.98306	0.016936	5.1858e-06	9.6141e-08
863	0.98326	0.016739	5.1751e-06	9.4774e-08
864	0.98486	0.015134	5.175e-06	8.5576e-08
865	0.98789	0.0121	5.1853e-06	6.8408e-08
866	0.99262	0.0073701	5.208e-06	4.1686e-08
867	0.99936	0.00063854	5.245e-06	3.5264e-09
868	0.9981	0.001896	5.2317e-06	9.9967e-09
869	0.99782	0.0021771	5.218e-06	1.1427e-08
870	0.99663	0.0033661	5.1942e-06	1.7692e-08
871	0.99648	0.003518	5.1705e-06	1.8593e-08
872	0.99721	0.002788	5.1543e-06	1.4793e-08
873	0.99883	0.0011656	5.1453e-06	6.2779e-09
874	0.99822	0.0017761	5.127e-06	9.4752e-09
875	0.99669	0.0033097	5.0983e-06	1.7668e-08
876	0.99609	0.0039043	5.0774e-06	2.0809e-08
877	0.99409	0.005908	5.0433e-06	3.154e-08
878	0.9886	0.011394	4.9939e-06	6.035e-08
879	0.85249	0.14751	4.2459e-06	7.8236e-07
880	0.75798	0.24202	3.7134e-06	1.2836e-06
881	0.68492	0.31508	3.307e-06	1.6611e-06
882	0.62859	0.37141	2.9972e-06	1.944e-06
883	0.58455	0.41544	2.7571e-06	2.1587e-06
884	0.55098	0.44902	2.5756e-06	2.3168e-06
885	0.52519	0.4748	2.4368e-06	2.4334e-06
886	0.50616	0.49383	2.3347e-06	2.515e-06
887	0.49266	0.50733	2.2623e-06	2.5685e-06
888	0.48382	0.51617	2.2146e-06	2.5988e-06
889	0.4788	0.5212	2.1871e-06	2.6102e-06
890	0.47756	0.52243	2.1796e-06	2.603e-06
891	0.48004	0.51995	2.1917e-06	2.5776e-06
892	0.46975	0.53025	2.1403e-06	2.6115e-06
893	0.46538	0.53461	2.1131e-06	2.6167e-06
894	0.46451	0.53549	2.1041e-06	2.6049e-06
895	0.46847	0.53152	2.1144e-06	2.5694e-06
896	0.47613	0.52387	2.1438e-06	2.5162e-06
897	0.49039	0.5096	2.2002e-06	2.4315e-06
898	0.51315	0.48685	2.2912e-06	2.3078e-06
899	0.54355	0.45645	2.4192e-06	2.1486e-06
900	0.58282	0.41717	2.5899e-06	1.9481e-06
901	0.59551	0.40449	2.6366e-06	1.8728e-06
902	0.61622	0.38377	2.7151e-06	1.7612e-06
903	0.64656	0.35343	2.8312e-06	1.6075e-06
904	0.68983	0.31017	2.9974e-06	1.3992e-06
905	0.7462	0.2538	3.2229e-06	1.1335e-06
906	0.82784	0.17216	3.5467e-06	7.6459e-07
907	0.85858	0.14142	3.6461e-06	6.2185e-07
908	0.87086	0.12914	3.6573e-06	5.6228e-07
909	0.88791	0.11209	3.6907e-06	4.8274e-07
910	0.91041	0.089588	3.7486e-06	3.806e-07
911	0.83404	0.16595	3.4072e-06	6.8008e-07
912	0.77949	0.22051	3.1518e-06	8.8872e-07
913	0.7408	0.25919	2.9585e-06	1.0306e-06
914	0.71089	0.2891	2.8066e-06	1.1327e-06
915	0.69125	0.30874	2.6922e-06	1.1924e-06
916	0.67928	0.32071	2.6047e-06	1.2205e-06
917	0.67145	0.32855	2.5365e-06	1.2308e-06
918	0.66864	0.33135	2.4837e-06	1.221e-06
919	0.6695	0.33049	2.447e-06	1.197e-06
920	0.67571	0.32429	2.4251e-06	1.1534e-06
921	0.66958	0.33042	2.3552e-06	1.1534e-06
922	0.66726	0.33274	2.3016e-06	1.1387e-06
923	0.67014	0.32986	2.2617e-06	1.1057e-06
924	0.67805	0.32194	2.234e-06	1.056e-06
925	0.69012	0.30987	2.2203e-06	9.9361e-07
926	0.7099	0.2901	2.2243e-06	9.0892e-07
927	0.73607	0.26393	2.2468e-06	8.0704e-07
928	0.77363	0.22637	2.2937e-06	6.7622e-07
929	0.82271	0.17728	2.3709e-06	5.1697e-07
930	0.8865	0.1135	2.4854e-06	3.2228e-07
931	0.91424	0.085753	2.4849e-06	2.3757e-07
932	0.95065	0.049347	2.5057e-06	1.3348e-07
933	0.99725	0.002745	2.5499e-06	7.7068e-09
934	0.99671	0.0032908	2.4802e-06	8.7714e-09
935	0.99702	0.002974	2.4144e-06	7.5906e-09
936	0.99844	0.0015625	2.3462e-06	3.878e-09
937	0.99745	0.0025501	2.2674e-06	6.0713e-09
938	0.98779	0.012212	2.1711e-06	2.7504e-08
939	0.98137	0.018632	2.0785e-06	4.0614e-08
940	0.92927	0.070729	1.8849e-06	1.4991e-07
941	0.88924	0.11076	1.7273e-06	2.2483e-07
942	0.85813	0.14187	1.5954e-06	2.7516e-07
943	0.8342	0.1658	1.4833e-06	3.0672e-07
944	0.818	0.182	1.3842e-06	3.2088e-07
945	0.80777	0.19223	1.2936e-06	3.2209e-07
946	0.8014	0.1986	1.2123e-06	3.1512e-07
