#coord	neutral	conserved	gBGC.neutral	gBGC.conserved
1	0.94161	0.058339	4.4232e-05	2.8084e-06
2	0.95259	0.047365	4.2799e-05	2.179e-06
3	0.9673	0.032654	4.1609e-05	1.4181e-06
4	0.98923	0.010729	4.0579e-05	4.2978e-07
5	0.99889	0.0010729	3.8888e-05	3.0592e-08
6	0.9989	0.0010645	3.8805e-05	3.668e-08
7	0.9983	0.0016604	3.8731e-05	6.4739e-08
8	0.99658	0.0033769	3.864e-05	1.3842e-07
9	0.9958	0.0041616	3.8616e-05	1.7297e-07
10	0.99594	0.0040254	3.8662e-05	1.6923e-07
11	0.99462	0.0053379	3.8678e-05	2.2319e-07
12	0.99428	0.0056762	3.8764e-05	2.3663e-07
13	0.99226	0.0077009	3.8755e-05	3.2142e-07
14	0.99141	0.0085502	3.8827e-05	3.5666e-07
15	0.99198	0.0079817	3.8931e-05	3.3753e-07
16	0.9937	0.0062595	3.9115e-05	2.6933e-07
17	0.9935	0.0064562	3.9255e-05	2.7804e-07
18	0.9943	0.0056605	3.9467e-05	2.4433e-07
19	0.99618	0.00378	3.976e-05	1.6301e-07
20	0.99662	0.0033374	3.9967e-05	1.4448e-07
21	0.99795	0.0020097	4.0244e-05	8.7474e-08
22	0.99598	0.003979	4.0356e-05	1.7131e-07
23	0.995	0.0049583	4.0541e-05	2.1276e-07
24	0.99496	0.0050023	4.0799e-05	2.1394e-07
25	0.99585	0.0041135	4.1129e-05	1.7411e-07
26	0.99796	0.0020023	4.1487e-05	8.3905e-08
27	0.99715	0.0028108	4.1698e-05	1.1782e-07
28	0.9973	0.0026597	4.1924e-05	1.1304e-07
29	0.99826	0.0016929	4.2219e-05	7.2095e-08
30	0.99852	0.0014402	4.2457e-05	6.2471e-08
31	0.99822	0.0017337	4.2648e-05	7.7571e-08
32	0.99701	0.0029513	4.283e-05	1.332e-07
33	0.99664	0.0033147	4.3084e-05	1.5028e-07
34	0.99711	0.0028443	4.341e-05	1.2922e-07
35	0.99664	0.0033201	4.3665e-05	1.5227e-07
36	0.99699	0.0029618	4.3994e-05	1.3674e-07
37	0.99641	0.0035422	4.4251e-05	1.6582e-07
38	0.99671	0.0032437	4.4588e-05	1.5351e-07
39	0.99596	0.0039977	4.4849e-05	1.9216e-07
40	0.99354	0.0064099	4.5003e-05	3.1457e-07
41	0.99231	0.0076403	4.5252e-05	3.7905e-07
42	0.99214	0.0078135	4.5588e-05	3.9174e-07
43	0.99301	0.0069392	4.6013e-05	3.5214e-07
44	0.99498	0.0049683	4.6533e-05	2.5602e-07
45	0.99816	0.0017904	4.7157e-05	9.5058e-08
46	0.99784	0.0021096	4.7649e-05	1.098e-07
47	0.9983	0.0016507	4.8227e-05	8.4925e-08
48	0.99803	0.0019196	4.8818e-05	9.5599e-08
49	0.99678	0.0031689	4.9409e-05	1.5201e-07
50	0.99365	0.0062996	4.9878e-05	3.0055e-07
51	0.96668	0.033264	4.9282e-05	1.5617e-06
52	0.94776	0.052187	4.8987e-05	2.4905e-06
53	0.93341	0.066539	4.8958e-05	3.201e-06
54	0.92398	0.075963	4.9111e-05	3.6983e-06
55	0.91846	0.081485	4.9414e-05	4.0176e-06
56	0.91624	0.083703	4.9845e-05	4.1787e-06
57	0.91647	0.083475	5.0461e-05	4.2039e-06
58	0.88805	0.11189	4.9525e-05	5.7507e-06
59	0.8206	0.17935	4.6377e-05	9.4801e-06
60	0.7725	0.22744	4.414e-05	1.2271e-05
61	0.73855	0.26139	4.2588e-05	1.4351e-05
62	0.71245	0.28749	4.1527e-05	1.5981e-05
63	0.6956	0.30434	4.092e-05	1.7131e-05
64	0.65067	0.34927	3.8562e-05	2.0006e-05
65	0.6191	0.38084	3.6908e-05	2.2153e-05
66	0.59544	0.4045	3.5786e-05	2.3811e-05
67	0.58053	0.41941	3.5127e-05	2.498e-05
68	0.57051	0.42943	3.4813e-05	2.5844e-05
69	0.56447	0.43547	3.4783e-05	2.6463e-05
70	0.56207	0.43787	3.502e-05	2.6855e-05
71	0.56454	0.43539	3.5522e-05	2.6958e-05
72	0.57215	0.42778	3.6314e-05	2.6748e-05
73	0.58394	0.41599	3.7435e-05	2.6249e-05
74	0.6035	0.39644	3.9018e-05	2.5262e-05
75	0.62996	0.36997	4.1151e-05	2.377e-05
76	0.6644	0.33554	4.3937e-05	2.1668e-05
77	0.71496	0.28498	4.7774e-05	1.8486e-05
78	0.70914	0.29079	4.7837e-05	1.905e-05
79	0.68697	0.31297	4.674e-05	2.0748e-05
80	0.6705	0.32943	4.6077e-05	2.2057e-05
81	0.65881	0.34112	4.5782e-05	2.3041e-05
82	0.65125	0.34868	4.5815e-05	2.3746e-05
83	0.64921	0.35072	4.6172e-05	2.4095e-05
84	0.65061	0.34932	4.683e-05	2.4191e-05
85	0.65747	0.34246	4.7837e-05	2.3908e-05
86	0.67068	0.32925	4.9266e-05	2.3173e-05
87	0.69115	0.30878	5.1188e-05	2.1917e-05
88	0.7182	0.28173	5.3706e-05	2.0112e-05
89	0.75835	0.24158	5.7154e-05	1.7347e-05
90	0.81494	0.18499	6.1767e-05	1.3386e-05
91	0.83767	0.16225	6.3902e-05	1.1873e-05
92	0.86787	0.13205	6.6721e-05	9.7322e-06
93	0.91217	0.087752	7.0537e-05	6.5593e-06
94	0.9044	0.095525	7.0442e-05	7.2595e-06
95	0.88061	0.11931	6.9136e-05	9.2236e-06
96	0.86436	0.13556	6.8343e-05	1.0643e-05
97	0.85249	0.14743	6.7962e-05	1.1701e-05
98	0.84552	0.1544	6.7913e-05	1.2396e-05
99	0.84271	0.15721	6.8149e-05	1.2776e-05
100	0.84293	0.15699	6.8702e-05	1.2893e-05
101	0.84744	0.15248	6.9555e-05	1.2676e-05
102	0.85683	0.14308	7.0754e-05	1.208e-05
103	0.87043	0.12949	7.2385e-05	1.1108e-05
104	0.89074	0.10918	7.4514e-05	9.6051e-06
105	0.91775	0.082165	7.732e-05	7.4834e-06
106	0.95259	0.047321	8.0933e-05	4.6102e-06
107	0.96627	0.033648	8.2883e-05	3.4655e-06
108	0.98424	0.015669	8.5333e-05	1.8818e-06
109	0.99127	0.0086466	8.6889e-05	1.258e-06
110	0.98582	0.014095	8.6966e-05	2.0698e-06
111	0.98213	0.017775	8.7332e-05	2.6588e-06
112	0.97274	0.02717	8.6775e-05	4.1258e-06
113	0.9661	0.033805	8.6671e-05	5.2135e-06
114	0.96167	0.038233	8.6928e-05	6.0104e-06
115	0.91361	0.086301	8.2296e-05	1.0483e-05
116	0.88066	0.11925	7.8992e-05	1.3596e-05
117	0.85847	0.14144	7.6646e-05	1.572e-05
118	0.84208	0.15783	7.4959e-05	1.7233e-05
119	0.8321	0.16781	7.3828e-05	1.816e-05
120	0.82722	0.17269	7.314e-05	1.8615e-05
121	0.82536	0.17455	7.2808e-05	1.8756e-05
122	0.82643	0.17348	7.2819e-05	1.8598e-05
123	0.83048	0.16943	7.3179e-05	1.8133e-05
124	0.8253	0.17461	7.2587e-05	1.859e-05
125	0.82318	0.17673	7.2349e-05	1.8737e-05
126	0.824	0.17591	7.2451e-05	1.8585e-05
127	0.8278	0.17211	7.2903e-05	1.8126e-05
128	0.83651	0.1634	7.378e-05	1.7211e-05
129	0.85067	0.14924	7.5134e-05	1.5794e-05
130	0.87011	0.1298	7.7094e-05	1.3817e-05
131	0.87677	0.12314	7.7717e-05	1.3147e-05
132	0.88675	0.11316	7.873e-05	1.213e-05
133	0.90063	0.099284	8.0203e-05	1.0696e-05
134	0.92113	0.078783	8.2275e-05	8.6352e-06
135	0.94829	0.051615	8.5125e-05	5.8447e-06
136	0.95835	0.041555	8.6286e-05	4.7872e-06
137	0.96073	0.039175	8.6709e-05	4.5182e-06
138	0.9652	0.034709	8.7411e-05	4.0197e-06
139	0.96496	0.034952	8.7574e-05	4.0305e-06
140	0.9665	0.033409	8.7978e-05	3.8502e-06
141	0.96993	0.029978	8.8641e-05	3.4628e-06
142	0.97547	0.024439	8.9596e-05	2.8356e-06
143	0.98347	0.016435	9.0897e-05	1.9165e-06
144	0.99426	0.0056426	9.2591e-05	6.5508e-07
145	0.99913	0.00077518	9.3544e-05	9.9107e-08
146	0.99972	0.0001852	9.4064e-05	3.1866e-08
147	0.99966	0.00024911	9.3415e-05	2.7387e-08
148	0.99859	0.0013207	9.2636e-05	1.1674e-07
149	0.99836	0.0015459	9.1895e-05	1.3074e-07
150	0.97912	0.020787	8.8973e-05	1.8625e-06
151	0.96439	0.035523	8.6605e-05	3.1181e-06
152	0.95333	0.04658	8.4681e-05	4.0011e-06
153	0.94625	0.053661	8.3057e-05	4.5424e-06
154	0.94178	0.058133	8.1758e-05	4.8342e-06
155	0.94041	0.059503	8.0669e-05	4.8714e-06
156	0.94119	0.058721	7.9848e-05	4.7149e-06
157	0.94418	0.055736	7.9293e-05	4.3639e-06
158	0.94174	0.058178	7.8241e-05	4.4669e-06
159	0.94146	0.058454	7.7445e-05	4.3832e-06
160	0.94334	0.056582	7.6899e-05	4.1168e-06
161	0.94734	0.052577	7.6592e-05	3.6689e-06
162	0.95386	0.046056	7.6565e-05	3.0028e-06
163	0.96313	0.036791	7.6834e-05	2.0942e-06
164	0.95894	0.04098	7.7673e-05	2.4612e-06
165	0.91593	0.083992	7.5489e-05	5.8064e-06
166	0.88548	0.11444	7.4103e-05	8.3113e-06
167	0.86247	0.13745	7.3372e-05	1.024e-05
168	0.80718	0.19274	6.9888e-05	1.4874e-05
169	0.76474	0.23518	6.7499e-05	1.8493e-05
170	0.73241	0.2675	6.5977e-05	2.1325e-05
171	0.71098	0.28893	6.5183e-05	2.3383e-05
172	0.69547	0.30444	6.4949e-05	2.4962e-05
173	0.68614	0.31377	6.5143e-05	2.6073e-05
174	0.68198	0.31793	6.5714e-05	2.6766e-05
175	0.68151	0.3184	6.6709e-05	2.7114e-05
176	0.66854	0.33136	6.6508e-05	2.8615e-05
177	0.66014	0.33976	6.6798e-05	2.9706e-05
178	0.65576	0.34414	6.7547e-05	3.0423e-05
179	0.65512	0.34478	6.8753e-05	3.0773e-05
180	0.65793	0.34197	7.0412e-05	3.0755e-05
181	0.61511	0.38478	7.247e-05	4.1438e-05
182	0.58509	0.41478	7.4946e-05	5.1445e-05
183	0.56268	0.43718	7.8335e-05	6.1165e-05
184	0.50716	0.49269	7.4813e-05	7.752e-05
185	0.4645	0.53533	7.2751e-05	9.3029e-05
186	0.43453	0.56529	7.1744e-05	0.00010725
187	0.41157	0.58823	7.1799e-05	0.00012098
188	0.39434	0.60545	7.2843e-05	0.00013429
189	0.38418	0.6156	7.4773e-05	0.00014647
190	0.3778	0.62196	7.7643e-05	0.00015829
191	0.37669	0.62306	8.1379e-05	0.000169
192	0.37908	0.62065	8.6291e-05	0.00017917
193	0.38688	0.61284	9.2373e-05	0.00018792
194	0.40111	0.59859	0.00010001	0.00019487
195	0.42366	0.57603	0.0001098	0.00019942
196	0.45629	0.54339	0.00012237	0.00020096
197	0.49824	0.50142	0.00013867	0.00019937
198	0.55188	0.44777	0.00015991	0.00019348
199	0.6202	0.37943	0.00018771	0.00018169
200	0.64827	0.35135	0.0002039	0.00018119
201	0.68538	0.31422	0.00022458	0.00017698
202	0.73392	0.26566	0.00025123	0.00016764
203	0.75075	0.24882	0.0002681	0.00016898
204	0.77328	0.22626	0.00028864	0.00016753
205	0.77988	0.21965	0.00030206	0.00017278
206	0.7902	0.2093	0.00031826	0.00017619
207	0.80665	0.19283	0.0003371	0.00017651
208	0.82906	0.17041	0.00036034	0.00017347
209	0.82174	0.17772	0.00036064	0.00017872
210	0.81768	0.18177	0.00036326	0.00018195
211	0.7568	0.24264	0.00032936	0.00022153
212	0.70916	0.29028	0.00030381	0.00025307
213	0.67207	0.32736	0.00028484	0.00027832
214	0.64347	0.35596	0.00027114	0.00029862
215	0.62405	0.37538	0.00026215	0.00031407
216	0.6099	0.38952	0.00025657	0.00032642
217	0.60023	0.39918	0.00025389	0.00033619
218	0.59591	0.40349	0.00025396	0.00034307
219	0.59538	0.40401	0.00025662	0.00034772
220	0.59862	0.40077	0.00026189	0.00035011
221	0.58799	0.41139	0.00025877	0.0003613
222	0.55527	0.4441	0.00024017	0.0003878
223	0.53018	0.46918	0.00022666	0.00040958
224	0.51345	0.48591	0.00021777	0.00042659
225	0.50154	0.49781	0.0002122	0.00044063
226	0.46358	0.53577	0.00019694	0.00045732
227	0.4381	0.56125	0.00018686	0.00046879
228	0.42097	0.57837	0.00018038	0.00047659
229	0.41035	0.58899	0.00017686	0.00048139
230	0.4039	0.59544	0.00017576	0.00048389
231	0.40094	0.5984	0.0001768	0.00048437
232	0.40315	0.59619	0.00018066	0.00048197
233	0.40907	0.59026	0.00018718	0.00047703
234	0.41879	0.58055	0.00019659	0.00046932
235	0.43319	0.56614	0.0002098	0.00045794
236	0.45514	0.54419	0.00022829	0.00044122
237	0.48447	0.51486	0.00025313	0.00041829
238	0.49337	0.50595	0.00026203	0.00041125
239	0.50695	0.49238	0.00027479	0.00040048
240	0.52881	0.47052	0.00029347	0.00038373
241	0.56065	0.43867	0.00031931	0.00035976
242	0.60248	0.39683	0.00035382	0.00032727
243	0.65605	0.34327	0.00039879	0.00028445
244	0.72434	0.27497	0.0004573	0.00022827
245	0.82298	0.17633	0.00053945	0.00014834
246	0.95035	0.048961	0.00064822	4.1974e-05
247	0.99639	0.0029139	0.00068827	4.2289e-06
248	0.99789	0.0014195	0.00069146	3.232e-06
249	0.99382	0.0054842	0.00068561	8.4538e-06
250	0.96072	0.03859	0.0006547	3.466e-05
251	0.93547	0.063845	0.00063104	5.3927e-05
252	0.91608	0.08324	0.00061264	6.8183e-05
253	0.90296	0.096361	0.00059869	7.7868e-05
254	0.89376	0.10557	0.00058824	8.4325e-05
255	0.88787	0.11146	0.00058069	8.8142e-05
256	0.82536	0.17398	0.0005315	0.00013347
257	0.77727	0.22207	0.00049434	0.00016702
258	0.74049	0.25885	0.00046634	0.00019163
259	0.71211	0.28723	0.00044497	0.00020981
260	0.69054	0.30881	0.00042884	0.00022294
261	0.67645	0.3229	0.00041738	0.0002313
262	0.66831	0.33105	0.00040964	0.00023586
263	0.66389	0.33546	0.00040476	0.00023775
264	0.66425	0.33511	0.00040275	0.00023667
265	0.66832	0.33104	0.0004035	0.00023302
266	0.67759	0.32178	0.00040729	0.00022626
267	0.69121	0.30816	0.00041419	0.00021656
268	0.69224	0.30713	0.00041261	0.00021524
269	0.67938	0.31999	0.00040236	0.00022277
270	0.67077	0.3286	0.00039525	0.00022732
271	0.66619	0.33319	0.00039108	0.0002291
272	0.64598	0.3534	0.00037683	0.0002409
273	0.633	0.36639	0.00036687	0.00024832
274	0.62433	0.37506	0.00036002	0.00025278
275	0.62135	0.37804	0.00035647	0.00025387
276	0.62368	0.37571	0.00035592	0.00025187
277	0.62988	0.36951	0.00035805	0.00024736
278	0.62391	0.37549	0.00035238	0.00025057
279	0.62155	0.37785	0.00034926	0.00025139
280	0.62266	0.37674	0.00034855	0.00024993
281	0.62758	0.37182	0.00035045	0.00024602
282	0.63661	0.36279	0.00035518	0.00023942
283	0.65035	0.34906	0.00036316	0.00022973
284	0.67152	0.32789	0.00037538	0.00021572
285	0.69943	0.29998	0.00039223	0.00019722
286	0.7088	0.29061	0.00039701	0.00019072
287	0.72503	0.27438	0.00040559	0.00018034
288	0.75026	0.24916	0.00041908	0.00016497
289	0.7137	0.28572	0.00039424	0.00018786
290	0.68551	0.31391	0.00037536	0.00020493
291	0.66455	0.33487	0.0003615	0.00021712
292	0.64909	0.35033	0.00035137	0.00022571
293	0.64045	0.35898	0.00034502	0.00023046
294	0.63587	0.36356	0.00034139	0.00023261
295	0.63661	0.36282	0.00034063	0.00023183
296	0.64111	0.35832	0.00034234	0.00022872
297	0.64939	0.35004	0.00034651	0.00022327
298	0.6637	0.33573	0.00035388	0.00021454
299	0.68329	0.31614	0.00036465	0.00020255
300	0.70977	0.28966	0.00037992	0.00018618
301	0.74421	0.25522	0.00040047	0.00016465
302	0.79472	0.20472	0.00043	0.00013407
303	0.86033	0.13911	0.00046951	9.3635e-05
304	0.88784	0.1116	0.00048512	7.7039e-05
305	0.92401	0.075432	0.00050648	5.481e-05
306	0.97487	0.024567	0.00053605	2.4314e-05
307	0.96691	0.032532	0.00052698	2.8322e-05
308	0.96136	0.038087	0.00051975	3.0772e-05
309	0.95873	0.04072	0.00051403	3.1552e-05
310	0.94951	0.049954	0.00050422	3.6276e-05
311	0.9432	0.05626	0.00049656	3.9151e-05
312	0.94001	0.059462	0.00049046	4.0322e-05
313	0.93891	0.060561	0.00048594	4.0199e-05
314	0.94076	0.058718	0.00048286	3.8468e-05
315	0.9449	0.054581	0.00048148	3.5337e-05
316	0.9516	0.047884	0.00048197	3.062e-05
317	0.9626	0.036896	0.00048467	2.3542e-05
318	0.97726	0.022236	0.0004899	1.4195e-05
319	0.97701	0.022494	0.00048575	1.4064e-05
320	0.97828	0.021221	0.00048276	1.305e-05
321	0.98156	0.017949	0.00048067	1.1009e-05
322	0.9867	0.012809	0.00047991	7.8983e-06
323	0.9881	0.01142	0.00047725	6.9421e-06
324	0.99079	0.0087245	0.00047554	5.2541e-06
325	0.99103	0.0084905	0.00047268	4.9523e-06
326	0.99274	0.0067848	0.00047042	3.9227e-06
327	0.99601	0.0035146	0.0004688	2.1327e-06
328	0.99503	0.0045013	0.00046513	2.6292e-06
329	0.995	0.0045392	0.00046217	2.6262e-06
330	0.99587	0.0036672	0.00045988	2.1543e-06
331	0.99539	0.0041477	0.00045707	2.3899e-06
332	0.99604	0.0035057	0.00045469	2.0948e-06
333	0.99781	0.0017356	0.00045273	1.282e-06
334	0.99688	0.002676	0.00044289	1.5699e-06
335	0.99696	0.0026067	0.0004332	1.3932e-06
336	0.99611	0.0034629	0.00042276	1.6804e-06
337	0.99628	0.0033038	0.00041245	1.5329e-06
338	0.99734	0.0022565	0.00040314	9.992e-07
339	0.99953	7.7592e-05	0.00039397	3.7772e-08
340	0.99792	0.0017003	0.00038051	6.4683e-07
341	0.99729	0.0023446	0.00036706	8.6612e-07
342	0.99743	0.0022127	0.00035463	7.8151e-07
343	0.99379	0.0058658	0.00034049	2.0079e-06
344	0.99152	0.0081503	0.00032767	2.6644e-06
345	0.99078	0.0089	0.00031499	2.8009e-06
346	0.99148	0.0082139	0.00030234	2.4993e-06
347	0.99001	0.0096986	0.00028976	2.8328e-06
348	0.98968	0.010041	0.00027821	2.7947e-06
349	0.99075	0.0089811	0.00026669	2.3874e-06
350	0.99334	0.0064023	0.00025518	1.6341e-06
351	0.99731	0.0024498	0.00024462	5.8546e-07
352	0.99905	0.00071892	0.0002331	1.5886e-07
353	0.99889	0.00088925	0.00022015	1.9038e-07
354	0.99947	0.00032704	0.00020698	7.0188e-08
355	0.99911	0.0006989	0.00019434	1.4584e-07
356	0.99826	0.0015564	0.00018234	3.0546e-07
357	0.99817	0.0016604	0.00017119	3.085e-07
358	0.99728	0.0025634	0.00016057	4.4174e-07
359	0.99719	0.0026613	0.00015066	4.2822e-07
360	0.9979	0.0019597	0.0001414	2.9378e-07
361	0.99787	0.0020026	0.00013175	2.8099e-07
362	0.99694	0.0029328	0.00012258	3.7717e-07
363	0.99688	0.0030057	0.00011406	3.5415e-07
364	0.9978	0.0020957	0.00010539	2.2902e-07
365	0.9996	0.00030274	9.7265e-05	2.9068e-08
366	0.99984	6.7057e-05	8.8693e-05	4.5543e-09
367	0.99933	0.00058617	8.7032e-05	4.9974e-08
368	0.99502	0.0048967	8.5163e-05	4.074e-07
369	0.99245	0.0074695	8.339e-05	6.1409e-07
370	0.99133	0.0085843	8.1685e-05	6.9785e-07
371	0.99156	0.0083622	8.003e-05	6.7437e-07
372	0.99292	0.0070023	7.8575e-05	5.5673e-07
373	0.99551	0.0044169	7.7317e-05	3.4217e-07
374	0.99637	0.0035574	7.5858e-05	2.7139e-07
375	0.99822	0.0017047	7.4571e-05	1.2485e-07
376	0.99897	0.00096103	7.3132e-05	6.8012e-08
377	0.99906	0.00086857	7.1584e-05	6.05e-08
378	0.9998	0.00013447	7.0173e-05	6.8551e-09
379	0.99931	0.00061476	7.0369e-05	4.0905e-08
380	0.99843	0.001496	7.0504e-05	1.043e-07
381	0.99828	0.0016472	7.0735e-05	1.1446e-07
382	0.99901	0.00091589	7.0996e-05	6.4139e-08
383	0.99933	0.00060333	7.1196e-05	4.402e-08
384	0.99934	0.00058416	7.1438e-05	4.2945e-08
385	0.99919	0.00074299	7.1635e-05	5.6554e-08
386	0.99857	0.0013561	7.184e-05	1.0393e-07
387	0.99866	0.0012703	7.214e-05	9.8652e-08
388	0.99815	0.0017824	7.244e-05	1.3758e-07
389	0.99848	0.0014484	7.2771e-05	1.1608e-07
390	0.99958	0.00034233	7.321e-05	3.4637e-08
391	0.99816	0.0017665	7.3745e-05	1.5501e-07
392	0.99755	0.0023788	7.4398e-05	2.1089e-07
393	0.99789	0.0020318	7.5086e-05	1.9437e-07
394	0.99738	0.0025412	7.5754e-05	2.5348e-07
395	0.99768	0.0022391	7.6554e-05	2.4378e-07
396	0.99882	0.0011059	7.7492e-05	1.6216e-07
397	0.99802	0.0019038	7.8162e-05	3.0563e-07
398	0.99797	0.0019479	7.897e-05	3.7221e-07
399	0.99706	0.0028625	7.8666e-05	4.8073e-07
400	0.99439	0.0055282	7.8185e-05	8.092e-07
401	0.99287	0.0070516	7.7871e-05	1.0133e-06
402	0.99264	0.0072832	7.7654e-05	1.0926e-06
403	0.99367	0.0062484	7.7525e-05	1.0549e-06
404	0.99292	0.0070004	7.6006e-05	1.0859e-06
405	0.99323	0.0066965	7.4688e-05	1.0116e-06
406	0.99177	0.0081568	7.3114e-05	1.142e-06
407	0.987	0.012925	7.1295e-05	1.6032e-06
408	0.98395	0.015976	6.9742e-05	1.8863e-06
409	0.97373	0.026196	6.8023e-05	2.7037e-06
410	0.96643	0.033504	6.6635e-05	3.2544e-06
411	0.9621	0.037834	6.5444e-05	3.572e-06
412	0.95982	0.040112	6.4492e-05	3.7144e-06
413	0.95988	0.040051	6.3676e-05	3.6847e-06
414	0.96229	0.037641	6.2989e-05	3.4898e-06
415	0.96677	0.033166	6.2521e-05	3.1394e-06
416	0.9736	0.026336	6.2289e-05	2.6144e-06
417	0.97545	0.024482	6.1619e-05	2.4888e-06
418	0.97907	0.020871	6.1141e-05	2.2315e-06
419	0.97926	0.020673	6.0341e-05	2.259e-06
420	0.98089	0.019045	5.9706e-05	2.1749e-06
421	0.97897	0.020975	5.7008e-05	2.1468e-06
422	0.97856	0.021379	5.458e-05	2.007e-06
423	0.97967	0.02028	5.2403e-05	1.7663e-06
424	0.98234	0.017609	5.0466e-05	1.4263e-06
425	0.98741	0.012544	4.8586e-05	9.5103e-07
426	0.99525	0.0046989	4.677e-05	3.3824e-07
427	0.99541	0.0045449	4.4521e-05	2.9008e-07
428	0.99677	0.0031882	4.2247e-05	1.8723e-07
429	0.99915	0.00081122	4.0144e-05	4.2439e-08
430	0.99782	0.0021394	3.7778e-05	8.7024e-08
431	0.98656	0.013402	3.5221e-05	4.5847e-07
432	0.97816	0.021809	3.2926e-05	6.8507e-07
433	0.97227	0.027702	3.0863e-05	7.9998e-07
434	0.96917	0.030801	2.8828e-05	8.1899e-07
435	0.96845	0.031518	2.6797e-05	7.6609e-07
436	0.9622	0.037772	2.4801e-05	8.3283e-07
437	0.94639	0.053587	2.2568e-05	1.0696e-06
438	0.93578	0.064203	2.0431e-05	1.1507e-06
439	0.9292	0.070776	1.8342e-05	1.1215e-06
440	0.92533	0.074655	1.6438e-05	1.0249e-06
441	0.92475	0.075234	1.4529e-05	8.6861e-07
442	0.8223	0.17768	1.2572e-05	2.6111e-06
443	0.74166	0.25832	1.1072e-05	3.9147e-06
444	0.67942	0.32057	9.942e-06	4.8657e-06
445	0.63517	0.36482	9.0915e-06	5.5238e-06
446	0.6008	0.39919	8.438e-06	5.9997e-06
447	0.57706	0.42292	7.9406e-06	6.3069e-06
448	0.55972	0.44026	7.5686e-06	6.5041e-06
449	0.54966	0.45032	7.2937e-06	6.5911e-06
450	0.54385	0.45613	7.0996e-06	6.6123e-06
451	0.54193	0.45806	6.9758e-06	6.5776e-06
452	0.54375	0.45623	6.9174e-06	6.4916e-06
453	0.54918	0.4508	6.919e-06	6.3579e-06
454	0.55882	0.44117	6.9892e-06	6.1691e-06
455	0.57329	0.4267	7.1367e-06	5.9161e-06
456	0.59545	0.40453	7.3683e-06	5.5675e-06
457	0.60063	0.39936	7.3591e-06	5.448e-06
458	0.60997	0.39001	7.4169e-06	5.275e-06
459	0.62375	0.37624	7.5437e-06	5.045e-06
460	0.62383	0.37616	7.4779e-06	4.9952e-06
461	0.6293	0.37069	7.4653e-06	4.8795e-06
462	0.64028	0.3597	7.505e-06	4.6997e-06
463	0.63723	0.36275	7.3844e-06	4.6925e-06
464	0.63946	0.36053	7.3144e-06	4.6221e-06
465	0.64527	0.35472	7.2996e-06	4.5087e-06
466	0.63717	0.36281	7.1312e-06	4.5609e-06
467	0.63284	0.36715	7.0212e-06	4.5663e-06
468	0.63335	0.36664	6.9556e-06	4.5158e-06
469	0.63874	0.36125	6.9333e-06	4.4104e-06
470	0.6483	0.35168	6.9709e-06	4.258e-06
471	0.66492	0.33507	7.0702e-06	4.0315e-06
472	0.66751	0.33248	6.9965e-06	3.9655e-06
473	0.67393	0.32606	6.978e-06	3.8574e-06
474	0.6843	0.31569	7.0136e-06	3.7068e-06
475	0.70188	0.29811	7.1083e-06	3.4846e-06
476	0.70401	0.29597	7.0482e-06	3.4289e-06
477	0.70962	0.29037	7.0367e-06	3.3359e-06
478	0.72116	0.27883	7.0716e-06	3.184e-06
479	0.73775	0.26224	7.1711e-06	2.9802e-06
480	0.76047	0.23952	7.3471e-06	2.7123e-06
481	0.79021	0.20978	7.609e-06	2.3697e-06
482	0.82865	0.17134	7.9769e-06	1.9322e-06
483	0.87795	0.12204	8.4775e-06	1.3733e-06
484	0.89521	0.10478	8.6367e-06	1.1684e-06
485	0.92031	0.079685	8.862e-06	8.8503e-07
486	0.9293	0.070694	8.9249e-06	7.7711e-07
487	0.93094	0.069054	8.893e-06	7.5064e-07
488	0.93562	0.06437	8.878e-06	6.9481e-07
489	0.94289	0.057104	8.902e-06	6.1177e-07
490	0.93338	0.066614	8.7431e-06	6.9896e-07
491	0.92697	0.073019	8.6303e-06	7.531e-07
492	0.92311	0.076882	8.5551e-06	7.8103e-07
493	0.92157	0.07842	8.5147e-06	7.8543e-07
494	0.92301	0.076979	8.4895e-06	7.624e-07
495	0.92759	0.072402	8.4806e-06	7.1074e-07
496	0.92515	0.074845	8.4185e-06	7.249e-07
497	0.92565	0.074342	8.3706e-06	7.1255e-07
498	0.92853	0.071463	8.3585e-06	6.7689e-07
499	0.93501	0.064983	8.3653e-06	6.0937e-07
500	0.94595	0.054046	8.3971e-06	5.0363e-07
501	0.96065	0.03934	8.4759e-06	3.6232e-07
502	0.95903	0.040962	8.388e-06	3.7317e-07
503	0.9593	0.040694	8.3307e-06	3.6613e-07
504	0.96216	0.037834	8.282e-06	3.3732e-07
505	0.96045	0.039543	8.1799e-06	3.4949e-07
506	0.9521	0.047892	8.0335e-06	4.1724e-07
507	0.94651	0.053482	7.9255e-06	4.5897e-07
508	0.94319	0.056805	7.849e-06	4.8004e-07
509	0.94282	0.057173	7.7835e-06	4.7725e-07
510	0.94511	0.054878	7.7271e-06	4.5325e-07
511	0.92759	0.072402	7.495e-06	5.9276e-07
512	0.91445	0.085547	7.3148e-06	6.9114e-07
513	0.90608	0.093911	7.1614e-06	7.5081e-07
514	0.90159	0.098405	7.0273e-06	7.792e-07
515	0.8998	0.10019	6.9283e-06	7.8431e-07
516	0.90128	0.098708	6.8421e-06	7.6477e-07
517	0.90545	0.094541	6.7887e-06	7.2406e-07
518	0.91383	0.086167	6.7521e-06	6.5411e-07
519	0.92699	0.073006	6.7346e-06	5.5299e-07
520	0.93038	0.069617	6.6583e-06	5.2254e-07
521	0.93745	0.062547	6.5936e-06	4.6783e-07
522	0.94772	0.052269	6.5628e-06	3.9096e-07
523	0.95013	0.049866	6.4877e-06	3.6978e-07
524	0.95477	0.04522	6.4399e-06	3.325e-07
525	0.9618	0.038193	6.4185e-06	2.7834e-07
526	0.97268	0.027315	6.4097e-06	2.0014e-07
527	0.97052	0.029476	6.2975e-06	2.1359e-07
528	0.96998	0.030009	6.2071e-06	2.151e-07
529	0.97114	0.028855	6.1391e-06	2.0477e-07
530	0.97405	0.02594	6.0935e-06	1.824e-07
531	0.97967	0.020326	6.0522e-06	1.4373e-07
532	0.97518	0.024816	5.9538e-06	1.7132e-07
533	0.97314	0.026857	5.859e-06	1.8329e-07
534	0.97275	0.027239	5.7856e-06	1.8398e-07
535	0.97392	0.026074	5.7312e-06	1.7456e-07
536	0.97679	0.023202	5.6973e-06	1.5419e-07
537	0.98156	0.018438	5.6851e-06	1.2171e-07
538	0.98942	0.010579	5.6789e-06	7.16e-08
539	0.98282	0.017176	5.5927e-06	1.1097e-07
540	0.97823	0.021763	5.5279e-06	1.3712e-07
541	0.93214	0.067851	5.2349e-06	4.0069e-07
542	0.89943	0.10057	5.007e-06	5.8853e-07
543	0.87735	0.12264	4.8296e-06	7.148e-07
544	0.8624	0.1376	4.684e-06	7.9884e-07
545	0.8516	0.14839	4.5732e-06	8.5567e-07
546	0.84436	0.15564	4.4919e-06	8.9035e-07
547	0.84026	0.15973	4.4365e-06	9.0624e-07
548	0.84008	0.15991	4.3924e-06	9.0081e-07
549	0.84381	0.15618	4.3588e-06	8.748e-07
550	0.85064	0.14935	4.3491e-06	8.3205e-07
551	0.86097	0.13903	4.3652e-06	7.7066e-07
552	0.87705	0.12295	4.3988e-06	6.8152e-07
553	0.89838	0.10161	4.4668e-06	5.6522e-07
554	0.92617	0.073827	4.5758e-06	4.1498e-07
555	0.93711	0.062884	4.5832e-06	3.561e-07
556	0.93024	0.069755	4.4849e-06	3.9163e-07
557	0.92594	0.074052	4.4089e-06	4.1214e-07
558	0.92398	0.076016	4.353e-06	4.1971e-07
559	0.91292	0.087077	4.2584e-06	4.729e-07
560	0.90619	0.093803	4.1756e-06	5.0416e-07
561	0.90338	0.096616	4.1018e-06	5.1579e-07
562	0.90316	0.096838	4.0493e-06	5.1391e-07
563	0.90551	0.094484	4.0172e-06	4.992e-07
564	0.91135	0.088641	3.9907e-06	4.6889e-07
565	0.90926	0.090731	3.9332e-06	4.7624e-07
566	0.91061	0.089382	3.8811e-06	4.6776e-07
567	0.90389	0.096105	3.7973e-06	4.9742e-07
568	0.82228	0.17772	3.4648e-06	8.3014e-07
569	0.76393	0.23607	3.2153e-06	1.0706e-06
570	0.72249	0.27751	3.0264e-06	1.2412e-06
571	0.62372	0.37627	2.5811e-06	1.6594e-06
572	0.5473	0.45269	2.2486e-06	1.9703e-06
573	0.49456	0.50543	2.0073e-06	2.1813e-06
574	0.45332	0.54668	1.8245e-06	2.3379e-06
575	0.42546	0.57453	1.6912e-06	2.4368e-06
576	0.40467	0.59533	1.5945e-06	2.5037e-06
577	0.39111	0.60889	1.5225e-06	2.5381e-06
578	0.38178	0.61822	1.4723e-06	2.5543e-06
579	0.37614	0.62386	1.441e-06	2.5553e-06
580	0.35308	0.64692	1.3366e-06	2.6217e-06
581	0.33566	0.66433	1.2597e-06	2.664e-06
582	0.32324	0.67676	1.2067e-06	2.6862e-06
583	0.28754	0.71246	1.0626e-06	2.7922e-06
584	0.26243	0.73756	9.5548e-07	2.8541e-06
585	0.24354	0.75646	8.7721e-07	2.8906e-06
586	0.22963	0.77037	8.2148e-07	2.9079e-06
587	0.2198	0.78019	7.8382e-07	2.9103e-06
588	0.21445	0.78555	7.5922e-07	2.8928e-06
589	0.21298	0.78702	7.4574e-07	2.8573e-06
590	0.21431	0.78569	7.4463e-07	2.8125e-06
591	0.21854	0.78146	7.5607e-07	2.7582e-06
592	0.21219	0.7878	7.2755e-07	2.7367e-06
593	0.21023	0.78977	7.1118e-07	2.6961e-06
594	0.21196	0.78803	7.0451e-07	2.6389e-06
595	0.21759	0.78241	7.0742e-07	2.5653e-06
596	0.22655	0.77345	7.2281e-07	2.4823e-06
597	0.23912	0.76088	7.5103e-07	2.389e-06
598	0.2588	0.7412	7.9606e-07	2.2716e-06
599	0.2882	0.71179	8.629e-07	2.1253e-06
600	0.32972	0.67027	9.546e-07	1.9469e-06
601	0.38354	0.61646	1.0792e-06	1.7392e-06
602	0.45867	0.54133	1.2448e-06	1.483e-06
603	0.55562	0.44438	1.4631e-06	1.1781e-06
604	0.56431	0.43569	1.431e-06	1.115e-06
605	0.57733	0.42267	1.4121e-06	1.0425e-06
606	0.59541	0.40459	1.407e-06	9.5956e-07
607	0.59856	0.40143	1.3574e-06	9.1276e-07
608	0.60568	0.39432	1.3202e-06	8.5769e-07
609	0.6169	0.38309	1.2941e-06	7.9475e-07
610	0.63492	0.36508	1.2734e-06	7.186e-07
611	0.66167	0.33832	1.2589e-06	6.2813e-07
612	0.69713	0.30287	1.2602e-06	5.2612e-07
613	0.7491	0.2509	1.274e-06	4.03e-07
614	0.8166	0.1834	1.3084e-06	2.6361e-07
615	0.90397	0.096025	1.3669e-06	1.0447e-07
616	0.91452	0.085478	1.5114e-06	1.0658e-07
617	0.92893	0.071066	1.6711e-06	9.9369e-08
618	0.94998	0.050018	1.8361e-06	7.7205e-08
619	0.95707	0.042931	1.9898e-06	7.2464e-08
620	0.96851	0.03149	2.1435e-06	5.7328e-08
621	0.98582	0.014182	2.3015e-06	2.7595e-08
622	0.98262	0.017375	2.4086e-06	3.7619e-08
623	0.98092	0.019073	2.525e-06	4.4404e-08
624	0.98114	0.018862	2.6355e-06	4.6694e-08
625	0.98329	0.016711	2.7408e-06	4.3857e-08
626	0.98707	0.012927	2.8584e-06	3.5752e-08
627	0.99273	0.007265	2.99e-06	2.0954e-08
628	0.98685	0.013148	3.0763e-06	4.0521e-08
629	0.98279	0.017202	3.1742e-06	5.505e-08
630	0.98091	0.019084	3.2677e-06	6.3433e-08
631	0.98095	0.019042	3.3566e-06	6.5764e-08
632	0.98245	0.017542	3.4585e-06	6.2667e-08
633	0.98543	0.014569	3.5731e-06	5.3593e-08
634	0.97966	0.020336	3.6633e-06	7.6207e-08
635	0.97651	0.023488	3.7509e-06	9.0411e-08
636	0.97555	0.024443	3.8354e-06	9.6815e-08
637	0.97651	0.023483	3.9171e-06	9.5895e-08
638	0.9791	0.020892	4.0139e-06	8.7735e-08
639	0.98339	0.016604	4.1261e-06	7.1495e-08
640	0.98422	0.015777	4.2133e-06	6.9736e-08
641	0.98648	0.013518	4.3158e-06	6.1151e-08
642	0.99023	0.0097693	4.4337e-06	4.4921e-08
643	0.98735	0.012642	4.5105e-06	5.9056e-08
644	0.97927	0.020729	4.572e-06	9.7367e-08
645	0.97415	0.025849	4.6348e-06	1.2371e-07
646	0.97144	0.028559	4.6974e-06	1.3959e-07
647	0.97046	0.029531	4.7776e-06	1.4679e-07
648	0.97155	0.028447	4.8568e-06	1.4414e-07
649	0.97428	0.025714	4.9532e-06	1.3239e-07
650	0.97966	0.020336	5.0517e-06	1.0706e-07
651	0.98741	0.012587	5.1736e-06	6.7509e-08
652	0.9665	0.03349	5.1289e-06	1.8303e-07
653	0.95252	0.047473	5.1064e-06	2.6484e-07
654	0.94235	0.057645	5.1142e-06	3.2543e-07
655	0.93516	0.064836	5.1466e-06	3.6966e-07
656	0.93161	0.068386	5.1864e-06	3.9499e-07
657	0.93041	0.069583	5.2492e-06	4.0654e-07
658	0.93206	0.067933	5.3172e-06	4.0221e-07
659	0.93595	0.06404	5.4076e-06	3.8372e-07
660	0.94247	0.057522	5.525e-06	3.4785e-07
661	0.94214	0.057849	5.6111e-06	3.5212e-07
662	0.94474	0.055256	5.7027e-06	3.3907e-07
663	0.9506	0.049398	5.8025e-06	3.061e-07
664	0.95928	0.040711	5.9323e-06	2.5317e-07
665	0.97239	0.027603	6.0789e-06	1.7204e-07
666	0.9777	0.022293	6.1634e-06	1.402e-07
667	0.97875	0.021243	6.2098e-06	1.352e-07
668	0.98131	0.018687	6.2755e-06	1.1991e-07
669	0.98019	0.019803	6.3273e-06	1.2753e-07
670	0.96132	0.038677	6.2513e-06	2.5102e-07
671	0.94881	0.051182	6.2016e-06	3.3623e-07
672	0.94067	0.059325	6.168e-06	3.9422e-07
673	0.91799	0.082007	6.0478e-06	5.4878e-07
674	0.90241	0.097579	5.9611e-06	6.5878e-07
675	0.89096	0.10903	5.9122e-06	7.3962e-07
676	0.88299	0.11701	5.8961e-06	7.963e-07
677	0.87936	0.12063	5.8965e-06	8.2499e-07
678	0.87962	0.12038	5.9109e-06	8.2815e-07
679	0.88343	0.11657	5.938e-06	8.0781e-07
680	0.89032	0.10968	5.9968e-06	7.6541e-07
681	0.88897	0.11102	5.9881e-06	7.7958e-07
682	0.89031	0.10968	6.0086e-06	7.7427e-07
683	0.89425	0.10574	6.0567e-06	7.5e-07
684	0.90101	0.098981	6.1346e-06	7.0467e-07
685	0.91097	0.089024	6.2462e-06	6.3464e-07
686	0.92681	0.073187	6.3869e-06	5.2362e-07
687	0.95062	0.049376	6.5701e-06	3.5832e-07
688	0.98191	0.018086	6.8224e-06	1.3419e-07
689	0.99438	0.0056084	6.9531e-06	4.2262e-08
690	0.99901	0.00098271	7.0365e-06	7.2123e-09
691	0.99827	0.0017191	7.0673e-06	1.2285e-08
692	0.99839	0.0016052	7.0923e-06	1.1521e-08
693	0.99926	0.00073216	7.1338e-06	5.0913e-09
694	0.99627	0.0037227	7.1356e-06	2.5881e-08
695	0.99475	0.0052433	7.1351e-06	3.6759e-08
696	0.99442	0.0055691	7.1311e-06	3.9407e-08
697	0.99233	0.0076579	7.1025e-06	5.5126e-08
698	0.99138	0.0086141	7.0921e-06	6.218e-08
699	0.99175	0.0082385	7.0793e-06	6.0006e-08
700	0.98983	0.010163	7.0612e-06	7.4034e-08
701	0.98948	0.01051	7.0416e-06	7.7101e-08
702	0.98658	0.013412	6.991e-06	9.9496e-08
703	0.98512	0.014871	6.9623e-06	1.1061e-07
704	0.98501	0.014981	6.9545e-06	1.114e-07
705	0.98624	0.01375	6.9676e-06	1.0199e-07
706	0.98922	0.010773	6.9812e-06	8.0518e-08
707	0.99385	0.006144	7.0181e-06	4.6333e-08
708	0.99542	0.0045684	7.0435e-06	3.4257e-08
709	0.99553	0.004465	7.0462e-06	3.3407e-08
710	0.98937	0.010625	6.9908e-06	7.9015e-08
711	0.98505	0.014942	6.9593e-06	1.1028e-07
712	0.94958	0.050409	6.6844e-06	3.7265e-07
713	0.92202	0.077974	6.4819e-06	5.7194e-07
714	0.90352	0.096468	6.3305e-06	7.0821e-07
715	0.89115	0.10885	6.2117e-06	8.0079e-07
716	0.88261	0.11738	6.1334e-06	8.6289e-07
717	0.87718	0.12281	6.0877e-06	9.0119e-07
718	0.87455	0.12545	6.0717e-06	9.1845e-07
719	0.8758	0.1242	6.0711e-06	9.0885e-07
720	0.88073	0.11926	6.0848e-06	8.7398e-07
721	0.88892	0.11107	6.1325e-06	8.1501e-07
722	0.90064	0.09935	6.2155e-06	7.2942e-07
723	0.91655	0.083444	6.34e-06	6.1134e-07
724	0.93969	0.060302	6.5031e-06	4.4341e-07
725	0.97016	0.029832	6.7342e-06	2.1771e-07
726	0.98358	0.016412	6.8248e-06	1.2038e-07
727	0.98349	0.016504	6.829e-06	1.2002e-07
728	0.98522	0.014777	6.8333e-06	1.0728e-07
729	0.98846	0.011532	6.8596e-06	8.3083e-08
730	0.99409	0.0059065	6.8899e-06	4.2723e-08
731	0.99336	0.0066371	6.8864e-06	4.7296e-08
732	0.99013	0.0098591	6.8757e-06	6.8476e-08
733	0.98218	0.017815	6.8197e-06	1.2244e-07
734	0.97711	0.022879	6.7713e-06	1.573e-07
735	0.97389	0.026107	6.7458e-06	1.7857e-07
736	0.96456	0.035432	6.6666e-06	2.422e-07
737	0.95869	0.041304	6.5992e-06	2.8266e-07
738	0.95563	0.044361	6.5396e-06	3.0401e-07
739	0.95459	0.0454	6.5052e-06	3.1041e-07
740	0.94776	0.052232	6.4182e-06	3.5739e-07
741	0.94407	0.055922	6.3414e-06	3.829e-07
742	0.93084	0.069158	6.2093e-06	4.7287e-07
743	0.92118	0.078817	6.1132e-06	5.3577e-07
744	0.91455	0.085441	6.048e-06	5.765e-07
745	0.91143	0.088562	5.9947e-06	5.9439e-07
746	0.91147	0.08852	5.9509e-06	5.917e-07
747	0.91387	0.086125	5.9322e-06	5.7267e-07
748	0.91966	0.080338	5.9237e-06	5.3251e-07
749	0.92834	0.071652	5.9433e-06	4.729e-07
750	0.94178	0.058219	5.9801e-06	3.8504e-07
751	0.94542	0.054571	5.9635e-06	3.5932e-07
752	0.95256	0.047432	5.9561e-06	3.1273e-07
753	0.96279	0.037205	5.9786e-06	2.4606e-07
754	0.97651	0.023486	6.0328e-06	1.5638e-07
755	0.99481	0.0051843	6.1276e-06	3.5666e-08
756	0.99428	0.0057089	6.0865e-06	3.9196e-08
757	0.95753	0.042465	5.8191e-06	2.7757e-07
758	0.92943	0.070562	5.6228e-06	4.5432e-07
759	0.86325	0.13674	5.1692e-06	8.7765e-07
760	0.81606	0.18394	4.8246e-06	1.1814e-06
761	0.77996	0.22003	4.5684e-06	1.4054e-06
762	0.75211	0.24789	4.3764e-06	1.5725e-06
763	0.73093	0.26906	4.236e-06	1.6951e-06
764	0.71772	0.28227	4.1331e-06	1.7699e-06
765	0.70903	0.29096	4.067e-06	1.8157e-06
766	0.70584	0.29415	4.0238e-06	1.8284e-06
767	0.68907	0.31092	3.8882e-06	1.9233e-06
768	0.67711	0.32288	3.7909e-06	1.9867e-06
769	0.67073	0.32926	3.7181e-06	2.0161e-06
770	0.66818	0.33181	3.6762e-06	2.0221e-06
771	0.65165	0.34835	3.5422e-06	2.1102e-06
772	0.60981	0.39018	3.2453e-06	2.3513e-06
773	0.57799	0.422	3.0234e-06	2.5246e-06
774	0.55364	0.44636	2.8558e-06	2.6495e-06
775	0.53747	0.46252	2.7281e-06	2.7256e-06
776	0.52639	0.4736	2.6376e-06	2.771e-06
777	0.51968	0.48032	2.5784e-06	2.7915e-06
778	0.49237	0.50763	2.4148e-06	2.9217e-06
779	0.47391	0.52608	2.292e-06	3.0027e-06
780	0.46086	0.53913	2.2055e-06	3.0532e-06
781	0.45417	0.54582	2.1458e-06	3.0683e-06
782	0.45135	0.54865	2.1118e-06	3.0633e-06
783	0.45332	0.54668	2.0958e-06	3.0322e-06
784	0.43958	0.56042	2.0051e-06	3.0814e-06
785	0.43174	0.56826	1.9386e-06	3.0982e-06
786	0.42755	0.57244	1.8955e-06	3.0963e-06
787	0.42679	0.5732	1.8735e-06	3.078e-06
788	0.43131	0.56868	1.8703e-06	3.0325e-06
789	0.43981	0.56018	1.89e-06	2.9694e-06
790	0.45284	0.54715	1.9351e-06	2.8861e-06
791	0.47124	0.52876	2.0099e-06	2.7783e-06
792	0.4962	0.5038	2.1208e-06	2.6397e-06
793	0.52933	0.47067	2.277e-06	2.4612e-06
794	0.57277	0.42723	2.4908e-06	2.2304e-06
795	0.62832	0.37167	2.7732e-06	1.9361e-06
796	0.70609	0.2939	3.1509e-06	1.5376e-06
797	0.73557	0.26443	3.294e-06	1.3801e-06
798	0.77371	0.22628	3.4888e-06	1.1765e-06
799	0.772	0.228	3.4707e-06	1.1761e-06
800	0.75856	0.24143	3.3871e-06	1.2314e-06
801	0.7496	0.25039	3.3325e-06	1.2642e-06
802	0.74601	0.25398	3.2936e-06	1.2716e-06
803	0.74732	0.25267	3.2681e-06	1.256e-06
804	0.75218	0.24781	3.266e-06	1.2235e-06
805	0.76091	0.23909	3.2884e-06	1.1729e-06
806	0.77406	0.22593	3.3385e-06	1.1011e-06
807	0.77559	0.22441	3.3237e-06	1.0844e-06
808	0.73648	0.26351	3.1159e-06	1.2511e-06
809	0.70917	0.29083	2.9535e-06	1.3632e-06
810	0.68889	0.31111	2.8329e-06	1.4397e-06
811	0.67399	0.32601	2.7435e-06	1.4901e-06
812	0.66574	0.33426	2.6748e-06	1.5107e-06
813	0.66124	0.33876	2.6281e-06	1.5143e-06
814	0.66152	0.33847	2.5938e-06	1.4969e-06
815	0.66552	0.33447	2.5806e-06	1.4639e-06
816	0.67349	0.3265	2.5893e-06	1.4147e-06
817	0.68563	0.31437	2.62e-06	1.3484e-06
818	0.7055	0.29449	2.6719e-06	1.2516e-06
819	0.7318	0.26819	2.7546e-06	1.129e-06
820	0.76954	0.23046	2.8703e-06	9.6453e-07
821	0.81885	0.18115	3.0377e-06	7.5428e-07
822	0.88181	0.11819	3.2652e-06	4.8919e-07
823	0.9062	0.093794	3.3391e-06	3.8304e-07
824	0.94215	0.057842	3.4449e-06	2.3513e-07
825	0.9882	0.011799	3.5963e-06	4.7169e-08
826	0.98892	0.01108	3.5533e-06	4.3489e-08
827	0.99132	0.0086811	3.5059e-06	3.3967e-08
828	0.99511	0.0048841	3.4694e-06	1.936e-08
829	0.9938	0.0061983	3.4204e-06	2.3792e-08
830	0.99349	0.0065036	3.3808e-06	2.4413e-08
831	0.99418	0.0058172	3.3503e-06	2.141e-08
832	0.99313	0.0068637	3.3191e-06	2.4383e-08
833	0.99333	0.0066657	3.2826e-06	2.3247e-08
834	0.99455	0.0054474	3.255e-06	1.8547e-08
835	0.9943	0.0056999	3.2123e-06	1.9011e-08
836	0.99504	0.0049549	3.179e-06	1.6072e-08
837	0.99713	0.0028712	3.1399e-06	9.0706e-09
838	0.99582	0.0041757	3.08e-06	1.296e-08
839	0.99562	0.004375	3.0141e-06	1.3434e-08
840	0.99635	0.0036438	2.9572e-06	1.0972e-08
841	0.99602	0.0039805	2.887e-06	1.1835e-08
842	0.99655	0.0034455	2.8248e-06	1.0048e-08
843	0.99799	0.0020087	2.7701e-06	5.681e-09
844	0.99669	0.0033051	2.6977e-06	9.1003e-09
845	0.99644	0.0035561	2.6188e-06	9.6409e-09
846	0.99471	0.0052901	2.542e-06	1.391e-08
847	0.99399	0.0060118	2.4729e-06	1.5265e-08
848	0.99453	0.0054724	2.3973e-06	1.3547e-08
849	0.99606	0.0039335	2.3288e-06	9.4322e-09
850	0.9963	0.0036945	2.2474e-06	8.6311e-09
851	0.99743	0.002571	2.1726e-06	5.834e-09
852	0.9995	0.00050007	2.1041e-06	1.0849e-09
853	0.99966	0.00033868	2.0217e-06	7.1753e-10
854	0.99974	0.00026115	1.944e-06	5.3452e-10
855	0.99893	0.0010665	1.8694e-06	2.0389e-09
856	0.99726	0.0027382	1.7844e-06	5.077e-09
857	0.99665	0.0033476	1.6928e-06	6.0381e-09
858	0.99688	0.0031189	1.6066e-06	5.4527e-09
859	0.99098	0.0090204	1.5008e-06	1.5159e-08
860	0.98685	0.01315	1.4029e-06	2.0857e-08
861	0.98426	0.015741	1.3115e-06	2.3492e-08
862	0.98306	0.016936	1.2258e-06	2.3743e-08
863	0.98326	0.016739	1.1457e-06	2.2009e-08
864	0.98486	0.015134	1.0705e-06	1.8635e-08
865	0.9879	0.0121	9.9918e-07	1.3924e-08
866	0.99263	0.0073701	9.3191e-07	7.9093e-09
867	0.99936	0.00063854	8.6841e-07	6.3973e-10
868	0.9981	0.001896	7.4902e-07	1.2356e-09
869	0.99782	0.0021771	6.2139e-07	9.7993e-10
870	0.99663	0.0033661	6.5956e-07	1.9168e-09
871	0.99648	0.003518	6.9148e-07	2.2372e-09
872	0.99721	0.002788	7.2471e-07	1.9041e-09
873	0.99883	0.0011656	7.5907e-07	8.1947e-10
874	0.99822	0.0017761	7.9236e-07	1.2905e-09
875	0.99669	0.0033098	8.1766e-07	2.5005e-09
876	0.99609	0.0039044	8.4464e-07	2.9649e-09
877	0.99409	0.0059081	8.6321e-07	4.5561e-09
878	0.98861	0.011394	8.8014e-07	8.8153e-09
879	0.85249	0.14751	9.705e-07	1.9358e-07
880	0.75798	0.24202	1.0303e-06	3.9656e-07
881	0.68492	0.31508	1.0859e-06	6.1477e-07
882	0.62859	0.37141	1.1441e-06	8.4164e-07
883	0.58455	0.41545	1.2064e-06	1.0747e-06
884	0.55098	0.44902	1.279e-06	1.3093e-06
885	0.52519	0.4748	1.3616e-06	1.545e-06
886	0.50616	0.49383	1.4587e-06	1.7789e-06
887	0.49266	0.50733	1.5721e-06	2.01e-06
888	0.48382	0.51617	1.7037e-06	2.2369e-06
889	0.4788	0.5212	1.8541e-06	2.4584e-06
890	0.47756	0.52243	2.0288e-06	2.6711e-06
891	0.48004	0.51995	2.2327e-06	2.871e-06
892	0.46975	0.53025	2.3582e-06	3.1361e-06
893	0.46538	0.53461	2.4992e-06	3.3725e-06
894	0.46451	0.53549	2.6688e-06	3.5953e-06
895	0.46847	0.53152	2.8592e-06	3.7849e-06
896	0.47613	0.52387	3.0892e-06	3.9502e-06
897	0.49039	0.5096	3.3609e-06	4.0604e-06
898	0.51315	0.48684	3.6932e-06	4.0966e-06
899	0.54355	0.45644	4.1176e-06	4.0582e-06
900	0.58282	0.41717	4.6565e-06	3.9221e-06
901	0.5955	0.40449	5.0066e-06	3.9931e-06
902	0.61622	0.38377	5.4253e-06	3.98e-06
903	0.64656	0.35343	5.9346e-06	3.862e-06
904	0.68982	0.31017	6.5718e-06	3.6015e-06
905	0.74619	0.25379	7.4003e-06	3.1705e-06
906	0.82783	0.17216	8.5031e-06	2.4486e-06
907	0.85857	0.14142	9.1458e-06	2.2078e-06
908	0.87085	0.12914	9.5772e-06	2.16e-06
909	0.8879	0.11208	1.01e-05	2.0448e-06
910	0.9104	0.089587	1.073e-05	1.8457e-06
911	0.83404	0.16595	9.8804e-06	2.6974e-06
912	0.77948	0.22051	9.2536e-06	3.3131e-06
913	0.7408	0.25919	8.7916e-06	3.7518e-06
914	0.71089	0.2891	8.4528e-06	4.0792e-06
915	0.69125	0.30874	8.2177e-06	4.2904e-06
916	0.67928	0.32071	8.06e-06	4.4115e-06
917	0.67144	0.32854	7.9671e-06	4.4795e-06
918	0.66864	0.33135	7.9234e-06	4.4866e-06
919	0.6695	0.33049	7.94e-06	4.4463e-06
920	0.6757	0.32428	8.0106e-06	4.3395e-06
921	0.66957	0.33042	7.9119e-06	4.3903e-06
922	0.66725	0.33274	7.8749e-06	4.3923e-06
923	0.67013	0.32986	7.8886e-06	4.3312e-06
924	0.67805	0.32194	7.9514e-06	4.2094e-06
925	0.69012	0.30987	8.0788e-06	4.0344e-06
926	0.70989	0.2901	8.2845e-06	3.7687e-06
927	0.73606	0.26392	8.5844e-06	3.4206e-06
928	0.77362	0.22637	9.0031e-06	2.9415e-06
929	0.82271	0.17728	9.5851e-06	2.3128e-06
930	0.88649	0.1135	1.0378e-05	1.4873e-06
931	0.91424	0.085753	1.0683e-05	1.1352e-06
932	0.95064	0.049346	1.1118e-05	6.6788e-07
933	0.99724	0.002745	1.1706e-05	6.1412e-08
934	0.9967	0.0032908	1.1214e-05	6.1844e-08
935	0.99702	0.002974	1.0765e-05	5.0958e-08
936	0.99843	0.0015625	1.0305e-05	2.775e-08
937	0.99744	0.0025501	9.7893e-06	3.9705e-08
938	0.98778	0.012212	8.0474e-06	9.347e-08
939	0.98136	0.018632	6.301e-06	9.8651e-08
940	0.92926	0.070729	5.7258e-06	4.5054e-07
941	0.88924	0.11076	5.2727e-06	6.9461e-07
942	0.85813	0.14187	4.9071e-06	8.6315e-07
943	0.8342	0.1658	4.6094e-06	9.7491e-07
944	0.818	0.182	4.3507e-06	1.0357e-06
945	0.80776	0.19223	4.1187e-06	1.058e-06
