#coord	neutral	conserved	gBGC.neutral	gBGC.conserved
1	0.94162	0.05834	3.9714e-05	2.5169e-06
2	0.95259	0.047365	3.9087e-05	1.9885e-06
3	0.96731	0.032654	3.8646e-05	1.3235e-06
4	0.98923	0.010729	3.8415e-05	4.1835e-07
5	0.99889	0.0010729	3.7622e-05	4.1748e-08
6	0.9989	0.0010646	3.6422e-05	4.1474e-08
7	0.9983	0.0016604	3.5258e-05	6.3393e-08
8	0.99659	0.0033769	3.4105e-05	1.2433e-07
9	0.99581	0.0041616	3.3037e-05	1.4861e-07
10	0.99594	0.0040254	3.2052e-05	1.399e-07
11	0.99463	0.0053379	3.1064e-05	1.7791e-07
12	0.99429	0.0056762	3.0153e-05	1.823e-07
13	0.99227	0.007701	2.9162e-05	2.3883e-07
14	0.99142	0.0085503	2.8256e-05	2.5605e-07
15	0.99199	0.0079817	2.7363e-05	2.3328e-07
16	0.99371	0.0062596	2.6546e-05	1.7888e-07
17	0.99352	0.0064563	2.5717e-05	1.781e-07
18	0.99431	0.0056606	2.4951e-05	1.5069e-07
19	0.9962	0.0037801	2.4251e-05	9.6347e-08
20	0.99664	0.0033374	2.349e-05	8.1649e-08
21	0.99797	0.0020097	2.2784e-05	4.6398e-08
22	0.996	0.0039791	2.1979e-05	8.6974e-08
23	0.99502	0.0049584	2.1233e-05	1.0291e-07
24	0.99498	0.0050024	2.054e-05	9.7712e-08
25	0.99587	0.0041136	1.9897e-05	7.331e-08
26	0.99798	0.0020024	1.9257e-05	2.7295e-08
27	0.99717	0.0028109	1.9343e-05	4.5028e-08
28	0.99732	0.0026598	1.9436e-05	4.5321e-08
29	0.99829	0.001693	1.9557e-05	2.9701e-08
30	0.99854	0.0014402	1.9656e-05	2.6615e-08
31	0.99825	0.0017337	1.9733e-05	3.4105e-08
32	0.99703	0.0029513	1.9805e-05	6.014e-08
33	0.99667	0.0033148	1.9906e-05	6.8532e-08
34	0.99714	0.0028444	2.0037e-05	5.9523e-08
35	0.99666	0.0033202	2.0138e-05	7.0705e-08
36	0.99702	0.0029619	2.0268e-05	6.422e-08
37	0.99644	0.0035423	2.0367e-05	7.8468e-08
38	0.99674	0.0032438	2.0499e-05	7.3699e-08
39	0.99598	0.0039978	2.0596e-05	9.3066e-08
40	0.99357	0.0064101	2.0643e-05	1.5281e-07
41	0.99234	0.0076405	2.0731e-05	1.8541e-07
42	0.99217	0.0078137	2.0856e-05	1.9391e-07
43	0.99304	0.0069394	2.1019e-05	1.7832e-07
44	0.99501	0.0049685	2.122e-05	1.3702e-07
45	0.99819	0.0017904	2.1465e-05	6.6601e-08
46	0.99787	0.0021097	2.124e-05	6.6661e-08
47	0.99833	0.0016508	2.1051e-05	4.7865e-08
48	0.99806	0.0019197	2.0858e-05	4.9024e-08
49	0.99681	0.003169	2.0658e-05	7.1083e-08
50	0.99368	0.0062998	2.041e-05	1.3074e-07
51	0.96671	0.033265	1.9724e-05	6.4113e-07
52	0.94779	0.052188	1.9185e-05	9.9538e-07
53	0.93344	0.066541	1.8758e-05	1.2505e-06
54	0.92401	0.075966	1.8414e-05	1.4119e-06
55	0.91849	0.081487	1.8134e-05	1.499e-06
56	0.91627	0.083706	1.7907e-05	1.5239e-06
57	0.9165	0.083478	1.7743e-05	1.4994e-06
58	0.88809	0.1119	1.7043e-05	2.0007e-06
59	0.82063	0.17935	1.5622e-05	3.2122e-06
60	0.77253	0.22745	1.4557e-05	4.0573e-06
61	0.73858	0.2614	1.3752e-05	4.6334e-06
62	0.71248	0.2875	1.3126e-05	5.0434e-06
63	0.69563	0.30435	1.266e-05	5.2834e-06
64	0.6507	0.34929	1.1684e-05	6.0234e-06
65	0.61913	0.38086	1.0951e-05	6.5128e-06
66	0.59547	0.40451	1.0392e-05	6.8401e-06
67	0.58055	0.41943	9.9809e-06	7.0102e-06
68	0.57054	0.42945	9.6759e-06	7.0869e-06
69	0.5645	0.43549	9.4544e-06	7.0912e-06
70	0.5621	0.43789	9.3067e-06	7.0321e-06
71	0.56457	0.43541	9.229e-06	6.8952e-06
72	0.57218	0.4278	9.2221e-06	6.6793e-06
73	0.58397	0.41601	9.2905e-06	6.3987e-06
74	0.60353	0.39646	9.462e-06	6.0063e-06
75	0.62999	0.36999	9.7484e-06	5.5107e-06
76	0.66443	0.33555	1.0165e-05	4.8958e-06
77	0.715	0.28499	1.0793e-05	4.0595e-06
78	0.70918	0.29081	1.0412e-05	4.0359e-06
79	0.687	0.31298	9.7901e-06	4.2413e-06
80	0.67054	0.32945	9.2851e-06	4.3465e-06
81	0.65885	0.34114	8.8737e-06	4.3738e-06
82	0.65129	0.3487	8.5394e-06	4.3389e-06
83	0.64925	0.35074	8.2668e-06	4.2314e-06
84	0.65065	0.34934	8.052e-06	4.0808e-06
85	0.65751	0.34248	7.8884e-06	3.8681e-06
86	0.67072	0.32927	7.7793e-06	3.59e-06
87	0.69119	0.3088	7.7262e-06	3.2455e-06
88	0.71824	0.28175	7.744e-06	2.8452e-06
89	0.7584	0.24159	7.8568e-06	2.3385e-06
90	0.81499	0.185	8.0776e-06	1.7127e-06
91	0.83773	0.16226	7.9345e-06	1.4391e-06
92	0.86793	0.13206	7.86e-06	1.1153e-06
93	0.91223	0.087758	7.8605e-06	7.0367e-07
94	0.90446	0.095532	7.4067e-06	7.3385e-07
95	0.88067	0.11932	6.8553e-06	8.7875e-07
96	0.86443	0.13557	6.3648e-06	9.5099e-07
97	0.85255	0.14744	5.9353e-06	9.7871e-07
98	0.84559	0.15441	5.5349e-06	9.6576e-07
99	0.84277	0.15722	5.1538e-06	9.2206e-07
100	0.84299	0.157	4.8097e-06	8.5907e-07
101	0.8475	0.15249	4.4753e-06	7.7407e-07
102	0.8569	0.14309	4.1475e-06	6.6993e-07
103	0.8705	0.1295	3.848e-06	5.5539e-07
104	0.89081	0.10919	3.5513e-06	4.2657e-07
105	0.91782	0.082172	3.28e-06	2.9004e-07
106	0.95267	0.047325	3.0289e-06	1.4895e-07
107	0.96635	0.033651	2.7097e-06	9.2437e-08
108	0.98433	0.01567	2.406e-06	3.4919e-08
109	0.99135	0.0086473	2.0799e-06	1.3716e-08
110	0.9859	0.014096	2.0587e-06	2.6081e-08
111	0.98222	0.017777	2.0436e-06	3.4387e-08
112	0.97283	0.027172	2.0109e-06	5.5212e-08
113	0.96619	0.033808	1.9871e-06	6.9582e-08
114	0.96176	0.038236	1.9702e-06	7.8937e-08
115	0.91369	0.086309	1.8652e-06	1.7836e-07
116	0.88074	0.11926	1.7863e-06	2.4688e-07
117	0.85855	0.14145	1.7252e-06	2.9276e-07
118	0.84215	0.15784	1.6796e-06	3.2519e-07
119	0.83218	0.16782	1.6429e-06	3.441e-07
120	0.82729	0.17271	1.6122e-06	3.5218e-07
121	0.82543	0.17456	1.5898e-06	3.5365e-07
122	0.8265	0.1735	1.5753e-06	3.4898e-07
123	0.83055	0.16945	1.5684e-06	3.3826e-07
124	0.82538	0.17462	1.539e-06	3.4533e-07
125	0.82326	0.17674	1.5176e-06	3.4602e-07
126	0.82407	0.17592	1.5037e-06	3.4079e-07
127	0.82788	0.17212	1.4972e-06	3.2971e-07
128	0.83658	0.16342	1.4951e-06	3.0963e-07
129	0.85074	0.14925	1.4979e-06	2.8013e-07
130	0.87019	0.12981	1.5119e-06	2.4137e-07
131	0.87685	0.12315	1.4975e-06	2.2628e-07
132	0.88683	0.11317	1.4905e-06	2.0549e-07
133	0.90071	0.099293	1.4915e-06	1.7817e-07
134	0.92121	0.07879	1.4981e-06	1.4075e-07
135	0.94838	0.051619	1.5172e-06	9.2802e-08
136	0.95844	0.041559	1.5083e-06	7.443e-08
137	0.96082	0.039178	1.4881e-06	6.9179e-08
138	0.96529	0.034712	1.4732e-06	6.051e-08
139	0.96504	0.034955	1.4458e-06	5.9812e-08
140	0.96659	0.033411	1.4231e-06	5.6204e-08
141	0.97002	0.029981	1.4052e-06	4.9646e-08
142	0.97556	0.024442	1.3921e-06	3.9878e-08
143	0.98356	0.016436	1.3844e-06	2.6407e-08
144	0.99436	0.0056431	1.3821e-06	8.808e-09
145	0.99922	0.00077525	1.3652e-06	1.2076e-09
146	0.99981	0.00018522	1.3433e-06	2.8293e-10
147	0.99975	0.00024913	1.3216e-06	3.5625e-10
148	0.99868	0.0013208	1.2941e-06	1.8451e-09
149	0.99845	0.001546	1.2633e-06	2.197e-09
150	0.97921	0.020789	1.2154e-06	2.7505e-08
151	0.96447	0.035526	1.1754e-06	4.5842e-08
152	0.95341	0.046584	1.142e-06	5.871e-08
153	0.94633	0.053665	1.1096e-06	6.6357e-08
154	0.94186	0.058137	1.0821e-06	7.0376e-08
155	0.94049	0.059507	1.054e-06	7.0577e-08
156	0.94127	0.058725	1.0297e-06	6.8136e-08
157	0.94426	0.055739	1.0092e-06	6.3169e-08
158	0.94182	0.058182	9.7831e-07	6.418e-08
159	0.94154	0.058458	9.5112e-07	6.2658e-08
160	0.94341	0.056586	9.2733e-07	5.8817e-08
161	0.94742	0.05258	9.0644e-07	5.2836e-08
162	0.95394	0.046059	8.8892e-07	4.4472e-08
163	0.96321	0.036792	8.7453e-07	3.3653e-08
164	0.95902	0.040982	8.4327e-07	3.5604e-08
165	0.916	0.083996	7.7735e-07	6.8116e-08
166	0.88555	0.11445	7.1985e-07	8.8136e-08
167	0.86254	0.13745	6.7139e-07	9.9973e-08
168	0.80725	0.19275	5.9867e-07	1.3194e-07
169	0.76481	0.23519	5.4021e-07	1.5036e-07
170	0.73248	0.26752	4.9232e-07	1.5878e-07
171	0.71106	0.28894	4.497e-07	1.5801e-07
172	0.69554	0.30446	4.1284e-07	1.5195e-07
173	0.68621	0.31378	3.773e-07	1.4082e-07
174	0.68206	0.31794	3.4201e-07	1.2571e-07
175	0.68158	0.31842	3.0934e-07	1.0839e-07
176	0.66862	0.33138	3.3649e-07	1.3441e-07
177	0.66022	0.33978	3.6558e-07	1.5899e-07
178	0.65584	0.34416	3.97e-07	1.818e-07
179	0.6552	0.3448	4.3126e-07	2.0243e-07
180	0.65801	0.34199	4.6861e-07	2.2047e-07
181	0.61519	0.38481	4.6856e-07	2.7206e-07
182	0.58518	0.41482	4.7173e-07	3.1663e-07
183	0.56277	0.43723	4.7984e-07	3.5691e-07
184	0.50726	0.49274	4.5229e-07	4.2898e-07
185	0.4646	0.5354	4.3369e-07	4.9266e-07
186	0.43463	0.56537	4.2152e-07	5.4628e-07
187	0.41167	0.58833	4.1515e-07	5.9436e-07
188	0.39444	0.60556	4.1388e-07	6.3762e-07
189	0.38428	0.61572	4.1685e-07	6.7295e-07
190	0.37791	0.62209	4.2412e-07	7.0425e-07
191	0.3768	0.6232	4.3503e-07	7.2823e-07
192	0.3792	0.6208	4.5095e-07	7.4771e-07
193	0.38701	0.61299	4.7156e-07	7.5881e-07
194	0.40125	0.59875	4.9838e-07	7.6001e-07
195	0.42381	0.57619	5.3382e-07	7.4889e-07
196	0.45645	0.54354	5.801e-07	7.2331e-07
197	0.49843	0.50157	6.406e-07	6.8389e-07
198	0.55209	0.44791	7.1942e-07	6.2661e-07
199	0.62045	0.37955	8.2197e-07	5.4616e-07
200	0.64854	0.35146	8.6899e-07	5.1722e-07
201	0.68567	0.31433	9.3116e-07	4.741e-07
202	0.73424	0.26576	1.013e-06	4.1243e-07
203	0.75109	0.24891	1.0527e-06	3.9407e-07
204	0.77365	0.22635	1.1031e-06	3.659e-07
205	0.78026	0.21974	1.1262e-06	3.6097e-07
206	0.7906	0.2094	1.1567e-06	3.4972e-07
207	0.80707	0.19293	1.193e-06	3.285e-07
208	0.8295	0.1705	1.241e-06	2.9691e-07
209	0.82219	0.17781	1.2434e-06	3.1241e-07
210	0.81813	0.18187	1.2523e-06	3.2258e-07
211	0.75723	0.24277	1.1608e-06	4.2881e-07
212	0.70956	0.29044	1.092e-06	5.1332e-07
213	0.67246	0.32754	1.0415e-06	5.8064e-07
214	0.64384	0.35616	1.0057e-06	6.3424e-07
215	0.62441	0.37558	9.8072e-07	6.7305e-07
216	0.61026	0.38974	9.6555e-07	7.0294e-07
217	0.60059	0.39941	9.589e-07	7.2525e-07
218	0.59627	0.40373	9.5786e-07	7.3795e-07
219	0.59575	0.40425	9.6474e-07	7.4395e-07
220	0.59899	0.40101	9.7964e-07	7.4314e-07
221	0.58835	0.41164	9.7198e-07	7.6613e-07
222	0.55562	0.44438	9.2231e-07	8.2714e-07
223	0.53052	0.46948	8.8679e-07	8.7492e-07
224	0.51378	0.48622	8.6205e-07	9.0799e-07
225	0.50187	0.49813	8.4685e-07	9.3238e-07
226	0.46388	0.53612	7.8759e-07	1.0017e-06
227	0.43838	0.56162	7.4603e-07	1.0493e-06
228	0.42125	0.57875	7.1625e-07	1.0814e-06
229	0.41062	0.58938	6.9551e-07	1.1006e-06
230	0.40417	0.59583	6.8354e-07	1.1121e-06
231	0.40121	0.59879	6.7881e-07	1.1169e-06
232	0.40342	0.59658	6.8078e-07	1.1112e-06
233	0.40935	0.59065	6.9051e-07	1.0987e-06
234	0.41907	0.58093	7.0803e-07	1.0791e-06
235	0.43348	0.56652	7.3536e-07	1.0506e-06
236	0.45545	0.54455	7.7348e-07	1.0075e-06
237	0.4848	0.5152	8.2655e-07	9.5047e-07
238	0.49371	0.50629	8.3944e-07	9.2979e-07
239	0.50729	0.49271	8.6206e-07	9.0045e-07
240	0.52916	0.47083	8.9598e-07	8.558e-07
241	0.56103	0.43897	9.4337e-07	7.9375e-07
242	0.60289	0.3971	1.0095e-06	7.1417e-07
243	0.6565	0.3435	1.0974e-06	6.1377e-07
244	0.72484	0.27516	1.2129e-06	4.8687e-07
245	0.82355	0.17645	1.3733e-06	3.1066e-07
246	0.951	0.048995	1.5857e-06	8.411e-08
247	0.99708	0.0029159	1.6462e-06	4.6906e-09
248	0.99858	0.0014205	1.6237e-06	2.14e-09
249	0.99451	0.005488	1.5984e-06	7.9298e-09
250	0.96138	0.038616	1.5351e-06	5.3652e-08
251	0.93611	0.063889	1.4866e-06	8.6415e-08
252	0.9167	0.083297	1.4489e-06	1.0975e-07
253	0.90357	0.096426	1.4157e-06	1.2411e-07
254	0.89436	0.10564	1.3904e-06	1.3233e-07
255	0.88846	0.11154	1.3716e-06	1.3549e-07
256	0.82591	0.17409	1.4496e-06	2.8441e-07
257	0.77778	0.22222	1.5373e-06	4.3205e-07
258	0.74098	0.25902	1.6369e-06	5.7663e-07
259	0.71258	0.28742	1.7475e-06	7.1834e-07
260	0.69099	0.30901	1.8705e-06	8.5611e-07
261	0.67689	0.32311	1.998e-06	9.8202e-07
262	0.66874	0.33126	2.1312e-06	1.095e-06
263	0.66432	0.33568	2.2807e-06	1.1998e-06
264	0.66468	0.33532	2.4391e-06	1.2884e-06
265	0.66874	0.33125	2.6206e-06	1.3632e-06
266	0.67801	0.32198	2.8189e-06	1.4139e-06
267	0.69164	0.30835	3.0492e-06	1.4412e-06
268	0.69267	0.30732	3.2188e-06	1.5212e-06
269	0.6798	0.32019	3.3259e-06	1.6726e-06
270	0.67119	0.32881	3.4578e-06	1.8085e-06
271	0.6666	0.3334	3.6174e-06	1.9274e-06
272	0.64638	0.35362	3.6737e-06	2.1416e-06
273	0.63339	0.36661	3.7558e-06	2.3223e-06
274	0.62471	0.37529	3.8677e-06	2.4827e-06
275	0.62173	0.37826	4.0047e-06	2.6097e-06
276	0.62406	0.37594	4.1686e-06	2.7016e-06
277	0.63026	0.36973	4.3707e-06	2.7658e-06
278	0.62428	0.37571	4.4762e-06	2.9182e-06
279	0.62192	0.37807	4.6156e-06	3.0464e-06
280	0.62303	0.37696	4.7907e-06	3.149e-06
281	0.62795	0.37204	5.0085e-06	3.2203e-06
282	0.63699	0.363	5.2762e-06	3.2539e-06
283	0.65073	0.34926	5.6046e-06	3.2394e-06
284	0.67191	0.32808	6.0009e-06	3.1481e-06
285	0.69984	0.30015	6.4901e-06	2.976e-06
286	0.70921	0.29078	6.798e-06	2.9752e-06
287	0.72545	0.27454	7.1698e-06	2.9008e-06
288	0.75069	0.2493	7.6313e-06	2.727e-06
289	0.71411	0.28588	7.4159e-06	3.2195e-06
290	0.6859	0.31409	7.2915e-06	3.6326e-06
291	0.66493	0.33506	7.2503e-06	3.9758e-06
292	0.64946	0.35053	7.2747e-06	4.2657e-06
293	0.64081	0.35918	7.3597e-06	4.4853e-06
294	0.63623	0.36376	7.503e-06	4.6602e-06
295	0.63697	0.36302	7.6993e-06	4.7724e-06
296	0.64147	0.35852	7.9582e-06	4.8359e-06
297	0.64975	0.35023	8.2835e-06	4.8462e-06
298	0.66407	0.33592	8.6846e-06	4.7712e-06
299	0.68367	0.31632	9.1846e-06	4.611e-06
300	0.71016	0.28982	9.8179e-06	4.333e-06
301	0.74462	0.25536	1.0612e-05	3.9094e-06
302	0.79515	0.20483	1.1659e-05	3.2213e-06
303	0.8608	0.13919	1.3017e-05	2.2396e-06
304	0.88833	0.11166	1.3778e-05	1.8439e-06
305	0.92451	0.075473	1.4732e-05	1.2737e-06
306	0.9754	0.02458	1.5941e-05	4.3574e-07
307	0.96743	0.032549	1.6185e-05	5.8163e-07
308	0.96188	0.038107	1.6485e-05	6.8976e-07
309	0.95924	0.040741	1.6817e-05	7.5221e-07
310	0.95	0.04998	1.701e-05	9.4119e-07
311	0.94369	0.056288	1.7273e-05	1.0796e-06
312	0.94049	0.059492	1.7576e-05	1.1659e-06
313	0.93939	0.060592	1.7938e-05	1.212e-06
314	0.94123	0.058747	1.8341e-05	1.2027e-06
315	0.94537	0.054608	1.8816e-05	1.1432e-06
316	0.95207	0.047907	1.9372e-05	1.0241e-06
317	0.96307	0.036913	2.0008e-05	8.1119e-07
318	0.97773	0.022247	2.0759e-05	5.0378e-07
319	0.97747	0.022505	2.1171e-05	5.2059e-07
320	0.97875	0.021231	2.1643e-05	5.0142e-07
321	0.98202	0.017957	2.2146e-05	4.3658e-07
322	0.98716	0.012815	2.2722e-05	3.2247e-07
323	0.98855	0.011425	2.3239e-05	2.9407e-07
324	0.99125	0.0087284	2.3815e-05	2.3032e-07
325	0.99148	0.0084943	2.4358e-05	2.2688e-07
326	0.99319	0.0067878	2.492e-05	1.8626e-07
327	0.99646	0.0035161	2.5508e-05	1.0408e-07
328	0.99547	0.0045032	2.601e-05	1.3581e-07
329	0.99543	0.0045412	2.6566e-05	1.413e-07
330	0.9963	0.0036687	2.7178e-05	1.2019e-07
331	0.99582	0.0041495	2.778e-05	1.3939e-07
332	0.99646	0.0035072	2.8395e-05	1.265e-07
333	0.99823	0.0017364	2.9025e-05	7.9836e-08
334	0.99729	0.002677	2.9029e-05	1.011e-07
335	0.99736	0.0026077	2.9051e-05	9.2166e-08
336	0.99651	0.0034642	2.9031e-05	1.1425e-07
337	0.99667	0.0033051	2.903e-05	1.0673e-07
338	0.99771	0.0022574	2.9072e-05	7.1339e-08
339	0.99989	7.762e-05	2.9137e-05	2.4497e-09
340	0.99827	0.0017009	2.9052e-05	4.9234e-08
341	0.99763	0.0023454	2.8983e-05	6.8216e-08
342	0.99776	0.0022134	2.8953e-05	6.3858e-08
343	0.9941	0.0058676	2.88e-05	1.7001e-07
344	0.99182	0.0081528	2.8705e-05	2.3433e-07
345	0.99107	0.0089026	2.8641e-05	2.5578e-07
346	0.99175	0.0082162	2.8605e-05	2.3716e-07
347	0.99027	0.0097012	2.8522e-05	2.7978e-07
348	0.98993	0.010044	2.8488e-05	2.8794e-07
349	0.99099	0.0089832	2.8482e-05	2.5707e-07
350	0.99357	0.0064038	2.8507e-05	1.8433e-07
351	0.99752	0.0024503	2.8588e-05	7.0515e-08
352	0.99925	0.00071907	2.8592e-05	2.1702e-08
353	0.99908	0.00088942	2.8558e-05	2.7315e-08
354	0.99964	0.0003271	2.8534e-05	1.2184e-08
355	0.99927	0.00069902	2.8493e-05	2.8581e-08
356	0.99841	0.0015567	2.8446e-05	6.6853e-08
357	0.99831	0.0016606	2.8439e-05	7.9834e-08
358	0.99741	0.0025637	2.7897e-05	1.0009e-07
359	0.99731	0.0026617	2.7405e-05	9.5226e-08
360	0.99801	0.0019599	2.6961e-05	6.6347e-08
361	0.99797	0.0020028	2.6476e-05	6.3593e-08
362	0.99704	0.0029331	2.5992e-05	8.5775e-08
363	0.99697	0.003006	2.5557e-05	8.3882e-08
364	0.99788	0.0020959	2.5132e-05	5.7187e-08
365	0.99967	0.00030276	2.4752e-05	7.9132e-09
366	0.99991	6.7061e-05	2.4313e-05	1.6479e-09
367	0.99939	0.00058621	2.3836e-05	1.395e-08
368	0.99508	0.004897	2.3297e-05	1.1226e-07
369	0.99251	0.0074699	2.2784e-05	1.6867e-07
370	0.99139	0.0085848	2.229e-05	1.9106e-07
371	0.99162	0.0083627	2.181e-05	1.839e-07
372	0.99298	0.0070027	2.138e-05	1.5141e-07
373	0.99556	0.0044171	2.1001e-05	9.3017e-08
374	0.99642	0.0035576	2.0566e-05	7.3564e-08
375	0.99827	0.0017048	2.0176e-05	3.3913e-08
376	0.99902	0.00096108	1.9747e-05	1.842e-08
377	0.99911	0.00086861	1.9286e-05	1.6292e-08
378	0.99985	0.00013448	1.886e-05	1.8578e-09
379	0.99937	0.00061479	1.9009e-05	1.1082e-08
380	0.99848	0.0014961	1.9139e-05	2.8276e-08
381	0.99833	0.0016473	1.9296e-05	3.1234e-08
382	0.99906	0.00091594	1.9459e-05	1.7529e-08
383	0.99938	0.00060336	1.9602e-05	1.1933e-08
384	0.9994	0.00058419	1.9755e-05	1.175e-08
385	0.99924	0.00074302	1.9892e-05	1.5504e-08
386	0.99862	0.0013562	2.0033e-05	2.8668e-08
387	0.99871	0.0012703	2.0202e-05	2.7337e-08
388	0.9982	0.0017825	2.0372e-05	3.8443e-08
389	0.99853	0.0014485	2.0549e-05	3.2494e-08
390	0.99964	0.00034235	2.0757e-05	9.6777e-09
391	0.99821	0.0017666	2.0888e-05	5.2413e-08
392	0.9976	0.0023789	2.1053e-05	7.5412e-08
393	0.99795	0.0020319	2.1228e-05	7.6093e-08
394	0.99744	0.0025414	2.1e-05	8.3445e-08
395	0.99774	0.0022392	2.0808e-05	7.1155e-08
396	0.99887	0.001106	2.0651e-05	3.892e-08
397	0.99808	0.0019039	2.0428e-05	6.2317e-08
398	0.99803	0.001948	2.0237e-05	6.7553e-08
399	0.99712	0.0028626	2.0034e-05	9.9911e-08
400	0.99445	0.0055285	1.9184e-05	1.4486e-07
401	0.99293	0.007052	1.8396e-05	1.6304e-07
402	0.9927	0.0072837	1.7612e-05	1.5577e-07
403	0.99373	0.0062488	1.6829e-05	1.2618e-07
404	0.99298	0.0070008	1.605e-05	1.3044e-07
405	0.99329	0.0066969	1.5326e-05	1.1618e-07
406	0.99183	0.0081573	1.4553e-05	1.3074e-07
407	0.98706	0.012926	1.3769e-05	1.8872e-07
408	0.98401	0.015977	1.3049e-05	2.1642e-07
409	0.97379	0.026197	1.2225e-05	3.2852e-07
410	0.96648	0.033506	1.1483e-05	3.911e-07
411	0.96215	0.037836	1.0763e-05	4.1262e-07
412	0.95987	0.040115	1.0103e-05	4.0661e-07
413	0.95994	0.040053	9.4501e-06	3.7576e-07
414	0.96235	0.037643	8.7991e-06	3.2448e-07
415	0.96682	0.033168	8.194e-06	2.587e-07
416	0.97365	0.026337	7.6323e-06	1.7969e-07
417	0.97551	0.024483	7.0062e-06	1.4609e-07
418	0.97912	0.020872	6.4187e-06	1.0344e-07
419	0.97932	0.020674	6.3966e-06	1.0714e-07
420	0.98095	0.019046	6.389e-06	1.0184e-07
421	0.97902	0.020976	6.3663e-06	1.1711e-07
422	0.97861	0.02138	6.3598e-06	1.222e-07
423	0.97971	0.020281	6.3693e-06	1.1746e-07
424	0.98238	0.01761	6.3952e-06	1.0246e-07
425	0.98745	0.012545	6.4283e-06	7.3296e-08
426	0.99529	0.0046991	6.471e-06	2.8018e-08
427	0.99545	0.0045451	6.4744e-06	2.7675e-08
428	0.99681	0.0031883	6.4781e-06	1.9945e-08
429	0.99918	0.00081124	6.4941e-06	5.5006e-09
430	0.99785	0.0021395	7.027e-06	2.2696e-08
431	0.98659	0.013402	7.0737e-06	1.0739e-07
432	0.97818	0.021809	7.1479e-06	1.7238e-07
433	0.97229	0.027702	7.2487e-06	2.1964e-07
434	0.96919	0.030802	7.3603e-06	2.4777e-07
435	0.96847	0.031518	7.481e-06	2.5852e-07
436	0.96222	0.037773	7.5661e-06	3.1383e-07
437	0.9464	0.053588	7.5598e-06	4.5214e-07
438	0.93579	0.064204	7.5842e-06	5.522e-07
439	0.92922	0.070777	7.6323e-06	6.211e-07
440	0.92534	0.074655	7.7119e-06	6.6693e-07
441	0.92476	0.075235	7.8106e-06	6.857e-07
442	0.82231	0.17768	6.9325e-06	1.6738e-06
443	0.74167	0.25833	6.2587e-06	2.4648e-06
444	0.67942	0.32057	5.7581e-06	3.0903e-06
445	0.63517	0.36482	5.4006e-06	3.5662e-06
446	0.6008	0.39919	5.1394e-06	3.9524e-06
447	0.57707	0.42292	4.9638e-06	4.2466e-06
448	0.55973	0.44026	4.8547e-06	4.4815e-06
449	0.54966	0.45033	4.8049e-06	4.6505e-06
450	0.54386	0.45613	4.8023e-06	4.7795e-06
451	0.54193	0.45806	4.8437e-06	4.8718e-06
452	0.54376	0.45623	4.9288e-06	4.9279e-06
453	0.54918	0.45081	5.0572e-06	4.9477e-06
454	0.55882	0.44117	5.2379e-06	4.9232e-06
455	0.57329	0.4267	5.481e-06	4.8445e-06
456	0.59545	0.40453	5.8008e-06	4.6824e-06
457	0.60063	0.39936	5.9371e-06	4.697e-06
458	0.60997	0.39001	6.129e-06	4.6645e-06
459	0.62375	0.37624	6.3819e-06	4.5791e-06
460	0.62383	0.37616	6.4749e-06	4.6459e-06
461	0.6293	0.37069	6.6202e-06	4.653e-06
462	0.64028	0.3597	6.8205e-06	4.598e-06
463	0.63723	0.36275	6.8685e-06	4.7034e-06
464	0.63946	0.36053	6.9692e-06	4.7485e-06
465	0.64527	0.35472	7.1218e-06	4.7498e-06
466	0.63717	0.36281	7.113e-06	4.921e-06
467	0.63284	0.36715	7.1579e-06	5.047e-06
468	0.63335	0.36664	7.2532e-06	5.1154e-06
469	0.63874	0.36125	7.4012e-06	5.1238e-06
470	0.6483	0.35168	7.6137e-06	5.0771e-06
471	0.66492	0.33507	7.9073e-06	4.9415e-06
472	0.6675	0.33248	8.0142e-06	4.9847e-06
473	0.67392	0.32606	8.1828e-06	4.9759e-06
474	0.6843	0.31569	8.4157e-06	4.9118e-06
475	0.70188	0.29811	8.7354e-06	4.7528e-06
476	0.70401	0.29597	8.8602e-06	4.7979e-06
477	0.70962	0.29036	9.045e-06	4.7926e-06
478	0.72116	0.27883	9.3033e-06	4.7054e-06
479	0.73775	0.26224	9.6493e-06	4.5412e-06
480	0.76047	0.23952	1.0104e-05	4.28e-06
481	0.79021	0.20978	1.0685e-05	3.9023e-06
482	0.82865	0.17134	1.1428e-05	3.3745e-06
483	0.87794	0.12204	1.2377e-05	2.6521e-06
484	0.89521	0.10478	1.2853e-05	2.4168e-06
485	0.9203	0.079684	1.3448e-05	2.052e-06
486	0.92929	0.070693	1.3589e-05	1.7846e-06
487	0.93093	0.069053	1.3542e-05	1.6951e-06
488	0.93561	0.06437	1.3543e-05	1.5486e-06
489	0.94288	0.057103	1.3608e-05	1.3489e-06
490	0.93337	0.066614	1.3347e-05	1.4655e-06
491	0.92697	0.073019	1.3151e-05	1.53e-06
492	0.9231	0.076882	1.3007e-05	1.5524e-06
493	0.92157	0.078419	1.2911e-05	1.5364e-06
494	0.92301	0.076978	1.2853e-05	1.4738e-06
495	0.92758	0.072402	1.2837e-05	1.3614e-06
496	0.92514	0.074845	1.2714e-05	1.3659e-06
497	0.92564	0.074341	1.2627e-05	1.3269e-06
498	0.92852	0.071462	1.2589e-05	1.2493e-06
499	0.935	0.064983	1.2596e-05	1.1172e-06
500	0.94594	0.054046	1.2661e-05	9.1814e-07
501	0.96065	0.039339	1.2797e-05	6.5813e-07
502	0.95903	0.040962	1.2656e-05	6.6624e-07
503	0.95929	0.040693	1.2554e-05	6.4609e-07
504	0.96215	0.037834	1.2478e-05	5.9034e-07
505	0.96044	0.039542	1.2326e-05	6.0245e-07
506	0.9521	0.047892	1.2097e-05	7.0105e-07
507	0.94651	0.053482	1.1918e-05	7.6031e-07
508	0.94318	0.056805	1.178e-05	7.8812e-07
509	0.94281	0.057173	1.1671e-05	7.7895e-07
510	0.94511	0.054878	1.1585e-05	7.3678e-07
511	0.92759	0.072402	1.1242e-05	9.4397e-07
512	0.91444	0.085546	1.097e-05	1.0902e-06
513	0.90608	0.093911	1.0747e-05	1.178e-06
514	0.90158	0.098404	1.0563e-05	1.2188e-06
515	0.8998	0.10019	1.0425e-05	1.2247e-06
516	0.90128	0.098708	1.0315e-05	1.1932e-06
517	0.90545	0.094541	1.0248e-05	1.1294e-06
518	0.91382	0.086167	1.0218e-05	1.0202e-06
519	0.92698	0.073005	1.0229e-05	8.6178e-07
520	0.93037	0.069616	1.0139e-05	8.1406e-07
521	0.93744	0.062546	1.0078e-05	7.2835e-07
522	0.94772	0.052268	1.0062e-05	6.0788e-07
523	0.95012	0.049866	9.9693e-06	5.7465e-07
524	0.95477	0.04522	9.911e-06	5.1654e-07
525	0.9618	0.038193	9.8873e-06	4.3237e-07
526	0.97267	0.027315	9.8936e-06	3.1018e-07
527	0.97051	0.029476	9.7493e-06	3.3053e-07
528	0.96998	0.030009	9.6318e-06	3.3269e-07
529	0.97114	0.028855	9.5419e-06	3.1663e-07
530	0.97405	0.02594	9.4797e-06	2.8197e-07
531	0.97966	0.020326	9.4348e-06	2.216e-07
532	0.97517	0.024816	9.2952e-06	2.6418e-07
533	0.97313	0.026857	9.1714e-06	2.8258e-07
534	0.97275	0.027239	9.0738e-06	2.8363e-07
535	0.97392	0.026074	8.9998e-06	2.6904e-07
536	0.97679	0.023202	8.9512e-06	2.3747e-07
537	0.98155	0.018437	8.9298e-06	1.8714e-07
538	0.98941	0.010579	8.9281e-06	1.0898e-07
539	0.98282	0.017175	8.7961e-06	1.6947e-07
540	0.97823	0.021763	8.6917e-06	2.0969e-07
541	0.93214	0.067851	8.228e-06	6.1723e-07
542	0.89943	0.10056	7.8759e-06	9.0594e-07
543	0.87735	0.12264	7.6116e-06	1.0993e-06
544	0.8624	0.1376	7.405e-06	1.2279e-06
545	0.8516	0.14839	7.2464e-06	1.3154e-06
546	0.84436	0.15564	7.1283e-06	1.3689e-06
547	0.84026	0.15973	7.0457e-06	1.3933e-06
548	0.84008	0.15991	6.9892e-06	1.385e-06
549	0.84381	0.15618	6.9577e-06	1.3448e-06
550	0.85064	0.14935	6.9592e-06	1.2781e-06
551	0.86097	0.13903	6.9967e-06	1.1817e-06
552	0.87705	0.12295	7.0719e-06	1.041e-06
553	0.89838	0.10161	7.1971e-06	8.5652e-07
554	0.92617	0.073827	7.3831e-06	6.1773e-07
555	0.93711	0.062884	7.4175e-06	5.2352e-07
556	0.93024	0.069755	7.2989e-06	5.7549e-07
557	0.92594	0.074052	7.2092e-06	6.0498e-07
558	0.92398	0.076016	7.1456e-06	6.1472e-07
559	0.91292	0.087077	7.0195e-06	6.9325e-07
560	0.90619	0.093803	6.9197e-06	7.3878e-07
561	0.90338	0.096615	6.8424e-06	7.5455e-07
562	0.90315	0.096838	6.793e-06	7.4931e-07
563	0.90551	0.094484	6.771e-06	7.2354e-07
564	0.91135	0.088641	6.7676e-06	6.7237e-07
565	0.90926	0.090731	6.7111e-06	6.8039e-07
566	0.91061	0.089382	6.6723e-06	6.6361e-07
567	0.90389	0.096105	6.5818e-06	7.0461e-07
568	0.82228	0.17772	5.951e-06	1.2785e-06
569	0.76392	0.23607	5.4816e-06	1.6846e-06
570	0.72248	0.27751	5.1295e-06	1.9672e-06
571	0.62372	0.37627	4.359e-06	2.662e-06
572	0.5473	0.45269	3.7781e-06	3.1728e-06
573	0.49456	0.50543	3.3622e-06	3.5129e-06
574	0.45332	0.54667	3.0429e-06	3.7607e-06
575	0.42546	0.57453	2.8136e-06	3.9132e-06
576	0.40466	0.59533	2.6428e-06	4.0119e-06
577	0.39111	0.60888	2.518e-06	4.0595e-06
578	0.38178	0.61822	2.4276e-06	4.0768e-06
579	0.37614	0.62386	2.3663e-06	4.069e-06
580	0.35308	0.64692	2.1905e-06	4.1706e-06
581	0.33566	0.66433	2.0583e-06	4.2326e-06
582	0.32324	0.67676	1.9634e-06	4.2613e-06
583	0.28754	0.71246	1.7249e-06	4.4289e-06
584	0.26243	0.73756	1.5502e-06	4.528e-06
585	0.24354	0.75646	1.4208e-06	4.5858e-06
586	0.22963	0.77037	1.3266e-06	4.612e-06
587	0.2198	0.78019	1.2606e-06	4.6137e-06
588	0.21445	0.78555	1.2181e-06	4.5874e-06
589	0.21297	0.78702	1.1958e-06	4.5366e-06
590	0.21431	0.78569	1.192e-06	4.4708e-06
591	0.21853	0.78146	1.2069e-06	4.3897e-06
592	0.21219	0.7878	1.1604e-06	4.3654e-06
593	0.21023	0.78977	1.1356e-06	4.315e-06
594	0.21196	0.78803	1.1285e-06	4.2425e-06
595	0.21759	0.78241	1.1391e-06	4.148e-06
596	0.22655	0.77344	1.1688e-06	4.0378e-06
597	0.23911	0.76088	1.2185e-06	3.9106e-06
598	0.2588	0.7412	1.299e-06	3.748e-06
599	0.2882	0.71179	1.4199e-06	3.5404e-06
600	0.32972	0.67027	1.5886e-06	3.2804e-06
601	0.38354	0.61646	1.8142e-06	2.9675e-06
602	0.45867	0.54133	2.1207e-06	2.5686e-06
603	0.55562	0.44437	2.523e-06	2.0783e-06
604	0.56431	0.43569	2.5077e-06	2.0003e-06
605	0.57733	0.42267	2.5141e-06	1.9044e-06
606	0.59541	0.40459	2.5449e-06	1.7881e-06
607	0.59856	0.40143	2.5034e-06	1.7385e-06
608	0.60568	0.39432	2.4826e-06	1.6726e-06
609	0.6169	0.38309	2.4815e-06	1.5906e-06
610	0.63492	0.36508	2.5008e-06	1.4831e-06
611	0.66167	0.33832	2.5453e-06	1.3451e-06
612	0.69713	0.30287	2.6243e-06	1.1769e-06
613	0.7491	0.2509	2.7508e-06	9.5561e-07
614	0.81659	0.1834	2.9325e-06	6.8361e-07
615	0.90397	0.096025	3.184e-06	3.4653e-07
616	0.91452	0.085477	3.1384e-06	3.0034e-07
617	0.92893	0.071066	3.1092e-06	2.4207e-07
618	0.94998	0.050018	3.0928e-06	1.651e-07
619	0.95707	0.042931	3.0321e-06	1.3676e-07
620	0.96851	0.03149	2.9771e-06	9.6555e-08
621	0.98582	0.014182	2.9304e-06	4.1707e-08
622	0.98262	0.017375	2.8147e-06	4.9415e-08
623	0.98092	0.019073	2.7086e-06	5.2129e-08
624	0.98114	0.018862	2.6013e-06	4.956e-08
625	0.98329	0.016711	2.4924e-06	4.2267e-08
626	0.98707	0.012927	2.3923e-06	3.1313e-08
627	0.99273	0.007265	2.3008e-06	1.6569e-08
628	0.98685	0.013148	2.1768e-06	2.8519e-08
629	0.9828	0.017202	2.0622e-06	3.5184e-08
630	0.98091	0.019084	1.9465e-06	3.6827e-08
631	0.98096	0.019042	1.8284e-06	3.455e-08
632	0.98246	0.017542	1.7178e-06	2.9635e-08
633	0.98543	0.014569	1.6133e-06	2.2545e-08
634	0.97966	0.020336	1.4993e-06	2.8742e-08
635	0.97651	0.023488	1.3841e-06	3.0279e-08
636	0.97556	0.024443	1.2662e-06	2.8405e-08
637	0.97652	0.023483	1.1451e-06	2.4141e-08
638	0.97911	0.020892	1.0298e-06	1.8375e-08
639	0.98339	0.016604	9.1918e-07	1.1602e-08
640	0.98422	0.015777	9.5654e-07	1.2324e-08
641	0.98648	0.013518	9.9665e-07	1.1595e-08
642	0.99023	0.0097693	1.0395e-06	9.1904e-09
643	0.98736	0.012642	1.0715e-06	1.332e-08
644	0.97927	0.020729	1.0985e-06	2.3969e-08
645	0.97415	0.025849	1.124e-06	3.1666e-08
646	0.97144	0.028559	1.1479e-06	3.6716e-08
647	0.97047	0.029531	1.1753e-06	3.9615e-08
648	0.97155	0.028447	1.201e-06	3.9962e-08
649	0.97428	0.025714	1.2301e-06	3.8021e-08
650	0.97966	0.020336	1.2582e-06	3.2591e-08
651	0.98741	0.012587	1.2913e-06	2.3639e-08
652	0.96651	0.03349	1.424e-06	5.928e-08
653	0.95252	0.047473	1.5542e-06	9.0532e-08
654	0.94235	0.057645	1.6933e-06	1.1911e-07
655	0.93516	0.064837	1.8412e-06	1.4499e-07
656	0.93161	0.068387	1.9874e-06	1.6534e-07
657	0.93041	0.069584	2.1449e-06	1.8123e-07
658	0.93206	0.067933	2.3025e-06	1.9029e-07
659	0.93596	0.06404	2.473e-06	1.9256e-07
660	0.94248	0.057522	2.6603e-06	1.8556e-07
661	0.94215	0.057849	2.835e-06	1.9801e-07
662	0.94474	0.055256	3.0115e-06	2.0103e-07
663	0.9506	0.049398	3.1924e-06	1.9204e-07
664	0.95929	0.040711	3.3938e-06	1.7027e-07
665	0.97239	0.027603	3.6073e-06	1.2915e-07
666	0.9777	0.022293	3.7858e-06	1.1534e-07
667	0.97875	0.021243	3.9399e-06	1.1875e-07
668	0.98131	0.018687	4.1081e-06	1.1496e-07
669	0.98019	0.019803	4.265e-06	1.2973e-07
670	0.96132	0.038677	4.2946e-06	2.6394e-07
671	0.94881	0.051183	4.3489e-06	3.6577e-07
672	0.94067	0.059325	4.4193e-06	4.4436e-07
673	0.91799	0.082007	4.2665e-06	5.4328e-07
674	0.90242	0.097579	4.1425e-06	6.0742e-07
675	0.89096	0.10903	4.0451e-06	6.4944e-07
676	0.88299	0.11701	3.9702e-06	6.7336e-07
677	0.87937	0.12063	3.9098e-06	6.7657e-07
678	0.87962	0.12038	3.8618e-06	6.613e-07
679	0.88343	0.11657	3.8246e-06	6.2939e-07
680	0.89032	0.10968	3.8072e-06	5.8263e-07
681	0.88897	0.11102	3.7427e-06	5.7716e-07
682	0.89032	0.10968	3.6958e-06	5.5894e-07
683	0.89426	0.10574	3.6651e-06	5.2875e-07
684	0.90101	0.098981	3.6513e-06	4.8571e-07
685	0.91097	0.089024	3.6562e-06	4.2813e-07
686	0.92681	0.073187	3.6798e-06	3.4571e-07
687	0.95062	0.049377	3.7296e-06	2.3108e-07
688	0.98191	0.018086	3.8161e-06	8.4405e-08
689	0.99439	0.0056084	3.8191e-06	2.593e-08
690	0.99901	0.00098271	3.7894e-06	4.3399e-09
691	0.99828	0.0017191	3.7294e-06	6.8516e-09
692	0.99839	0.0016052	3.6667e-06	6.1912e-09
693	0.99926	0.00073216	3.6115e-06	2.6749e-09
694	0.99627	0.0037227	3.5364e-06	1.2949e-08
695	0.99475	0.0052434	3.4604e-06	1.7919e-08
696	0.99443	0.0055691	3.3827e-06	1.8722e-08
697	0.99234	0.007658	3.2931e-06	2.5469e-08
698	0.99138	0.0086141	3.212e-06	2.802e-08
699	0.99176	0.0082385	3.1292e-06	2.6311e-08
700	0.98983	0.010163	3.0441e-06	3.164e-08
701	0.98949	0.01051	2.9578e-06	3.2033e-08
702	0.98658	0.013412	2.8579e-06	4.0117e-08
703	0.98513	0.014871	2.7676e-06	4.3329e-08
704	0.98502	0.014981	2.6859e-06	4.2389e-08
705	0.98625	0.01375	2.6122e-06	3.7668e-08
706	0.98922	0.010774	2.5371e-06	2.8738e-08
707	0.99385	0.0061441	2.4701e-06	1.5902e-08
708	0.99543	0.0045684	2.3989e-06	1.1319e-08
709	0.99553	0.0044651	2.3183e-06	1.061e-08
710	0.98937	0.010625	2.2179e-06	2.418e-08
711	0.98506	0.014942	2.1262e-06	3.2484e-08
712	0.94959	0.050409	1.9642e-06	1.053e-07
713	0.92202	0.077974	1.8286e-06	1.5506e-07
714	0.90353	0.096469	1.7088e-06	1.8333e-07
715	0.89115	0.10885	1.5982e-06	1.9718e-07
716	0.88262	0.11738	1.5005e-06	2.017e-07
717	0.87719	0.12281	1.4127e-06	1.9941e-07
718	0.87455	0.12545	1.3331e-06	1.9173e-07
719	0.8758	0.1242	1.2543e-06	1.7786e-07
720	0.88074	0.11926	1.1753e-06	1.5912e-07
721	0.88893	0.11107	1.1029e-06	1.3711e-07
722	0.90065	0.09935	1.0358e-06	1.1234e-07
723	0.91655	0.083444	9.7397e-07	8.492e-08
724	0.9397	0.060303	9.1126e-07	5.3377e-08
725	0.97017	0.029833	8.5416e-07	1.9148e-08
726	0.98359	0.016412	9.1358e-07	1.1587e-08
727	0.98349	0.016504	9.6567e-07	1.2963e-08
728	0.98522	0.014777	1.0149e-06	1.2628e-08
729	0.98847	0.011532	1.0675e-06	1.0529e-08
730	0.99409	0.0059065	1.1181e-06	5.7487e-09
731	0.99336	0.0066371	1.1644e-06	6.9828e-09
732	0.99014	0.0098592	1.2094e-06	1.1136e-08
733	0.98218	0.017815	1.2436e-06	2.1491e-08
734	0.97712	0.02288	1.2763e-06	2.8862e-08
735	0.97389	0.026107	1.3127e-06	3.404e-08
736	0.96457	0.035432	1.3359e-06	4.7869e-08
737	0.95869	0.041304	1.3587e-06	5.7547e-08
738	0.95564	0.044361	1.3809e-06	6.3532e-08
739	0.9546	0.0454	1.4077e-06	6.6535e-08
740	0.94777	0.052233	1.421e-06	7.8418e-08
741	0.94408	0.055922	1.4344e-06	8.5805e-08
742	0.93084	0.069159	1.4341e-06	1.0821e-07
743	0.92118	0.078818	1.4407e-06	1.2518e-07
744	0.91456	0.085441	1.4534e-06	1.3744e-07
745	0.91144	0.088562	1.4671e-06	1.4433e-07
746	0.91148	0.088521	1.4814e-06	1.4611e-07
747	0.91387	0.086125	1.5013e-06	1.4374e-07
748	0.91966	0.080339	1.5225e-06	1.3564e-07
749	0.92835	0.071652	1.5506e-06	1.2221e-07
750	0.94178	0.058219	1.5822e-06	1.0069e-07
751	0.94543	0.054572	1.5993e-06	9.5188e-08
752	0.95257	0.047432	1.6176e-06	8.3732e-08
753	0.96279	0.037205	1.6436e-06	6.6523e-08
754	0.97651	0.023486	1.6779e-06	4.2613e-08
755	0.99481	0.0051843	1.7231e-06	9.6616e-09
756	0.99429	0.0057089	1.7295e-06	1.0704e-08
757	0.95753	0.042465	1.6719e-06	7.7409e-08
758	0.92944	0.070562	1.6322e-06	1.2818e-07
759	0.86326	0.13674	1.5173e-06	2.497e-07
760	0.81606	0.18394	1.4308e-06	3.3828e-07
761	0.77997	0.22003	1.3676e-06	4.0536e-07
762	0.75211	0.24789	1.3213e-06	4.5678e-07
763	0.73094	0.26906	1.2887e-06	4.9571e-07
764	0.71772	0.28227	1.2661e-06	5.2036e-07
765	0.70904	0.29096	1.2535e-06	5.3643e-07
766	0.70584	0.29416	1.2469e-06	5.4219e-07
767	0.68907	0.31093	1.2116e-06	5.7223e-07
768	0.67711	0.32289	1.187e-06	5.9281e-07
769	0.67073	0.32926	1.1689e-06	6.027e-07
770	0.66819	0.33181	1.1596e-06	6.0526e-07
771	0.65165	0.34835	1.1216e-06	6.3225e-07
772	0.60982	0.39018	1.1562e-06	8.9691e-07
773	0.57799	0.422	1.1994e-06	1.1629e-06
774	0.55364	0.44636	1.2506e-06	1.4298e-06
775	0.53747	0.46252	1.3076e-06	1.684e-06
776	0.52639	0.4736	1.3783e-06	1.9343e-06
777	0.51968	0.48032	1.4639e-06	2.1801e-06
778	0.49237	0.50763	1.4006e-06	2.2726e-06
779	0.47391	0.52608	1.3592e-06	2.3389e-06
780	0.46086	0.53913	1.3368e-06	2.3887e-06
781	0.45417	0.54582	1.331e-06	2.4175e-06
782	0.45135	0.54865	1.3404e-06	2.4335e-06
783	0.45332	0.54668	1.3633e-06	2.4318e-06
784	0.43958	0.56042	1.332e-06	2.4868e-06
785	0.43174	0.56826	1.3168e-06	2.5214e-06
786	0.42755	0.57244	1.3161e-06	2.5437e-06
787	0.42679	0.5732	1.3296e-06	2.554e-06
788	0.43131	0.56868	1.359e-06	2.5438e-06
789	0.43981	0.56018	1.4061e-06	2.5186e-06
790	0.45284	0.54715	1.474e-06	2.4751e-06
791	0.47124	0.52876	1.5674e-06	2.409e-06
792	0.4962	0.5038	1.6927e-06	2.3138e-06
793	0.52933	0.47067	1.8589e-06	2.1806e-06
794	0.57277	0.42723	2.0781e-06	1.9974e-06
795	0.62832	0.37167	2.3615e-06	1.7529e-06
796	0.70609	0.2939	2.7418e-06	1.4067e-06
797	0.73557	0.26443	2.9098e-06	1.2764e-06
798	0.77371	0.22628	3.1266e-06	1.1007e-06
799	0.772	0.228	3.1512e-06	1.1118e-06
800	0.75856	0.24143	3.118e-06	1.1749e-06
801	0.7496	0.25039	3.1082e-06	1.2187e-06
802	0.74601	0.25398	3.1157e-06	1.2397e-06
803	0.74732	0.25267	3.1393e-06	1.239e-06
804	0.75218	0.24781	3.1836e-06	1.2215e-06
805	0.76091	0.23909	3.2507e-06	1.1853e-06
806	0.77406	0.22593	3.3443e-06	1.1265e-06
807	0.77559	0.22441	3.3768e-06	1.1233e-06
808	0.73648	0.26351	3.2149e-06	1.3089e-06
809	0.70917	0.29083	3.0989e-06	1.4432e-06
810	0.68889	0.31111	3.0203e-06	1.5441e-06
811	0.67399	0.32601	2.9701e-06	1.62e-06
812	0.66574	0.33426	2.9445e-06	1.6659e-06
813	0.66124	0.33876	2.94e-06	1.6941e-06
814	0.66152	0.33847	2.9527e-06	1.6999e-06
815	0.66552	0.33447	2.9873e-06	1.6877e-06
816	0.67349	0.3265	3.0457e-06	1.6556e-06
817	0.68563	0.31436	3.1291e-06	1.6019e-06
818	0.7055	0.29449	3.2452e-06	1.5101e-06
819	0.7318	0.26819	3.3996e-06	1.3836e-06
820	0.76954	0.23046	3.6055e-06	1.2003e-06
821	0.81885	0.18115	3.8797e-06	9.5295e-07
822	0.88181	0.11819	4.236e-06	6.2753e-07
823	0.9062	0.093794	4.399e-06	4.9964e-07
824	0.94215	0.057842	4.616e-06	3.1151e-07
825	0.9882	0.011799	4.8972e-06	6.3687e-08
826	0.98892	0.01108	4.928e-06	5.9802e-08
827	0.99131	0.0086811	4.9609e-06	4.748e-08
828	0.99511	0.0048841	5.0061e-06	2.7425e-08
829	0.9938	0.0061983	5.0295e-06	3.4386e-08
830	0.99349	0.0065036	5.063e-06	3.5964e-08
831	0.99418	0.0058172	5.1066e-06	3.2144e-08
832	0.99313	0.0068637	5.1461e-06	3.7417e-08
833	0.99333	0.0066657	5.1856e-06	3.638e-08
834	0.99455	0.0054474	5.2358e-06	2.9642e-08
835	0.99429	0.0056999	5.2712e-06	3.1033e-08
836	0.99504	0.0049549	5.3177e-06	2.6845e-08
837	0.99712	0.0028711	5.3648e-06	1.5523e-08
838	0.99582	0.0041757	5.3867e-06	2.2696e-08
839	0.99562	0.004375	5.4082e-06	2.4074e-08
840	0.99635	0.0036438	5.4404e-06	2.0167e-08
841	0.99601	0.0039805	5.4601e-06	2.23e-08
842	0.99655	0.0034455	5.4896e-06	1.9446e-08
843	0.99799	0.0020087	5.5294e-06	1.1334e-08
844	0.99669	0.0033051	5.5475e-06	1.8697e-08
845	0.99644	0.0035561	5.5649e-06	2.0394e-08
846	0.9947	0.0052901	5.5796e-06	3.0393e-08
847	0.99398	0.0060117	5.6053e-06	3.4506e-08
848	0.99452	0.0054723	5.6312e-06	3.1682e-08
849	0.99606	0.0039335	5.6682e-06	2.2873e-08
850	0.9963	0.0036945	5.6908e-06	2.1718e-08
851	0.99742	0.002571	5.7238e-06	1.5253e-08
852	0.99949	0.00050007	5.7678e-06	2.9688e-09
853	0.99966	0.00033868	5.794e-06	2.0517e-09
854	0.99973	0.00026115	5.8256e-06	1.611e-09
855	0.99893	0.0010665	5.8577e-06	6.4877e-09
856	0.99726	0.0027382	5.8779e-06	1.695e-08
857	0.99665	0.0033475	5.8978e-06	2.1237e-08
858	0.99688	0.0031189	5.9282e-06	2.0306e-08
859	0.99097	0.0090204	5.9118e-06	5.9697e-08
860	0.98684	0.01315	5.9123e-06	8.7449e-08
861	0.98425	0.015741	5.9281e-06	1.052e-07
862	0.98306	0.016936	5.9583e-06	1.1393e-07
863	0.98326	0.016739	6.0036e-06	1.1354e-07
864	0.98486	0.015134	6.0645e-06	1.0374e-07
865	0.98789	0.0121	6.141e-06	8.4047e-08
866	0.99262	0.00737	6.236e-06	5.2149e-08
867	0.99936	0.00063854	6.3527e-06	5.2046e-09
868	0.9981	0.001896	6.36e-06	1.2913e-08
869	0.99782	0.002177	6.3664e-06	1.4537e-08
870	0.99663	0.003366	6.3602e-06	2.2276e-08
871	0.99648	0.003518	6.354e-06	2.3497e-08
872	0.99721	0.002788	6.3598e-06	1.882e-08
873	0.99883	0.0011656	6.377e-06	8.1462e-09
874	0.99822	0.0017761	6.3849e-06	1.2291e-08
875	0.99668	0.0033097	6.3792e-06	2.3048e-08
876	0.99609	0.0039043	6.3861e-06	2.7383e-08
877	0.99409	0.005908	6.3759e-06	4.1866e-08
878	0.9886	0.011394	6.3478e-06	8.0414e-08
879	0.85248	0.14751	5.3791e-06	1.0521e-06
880	0.75798	0.24202	4.6869e-06	1.7408e-06
881	0.68492	0.31508	4.1635e-06	2.2659e-06
882	0.62859	0.37141	3.7694e-06	2.6668e-06
883	0.58455	0.41544	3.4682e-06	2.9788e-06
884	0.55098	0.44902	3.2455e-06	3.2171e-06
885	0.52519	0.4748	3.08e-06	3.402e-06
886	0.50616	0.49383	2.9641e-06	3.5418e-06
887	0.49266	0.50733	2.8887e-06	3.6456e-06
888	0.48382	0.51617	2.8475e-06	3.7195e-06
889	0.4788	0.5212	2.8344e-06	3.7692e-06
890	0.47756	0.52243	2.8501e-06	3.7947e-06
891	0.48004	0.51995	2.8946e-06	3.7957e-06
892	0.46975	0.53025	2.849e-06	3.8815e-06
893	0.46538	0.53461	2.8364e-06	3.9289e-06
894	0.46451	0.53549	2.8508e-06	3.9534e-06
895	0.46847	0.53152	2.8927e-06	3.9452e-06
896	0.47613	0.52387	2.9641e-06	3.9115e-06
897	0.49039	0.5096	3.0753e-06	3.8326e-06
898	0.51315	0.48684	3.2383e-06	3.6965e-06
899	0.54355	0.45645	3.4611e-06	3.5053e-06
900	0.58282	0.41717	3.7546e-06	3.2477e-06
901	0.59551	0.40449	3.8684e-06	3.1742e-06
902	0.61622	0.38377	4.0329e-06	3.0443e-06
903	0.64656	0.35343	4.2585e-06	2.8477e-06
904	0.68982	0.31017	4.566e-06	2.5635e-06
905	0.7462	0.2538	4.9774e-06	2.1808e-06
906	0.82783	0.17216	5.5531e-06	1.6276e-06
907	0.85858	0.14142	5.7861e-06	1.4223e-06
908	0.87086	0.12914	5.8786e-06	1.351e-06
909	0.88791	0.11209	6.0138e-06	1.243e-06
910	0.91041	0.089588	6.197e-06	1.0926e-06
911	0.83404	0.16595	5.5473e-06	1.5473e-06
912	0.77948	0.22051	5.0488e-06	1.843e-06
913	0.7408	0.25919	4.6582e-06	2.0234e-06
914	0.71089	0.2891	4.3458e-06	2.1338e-06
915	0.69125	0.30874	4.0956e-06	2.1742e-06
916	0.67928	0.32071	3.8892e-06	2.1632e-06
917	0.67145	0.32855	3.7188e-06	2.1242e-06
918	0.66864	0.33135	3.5723e-06	2.0542e-06
919	0.6695	0.33049	3.4547e-06	1.9639e-06
920	0.67571	0.32429	3.3578e-06	1.8454e-06
921	0.66958	0.33042	3.1876e-06	1.7931e-06
922	0.66726	0.33274	3.0458e-06	1.721e-06
923	0.67014	0.32986	2.9216e-06	1.6239e-06
924	0.67805	0.32194	2.8114e-06	1.5057e-06
925	0.69012	0.30987	2.7224e-06	1.3741e-06
926	0.70989	0.2901	2.651e-06	1.2173e-06
927	0.73607	0.26393	2.6028e-06	1.0451e-06
928	0.77363	0.22637	2.575e-06	8.4537e-07
929	0.82271	0.17728	2.5788e-06	6.2262e-07
930	0.8865	0.1135	2.6186e-06	3.7249e-07
931	0.91424	0.085754	2.5098e-06	2.6284e-07
932	0.95065	0.049347	2.4222e-06	1.4075e-07
933	0.99725	0.002745	2.3541e-06	6.9822e-09
934	0.99671	0.0032909	2.1594e-06	7.2662e-09
935	0.99702	0.002974	1.9747e-06	5.5996e-09
936	0.99844	0.0015626	1.7839e-06	2.1568e-09
937	0.99745	0.0025501	1.8183e-06	4.296e-09
938	0.98779	0.012212	1.8383e-06	2.3297e-08
939	0.98137	0.018632	1.8589e-06	3.6869e-08
940	0.92927	0.070729	1.7785e-06	1.4665e-07
941	0.88924	0.11076	1.7239e-06	2.3291e-07
942	0.85813	0.14187	1.6884e-06	3.0204e-07
943	0.8342	0.1658	1.6685e-06	3.574e-07
944	0.818	0.182	1.6586e-06	3.9824e-07
945	0.80777	0.19223	1.6561e-06	4.2713e-07
