#coord	neutral	conserved	gBGC.neutral	gBGC.conserved
1	0.83651	0.16259	0.00075404	0.00014783
2	0.84275	0.15635	0.0007573	0.00014178
3	0.85111	0.148	0.00076247	0.00013384
4	0.86214	0.13697	0.00076996	0.00012356
5	0.87616	0.12294	0.00078002	0.0001107
6	0.89353	0.10559	0.00079293	9.4984e-05
7	0.91398	0.085135	0.00080852	7.6596e-05
8	0.91954	0.079573	0.00081088	7.1465e-05
9	0.92692	0.072205	0.00081483	6.4753e-05
10	0.92576	0.073365	0.00081118	6.563e-05
11	0.91426	0.084862	0.00079841	7.5647e-05
12	0.90499	0.094141	0.0007877	8.3625e-05
13	0.89803	0.1011	0.00077905	8.9532e-05
14	0.89284	0.1063	0.000772	9.3845e-05
15	0.8894	0.10974	0.00076655	9.6586e-05
16	0.872	0.12714	0.00074892	0.00011149
17	0.81775	0.18139	0.0006994	0.0001583
18	0.77102	0.22812	0.00065678	0.00019822
19	0.73047	0.26868	0.00061981	0.00023251
20	0.69654	0.30261	0.00058869	0.00026095
21	0.66758	0.33157	0.00056205	0.00028491
22	0.64372	0.35544	0.00053986	0.00030442
23	0.62341	0.37575	0.00052086	0.00032075
24	0.60649	0.39267	0.00050489	0.00033406
25	0.59262	0.40654	0.00049161	0.0003447
26	0.58135	0.41781	0.00048061	0.00035307
27	0.57302	0.42615	0.00047209	0.00035895
28	0.5674	0.43178	0.00046583	0.00036256
29	0.56398	0.4352	0.00046146	0.0003643
30	0.56308	0.4361	0.00045916	0.00036396
31	0.56428	0.4349	0.00045862	0.00036186
32	0.56762	0.43156	0.00045985	0.00035801
33	0.57316	0.42602	0.0004629	0.00035236
34	0.56202	0.43716	0.00045235	0.00036032
35	0.55385	0.44534	0.00044424	0.00036583
36	0.548	0.45119	0.00043809	0.0003694
37	0.54475	0.45444	0.00043403	0.00037086
38	0.5435	0.4557	0.00043161	0.00037069
39	0.54434	0.45486	0.00043092	0.00036882
40	0.5473	0.4519	0.00043193	0.00036525
41	0.5523	0.4469	0.00043459	0.00036005
42	0.55958	0.43963	0.00043905	0.00035305
43	0.56928	0.42993	0.00044544	0.00034415
44	0.58161	0.4176	0.00045389	0.00033319
45	0.59681	0.4024	0.0004646	0.00032
46	0.61521	0.38401	0.00047779	0.00030433
47	0.63785	0.36137	0.0004942	0.00028543
48	0.66531	0.33391	0.00051423	0.0002629
49	0.69752	0.30171	0.00053791	0.00023674
50	0.73478	0.26444	0.00056543	0.00020674
51	0.77924	0.21999	0.00059833	0.00017137
52	0.83087	0.16836	0.00063666	0.00013057
53	0.84767	0.15157	0.00064773	0.00011704
54	0.83605	0.16319	0.00063689	0.00012542
55	0.82717	0.17207	0.00062815	0.00013169
56	0.82078	0.17846	0.00062131	0.00013604
57	0.81632	0.18293	0.00061599	0.00013889
58	0.81411	0.18514	0.00061236	0.00014003
59	0.81406	0.18519	0.00061034	0.00013955
60	0.81617	0.18308	0.00060992	0.00013747
61	0.82022	0.17903	0.00061095	0.00013394
62	0.82629	0.17297	0.00061351	0.00012891
63	0.83485	0.16441	0.00061787	0.00012206
64	0.84613	0.15314	0.00062416	0.00011326
65	0.86041	0.13885	0.00063259	0.00010232
66	0.87747	0.1218	0.00064302	8.939e-05
67	0.89838	0.10089	0.00065616	7.374e-05
68	0.90342	0.095851	0.00065763	6.9773e-05
69	0.91055	0.088723	0.00066056	6.4325e-05
70	0.91996	0.079313	0.00066509	5.7273e-05
71	0.93192	0.067359	0.00067138	4.8449e-05
72	0.94675	0.052533	0.00067964	3.764e-05
73	0.9503	0.048986	0.00067975	3.4978e-05
74	0.95553	0.04376	0.00068101	3.1147e-05
75	0.96227	0.037022	0.00068334	2.6258e-05
76	0.96242	0.036873	0.00068096	2.6068e-05
77	0.96391	0.035384	0.0006795	2.4941e-05
78	0.96657	0.032723	0.00067888	2.2991e-05
79	0.96385	0.035453	0.00067446	2.4834e-05
80	0.96235	0.036956	0.00067093	2.5799e-05
81	0.96204	0.037262	0.00066826	2.5918e-05
82	0.95507	0.04424	0.00066096	3.0664e-05
83	0.93366	0.06565	0.00064367	4.5371e-05
84	0.91558	0.083737	0.00062884	5.7652e-05
85	0.90089	0.098425	0.00061639	6.7528e-05
86	0.88918	0.11013	0.00060603	7.5306e-05
87	0.88009	0.11923	0.00059748	8.1257e-05
88	0.87308	0.12624	0.00059043	8.5729e-05
89	0.8683	0.13103	0.0005849	8.8671e-05
90	0.86558	0.13375	0.00058076	9.0209e-05
91	0.86485	0.13449	0.00057794	9.041e-05
92	0.86576	0.13358	0.00057625	8.95e-05
93	0.85491	0.14442	0.00056669	9.645e-05
94	0.8182	0.18114	0.00053997	0.00012057
95	0.78678	0.21256	0.00051701	0.00014094
96	0.7607	0.23864	0.0004977	0.00015766
97	0.73865	0.2607	0.00048122	0.00017156
98	0.72069	0.27866	0.0004675	0.00018268
99	0.70633	0.29302	0.00045619	0.00019139
100	0.69461	0.30474	0.0004467	0.00019828
101	0.68588	0.31347	0.00043918	0.0002032
102	0.6799	0.31946	0.00043345	0.00020632
103	0.676	0.32336	0.00042911	0.00020806
104	0.67455	0.32482	0.00042633	0.00020823
105	0.67507	0.3243	0.00042483	0.00020714
106	0.6777	0.32167	0.00042468	0.0002047
107	0.68235	0.31702	0.00042581	0.00020099
108	0.68925	0.31012	0.00042835	0.00019589
109	0.68124	0.31814	0.00042152	0.00020015
110	0.6754	0.32398	0.00041612	0.00020299
111	0.67177	0.32762	0.00041213	0.00020443
112	0.64834	0.35105	0.00039591	0.00021809
113	0.62843	0.37096	0.00038201	0.00022945
114	0.61187	0.38752	0.00037029	0.00023863
115	0.59832	0.40107	0.00036053	0.00024588
116	0.58798	0.41142	0.00035274	0.00025113
117	0.58054	0.41886	0.00034673	0.0002546
118	0.57526	0.42414	0.00034207	0.00025672
119	0.57256	0.42685	0.00033896	0.00025729
120	0.57236	0.42705	0.00033734	0.00025637
121	0.57428	0.42513	0.00033699	0.00025418
122	0.57835	0.42106	0.00033792	0.00025072
123	0.58466	0.41476	0.00034017	0.00024596
124	0.57488	0.42454	0.00033295	0.00025065
125	0.56754	0.43188	0.00032722	0.00025386
126	0.56248	0.43694	0.00032288	0.0002557
127	0.5596	0.43982	0.00031985	0.00025624
128	0.55923	0.44019	0.00031825	0.00025534
129	0.56132	0.43811	0.00031803	0.00025305
130	0.56591	0.43352	0.0003192	0.00024936
131	0.57262	0.42681	0.00032158	0.00024447
132	0.58173	0.41771	0.00032529	0.00023826
133	0.59341	0.40603	0.00033043	0.00023063
134	0.60838	0.39106	0.00033733	0.00022123
135	0.62632	0.37312	0.00034584	0.00021024
136	0.62603	0.37342	0.00034415	0.00020945
137	0.62823	0.37122	0.00034382	0.0002073
138	0.63246	0.367	0.00034461	0.00020403
139	0.63879	0.36066	0.00034656	0.00019962
140	0.64735	0.3521	0.00034972	0.00019401
141	0.65829	0.34117	0.00035415	0.00018713
142	0.6718	0.32766	0.00035995	0.0001789
143	0.68814	0.31133	0.00036724	0.00016919
144	0.7078	0.29167	0.00037627	0.00015774
145	0.73189	0.26757	0.00038757	0.00014403
146	0.76103	0.23844	0.0004014	0.00012776
147	0.79515	0.20433	0.0004178	0.00010895
148	0.80473	0.19475	0.00042097	0.00010334
149	0.8168	0.18268	0.00042544	9.645e-05
150	0.83206	0.16742	0.0004315	8.7966e-05
151	0.83313	0.16635	0.00043006	8.6966e-05
152	0.83606	0.16342	0.0004296	8.5001e-05
153	0.84119	0.1583	0.00043023	8.1928e-05
154	0.84824	0.15125	0.00043184	7.7884e-05
155	0.85783	0.14166	0.0004347	7.2588e-05
156	0.85542	0.14408	0.00043144	7.3426e-05
157	0.85469	0.1448	0.00042905	7.3394e-05
158	0.85601	0.14349	0.00042767	7.2343e-05
159	0.85903	0.14048	0.00042716	7.0441e-05
160	0.86416	0.13534	0.00042766	6.7508e-05
161	0.85851	0.141	0.00042279	6.994e-05
162	0.85466	0.14485	0.00041885	7.1453e-05
163	0.85288	0.14663	0.00041592	7.1943e-05
164	0.85312	0.14639	0.00041397	7.1448e-05
165	0.8554	0.14412	0.00041297	6.9979e-05
166	0.85976	0.13976	0.00041296	6.7523e-05
167	0.86595	0.13357	0.00041381	6.4203e-05
168	0.87453	0.12499	0.00041576	5.9784e-05
169	0.87202	0.1275	0.00041242	6.0658e-05
170	0.85624	0.14329	0.00040281	6.7795e-05
171	0.84367	0.15586	0.00039477	7.3352e-05
172	0.80188	0.19766	0.00037316	9.2486e-05
173	0.76688	0.23265	0.00035488	0.00010828
174	0.73774	0.2618	0.00033945	0.00012121
175	0.71273	0.28682	0.0003261	0.00013207
176	0.69227	0.30727	0.00031494	0.00014074
177	0.67504	0.32451	0.00030537	0.00014783
178	0.61853	0.38102	0.00027816	0.00017256
179	0.56929	0.43026	0.00025456	0.00019369
180	0.52685	0.47271	0.00023427	0.00021153
181	0.49123	0.50833	0.00021718	0.00022615
182	0.46145	0.53811	0.00020281	0.00023805
183	0.43574	0.56382	0.0001904	0.00024799
184	0.41457	0.585	0.00018007	0.00025584
185	0.39652	0.60305	0.00017123	0.00026221
186	0.38126	0.61831	0.0001637	0.00026728
187	0.3319	0.66767	0.00014161	0.0002869
188	0.28912	0.71046	0.00012262	0.00030343
189	0.25305	0.74653	0.00010664	0.00031695
190	0.2218	0.77778	9.2895e-05	0.00032823
191	0.19549	0.80409	8.1346e-05	0.00033731
192	0.17272	0.82687	7.1419e-05	0.00034477
193	0.15353	0.84606	6.3067e-05	0.00035066
194	0.13746	0.86213	5.6072e-05	0.00035517
195	0.12404	0.87556	5.0227e-05	0.00035853
196	0.11285	0.88675	4.5345e-05	0.00036093
197	0.10327	0.89632	4.1184e-05	0.0003626
198	0.095121	0.90448	3.7651e-05	0.00036366
199	0.088222	0.91138	3.4666e-05	0.00036417
200	0.082694	0.91691	3.2247e-05	0.00036411
201	0.07806	0.92155	3.0213e-05	0.00036367
202	0.074236	0.92537	2.8523e-05	0.00036289
203	0.071152	0.92846	2.7143e-05	0.00036181
204	0.068823	0.93079	2.6072e-05	0.00036042
205	0.067134	0.93248	2.5261e-05	0.00035879
206	0.06612	0.9335	2.4717e-05	0.00035688
207	0.065931	0.93369	2.4481e-05	0.00035467
208	0.066326	0.9333	2.4468e-05	0.00035223
209	0.067311	0.93232	2.4674e-05	0.00034959
210	0.068904	0.93072	2.5104e-05	0.00034672
211	0.071203	0.92843	2.5789e-05	0.0003436
212	0.074258	0.92538	2.6743e-05	0.00034023
213	0.078129	0.92151	2.7984e-05	0.00033657
214	0.082897	0.91674	2.9534e-05	0.0003326
215	0.088895	0.91075	3.1495e-05	0.00032822
216	0.096027	0.90362	3.3837e-05	0.00032347
217	0.093039	0.90661	3.2564e-05	0.00032232
218	0.091154	0.90849	3.1684e-05	0.00032077
219	0.090045	0.90961	3.1088e-05	0.00031894
220	0.089691	0.90996	3.0763e-05	0.00031685
221	0.090087	0.90957	3.0702e-05	0.0003145
222	0.091516	0.90814	3.0985e-05	0.00031179
223	0.093811	0.90585	3.1559e-05	0.0003088
224	0.097234	0.90243	3.2496e-05	0.00030544
225	0.10165	0.89801	3.3754e-05	0.00030177
226	0.095888	0.90378	3.1609e-05	0.00030149
227	0.091448	0.90822	2.9919e-05	0.00030075
228	0.088178	0.91149	2.8626e-05	0.00029961
229	0.085989	0.91368	2.7694e-05	0.00029809
230	0.084551	0.91513	2.7018e-05	0.00029633
231	0.083911	0.91577	2.661e-05	0.0002943
232	0.08427	0.91541	2.6514e-05	0.00029196
233	0.085347	0.91434	2.6648e-05	0.00028939
234	0.087236	0.91245	2.7034e-05	0.00028657
235	0.078775	0.92091	2.4216e-05	0.00028696
236	0.071757	0.92793	2.1874e-05	0.00028687
237	0.065683	0.93401	1.9857e-05	0.00028646
238	0.060726	0.93897	1.8201e-05	0.00028568
239	0.056489	0.94321	1.6789e-05	0.00028466
240	0.05316	0.94654	1.5661e-05	0.00028335
241	0.050624	0.94908	1.4779e-05	0.00028179
242	0.048597	0.95111	1.406e-05	0.00028007
243	0.0471	0.95261	1.3508e-05	0.00027819
244	0.046102	0.95361	1.3109e-05	0.00027616
245	0.045743	0.95397	1.2893e-05	0.00027394
246	0.045797	0.95392	1.2797e-05	0.0002716
247	0.046483	0.95324	1.2872e-05	0.00026908
248	0.047597	0.95212	1.3066e-05	0.00026646
249	0.049218	0.9505	1.3396e-05	0.0002637
250	0.051557	0.94817	1.3908e-05	0.00026075
251	0.054427	0.9453	1.4556e-05	0.00025767
252	0.057948	0.94178	1.5366e-05	0.00025443
253	0.062385	0.93735	1.6397e-05	0.00025096
254	0.067569	0.93217	1.7606e-05	0.00024732
255	0.073593	0.92614	1.9012e-05	0.00024349
256	0.080661	0.91908	2.0664e-05	0.00023942
257	0.088815	0.91093	2.2564e-05	0.0002351
258	0.098201	0.90154	2.4744e-05	0.0002305
259	0.10912	0.89063	2.7271e-05	0.00022557
260	0.12178	0.87797	3.0192e-05	0.00022024
261	0.13688	0.86288	3.3645e-05	0.00021438
262	0.15416	0.8456	3.7572e-05	0.00020805
263	0.17393	0.82582	4.2035e-05	0.00020118
264	0.1974	0.80236	4.7279e-05	0.00019353
265	0.20148	0.79828	4.7796e-05	0.00019061
266	0.20741	0.79235	4.8721e-05	0.00018727
267	0.21501	0.78475	5.0015e-05	0.00018357
268	0.2243	0.77546	5.1673e-05	0.00017951
269	0.2356	0.76417	5.3756e-05	0.00017503
270	0.24914	0.75063	5.6306e-05	0.00017009
271	0.26501	0.73476	5.9328e-05	0.00016468
272	0.2642	0.73558	5.8565e-05	0.00016306
273	0.26532	0.73447	5.8221e-05	0.00016102
274	0.26807	0.73171	5.8236e-05	0.00015862
275	0.27289	0.72689	5.8674e-05	0.00015578
276	0.27991	0.71988	5.9551e-05	0.00015251
277	0.27173	0.72806	5.7213e-05	0.00015245
278	0.26583	0.73397	5.5376e-05	0.00015188
279	0.26168	0.73812	5.3934e-05	0.00015093
280	0.25951	0.74029	5.2904e-05	0.00014955
281	0.25884	0.74096	5.2192e-05	0.00014786
282	0.25965	0.74015	5.1785e-05	0.00014587
283	0.26197	0.73783	5.1677e-05	0.00014359
284	0.26627	0.73353	5.1937e-05	0.00014093
285	0.27234	0.72747	5.2525e-05	0.00013795
286	0.28016	0.71965	5.3427e-05	0.00013465
287	0.29046	0.70936	5.4751e-05	0.00013093
288	0.30352	0.6963	5.6536e-05	0.00012674
289	0.30077	0.69905	5.5357e-05	0.0001255
290	0.29975	0.70007	5.4512e-05	0.00012394
291	0.30035	0.69948	5.3963e-05	0.00012208
292	0.30267	0.69716	5.3725e-05	0.00011992
293	0.30715	0.69268	5.3842e-05	0.0001174
294	0.31338	0.68645	5.4248e-05	0.00011459
295	0.32148	0.67835	5.495e-05	0.00011149
296	0.33159	0.66825	5.5961e-05	0.00010808
297	0.34406	0.65578	5.7328e-05	0.00010433
298	0.35963	0.64021	5.914e-05	0.00010012
299	0.37819	0.62165	6.1376e-05	9.5492e-05
300	0.39988	0.59997	6.404e-05	9.0441e-05
301	0.40192	0.59793	6.3506e-05	8.8579e-05
302	0.40634	0.59351	6.3319e-05	8.6363e-05
303	0.41272	0.58713	6.3415e-05	8.3868e-05
304	0.4217	0.57815	6.3863e-05	8.1012e-05
305	0.43295	0.56691	6.4613e-05	7.786e-05
306	0.44731	0.55255	6.5757e-05	7.4305e-05
307	0.46465	0.53521	6.7273e-05	7.0382e-05
308	0.48533	0.51453	6.9195e-05	6.606e-05
309	0.51051	0.48935	7.1643e-05	6.1204e-05
310	0.54006	0.45981	7.4588e-05	5.5856e-05
311	0.57423	0.42564	7.8039e-05	5.0007e-05
312	0.61502	0.38485	8.2204e-05	4.3436e-05
313	0.66196	0.33792	8.7003e-05	3.6236e-05
314	0.71786	0.28202	9.2725e-05	2.8103e-05
315	0.782	0.21788	9.9252e-05	1.9171e-05
316	0.78387	0.21601	9.9817e-05	1.9393e-05
317	0.78807	0.21181	0.00010063	1.9358e-05
318	0.79437	0.20551	0.00010168	1.9085e-05
319	0.80324	0.19664	0.00010301	1.853e-05
320	0.81439	0.18549	0.0001046	1.7713e-05
321	0.82861	0.17126	0.00010651	1.6559e-05
322	0.8287	0.17117	0.00010697	1.6862e-05
323	0.83094	0.16894	0.00010767	1.6915e-05
324	0.83508	0.16479	0.0001086	1.674e-05
325	0.84154	0.15834	0.00010979	1.6295e-05
326	0.85049	0.14938	0.00011126	1.5557e-05
327	0.86216	0.13771	0.00011304	1.4502e-05
328	0.86143	0.13844	0.00011343	1.4829e-05
329	0.86235	0.13752	0.00011403	1.4949e-05
330	0.86504	0.13483	0.00011485	1.4849e-05
331	0.86984	0.13003	0.00011592	1.4489e-05
332	0.87688	0.12299	0.00011726	1.3852e-05
333	0.88633	0.11353	0.00011889	1.2917e-05
334	0.89797	0.1019	0.00012079	1.1702e-05
335	0.91259	0.087279	0.00012307	1.0114e-05
336	0.93055	0.069317	0.00012574	8.1088e-06
337	0.93523	0.06464	0.00012687	7.6518e-06
338	0.93234	0.067526	0.00012704	8.1404e-06
339	0.93109	0.068775	0.00012742	8.4159e-06
340	0.93127	0.068596	0.000128	8.5008e-06
341	0.92284	0.077023	0.00012742	9.7402e-06
342	0.9163	0.083559	0.00012709	1.0727e-05
343	0.91177	0.088091	0.00012702	1.1447e-05
344	0.9088	0.09106	0.00012716	1.1955e-05
345	0.90764	0.092218	0.00012755	1.2217e-05
346	0.90826	0.091598	0.00012816	1.2235e-05
347	0.91045	0.089409	0.000129	1.2033e-05
348	0.91425	0.085608	0.00013006	1.1602e-05
349	0.90932	0.090542	0.00012991	1.2386e-05
350	0.90627	0.093587	0.00013	1.2909e-05
351	0.90483	0.095029	0.00013032	1.3205e-05
352	0.90516	0.094698	0.00013089	1.3249e-05
353	0.90707	0.092789	0.00013169	1.3065e-05
354	0.91081	0.089049	0.00013274	1.2617e-05
355	0.91625	0.083606	0.00013404	1.1917e-05
356	0.92341	0.076446	0.0001356	1.096e-05
357	0.93241	0.067438	0.00013744	9.7235e-06
358	0.93267	0.067187	0.00013803	9.7445e-06
359	0.93434	0.065512	0.00013883	9.5529e-06
360	0.93747	0.062377	0.00013985	9.1411e-06
361	0.94233	0.057523	0.00014112	8.472e-06
362	0.94873	0.051117	0.00014263	7.5634e-06
363	0.95681	0.043042	0.0001444	6.3949e-06
364	0.96707	0.032781	0.00014649	4.8913e-06
365	0.96924	0.030605	0.00014739	4.5867e-06
366	0.9728	0.027048	0.00014849	4.0713e-06
367	0.97782	0.022028	0.00014981	3.3306e-06
368	0.98426	0.015584	0.00015135	2.3646e-06
369	0.99246	0.007382	0.00015316	1.124e-06
370	0.99516	0.0046806	0.00015413	7.1617e-07
371	0.99278	0.0070674	0.0001543	1.0915e-06
372	0.99134	0.0085042	0.00015461	1.322e-06
373	0.99071	0.0091305	0.00015505	1.4263e-06
374	0.99098	0.0088596	0.00015562	1.3911e-06
375	0.99206	0.0077855	0.00015631	1.2282e-06
376	0.99395	0.0058886	0.00015714	9.3329e-07
377	0.99366	0.0061767	0.00015761	9.8369e-07
378	0.99413	0.0057082	0.00015821	9.1318e-07
379	0.98687	0.012975	0.00015757	2.0807e-06
380	0.96588	0.033961	0.0001547	5.4669e-06
381	0.94811	0.05173	0.00015234	8.3497e-06
382	0.93362	0.066223	0.00015048	1.0725e-05
383	0.92198	0.077854	0.00014905	1.2654e-05
384	0.91245	0.087385	0.00014796	1.4248e-05
385	0.90524	0.094594	0.00014722	1.5475e-05
386	0.89988	0.099952	0.00014679	1.6403e-05
387	0.89627	0.10357	0.00014665	1.7047e-05
388	0.89432	0.10552	0.00014677	1.7417e-05
389	0.87955	0.12028	0.00014477	1.9907e-05
390	0.8673	0.13254	0.00014318	2.1992e-05
391	0.85781	0.14203	0.00014202	2.3631e-05
392	0.8505	0.14934	0.00014122	2.4914e-05
393	0.84552	0.15431	0.00014079	2.5816e-05
394	0.76962	0.23021	0.00012846	3.8617e-05
395	0.70572	0.29411	0.00011804	4.9487e-05
396	0.65002	0.34981	0.00010897	5.9013e-05
397	0.60312	0.39672	0.00010132	6.7113e-05
398	0.56273	0.4371	9.4743e-05	7.4135e-05
399	0.5277	0.47213	8.9054e-05	8.0273e-05
400	0.49769	0.50215	8.4198e-05	8.5577e-05
401	0.47207	0.52776	8.0075e-05	9.0149e-05
402	0.45094	0.54889	7.6681e-05	9.3984e-05
403	0.43371	0.56612	7.3925e-05	9.7174e-05
404	0.41925	0.58058	7.1635e-05	9.9896e-05
405	0.40795	0.59188	6.9866e-05	0.00010209
406	0.39944	0.60039	6.856e-05	0.00010381
407	0.39312	0.60671	6.7632e-05	0.00010516
408	0.38872	0.61111	6.7037e-05	0.00010617
409	0.38664	0.61319	6.6832e-05	0.00010678
410	0.38636	0.61347	6.6942e-05	0.00010708
411	0.36729	0.63254	6.3788e-05	0.00011064
412	0.35181	0.64801	6.1235e-05	0.00011359
413	0.33944	0.66038	5.9204e-05	0.00011602
414	0.32984	0.66998	5.7641e-05	0.00011796
415	0.32223	0.67759	5.6427e-05	0.00011956
416	0.31648	0.68335	5.5539e-05	0.00012083
417	0.31297	0.68685	5.5037e-05	0.00012171
418	0.31162	0.6882	5.4905e-05	0.00012221
419	0.31238	0.68745	5.5139e-05	0.00012233
420	0.3149	0.68492	5.5692e-05	0.00012214
421	0.30083	0.69899	5.3299e-05	0.00012489
422	0.28904	0.71079	5.1308e-05	0.00012724
423	0.27931	0.72051	4.9683e-05	0.00012923
424	0.27201	0.72781	4.8477e-05	0.00013078
425	0.26692	0.7329	4.7656e-05	0.00013195
426	0.26387	0.73595	4.719e-05	0.00013275
427	0.24138	0.75844	4.3228e-05	0.00013704
428	0.22268	0.77714	3.9925e-05	0.00014068
429	0.2067	0.79312	3.711e-05	0.00014382
430	0.19354	0.80628	3.4787e-05	0.00014646
431	0.18233	0.81749	3.2814e-05	0.00014875
432	0.17299	0.82683	3.1179e-05	0.0001507
433	0.1652	0.83461	2.9826e-05	0.00015237
434	0.15928	0.84054	2.8799e-05	0.00015371
435	0.15504	0.84478	2.807e-05	0.00015474
436	0.15208	0.84774	2.7576e-05	0.00015554
437	0.15062	0.8492	2.7349e-05	0.00015606
438	0.15058	0.84924	2.7377e-05	0.00015632
439	0.15172	0.84809	2.7624e-05	0.00015636
440	0.15435	0.84546	2.8139e-05	0.00015612
441	0.15854	0.84128	2.8937e-05	0.00015559
442	0.15025	0.84956	2.7443e-05	0.00015736
443	0.14348	0.85634	2.6229e-05	0.00015884
444	0.13797	0.86184	2.5248e-05	0.00016009
445	0.13399	0.86583	2.454e-05	0.00016106
446	0.13117	0.86865	2.405e-05	0.00016181
447	0.1297	0.87012	2.3803e-05	0.00016231
448	0.12921	0.8706	2.3741e-05	0.00016263
449	0.13005	0.86976	2.3919e-05	0.0001627
450	0.13188	0.86793	2.4284e-05	0.00016257
451	0.13474	0.86508	2.4844e-05	0.00016226
452	0.13867	0.86114	2.5609e-05	0.00016174
453	0.14385	0.85596	2.6613e-05	0.00016097
454	0.15029	0.84953	2.7856e-05	0.00015997
455	0.15808	0.84173	2.9361e-05	0.0001587
456	0.16785	0.83196	3.1235e-05	0.00015706
457	0.17986	0.81995	3.3526e-05	0.000155
458	0.19385	0.80596	3.6201e-05	0.00015255
459	0.21025	0.78956	3.9345e-05	0.00014963
460	0.23	0.76981	4.3119e-05	0.00014607
461	0.25366	0.74615	4.7629e-05	0.00014177
462	0.28182	0.71799	5.2985e-05	0.00013661
463	0.28748	0.71233	5.4109e-05	0.00013569
464	0.29545	0.70436	5.5663e-05	0.00013433
465	0.3055	0.69431	5.7622e-05	0.00013256
466	0.31829	0.68152	6.0095e-05	0.00013027
467	0.33367	0.66614	6.3073e-05	0.00012748
468	0.35251	0.6473	6.6702e-05	0.00012403
469	0.37532	0.62448	7.108e-05	0.00011982
470	0.37766	0.62215	7.1577e-05	0.00011949
471	0.38233	0.61747	7.2512e-05	0.00011872
472	0.38949	0.61032	7.3912e-05	0.00011747
473	0.39872	0.60109	7.5716e-05	0.00011582
474	0.41036	0.58945	7.799e-05	0.0001137
475	0.42518	0.57463	8.0864e-05	0.00011097
476	0.42253	0.57728	8.0403e-05	0.00011158
477	0.42186	0.57795	8.0329e-05	0.0001118
478	0.42356	0.57625	8.0698e-05	0.00011157
479	0.42713	0.57267	8.1435e-05	0.00011097
480	0.43265	0.56715	8.2551e-05	0.00010999
481	0.44037	0.55944	8.4097e-05	0.00010858
482	0.45043	0.54938	8.6105e-05	0.00010671
483	0.46305	0.53676	8.8617e-05	0.00010434
484	0.4584	0.54141	8.7802e-05	0.00010529
485	0.45618	0.54363	8.7445e-05	0.00010578
486	0.45586	0.54395	8.746e-05	0.0001059
487	0.45796	0.54185	8.7931e-05	0.00010555
488	0.46248	0.53733	8.8865e-05	0.00010473
489	0.46918	0.53062	9.0227e-05	0.00010348
490	0.45962	0.54019	8.8429e-05	0.00010539
491	0.45225	0.54756	8.706e-05	0.00010687
492	0.44708	0.55273	8.6122e-05	0.00010791
493	0.41937	0.58044	8.0808e-05	0.00011332
494	0.39635	0.60345	7.6386e-05	0.00011784
495	0.3774	0.6224	7.2736e-05	0.00012157
496	0.36131	0.63849	6.9646e-05	0.00012475
497	0.34841	0.65139	6.7162e-05	0.0001273
498	0.33778	0.66202	6.5125e-05	0.00012942
499	0.3298	0.67	6.3591e-05	0.00013102
500	0.32424	0.67557	6.2517e-05	0.00013215
501	0.32056	0.67924	6.1816e-05	0.00013291
502	0.31906	0.68074	6.1529e-05	0.00013325
503	0.31921	0.68059	6.1568e-05	0.00013326
504	0.32151	0.6783	6.2015e-05	0.00013286
505	0.3069	0.69291	5.9178e-05	0.00013574
506	0.29479	0.70501	5.6835e-05	0.00013812
507	0.28479	0.71502	5.4905e-05	0.0001401
508	0.27685	0.72295	5.3382e-05	0.00014166
509	0.27119	0.72862	5.2291e-05	0.00014279
510	0.26716	0.73265	5.1523e-05	0.00014359
511	0.2647	0.73511	5.1063e-05	0.00014409
512	0.26387	0.73594	5.0926e-05	0.00014426
513	0.26497	0.73484	5.1155e-05	0.00014405
514	0.26759	0.73222	5.1686e-05	0.00014355
515	0.27178	0.72803	5.2527e-05	0.00014273
516	0.27808	0.72172	5.3774e-05	0.00014151
517	0.26923	0.73057	5.2063e-05	0.00014323
518	0.26271	0.73709	5.0795e-05	0.0001445
519	0.25828	0.74152	4.9929e-05	0.00014536
520	0.25541	0.74439	4.9369e-05	0.00014591
521	0.25449	0.74532	4.9182e-05	0.00014608
522	0.25504	0.74477	4.9286e-05	0.00014597
523	0.25708	0.74273	4.9684e-05	0.00014555
524	0.26063	0.73917	5.0382e-05	0.00014484
525	0.26623	0.73357	5.147e-05	0.00014373
526	0.27402	0.72578	5.2977e-05	0.00014219
527	0.26692	0.73288	5.1577e-05	0.00014355
528	0.26164	0.73816	5.0538e-05	0.00014455
529	0.23454	0.76527	4.5264e-05	0.00014979
530	0.21091	0.7889	4.0676e-05	0.00015434
531	0.19113	0.80867	3.6828e-05	0.00015814
532	0.17414	0.82567	3.3527e-05	0.00016139
533	0.16003	0.83978	3.078e-05	0.00016408
534	0.14786	0.85195	2.8416e-05	0.00016639
535	0.13787	0.86194	2.6468e-05	0.00016828
536	0.12936	0.87044	2.4814e-05	0.00016987
537	0.12219	0.87761	2.3422e-05	0.00017119
538	0.11623	0.88358	2.2267e-05	0.00017228
539	0.11136	0.88845	2.1328e-05	0.00017315
540	0.10758	0.89222	2.0603e-05	0.00017381
541	0.10483	0.89498	2.0078e-05	0.00017427
542	0.10325	0.89656	1.9776e-05	0.00017449
543	0.10283	0.89698	1.9693e-05	0.00017449
544	0.090347	0.90946	1.728e-05	0.00017682
545	0.079526	0.92028	1.5194e-05	0.00017881
546	0.070139	0.92967	1.3389e-05	0.00018053
547	0.061996	0.93781	1.1828e-05	0.00018199
548	0.055156	0.94465	1.0513e-05	0.00018321
549	0.049433	0.95037	9.41e-06	0.00018421
550	0.044483	0.95532	8.4585e-06	0.00018505
551	0.040205	0.9596	7.6386e-06	0.00018576
552	0.036668	0.96314	6.958e-06	0.00018633
553	0.033574	0.96623	6.3644e-06	0.0001868
554	0.03092	0.96889	5.8568e-06	0.00018719
555	0.028652	0.97116	5.4245e-06	0.00018751
556	0.026722	0.97309	5.0584e-06	0.00018776
557	0.025091	0.97472	4.7507e-06	0.00018794
558	0.023726	0.97608	4.4949e-06	0.00018808
559	0.022558	0.97725	4.2775e-06	0.00018817
560	0.021709	0.9781	4.1188e-06	0.0001882
561	0.021166	0.97864	4.0166e-06	0.00018817
562	0.020915	0.97889	3.968e-06	0.00018807
563	0.020801	0.97901	3.9466e-06	0.00018795
564	0.020957	0.97885	3.9748e-06	0.00018777
565	0.021289	0.97852	4.0376e-06	0.00018755
566	0.021916	0.97789	4.1545e-06	0.00018728
567	0.02274	0.97707	4.31e-06	0.00018696
568	0.023898	0.97591	4.5267e-06	0.00018658
569	0.025408	0.9744	4.8081e-06	0.00018612
570	0.027313	0.9725	5.1616e-06	0.00018558
571	0.029666	0.97014	5.5967e-06	0.00018496
572	0.032343	0.96747	6.0937e-06	0.00018427
573	0.03561	0.9642	6.6981e-06	0.00018347
574	0.039382	0.96043	7.3983e-06	0.00018257
575	0.04393	0.95588	8.2395e-06	0.00018152
576	0.049097	0.95071	9.1971e-06	0.00018036
577	0.055263	0.94455	1.0336e-05	0.00017901
578	0.062365	0.93745	1.1651e-05	0.00017748
579	0.070549	0.92926	1.3168e-05	0.00017574
580	0.080271	0.91954	1.4964e-05	0.00017373
581	0.091471	0.90834	1.7036e-05	0.00017143
582	0.10424	0.89557	1.94e-05	0.00016884
583	0.10497	0.89484	1.9513e-05	0.0001685
584	0.10686	0.89296	1.9836e-05	0.00016795
585	0.10963	0.89018	2.0327e-05	0.00016722
586	0.1013	0.89851	1.8751e-05	0.00016856
587	0.094175	0.90564	1.7404e-05	0.00016967
588	0.088449	0.91136	1.6317e-05	0.00017052
589	0.083746	0.91607	1.5426e-05	0.00017117
590	0.079891	0.91992	1.4696e-05	0.00017165
591	0.076814	0.923	1.4115e-05	0.00017199
592	0.074459	0.92535	1.367e-05	0.00017218
593	0.073059	0.92676	1.3399e-05	0.0001722
594	0.072552	0.92726	1.3289e-05	0.00017205
595	0.072678	0.92714	1.3299e-05	0.00017177
596	0.073439	0.92638	1.3427e-05	0.00017138
597	0.074919	0.9249	1.3689e-05	0.00017085
598	0.077361	0.92246	1.4124e-05	0.00017015
599	0.080833	0.91898	1.4744e-05	0.00016925
600	0.085411	0.91441	1.5559e-05	0.00016815
601	0.091219	0.9086	1.6593e-05	0.00016682
602	0.09842	0.9014	1.7873e-05	0.00016524
603	0.10681	0.89301	1.9368e-05	0.00016344
604	0.10437	0.89544	1.8886e-05	0.00016361
605	0.1031	0.89672	1.8612e-05	0.00016357
606	0.10274	0.89708	1.8509e-05	0.00016336
607	0.10353	0.89629	1.8608e-05	0.00016293
608	0.10516	0.89465	1.8863e-05	0.00016235
609	0.10776	0.89206	1.9291e-05	0.00016159
610	0.11136	0.88846	1.9904e-05	0.00016065
611	0.1163	0.88352	2.0748e-05	0.00015948
612	0.11038	0.88944	1.9647e-05	0.00016024
613	0.10588	0.89394	1.8799e-05	0.00016075
614	0.10234	0.89748	1.8129e-05	0.00016107
615	0.099696	0.90013	1.7624e-05	0.00016123
616	0.097899	0.90192	1.7273e-05	0.00016123
617	0.096997	0.90283	1.7085e-05	0.00016108
618	0.097173	0.90265	1.7085e-05	0.00016072
619	0.098228	0.90159	1.7242e-05	0.00016021
620	0.10042	0.89941	1.7594e-05	0.00015949
621	0.1038	0.89602	1.8151e-05	0.00015857
622	0.096487	0.90334	1.683e-05	0.00015952
623	0.09036	0.90946	1.5726e-05	0.00016025
624	0.085548	0.91428	1.4852e-05	0.00016074
625	0.081916	0.91791	1.4183e-05	0.00016102
626	0.079063	0.92076	1.3655e-05	0.00016117
627	0.076938	0.92289	1.3258e-05	0.00016117
628	0.075759	0.92407	1.3022e-05	0.00016101
629	0.075311	0.92452	1.2916e-05	0.00016072
630	0.075788	0.92404	1.2967e-05	0.00016027
631	0.077204	0.92262	1.3174e-05	0.00015965
632	0.07931	0.92052	1.3501e-05	0.00015891
633	0.082222	0.91761	1.3966e-05	0.00015803
634	0.085999	0.91383	1.4579e-05	0.000157
635	0.090969	0.90886	1.5389e-05	0.00015577
636	0.097275	0.90255	1.6416e-05	0.00015431
637	0.10506	0.89477	1.7684e-05	0.00015261
638	0.11413	0.8857	1.9164e-05	0.00015069
639	0.12476	0.87507	2.0904e-05	0.00014851
640	0.13756	0.86227	2.2991e-05	0.00014598
641	0.13704	0.8628	2.2839e-05	0.00014568
642	0.13762	0.86221	2.2875e-05	0.0001452
643	0.13923	0.8606	2.3085e-05	0.00014454
644	0.1419	0.85793	2.3473e-05	0.0001437
645	0.14603	0.8538	2.4096e-05	0.00014262
646	0.13822	0.86162	2.2733e-05	0.00014352
647	0.13172	0.86811	2.1599e-05	0.00014419
648	0.12679	0.87305	2.0722e-05	0.00014459
649	0.12294	0.8769	2.0031e-05	0.00014481
650	0.12046	0.87938	1.9563e-05	0.0001448
651	0.11893	0.88091	1.9256e-05	0.00014462
652	0.11842	0.88142	1.9118e-05	0.00014427
653	0.11916	0.88067	1.918e-05	0.00014372
654	0.12084	0.879	1.9394e-05	0.00014301
655	0.12357	0.87627	1.9779e-05	0.00014214
656	0.12768	0.87215	2.038e-05	0.00014103
657	0.1329	0.86694	2.1156e-05	0.00013976
658	0.13971	0.86013	2.2177e-05	0.00013823
659	0.14799	0.85185	2.3428e-05	0.00013646
660	0.15777	0.84207	2.4914e-05	0.00013447
661	0.16938	0.83046	2.6684e-05	0.00013219
662	0.18352	0.81632	2.8837e-05	0.00012951
663	0.20059	0.79926	3.143e-05	0.00012639
664	0.22025	0.77959	3.4419e-05	0.00012288
665	0.24372	0.75612	3.7973e-05	0.00011879
666	0.27171	0.72813	4.2198e-05	0.00011402
667	0.3038	0.69604	4.7038e-05	0.00010863
668	0.31116	0.68869	4.8018e-05	0.00010711
669	0.3206	0.67924	4.9316e-05	0.00010527
670	0.33279	0.66705	5.1021e-05	0.00010301
671	0.34809	0.65176	5.3179e-05	0.00010029
672	0.36685	0.633	5.5842e-05	9.706e-05
673	0.38899	0.61086	5.9003e-05	9.333e-05
674	0.41564	0.58421	6.2813e-05	8.8943e-05
675	0.44675	0.5531	6.7275e-05	8.3905e-05
676	0.48386	0.51599	7.259e-05	7.8005e-05
677	0.52653	0.47332	7.8706e-05	7.1304e-05
678	0.57552	0.42433	8.5732e-05	6.3693e-05
679	0.63362	0.36623	9.4038e-05	5.4794e-05
680	0.70021	0.29964	0.00010355	4.4687e-05
681	0.72188	0.27797	0.00010633	4.1308e-05
682	0.74754	0.25231	0.00010967	3.736e-05
683	0.77771	0.22215	0.00011366	3.2772e-05
684	0.813	0.18685	0.00011838	2.7458e-05
685	0.85416	0.1457	0.00012392	2.1319e-05
686	0.86724	0.13261	0.00012531	1.9324e-05
687	0.88355	0.11631	0.00012713	1.6882e-05
688	0.90283	0.097026	0.00012937	1.4027e-05
689	0.90752	0.092337	0.00012948	1.3292e-05
690	0.914	0.08586	0.00012984	1.2306e-05
691	0.9224	0.077463	0.00013048	1.1051e-05
692	0.93319	0.066669	0.00013143	9.4704e-06
693	0.9462	0.053663	0.00013268	7.5874e-06
694	0.96224	0.03762	0.00013433	5.2976e-06
695	0.96677	0.033095	0.00013435	4.6379e-06
696	0.97293	0.026936	0.00013458	3.7583e-06
697	0.98068	0.019183	0.00013503	2.6638e-06
698	0.99045	0.0094095	0.00013573	1.3032e-06
699	0.99355	0.0063142	0.00013551	8.7108e-07
700	0.994	0.0058682	0.00013491	8.0604e-07
701	0.99237	0.0074919	0.00013403	1.0225e-06
702	0.99164	0.0082263	0.00013327	1.1175e-06
703	0.99169	0.0081775	0.00013261	1.1059e-06
704	0.99252	0.0073448	0.00013205	9.8909e-07
705	0.98507	0.014795	0.0001304	1.9756e-06
706	0.97911	0.020759	0.00012895	2.7537e-06
707	0.97445	0.025416	0.00012769	3.3506e-06
708	0.97102	0.02885	0.00012659	3.7802e-06
709	0.9586	0.041273	0.00012432	5.3741e-06
710	0.94867	0.051203	0.00012238	6.6311e-06
711	0.94068	0.05919	0.00012071	7.622e-06
712	0.93472	0.065157	0.00011929	8.3452e-06
713	0.93038	0.069492	0.0001181	8.8504e-06
714	0.9278	0.072077	0.00011712	9.1295e-06
715	0.92687	0.073006	0.00011634	9.1979e-06
716	0.92732	0.072553	0.00011574	9.0902e-06
717	0.92924	0.070638	0.00011532	8.7996e-06
718	0.9229	0.076977	0.00011389	9.5294e-06
719	0.91851	0.081365	0.00011269	1.0012e-05
720	0.91593	0.083948	0.00011171	1.0269e-05
721	0.91508	0.084799	0.00011093	1.0313e-05
722	0.91575	0.084133	0.00011034	1.0171e-05
723	0.91794	0.081936	0.00010993	9.8438e-06
724	0.92193	0.077956	0.00010973	9.3086e-06
725	0.92749	0.072394	0.0001097	8.5898e-06
726	0.9246	0.075281	0.00010868	8.8723e-06
727	0.91002	0.089861	0.00010629	1.0517e-05
728	0.89839	0.1015	0.00010425	1.1801e-05
729	0.88891	0.11098	0.00010247	1.2815e-05
730	0.88142	0.11846	0.00010095	1.3584e-05
731	0.87617	0.12371	9.9678e-05	1.4088e-05
732	0.87274	0.12714	9.8624e-05	1.4376e-05
733	0.87107	0.12882	9.7776e-05	1.446e-05
734	0.87134	0.12855	9.7137e-05	1.4325e-05
735	0.87333	0.12656	9.6691e-05	1.3997e-05
736	0.87733	0.12256	9.6453e-05	1.3453e-05
737	0.88344	0.11645	9.643e-05	1.2685e-05
738	0.89184	0.10805	9.6634e-05	1.168e-05
739	0.87432	0.12558	9.403e-05	1.3475e-05
740	0.8602	0.13969	9.1807e-05	1.4879e-05
741	0.84906	0.15084	8.9911e-05	1.5948e-05
742	0.84057	0.15932	8.8303e-05	1.6719e-05
743	0.83422	0.16568	8.6936e-05	1.725e-05
744	0.82987	0.17002	8.579e-05	1.7561e-05
745	0.809	0.1909	8.2946e-05	1.9561e-05
746	0.79201	0.20788	8.0522e-05	2.1131e-05
747	0.77803	0.22187	7.8435e-05	2.2366e-05
748	0.76713	0.23277	7.6671e-05	2.3268e-05
749	0.75869	0.24121	7.5173e-05	2.3905e-05
750	0.75284	0.24706	7.3935e-05	2.4273e-05
751	0.749	0.2509	7.2906e-05	2.4432e-05
752	0.74755	0.25235	7.2106e-05	2.4353e-05
753	0.74801	0.2519	7.1493e-05	2.4088e-05
754	0.75049	0.24941	7.1074e-05	2.3628e-05
755	0.75493	0.24497	7.0838e-05	2.2986e-05
756	0.76141	0.2385	7.0786e-05	2.2159e-05
757	0.77018	0.22973	7.0937e-05	2.1129e-05
758	0.78127	0.21864	7.1289e-05	1.9899e-05
759	0.79547	0.20444	7.1895e-05	1.8406e-05
760	0.79517	0.20474	7.1165e-05	1.824e-05
761	0.77939	0.22052	6.9075e-05	1.9433e-05
762	0.76649	0.23342	6.7269e-05	2.0344e-05
763	0.75621	0.2437	6.5715e-05	2.1002e-05
764	0.74873	0.25119	6.4408e-05	2.1405e-05
765	0.74334	0.25657	6.3294e-05	2.1615e-05
766	0.73996	0.25996	6.2359e-05	2.1644e-05
767	0.73897	0.26095	6.162e-05	2.147e-05
768	0.74001	0.25991	6.1051e-05	2.1125e-05
769	0.7434	0.25652	6.0665e-05	2.0589e-05
770	0.7488	0.25112	6.0435e-05	1.9896e-05
771	0.74028	0.25964	5.9088e-05	2.0311e-05
772	0.73443	0.26549	5.7956e-05	2.0503e-05
773	0.73061	0.26931	5.6994e-05	2.0525e-05
774	0.72887	0.27106	5.6199e-05	2.0379e-05
775	0.72948	0.27045	5.5577e-05	2.0053e-05
776	0.73202	0.2679	5.51e-05	1.9581e-05
777	0.73655	0.26338	5.4766e-05	1.8964e-05
778	0.74327	0.25666	5.4587e-05	1.8193e-05
779	0.75269	0.24724	5.4582e-05	1.724e-05
780	0.76451	0.23542	5.4732e-05	1.613e-05
781	0.7796	0.22033	5.5083e-05	1.4811e-05
782	0.77933	0.2206	5.4346e-05	1.4581e-05
783	0.78132	0.21862	5.3752e-05	1.4197e-05
784	0.78519	0.21474	5.3282e-05	1.3689e-05
785	0.79147	0.20847	5.2955e-05	1.303e-05
786	0.79997	0.19996	5.2764e-05	1.2235e-05
787	0.81088	0.18906	5.2714e-05	1.1299e-05
788	0.82488	0.17506	5.2831e-05	1.0187e-05
789	0.84166	0.15828	5.3098e-05	8.9241e-06
790	0.86232	0.13762	5.3563e-05	7.4548e-06
791	0.88652	0.11342	5.4207e-05	5.8064e-06
792	0.89264	0.1073	5.3724e-05	5.285e-06
793	0.90063	0.099316	5.3337e-05	4.6664e-06
794	0.91061	0.089332	5.3051e-05	3.9472e-06
795	0.92291	0.077033	5.2879e-05	3.1147e-06
796	0.92494	0.075004	5.3795e-05	3.1622e-06
797	0.92842	0.071519	5.479e-05	3.1294e-06
798	0.9239	0.076039	5.5363e-05	3.5101e-06
799	0.92089	0.079048	5.6017e-05	3.8098e-06
800	0.91962	0.080318	5.6758e-05	4.0136e-06
801	0.92003	0.079905	5.7586e-05	4.121e-06
802	0.92187	0.078064	5.85e-05	4.1418e-06
803	0.92548	0.07446	5.9513e-05	4.0552e-06
804	0.93062	0.069317	6.0625e-05	3.8687e-06
805	0.93739	0.062541	6.1846e-05	3.5729e-06
806	0.93635	0.063579	6.2609e-05	3.7356e-06
807	0.93688	0.063055	6.3461e-05	3.7988e-06
808	0.92932	0.07061	6.3777e-05	4.399e-06
809	0.92378	0.076155	6.4209e-05	4.8743e-06
810	0.9198	0.080126	6.4742e-05	5.2484e-06
811	0.90289	0.097035	6.4331e-05	6.5573e-06
812	0.88925	0.11067	6.4118e-05	7.6595e-06
813	0.87812	0.12181	6.4067e-05	8.5991e-06
814	0.86926	0.13067	6.4169e-05	9.387e-06
815	0.86239	0.13754	6.4405e-05	1.004e-05
816	0.85738	0.14255	6.4771e-05	1.0562e-05
817	0.85424	0.14569	6.5274e-05	1.0948e-05
818	0.85317	0.14675	6.5922e-05	1.118e-05
819	0.85389	0.14604	6.6708e-05	1.1274e-05
820	0.84254	0.15739	6.6542e-05	1.2319e-05
821	0.83343	0.16649	6.6539e-05	1.3203e-05
822	0.82652	0.1734	6.67e-05	1.3921e-05
823	0.82167	0.17825	6.702e-05	1.4481e-05
824	0.81908	0.18084	6.7509e-05	1.4864e-05
825	0.81837	0.18154	6.8153e-05	1.5091e-05
826	0.81985	0.18007	6.897e-05	1.5138e-05
827	0.82353	0.17638	6.9967e-05	1.4994e-05
828	0.82921	0.17071	7.1144e-05	1.4671e-05
829	0.82263	0.17729	7.1269e-05	1.54e-05
830	0.81809	0.18182	7.1564e-05	1.5959e-05
831	0.8155	0.18441	7.2028e-05	1.6349e-05
832	0.79596	0.20395	7.0972e-05	1.8261e-05
833	0.78015	0.21976	7.0209e-05	1.9869e-05
834	0.76723	0.23268	6.9687e-05	2.1237e-05
835	0.72407	0.27584	6.6343e-05	2.5418e-05
836	0.68666	0.31325	6.3469e-05	2.9129e-05
837	0.65552	0.34438	6.1109e-05	3.2318e-05
838	0.62901	0.3709	5.9141e-05	3.5114e-05
839	0.60718	0.39273	5.7566e-05	3.7508e-05
840	0.58869	0.41121	5.6282e-05	3.9612e-05
841	0.53006	0.46985	5.1056e-05	4.5648e-05
842	0.47936	0.52054	4.6524e-05	5.0991e-05
843	0.43557	0.56433	4.2598e-05	5.5726e-05
844	0.39871	0.60119	3.928e-05	5.9845e-05
845	0.36777	0.63213	3.6487e-05	6.3433e-05
846	0.34093	0.65897	3.4064e-05	6.6648e-05
847	0.31795	0.68194	3.1996e-05	6.9507e-05
848	0.29897	0.70092	3.0295e-05	7.1992e-05
849	0.28291	0.71698	2.8869e-05	7.42e-05
850	0.26945	0.73045	2.7691e-05	7.616e-05
851	0.2583	0.7416	2.6737e-05	7.7894e-05
852	0.24923	0.75066	2.5988e-05	7.9423e-05
853	0.24241	0.75748	2.5456e-05	8.0726e-05
854	0.21194	0.78795	2.24e-05	8.4553e-05
855	0.18528	0.81461	1.971e-05	8.8012e-05
856	0.16218	0.83771	1.7367e-05	9.1122e-05
857	0.14268	0.85721	1.5374e-05	9.3875e-05
858	0.1258	0.87409	1.3641e-05	9.6366e-05
859	0.11159	0.8883	1.2171e-05	9.8587e-05
860	0.099297	0.90059	1.0896e-05	0.00010061
861	0.088682	0.91121	9.7912e-06	0.00010246
862	0.079808	0.92008	8.862e-06	0.00010414
863	0.072077	0.92781	8.0505e-06	0.00010569
864	0.065698	0.93419	7.3779e-06	0.00010709
865	0.060257	0.93963	6.8047e-06	0.00010839
866	0.055568	0.94432	6.311e-06	0.00010962
867	0.051545	0.94834	5.8886e-06	0.00011076
868	0.048117	0.95177	5.5302e-06	0.00011185
869	0.04546	0.95442	5.2545e-06	0.00011284
870	0.043481	0.9564	5.0524e-06	0.00011375
871	0.042124	0.95776	4.919e-06	0.00011459
872	0.041161	0.95872	4.8312e-06	0.00011538
873	0.040627	0.95925	4.794e-06	0.00011612
874	0.04051	0.95937	4.8069e-06	0.0001168
875	0.040961	0.95892	4.8859e-06	0.00011741
876	0.041783	0.95809	5.0112e-06	0.00011798
877	0.042992	0.95688	5.1854e-06	0.00011849
878	0.044609	0.95527	5.4119e-06	0.00011895
879	0.046893	0.95298	5.7204e-06	0.00011932
880	0.049907	0.94997	6.1198e-06	0.00011959
881	0.053476	0.9464	6.5929e-06	0.00011978
882	0.057665	0.94221	7.1491e-06	0.0001199
883	0.062624	0.93725	7.8091e-06	0.0001199
884	0.068374	0.9315	8.5769e-06	0.0001198
885	0.075108	0.92476	9.4794e-06	0.00011956
886	0.082864	0.91701	1.0524e-05	0.00011917
887	0.091784	0.90809	1.173e-05	0.00011863
888	0.10203	0.89784	1.3123e-05	0.00011789
889	0.10092	0.89895	1.3047e-05	0.00011862
890	0.10064	0.89923	1.308e-05	0.00011925
891	0.10117	0.8987	1.3222e-05	0.00011976
892	0.10285	0.89702	1.3513e-05	0.00012011
893	0.10539	0.89448	1.3922e-05	0.00012035
894	0.10892	0.89094	1.4471e-05	0.00012044
895	0.11377	0.8861	1.5198e-05	0.00012035
896	0.1198	0.88007	1.6093e-05	0.00012009
897	0.12745	0.87241	1.7213e-05	0.00011959
898	0.13694	0.86292	1.8591e-05	0.00011884
899	0.14801	0.85185	2.0199e-05	0.00011785
900	0.16101	0.83885	2.2093e-05	0.00011657
901	0.1762	0.82366	2.4312e-05	0.00011497
902	0.19445	0.80541	2.6971e-05	0.00011292
903	0.21621	0.78365	3.0136e-05	0.00011035
904	0.24142	0.75844	3.3821e-05	0.00010727
905	0.27031	0.72955	3.8067e-05	0.00010362
906	0.30468	0.69518	4.3114e-05	9.9166e-05
907	0.31336	0.6865	4.4528e-05	9.8336e-05
908	0.32469	0.67516	4.6325e-05	9.7115e-05
909	0.33832	0.66154	4.8469e-05	9.5547e-05
910	0.35467	0.64519	5.1028e-05	9.3562e-05
911	0.37387	0.62599	5.4026e-05	9.1138e-05
912	0.39627	0.60359	5.7519e-05	8.8218e-05
913	0.42323	0.57662	6.1698e-05	8.4604e-05
914	0.4547	0.54515	6.658e-05	8.0287e-05
915	0.49236	0.5075	7.2398e-05	7.5026e-05
916	0.53726	0.46259	7.9318e-05	6.8655e-05
917	0.58928	0.41057	8.736e-05	6.1161e-05
918	0.65094	0.34891	9.6879e-05	5.2183e-05
919	0.66995	0.3299	0.00010007	4.9528e-05
920	0.69237	0.30748	0.00010379	4.6332e-05
921	0.71958	0.28026	0.00010825	4.2397e-05
922	0.72491	0.27494	0.00010943	4.1738e-05
923	0.73288	0.26697	0.00011101	4.0673e-05
924	0.74368	0.25617	0.00011302	3.9171e-05
925	0.75762	0.24223	0.00011551	3.7183e-05
926	0.77438	0.22546	0.00011844	3.4743e-05
927	0.79504	0.2048	0.00012198	3.1692e-05
928	0.82017	0.17967	0.00012622	2.7939e-05
929	0.84944	0.1504	0.00013112	2.3516e-05
930	0.88338	0.11647	0.00013678	1.8333e-05
931	0.89409	0.10575	0.00013887	1.6725e-05
932	0.90711	0.092731	0.00014134	1.4742e-05
933	0.92283	0.077014	0.00014425	1.2318e-05
934	0.91622	0.083627	0.00014364	1.3411e-05
935	0.91128	0.088562	0.00014329	1.4242e-05
936	0.90822	0.091619	0.00014323	1.4779e-05
937	0.89211	0.10773	0.00014108	1.7412e-05
938	0.87862	0.12122	0.00013934	1.9635e-05
939	0.86798	0.13186	0.00013803	2.1415e-05
940	0.8599	0.13994	0.00013711	2.2794e-05
941	0.85377	0.14607	0.0001365	2.3863e-05
942	0.84957	0.15027	0.00013621	2.4619e-05
943	0.82857	0.17127	0.00013318	2.8113e-05
944	0.81145	0.18839	0.00013075	3.0998e-05
945	0.79775	0.20209	0.00012885	3.3343e-05
946	0.78671	0.21313	0.00012739	3.5258e-05
947	0.77796	0.22188	0.00012629	3.6801e-05
948	0.77136	0.22848	0.00012555	3.7995e-05
949	0.7669	0.23294	0.00012516	3.8838e-05
950	0.76482	0.23502	0.00012514	3.9294e-05
951	0.76473	0.23511	0.00012546	3.9418e-05
952	0.76663	0.2332	0.00012612	3.9207e-05
953	0.77045	0.22938	0.0001271	3.8671e-05
954	0.77626	0.22357	0.00012842	3.7797e-05
955	0.78415	0.21568	0.0001301	3.6563e-05
