#coord	neutral	conserved	gBGC.neutral	gBGC.conserved
1	0.82889	0.16111	0.0083726	0.0016274
2	0.83507	0.15493	0.0084351	0.0015649
3	0.84335	0.14665	0.0085187	0.0014813
4	0.85428	0.13572	0.0086291	0.0013709
5	0.86818	0.12182	0.0087695	0.0012305
6	0.88538	0.10462	0.0089432	0.0010568
7	0.90564	0.084358	0.0091479	0.00085211
8	0.91115	0.078847	0.0092036	0.00079644
9	0.91845	0.071545	0.0092773	0.00072268
10	0.9173	0.072695	0.0092657	0.00073429
11	0.90591	0.084086	0.0091506	0.00084936
12	0.89672	0.093281	0.0090578	0.00094223
13	0.88982	0.10018	0.0089881	0.0010119
14	0.88467	0.10533	0.0089361	0.0010639
15	0.88126	0.10874	0.0089016	0.0010984
16	0.86402	0.12598	0.0087275	0.0012725
17	0.81027	0.17973	0.0081846	0.0018154
18	0.76397	0.22603	0.0077168	0.0022832
19	0.72378	0.26622	0.0073109	0.0026891
20	0.69017	0.29983	0.0069714	0.0030286
21	0.66147	0.32853	0.0066815	0.0033185
22	0.63782	0.35218	0.0064426	0.0035574
23	0.61769	0.37231	0.0062393	0.0037607
24	0.60093	0.38907	0.00607	0.00393
25	0.58719	0.40281	0.0059312	0.0040688
26	0.57602	0.41398	0.0058184	0.0041816
27	0.56776	0.42224	0.005735	0.004265
28	0.56219	0.42781	0.0056787	0.0043213
29	0.5588	0.4312	0.0056444	0.0043556
30	0.5579	0.4321	0.0056354	0.0043646
31	0.5591	0.4309	0.0056475	0.0043525
32	0.56241	0.42759	0.0056809	0.0043191
33	0.5679	0.4221	0.0057363	0.0042637
34	0.55686	0.43314	0.0056248	0.0043752
35	0.54876	0.44124	0.005543	0.004457
36	0.54296	0.44704	0.0054845	0.0045155
37	0.53974	0.45026	0.0054519	0.0045481
38	0.53849	0.45151	0.0054393	0.0045607
39	0.53933	0.45067	0.0054478	0.0045522
40	0.54226	0.44774	0.0054774	0.0045226
41	0.54722	0.44278	0.0055274	0.0044726
42	0.55442	0.43558	0.0056002	0.0043998
43	0.56404	0.42596	0.0056973	0.0043027
44	0.57625	0.41375	0.0058207	0.0041793
45	0.59131	0.39869	0.0059728	0.0040272
46	0.60953	0.38047	0.0061569	0.0038431
47	0.63197	0.35803	0.0063835	0.0036165
48	0.65917	0.33083	0.0066583	0.0033417
49	0.69108	0.29892	0.0069806	0.0030194
50	0.728	0.262	0.0073535	0.0026465
51	0.77204	0.21796	0.0077984	0.0022016
52	0.8232	0.1668	0.0083151	0.0016849
53	0.83983	0.15017	0.0084831	0.0015169
54	0.82832	0.16168	0.0083668	0.0016332
55	0.81952	0.17048	0.0082779	0.0017221
56	0.81319	0.17681	0.008214	0.001786
57	0.80876	0.18124	0.0081693	0.0018307
58	0.80658	0.18342	0.0081472	0.0018528
59	0.80653	0.18347	0.0081467	0.0018533
60	0.80862	0.18138	0.0081679	0.0018321
61	0.81262	0.17738	0.0082083	0.0017917
62	0.81863	0.17137	0.008269	0.001731
63	0.82712	0.16288	0.0083547	0.0016453
64	0.83828	0.15172	0.0084675	0.0015325
65	0.85244	0.13756	0.0086105	0.0013895
66	0.86933	0.12067	0.0087811	0.0012189
67	0.89004	0.099956	0.0089903	0.0010097
68	0.89504	0.094961	0.0090408	0.00095921
69	0.9021	0.0879	0.0091121	0.00088788
70	0.91142	0.078576	0.0092063	0.0007937
71	0.92327	0.066734	0.0093259	0.00067408
72	0.93795	0.052045	0.0094743	0.00052571
73	0.94147	0.048531	0.0095098	0.00049021
74	0.94665	0.043354	0.0095621	0.00043792
75	0.95332	0.036677	0.0096295	0.00037048
76	0.95347	0.03653	0.009631	0.00036899
77	0.95495	0.035055	0.0096459	0.00035409
78	0.95758	0.032419	0.0096725	0.00032746
79	0.95488	0.035123	0.0096452	0.00035478
80	0.95339	0.036612	0.0096302	0.00036981
81	0.95308	0.036915	0.0096271	0.00037288
82	0.94617	0.043827	0.0095573	0.0004427
83	0.92496	0.065038	0.009343	0.00065695
84	0.90704	0.082956	0.0091621	0.00083794
85	0.89249	0.097508	0.0090151	0.00098493
86	0.88089	0.10911	0.0088979	0.0011021
87	0.87188	0.11812	0.0088069	0.0011931
88	0.86493	0.12507	0.0087367	0.0012633
89	0.86019	0.12981	0.0086888	0.0013112
90	0.8575	0.1325	0.0086616	0.0013384
91	0.85677	0.13323	0.0086542	0.0013458
92	0.85767	0.13233	0.0086633	0.0013367
93	0.84693	0.14307	0.0085548	0.0014452
94	0.81055	0.17945	0.0081874	0.0018126
95	0.77943	0.21057	0.007873	0.002127
96	0.75359	0.23641	0.007612	0.002388
97	0.73174	0.25826	0.0073913	0.0026087
98	0.71395	0.27605	0.0072116	0.0027884
99	0.69972	0.29028	0.0070679	0.0029321
100	0.68811	0.30189	0.0069506	0.0030494
101	0.67946	0.31054	0.0068632	0.0031368
102	0.67353	0.31647	0.0068034	0.0031966
103	0.66967	0.32033	0.0067643	0.0032357
104	0.66823	0.32177	0.0067498	0.0032502
105	0.66874	0.32126	0.006755	0.003245
106	0.67134	0.31866	0.0067812	0.0032188
107	0.67595	0.31405	0.0068278	0.0031722
108	0.68278	0.30722	0.0068968	0.0031032
109	0.67484	0.31516	0.0068166	0.0031834
110	0.66906	0.32094	0.0067582	0.0032418
111	0.66546	0.32454	0.0067218	0.0032782
112	0.64225	0.34775	0.0064874	0.0035126
113	0.62252	0.36748	0.0062881	0.0037119
114	0.60612	0.38388	0.0061224	0.0038776
115	0.5927	0.3973	0.0059869	0.0040131
116	0.58245	0.40755	0.0058833	0.0041167
117	0.57508	0.41492	0.0058089	0.0041911
118	0.56985	0.42015	0.005756	0.004244
119	0.56717	0.42283	0.005729	0.004271
120	0.56697	0.42303	0.005727	0.004273
121	0.56887	0.42113	0.0057462	0.0042538
122	0.5729	0.4171	0.0057869	0.0042131
123	0.57915	0.41085	0.00585	0.00415
124	0.56946	0.42054	0.0057521	0.0042479
125	0.56219	0.42781	0.0056787	0.0043213
126	0.55718	0.43282	0.005628	0.004372
127	0.55433	0.43567	0.0055993	0.0044007
128	0.55396	0.43604	0.0055956	0.0044044
129	0.55602	0.43398	0.0056164	0.0043836
130	0.56057	0.42943	0.0056623	0.0043377
131	0.56722	0.42278	0.0057295	0.0042705
132	0.57623	0.41377	0.0058205	0.0041795
133	0.5878	0.4022	0.0059374	0.0040626
134	0.60264	0.38736	0.0060872	0.0039128
135	0.62041	0.36959	0.0062667	0.0037333
136	0.62011	0.36989	0.0062638	0.0037362
137	0.62229	0.36771	0.0062857	0.0037143
138	0.62647	0.36353	0.006328	0.003672
139	0.63275	0.35725	0.0063914	0.0036086
140	0.64123	0.34877	0.006477	0.003523
141	0.65206	0.33794	0.0065865	0.0034135
142	0.66544	0.32456	0.0067217	0.0032783
143	0.68162	0.30838	0.0068851	0.0031149
144	0.70109	0.28891	0.0070818	0.0029182
145	0.72496	0.26504	0.0073228	0.0026772
146	0.75382	0.23618	0.0076143	0.0023857
147	0.78761	0.20239	0.0079557	0.0020443
148	0.7971	0.1929	0.0080515	0.0019485
149	0.80906	0.18094	0.0081723	0.0018277
150	0.82417	0.16583	0.0083249	0.0016751
151	0.82523	0.16477	0.0083356	0.0016644
152	0.82813	0.16187	0.0083649	0.0016351
153	0.83321	0.15679	0.0084162	0.0015838
154	0.84019	0.14981	0.0084867	0.0015133
155	0.84968	0.14032	0.0085826	0.0014174
156	0.84729	0.14271	0.0085585	0.0014415
157	0.84657	0.14343	0.0085512	0.0014488
158	0.84787	0.14213	0.0085644	0.0014356
159	0.85086	0.13914	0.0085945	0.0014055
160	0.85594	0.13406	0.0086459	0.0013541
161	0.85035	0.13965	0.0085893	0.0014107
162	0.84653	0.14347	0.0085508	0.0014492
163	0.84476	0.14524	0.008533	0.001467
164	0.845	0.145	0.0085354	0.0014646
165	0.84725	0.14275	0.0085581	0.0014419
166	0.85157	0.13843	0.0086017	0.0013983
167	0.8577	0.1323	0.0086636	0.0013364
168	0.8662	0.1238	0.0087495	0.0012505
169	0.86371	0.12629	0.0087244	0.0012756
170	0.84808	0.14192	0.0085664	0.0014336
171	0.83563	0.15437	0.0084407	0.0015593
172	0.79423	0.19577	0.0080225	0.0019775
173	0.75957	0.23043	0.0076724	0.0023276
174	0.73069	0.25931	0.0073808	0.0026192
175	0.70592	0.28408	0.0071305	0.0028695
176	0.68566	0.30434	0.0069259	0.0030741
177	0.66859	0.32141	0.0067534	0.0032466
178	0.61262	0.37738	0.0061881	0.0038119
179	0.56385	0.42615	0.0056955	0.0043045
180	0.52181	0.46819	0.0052708	0.0047292
181	0.48653	0.50347	0.0049145	0.0050855
182	0.45703	0.53297	0.0046165	0.0053835
183	0.43158	0.55842	0.0043594	0.0056406
184	0.4106	0.5794	0.0041475	0.0058525
185	0.39272	0.59728	0.0039669	0.0060331
186	0.37761	0.61239	0.0038143	0.0061857
187	0.32872	0.66128	0.0033204	0.0066796
188	0.28635	0.70365	0.0028924	0.0071076
189	0.25062	0.73938	0.0025316	0.0074684
190	0.21967	0.77033	0.0022189	0.0077811
191	0.19361	0.79639	0.0019557	0.0080443
192	0.17106	0.81894	0.0017279	0.0082721
193	0.15206	0.83794	0.0015359	0.0084641
194	0.13614	0.85386	0.0013751	0.0086249
195	0.12285	0.86715	0.0012409	0.0087591
196	0.11176	0.87824	0.0011289	0.0088711
197	0.10228	0.88772	0.0010331	0.0089669
198	0.094207	0.89579	0.00095159	0.0090484
199	0.087374	0.90263	0.00088257	0.0091174
200	0.0819	0.9081	0.00082727	0.0091727
201	0.07731	0.91269	0.00078091	0.0092191
202	0.073522	0.91648	0.00074265	0.0092574
203	0.070468	0.91953	0.00071179	0.0092882
204	0.068161	0.92184	0.0006885	0.0093115
205	0.066488	0.92351	0.00067159	0.0093284
206	0.065484	0.92452	0.00066145	0.0093386
207	0.065297	0.9247	0.00065956	0.0093404
208	0.065687	0.92431	0.00066351	0.0093365
209	0.066663	0.92334	0.00067336	0.0093266
210	0.06824	0.92176	0.00068929	0.0093107
211	0.070518	0.91948	0.0007123	0.0092877
212	0.073542	0.91646	0.00074285	0.0092571
213	0.077376	0.91262	0.00078158	0.0092184
214	0.082097	0.9079	0.00082927	0.0091707
215	0.088037	0.90196	0.00088927	0.0091107
216	0.095101	0.8949	0.00096062	0.0090394
217	0.092141	0.89786	0.00093072	0.0090693
218	0.090274	0.89973	0.00091186	0.0090881
219	0.089175	0.90082	0.00090076	0.0090992
220	0.088825	0.90117	0.00089722	0.0091028
221	0.089217	0.90078	0.00090118	0.0090988
222	0.090632	0.89937	0.00091548	0.0090845
223	0.092905	0.8971	0.00093843	0.0090616
224	0.096295	0.89371	0.00097267	0.0090273
225	0.10067	0.88933	0.0010168	0.0089832
226	0.094961	0.89504	0.0009592	0.0090408
227	0.090563	0.89944	0.00091478	0.0090852
228	0.087325	0.90267	0.00088207	0.0091179
229	0.085157	0.90484	0.00086017	0.0091398
230	0.083733	0.90627	0.00084579	0.0091542
231	0.083099	0.9069	0.00083938	0.0091606
232	0.083454	0.90655	0.00084297	0.009157
233	0.08452	0.90548	0.00085374	0.0091463
234	0.086391	0.90361	0.00087264	0.0091274
235	0.078012	0.91199	0.000788	0.009212
236	0.071062	0.91894	0.0007178	0.0092822
237	0.065046	0.92495	0.00065703	0.009343
238	0.060137	0.92986	0.00060744	0.0093926
239	0.055941	0.93406	0.00056506	0.0094349
240	0.052644	0.93736	0.00053175	0.0094682
241	0.050133	0.93987	0.00050639	0.0094936
242	0.048126	0.94187	0.00048612	0.0095139
243	0.046643	0.94336	0.00047114	0.0095289
244	0.045654	0.94435	0.00046115	0.0095388
245	0.045298	0.9447	0.00045756	0.0095424
246	0.045352	0.94465	0.0004581	0.0095419
247	0.046031	0.94397	0.00046496	0.009535
248	0.047134	0.94287	0.0004761	0.0095239
249	0.04874	0.94126	0.00049232	0.0095077
250	0.051056	0.93894	0.00051572	0.0094843
251	0.053898	0.9361	0.00054442	0.0094556
252	0.057384	0.93262	0.00057964	0.0094204
253	0.061778	0.92822	0.00062402	0.009376
254	0.066911	0.92309	0.00067586	0.0093241
255	0.072876	0.91712	0.00073612	0.0092639
256	0.079875	0.91012	0.00080682	0.0091932
257	0.087949	0.90205	0.00088838	0.0091116
258	0.097244	0.89276	0.00098226	0.0090177
259	0.10805	0.88195	0.0010914	0.0089086
260	0.12059	0.86941	0.0012181	0.0087819
261	0.13554	0.85446	0.0013691	0.0086309
262	0.15265	0.83735	0.0015419	0.0084581
263	0.17224	0.81776	0.0017398	0.0082602
264	0.19547	0.79453	0.0019744	0.0080256
265	0.19952	0.79048	0.0020153	0.0079847
266	0.20539	0.78461	0.0020746	0.0079254
267	0.21291	0.77709	0.0021506	0.0078494
268	0.22211	0.76789	0.0022436	0.0077564
269	0.2333	0.7567	0.0023566	0.0076434
270	0.2467	0.7433	0.002492	0.007508
271	0.26242	0.72758	0.0026507	0.0073493
272	0.26162	0.72838	0.0026426	0.0073574
273	0.26272	0.72728	0.0026537	0.0073463
274	0.26545	0.72455	0.0026813	0.0073187
275	0.27022	0.71978	0.0027295	0.0072705
276	0.27717	0.71283	0.0027997	0.0072003
277	0.26907	0.72093	0.0027179	0.0072821
278	0.26322	0.72678	0.0026588	0.0073412
279	0.25911	0.73089	0.0026173	0.0073827
280	0.25696	0.73304	0.0025956	0.0074044
281	0.2563	0.7337	0.0025889	0.0074111
282	0.25711	0.73289	0.002597	0.007403
283	0.2594	0.7306	0.0026202	0.0073798
284	0.26366	0.72634	0.0026633	0.0073367
285	0.26967	0.72033	0.0027239	0.0072761
286	0.27741	0.71259	0.0028022	0.0071978
287	0.28761	0.70239	0.0029051	0.0070949
288	0.30054	0.68946	0.0030358	0.0069642
289	0.29781	0.69219	0.0030082	0.0069918
290	0.29681	0.69319	0.0029981	0.0070019
291	0.29739	0.69261	0.003004	0.006996
292	0.2997	0.6903	0.0030272	0.0069728
293	0.30413	0.68587	0.003072	0.006928
294	0.3103	0.6797	0.0031344	0.0068656
295	0.31832	0.67168	0.0032153	0.0067847
296	0.32833	0.66167	0.0033164	0.0066836
297	0.34068	0.64932	0.0034412	0.0065588
298	0.3561	0.6339	0.0035969	0.0064031
299	0.37447	0.61553	0.0037825	0.0062175
300	0.39594	0.59406	0.0039994	0.0060006
301	0.39796	0.59204	0.0040198	0.0059802
302	0.40234	0.58766	0.004064	0.005936
303	0.40865	0.58135	0.0041278	0.0058722
304	0.41755	0.57245	0.0042177	0.0057823
305	0.42868	0.56132	0.0043301	0.0056699
306	0.4429	0.5471	0.0044738	0.0055262
307	0.46007	0.52993	0.0046472	0.0053528
308	0.48054	0.50946	0.004854	0.005146
309	0.50548	0.48452	0.0051058	0.0048942
310	0.53473	0.45527	0.0054013	0.0045987
311	0.56856	0.42144	0.005743	0.004257
312	0.60895	0.38105	0.006151	0.003849
313	0.65542	0.33458	0.0066204	0.0033796
314	0.71077	0.27923	0.0071795	0.0028205
315	0.77427	0.21573	0.0078209	0.0021791
316	0.77612	0.21388	0.0078396	0.0021604
317	0.78028	0.20972	0.0078817	0.0021183
318	0.78652	0.20348	0.0079447	0.0020553
319	0.7953	0.1947	0.0080333	0.0019667
320	0.80634	0.18366	0.0081449	0.0018551
321	0.82043	0.16957	0.0082871	0.0017129
322	0.82052	0.16948	0.008288	0.001712
323	0.82273	0.16727	0.0083104	0.0016896
324	0.82683	0.16317	0.0083519	0.0016481
325	0.83323	0.15677	0.0084164	0.0015836
326	0.8421	0.1479	0.008506	0.001494
327	0.85365	0.13635	0.0086227	0.0013773
328	0.85293	0.13707	0.0086154	0.0013846
329	0.85384	0.13616	0.0086247	0.0013753
330	0.85651	0.13349	0.0086516	0.0013484
331	0.86126	0.12874	0.0086996	0.0013004
332	0.86823	0.12177	0.00877	0.00123
333	0.87759	0.11241	0.0088645	0.0011355
334	0.88911	0.10089	0.0089809	0.0010191
335	0.90358	0.086418	0.0091271	0.00087291
336	0.92137	0.068633	0.0093067	0.00069327
337	0.926	0.064002	0.0093535	0.00064649
338	0.92314	0.066859	0.0093247	0.00067535
339	0.9219	0.068096	0.0093122	0.00068784
340	0.92208	0.067919	0.0093139	0.00068605
341	0.91374	0.076263	0.0092297	0.00077033
342	0.90727	0.082734	0.0091643	0.0008357
343	0.90278	0.087223	0.009119	0.00088104
344	0.89984	0.090162	0.0090893	0.00091073
345	0.89869	0.091309	0.0090777	0.00092231
346	0.89931	0.090695	0.0090839	0.00091611
347	0.90147	0.088528	0.0091058	0.00089422
348	0.90524	0.084764	0.0091438	0.0008562
349	0.90035	0.089649	0.0090945	0.00090555
350	0.89734	0.092664	0.009064	0.000936
351	0.89591	0.094093	0.0090496	0.00095043
352	0.89624	0.093765	0.0090529	0.00094712
353	0.89813	0.091875	0.009072	0.00092803
354	0.90183	0.088171	0.0091094	0.00089062
355	0.90722	0.082782	0.0091638	0.00083619
356	0.91431	0.075693	0.0092354	0.00076457
357	0.92323	0.066774	0.0093255	0.00067448
358	0.92347	0.066525	0.009328	0.00067197
359	0.92513	0.064866	0.0093448	0.00065521
360	0.92824	0.061763	0.0093761	0.00062387
361	0.93304	0.056956	0.0094247	0.00057532
362	0.93939	0.050613	0.0094888	0.00051124
363	0.94738	0.042618	0.0095695	0.00043048
364	0.95754	0.032458	0.0096721	0.00032786
365	0.9597	0.030303	0.0096939	0.00030609
366	0.96322	0.026782	0.0097295	0.00027052
367	0.96819	0.021811	0.0097797	0.00022031
368	0.97457	0.01543	0.0098441	0.00015586
369	0.98269	0.0073093	0.0099262	7.3832e-05
370	0.98537	0.0046345	0.0099532	4.6813e-05
371	0.983	0.0069978	0.0099293	7.0685e-05
372	0.98158	0.0084204	0.0099149	8.5055e-05
373	0.98096	0.0090406	0.0099087	9.1319e-05
374	0.98123	0.0087724	0.0099114	8.861e-05
375	0.98229	0.0077088	0.0099221	7.7867e-05
376	0.98417	0.0058307	0.0099411	5.8896e-05
377	0.98388	0.0061159	0.0099382	6.1776e-05
378	0.98435	0.005652	0.0099429	5.7091e-05
379	0.97715	0.012847	0.0098702	0.00012977
380	0.95637	0.033627	0.0096603	0.00033967
381	0.93878	0.051221	0.0094826	0.00051738
382	0.92443	0.065572	0.0093377	0.00066234
383	0.91291	0.077088	0.0092213	0.00077867
384	0.90347	0.086525	0.009126	0.00087399
385	0.89634	0.093664	0.0090539	0.0009461
386	0.89103	0.098969	0.0090003	0.00099969
387	0.88745	0.10255	0.0089641	0.0010359
388	0.88552	0.10448	0.0089446	0.0010554
389	0.8709	0.1191	0.008797	0.001203
390	0.85876	0.13124	0.0086744	0.0013256
391	0.84937	0.14063	0.0085795	0.0014205
392	0.84213	0.14787	0.0085064	0.0014936
393	0.8372	0.1528	0.0084566	0.0015434
394	0.76206	0.22794	0.0076975	0.0023025
395	0.69878	0.29122	0.0070584	0.0029416
396	0.64363	0.34637	0.0065013	0.0034987
397	0.59719	0.39281	0.0060322	0.0039678
398	0.5572	0.4328	0.0056283	0.0043717
399	0.52251	0.46749	0.0052779	0.0047221
400	0.49279	0.49721	0.0049777	0.0050223
401	0.46743	0.52257	0.0047215	0.0052785
402	0.44651	0.54349	0.0045102	0.0054898
403	0.42945	0.56055	0.0043379	0.0056621
404	0.41513	0.57487	0.0041932	0.0058068
405	0.40394	0.58606	0.0040802	0.0059198
406	0.39551	0.59449	0.0039951	0.0060049
407	0.38925	0.60075	0.0039318	0.0060682
408	0.3849	0.6051	0.0038879	0.0061121
409	0.38284	0.60716	0.0038671	0.0061329
410	0.38256	0.60744	0.0038643	0.0061357
411	0.36368	0.62632	0.0036735	0.0063265
412	0.34836	0.64164	0.0035187	0.0064813
413	0.33611	0.65389	0.003395	0.006605
414	0.3266	0.6634	0.003299	0.006701
415	0.31906	0.67094	0.0032229	0.0067771
416	0.31337	0.67663	0.0031653	0.0068347
417	0.3099	0.6801	0.0031303	0.0068697
418	0.30856	0.68144	0.0031167	0.0068833
419	0.30931	0.68069	0.0031243	0.0068757
420	0.31181	0.67819	0.0031496	0.0068504
421	0.29787	0.69213	0.0030088	0.0069912
422	0.2862	0.7038	0.0028909	0.0071091
423	0.27657	0.71343	0.0027936	0.0072064
424	0.26934	0.72066	0.0027206	0.0072794
425	0.2643	0.7257	0.0026697	0.0073303
426	0.26128	0.72872	0.0026392	0.0073608
427	0.23901	0.75099	0.0024143	0.0075857
428	0.22049	0.76951	0.0022272	0.0077728
429	0.20467	0.78533	0.0020674	0.0079326
430	0.19164	0.79836	0.0019358	0.0080642
431	0.18054	0.80946	0.0018236	0.0081764
432	0.17129	0.81871	0.0017302	0.0082698
433	0.16358	0.82642	0.0016523	0.0083477
434	0.15771	0.83229	0.0015931	0.0084069
435	0.15352	0.83648	0.0015507	0.0084493
436	0.15058	0.83942	0.0015211	0.0084789
437	0.14914	0.84086	0.0015064	0.0084936
438	0.1491	0.8409	0.0015061	0.0084939
439	0.15023	0.83977	0.0015175	0.0084825
440	0.15284	0.83716	0.0015438	0.0084562
441	0.15698	0.83302	0.0015857	0.0084143
442	0.14878	0.84122	0.0015028	0.0084972
443	0.14207	0.84793	0.0014351	0.0085649
444	0.13662	0.85338	0.00138	0.00862
445	0.13267	0.85733	0.0013401	0.0086599
446	0.12988	0.86012	0.0013119	0.0086881
447	0.12842	0.86158	0.0012972	0.0087028
448	0.12794	0.86206	0.0012923	0.0087077
449	0.12877	0.86123	0.0013007	0.0086993
450	0.13058	0.85942	0.001319	0.008681
451	0.13341	0.85659	0.0013476	0.0086524
452	0.13731	0.85269	0.0013869	0.0086131
453	0.14244	0.84756	0.0014388	0.0085612
454	0.14881	0.84119	0.0015031	0.0084969
455	0.15653	0.83347	0.0015811	0.0084189
456	0.1662	0.8238	0.0016788	0.0083212
457	0.17809	0.81191	0.0017989	0.0082011
458	0.19195	0.79805	0.0019389	0.0080611
459	0.20819	0.78181	0.0021029	0.0078971
460	0.22775	0.76225	0.0023005	0.0076995
461	0.25118	0.73882	0.0025371	0.0074629
462	0.27906	0.71094	0.0028188	0.0071812
463	0.28466	0.70534	0.0028754	0.0071246
464	0.29255	0.69745	0.002955	0.007045
465	0.3025	0.6875	0.0030556	0.0069444
466	0.31516	0.67484	0.0031835	0.0068165
467	0.3304	0.6596	0.0033374	0.0066626
468	0.34905	0.64095	0.0035258	0.0064742
469	0.37164	0.61836	0.003754	0.006246
470	0.37395	0.61605	0.0037773	0.0062227
471	0.37858	0.61142	0.0038241	0.0061759
472	0.38567	0.60433	0.0038956	0.0061044
473	0.39481	0.59519	0.0039879	0.0060121
474	0.40633	0.58367	0.0041044	0.0058956
475	0.42101	0.56899	0.0042526	0.0057474
476	0.41838	0.57162	0.0042261	0.0057739
477	0.41772	0.57228	0.0042194	0.0057806
478	0.4194	0.5706	0.0042364	0.0057636
479	0.42294	0.56706	0.0042722	0.0057278
480	0.42841	0.56159	0.0043274	0.0056726
481	0.43605	0.55395	0.0044045	0.0055955
482	0.44601	0.54399	0.0045052	0.0054948
483	0.45851	0.53149	0.0046314	0.0053686
484	0.4539	0.5361	0.0045848	0.0054152
485	0.4517	0.5383	0.0045627	0.0054373
486	0.45139	0.53861	0.0045595	0.0054405
487	0.45346	0.53654	0.0045804	0.0054196
488	0.45794	0.53206	0.0046257	0.0053743
489	0.46458	0.52542	0.0046927	0.0053073
490	0.45511	0.53489	0.0045971	0.0054029
491	0.44782	0.54218	0.0045234	0.0054766
492	0.44269	0.54731	0.0044717	0.0055283
493	0.41525	0.57475	0.0041945	0.0058055
494	0.39247	0.59753	0.0039643	0.0060357
495	0.3737	0.6163	0.0037748	0.0062252
496	0.35777	0.63223	0.0036138	0.0063862
497	0.345	0.645	0.0034848	0.0065152
498	0.33447	0.65553	0.0033785	0.0066215
499	0.32657	0.66343	0.0032987	0.0067013
500	0.32106	0.66894	0.003243	0.006757
501	0.31742	0.67258	0.0032062	0.0067938
502	0.31593	0.67407	0.0031912	0.0068088
503	0.31608	0.67392	0.0031928	0.0068072
504	0.31835	0.67165	0.0032157	0.0067843
505	0.30389	0.68611	0.0030696	0.0069304
506	0.2919	0.6981	0.0029485	0.0070515
507	0.282	0.708	0.0028485	0.0071515
508	0.27414	0.71586	0.0027691	0.0072309
509	0.26853	0.72147	0.0027124	0.0072876
510	0.26454	0.72546	0.0026721	0.0073279
511	0.2621	0.7279	0.0026475	0.0073525
512	0.26128	0.72872	0.0026392	0.0073608
513	0.26237	0.72763	0.0026502	0.0073498
514	0.26496	0.72504	0.0026764	0.0073236
515	0.26911	0.72089	0.0027183	0.0072817
516	0.27535	0.71465	0.0027813	0.0072187
517	0.26659	0.72341	0.0026929	0.0073071
518	0.26013	0.72987	0.0026276	0.0073724
519	0.25575	0.73425	0.0025833	0.0074167
520	0.25291	0.73709	0.0025546	0.0074454
521	0.25199	0.73801	0.0025454	0.0074546
522	0.25254	0.73746	0.0025509	0.0074491
523	0.25455	0.73545	0.0025713	0.0074287
524	0.25808	0.73192	0.0026068	0.0073932
525	0.26362	0.72638	0.0026628	0.0073372
526	0.27134	0.71866	0.0027408	0.0072592
527	0.2643	0.7257	0.0026697	0.0073303
528	0.25908	0.73092	0.0026169	0.0073831
529	0.23224	0.75776	0.0023458	0.0076542
530	0.20884	0.78116	0.0021095	0.0078905
531	0.18926	0.80074	0.0019117	0.0080883
532	0.17243	0.81757	0.0017417	0.0082583
533	0.15846	0.83154	0.0016006	0.0083994
534	0.14641	0.84359	0.0014789	0.0085211
535	0.13652	0.85348	0.0013789	0.0086211
536	0.1281	0.8619	0.0012939	0.0087061
537	0.121	0.869	0.0012222	0.0087778
538	0.11509	0.87491	0.0011625	0.0088375
539	0.11026	0.87974	0.0011138	0.0088862
540	0.10653	0.88347	0.001076	0.008924
541	0.1038	0.8862	0.0010485	0.0089515
542	0.10224	0.88776	0.0010327	0.0089673
543	0.10182	0.88818	0.0010285	0.0089715
544	0.089461	0.90054	0.00090365	0.0090964
545	0.078746	0.91125	0.00079541	0.0092046
546	0.069451	0.92055	0.00070153	0.0092985
547	0.061388	0.92861	0.00062008	0.0093799
548	0.054615	0.93538	0.00055167	0.0094483
549	0.048948	0.94105	0.00049443	0.0095056
550	0.044047	0.94595	0.00044492	0.0095551
551	0.039811	0.95019	0.00040213	0.0095979
552	0.036308	0.95369	0.00036675	0.0096332
553	0.033245	0.95675	0.00033581	0.0096642
554	0.030617	0.95938	0.00030926	0.0096907
555	0.028371	0.96163	0.00028657	0.0097134
556	0.02646	0.96354	0.00026727	0.0097327
557	0.024845	0.96515	0.00025096	0.009749
558	0.023494	0.96651	0.00023731	0.0097627
559	0.022337	0.96766	0.00022563	0.0097744
560	0.021496	0.9685	0.00021713	0.0097829
561	0.020959	0.96904	0.0002117	0.0097883
562	0.02071	0.96929	0.00020919	0.0097908
563	0.020597	0.9694	0.00020805	0.009792
564	0.020752	0.96925	0.00020961	0.0097904
565	0.021081	0.96892	0.00021294	0.0097871
566	0.021701	0.9683	0.00021921	0.0097808
567	0.022517	0.96748	0.00022745	0.0097726
568	0.023663	0.96634	0.00023902	0.009761
569	0.025159	0.96484	0.00025413	0.0097459
570	0.027045	0.96295	0.00027318	0.0097268
571	0.029375	0.96063	0.00029671	0.0097033
572	0.032025	0.95797	0.00032349	0.0096765
573	0.03526	0.95474	0.00035616	0.0096438
574	0.038996	0.951	0.0003939	0.0096061
575	0.043499	0.9465	0.00043938	0.0095606
576	0.048615	0.94139	0.00049106	0.0095089
577	0.05472	0.93528	0.00055273	0.0094473
578	0.061753	0.92825	0.00062377	0.0093762
579	0.069857	0.92014	0.00070563	0.0092944
580	0.079483	0.91052	0.00080286	0.0091971
581	0.090573	0.89943	0.00091488	0.0090851
582	0.10322	0.88678	0.0010426	0.0089574
583	0.10394	0.88606	0.0010499	0.0089501
584	0.10581	0.88419	0.0010688	0.0089312
585	0.10856	0.88144	0.0010965	0.0089035
586	0.10031	0.88969	0.0010132	0.0089868
587	0.093251	0.89675	0.00094193	0.0090581
588	0.087581	0.90242	0.00088465	0.0091153
589	0.082924	0.90708	0.00083762	0.0091624
590	0.079107	0.91089	0.00079906	0.0092009
591	0.07606	0.91394	0.00076828	0.0092317
592	0.073728	0.91627	0.00074473	0.0092553
593	0.072342	0.91766	0.00073072	0.0092693
594	0.07184	0.91816	0.00072565	0.0092743
595	0.071965	0.91804	0.00072692	0.0092731
596	0.072718	0.91728	0.00073453	0.0092655
597	0.074184	0.91582	0.00074933	0.0092507
598	0.076601	0.9134	0.00077375	0.0092263
599	0.08004	0.90996	0.00080848	0.0091915
600	0.084572	0.90543	0.00085426	0.0091457
601	0.090324	0.89968	0.00091236	0.0090876
602	0.097453	0.89255	0.00098438	0.0090156
603	0.10576	0.88424	0.0010683	0.0089317
604	0.10335	0.88665	0.0010439	0.0089561
605	0.10209	0.88791	0.0010312	0.0089688
606	0.10173	0.88827	0.0010276	0.0089724
607	0.10251	0.88749	0.0010355	0.0089645
608	0.10413	0.88587	0.0010518	0.0089482
609	0.1067	0.8833	0.0010778	0.0089222
610	0.11027	0.87973	0.0011138	0.0088862
611	0.11516	0.87484	0.0011632	0.0088368
612	0.10929	0.88071	0.001104	0.008896
613	0.10484	0.88516	0.001059	0.008941
614	0.10133	0.88867	0.0010236	0.0089764
615	0.098716	0.89128	0.00099713	0.0090029
616	0.096937	0.89306	0.00097917	0.0090208
617	0.096044	0.89396	0.00097014	0.0090299
618	0.096219	0.89378	0.0009719	0.0090281
619	0.097263	0.89274	0.00098245	0.0090175
620	0.099431	0.89057	0.0010044	0.0089956
621	0.10278	0.88722	0.0010382	0.0089618
622	0.095539	0.89446	0.00096504	0.009035
623	0.089472	0.90053	0.00090376	0.0090962
624	0.084708	0.90529	0.00085563	0.0091444
625	0.081111	0.90889	0.0008193	0.0091807
626	0.078286	0.91171	0.00079077	0.0092092
627	0.076182	0.91382	0.00076951	0.0092305
628	0.075014	0.91499	0.00075772	0.0092423
629	0.074571	0.91543	0.00075324	0.0092468
630	0.075043	0.91496	0.00075801	0.009242
631	0.076445	0.91356	0.00077217	0.0092278
632	0.07853	0.91147	0.00079324	0.0092068
633	0.081414	0.90859	0.00082236	0.0091776
634	0.085153	0.90485	0.00086013	0.0091399
635	0.090075	0.89992	0.00090985	0.0090902
636	0.096319	0.89368	0.00097292	0.0090271
637	0.10403	0.88597	0.0010508	0.0089492
638	0.11301	0.87699	0.0011415	0.0088585
639	0.12354	0.86646	0.0012479	0.0087521
640	0.13621	0.85379	0.0013758	0.0086242
641	0.13569	0.85431	0.0013706	0.0086294
642	0.13627	0.85373	0.0013764	0.0086236
643	0.13786	0.85214	0.0013926	0.0086074
644	0.1405	0.8495	0.0014192	0.0085808
645	0.14459	0.84541	0.0014605	0.0085395
646	0.13686	0.85314	0.0013824	0.0086176
647	0.13043	0.85957	0.0013175	0.0086825
648	0.12554	0.86446	0.0012681	0.0087319
649	0.12173	0.86827	0.0012296	0.0087704
650	0.11927	0.87073	0.0012047	0.0087953
651	0.11776	0.87224	0.0011895	0.0088105
652	0.11725	0.87275	0.0011844	0.0088156
653	0.11799	0.87201	0.0011918	0.0088082
654	0.11965	0.87035	0.0012086	0.0087914
655	0.12235	0.86765	0.0012359	0.0087641
656	0.12643	0.86357	0.001277	0.008723
657	0.1316	0.8584	0.0013292	0.0086708
658	0.13834	0.85166	0.0013974	0.0086026
659	0.14653	0.84347	0.0014801	0.0085199
660	0.15622	0.83378	0.001578	0.008422
661	0.16771	0.82229	0.0016941	0.0083059
662	0.18171	0.80829	0.0018355	0.0081645
663	0.19861	0.79139	0.0020062	0.0079938
664	0.21808	0.77192	0.0022029	0.0077971
665	0.24132	0.74868	0.0024376	0.0075624
666	0.26904	0.72096	0.0027176	0.0072824
667	0.30081	0.68919	0.0030385	0.0069615
668	0.3081	0.6819	0.0031121	0.0068879
669	0.31744	0.67256	0.0032065	0.0067935
670	0.32952	0.66048	0.0033285	0.0066715
671	0.34466	0.64534	0.0034814	0.0065186
672	0.36324	0.62676	0.0036691	0.0063309
673	0.38515	0.60485	0.0038904	0.0061096
674	0.41155	0.57845	0.004157	0.005843
675	0.44235	0.54765	0.0044682	0.0055318
676	0.47909	0.51091	0.0048393	0.0051607
677	0.52134	0.46866	0.0052661	0.0047339
678	0.56985	0.42015	0.0057561	0.0042439
679	0.62738	0.36262	0.0063372	0.0036628
680	0.69332	0.29668	0.0070032	0.0029968
681	0.71477	0.27523	0.0072199	0.0027801
682	0.74017	0.24983	0.0074765	0.0025235
683	0.77004	0.21996	0.0077782	0.0022218
684	0.80499	0.18501	0.0081312	0.0018688
685	0.84574	0.14426	0.0085428	0.0014572
686	0.85869	0.13131	0.0086737	0.0013263
687	0.87484	0.11516	0.0088368	0.0011632
688	0.89393	0.09607	0.0090296	0.0009704
689	0.89857	0.091426	0.0090765	0.0009235
690	0.90499	0.085013	0.0091413	0.00085872
691	0.9133	0.076699	0.0092253	0.00077474
692	0.92399	0.066012	0.0093332	0.00066678
693	0.93687	0.053134	0.0094633	0.0005367
694	0.95275	0.037249	0.0096238	0.00037625
695	0.95723	0.032769	0.009669	0.000331
696	0.96333	0.026671	0.0097306	0.0002694
697	0.97101	0.018994	0.0098081	0.00019186
698	0.98068	0.0093167	0.0099059	9.4108e-05
699	0.98375	0.0062519	0.0099368	6.315e-05
700	0.98419	0.0058103	0.0099413	5.869e-05
701	0.98258	0.007418	0.0099251	7.4929e-05
702	0.98185	0.0081451	0.0099177	8.2274e-05
703	0.9819	0.0080968	0.0099182	8.1786e-05
704	0.98273	0.0072723	0.0099265	7.3458e-05
705	0.97535	0.014649	0.009852	0.00014797
706	0.96945	0.020554	0.0097924	0.00020762
707	0.96483	0.025165	0.0097458	0.0002542
708	0.96143	0.028565	0.0097115	0.00028854
709	0.94913	0.040866	0.0095872	0.00041278
710	0.9393	0.050697	0.0094879	0.00051209
711	0.93139	0.058606	0.009408	0.00059198
712	0.92549	0.064513	0.0093484	0.00065165
713	0.92119	0.068806	0.009305	0.00069501
714	0.91863	0.071366	0.0092791	0.00072086
715	0.91771	0.072285	0.0092698	0.00073016
716	0.91816	0.071836	0.0092744	0.00072562
717	0.92006	0.06994	0.0092935	0.00070647
718	0.91378	0.076217	0.0092301	0.00076987
719	0.90944	0.080561	0.0091863	0.00081375
720	0.90688	0.083119	0.0091604	0.00083959
721	0.90604	0.083962	0.0091519	0.0008481
722	0.9067	0.083302	0.0091586	0.00084143
723	0.90887	0.081126	0.0091805	0.00081946
724	0.91281	0.077185	0.0092203	0.00077965
725	0.91832	0.071678	0.009276	0.00072402
726	0.91546	0.074537	0.0092471	0.0007529
727	0.90103	0.088973	0.0091013	0.00089872
728	0.88951	0.10049	0.0089849	0.0010151
729	0.88012	0.10988	0.0088901	0.0011099
730	0.87271	0.11729	0.0088152	0.0011848
731	0.86751	0.12249	0.0087627	0.0012373
732	0.86411	0.12589	0.0087284	0.0012716
733	0.86245	0.12755	0.0087117	0.0012883
734	0.86272	0.12728	0.0087144	0.0012856
735	0.86469	0.12531	0.0087343	0.0012657
736	0.86865	0.12135	0.0087743	0.0012257
737	0.8747	0.1153	0.0088354	0.0011646
738	0.88302	0.10698	0.0089194	0.0010806
739	0.86567	0.12433	0.0087441	0.0012559
740	0.85169	0.13831	0.0086029	0.0013971
741	0.84065	0.14935	0.0084915	0.0015085
742	0.83225	0.15775	0.0084066	0.0015934
743	0.82596	0.16404	0.0083431	0.0016569
744	0.82166	0.16834	0.0082996	0.0017004
745	0.80099	0.18901	0.0080908	0.0019092
746	0.78417	0.20583	0.0079209	0.0020791
747	0.77032	0.21968	0.007781	0.002219
748	0.75954	0.23046	0.0076721	0.0023279
749	0.75117	0.23883	0.0075876	0.0024124
750	0.74538	0.24462	0.0075291	0.0024709
751	0.74158	0.24842	0.0074907	0.0025093
752	0.74015	0.24985	0.0074763	0.0025237
753	0.7406	0.2494	0.0074808	0.0025192
754	0.74306	0.24694	0.0075056	0.0024944
755	0.74745	0.24255	0.00755	0.00245
756	0.75386	0.23614	0.0076148	0.0023852
757	0.76255	0.22745	0.0077025	0.0022975
758	0.77352	0.21648	0.0078134	0.0021866
759	0.78759	0.20241	0.0079554	0.0020446
760	0.78729	0.20271	0.0079524	0.0020476
761	0.77166	0.21834	0.0077946	0.0022054
762	0.75889	0.23111	0.0076656	0.0023344
763	0.74872	0.24128	0.0075628	0.0024372
764	0.7413	0.2487	0.0074879	0.0025121
765	0.73597	0.25403	0.0074341	0.0025659
766	0.73262	0.25738	0.0074002	0.0025998
767	0.73164	0.25836	0.0073903	0.0026097
768	0.73267	0.25733	0.0074007	0.0025993
769	0.73603	0.25397	0.0074346	0.0025654
770	0.74137	0.24863	0.0074886	0.0025114
771	0.73294	0.25706	0.0074034	0.0025966
772	0.72714	0.26286	0.0073449	0.0026551
773	0.72336	0.26664	0.0073067	0.0026933
774	0.72163	0.26837	0.0072892	0.0027108
775	0.72224	0.26776	0.0072953	0.0027047
776	0.72476	0.26524	0.0073208	0.0026792
777	0.72924	0.26076	0.007366	0.002634
778	0.73589	0.25411	0.0074332	0.0025668
779	0.74522	0.24478	0.0075274	0.0024726
780	0.75692	0.23308	0.0076456	0.0023544
781	0.77186	0.21814	0.0077966	0.0022034
782	0.77159	0.21841	0.0077939	0.0022061
783	0.77355	0.21645	0.0078137	0.0021863
784	0.77739	0.21261	0.0078524	0.0021476
785	0.7836	0.2064	0.0079152	0.0020848
786	0.79202	0.19798	0.0080002	0.0019998
787	0.80282	0.18718	0.0081093	0.0018907
788	0.81668	0.17332	0.0082493	0.0017507
789	0.83329	0.15671	0.0084171	0.0015829
790	0.85375	0.13625	0.0086237	0.0013763
791	0.8777	0.1123	0.0088657	0.0011343
792	0.88377	0.10623	0.008927	0.001073
793	0.89167	0.098329	0.0090068	0.00099322
794	0.90156	0.088443	0.0091066	0.00089337
795	0.91373	0.076267	0.0092296	0.00077038
796	0.91574	0.074258	0.0092499	0.00075008
797	0.91919	0.070808	0.0092848	0.00071523
798	0.91472	0.075283	0.0092396	0.00076043
799	0.91174	0.078263	0.0092095	0.00079053
800	0.91048	0.07952	0.0091968	0.00080323
801	0.91089	0.079111	0.0092009	0.0007991
802	0.91271	0.077288	0.0092193	0.00078068
803	0.91628	0.07372	0.0092553	0.00074465
804	0.92137	0.068628	0.0093068	0.00069322
805	0.92808	0.061919	0.0093746	0.00062545
806	0.92705	0.062947	0.0093642	0.00063583
807	0.92757	0.062429	0.0093694	0.00063059
808	0.92009	0.069908	0.0092939	0.00070614
809	0.9146	0.075398	0.0092384	0.0007616
810	0.91067	0.079331	0.0091987	0.00080132
811	0.89393	0.096071	0.0090296	0.00097042
812	0.88042	0.10958	0.0088932	0.0011068
813	0.8694	0.1206	0.0087818	0.0012182
814	0.86063	0.12937	0.0086932	0.0013068
815	0.85383	0.13617	0.0086245	0.0013755
816	0.84887	0.14113	0.0085744	0.0014256
817	0.84576	0.14424	0.008543	0.001457
818	0.84471	0.14529	0.0085324	0.0014676
819	0.84541	0.14459	0.0085395	0.0014605
820	0.83418	0.15582	0.008426	0.001574
821	0.82516	0.16484	0.008335	0.001665
822	0.81832	0.17168	0.0082659	0.0017341
823	0.81352	0.17648	0.0082174	0.0017826
824	0.81095	0.17905	0.0081914	0.0018086
825	0.81026	0.17974	0.0081844	0.0018156
826	0.81171	0.17829	0.0081991	0.0018009
827	0.81536	0.17464	0.008236	0.001764
828	0.82099	0.16901	0.0082928	0.0017072
829	0.81447	0.17553	0.008227	0.001773
830	0.80998	0.18002	0.0081816	0.0018184
831	0.80742	0.18258	0.0081558	0.0018442
832	0.78807	0.20193	0.0079603	0.0020397
833	0.77242	0.21758	0.0078022	0.0021978
834	0.75963	0.23037	0.007673	0.002327
835	0.7169	0.2731	0.0072414	0.0027586
836	0.67986	0.31014	0.0068672	0.0031328
837	0.64903	0.34097	0.0065558	0.0034442
838	0.62277	0.36723	0.0062907	0.0037093
839	0.60117	0.38883	0.0060724	0.0039276
840	0.58286	0.40714	0.0058875	0.0041125
841	0.52481	0.46519	0.0053011	0.0046989
842	0.47461	0.51539	0.0047941	0.0052059
843	0.43125	0.55875	0.0043561	0.0056439
844	0.39476	0.59524	0.0039875	0.0060125
845	0.36413	0.62587	0.0036781	0.0063219
846	0.33756	0.65244	0.0034097	0.0065903
847	0.31481	0.67519	0.0031799	0.0068201
848	0.29601	0.69399	0.00299	0.00701
849	0.28011	0.70989	0.0028294	0.0071706
850	0.26678	0.72322	0.0026948	0.0073052
851	0.25574	0.73426	0.0025832	0.0074168
852	0.24677	0.74323	0.0024926	0.0075074
853	0.24001	0.74999	0.0024244	0.0075756
854	0.20985	0.78015	0.0021197	0.0078803
855	0.18345	0.80655	0.001853	0.008147
856	0.16058	0.82942	0.001622	0.008378
857	0.14127	0.84873	0.001427	0.008573
858	0.12455	0.86545	0.0012581	0.0087419
859	0.11048	0.87952	0.001116	0.008884
860	0.098315	0.89169	0.00099308	0.0090069
861	0.087806	0.90219	0.00088692	0.0091131
862	0.079019	0.91098	0.00079817	0.0092018
863	0.071365	0.91864	0.00072085	0.0092791
864	0.065049	0.92495	0.00065706	0.0093429
865	0.059661	0.93034	0.00060264	0.0093974
866	0.055018	0.93498	0.00055574	0.0094443
867	0.051036	0.93896	0.00051551	0.0094845
868	0.047642	0.94236	0.00048123	0.0095188
869	0.045011	0.94499	0.00045466	0.0095453
870	0.043051	0.94695	0.00043486	0.0095651
871	0.041708	0.94829	0.00042129	0.0095787
872	0.040755	0.94925	0.00041166	0.0095883
873	0.040226	0.94977	0.00040632	0.0095937
874	0.04011	0.94989	0.00040515	0.0095948
875	0.040556	0.94944	0.00040966	0.0095903
876	0.04137	0.94863	0.00041788	0.0095821
877	0.042567	0.94743	0.00042997	0.00957
878	0.044169	0.94583	0.00044615	0.0095539
879	0.046429	0.94357	0.00046898	0.009531
880	0.049414	0.94059	0.00049913	0.0095009
881	0.052948	0.93705	0.00053483	0.0094652
882	0.057095	0.9329	0.00057672	0.0094233
883	0.062006	0.92799	0.00062632	0.0093737
884	0.067699	0.9223	0.00068383	0.0093162
885	0.074366	0.91563	0.00075117	0.0092488
886	0.082046	0.90795	0.00082875	0.0091712
887	0.090878	0.89912	0.00091796	0.009082
888	0.10102	0.88898	0.0010204	0.0089796
889	0.099925	0.89008	0.0010093	0.0089907
890	0.099643	0.89036	0.0010065	0.0089935
891	0.10017	0.88983	0.0010118	0.0089882
892	0.10183	0.88817	0.0010286	0.0089714
893	0.10435	0.88565	0.001054	0.008946
894	0.10785	0.88215	0.0010894	0.0089106
895	0.11265	0.87735	0.0011378	0.0088622
896	0.11861	0.87139	0.0011981	0.0088019
897	0.12619	0.86381	0.0012747	0.0087253
898	0.13559	0.85441	0.0013696	0.0086304
899	0.14655	0.84345	0.0014803	0.0085197
900	0.15942	0.83058	0.0016103	0.0083897
901	0.17446	0.81554	0.0017622	0.0082378
902	0.19253	0.79747	0.0019448	0.0080552
903	0.21408	0.77592	0.0021624	0.0078376
904	0.23904	0.75096	0.0024145	0.0075855
905	0.26765	0.72235	0.0027035	0.0072965
906	0.30167	0.68833	0.0030472	0.0069528
907	0.31027	0.67973	0.003134	0.006866
908	0.32149	0.66851	0.0032474	0.0067526
909	0.33498	0.65502	0.0033837	0.0066163
910	0.35117	0.63883	0.0035472	0.0064528
911	0.37018	0.61982	0.0037392	0.0062608
912	0.39236	0.59764	0.0039632	0.0060368
913	0.41906	0.57094	0.004233	0.005767
914	0.45022	0.53978	0.0045477	0.0054523
915	0.4875	0.5025	0.0049243	0.0050757
916	0.53197	0.45803	0.0053734	0.0046266
917	0.58348	0.40652	0.0058937	0.0041063
918	0.64452	0.34548	0.0065104	0.0034896
919	0.66335	0.32665	0.0067005	0.0032995
920	0.68555	0.30445	0.0069248	0.0030752
921	0.7125	0.2775	0.0071969	0.0028031
922	0.71777	0.27223	0.0072502	0.0027498
923	0.72566	0.26434	0.0073299	0.0026701
924	0.73636	0.25364	0.007438	0.002562
925	0.75015	0.23985	0.0075773	0.0024227
926	0.76676	0.22324	0.007745	0.002255
927	0.78722	0.20278	0.0079517	0.0020483
928	0.8121	0.1779	0.008203	0.001797
929	0.84108	0.14892	0.0084957	0.0015043
930	0.87468	0.11532	0.0088351	0.0011649
931	0.88529	0.10471	0.0089423	0.0010577
932	0.89818	0.091818	0.0090725	0.00092745
933	0.91374	0.076256	0.0092297	0.00077026
934	0.9072	0.082803	0.0091636	0.0008364
935	0.90231	0.087691	0.0091142	0.00088576
936	0.89928	0.090717	0.0090837	0.00091633
937	0.88333	0.10667	0.0089225	0.0010775
938	0.86997	0.12003	0.0087876	0.0012124
939	0.85944	0.13056	0.0086812	0.0013188
940	0.85143	0.13857	0.0086003	0.0013997
941	0.84536	0.14464	0.008539	0.001461
942	0.84121	0.14879	0.0084971	0.0015029
943	0.82042	0.16958	0.008287	0.001713
944	0.80347	0.18653	0.0081158	0.0018842
945	0.7899	0.2001	0.0079788	0.0020212
946	0.77896	0.21104	0.0078683	0.0021317
947	0.77031	0.21969	0.0077809	0.0022191
948	0.76377	0.22623	0.0077149	0.0022851
949	0.75935	0.23065	0.0076702	0.0023298
950	0.75729	0.23271	0.0076494	0.0023506
951	0.75721	0.23279	0.0076485	0.0023515
952	0.75909	0.23091	0.0076676	0.0023324
953	0.76288	0.22712	0.0077058	0.0022942
954	0.76862	0.22138	0.0077639	0.0022361
955	0.77644	0.21356	0.0078428	0.0021572
956	0.78647	0.20353	0.0079441	0.0020559
957	0.79949	0.19051	0.0080757	0.0019243
958	0.81588	0.17412	0.0082412	0.0017588
959	0.81714	0.17286	0.0082539	0.0017461
960	0.82027	0.16973	0.0082856	0.0017144
961	0.82534	0.16466	0.0083367	0.0016633
962	0.83278	0.15722	0.0084119	0.0015881
963	0.8428	0.1472	0.0085132	0.0014868
964	0.82393	0.16607	0.0083225	0.0016775
965	0.80804	0.18196	0.008162	0.001838
966	0.79483	0.19517	0.0080286	0.0019714
967	0.78408	0.20592	0.00792	0.00208
968	0.77609	0.21391	0.0078393	0.0021607
969	0.77029	0.21971	0.0077807	0.0022193
970	0.76656	0.22344	0.007743	0.002257
971	0.76515	0.22485	0.0077288	0.0022712
972	0.76569	0.22431	0.0077342	0.0022658
973	0.75159	0.23841	0.0075918	0.0024082
974	0.74065	0.24935	0.0074813	0.0025187
975	0.73255	0.25745	0.0073995	0.0026005
976	0.70109	0.28891	0.0070817	0.0029183
977	0.67429	0.31571	0.006811	0.003189
978	0.65159	0.33841	0.0065817	0.0034183
979	0.63254	0.35746	0.0063893	0.0036107
980	0.61655	0.37345	0.0062277	0.0037723
981	0.60395	0.38605	0.0061005	0.0038995
982	0.5944	0.3956	0.006004	0.003996
983	0.58725	0.40275	0.0059319	0.0040681
984	0.58237	0.40763	0.0058826	0.0041174
985	0.57966	0.41034	0.0058551	0.0041449
986	0.57892	0.41108	0.0058477	0.0041523
987	0.58066	0.40934	0.0058652	0.0041348
988	0.58439	0.40561	0.005903	0.004097
989	0.59019	0.39981	0.0059616	0.0040384
990	0.59874	0.39126	0.0060479	0.0039521
991	0.59108	0.39892	0.0059705	0.0040295
992	0.58611	0.40389	0.0059203	0.0040797
993	0.58369	0.40631	0.0058958	0.0041042
994	0.56141	0.42859	0.0056708	0.0043292
995	0.5425	0.4475	0.0054798	0.0045202
996	0.5266	0.4634	0.0053192	0.0046808
