#coord	neutral	conserved	gBGC.neutral	gBGC.conserved
1	0.83716	0.16272	9.746e-05	2.1589e-05
2	0.84341	0.15647	9.3907e-05	2.0034e-05
3	0.85178	0.14811	9.1003e-05	1.8291e-05
4	0.86282	0.13707	8.8047e-05	1.6383e-05
5	0.87686	0.12304	8.5008e-05	1.4331e-05
6	0.89424	0.10567	8.1847e-05	1.2162e-05
7	0.91471	0.085203	7.9276e-05	9.8555e-06
8	0.92028	0.079637	7.4688e-05	9.0554e-06
9	0.92766	0.072263	7.0699e-05	8.154e-06
10	0.9265	0.073424	6.9558e-05	8.8451e-06
11	0.91499	0.08493	6.5752e-05	9.934e-06
12	0.90571	0.094217	6.2522e-05	1.0712e-05
13	0.89875	0.10118	5.9386e-05	1.1263e-05
14	0.89355	0.10638	5.669e-05	1.1606e-05
15	0.89011	0.10983	5.4408e-05	1.1764e-05
16	0.87269	0.12724	5.2216e-05	1.4644e-05
17	0.8184	0.18153	4.6699e-05	1.9303e-05
18	0.77163	0.2283	4.2166e-05	2.3097e-05
19	0.73104	0.26889	3.84e-05	2.6226e-05
20	0.69709	0.30284	3.5046e-05	2.8881e-05
21	0.66811	0.33183	3.23e-05	3.1032e-05
22	0.64422	0.35572	2.9849e-05	3.2832e-05
23	0.62389	0.37604	2.7823e-05	3.4295e-05
24	0.60696	0.39297	2.6185e-05	3.5464e-05
25	0.59308	0.40686	2.4877e-05	3.639e-05
26	0.5818	0.41814	2.3834e-05	3.7128e-05
27	0.57346	0.42648	2.2906e-05	3.7704e-05
28	0.56783	0.43211	2.2076e-05	3.8133e-05
29	0.56441	0.43553	2.1466e-05	3.8425e-05
30	0.56351	0.43643	2.0935e-05	3.8593e-05
31	0.56471	0.43523	2.0595e-05	3.8649e-05
32	0.56805	0.43189	2.0439e-05	3.86e-05
33	0.5736	0.42634	2.0463e-05	3.8448e-05
34	0.56245	0.4375	1.9227e-05	3.7331e-05
35	0.55427	0.44568	1.8058e-05	3.6065e-05
36	0.54842	0.45153	1.7121e-05	3.4746e-05
37	0.54516	0.45479	1.6218e-05	3.3315e-05
38	0.54391	0.45605	1.5493e-05	3.1864e-05
39	0.54475	0.4552	1.4943e-05	3.0398e-05
40	0.54771	0.45224	1.4557e-05	2.8919e-05
41	0.55272	0.44724	1.4311e-05	2.7427e-05
42	0.56	0.43996	1.4217e-05	2.5914e-05
43	0.56971	0.43025	1.4277e-05	2.437e-05
44	0.58204	0.41792	1.4496e-05	2.2782e-05
45	0.59726	0.40271	1.4885e-05	2.1133e-05
46	0.61566	0.3843	1.5459e-05	1.9403e-05
47	0.63832	0.36164	1.6077e-05	1.7573e-05
48	0.6658	0.33416	1.6731e-05	1.565e-05
49	0.69804	0.30193	1.7613e-05	1.3607e-05
50	0.73533	0.26464	1.8726e-05	1.1428e-05
51	0.77982	0.22015	1.9902e-05	9.1262e-06
52	0.83149	0.16848	2.1387e-05	6.6203e-06
53	0.84829	0.15168	2.145e-05	5.6385e-06
54	0.83666	0.16331	2.0474e-05	5.6361e-06
55	0.82777	0.1722	1.9515e-05	5.5556e-06
56	0.82138	0.1786	1.8563e-05	5.4061e-06
57	0.81691	0.18306	1.7757e-05	5.2052e-06
58	0.8147	0.18528	1.6944e-05	4.9514e-06
59	0.81465	0.18532	1.6115e-05	4.6517e-06
60	0.81677	0.18321	1.5261e-05	4.3125e-06
61	0.82082	0.17917	1.4541e-05	3.9477e-06
62	0.82688	0.1731	1.3942e-05	3.5593e-06
63	0.83546	0.16453	1.3312e-05	3.1445e-06
64	0.84674	0.15325	1.264e-05	2.71e-06
65	0.86103	0.13895	1.1918e-05	2.2628e-06
66	0.8781	0.12189	1.1297e-05	1.8109e-06
67	0.89902	0.10097	1.0615e-05	1.3574e-06
68	0.90407	0.095921	9.8265e-06	1.1544e-06
69	0.9112	0.088788	8.9868e-06	9.4313e-07
70	0.92062	0.07937	8.0873e-06	7.2983e-07
71	0.93258	0.067408	7.118e-06	5.2176e-07
72	0.94742	0.052571	6.0672e-06	3.2775e-07
73	0.95097	0.049021	5.0318e-06	2.3659e-07
74	0.9562	0.043792	3.9292e-06	1.4774e-07
75	0.96295	0.037048	2.9114e-06	6.8916e-08
76	0.9631	0.036899	2.769e-06	6.6675e-08
77	0.96459	0.035409	2.6054e-06	6.0803e-08
78	0.96725	0.032747	2.46e-06	5.1929e-08
79	0.96452	0.035478	2.7126e-06	7.8887e-08
80	0.96302	0.036982	2.9932e-06	1.0399e-07
81	0.96271	0.037288	3.3055e-06	1.2633e-07
82	0.95573	0.04427	3.6334e-06	1.7774e-07
83	0.9343	0.065695	3.8467e-06	3.1098e-07
84	0.9162	0.083794	4.0954e-06	4.4289e-07
85	0.9015	0.098493	4.3135e-06	5.733e-07
86	0.88979	0.11021	4.505e-06	6.9911e-07
87	0.88068	0.11931	4.6727e-06	8.1816e-07
88	0.87367	0.12633	4.8794e-06	9.3e-07
89	0.86888	0.13112	5.0648e-06	1.0324e-06
90	0.86615	0.13384	5.2308e-06	1.1241e-06
91	0.86542	0.13458	5.3791e-06	1.2037e-06
92	0.86633	0.13367	5.5652e-06	1.2728e-06
93	0.85548	0.14452	5.6059e-06	1.4552e-06
94	0.81873	0.18126	5.1549e-06	1.6213e-06
95	0.7873	0.2127	4.7897e-06	1.7329e-06
96	0.76119	0.2388	4.4391e-06	1.8007e-06
97	0.73912	0.26087	4.1539e-06	1.8322e-06
98	0.72115	0.27884	3.8734e-06	1.8309e-06
99	0.70678	0.29321	3.5944e-06	1.7999e-06
100	0.69505	0.30494	3.3596e-06	1.7497e-06
101	0.68632	0.31367	3.1204e-06	1.6765e-06
102	0.68033	0.31966	2.874e-06	1.5828e-06
103	0.67643	0.32357	2.6613e-06	1.4799e-06
104	0.67497	0.32502	2.4368e-06	1.3616e-06
105	0.67549	0.3245	2.24e-06	1.2389e-06
106	0.67812	0.32188	2.0698e-06	1.1134e-06
107	0.68277	0.31722	1.9205e-06	9.8629e-07
108	0.68968	0.31032	1.7917e-06	8.5844e-07
109	0.68166	0.31834	1.8917e-06	9.9048e-07
110	0.67582	0.32418	2.0084e-06	1.1216e-06
111	0.67218	0.32782	2.1462e-06	1.2514e-06
112	0.64873	0.35126	2.1528e-06	1.4623e-06
113	0.62881	0.37119	2.1787e-06	1.6703e-06
114	0.61224	0.38776	2.2269e-06	1.8758e-06
115	0.59868	0.40131	2.2978e-06	2.0798e-06
116	0.58833	0.41167	2.3559e-06	2.2724e-06
117	0.58088	0.41911	2.4033e-06	2.4518e-06
118	0.5756	0.4244	2.4727e-06	2.6277e-06
119	0.57289	0.4271	2.5334e-06	2.7883e-06
120	0.57269	0.4273	2.5869e-06	2.9327e-06
121	0.57461	0.42538	2.667e-06	3.0712e-06
122	0.57868	0.42131	2.7756e-06	3.2031e-06
123	0.585	0.415	2.916e-06	3.3269e-06
124	0.57521	0.42478	2.9239e-06	3.5565e-06
125	0.56786	0.43213	2.9622e-06	3.78e-06
126	0.5628	0.43719	3.0311e-06	3.9985e-06
127	0.55992	0.44007	3.1316e-06	4.2125e-06
128	0.55955	0.44044	3.2256e-06	4.4069e-06
129	0.56163	0.43836	3.3146e-06	4.5805e-06
130	0.56623	0.43376	3.4e-06	4.732e-06
131	0.57294	0.42705	3.519e-06	4.8739e-06
132	0.58205	0.41794	3.6783e-06	5.0037e-06
133	0.59373	0.40626	3.883e-06	5.1181e-06
134	0.60872	0.39127	4.0925e-06	5.2003e-06
135	0.62667	0.37333	4.3537e-06	5.2591e-06
136	0.62637	0.37362	4.2333e-06	5.0348e-06
137	0.62857	0.37142	4.106e-06	4.7882e-06
138	0.6328	0.3672	4.0158e-06	4.535e-06
139	0.63914	0.36086	3.9615e-06	4.2748e-06
140	0.6477	0.35229	3.9427e-06	4.0065e-06
141	0.65864	0.34135	3.9598e-06	3.7282e-06
142	0.67216	0.32783	4.0143e-06	3.4374e-06
143	0.6885	0.31149	4.1086e-06	3.1309e-06
144	0.70817	0.29182	4.251e-06	2.8023e-06
145	0.73228	0.26772	4.3926e-06	2.4477e-06
146	0.76142	0.23857	4.5307e-06	2.0693e-06
147	0.79556	0.20443	4.7267e-06	1.6605e-06
148	0.80514	0.19485	4.6462e-06	1.4902e-06
149	0.81722	0.18277	4.606e-06	1.3076e-06
150	0.83249	0.16751	4.5506e-06	1.1118e-06
151	0.83356	0.16644	4.9729e-06	1.2294e-06
152	0.83649	0.16351	5.455e-06	1.3373e-06
153	0.84161	0.15838	5.9177e-06	1.4258e-06
154	0.84867	0.15133	6.4461e-06	1.4965e-06
155	0.85826	0.14174	6.9627e-06	1.5389e-06
156	0.85584	0.14415	7.4226e-06	1.69e-06
157	0.85512	0.14487	7.9481e-06	1.8304e-06
158	0.85643	0.14356	8.4499e-06	1.9512e-06
159	0.85944	0.14054	9.0269e-06	2.0542e-06
160	0.86458	0.13541	9.5864e-06	2.13e-06
161	0.85892	0.14106	1.0085e-05	2.354e-06
162	0.85507	0.14492	1.0664e-05	2.5647e-06
163	0.85329	0.1467	1.1216e-05	2.7537e-06
164	0.85353	0.14646	1.1745e-05	2.917e-06
165	0.8558	0.14419	1.2257e-05	3.051e-06
166	0.86016	0.13982	1.2756e-05	3.1519e-06
167	0.86635	0.13363	1.3351e-05	3.2195e-06
168	0.87493	0.12505	1.3943e-05	3.2436e-06
169	0.87242	0.12756	1.4425e-05	3.4824e-06
170	0.85663	0.14336	1.4492e-05	4.0864e-06
171	0.84405	0.15593	1.4554e-05	4.6483e-06
172	0.80223	0.19775	1.3625e-05	5.3374e-06
173	0.76723	0.23276	1.278e-05	5.9041e-06
174	0.73806	0.26192	1.2007e-05	6.3611e-06
175	0.71304	0.28694	1.138e-05	6.7167e-06
176	0.69258	0.30741	1.0802e-05	6.988e-06
177	0.67533	0.32465	1.0338e-05	7.1873e-06
178	0.6188	0.38119	9.3093e-06	8.0173e-06
179	0.56954	0.43044	8.4702e-06	8.6952e-06
180	0.52707	0.47291	7.7999e-06	9.2439e-06
181	0.49144	0.50855	7.1991e-06	9.6926e-06
182	0.46164	0.53834	6.6595e-06	1.005e-05
183	0.43593	0.56406	6.2267e-06	1.0334e-05
184	0.41474	0.58524	5.8377e-06	1.0546e-05
185	0.39668	0.6033	5.5311e-06	1.0707e-05
186	0.38142	0.61856	5.296e-06	1.0827e-05
187	0.33204	0.66795	4.5375e-06	1.1443e-05
188	0.28924	0.71075	3.9226e-06	1.1947e-05
189	0.25315	0.74683	3.3785e-06	1.2355e-05
190	0.22189	0.7781	2.938e-06	1.2689e-05
191	0.19557	0.80442	2.5477e-06	1.2949e-05
192	0.17278	0.8272	2.2325e-06	1.3162e-05
193	0.15359	0.84639	1.9518e-06	1.3318e-05
194	0.13751	0.86247	1.7025e-06	1.3419e-05
195	0.12408	0.8759	1.481e-06	1.347e-05
196	0.11289	0.8871	1.2832e-06	1.3475e-05
197	0.10331	0.89667	1.1239e-06	1.3467e-05
198	0.095157	0.90483	9.9598e-07	1.3454e-05
199	0.088256	0.91173	8.9419e-07	1.3439e-05
200	0.082726	0.91726	8.024e-07	1.3393e-05
201	0.07809	0.9219	7.2861e-07	1.335e-05
202	0.074264	0.92572	6.701e-07	1.3313e-05
203	0.071178	0.92881	6.2475e-07	1.3284e-05
204	0.068848	0.93114	5.9224e-07	1.3264e-05
205	0.067158	0.93283	5.7002e-07	1.3254e-05
206	0.066144	0.93384	5.5849e-07	1.3256e-05
207	0.065955	0.93403	5.4904e-07	1.3235e-05
208	0.06635	0.93364	5.4846e-07	1.3225e-05
209	0.067335	0.93265	5.5672e-07	1.3226e-05
210	0.068928	0.93106	5.7412e-07	1.3238e-05
211	0.071229	0.92876	6.0252e-07	1.3261e-05
212	0.074284	0.9257	6.4307e-07	1.3295e-05
213	0.078156	0.92183	6.9742e-07	1.3338e-05
214	0.082925	0.91706	7.6781e-07	1.3388e-05
215	0.088925	0.91106	8.451e-07	1.3411e-05
216	0.09606	0.90393	9.4322e-07	1.3436e-05
217	0.093071	0.90691	9.282e-07	1.3606e-05
218	0.091185	0.9088	9.1706e-07	1.3751e-05
219	0.090075	0.90991	9.2004e-07	1.3903e-05
220	0.089721	0.91026	9.3728e-07	1.4064e-05
221	0.090117	0.90987	9.6946e-07	1.4234e-05
222	0.091546	0.90844	1.0068e-06	1.4377e-05
223	0.093841	0.90614	1.063e-06	1.4527e-05
224	0.097266	0.90272	1.1264e-06	1.4648e-05
225	0.10168	0.8983	1.2128e-06	1.4774e-05
226	0.095918	0.90407	1.1689e-06	1.5065e-05
227	0.091476	0.90851	1.1308e-06	1.5328e-05
228	0.088206	0.91178	1.0983e-06	1.5563e-05
229	0.086016	0.91397	1.0715e-06	1.577e-05
230	0.084577	0.91541	1.0613e-06	1.5985e-05
231	0.083937	0.91605	1.0694e-06	1.6212e-05
232	0.084295	0.91569	1.0834e-06	1.6409e-05
233	0.085372	0.91461	1.1146e-06	1.6616e-05
234	0.087262	0.91272	1.1663e-06	1.6833e-05
235	0.078798	0.92118	1.0627e-06	1.7234e-05
236	0.071778	0.9282	9.6657e-07	1.7604e-05
237	0.065702	0.93428	8.8883e-07	1.7984e-05
238	0.060743	0.93924	8.1661e-07	1.8336e-05
239	0.056505	0.94348	7.5932e-07	1.8701e-05
240	0.053174	0.94681	7.0645e-07	1.9039e-05
241	0.050638	0.94934	6.5741e-07	1.9351e-05
242	0.048611	0.95137	6.1988e-07	1.9679e-05
243	0.047113	0.95287	5.9421e-07	2.0029e-05
244	0.046114	0.95387	5.7951e-07	2.0402e-05
245	0.045755	0.95422	5.6674e-07	2.075e-05
246	0.045809	0.95417	5.629e-07	2.112e-05
247	0.046495	0.95348	5.6087e-07	2.1465e-05
248	0.047609	0.95237	5.6775e-07	2.1834e-05
249	0.049231	0.95075	5.8532e-07	2.2228e-05
250	0.05157	0.94841	6.0525e-07	2.2596e-05
251	0.054441	0.94554	6.356e-07	2.2988e-05
252	0.057962	0.94201	6.7921e-07	2.3407e-05
253	0.0624	0.93758	7.2683e-07	2.3796e-05
254	0.067584	0.93239	7.8886e-07	2.4208e-05
255	0.07361	0.92636	8.6766e-07	2.4641e-05
256	0.08068	0.91929	9.6852e-07	2.5097e-05
257	0.088835	0.91114	1.0933e-06	2.5571e-05
258	0.098223	0.90175	1.2469e-06	2.606e-05
259	0.10914	0.89083	1.4387e-06	2.6562e-05
260	0.12181	0.87816	1.6775e-06	2.707e-05
261	0.13691	0.86306	1.9458e-06	2.752e-05
262	0.15419	0.84578	2.2746e-06	2.796e-05
263	0.17397	0.826	2.6774e-06	2.838e-05
264	0.19744	0.80253	3.1342e-06	2.8715e-05
265	0.20153	0.79844	3.219e-06	2.7997e-05
266	0.20746	0.79251	3.3159e-06	2.7236e-05
267	0.21506	0.78491	3.4643e-06	2.6479e-05
268	0.22435	0.77562	3.6633e-06	2.5719e-05
269	0.23565	0.76432	3.9252e-06	2.4948e-05
270	0.24919	0.75078	4.2589e-06	2.4155e-05
271	0.26506	0.73491	4.6679e-06	2.333e-05
272	0.26425	0.73572	4.6619e-06	2.2968e-05
273	0.26537	0.73461	4.674e-06	2.2558e-05
274	0.26812	0.73185	4.7457e-06	2.2135e-05
275	0.27294	0.72703	4.8374e-06	2.1663e-05
276	0.27996	0.72001	4.9492e-06	2.1141e-05
277	0.27178	0.72819	4.7367e-06	2.0985e-05
278	0.26587	0.7341	4.5501e-06	2.0775e-05
279	0.26172	0.73825	4.4258e-06	2.0547e-05
280	0.25955	0.74042	4.3201e-06	2.0271e-05
281	0.25888	0.7411	4.2655e-06	1.9984e-05
282	0.2597	0.74028	4.2601e-06	1.9686e-05
283	0.26202	0.73796	4.3038e-06	1.9376e-05
284	0.26632	0.73366	4.3638e-06	1.9022e-05
285	0.27239	0.72759	4.4807e-06	1.8652e-05
286	0.28021	0.71977	4.6535e-06	1.8262e-05
287	0.2905	0.70947	4.8499e-06	1.782e-05
288	0.30357	0.69641	5.0716e-06	1.7325e-05
289	0.30081	0.69917	4.913e-06	1.7134e-05
290	0.2998	0.70018	4.8146e-06	1.6925e-05
291	0.30039	0.69959	4.7687e-06	1.6701e-05
292	0.30272	0.69726	4.7785e-06	1.646e-05
293	0.3072	0.69278	4.804e-06	1.6175e-05
294	0.31343	0.68655	4.8821e-06	1.5873e-05
295	0.32153	0.67845	5.0156e-06	1.555e-05
296	0.33164	0.66834	5.2091e-06	1.5201e-05
297	0.34411	0.65587	5.4751e-06	1.4816e-05
298	0.35968	0.6403	5.771e-06	1.4373e-05
299	0.37824	0.62174	6.1564e-06	1.3879e-05
300	0.39993	0.60005	6.6375e-06	1.3323e-05
301	0.40197	0.59801	6.6482e-06	1.3159e-05
302	0.4064	0.59358	6.6759e-06	1.295e-05
303	0.41277	0.58721	6.7665e-06	1.2713e-05
304	0.42176	0.57822	6.8754e-06	1.2428e-05
305	0.433	0.56698	7.0536e-06	1.2109e-05
306	0.44737	0.55261	7.2549e-06	1.1738e-05
307	0.46471	0.53527	7.544e-06	1.1317e-05
308	0.48539	0.51459	7.9322e-06	1.0836e-05
309	0.51057	0.48941	8.3634e-06	1.0282e-05
310	0.54012	0.45987	8.9194e-06	9.6431e-06
311	0.57429	0.42569	9.6103e-06	8.9052e-06
312	0.61509	0.38489	1.0376e-05	8.0608e-06
313	0.66203	0.33795	1.1316e-05	7.0796e-06
314	0.71793	0.28205	1.2363e-05	5.9576e-06
315	0.78208	0.2179	1.3641e-05	4.6461e-06
316	0.78395	0.21603	1.3733e-05	4.5808e-06
317	0.78815	0.21183	1.383e-05	4.4744e-06
318	0.79445	0.20553	1.4018e-05	4.3234e-06
319	0.80332	0.19666	1.4215e-05	4.1268e-06
320	0.81447	0.18551	1.4507e-05	3.8786e-06
321	0.8287	0.17128	1.4815e-05	3.5763e-06
322	0.82879	0.17119	1.4889e-05	3.5531e-06
323	0.83103	0.16895	1.4963e-05	3.4923e-06
324	0.83517	0.16481	1.5127e-05	3.3903e-06
325	0.84163	0.15835	1.5294e-05	3.2471e-06
326	0.85059	0.1494	1.5467e-05	3.0605e-06
327	0.86226	0.13773	1.5646e-05	2.8288e-06
328	0.86153	0.13846	1.5639e-05	2.8327e-06
329	0.86245	0.13753	1.5712e-05	2.8015e-06
330	0.86514	0.13484	1.5872e-05	2.7319e-06
331	0.86994	0.13004	1.6032e-05	2.6248e-06
332	0.87698	0.123	1.6192e-05	2.4782e-06
333	0.88643	0.11355	1.6354e-05	2.2908e-06
334	0.89807	0.10191	1.6612e-05	2.0538e-06
335	0.91269	0.08729	1.688e-05	1.7669e-06
336	0.93066	0.069326	1.7161e-05	1.4273e-06
337	0.93533	0.064647	1.7265e-05	1.3328e-06
338	0.93245	0.067534	1.7176e-05	1.3905e-06
339	0.9312	0.068783	1.7075e-05	1.42e-06
340	0.93138	0.068604	1.7056e-05	1.4184e-06
341	0.92295	0.077032	1.6787e-05	1.5945e-06
342	0.91641	0.083569	1.6612e-05	1.7263e-06
343	0.91188	0.088102	1.6434e-05	1.8231e-06
344	0.90891	0.091072	1.6335e-05	1.8851e-06
345	0.90775	0.09223	1.6229e-05	1.9161e-06
346	0.90837	0.091609	1.6113e-05	1.9169e-06
347	0.91056	0.08942	1.6081e-05	1.8849e-06
348	0.91436	0.085619	1.6132e-05	1.819e-06
349	0.90943	0.090553	1.6085e-05	1.9164e-06
350	0.90638	0.093598	1.6031e-05	1.9826e-06
351	0.90494	0.095041	1.606e-05	2.0147e-06
352	0.90527	0.09471	1.608e-05	2.017e-06
353	0.90718	0.092801	1.6184e-05	1.9856e-06
354	0.91092	0.08906	1.6279e-05	1.9231e-06
355	0.91636	0.083617	1.6463e-05	1.8231e-06
356	0.92353	0.076456	1.6732e-05	1.6832e-06
357	0.93253	0.067447	1.7094e-05	1.4978e-06
358	0.93279	0.067196	1.7199e-05	1.499e-06
359	0.93446	0.06552	1.7388e-05	1.4681e-06
360	0.9376	0.062386	1.7666e-05	1.4028e-06
361	0.94245	0.057531	1.7934e-05	1.3051e-06
362	0.94886	0.051123	1.8293e-05	1.1678e-06
363	0.95693	0.043048	1.875e-05	9.8466e-07
364	0.96719	0.032786	1.9208e-05	7.562e-07
365	0.96937	0.030609	1.9552e-05	7.0365e-07
366	0.97293	0.027052	1.9879e-05	6.2322e-07
367	0.97795	0.022031	2.0192e-05	5.1313e-07
368	0.98439	0.015586	2.0605e-05	3.6308e-07
369	0.9926	0.007383	2.101e-05	1.7577e-07
370	0.9953	0.0046812	2.1177e-05	1.1883e-07
371	0.99291	0.0070683	2.1714e-05	1.8678e-07
372	0.99147	0.0085053	2.2215e-05	2.3737e-07
373	0.99085	0.0091317	2.281e-05	2.6784e-07
374	0.99112	0.0088608	2.337e-05	2.7906e-07
375	0.99219	0.0077865	2.4028e-05	2.6755e-07
376	0.99409	0.0058894	2.4792e-05	2.308e-07
377	0.9938	0.0061775	2.561e-05	2.581e-07
378	0.99426	0.005709	2.6556e-05	2.6191e-07
379	0.987	0.012977	2.6677e-05	4.8291e-07
380	0.96601	0.033966	2.6288e-05	1.1583e-06
381	0.94824	0.051737	2.6079e-05	1.7264e-06
382	0.93374	0.066233	2.5893e-05	2.2224e-06
383	0.92211	0.077865	2.5725e-05	2.6508e-06
384	0.91257	0.087397	2.5694e-05	3.0073e-06
385	0.90536	0.094608	2.5672e-05	3.3064e-06
386	0.9	0.099966	2.5785e-05	3.5415e-06
387	0.89639	0.10358	2.603e-05	3.7179e-06
388	0.89444	0.10553	2.6409e-05	3.838e-06
389	0.87967	0.1203	2.6457e-05	4.3716e-06
390	0.86741	0.13256	2.6658e-05	4.8302e-06
391	0.85792	0.14205	2.6867e-05	5.2259e-06
392	0.85061	0.14936	2.7235e-05	5.5518e-06
393	0.84563	0.15434	2.7606e-05	5.8175e-06
394	0.76972	0.23024	2.6145e-05	9.0256e-06
395	0.70581	0.29415	2.472e-05	1.2112e-05
396	0.6501	0.34986	2.3603e-05	1.5036e-05
397	0.60319	0.39677	2.252e-05	1.7846e-05
398	0.5628	0.43716	2.1738e-05	2.051e-05
399	0.52776	0.47219	2.1199e-05	2.308e-05
400	0.49774	0.50221	2.0912e-05	2.5571e-05
401	0.47213	0.52782	2.0862e-05	2.8008e-05
402	0.45099	0.54896	2.0809e-05	3.0362e-05
403	0.43376	0.56619	2.077e-05	3.2623e-05
404	0.4193	0.58065	2.0932e-05	3.4846e-05
405	0.40799	0.59195	2.1117e-05	3.6966e-05
406	0.39948	0.60046	2.1333e-05	3.8977e-05
407	0.39315	0.60678	2.1769e-05	4.0946e-05
408	0.38876	0.61118	2.2414e-05	4.2881e-05
409	0.38668	0.61326	2.3102e-05	4.4688e-05
410	0.38639	0.61354	2.402e-05	4.6447e-05
411	0.36732	0.63261	2.3849e-05	4.9597e-05
412	0.35184	0.64808	2.3717e-05	5.2617e-05
413	0.33947	0.66045	2.3631e-05	5.55e-05
414	0.32987	0.67005	2.3601e-05	5.8242e-05
415	0.32225	0.67766	2.3809e-05	6.0938e-05
416	0.3165	0.68341	2.4255e-05	6.36e-05
417	0.313	0.68691	2.4767e-05	6.6103e-05
418	0.31164	0.68827	2.536e-05	6.8439e-05
419	0.31239	0.68751	2.6047e-05	7.0594e-05
420	0.31492	0.68498	2.7032e-05	7.2668e-05
421	0.30084	0.69905	2.6519e-05	7.6477e-05
422	0.28905	0.71084	2.6296e-05	8.0225e-05
423	0.27932	0.72057	2.6352e-05	8.3935e-05
424	0.27202	0.72786	2.6485e-05	8.7465e-05
425	0.26693	0.73295	2.6707e-05	9.0808e-05
426	0.26388	0.736	2.7025e-05	9.3958e-05
427	0.24139	0.75848	2.5139e-05	9.9594e-05
428	0.22268	0.77719	2.3418e-05	0.00010497
429	0.2067	0.79317	2.2082e-05	0.00011022
430	0.19354	0.80632	2.087e-05	0.00011525
431	0.18233	0.81753	1.9952e-05	0.00012023
432	0.17298	0.82687	1.933e-05	0.0001252
433	0.1652	0.83465	1.8957e-05	0.0001302
434	0.15927	0.84057	1.8668e-05	0.00013501
435	0.15503	0.84481	1.8472e-05	0.00013963
436	0.15207	0.84776	1.8537e-05	0.00014428
437	0.15061	0.84922	1.8699e-05	0.00014873
438	0.15057	0.84925	1.8965e-05	0.00015298
439	0.15172	0.84811	1.9509e-05	0.00015726
440	0.15434	0.84548	2.0185e-05	0.0001613
441	0.15853	0.84128	2.1011e-05	0.00016509
442	0.15024	0.84957	1.9534e-05	0.00017103
443	0.14347	0.85634	1.8401e-05	0.00017693
444	0.13796	0.86184	1.7547e-05	0.00018285
445	0.13397	0.86582	1.6805e-05	0.00018855
446	0.13116	0.86863	1.6334e-05	0.00019431
447	0.12968	0.8701	1.5964e-05	0.00019987
448	0.1292	0.87058	1.5821e-05	0.00020551
449	0.13003	0.86974	1.5783e-05	0.00021093
450	0.13186	0.8679	1.5974e-05	0.00021646
451	0.13472	0.86504	1.6404e-05	0.00022209
452	0.13865	0.8611	1.709e-05	0.00022783
453	0.14383	0.85591	1.8089e-05	0.00023368
454	0.15027	0.84948	1.9412e-05	0.00023962
455	0.15806	0.84167	2.1112e-05	0.00024562
456	0.16783	0.8319	2.3051e-05	0.00025123
457	0.17983	0.81989	2.5271e-05	0.00025641
458	0.19382	0.80589	2.8049e-05	0.00026148
459	0.21022	0.78948	3.1548e-05	0.00026635
460	0.22997	0.76973	3.5563e-05	0.00027053
461	0.25362	0.74606	4.0184e-05	0.00027394
462	0.28178	0.7179	4.5501e-05	0.00027649
463	0.28743	0.71224	4.6813e-05	0.00028359
464	0.29539	0.70427	4.8425e-05	0.0002902
465	0.30544	0.69421	5.0741e-05	0.00029668
466	0.31823	0.68142	5.344e-05	0.00030258
467	0.33361	0.66603	5.7007e-05	0.00030821
468	0.35244	0.64719	6.1103e-05	0.00031311
469	0.37525	0.62437	6.5813e-05	0.0003172
470	0.37758	0.62204	6.6463e-05	0.00031753
471	0.38226	0.61736	6.7531e-05	0.00031738
472	0.38941	0.61021	6.9037e-05	0.0003167
473	0.39864	0.60098	7.1284e-05	0.00031547
474	0.41027	0.58934	7.4412e-05	0.00031355
475	0.42509	0.57452	7.8129e-05	0.00031097
476	0.42244	0.57717	7.6986e-05	0.00031353
477	0.42177	0.57783	7.6652e-05	0.00031551
478	0.42347	0.57614	7.6761e-05	0.00031695
479	0.42704	0.57256	7.7607e-05	0.00031786
480	0.43256	0.56704	7.9213e-05	0.00031822
481	0.44027	0.55933	8.1698e-05	0.00031794
482	0.45033	0.54927	8.5147e-05	0.00031695
483	0.46295	0.53665	8.9679e-05	0.00031514
484	0.4583	0.5413	8.9822e-05	0.00031311
485	0.45608	0.54352	9.0451e-05	0.00031051
486	0.45576	0.54384	9.1913e-05	0.00030728
487	0.45786	0.54174	9.3918e-05	0.00030342
488	0.46238	0.53722	9.648e-05	0.00029891
489	0.46908	0.53052	0.00010011	0.00029356
490	0.45952	0.54008	9.7469e-05	0.00029415
491	0.45216	0.54745	9.5729e-05	0.00029406
492	0.44699	0.55262	9.4906e-05	0.00029328
493	0.41928	0.58033	8.6862e-05	0.00029941
494	0.39627	0.60334	7.9833e-05	0.00030443
495	0.37733	0.62229	7.3693e-05	0.00030847
496	0.36124	0.63838	6.87e-05	0.00031158
497	0.34834	0.65128	6.4367e-05	0.00031394
498	0.33772	0.66191	6.0928e-05	0.0003156
499	0.32974	0.66989	5.8007e-05	0.00031667
500	0.32417	0.67545	5.5548e-05	0.00031718
501	0.3205	0.67913	5.3815e-05	0.00031719
502	0.319	0.68063	5.2457e-05	0.00031674
503	0.31915	0.68048	5.1686e-05	0.0003159
504	0.32145	0.67819	5.1247e-05	0.00031464
505	0.30684	0.6928	4.7163e-05	0.00030791
506	0.29474	0.70492	4.3969e-05	0.00030098
507	0.28474	0.71492	4.1485e-05	0.00029394
508	0.27681	0.72287	3.9667e-05	0.00028683
509	0.27114	0.72854	3.8115e-05	0.00027927
510	0.26712	0.73257	3.7077e-05	0.00027173
511	0.26466	0.73504	3.6517e-05	0.00026422
512	0.26383	0.73588	3.6457e-05	0.00025671
513	0.26493	0.73479	3.6579e-05	0.00024886
514	0.26755	0.73217	3.7154e-05	0.00024102
515	0.27174	0.72799	3.8197e-05	0.00023314
516	0.27805	0.72169	3.944e-05	0.00022491
517	0.2692	0.73054	3.7611e-05	0.00022022
518	0.26268	0.73707	3.6048e-05	0.00021512
519	0.25826	0.7415	3.4709e-05	0.00020965
520	0.25538	0.74438	3.3814e-05	0.00020414
521	0.25446	0.74531	3.31e-05	0.0001983
522	0.25502	0.74476	3.2785e-05	0.00019246
523	0.25705	0.74273	3.2859e-05	0.0001866
524	0.26061	0.73917	3.3323e-05	0.0001807
525	0.26621	0.73358	3.3948e-05	0.00017451
526	0.27401	0.72579	3.4726e-05	0.00016803
527	0.26691	0.7329	3.2688e-05	0.00016421
528	0.26163	0.73818	3.1148e-05	0.00016029
529	0.23453	0.76529	2.6927e-05	0.0001595
530	0.2109	0.78892	2.3489e-05	0.00015823
531	0.19113	0.8087	2.0503e-05	0.0001564
532	0.17413	0.8257	1.811e-05	0.00015429
533	0.16002	0.83981	1.6026e-05	0.00015176
534	0.14785	0.85198	1.4341e-05	0.00014911
535	0.13786	0.86198	1.2865e-05	0.00014615
536	0.12936	0.87048	1.1682e-05	0.00014316
537	0.12219	0.87766	1.0746e-05	0.00014017
538	0.11623	0.88363	1.002e-05	0.00013719
539	0.11136	0.8885	9.4769e-06	0.00013425
540	0.10758	0.89228	9.1084e-06	0.00013135
541	0.10483	0.89504	8.8983e-06	0.00012851
542	0.10325	0.89662	8.7533e-06	0.00012553
543	0.10283	0.89704	8.6705e-06	0.00012242
544	0.090348	0.90952	7.3178e-06	0.00012044
545	0.079526	0.92035	6.2291e-06	0.00011841
546	0.07014	0.92974	5.3541e-06	0.00011637
547	0.061997	0.93788	4.6527e-06	0.00011433
548	0.055158	0.94473	4.0351e-06	0.00011215
549	0.049434	0.95045	3.4885e-06	0.00010984
550	0.044484	0.95541	3.0504e-06	0.0001076
551	0.040206	0.95969	2.7011e-06	0.00010543
552	0.036669	0.96322	2.3872e-06	0.00010318
553	0.033576	0.96632	2.1314e-06	0.00010101
554	0.030922	0.96898	1.9297e-06	9.8947e-05
555	0.028653	0.97125	1.7732e-06	9.6982e-05
556	0.026723	0.97318	1.6553e-06	9.5117e-05
557	0.025093	0.97481	1.5709e-06	9.335e-05
558	0.023728	0.97618	1.5163e-06	9.1677e-05
559	0.02256	0.97735	1.4849e-06	9.009e-05
560	0.02171	0.9782	1.4579e-06	8.8455e-05
561	0.021168	0.97874	1.4359e-06	8.6771e-05
562	0.020917	0.979	1.4183e-06	8.5037e-05
563	0.020803	0.97911	1.4212e-06	8.3391e-05
564	0.020959	0.97896	1.4273e-06	8.1698e-05
565	0.021291	0.97863	1.4582e-06	8.0094e-05
566	0.021918	0.978	1.4939e-06	7.8442e-05
567	0.022743	0.97718	1.5561e-06	7.6874e-05
568	0.0239	0.97602	1.6246e-06	7.5257e-05
569	0.02541	0.97451	1.6992e-06	7.3592e-05
570	0.027316	0.97261	1.78e-06	7.1877e-05
571	0.029669	0.97026	1.8672e-06	7.0113e-05
572	0.032346	0.96758	1.9839e-06	6.8421e-05
573	0.035614	0.96432	2.1102e-06	6.6677e-05
574	0.039387	0.96055	2.2767e-06	6.5e-05
575	0.043935	0.956	2.4564e-06	6.3268e-05
576	0.049102	0.95083	2.6783e-06	6.1589e-05
577	0.055269	0.94467	2.9165e-06	5.9853e-05
578	0.062373	0.93757	3.2138e-06	5.8158e-05
579	0.070558	0.92938	3.5799e-06	5.6492e-05
580	0.080281	0.91966	3.9753e-06	5.4756e-05
581	0.091482	0.90846	4.4582e-06	5.3028e-05
582	0.10425	0.89569	5.0332e-06	5.129e-05
583	0.10499	0.89496	4.9155e-06	5.0147e-05
584	0.10687	0.89308	4.8263e-06	4.8933e-05
585	0.10965	0.8903	4.8042e-06	4.7738e-05
586	0.10132	0.89863	4.2998e-06	4.7137e-05
587	0.094188	0.90576	3.8953e-06	4.6512e-05
588	0.088461	0.91149	3.5412e-06	4.5799e-05
589	0.083757	0.91619	3.2678e-06	4.5085e-05
590	0.079902	0.92005	3.058e-06	4.4376e-05
591	0.076824	0.92313	2.9036e-06	4.3677e-05
592	0.074469	0.92548	2.7987e-06	4.2991e-05
593	0.073069	0.92689	2.7167e-06	4.225e-05
594	0.072562	0.92739	2.6547e-06	4.1455e-05
595	0.072688	0.92727	2.6341e-06	4.0681e-05
596	0.073449	0.92651	2.6536e-06	3.9926e-05
597	0.074929	0.92503	2.7181e-06	3.9187e-05
598	0.077371	0.92259	2.8022e-06	3.8398e-05
599	0.080845	0.91911	2.9064e-06	3.7558e-05
600	0.085423	0.91454	3.03e-06	3.6666e-05
601	0.091232	0.90873	3.1731e-06	3.5722e-05
602	0.098434	0.90153	3.336e-06	3.4725e-05
603	0.10683	0.89314	3.552e-06	3.3735e-05
604	0.10439	0.89557	3.3547e-06	3.3105e-05
605	0.10311	0.89685	3.1832e-06	3.2415e-05
606	0.10276	0.89721	3.0665e-06	3.1736e-05
607	0.10355	0.89642	2.9693e-06	3.1004e-05
608	0.10518	0.89479	2.9154e-06	3.0286e-05
609	0.10777	0.89219	2.907e-06	2.9583e-05
610	0.11138	0.88859	2.9435e-06	2.8891e-05
611	0.11632	0.88365	2.9948e-06	2.8154e-05
612	0.1104	0.88957	2.7538e-06	2.776e-05
613	0.1059	0.89407	2.5419e-06	2.7306e-05
614	0.10235	0.89762	2.3781e-06	2.6854e-05
615	0.09971	0.90026	2.256e-06	2.6406e-05
616	0.097914	0.90206	2.171e-06	2.5965e-05
617	0.097011	0.90296	2.123e-06	2.5534e-05
618	0.097188	0.90279	2.0879e-06	2.5062e-05
619	0.098242	0.90173	2.0868e-06	2.4602e-05
620	0.10043	0.89954	2.0977e-06	2.4103e-05
621	0.10382	0.89615	2.1198e-06	2.3565e-05
622	0.096501	0.90347	1.9116e-06	2.3303e-05
623	0.090373	0.9096	1.7494e-06	2.3038e-05
624	0.085561	0.91441	1.6067e-06	2.2727e-05
625	0.081928	0.91805	1.481e-06	2.2373e-05
626	0.079075	0.9209	1.3845e-06	2.2027e-05
627	0.076949	0.92303	1.3134e-06	2.1692e-05
628	0.07577	0.92421	1.2518e-06	2.1323e-05
629	0.075322	0.92466	1.2136e-06	2.0968e-05
630	0.075799	0.92418	1.1826e-06	2.0582e-05
631	0.077215	0.92276	1.1578e-06	2.0164e-05
632	0.079322	0.92066	1.1509e-06	1.9763e-05
633	0.082234	0.91775	1.1637e-06	1.938e-05
634	0.086011	0.91397	1.1966e-06	1.9011e-05
635	0.090983	0.909	1.2348e-06	1.8613e-05
636	0.09729	0.90269	1.2779e-06	1.8186e-05
637	0.10508	0.8949	1.3246e-06	1.7731e-05
638	0.11415	0.88583	1.3911e-06	1.7288e-05
639	0.12478	0.8752	1.4822e-06	1.6855e-05
640	0.13758	0.8624	1.5782e-06	1.6393e-05
641	0.13706	0.86293	1.3909e-06	1.4001e-05
642	0.13764	0.86235	1.2318e-06	1.1728e-05
643	0.13925	0.86074	1.0914e-06	9.5629e-06
644	0.14192	0.85807	9.644e-07	7.5044e-06
645	0.14605	0.85394	8.1371e-07	5.4192e-06
646	0.13824	0.86175	7.4673e-07	5.3559e-06
647	0.13174	0.86825	6.9464e-07	5.2894e-06
648	0.12681	0.87319	6.4661e-07	5.2003e-06
649	0.12296	0.87704	6.104e-07	5.1105e-06
650	0.12047	0.87952	5.7679e-07	4.9998e-06
651	0.11895	0.88105	5.5284e-07	4.8902e-06
652	0.11844	0.88156	5.3853e-07	4.783e-06
653	0.11918	0.88081	5.2518e-07	4.6568e-06
654	0.12086	0.87914	5.1965e-07	4.5328e-06
655	0.12359	0.87641	5.2259e-07	4.4115e-06
656	0.1277	0.87229	5.2582e-07	4.272e-06
657	0.13292	0.86707	5.3664e-07	4.1342e-06
658	0.13973	0.86026	5.4725e-07	3.9788e-06
659	0.14801	0.85198	5.6674e-07	3.8253e-06
660	0.1578	0.8422	5.9476e-07	3.672e-06
661	0.16941	0.83059	6.3338e-07	3.5181e-06
662	0.18355	0.81645	6.7255e-07	3.3458e-06
663	0.20062	0.79938	7.114e-07	3.1557e-06
664	0.22029	0.77971	7.6116e-07	2.9636e-06
665	0.24376	0.75624	8.0948e-07	2.7545e-06
666	0.27175	0.72824	8.5469e-07	2.5299e-06
667	0.30385	0.69615	9.1119e-07	2.3036e-06
668	0.31121	0.68879	8.9659e-07	2.1671e-06
669	0.32065	0.67935	8.9309e-07	2.0292e-06
670	0.33284	0.66715	8.8492e-07	1.8775e-06
671	0.34814	0.65186	8.7063e-07	1.7131e-06
672	0.36691	0.63309	8.4815e-07	1.5377e-06
673	0.38904	0.61095	8.347e-07	1.3639e-06
674	0.4157	0.58429	8.0983e-07	1.1822e-06
675	0.44681	0.55318	7.9184e-07	1.0041e-06
676	0.48393	0.51607	7.5746e-07	8.2283e-07
677	0.52661	0.47339	7.2437e-07	6.4923e-07
678	0.57561	0.42439	6.9062e-07	4.8457e-07
679	0.63372	0.36628	6.2959e-07	3.2724e-07
680	0.70032	0.29968	5.5998e-07	1.872e-07
681	0.72199	0.27801	6.2665e-07	2.032e-07
682	0.74765	0.25235	7.043e-07	2.1095e-07
683	0.77782	0.22218	7.9562e-07	2.0858e-07
684	0.81312	0.18688	9.0394e-07	1.937e-07
685	0.85428	0.14572	1.0334e-06	1.6317e-07
686	0.86737	0.13263	1.1039e-06	1.5829e-07
687	0.88367	0.11632	1.1622e-06	1.4665e-07
688	0.90296	0.09704	1.2315e-06	1.283e-07
689	0.90765	0.09235	1.2511e-06	1.2634e-07
690	0.91413	0.085872	1.2796e-06	1.2108e-07
691	0.92252	0.077474	1.3177e-06	1.1206e-07
692	0.93332	0.066678	1.3407e-06	9.8757e-08
693	0.94633	0.05367	1.3728e-06	8.1151e-08
694	0.96237	0.037625	1.3901e-06	5.9013e-08
695	0.9669	0.0331	1.4051e-06	5.258e-08
696	0.97306	0.02694	1.4031e-06	4.3676e-08
697	0.98081	0.019185	1.4101e-06	3.2056e-08
698	0.99059	0.0094108	1.4e-06	1.7968e-08
699	0.99368	0.006315	1.1174e-06	6.999e-09
700	0.99413	0.005869	1.1544e-06	6.6746e-09
701	0.99251	0.0074929	1.1623e-06	8.7738e-09
702	0.99177	0.0082274	1.1524e-06	9.8418e-09
703	0.99182	0.0081786	1.147e-06	9.8516e-09
704	0.99265	0.0073458	1.1461e-06	8.8165e-09
705	0.9852	0.014797	1.1427e-06	1.7037e-08
706	0.97924	0.020762	1.146e-06	2.3253e-08
707	0.97458	0.02542	1.1545e-06	2.7713e-08
708	0.97114	0.028854	1.1682e-06	3.0505e-08
709	0.95872	0.041279	1.5571e-06	7.4463e-08
710	0.94879	0.051209	1.9066e-06	1.2614e-07
711	0.9408	0.059198	2.2842e-06	1.8347e-07
712	0.93483	0.065165	2.6273e-06	2.4296e-07
713	0.9305	0.069501	3.0046e-06	3.0386e-07
714	0.92791	0.072086	3.351e-06	3.6252e-07
715	0.92698	0.073016	3.6696e-06	4.1686e-07
716	0.92743	0.072562	4.0242e-06	4.6712e-07
717	0.92935	0.070647	4.424e-06	5.1123e-07
718	0.92301	0.076987	4.8059e-06	6.1205e-07
719	0.91862	0.081375	5.156e-06	7.0848e-07
720	0.91604	0.083958	5.4776e-06	7.9818e-07
721	0.91518	0.084809	5.7737e-06	8.79e-07
722	0.91585	0.084143	6.1195e-06	9.5086e-07
723	0.91805	0.081946	6.5205e-06	1.0119e-06
724	0.92203	0.077965	6.8996e-06	1.0579e-06
725	0.92759	0.072402	7.3366e-06	1.0883e-06
726	0.9247	0.07529	7.2426e-06	1.0833e-06
727	0.91012	0.089871	7.083e-06	1.1823e-06
728	0.89848	0.10151	6.9169e-06	1.2579e-06
729	0.889	0.11099	6.7989e-06	1.312e-06
730	0.88151	0.11848	6.7255e-06	1.3475e-06
731	0.87626	0.12373	6.6406e-06	1.3652e-06
732	0.87284	0.12716	6.6007e-06	1.3665e-06
733	0.87116	0.12883	6.6046e-06	1.3523e-06
734	0.87143	0.12856	6.5951e-06	1.3224e-06
735	0.87342	0.12657	6.6293e-06	1.2769e-06
736	0.87742	0.12257	6.6507e-06	1.2152e-06
737	0.88353	0.11646	6.6592e-06	1.1372e-06
738	0.89193	0.10806	6.6549e-06	1.0427e-06
739	0.8744	0.12559	6.4642e-06	1.161e-06
740	0.86029	0.13971	6.2708e-06	1.253e-06
741	0.84914	0.15085	6.0723e-06	1.321e-06
742	0.84065	0.15934	5.8669e-06	1.3667e-06
743	0.8343	0.16569	5.7094e-06	1.3927e-06
744	0.82995	0.17004	5.5957e-06	1.4018e-06
745	0.80907	0.19092	5.3317e-06	1.5324e-06
746	0.79209	0.20791	5.0712e-06	1.6314e-06
747	0.7781	0.2219	4.8651e-06	1.7021e-06
748	0.7672	0.23279	4.6564e-06	1.7481e-06
749	0.75876	0.24124	4.4928e-06	1.7739e-06
750	0.75291	0.24709	4.3224e-06	1.7798e-06
751	0.74907	0.25093	4.1877e-06	1.7714e-06
752	0.74762	0.25237	4.0437e-06	1.746e-06
753	0.74807	0.25192	3.9315e-06	1.7096e-06
754	0.75056	0.24944	3.8523e-06	1.6624e-06
755	0.755	0.245	3.802e-06	1.6053e-06
756	0.76147	0.23852	3.78e-06	1.5381e-06
757	0.77024	0.22975	3.7897e-06	1.4591e-06
758	0.78133	0.21866	3.8292e-06	1.3677e-06
759	0.79554	0.20446	3.8595e-06	1.2607e-06
760	0.79524	0.20476	4.3234e-06	1.5238e-06
761	0.77945	0.22054	4.2974e-06	1.6257e-06
762	0.76655	0.23344	4.3089e-06	1.7122e-06
763	0.75627	0.24372	4.3567e-06	1.7853e-06
764	0.74879	0.25121	4.3942e-06	1.8426e-06
765	0.7434	0.2566	4.464e-06	1.8881e-06
766	0.74001	0.25998	4.5669e-06	1.9218e-06
767	0.73902	0.26097	4.6599e-06	1.9389e-06
768	0.74006	0.25994	4.7912e-06	1.9421e-06
769	0.74346	0.25654	4.9141e-06	1.9268e-06
770	0.74885	0.25114	5.0757e-06	1.8952e-06
771	0.74033	0.25966	6.0031e-06	2.5377e-06
772	0.73448	0.26551	6.8619e-06	3.1814e-06
773	0.73065	0.26933	7.8125e-06	3.8496e-06
774	0.72891	0.27108	8.882e-06	4.5366e-06
775	0.72952	0.27047	9.905e-06	5.196e-06
776	0.73206	0.26792	1.1062e-05	5.8539e-06
777	0.73659	0.26339	1.2375e-05	6.5e-06
778	0.74331	0.25667	1.3886e-05	7.1196e-06
779	0.75272	0.24725	1.5389e-05	7.6573e-06
780	0.76454	0.23544	1.7123e-05	8.1303e-06
781	0.77963	0.22034	1.8887e-05	8.4798e-06
782	0.77936	0.22061	2.0487e-05	9.2652e-06
783	0.78134	0.21863	2.2048e-05	9.988e-06
784	0.78521	0.21475	2.3843e-05	1.0668e-05
785	0.79149	0.20848	2.5626e-05	1.1255e-05
786	0.79999	0.19997	2.7712e-05	1.1756e-05
787	0.8109	0.18906	3.0151e-05	1.2144e-05
788	0.82489	0.17506	3.2643e-05	1.2357e-05
789	0.84167	0.15828	3.5554e-05	1.2386e-05
790	0.86232	0.13762	3.8585e-05	1.2166e-05
791	0.88652	0.11342	4.2158e-05	1.1652e-05
792	0.89265	0.1073	4.334e-05	1.1139e-05
793	0.90063	0.099317	4.4793e-05	1.0457e-05
794	0.91061	0.089332	4.6552e-05	9.5772e-06
795	0.92291	0.077034	4.8689e-05	8.4479e-06
796	0.92494	0.075004	4.9816e-05	8.2522e-06
797	0.92842	0.07152	5.1196e-05	7.9265e-06
798	0.9239	0.07604	5.2145e-05	8.2173e-06
799	0.92089	0.079049	5.3343e-05	8.4024e-06
800	0.91962	0.080319	5.4552e-05	8.4885e-06
801	0.92003	0.079906	5.5779e-05	8.4706e-06
802	0.92187	0.078064	5.7276e-05	8.3264e-06
803	0.92547	0.074461	5.8811e-05	8.0563e-06
804	0.93061	0.069318	6.0652e-05	7.6293e-06
805	0.93739	0.062542	6.2835e-05	7.0206e-06
806	0.93635	0.063579	6.4088e-05	7.1569e-06
807	0.93687	0.063056	6.5357e-05	7.1858e-06
808	0.92932	0.07061	6.5674e-05	7.9887e-06
809	0.92377	0.076155	6.6037e-05	8.6626e-06
810	0.9198	0.080127	6.6683e-05	9.1914e-06
811	0.90289	0.097036	6.5729e-05	1.1104e-05
812	0.88925	0.11068	6.4927e-05	1.2785e-05
813	0.87811	0.12181	6.4531e-05	1.4201e-05
814	0.86925	0.13067	6.4513e-05	1.5386e-05
815	0.86238	0.13754	6.4831e-05	1.6381e-05
816	0.85737	0.14255	6.5478e-05	1.7201e-05
817	0.85423	0.14569	6.648e-05	1.7842e-05
818	0.85317	0.14675	6.7542e-05	1.8328e-05
819	0.85388	0.14604	6.8971e-05	1.8633e-05
820	0.84252	0.15739	6.8842e-05	2.0293e-05
821	0.83342	0.16649	6.911e-05	2.1725e-05
822	0.82651	0.1734	6.9795e-05	2.2937e-05
823	0.82166	0.17825	7.0895e-05	2.3944e-05
824	0.81906	0.18084	7.2066e-05	2.4771e-05
825	0.81836	0.18154	7.3661e-05	2.5394e-05
826	0.81983	0.18007	7.534e-05	2.582e-05
827	0.82351	0.17638	7.7119e-05	2.6035e-05
828	0.82919	0.17071	7.9373e-05	2.5998e-05
829	0.82261	0.17729	8.0522e-05	2.7408e-05
830	0.81807	0.18182	8.2167e-05	2.8592e-05
831	0.81548	0.18441	8.4326e-05	2.9554e-05
832	0.79594	0.20395	8.464e-05	3.2692e-05
833	0.78013	0.21975	8.5052e-05	3.5577e-05
834	0.7672	0.23267	8.6089e-05	3.8163e-05
835	0.72404	0.27583	8.2512e-05	4.5195e-05
836	0.68663	0.31324	7.9846e-05	5.1621e-05
837	0.65549	0.34437	7.7475e-05	5.76e-05
838	0.62897	0.37089	7.5947e-05	6.307e-05
839	0.60715	0.39271	7.4636e-05	6.8171e-05
840	0.58866	0.41119	7.3994e-05	7.2916e-05
841	0.53002	0.46982	6.5848e-05	8.473e-05
842	0.47933	0.52052	5.9095e-05	9.5463e-05
843	0.43554	0.5643	5.3526e-05	0.00010534
844	0.39868	0.60116	4.8407e-05	0.00011464
845	0.36774	0.63209	4.3722e-05	0.00012338
846	0.3409	0.65892	3.9815e-05	0.00013163
847	0.31793	0.6819	3.6647e-05	0.00013946
848	0.29895	0.70087	3.376e-05	0.0001469
849	0.28289	0.71693	3.1464e-05	0.00015407
850	0.26942	0.73039	2.9684e-05	0.00016107
851	0.25827	0.74153	2.8364e-05	0.00016798
852	0.24921	0.75059	2.7462e-05	0.00017486
853	0.24238	0.75741	2.6676e-05	0.00018149
854	0.21192	0.78787	2.3129e-05	0.00018551
855	0.18526	0.81453	2.0152e-05	0.00018909
856	0.16216	0.83763	1.7696e-05	0.00019229
857	0.14267	0.85712	1.5498e-05	0.00019517
858	0.12578	0.874	1.3689e-05	0.0001978
859	0.11157	0.88822	1.2066e-05	0.00020018
860	0.099286	0.9005	1.0735e-05	0.00020241
861	0.088672	0.91111	9.6516e-06	0.00020453
862	0.079798	0.91999	8.6742e-06	0.00020649
863	0.072069	0.92772	7.8672e-06	0.0002084
864	0.06569	0.93409	7.141e-06	0.00021019
865	0.060249	0.93953	6.5637e-06	0.00021196
866	0.055561	0.94422	6.1004e-06	0.00021375
867	0.051539	0.94824	5.7377e-06	0.00021557
868	0.048111	0.95167	5.465e-06	0.00021744
869	0.045454	0.95432	5.2248e-06	0.00021922
870	0.043475	0.9563	5.0122e-06	0.00022093
871	0.042118	0.95765	4.8253e-06	0.00022255
872	0.041155	0.95862	4.7095e-06	0.00022424
873	0.040621	0.95915	4.6736e-06	0.00022601
874	0.040504	0.95926	4.717e-06	0.00022785
875	0.040954	0.95881	4.7841e-06	0.00022962
876	0.041776	0.95799	4.9223e-06	0.00023147
877	0.042985	0.95678	5.1366e-06	0.00023341
878	0.044602	0.95516	5.4342e-06	0.00023542
879	0.046885	0.95287	5.7729e-06	0.00023733
880	0.049899	0.94986	6.1594e-06	0.00023914
881	0.053467	0.94629	6.6583e-06	0.000241
882	0.057655	0.9421	7.2868e-06	0.0002429
883	0.062613	0.93713	8.085e-06	0.00024484
884	0.068362	0.93138	9.0639e-06	0.00024679
885	0.075094	0.92465	1.0281e-05	0.00024872
886	0.08285	0.91689	1.1759e-05	0.00025061
887	0.091768	0.90797	1.355e-05	0.00025241
888	0.10201	0.89772	1.5719e-05	0.00025406
889	0.1009	0.89882	1.571e-05	0.00025819
890	0.10062	0.89911	1.593e-05	0.00026236
891	0.10115	0.89857	1.6388e-05	0.00026657
892	0.10283	0.89689	1.6977e-05	0.00027056
893	0.10536	0.89434	1.7838e-05	0.00027456
894	0.1089	0.8908	1.9033e-05	0.00027856
895	0.11374	0.88595	2.042e-05	0.00028226
896	0.11977	0.87992	2.2229e-05	0.00028589
897	0.12742	0.87227	2.4315e-05	0.00028912
898	0.13691	0.86277	2.6722e-05	0.00029192
899	0.14798	0.8517	2.9707e-05	0.00029448
900	0.16097	0.8387	3.3436e-05	0.00029668
901	0.17616	0.82351	3.8065e-05	0.00029839
902	0.1944	0.80526	4.3384e-05	0.00029927
903	0.21615	0.7835	4.9488e-05	0.00029923
904	0.24136	0.75829	5.7028e-05	0.00029818
905	0.27024	0.7294	6.621e-05	0.00029592
906	0.3046	0.69503	7.68e-05	0.00029208
907	0.31327	0.68635	7.9713e-05	0.0002953
908	0.32461	0.67501	8.3184e-05	0.0002978
909	0.33822	0.66139	8.7686e-05	0.00029969
910	0.35457	0.64504	9.3466e-05	0.00030078
911	0.37376	0.62584	0.00010064	0.00030095
912	0.39615	0.60344	0.00010947	0.00029998
913	0.42311	0.57647	0.00011955	0.00029756
914	0.45457	0.54501	0.00013201	0.00029335
915	0.49221	0.50736	0.00014628	0.00028709
916	0.53709	0.46246	0.00016267	0.00027848
917	0.5891	0.41045	0.00018284	0.00026673
918	0.65073	0.34881	0.00020599	0.00025174
919	0.66973	0.3298	0.00021584	0.00025073
920	0.69214	0.30738	0.00022795	0.00024815
921	0.71934	0.28017	0.00024153	0.00024379
922	0.72466	0.27485	0.00024612	0.00024079
923	0.73263	0.26688	0.00025171	0.00023665
924	0.74343	0.25608	0.00025837	0.0002313
925	0.75736	0.24215	0.00026621	0.00022465
926	0.77412	0.22539	0.00027611	0.0002162
927	0.79477	0.20474	0.00028753	0.00020609
928	0.81989	0.17961	0.00030067	0.00019412
929	0.84915	0.15036	0.00031672	0.00017952
930	0.88307	0.11643	0.00033617	0.0001618
931	0.89378	0.10572	0.00034171	0.00015768
932	0.9068	0.0927	0.00034906	0.00015205
933	0.92251	0.076988	0.00035858	0.00014458
934	0.9159	0.083599	0.00035162	0.000151
935	0.91096	0.088533	0.00034644	0.00015589
936	0.90791	0.091589	0.00034226	0.00015965
937	0.89181	0.1077	0.00032873	0.00016744
938	0.87832	0.12118	0.00031763	0.00017331
939	0.86769	0.13182	0.00030769	0.00017777
940	0.85962	0.1399	0.00029879	0.00018095
941	0.85349	0.14603	0.00029172	0.00018279
942	0.84931	0.15022	0.00028644	0.00018335
943	0.82831	0.17122	0.00027222	0.00019338
944	0.8112	0.18834	0.0002596	0.00020161
945	0.79751	0.20204	0.00024836	0.00020824
946	0.78647	0.21308	0.00023934	0.00021311
947	0.77773	0.22182	0.00023213	0.00021655
948	0.77113	0.22842	0.00022653	0.00021875
949	0.76668	0.23288	0.00022249	0.00021973
950	0.7646	0.23496	0.00021922	0.0002198
951	0.76451	0.23505	0.00021736	0.0002188
952	0.76642	0.23315	0.00021688	0.00021676
953	0.77024	0.22933	0.00021769	0.00021371
954	0.77605	0.22352	0.00021982	0.00020962
955	0.78394	0.21563	0.00022336	0.00020438
956	0.79407	0.20551	0.00022842	0.00019788
957	0.80722	0.19236	0.00023452	0.00019021
