#coord	neutral	conserved	gBGC.neutral	gBGC.conserved
1	0.83693	0.16267	0.00032967	6.4707e-05
2	0.84318	0.15643	0.00032988	6.183e-05
3	0.85154	0.14807	0.00033092	5.8147e-05
4	0.86258	0.13704	0.00033293	5.3484e-05
5	0.87661	0.12301	0.000336	4.7743e-05
6	0.89398	0.10564	0.00034023	4.0822e-05
7	0.91444	0.085178	0.00034558	3.2804e-05
8	0.92001	0.079614	0.0003452	3.0509e-05
9	0.92739	0.072241	0.00034549	2.7558e-05
10	0.92623	0.073402	0.00034254	2.7838e-05
11	0.91473	0.084905	0.00033575	3.1975e-05
12	0.90545	0.094189	0.00032987	3.5217e-05
13	0.89849	0.10115	0.00032488	3.7566e-05
14	0.89329	0.10635	0.00032059	3.9226e-05
15	0.88985	0.1098	0.00031699	4.0215e-05
16	0.87244	0.1272	0.00030835	4.6239e-05
17	0.81817	0.18148	0.00028661	6.5372e-05
18	0.77141	0.22824	0.00026789	8.1503e-05
19	0.73084	0.26882	0.00025165	9.5182e-05
20	0.6969	0.30276	0.00023788	0.00010637
21	0.66792	0.33174	0.00022606	0.00011563
22	0.64404	0.35562	0.00021609	0.00012302
23	0.62372	0.37594	0.0002075	0.00012905
24	0.6068	0.39287	0.00020019	0.00013381
25	0.59292	0.40675	0.00019402	0.00013746
26	0.58165	0.41803	0.0001888	0.00014017
27	0.57331	0.42636	0.00018457	0.00014187
28	0.56768	0.43199	0.00018125	0.00014266
29	0.56426	0.43542	0.00017869	0.0001427
30	0.56336	0.43632	0.00017694	0.00014193
31	0.56457	0.43512	0.00017587	0.00014047
32	0.56791	0.43178	0.0001755	0.00013835
33	0.57345	0.42624	0.00017582	0.00013555
34	0.56231	0.43738	0.00017096	0.00013794
35	0.55413	0.44556	0.00016704	0.00013938
36	0.54828	0.45142	0.0001639	0.00014006
37	0.54503	0.45467	0.00016155	0.00013993
38	0.54377	0.45593	0.00015983	0.00013919
39	0.54462	0.45509	0.00015876	0.00013781
40	0.54758	0.45213	0.00015833	0.00013581
41	0.55258	0.44713	0.00015851	0.00013322
42	0.55986	0.43985	0.00015934	0.00012998
43	0.56957	0.43014	0.00016085	0.00012608
44	0.5819	0.41781	0.0001631	0.00012146
45	0.59711	0.4026	0.00016613	0.00011606
46	0.61551	0.38421	0.00017002	0.00010983
47	0.63817	0.36155	0.00017499	0.0001025
48	0.66564	0.33408	0.00018117	9.395e-05
49	0.69787	0.30186	0.00018857	8.4199e-05
50	0.73515	0.26458	0.00019724	7.3189e-05
51	0.77963	0.2201	0.00020766	6.0422e-05
52	0.83129	0.16844	0.00021985	4.589e-05
53	0.84809	0.15165	0.00022261	4.0869e-05
54	0.83647	0.16327	0.00021774	4.3469e-05
55	0.82758	0.17216	0.00021361	4.532e-05
56	0.82119	0.17855	0.00021013	4.6501e-05
57	0.81673	0.18302	0.00020719	4.7158e-05
58	0.81452	0.18523	0.00020482	4.7232e-05
59	0.81447	0.18528	0.00020298	4.6762e-05
60	0.81658	0.18317	0.00020167	4.5762e-05
61	0.82063	0.17912	0.00020084	4.4287e-05
62	0.8267	0.17306	0.00020051	4.2329e-05
63	0.83527	0.16449	0.00020074	3.9798e-05
64	0.84655	0.15321	0.00020157	3.6662e-05
65	0.86084	0.13892	0.00020304	3.2868e-05
66	0.8779	0.12186	0.00020512	2.8477e-05
67	0.89883	0.10094	0.00020801	2.3271e-05
68	0.90387	0.095899	0.00020709	2.1847e-05
69	0.91101	0.088768	0.00020662	1.9977e-05
70	0.92042	0.079352	0.0002066	1.7631e-05
71	0.93239	0.067393	0.00020709	1.477e-05
72	0.94722	0.052559	0.00020814	1.1342e-05
73	0.95077	0.049011	0.00020668	1.043e-05
74	0.956	0.043782	0.00020555	9.1777e-06
75	0.96275	0.03704	0.00020474	7.6244e-06
76	0.9629	0.036891	0.0002025	7.4827e-06
77	0.96439	0.035402	0.00020052	7.0683e-06
78	0.96706	0.03274	0.00019879	6.4188e-06
79	0.96433	0.035471	0.00019597	6.8524e-06
80	0.96283	0.036974	0.00019342	7.0288e-06
81	0.96252	0.037281	0.00019113	6.9625e-06
82	0.95554	0.044262	0.00018762	8.1337e-06
83	0.93412	0.065683	0.00018132	1.1957e-05
84	0.91603	0.083778	0.00017577	1.5056e-05
85	0.90134	0.098474	0.00017089	1.746e-05
86	0.88963	0.11019	0.00016661	1.9266e-05
87	0.88053	0.11929	0.00016282	2.0556e-05
88	0.87351	0.12631	0.00015947	2.1431e-05
89	0.86873	0.13109	0.00015652	2.1891e-05
90	0.86601	0.13382	0.00015393	2.1976e-05
91	0.86527	0.13455	0.00015168	2.1714e-05
92	0.86619	0.13364	0.00014973	2.1169e-05
93	0.85534	0.14449	0.00014587	2.2519e-05
94	0.8186	0.18123	0.00013808	2.7813e-05
95	0.78717	0.21266	0.00013131	3.2099e-05
96	0.76108	0.23876	0.00012548	3.5434e-05
97	0.73901	0.26083	0.00012041	3.8031e-05
98	0.72104	0.2788	0.00011602	3.9924e-05
99	0.70668	0.29317	0.00011224	4.1212e-05
100	0.69495	0.30489	0.00010892	4.2045e-05
101	0.68622	0.31363	0.00010606	4.24e-05
102	0.68024	0.31962	0.00010362	4.2329e-05
103	0.67633	0.32352	0.00010152	4.1935e-05
104	0.67488	0.32498	9.9762e-05	4.1187e-05
105	0.6754	0.32446	9.8296e-05	4.0158e-05
106	0.67803	0.32183	9.713e-05	3.8843e-05
107	0.68269	0.31718	9.6239e-05	3.7265e-05
108	0.68959	0.31028	9.5643e-05	3.5406e-05
109	0.68157	0.3183	9.3161e-05	3.5421e-05
110	0.67573	0.32414	9.0993e-05	3.5135e-05
111	0.6721	0.32778	8.9128e-05	3.4559e-05
112	0.64866	0.35122	8.5184e-05	3.6075e-05
113	0.62874	0.37114	8.1736e-05	3.7106e-05
114	0.61217	0.38771	7.8744e-05	3.7694e-05
115	0.59862	0.40127	7.6151e-05	3.7895e-05
116	0.58827	0.41162	7.3931e-05	3.7713e-05
117	0.58083	0.41907	7.204e-05	3.7192e-05
118	0.57554	0.42435	7.0413e-05	3.6417e-05
119	0.57284	0.42706	6.9061e-05	3.5359e-05
120	0.57264	0.42726	6.7963e-05	3.4035e-05
121	0.57456	0.42534	6.7096e-05	3.2493e-05
122	0.57863	0.42127	6.6455e-05	3.0737e-05
123	0.58495	0.41496	6.6038e-05	2.8767e-05
124	0.57516	0.42475	6.4804e-05	3.0214e-05
125	0.56781	0.43209	6.3837e-05	3.1394e-05
126	0.56275	0.43715	6.3117e-05	3.233e-05
127	0.55987	0.44003	6.2626e-05	3.3036e-05
128	0.5595	0.4404	6.2378e-05	3.3494e-05
129	0.56158	0.43832	6.236e-05	3.3713e-05
130	0.56618	0.43372	6.2572e-05	3.3694e-05
131	0.57289	0.42701	6.2987e-05	3.3473e-05
132	0.582	0.41791	6.3628e-05	3.3028e-05
133	0.59368	0.40622	6.4507e-05	3.2345e-05
134	0.60867	0.39124	6.5669e-05	3.1372e-05
135	0.62661	0.37329	6.7099e-05	3.0132e-05
136	0.62632	0.37359	6.6957e-05	3.0466e-05
137	0.62851	0.37139	6.7048e-05	3.0559e-05
138	0.63274	0.36716	6.7338e-05	3.0454e-05
139	0.63908	0.36082	6.7833e-05	3.0145e-05
140	0.64764	0.35226	6.8543e-05	2.9622e-05
141	0.65858	0.34132	6.9481e-05	2.8873e-05
142	0.6721	0.3278	7.0663e-05	2.7881e-05
143	0.68844	0.31146	7.2112e-05	2.6623e-05
144	0.70811	0.2918	7.3875e-05	2.5052e-05
145	0.73221	0.26769	7.6031e-05	2.3082e-05
146	0.76135	0.23855	7.863e-05	2.0658e-05
147	0.79549	0.20441	8.1696e-05	1.7772e-05
148	0.80507	0.19483	8.2622e-05	1.7026e-05
149	0.81715	0.18275	8.3791e-05	1.604e-05
150	0.83241	0.16749	8.5245e-05	1.4761e-05
151	0.83348	0.16642	8.54e-05	1.4772e-05
152	0.83641	0.16349	8.574e-05	1.4601e-05
153	0.84154	0.15836	8.6282e-05	1.4219e-05
154	0.84859	0.15131	8.7015e-05	1.3647e-05
155	0.85818	0.14172	8.7981e-05	1.2835e-05
156	0.85576	0.14414	8.7818e-05	1.3154e-05
157	0.85504	0.14486	8.7826e-05	1.3302e-05
158	0.85635	0.14355	8.8026e-05	1.3251e-05
159	0.85937	0.14053	8.8399e-05	1.3028e-05
160	0.8645	0.1354	8.897e-05	1.2599e-05
161	0.85885	0.14105	8.8492e-05	1.3221e-05
162	0.85499	0.14491	8.82e-05	1.366e-05
163	0.85321	0.14669	8.8104e-05	1.3893e-05
164	0.85345	0.14645	8.8202e-05	1.3925e-05
165	0.85572	0.14418	8.8493e-05	1.3755e-05
166	0.86009	0.13981	8.8983e-05	1.3377e-05
167	0.86628	0.13362	8.9661e-05	1.2813e-05
168	0.87486	0.12504	9.0567e-05	1.2012e-05
169	0.87235	0.12755	9.0367e-05	1.2308e-05
170	0.85655	0.14334	8.8803e-05	1.3961e-05
171	0.84398	0.15591	8.7556e-05	1.5287e-05
172	0.80217	0.19773	8.33e-05	1.9623e-05
173	0.76716	0.23274	7.9727e-05	2.327e-05
174	0.738	0.2619	7.674e-05	2.6321e-05
175	0.71298	0.28692	7.419e-05	2.8937e-05
176	0.69252	0.30738	7.2097e-05	3.1088e-05
177	0.67527	0.32462	7.0343e-05	3.2901e-05
178	0.61874	0.38115	6.4497e-05	3.8798e-05
179	0.56949	0.43041	5.9417e-05	4.3929e-05
180	0.52703	0.47287	5.5054e-05	4.8346e-05
181	0.49139	0.5085	5.138e-05	5.2066e-05
182	0.4616	0.53829	4.8297e-05	5.5186e-05
183	0.43589	0.56401	4.5647e-05	5.7875e-05
184	0.41471	0.58519	4.3456e-05	6.0097e-05
185	0.39665	0.60325	4.1596e-05	6.1989e-05
186	0.38139	0.61851	4.0033e-05	6.3584e-05
187	0.33201	0.66789	3.4811e-05	6.8796e-05
188	0.28921	0.71068	3.03e-05	7.3297e-05
189	0.25313	0.74677	2.6485e-05	7.7096e-05
190	0.22187	0.77803	2.3191e-05	8.0373e-05
191	0.19555	0.80435	2.0409e-05	8.3132e-05
192	0.17277	0.82713	1.8009e-05	8.5508e-05
193	0.15358	0.84632	1.5981e-05	8.7507e-05
194	0.1375	0.8624	1.4275e-05	8.9177e-05
195	0.12407	0.87582	1.2844e-05	9.0564e-05
196	0.11288	0.88702	1.1645e-05	9.1714e-05
197	0.1033	0.89659	1.0622e-05	9.2687e-05
198	0.095149	0.90475	9.7534e-06	9.3506e-05
199	0.088248	0.91165	9.0197e-06	9.419e-05
200	0.082719	0.91718	8.4261e-06	9.4727e-05
201	0.078083	0.92181	7.9285e-06	9.5168e-05
202	0.074257	0.92564	7.5176e-06	9.5521e-05
203	0.071172	0.92872	7.1855e-06	9.5796e-05
204	0.068842	0.93105	6.9335e-06	9.599e-05
205	0.067153	0.93274	6.7488e-06	9.6116e-05
206	0.066138	0.93376	6.635e-06	9.6171e-05
207	0.06595	0.93395	6.6024e-06	9.6138e-05
208	0.066344	0.93355	6.6303e-06	9.6044e-05
209	0.067329	0.93257	6.7193e-06	9.5889e-05
210	0.068922	0.93098	6.8711e-06	9.567e-05
211	0.071223	0.92867	7.0957e-06	9.5378e-05
212	0.074277	0.92562	7.3979e-06	9.5009e-05
213	0.07815	0.92175	7.784e-06	9.4555e-05
214	0.082918	0.91698	8.2624e-06	9.4009e-05
215	0.088918	0.91098	8.8606e-06	9.3337e-05
216	0.096052	0.90385	9.5751e-06	9.2548e-05
217	0.093063	0.90684	9.2687e-06	9.278e-05
218	0.091177	0.90872	9.0704e-06	9.2897e-05
219	0.090067	0.90983	8.9524e-06	9.2933e-05
220	0.089713	0.91018	8.9125e-06	9.2891e-05
221	0.090109	0.90979	8.9498e-06	9.2771e-05
222	0.091538	0.90836	9.0875e-06	9.2545e-05
223	0.093833	0.90607	9.3141e-06	9.2229e-05
224	0.097257	0.90264	9.6503e-06	9.1797e-05
225	0.10167	0.89823	1.0088e-05	9.1264e-05
226	0.09591	0.90399	9.5064e-06	9.1749e-05
227	0.091469	0.90843	9.0543e-06	9.2099e-05
228	0.088198	0.9117	8.7167e-06	9.2327e-05
229	0.086009	0.91389	8.4844e-06	9.2444e-05
230	0.08457	0.91533	8.3295e-06	9.2483e-05
231	0.08393	0.91597	8.2565e-06	9.244e-05
232	0.084288	0.91561	8.2796e-06	9.2294e-05
233	0.085365	0.91453	8.3758e-06	9.2074e-05
234	0.087255	0.91264	8.5544e-06	9.1772e-05
235	0.078792	0.92111	7.7089e-06	9.2494e-05
236	0.071772	0.92813	7.0042e-06	9.3068e-05
237	0.065697	0.9342	6.3966e-06	9.3544e-05
238	0.060738	0.93916	5.8974e-06	9.3906e-05
239	0.0565	0.9434	5.4721e-06	9.4193e-05
240	0.05317	0.94673	5.1342e-06	9.4386e-05
241	0.050634	0.94927	4.8725e-06	9.4497e-05
242	0.048607	0.95129	4.6625e-06	9.4555e-05
243	0.047109	0.95279	4.506e-06	9.456e-05
244	0.04611	0.95379	4.3996e-06	9.4514e-05
245	0.045751	0.95415	4.3529e-06	9.4402e-05
246	0.045805	0.9541	4.3472e-06	9.4248e-05
247	0.046491	0.95341	4.3997e-06	9.403e-05
248	0.047606	0.9523	4.4938e-06	9.3769e-05
249	0.049227	0.95067	4.6372e-06	9.3459e-05
250	0.051567	0.94834	4.8458e-06	9.3077e-05
251	0.054437	0.94547	5.1049e-06	9.2644e-05
252	0.057958	0.94194	5.426e-06	9.2148e-05
253	0.062396	0.93751	5.8294e-06	9.1564e-05
254	0.06758	0.93232	6.3028e-06	9.0909e-05
255	0.073605	0.9263	6.8551e-06	9.0175e-05
256	0.080674	0.91923	7.5054e-06	8.9343e-05
257	0.088829	0.91107	8.2573e-06	8.8408e-05
258	0.098217	0.90169	9.1245e-06	8.7357e-05
259	0.10913	0.89077	1.0135e-05	8.6163e-05
260	0.1218	0.8781	1.131e-05	8.4804e-05
261	0.1369	0.86301	1.2703e-05	8.3221e-05
262	0.15418	0.84572	1.4299e-05	8.1433e-05
263	0.17396	0.82594	1.6128e-05	7.9413e-05
264	0.19743	0.80248	1.8286e-05	7.7057e-05
265	0.20151	0.79839	1.8624e-05	7.652e-05
266	0.20744	0.79246	1.9128e-05	7.5812e-05
267	0.21504	0.78486	1.9788e-05	7.4946e-05
268	0.22433	0.77557	2.0606e-05	7.3923e-05
269	0.23563	0.76427	2.161e-05	7.2713e-05
270	0.24917	0.75073	2.2823e-05	7.1295e-05
271	0.26505	0.73486	2.4252e-05	6.9662e-05
272	0.26423	0.73567	2.4127e-05	6.9582e-05
273	0.26535	0.73456	2.4174e-05	6.9322e-05
274	0.26811	0.7318	2.4377e-05	6.8908e-05
275	0.27293	0.72698	2.4762e-05	6.8304e-05
276	0.27995	0.71996	2.5341e-05	6.7499e-05
277	0.27176	0.72814	2.4524e-05	6.8091e-05
278	0.26586	0.73405	2.3913e-05	6.847e-05
279	0.26171	0.7382	2.3469e-05	6.8682e-05
280	0.25954	0.74037	2.3201e-05	6.8711e-05
281	0.25886	0.74104	2.3073e-05	6.86e-05
282	0.25968	0.74023	2.3083e-05	6.8351e-05
283	0.262	0.73791	2.3231e-05	6.7963e-05
284	0.2663	0.73361	2.355e-05	6.7397e-05
285	0.27237	0.72754	2.4029e-05	6.6672e-05
286	0.28019	0.71972	2.4666e-05	6.5789e-05
287	0.29049	0.70942	2.5513e-05	6.4689e-05
288	0.30355	0.69636	2.6594e-05	6.3348e-05
289	0.30079	0.69912	2.6265e-05	6.3416e-05
290	0.29978	0.70013	2.6096e-05	6.3325e-05
291	0.30037	0.69954	2.6073e-05	6.3088e-05
292	0.3027	0.69721	2.6205e-05	6.2696e-05
293	0.30718	0.69274	2.6519e-05	6.2116e-05
294	0.31341	0.6865	2.6987e-05	6.138e-05
295	0.32151	0.67841	2.7619e-05	6.0481e-05
296	0.33162	0.6683	2.8426e-05	5.9407e-05
297	0.34409	0.65583	2.9438e-05	5.8128e-05
298	0.35966	0.64025	3.0706e-05	5.6586e-05
299	0.37822	0.6217	3.223e-05	5.4789e-05
300	0.3999	0.60001	3.4022e-05	5.2724e-05
301	0.40195	0.59797	3.4105e-05	5.2368e-05
302	0.40637	0.59354	3.4385e-05	5.1808e-05
303	0.41274	0.58717	3.4834e-05	5.108e-05
304	0.42173	0.57818	3.5495e-05	5.0131e-05
305	0.43298	0.56694	3.6348e-05	4.8991e-05
306	0.44734	0.55258	3.7452e-05	4.7593e-05
307	0.46468	0.53524	3.8806e-05	4.5945e-05
308	0.48536	0.51456	4.044e-05	4.4018e-05
309	0.51054	0.48938	4.2433e-05	4.1725e-05
310	0.54008	0.45983	4.4786e-05	3.9071e-05
311	0.57425	0.42566	4.7521e-05	3.6038e-05
312	0.61505	0.38487	5.0778e-05	3.2474e-05
313	0.66199	0.33793	5.4535e-05	2.841e-05
314	0.71789	0.28203	5.8995e-05	2.3637e-05
315	0.78203	0.21789	6.4118e-05	1.82e-05
316	0.7839	0.21602	6.4041e-05	1.7966e-05
317	0.7881	0.21182	6.4145e-05	1.7543e-05
318	0.7944	0.20552	6.4422e-05	1.6947e-05
319	0.80327	0.19665	6.4895e-05	1.6148e-05
320	0.81442	0.1855	6.5554e-05	1.5164e-05
321	0.82865	0.17127	6.6443e-05	1.3941e-05
322	0.82874	0.17118	6.6186e-05	1.3867e-05
323	0.83098	0.16894	6.6091e-05	1.3622e-05
324	0.83512	0.1648	6.6151e-05	1.3223e-05
325	0.84158	0.15834	6.6383e-05	1.2645e-05
326	0.85053	0.14939	6.6799e-05	1.1875e-05
327	0.8622	0.13772	6.7411e-05	1.0899e-05
328	0.86147	0.13845	6.7046e-05	1.0902e-05
329	0.8624	0.13752	6.6815e-05	1.0774e-05
330	0.86509	0.13483	6.6723e-05	1.0506e-05
331	0.86989	0.13003	6.6783e-05	1.0079e-05
332	0.87693	0.12299	6.7002e-05	9.4848e-06
333	0.88638	0.11354	6.739e-05	8.7128e-06
334	0.89802	0.1019	6.7942e-05	7.7788e-06
335	0.91264	0.087285	6.87e-05	6.6303e-06
336	0.9306	0.069322	6.9686e-05	5.2444e-06
337	0.93528	0.064644	6.9668e-05	4.8651e-06
338	0.9324	0.06753	6.9073e-05	5.0541e-06
339	0.93115	0.068779	6.8592e-05	5.1206e-06
340	0.93133	0.0686	6.8221e-05	5.0793e-06
341	0.9229	0.077028	6.7209e-05	5.6705e-06
342	0.91636	0.083564	6.6346e-05	6.1145e-06
343	0.91183	0.088097	6.5624e-05	6.4093e-06
344	0.90886	0.091067	6.5021e-05	6.5859e-06
345	0.9077	0.092225	6.4541e-05	6.6315e-06
346	0.90832	0.091604	6.4179e-05	6.5507e-06
347	0.91051	0.089416	6.393e-05	6.3581e-06
348	0.91432	0.085614	6.3797e-05	6.0525e-06
349	0.90938	0.090549	6.3053e-05	6.3583e-06
350	0.90634	0.093594	6.2436e-05	6.5299e-06
351	0.90489	0.095036	6.1935e-05	6.5868e-06
352	0.90523	0.094705	6.1547e-05	6.522e-06
353	0.90714	0.092796	6.127e-05	6.3487e-06
354	0.91088	0.089056	6.1104e-05	6.0545e-06
355	0.91632	0.083613	6.1054e-05	5.6479e-06
356	0.92348	0.076452	6.1115e-05	5.13e-06
357	0.93249	0.067444	6.1296e-05	4.4944e-06
358	0.93274	0.067193	6.0882e-05	4.445e-06
359	0.93442	0.065517	6.0563e-05	4.3016e-06
360	0.93755	0.062383	6.0341e-05	4.064e-06
361	0.94241	0.057528	6.0217e-05	3.7194e-06
362	0.94882	0.051121	6.019e-05	3.2788e-06
363	0.95689	0.043046	6.0266e-05	2.7365e-06
364	0.96715	0.032784	6.0463e-05	2.0653e-06
365	0.96933	0.030608	6.0145e-05	1.9098e-06
366	0.97289	0.02705	5.9901e-05	1.6718e-06
367	0.97791	0.02203	5.9734e-05	1.3481e-06
368	0.98435	0.015585	5.9653e-05	9.4134e-07
369	0.99256	0.0073827	5.9661e-05	4.3572e-07
370	0.99526	0.004681	5.9334e-05	2.6786e-07
371	0.99287	0.007068	5.87e-05	3.9786e-07
372	0.99144	0.008505	5.8114e-05	4.713e-07
373	0.99081	0.0091314	5.7578e-05	4.965e-07
374	0.99108	0.0088605	5.7084e-05	4.7055e-07
375	0.99216	0.0077863	5.6637e-05	3.9917e-07
376	0.99405	0.0058892	5.6237e-05	2.8236e-07
377	0.99377	0.0061773	5.5721e-05	2.8198e-07
378	0.99424	0.0057088	5.5248e-05	2.404e-07
379	0.98697	0.012977	5.4433e-05	5.3183e-07
380	0.96598	0.033965	5.384e-05	2.0253e-06
381	0.94821	0.051735	5.3426e-05	3.3415e-06
382	0.93371	0.06623	5.3189e-05	4.4725e-06
383	0.92208	0.077862	5.311e-05	5.4373e-06
384	0.91255	0.087394	5.3156e-05	6.279e-06
385	0.90534	0.094604	5.3335e-05	6.9795e-06
386	0.89998	0.099963	5.3632e-05	7.5645e-06
387	0.89636	0.10358	5.4044e-05	8.0384e-06
388	0.89441	0.10553	5.4568e-05	8.4035e-06
389	0.87964	0.12029	5.4074e-05	9.7897e-06
390	0.86738	0.13255	5.3747e-05	1.1011e-05
391	0.85789	0.14204	5.36e-05	1.2044e-05
392	0.85058	0.14935	5.3608e-05	1.2926e-05
393	0.8456	0.15433	5.377e-05	1.3644e-05
394	0.7697	0.23023	4.9083e-05	1.8496e-05
395	0.70579	0.29414	4.512e-05	2.2616e-05
396	0.65008	0.34985	4.1673e-05	2.622e-05
397	0.60318	0.39676	3.8762e-05	2.9282e-05
398	0.56279	0.43714	3.6264e-05	3.1929e-05
399	0.52775	0.47218	3.4107e-05	3.4236e-05
400	0.49774	0.5022	3.227e-05	3.6222e-05
401	0.47212	0.52781	3.0715e-05	3.7927e-05
402	0.45099	0.54894	2.9435e-05	3.9349e-05
403	0.43376	0.56617	2.8396e-05	4.0522e-05
404	0.4193	0.58064	2.7539e-05	4.1515e-05
405	0.40799	0.59194	2.6879e-05	4.2301e-05
406	0.39948	0.60045	2.6396e-05	4.2904e-05
407	0.39316	0.60677	2.6061e-05	4.3359e-05
408	0.38876	0.61117	2.5857e-05	4.3682e-05
409	0.38668	0.61325	2.5803e-05	4.3848e-05
410	0.3864	0.61353	2.5874e-05	4.3888e-05
411	0.36733	0.6326	2.4659e-05	4.5207e-05
412	0.35185	0.64808	2.3674e-05	4.6288e-05
413	0.33948	0.66045	2.289e-05	4.7161e-05
414	0.32988	0.67005	2.2286e-05	4.7848e-05
415	0.32226	0.67766	2.1818e-05	4.8397e-05
416	0.31651	0.68342	2.1479e-05	4.8817e-05
417	0.31301	0.68692	2.1288e-05	4.9082e-05
418	0.31165	0.68828	2.1241e-05	4.9197e-05
419	0.31241	0.68752	2.1334e-05	4.9163e-05
420	0.31493	0.68499	2.1554e-05	4.9002e-05
421	0.30086	0.69907	2.0623e-05	4.9992e-05
422	0.28907	0.71086	1.985e-05	5.0823e-05
423	0.27934	0.72059	1.922e-05	5.151e-05
424	0.27204	0.72789	1.8751e-05	5.2028e-05
425	0.26695	0.73298	1.843e-05	5.2392e-05
426	0.2639	0.73603	1.8245e-05	5.2613e-05
427	0.24141	0.75852	1.6702e-05	5.4186e-05
428	0.2227	0.77723	1.5413e-05	5.5497e-05
429	0.20672	0.79321	1.4316e-05	5.6615e-05
430	0.19356	0.80637	1.341e-05	5.7536e-05
431	0.18235	0.81758	1.2641e-05	5.8319e-05
432	0.173	0.82692	1.2005e-05	5.8968e-05
433	0.16522	0.83471	1.1479e-05	5.9506e-05
434	0.1593	0.84063	1.1078e-05	5.9912e-05
435	0.15506	0.84487	1.0791e-05	6.0197e-05
436	0.1521	0.84783	1.0596e-05	6.0389e-05
437	0.15063	0.8493	1.0502e-05	6.0474e-05
438	0.1506	0.84933	1.0506e-05	6.0454e-05
439	0.15174	0.84819	1.0595e-05	6.0349e-05
440	0.15437	0.84556	1.0785e-05	6.0135e-05
441	0.15856	0.84137	1.1081e-05	5.9808e-05
442	0.15027	0.84966	1.0496e-05	6.0357e-05
443	0.1435	0.85643	1.002e-05	6.0796e-05
444	0.13799	0.86194	9.6347e-06	6.1142e-05
445	0.134	0.86593	9.3534e-06	6.1378e-05
446	0.13118	0.86875	9.1564e-06	6.1528e-05
447	0.12971	0.87022	9.051e-06	6.1581e-05
448	0.12923	0.8707	9.0167e-06	6.156e-05
449	0.13006	0.86987	9.0724e-06	6.1444e-05
450	0.13189	0.86804	9.1994e-06	6.1254e-05
451	0.13475	0.86518	9.4002e-06	6.099e-05
452	0.13868	0.86124	9.6784e-06	6.0647e-05
453	0.14387	0.85606	1.0047e-05	6.0212e-05
454	0.1503	0.84963	1.0505e-05	5.9687e-05
455	0.1581	0.84183	1.1061e-05	5.9062e-05
456	0.16787	0.83206	1.1753e-05	5.8295e-05
457	0.17988	0.82005	1.2598e-05	5.7368e-05
458	0.19387	0.80606	1.3585e-05	5.6297e-05
459	0.21028	0.78965	1.4745e-05	5.5053e-05
460	0.23003	0.7699	1.6135e-05	5.3572e-05
461	0.2537	0.74624	1.7793e-05	5.1817e-05
462	0.28186	0.71807	1.9756e-05	4.9749e-05
463	0.28752	0.71241	2.0138e-05	4.9263e-05
464	0.29548	0.70445	2.0675e-05	4.8613e-05
465	0.30554	0.69439	2.136e-05	4.7815e-05
466	0.31833	0.6816	2.2229e-05	4.6826e-05
467	0.33371	0.66622	2.3282e-05	4.5653e-05
468	0.35255	0.64738	2.4567e-05	4.4241e-05
469	0.37537	0.62456	2.6117e-05	4.2556e-05
470	0.3777	0.62223	2.6246e-05	4.2292e-05
471	0.38238	0.61755	2.653e-05	4.1866e-05
472	0.38954	0.6104	2.6979e-05	4.1268e-05
473	0.39877	0.60116	2.7572e-05	4.0525e-05
474	0.41041	0.58952	2.8333e-05	3.9614e-05
475	0.42523	0.5747	2.9303e-05	3.8486e-05
476	0.42258	0.57735	2.9071e-05	3.8553e-05
477	0.42192	0.57802	2.8978e-05	3.848e-05
478	0.42361	0.57632	2.904e-05	3.8246e-05
479	0.42719	0.57275	2.9232e-05	3.7881e-05
480	0.43271	0.56722	2.9558e-05	3.7381e-05
481	0.44042	0.55951	3.0034e-05	3.673e-05
482	0.45049	0.54945	3.0673e-05	3.5918e-05
483	0.46311	0.53683	3.1486e-05	3.4929e-05
484	0.45845	0.54148	3.1143e-05	3.5097e-05
485	0.45624	0.5437	3.0957e-05	3.5101e-05
486	0.45592	0.54401	3.09e-05	3.4975e-05
487	0.45801	0.54192	3.0998e-05	3.4686e-05
488	0.46254	0.53739	3.1251e-05	3.4236e-05
489	0.46924	0.53069	3.1651e-05	3.3638e-05
490	0.45968	0.54025	3.0997e-05	3.4094e-05
491	0.45231	0.54763	3.0491e-05	3.4402e-05
492	0.44714	0.5528	3.0132e-05	3.4562e-05
493	0.41942	0.58051	2.8379e-05	3.6116e-05
494	0.39641	0.60353	2.6919e-05	3.7369e-05
495	0.37745	0.62248	2.5714e-05	3.8361e-05
496	0.36136	0.63857	2.4698e-05	3.9163e-05
497	0.34846	0.65148	2.3881e-05	3.9759e-05
498	0.33783	0.66211	2.3215e-05	4.0203e-05
499	0.32985	0.67009	2.2713e-05	4.0475e-05
500	0.32428	0.67566	2.2364e-05	4.0588e-05
501	0.32061	0.67933	2.214e-05	4.0575e-05
502	0.31911	0.68083	2.2054e-05	4.0417e-05
503	0.31926	0.68068	2.208e-05	4.0147e-05
504	0.32155	0.67839	2.2241e-05	3.9734e-05
505	0.30694	0.693	2.1368e-05	4.0355e-05
506	0.29483	0.70511	2.0656e-05	4.0813e-05
507	0.28483	0.71511	2.0082e-05	4.1134e-05
508	0.27689	0.72305	1.9641e-05	4.132e-05
509	0.27122	0.72872	1.934e-05	4.1359e-05
510	0.2672	0.73274	1.9148e-05	4.1288e-05
511	0.26473	0.73521	1.9061e-05	4.1111e-05
512	0.26391	0.73603	1.9086e-05	4.0822e-05
513	0.265	0.73494	1.9234e-05	4.0402e-05
514	0.26762	0.73232	1.9489e-05	3.9874e-05
515	0.27181	0.72813	1.9855e-05	3.9234e-05
516	0.27812	0.72182	2.0364e-05	3.8444e-05
517	0.26927	0.73067	1.9935e-05	3.8591e-05
518	0.26275	0.7372	1.9645e-05	3.8593e-05
519	0.25832	0.74162	1.9483e-05	3.846e-05
520	0.25545	0.7445	1.9424e-05	3.8221e-05
521	0.25452	0.74542	1.9491e-05	3.7852e-05
522	0.25507	0.74487	1.9661e-05	3.7377e-05
523	0.25711	0.74283	1.9938e-05	3.6794e-05
524	0.26067	0.73927	2.0328e-05	3.6098e-05
525	0.26627	0.73368	2.086e-05	3.5251e-05
526	0.27406	0.72588	2.155e-05	3.4241e-05
527	0.26696	0.73299	2.1314e-05	3.6222e-05
528	0.26168	0.73826	2.12e-05	3.8085e-05
529	0.23457	0.76537	1.9337e-05	4.1689e-05
530	0.21093	0.789	1.7689e-05	4.5083e-05
531	0.19116	0.80878	1.6289e-05	4.8222e-05
532	0.17416	0.82578	1.5076e-05	5.1179e-05
533	0.16005	0.83988	1.4058e-05	5.3933e-05
534	0.14788	0.85205	1.3176e-05	5.6555e-05
535	0.13788	0.86204	1.2449e-05	5.9016e-05
536	0.12938	0.87055	1.1833e-05	6.1369e-05
537	0.12221	0.87772	1.1319e-05	6.3625e-05
538	0.11624	0.88368	1.0899e-05	6.5789e-05
539	0.11137	0.88855	1.057e-05	6.7869e-05
540	0.10759	0.89233	1.0333e-05	6.986e-05
541	0.10484	0.89508	1.0186e-05	7.1766e-05
542	0.10326	0.89666	1.014e-05	7.3564e-05
543	0.10284	0.89708	1.0196e-05	7.5252e-05
544	0.090357	0.90956	9.0803e-06	7.8118e-05
545	0.079534	0.92038	8.1e-06	8.0852e-05
546	0.070146	0.92976	7.2395e-06	8.3472e-05
547	0.062002	0.93791	6.4845e-06	8.5991e-05
548	0.055162	0.94474	5.8398e-06	8.8392e-05
549	0.049438	0.95047	5.2918e-06	9.0691e-05
550	0.044487	0.95541	4.8143e-06	9.2923e-05
551	0.040209	0.95969	4.3994e-06	9.5097e-05
552	0.036672	0.96323	4.0521e-06	9.7198e-05
553	0.033577	0.96632	3.7471e-06	9.926e-05
554	0.030923	0.96897	3.4858e-06	0.00010128
555	0.028654	0.97124	3.2633e-06	0.00010327
556	0.026724	0.97317	3.0758e-06	0.00010523
557	0.025093	0.9748	2.92e-06	0.00010716
558	0.023728	0.97616	2.7929e-06	0.00010907
559	0.02256	0.97733	2.6875e-06	0.00011096
560	0.021711	0.97817	2.6158e-06	0.00011281
561	0.021168	0.97871	2.5778e-06	0.00011462
562	0.020917	0.97896	2.573e-06	0.00011639
563	0.020802	0.97908	2.5867e-06	0.00011815
564	0.020959	0.97892	2.633e-06	0.00011986
565	0.021291	0.97858	2.7044e-06	0.00012156
566	0.021918	0.97796	2.8135e-06	0.00012321
567	0.022742	0.97713	2.9524e-06	0.00012484
568	0.023899	0.97597	3.1364e-06	0.00012642
569	0.025409	0.97446	3.3694e-06	0.00012794
570	0.027315	0.97255	3.6584e-06	0.0001294
571	0.029667	0.9702	4.012e-06	0.00013078
572	0.032344	0.96752	4.4199e-06	0.00013212
573	0.035611	0.96425	4.9155e-06	0.00013336
574	0.039384	0.96048	5.4952e-06	0.00013453
575	0.043932	0.95593	6.1936e-06	0.00013556
576	0.049099	0.95076	6.9985e-06	0.0001365
577	0.055265	0.94459	7.9608e-06	0.00013727
578	0.062368	0.93749	9.0843e-06	0.00013789
579	0.070552	0.9293	1.0396e-05	0.00013832
580	0.080274	0.91958	1.196e-05	0.0001385
581	0.091474	0.90837	1.3787e-05	0.00013842
582	0.10424	0.8956	1.5899e-05	0.00013805
583	0.10498	0.89487	1.6185e-05	0.00013951
584	0.10686	0.89298	1.665e-05	0.00014078
585	0.10964	0.89021	1.7267e-05	0.0001419
586	0.10131	0.89853	1.6105e-05	0.0001448
587	0.094178	0.90566	1.5116e-05	0.00014753
588	0.088451	0.91139	1.4326e-05	0.00015005
589	0.083748	0.91609	1.3691e-05	0.00015242
590	0.079893	0.91994	1.3186e-05	0.00015466
591	0.076815	0.92302	1.2803e-05	0.0001568
592	0.07446	0.92537	1.2535e-05	0.00015882
593	0.07306	0.92677	1.2418e-05	0.00016068
594	0.072553	0.92727	1.2447e-05	0.00016239
595	0.072679	0.92714	1.2588e-05	0.00016399
596	0.073439	0.92638	1.2845e-05	0.00016548
597	0.074919	0.9249	1.3237e-05	0.00016685
598	0.077361	0.92246	1.3802e-05	0.00016803
599	0.080833	0.91898	1.4558e-05	0.00016901
600	0.085411	0.9144	1.5522e-05	0.00016979
601	0.091219	0.90859	1.6722e-05	0.00017031
602	0.098419	0.90139	1.8192e-05	0.00017056
603	0.10681	0.893	1.9915e-05	0.00017057
604	0.10437	0.89544	1.9616e-05	0.0001726
605	0.1031	0.89671	1.9525e-05	0.00017442
606	0.10274	0.89706	1.9612e-05	0.00017606
607	0.10353	0.89627	1.9916e-05	0.00017748
608	0.10516	0.89464	2.0391e-05	0.00017873
609	0.10776	0.89204	2.1068e-05	0.00017979
610	0.11136	0.88844	2.196e-05	0.00018064
611	0.1163	0.8835	2.3125e-05	0.00018122
612	0.11038	0.88942	2.2141e-05	0.00018396
613	0.10588	0.89392	2.142e-05	0.00018644
614	0.10234	0.89745	2.0886e-05	0.00018874
615	0.099692	0.9001	2.0531e-05	0.00019086
616	0.097896	0.90189	2.0349e-05	0.00019282
617	0.096993	0.90279	2.0356e-05	0.00019459
618	0.097169	0.90261	2.0584e-05	0.00019614
619	0.098224	0.90156	2.1008e-05	0.0001975
620	0.10041	0.89937	2.1678e-05	0.0001986
621	0.1038	0.89598	2.2613e-05	0.00019943
622	0.096482	0.90329	2.1177e-05	0.00020263
623	0.090355	0.90942	1.9988e-05	0.00020558
624	0.085544	0.91423	1.9066e-05	0.00020827
625	0.081911	0.91786	1.8388e-05	0.0002107
626	0.079058	0.92071	1.788e-05	0.00021297
627	0.076933	0.92283	1.7535e-05	0.00021508
628	0.075754	0.92401	1.7395e-05	0.00021697
629	0.075306	0.92446	1.7427e-05	0.00021871
630	0.075783	0.92398	1.7669e-05	0.00022022
631	0.077198	0.92256	1.8129e-05	0.00022151
632	0.079304	0.92045	1.8764e-05	0.00022264
633	0.082216	0.91754	1.9605e-05	0.00022356
634	0.085992	0.91376	2.0674e-05	0.00022426
635	0.090962	0.90879	2.204e-05	0.00022466
636	0.097268	0.90248	2.3744e-05	0.00022471
637	0.10506	0.89469	2.5828e-05	0.00022438
638	0.11412	0.88563	2.8265e-05	0.0002237
639	0.12475	0.87499	3.1139e-05	0.00022259
640	0.13755	0.8622	3.4584e-05	0.0002209
641	0.13702	0.86272	3.4685e-05	0.00022257
642	0.13761	0.86213	3.5077e-05	0.00022395
643	0.13922	0.86052	3.5746e-05	0.00022506
644	0.14189	0.85785	3.6703e-05	0.00022588
645	0.14602	0.85372	3.8045e-05	0.00022632
646	0.1382	0.86153	3.6233e-05	0.0002299
647	0.13171	0.86802	3.4753e-05	0.00023316
648	0.12677	0.87296	3.3658e-05	0.00023603
649	0.12293	0.8768	3.2846e-05	0.00023861
650	0.12044	0.87928	3.2383e-05	0.00024085
651	0.11892	0.88081	3.218e-05	0.00024283
652	0.11841	0.88132	3.2258e-05	0.00024453
653	0.11915	0.88057	3.2673e-05	0.0002459
654	0.12083	0.87889	3.3357e-05	0.000247
655	0.12355	0.87616	3.4352e-05	0.0002478
656	0.12767	0.87205	3.5739e-05	0.00024819
657	0.13289	0.86683	3.7463e-05	0.00024826
658	0.1397	0.86002	3.9651e-05	0.00024786
659	0.14797	0.85174	4.2297e-05	0.00024701
660	0.15775	0.84196	4.5423e-05	0.00024568
661	0.16936	0.83035	4.9135e-05	0.00024378
662	0.18349	0.81621	5.362e-05	0.0002411
663	0.20056	0.79915	5.9009e-05	0.0002375
664	0.22022	0.77948	6.5255e-05	0.00023306
665	0.24368	0.75602	7.2692e-05	0.00022741
666	0.27167	0.72802	8.1555e-05	0.00022034
667	0.30376	0.69594	9.1789e-05	0.0002119
668	0.31111	0.68858	9.4568e-05	0.0002109
669	0.32055	0.67914	9.8031e-05	0.00020924
670	0.33274	0.66695	0.00010236	0.00020669
671	0.34803	0.65166	0.00010768	0.00020315
672	0.36679	0.63289	0.0001141	0.0001985
673	0.38892	0.61076	0.00012168	0.0001927
674	0.41557	0.58411	0.00013073	0.00018542
675	0.44667	0.55301	0.00014132	0.00017661
676	0.48378	0.5159	0.0001539	0.0001658
677	0.52644	0.47324	0.00016843	0.00015305
678	0.57542	0.42425	0.0001852	0.00013807
679	0.63351	0.36616	0.00020506	0.00012
680	0.70009	0.29958	0.00022795	9.8899e-05
681	0.72175	0.27792	0.00023629	9.2342e-05
682	0.7474	0.25227	0.00024606	8.4368e-05
683	0.77756	0.22211	0.00025747	7.4773e-05
684	0.81285	0.18681	0.00027075	6.3316e-05
685	0.854	0.14567	0.00028619	4.9713e-05
686	0.86707	0.13259	0.00029225	4.5507e-05
687	0.88338	0.11628	0.00029943	4.0163e-05
688	0.90265	0.097007	0.00030773	3.3716e-05
689	0.90734	0.092318	0.00031106	3.2254e-05
690	0.91381	0.085842	0.00031506	3.0142e-05
691	0.92221	0.077447	0.00031978	2.7321e-05
692	0.933	0.066655	0.00032536	2.3631e-05
693	0.946	0.053651	0.00033179	1.9102e-05
694	0.96204	0.037612	0.00033933	1.3449e-05
695	0.96656	0.033088	0.00034276	1.1888e-05
696	0.97271	0.026931	0.00034678	9.7298e-06
697	0.98046	0.019179	0.00035143	6.9637e-06
698	0.99023	0.0094074	0.00035681	3.4427e-06
699	0.99333	0.0063127	0.00035981	2.324e-06
700	0.99377	0.0058669	0.00036183	2.1716e-06
701	0.99214	0.0074902	0.00036308	2.7848e-06
702	0.99141	0.0082243	0.00036463	3.0778e-06
703	0.99145	0.0081756	0.00036648	3.0803e-06
704	0.99229	0.0073431	0.00036865	2.7878e-06
705	0.98483	0.014792	0.0003677	5.6227e-06
706	0.97887	0.020754	0.00036731	7.9154e-06
707	0.97421	0.02541	0.00036742	9.7284e-06
708	0.97078	0.028843	0.00036799	1.1088e-05
709	0.95836	0.041263	0.00036508	1.5921e-05
710	0.94843	0.05119	0.00036306	1.9851e-05
711	0.94044	0.059175	0.00036178	2.3055e-05
712	0.93447	0.06514	0.00036124	2.5511e-05
713	0.93014	0.069474	0.00036134	2.7343e-05
714	0.92755	0.072058	0.00036208	2.8512e-05
715	0.92662	0.072987	0.00036346	2.9044e-05
716	0.92707	0.072533	0.00036539	2.9025e-05
717	0.92898	0.070619	0.00036794	2.8414e-05
718	0.92265	0.076956	0.0003672	3.1101e-05
719	0.91826	0.081342	0.00036721	3.3035e-05
720	0.91567	0.083925	0.00036791	3.4264e-05
721	0.91482	0.084776	0.00036928	3.4806e-05
722	0.91548	0.084109	0.00037129	3.4724e-05
723	0.91768	0.081913	0.00037396	3.4003e-05
724	0.92166	0.077933	0.00037735	3.2548e-05
725	0.92722	0.072373	0.00038143	3.0414e-05
726	0.92433	0.075259	0.00038203	3.1778e-05
727	0.90975	0.089835	0.00037773	3.8058e-05
728	0.89811	0.10147	0.00037459	4.317e-05
729	0.88864	0.11094	0.00037234	4.7399e-05
730	0.88115	0.11843	0.00037093	5.081e-05
731	0.8759	0.12368	0.00037042	5.3306e-05
732	0.87247	0.1271	0.0003707	5.5031e-05
733	0.87079	0.12878	0.00037174	5.6006e-05
734	0.87106	0.12851	0.0003736	5.6157e-05
735	0.87305	0.12652	0.00037623	5.5549e-05
736	0.87704	0.12252	0.00037973	5.4068e-05
737	0.88315	0.11641	0.00038414	5.1656e-05
738	0.89155	0.10802	0.00038955	4.8228e-05
739	0.87402	0.12554	0.00038372	5.6132e-05
740	0.85991	0.13965	0.00037929	6.2619e-05
741	0.84877	0.15079	0.0003761	6.7861e-05
742	0.84028	0.15927	0.00037402	7.1972e-05
743	0.83393	0.16562	0.0003729	7.5143e-05
744	0.82959	0.16996	0.00037269	7.7422e-05
745	0.80872	0.19083	0.0003646	8.7425e-05
746	0.79173	0.20781	0.0003582	9.5733e-05
747	0.77775	0.2218	0.00035316	0.00010269
748	0.76686	0.23268	0.00034948	0.00010829
749	0.75841	0.24113	0.00034693	0.00011277
750	0.75256	0.24697	0.00034553	0.00011608
751	0.74873	0.25081	0.00034508	0.00011846
752	0.74728	0.25226	0.00034571	0.00011975
753	0.74773	0.2518	0.00034726	0.00012014
754	0.75021	0.24932	0.00034979	0.00011956
755	0.75465	0.24488	0.00035328	0.00011803
756	0.76112	0.23841	0.00035779	0.0001155
757	0.76988	0.22964	0.00036344	0.00011184
758	0.78096	0.21856	0.00037027	0.00010702
759	0.79516	0.20436	0.00037862	0.00010068
760	0.79486	0.20466	0.00037997	0.00010132
761	0.77908	0.22043	0.00037374	0.00010954
762	0.76619	0.23333	0.00036891	0.00011639
763	0.75591	0.2436	0.00036536	0.00012199
764	0.74843	0.25109	0.00036311	0.00012626
765	0.74304	0.25647	0.00036191	0.0001295
766	0.73965	0.25985	0.00036171	0.00013176
767	0.73866	0.26084	0.00036266	0.00013285
768	0.7397	0.25981	0.00036466	0.00013291
769	0.74309	0.25641	0.00036782	0.0001318
770	0.74849	0.25101	0.00037203	0.00012966
771	0.73997	0.25953	0.00036914	0.0001346
772	0.73411	0.26538	0.00036755	0.00013823
773	0.73029	0.2692	0.00036702	0.00014082
774	0.72855	0.27094	0.00036756	0.00014235
775	0.72916	0.27033	0.00036929	0.00014269
776	0.7317	0.26779	0.00037204	0.00014201
777	0.73622	0.26326	0.00037586	0.00014028
778	0.74294	0.25654	0.00038088	0.00013738
779	0.75235	0.24713	0.00038731	0.00013305
780	0.76416	0.23532	0.00039506	0.00012741
781	0.77925	0.22023	0.00040456	0.00012002
782	0.77898	0.2205	0.00040593	0.00012074
783	0.78095	0.21852	0.00040847	0.00012027
784	0.78483	0.21464	0.00041206	0.00011878
785	0.7911	0.20837	0.00041692	0.000116
786	0.79959	0.19987	0.00042304	0.00011198
787	0.8105	0.18897	0.00043053	0.00010661
788	0.82449	0.17497	0.0004397	9.9544e-05
789	0.84125	0.1582	0.00045047	9.0892e-05
790	0.8619	0.13756	0.00046338	8.0089e-05
791	0.88609	0.11337	0.00047836	6.7236e-05
792	0.89221	0.10725	0.00048351	6.4238e-05
793	0.90018	0.099268	0.00048974	6.0168e-05
794	0.91016	0.089288	0.00049716	5.4931e-05
795	0.92245	0.076996	0.00050595	4.8336e-05
796	0.92448	0.074967	0.0005089	4.758e-05
797	0.92796	0.071484	0.00051271	4.5971e-05
798	0.92344	0.076002	0.00051174	4.9167e-05
799	0.92043	0.07901	0.00051169	5.1468e-05
800	0.91916	0.080278	0.00051263	5.2755e-05
801	0.91957	0.079866	0.00051455	5.3056e-05
802	0.92141	0.078025	0.00051735	5.2499e-05
803	0.925	0.074424	0.00052116	5.0904e-05
804	0.93014	0.069283	0.00052593	4.8376e-05
805	0.93691	0.06251	0.00053172	4.4852e-05
806	0.93587	0.063547	0.00053262	4.6196e-05
807	0.9364	0.063024	0.00053447	4.6579e-05
808	0.92884	0.070575	0.00053069	5.258e-05
809	0.9233	0.076117	0.00052821	5.7266e-05
810	0.91933	0.080086	0.00052679	6.0914e-05
811	0.90242	0.096986	0.00051581	7.4138e-05
812	0.88879	0.11062	0.00050706	8.5117e-05
813	0.87766	0.12175	0.00050009	9.4345e-05
814	0.8688	0.1306	0.00049471	0.00010199
815	0.86193	0.13747	0.00049072	0.00010827
816	0.85693	0.14247	0.00048802	0.00011329
817	0.85379	0.14561	0.0004866	0.00011703
818	0.85272	0.14667	0.00048655	0.00011941
819	0.85343	0.14596	0.00048769	0.0001206
820	0.84209	0.1573	0.00047969	0.00013093
821	0.83298	0.1664	0.00047335	0.00013962
822	0.82608	0.17331	0.00046861	0.00014672
823	0.82123	0.17816	0.00046537	0.00015235
824	0.81863	0.18074	0.00046367	0.00015641
825	0.81793	0.18145	0.00046331	0.00015917
826	0.8194	0.17997	0.00046439	0.00016047
827	0.82308	0.17629	0.00046691	0.00016032
828	0.82876	0.17061	0.00047076	0.00015885
829	0.82218	0.17719	0.00046524	0.00016675
830	0.81764	0.18172	0.0004613	0.00017308
831	0.81506	0.18431	0.00045885	0.00017795
832	0.79553	0.20384	0.00044753	0.00018804
833	0.77973	0.21964	0.0004384	0.00019594
834	0.76681	0.23255	0.00043105	0.00020209
835	0.72368	0.27569	0.00040598	0.00022593
836	0.68629	0.31308	0.00038432	0.00024637
837	0.65517	0.3442	0.00036626	0.00026322
838	0.62867	0.3707	0.00035094	0.00027733
839	0.60686	0.39252	0.0003383	0.00028876
840	0.58838	0.41099	0.00032765	0.0002982
841	0.52978	0.4696	0.00029422	0.00033043
842	0.47911	0.52027	0.00026545	0.00035803
843	0.43534	0.56404	0.00024071	0.00038161
844	0.3985	0.60088	0.00021984	0.0004013
845	0.36758	0.6318	0.0002023	0.00041766
846	0.34076	0.65863	0.00018714	0.00043164
847	0.31779	0.68159	0.00017423	0.0004434
848	0.29882	0.70056	0.00016354	0.00045292
849	0.28277	0.71662	0.00015454	0.00046076
850	0.26931	0.73008	0.00014705	0.00046711
851	0.25817	0.74122	0.00014089	0.00047213
852	0.24911	0.75028	0.00013594	0.00047596
853	0.24229	0.7571	0.00013222	0.00047855
854	0.21183	0.78756	0.00011534	0.00049431
855	0.18519	0.8142	0.00010063	0.00050791
856	0.1621	0.83729	8.7944e-05	0.00051949
857	0.14261	0.85678	7.7222e-05	0.0005291
858	0.12574	0.87366	6.7982e-05	0.00053725
859	0.11153	0.88787	6.019e-05	0.00054393
860	0.099248	0.90015	5.3486e-05	0.00054954
861	0.088639	0.91076	4.7724e-05	0.00055421
862	0.079768	0.91963	4.2897e-05	0.00055795
863	0.072042	0.92736	3.8712e-05	0.00056105
864	0.065666	0.93374	3.5251e-05	0.00056341
865	0.060228	0.93917	3.2316e-05	0.00056527
866	0.055541	0.94386	2.98e-05	0.00056671
867	0.05152	0.94788	2.7654e-05	0.00056779
868	0.048094	0.95131	2.5839e-05	0.00056854
869	0.045438	0.95397	2.443e-05	0.00056889
870	0.04346	0.95595	2.338e-05	0.00056887
871	0.042104	0.9573	2.2659e-05	0.00056851
872	0.041142	0.95827	2.2157e-05	0.00056794
873	0.040608	0.9588	2.1895e-05	0.00056714
874	0.040491	0.95892	2.1866e-05	0.00056612
875	0.040941	0.95847	2.2138e-05	0.00056478
876	0.041763	0.95765	2.2616e-05	0.00056325
877	0.042972	0.95644	2.3311e-05	0.00056152
878	0.044588	0.95483	2.4234e-05	0.00055956
879	0.046871	0.95255	2.5512e-05	0.00055724
880	0.049884	0.94953	2.718e-05	0.00055452
881	0.053452	0.94597	2.9157e-05	0.0005515
882	0.057638	0.94178	3.1479e-05	0.00054815
883	0.062596	0.93683	3.4234e-05	0.00054437
884	0.068343	0.93108	3.7432e-05	0.00054015
885	0.075074	0.92435	4.1183e-05	0.00053539
886	0.082827	0.9166	4.5508e-05	0.00053007
887	0.091743	0.90768	5.0487e-05	0.0005241
888	0.10198	0.89744	5.6211e-05	0.00051739
889	0.10088	0.89855	5.5529e-05	0.0005171
890	0.10059	0.89884	5.5319e-05	0.00051634
891	0.10112	0.8983	5.5577e-05	0.00051513
892	0.1028	0.89663	5.6458e-05	0.00051328
893	0.10534	0.89409	5.7829e-05	0.00051096
894	0.10887	0.89056	5.9765e-05	0.00050807
895	0.11372	0.88571	6.2411e-05	0.00050447
896	0.11974	0.87969	6.5725e-05	0.00050021
897	0.12739	0.87204	6.9915e-05	0.00049507
898	0.13688	0.86255	7.5095e-05	0.00048893
899	0.14795	0.85149	8.1156e-05	0.00048191
900	0.16094	0.8385	8.8295e-05	0.00047383
901	0.17613	0.82331	9.6661e-05	0.00046453
902	0.19437	0.80507	0.00010667	0.00045358
903	0.21612	0.78332	0.00011856	0.00044074
904	0.24132	0.75812	0.00013237	0.00042599
905	0.2702	0.72924	0.00014822	0.00040921
906	0.30455	0.69489	0.000167	0.0003895
907	0.31323	0.68622	0.00017154	0.00038403
908	0.32456	0.67489	0.00017751	0.00037713
909	0.33818	0.66127	0.00018475	0.00036896
910	0.35452	0.64492	0.0001935	0.00035929
911	0.37372	0.62573	0.00020384	0.00034805
912	0.3961	0.60334	0.00021594	0.00033505
913	0.42306	0.57639	0.00023049	0.0003196
914	0.45452	0.54493	0.00024753	0.00030167
915	0.49216	0.50729	0.00026786	0.00028043
916	0.53705	0.46241	0.00029205	0.00025533
917	0.58905	0.41041	0.00032013	0.00022635
918	0.65068	0.34877	0.00035332	0.00019225
919	0.66968	0.32977	0.00036315	0.00018152
920	0.6921	0.30735	0.00037486	0.00016893
921	0.7193	0.28015	0.00038909	0.00015379
922	0.72462	0.27483	0.00039139	0.00015061
923	0.73259	0.26687	0.00039509	0.00014602
924	0.74339	0.25607	0.00040027	0.00013993
925	0.75732	0.24214	0.0004071	0.00013218
926	0.77408	0.22538	0.00041546	0.00012291
927	0.79474	0.20472	0.00042586	0.0001116
928	0.81986	0.1796	0.00043857	9.7958e-05
929	0.84912	0.15035	0.00045351	8.2108e-05
930	0.88304	0.11642	0.00047095	6.3764e-05
931	0.89375	0.10571	0.00047585	5.7949e-05
932	0.90677	0.092696	0.00048199	5.0902e-05
933	0.92248	0.076985	0.0004896	4.2412e-05
934	0.91587	0.083595	0.00048518	4.5954e-05
935	0.91094	0.088529	0.00048171	4.8569e-05
936	0.90789	0.091585	0.00047923	5.0178e-05
937	0.89178	0.10769	0.00046974	5.8814e-05
938	0.87829	0.12118	0.00046171	6.5992e-05
939	0.86766	0.13181	0.00045521	7.164e-05
940	0.85958	0.13989	0.00045007	7.5918e-05
941	0.85345	0.14602	0.000446	7.9127e-05
942	0.84927	0.15021	0.00044301	8.1279e-05
943	0.82827	0.17121	0.0004311	9.2365e-05
944	0.81116	0.18832	0.00042125	0.00010138
945	0.79746	0.20202	0.00041321	0.00010857
946	0.78642	0.21306	0.00040663	0.00011431
947	0.77768	0.2218	0.00040132	0.0001188
948	0.77108	0.2284	0.00039718	0.00012213
949	0.76663	0.23286	0.00039419	0.00012432
950	0.76455	0.23494	0.00039243	0.00012527
951	0.76446	0.23502	0.00039175	0.00012516
952	0.76636	0.23312	0.00039212	0.000124
953	0.77018	0.2293	0.00039352	0.00012184
954	0.77599	0.2235	0.00039596	0.00011864
955	0.78388	0.2156	0.00039951	0.00011435
956	0.79401	0.20548	0.00040423	0.00010889
