#coord	neutral	conserved	gBGC.neutral	gBGC.conserved
1	0.83608	0.16251	0.0011759	0.00023654
2	0.84232	0.15627	0.0011784	0.00022669
3	0.85068	0.14792	0.001184	0.00021387
4	0.86171	0.1369	0.001193	0.00019752
5	0.87573	0.12288	0.0012059	0.00017729
6	0.89309	0.10553	0.001223	0.00015279
7	0.91354	0.085094	0.0012443	0.00012419
8	0.9191	0.079535	0.0012448	0.00011629
9	0.92648	0.072171	0.0012479	0.00010594
10	0.92532	0.073331	0.001239	0.00010754
11	0.91384	0.084822	0.0012155	0.00012387
12	0.90457	0.094098	0.0011955	0.00013681
13	0.89762	0.10106	0.0011787	0.00014645
14	0.89243	0.10625	0.0011646	0.00015348
15	0.889	0.10969	0.0011532	0.00015796
16	0.87161	0.12708	0.0011221	0.00018208
17	0.81739	0.18131	0.0010396	0.00025767
18	0.77069	0.22802	0.00096884	0.00032169
19	0.73015	0.26857	0.00090755	0.00037631
20	0.69625	0.30248	0.00085557	0.00042155
21	0.6673	0.33143	0.00081111	0.00045937
22	0.64344	0.35529	0.00077366	0.00049013
23	0.62315	0.3756	0.00074152	0.00051566
24	0.60624	0.39251	0.00071436	0.00053633
25	0.59238	0.40638	0.00069158	0.00055269
26	0.58112	0.41765	0.00067249	0.00056545
27	0.57279	0.42598	0.00065714	0.00057443
28	0.56717	0.43161	0.00064516	0.00057998
29	0.56375	0.43503	0.00063614	0.00058266
30	0.56286	0.43593	0.00063011	0.0005823
31	0.56406	0.43473	0.00062676	0.00057935
32	0.5674	0.4314	0.00062607	0.00057383
33	0.57295	0.42586	0.00062805	0.00056573
34	0.56181	0.437	0.0006098	0.00057794
35	0.55364	0.44518	0.00059518	0.00058649
36	0.5478	0.45102	0.0005836	0.00059207
37	0.54455	0.45428	0.00057504	0.00059458
38	0.5433	0.45554	0.00056897	0.00059468
39	0.54414	0.4547	0.00056545	0.00059231
40	0.54711	0.45174	0.00056445	0.00058752
41	0.55211	0.44675	0.00056579	0.00058046
42	0.55938	0.43948	0.0005697	0.0005709
43	0.56908	0.42978	0.00057631	0.00055873
44	0.58141	0.41746	0.00058577	0.00054378
45	0.59661	0.40227	0.00059834	0.00052582
46	0.615	0.38388	0.00061429	0.00050454
47	0.63764	0.36125	0.00063436	0.0004791
48	0.66509	0.3338	0.00065902	0.00044902
49	0.69729	0.30161	0.00068853	0.00041419
50	0.73454	0.26436	0.00072313	0.00037432
51	0.77899	0.21992	0.00076447	0.00032768
52	0.83061	0.16831	0.00081297	0.00027395
53	0.84741	0.15153	0.00082479	0.00023971
54	0.83581	0.16315	0.00079804	0.00024398
55	0.82694	0.17204	0.00077423	0.00024519
56	0.82057	0.17843	0.000753	0.0002437
57	0.81613	0.1829	0.00073413	0.0002401
58	0.81394	0.18511	0.00071744	0.00023421
59	0.81391	0.18516	0.00070273	0.00022622
60	0.81603	0.18306	0.0006899	0.00021623
61	0.8201	0.17902	0.00067909	0.0002045
62	0.82618	0.17296	0.00067029	0.00019105
63	0.83476	0.1644	0.00066338	0.00017558
64	0.84605	0.15314	0.00065841	0.00015805
65	0.86035	0.13886	0.00065548	0.00013836
66	0.87742	0.12181	0.00065463	0.00011685
67	0.89835	0.1009	0.00065617	9.2841e-05
68	0.90341	0.095861	0.0006418	8.4585e-05
69	0.91056	0.088735	0.00062864	7.499e-05
70	0.91999	0.079325	0.00061669	6.4048e-05
71	0.93197	0.067371	0.00060599	5.173e-05
72	0.94682	0.052544	0.00059657	3.7991e-05
73	0.95039	0.048997	0.00057829	3.3417e-05
74	0.95564	0.043771	0.00056074	2.798e-05
75	0.9624	0.037031	0.00054415	2.1865e-05
76	0.96257	0.036883	0.00052297	2.0201e-05
77	0.96409	0.035395	0.00050232	1.7865e-05
78	0.96677	0.032734	0.00048248	1.5009e-05
79	0.96406	0.035465	0.00045983	1.4813e-05
80	0.96258	0.036968	0.00043812	1.3988e-05
81	0.96229	0.037275	0.00041725	1.2621e-05
82	0.95534	0.044256	0.00039456	1.3377e-05
83	0.93392	0.065672	0.00038298	2.2139e-05
84	0.91583	0.083764	0.00037297	2.9385e-05
85	0.90114	0.098456	0.00036435	3.5192e-05
86	0.88944	0.11017	0.00035695	3.9747e-05
87	0.88034	0.11927	0.00035059	4.3219e-05
88	0.87333	0.12628	0.00034517	4.5793e-05
89	0.86854	0.13107	0.0003406	4.7478e-05
90	0.86582	0.13379	0.00033679	4.8356e-05
91	0.86509	0.13453	0.0003337	4.8477e-05
92	0.866	0.13362	0.0003313	4.796e-05
93	0.85516	0.14447	0.00032442	5.1871e-05
94	0.81843	0.18119	0.00030784	6.5529e-05
95	0.78701	0.21262	0.00029359	7.6901e-05
96	0.76092	0.23871	0.00028144	8.614e-05
97	0.73886	0.26078	0.00027102	9.3682e-05
98	0.72089	0.27874	0.00026217	9.9622e-05
99	0.70653	0.29311	0.00025468	0.00010417
100	0.69481	0.30483	0.00024829	0.00010765
101	0.68608	0.31357	0.00024298	0.00011
102	0.6801	0.31955	0.00023865	0.00011135
103	0.67619	0.32346	0.00023513	0.00011191
104	0.67474	0.32491	0.00023245	0.00011162
105	0.67527	0.32439	0.00023049	0.00011062
106	0.67789	0.32177	0.00022931	0.0001089
107	0.68255	0.31712	0.00022884	0.00010649
108	0.68945	0.31022	0.00022914	0.00010334
109	0.68143	0.31824	0.00022444	0.00010517
110	0.6756	0.32408	0.00022055	0.00010622
111	0.67196	0.32771	0.00021746	0.00010651
112	0.64853	0.35115	0.00020809	0.00011311
113	0.62861	0.37107	0.00020004	0.00011842
114	0.61205	0.38764	0.00019321	0.00012255
115	0.5985	0.40119	0.00018746	0.00012563
116	0.58815	0.41154	0.00018272	0.00012766
117	0.58071	0.41898	0.00017888	0.00012877
118	0.57543	0.42427	0.00017579	0.00012916
119	0.57272	0.42697	0.00017345	0.00012875
120	0.57253	0.42717	0.00017184	0.00012759
121	0.57444	0.42526	0.0001709	0.00012579
122	0.57852	0.42119	0.00017064	0.00012334
123	0.58483	0.41488	0.00017107	0.00012025
124	0.57505	0.42466	0.00016617	0.00012194
125	0.5677	0.43201	0.0001621	0.00012285
126	0.56265	0.43707	0.00015877	0.00012304
127	0.55977	0.43995	0.00015614	0.00012258
128	0.5594	0.44032	0.00015418	0.00012141
129	0.56149	0.43824	0.00015285	0.00011958
130	0.56608	0.43365	0.00015214	0.00011709
131	0.5728	0.42694	0.00015201	0.00011406
132	0.5819	0.41784	0.0001525	0.00011044
133	0.59358	0.40616	0.00015366	0.00010619
134	0.60857	0.39118	0.00015553	0.00010118
135	0.62651	0.37323	0.00015811	9.5507e-05
136	0.62622	0.37353	0.00015608	9.4476e-05
137	0.62842	0.37134	0.00015462	9.2834e-05
138	0.63265	0.36711	0.00015369	9.0698e-05
139	0.63899	0.36077	0.00015328	8.8066e-05
140	0.64755	0.35221	0.00015341	8.493e-05
141	0.65849	0.34127	0.0001541	8.127e-05
142	0.67201	0.32776	0.00015536	7.7057e-05
143	0.68835	0.31142	0.00015725	7.2252e-05
144	0.70801	0.29176	0.00015986	6.6755e-05
145	0.73212	0.26766	0.00016331	6.0385e-05
146	0.76126	0.23852	0.00016769	5.3054e-05
147	0.79539	0.20439	0.00017307	4.4758e-05
148	0.80498	0.19481	0.00017293	4.2014e-05
149	0.81706	0.18273	0.00017332	3.8773e-05
150	0.83232	0.16747	0.00017427	3.4937e-05
151	0.83339	0.1664	0.00017212	3.4165e-05
152	0.83632	0.16347	0.00017038	3.3012e-05
153	0.84145	0.15835	0.00016903	3.1439e-05
154	0.84851	0.1513	0.00016807	2.9504e-05
155	0.8581	0.14171	0.00016753	2.7119e-05
156	0.85569	0.14412	0.00016466	2.7087e-05
157	0.85496	0.14485	0.00016217	2.6718e-05
158	0.85628	0.14353	0.00016001	2.5973e-05
159	0.8593	0.14052	0.00015819	2.4917e-05
160	0.86443	0.13539	0.0001567	2.3501e-05
161	0.85878	0.14104	0.00015334	2.3988e-05
162	0.85493	0.1449	0.00015035	2.4129e-05
163	0.85315	0.14668	0.00014769	2.3906e-05
164	0.85339	0.14644	0.00014534	2.3342e-05
165	0.85567	0.14417	0.00014328	2.2451e-05
166	0.86003	0.1398	0.0001415	2.124e-05
167	0.86623	0.13361	0.00014002	1.9755e-05
168	0.87481	0.12503	0.00013885	1.7937e-05
169	0.8723	0.12754	0.00013591	1.784e-05
170	0.85651	0.14334	0.0001311	1.9583e-05
171	0.84395	0.15591	0.00012678	2.0792e-05
172	0.80213	0.19772	0.00011876	2.5737e-05
173	0.76713	0.23273	0.00011182	2.9564e-05
174	0.73797	0.26189	0.00010579	3.2445e-05
175	0.71296	0.28691	0.00010051	3.4613e-05
176	0.6925	0.30737	9.5889e-05	3.608e-05
177	0.67525	0.32462	9.1818e-05	3.7026e-05
178	0.61873	0.38115	8.3415e-05	4.2269e-05
179	0.56948	0.4304	7.6217e-05	4.6331e-05
180	0.52702	0.47286	7.0098e-05	4.9342e-05
181	0.49139	0.5085	6.4909e-05	5.1392e-05
182	0.4616	0.53829	6.0501e-05	5.2632e-05
183	0.43589	0.564	5.6715e-05	5.3271e-05
184	0.4147	0.58519	5.3498e-05	5.3311e-05
185	0.39665	0.60325	5.0736e-05	5.2918e-05
186	0.38139	0.61851	4.837e-05	5.2148e-05
187	0.33201	0.66789	4.2437e-05	5.9536e-05
188	0.28921	0.71068	3.7276e-05	6.616e-05
189	0.25313	0.74677	3.2856e-05	7.2019e-05
190	0.22187	0.77803	2.9016e-05	7.7306e-05
191	0.19555	0.80434	2.5734e-05	8.2012e-05
192	0.17277	0.82712	2.2886e-05	8.6289e-05
193	0.15358	0.84631	2.0452e-05	9.0131e-05
194	0.1375	0.86239	1.8382e-05	9.3586e-05
195	0.12407	0.87581	1.6627e-05	9.6704e-05
196	0.11288	0.88701	1.5141e-05	9.9532e-05
197	0.1033	0.89658	1.387e-05	0.00010215
198	0.095148	0.90473	1.2789e-05	0.00010458
199	0.088246	0.91163	1.1877e-05	0.00010685
200	0.082717	0.91716	1.1131e-05	0.00010893
201	0.078082	0.9218	1.0508e-05	0.00011089
202	0.074256	0.92562	9.9956e-06	0.00011275
203	0.071171	0.92871	9.5851e-06	0.0001145
204	0.068841	0.93103	9.2795e-06	0.00011616
205	0.067151	0.93272	9.0634e-06	0.00011773
206	0.066137	0.93374	8.9426e-06	0.0001192
207	0.065948	0.93392	8.9253e-06	0.00012056
208	0.066342	0.93353	8.9926e-06	0.00012183
209	0.067327	0.93254	9.1466e-06	0.00012302
210	0.06892	0.93095	9.3909e-06	0.00012413
211	0.07122	0.92864	9.7413e-06	0.00012513
212	0.074275	0.92559	1.0207e-05	0.00012603
213	0.078147	0.92172	1.0798e-05	0.0001268
214	0.082915	0.91695	1.1531e-05	0.00012744
215	0.088914	0.91095	1.2436e-05	0.00012788
216	0.096048	0.90381	1.3525e-05	0.00012815
217	0.093059	0.9068	1.3202e-05	0.00012984
218	0.091173	0.90868	1.3023e-05	0.00013136
219	0.090063	0.90979	1.2959e-05	0.00013277
220	0.089709	0.91014	1.3009e-05	0.00013407
221	0.090105	0.90975	1.3177e-05	0.00013526
222	0.091534	0.90832	1.3489e-05	0.00013628
223	0.093829	0.90602	1.3943e-05	0.00013716
224	0.097252	0.9026	1.4564e-05	0.00013786
225	0.10167	0.89818	1.5352e-05	0.0001384
226	0.095905	0.90394	1.4595e-05	0.00014049
227	0.091464	0.90838	1.4018e-05	0.00014238
228	0.088193	0.91165	1.3603e-05	0.00014408
229	0.086004	0.91384	1.3341e-05	0.00014561
230	0.084565	0.91527	1.32e-05	0.00014703
231	0.083925	0.91591	1.3191e-05	0.00014832
232	0.084283	0.91555	1.333e-05	0.00014944
233	0.085359	0.91448	1.3594e-05	0.00015044
234	0.087249	0.91259	1.4e-05	0.0001513
235	0.078786	0.92105	1.2715e-05	0.00015387
236	0.071768	0.92806	1.1637e-05	0.0001562
237	0.065692	0.93414	1.0707e-05	0.00015839
238	0.060734	0.9391	9.94e-06	0.0001604
239	0.056496	0.94333	9.289e-06	0.00016229
240	0.053166	0.94666	8.7729e-06	0.00016403
241	0.05063	0.9492	8.3762e-06	0.00016563
242	0.048603	0.95122	8.0658e-06	0.00016715
243	0.047105	0.95272	7.8468e-06	0.00016858
244	0.046107	0.95372	7.715e-06	0.00016994
245	0.045747	0.95407	7.6832e-06	0.00017117
246	0.045802	0.95402	7.7259e-06	0.00017233
247	0.046487	0.95333	7.87e-06	0.00017337
248	0.047601	0.95222	8.0937e-06	0.00017434
249	0.049223	0.95059	8.413e-06	0.00017522
250	0.051562	0.94825	8.8524e-06	0.00017596
251	0.054432	0.94538	9.3943e-06	0.0001766
252	0.057953	0.94186	1.0063e-05	0.00017712
253	0.06239	0.93742	1.0891e-05	0.00017746
254	0.067573	0.93224	1.1867e-05	0.00017766
255	0.073598	0.92621	1.3013e-05	0.00017769
256	0.080667	0.91914	1.4369e-05	0.00017753
257	0.08882	0.91099	1.5947e-05	0.00017715
258	0.098207	0.9016	1.7782e-05	0.00017651
259	0.10912	0.89068	1.9936e-05	0.00017557
260	0.12179	0.87801	2.2461e-05	0.00017427
261	0.13688	0.86292	2.5455e-05	0.00017247
262	0.15416	0.84564	2.892e-05	0.00017022
263	0.17394	0.82586	3.2927e-05	0.00016742
264	0.1974	0.80239	3.7666e-05	0.00016388
265	0.20149	0.79831	3.8669e-05	0.00016407
266	0.20742	0.79238	4.0026e-05	0.00016389
267	0.21502	0.78478	4.1744e-05	0.00016336
268	0.22431	0.77548	4.3833e-05	0.00016247
269	0.23561	0.76419	4.6368e-05	0.00016115
270	0.24914	0.75065	4.9408e-05	0.00015933
271	0.26501	0.73478	5.2981e-05	0.00015699
272	0.2642	0.73559	5.3144e-05	0.00015807
273	0.26532	0.73447	5.3683e-05	0.00015875
274	0.26807	0.73171	5.4587e-05	0.00015908
275	0.27289	0.72689	5.5909e-05	0.00015896
276	0.27991	0.71987	5.7681e-05	0.00015838
277	0.27173	0.72805	5.6235e-05	0.00016102
278	0.26582	0.73396	5.5233e-05	0.00016319
279	0.26167	0.73811	5.4617e-05	0.00016499
280	0.2595	0.74028	5.4396e-05	0.00016637
281	0.25883	0.74095	5.4513e-05	0.00016743
282	0.25965	0.74013	5.4969e-05	0.00016816
283	0.26196	0.73781	5.5774e-05	0.00016854
284	0.26627	0.73351	5.6996e-05	0.00016849
285	0.27233	0.72744	5.864e-05	0.00016803
286	0.28015	0.71962	6.0708e-05	0.00016715
287	0.29044	0.70933	6.3321e-05	0.00016571
288	0.30351	0.69626	6.6549e-05	0.00016363
289	0.30075	0.69902	6.623e-05	0.0001651
290	0.29974	0.70003	6.6325e-05	0.00016618
291	0.30033	0.69944	6.6804e-05	0.00016688
292	0.30265	0.69711	6.7706e-05	0.00016717
293	0.30713	0.69263	6.9086e-05	0.00016697
294	0.31336	0.6864	7.0905e-05	0.00016633
295	0.32146	0.6783	7.3199e-05	0.00016524
296	0.33157	0.6682	7.6013e-05	0.00016363
297	0.34403	0.65572	7.9445e-05	0.00016142
298	0.35961	0.64015	8.3618e-05	0.00015845
299	0.37816	0.6216	8.8586e-05	0.0001547
300	0.39984	0.59992	9.4399e-05	0.00015012
301	0.40188	0.59787	9.5463e-05	0.0001503
302	0.4063	0.59345	9.7084e-05	0.0001499
303	0.41268	0.58708	9.9224e-05	0.00014899
304	0.42166	0.57809	0.000102	0.00014743
305	0.4329	0.56685	0.00010539	0.00014526
306	0.44726	0.55249	0.00010955	0.00014229
307	0.4646	0.53515	0.00011455	0.00013851
308	0.48527	0.51447	0.00012049	0.00013381
309	0.51045	0.48929	0.00012759	0.00012791
310	0.53999	0.45976	0.00013594	0.00012079
311	0.57415	0.42559	0.00014563	0.00011234
312	0.61494	0.3848	0.00015708	0.0001021
313	0.66187	0.33787	0.00017033	9.0086e-05
314	0.71776	0.28198	0.00018599	7.5624e-05
315	0.78189	0.21785	0.00020409	5.8748e-05
316	0.78376	0.21598	0.00020562	5.846e-05
317	0.78796	0.21178	0.00020775	5.7554e-05
318	0.79425	0.20548	0.00021048	5.6056e-05
319	0.80312	0.19661	0.00021389	5.3859e-05
320	0.81427	0.18546	0.00021798	5.0997e-05
321	0.82849	0.17124	0.00022289	4.7283e-05
322	0.82858	0.17115	0.00022399	4.7412e-05
323	0.83082	0.16891	0.00022563	4.6961e-05
324	0.83496	0.16477	0.00022784	4.5964e-05
325	0.84141	0.15831	0.00023067	4.4324e-05
326	0.85037	0.14936	0.00023416	4.1985e-05
327	0.86203	0.13769	0.00023838	3.8882e-05
328	0.8613	0.13842	0.00023917	3.9223e-05
329	0.86222	0.1375	0.00024047	3.9088e-05
330	0.86491	0.13481	0.00024232	3.8437e-05
331	0.86971	0.13001	0.00024472	3.7191e-05
332	0.87675	0.12297	0.00024773	3.5305e-05
333	0.8862	0.11352	0.0002514	3.2727e-05
334	0.89783	0.10188	0.00025576	2.948e-05
335	0.91245	0.087266	0.00026096	2.5365e-05
336	0.93041	0.069307	0.0002671	2.0274e-05
337	0.93508	0.06463	0.00026946	1.8984e-05
338	0.9322	0.067515	0.00026958	1.9903e-05
339	0.93095	0.068764	0.00027013	2.0358e-05
340	0.93112	0.068585	0.00027114	2.0385e-05
341	0.9227	0.077011	0.00026955	2.2971e-05
342	0.91616	0.083546	0.00026855	2.4998e-05
343	0.91163	0.088078	0.00026809	2.6454e-05
344	0.90866	0.091046	0.00026812	2.744e-05
345	0.9075	0.092204	0.00026864	2.7902e-05
346	0.90812	0.091584	0.00026965	2.7842e-05
347	0.91031	0.089395	0.00027117	2.7298e-05
348	0.91411	0.085594	0.00027322	2.625e-05
349	0.90917	0.090528	0.00027267	2.7837e-05
350	0.90613	0.093572	0.00027264	2.8869e-05
351	0.90468	0.095014	0.00027313	2.9406e-05
352	0.90501	0.094683	0.00027412	2.9414e-05
353	0.90692	0.092775	0.00027563	2.8924e-05
354	0.91066	0.089035	0.00027767	2.7878e-05
355	0.9161	0.083593	0.00028028	2.6283e-05
356	0.92326	0.076434	0.00028348	2.413e-05
357	0.93226	0.067428	0.00028732	2.1367e-05
358	0.93251	0.067176	0.00028837	2.1352e-05
359	0.93419	0.065501	0.00028991	2.0879e-05
360	0.93732	0.062367	0.00029195	1.993e-05
361	0.94217	0.057514	0.0002945	1.844e-05
362	0.94858	0.051108	0.0002976	1.6433e-05
363	0.95665	0.043035	0.00030129	1.3862e-05
364	0.96691	0.032776	0.00030564	1.0585e-05
365	0.96908	0.0306	0.00030744	9.8933e-06
366	0.97264	0.027044	0.00030965	8.7598e-06
367	0.97766	0.022024	0.00031229	7.1551e-06
368	0.9841	0.015581	0.00031545	5.0663e-06
369	0.9923	0.0073808	0.00031914	2.4031e-06
370	0.995	0.0046798	0.00032109	1.5176e-06
371	0.99261	0.0070662	0.00032135	2.2839e-06
372	0.99117	0.0085027	0.00032188	2.7517e-06
373	0.99055	0.0091289	0.00032269	2.9541e-06
374	0.99082	0.0088581	0.00032376	2.8688e-06
375	0.99189	0.0077841	0.00032513	2.5154e-06
376	0.99378	0.0058876	0.0003268	1.8843e-06
377	0.99349	0.0061756	0.00032779	1.9606e-06
378	0.99396	0.0057072	0.00032907	1.7847e-06
379	0.9867	0.012973	0.00032789	4.0351e-06
380	0.96571	0.033955	0.00032155	1.0929e-05
381	0.94795	0.051721	0.00031631	1.6753e-05
382	0.93345	0.066212	0.00031207	2.1541e-05
383	0.92183	0.077841	0.00030871	2.5418e-05
384	0.9123	0.08737	0.00030608	2.8589e-05
385	0.90509	0.094578	0.00030416	3.1015e-05
386	0.89973	0.099935	0.0003029	3.2813e-05
387	0.89611	0.10355	0.00030225	3.4021e-05
388	0.89416	0.1055	0.00030221	3.466e-05
389	0.8794	0.12026	0.000298	3.9491e-05
390	0.86715	0.13252	0.00029465	4.3489e-05
391	0.85766	0.142	0.00029215	4.6606e-05
392	0.85035	0.14931	0.00029041	4.8991e-05
393	0.84537	0.15429	0.00028939	5.0623e-05
394	0.76949	0.23017	0.00026602	7.7613e-05
395	0.70559	0.29406	0.00024619	0.00010103
396	0.6499	0.34975	0.00022896	0.00012189
397	0.603	0.39664	0.00021437	0.00014007
398	0.56263	0.43702	0.00020193	0.00015614
399	0.5276	0.47204	0.00019124	0.0001705
400	0.49759	0.50205	0.00018223	0.00018322
401	0.47198	0.52765	0.00017472	0.00019449
402	0.45085	0.54877	0.00016861	0.00020431
403	0.43362	0.566	0.00016376	0.00021285
404	0.41917	0.58045	0.00015989	0.00022044
405	0.40786	0.59175	0.00015709	0.00022693
406	0.39935	0.60026	0.00015523	0.00023244
407	0.39303	0.60658	0.00015424	0.00023714
408	0.38863	0.61097	0.000154	0.0002411
409	0.38655	0.61305	0.00015462	0.00024418
410	0.38627	0.61333	0.00015599	0.00024654
411	0.3672	0.63239	0.00014969	0.00025655
412	0.35173	0.64786	0.00014466	0.00026524
413	0.33936	0.66022	0.00014076	0.00027278
414	0.32976	0.66982	0.00013788	0.00027926
415	0.32215	0.67743	0.00013583	0.00028495
416	0.3164	0.68318	0.00013457	0.00028989
417	0.3129	0.68668	0.00013418	0.00029391
418	0.31154	0.68803	0.00013466	0.00029704
419	0.31229	0.68727	0.00013601	0.00029928
420	0.31482	0.68474	0.00013819	0.00030071
421	0.30075	0.69881	0.00013309	0.00030947
422	0.28896	0.7106	0.00012895	0.0003173
423	0.27924	0.72031	0.00012571	0.00032426
424	0.27194	0.72761	0.00012345	0.00033021
425	0.26685	0.73269	0.00012211	0.00033521
426	0.2638	0.73574	0.00012163	0.00033932
427	0.24131	0.75822	0.000112	0.00035255
428	0.22261	0.77692	0.00010394	0.00036418
429	0.20664	0.79289	9.7115e-05	0.00037462
430	0.19348	0.80604	9.1475e-05	0.00038384
431	0.18227	0.81725	8.673e-05	0.0003922
432	0.17293	0.82658	8.2859e-05	0.00039971
433	0.16515	0.83436	7.972e-05	0.00040653
434	0.15923	0.84028	7.7395e-05	0.00041251
435	0.15499	0.84452	7.5826e-05	0.0004177
436	0.15203	0.84747	7.49e-05	0.00042229
437	0.15057	0.84893	7.4668e-05	0.00042615
438	0.15053	0.84896	7.5112e-05	0.00042931
439	0.15167	0.84782	7.6186e-05	0.00043188
440	0.1543	0.84519	7.7991e-05	0.00043368
441	0.15849	0.841	8.0576e-05	0.00043468
442	0.1502	0.84928	7.6695e-05	0.00044212
443	0.14343	0.85605	7.3593e-05	0.00044882
444	0.13792	0.86155	7.1147e-05	0.00045489
445	0.13394	0.86553	6.9431e-05	0.0004602
446	0.13112	0.86834	6.8343e-05	0.00046492
447	0.12965	0.86981	6.7919e-05	0.00046895
448	0.12916	0.87029	6.8042e-05	0.00047246
449	0.13	0.86945	6.884e-05	0.00047528
450	0.13183	0.86762	7.021e-05	0.00047755
451	0.13469	0.86476	7.218e-05	0.00047925
452	0.13862	0.86083	7.4791e-05	0.00048035
453	0.1438	0.85564	7.8159e-05	0.00048073
454	0.15023	0.84921	8.2296e-05	0.00048037
455	0.15802	0.84141	8.7289e-05	0.00047919
456	0.16779	0.83164	9.3411e-05	0.00047686
457	0.17979	0.81964	0.00010083	0.0004732
458	0.19377	0.80565	0.00010952	0.00046829
459	0.21017	0.78925	0.00011979	0.00046186
460	0.22991	0.7695	0.00013206	0.00045339
461	0.25356	0.74585	0.00014669	0.00044254
462	0.28171	0.7177	0.00016403	0.00042894
463	0.28736	0.71204	0.00016839	0.00042836
464	0.29532	0.70408	0.0001741	0.0004264
465	0.30537	0.69402	0.0001812	0.0004231
466	0.31815	0.68124	0.00018994	0.00041811
467	0.33353	0.66586	0.00020043	0.00041143
468	0.35236	0.64702	0.00021307	0.00040257
469	0.37516	0.62422	0.00022818	0.0003912
470	0.37749	0.62188	0.00023092	0.00039224
471	0.38217	0.61721	0.00023507	0.00039183
472	0.38932	0.61005	0.00024074	0.00038988
473	0.39854	0.60082	0.00024783	0.00038654
474	0.41017	0.58919	0.0002566	0.00038159
475	0.42499	0.57437	0.00026738	0.00037457
476	0.42233	0.57702	0.00026701	0.00037868
477	0.42167	0.57768	0.00026798	0.00038148
478	0.42336	0.57598	0.00027042	0.0003828
479	0.42693	0.57241	0.00027416	0.00038285
480	0.43245	0.56689	0.00027927	0.00038157
481	0.44016	0.55918	0.00028595	0.00037878
482	0.45021	0.54912	0.00029434	0.00037432
483	0.46283	0.5365	0.00030462	0.00036804
484	0.45817	0.54115	0.0003034	0.0003733
485	0.45596	0.54336	0.00030372	0.00037698
486	0.45564	0.54368	0.00030539	0.00037936
487	0.45773	0.54158	0.00030864	0.00038012
488	0.46225	0.53706	0.00031352	0.00037922
489	0.46895	0.53036	0.00032003	0.00037674
490	0.45939	0.53991	0.0003153	0.00038555
491	0.45202	0.54728	0.00031212	0.00039287
492	0.44685	0.55244	0.00031051	0.00039867
493	0.41915	0.58014	0.0002931	0.00042032
494	0.39615	0.60314	0.00027866	0.00043897
495	0.37721	0.62207	0.00026681	0.00045499
496	0.36112	0.63815	0.00025696	0.00046906
497	0.34823	0.65104	0.00024919	0.00048101
498	0.3376	0.66166	0.00024304	0.00049139
499	0.32962	0.66964	0.00023867	0.00049996
500	0.32406	0.6752	0.00023593	0.00050686
501	0.32039	0.67887	0.00023464	0.00051237
502	0.31889	0.68036	0.00023486	0.00051632
503	0.31904	0.68021	0.00023638	0.00051903
504	0.32133	0.67791	0.00023946	0.00052014
505	0.30672	0.69251	0.00022982	0.00053403
506	0.29462	0.70461	0.00022204	0.0005461
507	0.28463	0.7146	0.00021585	0.00055664
508	0.27669	0.72253	0.00021123	0.00056565
509	0.27103	0.72819	0.00020823	0.00057302
510	0.267	0.73221	0.00020652	0.00057914
511	0.26454	0.73467	0.00020606	0.00058406
512	0.26371	0.73549	0.00020694	0.00058769
513	0.26481	0.73439	0.00020929	0.00058982
514	0.26742	0.73177	0.00021295	0.00059069
515	0.27161	0.72758	0.00021798	0.00059023
516	0.27791	0.72128	0.00022472	0.00058803
517	0.26907	0.73012	0.00021928	0.00059807
518	0.26255	0.73663	0.00021556	0.00060635
519	0.25812	0.74105	0.00021343	0.00061301
520	0.25525	0.74392	0.00021262	0.0006184
521	0.25432	0.74484	0.00021334	0.00062222
522	0.25487	0.74429	0.00021538	0.00062477
523	0.25691	0.74225	0.00021876	0.00062604
524	0.26046	0.73869	0.00022356	0.00062594
525	0.26606	0.73309	0.0002301	0.00062405
526	0.27384	0.7253	0.00023856	0.00062022
527	0.26674	0.7324	0.00023307	0.00062955
528	0.26147	0.73767	0.00022922	0.00063728
529	0.23438	0.76475	0.00020583	0.00066453
530	0.21076	0.78836	0.00018549	0.00068877
531	0.191	0.80812	0.00016834	0.00070978
532	0.17402	0.8251	0.00015366	0.00072838
533	0.15992	0.8392	0.00014138	0.00074454
534	0.14775	0.85136	0.00013084	0.00075901
535	0.13777	0.86134	0.00012213	0.00077162
536	0.12927	0.86983	0.00011476	0.00078293
537	0.12211	0.87699	0.00010861	0.00079306
538	0.11614	0.88295	0.00010356	0.00080214
539	0.11128	0.88781	9.951e-05	0.00081026
540	0.1075	0.89158	9.6477e-05	0.00081741
541	0.10475	0.89433	9.4395e-05	0.00082366
542	0.10317	0.8959	9.3319e-05	0.00082887
543	0.10275	0.89632	9.3248e-05	0.00083305
544	0.090281	0.90879	8.2062e-05	0.00084839
545	0.079467	0.9196	7.2388e-05	0.00086226
546	0.070087	0.92897	6.4021e-05	0.00087488
547	0.061949	0.93711	5.6786e-05	0.00088641
548	0.055115	0.94394	5.0647e-05	0.00089681
549	0.049395	0.94965	4.5452e-05	0.00090625
550	0.044449	0.9546	4.0979e-05	0.00091501
551	0.040174	0.95887	3.7132e-05	0.00092319
552	0.03664	0.9624	3.3913e-05	0.00093071
553	0.033548	0.96548	3.111e-05	0.00093787
554	0.030896	0.96813	2.8723e-05	0.00094465
555	0.028629	0.97039	2.6702e-05	0.00095111
556	0.026701	0.97232	2.5005e-05	0.0009573
557	0.025071	0.97394	2.3595e-05	0.00096325
558	0.023707	0.9753	2.2442e-05	0.000969
559	0.02254	0.97646	2.1479e-05	0.00097459
560	0.021691	0.97731	2.0786e-05	0.00097989
561	0.021149	0.97785	2.0356e-05	0.0009849
562	0.020898	0.97809	2.0179e-05	0.00098963
563	0.020784	0.9782	2.0148e-05	0.00099426
564	0.02094	0.97804	2.0355e-05	0.00099862
565	0.021271	0.9777	2.0753e-05	0.0010028
566	0.021898	0.97707	2.1416e-05	0.0010068
567	0.022721	0.97625	2.2297e-05	0.0010105
568	0.023877	0.97509	2.3485e-05	0.001014
569	0.025386	0.97357	2.5002e-05	0.001017
570	0.027289	0.97166	2.6889e-05	0.0010197
571	0.02964	0.96931	2.9198e-05	0.0010219
572	0.032314	0.96663	3.1861e-05	0.0010238
573	0.035578	0.96336	3.5087e-05	0.0010252
574	0.039347	0.95959	3.8862e-05	0.001026
575	0.043891	0.95504	4.3388e-05	0.0010261
576	0.049052	0.94987	4.8589e-05	0.0010255
577	0.055213	0.94371	5.4769e-05	0.0010239
578	0.062308	0.93661	6.1968e-05	0.0010213
579	0.070485	0.92843	7.0355e-05	0.0010176
580	0.080197	0.91871	8.0284e-05	0.0010124
581	0.091386	0.90752	9.1846e-05	0.0010055
582	0.10414	0.89476	0.00010516	0.00099701
583	0.10487	0.89402	0.00010596	0.001001
584	0.10676	0.89213	0.0001079	0.0010037
585	0.10953	0.88936	0.00011083	0.0010056
586	0.10121	0.89767	0.00010161	0.0010195
587	0.094085	0.90479	9.3701e-05	0.0010322
588	0.088364	0.91051	8.7204e-05	0.0010434
589	0.083665	0.9152	8.183e-05	0.0010536
590	0.079813	0.91905	7.7373e-05	0.0010629
591	0.076739	0.92212	7.3749e-05	0.0010715
592	0.074386	0.92446	7.0893e-05	0.0010793
593	0.072986	0.92586	6.8959e-05	0.0010861
594	0.07248	0.92636	6.7877e-05	0.0010921
595	0.072605	0.92623	6.7446e-05	0.0010975
596	0.073365	0.92546	6.7661e-05	0.0011023
597	0.074843	0.92398	6.8605e-05	0.0011064
598	0.077282	0.92154	7.0427e-05	0.0011096
599	0.080751	0.91806	7.3179e-05	0.0011119
600	0.085323	0.91349	7.6914e-05	0.0011131
601	0.091126	0.90768	8.1733e-05	0.0011132
602	0.098318	0.90048	8.7768e-05	0.0011121
603	0.1067	0.8921	9.4925e-05	0.0011099
604	0.10427	0.89453	9.1036e-05	0.0011188
605	0.10299	0.89579	8.8269e-05	0.0011266
606	0.10264	0.89614	8.6438e-05	0.0011334
607	0.10342	0.89535	8.5646e-05	0.0011393
608	0.10505	0.89372	8.565e-05	0.0011443
609	0.10764	0.89112	8.6541e-05	0.0011486
610	0.11125	0.88751	8.8341e-05	0.0011519
611	0.11618	0.88258	9.1213e-05	0.0011542
612	0.11026	0.8885	8.7331e-05	0.0011517
613	0.10577	0.893	8.4587e-05	0.001148
614	0.10223	0.89654	8.268e-05	0.0011435
615	0.099591	0.89919	8.1569e-05	0.0011383
616	0.097796	0.90099	8.1229e-05	0.0011324
617	0.096895	0.9019	8.1735e-05	0.0011257
618	0.097072	0.90173	8.3204e-05	0.001118
619	0.098126	0.90068	8.5557e-05	0.0011095
620	0.10031	0.8985	8.8986e-05	0.0010999
621	0.1037	0.89512	9.3578e-05	0.0010891
622	0.096389	0.90243	8.7016e-05	0.0010894
623	0.090268	0.90856	8.1628e-05	0.0010886
624	0.085462	0.91337	7.7426e-05	0.0010866
625	0.081833	0.91701	7.4294e-05	0.0010835
626	0.078984	0.91986	7.1934e-05	0.0010796
627	0.076861	0.92199	7.0299e-05	0.0010751
628	0.075684	0.92318	6.9526e-05	0.0010697
629	0.075237	0.92363	6.9493e-05	0.0010637
630	0.075714	0.92316	7.0317e-05	0.0010567
631	0.077129	0.92175	7.2015e-05	0.0010488
632	0.079233	0.91965	7.4419e-05	0.0010403
633	0.082143	0.91675	7.7656e-05	0.0010311
634	0.085917	0.91298	8.1793e-05	0.0010209
635	0.090883	0.90802	8.7069e-05	0.0010097
636	0.097184	0.90173	9.3616e-05	0.00099707
637	0.10497	0.89395	0.00010157	0.00098305
638	0.11402	0.8849	0.00011081	0.00096778
639	0.12465	0.87428	0.00012167	0.00095097
640	0.13743	0.8615	0.00013457	0.00093209
641	0.13691	0.86203	0.00013359	0.00092715
642	0.1375	0.86145	0.00013377	0.0009211
643	0.13911	0.85984	0.00013504	0.00091402
644	0.14177	0.85718	0.0001374	0.00090591
645	0.1459	0.85306	0.00014115	0.00089638
646	0.1381	0.86087	0.00013284	0.00089887
647	0.13161	0.86737	0.00012596	0.00089999
648	0.12668	0.8723	0.0001206	0.00089957
649	0.12283	0.87615	0.00011638	0.00089804
650	0.12035	0.87864	0.00011347	0.00089519
651	0.11883	0.88017	0.00011155	0.0008914
652	0.11832	0.88068	0.00011067	0.00088663
653	0.11906	0.87995	0.00011093	0.00088068
654	0.12074	0.87828	0.00011213	0.00087385
655	0.12347	0.87555	0.00011437	0.00086604
656	0.12758	0.87145	0.00011784	0.00085697
657	0.13279	0.86624	0.00012237	0.00084689
658	0.1396	0.85944	0.00012829	0.00083539
659	0.14787	0.85117	0.00013559	0.00082257
660	0.15765	0.8414	0.00014431	0.00080838
661	0.16925	0.82981	0.00015473	0.00079255
662	0.18337	0.81569	0.00016734	0.0007745
663	0.20043	0.79864	0.00018244	0.00075392
664	0.22008	0.77899	0.0001999	0.00073104
665	0.24353	0.75554	0.00022055	0.00070493
666	0.2715	0.72758	0.00024498	0.00067502
667	0.30357	0.69552	0.00027302	0.00064155
668	0.31092	0.68817	0.0002781	0.000631
669	0.32036	0.67874	0.00028507	0.00061862
670	0.33255	0.66656	0.00029432	0.00060393
671	0.34783	0.65128	0.00030609	0.00058667
672	0.36658	0.63253	0.00032065	0.00056659
673	0.3887	0.61042	0.00033811	0.00054368
674	0.41534	0.58378	0.00035912	0.00051718
675	0.44643	0.5527	0.00038389	0.00048699
676	0.48351	0.51562	0.00041331	0.00045209
677	0.52615	0.47299	0.00044731	0.00041269
678	0.57512	0.42403	0.0004865	0.00036816
679	0.63318	0.36597	0.00053266	0.00031663
680	0.69973	0.29943	0.00058568	0.00025829
681	0.72138	0.27778	0.00060005	0.00023856
682	0.74703	0.25214	0.0006177	0.00021563
683	0.77718	0.222	0.00063904	0.00018908
684	0.81245	0.18672	0.00066456	0.00015844
685	0.85358	0.1456	0.00069483	0.00012313
686	0.86666	0.13252	0.00070154	0.00011144
687	0.88296	0.11623	0.00071066	9.7304e-05
688	0.90223	0.096962	0.00072219	8.0822e-05
689	0.90693	0.092276	0.00072172	7.6421e-05
690	0.9134	0.085804	0.00072277	7.0583e-05
691	0.9218	0.077413	0.00072542	6.3216e-05
692	0.93259	0.066626	0.00072983	5.4045e-05
693	0.94559	0.053629	0.00073603	4.3158e-05
694	0.96163	0.037596	0.00074441	3.0031e-05
695	0.96616	0.033075	0.0007434	2.6236e-05
696	0.97232	0.02692	0.00074353	2.1241e-05
697	0.98007	0.019171	0.00074496	1.504e-05
698	0.98984	0.0094037	0.00074777	7.3932e-06
699	0.99294	0.0063103	0.00074546	4.9563e-06
700	0.99339	0.0058646	0.00074102	4.5902e-06
701	0.99177	0.0074874	0.00073493	5.8188e-06
702	0.99104	0.0082213	0.00072945	6.3761e-06
703	0.9911	0.0081727	0.00072465	6.3369e-06
704	0.99193	0.0073405	0.00072051	5.7125e-06
705	0.98449	0.014787	0.00071017	1.1354e-05
706	0.97854	0.020747	0.00070112	1.5793e-05
707	0.97389	0.025402	0.00069317	1.9195e-05
708	0.97046	0.028834	0.00068625	2.1645e-05
709	0.95805	0.041249	0.00067266	3.0713e-05
710	0.94813	0.051174	0.0006609	3.7893e-05
711	0.94015	0.059157	0.00065075	4.3542e-05
712	0.93419	0.06512	0.00064203	4.7703e-05
713	0.92986	0.069454	0.00063463	5.0625e-05
714	0.92728	0.072038	0.00062842	5.2304e-05
715	0.92636	0.072966	0.0006233	5.2832e-05
716	0.92682	0.072513	0.00061924	5.2379e-05
717	0.92873	0.0706	0.00061627	5.0912e-05
718	0.9224	0.076936	0.00060764	5.5166e-05
719	0.91802	0.081321	0.00060033	5.8051e-05
720	0.91544	0.083904	0.0005942	5.9696e-05
721	0.9146	0.084755	0.00058919	6.0177e-05
722	0.91527	0.084089	0.0005853	5.9617e-05
723	0.91747	0.081894	0.0005825	5.8034e-05
724	0.92145	0.077916	0.00058076	5.5337e-05
725	0.92701	0.072357	0.00058009	5.1636e-05
726	0.92413	0.075243	0.00057388	5.3543e-05
727	0.90956	0.089816	0.00055975	6.3434e-05
728	0.89793	0.10145	0.00054763	7.1258e-05
729	0.88847	0.11092	0.00053716	7.7502e-05
730	0.88098	0.11841	0.00052817	8.2324e-05
731	0.87574	0.12365	0.00052063	8.5658e-05
732	0.87232	0.12708	0.00051439	8.7751e-05
733	0.87065	0.12876	0.00050937	8.8682e-05
734	0.87092	0.12849	0.00050551	8.8415e-05
735	0.87291	0.1265	0.00050279	8.707e-05
736	0.87691	0.1225	0.00050119	8.4557e-05
737	0.88302	0.11639	0.00050074	8.0849e-05
738	0.89142	0.108	0.00050149	7.589e-05
739	0.87392	0.12552	0.00048077	7.9766e-05
740	0.85982	0.13963	0.00046195	8.1644e-05
741	0.8487	0.15078	0.00044472	8.1832e-05
742	0.84023	0.15926	0.00042885	8.0561e-05
743	0.83389	0.16562	0.00041436	7.8126e-05
744	0.82956	0.16996	0.0004011	7.4664e-05
745	0.80869	0.19083	0.00038955	8.499e-05
746	0.79171	0.20781	0.00037988	9.3392e-05
747	0.77773	0.2218	0.00037182	0.00010024
748	0.76684	0.23268	0.00036522	0.00010557
749	0.7584	0.24113	0.0003599	0.00010967
750	0.75256	0.24698	0.00035579	0.00011252
751	0.74872	0.25081	0.00035271	0.00011437
752	0.74727	0.25226	0.0003507	0.00011512
753	0.74773	0.25181	0.00034964	0.00011495
754	0.75021	0.24932	0.00034958	0.00011382
755	0.75465	0.24489	0.00035047	0.00011177
756	0.76113	0.23841	0.00035233	0.00010878
757	0.76989	0.22965	0.00035529	0.00010473
758	0.78098	0.21856	0.00035934	9.9625e-05
759	0.79518	0.20437	0.0003647	9.3168e-05
760	0.79488	0.20466	0.00036345	9.3284e-05
761	0.7791	0.22044	0.00035511	0.00010053
762	0.76621	0.23334	0.00034821	0.00010637
763	0.75593	0.24361	0.00034262	0.00011094
764	0.74845	0.2511	0.00033826	0.00011423
765	0.74307	0.25648	0.00033494	0.00011652
766	0.73968	0.25987	0.0003326	0.00011787
767	0.73869	0.26086	0.00033128	0.00011815
768	0.73973	0.25982	0.00033094	0.00011749
769	0.74313	0.25642	0.0003316	0.00011579
770	0.74853	0.25103	0.0003332	0.00011319
771	0.74001	0.25955	0.00032851	0.00011685
772	0.73416	0.2654	0.00032497	0.00011931
773	0.73034	0.26922	0.0003224	0.00012083
774	0.7286	0.27096	0.00032084	0.00012139
775	0.72921	0.27035	0.00032025	0.00012093
776	0.73175	0.26781	0.00032058	0.00011959
777	0.73628	0.26328	0.00032183	0.00011736
778	0.743	0.25656	0.0003241	0.00011414
779	0.75241	0.24715	0.00032748	0.00010978
780	0.76423	0.23534	0.00033195	0.00010435
781	0.77932	0.22025	0.00033777	9.7549e-05
782	0.77905	0.22052	0.00033679	9.7498e-05
783	0.78103	0.21854	0.00033674	9.6484e-05
784	0.7849	0.21466	0.00033757	9.4631e-05
785	0.79118	0.20839	0.00033936	9.1772e-05
786	0.79968	0.19989	0.00034216	8.7937e-05
787	0.81058	0.18899	0.00034605	8.3055e-05
788	0.82458	0.17499	0.00035117	7.6898e-05
789	0.84135	0.15822	0.00035753	6.9543e-05
790	0.862	0.13757	0.00036543	6.0603e-05
791	0.88619	0.11338	0.00037488	5.0149e-05
792	0.89232	0.10726	0.00037662	4.7438e-05
793	0.9003	0.09928	0.00037919	4.3923e-05
794	0.91028	0.089299	0.00038267	3.9542e-05
795	0.92257	0.077006	0.00038718	3.4159e-05
796	0.9246	0.074977	0.0003872	3.3235e-05
797	0.92809	0.071493	0.00038788	3.168e-05
798	0.92357	0.076012	0.00038516	3.3554e-05
799	0.92056	0.07902	0.00038315	3.4764e-05
800	0.91929	0.08029	0.00038183	3.5245e-05
801	0.91971	0.079877	0.00038117	3.5026e-05
802	0.92155	0.078036	0.00038115	3.419e-05
803	0.92515	0.074434	0.00038183	3.2631e-05
804	0.93029	0.069293	0.00038319	3.0415e-05
805	0.93707	0.062519	0.00038528	2.7505e-05
806	0.93603	0.063557	0.000384	2.7932e-05
807	0.93656	0.063034	0.00038332	2.7714e-05
808	0.929	0.070586	0.00037913	3.0972e-05
809	0.92346	0.076129	0.00037575	3.3379e-05
810	0.91949	0.080099	0.0003731	3.5094e-05
811	0.90259	0.097002	0.00036495	4.2336e-05
812	0.88896	0.11064	0.00035816	4.8187e-05
813	0.87783	0.12177	0.00035252	5.2919e-05
814	0.86897	0.13062	0.00034792	5.6646e-05
815	0.8621	0.13749	0.00034422	5.9506e-05
816	0.8571	0.1425	0.00034135	6.1561e-05
817	0.85396	0.14564	0.00033932	6.2818e-05
818	0.8529	0.1467	0.00033809	6.3233e-05
819	0.85361	0.14599	0.00033764	6.2902e-05
820	0.84226	0.15734	0.00033212	6.7614e-05
821	0.83316	0.16644	0.00032759	7.1354e-05
822	0.82626	0.17334	0.00032404	7.4152e-05
823	0.82141	0.17819	0.0003214	7.6079e-05
824	0.81882	0.18078	0.00031962	7.71e-05
825	0.81812	0.18149	0.00031867	7.7333e-05
826	0.81959	0.18002	0.00031854	7.6707e-05
827	0.82328	0.17633	0.00031924	7.5215e-05
828	0.82895	0.17065	0.00032078	7.2912e-05
829	0.82237	0.17723	0.00031727	7.563e-05
830	0.81784	0.18177	0.00031465	7.7486e-05
831	0.81526	0.18435	0.00031287	7.8527e-05
832	0.79572	0.20389	0.00030494	8.6025e-05
833	0.77992	0.21969	0.00029841	9.2078e-05
834	0.767	0.23261	0.00029309	9.6953e-05
835	0.72386	0.27575	0.00027586	0.00011371
836	0.68645	0.31316	0.00026101	0.00012811
837	0.65533	0.34428	0.00024854	0.0001401
838	0.62882	0.37079	0.00023798	0.0001502
839	0.607	0.39261	0.00022919	0.00015851
840	0.58852	0.41109	0.00022178	0.00016546
841	0.5299	0.46971	0.00019898	0.00018782
842	0.47922	0.52039	0.0001794	0.00020699
843	0.43544	0.56417	0.0001626	0.0002234
844	0.3986	0.60102	0.00014838	0.0002372
845	0.36766	0.63195	0.00013637	0.00024877
846	0.34084	0.65878	0.00012601	0.00025871
847	0.31786	0.68175	0.0001172	0.00026711
848	0.29889	0.70073	0.00010986	0.00027402
849	0.28284	0.71678	0.00010369	0.00027978
850	0.26937	0.73024	9.8555e-05	0.00028453
851	0.25823	0.74139	9.4334e-05	0.00028838
852	0.24917	0.75045	9.0935e-05	0.00029143
853	0.24234	0.75727	8.8338e-05	0.00029365
854	0.21188	0.78773	7.6991e-05	0.00030463
855	0.18523	0.81439	6.7126e-05	0.00031416
856	0.16214	0.83748	5.8637e-05	0.00032232
857	0.14264	0.85698	5.1433e-05	0.00032918
858	0.12576	0.87385	4.524e-05	0.00033504
859	0.11155	0.88807	3.9994e-05	0.00033993
860	0.09927	0.90035	3.5491e-05	0.00034409
861	0.088659	0.91096	3.163e-05	0.00034763
862	0.079786	0.91983	2.8378e-05	0.00035054
863	0.072058	0.92756	2.5565e-05	0.00035302
864	0.065681	0.93394	2.3223e-05	0.000355
865	0.060241	0.93938	2.124e-05	0.00035665
866	0.055553	0.94407	1.9544e-05	0.00035802
867	0.051532	0.94809	1.8101e-05	0.00035915
868	0.048105	0.95152	1.6882e-05	0.00036006
869	0.045448	0.95418	1.5923e-05	0.0003607
870	0.043469	0.95615	1.5193e-05	0.00036109
871	0.042113	0.95751	1.4672e-05	0.00036124
872	0.041151	0.95847	1.43e-05	0.00036126
873	0.040617	0.95901	1.4089e-05	0.00036113
874	0.0405	0.95913	1.4035e-05	0.00036086
875	0.04095	0.95868	1.4167e-05	0.00036038
876	0.041772	0.95785	1.4437e-05	0.00035977
877	0.042981	0.95665	1.4851e-05	0.00035904
878	0.044598	0.95503	1.5415e-05	0.00035817
879	0.046881	0.95275	1.6198e-05	0.00035705
880	0.049895	0.94973	1.722e-05	0.00035568
881	0.053463	0.94616	1.8444e-05	0.00035411
882	0.05765	0.94198	1.9893e-05	0.00035233
883	0.062609	0.93702	2.1624e-05	0.00035029
884	0.068357	0.93127	2.3644e-05	0.00034797
885	0.075089	0.92454	2.6026e-05	0.0003453
886	0.082844	0.91678	2.8784e-05	0.00034228
887	0.091762	0.90787	3.1973e-05	0.00033883
888	0.102	0.89763	3.5653e-05	0.0003349
889	0.1009	0.89873	3.5247e-05	0.00033508
890	0.10061	0.89902	3.5152e-05	0.00033496
891	0.10115	0.89848	3.5364e-05	0.00033455
892	0.10282	0.89681	3.5966e-05	0.00033372
893	0.10536	0.89427	3.6892e-05	0.00033259
894	0.1089	0.89074	3.8195e-05	0.00033109
895	0.11374	0.88589	3.9946e-05	0.00032912
896	0.11977	0.87986	4.2144e-05	0.00032672
897	0.12742	0.87221	4.49e-05	0.00032374
898	0.13691	0.86272	4.8288e-05	0.0003201
899	0.14798	0.85165	5.2266e-05	0.00031588
900	0.16097	0.83866	5.6969e-05	0.00031096
901	0.17616	0.82347	6.2502e-05	0.00030523
902	0.1944	0.80523	6.9098e-05	0.00029841
903	0.21616	0.78347	7.6909e-05	0.00029035
904	0.24136	0.75827	8.6014e-05	0.00028101
905	0.27025	0.72938	9.6505e-05	0.0002703
906	0.30461	0.69502	0.0001089	0.00025766
907	0.31329	0.68635	0.00011201	0.00025433
908	0.32462	0.67501	0.00011603	0.00025006
909	0.33824	0.66139	0.00012092	0.00024494
910	0.35459	0.64504	0.00012684	0.0002388
911	0.37379	0.62585	0.00013385	0.0002316
912	0.39618	0.60346	0.00014209	0.0002232
913	0.42314	0.57649	0.00015193	0.00021315
914	0.4546	0.54503	0.00016348	0.00020141
915	0.49225	0.50739	0.00017722	0.00018747
916	0.53715	0.46249	0.00019351	0.00017094
917	0.58915	0.41048	0.00021249	0.00015174
918	0.6508	0.34884	0.00023486	0.00012913
919	0.6698	0.32983	0.00024169	0.00012208
920	0.69223	0.30741	0.00024984	0.00011373
921	0.71943	0.28021	0.00025966	0.00010369
922	0.72475	0.27488	0.0002615	0.00010164
923	0.73272	0.26691	0.00026425	9.8647e-05
924	0.74353	0.25611	0.00026798	9.4648e-05
925	0.75746	0.24218	0.00027278	8.9541e-05
926	0.77422	0.22542	0.00027866	8.3383e-05
927	0.79488	0.20476	0.00028588	7.5854e-05
928	0.82	0.17964	0.00029462	6.6764e-05
929	0.84927	0.15037	0.00030491	5.6149e-05
930	0.88319	0.11644	0.00031696	4.3807e-05
931	0.89391	0.10573	0.00032051	3.9932e-05
932	0.90693	0.092712	0.00032494	3.5205e-05
933	0.92264	0.076998	0.00033039	2.9478e-05
934	0.91603	0.08361	0.00032767	3.196e-05
935	0.9111	0.088545	0.00032561	3.3805e-05
936	0.90804	0.091601	0.0003242	3.4971e-05
937	0.89193	0.10771	0.00031797	4.0983e-05
938	0.87844	0.1212	0.00031277	4.5991e-05
939	0.86781	0.13184	0.00030857	4.9965e-05
940	0.85973	0.13992	0.00030526	5.3012e-05
941	0.8536	0.14605	0.00030272	5.5317e-05
942	0.84941	0.15024	0.00030095	5.689e-05
943	0.82841	0.17124	0.00029301	6.4648e-05
944	0.81129	0.18835	0.00028645	7.1001e-05
945	0.79759	0.20205	0.00028109	7.6118e-05
946	0.78655	0.21309	0.00027677	8.0222e-05
947	0.77781	0.22183	0.00027335	8.3458e-05
948	0.77121	0.22843	0.00027076	8.589e-05
949	0.76675	0.23289	0.00026899	8.7523e-05
950	0.76467	0.23497	0.00026803	8.8311e-05
951	0.76458	0.23506	0.00026784	8.836e-05
952	0.76649	0.23316	0.00026842	8.7672e-05
953	0.77031	0.22934	0.00026973	8.6276e-05
954	0.77611	0.22353	0.0002718	8.4146e-05
955	0.78401	0.21564	0.00027467	8.1241e-05
956	0.79413	0.20551	0.00027839	7.7506e-05
957	0.80728	0.19237	0.00028315	7.2698e-05
958	0.82382	0.17582	0.00028908	6.669e-05
