#coord	neutral	conserved	gBGC.neutral	gBGC.conserved
1	0.8367	0.16263	0.00056586	0.00011252
2	0.84294	0.15639	0.00056769	0.00010787
3	0.8513	0.14803	0.000571	0.00010178
4	0.86233	0.137	0.000576	9.3973e-05
5	0.87636	0.12297	0.00058287	8.4274e-05
6	0.89373	0.10561	0.0005918	7.2491e-05
7	0.91418	0.085154	0.00060278	5.8702e-05
8	0.91975	0.079591	0.00060389	5.4833e-05
9	0.92712	0.072221	0.00060624	4.9765e-05
10	0.92597	0.073382	0.00060283	5.0442e-05
11	0.91447	0.084881	0.00059253	5.8046e-05
12	0.90519	0.094162	0.00058386	6.4068e-05
13	0.89823	0.10112	0.00057671	6.8537e-05
14	0.89303	0.10632	0.00057084	7.1779e-05
15	0.88959	0.10977	0.00056622	7.3816e-05
16	0.87219	0.12717	0.00055235	8.5064e-05
17	0.81794	0.18143	0.00051452	0.00012033
18	0.77119	0.22817	0.00048205	0.00015027
19	0.73063	0.26874	0.00045397	0.00017585
20	0.6967	0.30267	0.00043023	0.00019708
21	0.66773	0.33164	0.00040997	0.00021486
22	0.64386	0.35552	0.00039299	0.00022935
23	0.62355	0.37583	0.00037848	0.00024139
24	0.60663	0.39276	0.00036631	0.00025115
25	0.59275	0.40663	0.00035619	0.00025887
26	0.58148	0.41791	0.00034782	0.00026489
27	0.57315	0.42624	0.00034125	0.00026909
28	0.56752	0.43187	0.00033631	0.00027163
29	0.5641	0.43529	0.00033281	0.00027278
30	0.5632	0.4362	0.00033079	0.00027242
31	0.56441	0.43499	0.00033011	0.00027075
32	0.56775	0.43165	0.00033077	0.00026779
33	0.57329	0.42611	0.00033279	0.0002635
34	0.56215	0.43726	0.0003249	0.00026915
35	0.55397	0.44544	0.00031875	0.00027305
36	0.54812	0.45129	0.00031408	0.00027549
37	0.54487	0.45454	0.00031091	0.00027642
38	0.54362	0.4558	0.00030897	0.00027615
39	0.54446	0.45496	0.00030833	0.00027462
40	0.54742	0.452	0.00030897	0.00027183
41	0.55242	0.447	0.00031085	0.00026784
42	0.5597	0.43972	0.00031408	0.00026252
43	0.56941	0.43002	0.00031877	0.00025579
44	0.58173	0.41769	0.00032501	0.00024753
45	0.59694	0.40249	0.00033295	0.00023761
46	0.61534	0.38409	0.00034278	0.00022583
47	0.63799	0.36145	0.00035493	0.0002117
48	0.66545	0.33398	0.00036969	0.00019495
49	0.69767	0.30177	0.00038721	0.00017547
50	0.73494	0.2645	0.00040766	0.0001531
51	0.77941	0.22004	0.00043199	0.00012683
52	0.83105	0.16839	0.00046045	9.6452e-05
53	0.84784	0.1516	0.00046871	8.6316e-05
54	0.83622	0.16323	0.00046089	9.2246e-05
55	0.82734	0.17211	0.00045456	9.6668e-05
56	0.82095	0.1785	0.00044957	9.9723e-05
57	0.81649	0.18297	0.00044571	0.00010167
58	0.81428	0.18518	0.00044306	0.0001024
59	0.81423	0.18523	0.00044155	0.00010197
60	0.81634	0.18312	0.00044116	0.00010038
61	0.82039	0.17907	0.00044189	9.7729e-05
62	0.82646	0.17301	0.00044376	9.3962e-05
63	0.83502	0.16444	0.00044691	8.8891e-05
64	0.8463	0.15317	0.00045144	8.2423e-05
65	0.86059	0.13888	0.00045748	7.4416e-05
66	0.87764	0.12183	0.00046503	6.4938e-05
67	0.89856	0.10091	0.0004745	5.3511e-05
68	0.9036	0.09587	0.00047552	5.0577e-05
69	0.91073	0.088741	0.00047757	4.6582e-05
70	0.92015	0.079329	0.00048075	4.1441e-05
71	0.93211	0.067373	0.00048517	3.5036e-05
72	0.94694	0.052544	0.00049097	2.7221e-05
73	0.95049	0.048996	0.00049086	2.5302e-05
74	0.95572	0.043769	0.00049155	2.2552e-05
75	0.96246	0.037029	0.00049305	1.9029e-05
76	0.96261	0.03688	0.00049112	1.8906e-05
77	0.9641	0.035391	0.00048985	1.8113e-05
78	0.96676	0.03273	0.0004892	1.6719e-05
79	0.96404	0.03546	0.00048578	1.808e-05
80	0.96254	0.036963	0.00048304	1.8795e-05
81	0.96223	0.03727	0.00048097	1.8889e-05
82	0.95525	0.044248	0.00047549	2.2357e-05
83	0.93384	0.065663	0.00046269	3.3118e-05
84	0.91575	0.083753	0.00045174	4.2072e-05
85	0.90106	0.098444	0.0004425	4.9293e-05
86	0.88935	0.11016	0.00043475	5.5001e-05
87	0.88026	0.11925	0.00042829	5.9389e-05
88	0.87325	0.12627	0.00042297	6.2681e-05
89	0.86846	0.13105	0.00041873	6.4873e-05
90	0.86574	0.13378	0.00041547	6.6057e-05
91	0.86501	0.13451	0.00041314	6.6284e-05
92	0.86592	0.1336	0.00041167	6.5696e-05
93	0.85508	0.14445	0.00040441	7.0865e-05
94	0.81835	0.18117	0.00038457	8.8655e-05
95	0.78693	0.2126	0.00036758	0.00010363
96	0.76084	0.23869	0.00035322	0.00011595
97	0.73878	0.26075	0.000341	0.00012617
98	0.72082	0.27871	0.00033076	0.00013438
99	0.70646	0.29308	0.00032226	0.00014084
100	0.69474	0.3048	0.00031513	0.00014596
101	0.68601	0.31353	0.0003094	0.00014965
102	0.68003	0.31952	0.00030495	0.00015205
103	0.67612	0.32342	0.00030153	0.00015344
104	0.67467	0.32487	0.00029922	0.00015371
105	0.67519	0.32436	0.00029786	0.00015305
106	0.67782	0.32173	0.0002975	0.00015143
107	0.68247	0.31708	0.00029809	0.00014888
108	0.68937	0.31018	0.00029972	0.00014533
109	0.68136	0.3182	0.00029455	0.00014855
110	0.67552	0.32404	0.00029045	0.00015074
111	0.67189	0.32768	0.00028741	0.00015189
112	0.64845	0.35111	0.00027539	0.00016201
113	0.62854	0.37103	0.00026511	0.00017041
114	0.61198	0.38759	0.00025647	0.0001772
115	0.59843	0.40114	0.00024929	0.00018257
116	0.58808	0.41149	0.0002435	0.00018652
117	0.58064	0.41893	0.00023897	0.00018919
118	0.57536	0.42422	0.00023545	0.00019088
119	0.57265	0.42692	0.00023301	0.00019148
120	0.57246	0.42712	0.00023159	0.00019102
121	0.57437	0.42521	0.00023112	0.00018966
122	0.57845	0.42114	0.00023159	0.00018739
123	0.58476	0.41483	0.00023301	0.00018418
124	0.57498	0.42461	0.00022759	0.0001878
125	0.56763	0.43196	0.00022328	0.00019034
126	0.56257	0.43702	0.00022	0.00019187
127	0.5597	0.43989	0.00021769	0.00019247
128	0.55933	0.44027	0.00021637	0.00019205
129	0.56141	0.43818	0.000216	0.00019067
130	0.566	0.43359	0.00021659	0.00018831
131	0.57272	0.42688	0.00021804	0.00018511
132	0.58182	0.41778	0.00022046	0.00018097
133	0.5935	0.4061	0.00022391	0.00017583
134	0.60848	0.39112	0.00022855	0.00016947
135	0.62642	0.37318	0.00023434	0.000162
136	0.62613	0.37348	0.00023294	0.00016174
137	0.62833	0.37128	0.00023248	0.00016053
138	0.63255	0.36705	0.00023284	0.00015851
139	0.63889	0.36072	0.00023405	0.00015567
140	0.64745	0.35216	0.00023613	0.00015199
141	0.65839	0.34122	0.00023914	0.0001474
142	0.67191	0.32771	0.00024314	0.00014184
143	0.68824	0.31137	0.00024821	0.00013524
144	0.7079	0.29171	0.00025455	0.00012739
145	0.732	0.26762	0.00026244	0.00011797
146	0.76114	0.23848	0.00027206	0.00010681
147	0.79527	0.20436	0.00028353	9.3826e-05
148	0.80485	0.19478	0.00028561	9.0205e-05
149	0.81692	0.1827	0.00028865	8.5655e-05
150	0.83218	0.16744	0.00029279	7.9992e-05
151	0.83325	0.16637	0.00029136	7.9879e-05
152	0.83618	0.16345	0.00029069	7.9028e-05
153	0.84131	0.15832	0.00029082	7.7366e-05
154	0.84836	0.15127	0.00029169	7.4983e-05
155	0.85795	0.14168	0.00029343	7.1708e-05
156	0.85554	0.1441	0.00028854	6.9759e-05
157	0.85482	0.14483	0.00028437	6.7164e-05
158	0.85614	0.14351	0.00028091	6.3814e-05
159	0.85916	0.1405	0.00027816	5.984e-05
160	0.8643	0.13537	0.00027613	5.5107e-05
161	0.85865	0.14102	0.00026991	5.4518e-05
162	0.85481	0.14488	0.00026438	5.3314e-05
163	0.85303	0.14666	0.00025948	5.1445e-05
164	0.85328	0.14642	0.00025518	4.8943e-05
165	0.85555	0.14415	0.00025145	4.5822e-05
166	0.85992	0.13979	0.0002483	4.2085e-05
167	0.86612	0.1336	0.00024576	3.7826e-05
168	0.8747	0.12502	0.00024383	3.2905e-05
169	0.8722	0.12753	0.00023845	3.1522e-05
170	0.85641	0.14332	0.00023383	3.5901e-05
171	0.84384	0.15589	0.00023008	3.9409e-05
172	0.80203	0.1977	0.00021836	5.0896e-05
173	0.76703	0.2327	0.00020847	6.0534e-05
174	0.73787	0.26186	0.00020016	6.858e-05
175	0.71286	0.28687	0.00019305	7.5436e-05
176	0.6924	0.30733	0.00018717	8.1055e-05
177	0.67516	0.32457	0.00018222	8.5756e-05
178	0.61864	0.38109	0.00016663	0.00010111
179	0.5694	0.43034	0.00015312	0.0001144
180	0.52694	0.47279	0.00014155	0.00012577
181	0.49131	0.50842	0.00013178	0.00013532
182	0.46152	0.53821	0.00012356	0.0001433
183	0.43582	0.56392	0.00011651	0.00015014
184	0.41464	0.5851	0.00011065	0.00015576
185	0.39658	0.60315	0.00010568	0.00016051
186	0.38132	0.61841	0.00010151	0.00016448
187	0.33195	0.66778	8.8158e-05	0.00017761
188	0.28916	0.71057	7.6667e-05	0.00018889
189	0.25309	0.74665	6.6937e-05	0.00019841
190	0.22183	0.7779	5.8563e-05	0.00020657
191	0.19552	0.80422	5.148e-05	0.00021344
192	0.17274	0.82699	4.5391e-05	0.00021932
193	0.15355	0.84618	4.0235e-05	0.00022426
194	0.13748	0.86226	3.5891e-05	0.00022838
195	0.12405	0.87568	3.224e-05	0.00023179
196	0.11286	0.88687	2.9173e-05	0.00023461
197	0.10329	0.89645	2.6563e-05	0.00023699
198	0.095134	0.9046	2.4353e-05	0.00023897
199	0.088233	0.9115	2.2493e-05	0.00024061
200	0.082705	0.91703	2.0982e-05	0.0002419
201	0.07807	0.92167	1.9719e-05	0.00024294
202	0.074245	0.92549	1.8679e-05	0.00024378
203	0.07116	0.92858	1.7842e-05	0.00024441
204	0.068831	0.93091	1.7211e-05	0.00024485
205	0.067142	0.9326	1.6752e-05	0.00024513
206	0.066127	0.93361	1.6475e-05	0.00024524
207	0.065939	0.9338	1.6398e-05	0.00024513
208	0.066333	0.93341	1.6476e-05	0.00024488
209	0.067318	0.93242	1.6711e-05	0.00024448
210	0.068911	0.93083	1.7108e-05	0.00024393
211	0.071211	0.92853	1.7693e-05	0.0002432
212	0.074266	0.92547	1.848e-05	0.00024228
213	0.078137	0.9216	1.9484e-05	0.00024115
214	0.082905	0.91683	2.0729e-05	0.00023979
215	0.088903	0.91084	2.2275e-05	0.00023812
216	0.096036	0.9037	2.4125e-05	0.00023615
217	0.093048	0.90669	2.3362e-05	0.00023679
218	0.091162	0.90858	2.2868e-05	0.00023715
219	0.090053	0.90969	2.2582e-05	0.0002373
220	0.089699	0.91004	2.2499e-05	0.00023727
221	0.090095	0.90965	2.2617e-05	0.00023704
222	0.091524	0.90822	2.2987e-05	0.00023655
223	0.093818	0.90592	2.3589e-05	0.00023584
224	0.097242	0.9025	2.4468e-05	0.00023484
225	0.10166	0.89808	2.5612e-05	0.00023358
226	0.095895	0.90385	2.4137e-05	0.00023494
227	0.091454	0.90829	2.2987e-05	0.00023596
228	0.088184	0.91156	2.2124e-05	0.00023668
229	0.085995	0.91375	2.1525e-05	0.00023713
230	0.084557	0.91518	2.1129e-05	0.00023738
231	0.083917	0.91582	2.0947e-05	0.00023743
232	0.084275	0.91547	2.1006e-05	0.00023723
233	0.085351	0.91439	2.1257e-05	0.00023685
234	0.087241	0.9125	2.1724e-05	0.00023626
235	0.078779	0.92096	1.9576e-05	0.00023829
236	0.071761	0.92798	1.7781e-05	0.00023997
237	0.065686	0.93406	1.6237e-05	0.0002414
238	0.060728	0.93901	1.4965e-05	0.00024255
239	0.056491	0.94325	1.3884e-05	0.00024351
240	0.053162	0.94658	1.3021e-05	0.00024425
241	0.050626	0.94912	1.2349e-05	0.00024479
242	0.048599	0.95114	1.1811e-05	0.0002452
243	0.047102	0.95264	1.1414e-05	0.00024548
244	0.046103	0.95364	1.1147e-05	0.00024564
245	0.045744	0.954	1.1029e-05	0.00024564
246	0.045798	0.95395	1.1019e-05	0.00024554
247	0.046484	0.95326	1.1154e-05	0.00024529
248	0.047598	0.95215	1.1399e-05	0.00024494
249	0.049219	0.95052	1.1774e-05	0.00024446
250	0.051558	0.94819	1.2313e-05	0.00024381
251	0.054428	0.94532	1.2986e-05	0.00024304
252	0.057949	0.94179	1.3824e-05	0.00024211
253	0.062386	0.93736	1.4871e-05	0.00024096
254	0.067569	0.93218	1.6105e-05	0.00023963
255	0.073593	0.92615	1.7551e-05	0.0002381
256	0.080662	0.91908	1.9261e-05	0.00023632
257	0.088815	0.91093	2.1245e-05	0.00023427
258	0.098201	0.90154	2.3541e-05	0.00023191
259	0.10912	0.89063	2.6229e-05	0.00022918
260	0.12178	0.87796	2.9365e-05	0.000226
261	0.13688	0.86287	3.3078e-05	0.00022224
262	0.15415	0.84559	3.7351e-05	0.00021793
263	0.17393	0.82581	4.2267e-05	0.00021299
264	0.19739	0.80235	4.8065e-05	0.00020715
265	0.20148	0.79826	4.9057e-05	0.00020612
266	0.20741	0.79234	5.0489e-05	0.00020465
267	0.21501	0.78474	5.2354e-05	0.00020276
268	0.2243	0.77545	5.4658e-05	0.00020043
269	0.2356	0.76415	5.7486e-05	0.00019759
270	0.24913	0.75061	6.0899e-05	0.00019418
271	0.265	0.73474	6.4924e-05	0.00019017
272	0.26419	0.73555	6.4758e-05	0.00019036
273	0.26531	0.73444	6.5055e-05	0.00019007
274	0.26806	0.73168	6.5785e-05	0.00018936
275	0.27288	0.72686	6.7013e-05	0.00018815
276	0.2799	0.71984	6.8773e-05	0.00018639
277	0.27172	0.72803	6.6718e-05	0.00018845
278	0.26581	0.73393	6.5214e-05	0.00018995
279	0.26167	0.73808	6.4173e-05	0.00019101
280	0.25949	0.74025	6.3608e-05	0.00019157
281	0.25882	0.74092	6.3437e-05	0.00019175
282	0.25964	0.74011	6.3657e-05	0.00019155
283	0.26196	0.73779	6.4273e-05	0.00019096
284	0.26626	0.73349	6.5368e-05	0.00018989
285	0.27232	0.72742	6.6928e-05	0.00018836
286	0.28014	0.7196	6.8952e-05	0.00018637
287	0.29044	0.70931	7.1579e-05	0.00018378
288	0.3035	0.69625	7.4879e-05	0.00018049
289	0.30074	0.699	7.4159e-05	0.00018122
290	0.29973	0.70001	7.39e-05	0.0001815
291	0.30032	0.69942	7.4064e-05	0.00018136
292	0.30265	0.6971	7.4688e-05	0.00018078
293	0.30712	0.69262	7.5834e-05	0.00017966
294	0.31336	0.68639	7.7444e-05	0.00017809
295	0.32145	0.67829	7.955e-05	0.00017604
296	0.33156	0.66818	8.2193e-05	0.00017346
297	0.34403	0.65571	8.5468e-05	0.00017025
298	0.3596	0.64014	8.9512e-05	0.00016627
299	0.37815	0.62159	9.4357e-05	0.0001615
300	0.39983	0.59991	0.00010005	0.0001559
301	0.40188	0.59787	0.00010066	0.00015536
302	0.4063	0.59344	0.00010185	0.00015423
303	0.41267	0.58707	0.00010356	0.00015259
304	0.42166	0.57809	0.00010592	0.00015029
305	0.4329	0.56684	0.00010889	0.00014739
306	0.44726	0.55248	0.00011263	0.00014371
307	0.4646	0.53514	0.00011718	0.00013923
308	0.48527	0.51447	0.00012264	0.00013387
309	0.51045	0.48929	0.00012922	0.00012735
310	0.53999	0.45975	0.000137	0.00011967
311	0.57415	0.42559	0.00014603	0.00011073
312	0.61494	0.3848	0.00015675	0.0001001
313	0.66187	0.33787	0.00016916	8.7795e-05
314	0.71776	0.28198	0.00018385	7.3194e-05
315	0.78189	0.21785	0.00020079	5.6349e-05
316	0.78376	0.21598	0.00020139	5.5832e-05
317	0.78796	0.21178	0.00020257	5.4723e-05
318	0.79426	0.20548	0.00020432	5.3055e-05
319	0.80313	0.19662	0.00020672	5.0733e-05
320	0.81428	0.18546	0.00020974	4.7797e-05
321	0.8285	0.17124	0.00021353	4.4078e-05
322	0.82859	0.17115	0.00021368	4.401e-05
323	0.83083	0.16891	0.00021436	4.3398e-05
324	0.83497	0.16477	0.00021557	4.2279e-05
325	0.84143	0.15832	0.00021735	4.0571e-05
326	0.85038	0.14936	0.00021975	3.8225e-05
327	0.86205	0.13769	0.00022283	3.519e-05
328	0.86132	0.13842	0.00022268	3.5365e-05
329	0.86224	0.1375	0.00022298	3.5102e-05
330	0.86493	0.13481	0.00022377	3.437e-05
331	0.86973	0.13001	0.00022508	3.3103e-05
332	0.87677	0.12297	0.00022694	3.1268e-05
333	0.88622	0.11352	0.0002294	2.8822e-05
334	0.89786	0.10188	0.00023245	2.5795e-05
335	0.91247	0.087269	0.00023624	2.2013e-05
336	0.93043	0.069309	0.00024086	1.7386e-05
337	0.93511	0.064632	0.00024204	1.618e-05
338	0.93222	0.067517	0.00024104	1.6972e-05
339	0.93098	0.068766	0.00024043	1.7349e-05
340	0.93115	0.068587	0.00024022	1.7349e-05
341	0.92273	0.077013	0.00023782	1.9559e-05
342	0.91619	0.083549	0.00023594	2.1263e-05
343	0.91166	0.088081	0.00023455	2.2457e-05
344	0.90869	0.09105	0.0002336	2.3236e-05
345	0.90754	0.092208	0.00023309	2.3557e-05
346	0.90816	0.091587	0.00023301	2.3429e-05
347	0.91034	0.089399	0.00023336	2.2891e-05
348	0.91415	0.085598	0.00023415	2.193e-05
349	0.90921	0.090532	0.00023267	2.3219e-05
350	0.90617	0.093576	0.00023166	2.4028e-05
351	0.90473	0.095019	0.00023109	2.4414e-05
352	0.90506	0.094687	0.00023094	2.4354e-05
353	0.90697	0.092779	0.00023123	2.388e-05
354	0.91071	0.089039	0.00023196	2.2949e-05
355	0.91615	0.083597	0.00023315	2.1575e-05
356	0.92331	0.076438	0.00023481	1.9754e-05
357	0.93231	0.067431	0.00023696	1.7452e-05
358	0.93257	0.06718	0.0002369	1.7382e-05
359	0.93424	0.065505	0.00023723	1.6938e-05
360	0.93738	0.062371	0.00023795	1.6112e-05
361	0.94223	0.057517	0.0002391	1.4855e-05
362	0.94863	0.051111	0.00024066	1.3191e-05
363	0.95671	0.043038	0.00024269	1.1089e-05
364	0.96697	0.032778	0.00024524	8.4381e-06
365	0.96914	0.030602	0.00024574	7.8602e-06
366	0.9727	0.027045	0.00024657	6.9359e-06
367	0.97772	0.022025	0.00024775	5.6455e-06
368	0.98416	0.015582	0.00024932	3.9834e-06
369	0.99237	0.0073813	0.00025131	1.8822e-06
370	0.99507	0.0046801	0.00025187	1.193e-06
371	0.99268	0.0070667	0.00025112	1.8003e-06
372	0.99124	0.0085034	0.00025059	2.169e-06
373	0.99062	0.0091296	0.00025029	2.3285e-06
374	0.99089	0.0088588	0.00025019	2.2636e-06
375	0.99196	0.0077847	0.00025032	1.9922e-06
376	0.99386	0.0058881	0.00025068	1.5095e-06
377	0.99357	0.0061761	0.00025046	1.5857e-06
378	0.99404	0.0057076	0.00025045	1.4676e-06
379	0.98677	0.012974	0.0002485	3.3135e-06
380	0.96579	0.033958	0.00024302	8.6658e-06
381	0.94802	0.051725	0.00023841	1.317e-05
382	0.93353	0.066217	0.0002346	1.6858e-05
383	0.9219	0.077847	0.00023149	1.9829e-05
384	0.91237	0.087377	0.00022895	2.2249e-05
385	0.90516	0.094586	0.00022697	2.409e-05
386	0.89981	0.099944	0.00022549	2.5447e-05
387	0.89619	0.10356	0.00022449	2.6351e-05
388	0.89424	0.10551	0.00022393	2.6824e-05
389	0.87948	0.12027	0.00022011	3.0539e-05
390	0.86722	0.13253	0.00021696	3.3602e-05
391	0.85774	0.14201	0.00021448	3.598e-05
392	0.85043	0.14932	0.00021258	3.7794e-05
393	0.84545	0.1543	0.00021125	3.9033e-05
394	0.76956	0.23019	0.00019198	5.8187e-05
395	0.70566	0.29409	0.00017567	7.4363e-05
396	0.64996	0.34979	0.00016153	8.838e-05
397	0.60307	0.39668	0.00014957	0.00010022
398	0.56269	0.43706	0.00013933	0.00011034
399	0.52766	0.47209	0.00013049	0.00011907
400	0.49765	0.50211	0.00012298	0.0001265
401	0.47204	0.52771	0.0001166	0.00013279
402	0.45091	0.54884	0.00011131	0.000138
403	0.43368	0.56607	0.00010696	0.00014225
404	0.41922	0.58053	0.00010334	0.00014578
405	0.40792	0.59183	0.00010047	0.00014855
406	0.39941	0.60034	9.8276e-05	0.00015063
407	0.39309	0.60667	9.6656e-05	0.00015214
408	0.38869	0.61106	9.554e-05	0.00015317
409	0.38661	0.61314	9.4975e-05	0.00015363
410	0.38633	0.61342	9.4879e-05	0.00015364
411	0.36726	0.63249	9.0168e-05	0.00015827
412	0.35179	0.64796	8.6316e-05	0.00016203
413	0.33942	0.66033	8.3209e-05	0.00016504
414	0.32982	0.66994	8.0765e-05	0.00016737
415	0.32221	0.67754	7.8841e-05	0.00016919
416	0.31646	0.6833	7.74e-05	0.00017053
417	0.31295	0.6868	7.6494e-05	0.00017134
418	0.3116	0.68815	7.6099e-05	0.00017162
419	0.31235	0.6874	7.6204e-05	0.00017138
420	0.31488	0.68487	7.6767e-05	0.0001707
421	0.30081	0.69895	7.3261e-05	0.00017411
422	0.28902	0.71074	7.0344e-05	0.00017693
423	0.27929	0.72046	6.796e-05	0.00017923
424	0.27199	0.72776	6.615e-05	0.00018095
425	0.26691	0.73285	6.4864e-05	0.00018213
426	0.26385	0.7359	6.4061e-05	0.00018282
427	0.24137	0.75839	5.8503e-05	0.00018827
428	0.22266	0.77709	5.3851e-05	0.0001928
429	0.20668	0.79307	4.9904e-05	0.00019665
430	0.19353	0.80623	4.6629e-05	0.00019981
431	0.18232	0.81744	4.3855e-05	0.00020247
432	0.17297	0.82678	4.1561e-05	0.00020467
433	0.16519	0.83456	3.9666e-05	0.00020648
434	0.15927	0.84049	3.8207e-05	0.00020784
435	0.15503	0.84473	3.7143e-05	0.0002088
436	0.15207	0.84769	3.6407e-05	0.00020943
437	0.15061	0.84915	3.602e-05	0.00020971
438	0.15057	0.84918	3.5966e-05	0.00020965
439	0.15171	0.84804	3.6211e-05	0.0002093
440	0.15434	0.84541	3.6801e-05	0.00020859
441	0.15853	0.84123	3.775e-05	0.00020751
442	0.15024	0.84951	3.5686e-05	0.00020946
443	0.14347	0.85628	3.4008e-05	0.00021103
444	0.13796	0.86179	3.2653e-05	0.00021228
445	0.13398	0.86578	3.1651e-05	0.00021317
446	0.13116	0.8686	3.0946e-05	0.00021378
447	0.12969	0.87007	3.0552e-05	0.00021406
448	0.1292	0.87055	3.0406e-05	0.00021411
449	0.13004	0.86971	3.0564e-05	0.00021384
450	0.13187	0.86788	3.0971e-05	0.00021333
451	0.13473	0.86503	3.1634e-05	0.00021257
452	0.13866	0.8611	3.2568e-05	0.00021155
453	0.14385	0.85591	3.3815e-05	0.00021023
454	0.15028	0.84948	3.5376e-05	0.0002086
455	0.15807	0.84168	3.728e-05	0.00020664
456	0.16784	0.83192	3.9642e-05	0.00020421
457	0.17985	0.81991	4.2522e-05	0.00020125
458	0.19384	0.80592	4.5899e-05	0.0001978
459	0.21024	0.78951	4.9884e-05	0.00019375
460	0.22999	0.76976	5.4651e-05	0.00018892
461	0.25365	0.74611	6.0328e-05	0.00018316
462	0.28181	0.71795	6.7046e-05	0.00017635
463	0.28747	0.71229	6.8377e-05	0.00017494
464	0.29543	0.70433	7.024e-05	0.00017298
465	0.30548	0.69427	7.263e-05	0.00017051
466	0.31827	0.68149	7.5649e-05	0.0001674
467	0.33365	0.6661	7.9319e-05	0.00016365
468	0.35249	0.64726	8.3787e-05	0.00015909
469	0.3753	0.62445	8.9169e-05	0.00015361
470	0.37764	0.62212	8.966e-05	0.00015303
471	0.38231	0.61744	9.0692e-05	0.00015189
472	0.38947	0.61029	9.2293e-05	0.00015017
473	0.3987	0.60106	9.4412e-05	0.00014795
474	0.41034	0.58942	9.7134e-05	0.00014513
475	0.42516	0.5746	0.00010059	0.00014158
476	0.4225	0.57725	9.9862e-05	0.00014221
477	0.42184	0.57792	9.9643e-05	0.00014235
478	0.42354	0.57622	9.9968e-05	0.00014193
479	0.42711	0.57265	0.00010077	0.00014105
480	0.43263	0.56713	0.00010206	0.00013969
481	0.44034	0.55941	0.0001039	0.00013779
482	0.45041	0.54935	0.00010633	0.00013532
483	0.46303	0.53673	0.00010941	0.0001322
484	0.45837	0.54138	0.00010834	0.00013325
485	0.45616	0.5436	0.00010783	0.00013373
486	0.45584	0.54392	0.0001078	0.00013374
487	0.45793	0.54182	0.00010832	0.00013318
488	0.46246	0.5373	0.00010941	0.00013205
489	0.46916	0.5306	0.00011105	0.00013038
490	0.4596	0.54016	0.00010874	0.00013264
491	0.45223	0.54753	0.00010698	0.00013436
492	0.44706	0.5527	0.00010578	0.00013555
493	0.41935	0.58041	9.9153e-05	0.00014214
494	0.39633	0.60342	9.3616e-05	0.00014763
495	0.37739	0.62237	8.9024e-05	0.00015216
496	0.3613	0.63846	8.515e-05	0.00015599
497	0.3484	0.65136	8.2015e-05	0.00015907
498	0.33777	0.66199	7.9452e-05	0.00016158
499	0.32979	0.66997	7.75e-05	0.00016347
500	0.32422	0.67554	7.6106e-05	0.0001648
501	0.32055	0.67921	7.5188e-05	0.00016565
502	0.31905	0.68071	7.477e-05	0.000166
503	0.3192	0.68056	7.4766e-05	0.00016594
504	0.32149	0.67827	7.5251e-05	0.00016539
505	0.30688	0.69288	7.1711e-05	0.00016887
506	0.29478	0.70498	6.8799e-05	0.00017173
507	0.28478	0.71498	6.6411e-05	0.00017408
508	0.27684	0.72292	6.4536e-05	0.00017592
509	0.27117	0.72859	6.3181e-05	0.00017724
510	0.26715	0.73261	6.2233e-05	0.00017816
511	0.26468	0.73508	6.1673e-05	0.0001787
512	0.26386	0.7359	6.1521e-05	0.00017884
513	0.26495	0.73481	6.1807e-05	0.00017853
514	0.26757	0.73219	6.2473e-05	0.00017785
515	0.27176	0.728	6.3532e-05	0.00017679
516	0.27807	0.72169	6.5077e-05	0.00017524
517	0.26922	0.73054	6.2991e-05	0.0001773
518	0.2627	0.73706	6.1435e-05	0.00017882
519	0.25827	0.74149	6.0359e-05	0.00017985
520	0.2554	0.74436	5.967e-05	0.00018051
521	0.25448	0.74528	5.9427e-05	0.0001807
522	0.25503	0.74473	5.9551e-05	0.00018054
523	0.25706	0.7427	6.0045e-05	0.00018002
524	0.26062	0.73914	6.0918e-05	0.00017913
525	0.26622	0.73354	6.2258e-05	0.00017776
526	0.27401	0.72575	6.4098e-05	0.00017588
527	0.26691	0.73285	6.2372e-05	0.00017756
528	0.26163	0.73813	6.1101e-05	0.00017879
529	0.23453	0.76523	5.467e-05	0.00018519
530	0.2109	0.78886	4.9094e-05	0.00019075
531	0.19113	0.80863	4.4403e-05	0.00019541
532	0.17413	0.82563	4.0396e-05	0.00019939
533	0.16002	0.83974	3.7048e-05	0.00020271
534	0.14785	0.85191	3.4178e-05	0.00020556
535	0.13786	0.8619	3.1804e-05	0.0002079
536	0.12936	0.8704	2.9797e-05	0.00020988
537	0.12219	0.87757	2.8117e-05	0.00021155
538	0.11622	0.88354	2.6732e-05	0.00021292
539	0.11135	0.88841	2.5614e-05	0.00021404
540	0.10758	0.89218	2.4765e-05	0.0002149
541	0.10482	0.89494	2.4164e-05	0.00021552
542	0.10324	0.89652	2.3826e-05	0.00021587
543	0.10282	0.89694	2.3748e-05	0.00021595
544	0.090343	0.90942	2.0819e-05	0.00021887
545	0.079522	0.92024	1.8296e-05	0.00022139
546	0.070136	0.92962	1.6121e-05	0.00022358
547	0.061993	0.93777	1.4247e-05	0.00022547
548	0.055154	0.94461	1.2662e-05	0.00022706
549	0.049431	0.95033	1.1325e-05	0.0002284
550	0.044481	0.95528	1.0177e-05	0.00022955
551	0.040203	0.95956	9.1918e-06	0.00023056
552	0.036666	0.96309	8.3694e-06	0.00023139
553	0.033573	0.96619	7.655e-06	0.00023212
554	0.030919	0.96884	7.0477e-06	0.00023275
555	0.02865	0.97111	6.5341e-06	0.00023329
556	0.026721	0.97304	6.1026e-06	0.00023376
557	0.02509	0.97467	5.744e-06	0.00023417
558	0.023725	0.97603	5.4501e-06	0.00023452
559	0.022557	0.9772	5.2046e-06	0.00023484
560	0.021708	0.97805	5.0262e-06	0.00023507
561	0.021165	0.97859	4.913e-06	0.00023523
562	0.020914	0.97885	4.862e-06	0.00023532
563	0.0208	0.97896	4.8466e-06	0.00023538
564	0.020956	0.9788	4.889e-06	0.00023538
565	0.021288	0.97847	4.9771e-06	0.00023533
566	0.021915	0.97784	5.1291e-06	0.00023522
567	0.022739	0.97702	5.3324e-06	0.00023506
568	0.023896	0.97586	5.6088e-06	0.00023482
569	0.025407	0.97435	5.9627e-06	0.00023449
570	0.027312	0.97245	6.4033e-06	0.00023407
571	0.029664	0.9701	6.9421e-06	0.00023354
572	0.032341	0.96742	7.5622e-06	0.00023293
573	0.035608	0.96415	8.3126e-06	0.00023219
574	0.03938	0.96038	9.1882e-06	0.00023133
575	0.043928	0.95583	1.0236e-05	0.00023029
576	0.049094	0.95067	1.1436e-05	0.0002291
577	0.05526	0.9445	1.2858e-05	0.00022768
578	0.062362	0.9374	1.4509e-05	0.00022605
579	0.070546	0.92921	1.6425e-05	0.00022415
580	0.080267	0.91949	1.8687e-05	0.0002219
581	0.091466	0.90829	2.1311e-05	0.0002193
582	0.10423	0.89553	2.4321e-05	0.00021632
583	0.10497	0.89479	2.4495e-05	0.00021619
584	0.10685	0.89291	2.493e-05	0.00021578
585	0.10963	0.89013	2.5587e-05	0.00021516
586	0.1013	0.89846	2.3618e-05	0.00021718
587	0.09417	0.90559	2.1945e-05	0.00021891
588	0.088444	0.91132	2.0589e-05	0.00022031
589	0.083741	0.91602	1.9487e-05	0.00022146
590	0.079887	0.91987	1.8594e-05	0.00022242
591	0.07681	0.92295	1.7894e-05	0.00022319
592	0.074455	0.9253	1.7371e-05	0.00022379
593	0.073055	0.9267	1.7064e-05	0.00022417
594	0.072548	0.92721	1.6957e-05	0.00022433
595	0.072674	0.92708	1.7009e-05	0.00022435
596	0.073435	0.92632	1.722e-05	0.00022421
597	0.074915	0.92484	1.7612e-05	0.00022391
598	0.077356	0.9224	1.8224e-05	0.00022337
599	0.080828	0.91893	1.9073e-05	0.00022259
600	0.085406	0.91435	2.0175e-05	0.00022154
601	0.091214	0.90854	2.156e-05	0.0002202
602	0.098414	0.90134	2.3263e-05	0.00021854
603	0.1068	0.89295	2.5263e-05	0.00021658
604	0.10437	0.89539	2.4661e-05	0.00021722
605	0.10309	0.89666	2.4326e-05	0.00021758
606	0.10274	0.89702	2.4222e-05	0.00021772
607	0.10352	0.89623	2.438e-05	0.00021759
608	0.10516	0.8946	2.4749e-05	0.00021725
609	0.10775	0.89201	2.5359e-05	0.00021668
610	0.11136	0.8884	2.6224e-05	0.00021587
611	0.11629	0.88346	2.7393e-05	0.00021474
612	0.11037	0.88939	2.5975e-05	0.00021621
613	0.10587	0.89388	2.4883e-05	0.00021735
614	0.10233	0.89742	2.4033e-05	0.00021825
615	0.099689	0.90007	2.3407e-05	0.00021893
616	0.097893	0.90186	2.2993e-05	0.00021941
617	0.09699	0.90277	2.2804e-05	0.00021967
618	0.097167	0.90259	2.286e-05	0.00021968
619	0.098221	0.90154	2.3136e-05	0.00021948
620	0.10041	0.89935	2.3673e-05	0.00021901
621	0.1038	0.89596	2.4484e-05	0.00021826
622	0.096481	0.90328	2.2741e-05	0.00022006
623	0.090354	0.9094	2.1295e-05	0.00022158
624	0.085542	0.91421	2.0149e-05	0.00022279
625	0.08191	0.91785	1.9273e-05	0.00022372
626	0.079057	0.9207	1.8592e-05	0.00022447
627	0.076933	0.92282	1.8095e-05	0.00022503
628	0.075754	0.924	1.7812e-05	0.00022538
629	0.075306	0.92445	1.7714e-05	0.00022555
630	0.075783	0.92397	1.7825e-05	0.0002255
631	0.077198	0.92256	1.8151e-05	0.00022522
632	0.079304	0.92045	1.865e-05	0.00022478
633	0.082216	0.91754	1.9351e-05	0.00022415
634	0.085992	0.91376	2.0271e-05	0.00022331
635	0.090963	0.90879	2.1466e-05	0.00022218
636	0.097268	0.90249	2.2967e-05	0.00022074
637	0.10506	0.8947	2.4807e-05	0.00021895
638	0.11412	0.88563	2.6966e-05	0.00021684
639	0.12476	0.875	2.9519e-05	0.00021436
640	0.13755	0.86221	3.257e-05	0.00021136
641	0.13703	0.86273	3.2439e-05	0.00021156
642	0.13761	0.86215	3.2588e-05	0.00021149
643	0.13922	0.86053	3.2997e-05	0.00021116
644	0.14189	0.85787	3.3674e-05	0.00021058
645	0.14602	0.85374	3.4689e-05	0.00020964
646	0.13821	0.86155	3.2804e-05	0.0002116
647	0.13171	0.86804	3.125e-05	0.00021324
648	0.12678	0.87298	3.0057e-05	0.0002145
649	0.12293	0.87683	2.9137e-05	0.0002155
650	0.12045	0.87931	2.8533e-05	0.00021617
651	0.11892	0.88084	2.8171e-05	0.00021661
652	0.11841	0.88135	2.8065e-05	0.00021681
653	0.11915	0.8806	2.8249e-05	0.0002167
654	0.12083	0.87893	2.8669e-05	0.00021637
655	0.12356	0.8762	2.9357e-05	0.00021578
656	0.12767	0.87208	3.0366e-05	0.00021486
657	0.13289	0.86686	3.1657e-05	0.00021366
658	0.1397	0.86005	3.3319e-05	0.00021208
659	0.14798	0.85178	3.5355e-05	0.00021014
660	0.15776	0.842	3.7777e-05	0.00020782
661	0.16937	0.83039	4.0669e-05	0.00020505
662	0.1835	0.81625	4.4162e-05	0.00020166
663	0.20057	0.79919	4.8351e-05	0.00019756
664	0.22023	0.77952	5.3208e-05	0.00019281
665	0.2437	0.75606	5.897e-05	0.00018714
666	0.27169	0.72807	6.5808e-05	0.00018038
667	0.30377	0.69598	7.3692e-05	0.00017259
668	0.31113	0.68862	7.5544e-05	0.00017084
669	0.32057	0.67918	7.7936e-05	0.00016856
670	0.33276	0.66699	8.0985e-05	0.00016561
671	0.34805	0.6517	8.4772e-05	0.00016192
672	0.36682	0.63294	8.9385e-05	0.00015739
673	0.38895	0.6108	9.4866e-05	0.000152
674	0.4156	0.58415	0.00010142	0.00014552
675	0.44671	0.55305	0.00010913	0.0001379
676	0.48381	0.51594	0.00011827	0.00012884
677	0.52648	0.47328	0.00012885	0.00011836
678	0.57547	0.42429	0.00014106	0.00010625
679	0.63356	0.36619	0.00015547	9.1932e-05
680	0.70015	0.29961	0.00017208	7.5426e-05
681	0.72181	0.27794	0.0001775	7.0098e-05
682	0.74746	0.25229	0.00018396	6.3745e-05
683	0.77763	0.22212	0.0001916	5.6224e-05
684	0.81292	0.18683	0.0002006	4.7366e-05
685	0.85407	0.14568	0.00021114	3.6973e-05
686	0.86715	0.1326	0.00021457	3.3688e-05
687	0.88346	0.1163	0.00021877	2.9609e-05
688	0.90274	0.097016	0.00022376	2.4754e-05
689	0.90742	0.092327	0.00022505	2.3588e-05
690	0.9139	0.085851	0.00022682	2.196e-05
691	0.9223	0.077455	0.00022911	1.9832e-05
692	0.93309	0.066662	0.00023197	1.7109e-05
693	0.94609	0.053657	0.00023543	1.3808e-05
694	0.96214	0.037615	0.00023963	9.7502e-06
695	0.96666	0.033092	0.00024093	8.6033e-06
696	0.97282	0.026933	0.00024263	7.0493e-06
697	0.98057	0.019181	0.00024476	5.0791e-06
698	0.99034	0.0094085	0.00024738	2.6045e-06
699	0.99344	0.0063134	0.00024832	1.827e-06
700	0.99388	0.0058675	0.00024854	1.7493e-06
701	0.99226	0.0074911	0.0002482	2.2565e-06
702	0.99152	0.0082253	0.00024807	2.5299e-06
703	0.99157	0.0081766	0.00024817	2.5936e-06
704	0.99241	0.007344	0.00024849	2.4483e-06
705	0.98496	0.014794	0.00024601	4.3269e-06
706	0.97899	0.020757	0.00024393	5.8097e-06
707	0.97434	0.025413	0.00024222	6.9479e-06
708	0.9709	0.028847	0.00024085	7.766e-06
709	0.95848	0.041268	0.00023719	1.0852e-05
710	0.94856	0.051197	0.00023414	1.3314e-05
711	0.94057	0.059184	0.00023162	1.5265e-05
712	0.9346	0.065149	0.00022959	1.6715e-05
713	0.93027	0.069484	0.000228	1.7741e-05
714	0.92769	0.072069	0.00022682	1.8338e-05
715	0.92676	0.072998	0.00022603	1.8529e-05
716	0.92721	0.072544	0.0002256	1.8369e-05
717	0.92913	0.07063	0.00022557	1.7842e-05
718	0.92279	0.076968	0.00022352	1.9343e-05
719	0.9184	0.081355	0.00022193	2.037e-05
720	0.91582	0.083938	0.00022076	2.0959e-05
721	0.91497	0.084789	0.00021999	2.1131e-05
722	0.91564	0.084123	0.00021962	2.0923e-05
723	0.91783	0.081926	0.00021965	2.0336e-05
724	0.92181	0.077947	0.00022008	1.9328e-05
725	0.92738	0.072385	0.00022092	1.7933e-05
726	0.92449	0.075272	0.00021973	1.8586e-05
727	0.90991	0.089851	0.00021568	2.2074e-05
728	0.89828	0.10149	0.00021232	2.4851e-05
729	0.8888	0.11096	0.00020953	2.7082e-05
730	0.88131	0.11845	0.00020726	2.8814e-05
731	0.87607	0.1237	0.0002055	3.0015e-05
732	0.87264	0.12713	0.0002042	3.0766e-05
733	0.87096	0.1288	0.00020336	3.1088e-05
734	0.87123	0.12853	0.00020295	3.0958e-05
735	0.87322	0.12654	0.00020297	3.0412e-05
736	0.87722	0.12255	0.00020344	2.9407e-05
737	0.88333	0.11643	0.00020437	2.792e-05
738	0.89173	0.10804	0.0002058	2.5919e-05
739	0.87421	0.12556	0.00020121	2.9975e-05
740	0.86009	0.13967	0.00019741	3.3232e-05
741	0.84895	0.15082	0.00019428	3.5793e-05
742	0.84047	0.1593	0.00019176	3.7733e-05
743	0.83412	0.16565	0.00018978	3.9153e-05
744	0.82977	0.17	0.0001883	4.0089e-05
745	0.8089	0.19088	0.00018295	4.4879e-05
746	0.79191	0.20786	0.00017849	4.8763e-05
747	0.77793	0.22185	0.00017478	5.1913e-05
748	0.76704	0.23274	0.00017177	5.4349e-05
749	0.75859	0.24118	0.00016937	5.6196e-05
750	0.75274	0.24703	0.00016754	5.7452e-05
751	0.7489	0.25087	0.0001662	5.8232e-05
752	0.74746	0.25232	0.00016539	5.8477e-05
753	0.74791	0.25186	0.00016502	5.8281e-05
754	0.7504	0.24938	0.00016514	5.7619e-05
755	0.75483	0.24494	0.00016572	5.6511e-05
756	0.76131	0.23847	0.00016678	5.4941e-05
757	0.77008	0.2297	0.00016837	5.2852e-05
758	0.78117	0.21861	0.0001705	5.0239e-05
759	0.79537	0.20441	0.00017328	4.6959e-05
760	0.79507	0.20471	0.00017278	4.6938e-05
761	0.77929	0.22049	0.00016886	5.0362e-05
762	0.76639	0.23339	0.00016562	5.3113e-05
763	0.75611	0.24367	0.00016301	5.5259e-05
764	0.74863	0.25115	0.00016099	5.6793e-05
765	0.74324	0.25654	0.00015946	5.7848e-05
766	0.73986	0.25992	0.0001584	5.845e-05
767	0.73887	0.26092	0.00015785	5.8538e-05
768	0.73991	0.25988	0.00015776	5.8171e-05
769	0.7433	0.25648	0.00015815	5.7304e-05
770	0.7487	0.25108	0.00015901	5.5994e-05
771	0.74018	0.2596	0.00015681	5.7725e-05
772	0.73433	0.26546	0.00015516	5.8883e-05
773	0.73051	0.26928	0.00015399	5.9586e-05
774	0.72877	0.27102	0.00015329	5.9828e-05
775	0.72938	0.27041	0.00015307	5.9574e-05
776	0.73192	0.26787	0.00015329	5.8897e-05
777	0.73645	0.26334	0.00015395	5.7788e-05
778	0.74317	0.25662	0.00015511	5.6202e-05
779	0.75259	0.2472	0.00015681	5.4059e-05
780	0.7644	0.23539	0.00015903	5.1399e-05
781	0.77949	0.2203	0.00016192	4.8066e-05
782	0.77922	0.22057	0.00016155	4.8007e-05
783	0.7812	0.21859	0.00016163	4.7481e-05
784	0.78508	0.21471	0.00016213	4.6548e-05
785	0.79135	0.20844	0.0001631	4.5123e-05
786	0.79986	0.19994	0.00016457	4.3223e-05
787	0.81076	0.18903	0.00016657	4.081e-05
788	0.82476	0.17503	0.00016917	3.777e-05
789	0.84154	0.15826	0.00017238	3.4141e-05
790	0.86219	0.1376	0.00017636	2.9732e-05
791	0.88639	0.11341	0.0001811	2.4577e-05
792	0.89251	0.10728	0.00018203	2.3231e-05
793	0.90049	0.099302	0.00018338	2.1492e-05
794	0.91048	0.089319	0.00018517	1.9329e-05
795	0.92277	0.077022	0.00018746	1.6674e-05
796	0.9248	0.074993	0.00018755	1.6205e-05
797	0.92829	0.071509	0.00018797	1.5429e-05
798	0.92377	0.076028	0.00018668	1.6335e-05
799	0.92076	0.079037	0.00018573	1.6919e-05
800	0.91949	0.080307	0.00018512	1.715e-05
801	0.9199	0.079894	0.00018483	1.7041e-05
802	0.92175	0.078053	0.00018486	1.6632e-05
803	0.92535	0.07445	0.00018522	1.5872e-05
804	0.93049	0.069308	0.00018592	1.4792e-05
805	0.93727	0.062532	0.00018697	1.3375e-05
806	0.93623	0.06357	0.00018642	1.3568e-05
807	0.93675	0.063047	0.00018617	1.3447e-05
808	0.9292	0.0706	0.00018428	1.4985e-05
809	0.92366	0.076145	0.00018278	1.6116e-05
810	0.91969	0.080116	0.00018163	1.6915e-05
811	0.90278	0.097023	0.00017779	2.0385e-05
812	0.88914	0.11066	0.0001746	2.3188e-05
813	0.87801	0.12179	0.00017196	2.5454e-05
814	0.86915	0.13065	0.00016983	2.7238e-05
815	0.86228	0.13752	0.00016812	2.8604e-05
816	0.85728	0.14253	0.00016681	2.9583e-05
817	0.85414	0.14567	0.00016591	3.0176e-05
818	0.85307	0.14673	0.00016539	3.0361e-05
819	0.85379	0.14602	0.00016526	3.0185e-05
820	0.84244	0.15737	0.00016273	3.2411e-05
821	0.83333	0.16647	0.00016068	3.4174e-05
822	0.82643	0.17338	0.0001591	3.5486e-05
823	0.82158	0.17823	0.00015795	3.638e-05
824	0.81899	0.18082	0.00015722	3.6835e-05
825	0.81828	0.18152	0.00015689	3.6909e-05
826	0.81976	0.18005	0.00015697	3.6565e-05
827	0.82344	0.17637	0.00015745	3.5797e-05
828	0.82912	0.17069	0.00015834	3.4631e-05
829	0.82254	0.17727	0.00015685	3.587e-05
830	0.818	0.18181	0.00015577	3.6696e-05
831	0.81542	0.18439	0.00015511	3.7131e-05
832	0.79588	0.20393	0.00015118	4.0839e-05
833	0.78007	0.21973	0.00014796	4.3836e-05
834	0.76715	0.23265	0.00014532	4.6253e-05
835	0.724	0.27581	0.00013684	5.4506e-05
836	0.68659	0.31322	0.00012952	6.1602e-05
837	0.65546	0.34435	0.00012338	6.7507e-05
838	0.62895	0.37086	0.00011818	7.2486e-05
839	0.60712	0.39269	0.00011386	7.6579e-05
840	0.58864	0.41117	0.00011021	8.0005e-05
841	0.53001	0.4698	9.8869e-05	9.1107e-05
842	0.47932	0.52049	8.9131e-05	0.00010062
843	0.43553	0.56428	8.0772e-05	0.00010877
844	0.39867	0.60114	7.3699e-05	0.00011561
845	0.36774	0.63207	6.7726e-05	0.00012135
846	0.3409	0.65891	6.2575e-05	0.00012627
847	0.31793	0.68189	5.819e-05	0.00013044
848	0.29895	0.70086	5.454e-05	0.00013386
849	0.28289	0.71692	5.1469e-05	0.00013671
850	0.26943	0.73039	4.8908e-05	0.00013906
851	0.25828	0.74154	4.6801e-05	0.00014097
852	0.24921	0.7506	4.51e-05	0.00014247
853	0.24239	0.75742	4.3799e-05	0.00014357
854	0.21193	0.78789	3.8169e-05	0.00014901
855	0.18527	0.81454	3.3275e-05	0.00015371
856	0.16217	0.83765	2.9062e-05	0.00015774
857	0.14267	0.85714	2.5489e-05	0.00016113
858	0.12579	0.87402	2.2417e-05	0.00016402
859	0.11158	0.88824	1.9816e-05	0.00016643
860	0.099289	0.90052	1.7582e-05	0.00016847
861	0.088676	0.91114	1.5667e-05	0.00017021
862	0.079802	0.92001	1.4055e-05	0.00017164
863	0.072072	0.92774	1.266e-05	0.00017285
864	0.065693	0.93412	1.1499e-05	0.00017382
865	0.060253	0.93956	1.0516e-05	0.00017463
866	0.055564	0.94425	9.6743e-06	0.00017529
867	0.051542	0.94827	8.9581e-06	0.00017584
868	0.048114	0.9517	8.353e-06	0.00017628
869	0.045457	0.95436	7.8773e-06	0.00017658
870	0.043478	0.95634	7.515e-06	0.00017676
871	0.042122	0.95769	7.2567e-06	0.00017683
872	0.041159	0.95866	7.0718e-06	0.00017683
873	0.040624	0.95919	6.9666e-06	0.00017675
874	0.040508	0.95931	6.9386e-06	0.00017661
875	0.040958	0.95886	7.0031e-06	0.00017637
876	0.04178	0.95804	7.1356e-06	0.00017606
877	0.042989	0.95683	7.3387e-06	0.00017569
878	0.044606	0.95521	7.6161e-06	0.00017525
879	0.04689	0.95293	8.002e-06	0.00017469
880	0.049904	0.94991	8.5065e-06	0.000174
881	0.053473	0.94634	9.1103e-06	0.00017322
882	0.057661	0.94216	9.825e-06	0.00017234
883	0.062621	0.9372	1.0678e-05	0.00017132
884	0.06837	0.93145	1.1674e-05	0.00017017
885	0.075104	0.92471	1.2848e-05	0.00016885
886	0.08286	0.91696	1.4207e-05	0.00016735
887	0.091779	0.90804	1.5777e-05	0.00016564
888	0.10202	0.8978	1.7589e-05	0.0001637
889	0.10092	0.8989	1.7393e-05	0.00016377
890	0.10063	0.89919	1.7349e-05	0.0001637
891	0.10116	0.89865	1.7456e-05	0.00016348
892	0.10284	0.89698	1.7756e-05	0.00016306
893	0.10538	0.89444	1.8215e-05	0.00016249
894	0.10892	0.8909	1.8859e-05	0.00016173
895	0.11376	0.88606	1.9725e-05	0.00016075
896	0.11979	0.88003	2.081e-05	0.00015956
897	0.12744	0.87238	2.2172e-05	0.00015808
898	0.13694	0.86288	2.3847e-05	0.00015627
899	0.14801	0.85181	2.5812e-05	0.00015419
900	0.161	0.83882	2.8134e-05	0.00015175
901	0.17619	0.82363	3.0864e-05	0.00014891
902	0.19444	0.80538	3.412e-05	0.00014554
903	0.2162	0.78362	3.7977e-05	0.00014156
904	0.24141	0.75841	4.2472e-05	0.00013694
905	0.2703	0.72952	4.765e-05	0.00013165
906	0.30467	0.69515	5.3771e-05	0.00012541
907	0.31335	0.68647	5.5275e-05	0.00012378
908	0.32468	0.67514	5.723e-05	0.00012168
909	0.33831	0.66152	5.9608e-05	0.00011916
910	0.35466	0.64516	6.2491e-05	0.00011616
911	0.37386	0.62596	6.5902e-05	0.00011263
912	0.39625	0.60357	6.9907e-05	0.00010851
913	0.42322	0.5766	7.47e-05	0.0001036
914	0.45469	0.54513	8.033e-05	9.7857e-05
915	0.49234	0.50748	8.7025e-05	9.1038e-05
916	0.53725	0.46258	9.4967e-05	8.2962e-05
917	0.58926	0.41056	0.00010422	7.3584e-05
918	0.65092	0.3489	0.00011513	6.254e-05
919	0.66993	0.32989	0.0001184	5.9121e-05
920	0.69236	0.30747	0.0001223	5.5082e-05
921	0.71957	0.28026	0.00012701	5.022e-05
922	0.72489	0.27494	0.00012785	4.9233e-05
923	0.73286	0.26696	0.00012914	4.7786e-05
924	0.74366	0.25616	0.00013091	4.5851e-05
925	0.7576	0.24223	0.0001332	4.3381e-05
926	0.77436	0.22546	0.00013601	4.0402e-05
927	0.79503	0.2048	0.00013946	3.676e-05
928	0.82016	0.17967	0.00014366	3.2363e-05
929	0.84942	0.1504	0.00014861	2.7231e-05
930	0.88336	0.11647	0.0001544	2.1266e-05
931	0.89408	0.10575	0.00015613	1.9373e-05
932	0.9071	0.092729	0.00015828	1.7066e-05
933	0.92281	0.077013	0.00016094	1.4272e-05
934	0.9162	0.083625	0.00015962	1.5469e-05
935	0.91126	0.088561	0.00015862	1.6357e-05
936	0.90821	0.091618	0.00015794	1.6914e-05
937	0.89209	0.10773	0.00015493	1.9818e-05
938	0.87861	0.12122	0.00015241	2.2235e-05
939	0.86797	0.13186	0.00015038	2.4151e-05
940	0.85988	0.13994	0.00014879	2.5617e-05
941	0.85375	0.14607	0.00014756	2.6724e-05
942	0.84956	0.15026	0.00014671	2.7477e-05
943	0.82856	0.17127	0.00014287	3.122e-05
944	0.81144	0.18838	0.00013971	3.4283e-05
945	0.79774	0.20209	0.00013713	3.6747e-05
946	0.7867	0.21313	0.00013505	3.8722e-05
947	0.77795	0.22187	0.0001334	4.0276e-05
948	0.77135	0.22847	0.00013215	4.144e-05
949	0.76689	0.23294	0.0001313	4.2218e-05
950	0.76481	0.23502	0.00013085	4.2585e-05
951	0.76472	0.2351	0.00013077	4.2594e-05
952	0.76663	0.2332	0.00013106	4.2244e-05
953	0.77045	0.22938	0.0001317	4.1551e-05
954	0.77625	0.22357	0.00013272	4.0501e-05
955	0.78415	0.21568	0.00013412	3.9075e-05
956	0.79428	0.20555	0.00013593	3.7244e-05
