#coord	neutral	conserved	gBGC.neutral	gBGC.conserved
1	0.77984	0.21744	0.0021247	0.00059461
2	0.78768	0.2096	0.0021458	0.00057283
3	0.8013	0.19599	0.0021831	0.00053489
4	0.82707	0.17022	0.0022533	0.00046397
5	0.87231	0.12497	0.002376	0.00034054
6	0.94925	0.048031	0.0025836	0.00013222
7	0.95929	0.03799	0.0026103	0.00010483
8	0.97445	0.022837	0.0026513	6.3194e-05
9	0.99653	0.00075117	0.002712	2.1162e-06
10	0.9965	0.00078416	0.0027115	2.2028e-06
11	0.99619	0.0010925	0.0027104	3.0512e-06
12	0.99666	0.00062786	0.0027116	1.7648e-06
13	0.99591	0.0013778	0.0027095	3.8321e-06
14	0.99602	0.0012623	0.0027099	3.5072e-06
15	0.99698	0.00030656	0.0027128	8.5889e-07
16	0.99697	0.00031866	0.0027131	8.8951e-07
17	0.99695	0.00033327	0.0027135	9.299e-07
18	0.99691	0.00037095	0.0027139	1.0373e-06
19	0.99565	0.0016294	0.0027111	4.514e-06
20	0.99554	0.0017397	0.0027113	4.8659e-06
21	0.99476	0.0025215	0.0027098	7.0719e-06
22	0.99303	0.0042567	0.0027058	1.1908e-05
23	0.99256	0.0047253	0.0027054	1.3213e-05
24	0.99038	0.0068955	0.0027005	1.9179e-05
25	0.98962	0.0076556	0.0026996	2.1227e-05
26	0.99027	0.0070128	0.0027027	1.937e-05
27	0.99287	0.0044102	0.0027111	1.2169e-05
28	0.99409	0.0031875	0.0027156	8.8206e-06
29	0.9966	0.00067469	0.0027238	1.8756e-06
30	0.99584	0.0014362	0.0027229	3.9969e-06
31	0.99446	0.0028153	0.0027201	7.8858e-06
32	0.99412	0.0031471	0.0027204	8.8477e-06
33	0.9948	0.0024714	0.0027236	6.9989e-06
34	0.99457	0.0027029	0.0027244	7.6613e-06
35	0.99002	0.0072499	0.0027129	2.0526e-05
36	0.98739	0.0098718	0.002707	2.7934e-05
37	0.96747	0.02979	0.0026519	8.4409e-05
38	0.95438	0.04288	0.0026166	0.00012132
39	0.9459	0.05136	0.0025944	0.00014513
40	0.94101	0.056248	0.0025825	0.0001588
41	0.93935	0.057904	0.0025798	0.00016335
42	0.94046	0.056792	0.0025851	0.00016008
43	0.93598	0.061271	0.0025751	0.00017218
44	0.92495	0.072302	0.0025468	0.00020251
45	0.91829	0.078956	0.0025309	0.00022063
46	0.91521	0.082033	0.002525	0.00022877
47	0.87985	0.11739	0.0024291	0.00032669
48	0.85973	0.13751	0.0023747	0.000383
49	0.81172	0.18552	0.0022436	0.00051612
50	0.70515	0.29209	0.0019525	0.00080937
51	0.64226	0.35498	0.0017799	0.00098411
52	0.59831	0.39892	0.0016604	0.0011057
53	0.56803	0.4292	0.0015792	0.0011893
54	0.55185	0.44538	0.0015361	0.0012347
55	0.5144	0.48282	0.0014351	0.0013379
56	0.49362	0.5036	0.0013792	0.0013962
57	0.48115	0.51607	0.0013467	0.0014311
58	0.45228	0.54494	0.0012683	0.0015118
59	0.3936	0.60361	0.0011064	0.001676
60	0.35951	0.6377	0.0010119	0.0017728
61	0.33622	0.66099	0.0009481	0.001839
62	0.32093	0.67628	0.00090692	0.0018826
63	0.31467	0.68254	0.00089049	0.0019014
64	0.31555	0.68165	0.0008938	0.0019005
65	0.32382	0.67338	0.0009176	0.001879
66	0.33871	0.65849	0.00096049	0.0018386
67	0.36675	0.63044	0.0010401	0.0017614
68	0.40877	0.58843	0.0011601	0.0016439
69	0.4081	0.58909	0.0011591	0.0016472
70	0.39699	0.6002	0.0011284	0.0016804
71	0.39414	0.60305	0.0011207	0.0016904
72	0.39876	0.59843	0.0011338	0.0016797
73	0.40887	0.58831	0.0011627	0.0016532
74	0.43005	0.56713	0.0012221	0.001596
75	0.46258	0.5346	0.0013141	0.0015065
76	0.47331	0.52387	0.0013455	0.0014777
77	0.49555	0.50162	0.001409	0.0014167
78	0.52965	0.46752	0.0015068	0.0013215
79	0.52557	0.4716	0.0014962	0.0013347
80	0.52662	0.47055	0.0015005	0.001333
81	0.53293	0.46423	0.0015202	0.001316
82	0.54526	0.4519	0.0015576	0.0012815
83	0.56994	0.42721	0.00163	0.0012119
84	0.60622	0.39094	0.0017367	0.001108
85	0.62336	0.37379	0.0017879	0.0010597
86	0.65535	0.3418	0.0018811	0.00096928
87	0.7108	0.28635	0.0020406	0.00081257
88	0.78977	0.20737	0.002269	0.000587
89	0.83068	0.16646	0.0023877	0.00047105
90	0.90052	0.096622	0.0025877	0.00027372
91	0.9097	0.087437	0.0026159	0.00024825
92	0.91118	0.085951	0.0026225	0.00024439
93	0.9073	0.089835	0.0026135	0.00025608
94	0.90678	0.090352	0.0026145	0.00025794
95	0.90956	0.087563	0.0026252	0.00025013
96	0.91791	0.079214	0.0026517	0.00022651
97	0.93122	0.065895	0.0026929	0.00018826
98	0.95509	0.042029	0.0027642	0.00011994
99	0.99606	0.0010482	0.0028839	3.0581e-06
100	0.98234	0.014772	0.0028458	4.3996e-05
101	0.97482	0.022292	0.0028258	6.6716e-05
102	0.97136	0.025744	0.0028177	7.7441e-05
103	0.97028	0.026824	0.0028169	8.1013e-05
104	0.97211	0.024986	0.0028245	7.6077e-05
105	0.97645	0.020647	0.0028398	6.3681e-05
106	0.97137	0.025721	0.002827	7.9423e-05
107	0.95928	0.037807	0.0027931	0.00011643
108	0.9515	0.04559	0.0027725	0.00014025
109	0.94836	0.048728	0.0027656	0.00015026
110	0.93845	0.05863	0.0027385	0.00018069
111	0.91436	0.082719	0.0026687	0.00025392
112	0.73946	0.25761	0.0021454	0.00078069
113	0.61973	0.37734	0.0017901	0.0011397
114	0.5352	0.46187	0.001541	0.0013925
115	0.47573	0.52133	0.0013673	0.0015702
116	0.44155	0.5555	0.0012671	0.0016742
117	0.42297	0.57408	0.0012126	0.0017325
118	0.41209	0.58496	0.0011814	0.0017676
119	0.40958	0.58746	0.0011746	0.0017782
120	0.41475	0.58229	0.00119	0.0017666
121	0.42555	0.57149	0.0012222	0.0017383
122	0.42361	0.57343	0.0012174	0.0017471
123	0.42664	0.5704	0.0012276	0.001741
124	0.41989	0.57714	0.0012084	0.0017643
125	0.4183	0.57873	0.0012048	0.001772
126	0.42167	0.57535	0.0012163	0.0017648
127	0.41239	0.58463	0.0011905	0.0017949
128	0.38882	0.60819	0.0011214	0.0018684
129	0.37689	0.62012	0.0010865	0.0019075
130	0.34656	0.65044	0.00099668	0.0020017
131	0.32681	0.67018	0.00093899	0.0020639
132	0.27746	0.71953	0.00079345	0.002214
133	0.24291	0.75408	0.00069236	0.0023198
134	0.22335	0.77363	0.00063492	0.0023819
135	0.21107	0.7859	0.00059943	0.0024221
136	0.1781	0.81887	0.00050297	0.0025234
137	0.15942	0.83755	0.00044799	0.0025832
138	0.14745	0.84951	0.00041318	0.0026229
139	0.14047	0.85648	0.00039328	0.0026478
140	0.13748	0.85947	0.00038526	0.002661
141	0.13804	0.85891	0.0003879	0.0026635
142	0.14224	0.85471	0.00040152	0.0026552
143	0.15067	0.84627	0.00042813	0.002634
144	0.16377	0.83317	0.00046924	0.0025984
145	0.18719	0.80974	0.0005414	0.0025318
146	0.19464	0.80228	0.00056559	0.0025132
147	0.20709	0.78983	0.0006055	0.0024789
148	0.23049	0.76642	0.00067872	0.0024114
149	0.26429	0.73262	0.00078501	0.0023108
150	0.27952	0.71737	0.00083362	0.0022679
151	0.28365	0.71324	0.00084778	0.0022594
152	0.2927	0.70418	0.00087751	0.0022354
153	0.31155	0.68534	0.00093711	0.0021816
154	0.31602	0.68086	0.00095289	0.0021716
155	0.32888	0.66798	0.00099436	0.002136
156	0.34978	0.64709	0.0010615	0.0020748
157	0.3817	0.61516	0.0011642	0.0019781
158	0.43726	0.55959	0.0013407	0.0018076
159	0.51885	0.478	0.0016016	0.0015528
160	0.55997	0.43687	0.0017342	0.0014263
161	0.57593	0.42091	0.0017883	0.0013784
162	0.55821	0.43862	0.0017356	0.0014374
163	0.54754	0.44928	0.0017057	0.0014739
164	0.54526	0.45156	0.001702	0.001484
165	0.55075	0.44606	0.0017227	0.0014696
166	0.56552	0.43129	0.0017728	0.0014258
167	0.5894	0.40739	0.0018529	0.0013521
168	0.59915	0.39764	0.0018874	0.0013241
169	0.57064	0.42615	0.0017979	0.00142
170	0.51247	0.4843	0.0016095	0.0016149
171	0.4002	0.59657	0.0012389	0.0019919
172	0.32339	0.67337	0.00098714	0.0022502
173	0.27817	0.71859	0.00083784	0.002406
174	0.2521	0.74465	0.00075106	0.0024992
175	0.23515	0.76159	0.00069503	0.0025618
176	0.19906	0.79768	0.00057393	0.0026894
177	0.17477	0.82196	0.00049281	0.0027772
178	0.1588	0.83792	0.00043955	0.0028372
179	0.14884	0.84788	0.00040614	0.0028775
180	0.14308	0.85362	0.00038633	0.0029043
181	0.14265	0.85405	0.0003827	0.0029149
182	0.14742	0.84927	0.00039418	0.0029103
183	0.15662	0.84007	0.00041849	0.0028931
184	0.17452	0.82216	0.00046662	0.002852
185	0.1654	0.83127	0.00043453	0.0028912
186	0.16085	0.83582	0.00041733	0.0029156
187	0.16184	0.83482	0.00041681	0.0029234
188	0.16641	0.83024	0.00042681	0.0029207
189	0.17784	0.81881	0.00045549	0.0028993
190	0.17838	0.81826	0.00045319	0.002909
191	0.17077	0.82586	0.00042453	0.002945
192	0.16716	0.82946	0.00040884	0.0029682
193	0.16712	0.8295	0.0004041	0.0029805
194	0.17282	0.82379	0.00041532	0.0029768
195	0.18589	0.81071	0.00044545	0.0029542
196	0.18923	0.80736	0.00044896	0.0029582
197	0.1967	0.79989	0.00046378	0.002951
198	0.20919	0.78739	0.00049173	0.0029307
199	0.2282	0.76837	0.00053627	0.002894
200	0.26209	0.73447	0.00061666	0.0028214
201	0.31211	0.68444	0.00073698	0.002709
202	0.33289	0.66367	0.00081923	0.0026229
203	0.3646	0.63196	0.00094328	0.0024952
204	0.41024	0.58633	0.0011215	0.0023134
205	0.47747	0.5191	0.0013848	0.0020465
206	0.57281	0.42376	0.0017599	0.001668
207	0.73352	0.26306	0.0023868	0.0010377
208	0.96801	0.028571	0.0033077	0.00011352
209	0.96989	0.026693	0.0033124	0.00010541
210	0.9589	0.037681	0.0032715	0.00014301
211	0.71877	0.27782	0.0024346	0.00097658
212	0.54876	0.44783	0.0018468	0.0015612
213	0.42845	0.56814	0.0014341	0.0019708
214	0.34339	0.65321	0.0011446	0.0022573
215	0.29322	0.70338	0.00097244	0.0024264
216	0.25811	0.7385	0.0008528	0.002543
217	0.23383	0.76278	0.00077065	0.0026223
218	0.22081	0.7758	0.00072594	0.0026641
219	0.21352	0.78309	0.00070098	0.0026863
220	0.19112	0.80549	0.00062614	0.0027584
221	0.13887	0.85775	0.00045367	0.0029282
222	0.10802	0.8886	0.00035115	0.0030281
223	0.086312	0.91031	0.00027958	0.0030971
224	0.073914	0.92271	0.00023836	0.0031357
225	0.065569	0.93106	0.00021084	0.0031607
226	0.060273	0.93636	0.00019356	0.0031756
227	0.058726	0.93791	0.00018839	0.0031783
228	0.060429	0.93621	0.00019374	0.0031704
229	0.056898	0.93974	0.00018162	0.00318
230	0.055711	0.94093	0.0001774	0.0031818
231	0.056477	0.94017	0.00017971	0.0031771
232	0.060701	0.93594	0.00019312	0.0031613
233	0.067957	0.92869	0.00021657	0.0031356
234	0.078851	0.9178	0.00025212	0.0030978
235	0.095278	0.90137	0.00030619	0.0030416
236	0.12355	0.8731	0.00039856	0.002947
237	0.16495	0.83171	0.00053484	0.0028087
238	0.23482	0.76184	0.00076318	0.0025782
239	0.33671	0.65995	0.0010987	0.0022407
240	0.34905	0.64761	0.001138	0.0021993
241	0.37304	0.62363	0.0012148	0.0021204
242	0.40935	0.58732	0.0013326	0.0020006
243	0.46144	0.53523	0.0015032	0.0018281
244	0.4825	0.51417	0.0015721	0.0017575
245	0.52069	0.47599	0.0016965	0.0016311
246	0.57737	0.41931	0.0018833	0.0014426
247	0.60579	0.39089	0.0019754	0.0013487
248	0.64861	0.34806	0.0021161	0.0012063
249	0.64633	0.35035	0.0021069	0.0012139
250	0.63254	0.36414	0.0020584	0.0012607
251	0.62549	0.37119	0.0020333	0.0012844
252	0.62369	0.37299	0.0020262	0.0012901
253	0.62954	0.36714	0.0020443	0.0012705
254	0.64185	0.35483	0.0020844	0.001229
255	0.6624	0.33429	0.0021526	0.0011595
256	0.66823	0.32846	0.002171	0.0011399
257	0.68042	0.31628	0.0022111	0.0010985
258	0.70072	0.29597	0.0022791	0.0010294
259	0.70599	0.2907	0.0022968	0.0010108
260	0.71682	0.27987	0.0023336	0.0009731
261	0.73863	0.25807	0.0024072	0.00089859
262	0.772	0.22469	0.002521	0.000784
263	0.82174	0.17496	0.0026921	0.0006122
264	0.90627	0.090422	0.002981	0.00032258
265	0.91688	0.079813	0.0030171	0.00028587
266	0.92069	0.076008	0.0030294	0.00027287
267	0.92818	0.068519	0.0030546	0.00024705
268	0.91874	0.077957	0.0030219	0.00027929
269	0.91339	0.083312	0.0030035	0.00029737
270	0.91147	0.085228	0.0029971	0.00030354
271	0.91303	0.083665	0.0030029	0.00029766
272	0.88943	0.10727	0.0029242	0.00037636
273	0.87657	0.12013	0.002881	0.0004195
274	0.86886	0.12784	0.0028556	0.00044503
275	0.86724	0.12946	0.0028503	0.00045033
276	0.87125	0.12545	0.0028637	0.00043687
277	0.87998	0.11672	0.0028934	0.0004072
278	0.86886	0.12784	0.0028555	0.00044509
279	0.86258	0.13412	0.0028344	0.00046633
280	0.86215	0.13455	0.0028327	0.00046806
281	0.8659	0.1308	0.0028455	0.00045546
282	0.87436	0.12234	0.0028746	0.00042662
283	0.87447	0.12223	0.0028757	0.00042592
284	0.86782	0.12888	0.0028537	0.00044833
285	0.86525	0.13145	0.0028457	0.00045675
286	0.86831	0.12839	0.0028564	0.00044642
287	0.87786	0.11883	0.0028888	0.00041445
288	0.89663	0.10007	0.0029515	0.00035198
289	0.87574	0.12095	0.0028785	0.00042519
290	0.86196	0.13474	0.0028307	0.00047335
291	0.85404	0.14266	0.0028035	0.00050099
292	0.85049	0.1462	0.0027915	0.00051347
293	0.85281	0.14388	0.0027992	0.00050633
294	0.85972	0.13698	0.0028227	0.00048343
295	0.8722	0.1245	0.0028655	0.00044132
296	0.8751	0.12159	0.0028762	0.00043155
297	0.88206	0.11463	0.002901	0.00040769
298	0.89672	0.099967	0.0029518	0.00035785
299	0.91867	0.078015	0.003028	0.00028262
300	0.95162	0.045067	0.0031431	0.00016872
301	0.94555	0.051135	0.0031226	0.00019046
302	0.94387	0.052819	0.0031173	0.00019699
303	0.94507	0.051615	0.0031223	0.00019329
304	0.94217	0.054509	0.0031126	0.00020431
305	0.94226	0.054427	0.0031136	0.00020472
306	0.94639	0.050291	0.0031284	0.00019121
307	0.94529	0.051393	0.003125	0.00019605
308	0.94683	0.049852	0.0031312	0.00019146
309	0.95267	0.04401	0.003152	0.00017208
310	0.95311	0.043565	0.0031541	0.00017164
311	0.94886	0.047817	0.0031391	0.00018837
312	0.94849	0.048176	0.003138	0.00019113
313	0.94275	0.053915	0.0031171	0.00021384
314	0.94139	0.055276	0.0031121	0.00022061
315	0.94297	0.053698	0.0031179	0.00021666
316	0.94771	0.048956	0.0031353	0.00020134
317	0.95798	0.038684	0.0031715	0.00016704
318	0.97345	0.023208	0.0032262	0.00011445
319	0.96808	0.028575	0.0032009	0.0001417
320	0.9655	0.031156	0.0031881	0.00015659
321	0.96606	0.030595	0.0031882	0.0001586
322	0.95075	0.045905	0.0031117	0.00023722
323	0.94268	0.053971	0.0030701	0.00028097
324	0.92262	0.074034	0.0030007	0.00034356
325	0.91186	0.084798	0.0029616	0.00037571
326	0.90735	0.089321	0.0029436	0.0003867
327	0.90772	0.088954	0.0029431	0.00038019
328	0.87783	0.11885	0.0028412	0.00047517
329	0.85816	0.13853	0.0027735	0.00053607
330	0.84536	0.15134	0.0027289	0.00057412
331	0.84015	0.15655	0.002709	0.00058738
332	0.84105	0.15566	0.0027097	0.00058
333	0.84822	0.1485	0.0027321	0.00055077
334	0.86113	0.13559	0.0027757	0.0005005
335	0.88531	0.11142	0.0028597	0.00040978
336	0.92727	0.069469	0.0030073	0.00025537
337	0.94617	0.050578	0.0030696	0.00018622
338	0.94572	0.051028	0.0030628	0.00018623
339	0.94916	0.047602	0.0030692	0.00017305
340	0.94767	0.049097	0.0030588	0.00017681
341	0.94992	0.046853	0.0030608	0.00016803
342	0.95506	0.041722	0.0030731	0.00014923
343	0.95619	0.040593	0.0030711	0.00014453
344	0.96012	0.03667	0.0030789	0.00013023
345	0.96885	0.027952	0.0031028	9.9794e-05
346	0.96665	0.030156	0.0030891	0.00010685
347	0.95906	0.037749	0.0030577	0.00013174
348	0.95469	0.042125	0.0030373	0.00014576
349	0.95301	0.043809	0.0030261	0.00015076
350	0.9549	0.041931	0.0030264	0.00014418
351	0.9595	0.037332	0.003036	0.00012854
352	0.95942	0.037422	0.0030302	0.00012838
353	0.96171	0.035139	0.0030324	0.00012033
354	0.96798	0.028873	0.0030475	9.9378e-05
355	0.96299	0.033872	0.0030257	0.00011543
356	0.96082	0.036046	0.0030134	0.00012212
357	0.96116	0.035706	0.0030096	0.00012054
358	0.95705	0.039825	0.0029917	0.00013325
359	0.94453	0.052352	0.0029474	0.00017242
360	0.93656	0.060328	0.002918	0.00019688
361	0.93358	0.06331	0.0029041	0.00020574
362	0.93375	0.063143	0.0029005	0.00020445
363	0.9371	0.059804	0.0029073	0.00019292
364	0.94555	0.051353	0.0029301	0.00016528
365	0.95871	0.0382	0.0029683	0.00012239
366	0.98214	0.01477	0.0030389	4.7077e-05
367	0.98066	0.016255	0.0030296	5.1499e-05
368	0.98091	0.016011	0.003026	5.0452e-05
369	0.98367	0.013262	0.00303	4.1676e-05
370	0.98434	0.012597	0.0030273	3.9521e-05
371	0.9868	0.010134	0.0030304	3.1706e-05
372	0.98747	0.0094683	0.0030278	2.9582e-05
373	0.98979	0.0071609	0.0030304	2.2316e-05
374	0.99484	0.002116	0.0030414	6.708e-06
375	0.99328	0.0036723	0.003032	1.1553e-05
376	0.99293	0.0040326	0.0030265	1.265e-05
377	0.99372	0.0032486	0.0030247	1.0184e-05
378	0.99344	0.0035284	0.0030195	1.1064e-05
379	0.99197	0.0050002	0.0030108	1.56e-05
380	0.98066	0.016314	0.0029714	5.0747e-05
381	0.97322	0.023762	0.0029443	7.3658e-05
382	0.9587	0.038285	0.0028952	0.00011862
383	0.95104	0.045954	0.002867	0.0001425
384	0.94697	0.050029	0.0028503	0.00015505
385	0.94687	0.050125	0.0028456	0.00015554
386	0.94944	0.047564	0.0028493	0.00014782
387	0.95497	0.042039	0.0028622	0.00013099
388	0.95542	0.041587	0.0028598	0.00012952
389	0.95145	0.045563	0.0028442	0.00014143
390	0.93989	0.057129	0.002806	0.00017609
391	0.8636	0.13342	0.0025713	0.00040719
392	0.81001	0.18702	0.0024072	0.00056788
393	0.77922	0.21781	0.0023111	0.00066036
394	0.75842	0.23861	0.002246	0.00072202
395	0.74824	0.24879	0.0022125	0.00075205
396	0.74382	0.25322	0.0021967	0.00076446
397	0.74636	0.25069	0.0022014	0.00075638
398	0.75384	0.24321	0.0022211	0.00073332
399	0.75096	0.24609	0.0022103	0.00074089
400	0.75269	0.24436	0.0022137	0.00073448
401	0.75925	0.2378	0.0022318	0.00071342
402	0.77466	0.2224	0.0022759	0.00066626
403	0.77971	0.21736	0.0022887	0.00065039
404	0.79046	0.2066	0.0023188	0.00061726
405	0.81191	0.18516	0.0023803	0.00055276
406	0.84982	0.14725	0.0024897	0.00044028
407	0.90414	0.092931	0.0026485	0.00027849
408	0.98394	0.013134	0.0028846	3.9574e-05
409	0.99657	0.00051016	0.0029198	1.55e-06
410	0.99473	0.0023466	0.0029119	6.9315e-06
411	0.99399	0.003089	0.0029073	9.0618e-06
412	0.99231	0.0047729	0.0028998	1.3978e-05
413	0.99222	0.0048679	0.0028969	1.4283e-05
414	0.99369	0.0034003	0.0028984	1.0076e-05
415	0.9916	0.0054926	0.0028898	1.6249e-05
416	0.99092	0.0061803	0.0028854	1.8239e-05
417	0.99189	0.0052041	0.0028858	1.5408e-05
418	0.99102	0.0060783	0.002881	1.7964e-05
419	0.98878	0.0083207	0.0028719	2.4609e-05
420	0.98803	0.0090769	0.0028675	2.683e-05
421	0.98867	0.0084378	0.0028672	2.4916e-05
422	0.99089	0.0062192	0.0028718	1.8317e-05
423	0.99135	0.0057568	0.0028714	1.684e-05
424	0.99074	0.0063713	0.0028677	1.8549e-05
425	0.99182	0.0053	0.0028689	1.5414e-05
426	0.99485	0.0022673	0.0028755	6.6661e-06
427	0.99621	0.00091382	0.0028775	2.7167e-06
428	0.99596	0.0011654	0.002875	3.4473e-06
429	0.99649	0.0006309	0.0028749	1.8748e-06
430	0.99321	0.0039169	0.0028635	1.1583e-05
431	0.9861	0.011022	0.0028411	3.2404e-05
432	0.98166	0.015465	0.0028267	4.5318e-05
433	0.97949	0.01764	0.0028191	5.1538e-05
434	0.97986	0.017275	0.0028187	5.0481e-05
435	0.98287	0.014265	0.0028258	4.1872e-05
436	0.98293	0.014204	0.0028246	4.173e-05
437	0.9723	0.024831	0.0027925	7.2552e-05
438	0.96683	0.030309	0.0027751	8.8566e-05
439	0.96401	0.033129	0.0027657	9.673e-05
440	0.96447	0.032667	0.0027657	9.5497e-05
441	0.96835	0.02879	0.0027753	8.4552e-05
442	0.9443	0.052839	0.0027023	0.00015613
443	0.9279	0.069246	0.0026525	0.00020461
444	0.91758	0.079561	0.002621	0.00023484
445	0.89596	0.10119	0.002556	0.00029865
446	0.88154	0.11561	0.0025126	0.00034086
447	0.87475	0.12239	0.0024913	0.000361
448	0.85527	0.14188	0.0024332	0.00041797
449	0.84542	0.15173	0.0024029	0.00044709
450	0.84071	0.15644	0.002388	0.00046094
451	0.84046	0.1567	0.0023864	0.00046165
452	0.84462	0.15253	0.0023979	0.00044935
453	0.85337	0.14379	0.002423	0.00042357
454	0.86831	0.12885	0.0024666	0.00037937
455	0.8916	0.10555	0.0025353	0.00031014
456	0.93208	0.06508	0.0026539	0.00019097
457	0.81711	0.18005	0.0023247	0.00051963
458	0.73861	0.25855	0.0021017	0.00074214
459	0.68349	0.31366	0.0019463	0.00089714
460	0.57634	0.42081	0.0016423	0.0012006
461	0.51361	0.48354	0.0014631	0.0013794
462	0.47717	0.51998	0.0013581	0.0014838
463	0.38951	0.60764	0.001108	0.0017335
464	0.33828	0.65888	0.00096078	0.0018802
465	0.30247	0.69469	0.00085866	0.0019819
466	0.28235	0.71481	0.00080072	0.0020394
467	0.2693	0.72786	0.00076347	0.0020763
468	0.2643	0.73286	0.00074882	0.0020905
469	0.26596	0.7312	0.00075287	0.0020861
470	0.25635	0.74081	0.00072515	0.0021134
471	0.25404	0.74312	0.00071796	0.0021202
472	0.24082	0.75634	0.00067922	0.0021586
473	0.23349	0.76367	0.00065777	0.0021797
474	0.23058	0.76659	0.0006492	0.002188
475	0.18181	0.81535	0.00050894	0.002328
476	0.14745	0.84972	0.00041082	0.0024259
477	0.12336	0.87381	0.00034254	0.002494
478	0.10989	0.88727	0.000304	0.0025323
479	0.10145	0.89572	0.00028001	0.0025562
480	0.078819	0.91834	0.00021647	0.0026197
481	0.06293	0.93423	0.00017219	0.0026641
482	0.051871	0.94529	0.00014162	0.0026947
483	0.044314	0.95285	0.00012092	0.0027156
484	0.039597	0.95757	0.0001082	0.0027286
485	0.037903	0.95926	0.00010369	0.0027333
486	0.03796	0.9592	0.00010416	0.0027331
487	0.033608	0.96355	9.2207e-05	0.0027453
488	0.032018	0.96514	8.7805e-05	0.00275
489	0.031839	0.96532	8.7432e-05	0.0027507
490	0.027405	0.96976	7.503e-05	0.0027634
491	0.024801	0.97236	6.7844e-05	0.0027709
492	0.023502	0.97366	6.4365e-05	0.0027748
493	0.018082	0.97908	4.955e-05	0.0027901
494	0.015188	0.98197	4.1583e-05	0.0027985
495	0.014024	0.98314	3.8329e-05	0.0028023
496	0.013775	0.98338	3.7683e-05	0.0028034
497	0.014919	0.98224	4.0832e-05	0.0028008
498	0.01713	0.98003	4.7025e-05	0.0027951
499	0.021583	0.97557	5.935e-05	0.0027834
500	0.029542	0.96761	8.1217e-05	0.002762
501	0.040787	0.95637	0.00011237	0.0027315
502	0.060073	0.93708	0.00016542	0.002679
503	0.067773	0.92938	0.00018628	0.0026587
504	0.081973	0.91518	0.00022463	0.0026208
505	0.10232	0.89483	0.00028011	0.0025659
506	0.13126	0.8659	0.00035965	0.002487
507	0.17365	0.82351	0.00047718	0.0023702
508	0.23359	0.76356	0.00064465	0.0022036
509	0.33541	0.66174	0.00092719	0.0019218
510	0.48388	0.51327	0.0013426	0.0015072
511	0.50212	0.49503	0.0013942	0.0014566
512	0.52966	0.46749	0.0014728	0.001379
513	0.57791	0.41924	0.0016093	0.0012435
514	0.64909	0.34805	0.0018123	0.0010416
515	0.75344	0.2437	0.0021123	0.00074285
516	0.92931	0.067837	0.0026141	0.00024219
517	0.9351	0.062046	0.0026306	0.0002269
518	0.94724	0.049905	0.0026655	0.00019321
519	0.96899	0.028149	0.0027276	0.00013225
520	0.94895	0.048201	0.0026628	0.00018962
521	0.93796	0.059198	0.0026245	0.0002205
522	0.93153	0.065635	0.0026003	0.0002375
523	0.92873	0.06844	0.0025873	0.00024336
524	0.92916	0.068015	0.0025846	0.00023912
525	0.93262	0.064563	0.0025918	0.0002252
526	0.91919	0.077996	0.0025479	0.00026226
527	0.91267	0.084522	0.0025238	0.00027951
528	0.90978	0.087428	0.0025105	0.00028595
529	0.86656	0.13065	0.0023816	0.00040802
530	0.8376	0.15962	0.0022945	0.00048843
531	0.8218	0.17543	0.0022444	0.00053178
532	0.78282	0.21441	0.0021299	0.00063969
533	0.761	0.23624	0.0020633	0.00069957
534	0.7475	0.24974	0.002021	0.00073541
535	0.71784	0.27941	0.001933	0.00081678
536	0.69873	0.29853	0.0018755	0.00086785
537	0.68741	0.30986	0.0018403	0.00089676
538	0.65739	0.33988	0.0017531	0.00097757
539	0.63808	0.35919	0.0016964	0.001028
540	0.62613	0.37115	0.0016605	0.0010579
541	0.62008	0.37721	0.0016411	0.0010713
542	0.62171	0.37558	0.0016424	0.0010639
543	0.63162	0.36568	0.0016659	0.0010343
544	0.61044	0.38687	0.0016042	0.0010899
545	0.59706	0.40026	0.0015643	0.0011237
546	0.58986	0.40746	0.0015417	0.0011404
547	0.56541	0.43192	0.0014735	0.0012029
548	0.55307	0.44426	0.0014373	0.0012332
549	0.54946	0.44787	0.0014243	0.0012403
550	0.55097	0.44637	0.0014253	0.0012335
551	0.55779	0.43956	0.0014409	0.0012123
552	0.57435	0.42301	0.0014819	0.0011656
553	0.60065	0.39671	0.0015494	0.0010925
554	0.63914	0.35822	0.00165	0.00098642
555	0.69445	0.30292	0.0017966	0.00083451
556	0.77321	0.22417	0.0020075	0.00061833
557	0.80689	0.19049	0.0020959	0.00052483
558	0.85539	0.142	0.0022255	0.00039034
559	0.84508	0.15231	0.0021952	0.00041575
560	0.84164	0.15576	0.0021827	0.00042335
561	0.84419	0.15321	0.0021859	0.00041525
562	0.81965	0.17775	0.0021174	0.00047861
563	0.804	0.19341	0.002073	0.00051813
564	0.79699	0.20042	0.0020509	0.00053529
565	0.71855	0.27887	0.0018446	0.00073674
566	0.67296	0.32446	0.0017228	0.00085362
567	0.64148	0.35595	0.0016387	0.00093293
568	0.62464	0.37279	0.001592	0.0009747
569	0.61754	0.3799	0.0015703	0.00099149
570	0.61821	0.37923	0.0015684	0.00098843
571	0.62685	0.37059	0.0015865	0.00096532
572	0.64266	0.3548	0.0016231	0.00092383
573	0.67252	0.32494	0.0016944	0.00084755
574	0.66568	0.33178	0.001673	0.00086415
575	0.66655	0.33092	0.001671	0.00086121
576	0.67298	0.32449	0.0016835	0.00084391
577	0.67025	0.32723	0.0016724	0.0008502
578	0.67245	0.32503	0.0016741	0.00084372
579	0.67986	0.31763	0.0016894	0.0008239
580	0.69691	0.30058	0.0017283	0.00078027
581	0.70078	0.29672	0.0017338	0.00077006
582	0.71051	0.28699	0.0017543	0.00074495
583	0.70882	0.28868	0.0017463	0.00074842
584	0.7144	0.28311	0.0017563	0.00073387
585	0.72612	0.27139	0.001782	0.00070375
586	0.7457	0.25182	0.0018277	0.00065381
587	0.77592	0.2216	0.0019005	0.00057685
588	0.78873	0.2088	0.0019297	0.0005436
589	0.77384	0.22369	0.0018894	0.00057993
590	0.76553	0.232	0.0018661	0.00059943
591	0.76261	0.23492	0.0018565	0.00060524
592	0.76466	0.23288	0.0018598	0.0005984
593	0.77422	0.22333	0.0018816	0.00057294
594	0.79381	0.20374	0.0019282	0.0005226
595	0.82393	0.17362	0.0020019	0.00044536
596	0.86892	0.12863	0.0021139	0.00032986
597	0.93312	0.064439	0.0022758	0.00016461
598	0.96648	0.031079	0.0023576	7.9452e-05
599	0.98399	0.013575	0.0023983	3.5185e-05
600	0.98161	0.015957	0.0023891	4.1021e-05
601	0.97316	0.024413	0.0023651	6.1809e-05
602	0.95627	0.04131	0.0023199	0.00010366
603	0.94539	0.052189	0.0022901	0.00013027
604	0.92353	0.074056	0.0022329	0.00018421
605	0.91152	0.086064	0.0021998	0.00021392
606	0.90423	0.093356	0.0021788	0.00023172
607	0.90243	0.09516	0.002171	0.00023617
608	0.90426	0.093333	0.0021724	0.00023161
609	0.90966	0.087941	0.0021828	0.00021824
610	0.9082	0.089402	0.0021766	0.00022147
611	0.91154	0.086067	0.0021819	0.00021318
612	0.90841	0.089194	0.0021717	0.00022048
613	0.91014	0.08747	0.0021731	0.00021614
614	0.91566	0.081958	0.0021839	0.00020247
615	0.92575	0.071862	0.0022061	0.00017749
616	0.9284	0.069216	0.0022105	0.00017059
617	0.93441	0.063216	0.0022232	0.00015539
618	0.9355	0.06212	0.0022237	0.00015232
619	0.9396	0.058028	0.0022317	0.00014188
620	0.94916	0.04847	0.0022527	0.00011833
621	0.95305	0.044582	0.0022597	0.00010874
622	0.94219	0.055447	0.0022317	0.00013433
623	0.9355	0.062134	0.0022138	0.0001498
624	0.93359	0.064049	0.0022071	0.00015406
625	0.93591	0.061735	0.0022104	0.00014837
626	0.94168	0.05596	0.0022221	0.00013428
627	0.95175	0.045892	0.0022444	0.00010975
628	0.94832	0.049331	0.0022342	0.00011762
629	0.94759	0.050057	0.0022306	0.00011898
630	0.95074	0.046909	0.002236	0.00011126
631	0.95866	0.038991	0.0022526	9.2409e-05
632	0.95385	0.043803	0.0022388	0.00010374
633	0.95183	0.045828	0.0022319	0.00010837
634	0.95235	0.045309	0.0022312	0.00010691
635	0.95678	0.040886	0.0022395	9.6376e-05
636	0.96636	0.031305	0.0022596	7.3916e-05
637	0.97054	0.02713	0.0022669	6.4235e-05
638	0.97794	0.019729	0.002282	4.6915e-05
639	0.98925	0.008424	0.0023064	2.0318e-05
640	0.98672	0.010954	0.0022981	2.6452e-05
641	0.98046	0.017222	0.002281	4.1453e-05
642	0.97676	0.020917	0.0022702	5.0221e-05
643	0.9675	0.030185	0.0022465	7.2033e-05
644	0.96199	0.035698	0.002232	8.4841e-05
645	0.96028	0.037403	0.0022262	8.8817e-05
646	0.95457	0.043112	0.0022108	0.00010233
647	0.95201	0.045683	0.002203	0.00010833
648	0.95309	0.044605	0.0022036	0.00010588
649	0.89621	0.10148	0.0020683	0.00023943
650	0.86326	0.13443	0.0019888	0.00031719
651	0.84149	0.15621	0.0019362	0.00036805
652	0.79052	0.20718	0.0018164	0.00048635
653	0.76137	0.23633	0.0017468	0.00055429
654	0.74254	0.25516	0.0017019	0.00059763
655	0.69674	0.30096	0.0015954	0.00070269
656	0.67089	0.32681	0.0015345	0.00076215
657	0.65461	0.3431	0.0014962	0.00079904
658	0.64784	0.34987	0.0014795	0.00081425
659	0.64627	0.35144	0.0014752	0.00081726
660	0.65017	0.34754	0.0014837	0.00080741
661	0.65956	0.33815	0.0015053	0.00078464
662	0.67972	0.31799	0.0015516	0.00073718
663	0.71636	0.28135	0.0016354	0.00065209
664	0.77086	0.22686	0.0017614	0.00052488
665	0.86339	0.13433	0.0019742	0.00031083
666	0.91163	0.08609	0.0020837	0.00020004
667	0.91596	0.081762	0.0020927	0.00018991
668	0.89955	0.098165	0.0020544	0.00022717
669	0.889	0.10872	0.0020297	0.00025083
670	0.88496	0.11276	0.0020197	0.00025983
671	0.88627	0.11145	0.0020217	0.00025669
672	0.89322	0.10451	0.0020364	0.00024083
673	0.90496	0.09276	0.0020624	0.0002138
674	0.92665	0.071074	0.0021107	0.0001644
675	0.95813	0.039596	0.0021818	9.2246e-05
676	0.97314	0.024585	0.0022155	5.7603e-05
677	0.97947	0.018257	0.0022295	4.2876e-05
678	0.98963	0.0081016	0.0022525	1.9105e-05
679	0.99032	0.0074092	0.0022534	1.7491e-05
680	0.98942	0.0083129	0.0022507	1.9544e-05
681	0.99035	0.0073833	0.0022521	1.7418e-05
682	0.98952	0.0082093	0.0022495	1.9331e-05
683	0.99005	0.0076844	0.0022503	1.8092e-05
684	0.99199	0.0057455	0.0022544	1.3548e-05
685	0.99557	0.0021598	0.0022625	5.1328e-06
686	0.99746	0.0002723	0.0022667	6.8082e-07
687	0.99765	7.846e-05	0.0022668	2.6728e-07
688	0.997	0.00072885	0.0022642	2.687e-06
689	0.99585	0.0018922	0.0022534	5.1891e-06
690	0.99335	0.0044001	0.0022397	1.0772e-05
691	0.9922	0.0055566	0.0022293	1.3208e-05
692	0.99265	0.0051178	0.0022224	1.2027e-05
693	0.99442	0.003351	0.0022188	7.7747e-06
694	0.99523	0.0025535	0.0022127	5.8528e-06
695	0.99535	0.0024439	0.0022049	5.5447e-06
696	0.99491	0.002885	0.0021958	6.5017e-06
697	0.99329	0.0045128	0.0021843	1.006e-05
698	0.99324	0.0045695	0.0021761	1.0166e-05
699	0.99211	0.0057072	0.0021657	1.2618e-05
700	0.99228	0.0055526	0.0021584	1.2194e-05
701	0.99415	0.0036887	0.0021547	8.0844e-06
702	0.9949	0.0029407	0.0021484	6.4605e-06
703	0.99472	0.0031296	0.0021403	6.8574e-06
704	0.99561	0.0022479	0.0021347	4.9147e-06
705	0.9977	0.00016892	0.0021319	3.6997e-07
706	0.99673	0.0011474	0.0021223	2.4893e-06
707	0.99662	0.0012615	0.0021148	2.7301e-06
708	0.99736	0.00052767	0.0021093	1.1488e-06
709	0.91118	0.086714	0.0019197	0.00018384
710	0.86076	0.13714	0.0018061	0.00029053
711	0.82563	0.17228	0.0017263	0.00036356
712	0.75754	0.24038	0.0015767	0.00050625
713	0.70986	0.28807	0.0014718	0.00060434
714	0.68284	0.31509	0.0014102	0.00065914
715	0.62816	0.36978	0.0012903	0.00077218
716	0.59142	0.40653	0.0012095	0.00084625
717	0.56639	0.43156	0.001154	0.00089514
718	0.55079	0.44717	0.0011186	0.00092407
719	0.54481	0.45316	0.0011027	0.00093341
720	0.54663	0.45134	0.0011025	0.00092698
721	0.53799	0.45998	0.0010807	0.00094207
722	0.53485	0.46313	0.0010706	0.0009457
723	0.53683	0.46116	0.0010711	0.00093881
724	0.54715	0.45085	0.001088	0.00091543
725	0.56516	0.43285	0.0011205	0.00087657
726	0.59345	0.40456	0.0011738	0.00081698
727	0.6361	0.36192	0.0012564	0.00072835
728	0.70969	0.28834	0.0013995	0.00057904
729	0.81754	0.18049	0.0016119	0.0003607
730	0.87384	0.12419	0.0017188	0.00024764
731	0.88052	0.11752	0.0017266	0.00023377
732	0.89204	0.106	0.001744	0.00021027
733	0.9098	0.088254	0.001774	0.00017437
734	0.94108	0.056974	0.0018301	0.00011237
735	0.98592	0.012143	0.001913	2.3585e-05
736	0.98689	0.011184	0.0019091	2.1597e-05
737	0.99024	0.0078399	0.0019097	1.5061e-05
738	0.99689	0.0011912	0.0019164	2.2931e-06
739	0.99647	0.0016134	0.0019097	3.0899e-06
740	0.9956	0.0024955	0.001902	4.7789e-06
741	0.99594	0.0021594	0.0018965	4.1532e-06
742	0.99337	0.0047332	0.0018854	9.1663e-06
743	0.99219	0.0059257	0.0018771	1.1463e-05
744	0.99224	0.00588	0.0018713	1.1358e-05
745	0.99097	0.0071488	0.0018632	1.3734e-05
746	0.98774	0.010394	0.0018512	1.9904e-05
747	0.98624	0.011899	0.0018427	2.27e-05
748	0.98204	0.016103	0.0018294	3.0507e-05
749	0.97993	0.018211	0.0018201	3.4294e-05
750	0.98036	0.017787	0.0018155	3.3397e-05
751	0.98278	0.015374	0.0018148	2.8748e-05
752	0.98846	0.0096978	0.00182	1.8138e-05
753	0.99752	0.00064748	0.0018317	1.22e-06
754	0.99777	0.00039906	0.001827	7.488e-07
755	0.99796	0.00021963	0.0018223	4.0954e-07
756	0.99814	3.9683e-05	0.0018177	7.3687e-08
757	0.99679	0.0013933	0.0018105	2.5395e-06
758	0.99641	0.001784	0.0018052	3.2275e-06
759	0.99711	0.0010822	0.0018017	1.9541e-06
760	0.99618	0.0020178	0.0017953	3.6555e-06
761	0.99622	0.0019898	0.0017907	3.5929e-06
762	0.99717	0.0010433	0.0017879	1.862e-06
763	0.99632	0.0018934	0.0017817	3.3774e-06
764	0.99661	0.0016102	0.0017774	2.8802e-06
765	0.99786	0.00036124	0.001775	6.4853e-07
766	0.99791	0.00031449	0.0017706	5.6063e-07
767	0.99718	0.0010522	0.0017647	1.8777e-06
768	0.99564	0.0025996	0.0017575	4.6087e-06
769	0.99543	0.0028081	0.0017526	4.9838e-06
770	0.99627	0.0019804	0.0017497	3.5112e-06
771	0.99658	0.0016753	0.0017457	2.9845e-06
772	0.99634	0.0019158	0.001741	3.4101e-06
773	0.99539	0.00287	0.0017351	5.0767e-06
774	0.99544	0.002823	0.0017311	4.9671e-06
775	0.99682	0.0014453	0.0017293	2.5602e-06
776	0.996	0.002276	0.0017238	4.0085e-06
777	0.99615	0.002125	0.0017202	3.7272e-06
778	0.99726	0.0010236	0.0017183	1.7814e-06
779	0.99795	0.00033361	0.0017156	5.8106e-07
780	0.99777	0.00051369	0.0017116	8.8412e-07
781	0.99755	0.00074074	0.0017074	1.276e-06
782	0.99807	0.00022332	0.0017045	3.818e-07
783	0.99804	0.00026073	0.0017007	4.4659e-07
784	0.99713	0.0011703	0.0016955	1.9872e-06
785	0.99723	0.0010766	0.0016919	1.8317e-06
786	0.99814	0.00017212	0.0016899	2.905e-07
787	0.9983	1.5291e-05	0.0016864	2.6293e-08
788	0.99795	0.00036231	0.0016821	6.3671e-07
789	0.99826	6.0439e-05	0.001679	1.3763e-07
790	0.99801	0.00031899	0.0016745	8.7351e-07
791	0.99772	0.00062361	0.0016591	1.2778e-06
792	0.99719	0.0011643	0.0016436	2.1293e-06
793	0.99607	0.0023022	0.0016273	3.9768e-06
794	0.99596	0.0024216	0.001613	4.102e-06
795	0.99681	0.0015906	0.0016006	2.6591e-06
796	0.99718	0.0012349	0.0015872	2.0495e-06
797	0.99713	0.0012978	0.0015735	2.126e-06
798	0.9966	0.0018416	0.0015587	2.9944e-06
799	0.99075	0.0076985	0.0015359	1.2289e-05
800	0.97888	0.019582	0.001504	3.0806e-05
801	0.95426	0.044217	0.0014532	6.8552e-05
802	0.89816	0.10033	0.0013558	0.00015313
803	0.86568	0.13283	0.0012949	0.00020109
804	0.84423	0.15429	0.0012519	0.00023137
805	0.83073	0.1678	0.0012216	0.00024919
806	0.82517	0.17337	0.001203	0.00025521
807	0.82588	0.17267	0.0011935	0.0002521
808	0.83306	0.16551	0.0011929	0.00023983
809	0.84867	0.14991	0.0012039	0.000216
810	0.87301	0.12559	0.001227	0.00018015
811	0.87106	0.12754	0.0012128	0.00018164
812	0.8747	0.12392	0.0012061	0.0001754
813	0.88256	0.11607	0.0012055	0.0001634
814	0.88216	0.11648	0.0011937	0.00016277
815	0.88573	0.11293	0.0011876	0.00015665
816	0.89377	0.10489	0.0011878	0.0001445
817	0.88069	0.11799	0.0011597	0.00016078
818	0.87496	0.12373	0.0011416	0.00016711
819	0.87315	0.12555	0.001129	0.00016805
820	0.86429	0.13442	0.001107	0.00017827
821	0.86026	0.13847	0.0010918	0.00018195
822	0.86013	0.13861	0.001082	0.00018046
823	0.85086	0.14789	0.0010608	0.00019046
824	0.84825	0.15051	0.0010481	0.000192
825	0.84961	0.14916	0.0010405	0.0001885
826	0.85734	0.14145	0.0010406	0.00017726
827	0.87363	0.12516	0.0010508	0.00015588
828	0.89794	0.10087	0.0010706	0.000125
829	0.90752	0.091295	0.0010725	0.00011227
830	0.92258	0.076247	0.0010811	9.3057e-05
831	0.94492	0.053916	0.0010985	6.5279e-05
832	0.95422	0.044624	0.0011	5.3469e-05
833	0.958	0.040859	0.0010947	4.8475e-05
834	0.96489	0.033978	0.0010931	3.9874e-05
835	0.97808	0.020799	0.0010986	2.4209e-05
836	0.98379	0.015098	0.0010954	1.736e-05
837	0.99457	0.0043239	0.0010976	4.9308e-06
838	0.9936	0.0053035	0.0010864	5.9588e-06
839	0.9942	0.0047224	0.0010767	5.2763e-06
840	0.99359	0.0053387	0.0010659	5.9e-06
841	0.99423	0.0047085	0.0010567	5.1559e-06
842	0.99612	0.0028266	0.001049	3.0727e-06
843	0.99674	0.0022165	0.0010402	2.3778e-06
844	0.99442	0.0045468	0.0010281	4.7902e-06
845	0.99381	0.0051632	0.0010177	5.4035e-06
846	0.99444	0.0045465	0.0010088	4.7281e-06
847	0.99383	0.0051619	0.00099881	5.3087e-06
848	0.99205	0.0069514	0.00098754	7.0856e-06
849	0.99163	0.0073819	0.00097785	7.4567e-06
850	0.99252	0.006505	0.00096965	6.515e-06
851	0.99482	0.0042154	0.00096301	4.1881e-06
852	0.9988	0.0002379	0.00095816	2.3266e-07
853	0.99898	7.1783e-05	0.00094943	6.9369e-08
854	0.99652	0.0025356	0.00093799	2.4349e-06
855	0.97943	0.019637	0.00091298	1.8557e-05
856	0.96784	0.031235	0.00089366	2.9153e-05
857	0.96187	0.037219	0.00087957	3.4434e-05
858	0.95877	0.040325	0.00086841	3.6941e-05
859	0.9592	0.039908	0.00086036	3.6252e-05
860	0.9621	0.037014	0.00085471	3.3325e-05
861	0.96783	0.031294	0.00085171	2.7902e-05
862	0.97903	0.020103	0.00085328	1.783e-05
863	0.99613	0.0030102	0.00086007	2.7108e-06
864	0.99615	0.0029942	0.00085194	2.6764e-06
865	0.99117	0.0079789	0.00083964	6.9699e-06
866	0.98838	0.010779	0.00082947	9.2927e-06
867	0.98737	0.011797	0.00082103	1.0053e-05
868	0.988	0.011179	0.00081415	9.4181e-06
869	0.99094	0.0082459	0.00080906	6.9007e-06
870	0.9921	0.0070905	0.00080237	5.9059e-06
871	0.99198	0.0072173	0.00079452	5.988e-06
872	0.99006	0.0091464	0.00078538	7.5213e-06
873	0.98962	0.0095941	0.00077761	7.8263e-06
874	0.99061	0.0086141	0.00077113	6.9833e-06
875	0.99022	0.00901	0.00076345	7.259e-06
876	0.99132	0.0079128	0.00075711	6.3549e-06
877	0.99408	0.0051646	0.00075218	4.179e-06
878	0.99499	0.0042589	0.00074595	3.455e-06
879	0.98299	0.016265	0.0007298	1.2788e-05
880	0.97656	0.022707	0.00071798	1.7718e-05
881	0.97303	0.02624	0.00070863	2.0313e-05
882	0.9719	0.027373	0.00070129	2.1042e-05
883	0.97286	0.026428	0.00069563	2.0208e-05
884	0.97015	0.029138	0.00068743	2.2054e-05
885	0.96966	0.029636	0.00068101	2.2242e-05
886	0.9509	0.048407	0.00066161	3.5538e-05
887	0.90807	0.091236	0.00062566	6.5511e-05
888	0.8141	0.18521	0.000555	0.00013032
889	0.60063	0.39869	0.00040415	0.00027542
890	0.45431	0.54501	0.00030219	0.00037173
891	0.35409	0.64524	0.00023325	0.00043511
892	0.2953	0.70404	0.00019236	0.00047041
893	0.25537	0.74398	0.00016475	0.00049251
894	0.22757	0.77178	0.00014558	0.00050625
895	0.17131	0.82805	0.00010832	0.00053804
896	0.13154	0.86782	8.2343e-05	0.00055862
897	0.10846	0.8909	6.7107e-05	0.00056844
898	0.095516	0.90385	5.8364e-05	0.00057173
899	0.087334	0.91204	5.2789e-05	0.00057193
900	0.082432	0.91695	4.9354e-05	0.00057006
901	0.080224	0.91916	4.7638e-05	0.00056652
902	0.081922	0.91747	4.8242e-05	0.00056065
903	0.087929	0.91147	5.1339e-05	0.00055226
904	0.072462	0.92694	4.1755e-05	0.00055661
905	0.06221	0.9372	3.544e-05	0.00055776
906	0.057062	0.94235	3.2126e-05	0.00055588
907	0.054255	0.94516	3.0236e-05	0.00055265
908	0.054674	0.94475	3.0164e-05	0.00054757
909	0.057307	0.94212	3.1357e-05	0.00054129
910	0.062254	0.93718	3.384e-05	0.00053379
911	0.070461	0.92898	3.8123e-05	0.00052455
912	0.083109	0.91633	4.4839e-05	0.00051294
913	0.075967	0.92348	4.0668e-05	0.00051227
914	0.071776	0.92768	3.8175e-05	0.00050999
915	0.071435	0.92802	3.7732e-05	0.00050563
916	0.074846	0.92462	3.9256e-05	0.00049929
917	0.081029	0.91844	4.2258e-05	0.00049152
918	0.093112	0.90636	4.8267e-05	0.00048072
919	0.095614	0.90386	4.9206e-05	0.00047506
920	0.10139	0.89809	5.1871e-05	0.00046773
921	0.1133	0.88619	5.7602e-05	0.00045732
922	0.13082	0.86867	6.6192e-05	0.0004441
923	0.16151	0.83799	8.1245e-05	0.00042439
924	0.21363	0.78586	0.00010665	0.00039432
925	0.23919	0.76031	0.00011825	0.00037801
926	0.27727	0.72224	0.00013591	0.00035571
927	0.34214	0.65738	0.00016606	0.00032089
928	0.45163	0.54789	0.00021666	0.00026559
929	0.61142	0.3881	0.00029065	0.00018699
930	0.67786	0.32167	0.00031946	0.00015364
931	0.79127	0.20827	0.00036936	9.9153e-05
932	0.84268	0.15686	0.0003898	7.4221e-05
933	0.91592	0.083615	0.00042019	3.9424e-05
934	0.92457	0.074974	0.00042025	3.5031e-05
935	0.93875	0.060801	0.00042292	2.8122e-05
936	0.96394	0.035609	0.00043038	1.637e-05
937	0.96643	0.033125	0.00042731	1.5102e-05
938	0.96505	0.034509	0.0004226	1.5561e-05
939	0.96691	0.032658	0.00041925	1.4604e-05
940	0.9656	0.033974	0.00041445	1.5062e-05
941	0.96672	0.032857	0.0004108	1.4444e-05
942	0.97023	0.029348	0.00040827	1.28e-05
943	0.96978	0.029807	0.00040411	1.2858e-05
944	0.96599	0.033594	0.00039849	1.4328e-05
945	0.9656	0.033989	0.00039425	1.4374e-05
946	0.96749	0.03211	0.00039103	1.347e-05
947	0.96551	0.034085	0.00038633	1.4141e-05
948	0.966	0.033605	0.00038273	1.3793e-05
949	0.96881	0.030795	0.00038014	1.2505e-05
950	0.97573	0.023882	0.00037909	9.6315e-06
951	0.98644	0.013173	0.00037959	5.2929e-06
952	0.99101	0.0086129	0.00037767	3.4374e-06
953	0.99846	0.0011652	0.00037695	4.7295e-07
954	0.9982	0.0014261	0.00037324	5.6756e-07
955	0.99413	0.0055043	0.00036817	2.1132e-06
956	0.99191	0.0077184	0.0003639	2.9236e-06
957	0.99125	0.0083869	0.0003603	3.142e-06
958	0.95959	0.04005	0.00034526	1.4764e-05
959	0.88819	0.11146	0.00031621	4.046e-05
960	0.83805	0.1616	0.00029545	5.7933e-05
961	0.80316	0.19649	0.00028054	6.9619e-05
962	0.78381	0.21584	0.00027116	7.5735e-05
963	0.77452	0.22514	0.00026531	7.8283e-05
964	0.77253	0.22713	0.00026197	7.8287e-05
965	0.77548	0.22419	0.0002604	7.6588e-05
966	0.78376	0.2159	0.00026069	7.3091e-05
967	0.7986	0.20107	0.0002632	6.7435e-05
968	0.82631	0.17336	0.00026977	5.7676e-05
969	0.86649	0.13318	0.00028039	4.394e-05
