#coord	neutral	conserved	gBGC.neutral	gBGC.conserved
1	0.78189	0.21801	7.5177e-05	2.1103e-05
2	0.78975	0.21015	7.3786e-05	1.9749e-05
3	0.80341	0.1965	7.2963e-05	1.7897e-05
4	0.82925	0.17066	7.3093e-05	1.505e-05
5	0.87461	0.1253	7.468e-05	1.0701e-05
6	0.95176	0.048158	7.8526e-05	4.0453e-06
7	0.96183	0.03809	7.674e-05	3.1083e-06
8	0.97703	0.022897	7.5385e-05	1.8159e-06
9	0.99917	0.00075316	7.4568e-05	5.9391e-08
10	0.99914	0.00078624	7.2074e-05	5.9669e-08
11	0.99883	0.0010954	6.9631e-05	7.962e-08
12	0.9993	0.00062953	6.7312e-05	4.4671e-08
13	0.99855	0.0013814	6.4982e-05	9.3139e-08
14	0.99867	0.0012657	6.2782e-05	8.2303e-08
15	0.99963	0.00030738	6.0697e-05	1.9552e-08
16	0.99962	0.0003195	5.8609e-05	1.9493e-08
17	0.99961	0.00033415	5.6586e-05	1.9643e-08
18	0.99957	0.00037194	5.4621e-05	2.1092e-08
19	0.99831	0.0016338	5.2652e-05	8.7952e-08
20	0.9982	0.0017444	5.0709e-05	9.1685e-08
21	0.99742	0.0025282	4.8787e-05	1.2838e-07
22	0.99568	0.0042681	4.688e-05	2.0762e-07
23	0.99522	0.004738	4.5095e-05	2.2118e-07
24	0.99304	0.0069141	4.3287e-05	3.0735e-07
25	0.99228	0.0076761	4.1594e-05	3.2552e-07
26	0.99293	0.0070317	4.0012e-05	2.8321e-07
27	0.99554	0.004422	3.8471e-05	1.6764e-07
28	0.99677	0.0031961	3.6835e-05	1.1366e-07
29	0.99929	0.00067651	3.5288e-05	1.7009e-08
30	0.99852	0.0014401	3.5377e-05	4.6269e-08
31	0.99714	0.0028229	3.5427e-05	9.8435e-08
32	0.99681	0.0031556	3.5529e-05	1.1252e-07
33	0.99749	0.0024781	3.568e-05	8.9918e-08
34	0.99725	0.0027102	3.5813e-05	9.9371e-08
35	0.99269	0.0072695	3.5768e-05	2.7038e-07
36	0.99007	0.0098985	3.5808e-05	3.6949e-07
37	0.97009	0.029871	3.5177e-05	1.1243e-06
38	0.95697	0.042996	3.482e-05	1.6199e-06
39	0.94846	0.051499	3.465e-05	1.9422e-06
40	0.94356	0.056401	3.4627e-05	2.1299e-06
41	0.9419	0.058062	3.4742e-05	2.1959e-06
42	0.94302	0.056946	3.4976e-05	2.1558e-06
43	0.93852	0.061438	3.5017e-05	2.322e-06
44	0.92746	0.072498	3.4796e-05	2.735e-06
45	0.92079	0.079171	3.4751e-05	2.9854e-06
46	0.91771	0.082256	3.4855e-05	3.1014e-06
47	0.88225	0.11771	3.3708e-05	4.4294e-06
48	0.86207	0.13789	3.3096e-05	5.2068e-06
49	0.81394	0.18602	3.1454e-05	7.0277e-06
50	0.70708	0.29288	2.7654e-05	1.1021e-05
51	0.64401	0.35595	2.5411e-05	1.3443e-05
52	0.59995	0.40001	2.3897e-05	1.5148e-05
53	0.56958	0.43038	2.2907e-05	1.634e-05
54	0.55336	0.4466	2.242e-05	1.7015e-05
55	0.51581	0.48415	2.1146e-05	1.8491e-05
56	0.49498	0.50498	2.0471e-05	1.9355e-05
57	0.48248	0.51748	2.013e-05	1.9897e-05
58	0.45353	0.54643	1.9133e-05	2.1081e-05
59	0.39469	0.60527	1.6945e-05	2.3445e-05
60	0.3605	0.63946	1.5679e-05	2.4874e-05
61	0.33715	0.66281	1.4852e-05	2.5875e-05
62	0.32181	0.67815	1.4351e-05	2.6558e-05
63	0.31554	0.68442	1.4198e-05	2.6882e-05
64	0.31642	0.68353	1.4332e-05	2.6907e-05
65	0.32472	0.67524	1.4776e-05	2.6611e-05
66	0.33964	0.66032	1.5534e-05	2.6011e-05
67	0.36777	0.63219	1.6875e-05	2.4817e-05
68	0.4099	0.59006	1.8894e-05	2.2956e-05
69	0.40923	0.59073	1.8987e-05	2.301e-05
70	0.39809	0.60187	1.8631e-05	2.3499e-05
71	0.39523	0.60473	1.8606e-05	2.3645e-05
72	0.39986	0.60009	1.8894e-05	2.3467e-05
73	0.41001	0.58995	1.9445e-05	2.3035e-05
74	0.43125	0.56871	2.0486e-05	2.21e-05
75	0.46387	0.53609	2.2085e-05	2.0621e-05
76	0.47463	0.52533	2.2707e-05	2.0128e-05
77	0.49693	0.50302	2.385e-05	1.9102e-05
78	0.53113	0.46883	2.5591e-05	1.749e-05
79	0.52704	0.47292	2.5576e-05	1.7622e-05
80	0.52809	0.47186	2.5798e-05	1.7527e-05
81	0.53442	0.46553	2.6276e-05	1.7187e-05
82	0.54679	0.45317	2.7063e-05	1.6552e-05
83	0.57154	0.42841	2.8439e-05	1.5313e-05
84	0.60792	0.39204	3.0437e-05	1.3464e-05
85	0.62511	0.37484	3.2989e-05	1.4067e-05
86	0.65719	0.34276	3.6237e-05	1.3934e-05
87	0.7128	0.28715	4.0674e-05	1.2568e-05
88	0.79199	0.20795	4.6677e-05	9.7132e-06
89	0.83301	0.16693	5.118e-05	8.3106e-06
90	0.90304	0.096893	5.7402e-05	5.1397e-06
91	0.91225	0.087683	6.0594e-05	4.9489e-06
92	0.91374	0.086192	6.3493e-05	5.1687e-06
93	0.90984	0.090087	6.5977e-05	5.7513e-06
94	0.90932	0.090606	6.8771e-05	6.1093e-06
95	0.91211	0.087809	7.1899e-05	6.2197e-06
96	0.92048	0.079436	7.5413e-05	5.8916e-06
97	0.93384	0.06608	7.9472e-05	5.107e-06
98	0.95777	0.042147	8.4412e-05	3.386e-06
99	0.99886	0.0010512	9.0863e-05	9.9671e-08
100	0.98509	0.014813	9.2459e-05	1.5995e-06
101	0.97755	0.022354	9.4581e-05	2.5184e-06
102	0.97408	0.025816	9.7053e-05	3.0344e-06
103	0.973	0.026899	9.9871e-05	3.2994e-06
104	0.97484	0.025056	0.00010295	3.2472e-06
105	0.97919	0.020705	0.00010643	2.8965e-06
106	0.97409	0.025794	0.00010881	3.7342e-06
107	0.96197	0.037914	0.00011023	5.6306e-06
108	0.95416	0.045719	0.00011229	6.9888e-06
109	0.95101	0.048865	0.00011489	7.7445e-06
110	0.94108	0.058795	0.00011652	9.5832e-06
111	0.91692	0.082952	0.00011586	1.3809e-05
112	0.74153	0.25834	9.0059e-05	4.3281e-05
113	0.62146	0.3784	7.2378e-05	6.4739e-05
114	0.5367	0.46316	5.9879e-05	8.1105e-05
115	0.47706	0.5228	5.1129e-05	9.3809e-05
116	0.44279	0.55706	4.6191e-05	0.00010266
117	0.42415	0.5757	4.3662e-05	0.00010906
118	0.41324	0.58661	4.2395e-05	0.0001143
119	0.41073	0.58911	4.2367e-05	0.00011825
120	0.41591	0.58393	4.3381e-05	0.00012113
121	0.42674	0.57309	4.5187e-05	0.00012329
122	0.42479	0.57503	4.5156e-05	0.00012738
123	0.42783	0.57199	4.5923e-05	0.00013075
124	0.42106	0.57876	4.4855e-05	0.00013591
125	0.41947	0.58035	4.4706e-05	0.00014024
126	0.42285	0.57696	4.5386e-05	0.00014383
127	0.41354	0.58627	4.4263e-05	0.00014542
128	0.38991	0.6099	4.0805e-05	0.00014933
129	0.37795	0.62186	3.9065e-05	0.0001515
130	0.34754	0.65227	3.4409e-05	0.00015661
131	0.32774	0.67207	3.1408e-05	0.0001601
132	0.27825	0.72156	2.6392e-05	0.0001629
133	0.24359	0.75622	2.2957e-05	0.00016418
134	0.22398	0.77583	2.1025e-05	0.00016392
135	0.21167	0.78814	1.9908e-05	0.00016291
136	0.17861	0.82121	1.6705e-05	0.00016401
137	0.15988	0.83994	1.4901e-05	0.00016371
138	0.14788	0.85195	1.3817e-05	0.00016272
139	0.14088	0.85895	1.3291e-05	0.00016122
140	0.13788	0.86195	1.3246e-05	0.00015929
141	0.13844	0.86139	1.3681e-05	0.00015692
142	0.14265	0.85718	1.4666e-05	0.00015404
143	0.15111	0.84872	1.6355e-05	0.00015049
144	0.16424	0.83559	1.8816e-05	0.00014618
145	0.18773	0.8121	2.3074e-05	0.00014006
146	0.19521	0.80463	2.4426e-05	0.00013684
147	0.2077	0.79214	2.6633e-05	0.00013281
148	0.23117	0.76868	3.0656e-05	0.00012694
149	0.26507	0.73478	3.6497e-05	0.00011929
150	0.28035	0.7195	3.8918e-05	0.00011504
151	0.28449	0.71536	3.9424e-05	0.00011269
152	0.29357	0.70628	4.073e-05	0.00010957
153	0.31247	0.68738	4.3549e-05	0.00010492
154	0.31696	0.68289	4.4057e-05	0.00010263
155	0.32987	0.66999	4.5813e-05	9.9061e-05
156	0.35083	0.64903	4.8864e-05	9.4245e-05
157	0.38285	0.61701	5.371e-05	8.7679e-05
158	0.43858	0.56128	6.2174e-05	7.7471e-05
159	0.52042	0.47944	7.48e-05	6.3148e-05
160	0.56167	0.4382	8.0559e-05	5.5664e-05
161	0.57768	0.42219	8.2354e-05	5.219e-05
162	0.55991	0.43995	7.9695e-05	5.3217e-05
163	0.54921	0.45066	7.7958e-05	5.3366e-05
164	0.54693	0.45294	7.7229e-05	5.248e-05
165	0.55244	0.44743	7.7494e-05	5.0574e-05
166	0.56726	0.43261	7.9002e-05	4.7397e-05
167	0.59123	0.40865	8.1867e-05	4.2912e-05
168	0.60101	0.39887	8.3466e-05	4.2543e-05
169	0.57241	0.42747	8.0161e-05	4.7119e-05
170	0.51407	0.48581	7.251e-05	5.6018e-05
171	0.40145	0.59842	5.6736e-05	7.3016e-05
172	0.3244	0.67547	4.6063e-05	8.4949e-05
173	0.27904	0.72083	3.9734e-05	9.2518e-05
174	0.25289	0.74698	3.6085e-05	9.739e-05
175	0.23589	0.76397	3.3797e-05	0.00010093
176	0.19969	0.80018	2.8533e-05	0.00010743
177	0.17533	0.82454	2.5051e-05	0.00011219
178	0.1593	0.84056	2.2818e-05	0.00011572
179	0.14931	0.85055	2.1485e-05	0.00011839
180	0.14354	0.85632	2.0778e-05	0.00012046
181	0.14311	0.85675	2.0815e-05	0.00012177
182	0.1479	0.85196	2.1579e-05	0.00012234
183	0.15712	0.84273	2.3013e-05	0.00012227
184	0.17508	0.82477	2.567e-05	0.00012096
185	0.16593	0.83392	2.4447e-05	0.00012356
186	0.16137	0.83849	2.3932e-05	0.00012549
187	0.16236	0.83749	2.4222e-05	0.0001266
188	0.16695	0.8329	2.5081e-05	0.00012717
189	0.17841	0.82143	2.695e-05	0.00012672
190	0.17896	0.82089	2.7226e-05	0.00012788
191	0.17133	0.82852	2.619e-05	0.00013035
192	0.16771	0.83213	2.5802e-05	0.00013219
193	0.16766	0.83218	2.5998e-05	0.00013349
194	0.17338	0.82646	2.7077e-05	0.00013388
195	0.18649	0.81335	2.9296e-05	0.00013312
196	0.18985	0.80999	2.9979e-05	0.00013387
197	0.19734	0.80249	3.1363e-05	0.00013396
198	0.20987	0.78996	3.3611e-05	0.00013321
199	0.22895	0.77088	3.7004e-05	0.00013136
200	0.26295	0.73688	4.2826e-05	0.00012706
201	0.31314	0.68669	5.1518e-05	0.00011993
202	0.33398	0.66584	5.5521e-05	0.00011753
203	0.3658	0.63403	6.1559e-05	0.00011313
204	0.41158	0.58824	7.0256e-05	0.00010613
205	0.47903	0.52079	8.315e-05	9.4969e-05
206	0.57468	0.42514	0.00010165	7.8251e-05
207	0.7359	0.26391	0.00013235	4.9309e-05
208	0.97115	0.028663	0.00017799	5.4828e-06
209	0.97304	0.02678	0.00018006	5.185e-06
210	0.96201	0.037803	0.00017974	7.3335e-06
211	0.72109	0.27872	0.00013463	5.4235e-05
212	0.55053	0.44928	0.00010286	8.7856e-05
213	0.42983	0.56997	8.0512e-05	0.0001121
214	0.34449	0.65531	6.4831e-05	0.00012973
215	0.29416	0.70564	5.5527e-05	0.00014096
216	0.25894	0.74087	4.9139e-05	0.00014931
217	0.23458	0.76522	4.4852e-05	0.00015561
218	0.22152	0.77828	4.2663e-05	0.00015979
219	0.2142	0.78559	4.1633e-05	0.00016286
220	0.19173	0.80806	3.7575e-05	0.00016901
221	0.13931	0.86048	2.7494e-05	0.00018123
222	0.10836	0.89143	2.1454e-05	0.00018939
223	0.086586	0.9132	1.7237e-05	0.00019577
224	0.074148	0.92564	1.4816e-05	0.00020033
225	0.065776	0.93401	1.3228e-05	0.0002041
226	0.060464	0.93932	1.2271e-05	0.00020729
227	0.058911	0.94087	1.2066e-05	0.0002097
228	0.060619	0.93916	1.2534e-05	0.00021142
229	0.057077	0.9427	1.1837e-05	0.00021429
230	0.055886	0.94389	1.1665e-05	0.00021668
231	0.056654	0.94312	1.1936e-05	0.00021867
232	0.060892	0.93888	1.2954e-05	0.0002199
233	0.068169	0.9316	1.469e-05	0.00022045
234	0.079097	0.92067	1.7313e-05	0.00022017
235	0.095575	0.90418	2.1311e-05	0.00021856
236	0.12394	0.87582	2.8079e-05	0.00021416
237	0.16546	0.83429	3.8186e-05	0.00020648
238	0.23555	0.76421	5.5108e-05	0.00019196
239	0.33776	0.66199	8.0347e-05	0.00016918
240	0.35013	0.64962	8.406e-05	0.00016789
241	0.37419	0.62556	9.0599e-05	0.00016376
242	0.41061	0.58913	0.00010041	0.00015641
243	0.46286	0.53688	0.00011452	0.00014482
244	0.48399	0.51575	0.00012108	0.00014085
245	0.52229	0.47745	0.00013206	0.00013243
246	0.57914	0.42059	0.00014827	0.00011885
247	0.60765	0.39209	0.00015713	0.00011258
248	0.6506	0.34913	0.00017016	0.00010222
249	0.64831	0.35142	0.00017116	0.00010396
250	0.63447	0.36525	0.00016874	0.00010908
251	0.62739	0.37233	0.00016832	0.00011229
252	0.62559	0.37413	0.00016947	0.00011399
253	0.63145	0.36826	0.00017274	0.00011354
254	0.6438	0.35591	0.00017804	0.00011114
255	0.66441	0.3353	0.00018597	0.0001062
256	0.67025	0.32946	0.00018952	0.00010559
257	0.68247	0.31723	0.00019515	0.000103
258	0.70284	0.29686	0.00020349	9.7791e-05
259	0.70812	0.29158	0.00020738	9.7118e-05
260	0.71898	0.28072	0.00021319	9.4615e-05
261	0.74085	0.25884	0.00022247	8.8587e-05
262	0.77432	0.22537	0.00023586	7.8554e-05
263	0.8242	0.17548	0.00025519	6.2691e-05
264	0.90899	0.090694	0.00028626	3.503e-05
265	0.91962	0.080053	0.00029302	3.1796e-05
266	0.92344	0.076236	0.00029735	3.0924e-05
267	0.93094	0.068724	0.00030314	2.8699e-05
268	0.92147	0.07819	0.00030277	3.2762e-05
269	0.9161	0.083561	0.00030403	3.53e-05
270	0.91418	0.085482	0.0003067	3.6547e-05
271	0.91574	0.083914	0.00031083	3.6464e-05
272	0.89206	0.10759	0.0003051	4.6364e-05
273	0.87916	0.12048	0.00030332	5.2237e-05
274	0.87142	0.12822	0.00030368	5.6101e-05
275	0.8698	0.12984	0.0003063	5.7636e-05
276	0.87382	0.12582	0.00031101	5.701e-05
277	0.88256	0.11707	0.00031775	5.4483e-05
278	0.87141	0.12821	0.00031607	6.0305e-05
279	0.86511	0.13451	0.00031659	6.4061e-05
280	0.86467	0.13494	0.00031945	6.5399e-05
281	0.86843	0.13118	0.00032422	6.4962e-05
282	0.87691	0.1227	0.00033115	6.2509e-05
283	0.87701	0.12259	0.00033471	6.3563e-05
284	0.87034	0.12926	0.00033495	6.7871e-05
285	0.86776	0.13183	0.0003372	7.0298e-05
286	0.87082	0.12876	0.00034186	7.0236e-05
287	0.8804	0.11918	0.00034926	6.7371e-05
288	0.89922	0.10036	0.00036047	6.0616e-05
289	0.87827	0.1213	0.00035125	7.4216e-05
290	0.86444	0.13513	0.0003462	8.377e-05
291	0.8565	0.14307	0.00034459	9.0038e-05
292	0.85294	0.14662	0.00034547	9.3944e-05
293	0.85526	0.1443	0.00034923	9.4902e-05
294	0.86218	0.13737	0.00035541	9.3591e-05
295	0.87469	0.12485	0.00036444	8.9575e-05
296	0.8776	0.12194	0.0003681	8.662e-05
297	0.88459	0.11496	0.00037435	8.114e-05
298	0.89929	0.10025	0.00038545	7.0772e-05
299	0.9213	0.078238	0.00040161	5.5398e-05
300	0.95435	0.045196	0.00042562	3.2251e-05
301	0.94826	0.051281	0.00042409	3.4707e-05
302	0.94657	0.05297	0.00042467	3.5012e-05
303	0.94778	0.051763	0.00042691	3.3728e-05
304	0.94487	0.054664	0.00042681	3.4738e-05
305	0.94496	0.054582	0.00042836	3.4173e-05
306	0.9491	0.050434	0.00043206	3.1415e-05
307	0.948	0.05154	0.00043292	3.1561e-05
308	0.94954	0.049995	0.00043528	3.0282e-05
309	0.9554	0.044135	0.00043994	2.6651e-05
310	0.95584	0.04369	0.00044164	2.6044e-05
311	0.95158	0.047954	0.00044104	2.7825e-05
312	0.95122	0.048314	0.00044228	2.7707e-05
313	0.94546	0.054069	0.00044095	3.0244e-05
314	0.94409	0.055434	0.00044167	3.0689e-05
315	0.94567	0.053852	0.00044399	2.9603e-05
316	0.95043	0.049096	0.00044811	2.6798e-05
317	0.96073	0.038795	0.00045515	2.103e-05
318	0.97625	0.023275	0.00046525	1.2274e-05
319	0.97086	0.028657	0.00046417	1.4644e-05
320	0.96827	0.031246	0.00046451	1.5679e-05
321	0.96884	0.030683	0.0004663	1.522e-05
322	0.95348	0.046037	0.0004609	2.2026e-05
323	0.94539	0.054126	0.00045865	2.564e-05
324	0.92527	0.074246	0.00045112	3.4609e-05
325	0.91447	0.08504	0.00044763	3.9486e-05
326	0.90994	0.089575	0.00044692	4.1542e-05
327	0.9103	0.089206	0.00044844	4.1319e-05
328	0.88032	0.11919	0.00043445	5.6155e-05
329	0.86059	0.13892	0.00042567	6.5864e-05
330	0.84774	0.15176	0.00042035	7.2164e-05
331	0.84251	0.15699	0.00041861	7.486e-05
332	0.84341	0.15609	0.00041975	7.4625e-05
333	0.85059	0.14891	0.00042385	7.1391e-05
334	0.86354	0.13597	0.00043092	6.5257e-05
335	0.88777	0.11173	0.00044334	5.3727e-05
336	0.92984	0.069661	0.00046416	3.3762e-05
337	0.94878	0.050718	0.00047384	2.4887e-05
338	0.94833	0.051168	0.00047439	2.5241e-05
339	0.95177	0.047732	0.00047679	2.3707e-05
340	0.95027	0.049231	0.00047684	2.4583e-05
341	0.95252	0.046981	0.00047869	2.362e-05
342	0.95766	0.041835	0.0004821	2.1171e-05
343	0.95879	0.040703	0.00048343	2.0751e-05
344	0.96273	0.036769	0.00048628	1.888e-05
345	0.97147	0.028028	0.00049145	1.4648e-05
346	0.96926	0.030237	0.00049102	1.5974e-05
347	0.96164	0.037851	0.0004878	2.0166e-05
348	0.95725	0.042238	0.00048639	2.2612e-05
349	0.95556	0.043926	0.00048649	2.3609e-05
350	0.95745	0.042042	0.00048838	2.278e-05
351	0.96206	0.037431	0.0004918	2.0493e-05
352	0.96197	0.037521	0.00049285	2.064e-05
353	0.96425	0.035231	0.00049527	1.9496e-05
354	0.97053	0.028949	0.00049972	1.6281e-05
355	0.96552	0.033961	0.0004982	1.9096e-05
356	0.96334	0.03614	0.00049833	2.0351e-05
357	0.96368	0.0358	0.00049993	2.0222e-05
358	0.95955	0.039929	0.00049922	2.2483e-05
359	0.94699	0.052489	0.0004941	2.9233e-05
360	0.93899	0.060484	0.00049152	3.3524e-05
361	0.936	0.063474	0.00049148	3.5214e-05
362	0.93617	0.063306	0.00049328	3.5167e-05
363	0.93951	0.059958	0.00049694	3.3342e-05
364	0.94798	0.051484	0.00050333	2.8739e-05
365	0.96117	0.038298	0.00051252	2.1414e-05
366	0.98466	0.014808	0.00052735	8.4064e-06
367	0.98317	0.016296	0.00052825	9.264e-06
368	0.98341	0.016052	0.00053021	9.1495e-06
369	0.98616	0.013295	0.00053349	7.6696e-06
370	0.98683	0.012629	0.00053553	7.3716e-06
371	0.9893	0.01016	0.00053869	6.0437e-06
372	0.98996	0.0094921	0.00054077	5.7509e-06
373	0.99227	0.0071789	0.00054389	4.5076e-06
374	0.99733	0.0021213	0.00054847	1.7449e-06
375	0.99577	0.0036815	0.00054652	2.4335e-06
376	0.99541	0.0040426	0.00054535	2.4394e-06
377	0.9962	0.0032567	0.00054492	1.7695e-06
378	0.99592	0.0035372	0.00054382	1.7322e-06
379	0.99444	0.0050126	0.00054226	2.2311e-06
380	0.9831	0.016354	0.00053661	6.7664e-06
381	0.97564	0.023821	0.00053274	9.5969e-06
382	0.96107	0.03838	0.00052931	1.8173e-05
383	0.95338	0.046067	0.0005295	2.3025e-05
384	0.94929	0.050152	0.0005319	2.5845e-05
385	0.94919	0.050247	0.00053637	2.6513e-05
386	0.95175	0.04768	0.00054249	2.5685e-05
387	0.95729	0.042141	0.00055045	2.3174e-05
388	0.95773	0.041687	0.00055589	2.3364e-05
389	0.95374	0.045672	0.00055896	2.6102e-05
390	0.94214	0.057266	0.00055768	3.3392e-05
391	0.86567	0.13374	0.0005162	8.0787e-05
392	0.81193	0.18746	0.00048845	0.00011462
393	0.78107	0.21832	0.0004739	0.00013516
394	0.76021	0.23918	0.0004656	0.00014962
395	0.75	0.24938	0.00046357	0.00015772
396	0.74556	0.25381	0.00046535	0.0001622
397	0.74809	0.25127	0.00047135	0.00016237
398	0.75559	0.24377	0.0004808	0.00015925
399	0.75269	0.24666	0.00048387	0.00016273
400	0.75443	0.24492	0.00049018	0.00016313
401	0.76099	0.23835	0.00050001	0.00016021
402	0.77642	0.22291	0.00051573	0.00015129
403	0.78148	0.21785	0.00052437	0.00014935
404	0.79225	0.20707	0.00053732	0.00014331
405	0.81374	0.18557	0.00055763	0.00012981
406	0.85173	0.14758	0.0005894	0.00010476
407	0.90616	0.093139	0.00063381	6.7247e-05
408	0.98613	0.013163	0.0006982	9.9927e-06
409	0.99877	0.00051129	0.00071481	7.3565e-07
410	0.99693	0.0023518	0.00071476	2.3495e-06
411	0.99619	0.0030958	0.00071571	3.0633e-06
412	0.9945	0.0047834	0.00071567	4.7105e-06
413	0.9944	0.0048786	0.00071689	5.0462e-06
414	0.99587	0.0034078	0.00071928	4.1473e-06
415	0.99377	0.0055046	0.00071585	5.5679e-06
416	0.99309	0.0061939	0.00071365	5.8702e-06
417	0.99407	0.0052155	0.0007127	4.854e-06
418	0.99319	0.0060916	0.00071031	5.3852e-06
419	0.99095	0.0083389	0.00070677	7.0124e-06
420	0.99019	0.0090968	0.00070447	7.4955e-06
421	0.99083	0.0084563	0.00070333	6.9075e-06
422	0.99306	0.0062329	0.00070351	5.0959e-06
423	0.99352	0.0057695	0.00070242	4.6586e-06
424	0.99291	0.0063853	0.00070041	5.0771e-06
425	0.99398	0.0053116	0.00069958	4.2698e-06
426	0.99703	0.0022723	0.0007001	2.0504e-06
427	0.99838	0.00091582	0.00069945	1.0926e-06
428	0.99814	0.001168	0.00069224	1.1373e-06
429	0.99868	0.00063229	0.00068586	5.762e-07
430	0.9954	0.0039255	0.00067648	2.8868e-06
431	0.98828	0.011046	0.00066476	7.7693e-06
432	0.98383	0.0155	0.0006552	1.0698e-05
433	0.98166	0.017679	0.00064747	1.2014e-05
434	0.98203	0.017313	0.00064131	1.1651e-05
435	0.98506	0.014297	0.00063673	9.5921e-06
436	0.98512	0.014236	0.00063042	9.4677e-06
437	0.97448	0.024887	0.00061743	1.6213e-05
438	0.969	0.030377	0.00060769	1.9598e-05
439	0.96618	0.033204	0.00059994	2.1189e-05
440	0.96664	0.032741	0.00059412	2.0734e-05
441	0.97054	0.028855	0.00059026	1.8226e-05
442	0.94644	0.052958	0.00056856	3.3434e-05
443	0.93	0.069403	0.0005523	4.3393e-05
444	0.91967	0.079742	0.0005403	4.9301e-05
445	0.898	0.10142	0.00052132	6.2093e-05
446	0.88355	0.11587	0.00050724	7.0156e-05
447	0.87675	0.12267	0.00049767	7.3608e-05
448	0.85723	0.1422	0.000481	8.4355e-05
449	0.84737	0.15208	0.00046997	8.9375e-05
450	0.84265	0.1568	0.00046225	9.1262e-05
451	0.8424	0.15706	0.00045733	9.0535e-05
452	0.84658	0.15288	0.0004551	8.7297e-05
453	0.85534	0.14412	0.00045556	8.1519e-05
454	0.87032	0.12914	0.00045961	7.2316e-05
455	0.89368	0.1058	0.00046845	5.8499e-05
456	0.93425	0.065232	0.00048623	3.5647e-05
457	0.81901	0.18047	0.00042166	9.506e-05
458	0.74034	0.25915	0.0003777	0.00013402
459	0.68509	0.3144	0.00034674	0.00016013
460	0.5777	0.4218	0.00029002	0.00021192
461	0.51482	0.48468	0.00025586	0.00024109
462	0.4783	0.52121	0.00023505	0.00025684
463	0.39043	0.60908	0.0001899	0.00029706
464	0.33908	0.66044	0.00016291	0.00031907
465	0.30319	0.69633	0.00014415	0.00033295
466	0.28302	0.71651	0.000133	0.00033918
467	0.26994	0.72959	0.00012554	0.00034182
468	0.26493	0.73461	0.00012183	0.00034067
469	0.26659	0.73295	0.00012113	0.00033646
470	0.25696	0.74258	0.00011543	0.00033737
471	0.25465	0.7449	0.00011301	0.00033495
472	0.2414	0.75816	0.00010562	0.00033746
473	0.23405	0.76551	0.00010112	0.0003372
474	0.23113	0.76843	9.871e-05	0.00033494
475	0.18225	0.81732	7.6291e-05	0.00035265
476	0.1478	0.85177	6.076e-05	0.00036357
477	0.12366	0.87592	5.0028e-05	0.00036977
478	0.11016	0.88943	4.3811e-05	0.00037143
479	0.10169	0.89789	3.9861e-05	0.00037092
480	0.079011	0.92058	3.0401e-05	0.00037602
481	0.063084	0.93651	2.3878e-05	0.00037826
482	0.051998	0.9476	1.9412e-05	0.00037852
483	0.044423	0.95518	1.6404e-05	0.0003774
484	0.039694	0.95992	1.4547e-05	0.00037522
485	0.037996	0.96162	1.3808e-05	0.00037189
486	0.038053	0.96156	1.3756e-05	0.00036796
487	0.033691	0.96593	1.2056e-05	0.00036564
488	0.032097	0.96753	1.1358e-05	0.0003623
489	0.031918	0.96771	1.1202e-05	0.00035849
490	0.027472	0.97216	9.4998e-06	0.0003562
491	0.024863	0.97478	8.501e-06	0.00035329
492	0.023561	0.97608	7.9919e-06	0.00034996
493	0.018127	0.98152	6.109e-06	0.00034808
494	0.015226	0.98442	5.0848e-06	0.00034532
495	0.014059	0.98559	4.6431e-06	0.00034195
496	0.01381	0.98585	4.5294e-06	0.00033832
497	0.014956	0.9847	4.8637e-06	0.00033423
498	0.017173	0.98249	5.5583e-06	0.00032985
499	0.021637	0.97803	6.9494e-06	0.00032475
500	0.029617	0.97006	9.4025e-06	0.00031856
501	0.04089	0.95879	1.288e-05	0.00031141
502	0.060225	0.93945	1.8734e-05	0.00030187
503	0.067945	0.93174	2.0825e-05	0.00029605
504	0.082182	0.91751	2.4758e-05	0.00028837
505	0.10258	0.89711	3.0475e-05	0.00027898
506	0.13159	0.8681	3.8675e-05	0.00026718
507	0.17409	0.82561	5.0787e-05	0.00025154
508	0.23419	0.76552	6.7975e-05	0.00023089
509	0.33627	0.66343	9.6666e-05	0.00019871
510	0.48513	0.51458	0.0001386	0.00015337
511	0.50341	0.49631	0.00014232	0.00014634
512	0.53102	0.4687	0.00014874	0.00013669
513	0.5794	0.42032	0.00016072	0.00012143
514	0.65077	0.34895	0.00017915	9.9818e-05
515	0.75539	0.24433	0.00020689	6.898e-05
516	0.93171	0.068013	0.00025352	1.9217e-05
517	0.93752	0.062206	0.00025231	1.7377e-05
518	0.9497	0.050034	0.00025271	1.3876e-05
519	0.97151	0.028222	0.00025548	7.9343e-06
520	0.95141	0.048326	0.00024704	1.3322e-05
521	0.94039	0.059351	0.00024106	1.6188e-05
522	0.93394	0.065805	0.0002365	1.7741e-05
523	0.93113	0.068617	0.00023304	1.8286e-05
524	0.93156	0.068191	0.00023054	1.7971e-05
525	0.93502	0.064729	0.00022891	1.6874e-05
526	0.92156	0.078196	0.00022296	2.0049e-05
527	0.91502	0.084738	0.00021871	2.1471e-05
528	0.91211	0.087651	0.00021548	2.195e-05
529	0.86878	0.13098	0.00020234	3.2294e-05
530	0.83974	0.16003	0.00019306	3.8866e-05
531	0.8239	0.17587	0.00018695	4.2221e-05
532	0.78482	0.21496	0.00017563	5.0863e-05
533	0.76294	0.23684	0.00016837	5.5398e-05
534	0.7494	0.25038	0.00016326	5.7863e-05
535	0.71966	0.28012	0.00015447	6.3974e-05
536	0.7005	0.29929	0.00014833	6.7509e-05
537	0.68915	0.31064	0.00014411	6.9207e-05
538	0.65905	0.34074	0.00013581	7.4941e-05
539	0.63969	0.3601	0.00013008	7.818e-05
540	0.62771	0.37209	0.00012608	7.9762e-05
541	0.62164	0.37815	0.00012342	8.0057e-05
542	0.62328	0.37652	0.00012229	7.8796e-05
543	0.6332	0.3666	0.00012273	7.5918e-05
544	0.61197	0.38784	0.00011685	7.9327e-05
545	0.59855	0.40126	0.00011272	8.1054e-05
546	0.59133	0.40848	0.00010993	8.1497e-05
547	0.56682	0.43299	0.00010398	8.5166e-05
548	0.55445	0.44536	0.00010034	8.6489e-05
549	0.55083	0.44898	9.8317e-05	8.6157e-05
550	0.55234	0.44747	9.7322e-05	8.486e-05
551	0.55918	0.44064	9.7347e-05	8.26e-05
552	0.57577	0.42405	9.9009e-05	7.8669e-05
553	0.60214	0.39769	0.00010241	7.3062e-05
554	0.64072	0.35911	0.00010795	6.5378e-05
555	0.69616	0.30367	0.00011641	5.4831e-05
556	0.77511	0.22472	0.00012892	4.0282e-05
557	0.80888	0.19096	0.00013337	3.3862e-05
558	0.85749	0.14234	0.00014041	2.491e-05
559	0.84716	0.15268	0.00013724	2.6231e-05
560	0.8437	0.15614	0.00013515	2.6427e-05
561	0.84626	0.15358	0.000134	2.5652e-05
562	0.82166	0.17818	0.00012845	2.9238e-05
563	0.80596	0.19388	0.00012449	3.1301e-05
564	0.79893	0.20091	0.00012186	3.1992e-05
565	0.7203	0.27955	0.00010851	4.3465e-05
566	0.6746	0.32525	0.00010025	4.9809e-05
567	0.64304	0.35682	9.4371e-05	5.3828e-05
568	0.62616	0.3737	9.0681e-05	5.5625e-05
569	0.61903	0.38082	8.8416e-05	5.5964e-05
570	0.61971	0.38015	8.7248e-05	5.5176e-05
571	0.62837	0.37149	8.7143e-05	5.3292e-05
572	0.64421	0.35565	8.806e-05	5.0444e-05
573	0.67414	0.32572	9.0736e-05	4.5805e-05
574	0.66729	0.33258	8.8463e-05	4.617e-05
575	0.66815	0.33172	8.7205e-05	4.5487e-05
576	0.6746	0.32527	8.6743e-05	4.4066e-05
577	0.67186	0.32801	8.5017e-05	4.3877e-05
578	0.67407	0.32581	8.3995e-05	4.3034e-05
579	0.68148	0.31839	8.3679e-05	4.1535e-05
580	0.69858	0.3013	8.447e-05	3.8898e-05
581	0.70245	0.29743	8.3552e-05	3.7937e-05
582	0.7122	0.28768	8.3389e-05	3.6277e-05
583	0.71051	0.28937	8.189e-05	3.6003e-05
584	0.7161	0.28379	8.1204e-05	3.4885e-05
585	0.72785	0.27203	8.127e-05	3.3068e-05
586	0.74747	0.25242	8.2255e-05	3.0385e-05
587	0.77777	0.22212	8.4454e-05	2.654e-05
588	0.7906	0.20929	8.4668e-05	2.4727e-05
589	0.77567	0.22422	8.1822e-05	2.6019e-05
590	0.76734	0.23255	7.9797e-05	2.6538e-05
591	0.76442	0.23548	7.8428e-05	2.645e-05
592	0.76647	0.23343	7.7647e-05	2.582e-05
593	0.77604	0.22385	7.7611e-05	2.4415e-05
594	0.79568	0.20422	7.8549e-05	2.2009e-05
595	0.82587	0.17403	8.0594e-05	1.8542e-05
596	0.87097	0.12894	8.4181e-05	1.3579e-05
597	0.93531	0.06459	8.9729e-05	6.6965e-06
598	0.96875	0.031152	9.1879e-05	3.1931e-06
599	0.9863	0.013607	9.2282e-05	1.4049e-06
600	0.98391	0.015995	9.0736e-05	1.609e-06
601	0.97544	0.02447	8.8675e-05	2.371e-06
602	0.9585	0.041407	8.5813e-05	3.9035e-06
603	0.9476	0.052311	8.3603e-05	4.8298e-06
604	0.92568	0.074229	8.0391e-05	6.7282e-06
605	0.91365	0.086265	7.8066e-05	7.7104e-06
606	0.90634	0.093574	7.6235e-05	8.2384e-06
607	0.90454	0.095381	7.4855e-05	8.2865e-06
608	0.90637	0.093551	7.3834e-05	8.0199e-06
609	0.91177	0.088146	7.3146e-05	7.4587e-06
610	0.91031	0.08961	7.1931e-05	7.463e-06
611	0.91366	0.086267	7.1068e-05	7.0876e-06
612	0.91052	0.089401	6.9734e-05	7.2246e-06
613	0.91225	0.087673	6.8749e-05	6.985e-06
614	0.91778	0.082147	6.8096e-05	6.4544e-06
615	0.9279	0.072029	6.7825e-05	5.5819e-06
616	0.93055	0.069376	6.7016e-05	5.2863e-06
617	0.93657	0.063362	6.6489e-05	4.7432e-06
618	0.93767	0.062264	6.5557e-05	4.5788e-06
619	0.94177	0.058162	6.4874e-05	4.1989e-06
620	0.95135	0.048582	6.4535e-05	3.4491e-06
621	0.95525	0.044685	6.3747e-05	3.1217e-06
622	0.94436	0.055575	6.2003e-05	3.7849e-06
623	0.93766	0.062278	6.0593e-05	4.147e-06
624	0.93574	0.064197	5.9472e-05	4.1949e-06
625	0.93806	0.061877	5.8592e-05	3.9753e-06
626	0.94385	0.056088	5.7965e-05	3.5391e-06
627	0.95394	0.045997	5.7636e-05	2.8414e-06
628	0.9505	0.049444	5.6435e-05	2.9912e-06
629	0.94977	0.050172	5.5435e-05	2.9711e-06
630	0.95293	0.047016	5.4632e-05	2.7286e-06
631	0.96086	0.03908	5.4064e-05	2.2257e-06
632	0.95604	0.043904	5.2739e-05	2.4534e-06
633	0.95401	0.045933	5.1613e-05	2.5149e-06
634	0.95453	0.045412	5.0663e-05	2.4331e-06
635	0.95897	0.04098	4.9887e-05	2.151e-06
636	0.96857	0.031377	4.9336e-05	1.6189e-06
637	0.97276	0.027192	4.8465e-05	1.381e-06
638	0.98018	0.019774	4.7782e-05	9.9046e-07
639	0.99151	0.0084432	4.7309e-05	4.2236e-07
640	0.98897	0.010979	4.6122e-05	5.3929e-07
641	0.98269	0.017262	4.4801e-05	8.2639e-07
642	0.97899	0.020964	4.3645e-05	9.7934e-07
643	0.9697	0.030254	4.2284e-05	1.371e-06
644	0.96418	0.035779	4.1138e-05	1.5778e-06
645	0.96247	0.037489	4.0138e-05	1.6158e-06
646	0.95675	0.043211	3.8948e-05	1.8206e-06
647	0.95417	0.045786	3.7931e-05	1.8837e-06
648	0.95525	0.044706	3.7037e-05	1.8e-06
649	0.89825	0.10171	3.3927e-05	3.9631e-06
650	0.86523	0.13474	3.1795e-05	5.1267e-06
651	0.8434	0.15656	3.018e-05	5.8019e-06
652	0.79232	0.20765	2.7602e-05	7.4653e-06
653	0.7631	0.23687	2.5841e-05	8.291e-06
654	0.74422	0.25574	2.4517e-05	8.7059e-06
655	0.69832	0.30165	2.2381e-05	9.955e-06
656	0.67241	0.32756	2.0929e-05	1.0502e-05
657	0.65609	0.34388	1.9846e-05	1.0704e-05
658	0.64931	0.35066	1.9054e-05	1.0597e-05
659	0.64773	0.35224	1.8446e-05	1.0326e-05
660	0.65165	0.34833	1.8017e-05	9.8997e-06
661	0.66106	0.33892	1.7752e-05	9.3282e-06
662	0.68126	0.31872	1.7739e-05	8.4869e-06
663	0.71799	0.28199	1.8093e-05	7.261e-06
664	0.7726	0.22737	1.8864e-05	5.6414e-06
665	0.86535	0.13463	2.0422e-05	3.216e-06
666	0.91369	0.086285	2.0758e-05	1.992e-06
667	0.91803	0.081947	2.007e-05	1.8187e-06
668	0.90159	0.098387	1.8961e-05	2.0875e-06
669	0.89102	0.10896	1.8019e-05	2.2097e-06
670	0.88696	0.11302	1.7199e-05	2.1914e-06
671	0.88828	0.11171	1.6465e-05	2.0678e-06
672	0.89524	0.10474	1.5807e-05	1.8477e-06
673	0.90701	0.09297	1.5242e-05	1.5572e-06
674	0.92875	0.071235	1.4793e-05	1.1306e-06
675	0.9603	0.039686	1.448e-05	5.8898e-07
676	0.97535	0.02464	1.39e-05	3.3597e-07
677	0.98169	0.018298	1.3199e-05	2.2611e-07
678	0.99187	0.0081199	1.2562e-05	7.5536e-08
679	0.99256	0.0074259	1.2714e-05	7.4176e-08
680	0.99166	0.0083317	1.2856e-05	9.0219e-08
681	0.99259	0.0074	1.3008e-05	8.4157e-08
682	0.99176	0.0082278	1.3146e-05	9.884e-08
683	0.99228	0.0077017	1.3308e-05	9.5715e-08
684	0.99423	0.0057585	1.3495e-05	7.3493e-08
685	0.99782	0.0021646	1.3712e-05	2.8343e-08
686	0.99971	0.00027292	1.3917e-05	3.6221e-09
687	0.99991	7.8637e-05	1.4087e-05	1.1145e-09
688	0.99926	0.0007305	1.4253e-05	1.068e-08
689	0.99809	0.0018964	1.442e-05	2.7926e-08
690	0.99558	0.0044099	1.4574e-05	6.5203e-08
691	0.99442	0.005569	1.4755e-05	8.2906e-08
692	0.99486	0.0051291	1.4947e-05	7.7344e-08
693	0.99663	0.0033584	1.5168e-05	5.085e-08
694	0.99743	0.0025591	1.5361e-05	3.9056e-08
695	0.99754	0.0024493	1.5532e-05	3.7894e-08
696	0.99709	0.0028913	1.5679e-05	4.5616e-08
697	0.99546	0.0045227	1.5814e-05	7.2173e-08
698	0.9954	0.0045795	1.5962e-05	7.4247e-08
699	0.99426	0.0057195	1.6101e-05	9.3634e-08
700	0.99442	0.0055646	1.627e-05	9.1678e-08
701	0.99629	0.0036967	1.6454e-05	6.1683e-08
702	0.99704	0.002947	1.6607e-05	5.0154e-08
703	0.99685	0.0031363	1.6753e-05	5.4027e-08
704	0.99773	0.0022527	1.6927e-05	3.9277e-08
705	0.99981	0.00016927	1.7132e-05	3.0007e-09
706	0.99883	0.0011498	1.727e-05	2.0437e-08
707	0.99872	0.0012642	1.7433e-05	2.2698e-08
708	0.99945	0.00052878	1.7621e-05	9.6708e-09
709	0.91309	0.086895	1.6252e-05	1.5607e-06
710	0.86255	0.13743	1.548e-05	2.5028e-06
711	0.82734	0.17264	1.4989e-05	3.1719e-06
712	0.75911	0.24087	1.385e-05	4.476e-06
713	0.71132	0.28866	1.3089e-05	5.4085e-06
714	0.68424	0.31574	1.2686e-05	5.9721e-06
715	0.62945	0.37053	1.1723e-05	7.0843e-06
716	0.59262	0.40736	1.1108e-05	7.8552e-06
717	0.56755	0.43243	1.0721e-05	8.4048e-06
718	0.5519	0.44808	1.0519e-05	8.7765e-06
719	0.54591	0.45407	1.0488e-05	8.9662e-06
720	0.54773	0.45225	1.0598e-05	9.004e-06
721	0.53907	0.46091	1.049e-05	9.2495e-06
722	0.53592	0.46406	1.0497e-05	9.3849e-06
723	0.5379	0.46208	1.0614e-05	9.4165e-06
724	0.54823	0.45175	1.0889e-05	9.2795e-06
725	0.56628	0.4337	1.1333e-05	8.9806e-06
726	0.59462	0.40536	1.2007e-05	8.4593e-06
727	0.63735	0.36263	1.3007e-05	7.6196e-06
728	0.71108	0.2889	1.4653e-05	6.1229e-06
729	0.81914	0.18084	1.7085e-05	3.849e-06
730	0.87555	0.12443	1.8408e-05	2.67e-06
731	0.88223	0.11775	1.8665e-05	2.5455e-06
732	0.89377	0.10621	1.9039e-05	2.3118e-06
733	0.91155	0.088425	1.9565e-05	1.9345e-06
734	0.94289	0.057084	2.0376e-05	1.2593e-06
735	0.98781	0.012166	2.1515e-05	2.6476e-07
736	0.98877	0.011205	2.1666e-05	2.4422e-07
737	0.99212	0.0078548	2.1856e-05	1.7155e-07
738	0.99878	0.0011935	2.2105e-05	2.641e-08
739	0.99836	0.0016164	2.2209e-05	3.5863e-08
740	0.99748	0.0025002	2.2289e-05	5.6029e-08
741	0.99781	0.0021634	2.2383e-05	4.9278e-08
742	0.99524	0.0047421	2.2395e-05	1.1021e-07
743	0.99404	0.0059368	2.2448e-05	1.3896e-07
744	0.99409	0.0058909	2.2539e-05	1.3882e-07
745	0.99282	0.0071621	2.261e-05	1.6883e-07
746	0.98956	0.010413	2.2619e-05	2.4642e-07
747	0.98806	0.011921	2.2679e-05	2.8294e-07
748	0.98384	0.016133	2.2686e-05	3.8216e-07
749	0.98173	0.018245	2.2751e-05	4.3209e-07
750	0.98216	0.017819	2.286e-05	4.2388e-07
751	0.98457	0.015402	2.3029e-05	3.6733e-07
752	0.99026	0.0097154	2.3261e-05	2.3386e-07
753	0.99933	0.00064866	2.3589e-05	1.5948e-08
754	0.99958	0.00039978	2.3714e-05	9.8621e-09
755	0.99976	0.00022002	2.3849e-05	5.4319e-09
756	0.99994	3.9755e-05	2.3996e-05	9.9576e-10
757	0.99858	0.0013958	2.4115e-05	3.4367e-08
758	0.99819	0.0017872	2.4269e-05	4.4138e-08
759	0.99889	0.0010841	2.4436e-05	2.7482e-08
760	0.99795	0.0020213	2.4546e-05	5.2416e-08
761	0.99798	0.0019934	2.4693e-05	5.285e-08
762	0.99893	0.0010451	2.4875e-05	2.9647e-08
763	0.99808	0.0018968	2.4896e-05	5.024e-08
764	0.99836	0.001613	2.4932e-05	4.2478e-08
765	0.99961	0.00036188	2.5005e-05	9.5726e-09
766	0.99966	0.00031504	2.5058e-05	8.1175e-09
767	0.99892	0.001054	2.5076e-05	2.6945e-08
768	0.99737	0.0026041	2.5084e-05	6.6056e-08
769	0.99716	0.002813	2.5111e-05	7.1849e-08
770	0.99799	0.0019839	2.5176e-05	5.087e-08
771	0.9983	0.0016782	2.5214e-05	4.3596e-08
772	0.99806	0.0019191	2.5249e-05	5.0063e-08
773	0.9971	0.0028749	2.5278e-05	7.466e-08
774	0.99715	0.0028278	2.5342e-05	7.325e-08
775	0.99853	0.0014478	2.5427e-05	3.8133e-08
776	0.99769	0.0022798	2.5466e-05	5.9862e-08
777	0.99785	0.0021286	2.5543e-05	5.5875e-08
778	0.99895	0.0010253	2.5655e-05	2.6751e-08
779	0.99964	0.00033417	2.5741e-05	8.7858e-09
780	0.99946	0.00051456	2.5817e-05	1.336e-08
781	0.99923	0.00074199	2.5877e-05	1.9415e-08
782	0.99975	0.0002237	2.5969e-05	5.8196e-09
783	0.99971	0.00026117	2.6031e-05	6.857e-09
784	0.9988	0.0011723	2.6083e-05	3.0539e-08
785	0.9989	0.0010784	2.6146e-05	2.8354e-08
786	0.9998	0.00017241	2.6242e-05	4.4968e-09
787	0.99996	1.5317e-05	2.6303e-05	4.01e-10
788	0.99961	0.00036291	2.6336e-05	9.6967e-09
789	0.99991	6.0539e-05	2.6399e-05	1.6356e-09
790	0.99965	0.00031951	2.6432e-05	8.8513e-09
791	0.99935	0.00062463	2.6476e-05	1.7507e-08
792	0.99881	0.0011662	2.6525e-05	3.2845e-08
793	0.99767	0.0023059	2.6569e-05	6.4845e-08
794	0.99755	0.0024254	2.6653e-05	6.8753e-08
795	0.99838	0.0015931	2.6775e-05	4.6322e-08
796	0.99874	0.0012369	2.6868e-05	3.7733e-08
797	0.99867	0.0012998	2.6962e-05	4.1367e-08
798	0.99813	0.0018444	2.7026e-05	6.1221e-08
799	0.99226	0.0077103	2.6925e-05	2.5616e-07
800	0.98036	0.019611	2.6634e-05	6.5109e-07
801	0.95569	0.044283	2.5935e-05	1.4662e-06
802	0.8995	0.10048	2.4218e-05	3.3104e-06
803	0.86695	0.13302	2.3228e-05	4.4142e-06
804	0.84546	0.15451	2.2611e-05	5.1564e-06
805	0.83193	0.16804	2.2262e-05	5.6422e-06
806	0.82635	0.17362	2.2144e-05	5.8835e-06
807	0.82705	0.17292	2.2201e-05	5.9358e-06
808	0.83423	0.16574	2.2431e-05	5.802e-06
809	0.84985	0.15012	2.2879e-05	5.4368e-06
810	0.87421	0.12576	2.3584e-05	4.8258e-06
811	0.87225	0.12772	2.3508e-05	4.9824e-06
812	0.87589	0.12409	2.3594e-05	4.963e-06
813	0.88374	0.11623	2.3818e-05	4.8159e-06
814	0.88333	0.11664	2.379e-05	4.9305e-06
815	0.88689	0.11308	2.3905e-05	4.9136e-06
816	0.89494	0.10503	2.4173e-05	4.7562e-06
817	0.88183	0.11814	2.3255e-05	4.968e-06
818	0.87608	0.12389	2.254e-05	4.9586e-06
819	0.87426	0.12571	2.1966e-05	4.8276e-06
820	0.86538	0.13459	2.117e-05	4.9005e-06
821	0.86133	0.13864	2.0535e-05	4.8331e-06
822	0.8612	0.13878	2.0028e-05	4.6554e-06
823	0.8519	0.14808	1.9299e-05	4.7165e-06
824	0.84928	0.15069	1.8724e-05	4.6071e-06
825	0.85063	0.14934	1.8267e-05	4.3969e-06
826	0.85836	0.14162	1.795e-05	4.0297e-06
827	0.87467	0.12531	1.7818e-05	3.4599e-06
828	0.89899	0.10099	1.7882e-05	2.7118e-06
829	0.90858	0.091401	1.7558e-05	2.3712e-06
830	0.92365	0.076335	1.7366e-05	1.9147e-06
831	0.946	0.053977	1.7341e-05	1.3084e-06
832	0.95531	0.044675	1.6994e-05	1.0397e-06
833	0.95908	0.040905	1.6491e-05	9.1046e-07
834	0.96597	0.034016	1.606e-05	7.2395e-07
835	0.97916	0.020822	1.5725e-05	4.2562e-07
836	0.98487	0.015114	1.5241e-05	2.9369e-07
837	0.99566	0.0043286	1.4822e-05	8.0316e-08
838	0.99468	0.0053092	1.4162e-05	8.9264e-08
839	0.99526	0.0047275	1.3509e-05	7.4949e-08
840	0.99464	0.0053443	1.2856e-05	7.8554e-08
841	0.99527	0.0047135	1.2238e-05	6.5168e-08
842	0.99716	0.0028296	1.165e-05	3.6994e-08
843	0.99777	0.0022188	1.1059e-05	2.6984e-08
844	0.99544	0.0045515	1.0418e-05	5.0076e-08
845	0.99482	0.0051685	9.7799e-06	5.3375e-08
846	0.99544	0.0045511	9.1714e-06	4.4138e-08
847	0.99482	0.005167	8.5655e-06	4.6514e-08
848	0.99303	0.0069582	7.9342e-06	5.805e-08
849	0.9926	0.0073891	7.3294e-06	5.6982e-08
850	0.99348	0.0065113	6.7478e-06	4.6233e-08
851	0.99577	0.0042195	6.1872e-06	2.7435e-08
852	0.99976	0.00023813	5.6465e-06	1.3375e-09
853	0.99992	7.1851e-05	5.0654e-06	2.5945e-10
854	0.99746	0.0025379	5.1054e-06	1.3306e-08
855	0.98034	0.019655	5.0701e-06	1.0376e-07
856	0.96873	0.031264	5.0644e-06	1.6609e-07
857	0.96274	0.037253	5.0774e-06	2.0002e-07
858	0.95963	0.040361	5.1073e-06	2.1855e-07
859	0.96005	0.039944	5.1462e-06	2.1839e-07
860	0.96295	0.037047	5.2005e-06	2.0428e-07
861	0.96867	0.031321	5.2726e-06	1.7389e-07
862	0.97987	0.020121	5.3653e-06	1.1317e-07
863	0.99698	0.0030128	5.4949e-06	1.7723e-08
864	0.997	0.0029968	5.5314e-06	1.78e-08
865	0.99201	0.0079856	5.5406e-06	4.6773e-08
866	0.98921	0.010788	5.5646e-06	6.3248e-08
867	0.98819	0.011807	5.6013e-06	6.9444e-08
868	0.98881	0.011188	5.6501e-06	6.602e-08
869	0.99174	0.0082526	5.7025e-06	4.916e-08
870	0.9929	0.0070962	5.7346e-06	4.2778e-08
871	0.99277	0.007223	5.7492e-06	4.4094e-08
872	0.99084	0.0091536	5.7556e-06	5.6147e-08
873	0.99039	0.0096015	5.7726e-06	5.9232e-08
874	0.99137	0.0086207	5.8e-06	5.3621e-08
875	0.99098	0.0090169	5.8091e-06	5.6519e-08
876	0.99208	0.0079188	5.8299e-06	5.0245e-08
877	0.99483	0.0051684	5.8634e-06	3.3737e-08
878	0.99573	0.004262	5.8882e-06	2.8408e-08
879	0.98372	0.016277	5.8326e-06	1.0532e-07
880	0.97727	0.022723	5.8015e-06	1.4788e-07
881	0.97374	0.026259	5.7916e-06	1.7173e-07
882	0.9726	0.027393	5.7996e-06	1.8026e-07
883	0.97355	0.026447	5.8225e-06	1.7558e-07
884	0.97084	0.029159	5.825e-06	1.9384e-07
885	0.97034	0.029656	5.8434e-06	1.9795e-07
886	0.95155	0.04844	5.7484e-06	3.1804e-07
887	0.9087	0.091299	5.5043e-06	5.8968e-07
888	0.81466	0.18534	4.9428e-06	1.1812e-06
889	0.60104	0.39896	3.639e-06	2.5163e-06
890	0.45462	0.54538	2.7541e-06	3.4339e-06
891	0.35432	0.64567	2.1547e-06	4.067e-06
892	0.29549	0.7045	1.7968e-06	4.4504e-06
893	0.25553	0.74446	1.5577e-06	4.7153e-06
894	0.22772	0.77227	1.3945e-06	4.9041e-06
895	0.17142	0.82858	1.0481e-06	5.2684e-06
896	0.13163	0.86837	8.0575e-07	5.528e-06
897	0.10853	0.89146	6.6242e-07	5.6812e-06
898	0.095576	0.90442	5.7997e-07	5.7661e-06
899	0.087388	0.91261	5.2865e-07	5.8196e-06
900	0.082483	0.91751	4.9852e-07	5.8511e-06
901	0.080273	0.91972	4.8572e-07	5.8643e-06
902	0.081972	0.91802	4.957e-07	5.8476e-06
903	0.087981	0.91201	5.3067e-07	5.7985e-06
904	0.072505	0.92749	4.3334e-07	5.881e-06
905	0.062247	0.93775	3.6972e-07	5.9293e-06
906	0.057096	0.9429	3.3623e-07	5.9402e-06
907	0.054287	0.94571	3.1777e-07	5.9352e-06
908	0.054705	0.94529	3.178e-07	5.9045e-06
909	0.05734	0.94265	3.3156e-07	5.8596e-06
910	0.062289	0.9377	3.5943e-07	5.7996e-06
911	0.070501	0.92949	4.0719e-07	5.7192e-06
912	0.083155	0.91684	4.8213e-07	5.6112e-06
913	0.076008	0.92399	4.3924e-07	5.6201e-06
914	0.071815	0.92818	4.145e-07	5.6099e-06
915	0.071473	0.92852	4.1109e-07	5.5711e-06
916	0.074886	0.92511	4.2836e-07	5.5044e-06
917	0.081072	0.91892	4.6218e-07	5.4203e-06
918	0.093161	0.90683	5.2797e-07	5.2969e-06
919	0.095664	0.90433	5.3836e-07	5.2284e-06
920	0.10145	0.89855	5.681e-07	5.1402e-06
921	0.11335	0.88664	6.302e-07	5.0123e-06
922	0.13089	0.8691	7.2393e-07	4.8519e-06
923	0.16159	0.8384	8.8595e-07	4.6158e-06
924	0.21374	0.78625	1.1561e-06	4.2641e-06
925	0.23931	0.76068	1.2717e-06	4.0594e-06
926	0.27741	0.72259	1.451e-06	3.7909e-06
927	0.3423	0.65769	1.7551e-06	3.3898e-06
928	0.45185	0.54815	2.26e-06	2.7801e-06
929	0.61171	0.38829	2.9968e-06	1.939e-06
930	0.67818	0.32182	3.2575e-06	1.5752e-06
931	0.79163	0.20836	3.7144e-06	1.0065e-06
932	0.84307	0.15693	3.8663e-06	7.4432e-07
933	0.91634	0.083653	4.111e-06	3.9056e-07
934	0.92499	0.075008	4.0519e-06	3.4179e-07
935	0.93917	0.060829	4.0181e-06	2.6969e-07
936	0.96437	0.035625	4.0184e-06	1.54e-07
937	0.96686	0.03314	3.9082e-06	1.3922e-07
938	0.96547	0.034524	3.7842e-06	1.4027e-07
939	0.96732	0.032672	3.6634e-06	1.2853e-07
940	0.96601	0.033988	3.5207e-06	1.2914e-07
941	0.96713	0.032871	3.3893e-06	1.2042e-07
942	0.97064	0.029361	3.2673e-06	1.0355e-07
943	0.97018	0.029819	3.1324e-06	1.0062e-07
944	0.96639	0.033608	2.9777e-06	1.081e-07
945	0.96599	0.034003	2.8249e-06	1.0426e-07
