#coord	neutral	conserved	gBGC.neutral	gBGC.conserved
1	0.77539	0.2162	0.0065143	0.0019016
2	0.78353	0.20851	0.0062335	0.0017273
3	0.79739	0.19505	0.0060539	0.0015137
4	0.82338	0.16948	0.0059148	0.0012261
5	0.86884	0.12449	0.0058365	0.00084071
6	0.94596	0.047868	0.0058442	0.00032787
7	0.95638	0.037878	0.0054986	0.00024816
8	0.97184	0.022779	0.0052396	0.00014391
9	0.99418	0.00074952	0.0050687	5.1468e-06
10	0.9944	0.00078262	0.0048104	4.9328e-06
11	0.99431	0.0010905	0.0045901	6.1629e-06
12	0.99496	0.00062686	0.0044081	3.4044e-06
13	0.99443	0.0013758	0.0041893	7.1615e-06
14	0.99472	0.0012607	0.0040115	6.5528e-06
15	0.99583	0.00030623	0.0038658	2.2304e-06
16	0.99631	0.00031851	0.0033704	1.6203e-06
17	0.99671	0.00033324	0.0029536	1.3006e-06
18	0.99703	0.00037103	0.0025973	1.1639e-06
19	0.99607	0.0016302	0.0022949	3.9029e-06
20	0.99629	0.001741	0.001966	3.7203e-06
21	0.99579	0.0025241	0.0016839	4.5714e-06
22	0.99436	0.0042625	0.0013673	6.615e-06
23	0.99416	0.004733	0.0011029	6.0335e-06
24	0.99221	0.0069084	0.00087518	6.822e-06
25	0.99164	0.0076715	0.00068188	5.6945e-06
26	0.99245	0.0070287	0.00051988	3.6197e-06
27	0.99524	0.004421	0.00034178	1.1889e-06
28	0.99648	0.0031954	0.00032058	8.6359e-07
29	0.99902	0.00067636	0.00030381	1.7533e-07
30	0.99828	0.0014397	0.00028217	4.0666e-07
31	0.99692	0.0028222	0.00025625	8.097e-07
32	0.99661	0.0031549	0.00023483	8.5819e-07
33	0.9973	0.0024776	0.00021726	6.4447e-07
34	0.99709	0.0027096	0.00020264	6.475e-07
35	0.99255	0.0072682	0.00018365	1.5872e-06
36	0.98993	0.0098968	0.00016819	1.9701e-06
37	0.96998	0.029867	0.00014737	5.3707e-06
38	0.95687	0.04299	0.00013145	6.9141e-06
39	0.94838	0.051492	0.00011882	7.424e-06
40	0.94349	0.056394	0.0001088	7.2936e-06
41	0.94184	0.058055	0.00010122	6.7216e-06
42	0.94296	0.05694	9.5466e-05	5.8352e-06
43	0.93847	0.061432	9.0539e-05	5.4794e-06
44	0.92738	0.072489	0.00011782	8.9331e-06
45	0.92068	0.079157	0.00014953	1.2478e-05
46	0.91756	0.082239	0.00018669	1.5897e-05
47	0.88208	0.11769	0.00021152	2.6907e-05
48	0.86188	0.13785	0.00023357	3.6306e-05
49	0.81373	0.18596	0.00025114	5.5256e-05
50	0.70687	0.29278	0.00025371	9.5702e-05
51	0.6438	0.35581	0.00025843	0.00012936
52	0.59973	0.39984	0.00027182	0.00016007
53	0.56934	0.43017	0.00029335	0.00018907
54	0.5531	0.44638	0.00031451	0.00021355
55	0.51555	0.48388	0.00031879	0.00025008
56	0.4947	0.50469	0.00032604	0.00027934
57	0.48219	0.51716	0.00034231	0.00030593
58	0.45324	0.54607	0.00034296	0.00034375
59	0.39442	0.60485	0.0003156	0.00040545
60	0.36025	0.63899	0.0002996	0.00045195
61	0.3369	0.66231	0.00029469	0.00049234
62	0.32156	0.67761	0.00029876	0.00052916
63	0.31528	0.68385	0.00030655	0.00055828
64	0.31616	0.68295	0.00031787	0.00058006
65	0.32443	0.67464	0.00033356	0.00059376
66	0.33933	0.6597	0.00036038	0.00060214
67	0.36742	0.63158	0.00039784	0.00059596
68	0.4095	0.58947	0.00045817	0.00057324
69	0.40882	0.59012	0.00047098	0.00059372
70	0.39768	0.60123	0.00046841	0.00062542
71	0.39481	0.60407	0.00047156	0.00064734
72	0.39943	0.59943	0.00047992	0.00066011
73	0.40955	0.58928	0.00049879	0.00066777
74	0.43076	0.56805	0.00052635	0.00066268
75	0.46333	0.53545	0.00057344	0.00064446
76	0.47406	0.52469	0.00060232	0.00065073
77	0.49633	0.50239	0.00064147	0.00064213
78	0.53046	0.46821	0.00070487	0.00061676
79	0.52636	0.47228	0.00071437	0.00064032
80	0.52739	0.47121	0.00073691	0.000658
81	0.53369	0.46487	0.00077398	0.00066897
82	0.54601	0.4525	0.00082917	0.00067054
83	0.57069	0.42776	0.00089964	0.00065081
84	0.60697	0.39142	0.0010041	0.0006065
85	0.6241	0.37423	0.0010697	0.0005944
86	0.6561	0.34219	0.0011555	0.00055586
87	0.71159	0.28666	0.001275	0.00047736
88	0.79061	0.20759	0.0014573	0.00034556
89	0.83153	0.16663	0.0015648	0.00028157
90	0.9014	0.096716	0.0017146	0.00016822
91	0.91057	0.08752	0.001755	0.00015724
92	0.91202	0.086029	0.0017939	0.00015885
93	0.9081	0.089914	0.0018144	0.00017162
94	0.90754	0.090427	0.0018524	0.00017724
95	0.91028	0.087632	0.0019092	0.0001755
96	0.9186	0.079272	0.001969	0.00016267
97	0.93187	0.065941	0.0020539	0.00013674
98	0.9557	0.042056	0.002153	8.8091e-05
99	0.99667	0.0010494	0.0022791	4.128e-06
100	0.98287	0.014787	0.0022797	6.0585e-05
101	0.9753	0.022313	0.0022916	9.7022e-05
102	0.97181	0.025766	0.002309	0.0001195
103	0.97067	0.026845	0.0023495	0.00013247
104	0.97247	0.025004	0.0023902	0.00013662
105	0.97675	0.02066	0.0024536	0.0001323
106	0.97161	0.025733	0.0024889	0.00017038
107	0.95954	0.037826	0.0024212	0.00021605
108	0.95176	0.045614	0.0023824	0.00024359
109	0.94864	0.048754	0.002351	0.00025608
110	0.93874	0.058662	0.0023073	0.00029263
111	0.91463	0.082763	0.0022258	0.00037729
112	0.73965	0.25773	0.0016631	0.0009545
113	0.61985	0.37751	0.0013076	0.0013351
114	0.53528	0.46205	0.0010753	0.0016017
115	0.47577	0.52151	0.00092604	0.0017945
116	0.44157	0.55567	0.00083263	0.0019259
117	0.42298	0.57423	0.00077549	0.0020157
118	0.41209	0.58508	0.00074844	0.002085
119	0.40958	0.58755	0.0007383	0.0021321
120	0.41474	0.58236	0.00074222	0.00216
121	0.42553	0.57152	0.00076483	0.0021779
122	0.42362	0.57353	0.00074018	0.0021149
123	0.42667	0.57055	0.00073472	0.0020443
124	0.41994	0.57736	0.00069842	0.0019982
125	0.41837	0.579	0.0006808	0.0019444
126	0.42177	0.57567	0.00068071	0.0018831
127	0.4125	0.58499	0.00065758	0.0018542
128	0.38894	0.60861	0.00060202	0.0018523
129	0.37702	0.62059	0.00056419	0.0018273
130	0.3467	0.65098	0.00048469	0.001837
131	0.32696	0.67078	0.00043513	0.0018271
132	0.27759	0.7202	0.00034279	0.0018684
133	0.24302	0.75481	0.0002831	0.0018847
134	0.22346	0.77442	0.00024384	0.0018762
135	0.21119	0.78673	0.00022056	0.0018597
136	0.1782	0.81976	0.00017131	0.0018757
137	0.15951	0.83848	0.00013951	0.0018705
138	0.14754	0.85048	0.00012027	0.0018596
139	0.14056	0.85749	0.00010965	0.0018465
140	0.13756	0.8605	0.00010553	0.0018331
141	0.13813	0.85995	0.00010709	0.00182
142	0.14233	0.85575	0.00011469	0.0018067
143	0.15077	0.84731	0.00012985	0.0017916
144	0.16388	0.83419	0.00015409	0.0017726
145	0.18733	0.81074	0.00019115	0.0017375
146	0.19479	0.80328	0.0002059	0.00173
147	0.20725	0.7908	0.00023142	0.0017173
148	0.23067	0.76737	0.00027159	0.0016863
149	0.26451	0.73352	0.00033421	0.0016386
150	0.27976	0.71825	0.000361	0.0016229
151	0.2839	0.71411	0.00036589	0.0016252
152	0.29296	0.70504	0.00038226	0.001622
153	0.31182	0.68617	0.00041055	0.0016028
154	0.3163	0.68167	0.00041955	0.0016099
155	0.32918	0.66878	0.00043872	0.0016027
156	0.35009	0.64785	0.00047608	0.0015844
157	0.38204	0.61587	0.00053939	0.0015475
158	0.43767	0.56022	0.00063715	0.0014717
159	0.51934	0.47853	0.00079472	0.0013442
160	0.5605	0.43734	0.00087207	0.0012917
161	0.57651	0.42141	0.00088421	0.0011971
162	0.55881	0.43918	0.00083327	0.0011779
163	0.54815	0.4499	0.00080258	0.0011486
164	0.5459	0.45222	0.00078101	0.0011041
165	0.55143	0.44676	0.0007677	0.0010451
166	0.56626	0.432	0.0007639	0.00097002
167	0.59022	0.40811	0.00078505	0.0008817
168	0.60003	0.39837	0.00076831	0.00082475
169	0.5715	0.42696	0.00071332	0.0008268
170	0.51328	0.48524	0.00061782	0.00086367
171	0.40085	0.59773	0.00045302	0.00096417
172	0.32393	0.6747	0.00035179	0.0010102
173	0.27865	0.72005	0.00028536	0.0010167
174	0.25255	0.74621	0.00023996	0.0009976
175	0.23559	0.76323	0.0002114	0.0009698
176	0.19944	0.79944	0.0001618	0.00095876
177	0.17512	0.82381	0.00013098	0.00093635
178	0.15912	0.83986	0.00011196	0.00090872
179	0.14915	0.84987	0.00010067	0.00087931
180	0.14338	0.85567	9.4401e-05	0.00084971
181	0.14296	0.85614	9.0995e-05	0.00081407
182	0.14775	0.85139	9.0058e-05	0.00077271
183	0.15697	0.8422	9.3598e-05	0.00073218
184	0.17493	0.82428	0.00010085	0.00068475
185	0.16579	0.83346	9.064e-05	0.00065989
186	0.16123	0.83805	8.5132e-05	0.00063497
187	0.16224	0.83708	8.1828e-05	0.00060488
188	0.16682	0.83252	8.1752e-05	0.00057546
189	0.17829	0.82108	8.393e-05	0.00054087
190	0.17884	0.82056	8.0788e-05	0.00051535
191	0.17122	0.82821	7.2199e-05	0.00049241
192	0.16761	0.83186	6.7029e-05	0.00046959
193	0.16757	0.83192	6.46e-05	0.00044727
194	0.17329	0.82622	6.355e-05	0.0004209
195	0.1864	0.81314	6.3899e-05	0.00039039
196	0.18976	0.80982	5.8626e-05	0.00036267
197	0.19726	0.80235	5.5689e-05	0.00033599
198	0.2098	0.78984	5.4993e-05	0.00031013
199	0.22887	0.77078	5.6727e-05	0.00028464
200	0.26288	0.73681	5.9956e-05	0.00025505
201	0.31307	0.68664	6.7233e-05	0.00022454
202	0.33392	0.66581	6.6988e-05	0.00020445
203	0.36574	0.63401	7.0066e-05	0.00018367
204	0.41152	0.58824	7.6819e-05	0.00016133
205	0.47898	0.5208	8.9302e-05	0.00013556
206	0.57463	0.42515	0.00010896	0.00010455
207	0.73587	0.26393	0.00013667	6.2873e-05
208	0.97115	0.028666	0.00018029	7.8854e-06
209	0.97301	0.026781	0.00020493	9.009e-06
210	0.96199	0.037804	0.00019919	1.1154e-05
211	0.72108	0.27872	0.00013788	6.5889e-05
212	0.55052	0.44928	9.865e-05	0.00010044
213	0.42983	0.56997	7.3518e-05	0.00012248
214	0.34449	0.65531	5.7469e-05	0.00013678
215	0.29416	0.70565	4.6438e-05	0.00014398
216	0.25894	0.74088	3.9462e-05	0.00014828
217	0.23458	0.76523	3.5216e-05	0.00015092
218	0.22152	0.7783	3.2052e-05	0.00015055
219	0.21421	0.78561	3.0505e-05	0.00014978
220	0.19173	0.80809	2.7159e-05	0.00015198
221	0.13931	0.86051	2.0039e-05	0.0001591
222	0.10836	0.89146	1.5243e-05	0.00016208
223	0.086588	0.91324	1.2226e-05	0.00016412
224	0.07415	0.92568	1.0185e-05	0.00016342
225	0.065778	0.93405	8.9962e-06	0.00016265
226	0.060465	0.93936	8.4262e-06	0.00016203
227	0.058913	0.94092	8.1645e-06	0.00015937
228	0.060621	0.93922	8.1563e-06	0.00015473
229	0.057079	0.94276	7.1286e-06	0.00014939
230	0.055889	0.94396	6.6367e-06	0.00014444
231	0.056657	0.9432	6.5361e-06	0.00013979
232	0.060896	0.93896	6.6286e-06	0.00013325
233	0.068175	0.93169	7.1856e-06	0.00012708
234	0.079104	0.92077	8.2547e-06	0.00012101
235	0.095585	0.90429	1.0133e-05	0.00011489
236	0.12395	0.87593	1.2773e-05	0.00010631
237	0.16548	0.8344	1.7016e-05	9.689e-05
238	0.23558	0.76432	2.2885e-05	8.4103e-05
239	0.3378	0.6621	3.1945e-05	6.8969e-05
240	0.35018	0.64973	3.049e-05	6.2789e-05
241	0.37425	0.62566	2.8718e-05	5.5008e-05
242	0.41068	0.58924	2.8152e-05	4.6993e-05
243	0.46294	0.53699	2.8693e-05	3.8558e-05
244	0.48408	0.51586	2.7106e-05	3.2875e-05
245	0.52239	0.47755	2.4814e-05	2.6008e-05
246	0.57927	0.42069	2.3404e-05	1.9034e-05
247	0.60779	0.39218	1.8495e-05	1.3629e-05
248	0.65076	0.34922	1.4052e-05	8.5168e-06
249	0.64847	0.35151	8.541e-06	4.9197e-06
250	0.63463	0.36535	1.0048e-05	6.8626e-06
251	0.62755	0.37243	1.163e-05	8.6349e-06
252	0.62575	0.37423	1.3294e-05	1.0195e-05
253	0.63162	0.36836	1.4028e-05	1.1109e-05
254	0.64397	0.35601	1.5033e-05	1.1741e-05
255	0.66458	0.33539	1.6415e-05	1.2024e-05
256	0.67042	0.32955	1.7539e-05	1.2596e-05
257	0.68265	0.31732	1.9063e-05	1.2879e-05
258	0.70302	0.29694	2.1142e-05	1.2765e-05
259	0.70831	0.29166	2.2879e-05	1.3089e-05
260	0.71917	0.2808	2.5082e-05	1.309e-05
261	0.74105	0.25892	2.6349e-05	1.2287e-05
262	0.77453	0.22543	2.8513e-05	1.0889e-05
263	0.82443	0.17553	3.1942e-05	8.5747e-06
264	0.90924	0.090721	3.5122e-05	4.6913e-06
265	0.91988	0.080077	3.5419e-05	4.1394e-06
266	0.9237	0.07626	3.3593e-05	3.8387e-06
267	0.93122	0.068746	3.2224e-05	3.3863e-06
268	0.92175	0.078216	3.0571e-05	3.6195e-06
269	0.91638	0.083589	2.9342e-05	3.6526e-06
270	0.91446	0.085511	2.8465e-05	3.528e-06
271	0.91603	0.083943	2.803e-05	3.2588e-06
272	0.89235	0.10762	2.7027e-05	3.7146e-06
273	0.87944	0.12053	2.472e-05	3.7032e-06
274	0.87171	0.12826	2.2781e-05	3.4465e-06
275	0.87009	0.12989	1.9423e-05	2.8573e-06
276	0.87412	0.12587	1.4557e-05	1.9997e-06
277	0.88288	0.11711	9.9834e-06	1.0945e-06
278	0.87172	0.12827	1.3619e-05	1.9001e-06
279	0.86541	0.13457	1.7304e-05	2.6457e-06
280	0.86498	0.135	1.9545e-05	3.1399e-06
281	0.86874	0.13124	2.2084e-05	3.4735e-06
282	0.87722	0.12275	2.5056e-05	3.5909e-06
283	0.87733	0.12264	2.8167e-05	3.8769e-06
284	0.87065	0.12931	2.94e-05	4.2365e-06
285	0.86807	0.13189	3.1026e-05	4.4096e-06
286	0.87114	0.12882	3.1194e-05	4.2307e-06
287	0.88073	0.11923	2.9913e-05	3.6895e-06
288	0.89956	0.10041	2.7153e-05	2.7985e-06
289	0.87859	0.12136	3.8688e-05	6.4611e-06
290	0.86475	0.13519	5.1456e-05	1.0552e-05
291	0.85679	0.14313	6.6321e-05	1.4881e-05
292	0.85321	0.14668	8.3539e-05	1.9299e-05
293	0.85552	0.14435	9.8499e-05	2.2938e-05
294	0.86243	0.13742	0.00011699	2.6069e-05
295	0.87493	0.1249	0.00014015	2.8143e-05
296	0.87782	0.12198	0.00016598	3.1855e-05
297	0.88477	0.11499	0.00019729	3.459e-05
298	0.89946	0.10028	0.00022702	3.4676e-05
299	0.92144	0.07826	0.00026493	3.148e-05
300	0.95445	0.045211	0.00031546	2.2133e-05
301	0.94832	0.051295	0.00035837	2.7326e-05
302	0.94659	0.052982	0.00039708	3.1096e-05
303	0.94775	0.051773	0.00044529	3.3608e-05
304	0.9448	0.054672	0.00048498	3.868e-05
305	0.94484	0.054587	0.0005351	4.2238e-05
306	0.94894	0.050437	0.00058156	4.3161e-05
307	0.94778	0.05154	0.0006329	4.7814e-05
308	0.94926	0.049992	0.00069612	5.0498e-05
309	0.95506	0.044131	0.00075574	4.9415e-05
310	0.95544	0.043683	0.00082133	5.2963e-05
311	0.9511	0.047942	0.00089533	6.1779e-05
312	0.95067	0.048298	0.00096403	6.7112e-05
313	0.94483	0.054046	0.0010403	7.9595e-05
314	0.94339	0.055406	0.0011118	8.7629e-05
315	0.94489	0.05382	0.0012029	9.176e-05
316	0.94953	0.049061	0.0013181	9.0561e-05
317	0.95972	0.038765	0.0014314	7.9786e-05
318	0.97511	0.023258	0.0015756	5.6294e-05
319	0.96963	0.028632	0.0016673	7.3072e-05
320	0.96692	0.031214	0.0017859	8.4648e-05
321	0.96736	0.030648	0.0018974	9.0278e-05
322	0.9519	0.045976	0.0019887	0.00013945
323	0.9437	0.054045	0.0020804	0.00017459
324	0.92348	0.07412	0.002154	0.00025017
325	0.91258	0.08488	0.0022342	0.00030496
326	0.90795	0.08939	0.0023178	0.0003433
327	0.90822	0.089005	0.0024033	0.00036751
328	0.87831	0.11892	0.0023176	0.00045065
329	0.85861	0.13861	0.0022759	0.0005014
330	0.84578	0.15142	0.0022648	0.00053199
331	0.84055	0.15664	0.0022653	0.00054371
332	0.84144	0.15574	0.0022753	0.00053873
333	0.84861	0.14858	0.0022956	0.00051622
334	0.86152	0.13566	0.0023475	0.00047368
335	0.8857	0.11148	0.0024241	0.00039905
336	0.92768	0.069506	0.0025405	0.00027716
337	0.94657	0.050605	0.0026046	0.00021926
338	0.94613	0.051054	0.0025956	0.00022539
339	0.94956	0.047625	0.0025904	0.00021997
340	0.94819	0.04913	0.0024678	0.00021066
341	0.95057	0.046895	0.0023417	0.00019051
342	0.95583	0.041766	0.0022466	0.00016182
343	0.95709	0.040643	0.0021219	0.0001489
344	0.96112	0.036721	0.0020279	0.00012843
345	0.96998	0.027996	0.0019312	9.7768e-05
346	0.96791	0.030207	0.0017889	9.8729e-05
347	0.96042	0.037815	0.001656	0.00011165
348	0.95613	0.042202	0.0015505	0.0001156
349	0.95453	0.043893	0.0014671	0.00011332
350	0.9565	0.042015	0.0013796	0.00010489
351	0.96119	0.03741	0.0013117	9.1981e-05
352	0.96116	0.037503	0.0012477	8.8197e-05
353	0.9635	0.035217	0.0011992	8.043e-05
354	0.96984	0.02894	0.001148	6.7409e-05
355	0.96489	0.03395	0.001089	7.3134e-05
356	0.96275	0.036129	0.0010456	7.3983e-05
357	0.96312	0.03579	0.0010154	7.0998e-05
358	0.95902	0.039918	0.00098759	7.4119e-05
359	0.94648	0.052473	0.00096016	8.6491e-05
360	0.9385	0.060465	0.00094502	9.2982e-05
361	0.93552	0.063454	0.00092997	9.4206e-05
362	0.9357	0.063287	0.00092587	9.1462e-05
363	0.93904	0.05994	0.00093281	8.4502e-05
364	0.94752	0.05147	0.00094069	7.1544e-05
365	0.9607	0.038287	0.00096172	5.154e-05
366	0.98419	0.014804	0.00098994	1.9233e-05
367	0.98271	0.016292	0.00097958	2.025e-05
368	0.98296	0.016047	0.00097754	1.9201e-05
369	0.98572	0.013292	0.00097282	1.5638e-05
370	0.9864	0.012626	0.00096022	1.4701e-05
371	0.98887	0.010157	0.00095673	1.1672e-05
372	0.98955	0.0094896	0.00094583	1.0858e-05
373	0.99187	0.0071771	0.00094369	8.1736e-06
374	0.99694	0.0021209	0.00093892	2.9839e-06
375	0.99538	0.0036806	0.00093378	4.977e-06
376	0.99502	0.0040416	0.0009368	5.5334e-06
377	0.99579	0.0032559	0.00094798	4.7483e-06
378	0.99551	0.0035364	0.00095244	5.4415e-06
379	0.99402	0.0050113	0.00096151	7.7247e-06
380	0.98268	0.016349	0.00095008	2.5289e-05
381	0.9752	0.023813	0.00095082	3.6929e-05
382	0.96064	0.038366	0.00093394	6.0995e-05
383	0.95295	0.04605	0.00092116	7.588e-05
384	0.94886	0.050133	0.00092097	8.4986e-05
385	0.94876	0.050227	0.00092063	8.9168e-05
386	0.95132	0.04766	0.00092996	8.9824e-05
387	0.95684	0.042122	0.00094948	8.666e-05
388	0.95734	0.041672	0.00091095	8.1213e-05
389	0.95338	0.045659	0.00087573	8.1584e-05
390	0.94182	0.057251	0.00084109	8.9499e-05
391	0.8654	0.1337	0.00073706	0.00016121
392	0.81171	0.18742	0.00066816	0.00020445
393	0.78088	0.21828	0.0006155	0.00022643
394	0.76005	0.23914	0.0005799	0.00023744
395	0.74987	0.24934	0.00054908	0.00023895
396	0.74545	0.25378	0.00052955	0.00023555
397	0.74801	0.25125	0.00051108	0.00022656
398	0.75552	0.24376	0.00050136	0.00021426
399	0.75264	0.24666	0.0004888	0.00021043
400	0.75439	0.24492	0.00048406	0.00020343
401	0.76096	0.23836	0.00048725	0.00019295
402	0.77641	0.22292	0.00049298	0.00017597
403	0.78148	0.21787	0.00048613	0.00016751
404	0.79227	0.20709	0.00048829	0.00015515
405	0.81377	0.1856	0.00049334	0.00013584
406	0.85179	0.1476	0.00050355	0.0001072
407	0.90625	0.093155	0.00052947	6.7599e-05
408	0.98625	0.013165	0.00057959	8.9365e-06
409	0.99891	0.0005114	0.00057525	3.7567e-07
410	0.99708	0.0023522	0.00056656	1.4576e-06
411	0.99634	0.0030964	0.00056307	1.8245e-06
412	0.99466	0.0047842	0.00055478	2.7855e-06
413	0.99457	0.0048795	0.00054306	2.8877e-06
414	0.99606	0.0034085	0.00052777	2.2091e-06
415	0.99397	0.0055058	0.0005156	3.6172e-06
416	0.99329	0.0061952	0.00050926	4.0872e-06
417	0.99428	0.0052167	0.00049965	3.7003e-06
418	0.9934	0.0060929	0.00050578	4.1381e-06
419	0.99115	0.0083406	0.00050691	5.5128e-06
420	0.99038	0.0090986	0.00051314	5.9795e-06
421	0.99101	0.0084579	0.0005246	5.5814e-06
422	0.99322	0.0062339	0.00054235	4.0981e-06
423	0.99366	0.0057703	0.00056478	3.6514e-06
424	0.99303	0.0063861	0.00058183	3.9434e-06
425	0.99409	0.0053123	0.00059532	3.2881e-06
426	0.99712	0.0022726	0.00060554	1.4897e-06
427	0.99846	0.00091592	0.00061972	6.153e-07
428	0.9982	0.0011681	0.00062832	8.2412e-07
429	0.99872	0.00063237	0.00064248	4.8012e-07
430	0.99543	0.0039259	0.00064299	3.2102e-06
431	0.9883	0.011047	0.00064606	8.8533e-06
432	0.98383	0.015501	0.00065629	1.2408e-05
433	0.98163	0.01768	0.0006743	1.4253e-05
434	0.98198	0.017314	0.00068919	1.4417e-05
435	0.98499	0.014298	0.00070123	1.2753e-05
436	0.98503	0.014236	0.00071653	1.3217e-05
437	0.97437	0.024887	0.00071611	2.395e-05
438	0.96888	0.030376	0.00071526	3.0478e-05
439	0.96604	0.033203	0.00072232	3.4369e-05
440	0.9665	0.032739	0.00072739	3.5596e-05
441	0.97038	0.028854	0.00073046	3.42e-05
442	0.94628	0.052955	0.00069305	6.867e-05
443	0.92984	0.069396	0.00067184	9.2059e-05
444	0.9195	0.079733	0.00066431	0.00010751
445	0.89782	0.10141	0.0006356	0.00013965
446	0.88336	0.11585	0.00062157	0.00016217
447	0.87656	0.12265	0.00061139	0.00017646
448	0.85708	0.14218	0.00054945	0.00018247
449	0.84726	0.15207	0.0004904	0.00017903
450	0.84258	0.1568	0.00044539	0.00017132
451	0.84236	0.15707	0.0004115	0.0001609
452	0.84657	0.1529	0.00038705	0.00014832
453	0.85535	0.14414	0.00037043	0.00013365
454	0.87035	0.12917	0.00036272	0.0001158
455	0.89372	0.10582	0.00036508	9.3032e-05
456	0.93432	0.065249	0.00037169	6.1883e-05
457	0.81907	0.1805	0.00032199	0.00010736
458	0.74039	0.25918	0.00029297	0.00013587
459	0.68513	0.31443	0.00027671	0.00015479
460	0.57773	0.42184	0.00023651	0.00019444
461	0.51485	0.48473	0.00020982	0.00021758
462	0.47832	0.52126	0.00019121	0.00022971
463	0.39045	0.60913	0.00015556	0.00026155
464	0.33909	0.6605	0.00013203	0.00027859
465	0.3032	0.69639	0.00011744	0.00028904
466	0.28303	0.71657	0.00010741	0.00029243
467	0.26995	0.72965	0.0001018	0.00029359
468	0.26494	0.73467	9.8001e-05	0.00029052
469	0.26661	0.73301	9.548e-05	0.00028373
470	0.25698	0.74265	9.0194e-05	0.00028218
471	0.25466	0.74497	8.6425e-05	0.00027672
472	0.24142	0.75823	7.7442e-05	0.00027404
473	0.23407	0.76559	7.221e-05	0.00027
474	0.23115	0.76852	6.9576e-05	0.0002653
475	0.18226	0.81741	5.0656e-05	0.0002746
476	0.14781	0.85187	3.8577e-05	0.00027884
477	0.12367	0.87602	3.091e-05	0.00028031
478	0.11017	0.88953	2.5764e-05	0.0002772
479	0.1017	0.898	2.2772e-05	0.00027372
480	0.079018	0.92069	1.6758e-05	0.00027495
481	0.063089	0.93662	1.293e-05	0.00027536
482	0.052002	0.94771	1.0545e-05	0.00027562
483	0.044426	0.95529	9.1443e-06	0.00027616
484	0.039697	0.96002	8.5383e-06	0.00027739
485	0.037998	0.96172	8.367e-06	0.00027632
486	0.038056	0.96166	8.808e-06	0.00027611
487	0.033693	0.96602	7.9126e-06	0.00027536
488	0.032099	0.96762	7.4883e-06	0.00027228
489	0.03192	0.9678	7.5725e-06	0.00026992
490	0.027474	0.97225	6.3871e-06	0.00026697
491	0.024864	0.97487	5.8313e-06	0.00026483
492	0.023562	0.97617	5.7181e-06	0.00026341
493	0.018128	0.98161	4.4459e-06	0.00026132
494	0.015227	0.98451	3.6655e-06	0.00025691
495	0.01406	0.98569	3.2244e-06	0.00025033
496	0.01381	0.98594	3.1109e-06	0.0002448
497	0.014957	0.9848	3.2169e-06	0.00023723
498	0.017174	0.98259	3.6399e-06	0.00023068
499	0.021639	0.97813	4.3749e-06	0.00022202
500	0.029619	0.97016	5.5149e-06	0.00021112
501	0.040894	0.9589	7.2669e-06	0.00020073
502	0.060231	0.93957	9.7974e-06	0.00018773
503	0.067953	0.93186	1.0452e-05	0.00017801
504	0.082192	0.91763	1.1547e-05	0.00016602
505	0.10259	0.89724	1.3484e-05	0.00015423
506	0.13161	0.86823	1.6563e-05	0.00014229
507	0.17411	0.82573	2.1533e-05	0.00012958
508	0.23422	0.76564	2.8954e-05	0.00011532
509	0.33632	0.66354	3.9337e-05	9.619e-05
510	0.4852	0.51467	5.5219e-05	7.2808e-05
511	0.50349	0.49639	5.4818e-05	6.7026e-05
512	0.53111	0.46878	5.6241e-05	6.0438e-05
513	0.5795	0.42039	5.7986e-05	5.1429e-05
514	0.65088	0.34902	6.2926e-05	4.0487e-05
515	0.75552	0.24438	7.2306e-05	2.6335e-05
516	0.93188	0.068028	8.4775e-05	6.8489e-06
517	0.93769	0.06222	8.0149e-05	5.7304e-06
518	0.94988	0.050046	7.3607e-05	4.1384e-06
519	0.9717	0.02823	6.5029e-05	2.1213e-06
520	0.9516	0.04834	5.508e-05	3.042e-06
521	0.94059	0.059368	4.3611e-05	3.0893e-06
522	0.93414	0.065825	3.3951e-05	2.7075e-06
523	0.93133	0.068638	2.5605e-05	2.1004e-06
524	0.93177	0.068212	1.8198e-05	1.3875e-06
525	0.93524	0.064751	1.1276e-05	6.4727e-07
526	0.92176	0.078221	1.3903e-05	1.0478e-06
527	0.91522	0.084766	1.5063e-05	1.3057e-06
528	0.9123	0.08768	1.6161e-05	1.4602e-06
529	0.86896	0.13102	1.5017e-05	2.233e-06
530	0.83991	0.16008	1.4171e-05	2.6194e-06
531	0.82406	0.17593	1.2187e-05	2.5587e-06
532	0.78496	0.21503	9.9009e-06	2.5894e-06
533	0.76308	0.23692	6.6956e-06	1.9864e-06
534	0.74954	0.25046	3.6471e-06	1.0404e-06
535	0.71979	0.28021	5.017e-06	2.0764e-06
536	0.70061	0.29938	6.1135e-06	2.9717e-06
537	0.68925	0.31074	7.0296e-06	3.6713e-06
538	0.65914	0.34085	7.5183e-06	4.455e-06
539	0.63978	0.36021	7.955e-06	4.9652e-06
540	0.62779	0.3722	8.3028e-06	5.1821e-06
541	0.62172	0.37827	8.5789e-06	5.0973e-06
542	0.62335	0.37664	7.9615e-06	4.4485e-06
543	0.63327	0.36672	6.418e-06	3.2614e-06
544	0.61203	0.38795	1.0344e-05	7.1489e-06
545	0.5986	0.40137	1.4358e-05	1.1145e-05
546	0.59137	0.40859	1.8692e-05	1.5145e-05
547	0.56685	0.43311	2.2582e-05	2.005e-05
548	0.55447	0.44548	2.5404e-05	2.4169e-05
549	0.55084	0.4491	2.7342e-05	2.736e-05
550	0.55235	0.44759	2.9955e-05	3.0302e-05
551	0.55918	0.44075	3.3403e-05	3.2924e-05
552	0.57577	0.42416	3.626e-05	3.4258e-05
553	0.60213	0.39779	4.0637e-05	3.4818e-05
554	0.64071	0.35921	4.6954e-05	3.4128e-05
555	0.69614	0.30377	5.6145e-05	3.1388e-05
556	0.77509	0.22482	6.9718e-05	2.5268e-05
557	0.80884	0.19106	8.0707e-05	2.297e-05
558	0.85744	0.14245	9.5963e-05	1.7873e-05
559	0.84708	0.15279	0.00010593	2.0119e-05
560	0.84361	0.15625	0.00011407	2.1515e-05
561	0.84616	0.1537	0.00012059	2.193e-05
562	0.82147	0.1783	0.00018286	4.6704e-05
563	0.80568	0.19399	0.00025544	7.5175e-05
564	0.79858	0.201	0.00032055	0.00010262
565	0.71984	0.27963	0.00034959	0.00017959
566	0.67406	0.32531	0.00037501	0.00025183
567	0.64243	0.35683	0.000413	0.00032483
568	0.62549	0.37367	0.00044965	0.00039099
569	0.61832	0.38075	0.00048604	0.00044986
570	0.61895	0.38003	0.00052314	0.00050092
571	0.62755	0.37134	0.00056241	0.00054313
572	0.64332	0.35548	0.00061869	0.00058089
573	0.67316	0.32555	0.00068401	0.00060242
574	0.66626	0.33235	0.00071487	0.00067077
575	0.66708	0.33145	0.00074968	0.00072755
576	0.67346	0.32496	0.00080331	0.00078003
577	0.67067	0.32765	0.00083231	0.00084911
578	0.67281	0.32539	0.00087986	0.00091357
579	0.68015	0.31793	0.00094814	0.00097302
580	0.69715	0.30081	0.0010251	0.0010145
581	0.70094	0.29688	0.001092	0.0010841
582	0.71059	0.28708	0.0011881	0.0011458
583	0.70889	0.28876	0.0012015	0.0011488
584	0.71445	0.28319	0.0012263	0.0011346
585	0.72616	0.27146	0.0012778	0.0011031
586	0.74571	0.25188	0.0013644	0.0010465
587	0.7759	0.22165	0.0015014	0.00095031
588	0.78868	0.20884	0.0015692	0.00091521
589	0.77375	0.22372	0.001566	0.00096141
590	0.7654	0.23202	0.0015918	0.00099105
591	0.76242	0.23492	0.0016453	0.0010067
592	0.7644	0.23286	0.0017293	0.0010073
593	0.77389	0.22329	0.0018291	0.0009829
594	0.79343	0.20369	0.0019551	0.00092352
595	0.82347	0.17357	0.0021455	0.00081558
596	0.86835	0.12859	0.0024323	0.00062926
597	0.9324	0.064423	0.0028534	0.00032791
598	0.96563	0.031082	0.0031109	0.00017713
599	0.98303	0.013589	0.003281	0.00010156
600	0.98056	0.015972	0.0033452	0.00011992
601	0.97195	0.024431	0.0034508	0.0001654
602	0.95492	0.041332	0.0034873	0.00026433
603	0.94388	0.052205	0.0035819	0.00033337
604	0.92187	0.074063	0.0035858	0.00047693
605	0.90975	0.086055	0.0036201	0.00057529
606	0.90232	0.093327	0.0037056	0.00064711
607	0.90039	0.095113	0.0038025	0.00069212
608	0.90206	0.093271	0.0039485	0.00071699
609	0.90726	0.087869	0.0041451	0.00072131
610	0.90559	0.089304	0.0043354	0.00076663
611	0.90873	0.085954	0.0045316	0.00078502
612	0.90538	0.089048	0.0047238	0.00084843
613	0.90689	0.087302	0.0049233	0.00088199
614	0.91214	0.081776	0.0051946	0.00088796
615	0.9219	0.071685	0.0055558	0.0008558
616	0.92419	0.069013	0.0059232	0.00087868
617	0.92974	0.063001	0.0063875	0.00086947
618	0.93045	0.061875	0.0067648	0.00090882
619	0.93408	0.057763	0.0072423	0.0009175
620	0.94317	0.048224	0.0077333	0.00087159
621	0.94666	0.044326	0.0081264	0.0008854
622	0.93577	0.055122	0.0081024	0.0010103
623	0.929	0.061762	0.008155	0.001085
624	0.92699	0.063658	0.008239	0.0011119
625	0.9292	0.061354	0.0083526	0.0010935
626	0.93482	0.055611	0.0085437	0.0010265
627	0.94467	0.045607	0.0088333	0.00089334
628	0.94112	0.049016	0.0089131	0.00095166
629	0.94024	0.049729	0.0090621	0.00097181
630	0.94322	0.046596	0.0092375	0.0009463
631	0.95095	0.038731	0.0094504	0.00086511
632	0.94622	0.043518	0.0093603	0.00090232
633	0.94423	0.045536	0.009332	0.00090027
634	0.94475	0.045028	0.0093638	0.00085982
635	0.94915	0.040645	0.0094343	0.00076708
636	0.95869	0.03114	0.0095621	0.00060318
637	0.96288	0.027001	0.0095807	0.00053421
638	0.97025	0.019658	0.0096775	0.00041185
639	0.98148	0.0084382	0.0098663	0.00021944
640	0.97849	0.010966	0.01025	0.00029699
641	0.97168	0.017223	0.01063	0.00046697
642	0.96736	0.020896	0.011151	0.00059058
643	0.95738	0.030112	0.011649	0.00085753
644	0.95103	0.035558	0.012356	0.0010573
645	0.94855	0.037208	0.01305	0.0011953
646	0.94217	0.042822	0.013538	0.0014694
647	0.93879	0.045298	0.014239	0.0016711
648	0.9391	0.044162	0.014941	0.0017981
649	0.88204	0.10025	0.013597	0.0041219
650	0.84886	0.13251	0.01283	0.0057961
651	0.82671	0.15361	0.012597	0.007086
652	0.77641	0.20364	0.011399	0.0085528
653	0.74761	0.2322	0.010682	0.0095152
654	0.72894	0.25057	0.010317	0.010174
655	0.68397	0.29557	0.0095194	0.010943
656	0.6586	0.32098	0.009032	0.011388
657	0.64261	0.33699	0.0087724	0.011634
658	0.63597	0.34365	0.0086606	0.011718
659	0.63442	0.34521	0.0086867	0.011689
660	0.63823	0.34137	0.0088687	0.011531
661	0.64741	0.33214	0.0092214	0.011229
662	0.66717	0.31234	0.0098046	0.010682
663	0.70314	0.27635	0.01074	0.009768
664	0.75662	0.22282	0.012239	0.0083211
665	0.84747	0.13193	0.014588	0.0060074
666	0.89483	0.084552	0.015731	0.0048827
667	0.89931	0.080346	0.015695	0.0046454
668	0.88398	0.096705	0.014695	0.0046201
669	0.87426	0.10731	0.01395	0.004477
670	0.87101	0.11152	0.013261	0.0042073
671	0.87311	0.11045	0.01261	0.0038249
672	0.8809	0.10379	0.01199	0.0033276
673	0.89335	0.092297	0.011612	0.0027389
674	0.91583	0.070861	0.01133	0.0019747
675	0.94805	0.039549	0.011376	0.0010271
676	0.964	0.0246	0.010787	0.00061526
677	0.97115	0.018295	0.010131	0.0004284
678	0.98202	0.0081291	0.0096684	0.00017975
679	0.9835	0.0074355	0.0089224	0.0001469
680	0.98325	0.0083344	0.0082769	0.0001383
681	0.9849	0.007404	0.0075869	0.00011233
682	0.98469	0.0082265	0.00698	0.00010747
683	0.98573	0.0077002	0.0064746	9.0388e-05
684	0.98812	0.0057586	0.006057	6.2038e-05
685	0.9921	0.0021654	0.0057179	2.102e-05
686	0.99441	0.00027302	0.0053103	3.2168e-06
687	0.99485	7.8481e-05	0.0050697	9.3349e-07
688	0.9944	0.00072715	0.0048632	5.8532e-06
689	0.99341	0.0018877	0.0046883	1.4435e-05
690	0.99145	0.0043925	0.0041303	2.2234e-05
691	0.99077	0.00555	0.0036601	2.2211e-05
692	0.99172	0.0051144	0.0031506	1.647e-05
693	0.99392	0.0033505	0.0027262	7.23e-06
694	0.99476	0.002553	0.0026839	5.3837e-06
695	0.99492	0.0024434	0.0026306	5.2487e-06
696	0.99454	0.0028843	0.0025665	6.5125e-06
697	0.99296	0.0045117	0.0025135	1.0226e-05
698	0.99297	0.0045685	0.002455	1.0306e-05
699	0.9919	0.0057061	0.0023836	1.3172e-05
700	0.9921	0.0055518	0.0023309	1.2527e-05
701	0.99403	0.0036884	0.0022725	8.3838e-06
702	0.99485	0.0029406	0.0022016	7.032e-06
703	0.99472	0.0031296	0.0021441	7.6074e-06
704	0.99564	0.002248	0.0021027	5.5789e-06
705	0.99775	0.00016893	0.0020764	6.9282e-07
706	0.99693	0.0011477	0.0019189	2.7589e-06
707	0.99695	0.001262	0.0017894	2.7575e-06
708	0.99779	0.00052792	0.0016834	1.096e-06
709	0.91165	0.086758	0.0014569	0.00013804
710	0.86128	0.13723	0.0012851	0.00020993
711	0.82619	0.1724	0.001163	0.00024712
712	0.75812	0.24056	0.00098959	0.00032624
713	0.71045	0.28831	0.00087055	0.00036439
714	0.68347	0.31539	0.00077379	0.00037209
715	0.6288	0.37015	0.00064021	0.00040811
716	0.59206	0.40697	0.00055	0.00041464
717	0.56705	0.43206	0.00048599	0.00040562
718	0.55146	0.44772	0.00044129	0.00038752
719	0.5455	0.45374	0.00040045	0.00035973
720	0.54736	0.45195	0.00036061	0.00032485
721	0.53876	0.46064	0.00030854	0.00029576
722	0.53564	0.46382	0.00026807	0.00026467
723	0.53765	0.46188	0.00023652	0.00023306
724	0.54802	0.45158	0.00020354	0.00019739
725	0.56609	0.43357	0.00017821	0.00016278
726	0.59446	0.40525	0.00015958	0.00012906
727	0.6372	0.36256	0.00014715	9.5762e-05
728	0.71095	0.28886	0.0001324	6.0262e-05
729	0.81902	0.18083	0.00012231	2.6653e-05
730	0.87547	0.12443	8.9739e-05	1.0646e-05
731	0.88216	0.11774	8.9672e-05	1.0442e-05
732	0.8937	0.1062	9.1239e-05	9.7266e-06
733	0.91148	0.08842	9.4678e-05	8.2908e-06
734	0.94282	0.057081	9.7092e-05	5.535e-06
735	0.98773	0.012165	0.00010229	1.204e-06
736	0.9887	0.011204	9.925e-05	1.0414e-06
737	0.99205	0.0078544	9.3976e-05	6.6818e-07
738	0.99872	0.0011934	8.6424e-05	7.9339e-08
739	0.9983	0.0016164	7.9873e-05	8.5286e-08
740	0.9974	0.0025001	0.00010369	2.1544e-07
741	0.99771	0.0021632	0.00012415	2.4147e-07
742	0.99512	0.0047416	0.00014091	6.8335e-07
743	0.9939	0.005936	0.00016072	9.7745e-07
744	0.99392	0.00589	0.00018415	1.0764e-06
745	0.99263	0.0071608	0.00020308	1.4544e-06
746	0.98937	0.010411	0.00021795	2.3594e-06
747	0.98784	0.011918	0.00023646	2.9163e-06
748	0.98362	0.016129	0.00025004	4.2867e-06
749	0.98149	0.01824	0.00026753	5.1593e-06
750	0.9819	0.017815	0.000282	5.3957e-06
751	0.9843	0.015397	0.00030121	4.9496e-06
752	0.98997	0.0097126	0.00031771	3.4329e-06
753	0.99901	0.00064845	0.00034006	3.9032e-07
754	0.99927	0.00039966	0.00032645	2.0895e-07
755	0.99946	0.00021996	0.00031671	1.018e-07
756	0.99965	3.9744e-05	0.00031065	2.3118e-08
757	0.99834	0.0013955	0.00026169	3.655e-07
758	0.99799	0.0017868	0.00022072	3.5905e-07
759	0.99874	0.001084	0.00017457	1.4504e-07
760	0.9978	0.002021	0.00017912	3.6125e-07
761	0.99782	0.001993	0.00018634	3.9008e-07
762	0.99876	0.0010449	0.00019609	2.2182e-07
763	0.9979	0.0018964	0.00020807	4.0787e-07
764	0.99817	0.0016127	0.00021707	3.765e-07
765	0.99941	0.00036181	0.00022941	9.4301e-08
766	0.99944	0.00031498	0.00024492	8.3679e-08
767	0.99869	0.0010538	0.00025673	3.0266e-07
768	0.99712	0.0026035	0.00027149	7.6454e-07
769	0.9969	0.0028123	0.00028303	9.0151e-07
770	0.99772	0.0019834	0.00029871	6.9835e-07
771	0.99801	0.0016777	0.00031056	6.7973e-07
772	0.99775	0.0019186	0.00032621	8.5395e-07
773	0.99678	0.002874	0.00034601	1.3404e-06
774	0.9968	0.0028269	0.00037069	1.44e-06
775	0.99816	0.0014473	0.0003916	1.0185e-06
776	0.99734	0.002279	0.00037633	1.2757e-06
777	0.99751	0.0021279	0.00036584	1.0815e-06
778	0.99862	0.001025	0.00035934	4.7221e-07
779	0.99932	0.00033407	0.00034886	1.4855e-07
780	0.99914	0.0005144	0.00034194	1.9126e-07
781	0.99893	0.00074177	0.00033135	2.6759e-07
782	0.99945	0.00022363	0.00032483	7.4933e-08
783	0.99942	0.0002611	0.00031454	8.7444e-08
784	0.99852	0.001172	0.00030765	3.6034e-07
785	0.99862	0.0010781	0.00029756	3.3583e-07
786	0.99954	0.00017236	0.00029086	5.5165e-08
787	0.9997	1.5313e-05	0.00028697	4.4917e-09
788	0.99936	0.00036282	0.00027955	1.0854e-07
789	0.99966	6.0527e-05	0.00027562	1.6592e-08
790	0.99934	0.00031943	0.00034007	1.783e-07
791	0.99896	0.00062441	0.00041631	4.924e-07
792	0.9984	0.0011658	0.00043269	7.6121e-07
793	0.99724	0.0023051	0.0004539	1.3732e-06
794	0.99709	0.0024245	0.00048143	1.4732e-06
795	0.99789	0.0015925	0.00051542	1.0134e-06
796	0.99822	0.0012365	0.00054398	8.6755e-07
797	0.99812	0.0012995	0.00057931	9.6575e-07
798	0.99753	0.0018439	0.00062147	1.4031e-06
799	0.99162	0.0077079	0.00066804	5.6727e-06
800	0.97968	0.019604	0.00070222	1.5699e-05
801	0.95498	0.044266	0.00071595	3.9129e-05
802	0.89877	0.10043	0.00070888	9.2062e-05
803	0.8662	0.13296	0.00071096	0.00012988
804	0.84468	0.15443	0.00073093	0.00015867
805	0.83111	0.16794	0.00076689	0.00018154
806	0.82549	0.17351	0.00080264	0.00019795
807	0.82616	0.1728	0.00083825	0.00020823
808	0.83329	0.16562	0.00087474	0.00021165
809	0.84887	0.15001	0.00091427	0.00020624
810	0.87317	0.12567	0.00097365	0.00018991
811	0.87118	0.12762	0.00099668	0.00020375
812	0.87478	0.12399	0.0010208	0.00021056
813	0.88259	0.11614	0.0010586	0.0002118
814	0.88214	0.11654	0.0010938	0.00022453
815	0.88565	0.11297	0.001146	0.00023141
816	0.89362	0.10493	0.0012182	0.00023096
817	0.88045	0.11801	0.0012654	0.00026857
818	0.87464	0.12375	0.0013146	0.0002953
819	0.87275	0.12555	0.001384	0.00031556
820	0.86381	0.13441	0.0014267	0.00035336
821	0.85969	0.13843	0.0014944	0.00038221
822	0.85946	0.13855	0.0015862	0.00040374
823	0.85007	0.14781	0.0016735	0.00044893
824	0.84736	0.1504	0.001762	0.00048078
825	0.84859	0.14903	0.0018796	0.00050374
826	0.85619	0.1413	0.0020011	0.00050997
827	0.87236	0.12501	0.0021339	0.00049294
828	0.89651	0.10073	0.0023148	0.00044796
829	0.90592	0.091151	0.0024834	0.00044139
830	0.92078	0.076108	0.002703	0.00041147
831	0.94286	0.053801	0.0029916	0.00034444
832	0.95209	0.044529	0.0031011	0.0002819
833	0.95581	0.04077	0.0031651	0.00025552
834	0.96262	0.033903	0.0032627	0.00020951
835	0.97573	0.020753	0.0033839	0.00013024
836	0.98136	0.015065	0.0034797	9.2603e-05
837	0.99206	0.0043165	0.0035924	2.793e-05
838	0.9906	0.0052904	0.0040673	3.8987e-05
839	0.99074	0.0047072	0.0045062	4.3415e-05
840	0.99	0.0053206	0.0046328	4.6671e-05
841	0.99047	0.0046918	0.0047966	4.1861e-05
842	0.99216	0.0028163	0.0050002	2.7839e-05
843	0.99254	0.002208	0.0052297	2.3061e-05
844	0.99003	0.004528	0.0053968	4.2836e-05
845	0.98925	0.0051404	0.0055551	5.2214e-05
846	0.98966	0.0045249	0.0057586	5.228e-05
847	0.98903	0.0051373	0.005783	5.3729e-05
848	0.98723	0.006918	0.0057858	6.5637e-05
849	0.98677	0.0073461	0.0058158	6.7269e-05
850	0.98759	0.0064731	0.0058737	5.8752e-05
851	0.9898	0.0041945	0.0059624	3.834e-05
852	0.99367	0.0002367	0.0060876	2.0797e-06
853	0.99376	7.1424e-05	0.0061643	6.2758e-07
854	0.99121	0.0025225	0.0062483	1.7796e-05
855	0.97412	0.019534	0.0062024	0.00014761
856	0.96248	0.031067	0.0062225	0.00023394
857	0.95644	0.037014	0.0062628	0.00028568
858	0.95324	0.040097	0.006349	0.00031473
859	0.95356	0.039678	0.006443	0.00032116
860	0.95632	0.036795	0.0065816	0.0003074
861	0.96185	0.031104	0.0067723	0.00026886
862	0.97285	0.019979	0.0069849	0.00019108
863	0.98966	0.0029923	0.0072873	5.5799e-05
864	0.98968	0.0029769	0.0072878	5.4022e-05
865	0.98471	0.0079322	0.0072527	0.00010668
866	0.98189	0.010715	0.0072626	0.00013549
867	0.98081	0.011727	0.007313	0.00014606
868	0.98134	0.011113	0.0074041	0.00014003
869	0.98419	0.0081991	0.0075005	0.00011445
870	0.98528	0.0070516	0.0075637	0.00010853
871	0.98511	0.0071784	0.007597	0.00011929
872	0.98312	0.0090966	0.0076299	0.00015357
873	0.98258	0.0095418	0.0077041	0.00016919
874	0.98344	0.0085682	0.0078198	0.00016797
875	0.98295	0.0089619	0.0078979	0.00018856
876	0.98391	0.0078718	0.0080241	0.00018975
877	0.98648	0.0051423	0.0082034	0.00017035
878	0.9874	0.004246	0.0082007	0.00015759
879	0.97521	0.016205	0.0081305	0.00045617
880	0.9686	0.022609	0.0081405	0.0006517
881	0.96485	0.026111	0.0082593	0.00078188
882	0.96344	0.027221	0.0084747	0.00086568
883	0.96405	0.026262	0.0087774	0.00091496
884	0.96097	0.028923	0.0090655	0.0010463
885	0.96002	0.029379	0.0094657	0.001137
886	0.9409	0.04791	0.0094427	0.0017425
887	0.89839	0.090273	0.0087855	0.0025528
888	0.80544	0.18327	0.0076705	0.003619
889	0.59423	0.3945	0.0053544	0.0059075
890	0.44946	0.53929	0.0038859	0.0073691
891	0.35028	0.63845	0.0029564	0.0083107
892	0.29211	0.69662	0.0023721	0.0088987
893	0.2526	0.73611	0.0020082	0.0092838
894	0.22509	0.76358	0.0017773	0.0095515
895	0.16943	0.81922	0.0012542	0.010104
896	0.13008	0.85851	0.00090832	0.010494
897	0.10725	0.88131	0.00069106	0.010749
898	0.094445	0.89408	0.00055618	0.010915
899	0.08635	0.90213	0.00047545	0.011043
900	0.0815	0.90692	0.00042889	0.011151
901	0.079312	0.90903	0.00040848	0.011249
902	0.080989	0.90728	0.00041214	0.011316
903	0.086926	0.90128	0.00044008	0.011352
904	0.071644	0.9168	0.00033157	0.011226
905	0.061514	0.92714	0.00026576	0.011085
906	0.05643	0.93244	0.00022713	0.010907
907	0.05366	0.9354	0.00020673	0.010734
908	0.054083	0.93518	0.00020151	0.010537
909	0.056697	0.93274	0.00021178	0.010348
910	0.061601	0.928	0.00023745	0.010164
911	0.069734	0.92	0.00028569	0.0099783
912	0.082266	0.90759	0.00036622	0.0097793
913	0.075222	0.91537	0.00032157	0.0090882
914	0.071094	0.92017	0.0002996	0.0084404
915	0.070785	0.92117	0.00029337	0.0077543
916	0.074204	0.91846	0.00030114	0.0070308
917	0.08038	0.91294	0.00032762	0.0063528
918	0.092433	0.90156	0.00037179	0.0056345
919	0.094966	0.89963	0.00035978	0.0050395
920	0.10076	0.89439	0.00036896	0.0044837
921	0.11266	0.88305	0.00039219	0.0038941
922	0.13018	0.86605	0.00043903	0.0033328
923	0.16084	0.83592	0.00050759	0.0027301
924	0.21294	0.78438	0.00059481	0.0020872
925	0.23847	0.75889	0.00063507	0.0020058
926	0.27648	0.72091	0.00071003	0.0018986
927	0.34124	0.65619	0.00083084	0.0017407
928	0.45056	0.54691	0.0010216	0.0015074
929	0.61008	0.38743	0.0013281	0.0011684
930	0.67641	0.32111	0.0014612	0.0010151
931	0.78964	0.20791	0.0016741	0.00077572
932	0.8411	0.15662	0.0017113	0.00056568
933	0.91436	0.08351	0.0018221	0.00030604
934	0.92311	0.074894	0.0017397	0.00026129
935	0.93736	0.060746	0.0016917	0.00020304
936	0.96264	0.035583	0.0016534	0.00012332
937	0.96525	0.033106	0.0015352	0.00011056
938	0.96426	0.034519	0.0011401	7.6423e-05
939	0.96656	0.032695	0.00070879	3.9458e-05
940	0.96531	0.03401	0.00064589	3.739e-05
941	0.96648	0.032891	0.00059583	3.3384e-05
942	0.97004	0.02938	0.00055579	2.7801e-05
943	0.96962	0.029837	0.00051973	2.5625e-05
944	0.96587	0.033624	0.00047575	2.5684e-05
945	0.96553	0.034019	0.00042778	2.3736e-05
946	0.96745	0.032138	0.00038839	2.0708e-05
947	0.96551	0.034113	0.00035411	1.9763e-05
948	0.96602	0.033632	0.00032708	1.774e-05
949	0.96886	0.030819	0.00030569	1.487e-05
950	0.97581	0.023901	0.0002812	1.0796e-05
951	0.98655	0.013184	0.00026223	5.7497e-06
952	0.99113	0.0086201	0.00024441	3.5556e-06
953	0.9986	0.0011662	0.00023136	5.4618e-07
954	0.99835	0.0014269	0.00021879	5.6403e-07
955	0.99428	0.0055058	0.00020835	1.5843e-06
956	0.99208	0.0077202	0.0002013	2.0582e-06
957	0.99141	0.0083888	0.00019729	2.1402e-06
958	0.95975	0.040057	0.00018324	9.2643e-06
959	0.88833	0.11148	0.0001642	2.3903e-05
