#coord	neutral	conserved	gBGC.neutral	gBGC.conserved
1	0.78051	0.21762	0.001462	0.00040824
2	0.78836	0.20978	0.001465	0.00039033
3	0.802	0.19616	0.0014786	0.00036189
4	0.82781	0.17037	0.001514	0.00031164
5	0.87311	0.12508	0.0015838	0.00022692
6	0.95013	0.048075	0.0017088	8.684e-05
7	0.96019	0.038026	0.0017125	6.8186e-05
8	0.97538	0.022859	0.0017252	4.0696e-05
9	0.9975	0.0007519	0.0017499	1.3366e-06
10	0.99748	0.00078493	0.0017352	1.3822e-06
11	0.99718	0.0010936	0.0017202	1.9054e-06
12	0.99766	0.0006285	0.0017066	1.0885e-06
13	0.99693	0.0013792	0.0016911	2.3591e-06
14	0.99706	0.0012636	0.0016772	2.1422e-06
15	0.99803	0.00030689	0.0016648	5.1697e-07
16	0.99803	0.00031899	0.0016508	5.3118e-07
17	0.99803	0.00033363	0.0016369	5.4876e-07
18	0.99801	0.00037135	0.0016229	6.0827e-07
19	0.99676	0.0016312	0.001607	2.6455e-06
20	0.99666	0.0017417	0.0015929	2.8109e-06
21	0.99589	0.0025243	0.0015778	4.0435e-06
22	0.99417	0.0042616	0.0015614	6.7606e-06
23	0.99371	0.0047309	0.0015471	7.4379e-06
24	0.99156	0.0069037	0.0015302	1.0736e-05
25	0.99081	0.0076647	0.0015157	1.18e-05
26	0.99146	0.0070213	0.0015035	1.0697e-05
27	0.99408	0.0044156	0.0014941	6.6642e-06
28	0.99532	0.0031915	0.0014825	4.7785e-06
29	0.99785	0.00067554	0.0014729	1.0051e-06
30	0.9971	0.001438	0.0014583	2.1214e-06
31	0.99573	0.0028189	0.0014427	4.1311e-06
32	0.99542	0.0031512	0.0014288	4.5838e-06
33	0.99611	0.0024747	0.0014164	3.5814e-06
34	0.99589	0.0027065	0.0014029	3.8863e-06
35	0.99135	0.0072596	0.0013831	1.0323e-05
36	0.98873	0.0098852	0.0013662	1.3926e-05
37	0.9688	0.029831	0.0013251	4.1642e-05
38	0.95571	0.04294	0.0012942	5.933e-05
39	0.94723	0.051432	0.00127	7.0344e-05
40	0.94234	0.056328	0.001251	7.6272e-05
41	0.9407	0.057987	0.0012366	7.7749e-05
42	0.94182	0.056874	0.0012259	7.5521e-05
43	0.93735	0.061361	0.001208	8.059e-05
44	0.92632	0.072409	0.0011817	9.4028e-05
45	0.91966	0.079074	0.0011614	0.00010156
46	0.91659	0.082157	0.0011458	0.0001044
47	0.88119	0.11757	0.0010904	0.0001472
48	0.86105	0.13773	0.0010545	0.00017047
49	0.81298	0.1858	0.00098536	0.00022704
50	0.70626	0.29254	0.00084744	0.00035245
51	0.64327	0.35554	0.00076376	0.00042357
52	0.59927	0.39956	0.00070416	0.00047067
53	0.56894	0.42989	0.0006617	0.0005007
54	0.55274	0.44611	0.00063604	0.00051387
55	0.51525	0.48361	0.00058681	0.00055068
56	0.49444	0.50444	0.00055708	0.00056794
57	0.48196	0.51693	0.00053722	0.00057539
58	0.45304	0.54585	0.00049955	0.00060059
59	0.39427	0.60464	0.00043004	0.00065758
60	0.36013	0.63879	0.00038832	0.00068673
61	0.3368	0.66213	0.00035907	0.00070346
62	0.32149	0.67746	0.00033891	0.00071116
63	0.31522	0.68374	0.00032843	0.00070913
64	0.31611	0.68286	0.00032538	0.0006996
65	0.3244	0.67458	0.00032976	0.00068261
66	0.33932	0.65968	0.00034066	0.00065915
67	0.36742	0.63159	0.00036413	0.00062307
68	0.40952	0.58951	0.00040073	0.00057394
69	0.40886	0.59018	0.00039491	0.00056715
70	0.39773	0.60132	0.00037909	0.00057032
71	0.39488	0.60419	0.00037126	0.00056544
72	0.39951	0.59957	0.00037036	0.00055358
73	0.40965	0.58944	0.00037443	0.00053681
74	0.43088	0.56822	0.0003881	0.00051039
75	0.46348	0.53564	0.00041137	0.00047441
76	0.47423	0.5249	0.00041488	0.00045827
77	0.49653	0.50261	0.00042795	0.00043251
78	0.5307	0.46845	0.00045065	0.00039719
79	0.52662	0.47254	0.00044044	0.00039471
80	0.52768	0.4715	0.00043464	0.00038788
81	0.53401	0.46518	0.00043317	0.00037679
82	0.54638	0.45282	0.00043645	0.00036101
83	0.57112	0.4281	0.00044908	0.00033582
84	0.60748	0.39175	0.00047021	0.00030218
85	0.62466	0.37458	0.00047569	0.00028413
86	0.65673	0.34252	0.00049178	0.00025542
87	0.71231	0.28695	0.00052418	0.00021033
88	0.79146	0.20781	0.00057239	0.0001495
89	0.83247	0.16682	0.00059137	0.00011783
90	0.90247	0.096832	0.00062927	6.7162e-05
91	0.91169	0.087628	0.00062391	5.9689e-05
92	0.91319	0.08614	0.00061326	5.7589e-05
93	0.90931	0.090035	0.00059895	5.9078e-05
94	0.9088	0.090554	0.00058701	5.8276e-05
95	0.91161	0.08776	0.00057725	5.5354e-05
96	0.91999	0.079393	0.00057079	4.9065e-05
97	0.93335	0.066046	0.00056724	3.9946e-05
98	0.95728	0.042126	0.00056952	2.4914e-05
99	0.99837	0.0010507	0.00058101	5.9552e-07
100	0.98463	0.014806	0.00056069	8.2073e-06
101	0.9771	0.022344	0.00054401	1.2103e-05
102	0.97365	0.025804	0.00052961	1.3641e-05
103	0.97258	0.026887	0.00051663	1.384e-05
104	0.97444	0.025045	0.0005051	1.252e-05
105	0.9788	0.020697	0.00049487	9.981e-06
106	0.97372	0.025784	0.00048008	1.2073e-05
107	0.96162	0.037899	0.00046233	1.7216e-05
108	0.95383	0.045702	0.00044687	2.0124e-05
109	0.9507	0.048848	0.00043356	2.0823e-05
110	0.94078	0.058776	0.00041759	2.4252e-05
111	0.91664	0.082926	0.0003963	3.3077e-05
112	0.74132	0.25826	0.00031776	9.922e-05
113	0.6213	0.3783	0.0002643	0.00014036
114	0.53657	0.46304	0.00022656	0.00016583
115	0.47695	0.52267	0.00019968	0.0001805
116	0.4427	0.55694	0.00018263	0.00018527
117	0.42407	0.57557	0.00017146	0.00018411
118	0.41317	0.58649	0.00016329	0.00018001
119	0.41066	0.58901	0.00015805	0.00017293
120	0.41585	0.58383	0.0001554	0.0001632
121	0.42669	0.57301	0.00015459	0.00015168
122	0.42474	0.57496	0.00014956	0.00014443
123	0.42779	0.57193	0.00014609	0.00013565
124	0.42102	0.5787	0.00014356	0.00013938
125	0.41943	0.58029	0.00014266	0.00014148
126	0.42281	0.57691	0.00014324	0.00014209
127	0.4135	0.58621	0.00014002	0.00014649
128	0.38988	0.60984	0.00013204	0.00015562
129	0.37791	0.6218	0.0001279	0.00016086
130	0.34751	0.6522	0.00011759	0.00017227
131	0.32771	0.672	0.00011087	0.00018007
132	0.27822	0.72149	9.4088e-05	0.00019795
133	0.24357	0.75614	8.2351e-05	0.00021076
134	0.22396	0.77574	7.5661e-05	0.00021849
135	0.21165	0.78805	7.1442e-05	0.00022374
136	0.17859	0.82111	6.0219e-05	0.00023599
137	0.15986	0.83984	5.3815e-05	0.00024338
138	0.14786	0.85184	4.9697e-05	0.00024848
139	0.14086	0.85884	4.7262e-05	0.00025189
140	0.13786	0.86184	4.6148e-05	0.00025396
141	0.13842	0.86128	4.6188e-05	0.00025488
142	0.14263	0.85707	4.7383e-05	0.00025464
143	0.15109	0.84861	4.9902e-05	0.00025306
144	0.16422	0.83547	5.3871e-05	0.00025003
145	0.18771	0.81199	6.096e-05	0.00024383
146	0.19518	0.80451	6.3263e-05	0.00024242
147	0.20767	0.79202	6.7131e-05	0.00023943
148	0.23113	0.76856	7.4339e-05	0.00023306
149	0.26503	0.73466	8.4791e-05	0.00022344
150	0.28031	0.71938	8.9581e-05	0.00021945
151	0.28445	0.71524	9.094e-05	0.00021885
152	0.29353	0.70616	9.3852e-05	0.00021668
153	0.31242	0.68726	9.9777e-05	0.00021147
154	0.31691	0.68278	0.00010129	0.00021066
155	0.32982	0.66987	0.0001054	0.00020722
156	0.35077	0.64892	0.00011205	0.00020123
157	0.38278	0.6169	0.00012219	0.00019175
158	0.43851	0.56118	0.0001397	0.00017485
159	0.52033	0.47936	0.00016549	0.00014969
160	0.56157	0.43811	0.00017862	0.00013712
161	0.57758	0.42211	0.00018393	0.00013239
162	0.55981	0.43987	0.00017859	0.00013829
163	0.54911	0.45057	0.0001755	0.00014195
164	0.54683	0.45285	0.00017503	0.00014294
165	0.55234	0.44734	0.00017701	0.00014144
166	0.56715	0.43253	0.0001819	0.00013699
167	0.59111	0.40857	0.00018974	0.00012959
168	0.60089	0.39879	0.00019304	0.00012668
169	0.5723	0.42738	0.00018408	0.00013604
170	0.51397	0.48571	0.00016545	0.00015502
171	0.40137	0.59831	0.00012915	0.00019164
172	0.32434	0.67534	0.00010437	0.00021672
173	0.27899	0.72069	8.9748e-05	0.00023162
174	0.25284	0.74684	8.1287e-05	0.00024031
175	0.23585	0.76383	7.5813e-05	0.00024601
176	0.19965	0.80003	6.406e-05	0.00025795
177	0.17529	0.82438	5.6175e-05	0.00026601
178	0.15927	0.8404	5.1007e-05	0.00027135
179	0.14929	0.85039	4.7799e-05	0.00027473
180	0.14351	0.85616	4.5958e-05	0.00027673
181	0.14308	0.8566	4.5819e-05	0.00027699
182	0.14787	0.85181	4.734e-05	0.00027555
183	0.15709	0.84258	5.0299e-05	0.00027267
184	0.17505	0.82462	5.6033e-05	0.00026698
185	0.1659	0.83377	5.307e-05	0.00026997
186	0.16134	0.83834	5.1597e-05	0.00027147
187	0.16233	0.83734	5.1896e-05	0.00027116
188	0.16692	0.83276	5.3358e-05	0.00026968
189	0.17838	0.82129	5.7007e-05	0.00026598
190	0.17893	0.82075	5.716e-05	0.00026576
191	0.1713	0.82838	5.4661e-05	0.00026816
192	0.16768	0.832	5.3465e-05	0.00026924
193	0.16764	0.83204	5.3427e-05	0.00026916
194	0.17336	0.82632	5.5218e-05	0.00026721
195	0.18646	0.81322	5.9346e-05	0.00026289
196	0.18982	0.80986	6.0334e-05	0.00026167
197	0.19731	0.80237	6.265e-05	0.00025911
198	0.20984	0.78984	6.6581e-05	0.00025493
199	0.22891	0.77077	7.2607e-05	0.00024865
200	0.26291	0.73677	8.3336e-05	0.00023763
201	0.31309	0.68659	9.9234e-05	0.00022143
202	0.33393	0.66575	0.00010579	0.00021457
203	0.36574	0.63394	0.00011586	0.00020419
204	0.41152	0.58816	0.00013041	0.00018933
205	0.47896	0.52072	0.00015193	0.00016749
206	0.5746	0.42508	0.00018252	0.00013657
207	0.7358	0.26388	0.00023394	8.4786e-05
208	0.97102	0.02866	0.00030913	9.2254e-06
209	0.97291	0.026776	0.00030934	8.6127e-06
210	0.96188	0.037798	0.00030542	1.2116e-05
211	0.721	0.27868	0.00022807	8.9008e-05
212	0.55046	0.44922	0.00017352	0.0001431
213	0.42978	0.5699	0.00013505	0.00018111
214	0.34445	0.65523	0.00010795	0.00020774
215	0.29413	0.70556	9.1891e-05	0.00022329
216	0.25891	0.74078	8.0669e-05	0.000234
217	0.23455	0.76513	7.2916e-05	0.00024123
218	0.22149	0.77819	6.869e-05	0.0002449
219	0.21418	0.78551	6.6287e-05	0.00024674
220	0.19171	0.80798	5.9199e-05	0.00025325
221	0.1393	0.86039	4.291e-05	0.00026896
222	0.10835	0.89134	3.3265e-05	0.00027799
223	0.086578	0.91311	2.6505e-05	0.00028412
224	0.074142	0.92555	2.2621e-05	0.00028734
225	0.06577	0.93392	2.001e-05	0.00028928
226	0.060459	0.93923	1.8352e-05	0.00029026
227	0.058906	0.94079	1.7838e-05	0.00029005
228	0.060614	0.93908	1.8309e-05	0.00028883
229	0.057072	0.94262	1.7171e-05	0.00028918
230	0.055882	0.94381	1.6758e-05	0.00028879
231	0.05665	0.94305	1.6943e-05	0.00028779
232	0.060887	0.93881	1.816e-05	0.00028573
233	0.068165	0.93153	2.0289e-05	0.00028275
234	0.079092	0.92061	2.3506e-05	0.00027867
235	0.09557	0.90413	2.8378e-05	0.00027292
236	0.12393	0.87577	3.6742e-05	0.00026365
237	0.16545	0.83425	4.9003e-05	0.00025047
238	0.23554	0.76417	6.9602e-05	0.00022892
239	0.33774	0.66196	9.9643e-05	0.00019792
240	0.35011	0.64959	0.00010293	0.00019363
241	0.37418	0.62553	0.00010959	0.00018593
242	0.4106	0.58911	0.00011984	0.00017464
243	0.46284	0.53686	0.00013466	0.00015877
244	0.48398	0.51573	0.00014033	0.00015204
245	0.52227	0.47744	0.0001509	0.00014038
246	0.57913	0.42058	0.00016679	0.0001234
247	0.60763	0.39208	0.00017432	0.00011473
248	0.65059	0.34912	0.00018596	0.00010194
249	0.6483	0.35141	0.00018455	0.00010221
250	0.63447	0.36525	0.00017978	0.00010579
251	0.62739	0.37232	0.00017699	0.00010739
252	0.62559	0.37413	0.00017573	0.00010746
253	0.63146	0.36826	0.0001766	0.00010535
254	0.64381	0.35591	0.00017929	0.00010143
255	0.66442	0.3353	0.00018429	9.5193e-05
256	0.67026	0.32946	0.00018506	9.3139e-05
257	0.68249	0.31724	0.00018761	8.9311e-05
258	0.70286	0.29687	0.0001924	8.3238e-05
259	0.70814	0.29158	0.00019299	8.1372e-05
260	0.719	0.28073	0.0001951	7.7972e-05
261	0.74088	0.25885	0.00020016	7.1586e-05
262	0.77435	0.22538	0.00020835	6.2064e-05
263	0.82424	0.17549	0.00022096	4.812e-05
264	0.90903	0.090697	0.00024282	2.4887e-05
265	0.91968	0.080056	0.00024446	2.1878e-05
266	0.9235	0.07624	0.00024418	2.0739e-05
267	0.93101	0.068727	0.00024488	1.8619e-05
268	0.92154	0.078195	0.00024106	2.102e-05
269	0.91617	0.083566	0.00023835	2.2309e-05
270	0.91425	0.085487	0.00023657	2.2675e-05
271	0.91582	0.08392	0.00023571	2.2121e-05
272	0.89215	0.10759	0.00022836	2.8055e-05
273	0.87925	0.12049	0.00022377	3.1182e-05
274	0.87152	0.12823	0.00022054	3.2949e-05
275	0.8699	0.12985	0.00021883	3.3153e-05
276	0.87392	0.12583	0.00021849	3.1932e-05
277	0.88267	0.11708	0.00021934	2.9528e-05
278	0.87152	0.12823	0.00021517	3.2109e-05
279	0.86522	0.13453	0.00021223	3.3447e-05
280	0.8648	0.13496	0.0002107	3.333e-05
281	0.86856	0.1312	0.00021021	3.2181e-05
282	0.87705	0.12271	0.00021085	2.9889e-05
283	0.87715	0.12261	0.00020946	2.9637e-05
284	0.87048	0.12928	0.00020641	3.1002e-05
285	0.86791	0.13186	0.00020436	3.1369e-05
286	0.87098	0.12879	0.00020359	3.0403e-05
287	0.88057	0.1192	0.00020428	2.793e-05
288	0.8994	0.10037	0.00020703	2.3361e-05
289	0.87845	0.12133	0.00020051	2.8005e-05
290	0.86462	0.13515	0.00019571	3.0932e-05
291	0.85668	0.1431	0.00019231	3.2468e-05
292	0.85312	0.14665	0.00018992	3.2984e-05
293	0.85545	0.14433	0.0001888	3.2183e-05
294	0.86238	0.1374	0.0001887	3.0371e-05
295	0.8749	0.12488	0.0001898	2.7352e-05
296	0.87782	0.12197	0.00018877	2.6458e-05
297	0.8848	0.11499	0.00018862	2.4693e-05
298	0.89951	0.10028	0.00019004	2.131e-05
299	0.92153	0.078258	0.00019296	1.6423e-05
300	0.95459	0.045207	0.00019813	9.2832e-06
301	0.9485	0.051294	0.00019506	1.0389e-05
302	0.94681	0.052983	0.00019284	1.0593e-05
303	0.94802	0.051776	0.00019122	1.0206e-05
304	0.94512	0.054679	0.00018873	1.0633e-05
305	0.94521	0.054597	0.00018684	1.0463e-05
306	0.94936	0.050448	0.0001857	9.5043e-06
307	0.94825	0.051554	0.00018353	9.5624e-06
308	0.9498	0.050008	0.00018188	9.1123e-06
309	0.95566	0.044148	0.00018098	7.8583e-06
310	0.95611	0.043702	0.00017905	7.6261e-06
311	0.95185	0.047968	0.00017631	8.218e-06
312	0.95149	0.048328	0.00017421	8.112e-06
313	0.94574	0.054085	0.00017122	8.9085e-06
314	0.94437	0.05545	0.00016893	8.9451e-06
315	0.94596	0.053868	0.00016716	8.4714e-06
316	0.95072	0.049111	0.00016593	7.4586e-06
317	0.96102	0.038806	0.00016558	5.5209e-06
318	0.97655	0.023282	0.00016607	2.7332e-06
319	0.97116	0.028666	0.00017014	3.8343e-06
320	0.96857	0.031255	0.00017466	4.5032e-06
321	0.96912	0.030692	0.00017965	4.6556e-06
322	0.95376	0.046051	0.00018174	7.7234e-06
323	0.94566	0.054142	0.00018502	9.55e-06
324	0.92553	0.074267	0.00018586	1.3831e-05
325	0.91473	0.085064	0.00018833	1.6423e-05
326	0.91019	0.0896	0.00019195	1.7825e-05
327	0.91055	0.08923	0.0001965	1.8235e-05
328	0.88056	0.11922	0.00019436	2.5292e-05
329	0.86082	0.13896	0.00019426	3.032e-05
330	0.84797	0.1518	0.00019557	3.3952e-05
331	0.84273	0.15703	0.00019849	3.5933e-05
332	0.84363	0.15613	0.00020275	3.651e-05
333	0.8508	0.14895	0.00020849	3.5564e-05
334	0.86375	0.136	0.00021574	3.3124e-05
335	0.88799	0.11176	0.00022588	2.775e-05
336	0.93006	0.069678	0.00024069	1.7648e-05
337	0.94901	0.05073	0.00024988	1.3115e-05
338	0.94855	0.05118	0.00025418	1.3495e-05
339	0.95199	0.047743	0.00025947	1.2832e-05
340	0.95048	0.049242	0.00026345	1.3488e-05
341	0.95273	0.046991	0.00026841	1.311e-05
342	0.95787	0.041844	0.00027424	1.1884e-05
343	0.959	0.040712	0.00027891	1.177e-05
344	0.96293	0.036776	0.00028443	1.0818e-05
345	0.97167	0.028033	0.00029136	8.406e-06
346	0.96945	0.030243	0.00029499	9.2334e-06
347	0.96183	0.037858	0.00029694	1.1764e-05
348	0.95744	0.042246	0.00029986	1.3336e-05
349	0.95575	0.043934	0.00030363	1.408e-05
350	0.95763	0.04205	0.00030848	1.3688e-05
351	0.96224	0.037438	0.00031426	1.238e-05
352	0.96214	0.037528	0.00031854	1.259e-05
353	0.96443	0.035238	0.00032364	1.1993e-05
354	0.97071	0.028954	0.00033006	1.0017e-05
355	0.96569	0.033967	0.00033264	1.1903e-05
356	0.9635	0.036146	0.00033621	1.283e-05
357	0.96384	0.035806	0.00034067	1.2874e-05
358	0.95971	0.039935	0.00034355	1.4523e-05
359	0.94714	0.052497	0.00034335	1.9274e-05
360	0.93914	0.060494	0.00034473	2.2448e-05
361	0.93614	0.063483	0.00034786	2.3834e-05
362	0.93631	0.063316	0.00035218	2.4047e-05
363	0.93965	0.059967	0.00035775	2.3033e-05
364	0.94812	0.051492	0.00036527	2.0007e-05
365	0.96131	0.038303	0.00037476	1.5038e-05
366	0.9848	0.01481	0.00038839	5.8724e-06
367	0.9833	0.016298	0.00039215	6.5297e-06
368	0.98354	0.016054	0.00039661	6.4961e-06
369	0.9863	0.013297	0.00040205	5.4379e-06
370	0.98696	0.012631	0.00040659	5.2223e-06
371	0.98942	0.010161	0.00041191	4.2443e-06
372	0.99009	0.0094933	0.00041644	4.0083e-06
373	0.9924	0.0071798	0.0004217	3.0619e-06
374	0.99745	0.0021216	0.00042811	9.2053e-07
375	0.99588	0.0036819	0.0004317	1.612e-06
376	0.99552	0.0040431	0.00043584	1.7874e-06
377	0.9963	0.003257	0.0004405	1.4546e-06
378	0.99602	0.0035376	0.00044464	1.5966e-06
379	0.99454	0.0050131	0.00044826	2.2817e-06
380	0.98319	0.016356	0.00044727	7.5133e-06
381	0.97572	0.023823	0.00044801	1.1037e-05
382	0.96115	0.038383	0.00044531	1.7954e-05
383	0.95346	0.046071	0.00044565	2.1764e-05
384	0.94937	0.050156	0.00044769	2.3914e-05
385	0.94927	0.050252	0.00045153	2.4195e-05
386	0.95184	0.047684	0.00045669	2.3184e-05
387	0.95737	0.042145	0.00046334	2.07e-05
388	0.95782	0.041691	0.00046757	2.066e-05
389	0.95383	0.045676	0.00046963	2.281e-05
390	0.94223	0.057271	0.0004679	2.8779e-05
391	0.86575	0.13375	0.0004333	6.7557e-05
392	0.81201	0.18748	0.00040971	9.5349e-05
393	0.78115	0.21834	0.00039727	0.00011195
394	0.76028	0.2392	0.00038978	0.0001236
395	0.75008	0.2494	0.00038758	0.00012992
396	0.74564	0.25383	0.00038836	0.00013328
397	0.74818	0.2513	0.00039272	0.00013301
398	0.75567	0.2438	0.00039976	0.00013007
399	0.75278	0.24669	0.00040135	0.0001326
400	0.75451	0.24495	0.00040544	0.00013265
401	0.76108	0.23838	0.00041221	0.00013004
402	0.77652	0.22294	0.00042384	0.00012251
403	0.78157	0.21788	0.0004298	0.00012061
404	0.79235	0.2071	0.00043902	0.00011546
405	0.81384	0.1856	0.00045428	0.00010424
406	0.85184	0.1476	0.00047892	8.3571e-05
407	0.90628	0.093151	0.0005133	5.3183e-05
408	0.98626	0.013165	0.00056292	7.5876e-06
409	0.99891	0.00051136	0.00057425	2.9759e-07
410	0.99707	0.0023522	0.00057725	1.3649e-06
411	0.99632	0.0030962	0.00058091	1.8049e-06
412	0.99463	0.004784	0.00058395	2.8071e-06
413	0.99453	0.0048792	0.00058785	2.8849e-06
414	0.996	0.0034082	0.00059263	2.0353e-06
415	0.9939	0.0055053	0.00059531	3.312e-06
416	0.9932	0.0061946	0.00059886	3.7503e-06
417	0.99418	0.0052161	0.00060336	3.184e-06
418	0.9933	0.0060922	0.00060676	3.7425e-06
419	0.99105	0.0083397	0.00060924	5.1599e-06
420	0.99028	0.0090976	0.00061267	5.6654e-06
421	0.99092	0.008457	0.00061698	5.2993e-06
422	0.99314	0.0062334	0.00062234	3.9273e-06
423	0.9936	0.0057699	0.00062663	3.6493e-06
424	0.99298	0.0063857	0.00063017	4.0575e-06
425	0.99405	0.005312	0.00063473	3.3949e-06
426	0.99709	0.0022724	0.00064051	1.4657e-06
427	0.99844	0.00091587	0.00064524	5.9679e-07
428	0.99818	0.001168	0.00064898	7.6532e-07
429	0.99871	0.00063231	0.00065325	4.1775e-07
430	0.99542	0.0039256	0.00065493	2.6074e-06
431	0.98829	0.011046	0.00065407	7.3662e-06
432	0.98384	0.0155	0.00065497	1.0386e-05
433	0.98165	0.017679	0.00065741	1.1905e-05
434	0.98201	0.017313	0.00066148	1.1729e-05
435	0.98503	0.014297	0.00066729	9.7601e-06
436	0.98508	0.014235	0.00067114	9.7787e-06
437	0.97443	0.024886	0.00066766	1.716e-05
438	0.96894	0.030375	0.00066759	2.1067e-05
439	0.96611	0.033202	0.00066937	2.3154e-05
440	0.96657	0.032738	0.00067336	2.2971e-05
441	0.97045	0.028852	0.00067969	2.0394e-05
442	0.94634	0.052953	0.00066605	3.7727e-05
443	0.9299	0.069395	0.00065779	4.9713e-05
444	0.91956	0.079732	0.00065385	5.7406e-05
445	0.89788	0.10141	0.00064155	7.3403e-05
446	0.88342	0.11586	0.00063439	8.428e-05
447	0.87662	0.12266	0.00063263	8.9712e-05
448	0.85709	0.14218	0.00062154	0.00010449
449	0.84722	0.15205	0.00061734	0.00011234
450	0.84249	0.15677	0.00061692	0.00011642
451	0.84224	0.15703	0.00061984	0.00011721
452	0.84641	0.15285	0.0006261	0.00011468
453	0.85516	0.14409	0.00063588	0.00010865
454	0.87014	0.12912	0.00065047	9.7838e-05
455	0.89347	0.10577	0.00067163	8.0491e-05
456	0.93403	0.065216	0.00070603	4.9849e-05
457	0.81881	0.18043	0.00062184	0.00013775
458	0.74015	0.25909	0.00056494	0.00019837
459	0.68492	0.31432	0.00052555	0.00024152
460	0.57754	0.42169	0.00044546	0.00032531
461	0.51468	0.48455	0.00039884	0.00037559
462	0.47816	0.52106	0.00037217	0.00040587
463	0.39032	0.6089	0.00030518	0.00047648
464	0.33897	0.66024	0.00026611	0.00051913
465	0.3031	0.69611	0.000239	0.00054983
466	0.28293	0.71628	0.00022403	0.00056836
467	0.26985	0.72935	0.00021463	0.00058132
468	0.26484	0.73436	0.00021153	0.00058794
469	0.2665	0.7327	0.00021372	0.00058923
470	0.25687	0.74232	0.00020685	0.0005996
471	0.25456	0.74463	0.0002058	0.00060411
472	0.24131	0.75788	0.00019576	0.00061755
473	0.23396	0.76522	0.00019052	0.00062622
474	0.23104	0.76814	0.0001889	0.00063128
475	0.18218	0.817	0.00014924	0.00067434
476	0.14774	0.85143	0.00012132	0.00070567
477	0.12361	0.87556	0.0001018	0.00072861
478	0.11011	0.88905	9.0924e-05	0.00074287
479	0.10165	0.89751	8.421e-05	0.00075297
480	0.078977	0.92018	6.5574e-05	0.00077501
481	0.063056	0.9361	5.2499e-05	0.0007915
482	0.051975	0.94718	4.3417e-05	0.00080401
483	0.044402	0.95475	3.724e-05	0.00081361
484	0.039675	0.95947	3.3433e-05	0.00082086
485	0.037978	0.96116	3.2147e-05	0.00082555
486	0.038035	0.9611	3.2364e-05	0.00082875
487	0.033675	0.96546	2.8769e-05	0.00083573
488	0.032081	0.96705	2.7512e-05	0.00084033
489	0.031902	0.96723	2.748e-05	0.00084371
490	0.027459	0.97167	2.372e-05	0.00085078
491	0.02485	0.97427	2.1546e-05	0.00085628
492	0.023549	0.97557	2.0508e-05	0.00086065
493	0.018118	0.981	1.5853e-05	0.00086865
494	0.015218	0.98389	1.337e-05	0.00087444
495	0.014051	0.98506	1.2389e-05	0.00087869
496	0.013802	0.9853	1.2224e-05	0.00088213
497	0.014948	0.98415	1.3294e-05	0.00088431
498	0.017163	0.98194	1.534e-05	0.00088552
499	0.021625	0.97747	1.9411e-05	0.00088467
500	0.029599	0.96949	2.6659e-05	0.0008806
501	0.040866	0.95822	3.6965e-05	0.00087349
502	0.060189	0.9389	5.4617e-05	0.00085899
503	0.067904	0.93118	6.1785e-05	0.00085493
504	0.082132	0.91695	7.4892e-05	0.00084491
505	0.10252	0.89656	9.3753e-05	0.00082913
506	0.13151	0.86757	0.00012071	0.00080528
507	0.17398	0.82509	0.0001604	0.0007687
508	0.23404	0.76503	0.00021683	0.00071539
509	0.33605	0.66301	0.00031254	0.00062276
510	0.48481	0.51425	0.00045299	0.00048542
511	0.50308	0.49598	0.00047173	0.0004698
512	0.53067	0.46839	0.00049951	0.00044517
513	0.57901	0.42004	0.00054706	0.00040073
514	0.65033	0.34872	0.00061701	0.0003339
515	0.75488	0.24417	0.0007196	0.00023446
516	0.93108	0.067966	0.00089146	6.571e-05
517	0.93688	0.062164	0.00090001	6.0296e-05
518	0.94904	0.049999	0.00091468	4.8709e-05
519	0.97083	0.028202	0.00093867	2.7747e-05
520	0.95074	0.048292	0.00092191	4.7567e-05
521	0.93972	0.059309	0.00091386	5.8614e-05
522	0.93327	0.065758	0.00091033	6.5188e-05
523	0.93045	0.068567	0.00091041	6.8183e-05
524	0.93088	0.068141	0.00091373	6.7975e-05
525	0.93433	0.064681	0.00092012	6.4737e-05
526	0.92087	0.078137	0.0009096	7.8348e-05
527	0.91433	0.084675	0.00090582	8.5158e-05
528	0.91142	0.087585	0.00090569	8.8349e-05
529	0.86812	0.13088	0.00086474	0.0001323
530	0.8391	0.1599	0.00083809	0.00016199
531	0.82326	0.17574	0.0008245	0.00017857
532	0.7842	0.21479	0.00078733	0.00021875
533	0.76234	0.23665	0.00076729	0.00024175
534	0.74881	0.25018	0.00075574	0.00025629
535	0.71909	0.27989	0.0007274	0.00028757
536	0.69994	0.29905	0.00070985	0.0003081
537	0.68859	0.31039	0.00070029	0.00032066
538	0.65851	0.34046	0.00067124	0.00035266
539	0.63917	0.3598	0.00065322	0.00037366
540	0.62719	0.37178	0.00064277	0.00038712
541	0.62113	0.37784	0.00063844	0.00039448
542	0.62276	0.37621	0.00064198	0.00039392
543	0.63267	0.36629	0.00065407	0.00038476
544	0.61145	0.38751	0.00063355	0.00040816
545	0.59804	0.40092	0.0006212	0.00042342
546	0.59082	0.40813	0.00061535	0.0004322
547	0.56633	0.43262	0.00059134	0.00045916
548	0.55397	0.44497	0.0005799	0.00047351
549	0.55035	0.44859	0.00057756	0.0004787
550	0.55186	0.44708	0.0005807	0.00047844
551	0.55868	0.44026	0.00058957	0.00047248
552	0.57526	0.42368	0.00060878	0.00045612
553	0.6016	0.39733	0.00063863	0.00042915
554	0.64015	0.35878	0.00068187	0.00038882
555	0.69553	0.3034	0.00074368	0.00032994
556	0.77441	0.22451	0.00083157	0.00024501
557	0.80814	0.19078	0.00087081	0.00020876
558	0.8567	0.14221	0.0009267	0.0001559
559	0.84637	0.15254	0.00091826	0.00016739
560	0.84292	0.15599	0.00091715	0.00017151
561	0.84547	0.15344	0.00092253	0.00016908
562	0.82089	0.17802	0.00089806	0.00019644
563	0.8052	0.1937	0.00088333	0.0002141
564	0.79818	0.20072	0.00087794	0.00022236
565	0.71962	0.27928	0.00079381	0.00030939
566	0.67395	0.32494	0.00074536	0.0003607
567	0.64242	0.35647	0.00071244	0.00039649
568	0.62555	0.37334	0.00069552	0.00041624
569	0.61843	0.38045	0.00068929	0.00042525
570	0.61911	0.37978	0.00069165	0.0004256
571	0.62776	0.37112	0.00070288	0.00041705
572	0.64357	0.3553	0.00072227	0.00040037
573	0.67347	0.3254	0.00075743	0.00036786
574	0.66662	0.33225	0.00075123	0.00037664
575	0.66748	0.33139	0.00075365	0.00037674
576	0.67392	0.32495	0.00076247	0.00037047
577	0.67118	0.32768	0.00076081	0.00037464
578	0.67338	0.32548	0.00076484	0.00037315
579	0.68079	0.31807	0.00077488	0.00036567
580	0.69786	0.30099	0.00079588	0.00034718
581	0.70173	0.29712	0.00080179	0.00034372
582	0.71147	0.28738	0.00081453	0.00033347
583	0.70978	0.28907	0.00081422	0.0003363
584	0.71535	0.28349	0.00082222	0.00033077
585	0.72709	0.27175	0.00083744	0.00031805
586	0.74669	0.25216	0.0008619	0.00029612
587	0.77695	0.22189	0.00089899	0.0002616
588	0.78976	0.20907	0.00091598	0.00024722
589	0.77485	0.22398	0.00090056	0.00026527
590	0.76653	0.2323	0.0008929	0.0002756
591	0.7636	0.23523	0.00089162	0.00027959
592	0.76565	0.23318	0.00089626	0.0002777
593	0.77521	0.22361	0.00090974	0.0002669
594	0.79482	0.204	0.00093512	0.00024417
595	0.82498	0.17384	0.0009733	0.00020866
596	0.87002	0.1288	0.0010297	0.00015501
597	0.93429	0.06452	0.0011097	7.7755e-05
598	0.96769	0.031118	0.0011525	3.7619e-05
599	0.98522	0.013592	0.0011762	1.6564e-05
600	0.98283	0.015977	0.0011759	1.9474e-05
601	0.97436	0.024443	0.0011684	2.9724e-05
602	0.95744	0.041361	0.0011505	5.0296e-05
603	0.94654	0.052253	0.0011398	6.36e-05
604	0.92465	0.074146	0.0011157	9.039e-05
605	0.91262	0.086168	0.0011033	0.00010531
606	0.90532	0.093468	0.0010968	0.00011448
607	0.90351	0.095273	0.0010968	0.000117
608	0.90534	0.093444	0.0011013	0.00011505
609	0.91074	0.088046	0.0011103	0.00010869
610	0.90927	0.089508	0.0011109	0.00011072
611	0.91261	0.086168	0.0011174	0.00010686
612	0.90947	0.089298	0.001116	0.00011094
613	0.9112	0.087572	0.0011204	0.00010907
614	0.91672	0.082052	0.0011297	0.00010245
615	0.92682	0.071945	0.0011447	9.0054e-05
616	0.92947	0.069295	0.0011506	8.6889e-05
617	0.93547	0.063288	0.0011608	7.9479e-05
618	0.93657	0.062191	0.0011647	7.8228e-05
619	0.94066	0.058094	0.0011725	7.318e-05
620	0.95023	0.048525	0.0011871	6.1243e-05
621	0.95412	0.044632	0.0011945	5.6452e-05
622	0.94324	0.055509	0.0011834	7.0211e-05
623	0.93654	0.062203	0.0011776	7.8731e-05
624	0.93462	0.06412	0.0011776	8.1287e-05
625	0.93694	0.061803	0.001183	7.8516e-05
626	0.94272	0.056021	0.0011928	7.1303e-05
627	0.95279	0.045942	0.0012082	5.8539e-05
628	0.94935	0.049384	0.0012063	6.3009e-05
629	0.94862	0.050111	0.001208	6.4014e-05
630	0.95177	0.046959	0.0012145	6.0082e-05
631	0.95969	0.039032	0.001227	5.0043e-05
632	0.95487	0.04385	0.0012232	5.6339e-05
633	0.95284	0.045877	0.001223	5.9047e-05
634	0.95336	0.045356	0.0012261	5.8465e-05
635	0.95778	0.040929	0.0012342	5.2858e-05
636	0.96737	0.031338	0.0012488	4.0589e-05
637	0.97155	0.027158	0.0012565	3.5293e-05
638	0.97896	0.019749	0.0012684	2.5765e-05
639	0.99027	0.0084327	0.0012855	1.1086e-05
640	0.98774	0.010966	0.0012847	1.4424e-05
641	0.98146	0.01724	0.0012788	2.2722e-05
642	0.97776	0.020938	0.0012763	2.7639e-05
643	0.96848	0.030215	0.0012665	3.9896e-05
644	0.96296	0.035734	0.0012617	4.7219e-05
645	0.96125	0.037441	0.0012619	4.957e-05
646	0.95553	0.043156	0.0012566	5.7257e-05
647	0.95296	0.045728	0.0012555	6.0781e-05
648	0.95403	0.044649	0.0012592	5.9499e-05
649	0.8971	0.10158	0.0011858	0.00013538
650	0.86411	0.13456	0.0011438	0.00017973
651	0.84231	0.15636	0.0011168	0.00020917
652	0.79129	0.20738	0.0010508	0.00027763
653	0.76211	0.23656	0.0010136	0.00031725
654	0.74326	0.25541	0.00099019	0.00034307
655	0.69741	0.30125	0.00093073	0.00040501
656	0.67153	0.32713	0.00089766	0.00044051
657	0.65523	0.34343	0.00087746	0.00046317
658	0.64846	0.3502	0.0008699	0.00047315
659	0.64688	0.35177	0.00086939	0.0004761
660	0.65078	0.34787	0.00087637	0.0004716
661	0.66018	0.33847	0.00089091	0.00045958
662	0.68035	0.31829	0.00092006	0.0004329
663	0.71703	0.28161	0.00097162	0.00038374
664	0.77157	0.22707	0.001048	0.00030982
665	0.86419	0.13445	0.0011764	0.00018381
666	0.91247	0.08617	0.0012443	0.00011822
667	0.9168	0.081837	0.0012524	0.00011248
668	0.90038	0.098255	0.0012322	0.00013512
669	0.88981	0.10882	0.00122	0.00014976
670	0.88576	0.11287	0.0012166	0.00015555
671	0.88707	0.11155	0.0012205	0.00015401
672	0.89402	0.1046	0.0012321	0.00014471
673	0.90578	0.092843	0.0012504	0.00012869
674	0.92748	0.071138	0.0012825	9.8922e-05
675	0.95899	0.039631	0.0013283	5.5364e-05
676	0.97401	0.024607	0.0013515	3.4513e-05
677	0.98034	0.018273	0.0013627	2.5699e-05
678	0.9905	0.0081087	0.0013794	1.1441e-05
679	0.99119	0.0074157	0.0013827	1.0486e-05
680	0.99028	0.0083202	0.0013839	1.1768e-05
681	0.99121	0.0073898	0.0013875	1.0484e-05
682	0.99038	0.0082164	0.0013887	1.167e-05
683	0.99091	0.007691	0.0013919	1.0942e-05
684	0.99284	0.0057505	0.0013972	8.1982e-06
685	0.99643	0.0021616	0.0014048	3.0909e-06
686	0.99832	0.00027254	0.0014101	3.8936e-07
687	0.99851	7.8527e-05	0.0014129	1.1264e-07
688	0.99785	0.00072948	0.0014145	1.0422e-06
689	0.99669	0.0018938	0.0014155	2.7057e-06
690	0.99418	0.0044037	0.0014146	6.2894e-06
691	0.99302	0.0055612	0.0014156	7.9465e-06
692	0.99345	0.0051219	0.0014189	7.3359e-06
693	0.99522	0.0033537	0.0014241	4.8088e-06
694	0.99601	0.0025555	0.0014279	3.674e-06
695	0.99612	0.0024458	0.0014306	3.5313e-06
696	0.99568	0.0028872	0.0014326	4.1765e-06
697	0.99404	0.0045162	0.0014329	6.5342e-06
698	0.99398	0.004573	0.0014354	6.6347e-06
699	0.99284	0.0057113	0.0014364	8.2964e-06
700	0.993	0.0055566	0.0014394	8.0778e-06
701	0.99486	0.0036914	0.0014447	5.3798e-06
702	0.9956	0.0029428	0.0014484	4.3071e-06
703	0.99541	0.0031318	0.0014507	4.5944e-06
704	0.99629	0.0022495	0.0014547	3.308e-06
705	0.99837	0.00016903	0.0014605	2.4945e-07
706	0.99739	0.0011482	0.0014618	1.6941e-06
707	0.99727	0.0012624	0.0014643	1.8664e-06
708	0.998	0.00052801	0.0014682	7.8387e-07
709	0.91176	0.086769	0.0013436	0.00012818
710	0.8613	0.13723	0.0012713	0.00020331
711	0.82613	0.17239	0.0012216	0.00025583
712	0.758	0.24052	0.0011224	0.00035779
713	0.71028	0.28824	0.0010535	0.00042947
714	0.68324	0.31528	0.001015	0.00047071
715	0.62852	0.36999	0.00093465	0.00055373
716	0.59175	0.40676	0.0008812	0.0006099
717	0.56671	0.4318	0.00084531	0.00064855
718	0.55109	0.44741	0.00082354	0.00067312
719	0.5451	0.4534	0.00081604	0.00068337
720	0.54692	0.45158	0.00082017	0.00068194
721	0.53827	0.46022	0.0008084	0.00069635
722	0.53512	0.46337	0.000805	0.00070243
723	0.5371	0.46139	0.00080941	0.00070072
724	0.54741	0.45107	0.00082637	0.00068642
725	0.56543	0.43305	0.00085517	0.00066032
726	0.59373	0.40475	0.00089988	0.00061834
727	0.6364	0.36208	0.00096692	0.00055408
728	0.71001	0.28847	0.0010813	0.00044238
729	0.8179	0.18057	0.0012493	0.00027722
730	0.87422	0.12425	0.0013381	0.00019115
731	0.8809	0.11757	0.0013506	0.00018124
732	0.89242	0.10605	0.0013708	0.00016378
733	0.91017	0.088291	0.0014007	0.00013654
734	0.94146	0.056997	0.0014516	8.8346e-05
735	0.98631	0.012147	0.0015239	1.8771e-05
736	0.98727	0.011188	0.001528	1.73e-05
737	0.99061	0.0078428	0.0015358	1.2138e-05
738	0.99726	0.0011916	0.0015486	1.8511e-06
739	0.99683	0.001614	0.0015505	2.5095e-06
740	0.99595	0.0024964	0.0015516	3.8926e-06
741	0.99628	0.0021601	0.0015546	3.3835e-06
742	0.9937	0.0047348	0.0015529	7.4573e-06
743	0.99251	0.0059276	0.0015535	9.358e-06
744	0.99255	0.0058818	0.001556	9.3066e-06
745	0.99128	0.007151	0.0015565	1.1322e-05
746	0.98803	0.010397	0.0015538	1.6487e-05
747	0.98653	0.011902	0.0015539	1.8898e-05
748	0.98232	0.016108	0.0015498	2.5578e-05
749	0.98021	0.018216	0.001549	2.8939e-05
750	0.98063	0.017792	0.0015522	2.831e-05
751	0.98304	0.015378	0.0015586	2.4498e-05
752	0.98871	0.0097003	0.0015702	1.5497e-05
753	0.99776	0.00064764	0.0015872	1.0405e-06
754	0.99801	0.00039915	0.0015902	6.4208e-07
755	0.99819	0.00021968	0.0015932	3.536e-07
756	0.99836	3.9692e-05	0.0015963	6.4241e-08
757	0.99701	0.0013936	0.0015969	2.2373e-06
758	0.99661	0.0017844	0.0015992	2.865e-06
759	0.99731	0.0010824	0.0016032	1.7434e-06
760	0.99637	0.0020181	0.0016045	3.2653e-06
761	0.9964	0.0019902	0.0016074	3.2283e-06
762	0.99734	0.0010435	0.0016118	1.6978e-06
763	0.99649	0.0018938	0.0016134	3.0749e-06
764	0.99677	0.0016104	0.0016167	2.6226e-06
765	0.99802	0.0003613	0.0016217	5.9043e-07
766	0.99806	0.00031454	0.0016248	5.1312e-07
767	0.99732	0.0010523	0.0016265	1.7203e-06
768	0.99577	0.0025999	0.001627	4.2498e-06
769	0.99556	0.0028084	0.0016296	4.6036e-06
770	0.99638	0.0019807	0.0016339	3.2506e-06
771	0.99668	0.0016755	0.0016373	2.7581e-06
772	0.99644	0.001916	0.0016399	3.157e-06
773	0.99548	0.0028702	0.0016412	4.7428e-06
774	0.99553	0.0028232	0.0016442	4.6718e-06
775	0.9969	0.0014455	0.0016494	2.4054e-06
776	0.99607	0.0022761	0.0016509	3.7935e-06
777	0.99622	0.0021252	0.0016542	3.5468e-06
778	0.99732	0.0010237	0.0016591	1.7081e-06
779	0.998	0.00033363	0.0016632	5.5846e-07
780	0.99782	0.00051371	0.001666	8.5857e-07
781	0.99759	0.00074077	0.0016686	1.2419e-06
782	0.9981	0.00022333	0.0016725	3.7433e-07
783	0.99806	0.00026074	0.0016754	4.3853e-07
784	0.99715	0.0011704	0.0016769	1.967e-06
785	0.99724	0.0010766	0.00168	1.8156e-06
786	0.99814	0.00017212	0.0016845	2.9004e-07
787	0.9983	1.5291e-05	0.0016878	2.582e-08
788	0.99795	0.00036231	0.0016901	6.1554e-07
789	0.99825	6.0438e-05	0.0016935	1.0294e-07
790	0.99798	0.00031898	0.001696	5.4661e-07
791	0.99768	0.00062358	0.0016984	1.0714e-06
792	0.99713	0.0011642	0.0017004	2.0022e-06
793	0.99599	0.002302	0.0017015	3.9581e-06
794	0.99587	0.0024213	0.0017044	4.1667e-06
795	0.9967	0.0015904	0.001709	2.7367e-06
796	0.99705	0.0012348	0.0017127	2.1283e-06
797	0.99698	0.0012976	0.0017156	2.2475e-06
798	0.99644	0.0018413	0.0017176	3.2087e-06
799	0.99058	0.0076972	0.0017104	1.3435e-05
800	0.9787	0.019578	0.0016927	3.4175e-05
801	0.95406	0.044208	0.0016528	7.7143e-05
802	0.89796	0.1003	0.0015582	0.00017488
803	0.86547	0.13279	0.0015042	0.00023198
804	0.84401	0.15425	0.0014695	0.00026985
805	0.8305	0.16776	0.0014486	0.00029387
806	0.82493	0.17332	0.0014415	0.00030415
807	0.82563	0.17262	0.0014452	0.00030351
808	0.83279	0.16546	0.0014602	0.00029158
809	0.84838	0.14986	0.0014898	0.0002649
810	0.8727	0.12554	0.001535	0.0002227
811	0.87074	0.1275	0.0015339	0.00022671
812	0.87437	0.12387	0.0015426	0.00022089
813	0.88221	0.11603	0.0015589	0.00020754
814	0.88179	0.11644	0.0015607	0.00020876
815	0.88535	0.11288	0.0015696	0.00020286
816	0.89338	0.10485	0.0015867	0.0001889
817	0.88029	0.11793	0.001566	0.00021267
818	0.87454	0.12367	0.0015584	0.00022341
819	0.87272	0.12549	0.0015578	0.00022708
820	0.86386	0.13436	0.0015445	0.00024351
821	0.85981	0.1384	0.0015399	0.00025124
822	0.85967	0.13853	0.0015424	0.00025189
823	0.85039	0.14781	0.0015285	0.00026903
824	0.84777	0.15042	0.0015265	0.00027421
825	0.84912	0.14908	0.0015317	0.00027218
826	0.85683	0.14136	0.0015484	0.00025861
827	0.8731	0.12509	0.0015806	0.00022949
828	0.89738	0.1008	0.0016277	0.00018556
829	0.90695	0.091237	0.0016481	0.00016832
830	0.92198	0.076197	0.0016788	0.0001409
831	0.9443	0.05388	0.0017232	9.9843e-05
832	0.95358	0.044594	0.0017436	8.2734e-05
833	0.95734	0.04083	0.0017538	7.5858e-05
834	0.96421	0.033954	0.0017699	6.3148e-05
835	0.97738	0.020784	0.0017975	3.8735e-05
836	0.98307	0.015086	0.0018115	2.8133e-05
837	0.99384	0.0043207	0.0018348	8.0745e-06
838	0.99285	0.0052995	0.0018362	9.9012e-06
839	0.99343	0.0047188	0.0018404	8.8452e-06
840	0.99281	0.0053345	0.0018424	1.0011e-05
841	0.99344	0.0047048	0.0018468	8.8457e-06
842	0.99532	0.0028243	0.0018537	5.3239e-06
843	0.99592	0.0022147	0.0018582	4.176e-06
844	0.99359	0.004543	0.0018571	8.5535e-06
845	0.99297	0.0051589	0.0018592	9.7408e-06
846	0.99359	0.0045426	0.0018636	8.6027e-06
847	0.99297	0.0051574	0.0018658	9.7778e-06
848	0.99118	0.0069452	0.0018657	1.3193e-05
849	0.99074	0.0073752	0.0018682	1.4037e-05
850	0.99162	0.0064991	0.0018732	1.2395e-05
851	0.9939	0.0042115	0.0018811	8.0506e-06
852	0.99787	0.00023768	0.0018922	4.541e-07
853	0.99803	7.1715e-05	0.0018959	1.3732e-07
854	0.99557	0.0025331	0.0018946	4.8591e-06
855	0.97848	0.019618	0.0018653	3.7602e-05
856	0.96689	0.031204	0.0018466	5.9849e-05
857	0.96091	0.037182	0.0018384	7.1464e-05
858	0.9578	0.040284	0.0018358	7.7555e-05
859	0.95822	0.039868	0.0018398	7.6927e-05
860	0.9611	0.036976	0.0018487	7.1495e-05
861	0.96682	0.031261	0.0018632	6.0552e-05
862	0.97799	0.020082	0.0018882	3.9036e-05
863	0.99506	0.003007	0.0019249	5.9137e-06
864	0.99507	0.002991	0.0019285	5.8981e-06
865	0.99009	0.0079702	0.0019224	1.5664e-05
866	0.98729	0.010767	0.0019206	2.1169e-05
867	0.98627	0.011784	0.0019224	2.3191e-05
868	0.98688	0.011167	0.0019274	2.2e-05
869	0.98981	0.0082365	0.001937	1.6277e-05
870	0.99096	0.0070824	0.0019429	1.405e-05
871	0.99083	0.0072089	0.0019463	1.436e-05
872	0.9889	0.0091357	0.0019461	1.8237e-05
873	0.98845	0.0095827	0.0019489	1.9176e-05
874	0.98942	0.0086038	0.0019547	1.7273e-05
875	0.98903	0.0089991	0.0019576	1.8124e-05
876	0.99012	0.0079032	0.0019636	1.5987e-05
877	0.99286	0.0051582	0.001973	1.0526e-05
878	0.99376	0.0042536	0.0019787	8.7392e-06
879	0.98176	0.016245	0.0019583	3.3157e-05
880	0.97533	0.022678	0.0019491	4.6407e-05
881	0.97179	0.026207	0.0019457	5.3757e-05
882	0.97066	0.027338	0.0019474	5.6234e-05
883	0.9716	0.026394	0.0019533	5.4479e-05
884	0.96889	0.0291	0.0019518	6.0156e-05
885	0.96839	0.029597	0.001955	6.1317e-05
886	0.94964	0.048343	0.0019208	9.9846e-05
887	0.90686	0.091114	0.0018375	0.00018761
888	0.81301	0.18496	0.0016496	0.00037995
889	0.59982	0.39815	0.0012176	0.00081656
890	0.45369	0.54427	0.00092189	0.0011169
891	0.3536	0.64436	0.00071973	0.0013237
892	0.29489	0.70306	0.00060094	0.0014471
893	0.25501	0.74294	0.00052059	0.0015321
894	0.22725	0.77069	0.00046496	0.0015924
895	0.17107	0.82687	0.00035034	0.0017117
896	0.13136	0.86658	0.00026944	0.0017973
897	0.10831	0.88962	0.00022238	0.001849
898	0.095378	0.90255	0.00019598	0.00188
899	0.087206	0.91071	0.00017944	0.0019011
900	0.082311	0.9156	0.00016969	0.0019156
901	0.080105	0.9178	0.00016554	0.0019244
902	0.081801	0.9161	0.00016944	0.0019252
903	0.087797	0.9101	0.00018229	0.0019169
904	0.072353	0.92554	0.0001503	0.0019536
905	0.062116	0.93578	0.00012919	0.0019794
906	0.056975	0.94091	0.00011863	0.0019946
907	0.054172	0.94371	0.00011299	0.0020049
908	0.054589	0.94329	0.00011407	0.0020085
909	0.057218	0.94065	0.00011986	0.0020074
910	0.062157	0.93571	0.00013061	0.0020013
911	0.070351	0.92751	0.0001484	0.0019883
912	0.082977	0.91488	0.00017583	0.0019656
913	0.075846	0.92201	0.00016114	0.0019852
914	0.071661	0.92619	0.00015273	0.0019984
915	0.07132	0.92652	0.00015246	0.0020035
916	0.074725	0.92311	0.00016021	0.0020005
917	0.080897	0.91694	0.00017404	0.0019915
918	0.092959	0.90487	0.00020066	0.0019696
919	0.095457	0.90237	0.00020664	0.0019684
920	0.10122	0.8966	0.00021987	0.0019601
921	0.11311	0.88471	0.00024649	0.0019382
922	0.1306	0.86721	0.00028569	0.0019039
923	0.16124	0.83657	0.00035391	0.0018404
924	0.21327	0.78453	0.00046941	0.0017297
925	0.23879	0.75901	0.00052663	0.0016772
926	0.2768	0.721	0.00061198	0.0015966
927	0.34154	0.65624	0.00075664	0.0014566
928	0.45085	0.54693	0.0010001	0.0012178
929	0.61035	0.38743	0.001357	0.00086558
930	0.67667	0.3211	0.0015083	0.00071913
931	0.78987	0.2079	0.0017645	0.00046765
932	0.84118	0.15658	0.0018835	0.00035335
933	0.91429	0.083466	0.0020527	0.00018905
934	0.92291	0.07484	0.0020767	0.00016987
935	0.93706	0.060692	0.0021136	0.00013795
936	0.9622	0.035545	0.0021756	8.0929e-05
937	0.96467	0.033065	0.0021857	7.5501e-05
938	0.96329	0.034446	0.0021871	7.8813e-05
939	0.96513	0.032598	0.0021958	7.4799e-05
940	0.96381	0.033911	0.0021972	7.804e-05
941	0.96492	0.032796	0.0022043	7.5688e-05
942	0.96842	0.029294	0.0022169	6.7808e-05
943	0.96796	0.029751	0.0022206	6.8997e-05
944	0.96417	0.033531	0.0022164	7.7911e-05
945	0.96378	0.033925	0.0022199	7.9052e-05
946	0.96565	0.032049	0.0022289	7.4902e-05
947	0.96367	0.03402	0.0022289	7.9654e-05
948	0.96415	0.033541	0.0022348	7.8681e-05
949	0.96695	0.030735	0.0022462	7.2234e-05
950	0.97384	0.023835	0.0022672	5.6206e-05
951	0.98452	0.013147	0.0022972	3.1144e-05
952	0.98907	0.0085961	0.002313	2.0432e-05
953	0.9965	0.0011629	0.0023357	2.7995e-06
954	0.99623	0.0014233	0.0023403	3.4225e-06
955	0.99216	0.0054934	0.0023359	1.3115e-05
