#coord	neutral	conserved	gBGC.neutral	gBGC.conserved
1	0.77877	0.21714	0.0032026	0.00089316
2	0.78659	0.20931	0.0032328	0.00086041
3	0.80019	0.19572	0.0032867	0.00080397
4	0.82593	0.16998	0.0033903	0.00069777
5	0.87112	0.1248	0.0035736	0.00051197
6	0.94795	0.047965	0.0038862	0.00019677
7	0.95798	0.037938	0.0039248	0.00015556
8	0.97312	0.022806	0.0039844	9.3468e-05
9	0.99517	0.00075015	0.0040722	3.0757e-06
10	0.99514	0.00078309	0.0040695	3.2083e-06
11	0.99484	0.001091	0.0040657	4.4656e-06
12	0.99531	0.00062701	0.0040651	2.5657e-06
13	0.99456	0.0013759	0.0040595	5.6234e-06
14	0.99468	0.0012606	0.0040575	5.1485e-06
15	0.99563	0.00030615	0.0040589	1.2502e-06
16	0.99562	0.00031823	0.0040563	1.2984e-06
17	0.99561	0.00033282	0.0040538	1.3571e-06
18	0.99558	0.00037045	0.0040512	1.5098e-06
19	0.99432	0.0016272	0.0040436	6.6241e-06
20	0.99421	0.0017374	0.0040407	7.072e-06
21	0.99344	0.0025181	0.004035	1.0245e-05
22	0.99171	0.004251	0.0040255	1.7283e-05
23	0.99124	0.0047191	0.0040212	1.9173e-05
24	0.98908	0.0068864	0.00401	2.7952e-05
25	0.98832	0.0076455	0.0040045	3.1008e-05
26	0.98896	0.0070036	0.0040047	2.8381e-05
27	0.99156	0.0044044	0.0040128	1.7836e-05
28	0.99279	0.0031834	0.0040153	1.2886e-05
29	0.9953	0.00067381	0.004023	2.7272e-06
30	0.99454	0.0014343	0.0040175	5.8027e-06
31	0.99317	0.0028116	0.0040095	1.1372e-05
32	0.99284	0.003143	0.0040057	1.2709e-05
33	0.99352	0.0024682	0.004006	9.9819e-06
34	0.99329	0.0026994	0.0040026	1.0913e-05
35	0.98875	0.0072406	0.0039819	2.9237e-05
36	0.98613	0.0098592	0.0039689	3.9782e-05
37	0.96624	0.029753	0.0038863	0.00011997
38	0.95317	0.042826	0.0038313	0.00017256
39	0.9447	0.051295	0.003795	0.00020654
40	0.93982	0.056177	0.0037731	0.00022604
41	0.93817	0.057832	0.0037642	0.00023254
42	0.93928	0.056721	0.0037664	0.00022793
43	0.93481	0.061195	0.0037462	0.00024571
44	0.9238	0.072212	0.0036999	0.00028971
45	0.91715	0.078858	0.0036711	0.00031613
46	0.91408	0.081932	0.0036566	0.00032821
47	0.87877	0.11725	0.0035132	0.00046923
48	0.85867	0.13735	0.0034308	0.00054928
49	0.81073	0.18529	0.0032373	0.0007404
50	0.70429	0.29173	0.0028108	0.0011646
51	0.64148	0.35455	0.0025586	0.0014144
52	0.59759	0.39844	0.0023822	0.0015884
53	0.56735	0.42869	0.0022604	0.0017079
54	0.55118	0.44485	0.0021947	0.0017711
55	0.51379	0.48225	0.0020448	0.0019187
56	0.49303	0.503	0.0019611	0.0020001
57	0.48059	0.51546	0.0019105	0.0020483
58	0.45175	0.54429	0.0017949	0.0021615
59	0.39314	0.6029	0.0015613	0.0023928
60	0.35909	0.63695	0.0014252	0.0025264
61	0.33583	0.66022	0.0013322	0.0026171
62	0.32056	0.6755	0.0012709	0.002676
63	0.31431	0.68175	0.0012454	0.0026991
64	0.31519	0.68087	0.0012482	0.002694
65	0.32345	0.67261	0.0012801	0.0026597
66	0.33832	0.65774	0.0013381	0.0025993
67	0.36634	0.62973	0.0014479	0.002487
68	0.40831	0.58776	0.0016128	0.0023197
69	0.40764	0.58843	0.0016092	0.002321
70	0.39655	0.59953	0.0015645	0.0023633
71	0.3937	0.60238	0.0015522	0.0023732
72	0.39831	0.59777	0.0015694	0.0023536
73	0.40842	0.58766	0.0016081	0.0023124
74	0.42958	0.5665	0.0016903	0.0022279
75	0.46207	0.53401	0.0018169	0.0020989
76	0.47279	0.5233	0.0018578	0.0020555
77	0.49501	0.50108	0.0019439	0.001967
78	0.52908	0.46701	0.0020763	0.0018322
79	0.525	0.47109	0.0020591	0.0018471
80	0.52606	0.47004	0.0020619	0.0018418
81	0.53236	0.46374	0.0020854	0.0018159
82	0.54468	0.45142	0.0021324	0.0017666
83	0.56934	0.42676	0.0022275	0.001669
84	0.60558	0.39053	0.002368	0.0015262
85	0.62271	0.3734	0.0024334	0.0014583
86	0.65466	0.34145	0.0025567	0.0013326
87	0.71006	0.28605	0.0027712	0.0011157
88	0.78896	0.20716	0.0030772	0.0008073
89	0.82983	0.16629	0.0032345	0.00064758
90	0.8996	0.096523	0.003504	0.00037566
91	0.90877	0.087348	0.0035374	0.00033976
92	0.91026	0.085864	0.003541	0.00033379
93	0.90638	0.089745	0.0035236	0.00034869
94	0.90587	0.090262	0.0035194	0.00035048
95	0.90866	0.087476	0.003528	0.00033945
96	0.917	0.079135	0.0035582	0.00030688
97	0.93031	0.065831	0.0036075	0.0002551
98	0.95415	0.041988	0.0036976	0.00016258
99	0.9951	0.0010472	0.0038537	4.0569e-06
100	0.98139	0.014757	0.0037981	5.7201e-05
101	0.97388	0.02227	0.0037666	8.6285e-05
102	0.97043	0.025719	0.0037508	9.9607e-05
103	0.96935	0.026798	0.0037442	0.00010374
104	0.97119	0.024962	0.0037488	9.6609e-05
105	0.97553	0.020628	0.0037631	7.9839e-05
106	0.97046	0.025697	0.0037411	9.9398e-05
107	0.95839	0.037772	0.0036921	0.00014598
108	0.95062	0.045548	0.0036597	0.0001759
109	0.94748	0.048683	0.0036453	0.0001879
110	0.93759	0.058577	0.0036048	0.00022592
111	0.91353	0.082644	0.0035099	0.00031845
112	0.7388	0.25738	0.0028356	0.0009903
113	0.61917	0.377	0.0023742	0.0014493
114	0.53473	0.46145	0.0020486	0.0017725
115	0.47531	0.52087	0.0018195	0.0019991
116	0.44117	0.55502	0.0016875	0.0021288
117	0.4226	0.57358	0.0016153	0.0021986
118	0.41173	0.58446	0.0015726	0.0022388
119	0.40923	0.58696	0.001562	0.0022471
120	0.4144	0.58179	0.0015806	0.002226
121	0.42519	0.571	0.0016207	0.0021835
122	0.42325	0.57294	0.0016122	0.0021895
123	0.42628	0.56992	0.0016227	0.0021766
124	0.41954	0.57666	0.0015959	0.002201
125	0.41795	0.57825	0.0015888	0.0022057
126	0.42132	0.57488	0.0016006	0.0021915
127	0.41206	0.58415	0.0015644	0.0022254
128	0.38851	0.6077	0.0014738	0.0023135
129	0.37659	0.61962	0.0014276	0.0023573
130	0.34629	0.64993	0.0013116	0.0024709
131	0.32656	0.66966	0.0012359	0.0025442
132	0.27725	0.71897	0.0010483	0.0027294
133	0.24272	0.7535	0.00091691	0.0028584
134	0.22318	0.77305	0.00084238	0.0029305
135	0.21092	0.78531	0.00079548	0.002975
136	0.17797	0.81826	0.00067055	0.0030975
137	0.15931	0.83693	0.00059965	0.003166
138	0.14735	0.84889	0.00055417	0.0032091
139	0.14037	0.85587	0.00052755	0.0032333
140	0.13738	0.85886	0.00051597	0.0032425
141	0.13794	0.8583	0.00051779	0.0032383
142	0.14214	0.85411	0.00053328	0.0032205
143	0.15057	0.84568	0.00056471	0.0031867
144	0.16366	0.8326	0.00061364	0.0031354
145	0.18706	0.80919	0.00070126	0.0030454
146	0.19451	0.80175	0.00072884	0.0030154
147	0.20696	0.7893	0.00077519	0.0029667
148	0.23034	0.76592	0.00086249	0.002877
149	0.26412	0.73214	0.00098875	0.0027484
150	0.27935	0.71692	0.0010452	0.0026895
151	0.28348	0.71279	0.00106	0.0026724
152	0.29253	0.70374	0.0010933	0.0026367
153	0.31136	0.68492	0.001163	0.0025646
154	0.31583	0.68044	0.001179	0.0025462
155	0.32869	0.66759	0.0012263	0.0024966
156	0.34957	0.64671	0.0013035	0.002417
157	0.38148	0.6148	0.0014219	0.0022962
158	0.43702	0.55927	0.0016281	0.0020876
159	0.51856	0.47773	0.0019312	0.0017821
160	0.55966	0.43663	0.0020832	0.0016278
161	0.57561	0.42068	0.0021413	0.0015673
162	0.55791	0.43838	0.0020741	0.0016321
163	0.54725	0.44904	0.0020332	0.0016706
164	0.54498	0.45132	0.0020236	0.0016779
165	0.55047	0.44583	0.0020427	0.0016564
166	0.56524	0.43107	0.0020962	0.0016005
167	0.58912	0.40719	0.0021834	0.0015109
168	0.59887	0.39744	0.0022181	0.0014738
169	0.57037	0.42594	0.0021112	0.0015783
170	0.51224	0.48408	0.0018948	0.0017924
171	0.40002	0.59629	0.0014784	0.0022064
172	0.32325	0.67307	0.0011937	0.0024886
173	0.27805	0.71827	0.001026	0.002654
174	0.25199	0.74433	0.00092902	0.0027485
175	0.23506	0.76127	0.00086592	0.0028092
176	0.19898	0.79735	0.00073227	0.0029405
177	0.17471	0.82162	0.00064235	0.003028
178	0.15874	0.83759	0.00058316	0.0030848
179	0.14879	0.84755	0.00054619	0.0031193
180	0.14304	0.8533	0.00052471	0.0031384
181	0.1426	0.85374	0.00052277	0.003138
182	0.14738	0.84897	0.0005399	0.0031184
183	0.15657	0.83977	0.00057324	0.0030827
184	0.17447	0.82188	0.00063838	0.0030152
185	0.16535	0.831	0.00060455	0.0030466
186	0.1608	0.83555	0.00058751	0.0030612
187	0.16179	0.83456	0.00059074	0.0030556
188	0.16636	0.82999	0.00060704	0.0030369
189	0.17779	0.81857	0.00064834	0.0029932
190	0.17833	0.81803	0.00064988	0.0029892
191	0.17073	0.82563	0.0006217	0.003015
192	0.16713	0.82924	0.00060813	0.0030262
193	0.16708	0.82929	0.00060757	0.0030244
194	0.17278	0.82359	0.00062789	0.0030016
195	0.18585	0.81053	0.00067494	0.0029522
196	0.18919	0.80719	0.00068658	0.0029381
197	0.19666	0.79972	0.0007132	0.0029091
198	0.20915	0.78723	0.00075802	0.0028618
199	0.22816	0.76822	0.00082646	0.002791
200	0.26204	0.73434	0.00094866	0.0026664
201	0.31206	0.68433	0.0011292	0.0024834
202	0.33284	0.66355	0.0012037	0.0024066
203	0.36454	0.63185	0.0013176	0.0022902
204	0.41017	0.58623	0.0014819	0.0021235
205	0.47739	0.51901	0.0017242	0.0018788
206	0.57271	0.42369	0.0020679	0.0015327
207	0.73339	0.26301	0.0026472	0.00095103
208	0.96784	0.028566	0.0034926	0.00010327
209	0.96972	0.026688	0.0034971	9.6429e-05
210	0.95873	0.037674	0.0034551	0.00013598
211	0.71864	0.27777	0.0025872	0.0010015
212	0.54866	0.44775	0.0019733	0.001613
213	0.42838	0.56804	0.0015392	0.0020447
214	0.34333	0.65309	0.0012326	0.002349
215	0.29317	0.70325	0.0010516	0.0025276
216	0.25806	0.73836	0.00092486	0.0026519
217	0.23379	0.76264	0.00083722	0.0027372
218	0.22077	0.77566	0.00079	0.002782
219	0.21348	0.78295	0.00076338	0.0028062
220	0.19109	0.80535	0.00068279	0.0028844
221	0.13884	0.85759	0.00049573	0.0030691
222	0.108	0.88844	0.00038525	0.0031772
223	0.086297	0.91014	0.00030758	0.0032525
224	0.073901	0.92254	0.00026316	0.0032946
225	0.065557	0.93089	0.00023327	0.0033221
226	0.060262	0.93618	0.00021428	0.0033387
227	0.058715	0.93773	0.00020863	0.003342
228	0.060418	0.93603	0.00021453	0.0033337
229	0.056888	0.93957	0.00020182	0.003344
230	0.055701	0.94076	0.00019745	0.003346
231	0.056466	0.93999	0.00020003	0.003341
232	0.06069	0.93577	0.00021485	0.0033238
233	0.067945	0.92852	0.0002404	0.0032958
234	0.078837	0.91763	0.00027881	0.003255
235	0.095261	0.90121	0.00033677	0.0031947
236	0.12353	0.87294	0.00043651	0.0030926
237	0.16492	0.83155	0.00058257	0.0029441
238	0.23478	0.7617	0.0008289	0.0026954
239	0.33665	0.65983	0.0011881	0.0023338
240	0.34898	0.6475	0.0012308	0.0022888
241	0.37297	0.62351	0.0013144	0.0022027
242	0.40928	0.58721	0.0014414	0.0020733
243	0.46135	0.53513	0.0016238	0.0018885
244	0.48242	0.51407	0.0016968	0.0018131
245	0.52059	0.4759	0.0018299	0.0016776
246	0.57727	0.41923	0.0020279	0.0014772
247	0.60568	0.39082	0.0021263	0.0013764
248	0.6485	0.348	0.0022752	0.0012252
249	0.64622	0.35028	0.0022656	0.0012324
250	0.63243	0.36407	0.0022156	0.00128
251	0.62538	0.37113	0.0021893	0.0013039
252	0.62358	0.37293	0.0021815	0.0013093
253	0.62943	0.36708	0.0022005	0.001288
254	0.64174	0.35477	0.002242	0.001244
255	0.66229	0.33423	0.0023124	0.0011713
256	0.66811	0.32841	0.0023311	0.0011502
257	0.6803	0.31622	0.0023721	0.0011068
258	0.70061	0.29592	0.0024414	0.0010351
259	0.70587	0.29065	0.0024582	0.001016
260	0.7167	0.27983	0.0024943	0.00097752
261	0.73851	0.25802	0.0025686	0.00090082
262	0.77188	0.22466	0.0026832	0.00078389
263	0.82161	0.17493	0.0028547	0.00061004
264	0.90613	0.090407	0.003147	0.0003154
265	0.91674	0.0798	0.0031817	0.00027826
266	0.92055	0.075996	0.0031928	0.00026485
267	0.92804	0.068508	0.0032166	0.00023865
268	0.9186	0.077945	0.0031817	0.00027123
269	0.91325	0.083299	0.003161	0.0002896
270	0.91134	0.085215	0.0031522	0.00029602
271	0.9129	0.083652	0.0031555	0.00029037
272	0.8893	0.10725	0.0030718	0.00037172
273	0.87645	0.12011	0.0030253	0.00041589
274	0.86874	0.12782	0.0029967	0.0004422
275	0.86713	0.12944	0.0029891	0.00044747
276	0.87114	0.12543	0.0030009	0.00043333
277	0.87986	0.11671	0.0030289	0.00040294
278	0.86875	0.12782	0.0029885	0.00044096
279	0.86247	0.1341	0.0029649	0.00046228
280	0.86204	0.13453	0.0029614	0.00046344
281	0.86579	0.13078	0.0029722	0.00045024
282	0.87426	0.12232	0.0029993	0.00042084
283	0.87436	0.12222	0.0029976	0.00042015
284	0.86772	0.12887	0.0029728	0.00044265
285	0.86515	0.13144	0.002962	0.00045113
286	0.86821	0.12838	0.0029704	0.00044032
287	0.87777	0.11882	0.0030011	0.00040731
288	0.89654	0.10006	0.0030632	0.00034287
289	0.87566	0.12094	0.0029895	0.00041413
290	0.86187	0.13472	0.0029403	0.00046098
291	0.85396	0.14264	0.0029112	0.00048772
292	0.85041	0.14619	0.0028971	0.00049948
293	0.85274	0.14387	0.002903	0.00049124
294	0.85964	0.13697	0.0029245	0.00046739
295	0.87213	0.12448	0.0029649	0.00042455
296	0.87503	0.12158	0.0029728	0.00041436
297	0.88199	0.11462	0.0029945	0.00039037
298	0.89666	0.099959	0.0030422	0.00034024
299	0.91861	0.078009	0.0031147	0.0002654
300	0.95156	0.045064	0.0032245	0.00015327
301	0.94549	0.051131	0.0032018	0.00017372
302	0.94381	0.052815	0.0031938	0.00017929
303	0.94502	0.051612	0.0031957	0.00017507
304	0.94213	0.054505	0.0031837	0.00018473
305	0.94221	0.054424	0.0031818	0.00018431
306	0.94635	0.050288	0.0031936	0.00017019
307	0.94525	0.05139	0.0031877	0.00017379
308	0.94679	0.04985	0.0031907	0.00016845
309	0.95264	0.044008	0.0032082	0.00014862
310	0.95308	0.043564	0.0032075	0.000147
311	0.94883	0.047816	0.003191	0.00016119
312	0.94848	0.048175	0.0031875	0.00016227
313	0.94274	0.053913	0.0031661	0.00018143
314	0.94138	0.055275	0.0031593	0.00018586
315	0.94296	0.053697	0.0031624	0.00018042
316	0.9477	0.048955	0.0031761	0.00016435
317	0.95798	0.038684	0.0032084	0.00012977
318	0.97346	0.023208	0.0032581	7.7782e-05
319	0.96809	0.028575	0.0032378	9.5668e-05
320	0.96551	0.031157	0.003227	0.00010421
321	0.96608	0.030596	0.0032266	0.00010225
322	0.95077	0.045906	0.0031733	0.00015323
323	0.9427	0.053972	0.0031442	0.00018001
324	0.92264	0.074035	0.0030751	0.00024669
325	0.91188	0.084799	0.0030372	0.00028234
326	0.90736	0.089322	0.00302	0.00029719
327	0.90773	0.088954	0.003019	0.00029576
328	0.87783	0.11885	0.0029175	0.0003949
329	0.85816	0.13853	0.0028502	0.00045992
330	0.84536	0.15134	0.0028057	0.00050204
331	0.84014	0.15655	0.0027864	0.00051895
332	0.84104	0.15566	0.0027874	0.0005156
333	0.8482	0.1485	0.0028091	0.00049154
334	0.86112	0.13559	0.0028498	0.00044846
335	0.88529	0.11142	0.0029277	0.00036824
336	0.92724	0.069466	0.0030641	0.00022945
337	0.94613	0.050576	0.0031242	0.00016699
338	0.94569	0.051025	0.0031204	0.00016836
339	0.94911	0.047599	0.0031294	0.00015696
340	0.94762	0.049094	0.0031222	0.00016179
341	0.94987	0.04685	0.0031273	0.00015431
342	0.955	0.041719	0.0031419	0.00013732
343	0.95613	0.04059	0.0031433	0.00013353
344	0.96006	0.036667	0.0031539	0.00012056
345	0.96878	0.02795	0.0031802	9.188e-05
346	0.96658	0.030154	0.0031706	9.9079e-05
347	0.95899	0.037746	0.0031433	0.00012396
348	0.95461	0.042121	0.0031266	0.00013823
349	0.95293	0.043805	0.0031188	0.00014366
350	0.95481	0.041927	0.0031226	0.00013742
351	0.95941	0.037328	0.0031354	0.00012229
352	0.95933	0.037418	0.0031327	0.00012251
353	0.96161	0.035135	0.0031379	0.00011496
354	0.96788	0.02887	0.003156	9.4439e-05
355	0.96288	0.033868	0.0031374	0.00011069
356	0.96071	0.036041	0.003128	0.0001177
357	0.96105	0.035702	0.0031268	0.00011651
358	0.95694	0.03982	0.0031112	0.00012982
359	0.94442	0.052346	0.0030682	0.00017044
360	0.93644	0.06032	0.0030401	0.00019621
361	0.93346	0.063302	0.0030282	0.00020574
362	0.93363	0.063135	0.0030265	0.00020503
363	0.93697	0.059796	0.0030352	0.00019402
364	0.94543	0.051346	0.0030604	0.00016648
365	0.95858	0.038195	0.0031007	0.00012373
366	0.98201	0.014768	0.0031743	4.7807e-05
367	0.98053	0.016252	0.0031672	5.2565e-05
368	0.98077	0.016009	0.0031656	5.1732e-05
369	0.98353	0.01326	0.0031722	4.2821e-05
370	0.98419	0.012595	0.003172	4.065e-05
371	0.98666	0.010132	0.0031775	3.2683e-05
372	0.98733	0.0094668	0.0031773	3.0512e-05
373	0.98963	0.0071598	0.0031824	2.3057e-05
374	0.99468	0.0021157	0.0031963	6.8154e-06
375	0.99313	0.0036717	0.0031889	1.1813e-05
376	0.99277	0.0040319	0.0031854	1.296e-05
377	0.99356	0.0032481	0.0031856	1.0433e-05
378	0.99328	0.0035278	0.0031823	1.1324e-05
379	0.99181	0.0049993	0.0031753	1.6031e-05
380	0.9805	0.016311	0.0031367	5.2259e-05
381	0.97306	0.023758	0.0031105	7.6052e-05
382	0.95854	0.038278	0.0030618	0.00012245
383	0.95087	0.045946	0.0030349	0.00014689
384	0.9468	0.050021	0.0030197	0.0001598
385	0.94671	0.050116	0.0030171	0.00016001
386	0.94927	0.047555	0.0030229	0.00015174
387	0.9548	0.042031	0.0030383	0.00013405
388	0.95525	0.041579	0.0030374	0.00013251
389	0.95128	0.045554	0.0030225	0.00014505
390	0.93972	0.057118	0.0029836	0.00018168
391	0.86344	0.13339	0.0027391	0.00042376
392	0.80985	0.18698	0.0025671	0.00059343
393	0.77908	0.21777	0.0024676	0.00069058
394	0.75827	0.23857	0.0023998	0.00075595
395	0.7481	0.24874	0.0023658	0.00078761
396	0.74368	0.25317	0.0023501	0.000801
397	0.74621	0.25064	0.0023563	0.00079243
398	0.75369	0.24316	0.0023781	0.00076823
399	0.75081	0.24604	0.0023672	0.00077673
400	0.75255	0.24431	0.0023709	0.00077065
401	0.7591	0.23776	0.0023899	0.00074937
402	0.7745	0.22236	0.0024366	0.00070029
403	0.77955	0.21731	0.0024506	0.00068387
404	0.79031	0.20656	0.0024826	0.00064953
405	0.81175	0.18512	0.0025481	0.00058167
406	0.84965	0.14722	0.0026651	0.00046229
407	0.90396	0.092913	0.0028334	0.00029158
408	0.98375	0.013131	0.0030815	4.1161e-05
409	0.99637	0.00051006	0.0031187	1.5983e-06
410	0.99454	0.0023462	0.0031105	7.3395e-06
411	0.9938	0.0030884	0.0031059	9.6509e-06
412	0.99211	0.0047719	0.0030982	1.49e-05
413	0.99202	0.0048669	0.0030956	1.5187e-05
414	0.99349	0.0033996	0.0030977	1.0605e-05
415	0.9914	0.0054915	0.0030888	1.712e-05
416	0.99072	0.0061791	0.0030843	1.9248e-05
417	0.9917	0.0052031	0.003085	1.6199e-05
418	0.99082	0.0060771	0.0030799	1.8905e-05
419	0.98858	0.008319	0.0030705	2.5863e-05
420	0.98783	0.0090751	0.0030658	2.8192e-05
421	0.98847	0.0084361	0.0030654	2.6186e-05
422	0.99069	0.006218	0.0030699	1.9283e-05
423	0.99116	0.0057557	0.003069	1.7829e-05
424	0.99055	0.0063701	0.0030648	1.9711e-05
425	0.99162	0.005299	0.0030657	1.6383e-05
426	0.99465	0.0022669	0.0030727	7.0054e-06
427	0.99601	0.00091364	0.0030745	2.8216e-06
428	0.99576	0.0011652	0.0030713	3.5969e-06
429	0.9963	0.00063077	0.0030705	1.9469e-06
430	0.99301	0.0039161	0.003058	1.208e-05
431	0.98591	0.01102	0.0030337	3.3958e-05
432	0.98147	0.015462	0.0030177	4.7605e-05
433	0.9793	0.017637	0.0030086	5.4251e-05
434	0.97967	0.017271	0.0030074	5.309e-05
435	0.98268	0.014263	0.0030142	4.3825e-05
436	0.98274	0.014201	0.003012	4.3609e-05
437	0.97212	0.024827	0.0029771	7.6156e-05
438	0.96665	0.030303	0.002958	9.2887e-05
439	0.96383	0.033123	0.002947	0.00010145
440	0.96429	0.032661	0.0029461	9.9974e-05
441	0.96817	0.028785	0.0029555	8.8078e-05
442	0.94413	0.052829	0.0028796	0.00016159
443	0.92773	0.069233	0.0028271	0.0002116
444	0.91742	0.079547	0.0027934	0.00024293
445	0.89579	0.10117	0.0027252	0.00030867
446	0.88138	0.11559	0.0026792	0.00035234
447	0.8746	0.12237	0.0026564	0.00037272
448	0.85512	0.14185	0.002595	0.00043166
449	0.84528	0.1517	0.002563	0.00046126
450	0.84057	0.15641	0.0025466	0.00047521
451	0.84031	0.15667	0.0025438	0.00047561
452	0.84448	0.1525	0.0025544	0.0004626
453	0.85322	0.14376	0.0025788	0.00043576
454	0.86816	0.12882	0.002622	0.00039017
455	0.89146	0.10553	0.0026904	0.00031938
456	0.93192	0.065069	0.0028106	0.00019681
457	0.81697	0.18002	0.0024619	0.00054314
458	0.73849	0.2585	0.0022237	0.00077897
459	0.68339	0.31361	0.0020562	0.00094405
460	0.57625	0.42075	0.0017326	0.0012653
461	0.51353	0.48347	0.0015427	0.0014527
462	0.4771	0.5199	0.0014321	0.001561
463	0.38946	0.60755	0.001168	0.0018226
464	0.33823	0.65878	0.0010135	0.0019747
465	0.30243	0.69458	0.00090549	0.0020803
466	0.28231	0.71471	0.00084451	0.0021389
467	0.26926	0.72775	0.00080484	0.0021761
468	0.26426	0.73276	0.00078922	0.0021893
469	0.26592	0.7311	0.0007935	0.0021826
470	0.25631	0.74071	0.00076418	0.0022095
471	0.254	0.74302	0.00075664	0.0022146
472	0.24079	0.75624	0.00071661	0.0022522
473	0.23346	0.76358	0.00069418	0.0022722
474	0.23055	0.76649	0.00068494	0.002279
475	0.18179	0.81525	0.00053946	0.0024221
476	0.14743	0.84961	0.00043703	0.0025221
477	0.12334	0.8737	0.00036527	0.0025914
478	0.10988	0.88717	0.00032506	0.0026291
479	0.10144	0.89561	0.0002998	0.002652
480	0.07881	0.91824	0.00023268	0.0027166
481	0.062923	0.93413	0.00018559	0.0027613
482	0.051866	0.94519	0.00015284	0.0027916
483	0.044309	0.95275	0.00013047	0.0028116
484	0.039593	0.95747	0.0001165	0.0028231
485	0.037899	0.95916	0.00011143	0.0028257
486	0.037956	0.95911	0.00011153	0.0028232
487	0.033605	0.96346	9.8672e-05	0.0028336
488	0.032015	0.96506	9.3927e-05	0.0028359
489	0.031837	0.96524	9.3338e-05	0.002834
490	0.027402	0.96967	8.0267e-05	0.0028447
491	0.024799	0.97228	7.2587e-05	0.0028499
492	0.023501	0.97358	6.8742e-05	0.0028513
493	0.018081	0.979	5.2849e-05	0.0028647
494	0.015187	0.9819	4.4353e-05	0.0028707
495	0.014023	0.98306	4.0916e-05	0.0028717
496	0.013774	0.98332	4.0158e-05	0.00287
497	0.014918	0.98217	4.3455e-05	0.0028642
498	0.017129	0.97997	4.9859e-05	0.0028554
499	0.021582	0.97552	6.2767e-05	0.00284
500	0.02954	0.96756	8.5832e-05	0.0028144
501	0.040785	0.95632	0.00011841	0.0027794
502	0.06007	0.93704	0.00017423	0.0027211
503	0.06777	0.92934	0.00019638	0.0026964
504	0.08197	0.91514	0.00023727	0.002653
505	0.10232	0.8948	0.00029589	0.0025919
506	0.13125	0.86586	0.00037925	0.0025061
507	0.17364	0.82348	0.00050137	0.0023814
508	0.23358	0.76354	0.00067401	0.0022063
509	0.3354	0.66172	0.00096705	0.0019108
510	0.48387	0.51325	0.0013942	0.0014811
511	0.50211	0.49502	0.0014455	0.0014273
512	0.52965	0.46748	0.0015236	0.0013468
513	0.5779	0.41923	0.001661	0.0012068
514	0.64908	0.34805	0.0018643	0.0010011
515	0.75344	0.2437	0.0021626	0.00070029
516	0.9293	0.067837	0.0026655	0.00019489
517	0.9351	0.062045	0.0026798	0.0001781
518	0.94724	0.049905	0.0027122	0.00014315
519	0.969	0.028149	0.0027721	8.0774e-05
520	0.94895	0.048201	0.0027122	0.00013815
521	0.93795	0.059197	0.0026783	0.00016953
522	0.93152	0.065634	0.0026575	0.0001878
523	0.92872	0.068439	0.0026472	0.00019565
524	0.92915	0.068014	0.002646	0.00019427
525	0.9326	0.064561	0.0026536	0.00018426
526	0.91917	0.077993	0.002613	0.00022235
527	0.91265	0.084519	0.002592	0.00024075
528	0.90975	0.087424	0.0025815	0.0002488
529	0.86653	0.13064	0.0024563	0.00037141
530	0.83756	0.15961	0.0023719	0.00045331
531	0.82176	0.17542	0.002325	0.00049776
532	0.78278	0.2144	0.0022124	0.00060777
533	0.76096	0.23623	0.0021486	0.00066905
534	0.74746	0.24973	0.0021085	0.00070665
535	0.7178	0.27939	0.0020227	0.00078988
536	0.69868	0.29851	0.0019669	0.00084316
537	0.68736	0.30983	0.0019332	0.00087434
538	0.65734	0.33986	0.001847	0.00095809
539	0.63803	0.35916	0.001791	0.0010115
540	0.62608	0.37112	0.0017559	0.0010442
541	0.62003	0.37717	0.0017373	0.0010602
542	0.62166	0.37554	0.0017404	0.0010547
543	0.63156	0.36565	0.0017665	0.001026
544	0.61038	0.38683	0.0017056	0.0010844
545	0.597	0.40022	0.0016666	0.0011208
546	0.5898	0.40742	0.0016449	0.0011399
547	0.56535	0.43187	0.0015753	0.0012071
548	0.55301	0.44421	0.0015394	0.0012404
549	0.5494	0.44782	0.0015279	0.0012494
550	0.55091	0.44631	0.0015307	0.001244
551	0.55773	0.4395	0.0015483	0.001224
552	0.57428	0.42295	0.0015928	0.0011769
553	0.60058	0.39666	0.0016644	0.0011028
554	0.63906	0.35818	0.0017696	0.00099502
555	0.69436	0.30288	0.0019213	0.00084077
556	0.77311	0.22414	0.0021378	0.00062172
557	0.80678	0.19046	0.0022292	0.00052786
558	0.85527	0.14198	0.0023614	0.00039312
559	0.84496	0.15228	0.0023308	0.00042116
560	0.84152	0.15573	0.0023192	0.00043025
561	0.84407	0.15318	0.0023242	0.00042279
562	0.81953	0.17772	0.0022545	0.00048995
563	0.80388	0.19338	0.0022093	0.00053254
564	0.79687	0.20039	0.002188	0.0005513
565	0.71844	0.27882	0.0019708	0.00076599
566	0.67285	0.32441	0.0018439	0.0008903
567	0.64137	0.35589	0.001756	0.00097569
568	0.62454	0.37273	0.0017083	0.0010209
569	0.61744	0.37984	0.0016872	0.0010394
570	0.61811	0.37917	0.0016874	0.0010366
571	0.62675	0.37053	0.0017093	0.0010121
572	0.64255	0.35474	0.0017507	0.00096812
573	0.6724	0.32488	0.0018303	0.00088599
574	0.66557	0.33172	0.0018099	0.0009038
575	0.66643	0.33086	0.0018104	0.00090066
576	0.67286	0.32443	0.0018261	0.00088238
577	0.67013	0.32717	0.0018169	0.00088901
578	0.67233	0.32497	0.0018211	0.00088224
579	0.67973	0.31757	0.0018393	0.00086138
580	0.69678	0.30053	0.0018836	0.00081449
581	0.70064	0.29666	0.0018922	0.00080332
582	0.71037	0.28694	0.0019166	0.00077632
583	0.70869	0.28862	0.0019101	0.00078016
584	0.71426	0.28306	0.0019232	0.00076445
585	0.72598	0.27133	0.0019529	0.00073217
586	0.74555	0.25177	0.0020037	0.00067884
587	0.77577	0.22155	0.002083	0.00059693
588	0.78857	0.20876	0.0021153	0.00056196
589	0.77368	0.22364	0.0020733	0.00060137
590	0.76538	0.23195	0.0020491	0.00062304
591	0.76246	0.23488	0.0020393	0.00063023
592	0.7645	0.23283	0.0020429	0.0006241
593	0.77405	0.22328	0.0020665	0.00059791
594	0.79364	0.20369	0.0021168	0.00054497
595	0.82376	0.17358	0.0021952	0.00046398
596	0.86874	0.12861	0.0023132	0.00034345
597	0.93292	0.064425	0.0024822	0.00017184
598	0.96628	0.031072	0.0025687	8.2797e-05
599	0.98378	0.013572	0.0026127	3.6146e-05
600	0.9814	0.015954	0.0026038	4.2437e-05
601	0.97295	0.024408	0.0025788	6.4823e-05
602	0.95606	0.041301	0.0025315	0.00010955
603	0.94518	0.052178	0.0025002	0.00013824
604	0.92332	0.07404	0.0024399	0.00019596
605	0.91132	0.086045	0.0024057	0.00022752
606	0.90403	0.093336	0.002384	0.00024655
607	0.90223	0.095138	0.0023768	0.00025108
608	0.90406	0.093313	0.0023793	0.00024603
609	0.90946	0.087922	0.0023911	0.00023161
610	0.908	0.089382	0.0023848	0.00023521
611	0.91133	0.086048	0.0023912	0.00022623
612	0.90821	0.089174	0.0023806	0.0002342
613	0.90994	0.087451	0.0023827	0.00022946
614	0.91545	0.081939	0.0023947	0.00021479
615	0.92555	0.071846	0.0024187	0.00018816
616	0.9282	0.0692	0.0024232	0.00018104
617	0.9342	0.063201	0.0024365	0.00016517
618	0.93529	0.062106	0.0024369	0.00016213
619	0.93939	0.058015	0.0024451	0.00015128
620	0.94895	0.048459	0.0024675	0.00012624
621	0.95284	0.044572	0.0024751	0.000116
622	0.94198	0.055435	0.0024444	0.00014408
623	0.93529	0.062121	0.0024246	0.00016126
624	0.93338	0.064035	0.0024172	0.00016605
625	0.9357	0.061721	0.0024207	0.00015989
626	0.94147	0.055947	0.0024331	0.00014479
627	0.95154	0.045881	0.0024567	0.00011861
628	0.94811	0.04932	0.0024453	0.00012736
629	0.94738	0.050046	0.0024409	0.00012909
630	0.95053	0.046898	0.0024465	0.00012084
631	0.95845	0.038982	0.0024643	0.00010036
632	0.95364	0.043794	0.0024494	0.00011262
633	0.95162	0.045818	0.0024416	0.00011769
634	0.95214	0.045299	0.0024405	0.00011622
635	0.95657	0.040877	0.0024492	0.00010476
636	0.96615	0.031298	0.0024712	8.0142e-05
637	0.97033	0.027124	0.0024793	6.9394e-05
638	0.97773	0.019725	0.0024955	5.0425e-05
639	0.98903	0.0084222	0.0025218	2.1527e-05
640	0.98651	0.010952	0.0025126	2.7963e-05
641	0.98024	0.017219	0.002494	4.3905e-05
642	0.97655	0.020912	0.002482	5.3259e-05
643	0.96729	0.030178	0.0024558	7.6749e-05
644	0.96178	0.03569	0.0024393	9.0651e-05
645	0.96008	0.037395	0.0024324	9.488e-05
646	0.95437	0.043103	0.0024153	0.00010925
647	0.95181	0.045673	0.0024062	0.00011563
648	0.95289	0.044595	0.0024064	0.0001128
649	0.89603	0.10146	0.0022602	0.00025626
650	0.86308	0.1344	0.0021747	0.00033913
651	0.84131	0.15618	0.0021175	0.00039362
652	0.79036	0.20714	0.001987	0.0005214
653	0.76121	0.23629	0.0019116	0.00059413
654	0.74239	0.25511	0.0018623	0.00064075
655	0.6966	0.3009	0.0017455	0.00075484
656	0.67075	0.32675	0.0016789	0.00081876
657	0.65448	0.34303	0.0016363	0.00085859
658	0.64771	0.3498	0.0016177	0.00087457
659	0.64614	0.35137	0.001612	0.00087754
660	0.65004	0.34747	0.00162	0.00086684
661	0.65943	0.33808	0.0016417	0.00084247
662	0.67959	0.31793	0.0016901	0.00079137
663	0.71623	0.2813	0.0017793	0.00069942
664	0.77071	0.22681	0.0019127	0.0005633
665	0.86323	0.1343	0.0021401	0.00033318
666	0.91146	0.086074	0.0022572	0.00021336
667	0.91579	0.081747	0.0022654	0.00020241
668	0.89939	0.098147	0.0022224	0.00024271
669	0.88884	0.1087	0.0021939	0.00026846
670	0.8848	0.11274	0.0021815	0.00027813
671	0.88611	0.11143	0.0021823	0.00027459
672	0.89306	0.10449	0.002197	0.0002572
673	0.90481	0.092744	0.0022234	0.00022805
674	0.92649	0.071062	0.0022741	0.00017458
675	0.95796	0.039589	0.0023488	9.7192e-05
676	0.97298	0.024581	0.0023829	6.0299e-05
677	0.97931	0.018254	0.0023957	4.4736e-05
678	0.98946	0.0081002	0.0024179	1.9834e-05
679	0.99016	0.0074079	0.0024169	1.812e-05
680	0.98926	0.0083116	0.0024119	2.0302e-05
681	0.99019	0.0073821	0.0024115	1.8015e-05
682	0.98937	0.008208	0.0024067	2.0006e-05
683	0.98989	0.0076832	0.0024053	1.8706e-05
684	0.99183	0.0057446	0.0024073	1.3971e-05
685	0.99542	0.0021594	0.0024133	5.2471e-06
686	0.99731	0.00027226	0.0024151	6.61e-07
687	0.99751	7.8448e-05	0.0024129	1.9021e-07
688	0.99686	0.00072875	0.0024086	1.7626e-06
689	0.9957	0.0018919	0.0024031	4.5694e-06
690	0.9932	0.0043994	0.0023943	1.061e-05
691	0.99204	0.0055558	0.0023888	1.338e-05
692	0.99248	0.0051169	0.0023872	1.2309e-05
693	0.99425	0.0033504	0.0023887	8.0484e-06
694	0.99505	0.002553	0.0023879	6.125e-06
695	0.99517	0.0024435	0.0023854	5.8561e-06
696	0.99473	0.0028844	0.0023816	6.9072e-06
697	0.9931	0.004512	0.002375	1.0792e-05
698	0.99305	0.0045686	0.0023721	1.0918e-05
699	0.99191	0.005706	0.0023667	1.362e-05
700	0.99207	0.0055514	0.0023643	1.3234e-05
701	0.99394	0.003688	0.002366	8.7825e-06
702	0.99469	0.0029401	0.002365	6.9962e-06
703	0.9945	0.0031289	0.0023618	7.4376e-06
704	0.99539	0.0022474	0.0023612	5.3367e-06
705	0.99747	0.00016888	0.0023634	4.0089e-07
706	0.99649	0.0011472	0.0023583	2.7173e-06
707	0.99638	0.0012612	0.0023553	2.9838e-06
708	0.99712	0.00052754	0.0023543	1.2463e-06
709	0.91096	0.086692	0.0021483	0.00020452
710	0.86054	0.13711	0.0020269	0.00032312
711	0.82542	0.17224	0.0019419	0.00040542
712	0.75734	0.24031	0.0017795	0.00056504
713	0.70967	0.28799	0.0016654	0.00067632
714	0.68265	0.31501	0.0016001	0.0007389
715	0.62799	0.36968	0.00147	0.00086618
716	0.59125	0.40642	0.0013823	0.00095114
717	0.56623	0.43143	0.0013222	0.0010085
718	0.55063	0.44704	0.0012842	0.0010437
719	0.54465	0.45303	0.0012687	0.0010564
720	0.54647	0.45121	0.0012714	0.0010509
721	0.53783	0.45985	0.0012498	0.0010697
722	0.53469	0.46299	0.0012409	0.0010758
723	0.53666	0.46102	0.001244	0.0010699
724	0.54698	0.45071	0.0012664	0.0010447
725	0.56498	0.43271	0.0013065	0.0010018
726	0.59326	0.40443	0.0013703	0.00093524
727	0.6359	0.3618	0.0014671	0.00083562
728	0.70946	0.28824	0.001635	0.00066496
729	0.81727	0.18043	0.0018814	0.00041569
730	0.87356	0.12415	0.0020086	0.0002857
731	0.88023	0.11748	0.0020214	0.00027003
732	0.89174	0.10597	0.0020454	0.00024327
733	0.90949	0.088224	0.0020836	0.00020228
734	0.94076	0.056955	0.0021526	0.00013044
735	0.98558	0.012138	0.0022524	2.7764e-05
736	0.98654	0.01118	0.0022518	2.5533e-05
737	0.98989	0.0078371	0.0022567	1.7874e-05
738	0.99654	0.0011908	0.002269	2.7131e-06
739	0.99612	0.0016128	0.0022652	3.6687e-06
740	0.99524	0.0024946	0.0022604	5.6676e-06
741	0.99558	0.0021586	0.0022583	4.8999e-06
742	0.99301	0.0047315	0.0022496	1.0732e-05
743	0.99182	0.0059235	0.002244	1.342e-05
744	0.99187	0.0058778	0.0022413	1.3301e-05
745	0.9906	0.0071461	0.0022356	1.6148e-05
746	0.98736	0.01039	0.0022254	2.3448e-05
747	0.98586	0.011894	0.0022192	2.6807e-05
748	0.98166	0.016097	0.0022069	3.6224e-05
749	0.97956	0.018204	0.0021994	4.0907e-05
750	0.97998	0.01778	0.0021975	3.9902e-05
751	0.9824	0.015368	0.0022001	3.4442e-05
752	0.98807	0.009694	0.00221	2.1702e-05
753	0.99712	0.00064723	0.0022274	1.448e-06
754	0.99738	0.0003989	0.0022251	8.9118e-07
755	0.99756	0.00021954	0.0022226	4.8975e-07
756	0.99774	3.9667e-05	0.0022202	8.8376e-08
757	0.99639	0.0013928	0.0022143	3.0962e-06
758	0.996	0.0017833	0.0022106	3.9581e-06
759	0.99671	0.0010817	0.0022093	2.3984e-06
760	0.99577	0.0020169	0.0022044	4.4679e-06
761	0.99581	0.001989	0.0022016	4.4007e-06
762	0.99675	0.0010428	0.0022008	2.3046e-06
763	0.99591	0.0018927	0.0021961	4.175e-06
764	0.99619	0.0016095	0.0021938	3.5465e-06
765	0.99744	0.00036109	0.0021937	7.9486e-07
766	0.99749	0.00031436	0.002191	6.9078e-07
767	0.99676	0.0010517	0.0021865	2.3083e-06
768	0.99522	0.0025985	0.0021802	5.6939e-06
769	0.99501	0.0028069	0.0021769	6.1439e-06
770	0.99584	0.0019796	0.0021758	4.3277e-06
771	0.99615	0.0016746	0.0021736	3.6576e-06
772	0.99591	0.001915	0.0021702	4.1775e-06
773	0.99496	0.0028687	0.0021653	6.2484e-06
774	0.99501	0.0028218	0.0021625	6.1368e-06
775	0.99639	0.0014447	0.0021626	3.1395e-06
776	0.99556	0.002275	0.0021579	4.9361e-06
777	0.99572	0.0021241	0.0021554	4.6021e-06
778	0.99682	0.0010231	0.0021549	2.2131e-06
779	0.99751	0.00033346	0.0021535	7.2045e-07
780	0.99734	0.00051347	0.0021503	1.1072e-06
781	0.99711	0.00074041	0.0021469	1.5948e-06
782	0.99763	0.00022323	0.0021451	4.7999e-07
783	0.9976	0.00026062	0.0021421	5.5978e-07
784	0.99669	0.0011698	0.0021373	2.5083e-06
785	0.99679	0.0010761	0.0021346	2.3048e-06
786	0.99769	0.00017204	0.0021336	3.6785e-07
787	0.99785	1.5285e-05	0.0021311	3.2666e-08
788	0.99751	0.00036215	0.0021274	7.7276e-07
789	0.99781	6.0411e-05	0.0021252	1.2875e-07
790	0.99756	0.00031884	0.0021217	6.791e-07
791	0.99726	0.00062332	0.0021181	1.3261e-06
792	0.99672	0.0011637	0.0021141	2.4723e-06
793	0.99559	0.0023011	0.0021088	4.8806e-06
794	0.99547	0.0024204	0.0021056	5.1264e-06
795	0.9963	0.0015898	0.0021045	3.363e-06
796	0.99666	0.0012343	0.0021023	2.6091e-06
797	0.9966	0.0012971	0.0020993	2.7391e-06
798	0.99606	0.0018406	0.0020953	3.8813e-06
799	0.99021	0.0076943	0.0020801	1.6192e-05
800	0.97834	0.019571	0.0020523	4.1113e-05
801	0.95372	0.044192	0.0019978	9.2674e-05
802	0.89764	0.10027	0.0018777	0.00020989
803	0.86517	0.13275	0.0018072	0.0002775
804	0.84372	0.1542	0.0017599	0.00032187
805	0.83022	0.1677	0.0017294	0.00034954
806	0.82466	0.17327	0.0017154	0.00036064
807	0.82536	0.17256	0.0017144	0.00035869
808	0.83253	0.1654	0.0017268	0.00034335
809	0.84812	0.14981	0.0017566	0.0003106
810	0.87243	0.1255	0.0018044	0.0002599
811	0.87048	0.12746	0.0017978	0.00026361
812	0.87411	0.12383	0.0018027	0.00025579
813	0.88195	0.11599	0.0018162	0.0002393
814	0.88154	0.1164	0.0018127	0.00023982
815	0.8851	0.11285	0.0018174	0.00023219
816	0.89314	0.10482	0.0018313	0.00021538
817	0.88006	0.1179	0.0018019	0.00024189
818	0.87432	0.12364	0.0017875	0.0002533
819	0.8725	0.12546	0.0017812	0.00025665
820	0.86364	0.13432	0.0017605	0.00027438
821	0.8596	0.13837	0.0017497	0.00028222
822	0.85947	0.1385	0.0017469	0.00028208
823	0.8502	0.14778	0.0017256	0.0003005
824	0.84759	0.15039	0.0017178	0.00030536
825	0.84893	0.14905	0.001718	0.00030218
826	0.85665	0.14133	0.0017311	0.00028613
827	0.87292	0.12506	0.0017614	0.00025286
828	0.8972	0.10078	0.0018077	0.00020352
829	0.90677	0.091219	0.0018244	0.00018395
830	0.92181	0.076183	0.0018519	0.00015341
831	0.94413	0.05387	0.0018941	0.00010833
832	0.95341	0.044587	0.0019099	8.9516e-05
833	0.95718	0.040824	0.0019146	8.1835e-05
834	0.96406	0.033948	0.0019255	6.7944e-05
835	0.97723	0.02078	0.001949	4.1529e-05
836	0.98293	0.015084	0.0019574	3.0095e-05
837	0.9937	0.0043201	0.0019759	8.6066e-06
838	0.99272	0.0052988	0.001971	1.0537e-05
839	0.9933	0.0047182	0.0019692	9.3705e-06
840	0.99269	0.0053338	0.001965	1.0576e-05
841	0.99332	0.0047042	0.0019632	9.3137e-06
842	0.99521	0.002824	0.001964	5.5833e-06
843	0.99582	0.0022145	0.0019622	4.3705e-06
844	0.99349	0.0045426	0.0019546	8.9471e-06
845	0.99288	0.0051584	0.0019504	1.0146e-05
846	0.9935	0.0045422	0.0019486	8.9219e-06
847	0.99289	0.005157	0.0019444	1.0113e-05
848	0.9911	0.0069447	0.0019379	1.3598e-05
849	0.99068	0.0073747	0.0019341	1.4418e-05
850	0.99156	0.0064987	0.0019328	1.2686e-05
851	0.99385	0.0042113	0.0019343	8.2087e-06
852	0.99782	0.00023767	0.001939	4.6237e-07
853	0.99799	7.1712e-05	0.0019363	1.393e-07
854	0.99553	0.002533	0.0019285	4.9128e-06
855	0.97845	0.019618	0.0018924	3.7973e-05
856	0.96687	0.031203	0.0018671	6.0295e-05
857	0.96089	0.037182	0.0018526	7.1736e-05
858	0.9578	0.040284	0.0018437	7.7596e-05
859	0.95821	0.039867	0.0018416	7.6678e-05
860	0.96111	0.036976	0.0018442	7.1007e-05
861	0.96683	0.031262	0.0018523	5.9937e-05
862	0.97801	0.020083	0.0018707	3.8452e-05
863	0.99509	0.0030071	0.0019004	5.757e-06
864	0.99511	0.0029911	0.0018974	5.718e-06
865	0.99013	0.0079705	0.0018848	1.52e-05
866	0.98734	0.010767	0.0018765	2.0497e-05
867	0.98632	0.011784	0.0018716	2.2393e-05
868	0.98694	0.011167	0.0018697	2.1184e-05
869	0.98988	0.008237	0.0018723	1.5603e-05
870	0.99103	0.0070829	0.0018714	1.3399e-05
871	0.99091	0.0072095	0.0018682	1.3621e-05
872	0.98898	0.0091364	0.0018615	1.7234e-05
873	0.98854	0.0095836	0.0018576	1.8049e-05
874	0.98952	0.0086046	0.0018564	1.6182e-05
875	0.98913	0.0090001	0.0018526	1.6901e-05
876	0.99023	0.007904	0.0018517	1.4824e-05
877	0.99298	0.0051588	0.0018538	9.6694e-06
878	0.99389	0.0042541	0.0018524	7.9663e-06
879	0.9819	0.016247	0.001827	3.0335e-05
880	0.97546	0.022681	0.001812	4.2282e-05
881	0.97194	0.02621	0.0018024	4.8783e-05
882	0.97081	0.027343	0.0017973	5.0812e-05
883	0.97176	0.026398	0.0017961	4.8986e-05
884	0.96905	0.029105	0.0017881	5.3915e-05
885	0.96856	0.029602	0.0017842	5.4745e-05
886	0.94981	0.048352	0.0017467	8.9201e-05
887	0.90704	0.091132	0.0016652	0.00016771
888	0.81317	0.185	0.0014902	0.00033965
889	0.59994	0.39823	0.0010973	0.00072949
890	0.45379	0.54439	0.00082844	0.00099531
891	0.35368	0.6445	0.00064455	0.0011762
892	0.29496	0.70323	0.00053654	0.0012811
893	0.25507	0.74312	0.00046317	0.0013514
894	0.22731	0.77088	0.00041206	0.0013995
895	0.17111	0.82708	0.0003096	0.0014989
896	0.13139	0.8668	0.0002373	0.0015681
897	0.10834	0.88986	0.0001953	0.0016071
898	0.095404	0.9028	0.00017165	0.0016277
899	0.087231	0.91097	0.00015666	0.0016396
900	0.082336	0.91587	0.0001476	0.0016456
901	0.080129	0.91808	0.0001434	0.0016467
902	0.081826	0.91639	0.00014619	0.0016408
903	0.087825	0.91039	0.00015664	0.0016273
904	0.072377	0.92584	0.00012883	0.001652
905	0.062137	0.93609	0.00011039	0.0016673
906	0.056995	0.94123	0.00010106	0.0016736
907	0.054191	0.94404	9.5915e-05	0.0016756
908	0.054609	0.94362	9.648e-05	0.0016719
909	0.057239	0.941	0.00010095	0.0016644
910	0.06218	0.93606	0.00010949	0.0016527
911	0.070377	0.92786	0.00012373	0.0016354
912	0.083009	0.91523	0.00014573	0.0016102
913	0.075876	0.92237	0.00013298	0.0016199
914	0.07169	0.92656	0.00012544	0.0016243
915	0.071349	0.9269	0.00012463	0.001622
916	0.074756	0.9235	0.00013036	0.0016131
917	0.080932	0.91733	0.0001409	0.0015995
918	0.092999	0.90526	0.00016165	0.0015756
919	0.095499	0.90277	0.00016571	0.0015684
920	0.10127	0.897	0.00017543	0.0015555
921	0.11316	0.88511	0.0001957	0.0015321
922	0.13066	0.86761	0.00022562	0.001499
923	0.16131	0.83697	0.00027808	0.0014434
924	0.21337	0.78491	0.00036719	0.0013511
925	0.2389	0.75938	0.00041035	0.0013048
926	0.27693	0.72135	0.00047482	0.0012372
927	0.34172	0.65657	0.0005848	0.001124
928	0.45108	0.54722	0.00077042	0.00093519
929	0.61067	0.38763	0.0010411	0.00066136
930	0.67703	0.32127	0.0011521	0.00054714
931	0.79029	0.20801	0.0013423	0.00035372
932	0.84164	0.15666	0.0014269	0.00026596
933	0.9148	0.083513	0.0015481	0.00014156
934	0.92343	0.074882	0.0015598	0.00012669
935	0.93759	0.060726	0.0015807	0.00010254
936	0.96275	0.035565	0.0016201	5.9953e-05
937	0.96524	0.033084	0.0016212	5.5669e-05
938	0.96386	0.034467	0.0016158	5.7879e-05
939	0.96571	0.032617	0.0016158	5.4673e-05
940	0.9644	0.033932	0.0016104	5.677e-05
941	0.96552	0.032816	0.0016092	5.4802e-05
942	0.96903	0.029312	0.0016119	4.8861e-05
943	0.96857	0.02977	0.001608	4.9524e-05
944	0.96479	0.033552	0.0015986	5.5702e-05
945	0.9644	0.033947	0.0015948	5.6253e-05
946	0.96628	0.03207	0.0015948	5.3044e-05
947	0.96431	0.034043	0.0015884	5.6191e-05
948	0.9648	0.033563	0.001586	5.5288e-05
949	0.96761	0.030756	0.0015875	5.0561e-05
950	0.97451	0.023852	0.0015957	3.914e-05
951	0.98521	0.013156	0.00161	2.1554e-05
952	0.98977	0.0086022	0.0016143	1.4067e-05
953	0.99721	0.0011638	0.0016232	1.9023e-06
954	0.99695	0.0014243	0.0016195	2.3222e-06
955	0.99288	0.0054974	0.0016097	8.9314e-06
956	0.99068	0.0077087	0.0016029	1.2496e-05
957	0.99001	0.0083764	0.0015986	1.355e-05
958	0.95839	0.04	0.0015443	6.4549e-05
959	0.88708	0.11132	0.0014264	0.00017921
960	0.837	0.16139	0.0013432	0.00025925
961	0.80216	0.19625	0.0012846	0.00031455
962	0.78283	0.21557	0.0012511	0.00034481
963	0.77355	0.22486	0.0012337	0.00035894
964	0.77157	0.22684	0.001228	0.00036138
965	0.77451	0.22391	0.0012301	0.00035598
966	0.78279	0.21563	0.0012407	0.00034213
967	0.7976	0.20082	0.0012616	0.00031797
968	0.82528	0.17315	0.0013027	0.00027361
969	0.86541	0.13302	0.0013632	0.00020977
970	0.92281	0.075617	0.0014507	0.00011899
971	0.95237	0.046063	0.0014941	7.2342e-05
972	0.99475	0.0036881	0.0015574	5.7752e-06
973	0.99439	0.0040541	0.0015535	6.3331e-06
