#coord	neutral	conserved	gBGC.neutral	gBGC.conserved
1	0.78127	0.21784	0.00069681	0.00019459
2	0.78912	0.20999	0.00070163	0.00018696
3	0.80277	0.19635	0.00071161	0.00017418
4	0.82859	0.17053	0.00073225	0.00015073
5	0.87392	0.1252	0.00076984	0.0001103
6	0.951	0.048119	0.00083485	4.2445e-05
7	0.96107	0.03806	0.00084098	3.3501e-05
8	0.97625	0.022879	0.00085159	2.0101e-05
9	0.99838	0.00075256	0.00086827	6.6411e-07
10	0.99835	0.00078562	0.00086552	6.903e-07
11	0.99804	0.0010945	0.00086256	9.5642e-07
12	0.99851	0.00062903	0.0008603	5.4946e-07
13	0.99776	0.0013804	0.00085702	1.1967e-06
14	0.99788	0.0012647	0.00085453	1.0926e-06
15	0.99884	0.00030714	0.00085279	2.6547e-07
16	0.99883	0.00031925	0.00085024	2.7468e-07
17	0.99882	0.00033389	0.00084772	2.8635e-07
18	0.99878	0.00037164	0.0008452	3.1806e-07
19	0.99752	0.0016325	0.00084169	1.3875e-06
20	0.99742	0.001743	0.00083912	1.483e-06
21	0.99664	0.0025262	0.00083602	2.1455e-06
22	0.9949	0.0042647	0.00083215	3.6073e-06
23	0.99443	0.0047343	0.00082938	3.9918e-06
24	0.99226	0.0069086	0.00082523	5.7947e-06
25	0.9915	0.0076701	0.00082229	6.406e-06
26	0.99215	0.0070262	0.00082057	5.8414e-06
27	0.99476	0.0044186	0.00082043	3.6614e-06
28	0.99598	0.0031936	0.00081912	2.6421e-06
29	0.9985	0.00067598	0.00081889	5.5978e-07
30	0.99774	0.001439	0.00081593	1.1893e-06
31	0.99636	0.0028207	0.00081244	2.3318e-06
32	0.99603	0.0031531	0.00080984	2.6053e-06
33	0.99671	0.0024762	0.0008081	2.0512e-06
34	0.99648	0.0027081	0.00080564	2.2419e-06
35	0.99193	0.0072639	0.00079968	5.9701e-06
36	0.98931	0.0098909	0.00079534	8.0996e-06
37	0.96935	0.029848	0.00077684	2.4361e-05
38	0.95624	0.042964	0.00076407	3.4937e-05
39	0.94774	0.05146	0.00075512	4.1701e-05
40	0.94285	0.056358	0.00074915	4.5522e-05
41	0.94119	0.058018	0.00074583	4.6719e-05
42	0.94231	0.056903	0.00074477	4.5684e-05
43	0.93782	0.061392	0.0007393	4.9086e-05
44	0.92677	0.072444	0.00072862	5.7675e-05
45	0.9201	0.079111	0.00072148	6.2742e-05
46	0.91702	0.082195	0.00071723	6.4951e-05
47	0.88159	0.11763	0.00068769	9.2436e-05
48	0.86143	0.13779	0.00067011	0.00010793
49	0.81334	0.18588	0.000631	0.00014499
50	0.70656	0.29267	0.00054694	0.00022701
51	0.64354	0.35569	0.00049685	0.00027506
52	0.59951	0.39972	0.00046176	0.00030812
53	0.56917	0.43006	0.00043742	0.00033045
54	0.55295	0.44628	0.00042391	0.00034194
55	0.51544	0.4838	0.00039436	0.00036949
56	0.49462	0.50462	0.00037754	0.0003843
57	0.48213	0.51711	0.00036718	0.00039267
58	0.4532	0.54604	0.0003444	0.00041345
59	0.3944	0.60484	0.00029911	0.00045671
60	0.36025	0.639	0.00027252	0.00048127
61	0.33691	0.66234	0.00025429	0.00049748
62	0.32159	0.67766	0.00024221	0.00050756
63	0.31531	0.68394	0.00023691	0.00051085
64	0.3162	0.68305	0.00023694	0.00050879
65	0.32449	0.67477	0.00024245	0.00050125
66	0.33941	0.65985	0.0002529	0.00048878
67	0.36751	0.63175	0.00027301	0.00046664
68	0.40962	0.58965	0.00030345	0.00043418
69	0.40895	0.59032	0.00030213	0.00043348
70	0.39782	0.60145	0.00029308	0.0004405
71	0.39496	0.60431	0.0002901	0.00044142
72	0.39959	0.59968	0.00029256	0.0004369
73	0.40973	0.58955	0.00029905	0.00042836
74	0.43096	0.56832	0.00031346	0.00041188
75	0.46355	0.53572	0.00033606	0.00038724
76	0.4743	0.52498	0.00034286	0.00037842
77	0.4966	0.50268	0.00035786	0.00036139
78	0.53077	0.46851	0.00038136	0.00033587
79	0.52668	0.4726	0.00037732	0.00033788
80	0.52774	0.47155	0.000377	0.00033618
81	0.53407	0.46522	0.00038049	0.00033071
82	0.54643	0.45286	0.00038828	0.00032094
83	0.57116	0.42813	0.00040476	0.00030247
84	0.60752	0.39178	0.00042946	0.0002758
85	0.6247	0.3746	0.0004404	0.00026288
86	0.65676	0.34254	0.00046165	0.00023962
87	0.71234	0.28696	0.00049911	0.00020015
88	0.79148	0.20782	0.00055293	0.00014433
89	0.83248	0.16682	0.00057979	0.00011546
90	0.90247	0.096832	0.00062639	6.6824e-05
91	0.91168	0.087628	0.00063084	6.0326e-05
92	0.91317	0.086139	0.00063	5.9138e-05
93	0.90928	0.090032	0.00062542	6.1668e-05
94	0.90876	0.09055	0.00062322	6.1853e-05
95	0.91156	0.087756	0.00062332	5.9757e-05
96	0.91993	0.079388	0.00062716	5.3899e-05
97	0.93328	0.066041	0.00063439	4.4669e-05
98	0.9572	0.042122	0.00064867	2.8379e-05
99	0.99827	0.0010506	0.00067431	7.1121e-07
100	0.98452	0.014805	0.00066289	1.0074e-05
101	0.97699	0.022341	0.00065571	1.5181e-05
102	0.97353	0.025801	0.00065129	1.7509e-05
103	0.97245	0.026884	0.00064853	1.8211e-05
104	0.97429	0.025042	0.00064769	1.6961e-05
105	0.97864	0.020694	0.00064855	1.4041e-05
106	0.97356	0.025779	0.00064312	1.7441e-05
107	0.96145	0.037893	0.00063303	2.552e-05
108	0.95365	0.045693	0.00062591	3.0655e-05
109	0.95051	0.048838	0.00062188	3.2684e-05
110	0.94058	0.058764	0.0006134	3.9182e-05
111	0.91644	0.082907	0.00059563	5.4998e-05
112	0.74115	0.2582	0.00047893	0.00016977
113	0.62115	0.37821	0.00039931	0.00024747
114	0.53643	0.46292	0.00034326	0.00030163
115	0.47683	0.52253	0.00030388	0.00033914
116	0.44257	0.55678	0.00028092	0.00036022
117	0.42395	0.57541	0.00026805	0.00037118
118	0.41304	0.58632	0.00026025	0.0003771
119	0.41054	0.58883	0.00025779	0.00037766
120	0.41572	0.58365	0.00026017	0.00037338
121	0.42655	0.57282	0.00026611	0.00036555
122	0.4246	0.57477	0.00026402	0.00036576
123	0.42764	0.57173	0.0002651	0.00036282
124	0.42088	0.5785	0.00026	0.00036605
125	0.41928	0.58009	0.00025819	0.000366
126	0.42267	0.57671	0.0002595	0.00036285
127	0.41337	0.58601	0.00025299	0.00036754
128	0.38975	0.60963	0.0002376	0.00038109
129	0.37779	0.62159	0.00022945	0.00038739
130	0.34739	0.65199	0.00021004	0.00040497
131	0.3276	0.67179	0.00019729	0.00041589
132	0.27813	0.72126	0.00016662	0.00044476
133	0.24349	0.7559	0.00014519	0.0004644
134	0.22389	0.7755	0.0001329	0.00047489
135	0.21159	0.78781	0.0001251	0.00048089
136	0.17853	0.82086	0.00010499	0.00049924
137	0.15981	0.83959	9.3477e-05	0.00050896
138	0.14781	0.85158	8.607e-05	0.0005146
139	0.14082	0.85858	8.1689e-05	0.00051723
140	0.13782	0.86158	7.9704e-05	0.00051747
141	0.13838	0.86102	7.9841e-05	0.00051561
142	0.14259	0.85682	8.2133e-05	0.0005116
143	0.15105	0.84836	8.6932e-05	0.0005051
144	0.16417	0.83524	9.448e-05	0.00049586
145	0.18766	0.81176	0.00010803	0.00048062
146	0.19513	0.80429	0.00011215	0.00047481
147	0.20761	0.7918	0.00011921	0.00046608
148	0.23107	0.76835	0.00013259	0.00045101
149	0.26496	0.73446	0.00015204	0.00042989
150	0.28023	0.71919	0.0001605	0.00041975
151	0.28437	0.71505	0.00016243	0.00041612
152	0.29345	0.70597	0.00016723	0.00040964
153	0.31234	0.68708	0.00017759	0.00039759
154	0.31683	0.6826	0.00017968	0.00039382
155	0.32973	0.6697	0.00018652	0.00038529
156	0.35068	0.64875	0.00019795	0.00037219
157	0.38268	0.61675	0.00021568	0.0003528
158	0.4384	0.56104	0.0002467	0.0003201
159	0.5202	0.47924	0.00029249	0.00027267
160	0.56143	0.43801	0.00031492	0.00024856
161	0.57743	0.42201	0.00032306	0.00023877
162	0.55968	0.43976	0.00031226	0.00024794
163	0.54898	0.45046	0.00030549	0.00025309
164	0.5467	0.45274	0.00030339	0.00025356
165	0.55221	0.44724	0.00030559	0.00024971
166	0.56702	0.43243	0.0003129	0.00024074
167	0.59097	0.40847	0.00032528	0.00022671
168	0.60075	0.3987	0.00032971	0.00022063
169	0.57217	0.42728	0.0003131	0.0002356
170	0.51385	0.4856	0.00028027	0.00026678
171	0.40128	0.59817	0.00021786	0.00032752
172	0.32427	0.67519	0.00017536	0.00036837
173	0.27893	0.72053	0.00015019	0.00039188
174	0.25279	0.74667	0.00013551	0.00040488
175	0.2358	0.76366	0.00012592	0.00041282
176	0.19961	0.79986	0.00010599	0.00043107
177	0.17526	0.82421	9.2594e-05	0.00044281
178	0.15924	0.84023	8.3769e-05	0.00044999
179	0.14926	0.85021	7.8225e-05	0.0004539
180	0.14348	0.85598	7.4955e-05	0.00045555
181	0.14305	0.85642	7.4488e-05	0.00045439
182	0.14784	0.85163	7.6734e-05	0.0004505
183	0.15706	0.84241	8.1301e-05	0.00044431
184	0.17502	0.82446	9.0343e-05	0.00043363
185	0.16587	0.83361	8.5292e-05	0.00043705
186	0.16131	0.83817	8.2668e-05	0.00043806
187	0.1623	0.83718	8.2906e-05	0.0004362
188	0.16689	0.8326	8.5003e-05	0.00043249
189	0.17835	0.82113	9.0584e-05	0.00042529
190	0.17889	0.82059	9.0572e-05	0.00042369
191	0.17127	0.82822	8.6366e-05	0.00042627
192	0.16765	0.83184	8.4245e-05	0.00042679
193	0.16761	0.83189	8.3962e-05	0.00042547
194	0.17332	0.82617	8.6564e-05	0.00042126
195	0.18643	0.81307	9.2825e-05	0.00041338
196	0.18978	0.80971	9.4146e-05	0.00041042
197	0.19727	0.80222	9.7538e-05	0.00040541
198	0.2098	0.7897	0.00010343	0.00039791
199	0.22887	0.77063	0.00011256	0.00038719
200	0.26286	0.73664	0.00012895	0.00036919
201	0.31304	0.68647	0.00015327	0.00034327
202	0.33388	0.66563	0.00016306	0.00033191
203	0.36568	0.63383	0.00017823	0.00031517
204	0.41145	0.58806	0.00020024	0.00029161
205	0.47888	0.52063	0.00023287	0.00025743
206	0.5745	0.42501	0.00027931	0.00020947
207	0.73568	0.26383	0.00035743	0.00012981
208	0.97086	0.028655	0.00047162	1.4102e-05
209	0.97274	0.026772	0.00047104	1.3141e-05
210	0.96173	0.037791	0.00046421	1.8444e-05
211	0.72088	0.27864	0.00034595	0.00013517
212	0.55037	0.44915	0.00026269	0.00021691
213	0.42971	0.56981	0.00020407	0.00027402
214	0.3444	0.65513	0.00016282	0.00031377
215	0.29408	0.70544	0.00013835	0.00033673
216	0.25886	0.74066	0.00012126	0.00035233
217	0.23452	0.76501	0.00010943	0.00036267
218	0.22146	0.77807	0.00010294	0.00036767
219	0.21415	0.78538	9.9199e-05	0.00036993
220	0.19168	0.80785	8.8467e-05	0.00037919
221	0.13927	0.86026	6.4031e-05	0.00040216
222	0.10833	0.8912	4.9566e-05	0.00041516
223	0.086565	0.91297	3.9439e-05	0.00042382
224	0.07413	0.92541	3.3617e-05	0.00042817
225	0.06576	0.93378	2.9701e-05	0.00043063
226	0.06045	0.93909	2.7211e-05	0.00043167
227	0.058898	0.94065	2.6424e-05	0.00043099
228	0.060605	0.93894	2.7102e-05	0.00042884
229	0.057064	0.94248	2.5397e-05	0.00042907
230	0.055874	0.94367	2.4768e-05	0.00042823
231	0.056641	0.94291	2.5026e-05	0.00042651
232	0.060878	0.93867	2.6813e-05	0.00042325
233	0.068155	0.9314	2.9947e-05	0.00041866
234	0.079081	0.92047	3.4688e-05	0.00041247
235	0.095556	0.904	4.1875e-05	0.00040384
236	0.12391	0.87564	5.4217e-05	0.00039005
237	0.16543	0.83413	7.2315e-05	0.00037051
238	0.2355	0.76406	0.00010273	0.00033865
239	0.33769	0.66187	0.00014709	0.00029285
240	0.35006	0.6495	0.00015196	0.00028653
241	0.37412	0.62544	0.00016182	0.00027521
242	0.41054	0.58902	0.00017699	0.00025859
243	0.46278	0.53679	0.00019895	0.00023519
244	0.48391	0.51566	0.00020741	0.00022531
245	0.5222	0.47737	0.00022313	0.00020815
246	0.57905	0.42052	0.00024676	0.0001831
247	0.60755	0.39202	0.00025807	0.00017036
248	0.6505	0.34908	0.0002755	0.00015151
249	0.64821	0.35136	0.00027359	0.00015201
250	0.63438	0.3652	0.00026672	0.00015746
251	0.6273	0.37227	0.0002628	0.00015997
252	0.6255	0.37408	0.00026116	0.00016022
253	0.63137	0.36821	0.00026272	0.00015725
254	0.64372	0.35586	0.00026702	0.00015155
255	0.66433	0.33526	0.00027478	0.00014241
256	0.67017	0.32942	0.00027629	0.00013952
257	0.68239	0.31719	0.00028046	0.00013397
258	0.70276	0.29683	0.00028803	0.00012504
259	0.70804	0.29154	0.00028931	0.00012241
260	0.7189	0.28069	0.00029291	0.00011748
261	0.74078	0.25882	0.000301	0.00010804
262	0.77425	0.22535	0.00031386	9.3845e-05
263	0.82413	0.17546	0.00033348	7.2911e-05
264	0.90891	0.090685	0.00036722	3.7837e-05
265	0.91955	0.080045	0.0003704	3.3339e-05
266	0.92337	0.076229	0.00037074	3.1675e-05
267	0.93088	0.068718	0.00037259	2.8508e-05
268	0.92142	0.078184	0.00036755	3.2244e-05
269	0.91605	0.083554	0.00036422	3.4294e-05
270	0.91413	0.085476	0.00036231	3.4936e-05
271	0.9157	0.083908	0.00036183	3.4166e-05
272	0.89203	0.10758	0.00035134	4.3409e-05
273	0.87913	0.12048	0.00034514	4.8362e-05
274	0.8714	0.12821	0.00034103	5.1233e-05
275	0.86978	0.12983	0.00033931	5.1695e-05
276	0.8738	0.12581	0.00033979	4.9948e-05
277	0.88255	0.11706	0.00034214	4.6345e-05
278	0.8714	0.12821	0.00033666	5.055e-05
279	0.8651	0.13451	0.00033313	5.2829e-05
280	0.86467	0.13494	0.00033185	5.283e-05
281	0.86843	0.13118	0.00033223	5.1201e-05
282	0.87692	0.1227	0.00033444	4.7745e-05
283	0.87703	0.12259	0.00033344	4.7524e-05
284	0.87036	0.12926	0.00032982	4.9904e-05
285	0.86779	0.13184	0.0003278	5.07e-05
286	0.87086	0.12877	0.0003279	4.9357e-05
287	0.88044	0.11918	0.00033044	4.5567e-05
288	0.89927	0.10036	0.0003364	3.8339e-05
289	0.87832	0.12131	0.00032728	4.6173e-05
290	0.86449	0.13513	0.00032093	5.1244e-05
291	0.85655	0.14308	0.00031686	5.4058e-05
292	0.853	0.14663	0.00031447	5.5205e-05
293	0.85532	0.14431	0.00031425	5.4172e-05
294	0.86225	0.13738	0.00031574	5.1433e-05
295	0.87477	0.12486	0.00031932	4.6631e-05
296	0.87768	0.12195	0.00031934	4.539e-05
297	0.88467	0.11497	0.00032089	4.2649e-05
298	0.89938	0.10026	0.00032521	3.7108e-05
299	0.92139	0.078246	0.00033221	2.8908e-05
300	0.95444	0.0452	0.00034324	1.6694e-05
301	0.94836	0.051286	0.00033994	1.8822e-05
302	0.94667	0.052975	0.00033822	1.936e-05
303	0.94788	0.051768	0.00033756	1.8846e-05
304	0.94497	0.05467	0.0003354	1.9817e-05
305	0.94506	0.054588	0.00033434	1.9709e-05
306	0.94921	0.05044	0.0003347	1.816e-05
307	0.9481	0.051545	0.0003332	1.8482e-05
308	0.94965	0.05	0.00033267	1.7859e-05
309	0.95551	0.044141	0.00033363	1.5724e-05
310	0.95596	0.043695	0.00033269	1.5503e-05
311	0.95169	0.04796	0.00033012	1.6925e-05
312	0.95133	0.04832	0.0003289	1.6985e-05
313	0.94558	0.054076	0.00032583	1.8907e-05
314	0.94422	0.055441	0.00032426	1.9309e-05
315	0.9458	0.053859	0.00032374	1.8685e-05
316	0.95056	0.049102	0.00032433	1.6965e-05
317	0.96086	0.0388	0.00032679	1.3358e-05
318	0.97638	0.023278	0.00033104	7.9717e-06
319	0.971	0.028661	0.0003281	9.7571e-06
320	0.96841	0.03125	0.00032614	1.0583e-05
321	0.96898	0.030687	0.00032523	1.0348e-05
322	0.95362	0.046044	0.00031902	1.5417e-05
323	0.94553	0.054134	0.00031524	1.8049e-05
324	0.92541	0.074257	0.00030753	2.4626e-05
325	0.91462	0.085054	0.0003029	2.8099e-05
326	0.91008	0.089589	0.00030034	2.9495e-05
327	0.91045	0.08922	0.00029937	2.9277e-05
328	0.88046	0.11921	0.0002885	3.8983e-05
329	0.86073	0.13894	0.00028107	4.5253e-05
330	0.84789	0.15179	0.00027596	4.923e-05
331	0.84266	0.15702	0.0002733	5.0731e-05
332	0.84356	0.15612	0.0002726	5.0253e-05
333	0.85074	0.14894	0.0002739	4.7768e-05
334	0.86369	0.13599	0.00027706	4.3438e-05
335	0.88793	0.11175	0.00028376	3.5553e-05
336	0.93001	0.069673	0.00029601	2.2103e-05
337	0.94896	0.050727	0.00030083	1.6064e-05
338	0.94851	0.051177	0.00029954	1.6155e-05
339	0.95194	0.047741	0.00029945	1.5028e-05
340	0.95045	0.04924	0.00029783	1.545e-05
341	0.9527	0.04699	0.00029735	1.4703e-05
342	0.95785	0.041843	0.0002978	1.3055e-05
343	0.95898	0.040711	0.00029696	1.2668e-05
344	0.96292	0.036776	0.00029701	1.1412e-05
345	0.97166	0.028033	0.0002985	8.6981e-06
346	0.96945	0.030243	0.0002966	9.3651e-06
347	0.96184	0.037858	0.00029305	1.1691e-05
348	0.95745	0.042246	0.00029052	1.3001e-05
349	0.95576	0.043935	0.00028885	1.3472e-05
350	0.95765	0.042051	0.00028825	1.2862e-05
351	0.96226	0.037439	0.00028848	1.1429e-05
352	0.96217	0.037529	0.0002873	1.1417e-05
353	0.96446	0.035239	0.00028685	1.0687e-05
354	0.97075	0.028956	0.00028757	8.7768e-06
355	0.96574	0.033969	0.00028492	1.0247e-05
356	0.96356	0.036148	0.00028315	1.0857e-05
357	0.9639	0.035808	0.00028214	1.0713e-05
358	0.95977	0.039938	0.00027983	1.1882e-05
359	0.94721	0.052501	0.00027509	1.5499e-05
360	0.93921	0.060498	0.00027172	1.7753e-05
361	0.93622	0.063489	0.0002698	1.8546e-05
362	0.93639	0.063322	0.00026881	1.8415e-05
363	0.93974	0.059973	0.00026876	1.7361e-05
364	0.94822	0.051497	0.00027016	1.4848e-05
365	0.96141	0.038307	0.00027291	1.0991e-05
366	0.98491	0.014812	0.00027855	4.2328e-06
367	0.98342	0.0163	0.00027701	4.6351e-06
368	0.98366	0.016056	0.00027598	4.5431e-06
369	0.98642	0.013299	0.00027564	3.7498e-06
370	0.98709	0.012633	0.00027468	3.5507e-06
371	0.98956	0.010162	0.00027424	2.8481e-06
372	0.99023	0.0094947	0.00027332	2.6493e-06
373	0.99254	0.0071809	0.00027286	1.9942e-06
374	0.9976	0.0021219	0.00027313	5.9131e-07
375	0.99604	0.0036825	0.00027159	1.018e-06
376	0.99568	0.0040437	0.0002704	1.1123e-06
377	0.99647	0.0032576	0.00026953	8.9244e-07
378	0.99619	0.0035382	0.00026835	9.6576e-07
379	0.99472	0.005014	0.00026687	1.3605e-06
380	0.98337	0.016359	0.0002627	4.4168e-06
381	0.97591	0.023828	0.00025963	6.401e-06
382	0.96134	0.038391	0.00025464	1.0274e-05
383	0.95366	0.04608	0.0002515	1.2292e-05
384	0.94957	0.050167	0.00024935	1.3331e-05
385	0.94948	0.050262	0.00024824	1.3314e-05
386	0.95205	0.047694	0.00024784	1.2596e-05
387	0.95759	0.042154	0.00024823	1.1104e-05
388	0.95804	0.041701	0.0002473	1.0942e-05
389	0.95406	0.045687	0.00024524	1.1927e-05
390	0.94246	0.057285	0.00024124	1.4856e-05
391	0.86596	0.13378	0.00022059	3.4423e-05
392	0.81222	0.18753	0.00020597	4.797e-05
393	0.78135	0.2184	0.00019723	5.5622e-05
394	0.76048	0.23926	0.00019112	6.0656e-05
395	0.75028	0.24947	0.00018771	6.2975e-05
396	0.74585	0.2539	0.00018579	6.3816e-05
397	0.74838	0.25137	0.0001856	6.2919e-05
398	0.75588	0.24387	0.00018665	6.0788e-05
399	0.753	0.24676	0.00018514	6.123e-05
400	0.75473	0.24502	0.00018478	6.052e-05
401	0.76131	0.23845	0.00018563	5.8619e-05
402	0.77675	0.223	0.00018861	5.4571e-05
403	0.78181	0.21794	0.00018901	5.3093e-05
404	0.7926	0.20716	0.0001908	5.023e-05
405	0.8141	0.18566	0.00019513	4.4816e-05
406	0.85211	0.14765	0.00020334	3.5514e-05
407	0.90658	0.093182	0.00021543	2.2336e-05
408	0.98659	0.013169	0.00023356	3.1348e-06
409	0.99925	0.00051153	0.00023548	1.2157e-07
410	0.99741	0.002353	0.00023397	5.5279e-07
411	0.99667	0.0030973	0.00023274	7.2264e-07
412	0.99498	0.0047857	0.00023127	1.1112e-06
413	0.99489	0.004881	0.00023016	1.1291e-06
414	0.99636	0.0034095	0.00022939	7.8769e-07
415	0.99426	0.0055073	0.00022781	1.2675e-06
416	0.99358	0.0061969	0.00022657	1.419e-06
417	0.99456	0.0052181	0.0002257	1.1913e-06
418	0.99368	0.0060946	0.00022442	1.3845e-06
419	0.99143	0.008343	0.00022281	1.8877e-06
420	0.99068	0.0091012	0.00022156	2.0495e-06
421	0.99132	0.0084604	0.00022063	1.8957e-06
422	0.99354	0.0062359	0.00022006	1.389e-06
423	0.99401	0.0057722	0.00021912	1.2759e-06
424	0.99339	0.0063884	0.00021791	1.4026e-06
425	0.99447	0.0053142	0.00021707	1.1603e-06
426	0.99751	0.0022734	0.00021663	4.9496e-07
427	0.99887	0.00091626	0.00021584	1.9865e-07
428	0.99862	0.0011685	0.00021467	2.5266e-07
429	0.99915	0.00063258	0.00021369	1.3667e-07
430	0.99586	0.0039273	0.00021187	8.4551e-07
431	0.98874	0.011051	0.00020926	2.3627e-06
432	0.98428	0.015507	0.00020724	3.2949e-06
433	0.9821	0.017687	0.00020572	3.7357e-06
434	0.98247	0.017321	0.00020472	3.6415e-06
435	0.98549	0.014303	0.00020425	2.9997e-06
436	0.98555	0.014242	0.00020318	2.9743e-06
437	0.9749	0.024898	0.00019991	5.162e-06
438	0.96941	0.03039	0.0001977	6.2698e-06
439	0.96658	0.033218	0.00019606	6.8173e-06
440	0.96704	0.032754	0.00019507	6.6935e-06
441	0.97093	0.028867	0.00019476	5.8851e-06
442	0.94682	0.05298	0.00018874	1.0773e-05
443	0.93037	0.06943	0.00018434	1.4044e-05
444	0.92003	0.079773	0.00018123	1.6045e-05
445	0.89834	0.10146	0.0001759	2.0271e-05
446	0.88389	0.11592	0.00017206	2.3012e-05
447	0.87708	0.12272	0.00016974	2.4228e-05
448	0.85755	0.14226	0.00016496	2.7903e-05
449	0.84768	0.15213	0.00016208	2.9672e-05
450	0.84295	0.15686	0.00016023	3.0421e-05
451	0.8427	0.15711	0.00015925	3.03e-05
452	0.84688	0.15294	0.00015914	2.9331e-05
453	0.85564	0.14417	0.00015989	2.7499e-05
454	0.87062	0.12919	0.00016182	2.4506e-05
455	0.89398	0.10583	0.00016531	1.9958e-05
456	0.93456	0.065253	0.00017194	1.2257e-05
457	0.81929	0.18053	0.00014983	3.3307e-05
458	0.74058	0.25924	0.00013469	4.7404e-05
459	0.68532	0.3145	0.00012397	5.7074e-05
460	0.57788	0.42194	0.00010397	7.6016e-05
461	0.51499	0.48484	9.2107e-05	8.6816e-05
462	0.47845	0.52137	8.5035e-05	9.281e-05
463	0.39056	0.60927	6.8992e-05	0.00010778
464	0.33918	0.66064	5.9519e-05	0.00011617
465	0.30328	0.69654	5.2889e-05	0.00012172
466	0.2831	0.71673	4.9046e-05	0.00012448
467	0.27002	0.7298	4.6487e-05	0.00012595
468	0.26501	0.73482	4.5325e-05	0.00012602
469	0.26667	0.73316	4.5302e-05	0.00012494
470	0.25704	0.74279	4.3374e-05	0.00012577
471	0.25472	0.74511	4.2687e-05	0.00012535
472	0.24147	0.75837	4.0164e-05	0.00012675
473	0.23411	0.76572	3.8664e-05	0.00012714
474	0.23119	0.76864	3.792e-05	0.00012678
475	0.1823	0.81754	2.9629e-05	0.00013395
476	0.14784	0.852	2.3822e-05	0.00013864
477	0.12369	0.87615	1.977e-05	0.00014159
478	0.11019	0.88965	1.7463e-05	0.00014277
479	0.10172	0.89812	1.5995e-05	0.00014313
480	0.079031	0.92081	1.2319e-05	0.00014569
481	0.063099	0.93674	9.7545e-06	0.00014715
482	0.052011	0.94783	7.9795e-06	0.00014782
483	0.044433	0.95541	6.7701e-06	0.00014792
484	0.039703	0.96014	6.0126e-06	0.00014758
485	0.038005	0.96184	5.7185e-06	0.00014677
486	0.038062	0.96179	5.6945e-06	0.00014569
487	0.033699	0.96615	5.0076e-06	0.00014526
488	0.032104	0.96775	4.7364e-06	0.00014441
489	0.031925	0.96793	4.6793e-06	0.00014335
490	0.027479	0.97237	3.9962e-06	0.00014291
491	0.024868	0.97499	3.5914e-06	0.00014219
492	0.023566	0.97629	3.3822e-06	0.00014127
493	0.018131	0.98173	2.5841e-06	0.00014094
494	0.015229	0.98463	2.1535e-06	0.00014024
495	0.014062	0.9858	1.9714e-06	0.00013927
496	0.013812	0.98605	1.9216e-06	0.00013818
497	0.014959	0.9849	2.0639e-06	0.00013688
498	0.017177	0.98269	2.3524e-06	0.00013545
499	0.021642	0.97822	2.9394e-06	0.0001337
500	0.029622	0.97024	3.9861e-06	0.00013149
501	0.040898	0.95897	5.4583e-06	0.00012886
502	0.060236	0.93963	7.9638e-06	0.00012518
503	0.067958	0.93191	8.8969e-06	0.00012307
504	0.082197	0.91767	1.0648e-05	0.00012013
505	0.1026	0.89727	1.3162e-05	0.00011643
506	0.13161	0.86826	1.6732e-05	0.00011168
507	0.17412	0.82575	2.1955e-05	0.00010527
508	0.23423	0.76565	2.9308e-05	9.6746e-05
509	0.33633	0.66355	4.1708e-05	8.316e-05
510	0.48521	0.51467	5.9683e-05	6.4004e-05
511	0.50349	0.49639	6.1358e-05	6.1155e-05
512	0.53111	0.46877	6.4137e-05	5.7205e-05
513	0.57949	0.42039	6.9332e-05	5.0829e-05
514	0.65087	0.34901	7.7184e-05	4.1802e-05
515	0.75551	0.24437	8.885e-05	2.8968e-05
516	0.93186	0.068024	0.00010863	8.0114e-06
517	0.93767	0.062216	0.00010821	7.2538e-06
518	0.94984	0.050042	0.0001085	5.7821e-06
519	0.97166	0.028227	0.00010983	3.2515e-06
520	0.95155	0.048333	0.00010639	5.498e-06
521	0.94053	0.05936	0.000104	6.6827e-06
522	0.93408	0.065815	0.00010216	7.3302e-06
523	0.93127	0.068627	0.00010074	7.5612e-06
524	0.93169	0.0682	9.9684e-05	7.4336e-06
525	0.93516	0.064738	9.8963e-05	6.9809e-06
526	0.92169	0.078206	9.643e-05	8.3281e-06
527	0.91515	0.08475	9.4636e-05	8.9225e-06
528	0.91223	0.087663	9.3242e-05	9.1237e-06
529	0.8689	0.131	8.7698e-05	1.3462e-05
530	0.83985	0.16005	8.3723e-05	1.6239e-05
531	0.82401	0.1759	8.1117e-05	1.7635e-05
532	0.78492	0.21498	7.6269e-05	2.1278e-05
533	0.76303	0.23687	7.3173e-05	2.3157e-05
534	0.7495	0.25041	7.0945e-05	2.4175e-05
535	0.71975	0.28015	6.7193e-05	2.6705e-05
536	0.70058	0.29932	6.452e-05	2.8163e-05
537	0.68923	0.31068	6.2624e-05	2.8849e-05
538	0.65913	0.34078	5.9066e-05	3.1204e-05
539	0.63977	0.36014	5.6553e-05	3.2519e-05
540	0.62778	0.37213	5.4743e-05	3.3136e-05
541	0.62172	0.3782	5.3484e-05	3.3206e-05
542	0.62335	0.37656	5.2885e-05	3.2604e-05
543	0.63327	0.36664	5.2972e-05	3.1307e-05
544	0.61204	0.38788	5.0423e-05	3.2633e-05
545	0.59862	0.4013	4.8578e-05	3.3261e-05
546	0.5914	0.40852	4.7273e-05	3.3352e-05
547	0.56688	0.43304	4.4621e-05	3.4794e-05
548	0.55451	0.44541	4.2965e-05	3.523e-05
549	0.55089	0.44903	4.2001e-05	3.4963e-05
550	0.5524	0.44752	4.1442e-05	3.4294e-05
551	0.55924	0.44069	4.1283e-05	3.323e-05
552	0.57583	0.4241	4.1812e-05	3.1467e-05
553	0.6022	0.39773	4.3015e-05	2.9035e-05
554	0.64079	0.35914	4.5032e-05	2.5792e-05
555	0.69623	0.3037	4.8151e-05	2.1452e-05
556	0.77519	0.22474	5.2775e-05	1.561e-05
557	0.80896	0.19097	5.4144e-05	1.3029e-05
558	0.85758	0.14236	5.6438e-05	9.527e-06
559	0.84724	0.1527	5.4752e-05	1.0011e-05
560	0.84378	0.15615	5.3515e-05	1.0034e-05
561	0.84634	0.1536	5.2649e-05	9.6741e-06
562	0.82174	0.1782	5.0103e-05	1.0983e-05
563	0.80604	0.1939	4.8159e-05	1.1695e-05
564	0.79901	0.20093	4.6749e-05	1.1861e-05
565	0.72037	0.27957	4.1271e-05	1.61e-05
566	0.67466	0.32528	3.7811e-05	1.831e-05
567	0.6431	0.35685	3.5249e-05	1.9625e-05
568	0.62621	0.37373	3.3539e-05	2.0077e-05
569	0.61909	0.38086	3.2371e-05	1.9977e-05
570	0.61977	0.38018	3.161e-05	1.9458e-05
571	0.62843	0.37152	3.1235e-05	1.8544e-05
572	0.64427	0.35569	3.1191e-05	1.7302e-05
573	0.6742	0.32575	3.1758e-05	1.5438e-05
574	0.66735	0.33261	3.0568e-05	1.5336e-05
575	0.66821	0.33175	2.9731e-05	1.4869e-05
576	0.67466	0.3253	2.9139e-05	1.4162e-05
577	0.67192	0.32804	2.8135e-05	1.3856e-05
578	0.67412	0.32583	2.7344e-05	1.334e-05
579	0.68154	0.31842	2.6758e-05	1.2623e-05
580	0.69864	0.30133	2.6511e-05	1.1557e-05
581	0.70251	0.29745	2.5722e-05	1.1021e-05
582	0.71226	0.2877	2.5138e-05	1.0285e-05
583	0.71057	0.28939	2.4142e-05	9.9643e-06
584	0.71616	0.28381	2.3379e-05	9.3995e-06
585	0.72791	0.27206	2.2802e-05	8.6539e-06
586	0.74753	0.25244	2.2437e-05	7.7005e-06
587	0.77783	0.22214	2.2337e-05	6.4872e-06
588	0.79066	0.20931	2.1678e-05	5.8363e-06
589	0.77574	0.22424	2.0259e-05	5.9489e-06
590	0.76741	0.23257	1.9048e-05	5.8574e-06
591	0.76448	0.2355	1.7992e-05	5.6163e-06
592	0.76653	0.23345	1.7059e-05	5.2556e-06
593	0.77611	0.22387	1.6271e-05	4.7402e-06
594	0.79575	0.20423	1.5646e-05	4.0493e-06
595	0.82594	0.17404	1.5172e-05	3.2124e-06
596	0.87104	0.12895	1.4883e-05	2.1947e-06
597	0.93539	0.064595	1.479e-05	9.8384e-07
598	0.96883	0.031155	1.4056e-05	4.0326e-07
599	0.98638	0.013608	1.3007e-05	1.2586e-07
600	0.98399	0.015996	1.2983e-05	1.6208e-07
601	0.97551	0.024472	1.2878e-05	2.7661e-07
602	0.95858	0.04141	1.2651e-05	5.0329e-07
603	0.94767	0.052315	1.2501e-05	6.4925e-07
604	0.92575	0.074235	1.2197e-05	9.4092e-07
605	0.91372	0.086271	1.2016e-05	1.1012e-06
606	0.90641	0.093581	1.1894e-05	1.1976e-06
607	0.9046	0.095388	1.1836e-05	1.2214e-06
608	0.90643	0.093557	1.1823e-05	1.1971e-06
609	0.91184	0.088152	1.1852e-05	1.1262e-06
610	0.91037	0.089616	1.179e-05	1.1429e-06
611	0.91371	0.086272	1.1781e-05	1.0974e-06
612	0.91058	0.089407	1.1687e-05	1.1341e-06
613	0.91231	0.087679	1.1646e-05	1.1081e-06
614	0.91783	0.082152	1.165e-05	1.0337e-06
615	0.92795	0.072033	1.1708e-05	9.0176e-07
616	0.93061	0.06938	1.1669e-05	8.6343e-07
617	0.93662	0.063365	1.1668e-05	7.8311e-07
618	0.93772	0.062268	1.1596e-05	7.6412e-07
619	0.94182	0.058165	1.1558e-05	7.0798e-07
620	0.9514	0.048585	1.1577e-05	5.861e-07
621	0.9553	0.044688	1.1517e-05	5.343e-07
622	0.94441	0.055578	1.1276e-05	6.5869e-07
623	0.93771	0.062281	1.1085e-05	7.3053e-07
624	0.93579	0.0642	1.0942e-05	7.4482e-07
625	0.93811	0.06188	1.084e-05	7.0954e-07
626	0.9439	0.056091	1.0773e-05	6.3479e-07
627	0.95399	0.045999	1.0751e-05	5.1259e-07
628	0.95054	0.049446	1.0567e-05	5.4325e-07
629	0.94981	0.050174	1.041e-05	5.4273e-07
630	0.95297	0.047018	1.0286e-05	5.0007e-07
631	0.96091	0.039082	1.0203e-05	4.0782e-07
632	0.95608	0.043906	9.9819e-06	4.4999e-07
633	0.95405	0.045935	9.7875e-06	4.6163e-07
634	0.95458	0.045414	9.6158e-06	4.4665e-07
635	0.95901	0.040982	9.4736e-06	3.9328e-07
636	0.96861	0.031378	9.3707e-06	2.9174e-07
637	0.9728	0.027193	9.204e-06	2.4512e-07
638	0.98022	0.019775	9.0621e-06	1.7019e-07
639	0.99155	0.0084436	8.9486e-06	6.2859e-08
640	0.98901	0.01098	8.7039e-06	7.7796e-08
641	0.98273	0.017262	8.4316e-06	1.1679e-07
642	0.97903	0.020965	8.1767e-06	1.3437e-07
643	0.96974	0.030255	7.886e-06	1.8411e-07
644	0.96421	0.035781	7.6202e-06	2.0527e-07
645	0.9625	0.03749	7.3723e-06	1.9977e-07
646	0.95678	0.043212	7.7839e-06	2.6826e-07
647	0.9542	0.045788	8.2144e-06	3.1579e-07
648	0.95528	0.044708	8.664e-06	3.3469e-07
649	0.89828	0.10171	8.5614e-06	9.0376e-07
650	0.86525	0.13474	8.6373e-06	1.285e-06
651	0.84342	0.15657	8.7998e-06	1.5773e-06
652	0.79233	0.20765	8.6214e-06	2.2076e-06
653	0.76311	0.23688	8.6372e-06	2.6347e-06
654	0.74424	0.25575	8.7489e-06	2.9633e-06
655	0.69833	0.30165	8.513e-06	3.6368e-06
656	0.67243	0.32756	8.4823e-06	4.0959e-06
657	0.6561	0.34388	8.5546e-06	4.4495e-06
658	0.64932	0.35067	8.7346e-06	4.6865e-06
659	0.64774	0.35224	8.9801e-06	4.8549e-06
660	0.65165	0.34833	9.3018e-06	4.9445e-06
661	0.66107	0.33892	9.7065e-06	4.948e-06
662	0.68127	0.31872	1.0274e-05	4.7799e-06
663	0.71799	0.28199	1.1104e-05	4.3402e-06
664	0.77261	0.22737	1.2246e-05	3.5859e-06
665	0.86535	0.13463	1.4036e-05	2.1749e-06
666	0.9137	0.086286	1.5152e-05	1.4288e-06
667	0.91804	0.081948	1.556e-05	1.3876e-06
668	0.9016	0.098387	1.5611e-05	1.7019e-06
669	0.89102	0.10896	1.5752e-05	1.9234e-06
670	0.88696	0.11302	1.5994e-05	2.0349e-06
671	0.88828	0.11171	1.6322e-05	2.0502e-06
672	0.89524	0.10474	1.6748e-05	1.9587e-06
673	0.90701	0.09297	1.7269e-05	1.7702e-06
674	0.92875	0.071235	1.798e-05	1.3819e-06
675	0.96029	0.039685	1.8897e-05	7.8515e-07
676	0.97534	0.02464	1.9503e-05	4.9666e-07
677	0.98168	0.018298	1.9941e-05	3.7508e-07
678	0.99186	0.0081199	2.0461e-05	1.6928e-07
679	0.99255	0.0074259	2.0778e-05	1.5725e-07
680	0.99165	0.0083317	2.1059e-05	1.788e-07
681	0.99258	0.0074	2.137e-05	1.6129e-07
682	0.99175	0.0082278	2.1641e-05	1.8172e-07
683	0.99228	0.0077017	2.194e-05	1.7237e-07
684	0.99422	0.0057585	2.2268e-05	1.3062e-07
685	0.99781	0.0021646	2.2634e-05	4.9805e-08
686	0.9997	0.00027291	2.2961e-05	6.3715e-09
687	0.9999	7.8636e-05	2.3246e-05	1.8577e-09
688	0.99925	0.00073049	2.351e-05	1.7318e-08
689	0.99808	0.0018964	2.376e-05	4.5388e-08
690	0.99557	0.0044099	2.3975e-05	1.0649e-07
691	0.99441	0.005569	2.422e-05	1.3577e-07
692	0.99485	0.0051291	2.4493e-05	1.2642e-07
693	0.99662	0.0033584	2.4799e-05	8.3471e-08
694	0.99742	0.0025591	2.5072e-05	6.419e-08
695	0.99753	0.0024493	2.5317e-05	6.2079e-08
696	0.99708	0.0028913	2.5539e-05	7.4135e-08
697	0.99545	0.0045226	2.5728e-05	1.1704e-07
698	0.99539	0.0045794	2.5947e-05	1.1973e-07
699	0.99425	0.0057195	2.6137e-05	1.5079e-07
700	0.99441	0.0055645	2.6359e-05	1.4778e-07
701	0.99628	0.0036966	2.6618e-05	9.9038e-08
702	0.99703	0.002947	2.6837e-05	7.9782e-08
703	0.99684	0.0031362	2.7029e-05	8.5606e-08
704	0.99772	0.0022527	2.725e-05	6.1986e-08
705	0.9998	0.00016927	2.7503e-05	4.7202e-09
706	0.99882	0.0011498	2.7669e-05	3.206e-08
707	0.99871	0.0012642	2.7858e-05	3.5467e-08
708	0.99944	0.00052877	2.8069e-05	1.4907e-08
709	0.91308	0.086894	2.5804e-05	2.4613e-06
710	0.86254	0.13743	2.4516e-05	3.9207e-06
711	0.82733	0.17264	2.3652e-05	4.9533e-06
712	0.7591	0.24087	2.1812e-05	6.9538e-06
713	0.71131	0.28866	2.0546e-05	8.3767e-06
714	0.68423	0.31574	1.986e-05	9.2116e-06
715	0.62944	0.37053	1.8341e-05	1.087e-05
716	0.59262	0.40735	1.734e-05	1.2007e-05
717	0.56754	0.43243	1.6679e-05	1.2803e-05
718	0.5519	0.44807	1.6293e-05	1.3321e-05
719	0.5459	0.45407	1.6181e-05	1.3556e-05
720	0.54773	0.45224	1.6296e-05	1.3555e-05
721	0.53907	0.4609	1.609e-05	1.3867e-05
722	0.53592	0.46405	1.6048e-05	1.4012e-05
723	0.53789	0.46208	1.616e-05	1.3999e-05
724	0.54823	0.45174	1.6519e-05	1.3732e-05
725	0.56627	0.4337	1.7114e-05	1.3225e-05
726	0.59462	0.40535	1.8029e-05	1.2397e-05
727	0.63735	0.36262	1.9391e-05	1.1119e-05
728	0.71107	0.2889	2.1701e-05	8.8837e-06
729	0.81913	0.18084	2.5088e-05	5.5701e-06
730	0.87554	0.12443	2.6879e-05	3.8425e-06
731	0.88222	0.11775	2.7132e-05	3.6438e-06
732	0.89376	0.10621	2.7536e-05	3.2928e-06
733	0.91155	0.088424	2.8134e-05	2.745e-06
734	0.94289	0.057083	2.9143e-05	1.7762e-06
735	0.9878	0.012166	3.0579e-05	3.7878e-07
736	0.98876	0.011205	3.0646e-05	3.4865e-07
737	0.99211	0.0078547	3.0778e-05	2.4432e-07
738	0.99878	0.0011934	3.1002e-05	3.7215e-08
739	0.99835	0.0016164	3.1005e-05	5.0291e-08
740	0.99747	0.0025002	3.0984e-05	7.782e-08
741	0.99781	0.0021634	3.0991e-05	6.7525e-08
742	0.99523	0.0047421	3.0897e-05	1.4851e-07
743	0.99403	0.0059367	3.0845e-05	1.8598e-07
744	0.99408	0.0058909	3.083e-05	1.8457e-07
745	0.99281	0.007162	3.0772e-05	2.2401e-07
746	0.98956	0.010413	3.0642e-05	3.2539e-07
747	0.98805	0.01192	3.0566e-05	3.7201e-07
748	0.98384	0.016133	3.0404e-05	5.0208e-07
749	0.98172	0.018245	3.0306e-05	5.6642e-07
750	0.98215	0.017819	3.0276e-05	5.5244e-07
751	0.98457	0.015402	3.0307e-05	4.7653e-07
752	0.99025	0.0097154	3.0429e-05	3.0046e-07
753	0.99932	0.00064865	3.0654e-05	2.011e-08
754	0.99957	0.00039977	3.0604e-05	1.2365e-08
755	0.99975	0.00022002	3.055e-05	6.7825e-09
756	0.99993	3.9754e-05	3.0496e-05	1.2231e-09
757	0.99857	0.0013958	3.0392e-05	4.2577e-08
758	0.99818	0.0017872	3.0317e-05	5.43e-08
759	0.99889	0.0010841	3.0265e-05	3.2905e-08
760	0.99795	0.0020213	3.0154e-05	6.137e-08
761	0.99798	0.0019933	3.007e-05	6.0395e-08
762	0.99892	0.0010451	3.0013e-05	3.1601e-08
763	0.99807	0.0018968	2.99e-05	5.6973e-08
764	0.99836	0.001613	2.981e-05	4.836e-08
765	0.99961	0.00036188	2.9749e-05	1.0837e-08
766	0.99966	0.00031504	2.965e-05	9.3722e-09
767	0.99892	0.001054	2.9518e-05	3.1261e-08
768	0.99737	0.0026041	2.936e-05	7.6795e-08
769	0.99716	0.002813	2.9232e-05	8.2741e-08
770	0.99799	0.0019839	2.9134e-05	5.8141e-08
771	0.99829	0.0016782	2.901e-05	4.9112e-08
772	0.99805	0.0019191	2.8869e-05	5.5943e-08
773	0.9971	0.0028749	2.8706e-05	8.3276e-08
774	0.99714	0.0028278	2.857e-05	8.1414e-08
775	0.99852	0.0014478	2.8463e-05	4.1629e-08
776	0.99769	0.0022798	2.8291e-05	6.5122e-08
777	0.99784	0.0021286	2.8145e-05	6.0433e-08
778	0.99895	0.0010253	2.8025e-05	2.8882e-08
779	0.99964	0.00033417	2.7883e-05	9.3713e-09
780	0.99946	0.00051456	2.7715e-05	1.4287e-08
781	0.99923	0.00074199	2.7536e-05	2.0502e-08
782	0.99975	0.0002237	2.7376e-05	6.1277e-09
783	0.99971	0.00026117	2.7191e-05	7.1187e-09
784	0.9988	0.0011723	2.6981e-05	3.1647e-08
785	0.99889	0.0010784	2.6788e-05	2.8954e-08
786	0.9998	0.00017241	2.6615e-05	4.5832e-09
787	0.99996	1.5317e-05	2.6413e-05	4.0699e-10
788	0.99961	0.00036291	2.6197e-05	9.5461e-09
789	0.99991	6.0539e-05	2.5996e-05	1.5814e-09
790	0.99965	0.00031951	2.5771e-05	8.3191e-09
791	0.99935	0.00062463	2.5543e-05	1.6149e-08
792	0.99881	0.0011662	2.5308e-05	2.988e-08
793	0.99767	0.0023059	2.5056e-05	5.8458e-08
794	0.99755	0.0024254	2.4829e-05	6.0921e-08
795	0.99838	0.0015931	2.4624e-05	3.9675e-08
796	0.99874	0.0012369	2.4397e-05	3.0637e-08
797	0.99868	0.0012998	2.4158e-05	3.1953e-08
798	0.99813	0.0018444	2.3905e-05	4.4881e-08
799	0.99227	0.0077103	2.3523e-05	1.8486e-07
800	0.98037	0.019611	2.2999e-05	4.6416e-07
801	0.95569	0.044284	2.2182e-05	1.0344e-06
802	0.8995	0.10048	2.0654e-05	2.3149e-06
803	0.86696	0.13302	1.968e-05	3.031e-06
804	0.84546	0.15451	1.8972e-05	3.4789e-06
805	0.83193	0.16804	1.8453e-05	3.7371e-06
806	0.82636	0.17362	1.8105e-05	3.8135e-06
807	0.82706	0.17292	1.7888e-05	3.7502e-06
808	0.83423	0.16574	1.78e-05	3.5485e-06
809	0.84986	0.15012	1.7877e-05	3.1735e-06
810	0.87422	0.12576	1.8124e-05	2.6251e-06
811	0.87226	0.12772	1.7811e-05	2.6286e-06
812	0.87589	0.12409	1.7602e-05	2.5177e-06
813	0.88375	0.11623	1.7473e-05	2.3245e-06
814	0.88334	0.11664	1.7177e-05	2.2964e-06
815	0.8869	0.11308	1.6957e-05	2.1907e-06
816	0.89495	0.10503	1.6817e-05	2.0015e-06
817	0.88184	0.11814	1.6278e-05	2.2099e-06
818	0.87609	0.12389	1.5872e-05	2.2751e-06
819	0.87427	0.12572	1.554e-05	2.2649e-06
820	0.86539	0.13459	1.5076e-05	2.3772e-06
821	0.86134	0.13864	1.47e-05	2.3989e-06
822	0.8612	0.13878	1.4391e-05	2.3508e-06
823	0.85191	0.14808	1.393e-05	2.4522e-06
824	0.84929	0.15069	1.3574e-05	2.439e-06
825	0.85064	0.14935	1.3281e-05	2.3605e-06
826	0.85837	0.14162	1.3077e-05	2.1846e-06
827	0.87467	0.12531	1.2985e-05	1.8864e-06
828	0.899	0.10099	1.2996e-05	1.4828e-06
829	0.90858	0.091401	1.2778e-05	1.3063e-06
830	0.92365	0.076335	1.2626e-05	1.0609e-06
831	0.94601	0.053978	1.2559e-05	7.2848e-07
832	0.95531	0.044675	1.23e-05	5.8419e-07
833	0.95908	0.040905	1.1955e-05	5.1757e-07
834	0.96597	0.034016	1.1643e-05	4.1569e-07
835	0.97917	0.020822	1.1389e-05	2.4558e-07
836	0.98487	0.015114	1.1037e-05	1.7146e-07
837	0.99566	0.0043286	1.0726e-05	4.7178e-08
838	0.99468	0.0053092	1.0273e-05	5.5361e-08
839	0.99526	0.0047275	9.8266e-06	4.7212e-08
840	0.99465	0.0053443	9.3665e-06	5.0886e-08
841	0.99528	0.0047135	8.9162e-06	4.2693e-08
842	0.99716	0.0028296	8.4734e-06	2.4312e-08
843	0.99777	0.0022188	8.016e-06	1.7974e-08
844	0.99544	0.0045515	7.5262e-06	3.4573e-08
845	0.99482	0.0051685	7.0414e-06	3.6794e-08
846	0.99544	0.0045511	6.5633e-06	3.0193e-08
847	0.99483	0.005167	6.0743e-06	3.1698e-08
848	0.99304	0.0069583	5.5699e-06	3.9217e-08
849	0.99261	0.0073891	5.0717e-06	3.7913e-08
850	0.99348	0.0065113	4.5772e-06	3.0073e-08
851	0.99578	0.0042195	4.085e-06	1.7243e-08
852	0.99976	0.00023813	3.5937e-06	5.9225e-10
853	0.99992	7.1851e-05	3.664e-06	2.265e-10
854	0.99746	0.0025379	3.7164e-06	9.485e-09
855	0.98034	0.019655	3.7077e-06	7.4597e-08
856	0.96873	0.031264	3.7131e-06	1.2011e-07
857	0.96274	0.037253	3.731e-06	1.4477e-07
858	0.95964	0.040361	3.7546e-06	1.583e-07
859	0.96005	0.039944	3.7839e-06	1.579e-07
860	0.96295	0.037047	3.8178e-06	1.4731e-07
861	0.96867	0.031321	3.858e-06	1.25e-07
862	0.97988	0.020121	3.9121e-06	8.0495e-08
863	0.99698	0.0030128	3.9851e-06	1.1844e-08
864	0.997	0.0029968	3.9843e-06	1.165e-08
865	0.99201	0.0079856	3.9588e-06	3.0723e-08
866	0.98921	0.010788	3.9367e-06	4.1113e-08
867	0.98819	0.011807	3.9164e-06	4.4401e-08
868	0.98881	0.011188	3.8974e-06	4.1196e-08
869	0.99174	0.0082526	3.879e-06	2.9004e-08
870	0.9929	0.0070962	3.8454e-06	2.3705e-08
871	0.99277	0.0072231	3.799e-06	2.299e-08
872	0.99084	0.0091536	3.7416e-06	2.795e-08
873	0.99039	0.0096016	3.6841e-06	2.7546e-08
874	0.99138	0.0086207	3.6261e-06	2.2098e-08
875	0.99098	0.0090169	4.1528e-06	2.9818e-08
876	0.99208	0.0079188	4.6834e-06	3.1355e-08
877	0.99483	0.0051684	5.2211e-06	2.3727e-08
878	0.99573	0.004262	5.7504e-06	2.2433e-08
879	0.98372	0.016277	6.1962e-06	1.0209e-07
880	0.97727	0.022723	6.6584e-06	1.5593e-07
881	0.97373	0.026259	7.1337e-06	1.9467e-07
882	0.9726	0.027393	7.6225e-06	2.1789e-07
883	0.97354	0.026447	8.1253e-06	2.2462e-07
884	0.97083	0.029159	8.5945e-06	2.6296e-07
885	0.97033	0.029656	9.0798e-06	2.8293e-07
886	0.95155	0.04844	9.3803e-06	4.858e-07
887	0.90869	0.091298	9.4086e-06	9.5897e-07
888	0.81465	0.18534	8.8338e-06	2.0333e-06
889	0.60103	0.39895	6.8025e-06	4.5617e-06
890	0.45461	0.54538	5.3625e-06	6.4962e-06
891	0.35432	0.64567	4.3509e-06	7.9995e-06
892	0.29549	0.7045	3.7664e-06	9.0673e-06
893	0.25553	0.74446	3.3776e-06	9.9362e-06
894	0.22772	0.77227	3.1183e-06	1.0672e-05
895	0.17142	0.82857	2.4241e-06	1.1835e-05
896	0.13163	0.86836	1.9211e-06	1.2803e-05
897	0.10853	0.89145	1.6311e-06	1.3549e-05
898	0.095575	0.90441	1.4764e-06	1.4153e-05
899	0.087387	0.9126	1.3872e-06	1.4687e-05
900	0.082482	0.9175	1.345e-06	1.5171e-05
901	0.080272	0.91971	1.344e-06	1.561e-05
902	0.081971	0.91801	1.4074e-06	1.5976e-05
903	0.08798	0.912	1.5472e-06	1.6258e-05
904	0.072504	0.92748	1.3027e-06	1.692e-05
905	0.062246	0.93774	1.1427e-06	1.7495e-05
906	0.057095	0.94289	1.0697e-06	1.7974e-05
907	0.054286	0.94569	1.0381e-06	1.8409e-05
908	0.054704	0.94528	1.0667e-06	1.8775e-05
909	0.057339	0.94264	1.1404e-06	1.9093e-05
910	0.062289	0.93769	1.2637e-06	1.9357e-05
911	0.0705	0.92948	1.4593e-06	1.9545e-05
912	0.083154	0.91682	1.7566e-06	1.9629e-05
913	0.076007	0.92397	1.6349e-06	2.0127e-05
914	0.071814	0.92816	1.573e-06	2.0562e-05
915	0.071472	0.92851	1.5928e-06	2.0908e-05
916	0.074885	0.92509	1.6966e-06	2.1161e-05
917	0.081071	0.91891	1.8675e-06	2.1344e-05
918	0.093159	0.90682	2.1801e-06	2.1377e-05
919	0.095662	0.90431	2.2729e-06	2.1626e-05
920	0.10144	0.89853	2.4475e-06	2.1791e-05
921	0.11335	0.88662	2.775e-06	2.1794e-05
922	0.13089	0.86909	3.2521e-06	2.1644e-05
923	0.16159	0.83839	4.0707e-06	2.1145e-05
924	0.21374	0.78624	5.4525e-06	2.0075e-05
925	0.23931	0.76067	6.1754e-06	1.9655e-05
926	0.2774	0.72257	7.2434e-06	1.8887e-05
927	0.34229	0.65768	9.0346e-06	1.7387e-05
928	0.45184	0.54814	1.2041e-05	1.4664e-05
929	0.61169	0.38828	1.6474e-05	1.0512e-05
930	0.67816	0.32181	1.8459e-05	8.8057e-06
931	0.79162	0.20836	2.1761e-05	5.7735e-06
932	0.84305	0.15693	2.3405e-05	4.397e-06
933	0.91632	0.083652	2.5696e-05	2.3721e-06
934	0.92497	0.075006	2.6185e-05	2.1471e-06
935	0.93914	0.060827	2.6838e-05	1.7565e-06
936	0.96435	0.035624	2.7808e-05	1.0393e-06
937	0.96683	0.033139	2.8116e-05	9.755e-07
938	0.96545	0.034523	2.8309e-05	1.0241e-06
939	0.9673	0.032671	2.8588e-05	9.7745e-07
940	0.96598	0.033987	2.8763e-05	1.0252e-06
941	0.9671	0.03287	2.901e-05	9.9948e-07
942	0.97061	0.02936	2.933e-05	8.9999e-07
943	0.97015	0.029818	2.9528e-05	9.2013e-07
944	0.96636	0.033607	2.9613e-05	1.0436e-06
945	0.96597	0.034002	2.9791e-05	1.0635e-06
946	0.96785	0.032122	3.004e-05	1.012e-06
