#coord	neutral	conserved	gBGC.neutral	gBGC.conserved
1	0.78156	0.21792	0.00040863	0.00011428
2	0.78941	0.21006	0.0004115	0.00010979
3	0.80306	0.19642	0.00041745	0.00010225
4	0.82889	0.17059	0.00042963	8.8456e-05
5	0.87424	0.12525	0.00045172	6.4737e-05
6	0.95135	0.048137	0.00048979	2.5014e-05
7	0.96141	0.038074	0.00049342	1.9765e-05
8	0.9766	0.022887	0.00049973	1.1876e-05
9	0.99874	0.00075283	0.00050967	3.9939e-07
10	0.99871	0.0007859	0.00050814	4.178e-07
11	0.9984	0.0010949	0.0005065	5.8204e-07
12	0.99887	0.00062925	0.0005053	3.4667e-07
13	0.99811	0.0013808	0.00050348	7.6311e-07
14	0.99823	0.0012651	0.00050215	7.248e-07
15	0.99919	0.00030724	0.00050129	2.5202e-07
16	0.99918	0.00031936	0.00049552	2.0401e-07
17	0.99918	0.00033401	0.00048981	1.8643e-07
18	0.99914	0.00037178	0.00048416	1.9344e-07
19	0.99789	0.0016331	0.000478	8.0084e-07
20	0.99778	0.0017436	0.00047235	8.4872e-07
21	0.99701	0.0025272	0.00046647	1.2149e-06
22	0.99527	0.0042663	0.00046025	2.0192e-06
23	0.99481	0.0047361	0.00045472	2.2134e-06
24	0.99264	0.0069112	0.0004485	3.1766e-06
25	0.99188	0.007673	0.00044302	3.4759e-06
26	0.99253	0.0070289	0.00043827	3.1367e-06
27	0.99514	0.0044203	0.00043433	1.9476e-06
28	0.99637	0.0031949	0.0004297	1.394e-06
29	0.9989	0.00067625	0.0004257	2.9348e-07
30	0.99814	0.0014395	0.00042024	6.1804e-07
31	0.99676	0.0028218	0.00041446	1.2035e-06
32	0.99644	0.0031544	0.00040922	1.3347e-06
33	0.99712	0.0024772	0.00040448	1.0457e-06
34	0.99689	0.0027092	0.00039943	1.1343e-06
35	0.99234	0.0072669	0.00039271	2.9807e-06
36	0.98971	0.009895	0.00038688	4.0032e-06
37	0.96975	0.029861	0.00037412	1.1921e-05
38	0.95664	0.042982	0.00036435	1.6922e-05
39	0.94814	0.051482	0.00035658	1.9995e-05
40	0.94325	0.056382	0.00035034	2.161e-05
41	0.94159	0.058042	0.00034543	2.196e-05
42	0.94271	0.056927	0.00034164	2.1264e-05
43	0.93822	0.061418	0.00033588	2.26e-05
44	0.92717	0.072475	0.00032777	2.6257e-05
45	0.9205	0.079146	0.00032137	2.8255e-05
46	0.91742	0.082231	0.00031636	2.8937e-05
47	0.88198	0.11768	0.00030027	4.0663e-05
48	0.86181	0.13785	0.00028956	4.6972e-05
49	0.8137	0.18597	0.00026983	6.2358e-05
50	0.70687	0.2928	0.00023154	9.6379e-05
51	0.64383	0.35585	0.0002081	0.00011551
52	0.59978	0.3999	0.0001914	0.00012796
53	0.56943	0.43026	0.00017946	0.00013571
54	0.55321	0.44648	0.00017206	0.00013888
55	0.51568	0.48402	0.00015842	0.00014836
56	0.49485	0.50485	0.00015002	0.00015256
57	0.48235	0.51735	0.00014434	0.0001541
58	0.45341	0.5463	0.00013392	0.00016037
59	0.39459	0.60512	0.00011502	0.00017509
60	0.36041	0.6393	0.00010357	0.00018233
61	0.33707	0.66265	9.5528e-05	0.00018622
62	0.32174	0.67798	8.9953e-05	0.00018768
63	0.31546	0.68426	8.6933e-05	0.00018657
64	0.31635	0.68338	8.5865e-05	0.00018348
65	0.32465	0.67509	8.6726e-05	0.00017845
66	0.33957	0.66017	8.9306e-05	0.00017175
67	0.36769	0.63205	9.5114e-05	0.0001618
68	0.40981	0.58993	0.00010433	0.00014849
69	0.40915	0.5906	0.00010247	0.00014623
70	0.39801	0.60174	9.8015e-05	0.00014655
71	0.39515	0.60461	9.5617e-05	0.00014479
72	0.39979	0.59998	9.4983e-05	0.00014125
73	0.40993	0.58984	9.5631e-05	0.00013647
74	0.43117	0.5686	9.8664e-05	0.00012928
75	0.46379	0.53599	0.00010412	0.00011973
76	0.47454	0.52524	0.00010458	0.00011521
77	0.49685	0.50294	0.0001074	0.00010831
78	0.53104	0.46875	0.00011262	9.9062e-05
79	0.52695	0.47284	0.00010959	9.8044e-05
80	0.52801	0.47179	0.00010769	9.5942e-05
81	0.53434	0.46546	0.00010688	9.2793e-05
82	0.54671	0.4531	0.00010726	8.8502e-05
83	0.57146	0.42835	0.00010989	8.1939e-05
84	0.60783	0.39198	0.0001146	7.3345e-05
85	0.62502	0.37479	0.00011541	6.862e-05
86	0.6571	0.34272	0.00011873	6.1366e-05
87	0.71271	0.28711	0.00012586	5.0269e-05
88	0.7919	0.20793	0.00013673	3.5494e-05
89	0.83292	0.16691	0.00014047	2.7805e-05
90	0.90295	0.096883	0.00014855	1.5755e-05
91	0.91217	0.087674	0.00014638	1.3924e-05
92	0.91366	0.086185	0.00014301	1.3355e-05
93	0.90977	0.09008	0.00013877	1.3621e-05
94	0.90925	0.090599	0.00013512	1.3351e-05
95	0.91205	0.087803	0.00013201	1.2595e-05
96	0.92043	0.079431	0.00012963	1.1084e-05
97	0.93379	0.066077	0.00012792	8.9502e-06
98	0.95772	0.042145	0.00012747	5.5296e-06
99	0.99882	0.0010511	0.00012898	1.1784e-07
100	0.98506	0.014813	0.00012653	2.3932e-06
101	0.97752	0.022353	0.00012507	3.6693e-06
102	0.97406	0.025815	0.00012424	4.3021e-06
103	0.97297	0.026898	0.00012379	4.5696e-06
104	0.97482	0.025055	0.00012375	4.42e-06
105	0.97917	0.020705	0.00012406	3.9277e-06
106	0.97408	0.025793	0.00012286	4.9581e-06
107	0.96196	0.037913	0.00012033	7.3231e-06
108	0.95416	0.045717	0.00011862	8.8945e-06
109	0.95101	0.048864	0.0001177	9.6533e-06
110	0.94108	0.058795	0.00011552	1.1687e-05
111	0.91692	0.082951	0.00011058	1.6492e-05
112	0.74154	0.25833	8.7777e-05	3.7457e-05
113	0.62147	0.37841	7.2285e-05	5.1135e-05
114	0.53671	0.46317	6.1399e-05	6.0228e-05
115	0.47708	0.5228	5.3727e-05	6.6128e-05
116	0.44281	0.55708	4.9072e-05	6.8998e-05
117	0.42417	0.57571	4.6252e-05	7.002e-05
118	0.41326	0.58663	4.4375e-05	7.0121e-05
119	0.41075	0.58914	4.3438e-05	6.927e-05
120	0.41594	0.58395	4.3335e-05	6.7572e-05
121	0.42677	0.57312	4.3847e-05	6.5279e-05
122	0.42482	0.57507	4.2966e-05	6.4397e-05
123	0.42786	0.57203	4.263e-05	6.2989e-05
124	0.4211	0.5788	4.1255e-05	6.2608e-05
125	0.4195	0.5804	4.0438e-05	6.1687e-05
126	0.42289	0.57701	4.0138e-05	6.0267e-05
127	0.41358	0.58632	3.8606e-05	6.0098e-05
128	0.38995	0.60995	3.5737e-05	6.1253e-05
129	0.37799	0.62192	3.4003e-05	6.1263e-05
130	0.34757	0.65233	3.0653e-05	6.2904e-05
131	0.32777	0.67214	2.8365e-05	6.3504e-05
132	0.27827	0.72164	2.3598e-05	6.6598e-05
133	0.24362	0.75629	2.0262e-05	6.8277e-05
134	0.22401	0.77591	1.8262e-05	6.8611e-05
135	0.2117	0.78822	1.6931e-05	6.8292e-05
136	0.17863	0.82129	1.4004e-05	6.9584e-05
137	0.15989	0.84002	1.2277e-05	6.9667e-05
138	0.14789	0.85203	1.1132e-05	6.9183e-05
139	0.14089	0.85903	1.0407e-05	6.8295e-05
140	0.13789	0.86203	1.0005e-05	6.7099e-05
141	0.13845	0.86147	9.8787e-06	6.5642e-05
142	0.14266	0.85726	1.0023e-05	6.3928e-05
143	0.15112	0.8488	1.0473e-05	6.1925e-05
144	0.16426	0.83567	1.1243e-05	5.9613e-05
145	0.18775	0.81218	1.2703e-05	5.6603e-05
146	0.19523	0.80471	1.2983e-05	5.4787e-05
147	0.20772	0.79222	1.3591e-05	5.2655e-05
148	0.23119	0.76875	1.4889e-05	4.9824e-05
149	0.26509	0.73484	1.6823e-05	4.6371e-05
150	0.28038	0.71956	1.7436e-05	4.4229e-05
151	0.28452	0.71542	1.7302e-05	4.2824e-05
152	0.2936	0.70634	1.7463e-05	4.1138e-05
153	0.3125	0.68744	1.8168e-05	3.8899e-05
154	0.31699	0.68295	1.7999e-05	3.7549e-05
155	0.3299	0.67004	1.8276e-05	3.5743e-05
156	0.35086	0.64909	1.8972e-05	3.3534e-05
157	0.38288	0.61707	2.0222e-05	3.0787e-05
158	0.43862	0.56133	2.2609e-05	2.6891e-05
159	0.52047	0.47948	2.6205e-05	2.1803e-05
160	0.56172	0.43823	2.7501e-05	1.9004e-05
161	0.57773	0.42222	2.748e-05	1.7537e-05
162	0.55997	0.43999	2.5978e-05	1.7569e-05
163	0.54926	0.4507	2.4818e-05	1.7274e-05
164	0.54698	0.45298	2.4002e-05	1.6623e-05
165	0.55249	0.44747	2.349e-05	1.5657e-05
166	0.56731	0.43265	2.332e-05	1.4336e-05
167	0.59128	0.40868	2.3487e-05	1.2697e-05
168	0.60106	0.3989	2.3036e-05	1.1663e-05
169	0.57246	0.4275	2.1407e-05	1.1824e-05
170	0.51412	0.48585	1.9074e-05	1.2678e-05
171	0.40149	0.59848	1.4889e-05	1.7e-05
172	0.32443	0.67553	1.2042e-05	1.9988e-05
173	0.27907	0.7209	1.0354e-05	2.1809e-05
174	0.25291	0.74705	9.3725e-06	2.2919e-05
175	0.23592	0.76405	8.7377e-06	2.3683e-05
176	0.19971	0.80026	7.3724e-06	2.5173e-05
177	0.17534	0.82462	6.4583e-06	2.6212e-05
178	0.15932	0.84065	5.8597e-06	2.6938e-05
179	0.14933	0.85064	5.4872e-06	2.744e-05
180	0.14356	0.85641	5.2707e-06	2.7787e-05
181	0.14312	0.85684	5.2404e-06	2.7941e-05
182	0.14791	0.85205	5.3866e-06	2.7914e-05
183	0.15714	0.84283	5.6856e-06	2.7735e-05
184	0.1751	0.82486	6.2693e-06	2.7266e-05
185	0.16595	0.83402	5.9392e-06	2.7713e-05
186	0.16138	0.83858	5.7756e-06	2.7995e-05
187	0.16238	0.83759	5.8031e-06	2.8079e-05
188	0.16697	0.833	5.9574e-06	2.8039e-05
189	0.17844	0.82153	6.3415e-06	2.7762e-05
190	0.17898	0.82099	6.3595e-06	2.7853e-05
191	0.17135	0.82862	6.0856e-06	2.8231e-05
192	0.16773	0.83224	5.957e-06	2.8464e-05
193	0.16768	0.83228	5.957e-06	2.8569e-05
194	0.17341	0.82656	6.1538e-06	2.8473e-05
195	0.18652	0.81345	6.5999e-06	2.8121e-05
196	0.18987	0.81009	6.7102e-06	2.8099e-05
197	0.19737	0.8026	6.9671e-06	2.7932e-05
198	0.2099	0.79007	7.4019e-06	2.7588e-05
199	0.22898	0.77099	8.0685e-06	2.7014e-05
200	0.26298	0.73698	9.2429e-06	2.5926e-05
201	0.31318	0.68678	1.099e-05	2.4267e-05
202	0.33403	0.66593	1.1738e-05	2.361e-05
203	0.36585	0.63412	1.2881e-05	2.256e-05
204	0.41164	0.58833	1.4532e-05	2.1004e-05
205	0.4791	0.52087	1.6977e-05	1.8657e-05
206	0.57476	0.4252	2.0465e-05	1.527e-05
207	0.73601	0.26395	2.6299e-05	9.5292e-06
208	0.9713	0.028668	3.4881e-05	1.0443e-06
209	0.97318	0.026784	3.5034e-05	9.7977e-07
210	0.96216	0.037808	3.4723e-05	1.3838e-06
211	0.7212	0.27876	2.5961e-05	1.023e-05
212	0.55062	0.44935	1.9784e-05	1.6496e-05
213	0.4299	0.57006	1.5431e-05	2.0939e-05
214	0.34455	0.65541	1.2368e-05	2.4094e-05
215	0.29421	0.70575	1.0552e-05	2.5997e-05
216	0.25898	0.74099	9.2902e-06	2.7346e-05
217	0.23462	0.76535	8.4266e-06	2.83e-05
218	0.22155	0.77841	7.9652e-06	2.8845e-05
219	0.21424	0.78572	7.7167e-06	2.9179e-05
220	0.19176	0.8082	6.9176e-06	3.0066e-05
221	0.13933	0.86063	5.0325e-06	3.2042e-05
222	0.10838	0.89158	3.9117e-06	3.3247e-05
223	0.086602	0.91336	3.1271e-06	3.4117e-05
224	0.074162	0.9258	2.6765e-06	3.4647e-05
225	0.065788	0.93417	2.376e-06	3.5029e-05
226	0.060475	0.93949	2.1885e-06	3.5298e-05
227	0.058922	0.94104	2.1363e-06	3.5427e-05
228	0.060631	0.93933	2.2022e-06	3.5432e-05
229	0.057088	0.94287	2.071e-06	3.5629e-05
230	0.055897	0.94407	2.0285e-06	3.5739e-05
231	0.056665	0.9433	2.0599e-06	3.5776e-05
232	0.060904	0.93906	2.2178e-06	3.5681e-05
233	0.068183	0.93178	2.4909e-06	3.5472e-05
234	0.079113	0.92085	2.9032e-06	3.5125e-05
235	0.095595	0.90437	3.529e-06	3.4567e-05
236	0.12396	0.876	4.5972e-06	3.356e-05
237	0.1655	0.83446	6.1735e-06	3.2047e-05
238	0.2356	0.76436	8.8184e-06	2.946e-05
239	0.33783	0.66213	1.2707e-05	2.5632e-05
240	0.3502	0.64976	1.3187e-05	2.5205e-05
241	0.37427	0.62569	1.4102e-05	2.4336e-05
242	0.4107	0.58926	1.5496e-05	2.2992e-05
243	0.46296	0.537	1.7507e-05	2.1033e-05
244	0.4841	0.51586	1.8342e-05	2.0253e-05
245	0.52241	0.47756	1.9825e-05	1.8818e-05
246	0.57927	0.42069	2.2039e-05	1.6655e-05
247	0.60779	0.39217	2.3153e-05	1.5585e-05
248	0.65075	0.34921	2.4838e-05	1.3948e-05
249	0.64846	0.3515	2.4776e-05	1.406e-05
250	0.63462	0.36534	2.4251e-05	1.4628e-05
251	0.62755	0.37242	2.3998e-05	1.4928e-05
252	0.62574	0.37422	2.3957e-05	1.502e-05
253	0.63161	0.36835	2.4207e-05	1.4812e-05
254	0.64396	0.356	2.4719e-05	1.4347e-05
255	0.66458	0.33538	2.5565e-05	1.3552e-05
256	0.67042	0.32954	2.582e-05	1.3339e-05
257	0.68265	0.31731	2.6335e-05	1.2872e-05
258	0.70302	0.29694	2.7182e-05	1.2075e-05
259	0.70831	0.29165	2.7437e-05	1.1875e-05
260	0.71917	0.28079	2.7921e-05	1.1449e-05
261	0.74105	0.25891	2.8837e-05	1.0583e-05
262	0.77453	0.22543	3.0234e-05	9.2406e-06
263	0.82443	0.17553	3.2314e-05	7.2184e-06
264	0.90924	0.090718	3.5797e-05	3.7867e-06
265	0.91989	0.080074	3.6283e-05	3.3561e-06
266	0.9237	0.076257	3.6481e-05	3.2054e-06
267	0.93122	0.068743	3.6836e-05	2.902e-06
268	0.92175	0.078212	3.6504e-05	3.2906e-06
269	0.91638	0.083584	3.6343e-05	3.5116e-06
270	0.91445	0.085506	3.6328e-05	3.5913e-06
271	0.91602	0.083938	3.6462e-05	3.5271e-06
272	0.89234	0.10762	3.5581e-05	4.4817e-06
273	0.87944	0.12052	3.512e-05	5.0089e-06
274	0.87171	0.12825	3.4873e-05	5.3257e-06
275	0.87008	0.12988	3.4863e-05	5.3972e-06
276	0.8741	0.12586	3.5074e-05	5.2401e-06
277	0.88286	0.1171	3.5486e-05	4.8864e-06
278	0.8717	0.12826	3.5071e-05	5.3507e-06
279	0.8654	0.13456	3.4862e-05	5.6148e-06
280	0.86497	0.13499	3.4882e-05	5.6405e-06
281	0.86873	0.13123	3.5081e-05	5.4921e-06
282	0.87722	0.12274	3.5483e-05	5.1457e-06
283	0.87733	0.12263	3.5547e-05	5.1431e-06
284	0.87066	0.1293	3.5321e-05	5.4215e-06
285	0.86808	0.13188	3.5269e-05	5.53e-06
286	0.87115	0.12881	3.544e-05	5.4073e-06
287	0.88074	0.11922	3.587e-05	5.017e-06
288	0.89957	0.10039	3.6671e-05	4.2483e-06
289	0.87861	0.12135	3.5805e-05	5.1382e-06
290	0.86478	0.13518	3.5245e-05	5.7255e-06
291	0.85683	0.14312	3.4939e-05	6.0642e-06
292	0.85328	0.14668	3.4822e-05	6.2184e-06
293	0.8556	0.14435	3.4939e-05	6.13e-06
294	0.86253	0.13743	3.5254e-05	5.8478e-06
295	0.87506	0.1249	3.5812e-05	5.3285e-06
296	0.87797	0.12199	3.5975e-05	5.2086e-06
297	0.88495	0.11501	3.6316e-05	4.9152e-06
298	0.89966	0.10029	3.6971e-05	4.2987e-06
299	0.92169	0.078271	3.7946e-05	3.3676e-06
300	0.95474	0.045215	3.9404e-05	1.9582e-06
301	0.94866	0.051302	3.9203e-05	2.2122e-06
302	0.94697	0.052992	3.9175e-05	2.2838e-06
303	0.94817	0.051784	3.9277e-05	2.2318e-06
304	0.94527	0.054687	3.9195e-05	2.3551e-06
305	0.94535	0.054605	3.9245e-05	2.3512e-06
306	0.9495	0.050455	3.9458e-05	2.1767e-06
307	0.9484	0.051561	3.9453e-05	2.2236e-06
308	0.94994	0.050016	3.9567e-05	2.157e-06
309	0.9558	0.044154	3.9854e-05	1.9083e-06
310	0.95625	0.043708	3.9917e-05	1.8888e-06
311	0.95198	0.047975	3.9786e-05	2.0674e-06
312	0.95162	0.048335	3.9811e-05	2.0827e-06
313	0.94587	0.054092	3.9614e-05	2.3249e-06
314	0.9445	0.055458	3.9592e-05	2.3834e-06
315	0.94608	0.053875	3.9702e-05	2.3153e-06
316	0.95084	0.049117	3.9954e-05	2.1098e-06
317	0.96115	0.038811	4.0435e-05	1.6681e-06
318	0.97667	0.023285	4.1148e-05	9.9798e-07
319	0.97129	0.028669	4.0956e-05	1.2243e-06
320	0.9687	0.031259	4.0889e-05	1.3316e-06
321	0.96926	0.030696	4.0946e-05	1.3066e-06
322	0.9539	0.046058	4.034e-05	1.9492e-06
323	0.94581	0.05415	4.0027e-05	2.2901e-06
324	0.92568	0.074279	3.9217e-05	3.1331e-06
325	0.91488	0.085078	3.8786e-05	3.5886e-06
326	0.91034	0.089615	3.8609e-05	3.7821e-06
327	0.91071	0.089246	3.8629e-05	3.7695e-06
328	0.88071	0.11924	3.7372e-05	5.0397e-06
329	0.86097	0.13898	3.6559e-05	5.8708e-06
330	0.84813	0.15183	3.6043e-05	6.4084e-06
331	0.84289	0.15706	3.5838e-05	6.6279e-06
332	0.84379	0.15616	3.5882e-05	6.5897e-06
333	0.85098	0.14898	3.6182e-05	6.2871e-06
334	0.86393	0.13603	3.6736e-05	5.7363e-06
335	0.88818	0.11178	3.7756e-05	4.7109e-06
336	0.93026	0.069693	3.9512e-05	2.9411e-06
337	0.94922	0.050741	4.0282e-05	2.1488e-06
338	0.94877	0.051191	4.0244e-05	2.1694e-06
339	0.9522	0.047754	4.0362e-05	2.0269e-06
340	0.9507	0.049253	4.0276e-05	2.0919e-06
341	0.95296	0.047002	4.0339e-05	1.9992e-06
342	0.9581	0.041854	4.0531e-05	1.7826e-06
343	0.95924	0.040722	4.0543e-05	1.7372e-06
344	0.96317	0.036786	4.068e-05	1.5717e-06
345	0.97192	0.028041	4.101e-05	1.2058e-06
346	0.96971	0.030251	4.0866e-05	1.3046e-06
347	0.96209	0.037868	4.0495e-05	1.6354e-06
348	0.9577	0.042257	4.0269e-05	1.8251e-06
349	0.95601	0.043946	4.0165e-05	1.8979e-06
350	0.9579	0.042062	4.0203e-05	1.82e-06
351	0.96251	0.037448	4.0362e-05	1.6252e-06
352	0.96242	0.037539	4.0327e-05	1.6295e-06
353	0.96471	0.035248	4.0399e-05	1.5314e-06
354	0.971	0.028963	4.0629e-05	1.2656e-06
355	0.96598	0.033977	4.0383e-05	1.4812e-06
356	0.9638	0.036157	4.0265e-05	1.5742e-06
357	0.96414	0.035817	4.0261e-05	1.5585e-06
358	0.96001	0.039948	4.0073e-05	1.732e-06
359	0.94744	0.052514	3.9536e-05	2.2598e-06
360	0.93944	0.060513	3.9197e-05	2.5927e-06
361	0.93645	0.063504	3.9059e-05	2.7168e-06
362	0.93662	0.063337	3.9061e-05	2.7059e-06
363	0.93997	0.059987	3.9205e-05	2.5587e-06
364	0.94845	0.05151	3.9556e-05	2.1959e-06
365	0.96164	0.038317	4.0114e-05	1.6299e-06
366	0.98514	0.014815	4.1098e-05	6.298e-07
367	0.98365	0.016304	4.1012e-05	6.9151e-07
368	0.9839	0.01606	4.1004e-05	6.7959e-07
369	0.98666	0.013302	4.1092e-05	5.631e-07
370	0.98732	0.012635	4.1083e-05	5.3541e-07
371	0.98979	0.010165	4.1155e-05	4.3135e-07
372	0.99046	0.0094969	4.1157e-05	4.025e-07
373	0.99278	0.0071825	4.1235e-05	3.038e-07
374	0.99784	0.0021224	4.1418e-05	9.0903e-08
375	0.99628	0.0036834	4.1329e-05	1.5652e-07
376	0.99591	0.0040447	4.1295e-05	1.7143e-07
377	0.9967	0.0032583	4.1315e-05	1.3793e-07
378	0.99642	0.003539	4.1281e-05	1.4975e-07
379	0.99494	0.0050151	4.1202e-05	2.1131e-07
380	0.9836	0.016363	4.07e-05	6.879e-07
381	0.97613	0.023833	4.0367e-05	9.9955e-07
382	0.96156	0.038399	3.9726e-05	1.6105e-06
383	0.95387	0.04609	3.9363e-05	1.9348e-06
384	0.94978	0.050178	3.9159e-05	2.1057e-06
385	0.94969	0.050273	3.9111e-05	2.1115e-06
386	0.95225	0.047705	3.918e-05	2.0055e-06
387	0.9578	0.042163	3.9378e-05	1.7749e-06
388	0.95825	0.04171	3.937e-05	1.7547e-06
389	0.95426	0.045697	3.9184e-05	1.9173e-06
390	0.94266	0.057297	3.8692e-05	2.3912e-06
391	0.86615	0.13381	3.5514e-05	5.5425e-06
392	0.81239	0.18757	3.3294e-05	7.7402e-06
393	0.78151	0.21845	3.1999e-05	9.0051e-06
394	0.76064	0.23931	3.1126e-05	9.8514e-06
395	0.75044	0.24952	3.068e-05	1.0263e-05
396	0.746	0.25396	3.0479e-05	1.0434e-05
397	0.74854	0.25142	3.0554e-05	1.0321e-05
398	0.75604	0.24392	3.0839e-05	1.0002e-05
399	0.75315	0.24681	3.0706e-05	1.0106e-05
400	0.75489	0.24507	3.0768e-05	1.0018e-05
401	0.76146	0.23849	3.1035e-05	9.7288e-06
402	0.77691	0.22305	3.1657e-05	9.0764e-06
403	0.78197	0.21799	3.1841e-05	8.8541e-06
404	0.79276	0.2072	3.2268e-05	8.3943e-06
405	0.81426	0.18569	3.3122e-05	7.4981e-06
406	0.85228	0.14768	3.4637e-05	5.9343e-06
407	0.90676	0.0932	3.6836e-05	3.6899e-06
408	0.98679	0.013172	4.0103e-05	3.8242e-07
409	0.99945	0.00051163	4.2184e-05	2.4925e-08
410	0.9976	0.0023534	4.2504e-05	1.0322e-07
411	0.99686	0.0030979	4.2876e-05	1.3525e-07
412	0.99517	0.0047866	4.3197e-05	2.0937e-07
413	0.99507	0.0048819	4.3577e-05	2.1541e-07
414	0.99655	0.0034101	4.4016e-05	1.5267e-07
415	0.99445	0.0055084	4.4304e-05	2.4847e-07
416	0.99376	0.006198	4.4663e-05	2.816e-07
417	0.99474	0.005219	4.5086e-05	2.3989e-07
418	0.99386	0.0060957	4.5433e-05	2.8231e-07
419	0.99161	0.0083445	4.5705e-05	3.9007e-07
420	0.99085	0.0091028	4.6053e-05	4.2906e-07
421	0.99149	0.0084619	4.6473e-05	4.0201e-07
422	0.99372	0.006237	4.6978e-05	2.9817e-07
423	0.99418	0.0057732	4.7408e-05	2.7684e-07
424	0.99356	0.0063895	4.7776e-05	3.0781e-07
425	0.99464	0.0053151	4.8216e-05	2.5783e-07
426	0.99768	0.0022738	4.8742e-05	1.1165e-07
427	0.99903	0.00091641	4.9195e-05	4.5433e-08
428	0.99878	0.0011687	4.9558e-05	5.8661e-08
429	0.99932	0.00063269	4.9969e-05	3.2281e-08
430	0.99602	0.003928	5.0173e-05	2.0256e-07
431	0.9889	0.011053	5.0185e-05	5.7235e-07
432	0.98444	0.015509	5.0339e-05	8.0769e-07
433	0.98226	0.01769	5.0618e-05	9.2686e-07
434	0.98262	0.017324	5.1016e-05	9.1562e-07
435	0.98564	0.014306	5.1544e-05	7.6593e-07
436	0.9857	0.014244	5.1925e-05	7.6989e-07
437	0.97505	0.024901	5.1736e-05	1.3509e-06
438	0.96955	0.030394	5.1808e-05	1.6622e-06
439	0.96672	0.033223	5.2029e-05	1.8304e-06
440	0.96719	0.032759	5.2417e-05	1.8218e-06
441	0.97107	0.028871	5.2983e-05	1.6264e-06
442	0.94696	0.052987	5.1948e-05	3.0218e-06
443	0.9305	0.06944	5.1348e-05	3.989e-06
444	0.92016	0.079785	5.1099e-05	4.6132e-06
445	0.89847	0.10147	5.02e-05	5.895e-06
446	0.88401	0.11593	4.9714e-05	6.7706e-06
447	0.87721	0.12274	4.9647e-05	7.2175e-06
448	0.85767	0.14227	4.8843e-05	8.4101e-06
449	0.84779	0.15215	4.8577e-05	9.0547e-06
450	0.84306	0.15688	4.8619e-05	9.3989e-06
451	0.84281	0.15713	4.8934e-05	9.4791e-06
452	0.84699	0.15296	4.9523e-05	9.2924e-06
453	0.85575	0.14419	5.0402e-05	8.8231e-06
454	0.87073	0.12921	5.168e-05	7.9632e-06
455	0.89409	0.10585	5.3503e-05	6.5667e-06
456	0.93468	0.065262	5.6397e-05	4.0904e-06
457	0.81939	0.18055	4.9767e-05	1.1146e-05
458	0.74067	0.25927	4.5322e-05	1.6026e-05
459	0.6854	0.31454	4.2275e-05	1.9514e-05
460	0.57795	0.42199	3.5925e-05	2.6296e-05
461	0.51505	0.48489	3.2231e-05	3.0414e-05
462	0.4785	0.52143	3.0128e-05	3.2933e-05
463	0.3906	0.60934	2.4753e-05	3.873e-05
464	0.33922	0.66072	2.1615e-05	4.2282e-05
465	0.30332	0.69662	1.945e-05	4.4866e-05
466	0.28313	0.7168	1.826e-05	4.6467e-05
467	0.27005	0.72988	1.7527e-05	4.7617e-05
468	0.26503	0.7349	1.7304e-05	4.8251e-05
469	0.2667	0.73324	1.7509e-05	4.8448e-05
470	0.25706	0.74287	1.6973e-05	4.9392e-05
471	0.25474	0.74519	1.6911e-05	4.9856e-05
472	0.24149	0.75844	1.6101e-05	5.106e-05
473	0.23414	0.7658	1.5691e-05	5.1871e-05
474	0.23122	0.76872	1.5583e-05	5.2383e-05
475	0.18231	0.81762	1.2305e-05	5.6059e-05
476	0.14786	0.85208	1.0004e-05	5.8762e-05
477	0.1237	0.87623	8.3992e-06	6.0773e-05
478	0.1102	0.88973	7.5048e-06	6.2068e-05
479	0.10173	0.8982	6.9578e-06	6.302e-05
480	0.079038	0.92089	5.4196e-06	6.4968e-05
481	0.063105	0.93682	4.343e-06	6.6459e-05
482	0.052015	0.94791	3.5979e-06	6.7622e-05
483	0.044437	0.95549	3.0936e-06	6.8549e-05
484	0.039706	0.96022	2.7866e-06	6.9283e-05
485	0.038008	0.96192	2.6872e-06	6.9803e-05
486	0.038065	0.96186	2.7153e-06	7.0201e-05
487	0.033702	0.96622	2.4206e-06	7.0915e-05
488	0.032107	0.96782	2.3204e-06	7.1429e-05
489	0.031928	0.968	2.3248e-06	7.1843e-05
490	0.027481	0.97244	2.0113e-06	7.2568e-05
491	0.02487	0.97506	1.8327e-06	7.3163e-05
492	0.023568	0.97636	1.7513e-06	7.3665e-05
493	0.018132	0.98179	1.3566e-06	7.4475e-05
494	0.01523	0.98469	1.1454e-06	7.5094e-05
495	0.014063	0.98586	1.0618e-06	7.5581e-05
496	0.013813	0.98611	1.049e-06	7.6001e-05
497	0.01496	0.98496	1.1416e-06	7.631e-05
498	0.017178	0.98274	1.3195e-06	7.6538e-05
499	0.021643	0.97828	1.6712e-06	7.6587e-05
500	0.029624	0.9703	2.2953e-06	7.6357e-05
501	0.0409	0.95902	3.1872e-06	7.5864e-05
502	0.060239	0.93968	4.7114e-06	7.4732e-05
503	0.067961	0.93196	5.3322e-06	7.4498e-05
504	0.082201	0.91772	6.4623e-06	7.3748e-05
505	0.1026	0.89732	8.0957e-06	7.2499e-05
506	0.13162	0.8683	1.044e-05	7.0544e-05
507	0.17413	0.82579	1.3907e-05	6.7472e-05
508	0.23424	0.76568	1.8858e-05	6.292e-05
509	0.33634	0.66358	2.7236e-05	5.4935e-05
510	0.48523	0.51469	3.9588e-05	4.2982e-05
511	0.50351	0.49641	4.1302e-05	4.1676e-05
512	0.53113	0.46879	4.3829e-05	3.9563e-05
513	0.57951	0.4204	4.8099e-05	3.5699e-05
514	0.65089	0.34902	5.439e-05	2.9823e-05
515	0.75554	0.24438	6.3636e-05	2.1e-05
516	0.93189	0.068026	7.9054e-05	5.9954e-06
517	0.9377	0.062218	7.9949e-05	5.5237e-06
518	0.94987	0.050043	8.1385e-05	4.4997e-06
519	0.97169	0.028227	8.3648e-05	2.6383e-06
520	0.95158	0.048335	8.2174e-05	4.5246e-06
521	0.94055	0.059361	8.1509e-05	5.5912e-06
522	0.9341	0.065816	8.1275e-05	6.2367e-06
523	0.93128	0.068628	8.1388e-05	6.5474e-06
524	0.93171	0.068202	8.1809e-05	6.5603e-06
525	0.93517	0.064739	8.2522e-05	6.2923e-06
526	0.9217	0.078208	8.1621e-05	7.6263e-06
527	0.91516	0.084751	8.1353e-05	8.3164e-06
528	0.91225	0.087664	8.1439e-05	8.6631e-06
529	0.86891	0.131	7.7534e-05	1.2989e-05
530	0.83986	0.16005	7.5028e-05	1.5927e-05
531	0.82401	0.1759	7.3774e-05	1.7603e-05
532	0.78492	0.21499	7.021e-05	2.1598e-05
533	0.76304	0.23687	6.8301e-05	2.3928e-05
534	0.7495	0.25041	6.7225e-05	2.5435e-05
535	0.71975	0.28015	6.4475e-05	2.8606e-05
536	0.70058	0.29932	6.2791e-05	3.0722e-05
537	0.68923	0.31068	6.1891e-05	3.2062e-05
538	0.65912	0.34078	5.9103e-05	3.5301e-05
539	0.63977	0.36014	5.7395e-05	3.7469e-05
540	0.62777	0.37213	5.6424e-05	3.891e-05
541	0.62171	0.37819	5.6045e-05	3.9767e-05
542	0.62334	0.37656	5.64e-05	3.9881e-05
543	0.63327	0.36664	5.7535e-05	3.9204e-05
544	0.61203	0.38787	5.5509e-05	4.168e-05
545	0.59861	0.4013	5.4295e-05	4.3352e-05
546	0.59139	0.40852	5.3721e-05	4.4393e-05
547	0.56687	0.43303	5.1342e-05	4.7247e-05
548	0.5545	0.4454	5.0195e-05	4.886e-05
549	0.55088	0.44902	4.9924e-05	4.9588e-05
550	0.55239	0.44751	5.0178e-05	4.9798e-05
551	0.55922	0.44068	5.0969e-05	4.9481e-05
552	0.57581	0.42408	5.2689e-05	4.8226e-05
553	0.60218	0.39772	5.537e-05	4.6018e-05
554	0.64077	0.35913	5.9261e-05	4.261e-05
555	0.69621	0.30369	6.4831e-05	3.7531e-05
556	0.77516	0.22473	7.2764e-05	3.0099e-05
557	0.80893	0.19097	7.6377e-05	2.6998e-05
558	0.85754	0.14235	8.1519e-05	2.2376e-05
559	0.84721	0.15269	8.0128e-05	2.3034e-05
560	0.84375	0.15615	7.9456e-05	2.2961e-05
561	0.84631	0.15359	7.9469e-05	2.219e-05
562	0.8217	0.17819	7.6623e-05	2.4268e-05
563	0.806	0.1939	7.4683e-05	2.5453e-05
564	0.79898	0.20092	7.3591e-05	2.5779e-05
565	0.72034	0.27956	6.586e-05	3.2755e-05
566	0.67463	0.32527	6.1204e-05	3.6647e-05
567	0.64307	0.35683	5.7925e-05	3.9171e-05
568	0.62619	0.37372	5.6002e-05	4.033e-05
569	0.61906	0.38084	5.4985e-05	4.0572e-05
570	0.61974	0.38017	5.47e-05	4.0073e-05
571	0.6284	0.37151	5.5172e-05	3.8805e-05
572	0.64424	0.35567	5.6355e-05	3.6839e-05
573	0.67417	0.32574	5.8883e-05	3.3519e-05
574	0.66731	0.33259	5.7823e-05	3.3797e-05
575	0.66818	0.33173	5.7464e-05	3.3363e-05
576	0.67463	0.32528	5.7638e-05	3.2408e-05
577	0.67189	0.32803	5.6935e-05	3.232e-05
578	0.67409	0.32582	5.6696e-05	3.178e-05
579	0.68151	0.3184	5.694e-05	3.0766e-05
580	0.6986	0.30131	5.8037e-05	2.8889e-05
581	0.70247	0.29744	5.789e-05	2.8247e-05
582	0.71223	0.28769	5.8273e-05	2.7085e-05
583	0.71054	0.28938	5.7647e-05	2.6944e-05
584	0.71612	0.2838	5.7634e-05	2.618e-05
585	0.72787	0.27204	5.8163e-05	2.4885e-05
586	0.74749	0.25243	5.9375e-05	2.2919e-05
587	0.77779	0.22213	6.1508e-05	2.0044e-05
588	0.79062	0.2093	6.2096e-05	1.8725e-05
589	0.77569	0.22423	6.0376e-05	1.9725e-05
590	0.76736	0.23256	5.9218e-05	2.0175e-05
591	0.76444	0.23549	5.8517e-05	2.018e-05
592	0.76648	0.23344	5.8231e-05	1.978e-05
593	0.77606	0.22386	5.8536e-05	1.8779e-05
594	0.7957	0.20422	5.9626e-05	1.6983e-05
595	0.82589	0.17403	6.1564e-05	1.4351e-05
596	0.87098	0.12894	6.4693e-05	1.0539e-05
597	0.93533	0.064592	6.9345e-05	5.2137e-06
598	0.96877	0.031153	7.1387e-05	2.4881e-06
599	0.98632	0.013607	7.2098e-05	1.0814e-06
600	0.98393	0.015995	7.1229e-05	1.2433e-06
601	0.97546	0.024471	6.9932e-05	1.8444e-06
602	0.95852	0.041408	6.802e-05	3.0487e-06
603	0.94762	0.052312	6.658e-05	3.7932e-06
604	0.9257	0.074231	6.436e-05	5.3065e-06
605	0.91366	0.086266	6.2847e-05	6.1025e-06
606	0.90636	0.093575	6.1693e-05	6.5491e-06
607	0.90455	0.095383	6.0911e-05	6.612e-06
608	0.90638	0.093552	6.0393e-05	6.4236e-06
609	0.91179	0.088147	6.0125e-05	5.9961e-06
610	0.91032	0.089611	5.9406e-05	6.0291e-06
611	0.91367	0.086268	5.8991e-05	5.748e-06
612	0.91053	0.089402	5.8164e-05	5.8893e-06
613	0.91226	0.087674	5.764e-05	5.7174e-06
614	0.91779	0.082148	5.7369e-05	5.3041e-06
615	0.92791	0.07203	5.7395e-05	4.6054e-06
616	0.93056	0.069377	5.6954e-05	4.3848e-06
617	0.93658	0.063362	5.6729e-05	3.9573e-06
618	0.93768	0.062265	5.6181e-05	3.8421e-06
619	0.94178	0.058163	5.5825e-05	3.5451e-06
620	0.95136	0.048582	5.5778e-05	2.9285e-06
621	0.95526	0.044686	5.5367e-05	2.6642e-06
622	0.94437	0.055576	5.4107e-05	3.2597e-06
623	0.93767	0.062278	5.3112e-05	3.5995e-06
624	0.93575	0.064197	5.2382e-05	3.6635e-06
625	0.93807	0.061878	5.1877e-05	3.4905e-06
626	0.94386	0.056089	5.1575e-05	3.1267e-06
627	0.95395	0.045997	5.1515e-05	2.5318e-06
628	0.9505	0.049444	5.0696e-05	2.6844e-06
629	0.94977	0.050172	5.0037e-05	2.6865e-06
630	0.95293	0.047016	4.9571e-05	2.4857e-06
631	0.96087	0.03908	4.9334e-05	2.044e-06
632	0.95605	0.043904	4.8448e-05	2.2632e-06
633	0.95402	0.045933	4.7719e-05	2.3338e-06
634	0.95454	0.045413	4.713e-05	2.2735e-06
635	0.95897	0.04098	4.6721e-05	2.0232e-06
636	0.96858	0.031377	4.6544e-05	1.5305e-06
637	0.97276	0.027192	4.6082e-05	1.3111e-06
638	0.98018	0.019774	4.5779e-05	9.4355e-07
639	0.99151	0.0084433	4.566e-05	4.0138e-07
640	0.98898	0.010979	4.4875e-05	5.1426e-07
641	0.98269	0.017262	4.3934e-05	7.9383e-07
642	0.97899	0.020964	4.3127e-05	9.4829e-07
643	0.9697	0.030254	4.2091e-05	1.3418e-06
644	0.96418	0.035779	4.1242e-05	1.5591e-06
645	0.96247	0.037489	4.0549e-05	1.6088e-06
646	0.95675	0.043211	3.9678e-05	1.8262e-06
647	0.95417	0.045786	3.8956e-05	1.9047e-06
648	0.95525	0.044706	3.8374e-05	1.8329e-06
649	0.89825	0.10171	3.5478e-05	4.0846e-06
650	0.86522	0.13474	3.3582e-05	5.326e-06
651	0.8434	0.15656	3.2179e-05	6.0836e-06
652	0.79231	0.20765	2.971e-05	7.9155e-06
653	0.76309	0.23687	2.8104e-05	8.8744e-06
654	0.74422	0.25574	2.6928e-05	9.4115e-06
655	0.69832	0.30165	2.4821e-05	1.0886e-05
656	0.67241	0.32755	2.3461e-05	1.1606e-05
657	0.65609	0.34388	2.2477e-05	1.1957e-05
658	0.64931	0.35066	2.1825e-05	1.1967e-05
659	0.64773	0.35224	2.1364e-05	1.1793e-05
660	0.65164	0.34833	2.1091e-05	1.1437e-05
661	0.66105	0.33891	2.0999e-05	1.0907e-05
662	0.68126	0.31871	2.1225e-05	1.005e-05
663	0.71798	0.28199	2.1923e-05	8.7127e-06
664	0.7726	0.22737	2.3132e-05	6.8725e-06
665	0.86534	0.13463	2.538e-05	3.9835e-06
666	0.91369	0.086285	2.6207e-05	2.5057e-06
667	0.91803	0.081947	2.5744e-05	2.3268e-06
668	0.90159	0.098386	2.4712e-05	2.7233e-06
669	0.89101	0.10896	2.3867e-05	2.9404e-06
670	0.88696	0.11302	2.3195e-05	2.975e-06
671	0.88827	0.11171	2.2656e-05	2.8678e-06
672	0.89523	0.10474	2.2245e-05	2.6226e-06
673	0.90701	0.092969	2.195e-05	2.2682e-06
674	0.92874	0.071234	2.1863e-05	1.6963e-06
675	0.96029	0.039685	2.1983e-05	9.2437e-07
676	0.97534	0.02464	2.1702e-05	5.6047e-07
677	0.98168	0.018298	2.1221e-05	4.0514e-07
678	0.99186	0.0081199	2.0823e-05	1.7499e-07
679	0.99255	0.0074259	2.0204e-05	1.5534e-07
680	0.99165	0.0083317	1.9561e-05	1.6839e-07
681	0.99258	0.0074	1.8945e-05	1.4516e-07
682	0.99175	0.0082278	1.8301e-05	1.559e-07
683	0.99228	0.0077017	1.7689e-05	1.41e-07
684	0.99422	0.0057585	1.7109e-05	1.0186e-07
685	0.99782	0.0021646	1.656e-05	3.7047e-08
686	0.99971	0.00027292	1.5987e-05	4.5183e-09
687	0.99991	7.8637e-05	1.539e-05	1.25e-09
688	0.99925	0.0007305	1.4788e-05	1.0968e-08
689	0.99809	0.0018964	1.4186e-05	2.7233e-08
690	0.99558	0.0044099	1.3572e-05	6.0447e-08
691	0.99442	0.0055691	1.2985e-05	7.2868e-08
692	0.99486	0.0051292	1.241e-05	6.4126e-08
693	0.99663	0.0033585	1.1857e-05	3.9865e-08
694	0.99743	0.0025591	1.1282e-05	2.8813e-08
695	0.99754	0.0024493	1.0689e-05	2.6153e-08
696	0.9971	0.0028913	1.0082e-05	2.9263e-08
697	0.99547	0.0045227	9.4692e-06	4.3077e-08
698	0.99541	0.0045795	8.8635e-06	4.0967e-08
699	0.99427	0.0057196	8.2553e-06	4.771e-08
700	0.99443	0.0055646	7.6648e-06	4.2991e-08
701	0.9963	0.0036967	7.0773e-06	2.6347e-08
702	0.99705	0.0029471	6.4712e-06	1.9299e-08
703	0.99686	0.0031363	5.865e-06	1.8653e-08
704	0.99774	0.0022528	5.2709e-06	1.2042e-08
705	0.99983	0.00016928	4.6873e-06	7.8293e-10
706	0.99885	0.0011499	4.0937e-06	4.5199e-09
707	0.99873	0.0012642	3.5099e-06	4.0925e-09
708	0.99947	0.00052878	2.9342e-06	1.0596e-09
709	0.9131	0.086896	2.6615e-06	2.4804e-07
710	0.86257	0.13743	2.4895e-06	3.8898e-07
711	0.82735	0.17264	2.3628e-06	4.8251e-07
712	0.75912	0.24088	2.143e-06	6.6415e-07
713	0.71133	0.28867	1.9837e-06	7.8318e-07
714	0.68425	0.31575	1.8794e-06	8.4199e-07
715	0.62946	0.37054	1.7005e-06	9.701e-07
716	0.59263	0.40736	1.5734e-06	1.0443e-06
717	0.56756	0.43244	1.4791e-06	1.0834e-06
718	0.55191	0.44808	1.4102e-06	1.0949e-06
719	0.54592	0.45408	1.363e-06	1.0795e-06
720	0.54774	0.45226	1.3319e-06	1.043e-06
721	0.53908	0.46091	1.2734e-06	1.0287e-06
722	0.53593	0.46407	1.2276e-06	9.9937e-07
723	0.53791	0.46209	1.1924e-06	9.5696e-07
724	0.54824	0.45175	1.1713e-06	8.9538e-07
725	0.56629	0.43371	1.1635e-06	8.1823e-07
726	0.59463	0.40536	1.1723e-06	7.2222e-07
727	0.63736	0.36263	1.203e-06	6.0214e-07
728	0.71109	0.28891	1.2781e-06	4.3249e-07
729	0.81915	0.18085	1.3981e-06	2.158e-07
730	0.87556	0.12444	1.6112e-06	1.7037e-07
731	0.88225	0.11775	1.7611e-06	1.8232e-07
732	0.89379	0.10621	1.9211e-06	1.8284e-07
733	0.91157	0.088426	2.096e-06	1.6699e-07
734	0.94291	0.057085	2.2992e-06	1.1723e-07
735	0.98783	0.012166	2.5416e-06	2.6882e-08
736	0.98879	0.011205	2.6925e-06	2.6809e-08
737	0.99214	0.007855	2.8442e-06	2.0061e-08
738	0.9988	0.0011935	3.0002e-06	3.2428e-09
739	0.99838	0.0016165	3.1368e-06	4.8134e-09
740	0.9975	0.0025003	3.266e-06	7.9828e-09
741	0.99783	0.0021635	3.3932e-06	7.2686e-09
742	0.99525	0.0047422	3.5043e-06	1.6834e-08
743	0.99406	0.0059369	3.6187e-06	2.188e-08
744	0.99411	0.005891	3.7363e-06	2.2467e-08
745	0.99283	0.0071622	3.8477e-06	2.8137e-08
746	0.98958	0.010413	3.9449e-06	4.2135e-08
747	0.98808	0.011921	4.0475e-06	4.9554e-08
748	0.98386	0.016133	4.1373e-06	6.865e-08
749	0.98175	0.018245	4.2344e-06	7.9421e-08
750	0.98218	0.01782	4.3363e-06	7.9409e-08
751	0.98459	0.015402	4.4466e-06	7.0122e-08
752	0.99028	0.0097156	4.5667e-06	4.5278e-08
753	0.99935	0.00064867	4.7032e-06	3.1095e-09
754	0.9996	0.00039978	4.7978e-06	1.9535e-09
755	0.99978	0.00022003	4.8913e-06	1.0934e-09
756	0.99996	3.9755e-05	4.9841e-06	2.0135e-10
757	0.9986	0.0013959	5.0682e-06	7.1142e-09
758	0.99821	0.0017872	5.1564e-06	9.2379e-09
759	0.99891	0.0010841	5.2443e-06	5.7104e-09
760	0.99797	0.0020214	5.3175e-06	1.0869e-08
761	0.998	0.0019934	5.3952e-06	1.089e-08
762	0.99895	0.0010451	5.4771e-06	5.799e-09
763	0.9981	0.0018968	5.5481e-06	1.0596e-08
764	0.99838	0.001613	5.6195e-06	9.1485e-09
765	0.99963	0.00036188	5.6958e-06	2.0861e-09
766	0.99968	0.00031505	5.7648e-06	1.8267e-09
767	0.99894	0.001054	5.8231e-06	6.1867e-09
768	0.99739	0.0026041	5.8757e-06	1.5391e-08
769	0.99718	0.002813	5.93e-06	1.6833e-08
770	0.99801	0.0019839	5.9901e-06	1.1993e-08
771	0.99832	0.0016782	6.041e-06	1.0288e-08
772	0.99807	0.0019191	6.0881e-06	1.1875e-08
773	0.99712	0.0028749	6.1302e-06	1.7871e-08
774	0.99717	0.0028279	6.1777e-06	1.7666e-08
775	0.99855	0.0014478	6.2274e-06	9.1644e-09
776	0.99771	0.0022799	6.2628e-06	1.4484e-08
777	0.99787	0.0021287	6.3039e-06	1.3578e-08
778	0.99897	0.0010253	6.3503e-06	6.5259e-09
779	0.99966	0.00033418	6.3881e-06	2.1036e-09
780	0.99948	0.00051457	6.4199e-06	3.1723e-09
781	0.99925	0.000742	6.4453e-06	4.492e-09
782	0.99977	0.0002237	6.4751e-06	1.0032e-09
783	0.99973	0.00026118	7.2956e-06	1.724e-09
784	0.99882	0.0011723	8.1188e-06	9.3779e-09
785	0.99891	0.0010784	8.9389e-06	9.6057e-09
786	0.99982	0.00017241	9.7758e-06	1.7072e-09
787	0.99997	1.5317e-05	1.0596e-05	2.6085e-10
788	0.99963	0.00036292	1.0772e-05	3.998e-09
789	0.99993	6.0539e-05	1.0957e-05	6.7555e-10
790	0.99967	0.00031952	1.1129e-05	3.6297e-09
791	0.99936	0.00062464	1.1301e-05	7.2243e-09
792	0.99882	0.0011662	1.1472e-05	1.369e-08
793	0.99768	0.002306	1.1638e-05	2.7395e-08
794	0.99756	0.0024255	1.1816e-05	2.9245e-08
795	0.99839	0.0015932	1.2008e-05	1.9533e-08
796	0.99875	0.0012369	1.2187e-05	1.5518e-08
797	0.99869	0.0012999	1.2362e-05	1.6621e-08
798	0.99814	0.0018445	1.2532e-05	2.3923e-08
799	0.99228	0.0077104	1.2635e-05	1.0055e-07
800	0.98038	0.019611	1.2657e-05	2.5809e-07
801	0.9557	0.044284	1.2509e-05	5.8804e-07
802	0.89951	0.10048	1.1935e-05	1.3451e-06
803	0.86696	0.13302	1.1651e-05	1.8052e-06
804	0.84547	0.15452	1.1511e-05	2.1228e-06
805	0.83194	0.16805	1.1477e-05	2.3362e-06
806	0.82636	0.17362	1.1543e-05	2.4434e-06
807	0.82706	0.17292	1.1689e-05	2.4635e-06
808	0.83424	0.16575	1.1921e-05	2.3908e-06
809	0.84986	0.15012	1.2269e-05	2.1948e-06
810	0.87423	0.12576	1.2753e-05	1.8652e-06
811	0.87226	0.12772	1.2849e-05	1.9166e-06
812	0.8759	0.12409	1.3021e-05	1.8849e-06
813	0.88375	0.11623	1.3259e-05	1.7879e-06
814	0.88334	0.11664	1.3376e-05	1.8137e-06
815	0.88691	0.11308	1.3557e-05	1.7773e-06
816	0.89495	0.10503	1.3811e-05	1.669e-06
817	0.88184	0.11814	1.3736e-05	1.8917e-06
818	0.87609	0.12389	1.3766e-05	2.0015e-06
819	0.87427	0.12572	1.3861e-05	2.0487e-06
820	0.86539	0.13459	1.3833e-05	2.2116e-06
821	0.86134	0.13865	1.3884e-05	2.2968e-06
822	0.8612	0.13878	1.4001e-05	2.3176e-06
823	0.85191	0.14808	1.3969e-05	2.4893e-06
824	0.84929	0.15069	1.4038e-05	2.5524e-06
825	0.85064	0.14934	1.4175e-05	2.5484e-06
826	0.85837	0.14162	1.4414e-05	2.4359e-06
827	0.87467	0.12531	1.4794e-05	2.1759e-06
828	0.899	0.10099	1.5319e-05	1.7718e-06
829	0.90858	0.091401	1.5597e-05	1.6166e-06
830	0.92365	0.076335	1.5977e-05	1.3611e-06
831	0.94601	0.053977	1.6495e-05	9.6982e-07
832	0.95531	0.044675	1.6785e-05	8.0721e-07
833	0.95908	0.040904	1.6969e-05	7.4344e-07
834	0.96597	0.034016	1.7213e-05	6.2131e-07
835	0.97916	0.020821	1.7567e-05	3.8296e-07
836	0.98487	0.015114	1.7788e-05	2.7901e-07
837	0.99565	0.0043286	1.8096e-05	8.0433e-08
838	0.99467	0.0053092	1.8181e-05	9.8878e-08
839	0.99525	0.0047274	1.8286e-05	8.8819e-08
840	0.99464	0.0053443	1.8372e-05	1.0088e-07
841	0.99527	0.0047134	1.8483e-05	8.9471e-08
842	0.99715	0.0028296	1.8621e-05	5.409e-08
843	0.99776	0.0022188	1.8736e-05	4.2516e-08
844	0.99543	0.0045514	1.8788e-05	8.7133e-08
845	0.99481	0.0051684	1.8864e-05	9.9663e-08
846	0.99543	0.004551	1.8967e-05	8.8404e-08
847	0.99481	0.005167	1.9048e-05	1.0072e-07
848	0.99302	0.0069582	1.9099e-05	1.3633e-07
849	0.99259	0.007389	1.9177e-05	1.4548e-07
850	0.99347	0.0065112	1.9284e-05	1.2886e-07
851	0.99576	0.0042194	1.942e-05	8.3971e-08
852	0.99974	0.00023812	1.9593e-05	4.7372e-09
853	0.99991	7.185e-05	1.9683e-05	1.4368e-09
854	0.99744	0.0025379	1.9712e-05	5.0972e-08
855	0.98033	0.019655	1.945e-05	3.9427e-07
856	0.96872	0.031263	1.9299e-05	6.2823e-07
857	0.96273	0.037253	1.9252e-05	7.5194e-07
858	0.95962	0.04036	1.9264e-05	8.1756e-07
859	0.96004	0.039943	1.9339e-05	8.1279e-07
860	0.96293	0.037046	1.9467e-05	7.5694e-07
861	0.96866	0.031321	1.9656e-05	6.4214e-07
862	0.97986	0.020121	1.995e-05	4.1534e-07
863	0.99697	0.0030127	2.0372e-05	6.3655e-08
864	0.99698	0.0029967	2.0444e-05	6.3644e-08
865	0.99199	0.0079855	2.0413e-05	1.6839e-07
866	0.98919	0.010788	2.0431e-05	2.2762e-07
867	0.98817	0.011806	2.0488e-05	2.4956e-07
868	0.98879	0.011188	2.0583e-05	2.3694e-07
869	0.99173	0.0082524	2.0718e-05	1.7575e-07
870	0.99288	0.0070961	2.0809e-05	1.522e-07
871	0.99276	0.0072229	2.0865e-05	1.561e-07
872	0.99083	0.0091534	2.0885e-05	1.9852e-07
873	0.99038	0.0096014	2.0939e-05	2.0911e-07
874	0.99136	0.0086206	2.1026e-05	1.888e-07
875	0.99096	0.0090167	2.1075e-05	1.9856e-07
876	0.99206	0.0079187	2.116e-05	1.7576e-07
877	0.99481	0.0051684	2.1284e-05	1.1662e-07
878	0.99572	0.004262	2.137e-05	9.7387e-08
879	0.9837	0.016277	2.117e-05	3.6675e-07
880	0.97726	0.022723	2.1085e-05	5.1421e-07
881	0.97372	0.026258	2.1067e-05	5.9658e-07
882	0.97259	0.027393	2.1106e-05	6.2527e-07
883	0.97353	0.026446	2.1193e-05	6.0732e-07
884	0.97082	0.029158	2.1202e-05	6.7103e-07
885	0.97032	0.029656	2.1262e-05	6.8489e-07
886	0.95154	0.04844	2.0914e-05	1.1108e-06
887	0.90868	0.091297	2.0026e-05	2.0788e-06
888	0.81464	0.18534	1.799e-05	4.1966e-06
889	0.60103	0.39895	1.3274e-05	8.9971e-06
890	0.45461	0.54537	1.0054e-05	1.2303e-05
891	0.35432	0.64566	7.8585e-06	1.4587e-05
892	0.29549	0.70449	6.5633e-06	1.5963e-05
893	0.25553	0.74445	5.6911e-06	1.6918e-05
894	0.22772	0.77226	5.0902e-06	1.7602e-05
895	0.17142	0.82856	3.8352e-06	1.8934e-05
896	0.13163	0.86835	2.9514e-06	1.9895e-05
897	0.10853	0.89145	2.4352e-06	2.0483e-05
898	0.095574	0.9044	2.1442e-06	2.0841e-05
899	0.087386	0.91259	1.9628e-06	2.109e-05
900	0.082482	0.9175	1.8568e-06	2.1263e-05
901	0.080271	0.91971	1.8129e-06	2.1373e-05
902	0.081971	0.91801	1.8567e-06	2.1391e-05
903	0.08798	0.912	1.9979e-06	2.1307e-05
904	0.072504	0.92747	1.6447e-06	2.1716e-05
905	0.062246	0.93773	1.4125e-06	2.2005e-05
906	0.057095	0.94288	1.2955e-06	2.2174e-05
907	0.054286	0.94569	1.2331e-06	2.2287e-05
908	0.054704	0.94527	1.2439e-06	2.2323e-05
909	0.057339	0.94264	1.307e-06	2.2306e-05
910	0.062288	0.93769	1.4252e-06	2.2234e-05
911	0.0705	0.92948	1.6215e-06	2.2085e-05
912	0.083153	0.91682	1.9253e-06	2.1828e-05
913	0.076007	0.92397	1.765e-06	2.2035e-05
914	0.071814	0.92816	1.6742e-06	2.2173e-05
915	0.071472	0.9285	1.6719e-06	2.2218e-05
916	0.074885	0.92509	1.757e-06	2.2169e-05
917	0.081071	0.91891	1.9099e-06	2.2053e-05
918	0.093159	0.90682	2.2023e-06	2.1792e-05
919	0.095662	0.90431	2.2677e-06	2.1758e-05
920	0.10144	0.89853	2.4138e-06	2.1644e-05
921	0.11335	0.88662	2.706e-06	2.1378e-05
922	0.13089	0.86909	3.1381e-06	2.0973e-05
923	0.16159	0.83839	3.8869e-06	2.0246e-05
924	0.21374	0.78624	5.1497e-06	1.8999e-05
925	0.23931	0.76067	5.766e-06	1.8393e-05
926	0.2774	0.72257	6.691e-06	1.7479e-05
927	0.34229	0.65768	8.2545e-06	1.5921e-05
928	0.45184	0.54814	1.0876e-05	1.3299e-05
929	0.6117	0.38828	1.4729e-05	9.4472e-06
930	0.67816	0.32181	1.6343e-05	7.836e-06
931	0.79162	0.20836	1.9076e-05	5.0991e-06
932	0.84305	0.15693	2.0322e-05	3.8508e-06
933	0.91632	0.083652	2.2111e-05	2.0625e-06
934	0.92497	0.075007	2.2327e-05	1.85e-06
935	0.93915	0.060827	2.2683e-05	1.4994e-06
936	0.96435	0.035624	2.33e-05	8.8044e-07
937	0.96684	0.033139	2.3352e-05	8.1964e-07
938	0.96545	0.034524	2.3312e-05	8.5272e-07
939	0.9673	0.032671	2.3344e-05	8.0747e-07
940	0.96599	0.033987	2.329e-05	8.4031e-07
941	0.96711	0.03287	2.3299e-05	8.1304e-07
942	0.97062	0.02936	2.3369e-05	7.2684e-07
943	0.97016	0.029819	2.3345e-05	7.3703e-07
944	0.96637	0.033607	2.3232e-05	8.2908e-07
945	0.96597	0.034002	2.3194e-05	8.3904e-07
