#coord	neutral	conserved	gBGC.neutral	gBGC.conserved
1	0.78011	0.21751	0.0018598	0.00052002
2	0.78796	0.20968	0.0018677	0.00049823
3	0.80159	0.19606	0.0018896	0.00046276
4	0.82738	0.17028	0.0019393	0.00039925
5	0.87266	0.12502	0.0020333	0.00029136
6	0.94964	0.04805	0.0021984	0.00011219
7	0.9597	0.038006	0.0022085	8.8384e-05
8	0.97487	0.022847	0.0022303	5.2938e-05
9	0.99698	0.00075151	0.0022682	1.7514e-06
10	0.99696	0.00078452	0.002255	1.8115e-06
11	0.99666	0.001093	0.0022414	2.4952e-06
12	0.99714	0.00062817	0.0022298	1.4237e-06
13	0.9964	0.0013785	0.0022153	3.1034e-06
14	0.99653	0.001263	0.002203	2.8282e-06
15	0.9975	0.00030672	0.0021928	6.8729e-07
16	0.9975	0.00031883	0.0021806	7.0884e-07
17	0.9975	0.00033345	0.0021686	7.3629e-07
18	0.99747	0.00037115	0.0021568	8.1418e-07
19	0.99622	0.0016303	0.0021426	3.5289e-06
20	0.99612	0.0017407	0.0021307	3.7648e-06
21	0.99535	0.002523	0.0021176	5.428e-06
22	0.99363	0.0042593	0.0021023	9.1421e-06
23	0.99317	0.0047283	0.0020899	1.0103e-05
24	0.99101	0.0068999	0.0020742	1.4627e-05
25	0.99026	0.0076605	0.0020618	1.6121e-05
26	0.99092	0.0070174	0.0020525	1.465e-05
27	0.99353	0.0044131	0.002047	9.1604e-06
28	0.99477	0.0031897	0.0020386	6.6042e-06
29	0.99729	0.00067516	0.0020329	1.4074e-06
30	0.99654	0.0014372	0.0020207	2.9651e-06
31	0.99517	0.0028173	0.002007	5.7977e-06
32	0.99485	0.0031494	0.0019958	6.4615e-06
33	0.99553	0.0024732	0.0019867	5.0758e-06
34	0.99531	0.0027049	0.001976	5.5256e-06
35	0.99077	0.0072554	0.0019565	1.4722e-05
36	0.98816	0.0098794	0.0019411	1.993e-05
37	0.96824	0.029814	0.0018908	5.987e-05
38	0.95514	0.042915	0.0018549	8.5611e-05
39	0.94667	0.051402	0.0018287	0.00010189
40	0.94178	0.056295	0.0018099	0.00011091
41	0.94014	0.057953	0.0017977	0.0001135
42	0.94126	0.05684	0.0017912	0.00011067
43	0.93678	0.061324	0.0017741	0.00011849
44	0.92575	0.072365	0.0017445	0.00013872
45	0.9191	0.079025	0.0017236	0.0001504
46	0.91603	0.082106	0.0017098	0.00015519
47	0.88064	0.1175	0.0016359	0.00021985
48	0.86051	0.13764	0.0015905	0.00025598
49	0.81248	0.18569	0.0014948	0.00034262
50	0.70581	0.29236	0.0012944	0.00053401
51	0.64287	0.35531	0.0011741	0.00064529
52	0.59888	0.39931	0.0010896	0.00072084
53	0.56858	0.42962	0.0010307	0.00077091
54	0.55239	0.44582	0.00099711	0.00079566
55	0.51491	0.4833	0.00092575	0.00085804
56	0.49412	0.50411	0.00088421	0.00089051
57	0.48164	0.51659	0.00085804	0.00090775
58	0.45275	0.5455	0.00080306	0.00095372
59	0.39401	0.60424	0.00069597	0.0010517
60	0.35989	0.63837	0.0006325	0.001106
61	0.33658	0.66169	0.00058881	0.0011406
62	0.32127	0.67701	0.00055962	0.0011609
63	0.31501	0.68328	0.000546	0.0011654
64	0.3159	0.6824	0.00054458	0.0011578
65	0.32418	0.67413	0.00055553	0.0011376
66	0.33909	0.65923	0.00057776	0.0011063
67	0.36717	0.63116	0.00062157	0.0010534
68	0.40924	0.5891	0.00068867	0.00097728
69	0.40857	0.58977	0.00068374	0.00097312
70	0.39745	0.6009	0.00066132	0.00098636
71	0.3946	0.60376	0.00065257	0.00098585
72	0.39923	0.59914	0.00065592	0.00097316
73	0.40936	0.58902	0.00066829	0.00095158
74	0.43057	0.56782	0.00069795	0.00091261
75	0.46315	0.53525	0.0007456	0.00085579
76	0.47389	0.52452	0.00075837	0.00083397
77	0.49617	0.50225	0.0007889	0.0007943
78	0.53032	0.46811	0.00083803	0.00073618
79	0.52624	0.4722	0.00082655	0.00073856
80	0.5273	0.47115	0.00082338	0.00073277
81	0.53362	0.46483	0.00082856	0.00071874
82	0.54597	0.45249	0.00084318	0.0006954
83	0.57069	0.42778	0.00087635	0.00065341
84	0.60702	0.39146	0.00092723	0.00059384
85	0.62419	0.37429	0.000948	0.00056429
86	0.65623	0.34227	0.00099056	0.00051284
87	0.71177	0.28674	0.0010672	0.00042728
88	0.79086	0.20765	0.0011783	0.00030727
89	0.83183	0.16669	0.0012314	0.00024526
90	0.90178	0.096757	0.0013254	0.0001422
91	0.91098	0.08756	0.0013307	0.000128
92	0.91248	0.086073	0.0013249	0.00012507
93	0.90859	0.089964	0.0013111	0.00012999
94	0.90809	0.090483	0.0013025	0.00012994
95	0.91089	0.087691	0.0012987	0.00012509
96	0.91926	0.07933	0.0013027	0.00011246
97	0.9326	0.065993	0.0013138	9.284e-05
98	0.95651	0.042092	0.0013393	5.875e-05
99	0.99756	0.0010498	0.0013878	1.4837e-06
100	0.98383	0.014794	0.0013599	2.0736e-05
101	0.9763	0.022326	0.0013408	3.117e-05
102	0.97285	0.025783	0.0013273	3.5866e-05
103	0.97178	0.026865	0.0013173	3.7199e-05
104	0.97363	0.025025	0.0013111	3.4577e-05
105	0.97798	0.02068	0.0013085	2.858e-05
106	0.97291	0.025762	0.0012932	3.5373e-05
107	0.96081	0.037868	0.0012688	5.1516e-05
108	0.95302	0.045663	0.0012505	6.1623e-05
109	0.94989	0.048806	0.0012384	6.5489e-05
110	0.93998	0.058726	0.0012175	7.8193e-05
111	0.91586	0.082855	0.0011785	0.00010921
112	0.74068	0.25804	0.00094542	0.00033446
113	0.62076	0.37797	0.0007869	0.00048527
114	0.5361	0.46264	0.00067556	0.000589
115	0.47653	0.52221	0.00059741	0.00065966
116	0.44231	0.55644	0.00055125	0.00069825
117	0.42369	0.57506	0.00052472	0.00071712
118	0.4128	0.58597	0.00050821	0.00072609
119	0.41029	0.58848	0.00050199	0.00072468
120	0.41548	0.58331	0.00050505	0.00071393
121	0.4263	0.57249	0.00051502	0.00069635
122	0.42436	0.57444	0.0005096	0.00069427
123	0.4274	0.57141	0.00051032	0.00068613
124	0.42064	0.57817	0.00049921	0.00068975
125	0.41905	0.57977	0.00049445	0.00068712
126	0.42243	0.57639	0.0004957	0.00067857
127	0.41314	0.58569	0.00048231	0.00068475
128	0.38954	0.6093	0.00045248	0.00070729
129	0.37759	0.62126	0.00043612	0.0007163
130	0.34721	0.65165	0.00039878	0.00074621
131	0.32743	0.67143	0.00037409	0.00076357
132	0.27799	0.72088	0.00031688	0.00081354
133	0.24337	0.75551	0.000277	0.00084625
134	0.22378	0.77511	0.00025389	0.00086213
135	0.21148	0.78741	0.0002392	0.00086968
136	0.17845	0.82045	0.00020249	0.00089932
137	0.15973	0.83917	0.00018139	0.0009133
138	0.14774	0.85117	0.00016786	0.00091978
139	0.14075	0.85817	0.00015994	0.00092074
140	0.13775	0.86117	0.00015648	0.00091731
141	0.13832	0.86062	0.00015704	0.00090995
142	0.14252	0.85642	0.00016174	0.00089852
143	0.15098	0.84797	0.00017135	0.00088226
144	0.1641	0.83485	0.00018639	0.00086063
145	0.18757	0.81139	0.0002132	0.00082719
146	0.19504	0.80393	0.00022149	0.00081232
147	0.20752	0.79145	0.00023555	0.00079176
148	0.23097	0.76801	0.00026199	0.00075875
149	0.26484	0.73414	0.00030047	0.00071378
150	0.28011	0.71888	0.00031738	0.00069046
151	0.28425	0.71475	0.00032166	0.0006797
152	0.29333	0.70568	0.00033146	0.00066351
153	0.31221	0.6868	0.00035204	0.00063646
154	0.3167	0.68232	0.00035673	0.0006254
155	0.3296	0.66943	0.00037043	0.00060524
156	0.35054	0.64849	0.00039321	0.0005761
157	0.38253	0.6165	0.00042857	0.00053447
158	0.43823	0.56082	0.00049025	0.00046645
159	0.52	0.47905	0.0005815	0.00036894
160	0.56121	0.43783	0.00061994	0.0003433
161	0.57719	0.42183	0.00063911	0.00033706
162	0.55944	0.43958	0.00062628	0.000363
163	0.54873	0.45026	0.00062085	0.00038167
164	0.54645	0.45254	0.00062389	0.00039179
165	0.55195	0.44703	0.00063458	0.00039415
166	0.56674	0.43222	0.00065422	0.00038746
167	0.59068	0.40827	0.00068317	0.00037163
168	0.60044	0.39849	0.00069902	0.00036879
169	0.57186	0.42706	0.00067269	0.000408
170	0.51357	0.48534	0.00061012	0.00048336
171	0.40106	0.59784	0.00048	0.00062618
172	0.32408	0.6748	0.00039121	0.00072781
173	0.27876	0.72011	0.00033907	0.00079271
174	0.25263	0.74622	0.00030946	0.000835
175	0.23565	0.76319	0.00029093	0.00086635
176	0.19948	0.79935	0.00024746	0.00092256
177	0.17514	0.82367	0.00021856	0.00096434
178	0.15913	0.83967	0.00019995	0.00099594
179	0.14916	0.84964	0.00018885	0.0010202
180	0.14339	0.85539	0.00018301	0.0010393
181	0.14295	0.85581	0.00018374	0.0010517
182	0.14773	0.85102	0.00019094	0.0010576
183	0.15695	0.84179	0.00020395	0.0010579
184	0.17489	0.82384	0.00022798	0.001047
185	0.16574	0.83297	0.00021773	0.0010706
186	0.16118	0.83752	0.00021349	0.0010883
187	0.16217	0.83651	0.00021645	0.0010987
188	0.16675	0.83192	0.0002243	0.0011043
189	0.1782	0.82046	0.00024128	0.0011008
190	0.17874	0.8199	0.00024402	0.0011116
191	0.17112	0.82751	0.00023535	0.0011338
192	0.1675	0.83111	0.00023223	0.0011505
193	0.16746	0.83115	0.00023414	0.0011623
194	0.17317	0.82542	0.00024403	0.0011661
195	0.18626	0.81232	0.00026428	0.0011594
196	0.18961	0.80896	0.00027096	0.0011662
197	0.19709	0.80146	0.00028378	0.0011671
198	0.2096	0.78894	0.00030419	0.0011604
199	0.22865	0.76987	0.00033463	0.0011439
200	0.2626	0.73591	0.00038715	0.0011052
201	0.31272	0.68577	0.0004649	0.0010414
202	0.33353	0.66495	0.00050049	0.00102
203	0.3653	0.63317	0.00055368	0.00098111
204	0.41101	0.58744	0.00062974	0.00091951
205	0.47837	0.52007	0.00074168	0.00082221
206	0.57387	0.42455	0.00090122	0.00067748
207	0.73486	0.26354	0.0011676	0.00042576
208	0.96977	0.028623	0.0015608	4.7527e-05
209	0.97164	0.026741	0.0015786	4.4852e-05
210	0.96061	0.037748	0.0015754	6.3484e-05
211	0.72003	0.27831	0.001186	0.00046819
212	0.54972	0.44861	0.0009099	0.00075977
213	0.42919	0.56912	0.0007144	0.00097093
214	0.34397	0.65432	0.00057631	0.0011249
215	0.29372	0.70457	0.00049496	0.001222
216	0.25854	0.73973	0.00043866	0.0012942
217	0.23422	0.76404	0.00040049	0.0013484
218	0.22117	0.77706	0.00038112	0.0013838
219	0.21386	0.78435	0.0003717	0.0014093
220	0.19143	0.80678	0.00033534	0.001462
221	0.13909	0.8591	0.0002452	0.0015687
222	0.10819	0.88998	0.00019158	0.0016387
223	0.086444	0.91171	0.00015389	0.001693
224	0.074026	0.92411	0.00013239	0.001731
225	0.065666	0.93245	0.00011812	0.0017619
226	0.060362	0.93774	0.00010936	0.0017875
227	0.058811	0.93928	0.00010736	0.0018062
228	0.060515	0.93755	0.00011135	0.0018189
229	0.056978	0.94107	0.00010547	0.0018416
230	0.055789	0.94225	0.00010407	0.00186
231	0.056554	0.94146	0.00010647	0.0018747
232	0.060784	0.93722	0.00011554	0.0018827
233	0.068048	0.92994	0.0001308	0.0018847
234	0.078955	0.91901	0.00015366	0.0018792
235	0.095402	0.90255	0.00018824	0.0018622
236	0.12371	0.87422	0.00024718	0.0018208
237	0.16516	0.83276	0.00033447	0.0017512
238	0.23511	0.76279	0.00048146	0.0016218
239	0.33712	0.66076	0.00069883	0.0014222
240	0.34947	0.6484	0.00073034	0.0014084
241	0.37348	0.62437	0.00078664	0.0013696
242	0.40982	0.588	0.00087056	0.0013035
243	0.46196	0.53585	0.00099045	0.0012016
244	0.48304	0.51475	0.0010448	0.0011655
245	0.52126	0.47651	0.0011373	0.0010911
246	0.57799	0.41976	0.0012731	0.00097365
247	0.60643	0.39131	0.0013468	0.00091812
248	0.64929	0.34843	0.0014548	0.00082853
249	0.64699	0.35071	0.001461	0.00084103
250	0.63317	0.36451	0.0014395	0.00088109
251	0.6261	0.37156	0.001434	0.00090543
252	0.62429	0.37335	0.0014411	0.00091738
253	0.63013	0.36749	0.0014661	0.00091125
254	0.64244	0.35516	0.0015073	0.00088923
255	0.66299	0.33459	0.0015695	0.00084655
256	0.66881	0.32875	0.0015966	0.0008391
257	0.681	0.31655	0.0016403	0.00081545
258	0.70131	0.29622	0.0017053	0.00077066
259	0.70656	0.29094	0.0017333	0.00076319
260	0.71738	0.2801	0.0017762	0.00074108
261	0.73919	0.25827	0.0018477	0.00069028
262	0.77258	0.22486	0.0019511	0.00060785
263	0.82233	0.17509	0.0021003	0.00047988
264	0.90691	0.090489	0.0023439	0.00025738
265	0.91751	0.079871	0.002392	0.00023072
266	0.92129	0.076062	0.0024215	0.00022246
267	0.92877	0.068565	0.0024617	0.00020377
268	0.9193	0.078008	0.0024547	0.00023267
269	0.91393	0.083365	0.0024594	0.0002502
270	0.91199	0.08528	0.0024742	0.00025801
271	0.91353	0.083714	0.0024993	0.00025582
272	0.88989	0.10733	0.0024496	0.00032808
273	0.87701	0.12019	0.0024305	0.0003697
274	0.86927	0.1279	0.0024266	0.00039635
275	0.86763	0.12952	0.0024402	0.00040533
276	0.87163	0.12551	0.00247	0.00039784
277	0.88034	0.11677	0.0025145	0.00037611
278	0.86919	0.12789	0.002499	0.00041475
279	0.86289	0.13417	0.0024986	0.00043863
280	0.86244	0.1346	0.0025158	0.00044471
281	0.86617	0.13085	0.0025464	0.00043777
282	0.87461	0.12238	0.0025922	0.00041592
283	0.8747	0.12227	0.0026125	0.00041996
284	0.86802	0.12892	0.0026103	0.0004464
285	0.86543	0.13149	0.0026216	0.00045965
286	0.86847	0.12842	0.0026507	0.00045485
287	0.87801	0.11886	0.0027004	0.00042925
288	0.89676	0.10009	0.0027794	0.0003742
289	0.87585	0.12097	0.002723	0.00045492
290	0.86204	0.13476	0.0026921	0.00051051
291	0.8541	0.14267	0.0026824	0.00054532
292	0.85053	0.14622	0.0026884	0.00056476
293	0.85283	0.14389	0.0027144	0.00056398
294	0.85971	0.13698	0.0027567	0.00054722
295	0.87217	0.1245	0.002819	0.00051095
296	0.87505	0.12159	0.0028489	0.00050744
297	0.88199	0.11462	0.0028939	0.00048926
298	0.89663	0.099958	0.0029657	0.00044403
299	0.91856	0.078006	0.0030643	0.00037234
300	0.95148	0.04506	0.0032037	0.00026039
301	0.94541	0.051127	0.0031891	0.00027811
302	0.94372	0.052811	0.0031911	0.00027916
303	0.94492	0.051607	0.0032054	0.00026808
304	0.94202	0.0545	0.003202	0.00027464
305	0.9421	0.054418	0.0032106	0.0002693
306	0.94623	0.050283	0.0032363	0.0002468
307	0.94513	0.051385	0.0032395	0.00024703
308	0.94667	0.049844	0.0032535	0.00023652
309	0.9525	0.044003	0.0032857	0.00020774
310	0.95294	0.043558	0.0032945	0.00020252
311	0.94869	0.04781	0.0032852	0.00021564
312	0.94833	0.048168	0.0032903	0.00021423
313	0.94259	0.053906	0.0032753	0.00023308
314	0.94122	0.055266	0.0032762	0.00023597
315	0.94279	0.053689	0.0032886	0.00022749
316	0.94753	0.048947	0.0033139	0.00020634
317	0.9578	0.038677	0.0033614	0.00016281
318	0.97327	0.023204	0.003431	9.7464e-05
319	0.9679	0.02857	0.0034165	0.00011604
320	0.96531	0.031151	0.0034123	0.00012444
321	0.96587	0.03059	0.0034196	0.00012135
322	0.95056	0.045897	0.0033699	0.00017536
323	0.94249	0.05396	0.0033455	0.00020394
324	0.92243	0.074018	0.0032788	0.00027504
325	0.91166	0.08478	0.0032446	0.0003135
326	0.90714	0.0893	0.0032324	0.00032984
327	0.9075	0.088932	0.0032376	0.00032869
328	0.87761	0.11882	0.003134	0.00043646
329	0.85793	0.13849	0.0030676	0.00050725
330	0.84512	0.1513	0.0030262	0.00055327
331	0.83991	0.15651	0.0030115	0.00057239
332	0.8408	0.15561	0.0030186	0.00056965
333	0.84795	0.14845	0.0030481	0.00054439
334	0.86086	0.13555	0.003099	0.00049787
335	0.88502	0.11138	0.0031906	0.0004106
336	0.92695	0.069445	0.0033461	0.00025923
337	0.94583	0.05056	0.0034189	0.00019075
338	0.94538	0.051009	0.0034208	0.0001931
339	0.9488	0.047583	0.0034366	0.00018132
340	0.9473	0.049077	0.0034346	0.00018765
341	0.94954	0.046834	0.0034461	0.00018025
342	0.95467	0.041704	0.0034686	0.00016207
343	0.95579	0.040576	0.003476	0.00015884
344	0.95971	0.036654	0.0034941	0.0001451
345	0.96842	0.02794	0.0035296	0.00011382
346	0.96621	0.030142	0.0035231	0.00012192
347	0.95862	0.037732	0.0034963	0.00015037
348	0.95425	0.042105	0.0034819	0.00016662
349	0.95256	0.043788	0.003478	0.00017266
350	0.95444	0.04191	0.0034872	0.00016537
351	0.95903	0.037313	0.003507	0.00014762
352	0.95894	0.037403	0.0035092	0.00014773
353	0.96122	0.035121	0.0035207	0.00013873
354	0.96748	0.028858	0.0035471	0.00011466
355	0.96248	0.033854	0.0035308	0.00013352
356	0.96031	0.036026	0.0035255	0.00014162
357	0.96064	0.035687	0.0035299	0.00014013
358	0.95652	0.039803	0.0035178	0.00015542
359	0.944	0.052323	0.0034746	0.00020198
360	0.93603	0.060293	0.0034486	0.00023148
361	0.93304	0.063273	0.0034409	0.0002426
362	0.93321	0.063106	0.0034453	0.00024179
363	0.93654	0.059769	0.003462	0.00022887
364	0.94498	0.051322	0.0034979	0.0001967
365	0.95812	0.038177	0.0035521	0.0001463
366	0.98154	0.014761	0.0036453	5.6875e-05
367	0.98005	0.016244	0.0036438	6.231e-05
368	0.98029	0.016001	0.0036491	6.1189e-05
369	0.98303	0.013253	0.0036636	5.0666e-05
370	0.98369	0.012589	0.00367	4.8129e-05
371	0.98615	0.010127	0.0036835	3.871e-05
372	0.98681	0.0094619	0.0036899	3.6183e-05
373	0.98911	0.0071561	0.0037029	2.7372e-05
374	0.99415	0.0021146	0.003726	8.2417e-06
375	0.99259	0.0036697	0.0037243	1.4219e-05
376	0.99223	0.0040297	0.0037273	1.5623e-05
377	0.99301	0.0032463	0.003735	1.2646e-05
378	0.99272	0.0035259	0.0037388	1.3725e-05
379	0.99125	0.0049965	0.0037382	1.9353e-05
380	0.97994	0.016302	0.0036996	6.2887e-05
381	0.97249	0.023744	0.0036761	9.1519e-05
382	0.95797	0.038256	0.0036249	0.00014768
383	0.9503	0.045918	0.0035997	0.00017777
384	0.94623	0.04999	0.0035886	0.0001939
385	0.94613	0.050085	0.0035925	0.0001949
386	0.94868	0.047526	0.003607	0.00018559
387	0.9542	0.042005	0.0036331	0.00016475
388	0.95464	0.041553	0.0036401	0.0001633
389	0.95067	0.045525	0.0036303	0.00017887
390	0.9391	0.057081	0.0035915	0.00022361
391	0.86287	0.13331	0.0033014	0.00051952
392	0.80931	0.18686	0.0030997	0.0007272
393	0.77855	0.21762	0.0029848	0.00084799
394	0.75776	0.23841	0.002909	0.00092988
395	0.74758	0.24857	0.0028737	0.00097114
396	0.74316	0.25299	0.0028611	0.00098989
397	0.74568	0.25046	0.0028751	0.00098194
398	0.75315	0.24299	0.0029088	0.00095447
399	0.75027	0.24586	0.0029026	0.00096704
400	0.75199	0.24413	0.0029149	0.00096139
401	0.75854	0.23758	0.0029465	0.00093656
402	0.77392	0.22219	0.0030126	0.00087707
403	0.77896	0.21715	0.0030378	0.0008585
404	0.78969	0.2064	0.0030859	0.00081706
405	0.81111	0.18498	0.0031761	0.00073356
406	0.84898	0.1471	0.0033307	0.00058539
407	0.90324	0.092839	0.003552	0.00037078
408	0.98295	0.01312	0.0038774	5.2268e-05
409	0.99555	0.00050964	0.0039344	2.0437e-06
410	0.99371	0.0023442	0.0039342	9.3015e-06
411	0.99296	0.0030858	0.0039385	1.2214e-05
412	0.99127	0.0047679	0.0039389	1.8898e-05
413	0.99117	0.0048628	0.0039453	1.9339e-05
414	0.99263	0.0033967	0.0039578	1.3611e-05
415	0.99053	0.0054867	0.0039564	2.2059e-05
416	0.98984	0.0061736	0.0039609	2.4845e-05
417	0.99081	0.0051984	0.0039718	2.1014e-05
418	0.98993	0.0060716	0.0039751	2.4677e-05
419	0.98768	0.0083114	0.0039726	3.4008e-05
420	0.98692	0.0090667	0.0039763	3.7259e-05
421	0.98755	0.0084283	0.003986	3.4796e-05
422	0.98976	0.0062121	0.0040025	2.5826e-05
423	0.99021	0.0057502	0.004012	2.3977e-05
424	0.98959	0.006364	0.0040175	2.651e-05
425	0.99065	0.0052938	0.0040296	2.2188e-05
426	0.99368	0.0022647	0.0040496	9.8713e-06
427	0.99502	0.00091274	0.004063	4.3966e-06
428	0.99476	0.001164	0.0040692	5.9633e-06
429	0.99529	0.00063014	0.004079	4.1374e-06
430	0.992	0.0039121	0.0040653	2.6118e-05
431	0.98491	0.011008	0.0040248	5.497e-05
432	0.98048	0.015447	0.0039958	7.2527e-05
433	0.97832	0.017619	0.0039768	8.0473e-05
434	0.9787	0.017254	0.0039682	7.7771e-05
435	0.98172	0.014249	0.0039707	6.3826e-05
436	0.98179	0.014188	0.0039607	6.2713e-05
437	0.97118	0.024803	0.0039065	0.00010551
438	0.96573	0.030274	0.0038732	0.00012738
439	0.96292	0.033092	0.0038511	0.00013822
440	0.96339	0.032631	0.003842	0.00013581
441	0.96728	0.028758	0.0038466	0.0001197
442	0.94326	0.052781	0.003737	0.00021755
443	0.92689	0.06917	0.0036596	0.00028342
444	0.91659	0.079476	0.0036077	0.00032408
445	0.895	0.10108	0.0035101	0.00041031
446	0.8806	0.11549	0.0034424	0.00046683
447	0.87384	0.12227	0.003405	0.00049292
448	0.85438	0.14173	0.0033178	0.000569
449	0.84455	0.15157	0.0032688	0.00060686
450	0.83985	0.15628	0.0032407	0.000624
451	0.83961	0.15654	0.0032306	0.00062339
452	0.84378	0.15238	0.0032382	0.00060532
453	0.85252	0.14365	0.003264	0.00056927
454	0.86746	0.12872	0.0033144	0.00050885
455	0.89074	0.10545	0.003398	0.00041549
456	0.93118	0.065017	0.0035476	0.00025595
457	0.81633	0.17988	0.0030974	0.0006961
458	0.73791	0.2583	0.0027909	0.0009927
459	0.68285	0.31337	0.002576	0.001198
460	0.57581	0.42043	0.0021642	0.0016001
461	0.51314	0.4831	0.0019206	0.0018337
462	0.47674	0.51951	0.0017768	0.0019675
463	0.38917	0.6071	0.0014471	0.0022877
464	0.33798	0.6583	0.0012528	0.0024724
465	0.30221	0.69408	0.0011176	0.0025982
466	0.2821	0.71419	0.0010403	0.002666
467	0.26907	0.72723	0.0009899	0.0027069
468	0.26407	0.73224	0.00096901	0.0027184
469	0.26573	0.73059	0.00097241	0.0027054
470	0.25614	0.7402	0.00093481	0.0027336
471	0.25383	0.74251	0.00092377	0.0027352
472	0.24062	0.75573	0.00087252	0.0027768
473	0.2333	0.76306	0.00084343	0.0027965
474	0.23039	0.76598	0.00083082	0.0027999
475	0.18167	0.81471	0.00065165	0.0029697
476	0.14733	0.84906	0.00052625	0.0030859
477	0.12326	0.87313	0.00043892	0.0031642
478	0.10981	0.8866	0.00038955	0.0032044
479	0.10137	0.89504	0.00035864	0.0032264
480	0.07876	0.91766	0.000277	0.0032989
481	0.062884	0.93355	0.00022007	0.0033469
482	0.051834	0.94461	0.00018073	0.0033774
483	0.044282	0.95217	0.00015402	0.0033954
484	0.039569	0.95689	0.00013749	0.0034034
485	0.037876	0.95859	0.00013142	0.0034008
486	0.037934	0.95854	0.0001316	0.0033922
487	0.033586	0.9629	0.0001163	0.0033989
488	0.031996	0.9645	0.00011053	0.0033961
489	0.031818	0.96468	0.00010979	0.0033883
490	0.027387	0.96912	9.4172e-05	0.0033954
491	0.024785	0.97173	8.5067e-05	0.003396
492	0.023487	0.97304	8.0575e-05	0.0033922
493	0.018071	0.97846	6.1842e-05	0.0034026
494	0.015179	0.98137	5.1745e-05	0.0034043
495	0.014015	0.98254	4.7548e-05	0.0034
496	0.013767	0.98279	4.6562e-05	0.0033926
497	0.01491	0.98166	5.024e-05	0.0033805
498	0.01712	0.97946	5.7581e-05	0.0033649
499	0.021571	0.97502	7.2336e-05	0.0033418
500	0.029525	0.96707	9.8585e-05	0.0033071
501	0.040764	0.95584	0.00013582	0.0032616
502	0.06004	0.93657	0.00019927	0.0031898
503	0.067737	0.92888	0.00022425	0.0031566
504	0.08193	0.9147	0.00027036	0.0031022
505	0.10227	0.89437	0.00033682	0.0030276
506	0.13119	0.86546	0.0004318	0.0029246
507	0.17356	0.82309	0.00057165	0.0027768
508	0.23347	0.76319	0.00077014	0.0025706
509	0.33525	0.66142	0.0011052	0.0022277
510	0.48365	0.51302	0.0015956	0.0017296
511	0.50188	0.4948	0.0016528	0.0016649
512	0.52941	0.46728	0.0017413	0.001569
513	0.57765	0.41905	0.0018974	0.0014054
514	0.6488	0.3479	0.0021304	0.0011652
515	0.75312	0.2436	0.0024747	0.00081374
516	0.92891	0.067808	0.0030529	0.00022831
517	0.93471	0.06202	0.0030657	0.0002085
518	0.94685	0.049884	0.003099	0.00016797
519	0.9686	0.028138	0.0031634	9.6297e-05
520	0.94857	0.048182	0.0030887	0.00016393
521	0.93758	0.059174	0.0030443	0.00020103
522	0.93115	0.065609	0.0030158	0.00022248
523	0.92836	0.068412	0.0029999	0.00023162
524	0.92879	0.067988	0.002995	0.00022994
525	0.93224	0.064537	0.0030003	0.00021821
526	0.91882	0.077964	0.0029494	0.00026248
527	0.91231	0.084487	0.0029213	0.00028395
528	0.90941	0.087392	0.0029054	0.00029328
529	0.86621	0.13059	0.0027574	0.00043496
530	0.83726	0.15955	0.0026575	0.00052879
531	0.82147	0.17535	0.0026003	0.00057974
532	0.7825	0.21432	0.0024684	0.00070558
533	0.76069	0.23614	0.0023921	0.00077571
534	0.7472	0.24964	0.0023436	0.00081823
535	0.71755	0.27929	0.0022424	0.00091336
536	0.69844	0.29841	0.0021762	0.0009736
537	0.68713	0.30973	0.0021358	0.0010083
538	0.65712	0.33974	0.0020364	0.0011021
539	0.63782	0.35904	0.001972	0.0011611
540	0.62587	0.371	0.0019313	0.0011966
541	0.61983	0.37705	0.0019097	0.0012131
542	0.62146	0.37542	0.0019118	0.0012058
543	0.63135	0.36553	0.0019395	0.0011728
544	0.61019	0.38671	0.0018692	0.0012377
545	0.59681	0.40009	0.001824	0.0012776
546	0.58961	0.40729	0.0017986	0.0012979
547	0.56517	0.43174	0.0017202	0.0013714
548	0.55284	0.44407	0.0016791	0.0014074
549	0.54923	0.44768	0.0016647	0.0014166
550	0.55074	0.44618	0.0016666	0.0014097
551	0.55756	0.43937	0.0016852	0.0013863
552	0.57411	0.42283	0.0017332	0.0013332
553	0.6004	0.39654	0.0018117	0.0012499
554	0.63887	0.35807	0.0019283	0.0011287
555	0.69415	0.3028	0.0020975	0.00095493
556	0.77288	0.22407	0.0023406	0.00070754
557	0.80655	0.19041	0.002443	0.00060086
558	0.85502	0.14194	0.0025925	0.00044733
559	0.84472	0.15224	0.0025585	0.00047747
560	0.84128	0.15569	0.0025452	0.00048684
561	0.84383	0.15314	0.0025499	0.00047796
562	0.8193	0.17767	0.0024716	0.00055207
563	0.80365	0.19333	0.002421	0.00059861
564	0.79665	0.20034	0.0023964	0.00061902
565	0.71824	0.27875	0.0021565	0.00085493
566	0.67267	0.32432	0.0020154	0.00099192
567	0.6412	0.3558	0.001918	0.0010853
568	0.62437	0.37263	0.0018645	0.0011348
569	0.61727	0.37974	0.0018401	0.001155
570	0.61794	0.37907	0.0018389	0.0011519
571	0.62658	0.37043	0.0018611	0.0011253
572	0.64237	0.35464	0.001905	0.0010773
573	0.67222	0.3248	0.0019898	0.00098816
574	0.66539	0.33164	0.0019658	0.001008
575	0.66625	0.33078	0.0019646	0.0010049
576	0.67269	0.32435	0.0019803	0.00098505
577	0.66996	0.32708	0.0019684	0.00099276
578	0.67216	0.32489	0.0019715	0.00098556
579	0.67956	0.31749	0.0019904	0.00096278
580	0.6966	0.30045	0.0020373	0.00091189
581	0.70047	0.29659	0.0020455	0.00089978
582	0.71019	0.28686	0.0020714	0.00087012
583	0.70851	0.28855	0.0020638	0.00087422
584	0.71408	0.28299	0.0020773	0.00085701
585	0.7258	0.27127	0.0021093	0.00082144
586	0.74536	0.25171	0.002165	0.00076244
587	0.77558	0.2215	0.0022528	0.00067146
588	0.78837	0.20871	0.0022881	0.00063282
589	0.77349	0.22359	0.0022418	0.00067603
590	0.76519	0.2319	0.0022153	0.00069952
591	0.76227	0.23482	0.0022051	0.00070694
592	0.76431	0.23278	0.0022098	0.00069955
593	0.77387	0.22323	0.0022364	0.00067015
594	0.79345	0.20365	0.0022923	0.00061138
595	0.82356	0.17354	0.00238	0.00052107
596	0.86853	0.12858	0.0025125	0.00038598
597	0.93269	0.064409	0.0027034	0.00019274
598	0.96604	0.031065	0.0028007	9.2939e-05
599	0.98354	0.013569	0.0028501	4.0906e-05
600	0.98116	0.01595	0.0028403	4.7924e-05
601	0.97271	0.024402	0.0028123	7.304e-05
602	0.95583	0.041291	0.0027598	0.00012287
603	0.94495	0.052165	0.0027255	0.00015469
604	0.9231	0.074022	0.0026587	0.00021889
605	0.9111	0.086024	0.0026206	0.00025426
606	0.90381	0.093313	0.0025967	0.00027556
607	0.90201	0.095116	0.0025887	0.00028094
608	0.90384	0.09329	0.0025915	0.00027563
609	0.90923	0.087901	0.0026049	0.00025987
610	0.90778	0.089361	0.0025987	0.00026393
611	0.91111	0.086027	0.0026061	0.0002542
612	0.90799	0.089153	0.0025951	0.00026312
613	0.90971	0.087429	0.0025978	0.0002581
614	0.91523	0.081919	0.0026119	0.000242
615	0.92532	0.071829	0.0026395	0.00021245
616	0.92797	0.069183	0.0026458	0.00020448
617	0.93397	0.063186	0.002662	0.00018664
618	0.93506	0.062091	0.0026637	0.00018324
619	0.93915	0.058001	0.0026744	0.00017105
620	0.94871	0.048447	0.0027006	0.00014315
621	0.9526	0.044561	0.0027107	0.00013162
622	0.94174	0.055421	0.0026785	0.00016252
623	0.93506	0.062105	0.0026586	0.0001813
624	0.93314	0.064018	0.0026521	0.00018655
625	0.93546	0.061706	0.0026576	0.00017975
626	0.94123	0.055933	0.0026732	0.00016287
627	0.9513	0.04587	0.0027017	0.00013341
628	0.94786	0.049307	0.0026909	0.00014308
629	0.94713	0.050033	0.0026881	0.00014488
630	0.95028	0.046886	0.0026962	0.00013568
631	0.9582	0.038972	0.0027177	0.00011295
632	0.95339	0.043782	0.002703	0.00012658
633	0.95137	0.045806	0.0026966	0.00013216
634	0.95189	0.045286	0.0026976	0.00013039
635	0.95631	0.040866	0.0027096	0.00011755
636	0.96588	0.03129	0.0027361	9.0087e-05
637	0.97006	0.027117	0.0027469	7.8202e-05
638	0.97746	0.019719	0.0027671	5.7008e-05
639	0.98876	0.0084198	0.0027989	2.4501e-05
640	0.98623	0.010949	0.0027907	3.1798e-05
641	0.97996	0.017214	0.002772	4.9747e-05
642	0.97627	0.020906	0.002761	6.0252e-05
643	0.96701	0.03017	0.0027344	8.6477e-05
644	0.9615	0.03568	0.0027187	0.00010193
645	0.9598	0.037385	0.0027136	0.0001067
646	0.95409	0.043091	0.002697	0.00012293
647	0.95152	0.045659	0.0026895	0.00013014
648	0.9526	0.044582	0.0026921	0.0001271
649	0.89575	0.10143	0.0025289	0.00028975
650	0.86282	0.13436	0.0024336	0.00038446
651	0.84105	0.15613	0.0023709	0.00044667
652	0.79011	0.20707	0.0022257	0.00059145
653	0.76097	0.23621	0.0021421	0.00067468
654	0.74215	0.25503	0.0020884	0.00072808
655	0.69638	0.30081	0.0019589	0.00085733
656	0.67054	0.32664	0.0018854	0.00093065
657	0.65427	0.34292	0.0018394	0.00097649
658	0.6475	0.34968	0.00182	0.00099569
659	0.64593	0.35126	0.0018156	0.001
660	0.64983	0.34736	0.0018271	0.00098863
661	0.65921	0.33797	0.0018544	0.00096146
662	0.67936	0.31783	0.0019121	0.00090391
663	0.71598	0.2812	0.0020161	0.00079995
664	0.77045	0.22674	0.0021717	0.00064444
665	0.86293	0.13425	0.0024345	0.00038177
666	0.91114	0.086044	0.0025706	0.00024554
667	0.91547	0.081718	0.002583	0.00023323
668	0.89907	0.098112	0.0025371	0.00027941
669	0.88852	0.10866	0.002508	0.0003089
670	0.88448	0.1127	0.002497	0.00032024
671	0.88579	0.11139	0.0025009	0.00031655
672	0.89273	0.10445	0.0025204	0.00029707
673	0.90447	0.09271	0.0025539	0.00026383
674	0.92615	0.071035	0.002615	0.00020278
675	0.95761	0.039574	0.0027044	0.00011363
676	0.97261	0.024571	0.0027468	7.1355e-05
677	0.97893	0.018247	0.0027658	5.3086e-05
678	0.98908	0.0080972	0.0027961	2.3616e-05
679	0.98977	0.0074051	0.0027988	2.1601e-05
680	0.98887	0.0083083	0.0027971	2.4141e-05
681	0.9898	0.0073792	0.0028006	2.1484e-05
682	0.98897	0.0082047	0.0027991	2.384e-05
683	0.9895	0.0076801	0.0028018	2.23e-05
684	0.99143	0.0057423	0.0028086	1.6667e-05
685	0.99501	0.0021586	0.0028205	6.2371e-06
686	0.9969	0.00027215	0.0028272	7.8308e-07
687	0.99709	7.8415e-05	0.0028289	2.2714e-07
688	0.99644	0.00072844	0.0028284	2.0929e-06
689	0.99528	0.0018911	0.0028266	5.4157e-06
690	0.99277	0.0043975	0.0028211	1.2543e-05
691	0.99161	0.0055533	0.0028197	1.58e-05
692	0.99205	0.0051147	0.0028227	1.4557e-05
693	0.99381	0.003349	0.0028296	9.4895e-06
694	0.99461	0.0025519	0.0028337	7.2112e-06
695	0.99472	0.0024424	0.0028356	6.9029e-06
696	0.99427	0.0028831	0.0028359	8.1744e-06
697	0.99264	0.0045099	0.0028329	1.2787e-05
698	0.99259	0.0045665	0.0028343	1.2965e-05
699	0.99145	0.0057033	0.0028325	1.6252e-05
700	0.9916	0.0055488	0.0028345	1.5815e-05
701	0.99346	0.0036862	0.0028413	1.0536e-05
702	0.99421	0.0029387	0.0028447	8.455e-06
703	0.99402	0.0031274	0.0028457	9.0284e-06
704	0.9949	0.0022463	0.0028499	6.5027e-06
705	0.99697	0.00016879	0.0028578	4.9563e-07
706	0.99599	0.0011466	0.0028571	3.3354e-06
707	0.99588	0.0012606	0.002859	3.67e-06
708	0.99661	0.00052727	0.0028635	1.543e-06
709	0.91048	0.086648	0.0026174	0.0002503
710	0.86009	0.13704	0.0024732	0.00039697
711	0.82498	0.17215	0.0023739	0.0004989
712	0.75694	0.24019	0.0021779	0.00069739
713	0.70929	0.28784	0.0020418	0.00083611
714	0.68228	0.31484	0.0019648	0.00091564
715	0.62764	0.36947	0.0018062	0.0010767
716	0.59092	0.40619	0.0017006	0.0011849
717	0.56592	0.43119	0.0016296	0.0012587
718	0.55032	0.44679	0.0015862	0.001305
719	0.54434	0.45277	0.0015703	0.0013237
720	0.54616	0.45095	0.0015767	0.0013199
721	0.53752	0.45958	0.0015524	0.0013469
722	0.53438	0.46272	0.0015444	0.0013576
723	0.53635	0.46075	0.0015516	0.0013533
724	0.54665	0.45044	0.0015827	0.0013249
725	0.56464	0.43245	0.0016368	0.0012738
726	0.5929	0.40418	0.0017216	0.001192
727	0.63551	0.36158	0.0018496	0.0010672
728	0.70902	0.28806	0.0020682	0.00085177
729	0.81676	0.18032	0.0023902	0.00053302
730	0.873	0.12407	0.002559	0.00036739
731	0.87966	0.11741	0.0025812	0.0003482
732	0.89117	0.1059	0.0026182	0.00031447
733	0.9089	0.088167	0.0026741	0.00026192
734	0.94014	0.056917	0.0027698	0.00016943
735	0.98493	0.01213	0.0029068	3.5802e-05
736	0.98588	0.011172	0.002913	3.294e-05
737	0.98922	0.0078318	0.002926	2.3074e-05
738	0.99586	0.00119	0.0029486	3.5071e-06
739	0.99543	0.0016117	0.0029506	4.7402e-06
740	0.99455	0.0024929	0.0029511	7.3469e-06
741	0.99488	0.0021571	0.002955	6.3745e-06
742	0.99231	0.0047282	0.0029501	1.4079e-05
743	0.99111	0.0059193	0.0029496	1.7641e-05
744	0.99116	0.0058736	0.0029529	1.7487e-05
745	0.98989	0.0071409	0.0029521	2.1281e-05
746	0.98664	0.010382	0.0029453	3.1036e-05
747	0.98514	0.011885	0.0029439	3.5548e-05
748	0.98093	0.016085	0.0029341	4.8215e-05
749	0.97882	0.018191	0.0029309	5.4552e-05
750	0.97925	0.017766	0.0029351	5.3375e-05
751	0.98165	0.015356	0.0029455	4.6158e-05
752	0.98732	0.0096866	0.0029655	2.9213e-05
753	0.99636	0.00064673	0.002996	1.9443e-06
754	0.9966	0.00039859	0.0029999	1.2037e-06
755	0.99678	0.00021937	0.0030037	6.5963e-07
756	0.99695	3.9636e-05	0.0030073	1.2044e-07
757	0.9956	0.0013917	0.0030065	4.2189e-06
758	0.9952	0.0017818	0.0030089	5.391e-06
759	0.9959	0.0010809	0.0030143	3.2823e-06
760	0.99496	0.0020153	0.0030147	6.1595e-06
761	0.99499	0.0019874	0.0030182	6.0891e-06
762	0.99593	0.001042	0.0030247	3.2016e-06
763	0.99508	0.0018911	0.0030259	5.7799e-06
764	0.99536	0.0016082	0.0030303	4.9339e-06
765	0.9966	0.00036079	0.003038	1.1142e-06
766	0.99664	0.00031409	0.0030422	9.6801e-07
767	0.9959	0.0010508	0.0030438	3.25e-06
768	0.99435	0.0025962	0.0030431	8.0182e-06
769	0.99414	0.0028045	0.0030463	8.71e-06
770	0.99496	0.0019779	0.003053	6.1885e-06
771	0.99526	0.0016731	0.0030583	5.2565e-06
772	0.99502	0.0019133	0.0030621	6.0084e-06
773	0.99406	0.0028661	0.0030639	8.9649e-06
774	0.9941	0.0028192	0.0030689	8.8055e-06
775	0.99547	0.0014434	0.003078	4.5461e-06
776	0.99464	0.0022729	0.0030804	7.1446e-06
777	0.99479	0.0021221	0.0030861	6.6717e-06
778	0.99588	0.0010222	0.0030949	3.2082e-06
779	0.99656	0.00033315	0.0031023	1.0547e-06
780	0.99638	0.00051297	0.0031072	1.6214e-06
781	0.99615	0.0007397	0.0031121	2.3338e-06
782	0.99666	0.00022301	0.0031195	7.0124e-07
783	0.99661	0.00026036	0.0031251	8.2117e-07
784	0.9957	0.0011687	0.0031282	3.6711e-06
785	0.99579	0.001075	0.0031342	3.3954e-06
786	0.99668	0.00017187	0.003143	5.4577e-07
787	0.99684	1.5269e-05	0.0031497	4.7401e-08
788	0.99648	0.00036177	0.0031546	1.116e-06
789	0.99678	6.0349e-05	0.0031618	1.3174e-07
790	0.99645	0.00031849	0.0032283	1.0155e-06
791	0.99608	0.00062259	0.0032957	2.0793e-06
792	0.99547	0.0011623	0.0033633	3.9869e-06
793	0.99426	0.0022981	0.0034298	8.0407e-06
794	0.99407	0.002417	0.0035009	8.6305e-06
795	0.99483	0.0015875	0.0035764	5.7877e-06
796	0.99511	0.0012324	0.0036497	4.6121e-06
797	0.99498	0.0012951	0.0037226	4.9542e-06
798	0.99436	0.0018375	0.0037947	7.1551e-06
799	0.98844	0.0076808	0.0038469	3.0243e-05
800	0.97651	0.019535	0.0038734	7.8549e-05
801	0.95187	0.044107	0.0038448	0.00018136
802	0.89583	0.10007	0.0036832	0.0004184
803	0.86335	0.13247	0.0036118	0.00056465
804	0.84188	0.15386	0.0035849	0.00066755
805	0.82835	0.16732	0.0035909	0.00073859
806	0.82273	0.17286	0.0036294	0.00077671
807	0.82337	0.17215	0.0036946	0.00078759
808	0.83045	0.165	0.0037887	0.0007691
809	0.84593	0.14943	0.0039219	0.00071104
810	0.87012	0.12517	0.0040998	0.00060937
811	0.8681	0.12711	0.0041568	0.00062968
812	0.87165	0.12349	0.0042402	0.00062308
813	0.8794	0.11566	0.0043463	0.0005948
814	0.87892	0.11606	0.0044129	0.00060702
815	0.88239	0.11251	0.0045013	0.00059862
816	0.89033	0.10449	0.0046152	0.00056593
817	0.87721	0.11752	0.0046185	0.00064499
818	0.87142	0.12324	0.0046586	0.00068659
819	0.86954	0.12504	0.0047208	0.00070729
820	0.86063	0.13386	0.0047421	0.00076828
821	0.85653	0.13787	0.0047909	0.00080303
822	0.85633	0.13799	0.0048628	0.00081574
823	0.84701	0.14723	0.0048826	0.00088179
824	0.84434	0.14982	0.0049393	0.00091028
825	0.8456	0.14846	0.0050207	0.0009152
826	0.85321	0.14077	0.0051404	0.00088138
827	0.86934	0.12455	0.0053131	0.00079395
828	0.89344	0.10036	0.0055404	0.00065305
829	0.90289	0.090829	0.0056836	0.00059976
830	0.91778	0.07585	0.0058662	0.00050832
831	0.9399	0.053629	0.0061023	0.00036465
832	0.94906	0.044383	0.006255	0.00030553
833	0.95271	0.040633	0.0063704	0.00028322
834	0.95947	0.033787	0.0065097	0.0002383
835	0.97248	0.020679	0.0066937	0.0001479
836	0.97805	0.015009	0.0068283	0.0001085
837	0.98867	0.0042982	0.0069997	3.1503e-05
838	0.9876	0.0052715	0.0070861	3.8878e-05
839	0.98809	0.0046934	0.007183	3.5134e-05
840	0.98738	0.0053053	0.0072726	4.0131e-05
841	0.98791	0.0046786	0.0073729	3.5833e-05
842	0.98969	0.0028084	0.0074843	2.1815e-05
843	0.99019	0.002202	0.0075876	1.7266e-05
844	0.98778	0.0045165	0.0076674	3.56e-05
845	0.98707	0.0051282	0.0077593	4.1016e-05
846	0.98759	0.0045152	0.0078625	3.6654e-05
847	0.98687	0.0051257	0.0079574	4.2076e-05
848	0.985	0.006902	0.0080416	5.7383e-05
849	0.98447	0.0073286	0.0081383	6.1703e-05
850	0.98524	0.0064573	0.0082473	5.5075e-05
851	0.98741	0.004184	0.0083701	3.6163e-05
852	0.99125	0.0002361	0.0085095	2.0567e-06
853	0.99131	7.1233e-05	0.0086155	6.2901e-07
854	0.98876	0.0025158	0.0087002	2.2231e-05
855	0.97169	0.019482	0.0086529	0.00017501
856	0.96008	0.030985	0.0086536	0.00028123
857	0.95404	0.036917	0.0087017	0.00033933
858	0.95086	0.039992	0.0087768	0.00037191
859	0.95117	0.039574	0.008883	0.0003727
860	0.95394	0.0367	0.0090144	0.00034986
861	0.9595	0.031025	0.0091751	0.00029914
862	0.97049	0.019928	0.0093885	0.00019492
863	0.98732	0.0029836	0.0096646	2.9815e-05
864	0.98723	0.0029675	0.0097741	3.0139e-05
865	0.98218	0.0079066	0.0098347	8.0897e-05
866	0.97929	0.01068	0.0099184	0.00011033
867	0.97817	0.011687	0.010022	0.00012196
868	0.97867	0.011074	0.010144	0.00011675
869	0.98146	0.0081672	0.010289	8.7355e-05
870	0.98249	0.007022	0.010415	7.6303e-05
871	0.98225	0.0071467	0.010527	7.8926e-05
872	0.98022	0.0090558	0.01062	0.00010123
873	0.97966	0.0094979	0.010732	0.00010753
874	0.98051	0.0085267	0.010861	9.7959e-05
875	0.98001	0.0089174	0.010973	0.00010392
876	0.98097	0.0078305	0.011105	9.286e-05
877	0.98357	0.0051103	0.011257	6.2395e-05
878	0.98434	0.0042137	0.011391	5.2758e-05
879	0.97234	0.016091	0.01137	0.00020024
880	0.96584	0.022459	0.011413	0.00028299
881	0.96223	0.025951	0.011492	0.00033104
882	0.96098	0.027068	0.011602	0.00035001
883	0.96179	0.02613	0.01174	0.00034322
884	0.95898	0.028805	0.011834	0.0003825
885	0.95836	0.029293	0.011958	0.000394
886	0.93967	0.047839	0.011844	0.00064424
887	0.89722	0.090153	0.011412	0.0012153
888	0.80425	0.18298	0.010296	0.0024728
889	0.59326	0.39383	0.0075696	0.0053427
890	0.44865	0.53829	0.0056963	0.007361
891	0.34961	0.63718	0.0044117	0.0087923
892	0.29152	0.69513	0.0036558	0.0096945
893	0.25205	0.73445	0.0031463	0.010352
894	0.22458	0.76177	0.0027954	0.010852
895	0.16903	0.81718	0.0020341	0.011762
896	0.12977	0.85629	0.0014927	0.012454
897	0.10698	0.87892	0.0011742	0.012923
898	0.094195	0.89156	0.00099222	0.013254
899	0.086114	0.89949	0.00087486	0.013523
900	0.081271	0.90418	0.0008008	0.013749
901	0.079084	0.90621	0.00076101	0.013943
902	0.08075	0.90439	0.00076718	0.01409
903	0.086661	0.89833	0.00081937	0.014192
904	0.071415	0.91355	0.00067999	0.014355
905	0.061309	0.92363	0.00059046	0.01447
906	0.056234	0.92868	0.00055106	0.014534
907	0.053466	0.93142	0.00053633	0.014573
908	0.053877	0.93099	0.00055893	0.014576
909	0.05647	0.92837	0.0006106	0.014549
910	0.061343	0.92347	0.00069489	0.01449
911	0.069428	0.91536	0.00082756	0.014384
912	0.081887	0.90288	0.0010284	0.014209
913	0.074848	0.90989	0.00094743	0.014317
914	0.070716	0.91399	0.00090454	0.014387
915	0.070378	0.9143	0.00091267	0.014405
916	0.073736	0.91092	0.00097381	0.014371
917	0.079825	0.9048	0.0010771	0.014295
918	0.091725	0.89288	0.0012696	0.014129
919	0.094188	0.89039	0.0013178	0.014108
920	0.099877	0.88467	0.0014164	0.014038
921	0.1116	0.87292	0.0016089	0.013873
922	0.12886	0.85563	0.0018916	0.013618
923	0.15908	0.82538	0.0023804	0.013157
924	0.21041	0.77402	0.003205	0.01236
925	0.23558	0.74883	0.003612	0.011981
926	0.27307	0.71131	0.0042206	0.0114
927	0.33694	0.64741	0.0052492	0.0104
928	0.44477	0.53956	0.0069756	0.0087007
929	0.6021	0.38219	0.0095135	0.0061911
930	0.66751	0.31676	0.010589	0.005144
931	0.77916	0.20508	0.012409	0.0033532
932	0.82976	0.15445	0.013254	0.0025368
933	0.90185	0.082331	0.014459	0.0013614
934	0.91033	0.07382	0.014627	0.0012232
935	0.92426	0.059863	0.014888	0.0009934
936	0.94903	0.035058	0.015327	0.00058482
937	0.95145	0.032612	0.015396	0.0005455
938	0.95005	0.033973	0.015404	0.00056839
939	0.95185	0.032149	0.015464	0.00053937
940	0.95052	0.033443	0.015471	0.00056239
941	0.95159	0.032343	0.015519	0.00054538
942	0.95502	0.028888	0.015607	0.00048881
943	0.95453	0.029339	0.015631	0.00049679
944	0.95078	0.033065	0.015601	0.00055882
945	0.95035	0.033453	0.015626	0.00056611
946	0.95217	0.031602	0.01569	0.00053561
947	0.9502	0.033544	0.015689	0.00056917
948	0.95064	0.033071	0.015729	0.00056193
949	0.95337	0.030304	0.015809	0.00051565
950	0.96014	0.0235	0.015957	0.00040166
951	0.97065	0.012962	0.016169	0.00022308
952	0.9751	0.0084747	0.016281	0.00014653
953	0.98239	0.0011465	0.016442	2.0336e-05
954	0.98209	0.0014031	0.016479	2.4913e-05
955	0.97804	0.0054153	0.016451	9.4862e-05
956	0.97582	0.0075932	0.016456	0.00013314
957	0.97512	0.0082504	0.016487	0.00014516
958	0.94393	0.039396	0.015984	0.00069186
959	0.87365	0.10963	0.014821	0.0019005
960	0.82429	0.15894	0.014017	0.0027508
961	0.78993	0.19326	0.01347	0.0033448
962	0.77086	0.21228	0.013179	0.0036819
963	0.76168	0.22141	0.013056	0.0038514
964	0.7597	0.22335	0.013056	0.0038982
965	0.76255	0.22045	0.013141	0.0038599
966	0.77066	0.21229	0.013319	0.0037286
967	0.7852	0.1977	0.013614	0.0034824
968	0.81241	0.17045	0.01413	0.0030143
969	0.85187	0.13094	0.014868	0.0023243
970	0.90833	0.07443	0.015919	0.0013236
971	0.93737	0.045338	0.016481	0.00080993
972	0.97903	0.0036298	0.017277	6.4343e-05
