#coord	neutral	conserved	gBGC.neutral	gBGC.conserved
1	0.77795	0.21691	0.004016	0.0011219
2	0.78578	0.2091	0.0040495	0.0010794
3	0.79937	0.19551	0.004113	0.0010069
4	0.82508	0.16981	0.0042383	0.00087245
5	0.87023	0.12467	0.0044622	0.00063938
6	0.94699	0.047916	0.0048456	0.00024663
7	0.95702	0.0379	0.0048881	0.00019499
8	0.97214	0.022783	0.004957	0.00011719
9	0.99419	0.0007494	0.0050615	3.8872e-06
10	0.99416	0.00078232	0.0050528	4.0379e-06
11	0.99386	0.0010899	0.0050428	5.591e-06
12	0.99433	0.0006264	0.005037	3.2041e-06
13	0.99359	0.0013746	0.0050248	7.0127e-06
14	0.99372	0.0012594	0.0050173	6.4158e-06
15	0.99468	0.00030586	0.0050141	1.5623e-06
16	0.99467	0.00031792	0.0050062	1.6188e-06
17	0.99467	0.0003325	0.0049984	1.6888e-06
18	0.99464	0.0003701	0.0049907	1.8753e-06
19	0.99339	0.0016257	0.0049771	8.1803e-06
20	0.99329	0.0017358	0.0049691	8.7484e-06
21	0.99251	0.0025158	0.0049579	1.2662e-05
22	0.99079	0.0042471	0.0049417	2.1388e-05
23	0.99033	0.0047147	0.0049321	2.3721e-05
24	0.98817	0.0068801	0.0049143	3.4504e-05
25	0.98742	0.0076385	0.0049037	3.8199e-05
26	0.98807	0.0069973	0.0049002	3.4873e-05
27	0.99067	0.0044004	0.0049063	2.1887e-05
28	0.9919	0.0031805	0.0049054	1.582e-05
29	0.99441	0.00067321	0.0049111	3.3545e-06
30	0.99366	0.0014331	0.0049004	7.1398e-06
31	0.99229	0.0028092	0.0048865	1.4026e-05
32	0.99197	0.0031402	0.0048779	1.5691e-05
33	0.99265	0.0024661	0.0048745	1.2363e-05
34	0.99242	0.002697	0.0048668	1.3519e-05
35	0.98789	0.0072343	0.0048375	3.6191e-05
36	0.98528	0.0098507	0.0048179	4.9202e-05
37	0.96541	0.029727	0.0047121	0.00014836
38	0.95236	0.042789	0.004641	0.00021306
39	0.9439	0.051251	0.004593	0.00025465
40	0.93903	0.05613	0.0045632	0.00027836
41	0.93738	0.057783	0.0045494	0.00028607
42	0.9385	0.056673	0.0045495	0.00028013
43	0.93403	0.061144	0.0045226	0.00030134
44	0.92303	0.072152	0.0044636	0.00035446
45	0.9164	0.078793	0.0044263	0.00038607
46	0.91333	0.081864	0.0044067	0.00040017
47	0.87804	0.11715	0.0042312	0.00056999
48	0.85797	0.13723	0.004129	0.00066646
49	0.81007	0.18514	0.0038937	0.0008962
50	0.70372	0.29149	0.0033801	0.0014043
51	0.64096	0.35426	0.0030751	0.0017038
52	0.59711	0.39812	0.0028622	0.0019113
53	0.56689	0.42834	0.0027156	0.0020526
54	0.55074	0.44449	0.0026358	0.0021271
55	0.51338	0.48186	0.0024544	0.0023031
56	0.49264	0.5026	0.0023522	0.0023997
57	0.4802	0.51505	0.0022904	0.0024561
58	0.45139	0.54387	0.0021503	0.0025909
59	0.39283	0.60243	0.0018707	0.0028651
60	0.35881	0.63646	0.0017072	0.0030233
61	0.33557	0.65971	0.0015957	0.0031295
62	0.32031	0.67497	0.0015225	0.0031976
63	0.31406	0.68122	0.0014917	0.0032232
64	0.31495	0.68034	0.0014944	0.0032152
65	0.3232	0.67209	0.0015317	0.0031726
66	0.33806	0.65724	0.0016005	0.0030985
67	0.36606	0.62925	0.0017309	0.0029629
68	0.408	0.58732	0.0019276	0.002761
69	0.40733	0.58798	0.0019224	0.002761
70	0.39625	0.59908	0.0018679	0.0028102
71	0.3934	0.60193	0.0018519	0.0028208
72	0.39801	0.59732	0.0018707	0.0027965
73	0.40811	0.58723	0.0019154	0.0027465
74	0.42926	0.56608	0.0020111	0.0026454
75	0.46173	0.53362	0.0021598	0.0024915
76	0.47244	0.52291	0.0022073	0.0024388
77	0.49465	0.50071	0.0023078	0.002333
78	0.52869	0.46667	0.0024638	0.0021719
79	0.52462	0.47075	0.0024418	0.0021887
80	0.52567	0.4697	0.002444	0.0021814
81	0.53198	0.4634	0.002471	0.0021495
82	0.54429	0.45109	0.0025262	0.0020895
83	0.56893	0.42646	0.0026382	0.0019725
84	0.60515	0.39025	0.0028045	0.0018014
85	0.62226	0.37314	0.0028811	0.0017199
86	0.6542	0.34121	0.0030256	0.0015705
87	0.70956	0.28585	0.0032769	0.0013141
88	0.7884	0.20701	0.0036371	0.00094896
89	0.82925	0.16617	0.0038207	0.00076041
90	0.89897	0.096456	0.004135	0.00044092
91	0.90814	0.087288	0.0041719	0.00039882
92	0.90963	0.085804	0.004174	0.00039169
93	0.90576	0.089683	0.0041513	0.00040924
94	0.90524	0.0902	0.0041443	0.00041123
95	0.90803	0.087416	0.0041527	0.00039801
96	0.91637	0.079081	0.004186	0.00035966
97	0.92967	0.065786	0.0042423	0.00029858
98	0.9535	0.04196	0.0043459	0.00019002
99	0.99442	0.0010465	0.0045261	4.813e-06
100	0.98073	0.014747	0.0044581	6.792e-05
101	0.97322	0.022255	0.0044185	0.00010257
102	0.96978	0.025702	0.0043974	0.00011856
103	0.96871	0.02678	0.0043875	0.00012358
104	0.97055	0.024945	0.0043907	0.00011539
105	0.97488	0.020614	0.0044054	9.5796e-05
106	0.96982	0.02568	0.0043772	0.00011922
107	0.95776	0.037747	0.0043172	0.00017472
108	0.94999	0.045518	0.0042772	0.00021023
109	0.94687	0.048651	0.0042583	0.00022462
110	0.93698	0.058539	0.0042087	0.00026975
111	0.91294	0.08259	0.004095	0.00037922
112	0.73832	0.25721	0.0032988	0.0011714
113	0.61877	0.37676	0.002756	0.0017102
114	0.53438	0.46116	0.0023742	0.0020881
115	0.47501	0.52054	0.0021065	0.0023521
116	0.44089	0.55466	0.0019515	0.0025032
117	0.42233	0.57322	0.0018661	0.0025848
118	0.41147	0.58408	0.0018157	0.0026314
119	0.40897	0.58658	0.0018024	0.0026408
120	0.41414	0.58143	0.0018229	0.0026164
121	0.42492	0.57064	0.0018686	0.0025669
122	0.42299	0.57258	0.001858	0.0025737
123	0.42601	0.56956	0.0018698	0.0025583
124	0.41928	0.5763	0.0018379	0.0025865
125	0.41769	0.57789	0.0018292	0.0025917
126	0.42106	0.57452	0.0018428	0.0025747
127	0.4118	0.58379	0.0018007	0.0026134
128	0.38827	0.60732	0.0016953	0.0027153
129	0.37636	0.61924	0.001641	0.0027661
130	0.34608	0.64952	0.001505	0.0028986
131	0.32636	0.66924	0.0014164	0.0029836
132	0.27708	0.71853	0.0011983	0.0031984
133	0.24257	0.75304	0.0010461	0.0033473
134	0.22304	0.77257	0.00095935	0.0034307
135	0.21079	0.78483	0.00090493	0.0034819
136	0.17786	0.81776	0.00076078	0.0036229
137	0.15921	0.83641	0.00067861	0.0037019
138	0.14726	0.84837	0.00062607	0.0037513
139	0.14029	0.85534	0.00059544	0.0037789
140	0.1373	0.85833	0.00058225	0.0037892
141	0.13786	0.85777	0.00058458	0.003784
142	0.14205	0.85358	0.0006028	0.003763
143	0.15048	0.84516	0.0006396	0.0037235
144	0.16355	0.83208	0.00069692	0.0036636
145	0.18695	0.8087	0.00079892	0.003559
146	0.19439	0.80126	0.00083143	0.0035239
147	0.20683	0.78882	0.00088601	0.0034669
148	0.2302	0.76545	0.00098804	0.0033623
149	0.26396	0.73169	0.001136	0.0032119
150	0.27918	0.71648	0.0012021	0.0031433
151	0.2833	0.71236	0.0012196	0.0031233
152	0.29235	0.70331	0.0012586	0.0030818
153	0.31117	0.6845	0.0013399	0.002998
154	0.31564	0.68003	0.0013589	0.0029766
155	0.32849	0.66718	0.0014141	0.0029189
156	0.34936	0.64631	0.0015046	0.0028261
157	0.38124	0.61443	0.0016436	0.0026848
158	0.43675	0.55893	0.0018849	0.0024411
159	0.51824	0.47743	0.0022408	0.002083
160	0.55932	0.43636	0.0024188	0.0019027
161	0.57526	0.42042	0.0024875	0.0018318
162	0.55757	0.43811	0.0024108	0.0019065
163	0.54692	0.44877	0.0023647	0.0019506
164	0.54464	0.45104	0.0023545	0.0019587
165	0.55013	0.44556	0.0023777	0.0019334
166	0.56489	0.4308	0.0024408	0.0018681
167	0.58875	0.40694	0.002544	0.0017629
168	0.5985	0.3972	0.0025852	0.0017195
169	0.57002	0.42568	0.002461	0.0018415
170	0.51192	0.48378	0.0022082	0.002092
171	0.39978	0.59593	0.0017201	0.0025778
172	0.32305	0.67265	0.0013876	0.002908
173	0.27788	0.71783	0.001191	0.0031023
174	0.25184	0.74387	0.0010769	0.003214
175	0.23491	0.7608	0.001003	0.0032857
176	0.19886	0.79686	0.00084584	0.0034405
177	0.1746	0.82112	0.00074048	0.0035437
178	0.15864	0.83707	0.00067139	0.0036106
179	0.1487	0.84702	0.00062842	0.0036515
180	0.14295	0.85278	0.00060362	0.0036743
181	0.14252	0.85321	0.00060133	0.0036746
182	0.14728	0.84844	0.00062098	0.0036529
183	0.15647	0.83925	0.00065959	0.0036123
184	0.17436	0.82137	0.00073474	0.0035351
185	0.16525	0.83048	0.00069534	0.0035726
186	0.1607	0.83503	0.00067566	0.0035904
187	0.16169	0.83404	0.00067934	0.0035848
188	0.16626	0.82948	0.00069837	0.003564
189	0.17768	0.81806	0.00074618	0.0035143
190	0.17822	0.81752	0.00074805	0.0035106
191	0.17063	0.82512	0.00071511	0.0035417
192	0.16702	0.82872	0.00069936	0.0035557
193	0.16698	0.82877	0.00069889	0.0035545
194	0.17267	0.82307	0.00072251	0.0035292
195	0.18573	0.81002	0.00077688	0.003473
196	0.18907	0.80668	0.00079004	0.003458
197	0.19653	0.79922	0.00082075	0.0034255
198	0.20902	0.78674	0.0008728	0.0033718
199	0.22802	0.76774	0.00095258	0.0032904
200	0.26188	0.73388	0.0010944	0.003147
201	0.31186	0.6839	0.0013048	0.002935
202	0.33263	0.66314	0.0013922	0.0028462
203	0.36431	0.63145	0.0015264	0.0027106
204	0.40991	0.58586	0.0017204	0.0025154
205	0.47709	0.51868	0.0020074	0.0022272
206	0.57235	0.42342	0.002416	0.0018176
207	0.73292	0.26285	0.0031021	0.0011303
208	0.96722	0.028547	0.0041074	0.00012405
209	0.9691	0.026671	0.0041141	0.0001159
210	0.95812	0.03765	0.004066	0.00016271
211	0.71818	0.27759	0.0030369	0.0011904
212	0.54831	0.44746	0.0023113	0.0019148
213	0.4281	0.56768	0.0017998	0.0024251
214	0.34311	0.65267	0.0014396	0.0027842
215	0.29298	0.7028	0.0012263	0.0029963
216	0.25789	0.73788	0.0010776	0.003144
217	0.23364	0.76214	0.00097512	0.0032455
218	0.22063	0.77515	0.00091981	0.0032998
219	0.21334	0.78244	0.00088894	0.0033297
220	0.19096	0.80482	0.00079498	0.0034228
221	0.13875	0.85703	0.00057688	0.0036402
222	0.10793	0.88786	0.00044764	0.0037686
223	0.08624	0.90954	0.00035708	0.0038585
224	0.073852	0.92193	0.00030512	0.0039096
225	0.065513	0.93027	0.0002703	0.0039438
226	0.060222	0.93556	0.00024833	0.0039651
227	0.058676	0.93711	0.00024185	0.0039709
228	0.060377	0.93541	0.0002488	0.0039632
229	0.056849	0.93894	0.00023375	0.0039775
230	0.055664	0.94013	0.00022861	0.003982
231	0.056428	0.93936	0.00023169	0.0039783
232	0.060649	0.93514	0.00024901	0.0039604
233	0.067899	0.92789	0.00027904	0.0039298
234	0.078783	0.91701	0.00032434	0.003884
235	0.095196	0.9006	0.00039297	0.0038149
236	0.12344	0.87235	0.00051061	0.0036968
237	0.16481	0.83099	0.00068359	0.0035235
238	0.23461	0.76118	0.00097443	0.0032322
239	0.33642	0.65937	0.0014003	0.002806
240	0.34874	0.64705	0.0014513	0.0027546
241	0.37271	0.62308	0.0015504	0.0026551
242	0.40899	0.5868	0.0017014	0.0025037
243	0.46103	0.53476	0.0019189	0.0022859
244	0.48208	0.51371	0.0020071	0.0021976
245	0.52023	0.47557	0.0021665	0.002038
246	0.57686	0.41894	0.0024042	0.0018002
247	0.60525	0.39054	0.0025227	0.0016815
248	0.64804	0.34776	0.0027023	0.0015018
249	0.64576	0.35004	0.0026923	0.0015119
250	0.63198	0.36381	0.0026328	0.0015713
251	0.62493	0.37086	0.0026025	0.0016017
252	0.62313	0.37266	0.0025947	0.0016097
253	0.62898	0.36682	0.002619	0.0015855
254	0.64128	0.35451	0.0026709	0.0015338
255	0.66181	0.33399	0.0027581	0.0014469
256	0.66763	0.32817	0.0027832	0.0014223
257	0.6798	0.31599	0.0028357	0.0013703
258	0.70009	0.2957	0.0029233	0.0012834
259	0.70535	0.29044	0.002947	0.0012605
260	0.71617	0.27962	0.0029947	0.0012137
261	0.73796	0.25783	0.0030892	0.00112
262	0.7713	0.22449	0.0032341	0.00097609
263	0.82099	0.1748	0.0034506	0.00076066
264	0.90545	0.09034	0.0038165	0.00039569
265	0.91605	0.07974	0.003863	0.00035015
266	0.91985	0.075939	0.0038799	0.00033401
267	0.92733	0.068456	0.0039129	0.00030193
268	0.9179	0.077886	0.0038732	0.00034266
269	0.91255	0.083236	0.0038513	0.00036571
270	0.91063	0.085149	0.0038443	0.0003739
271	0.91219	0.083587	0.0038526	0.00036702
272	0.88861	0.10717	0.0037536	0.00046759
273	0.87576	0.12002	0.0037	0.00052269
274	0.86806	0.12772	0.0036686	0.00055562
275	0.86644	0.12934	0.003663	0.00056271
276	0.87044	0.12533	0.0036812	0.00054585
277	0.87916	0.11661	0.00372	0.0005086
278	0.86805	0.12772	0.0036733	0.00055676
279	0.86177	0.13399	0.0036476	0.000584
280	0.86134	0.13442	0.0036468	0.00058629
281	0.86509	0.13068	0.0036642	0.00057052
282	0.87354	0.12222	0.0037021	0.0005343
283	0.87364	0.12212	0.0037044	0.00053389
284	0.867	0.12876	0.0036779	0.00056236
285	0.86443	0.13133	0.0036691	0.00057322
286	0.86749	0.12827	0.0036843	0.00056005
287	0.87703	0.11872	0.0037273	0.00051906
288	0.89578	0.099971	0.0038095	0.00043864
289	0.87491	0.12084	0.0037202	0.00052977
290	0.86114	0.13461	0.0036619	0.00058988
291	0.85322	0.14252	0.0036294	0.00062445
292	0.84968	0.14606	0.0036159	0.00064001
293	0.852	0.14375	0.0036275	0.00063047
294	0.85889	0.13685	0.0036592	0.00060096
295	0.87136	0.12438	0.0037154	0.00054706
296	0.87426	0.12148	0.0037304	0.00053451
297	0.88121	0.11452	0.0037633	0.00050417
298	0.89586	0.09987	0.0038295	0.00044048
299	0.91779	0.07794	0.003928	0.00034463
300	0.9507	0.045024	0.0040754	0.00019997
301	0.94464	0.051085	0.0040521	0.00022611
302	0.94295	0.052767	0.0040476	0.00023341
303	0.94415	0.051565	0.0040559	0.00022805
304	0.94126	0.054455	0.0040461	0.00024066
305	0.94134	0.054373	0.0040495	0.00024024
306	0.94547	0.050241	0.0040703	0.00022227
307	0.94436	0.051342	0.0040685	0.00022705
308	0.9459	0.049803	0.0040785	0.00022024
309	0.95173	0.043966	0.004107	0.00019472
310	0.95217	0.043522	0.0041122	0.00019272
311	0.94792	0.04777	0.0040971	0.00021112
312	0.94756	0.048128	0.0040988	0.00021269
313	0.94182	0.053861	0.0040772	0.0002376
314	0.94046	0.055221	0.0040745	0.0002436
315	0.94203	0.053645	0.0040848	0.00023667
316	0.94677	0.048907	0.0041093	0.00021573
317	0.95703	0.038645	0.0041579	0.00017058
318	0.97248	0.023185	0.0042299	0.00010218
319	0.96712	0.028546	0.0042101	0.00012551
320	0.96454	0.031125	0.0042026	0.00013664
321	0.96509	0.030564	0.0042086	0.00013416
322	0.94979	0.045859	0.0041459	0.00020052
323	0.94173	0.053917	0.0041143	0.00023571
324	0.92169	0.073959	0.0040309	0.00032285
325	0.91093	0.084711	0.0039875	0.00036994
326	0.90641	0.089228	0.0039709	0.00039002
327	0.90678	0.08886	0.0039755	0.00038886
328	0.8769	0.11873	0.0038479	0.00052005
329	0.85725	0.13838	0.0037654	0.00060628
330	0.84445	0.15117	0.0037132	0.00066238
331	0.83924	0.15638	0.0036937	0.0006856
332	0.84013	0.15549	0.0037008	0.00068218
333	0.84728	0.14833	0.0037351	0.00065142
334	0.86017	0.13544	0.0037952	0.00059505
335	0.88431	0.11129	0.0039046	0.00048933
336	0.92621	0.069389	0.0040916	0.00030587
337	0.94508	0.05052	0.0041782	0.00022296
338	0.94463	0.050968	0.0041794	0.00022528
339	0.94805	0.047545	0.0041976	0.00021061
340	0.94655	0.049038	0.0041942	0.00021756
341	0.94879	0.046797	0.0042073	0.00020806
342	0.95391	0.041671	0.0042333	0.00018565
343	0.95503	0.040543	0.0042415	0.00018104
344	0.95895	0.036624	0.0042623	0.0001639
345	0.96765	0.027918	0.0043042	0.00012562
346	0.96545	0.030118	0.0042974	0.00013596
347	0.95786	0.037702	0.0042664	0.00017057
348	0.95349	0.042072	0.0042502	0.0001906
349	0.9518	0.043753	0.0042463	0.00019845
350	0.95367	0.041877	0.0042581	0.00019042
351	0.95826	0.037283	0.0042824	0.00017005
352	0.95817	0.037373	0.0042859	0.00017069
353	0.96045	0.035092	0.0043003	0.00016054
354	0.9667	0.028835	0.0043324	0.00013251
355	0.9617	0.033827	0.0043132	0.00015569
356	0.95953	0.035997	0.0043071	0.00016592
357	0.95986	0.035658	0.0043126	0.00016467
358	0.95575	0.03977	0.0042981	0.00018364
359	0.94323	0.052281	0.0042454	0.00024084
360	0.93526	0.060244	0.0042137	0.00027728
361	0.93228	0.063222	0.0042044	0.00029121
362	0.93244	0.063055	0.0042096	0.00029072
363	0.93578	0.05972	0.0042296	0.00027564
364	0.94421	0.05128	0.0042727	0.00023731
365	0.95734	0.038145	0.0043378	0.00017719
366	0.98073	0.014749	0.0044496	7.0143e-05
367	0.97924	0.016231	0.0044471	7.7445e-05
368	0.97948	0.015988	0.0044527	7.6688e-05
369	0.98222	0.013242	0.0044697	6.4426e-05
370	0.98288	0.012579	0.0044769	6.1925e-05
371	0.98534	0.010119	0.0044927	5.1009e-05
372	0.986	0.0094541	0.0044998	4.863e-05
373	0.9883	0.0071502	0.0045148	3.85e-05
374	0.99333	0.0021128	0.0045423	1.573e-05
375	0.99179	0.0036668	0.0045203	2.2187e-05
376	0.99145	0.0040266	0.0045043	2.2826e-05
377	0.99224	0.0032438	0.0044941	1.7812e-05
378	0.99198	0.0035233	0.0044782	1.8467e-05
379	0.99053	0.0049929	0.0044567	2.4797e-05
380	0.97924	0.01629	0.0043906	7.5774e-05
381	0.97182	0.023728	0.0043424	0.00010887
382	0.95733	0.03823	0.0042625	0.00017365
383	0.94969	0.045889	0.0042134	0.0002075
384	0.94564	0.049959	0.0041809	0.00022496
385	0.94555	0.050055	0.0041659	0.00022473
386	0.94813	0.047498	0.004163	0.00021266
387	0.95366	0.041981	0.0041734	0.00018749
388	0.95412	0.04153	0.0041615	0.00018475
389	0.95017	0.045501	0.0041299	0.00020154
390	0.93863	0.057052	0.0040658	0.00025114
391	0.86246	0.13324	0.0037201	0.00058215
392	0.80894	0.18677	0.0034761	0.00081172
393	0.7782	0.21752	0.0033312	0.00094203
394	0.75744	0.23831	0.0032306	0.0010281
395	0.74728	0.24847	0.0031758	0.0010685
396	0.74288	0.25289	0.0031462	0.0010837
397	0.74541	0.25037	0.0031459	0.0010696
398	0.75289	0.2429	0.0031667	0.0010345
399	0.75003	0.24579	0.0031441	0.001043
400	0.75177	0.24406	0.0031412	0.0010319
401	0.75833	0.23751	0.0031589	0.0010005
402	0.77372	0.22213	0.003213	0.00093246
403	0.77877	0.2171	0.0032233	0.00090821
404	0.78952	0.20636	0.0032575	0.00086022
405	0.81096	0.18494	0.0033353	0.00076852
406	0.84883	0.14708	0.0034797	0.00061012
407	0.9031	0.092824	0.0036912	0.00038473
408	0.98282	0.013119	0.0040072	5.5134e-05
409	0.99544	0.00050958	0.0040452	3.3959e-06
410	0.99366	0.0023441	0.0039858	1.0611e-05
411	0.99297	0.0030859	0.0039315	1.3221e-05
412	0.99134	0.0047682	0.0038741	1.9493e-05
413	0.99129	0.0048634	0.0038228	1.9446e-05
414	0.99281	0.0033973	0.0037772	1.3382e-05
415	0.99077	0.005488	0.0037185	2.1025e-05
416	0.99014	0.0061755	0.0036658	2.3205e-05
417	0.99116	0.0052003	0.003619	1.924e-05
418	0.99034	0.0060741	0.003565	2.212e-05
419	0.98815	0.0083154	0.003506	2.9839e-05
420	0.98744	0.0090715	0.003453	3.2072e-05
421	0.98813	0.0084333	0.0034054	2.937e-05
422	0.9904	0.0062162	0.0033637	2.1303e-05
423	0.99091	0.0057543	0.0033164	1.9359e-05
424	0.99034	0.0063688	0.0032653	2.1051e-05
425	0.99147	0.0052982	0.0032194	1.7231e-05
426	0.99455	0.0022667	0.0031793	7.2773e-06
427	0.99595	0.00091358	0.0031342	2.8905e-06
428	0.99575	0.0011652	0.0030838	3.6378e-06
429	0.99633	0.0006308	0.0030362	1.9494e-06
430	0.99309	0.0039164	0.0029775	1.1852e-05
431	0.98604	0.011021	0.0029084	3.271e-05
432	0.98164	0.015465	0.0028482	4.5075e-05
433	0.97951	0.017641	0.0027955	5.0488e-05
434	0.97993	0.017276	0.0027499	4.8602e-05
435	0.98298	0.014267	0.0027112	3.9492e-05
436	0.98309	0.014206	0.0026648	3.8636e-05
437	0.97251	0.024837	0.0025904	6.618e-05
438	0.96707	0.030316	0.0025302	7.9346e-05
439	0.9643	0.033139	0.0024778	8.5118e-05
440	0.96481	0.032678	0.0024337	8.2395e-05
441	0.96873	0.028801	0.0023977	7.1316e-05
442	0.94472	0.052862	0.0022929	0.00012882
443	0.92835	0.069279	0.0022092	0.00016558
444	0.91807	0.079603	0.002142	0.00018642
445	0.89647	0.10125	0.0020494	0.00023238
446	0.88208	0.11568	0.0019757	0.00025999
447	0.87533	0.12248	0.0019197	0.00026958
448	0.85588	0.14198	0.0018376	0.00030577
449	0.84606	0.15184	0.0017772	0.00032
450	0.84138	0.15657	0.0017289	0.00032268
451	0.84117	0.15683	0.0016904	0.00031592
452	0.84537	0.15267	0.0016612	0.00030037
453	0.85416	0.14392	0.0016409	0.00027631
454	0.86916	0.12897	0.0016321	0.00024115
455	0.89251	0.10566	0.0016381	0.00019161
456	0.93306	0.065149	0.001673	0.00011298
457	0.81801	0.18025	0.0014402	0.00030192
458	0.73946	0.25884	0.0012776	0.00042097
459	0.68431	0.31404	0.0011594	0.00049605
460	0.57705	0.42133	0.00096584	0.00064632
461	0.51427	0.48416	0.00084726	0.00072146
462	0.4778	0.52067	0.00077205	0.00075308
463	0.39005	0.60847	0.0006284	0.00085348
464	0.33875	0.65981	0.0005417	0.0008968
465	0.30291	0.69569	0.00048031	0.00091511
466	0.28277	0.71588	0.00044205	0.00091018
467	0.26972	0.72897	0.00041476	0.00089459
468	0.26472	0.73402	0.0003986	0.00086775
469	0.26639	0.73239	0.00039137	0.00083188
470	0.25678	0.74204	0.00037019	0.0008098
471	0.25447	0.74439	0.00035824	0.00077837
472	0.24124	0.75766	0.00033474	0.00075881
473	0.23391	0.76504	0.00031873	0.00073207
474	0.231	0.76799	0.00030819	0.00070015
475	0.18214	0.81685	0.00024132	0.00076461
476	0.14772	0.85128	0.00019438	0.00080918
477	0.12359	0.87541	0.00016153	0.00083967
478	0.11009	0.88891	0.0001427	0.00085612
479	0.10164	0.89737	0.00013054	0.00086591
480	0.078965	0.92004	0.00010067	0.00089346
481	0.063047	0.93596	7.9767e-05	0.00091205
482	0.051968	0.94704	6.5232e-05	0.0009243
483	0.044397	0.95462	5.5257e-05	0.00093201
484	0.039671	0.95934	4.89e-05	0.00093613
485	0.037974	0.96104	4.6148e-05	0.00093661
486	0.038031	0.96099	4.5447e-05	0.00093507
487	0.033672	0.96535	3.985e-05	0.00093838
488	0.032078	0.96695	3.7441e-05	0.00093847
489	0.0319	0.96713	3.6652e-05	0.00093696
490	0.027456	0.97157	3.1241e-05	0.00094004
491	0.024848	0.97418	2.7969e-05	0.000941
492	0.023547	0.97549	2.6189e-05	0.00094049
493	0.018117	0.98092	1.9995e-05	0.00094436
494	0.015217	0.98382	1.6608e-05	0.00094539
495	0.014051	0.98499	1.51e-05	0.00094451
496	0.013801	0.98524	1.4592e-05	0.00094265
497	0.014947	0.9841	1.5484e-05	0.00093935
498	0.017163	0.98188	1.7436e-05	0.00093502
499	0.021624	0.97743	2.1506e-05	0.00092853
500	0.029598	0.96945	2.8827e-05	0.00091876
501	0.040865	0.95819	3.9217e-05	0.00090594
502	0.060187	0.93887	5.6975e-05	0.00088572
503	0.067903	0.93116	6.3929e-05	0.00087633
504	0.08213	0.91693	7.6821e-05	0.00086096
505	0.10252	0.89655	9.5379e-05	0.00083994
506	0.13151	0.86756	0.00012186	0.00081103
507	0.17398	0.82509	0.00016077	0.00076971
508	0.23404	0.76503	0.0002159	0.0007122
509	0.33606	0.66302	0.0003091	0.00061658
510	0.48482	0.51426	0.00044524	0.00047805
511	0.50309	0.49599	0.00046095	0.00046
512	0.53068	0.4684	0.00048527	0.00043336
513	0.57903	0.42005	0.00052837	0.0003879
514	0.65035	0.34873	0.00059256	0.00032138
515	0.75491	0.24418	0.0006873	0.00022436
516	0.93112	0.06797	0.00084669	6.263e-05
517	0.93693	0.062167	0.00084988	5.7151e-05
518	0.94909	0.050002	0.00085874	4.594e-05
519	0.97089	0.028204	0.00087615	2.6118e-05
520	0.9508	0.048295	0.00085542	4.4495e-05
521	0.93979	0.059313	0.00084298	5.4525e-05
522	0.93334	0.065763	0.00083485	6.0301e-05
523	0.93053	0.068573	0.00083012	6.2723e-05
524	0.93096	0.068147	0.00082839	6.2194e-05
525	0.93442	0.064688	0.00082945	5.892e-05
526	0.92097	0.078145	0.00081522	7.0882e-05
527	0.91443	0.084684	0.00080715	7.6616e-05
528	0.91152	0.087595	0.00080243	7.9053e-05
529	0.86822	0.1309	0.00076145	0.00011768
530	0.8392	0.15992	0.00073359	0.00014325
531	0.82337	0.17576	0.00071745	0.00015703
532	0.78431	0.21482	0.00068091	0.00019126
533	0.76244	0.23669	0.00065961	0.0002102
534	0.74892	0.25022	0.00064587	0.00022161
535	0.7192	0.27994	0.00061782	0.00024728
536	0.70004	0.29909	0.00059931	0.00026346
537	0.6887	0.31044	0.00058778	0.00027269
538	0.65862	0.34052	0.0005602	0.00029803
539	0.63928	0.35986	0.00054212	0.0003139
540	0.6273	0.37185	0.00053053	0.00032332
541	0.62124	0.37791	0.00052411	0.0003276
542	0.62287	0.37628	0.00052418	0.00032533
543	0.63279	0.36636	0.00053121	0.00031607
544	0.61157	0.38758	0.00051163	0.00033335
545	0.59816	0.401	0.00049887	0.00034386
546	0.59095	0.40821	0.00049148	0.00034903
547	0.56645	0.43271	0.00046969	0.00036863
548	0.55409	0.44507	0.00045806	0.00037801
549	0.55047	0.44869	0.00045371	0.00038008
550	0.55199	0.44718	0.00045371	0.00037781
551	0.55881	0.44036	0.0004582	0.0003711
552	0.5754	0.42378	0.00047064	0.00035639
553	0.60175	0.39743	0.00049119	0.0003336
554	0.6403	0.35887	0.00052186	0.00030072
555	0.69571	0.30347	0.00056648	0.00025394
556	0.77461	0.22457	0.00063057	0.00018771
557	0.80835	0.19083	0.00065704	0.00015914
558	0.85693	0.14225	0.00069584	0.00011827
559	0.84661	0.15258	0.00068587	0.00012623
560	0.84315	0.15604	0.00068142	0.00012861
561	0.84571	0.15348	0.00068179	0.00012611
562	0.82113	0.17807	0.00066008	0.00014563
563	0.80544	0.19376	0.00064576	0.00015781
564	0.79842	0.20078	0.00063838	0.000163
565	0.71984	0.27936	0.00057394	0.00022528
566	0.67416	0.32504	0.00053586	0.00026115
567	0.64262	0.35659	0.00050937	0.00028546
568	0.62575	0.37346	0.00049454	0.00029806
569	0.61863	0.38058	0.00048742	0.0003029
570	0.61931	0.3799	0.00048642	0.00030158
571	0.62797	0.37125	0.0004916	0.00029402
572	0.64379	0.35542	0.00050242	0.00028086
573	0.6737	0.32552	0.000524	0.0002569
574	0.66686	0.33236	0.00051695	0.00026159
575	0.66772	0.3315	0.00051587	0.00026027
576	0.67416	0.32506	0.00051918	0.00025459
577	0.67143	0.3278	0.00051528	0.00025607
578	0.67363	0.3256	0.00051527	0.00025369
579	0.68105	0.31819	0.00051932	0.00024729
580	0.69813	0.30111	0.00053062	0.00023358
581	0.702	0.29724	0.00053186	0.00022998
582	0.71175	0.28749	0.00053763	0.00022188
583	0.71006	0.28918	0.00053471	0.00022249
584	0.71564	0.28361	0.00053724	0.00021762
585	0.72739	0.27186	0.00054448	0.00020807
586	0.74699	0.25226	0.0005577	0.00019258
587	0.77727	0.22198	0.00057902	0.00016903
588	0.79009	0.20916	0.00058692	0.00015884
589	0.77518	0.22408	0.00057389	0.00016953
590	0.76686	0.2324	0.00056593	0.00017519
591	0.76393	0.23533	0.00056209	0.00017678
592	0.76598	0.23328	0.00056202	0.00017463
593	0.77555	0.22371	0.00056743	0.00016695
594	0.79518	0.20409	0.00058012	0.00015193
595	0.82535	0.17392	0.0006006	0.00012916
596	0.87042	0.12886	0.00063208	9.544e-05
597	0.93473	0.06455	0.00067774	4.7571e-05
598	0.96814	0.031133	0.00070019	2.2865e-05
599	0.98568	0.013598	0.00071074	9.9947e-06
600	0.9833	0.015985	0.00070677	1.1677e-05
601	0.97483	0.024455	0.00069835	1.7754e-05
602	0.95791	0.041381	0.00068379	2.992e-05
603	0.94701	0.052279	0.00067372	3.7637e-05
604	0.92511	0.074183	0.00065572	5.3224e-05
605	0.91308	0.086211	0.0006448	6.1687e-05
606	0.90578	0.093516	0.00063736	6.6698e-05
607	0.90398	0.095322	0.00063377	6.7804e-05
608	0.90581	0.093493	0.00063281	6.632e-05
609	0.91121	0.088092	0.0006344	6.2323e-05
610	0.90975	0.089555	0.00063122	6.3131e-05
611	0.91309	0.086214	0.00063132	6.0605e-05
612	0.90996	0.089346	0.00062697	6.2572e-05
613	0.91169	0.08762	0.00062593	6.1181e-05
614	0.91722	0.082097	0.00062755	5.716e-05
615	0.92733	0.071985	0.00063238	4.9977e-05
616	0.92999	0.069334	0.0006321	4.795e-05
617	0.936	0.063323	0.00063416	4.3613e-05
618	0.9371	0.062226	0.00063275	4.2683e-05
619	0.9412	0.058127	0.00063344	3.9702e-05
620	0.95078	0.048553	0.00063774	3.3046e-05
621	0.95467	0.044658	0.00063809	3.0295e-05
622	0.94379	0.055542	0.00062857	3.7442e-05
623	0.9371	0.06224	0.00062195	4.173e-05
624	0.93518	0.064158	0.00061846	4.2837e-05
625	0.9375	0.06184	0.00061771	4.1146e-05
626	0.94329	0.056055	0.0006193	3.7158e-05
627	0.95338	0.04597	0.00062376	3.0336e-05
628	0.94993	0.049415	0.00061917	3.2472e-05
629	0.94921	0.050142	0.00061641	3.2805e-05
630	0.95236	0.046988	0.00061611	3.0629e-05
631	0.9603	0.039057	0.00061881	2.54e-05
632	0.95548	0.043878	0.0006133	2.8409e-05
633	0.95345	0.045906	0.00060967	2.9588e-05
634	0.95398	0.045386	0.00060772	2.9115e-05
635	0.95841	0.040956	0.00060819	2.6166e-05
636	0.96801	0.031359	0.00061184	1.9979e-05
637	0.97219	0.027176	0.00061196	1.7275e-05
638	0.97961	0.019763	0.00061414	1.2544e-05
639	0.99094	0.0084384	0.0006188	5.3739e-06
640	0.98841	0.010973	0.00061464	6.9617e-06
641	0.98213	0.017252	0.0006082	1.0879e-05
642	0.97843	0.020952	0.00060344	1.3146e-05
643	0.96915	0.030236	0.0005953	1.8837e-05
644	0.96363	0.035759	0.00058958	2.2149e-05
645	0.96192	0.037467	0.00058615	2.3111e-05
646	0.95621	0.043186	0.0005802	2.6533e-05
647	0.95364	0.045761	0.00057626	2.7996e-05
648	0.95472	0.044681	0.00057447	2.7247e-05
649	0.89775	0.10165	0.00053767	6.1554e-05
650	0.86474	0.13466	0.00051544	8.1232e-05
651	0.84293	0.15648	0.00050019	9.396e-05
652	0.79187	0.20753	0.00046776	0.0001239
653	0.76267	0.23674	0.00044841	0.00014073
654	0.74381	0.2556	0.00043539	0.00015124
655	0.69793	0.30148	0.00040676	0.0001774
656	0.67204	0.32738	0.00038988	0.00019176
657	0.65573	0.34369	0.00037877	0.00020037
658	0.64895	0.35047	0.00037318	0.00020343
659	0.64738	0.35205	0.00037067	0.00020343
660	0.65129	0.34814	0.00037136	0.00020025
661	0.6607	0.33873	0.00037523	0.00019392
662	0.68089	0.31854	0.00038514	0.00018151
663	0.7176	0.28184	0.00040421	0.00015988
664	0.77219	0.22725	0.00043333	0.00012824
665	0.86488	0.13456	0.00048342	7.5568e-05
666	0.9132	0.086239	0.00050808	4.829e-05
667	0.91754	0.081904	0.00050813	4.5644e-05
668	0.90111	0.098335	0.00049676	5.4455e-05
669	0.89055	0.10891	0.00048874	5.9947e-05
670	0.88649	0.11296	0.00048426	6.1852e-05
671	0.88781	0.11165	0.00048264	6.0832e-05
672	0.89477	0.10469	0.00048401	5.6779e-05
673	0.90654	0.092921	0.00048799	5.0147e-05
674	0.92827	0.071198	0.00049715	3.8273e-05
675	0.9598	0.039665	0.00051151	2.123e-05
676	0.97484	0.024628	0.00051686	1.3157e-05
677	0.98118	0.018289	0.00051758	9.7368e-06
678	0.99136	0.0081158	0.00052035	4.309e-06
679	0.99206	0.0074221	0.00051812	3.9165e-06
680	0.99115	0.0083275	0.00051498	4.3688e-06
681	0.99209	0.0073963	0.00051275	3.8683e-06
682	0.99126	0.0082237	0.00050963	4.2785e-06
683	0.99179	0.0076979	0.00050726	3.9843e-06
684	0.99374	0.0057557	0.00050563	2.9633e-06
685	0.99733	0.0021636	0.00050488	1.1047e-06
686	0.99922	0.00027278	0.00050318	1.3819e-07
687	0.99942	7.8598e-05	0.00050056	3.9895e-08
688	0.99877	0.00073015	0.00049755	3.6734e-07
689	0.99761	0.0018955	0.00049433	9.4656e-07
690	0.9951	0.0044078	0.00049047	2.1831e-06
691	0.99394	0.0055664	0.00048733	2.7372e-06
692	0.99439	0.0051267	0.00048492	2.5089e-06
693	0.99616	0.0033569	0.00048319	1.6321e-06
694	0.99696	0.0025579	0.00048093	1.2379e-06
695	0.99707	0.0024482	0.00047836	1.1764e-06
696	0.99663	0.00289	0.00047548	1.3815e-06
697	0.99501	0.0045206	0.00047207	2.1452e-06
698	0.99495	0.0045774	0.00046935	2.1612e-06
699	0.99381	0.0057169	0.00046607	2.6891e-06
700	0.99397	0.0055621	0.00046343	2.602e-06
701	0.99584	0.003695	0.00046153	1.7258e-06
702	0.99659	0.0029457	0.00045915	1.3715e-06
703	0.99641	0.0031349	0.00045636	1.451e-06
704	0.99729	0.0022517	0.0004541	1.0366e-06
705	0.99938	0.0001692	0.00045242	7.7336e-08
706	0.9984	0.0011493	0.00044924	5.2162e-07
707	0.99829	0.0012637	0.00044648	5.702e-07
708	0.99903	0.00052855	0.00044414	2.3771e-07
709	0.9127	0.086858	0.00040325	3.848e-05
710	0.86219	0.13737	0.00037846	6.0569e-05
711	0.827	0.17257	0.00036075	7.5602e-05
712	0.75879	0.24077	0.00032873	0.0001049
713	0.71103	0.28854	0.00030604	0.00012489
714	0.68396	0.31561	0.00029241	0.00013577
715	0.62919	0.37038	0.00026696	0.00015843
716	0.59238	0.40719	0.00024956	0.00017306
717	0.56732	0.43226	0.00023738	0.00018248
718	0.55169	0.4479	0.00022934	0.0001878
719	0.54569	0.45389	0.00022532	0.00018904
720	0.54752	0.45207	0.0002245	0.00018704
721	0.53886	0.46073	0.00021933	0.00018935
722	0.53571	0.46388	0.00021648	0.00018936
723	0.53769	0.46191	0.00021576	0.00018725
724	0.54802	0.45157	0.00021831	0.00018183
725	0.56606	0.43354	0.00022392	0.00017337
726	0.5944	0.4052	0.00023355	0.00016091
727	0.63712	0.36249	0.00024876	0.00014289
728	0.71082	0.2888	0.00027573	0.00011307
729	0.81884	0.18078	0.00031578	7.0194e-05
730	0.87523	0.12439	0.00033514	4.7959e-05
731	0.88191	0.11771	0.00033512	4.5054e-05
732	0.89345	0.10617	0.00033694	4.0334e-05
733	0.91123	0.088393	0.00034109	3.3306e-05
734	0.94256	0.057064	0.00035012	2.1348e-05
735	0.98747	0.012162	0.00036408	4.4847e-06
736	0.98843	0.011201	0.00036151	4.0913e-06
737	0.99179	0.0078521	0.00035975	2.841e-06
738	0.99845	0.0011931	0.00035911	4.2834e-07
739	0.99803	0.0016159	0.00035593	5.744e-07
740	0.99715	0.0024994	0.00035253	8.8183e-07
741	0.99749	0.0021627	0.00034952	7.5818e-07
742	0.99491	0.0047406	0.00034543	1.655e-06
743	0.99372	0.0059348	0.00034186	2.0541e-06
744	0.99377	0.0058891	0.00033876	2.0191e-06
745	0.9925	0.0071598	0.00033515	2.4337e-06
746	0.98926	0.01041	0.00033092	3.5014e-06
747	0.98775	0.011917	0.00032731	3.9655e-06
748	0.98354	0.016128	0.00032277	5.3137e-06
749	0.98144	0.018239	0.00031896	5.946e-06
750	0.98186	0.017814	0.00031594	5.7519e-06
751	0.98428	0.015397	0.00031358	4.9196e-06
752	0.98997	0.0097126	0.00031218	3.0762e-06
753	0.99904	0.00064847	0.00031184	2.0233e-07
754	0.99929	0.00039966	0.0003086	1.239e-07
755	0.99947	0.00021996	0.00030537	6.7608e-08
756	0.99966	3.9744e-05	0.00030217	1.2115e-08
757	0.99831	0.0013955	0.00029853	4.1839e-07
758	0.99792	0.0017867	0.00029522	5.2877e-07
759	0.99862	0.0010838	0.00029217	3.1774e-07
760	0.99769	0.0020208	0.0002886	5.879e-07
761	0.99772	0.0019928	0.00028533	5.7369e-07
762	0.99867	0.0010449	0.00028235	2.976e-07
763	0.99782	0.0018963	0.00027889	5.3147e-07
764	0.99811	0.0016126	0.00027569	4.4728e-07
765	0.99937	0.00036179	0.00027278	9.9076e-08
766	0.99942	0.00031496	0.00026948	8.5576e-08
767	0.99868	0.0010538	0.00026601	2.8221e-07
768	0.99713	0.0026035	0.00026234	6.8668e-07
769	0.99693	0.0028123	0.00025899	7.3375e-07
770	0.99776	0.0019834	0.00025592	5.1127e-07
771	0.99807	0.0016778	0.00025267	4.2849e-07
772	0.99783	0.0019187	0.00024931	4.84e-07
773	0.99688	0.0028743	0.0002458	7.1408e-07
774	0.99693	0.0028272	0.00024256	6.92e-07
775	0.99831	0.0014475	0.00023959	3.5113e-07
776	0.99748	0.0022794	0.00023611	5.4442e-07
777	0.99764	0.0021282	0.00023289	5.0082e-07
778	0.99874	0.0010251	0.00022991	2.3719e-07
779	0.99944	0.00033411	0.00022678	7.6321e-08
780	0.99926	0.00051446	0.00022347	1.1524e-07
781	0.99904	0.00074185	0.0002201	1.6399e-07
782	0.99956	0.00022366	0.00021692	4.8571e-08
783	0.99953	0.00026112	0.00021357	5.5966e-08
784	0.99862	0.0011721	0.00021006	2.4649e-07
785	0.99871	0.0010782	0.00020672	2.2369e-07
786	0.99962	0.00017237	0.00020355	3.5283e-08
787	0.99978	1.5314e-05	0.00020025	3.0714e-09
788	0.99944	0.00036285	0.00019681	7.1751e-08
789	0.99975	6.0528e-05	0.00019351	1.1761e-08
790	0.99949	0.00031946	0.00019005	6.1281e-08
791	0.99919	0.00062453	0.00018661	1.1767e-07
792	0.99865	0.001166	0.00018315	2.153e-07
793	0.99751	0.0023056	0.00017961	4.1651e-07
794	0.9974	0.0024251	0.00017627	4.2866e-07
795	0.99823	0.0015929	0.00017312	2.7387e-07
796	0.99859	0.0012367	0.00016984	2.0638e-07
797	0.99853	0.0012997	0.00016651	2.093e-07
798	0.99799	0.0018442	0.00016311	2.8624e-07
799	0.99213	0.0077092	0.00015887	1.1671e-06
800	0.98023	0.019609	0.00015372	2.9042e-06
801	0.95557	0.044278	0.00014675	6.4181e-06
802	0.89939	0.10046	0.00013553	1.4193e-05
803	0.86685	0.133	0.00012791	1.8329e-05
804	0.84536	0.1545	0.00012204	2.0729e-05
805	0.83184	0.16803	0.0001174	2.1921e-05
806	0.82626	0.1736	0.00011383	2.1994e-05
807	0.82697	0.1729	0.00011106	2.1223e-05
808	0.83414	0.16573	0.00010906	1.9634e-05
809	0.84977	0.15011	0.00010802	1.7044e-05
810	0.87413	0.12575	0.00010796	1.3487e-05
811	0.87217	0.12771	0.00010462	1.3167e-05
812	0.87581	0.12407	0.00010185	1.2222e-05
813	0.88367	0.11622	9.9539e-05	1.0842e-05
814	0.88326	0.11663	9.6359e-05	1.0355e-05
815	0.88683	0.11307	9.3593e-05	9.4713e-06
816	0.89488	0.10502	9.126e-05	8.1714e-06
817	0.88177	0.11813	8.7115e-05	8.6963e-06
818	0.87602	0.12388	8.357e-05	8.5751e-06
819	0.87421	0.12571	8.0381e-05	8.1097e-06
820	0.86533	0.13458	8.0768e-05	9.2289e-06
821	0.86127	0.13863	8.1571e-05	9.9314e-06
822	0.86114	0.13877	8.2711e-05	1.0294e-05
823	0.85184	0.14806	8.3034e-05	1.1479e-05
824	0.84922	0.15068	8.3922e-05	1.206e-05
825	0.85057	0.14933	8.5173e-05	1.2275e-05
826	0.8583	0.1416	8.6965e-05	1.1911e-05
827	0.8746	0.1253	8.9494e-05	1.0768e-05
828	0.89892	0.10098	9.2787e-05	8.8603e-06
829	0.9085	0.091393	9.4845e-05	8.1872e-06
830	0.92357	0.076328	9.7446e-05	6.9691e-06
831	0.94592	0.053972	0.00010078	5.0135e-06
832	0.95522	0.044671	0.00010295	4.2223e-06
833	0.95899	0.040901	0.00010457	3.9434e-06
834	0.96588	0.034012	0.00010652	3.3335e-06
835	0.97907	0.020819	0.00010908	2.0683e-06
836	0.98478	0.015113	0.00011088	1.5261e-06
837	0.99556	0.0043282	0.00011318	4.4434e-07
838	0.99458	0.0053087	0.00011423	5.6982e-07
839	0.99516	0.004727	0.00011541	5.207e-07
840	0.99454	0.0053438	0.00011646	6.0484e-07
841	0.99517	0.0047129	0.00011766	5.4332e-07
842	0.99705	0.0028293	0.00011901	3.3182e-07
843	0.99766	0.0022186	0.00012021	2.647e-07
844	0.99533	0.004551	0.00012106	5.5301e-07
845	0.99471	0.0051679	0.00012207	6.3633e-07
846	0.99533	0.0045505	0.00012323	5.6691e-07
847	0.99471	0.0051664	0.00012425	6.498e-07
848	0.99292	0.0069574	0.00012507	8.8418e-07
849	0.99248	0.0073882	0.00012606	9.4755e-07
850	0.99336	0.0065105	0.00012722	8.4247e-07
851	0.99565	0.0042189	0.00012856	5.5082e-07
852	0.99963	0.0002381	0.00013014	3.1241e-08
853	0.9998	7.1842e-05	0.00013117	9.5187e-09
854	0.99733	0.0025376	0.00013186	3.3647e-07
855	0.98021	0.019653	0.00013054	2.6334e-06
856	0.96861	0.03126	0.00012993	4.2141e-06
857	0.96262	0.037248	0.00013002	5.0591e-06
858	0.95951	0.040356	0.00013049	5.5181e-06
859	0.95992	0.039939	0.0001314	5.5007e-06
860	0.96282	0.037042	0.00013266	5.1367e-06
861	0.96854	0.031317	0.00013431	4.3702e-06
862	0.97974	0.020118	0.0001367	2.8311e-06
863	0.99685	0.0030124	0.00013996	4.3191e-07
864	0.99686	0.0029964	0.00014081	4.3268e-07
865	0.99187	0.0079845	0.00014095	1.1521e-06
866	0.98907	0.010786	0.0001414	1.5626e-06
867	0.98805	0.011805	0.00014211	1.7182e-06
868	0.98867	0.011187	0.00014306	1.6357e-06
869	0.9916	0.0082514	0.0001443	1.2147e-06
870	0.99276	0.0070952	0.00014525	1.0524e-06
871	0.99263	0.007222	0.00014597	1.0798e-06
872	0.9907	0.0091523	0.00014642	1.3757e-06
873	0.99025	0.0096002	0.00014709	1.451e-06
874	0.99123	0.0086195	0.00014798	1.3108e-06
875	0.99083	0.0090156	0.00014861	1.3795e-06
876	0.99193	0.0079176	0.00014948	1.2204e-06
877	0.99468	0.0051677	0.00015061	8.0568e-07
878	0.99559	0.0042614	0.00015146	6.7027e-07
879	0.98357	0.016275	0.00015025	2.5564e-06
880	0.97713	0.02272	0.00014986	3.5891e-06
881	0.97359	0.026255	0.00014991	4.1683e-06
882	0.97246	0.027389	0.00015035	4.3714e-06
883	0.9734	0.026443	0.00015112	4.2461e-06
884	0.97069	0.029155	0.00015132	4.6979e-06
885	0.97019	0.029652	0.00015186	4.7987e-06
886	0.95141	0.048433	0.00014949	7.8188e-06
887	0.90856	0.091285	0.00014327	1.4699e-05
888	0.81453	0.18531	0.00012884	2.9787e-05
889	0.60095	0.39889	9.5224e-05	6.4064e-05
890	0.45455	0.54529	7.2207e-05	8.7739e-05
891	0.35427	0.64557	5.6469e-05	0.00010413
892	0.29545	0.70439	4.721e-05	0.00011401
893	0.25549	0.74435	4.0956e-05	0.00012088
894	0.22768	0.77215	3.6636e-05	0.00012582
895	0.17139	0.82845	2.7632e-05	0.0001354
896	0.13161	0.86823	2.1275e-05	0.00014232
897	0.10852	0.89132	1.7571e-05	0.00014656
898	0.095561	0.90427	1.549e-05	0.00014915
899	0.087374	0.91246	1.419e-05	0.00015094
900	0.08247	0.91736	1.3428e-05	0.0001522
901	0.08026	0.91957	1.3109e-05	0.00015299
902	0.081959	0.91787	1.3425e-05	0.00015313
903	0.087967	0.91187	1.4446e-05	0.00015252
904	0.072494	0.92734	1.1907e-05	0.00015547
905	0.062237	0.9376	1.0233e-05	0.00015754
906	0.057086	0.94275	9.3929e-06	0.00015875
907	0.054278	0.94555	8.9438e-06	0.00015956
908	0.054696	0.94513	9.0248e-06	0.00015981
909	0.05733	0.9425	9.4804e-06	0.00015967
910	0.062279	0.93755	1.033e-05	0.00015913
911	0.070489	0.92934	1.1737e-05	0.00015803
912	0.083141	0.91669	1.3909e-05	0.00015616
913	0.075996	0.92383	1.2744e-05	0.00015761
914	0.071803	0.92803	1.2076e-05	0.00015856
915	0.071462	0.92837	1.2048e-05	0.00015884
916	0.074874	0.92496	1.2652e-05	0.00015845
917	0.081059	0.91877	1.3736e-05	0.00015757
918	0.093145	0.90668	1.5823e-05	0.00015566
919	0.095648	0.90418	1.6279e-05	0.00015538
920	0.10143	0.8984	1.7306e-05	0.00015451
921	0.11334	0.88649	1.9379e-05	0.00015257
922	0.13087	0.86896	2.2439e-05	0.00014963
923	0.16156	0.83826	2.776e-05	0.0001444
924	0.21371	0.78612	3.6754e-05	0.00013546
925	0.23927	0.76056	4.1147e-05	0.00013109
926	0.27736	0.72247	4.7721e-05	0.00012454
927	0.34224	0.65758	5.8863e-05	0.00011338
928	0.45177	0.54806	7.7588e-05	9.4603e-05
929	0.61161	0.38822	0.00010502	6.7115e-05
930	0.67806	0.32177	0.00011645	5.5632e-05
931	0.7915	0.20833	0.00013587	3.6122e-05
932	0.84293	0.1569	0.00014466	2.724e-05
933	0.91619	0.083639	0.00015726	1.4557e-05
934	0.92483	0.074996	0.00015868	1.3048e-05
935	0.93901	0.060818	0.00016107	1.0571e-05
936	0.96421	0.035619	0.00016532	6.1971e-06
937	0.96669	0.033134	0.00016559	5.7635e-06
938	0.96531	0.034518	0.0001652	5.9943e-06
939	0.96716	0.032666	0.00016532	5.6703e-06
940	0.96585	0.033982	0.00016485	5.895e-06
941	0.96696	0.032865	0.0001648	5.6975e-06
942	0.97047	0.029356	0.00016518	5.087e-06
943	0.97002	0.029814	0.00016487	5.1558e-06
944	0.96623	0.033602	0.00016395	5.7974e-06
945	0.96583	0.033997	0.00016357	5.86e-06
946	0.96771	0.032118	0.00016358	5.5315e-06
947	0.96574	0.034093	0.00016293	5.8574e-06
948	0.96622	0.033613	0.00016272	5.7616e-06
949	0.96903	0.030802	0.00016291	5.2672e-06
950	0.97595	0.023887	0.00016374	4.0827e-06
951	0.98666	0.013176	0.00016522	2.2544e-06
952	0.99122	0.0086148	0.00016566	1.4731e-06
953	0.99867	0.0011655	0.00016659	2.0159e-07
954	0.99841	0.0014264	0.00016621	2.4499e-07
955	0.99433	0.0055054	0.00016519	9.3152e-07
956	0.99211	0.0077199	0.00016449	1.301e-06
957	0.99145	0.0083885	0.00016406	1.4096e-06
958	0.95978	0.040058	0.00015841	6.6948e-06
959	0.88836	0.11148	0.00014622	1.8533e-05
