#coord	neutral	conserved	gBGC.neutral	gBGC.conserved
1	0.73872	0.20597	0.043215	0.01209
2	0.7463	0.19859	0.043495	0.011608
3	0.75936	0.18573	0.044102	0.010803
4	0.78395	0.16134	0.045365	0.0093399
5	0.82702	0.11848	0.04767	0.0068314
6	0.90016	0.045547	0.051655	0.0026404
7	0.90987	0.036033	0.052009	0.0020856
8	0.92444	0.021665	0.052645	0.0012525
9	0.94558	0.00071277	0.053664	4.1625e-05
10	0.94574	0.00074422	0.053475	4.3127e-05
11	0.94563	0.0010371	0.053276	5.9475e-05
12	0.94625	0.00059611	0.053123	3.4005e-05
13	0.94572	0.0013084	0.052901	7.4283e-05
14	0.946	0.0011989	0.052731	6.7859e-05
15	0.94708	0.00029122	0.05261	1.6549e-05
16	0.94724	0.00030276	0.052441	1.7102e-05
17	0.94739	0.0003167	0.052277	1.7802e-05
18	0.94751	0.00035257	0.052115	1.9728e-05
19	0.94647	0.0015489	0.051894	8.5583e-05
20	0.94652	0.0016541	0.051731	9.1603e-05
21	0.94593	0.0023977	0.051536	0.00013239
22	0.94444	0.0040484	0.051288	0.00022365
23	0.94415	0.0044949	0.051112	0.0002478
24	0.94223	0.0065603	0.050853	0.00035946
25	0.94165	0.0072845	0.050671	0.00039701
26	0.9424	0.0066739	0.050567	0.00036147
27	0.94502	0.0041977	0.050559	0.00022658
28	0.94633	0.0030344	0.050477	0.00016385
29	0.94886	0.00064238	0.050464	3.509e-05
30	0.94827	0.0013676	0.050288	7.4046e-05
31	0.9471	0.0026812	0.050076	0.00014523
32	0.94692	0.0029976	0.049923	0.00016234
33	0.94769	0.0023544	0.049825	0.00012799
34	0.9476	0.0025753	0.049685	0.0001397
35	0.9434	0.0069085	0.04932	0.00037306
36	0.94103	0.0094082	0.049059	0.00050626
37	0.92217	0.028395	0.047911	0.0015249
38	0.90981	0.040878	0.047124	0.0021856
39	0.90185	0.048968	0.04658	0.0026073
40	0.8973	0.053635	0.046223	0.0028449
41	0.89583	0.055221	0.046035	0.0029186
42	0.89699	0.054167	0.045989	0.0028529
43	0.89282	0.058446	0.045673	0.003061
44	0.8824	0.068976	0.045032	0.0035912
45	0.87615	0.075333	0.044614	0.0039025
46	0.87331	0.078278	0.044377	0.0040363
47	0.83966	0.11203	0.042579	0.0057282
48	0.82055	0.13125	0.041512	0.0066868
49	0.77482	0.17708	0.039124	0.00897
50	0.67317	0.27884	0.033987	0.014006
51	0.6132	0.33892	0.030919	0.01697
52	0.5713	0.38091	0.028781	0.019008
53	0.54244	0.40987	0.02731	0.020382
54	0.52704	0.42537	0.026497	0.021095
55	0.49134	0.46117	0.024676	0.022814
56	0.47154	0.48108	0.02364	0.023747
57	0.45968	0.49304	0.023009	0.024278
58	0.43214	0.52067	0.021601	0.025583
59	0.37612	0.5768	0.01878	0.028301
60	0.34358	0.60944	0.01712	0.029855
61	0.32136	0.63177	0.015988	0.030885
62	0.30677	0.64645	0.015244	0.031529
63	0.30082	0.65251	0.014919	0.031751
64	0.3017	0.65173	0.014926	0.031641
65	0.30964	0.64389	0.015273	0.031189
66	0.32391	0.62973	0.015933	0.030427
67	0.35077	0.60297	0.017193	0.029063
68	0.391	0.56285	0.019107	0.027047
69	0.3904	0.56354	0.019032	0.02702
70	0.37982	0.57423	0.018467	0.02748
71	0.37713	0.57703	0.018282	0.027559
72	0.3816	0.57267	0.018436	0.027297
73	0.39132	0.56305	0.018845	0.026783
74	0.41164	0.54284	0.019744	0.025777
75	0.44283	0.51176	0.021161	0.024257
76	0.45314	0.50154	0.021596	0.02372
77	0.47449	0.48029	0.022541	0.022672
78	0.5072	0.44769	0.024026	0.021086
79	0.50335	0.45164	0.02378	0.02123
80	0.50441	0.45068	0.023772	0.021139
81	0.5105	0.44468	0.024007	0.020807
82	0.52237	0.43291	0.024518	0.020202
83	0.54607	0.40931	0.025575	0.019049
84	0.58088	0.37459	0.027159	0.017372
85	0.59737	0.3582	0.027869	0.016567
86	0.62808	0.32758	0.029227	0.015111
87	0.6813	0.27446	0.031601	0.012639
88	0.75708	0.19878	0.035022	0.0091214
89	0.79637	0.15958	0.036736	0.0073088
90	0.86342	0.092639	0.039687	0.0042575
91	0.87231	0.083842	0.04	0.0038479
92	0.87382	0.082425	0.03998	0.0037743
93	0.87018	0.086159	0.03972	0.0039386
94	0.86977	0.086663	0.039613	0.0039525
95	0.87253	0.083997	0.039657	0.0038198
96	0.88062	0.075995	0.039937	0.0034477
97	0.89348	0.063224	0.040439	0.0028569
98	0.91647	0.040329	0.04139	0.0018148
99	0.95588	0.001006	0.043065	4.647e-05
100	0.9428	0.014178	0.04237	0.00065199
101	0.93567	0.021397	0.041945	0.00098472
102	0.93245	0.024713	0.041697	0.0011387
103	0.9315	0.025752	0.041558	0.001187
104	0.93336	0.02399	0.041541	0.0011099
105	0.93761	0.019827	0.041637	0.00092435
106	0.93282	0.024701	0.041326	0.0011492
107	0.9213	0.036311	0.040712	0.0016802
108	0.9139	0.04379	0.040294	0.0020183
109	0.91096	0.046808	0.040075	0.0021554
110	0.90152	0.056325	0.039567	0.0025845
111	0.87845	0.079473	0.038453	0.0036232
112	0.71048	0.24752	0.03088	0.011123
113	0.59548	0.36259	0.025734	0.0162
114	0.51429	0.44384	0.022125	0.019742
115	0.45718	0.50102	0.019601	0.022202
116	0.42436	0.5339	0.018131	0.023606
117	0.40653	0.5518	0.017312	0.024358
118	0.3961	0.56229	0.016826	0.024779
119	0.39372	0.56474	0.016686	0.024853
120	0.39872	0.55981	0.016858	0.024613
121	0.40914	0.54946	0.017265	0.024139
122	0.4073	0.55136	0.017152	0.024189
123	0.41023	0.54849	0.017249	0.02403
124	0.40377	0.55501	0.016937	0.02428
125	0.40227	0.55657	0.016843	0.024313
126	0.40554	0.55337	0.016958	0.024139
127	0.39664	0.56232	0.016559	0.024482
128	0.374	0.58502	0.01557	0.025412
129	0.36254	0.59654	0.015054	0.025869
130	0.33339	0.62574	0.013775	0.027088
131	0.31441	0.64478	0.012943	0.027861
132	0.26695	0.6923	0.010916	0.029831
133	0.23372	0.72559	0.0095059	0.031187
134	0.21491	0.74445	0.008697	0.031941
135	0.20311	0.7563	0.0081898	0.032394
136	0.17139	0.78807	0.0068613	0.033671
137	0.15343	0.80609	0.0061002	0.034379
138	0.14192	0.81765	0.005614	0.034814
139	0.13521	0.82441	0.0053304	0.035049
140	0.13233	0.82733	0.0052072	0.035125
141	0.13288	0.82683	0.0052265	0.035061
142	0.13693	0.82283	0.0053915	0.034853
143	0.14505	0.81474	0.0057272	0.034476
144	0.15767	0.80217	0.006252	0.033912
145	0.18022	0.77965	0.0071821	0.032942
146	0.1874	0.77251	0.0074785	0.032606
147	0.1994	0.76055	0.0079784	0.03207
148	0.22194	0.73805	0.0089095	0.0311
149	0.2545	0.70552	0.010264	0.029709
150	0.26918	0.69088	0.010878	0.029062
151	0.27317	0.68692	0.01104	0.028864
152	0.2819	0.67823	0.011403	0.028467
153	0.30006	0.6601	0.012152	0.027683
154	0.30438	0.65582	0.012331	0.027472
155	0.31679	0.64345	0.01284	0.026929
156	0.33692	0.62334	0.013677	0.02606
157	0.36768	0.59261	0.014967	0.02474
158	0.42123	0.53909	0.017199	0.022478
159	0.49984	0.46051	0.020501	0.019147
160	0.53948	0.4209	0.022131	0.017484
161	0.55488	0.40554	0.02276	0.016824
162	0.53783	0.42262	0.022059	0.017497
163	0.52756	0.43291	0.021641	0.017889
164	0.52538	0.43512	0.021548	0.017954
165	0.53069	0.42984	0.021759	0.017714
166	0.54494	0.41562	0.022333	0.017109
167	0.56798	0.39261	0.023278	0.016135
168	0.5774	0.38322	0.023652	0.015731
169	0.54994	0.41071	0.022509	0.016841
170	0.49391	0.46678	0.020185	0.019131
171	0.38572	0.575	0.015695	0.023586
172	0.3117	0.64905	0.012647	0.026601
173	0.26812	0.69266	0.010839	0.028375
174	0.243	0.71782	0.0097849	0.029393
175	0.22668	0.73418	0.0091028	0.030041
176	0.1919	0.76899	0.0076555	0.031453
177	0.16849	0.79243	0.0066878	0.032388
178	0.1531	0.80786	0.0060548	0.03299
179	0.1435	0.81748	0.005662	0.033353
180	0.13796	0.82306	0.0054358	0.033552
181	0.13754	0.8235	0.0054124	0.033547
182	0.14215	0.81892	0.0055863	0.033343
183	0.15102	0.81007	0.005933	0.032969
184	0.1683	0.79283	0.0066072	0.032266
185	0.1595	0.80165	0.0062469	0.032599
186	0.15512	0.80606	0.0060671	0.032753
187	0.15608	0.80513	0.0060974	0.032697
188	0.16049	0.80074	0.0062676	0.032502
189	0.17152	0.78974	0.0066959	0.032048
190	0.17205	0.78923	0.0067106	0.032009
191	0.16472	0.79659	0.0064087	0.032286
192	0.16124	0.80009	0.0062639	0.032407
193	0.1612	0.80015	0.0062585	0.032391
194	0.16671	0.79467	0.0064691	0.032157
195	0.17932	0.78208	0.0069545	0.031647
196	0.18255	0.77888	0.0070673	0.031509
197	0.18976	0.77169	0.0073394	0.031214
198	0.20181	0.75966	0.0078049	0.030726
199	0.22016	0.74133	0.0085222	0.029989
200	0.25287	0.70864	0.0097943	0.028695
201	0.30114	0.66039	0.011688	0.026783
202	0.32119	0.64036	0.012476	0.025977
203	0.35179	0.60977	0.013691	0.024747
204	0.39583	0.56575	0.015453	0.022972
205	0.4607	0.50088	0.018068	0.020346
206	0.5527	0.40889	0.021801	0.016604
207	0.70777	0.25383	0.028053	0.010342
208	0.93404	0.027569	0.03724	0.001147
209	0.93586	0.025757	0.037311	0.0010721
210	0.92526	0.036359	0.036882	0.0014989
211	0.69355	0.26808	0.027483	0.010895
212	0.5295	0.43212	0.020873	0.017504
213	0.41341	0.54821	0.016226	0.022152
214	0.33133	0.63029	0.012962	0.025419
215	0.28292	0.67869	0.011024	0.027359
216	0.24904	0.71257	0.009677	0.02871
217	0.22561	0.73599	0.0087523	0.02964
218	0.21305	0.74855	0.0082519	0.030144
219	0.20601	0.75558	0.0079749	0.030428
220	0.1844	0.77719	0.0071287	0.031282
221	0.13398	0.8276	0.0051644	0.033256
222	0.10421	0.85736	0.0039969	0.034433
223	0.083271	0.87829	0.0031809	0.035259
224	0.071308	0.89024	0.0027112	0.035738
225	0.063256	0.89828	0.0023972	0.036063
226	0.058146	0.90338	0.0021999	0.036273
227	0.056652	0.90486	0.002141	0.036344
228	0.058294	0.90321	0.0022019	0.036294
229	0.054887	0.90661	0.0020675	0.03644
230	0.053741	0.90774	0.0020229	0.036499
231	0.054479	0.90698	0.0020527	0.036484
232	0.058553	0.9029	0.00221	0.036342
233	0.065551	0.89588	0.002483	0.036085
234	0.076058	0.88536	0.0028957	0.03569
235	0.091901	0.86949	0.0035226	0.035083
236	0.11917	0.84221	0.0045933	0.03403
237	0.1591	0.80226	0.0061731	0.032471
238	0.22648	0.73485	0.0088224	0.029841
239	0.32476	0.63656	0.012716	0.025968
240	0.33665	0.62465	0.013186	0.025518
241	0.35978	0.6015	0.014093	0.02463
242	0.39479	0.56647	0.015478	0.023266
243	0.44502	0.51622	0.017478	0.021288
244	0.46532	0.49589	0.018299	0.020491
245	0.50213	0.45905	0.01977	0.019043
246	0.55678	0.40438	0.02197	0.016869
247	0.58417	0.37696	0.023071	0.015793
248	0.62545	0.33566	0.02474	0.014149
249	0.62323	0.33785	0.024662	0.014257
250	0.60992	0.35114	0.024119	0.014827
251	0.6031	0.35793	0.023851	0.015125
252	0.60134	0.35965	0.023794	0.015213
253	0.60697	0.354	0.024034	0.015004
254	0.61882	0.34211	0.024534	0.014537
255	0.6386	0.32229	0.025366	0.01374
256	0.64419	0.31667	0.025623	0.013522
257	0.65591	0.3049	0.026139	0.013046
258	0.67546	0.28531	0.02699	0.012238
259	0.6805	0.28022	0.027242	0.012032
260	0.6909	0.26977	0.027725	0.011597
261	0.71189	0.24874	0.028648	0.010721
262	0.74402	0.21656	0.030054	0.0093642
263	0.79191	0.16862	0.032151	0.0073193
264	0.87333	0.087145	0.035668	0.003853
265	0.88351	0.076917	0.036157	0.0034172
266	0.88713	0.073246	0.03636	0.0032647
267	0.8943	0.066025	0.036721	0.002958
268	0.88515	0.075115	0.036388	0.0033483
269	0.87993	0.08027	0.036226	0.00357
270	0.87803	0.08211	0.03621	0.0036494
271	0.87948	0.080599	0.036341	0.0035838
272	0.85668	0.10333	0.035434	0.0045545
273	0.84424	0.11571	0.034957	0.0050921
274	0.83676	0.12313	0.034697	0.0054162
275	0.83515	0.12468	0.034682	0.0054935
276	0.83896	0.12081	0.034893	0.0053421
277	0.8473	0.1124	0.035304	0.0049935
278	0.83654	0.12309	0.0349	0.0054638
279	0.83043	0.12913	0.034701	0.0057322
280	0.82996	0.12954	0.034739	0.0057615
281	0.83351	0.12592	0.034956	0.005615
282	0.84159	0.11776	0.035376	0.0052684
283	0.84163	0.11765	0.035452	0.0052687
284	0.83516	0.12404	0.035241	0.0055544
285	0.83262	0.12651	0.035204	0.0056683
286	0.8355	0.12355	0.035398	0.0055494
287	0.84463	0.11435	0.03586	0.0051608
288	0.86263	0.09628	0.036702	0.0043903
289	0.84247	0.11637	0.035871	0.0052954
290	0.82914	0.12962	0.035348	0.0058955
291	0.82145	0.13722	0.03508	0.0062443
292	0.81797	0.14062	0.035001	0.0064063
293	0.82013	0.13838	0.035167	0.0063225
294	0.8267	0.13173	0.035533	0.0060405
295	0.83863	0.11971	0.036147	0.0055148
296	0.84134	0.11691	0.036356	0.0053972
297	0.84795	0.1102	0.036746	0.0051012
298	0.86196	0.096096	0.037466	0.0044733
299	0.88298	0.074987	0.038515	0.0035196
300	0.91455	0.043314	0.040064	0.0020693
301	0.90862	0.049139	0.039915	0.0023282
302	0.9069	0.050752	0.03995	0.0024009
303	0.90795	0.049589	0.040116	0.0023458
304	0.90507	0.052363	0.040098	0.0024728
305	0.90504	0.052278	0.040215	0.0024684
306	0.90891	0.0483	0.040506	0.0022867
307	0.90774	0.049353	0.040571	0.0023354
308	0.90911	0.047867	0.040757	0.002266
309	0.91461	0.042252	0.041131	0.0020063
310	0.91492	0.04182	0.041269	0.001986
311	0.91073	0.045896	0.041204	0.0021719
312	0.91027	0.046235	0.041306	0.0021887
313	0.90465	0.051736	0.041176	0.0024417
314	0.90323	0.053035	0.041233	0.0025046
315	0.90462	0.051515	0.041427	0.0024349
316	0.90905	0.046959	0.04177	0.0022199
317	0.91878	0.037101	0.042361	0.0017548
318	0.9335	0.022255	0.043199	0.0010448
319	0.92823	0.027397	0.04309	0.0012803
320	0.92563	0.029868	0.043109	0.0013922
321	0.92605	0.029326	0.043263	0.0013659
322	0.91124	0.043996	0.042725	0.0020354
323	0.90339	0.051719	0.042496	0.0023936
324	0.88404	0.070934	0.041745	0.0032768
325	0.87361	0.081236	0.041393	0.003759
326	0.86916	0.085557	0.041312	0.0039683
327	0.8694	0.085193	0.041445	0.0039606
328	0.84065	0.11381	0.040229	0.0053052
329	0.8217	0.13264	0.039475	0.0061924
330	0.80932	0.14488	0.039031	0.0067725
331	0.80421	0.14985	0.038919	0.0070182
332	0.80496	0.14897	0.03908	0.0069894
333	0.8117	0.1421	0.039523	0.0066749
334	0.82394	0.12973	0.040244	0.0060871
335	0.84695	0.10659	0.041485	0.0049764
336	0.88696	0.066446	0.043549	0.0030407
337	0.90491	0.048371	0.04456	0.0021613
338	0.90436	0.048794	0.044675	0.0021756
339	0.90751	0.045512	0.044962	0.0020149
340	0.90596	0.046936	0.045034	0.0020729
341	0.90798	0.044786	0.045272	0.0019632
342	0.91276	0.039876	0.045649	0.0017168
343	0.91371	0.038793	0.045841	0.0016535
344	0.91733	0.035041	0.046168	0.001459
345	0.92553	0.026709	0.046717	0.0010403
346	0.9226	0.028788	0.047413	0.0011999
347	0.91451	0.036003	0.047854	0.0016295
348	0.9095	0.040138	0.048461	0.001906
349	0.90703	0.041702	0.049213	0.0020515
350	0.90797	0.039876	0.050132	0.0020222
351	0.91147	0.035468	0.051208	0.0018513
352	0.9105	0.035518	0.052068	0.0019096
353	0.91177	0.033318	0.053072	0.0018396
354	0.91681	0.02735	0.054282	0.0015554
355	0.91117	0.032052	0.054893	0.0018845
356	0.90819	0.034073	0.055679	0.0020555
357	0.90757	0.033717	0.056628	0.0020812
358	0.90273	0.037565	0.057328	0.002372
359	0.88996	0.049329	0.057522	0.0031856
360	0.88149	0.056781	0.057995	0.0037369
361	0.87773	0.059523	0.058754	0.0039921
362	0.87692	0.0593	0.05973	0.0040491
363	0.87907	0.056101	0.060933	0.0038965
364	0.88601	0.048119	0.06247	0.0034023
365	0.89732	0.035754	0.064361	0.0025694
366	0.91821	0.013809	0.066965	0.0010147
367	0.91577	0.015179	0.067915	0.0011332
368	0.91493	0.014934	0.069002	0.0011316
369	0.91643	0.012356	0.070258	0.00095159
370	0.916	0.011723	0.071357	0.00091878
371	0.91722	0.0094198	0.072611	0.00075019
372	0.91677	0.0087908	0.073725	0.00071239
373	0.91783	0.0066407	0.074986	0.00054689
374	0.92142	0.0019603	0.076451	0.00016755
375	0.91888	0.0033979	0.077429	0.00029488
376	0.91742	0.0037267	0.07852	0.00032896
377	0.91701	0.0029986	0.079724	0.00027021
378	0.91559	0.0032529	0.080862	0.00029744
379	0.91305	0.0046039	0.081918	0.0004251
380	0.90148	0.015001	0.082116	0.0014006
381	0.89347	0.021821	0.082645	0.0020642
382	0.879	0.035112	0.082518	0.0033741
383	0.87085	0.042089	0.082951	0.0041133
384	0.86598	0.045761	0.083715	0.0045422
385	0.86477	0.045787	0.084817	0.0046226
386	0.86597	0.04339	0.086185	0.0044566
387	0.86984	0.038298	0.087857	0.0040055
388	0.86906	0.037833	0.089086	0.0040179
389	0.86424	0.041392	0.089915	0.0044521
390	0.85252	0.051825	0.090026	0.0056275
391	0.78221	0.12086	0.083712	0.013216
392	0.73261	0.16917	0.079516	0.018706
393	0.70376	0.19673	0.077443	0.022064
394	0.68398	0.21521	0.076342	0.024469
395	0.67383	0.22406	0.076262	0.025844
396	0.66887	0.22771	0.076784	0.026637
397	0.67017	0.2251	0.078011	0.026717
398	0.67589	0.21806	0.079798	0.026256
399	0.67229	0.22031	0.08051	0.02689
400	0.67281	0.21842	0.081746	0.027021
401	0.67761	0.21223	0.08355	0.026604
402	0.69028	0.19818	0.086354	0.025178
403	0.69371	0.19339	0.087996	0.024903
404	0.70218	0.18353	0.090343	0.023947
405	0.72011	0.16423	0.093948	0.021721
406	0.75256	0.1304	0.099523	0.017515
407	0.79941	0.082166	0.10722	0.011209
408	0.86856	0.011594	0.11825	0.0015947
409	0.87831	0.00044962	0.12118	6.2964e-05
410	0.87526	0.0020648	0.12238	0.00028904
411	0.87316	0.0027136	0.12374	0.00038296
412	0.87025	0.004186	0.12496	0.00059827
413	0.86875	0.0042624	0.12637	0.00061808
414	0.86863	0.0029726	0.12796	0.00043912
415	0.86537	0.0047937	0.12912	0.00071838
416	0.86331	0.0053849	0.13049	0.00081617
417	0.86272	0.0045268	0.13206	0.0006961
418	0.86052	0.0052784	0.13337	0.00082487
419	0.85716	0.0072136	0.13448	0.0011474
420	0.85507	0.0078558	0.13581	0.0012678
421	0.85416	0.0072901	0.13736	0.0011932
422	0.85458	0.0053639	0.13916	0.00089054
423	0.85346	0.0049563	0.14075	0.0008314
424	0.85138	0.0054755	0.14222	0.00092451
425	0.85077	0.0045467	0.14391	0.00077588
426	0.85184	0.0019418	0.14588	0.00033754
427	0.85144	0.00078148	0.14764	0.00013844
428	0.84968	0.00099504	0.14914	0.00017955
429	0.84857	0.00053822	0.15079	0.00010085
430	0.84418	0.0033353	0.15186	0.00062739
431	0.8365	0.0093671	0.15236	0.0017685
432	0.83108	0.013118	0.1533	0.0025017
433	0.82757	0.014934	0.15462	0.0028805
434	0.82622	0.014598	0.15632	0.0028593
435	0.82711	0.012038	0.15844	0.0024106
436	0.82549	0.011965	0.16011	0.0024369
437	0.8149	0.020874	0.15992	0.0043104
438	0.80868	0.025427	0.16056	0.0053327
439	0.80467	0.027737	0.16169	0.0059036
440	0.80343	0.027299	0.16336	0.005916
441	0.80504	0.02402	0.1656	0.0053397
442	0.78342	0.043989	0.16262	0.0099772
443	0.7682	0.057523	0.16105	0.013224
444	0.75807	0.065947	0.16063	0.015353
445	0.73863	0.083688	0.15794	0.019738
446	0.7252	0.0954	0.15662	0.022778
447	0.71812	0.10077	0.15671	0.024399
448	0.7006	0.11655	0.15429	0.028555
449	0.69107	0.12436	0.15369	0.030879
450	0.68575	0.12792	0.15412	0.032204
451	0.68405	0.12784	0.15545	0.032657
452	0.68593	0.12415	0.15769	0.032236
453	0.69147	0.11676	0.16087	0.030893
454	0.70197	0.10439	0.16536	0.028278
455	0.71912	0.085337	0.17163	0.023918
456	0.75002	0.052545	0.18138	0.01606
457	0.65573	0.14496	0.15505	0.044258
458	0.59123	0.20755	0.13732	0.063901
459	0.54579	0.25106	0.12507	0.078087
460	0.45909	0.33584	0.099487	0.10559
461	0.40825	0.38477	0.084441	0.12255
462	0.37857	0.41254	0.075688	0.1332
463	0.30886	0.48187	0.062002	0.14726
464	0.2681	0.52227	0.054009	0.15562
465	0.2396	0.55039	0.048509	0.1615
466	0.22355	0.56607	0.045512	0.16487
467	0.21311	0.57613	0.043705	0.16706
468	0.20904	0.57981	0.04328	0.16786
469	0.21025	0.57823	0.044102	0.16741
470	0.20255	0.58555	0.042798	0.1691
471	0.20063	0.58709	0.042809	0.16947
472	0.19009	0.59725	0.040766	0.17189
473	0.18421	0.60275	0.03979	0.17325
474	0.18182	0.60475	0.039647	0.17378
475	0.14329	0.64289	0.031264	0.18255
476	0.11615	0.66964	0.025399	0.18881
477	0.097123	0.68826	0.021327	0.19329
478	0.086475	0.69851	0.019078	0.19593
479	0.079788	0.7048	0.01773	0.19768
480	0.061958	0.72223	0.013779	0.20204
481	0.049441	0.73434	0.011027	0.2052
482	0.040731	0.74263	0.0091313	0.2075
483	0.034778	0.74817	0.0078596	0.20919
484	0.031058	0.75146	0.0071006	0.21038
485	0.029714	0.75238	0.0068923	0.21101
486	0.029742	0.75193	0.0070293	0.2113
487	0.026318	0.75492	0.0062795	0.21248
488	0.025059	0.75576	0.0060502	0.21314
489	0.024906	0.75548	0.0061052	0.21351
490	0.021425	0.75853	0.0052861	0.21476
491	0.019379	0.76014	0.0048286	0.21566
492	0.018354	0.76072	0.0046331	0.21629
493	0.014112	0.76452	0.003585	0.21778
494	0.011847	0.76635	0.003029	0.21878
495	0.010933	0.76683	0.0028168	0.21943
496	0.010733	0.76658	0.0027963	0.21989
497	0.011618	0.76526	0.0030653	0.22006
498	0.013333	0.76309	0.00357	0.22
499	0.01679	0.75919	0.004558	0.21946
500	0.02297	0.75256	0.0063046	0.21816
501	0.031696	0.74339	0.008792	0.21612
502	0.046658	0.72798	0.013033	0.21233
503	0.052609	0.72157	0.014757	0.21106
504	0.063597	0.71013	0.017905	0.20837
505	0.079337	0.69393	0.02245	0.20428
506	0.10171	0.67109	0.028965	0.19823
507	0.13448	0.63784	0.038591	0.18908
508	0.1808	0.59105	0.052315	0.17584
509	0.25945	0.51192	0.0755	0.15313
510	0.37407	0.39681	0.10962	0.11949
511	0.38792	0.38247	0.11407	0.11554
512	0.40893	0.36096	0.12074	0.10937
513	0.4459	0.32349	0.1322	0.098414
514	0.50049	0.26839	0.14915	0.081968
515	0.58056	0.1878	0.17414	0.057498
516	0.7156	0.052253	0.21591	0.016246
517	0.71956	0.04776	0.21777	0.014905
518	0.72841	0.038391	0.22112	0.012071
519	0.74465	0.021646	0.22673	0.0069805
520	0.72873	0.037039	0.22231	0.011924
521	0.71979	0.045456	0.22006	0.014687
522	0.71436	0.050363	0.21895	0.016325
523	0.7117	0.052477	0.21875	0.017071
524	0.71151	0.052114	0.21935	0.017024
525	0.71363	0.049433	0.22071	0.016232
526	0.70283	0.059672	0.21789	0.019601
527	0.69734	0.064616	0.21675	0.021297
528	0.6946	0.066786	0.21652	0.022094
529	0.66109	0.099723	0.20631	0.032874
530	0.63849	0.12174	0.19966	0.040114
531	0.62595	0.13369	0.19619	0.044164
532	0.59578	0.16327	0.18699	0.053957
533	0.57872	0.17974	0.18197	0.059572
534	0.568	0.18986	0.17903	0.063104
535	0.54503	0.21224	0.17199	0.070739
536	0.53009	0.22658	0.16762	0.075721
537	0.52107	0.23497	0.1652	0.078752
538	0.49789	0.25752	0.15817	0.086417
539	0.48286	0.27192	0.15381	0.091415
540	0.4734	0.28073	0.15128	0.094592
541	0.46841	0.28505	0.15024	0.096299
542	0.46923	0.28357	0.15107	0.096126
543	0.47629	0.27586	0.15394	0.09391
544	0.45993	0.29158	0.14897	0.099522
545	0.44945	0.3014	0.14599	0.10316
546	0.44363	0.30655	0.14458	0.10524
547	0.42485	0.32465	0.13886	0.11164
548	0.41521	0.33362	0.13612	0.11506
549	0.41213	0.33603	0.13554	0.1163
550	0.41289	0.33459	0.13628	0.11624
551	0.41761	0.32917	0.13841	0.1148
552	0.42962	0.31648	0.143	0.1109
553	0.44887	0.29653	0.15015	0.10444
554	0.47719	0.26751	0.16056	0.094748
555	0.51797	0.226	0.17549	0.080538
556	0.57615	0.16709	0.19679	0.059966
557	0.60065	0.14185	0.20635	0.051153
558	0.6361	0.10564	0.22001	0.038254
559	0.62777	0.11319	0.21805	0.04098
560	0.62456	0.11564	0.21785	0.04195
561	0.62581	0.11363	0.2192	0.041358
562	0.60699	0.1317	0.21336	0.047951
563	0.59477	0.14315	0.20988	0.052195
564	0.58897	0.14819	0.20864	0.0542
565	0.53042	0.20597	0.18851	0.075098
566	0.49623	0.23939	0.1769	0.087483
567	0.4725	0.26234	0.16905	0.096109
568	0.45961	0.27446	0.16502	0.10091
569	0.4539	0.2794	0.16355	0.10315
570	0.45393	0.27861	0.16414	0.10333
571	0.4598	0.27198	0.16683	0.1014
572	0.4709	0.26011	0.17149	0.097505
573	0.49227	0.23798	0.17988	0.089879
574	0.48675	0.24272	0.17845	0.09208
575	0.48687	0.24183	0.1791	0.092204
576	0.49104	0.23687	0.18131	0.090783
577	0.48853	0.2386	0.18097	0.091895
578	0.4896	0.23674	0.18203	0.091629
579	0.49445	0.23109	0.18456	0.089905
580	0.5063	0.21844	0.18971	0.085549
581	0.50854	0.21539	0.19129	0.084782
582	0.51502	0.20808	0.19455	0.082349
583	0.5132	0.20906	0.19466	0.083084
584	0.51664	0.20479	0.19677	0.081803
585	0.52451	0.19607	0.20067	0.078752
586	0.538	0.18171	0.20686	0.073421
587	0.55913	0.15971	0.21621	0.064953
588	0.56767	0.1503	0.22055	0.061485
589	0.55626	0.16082	0.21698	0.065937
590	0.5496	0.16658	0.21533	0.068496
591	0.5468	0.16846	0.21524	0.069498
592	0.54755	0.16677	0.21663	0.069046
593	0.55367	0.15972	0.22019	0.066417
594	0.56695	0.14552	0.22667	0.060855
595	0.58769	0.12385	0.23637	0.05209
596	0.61895	0.091636	0.25067	0.038749
597	0.66377	0.045845	0.27097	0.019419
598	0.68657	0.022084	0.28195	0.0094006
599	0.69806	0.0096357	0.28814	0.0041583
600	0.69544	0.011311	0.28836	0.0048896
601	0.68854	0.017282	0.2867	0.0074798
602	0.67566	0.029202	0.28251	0.012625
603	0.66705	0.03684	0.28016	0.015952
604	0.65072	0.052203	0.2744	0.022676
605	0.64139	0.060582	0.27157	0.026459
606	0.63538	0.065622	0.2702	0.028797
607	0.63324	0.066795	0.27048	0.029488
608	0.63364	0.06542	0.27189	0.029057
609	0.6365	0.061552	0.27443	0.027517
610	0.63456	0.062482	0.2749	0.028061
611	0.63597	0.060063	0.27682	0.027144
612	0.63286	0.062152	0.27678	0.028212
613	0.63313	0.06086	0.27822	0.027793
614	0.63602	0.056938	0.28087	0.026172
615	0.64205	0.049848	0.28502	0.02308
616	0.64288	0.047937	0.28687	0.022304
617	0.64601	0.043712	0.28983	0.020441
618	0.64575	0.042887	0.29121	0.02015
619	0.64754	0.039997	0.29358	0.018886
620	0.65309	0.033356	0.29768	0.015877
621	0.6547	0.03063	0.30001	0.014659
622	0.64616	0.038032	0.29766	0.018156
623	0.64048	0.042546	0.29665	0.020323
624	0.6381	0.043783	0.29713	0.020991
625	0.63861	0.04213	0.29895	0.02031
626	0.64146	0.038124	0.30194	0.018478
627	0.64719	0.031212	0.3064	0.015198
628	0.64374	0.033493	0.30641	0.01636
629	0.64212	0.033926	0.30733	0.01663
630	0.64313	0.031737	0.3095	0.015637
631	0.64736	0.026334	0.31323	0.013077
632	0.64297	0.029532	0.31279	0.01471
633	0.64045	0.030842	0.3133	0.015417
634	0.63962	0.030437	0.31468	0.015268
635	0.64141	0.027416	0.31735	0.013821
636	0.64666	0.020955	0.32174	0.010643
637	0.64829	0.018128	0.3243	0.0092836
638	0.65203	0.01316	0.328	0.0068054
639	0.65833	0.0056113	0.3331	0.002955
640	0.65543	0.0072833	0.33344	0.003852
641	0.65002	0.011429	0.3325	0.0060476
642	0.64632	0.013853	0.33247	0.0073539
643	0.63892	0.019952	0.33054	0.010589
644	0.63399	0.023549	0.32993	0.012528
645	0.6316	0.024625	0.3306	0.013172
646	0.62659	0.028327	0.32984	0.015241
647	0.62363	0.029956	0.33021	0.016205
648	0.62308	0.029191	0.33183	0.015906
649	0.58469	0.066275	0.31262	0.036418
650	0.56205	0.087617	0.3018	0.048531
651	0.54676	0.1016	0.29503	0.056609
652	0.51255	0.13447	0.27775	0.075233
653	0.49262	0.15307	0.26814	0.086165
654	0.47943	0.16491	0.26231	0.093354
655	0.44888	0.19409	0.2467	0.11033
656	0.4313	0.21031	0.23816	0.12023
657	0.41992	0.2203	0.23312	0.12666
658	0.41469	0.22416	0.23147	0.12968
659	0.41278	0.22467	0.23175	0.13079
660	0.41436	0.22168	0.23409	0.12988
661	0.41939	0.2152	0.23851	0.1269
662	0.43124	0.20193	0.24688	0.11995
663	0.45348	0.17827	0.26132	0.10694
664	0.48687	0.14344	0.28262	0.087073
665	0.54408	0.084791	0.31808	0.053054
666	0.57319	0.05426	0.33715	0.035401
667	0.57459	0.051411	0.33999	0.034006
668	0.56296	0.061568	0.33455	0.040925
669	0.55502	0.06801	0.33149	0.045476
670	0.55119	0.070361	0.331	0.047454
671	0.55071	0.069366	0.3326	0.047328
672	0.55374	0.064878	0.33636	0.045023
673	0.55969	0.057439	0.34205	0.040821
674	0.57176	0.043901	0.35152	0.032822
675	0.58977	0.024397	0.36489	0.020947
676	0.59758	0.015097	0.37194	0.015383
677	0.60112	0.011206	0.37635	0.011327
678	0.60699	0.0049706	0.38303	0.0050071
679	0.60706	0.0045434	0.38401	0.0043927
680	0.60614	0.0050946	0.38418	0.0045867
681	0.60634	0.0045223	0.38517	0.0039635
682	0.60547	0.005025	0.38533	0.0041774
683	0.6054	0.0047007	0.38609	0.0038064
684	0.6062	0.0035124	0.38749	0.0028025
685	0.60798	0.0013195	0.38966	0.0010383
686	0.60874	0.00016625	0.39097	0.00012812
687	0.60846	4.7863e-05	0.39146	3.4495e-05
688	0.60766	0.00044423	0.39161	0.00029266
689	0.60653	0.0011524	0.39157	0.0007533
690	0.60457	0.002678	0.39101	0.0017414
691	0.60343	0.0033794	0.391	0.0021926
692	0.60327	0.0031102	0.3916	0.0020209
693	0.6039	0.002035	0.39275	0.0013167
694	0.60394	0.0015495	0.39351	0.0010004
695	0.60357	0.001482	0.39399	0.00095794
696	0.60288	0.0017482	0.39424	0.0011354
697	0.60145	0.0027326	0.39404	0.0017767
698	0.60099	0.002765	0.39444	0.0018026
699	0.59987	0.0034508	0.39441	0.0022623
700	0.59953	0.0033549	0.39491	0.0022024
701	0.60022	0.0022271	0.39608	0.0014687
702	0.60025	0.0017742	0.3968	0.0011806
703	0.59969	0.0018868	0.39716	0.0012621
704	0.59977	0.0013542	0.39796	0.00090984
705	0.60056	0.00010168	0.39927	6.9564e-05
706	0.59949	0.00069016	0.39935	0.00046747
707	0.59894	0.00075818	0.39979	0.0005146
708	0.59888	0.00031689	0.40059	0.00021665
709	0.54665	0.05203	0.36625	0.035065
710	0.51595	0.082218	0.34617	0.055654
711	0.49446	0.10319	0.33238	0.069965
712	0.45329	0.14385	0.305	0.097856
713	0.42438	0.17224	0.28603	0.11735
714	0.40786	0.18823	0.27533	0.12857
715	0.37488	0.22071	0.25313	0.15129
716	0.35264	0.24242	0.23839	0.16655
717	0.33741	0.25711	0.2285	0.17698
718	0.32781	0.26617	0.22249	0.18353
719	0.32395	0.26948	0.22033	0.18623
720	0.32474	0.26816	0.22132	0.18578
721	0.31932	0.27304	0.21797	0.18966
722	0.31717	0.27465	0.21692	0.19125
723	0.31804	0.27323	0.21801	0.19072
724	0.32386	0.26686	0.22248	0.1868
725	0.3342	0.25596	0.23017	0.17967
726	0.35059	0.239	0.2422	0.16821
727	0.37541	0.2136	0.26036	0.15064
728	0.41843	0.17	0.29129	0.12028
729	0.48153	0.10631	0.33688	0.075277
730	0.51418	0.073077	0.36083	0.051909
731	0.51759	0.069083	0.3641	0.04922
732	0.52384	0.062249	0.36944	0.044468
733	0.53371	0.051773	0.37747	0.037044
734	0.5515	0.033389	0.39113	0.023976
735	0.57717	0.0071084	0.41066	0.0050587
736	0.57714	0.0065403	0.41167	0.0046541
737	0.5785	0.0045802	0.41366	0.0032601
738	0.5818	0.0006952	0.41701	0.00049565
739	0.58095	0.00094062	0.41744	0.00066973
740	0.57984	0.0014534	0.41767	0.0010386
741	0.57945	0.0012564	0.41839	0.00090176
742	0.57737	0.0027511	0.41788	0.001995
743	0.57609	0.0034406	0.41797	0.0025006
744	0.57551	0.0034105	0.4186	0.0024788
745	0.57418	0.0041421	0.41866	0.0030178
746	0.57171	0.006016	0.41787	0.0044046
747	0.57023	0.0068798	0.41784	0.0050466
748	0.56721	0.009301	0.41664	0.0068493
749	0.56539	0.010507	0.41635	0.0077517
750	0.56504	0.010252	0.41712	0.0075888
751	0.56582	0.0088511	0.41877	0.0065647
752	0.56848	0.0055773	0.42179	0.0041583
753	0.57305	0.00037197	0.4263	0.00027671
754	0.57258	0.000229	0.42702	0.00017147
755	0.57204	0.00012589	0.42774	9.3913e-05
756	0.57152	2.2722e-05	0.42844	1.7183e-05
757	0.57011	0.00079691	0.4285	0.00060172
758	0.56923	0.0010192	0.42898	0.00076875
759	0.56898	0.00061754	0.42993	0.00046847
760	0.56781	0.0011501	0.43016	0.00088034
761	0.56717	0.0011329	0.43083	0.00087083
762	0.56704	0.00059327	0.43191	0.00045818
763	0.56587	0.0010754	0.43223	0.00082643
764	0.56536	0.00091344	0.43302	0.00070606
765	0.56537	0.00020468	0.43426	0.00015967
766	0.56469	0.00017797	0.43499	0.00013867
767	0.56358	0.0005947	0.43536	0.00046588
768	0.56199	0.0014674	0.43539	0.0011492
769	0.56117	0.0015831	0.436	0.0012497
770	0.56091	0.0011151	0.43708	0.00088907
771	0.56035	0.00094201	0.43796	0.00075579
772	0.55946	0.0010758	0.4386	0.00086385
773	0.55815	0.0016093	0.43895	0.0012879
774	0.55739	0.0015808	0.43976	0.0012646
775	0.55739	0.0008082	0.44115	0.00065383
776	0.55613	0.0012708	0.44158	0.0010271
777	0.5554	0.0011848	0.44246	0.00095896
778	0.55518	0.00056985	0.44378	0.00046091
779	0.55475	0.00018545	0.44492	0.00015173
780	0.55381	0.00028512	0.44567	0.00023315
781	0.55283	0.00041051	0.44643	0.0003354
782	0.55224	0.00012357	0.44753	0.00010069
783	0.55136	0.00014404	0.44838	0.00011795
784	0.54997	0.00064551	0.44885	0.0005268
785	0.54915	0.00059286	0.44977	0.00048762
786	0.54876	9.4628e-05	0.45107	7.8498e-05
787	0.54794	8.3933e-06	0.45205	6.9423e-06
788	0.54685	0.00019854	0.45279	0.00016562
789	0.5461	3.3073e-05	0.45384	2.7724e-05
790	0.54506	0.0001743	0.45462	0.00014913
791	0.54398	0.00034025	0.45539	0.00029384
792	0.54275	0.00063428	0.45607	0.00055058
793	0.54117	0.0012521	0.45649	0.0010883
794	0.54014	0.001315	0.4574	0.0011503
795	0.5396	0.00086305	0.45877	0.00076697
796	0.53881	0.00066986	0.45991	0.00061251
797	0.53777	0.00070382	0.46087	0.00066034
798	0.53645	0.00099806	0.4616	0.00095281
799	0.53225	0.0041643	0.45963	0.0039617
800	0.52481	0.010571	0.45449	0.010135
801	0.51054	0.02382	0.44259	0.023049
802	0.47939	0.053929	0.41437	0.052317
803	0.46104	0.071245	0.39817	0.069542
804	0.44865	0.082579	0.38777	0.080994
805	0.44054	0.089617	0.38151	0.088328
806	0.4367	0.092397	0.37922	0.091684
807	0.4362	0.091839	0.38	0.091956
808	0.43913	0.087866	0.38387	0.08914
809	0.44649	0.079464	0.39164	0.082404
810	0.45839	0.066508	0.40358	0.071524
811	0.45643	0.067396	0.40293	0.07325
812	0.45741	0.065347	0.40508	0.072161
813	0.46057	0.061097	0.40936	0.068967
814	0.4594	0.061171	0.40949	0.069942
815	0.46027	0.059172	0.41172	0.068839
816	0.46344	0.054851	0.41625	0.065455
817	0.4556	0.061528	0.40907	0.073799
818	0.45162	0.064351	0.4061	0.077927
819	0.44968	0.065121	0.40537	0.079832
820	0.44411	0.069524	0.40041	0.085957
821	0.44103	0.071412	0.3983	0.089254
822	0.43996	0.071276	0.39841	0.090349
823	0.43419	0.075818	0.39316	0.09683
824	0.43187	0.076923	0.39175	0.099459
825	0.43156	0.075998	0.39258	0.099867
826	0.43449	0.071841	0.3967	0.096971
827	0.44174	0.063369	0.40502	0.08987
828	0.45298	0.050887	0.41733	0.078803
829	0.45761	0.046045	0.42539	0.070954
830	0.46498	0.038445	0.4375	0.059078
831	0.47601	0.027177	0.45512	0.041689
832	0.48045	0.022486	0.46283	0.03423
833	0.48212	0.020581	0.46637	0.030926
834	0.48534	0.017109	0.47209	0.025462
835	0.49173	0.010469	0.48227	0.015526
836	0.49435	0.0075965	0.48693	0.011127
837	0.49952	0.0021749	0.49513	0.0031721
838	0.49878	0.0026654	0.49501	0.0035439
839	0.49883	0.002372	0.49574	0.0030595
840	0.49827	0.0026797	0.49576	0.0032826
841	0.49833	0.002362	0.49648	0.0028287
842	0.499	0.0014171	0.4979	0.0016795
843	0.49903	0.0011105	0.49858	0.0012822
844	0.49758	0.002276	0.49769	0.0024491
845	0.497	0.0025829	0.49766	0.0027519
846	0.49703	0.002273	0.49828	0.0024166
847	0.49643	0.002579	0.49827	0.0027167
848	0.49525	0.0034708	0.49765	0.00363
849	0.49474	0.0036834	0.49773	0.0038448
850	0.49488	0.0032438	0.49849	0.0033863
851	0.4957	0.0021007	0.5	0.0021959
852	0.49736	0.00011848	0.5024	0.00012326
853	0.49712	3.5725e-05	0.50281	3.7042e-05
854	0.49556	0.001261	0.50189	0.0012837
855	0.48674	0.0097592	0.49351	0.0099975
856	0.48064	0.015512	0.48796	0.015879
857	0.47735	0.018472	0.48523	0.018949
858	0.47548	0.019999	0.48398	0.020537
859	0.47537	0.019778	0.4845	0.020359
860	0.47647	0.018331	0.4863	0.018905
861	0.47895	0.015487	0.48957	0.015989
862	0.48414	0.0099417	0.4956	0.010312
863	0.49223	0.0014877	0.50472	0.0015625
864	0.49189	0.0014787	0.50507	0.0015637
865	0.48906	0.0039374	0.50285	0.0041488
866	0.4873	0.0053149	0.50179	0.0055961
867	0.48642	0.0058123	0.50165	0.0061192
868	0.48632	0.0055036	0.50238	0.0057936
869	0.48737	0.0040564	0.50428	0.0042893
870	0.48755	0.0034853	0.50525	0.0037089
871	0.48711	0.0035449	0.50555	0.0037991
872	0.48577	0.0044886	0.50492	0.0048227
873	0.48514	0.0047043	0.50508	0.0050705
874	0.48521	0.0042203	0.506	0.004571
875	0.4846	0.0044105	0.50619	0.0048003
876	0.48472	0.0038701	0.50717	0.0042449
877	0.48562	0.002524	0.50903	0.0028193
878	0.48562	0.0020796	0.50995	0.0023547
879	0.4793	0.0079342	0.50395	0.0088136
880	0.47571	0.011065	0.50089	0.012329
881	0.47353	0.012774	0.49942	0.014272
882	0.47251	0.013312	0.49925	0.014927
883	0.47249	0.012839	0.5002	0.014472
884	0.47068	0.01414	0.49923	0.01595
885	0.46994	0.014366	0.49945	0.016242
886	0.46033	0.023438	0.48999	0.026234
887	0.4391	0.044124	0.46788	0.048888
888	0.3932	0.089467	0.41904	0.098293
889	0.28975	0.19235	0.30799	0.20991
890	0.21889	0.26263	0.23235	0.28613
891	0.17038	0.31054	0.18089	0.33819
892	0.14192	0.33842	0.15052	0.36914
893	0.12257	0.35717	0.13005	0.39021
894	0.10909	0.37004	0.11592	0.40495
895	0.082008	0.39651	0.086913	0.43456
896	0.062887	0.41502	0.066526	0.45557
897	0.051785	0.42551	0.054615	0.46809
898	0.045544	0.43114	0.047883	0.47543
899	0.041589	0.43448	0.043661	0.48027
900	0.039204	0.43624	0.041158	0.4834
901	0.038103	0.4367	0.040061	0.48514
902	0.038859	0.43531	0.040936	0.48489
903	0.041655	0.43188	0.04398	0.48248
904	0.03428	0.43861	0.036152	0.49096
905	0.029388	0.44284	0.031011	0.49676
906	0.026919	0.44465	0.028424	0.50001
907	0.025559	0.44534	0.027051	0.50205
908	0.02572	0.44452	0.027305	0.50246
909	0.026921	0.44264	0.028723	0.50171
910	0.029203	0.43968	0.031367	0.49975
911	0.033005	0.43518	0.035756	0.49606
912	0.038871	0.42861	0.042546	0.48997
913	0.035476	0.4313	0.038983	0.49424
914	0.033467	0.43259	0.036964	0.49698
915	0.033256	0.43208	0.036918	0.49775
916	0.03479	0.42983	0.038826	0.49656
917	0.037605	0.42629	0.042247	0.49386
918	0.043146	0.42002	0.048795	0.48804
919	0.044235	0.4182	0.05027	0.48729
920	0.046832	0.41486	0.053547	0.48476
921	0.052245	0.40871	0.060105	0.47894
922	0.060228	0.39997	0.069803	0.47
923	0.074234	0.38522	0.086617	0.45393
924	0.098034	0.36067	0.11499	0.42631
925	0.10959	0.34838	0.12892	0.41311
926	0.12682	0.33039	0.14982	0.39297
927	0.15623	0.30023	0.18514	0.3584
928	0.2059	0.24981	0.24438	0.2999
929	0.27829	0.17667	0.33155	0.21349
930	0.308	0.14618	0.36844	0.17738
931	0.35893	0.094488	0.43082	0.11577
932	0.38159	0.071044	0.45972	0.087649
933	0.41403	0.037809	0.501	0.047163
934	0.41718	0.033842	0.50658	0.042396
935	0.4228	0.027396	0.51534	0.034463
936	0.43336	0.01602	0.53023	0.020389
937	0.43369	0.014876	0.53239	0.01905
938	0.43226	0.015468	0.5324	0.019867
939	0.4323	0.014612	0.5342	0.018886
940	0.43092	0.015172	0.53419	0.019718
941	0.43062	0.014646	0.53558	0.019155
942	0.43136	0.013057	0.53836	0.017221
943	0.43032	0.013235	0.53892	0.017528
944	0.42778	0.014886	0.5376	0.019728
945	0.42676	0.015031	0.53819	0.020016
946	0.42673	0.014171	0.54011	0.018989
947	0.42501	0.015012	0.53977	0.020206
948	0.42436	0.01477	0.54088	0.019995
949	0.4247	0.013506	0.54336	0.018425
950	0.42685	0.010452	0.54818	0.014521
951	0.43063	0.005754	0.55523	0.0083893
952	0.43169	0.003754	0.55878	0.0057835
953	0.43397	0.00050721	0.56406	0.0014596
954	0.4337	0.00062073	0.56403	0.0016531
955	0.43175	0.0023938	0.56073	0.0051265
956	0.43061	0.0033541	0.55888	0.0071533
957	0.43013	0.0036416	0.55819	0.0080344
958	0.41621	0.017372	0.52951	0.036907
959	0.38564	0.048409	0.48919	0.07676
960	0.36423	0.070264	0.46102	0.10448
961	0.34941	0.085529	0.44151	0.12355
962	0.34133	0.094053	0.43055	0.13407
963	0.33762	0.098213	0.42518	0.13899
964	0.3371	0.099189	0.42394	0.13977
965	0.33872	0.098013	0.42562	0.13765
966	0.34267	0.094492	0.4305	0.13233
967	0.34949	0.088095	0.43936	0.12305
968	0.36198	0.076035	0.45588	0.10611
969	0.37995	0.058474	0.48006	0.081512
970	0.40556	0.033275	0.51493	0.046232
971	0.41895	0.020291	0.53257	0.028185
972	0.43802	0.0016262	0.55813	0.002226
973	0.43826	0.0017888	0.55756	0.0023938
974	0.43915	0.0013122	0.5578	0.001738
975	0.44082	5.8595e-05	0.55904	7.9277e-05
976	0.44043	0.00085455	0.55761	0.0011082
977	0.44049	0.0011839	0.55679	0.0015317
978	0.44097	0.001085	0.55654	0.0014041
979	0.44188	0.00054463	0.55686	0.00071065
980	0.43727	0.0055151	0.55017	0.0070478
981	0.43493	0.0082177	0.54634	0.010507
982	0.42998	0.013538	0.53913	0.017353
983	0.42688	0.017001	0.53436	0.021765
984	0.42521	0.019017	0.53147	0.0243
985	0.42	0.02458	0.52404	0.031381
986	0.41696	0.027969	0.51943	0.035639
987	0.40998	0.0353	0.50979	0.044935
988	0.40572	0.039893	0.5037	0.050682
989	0.40355	0.042399	0.5003	0.053751
990	0.39784	0.048435	0.49244	0.061287
991	0.39463	0.051973	0.48778	0.065624
992	0.39408	0.052851	0.48641	0.066665
993	0.39596	0.0513	0.48803	0.064716
994	0.40073	0.046864	0.49316	0.059251
995	0.40832	0.039594	0.50182	0.050259
996	0.41125	0.036979	0.50478	0.046989
997	0.41116	0.037375	0.50401	0.047447
998	0.41262	0.036213	0.50523	0.045934
999	0.41565	0.033464	0.50846	0.042419
1000	0.41501	0.034394	0.50707	0.043526
1001	0.41575	0.033936	0.50743	0.042883
1002	0.41867	0.031305	0.51045	0.039578
1003	0.41455	0.035716	0.50467	0.045065
1004	0.37839	0.072158	0.45918	0.090273
1005	0.3572	0.093631	0.43219	0.11698
1006	0.34254	0.10856	0.41354	0.13536
1007	0.33265	0.11872	0.40091	0.14772
1008	0.32632	0.12531	0.39277	0.15561
1009	0.32396	0.12793	0.38942	0.15869
1010	0.32487	0.12729	0.39002	0.15782
1011	0.32825	0.12417	0.39369	0.1539
1012	0.32665	0.12601	0.39135	0.15599
1013	0.31856	0.13434	0.38122	0.16588
1014	0.31497	0.13817	0.37648	0.17038
1015	0.31485	0.13854	0.3759	0.17071
1016	0.31695	0.13668	0.37807	0.1683
1017	0.32151	0.13235	0.38328	0.16286
1018	0.32906	0.12502	0.3922	0.15372
1019	0.34291	0.1114	0.40866	0.13703
1020	0.36291	0.091612	0.43273	0.11275
1021	0.37125	0.083482	0.44263	0.10264
1022	0.38614	0.06881	0.46039	0.08466
1023	0.40821	0.046942	0.48709	0.057762
1024	0.41805	0.037305	0.49865	0.045987
1025	0.43277	0.022784	0.51627	0.028175
1026	0.43928	0.016471	0.52388	0.02037
1027	0.44195	0.013975	0.52683	0.017243
1028	0.44707	0.0090464	0.53271	0.011172
1029	0.45455	0.0017389	0.54157	0.0021421
1030	0.45587	0.00060379	0.54278	0.00074864
1031	0.45603	0.00060887	0.54261	0.00074839
1032	0.45659	0.00021483	0.54293	0.0002642
1033	0.45663	0.00032358	0.54265	0.00039146
1034	0.45555	0.0015427	0.54107	0.0018345
1035	0.45508	0.0021516	0.54023	0.0025445
1036	0.45531	0.0020533	0.54021	0.0024237
1037	0.45313	0.0043831	0.5373	0.0051874
1038	0.4519	0.0057428	0.53557	0.0067831
1039	0.45147	0.0062946	0.53482	0.0074108
1040	0.45207	0.0058261	0.53526	0.0068444
1041	0.45382	0.0042069	0.53704	0.0049332
1042	0.45717	0.001002	0.54065	0.0011796
1043	0.45684	0.0014588	0.53999	0.001718
