#coord	neutral	conserved	gBGC.neutral	gBGC.conserved
1	0.6756	0.18837	0.10616	0.029861
2	0.68249	0.18161	0.10716	0.028745
3	0.69437	0.16984	0.10899	0.026805
4	0.7168	0.14752	0.11245	0.023227
5	0.75612	0.10833	0.1185	0.017053
6	0.82293	0.04164	0.12872	0.0067102
7	0.83175	0.032939	0.12997	0.0053416
8	0.84499	0.019803	0.13195	0.0032519
9	0.86424	0.00065146	0.13494	0.00017269
10	0.86491	0.00068085	0.13426	0.00015126
11	0.86533	0.00094931	0.13354	0.00018195
12	0.86639	0.00054601	0.13297	0.00010168
13	0.86636	0.0011988	0.13224	0.00020069
14	0.86705	0.0010991	0.13167	0.0001799
15	0.86846	0.0002671	0.13123	4.3889e-05
16	0.86901	0.00027779	0.13067	4.4385e-05
17	0.86953	0.00029069	0.13014	4.5884e-05
18	0.87001	0.00032374	0.12962	5.0985e-05
19	0.8694	0.0014228	0.12896	0.00021897
20	0.8698	0.00152	0.12844	0.00023723
21	0.8696	0.0022043	0.12785	0.00034452
22	0.86854	0.0037231	0.12716	0.00057435
23	0.86856	0.0041351	0.12667	0.00063381
24	0.86708	0.0060372	0.12597	0.00091138
25	0.86681	0.0067058	0.12548	0.0010019
26	0.86775	0.0061456	0.12519	0.00090783
27	0.87043	0.0038666	0.12514	0.0005677
28	0.8719	0.0027959	0.12489	0.00041085
29	0.87449	0.00059207	0.12483	8.7627e-05
30	0.87422	0.0012609	0.12434	0.00018619
31	0.87341	0.0024727	0.12375	0.00036794
32	0.8735	0.0027653	0.12332	0.00041299
33	0.87447	0.0021726	0.12303	0.00032854
34	0.87462	0.002377	0.12264	0.00035962
35	0.87099	0.0063784	0.12168	0.00095949
36	0.86903	0.0086886	0.12098	0.0013016
37	0.85184	0.02623	0.118	0.0039232
38	0.84064	0.03777	0.11597	0.0056132
39	0.83349	0.045257	0.11457	0.0066865
40	0.82947	0.049582	0.11366	0.0072884
41	0.82829	0.05106	0.11318	0.0074727
42	0.82954	0.050096	0.11306	0.0073029
43	0.82584	0.054065	0.11228	0.0078144
44	0.81636	0.063818	0.11068	0.0091379
45	0.81073	0.069713	0.10965	0.0099076
46	0.80824	0.072451	0.10908	0.010229
47	0.77724	0.10371	0.10462	0.01443
48	0.7597	0.12152	0.10195	0.016826
49	0.71749	0.16399	0.096032	0.022495
50	0.62346	0.25825	0.083376	0.034912
51	0.56801	0.31395	0.075773	0.042269
52	0.52929	0.35291	0.070513	0.047294
53	0.50262	0.37979	0.066921	0.050663
54	0.48843	0.39422	0.064928	0.052427
55	0.4554	0.42746	0.060564	0.056574
56	0.43711	0.44597	0.058074	0.058841
57	0.42617	0.45712	0.056592	0.060113
58	0.4007	0.48281	0.053202	0.063287
59	0.3488	0.53493	0.046335	0.069933
60	0.31867	0.56528	0.042273	0.073769
61	0.2981	0.58607	0.039528	0.076298
62	0.28461	0.59977	0.037747	0.077871
63	0.27912	0.60547	0.036981	0.078426
64	0.27998	0.60483	0.037024	0.078168
65	0.28739	0.59764	0.037898	0.077074
66	0.30067	0.58457	0.039567	0.075194
67	0.32565	0.5598	0.042713	0.071835
68	0.36304	0.52262	0.047527	0.066817
69	0.36253	0.52333	0.047365	0.06677
70	0.35275	0.53333	0.045979	0.067942
71	0.35031	0.53599	0.045524	0.068179
72	0.3545	0.53202	0.045899	0.067582
73	0.36359	0.52315	0.046918	0.066349
74	0.38252	0.50443	0.049134	0.063916
75	0.41155	0.4756	0.052652	0.060191
76	0.42119	0.46616	0.053761	0.058884
77	0.44109	0.44647	0.056121	0.056322
78	0.47154	0.4162	0.059853	0.052398
79	0.46802	0.41993	0.059263	0.05279
80	0.46905	0.41908	0.05928	0.052586
81	0.47477	0.41354	0.059916	0.051773
82	0.48584	0.40264	0.061261	0.05026
83	0.50793	0.38072	0.063964	0.047384
84	0.54036	0.34846	0.06803	0.043155
85	0.55574	0.33324	0.069872	0.041144
86	0.58438	0.30478	0.073325	0.037516
87	0.63396	0.25538	0.079295	0.031367
88	0.70453	0.18498	0.087947	0.022545
89	0.74117	0.14852	0.09229	0.018027
90	0.80364	0.086225	0.099686	0.010449
91	0.81201	0.078044	0.10048	0.0094615
92	0.8135	0.076733	0.10048	0.0092934
93	0.8102	0.080217	0.099863	0.0097237
94	0.80989	0.080694	0.099644	0.0097721
95	0.81253	0.078218	0.099807	0.0094485
96	0.82014	0.070772	0.10055	0.0085344
97	0.83218	0.058884	0.10187	0.0070648
98	0.85367	0.037564	0.10429	0.0044812
99	0.89046	0.00093724	0.10849	0.00011527
100	0.87838	0.013211	0.10672	0.0016951
101	0.87184	0.019941	0.10565	0.0025726
102	0.86895	0.023034	0.10503	0.002989
103	0.86817	0.024006	0.1047	0.0031276
104	0.87	0.022366	0.10468	0.0029483
105	0.87406	0.018487	0.10496	0.0024884
106	0.86969	0.023035	0.10418	0.0030979
107	0.85902	0.033865	0.1026	0.0045187
108	0.85218	0.040843	0.10155	0.005423
109	0.84952	0.043661	0.10101	0.0058048
110	0.84078	0.052543	0.099721	0.0069565
111	0.81931	0.074141	0.096831	0.0097158
112	0.66265	0.23092	0.076952	0.029476
113	0.55539	0.33829	0.063536	0.042784
114	0.47967	0.41411	0.054187	0.052035
115	0.42639	0.46748	0.04769	0.058441
116	0.39579	0.49817	0.043885	0.062152
117	0.37917	0.51489	0.041749	0.064189
118	0.36945	0.5247	0.040487	0.065361
119	0.36724	0.527	0.040096	0.065658
120	0.37192	0.52242	0.040479	0.065177
121	0.38165	0.51279	0.041455	0.064111
122	0.37994	0.51457	0.041139	0.064346
123	0.38269	0.5119	0.041361	0.06405
124	0.37667	0.518	0.040531	0.064802
125	0.37527	0.51947	0.040268	0.064995
126	0.37832	0.51648	0.04054	0.064661
127	0.37002	0.52484	0.039513	0.065634
128	0.34889	0.54602	0.036937	0.068152
129	0.3382	0.55677	0.035572	0.069455
130	0.311	0.58403	0.032302	0.072673
131	0.29328	0.60178	0.030193	0.074738
132	0.24899	0.64612	0.025047	0.079848
133	0.21797	0.67717	0.021485	0.083381
134	0.20042	0.69475	0.019423	0.08541
135	0.1894	0.70579	0.018133	0.086675
136	0.1598	0.73541	0.014777	0.090013
137	0.14303	0.7522	0.01283	0.091939
138	0.13229	0.76295	0.011582	0.093173
139	0.12603	0.76923	0.010839	0.09391
140	0.12334	0.77191	0.010486	0.094263
141	0.12384	0.7714	0.010469	0.094288
142	0.1276	0.76762	0.010785	0.093987
143	0.13517	0.76003	0.011484	0.09331
144	0.14692	0.74826	0.012602	0.09222
145	0.16794	0.72722	0.014586	0.090262
146	0.17462	0.7205	0.015184	0.089696
147	0.18579	0.70929	0.016239	0.088681
148	0.20678	0.68826	0.01822	0.086736
149	0.23711	0.65789	0.021132	0.083866
150	0.25078	0.64418	0.022382	0.082656
151	0.25448	0.64044	0.022603	0.082472
152	0.2626	0.63228	0.023284	0.081834
153	0.27951	0.61533	0.024791	0.080367
154	0.28352	0.61127	0.025036	0.08017
155	0.29506	0.59969	0.026007	0.079243
156	0.31381	0.58089	0.027692	0.077611
157	0.34244	0.55219	0.030351	0.075013
158	0.3923	0.50228	0.034954	0.070468
159	0.4655	0.42902	0.041828	0.063659
160	0.50239	0.39207	0.045203	0.060345
161	0.51669	0.37769	0.046423	0.059196
162	0.50101	0.39387	0.044857	0.060262
163	0.49164	0.40373	0.04396	0.060673
164	0.4898	0.40605	0.043849	0.060293
165	0.49496	0.40139	0.044534	0.059109
166	0.50849	0.38837	0.04624	0.056898
167	0.53024	0.36711	0.049054	0.053594
168	0.53928	0.35857	0.050118	0.052033
169	0.51385	0.38448	0.047414	0.054257
170	0.46168	0.43713	0.042013	0.059171
171	0.3607	0.53861	0.031704	0.068986
172	0.2916	0.60819	0.024764	0.075447
173	0.25094	0.64933	0.020605	0.079121
174	0.22753	0.67324	0.018142	0.081095
175	0.21233	0.68891	0.016537	0.082222
176	0.17983	0.7219	0.013211	0.085068
177	0.15796	0.74423	0.010987	0.086823
178	0.14359	0.75906	0.0095197	0.087834
179	0.13464	0.76845	0.0085826	0.088327
180	0.12949	0.77403	0.0080007	0.088475
181	0.12916	0.7748	0.0078174	0.088221
182	0.13356	0.77085	0.0079927	0.087604
183	0.14197	0.76286	0.0084695	0.086697
184	0.1583	0.74697	0.0094788	0.085253
185	0.15026	0.7573	0.0088517	0.083589
186	0.14635	0.76345	0.0085405	0.081658
187	0.1475	0.76456	0.0085965	0.079345
188	0.15194	0.76233	0.0089201	0.07681
189	0.16271	0.75378	0.0097406	0.073762
190	0.16351	0.75517	0.0096867	0.071634
191	0.15682	0.76406	0.0090721	0.070051
192	0.15378	0.76925	0.0087284	0.068242
193	0.15403	0.77111	0.0086234	0.066237
194	0.15962	0.76764	0.0088715	0.063864
195	0.17212	0.75729	0.0095703	0.061025
196	0.1756	0.75596	0.0095515	0.058889
197	0.18294	0.75073	0.0097853	0.056544
198	0.19503	0.74071	0.010315	0.053946
199	0.21331	0.72445	0.011217	0.051019
200	0.24573	0.69408	0.012906	0.047289
201	0.29356	0.64824	0.015451	0.042751
202	0.31382	0.62992	0.016151	0.040106
203	0.34454	0.6011	0.017421	0.036939
204	0.38865	0.55885	0.019379	0.033126
205	0.45353	0.49578	0.022394	0.028305
206	0.54554	0.40553	0.026721	0.022214
207	0.70061	0.25224	0.033927	0.013223
208	0.92713	0.02745	0.044349	0.00107
209	0.93065	0.025691	0.042752	0.00090322
210	0.92175	0.036301	0.040777	0.0011684
211	0.69109	0.2672	0.030054	0.011656
212	0.52775	0.43077	0.022593	0.01889
213	0.41214	0.5466	0.017401	0.023863
214	0.33039	0.62856	0.013789	0.027262
215	0.28218	0.67698	0.011622	0.029214
216	0.24844	0.71093	0.010121	0.030505
217	0.22512	0.73446	0.0090925	0.03133
218	0.21263	0.74715	0.008513	0.031704
219	0.20565	0.75433	0.0081776	0.031839
220	0.18411	0.77606	0.007264	0.03256
221	0.1338	0.82656	0.005229	0.034407
222	0.10409	0.85646	0.0040127	0.035434
223	0.083191	0.87755	0.0031707	0.036091
224	0.071254	0.88967	0.0026802	0.036395
225	0.063219	0.89789	0.0023535	0.03654
226	0.058124	0.90316	0.0021478	0.036568
227	0.056641	0.90482	0.0020782	0.036459
228	0.058295	0.90335	0.0021248	0.036231
229	0.054899	0.90693	0.0019735	0.036199
230	0.053764	0.90824	0.0019132	0.036081
231	0.054512	0.90767	0.0019267	0.035894
232	0.058601	0.90375	0.0020584	0.035586
233	0.065618	0.89691	0.0022989	0.035176
234	0.076151	0.88654	0.0026694	0.03464
235	0.092032	0.87082	0.0032389	0.03391
236	0.11936	0.84365	0.0042068	0.032779
237	0.15939	0.80378	0.005642	0.031187
238	0.22694	0.73639	0.0080282	0.028641
239	0.32547	0.63801	0.011545	0.02497
240	0.33745	0.62619	0.011904	0.024454
241	0.36071	0.60309	0.012646	0.023552
242	0.39588	0.56807	0.013817	0.022228
243	0.44633	0.51778	0.015538	0.020359
244	0.46677	0.49747	0.016194	0.019559
245	0.50379	0.4606	0.017415	0.018193
246	0.55871	0.40582	0.019283	0.016185
247	0.5863	0.37837	0.02015	0.015175
248	0.62784	0.33697	0.02152	0.013669
249	0.62571	0.33923	0.021329	0.01373
250	0.61245	0.35263	0.020702	0.014222
251	0.60569	0.35951	0.02034	0.014457
252	0.60403	0.3613	0.020179	0.014497
253	0.60977	0.35568	0.020275	0.014275
254	0.62178	0.34379	0.020604	0.013827
255	0.64175	0.32393	0.021225	0.013094
256	0.64748	0.31832	0.021316	0.012882
257	0.65937	0.30655	0.021635	0.012449
258	0.67912	0.2869	0.022241	0.011736
259	0.6843	0.28182	0.022337	0.011539
260	0.69487	0.27135	0.022634	0.011145
261	0.71608	0.25024	0.023291	0.010388
262	0.74851	0.2179	0.024356	0.0092295
263	0.79682	0.16968	0.026	0.0074984
264	0.87888	0.08771	0.028789	0.0046177
265	0.88925	0.077425	0.029055	0.0042677
266	0.89303	0.073739	0.029057	0.0041771
267	0.90037	0.066477	0.029204	0.0039482
268	0.89163	0.07569	0.028507	0.004178
269	0.88682	0.080944	0.027977	0.0042555
270	0.88535	0.082859	0.02759	0.0042039
271	0.88724	0.08139	0.027352	0.0040177
272	0.86465	0.10439	0.026301	0.0046591
273	0.8525	0.11696	0.025578	0.0049639
274	0.84534	0.12452	0.02504	0.0050975
275	0.84412	0.12616	0.024687	0.0050379
276	0.84838	0.12231	0.024509	0.0047954
277	0.85724	0.11387	0.024506	0.004393
278	0.84676	0.12476	0.023847	0.0046384
279	0.84097	0.13094	0.023353	0.0047318
280	0.8409	0.13142	0.023025	0.0046519
281	0.8449	0.12782	0.022839	0.0044438
282	0.85349	0.1196	0.02281	0.0040912
283	0.85392	0.11955	0.022534	0.004
284	0.84774	0.1261	0.022056	0.0041026
285	0.84555	0.12866	0.021707	0.0040887
286	0.84886	0.12571	0.021503	0.0039221
287	0.85855	0.11641	0.021468	0.0035805
288	0.87727	0.098065	0.021668	0.0029962
289	0.85718	0.11855	0.020786	0.0034859
290	0.84401	0.1321	0.020117	0.0037762
291	0.83656	0.13991	0.019617	0.0039086
292	0.83339	0.14344	0.019243	0.0039276
293	0.83598	0.14121	0.019003	0.0038059
294	0.84305	0.13449	0.018885	0.0035735
295	0.8556	0.12228	0.018912	0.0032087
296	0.85874	0.11947	0.018713	0.0030812
297	0.86586	0.11267	0.018619	0.0028589
298	0.88056	0.098289	0.01869	0.0024651
299	0.90242	0.076733	0.018936	0.0019068
300	0.93512	0.044342	0.019443	0.0010984
301	0.92943	0.05032	0.019047	0.0012034
302	0.92806	0.05199	0.018737	0.0012156
303	0.92951	0.050819	0.0185	0.0011653
304	0.92695	0.053681	0.01817	0.0012027
305	0.9273	0.053614	0.017913	0.0011774
306	0.93164	0.049554	0.017729	0.0010728
307	0.93082	0.050653	0.017449	0.0010739
308	0.9326	0.049147	0.01723	0.0010225
309	0.93862	0.043399	0.017086	0.00089095
310	0.93932	0.042972	0.016845	0.00086502
311	0.93537	0.047175	0.016529	0.00092408
312	0.93527	0.04754	0.016278	0.00091325
313	0.92985	0.053213	0.015943	0.0009953
314	0.92875	0.054569	0.015678	0.0010011
315	0.93055	0.053024	0.015475	0.000955
316	0.93546	0.048353	0.015335	0.00085445
317	0.94584	0.038218	0.01528	0.00066449
318	0.96136	0.022934	0.015317	0.00038948
319	0.95629	0.028241	0.014999	0.00046519
320	0.95397	0.030798	0.014736	0.00049455
321	0.95476	0.03025	0.014515	0.0004759
322	0.93985	0.045393	0.014072	0.00068881
323	0.9321	0.053378	0.013733	0.00079291
324	0.91247	0.073233	0.013238	0.0010595
325	0.90204	0.083898	0.012874	0.0011908
326	0.89778	0.088392	0.012595	0.0012329
327	0.89837	0.088048	0.012377	0.0012075
328	0.86898	0.11767	0.011766	0.0015844
329	0.8497	0.13718	0.011314	0.0018101
330	0.8372	0.14989	0.010968	0.0019375
331	0.83223	0.15509	0.010716	0.0019664
332	0.83331	0.15424	0.010535	0.0019184
333	0.8406	0.14718	0.010425	0.0017959
334	0.85359	0.13441	0.01039	0.0016059
335	0.87776	0.11048	0.010475	0.0012919
336	0.91957	0.068896	0.010742	0.00079049
337	0.93854	0.050173	0.010718	0.00056909
338	0.93832	0.05063	0.010491	0.00056346
339	0.94194	0.047241	0.0103	0.00051656
340	0.94068	0.048735	0.010063	0.00052259
341	0.94313	0.046519	0.0098606	0.0004898
342	0.94844	0.041433	0.0096942	0.0004281
343	0.94979	0.040321	0.0094803	0.00040902
344	0.9539	0.036432	0.0093018	0.00036264
345	0.96279	0.027777	0.0091609	0.00027387
346	0.96083	0.029974	0.0089093	0.00029076
347	0.9535	0.03753	0.0086156	0.00035708
348	0.94936	0.041889	0.0083628	0.00038973
349	0.94789	0.043573	0.0081431	0.00039614
350	0.94996	0.041714	0.0079493	0.00037199
351	0.95474	0.037146	0.0077845	0.00032562
352	0.95485	0.037244	0.0075866	0.00031903
353	0.95731	0.034978	0.0074144	0.00029311
354	0.96375	0.028747	0.007267	0.00023798
355	0.95896	0.033731	0.0070377	0.00027116
356	0.95698	0.035902	0.0068386	0.00028084
357	0.95749	0.035571	0.0066654	0.00027119
358	0.95356	0.039681	0.0064672	0.0002928
359	0.94124	0.052172	0.0062198	0.00036923
360	0.93345	0.06013	0.0060124	0.00041095
361	0.93063	0.063113	0.005835	0.00041889
362	0.93095	0.062957	0.0056843	0.00040584
363	0.93443	0.059637	0.005559	0.00037307
364	0.94301	0.051218	0.005459	0.00031134
365	0.95628	0.038106	0.0053896	0.00022402
366	0.97981	0.014736	0.0053698	8.3481e-05
367	0.97849	0.01622	0.0052006	8.8641e-05
368	0.97889	0.015979	0.0050461	8.4157e-05
369	0.98179	0.013237	0.0049002	6.7339e-05
370	0.98262	0.012576	0.0047393	6.1864e-05
371	0.98524	0.010119	0.0045925	4.7951e-05
372	0.98607	0.0094553	0.0044327	4.3234e-05
373	0.98853	0.0071522	0.0042857	3.1392e-05
374	0.99373	0.0021138	0.0041455	8.994e-06
375	0.99233	0.0036689	0.0039826	1.4843e-05
376	0.99212	0.0040294	0.0038302	1.5502e-05
377	0.99305	0.0032465	0.0036873	1.1719e-05
378	0.99292	0.0035267	0.0035369	1.1995e-05
379	0.9916	0.0049983	0.0033874	1.5949e-05
380	0.98044	0.01631	0.003205	4.9369e-05
381	0.97313	0.02376	0.0030419	6.7897e-05
382	0.95875	0.038287	0.0028582	0.00010367
383	0.95123	0.045963	0.0026931	0.00011758
384	0.94729	0.050046	0.0025443	0.00012006
385	0.94734	0.050149	0.0024027	0.00011201
386	0.95004	0.047594	0.0022716	9.7761e-05
387	0.9557	0.042071	0.0021505	7.7632e-05
388	0.95628	0.041625	0.0020218	6.918e-05
389	0.95243	0.04561	0.00189	6.814e-05
390	0.94097	0.057196	0.0017533	7.6223e-05
391	0.86459	0.13357	0.0016104	0.00022364
392	0.81093	0.18723	0.0015126	0.00032684
393	0.7801	0.21805	0.0014558	0.00038772
394	0.75927	0.23888	0.0014192	0.00042914
395	0.74908	0.24907	0.0014011	0.00045072
396	0.74465	0.2535	0.001395	0.00046122
397	0.74718	0.25096	0.0014005	0.00045889
398	0.75466	0.24347	0.001416	0.00044718
399	0.75178	0.24636	0.0014136	0.00045435
400	0.75351	0.24462	0.0014208	0.00045266
401	0.76007	0.23805	0.0014381	0.00044163
402	0.77548	0.22264	0.0014707	0.00041404
403	0.78053	0.21758	0.0014825	0.00040585
404	0.79129	0.20682	0.0015063	0.00038657
405	0.81275	0.18535	0.0015487	0.00034734
406	0.8507	0.1474	0.0016201	0.00027788
407	0.90507	0.093026	0.0017241	0.0001765
408	0.98495	0.013147	0.0018796	2.4746e-05
409	0.99758	0.00051067	0.0019056	9.7626e-07
410	0.99574	0.002349	0.0019054	4.4967e-06
411	0.99499	0.0030921	0.0019083	5.8882e-06
412	0.99331	0.0047776	0.0019078	9.1225e-06
413	0.99321	0.0048728	0.0019089	9.3573e-06
414	0.99468	0.0034037	0.0019115	6.6444e-06
415	0.99258	0.005498	0.0019083	1.0792e-05
416	0.99189	0.0061864	0.0019089	1.2146e-05
417	0.99287	0.0052092	0.0019113	1.0324e-05
418	0.99199	0.0060842	0.0019115	1.2051e-05
419	0.98975	0.0083288	0.0019074	1.655e-05
420	0.98899	0.0090857	0.0019072	1.807e-05
421	0.98963	0.008446	0.0019107	1.6801e-05
422	0.99184	0.0062252	0.0019185	1.2344e-05
423	0.9923	0.0057624	0.001924	1.1309e-05
424	0.99168	0.0063774	0.0019258	1.2431e-05
425	0.99276	0.0053051	0.0019294	1.0322e-05
426	0.99579	0.0022695	0.0019353	4.458e-06
427	0.99714	0.00091468	0.0019389	1.8033e-06
428	0.99689	0.0011665	0.0019379	2.3229e-06
429	0.99743	0.0006315	0.0019393	1.2799e-06
430	0.99414	0.0039206	0.0019315	8.0118e-06
431	0.98703	0.011032	0.001917	2.2383e-05
432	0.98258	0.01548	0.001909	3.1289e-05
433	0.9804	0.017657	0.0019067	3.559e-05
434	0.98077	0.017291	0.0019078	3.4961e-05
435	0.98378	0.014279	0.0019126	2.9221e-05
436	0.98384	0.014217	0.0019125	2.9238e-05
437	0.9732	0.024855	0.0018921	5.0689e-05
438	0.96772	0.030337	0.0018803	6.1984e-05
439	0.9649	0.033161	0.001875	6.7798e-05
440	0.96536	0.032698	0.0018746	6.7174e-05
441	0.96924	0.028817	0.0018794	5.9947e-05
442	0.94518	0.052889	0.0018242	0.00011126
443	0.92876	0.069311	0.0017867	0.00014587
444	0.91843	0.079637	0.0017632	0.00016743
445	0.89679	0.10129	0.0017143	0.00021297
446	0.88236	0.11572	0.0016818	0.00024303
447	0.87557	0.12251	0.0016633	0.0002576
448	0.85607	0.14201	0.0016199	0.00029809
449	0.84622	0.15187	0.0015948	0.00031897
450	0.8415	0.15659	0.0015814	0.00032908
451	0.84125	0.15684	0.0015781	0.00033007
452	0.84542	0.15267	0.0015847	0.00032213
453	0.85417	0.14392	0.0016013	0.00030498
454	0.86913	0.12897	0.0016315	0.00027522
455	0.89244	0.10565	0.00168	0.0002282
456	0.93295	0.065142	0.0017607	0.00014748
457	0.81786	0.18022	0.0015513	0.00036796
458	0.73929	0.25878	0.0014124	0.00051885
459	0.68411	0.31395	0.0013184	0.0006257
460	0.57685	0.42119	0.0011207	0.00083495
461	0.51406	0.48397	0.001004	0.00096184
462	0.47759	0.52044	0.00093617	0.0010388
463	0.38985	0.60817	0.00076795	0.0012168
464	0.33856	0.65944	0.00066843	0.0013249
465	0.30273	0.69527	0.00060038	0.0014021
466	0.28258	0.71541	0.00056199	0.0014486
467	0.26952	0.72846	0.00053838	0.0014808
468	0.26451	0.73346	0.00053002	0.0014967
469	0.26617	0.7318	0.0005344	0.0014989
470	0.25655	0.74141	0.00051649	0.0015239
471	0.25424	0.74371	0.00051266	0.0015338
472	0.24101	0.75694	0.00048544	0.0015661
473	0.23367	0.76427	0.00047107	0.0015861
474	0.23075	0.76718	0.0004663	0.001597
475	0.18195	0.81598	0.00036502	0.0017034
476	0.14756	0.85037	0.00029459	0.0017794
477	0.12345	0.87447	0.00024593	0.0018341
478	0.10997	0.88794	0.00021824	0.0018668
479	0.10152	0.89639	0.00020131	0.0018893
480	0.078877	0.91903	0.00015574	0.001941
481	0.062976	0.93492	0.00012416	0.001979
482	0.051909	0.94598	0.00010252	0.0020075
483	0.044346	0.95354	8.8045e-05	0.0020292
484	0.039625	0.95825	7.9395e-05	0.0020456
485	0.037929	0.95994	7.6566e-05	0.0020553
486	0.037986	0.95987	7.7527e-05	0.0020616
487	0.033631	0.96422	6.907e-05	0.0020764
488	0.032039	0.96581	6.608e-05	0.0020849
489	0.031861	0.96598	6.6202e-05	0.0020906
490	0.027423	0.97042	5.7099e-05	0.0021046
491	0.024817	0.97302	5.1992e-05	0.0021152
492	0.023518	0.97431	4.9749e-05	0.0021232
493	0.018094	0.97973	3.8542e-05	0.0021393
494	0.015198	0.98262	3.2476e-05	0.0021493
495	0.014033	0.98378	2.9978e-05	0.0021549
496	0.013784	0.98403	2.9569e-05	0.0021588
497	0.014928	0.98288	3.206e-05	0.002159
498	0.017141	0.98066	3.7012e-05	0.0021571
499	0.021597	0.97621	4.6703e-05	0.0021496
500	0.029561	0.96824	6.3742e-05	0.0021339
501	0.040813	0.95699	8.8217e-05	0.0021111
502	0.060111	0.93769	0.00012958	0.0020705
503	0.067816	0.92998	0.00014537	0.0020538
504	0.082026	0.91578	0.00017427	0.0020231
505	0.10239	0.89542	0.00021648	0.0019795
506	0.13134	0.86646	0.00027748	0.0019176
507	0.17376	0.82405	0.00036832	0.0018263
508	0.23374	0.76406	0.00049859	0.0016961
509	0.33563	0.66218	0.00071663	0.0014771
510	0.4842	0.5136	0.0010394	0.0011541
511	0.50245	0.49536	0.0010799	0.0011141
512	0.53	0.4678	0.0011424	0.0010529
513	0.57829	0.41952	0.0012489	0.00094636
514	0.64952	0.34829	0.001409	0.00078719
515	0.75394	0.24386	0.0016476	0.00055046
516	0.92992	0.067883	0.0020428	0.0001558
517	0.93571	0.062087	0.0020574	0.00014261
518	0.94786	0.049939	0.0020846	0.00011538
519	0.96963	0.028169	0.0021313	6.7208e-05
520	0.94957	0.048234	0.002084	0.00011419
521	0.93857	0.059238	0.002056	0.00014042
522	0.93213	0.065679	0.00204	0.00015572
523	0.92932	0.068485	0.0020337	0.00016247
524	0.92974	0.068059	0.0020362	0.00016168
525	0.93319	0.064605	0.0020467	0.00015383
526	0.91975	0.078045	0.0020167	0.00018494
527	0.91322	0.084575	0.0020008	0.00020048
528	0.91032	0.087481	0.0019945	0.0002075
529	0.86707	0.13073	0.0018922	0.00030895
530	0.83808	0.15971	0.0018252	0.00037622
531	0.82227	0.17553	0.0017867	0.00041359
532	0.78326	0.21454	0.001696	0.00050413
533	0.76142	0.23638	0.0016429	0.00055561
534	0.74792	0.24989	0.0016107	0.00058729
535	0.71824	0.27957	0.001539	0.000657
536	0.69911	0.2987	0.0014935	0.00070155
537	0.68778	0.31003	0.0014672	0.00072788
538	0.65773	0.34007	0.0014001	0.00079601
539	0.63842	0.35939	0.0013584	0.00083961
540	0.62645	0.37135	0.0013341	0.0008666
541	0.62039	0.3774	0.0013239	0.00088033
542	0.62202	0.37577	0.0013293	0.00087712
543	0.63192	0.36587	0.0013518	0.00085557
544	0.61073	0.38706	0.0013029	0.0009041
545	0.59734	0.40045	0.0012728	0.00093464
546	0.59013	0.40766	0.0012575	0.00095109
547	0.56567	0.43212	0.0012051	0.0010055
548	0.55332	0.44446	0.0011779	0.0010334
549	0.54971	0.44808	0.0011688	0.001042
550	0.55122	0.44657	0.001172	0.0010389
551	0.55803	0.43975	0.0011879	0.0010239
552	0.57459	0.42319	0.0012241	0.00098744
553	0.6009	0.39688	0.0012834	0.00092874
554	0.63941	0.35838	0.0013717	0.00084179
555	0.69473	0.30305	0.0015004	0.00071521
556	0.77352	0.22426	0.0016862	0.00053239
557	0.80721	0.19057	0.0017691	0.00045331
558	0.85572	0.14205	0.0018895	0.00033771
559	0.8454	0.15237	0.0018731	0.00036003
560	0.84194	0.15582	0.0018702	0.00036733
561	0.84449	0.15327	0.0018795	0.00036111
562	0.81994	0.17782	0.0018254	0.00041673
563	0.80427	0.19348	0.001793	0.00045181
564	0.79726	0.2005	0.0017784	0.00046771
565	0.71879	0.27897	0.0016049	0.00064339
566	0.67317	0.32458	0.0015023	0.00074686
567	0.64168	0.35607	0.0014332	0.00081764
568	0.62483	0.37292	0.0013952	0.00085594
569	0.61772	0.38003	0.0013779	0.00087232
570	0.6184	0.37935	0.0013769	0.0008711
571	0.62704	0.37071	0.0013924	0.00085217
572	0.64285	0.35491	0.0014249	0.00081705
573	0.67272	0.32505	0.0014865	0.00075159
574	0.66588	0.33189	0.0014677	0.00076736
575	0.66674	0.33103	0.0014649	0.00076574
576	0.67318	0.32459	0.0014759	0.00075142
577	0.67045	0.32733	0.0014647	0.00075783
578	0.67265	0.32513	0.0014658	0.00075289
579	0.68005	0.31773	0.0014795	0.00073614
580	0.69711	0.30068	0.0015128	0.00069843
581	0.70098	0.29681	0.0015144	0.00069006
582	0.71072	0.28708	0.0015302	0.00066861
583	0.70904	0.28877	0.0015216	0.00067229
584	0.71461	0.2832	0.0015277	0.00066002
585	0.72634	0.27147	0.0015484	0.00063409
586	0.74592	0.2519	0.0015875	0.00059075
587	0.77616	0.22167	0.0016515	0.00052352
588	0.78896	0.20886	0.0016788	0.00049433
589	0.77407	0.22376	0.0016453	0.00052694
590	0.76576	0.23207	0.0016277	0.00054462
591	0.76283	0.23499	0.0016232	0.00055015
592	0.76487	0.23295	0.0016311	0.00054439
593	0.77443	0.22339	0.0016544	0.00052185
594	0.79403	0.2038	0.0016986	0.00047691
595	0.82416	0.17367	0.0017687	0.00040728
596	0.86915	0.12867	0.0018752	0.00030216
597	0.93336	0.064457	0.0020294	0.00015039
598	0.96673	0.031088	0.0021082	7.2435e-05
599	0.98424	0.013579	0.002148	3.2055e-05
600	0.98186	0.015962	0.0021406	3.7434e-05
601	0.9734	0.02442	0.0021208	5.6294e-05
602	0.9565	0.041321	0.0020802	9.4484e-05
603	0.94562	0.052203	0.0020548	0.0001187
604	0.92375	0.074075	0.0020028	0.00016798
605	0.91175	0.086086	0.0019713	0.00019534
606	0.90446	0.09338	0.0019517	0.0002117
607	0.90266	0.095184	0.0019428	0.00021599
608	0.90449	0.093357	0.0019431	0.00021205
609	0.90988	0.087964	0.0019525	0.0002001
610	0.90842	0.089425	0.0019479	0.0002031
611	0.91176	0.086089	0.0019522	0.00019573
612	0.90864	0.089217	0.0019435	0.00020241
613	0.91036	0.087493	0.0019439	0.0001986
614	0.91588	0.081978	0.0019539	0.00018628
615	0.92598	0.07188	0.0019754	0.0001636
616	0.92863	0.069233	0.0019817	0.00015728
617	0.93463	0.063231	0.0019966	0.0001433
618	0.93572	0.062136	0.0019989	0.00014046
619	0.93982	0.058042	0.0020089	0.00013083
620	0.94938	0.048482	0.0020294	0.00010926
621	0.95327	0.044593	0.0020356	0.00010053
622	0.9424	0.055461	0.0020107	0.00012382
623	0.93572	0.062149	0.0019962	0.00013782
624	0.9338	0.064064	0.0019903	0.00014169
625	0.93612	0.06175	0.0019919	0.00013655
626	0.9419	0.055973	0.0020024	0.00012371
627	0.95197	0.045903	0.0020236	0.00010124
628	0.94854	0.049343	0.0020137	0.00010842
629	0.94781	0.050069	0.0020108	0.0001096
630	0.95096	0.04692	0.0020146	0.00010256
631	0.95889	0.039	0.0020269	8.5524e-05
632	0.95408	0.043814	0.0020132	9.5672e-05
633	0.95205	0.045839	0.0020066	9.9676e-05
634	0.95258	0.04532	0.0020066	9.8099e-05
635	0.957	0.040896	0.0020133	8.8304e-05
636	0.96659	0.031313	0.0020293	6.7745e-05
637	0.97077	0.027137	0.0020321	5.8911e-05
638	0.97818	0.019734	0.002043	4.3116e-05
639	0.98949	0.0084262	0.0020633	1.8833e-05
640	0.98697	0.010957	0.0020523	2.4442e-05
641	0.9807	0.017227	0.0020344	3.8075e-05
642	0.97701	0.020922	0.0020232	4.5988e-05
643	0.96774	0.030193	0.0020015	6.5585e-05
644	0.96223	0.035707	0.0019891	7.701e-05
645	0.96052	0.037413	0.001983	8.0561e-05
646	0.95482	0.043124	0.0019669	9.2753e-05
647	0.95225	0.045695	0.0019587	9.8098e-05
648	0.95333	0.044617	0.0019565	9.5913e-05
649	0.89645	0.10151	0.0018335	0.00021575
650	0.86349	0.13447	0.0017589	0.00028569
651	0.84171	0.15625	0.00171	0.00033102
652	0.79073	0.20723	0.0016022	0.0004361
653	0.76157	0.2364	0.0015378	0.00049643
654	0.74274	0.25523	0.0014966	0.00053451
655	0.69693	0.30105	0.0014019	0.00062687
656	0.67107	0.3269	0.0013462	0.00067896
657	0.65479	0.34319	0.0013116	0.00071083
658	0.64802	0.34996	0.001295	0.00072344
659	0.64645	0.35154	0.00129	0.00072521
660	0.65035	0.34764	0.0012972	0.00071562
661	0.65974	0.33824	0.0013166	0.00069454
662	0.67991	0.31808	0.0013567	0.00065157
663	0.71656	0.28143	0.0014284	0.0005756
664	0.77108	0.22692	0.0015385	0.00046225
665	0.86364	0.13437	0.0017227	0.00027344
666	0.91189	0.086116	0.0018138	0.00017632
667	0.91623	0.081787	0.001818	0.0001671
668	0.89982	0.098195	0.0017819	0.0001991
669	0.88927	0.10875	0.0017588	0.00021908
670	0.88523	0.1128	0.0017469	0.00022635
671	0.88654	0.11149	0.0017442	0.0002231
672	0.8935	0.10454	0.0017509	0.00020891
673	0.90526	0.09279	0.0017682	0.00018511
674	0.92696	0.071098	0.0018029	0.00014246
675	0.95845	0.03961	0.0018579	8.0435e-05
676	0.97347	0.024593	0.0018824	5.0332e-05
677	0.97981	0.018263	0.0018909	3.745e-05
678	0.98997	0.0081045	0.0019082	1.6703e-05
679	0.99067	0.0074118	0.0019048	1.5265e-05
680	0.98977	0.0083159	0.0018993	1.6963e-05
681	0.9907	0.007386	0.0018959	1.5123e-05
682	0.98988	0.0082123	0.00189	1.6724e-05
683	0.99041	0.0076872	0.0018877	1.5625e-05
684	0.99235	0.0057477	0.0018892	1.1702e-05
685	0.99594	0.0021606	0.0018949	4.4598e-06
686	0.99783	0.0002724	0.0018989	5.8278e-07
687	0.99802	7.8489e-05	0.0019032	1.6445e-07
688	0.99736	0.00072912	0.0019067	1.4434e-06
689	0.99619	0.0018928	0.0019104	3.7181e-06
690	0.99368	0.0044015	0.0019125	8.5787e-06
691	0.99251	0.0055584	0.0019181	1.0797e-05
692	0.99295	0.0051193	0.0019253	9.9814e-06
693	0.99471	0.003352	0.0019363	6.5009e-06
694	0.9955	0.0025542	0.0019438	4.9504e-06
695	0.9956	0.0024445	0.0019485	4.7663e-06
696	0.99516	0.0028857	0.0019506	5.6944e-06
697	0.99353	0.0045139	0.0019514	8.9348e-06
698	0.99347	0.0045706	0.0019537	9.1275e-06
699	0.99233	0.0057084	0.0019552	1.1413e-05
700	0.99247	0.0055537	0.0019604	1.1082e-05
701	0.99434	0.0036894	0.0019675	7.4055e-06
702	0.99508	0.0029413	0.0019709	5.9862e-06
703	0.99489	0.0031301	0.0019735	6.4053e-06
704	0.99577	0.0022483	0.0019794	4.6324e-06
705	0.99784	0.00016894	0.0019889	3.7493e-07
706	0.99686	0.0011476	0.0019931	2.5036e-06
707	0.99674	0.0012617	0.0020001	2.8284e-06
708	0.99746	0.00052773	0.0020101	1.3777e-06
709	0.91128	0.086723	0.0018243	0.00017533
710	0.86085	0.13716	0.0017097	0.00027663
711	0.82572	0.1723	0.0016291	0.00034492
712	0.75763	0.24041	0.0014812	0.00047904
713	0.70995	0.28811	0.0013777	0.00056961
714	0.68293	0.31514	0.001314	0.00061908
715	0.62825	0.36983	0.0011945	0.00072297
716	0.59151	0.40659	0.0011138	0.00078906
717	0.56648	0.43163	0.0010579	0.000831
718	0.55088	0.44725	0.0010217	0.00085412
719	0.5449	0.45324	0.0010025	0.00085892
720	0.54673	0.45142	0.00099688	0.00084903
721	0.5381	0.46007	0.00097066	0.00085848
722	0.53496	0.46323	0.0009557	0.00085735
723	0.53694	0.46126	0.00095091	0.00084672
724	0.54727	0.45095	0.00095973	0.00082127
725	0.56529	0.43295	0.00098284	0.00078232
726	0.59359	0.40466	0.0010248	0.00072534
727	0.63626	0.36201	0.0010929	0.00064303
728	0.70987	0.28841	0.0012117	0.00050866
729	0.81776	0.18054	0.0013911	0.00031469
730	0.87408	0.12423	0.0014749	0.00021493
731	0.88077	0.11756	0.0014708	0.00020163
732	0.89231	0.10604	0.0014757	0.0001802
733	0.91008	0.088282	0.0014918	0.00014838
734	0.94138	0.056993	0.001528	9.5172e-05
735	0.98625	0.012147	0.001587	1.9966e-05
736	0.98721	0.011187	0.0015799	1.8156e-05
737	0.99057	0.0078426	0.0015751	1.2584e-05
738	0.99723	0.0011916	0.0015741	1.9191e-06
739	0.99682	0.001614	0.0015627	2.557e-06
740	0.99595	0.0024964	0.0015492	3.9341e-06
741	0.9963	0.0021602	0.0015361	3.4257e-06
742	0.99374	0.004735	0.001517	7.567e-06
743	0.99256	0.0059279	0.001501	9.4314e-06
744	0.99262	0.0058823	0.0014878	9.3264e-06
745	0.99136	0.0071516	0.0014739	1.1182e-05
746	0.98813	0.010398	0.0014556	1.6087e-05
747	0.98664	0.011903	0.0014408	1.8237e-05
748	0.98244	0.01611	0.0014235	2.4237e-05
749	0.98034	0.018219	0.0014102	2.7017e-05
750	0.98078	0.017794	0.0013991	2.6155e-05
751	0.98321	0.01538	0.0013919	2.2369e-05
752	0.9889	0.0097021	0.0013878	1.4063e-05
753	0.99796	0.00064777	0.0013894	9.4824e-07
754	0.99822	0.00039924	0.001379	5.777e-07
755	0.99841	0.00021973	0.0013694	3.1339e-07
756	0.9986	3.9702e-05	0.0013606	5.6199e-08
757	0.99725	0.001394	0.0013504	1.9057e-06
758	0.99687	0.0017848	0.0013424	2.4074e-06
759	0.99758	0.0010827	0.0013345	1.4593e-06
760	0.99666	0.0020187	0.0013231	2.7353e-06
761	0.99669	0.0019908	0.0013138	2.6868e-06
762	0.99765	0.0010438	0.0013064	1.4045e-06
763	0.99681	0.0018944	0.0012974	2.494e-06
764	0.9971	0.001611	0.0012884	2.1185e-06
765	0.99836	0.00036142	0.0012816	4.7674e-07
766	0.99841	0.00031465	0.001274	4.0721e-07
767	0.99768	0.0010527	0.001264	1.3571e-06
768	0.99614	0.0026009	0.0012537	3.3049e-06
769	0.99594	0.0028095	0.0012438	3.5684e-06
770	0.99678	0.0019815	0.001236	2.5091e-06
771	0.9971	0.0016762	0.0012261	2.1385e-06
772	0.99686	0.0019168	0.0012164	2.44e-06
773	0.99592	0.0028715	0.0012066	3.6108e-06
774	0.99597	0.0028245	0.0011987	3.5224e-06
775	0.99736	0.0014461	0.0011911	1.8524e-06
776	0.99654	0.0022772	0.0011814	2.9004e-06
777	0.9967	0.0021262	0.0011738	2.7283e-06
778	0.99781	0.0010242	0.0011679	1.4019e-06
779	0.99851	0.0003338	0.0011602	6.3343e-07
780	0.99839	0.00051402	0.0010907	6.9531e-07
781	0.99824	0.00074126	0.001019	8.4503e-07
782	0.99883	0.0002235	0.00095028	2.2895e-07
783	0.99886	0.00026095	0.00087894	2.3798e-07
784	0.99802	0.0011714	0.00080898	9.505e-07
785	0.99818	0.0010776	0.00073793	8.0224e-07
786	0.99916	0.00017229	0.00066923	1.1347e-07
787	0.99939	1.5308e-05	0.00059773	6.1633e-09
788	0.99904	0.0003627	0.0006001	2.1937e-07
789	0.99934	6.0504e-05	0.0006032	3.7087e-08
790	0.99908	0.00031933	0.00060486	2.0167e-07
791	0.99877	0.00062426	0.00060682	3.9839e-07
792	0.99822	0.0011655	0.00060896	7.4621e-07
793	0.99708	0.0023046	0.00061108	1.4714e-06
794	0.99696	0.002424	0.00061418	1.5543e-06
795	0.99779	0.0015922	0.00061814	1.0305e-06
796	0.99814	0.0012361	0.00062069	8.1931e-07
797	0.99808	0.0012991	0.00062333	8.748e-07
798	0.99753	0.0018433	0.00062591	1.2486e-06
799	0.99166	0.0077056	0.00062524	5.1485e-06
800	0.97977	0.019599	0.00062093	1.3018e-05
801	0.95511	0.044257	0.00060898	2.9129e-05
802	0.89894	0.10041	0.00057705	6.5571e-05
803	0.86641	0.13294	0.00055872	8.7325e-05
804	0.84493	0.15442	0.00054799	0.00010181
805	0.83141	0.16794	0.00054278	0.00011107
806	0.82583	0.17351	0.00054165	0.00011521
807	0.82653	0.17281	0.00054362	0.00011519
808	0.8337	0.16564	0.00054883	0.00011085
809	0.84931	0.15003	0.00055849	0.00010102
810	0.87366	0.12568	0.00057436	8.5294e-05
811	0.8717	0.12764	0.00057186	8.6858e-05
812	0.87534	0.12401	0.00057201	8.4694e-05
813	0.88319	0.11616	0.00057524	7.9691e-05
814	0.88278	0.11657	0.00057334	8.0067e-05
815	0.88634	0.11301	0.00057448	7.7724e-05
816	0.89438	0.10496	0.000579	7.2328e-05
817	0.88128	0.11807	0.00056974	8.0946e-05
818	0.87554	0.12382	0.0005643	8.4676e-05
819	0.87372	0.12564	0.00056181	8.5698e-05
820	0.86484	0.13451	0.00055356	9.1397e-05
821	0.8608	0.13856	0.00054895	9.3772e-05
822	0.86067	0.13869	0.00054723	9.3486e-05
823	0.85138	0.14798	0.00053989	9.9048e-05
824	0.84876	0.1506	0.00053584	0.00010026
825	0.85011	0.14925	0.00053466	9.881e-05
826	0.85784	0.14153	0.00053653	9.3259e-05
827	0.87414	0.12524	0.00054268	8.2362e-05
828	0.89845	0.10093	0.00055413	6.6392e-05
829	0.90804	0.091347	0.00055651	5.9815e-05
830	0.9231	0.07629	0.00056262	4.9734e-05
831	0.94545	0.053946	0.00057364	3.4982e-05
832	0.95475	0.044649	0.00057645	2.8671e-05
833	0.95852	0.040881	0.00057454	2.5997e-05
834	0.96541	0.033996	0.00057484	2.1364e-05
835	0.9786	0.02081	0.0005778	1.2971e-05
836	0.98431	0.015106	0.0005764	9.2709e-06
837	0.99509	0.0043262	0.00057685	2.6257e-06
838	0.99412	0.0053063	0.00056903	3.1574e-06
839	0.99471	0.0047249	0.000561	2.7929e-06
840	0.9941	0.0053414	0.00055263	3.1091e-06
841	0.99474	0.0047109	0.00054531	2.7049e-06
842	0.99663	0.0028281	0.00053893	1.6047e-06
843	0.99725	0.0022177	0.00053205	1.2303e-06
844	0.99493	0.0045491	0.00052247	2.4521e-06
845	0.99432	0.0051659	0.00051273	2.7499e-06
846	0.99494	0.0045488	0.00050395	2.3892e-06
847	0.99434	0.0051645	0.00049478	2.6545e-06
848	0.99256	0.0069549	0.00048393	3.5083e-06
849	0.99214	0.0073856	0.00047402	3.6508e-06
850	0.99302	0.0065083	0.00046495	3.1496e-06
851	0.99532	0.0042176	0.00045674	1.9894e-06
852	0.99931	0.00023802	0.00044948	7.3026e-08
853	0.99944	7.1818e-05	0.00049185	3.19e-08
854	0.99693	0.0025366	0.00053025	1.452e-06
855	0.97978	0.019645	0.00056125	1.1936e-05
856	0.96814	0.031245	0.00059533	2.028e-05
857	0.96211	0.037229	0.00063072	2.5848e-05
858	0.95897	0.040333	0.00066867	2.981e-05
859	0.95935	0.039915	0.00070753	3.1387e-05
860	0.9622	0.037018	0.00074939	3.0932e-05
861	0.96788	0.031296	0.00079492	2.7821e-05
862	0.97903	0.020104	0.00084412	1.9522e-05
863	0.99608	0.0030101	0.00090104	4.7162e-06
864	0.9961	0.0029941	0.0008988	4.2673e-06
865	0.99112	0.0079785	0.00089198	8.8459e-06
866	0.98832	0.010778	0.0008878	1.1315e-05
867	0.98731	0.011796	0.00088588	1.2077e-05
868	0.98792	0.011179	0.00088607	1.1264e-05
869	0.99086	0.0082453	0.00088724	8.2764e-06
870	0.99202	0.00709	0.0008854	7.0921e-06
871	0.99189	0.0072168	0.0008811	7.1793e-06
872	0.98997	0.0091457	0.00087566	8.9414e-06
873	0.98953	0.0095933	0.00087206	9.307e-06
874	0.99051	0.0086133	0.00087021	8.3425e-06
875	0.99012	0.0090092	0.00086585	8.6979e-06
876	0.99122	0.007912	0.0008634	7.6722e-06
877	0.99397	0.0051641	0.00086299	5.128e-06
878	0.99488	0.0042584	0.00086141	4.2908e-06
879	0.98287	0.016263	0.00084822	1.5545e-05
880	0.97644	0.022704	0.00083896	2.1679e-05
881	0.97291	0.026237	0.000833	2.5031e-05
882	0.97177	0.02737	0.00082978	2.6142e-05
883	0.97272	0.026425	0.00082888	2.5348e-05
884	0.97001	0.029134	0.00082519	2.7836e-05
885	0.96952	0.029632	0.00082394	2.8293e-05
886	0.95075	0.0484	0.00080682	4.5119e-05
887	0.90793	0.091222	0.00076908	8.3052e-05
888	0.81397	0.18518	0.00068752	0.00016527
889	0.60053	0.39862	0.00050378	0.00035001
890	0.45423	0.54492	0.00037964	0.00047547
891	0.35402	0.64512	0.00029588	0.00056082
892	0.29524	0.7039	0.0002458	0.00061155
893	0.25531	0.74383	0.00021238	0.0006458
894	0.22752	0.77162	0.00018956	0.00066956
895	0.17127	0.82787	0.00014199	0.00071719
896	0.13151	0.86763	0.00010884	0.00075046
897	0.10844	0.8907	8.9211e-05	0.00076936
898	0.095494	0.90365	7.7879e-05	0.00077912
899	0.087313	0.91183	7.0812e-05	0.00078472
900	0.082412	0.91673	6.6637e-05	0.00078746
901	0.080204	0.91894	6.4815e-05	0.00078787
902	0.081902	0.91725	6.6047e-05	0.0007844
903	0.087907	0.91125	7.0612e-05	0.00077678
904	0.072444	0.92671	5.7544e-05	0.00078681
905	0.062194	0.93696	4.9017e-05	0.00079239
906	0.057048	0.94211	4.4514e-05	0.00079313
907	0.054241	0.94492	4.2027e-05	0.00079186
908	0.05466	0.94451	4.1999e-05	0.00078732
909	0.057292	0.94188	4.3806e-05	0.00078102
910	0.062238	0.93694	4.7496e-05	0.00077285
911	0.070443	0.92874	5.3844e-05	0.00076208
912	0.083088	0.9161	6.3828e-05	0.00074776
913	0.075947	0.92325	5.8174e-05	0.00074909
914	0.071757	0.92744	5.4941e-05	0.00074801
915	0.071416	0.92779	5.4541e-05	0.00074328
916	0.074827	0.92438	5.6898e-05	0.00073498
917	0.081008	0.91821	6.1488e-05	0.00072445
918	0.093088	0.90613	7.0363e-05	0.00070881
919	0.09559	0.90364	7.187e-05	0.00070063
920	0.10137	0.89787	7.6001e-05	0.00068989
921	0.11327	0.88597	8.4507e-05	0.00067395
922	0.13079	0.86846	9.7344e-05	0.0006537
923	0.16147	0.83779	0.00011948	0.00062332
924	0.21358	0.78568	0.00015636	0.00057734
925	0.23914	0.76014	0.00017248	0.00055125
926	0.27721	0.72208	0.00019746	0.00051643
927	0.34206	0.65724	0.00023968	0.00046349
928	0.45154	0.54777	0.00030973	0.00038179
929	0.61129	0.38803	0.0004125	0.00026761
930	0.67772	0.32161	0.00045054	0.00021845
931	0.79112	0.20823	0.00051638	0.00014045
932	0.84253	0.15683	0.00054052	0.00010451
933	0.91577	0.083601	0.00057829	5.524e-05
934	0.92442	0.074962	0.00057366	4.866e-05
935	0.9386	0.060792	0.00057285	3.8666e-05
936	0.9638	0.035604	0.0005773	2.2278e-05
937	0.96629	0.033121	0.0005662	2.0319e-05
938	0.96492	0.034505	0.00055322	2.0656e-05
939	0.96679	0.032654	0.00054097	1.9128e-05
940	0.96548	0.03397	0.00052575	1.9439e-05
941	0.96662	0.032853	0.00051233	1.8355e-05
942	0.97014	0.029346	0.00050048	1.6005e-05
943	0.96969	0.029805	0.00048679	1.5779e-05
944	0.96592	0.033592	0.00047031	1.7224e-05
945	0.96554	0.033987	0.00045447	1.6924e-05
946	0.96744	0.032109	0.00044002	1.5521e-05
947	0.96548	0.034084	0.00042415	1.5896e-05
948	0.96597	0.033605	0.00040977	1.5112e-05
949	0.9688	0.030794	0.00039663	1.3334e-05
950	0.97572	0.023882	0.00038396	9.9932e-06
951	0.98645	0.013173	0.00037283	5.3459e-06
952	0.99102	0.0086132	0.00035926	3.367e-06
953	0.99849	0.0011653	0.00034691	4.5079e-07
954	0.99824	0.0014262	0.00033185	5.1697e-07
955	0.99418	0.0055046	0.00031581	1.8246e-06
956	0.99198	0.0077189	0.00030071	2.4213e-06
957	0.99132	0.0083875	0.00028636	2.4907e-06
958	0.95967	0.040053	0.00026238	1.1143e-05
959	0.88827	0.11147	0.00022943	2.8973e-05
960	0.83814	0.16161	0.00020408	3.9284e-05
961	0.80326	0.19652	0.00018387	4.4513e-05
962	0.78392	0.21587	0.00016708	4.5367e-05
963	0.77463	0.22517	0.00015201	4.3526e-05
964	0.77266	0.22716	0.00013774	3.9929e-05
965	0.77561	0.22423	0.0001245	3.5409e-05
966	0.78392	0.21594	0.00011207	3.0166e-05
967	0.79876	0.20112	0.00010033	2.4325e-05
968	0.82649	0.1734	8.8595e-05	1.7518e-05
969	0.8667	0.13322	7.705e-05	1.0544e-05
970	0.9242	0.075731	6.533e-05	3.7603e-06
971	0.9538	0.046132	7.0278e-05	2.489e-06
972	0.99623	0.0036936	7.5993e-05	1.4353e-07
973	0.99583	0.00406	0.00011425	3.4818e-07
974	0.99687	0.0029756	0.00015138	3.7504e-07
975	0.99968	0.00013274	0.00018759	2.2639e-08
976	0.99784	0.0019359	0.00022173	4.5334e-07
977	0.99706	0.0026797	0.00025662	7.3188e-07
978	0.99725	0.0024535	0.00029239	7.7288e-07
979	0.99844	0.0012304	0.00032918	4.6037e-07
980	0.98719	0.01245	0.00035612	4.7806e-06
981	0.98107	0.018535	0.00038315	7.7478e-06
982	0.96907	0.030509	0.00040583	1.3815e-05
983	0.96127	0.038281	0.00043036	1.8567e-05
984	0.95674	0.042785	0.00045665	2.2124e-05
