#coord	neutral	conserved	gBGC.neutral	gBGC.conserved
1	0.77747	0.21678	0.0044937	0.0012549
2	0.78529	0.20897	0.004539	0.0012097
3	0.79886	0.19539	0.0046179	0.0011309
4	0.82455	0.1697	0.0047668	0.00098212
5	0.86966	0.12459	0.0050276	0.00072133
6	0.94637	0.047885	0.0054704	0.00027851
7	0.95638	0.037874	0.0055287	0.00022041
8	0.97148	0.022768	0.0056167	0.00013258
9	0.9935	0.00074889	0.0057451	4.3646e-06
10	0.99347	0.00078178	0.0057452	4.5536e-06
11	0.99316	0.0010892	0.0057436	6.3361e-06
12	0.99362	0.00062595	0.0057466	3.6468e-06
13	0.99288	0.0013736	0.0057426	7.9841e-06
14	0.99299	0.0012585	0.0057437	7.3136e-06
15	0.99394	0.00030563	0.0057496	1.7796e-06
16	0.99393	0.00031768	0.00575	1.8484e-06
17	0.99392	0.00033225	0.0057505	1.933e-06
18	0.99388	0.00036982	0.0057508	2.1528e-06
19	0.99262	0.0016245	0.0057442	9.4369e-06
20	0.99251	0.0017344	0.0057441	1.0098e-05
21	0.99173	0.0025138	0.0057402	1.4646e-05
22	0.99	0.0042437	0.0057308	2.4712e-05
23	0.98953	0.0047109	0.0057289	2.7431e-05
24	0.98737	0.0068745	0.0057171	3.9984e-05
25	0.98661	0.0076323	0.0057135	4.4362e-05
26	0.98725	0.0069915	0.0057182	4.0605e-05
27	0.98984	0.0043967	0.0057341	2.5531e-05
28	0.99106	0.0031778	0.005742	1.8467e-05
29	0.99357	0.00067264	0.0057574	3.9144e-06
30	0.99281	0.0014318	0.0057538	8.3361e-06
31	0.99143	0.0028067	0.0057466	1.6367e-05
32	0.9911	0.0031375	0.0057456	1.8315e-05
33	0.99177	0.0024639	0.0057504	1.4414e-05
34	0.99154	0.0026946	0.00575	1.5774e-05
35	0.98701	0.0072278	0.0057244	4.2305e-05
36	0.98439	0.0098418	0.00571	5.7608e-05
37	0.96453	0.0297	0.0055947	0.00017391
38	0.95148	0.04275	0.0055193	0.00025026
39	0.94303	0.051204	0.0054709	0.0002997
40	0.93815	0.056077	0.0054435	0.00032819
41	0.9365	0.057729	0.005435	0.00033785
42	0.93761	0.056619	0.0054427	0.00033136
43	0.93314	0.061085	0.0054179	0.0003573
44	0.92214	0.072082	0.0053551	0.00042135
45	0.91551	0.078716	0.0053178	0.00045993
46	0.91244	0.081784	0.0053013	0.0004777
47	0.87718	0.11704	0.0050975	0.00068274
48	0.85712	0.1371	0.0049818	0.00079969
49	0.80926	0.18495	0.0047046	0.0010782
50	0.70302	0.2912	0.0040888	0.0016953
51	0.64031	0.3539	0.003725	0.0020604
52	0.5965	0.39771	0.0034714	0.0023153
53	0.56631	0.4279	0.0032973	0.0024909
54	0.55017	0.44404	0.0032044	0.0025851
55	0.51285	0.48136	0.0029887	0.0028022
56	0.49213	0.50208	0.002869	0.0029232
57	0.4797	0.51451	0.0027978	0.0029959
58	0.45092	0.54329	0.0026312	0.0031639
59	0.39241	0.60179	0.0022912	0.0035053
60	0.35843	0.63577	0.0020935	0.0037044
61	0.33521	0.65899	0.0019588	0.0038405
62	0.31996	0.67424	0.0018707	0.00393
63	0.31372	0.68048	0.0018349	0.0039673
64	0.3146	0.6796	0.0018405	0.003963
65	0.32285	0.67135	0.0018891	0.0039159
66	0.33768	0.65651	0.0019763	0.0038301
67	0.36565	0.62854	0.0021402	0.0036677
68	0.40754	0.58665	0.0023859	0.0034234
69	0.40687	0.58732	0.0023826	0.0034281
70	0.39579	0.59839	0.0023183	0.0034939
71	0.39295	0.60124	0.0023019	0.0035116
72	0.39755	0.59663	0.002329	0.0034859
73	0.40764	0.58654	0.0023883	0.0034281
74	0.42876	0.56542	0.0025119	0.0033059
75	0.46119	0.53299	0.0027018	0.0031174
76	0.47188	0.5223	0.0027651	0.0030557
77	0.49406	0.50012	0.0028953	0.0029269
78	0.52806	0.46612	0.0030952	0.0027286
79	0.52399	0.47018	0.0030719	0.0027533
80	0.52504	0.46913	0.0030789	0.0027479
81	0.53133	0.46284	0.0031167	0.0027116
82	0.54363	0.45054	0.0031901	0.0026399
83	0.56823	0.42593	0.0033355	0.002496
84	0.6044	0.38977	0.0035494	0.0022837
85	0.62149	0.37267	0.0036509	0.0021838
86	0.65338	0.34078	0.0038392	0.0019972
87	0.70867	0.28549	0.0041644	0.0016735
88	0.78741	0.20675	0.0046282	0.0012114
89	0.8282	0.16596	0.0048687	0.00097236
90	0.89782	0.096333	0.0052781	0.00056457
91	0.90698	0.087176	0.005333	0.00051119
92	0.90846	0.085694	0.0053431	0.00050269
93	0.90459	0.089567	0.0053216	0.00052573
94	0.90407	0.090082	0.00532	0.00052895
95	0.90685	0.087302	0.0053379	0.00051272
96	0.91517	0.078977	0.0053882	0.00046396
97	0.92845	0.065699	0.005468	0.0003859
98	0.95224	0.041904	0.0056094	0.00024608
99	0.9931	0.0010451	0.005851	6.1657e-06
100	0.97941	0.014728	0.0057714	8.7304e-05
101	0.97191	0.022225	0.0057284	0.0001319
102	0.96847	0.025667	0.0057093	0.00015251
103	0.96739	0.026744	0.0057043	0.00015906
104	0.96922	0.024911	0.0057165	0.00014844
105	0.97355	0.020586	0.0057435	0.00012302
106	0.96849	0.025645	0.0057149	0.00015331
107	0.95643	0.037695	0.0056447	0.00022523
108	0.94867	0.045455	0.0056001	0.00027155
109	0.94554	0.048583	0.005583	0.00029041
110	0.93567	0.058457	0.0055258	0.0003494
111	0.91165	0.082474	0.0053844	0.00049254
112	0.73727	0.25685	0.0043493	0.0015296
113	0.61789	0.37623	0.0036418	0.0022389
114	0.53362	0.4605	0.0031433	0.0027394
115	0.47432	0.51979	0.0027932	0.0030915
116	0.44025	0.55386	0.0025919	0.0032948
117	0.42172	0.57239	0.0024824	0.0034062
118	0.41087	0.58324	0.0024187	0.0034719
119	0.40838	0.58573	0.0024044	0.0034882
120	0.41353	0.58058	0.0024351	0.0034595
121	0.4243	0.5698	0.0024992	0.0033973
122	0.42236	0.57174	0.0024883	0.0034103
123	0.42538	0.56872	0.0025069	0.0033938
124	0.41866	0.57544	0.0024675	0.0034352
125	0.41707	0.57703	0.0024588	0.003446
126	0.42043	0.57366	0.0024795	0.0034274
127	0.41118	0.58291	0.0024256	0.0034835
128	0.38768	0.60641	0.0022867	0.0036245
129	0.37579	0.6183	0.0022165	0.0036969
130	0.34555	0.64853	0.0020373	0.0038782
131	0.32586	0.66822	0.0019211	0.0039967
132	0.27665	0.71743	0.0016297	0.0042903
133	0.2422	0.75188	0.001426	0.0044962
134	0.2227	0.77138	0.0013107	0.0046138
135	0.21046	0.78361	0.0012386	0.0046881
136	0.17758	0.81649	0.0010443	0.0048848
137	0.15896	0.83511	0.00093407	0.0049973
138	0.14703	0.84704	0.00086367	0.0050701
139	0.14007	0.854	0.00082284	0.0051133
140	0.13708	0.85698	0.00080563	0.0051329
141	0.13764	0.85642	0.00080953	0.0051314
142	0.14183	0.85223	0.00083508	0.0051084
143	0.15024	0.84382	0.00088597	0.00506
144	0.16329	0.83076	0.00096482	0.0049837
145	0.18665	0.8074	0.0011052	0.0048458
146	0.19408	0.79997	0.0011505	0.0048031
147	0.2065	0.78755	0.0012259	0.0047303
148	0.22983	0.76422	0.0013666	0.0045921
149	0.26353	0.73051	0.0015702	0.0043912
150	0.27872	0.71531	0.0016623	0.0043016
151	0.28284	0.71119	0.0016879	0.0042786
152	0.29187	0.70216	0.0017431	0.004226
153	0.31066	0.68337	0.0018569	0.0041149
154	0.31512	0.67891	0.0018848	0.0040896
155	0.32795	0.66608	0.0019629	0.0040141
156	0.34878	0.64524	0.0020895	0.0038902
157	0.38061	0.61341	0.0022829	0.0036995
158	0.43602	0.55799	0.0026185	0.0033666
159	0.51738	0.47664	0.0031119	0.0028759
160	0.55838	0.43563	0.0033612	0.0026293
161	0.57429	0.41971	0.0034593	0.002534
162	0.55663	0.43737	0.0033547	0.0026414
163	0.54599	0.44801	0.0032925	0.0027063
164	0.54372	0.45028	0.0032805	0.002721
165	0.5492	0.4448	0.0033152	0.0026891
166	0.56393	0.43007	0.0034057	0.0026013
167	0.58775	0.40624	0.0035515	0.0024582
168	0.59747	0.39652	0.0036119	0.0024005
169	0.56904	0.42495	0.0034418	0.0025734
170	0.51104	0.48294	0.0030922	0.0029258
171	0.39908	0.5949	0.0024143	0.0036064
172	0.32249	0.67149	0.0019513	0.0040722
173	0.2774	0.71658	0.0016784	0.0043479
174	0.2514	0.74257	0.001521	0.0045081
175	0.2345	0.75947	0.001419	0.0046129
176	0.19851	0.79546	0.0012005	0.0048342
177	0.17429	0.81967	0.0010537	0.0049837
178	0.15836	0.8356	0.00095751	0.0050828
179	0.14843	0.84552	0.00089777	0.0051454
180	0.14269	0.85126	0.0008635	0.0051826
181	0.14226	0.85169	0.00086132	0.0051877
182	0.14702	0.84693	0.00089056	0.0051614
183	0.15619	0.83775	0.00094678	0.0051081
184	0.17405	0.81989	0.0010557	0.0050021
185	0.16495	0.82899	0.0010005	0.0050602
186	0.16041	0.83353	0.00097319	0.0050904
187	0.1614	0.83253	0.00097944	0.0050871
188	0.16596	0.82797	0.0010075	0.0050619
189	0.17736	0.81657	0.0010771	0.0049953
190	0.1779	0.81603	0.0010808	0.0049946
191	0.17031	0.82361	0.0010347	0.0050436
192	0.16671	0.8272	0.0010131	0.0050683
193	0.16667	0.82725	0.0010132	0.0050711
194	0.17236	0.82156	0.0010482	0.0050392
195	0.18539	0.80852	0.0011279	0.0049625
196	0.18872	0.80519	0.0011483	0.004945
197	0.19617	0.79773	0.0011941	0.0049023
198	0.20863	0.78527	0.0012705	0.0048289
199	0.22759	0.76631	0.001387	0.0047155
200	0.26139	0.73251	0.001594	0.0045116
201	0.31128	0.68261	0.0019001	0.0042086
202	0.332	0.66189	0.0020281	0.0040837
203	0.36362	0.63026	0.0022235	0.0038915
204	0.40913	0.58475	0.0025051	0.0036132
205	0.47618	0.5177	0.0029204	0.0032011
206	0.57126	0.42262	0.0035102	0.0026146
207	0.73153	0.26235	0.0045027	0.0016254
208	0.96538	0.028493	0.0059539	0.00017754
209	0.96724	0.02662	0.0059686	0.0001661
210	0.95628	0.037578	0.0059038	0.00023432
211	0.7168	0.27706	0.0044205	0.001721
212	0.54725	0.4466	0.0033716	0.0027733
213	0.42727	0.56658	0.0026303	0.0035181
214	0.34244	0.65141	0.0021069	0.0040451
215	0.29241	0.70143	0.0017978	0.0043577
216	0.25739	0.73645	0.0015819	0.0045772
217	0.23318	0.76066	0.001433	0.0047297
218	0.2202	0.77364	0.0013532	0.0048131
219	0.21292	0.78091	0.0013089	0.004861
220	0.19059	0.80324	0.0011714	0.0050021
221	0.13848	0.85534	0.00084999	0.0053272
222	0.10771	0.8861	0.0006599	0.0055209
223	0.086069	0.90775	0.00052631	0.0056582
224	0.073705	0.92011	0.00044987	0.0057384
225	0.065383	0.92843	0.00039848	0.0057935
226	0.060102	0.9337	0.00036594	0.0058298
227	0.058559	0.93524	0.00035635	0.0058431
228	0.060256	0.93354	0.00036665	0.0058366
229	0.056735	0.93706	0.0003446	0.0058623
230	0.055552	0.93824	0.00033705	0.0058736
231	0.056314	0.93747	0.00034152	0.005873
232	0.060527	0.93325	0.00036707	0.0058512
233	0.067761	0.92602	0.00041119	0.0058109
234	0.078623	0.91515	0.00047763	0.0057483
235	0.095002	0.89877	0.00057805	0.0056518
236	0.12319	0.87057	0.00075062	0.0054831
237	0.16447	0.82929	0.0010039	0.0052337
238	0.23413	0.75962	0.0014308	0.0048107
239	0.33573	0.65803	0.0020549	0.0041905
240	0.34803	0.64572	0.0021308	0.0041186
241	0.37194	0.6218	0.0022779	0.0039753
242	0.40815	0.5856	0.002501	0.0037562
243	0.46008	0.53366	0.0028216	0.0034396
244	0.48108	0.51265	0.0029521	0.0033131
245	0.51915	0.47458	0.0031877	0.0030815
246	0.57566	0.41807	0.003538	0.0027353
247	0.60399	0.38973	0.0037141	0.0025632
248	0.64668	0.34703	0.0039796	0.0023018
249	0.64441	0.34931	0.0039646	0.002321
250	0.63065	0.36306	0.0038745	0.0024151
251	0.62362	0.37009	0.0038284	0.0024653
252	0.62182	0.37188	0.0038162	0.0024818
253	0.62765	0.36605	0.0038523	0.0024498
254	0.63993	0.35377	0.0039291	0.0023773
255	0.66041	0.33328	0.0040574	0.0022532
256	0.66621	0.32748	0.0040934	0.0022215
257	0.67836	0.31532	0.0041696	0.0021495
258	0.6986	0.29508	0.0042968	0.0020266
259	0.70385	0.28982	0.0043297	0.0019982
260	0.71464	0.27903	0.0043979	0.0019344
261	0.73638	0.25728	0.0045348	0.0018019
262	0.76965	0.22401	0.0047444	0.0015968
263	0.81923	0.17442	0.0050567	0.001289
264	0.9035	0.090147	0.0055854	0.00076474
265	0.91408	0.07957	0.0056522	0.00070253
266	0.91786	0.075776	0.0056733	0.00068599
267	0.92533	0.068309	0.0057192	0.00064462
268	0.91591	0.077718	0.0056304	0.00073798
269	0.91057	0.083056	0.0055767	0.00079622
270	0.90866	0.084965	0.0055513	0.00082625
271	0.91021	0.083406	0.0055528	0.00082947
272	0.88669	0.10694	0.0054022	0.00096899
273	0.87388	0.11976	0.0053188	0.0010414
274	0.8662	0.12745	0.0052687	0.0010805
275	0.8646	0.12906	0.0052594	0.0010788
276	0.86861	0.12507	0.0052905	0.0010367
277	0.87731	0.11637	0.0053574	0.0009588
278	0.86624	0.12746	0.0052836	0.0010216
279	0.85999	0.13372	0.0052411	0.0010532
280	0.85957	0.13415	0.0052374	0.0010459
281	0.86331	0.13041	0.0052628	0.0010096
282	0.87176	0.12198	0.0053222	0.00093939
283	0.87187	0.12188	0.0053213	0.00092958
284	0.86525	0.12851	0.0052753	0.00096479
285	0.8627	0.13107	0.0052558	0.00097353
286	0.86576	0.12802	0.0052739	0.00094468
287	0.8753	0.11849	0.005337	0.00087082
288	0.89402	0.099779	0.0054652	0.00073185
289	0.87321	0.12061	0.0053282	0.00085798
290	0.85947	0.13435	0.0052358	0.00093962
291	0.85158	0.14225	0.0051803	0.00098443
292	0.84806	0.14579	0.0051525	0.0010016
293	0.85038	0.14348	0.0051622	0.00098128
294	0.85727	0.13659	0.0052018	0.00093106
295	0.86973	0.12415	0.0052783	0.00084405
296	0.87263	0.12125	0.0052912	0.00082064
297	0.87959	0.11431	0.0053306	0.00077087
298	0.89422	0.099691	0.0054203	0.00067075
299	0.91612	0.077801	0.0055581	0.0005226
300	0.94899	0.044944	0.0057687	0.00030172
301	0.94294	0.050995	0.0057229	0.00033727
302	0.94128	0.052675	0.0057042	0.00034571
303	0.94249	0.051475	0.0057037	0.00033605
304	0.93961	0.054361	0.0056774	0.00035212
305	0.9397	0.05428	0.0056697	0.00034971
306	0.94384	0.050156	0.0056871	0.0003221
307	0.94275	0.051255	0.0056718	0.00032726
308	0.94429	0.049719	0.0056729	0.00031609
309	0.95013	0.043893	0.0057006	0.00027833
310	0.95058	0.04345	0.0056947	0.00027423
311	0.94635	0.047692	0.0056603	0.00029869
312	0.946	0.04805	0.0056494	0.00029961
313	0.94029	0.053774	0.0056062	0.00033292
314	0.93894	0.055132	0.0055892	0.00033994
315	0.94052	0.05356	0.0055901	0.00032918
316	0.94526	0.04883	0.0056102	0.00029925
317	0.95552	0.038585	0.0056637	0.00023597
318	0.97096	0.023149	0.0057487	0.00014118
319	0.96562	0.028502	0.0057076	0.00017244
320	0.96305	0.031078	0.0056832	0.00018709
321	0.96362	0.030518	0.0056774	0.00018314
322	0.94836	0.04579	0.0055786	0.00027231
323	0.94032	0.053836	0.0055222	0.00031893
324	0.92032	0.073849	0.0053963	0.00043528
325	0.90959	0.084587	0.0053246	0.00049721
326	0.90509	0.089098	0.0052895	0.00052265
327	0.90547	0.088732	0.0052828	0.00051958
328	0.87565	0.11856	0.0051005	0.00069227
329	0.85603	0.13819	0.0049782	0.0008049
330	0.84326	0.15096	0.0048963	0.00087731
331	0.83807	0.15617	0.0048583	0.00090578
332	0.83897	0.15527	0.0048555	0.00089898
333	0.84612	0.14813	0.0048886	0.00085619
334	0.85901	0.13526	0.004955	0.00078026
335	0.88313	0.11114	0.0050857	0.00064001
336	0.92499	0.069297	0.0053175	0.00039857
337	0.94384	0.050453	0.0054164	0.00029003
338	0.9434	0.050902	0.0054047	0.00029216
339	0.94683	0.047484	0.005415	0.00027223
340	0.94535	0.048976	0.0053973	0.00028036
341	0.94759	0.046738	0.0054009	0.00026723
342	0.95272	0.041619	0.0054209	0.00023769
343	0.95386	0.040493	0.005418	0.000231
344	0.95778	0.03658	0.0054311	0.00020845
345	0.96649	0.027884	0.0054711	0.00015897
346	0.9643	0.030083	0.0054492	0.00017137
347	0.95673	0.037657	0.0053968	0.00021424
348	0.95238	0.042023	0.0053629	0.00023871
349	0.95071	0.043702	0.0053444	0.00024787
350	0.95259	0.041829	0.0053459	0.00023703
351	0.95719	0.037241	0.0053626	0.00021092
352	0.9571	0.037331	0.0053532	0.00021111
353	0.95939	0.035054	0.0053571	0.00019797
354	0.96565	0.028803	0.0053832	0.00016269
355	0.96067	0.033791	0.0053463	0.00019042
356	0.95851	0.035959	0.0053254	0.00020224
357	0.95886	0.035621	0.0053186	0.0002
358	0.95476	0.039729	0.0052871	0.00022247
359	0.94227	0.052227	0.0052093	0.00029134
360	0.93432	0.060184	0.0051571	0.00033476
361	0.93136	0.063159	0.0051323	0.00035061
362	0.93153	0.062993	0.0051251	0.000349
363	0.93487	0.059662	0.0051355	0.00032988
364	0.94331	0.051231	0.0051738	0.00028277
365	0.95644	0.03811	0.0052379	0.00020987
366	0.97983	0.014735	0.0053581	8.095e-05
367	0.97835	0.016216	0.0053414	8.8881e-05
368	0.97861	0.015973	0.0053342	8.7345e-05
369	0.98136	0.013231	0.0053405	7.2217e-05
370	0.98203	0.012568	0.0053355	6.8495e-05
371	0.98449	0.01011	0.0053402	5.5002e-05
372	0.98517	0.0094461	0.0053352	5.1314e-05
373	0.98748	0.0071442	0.0053391	3.874e-05
374	0.99252	0.0021111	0.0053576	1.1477e-05
375	0.99098	0.0036638	0.0053405	1.9868e-05
376	0.99062	0.0040232	0.00533	2.1778e-05
377	0.99142	0.0032411	0.0053258	1.7519e-05
378	0.99115	0.0035203	0.0053157	1.9006e-05
379	0.98969	0.0049886	0.0052993	2.6871e-05
380	0.97841	0.016276	0.0052302	8.7509e-05
381	0.97098	0.023707	0.005182	0.0001272
382	0.9565	0.038197	0.005096	0.00020466
383	0.94886	0.045848	0.0050468	0.00024538
384	0.9448	0.049915	0.0050169	0.00026677
385	0.94471	0.05001	0.0050082	0.000267
386	0.94728	0.047455	0.0050136	0.00025312
387	0.9528	0.041943	0.0050348	0.00022356
388	0.95326	0.041492	0.0050291	0.00022084
389	0.9493	0.045459	0.0050002	0.00024146
390	0.93777	0.057	0.0049316	0.00030187
391	0.86166	0.13312	0.0045227	0.00070252
392	0.80818	0.1866	0.0042347	0.00098234
393	0.77747	0.21732	0.0040667	0.0011422
394	0.75672	0.23808	0.0039516	0.0012491
395	0.74657	0.24824	0.0038921	0.0013004
396	0.74216	0.25265	0.003863	0.0013214
397	0.74469	0.25013	0.0038699	0.0013063
398	0.75216	0.24267	0.0039026	0.0012654
399	0.74929	0.24555	0.0038817	0.0012783
400	0.75103	0.24382	0.0038848	0.0012672
401	0.75758	0.23728	0.003913	0.001231
402	0.77295	0.22191	0.0039867	0.0011494
403	0.77799	0.21688	0.0040066	0.0011215
404	0.78873	0.20615	0.0040559	0.0010642
405	0.81013	0.18475	0.0041598	0.0009523
406	0.84797	0.14693	0.0043476	0.00075655
407	0.90217	0.092729	0.0046192	0.000477
408	0.98181	0.013105	0.0050211	6.7222e-05
409	0.99441	0.00050905	0.0050778	2.6112e-06
410	0.99259	0.0023416	0.0050606	1.1948e-05
411	0.99185	0.0030824	0.005049	1.5684e-05
412	0.99018	0.0047626	0.0050327	2.4194e-05
413	0.99009	0.0048575	0.0050244	2.4649e-05
414	0.99157	0.003393	0.0050239	1.7224e-05
415	0.98949	0.0054809	0.0050055	2.7793e-05
416	0.98881	0.0061672	0.0049943	3.1219e-05
417	0.98979	0.0051931	0.0049914	2.6273e-05
418	0.98892	0.0060654	0.0049793	3.0636e-05
419	0.98669	0.0083031	0.0049603	4.1892e-05
420	0.98595	0.0090578	0.0049488	4.5631e-05
421	0.98659	0.0084201	0.0049445	4.2349e-05
422	0.98881	0.0062062	0.0049481	3.1148e-05
423	0.98928	0.0057448	0.0049429	2.8746e-05
424	0.98868	0.0063581	0.0049323	3.1734e-05
425	0.98975	0.005289	0.0049301	2.6349e-05
426	0.99279	0.0022626	0.0049376	1.1268e-05
427	0.99415	0.00091193	0.0049367	4.5358e-06
428	0.9939	0.001163	0.0049279	5.7828e-06
429	0.99444	0.0006296	0.004923	3.1318e-06
430	0.99117	0.0039088	0.0048991	1.943e-05
431	0.98409	0.010999	0.0048564	5.4536e-05
432	0.97966	0.015434	0.0048271	7.6362e-05
433	0.9775	0.017604	0.0048092	8.6922e-05
434	0.97787	0.01724	0.0048036	8.5009e-05
435	0.98088	0.014237	0.004811	7.0179e-05
436	0.98095	0.014175	0.004804	6.9797e-05
437	0.97035	0.024782	0.0047447	0.0001217
438	0.96489	0.030248	0.0047106	0.00014834
439	0.96209	0.033063	0.0046897	0.00016189
440	0.96255	0.032602	0.0046848	0.00015946
441	0.96643	0.028733	0.0046964	0.0001405
442	0.94244	0.052734	0.0045716	0.00025786
443	0.92607	0.069109	0.0044846	0.00033745
444	0.91578	0.079405	0.0044276	0.00038709
445	0.8942	0.10099	0.0043158	0.00049161
446	0.87982	0.11538	0.0042393	0.00056075
447	0.87305	0.12216	0.0041999	0.00059288
448	0.85361	0.1416	0.0040994	0.0006861
449	0.84379	0.15143	0.0040455	0.00073273
450	0.83909	0.15614	0.0040165	0.00075442
451	0.83884	0.15639	0.0040092	0.00075459
452	0.84301	0.15224	0.0040231	0.00073351
453	0.85174	0.14351	0.004059	0.00069054
454	0.86666	0.1286	0.0041245	0.00061793
455	0.88991	0.10535	0.0042301	0.00050544
456	0.93031	0.064957	0.004417	0.00031147
457	0.81557	0.17971	0.003866	0.00085553
458	0.73722	0.25806	0.0034898	0.0012248
459	0.68222	0.31308	0.0032253	0.0014824
460	0.57527	0.42003	0.0027163	0.0019846
461	0.51266	0.48265	0.002417	0.0022769
462	0.47629	0.51902	0.0022419	0.0024451
463	0.3888	0.60652	0.0018273	0.0028528
464	0.33766	0.65767	0.0015841	0.0030891
465	0.30192	0.69341	0.0014143	0.0032521
466	0.28183	0.71351	0.001318	0.0033415
467	0.26881	0.72653	0.0012552	0.0033974
468	0.26382	0.73153	0.0012299	0.0034158
469	0.26548	0.72988	0.0012356	0.0034032
470	0.25589	0.73948	0.0011891	0.0034429
471	0.25358	0.74179	0.0011765	0.0034487
472	0.24039	0.75499	0.0011131	0.0035052
473	0.23307	0.76232	0.0010774	0.0035341
474	0.23017	0.76523	0.0010623	0.0035424
475	0.18149	0.81391	0.00083536	0.0037625
476	0.14719	0.84822	0.00067582	0.0039153
477	0.12314	0.87227	0.00056421	0.0040202
478	0.1097	0.88572	0.00050149	0.0040761
479	0.10127	0.89416	0.00046207	0.0041088
480	0.078682	0.91675	0.00035814	0.0042061
481	0.062821	0.93262	0.00028534	0.0042722
482	0.051782	0.94367	0.00023479	0.0043162
483	0.044238	0.95122	0.00020031	0.0043441
484	0.039529	0.95593	0.00017882	0.004359
485	0.037838	0.95763	0.00017099	0.0043602
486	0.037896	0.95758	0.00017114	0.0043536
487	0.033552	0.96193	0.00015134	0.0043668
488	0.031964	0.96352	0.00014399	0.0043676
489	0.031786	0.96371	0.00014306	0.004362
490	0.027359	0.96814	0.00012294	0.0043756
491	0.02476	0.97075	0.00011113	0.0043809
492	0.023464	0.97205	0.00010524	0.0043803
493	0.018052	0.97747	8.0884e-05	0.0043982
494	0.015163	0.98036	6.784e-05	0.0044047
495	0.014001	0.98153	6.2529e-05	0.0044035
496	0.013753	0.98179	6.1342e-05	0.0043982
497	0.014895	0.98065	6.6337e-05	0.0043868
498	0.017103	0.97845	7.6093e-05	0.0043706
499	0.021548	0.97401	9.5743e-05	0.0043444
500	0.029495	0.96607	0.00013081	0.0043029
501	0.040722	0.95485	0.00018038	0.0042469
502	0.059978	0.9356	0.00026521	0.0041556
503	0.067666	0.92792	0.00029863	0.0041157
504	0.081845	0.91375	0.00036041	0.0040475
505	0.10216	0.89344	0.00044907	0.0039524
506	0.13105	0.86455	0.00057531	0.0038197
507	0.17338	0.82223	0.00076044	0.0036282
508	0.23323	0.76239	0.0010224	0.00336
509	0.3349	0.66073	0.0014663	0.0029097
510	0.48315	0.51248	0.0021139	0.0022557
511	0.50135	0.49428	0.0021907	0.0021727
512	0.52886	0.46679	0.0023082	0.002049
513	0.57704	0.41861	0.0025155	0.0018354
514	0.64812	0.34753	0.0028227	0.0015219
515	0.75232	0.24334	0.0032746	0.0010639
516	0.92793	0.067737	0.0040358	0.00029645
517	0.93372	0.061954	0.0040553	0.00027078
518	0.94585	0.049831	0.0041023	0.00021768
519	0.96758	0.028108	0.0041906	0.00012318
520	0.94756	0.04813	0.0040972	0.00021039
521	0.93659	0.059111	0.0040433	0.00025806
522	0.93017	0.065539	0.0040096	0.00028572
523	0.92737	0.06834	0.0039917	0.00029752
524	0.9278	0.067915	0.0039879	0.0002953
525	0.93125	0.064468	0.0039972	0.00027999
526	0.91785	0.077881	0.0039336	0.00033752
527	0.91134	0.084397	0.0038999	0.00036525
528	0.90844	0.087299	0.0038818	0.00037729
529	0.86529	0.13046	0.0036904	0.00056271
530	0.83637	0.15938	0.003561	0.00068618
531	0.82059	0.17517	0.003488	0.00075309
532	0.78167	0.2141	0.0033164	0.00091879
533	0.75988	0.23589	0.0032183	0.001011
534	0.7464	0.24937	0.0031561	0.0010672
535	0.71679	0.279	0.003025	0.0011923
536	0.6977	0.29809	0.0029394	0.001272
537	0.6864	0.3094	0.0028872	0.0013183
538	0.65642	0.33938	0.0027563	0.0014434
539	0.63714	0.35866	0.0026712	0.0015228
540	0.62521	0.37061	0.0026173	0.0015709
541	0.61917	0.37665	0.0025885	0.001594
542	0.6208	0.37502	0.0025919	0.0015849
543	0.63068	0.36514	0.0026297	0.0015413
544	0.60954	0.3863	0.0025372	0.0016281
545	0.59618	0.39966	0.0024777	0.0016818
546	0.58899	0.40686	0.0024443	0.0017096
547	0.56457	0.43128	0.0023393	0.0018088
548	0.55226	0.4436	0.0022848	0.0018577
549	0.54865	0.44721	0.0022665	0.0018703
550	0.55016	0.44571	0.0022696	0.0018615
551	0.55697	0.4389	0.0022948	0.0018307
552	0.5735	0.42238	0.00236	0.0017599
553	0.59976	0.39612	0.0024655	0.0016488
554	0.6382	0.35769	0.0026212	0.0014875
555	0.69342	0.30248	0.0028463	0.0012569
556	0.77207	0.22383	0.0031681	0.00092957
557	0.8057	0.19021	0.0033033	0.000789
558	0.85413	0.14179	0.0034995	0.00058733
559	0.84384	0.15208	0.003453	0.00062847
560	0.8404	0.15553	0.0034346	0.00064154
561	0.84295	0.15298	0.0034406	0.00063009
562	0.81845	0.17749	0.0033358	0.0007294
563	0.80281	0.19313	0.0032678	0.00079211
564	0.79582	0.20013	0.0032349	0.00081955
565	0.71749	0.27846	0.0029123	0.0011368
566	0.67197	0.32399	0.0027234	0.0013203
567	0.64053	0.35543	0.0025924	0.0014459
568	0.62372	0.37225	0.0025207	0.0015122
569	0.61663	0.37934	0.0024885	0.001539
570	0.61731	0.37867	0.0024877	0.0015345
571	0.62593	0.37005	0.0025188	0.0014979
572	0.64171	0.35428	0.0025786	0.0014327
573	0.67153	0.32446	0.0026945	0.0013114
574	0.66471	0.33129	0.0026631	0.0013374
575	0.66557	0.33044	0.0026627	0.0013325
576	0.67199	0.32402	0.0026846	0.0013052
577	0.66927	0.32675	0.0026697	0.0013147
578	0.67147	0.32455	0.0026746	0.0013044
579	0.67886	0.31717	0.0027004	0.0012733
580	0.69589	0.30014	0.0027643	0.0012041
581	0.69975	0.29629	0.0027756	0.0011874
582	0.70947	0.28657	0.0028103	0.0011475
583	0.70779	0.28826	0.0027996	0.0011529
584	0.71335	0.2827	0.0028176	0.0011295
585	0.72506	0.27099	0.0028601	0.0010819
586	0.74461	0.25146	0.0029335	0.0010032
587	0.77479	0.22127	0.0030491	0.00088248
588	0.78758	0.20849	0.0030957	0.00083075
589	0.77271	0.22337	0.003033	0.00088833
590	0.76442	0.23166	0.0029965	0.00091976
591	0.76151	0.23458	0.0029814	0.00092986
592	0.76355	0.23254	0.002986	0.00092036
593	0.77309	0.223	0.0030199	0.00088144
594	0.79266	0.20344	0.003093	0.00080332
595	0.82274	0.17337	0.0032074	0.0006839
596	0.86767	0.12845	0.0033803	0.00050615
597	0.93177	0.064346	0.0036285	0.00025302
598	0.96509	0.031034	0.0037547	0.00012186
599	0.98257	0.013556	0.0038184	5.3255e-05
600	0.9802	0.015934	0.0038042	6.2462e-05
601	0.97176	0.024378	0.0037666	9.5227e-05
602	0.95489	0.041251	0.0036961	0.00016077
603	0.94403	0.052114	0.0036492	0.00020271
604	0.9222	0.07395	0.0035598	0.0002872
605	0.91022	0.085941	0.0035086	0.00033342
606	0.90294	0.093223	0.0034759	0.00036122
607	0.90114	0.095024	0.0034644	0.00036784
608	0.90297	0.0932	0.0034669	0.00036043
609	0.90836	0.087816	0.0034832	0.00033929
610	0.90691	0.089275	0.0034732	0.00034446
611	0.91024	0.085945	0.0034815	0.00033129
612	0.90712	0.089067	0.0034652	0.00034284
613	0.90885	0.087346	0.0034673	0.00033587
614	0.91436	0.081841	0.003484	0.00031439
615	0.92445	0.071761	0.0035183	0.0002754
616	0.92709	0.069118	0.0035241	0.00026488
617	0.93309	0.063126	0.0035428	0.00024155
618	0.93419	0.062033	0.0035426	0.00023701
619	0.93828	0.057947	0.003554	0.00022105
620	0.94783	0.048402	0.0035859	0.00018443
621	0.95171	0.04452	0.0035962	0.00016946
622	0.94087	0.05537	0.0035508	0.00021024
623	0.9342	0.062048	0.0035213	0.00023511
624	0.93229	0.06396	0.0035098	0.00024201
625	0.9346	0.061649	0.0035141	0.00023301
626	0.94038	0.055882	0.0035315	0.00021097
627	0.95043	0.045828	0.0035652	0.00017278
628	0.947	0.049262	0.0035479	0.00018543
629	0.94628	0.049988	0.0035409	0.00018787
630	0.94943	0.046844	0.0035484	0.00017584
631	0.95734	0.038937	0.0035735	0.00014607
632	0.95254	0.043743	0.0035512	0.00016384
633	0.95052	0.045765	0.0035394	0.00017114
634	0.95105	0.045246	0.0035371	0.00016892
635	0.95547	0.04083	0.0035493	0.00015223
636	0.96504	0.031262	0.0035805	0.00011647
637	0.96921	0.027093	0.0035915	0.00010089
638	0.97661	0.019702	0.0036145	7.3355e-05
639	0.9879	0.0084125	0.003652	3.138e-05
640	0.98538	0.01094	0.0036382	4.0752e-05
641	0.97913	0.017199	0.0036105	6.3924e-05
642	0.97544	0.020888	0.0035925	7.7498e-05
643	0.96619	0.030144	0.0035541	0.00011155
644	0.96069	0.03565	0.0035297	0.00013165
645	0.95899	0.037353	0.0035192	0.00013776
646	0.95329	0.043055	0.003494	0.0001586
647	0.95073	0.045621	0.0034804	0.00016784
648	0.95181	0.044545	0.0034801	0.00016374
649	0.89502	0.10134	0.003268	0.00037158
650	0.86211	0.13425	0.0031435	0.00049173
651	0.84037	0.156	0.0030603	0.00057061
652	0.78947	0.2069	0.0028712	0.00075537
653	0.76036	0.23602	0.0027617	0.00086061
654	0.74156	0.25483	0.0026901	0.00092792
655	0.69582	0.30057	0.0025213	0.0010926
656	0.67001	0.32638	0.0024247	0.0011849
657	0.65375	0.34265	0.0023632	0.0012422
658	0.64699	0.34941	0.0023359	0.0012652
659	0.64542	0.35098	0.0023276	0.0012693
660	0.64932	0.34709	0.0023392	0.0012536
661	0.6587	0.33771	0.0023706	0.0012181
662	0.67883	0.31758	0.0024406	0.0011439
663	0.71543	0.28099	0.0025696	0.0010108
664	0.76986	0.22656	0.0027628	0.00081347
665	0.86228	0.13415	0.0030917	0.00048041
666	0.91045	0.08598	0.00326	0.00030786
667	0.91478	0.081657	0.0032715	0.00029207
668	0.8984	0.098039	0.0032092	0.00035022
669	0.88787	0.10858	0.0031679	0.00038731
670	0.88383	0.11262	0.0031498	0.00040124
671	0.88514	0.11131	0.0031507	0.00039615
672	0.89208	0.10437	0.0031715	0.00037112
673	0.90382	0.092642	0.0032094	0.00032908
674	0.92548	0.070984	0.0032822	0.00025208
675	0.95692	0.039546	0.0033896	0.00014051
676	0.97192	0.024554	0.0034387	8.7262e-05
677	0.97824	0.018234	0.0034571	6.4769e-05
678	0.98839	0.0080915	0.0034891	2.8735e-05
679	0.98909	0.0073999	0.0034875	2.6262e-05
680	0.98819	0.0083026	0.0034803	2.9416e-05
681	0.98912	0.0073742	0.0034796	2.612e-05
682	0.9883	0.0081991	0.0034726	2.9005e-05
683	0.98883	0.0076749	0.0034705	2.7121e-05
684	0.99077	0.0057385	0.0034735	2.0262e-05
685	0.99435	0.0021571	0.0034822	7.6152e-06
686	0.99624	0.00027197	0.003485	9.6023e-07
687	0.99644	7.8364e-05	0.0034818	2.7628e-07
688	0.99579	0.00072797	0.0034758	2.5514e-06
689	0.99464	0.0018899	0.0034679	6.6083e-06
690	0.99213	0.0043947	0.0034555	1.5329e-05
691	0.99098	0.0055498	0.0034478	1.932e-05
692	0.99143	0.0051115	0.0034457	1.7776e-05
693	0.99319	0.0033469	0.0034482	1.1613e-05
694	0.99399	0.0025503	0.0034472	8.8354e-06
695	0.99411	0.0024409	0.0034439	8.4505e-06
696	0.99367	0.0028814	0.0034386	9.977e-06
697	0.99205	0.0045072	0.0034293	1.5591e-05
698	0.992	0.0045638	0.0034254	1.5784e-05
699	0.99086	0.0056999	0.0034178	1.9692e-05
700	0.99102	0.0055455	0.0034147	1.9128e-05
701	0.99289	0.0036841	0.0034175	1.27e-05
702	0.99364	0.002937	0.0034164	1.0129e-05
703	0.99345	0.0031256	0.0034121	1.0773e-05
704	0.99434	0.0022451	0.0034115	7.7335e-06
705	0.99642	0.0001687	0.0034151	5.8248e-07
706	0.99544	0.0011459	0.0034082	3.9374e-06
707	0.99533	0.0012599	0.0034043	4.323e-06
708	0.99607	0.00052699	0.0034033	1.8048e-06
709	0.91	0.086601	0.0031057	0.00029598
710	0.85964	0.13697	0.0029302	0.0004679
711	0.82455	0.17206	0.0028075	0.0005871
712	0.75655	0.24006	0.0025726	0.00081855
713	0.70892	0.28769	0.0024079	0.0009798
714	0.68194	0.31468	0.0023135	0.0010707
715	0.62733	0.36929	0.002125	0.0012557
716	0.59063	0.40599	0.0019981	0.0013791
717	0.56564	0.43098	0.0019114	0.0014624
718	0.55006	0.44657	0.0018568	0.0015135
719	0.54408	0.45255	0.0018347	0.0015322
720	0.5459	0.45074	0.0018389	0.0015246
721	0.53727	0.45937	0.0018076	0.0015524
722	0.53413	0.46251	0.0017951	0.0015615
723	0.5361	0.46054	0.0017999	0.0015533
724	0.54641	0.45024	0.0018325	0.0015172
725	0.56439	0.43226	0.001891	0.0014553
726	0.59265	0.40401	0.001984	0.0013589
727	0.63524	0.36142	0.0021253	0.0012144
728	0.70872	0.28794	0.0023695	0.00096675
729	0.81642	0.18024	0.0027286	0.00060435
730	0.87265	0.12402	0.0029141	0.00041554
731	0.87931	0.11736	0.0029334	0.00039289
732	0.89082	0.10586	0.0029689	0.00035406
733	0.90855	0.088133	0.0030252	0.00029444
734	0.93979	0.056896	0.0031263	0.00018999
735	0.98456	0.012126	0.0032726	4.0439e-05
736	0.98552	0.011168	0.0032726	3.7175e-05
737	0.98886	0.007829	0.0032805	2.6018e-05
738	0.99551	0.0011895	0.0032993	3.9535e-06
739	0.99509	0.0016111	0.0032946	5.341e-06
740	0.99421	0.0024921	0.0032884	8.2534e-06
741	0.99455	0.0021563	0.0032862	7.1454e-06
742	0.99198	0.0047266	0.0032744	1.5677e-05
743	0.9908	0.0059174	0.0032671	1.9614e-05
744	0.99084	0.0058717	0.003264	1.945e-05
745	0.98958	0.0071387	0.0032567	2.361e-05
746	0.98634	0.010379	0.0032427	3.4291e-05
747	0.98484	0.011882	0.0032346	3.921e-05
748	0.98065	0.01608	0.0032177	5.2964e-05
749	0.97855	0.018186	0.0032077	5.9798e-05
750	0.97897	0.017762	0.0032059	5.8347e-05
751	0.98139	0.015352	0.0032108	5.0369e-05
752	0.98706	0.009684	0.0032262	3.1765e-05
753	0.9961	0.00064656	0.0032528	2.1237e-06
754	0.99635	0.00039849	0.0032505	1.3072e-06
755	0.99653	0.00021931	0.003248	7.1822e-07
756	0.99671	3.9626e-05	0.0032456	1.2965e-07
757	0.99537	0.0013913	0.0032382	4.5319e-06
758	0.99498	0.0017814	0.003234	5.7916e-06
759	0.99568	0.0010806	0.0032333	3.5127e-06
760	0.99475	0.0020149	0.0032273	6.5537e-06
761	0.99478	0.001987	0.0032244	6.4596e-06
762	0.99573	0.0010418	0.0032246	3.3853e-06
763	0.99488	0.0018907	0.003219	6.1263e-06
764	0.99517	0.0016079	0.003217	5.209e-06
765	0.99642	0.00036072	0.0032181	1.169e-06
766	0.99647	0.00031404	0.0032155	1.015e-06
767	0.99574	0.0010507	0.0032102	3.3941e-06
768	0.99419	0.0025958	0.0032024	8.3697e-06
769	0.99399	0.002804	0.0031989	9.0404e-06
770	0.99482	0.0019776	0.0031988	6.3722e-06
771	0.99512	0.0016729	0.0031969	5.3944e-06
772	0.99489	0.001913	0.0031933	6.1656e-06
773	0.99394	0.0028658	0.0031875	9.2201e-06
774	0.99399	0.0028189	0.0031849	9.0551e-06
775	0.99537	0.0014432	0.0031866	4.641e-06
776	0.99454	0.0022726	0.0031812	7.296e-06
777	0.99469	0.0021219	0.003179	6.8027e-06
778	0.99579	0.0010221	0.0031799	3.268e-06
779	0.99649	0.00033312	0.0031795	1.0619e-06
780	0.99631	0.00051294	0.0031762	1.634e-06
781	0.99609	0.00073965	0.0031727	2.3578e-06
782	0.9966	0.000223	0.0031717	7.095e-07
783	0.99657	0.00026035	0.0031688	8.2865e-07
784	0.99566	0.0011686	0.0031633	3.7114e-06
785	0.99576	0.001075	0.0031609	3.4145e-06
786	0.99667	0.00017186	0.0031611	5.4468e-07
787	0.99683	1.5269e-05	0.0031589	4.8535e-08
788	0.99648	0.00036177	0.0031551	1.1478e-06
789	0.99679	6.0349e-05	0.0031535	1.9144e-07
790	0.99653	0.00031851	0.00315	1.0124e-06
791	0.99623	0.00062268	0.0031464	1.9791e-06
792	0.99569	0.0011625	0.0031422	3.6915e-06
793	0.99456	0.0022987	0.003136	7.2864e-06
794	0.99444	0.0024179	0.0031332	7.6571e-06
795	0.99527	0.0015882	0.0031333	5.0282e-06
796	0.99563	0.001233	0.003132	3.9104e-06
797	0.99557	0.0012958	0.0031293	4.112e-06
798	0.99503	0.0018387	0.0031252	5.8303e-06
799	0.98919	0.0076863	0.0031043	2.4292e-05
800	0.97732	0.01955	0.0030646	6.1654e-05
801	0.95273	0.044146	0.002985	0.00013892
802	0.89671	0.10016	0.0028072	0.00031446
803	0.86427	0.13261	0.0027033	0.00041604
804	0.84285	0.15404	0.0026342	0.00048281
805	0.82936	0.16753	0.0025902	0.00052455
806	0.8238	0.17309	0.002571	0.00054155
807	0.8245	0.17239	0.0025712	0.00053902
808	0.83166	0.16523	0.0025915	0.00051643
809	0.84724	0.14966	0.0026378	0.00046776
810	0.87152	0.12537	0.0027113	0.00039199
811	0.86957	0.12733	0.002703	0.00039796
812	0.8732	0.1237	0.002712	0.00038661
813	0.88103	0.11587	0.0027342	0.00036216
814	0.88062	0.11628	0.0027308	0.0003633
815	0.88418	0.11273	0.0027397	0.00035208
816	0.8922	0.10471	0.0027627	0.00032694
817	0.87914	0.11778	0.0027201	0.00036731
818	0.8734	0.12351	0.0027003	0.00038492
819	0.87159	0.12533	0.0026927	0.00039029
820	0.86274	0.13418	0.0026633	0.00041754
821	0.8587	0.13822	0.0026489	0.00042977
822	0.85857	0.13835	0.0026467	0.00042986
823	0.8493	0.14762	0.0026163	0.00045812
824	0.84669	0.15023	0.0026065	0.00046584
825	0.84804	0.14889	0.0026089	0.0004613
826	0.85575	0.14118	0.0026309	0.0004372
827	0.872	0.12493	0.0026791	0.00038685
828	0.89626	0.10068	0.002752	0.00031184
829	0.90582	0.091123	0.0027797	0.00028213
830	0.92084	0.076103	0.0028242	0.00023554
831	0.94313	0.053813	0.0028912	0.00016648
832	0.9524	0.044539	0.0029181	0.00013765
833	0.95617	0.04078	0.0029278	0.00012592
834	0.96304	0.033912	0.0029471	0.0001046
835	0.97619	0.020758	0.0029857	6.3998e-05
836	0.98188	0.015068	0.0030014	4.6392e-05
837	0.99264	0.0043155	0.0030325	1.3281e-05
838	0.99166	0.0052931	0.0030275	1.6259e-05
839	0.99225	0.0047131	0.0030273	1.4481e-05
840	0.99163	0.0053281	0.0030234	1.6354e-05
841	0.99226	0.0046992	0.0030234	1.4414e-05
842	0.99414	0.002821	0.0030272	8.6518e-06
843	0.99475	0.0022121	0.0030272	6.7741e-06
844	0.99243	0.0045377	0.0030182	1.386e-05
845	0.99182	0.0051529	0.0030143	1.5739e-05
846	0.99243	0.0045373	0.0030143	1.386e-05
847	0.99182	0.0051514	0.0030105	1.572e-05
848	0.99004	0.0069373	0.0030032	2.1158e-05
849	0.98961	0.0073668	0.003	2.2456e-05
850	0.99049	0.0064917	0.0030009	1.978e-05
851	0.99277	0.0042068	0.003006	1.2814e-05
852	0.99675	0.00023741	0.0030163	7.2391e-07
853	0.99691	7.1635e-05	0.0030151	2.1799e-07
854	0.99446	0.0025303	0.0030058	7.6838e-06
855	0.97739	0.019596	0.0029524	5.9381e-05
856	0.96582	0.03117	0.0029157	9.4333e-05
857	0.95985	0.037141	0.0028959	0.00011236
858	0.95675	0.04024	0.0028849	0.00012165
859	0.95717	0.039824	0.0028845	0.00012036
860	0.96006	0.036936	0.0028916	0.00011158
861	0.96577	0.031227	0.0029072	9.4281e-05
862	0.97694	0.020061	0.0029392	6.0593e-05
863	0.994	0.0030038	0.002989	9.1201e-06
864	0.99402	0.0029878	0.0029874	9.0711e-06
865	0.98904	0.0079617	0.0029708	2.4085e-05
866	0.98625	0.010756	0.0029609	3.249e-05
867	0.98524	0.011771	0.0029563	3.5521e-05
868	0.98585	0.011155	0.0029567	3.3627e-05
869	0.98878	0.0082279	0.002964	2.4807e-05
870	0.98994	0.007075	0.0029659	2.1343e-05
871	0.98981	0.0072015	0.002964	2.1742e-05
872	0.98789	0.0091263	0.0029566	2.7543e-05
873	0.98744	0.009573	0.0029538	2.8885e-05
874	0.98842	0.0085951	0.0029553	2.5941e-05
875	0.98803	0.0089901	0.0029526	2.7139e-05
876	0.98913	0.0078952	0.0029544	2.3857e-05
877	0.99187	0.0051531	0.0029612	1.5625e-05
878	0.99278	0.0042494	0.0029625	1.2915e-05
879	0.9808	0.016229	0.002925	4.9053e-05
880	0.97437	0.022656	0.0029042	6.8469e-05
881	0.97085	0.026181	0.0028922	7.9105e-05
882	0.96972	0.027312	0.0028875	8.252e-05
883	0.97066	0.026368	0.002889	7.9699e-05
884	0.96796	0.029073	0.0028797	8.7805e-05
885	0.96747	0.029569	0.002877	8.927e-05
886	0.94874	0.048297	0.0028197	0.00014531
887	0.90601	0.091029	0.0026909	0.00027292
888	0.81225	0.18479	0.0024104	0.00055234
889	0.59926	0.39778	0.0017758	0.0011858
890	0.45327	0.54377	0.0013417	0.0016188
891	0.35328	0.64377	0.001045	0.0019145
892	0.29462	0.70242	0.0008706	0.0020878
893	0.25478	0.74226	0.00075237	0.002205
894	0.22705	0.77	0.00067021	0.0022861
895	0.17091	0.82613	0.00050395	0.0024513
896	0.13124	0.86581	0.00038667	0.0025676
897	0.10821	0.88883	0.00031848	0.0026347
898	0.095294	0.90175	0.00028012	0.0026721
899	0.08713	0.90992	0.0002559	0.0026952
900	0.08224	0.91481	0.0002414	0.0027087
901	0.080036	0.91701	0.00023487	0.0027143
902	0.081731	0.91532	0.00023978	0.0027084
903	0.087722	0.90933	0.00025729	0.0026898
904	0.072292	0.92476	0.00021175	0.0027344
905	0.062064	0.93499	0.00018161	0.0027635
906	0.056928	0.94013	0.00016642	0.0027777
907	0.054127	0.94293	0.00015814	0.0027851
908	0.054545	0.94251	0.00015927	0.0027829
909	0.057171	0.93989	0.00016691	0.0027743
910	0.062107	0.93495	0.00018136	0.0027589
911	0.070294	0.92677	0.00020539	0.002734
912	0.082911	0.91415	0.0002425	0.002696
913	0.075786	0.92128	0.00022164	0.0027159
914	0.071605	0.92546	0.00020945	0.0027272
915	0.071264	0.9258	0.00020848	0.0027273
916	0.074667	0.9224	0.00021846	0.0027164
917	0.080835	0.91623	0.00023661	0.0026974
918	0.092888	0.90418	0.00027199	0.0026611
919	0.095384	0.90168	0.00027932	0.0026529
920	0.10115	0.89592	0.00029631	0.0026351
921	0.11302	0.88405	0.0003312	0.0025993
922	0.13051	0.86656	0.00038268	0.002547
923	0.16112	0.83595	0.00047265	0.0024562
924	0.21312	0.78396	0.00062523	0.0023027
925	0.23861	0.75846	0.00069978	0.0022273
926	0.2766	0.72048	0.0008111	0.0021151
927	0.3413	0.65577	0.0010005	0.0019249
928	0.45053	0.54655	0.0013197	0.0016048
929	0.60992	0.38715	0.0017862	0.0011373
930	0.6762	0.32088	0.0019802	0.00094256
931	0.78932	0.20775	0.0023109	0.00061099
932	0.84061	0.15647	0.0024607	0.0004604
933	0.91367	0.08341	0.0026746	0.0002457
934	0.92229	0.07479	0.0026992	0.00022027
935	0.93643	0.060651	0.0027402	0.00017856
936	0.96156	0.035521	0.0028134	0.00010464
937	0.96404	0.033043	0.0028199	9.7345e-05
938	0.96266	0.034424	0.0028151	0.00010135
939	0.96451	0.032577	0.0028198	9.5923e-05
940	0.9632	0.033889	0.0028151	9.9791e-05
941	0.96431	0.032775	0.0028176	9.6515e-05
942	0.96781	0.029275	0.0028272	8.6226e-05
943	0.96735	0.029733	0.0028252	8.7527e-05
944	0.96358	0.03351	0.0028134	9.8589e-05
945	0.96318	0.033904	0.0028115	9.9759e-05
946	0.96506	0.03203	0.0028162	9.4261e-05
947	0.96309	0.033999	0.0028098	0.00010001
948	0.96357	0.033521	0.0028106	9.8557e-05
949	0.96637	0.030717	0.0028182	9.0276e-05
950	0.97327	0.023821	0.0028378	7.0043e-05
951	0.98395	0.01314	0.0028686	3.8681e-05
952	0.9885	0.0085912	0.0028813	2.5303e-05
953	0.99593	0.0011623	0.0029026	3.4435e-06
954	0.99567	0.0014225	0.0029013	4.2042e-06
955	0.9916	0.0054903	0.0028889	1.6129e-05
956	0.9894	0.0076988	0.002882	2.2592e-05
957	0.98873	0.0083656	0.0028796	2.4535e-05
958	0.95715	0.039948	0.0027867	0.00011697
959	0.88592	0.11117	0.0025782	0.00032502
960	0.83591	0.16118	0.002432	0.00047082
961	0.80111	0.19599	0.0023304	0.00057207
962	0.78181	0.21529	0.0022738	0.00062826
963	0.77254	0.22456	0.0022464	0.00065529
964	0.77055	0.22654	0.0022402	0.0006611
965	0.77349	0.22361	0.0022483	0.00065256
966	0.78175	0.21535	0.0022721	0.00062842
967	0.79654	0.20056	0.0023149	0.0005852
968	0.82418	0.17292	0.0023951	0.00050467
969	0.86426	0.13284	0.0025117	0.00038777
970	0.92158	0.075516	0.0026788	0.00022036
971	0.9511	0.046002	0.0027645	0.0001343
972	0.99342	0.0036832	0.0028877	1.0752e-05
973	0.99305	0.0040487	0.0028864	1.1795e-05
974	0.99413	0.0029674	0.0028893	8.636e-06
975	0.99697	0.00013238	0.0028972	3.864e-07
