#coord	neutral	conserved	gBGC.neutral	gBGC.conserved
1	0.77411	0.21584	0.0078557	0.0021921
2	0.78189	0.20806	0.0079333	0.0021125
3	0.79541	0.19455	0.0080695	0.0019744
4	0.82099	0.16897	0.0083278	0.0017141
5	0.86591	0.12405	0.0087817	0.0012582
6	0.94228	0.047678	0.0095532	0.00048461
7	0.95225	0.037711	0.0096524	0.00038345
8	0.9673	0.022669	0.0098033	0.00023061
9	0.98922	0.00074566	0.010024	7.5908e-06
10	0.98919	0.00077841	0.010022	7.929e-06
11	0.98889	0.0010845	0.010017	1.1041e-05
12	0.98935	0.00062326	0.01002	6.3551e-06
13	0.98861	0.0013677	0.010011	1.3916e-05
14	0.98872	0.0012531	0.010011	1.2746e-05
15	0.98967	0.00030432	0.010019	3.101e-06
16	0.98966	0.00031632	0.010018	3.2203e-06
17	0.98965	0.00033082	0.010016	3.3672e-06
18	0.98961	0.00036823	0.010015	3.7493e-06
19	0.98837	0.0016175	0.010001	1.6431e-05
20	0.98826	0.001727	0.0099987	1.758e-05
21	0.98748	0.002503	0.0099898	2.5492e-05
22	0.98576	0.0042256	0.0099713	4.3003e-05
23	0.9853	0.0046908	0.0099658	4.7724e-05
24	0.98314	0.0068451	0.0099432	6.9546e-05
25	0.98239	0.0075996	0.0099349	7.7144e-05
26	0.98303	0.0069616	0.0099409	7.0594e-05
27	0.98561	0.0043779	0.0099665	4.4378e-05
28	0.98683	0.0031642	0.0099781	3.2092e-05
29	0.98932	0.00066977	0.010003	6.8013e-06
30	0.98857	0.0014257	0.0099945	1.4481e-05
31	0.9872	0.0027947	0.0099798	2.8426e-05
32	0.98687	0.0031241	0.0099758	3.1804e-05
33	0.98754	0.0024534	0.0099821	2.5025e-05
34	0.98731	0.0026832	0.0099793	2.7381e-05
35	0.9828	0.007197	0.0099327	7.3418e-05
36	0.98019	0.0097998	0.0099058	9.9953e-05
37	0.96042	0.029573	0.0097036	0.00030169
38	0.94743	0.042568	0.0095708	0.00043404
39	0.93901	0.050986	0.0094849	0.00051967
40	0.93416	0.055839	0.0094354	0.00056895
41	0.93251	0.057483	0.0094187	0.00058557
42	0.93362	0.056378	0.00943	0.00057421
43	0.92917	0.060825	0.0093853	0.00061902
44	0.91822	0.071776	0.0092745	0.00072982
45	0.91161	0.078381	0.0092079	0.00079647
46	0.90856	0.081436	0.0091775	0.00082707
47	0.87345	0.11654	0.0088229	0.0011818
48	0.85348	0.13652	0.0086208	0.0013839
49	0.80583	0.18417	0.0081394	0.0018654
50	0.70003	0.28996	0.0070726	0.0029325
51	0.63759	0.3524	0.006442	0.0035633
52	0.59397	0.39603	0.0060023	0.0040033
53	0.56391	0.42609	0.0056999	0.0043059
54	0.54784	0.44215	0.0055382	0.004468
55	0.51067	0.47932	0.0051644	0.0048422
56	0.49004	0.49995	0.0049566	0.0050502
57	0.47767	0.51233	0.0048326	0.0051747
58	0.44901	0.54099	0.004544	0.0054637
59	0.39075	0.59924	0.003956	0.006052
60	0.35691	0.63308	0.0036139	0.0063944
61	0.33379	0.6562	0.0033806	0.006628
62	0.31861	0.67139	0.003228	0.0067811
63	0.31239	0.6776	0.0031655	0.0068439
64	0.31327	0.67672	0.0031746	0.0068352
65	0.32148	0.66851	0.0032576	0.0067525
66	0.33626	0.65373	0.0034075	0.0066031
67	0.3641	0.62589	0.0036891	0.0063218
68	0.40581	0.58417	0.0041119	0.0058995
69	0.40515	0.58484	0.0041054	0.0059065
70	0.39412	0.59587	0.0039936	0.0060185
71	0.39129	0.5987	0.0039647	0.0060479
72	0.39588	0.59411	0.0040105	0.0060024
73	0.40592	0.58407	0.0041117	0.0059015
74	0.42695	0.56304	0.0043235	0.0056901
75	0.45924	0.53074	0.0046495	0.0053645
76	0.46989	0.52009	0.0047573	0.0052572
77	0.49198	0.49801	0.0049803	0.0050346
78	0.52583	0.46415	0.005323	0.0046925
79	0.52178	0.4682	0.0052819	0.004734
80	0.52283	0.46716	0.0052928	0.0047237
81	0.52909	0.46089	0.0053567	0.0046603
82	0.54134	0.44865	0.0054816	0.0045362
83	0.56584	0.42414	0.0057304	0.004288
84	0.60186	0.38812	0.0060966	0.0039225
85	0.61888	0.37111	0.0062697	0.0037502
86	0.65063	0.33935	0.0065916	0.0034289
87	0.70569	0.28429	0.0071485	0.0028726
88	0.7841	0.20588	0.0079429	0.0020789
89	0.82471	0.16526	0.008354	0.0016684
90	0.89405	0.095928	0.0090544	0.00096849
91	0.90317	0.086809	0.0091467	0.00087673
92	0.90464	0.085334	0.0091621	0.00086198
93	0.90078	0.089191	0.0091233	0.00090131
94	0.90027	0.089704	0.0091187	0.00090665
95	0.90304	0.086935	0.0091474	0.00087864
96	0.91133	0.078646	0.0092318	0.00079492
97	0.92455	0.065423	0.0093665	0.00066104
98	0.94824	0.041728	0.0096068	0.00042145
99	0.98893	0.0010407	0.010018	1.0597e-05
100	0.9753	0.014666	0.0098801	0.00014952
101	0.96784	0.022132	0.0098045	0.00022583
102	0.96441	0.025559	0.0097699	0.00026106
103	0.96334	0.026632	0.0097595	0.00027222
104	0.96516	0.024807	0.0097785	0.000254
105	0.96947	0.0205	0.0098228	0.00021049
106	0.96443	0.025538	0.0097719	0.00026225
107	0.95243	0.037537	0.0096499	0.00038518
108	0.9447	0.045264	0.0095719	0.00046429
109	0.94158	0.04838	0.0095407	0.00049645
110	0.93175	0.058212	0.0094411	0.00059717
111	0.90783	0.082129	0.0091978	0.00084164
112	0.73419	0.25577	0.0074277	0.002613
113	0.61531	0.37465	0.0062181	0.003824
114	0.53139	0.45857	0.0053656	0.0046779
115	0.47234	0.51762	0.0047669	0.0052781
116	0.43841	0.55154	0.0044224	0.0056241
117	0.41996	0.56999	0.0042348	0.0058131
118	0.40915	0.5808	0.0041252	0.0059241
119	0.40667	0.58328	0.0040999	0.0059509
120	0.4118	0.57815	0.0041515	0.0059008
121	0.42253	0.56742	0.00426	0.0057938
122	0.4206	0.56935	0.0042405	0.0058148
123	0.4236	0.56634	0.0042714	0.0057856
124	0.4169	0.57304	0.0042034	0.0058551
125	0.41532	0.57462	0.0041877	0.0058725
126	0.41867	0.57127	0.0042223	0.0058397
127	0.40946	0.58048	0.0041295	0.0059342
128	0.38606	0.60387	0.0038922	0.0061733
129	0.37422	0.61572	0.0037719	0.0062953
130	0.34411	0.64582	0.0034662	0.0066028
131	0.3245	0.66543	0.0032676	0.0068032
132	0.2755	0.71443	0.0027712	0.0073016
133	0.24119	0.74874	0.0024242	0.0076505
134	0.22177	0.76815	0.0022276	0.0078491
135	0.20958	0.78034	0.0021045	0.0079742
136	0.17684	0.81308	0.0017737	0.0083071
137	0.15829	0.83162	0.0015859	0.0084969
138	0.14641	0.8435	0.001466	0.008619
139	0.13948	0.85043	0.0013963	0.0086908
140	0.13651	0.8534	0.0013667	0.0087226
141	0.13707	0.85284	0.001373	0.0087186
142	0.14123	0.84867	0.0014161	0.0086779
143	0.14961	0.84029	0.0015021	0.0085943
144	0.16261	0.82729	0.0016355	0.0084633
145	0.18587	0.80403	0.0018731	0.0082282
146	0.19327	0.79663	0.0019494	0.0081543
147	0.20563	0.78426	0.0020768	0.0080295
148	0.22887	0.76102	0.0023149	0.0077939
149	0.26243	0.72746	0.0026592	0.0074522
150	0.27756	0.71233	0.0028147	0.0072992
151	0.28166	0.70822	0.0028574	0.0072591
152	0.29065	0.69923	0.0029503	0.0071687
153	0.30936	0.68052	0.0031422	0.0069794
154	0.3138	0.67607	0.0031888	0.0069355
155	0.32658	0.6633	0.0033202	0.0068066
156	0.34732	0.64255	0.0035337	0.0065958
157	0.37902	0.61085	0.0038601	0.0062722
158	0.4342	0.55566	0.0044267	0.0057083
159	0.51522	0.47465	0.00526	0.0048777
160	0.55605	0.43381	0.0056803	0.0044601
161	0.5719	0.41796	0.0058449	0.0042984
162	0.55431	0.43555	0.0056672	0.004479
163	0.54371	0.44614	0.0055612	0.0045879
164	0.54145	0.4484	0.0055403	0.0046118
165	0.5469	0.44294	0.0055982	0.0045567
166	0.56157	0.42827	0.0057505	0.0044073
167	0.58529	0.40455	0.0059964	0.0041642
168	0.59497	0.39486	0.0060978	0.0040658
169	0.56666	0.42317	0.0058094	0.0043571
170	0.5089	0.48093	0.005218	0.0049514
171	0.39742	0.59241	0.0040724	0.0060999
172	0.32114	0.66868	0.0032901	0.0068852
173	0.27624	0.71358	0.0028288	0.0073494
174	0.25035	0.73947	0.0025625	0.0076186
175	0.23352	0.75629	0.0023899	0.0077941
176	0.19768	0.79213	0.0020208	0.0081662
177	0.17356	0.81625	0.001773	0.0084171
178	0.1577	0.83211	0.0016103	0.0085828
179	0.14781	0.84199	0.0015092	0.008687
180	0.1421	0.8477	0.0014511	0.0087482
181	0.14167	0.84813	0.0014471	0.0087555
182	0.14641	0.84339	0.0014959	0.0087098
183	0.15554	0.83425	0.0015901	0.0086188
184	0.17332	0.81647	0.0017728	0.0084393
185	0.16426	0.82552	0.00168	0.0085353
186	0.15974	0.83004	0.001634	0.0085845
187	0.16073	0.82905	0.0016445	0.0085773
188	0.16527	0.82451	0.0016918	0.0085334
189	0.17662	0.81316	0.0018089	0.0084196
190	0.17715	0.81261	0.001815	0.0084169
191	0.1696	0.82016	0.0017374	0.0084978
192	0.16602	0.82374	0.0017009	0.0085377
193	0.16597	0.82379	0.0017011	0.008541
194	0.17163	0.81812	0.0017599	0.0084856
195	0.18461	0.80514	0.0018938	0.0083551
196	0.18793	0.80182	0.001928	0.0083242
197	0.19535	0.7944	0.0020047	0.0082509
198	0.20775	0.78199	0.0021332	0.008126
199	0.22664	0.7631	0.0023289	0.0079338
200	0.26029	0.72944	0.0026767	0.0075895
201	0.30998	0.67975	0.0031911	0.0070787
202	0.33061	0.65912	0.0034059	0.0068676
203	0.3621	0.62762	0.0037341	0.0065432
204	0.40742	0.5823	0.0042068	0.0060742
205	0.47419	0.51553	0.0049044	0.0053805
206	0.56887	0.42085	0.0058951	0.0043937
207	0.72846	0.26125	0.0075621	0.0027306
208	0.96133	0.028373	0.0099994	0.00029726
209	0.96319	0.026509	0.010023	0.00027792
210	0.95228	0.03742	0.0099128	0.00039191
211	0.71379	0.2759	0.0074225	0.0028861
212	0.54496	0.44473	0.0056619	0.0046507
213	0.42548	0.5642	0.0044178	0.005899
214	0.34101	0.64867	0.0035394	0.0067815
215	0.29118	0.69849	0.0030207	0.0073044
216	0.25631	0.73336	0.0026583	0.007671
217	0.2322	0.75746	0.0024083	0.0079253
218	0.21927	0.77039	0.0022743	0.0080635
219	0.21203	0.77763	0.0021998	0.0081424
220	0.18979	0.79987	0.0019693	0.0083773
221	0.1379	0.85175	0.0014308	0.0089202
222	0.10726	0.88238	0.0011124	0.0092431
223	0.085708	0.90393	0.00088866	0.0094713
224	0.073396	0.91624	0.00076069	0.0096037
225	0.065108	0.92452	0.00067476	0.0096941
226	0.05985	0.92978	0.00062045	0.009753
227	0.058313	0.93131	0.00060473	0.0097733
228	0.060003	0.92961	0.00062253	0.00976
229	0.056497	0.93312	0.00058591	0.0098011
230	0.055318	0.93429	0.00057371	0.0098179
231	0.056078	0.93353	0.00058184	0.0098144
232	0.060272	0.92933	0.00062568	0.0097751
233	0.067476	0.92212	0.00070113	0.0097043
234	0.078293	0.9113	0.00081458	0.0095956
235	0.094603	0.89498	0.00098596	0.009429
236	0.12267	0.86691	0.0012803	0.0091394
237	0.16378	0.8258	0.0017123	0.0087122
238	0.23315	0.75642	0.0024402	0.007989
239	0.33432	0.65525	0.0035043	0.0069299
240	0.34656	0.643	0.0036342	0.0068048
241	0.37038	0.61918	0.0038852	0.0065585
242	0.40643	0.58312	0.0042657	0.0061829
243	0.45814	0.53141	0.0048121	0.0056415
244	0.47905	0.51049	0.005035	0.0054236
245	0.51696	0.47258	0.0054367	0.0050268
246	0.57323	0.4163	0.0060337	0.0044349
247	0.60144	0.38808	0.0063341	0.0041395
248	0.64396	0.34557	0.0067866	0.003692
249	0.64169	0.34783	0.0067656	0.0037182
250	0.62799	0.36152	0.0066227	0.0038662
251	0.62098	0.36852	0.0065512	0.0039429
252	0.6192	0.37031	0.0065354	0.003964
253	0.625	0.36449	0.0066	0.0039046
254	0.63722	0.35227	0.0067333	0.0037767
255	0.65761	0.33187	0.0069541	0.0035613
256	0.66339	0.32609	0.0070191	0.0035017
257	0.67549	0.31398	0.0071518	0.0033745
258	0.69564	0.29382	0.0073712	0.0031607
259	0.70087	0.28859	0.0074314	0.003106
260	0.71161	0.27784	0.0075511	0.002992
261	0.73326	0.25619	0.0077874	0.0027614
262	0.76639	0.22306	0.0081478	0.0024068
263	0.81576	0.17368	0.0086842	0.0018762
264	0.89967	0.089763	0.009592	0.0009742
265	0.9102	0.079231	0.009711	0.00086111
266	0.91397	0.075453	0.009757	0.00082092
267	0.9214	0.068018	0.0098427	0.00074112
268	0.91202	0.077387	0.0097474	0.00084245
269	0.9067	0.082702	0.009696	0.00090004
270	0.90479	0.084603	0.0096814	0.00092078
271	0.90634	0.083051	0.0097044	0.00090413
272	0.88291	0.10648	0.0094588	0.0011561
273	0.87013	0.11924	0.0093272	0.0012941
274	0.86248	0.1269	0.0092508	0.0013769
275	0.86086	0.1285	0.0092392	0.0013949
276	0.86484	0.12452	0.0092877	0.0013528
277	0.87349	0.11586	0.0093871	0.0012597
278	0.86245	0.12689	0.0092733	0.0013799
279	0.85621	0.13313	0.0092116	0.0014481
280	0.85578	0.13355	0.0092124	0.0014537
281	0.85949	0.12983	0.0092584	0.0014142
282	0.86789	0.12143	0.0093555	0.0013237
283	0.86799	0.12133	0.009363	0.001323
284	0.86138	0.12793	0.0092974	0.0013952
285	0.85883	0.13048	0.009276	0.0014234
286	0.86186	0.12744	0.0093149	0.0013911
287	0.87134	0.11795	0.0094238	0.0012889
288	0.88996	0.099321	0.0096317	0.0010875
289	0.86922	0.12005	0.0094107	0.0013151
290	0.85553	0.13373	0.0092668	0.0014656
291	0.84767	0.14159	0.0091867	0.0015525
292	0.84414	0.14511	0.0091541	0.0015919
293	0.84644	0.14281	0.0091847	0.001568
294	0.85329	0.13595	0.0092654	0.0014942
295	0.86567	0.12356	0.009407	0.0013596
296	0.86854	0.12068	0.0094449	0.0013287
297	0.87545	0.11377	0.0095274	0.0012534
298	0.89	0.099217	0.0096935	0.0010944
299	0.91178	0.077429	0.0099397	0.0008554
300	0.94447	0.044728	0.010307	0.00049529
301	0.93844	0.05075	0.010248	0.00056141
302	0.93676	0.052421	0.010237	0.00058001
303	0.93795	0.051226	0.010258	0.00056699
304	0.93507	0.054097	0.010233	0.00059886
305	0.93515	0.054016	0.010241	0.00059816
306	0.93924	0.04991	0.010294	0.00055324
307	0.93814	0.051004	0.010289	0.00056551
308	0.93966	0.049475	0.010313	0.00054877
309	0.94545	0.043676	0.010385	0.00048497
310	0.94589	0.043235	0.010397	0.00048024
311	0.94166	0.047454	0.010358	0.00052688
312	0.9413	0.04781	0.010362	0.00053104
313	0.93559	0.053505	0.010306	0.00059408
314	0.93424	0.054855	0.010299	0.00060933
315	0.93579	0.053289	0.010324	0.00059219
316	0.94049	0.048583	0.010384	0.00054004
317	0.95068	0.038389	0.010505	0.00042701
318	0.96603	0.023031	0.010684	0.00025609
319	0.9607	0.028357	0.010633	0.0003151
320	0.95813	0.030918	0.010612	0.00034347
321	0.95867	0.030361	0.010627	0.00033738
322	0.94347	0.045554	0.010467	0.00050557
323	0.93546	0.053558	0.010386	0.00059458
324	0.91555	0.073466	0.010173	0.00081538
325	0.90486	0.084146	0.010062	0.00093445
326	0.90036	0.088633	0.010019	0.00098504
327	0.90072	0.088267	0.010031	0.00098183
328	0.87105	0.11793	0.0097076	0.0013129
329	0.85152	0.13746	0.0094977	0.001531
330	0.8388	0.15016	0.0093638	0.0016732
331	0.83362	0.15534	0.0093133	0.0017319
332	0.8345	0.15444	0.0093302	0.0017232
333	0.8416	0.14734	0.0094163	0.0016452
334	0.8544	0.13453	0.0095668	0.0015029
335	0.87838	0.11055	0.0098421	0.0012358
336	0.91999	0.068923	0.010315	0.00077146
337	0.93873	0.05018	0.010531	0.00056274
338	0.93827	0.050625	0.010534	0.00056833
339	0.94166	0.047225	0.01058	0.00053087
340	0.94017	0.048708	0.010571	0.00054812
341	0.94239	0.046481	0.010603	0.00052377
342	0.94748	0.04139	0.010668	0.00046701
343	0.94859	0.04027	0.010688	0.00045501
344	0.95247	0.036377	0.01074	0.0004116
345	0.96111	0.027729	0.010845	0.00031465
346	0.95892	0.029915	0.010828	0.00034007
347	0.95138	0.037447	0.01075	0.0004263
348	0.94703	0.041787	0.010709	0.00047619
349	0.94535	0.043456	0.010698	0.00049568
350	0.94721	0.041593	0.010727	0.00047516
351	0.95176	0.03703	0.010786	0.00042382
352	0.95166	0.037119	0.010794	0.00042528
353	0.95392	0.034854	0.010828	0.00039981
354	0.96013	0.028639	0.010907	0.00032938
355	0.95516	0.033597	0.010859	0.00038652
356	0.95299	0.035752	0.010842	0.00041155
357	0.95332	0.035415	0.010855	0.00040798
358	0.94923	0.039499	0.010817	0.00045497
359	0.9368	0.051924	0.010684	0.00059732
360	0.92888	0.059833	0.010603	0.00068805
361	0.92591	0.062789	0.010577	0.0007224
362	0.92607	0.062623	0.010588	0.00072085
363	0.92937	0.059311	0.010636	0.00068301
364	0.93774	0.050928	0.010741	0.00058691
365	0.95078	0.037884	0.010901	0.00043666
366	0.97401	0.014648	0.011178	0.00016884
367	0.97252	0.01612	0.011171	0.00018584
368	0.97276	0.015878	0.011183	0.00018308
369	0.97547	0.013151	0.011224	0.00015174
370	0.97612	0.012492	0.01124	0.00014428
371	0.97856	0.010049	0.011278	0.00011614
372	0.97921	0.009389	0.011295	0.00010862
373	0.98149	0.0071009	0.011331	8.2208e-05
374	0.98648	0.0020982	0.011398	2.4418e-05
375	0.98493	0.0036414	0.01139	4.2376e-05
376	0.98456	0.0039986	0.011395	4.6564e-05
377	0.98533	0.0032212	0.011414	3.7552e-05
378	0.98504	0.0034986	0.011421	4.0841e-05
379	0.98357	0.0049578	0.011414	5.7883e-05
380	0.97234	0.016175	0.011292	0.00018897
381	0.96495	0.02356	0.011216	0.00027535
382	0.95054	0.037959	0.011057	0.00044413
383	0.94293	0.045562	0.010977	0.00053382
384	0.93888	0.049602	0.010939	0.00058177
385	0.93877	0.049696	0.010947	0.00058372
386	0.9413	0.047156	0.010986	0.00055474
387	0.94677	0.041678	0.01106	0.00049117
388	0.94721	0.041229	0.011074	0.0004864
389	0.94326	0.04517	0.011038	0.0005331
390	0.93178	0.056636	0.010913	0.00066813
391	0.85614	0.13227	0.010033	0.0015586
392	0.803	0.1854	0.0094175	0.0021848
393	0.77247	0.21592	0.0090661	0.0025466
394	0.75183	0.23654	0.0088313	0.0027918
395	0.74174	0.24663	0.00872	0.0029136
396	0.73735	0.25101	0.0086761	0.002968
397	0.73984	0.2485	0.0087132	0.0029414
398	0.74725	0.24108	0.0088087	0.0028565
399	0.74439	0.24394	0.0087832	0.0028926
400	0.7461	0.24222	0.0088121	0.0028745
401	0.75259	0.23571	0.0088981	0.0027994
402	0.76784	0.22045	0.0090881	0.0026202
403	0.77284	0.21544	0.0091561	0.002563
404	0.78349	0.20478	0.0092918	0.0024382
405	0.80474	0.18352	0.0095536	0.0021872
406	0.8423	0.14595	0.01001	0.0017419
407	0.89613	0.092108	0.010661	0.001101
408	0.97521	0.013017	0.011618	0.00015554
409	0.98771	0.00050562	0.011778	6.0573e-06
410	0.98588	0.0023258	0.011768	2.7784e-05
411	0.98513	0.0030615	0.01177	3.6561e-05
412	0.98345	0.0047302	0.011761	5.6539e-05
413	0.98335	0.0048244	0.011771	5.7749e-05
414	0.98479	0.0033699	0.011799	4.0455e-05
415	0.98271	0.0054433	0.011785	6.5442e-05
416	0.98201	0.0061248	0.011788	7.3692e-05
417	0.98297	0.0051573	0.011811	6.2173e-05
418	0.98209	0.0060235	0.011812	7.2678e-05
419	0.97986	0.0082456	0.011796	9.9629e-05
420	0.9791	0.0089949	0.011798	0.00010879
421	0.97972	0.0083614	0.011817	0.00010122
422	0.98191	0.0061628	0.011855	7.4633e-05
423	0.98235	0.0057046	0.011873	6.9046e-05
424	0.98173	0.0063134	0.011877	7.6413e-05
425	0.98278	0.0052518	0.011901	6.3605e-05
426	0.98578	0.0022467	0.011949	2.7269e-05
427	0.98711	0.00090547	0.011977	1.1005e-05
428	0.98685	0.0011548	0.011985	1.4066e-05
429	0.98736	0.00062512	0.012003	7.6373e-06
430	0.9841	0.0038809	0.011975	4.7501e-05
431	0.97705	0.01092	0.011901	0.00013366
432	0.97263	0.015323	0.011859	0.00018762
433	0.97046	0.017478	0.011844	0.0002141
434	0.97081	0.017115	0.01186	0.00020992
435	0.97378	0.014134	0.011908	0.00017374
436	0.97383	0.014073	0.01192	0.00017323
437	0.96329	0.024601	0.011803	0.0003028
438	0.95785	0.030027	0.011748	0.00037001
439	0.95505	0.032822	0.011725	0.00040483
440	0.9555	0.032363	0.011742	0.00039975
441	0.95932	0.028522	0.011801	0.00035312
442	0.93549	0.052345	0.011516	0.00064972
443	0.91922	0.068599	0.011325	0.00085241
444	0.90899	0.078817	0.01121	0.00098024
445	0.88756	0.10024	0.010954	0.0012481
446	0.87326	0.11452	0.010787	0.0014271
447	0.86653	0.12124	0.010714	0.0015127
448	0.84722	0.14054	0.010484	0.001755
449	0.83745	0.1503	0.010372	0.001879
450	0.83277	0.15496	0.010324	0.0019394
451	0.83251	0.15521	0.010331	0.0019448
452	0.83663	0.15109	0.010393	0.0018952
453	0.84527	0.14242	0.010512	0.0017887
454	0.86006	0.12762	0.010709	0.0016046
455	0.88312	0.10455	0.01101	0.0013158
456	0.9232	0.06446	0.011526	0.0008129
457	0.80932	0.17833	0.010114	0.0022383
458	0.73156	0.25608	0.0091526	0.0032125
459	0.67696	0.31066	0.0084803	0.0038979
460	0.57082	0.41678	0.00716	0.0052314
461	0.50869	0.47891	0.0063872	0.0060172
462	0.47259	0.51499	0.0059394	0.006478
463	0.38577	0.6018	0.0048531	0.0075774
464	0.33502	0.65254	0.0042179	0.0082257
465	0.29956	0.68799	0.0037752	0.0086816
466	0.27962	0.70791	0.003527	0.0089429
467	0.2667	0.72082	0.0033675	0.0091156
468	0.26174	0.72576	0.0033081	0.0091882
469	0.26338	0.72411	0.0033319	0.0091776
470	0.25386	0.73362	0.0032145	0.0093082
471	0.25157	0.7359	0.0031884	0.0093475
472	0.23848	0.74898	0.0030244	0.0095247
473	0.23121	0.75623	0.0029347	0.0096276
474	0.22832	0.7591	0.0029009	0.0096748
475	0.18003	0.80738	0.0022869	0.010302
476	0.146	0.8414	0.0018548	0.010748
477	0.12215	0.86524	0.0015524	0.011064
478	0.10881	0.87856	0.0013833	0.011246
479	0.10045	0.88691	0.0012778	0.011365
480	0.078043	0.9093	0.00099288	0.011664
481	0.062309	0.92502	0.00079305	0.011877
482	0.051359	0.93596	0.00065419	0.01203
483	0.043876	0.94343	0.00055953	0.012138
484	0.039204	0.94808	0.00050076	0.012211
485	0.037527	0.94975	0.00048006	0.012246
486	0.037583	0.94968	0.00048169	0.012258
487	0.033274	0.95397	0.00042705	0.012327
488	0.031699	0.95553	0.00040733	0.01236
489	0.031522	0.9557	0.0004057	0.012376
490	0.027131	0.96007	0.0003495	0.012446
491	0.024553	0.96264	0.00031673	0.012493
492	0.023267	0.96391	0.00030069	0.012523
493	0.017901	0.96926	0.00023163	0.012606
494	0.015036	0.97211	0.00019473	0.012657
495	0.013883	0.97325	0.00017991	0.012686
496	0.013636	0.97348	0.00017691	0.012703
497	0.014769	0.97234	0.00019178	0.012703
498	0.016957	0.97013	0.00022052	0.012688
499	0.021365	0.96571	0.00027816	0.012645
500	0.029243	0.95782	0.000381	0.012556
501	0.040373	0.94668	0.00052671	0.012425
502	0.059463	0.92757	0.00077634	0.012189
503	0.067084	0.91994	0.00087639	0.012103
504	0.081139	0.90587	0.0010604	0.011934
505	0.10128	0.88572	0.0013246	0.011684
506	0.12992	0.85706	0.0017013	0.011321
507	0.17187	0.81509	0.0022545	0.010782
508	0.2312	0.75575	0.0030388	0.010013
509	0.33197	0.65496	0.0043696	0.0086964
510	0.47892	0.508	0.0063157	0.0067649
511	0.49696	0.48995	0.0065618	0.0065335
512	0.52421	0.46268	0.0069313	0.0061788
513	0.57195	0.41492	0.0075733	0.0055516
514	0.64239	0.34447	0.0085201	0.0046196
515	0.74566	0.24119	0.0099094	0.0032453
516	0.91969	0.067137	0.012244	0.00092513
517	0.92541	0.061405	0.012335	0.00085009
518	0.93741	0.049389	0.012509	0.00069073
519	0.95893	0.027858	0.012811	0.00040386
520	0.93907	0.047702	0.012538	0.00069203
521	0.92817	0.058584	0.012393	0.00085207
522	0.92179	0.064953	0.012312	0.00094759
523	0.919	0.067727	0.012283	0.0009921
524	0.9194	0.067305	0.012299	0.00099175
525	0.92281	0.063888	0.012356	0.00094977
526	0.9095	0.077178	0.012172	0.0011493
527	0.90303	0.083634	0.012087	0.0012497
528	0.90014	0.086507	0.012054	0.0012985
529	0.85736	0.12927	0.011425	0.0019425
530	0.82869	0.15793	0.011007	0.0023764
531	0.81303	0.17357	0.010781	0.0026179
532	0.77445	0.21213	0.010211	0.0032038
533	0.75284	0.23373	0.0098926	0.0035373
534	0.73948	0.24708	0.0096971	0.0037486
535	0.71012	0.27642	0.0092596	0.0042018
536	0.69119	0.29533	0.0089784	0.0044987
537	0.67998	0.30653	0.0088116	0.0046814
538	0.65027	0.33622	0.0083667	0.0051424
539	0.63116	0.35532	0.0080806	0.0054446
540	0.61932	0.36714	0.0079022	0.0056392
541	0.61332	0.37312	0.007809	0.0057487
542	0.61493	0.3715	0.007823	0.0057511
543	0.62471	0.3617	0.0079475	0.0056428
544	0.60375	0.38265	0.0076244	0.0059821
545	0.5905	0.39588	0.0074178	0.006205
546	0.58336	0.403	0.007302	0.0063372
547	0.55917	0.42717	0.0069265	0.0067292
548	0.54696	0.43936	0.0067321	0.0069402
549	0.54338	0.44293	0.0066639	0.0070248
550	0.54486	0.44143	0.0066671	0.0070382
551	0.55159	0.43468	0.0067412	0.0069806
552	0.56795	0.41831	0.0069398	0.0067987
553	0.59395	0.39229	0.0072606	0.0064946
554	0.632	0.35423	0.007733	0.0060391
555	0.68668	0.29954	0.0084138	0.0053752
556	0.76454	0.22165	0.0093853	0.0044208
557	0.79786	0.18836	0.010043	0.003745
558	0.84582	0.14041	0.010986	0.0027839
559	0.83564	0.15061	0.010854	0.0028977
560	0.83224	0.15402	0.010819	0.0029144
561	0.83478	0.1515	0.010877	0.0028387
562	0.81052	0.17578	0.010552	0.0031455
563	0.79505	0.19127	0.010345	0.0033341
564	0.78813	0.19821	0.010255	0.0034059
565	0.71057	0.27578	0.0092348	0.0044087
566	0.6655	0.32088	0.0086385	0.0049869
567	0.63437	0.35202	0.0082267	0.0053809
568	0.61773	0.36868	0.0080052	0.0055844
569	0.61071	0.37572	0.0079122	0.0056594
570	0.61139	0.37506	0.0079247	0.005629
571	0.61994	0.36652	0.0080483	0.0054872
572	0.63557	0.35091	0.0082745	0.0052431
573	0.66512	0.32138	0.0087029	0.0047967
574	0.65837	0.32815	0.0086091	0.0048726
575	0.65923	0.32731	0.0086198	0.004844
576	0.6656	0.32095	0.0087082	0.0047378
577	0.66291	0.32366	0.0086687	0.0047594
578	0.6651	0.32149	0.008697	0.0047134
579	0.67243	0.31418	0.0087975	0.0045953
580	0.6893	0.29732	0.009033	0.0043422
581	0.69314	0.2935	0.009082	0.0042754
582	0.70278	0.28388	0.0092126	0.0041272
583	0.70112	0.28556	0.0091852	0.004137
584	0.70664	0.28006	0.0092567	0.004048
585	0.71825	0.26846	0.0094136	0.0038738
586	0.73762	0.24911	0.0096801	0.00359
587	0.76753	0.21921	0.010096	0.0031568
588	0.78021	0.20656	0.010267	0.0029693
589	0.76549	0.22129	0.010061	0.0031579
590	0.75728	0.22951	0.0099433	0.0032589
591	0.75441	0.23241	0.0098976	0.0032878
592	0.75644	0.23039	0.0099191	0.0032498
593	0.76591	0.22094	0.010042	0.00311
594	0.7853	0.20156	0.010303	0.0028331
595	0.81511	0.17177	0.010708	0.0024112
596	0.85963	0.12727	0.011319	0.0017841
597	0.92316	0.063754	0.012195	0.00089172
598	0.95618	0.030749	0.012641	0.00042936
599	0.97352	0.013431	0.012866	0.00018754
600	0.97117	0.015788	0.012819	0.00021806
601	0.96282	0.024155	0.012693	0.0003283
602	0.94612	0.040873	0.012455	0.00054909
603	0.93537	0.051637	0.012298	0.00069032
604	0.91375	0.073273	0.011997	0.00097504
605	0.90189	0.085155	0.011825	0.0011307
606	0.89469	0.092371	0.011715	0.0012243
607	0.89292	0.094157	0.011676	0.0012464
608	0.89474	0.092351	0.011685	0.0012211
609	0.90009	0.087017	0.011741	0.0011494
610	0.89866	0.088464	0.011708	0.0011666
611	0.90198	0.085165	0.011737	0.0011218
612	0.8989	0.08826	0.011682	0.0011606
613	0.90062	0.086556	0.01169	0.0011369
614	0.90609	0.081101	0.011747	0.0010641
615	0.91609	0.071113	0.011863	0.00093212
616	0.91873	0.068494	0.011883	0.00089641
617	0.92468	0.062558	0.011947	0.0008174
618	0.92578	0.061475	0.011947	0.00080193
619	0.92984	0.057426	0.011985	0.00074787
620	0.93931	0.047968	0.012094	0.00062395
621	0.94318	0.044121	0.012129	0.00057325
622	0.93244	0.054874	0.011976	0.00071079
623	0.92584	0.061493	0.011877	0.00079466
624	0.92396	0.063388	0.011838	0.00081786
625	0.92626	0.061099	0.011853	0.00078743
626	0.93199	0.055384	0.011913	0.00071293
627	0.94197	0.04542	0.012027	0.00058386
628	0.93858	0.048824	0.011969	0.00062654
629	0.93788	0.049544	0.011946	0.00063471
630	0.94101	0.046428	0.011971	0.00059405
631	0.94886	0.038592	0.012056	0.0004935
632	0.94411	0.043356	0.011981	0.00055344
633	0.94212	0.045361	0.011942	0.00057806
634	0.94265	0.044847	0.011934	0.00057055
635	0.94704	0.04047	0.011976	0.00051418
636	0.95654	0.030987	0.012082	0.00039343
637	0.96069	0.026855	0.012119	0.0003408
638	0.96803	0.019529	0.012197	0.00024781
639	0.97923	0.0083387	0.012324	0.00010605
640	0.97674	0.010844	0.012278	0.0001377
641	0.97055	0.017049	0.012185	0.00021596
642	0.96691	0.020706	0.012125	0.00026182
643	0.95775	0.029881	0.011995	0.00037681
644	0.9523	0.035339	0.011913	0.00044472
645	0.95063	0.037028	0.011878	0.0004654
646	0.94499	0.04268	0.011793	0.00053582
647	0.94246	0.045224	0.011747	0.00056705
648	0.94354	0.044158	0.011747	0.00055325
649	0.88725	0.10046	0.01103	0.0012555
650	0.85464	0.13309	0.01061	0.0016615
651	0.83309	0.15465	0.010329	0.001928
652	0.78264	0.20511	0.0096909	0.0025524
653	0.75379	0.23398	0.009321	0.002908
654	0.73516	0.25263	0.0090795	0.0031356
655	0.68982	0.29798	0.0085091	0.0036921
656	0.66424	0.32357	0.0081831	0.0040041
657	0.64813	0.3397	0.0079752	0.0041981
658	0.64143	0.34641	0.0078835	0.004276
659	0.63988	0.34797	0.0078555	0.0042901
660	0.64376	0.34411	0.0078946	0.0042373
661	0.65306	0.33482	0.0080008	0.0041175
662	0.67303	0.31487	0.0082373	0.0038674
663	0.70932	0.27859	0.0086729	0.0034181
664	0.76329	0.22463	0.0093252	0.0027522
665	0.85493	0.13301	0.010436	0.001628
666	0.9027	0.085248	0.011007	0.0010433
667	0.907	0.080963	0.011047	0.00098979
668	0.89077	0.097206	0.010837	0.0011861
669	0.88033	0.10766	0.010698	0.0013114
670	0.87634	0.11167	0.010638	0.0013584
671	0.87765	0.11037	0.010642	0.0013412
672	0.88454	0.10349	0.010713	0.0012564
673	0.89618	0.09186	0.010842	0.0011141
674	0.91767	0.070385	0.011089	0.00085349
675	0.94886	0.039213	0.011453	0.00047578
676	0.96374	0.024347	0.01162	0.00029549
677	0.97002	0.018081	0.011683	0.00021933
678	0.98009	0.0080235	0.011792	9.731e-05
679	0.98079	0.0073378	0.011788	8.8921e-05
680	0.9799	0.008233	0.011764	9.9569e-05
681	0.98084	0.0073124	0.011762	8.841e-05
682	0.98003	0.0081305	0.01174	9.8156e-05
683	0.98056	0.0076108	0.011733	9.1776e-05
684	0.9825	0.0056906	0.011744	6.8564e-05
685	0.98606	0.0021391	0.011774	2.577e-05
686	0.98794	0.0002697	0.011784	3.2495e-06
687	0.98815	7.7712e-05	0.011774	9.3471e-07
688	0.98752	0.00072192	0.011754	8.629e-06
689	0.98637	0.0018742	0.011728	2.235e-05
690	0.9839	0.0043582	0.011687	5.1847e-05
691	0.98277	0.0055038	0.011662	6.5347e-05
692	0.98322	0.0050691	0.011655	6.0127e-05
693	0.98498	0.0033192	0.011664	3.9284e-05
694	0.98578	0.0025292	0.011661	2.9888e-05
695	0.9859	0.0024207	0.011651	2.8588e-05
696	0.98547	0.0028576	0.011634	3.3755e-05
697	0.98387	0.00447	0.011603	5.2753e-05
698	0.98383	0.0045262	0.01159	5.3407e-05
699	0.98272	0.0056531	0.011565	6.6634e-05
700	0.98288	0.0055	0.011555	6.473e-05
701	0.98474	0.0036538	0.011565	4.298e-05
702	0.98549	0.0029129	0.011562	3.4283e-05
703	0.98532	0.0031	0.011548	3.6465e-05
704	0.9862	0.0022267	0.011547	2.6178e-05
705	0.98827	0.00016732	0.01156	1.9719e-06
706	0.98731	0.0011366	0.011537	1.333e-05
707	0.98721	0.0012496	0.011525	1.4636e-05
708	0.98795	0.00052269	0.011522	6.1106e-06
709	0.90259	0.085896	0.010515	0.0010021
710	0.85264	0.13585	0.0099213	0.0015843
711	0.81785	0.17066	0.0095064	0.001988
712	0.75041	0.23811	0.0087114	0.0027719
713	0.70317	0.28536	0.008154	0.0033182
714	0.67641	0.31213	0.0078348	0.0036263
715	0.62225	0.3663	0.0071969	0.0042529
716	0.58586	0.40271	0.0067676	0.0046712
717	0.56107	0.4275	0.0064742	0.0049536
718	0.54561	0.44297	0.0062896	0.0051272
719	0.53969	0.4489	0.0062151	0.0051908
720	0.5415	0.4471	0.0062295	0.0051654
721	0.53295	0.45567	0.0061242	0.0052597
722	0.52984	0.45879	0.006082	0.0052909
723	0.5318	0.45684	0.0060986	0.0052635
724	0.54202	0.44663	0.0062096	0.0051416
725	0.55987	0.42879	0.0064082	0.0049321
726	0.5879	0.40077	0.0067239	0.0046058
727	0.63015	0.35853	0.0072029	0.0041161
728	0.70305	0.28564	0.0080314	0.003277
729	0.8099	0.1788	0.0092491	0.0020487
730	0.86568	0.12303	0.0098785	0.0014087
731	0.8723	0.11642	0.0099445	0.001332
732	0.88372	0.10501	0.010065	0.0012005
733	0.90131	0.087431	0.010257	0.00099838
734	0.93231	0.056443	0.010601	0.00064427
735	0.97674	0.012029	0.011097	0.00013714
736	0.9777	0.011079	0.011098	0.00012607
737	0.98102	0.0077669	0.011126	8.8241e-05
738	0.98762	0.0011801	0.01119	1.341e-05
739	0.98721	0.0015984	0.011175	1.8117e-05
740	0.98634	0.0024723	0.011155	2.7997e-05
741	0.98669	0.0021393	0.011148	2.4241e-05
742	0.98415	0.0046893	0.011109	5.319e-05
743	0.98298	0.0058707	0.011085	6.6554e-05
744	0.98303	0.0058254	0.011075	6.6003e-05
745	0.98179	0.0070825	0.011051	8.0123e-05
746	0.97858	0.010297	0.011004	0.00011638
747	0.9771	0.011788	0.010977	0.00013308
748	0.97295	0.015954	0.010921	0.00017977
749	0.97087	0.018043	0.010888	0.00020298
750	0.9713	0.017622	0.010882	0.00019807
751	0.9737	0.015232	0.0109	0.000171
752	0.97933	0.0096082	0.010953	0.00010785
753	0.98831	0.0006415	0.011044	7.211e-06
754	0.98856	0.00039537	0.011037	4.439e-06
755	0.98875	0.0002176	0.011029	2.439e-06
756	0.98894	3.9317e-05	0.011022	4.403e-07
757	0.98761	0.0013805	0.010997	1.5391e-05
758	0.98723	0.0017676	0.010984	1.967e-05
759	0.98793	0.0010722	0.010982	1.193e-05
760	0.98702	0.0019992	0.010962	2.2261e-05
761	0.98705	0.0019715	0.010953	2.1943e-05
762	0.988	0.0010337	0.010954	1.1499e-05
763	0.98717	0.001876	0.010936	2.081e-05
764	0.98746	0.0015954	0.01093	1.7694e-05
765	0.9887	0.00035793	0.010935	3.9666e-06
766	0.98876	0.00031161	0.010926	3.4379e-06
767	0.98804	0.0010425	0.010909	1.1486e-05
768	0.98651	0.0025757	0.010883	2.831e-05
769	0.98631	0.0027824	0.010872	3.054e-05
770	0.98714	0.0019623	0.010873	2.1437e-05
771	0.98745	0.00166	0.010867	1.8045e-05
772	0.98723	0.0018983	0.010856	2.0516e-05
773	0.98629	0.0028437	0.010837	3.0563e-05
774	0.98634	0.0027972	0.010829	2.9762e-05
775	0.98772	0.0014321	0.010836	1.461e-05
776	0.9869	0.0022552	0.010819	2.2592e-05
777	0.98706	0.0021056	0.010813	2.0195e-05
778	0.98816	0.0010143	0.010817	7.6588e-06
779	0.9888	0.00033055	0.010871	2.7651e-06
780	0.98857	0.00050895	0.010917	5.1044e-06
781	0.9883	0.00073387	0.010963	7.814e-06
782	0.98876	0.00022124	0.011017	2.3917e-06
783	0.98867	0.00025829	0.011066	2.8624e-06
784	0.98772	0.0011593	0.011105	1.3003e-05
785	0.98777	0.0010664	0.011155	1.2034e-05
786	0.98861	0.00017048	0.011214	1.9299e-06
787	0.98872	1.5145e-05	0.011265	1.7235e-07
788	0.98833	0.00035881	0.01131	4.114e-06
789	0.98858	5.9852e-05	0.011363	6.8981e-07
790	0.98827	0.00031587	0.011409	3.6671e-06
791	0.98792	0.00061748	0.011455	7.2063e-06
792	0.98734	0.0011528	0.011499	1.3511e-05
793	0.98616	0.0022793	0.011535	2.6804e-05
794	0.98599	0.0023973	0.011584	2.8313e-05
795	0.98676	0.0015746	0.011644	1.8688e-05
796	0.98706	0.0012224	0.011699	1.4609e-05
797	0.98695	0.0012846	0.011749	1.5442e-05
798	0.98636	0.0018227	0.011793	2.2007e-05
799	0.98051	0.007619	0.011774	9.2158e-05
800	0.9687	0.019378	0.011683	0.00023508
801	0.94428	0.043755	0.011437	0.00053238
802	0.88871	0.09927	0.010811	0.0012112
803	0.85651	0.13142	0.010463	0.0016105
804	0.83523	0.15264	0.010248	0.0018784
805	0.82182	0.166	0.010127	0.0020511
806	0.81627	0.1715	0.010103	0.0021282
807	0.81692	0.1708	0.010154	0.0021289
808	0.82396	0.1637	0.010285	0.00205
809	0.83935	0.14827	0.010521	0.0018661
810	0.86336	0.1242	0.010868	0.0015716
811	0.86138	0.12613	0.010889	0.0016035
812	0.86492	0.12253	0.010979	0.0015655
813	0.87263	0.11477	0.011123	0.0014737
814	0.87218	0.11517	0.011164	0.0014856
815	0.87565	0.11164	0.011256	0.0014468
816	0.88355	0.10369	0.011406	0.0013501
817	0.87056	0.11663	0.011285	0.0015243
818	0.86483	0.1223	0.011258	0.0016051
819	0.86299	0.12409	0.011281	0.0016354
820	0.85418	0.13285	0.011212	0.0017581
821	0.85013	0.13684	0.011206	0.0018184
822	0.84995	0.13697	0.011251	0.0018275
823	0.84073	0.14613	0.011176	0.0019571
824	0.8381	0.14871	0.011188	0.0019997
825	0.83939	0.14737	0.011252	0.0019897
826	0.84697	0.13974	0.011402	0.0018948
827	0.86301	0.12364	0.011666	0.0016847
828	0.88696	0.099634	0.012041	0.0013645
829	0.89637	0.090172	0.01222	0.0012404
830	0.91118	0.075305	0.012475	0.0010405
831	0.93318	0.053246	0.012833	0.00073889
832	0.94231	0.044067	0.013013	0.00061382
833	0.94597	0.040345	0.013119	0.00056418
834	0.95271	0.033549	0.013268	0.00047086
835	0.96567	0.020535	0.013505	0.00028945
836	0.97124	0.014905	0.01364	0.00021081
837	0.98182	0.0042685	0.013846	6.0632e-05
838	0.9808	0.0052352	0.013888	7.458e-05
839	0.98132	0.0046613	0.013952	6.6736e-05
840	0.98066	0.0052692	0.013999	7.5722e-05
841	0.98122	0.0046469	0.014064	6.7054e-05
842	0.98302	0.0027895	0.014148	4.0435e-05
843	0.98357	0.0021872	0.014213	3.1806e-05
844	0.98121	0.0044864	0.014237	6.538e-05
845	0.98055	0.0050943	0.014284	7.4588e-05
846	0.9811	0.0044855	0.01435	6.5987e-05
847	0.98043	0.0050923	0.014398	7.5186e-05
848	0.97861	0.0068572	0.014429	0.00010166
849	0.97813	0.0072813	0.01448	0.0001084
850	0.97894	0.006416	0.01455	9.5915e-05
851	0.98114	0.0041574	0.014642	6.2422e-05
852	0.985	0.00023461	0.01476	3.5425e-06
853	0.98511	7.0786e-05	0.014821	1.0717e-06
854	0.98262	0.0025002	0.014843	3.7946e-05
855	0.9657	0.019362	0.014645	0.00029458
856	0.95421	0.030795	0.014529	0.00047008
857	0.94825	0.036692	0.014496	0.00056245
858	0.94513	0.039751	0.014506	0.00061172
859	0.94549	0.039338	0.014569	0.00060794
860	0.94828	0.036482	0.01467	0.00056614
861	0.95386	0.030842	0.014816	0.00048051
862	0.96483	0.019812	0.015046	0.0003102
863	0.98162	0.0029664	0.01537	4.6905e-05
864	0.98157	0.0029504	0.01543	4.6862e-05
865	0.9766	0.0078616	0.015413	0.00012497
866	0.97378	0.01062	0.01543	0.00016934
867	0.97272	0.011622	0.015475	0.00018595
868	0.97327	0.011013	0.015546	0.00017682
869	0.97609	0.0081224	0.015653	0.00013102
870	0.97717	0.0069838	0.015733	0.00011323
871	0.97698	0.0071082	0.015791	0.00011586
872	0.97502	0.0090075	0.015822	0.00014741
873	0.97452	0.0094477	0.015876	0.00015528
874	0.97542	0.0084821	0.015954	0.00014006
875	0.97497	0.0088713	0.016009	0.00014718
876	0.97599	0.0077904	0.016089	0.00012994
877	0.97863	0.0050843	0.016196	8.5486e-05
878	0.97946	0.0041924	0.016274	7.097e-05
879	0.96758	0.01601	0.016138	0.00027071
880	0.96118	0.022349	0.016093	0.0003795
881	0.95764	0.025825	0.016096	0.00044034
882	0.95646	0.026939	0.016139	0.00046134
883	0.95733	0.026006	0.016218	0.00044749
884	0.9546	0.028671	0.016235	0.00049512
885	0.95405	0.029159	0.01629	0.00050554
886	0.93551	0.047624	0.016035	0.00082639
887	0.89332	0.089754	0.015368	0.0015587
888	0.80082	0.18219	0.013825	0.0031681
889	0.59079	0.39215	0.010229	0.0068307
890	0.44683	0.53604	0.0077624	0.0093647
891	0.34823	0.63457	0.0060719	0.011122
892	0.29039	0.69235	0.0050806	0.012181
893	0.25111	0.73157	0.0044096	0.012919
894	0.22376	0.75884	0.003945	0.013452
895	0.16843	0.81411	0.0029794	0.014485
896	0.12932	0.85315	0.0022961	0.015236
897	0.10662	0.87578	0.0018994	0.015701
898	0.093888	0.88844	0.0016779	0.01599
899	0.085838	0.89643	0.0015395	0.016197
900	0.081015	0.90118	0.0014586	0.016346
901	0.078838	0.90329	0.0014252	0.016448
902	0.080502	0.90156	0.0014611	0.016481
903	0.086397	0.89559	0.0015744	0.016436
904	0.071195	0.91073	0.0013016	0.016778
905	0.061117	0.92073	0.0011214	0.017027
906	0.056056	0.92573	0.0010321	0.017185
907	0.053294	0.92842	0.00098505	0.017302
908	0.053701	0.92794	0.00099636	0.01736
909	0.056283	0.92529	0.0010486	0.017377
910	0.061138	0.92037	0.0011442	0.017351
911	0.069192	0.91224	0.0013013	0.017264
912	0.081606	0.89976	0.0015428	0.017093
913	0.074587	0.90671	0.0014157	0.01729
914	0.070467	0.91076	0.0013432	0.017433
915	0.070127	0.91103	0.0013421	0.017505
916	0.07347	0.90761	0.0014117	0.017506
917	0.079533	0.90148	0.0015347	0.017453
918	0.091386	0.88956	0.0017707	0.017288
919	0.093835	0.88704	0.0018255	0.017304
920	0.099498	0.8813	0.001944	0.017257
921	0.11117	0.86956	0.0021811	0.017091
922	0.12836	0.8523	0.0025296	0.016814
923	0.15845	0.82213	0.0031359	0.016279
924	0.20958	0.77094	0.0041635	0.015323
925	0.23463	0.74581	0.0046779	0.01488
926	0.27196	0.70841	0.0054429	0.014186
927	0.33556	0.64474	0.0067393	0.012962
928	0.44292	0.53731	0.0089232	0.010849
929	0.59957	0.38058	0.012124	0.0077201
930	0.66467	0.31541	0.013493	0.0064235
931	0.77581	0.2042	0.015807	0.0041811
932	0.82616	0.15378	0.016897	0.0031636
933	0.8979	0.08197	0.018438	0.001696
934	0.9063	0.073493	0.01868	0.0015267
935	0.92012	0.059595	0.019038	0.0012429
936	0.94475	0.0349	0.019622	0.00073228
937	0.94711	0.032463	0.019744	0.00068378
938	0.94568	0.033817	0.019788	0.00071449
939	0.94742	0.032	0.019898	0.00067872
940	0.94606	0.033286	0.019942	0.00070863
941	0.94709	0.032189	0.020037	0.00068792
942	0.95045	0.02875	0.020183	0.0006169
943	0.94993	0.029197	0.020246	0.00062849
944	0.94615	0.032904	0.020239	0.00071044
945	0.94569	0.033288	0.020303	0.00072153
946	0.94745	0.031445	0.020416	0.00068432
947	0.94545	0.033377	0.020447	0.00072869
948	0.94584	0.032904	0.020531	0.0007208
949	0.94852	0.03015	0.020666	0.0006627
950	0.95522	0.02338	0.020888	0.00051612
951	0.96562	0.012895	0.021195	0.0002861
952	0.97001	0.0084305	0.021371	0.00018786
953	0.97722	0.0011404	0.02161	2.5665e-05
954	0.97689	0.0013957	0.021683	3.1442e-05
955	0.97282	0.0053863	0.021671	0.00012103
956	0.97058	0.0075523	0.021701	0.00017015
957	0.96984	0.0082058	0.021765	0.00018548
958	0.93879	0.039182	0.021142	0.00088754
959	0.86886	0.10903	0.019634	0.0024754
960	0.81974	0.15807	0.01859	0.0035992
961	0.78555	0.19218	0.01788	0.0043895
962	0.76656	0.21109	0.017511	0.0048387
963	0.75741	0.22016	0.017364	0.0050656
964	0.7554	0.22209	0.01738	0.0051296
965	0.75821	0.2192	0.017508	0.0050821
966	0.76625	0.21108	0.017759	0.0049122
967	0.78068	0.19656	0.018161	0.0045913
968	0.80771	0.16946	0.018859	0.0039741
969	0.84691	0.13017	0.01985	0.0030648
970	0.90301	0.073994	0.021249	0.001748
971	0.93185	0.04507	0.02201	0.0010693
972	0.97323	0.0036083	0.023075	8.5911e-05
973	0.97279	0.0039661	0.023149	9.4584e-05
974	0.97377	0.0029066	0.023257	6.9507e-05
975	0.97646	0.00012966	0.023405	3.1216e-06
976	0.97462	0.0018908	0.023445	4.5736e-05
977	0.97381	0.0026172	0.02351	6.3542e-05
978	0.97395	0.0023962	0.023598	5.8423e-05
979	0.97506	0.0012016	0.023711	2.9488e-05
980	0.96402	0.012157	0.023524	0.00029904
981	0.95799	0.018099	0.023459	0.00044712
982	0.94622	0.029789	0.02325	0.00073943
983	0.93855	0.037375	0.023142	0.00093124
984	0.93407	0.04177	0.023113	0.0010445
985	0.92182	0.053943	0.022889	0.0013529
986	0.91435	0.061327	0.022783	0.0015428
987	0.89825	0.077335	0.022459	0.0019518
988	0.88818	0.087324	0.022285	0.002211
989	0.88269	0.09273	0.022226	0.0023556
990	0.86949	0.10584	0.021969	0.0026975
991	0.86176	0.11348	0.021851	0.0029017
992	0.85986	0.11531	0.02188	0.002959
993	0.86325	0.11183	0.022043	0.0028813
994	0.87292	0.10207	0.022368	0.0026422
995	0.88874	0.086168	0.022853	0.0022424
