#coord	neutral	conserved	gBGC.neutral	gBGC.conserved
1	0.78155	0.21792	0.00041591	0.00011628
2	0.78941	0.21006	0.00041748	0.00011135
3	0.80306	0.19642	0.00042214	0.00010338
4	0.82889	0.17059	0.00043303	8.9146e-05
5	0.87424	0.12525	0.00045378	6.5023e-05
6	0.95135	0.048137	0.00049038	2.5015e-05
7	0.96141	0.038074	0.00049235	1.9694e-05
8	0.9766	0.022888	0.00049696	1.1788e-05
9	0.99874	0.00075284	0.00050511	3.8958e-07
10	0.99871	0.0007859	0.0005019	4.028e-07
11	0.99841	0.0010949	0.0004986	5.5465e-07
12	0.99887	0.00062926	0.00049574	3.1633e-07
13	0.99813	0.0013809	0.00049224	6.8915e-07
14	0.99825	0.0012651	0.00048922	6.2767e-07
15	0.99921	0.00030725	0.00048667	1.524e-07
16	0.9992	0.00031937	0.00048368	1.5709e-07
17	0.99919	0.00033401	0.00048075	1.6308e-07
18	0.99915	0.00037178	0.00047784	1.8022e-07
19	0.99789	0.0016331	0.00047441	7.8095e-07
20	0.99778	0.0017436	0.00047149	8.324e-07
21	0.997	0.0025272	0.0004683	1.1993e-06
22	0.99527	0.0042663	0.00046463	2.0183e-06
23	0.9948	0.004736	0.00046161	2.2289e-06
24	0.99263	0.0069112	0.00045786	3.2252e-06
25	0.99187	0.0076729	0.00045481	3.5525e-06
26	0.99252	0.0070288	0.00045247	3.2261e-06
27	0.99513	0.0044202	0.00045098	2.015e-06
28	0.99635	0.0031948	0.00044881	1.4506e-06
29	0.99888	0.00067624	0.00044727	3.0643e-07
30	0.99812	0.0014395	0.00044421	6.4945e-07
31	0.99674	0.0028217	0.00044083	1.2716e-06
32	0.99641	0.0031543	0.00043798	1.4169e-06
33	0.99709	0.0024771	0.00043562	1.113e-06
34	0.99686	0.0027091	0.00043289	1.2117e-06
35	0.9923	0.0072666	0.00042822	3.228e-06
36	0.98968	0.0098946	0.00042447	4.3677e-06
37	0.96971	0.029859	0.00041309	1.3111e-05
38	0.9566	0.04298	0.00040486	1.8734e-05
39	0.9481	0.051479	0.00039876	2.228e-05
40	0.9432	0.056379	0.00039429	2.4235e-05
41	0.94154	0.05804	0.00039126	2.4786e-05
42	0.94266	0.056925	0.00038946	2.4155e-05
43	0.93817	0.061415	0.00038537	2.5847e-05
44	0.92712	0.072471	0.00037856	3.0238e-05
45	0.92045	0.079141	0.00037364	3.2762e-05
46	0.91737	0.082226	0.00037027	3.3785e-05
47	0.88193	0.11767	0.00035385	4.783e-05
48	0.86176	0.13784	0.00034363	5.5644e-05
49	0.81365	0.18596	0.0003225	7.4409e-05
50	0.70683	0.29278	0.0002787	0.00011588
51	0.64379	0.35582	0.00025234	0.00013989
52	0.59974	0.39987	0.00023379	0.00015612
53	0.56939	0.43023	0.00022081	0.00016682
54	0.55316	0.44645	0.0002133	0.00017201
55	0.51564	0.48398	0.00019767	0.00018531
56	0.49481	0.50481	0.00018849	0.00019214
57	0.48231	0.51731	0.00018264	0.00019567
58	0.45337	0.54625	0.0001706	0.00020537
59	0.39456	0.60507	0.00014772	0.00022595
60	0.36038	0.63924	0.00013413	0.00023721
61	0.33704	0.66259	0.00012476	0.00024429
62	0.32171	0.67792	0.00011847	0.00024831
63	0.31543	0.6842	0.00011549	0.000249
64	0.31632	0.68332	0.0001151	0.00024708
65	0.32461	0.67503	0.00011735	0.00024251
66	0.33954	0.66011	0.00012198	0.00023559
67	0.36765	0.63199	0.00013119	0.00022406
68	0.40977	0.58987	0.00014533	0.00020764
69	0.40911	0.59054	0.00014416	0.00020651
70	0.39797	0.60168	0.00013929	0.00020905
71	0.39511	0.60454	0.00013732	0.00020868
72	0.39974	0.59991	0.0001379	0.00020574
73	0.40988	0.58977	0.00014038	0.00020093
74	0.43112	0.56854	0.00014649	0.00019246
75	0.46373	0.53593	0.00015639	0.00018024
76	0.47449	0.52518	0.00015891	0.00017542
77	0.49679	0.50288	0.00016516	0.00016686
78	0.53098	0.46869	0.00017529	0.00015444
79	0.52689	0.47278	0.0001727	0.00015473
80	0.52795	0.47173	0.00017184	0.00015331
81	0.53428	0.4654	0.00017273	0.00015017
82	0.54664	0.45304	0.00017558	0.0001451
83	0.57139	0.4283	0.00018229	0.00013615
84	0.60776	0.39193	0.00019267	0.00012355
85	0.62494	0.37474	0.00019675	0.00011723
86	0.65701	0.34267	0.00020535	0.00010637
87	0.71261	0.28708	0.00022099	8.8445e-05
88	0.79179	0.2079	0.00024375	6.3431e-05
89	0.83281	0.16689	0.00025442	5.0491e-05
90	0.90283	0.09687	0.00027352	2.909e-05
91	0.91204	0.087662	0.00027413	2.6147e-05
92	0.91353	0.086172	0.00027247	2.5514e-05
93	0.90964	0.090067	0.00026918	2.6489e-05
94	0.90912	0.090586	0.00026694	2.6444e-05
95	0.91192	0.08779	0.00026571	2.5421e-05
96	0.92029	0.079419	0.00026604	2.2817e-05
97	0.93365	0.066067	0.00026781	1.8807e-05
98	0.95758	0.042139	0.00027246	1.1882e-05
99	0.99867	0.001051	0.00028175	3.0014e-07
100	0.98491	0.01481	0.00027558	4.2108e-06
101	0.97737	0.02235	0.00027118	6.3189e-06
102	0.97391	0.025811	0.00026793	7.258e-06
103	0.97283	0.026894	0.0002654	7.5152e-06
104	0.97468	0.025052	0.00026363	6.9749e-06
105	0.97903	0.020702	0.00026258	5.7594e-06
106	0.97394	0.025789	0.00025899	7.1165e-06
107	0.96183	0.037908	0.00025356	1.0347e-05
108	0.95403	0.045711	0.00024939	1.2357e-05
109	0.95088	0.048858	0.00024645	1.311e-05
110	0.94096	0.058787	0.00024177	1.5625e-05
111	0.9168	0.08294	0.00023349	2.1785e-05
112	0.74145	0.2583	0.00018656	6.6621e-05
113	0.62139	0.37836	0.00015464	9.6479e-05
114	0.53664	0.46311	0.00013221	0.00011688
115	0.47701	0.52274	0.00011643	0.00013064
116	0.44275	0.557	0.00010704	0.000138
117	0.42412	0.57564	0.00010156	0.00014143
118	0.41321	0.58655	9.8058e-05	0.00014291
119	0.4107	0.58906	9.6581e-05	0.00014234
120	0.41588	0.58388	9.69e-05	0.00013996
121	0.42672	0.57305	9.8544e-05	0.00013628
122	0.42477	0.575	9.7213e-05	0.00013559
123	0.42781	0.57196	9.7065e-05	0.00013374
124	0.42104	0.57873	9.4636e-05	0.00013416
125	0.41945	0.58032	9.3434e-05	0.00013337
126	0.42283	0.57694	9.3382e-05	0.00013145
127	0.41353	0.58625	9.0526e-05	0.00013236
128	0.3899	0.60988	8.4522e-05	0.00013639
129	0.37794	0.62184	8.1124e-05	0.0001378
130	0.34753	0.65225	7.3724e-05	0.0001432
131	0.32773	0.67206	6.8774e-05	0.00014617
132	0.27824	0.72155	5.7641e-05	0.00015535
133	0.24359	0.7562	4.9863e-05	0.00016118
134	0.22398	0.77581	4.5302e-05	0.00016379
135	0.21167	0.78812	4.2346e-05	0.0001648
136	0.17861	0.82119	3.5258e-05	0.00016997
137	0.15987	0.83992	3.114e-05	0.00017215
138	0.14787	0.85193	2.8455e-05	0.00017292
139	0.14088	0.85892	2.6813e-05	0.00017267
140	0.13787	0.86193	2.5984e-05	0.00017161
141	0.13844	0.86137	2.5861e-05	0.00016987
142	0.14265	0.85716	2.6445e-05	0.00016744
143	0.15111	0.8487	2.7835e-05	0.00016422
144	0.16424	0.83557	3.0098e-05	0.00016015
145	0.18773	0.81208	3.4237e-05	0.00015418
146	0.1952	0.80461	3.5328e-05	0.00015127
147	0.20769	0.79212	3.7338e-05	0.00014747
148	0.23116	0.76866	4.1293e-05	0.0001417
149	0.26506	0.73476	4.7099e-05	0.0001341
150	0.28034	0.71948	4.9391e-05	0.00013
151	0.28449	0.71534	4.963e-05	0.00012793
152	0.29357	0.70626	5.0739e-05	0.00012501
153	0.31247	0.68736	5.3498e-05	0.00012043
154	0.31696	0.68287	5.3735e-05	0.00011839
155	0.32986	0.66997	5.5365e-05	0.00011494
156	0.35082	0.64901	5.8336e-05	0.00011017
157	0.38284	0.617	6.3126e-05	0.00010359
158	0.43857	0.56126	7.1696e-05	9.3227e-05
159	0.52041	0.47943	8.4437e-05	7.8707e-05
160	0.56166	0.43818	9.0212e-05	7.1136e-05
161	0.57767	0.42218	9.1818e-05	6.7753e-05
162	0.5599	0.43994	8.807e-05	6.9746e-05
163	0.5492	0.45064	8.5501e-05	7.0577e-05
164	0.54692	0.45293	8.4235e-05	7.0089e-05
165	0.55243	0.44742	8.4143e-05	6.8409e-05
166	0.56725	0.4326	8.5416e-05	6.5347e-05
167	0.59121	0.40864	8.8046e-05	6.0948e-05
168	0.601	0.39886	8.8455e-05	5.8753e-05
169	0.5724	0.42746	8.3228e-05	6.2176e-05
170	0.51406	0.4858	7.3791e-05	6.9791e-05
171	0.40144	0.59841	5.6768e-05	8.4974e-05
172	0.3244	0.67546	4.5244e-05	9.4678e-05
173	0.27904	0.72082	3.8343e-05	9.9745e-05
174	0.25289	0.74698	3.4214e-05	0.00010202
175	0.23589	0.76397	3.1448e-05	0.00010296
176	0.19969	0.80018	2.6157e-05	0.0001064
177	0.17533	0.82454	2.2587e-05	0.00010814
178	0.15931	0.84057	2.0204e-05	0.00010871
179	0.14932	0.85056	1.8658e-05	0.00010845
180	0.14354	0.85633	1.7683e-05	0.00010764
181	0.14311	0.85677	1.7372e-05	0.00010615
182	0.1479	0.85198	1.7683e-05	0.00010403
183	0.15713	0.84275	1.8515e-05	0.0001014
184	0.17509	0.82479	2.0321e-05	9.7782e-05
185	0.16594	0.83395	1.8949e-05	9.7358e-05
186	0.16137	0.83851	1.8142e-05	9.6382e-05
187	0.16237	0.83752	1.7964e-05	9.4766e-05
188	0.16695	0.83293	1.8186e-05	9.2762e-05
189	0.17842	0.82147	1.9126e-05	9.0027e-05
190	0.17897	0.82093	1.8871e-05	8.85e-05
191	0.17134	0.82856	1.7746e-05	8.7829e-05
192	0.16772	0.83218	1.7071e-05	8.6721e-05
193	0.16767	0.83222	1.678e-05	8.5242e-05
194	0.17339	0.82651	1.7053e-05	8.3186e-05
195	0.1865	0.8134	1.8013e-05	8.0429e-05
196	0.18986	0.81004	1.7984e-05	7.8649e-05
197	0.19735	0.80255	1.8341e-05	7.6496e-05
198	0.20989	0.79002	1.9145e-05	7.3907e-05
199	0.22897	0.77094	2.0511e-05	7.0769e-05
200	0.26297	0.73694	2.3115e-05	6.6379e-05
201	0.31317	0.68675	2.7036e-05	6.0688e-05
202	0.33401	0.6659	2.8288e-05	5.768e-05
203	0.36583	0.63409	3.0414e-05	5.3814e-05
204	0.41162	0.5883	3.3615e-05	4.8884e-05
205	0.47908	0.52084	3.8469e-05	4.2318e-05
206	0.57473	0.42519	4.5409e-05	3.368e-05
207	0.73598	0.26394	5.7133e-05	2.0242e-05
208	0.97126	0.028666	7.4125e-05	1.5541e-06
209	0.97314	0.026783	7.4847e-05	1.5108e-06
210	0.96212	0.037807	7.4641e-05	2.4045e-06
211	0.72117	0.27875	5.618e-05	2.1538e-05
212	0.55059	0.44933	4.3093e-05	3.5305e-05
213	0.42988	0.57004	3.3828e-05	4.5256e-05
214	0.34453	0.65539	2.7284e-05	5.2493e-05
215	0.2942	0.70572	2.3424e-05	5.7033e-05
216	0.25897	0.74095	2.0751e-05	6.0392e-05
217	0.23461	0.76531	1.8935e-05	6.2898e-05
218	0.22154	0.77837	1.8005e-05	6.4507e-05
219	0.21423	0.78569	1.7545e-05	6.5652e-05
220	0.19176	0.80816	1.582e-05	6.8067e-05
221	0.13933	0.86059	1.1574e-05	7.301e-05
222	0.10838	0.89154	9.049e-06	7.6221e-05
223	0.086598	0.91332	7.2745e-06	7.8685e-05
224	0.074158	0.92576	6.2615e-06	8.0377e-05
225	0.065785	0.93413	5.589e-06	8.1733e-05
226	0.060472	0.93944	5.1751e-06	8.2834e-05
227	0.058919	0.94099	5.0779e-06	8.3608e-05
228	0.060628	0.93928	5.2614e-06	8.4091e-05
229	0.057085	0.94283	4.9753e-06	8.5034e-05
230	0.055894	0.94402	4.8991e-06	8.5772e-05
231	0.056662	0.94325	5.0003e-06	8.6336e-05
232	0.0609	0.93901	5.4105e-06	8.6581e-05
233	0.068179	0.93173	6.1059e-06	8.6545e-05
234	0.079109	0.9208	7.1496e-06	8.6165e-05
235	0.09559	0.90432	8.7292e-06	8.5255e-05
236	0.12395	0.87595	1.1424e-05	8.322e-05
237	0.16549	0.83442	1.5409e-05	7.9898e-05
238	0.23558	0.76432	2.2116e-05	7.3845e-05
239	0.33781	0.66209	3.2018e-05	6.4603e-05
240	0.35018	0.64972	3.3404e-05	6.3865e-05
241	0.37425	0.62565	3.5914e-05	6.1991e-05
242	0.41068	0.58922	3.9671e-05	5.8878e-05
243	0.46293	0.53697	4.5047e-05	5.4151e-05
244	0.48407	0.51583	4.7437e-05	5.2418e-05
245	0.52237	0.47753	5.1538e-05	4.8961e-05
246	0.57924	0.42066	5.7581e-05	4.3571e-05
247	0.60775	0.39215	6.0804e-05	4.0989e-05
248	0.65071	0.34919	6.5558e-05	3.6883e-05
249	0.64842	0.35148	6.5728e-05	3.7371e-05
250	0.63458	0.36531	6.4661e-05	3.9082e-05
251	0.6275	0.37239	6.4307e-05	4.0089e-05
252	0.6257	0.37419	6.4517e-05	4.0542e-05
253	0.63157	0.36833	6.552e-05	4.0187e-05
254	0.64392	0.35597	6.7237e-05	3.9128e-05
255	0.66453	0.33536	6.9878e-05	3.7156e-05
256	0.67037	0.32952	7.0961e-05	3.6752e-05
257	0.6826	0.31729	7.2769e-05	3.5633e-05
258	0.70297	0.29692	7.5517e-05	3.3586e-05
259	0.70826	0.29163	7.6624e-05	3.3188e-05
260	0.71912	0.28077	7.8383e-05	3.2149e-05
261	0.741	0.25889	8.1384e-05	2.9853e-05
262	0.77447	0.22541	8.5774e-05	2.618e-05
263	0.82437	0.17552	9.2154e-05	2.0529e-05
264	0.90918	0.090711	0.00010263	1.0768e-05
265	0.91982	0.080068	0.0001045	9.5921e-06
266	0.92363	0.076251	0.00010556	9.2075e-06
267	0.93115	0.068738	0.00010708	8.3784e-06
268	0.92168	0.078206	0.0001066	9.5565e-06
269	0.91631	0.083578	0.00010662	1.0254e-05
270	0.91438	0.085499	0.00010706	1.0541e-05
271	0.91595	0.083931	0.00010793	1.0406e-05
272	0.89227	0.10761	0.00010578	1.3308e-05
273	0.87937	0.12051	0.00010488	1.4953e-05
274	0.87164	0.12824	0.0001046	1.598e-05
275	0.87001	0.12987	0.00010503	1.6274e-05
276	0.87403	0.12585	0.00010614	1.5878e-05
277	0.88278	0.11709	0.00010787	1.4883e-05
278	0.87163	0.12824	0.00010709	1.6379e-05
279	0.86533	0.13455	0.00010692	1.7272e-05
280	0.8649	0.13498	0.00010746	1.7436e-05
281	0.86866	0.13122	0.00010856	1.7062e-05
282	0.87715	0.12273	0.00011028	1.607e-05
283	0.87725	0.12262	0.00011096	1.6143e-05
284	0.87058	0.12929	0.00011078	1.7088e-05
285	0.868	0.13187	0.00011114	1.7506e-05
286	0.87107	0.1288	0.00011221	1.7194e-05
287	0.88066	0.11921	0.00011412	1.6024e-05
288	0.89948	0.10038	0.00011724	1.3626e-05
289	0.87853	0.12134	0.00011504	1.6539e-05
290	0.8647	0.13517	0.00011379	1.8506e-05
291	0.85676	0.14311	0.00011335	1.9687e-05
292	0.8532	0.14667	0.0001135	2.0278e-05
293	0.85552	0.14434	0.00011443	2.0079e-05
294	0.86245	0.13741	0.00011602	1.924e-05
295	0.87497	0.12489	0.00011841	1.7609e-05
296	0.87788	0.12198	0.00011951	1.729e-05
297	0.88487	0.11499	0.0001212	1.639e-05
298	0.89958	0.10028	0.00012396	1.4397e-05
299	0.9216	0.078263	0.00012782	1.1328e-05
300	0.95465	0.04521	0.00013333	6.6143e-06
301	0.94856	0.051297	0.00013326	7.5071e-06
302	0.94687	0.052987	0.00013378	7.7849e-06
303	0.94808	0.051779	0.00013474	7.6421e-06
304	0.94518	0.054682	0.00013507	8.1011e-06
305	0.94526	0.0546	0.00013586	8.1244e-06
306	0.9494	0.05045	0.00013723	7.5545e-06
307	0.9483	0.051556	0.00013784	7.7523e-06
308	0.94984	0.05001	0.00013887	7.5541e-06
309	0.9557	0.044149	0.00014052	6.7126e-06
310	0.95615	0.043704	0.00014138	6.674e-06
311	0.95188	0.047969	0.00014155	7.34e-06
312	0.95152	0.048329	0.00014228	7.428e-06
313	0.94576	0.054086	0.00014222	8.3311e-06
314	0.9444	0.055452	0.00014279	8.5799e-06
315	0.94598	0.053869	0.00014384	8.3729e-06
316	0.95074	0.049112	0.0001454	7.6649e-06
317	0.96104	0.038807	0.00014781	6.0881e-06
318	0.97656	0.023282	0.00015109	3.6602e-06
319	0.97118	0.028666	0.00015107	4.5125e-06
320	0.96859	0.031256	0.00015151	4.9316e-06
321	0.96915	0.030693	0.00015241	4.8621e-06
322	0.95379	0.046052	0.00015083	7.2904e-06
323	0.9457	0.054143	0.00015035	8.6059e-06
324	0.92557	0.07427	0.00014797	1.1832e-05
325	0.91477	0.085068	0.00014702	1.3615e-05
326	0.91023	0.089604	0.00014703	1.4416e-05
327	0.9106	0.089235	0.0001478	1.4436e-05
328	0.88061	0.11923	0.00014366	1.939e-05
329	0.86087	0.13897	0.00014118	2.2695e-05
330	0.84802	0.15181	0.00013982	2.4892e-05
331	0.84279	0.15704	0.00013967	2.5868e-05
332	0.84369	0.15615	0.00014051	2.5842e-05
333	0.85087	0.14896	0.00014236	2.4775e-05
334	0.86382	0.13601	0.00014523	2.2716e-05
335	0.88807	0.11176	0.00014998	1.8751e-05
336	0.93015	0.069684	0.00015774	1.1769e-05
337	0.9491	0.050734	0.00016168	8.6099e-06
338	0.94864	0.051185	0.00016232	8.7341e-06
339	0.95208	0.047747	0.00016361	8.198e-06
340	0.95058	0.049247	0.00016407	8.5014e-06
341	0.95283	0.046996	0.00016516	8.1624e-06
342	0.95798	0.041849	0.00016677	7.3109e-06
343	0.95911	0.040716	0.00016767	7.1573e-06
344	0.96304	0.036781	0.00016908	6.5041e-06
345	0.97179	0.028037	0.00017132	5.0069e-06
346	0.96958	0.030247	0.00017161	5.4414e-06
347	0.96196	0.037863	0.00017094	6.8529e-06
348	0.95757	0.042252	0.00017087	7.6843e-06
349	0.95588	0.04394	0.0001713	8.0277e-06
350	0.95776	0.042056	0.00017236	7.7304e-06
351	0.96238	0.037443	0.00017393	6.9282e-06
352	0.96228	0.037533	0.00017468	6.9766e-06
353	0.96457	0.035243	0.00017588	6.5817e-06
354	0.97086	0.028959	0.0001778	5.4503e-06
355	0.96584	0.033972	0.00017759	6.4237e-06
356	0.96366	0.036152	0.00017792	6.8668e-06
357	0.964	0.035812	0.00017876	6.8346e-06
358	0.95987	0.039942	0.00017877	7.6417e-06
359	0.94731	0.052506	0.00017721	1.0041e-05
360	0.93931	0.060504	0.00017652	1.1588e-05
361	0.93632	0.063495	0.00017673	1.2205e-05
362	0.93648	0.063328	0.00017758	1.2217e-05
363	0.93983	0.059978	0.00017906	1.161e-05
364	0.94831	0.051502	0.00018152	1.001e-05
365	0.9615	0.038311	0.00018493	7.4645e-06
366	0.98499	0.014813	0.00019036	2.8915e-06
367	0.9835	0.016302	0.0001909	3.1914e-06
368	0.98375	0.016057	0.00019179	3.1514e-06
369	0.9865	0.0133	0.00019315	2.6205e-06
370	0.98717	0.012634	0.00019408	2.5016e-06
371	0.98964	0.010163	0.0001954	2.0203e-06
372	0.99031	0.0094954	0.00019633	1.8972e-06
373	0.99262	0.0071814	0.00019762	1.4408e-06
374	0.99768	0.0021221	0.00019944	4.3422e-07
375	0.99612	0.0036828	0.00019997	7.5338e-07
376	0.99575	0.004044	0.00020077	8.2962e-07
377	0.99654	0.0032578	0.00020182	6.7067e-07
378	0.99626	0.0035384	0.00020263	7.3174e-07
379	0.99478	0.0050143	0.00020321	1.0381e-06
380	0.98344	0.01636	0.00020172	3.3978e-06
381	0.97596	0.023829	0.00020105	4.9621e-06
382	0.9614	0.038393	0.00019884	8.0334e-06
383	0.95371	0.046083	0.00019803	9.6968e-06
384	0.94962	0.05017	0.00019799	1.0604e-05
385	0.94953	0.050265	0.00019876	1.0683e-05
386	0.95209	0.047697	0.00020012	1.0193e-05
387	0.95763	0.042156	0.00020214	9.0595e-06
388	0.95809	0.041703	0.00020311	8.9979e-06
389	0.9541	0.045689	0.0002031	9.8965e-06
390	0.9425	0.057287	0.00020147	1.2433e-05
391	0.866	0.13379	0.00018569	2.9098e-05
392	0.81225	0.18754	0.00017481	4.0882e-05
393	0.78137	0.21841	0.00016877	4.7813e-05
394	0.76051	0.23927	0.00016491	5.2577e-05
395	0.75031	0.24948	0.00016332	5.5055e-05
396	0.74587	0.25391	0.00016302	5.6264e-05
397	0.7484	0.25138	0.00016422	5.5952e-05
398	0.7559	0.24387	0.00016655	5.4523e-05
399	0.75301	0.24676	0.00016661	5.5382e-05
400	0.75475	0.24503	0.00016774	5.5199e-05
401	0.76132	0.23845	0.00016999	5.3911e-05
402	0.77677	0.22301	0.00017423	5.0612e-05
403	0.78183	0.21795	0.0001761	4.9661e-05
404	0.79261	0.20716	0.00017933	4.7379e-05
405	0.81411	0.18566	0.00018499	4.2638e-05
406	0.85212	0.14765	0.00019443	3.4102e-05
407	0.90659	0.093183	0.00020781	2.1649e-05
408	0.9866	0.013169	0.00022734	3.0614e-06
409	0.99926	0.00051153	0.00023121	1.222e-07
410	0.99741	0.002353	0.00023177	5.5304e-07
411	0.99667	0.0030973	0.0002326	7.2855e-07
412	0.99498	0.0047857	0.00023324	1.1243e-06
413	0.99488	0.004881	0.00023423	1.1511e-06
414	0.99635	0.0034094	0.00023557	8.101e-07
415	0.99426	0.0055073	0.00023608	1.3127e-06
416	0.99356	0.0061968	0.00023695	1.4802e-06
417	0.99454	0.005218	0.0002382	1.2519e-06
418	0.99367	0.0060945	0.00023898	1.4712e-06
419	0.99142	0.0083428	0.0002394	2.0293e-06
420	0.99066	0.009101	0.0002402	2.2251e-06
421	0.9913	0.0084602	0.00024137	2.0774e-06
422	0.99352	0.0062357	0.00024296	1.5353e-06
423	0.99398	0.0057721	0.00024414	1.4211e-06
424	0.99337	0.0063882	0.00024503	1.5753e-06
425	0.99444	0.005314	0.00024632	1.315e-06
426	0.99748	0.0022733	0.00024807	5.6732e-07
427	0.99883	0.00091623	0.00024943	2.3029e-07
428	0.99858	0.0011685	0.00025037	2.9655e-07
429	0.99912	0.00063256	0.00025153	1.631e-07
430	0.99582	0.0039272	0.00025173	1.0113e-06
431	0.9887	0.011051	0.00025097	2.846e-06
432	0.98424	0.015506	0.00025091	4.0023e-06
433	0.98206	0.017686	0.00025146	4.5766e-06
434	0.98242	0.01732	0.00025263	4.5032e-06
435	0.98544	0.014303	0.00025447	3.7475e-06
436	0.9855	0.014241	0.00025557	3.7508e-06
437	0.97484	0.024896	0.00025388	6.5612e-06
438	0.96935	0.030388	0.0002535	8.0457e-06
439	0.96652	0.033216	0.00025384	8.8295e-06
440	0.96698	0.032752	0.00025502	8.7532e-06
441	0.97087	0.028865	0.00025708	7.7741e-06
442	0.94676	0.052976	0.00025152	1.4394e-05
443	0.93031	0.069426	0.00024805	1.8947e-05
444	0.91996	0.079768	0.00024626	2.1849e-05
445	0.89828	0.10145	0.00024128	2.7908e-05
446	0.88382	0.11591	0.0002383	3.2002e-05
447	0.87702	0.12271	0.00023735	3.4037e-05
448	0.85748	0.14224	0.0002329	3.9594e-05
449	0.84761	0.15212	0.00023106	4.2532e-05
450	0.84288	0.15684	0.00023067	4.404e-05
451	0.84262	0.1571	0.00023155	4.43e-05
452	0.8468	0.15292	0.0002337	4.3308e-05
453	0.85556	0.14416	0.0002372	4.1001e-05
454	0.87054	0.12918	0.00024253	3.6885e-05
455	0.8939	0.10582	0.00025035	3.03e-05
456	0.93447	0.065247	0.00026314	1.8734e-05
457	0.81921	0.18051	0.00023161	5.1457e-05
458	0.74051	0.25921	0.00021036	7.3932e-05
459	0.68525	0.31447	0.00019567	8.9861e-05
460	0.57782	0.42189	0.00016588	0.00012088
461	0.51493	0.48478	0.00014847	0.00013949
462	0.4784	0.52131	0.00013847	0.00015068
463	0.39051	0.6092	0.00011356	0.0001768
464	0.33914	0.66057	9.8984e-05	0.00019256
465	0.30325	0.69646	8.8901e-05	0.00020385
466	0.28307	0.71664	8.3305e-05	0.00021064
467	0.26999	0.72972	7.9798e-05	0.00021536
468	0.26497	0.73473	7.8621e-05	0.00021773
469	0.26664	0.73307	7.9397e-05	0.00021813
470	0.257	0.7427	7.6758e-05	0.00022193
471	0.25469	0.74501	7.6278e-05	0.00022356
472	0.24143	0.75827	7.251e-05	0.00022849
473	0.23408	0.76562	7.0541e-05	0.00023164
474	0.23116	0.76853	6.9926e-05	0.00023346
475	0.18227	0.81742	5.5123e-05	0.00024942
476	0.14782	0.85187	4.4731e-05	0.00026099
477	0.12367	0.87602	3.7482e-05	0.00026943
478	0.11017	0.88952	3.3429e-05	0.00027466
479	0.1017	0.89799	3.0931e-05	0.00027836
480	0.079019	0.92067	2.4045e-05	0.00028646
481	0.063089	0.9366	1.9227e-05	0.0002925
482	0.052003	0.94768	1.589e-05	0.00029708
483	0.044426	0.95526	1.3628e-05	0.00030059
484	0.039697	0.95999	1.2242e-05	0.00030325
485	0.037999	0.96168	1.1775e-05	0.00030497
486	0.038056	0.96163	1.1865e-05	0.00030616
487	0.033693	0.96599	1.0549e-05	0.00030873
488	0.032099	0.96758	1.0087e-05	0.00031044
489	0.03192	0.96776	1.0081e-05	0.00031171
490	0.027474	0.9722	8.6973e-06	0.00031435
491	0.024864	0.97481	7.9017e-06	0.00031641
492	0.023562	0.97611	7.5273e-06	0.00031807
493	0.018128	0.98155	5.8042e-06	0.00032106
494	0.015226	0.98445	4.8791e-06	0.00032324
495	0.014059	0.98561	4.5049e-06	0.00032487
496	0.01381	0.98586	4.4329e-06	0.0003262
497	0.014957	0.98471	4.8078e-06	0.00032708
498	0.017173	0.98249	5.5395e-06	0.00032761
499	0.021637	0.97803	6.9981e-06	0.00032741
500	0.029616	0.97005	9.5933e-06	0.00032605
501	0.04089	0.95877	1.3295e-05	0.00032361
502	0.060224	0.93944	1.9623e-05	0.00031853
503	0.067943	0.93172	2.2211e-05	0.0003172
504	0.082179	0.91748	2.6937e-05	0.00031372
505	0.10258	0.89708	3.3759e-05	0.00030817
506	0.13159	0.86807	4.3537e-05	0.00029967
507	0.17408	0.82557	5.7979e-05	0.00028652
508	0.23417	0.76548	7.8572e-05	0.00026724
509	0.33625	0.6634	0.00011343	0.00023369
510	0.4851	0.51455	0.00016473	0.00018371
511	0.50338	0.49627	0.00017165	0.00017814
512	0.53098	0.46867	0.00018192	0.00016923
513	0.57936	0.42029	0.00019941	0.00015308
514	0.65072	0.34893	0.00022523	0.00012865
515	0.75533	0.24431	0.00026317	9.21e-05
516	0.93164	0.068007	0.00032657	3.0083e-05
517	0.93744	0.062201	0.00032977	2.8289e-05
518	0.94961	0.05003	0.00033527	2.4167e-05
519	0.97142	0.02822	0.00034423	1.6572e-05
520	0.95132	0.048321	0.0003355	2.3718e-05
521	0.9403	0.059345	0.00033009	2.7516e-05
522	0.93385	0.065798	0.00032645	2.9578e-05
523	0.93104	0.06861	0.00032424	3.025e-05
524	0.93146	0.068184	0.00032331	2.9668e-05
525	0.93493	0.064723	0.00032361	2.7891e-05
526	0.92146	0.078187	0.00031754	3.2449e-05
527	0.91492	0.084729	0.00031394	3.4522e-05
528	0.91201	0.087642	0.00031171	3.5256e-05
529	0.86869	0.13097	0.00029517	5.0262e-05
530	0.83965	0.16001	0.00028384	6.0099e-05
531	0.8238	0.17585	0.00027711	6.5315e-05
532	0.78473	0.21493	0.00026246	7.847e-05
533	0.76285	0.23681	0.00025377	8.5655e-05
534	0.74931	0.25035	0.00024805	8.9884e-05
535	0.71958	0.28008	0.00023679	9.9644e-05
536	0.70041	0.29925	0.00022927	0.00010569
537	0.68906	0.3106	0.00022448	0.00010902
538	0.65897	0.3407	0.00021355	0.00011853
539	0.63962	0.36005	0.00020631	0.00012437
540	0.62763	0.37204	0.00020159	0.00012772
541	0.62157	0.37811	0.00019888	0.00012907
542	0.6232	0.37647	0.00019867	0.00012791
543	0.63312	0.36655	0.00020114	0.00012406
544	0.61189	0.38779	0.00019337	0.00013041
545	0.59847	0.40121	0.00018824	0.00013416
546	0.59125	0.40842	0.00018517	0.00013586
547	0.56674	0.43294	0.00017667	0.00014302
548	0.55438	0.4453	0.00017202	0.0001463
549	0.55076	0.44893	0.00017014	0.00014681
550	0.55227	0.44741	0.00016992	0.00014567
551	0.5591	0.44058	0.00017141	0.00014284
552	0.57569	0.424	0.00017591	0.00013698
553	0.60205	0.39763	0.00018351	0.00012805
554	0.64063	0.35906	0.00019496	0.00011529
555	0.69606	0.30363	0.00021171	9.7244e-05
556	0.77501	0.22469	0.00023588	7.1812e-05
557	0.80876	0.19093	0.00024565	6.0794e-05
558	0.85737	0.14232	0.00026012	4.5102e-05
559	0.84704	0.15266	0.00025605	4.7981e-05
560	0.84358	0.15612	0.00025404	4.877e-05
561	0.84614	0.15356	0.00025384	4.7732e-05
562	0.82154	0.17816	0.00024539	5.4923e-05
563	0.80584	0.19386	0.00023973	5.9355e-05
564	0.79882	0.20088	0.00023665	6.1184e-05
565	0.7202	0.27951	0.00021245	8.4148e-05
566	0.6745	0.32521	0.00019805	9.7299e-05
567	0.64294	0.35676	0.000188	0.00010613
568	0.62606	0.37364	0.00018225	0.00011062
569	0.61894	0.38077	0.00017936	0.00011224
570	0.61962	0.38009	0.00017873	0.0001116
571	0.62828	0.37143	0.00018036	0.00010866
572	0.64411	0.3556	0.00018407	0.00010367
573	0.67404	0.32568	0.00019169	9.4745e-05
574	0.66719	0.33253	0.00018882	9.6337e-05
575	0.66805	0.33167	0.00018814	9.5724e-05
576	0.6745	0.32522	0.00018907	9.3517e-05
577	0.67176	0.32796	0.00018736	9.3936e-05
578	0.67396	0.32576	0.00018708	9.2943e-05
579	0.68138	0.31834	0.00018829	9.0483e-05
580	0.69847	0.30125	0.00019212	8.5383e-05
581	0.70234	0.29738	0.00019229	8.3958e-05
582	0.71209	0.28763	0.00019412	8.0901e-05
583	0.7104	0.28932	0.00019281	8.1008e-05
584	0.71599	0.28374	0.00019346	7.9132e-05
585	0.72774	0.27199	0.00019583	7.5566e-05
586	0.74735	0.25238	0.00020036	6.9855e-05
587	0.77764	0.22209	0.00020783	6.1233e-05
588	0.79047	0.20926	0.00021041	5.7472e-05
589	0.77555	0.22418	0.00020546	6.1235e-05
590	0.76722	0.23251	0.00020234	6.3178e-05
591	0.76429	0.23544	0.00020072	6.365e-05
592	0.76634	0.23339	0.00020047	6.2783e-05
593	0.77592	0.22382	0.00020217	5.994e-05
594	0.79555	0.20418	0.00020646	5.4485e-05
595	0.82574	0.174	0.00021355	4.6259e-05
596	0.87083	0.12892	0.00022457	3.4118e-05
597	0.93516	0.06458	0.00024067	1.6921e-05
598	0.9686	0.031147	0.00024841	8.0677e-06
599	0.98614	0.013605	0.00025187	3.468e-06
600	0.98375	0.015992	0.00025019	4.0325e-06
601	0.97528	0.024466	0.00024698	6.108e-06
602	0.95835	0.0414	0.00024166	1.0269e-05
603	0.94745	0.052303	0.00023791	1.2884e-05
604	0.92553	0.074217	0.00023146	1.8186e-05
605	0.9135	0.086251	0.00022743	2.104e-05
606	0.90619	0.093559	0.00022461	2.2698e-05
607	0.90439	0.095366	0.00022313	2.3012e-05
608	0.90622	0.093535	0.00022256	2.2426e-05
609	0.91162	0.088131	0.00022289	2.0963e-05
610	0.91016	0.089595	0.00022159	2.1158e-05
611	0.91351	0.086253	0.00022141	2.0208e-05
612	0.91037	0.089386	0.00021974	2.0782e-05
613	0.9121	0.087659	0.00021919	2.0213e-05
614	0.91763	0.082134	0.00021958	1.8734e-05
615	0.92775	0.072017	0.00022109	1.6153e-05
616	0.9304	0.069364	0.00022084	1.5357e-05
617	0.93641	0.063351	0.00022141	1.3763e-05
618	0.93751	0.062254	0.00022079	1.3333e-05
619	0.94161	0.058153	0.0002209	1.2205e-05
620	0.95119	0.048574	0.00022224	9.8156e-06
621	0.95509	0.044678	0.00022222	8.7686e-06
622	0.9442	0.055566	0.00021919	1.0753e-05
623	0.9375	0.062267	0.00021704	1.1876e-05
624	0.93559	0.064186	0.00021585	1.2029e-05
625	0.93791	0.061867	0.00021552	1.129e-05
626	0.9437	0.056079	0.00021599	9.784e-06
627	0.95379	0.04599	0.00021744	7.311e-06
628	0.95034	0.049436	0.00021968	8.3932e-06
629	0.94961	0.050163	0.00022253	8.902e-06
630	0.95276	0.047008	0.00022616	8.6142e-06
631	0.96069	0.039073	0.00023071	7.3598e-06
632	0.95586	0.043895	0.00023267	8.7458e-06
633	0.95383	0.045924	0.00023532	9.4925e-06
634	0.95435	0.045403	0.00023861	9.6459e-06
635	0.95878	0.040972	0.00024276	8.8998e-06
636	0.96837	0.03137	0.00024807	6.9586e-06
637	0.97256	0.027186	0.00025219	6.1786e-06
638	0.97997	0.01977	0.00025717	4.5967e-06
639	0.99129	0.0084414	0.00026318	2.0191e-06
640	0.98875	0.010977	0.00026584	2.7696e-06
641	0.98247	0.017258	0.0002675	4.5636e-06
642	0.97876	0.02096	0.00026989	5.6755e-06
643	0.96947	0.030247	0.00027074	8.3776e-06
644	0.96395	0.035771	0.00027266	1.0063e-05
645	0.96223	0.037479	0.00027559	1.0702e-05
646	0.95651	0.0432	0.0002773	1.2534e-05
647	0.95393	0.045775	0.00027996	1.3467e-05
648	0.95501	0.044695	0.00028364	1.3339e-05
649	0.89802	0.10168	0.00026976	3.0838e-05
650	0.86499	0.1347	0.00026275	4.1427e-05
651	0.84317	0.15652	0.00025909	4.8719e-05
652	0.7921	0.20759	0.00024618	6.5304e-05
653	0.76288	0.2368	0.00023974	7.5384e-05
654	0.74401	0.25567	0.00023651	8.2315e-05
655	0.69812	0.30156	0.00022448	9.808e-05
656	0.67221	0.32746	0.00021857	0.00010771
657	0.6559	0.34377	0.00021572	0.00011432
658	0.64911	0.35055	0.00021588	0.00011789
659	0.64753	0.35213	0.0002178	0.00011974
660	0.65144	0.34822	0.00022166	0.00011971
661	0.66085	0.33881	0.00022752	0.00011772
662	0.68104	0.31861	0.00023719	0.00011188
663	0.71775	0.2819	0.0002528	0.00010008
664	0.77235	0.2273	0.00027526	8.1487e-05
665	0.86505	0.13458	0.00031182	4.8754e-05
666	0.91338	0.086256	0.00033272	3.1653e-05
667	0.91771	0.081919	0.00033785	3.0375e-05
668	0.90128	0.098353	0.00033536	3.6778e-05
669	0.8907	0.10892	0.000335	4.1088e-05
670	0.88664	0.11298	0.00033698	4.3032e-05
671	0.88795	0.11167	0.00034094	4.2963e-05
672	0.89491	0.1047	0.00034705	4.0711e-05
673	0.90667	0.092935	0.00035517	3.6497e-05
674	0.9284	0.071208	0.00036725	2.8286e-05
675	0.95993	0.03967	0.00038353	1.5931e-05
676	0.97497	0.024631	0.00039332	1.0034e-05
677	0.9813	0.018291	0.00039976	7.5409e-06
678	0.99147	0.0081167	0.00040792	3.3904e-06
679	0.99216	0.0074229	0.00041225	3.1265e-06
680	0.99125	0.0083283	0.00041587	3.5392e-06
681	0.99218	0.007397	0.00042022	3.1831e-06
682	0.99135	0.0082244	0.00042387	3.5731e-06
683	0.99187	0.0076985	0.00042818	3.3769e-06
684	0.99381	0.0057561	0.00043317	2.5487e-06
685	0.9974	0.0021637	0.00043897	9.6305e-07
686	0.99928	0.0002728	0.000444	1.2215e-07
687	0.99947	7.8603e-05	0.00044822	3.5903e-08
688	0.99882	0.00073018	0.00045213	3.3513e-07
689	0.99765	0.0018956	0.00045587	8.7559e-07
690	0.99513	0.004408	0.00045903	2.047e-06
691	0.99397	0.0055665	0.00046287	2.6028e-06
692	0.9944	0.0051268	0.00046741	2.4217e-06
693	0.99617	0.0033569	0.00047266	1.598e-06
694	0.99696	0.0025579	0.00047741	1.2305e-06
695	0.99707	0.0024481	0.0004819	1.186e-06
696	0.99662	0.0028899	0.00048609	1.4136e-06
697	0.99499	0.0045205	0.00048975	2.2261e-06
698	0.99493	0.0045773	0.00049413	2.2765e-06
699	0.99378	0.0057167	0.00049793	2.8769e-06
700	0.99393	0.0055618	0.00050244	2.8253e-06
701	0.9958	0.0036949	0.00050778	1.9049e-06
702	0.99654	0.0029456	0.00051264	1.5379e-06
703	0.99635	0.0031347	0.00051709	1.6511e-06
704	0.99723	0.0022516	0.00052218	1.1971e-06
705	0.9993	0.00016919	0.00052799	9.0733e-08
706	0.99832	0.0011493	0.00053208	6.2015e-07
707	0.9982	0.0012635	0.0005367	6.8808e-07
708	0.99893	0.0005285	0.00054186	2.9159e-07
709	0.9126	0.086849	0.00049924	4.7738e-05
710	0.86209	0.13736	0.00047547	7.6302e-05
711	0.8269	0.17255	0.00045998	9.6651e-05
712	0.7587	0.24074	0.0004253	0.00013615
713	0.71093	0.2885	0.00040183	0.00016449
714	0.68386	0.31557	0.00038964	0.00018152
715	0.6291	0.37033	0.00036091	0.00021506
716	0.59229	0.40713	0.0003424	0.00023845
717	0.56722	0.43219	0.00033057	0.0002552
718	0.55159	0.44782	0.0003242	0.00026656
719	0.54559	0.45381	0.00032334	0.00027239
720	0.54741	0.45198	0.00032705	0.0002736
721	0.53876	0.46064	0.00032434	0.00028121
722	0.5356	0.46378	0.00032501	0.0002855
723	0.53758	0.46181	0.00032888	0.00028664
724	0.5479	0.45148	0.00033788	0.00028262
725	0.56593	0.43344	0.00035191	0.00027363
726	0.59426	0.40511	0.00037277	0.00025788
727	0.63696	0.3624	0.00040332	0.00023251
728	0.71064	0.28872	0.00045411	0.00018686
729	0.81862	0.18073	0.00052843	0.00011775
730	0.87499	0.12436	0.00056964	8.1718e-05
731	0.88167	0.11767	0.00057851	7.7975e-05
732	0.8932	0.10614	0.00059079	7.0899e-05
733	0.91097	0.088368	0.0006075	5.9452e-05
734	0.94228	0.057047	0.00063347	3.8716e-05
735	0.98716	0.012158	0.00066925	8.2403e-06
736	0.98812	0.011198	0.00067511	7.6332e-06
737	0.99146	0.0078496	0.00068257	5.383e-06
738	0.99811	0.0011927	0.00069229	8.2505e-07
739	0.99769	0.0016153	0.00069723	1.1239e-06
740	0.9968	0.0024985	0.00070179	1.7545e-06
741	0.99713	0.0021619	0.00070716	1.5348e-06
742	0.99455	0.0047388	0.00071038	3.412e-06
743	0.99335	0.0059326	0.00071466	4.3054e-06
744	0.99339	0.0058868	0.00071992	4.3017e-06
745	0.99211	0.007157	0.00072415	5.2727e-06
746	0.98886	0.010406	0.00072699	7.7095e-06
747	0.98735	0.011912	0.00073119	8.874e-06
748	0.98313	0.016121	0.00073328	1.2091e-05
749	0.98102	0.018231	0.000737	1.3756e-05
750	0.98144	0.017806	0.00074256	1.3537e-05
751	0.98385	0.01539	0.00074975	1.1776e-05
752	0.98952	0.0097082	0.00075941	7.4963e-06
753	0.99858	0.00064817	0.00077187	5.0144e-07
754	0.99882	0.00039948	0.00077741	3.1288e-07
755	0.999	0.00021986	0.000783	1.7384e-07
756	0.99917	3.9724e-05	0.00078868	3.1735e-08
757	0.99781	0.0013948	0.00079321	1.1129e-06
758	0.99741	0.0017858	0.0007986	1.4308e-06
759	0.99811	0.0010833	0.00080481	8.7611e-07
760	0.99717	0.0020198	0.00080964	1.6532e-06
761	0.99719	0.0019918	0.00081535	1.6436e-06
762	0.99813	0.0010443	0.0008219	8.688e-07
763	0.99728	0.0018953	0.00082706	1.5779e-06
764	0.99755	0.0016117	0.0008331	1.3539e-06
765	0.9988	0.00036158	0.00084005	3.0556e-07
766	0.99884	0.00031478	0.00084595	2.695e-07
767	0.99809	0.0010532	0.00085126	9.0524e-07
768	0.99654	0.0026019	0.00085596	2.2433e-06
769	0.99633	0.0028106	0.00086174	2.4462e-06
770	0.99715	0.0019822	0.00086853	1.739e-06
771	0.99745	0.0016768	0.00087481	1.489e-06
772	0.9972	0.0019175	0.00088071	1.7165e-06
773	0.99624	0.0028724	0.00088607	2.5821e-06
774	0.99628	0.0028254	0.00089242	2.5522e-06
775	0.99765	0.0014465	0.00089991	1.3245e-06
776	0.99681	0.0022778	0.0009055	2.0953e-06
777	0.99696	0.0021267	0.00091209	1.9675e-06
778	0.99805	0.0010244	0.00091966	9.5061e-07
779	0.99874	0.00033387	0.0009268	3.1271e-07
780	0.99855	0.00051409	0.00093324	4.8159e-07
781	0.99832	0.00074131	0.00093957	7.0093e-07
782	0.99883	0.00022349	0.00094671	2.1204e-07
783	0.99879	0.00026093	0.00095327	2.5011e-07
784	0.99787	0.0011712	0.0009591	1.1254e-06
785	0.99796	0.0010774	0.00096583	1.0461e-06
786	0.99885	0.00017224	0.00097345	1.6908e-07
787	0.999	1.5302e-05	0.00098045	1.5061e-08
788	0.99865	0.00036256	0.00098689	3.6097e-07
789	0.99895	6.048e-05	0.00099408	6.148e-08
790	0.99868	0.0003192	0.0010006	3.328e-07
791	0.99837	0.00062402	0.0010073	6.6428e-07
792	0.99782	0.001165	0.0010137	1.261e-06
793	0.99667	0.0023036	0.0010196	2.5209e-06
794	0.99655	0.002423	0.0010267	2.7115e-06
795	0.99737	0.0015916	0.0010349	1.8912e-06
796	0.99772	0.0012357	0.0010425	1.6056e-06
797	0.99765	0.0012986	0.0010497	1.845e-06
798	0.9971	0.0018426	0.0010563	2.7998e-06
799	0.99123	0.0077027	0.0010547	1.1907e-05
800	0.97933	0.019592	0.0010433	3.076e-05
801	0.95468	0.044239	0.001011	7.0405e-05
802	0.89854	0.10037	0.00092809	0.00016081
803	0.86602	0.13288	0.00088128	0.00021505
804	0.84454	0.15435	0.00085165	0.00025221
805	0.83102	0.16787	0.00083423	0.00027728
806	0.82544	0.17344	0.00082835	0.00029075
807	0.82614	0.17273	0.00083092	0.00029572
808	0.8333	0.16556	0.00084131	0.00029282
809	0.8489	0.14996	0.00086101	0.00028057
810	0.87323	0.12562	0.00089035	0.00025877
811	0.87127	0.12758	0.00088751	0.0002691
812	0.87489	0.12395	0.00089278	0.00027127
813	0.88273	0.1161	0.00090361	0.00026799
814	0.88232	0.11651	0.00090414	0.0002679
815	0.88588	0.11295	0.00091069	0.00026184
816	0.89392	0.10491	0.00092416	0.00024891
817	0.88082	0.118	0.00090452	0.00026914
818	0.87507	0.12375	0.00089581	0.00027841
819	0.87325	0.12557	0.00089298	0.00028184
820	0.86439	0.13444	0.00087881	0.00029657
821	0.86034	0.13849	0.00087202	0.00030397
822	0.8602	0.13862	0.00087103	0.00030561
823	0.85092	0.14791	0.00086014	0.00031087
824	0.84831	0.15052	0.00085764	0.0003077
825	0.84966	0.14918	0.00086093	0.0002988
826	0.85739	0.14146	0.00087447	0.00027962
827	0.87368	0.12517	0.00090298	0.00024542
828	0.89798	0.10088	0.00094618	0.00019661
829	0.90756	0.091302	0.00096143	0.00017584
830	0.92262	0.076253	0.00098639	0.00014544
831	0.94495	0.05392	0.0010245	0.00010192
832	0.95425	0.044628	0.0010381	8.3111e-05
833	0.95802	0.040861	0.0010414	7.4502e-05
834	0.96491	0.03398	0.0010497	6.0876e-05
835	0.97809	0.0208	0.0010686	3.6738e-05
836	0.9838	0.015098	0.0010738	2.6162e-05
837	0.99458	0.0043242	0.0010872	7.4171e-06
838	0.99361	0.0053037	0.001081	8.1324e-06
839	0.99419	0.0047226	0.0010767	6.9397e-06
840	0.99358	0.0053388	0.0010709	7.3415e-06
841	0.99422	0.0047086	0.0010667	6.2691e-06
842	0.99611	0.0028267	0.001064	3.702e-06
843	0.99672	0.0022165	0.0010598	2.8097e-06
844	0.9944	0.0045468	0.0010522	5.2488e-06
845	0.99378	0.0051631	0.0010465	5.8396e-06
846	0.99441	0.0045464	0.0010423	5.0886e-06
847	0.9938	0.0051617	0.0010367	5.6769e-06
848	0.99201	0.0069511	0.0010299	7.524e-06
849	0.99159	0.0073815	0.0010246	7.9181e-06
850	0.99247	0.0065047	0.0010207	6.9324e-06
851	0.99476	0.0042152	0.0010184	4.4694e-06
852	0.99874	0.00023789	0.0010179	2.4979e-07
853	0.99891	7.1779e-05	0.0010134	7.4518e-08
854	0.99646	0.0025354	0.0010062	2.5716e-06
855	0.97936	0.019636	0.0009842	1.9905e-05
856	0.96777	0.031233	0.00096802	3.1462e-05
857	0.96179	0.037216	0.00095747	3.7341e-05
858	0.95869	0.040321	0.00094995	4.0261e-05
859	0.95911	0.039905	0.00094587	3.9694e-05
860	0.96201	0.037011	0.00094433	3.6663e-05
861	0.96773	0.031291	0.00094564	3.0851e-05
862	0.97893	0.020101	0.00095216	1.979e-05
863	0.99602	0.0030099	0.00096449	3.0026e-06
864	0.99604	0.0029939	0.00096012	2.9776e-06
865	0.99106	0.007978	0.00095096	7.8231e-06
866	0.98827	0.010778	0.00094406	1.0492e-05
867	0.98725	0.011795	0.00093898	1.1412e-05
868	0.98788	0.011178	0.00093555	1.0749e-05
869	0.99081	0.0082448	0.00093427	7.9066e-06
870	0.99197	0.0070896	0.00093121	6.7899e-06
871	0.99185	0.0072163	0.00092688	6.9068e-06
872	0.98993	0.0091451	0.00092093	8.7164e-06
873	0.98948	0.0095927	0.00091646	9.1095e-06
874	0.99047	0.0086128	0.00091341	8.1576e-06
875	0.99007	0.0090087	0.000909	8.5116e-06
876	0.99117	0.0079116	0.00090607	7.4698e-06
877	0.99393	0.0051638	0.00090473	4.9016e-06
878	0.99484	0.0042582	0.00090176	4.0489e-06
879	0.98284	0.016263	0.00088667	1.5265e-05
880	0.9764	0.022703	0.00087676	2.1258e-05
881	0.97287	0.026236	0.00086969	2.4488e-05
882	0.97174	0.027369	0.00086492	2.5478e-05
883	0.97269	0.026423	0.00086213	2.4562e-05
884	0.96998	0.029133	0.0008561	2.6947e-05
885	0.96949	0.029631	0.00085216	2.7304e-05
886	0.95073	0.048398	0.00083195	4.4007e-05
887	0.90791	0.09122	0.00079067	8.183e-05
888	0.81395	0.18518	0.00070503	0.00016409
889	0.60052	0.39861	0.00051641	0.00034938
890	0.45423	0.54491	0.00038822	0.00047429
891	0.35402	0.64512	0.00030112	0.00055816
892	0.29524	0.7039	0.00024967	0.00060636
893	0.25532	0.74383	0.00021489	0.00063793
894	0.22753	0.77162	0.00019076	0.0006589
895	0.17127	0.82788	0.00014272	0.00070375
896	0.13152	0.86764	0.00010904	0.00073428
897	0.10844	0.89072	8.9361e-05	0.00075079
898	0.095496	0.90367	7.8178e-05	0.00075879
899	0.087315	0.91185	7.1096e-05	0.00076272
900	0.082415	0.91675	6.6809e-05	0.0007639
901	0.080207	0.91897	6.479e-05	0.00076283
902	0.081905	0.91727	6.593e-05	0.0007586
903	0.087909	0.91127	7.051e-05	0.00075091
904	0.072446	0.92674	5.7703e-05	0.00076063
905	0.062196	0.93699	4.9257e-05	0.00076604
906	0.05705	0.94214	4.4916e-05	0.00076732
907	0.054243	0.94495	4.2505e-05	0.0007667
908	0.054661	0.94453	4.2639e-05	0.00076353
909	0.057294	0.9419	4.4549e-05	0.00075861
910	0.06224	0.93696	4.8295e-05	0.00075189
911	0.070445	0.92876	5.4624e-05	0.00074263
912	0.083089	0.91612	6.4468e-05	0.00072988
913	0.075949	0.92326	5.8755e-05	0.00073272
914	0.071759	0.92745	5.5399e-05	0.00073324
915	0.071418	0.9278	5.5011e-05	0.00073077
916	0.074828	0.92439	5.7505e-05	0.00072541
917	0.081009	0.91821	6.2173e-05	0.0007179
918	0.093089	0.90613	7.1335e-05	0.00070588
919	0.095591	0.90364	7.3076e-05	0.00070132
920	0.10137	0.89786	7.7377e-05	0.00069423
921	0.11327	0.88596	8.6322e-05	0.00068249
922	0.13079	0.86844	9.9612e-05	0.00066643
923	0.16147	0.83777	0.00012282	0.00064043
924	0.21358	0.78566	0.00016205	0.00059839
925	0.23913	0.76011	0.00018073	0.00057689
926	0.2772	0.72205	0.00020887	0.00054598
927	0.34204	0.6572	0.00025671	0.00049532
928	0.45151	0.54774	0.00033712	0.00041209
929	0.61125	0.388	0.00045486	0.00029157
930	0.67767	0.32158	0.00050277	0.00024093
931	0.79105	0.20821	0.00058479	0.00015614
932	0.84245	0.15681	0.00062075	0.00011747
933	0.91567	0.083592	0.00067288	6.2667e-05
934	0.92431	0.074954	0.00067693	5.6007e-05
935	0.93849	0.060784	0.00068513	4.5238e-05
936	0.96367	0.035599	0.0007013	2.6471e-05
937	0.96616	0.033116	0.00070058	2.4562e-05
938	0.96478	0.034499	0.00069709	2.5472e-05
939	0.96663	0.032648	0.00069591	2.4044e-05
940	0.96532	0.033964	0.00069236	2.4946e-05
941	0.96644	0.032847	0.00069065	2.4064e-05
942	0.96995	0.02934	0.00069073	2.1448e-05
943	0.96949	0.029798	0.00068799	2.1688e-05
944	0.96571	0.033584	0.00068282	2.4331e-05
945	0.96532	0.033979	0.00068004	2.4557e-05
946	0.9672	0.032101	0.00067893	2.3149e-05
947	0.96523	0.034075	0.00067515	2.4466e-05
