#coord	neutral	conserved	gBGC.neutral	gBGC.conserved
1	0.77914	0.21724	0.0028264	0.00078828
2	0.78697	0.20941	0.0028526	0.00075925
3	0.80058	0.19581	0.0028997	0.00070931
4	0.82633	0.17006	0.0029906	0.00061551
5	0.87154	0.12486	0.0031517	0.00045154
6	0.94841	0.047988	0.0034269	0.00017354
7	0.95845	0.037956	0.0034604	0.00013718
8	0.97359	0.022817	0.0035123	8.2417e-05
9	0.99566	0.00075051	0.0035892	2.7124e-06
10	0.99563	0.00078348	0.0035863	2.8288e-06
11	0.99532	0.0010915	0.0035823	3.9363e-06
12	0.99579	0.00062731	0.0035812	2.2615e-06
13	0.99504	0.0013766	0.0035757	4.955e-06
14	0.99516	0.0012612	0.0035734	4.5358e-06
15	0.99612	0.0003063	0.003574	1.1014e-06
16	0.99611	0.00031838	0.0035712	1.1436e-06
17	0.9961	0.00033298	0.0035684	1.1951e-06
18	0.99606	0.00037063	0.0035656	1.3294e-06
19	0.99481	0.001628	0.0035584	5.8308e-06
20	0.9947	0.0017382	0.0035552	6.2251e-06
21	0.99392	0.0025193	0.0035497	9.0173e-06
22	0.99219	0.0042531	0.0035408	1.5208e-05
23	0.99173	0.0047214	0.0035364	1.6869e-05
24	0.98956	0.0068898	0.003526	2.4587e-05
25	0.9888	0.0076492	0.0035207	2.7269e-05
26	0.98945	0.007007	0.0035203	2.4953e-05
27	0.99205	0.0044065	0.0035269	1.5679e-05
28	0.99328	0.0031849	0.0035286	1.1326e-05
29	0.99579	0.00067414	0.0035348	2.3972e-06
30	0.99503	0.001435	0.0035294	5.0998e-06
31	0.99366	0.002813	0.0035218	9.9944e-06
32	0.99333	0.0031445	0.0035179	1.1168e-05
33	0.994	0.0024694	0.0035177	8.7723e-06
34	0.99378	0.0027007	0.0035142	9.5903e-06
35	0.98923	0.0072442	0.0034954	2.5684e-05
36	0.98662	0.009864	0.0034835	3.4941e-05
37	0.96672	0.029767	0.0034104	0.00010535
38	0.95364	0.042847	0.0033616	0.0001515
39	0.94517	0.05132	0.0033292	0.0001813
40	0.94029	0.056205	0.0033094	0.00019839
41	0.93863	0.05786	0.0033012	0.00020407
42	0.93975	0.056749	0.0033026	0.00019998
43	0.93528	0.061225	0.0032845	0.00021554
44	0.92426	0.072247	0.0032433	0.00025408
45	0.91761	0.078897	0.0032176	0.0002772
46	0.91454	0.081972	0.0032044	0.00028774
47	0.8792	0.11731	0.0030783	0.00041125
48	0.8591	0.13741	0.0030056	0.00048133
49	0.81113	0.18538	0.0028357	0.00064867
50	0.70464	0.29187	0.0024617	0.00102
51	0.6418	0.35472	0.0022405	0.0012386
52	0.59788	0.39864	0.0020857	0.0013908
53	0.56763	0.4289	0.0019788	0.0014951
54	0.55146	0.44507	0.0019211	0.0015503
55	0.51405	0.48249	0.0017896	0.0016792
56	0.49328	0.50325	0.0017161	0.0017501
57	0.48082	0.51571	0.0016716	0.0017919
58	0.45197	0.54456	0.0015703	0.0018907
59	0.39334	0.6032	0.0013657	0.0020927
60	0.35927	0.63727	0.0012465	0.0022092
61	0.336	0.66055	0.0011649	0.0022882
62	0.32072	0.67583	0.0011112	0.0023393
63	0.31446	0.68209	0.0010888	0.0023591
64	0.31535	0.68121	0.001091	0.0023543
65	0.32361	0.67294	0.0011187	0.0023239
66	0.33849	0.65807	0.0011693	0.0022708
67	0.36652	0.63004	0.001265	0.0021724
68	0.40851	0.58806	0.0014089	0.0020259
69	0.40784	0.58872	0.0014055	0.0020267
70	0.39674	0.59983	0.0013662	0.0020634
71	0.39389	0.60268	0.0013553	0.0020716
72	0.39851	0.59806	0.00137	0.0020542
73	0.40862	0.58796	0.0014036	0.002018
74	0.42979	0.56679	0.001475	0.0019439
75	0.4623	0.53428	0.0015853	0.0018311
76	0.47303	0.52356	0.0016207	0.001793
77	0.49526	0.50133	0.0016955	0.0017155
78	0.52934	0.46725	0.0018108	0.0015977
79	0.52527	0.47133	0.0017954	0.0016104
80	0.52632	0.47028	0.0017976	0.0016056
81	0.53263	0.46397	0.0018177	0.0015828
82	0.54496	0.45165	0.0018584	0.0015395
83	0.56963	0.42698	0.0019411	0.0014542
84	0.60588	0.39072	0.0020631	0.0013295
85	0.62302	0.37359	0.0021199	0.0012701
86	0.65499	0.34162	0.0022269	0.0011605
87	0.71042	0.28619	0.0024133	0.00097141
88	0.78936	0.20726	0.0026793	0.00070276
89	0.83025	0.16637	0.0028158	0.00056362
90	0.90005	0.096572	0.0030498	0.0003269
91	0.90923	0.087393	0.0030785	0.00029562
92	0.91072	0.085907	0.003081	0.00029038
93	0.90684	0.08979	0.0030654	0.0003033
94	0.90633	0.090307	0.0030613	0.00030481
95	0.90912	0.087521	0.0030683	0.00029516
96	0.91746	0.079175	0.003094	0.0002668
97	0.93078	0.065864	0.0031364	0.00022174
98	0.95464	0.042009	0.0032141	0.00014129
99	0.9956	0.0010478	0.0033492	3.5263e-06
100	0.98189	0.014765	0.0033004	4.9725e-05
101	0.97437	0.022281	0.0032724	7.5001e-05
102	0.97092	0.025732	0.0032581	8.6572e-05
103	0.96985	0.026812	0.0032518	9.0152e-05
104	0.97169	0.024975	0.0032553	8.3952e-05
105	0.97603	0.020638	0.0032672	6.938e-05
106	0.97096	0.02571	0.0032475	8.6363e-05
107	0.95888	0.037791	0.0032044	0.00012681
108	0.9511	0.045571	0.0031758	0.00015277
109	0.94797	0.048708	0.0031627	0.00016317
110	0.93807	0.058607	0.003127	0.00019614
111	0.91399	0.082686	0.0030441	0.00027641
112	0.73917	0.25751	0.0024586	0.00085923
113	0.61949	0.3772	0.0020581	0.0012572
114	0.535	0.46169	0.0017754	0.0015372
115	0.47555	0.52114	0.0015765	0.0017334
116	0.44139	0.5553	0.0014618	0.0018455
117	0.42282	0.57388	0.001399	0.0019057
118	0.41194	0.58476	0.0013618	0.0019403
119	0.40944	0.58726	0.0013523	0.0019471
120	0.41461	0.58209	0.0013682	0.0019285
121	0.42541	0.5713	0.0014027	0.0018914
122	0.42347	0.57324	0.0013951	0.0018964
123	0.4265	0.57021	0.0014039	0.0018849
124	0.41976	0.57696	0.0013805	0.0019057
125	0.41817	0.57855	0.0013741	0.0019094
126	0.42154	0.57518	0.0013841	0.0018968
127	0.41227	0.58445	0.0013525	0.0019258
128	0.38871	0.60801	0.001274	0.0020017
129	0.37678	0.61994	0.0012337	0.0020393
130	0.34647	0.65026	0.0011332	0.0021372
131	0.32673	0.67	0.0010676	0.0022001
132	0.27739	0.71934	0.00090532	0.0023598
133	0.24285	0.75389	0.00079169	0.0024709
134	0.2233	0.77344	0.00072717	0.0025328
135	0.21103	0.78572	0.00068654	0.0025708
136	0.17806	0.81868	0.00057857	0.0026761
137	0.15939	0.83736	0.00051726	0.0027348
138	0.14742	0.84933	0.00047792	0.0027715
139	0.14045	0.85631	0.00045487	0.002792
140	0.13745	0.8593	0.00044481	0.0027994
141	0.13802	0.85874	0.00044631	0.0027953
142	0.14221	0.85455	0.00045961	0.0027795
143	0.15065	0.84612	0.00048665	0.0027498
144	0.16374	0.83303	0.00052878	0.0027051
145	0.18716	0.80961	0.00060427	0.002627
146	0.19461	0.80216	0.00062796	0.0026008
147	0.20706	0.78971	0.00066782	0.0025583
148	0.23046	0.76632	0.00074298	0.0024806
149	0.26426	0.73252	0.00085169	0.0023693
150	0.27949	0.71729	0.00090022	0.0023182
151	0.28362	0.71316	0.00091283	0.002303
152	0.29268	0.70411	0.0009413	0.0022719
153	0.31152	0.68527	0.0010012	0.0022094
154	0.31599	0.6808	0.0010148	0.0021932
155	0.32886	0.66793	0.0010554	0.00215
156	0.34975	0.64704	0.0011217	0.0020811
157	0.38168	0.61512	0.0012234	0.0019769
158	0.43724	0.55956	0.0014007	0.001797
159	0.51883	0.47798	0.0016613	0.0015337
160	0.55995	0.43685	0.0017917	0.0014007
161	0.57591	0.4209	0.0018414	0.0013485
162	0.5582	0.43861	0.0017834	0.0014039
163	0.54754	0.44928	0.0017479	0.0014368
164	0.54526	0.45155	0.0017393	0.0014428
165	0.55076	0.44606	0.0017555	0.0014241
166	0.56553	0.43129	0.0018011	0.0013758
167	0.58942	0.4074	0.0018758	0.0012985
168	0.59918	0.39765	0.0019053	0.0012664
169	0.57067	0.42616	0.0018132	0.0013559
170	0.51251	0.48433	0.001627	0.0015396
171	0.40023	0.59661	0.0012691	0.0018948
172	0.32342	0.67342	0.0010245	0.0021368
173	0.2782	0.71864	0.00088036	0.0022783
174	0.25212	0.74472	0.000797	0.0023591
175	0.23518	0.76167	0.00074271	0.0024108
176	0.19909	0.79776	0.00062791	0.0025229
177	0.1748	0.82205	0.00055066	0.0025976
178	0.15882	0.83803	0.00049982	0.0026458
179	0.14887	0.84799	0.00046803	0.002675
180	0.14311	0.85375	0.00044954	0.0026909
181	0.14268	0.85418	0.0004478	0.00269
182	0.14745	0.84941	0.00046239	0.0026728
183	0.15665	0.84021	0.00049087	0.0026417
184	0.17456	0.82231	0.00054656	0.0025834
185	0.16544	0.83144	0.00051749	0.0026099
186	0.16089	0.83599	0.00050281	0.002622
187	0.16188	0.835	0.00050548	0.0026167
188	0.16645	0.83043	0.00051935	0.0026002
189	0.17789	0.819	0.00055458	0.0025624
190	0.17843	0.81846	0.00055581	0.0025585
191	0.17082	0.82607	0.00053159	0.0025801
192	0.16721	0.82968	0.00051989	0.0025892
193	0.16717	0.82972	0.00051932	0.0025872
194	0.17287	0.82402	0.0005366	0.0025673
195	0.18594	0.81095	0.0005767	0.0025246
196	0.18929	0.80761	0.00058653	0.0025121
197	0.19676	0.80014	0.00060916	0.0024868
198	0.20926	0.78765	0.00064733	0.002446
199	0.22828	0.76863	0.00070567	0.0023851
200	0.26218	0.73473	0.00080989	0.0022783
201	0.31223	0.68469	0.00096389	0.0021216
202	0.33301	0.66391	0.0010273	0.0020556
203	0.36473	0.63219	0.0011244	0.0019559
204	0.41039	0.58654	0.0012645	0.0018132
205	0.47764	0.51928	0.0014711	0.001604
206	0.57301	0.42391	0.0017642	0.0013083
207	0.73378	0.26315	0.0022583	0.00081168
208	0.96835	0.028581	0.0029792	8.8136e-05
209	0.97023	0.026703	0.0029825	8.2283e-05
210	0.95924	0.037694	0.0029462	0.000116
211	0.71902	0.27792	0.0022055	0.0008541
212	0.54895	0.44799	0.0016817	0.0013753
213	0.4286	0.56834	0.0013114	0.0017429
214	0.34351	0.65344	0.0010499	0.0020019
215	0.29332	0.70363	0.0008955	0.0021537
216	0.2582	0.73875	0.00078743	0.0022592
217	0.23391	0.76304	0.00071267	0.0023314
218	0.22089	0.77607	0.00067233	0.0023691
219	0.2136	0.78337	0.00064955	0.0023893
220	0.19119	0.80577	0.00058086	0.0024554
221	0.13892	0.85805	0.00042163	0.0026121
222	0.10806	0.88891	0.00032758	0.0027036
223	0.086343	0.91063	0.00026148	0.0027671
224	0.07394	0.92303	0.00022367	0.0028023
225	0.065592	0.93138	0.00019821	0.0028252
226	0.060295	0.93668	0.00018204	0.0028388
227	0.058747	0.93824	0.00017721	0.002841
228	0.06045	0.93653	0.00018219	0.0028335
229	0.056918	0.94007	0.00017135	0.0028417
230	0.055731	0.94126	0.00016761	0.0028429
231	0.056497	0.9405	0.00016977	0.0028381
232	0.060723	0.93627	0.00018231	0.002823
233	0.067981	0.92902	0.00020396	0.0027987
234	0.078879	0.91812	0.00023652	0.0027636
235	0.095312	0.90169	0.00028566	0.0027119
236	0.12359	0.87341	0.00037022	0.0026247
237	0.16501	0.832	0.00049405	0.0024983
238	0.2349	0.76211	0.00070285	0.0022869
239	0.33683	0.66018	0.0010073	0.0019799
240	0.34917	0.64784	0.0010433	0.0019413
241	0.37317	0.62385	0.001114	0.0018681
242	0.4095	0.58753	0.0012213	0.0017581
243	0.4616	0.53542	0.0013757	0.0016012
244	0.48268	0.51435	0.0014373	0.0015369
245	0.52087	0.47616	0.0015498	0.0014219
246	0.57758	0.41945	0.0017172	0.0012519
247	0.60601	0.39103	0.0018001	0.0011663
248	0.64885	0.34819	0.0019259	0.001038
249	0.64657	0.35047	0.0019174	0.0010439
250	0.63277	0.36427	0.0018747	0.0010841
251	0.62572	0.37133	0.001852	0.0011041
252	0.62392	0.37313	0.0018451	0.0011085
253	0.62977	0.36728	0.0018608	0.0010902
254	0.64209	0.35496	0.0018956	0.0010528
255	0.66264	0.33441	0.0019547	0.00099114
256	0.66847	0.32858	0.0019702	0.00097308
257	0.68067	0.31639	0.0020044	0.00093624
258	0.70098	0.29608	0.0020626	0.00087547
259	0.70626	0.29081	0.0020764	0.00085913
260	0.71709	0.27998	0.0021066	0.00082642
261	0.73891	0.25816	0.002169	0.00076146
262	0.77229	0.22478	0.0022654	0.00066251
263	0.82205	0.17502	0.0024098	0.00051551
264	0.90662	0.090456	0.0026562	0.00026655
265	0.91724	0.079844	0.0026851	0.00023514
266	0.92104	0.076037	0.0026939	0.00022377
267	0.92854	0.068545	0.0027135	0.0002016
268	0.9191	0.077987	0.0026835	0.00022906
269	0.91375	0.083345	0.0026655	0.00024451
270	0.91183	0.085261	0.0026576	0.00024987
271	0.9134	0.083697	0.0026599	0.00024505
272	0.88979	0.10731	0.0025889	0.00031358
273	0.87692	0.12018	0.0025492	0.00035074
274	0.86921	0.12789	0.0025246	0.00037284
275	0.8676	0.12951	0.0025177	0.00037721
276	0.87161	0.1255	0.0025272	0.00036522
277	0.88034	0.11677	0.0025503	0.00033955
278	0.86922	0.12789	0.0025158	0.00037151
279	0.86294	0.13418	0.0024954	0.00038938
280	0.86251	0.1346	0.002492	0.00039029
281	0.86626	0.13086	0.0025006	0.0003791
282	0.87473	0.12239	0.0025229	0.00035428
283	0.87484	0.12229	0.0025211	0.00035362
284	0.86819	0.12894	0.0024997	0.00037248
285	0.86562	0.13151	0.0024901	0.00037952
286	0.86869	0.12845	0.0024967	0.00037036
287	0.87825	0.11889	0.002522	0.00034254
288	0.89703	0.10011	0.0025737	0.00028831
289	0.87613	0.12101	0.0025113	0.00034817
290	0.86234	0.1348	0.0024694	0.00038748
291	0.85442	0.14272	0.0024445	0.00040987
292	0.85088	0.14627	0.0024322	0.00041966
293	0.8532	0.14395	0.0024366	0.00041267
294	0.86011	0.13704	0.0024542	0.00039256
295	0.8726	0.12455	0.0024877	0.00035653
296	0.87551	0.12165	0.0024938	0.0003479
297	0.88248	0.11468	0.0025115	0.00032769
298	0.89715	0.10001	0.0025511	0.00028557
299	0.91911	0.078052	0.0026114	0.00022272
300	0.95208	0.045089	0.002703	0.00012862
301	0.94601	0.051159	0.0026834	0.00014572
302	0.94433	0.052844	0.0026762	0.00015036
303	0.94554	0.05164	0.0026773	0.00014679
304	0.94264	0.054535	0.0026667	0.00015485
305	0.94273	0.054453	0.0026646	0.00015447
306	0.94687	0.050315	0.0026739	0.00014261
307	0.94577	0.051418	0.0026684	0.00014559
308	0.94731	0.049877	0.0026704	0.00014109
309	0.95316	0.044032	0.0026845	0.00012445
310	0.95361	0.043588	0.0026834	0.00012307
311	0.94935	0.047842	0.0026691	0.00013492
312	0.949	0.048201	0.0026657	0.00013579
313	0.94326	0.053943	0.0026472	0.00015178
314	0.9419	0.055305	0.002641	0.00015545
315	0.94348	0.053727	0.0026431	0.00015087
316	0.94823	0.048982	0.0026541	0.0001374
317	0.95851	0.038705	0.0026805	0.00010847
318	0.97399	0.023221	0.0027215	6.4996e-05
319	0.96863	0.028591	0.002704	7.9919e-05
320	0.96604	0.031174	0.0026944	8.7031e-05
321	0.96661	0.030612	0.0026935	8.5374e-05
322	0.95129	0.045932	0.0026485	0.0001279
323	0.94322	0.054002	0.0026237	0.00015021
324	0.92315	0.074076	0.0025656	0.00020579
325	0.91238	0.084846	0.0025334	0.00023549
326	0.90786	0.089371	0.0025185	0.00024782
327	0.90823	0.089003	0.0025172	0.00024659
328	0.87832	0.11892	0.0024321	0.00032917
329	0.85864	0.13861	0.0023755	0.00038328
330	0.84582	0.15142	0.002338	0.00041828
331	0.84061	0.15664	0.0023214	0.00043228
332	0.84151	0.15574	0.0023218	0.0004294
333	0.84867	0.14858	0.0023393	0.00040928
334	0.86159	0.13566	0.0023728	0.00037332
335	0.88578	0.11148	0.0024371	0.00030647
336	0.92775	0.069505	0.00255	0.00019094
337	0.94666	0.050604	0.0025995	0.00013894
338	0.94621	0.051053	0.0025958	0.00014005
339	0.94964	0.047625	0.0026027	0.00013055
340	0.94815	0.049121	0.0025962	0.00013454
341	0.9504	0.046876	0.0025998	0.00012829
342	0.95553	0.041742	0.0026114	0.00011415
343	0.95666	0.040613	0.002612	0.00011098
344	0.96059	0.036687	0.0026202	0.00010018
345	0.96932	0.027966	0.0026415	7.6347e-05
346	0.96711	0.03017	0.0026329	8.2316e-05
347	0.95952	0.037767	0.0026097	0.00010297
348	0.95515	0.042145	0.0025953	0.0001148
349	0.95346	0.043829	0.0025882	0.00011928
350	0.95535	0.04195	0.0025908	0.00011409
351	0.95995	0.037349	0.0026008	0.00010152
352	0.95986	0.037439	0.0025981	0.00010167
353	0.96215	0.035154	0.0026018	9.5392e-05
354	0.96842	0.028886	0.0026163	7.8356e-05
355	0.96342	0.033887	0.0026002	9.182e-05
356	0.96125	0.036062	0.0025919	9.7612e-05
357	0.96159	0.035722	0.0025903	9.6601e-05
358	0.95747	0.039842	0.0025768	0.00010761
359	0.94494	0.052375	0.0025406	0.00014123
360	0.93697	0.060354	0.0025168	0.00016252
361	0.93399	0.063337	0.0025064	0.00017038
362	0.93416	0.06317	0.0025045	0.00016975
363	0.9375	0.05983	0.0025111	0.0001606
364	0.94596	0.051374	0.0025314	0.00013777
365	0.95912	0.038216	0.0025643	0.00010237
366	0.98256	0.014776	0.0026246	3.9544e-05
367	0.98108	0.016261	0.0026181	4.3469e-05
368	0.98132	0.016018	0.0026163	4.2769e-05
369	0.98408	0.013267	0.0026211	3.5395e-05
370	0.98474	0.012602	0.0026203	3.3594e-05
371	0.98721	0.010138	0.0026244	2.7005e-05
372	0.98788	0.0094721	0.0026236	2.5205e-05
373	0.99019	0.0071638	0.0026272	1.9042e-05
374	0.99524	0.0021169	0.0026381	5.6292e-06
375	0.99369	0.0036738	0.0026314	9.7532e-06
376	0.99333	0.0040342	0.002628	1.0698e-05
377	0.99411	0.0032499	0.0026275	8.6103e-06
378	0.99384	0.0035298	0.0026243	9.3439e-06
379	0.99237	0.0050022	0.0026178	1.3225e-05
380	0.98105	0.01632	0.0025854	4.3098e-05
381	0.9736	0.023771	0.0025633	6.2704e-05
382	0.95908	0.0383	0.0025225	0.00010094
383	0.95141	0.045972	0.0024998	0.00012106
384	0.94733	0.050049	0.0024867	0.00013167
385	0.94724	0.050144	0.002484	0.00013182
386	0.9498	0.047582	0.0024882	0.00012499
387	0.95533	0.042055	0.0025003	0.0001104
388	0.95579	0.041603	0.002499	0.00010912
389	0.95181	0.04558	0.0024862	0.00011941
390	0.94025	0.05715	0.0024536	0.00014952
391	0.86393	0.13347	0.002252	0.00034857
392	0.81031	0.18709	0.0021101	0.00048797
393	0.77952	0.21789	0.0020278	0.00056773
394	0.7587	0.2387	0.0019716	0.00062131
395	0.74853	0.24888	0.0019432	0.00064718
396	0.7441	0.25331	0.0019298	0.00065804
397	0.74663	0.25078	0.0019345	0.00065085
398	0.75412	0.2433	0.001952	0.00063083
399	0.75124	0.24618	0.0019426	0.00063766
400	0.75297	0.24445	0.0019452	0.00063252
401	0.75953	0.23789	0.0019603	0.0006149
402	0.77494	0.22248	0.0019982	0.00057449
403	0.77999	0.21744	0.0020093	0.00056089
404	0.79075	0.20668	0.002035	0.00053259
405	0.81221	0.18523	0.0020882	0.00047684
406	0.85013	0.1473	0.0021836	0.00037891
407	0.90447	0.092966	0.002321	0.00023894
408	0.9843	0.013138	0.0025237	3.372e-05
409	0.99693	0.00051034	0.0025536	1.3092e-06
410	0.9951	0.0023475	0.0025463	6.0086e-06
411	0.99436	0.0030901	0.0025419	7.8983e-06
412	0.99268	0.0047746	0.0025351	1.2191e-05
413	0.99259	0.0048697	0.0025323	1.2423e-05
414	0.99406	0.0034016	0.0025335	8.6747e-06
415	0.99197	0.0054946	0.0025256	1.4001e-05
416	0.99128	0.0061826	0.0025213	1.5737e-05
417	0.99226	0.005206	0.0025212	1.3242e-05
418	0.99139	0.0060805	0.0025164	1.545e-05
419	0.98915	0.0083237	0.0025082	2.1132e-05
420	0.98839	0.0090802	0.0025037	2.3029e-05
421	0.98903	0.0084409	0.0025028	2.1386e-05
422	0.99126	0.0062215	0.0025059	1.5744e-05
423	0.99172	0.005759	0.0025046	1.4551e-05
424	0.99111	0.0063737	0.0025005	1.6083e-05
425	0.99218	0.005302	0.0025006	1.3364e-05
426	0.99522	0.0022682	0.0025057	5.7133e-06
427	0.99658	0.00091416	0.0025066	2.3007e-06
428	0.99633	0.0011659	0.0025033	2.9324e-06
429	0.99687	0.00063113	0.0025021	1.5871e-06
430	0.99358	0.0039183	0.0024913	9.8463e-06
431	0.98648	0.011026	0.0024709	2.7669e-05
432	0.98203	0.015471	0.0024572	3.8778e-05
433	0.97986	0.017647	0.0024492	4.4179e-05
434	0.98023	0.017281	0.0024476	4.3224e-05
435	0.98324	0.014271	0.0024526	3.5676e-05
436	0.9833	0.014209	0.0024502	3.5493e-05
437	0.97268	0.024841	0.0024212	6.1963e-05
438	0.9672	0.03032	0.002405	7.5558e-05
439	0.96438	0.033142	0.0023955	8.2505e-05
440	0.96485	0.03268	0.0023941	8.1286e-05
441	0.96873	0.028801	0.0024012	7.1605e-05
442	0.94467	0.052859	0.0023388	0.00013135
443	0.92826	0.069273	0.0022956	0.00017196
444	0.91794	0.079592	0.0022676	0.00019736
445	0.89631	0.10123	0.0022117	0.0002507
446	0.88188	0.11566	0.0021737	0.00028609
447	0.8751	0.12244	0.0021547	0.00030256
448	0.85561	0.14193	0.0021043	0.0003503
449	0.84576	0.15179	0.0020778	0.00037423
450	0.84105	0.1565	0.002064	0.00038545
451	0.84079	0.15676	0.0020612	0.00038568
452	0.84496	0.15259	0.0020693	0.00037504
453	0.85371	0.14385	0.0020885	0.00035319
454	0.86866	0.1289	0.002123	0.00031616
455	0.89197	0.1056	0.0021779	0.00025873
456	0.93246	0.065107	0.0022746	0.00015941
457	0.81744	0.18012	0.0019919	0.0004396
458	0.73892	0.25865	0.0017987	0.00063023
459	0.68378	0.31379	0.0016628	0.00076354
460	0.57659	0.42099	0.0014008	0.001023
461	0.51383	0.48375	0.001247	0.0011743
462	0.47738	0.5202	0.0011572	0.0012614
463	0.38968	0.6079	0.00094361	0.0014725
464	0.33842	0.65916	0.00081853	0.001595
465	0.3026	0.69498	0.0007311	0.0016798
466	0.28247	0.71512	0.00068168	0.0017267
467	0.26942	0.72817	0.00064948	0.0017563
468	0.26441	0.73318	0.00063671	0.0017665
469	0.26608	0.73152	0.00063998	0.0017606
470	0.25646	0.74114	0.00061616	0.0017818
471	0.25415	0.74345	0.00060991	0.0017854
472	0.24093	0.75668	0.00057747	0.0018153
473	0.23359	0.76402	0.00055924	0.0018309
474	0.23068	0.76693	0.00055164	0.0018359
475	0.18189	0.81572	0.00043432	0.0019506
476	0.14751	0.8501	0.00035173	0.0020306
477	0.12341	0.87421	0.00029388	0.0020858
478	0.10994	0.88768	0.00026145	0.0021156
479	0.10149	0.89613	0.00024106	0.0021334
480	0.078856	0.91877	0.00018702	0.0021848
481	0.06296	0.93467	0.00014913	0.0022201
482	0.051896	0.94574	0.00012277	0.0022439
483	0.044335	0.9533	0.00010477	0.0022593
484	0.039616	0.95802	9.3533e-05	0.0022679
485	0.037921	0.95972	8.9445e-05	0.0022694
486	0.037978	0.95967	8.9505e-05	0.0022667
487	0.033625	0.96402	7.9164e-05	0.0022744
488	0.032033	0.96562	7.5337e-05	0.0022756
489	0.031855	0.9658	7.4847e-05	0.0022735
490	0.027418	0.97024	6.4347e-05	0.0022814
491	0.024813	0.97284	5.8175e-05	0.0022849
492	0.023514	0.97415	5.5081e-05	0.0022854
493	0.018091	0.97957	4.2336e-05	0.0022955
494	0.015196	0.98247	3.552e-05	0.0022997
495	0.014031	0.98364	3.2757e-05	0.0022998
496	0.013782	0.98389	3.2141e-05	0.0022978
497	0.014927	0.98275	3.477e-05	0.0022925
498	0.017139	0.98054	3.9884e-05	0.0022848
499	0.021594	0.97608	5.0196e-05	0.0022718
500	0.029558	0.96812	6.862e-05	0.0022507
501	0.040809	0.95687	9.4638e-05	0.002222
502	0.060105	0.93758	0.00013921	0.0021748
503	0.067809	0.92988	0.00015685	0.0021545
504	0.082018	0.91567	0.00018945	0.0021192
505	0.10237	0.89532	0.00023617	0.0020698
506	0.13133	0.86637	0.00030263	0.0020007
507	0.17374	0.82396	0.00039997	0.0019006
508	0.23372	0.76398	0.00053757	0.0017604
509	0.3356	0.66211	0.00077108	0.0015242
510	0.48416	0.51355	0.0011114	0.0011812
511	0.5024	0.49531	0.001152	0.001138
512	0.52996	0.46776	0.0012138	0.0010734
513	0.57824	0.41948	0.001323	0.00096158
514	0.64946	0.34825	0.0014845	0.00079744
515	0.75388	0.24384	0.0017216	0.00055766
516	0.92985	0.067877	0.0021214	0.00015517
517	0.93564	0.062082	0.0021321	0.00014176
518	0.94779	0.049934	0.0021573	0.00011392
519	0.96957	0.028166	0.0022042	6.4282e-05
520	0.94951	0.048229	0.0021559	0.0001099
521	0.9385	0.059232	0.0021283	0.00013482
522	0.93207	0.065673	0.0021111	0.0001493
523	0.92926	0.068479	0.0021023	0.0001555
524	0.92969	0.068054	0.0021007	0.00015436
525	0.93315	0.064599	0.002106	0.00014636
526	0.91971	0.078039	0.0020732	0.00017656
527	0.91318	0.084568	0.0020559	0.0001911
528	0.91028	0.087475	0.0020469	0.00019744
529	0.86704	0.13072	0.001947	0.00029463
530	0.83806	0.1597	0.0018795	0.00035947
531	0.82224	0.17552	0.0018416	0.0003946
532	0.78324	0.21453	0.0017519	0.00048164
533	0.7614	0.23636	0.0017008	0.00053004
534	0.7479	0.24987	0.0016685	0.00055965
535	0.71822	0.27956	0.0016	0.00062537
536	0.69909	0.29869	0.0015554	0.00066733
537	0.68776	0.31002	0.0015282	0.00069179
538	0.65773	0.34006	0.0014595	0.00075779
539	0.63841	0.35937	0.0014148	0.00079977
540	0.62645	0.37134	0.0013866	0.00082532
541	0.6204	0.3774	0.0013715	0.00083769
542	0.62203	0.37577	0.0013735	0.00083305
543	0.63193	0.36587	0.0013937	0.00081016
544	0.61074	0.38706	0.0013451	0.00085598
545	0.59735	0.40045	0.0013139	0.00088446
546	0.59015	0.40766	0.0012965	0.00089923
547	0.56568	0.43212	0.0012411	0.00095188
548	0.55334	0.44447	0.0012125	0.00097781
549	0.54973	0.44809	0.001203	0.00098455
550	0.55124	0.44658	0.0012048	0.00098003
551	0.55806	0.43976	0.0012182	0.00096389
552	0.57462	0.4232	0.0012529	0.00092652
553	0.60093	0.39689	0.0013088	0.00086794
554	0.63944	0.35839	0.0013911	0.00078287
555	0.69477	0.30306	0.0015099	0.00066131
556	0.77356	0.22427	0.0016797	0.00048888
557	0.80726	0.19057	0.0017509	0.00041494
558	0.85578	0.14206	0.0018542	0.00030891
559	0.84546	0.15238	0.0018296	0.00033081
560	0.84202	0.15583	0.0018199	0.00033782
561	0.84457	0.15327	0.0018232	0.00033185
562	0.82002	0.17783	0.0017679	0.00038442
563	0.80435	0.1935	0.0017319	0.00041767
564	0.79734	0.20051	0.0017146	0.00043223
565	0.71887	0.27899	0.0015439	0.00060028
566	0.67325	0.3246	0.001444	0.00069744
567	0.64176	0.35611	0.0013746	0.00076404
568	0.62491	0.37295	0.0013368	0.00079914
569	0.6178	0.38006	0.0013198	0.00081334
570	0.61848	0.37939	0.0013195	0.00081089
571	0.62712	0.37075	0.0013362	0.00079146
572	0.64293	0.35495	0.0013681	0.00075683
573	0.6728	0.32508	0.0014297	0.00069243
574	0.66596	0.33192	0.0014132	0.0007061
575	0.66682	0.33106	0.0014131	0.00070341
576	0.67326	0.32463	0.0014249	0.0006889
577	0.67053	0.32736	0.0014172	0.00069384
578	0.67273	0.32516	0.0014199	0.00068831
579	0.68013	0.31776	0.0014336	0.00067182
580	0.69719	0.3007	0.0014676	0.00063504
581	0.70106	0.29684	0.0014737	0.00062612
582	0.7108	0.28711	0.0014922	0.00060487
583	0.70911	0.2888	0.0014866	0.00060765
584	0.71468	0.28323	0.0014963	0.00059521
585	0.72641	0.2715	0.0015188	0.00056989
586	0.74599	0.25192	0.0015577	0.00052821
587	0.77623	0.22169	0.0016188	0.00046434
588	0.78904	0.20888	0.0016433	0.00043699
589	0.77414	0.22378	0.0016101	0.00046744
590	0.76583	0.23209	0.0015907	0.00048409
591	0.76291	0.23502	0.0015825	0.00048949
592	0.76496	0.23297	0.0015847	0.00048454
593	0.77452	0.22341	0.0016024	0.00046403
594	0.79412	0.20382	0.0016409	0.0004228
595	0.82425	0.17368	0.0017011	0.00035984
596	0.86926	0.12868	0.0017919	0.00026626
597	0.93348	0.064464	0.0019222	0.00013317
598	0.96686	0.031091	0.0019885	6.4137e-05
599	0.98437	0.01358	0.0020218	2.7993e-05
600	0.98199	0.015963	0.0020142	3.285e-05
601	0.97353	0.024423	0.0019941	5.0152e-05
602	0.95663	0.041326	0.0019567	8.4718e-05
603	0.94575	0.052209	0.0019317	0.00010686
604	0.92388	0.074085	0.0018844	0.00015141
605	0.91187	0.086097	0.0018572	0.00017573
606	0.90458	0.093392	0.0018398	0.00019036
607	0.90278	0.095196	0.0018335	0.00019378
608	0.90461	0.093369	0.0018347	0.00018982
609	0.91	0.087975	0.0018431	0.00017862
610	0.90854	0.089436	0.0018375	0.00018133
611	0.91188	0.0861	0.0018417	0.00017434
612	0.90876	0.089228	0.0018328	0.00018041
613	0.91049	0.087504	0.0018337	0.00017669
614	0.916	0.081989	0.0018422	0.00016534
615	0.92611	0.07189	0.00186	0.00014478
616	0.92876	0.069242	0.0018627	0.00013924
617	0.93476	0.063239	0.0018721	0.00012698
618	0.93586	0.062144	0.0018717	0.0001246
619	0.93996	0.05805	0.0018773	0.00011621
620	0.94952	0.048489	0.0018937	9.6936e-05
621	0.95341	0.044599	0.0018988	8.9039e-05
622	0.94255	0.055469	0.0018745	0.00011054
623	0.93586	0.062158	0.0018585	0.00012366
624	0.93395	0.064074	0.001852	0.00012728
625	0.93626	0.061759	0.001854	0.00012251
626	0.94205	0.055981	0.0018627	0.00011089
627	0.95212	0.045909	0.00188	9.0806e-05
628	0.94868	0.04935	0.0018705	9.7459e-05
629	0.94796	0.050076	0.0018664	9.8739e-05
630	0.95111	0.046927	0.0018698	9.2395e-05
631	0.95903	0.039006	0.0018827	7.6705e-05
632	0.95422	0.04382	0.0018705	8.6037e-05
633	0.9522	0.045846	0.0018638	8.9872e-05
634	0.95272	0.045326	0.0018621	8.8711e-05
635	0.95715	0.040902	0.001868	7.9933e-05
636	0.96674	0.031317	0.0018839	6.1125e-05
637	0.97092	0.027141	0.0018893	5.2909e-05
638	0.97832	0.019737	0.0019009	3.8436e-05
639	0.98964	0.0084273	0.00192	1.6412e-05
640	0.98711	0.010959	0.0019122	2.1311e-05
641	0.98084	0.017229	0.0018972	3.3444e-05
642	0.97715	0.020925	0.0018872	4.0551e-05
643	0.96788	0.030197	0.0018665	5.8406e-05
644	0.96237	0.035712	0.0018531	6.8953e-05
645	0.96066	0.037418	0.001847	7.2142e-05
646	0.95495	0.04313	0.0018332	8.3032e-05
647	0.95239	0.045701	0.0018255	8.7851e-05
648	0.95347	0.044623	0.0018248	8.5668e-05
649	0.89657	0.10152	0.0017132	0.0001944
650	0.86361	0.13449	0.0016476	0.00025712
651	0.84183	0.15627	0.0016035	0.00029829
652	0.79084	0.20726	0.0015041	0.0003949
653	0.76167	0.23643	0.0014463	0.00044977
654	0.74284	0.25527	0.0014084	0.00048483
655	0.69702	0.30109	0.0013194	0.00057086
656	0.67116	0.32695	0.0012685	0.00061891
657	0.65488	0.34324	0.0012358	0.00064871
658	0.64811	0.35001	0.0012211	0.00066048
659	0.64654	0.35159	0.0012163	0.00066242
660	0.65044	0.34768	0.0012218	0.00065404
661	0.65984	0.33829	0.0012376	0.00063535
662	0.68	0.31813	0.0012735	0.00059654
663	0.71666	0.28147	0.0013402	0.00052699
664	0.77118	0.22695	0.00144	0.00042422
665	0.86376	0.13438	0.0016105	0.0002508
666	0.91201	0.086127	0.0016979	0.00016054
667	0.91635	0.081797	0.0017032	0.00015223
668	0.89994	0.098207	0.0016701	0.00018244
669	0.88939	0.10876	0.001648	0.0002017
670	0.88534	0.11281	0.0016379	0.00020886
671	0.88665	0.1115	0.0016377	0.0002061
672	0.89361	0.10455	0.0016479	0.00019296
673	0.90536	0.092801	0.0016669	0.00017101
674	0.92706	0.071105	0.0017041	0.00013086
675	0.95855	0.039613	0.0017592	7.2826e-05
676	0.97358	0.024596	0.0017839	4.5164e-05
677	0.97991	0.018265	0.0017926	3.3492e-05
678	0.99007	0.0081052	0.0018084	1.4843e-05
679	0.99077	0.0074125	0.0018067	1.3553e-05
680	0.98987	0.0083167	0.0018021	1.5178e-05
681	0.9908	0.0073867	0.0018009	1.3462e-05
682	0.98998	0.008213	0.0017965	1.4942e-05
683	0.9905	0.0076879	0.0017945	1.3963e-05
684	0.99245	0.0057482	0.0017951	1.0424e-05
685	0.99604	0.0021608	0.0017987	3.9133e-06
686	0.99793	0.00027243	0.0017992	4.9278e-07
687	0.99812	7.8496e-05	0.0017966	1.4172e-07
688	0.99748	0.0007292	0.0017925	1.3122e-06
689	0.99632	0.0018931	0.0017875	3.3996e-06
690	0.99381	0.0044021	0.0017801	7.889e-06
691	0.99266	0.0055592	0.0017752	9.9433e-06
692	0.9931	0.0051201	0.001773	9.1431e-06
693	0.99487	0.0033525	0.0017733	5.9746e-06
694	0.99567	0.0025546	0.0017718	4.5443e-06
695	0.99578	0.002445	0.0017691	4.3427e-06
696	0.99534	0.0028862	0.0017653	5.12e-06
697	0.99372	0.0045148	0.0017595	7.9959e-06
698	0.99366	0.0045715	0.0017565	8.0851e-06
699	0.99253	0.0057095	0.0017515	1.0081e-05
700	0.99269	0.0055549	0.0017489	9.7897e-06
701	0.99455	0.0036903	0.0017492	6.4937e-06
702	0.99531	0.0029419	0.0017476	5.1708e-06
703	0.99512	0.0031308	0.0017443	5.4943e-06
704	0.996	0.0022488	0.0017429	3.9404e-06
705	0.99809	0.00016898	0.0017436	2.9592e-07
706	0.99711	0.0011479	0.0017389	2.0042e-06
707	0.997	0.001262	0.0017358	2.1995e-06
708	0.99774	0.00052787	0.0017341	9.1818e-07
709	0.91152	0.086746	0.0015815	0.00015058
710	0.86108	0.13719	0.0014914	0.00023779
711	0.82593	0.17234	0.001428	0.00029818
712	0.75781	0.24046	0.0013079	0.00041536
713	0.71011	0.28817	0.0012234	0.00049689
714	0.68308	0.3152	0.0011747	0.00054258
715	0.62838	0.36991	0.0010786	0.00063571
716	0.59162	0.40667	0.0010136	0.00069768
717	0.56659	0.4317	0.00096901	0.00073932
718	0.55097	0.44732	0.00094066	0.00076469
719	0.54499	0.45331	0.0009288	0.00077357
720	0.54681	0.45149	0.00093025	0.00076912
721	0.53817	0.46013	0.00091387	0.00078249
722	0.53502	0.46328	0.0009069	0.00078646
723	0.537	0.46131	0.00090862	0.00078173
724	0.54732	0.45099	0.00092442	0.00076292
725	0.56533	0.43298	0.00095316	0.00073118
726	0.59364	0.40468	0.00099915	0.00068218
727	0.6363	0.36203	0.0010692	0.00060917
728	0.7099	0.28842	0.0011908	0.00048449
729	0.81778	0.18054	0.0013696	0.00030269
730	0.8741	0.12423	0.0014614	0.00020792
731	0.88078	0.11756	0.0014698	0.0001964
732	0.8923	0.10603	0.0014864	0.00017684
733	0.91006	0.08828	0.0015132	0.00014695
734	0.94135	0.056991	0.0015625	9.4712e-05
735	0.9862	0.012146	0.001634	2.0146e-05
736	0.98716	0.011187	0.0016326	1.8515e-05
737	0.99051	0.007842	0.0016351	1.2953e-05
738	0.99716	0.0011915	0.001643	1.9651e-06
739	0.99674	0.0016138	0.0016393	2.6553e-06
740	0.99586	0.0024962	0.0016348	4.0995e-06
741	0.9962	0.0021599	0.0016323	3.5424e-06
742	0.99363	0.0047345	0.001625	7.7551e-06
743	0.99244	0.0059272	0.00162	9.6917e-06
744	0.99249	0.0058815	0.001617	9.5999e-06
745	0.99123	0.0071506	0.0016119	1.1647e-05
746	0.98798	0.010396	0.0016036	1.6901e-05
747	0.98648	0.011902	0.0015981	1.931e-05
748	0.98228	0.016107	0.0015882	2.6076e-05
749	0.98017	0.018216	0.0015818	2.9427e-05
750	0.9806	0.017791	0.0015795	2.8686e-05
751	0.98302	0.015377	0.0015803	2.4744e-05
752	0.9887	0.0097001	0.0015864	1.5582e-05
753	0.99775	0.00064764	0.0015979	1.0392e-06
754	0.99801	0.00039915	0.0015952	6.3915e-07
755	0.99819	0.00021968	0.0015924	3.51e-07
756	0.99837	3.9692e-05	0.0015896	6.3297e-08
757	0.99702	0.0013937	0.0015844	2.2156e-06
758	0.99663	0.0017844	0.0015807	2.8303e-06
759	0.99734	0.0010824	0.0015787	1.714e-06
760	0.9964	0.0020182	0.0015742	3.1912e-06
761	0.99644	0.0019903	0.0015711	3.1413e-06
762	0.99739	0.0010435	0.0015696	1.644e-06
763	0.99654	0.0018939	0.0015652	2.9759e-06
764	0.99682	0.0016105	0.0015625	2.5263e-06
765	0.99808	0.00036132	0.0015614	5.6588e-07
766	0.99813	0.00031456	0.0015584	4.9139e-07
767	0.99739	0.0010524	0.0015541	1.641e-06
768	0.99585	0.0026001	0.0015487	4.0448e-06
769	0.99564	0.0028087	0.0015452	4.3617e-06
770	0.99647	0.0019809	0.0015434	3.0703e-06
771	0.99678	0.0016756	0.0015408	2.5934e-06
772	0.99654	0.0019162	0.0015373	2.9601e-06
773	0.99559	0.0028705	0.0015328	4.4242e-06
774	0.99564	0.0028236	0.0015298	4.342e-06
775	0.99702	0.0014456	0.0015288	2.2201e-06
776	0.9962	0.0022764	0.0015244	3.4879e-06
777	0.99635	0.0021254	0.0015215	3.2496e-06
778	0.99745	0.0010238	0.0015201	1.5614e-06
779	0.99815	0.00033368	0.0015181	5.0798e-07
780	0.99797	0.00051379	0.0015147	7.8002e-07
781	0.99775	0.00074089	0.0015113	1.1227e-06
782	0.99827	0.00022337	0.0015089	3.3766e-07
783	0.99823	0.00026078	0.0015058	3.9352e-07
784	0.99733	0.0011706	0.0015013	1.7618e-06
785	0.99742	0.0010768	0.0014983	1.6179e-06
786	0.99833	0.00017215	0.0014965	2.5799e-07
787	0.99849	1.5294e-05	0.0014936	2.2898e-08
788	0.99815	0.00036238	0.00149	5.4129e-07
789	0.99845	6.045e-05	0.0014873	9.0126e-08
790	0.9982	0.00031905	0.0014838	4.751e-07
791	0.9979	0.00062372	0.0014802	9.2709e-07
792	0.99736	0.0011645	0.0014762	1.7271e-06
793	0.99622	0.0023026	0.0014714	3.4068e-06
794	0.99611	0.0024219	0.0014681	3.5756e-06
795	0.99694	0.0015908	0.0014662	2.344e-06
796	0.9973	0.0012351	0.0014636	1.8175e-06
797	0.99724	0.001298	0.0014604	1.9068e-06
798	0.9967	0.0018418	0.0014565	2.6998e-06
799	0.99084	0.0076992	0.0014448	1.1253e-05
800	0.97896	0.019583	0.0014244	2.8547e-05
801	0.95433	0.04422	0.0013855	6.4292e-05
802	0.89822	0.10033	0.0013012	0.00014548
803	0.86572	0.13283	0.0012514	0.00019219
804	0.84426	0.15429	0.0012177	0.00022275
805	0.83076	0.16781	0.0011956	0.00024171
806	0.82519	0.17338	0.001185	0.00024918
807	0.82589	0.17268	0.0011834	0.00024764
808	0.83306	0.16551	0.0011911	0.00023687
809	0.84866	0.14991	0.0012106	0.00021412
810	0.873	0.12558	0.0012426	0.00017904
811	0.87104	0.12754	0.001237	0.00018145
812	0.87467	0.12391	0.0012393	0.00017593
813	0.88252	0.11607	0.0012476	0.00016447
814	0.88211	0.11648	0.0012442	0.00016469
815	0.88567	0.11292	0.0012464	0.00015932
816	0.89371	0.10489	0.0012549	0.00014767
817	0.88062	0.11798	0.0012337	0.0001657
818	0.87488	0.12372	0.0012228	0.00017338
819	0.87306	0.12554	0.0012175	0.00017553
820	0.8642	0.13441	0.0012023	0.00018749
821	0.86016	0.13846	0.001194	0.00019269
822	0.86003	0.13859	0.001191	0.00019243
823	0.85075	0.14787	0.0011755	0.00020481
824	0.84813	0.15049	0.0011692	0.00020794
825	0.84948	0.14914	0.0011683	0.0002056
826	0.8572	0.14142	0.0011762	0.00019451
827	0.87349	0.12514	0.0011957	0.00017175
828	0.89779	0.10085	0.0012262	0.00013813
829	0.90736	0.091278	0.0012363	0.00012474
830	0.92241	0.076233	0.0012539	0.00010394
831	0.94474	0.053905	0.0012813	7.3331e-05
832	0.95403	0.044615	0.0012909	6.0542e-05
833	0.9578	0.04085	0.001293	5.5297e-05
834	0.96468	0.033971	0.0012992	4.5868e-05
835	0.97786	0.020794	0.0013138	2.8011e-05
836	0.98357	0.015094	0.0013183	2.0279e-05
837	0.99434	0.0043229	0.0013296	5.7943e-06
838	0.99337	0.0053022	0.0013251	7.0869e-06
839	0.99395	0.0047212	0.0013226	6.2968e-06
840	0.99334	0.0053373	0.0013185	7.1002e-06
841	0.99397	0.0047073	0.0013162	6.2468e-06
842	0.99585	0.0028259	0.0013154	3.7414e-06
843	0.99647	0.0022159	0.001313	2.9258e-06
844	0.99414	0.0045455	0.0013067	5.983e-06
845	0.99353	0.0051618	0.0013026	6.7786e-06
846	0.99415	0.0045452	0.0013002	5.9554e-06
847	0.99354	0.0051603	0.0012961	6.7436e-06
848	0.99175	0.0069493	0.0012906	9.059e-06
849	0.99132	0.0073796	0.0012868	9.596e-06
850	0.9922	0.0065029	0.0012847	8.4352e-06
851	0.9945	0.004214	0.0012844	5.4529e-06
852	0.99848	0.00023782	0.0012863	3.0682e-07
853	0.99864	7.1759e-05	0.0012832	9.2347e-08
854	0.99619	0.0025347	0.0012768	3.2535e-06
855	0.97909	0.01963	0.0012516	2.512e-05
856	0.9675	0.031224	0.0012336	3.9845e-05
857	0.96152	0.037206	0.0012228	4.7358e-05
858	0.95842	0.04031	0.0012157	5.1175e-05
859	0.95884	0.039894	0.0012131	5.0519e-05
860	0.96174	0.037	0.0012136	4.6735e-05
861	0.96746	0.031282	0.0012176	3.9408e-05
862	0.97865	0.020096	0.0012284	2.5258e-05
863	0.99574	0.003009	0.0012466	3.7791e-06
864	0.99576	0.0029931	0.0012433	3.7497e-06
865	0.99078	0.0079757	0.0012338	9.9553e-06
866	0.98799	0.010774	0.0012271	1.3409e-05
867	0.98697	0.011792	0.0012226	1.4634e-05
868	0.98759	0.011175	0.0012201	1.3828e-05
869	0.99053	0.0082424	0.0012204	1.0175e-05
870	0.99169	0.0070875	0.0012186	8.7286e-06
871	0.99156	0.0072142	0.0012151	8.8644e-06
872	0.98964	0.0091425	0.0012095	1.1204e-05
873	0.98919	0.0095899	0.0012056	1.1721e-05
874	0.99018	0.0086103	0.0012035	1.0498e-05
875	0.98978	0.009006	0.0011998	1.0953e-05
876	0.99088	0.0079093	0.0011978	9.597e-06
877	0.99363	0.0051622	0.0011978	6.2546e-06
878	0.99454	0.0042569	0.0011956	5.1482e-06
879	0.98254	0.016258	0.0011778	1.9575e-05
880	0.97611	0.022696	0.0011668	2.7254e-05
881	0.97258	0.026228	0.0011594	3.1409e-05
882	0.97145	0.027361	0.0011548	3.268e-05
883	0.9724	0.026416	0.0011527	3.1471e-05
884	0.96969	0.029125	0.0011462	3.4597e-05
885	0.9692	0.029622	0.0011424	3.509e-05
886	0.95044	0.048384	0.0011171	5.7096e-05
887	0.90764	0.091192	0.0010637	0.0001072
888	0.81371	0.18512	0.00095074	0.00021681
889	0.60034	0.39849	0.00069921	0.00046504
890	0.45409	0.54475	0.00052724	0.00063369
891	0.35391	0.64493	0.00040971	0.00074792
892	0.29515	0.70369	0.00034063	0.00081368
893	0.25524	0.74361	0.00029369	0.0008573
894	0.22746	0.77139	0.00026097	0.00088671
895	0.17122	0.82763	0.00019583	0.00094852
896	0.13148	0.86738	0.00014991	0.00099111
897	0.10841	0.89045	0.00012322	0.0010145
898	0.095468	0.9034	0.00010816	0.0010262
899	0.087289	0.91158	9.8585e-05	0.0010324
900	0.08239	0.91648	9.277e-05	0.0010349
901	0.080183	0.91869	9.0017e-05	0.0010343
902	0.081881	0.917	9.1651e-05	0.0010293
903	0.087883	0.911	9.8076e-05	0.0010195
904	0.072425	0.92646	8.0554e-05	0.0010336
905	0.062178	0.93671	6.8934e-05	0.0010419
906	0.057033	0.94186	6.3023e-05	0.0010444
907	0.054227	0.94467	5.9734e-05	0.0010443
908	0.054645	0.94425	6.0005e-05	0.0010407
909	0.057277	0.94163	6.2705e-05	0.0010346
910	0.062222	0.93668	6.7919e-05	0.001026
911	0.070424	0.92849	7.6657e-05	0.0010139
912	0.083065	0.91585	9.0174e-05	0.00099695
913	0.075927	0.92299	8.2173e-05	0.0010016
914	0.071738	0.92718	7.7409e-05	0.0010029
915	0.071397	0.92753	7.6808e-05	0.0010001
916	0.074806	0.92412	8.0232e-05	0.00099328
917	0.080986	0.91794	8.6604e-05	0.0009835
918	0.093062	0.90587	9.9221e-05	0.00096746
919	0.095563	0.90337	0.00010157	0.00096168
920	0.10134	0.8976	0.00010739	0.00095244
921	0.11323	0.88571	0.00011963	0.00093676
922	0.13075	0.86819	0.00013773	0.00091523
923	0.16142	0.83753	0.00016952	0.00087999
924	0.21352	0.78544	0.00022352	0.00082254
925	0.23906	0.75989	0.00024943	0.00079317
926	0.27712	0.72184	0.00028819	0.00075094
927	0.34195	0.65702	0.00035441	0.00068125
928	0.45138	0.54758	0.00046619	0.00056599
929	0.61108	0.38789	0.00062902	0.00039968
930	0.67748	0.32149	0.00069506	0.00033016
931	0.79083	0.20815	0.00080859	0.00021314
932	0.84221	0.15677	0.00085822	0.00016002
933	0.91542	0.083569	0.0009297	8.5048e-05
934	0.92406	0.074933	0.00093526	7.5998e-05
935	0.93822	0.060768	0.00094636	6.1416e-05
936	0.96341	0.035589	0.00096842	3.5854e-05
937	0.96589	0.033107	0.00096752	3.324e-05
938	0.96451	0.03449	0.00096275	3.4503e-05
939	0.96637	0.032639	0.0009612	3.2541e-05
940	0.96506	0.033955	0.00095647	3.3735e-05
941	0.96618	0.032838	0.00095417	3.2513e-05
942	0.96968	0.029332	0.00095421	2.8942e-05
943	0.96923	0.02979	0.00095034	2.9286e-05
944	0.96545	0.033575	0.0009432	3.2883e-05
945	0.96506	0.03397	0.00093939	3.3153e-05
946	0.96694	0.032092	0.00093778	3.1211e-05
947	0.96497	0.034066	0.00093244	3.3006e-05
948	0.96545	0.033586	0.00092948	3.242e-05
949	0.96826	0.030777	0.00092876	2.9597e-05
950	0.97518	0.023868	0.00093193	2.2873e-05
951	0.98588	0.013165	0.00093867	1.2575e-05
952	0.99044	0.0086081	0.0009395	8.1932e-06
953	0.99789	0.0011646	0.00094304	1.1065e-06
954	0.99763	0.0014253	0.00093924	1.3481e-06
955	0.99356	0.0055012	0.00093187	5.1735e-06
956	0.99135	0.007714	0.00092627	7.2249e-06
957	0.99069	0.0083821	0.00092213	7.8198e-06
958	0.95905	0.040027	0.00088922	3.7181e-05
959	0.88768	0.11139	0.00081981	0.00010303
960	0.83758	0.16151	0.00077052	0.00014876
961	0.8027	0.19638	0.00073558	0.00018015
962	0.78337	0.21572	0.00071505	0.00019712
963	0.77408	0.22501	0.00070379	0.00020481
964	0.7721	0.227	0.00069919	0.00020581
965	0.77504	0.22406	0.00069907	0.00020236
966	0.78332	0.21578	0.00070373	0.00019411
967	0.79815	0.20096	0.0007142	0.00018006
968	0.82584	0.17327	0.00073602	0.00015464
969	0.866	0.13311	0.00076874	0.00011833
