#coord	neutral	conserved	gBGC.neutral	gBGC.conserved
1	0.77534	0.21618	0.006628	0.0018492
2	0.78313	0.20839	0.0066962	0.0017828
3	0.79667	0.19485	0.0068137	0.001667
4	0.82229	0.16923	0.0070346	0.0014479
5	0.86727	0.12425	0.007421	0.0010632
6	0.94376	0.047753	0.0080765	0.00040942
7	0.95374	0.03777	0.0081637	0.00032404
8	0.96881	0.022705	0.0082946	0.00019493
9	0.99076	0.00074682	0.008485	6.4323e-06
10	0.99073	0.00077962	0.0084866	6.7132e-06
11	0.99042	0.0010862	0.0084859	9.3463e-06
12	0.99088	0.00062422	0.0084919	5.3783e-06
13	0.99013	0.0013698	0.0084876	1.1785e-05
14	0.99024	0.001255	0.0084906	1.0798e-05
15	0.99119	0.00030478	0.008501	2.6265e-06
16	0.99118	0.0003168	0.008503	2.7291e-06
17	0.99116	0.00033133	0.0085052	2.8548e-06
18	0.99112	0.00036879	0.0085071	3.1794e-06
19	0.98987	0.0016199	0.0084987	1.3948e-05
20	0.98976	0.0017296	0.0085	1.4919e-05
21	0.98898	0.0025068	0.0084957	2.1639e-05
22	0.98725	0.0042319	0.0084832	3.6523e-05
23	0.98678	0.0046978	0.0084816	4.0551e-05
24	0.98462	0.0068554	0.0084656	5.9137e-05
25	0.98386	0.007611	0.0084616	6.5637e-05
26	0.9845	0.006972	0.0084697	6.0103e-05
27	0.98708	0.0043845	0.0084946	3.7801e-05
28	0.9883	0.003169	0.0085076	2.7343e-05
29	0.99079	0.00067076	0.0085318	5.7981e-06
30	0.99003	0.0014278	0.0085278	1.2351e-05
31	0.98866	0.0027989	0.0085185	2.4246e-05
32	0.98833	0.0031287	0.0085182	2.7137e-05
33	0.989	0.002457	0.0085266	2.1362e-05
34	0.98876	0.0026871	0.0085273	2.3391e-05
35	0.98424	0.0072076	0.0084907	6.2651e-05
36	0.98163	0.0098142	0.0084709	8.5306e-05
37	0.96182	0.029617	0.0083015	0.00025745
38	0.94881	0.04263	0.0081912	0.00037056
39	0.94038	0.05106	0.0081207	0.00044386
40	0.93551	0.05592	0.0080813	0.00048617
41	0.93386	0.057566	0.0080699	0.00050057
42	0.93497	0.05646	0.0080824	0.00049106
43	0.93051	0.060913	0.0080468	0.00052968
44	0.91954	0.071879	0.0079547	0.00062485
45	0.91292	0.078494	0.0079003	0.00068228
46	0.90986	0.081553	0.0078769	0.00070885
47	0.8747	0.11671	0.0075752	0.0010136
48	0.8547	0.13671	0.0074043	0.0011875
49	0.80697	0.18443	0.0069933	0.0016016
50	0.70103	0.29038	0.0060784	0.0025198
51	0.6385	0.3529	0.0055383	0.003063
52	0.59481	0.39659	0.0051617	0.0034427
53	0.5647	0.42669	0.0049031	0.0037046
54	0.54861	0.44278	0.0047655	0.0038454
55	0.51139	0.47999	0.0044448	0.0041693
56	0.49073	0.50065	0.0042673	0.00435
57	0.47834	0.51304	0.0041617	0.0044589
58	0.44963	0.54174	0.0039141	0.0047097
59	0.3913	0.60008	0.0034084	0.0052187
60	0.35741	0.63396	0.0031146	0.0055157
61	0.33425	0.65712	0.0029143	0.0057193
62	0.31905	0.67232	0.0027834	0.0058535
63	0.31282	0.67854	0.0027304	0.0059098
64	0.3137	0.67766	0.0027391	0.0059043
65	0.32192	0.66943	0.0028118	0.0058349
66	0.33672	0.65463	0.0029421	0.0057079
67	0.3646	0.62674	0.0031866	0.0054667
68	0.40637	0.58497	0.0035529	0.0051037
69	0.40571	0.58563	0.0035485	0.0051114
70	0.39466	0.59668	0.0034531	0.0052101
71	0.39182	0.59951	0.0034293	0.0052372
72	0.39641	0.59492	0.0034703	0.0051995
73	0.40647	0.58486	0.0035593	0.0051138
74	0.42753	0.5638	0.0037442	0.0049321
75	0.45986	0.53146	0.0040282	0.0046515
76	0.47052	0.52079	0.0041231	0.00456
77	0.49264	0.49868	0.004318	0.0043684
78	0.52654	0.46477	0.0046168	0.004073
79	0.52248	0.46883	0.0045828	0.0041104
80	0.52352	0.46778	0.0045937	0.0041029
81	0.5298	0.4615	0.0046507	0.0040493
82	0.54206	0.44924	0.0047606	0.003943
83	0.56659	0.4247	0.0049782	0.0037288
84	0.60265	0.38864	0.0052979	0.0034127
85	0.61969	0.37159	0.00545	0.0032641
86	0.65149	0.33979	0.0057318	0.0029858
87	0.70662	0.28466	0.0062185	0.0025026
88	0.78513	0.20615	0.0069119	0.0018126
89	0.82579	0.16548	0.0072723	0.0014557
90	0.89522	0.096053	0.0078853	0.00084614
91	0.90434	0.086923	0.0079685	0.00076639
92	0.90582	0.085445	0.0079846	0.00075384
93	0.90195	0.089306	0.0079534	0.00078849
94	0.90143	0.08982	0.0079519	0.00079352
95	0.9042	0.087048	0.0079795	0.00076944
96	0.9125	0.078747	0.0080559	0.00069665
97	0.92574	0.065507	0.008176	0.00058005
98	0.94946	0.041782	0.0083887	0.00037096
99	0.99019	0.0010421	0.0087513	1.1881e-05
100	0.97655	0.014685	0.0085981	0.00016865
101	0.96907	0.022161	0.0085138	0.0002564
102	0.96563	0.025592	0.0084739	0.0002998
103	0.96456	0.026666	0.0084588	0.00031841
104	0.96638	0.024839	0.0084727	0.00030803
105	0.97069	0.020526	0.0085101	0.00027413
106	0.96564	0.02557	0.0084419	0.00034594
107	0.95362	0.037585	0.00828	0.0005115
108	0.94588	0.045321	0.0081729	0.00062227
109	0.94276	0.04844	0.0081231	0.00067579
110	0.93293	0.058286	0.008027	0.00075502
111	0.909	0.082235	0.0078069	0.00095838
112	0.73514	0.25611	0.0062949	0.0024537
113	0.61612	0.37515	0.0052613	0.0034707
114	0.5321	0.45919	0.0045324	0.0041831
115	0.47298	0.51832	0.0040198	0.0046793
116	0.43901	0.55231	0.003723	0.0049596
117	0.42054	0.57079	0.0035593	0.0051067
118	0.40973	0.58162	0.003462	0.0051877
119	0.40725	0.58412	0.0034363	0.0051969
120	0.4124	0.57899	0.0034765	0.0051403
121	0.42314	0.56826	0.0035654	0.005035
122	0.42122	0.5702	0.0035442	0.0050399
123	0.42424	0.56719	0.0035657	0.005002
124	0.41754	0.57391	0.0035035	0.0050479
125	0.41596	0.5755	0.0034854	0.0050498
126	0.41932	0.57216	0.0035097	0.0050093
127	0.4101	0.58139	0.0034268	0.0050761
128	0.38668	0.60484	0.0032242	0.0052625
129	0.37482	0.61671	0.0031194	0.0053512
130	0.34466	0.64688	0.0028616	0.0055928
131	0.32503	0.66653	0.002693	0.0057454
132	0.27595	0.71562	0.0022801	0.0061423
133	0.24159	0.75	0.0019913	0.0064152
134	0.22214	0.76947	0.0018267	0.0065638
135	0.20994	0.78169	0.0017229	0.0066517
136	0.17715	0.81449	0.0014498	0.006909
137	0.15857	0.83309	0.0012944	0.0070486
138	0.14667	0.845	0.0011946	0.0071326
139	0.13973	0.85196	0.001136	0.0071754
140	0.13676	0.85495	0.0011102	0.0071855
141	0.13732	0.8544	0.0011138	0.0071663
142	0.14149	0.85024	0.0011472	0.0071173
143	0.14989	0.84186	0.0012155	0.0070335
144	0.16292	0.82885	0.0013221	0.0069114
145	0.18622	0.80556	0.0015132	0.0067047
146	0.19364	0.79816	0.0015724	0.0066301
147	0.20603	0.78578	0.0016725	0.0065146
148	0.22931	0.76252	0.0018619	0.0063098
149	0.26295	0.7289	0.0021362	0.0060201
150	0.27811	0.71375	0.0022572	0.0058837
151	0.28222	0.70965	0.0022871	0.0058385
152	0.29124	0.70065	0.0023569	0.0057533
153	0.30999	0.68192	0.0025058	0.0055891
154	0.31445	0.67747	0.0025379	0.0055417
155	0.32726	0.66468	0.0026375	0.0054268
156	0.34805	0.6439	0.0028018	0.0052473
157	0.37982	0.61214	0.003055	0.0049789
158	0.43513	0.55685	0.0034975	0.0045212
159	0.51633	0.47567	0.0041486	0.0038549
160	0.55726	0.43475	0.0044713	0.003517
161	0.57315	0.41888	0.0045912	0.0033821
162	0.55553	0.43651	0.004442	0.0035163
163	0.54492	0.44713	0.0043494	0.0035939
164	0.54267	0.44941	0.0043236	0.0036047
165	0.54814	0.44395	0.0043594	0.0035538
166	0.56285	0.42925	0.0044685	0.0034297
167	0.58664	0.40548	0.0046498	0.0032335
168	0.59635	0.39578	0.0047182	0.00315
169	0.56798	0.42416	0.0044853	0.003368
170	0.5101	0.48206	0.0040201	0.0038183
171	0.39836	0.59382	0.0031314	0.004692
172	0.32191	0.67028	0.0025247	0.0052838
173	0.2769	0.7153	0.0021665	0.0056271
174	0.25095	0.74127	0.0019586	0.00582
175	0.23409	0.75814	0.001823	0.0059408
176	0.19817	0.79408	0.0015387	0.0062103
177	0.17399	0.81827	0.0013474	0.0063867
178	0.1581	0.83418	0.0012213	0.006498
179	0.14819	0.84411	0.0011423	0.0065623
180	0.14246	0.84985	0.0010959	0.006594
181	0.14203	0.8503	0.0010905	0.0065847
182	0.14678	0.84556	0.0011249	0.0065356
183	0.15594	0.83641	0.001193	0.0064528
184	0.17377	0.8186	0.0013272	0.006304
185	0.16469	0.82769	0.0012551	0.0063615
186	0.16016	0.83224	0.0012181	0.0063839
187	0.16115	0.83126	0.0012232	0.0063642
188	0.16571	0.82672	0.0012555	0.0063174
189	0.17709	0.81535	0.0013394	0.0062189
190	0.17764	0.81482	0.0013409	0.0062029
191	0.17006	0.82241	0.0012809	0.0062484
192	0.16647	0.82601	0.0012513	0.0062636
193	0.16643	0.82607	0.0012486	0.0062519
194	0.17211	0.8204	0.0012888	0.0061973
195	0.18513	0.8074	0.0013838	0.0060879
196	0.18846	0.80408	0.0014057	0.0060515
197	0.1959	0.79665	0.0014584	0.0059845
198	0.20835	0.78422	0.0015483	0.0058802
199	0.22729	0.7653	0.0016863	0.0057279
200	0.26105	0.73155	0.0019336	0.0054662
201	0.31088	0.68173	0.0022996	0.005086
202	0.33158	0.66105	0.0024486	0.0049228
203	0.36317	0.62948	0.002678	0.0046793
204	0.40863	0.58403	0.0030094	0.0043337
205	0.4756	0.51707	0.0034992	0.0038299
206	0.57058	0.42211	0.0041947	0.0031204
207	0.73066	0.26204	0.0053667	0.0019344
208	0.96425	0.02846	0.0070771	0.00020998
209	0.96614	0.02659	0.0070773	0.00019585
210	0.95521	0.037535	0.0069836	0.00027564
211	0.716	0.27675	0.0052193	0.002026
212	0.54665	0.44611	0.0039736	0.0032578
213	0.42681	0.56597	0.0030942	0.0041233
214	0.34208	0.65072	0.0024738	0.0047299
215	0.29211	0.7007	0.0021069	0.005083
216	0.25713	0.73569	0.0018502	0.005326
217	0.23295	0.75989	0.0016725	0.00549
218	0.21998	0.77287	0.0015759	0.0055728
219	0.21272	0.78015	0.0015208	0.0056143
220	0.19041	0.80247	0.0013584	0.0057631
221	0.13835	0.85454	0.00098478	0.0061231
222	0.10762	0.88529	0.00076402	0.0063302
223	0.085992	0.90693	0.00060906	0.0064717
224	0.07364	0.91929	0.00052026	0.0065469
225	0.065327	0.92762	0.00046047	0.0065932
226	0.060052	0.93291	0.00042243	0.0066177
227	0.05851	0.93446	0.00041077	0.0066159
228	0.060208	0.93278	0.00042187	0.0065913
229	0.05669	0.93631	0.00039622	0.0066035
230	0.055509	0.93751	0.00038709	0.0065991
231	0.056272	0.93676	0.00039165	0.0065812
232	0.060482	0.93256	0.00042016	0.0065392
233	0.067712	0.92534	0.00046964	0.0064764
234	0.078568	0.9145	0.00054421	0.0063885
235	0.094937	0.89814	0.0006569	0.0062625
236	0.12311	0.86998	0.00085077	0.0060553
237	0.16436	0.82874	0.0011347	0.0057581
238	0.23398	0.75914	0.0016129	0.0052666
239	0.33552	0.65761	0.0023101	0.0045563
240	0.34782	0.64533	0.00239	0.0044631
241	0.37173	0.62143	0.0025491	0.0042908
242	0.40792	0.58526	0.0027919	0.0040347
243	0.45983	0.53336	0.0031417	0.0036718
244	0.48082	0.51238	0.0032792	0.0035212
245	0.51888	0.47433	0.0035322	0.0032551
246	0.57537	0.41785	0.0039102	0.002864
247	0.6037	0.38954	0.0040949	0.0026663
248	0.64638	0.34687	0.0043766	0.0023715
249	0.64412	0.34915	0.0043526	0.0023826
250	0.63038	0.36289	0.0042507	0.0024715
251	0.62336	0.36993	0.0041947	0.0025145
252	0.62158	0.37173	0.0041745	0.0025218
253	0.62741	0.3659	0.0042055	0.0024779
254	0.63969	0.35364	0.0042799	0.0023907
255	0.66018	0.33316	0.0044091	0.0022486
256	0.66599	0.32736	0.0044394	0.0022055
257	0.67815	0.31522	0.0045122	0.00212
258	0.6984	0.29499	0.0046388	0.0019806
259	0.70366	0.28974	0.0046652	0.0019416
260	0.71446	0.27895	0.0047284	0.0018658
261	0.7362	0.25722	0.004864	0.0017176
262	0.76947	0.22396	0.0050759	0.0014931
263	0.81906	0.17439	0.0053956	0.0011609
264	0.90333	0.090128	0.0059433	0.00060059
265	0.91391	0.079555	0.006002	0.00052943
266	0.91772	0.075763	0.0060155	0.00050341
267	0.9252	0.068298	0.0060533	0.00045324
268	0.9158	0.077707	0.00598	0.00051415
269	0.91047	0.083046	0.0059337	0.00054808
270	0.90857	0.084956	0.0059101	0.0005594
271	0.91014	0.083399	0.0059093	0.00054798
272	0.88663	0.10693	0.0057455	0.00069961
273	0.87382	0.11975	0.0056516	0.00078138
274	0.86614	0.12744	0.0055913	0.00082951
275	0.86454	0.12905	0.0055704	0.0008383
276	0.86855	0.12506	0.0055856	0.00081089
277	0.87726	0.11636	0.0056312	0.0007532
278	0.86618	0.12744	0.0055491	0.00082309
279	0.85993	0.13371	0.0054984	0.00086168
280	0.85952	0.13414	0.0054852	0.00086282
281	0.86326	0.1304	0.0054987	0.00083726
282	0.87171	0.12197	0.0055423	0.00078169
283	0.87182	0.12186	0.0055326	0.00077938
284	0.86521	0.12849	0.0054801	0.00081994
285	0.86265	0.13106	0.0054536	0.00083448
286	0.86572	0.12801	0.0054627	0.00081351
287	0.87525	0.11848	0.0055125	0.00075175
288	0.89398	0.09977	0.0056198	0.00063245
289	0.87316	0.1206	0.0054773	0.00076291
290	0.85943	0.13434	0.0053802	0.00084811
291	0.85154	0.14224	0.0053202	0.00089614
292	0.84802	0.14578	0.0052879	0.00091659
293	0.85034	0.14347	0.0052922	0.00090049
294	0.85724	0.13658	0.005325	0.00085586
295	0.86969	0.12414	0.0053924	0.00077665
296	0.8726	0.12124	0.0054003	0.00075709
297	0.87955	0.1143	0.0054334	0.00071238
298	0.89418	0.099683	0.0055137	0.00062033
299	0.91608	0.077795	0.0056389	0.00048349
300	0.94895	0.04494	0.0058318	0.0002791
301	0.94291	0.050991	0.0057837	0.00031569
302	0.94124	0.052671	0.0057625	0.00032536
303	0.94245	0.051472	0.0057591	0.00031727
304	0.93958	0.054358	0.0057305	0.0003343
305	0.93967	0.054277	0.0057203	0.00033308
306	0.94381	0.050153	0.0057347	0.00030725
307	0.94272	0.051253	0.0057172	0.00031329
308	0.94426	0.049717	0.0057159	0.00030326
309	0.9501	0.043891	0.0057404	0.00026728
310	0.95056	0.043448	0.0057324	0.00026402
311	0.94633	0.04769	0.0056961	0.000289
312	0.94598	0.048048	0.0056832	0.00029055
313	0.94027	0.053772	0.0056382	0.0003243
314	0.93892	0.05513	0.0056195	0.00033178
315	0.9405	0.053558	0.0056184	0.00032164
316	0.94524	0.048828	0.0056363	0.00029259
317	0.9555	0.038583	0.0056869	0.00023075
318	0.97095	0.023148	0.0057684	0.00013807
319	0.9656	0.028502	0.0057258	0.00016951
320	0.96304	0.031077	0.0056999	0.00018434
321	0.96361	0.030517	0.0056925	0.00018062
322	0.94835	0.04579	0.0055919	0.00027009
323	0.94031	0.053835	0.0055341	0.00031685
324	0.92031	0.073848	0.0054064	0.00043348
325	0.90959	0.084586	0.0053333	0.0004955
326	0.90508	0.089097	0.0052967	0.00052094
327	0.90546	0.088731	0.0052887	0.00051786
328	0.87565	0.11856	0.0051049	0.00069063
329	0.85603	0.13818	0.0049812	0.00080327
330	0.84326	0.15096	0.0048979	0.00087565
331	0.83807	0.15617	0.0048585	0.00090401
332	0.83898	0.15527	0.0048544	0.00089708
333	0.84613	0.14813	0.0048863	0.00085419
334	0.85901	0.13526	0.0049512	0.00077832
335	0.88314	0.11114	0.0050802	0.00063828
336	0.92499	0.069298	0.0053101	0.00039734
337	0.94385	0.050454	0.0054074	0.00028897
338	0.94341	0.050902	0.0053944	0.00029103
339	0.94684	0.047485	0.0054033	0.00027108
340	0.94536	0.048976	0.0053843	0.00027911
341	0.94761	0.046739	0.0053865	0.00026596
342	0.95274	0.04162	0.005405	0.00023646
343	0.95388	0.040494	0.0054008	0.00022973
344	0.9578	0.036581	0.0054124	0.00020721
345	0.96651	0.027884	0.0054508	0.00015789
346	0.96432	0.030083	0.0054276	0.00017013
347	0.95675	0.037658	0.0053741	0.00021266
348	0.9524	0.042024	0.005339	0.00023689
349	0.95073	0.043704	0.0053192	0.00024592
350	0.95262	0.04183	0.0053192	0.00023505
351	0.95721	0.037242	0.0053345	0.00020903
352	0.95713	0.037333	0.0053236	0.00020917
353	0.95942	0.035055	0.005326	0.00019609
354	0.96568	0.028804	0.0053503	0.00016103
355	0.96071	0.033792	0.0053122	0.00018848
356	0.95855	0.03596	0.0052899	0.00020015
357	0.9589	0.035622	0.0052816	0.00019789
358	0.9548	0.039731	0.0052488	0.00022014
359	0.94231	0.052229	0.0051701	0.0002884
360	0.93437	0.060186	0.0051167	0.00033142
361	0.9314	0.063162	0.0050906	0.00034705
362	0.93158	0.062996	0.0050819	0.0003454
363	0.93492	0.059665	0.0050905	0.00032641
364	0.94336	0.051233	0.0051269	0.00027974
365	0.95649	0.038111	0.0051887	0.00020761
366	0.97988	0.014736	0.0053058	8.0121e-05
367	0.97841	0.016217	0.0052876	8.7971e-05
368	0.97866	0.015974	0.0052788	8.6453e-05
369	0.98141	0.013231	0.0052834	7.1486e-05
370	0.98209	0.012568	0.0052768	6.7798e-05
371	0.98455	0.010111	0.0052798	5.4461e-05
372	0.98523	0.0094467	0.0052732	5.0779e-05
373	0.98754	0.0071447	0.0052755	3.832e-05
374	0.99259	0.0021112	0.0052922	1.1336e-05
375	0.99104	0.003664	0.0052738	1.9604e-05
376	0.99069	0.0040235	0.0052618	2.1478e-05
377	0.99149	0.0032413	0.0052559	1.727e-05
378	0.99122	0.0035205	0.0052444	1.8725e-05
379	0.98976	0.004989	0.0052266	2.6466e-05
380	0.97848	0.016277	0.0051568	8.6153e-05
381	0.97106	0.023709	0.0051077	0.0001252
382	0.95658	0.0382	0.0050215	0.00020136
383	0.94894	0.045852	0.0049715	0.00024132
384	0.94488	0.049919	0.0049405	0.00026225
385	0.94479	0.050014	0.0049304	0.00026235
386	0.94736	0.047459	0.0049341	0.00024859
387	0.95288	0.041947	0.0049533	0.00021943
388	0.95334	0.041496	0.0049462	0.00021668
389	0.94938	0.045463	0.0049161	0.00023686
390	0.93785	0.057005	0.004847	0.00029613
391	0.86174	0.13313	0.004444	0.00068929
392	0.80826	0.18662	0.0041598	0.00096373
393	0.77755	0.21734	0.0039935	0.0011202
394	0.75679	0.2381	0.0038793	0.0012247
395	0.74665	0.24826	0.0038197	0.0012745
396	0.74224	0.25268	0.0037898	0.0012946
397	0.74477	0.25015	0.0037953	0.0012794
398	0.75224	0.24269	0.003826	0.0012389
399	0.74937	0.24557	0.0038041	0.0012511
400	0.75111	0.24384	0.0038058	0.0012398
401	0.75766	0.2373	0.0038319	0.001204
402	0.77304	0.22194	0.0039025	0.0011238
403	0.77808	0.2169	0.0039205	0.0010962
404	0.78882	0.20617	0.0039672	0.0010399
405	0.81023	0.18477	0.0040673	0.00093016
406	0.84807	0.14695	0.0042493	0.00073859
407	0.90228	0.09274	0.0045128	0.00046543
408	0.98192	0.013107	0.0049031	6.559e-05
409	0.99453	0.00050911	0.0049566	2.5458e-06
410	0.99271	0.0023419	0.0049379	1.1656e-05
411	0.99198	0.0030827	0.0049248	1.53e-05
412	0.99031	0.0047632	0.004907	2.3593e-05
413	0.99022	0.0048581	0.0048971	2.4025e-05
414	0.99169	0.0033935	0.0048948	1.6773e-05
415	0.98962	0.0054816	0.004875	2.7051e-05
416	0.98894	0.006168	0.0048622	3.0375e-05
417	0.98992	0.0051938	0.0048576	2.5546e-05
418	0.98906	0.0060662	0.0048439	2.9778e-05
419	0.98683	0.0083042	0.0048235	4.0697e-05
420	0.98609	0.0090591	0.0048105	4.4312e-05
421	0.98673	0.0084213	0.0048043	4.111e-05
422	0.98896	0.0062071	0.0048059	3.023e-05
423	0.98943	0.0057457	0.004799	2.7898e-05
424	0.98882	0.006359	0.0047868	3.0794e-05
425	0.9899	0.0052898	0.0047827	2.5561e-05
426	0.99294	0.002263	0.004788	1.0923e-05
427	0.9943	0.00091207	0.0047852	4.3955e-06
428	0.99406	0.0011632	0.0047747	5.6002e-06
429	0.9946	0.0006297	0.004768	3.0313e-06
430	0.99133	0.0039095	0.0047429	1.8795e-05
431	0.98425	0.011001	0.0046997	5.2748e-05
432	0.97982	0.015436	0.0046694	7.3842e-05
433	0.97766	0.017607	0.00465	8.4034e-05
434	0.97803	0.017243	0.0046427	8.2155e-05
435	0.98105	0.014239	0.0046479	6.779e-05
436	0.98112	0.014178	0.0046391	6.7397e-05
437	0.97052	0.024786	0.0045799	0.0001175
438	0.96506	0.030253	0.004545	0.00014317
439	0.96225	0.033069	0.0045229	0.00015619
440	0.96272	0.032608	0.0045162	0.00015379
441	0.9666	0.028738	0.0045254	0.00013544
442	0.9426	0.052744	0.0044033	0.00024837
443	0.92624	0.069122	0.0043176	0.00032489
444	0.91595	0.079419	0.0042609	0.00037254
445	0.89437	0.10101	0.0041517	0.00047268
446	0.87998	0.11541	0.0040765	0.00053881
447	0.87321	0.12218	0.004037	0.00056934
448	0.85377	0.14163	0.0039389	0.00065847
449	0.84395	0.15146	0.0038855	0.00070282
450	0.83925	0.15617	0.0038561	0.00072325
451	0.839	0.15642	0.0038474	0.00072305
452	0.84317	0.15227	0.0038591	0.0007025
453	0.85191	0.14354	0.0038917	0.00066102
454	0.86683	0.12863	0.0039527	0.00059123
455	0.89009	0.10537	0.0040518	0.00048339
456	0.9305	0.06497	0.0042287	0.00029768
457	0.81574	0.17975	0.0036996	0.00081804
458	0.73738	0.25811	0.003338	0.001171
459	0.68236	0.31314	0.0030834	0.0014169
460	0.57539	0.42012	0.0025954	0.0018962
461	0.51277	0.48275	0.0023084	0.0021745
462	0.47639	0.51913	0.0021403	0.002334
463	0.38888	0.60665	0.0017436	0.0027219
464	0.33773	0.65781	0.001511	0.0029459
465	0.30199	0.69357	0.0013484	0.0030998
466	0.28189	0.71367	0.0012561	0.0031835
467	0.26887	0.7267	0.0011957	0.0032352
468	0.26388	0.7317	0.0011711	0.0032512
469	0.26554	0.73005	0.001176	0.0032376
470	0.25595	0.73965	0.0011312	0.0032738
471	0.25364	0.74196	0.0011187	0.0032776
472	0.24045	0.75517	0.0010581	0.0033296
473	0.23313	0.76249	0.0010237	0.0033554
474	0.23022	0.76541	0.0010088	0.0033616
475	0.18153	0.81411	0.00079319	0.0035686
476	0.14722	0.84843	0.00064156	0.0037117
477	0.12317	0.87248	0.00053543	0.0038092
478	0.10973	0.88594	0.00047577	0.0038603
479	0.1013	0.89438	0.0004382	0.0038894
480	0.078702	0.91698	0.00033956	0.0039795
481	0.062837	0.93285	0.00027045	0.0040401
482	0.051795	0.9439	0.00022244	0.0040797
483	0.044249	0.95146	0.00018967	0.004104
484	0.039539	0.95618	0.00016921	0.004116
485	0.037848	0.95788	0.0001617	0.0041151
486	0.037905	0.95783	0.00016172	0.0041067
487	0.033561	0.96218	0.00014293	0.0041171
488	0.031972	0.96378	0.00013591	0.0041157
489	0.031795	0.96396	0.00013494	0.0041083
490	0.027366	0.9684	0.0001159	0.0041189
491	0.024766	0.97101	0.00010471	0.0041217
492	0.02347	0.97231	9.9088e-05	0.004119
493	0.018057	0.97773	7.6106e-05	0.0041336
494	0.015167	0.98063	6.3798e-05	0.0041376
495	0.014005	0.9818	5.8777e-05	0.0041342
496	0.013757	0.98206	5.7628e-05	0.004127
497	0.014899	0.98092	6.2287e-05	0.004114
498	0.017107	0.97872	7.14e-05	0.0040966
499	0.021554	0.97429	8.9786e-05	0.0040699
500	0.029503	0.96635	0.00012262	0.0040287
501	0.040734	0.95512	0.00016898	0.003974
502	0.059995	0.93587	0.00024832	0.0038863
503	0.067686	0.92819	0.0002795	0.0038468
504	0.081869	0.91401	0.0003372	0.0037808
505	0.10219	0.8937	0.00041995	0.0036897
506	0.13109	0.86481	0.00053767	0.0035637
507	0.17343	0.82248	0.00071018	0.0033829
508	0.2333	0.76262	0.00095401	0.0031308
509	0.335	0.66093	0.0013674	0.0027092
510	0.48329	0.51264	0.0019698	0.0020985
511	0.50151	0.49443	0.0020401	0.00202
512	0.52902	0.46693	0.0021481	0.0019039
513	0.57722	0.41874	0.0023395	0.0017043
514	0.64832	0.34764	0.0026233	0.0014123
515	0.75256	0.24341	0.0030408	0.00098674
516	0.92822	0.067758	0.0037448	0.0002746
517	0.93402	0.061974	0.0037606	0.00025067
518	0.94615	0.049847	0.0038018	0.00020134
519	0.96789	0.028117	0.0038813	0.00011372
520	0.94787	0.048146	0.0037928	0.00019417
521	0.93689	0.05913	0.0037408	0.00023802
522	0.93047	0.06556	0.0037074	0.00026337
523	0.92768	0.068362	0.0036886	0.00027407
524	0.92811	0.067938	0.0036829	0.00027185
525	0.93156	0.06449	0.0036892	0.00025758
526	0.91815	0.077907	0.0036284	0.00031037
527	0.91164	0.084426	0.0035951	0.00033566
528	0.90875	0.087328	0.0035763	0.00034651
529	0.86559	0.1305	0.0033982	0.00051654
530	0.83666	0.15944	0.0032772	0.00062958
531	0.82087	0.17523	0.0032083	0.00069053
532	0.78194	0.21417	0.0030489	0.00084202
533	0.76014	0.23597	0.0029571	0.00092588
534	0.74666	0.24946	0.0028982	0.00097679
535	0.71704	0.2791	0.0027765	0.0010906
536	0.69795	0.2982	0.0026964	0.0011628
537	0.68664	0.30951	0.0026469	0.0012044
538	0.65665	0.3395	0.0025255	0.0013179
539	0.63737	0.35879	0.002446	0.0013896
540	0.62543	0.37074	0.0023952	0.0014327
541	0.61939	0.37679	0.0023673	0.0014529
542	0.62103	0.37516	0.0023687	0.0014436
543	0.63092	0.36528	0.0024017	0.0014029
544	0.60976	0.38644	0.0023158	0.001481
545	0.5964	0.39981	0.0022601	0.0015289
546	0.58921	0.40701	0.0022282	0.0015531
547	0.56479	0.43144	0.0021312	0.0016424
548	0.55247	0.44377	0.0020802	0.0016857
549	0.54886	0.44738	0.0020622	0.001696
550	0.55037	0.44588	0.0020636	0.0016868
551	0.55718	0.43907	0.002085	0.0016578
552	0.57372	0.42254	0.0021427	0.0015924
553	0.6	0.39628	0.0022367	0.0014907
554	0.63845	0.35783	0.002376	0.0013438
555	0.69369	0.30259	0.0025777	0.0011345
556	0.77237	0.22392	0.0028663	0.00083827
557	0.80602	0.19028	0.0029861	0.00071097
558	0.85447	0.14184	0.0031607	0.00052887
559	0.84418	0.15214	0.0031164	0.00056567
560	0.84074	0.15559	0.0030975	0.0005771
561	0.84329	0.15304	0.0031006	0.00056641
562	0.81878	0.17756	0.0030041	0.00065537
563	0.80314	0.19321	0.0029407	0.00071132
564	0.79614	0.20021	0.002909	0.00073548
565	0.71779	0.27857	0.0026171	0.0010199
566	0.67225	0.32412	0.0024457	0.0011838
567	0.6408	0.35558	0.0023264	0.0012957
568	0.62398	0.3724	0.0022605	0.0013541
569	0.61689	0.3795	0.00223	0.0013771
570	0.61757	0.37883	0.0022276	0.0013719
571	0.6262	0.37021	0.0022538	0.0013381
572	0.64199	0.35443	0.0023057	0.0012787
573	0.67182	0.3246	0.0024075	0.0011694
574	0.66499	0.33144	0.0023778	0.0011916
575	0.66586	0.33058	0.0023757	0.0011862
576	0.67229	0.32416	0.0023934	0.001161
577	0.66956	0.32689	0.0023784	0.0011685
578	0.67177	0.32469	0.0023811	0.0011584
579	0.67916	0.31731	0.0024022	0.0011298
580	0.6962	0.30028	0.0024572	0.0010674
581	0.70006	0.29642	0.0024653	0.0010517
582	0.70979	0.2867	0.0024942	0.0010154
583	0.70811	0.28839	0.0024829	0.0010193
584	0.71368	0.28283	0.0024969	0.00099784
585	0.7254	0.27112	0.0025325	0.00095483
586	0.74495	0.25157	0.0025954	0.00088455
587	0.77515	0.22138	0.0026954	0.00077729
588	0.78794	0.20859	0.0027343	0.00073106
589	0.77307	0.22347	0.0026768	0.00078123
590	0.76478	0.23177	0.0026425	0.00080831
591	0.76186	0.23469	0.002627	0.00081659
592	0.76391	0.23265	0.0026288	0.00080764
593	0.77346	0.22311	0.0026564	0.00077287
594	0.79304	0.20354	0.0027183	0.00070374
595	0.82314	0.17345	0.0028163	0.00059858
596	0.86808	0.12851	0.0029651	0.00044261
597	0.93222	0.064377	0.0031795	0.00022112
598	0.96556	0.031049	0.003287	0.00010642
599	0.98305	0.013562	0.0033398	4.6442e-05
600	0.98068	0.015942	0.0033247	5.4439e-05
601	0.97224	0.02439	0.003289	8.2976e-05
602	0.95536	0.041271	0.0032248	0.00014
603	0.9445	0.05214	0.0031812	0.00017641
604	0.92266	0.073987	0.0031008	0.00024975
605	0.91067	0.085984	0.0030537	0.00028967
606	0.90339	0.09327	0.0030226	0.00031355
607	0.9016	0.095072	0.00301	0.000319
608	0.90343	0.093247	0.0030096	0.00031228
609	0.90882	0.087861	0.0030211	0.00029368
610	0.90737	0.089321	0.0030098	0.0002979
611	0.91071	0.085989	0.0030144	0.00028623
612	0.90759	0.089113	0.0029976	0.00029597
613	0.90932	0.087392	0.0029968	0.00028967
614	0.91484	0.081884	0.0030086	0.00027089
615	0.92493	0.071798	0.0030354	0.00023706
616	0.92758	0.069154	0.0030376	0.00022782
617	0.93358	0.06316	0.0030509	0.00020758
618	0.93468	0.062066	0.003048	0.00020351
619	0.93878	0.057977	0.003055	0.00018965
620	0.94833	0.048428	0.0030796	0.00015809
621	0.95223	0.044544	0.0030856	0.00014511
622	0.94138	0.0554	0.0030438	0.00017993
623	0.9347	0.062081	0.0030158	0.00020108
624	0.9328	0.063995	0.0030031	0.00020679
625	0.93511	0.061683	0.003004	0.00019891
626	0.94089	0.055912	0.0030161	0.00017993
627	0.95096	0.045853	0.0030419	0.00014722
628	0.94753	0.04929	0.0030244	0.00015787
629	0.94681	0.050016	0.0030155	0.00015981
630	0.94996	0.04687	0.003019	0.00014943
631	0.95788	0.038959	0.0030375	0.000124
632	0.95308	0.043768	0.0030157	0.00013896
633	0.95106	0.045791	0.0030028	0.00014503
634	0.95159	0.045272	0.0029979	0.00014303
635	0.95601	0.040854	0.0030053	0.00012878
636	0.96559	0.03128	0.0030288	9.8423e-05
637	0.96977	0.027109	0.0030352	8.5157e-05
638	0.97717	0.019713	0.0030517	6.184e-05
639	0.98848	0.0084174	0.0030803	2.6411e-05
640	0.98595	0.010946	0.0030656	3.4268e-05
641	0.9797	0.017209	0.0030393	5.3717e-05
642	0.97601	0.020901	0.0030212	6.507e-05
643	0.96676	0.030162	0.0029859	9.36e-05
644	0.96126	0.035671	0.0029624	0.00011039
645	0.95956	0.037375	0.0029506	0.0001154
646	0.95386	0.04308	0.0029265	0.00013273
647	0.9513	0.045649	0.0029122	0.00014032
648	0.95238	0.044572	0.0029091	0.00013675
649	0.89556	0.1014	0.002729	0.00031014
650	0.86263	0.13433	0.0026224	0.00040998
651	0.84088	0.1561	0.0025504	0.00047529
652	0.78995	0.20703	0.0023903	0.00062866
653	0.76082	0.23617	0.0022968	0.00071552
654	0.74201	0.25498	0.0022349	0.00077072
655	0.69625	0.30075	0.0020923	0.00090668
656	0.67042	0.32659	0.00201	0.00098229
657	0.65415	0.34286	0.0019569	0.0010288
658	0.64739	0.34963	0.0019323	0.0010468
659	0.64583	0.3512	0.0019233	0.0010491
660	0.64973	0.3473	0.0019308	0.0010351
661	0.65912	0.33792	0.0019545	0.0010048
662	0.67926	0.31778	0.00201	0.00094272
663	0.71589	0.28116	0.0021138	0.00083226
664	0.77035	0.22671	0.0022701	0.00066943
665	0.86283	0.13424	0.0025374	0.00039553
666	0.91104	0.086035	0.0026732	0.00025312
667	0.91537	0.08171	0.0026799	0.00023986
668	0.89898	0.098103	0.002626	0.00028718
669	0.88844	0.10865	0.0025895	0.0003172
670	0.88441	0.11269	0.0025719	0.00032822
671	0.88572	0.11138	0.0025699	0.00032368
672	0.89267	0.10444	0.0025841	0.00030286
673	0.90442	0.092704	0.0026122	0.00026824
674	0.92609	0.071031	0.0026687	0.0002052
675	0.95756	0.039572	0.0027531	0.0001142
676	0.97257	0.02457	0.00279	7.0814e-05
677	0.9789	0.018246	0.0028018	5.2491e-05
678	0.98906	0.0080969	0.0028246	2.3255e-05
679	0.98975	0.0074049	0.0028202	2.1224e-05
680	0.98886	0.0083082	0.0028112	2.3744e-05
681	0.98979	0.0073792	0.0028074	2.1053e-05
682	0.98897	0.0082047	0.0027987	2.3348e-05
683	0.9895	0.0076802	0.0027938	2.1805e-05
684	0.99145	0.0057424	0.002793	1.6269e-05
685	0.99504	0.0021586	0.0027968	6.106e-06
686	0.99693	0.00027216	0.0027958	7.6875e-07
687	0.99713	7.8418e-05	0.0027901	2.209e-07
688	0.99649	0.00072848	0.002782	2.0399e-06
689	0.99533	0.0018912	0.0027725	5.2791e-06
690	0.99283	0.0043978	0.0027593	1.2236e-05
691	0.99168	0.0055537	0.00275	1.5407e-05
692	0.99213	0.0051151	0.002745	1.4159e-05
693	0.9939	0.0033492	0.0027438	9.2424e-06
694	0.9947	0.0025521	0.0027398	7.0242e-06
695	0.99482	0.0024426	0.0027339	6.7095e-06
696	0.99438	0.0028834	0.0027265	7.9095e-06
697	0.99276	0.0045104	0.0027159	1.2345e-05
698	0.99271	0.0045671	0.0027095	1.248e-05
699	0.99158	0.0057041	0.0027002	1.5551e-05
700	0.99174	0.0055496	0.0026945	1.5089e-05
701	0.99361	0.0036867	0.0026934	1.0005e-05
702	0.99436	0.0029391	0.0026893	7.9668e-06
703	0.99418	0.0031279	0.0026826	8.4619e-06
704	0.99507	0.0022467	0.0026789	6.0661e-06
705	0.99715	0.00016882	0.0026783	4.5591e-07
706	0.99618	0.0011468	0.0026696	3.0812e-06
707	0.99607	0.0012608	0.0026633	3.3791e-06
708	0.99681	0.00052738	0.0026592	1.4093e-06
709	0.91068	0.086666	0.0024237	0.00023089
710	0.86028	0.13707	0.002284	0.00036449
711	0.82517	0.17219	0.0021857	0.00045678
712	0.75712	0.24024	0.0020004	0.000636
713	0.70946	0.28791	0.00187	0.00076035
714	0.68246	0.31492	0.0017945	0.00082982
715	0.62781	0.36957	0.0016464	0.00097183
716	0.59109	0.4063	0.0015462	0.001066
717	0.56608	0.43132	0.0014772	0.0011289
718	0.55048	0.44692	0.0014332	0.0011669
719	0.5445	0.4529	0.0014143	0.0011798
720	0.54633	0.45109	0.0014157	0.0011724
721	0.53769	0.45973	0.0013899	0.0011922
722	0.53455	0.46287	0.0013785	0.0011976
723	0.53653	0.4609	0.0013803	0.0011897
724	0.54684	0.4506	0.0014035	0.0011605
725	0.56484	0.4326	0.0014463	0.0011116
726	0.59312	0.40433	0.0015154	0.0010366
727	0.63574	0.36171	0.0016209	0.00092513
728	0.70929	0.28817	0.0018046	0.00073544
729	0.81708	0.18039	0.002075	0.00045917
730	0.87335	0.12412	0.0022129	0.00031526
731	0.88002	0.11745	0.0022245	0.00029766
732	0.89154	0.10594	0.0022484	0.00026787
733	0.90929	0.088205	0.0022878	0.00022247
734	0.94055	0.056942	0.002361	0.00014334
735	0.98537	0.012136	0.0024679	3.0469e-05
736	0.98633	0.011177	0.0024645	2.7977e-05
737	0.98968	0.0078355	0.002467	1.9557e-05
738	0.99633	0.0011905	0.0024777	2.9667e-06
739	0.99591	0.0016125	0.0024707	4.0039e-06
740	0.99504	0.0024941	0.0024626	6.1785e-06
741	0.99538	0.0021581	0.0024575	5.3392e-06
742	0.99281	0.0047306	0.0024452	1.1691e-05
743	0.99163	0.0059223	0.0024363	1.4605e-05
744	0.99168	0.0058767	0.0024305	1.4461e-05
745	0.99042	0.0071448	0.0024215	1.7532e-05
746	0.98718	0.010388	0.0024077	2.5427e-05
747	0.98568	0.011892	0.0023982	2.9034e-05
748	0.98148	0.016094	0.0023822	3.9172e-05
749	0.97938	0.018201	0.0023714	4.417e-05
750	0.97981	0.017777	0.0023666	4.3036e-05
751	0.98223	0.015365	0.0023667	3.7099e-05
752	0.98791	0.0096924	0.0023746	2.3357e-05
753	0.99696	0.00064712	0.0023906	1.5583e-06
754	0.99721	0.00039883	0.0023854	9.5787e-07
755	0.9974	0.0002195	0.00238	5.256e-07
756	0.99759	3.9661e-05	0.0023747	9.4737e-08
757	0.99624	0.0013926	0.0023657	3.3098e-06
758	0.99585	0.001783	0.0023591	4.2246e-06
759	0.99656	0.0010816	0.0023551	2.5578e-06
760	0.99563	0.0020166	0.0023471	4.763e-06
761	0.99567	0.0019887	0.0023415	4.687e-06
762	0.99662	0.0010427	0.002338	2.4522e-06
763	0.99577	0.0018924	0.0023304	4.4334e-06
764	0.99606	0.0016093	0.0023254	3.763e-06
765	0.99732	0.00036105	0.0023226	8.429e-07
766	0.99737	0.00031432	0.0023171	7.3112e-07
767	0.99664	0.0010516	0.0023097	2.4407e-06
768	0.9951	0.0025981	0.0023005	6.011e-06
769	0.99489	0.0028066	0.0022944	6.4811e-06
770	0.99573	0.0019794	0.0022907	4.5607e-06
771	0.99604	0.0016744	0.0022858	3.8532e-06
772	0.9958	0.0019148	0.0022796	4.3967e-06
773	0.99485	0.0028684	0.0022719	6.5661e-06
774	0.99491	0.0028215	0.0022664	6.4397e-06
775	0.99629	0.0014446	0.002264	3.2939e-06
776	0.99546	0.0022747	0.0022565	5.1712e-06
777	0.99562	0.0021239	0.0022513	4.8149e-06
778	0.99673	0.001023	0.0022483	2.3115e-06
779	0.99742	0.00033343	0.0022444	7.5188e-07
780	0.99725	0.00051342	0.0022385	1.1531e-06
781	0.99703	0.00074035	0.0022324	1.6595e-06
782	0.99755	0.00022321	0.0022281	4.9863e-07
783	0.99752	0.0002606	0.0022225	5.811e-07
784	0.99661	0.0011697	0.002215	2.5991e-06
785	0.99671	0.001076	0.0022097	2.3866e-06
786	0.99762	0.00017203	0.0022062	3.8022e-07
787	0.99778	1.5284e-05	0.002201	3.3778e-08
788	0.99744	0.00036212	0.0021948	7.9797e-07
789	0.99775	6.0408e-05	0.00219	1.3285e-07
790	0.9975	0.00031882	0.0021839	7.0083e-07
791	0.9972	0.00062328	0.0021778	1.3675e-06
792	0.99666	0.0011637	0.0021712	2.5465e-06
793	0.99553	0.002301	0.0021633	5.0191e-06
794	0.99542	0.0024202	0.0021577	5.2658e-06
795	0.99625	0.0015897	0.0021542	3.4515e-06
796	0.99661	0.0012342	0.0021496	2.6778e-06
797	0.99656	0.0012971	0.0021441	2.8099e-06
798	0.99602	0.0018405	0.0021376	3.9773e-06
799	0.99017	0.007694	0.0021197	1.6555e-05
800	0.9783	0.01957	0.002089	4.1959e-05
801	0.95368	0.04419	0.0020313	9.4417e-05
802	0.89761	0.10026	0.001907	0.00021344
803	0.86514	0.13274	0.0018333	0.0002819
804	0.8437	0.15419	0.0017834	0.00032658
805	0.8302	0.16769	0.0017505	0.00035423
806	0.82464	0.17326	0.0017345	0.00036506
807	0.82534	0.17256	0.0017316	0.00036271
808	0.83251	0.1654	0.0017421	0.00034686
809	0.8481	0.14981	0.0017702	0.00031355
810	0.87242	0.1255	0.0018163	0.00026221
811	0.87047	0.12746	0.0018075	0.0002657
812	0.8741	0.12383	0.0018103	0.00025761
813	0.88194	0.11599	0.0018218	0.00024083
814	0.88154	0.1164	0.0018162	0.00024113
815	0.8851	0.11285	0.0018189	0.00023323
816	0.89314	0.10482	0.0018307	0.00021616
817	0.88006	0.1179	0.0017993	0.00024243
818	0.87432	0.12364	0.0017829	0.00025359
819	0.87251	0.12546	0.0017746	0.00025666
820	0.86365	0.13432	0.001752	0.00027407
821	0.85961	0.13837	0.0017393	0.00028158
822	0.85948	0.1385	0.0017346	0.00028112
823	0.85021	0.14778	0.0017115	0.00029908
824	0.8476	0.15039	0.0017019	0.00030356
825	0.84895	0.14905	0.0017002	0.00030005
826	0.85667	0.14134	0.0017113	0.00028382
827	0.87294	0.12507	0.0017393	0.00025062
828	0.89723	0.10079	0.0017832	0.00020158
829	0.9068	0.091222	0.0017976	0.00018201
830	0.92184	0.076186	0.0018229	0.00015165
831	0.94416	0.053872	0.0018624	0.00010697
832	0.95345	0.044588	0.001876	8.8287e-05
833	0.95722	0.040825	0.0018786	8.0614e-05
834	0.9641	0.03395	0.0018873	6.6842e-05
835	0.97727	0.020781	0.0019082	4.0814e-05
836	0.98297	0.015085	0.0019144	2.9534e-05
837	0.99374	0.0043203	0.0019304	8.4374e-06
838	0.99277	0.005299	0.0019234	1.0312e-05
839	0.99335	0.0047184	0.0019195	9.164e-06
840	0.99274	0.0053341	0.0019132	1.033e-05
841	0.99338	0.0047045	0.0019093	9.0865e-06
842	0.99526	0.0028242	0.0019079	5.4422e-06
843	0.99588	0.0022146	0.0019041	4.2534e-06
844	0.99355	0.0045429	0.0018945	8.6895e-06
845	0.99294	0.0051587	0.0018883	9.8458e-06
846	0.99356	0.0045425	0.0018844	8.6509e-06
847	0.99295	0.0051573	0.0018783	9.7927e-06
848	0.99117	0.0069452	0.0018698	1.3153e-05
849	0.99075	0.0073753	0.001864	1.3931e-05
850	0.99163	0.0064992	0.0018607	1.2245e-05
851	0.99392	0.0042116	0.00186	7.9152e-06
852	0.9979	0.00023768	0.0018625	4.4505e-07
853	0.99807	7.1718e-05	0.0018578	1.3395e-07
854	0.99561	0.0025332	0.0018482	4.7183e-06
855	0.97853	0.019619	0.0018115	3.6403e-05
856	0.96695	0.031206	0.0017852	5.7717e-05
857	0.96098	0.037185	0.0017693	6.8597e-05
858	0.95788	0.040287	0.0017588	7.4113e-05
859	0.9583	0.039871	0.0017548	7.3162e-05
860	0.9612	0.036979	0.0017553	6.7678e-05
861	0.96692	0.031264	0.0017609	5.7061e-05
862	0.9781	0.020084	0.0017764	3.6583e-05
863	0.99518	0.0030074	0.0018026	5.4855e-06
864	0.99521	0.0029914	0.0017977	5.4433e-06
865	0.99023	0.0079713	0.0017838	1.4433e-05
866	0.98744	0.010768	0.0017739	1.9432e-05
867	0.98643	0.011785	0.0017672	2.1201e-05
868	0.98705	0.011168	0.0017636	2.0028e-05
869	0.98998	0.0082379	0.001764	1.4739e-05
870	0.99114	0.0070836	0.0017612	1.2649e-05
871	0.99102	0.0072103	0.0017561	1.2852e-05
872	0.9891	0.0091375	0.0017478	1.6244e-05
873	0.98866	0.0095847	0.0017422	1.6995e-05
874	0.98964	0.0086057	0.0017391	1.5225e-05
875	0.98925	0.0090012	0.0017335	1.5889e-05
876	0.99035	0.007905	0.0017306	1.393e-05
877	0.9931	0.0051595	0.0017307	9.0928e-06
878	0.99401	0.0042547	0.0017274	7.4926e-06
879	0.98202	0.016249	0.0017017	2.8431e-05
880	0.97559	0.022684	0.0016858	3.9591e-05
881	0.97207	0.026214	0.0016749	4.5632e-05
882	0.97094	0.027346	0.0016683	4.7486e-05
883	0.97189	0.026402	0.0016653	4.5747e-05
884	0.96918	0.029109	0.001656	5.0287e-05
885	0.96869	0.029606	0.0016506	5.1006e-05
886	0.94994	0.048358	0.001614	8.2898e-05
887	0.90716	0.091145	0.0015368	0.00015546
888	0.81329	0.18503	0.0013735	0.00031411
889	0.60003	0.39829	0.0010098	0.00067319
890	0.45386	0.54447	0.00076127	0.00091707
891	0.35373	0.6446	0.00059155	0.0010822
892	0.295	0.70333	0.00049175	0.0011774
893	0.25511	0.74323	0.00042398	0.0012405
894	0.22734	0.771	0.00037678	0.0012831
895	0.17114	0.82721	0.00028268	0.0013726
896	0.13141	0.86694	0.0002164	0.0014343
897	0.10835	0.89	0.00017783	0.0014683
898	0.095419	0.90294	0.00015607	0.0014854
899	0.087245	0.91112	0.00014224	0.0014946
900	0.082349	0.91602	0.00013386	0.0014984
901	0.080142	0.91823	0.00012991	0.0014978
902	0.081839	0.91654	0.0001323	0.0014908
903	0.087839	0.91054	0.0001416	0.0014769
904	0.072389	0.926	0.00011627	0.0014976
905	0.062147	0.93624	9.9494e-05	0.0015098
906	0.057004	0.94139	9.0955e-05	0.0015137
907	0.0542	0.9442	8.6214e-05	0.0015139
908	0.054618	0.94379	8.6614e-05	0.0015089
909	0.057249	0.94116	9.0534e-05	0.0015003
910	0.062191	0.93622	9.8103e-05	0.0014882
911	0.07039	0.92803	0.00011079	0.0014709
912	0.083024	0.9154	0.00013042	0.0014467
913	0.075889	0.92254	0.00011889	0.0014537
914	0.071703	0.92673	0.00011204	0.001456
915	0.071362	0.92707	0.00011122	0.0014522
916	0.07477	0.92367	0.00011623	0.0014427
917	0.080947	0.9175	0.00012553	0.0014288
918	0.093017	0.90543	0.00014389	0.0014059
919	0.095517	0.90294	0.00014736	0.0013978
920	0.10129	0.89717	0.00015588	0.0013848
921	0.11318	0.88528	0.00017374	0.0013623
922	0.13069	0.86778	0.00020016	0.0013313
923	0.16134	0.83713	0.0002465	0.0012804
924	0.21342	0.78506	0.00032517	0.0011972
925	0.23895	0.75953	0.00036296	0.0011548
926	0.27699	0.7215	0.00041953	0.0010937
927	0.34179	0.65671	0.00051607	0.00099251
928	0.45117	0.54733	0.00067892	0.00082505
929	0.61079	0.38771	0.00091639	0.00058299
930	0.67717	0.32134	0.001013	0.00048178
931	0.79046	0.20805	0.0011789	0.00031131
932	0.84182	0.1567	0.0012517	0.00023388
933	0.91499	0.08353	0.0013566	0.00012441
934	0.92363	0.074898	0.0013653	0.00011122
935	0.93779	0.060739	0.0013821	8.9909e-05
936	0.96296	0.035573	0.0014149	5.2525e-05
937	0.96545	0.033092	0.0014141	4.8721e-05
938	0.96407	0.034474	0.0014077	5.0587e-05
939	0.96592	0.032624	0.001406	4.7735e-05
940	0.96461	0.033939	0.0013996	4.9512e-05
941	0.96573	0.032823	0.0013968	4.7745e-05
942	0.96924	0.029319	0.0013975	4.2526e-05
943	0.96879	0.029777	0.0013925	4.3046e-05
944	0.96501	0.03356	0.0013826	4.8349e-05
945	0.96462	0.033955	0.0013776	4.8774e-05
946	0.9665	0.032077	0.0013759	4.5946e-05
947	0.96453	0.03405	0.0013687	4.8606e-05
948	0.96502	0.033571	0.001365	4.7762e-05
949	0.96783	0.030763	0.0013646	4.3621e-05
950	0.97474	0.023857	0.00137	3.3737e-05
951	0.98544	0.01316	0.0013806	1.8568e-05
952	0.99	0.0086042	0.0013826	1.2108e-05
953	0.99745	0.001164	0.0013886	1.64e-06
954	0.99719	0.0014247	0.0013838	1.9974e-06
955	0.99312	0.0054987	0.0013737	7.6515e-06
956	0.99091	0.0077106	0.0013662	1.0688e-05
957	0.99025	0.0083784	0.0013609	1.1573e-05
958	0.95862	0.04001	0.0013131	5.5026e-05
959	0.88729	0.11135	0.0012112	0.00015249
960	0.83721	0.16143	0.001139	0.00022025
961	0.80235	0.19629	0.0010881	0.00026684
962	0.78303	0.21562	0.0010584	0.00029214
963	0.77374	0.22491	0.0010424	0.00030375
964	0.77176	0.2269	0.0010362	0.00030547
965	0.7747	0.22396	0.0010367	0.00030056
966	0.78298	0.21569	0.0010443	0.00028852
967	0.7978	0.20087	0.0010607	0.00026782
968	0.82549	0.17319	0.0010939	0.00023021
969	0.86563	0.13305	0.0011434	0.0001763
970	0.92305	0.075636	0.0012155	9.9867e-05
971	0.95261	0.046075	0.0012503	6.0654e-05
972	0.995	0.003689	0.0013017	4.8287e-06
973	0.99464	0.0040551	0.0012969	5.2858e-06
974	0.99573	0.0029722	0.0012939	3.8594e-06
975	0.99857	0.0001326	0.0012931	1.7205e-07
976	0.99678	0.0019338	0.0012863	2.5061e-06
