#coord	neutral	conserved	gBGC.neutral	gBGC.conserved
1	0.76773	0.21406	0.014242	0.0039715
2	0.77544	0.20634	0.01439	0.0038298
3	0.78883	0.19294	0.014645	0.0035822
4	0.8142	0.16757	0.015122	0.0031122
5	0.85873	0.12303	0.015955	0.0022858
6	0.93447	0.047283	0.017369	0.00087922
7	0.94435	0.037398	0.017559	0.00069575
8	0.95926	0.022481	0.017843	0.00041845
9	0.98099	0.00073946	0.018255	1.3779e-05
10	0.98095	0.00077193	0.018261	1.4388e-05
11	0.98064	0.0010754	0.018263	2.0049e-05
12	0.98109	0.00061806	0.018278	1.1529e-05
13	0.98035	0.0013563	0.018272	2.53e-05
14	0.98045	0.0012426	0.018281	2.3187e-05
15	0.98139	0.00030177	0.018306	5.6353e-06
16	0.98137	0.00031367	0.018313	5.859e-06
17	0.98135	0.00032805	0.01832	6.1299e-06
18	0.9813	0.00036514	0.018326	6.8262e-06
19	0.98006	0.0016039	0.01831	2.9986e-05
20	0.97994	0.0017124	0.018316	3.204e-05
21	0.97916	0.0024819	0.018308	4.6461e-05
22	0.97745	0.0041899	0.018284	7.8456e-05
23	0.97698	0.0046512	0.018282	8.7126e-05
24	0.97484	0.0067873	0.01825	0.00012716
25	0.97408	0.0075353	0.018243	0.00014122
26	0.97471	0.0069026	0.018262	0.00012939
27	0.97726	0.0043408	0.018318	8.1401e-05
28	0.97846	0.0031374	0.018348	5.8864e-05
29	0.98092	0.00066408	0.018402	1.2469e-05
30	0.98016	0.0014136	0.018395	2.6556e-05
31	0.9788	0.002771	0.018377	5.2091e-05
32	0.97847	0.0030975	0.018378	5.8266e-05
33	0.97912	0.0024325	0.018398	4.5799e-05
34	0.97889	0.0026603	0.018402	5.0119e-05
35	0.97441	0.0071356	0.018325	0.00013443
36	0.97182	0.009716	0.018284	0.00018311
37	0.95221	0.02932	0.017922	0.00055277
38	0.93931	0.042203	0.017686	0.00079592
39	0.93096	0.050549	0.017536	0.00095364
40	0.92614	0.05536	0.017453	0.0010448
41	0.92451	0.056989	0.017429	0.001076
42	0.92559	0.055894	0.017457	0.0010557
43	0.92118	0.060302	0.017381	0.0011393
44	0.91031	0.071158	0.017184	0.0013447
45	0.90376	0.077706	0.017067	0.001469
46	0.90072	0.080734	0.017017	0.0015267
47	0.86591	0.11554	0.016366	0.0021852
48	0.8461	0.13534	0.015999	0.0025606
49	0.79886	0.18258	0.015112	0.0034554
50	0.69397	0.28745	0.013134	0.0054412
51	0.63207	0.34935	0.011968	0.0066154
52	0.58882	0.39259	0.011154	0.0074371
53	0.55901	0.42239	0.010594	0.0080046
54	0.54308	0.43831	0.010297	0.0083098
55	0.50623	0.47515	0.0096029	0.0090117
56	0.48578	0.4956	0.0092191	0.0094034
57	0.47351	0.50786	0.0089904	0.00964
58	0.44509	0.53627	0.008455	0.010183
59	0.38734	0.59401	0.0073616	0.011285
60	0.35379	0.62755	0.006727	0.011927
61	0.33087	0.65047	0.0062942	0.012368
62	0.31582	0.66551	0.0060108	0.01266
63	0.30966	0.67167	0.0058962	0.012782
64	0.31052	0.67079	0.0059153	0.012771
65	0.31866	0.66264	0.0060729	0.012621
66	0.3333	0.64799	0.0063547	0.012348
67	0.3609	0.62039	0.0068837	0.011827
68	0.40225	0.57904	0.0076756	0.011043
69	0.40159	0.57969	0.0076663	0.01106
70	0.39065	0.59062	0.0074608	0.011274
71	0.38784	0.59342	0.0074103	0.011332
72	0.39238	0.58887	0.0075001	0.01125
73	0.40233	0.57891	0.0076934	0.011065
74	0.42317	0.55806	0.0080951	0.010672
75	0.45518	0.52605	0.0087108	0.010064
76	0.46573	0.51549	0.0089165	0.0098664
77	0.48762	0.49359	0.0093394	0.0094517
78	0.52117	0.46003	0.0099863	0.0088129
79	0.51715	0.46404	0.0099136	0.0088938
80	0.51818	0.463	0.0099377	0.0088778
81	0.52439	0.45679	0.010061	0.0087624
82	0.53652	0.44465	0.010299	0.0085331
83	0.5608	0.42036	0.01077	0.0080704
84	0.59649	0.38466	0.011461	0.0073878
85	0.61335	0.36779	0.01179	0.0070667
86	0.64482	0.33631	0.0124	0.0064646
87	0.69938	0.28175	0.013455	0.0054181
88	0.77708	0.20404	0.014956	0.0039249
89	0.81733	0.16378	0.015738	0.0031518
90	0.88603	0.095068	0.017068	0.0018303
91	0.89506	0.086031	0.017249	0.0016571
92	0.89652	0.084568	0.017285	0.0016297
93	0.89269	0.088389	0.017219	0.0017042
94	0.89217	0.088897	0.017216	0.0017148
95	0.89491	0.086153	0.017277	0.0016626
96	0.90312	0.077937	0.017443	0.0015047
97	0.91621	0.064833	0.017704	0.0012522
98	0.93968	0.041351	0.018166	0.00079895
99	0.98	0.0010313	0.018953	1.9951e-05
100	0.96649	0.014533	0.0187	0.00028149
101	0.95908	0.021932	0.018565	0.00042504
102	0.95567	0.025328	0.018507	0.00049115
103	0.9546	0.02639	0.018494	0.00051205
104	0.9564	0.024582	0.018537	0.00047731
105	0.96066	0.020313	0.018628	0.00039479
106	0.95566	0.025305	0.018539	0.00049203
107	0.94376	0.037196	0.018316	0.00072345
108	0.9361	0.044852	0.018176	0.0008727
109	0.933	0.047939	0.018124	0.00093322
110	0.92325	0.057681	0.017942	0.0011233
111	0.89955	0.081379	0.017489	0.0015852
112	0.72748	0.25344	0.014146	0.0049364
113	0.60968	0.37123	0.011858	0.0072327
114	0.52652	0.45438	0.010244	0.0088558
115	0.46802	0.51288	0.0091088	0.0099996
116	0.43439	0.54649	0.0084574	0.01066
117	0.41611	0.56477	0.0081045	0.011021
118	0.4054	0.57547	0.0078992	0.011235
119	0.40293	0.57792	0.0078545	0.011289
120	0.40802	0.57283	0.007957	0.011195
121	0.41864	0.5622	0.0081679	0.010993
122	0.41672	0.56411	0.0081341	0.011035
123	0.4197	0.56112	0.0081959	0.010982
124	0.41306	0.56775	0.0080697	0.011117
125	0.41149	0.56931	0.0080426	0.011153
126	0.41481	0.56599	0.0081112	0.011093
127	0.40568	0.57511	0.0079362	0.011277
128	0.38249	0.59829	0.0074855	0.011736
129	0.37075	0.61002	0.0072587	0.011972
130	0.34092	0.63984	0.0066768	0.012563
131	0.32149	0.65926	0.0062987	0.01295
132	0.27294	0.7078	0.0053489	0.013909
133	0.23895	0.74179	0.0046841	0.014582
134	0.21971	0.76102	0.0043084	0.014967
135	0.20763	0.77308	0.0040732	0.015211
136	0.1752	0.80551	0.0034377	0.015856
137	0.15682	0.82388	0.0030779	0.016224
138	0.14505	0.83564	0.0028478	0.016463
139	0.13818	0.8425	0.0027141	0.016606
140	0.13524	0.84543	0.0026575	0.016672
141	0.13579	0.84487	0.0026697	0.016669
142	0.13991	0.84074	0.0027525	0.016595
143	0.14821	0.83243	0.0029176	0.016439
144	0.16109	0.81954	0.0031735	0.016192
145	0.18413	0.7965	0.0036302	0.015745
146	0.19146	0.78916	0.0037769	0.015607
147	0.2037	0.7769	0.0040212	0.015372
148	0.22672	0.75388	0.0044785	0.014924
149	0.25996	0.72062	0.0051392	0.014272
150	0.27495	0.70563	0.0054385	0.013982
151	0.27901	0.70156	0.0055216	0.013908
152	0.28791	0.69265	0.0057009	0.013738
153	0.30644	0.67411	0.0060711	0.013377
154	0.31084	0.6697	0.0061615	0.013296
155	0.3235	0.65704	0.0064157	0.013051
156	0.34404	0.63648	0.006827	0.012649
157	0.37544	0.60507	0.0074546	0.012031
158	0.4301	0.55041	0.0085451	0.01095
159	0.51034	0.47015	0.010146	0.0093579
160	0.55079	0.4297	0.010956	0.0085572
161	0.56648	0.414	0.011274	0.0082485
162	0.54905	0.43142	0.010933	0.0085992
163	0.53855	0.44191	0.01073	0.0088122
164	0.53631	0.44414	0.01069	0.0088609
165	0.54171	0.43873	0.010803	0.0087572
166	0.55623	0.4242	0.011099	0.0084714
167	0.57972	0.4007	0.011574	0.0080059
168	0.58931	0.3911	0.011771	0.0078181
169	0.56126	0.41914	0.011216	0.0083823
170	0.50405	0.47634	0.010078	0.0095303
171	0.39362	0.58676	0.0078725	0.011745
172	0.31808	0.6623	0.0063641	0.013263
173	0.2736	0.70676	0.0054762	0.01416
174	0.24795	0.7324	0.0049648	0.014681
175	0.23129	0.74906	0.004633	0.015022
176	0.19579	0.78455	0.0039229	0.015742
177	0.1719	0.80843	0.0034454	0.016229
178	0.15619	0.82413	0.0031317	0.016552
179	0.1464	0.83391	0.0029365	0.016757
180	0.14073	0.83956	0.0028243	0.016879
181	0.14031	0.83998	0.0028171	0.016896
182	0.145	0.83528	0.0029128	0.01681
183	0.15404	0.82622	0.0030962	0.016636
184	0.17165	0.8086	0.0034519	0.01629
185	0.16268	0.81757	0.0032729	0.016479
186	0.1582	0.82204	0.0031843	0.016577
187	0.15918	0.82105	0.0032055	0.016566
188	0.16367	0.81655	0.0032977	0.016483
189	0.17491	0.8053	0.0035261	0.016265
190	0.17544	0.80476	0.0035386	0.016262
191	0.16796	0.81223	0.0033891	0.016421
192	0.16441	0.81577	0.0033191	0.016501
193	0.16437	0.8158	0.0033198	0.01651
194	0.16997	0.81019	0.0034349	0.016405
195	0.18282	0.79733	0.0036965	0.016153
196	0.18611	0.79403	0.0037647	0.016095
197	0.19345	0.78668	0.0039152	0.015954
198	0.20573	0.77439	0.004166	0.015713
199	0.22443	0.75568	0.0045473	0.015342
200	0.25776	0.72234	0.0052256	0.014673
201	0.30696	0.67313	0.0062269	0.013682
202	0.32739	0.65269	0.0066451	0.013274
203	0.35857	0.6215	0.0072825	0.012646
204	0.40344	0.57662	0.0081994	0.011739
205	0.46956	0.51049	0.00955	0.010399
206	0.56331	0.41673	0.011466	0.0084931
207	0.72134	0.25869	0.014693	0.0052756
208	0.95193	0.028096	0.019405	0.00057345
209	0.95376	0.026249	0.019453	0.00053607
210	0.94295	0.037054	0.019242	0.00075692
211	0.7068	0.27319	0.014427	0.0055821
212	0.53961	0.44037	0.011018	0.0090015
213	0.42131	0.55867	0.0086052	0.011424
214	0.33766	0.6423	0.0068994	0.01314
215	0.28832	0.69163	0.0058934	0.014157
216	0.25379	0.72615	0.0051897	0.01487
217	0.22992	0.75001	0.0047037	0.015367
218	0.21711	0.76281	0.0044438	0.015637
219	0.20994	0.76997	0.0042991	0.015792
220	0.18792	0.79198	0.0038499	0.016251
221	0.13654	0.84335	0.0027985	0.017313
222	0.1062	0.87367	0.0021776	0.017944
223	0.084861	0.89501	0.0017407	0.018392
224	0.072671	0.90719	0.0014912	0.018651
225	0.064465	0.91538	0.0013234	0.01883
226	0.059258	0.92058	0.0012171	0.018946
227	0.057736	0.92209	0.0011865	0.018987
228	0.059409	0.92041	0.0012215	0.018963
229	0.055937	0.92387	0.0011506	0.019044
230	0.05477	0.92503	0.0011271	0.019078
231	0.055521	0.92426	0.0011431	0.019072
232	0.059674	0.9201	0.0012293	0.018997
233	0.066806	0.91296	0.001377	0.018859
234	0.077514	0.90224	0.0015989	0.018648
235	0.093662	0.88608	0.0019334	0.018324
236	0.12145	0.85828	0.0025088	0.017759
237	0.16215	0.81757	0.0033519	0.016927
238	0.23083	0.74889	0.0047746	0.015515
239	0.33098	0.64872	0.0068512	0.013449
240	0.3431	0.63659	0.0071058	0.013205
241	0.36668	0.613	0.007598	0.012723
242	0.40237	0.5773	0.008342	0.01199
243	0.45356	0.5261	0.0094089	0.010933
244	0.47426	0.50538	0.0098439	0.010509
245	0.51179	0.46785	0.010629	0.009735
246	0.56749	0.41213	0.011793	0.0085817
247	0.59542	0.3842	0.01238	0.0080054
248	0.6375	0.3421	0.013262	0.0071335
249	0.63525	0.34434	0.013222	0.0071841
250	0.62169	0.35789	0.012947	0.0074708
251	0.61475	0.36482	0.012809	0.0076195
252	0.61298	0.36659	0.012779	0.0076605
253	0.61872	0.36083	0.012905	0.0075446
254	0.63081	0.34873	0.013165	0.0072958
255	0.651	0.32853	0.013594	0.0068775
256	0.65671	0.3228	0.013721	0.0067615
257	0.66868	0.31082	0.013979	0.0065144
258	0.68863	0.29086	0.014405	0.0060998
259	0.6938	0.28568	0.014521	0.0059944
260	0.70444	0.27504	0.014752	0.0057742
261	0.72586	0.2536	0.01521	0.0053275
262	0.75865	0.22081	0.015907	0.0046414
263	0.80751	0.17193	0.016943	0.0036163
264	0.89057	0.088855	0.018699	0.0018713
265	0.90099	0.078429	0.018929	0.0016529
266	0.90472	0.07469	0.019018	0.0015751
267	0.91207	0.067329	0.019183	0.0014209
268	0.90278	0.076603	0.018998	0.0016171
269	0.89751	0.081864	0.018897	0.0017288
270	0.89562	0.083745	0.018868	0.0017694
271	0.89714	0.082208	0.018911	0.0017378
272	0.87394	0.1054	0.018432	0.002228
273	0.8613	0.11803	0.018175	0.002496
274	0.85371	0.12561	0.018025	0.0026573
275	0.85211	0.1272	0.018002	0.0026923
276	0.85604	0.12325	0.018095	0.0026105
277	0.8646	0.11468	0.018286	0.0024303
278	0.85367	0.1256	0.018065	0.002663
279	0.84749	0.13177	0.017944	0.0027953
280	0.84706	0.13219	0.017945	0.0028058
281	0.85073	0.12851	0.018033	0.0027292
282	0.85903	0.12019	0.018219	0.0025541
283	0.85913	0.12009	0.018232	0.0025532
284	0.85258	0.12662	0.018103	0.0026933
285	0.85005	0.12914	0.01806	0.0027483
286	0.85305	0.12613	0.018134	0.0026859
287	0.86243	0.11674	0.018344	0.0024875
288	0.88085	0.098305	0.018746	0.0020963
289	0.86032	0.11882	0.018319	0.0025352
290	0.84677	0.13236	0.01804	0.0028256
291	0.83898	0.14014	0.017884	0.0029932
292	0.83549	0.14362	0.01782	0.0030693
293	0.83776	0.14134	0.017878	0.0030224
294	0.84453	0.13456	0.018033	0.0028791
295	0.85678	0.12229	0.018305	0.0026184
296	0.85962	0.11944	0.018377	0.0025588
297	0.86645	0.1126	0.018533	0.0024136
298	0.88084	0.098196	0.018853	0.0021062
299	0.9024	0.076633	0.019326	0.0016449
300	0.93475	0.044268	0.020031	0.000951
301	0.92878	0.050227	0.019915	0.0010793
302	0.92711	0.051881	0.019891	0.0011154
303	0.92828	0.050698	0.019927	0.0010906
304	0.92543	0.053539	0.019878	0.0011522
305	0.9255	0.053458	0.019891	0.0011511
306	0.92955	0.049395	0.019989	0.0010643
307	0.92846	0.050477	0.019977	0.0010881
308	0.92996	0.048964	0.020021	0.0010561
309	0.93569	0.043225	0.020156	0.00093287
310	0.93611	0.042788	0.020177	0.00092393
311	0.93192	0.046964	0.020099	0.0010145
312	0.93156	0.047316	0.020103	0.0010226
313	0.92591	0.052951	0.019993	0.0011449
314	0.92456	0.054287	0.019975	0.0011744
315	0.9261	0.052737	0.02002	0.0011415
316	0.93075	0.048079	0.020133	0.0010412
317	0.94082	0.037991	0.020363	0.00082318
318	0.95601	0.022792	0.020704	0.00049406
319	0.95073	0.028063	0.020602	0.00060851
320	0.94818	0.030597	0.020559	0.00066375
321	0.94872	0.030046	0.020582	0.00065212
322	0.93367	0.045081	0.020268	0.00097868
323	0.92574	0.053001	0.020108	0.0011512
324	0.90603	0.072702	0.019691	0.0015798
325	0.89545	0.083271	0.019473	0.0018105
326	0.89099	0.08771	0.019388	0.0019081
327	0.89134	0.087348	0.019407	0.0019014
328	0.86197	0.11671	0.018778	0.002542
329	0.84264	0.13602	0.018368	0.0029643
330	0.83006	0.1486	0.018105	0.0032401
331	0.82493	0.15372	0.018004	0.0033536
332	0.8258	0.15283	0.018033	0.0033363
333	0.83282	0.1458	0.018197	0.0031847
334	0.84548	0.13312	0.018485	0.0029094
335	0.8692	0.10939	0.019015	0.0023921
336	0.91038	0.068203	0.019927	0.0014924
337	0.92891	0.049655	0.020344	0.0010874
338	0.92846	0.050096	0.020346	0.0010978
339	0.93181	0.046731	0.020431	0.0010248
340	0.93033	0.048198	0.020411	0.0010576
341	0.93252	0.045995	0.020471	0.00101
342	0.93755	0.040956	0.020594	0.00089994
343	0.93865	0.039848	0.02063	0.0008762
344	0.94249	0.035996	0.020726	0.00079206
345	0.95103	0.027438	0.020927	0.00060433
346	0.94886	0.029601	0.020891	0.00065248
347	0.94139	0.037053	0.020739	0.00081733
348	0.93708	0.041348	0.020656	0.00091264
349	0.93542	0.043	0.020632	0.0009497
350	0.93725	0.041155	0.020684	0.00090963
351	0.94175	0.036641	0.020796	0.00081048
352	0.94165	0.036729	0.020806	0.00081295
353	0.94388	0.034487	0.020868	0.00076385
354	0.95002	0.028337	0.021016	0.00062822
355	0.9451	0.033243	0.02092	0.00073736
356	0.94295	0.035375	0.020885	0.0007851
357	0.94328	0.035042	0.020905	0.00077816
358	0.93922	0.039083	0.020827	0.00086829
359	0.92692	0.051376	0.020567	0.0011417
360	0.91908	0.059201	0.020405	0.0013161
361	0.91614	0.062127	0.020353	0.0013819
362	0.91629	0.061962	0.020368	0.001379
363	0.91956	0.058684	0.020454	0.0013068
364	0.92784	0.05039	0.020651	0.0011228
365	0.94073	0.037483	0.020951	0.00083561
366	0.96371	0.014493	0.021476	0.00032329
367	0.96224	0.015949	0.021456	0.00035596
368	0.96246	0.01571	0.021475	0.0003508
369	0.96515	0.013012	0.021548	0.00029075
370	0.96579	0.01236	0.021575	0.00027637
371	0.96819	0.0099428	0.021642	0.00022249
372	0.96883	0.0092895	0.02167	0.00020799
373	0.97108	0.0070256	0.021733	0.00015739
374	0.97602	0.002076	0.021857	4.6568e-05
375	0.97448	0.0036028	0.021836	8.0837e-05
376	0.97411	0.0039561	0.021842	8.8812e-05
377	0.97487	0.003187	0.021872	7.159e-05
378	0.97458	0.0034614	0.021879	7.7807e-05
379	0.97312	0.0049052	0.02186	0.00011031
380	0.96201	0.016003	0.021623	0.00036009
381	0.95469	0.02331	0.021472	0.00052476
382	0.94043	0.037556	0.021164	0.00084602
383	0.9329	0.045077	0.021007	0.0010162
384	0.92889	0.049074	0.02093	0.001107
385	0.92878	0.049167	0.02094	0.0011099
386	0.93128	0.046654	0.02101	0.0010539
387	0.93669	0.041234	0.021145	0.00093223
388	0.93712	0.04079	0.021168	0.00092278
389	0.93321	0.044689	0.021093	0.0010115
390	0.92185	0.056032	0.020849	0.0012688
391	0.84701	0.13086	0.019167	0.002964
392	0.79443	0.18342	0.017988	0.0041566
393	0.76423	0.21362	0.017315	0.0048438
394	0.74381	0.23402	0.016862	0.0053096
395	0.73382	0.24399	0.016646	0.0055394
396	0.72947	0.24833	0.016558	0.0056413
397	0.73194	0.24585	0.016624	0.0055885
398	0.73927	0.23851	0.016801	0.0054252
399	0.73643	0.24133	0.016747	0.0054928
400	0.73812	0.23963	0.016797	0.0054574
401	0.74454	0.23319	0.016954	0.005314
402	0.75963	0.21809	0.017309	0.0049728
403	0.76457	0.21314	0.017432	0.004863
404	0.7751	0.20259	0.017684	0.0046251
405	0.79612	0.18156	0.018175	0.0041476
406	0.83328	0.14438	0.019036	0.0033008
407	0.88653	0.091121	0.020266	0.0020847
408	0.96476	0.012878	0.02207	0.00029474
409	0.97712	0.0005002	0.022367	1.1459e-05
410	0.97531	0.0023008	0.022339	5.2708e-05
411	0.97457	0.0030286	0.022337	6.941e-05
412	0.9729	0.0046795	0.022313	0.00010731
413	0.97279	0.0047726	0.022325	0.00010953
414	0.97422	0.0033337	0.022371	7.6578e-05
415	0.97215	0.0053849	0.022338	0.00012379
416	0.97146	0.006059	0.022337	0.00013937
417	0.97241	0.0051019	0.022373	0.00011745
418	0.97154	0.0059588	0.022367	0.00013726
419	0.96932	0.0081569	0.02233	0.00018803
420	0.96857	0.0088981	0.022327	0.00020525
421	0.96918	0.0082715	0.022356	0.00019091
422	0.97134	0.0060965	0.02242	0.00014079
423	0.97178	0.0056432	0.022444	0.00013037
424	0.97117	0.0062454	0.022445	0.00014435
425	0.9722	0.0051952	0.022483	0.00012015
426	0.97516	0.0022225	0.022566	5.1442e-05
427	0.97647	0.00089572	0.022611	2.0748e-05
428	0.97621	0.0011423	0.022619	2.6483e-05
429	0.97672	0.00061838	0.022646	1.4352e-05
430	0.97349	0.0038391	0.022585	8.9173e-05
431	0.96651	0.010803	0.022438	0.00025104
432	0.96214	0.015158	0.022351	0.00035244
433	0.95999	0.017289	0.022315	0.00040223
434	0.96034	0.016931	0.022338	0.00039417
435	0.96327	0.013981	0.022421	0.0003258
436	0.96332	0.013921	0.022436	0.00032464
437	0.95289	0.024336	0.022207	0.00056779
438	0.94751	0.029703	0.022096	0.00069349
439	0.94473	0.032467	0.022046	0.00075852
440	0.94517	0.032013	0.02207	0.00074849
441	0.94895	0.028213	0.022173	0.00066028
442	0.92537	0.051779	0.021635	0.0012129
443	0.90928	0.067856	0.021272	0.0015906
444	0.89916	0.077964	0.021048	0.0018287
445	0.87795	0.099157	0.020564	0.002327
446	0.86381	0.11328	0.020246	0.0026601
447	0.85715	0.11993	0.020103	0.0028181
448	0.83804	0.13902	0.019667	0.0032685
449	0.82838	0.14867	0.019452	0.0034976
450	0.82375	0.15328	0.019356	0.0036086
451	0.82349	0.15353	0.019363	0.0036168
452	0.82756	0.14945	0.019471	0.003523
453	0.83611	0.14088	0.019686	0.0033233
454	0.85074	0.12624	0.020044	0.0029799
455	0.87355	0.10341	0.020596	0.0024427
456	0.91319	0.063761	0.021546	0.0015073
457	0.80053	0.1764	0.018901	0.0041682
458	0.72362	0.2533	0.017096	0.0059875
459	0.66961	0.30729	0.015831	0.0072675
460	0.56463	0.41226	0.013359	0.0097552
461	0.50316	0.47371	0.011912	0.011216
462	0.46746	0.5094	0.011074	0.01207
463	0.38158	0.59526	0.0090455	0.014113
464	0.33138	0.64545	0.0078603	0.015314
465	0.2963	0.68051	0.0070329	0.016156
466	0.27658	0.70022	0.006569	0.016635
467	0.2638	0.71298	0.0062696	0.01695
468	0.25889	0.71787	0.006157	0.017077
469	0.26051	0.71624	0.0061995	0.01705
470	0.2511	0.72564	0.0059793	0.017285
471	0.24883	0.72789	0.0059291	0.017351
472	0.23588	0.74082	0.0056239	0.017671
473	0.22869	0.74799	0.005456	0.017854
474	0.22584	0.75084	0.0053914	0.017934
475	0.17807	0.79859	0.004253	0.019088
476	0.14441	0.83223	0.0034508	0.019905
477	0.12082	0.85581	0.0028886	0.020483
478	0.10763	0.86899	0.0025746	0.020812
479	0.099355	0.87724	0.0023782	0.021024
480	0.077192	0.89939	0.0018486	0.021569
481	0.06163	0.91494	0.0014768	0.021956
482	0.050799	0.92575	0.001218	0.02223
483	0.043397	0.93314	0.0010413	0.022423
484	0.038777	0.93774	0.00093111	0.022548
485	0.037118	0.93939	0.00089193	0.022603
486	0.037173	0.93932	0.00089399	0.022616
487	0.032911	0.94356	0.00079207	0.022734
488	0.031353	0.94511	0.0007551	0.022786
489	0.031178	0.94527	0.00075146	0.022806
490	0.026835	0.94959	0.0006472	0.022925
491	0.024285	0.95213	0.00058614	0.023002
492	0.023013	0.95338	0.00055589	0.023048
493	0.017705	0.95868	0.000428	0.023192
494	0.014871	0.96149	0.00035973	0.023275
495	0.013731	0.96262	0.00033236	0.023318
496	0.013487	0.96285	0.00032669	0.02334
497	0.014607	0.96171	0.00035405	0.023328
498	0.016772	0.95953	0.00040683	0.023291
499	0.021131	0.95515	0.00051293	0.023201
500	0.028923	0.94735	0.00070251	0.023027
501	0.039932	0.93632	0.0009706	0.022775
502	0.058813	0.91743	0.0014304	0.022331
503	0.06635	0.90987	0.0016147	0.022162
504	0.080251	0.89596	0.0019541	0.021839
505	0.10017	0.87602	0.0024406	0.021368
506	0.12849	0.84768	0.003133	0.020691
507	0.16999	0.80617	0.004148	0.019692
508	0.22867	0.74748	0.0055845	0.018272
509	0.32834	0.64779	0.0080245	0.015848
510	0.47368	0.50244	0.011586	0.012302
511	0.49151	0.48458	0.012031	0.011873
512	0.51846	0.45762	0.0127	0.01122
513	0.56569	0.41037	0.013867	0.01007
514	0.63536	0.34069	0.015587	0.0083658
515	0.73749	0.23854	0.018107	0.0058613
516	0.90962	0.0664	0.022351	0.0016334
517	0.91527	0.06073	0.022506	0.001495
518	0.92714	0.048846	0.022814	0.0012034
519	0.94842	0.027551	0.023353	0.00067983
520	0.92877	0.047176	0.022885	0.0011646
521	0.918	0.057938	0.022634	0.0014313
522	0.91168	0.064237	0.022494	0.0015881
523	0.90892	0.06698	0.022441	0.0016571
524	0.90932	0.066563	0.022467	0.0016479
525	0.91269	0.063183	0.022565	0.0015654
526	0.89953	0.076326	0.022255	0.0018921
527	0.89313	0.082711	0.022112	0.0020518
528	0.89027	0.085552	0.022056	0.0021238
529	0.84796	0.12784	0.021021	0.0031755
530	0.8196	0.15619	0.020331	0.003882
531	0.80412	0.17165	0.01996	0.0042693
532	0.76596	0.20979	0.019025	0.0052212
533	0.74459	0.23115	0.018506	0.0057567
534	0.73137	0.24435	0.018189	0.0060898
535	0.70233	0.27337	0.017477	0.0068178
536	0.68362	0.29207	0.017023	0.0072892
537	0.67252	0.30315	0.016758	0.0075708
538	0.64314	0.33252	0.016036	0.0083094
539	0.62424	0.3514	0.015575	0.0087869
540	0.61253	0.36309	0.015293	0.0090853
541	0.6066	0.369	0.015156	0.0092393
542	0.60818	0.3674	0.015206	0.0092057
543	0.61786	0.35772	0.015459	0.0089696
544	0.59713	0.37843	0.01495	0.0094954
545	0.58402	0.39152	0.014632	0.0098304
546	0.57697	0.39855	0.014465	0.010014
547	0.55304	0.42247	0.013875	0.010621
548	0.54096	0.43452	0.013581	0.010932
549	0.53742	0.43805	0.013501	0.011029
550	0.53888	0.43657	0.013548	0.010999
551	0.54554	0.4299	0.013725	0.010839
552	0.56172	0.4137	0.014142	0.010438
553	0.58743	0.38797	0.014801	0.0097968
554	0.62506	0.35033	0.015762	0.0088532
555	0.67913	0.29624	0.017139	0.0074924
556	0.75614	0.21922	0.0191	0.005549
557	0.78906	0.18628	0.019947	0.0047188
558	0.83646	0.13885	0.021163	0.00352
559	0.82637	0.14893	0.020923	0.0037775
560	0.82298	0.1523	0.020852	0.0038654
561	0.82546	0.14981	0.02093	0.0038046
562	0.80145	0.1738	0.020336	0.0044166
563	0.78612	0.18911	0.019961	0.0048085
564	0.77925	0.19596	0.019801	0.0049861
565	0.70254	0.27265	0.017864	0.0069403
566	0.65795	0.31723	0.016741	0.0080801
567	0.62716	0.348	0.015969	0.0088698
568	0.61068	0.36446	0.01556	0.0092958
569	0.60372	0.3714	0.015394	0.0094796
570	0.60437	0.37074	0.015421	0.0094697
571	0.61281	0.36229	0.015647	0.0092609
572	0.62824	0.34684	0.016053	0.008873
573	0.65741	0.31764	0.01681	0.0081332
574	0.65072	0.32432	0.01665	0.0083103
575	0.65155	0.32347	0.016683	0.0082949
576	0.65782	0.31718	0.016856	0.0081398
577	0.65514	0.31985	0.016799	0.0082145
578	0.65728	0.31769	0.016865	0.0081653
579	0.6645	0.31046	0.017063	0.0079854
580	0.68115	0.29379	0.017503	0.0075629
581	0.68491	0.29	0.017612	0.0074714
582	0.69441	0.28049	0.017869	0.0072321
583	0.69275	0.28213	0.017839	0.0072799
584	0.69818	0.27669	0.017991	0.007145
585	0.70962	0.26522	0.018299	0.0068546
586	0.72873	0.24609	0.018806	0.0063656
587	0.75826	0.21655	0.019583	0.0056066
588	0.77075	0.20404	0.01992	0.0052869
589	0.75619	0.21859	0.019558	0.0056674
590	0.74805	0.2267	0.019361	0.0058817
591	0.74518	0.22955	0.019301	0.0059597
592	0.74717	0.22755	0.019367	0.0059118
593	0.75649	0.21821	0.019624	0.0056734
594	0.77562	0.19907	0.020135	0.0051797
595	0.80503	0.16963	0.020916	0.0044175
596	0.84897	0.12568	0.022075	0.0032757
597	0.91167	0.062958	0.023727	0.0016425
598	0.94425	0.030364	0.024594	0.00079344
599	0.96133	0.013263	0.025058	0.00034767
600	0.95899	0.015589	0.025015	0.00040901
601	0.95071	0.02385	0.024816	0.00062602
602	0.93418	0.040356	0.0244	0.0010599
603	0.92354	0.050983	0.024138	0.00134
604	0.90216	0.072343	0.023594	0.0019027
605	0.89041	0.084072	0.023302	0.0022131
606	0.88327	0.091193	0.02313	0.0024026
607	0.8815	0.092952	0.0231	0.0024513
608	0.88326	0.091166	0.023163	0.0024068
609	0.88851	0.085898	0.023317	0.0022707
610	0.88707	0.087323	0.023296	0.0023106
611	0.89031	0.084063	0.023398	0.0022271
612	0.88724	0.087116	0.023333	0.0023101
613	0.88891	0.08543	0.023393	0.0022681
614	0.89428	0.080044	0.023552	0.0021283
615	0.90412	0.070183	0.023828	0.00187
616	0.90669	0.067597	0.023913	0.0018037
617	0.91253	0.061736	0.024085	0.0016506
618	0.91358	0.060665	0.02413	0.0016244
619	0.91756	0.056668	0.024253	0.0015204
620	0.92688	0.047333	0.024517	0.0012747
621	0.93065	0.043535	0.024634	0.0011759
622	0.92003	0.054144	0.024365	0.0014637
623	0.91348	0.060673	0.024206	0.001642
624	0.91159	0.062541	0.024171	0.0016953
625	0.91383	0.06028	0.024247	0.0016381
626	0.91946	0.05464	0.024413	0.0014905
627	0.92927	0.044808	0.024692	0.0012309
628	0.92589	0.048165	0.024616	0.0013257
629	0.92517	0.048873	0.024612	0.0013488
630	0.92822	0.045798	0.02471	0.0012699
631	0.93593	0.038067	0.024932	0.001066
632	0.93122	0.042765	0.024817	0.0012004
633	0.92922	0.044741	0.024776	0.0012599
634	0.92971	0.044233	0.024804	0.0012514
635	0.93401	0.039914	0.024935	0.0011395
636	0.94335	0.030561	0.025201	0.00089196
637	0.9474	0.026484	0.025326	0.00078674
638	0.95461	0.019259	0.025535	0.00059612
639	0.96563	0.0082237	0.025848	0.00030252
640	0.96314	0.010694	0.025768	0.0004012
641	0.957	0.016812	0.025552	0.00063705
642	0.95337	0.020417	0.025423	0.00078518
643	0.94431	0.029463	0.025086	0.0011414
644	0.93891	0.034844	0.024882	0.0013647
645	0.93723	0.036507	0.024808	0.0014577
646	0.93164	0.042078	0.024586	0.0016991
647	0.92911	0.044585	0.024473	0.0018309
648	0.93015	0.043531	0.02448	0.0018434
649	0.87466	0.099039	0.023001	0.0032996
650	0.84252	0.1312	0.022138	0.0041383
651	0.82129	0.15246	0.021566	0.0046874
652	0.77156	0.20221	0.020243	0.0059864
653	0.74312	0.23067	0.019483	0.0067237
654	0.72476	0.24906	0.018989	0.0071939
655	0.68007	0.29377	0.017804	0.0083556
656	0.65485	0.31901	0.017132	0.0090048
657	0.63898	0.33491	0.016706	0.0094072
658	0.63238	0.34153	0.016527	0.0095633
659	0.63086	0.34307	0.016483	0.0095836
660	0.63469	0.33927	0.016584	0.0094593
661	0.64387	0.33011	0.016831	0.009189
662	0.66356	0.31044	0.017367	0.0086301
663	0.69935	0.27468	0.018347	0.007627
664	0.75257	0.22148	0.019808	0.006143
665	0.84293	0.13115	0.022294	0.0036338
666	0.89004	0.084054	0.023578	0.0023269
667	0.89429	0.07983	0.023677	0.0022052
668	0.87829	0.095847	0.023233	0.0026258
669	0.86801	0.10615	0.022942	0.0028942
670	0.86408	0.11011	0.02282	0.0029935
671	0.86538	0.10883	0.022837	0.0029531
672	0.87218	0.10205	0.023002	0.0027651
673	0.88368	0.09058	0.023293	0.0024512
674	0.90487	0.069405	0.023845	0.0018763
675	0.93563	0.038667	0.024654	0.0010445
676	0.95032	0.024009	0.025028	0.00064791
677	0.95652	0.01783	0.025173	0.00048043
678	0.96646	0.0079121	0.025417	0.00021294
679	0.96716	0.007236	0.025414	0.00019407
680	0.9663	0.0081188	0.025368	0.00021667
681	0.96723	0.0072111	0.025371	0.00019197
682	0.96644	0.0080179	0.025327	0.00021267
683	0.96698	0.0075054	0.025319	0.00019862
684	0.96889	0.0056118	0.025347	0.00014827
685	0.97242	0.0021096	0.025417	5.5669e-05
686	0.97428	0.00026598	0.025443	7.0081e-06
687	0.9745	7.6639e-05	0.025426	2.0103e-06
688	0.97388	0.00071195	0.025387	1.8578e-05
689	0.97277	0.0018483	0.025335	4.8167e-05
690	0.97034	0.0042982	0.025249	0.00011188
691	0.96923	0.005428	0.025198	0.00014113
692	0.96968	0.0049994	0.025187	0.00012987
693	0.97143	0.0032735	0.02521	8.4945e-05
694	0.97223	0.0024945	0.025208	6.4665e-05
695	0.97236	0.0023875	0.025189	6.184e-05
696	0.97195	0.0028184	0.025155	7.2952e-05
697	0.97039	0.0044087	0.025092	0.00011402
698	0.97035	0.0044642	0.025069	0.00011536
699	0.96926	0.0055757	0.025018	0.00014396
700	0.96944	0.0054248	0.025	0.00013992
701	0.97128	0.0036039	0.025025	9.288e-05
702	0.97203	0.0028731	0.025022	7.4e-05
703	0.97187	0.0030577	0.024996	7.869e-05
704	0.97275	0.0021963	0.024996	5.6476e-05
705	0.9748	0.00016504	0.025026	4.2425e-06
706	0.97387	0.0011211	0.02498	2.8775e-05
707	0.97378	0.0012326	0.024956	3.1607e-05
708	0.97452	0.00051558	0.024952	1.3207e-05
709	0.89033	0.084729	0.022776	0.002168
710	0.84107	0.13401	0.021496	0.0034262
711	0.80676	0.16834	0.0206	0.0043002
712	0.74024	0.23488	0.018884	0.0059949
713	0.69365	0.28149	0.017679	0.0071779
714	0.66726	0.30791	0.016991	0.0078446
715	0.61384	0.36135	0.015616	0.0091985
716	0.57794	0.39727	0.014689	0.010104
717	0.5535	0.42173	0.014055	0.010716
718	0.53826	0.43699	0.013656	0.011094
719	0.53242	0.44285	0.013495	0.011233
720	0.53421	0.44108	0.013529	0.011178
721	0.52578	0.44954	0.013303	0.011383
722	0.52271	0.45262	0.013213	0.011451
723	0.52465	0.4507	0.013251	0.011392
724	0.53475	0.44063	0.013493	0.011128
725	0.55236	0.42304	0.013926	0.010674
726	0.58002	0.3954	0.014611	0.0099682
727	0.62171	0.35373	0.015648	0.0089096
728	0.69365	0.28182	0.017444	0.0070924
729	0.79907	0.17641	0.02008	0.0044355
730	0.85412	0.12139	0.021444	0.0030495
731	0.86066	0.11487	0.02159	0.0028833
732	0.87193	0.10361	0.021853	0.0025985
733	0.8893	0.086266	0.022269	0.0021615
734	0.9199	0.055692	0.023015	0.0013943
735	0.96374	0.011869	0.024092	0.00029688
736	0.9647	0.010932	0.024094	0.00027316
737	0.96799	0.0076637	0.024155	0.0001913
738	0.97451	0.0011645	0.024296	2.9046e-05
739	0.97412	0.0015772	0.024265	3.9296e-05
740	0.97328	0.0024396	0.024223	6.073e-05
741	0.97363	0.002111	0.02421	5.2518e-05
742	0.97113	0.0046273	0.024127	0.00011505
743	0.96999	0.0057931	0.024077	0.00014393
744	0.97005	0.0057485	0.024057	0.0001427
745	0.96883	0.006989	0.024006	0.00017332
746	0.96568	0.010162	0.023907	0.00025178
747	0.96423	0.011633	0.02385	0.00028797
748	0.96014	0.015744	0.023728	0.00038934
749	0.9581	0.017806	0.023656	0.00043987
750	0.95853	0.017391	0.023646	0.00042925
751	0.96091	0.015032	0.023684	0.00037067
752	0.96648	0.0094822	0.023801	0.00023365
753	0.97535	0.0006331	0.023998	1.5593e-05
754	0.97562	0.00039019	0.023983	9.6013e-06
755	0.97581	0.00021475	0.023967	5.279e-06
756	0.97601	3.8803e-05	0.023951	9.5301e-07
757	0.97471	0.0013625	0.023898	3.3412e-05
758	0.97434	0.0017445	0.023869	4.2737e-05
759	0.97505	0.0010582	0.023865	2.5905e-05
760	0.97416	0.0019731	0.023822	4.8273e-05
761	0.9742	0.0019459	0.023803	4.7568e-05
762	0.97515	0.0010202	0.023805	2.4921e-05
763	0.97434	0.0018517	0.023765	4.5174e-05
764	0.97464	0.0015747	0.023751	3.8388e-05
765	0.97588	0.00035328	0.023761	8.6068e-06
766	0.97594	0.00030757	0.023742	7.4843e-06
767	0.97524	0.001029	0.023704	2.502e-05
768	0.97375	0.0025424	0.023647	6.1752e-05
769	0.97356	0.0027464	0.023622	6.6659e-05
770	0.97439	0.001937	0.023622	4.6975e-05
771	0.97471	0.0016385	0.023609	3.9714e-05
772	0.9745	0.0018738	0.023583	4.538e-05
773	0.97358	0.0028071	0.023541	6.7913e-05
774	0.97365	0.0027612	0.023522	6.6737e-05
775	0.97502	0.0014137	0.023535	3.4152e-05
776	0.97422	0.0022262	0.023495	5.3726e-05
777	0.97439	0.0020786	0.023479	5.0116e-05
778	0.97549	0.0010012	0.023485	2.4115e-05
779	0.97618	0.00032633	0.023482	7.8538e-06
780	0.97603	0.0005025	0.023458	1.2078e-05
781	0.97583	0.00072461	0.023433	1.7404e-05
782	0.97635	0.00021846	0.023425	5.2417e-06
783	0.97633	0.00025506	0.023405	6.1155e-06
784	0.97546	0.0011449	0.023364	2.742e-05
785	0.97558	0.0010532	0.023346	2.5207e-05
786	0.97648	0.00016838	0.023348	4.0255e-06
787	0.97665	1.496e-05	0.023332	3.5754e-07
788	0.97633	0.00035446	0.023304	8.4635e-06
789	0.97665	5.913e-05	0.023292	1.4108e-06
790	0.97641	0.00031208	0.023266	7.4434e-06
791	0.97614	0.00061012	0.023239	1.4541e-05
792	0.97563	0.0011391	0.023207	2.7125e-05
793	0.97453	0.0022524	0.023162	5.3582e-05
794	0.97444	0.0023692	0.023139	5.6311e-05
795	0.97527	0.0015562	0.023139	3.696e-05
796	0.97563	0.0012083	0.023128	2.8683e-05
797	0.97559	0.0012698	0.023108	3.0126e-05
798	0.97508	0.0018018	0.023076	4.2712e-05
799	0.96937	0.0075324	0.022921	0.00017832
800	0.95776	0.019159	0.022627	0.00045308
801	0.93368	0.043263	0.022039	0.001022
802	0.8788	0.098163	0.020726	0.0023162
803	0.84702	0.12996	0.019959	0.003064
804	0.82603	0.15096	0.019448	0.003556
805	0.81283	0.16419	0.019121	0.003864
806	0.8074	0.16964	0.018977	0.0039889
807	0.8081	0.16896	0.018977	0.0039696
808	0.81512	0.16195	0.019126	0.0038019
809	0.83041	0.14669	0.019468	0.0034412
810	0.85423	0.12288	0.020009	0.0028809
811	0.85233	0.1248	0.019948	0.0029236
812	0.85589	0.12125	0.020014	0.0028384
813	0.86359	0.11358	0.020176	0.0026569
814	0.8632	0.11398	0.02015	0.0026642
815	0.8667	0.1105	0.020215	0.0025809
816	0.87458	0.10264	0.020381	0.0023954
817	0.86179	0.11545	0.020066	0.0026919
818	0.85618	0.12108	0.019919	0.0028207
819	0.85442	0.12286	0.019861	0.0028598
820	0.84576	0.13154	0.019643	0.0030593
821	0.84181	0.1355	0.019535	0.0031487
822	0.8417	0.13564	0.019516	0.0031491
823	0.83263	0.14473	0.019289	0.003357
824	0.83009	0.14729	0.019214	0.0034135
825	0.83142	0.14597	0.019229	0.0033801
826	0.83899	0.13842	0.019388	0.0032027
827	0.85494	0.12249	0.01974	0.002832
828	0.87874	0.09871	0.020273	0.0022807
829	0.88812	0.089343	0.020472	0.0020626
830	0.90287	0.074618	0.020795	0.0017213
831	0.92474	0.052764	0.021282	0.0012162
832	0.93385	0.043672	0.021474	0.0010057
833	0.93755	0.039986	0.021541	0.00092007
834	0.9443	0.033253	0.021679	0.00076444
835	0.95722	0.020355	0.021957	0.00046756
836	0.96282	0.014776	0.022068	0.00033908
837	0.97338	0.0042317	0.022291	9.7035e-05
838	0.97244	0.0051905	0.022251	0.0001189
839	0.97303	0.0046219	0.022246	0.0001058
840	0.97244	0.005225	0.022214	0.0001195
841	0.97308	0.0046083	0.02221	0.00010531
842	0.97494	0.0027665	0.022234	6.317e-05
843	0.97555	0.0021694	0.02223	4.9487e-05
844	0.97329	0.0044502	0.02216	0.0001014
845	0.9727	0.0050536	0.022128	0.00011506
846	0.97333	0.00445	0.022124	0.00010125
847	0.97274	0.0050523	0.022092	0.00011485
848	0.97101	0.0068039	0.022034	0.00015454
849	0.9706	0.0072253	0.022007	0.00016398
850	0.97148	0.0063671	0.022008	0.00014438
851	0.97374	0.0041261	0.022041	9.3493e-05
852	0.97765	0.00023286	0.022112	5.2707e-06
853	0.97783	7.0263e-05	0.022098	1.5891e-06
854	0.97544	0.0024819	0.022025	5.6086e-05
855	0.95871	0.019222	0.02163	0.0004339
856	0.94738	0.030575	0.021356	0.00068952
857	0.94154	0.036433	0.021207	0.00082098
858	0.93852	0.039473	0.021121	0.00088874
859	0.93894	0.039066	0.021114	0.00087889
860	0.94179	0.036233	0.02116	0.0008145
861	0.94741	0.030634	0.021269	0.00068807
862	0.95838	0.01968	0.021498	0.00044174
863	0.97513	0.0029468	0.021856	6.6156e-05
864	0.97516	0.0029312	0.021838	6.5757e-05
865	0.9703	0.0078109	0.021712	0.00017499
866	0.96758	0.010552	0.021633	0.00023617
867	0.9666	0.011549	0.021593	0.00025824
868	0.96722	0.010944	0.02159	0.0002445
869	0.97011	0.0080726	0.021636	0.00018022
870	0.97126	0.0069415	0.021644	0.00015487
871	0.97115	0.0070658	0.021624	0.00015755
872	0.96928	0.0089544	0.021565	0.00019951
873	0.96886	0.0093928	0.021538	0.00020912
874	0.96984	0.0084335	0.021542	0.00018763
875	0.96947	0.0088212	0.021516	0.00019612
876	0.97056	0.007747	0.021523	0.00017214
877	0.97327	0.0050564	0.021565	0.00011234
878	0.97417	0.0041697	0.021568	9.2611e-05
879	0.96243	0.015925	0.02129	0.0003531
880	0.95614	0.022232	0.021134	0.00049257
881	0.9527	0.025692	0.02104	0.00056879
882	0.95161	0.026802	0.020999	0.00059293
883	0.95255	0.025876	0.021003	0.00057207
884	0.94991	0.02853	0.020928	0.00063021
885	0.94944	0.029018	0.0209	0.00064046
886	0.93108	0.047398	0.020479	0.0010447
887	0.88916	0.089336	0.019541	0.0019665
888	0.79715	0.18136	0.017503	0.003987
889	0.58814	0.39039	0.012901	0.0085723
890	0.44486	0.53368	0.0097493	0.011707
891	0.34673	0.63183	0.0075921	0.013848
892	0.28916	0.68941	0.0063259	0.015097
893	0.25006	0.72853	0.0054658	0.01594
894	0.22285	0.75576	0.0048671	0.016523
895	0.16776	0.81087	0.0036604	0.017713
896	0.12882	0.84983	0.0028083	0.018548
897	0.10622	0.87244	0.0023135	0.019026
898	0.093538	0.88514	0.0020354	0.019288
899	0.085526	0.89317	0.0018594	0.019447
900	0.080727	0.89798	0.0017536	0.019536
901	0.078565	0.90016	0.0017053	0.019568
902	0.08023	0.89851	0.0017401	0.019517
903	0.086113	0.89265	0.0018662	0.019374
904	0.070967	0.90781	0.0015365	0.019687
905	0.060927	0.91787	0.0013179	0.019889
906	0.055886	0.92292	0.0012078	0.019983
907	0.053137	0.92569	0.0011474	0.020027
908	0.053548	0.92529	0.0011553	0.020002
909	0.056128	0.92273	0.0012101	0.019931
910	0.060974	0.9179	0.0013136	0.019811
911	0.069013	0.90988	0.0014859	0.019623
912	0.081402	0.89751	0.0017516	0.019341
913	0.074407	0.90452	0.0015999	0.019476
914	0.070303	0.90864	0.0015106	0.019549
915	0.06997	0.90899	0.0015023	0.019541
916	0.073312	0.90566	0.001573	0.019454
917	0.079369	0.89962	0.0017018	0.019309
918	0.091205	0.8878	0.0019543	0.01904
919	0.093658	0.88536	0.0020054	0.018973
920	0.099319	0.87972	0.0021252	0.018837
921	0.11098	0.86807	0.0023731	0.018573
922	0.12815	0.85092	0.0027385	0.018191
923	0.15821	0.82087	0.0033787	0.017535
924	0.20928	0.76983	0.0044659	0.016432
925	0.23432	0.7448	0.0049963	0.015885
926	0.27162	0.70751	0.0057874	0.015078
927	0.33517	0.64399	0.0071356	0.013714
928	0.44244	0.53673	0.0094113	0.011422
929	0.59898	0.38021	0.012731	0.0080857
930	0.66407	0.31513	0.014104	0.0066966
931	0.77518	0.20403	0.016452	0.0043335
932	0.82556	0.15367	0.017507	0.0032617
933	0.89733	0.081918	0.019015	0.0017378
934	0.90581	0.073453	0.01918	0.001557
935	0.91971	0.059568	0.01946	0.0012617
936	0.94441	0.034887	0.019967	0.00073847
937	0.94686	0.032454	0.020003	0.00068647
938	0.94552	0.033811	0.019959	0.00071456
939	0.94735	0.031997	0.019982	0.00067574
940	0.94607	0.033287	0.019939	0.00070246
941	0.94718	0.032193	0.019947	0.00067888
942	0.95063	0.028756	0.020004	0.00060598
943	0.9502	0.029205	0.01998	0.00061494
944	0.9465	0.032916	0.019886	0.0006925
945	0.94613	0.033304	0.019863	0.00070015
946	0.94799	0.031463	0.019886	0.00066098
947	0.94607	0.033399	0.019831	0.00070106
948	0.94655	0.032929	0.019825	0.00069065
949	0.94932	0.030175	0.019868	0.00063238
950	0.95611	0.023402	0.019995	0.0004901
951	0.96662	0.012908	0.020199	0.00027019
952	0.97111	0.00844	0.020277	0.00017655
953	0.97842	0.0011418	0.020414	2.3892e-05
954	0.97818	0.0013975	0.020394	2.9208e-05
955	0.9742	0.005394	0.020295	0.00011253
956	0.97204	0.0075637	0.020234	0.00015765
957	0.9714	0.008219	0.020206	0.00017116
958	0.94039	0.039249	0.019545	0.00081653
959	0.87043	0.10923	0.018076	0.0022701
960	0.8213	0.15837	0.017042	0.0032884
961	0.78712	0.19257	0.01632	0.0039951
962	0.76817	0.21153	0.015915	0.0043851
963	0.75907	0.22065	0.015714	0.0045706
964	0.75713	0.2226	0.015662	0.0046076
965	0.76002	0.21972	0.01571	0.0045447
966	0.76816	0.2116	0.015866	0.0043735
967	0.7827	0.19707	0.016154	0.0040701
968	0.80988	0.16992	0.016702	0.0035068
969	0.84927	0.13054	0.017502	0.0026922
970	0.90561	0.074208	0.01865	0.0015292
971	0.93463	0.045205	0.019233	0.0009309
972	0.97623	0.0036194	0.020074	7.4436e-05
973	0.97589	0.0039787	0.020052	8.1746e-05
974	0.97697	0.0029162	0.020059	5.9864e-05
975	0.97977	0.0001301	0.020101	2.6704e-06
976	0.97801	0.0018974	0.02005	3.8937e-05
977	0.9773	0.0026265	0.02002	5.3861e-05
978	0.97754	0.002405	0.020009	4.9289e-05
979	0.97875	0.0012061	0.020019	2.4718e-05
980	0.96777	0.012205	0.019779	0.00024974
981	0.96182	0.018171	0.019642	0.00037159
982	0.95009	0.029911	0.019387	0.00061131
983	0.94248	0.037532	0.019217	0.00076651
984	0.93808	0.041949	0.019113	0.00085608
985	0.92587	0.054179	0.018849	0.0011047
986	0.91846	0.061602	0.018684	0.001255
987	0.90238	0.07769	0.018343	0.0015815
988	0.89236	0.087733	0.018125	0.0017844
989	0.88693	0.093175	0.018002	0.0018936
990	0.87376	0.10636	0.017721	0.0021598
991	0.86608	0.11405	0.017552	0.0023141
992	0.86425	0.11589	0.017501	0.0023498
993	0.86775	0.11241	0.017559	0.0022776
994	0.87756	0.10262	0.017744	0.0020779
995	0.89356	0.086635	0.018054	0.0017534
996	0.89935	0.080858	0.018157	0.0016354
997	0.89855	0.08167	0.018127	0.0016506
998	0.90116	0.079078	0.018166	0.0015971
999	0.90722	0.073028	0.018275	0.0014739
1000	0.90526	0.07501	0.018222	0.0015126
1001	0.90632	0.073963	0.018229	0.0014903
1002	0.91211	0.068186	0.018332	0.0013729
1003	0.90256	0.077747	0.018127	0.001564
1004	0.82334	0.15699	0.016522	0.0031547
1005	0.77675	0.20358	0.015574	0.004088
1006	0.74445	0.2359	0.014914	0.0047333
1007	0.72254	0.25783	0.014464	0.0051691
1008	0.70839	0.27199	0.01417	0.0054488
1009	0.70286	0.27753	0.014049	0.0055556
