#coord	neutral	conserved	gBGC.neutral	gBGC.conserved
1	0.7758	0.21631	0.0061646	0.00172
2	0.7836	0.20852	0.0062273	0.0016581
3	0.79714	0.19497	0.0063359	0.0015502
4	0.82278	0.16933	0.0065406	0.0013462
5	0.86779	0.12432	0.0068991	0.00098845
6	0.94433	0.047782	0.0075075	0.0003807
7	0.95432	0.037793	0.0075877	0.00030129
8	0.96939	0.022718	0.0077085	0.00018124
9	0.99136	0.00074727	0.0078846	5.983e-06
10	0.99133	0.00078009	0.0078852	6.2431e-06
11	0.99102	0.0010868	0.0078837	8.6894e-06
12	0.99148	0.0006246	0.0078884	5.0007e-06
13	0.99073	0.0013706	0.0078835	1.0953e-05
14	0.99085	0.0012558	0.0078855	1.0034e-05
15	0.9918	0.00030497	0.0078943	2.4411e-06
16	0.99179	0.000317	0.0078954	2.5359e-06
17	0.99177	0.00033153	0.0078965	2.6523e-06
18	0.99173	0.00036902	0.0078975	2.9538e-06
19	0.99048	0.0016209	0.0078889	1.2953e-05
20	0.99037	0.0017307	0.0078893	1.3858e-05
21	0.98959	0.0025084	0.0078845	2.0099e-05
22	0.98786	0.0042346	0.0078721	3.3918e-05
23	0.98739	0.0047008	0.0078699	3.7654e-05
24	0.98523	0.0068597	0.0078542	5.4897e-05
25	0.98447	0.0076157	0.0078498	6.0919e-05
26	0.98511	0.0069763	0.0078566	5.5771e-05
27	0.9877	0.0043872	0.007879	3.5072e-05
28	0.98891	0.0031709	0.0078903	2.5369e-05
29	0.99141	0.00067118	0.0079119	5.3803e-06
30	0.99065	0.0014287	0.0079075	1.146e-05
31	0.98928	0.0028006	0.007898	2.2501e-05
32	0.98895	0.0031307	0.007897	2.5185e-05
33	0.98962	0.0024585	0.0079041	1.9831e-05
34	0.98939	0.0026888	0.0079039	2.1715e-05
35	0.98486	0.0072121	0.0078693	5.8139e-05
36	0.98225	0.0098204	0.0078502	7.915e-05
37	0.96243	0.029635	0.0076923	0.00023884
38	0.94941	0.042657	0.0075893	0.00034373
39	0.94097	0.051092	0.0075234	0.00041166
40	0.93611	0.055955	0.0074862	0.00045083
41	0.93446	0.057603	0.0074749	0.00046414
42	0.93556	0.056496	0.0074859	0.00045527
43	0.9311	0.060952	0.0074523	0.00049098
44	0.92013	0.071925	0.0073664	0.00057909
45	0.91351	0.078544	0.0073154	0.00063221
46	0.91044	0.081605	0.0072931	0.00065672
47	0.87526	0.11678	0.0070132	0.00093884
48	0.85525	0.1368	0.0068544	0.0010998
49	0.80749	0.18455	0.0064735	0.001483
50	0.70148	0.29056	0.0056263	0.0023324
51	0.63891	0.35313	0.005126	0.002835
52	0.59519	0.39684	0.0047772	0.0031861
53	0.56507	0.42696	0.0045376	0.003428
54	0.54897	0.44306	0.0044099	0.003558
55	0.51172	0.48031	0.0041131	0.0038572
56	0.49105	0.50098	0.0039486	0.004024
57	0.47865	0.51338	0.0038507	0.0041243
58	0.44993	0.5421	0.0036215	0.0043559
59	0.39155	0.60047	0.0031535	0.0048262
60	0.35764	0.63438	0.0028815	0.0051006
61	0.33447	0.65755	0.0026962	0.0052883
62	0.31926	0.67276	0.0025749	0.005412
63	0.31303	0.67898	0.0025258	0.0054635
64	0.31391	0.6781	0.0025336	0.005458
65	0.32214	0.66987	0.0026006	0.0053934
66	0.33694	0.65506	0.002721	0.0052755
67	0.36484	0.62716	0.0029467	0.0050521
68	0.40664	0.58536	0.0032853	0.004716
69	0.40597	0.58602	0.0032809	0.0047228
70	0.39492	0.59707	0.0031925	0.0048136
71	0.39208	0.59991	0.0031702	0.0048383
72	0.39668	0.59531	0.0032078	0.0048031
73	0.40674	0.58525	0.0032897	0.0047236
74	0.42781	0.56417	0.0034602	0.0045554
75	0.46017	0.53181	0.0037223	0.0042958
76	0.47084	0.52114	0.0038096	0.004211
77	0.49297	0.49901	0.0039894	0.0040337
78	0.52689	0.46508	0.004265	0.0037606
79	0.52283	0.46914	0.0042333	0.0037948
80	0.52388	0.46809	0.0042431	0.0037875
81	0.53015	0.46181	0.0042954	0.0037377
82	0.54242	0.44954	0.0043966	0.0036391
83	0.56697	0.42499	0.0045973	0.003441
84	0.60306	0.3889	0.0048922	0.0031488
85	0.62011	0.37185	0.0050324	0.0030113
86	0.65193	0.34002	0.0052922	0.0027541
87	0.7071	0.28485	0.0057409	0.0023079
88	0.78566	0.20629	0.0063806	0.0016708
89	0.82635	0.16559	0.0067127	0.0013413
90	0.89582	0.096119	0.0072778	0.00077882
91	0.90496	0.086982	0.0073539	0.00070518
92	0.90644	0.085503	0.0073682	0.00069348
93	0.90257	0.089367	0.007339	0.00072527
94	0.90205	0.089881	0.0073372	0.00072975
95	0.90482	0.087107	0.0073622	0.0007074
96	0.91313	0.078801	0.0074321	0.00064015
97	0.92637	0.065552	0.0075424	0.00053251
98	0.95011	0.04181	0.007738	0.00033961
99	0.99088	0.0010428	0.0080717	8.5058e-06
100	0.97722	0.014695	0.0079625	0.00012035
101	0.96974	0.022176	0.0079036	0.00018182
102	0.9663	0.02561	0.0078778	0.00021021
103	0.96523	0.026684	0.0078714	0.00021922
104	0.96705	0.024856	0.0078886	0.00020455
105	0.97136	0.02054	0.0079264	0.00016948
106	0.96631	0.025587	0.0078873	0.00021121
107	0.95429	0.03761	0.0077909	0.00031034
108	0.94654	0.045353	0.0077299	0.00037421
109	0.94342	0.048474	0.0077067	0.00040021
110	0.93357	0.058325	0.0076281	0.00048155
111	0.9096	0.082288	0.0074336	0.00067898
112	0.73561	0.25627	0.0060059	0.0021096
113	0.6165	0.37538	0.00503	0.0030885
114	0.53242	0.45946	0.004342	0.0037795
115	0.47326	0.51862	0.0038588	0.0042658
116	0.43926	0.55261	0.0035811	0.0045466
117	0.42077	0.5711	0.0034303	0.0047005
118	0.40995	0.58192	0.0033425	0.0047913
119	0.40746	0.58441	0.0033229	0.004814
120	0.4126	0.57926	0.0033656	0.0047744
121	0.42334	0.56852	0.0034543	0.0046887
122	0.42141	0.57045	0.0034394	0.0047068
123	0.42442	0.56743	0.0034653	0.0046841
124	0.41771	0.57414	0.0034111	0.0047415
125	0.41612	0.57572	0.0033992	0.0047566
126	0.41948	0.57236	0.003428	0.004731
127	0.41025	0.58159	0.0033535	0.0048088
128	0.3868	0.60503	0.0031618	0.0050038
129	0.37493	0.6169	0.003065	0.0051038
130	0.34477	0.64706	0.0028175	0.0053545
131	0.32512	0.6667	0.0026569	0.0055185
132	0.27602	0.7158	0.0022542	0.0059246
133	0.24165	0.75017	0.0019727	0.0062095
134	0.22219	0.76962	0.0018133	0.0063723
135	0.20998	0.78183	0.0017137	0.0064753
136	0.17718	0.81463	0.0014449	0.0067476
137	0.1586	0.83321	0.0012925	0.0069034
138	0.14669	0.84511	0.0011952	0.0070043
139	0.13975	0.85205	0.0011387	0.0070643
140	0.13677	0.85502	0.0011148	0.0070917
141	0.13733	0.85446	0.0011202	0.00709
142	0.1415	0.85028	0.0011554	0.0070585
143	0.14989	0.84189	0.0012256	0.006992
144	0.16292	0.82886	0.0013344	0.0068869
145	0.18622	0.80555	0.0015282	0.0066968
146	0.19363	0.79814	0.0015907	0.0066381
147	0.20602	0.78575	0.0016947	0.0065379
148	0.2293	0.76246	0.0018889	0.0063474
149	0.26293	0.72883	0.0021698	0.0060703
150	0.27808	0.71367	0.002297	0.0059469
151	0.28219	0.70956	0.0023323	0.0059154
152	0.2912	0.70055	0.0024085	0.0058431
153	0.30994	0.6818	0.0025655	0.0056898
154	0.31439	0.67735	0.002604	0.0056552
155	0.32719	0.66454	0.0027118	0.0055512
156	0.34798	0.64376	0.0028866	0.0053804
157	0.37973	0.61199	0.0031535	0.0051174
158	0.43502	0.55671	0.0036167	0.0046581
159	0.51618	0.47554	0.0042976	0.0039812
160	0.55709	0.43462	0.0046417	0.003641
161	0.57297	0.41874	0.0047771	0.0035096
162	0.55535	0.43636	0.0046327	0.003658
163	0.54473	0.44698	0.0045469	0.0037479
164	0.54246	0.44924	0.0045306	0.0037683
165	0.54793	0.44377	0.0045788	0.0037241
166	0.56262	0.42907	0.0047043	0.0036026
167	0.58639	0.4053	0.0049063	0.0034047
168	0.59609	0.3956	0.0049902	0.0033249
169	0.56772	0.42396	0.0047551	0.003564
170	0.50985	0.48182	0.004272	0.0040512
171	0.39816	0.59352	0.0033353	0.004992
172	0.32174	0.66993	0.0026953	0.0056361
173	0.27675	0.71491	0.0023182	0.0060173
174	0.25081	0.74085	0.0021006	0.0062389
175	0.23396	0.7577	0.0019597	0.006384
176	0.19805	0.7936	0.0016577	0.00669
177	0.17389	0.81776	0.0014549	0.006897
178	0.15799	0.83365	0.0013219	0.0070342
179	0.14809	0.84355	0.0012392	0.0071211
180	0.14236	0.84928	0.0011918	0.0071728
181	0.14193	0.8497	0.0011887	0.0071801
182	0.14668	0.84495	0.0012291	0.007144
183	0.15583	0.83579	0.0013067	0.0070707
184	0.17364	0.81798	0.001457	0.0069246
185	0.16456	0.82705	0.0013811	0.0070048
186	0.16004	0.83157	0.0013436	0.0070466
187	0.16102	0.83058	0.0013525	0.0070421
188	0.16557	0.82603	0.0013916	0.0070073
189	0.17694	0.81465	0.0014882	0.0069151
190	0.17748	0.81411	0.0014935	0.0069142
191	0.16991	0.82167	0.0014301	0.0069821
192	0.16632	0.82526	0.0014004	0.0070162
193	0.16628	0.8253	0.0014008	0.0070202
194	0.17195	0.81962	0.0014494	0.006976
195	0.18495	0.80662	0.00156	0.0068699
196	0.18828	0.80329	0.0015886	0.0068457
197	0.19571	0.79585	0.0016521	0.0067867
198	0.20813	0.78342	0.0017582	0.006685
199	0.22705	0.7645	0.0019198	0.006528
200	0.26077	0.73078	0.0022068	0.0062455
201	0.31054	0.681	0.0026311	0.0058258
202	0.33121	0.66032	0.0028086	0.0056529
203	0.36276	0.62877	0.0030794	0.0053867
204	0.40817	0.58336	0.0034695	0.0050014
205	0.47505	0.51647	0.0040447	0.004431
206	0.56991	0.42161	0.0048614	0.003619
207	0.72979	0.26172	0.0062359	0.0022493
208	0.96308	0.028425	0.0082452	0.00024483
209	0.96495	0.026557	0.0082659	0.00022893
210	0.95401	0.037488	0.0081767	0.00032296
211	0.71509	0.2764	0.0061251	0.0023794
212	0.54595	0.44554	0.004674	0.0038353
213	0.42626	0.56523	0.0036482	0.004866
214	0.34163	0.64985	0.0029237	0.0055955
215	0.29171	0.69976	0.0024961	0.0060281
216	0.25678	0.73469	0.0021972	0.006332
217	0.23262	0.75884	0.0019911	0.0065431
218	0.21967	0.77179	0.0018807	0.0066585
219	0.21242	0.77904	0.0018195	0.0067248
220	0.19013	0.80132	0.0016292	0.0069202
221	0.13815	0.8533	0.001184	0.0073705
222	0.10746	0.88398	0.00092078	0.0076389
223	0.085863	0.90557	0.00073579	0.007829
224	0.073529	0.9179	0.00063003	0.00794
225	0.065226	0.9262	0.000559	0.0080162
226	0.059958	0.93146	0.0005141	0.0080663
227	0.058419	0.933	0.00050117	0.0080845
228	0.060112	0.9313	0.00051601	0.0080749
229	0.056599	0.9348	0.00048581	0.0081103
230	0.055418	0.93598	0.0004758	0.0081255
231	0.056179	0.93521	0.00048263	0.008124
232	0.060381	0.93101	0.00051908	0.0080928
233	0.067598	0.92378	0.00058172	0.0080355
234	0.078434	0.91294	0.00067587	0.0079466
235	0.094774	0.8966	0.00081804	0.0078099
236	0.1229	0.86847	0.0010623	0.007571
237	0.16407	0.82729	0.0014206	0.0072181
238	0.23357	0.75779	0.0020247	0.0066194
239	0.33492	0.65643	0.0029076	0.0057419
240	0.34719	0.64416	0.0030159	0.005639
241	0.37104	0.62029	0.0032249	0.0054355
242	0.40716	0.58417	0.0035412	0.0051246
243	0.45896	0.53236	0.0039953	0.0046761
244	0.47992	0.51141	0.0041809	0.004496
245	0.51789	0.47343	0.0045152	0.0041673
246	0.57426	0.41705	0.0050115	0.0036766
247	0.60253	0.38878	0.0052618	0.0034318
248	0.64511	0.34619	0.0056385	0.0030608
249	0.64284	0.34845	0.005622	0.0030829
250	0.62912	0.36217	0.0055043	0.0032062
251	0.6221	0.36918	0.0054459	0.0032704
252	0.62031	0.37097	0.0054336	0.0032884
253	0.62612	0.36515	0.0054882	0.0032395
254	0.63836	0.3529	0.0055998	0.0031337
255	0.65879	0.33247	0.0057841	0.0029553
256	0.66458	0.32667	0.005839	0.0029062
257	0.6767	0.31455	0.0059502	0.0028009
258	0.69689	0.29435	0.0061334	0.0026236
259	0.70213	0.28911	0.0061843	0.0025787
260	0.71289	0.27834	0.0062846	0.0024844
261	0.73458	0.25665	0.0064819	0.0022931
262	0.76776	0.22346	0.0067824	0.0019987
263	0.81722	0.17399	0.0072291	0.0015582
264	0.90128	0.089924	0.0079847	0.00080867
265	0.91183	0.079373	0.0080847	0.0007148
266	0.91561	0.075588	0.0081241	0.00068149
267	0.92305	0.06814	0.0081966	0.00061524
268	0.91366	0.077525	0.0081185	0.00069962
269	0.90833	0.08285	0.0080767	0.00074766
270	0.90641	0.084754	0.0080657	0.00076505
271	0.90796	0.0832	0.0080859	0.00075136
272	0.88449	0.10667	0.0078823	0.00096141
273	0.87169	0.11946	0.0077737	0.0010765
274	0.86402	0.12712	0.007711	0.0011457
275	0.8624	0.12873	0.0077024	0.0011608
276	0.86639	0.12474	0.0077438	0.0011258
277	0.87506	0.11607	0.0078277	0.0010485
278	0.864	0.12712	0.0077339	0.0011488
279	0.85774	0.13337	0.0076835	0.0012058
280	0.85731	0.13379	0.0076853	0.0012106
281	0.86103	0.13007	0.0077246	0.0011778
282	0.86944	0.12165	0.0078065	0.0011026
283	0.86954	0.12154	0.0078136	0.0011022
284	0.86292	0.12816	0.00776	0.0011626
285	0.86036	0.13071	0.007743	0.0011863
286	0.8634	0.12767	0.0077765	0.0011595
287	0.8729	0.11816	0.0078683	0.0010744
288	0.89155	0.099499	0.0080429	0.00090647
289	0.87078	0.12027	0.0078597	0.0010963
290	0.85706	0.13397	0.0077407	0.001222
291	0.84918	0.14185	0.0076749	0.0012946
292	0.84565	0.14537	0.0076486	0.0013277
293	0.84795	0.14306	0.0076752	0.0013079
294	0.85481	0.1362	0.0077435	0.0012464
295	0.86722	0.12378	0.0078627	0.0011342
296	0.8701	0.1209	0.0078953	0.0011085
297	0.87701	0.11397	0.007965	0.0010459
298	0.89159	0.099394	0.0081047	0.00091322
299	0.91341	0.077568	0.0083113	0.00071375
300	0.94616	0.044808	0.0086189	0.00041321
301	0.94012	0.050841	0.0085708	0.00046855
302	0.93844	0.052515	0.0085624	0.00048417
303	0.93963	0.051318	0.0085804	0.00047338
304	0.93675	0.054194	0.0085609	0.00050009
305	0.93682	0.054112	0.0085687	0.00049959
306	0.94092	0.05	0.0086134	0.0004621
307	0.93982	0.051095	0.0086104	0.00047244
308	0.94135	0.049563	0.0086317	0.00045853
309	0.94715	0.043754	0.0086923	0.00040524
310	0.94758	0.043312	0.0087036	0.00040136
311	0.94335	0.047539	0.0086719	0.00044046
312	0.94298	0.047896	0.0086758	0.00044401
313	0.93727	0.053601	0.0086305	0.00049685
314	0.93591	0.054954	0.0086251	0.00050969
315	0.93747	0.053385	0.008647	0.00049543
316	0.94218	0.04867	0.0086981	0.00045188
317	0.95238	0.038458	0.0088002	0.00035734
318	0.96776	0.023072	0.0089509	0.00021437
319	0.96242	0.028408	0.008909	0.00026385
320	0.95985	0.030974	0.0088928	0.00028768
321	0.9604	0.030416	0.0089055	0.00028263
322	0.94517	0.045636	0.0087722	0.0004237
323	0.93714	0.053654	0.0087052	0.00049838
324	0.91719	0.073598	0.0085277	0.00068364
325	0.90648	0.084297	0.0084355	0.00078358
326	0.90198	0.088792	0.0084007	0.00082608
327	0.90234	0.088425	0.008411	0.00082346
328	0.87261	0.11815	0.008141	0.0011012
329	0.85305	0.1377	0.0079657	0.0012843
330	0.84031	0.15043	0.007854	0.0014038
331	0.83512	0.15562	0.0078124	0.0014533
332	0.836	0.15472	0.0078274	0.0014461
333	0.84311	0.14761	0.0079005	0.0013808
334	0.85594	0.13477	0.0080275	0.0012616
335	0.87996	0.11074	0.0082595	0.0010375
336	0.92165	0.069047	0.008657	0.00064767
337	0.94042	0.05027	0.0088401	0.00047241
338	0.93996	0.050716	0.0088432	0.00047713
339	0.94336	0.04731	0.0088824	0.00044569
340	0.94187	0.048795	0.0088758	0.00046019
341	0.94409	0.046565	0.008904	0.00043975
342	0.94918	0.041464	0.0089596	0.0003921
343	0.9503	0.040342	0.0089775	0.00038203
344	0.95419	0.036443	0.0090219	0.00034558
345	0.96285	0.027779	0.0091112	0.00026413
346	0.96065	0.029969	0.0090978	0.00028545
347	0.95309	0.037514	0.0090333	0.00035782
348	0.94874	0.041862	0.0089994	0.00039972
349	0.94706	0.043535	0.0089911	0.00041612
350	0.94892	0.041668	0.0090164	0.00039888
351	0.95348	0.037097	0.0090676	0.00035577
352	0.95338	0.037186	0.0090745	0.00035702
353	0.95564	0.034917	0.0091041	0.00033564
354	0.96186	0.02869	0.0091715	0.00027648
355	0.95689	0.033657	0.0091317	0.00032449
356	0.95472	0.035817	0.009119	0.00034555
357	0.95505	0.035479	0.0091303	0.00034259
358	0.95095	0.039571	0.0090993	0.00038215
359	0.93849	0.052018	0.008988	0.00050192
360	0.93056	0.059941	0.0089202	0.00057832
361	0.92759	0.062903	0.0088998	0.00060728
362	0.92775	0.062737	0.0089097	0.00060607
363	0.93106	0.059418	0.0089501	0.00057435
364	0.93945	0.051021	0.0090395	0.00049361
365	0.95251	0.037953	0.0091745	0.00036736
366	0.97577	0.014674	0.0094084	0.00014217
367	0.97429	0.016149	0.0094028	0.00015653
368	0.97453	0.015907	0.0094138	0.00015426
369	0.97725	0.013175	0.0094489	0.00012792
370	0.9779	0.012515	0.0094638	0.00012168
371	0.98034	0.010068	0.0094962	9.8026e-05
372	0.98099	0.0094061	0.0095114	9.1656e-05
373	0.98327	0.0071138	0.0095426	6.9363e-05
374	0.98828	0.0021021	0.0096003	2.0588e-05
375	0.98672	0.003648	0.0095941	3.5699e-05
376	0.98636	0.0040059	0.0095996	3.9221e-05
377	0.98713	0.003227	0.0096163	3.1628e-05
378	0.98684	0.003505	0.0096226	3.4392e-05
379	0.98537	0.0049669	0.0096174	4.8743e-05
380	0.97412	0.016205	0.0095161	0.00015911
381	0.96671	0.023603	0.0094525	0.00023188
382	0.95228	0.038028	0.0093195	0.00037401
383	0.94465	0.045645	0.0092531	0.00044954
384	0.9406	0.049693	0.0092219	0.00048994
385	0.94049	0.049787	0.0092294	0.00049158
386	0.94303	0.047242	0.009263	0.00046717
387	0.94851	0.041754	0.0093259	0.00041361
388	0.94895	0.041305	0.0093392	0.00040961
389	0.94499	0.045253	0.0093093	0.00044901
390	0.93349	0.05674	0.0092049	0.0005629
391	0.85771	0.13251	0.0084636	0.0013137
392	0.80447	0.18574	0.007945	0.0018418
393	0.77389	0.21632	0.0076493	0.002147
394	0.75322	0.23698	0.0074519	0.002354
395	0.7431	0.24708	0.0073586	0.0024568
396	0.7387	0.25147	0.0073221	0.0025029
397	0.74121	0.24896	0.007354	0.0024806
398	0.74863	0.24153	0.0074352	0.0024091
399	0.74576	0.24439	0.0074141	0.0024398
400	0.74747	0.24266	0.007439	0.0024248
401	0.75398	0.23615	0.007512	0.0023616
402	0.76926	0.22085	0.0076727	0.0022107
403	0.77427	0.21584	0.0077306	0.0021626
404	0.78494	0.20516	0.0078457	0.0020574
405	0.80623	0.18386	0.0080672	0.0018457
406	0.84386	0.14622	0.0084527	0.00147
407	0.89779	0.092278	0.0090035	0.00092909
408	0.97702	0.013041	0.0098112	0.00013129
409	0.98954	0.00050656	0.0099473	5.1119e-06
410	0.98771	0.0023301	0.009939	2.3463e-05
411	0.98696	0.0030672	0.0099416	3.0884e-05
412	0.98528	0.004739	0.0099348	4.7763e-05
413	0.98517	0.0048333	0.0099438	4.8785e-05
414	0.98662	0.0033761	0.0099683	3.4167e-05
415	0.98453	0.0054535	0.0099573	5.5269e-05
416	0.98384	0.0061362	0.0099604	6.2243e-05
417	0.9848	0.0051669	0.0099803	5.2509e-05
418	0.98392	0.0060347	0.0099815	6.1386e-05
419	0.98169	0.0082609	0.0099689	8.4149e-05
420	0.98093	0.0090116	0.0099714	9.1894e-05
421	0.98155	0.0083771	0.009988	8.5504e-05
422	0.98374	0.0061744	0.010021	6.3055e-05
423	0.98419	0.0057152	0.010036	5.8353e-05
424	0.98357	0.0063252	0.01004	6.4593e-05
425	0.98462	0.0052616	0.010061	5.3773e-05
426	0.98762	0.0022509	0.010102	2.3052e-05
427	0.98896	0.00090717	0.010127	9.3046e-06
428	0.9887	0.0011569	0.010134	1.1892e-05
429	0.98922	0.00062629	0.01015	6.4589e-06
430	0.98594	0.0038882	0.010127	4.0172e-05
431	0.97888	0.010941	0.010065	0.00011306
432	0.97446	0.015352	0.010029	0.00015874
433	0.97229	0.017511	0.010018	0.00018118
434	0.97264	0.017148	0.010032	0.00017767
435	0.97562	0.01416	0.010073	0.00014708
436	0.97567	0.014099	0.010084	0.00014668
437	0.96511	0.024648	0.0099849	0.00025646
438	0.95966	0.030084	0.0099386	0.00031342
439	0.95685	0.032884	0.0099198	0.00034296
440	0.9573	0.032424	0.0099348	0.00033872
441	0.96114	0.028576	0.0099849	0.00029929
442	0.93726	0.052445	0.0097443	0.00055058
443	0.92097	0.068729	0.0095832	0.00072239
444	0.91072	0.078966	0.0094856	0.00083083
445	0.88924	0.10043	0.0092701	0.0010573
446	0.87492	0.11474	0.0091296	0.0012087
447	0.86818	0.12147	0.0090682	0.0012811
448	0.84883	0.14081	0.0088742	0.001486
449	0.83905	0.15058	0.0087803	0.0015909
450	0.83436	0.15526	0.0087402	0.0016421
451	0.8341	0.15551	0.0087468	0.0016466
452	0.83822	0.15137	0.0087999	0.0016047
453	0.84689	0.1427	0.0089013	0.0015145
454	0.86171	0.12787	0.0090684	0.0013588
455	0.88481	0.10475	0.0093243	0.0011144
456	0.92497	0.064584	0.0097614	0.00068864
457	0.81086	0.17867	0.0085649	0.0018967
458	0.73296	0.25657	0.0077504	0.0027227
459	0.67826	0.31126	0.0071807	0.003304
460	0.57192	0.41758	0.0060616	0.0044348
461	0.50966	0.47983	0.0054068	0.0051011
462	0.4735	0.51598	0.0050275	0.0054919
463	0.38651	0.60296	0.0041068	0.0064243
464	0.33566	0.65379	0.0035685	0.0069742
465	0.30013	0.68931	0.0031933	0.0073611
466	0.28016	0.70928	0.002983	0.007583
467	0.26721	0.72221	0.0028479	0.0077299
468	0.26224	0.72717	0.0027975	0.0077919
469	0.26389	0.72551	0.0028176	0.0077835
470	0.25435	0.73504	0.0027181	0.0078947
471	0.25205	0.73732	0.0026959	0.0079286
472	0.23894	0.75043	0.002557	0.0080792
473	0.23166	0.75769	0.002481	0.008167
474	0.22877	0.76057	0.0024522	0.0082076
475	0.18038	0.80895	0.0019316	0.0087401
476	0.14629	0.84303	0.001565	0.0091185
477	0.12239	0.86692	0.0013083	0.0093871
478	0.10902	0.88027	0.0011648	0.0095425
479	0.10065	0.88864	0.0010751	0.0096442
480	0.078194	0.91107	0.00083312	0.0098982
481	0.062431	0.92683	0.00066328	0.01008
482	0.051459	0.93779	0.00054512	0.01021
483	0.043961	0.94527	0.0004644	0.010303
484	0.039281	0.94994	0.00041402	0.010366
485	0.0376	0.95161	0.00039573	0.010396
486	0.037656	0.95154	0.00039609	0.010408
487	0.033339	0.95584	0.00034912	0.010467
488	0.031761	0.95741	0.00033148	0.010497
489	0.031583	0.95758	0.00032884	0.010512
490	0.027184	0.96196	0.00028043	0.010573
491	0.024601	0.96453	0.00025162	0.010614
492	0.023312	0.96581	0.00023661	0.010642
493	0.017936	0.97117	0.00017718	0.010713
494	0.015065	0.97403	0.00014462	0.010758
495	0.01391	0.97517	0.00013006	0.010785
496	0.013663	0.97541	0.00012465	0.010803
497	0.014797	0.97426	0.00013249	0.010808
498	0.01699	0.97206	0.00014992	0.010803
499	0.021406	0.96763	0.00018708	0.010778
500	0.0293	0.95972	0.0002545	0.010723
501	0.040452	0.94856	0.00035002	0.01064
502	0.059579	0.92942	0.0005143	0.010488
503	0.067216	0.92177	0.00057659	0.010439
504	0.081299	0.90767	0.0006947	0.010333
505	0.10148	0.88748	0.00086509	0.010175
506	0.13017	0.85877	0.0011085	0.0099443
507	0.17221	0.81672	0.0014664	0.0095991
508	0.23166	0.75726	0.0019739	0.0091043
509	0.33264	0.65627	0.0028361	0.0082548
510	0.47988	0.50902	0.0040965	0.0070072
511	0.49797	0.49095	0.0043523	0.0067365
512	0.52528	0.46364	0.0047294	0.0063446
513	0.57315	0.41579	0.0053805	0.0056787
514	0.64375	0.3452	0.0063382	0.0047062
515	0.74726	0.24171	0.0077409	0.0032889
516	0.9217	0.067284	0.010099	0.00091594
517	0.92746	0.061541	0.010168	0.00083242
518	0.93951	0.049499	0.010319	0.00066719
519	0.96111	0.027921	0.010594	0.00037669
520	0.94123	0.04781	0.01036	0.00059617
521	0.93034	0.058718	0.010227	0.00071537
522	0.92397	0.065104	0.010144	0.00078361
523	0.9212	0.067886	0.010102	0.00081109
524	0.92164	0.067465	0.010096	0.00080213
525	0.92507	0.064042	0.010126	0.00075876
526	0.91176	0.077366	0.0099663	0.00090365
527	0.9053	0.08384	0.009883	0.00097265
528	0.90244	0.086723	0.0098399	0.0010015
529	0.85958	0.1296	0.0093564	0.0014707
530	0.83085	0.15833	0.0090297	0.0017832
531	0.81519	0.17401	0.0088464	0.0019522
532	0.77653	0.21269	0.0084126	0.0023719
533	0.75489	0.23434	0.0081652	0.0026051
534	0.7415	0.24774	0.0080089	0.0027473
535	0.71209	0.27717	0.0076778	0.0030643
536	0.69313	0.29614	0.0074619	0.0032662
537	0.68191	0.30738	0.0073307	0.0033834
538	0.65213	0.33717	0.0069995	0.0037007
539	0.63299	0.35633	0.0067843	0.003902
540	0.62113	0.36819	0.0066485	0.0040241
541	0.61514	0.3742	0.0065764	0.0040825
542	0.61677	0.37259	0.0065863	0.004059
543	0.62659	0.36278	0.0066843	0.0039472
544	0.60559	0.38379	0.0064503	0.0041675
545	0.59232	0.39708	0.0063	0.0043041
546	0.58518	0.40423	0.0062161	0.0043745
547	0.56093	0.42849	0.00595	0.004627
548	0.5487	0.44074	0.0058122	0.0047512
549	0.54512	0.44433	0.0057668	0.0047831
550	0.54662	0.44284	0.0057758	0.0047606
551	0.55339	0.43609	0.005841	0.0046819
552	0.56982	0.41967	0.0060087	0.0045007
553	0.59592	0.39358	0.0062793	0.0042167
554	0.63411	0.3554	0.0066785	0.0038042
555	0.68899	0.30054	0.0072551	0.0032144
556	0.76714	0.22241	0.0080791	0.0023772
557	0.80056	0.18899	0.0084254	0.0020178
558	0.84869	0.14088	0.008928	0.0015021
559	0.83847	0.15112	0.00881	0.0016072
560	0.83506	0.15454	0.0087636	0.0016406
561	0.8376	0.15201	0.0087799	0.0016113
562	0.81326	0.17636	0.0085134	0.0018647
563	0.79773	0.1919	0.0083403	0.0020249
564	0.79078	0.19886	0.0082572	0.002095
565	0.71296	0.2767	0.0074345	0.0029048
566	0.66773	0.32194	0.0069529	0.0033734
567	0.6365	0.35319	0.006619	0.0036944
568	0.6198	0.3699	0.0064368	0.0038638
569	0.61275	0.37696	0.0063552	0.0039324
570	0.61343	0.3763	0.0063537	0.0039209
571	0.62201	0.36773	0.006434	0.0038277
572	0.63769	0.35206	0.0065878	0.003661
573	0.66733	0.32244	0.0068848	0.0033511
574	0.66055	0.32922	0.0068055	0.0034175
575	0.66142	0.32837	0.0068051	0.003405
576	0.66781	0.322	0.0068619	0.0033354
577	0.6651	0.32471	0.0068246	0.0033599
578	0.66729	0.32253	0.0068381	0.0033337
579	0.67464	0.3152	0.0069047	0.0032544
580	0.69157	0.29828	0.0070689	0.0030774
581	0.69542	0.29445	0.0070986	0.0030349
582	0.70508	0.2848	0.007188	0.0029329
583	0.70341	0.28648	0.0071616	0.0029467
584	0.70895	0.28095	0.0072085	0.0028872
585	0.72059	0.26932	0.0073178	0.0027653
586	0.74002	0.24991	0.0075064	0.0025642
587	0.77003	0.21991	0.0078027	0.0022555
588	0.78274	0.20721	0.0079226	0.0021233
589	0.76797	0.22199	0.0077629	0.0022707
590	0.75973	0.23024	0.0076701	0.0023513
591	0.75684	0.23315	0.007632	0.0023774
592	0.75888	0.23112	0.007644	0.0023533
593	0.76837	0.22164	0.0077313	0.002254
594	0.78783	0.2022	0.0079189	0.0020543
595	0.81773	0.17231	0.0082123	0.0017489
596	0.86238	0.12767	0.0086548	0.0012944
597	0.92611	0.063955	0.0092902	0.00064719
598	0.95923	0.030846	0.0096137	0.00031174
599	0.97661	0.013473	0.0097773	0.00013621
600	0.97426	0.015838	0.0097418	0.00015978
601	0.96588	0.024231	0.009646	0.00024366
602	0.94912	0.041002	0.0094664	0.00041141
603	0.93833	0.0518	0.0093471	0.00051882
604	0.91664	0.073504	0.0091189	0.00073513
605	0.90473	0.085423	0.0089887	0.00085346
606	0.89751	0.092662	0.0089057	0.00092467
607	0.89573	0.094453	0.0088768	0.00094165
608	0.89755	0.092641	0.008884	0.00092271
609	0.90292	0.08729	0.0089264	0.00086861
610	0.90148	0.08874	0.0089014	0.00088192
611	0.9048	0.085431	0.0089235	0.00084821
612	0.9017	0.088535	0.0088822	0.00087787
613	0.90343	0.086825	0.0088884	0.00086005
614	0.90891	0.081354	0.0089318	0.00080508
615	0.91894	0.071333	0.0090202	0.00070526
616	0.92158	0.068707	0.0090357	0.00067838
617	0.92755	0.062751	0.009084	0.0006187
618	0.92864	0.061665	0.0090843	0.00060714
619	0.93272	0.057603	0.0091138	0.00056632
620	0.94222	0.048116	0.0091963	0.00047253
621	0.94609	0.044257	0.0092233	0.00043418
622	0.93531	0.055043	0.0091074	0.0005388
623	0.92868	0.061682	0.0090323	0.00060266
624	0.92679	0.063583	0.0090034	0.00062039
625	0.9291	0.061286	0.0090151	0.00059735
626	0.93485	0.055553	0.0090604	0.00054088
627	0.94485	0.045559	0.0091472	0.000443
628	0.94145	0.048973	0.0091036	0.00047551
629	0.94074	0.049695	0.0090862	0.0004818
630	0.94387	0.04657	0.0091059	0.00045098
631	0.95174	0.038709	0.0091711	0.00037464
632	0.94698	0.043487	0.0091145	0.00042025
633	0.94498	0.045498	0.0090847	0.00043903
634	0.9455	0.044983	0.0090794	0.0004334
635	0.94991	0.040593	0.0091113	0.00039061
636	0.95943	0.031081	0.009192	0.00029887
637	0.96358	0.026936	0.009221	0.00025888
638	0.97094	0.019588	0.0092807	0.00018822
639	0.98218	0.0083638	0.0093776	8.0508e-05
640	0.97968	0.010876	0.0093426	0.00010457
641	0.97346	0.0171	0.0092723	0.00016406
642	0.96981	0.020768	0.0092267	0.00019893
643	0.96061	0.02997	0.0091286	0.00028641
644	0.95515	0.035444	0.0090663	0.0003381
645	0.95347	0.037138	0.0090399	0.00035383
646	0.94781	0.042807	0.0089757	0.00040739
647	0.94527	0.045359	0.0089414	0.00043116
648	0.94635	0.044289	0.0089413	0.00042066
649	0.88989	0.10076	0.0083965	0.00095486
650	0.85718	0.13348	0.0080771	0.0012637
651	0.83556	0.15511	0.0078638	0.0014665
652	0.78496	0.20572	0.0073782	0.0019417
653	0.75602	0.23467	0.0070971	0.0022124
654	0.73733	0.25337	0.0069134	0.0023856
655	0.69186	0.29886	0.0064794	0.0028093
656	0.66619	0.32453	0.0062314	0.0030469
657	0.65003	0.3407	0.0060734	0.0031947
658	0.64332	0.34742	0.0060037	0.0032541
659	0.64176	0.34899	0.0059826	0.003265
660	0.64564	0.34512	0.0060124	0.0032249
661	0.65497	0.3358	0.0060933	0.0031339
662	0.675	0.31579	0.0062734	0.0029437
663	0.71139	0.2794	0.0066052	0.0026017
664	0.76552	0.22529	0.0071018	0.002095
665	0.85742	0.1334	0.0079474	0.0012393
666	0.90533	0.085496	0.0083824	0.0007941
667	0.90964	0.081198	0.0084131	0.00075336
668	0.89336	0.097488	0.0082535	0.00090295
669	0.88288	0.10797	0.0081481	0.00099842
670	0.87887	0.11199	0.0081022	0.0010343
671	0.88018	0.11069	0.0081053	0.0010211
672	0.88709	0.10379	0.0081598	0.00095664
673	0.89877	0.092125	0.0082582	0.00084829
674	0.92032	0.070588	0.0084467	0.00064976
675	0.95159	0.039326	0.0087244	0.00036212
676	0.96651	0.024417	0.0088518	0.00022485
677	0.9728	0.018133	0.0089	0.00016688
678	0.9829	0.0080465	0.0089831	7.4033e-05
679	0.98359	0.0073588	0.0089797	6.7649e-05
680	0.98271	0.0082565	0.0089619	7.5763e-05
681	0.98364	0.0073333	0.0089607	6.7264e-05
682	0.98283	0.0081537	0.0089436	7.4685e-05
683	0.98336	0.0076325	0.0089389	6.9833e-05
684	0.98529	0.0057068	0.008947	5.2169e-05
685	0.98887	0.0021452	0.0089701	1.9605e-05
686	0.99075	0.00027047	0.0089779	2.4717e-06
687	0.99095	7.7932e-05	0.0089703	7.1106e-07
688	0.99031	0.00072396	0.0089553	6.5698e-06
689	0.98917	0.0018795	0.0089356	1.702e-05
690	0.98669	0.0043706	0.0089041	3.9491e-05
691	0.98555	0.0055194	0.0088847	4.9782e-05
692	0.98599	0.0050834	0.0088796	4.5805e-05
693	0.98775	0.0033285	0.0088865	2.9932e-05
694	0.98856	0.0025363	0.0088847	2.2775e-05
695	0.98867	0.0024275	0.0088766	2.1783e-05
696	0.98825	0.0028656	0.0088636	2.5715e-05
697	0.98664	0.0044826	0.0088401	4.0187e-05
698	0.98659	0.0045389	0.0088305	4.068e-05
699	0.98547	0.0056689	0.0088115	5.0755e-05
700	0.98563	0.0055154	0.008804	4.9309e-05
701	0.98749	0.003664	0.0088116	3.2738e-05
702	0.98824	0.0029211	0.0088093	2.6107e-05
703	0.98806	0.0031086	0.0087987	2.7767e-05
704	0.98895	0.0022329	0.0087977	1.9932e-05
705	0.99102	0.00016778	0.0088074	1.5006e-06
706	0.99006	0.0011397	0.00879	1.015e-05
707	0.98996	0.0012531	0.0087804	1.1145e-05
708	0.99069	0.00052414	0.0087783	4.6538e-06
709	0.90509	0.086134	0.0080111	0.00076334
710	0.85501	0.13623	0.0075591	0.0012067
711	0.82011	0.17113	0.007243	0.0015142
712	0.75248	0.23877	0.0066375	0.0021111
713	0.70512	0.28614	0.0062129	0.0025272
714	0.67828	0.31299	0.0059698	0.0027617
715	0.62397	0.36731	0.0054841	0.0032388
716	0.58747	0.40382	0.0051571	0.0035573
717	0.56262	0.42868	0.0049336	0.0037723
718	0.54711	0.44419	0.004793	0.0039046
719	0.54117	0.45014	0.0047361	0.003953
720	0.54299	0.44833	0.0047471	0.0039335
721	0.53441	0.45692	0.0046669	0.0040053
722	0.53129	0.46005	0.0046348	0.004029
723	0.53325	0.45809	0.0046474	0.0040081
724	0.5435	0.44785	0.004732	0.0039151
725	0.5614	0.42997	0.0048832	0.0037555
726	0.5895	0.40187	0.0051236	0.0035069
727	0.63187	0.35951	0.0054882	0.003134
728	0.70497	0.28642	0.006119	0.002495
729	0.8121	0.17929	0.007046	0.0015599
730	0.86804	0.12337	0.0075251	0.0010725
731	0.87467	0.11674	0.0075753	0.0010141
732	0.88612	0.1053	0.0076673	0.00091391
733	0.90376	0.087668	0.007813	0.00076008
734	0.93484	0.056596	0.0080745	0.00049044
735	0.97938	0.012062	0.0084525	0.0001044
736	0.98034	0.011109	0.0084529	9.5986e-05
737	0.98367	0.0077879	0.0084736	6.7188e-05
738	0.99028	0.0011833	0.0085225	1.0208e-05
739	0.98987	0.0016027	0.0085109	1.3795e-05
740	0.989	0.002479	0.0084954	2.1318e-05
741	0.98935	0.0021451	0.0084901	1.8453e-05
742	0.9868	0.0047019	0.00846	4.0476e-05
743	0.98562	0.0058865	0.0084418	5.0642e-05
744	0.98567	0.0058411	0.0084343	5.022e-05
745	0.98442	0.0071015	0.0084156	6.0968e-05
746	0.98121	0.010325	0.00838	8.8554e-05
747	0.97972	0.01182	0.0083595	0.00010126
748	0.97555	0.015997	0.0083161	0.00013681
749	0.97346	0.018091	0.0082906	0.00015449
750	0.97389	0.017669	0.0082866	0.00015075
751	0.9763	0.015272	0.0082994	0.00013014
752	0.98194	0.0096338	0.0083398	8.2069e-05
753	0.99094	0.00064322	0.0084087	5.4853e-06
754	0.9912	0.00039643	0.0084031	3.3767e-06
755	0.99138	0.00021818	0.0083971	1.8555e-06
756	0.99157	3.9422e-05	0.0083911	3.3496e-07
757	0.99023	0.0013842	0.0083723	1.1715e-05
758	0.98985	0.0017722	0.0083616	1.4974e-05
759	0.99056	0.0010751	0.0083601	9.0811e-06
760	0.98963	0.0020045	0.0083448	1.694e-05
761	0.98967	0.0019768	0.0083377	1.6696e-05
762	0.99062	0.0010364	0.0083384	8.7495e-06
763	0.98978	0.001881	0.008324	1.5839e-05
764	0.99007	0.0015996	0.0083191	1.3466e-05
765	0.99132	0.00035887	0.0083223	3.0216e-06
766	0.99137	0.00031243	0.0083156	2.6244e-06
767	0.99064	0.0010453	0.0083023	8.7755e-06
768	0.98911	0.0025825	0.0082823	2.1643e-05
769	0.98891	0.0027897	0.0082734	2.3376e-05
770	0.98974	0.0019675	0.0082732	1.6476e-05
771	0.99005	0.0016643	0.0082686	1.3945e-05
772	0.98982	0.0019033	0.0082596	1.5939e-05
773	0.98888	0.0028512	0.0082447	2.3839e-05
774	0.98893	0.0028045	0.0082382	2.3415e-05
775	0.99031	0.0014359	0.0082426	1.1999e-05
776	0.98949	0.0022611	0.0082289	1.8867e-05
777	0.98965	0.0021111	0.0082233	1.7595e-05
778	0.99075	0.0010169	0.0082257	8.4591e-06
779	0.99144	0.00033143	0.0082246	2.7563e-06
780	0.99127	0.00051034	0.0082164	4.2328e-06
781	0.99105	0.00073591	0.0082078	6.1023e-06
782	0.99157	0.00022187	0.0082053	1.8363e-06
783	0.99154	0.00025904	0.0081983	2.1439e-06
784	0.99064	0.0011627	0.0081842	9.603e-06
785	0.99074	0.0010696	0.0081782	8.8338e-06
786	0.99165	0.000171	0.008179	1.4095e-06
787	0.99181	1.5192e-05	0.0081736	1.2548e-07
788	0.99147	0.00035996	0.0081642	2.969e-06
789	0.99178	6.0046e-05	0.0081601	4.9519e-07
790	0.99153	0.00031692	0.0081514	2.6177e-06
791	0.99123	0.00061955	0.0081424	5.117e-06
792	0.9907	0.0011567	0.0081315	9.5447e-06
793	0.98958	0.0022872	0.0081159	1.8843e-05
794	0.98947	0.0024058	0.0081086	1.9802e-05
795	0.9903	0.0015802	0.0081091	1.3003e-05
796	0.99066	0.0012269	0.0081057	1.0109e-05
797	0.9906	0.0012893	0.008099	1.0628e-05
798	0.99007	0.0018295	0.0080884	1.5069e-05
799	0.98425	0.007648	0.0080345	6.281e-05
800	0.97246	0.019453	0.0079318	0.00015945
801	0.94799	0.043927	0.0077259	0.00035934
802	0.89225	0.099666	0.0072657	0.00081358
803	0.85998	0.13195	0.0069969	0.0010764
804	0.83866	0.15327	0.0068183	0.0012492
805	0.82524	0.16669	0.0067044	0.0013572
806	0.81972	0.17223	0.0066545	0.0014012
807	0.82042	0.17153	0.0066552	0.0013946
808	0.82754	0.16441	0.0067077	0.0013362
809	0.84304	0.14892	0.0068278	0.0012101
810	0.86722	0.12475	0.0070181	0.0010139
811	0.86528	0.1267	0.0069968	0.0010293
812	0.86889	0.12309	0.0070203	0.00099988
813	0.87668	0.1153	0.0070777	0.00093655
814	0.87628	0.11571	0.007069	0.00093945
815	0.87982	0.11217	0.0070922	0.00091039
816	0.88781	0.10419	0.0071516	0.00084533
817	0.87481	0.1172	0.0070415	0.00094977
818	0.86911	0.12291	0.0069902	0.0009953
819	0.86731	0.12471	0.0069707	0.0010092
820	0.8585	0.13352	0.0068945	0.0010797
821	0.85449	0.13754	0.0068573	0.0011113
822	0.85436	0.13768	0.0068515	0.0011115
823	0.84514	0.1469	0.0067728	0.0011847
824	0.84255	0.1495	0.0067473	0.0012047
825	0.84389	0.14816	0.0067536	0.0011929
826	0.85156	0.14049	0.0068104	0.0011306
827	0.86774	0.12432	0.0069352	0.0010003
828	0.89188	0.10019	0.0071238	0.0008062
829	0.9014	0.090678	0.0071952	0.00072936
830	0.91635	0.075732	0.0073103	0.00060889
831	0.93854	0.053551	0.0074835	0.00043034
832	0.94777	0.044323	0.0075527	0.00035583
833	0.95151	0.040582	0.0075778	0.00032552
834	0.95835	0.033748	0.0076276	0.00027042
835	0.97145	0.020657	0.0077273	0.00016544
836	0.97712	0.014995	0.0077676	0.00011994
837	0.98782	0.0042945	0.007848	3.4335e-05
838	0.98686	0.0052675	0.007835	4.2041e-05
839	0.98744	0.0046903	0.0078343	3.7437e-05
840	0.98683	0.0053023	0.0078242	4.2282e-05
841	0.98746	0.0046765	0.0078241	3.7267e-05
842	0.98934	0.0028074	0.0078338	2.2366e-05
843	0.98995	0.0022014	0.0078336	1.7514e-05
844	0.98764	0.0045158	0.0078102	3.5843e-05
845	0.98703	0.005128	0.0078002	4.0697e-05
846	0.98765	0.0045154	0.0078	3.5834e-05
847	0.98704	0.0051266	0.0077902	4.0643e-05
848	0.98527	0.0069038	0.0077711	5.4703e-05
849	0.98485	0.0073313	0.0077627	5.8057e-05
850	0.98572	0.0064605	0.0077647	5.1135e-05
851	0.988	0.0041865	0.0077779	3.3123e-05
852	0.99196	0.00023627	0.0078043	1.866e-06
853	0.99213	7.1291e-05	0.0078007	5.6278e-07
854	0.98969	0.0025182	0.0077766	1.9865e-05
855	0.97271	0.019502	0.007638	0.00015355
856	0.96119	0.03102	0.0075429	0.00024395
857	0.95525	0.036963	0.0074915	0.00029055
858	0.95218	0.040047	0.0074627	0.00031457
859	0.95259	0.039634	0.0074613	0.0003112
860	0.95547	0.036759	0.0074793	0.00028849
861	0.96116	0.031078	0.0075194	0.00024375
862	0.97228	0.019965	0.0076018	0.00015663
863	0.98926	0.0029894	0.0077302	2.3554e-05
864	0.98928	0.0029736	0.0077258	2.3425e-05
865	0.98433	0.0079238	0.0076824	6.2219e-05
866	0.98156	0.010704	0.0076562	8.3939e-05
867	0.98055	0.011715	0.007644	9.1771e-05
868	0.98117	0.011102	0.0076445	8.6879e-05
869	0.98408	0.0081888	0.007663	6.4081e-05
870	0.98524	0.0070414	0.0076675	5.5123e-05
871	0.98511	0.0071673	0.007662	5.6139e-05
872	0.9832	0.009083	0.0076427	7.1111e-05
873	0.98276	0.0095276	0.0076349	7.4569e-05
874	0.98374	0.0085544	0.0076382	6.6957e-05
875	0.98335	0.0089475	0.0076309	7.0039e-05
876	0.98445	0.0078579	0.0076351	6.1552e-05
877	0.98718	0.0051287	0.0076522	4.0288e-05
878	0.98808	0.0042293	0.007655	3.3285e-05
879	0.97616	0.016152	0.0075577	0.0001265
880	0.96977	0.022549	0.0075036	0.00017655
881	0.96627	0.026057	0.0074721	0.00020396
882	0.96514	0.027183	0.0074594	0.00021273
883	0.96609	0.026244	0.0074627	0.00020542
884	0.9634	0.028936	0.007438	0.0002263
885	0.96291	0.029429	0.0074304	0.00023006
886	0.94427	0.04807	0.0072821	0.00037461
887	0.90175	0.090601	0.0069491	0.00070383
888	0.80843	0.18392	0.0062244	0.0014248
889	0.59645	0.39591	0.0045859	0.0030597
890	0.45114	0.54121	0.0034649	0.0041772
891	0.35162	0.64074	0.0026984	0.0049401
892	0.29324	0.69913	0.0022482	0.0053869
893	0.25358	0.73879	0.0019427	0.0056888
894	0.22598	0.76639	0.0017304	0.0058976
895	0.17011	0.82226	0.0013011	0.0063234
896	0.13062	0.86175	0.00099829	0.0066228
897	0.10771	0.88468	0.00082224	0.0067954
898	0.094849	0.89754	0.00072322	0.006891
899	0.086723	0.90567	0.00066068	0.0069501
900	0.081856	0.91054	0.0006232	0.0069842
901	0.079663	0.91273	0.00060626	0.0069977
902	0.081349	0.91105	0.00061887	0.0069818
903	0.087313	0.90509	0.00066398	0.0069333
904	0.071955	0.92045	0.00054648	0.0070474
905	0.061775	0.93063	0.0004687	0.0071219
906	0.056663	0.93575	0.00042949	0.0071578
907	0.053875	0.93854	0.00040808	0.0071759
908	0.054291	0.93813	0.00041097	0.0071697
909	0.056906	0.93552	0.00043064	0.0071467
910	0.061818	0.93061	0.00046783	0.0071063
911	0.069967	0.92246	0.0005297	0.0070412
912	0.082526	0.90991	0.00062522	0.0069425
913	0.075434	0.917	0.00057136	0.0069932
914	0.071273	0.92117	0.00053983	0.0070217
915	0.070933	0.92151	0.00053723	0.0070211
916	0.074321	0.91812	0.00056286	0.0069924
917	0.08046	0.91199	0.00060948	0.0069427
918	0.092458	0.89999	0.00070047	0.0068486
919	0.094943	0.89751	0.00071924	0.0068267
920	0.10068	0.89178	0.00076282	0.0067801
921	0.1125	0.87996	0.00085249	0.0066874
922	0.1299	0.86256	0.00098474	0.0065521
923	0.16037	0.83209	0.001216	0.0063178
924	0.21213	0.78034	0.0016083	0.0059225
925	0.23751	0.75496	0.0017999	0.0057278
926	0.27532	0.71715	0.002086	0.0054388
927	0.33973	0.65275	0.0025727	0.0049489
928	0.44845	0.54403	0.0033935	0.0041252
929	0.60711	0.38537	0.0045927	0.002923
930	0.67308	0.3194	0.0050906	0.0024221
931	0.78569	0.2068	0.0059402	0.0015695
932	0.83674	0.15575	0.0063243	0.0011824
933	0.90947	0.083026	0.0068731	0.00063083
934	0.91805	0.074446	0.0069356	0.00056547
935	0.93213	0.060373	0.0070399	0.00045835
936	0.95715	0.035358	0.0072269	0.00026854
937	0.95962	0.032892	0.0072429	0.00024978
938	0.95824	0.034266	0.0072298	0.00026005
939	0.96009	0.032427	0.007241	0.00024608
940	0.95878	0.033734	0.0072283	0.00025596
941	0.95989	0.032625	0.0072339	0.00024752
942	0.96338	0.029141	0.0072576	0.00022109
943	0.96293	0.029596	0.0072516	0.00022441
944	0.95917	0.033357	0.0072206	0.00025276
945	0.95878	0.033749	0.0072149	0.00025571
946	0.96065	0.031883	0.0072263	0.00024158
947	0.95869	0.033844	0.007209	0.00025629
948	0.95917	0.033368	0.0072102	0.00025255
949	0.96196	0.030577	0.0072289	0.00023131
950	0.96883	0.023713	0.0072782	0.00017943
951	0.97947	0.01308	0.0073561	9.9055e-05
952	0.984	0.008552	0.0073879	6.4782e-05
953	0.99139	0.001157	0.0074415	8.8074e-06
954	0.99114	0.001416	0.0074372	1.0755e-05
955	0.98709	0.0054653	0.0074044	4.1288e-05
956	0.98489	0.0076637	0.0073856	5.7833e-05
957	0.98423	0.0083275	0.0073784	6.2802e-05
958	0.95279	0.039766	0.0071396	0.00029943
959	0.88189	0.11067	0.0066048	0.00083206
960	0.83211	0.16045	0.0062295	0.0012052
961	0.79747	0.1951	0.0059684	0.0014643
962	0.77826	0.21431	0.0058227	0.001608
963	0.76903	0.22354	0.0057517	0.0016769
964	0.76706	0.22552	0.0057349	0.0016915
965	0.76998	0.2226	0.005755	0.0016693
966	0.77821	0.21437	0.005815	0.0016073
967	0.79293	0.19965	0.0059238	0.0014965
968	0.82045	0.17213	0.006128	0.0012903
969	0.86034	0.13224	0.0064251	0.00099125
970	0.91741	0.075174	0.0068512	0.00056319
971	0.94679	0.045793	0.0070693	0.00034313
972	0.98892	0.0036665	0.0073832	2.739e-05
973	0.98856	0.0040304	0.0073786	3.0072e-05
974	0.98964	0.002954	0.0073847	2.2025e-05
975	0.99246	0.00013178	0.0074037	9.8549e-07
976	0.99068	0.001922	0.0073883	1.4406e-05
977	0.98994	0.0026605	0.0073808	1.9942e-05
978	0.99017	0.0024361	0.0073806	1.827e-05
979	0.99138	0.0012217	0.0073878	9.193e-06
980	0.98024	0.012362	0.0073025	9.2661e-05
