#coord	neutral	conserved	gBGC.neutral	gBGC.conserved
1	0.77343	0.21565	0.0085346	0.0023805
2	0.7812	0.20788	0.0086242	0.0022956
3	0.7947	0.19437	0.0087774	0.0021472
4	0.82026	0.16881	0.0090639	0.0018655
5	0.86512	0.12394	0.0095639	0.0013702
6	0.94143	0.047635	0.010411	0.00052741
7	0.95138	0.037676	0.010526	0.00041745
8	0.9664	0.022648	0.010697	0.00025113
9	0.9883	0.00074497	0.010945	8.2794e-06
10	0.98826	0.00077768	0.010949	8.6444e-06
11	0.98795	0.0010835	0.010951	1.2042e-05
12	0.98841	0.00062267	0.010961	6.9281e-06
13	0.98766	0.0013664	0.010958	1.5194e-05
14	0.98777	0.0012519	0.010964	1.3925e-05
15	0.98871	0.00030402	0.01098	3.3863e-06
16	0.9887	0.00031601	0.010985	3.5201e-06
17	0.98868	0.0003305	0.01099	3.683e-06
18	0.98863	0.00036786	0.010994	4.1022e-06
19	0.98738	0.0016159	0.010986	1.801e-05
20	0.98727	0.0017252	0.01099	1.9257e-05
21	0.98649	0.0025005	0.010986	2.7931e-05
22	0.98476	0.0042213	0.010972	4.7161e-05
23	0.98429	0.004686	0.010972	5.2375e-05
24	0.98213	0.0068381	0.010954	7.6421e-05
25	0.98137	0.0075918	0.01095	8.4855e-05
26	0.982	0.0069543	0.010963	7.7736e-05
27	0.98458	0.0043734	0.010997	4.8904e-05
28	0.98579	0.0031609	0.011016	3.5374e-05
29	0.98827	0.00066906	0.011049	7.4983e-06
30	0.98751	0.0014242	0.011046	1.5973e-05
31	0.98614	0.0027917	0.011036	3.1349e-05
32	0.98581	0.0031207	0.011038	3.5081e-05
33	0.98647	0.0024507	0.011051	2.76e-05
34	0.98624	0.0026802	0.011054	3.0216e-05
35	0.98172	0.0071891	0.011009	8.1e-05
36	0.97912	0.009789	0.010985	0.00011032
37	0.95936	0.029541	0.010768	0.00033305
38	0.94637	0.04252	0.010627	0.00047952
39	0.93796	0.050929	0.010538	0.00057454
40	0.93311	0.055776	0.010488	0.00062946
41	0.93146	0.057418	0.010475	0.00064826
42	0.93256	0.056314	0.010493	0.00063608
43	0.92811	0.060756	0.010449	0.00068636
44	0.91717	0.071693	0.010331	0.00081002
45	0.91056	0.078291	0.010262	0.00088478
46	0.90751	0.081342	0.010233	0.00091952
47	0.87244	0.11641	0.0098427	0.0013157
48	0.85248	0.13636	0.0096225	0.0015417
49	0.80488	0.18395	0.0090899	0.0020802
50	0.6992	0.28962	0.0079014	0.0032746
51	0.63684	0.35198	0.0072005	0.0039814
52	0.59326	0.39555	0.0067117	0.0044761
53	0.56323	0.42558	0.006376	0.0048177
54	0.54718	0.44162	0.0061979	0.0050018
55	0.51005	0.47874	0.0057813	0.0054244
56	0.48945	0.49934	0.005551	0.0056606
57	0.47708	0.5117	0.0054142	0.0058034
58	0.44845	0.54032	0.0050926	0.006131
59	0.39027	0.5985	0.0044349	0.0067947
60	0.35647	0.6323	0.0040531	0.0071825
61	0.33337	0.65539	0.0037929	0.0074488
62	0.31821	0.67055	0.0036227	0.0076249
63	0.312	0.67675	0.0035542	0.0076996
64	0.31287	0.67587	0.0035661	0.0076937
65	0.32107	0.66766	0.0036614	0.0076044
66	0.33583	0.6529	0.0038317	0.0074402
67	0.36364	0.62509	0.0041509	0.007127
68	0.40529	0.58342	0.0046289	0.0066551
69	0.40463	0.58408	0.0046238	0.0066663
70	0.39361	0.59509	0.0045002	0.0067959
71	0.39078	0.59792	0.0044701	0.0068321
72	0.39536	0.59333	0.0045245	0.0067838
73	0.40538	0.5833	0.0046414	0.006673
74	0.42639	0.56229	0.0048838	0.0064367
75	0.45863	0.53004	0.0052554	0.0060712
76	0.46927	0.5194	0.0053801	0.0059527
77	0.49132	0.49734	0.0056356	0.0057033
78	0.52513	0.46353	0.0060265	0.0053185
79	0.52108	0.46757	0.0059831	0.0053681
80	0.52212	0.46652	0.0059983	0.0053591
81	0.52837	0.46026	0.0060737	0.00529
82	0.5406	0.44803	0.0062179	0.005152
83	0.56507	0.42356	0.0065031	0.0048731
84	0.60103	0.38759	0.0069213	0.0044612
85	0.61802	0.37059	0.007121	0.0042677
86	0.64973	0.33887	0.0074904	0.0039046
87	0.70471	0.28389	0.0081281	0.0032732
88	0.783	0.20559	0.009036	0.0023716
89	0.82356	0.16503	0.0095088	0.001905
90	0.89279	0.095793	0.010313	0.0011075
91	0.90189	0.086687	0.010423	0.0010031
92	0.90335	0.085213	0.010446	0.00098683
93	0.8995	0.089063	0.010407	0.0010323
94	0.89898	0.089575	0.010406	0.0010389
95	0.90174	0.08681	0.010444	0.0010076
96	0.91001	0.078532	0.010546	0.0009124
97	0.92321	0.065328	0.010705	0.00075987
98	0.94686	0.041667	0.010985	0.00048605
99	0.98748	0.0010393	0.011462	1.5435e-05
100	0.97387	0.014645	0.011265	0.00021885
101	0.96641	0.0221	0.011157	0.00033261
102	0.96298	0.025522	0.011107	0.00038875
103	0.9619	0.026593	0.01109	0.00041267
104	0.96372	0.024771	0.01111	0.00039876
105	0.96802	0.02047	0.011161	0.00035412
106	0.96298	0.0255	0.011075	0.0004468
107	0.95099	0.037481	0.010867	0.00066075
108	0.94327	0.045196	0.010731	0.00080387
109	0.94015	0.048307	0.010668	0.00087275
110	0.93033	0.058123	0.01049	0.0010581
111	0.90646	0.082005	0.010209	0.0013233
112	0.73309	0.25539	0.0082403	0.0032771
113	0.6144	0.3741	0.0068937	0.0046086
114	0.53061	0.4579	0.0059437	0.0055434
115	0.47166	0.51687	0.0052755	0.0061966
116	0.43778	0.55076	0.0048899	0.0065672
117	0.41937	0.56919	0.0046787	0.0067634
118	0.40858	0.57999	0.0045541	0.0068729
119	0.40611	0.58248	0.004524	0.0068881
120	0.41124	0.57736	0.004581	0.0068161
121	0.42196	0.56666	0.0047026	0.0066795
122	0.42004	0.5686	0.0046783	0.0066889
123	0.42305	0.5656	0.0047104	0.0066419
124	0.41636	0.5723	0.0046318	0.0067056
125	0.41479	0.57389	0.0046113	0.0067112
126	0.41814	0.57055	0.0046471	0.0066607
127	0.40895	0.57976	0.0045405	0.0067525
128	0.38559	0.60313	0.0042754	0.0070028
129	0.37376	0.61498	0.0041396	0.0071239
130	0.34369	0.64506	0.0038008	0.0074479
131	0.32411	0.66465	0.0035796	0.0076544
132	0.27517	0.71361	0.0030337	0.0081857
133	0.24091	0.74789	0.0026517	0.0085531
134	0.22152	0.76729	0.0024347	0.0087554
135	0.20935	0.77948	0.0022982	0.0088774
136	0.17665	0.81219	0.0019358	0.0092252
137	0.15812	0.83073	0.0017299	0.0094165
138	0.14626	0.84261	0.001598	0.009534
139	0.13934	0.84955	0.0015208	0.0095967
140	0.13637	0.85253	0.0014875	0.0096156
141	0.13693	0.85198	0.0014932	0.0095954
142	0.14109	0.84783	0.001539	0.0095353
143	0.14946	0.83948	0.0016316	0.0094284
144	0.16246	0.8265	0.0017756	0.0092701
145	0.18569	0.80328	0.0020334	0.008998
146	0.19309	0.7959	0.0021141	0.0089031
147	0.20545	0.78355	0.0022499	0.0087531
148	0.22866	0.76035	0.002506	0.0084827
149	0.2622	0.72683	0.0028765	0.0080981
150	0.27732	0.71172	0.0030412	0.0079192
151	0.28142	0.70763	0.0030833	0.0078629
152	0.29041	0.69866	0.0031793	0.0077527
153	0.30911	0.67997	0.0033822	0.0075356
154	0.31355	0.67554	0.0034275	0.0074762
155	0.32633	0.66279	0.0035643	0.0073254
156	0.34706	0.64206	0.0037885	0.0070871
157	0.37874	0.6104	0.0041328	0.0067287
158	0.43389	0.55527	0.0047341	0.0061135
159	0.51485	0.47431	0.005618	0.0052155
160	0.55567	0.43351	0.0060585	0.004761
161	0.57151	0.41768	0.0062245	0.004581
162	0.55395	0.43526	0.0060257	0.004766
163	0.54336	0.44586	0.0059034	0.0048743
164	0.54111	0.44812	0.0058718	0.0048921
165	0.54657	0.44268	0.005924	0.004826
166	0.56124	0.42802	0.006076	0.0046601
167	0.58496	0.40432	0.006326	0.0043962
168	0.59465	0.39464	0.006423	0.0042853
169	0.56636	0.42295	0.0061096	0.0045849
170	0.50864	0.48068	0.0054795	0.0052012
171	0.39722	0.59212	0.0042719	0.006395
172	0.32099	0.66836	0.0034468	0.0072063
173	0.27611	0.71325	0.0029601	0.0076792
174	0.25023	0.73914	0.0026783	0.0079472
175	0.23342	0.75597	0.0024946	0.0081171
176	0.1976	0.7918	0.0021077	0.0084903
177	0.17349	0.81592	0.0018473	0.008737
178	0.15764	0.83179	0.0016758	0.0088947
179	0.14776	0.84168	0.0015685	0.0089884
180	0.14205	0.84741	0.0015059	0.0090375
181	0.14162	0.84785	0.0014994	0.0090303
182	0.14636	0.84312	0.0015476	0.0089684
183	0.15549	0.834	0.0016424	0.0088601
184	0.17327	0.81624	0.0018282	0.0086608
185	0.16422	0.82531	0.0017301	0.0087453
186	0.1597	0.82984	0.0016802	0.0087816
187	0.16069	0.82886	0.0016884	0.0087599
188	0.16523	0.82433	0.001734	0.0087008
189	0.17658	0.813	0.001851	0.0085704
190	0.17712	0.81247	0.0018543	0.0085536
191	0.16957	0.82003	0.0017726	0.0086219
192	0.16599	0.82363	0.0017328	0.0086482
193	0.16595	0.82368	0.0017302	0.0086375
194	0.17162	0.81803	0.001787	0.0085673
195	0.18459	0.80507	0.0019198	0.0084211
196	0.18792	0.80176	0.0019517	0.0083758
197	0.19534	0.79435	0.0020261	0.008288
198	0.20774	0.78195	0.0021523	0.0081486
199	0.22663	0.76308	0.0023454	0.0079421
200	0.26029	0.72943	0.0026909	0.0075834
201	0.30998	0.67976	0.0032016	0.0070594
202	0.33062	0.65913	0.0034109	0.0068368
203	0.36211	0.62765	0.0037322	0.0065024
204	0.40744	0.58233	0.0041958	0.0060257
205	0.47422	0.51557	0.0048801	0.0053283
206	0.56892	0.42088	0.0058513	0.004344
207	0.72854	0.26128	0.0074881	0.0026941
208	0.96145	0.028377	0.0098767	0.00029248
209	0.96333	0.026513	0.0098832	0.00027295
210	0.95243	0.037426	0.0097586	0.00038454
211	0.71392	0.27595	0.0073007	0.0028294
212	0.54507	0.44482	0.0055636	0.0045535
213	0.42557	0.56432	0.0043363	0.0057679
214	0.34108	0.64882	0.0034698	0.0066215
215	0.29126	0.69867	0.0029578	0.0071206
216	0.25638	0.73355	0.0025995	0.007466
217	0.23227	0.75768	0.0023516	0.0077011
218	0.21934	0.77062	0.0022174	0.0078224
219	0.2121	0.77787	0.0021413	0.0078857
220	0.18985	0.80013	0.001914	0.0081003
221	0.13795	0.85205	0.0013887	0.0086129
222	0.1073	0.88271	0.0010783	0.0089105
223	0.085741	0.90428	0.0008603	0.0091158
224	0.073426	0.91661	0.0007355	0.0092279
225	0.065136	0.92491	0.00065149	0.0092992
226	0.059876	0.93019	0.00059807	0.00934
227	0.05834	0.93173	0.00058195	0.0093435
228	0.060032	0.93006	0.00059806	0.0093147
229	0.056525	0.93358	0.00056218	0.009338
230	0.055346	0.93477	0.00054966	0.0093379
231	0.056107	0.93402	0.00055649	0.0093184
232	0.060305	0.92983	0.00059738	0.009265
233	0.067514	0.92264	0.00066807	0.0091817
234	0.078338	0.91182	0.00077448	0.0090628
235	0.094659	0.89552	0.00093515	0.0088896
236	0.12275	0.86744	0.0012116	0.0086007
237	0.16388	0.82632	0.0016165	0.0081834
238	0.2333	0.75691	0.0022989	0.0074885
239	0.33454	0.65569	0.0032937	0.0064812
240	0.3468	0.64344	0.00341	0.0063525
241	0.37064	0.61961	0.0036395	0.0061106
242	0.40672	0.58354	0.0039888	0.0057489
243	0.45848	0.5318	0.0044912	0.0052341
244	0.47941	0.51087	0.0046906	0.0050224
245	0.51736	0.47294	0.0050556	0.004645
246	0.57368	0.41663	0.0055998	0.0040885
247	0.60193	0.3884	0.0058681	0.0038079
248	0.64449	0.34585	0.0062756	0.0033882
249	0.64223	0.34812	0.0062454	0.0034061
250	0.62853	0.36183	0.0061037	0.0035357
251	0.62153	0.36884	0.0060276	0.0035996
252	0.61975	0.37064	0.0060025	0.0036124
253	0.62557	0.36483	0.0060512	0.0035516
254	0.63781	0.3526	0.006162	0.0034286
255	0.65824	0.33218	0.0063519	0.0032266
256	0.66403	0.3264	0.0063998	0.0031667
257	0.67615	0.31429	0.0065087	0.0030457
258	0.69634	0.29412	0.0066953	0.0028471
259	0.70158	0.28889	0.0067375	0.0027929
260	0.71235	0.27813	0.006833	0.0026855
261	0.73403	0.25646	0.007033	0.0024736
262	0.76721	0.2233	0.0073432	0.0021515
263	0.81665	0.17387	0.0078092	0.0016736
264	0.90067	0.089862	0.0086054	0.00086545
265	0.91122	0.07932	0.0086958	0.00076325
266	0.91501	0.07554	0.0087211	0.00072612
267	0.92247	0.068097	0.0087814	0.00065402
268	0.9131	0.077478	0.0086809	0.00074269
269	0.90779	0.082801	0.0086195	0.0007924
270	0.90589	0.084706	0.0085908	0.00080942
271	0.90746	0.083153	0.0085951	0.00079348
272	0.88401	0.10661	0.0083624	0.0010146
273	0.87124	0.1194	0.0082311	0.0011343
274	0.86359	0.12706	0.0081486	0.0012052
275	0.86199	0.12867	0.0081234	0.0012188
276	0.86598	0.12469	0.0081509	0.0011797
277	0.87467	0.11602	0.0082227	0.0010964
278	0.86363	0.12707	0.0081084	0.0011991
279	0.85739	0.13331	0.0080397	0.0012562
280	0.85698	0.13374	0.0080257	0.0012587
281	0.86071	0.13002	0.0080507	0.0012222
282	0.86913	0.12161	0.0081197	0.0011418
283	0.86925	0.1215	0.0081108	0.0011392
284	0.86265	0.12811	0.0080391	0.0011995
285	0.8601	0.13067	0.0080056	0.0012217
286	0.86316	0.12763	0.0080241	0.0011918
287	0.87267	0.11813	0.0081025	0.0011019
288	0.89133	0.099475	0.0082657	0.00092731
289	0.87058	0.12024	0.0080622	0.0011194
290	0.85688	0.13394	0.0079249	0.0012453
291	0.84902	0.14182	0.0078421	0.0013168
292	0.84551	0.14535	0.0077998	0.0013478
293	0.84782	0.14304	0.0078113	0.0013249
294	0.8547	0.13618	0.007865	0.00126
295	0.86712	0.12377	0.0079697	0.001144
296	0.87001	0.12089	0.0079866	0.0011159
297	0.87694	0.11397	0.0080406	0.0010507
298	0.89153	0.099388	0.0081647	0.00091542
299	0.91337	0.077564	0.0083552	0.0007138
300	0.94613	0.044807	0.0086458	0.00041214
301	0.94011	0.05084	0.0085801	0.0004667
302	0.93845	0.052515	0.0085544	0.00048138
303	0.93966	0.051319	0.008555	0.00046977
304	0.93679	0.054197	0.0085183	0.00049537
305	0.93688	0.054116	0.0085088	0.00049394
306	0.941	0.050004	0.0085358	0.00045591
307	0.93992	0.051101	0.0085155	0.00046525
308	0.94146	0.049569	0.0085191	0.00045069
309	0.94728	0.04376	0.0085614	0.00039745
310	0.94773	0.043319	0.008555	0.00039289
311	0.94352	0.047548	0.0085066	0.00043049
312	0.94317	0.047905	0.0084931	0.00043313
313	0.93747	0.053612	0.0084314	0.0004839
314	0.93613	0.054966	0.0084091	0.00049545
315	0.93771	0.053398	0.008413	0.00048067
316	0.94243	0.048683	0.0084453	0.0004376
317	0.95266	0.038469	0.0085268	0.00034535
318	0.96806	0.02308	0.0086546	0.00020684
319	0.96273	0.028417	0.0085964	0.0002542
320	0.96018	0.030984	0.0085632	0.00027671
321	0.96074	0.030427	0.0085579	0.00027134
322	0.94553	0.045653	0.0084123	0.00040626
323	0.93752	0.053675	0.0083309	0.00047697
324	0.91757	0.073628	0.008144	0.00065317
325	0.90688	0.084334	0.0080393	0.00074717
326	0.90239	0.088832	0.0079897	0.00078607
327	0.90277	0.088467	0.0079832	0.00078193
328	0.87304	0.1182	0.0077109	0.0010435
329	0.85348	0.13777	0.0075292	0.0012146
330	0.84075	0.15051	0.0074081	0.0013251
331	0.83558	0.1557	0.0073536	0.001369
332	0.83648	0.15481	0.0073526	0.0013595
333	0.84361	0.14769	0.007406	0.0012954
334	0.85646	0.13485	0.0075096	0.0011812
335	0.88051	0.11081	0.0077109	0.00096942
336	0.92224	0.069091	0.0080659	0.00060382
337	0.94104	0.050303	0.0082198	0.00043931
338	0.9406	0.050751	0.0082058	0.00044273
339	0.94402	0.047343	0.0082253	0.0004126
340	0.94254	0.04883	0.0082023	0.0004251
341	0.94478	0.046599	0.0082115	0.00040529
342	0.9499	0.041496	0.0082457	0.00036054
343	0.95103	0.040373	0.0082453	0.00035046
344	0.95494	0.036471	0.008269	0.00031629
345	0.96362	0.027801	0.0083337	0.00024104
346	0.96144	0.029993	0.0083044	0.00025985
347	0.9539	0.037546	0.0082288	0.00032497
348	0.94956	0.041898	0.0081811	0.00036224
349	0.94789	0.043573	0.0081566	0.00037629
350	0.94977	0.041705	0.0081626	0.00035984
351	0.95436	0.037131	0.008192	0.00032014
352	0.95428	0.037221	0.0081812	0.00032056
353	0.95656	0.03495	0.0081907	0.0003007
354	0.9628	0.028718	0.0082341	0.00024699
355	0.95784	0.033691	0.0081815	0.00028934
356	0.95569	0.035853	0.0081531	0.0003075
357	0.95603	0.035516	0.0081461	0.00030423
358	0.95195	0.039612	0.0081014	0.00033877
359	0.9395	0.052073	0.0079857	0.00044439
360	0.93157	0.060006	0.0079088	0.0005112
361	0.92862	0.062973	0.0078741	0.00053574
362	0.92879	0.062808	0.0078662	0.00053361
363	0.93212	0.059487	0.0078851	0.0005047
364	0.94054	0.05108	0.0079469	0.00043285
365	0.95363	0.037998	0.0080482	0.00032152
366	0.97695	0.014692	0.0082355	0.00012417
367	0.97548	0.016169	0.0082132	0.00013645
368	0.97573	0.015926	0.0082055	0.00013421
369	0.97848	0.013192	0.0082186	0.00011105
370	0.97915	0.012531	0.0082143	0.00010538
371	0.98161	0.010081	0.008225	8.4699e-05
372	0.98228	0.0094185	0.0082207	7.9034e-05
373	0.98459	0.0071233	0.0082301	5.9692e-05
374	0.98962	0.0021049	0.0082622	1.7651e-05
375	0.98808	0.003653	0.0082394	3.0566e-05
376	0.98773	0.0040114	0.0082267	3.3517e-05
377	0.98852	0.0032316	0.0082234	2.6969e-05
378	0.98825	0.00351	0.0082113	2.9261e-05
379	0.9868	0.0049741	0.0081894	4.1398e-05
380	0.97555	0.016229	0.0080861	0.00013488
381	0.96815	0.023638	0.0080151	0.00019618
382	0.95371	0.038086	0.0078857	0.00031573
383	0.94609	0.045715	0.0078131	0.00037861
384	0.94205	0.04977	0.0077702	0.00041173
385	0.94196	0.049865	0.0077601	0.00041213
386	0.94452	0.047317	0.0077717	0.00039072
387	0.95003	0.041821	0.0078077	0.00034506
388	0.95049	0.041372	0.0078021	0.00034097
389	0.94654	0.045327	0.0077605	0.00037305
390	0.93504	0.056834	0.007657	0.00046691
391	0.85915	0.13273	0.0070262	0.0010882
392	0.80584	0.18606	0.0065819	0.0015229
393	0.77522	0.21669	0.0063238	0.0017715
394	0.75452	0.23739	0.0061474	0.0019382
395	0.74441	0.24752	0.0060576	0.0020186
396	0.74001	0.25192	0.0060146	0.002052
397	0.74254	0.24941	0.0060279	0.0020292
398	0.74999	0.24197	0.0060812	0.0019664
399	0.74713	0.24484	0.0060509	0.0019873
400	0.74886	0.24311	0.0060579	0.0019709
401	0.75539	0.23659	0.0061038	0.0019156
402	0.77072	0.22127	0.0062206	0.0017893
403	0.77575	0.21625	0.0062539	0.0017466
404	0.78645	0.20556	0.006333	0.0016582
405	0.8078	0.18422	0.0064975	0.0014843
406	0.84552	0.14651	0.0067931	0.0011793
407	0.89957	0.092462	0.0072194	0.00074362
408	0.97898	0.013067	0.0078488	0.00010491
409	0.99155	0.00050759	0.0079403	4.0732e-06
410	0.98973	0.0023348	0.0079164	1.8682e-05
411	0.989	0.0030735	0.0079012	2.455e-05
412	0.98733	0.0047489	0.0078786	3.7886e-05
413	0.98725	0.0048435	0.0078686	3.8604e-05
414	0.98872	0.0033833	0.0078709	2.6957e-05
415	0.98665	0.0054652	0.0078451	4.3503e-05
416	0.98597	0.0061495	0.0078305	4.8889e-05
417	0.98695	0.0051782	0.007829	4.1137e-05
418	0.98609	0.006048	0.007813	4.7988e-05
419	0.98387	0.0082793	0.0077861	6.5628e-05
420	0.98313	0.0090319	0.007771	7.1511e-05
421	0.98377	0.008396	0.007767	6.6395e-05
422	0.98599	0.0061885	0.0077754	4.8868e-05
423	0.98646	0.0057284	0.00777	4.5151e-05
424	0.98585	0.0063399	0.0077562	4.989e-05
425	0.98693	0.0052739	0.0077555	4.1447e-05
426	0.98996	0.0022562	0.0077701	1.772e-05
427	0.99131	0.00090933	0.0077716	7.1351e-06
428	0.99107	0.0011597	0.0077606	9.0945e-06
429	0.99161	0.00062781	0.0077557	4.9231e-06
430	0.98835	0.0038977	0.007721	3.0541e-05
431	0.98129	0.010968	0.0076567	8.5803e-05
432	0.97688	0.01539	0.0076132	0.00012023
433	0.97472	0.017554	0.0075875	0.00013695
434	0.97509	0.017191	0.0075815	0.00013397
435	0.9781	0.014196	0.0075959	0.00011059
436	0.97817	0.014135	0.0075875	0.00011001
437	0.9676	0.024711	0.0074966	0.00019201
438	0.96216	0.030162	0.0074456	0.00023412
439	0.95936	0.03297	0.0074151	0.00025561
440	0.95983	0.03251	0.00741	0.00025183
441	0.9637	0.028652	0.007431	0.00022185
442	0.93977	0.052585	0.007237	0.00040698
443	0.92345	0.068914	0.0071023	0.00053277
444	0.91319	0.079181	0.0070147	0.00061141
445	0.89168	0.10071	0.0068408	0.0007765
446	0.87733	0.11506	0.0067225	0.00088595
447	0.87059	0.12181	0.0066628	0.00093687
448	0.85121	0.1412	0.0065063	0.0010845
449	0.84141	0.15101	0.0064235	0.0011585
450	0.83673	0.1557	0.0063802	0.0011931
451	0.83648	0.15595	0.0063708	0.0011937
452	0.84063	0.15181	0.0063951	0.0011607
453	0.84934	0.14311	0.0064542	0.001093
454	0.86422	0.12824	0.0065602	0.0009783
455	0.88741	0.10506	0.0067294	0.0008005
456	0.9277	0.064775	0.007028	0.00049322
457	0.81328	0.17921	0.0061538	0.0013589
458	0.73516	0.25734	0.0055565	0.0019477
459	0.6803	0.3122	0.0051365	0.0023591
460	0.57366	0.41885	0.0043267	0.0031603
461	0.51123	0.4813	0.0038514	0.0036272
462	0.47496	0.51757	0.0035738	0.0038962
463	0.38771	0.60483	0.0029139	0.0045476
464	0.33671	0.65583	0.0025273	0.0049256
465	0.30108	0.69148	0.0022572	0.0051872
466	0.28104	0.71152	0.0021044	0.0053315
467	0.26806	0.72451	0.0020049	0.0054225
468	0.26309	0.7295	0.0019653	0.0054536
469	0.26474	0.72785	0.0019752	0.0054352
470	0.25518	0.73742	0.0019016	0.0055004
471	0.25288	0.73973	0.0018822	0.0055113
472	0.23972	0.75289	0.0017818	0.0056032
473	0.23243	0.7602	0.0017254	0.0056511
474	0.22953	0.7631	0.0017019	0.0056662
475	0.18098	0.81166	0.0013397	0.00602
476	0.14678	0.84587	0.0010847	0.0062665
477	0.1228	0.86986	0.00090622	0.0064366
478	0.1094	0.88327	0.00080608	0.0065284
479	0.10099	0.89168	0.00074315	0.0065829
480	0.078465	0.91422	0.00057648	0.0067413
481	0.062648	0.93004	0.00045961	0.0068498
482	0.051639	0.94106	0.00037836	0.0069227
483	0.044116	0.94859	0.00032288	0.0069699
484	0.03942	0.9533	0.00028825	0.0069963
485	0.037734	0.95499	0.00027566	0.0070006
486	0.037791	0.95494	0.00027586	0.0069922
487	0.033459	0.95928	0.00024399	0.0070158
488	0.031876	0.96087	0.0002322	0.0070193
489	0.031699	0.96106	0.00023069	0.0070126
490	0.027284	0.96548	0.00019833	0.0070367
491	0.024692	0.96808	0.00017931	0.0070475
492	0.023399	0.96938	0.00016978	0.0070489
493	0.018003	0.97479	0.0001305	0.0070799
494	0.015122	0.97768	0.00010949	0.0070928
495	0.013963	0.97884	0.00010097	0.0070931
496	0.013715	0.9791	9.9073e-05	0.0070868
497	0.014854	0.97797	0.00010718	0.0070705
498	0.017056	0.97577	0.00012295	0.0070466
499	0.021489	0.97135	0.00015474	0.0070066
500	0.029414	0.96343	0.00021152	0.0069417
501	0.040611	0.95224	0.00029174	0.0068533
502	0.059814	0.93305	0.00042913	0.0067078
503	0.067482	0.92539	0.00048349	0.0066453
504	0.081622	0.91126	0.00058393	0.0065367
505	0.10188	0.89101	0.00072793	0.0063845
506	0.1307	0.8622	0.00093278	0.0061716
507	0.17291	0.82	0.0012329	0.0058633
508	0.2326	0.76032	0.0016573	0.0054309
509	0.33399	0.65893	0.0023774	0.0047028
510	0.48184	0.51109	0.003427	0.003645
511	0.49999	0.49294	0.0035523	0.0035117
512	0.52742	0.46552	0.0037434	0.0033127
513	0.57548	0.41747	0.0040803	0.0029678
514	0.64637	0.34659	0.0045787	0.0024613
515	0.75029	0.24268	0.0053108	0.0017213
516	0.92542	0.067554	0.006545	0.00047913
517	0.9312	0.061787	0.0065785	0.00043775
518	0.94329	0.049697	0.0066565	0.00035184
519	0.96497	0.028032	0.0068017	0.00019866
520	0.94501	0.048001	0.0066528	0.00033961
521	0.93406	0.058952	0.0065679	0.00041664
522	0.92766	0.065363	0.0065152	0.00046143
523	0.92488	0.068156	0.0064881	0.00048061
524	0.92531	0.067733	0.0064838	0.00047712
525	0.92875	0.064295	0.0065006	0.00045245
526	0.91538	0.077671	0.0063995	0.00054578
527	0.90889	0.084171	0.0063466	0.00059079
528	0.90601	0.087064	0.0063192	0.00061042
529	0.86297	0.13011	0.0060109	0.00091092
530	0.83413	0.15896	0.0058026	0.0011114
531	0.8184	0.1747	0.0056861	0.0012201
532	0.77958	0.21352	0.0054092	0.0014893
533	0.75785	0.23526	0.0052516	0.0016391
534	0.74441	0.24871	0.0051521	0.0017308
535	0.71487	0.27825	0.004941	0.0019342
536	0.69584	0.29729	0.0048033	0.0020642
537	0.68457	0.30857	0.0047197	0.00214
538	0.65467	0.33848	0.0045078	0.0023443
539	0.63545	0.35771	0.0043702	0.0024743
540	0.62354	0.36962	0.0042833	0.0025535
541	0.61752	0.37565	0.0042373	0.002592
542	0.61915	0.37403	0.0042437	0.0025779
543	0.62901	0.36417	0.0043066	0.0025074
544	0.60792	0.38527	0.0041569	0.0026494
545	0.5946	0.39861	0.0040609	0.0027379
546	0.58743	0.40578	0.0040073	0.0027839
547	0.56308	0.43014	0.0038366	0.0029471
548	0.5508	0.44243	0.0037485	0.0030276
549	0.5472	0.44603	0.0037197	0.0030489
550	0.54871	0.44453	0.0037257	0.0030353
551	0.5555	0.43775	0.0037678	0.0029857
552	0.57199	0.42127	0.0038755	0.0028705
553	0.59818	0.39508	0.004049	0.0026895
554	0.63652	0.35675	0.0043047	0.0024264
555	0.6916	0.30168	0.0046735	0.00205
556	0.77004	0.22325	0.0052003	0.0015159
557	0.80358	0.18971	0.0054219	0.0012868
558	0.85188	0.14141	0.0057432	0.00095816
559	0.84162	0.15168	0.0056679	0.0010261
560	0.83819	0.15512	0.0056387	0.001048
561	0.84074	0.15258	0.0056498	0.0010296
562	0.8163	0.17702	0.0054793	0.0011927
563	0.80071	0.19262	0.0053686	0.001296
564	0.79374	0.19961	0.0053159	0.0013414
565	0.71562	0.27773	0.0047872	0.0018628
566	0.67022	0.32314	0.0044781	0.0021645
567	0.63886	0.3545	0.0042638	0.0023715
568	0.6221	0.37128	0.0041471	0.0024809
569	0.61502	0.37836	0.0040952	0.0025254
570	0.6157	0.37769	0.004095	0.0025183
571	0.62431	0.36909	0.0041474	0.0024586
572	0.64005	0.35336	0.0042471	0.0023515
573	0.66979	0.32362	0.0044392	0.0021521
574	0.66298	0.33043	0.004389	0.002195
575	0.66384	0.32958	0.0043895	0.0021872
576	0.67025	0.32318	0.0044268	0.0021425
577	0.66754	0.3259	0.0044037	0.0021584
578	0.66973	0.32371	0.0044131	0.0021417
579	0.67711	0.31635	0.0044566	0.0020909
580	0.69409	0.29937	0.0045633	0.001977
581	0.69795	0.29552	0.0045833	0.0019498
582	0.70764	0.28583	0.0046417	0.0018841
583	0.70597	0.28752	0.0046253	0.0018932
584	0.71152	0.28197	0.0046564	0.001855
585	0.7232	0.2703	0.0047276	0.0017766
586	0.74269	0.25081	0.0048498	0.0016472
587	0.7728	0.22071	0.0050413	0.0014485
588	0.78556	0.20796	0.0051191	0.0013636
589	0.77073	0.22279	0.0050168	0.0014589
590	0.76246	0.23107	0.0049574	0.0015111
591	0.75956	0.23398	0.0049333	0.0015283
592	0.7616	0.23195	0.0049414	0.0015131
593	0.77112	0.22243	0.004998	0.0014495
594	0.79064	0.20292	0.0051194	0.0013211
595	0.82064	0.17292	0.0053088	0.0011247
596	0.86545	0.12812	0.005594	0.00083244
597	0.9294	0.064182	0.0060031	0.0004164
598	0.96263	0.030955	0.006212	0.0002006
599	0.98007	0.013521	0.006318	8.7596e-05
600	0.97771	0.015894	0.0062958	0.00010281
601	0.96929	0.024316	0.0062347	0.00015696
602	0.95247	0.041146	0.0061195	0.00026519
603	0.94164	0.051982	0.0060432	0.00033456
604	0.91987	0.073763	0.0058966	0.00047416
605	0.90791	0.085723	0.0058133	0.0005505
606	0.90066	0.092987	0.0057604	0.0005965
607	0.89887	0.094783	0.0057425	0.00060744
608	0.90069	0.092965	0.0057478	0.00059522
609	0.90607	0.087594	0.0057758	0.0005603
610	0.90462	0.08905	0.0057603	0.00056897
611	0.90795	0.085728	0.0057751	0.00054722
612	0.90484	0.088843	0.0057491	0.00056645
613	0.90656	0.087127	0.0057537	0.00055495
614	0.91206	0.081636	0.0057823	0.00051948
615	0.92212	0.071581	0.0058399	0.00045506
616	0.92477	0.068944	0.0058504	0.00043779
617	0.93075	0.062968	0.0058821	0.00039936
618	0.93185	0.061878	0.0058827	0.00039197
619	0.93593	0.057802	0.0059023	0.0003657
620	0.94546	0.048281	0.0059561	0.00030515
621	0.94934	0.044409	0.0059741	0.00028039
622	0.93852	0.055232	0.0058996	0.00034816
623	0.93187	0.061893	0.0058514	0.00038958
624	0.92997	0.0638	0.0058332	0.00040111
625	0.93228	0.061496	0.0058413	0.00038623
626	0.93804	0.055743	0.0058711	0.00034973
627	0.94807	0.045714	0.0059277	0.00028648
628	0.94465	0.04914	0.0058999	0.00030757
629	0.94394	0.049864	0.0058891	0.00031172
630	0.94708	0.046728	0.0059023	0.0002918
631	0.95497	0.038841	0.0059451	0.00024236
632	0.95018	0.043635	0.0059088	0.00027193
633	0.94817	0.045652	0.00589	0.00028414
634	0.9487	0.045135	0.005887	0.00028057
635	0.95311	0.040729	0.005908	0.0002529
636	0.96266	0.031185	0.0059608	0.00019348
637	0.96683	0.027026	0.0059801	0.00016755
638	0.97421	0.019653	0.0060192	0.00012177
639	0.98547	0.0083918	0.0060824	5.2019e-05
640	0.98296	0.010913	0.0060602	6.757e-05
641	0.97672	0.017157	0.0060152	0.00010607
642	0.97305	0.020837	0.005986	0.00012865
643	0.96382	0.03007	0.0059228	0.00018534
644	0.95834	0.035563	0.0058828	0.00021887
645	0.95664	0.037262	0.0058661	0.00022908
646	0.95096	0.042949	0.0058249	0.00026377
647	0.94841	0.04551	0.005803	0.00027918
648	0.94949	0.044436	0.0058033	0.00027235
649	0.89283	0.1011	0.0054506	0.00061859
650	0.86001	0.13393	0.005244	0.00081865
651	0.83832	0.15562	0.0051061	0.00095018
652	0.78755	0.2064	0.0047913	0.0012585
653	0.75851	0.23545	0.0046093	0.001434
654	0.73976	0.25421	0.0044904	0.0015465
655	0.69413	0.29984	0.0042089	0.0018217
656	0.66838	0.32559	0.0040482	0.0019759
657	0.65216	0.34182	0.0039457	0.002072
658	0.64543	0.34856	0.0039007	0.0021106
659	0.64386	0.35013	0.0038871	0.0021178
660	0.64775	0.34625	0.0039066	0.002092
661	0.65711	0.33689	0.0039591	0.0020332
662	0.6772	0.31682	0.0040761	0.0019099
663	0.71371	0.28031	0.0042915	0.0016881
664	0.76801	0.22602	0.0046138	0.0013595
665	0.8602	0.13383	0.0051628	0.00080419
666	0.90827	0.085773	0.0054455	0.00051511
667	0.91258	0.081461	0.0054656	0.0004887
668	0.89625	0.097804	0.0053621	0.00058593
669	0.88574	0.10832	0.0052937	0.00064806
670	0.88171	0.11235	0.0052641	0.00067141
671	0.88303	0.11105	0.0052663	0.00066291
672	0.88995	0.10413	0.0053019	0.000621
673	0.90166	0.092421	0.005366	0.00055065
674	0.92327	0.070815	0.0054887	0.00042164
675	0.95464	0.039452	0.0056693	0.00023483
676	0.96961	0.024495	0.0057521	0.00014574
677	0.97592	0.018191	0.0057835	0.00010814
678	0.98604	0.0080722	0.0058375	4.7959e-05
679	0.98674	0.0073824	0.0058355	4.3819e-05
680	0.98584	0.0082829	0.005824	4.9093e-05
681	0.98678	0.0073567	0.0058234	4.3573e-05
682	0.98596	0.0081797	0.0058124	4.8389e-05
683	0.98649	0.0076567	0.0058094	4.5246e-05
684	0.98843	0.0057249	0.0058148	3.3799e-05
685	0.99201	0.002152	0.0058298	1.2697e-05
686	0.99389	0.00027133	0.0058348	1.6e-06
687	0.99409	7.8179e-05	0.0058299	4.6042e-07
688	0.99345	0.00072626	0.0058201	4.2627e-06
689	0.9923	0.0018854	0.0058074	1.1049e-05
690	0.9898	0.0043844	0.0057868	2.565e-05
691	0.98866	0.0055368	0.0057742	3.2346e-05
692	0.9891	0.0050995	0.0057709	2.9761e-05
693	0.99087	0.003339	0.0057753	1.9457e-05
694	0.99167	0.0025443	0.005774	1.4807e-05
695	0.99178	0.0024352	0.0057687	1.416e-05
696	0.99135	0.0028746	0.0057602	1.6708e-05
697	0.98973	0.0044966	0.0057449	2.6109e-05
698	0.98968	0.0045532	0.0057386	2.642e-05
699	0.98855	0.0056867	0.0057262	3.2963e-05
700	0.98871	0.0055326	0.0057212	3.203e-05
701	0.99058	0.0036755	0.0057261	2.1261e-05
702	0.99133	0.0029302	0.0057245	1.6944e-05
703	0.99115	0.0031183	0.0057176	1.8018e-05
704	0.99203	0.0022399	0.0057168	1.2931e-05
705	0.99411	0.00016831	0.0057229	9.7219e-07
706	0.99314	0.0011433	0.0057115	6.5857e-06
707	0.99303	0.001257	0.0057051	7.2321e-06
708	0.99377	0.00052577	0.0057035	3.0208e-06
709	0.9079	0.086401	0.0052051	0.00049568
710	0.85766	0.13665	0.0049117	0.00078336
711	0.82265	0.17166	0.0047063	0.00098301
712	0.75481	0.23951	0.0043132	0.0013703
713	0.70729	0.28703	0.0040373	0.0016404
714	0.68037	0.31396	0.0038794	0.0017926
715	0.62589	0.36844	0.0035644	0.0021019
716	0.58928	0.40506	0.0033521	0.0023084
717	0.56435	0.43	0.0032068	0.002448
718	0.5488	0.44555	0.0031153	0.0025338
719	0.54284	0.45152	0.0030783	0.0025651
720	0.54466	0.44971	0.0030854	0.0025523
721	0.53605	0.45832	0.0030333	0.0025987
722	0.53292	0.46146	0.0030124	0.0026139
723	0.53488	0.45949	0.0030204	0.0026001
724	0.54517	0.44922	0.0030753	0.0025396
725	0.56311	0.43128	0.0031734	0.0024358
726	0.5913	0.40309	0.0033292	0.0022744
727	0.6338	0.36061	0.0035654	0.0020325
728	0.70712	0.28729	0.0039744	0.0016178
729	0.81458	0.17984	0.0045751	0.0010115
730	0.87068	0.12374	0.0048856	0.00069541
731	0.87733	0.1171	0.004918	0.00065744
732	0.88881	0.10562	0.0049774	0.00059243
733	0.9065	0.087935	0.0050715	0.00049271
734	0.93767	0.056768	0.0052408	0.00031783
735	0.98235	0.012099	0.0054854	6.7659e-05
736	0.98331	0.011143	0.0054852	6.2227e-05
737	0.98665	0.0078115	0.0054983	4.3566e-05
738	0.99328	0.0011869	0.0055297	6.616e-06
739	0.99286	0.0016075	0.0055218	8.9454e-06
740	0.99199	0.0024865	0.0055114	1.3823e-05
741	0.99233	0.0021515	0.0055076	1.1957e-05
742	0.98977	0.0047161	0.0054878	2.6205e-05
743	0.98859	0.0059042	0.0054756	3.278e-05
744	0.98864	0.0058586	0.0054704	3.2499e-05
745	0.98738	0.0071228	0.0054579	3.9462e-05
746	0.98415	0.010356	0.0054345	5.7315e-05
747	0.98266	0.011855	0.0054208	6.5541e-05
748	0.97847	0.016045	0.0053922	8.8574e-05
749	0.97638	0.018145	0.0053753	0.00010004
750	0.97681	0.017722	0.0053722	9.7607e-05
751	0.97922	0.015318	0.0053801	8.427e-05
752	0.98488	0.0096626	0.0054058	5.3122e-05
753	0.9939	0.00064514	0.0054499	3.5469e-06
754	0.99415	0.00039761	0.0054459	2.1835e-06
755	0.99434	0.00021883	0.0054415	1.2001e-06
756	0.99452	3.9539e-05	0.0054371	2.1663e-07
757	0.99318	0.0013883	0.0054244	7.5864e-06
758	0.9928	0.0017775	0.0054169	9.6997e-06
759	0.9935	0.0010783	0.0054154	5.8801e-06
760	0.99257	0.0020104	0.005405	1.0961e-05
761	0.99261	0.0019826	0.0053998	1.08e-05
762	0.99356	0.0010395	0.0053997	5.6582e-06
763	0.99271	0.0018866	0.0053898	1.025e-05
764	0.993	0.0016044	0.0053861	8.7107e-06
765	0.99425	0.00035994	0.0053876	1.9534e-06
766	0.9943	0.00031335	0.0053826	1.6976e-06
767	0.99357	0.0010484	0.0053733	5.675e-06
768	0.99204	0.0025901	0.0053598	1.4001e-05
769	0.99183	0.0027979	0.0053534	1.5114e-05
770	0.99266	0.0019733	0.0053527	1.0651e-05
771	0.99297	0.0016692	0.0053491	9.0077e-06
772	0.99274	0.0019089	0.0053426	1.0293e-05
773	0.99179	0.0028596	0.0053323	1.5398e-05
774	0.99184	0.0028128	0.0053274	1.5126e-05
775	0.99322	0.0014401	0.0053296	7.7442e-06
776	0.9924	0.0022677	0.0053201	1.2179e-05
777	0.99256	0.0021173	0.0053158	1.1358e-05
778	0.99366	0.0010199	0.0053166	5.4625e-06
779	0.99435	0.00033241	0.0053151	1.7792e-06
780	0.99418	0.00051184	0.0053091	2.7342e-06
781	0.99396	0.00073807	0.0053028	3.9402e-06
782	0.99448	0.00022252	0.0053005	1.1861e-06
783	0.99444	0.00025979	0.0052952	1.3841e-06
784	0.99354	0.0011661	0.0052853	6.2024e-06
785	0.99364	0.0010727	0.0052807	5.7026e-06
786	0.99455	0.0001715	0.0052805	9.1025e-07
787	0.99471	1.5236e-05	0.0052762	8.0914e-08
788	0.99437	0.00036101	0.0052694	1.9148e-06
789	0.99467	6.0221e-05	0.0052659	3.1921e-07
790	0.99442	0.00031784	0.0052595	1.6853e-06
791	0.99412	0.00062136	0.0052529	3.2927e-06
792	0.99359	0.0011601	0.0052451	6.1413e-06
793	0.99246	0.0022939	0.0052342	1.2127e-05
794	0.99235	0.0024128	0.0052286	1.2742e-05
795	0.99318	0.0015848	0.0052281	8.364e-06
796	0.99354	0.0012304	0.005225	6.4948e-06
797	0.99348	0.0012931	0.0052198	6.8234e-06
798	0.99294	0.0018348	0.0052121	9.6732e-06
799	0.98711	0.0076702	0.0051765	4.0353e-05
800	0.97528	0.019509	0.0051096	0.00010248
801	0.95074	0.044054	0.0049762	0.00023104
802	0.89484	0.099955	0.0046791	0.00052334
803	0.86247	0.13233	0.0045054	0.00069225
804	0.84109	0.15371	0.0043896	0.00080327
805	0.82764	0.16718	0.0043154	0.0008727
806	0.82209	0.17273	0.0042825	0.00090082
807	0.82279	0.17203	0.0042822	0.0008964
808	0.82994	0.16489	0.0043153	0.00085853
809	0.84548	0.14935	0.0043918	0.00077716
810	0.86972	0.12511	0.0045135	0.00065075
811	0.86778	0.12706	0.004499	0.00066041
812	0.8714	0.12345	0.0045134	0.00064122
813	0.87922	0.11563	0.0045496	0.00060029
814	0.87881	0.11604	0.0045431	0.00060195
815	0.88236	0.1125	0.0045572	0.00058313
816	0.89037	0.10449	0.0045944	0.00054124
817	0.87733	0.11754	0.0045228	0.00060811
818	0.87161	0.12326	0.0044891	0.00063714
819	0.8698	0.12507	0.0044756	0.00064591
820	0.86098	0.13391	0.004426	0.00069087
821	0.85695	0.13794	0.0044012	0.00071099
822	0.85682	0.13807	0.0043965	0.00071101
823	0.84757	0.14732	0.0043451	0.00075778
824	0.84497	0.14993	0.0043278	0.00077044
825	0.84632	0.14859	0.0043308	0.00076281
826	0.85401	0.1409	0.0043662	0.00072273
827	0.87024	0.12468	0.0044452	0.00063913
828	0.89445	0.10047	0.0045649	0.00051481
829	0.90399	0.090939	0.0046095	0.00046559
830	0.91898	0.075949	0.004682	0.00038855
831	0.94123	0.053705	0.0047914	0.00027452
832	0.95049	0.04445	0.0048344	0.00022697
833	0.95424	0.040698	0.0048492	0.00020761
834	0.9611	0.033844	0.0048798	0.00017245
835	0.97424	0.020717	0.0049423	0.00010548
836	0.97992	0.015038	0.0049667	7.647e-05
837	0.99065	0.0043068	0.0050168	2.1883e-05
838	0.98968	0.0052826	0.0050073	2.6802e-05
839	0.99027	0.0047037	0.0050057	2.3853e-05
840	0.98966	0.0053175	0.0049981	2.6937e-05
841	0.99029	0.0046898	0.0049968	2.3736e-05
842	0.99217	0.0028154	0.0050017	1.4239e-05
843	0.99278	0.0022077	0.0050004	1.1151e-05
844	0.99046	0.0045287	0.0049842	2.2834e-05
845	0.98985	0.0051427	0.0049766	2.5914e-05
846	0.99047	0.0045284	0.0049752	2.2805e-05
847	0.98987	0.0051413	0.0049677	2.5863e-05
848	0.98809	0.0069236	0.0049543	3.48e-05
849	0.98766	0.0073523	0.0049477	3.6923e-05
850	0.98854	0.0064789	0.0049477	3.251e-05
851	0.99083	0.0041985	0.0049548	2.1051e-05
852	0.99479	0.00023694	0.0049702	1.1862e-06
853	0.99496	7.1494e-05	0.0049667	3.5764e-07
854	0.99251	0.0025253	0.00495	1.2621e-05
855	0.97548	0.019558	0.0048606	9.7593e-05
856	0.96394	0.031109	0.0047988	0.00015505
857	0.95798	0.037069	0.0047649	0.0001846
858	0.95489	0.040162	0.0047453	0.00019982
859	0.95531	0.039747	0.0047431	0.0001976
860	0.9582	0.036864	0.0047532	0.00018312
861	0.9639	0.031167	0.0047773	0.00015468
862	0.97505	0.020022	0.0048284	9.9324e-05
863	0.99208	0.002998	0.0049085	1.4898e-05
864	0.9921	0.0029821	0.0049042	1.4809e-05
865	0.98714	0.0079464	0.0048754	3.9373e-05
866	0.98435	0.010735	0.0048574	5.3121e-05
867	0.98335	0.011749	0.0048482	5.8073e-05
868	0.98396	0.011134	0.0048471	5.4972e-05
869	0.98689	0.0082122	0.0048573	4.0525e-05
870	0.98804	0.0070615	0.0048587	3.4834e-05
871	0.98792	0.0071878	0.0048539	3.5447e-05
872	0.98601	0.0091089	0.0048402	4.4884e-05
873	0.98556	0.0095547	0.0048338	4.7047e-05
874	0.98654	0.0085787	0.0048345	4.2219e-05
875	0.98615	0.008973	0.0048283	4.4136e-05
876	0.98725	0.0078803	0.0048295	3.8753e-05
877	0.98999	0.0051433	0.0048388	2.5317e-05
878	0.9909	0.0042413	0.0048391	2.0886e-05
879	0.97895	0.016198	0.0047764	7.9516e-05
880	0.97254	0.022613	0.0047408	0.00011093
881	0.96902	0.026132	0.0047196	0.00012809
882	0.9679	0.027261	0.00471	0.00013354
883	0.96884	0.026319	0.0047106	0.00012887
884	0.96615	0.029018	0.0046935	0.00014194
885	0.96566	0.029513	0.0046872	0.00014425
886	0.94697	0.048207	0.0045923	0.00023508
887	0.90432	0.090859	0.0043814	0.00044209
888	0.81073	0.18445	0.0039239	0.00089562
889	0.59815	0.39704	0.0028912	0.0019244
890	0.45243	0.54276	0.0021843	0.0026273
891	0.35262	0.64257	0.0017008	0.0031069
892	0.29407	0.70112	0.0014168	0.003387
893	0.25431	0.74089	0.0012241	0.0035758
894	0.22663	0.76858	0.0010899	0.0037061
895	0.1706	0.82461	0.00081951	0.0039726
896	0.131	0.86421	0.00062865	0.0041596
897	0.10801	0.8872	0.00051775	0.0042666
898	0.095119	0.9001	0.00045539	0.0043251
899	0.086971	0.90825	0.00041594	0.0043606
900	0.08209	0.91314	0.00039224	0.0043805
901	0.07989	0.91534	0.00038143	0.0043874
902	0.081582	0.91365	0.00038921	0.0043758
903	0.087563	0.90768	0.00041741	0.0043437
904	0.072161	0.92308	0.00034356	0.0044137
905	0.061951	0.9333	0.00029463	0.0044588
906	0.056825	0.93843	0.00026995	0.0044796
907	0.054029	0.94122	0.00025642	0.0044893
908	0.054446	0.94081	0.00025817	0.0044837
909	0.057068	0.93819	0.0002704	0.0044677
910	0.061995	0.93327	0.00029358	0.0044407
911	0.070168	0.9251	0.00033215	0.0043983
912	0.082762	0.91251	0.00039169	0.004335
913	0.07565	0.91963	0.00035778	0.0043651
914	0.071477	0.9238	0.00033784	0.0043813
915	0.071137	0.92415	0.00033603	0.0043793
916	0.074534	0.92075	0.00035186	0.0043597
917	0.080691	0.9146	0.00038075	0.0043271
918	0.092723	0.90257	0.0004373	0.0042667
919	0.095215	0.90008	0.00044877	0.0042515
920	0.10097	0.89433	0.00047566	0.0042209
921	0.11282	0.88248	0.00053122	0.0041615
922	0.13028	0.86503	0.00061317	0.0040759
923	0.16083	0.83448	0.00075664	0.0039286
924	0.21274	0.78258	0.0010002	0.0036813
925	0.23819	0.75713	0.0011189	0.0035588
926	0.27611	0.71921	0.0012961	0.0033779
927	0.3407	0.65463	0.001598	0.0030723
928	0.44974	0.54559	0.0021073	0.0025592
929	0.60886	0.38648	0.0028507	0.0018121
930	0.67502	0.32032	0.0031582	0.0015008
931	0.78795	0.20739	0.0036837	0.00097157
932	0.83915	0.1562	0.0039202	0.00073142
933	0.91209	0.083265	0.0042581	0.00038983
934	0.9207	0.07466	0.0042949	0.00034928
935	0.93481	0.060547	0.0043575	0.00028301
936	0.9599	0.03546	0.0044712	0.00016568
937	0.96238	0.032986	0.0044792	0.00015403
938	0.96101	0.034365	0.0044692	0.00016031
939	0.96285	0.032521	0.0044742	0.00015161
940	0.96155	0.033831	0.0044645	0.00015762
941	0.96266	0.032719	0.0044661	0.00015233
942	0.96616	0.029225	0.0044788	0.00013599
943	0.96571	0.029682	0.0044732	0.00013799
944	0.96194	0.033453	0.0044522	0.00015537
945	0.96155	0.033847	0.0044468	0.0001571
946	0.96342	0.031975	0.0044519	0.00014833
947	0.96146	0.033942	0.0044393	0.0001573
948	0.96194	0.033464	0.0044381	0.00015495
949	0.96475	0.030665	0.0044476	0.00014187
950	0.97163	0.023781	0.0044759	0.00010997
951	0.9823	0.013118	0.0045217	6.065e-05
952	0.98684	0.0085768	0.0045391	3.9637e-05
953	0.99426	0.0011603	0.0045698	5.3731e-06
954	0.99401	0.0014201	0.0045651	6.5642e-06
955	0.98995	0.0054812	0.004543	2.5248e-05
956	0.98775	0.0076859	0.0045294	3.5362e-05
957	0.98709	0.0083517	0.0045229	3.8389e-05
958	0.95556	0.039882	0.0043748	0.00018306
959	0.88446	0.11099	0.0040456	0.00050873
960	0.83453	0.16092	0.0038142	0.00073678
961	0.79979	0.19567	0.0036526	0.00089496
962	0.78052	0.21493	0.0035618	0.0009823
963	0.77127	0.22419	0.0035168	0.0010239
964	0.76929	0.22617	0.003505	0.0010322
965	0.77222	0.22325	0.0035157	0.0010182
966	0.78047	0.21499	0.0035506	0.00097984
967	0.79524	0.20023	0.0036152	0.00091187
968	0.82284	0.17264	0.0037379	0.00078574
969	0.86285	0.13263	0.003917	0.00060326
970	0.92009	0.075394	0.0041743	0.00034263
971	0.94956	0.045927	0.0043049	0.00020861
972	0.99181	0.0036772	0.0044935	1.6665e-05
973	0.99145	0.0040421	0.0044885	1.8296e-05
974	0.99253	0.0029626	0.00449	1.3397e-05
975	0.99537	0.00013217	0.0044994	5.9822e-07
976	0.99358	0.0019276	0.0044879	8.73e-06
977	0.99284	0.0026683	0.0044811	1.2077e-05
978	0.99307	0.0024432	0.0044788	1.1055e-05
979	0.99429	0.0012253	0.0044809	5.5503e-06
