#coord	neutral	conserved	gBGC.neutral	gBGC.conserved
1	0.78102	0.21777	0.00094528	0.00026513
2	0.78887	0.20992	0.00095384	0.00025513
3	0.80251	0.19628	0.00096975	0.00023786
4	0.82832	0.17047	0.0010002	0.00020602
5	0.87364	0.12516	0.0010537	0.00015106
6	0.95069	0.048104	0.0011443	5.8947e-05
7	0.96075	0.038048	0.0011551	4.676e-05
8	0.97593	0.022872	0.0011723	2.8211e-05
9	0.99805	0.00075231	0.0011984	9.4983e-07
10	0.99802	0.00078536	0.0011973	9.837e-07
11	0.99771	0.0010942	0.0011959	1.3533e-06
12	0.99817	0.00062882	0.0011956	7.7484e-07
13	0.99742	0.0013799	0.0011937	1.6954e-06
14	0.99754	0.0012642	0.001193	1.5534e-06
15	0.9985	0.00030703	0.0011935	3.8218e-07
16	0.99849	0.00031914	0.0011928	3.955e-07
17	0.99847	0.00033377	0.0011923	4.1297e-07
18	0.99844	0.00037151	0.0011918	4.5986e-07
19	0.99718	0.0016319	0.00119	1.976e-06
20	0.99707	0.0017424	0.0011895	2.1283e-06
21	0.99628	0.0025253	0.0011882	3.0833e-06
22	0.99455	0.0042632	0.0011858	5.2352e-06
23	0.99408	0.0047326	0.001185	5.8198e-06
24	0.9919	0.0069061	0.0011822	8.4445e-06
25	0.99114	0.0076673	0.0011813	9.3346e-06
26	0.99179	0.0070236	0.0011822	8.4993e-06
27	0.99439	0.0044169	0.0011854	5.3349e-06
28	0.99562	0.0031924	0.0011869	3.8729e-06
29	0.99813	0.00067573	0.00119	8.2672e-07
30	0.99737	0.0014384	0.001189	1.7657e-06
31	0.99599	0.0028196	0.0011873	3.4975e-06
32	0.99566	0.0031519	0.0011869	3.9329e-06
33	0.99633	0.0024752	0.0011878	3.1276e-06
34	0.9961	0.002707	0.0011878	3.4284e-06
35	0.99155	0.0072611	0.0011822	9.177e-06
36	0.98892	0.009887	0.0011792	1.2483e-05
37	0.96897	0.029837	0.0011541	3.773e-05
38	0.95586	0.042947	0.001138	5.416e-05
39	0.94737	0.051439	0.0011279	6.4718e-05
40	0.94247	0.056336	0.0011224	7.0751e-05
41	0.94081	0.057994	0.001121	7.2737e-05
42	0.94193	0.05688	0.0011232	7.1255e-05
43	0.93744	0.061367	0.0011188	7.6475e-05
44	0.92639	0.072414	0.0011063	8.9714e-05
45	0.91972	0.079079	0.0010993	9.7565e-05
46	0.91664	0.082161	0.0010968	0.00010102
47	0.88122	0.11758	0.0010557	0.00014307
48	0.86107	0.13773	0.0010323	0.00016732
49	0.81299	0.18581	0.00097612	0.00022442
50	0.70626	0.29254	0.00085192	0.00034967
51	0.64326	0.35553	0.00077799	0.00042459
52	0.59925	0.39955	0.00072715	0.00047652
53	0.56892	0.42987	0.00069283	0.00051201
54	0.55271	0.44608	0.00067465	0.00053132
55	0.51521	0.48358	0.0006308	0.00057625
56	0.4944	0.50439	0.00060639	0.0006017
57	0.48191	0.51688	0.00059232	0.0006169
58	0.453	0.54579	0.00055819	0.00065212
59	0.39422	0.60456	0.00048731	0.00072405
60	0.36008	0.63871	0.00044574	0.00076662
61	0.33675	0.66203	0.00041782	0.00079564
62	0.32144	0.67735	0.00039992	0.0008147
63	0.31517	0.68362	0.00039274	0.000823
64	0.31605	0.68273	0.00039412	0.00082271
65	0.32434	0.67445	0.00040436	0.00081353
66	0.33924	0.65954	0.00042303	0.00079599
67	0.36734	0.63144	0.00045752	0.0007626
68	0.40942	0.58936	0.00050984	0.00071146
69	0.40875	0.59003	0.0005094	0.00071305
70	0.39762	0.60115	0.00049583	0.00072772
71	0.39476	0.60401	0.00049227	0.00073235
72	0.39939	0.59938	0.00049769	0.00072797
73	0.40952	0.58925	0.00051008	0.00071668
74	0.43074	0.56803	0.00053559	0.00069225
75	0.46332	0.53545	0.00057533	0.00065367
76	0.47406	0.52471	0.00058895	0.00064128
77	0.49634	0.50243	0.00061639	0.00061504
78	0.5305	0.46827	0.00065892	0.00057379
79	0.52641	0.47236	0.00065423	0.00057972
80	0.52746	0.4713	0.00065616	0.00057912
81	0.53379	0.46498	0.00066488	0.0005718
82	0.54614	0.45262	0.00068146	0.00055672
83	0.57086	0.4279	0.00071324	0.00052639
84	0.60719	0.39157	0.00076025	0.00048093
85	0.62436	0.3744	0.00078279	0.00045987
86	0.6564	0.34235	0.00082354	0.00042056
87	0.71195	0.28681	0.00089287	0.00035263
88	0.79105	0.2077	0.00099262	0.00025436
89	0.83202	0.16673	0.0010444	0.00020402
90	0.90197	0.096778	0.0011312	0.00011861
91	0.91117	0.087579	0.0011434	0.00010768
92	0.91266	0.08609	0.0011465	0.00010606
93	0.90877	0.089981	0.0011426	0.00011127
94	0.90825	0.090499	0.0011432	0.00011213
95	0.91104	0.087706	0.0011482	0.00010874
96	0.9194	0.079342	0.0011599	9.8507e-05
97	0.93274	0.066003	0.0011782	8.182e-05
98	0.95664	0.042098	0.0012095	5.2098e-05
99	0.99769	0.00105	0.0012617	1.4151e-06
100	0.98394	0.014796	0.0012445	2.0179e-05
101	0.97641	0.022328	0.0012356	3.0683e-05
102	0.97295	0.025786	0.001232	3.5753e-05
103	0.97186	0.026868	0.0012318	3.7558e-05
104	0.9737	0.025027	0.0012353	3.5579e-05
105	0.97805	0.020681	0.0012423	3.0262e-05
106	0.97296	0.025764	0.0012365	3.7822e-05
107	0.96085	0.03787	0.0012208	5.5393e-05
108	0.95306	0.045665	0.0012114	6.6755e-05
109	0.94991	0.048808	0.0012083	7.1752e-05
110	0.93999	0.058727	0.0011958	8.6328e-05
111	0.91586	0.082855	0.0011632	0.00012109
112	0.74068	0.25804	0.00091704	0.00036957
113	0.62074	0.37797	0.00075048	0.00053853
114	0.53608	0.46263	0.00063416	0.00065736
115	0.47651	0.52219	0.00055322	0.00074091
116	0.44228	0.55642	0.00050618	0.00079051
117	0.42367	0.57503	0.00048011	0.00081909
118	0.41277	0.58593	0.00046486	0.00083696
119	0.41026	0.58844	0.0004604	0.00084399
120	0.41544	0.58326	0.00046536	0.00084156
121	0.42625	0.57244	0.00047734	0.0008322
122	0.42431	0.57438	0.00047365	0.0008386
123	0.42734	0.57134	0.00047651	0.00083856
124	0.42058	0.5781	0.00046624	0.00085159
125	0.41899	0.57969	0.000463	0.00085769
126	0.42237	0.57631	0.00046627	0.00085737
127	0.41307	0.5856	0.00045308	0.00087361
128	0.38947	0.6092	0.00041941	0.00091029
129	0.37752	0.62115	0.0004016	0.00093106
130	0.34714	0.65152	0.00035671	0.00097887
131	0.32736	0.6713	0.00032744	0.0010112
132	0.27793	0.72073	0.00025566	0.0010861
133	0.24331	0.75534	0.00020555	0.0011394
134	0.22372	0.77493	0.0001761	0.001172
135	0.21143	0.78722	0.00015693	0.0011944
136	0.1784	0.82025	0.0001269	0.0012212
137	0.15969	0.83896	0.00010968	0.0012351
138	0.1477	0.85095	9.8791e-05	0.0012428
139	0.14071	0.85795	9.2581e-05	0.0012459
140	0.13772	0.86095	9.0108e-05	0.0012453
141	0.13828	0.86039	9.1006e-05	0.0012415
142	0.14248	0.85619	9.5427e-05	0.0012342
143	0.15093	0.84774	0.00010406	0.0012228
144	0.16405	0.83462	0.00011739	0.0012068
145	0.18752	0.81116	0.00014076	0.0011807
146	0.19498	0.8037	0.00014773	0.0011711
147	0.20746	0.79123	0.00015982	0.0011564
148	0.2309	0.76779	0.00018252	0.0011311
149	0.26476	0.73393	0.00021575	0.0010954
150	0.28003	0.71867	0.00022955	0.0010791
151	0.28416	0.71453	0.00023136	0.0010747
152	0.29324	0.70546	0.00023833	0.0010652
153	0.31211	0.68659	0.00025464	0.0010464
154	0.3166	0.68211	0.00026163	0.0010237
155	0.3295	0.66924	0.000279	0.00099054
156	0.35043	0.64831	0.0003073	0.00094678
157	0.38242	0.61634	0.00035095	0.00088801
158	0.4381	0.56068	0.00042607	0.00079766
159	0.51986	0.47894	0.00053715	0.00067169
160	0.56107	0.43774	0.000588	0.0006058
161	0.57707	0.42175	0.00060393	0.00057518
162	0.55933	0.43951	0.00057975	0.00058503
163	0.54864	0.45021	0.00056377	0.000587
164	0.54637	0.45249	0.00055682	0.00057981
165	0.55188	0.447	0.00055852	0.00056381
166	0.56669	0.4322	0.00057078	0.00053712
167	0.59064	0.40826	0.00059424	0.00049958
168	0.60042	0.3985	0.00059947	0.00048013
169	0.57186	0.42708	0.00056384	0.00050138
170	0.51358	0.48537	0.00049927	0.00055143
171	0.40108	0.59789	0.00038256	0.00065346
172	0.3241	0.67487	0.00030417	0.00071752
173	0.27879	0.7202	0.00025696	0.00075029
174	0.25266	0.74634	0.00022854	0.00076415
175	0.23569	0.76333	0.00020969	0.00076875
176	0.19952	0.79952	0.00017339	0.00079071
177	0.17518	0.82387	0.0001491	0.00080095
178	0.15917	0.83989	0.00013305	0.00080324
179	0.14919	0.84988	0.00012278	0.00080002
180	0.14343	0.85566	0.00011646	0.0007931
181	0.143	0.85611	0.00011463	0.00078162
182	0.14778	0.85134	0.00011707	0.00076577
183	0.157	0.84213	0.00012329	0.00074643
184	0.17496	0.82419	0.00013632	0.00072018
185	0.16581	0.83334	0.00012701	0.00071655
186	0.16125	0.83792	0.00012169	0.00070919
187	0.16225	0.83693	0.00012069	0.00069743
188	0.16683	0.83236	0.00012258	0.00068301
189	0.1783	0.82091	0.0001295	0.00066348
190	0.17884	0.82038	0.000128	0.00065261
191	0.17122	0.82801	0.00012029	0.00064787
192	0.1676	0.83164	0.0001158	0.00064013
193	0.16756	0.83169	0.00011408	0.00062986
194	0.17328	0.82599	0.00011629	0.00061557
195	0.18638	0.8129	0.00012335	0.00059636
196	0.18974	0.80955	0.00012329	0.00058418
197	0.19723	0.80207	0.00012606	0.00056941
198	0.20976	0.78956	0.00013214	0.00055156
199	0.22883	0.7705	0.00014239	0.00052975
200	0.26282	0.73652	0.00016153	0.00049898
201	0.31299	0.68636	0.00019052	0.0004586
202	0.33382	0.66554	0.00020034	0.00043764
203	0.36563	0.63375	0.00021687	0.00041023
204	0.4114	0.58799	0.00024174	0.0003747
205	0.47882	0.52057	0.00027955	0.00032647
206	0.57444	0.42497	0.00033394	0.0002619
207	0.7356	0.26381	0.00042495	0.00016059
208	0.97077	0.028652	0.00055822	1.73e-05
209	0.97266	0.02677	0.00054944	1.5903e-05
210	0.96166	0.037789	0.00053363	2.182e-05
211	0.72083	0.27862	0.00038948	0.00015593
212	0.55034	0.44912	0.00028995	0.00024566
213	0.42969	0.56978	0.00022115	0.00030489
214	0.34438	0.6551	0.00017353	0.00034314
215	0.29407	0.70542	0.00014474	0.00036249
216	0.25886	0.74064	0.0001247	0.00037327
217	0.23451	0.765	0.00011076	0.00037813
218	0.22146	0.77806	0.00010244	0.00037731
219	0.21415	0.78538	9.7172e-05	0.00037363
220	0.19168	0.80786	8.5353e-05	0.00037668
221	0.13928	0.86027	6.1101e-05	0.00039235
222	0.10834	0.89122	4.6668e-05	0.00039814
223	0.086567	0.913	3.6744e-05	0.00039958
224	0.074133	0.92544	3.0919e-05	0.00039687
225	0.065763	0.93382	2.7014e-05	0.00039238
226	0.060452	0.93914	2.4507e-05	0.00038665
227	0.058901	0.9407	2.3515e-05	0.00037935
228	0.060609	0.939	2.379e-05	0.00037074
229	0.057068	0.94255	2.1978e-05	0.00036417
230	0.055878	0.94374	2.1152e-05	0.00035678
231	0.056646	0.94298	2.1109e-05	0.00034874
232	0.060884	0.93875	2.2295e-05	0.00033942
233	0.068161	0.93148	2.4582e-05	0.00032916
234	0.079089	0.92057	2.8147e-05	0.00031776
235	0.095566	0.9041	3.3645e-05	0.00030458
236	0.12392	0.87574	4.3016e-05	0.00028747
237	0.16545	0.83423	5.6745e-05	0.00026616
238	0.23553	0.76415	7.9389e-05	0.00023589
239	0.33774	0.66196	0.00011217	0.00019563
240	0.35011	0.64959	0.00011381	0.00018646
241	0.37418	0.62553	0.00011881	0.00017386
242	0.4106	0.58911	0.00012749	0.00015775
243	0.46285	0.53687	0.00014073	0.00013723
244	0.48399	0.51574	0.00014409	0.00012675
245	0.52229	0.47745	0.00015203	0.00011162
246	0.57915	0.4206	0.00016508	9.1558e-05
247	0.60765	0.39209	0.00017038	8.603e-05
248	0.65061	0.34914	0.00017879	7.7424e-05
249	0.64832	0.35142	0.00017741	7.8658e-05
250	0.63449	0.36526	0.00017281	8.308e-05
251	0.62741	0.37233	0.00017019	8.5554e-05
252	0.62561	0.37414	0.00016906	8.6585e-05
253	0.63147	0.36827	0.00016978	8.5739e-05
254	0.64382	0.35592	0.00017209	8.3333e-05
255	0.66443	0.33531	0.00017638	7.8993e-05
256	0.67027	0.32947	0.00017735	7.8013e-05
257	0.6825	0.31724	0.00017992	7.5469e-05
258	0.70287	0.29687	0.00018449	7.0961e-05
259	0.70815	0.29159	0.00018558	6.9976e-05
260	0.71901	0.28073	0.0001881	6.7595e-05
261	0.74089	0.25885	0.00019318	6.2629e-05
262	0.77436	0.22538	0.00020114	5.4826e-05
263	0.82425	0.17549	0.00021319	4.2964e-05
264	0.90905	0.090698	0.00023341	2.2919e-05
265	0.91969	0.080057	0.00023611	2.0433e-05
266	0.9235	0.07624	0.00023709	1.964e-05
267	0.93102	0.068728	0.00023905	1.7901e-05
268	0.92155	0.078195	0.00023667	2.0552e-05
269	0.91618	0.083566	0.00023545	2.2082e-05
270	0.91425	0.085487	0.00023521	2.2681e-05
271	0.91582	0.08392	0.00023594	2.2345e-05
272	0.89215	0.10759	0.00023009	2.8638e-05
273	0.87925	0.12049	0.00022699	3.215e-05
274	0.87151	0.12823	0.00022533	3.4266e-05
275	0.86989	0.12985	0.00022522	3.4804e-05
276	0.87391	0.12583	0.00022653	3.3886e-05
277	0.88266	0.11708	0.00022916	3.1697e-05
278	0.87151	0.12823	0.00022643	3.4839e-05
279	0.86521	0.13453	0.00022508	3.6646e-05
280	0.86478	0.13496	0.00022524	3.6913e-05
281	0.86854	0.1312	0.00022658	3.6037e-05
282	0.87703	0.12271	0.00022927	3.3866e-05
283	0.87713	0.12261	0.00022979	3.3907e-05
284	0.87046	0.12928	0.00022856	3.5747e-05
285	0.86788	0.13185	0.00022849	3.6469e-05
286	0.87095	0.12878	0.00022988	3.5698e-05
287	0.88054	0.1192	0.00023298	3.319e-05
288	0.89936	0.10037	0.0002385	2.8229e-05
289	0.87841	0.12132	0.00023304	3.4215e-05
290	0.86458	0.13515	0.00022965	3.8176e-05
291	0.85664	0.14309	0.00022797	4.0479e-05
292	0.85308	0.14665	0.00022756	4.1554e-05
293	0.85541	0.14432	0.0002287	4.1046e-05
294	0.86233	0.1374	0.00023119	3.9235e-05
295	0.87485	0.12487	0.00023534	3.5817e-05
296	0.87777	0.12196	0.0002369	3.5045e-05
297	0.88475	0.11498	0.00023967	3.3091e-05
298	0.89946	0.10027	0.00024459	2.8971e-05
299	0.92147	0.078253	0.00025173	2.2672e-05
300	0.95452	0.045204	0.00026227	1.3028e-05
301	0.94843	0.05129	0.00026125	1.4766e-05
302	0.94674	0.052979	0.00026141	1.5296e-05
303	0.94795	0.051772	0.00026246	1.4989e-05
304	0.94505	0.054674	0.00026228	1.587e-05
305	0.94513	0.054592	0.00026303	1.5886e-05
306	0.94928	0.050444	0.00026487	1.4766e-05
307	0.94817	0.051549	0.00026529	1.5126e-05
308	0.94972	0.050004	0.00026653	1.4709e-05
309	0.95557	0.044144	0.00026896	1.3071e-05
310	0.95602	0.043698	0.00026989	1.2971e-05
311	0.95175	0.047963	0.00026954	1.4215e-05
312	0.95139	0.048323	0.00027026	1.4358e-05
313	0.94564	0.054079	0.00026948	1.6047e-05
314	0.94427	0.055444	0.00026991	1.6495e-05
315	0.94585	0.053862	0.00027128	1.6062e-05
316	0.95061	0.049105	0.00027366	1.4666e-05
317	0.96091	0.038802	0.00027764	1.1643e-05
318	0.97643	0.023279	0.00028329	6.9941e-06
319	0.97105	0.028662	0.00028267	8.5902e-06
320	0.96846	0.031252	0.00028293	9.3544e-06
321	0.96902	0.030689	0.00028407	9.2084e-06
322	0.95366	0.046046	0.00028061	1.3722e-05
323	0.94557	0.054136	0.00027918	1.6164e-05
324	0.92544	0.07426	0.00027428	2.2134e-05
325	0.91465	0.085057	0.00027201	2.543e-05
326	0.91011	0.089592	0.00027154	2.6904e-05
327	0.91048	0.089223	0.00027247	2.6937e-05
328	0.88049	0.11921	0.00026427	3.6159e-05
329	0.86075	0.13895	0.00025926	4.2237e-05
330	0.8479	0.15179	0.00025641	4.6221e-05
331	0.84267	0.15702	0.00025575	4.7968e-05
332	0.84357	0.15612	0.00025689	4.7888e-05
333	0.85075	0.14894	0.00025989	4.5924e-05
334	0.8637	0.13599	0.00026476	4.2134e-05
335	0.88794	0.11175	0.00027302	3.4926e-05
336	0.93002	0.069674	0.0002866	2.2362e-05
337	0.94896	0.050727	0.00029337	1.6654e-05
338	0.94851	0.051178	0.00029409	1.6964e-05
339	0.95195	0.047741	0.00029599	1.6065e-05
340	0.95045	0.04924	0.00029637	1.6731e-05
341	0.9527	0.04699	0.00029791	1.6207e-05
342	0.95784	0.041843	0.00030045	1.4733e-05
343	0.95897	0.040711	0.00030167	1.4564e-05
344	0.96291	0.036776	0.00030388	1.3456e-05
345	0.97165	0.028033	0.00030758	1.0827e-05
346	0.96944	0.030243	0.00030754	1.1895e-05
347	0.96182	0.037858	0.00030547	1.5057e-05
348	0.95743	0.042246	0.00030468	1.6982e-05
349	0.95574	0.043934	0.00030496	1.7899e-05
350	0.95763	0.04205	0.00030646	1.7566e-05
351	0.96224	0.037438	0.00030897	1.6269e-05
352	0.96215	0.037528	0.00030986	1.6652e-05
353	0.96443	0.035238	0.00031169	1.615e-05
354	0.97072	0.028955	0.00031487	1.4264e-05
355	0.9657	0.033968	0.00031327	1.5853e-05
356	0.96352	0.036147	0.00031277	1.6402e-05
357	0.96386	0.035806	0.00031327	1.5997e-05
358	0.95973	0.039936	0.00031218	1.7237e-05
359	0.94717	0.052499	0.00030828	2.133e-05
360	0.93917	0.060496	0.00030599	2.3861e-05
361	0.93618	0.063486	0.00030533	2.4726e-05
362	0.93635	0.063319	0.00030586	2.4462e-05
363	0.9397	0.05997	0.00030761	2.3025e-05
364	0.94817	0.051495	0.0003112	1.9722e-05
365	0.96136	0.038306	0.00031666	1.459e-05
366	0.98486	0.014811	0.00032594	5.6067e-06
367	0.98337	0.016299	0.00032576	6.0509e-06
368	0.98361	0.016055	0.00032623	5.8856e-06
369	0.98637	0.013298	0.00032754	4.8508e-06
370	0.98704	0.012632	0.00032806	4.5813e-06
371	0.98951	0.010162	0.00032927	3.6677e-06
372	0.99017	0.0094941	0.00032979	3.4099e-06
373	0.99249	0.0071805	0.00033095	2.5676e-06
374	0.99754	0.0021218	0.00033303	7.7791e-07
375	0.99598	0.0036823	0.00033283	1.3116e-06
376	0.99562	0.0040435	0.00033311	1.4296e-06
377	0.99641	0.0032574	0.00033384	1.1485e-06
378	0.99613	0.003538	0.00033415	1.2451e-06
379	0.99465	0.0050137	0.00033411	1.7477e-06
380	0.98331	0.016358	0.00033062	5.6685e-06
381	0.97584	0.023826	0.00032854	8.2319e-06
382	0.96128	0.038388	0.00032392	1.3291e-05
383	0.95359	0.046077	0.00032161	1.6022e-05
384	0.9495	0.050163	0.00032061	1.7478e-05
385	0.9494	0.050258	0.00032094	1.7587e-05
386	0.95197	0.047691	0.00032225	1.6761e-05
387	0.95751	0.042151	0.00032465	1.4884e-05
388	0.95796	0.041697	0.00032538	1.4741e-05
389	0.95398	0.045683	0.0003245	1.6166e-05
390	0.94238	0.05728	0.00032106	2.0204e-05
391	0.86589	0.13377	0.0002948	4.7038e-05
392	0.81214	0.18751	0.00027668	6.5776e-05
393	0.78128	0.21838	0.00026629	7.675e-05
394	0.76041	0.23924	0.00025951	8.416e-05
395	0.75021	0.24945	0.00025633	8.7943e-05
396	0.74578	0.25388	0.00025526	8.967e-05
397	0.74831	0.25134	0.00025653	8.9021e-05
398	0.75581	0.24384	0.00025962	8.6597e-05
399	0.75292	0.24673	0.00025919	8.775e-05
400	0.75466	0.245	0.00026046	8.7245e-05
401	0.76123	0.23842	0.00026355	8.4982e-05
402	0.77667	0.22298	0.00026971	7.9603e-05
403	0.78173	0.21792	0.00027211	7.7954e-05
404	0.79251	0.20714	0.00027667	7.4204e-05
405	0.81401	0.18564	0.00028498	6.6675e-05
406	0.85202	0.14763	0.00029904	5.3357e-05
407	0.90648	0.093171	0.00031927	3.3925e-05
408	0.98648	0.013167	0.00034918	4.8612e-06
409	0.99913	0.00051147	0.00035456	3.0262e-07
410	0.99729	0.0023527	0.00035233	9.4878e-07
411	0.99655	0.003097	0.00035057	1.1889e-06
412	0.99486	0.0047851	0.00034855	1.757e-06
413	0.99477	0.0048804	0.00034705	1.7679e-06
414	0.99624	0.0034091	0.00034605	1.2337e-06
415	0.99415	0.0055067	0.00034387	1.9542e-06
416	0.99346	0.0061962	0.00034226	2.1708e-06
417	0.99444	0.0052175	0.00034118	1.818e-06
418	0.99356	0.0060939	0.0003394	2.1167e-06
419	0.99132	0.008342	0.0003371	2.8988e-06
420	0.99056	0.0091002	0.0003354	3.1522e-06
421	0.9912	0.0084595	0.00033424	2.9173e-06
422	0.99343	0.0062352	0.0003337	2.1336e-06
423	0.99389	0.0057716	0.00033263	1.9477e-06
424	0.99328	0.0063877	0.00033114	2.1331e-06
425	0.99435	0.0053136	0.00033018	1.7635e-06
426	0.9974	0.0022731	0.0003298	7.5715e-07
427	0.99875	0.00091616	0.00032894	3.0431e-07
428	0.9985	0.0011684	0.0003275	3.8962e-07
429	0.99904	0.00063251	0.00032638	2.1211e-07
430	0.99575	0.0039269	0.00032406	1.2931e-06
431	0.98863	0.01105	0.00032059	3.5896e-06
432	0.98417	0.015505	0.00031807	4.9896e-06
433	0.98199	0.017685	0.00031636	5.637e-06
434	0.98236	0.017319	0.00031542	5.482e-06
435	0.98538	0.014302	0.00031528	4.4965e-06
436	0.98544	0.01424	0.00031394	4.4946e-06
437	0.97479	0.024895	0.00030923	7.9166e-06
438	0.9693	0.030386	0.00030614	9.6826e-06
439	0.96647	0.033214	0.000304	1.0562e-05
440	0.96694	0.03275	0.00030285	1.0413e-05
441	0.97082	0.028864	0.0003027	9.2193e-06
442	0.94672	0.052974	0.00029339	1.7145e-05
443	0.93027	0.069423	0.00028678	2.2437e-05
444	0.91993	0.079764	0.00028228	2.5674e-05
445	0.89824	0.10145	0.00027408	3.2576e-05
446	0.88379	0.11591	0.00026836	3.7059e-05
447	0.87699	0.12271	0.000265	3.9138e-05
448	0.85746	0.14224	0.00025777	4.5159e-05
449	0.84758	0.15211	0.00025351	4.8163e-05
450	0.84286	0.15684	0.00025098	4.9501e-05
451	0.8426	0.1571	0.00024991	4.9427e-05
452	0.84678	0.15292	0.00025029	4.7971e-05
453	0.85555	0.14416	0.00025213	4.5093e-05
454	0.87053	0.12917	0.00025597	4.0277e-05
455	0.89388	0.10582	0.0002625	3.2826e-05
456	0.93446	0.065246	0.00027417	2.0206e-05
457	0.8192	0.18051	0.00023915	5.4246e-05
458	0.7405	0.25921	0.00021547	7.6999e-05
459	0.68524	0.31447	0.00019896	9.2623e-05
460	0.57782	0.42189	0.00016726	0.00012341
461	0.51493	0.48478	0.00014838	0.00014135
462	0.4784	0.52131	0.00013714	0.00015164
463	0.39051	0.6092	0.00011126	0.00017659
464	0.33914	0.66057	9.5896e-05	0.00019101
465	0.30325	0.69646	8.5264e-05	0.00020073
466	0.28307	0.71665	7.911e-05	0.00020596
467	0.26999	0.72972	7.5107e-05	0.00020907
468	0.26498	0.73474	7.3356e-05	0.0002099
469	0.26664	0.73308	7.3443e-05	0.00020888
470	0.25701	0.74271	7.0413e-05	0.00021102
471	0.25469	0.74503	6.9403e-05	0.00021111
472	0.24144	0.75828	6.5394e-05	0.00021425
473	0.23409	0.76563	6.312e-05	0.00021568
474	0.23117	0.76855	6.213e-05	0.00021586
475	0.18228	0.81745	4.8384e-05	0.00022878
476	0.14782	0.8519	3.8823e-05	0.00023754
477	0.12368	0.87605	3.2204e-05	0.0002434
478	0.11017	0.88955	2.8427e-05	0.00024639
479	0.10171	0.89802	2.6074e-05	0.00024799
480	0.079022	0.92071	2.0017e-05	0.00025333
481	0.063092	0.93664	1.582e-05	0.00025684
482	0.052005	0.94772	1.2938e-05	0.00025906
483	0.044428	0.9553	1.0997e-05	0.00026036
484	0.039698	0.96003	9.8095e-06	0.00026094
485	0.038	0.96173	9.3756e-06	0.00026075
486	0.038058	0.96167	9.4095e-06	0.00026013
487	0.033695	0.96604	8.2854e-06	0.00026064
488	0.0321	0.96763	7.852e-06	0.00026046
489	0.031922	0.96781	7.794e-06	0.00025992
490	0.027475	0.97226	6.6217e-06	0.00026049
491	0.024865	0.97487	5.9371e-06	0.00026059
492	0.023563	0.97617	5.5947e-06	0.00026038
493	0.018129	0.98161	4.1874e-06	0.00026122
494	0.015227	0.98451	3.4067e-06	0.00026142
495	0.01406	0.98568	3.0461e-06	0.00026119
496	0.013811	0.98593	2.9121e-06	0.00026076
497	0.014958	0.98478	3.0821e-06	0.00026001
498	0.017174	0.98256	3.4841e-06	0.00025905
499	0.021639	0.9781	4.3325e-06	0.00025764
500	0.029619	0.97012	5.8559e-06	0.00025554
501	0.040893	0.95885	8.0313e-06	0.00025281
502	0.060228	0.93951	1.1726e-05	0.00024855
503	0.067949	0.93179	1.3096e-05	0.00024664
504	0.082186	0.91755	1.5694e-05	0.00024349
505	0.10258	0.89716	1.9488e-05	0.00023917
506	0.1316	0.86815	2.4958e-05	0.0002332
507	0.1741	0.82564	3.308e-05	0.00022461
508	0.2342	0.76555	4.4677e-05	0.00021257
509	0.33628	0.66346	6.4145e-05	0.00019264
510	0.48514	0.5146	9.282e-05	0.00016354
511	0.50342	0.49632	9.7162e-05	0.00015489
512	0.53104	0.46871	0.00010416	0.00014369
513	0.57942	0.42034	0.00011677	0.00012682
514	0.65079	0.34897	0.00013582	0.00010362
515	0.75542	0.24434	0.00016416	7.1232e-05
516	0.93175	0.068016	0.00021141	1.9886e-05
517	0.93756	0.06221	0.00020949	1.7817e-05
518	0.94974	0.050037	0.0002091	1.4151e-05
519	0.97156	0.028224	0.000211	8.1336e-06
520	0.95146	0.048329	0.00020252	1.2625e-05
521	0.94043	0.059354	0.00019615	1.4934e-05
522	0.93398	0.065809	0.00019103	1.6111e-05
523	0.93118	0.06862	0.0001869	1.6432e-05
524	0.93161	0.068194	0.0001836	1.6031e-05
525	0.93507	0.064733	0.00018104	1.4986e-05
526	0.92161	0.0782	0.00017487	1.75e-05
527	0.91507	0.084743	0.0001701	1.8542e-05
528	0.91216	0.087656	0.00016622	1.8806e-05
529	0.86883	0.13099	0.00015373	3.1629e-05
530	0.83978	0.16003	0.00014542	4.0305e-05
531	0.82393	0.17588	0.0001407	4.5375e-05
532	0.78485	0.21497	0.00013231	5.2057e-05
533	0.76297	0.23685	0.0001271	5.5537e-05
534	0.74943	0.25039	0.00012357	5.7391e-05
535	0.71969	0.28013	0.00011705	6.2196e-05
536	0.70052	0.2993	0.00011261	6.4979e-05
537	0.68917	0.31065	0.00010969	6.6301e-05
538	0.65907	0.34075	0.00010363	7.0805e-05
539	0.63972	0.36011	9.9559e-05	7.3371e-05
540	0.62773	0.3721	9.6833e-05	7.4633e-05
541	0.62166	0.37817	9.5183e-05	7.486e-05
542	0.6233	0.37653	9.4807e-05	7.3789e-05
543	0.63322	0.36661	9.5811e-05	7.131e-05
544	0.61199	0.38785	9.1468e-05	7.4152e-05
545	0.59857	0.40127	8.8518e-05	7.5642e-05
546	0.59135	0.40849	8.6658e-05	7.6083e-05
547	0.56683	0.43301	8.2132e-05	7.9229e-05
548	0.55447	0.44537	7.9501e-05	8.0455e-05
549	0.55084	0.449	7.8225e-05	8.0302e-05
550	0.55236	0.44749	7.781e-05	7.9327e-05
551	0.55919	0.44066	7.8271e-05	7.7513e-05
552	0.57578	0.42406	8.0194e-05	7.4214e-05
553	0.60215	0.3977	8.3674e-05	6.9399e-05
554	0.64073	0.35912	8.9088e-05	6.2688e-05
555	0.69617	0.30368	9.7167e-05	5.3349e-05
556	0.77513	0.22472	0.00010897	4.0325e-05
557	0.80889	0.19096	0.00011349	3.4621e-05
558	0.85751	0.14235	0.00012039	2.6575e-05
559	0.84717	0.15268	0.00011781	2.8058e-05
560	0.84371	0.15614	0.00011629	2.8452e-05
561	0.84627	0.15358	0.00011567	2.7918e-05
562	0.82167	0.17819	0.0001106	3.1801e-05
563	0.80597	0.19389	0.0001071	3.416e-05
564	0.79894	0.20092	0.00010495	3.5145e-05
565	0.72031	0.27955	9.143e-05	4.7538e-05
566	0.67461	0.32526	8.3202e-05	5.4613e-05
567	0.64304	0.35682	7.7399e-05	5.9298e-05
568	0.62616	0.3737	7.3874e-05	6.1681e-05
569	0.61904	0.38083	7.1807e-05	6.2583e-05
570	0.61972	0.38015	7.082e-05	6.2382e-05
571	0.62838	0.37149	7.0822e-05	6.1168e-05
572	0.64421	0.35566	7.1719e-05	5.9097e-05
573	0.67414	0.32573	7.4139e-05	5.548e-05
574	0.66729	0.33258	7.0724e-05	5.3524e-05
575	0.66816	0.33172	6.8213e-05	5.0603e-05
576	0.67461	0.32528	6.6487e-05	4.7031e-05
577	0.67187	0.32802	6.3437e-05	4.4692e-05
578	0.67408	0.32582	6.1025e-05	4.1837e-05
579	0.6815	0.3184	5.924e-05	3.8474e-05
580	0.69859	0.30131	5.8365e-05	3.4141e-05
581	0.70247	0.29744	5.5939e-05	3.1479e-05
582	0.71223	0.28769	5.4126e-05	2.833e-05
583	0.71054	0.28938	5.1243e-05	2.6366e-05
584	0.71612	0.2838	4.8875e-05	2.3829e-05
585	0.72788	0.27205	4.7038e-05	2.0884e-05
586	0.7475	0.25244	4.5804e-05	1.7459e-05
587	0.7778	0.22214	4.5298e-05	1.3425e-05
588	0.79064	0.20931	4.3072e-05	1.1051e-05
589	0.77571	0.22424	4.1847e-05	1.1809e-05
590	0.76738	0.23257	4.1024e-05	1.2185e-05
591	0.76445	0.2355	4.0522e-05	1.2259e-05
592	0.7665	0.23345	4.0307e-05	1.2065e-05
593	0.77608	0.22387	4.0456e-05	1.1491e-05
594	0.79572	0.20423	4.1078e-05	1.0427e-05
595	0.82591	0.17404	4.2245e-05	8.8376e-06
596	0.871	0.12894	4.4172e-05	6.5066e-06
597	0.93536	0.064594	4.7076e-05	3.2161e-06
598	0.9688	0.031154	4.8351e-05	1.5376e-06
599	0.98634	0.013608	4.8793e-05	6.7416e-07
600	0.98396	0.015995	4.8276e-05	7.8791e-07
601	0.97548	0.024472	4.7439e-05	1.2035e-06
602	0.95854	0.041409	4.6166e-05	2.0379e-06
603	0.94764	0.052314	4.5231e-05	2.5538e-06
604	0.92572	0.074232	4.3744e-05	3.6048e-06
605	0.91368	0.086268	4.2729e-05	4.166e-06
606	0.90638	0.093578	4.1975e-05	4.4841e-06
607	0.90457	0.095385	4.1465e-05	4.5407e-06
608	0.9064	0.093554	4.1149e-05	4.4235e-06
609	0.91181	0.088149	4.1014e-05	4.141e-06
610	0.91034	0.089613	4.0583e-05	4.1721e-06
611	0.91369	0.08627	4.0349e-05	3.989e-06
612	0.91055	0.089404	3.9844e-05	4.0952e-06
613	0.91228	0.087676	3.9537e-05	3.9869e-06
614	0.91781	0.08215	3.9418e-05	3.7098e-06
615	0.92793	0.072031	3.9517e-05	3.2316e-06
616	0.93058	0.069378	3.9305e-05	3.0829e-06
617	0.93659	0.063364	3.9256e-05	2.7872e-06
618	0.93769	0.062266	3.897e-05	2.7113e-06
619	0.94179	0.058164	3.8829e-05	2.506e-06
620	0.95138	0.048583	3.8896e-05	2.0764e-06
621	0.95527	0.044686	3.8698e-05	1.8953e-06
622	0.94438	0.055577	3.7914e-05	2.3189e-06
623	0.93768	0.062279	3.7324e-05	2.5625e-06
624	0.93576	0.064198	3.6911e-05	2.6141e-06
625	0.93808	0.061879	3.6647e-05	2.4989e-06
626	0.94387	0.05609	3.654e-05	2.2458e-06
627	0.95396	0.045998	3.6618e-05	1.8232e-06
628	0.95052	0.049445	3.6143e-05	1.9375e-06
629	0.94979	0.050173	3.5792e-05	1.9433e-06
630	0.95295	0.047017	3.557e-05	1.804e-06
631	0.96088	0.039081	3.5505e-05	1.4914e-06
632	0.95606	0.043904	3.4981e-05	1.6555e-06
633	0.95403	0.045934	3.4579e-05	1.7114e-06
634	0.95455	0.045413	3.4287e-05	1.6712e-06
635	0.95898	0.04098	3.4119e-05	1.4922e-06
636	0.96859	0.031377	3.4113e-05	1.135e-06
637	0.97277	0.027192	3.389e-05	9.7833e-07
638	0.98019	0.019774	3.3797e-05	7.0939e-07
639	0.99152	0.0084434	3.3852e-05	3.0619e-07
640	0.98899	0.01098	3.34e-05	3.9407e-07
641	0.9827	0.017262	3.2836e-05	6.0923e-07
642	0.979	0.020965	3.2382e-05	7.3002e-07
643	0.96971	0.030254	3.176e-05	1.0335e-06
644	0.96419	0.03578	3.1286e-05	1.204e-06
645	0.96248	0.037489	3.0922e-05	1.2487e-06
646	0.95676	0.043211	3.0412e-05	1.4253e-06
647	0.95418	0.045787	3.0024e-05	1.4945e-06
648	0.95526	0.044707	2.9736e-05	1.4481e-06
649	0.89826	0.10171	2.7633e-05	3.2326e-06
650	0.86523	0.13474	2.6289e-05	4.2427e-06
651	0.8434	0.15657	2.5337e-05	4.8739e-06
652	0.79232	0.20765	2.3535e-05	6.3687e-06
653	0.7631	0.23687	2.2395e-05	7.1865e-06
654	0.74423	0.25574	2.1602e-05	7.6704e-06
655	0.69832	0.30165	2.0054e-05	8.9197e-06
656	0.67241	0.32756	1.9087e-05	9.5753e-06
657	0.65609	0.34388	1.8427e-05	9.9356e-06
658	0.64931	0.35066	1.803e-05	1.0021e-05
659	0.64773	0.35224	1.7794e-05	9.9537e-06
660	0.65165	0.34833	1.7724e-05	9.7321e-06
661	0.66106	0.33892	1.7816e-05	9.3583e-06
662	0.68126	0.31871	1.8183e-05	8.6975e-06
663	0.71799	0.28199	1.8964e-05	7.6097e-06
664	0.7726	0.22737	2.0226e-05	6.0523e-06
665	0.86534	0.13463	2.243e-05	3.5395e-06
666	0.91369	0.086285	2.3394e-05	2.2527e-06
667	0.91803	0.081947	2.3224e-05	2.113e-06
668	0.90159	0.098387	2.2545e-05	2.4941e-06
669	0.89101	0.10896	2.2033e-05	2.7182e-06
670	0.88696	0.11302	2.167e-05	2.7801e-06
671	0.88827	0.11171	2.1423e-05	2.7115e-06
672	0.89523	0.10474	2.1295e-05	2.5108e-06
673	0.90701	0.092969	2.1289e-05	2.1983e-06
674	0.92874	0.071234	2.1489e-05	1.6665e-06
675	0.96029	0.039685	2.1918e-05	9.1736e-07
676	0.97534	0.02464	2.1933e-05	5.6686e-07
677	0.98168	0.018298	2.1761e-05	4.1696e-07
678	0.99186	0.0081199	2.1684e-05	1.8369e-07
679	0.99255	0.0074259	2.1404e-05	1.651e-07
680	0.99165	0.0083317	2.1073e-05	1.822e-07
681	0.99258	0.0074	2.0768e-05	1.6043e-07
682	0.99175	0.0082278	2.0436e-05	1.7571e-07
683	0.99228	0.0077017	2.0144e-05	1.6208e-07
684	0.99422	0.0057585	1.9891e-05	1.1939e-07
685	0.99782	0.0021646	1.9681e-05	4.3811e-08
686	0.99971	0.00027292	1.942e-05	5.3973e-09
687	0.9999	7.8636e-05	1.9111e-05	1.5641e-09
688	0.99925	0.0007305	1.8796e-05	1.4155e-08
689	0.99809	0.0018964	1.8484e-05	3.5952e-08
690	0.99557	0.0044099	1.8158e-05	8.1615e-08
691	0.99441	0.005569	1.7867e-05	1.0095e-07
692	0.99485	0.0051291	1.7592e-05	9.1676e-08
693	0.99662	0.0033584	1.735e-05	5.8882e-08
694	0.99742	0.0025591	1.7077e-05	4.4248e-08
695	0.99753	0.0024493	1.6803e-05	4.1452e-08
696	0.99709	0.0028913	1.6507e-05	4.815e-08
697	0.99546	0.0045227	1.62e-05	7.3624e-08
698	0.9954	0.0045795	1.5906e-05	7.3349e-08
699	0.99426	0.0057195	1.5582e-05	9.0448e-08
700	0.99442	0.0055646	1.5289e-05	8.6433e-08
701	0.99629	0.0036967	1.5009e-05	5.7028e-08
702	0.99704	0.002947	1.4721e-05	4.4958e-08
703	0.99685	0.0031363	1.4429e-05	4.6928e-08
704	0.99773	0.0022527	1.4162e-05	3.3121e-08
705	0.99982	0.00016927	1.3922e-05	2.5017e-09
706	0.99884	0.0011499	1.3647e-05	1.6118e-08
707	0.99872	0.0012642	1.3394e-05	1.7344e-08
708	0.99946	0.00052878	1.316e-05	7.0787e-09
709	0.91309	0.086895	1.1822e-05	1.1086e-06
710	0.86256	0.13743	1.0956e-05	1.7262e-06
711	0.82735	0.17264	1.0316e-05	2.1238e-06
712	0.75911	0.24087	9.2783e-06	2.9081e-06
713	0.71132	0.28866	8.53e-06	3.4088e-06
714	0.68425	0.31574	8.0318e-06	3.6487e-06
715	0.62945	0.37054	7.2185e-06	4.1931e-06
716	0.59263	0.40736	6.6464e-06	4.5025e-06
717	0.56755	0.43244	6.228e-06	4.6628e-06
718	0.55191	0.44808	5.9285e-06	4.7098e-06
719	0.54591	0.45408	5.7268e-06	4.6491e-06
720	0.54774	0.45225	5.599e-06	4.5048e-06
721	0.53908	0.46091	5.3593e-06	4.4623e-06
722	0.53593	0.46406	5.1824e-06	4.3617e-06
723	0.5379	0.46209	5.0598e-06	4.2109e-06
724	0.54824	0.45175	5.0039e-06	3.9836e-06
725	0.56628	0.43371	5.0169e-06	3.6926e-06
726	0.59463	0.40536	5.1168e-06	3.3198e-06
727	0.63736	0.36263	5.3326e-06	2.836e-06
728	0.71109	0.28891	5.7696e-06	2.1211e-06
729	0.81915	0.18085	6.4562e-06	1.1621e-06
730	0.87556	0.12444	6.6643e-06	6.708e-07
731	0.88224	0.11775	6.9884e-06	6.8309e-07
732	0.89378	0.10621	7.3564e-06	6.5788e-07
733	0.91157	0.088426	7.7832e-06	5.8067e-07
734	0.94291	0.057085	8.3051e-06	3.9652e-07
735	0.98782	0.012166	8.9594e-06	8.7211e-08
736	0.98879	0.011205	9.2934e-06	8.5772e-08
737	0.99214	0.0078549	9.6364e-06	6.3215e-08
738	0.9988	0.0011935	9.9978e-06	1.0083e-08
739	0.99837	0.0016165	1.031e-05	1.5173e-08
740	0.99749	0.0025003	1.0604e-05	2.5301e-08
741	0.99783	0.0021635	1.0899e-05	2.2929e-08
742	0.99525	0.0047422	1.1148e-05	5.3384e-08
743	0.99405	0.0059368	1.142e-05	6.8926e-08
744	0.9941	0.005891	1.1714e-05	7.0199e-08
745	0.99283	0.0071621	1.1978e-05	8.7778e-08
746	0.98957	0.010413	1.2226e-05	1.3048e-07
747	0.98807	0.011921	1.2501e-05	1.5245e-07
748	0.98385	0.016133	1.2728e-05	2.11e-07
749	0.98174	0.018245	1.2989e-05	2.4343e-07
750	0.98217	0.01782	1.3269e-05	2.4312e-07
751	0.98458	0.015402	1.3588e-05	2.1433e-07
752	0.99027	0.0097155	1.3941e-05	1.3866e-07
753	0.99934	0.00064866	1.4356e-05	9.6036e-09
754	0.99959	0.00039978	1.4655e-05	6.0485e-09
755	0.99977	0.00022003	1.4963e-05	3.3892e-09
756	0.99994	3.9755e-05	1.5281e-05	6.2642e-10
757	0.99859	0.0013958	1.5584e-05	2.1964e-08
758	0.9982	0.0017872	1.5913e-05	2.8529e-08
759	0.9989	0.0010841	1.6245e-05	1.7746e-08
760	0.99796	0.0020214	1.6538e-05	3.4094e-08
761	0.99799	0.0019934	1.6857e-05	3.4352e-08
762	0.99894	0.0010451	1.7202e-05	1.8402e-08
763	0.99809	0.0018968	1.7526e-05	3.3582e-08
764	0.99837	0.001613	1.7856e-05	2.9213e-08
765	0.99962	0.00036188	1.8215e-05	6.6605e-09
766	0.99967	0.00031504	1.8539e-05	5.9813e-09
767	0.99893	0.001054	1.886e-05	2.024e-08
768	0.99738	0.0026041	1.9175e-05	5.0473e-08
769	0.99717	0.002813	1.9502e-05	5.577e-08
770	0.998	0.0019839	1.9861e-05	4.0106e-08
771	0.9983	0.0016782	2.0196e-05	3.4889e-08
772	0.99806	0.0019191	2.0532e-05	4.067e-08
773	0.9971	0.0028749	2.0866e-05	6.1589e-08
774	0.99715	0.0028278	2.1233e-05	6.1344e-08
775	0.99853	0.0014478	2.1613e-05	3.2406e-08
776	0.9977	0.0022798	2.1959e-05	5.1632e-08
777	0.99785	0.0021286	2.234e-05	4.8914e-08
778	0.99895	0.0010253	2.2756e-05	2.3829e-08
779	0.99964	0.00033418	2.3148e-05	8.0564e-09
780	0.99946	0.00051456	2.3533e-05	1.2607e-08
781	0.99923	0.00074199	2.3902e-05	1.891e-08
782	0.99975	0.0002237	2.4303e-05	6.8269e-09
783	0.99971	0.00026117	2.4674e-05	1.0333e-08
784	0.9988	0.0011723	2.4389e-05	3.1667e-08
785	0.9989	0.0010784	2.4115e-05	2.8087e-08
786	0.9998	0.00017241	2.3872e-05	4.4219e-09
787	0.99996	1.5317e-05	2.362e-05	3.7239e-10
788	0.99961	0.00036291	2.3342e-05	8.5921e-09
789	0.99992	6.0539e-05	2.3091e-05	1.4211e-09
790	0.99966	0.00031951	2.2813e-05	7.5439e-09
791	0.99935	0.00062463	2.2547e-05	1.4637e-08
792	0.99881	0.0011662	2.2286e-05	2.6956e-08
793	0.99767	0.0023059	2.2024e-05	5.2327e-08
794	0.99755	0.0024254	2.1797e-05	5.4287e-08
795	0.99839	0.0015931	2.1601e-05	3.5089e-08
796	0.99874	0.0012369	2.138e-05	2.7013e-08
797	0.99868	0.0012999	2.1161e-05	2.7882e-08
798	0.99813	0.0018444	2.0942e-05	3.8609e-08
799	0.99227	0.0077103	2.0599e-05	1.5926e-07
800	0.98037	0.019611	2.012e-05	4.0301e-07
801	0.9557	0.044284	1.9368e-05	9.0669e-07
802	0.8995	0.10048	1.8011e-05	2.0262e-06
803	0.86696	0.13302	1.7131e-05	2.6551e-06
804	0.84547	0.15451	1.6501e-05	3.0438e-06
805	0.83194	0.16805	1.6049e-05	3.2648e-06
806	0.82636	0.17362	1.5741e-05	3.3297e-06
807	0.82706	0.17292	1.554e-05	3.2744e-06
808	0.83424	0.16574	1.5446e-05	3.1008e-06
809	0.84986	0.15012	1.5486e-05	2.7805e-06
810	0.87422	0.12576	1.5686e-05	2.3097e-06
811	0.87226	0.12772	1.5395e-05	2.317e-06
812	0.8759	0.12409	1.519e-05	2.2259e-06
813	0.88375	0.11623	1.5066e-05	2.0632e-06
814	0.88334	0.11664	1.4807e-05	2.0432e-06
815	0.88691	0.11308	1.4626e-05	1.9549e-06
816	0.89495	0.10503	1.4528e-05	1.7926e-06
817	0.88184	0.11814	1.4089e-05	1.9795e-06
818	0.87609	0.12389	1.3761e-05	2.0425e-06
819	0.87427	0.12572	1.3508e-05	2.039e-06
820	0.86539	0.13459	1.3132e-05	2.1458e-06
821	0.86134	0.13865	1.2845e-05	2.1723e-06
822	0.86121	0.13878	1.2628e-05	2.1368e-06
823	0.85191	0.14808	1.2284e-05	2.2344e-06
824	0.84929	0.15069	1.2029e-05	2.2322e-06
825	0.85064	0.14935	1.1839e-05	2.1712e-06
826	0.85837	0.14162	1.1726e-05	2.0224e-06
827	0.87467	0.12531	1.1712e-05	1.7621e-06
828	0.899	0.10099	1.1806e-05	1.4004e-06
829	0.90859	0.091402	1.1703e-05	1.2448e-06
830	0.92365	0.076335	1.1675e-05	1.0207e-06
831	0.94601	0.053978	1.1743e-05	7.0708e-07
832	0.95531	0.044675	1.164e-05	5.7123e-07
833	0.95908	0.040905	1.145e-05	5.1074e-07
834	0.96597	0.034016	1.1304e-05	4.134e-07
835	0.97917	0.020822	1.1216e-05	2.4547e-07
836	0.98487	0.015114	1.1021e-05	1.7321e-07
837	0.99566	0.0043286	1.0866e-05	4.8389e-08
838	0.99468	0.0053092	1.0562e-05	5.7745e-08
839	0.99526	0.0047275	1.0262e-05	5.0462e-08
840	0.99465	0.0053443	9.9586e-06	5.5564e-08
841	0.99528	0.0047135	9.6761e-06	4.7772e-08
842	0.99716	0.0028296	9.4122e-06	2.8114e-08
843	0.99777	0.0022188	9.1417e-06	2.1453e-08
844	0.99544	0.0045515	8.8505e-06	4.1827e-08
845	0.99482	0.0051685	8.5637e-06	4.6147e-08
846	0.99544	0.0045511	8.2952e-06	3.9499e-08
847	0.99482	0.005167	8.0221e-06	4.3236e-08
848	0.99303	0.0069582	7.7284e-06	5.6244e-08
849	0.9926	0.0073891	7.452e-06	5.7664e-08
850	0.99348	0.0065113	7.1912e-06	4.9058e-08
851	0.99577	0.0042195	6.9456e-06	3.0692e-08
852	0.99976	0.00023813	6.7158e-06	1.6611e-09
853	0.99992	7.1851e-05	6.4471e-06	4.9991e-10
854	0.99746	0.0025379	6.1671e-06	1.6623e-08
855	0.98034	0.019655	5.8238e-06	1.1913e-07
856	0.96873	0.031264	5.5255e-06	1.808e-07
857	0.96274	0.037253	5.2528e-06	2.0635e-07
858	0.95963	0.040361	5.0027e-06	2.134e-07
859	0.96005	0.039944	4.7612e-06	2.0137e-07
860	0.96295	0.037047	4.5356e-06	1.7747e-07
861	0.96867	0.031321	4.3254e-06	1.4192e-07
862	0.97987	0.020121	4.125e-06	8.6213e-08
863	0.99698	0.0030128	3.948e-06	1.1819e-08
864	0.997	0.0029968	3.7022e-06	1.0739e-08
865	0.99201	0.0079856	3.4435e-06	2.5873e-08
866	0.98921	0.010788	3.1981e-06	3.1783e-08
867	0.98819	0.011807	2.963e-06	3.1216e-08
868	0.98881	0.011188	2.7364e-06	2.5765e-08
869	0.99174	0.0082526	2.5052e-06	1.4957e-08
870	0.9929	0.0070962	2.6252e-06	1.4487e-08
871	0.99277	0.0072231	2.734e-06	1.6657e-08
872	0.99084	0.0091536	2.8387e-06	2.3717e-08
873	0.9904	0.0096016	2.9478e-06	2.6732e-08
874	0.99138	0.0086208	3.0617e-06	2.5428e-08
875	0.99098	0.0090169	3.1629e-06	2.8196e-08
876	0.99208	0.0079188	3.2701e-06	2.6053e-08
877	0.99483	0.0051684	3.3843e-06	1.8008e-08
878	0.99573	0.004262	3.4942e-06	1.5637e-08
879	0.98372	0.016277	3.5457e-06	6.2776e-08
880	0.97727	0.022723	3.6077e-06	9.0691e-08
881	0.97374	0.026259	3.6817e-06	1.0788e-07
882	0.9726	0.027393	3.7663e-06	1.1577e-07
883	0.97355	0.026447	3.8603e-06	1.1514e-07
884	0.97084	0.029159	3.9404e-06	1.298e-07
885	0.97034	0.029656	4.0307e-06	1.3518e-07
886	0.95156	0.04844	4.0412e-06	2.2201e-07
887	0.9087	0.091299	3.9418e-06	4.2036e-07
888	0.81466	0.18534	3.604e-06	8.5875e-07
889	0.60104	0.39896	2.7005e-06	1.8637e-06
890	0.45462	0.54538	2.079e-06	2.5875e-06
891	0.35432	0.64567	1.6536e-06	3.1157e-06
892	0.29549	0.7045	1.4009e-06	3.4636e-06
893	0.25553	0.74446	1.2335e-06	3.7263e-06
894	0.22772	0.77228	1.1209e-06	3.9335e-06
895	0.17142	0.82858	8.5473e-07	4.2872e-06
896	0.13163	0.86837	6.664e-07	4.5623e-06
897	0.10853	0.89146	5.5541e-07	4.7531e-06
898	0.095576	0.90442	4.9285e-07	4.8886e-06
899	0.087388	0.91261	4.552e-07	4.9987e-06
900	0.082483	0.91751	4.3485e-07	5.0904e-06
901	0.080273	0.91972	4.2909e-07	5.1666e-06
902	0.081972	0.91802	4.4337e-07	5.216e-06
903	0.087981	0.91201	4.8047e-07	5.2357e-06
904	0.072505	0.92749	3.9721e-07	5.3749e-06
905	0.062247	0.93775	3.4304e-07	5.4844e-06
906	0.057096	0.9429	3.1579e-07	5.5602e-06
907	0.054287	0.94571	3.0206e-07	5.6215e-06
908	0.054705	0.94529	3.0574e-07	5.6586e-06
909	0.05734	0.94265	3.2278e-07	5.6818e-06
910	0.062289	0.9377	3.5404e-07	5.6899e-06
911	0.070501	0.92949	4.0573e-07	5.6769e-06
912	0.083155	0.91684	4.8586e-07	5.6351e-06
913	0.076008	0.92399	4.4788e-07	5.7105e-06
914	0.071815	0.92818	4.2761e-07	5.7674e-06
915	0.071473	0.92852	4.291e-07	5.7956e-06
916	0.074886	0.92511	4.5245e-07	5.7952e-06
917	0.081072	0.91892	4.9395e-07	5.7758e-06
918	0.093161	0.90683	5.7104e-07	5.7139e-06
919	0.095664	0.90433	5.8944e-07	5.7103e-06
920	0.10145	0.89855	6.296e-07	5.6846e-06
921	0.11335	0.88664	7.0716e-07	5.6147e-06
922	0.13089	0.8691	8.2248e-07	5.5062e-06
923	0.16159	0.8384	1.0196e-06	5.309e-06
924	0.21374	0.78625	1.3485e-06	4.9728e-06
925	0.23931	0.76068	1.5046e-06	4.8023e-06
926	0.27741	0.72259	1.7417e-06	4.5508e-06
927	0.3423	0.65769	2.139e-06	4.1318e-06
928	0.45185	0.54815	2.7988e-06	3.4427e-06
929	0.61171	0.38829	3.7724e-06	2.4407e-06
930	0.67817	0.32182	4.1695e-06	2.0163e-06
931	0.79163	0.20836	4.8391e-06	1.311e-06
932	0.84307	0.15693	5.1292e-06	9.8718e-07
933	0.91634	0.083653	5.5561e-06	5.2795e-07
934	0.92499	0.075008	5.5821e-06	4.7102e-07
935	0.93917	0.060829	5.6453e-06	3.793e-07
936	0.96437	0.035625	5.7653e-06	2.2158e-07
937	0.96685	0.03314	5.7349e-06	2.0493e-07
938	0.96547	0.034524	5.6838e-06	2.1142e-07
939	0.96732	0.032672	5.6426e-06	1.987e-07
940	0.96601	0.033988	5.5731e-06	2.0509e-07
941	0.96712	0.03287	5.5206e-06	1.9676e-07
942	0.97063	0.029361	5.4838e-06	1.7441e-07
943	0.97018	0.029819	5.4258e-06	1.7498e-07
944	0.96639	0.033608	5.3395e-06	1.9455e-07
945	0.96599	0.034003	5.2633e-06	1.9482e-07
946	0.96787	0.032123	5.2015e-06	1.822e-07
947	0.9659	0.034098	5.121e-06	1.9055e-07
948	0.96638	0.033618	5.0565e-06	1.8515e-07
