#coord	neutral	conserved	gBGC.neutral	gBGC.conserved
1	0.78006	0.2175	0.0019049	0.00053154
2	0.7879	0.20966	0.0019223	0.00051187
3	0.80153	0.19604	0.0019539	0.00047807
4	0.82731	0.17026	0.002015	0.00041474
5	0.87257	0.12501	0.0021233	0.00030421
6	0.94953	0.048045	0.0023082	0.00011707
7	0.95958	0.038001	0.0023305	9.2566e-05
8	0.97474	0.022844	0.0023653	5.5628e-05
9	0.99683	0.00075139	0.0024169	1.8297e-06
10	0.9968	0.0007844	0.0024146	1.9097e-06
11	0.99649	0.0010928	0.0024117	2.6573e-06
12	0.99696	0.00062805	0.0024107	1.5283e-06
13	0.99621	0.0013782	0.0024068	3.3447e-06
14	0.99633	0.0012627	0.002405	3.0612e-06
15	0.99729	0.00030666	0.0024052	7.4415e-07
16	0.99728	0.00031875	0.0024032	7.7228e-07
17	0.99726	0.00033337	0.0024011	8.0693e-07
18	0.99723	0.00037106	0.0023991	8.9782e-07
19	0.99597	0.0016299	0.0023941	3.9324e-06
20	0.99586	0.0017403	0.0023918	4.2037e-06
21	0.99508	0.0025223	0.002388	6.0912e-06
22	0.99335	0.0042581	0.0023819	1.0268e-05
23	0.99288	0.0047269	0.0023788	1.1388e-05
24	0.99071	0.0068978	0.0023718	1.6584e-05
25	0.98996	0.0076581	0.0023681	1.8384e-05
26	0.9906	0.0070152	0.0023679	1.6812e-05
27	0.99321	0.0044117	0.0023723	1.0561e-05
28	0.99443	0.0031886	0.0023733	7.6317e-06
29	0.99695	0.00067493	0.0023775	1.6161e-06
30	0.99619	0.0014367	0.0023738	3.4385e-06
31	0.99481	0.0028163	0.0023686	6.7443e-06
32	0.99448	0.0031482	0.002366	7.5398e-06
33	0.99516	0.0024723	0.0023658	5.9278e-06
34	0.99493	0.0027038	0.0023634	6.4809e-06
35	0.99038	0.0072525	0.0023507	1.7366e-05
36	0.98776	0.0098754	0.0023427	2.3625e-05
37	0.96783	0.029802	0.0022932	7.1256e-05
38	0.95474	0.042896	0.0022602	0.00010245
39	0.94626	0.051379	0.0022383	0.00012257
40	0.94137	0.05627	0.0022251	0.0001341
41	0.93972	0.057927	0.0022195	0.00013792
42	0.94083	0.056814	0.0022206	0.00013515
43	0.93635	0.061295	0.0022085	0.0001456
44	0.92532	0.072331	0.0021808	0.00017155
45	0.91866	0.078987	0.0021636	0.00018709
46	0.91558	0.082066	0.0021549	0.00019414
47	0.88021	0.11744	0.0020702	0.00027723
48	0.86008	0.13757	0.0020213	0.00032442
49	0.81206	0.18559	0.001907	0.000437
50	0.70545	0.29221	0.0016559	0.00068654
51	0.64253	0.35513	0.0015071	0.00083362
52	0.59857	0.39909	0.0014032	0.0009359
53	0.56828	0.42939	0.0013316	0.001006
54	0.55209	0.44558	0.0012928	0.0010431
55	0.51463	0.48304	0.0012047	0.0011296
56	0.49384	0.50383	0.0011554	0.0011773
57	0.48137	0.5163	0.0011256	0.0012054
58	0.45249	0.54518	0.0010576	0.0012718
59	0.39378	0.60389	0.00092008	0.0014078
60	0.35968	0.63799	0.00083988	0.0014863
61	0.33638	0.6613	0.00078509	0.0015395
62	0.32108	0.6766	0.00074908	0.0015739
63	0.31482	0.68286	0.00073405	0.0015873
64	0.3157	0.68198	0.00073561	0.0015841
65	0.32398	0.6737	0.0007543	0.0015638
66	0.33887	0.65881	0.00078841	0.0015281
67	0.36693	0.63075	0.00085296	0.0014619
68	0.40897	0.58872	0.00095	0.0013633
69	0.4083	0.58938	0.00094779	0.0013639
70	0.39719	0.6005	0.00092131	0.0013887
71	0.39434	0.60336	0.00091395	0.0013944
72	0.39896	0.59874	0.00092383	0.0013829
73	0.40908	0.58862	0.00094645	0.0013586
74	0.43027	0.56742	0.00099447	0.001309
75	0.46282	0.53488	0.0010687	0.0012331
76	0.47355	0.52415	0.0010926	0.0012076
77	0.49581	0.50189	0.001143	0.0011556
78	0.52993	0.46777	0.0012207	0.0010762
79	0.52585	0.47185	0.0012104	0.0010849
80	0.52691	0.4708	0.001212	0.0010818
81	0.53322	0.46449	0.0012257	0.0010664
82	0.54556	0.45215	0.0012533	0.0010373
83	0.57026	0.42745	0.0013092	0.00097978
84	0.60656	0.39116	0.0013918	0.00089562
85	0.62371	0.374	0.0014303	0.00085562
86	0.65572	0.342	0.0015026	0.00078174
87	0.71121	0.28651	0.0016283	0.00065441
88	0.79023	0.20749	0.0018079	0.00047325
89	0.83116	0.16656	0.0019	0.00037952
90	0.90104	0.096679	0.0020578	0.00022014
91	0.91023	0.087489	0.0020771	0.00019913
92	0.91172	0.086002	0.002079	0.00019563
93	0.90784	0.089889	0.0020687	0.00020439
94	0.90732	0.090407	0.002066	0.00020544
95	0.91011	0.087617	0.0020709	0.00019895
96	0.91847	0.079262	0.0020884	0.00017985
97	0.9318	0.065936	0.0021172	0.00014945
98	0.95568	0.042055	0.0021699	9.521e-05
99	0.99669	0.0010489	0.0022611	2.3904e-06
100	0.98296	0.014781	0.0022282	3.3704e-05
101	0.97543	0.022306	0.0022095	5.0865e-05
102	0.97198	0.02576	0.0022	5.8751e-05
103	0.9709	0.026841	0.0021959	6.1212e-05
104	0.97274	0.025002	0.0021984	5.7066e-05
105	0.97709	0.020661	0.0022067	4.7244e-05
106	0.97201	0.025738	0.0021935	5.8817e-05
107	0.95992	0.037832	0.0021645	8.6326e-05
108	0.95213	0.04562	0.0021453	0.00010398
109	0.94899	0.04876	0.0021367	0.00011109
110	0.93908	0.05867	0.0021127	0.00013353
111	0.91498	0.082775	0.0020567	0.00018806
112	0.73997	0.25779	0.0016598	0.00058353
113	0.62015	0.3776	0.0013885	0.00085336
114	0.53557	0.46219	0.0011973	0.0010431
115	0.47606	0.5217	0.0010629	0.0011761
116	0.44187	0.55589	0.00098539	0.0012522
117	0.42327	0.57449	0.00094288	0.0012933
118	0.41238	0.58538	0.00091779	0.001317
119	0.40988	0.58789	0.00091146	0.0013219
120	0.41505	0.58271	0.00092221	0.0013097
121	0.42586	0.5719	0.00094556	0.001285
122	0.42392	0.57385	0.00094051	0.0012886
123	0.42695	0.57082	0.00094662	0.0012811
124	0.4202	0.57757	0.00093083	0.0012955
125	0.41861	0.57916	0.00092663	0.0012983
126	0.42199	0.57579	0.00093353	0.0012901
127	0.4127	0.58507	0.00091232	0.0013099
128	0.38912	0.60866	0.00085925	0.0013616
129	0.37718	0.6206	0.00083205	0.0013875
130	0.34684	0.65095	0.00076404	0.0014541
131	0.32707	0.67071	0.00071973	0.0014971
132	0.27768	0.7201	0.00060995	0.0016055
133	0.2431	0.75469	0.00053318	0.001681
134	0.22353	0.77426	0.00048957	0.0017233
135	0.21125	0.78654	0.00046218	0.0017494
136	0.17825	0.81954	0.00038924	0.001821
137	0.15955	0.83824	0.0003478	0.0018612
138	0.14758	0.85022	0.00032125	0.0018864
139	0.14059	0.8572	0.00030574	0.0019007
140	0.1376	0.8602	0.00029903	0.0019061
141	0.13816	0.85964	0.00030017	0.0019037
142	0.14236	0.85544	0.00030932	0.0018934
143	0.1508	0.847	0.00032783	0.0018736
144	0.16391	0.83389	0.00035663	0.0018436
145	0.18735	0.81045	0.00040807	0.001791
146	0.19481	0.80299	0.00042436	0.0017735
147	0.20728	0.79053	0.0004517	0.001745
148	0.2307	0.76711	0.00050305	0.0016924
149	0.26453	0.73328	0.00057736	0.0016169
150	0.27978	0.71803	0.00061062	0.0015825
151	0.28391	0.71389	0.00061939	0.0015725
152	0.29298	0.70483	0.000639	0.0015517
153	0.31184	0.68597	0.00068001	0.0015095
154	0.31632	0.68149	0.00068952	0.0014988
155	0.3292	0.66862	0.00071737	0.0014698
156	0.35011	0.6477	0.00076285	0.0014232
157	0.38207	0.61575	0.00083262	0.0013522
158	0.43769	0.56013	0.00095402	0.0012297
159	0.51936	0.47846	0.0011326	0.0010499
160	0.56052	0.4373	0.0012221	0.00095924
161	0.5765	0.42132	0.0012565	0.0009237
162	0.55877	0.43905	0.0012173	0.00096176
163	0.54809	0.44973	0.0011936	0.00098438
164	0.54581	0.45201	0.0011882	0.00098871
165	0.55131	0.44651	0.0011996	0.00097613
166	0.5661	0.43173	0.0012312	0.00094335
167	0.59002	0.40781	0.0012829	0.00089061
168	0.59978	0.39805	0.0013035	0.00086886
169	0.57124	0.42659	0.0012408	0.00093037
170	0.51302	0.48481	0.0011136	0.0010565
171	0.40063	0.5972	0.00086849	0.0013004
172	0.32374	0.67409	0.0007011	0.0014667
173	0.27847	0.71936	0.00060235	0.0015643
174	0.25237	0.74546	0.00054523	0.0016203
175	0.23541	0.76242	0.00050811	0.0016563
176	0.19928	0.79855	0.00042932	0.0017339
177	0.17497	0.82287	0.00037638	0.0017857
178	0.15898	0.83886	0.00034158	0.0018194
179	0.14901	0.84883	0.00031989	0.00184
180	0.14325	0.85459	0.00030733	0.0018515
181	0.14282	0.85502	0.00030622	0.0018515
182	0.1476	0.85025	0.0003163	0.0018403
183	0.15681	0.84104	0.00033593	0.0018196
184	0.17473	0.82311	0.00037421	0.0017802
185	0.1656	0.83225	0.00035434	0.001799
186	0.16104	0.83681	0.00034437	0.0018079
187	0.16204	0.83581	0.0003463	0.0018049
188	0.16661	0.83124	0.00035595	0.0017942
189	0.17806	0.81979	0.00038027	0.0017688
190	0.1786	0.81925	0.00038123	0.0017667
191	0.17099	0.82687	0.00036465	0.0017822
192	0.16737	0.83048	0.0003567	0.0017891
193	0.16733	0.83052	0.00035644	0.0017883
194	0.17304	0.82482	0.00036845	0.0017753
195	0.18612	0.81173	0.00039614	0.0017465
196	0.18947	0.80839	0.00040298	0.0017386
197	0.19695	0.80091	0.00041867	0.0017219
198	0.20946	0.7884	0.00044511	0.0016944
199	0.2285	0.76936	0.00048553	0.0016529
200	0.26243	0.73543	0.00055757	0.0015798
201	0.31252	0.68534	0.00066413	0.0014722
202	0.33333	0.66454	0.00070824	0.0014271
203	0.36508	0.63279	0.0007758	0.0013586
204	0.41077	0.58709	0.00087325	0.0012601
205	0.47809	0.51977	0.0010171	0.0011153
206	0.57355	0.42431	0.0012215	0.00090999
207	0.73447	0.2634	0.0015654	0.00056504
208	0.96926	0.028608	0.0020681	6.1454e-05
209	0.97114	0.026728	0.0020712	5.7407e-05
210	0.96014	0.037729	0.0020468	8.0891e-05
211	0.71969	0.27818	0.0015314	0.00059526
212	0.54947	0.44841	0.0011673	0.00095846
213	0.429	0.56887	0.0009101	0.0012147
214	0.34383	0.65405	0.00072857	0.0013954
215	0.2936	0.70428	0.00062131	0.0015017
216	0.25844	0.73944	0.00054633	0.0015758
217	0.23413	0.76375	0.00049455	0.0016267
218	0.22109	0.77679	0.00046665	0.0016537
219	0.21379	0.78409	0.00045099	0.0016684
220	0.19137	0.80652	0.0004034	0.0017152
221	0.13904	0.85884	0.00029286	0.0018249
222	0.10816	0.88973	0.0002275	0.0018894
223	0.086422	0.91146	0.00018159	0.0019344
224	0.074008	0.92388	0.00015532	0.0019598
225	0.065652	0.93223	0.00013766	0.0019766
226	0.06035	0.93754	0.00012647	0.001987
227	0.0588	0.93909	0.00012316	0.0019894
228	0.060505	0.93738	0.00012668	0.0019851
229	0.056969	0.94092	0.00011913	0.0019918
230	0.055781	0.94211	0.00011655	0.0019935
231	0.056548	0.94134	0.0001181	0.0019911
232	0.060777	0.93711	0.00012689	0.0019815
233	0.068042	0.92985	0.00014207	0.0019655
234	0.07895	0.91894	0.00016491	0.0019418
235	0.095397	0.9025	0.00019942	0.0019065
236	0.12371	0.87419	0.00025872	0.0018464
237	0.16516	0.83274	0.00034569	0.0017586
238	0.23511	0.76279	0.00049222	0.0016112
239	0.33713	0.66077	0.00070621	0.0013965
240	0.34948	0.64842	0.00073176	0.0013701
241	0.3735	0.6244	0.00078166	0.0013194
242	0.40986	0.58804	0.00085746	0.0012428
243	0.46201	0.53589	0.00096645	0.001133
244	0.4831	0.5148	0.0010103	0.0010883
245	0.52133	0.47657	0.00109	0.0010079
246	0.57808	0.41982	0.0012087	0.00088847
247	0.60654	0.39137	0.0012677	0.00082861
248	0.64941	0.34849	0.0013571	0.00073845
249	0.64713	0.35078	0.0013518	0.00074303
250	0.63332	0.36459	0.0013222	0.00077193
251	0.62626	0.37165	0.0013068	0.00078656
252	0.62446	0.37345	0.0013026	0.00079009
253	0.63031	0.36759	0.0013144	0.00077758
254	0.64264	0.35527	0.0013398	0.00075145
255	0.66321	0.3347	0.0013826	0.00070797
256	0.66904	0.32887	0.0013943	0.00069553
257	0.68125	0.31666	0.0014195	0.00066967
258	0.70158	0.29633	0.0014618	0.00062669
259	0.70686	0.29106	0.0014725	0.00061533
260	0.7177	0.28022	0.001495	0.00059224
261	0.73953	0.25838	0.0015404	0.00054611
262	0.77295	0.22497	0.0016104	0.00047556
263	0.82274	0.17517	0.0017149	0.00037039
264	0.90738	0.090532	0.0018926	0.00019211
265	0.91801	0.079911	0.0019145	0.00016966
266	0.92182	0.076101	0.0019219	0.00016159
267	0.92931	0.068602	0.0019372	0.00014575
268	0.91987	0.078052	0.0019168	0.00016554
269	0.9145	0.083414	0.0019051	0.00017672
270	0.91259	0.085332	0.0019006	0.00018064
271	0.91415	0.083767	0.0019035	0.00017722
272	0.89052	0.1074	0.0018538	0.00022646
273	0.87765	0.12027	0.0018265	0.00025327
274	0.86993	0.12799	0.00181	0.00026927
275	0.86831	0.12961	0.0018062	0.00027256
276	0.87232	0.1256	0.0018141	0.00026409
277	0.88106	0.11686	0.001832	0.00024572
278	0.86993	0.12799	0.0018083	0.00026893
279	0.86364	0.13428	0.0017948	0.00028199
280	0.86321	0.13471	0.0017934	0.00028283
281	0.86696	0.13096	0.0018008	0.00027491
282	0.87544	0.12249	0.0018182	0.0002571
283	0.87554	0.12238	0.0018181	0.00025675
284	0.86888	0.12904	0.0018038	0.00027054
285	0.86631	0.13161	0.0017981	0.00027578
286	0.86938	0.12855	0.0018042	0.0002693
287	0.87895	0.11898	0.0018237	0.00024929
288	0.89774	0.10019	0.0018624	0.00021015
289	0.87683	0.1211	0.0018181	0.00025391
290	0.86302	0.1349	0.0017888	0.00028273
291	0.85509	0.14283	0.0017718	0.00029923
292	0.85155	0.14638	0.001764	0.00030657
293	0.85387	0.14406	0.0017684	0.00030171
294	0.86078	0.13715	0.0017824	0.00028726
295	0.87328	0.12465	0.0018081	0.00026115
296	0.87619	0.12174	0.0018139	0.000255
297	0.88316	0.11477	0.0018282	0.00024035
298	0.89784	0.10009	0.0018584	0.00020968
299	0.91982	0.078112	0.001904	0.00016373
300	0.95281	0.045123	0.0019727	9.4711e-05
301	0.94673	0.051198	0.0019598	0.00010727
302	0.94505	0.052885	0.001956	0.00011074
303	0.94625	0.051679	0.0019582	0.00010816
304	0.94336	0.054577	0.0019519	0.00011415
305	0.94344	0.054495	0.0019518	0.00011392
306	0.94758	0.050353	0.0019601	0.00010527
307	0.94648	0.051457	0.0019575	0.00010752
308	0.94802	0.049915	0.0019605	0.00010425
309	0.95387	0.044065	0.0019724	9.2047e-05
310	0.95432	0.04362	0.0019731	9.1074e-05
311	0.95006	0.047878	0.001964	9.984e-05
312	0.9497	0.048237	0.001963	0.00010054
313	0.94395	0.053983	0.0019509	0.00011239
314	0.94259	0.055346	0.0019479	0.00011518
315	0.94417	0.053766	0.0019509	0.00011185
316	0.94892	0.049018	0.0019606	0.00010191
317	0.9592	0.038733	0.0019818	8.0508e-05
318	0.9747	0.023238	0.0020138	4.8237e-05
319	0.96933	0.028612	0.0020025	5.9312e-05
320	0.96674	0.031196	0.0019969	6.4603e-05
321	0.9673	0.030634	0.0019979	6.3407e-05
322	0.95197	0.045965	0.0019661	9.4953e-05
323	0.9439	0.054041	0.0019492	0.00011158
324	0.92381	0.074129	0.0019077	0.0001529
325	0.91303	0.084907	0.0018853	0.00017508
326	0.90851	0.089434	0.0018757	0.0001844
327	0.90887	0.089066	0.0018762	0.00018365
328	0.87894	0.119	0.0018142	0.00024536
329	0.85924	0.1387	0.0017734	0.00028588
330	0.84642	0.15153	0.0017469	0.00031217
331	0.84119	0.15675	0.001736	0.00032285
332	0.84209	0.15585	0.0017377	0.00032095
333	0.84926	0.14868	0.0017522	0.00030616
334	0.86219	0.13576	0.0017787	0.00027945
335	0.88639	0.11155	0.0018283	0.00022958
336	0.92839	0.069552	0.0019144	0.00014319
337	0.9473	0.050638	0.001953	0.00010435
338	0.94685	0.051088	0.0019518	0.00010529
339	0.95029	0.047657	0.0019585	9.8266e-05
340	0.94879	0.049154	0.0019551	0.00010137
341	0.95104	0.046908	0.0019595	9.6778e-05
342	0.95617	0.04177	0.0019698	8.6213e-05
343	0.9573	0.04064	0.0019718	8.3922e-05
344	0.96123	0.036712	0.0019796	7.5846e-05
345	0.96996	0.027984	0.0019973	5.7924e-05
346	0.96775	0.03019	0.0019924	6.2545e-05
347	0.96015	0.037792	0.0019763	7.8332e-05
348	0.95577	0.042172	0.001967	8.7423e-05
349	0.95409	0.043858	0.0019632	9.0922e-05
350	0.95597	0.041977	0.0019668	8.7078e-05
351	0.96057	0.037373	0.0019761	7.7598e-05
352	0.96048	0.037463	0.0019757	7.7797e-05
353	0.96277	0.035177	0.0019802	7.3072e-05
354	0.96904	0.028905	0.001993	6.0142e-05
355	0.96404	0.033909	0.0019824	7.0516e-05
356	0.96186	0.036085	0.0019778	7.5018e-05
357	0.9622	0.035745	0.0019783	7.4304e-05
358	0.95808	0.039867	0.0019697	8.2796e-05
359	0.94554	0.052408	0.0019438	0.00010862
360	0.93756	0.060392	0.0019273	0.00012502
361	0.93457	0.063377	0.0019211	0.00013115
362	0.93474	0.06321	0.0019214	0.00013076
363	0.93808	0.059867	0.0019284	0.00012379
364	0.94654	0.051406	0.0019458	0.00010628
365	0.95971	0.03824	0.001973	7.901e-05
366	0.98316	0.014786	0.0020215	3.0524e-05
367	0.98168	0.016271	0.0020183	3.357e-05
368	0.98192	0.016027	0.0020188	3.3044e-05
369	0.98467	0.013275	0.0020244	2.7365e-05
370	0.98534	0.01261	0.0020257	2.5996e-05
371	0.9878	0.010144	0.0020307	2.0908e-05
372	0.98847	0.0094778	0.002032	1.9538e-05
373	0.99078	0.0071681	0.0020367	1.4774e-05
374	0.99583	0.0021181	0.002047	4.3826e-06
375	0.99427	0.003676	0.0020437	7.5995e-06
376	0.99391	0.0040365	0.002043	8.3431e-06
377	0.9947	0.0032518	0.0020446	6.7218e-06
378	0.99442	0.0035319	0.002044	7.3035e-06
379	0.99294	0.0050051	0.0020409	1.0342e-05
380	0.98162	0.01633	0.0020175	3.3745e-05
381	0.97416	0.023785	0.0020021	4.9131e-05
382	0.95963	0.038322	0.001972	7.9177e-05
383	0.95195	0.045998	0.0019561	9.5082e-05
384	0.94787	0.050077	0.0019476	0.00010353
385	0.94778	0.050172	0.0019473	0.00010379
386	0.95034	0.047609	0.0019525	9.8544e-05
387	0.95587	0.042079	0.0019639	8.7171e-05
388	0.95632	0.041626	0.0019649	8.6248e-05
389	0.95234	0.045605	0.0019567	9.4452e-05
390	0.94077	0.057182	0.0019329	0.00011828
391	0.86441	0.13354	0.0017755	0.00027573
392	0.81076	0.18719	0.0016651	0.00038619
393	0.77994	0.21801	0.0016016	0.00044975
394	0.75911	0.23883	0.0015588	0.00049264
395	0.74893	0.24902	0.0015378	0.00051368
396	0.7445	0.25345	0.0015288	0.00052282
397	0.74703	0.25092	0.001534	0.00051767
398	0.75452	0.24343	0.0015494	0.00050229
399	0.75164	0.24631	0.0015436	0.00050822
400	0.75337	0.24458	0.0015473	0.0005046
401	0.75993	0.23802	0.0015611	0.00049099
402	0.77535	0.2226	0.001593	0.00045917
403	0.7804	0.21755	0.0016035	0.00044876
404	0.79116	0.20679	0.0016259	0.00042653
405	0.81263	0.18532	0.0016702	0.00038229
406	0.85057	0.14738	0.0017484	0.00030419
407	0.90493	0.093013	0.0018606	0.00019209
408	0.9848	0.013145	0.0020258	2.7117e-05
409	0.99744	0.0005106	0.0020519	1.055e-06
410	0.9956	0.0023487	0.0020483	4.8358e-06
411	0.99486	0.0030917	0.0020469	6.3585e-06
412	0.99317	0.004777	0.0020436	9.8245e-06
413	0.99307	0.0048721	0.0020435	1.0026e-05
414	0.99454	0.0034032	0.0020467	7.0163e-06
415	0.99245	0.0054973	0.0020425	1.134e-05
416	0.99176	0.0061856	0.0020412	1.2758e-05
417	0.99274	0.0052085	0.0020434	1.0754e-05
418	0.99186	0.0060834	0.0020417	1.256e-05
419	0.98962	0.0083277	0.0020372	1.7203e-05
420	0.98886	0.0090845	0.0020358	1.8768e-05
421	0.9895	0.0084449	0.0020373	1.7447e-05
422	0.99172	0.0062244	0.0020421	1.2854e-05
423	0.99218	0.0057617	0.0020433	1.1882e-05
424	0.99157	0.0063767	0.0020423	1.3139e-05
425	0.99264	0.0053044	0.0020447	1.0928e-05
426	0.99567	0.0022692	0.0020511	4.6804e-06
427	0.99703	0.00091457	0.0020541	1.8872e-06
428	0.99678	0.0011664	0.0020538	2.4098e-06
429	0.99731	0.00063142	0.0020551	1.3071e-06
430	0.99402	0.0039201	0.0020484	8.1224e-06
431	0.98691	0.011031	0.0020339	2.2836e-05
432	0.98246	0.015478	0.002025	3.2029e-05
433	0.98029	0.017655	0.0020207	3.6519e-05
434	0.98065	0.017289	0.0020217	3.5773e-05
435	0.98367	0.014277	0.0020281	2.9579e-05
436	0.98373	0.014215	0.0020285	2.9466e-05
437	0.97309	0.024852	0.0020067	5.1465e-05
438	0.96761	0.030333	0.0019956	6.2834e-05
439	0.96479	0.033156	0.00199	6.8687e-05
440	0.96525	0.032693	0.0019912	6.7765e-05
441	0.96913	0.028813	0.0019994	5.9802e-05
442	0.94506	0.052881	0.0019495	0.00010993
443	0.92864	0.069301	0.0019155	0.00014409
444	0.91832	0.079625	0.0018943	0.00016556
445	0.89667	0.10127	0.0018495	0.00021061
446	0.88224	0.1157	0.0018197	0.00024062
447	0.87545	0.12249	0.0018058	0.00025483
448	0.85595	0.14199	0.0017655	0.00029538
449	0.84609	0.15185	0.0017451	0.00031597
450	0.84137	0.15656	0.0017355	0.00032586
451	0.84112	0.15682	0.0017352	0.00032646
452	0.84529	0.15265	0.0017441	0.00031787
453	0.85404	0.1439	0.0017626	0.00029974
454	0.86899	0.12895	0.001794	0.00026866
455	0.8923	0.10564	0.0018429	0.00022011
456	0.93281	0.065131	0.0019275	0.00013586
457	0.81775	0.18019	0.0016899	0.00037389
458	0.73919	0.25875	0.0015279	0.00053621
459	0.68403	0.31391	0.0014145	0.00065008
460	0.57679	0.42114	0.0011932	0.00087175
461	0.51401	0.48392	0.0010635	0.0010018
462	0.47755	0.52039	0.0009881	0.0010776
463	0.38982	0.60812	0.00080668	0.0012594
464	0.33854	0.65939	0.0007005	0.001366
465	0.30271	0.69522	0.00062644	0.0014404
466	0.28256	0.71537	0.00058476	0.0014825
467	0.26951	0.72842	0.00055784	0.0015098
468	0.2645	0.73343	0.00054752	0.0015205
469	0.26616	0.73177	0.00055098	0.0015174
470	0.25655	0.74138	0.00053111	0.0015377
471	0.25423	0.7437	0.00052633	0.0015428
472	0.24101	0.75692	0.00049884	0.0015707
473	0.23367	0.76426	0.00048364	0.0015863
474	0.23075	0.76718	0.00047765	0.0015927
475	0.18195	0.81598	0.00037626	0.0016944
476	0.14756	0.85037	0.00030492	0.0017662
477	0.12345	0.87448	0.00025499	0.0018165
478	0.10998	0.88795	0.00022703	0.0018449
479	0.10153	0.8964	0.00020954	0.0018628
480	0.078879	0.91905	0.00016269	0.0019101
481	0.062978	0.93495	0.00012984	0.0019433
482	0.051911	0.94602	0.00010702	0.0019666
483	0.044348	0.95358	9.1456e-05	0.0019826
484	0.039627	0.9583	8.1779e-05	0.0019928
485	0.037932	0.95999	7.8329e-05	0.0019967
486	0.037989	0.95994	7.8525e-05	0.001997
487	0.033634	0.96429	6.9559e-05	0.0020064
488	0.032042	0.96588	6.6291e-05	0.0020101
489	0.031864	0.96606	6.5969e-05	0.0020109
490	0.027425	0.9705	5.6787e-05	0.0020206
491	0.02482	0.9731	5.142e-05	0.0020264
492	0.02352	0.9744	4.8774e-05	0.0020296
493	0.018096	0.97983	3.7548e-05	0.0020413
494	0.0152	0.98272	3.1545e-05	0.0020477
495	0.014035	0.98389	2.9125e-05	0.0020506
496	0.013786	0.98413	2.862e-05	0.0020516
497	0.01493	0.98299	3.1002e-05	0.0020497
498	0.017143	0.98078	3.562e-05	0.0020456
499	0.021599	0.97632	4.4893e-05	0.0020368
500	0.029565	0.96835	6.1441e-05	0.0020207
501	0.040818	0.9571	8.4865e-05	0.0019977
502	0.060119	0.9378	0.00012498	0.0019581
503	0.067825	0.93009	0.00014098	0.0019426
504	0.082036	0.91588	0.00017043	0.0019135
505	0.1024	0.89552	0.00021272	0.0018717
506	0.13136	0.86656	0.00027297	0.0018119
507	0.17378	0.82414	0.00036142	0.001724
508	0.23377	0.76415	0.0004867	0.0015992
509	0.33567	0.66225	0.00069922	0.0013872
510	0.48425	0.51366	0.0010097	0.0010772
511	0.5025	0.49541	0.0010481	0.0010393
512	0.53006	0.46785	0.0011062	0.00098176
513	0.57835	0.41956	0.0012076	0.0008809
514	0.64959	0.34832	0.0013574	0.00073168
515	0.75402	0.24389	0.0015773	0.00051235
516	0.93002	0.067889	0.0019472	0.00014299
517	0.93582	0.062093	0.0019599	0.00013083
518	0.94797	0.049943	0.0019859	0.00010535
519	0.96974	0.028171	0.0020321	5.971e-05
520	0.94967	0.048238	0.0019902	0.00010216
521	0.93867	0.059242	0.0019674	0.00012552
522	0.93222	0.065684	0.0019543	0.00013921
523	0.92942	0.06849	0.0019489	0.0001452
524	0.92984	0.068065	0.0019503	0.00014436
525	0.9333	0.064609	0.0019582	0.00013711
526	0.91985	0.078051	0.0019304	0.00016557
527	0.91332	0.084581	0.001917	0.00017948
528	0.91041	0.087488	0.0019114	0.00018571
529	0.86716	0.13074	0.0018203	0.00027745
530	0.83817	0.15973	0.0017595	0.00033891
531	0.82236	0.17554	0.0017264	0.00037259
532	0.78335	0.21455	0.0016442	0.00045535
533	0.7615	0.2364	0.0015983	0.00050187
534	0.74799	0.24991	0.0015701	0.0005307
535	0.71831	0.27959	0.0015075	0.00059392
536	0.69918	0.29872	0.0014674	0.00063471
537	0.68784	0.31005	0.0014438	0.00065894
538	0.6578	0.3401	0.0013807	0.00072271
539	0.63848	0.35941	0.0013404	0.00076375
540	0.62651	0.37138	0.0013156	0.00078923
541	0.62046	0.37743	0.0013034	0.00080221
542	0.62209	0.3758	0.0013073	0.000799
543	0.63199	0.3659	0.0013286	0.00077835
544	0.6108	0.38709	0.0012841	0.00082357
545	0.5974	0.40049	0.0012561	0.00085223
546	0.5902	0.40769	0.0012413	0.00086776
547	0.56573	0.43216	0.0011901	0.00091975
548	0.55339	0.4445	0.0011644	0.0009462
549	0.54977	0.44812	0.001157	0.00095424
550	0.55128	0.44661	0.0011606	0.00095139
551	0.5581	0.43979	0.0011755	0.00093726
552	0.57466	0.42323	0.001211	0.00090253
553	0.60097	0.39692	0.0012672	0.00084701
554	0.63948	0.35841	0.0013496	0.00076544
555	0.69481	0.30308	0.0014679	0.00064787
556	0.7736	0.22428	0.0016366	0.00047995
557	0.8073	0.19058	0.0017093	0.00040808
558	0.85582	0.14207	0.001814	0.00030429
559	0.8455	0.15238	0.0017929	0.00032619
560	0.84205	0.15583	0.0017864	0.00033355
561	0.8446	0.15328	0.0017926	0.00032816
562	0.82004	0.17783	0.0017411	0.00038055
563	0.80437	0.1935	0.0017085	0.00041399
564	0.79736	0.20052	0.0016942	0.00042908
565	0.71888	0.27899	0.0015279	0.00059624
566	0.67327	0.32461	0.0014312	0.00069372
567	0.64176	0.35611	0.0013647	0.00076106
568	0.62492	0.37296	0.0013293	0.00079731
569	0.61781	0.38007	0.0013146	0.00081285
570	0.61848	0.37939	0.0013164	0.00081183
571	0.62712	0.37075	0.0013352	0.00079387
572	0.64292	0.35495	0.0013693	0.00076057
573	0.67279	0.32508	0.0014333	0.00069739
574	0.66595	0.33191	0.001419	0.00071242
575	0.66681	0.33105	0.0014212	0.00071101
576	0.67325	0.32462	0.0014354	0.00069765
577	0.67051	0.32735	0.0014299	0.00070394
578	0.67271	0.32515	0.0014351	0.00069963
579	0.68011	0.31775	0.0014514	0.00068413
580	0.69717	0.30069	0.0014883	0.00064803
581	0.70103	0.29683	0.001497	0.00064017
582	0.71077	0.28709	0.0015183	0.0006197
583	0.70908	0.28878	0.0015152	0.00062367
584	0.71465	0.28321	0.0015276	0.0006121
585	0.72638	0.27148	0.0015533	0.00058726
586	0.74595	0.25191	0.001596	0.00054549
587	0.77619	0.22167	0.0016617	0.00048066
588	0.78899	0.20887	0.00169	0.00045326
589	0.77409	0.22376	0.0016587	0.00048552
590	0.76578	0.23208	0.0016416	0.00050358
591	0.76286	0.235	0.0016361	0.00051
592	0.7649	0.23295	0.0016415	0.00050567
593	0.77446	0.2234	0.001663	0.00048512
594	0.79405	0.2038	0.0017062	0.00044289
595	0.82418	0.17367	0.0017724	0.00037769
596	0.86918	0.12867	0.0018711	0.00028001
597	0.93339	0.064457	0.0020119	0.00014022
598	0.96676	0.031088	0.0020855	6.7655e-05
599	0.98427	0.013579	0.0021245	2.9615e-05
600	0.98188	0.015962	0.0021203	3.4798e-05
601	0.97342	0.02442	0.002103	5.315e-05
602	0.95652	0.041321	0.0020672	8.9892e-05
603	0.94564	0.052203	0.0020446	0.00011355
604	0.92377	0.074075	0.001998	0.00016116
605	0.91175	0.086086	0.0019727	0.00018741
606	0.90446	0.09338	0.0019577	0.00020339
607	0.90266	0.095183	0.0019546	0.00020748
608	0.90448	0.093356	0.0019594	0.00020365
609	0.90987	0.087962	0.0019721	0.00019204
610	0.90841	0.089423	0.0019698	0.0001953
611	0.91175	0.086087	0.001978	0.00018816
612	0.90862	0.089214	0.0019722	0.00019506
613	0.91034	0.08749	0.0019768	0.00019143
614	0.91586	0.081975	0.0019898	0.00017949
615	0.92595	0.071878	0.0020129	0.00015751
616	0.9286	0.06923	0.0020197	0.00015175
617	0.9346	0.063228	0.002034	0.00013863
618	0.93569	0.062133	0.0020375	0.00013627
619	0.93979	0.05804	0.0020475	0.00012732
620	0.94934	0.04848	0.0020696	0.00010641
621	0.95323	0.044591	0.0020791	9.7939e-05
622	0.94236	0.055458	0.0020565	0.00012173
623	0.93567	0.062146	0.0020429	0.00013637
624	0.93376	0.064061	0.0020398	0.00014062
625	0.93607	0.061746	0.0020459	0.00013563
626	0.94185	0.055969	0.0020597	0.00012301
627	0.95192	0.045899	0.0020829	0.00010092
628	0.94848	0.049339	0.0020764	0.00010851
629	0.94775	0.050065	0.002076	0.00011012
630	0.9509	0.046916	0.002084	0.00010325
631	0.95881	0.038997	0.0021024	8.5923e-05
632	0.954	0.04381	0.002093	9.6545e-05
633	0.95197	0.045835	0.0020897	0.00010103
634	0.95249	0.045315	0.002092	9.9893e-05
635	0.95691	0.040892	0.0021029	9.0182e-05
636	0.9665	0.031309	0.0021251	6.9122e-05
637	0.97067	0.027134	0.0021354	5.9979e-05
638	0.97807	0.019731	0.0021528	4.3687e-05
639	0.98938	0.0084251	0.002179	1.8724e-05
640	0.98685	0.010956	0.0021745	2.4361e-05
641	0.98058	0.017225	0.0021617	3.8282e-05
642	0.97688	0.020919	0.0021547	4.6495e-05
643	0.96761	0.030188	0.0021354	6.7044e-05
644	0.96209	0.035702	0.0021245	7.9271e-05
645	0.96039	0.037408	0.0021219	8.31e-05
646	0.95468	0.043117	0.0021104	9.5841e-05
647	0.95211	0.045687	0.0021058	0.0001016
648	0.95318	0.044609	0.0021094	9.9301e-05
649	0.8963	0.10149	0.0019842	0.00022576
650	0.86334	0.13444	0.0019119	0.00029928
651	0.84156	0.15622	0.0018645	0.00034791
652	0.79059	0.2072	0.0017523	0.00046139
653	0.76143	0.23635	0.0016884	0.00052659
654	0.7426	0.25518	0.0016475	0.00056879
655	0.69679	0.30099	0.0015467	0.00067091
656	0.67094	0.32684	0.00149	0.00072888
657	0.65466	0.34312	0.0014547	0.00076552
658	0.64789	0.34989	0.0014404	0.00078107
659	0.64631	0.35146	0.0014378	0.00078501
660	0.65021	0.34756	0.0014475	0.00077669
661	0.6596	0.33817	0.0014695	0.00075605
662	0.67976	0.31801	0.0015155	0.00071135
663	0.71641	0.28137	0.0015984	0.00062979
664	0.7709	0.22687	0.0017216	0.00050798
665	0.86344	0.13433	0.0019299	0.000301
666	0.91167	0.086095	0.002039	0.00019322
667	0.916	0.081766	0.0020499	0.00018362
668	0.8996	0.098169	0.0020145	0.00022044
669	0.88904	0.10872	0.0019921	0.00024416
670	0.88499	0.11277	0.0019843	0.00025335
671	0.8863	0.11146	0.0019884	0.00025056
672	0.89325	0.10451	0.0020052	0.00023514
673	0.905	0.092763	0.0020328	0.00020886
674	0.92668	0.071076	0.0020828	0.00016027
675	0.95816	0.039597	0.0021549	8.9487e-05
676	0.97317	0.024585	0.0021901	5.5669e-05
677	0.9795	0.018258	0.0022058	4.139e-05
678	0.98965	0.0081018	0.0022302	1.8394e-05
679	0.99034	0.0074093	0.0022332	1.6838e-05
680	0.98944	0.0083131	0.0022326	1.8888e-05
681	0.99036	0.0073834	0.0022361	1.6799e-05
682	0.98954	0.0082094	0.0022357	1.8683e-05
683	0.99006	0.0076845	0.0022383	1.7499e-05
684	0.992	0.0057456	0.0022442	1.3096e-05
685	0.99558	0.0021598	0.0022539	4.9304e-06
686	0.99747	0.0002723	0.0022598	6.2273e-07
687	0.99766	7.846e-05	0.0022618	1.7945e-07
688	0.99701	0.00072886	0.0022619	1.6601e-06
689	0.99584	0.0018922	0.0022608	4.3076e-06
690	0.99333	0.0044	0.0022568	1.0011e-05
691	0.99218	0.0055565	0.0022558	1.264e-05
692	0.99261	0.0051176	0.0022584	1.165e-05
693	0.99438	0.0033509	0.0022641	7.6256e-06
694	0.99517	0.0025533	0.0022676	5.8121e-06
695	0.99528	0.0024438	0.0022694	5.5688e-06
696	0.99484	0.0028848	0.00227	6.5862e-06
697	0.99321	0.0045124	0.0022679	1.0311e-05
698	0.99315	0.0045691	0.0022694	1.0456e-05
699	0.99201	0.0057066	0.0022684	1.3069e-05
700	0.99216	0.005552	0.0022704	1.2718e-05
701	0.99403	0.0036883	0.0022763	8.4587e-06
702	0.99477	0.0029404	0.0022797	6.7583e-06
703	0.99458	0.0031292	0.0022809	7.2006e-06
704	0.99546	0.0022476	0.0022846	5.1781e-06
705	0.99754	0.00016889	0.0022911	3.9069e-07
706	0.99656	0.0011472	0.0022906	2.6462e-06
707	0.99644	0.0012613	0.0022921	2.9107e-06
708	0.99718	0.00052757	0.0022955	1.2179e-06
709	0.911	0.086697	0.0020984	0.00020009
710	0.86058	0.13712	0.0019834	0.00031687
711	0.82545	0.17225	0.0019037	0.00039831
712	0.75737	0.24032	0.0017474	0.00055633
713	0.70969	0.288	0.0016384	0.00066712
714	0.68267	0.31502	0.001577	0.00073033
715	0.62801	0.36969	0.001451	0.00085801
716	0.59126	0.40642	0.0013668	0.00094403
717	0.56624	0.43144	0.0013098	0.0010028
718	0.55064	0.44705	0.0012746	0.0010398
719	0.54465	0.45303	0.0012617	0.0010545
720	0.54647	0.45121	0.0012668	0.0010512
721	0.53783	0.45985	0.0012475	0.0010723
722	0.53469	0.46299	0.001241	0.0010805
723	0.53666	0.46102	0.0012465	0.0010768
724	0.54697	0.45071	0.0012714	0.0010537
725	0.56497	0.4327	0.0013143	0.0010126
726	0.59325	0.40442	0.0013815	0.00094729
727	0.63588	0.36179	0.0014824	0.00084818
728	0.70943	0.28823	0.0016557	0.00067669
729	0.81724	0.18042	0.00191	0.00042427
730	0.87352	0.12415	0.0020435	0.00029265
731	0.88019	0.11748	0.0020607	0.00027729
732	0.8917	0.10596	0.0020893	0.00025048
733	0.90944	0.088219	0.0021328	0.00020892
734	0.94071	0.056951	0.002208	0.00013555
735	0.98552	0.012138	0.0023154	3.0004e-05
736	0.98647	0.011179	0.0023194	2.7893e-05
737	0.98981	0.0078365	0.0023291	2.0112e-05
738	0.99646	0.0011907	0.0023466	4.5098e-06
739	0.99604	0.0016127	0.0023394	5.0841e-06
740	0.99517	0.0024945	0.002331	6.9309e-06
741	0.99551	0.0021584	0.0023256	5.7886e-06
742	0.99294	0.0047312	0.002313	1.1748e-05
743	0.99176	0.0059231	0.0023038	1.4426e-05
744	0.99181	0.0058775	0.0022975	1.4178e-05
745	0.99055	0.0071457	0.0022881	1.7023e-05
746	0.98731	0.010389	0.0022742	2.4456e-05
747	0.98581	0.011894	0.0022643	2.7819e-05
748	0.98162	0.016096	0.0022483	3.7361e-05
749	0.97952	0.018204	0.0022372	4.2035e-05
750	0.97995	0.017779	0.0022319	4.0909e-05
751	0.98237	0.015367	0.0022312	3.5235e-05
752	0.98805	0.0096937	0.0022378	2.2173e-05
753	0.9971	0.00064721	0.0022521	1.4793e-06
754	0.99735	0.00039889	0.0022464	9.0684e-07
755	0.99754	0.00021954	0.0022404	4.9644e-07
756	0.99773	3.9667e-05	0.0022346	8.9341e-08
757	0.99638	0.0013928	0.0022253	3.1142e-06
758	0.99599	0.0017832	0.0022182	3.9725e-06
759	0.9967	0.0010817	0.0022136	2.4047e-06
760	0.99577	0.0020169	0.0022053	4.4778e-06
761	0.99581	0.001989	0.0021991	4.405e-06
762	0.99676	0.0010429	0.002195	2.3041e-06
763	0.99592	0.0018927	0.002187	4.1621e-06
764	0.99621	0.0016095	0.0021815	3.532e-06
765	0.99746	0.0003611	0.0021781	7.9105e-07
766	0.99751	0.00031436	0.0021721	6.856e-07
767	0.99678	0.0010518	0.0021644	2.2882e-06
768	0.99524	0.0025985	0.002155	5.6319e-06
769	0.99504	0.002807	0.0021484	6.0713e-06
770	0.99587	0.0019797	0.0021442	4.2711e-06
771	0.99618	0.0016746	0.0021387	3.6084e-06
772	0.99595	0.0019151	0.0021322	4.1163e-06
773	0.995	0.0028688	0.0021241	6.1438e-06
774	0.99505	0.0028219	0.0021183	6.0224e-06
775	0.99644	0.0014448	0.0021152	3.0807e-06
776	0.99561	0.0022751	0.0021075	4.834e-06
777	0.99577	0.0021242	0.0021019	4.4989e-06
778	0.99688	0.0010232	0.0020983	2.1583e-06
779	0.99757	0.00033348	0.0020939	7.0193e-07
780	0.9974	0.0005135	0.0020876	1.0755e-06
781	0.99718	0.00074046	0.0020812	1.5476e-06
782	0.9977	0.00022324	0.0020764	4.6471e-07
783	0.99767	0.00026064	0.0020705	5.4149e-07
784	0.99676	0.0011699	0.0020627	2.4202e-06
785	0.99686	0.0010762	0.002057	2.222e-06
786	0.99777	0.00017206	0.0020531	3.5373e-07
787	0.99794	1.5286e-05	0.0020475	3.1342e-08
788	0.9976	0.00036218	0.0020409	7.4231e-07
789	0.9979	6.0417e-05	0.0020357	1.2356e-07
790	0.99765	0.00031887	0.0020293	6.5202e-07
791	0.99735	0.00062338	0.0020228	1.272e-06
792	0.99682	0.0011639	0.0020159	2.3677e-06
793	0.99569	0.0023013	0.0020079	4.6641e-06
794	0.99557	0.0024206	0.0020019	4.8913e-06
795	0.99641	0.00159	0.0019979	3.2052e-06
796	0.99677	0.0012344	0.0019929	2.4872e-06
797	0.99671	0.0012973	0.0019871	2.6098e-06
798	0.99618	0.0018408	0.0019803	3.6927e-06
799	0.99033	0.0076952	0.0019631	1.5356e-05
800	0.97845	0.019573	0.0019339	3.8894e-05
801	0.95384	0.044197	0.0018798	8.746e-05
802	0.89776	0.10028	0.0017641	0.00019757
803	0.86528	0.13276	0.0016953	0.00026085
804	0.84383	0.15422	0.0016485	0.00030208
805	0.83033	0.16772	0.0016176	0.00032752
806	0.82477	0.17329	0.0016022	0.00033741
807	0.82548	0.17259	0.001599	0.00033513
808	0.83264	0.16543	0.0016081	0.0003204
809	0.84824	0.14984	0.0016334	0.00028957
810	0.87256	0.12552	0.0016753	0.00024213
811	0.87061	0.12748	0.0016666	0.00024529
812	0.87424	0.12385	0.0016685	0.00023777
813	0.88209	0.11601	0.0016785	0.00022225
814	0.88168	0.11642	0.0016728	0.00022246
815	0.88524	0.11287	0.0016747	0.00021512
816	0.89328	0.10484	0.001685	0.00019933
817	0.8802	0.11792	0.0016555	0.00022346
818	0.87446	0.12366	0.0016398	0.00023366
819	0.87265	0.12548	0.0016317	0.00023641
820	0.86379	0.13435	0.0016103	0.00025236
821	0.85975	0.13839	0.001598	0.00025918
822	0.85962	0.13852	0.0015932	0.00025866
823	0.85035	0.14781	0.0015714	0.00027507
824	0.84774	0.15042	0.0015621	0.00027909
825	0.84909	0.14907	0.00156	0.00027576
826	0.85681	0.14136	0.0015697	0.00026076
827	0.87309	0.12509	0.0015949	0.00023022
828	0.89738	0.1008	0.0016346	0.00018515
829	0.90695	0.091237	0.0016473	0.00016713
830	0.92199	0.076198	0.0016699	0.00013922
831	0.94432	0.053881	0.0017057	9.8177e-05
832	0.95361	0.044595	0.0017176	8.0994e-05
833	0.95737	0.040832	0.0017194	7.3926e-05
834	0.96426	0.033955	0.0017269	6.1271e-05
835	0.97743	0.020785	0.0017455	3.7402e-05
836	0.98313	0.015087	0.0017506	2.7052e-05
837	0.99391	0.004321	0.0017647	7.7263e-06
838	0.99293	0.0052999	0.0017578	9.4375e-06
839	0.99352	0.0047192	0.0017535	8.3855e-06
840	0.99291	0.005335	0.0017472	9.4485e-06
841	0.99354	0.0047053	0.0017432	8.3086e-06
842	0.99543	0.0028247	0.0017413	4.9753e-06
843	0.99604	0.002215	0.0017373	3.8865e-06
844	0.99372	0.0045436	0.001728	7.9339e-06
845	0.99311	0.0051596	0.0017218	8.9881e-06
846	0.99373	0.0045433	0.0017177	7.8962e-06
847	0.99312	0.0051582	0.0017116	8.9348e-06
848	0.99134	0.0069464	0.0017033	1.1998e-05
849	0.99091	0.0073765	0.0016975	1.2703e-05
850	0.99179	0.0065003	0.0016939	1.1163e-05
851	0.99409	0.0042123	0.0016928	7.2146e-06
852	0.99807	0.00023772	0.0016946	4.0657e-07
853	0.99824	7.173e-05	0.0016898	1.2215e-07
854	0.99578	0.0025337	0.0016806	4.2955e-06
855	0.9787	0.019622	0.0016468	3.3119e-05
856	0.96711	0.031211	0.0016225	5.2488e-05
857	0.96114	0.037191	0.0016076	6.2367e-05
858	0.95804	0.040294	0.0015976	6.7363e-05
859	0.95846	0.039878	0.0015935	6.6485e-05
860	0.96136	0.036986	0.0015935	6.1487e-05
861	0.96708	0.03127	0.0015982	5.1828e-05
862	0.97827	0.020088	0.0016119	3.3228e-05
863	0.99535	0.0030079	0.0016352	4.991e-06
864	0.99537	0.0029919	0.0016303	4.9532e-06
865	0.9904	0.0079726	0.0016173	1.3112e-05
866	0.9876	0.01077	0.0016079	1.7643e-05
867	0.98659	0.011787	0.0016015	1.9241e-05
868	0.98721	0.01117	0.0015978	1.8171e-05
869	0.99015	0.0082393	0.0015978	1.3371e-05
870	0.99131	0.0070848	0.0015949	1.1475e-05
871	0.99119	0.0072115	0.0015899	1.1659e-05
872	0.98926	0.009139	0.001582	1.4732e-05
873	0.98882	0.0095863	0.0015765	1.5411e-05
874	0.98981	0.0086071	0.0015734	1.3805e-05
875	0.98941	0.0090027	0.001568	1.4406e-05
876	0.99052	0.0079063	0.001565	1.2631e-05
877	0.99327	0.0051603	0.0015647	8.25e-06
878	0.99418	0.0042554	0.0015614	6.8008e-06
879	0.98218	0.016252	0.0015378	2.577e-05
880	0.97575	0.022688	0.001523	3.5879e-05
881	0.97223	0.026218	0.0015129	4.1348e-05
882	0.9711	0.027351	0.0015066	4.3023e-05
883	0.97205	0.026406	0.0015035	4.1446e-05
884	0.96935	0.029114	0.0014949	4.5546e-05
885	0.96885	0.029611	0.0014897	4.6189e-05
886	0.9501	0.048366	0.0014563	7.5001e-05
887	0.90731	0.09116	0.0013863	0.00014053
888	0.81342	0.18506	0.0012386	0.00028371
889	0.60013	0.39835	0.00091026	0.00060761
890	0.45393	0.54456	0.00068604	0.00082739
891	0.35379	0.6447	0.00053298	0.00097602
892	0.29505	0.70345	0.00044294	0.0010616
893	0.25515	0.74335	0.00038182	0.0011183
894	0.22738	0.77112	0.00033926	0.0011565
895	0.17116	0.82734	0.00025448	0.0012369
896	0.13143	0.86708	0.00019478	0.0012922
897	0.10837	0.89015	0.00016004	0.0013225
898	0.095435	0.90309	0.00014042	0.0013377
899	0.087259	0.91127	0.00012796	0.0013458
900	0.082362	0.91617	0.0001204	0.001349
901	0.080155	0.91838	0.00011684	0.0013482
902	0.081853	0.91669	0.00011898	0.0013417
903	0.087854	0.91069	0.00012733	0.0013289
904	0.0724	0.92615	0.00010455	0.0013473
905	0.062157	0.9364	8.946e-05	0.0013581
906	0.057014	0.94154	8.1778e-05	0.0013614
907	0.054209	0.94435	7.7514e-05	0.0013613
908	0.054627	0.94394	7.7869e-05	0.0013566
909	0.057258	0.94131	8.1394e-05	0.0013487
910	0.062201	0.93637	8.8205e-05	0.0013376
911	0.070401	0.92818	9.9626e-05	0.0013218
912	0.083038	0.91555	0.00011731	0.0012999
913	0.075902	0.92269	0.00010691	0.0013059
914	0.071714	0.92688	0.00010074	0.0013078
915	0.071373	0.92722	9.9983e-05	0.0013043
916	0.074782	0.92382	0.00010446	0.0012955
917	0.08096	0.91764	0.00011279	0.0012828
918	0.093031	0.90558	0.00012925	0.0012621
919	0.095532	0.90308	0.00013234	0.0012547
920	0.10131	0.89731	0.00013998	0.0012428
921	0.1132	0.88542	0.00015599	0.0012225
922	0.13071	0.86792	0.00017968	0.0011945
923	0.16137	0.83726	0.00022124	0.0011486
924	0.21345	0.78518	0.00029176	0.0010738
925	0.23899	0.75965	0.00032559	0.0010357
926	0.27703	0.72161	0.00037627	0.00098073
927	0.34184	0.65681	0.00046274	0.00088996
928	0.45124	0.54741	0.00060856	0.00073983
929	0.61089	0.38777	0.00082126	0.00052284
930	0.67727	0.32139	0.00090776	0.00043207
931	0.79058	0.20808	0.0010562	0.00027929
932	0.84195	0.15672	0.0011214	0.00020987
933	0.91513	0.083543	0.0012153	0.00011173
934	0.92377	0.074909	0.0012229	9.989e-05
935	0.93793	0.060749	0.0012378	8.0766e-05
936	0.96311	0.035578	0.0012671	4.7248e-05
937	0.96559	0.033097	0.0012664	4.382e-05
938	0.96421	0.034479	0.0012605	4.548e-05
939	0.96607	0.032629	0.0012589	4.2909e-05
940	0.96476	0.033944	0.0012531	4.4497e-05
941	0.96588	0.032828	0.0012505	4.2903e-05
942	0.96939	0.029323	0.0012511	3.8212e-05
943	0.96893	0.029781	0.0012465	3.8668e-05
944	0.96515	0.033565	0.0012376	4.3415e-05
945	0.96476	0.03396	0.001233	4.3793e-05
946	0.96665	0.032082	0.0012314	4.1252e-05
947	0.96468	0.034055	0.0012249	4.363e-05
948	0.96516	0.033576	0.0012216	4.2865e-05
949	0.96797	0.030768	0.0012212	3.9143e-05
950	0.97488	0.023861	0.001226	3.0277e-05
951	0.98559	0.013161	0.0012355	1.6668e-05
952	0.99015	0.0086055	0.0012372	1.087e-05
953	0.99759	0.0011642	0.0012426	1.4743e-06
954	0.99734	0.0014249	0.0012383	1.794e-06
955	0.99326	0.0054995	0.0012292	6.8605e-06
956	0.99106	0.0077117	0.0012225	9.5804e-06
957	0.99039	0.0083796	0.0012178	1.0373e-05
958	0.95876	0.040015	0.0011749	4.93e-05
959	0.88742	0.11136	0.0010836	0.00013658
960	0.83733	0.16146	0.0010191	0.00019724
961	0.80247	0.19632	0.00097347	0.00023892
962	0.78314	0.21565	0.00094689	0.00026158
963	0.77385	0.22494	0.00093255	0.00027198
964	0.77187	0.22693	0.00092705	0.00027354
965	0.77481	0.22399	0.0009275	0.00026915
966	0.78309	0.21572	0.00093436	0.00025838
967	0.79791	0.2009	0.000949	0.00023986
968	0.8256	0.17321	0.00097875	0.00020619
969	0.86575	0.13307	0.0010231	0.00015793
