#coord	neutral	conserved	gBGC.neutral	gBGC.conserved
1	0.78163	0.21794	0.00033984	9.5501e-05
2	0.78949	0.21008	0.0003387	9.0742e-05
3	0.80314	0.19644	0.00034023	8.3514e-05
4	0.82897	0.17061	0.00034654	7.1384e-05
5	0.87433	0.12526	0.00036032	5.1656e-05
6	0.95145	0.048142	0.00038594	1.9968e-05
7	0.96152	0.038078	0.00038442	1.565e-05
8	0.97672	0.02289	0.00038513	9.3317e-06
9	0.99886	0.00075292	0.00038874	3.1208e-07
10	0.99883	0.000786	0.00038355	3.1867e-07
11	0.99853	0.0010951	0.00037845	4.318e-07
12	0.999	0.00062934	0.00037385	2.4415e-07
13	0.99825	0.001381	0.00036865	5.275e-07
14	0.99837	0.0012653	0.00036399	4.7788e-07
15	0.99933	0.00030729	0.00035983	1.1721e-07
16	0.99932	0.00031941	0.00035548	1.2074e-07
17	0.99931	0.00033406	0.00035142	1.2391e-07
18	0.99928	0.00037183	0.00034751	1.3645e-07
19	0.99802	0.0016333	0.00034345	5.7333e-07
20	0.99792	0.0017439	0.00033969	6.1225e-07
21	0.99714	0.0025275	0.00033585	8.7758e-07
22	0.9954	0.0042669	0.00033158	1.4767e-06
23	0.99493	0.0047367	0.00032793	1.6258e-06
24	0.99276	0.0069121	0.00032386	2.3322e-06
25	0.992	0.007674	0.00032042	2.5503e-06
26	0.99265	0.0070297	0.00031761	2.2968e-06
27	0.99526	0.0044208	0.00031532	1.4286e-06
28	0.99649	0.0031952	0.00031246	1.0296e-06
29	0.99901	0.00067633	0.00031015	2.2271e-07
30	0.99825	0.0014397	0.00030669	4.7432e-07
31	0.99687	0.0028221	0.00030322	9.1468e-07
32	0.99654	0.0031547	0.00030023	1.0155e-06
33	0.99722	0.0024774	0.00029768	8.0027e-07
34	0.99699	0.0027095	0.00029497	8.6684e-07
35	0.99244	0.0072676	0.00029082	2.2879e-06
36	0.98981	0.009896	0.00028743	3.0811e-06
37	0.96985	0.029864	0.00027859	9.2227e-06
38	0.95673	0.042986	0.00027215	1.3111e-05
39	0.94823	0.051486	0.00026729	1.552e-05
40	0.94333	0.056387	0.00026367	1.6813e-05
41	0.94167	0.058048	0.00026114	1.7132e-05
42	0.94279	0.056932	0.00025953	1.6635e-05
43	0.9383	0.061423	0.00025647	1.7689e-05
44	0.92725	0.072481	0.00025153	2.0555e-05
45	0.92058	0.079152	0.00024796	2.2151e-05
46	0.91749	0.082237	0.0002455	2.273e-05
47	0.88205	0.11769	0.00023443	3.1856e-05
48	0.86188	0.13786	0.00022733	3.6932e-05
49	0.81376	0.18598	0.00021329	4.9061e-05
50	0.70692	0.29282	0.00018491	7.563e-05
51	0.64387	0.35587	0.00016762	9.1053e-05
52	0.59982	0.39993	0.00015557	0.00010131
53	0.56946	0.43028	0.00014724	0.00010793
54	0.55324	0.44651	0.00014234	0.00011107
55	0.5157	0.48404	0.00013214	0.00011946
56	0.49487	0.50488	0.00012604	0.00012369
57	0.48238	0.51738	0.00012219	0.00012575
58	0.45343	0.54632	0.0001143	0.00013181
59	0.39461	0.60515	9.9082e-05	0.00014514
60	0.36043	0.63933	8.9916e-05	0.00015237
61	0.33708	0.66268	8.3648e-05	0.00015678
62	0.32175	0.67801	7.9485e-05	0.00015914
63	0.31548	0.68429	7.744e-05	0.00015935
64	0.31636	0.6834	7.705e-05	0.00015786
65	0.32466	0.67511	7.8331e-05	0.00015465
66	0.33958	0.66019	8.123e-05	0.0001499
67	0.3677	0.63207	8.7024e-05	0.00014221
68	0.40982	0.58995	9.611e-05	0.0001313
69	0.40916	0.59062	9.5184e-05	0.00013036
70	0.39802	0.60176	9.1828e-05	0.0001318
71	0.39516	0.60462	9.03e-05	0.00013136
72	0.39979	0.59999	9.0368e-05	0.00012929
73	0.40993	0.58985	9.1701e-05	0.00012601
74	0.43118	0.56861	9.5265e-05	0.00012046
75	0.46379	0.536	0.00010129	0.00011253
76	0.47455	0.52524	0.0001027	0.00010928
77	0.49685	0.50294	0.00010641	0.00010369
78	0.53104	0.46875	0.00011265	9.5637e-05
79	0.52695	0.47284	0.00011156	9.6546e-05
80	0.52801	0.47178	0.00011163	9.6351e-05
81	0.53434	0.46546	0.00011288	9.5033e-05
82	0.5467	0.45309	0.00011547	9.2425e-05
83	0.57145	0.42834	0.00012053	8.7299e-05
84	0.60782	0.39197	0.00012815	7.9671e-05
85	0.62501	0.37478	0.00013167	7.6103e-05
86	0.65708	0.34271	0.00013813	6.9547e-05
87	0.71269	0.28711	0.00014919	5.8342e-05
88	0.79187	0.20792	0.00016527	4.2181e-05
89	0.83289	0.1669	0.00017339	3.392e-05
90	0.90291	0.096879	0.00018711	2.0017e-05
91	0.91212	0.08767	0.00018887	1.8158e-05
92	0.91361	0.08618	0.00018916	1.7857e-05
93	0.90972	0.090075	0.00018824	1.8697e-05
94	0.9092	0.090594	0.00018811	1.8813e-05
95	0.912	0.087798	0.00018876	1.8218e-05
96	0.92037	0.079426	0.00019049	1.6493e-05
97	0.93372	0.066072	0.00019336	1.3694e-05
98	0.95765	0.042142	0.00019832	8.7477e-06
99	0.99874	0.0010511	0.00020666	3.6491e-07
100	0.98498	0.014812	0.0002005	3.2719e-06
101	0.97745	0.022352	0.00019562	4.8191e-06
102	0.97399	0.025813	0.00019152	5.4898e-06
103	0.97291	0.026896	0.00018809	5.6426e-06
104	0.97476	0.025054	0.00018513	5.2259e-06
105	0.97911	0.020704	0.0001828	4.3274e-06
106	0.97402	0.025792	0.00017873	5.2845e-06
107	0.96191	0.037911	0.00017348	7.5567e-06
108	0.95411	0.045715	0.00016925	8.9184e-06
109	0.95096	0.048862	0.00016583	9.3952e-06
110	0.94104	0.058792	0.00016132	1.1078e-05
111	0.91688	0.082947	0.00015447	1.5214e-05
112	0.74151	0.25832	0.0001218	4.5279e-05
113	0.62145	0.37839	9.9837e-05	6.4738e-05
114	0.53669	0.46315	8.4551e-05	7.7604e-05
115	0.47706	0.52278	7.3884e-05	8.5926e-05
116	0.44279	0.55705	6.7336e-05	9.0081e-05
117	0.42416	0.57569	6.3298e-05	9.1676e-05
118	0.41324	0.5866	6.0628e-05	9.1982e-05
119	0.41074	0.58911	5.9206e-05	9.0993e-05
120	0.41592	0.58393	5.8862e-05	8.8879e-05
121	0.42675	0.5731	5.9367e-05	8.5987e-05
122	0.42481	0.57505	5.8083e-05	8.4952e-05
123	0.42785	0.57201	5.757e-05	8.3214e-05
124	0.42108	0.57878	5.563e-05	8.2856e-05
125	0.41949	0.58038	5.4487e-05	8.1769e-05
126	0.42287	0.57699	5.4073e-05	8.0016e-05
127	0.41357	0.5863	5.2048e-05	7.9937e-05
128	0.38994	0.60993	4.8165e-05	8.1673e-05
129	0.37797	0.6219	4.579e-05	8.1858e-05
130	0.34756	0.65231	4.1074e-05	8.434e-05
131	0.32776	0.67212	3.7888e-05	8.536e-05
132	0.27827	0.72161	3.1307e-05	8.9833e-05
133	0.24361	0.75627	2.6747e-05	9.234e-05
134	0.224	0.77588	2.3982e-05	9.3014e-05
135	0.21169	0.78819	2.2167e-05	9.2797e-05
136	0.17862	0.82126	1.8187e-05	9.4795e-05
137	0.15989	0.84	1.5813e-05	9.5153e-05
138	0.14789	0.852	1.4258e-05	9.4746e-05
139	0.14089	0.859	1.3287e-05	9.3806e-05
140	0.13789	0.86201	1.2762e-05	9.247e-05
141	0.13845	0.86145	1.2617e-05	9.0802e-05
142	0.14266	0.85724	1.2845e-05	8.8809e-05
143	0.15112	0.84878	1.3496e-05	8.6439e-05
144	0.16426	0.83565	1.4602e-05	8.3656e-05
145	0.18775	0.81216	1.6622e-05	7.9927e-05
146	0.19522	0.80468	1.7082e-05	7.7799e-05
147	0.20771	0.79219	1.8017e-05	7.5237e-05
148	0.23118	0.76873	1.9888e-05	7.1708e-05
149	0.26509	0.73482	2.2689e-05	6.7289e-05
150	0.28037	0.71954	2.3656e-05	6.4672e-05
151	0.28451	0.7154	2.3572e-05	6.3072e-05
152	0.29359	0.70632	2.3926e-05	6.1077e-05
153	0.3125	0.68742	2.5028e-05	5.8299e-05
154	0.31698	0.68293	2.4934e-05	5.6766e-05
155	0.32989	0.67003	2.5462e-05	5.4577e-05
156	0.35085	0.64907	2.663e-05	5.1796e-05
157	0.38287	0.61705	2.8658e-05	4.8202e-05
158	0.43861	0.56131	3.234e-05	4.2918e-05
159	0.52045	0.47947	3.793e-05	3.5776e-05
160	0.56171	0.43822	4.0159e-05	3.1956e-05
161	0.57772	0.42221	4.0497e-05	3.0075e-05
162	0.55995	0.43998	3.8511e-05	3.0568e-05
163	0.54925	0.45068	3.7086e-05	3.0545e-05
164	0.54697	0.45297	3.6195e-05	2.995e-05
165	0.55248	0.44746	3.5775e-05	2.8845e-05
166	0.5673	0.43264	3.5892e-05	2.7166e-05
167	0.59126	0.40867	3.66e-05	2.4944e-05
168	0.60105	0.39889	3.6312e-05	2.368e-05
169	0.57245	0.42749	3.3724e-05	2.4674e-05
170	0.5141	0.48584	2.9472e-05	2.7277e-05
171	0.40148	0.59847	2.2324e-05	3.2738e-05
172	0.32443	0.67552	1.7569e-05	3.5852e-05
173	0.27906	0.72088	1.4652e-05	3.7095e-05
174	0.25291	0.74704	1.2826e-05	3.7215e-05
175	0.23591	0.76404	1.1574e-05	3.6802e-05
176	0.19971	0.80025	9.4431e-06	3.7238e-05
177	0.17534	0.82461	8.011e-06	3.7015e-05
178	0.15932	0.84064	7.0466e-06	3.636e-05
179	0.14933	0.85063	6.4026e-06	3.5422e-05
180	0.14356	0.8564	5.9714e-06	3.43e-05
181	0.14312	0.85684	5.7519e-06	3.294e-05
182	0.14791	0.85205	5.7201e-06	3.1366e-05
183	0.15714	0.84282	5.8545e-06	2.9659e-05
184	0.1751	0.82486	6.2577e-06	2.7656e-05
185	0.16595	0.83402	5.7158e-06	2.6632e-05
186	0.16138	0.83858	5.3573e-06	2.5458e-05
187	0.16238	0.83759	5.1672e-06	2.4088e-05
188	0.16697	0.833	5.093e-06	2.2631e-05
189	0.17844	0.82154	5.1905e-06	2.0975e-05
190	0.17898	0.82099	4.9732e-06	1.9662e-05
191	0.17135	0.82863	4.549e-06	1.8529e-05
192	0.16773	0.83225	4.2479e-06	1.7301e-05
193	0.16769	0.83229	4.0451e-06	1.6e-05
194	0.17341	0.82657	3.9538e-06	1.4561e-05
195	0.18652	0.81346	3.9871e-06	1.2972e-05
196	0.18987	0.81011	4.0502e-06	1.3285e-05
197	0.19737	0.80261	4.1963e-06	1.3521e-05
198	0.2099	0.79008	4.4424e-06	1.3662e-05
199	0.22898	0.771	4.8192e-06	1.3678e-05
200	0.26299	0.73699	5.4549e-06	1.3416e-05
201	0.31319	0.68679	6.4148e-06	1.2837e-05
202	0.33403	0.66595	6.8952e-06	1.2748e-05
203	0.36585	0.63413	7.6138e-06	1.243e-05
204	0.41164	0.58834	8.647e-06	1.1807e-05
205	0.4791	0.52087	1.018e-05	1.0694e-05
206	0.57477	0.42521	1.2391e-05	8.915e-06
207	0.73602	0.26396	1.6024e-05	5.6893e-06
208	0.97131	0.028668	2.1479e-05	6.5821e-07
209	0.97319	0.026784	2.1963e-05	6.2918e-07
210	0.96217	0.037809	2.2166e-05	8.9964e-07
211	0.72121	0.27877	1.6772e-05	6.7377e-06
212	0.55062	0.44935	1.2957e-05	1.1012e-05
213	0.42991	0.57007	1.0266e-05	1.4174e-05
214	0.34455	0.65542	8.3773e-06	1.6547e-05
215	0.29421	0.70576	7.2557e-06	1.813e-05
216	0.25898	0.74099	6.4957e-06	1.9362e-05
217	0.23462	0.76535	5.999e-06	2.0341e-05
218	0.22156	0.77842	5.761e-06	2.104e-05
219	0.21424	0.78573	5.6762e-06	2.1598e-05
220	0.19177	0.80821	5.1883e-06	2.2571e-05
221	0.13934	0.86064	3.8232e-06	2.4385e-05
222	0.10838	0.89159	2.999e-06	2.5638e-05
223	0.086602	0.91337	2.4246e-06	2.665e-05
224	0.074162	0.92581	2.0932e-06	2.74e-05
225	0.065789	0.93418	1.8778e-06	2.8041e-05
226	0.060476	0.93949	1.7509e-06	2.8603e-05
227	0.058923	0.94105	1.7271e-06	2.9042e-05
228	0.060631	0.93934	1.7961e-06	2.9369e-05
229	0.057088	0.94288	1.6986e-06	2.9843e-05
230	0.055897	0.94407	1.6766e-06	3.0252e-05
231	0.056665	0.9433	1.7187e-06	3.0605e-05
232	0.060904	0.93906	1.865e-06	3.0835e-05
233	0.068183	0.93178	2.1156e-06	3.0971e-05
234	0.079114	0.92085	2.4955e-06	3.0987e-05
235	0.095595	0.90437	3.0766e-06	3.0814e-05
236	0.12396	0.876	4.0534e-06	3.0224e-05
237	0.1655	0.83447	5.5189e-06	2.9158e-05
238	0.2356	0.76437	7.9619e-06	2.7094e-05
239	0.33783	0.66214	1.1622e-05	2.3826e-05
240	0.3502	0.64976	1.2165e-05	2.3652e-05
241	0.37427	0.62569	1.3104e-05	2.3059e-05
242	0.4107	0.58926	1.4523e-05	2.2001e-05
243	0.46296	0.537	1.6573e-05	2.0329e-05
244	0.4841	0.51586	1.7467e-05	1.9767e-05
245	0.52241	0.47756	1.8961e-05	1.858e-05
246	0.57927	0.42069	2.1193e-05	1.6675e-05
247	0.60779	0.39218	2.2376e-05	1.5791e-05
248	0.65075	0.34921	2.4149e-05	1.4338e-05
249	0.64846	0.3515	2.4246e-05	1.458e-05
250	0.63462	0.36534	2.3841e-05	1.5296e-05
251	0.62755	0.37242	2.373e-05	1.5739e-05
252	0.62574	0.37422	2.3851e-05	1.5969e-05
253	0.63161	0.36835	2.4251e-05	1.5893e-05
254	0.64396	0.356	2.4942e-05	1.5547e-05
255	0.66458	0.33538	2.6008e-05	1.4849e-05
256	0.67042	0.32954	2.65e-05	1.4745e-05
257	0.68265	0.31731	2.7296e-05	1.4361e-05
258	0.70302	0.29694	2.8487e-05	1.3606e-05
259	0.70831	0.29165	2.9058e-05	1.3493e-05
260	0.71917	0.28079	2.9911e-05	1.3121e-05
261	0.74105	0.25891	3.1236e-05	1.2246e-05
262	0.77453	0.22543	3.3161e-05	1.0799e-05
263	0.82443	0.17553	3.5951e-05	8.5139e-06
264	0.90924	0.090718	4.039e-05	4.548e-06
265	0.91988	0.080074	4.1261e-05	4.0902e-06
266	0.9237	0.076257	4.1734e-05	3.959e-06
267	0.93121	0.068742	4.2415e-05	3.6451e-06
268	0.92174	0.078211	4.2292e-05	4.1651e-06
269	0.91637	0.083584	4.2401e-05	4.4816e-06
270	0.91445	0.085506	4.2709e-05	4.6255e-06
271	0.91601	0.083937	4.3226e-05	4.5912e-06
272	0.89233	0.10762	4.2488e-05	5.8415e-06
273	0.87943	0.12052	4.2234e-05	6.5737e-06
274	0.8717	0.12825	4.2269e-05	7.0436e-06
275	0.87007	0.12988	4.2576e-05	7.2085e-06
276	0.87409	0.12585	4.3136e-05	7.0857e-06
277	0.88285	0.1171	4.3985e-05	6.7069e-06
278	0.87169	0.12825	4.3719e-05	7.4076e-06
279	0.86539	0.13456	4.3747e-05	7.8431e-06
280	0.86496	0.13499	4.4052e-05	7.9666e-06
281	0.86872	0.13123	4.4623e-05	7.8566e-06
282	0.87721	0.12274	4.5496e-05	7.4781e-06
283	0.87732	0.12263	4.5975e-05	7.5509e-06
284	0.87064	0.1293	4.6019e-05	8.0235e-06
285	0.86807	0.13188	4.6328e-05	8.2611e-06
286	0.87114	0.12881	4.6919e-05	8.1804e-06
287	0.88072	0.11922	4.7846e-05	7.73e-06
288	0.89955	0.10039	4.9258e-05	6.7589e-06
289	0.8786	0.12135	4.8174e-05	8.2481e-06
290	0.86477	0.13518	4.7586e-05	9.2718e-06
291	0.85682	0.14312	4.7411e-05	9.9152e-06
292	0.85326	0.14668	4.7546e-05	1.028e-05
293	0.85559	0.14435	4.8004e-05	1.0286e-05
294	0.86252	0.13742	4.8787e-05	1.0002e-05
295	0.87504	0.1249	4.9962e-05	9.3614e-06
296	0.87795	0.12199	5.0584e-05	9.3094e-06
297	0.88494	0.115	5.151e-05	8.987e-06
298	0.89965	0.10029	5.2889e-05	8.1749e-06
299	0.92167	0.078269	5.4798e-05	6.8662e-06
300	0.95472	0.045214	5.7512e-05	4.7907e-06
301	0.94864	0.051301	5.6417e-05	5.0026e-06
302	0.94695	0.052991	5.5575e-05	4.9191e-06
303	0.94816	0.051783	5.4991e-05	4.6227e-06
304	0.94525	0.054686	5.4001e-05	4.6401e-06
305	0.94534	0.054604	5.326e-05	4.4542e-06
306	0.94949	0.050455	5.2752e-05	3.9931e-06
307	0.94838	0.051561	5.1907e-05	3.9094e-06
308	0.94993	0.050015	5.1272e-05	3.6546e-06
309	0.95579	0.044154	5.0873e-05	3.1234e-06
310	0.95624	0.043708	5.0168e-05	2.9633e-06
311	0.95197	0.047974	4.9238e-05	3.0703e-06
312	0.95161	0.048334	4.8479e-05	2.9661e-06
313	0.94586	0.054092	4.7485e-05	3.1384e-06
314	0.94449	0.055458	4.6674e-05	3.0884e-06
315	0.94608	0.053875	4.6062e-05	2.8804e-06
316	0.95083	0.049117	4.5661e-05	2.5002e-06
317	0.96114	0.038811	4.5514e-05	1.8273e-06
318	0.97667	0.023285	4.5684e-05	8.7288e-07
319	0.97128	0.028669	4.6778e-05	1.1759e-06
320	0.96869	0.031259	4.8053e-05	1.3547e-06
321	0.96925	0.030696	4.9425e-05	1.3895e-06
322	0.95389	0.046057	5.0044e-05	2.2345e-06
323	0.9458	0.054149	5.0953e-05	2.7426e-06
324	0.92567	0.074278	5.1238e-05	3.9248e-06
325	0.91487	0.085077	5.1936e-05	4.6491e-06
326	0.91033	0.089614	5.2914e-05	5.0464e-06
327	0.9107	0.089244	5.412e-05	5.1708e-06
328	0.8807	0.11924	5.3524e-05	7.1521e-06
329	0.86096	0.13898	5.3564e-05	8.5543e-06
330	0.84811	0.15183	5.4047e-05	9.5645e-06
331	0.84287	0.15706	5.4932e-05	1.0127e-05
332	0.84377	0.15616	5.6158e-05	1.0304e-05
333	0.85095	0.14898	5.7756e-05	1.0063e-05
334	0.8639	0.13603	5.9834e-05	9.3982e-06
335	0.88815	0.11178	6.2669e-05	7.9309e-06
336	0.93024	0.069691	6.6737e-05	5.185e-06
337	0.94919	0.050739	6.9357e-05	3.939e-06
338	0.94874	0.05119	7.0539e-05	4.0831e-06
339	0.95217	0.047752	7.1965e-05	3.9353e-06
340	0.95067	0.049252	7.3064e-05	4.1678e-06
341	0.95292	0.047001	7.4409e-05	4.1061e-06
342	0.95807	0.041853	7.6053e-05	3.7997e-06
343	0.9592	0.04072	7.7319e-05	3.8215e-06
344	0.96313	0.036784	7.8894e-05	3.5969e-06
345	0.97188	0.02804	8.0824e-05	2.9677e-06
346	0.96966	0.03025	8.1726e-05	3.3169e-06
347	0.96205	0.037867	8.2083e-05	4.2666e-06
348	0.95766	0.042256	8.2828e-05	4.8848e-06
349	0.95597	0.043945	8.3905e-05	5.2276e-06
350	0.95785	0.04206	8.5284e-05	5.2197e-06
351	0.96246	0.037447	8.6999e-05	4.9332e-06
352	0.96237	0.037537	8.8288e-05	5.1324e-06
353	0.96466	0.035246	8.99e-05	5.0711e-06
354	0.97094	0.028961	9.1873e-05	4.5962e-06
355	0.96593	0.033975	9.2507e-05	5.5237e-06
356	0.96375	0.036155	9.3589e-05	6.0748e-06
357	0.96408	0.035815	9.507e-05	6.3023e-06
358	0.95995	0.039945	9.44e-05	6.5988e-06
359	0.94739	0.052511	9.288e-05	7.7887e-06
360	0.93939	0.06051	9.1894e-05	8.4879e-06
361	0.9364	0.063501	9.1389e-05	8.6649e-06
362	0.93657	0.063334	9.1292e-05	8.4811e-06
363	0.93992	0.059984	9.1623e-05	7.9175e-06
364	0.94839	0.051507	9.2522e-05	6.7441e-06
365	0.96159	0.038315	9.4065e-05	4.9702e-06
366	0.98509	0.014815	9.6827e-05	1.9339e-06
367	0.9836	0.016303	9.6514e-05	2.0357e-06
368	0.98384	0.016059	9.6435e-05	1.948e-06
369	0.9866	0.013301	9.6585e-05	1.5873e-06
370	0.98727	0.012635	9.6441e-05	1.4777e-06
371	0.98974	0.010164	9.6546e-05	1.1686e-06
372	0.99041	0.0094964	9.6396e-05	1.0705e-06
373	0.99272	0.0071822	9.6474e-05	7.9427e-07
374	0.99778	0.0021223	9.6796e-05	2.2979e-07
375	0.99622	0.0036832	9.6462e-05	3.7033e-07
376	0.99586	0.0040445	9.6296e-05	3.9208e-07
377	0.99665	0.0032582	9.6292e-05	2.9924e-07
378	0.99636	0.0035389	9.6142e-05	3.1048e-07
379	0.99489	0.0050149	9.5804e-05	4.2874e-07
380	0.98354	0.016362	9.7895e-05	2.0189e-06
381	0.97606	0.023832	0.00010054	3.1823e-06
382	0.9615	0.038397	0.00010195	5.4974e-06
383	0.9538	0.046088	0.00010412	6.9577e-06
384	0.94971	0.050175	0.0001069	7.9519e-06
385	0.94961	0.05027	0.00011012	8.4255e-06
386	0.95218	0.047701	0.00011383	8.5371e-06
387	0.95771	0.04216	0.00011808	8.2277e-06
388	0.95816	0.041706	0.00012176	8.6391e-06
389	0.95417	0.045693	0.00012449	9.9093e-06
390	0.94257	0.057292	0.00012366	1.1413e-05
391	0.86606	0.1338	0.00011386	2.1839e-05
392	0.81231	0.18755	0.00010723	2.916e-05
393	0.78144	0.21843	0.00010352	3.3504e-05
394	0.76057	0.23929	0.00010125	3.6466e-05
395	0.75037	0.2495	0.00010035	3.801e-05
396	0.74593	0.25393	0.00010032	3.8735e-05
397	0.74846	0.2514	0.00010122	3.8488e-05
398	0.75597	0.24389	0.00010292	3.7496e-05
399	0.75307	0.24678	0.00010318	3.8e-05
400	0.75481	0.24505	0.00010418	3.7818e-05
401	0.76139	0.23847	0.00010598	3.6891e-05
402	0.77683	0.22303	0.00010908	3.4622e-05
403	0.78189	0.21796	0.00011053	3.3952e-05
404	0.79267	0.20718	0.00011294	3.2374e-05
405	0.81418	0.18568	0.00011696	2.915e-05
406	0.85219	0.14766	0.00012346	2.3393e-05
407	0.90666	0.09319	0.00013275	1.4907e-05
408	0.98668	0.01317	0.00014643	2.0937e-06
409	0.99934	0.00051158	0.00014926	8.2453e-08
410	0.9975	0.0023532	0.00014987	3.5723e-07
411	0.99675	0.0030976	0.00015071	4.6608e-07
412	0.99506	0.0047861	0.00015135	7.2182e-07
413	0.99497	0.0048814	0.00015217	7.4206e-07
414	0.99644	0.0034097	0.00015317	5.2706e-07
415	0.99434	0.0055078	0.00015369	8.5797e-07
416	0.99365	0.0061974	0.00015451	9.6708e-07
417	0.99463	0.0052185	0.00015553	8.2096e-07
418	0.99375	0.006095	0.0001562	9.7083e-07
419	0.9915	0.0083435	0.00015659	1.3508e-06
420	0.99074	0.0091018	0.00015728	1.4872e-06
421	0.99138	0.008461	0.00015827	1.3932e-06
422	0.9936	0.0062363	0.00015959	1.0331e-06
423	0.99407	0.0057726	0.00016077	9.4937e-07
424	0.99345	0.0063887	0.0001617	1.0473e-06
425	0.99452	0.0053145	0.00016285	8.7376e-07
426	0.99756	0.0022735	0.00016426	3.8001e-07
427	0.99892	0.00091631	0.00016548	1.5487e-07
428	0.99866	0.0011686	0.00016636	2.009e-07
429	0.9992	0.00063261	0.00016745	1.1208e-07
430	0.9959	0.0039275	0.00016794	6.8781e-07
431	0.98878	0.011052	0.00016785	1.9254e-06
432	0.98432	0.015507	0.00016829	2.7036e-06
433	0.98214	0.017688	0.00016921	3.0878e-06
434	0.98251	0.017321	0.0001705	3.0431e-06
435	0.98552	0.014304	0.00017218	2.542e-06
436	0.98558	0.014242	0.00017343	2.548e-06
437	0.97492	0.024898	0.00017268	4.4942e-06
438	0.96943	0.03039	0.00017276	5.5461e-06
439	0.9666	0.033219	0.00017341	6.1085e-06
440	0.96706	0.032755	0.00017458	6.0878e-06
441	0.97095	0.028867	0.00017631	5.456e-06
442	0.94684	0.05298	0.00017255	1.0249e-05
443	0.93038	0.069431	0.00017037	1.3542e-05
444	0.92004	0.079774	0.00016945	1.5648e-05
445	0.89835	0.10146	0.00016617	2.0052e-05
446	0.88389	0.11592	0.00016439	2.3038e-05
447	0.87709	0.12272	0.00016398	2.4585e-05
448	0.85755	0.14226	0.00016114	2.8647e-05
449	0.84768	0.15213	0.00016009	3.087e-05
450	0.84295	0.15686	0.00016015	3.2058e-05
451	0.84269	0.15711	0.00016118	3.2346e-05
452	0.84687	0.15294	0.00016321	3.1727e-05
453	0.85563	0.14417	0.00016628	3.0142e-05
454	0.87061	0.12919	0.00017078	2.7205e-05
455	0.89397	0.10583	0.00017726	2.2389e-05
456	0.93455	0.065252	0.00018734	1.3908e-05
457	0.81927	0.18053	0.00016514	3.7637e-05
458	0.74057	0.25923	0.00015046	5.3935e-05
459	0.6853	0.31449	0.00014056	6.5534e-05
460	0.57787	0.42193	0.00011949	8.824e-05
461	0.51497	0.48482	0.00010713	0.00010219
462	0.47843	0.52136	0.00010003	0.00011083
463	0.39054	0.60925	8.1985e-05	0.00013049
464	0.33917	0.66062	7.1349e-05	0.00014269
465	0.30327	0.69651	6.4094e-05	0.00015157
466	0.28309	0.71669	6.0063e-05	0.00015718
467	0.27001	0.72977	5.7622e-05	0.00016126
468	0.26499	0.73479	5.6855e-05	0.00016363
469	0.26666	0.73312	5.749e-05	0.00016456
470	0.25702	0.74275	5.5676e-05	0.00016801
471	0.2547	0.74507	5.5422e-05	0.00016985
472	0.24145	0.75832	5.2744e-05	0.00017419
473	0.2341	0.76567	5.1449e-05	0.0001772
474	0.23118	0.76859	5.1199e-05	0.00017924
475	0.18228	0.81748	4.0244e-05	0.00019193
476	0.14783	0.85194	3.2619e-05	0.00020136
477	0.12368	0.87608	2.7355e-05	0.00020848
478	0.11018	0.88958	2.4397e-05	0.00021327
479	0.10171	0.89805	2.2626e-05	0.00021692
480	0.079024	0.92073	1.758e-05	0.00022392
481	0.063094	0.93666	1.4079e-05	0.00022943
482	0.052006	0.94775	1.1681e-05	0.0002339
483	0.044429	0.95532	1.0083e-05	0.00023762
484	0.039699	0.96005	9.1418e-06	0.00024075
485	0.038001	0.96175	8.8691e-06	0.00024318
486	0.038058	0.96169	9.0384e-06	0.00024523
487	0.033695	0.96605	8.0958e-06	0.00024837
488	0.032101	0.96764	7.7919e-06	0.00025083
489	0.031922	0.96782	7.8561e-06	0.00025298
490	0.027475	0.97226	6.8082e-06	0.00025621
491	0.024865	0.97487	6.2312e-06	0.00025904
492	0.023563	0.97617	5.9955e-06	0.00026158
493	0.018129	0.9816	4.6563e-06	0.0002652
494	0.015227	0.9845	3.933e-06	0.00026817
495	0.01406	0.98567	3.6419e-06	0.00027067
496	0.013811	0.98591	3.6057e-06	0.00027298
497	0.014957	0.98476	3.9286e-06	0.00027491
498	0.017174	0.98254	4.5615e-06	0.00027659
499	0.021638	0.97808	5.7933e-06	0.00027764
500	0.029618	0.9701	7.9621e-06	0.00027772
501	0.040891	0.95882	1.11e-05	0.00027689
502	0.060227	0.93948	1.6427e-05	0.00027384
503	0.067947	0.93176	1.8686e-05	0.00027393
504	0.082183	0.91752	2.2738e-05	0.00027219
505	0.10258	0.89712	2.866e-05	0.00026864
506	0.13159	0.86811	3.7253e-05	0.0002625
507	0.17409	0.82561	5.0116e-05	0.00025216
508	0.23418	0.76551	6.8702e-05	0.00023618
509	0.33627	0.66343	9.9932e-05	0.00020751
510	0.48512	0.51457	0.00014659	0.0001635
511	0.50339	0.49629	0.0001537	0.00015916
512	0.531	0.46868	0.00016406	0.00015165
513	0.57938	0.4203	0.00018106	0.00013745
514	0.65074	0.34894	0.00020623	0.0001152
515	0.75536	0.24432	0.00024348	8.0984e-05
516	0.93166	0.068009	0.00030487	2.2555e-05
517	0.93747	0.062203	0.00030937	2.0831e-05
518	0.94964	0.050031	0.00031589	1.701e-05
519	0.97144	0.02822	0.00032549	1.0017e-05
520	0.95134	0.048322	0.0003209	1.736e-05
521	0.94031	0.059346	0.00031932	2.1599e-05
522	0.93386	0.065799	0.00031954	2.4182e-05
523	0.93104	0.06861	0.00032122	2.5448e-05
524	0.93147	0.068184	0.00032423	2.5532e-05
525	0.93492	0.064722	0.00032851	2.4479e-05
526	0.92146	0.078187	0.00032643	2.9697e-05
527	0.91491	0.084729	0.0003267	3.2473e-05
528	0.912	0.08764	0.00032847	3.3888e-05
529	0.86867	0.13096	0.00031449	5.096e-05
530	0.83963	0.16	0.0003061	6.2587e-05
531	0.82378	0.17585	0.00030244	6.9402e-05
532	0.7847	0.21493	0.0002898	8.5321e-05
533	0.76282	0.2368	0.00028346	9.4859e-05
534	0.74928	0.25034	0.00028055	0.00010112
535	0.71954	0.28007	0.0002708	0.00011413
536	0.70038	0.29923	0.00026542	0.00012292
537	0.68902	0.31058	0.00026328	0.00012861
538	0.65893	0.34068	0.00025378	0.00014181
539	0.63957	0.36003	0.00024864	0.00015081
540	0.62758	0.37202	0.00024652	0.00015692
541	0.62152	0.37808	0.00024689	0.00016068
542	0.62315	0.37644	0.00025024	0.00016138
543	0.63306	0.36652	0.00025693	0.00015865
544	0.61183	0.38775	0.00025033	0.00016913
545	0.59841	0.40116	0.00024712	0.00017636
546	0.59119	0.40838	0.00024665	0.00018099
547	0.56668	0.43289	0.00023831	0.00019331
548	0.55431	0.44525	0.00023491	0.0002006
549	0.55069	0.44887	0.00023515	0.00020418
550	0.5522	0.44736	0.00023782	0.00020547
551	0.55903	0.44053	0.00024306	0.00020431
552	0.57561	0.42394	0.00025256	0.00019882
553	0.60197	0.39758	0.0002669	0.00018865
554	0.64054	0.359	0.00028745	0.00017242
555	0.69595	0.30358	0.00031673	0.00014761
556	0.77488	0.22465	0.00035849	0.00011048
557	0.80863	0.1909	0.00037914	9.4639e-05
558	0.85722	0.1423	0.0004081	7.0668e-05
559	0.84688	0.15263	0.0004073	7.6207e-05
560	0.84342	0.15609	0.00040958	7.8556e-05
561	0.84598	0.15353	0.00041465	7.8006e-05
562	0.82138	0.17812	0.00040577	9.1302e-05
563	0.80568	0.19382	0.00040157	0.00010011
564	0.79865	0.20084	0.00040146	0.00010472
565	0.72004	0.27945	0.00036509	0.00014586
566	0.67435	0.32513	0.00034454	0.00017108
567	0.6428	0.35668	0.00033139	0.00018907
568	0.62592	0.37356	0.00032541	0.00019979
569	0.61879	0.38068	0.00032429	0.00020556
570	0.61947	0.38	0.00032712	0.00020728
571	0.62812	0.37134	0.00033404	0.00020482
572	0.64395	0.35551	0.00034513	0.00019837
573	0.67386	0.32559	0.00036358	0.00018445
574	0.66701	0.33244	0.00036253	0.00019021
575	0.66787	0.33158	0.0003656	0.00019176
576	0.67431	0.32513	0.00037206	0.0001901
577	0.67156	0.32787	0.00037315	0.00019371
578	0.67377	0.32566	0.0003773	0.00019443
579	0.68117	0.31825	0.00038473	0.00019205
580	0.69825	0.30116	0.00039757	0.00018416
581	0.70212	0.29729	0.00040315	0.00018371
582	0.71187	0.28754	0.00041257	0.00017963
583	0.71017	0.28923	0.00041542	0.00018231
584	0.71575	0.28365	0.00042249	0.00018066
585	0.72749	0.2719	0.00043373	0.00017505
586	0.74709	0.25229	0.00045041	0.00016424
587	0.77737	0.22201	0.00047465	0.0001461
588	0.79019	0.20919	0.00048758	0.00013914
589	0.77526	0.2241	0.00048243	0.00015013
590	0.76694	0.23243	0.00048176	0.00015688
591	0.764	0.23535	0.00048485	0.00016012
592	0.76605	0.2333	0.00049153	0.00016001
593	0.77561	0.22373	0.00050309	0.0001549
594	0.79523	0.2041	0.00052132	0.00014298
595	0.8254	0.17393	0.0005476	0.00012327
596	0.87046	0.12886	0.0005855	9.221e-05
597	0.93476	0.064552	0.0006388	4.6012e-05
598	0.96817	0.031134	0.00066967	2.2071e-05
599	0.9857	0.013599	0.00068899	9.5364e-06
600	0.98331	0.015985	0.00069389	1.1243e-05
601	0.97483	0.024455	0.00069427	1.7317e-05
602	0.9579	0.041381	0.0006882	2.9684e-05
603	0.947	0.052278	0.00068672	3.7749e-05
604	0.92509	0.074181	0.00067676	5.4132e-05
605	0.91305	0.086209	0.00067353	6.3638e-05
606	0.90574	0.093512	0.00067405	6.9642e-05
607	0.90393	0.095318	0.00067838	7.1695e-05
608	0.90576	0.093487	0.0006858	7.0928e-05
609	0.91115	0.088086	0.00069634	6.7309e-05
610	0.90968	0.089548	0.00070116	6.9059e-05
611	0.91302	0.086207	0.00070947	6.7183e-05
612	0.90988	0.089338	0.00071311	7.025e-05
613	0.9116	0.087611	0.00072032	6.9597e-05
614	0.91712	0.082088	0.00073096	6.58e-05
615	0.92722	0.071976	0.00074582	5.8084e-05
616	0.92986	0.069325	0.00075422	5.6478e-05
617	0.93587	0.063314	0.00076577	5.1993e-05
618	0.93696	0.062217	0.0007731	5.1572e-05
619	0.94105	0.058118	0.00078329	4.8552e-05
620	0.95062	0.048545	0.00079788	4.0978e-05
621	0.9545	0.04465	0.00080756	3.8143e-05
622	0.94362	0.055532	0.000805	4.7862e-05
623	0.93691	0.062228	0.0008063	5.4e-05
624	0.93499	0.064145	0.0008114	5.6169e-05
625	0.9373	0.061827	0.00081994	5.4729e-05
626	0.94308	0.056042	0.00083198	5.0096e-05
627	0.95315	0.045959	0.00084844	4.1386e-05
628	0.9497	0.049403	0.00085252	4.4865e-05
629	0.94897	0.05013	0.0008594	4.5849e-05
630	0.95211	0.046976	0.00086957	4.3361e-05
631	0.96003	0.039046	0.0008839	3.6533e-05
632	0.95521	0.043865	0.0008869	4.1377e-05
633	0.95317	0.045893	0.00089284	4.3585e-05
634	0.95368	0.045372	0.00090157	4.3332e-05
635	0.9581	0.040943	0.00091379	3.9389e-05
636	0.96769	0.031348	0.00093078	3.0488e-05
637	0.97186	0.027167	0.0009424	2.6777e-05
638	0.97927	0.019756	0.0009577	1.9732e-05
639	0.99058	0.0084353	0.00097749	8.5272e-06
640	0.98804	0.010969	0.00098323	1.1185e-05
641	0.98175	0.017245	0.00098556	1.7614e-05
642	0.97804	0.020944	0.00099082	2.1456e-05
643	0.96875	0.030224	0.00098991	3.1198e-05
644	0.96323	0.035744	0.00099324	3.7091e-05
645	0.96151	0.037451	0.0010001	3.9207e-05
646	0.95578	0.043167	0.0010025	4.569e-05
647	0.9532	0.04574	0.0010085	4.8816e-05
648	0.95427	0.04466	0.0010182	4.8162e-05
649	0.89732	0.1016	0.00096309	0.00011197
650	0.86432	0.1346	0.00093314	0.00015046
651	0.84251	0.1564	0.00091612	0.00017637
652	0.79147	0.20743	0.00086656	0.00023515
653	0.76227	0.23662	0.00084011	0.00027065
654	0.74342	0.25546	0.00082573	0.00029443
655	0.69755	0.30132	0.00078099	0.0003489
656	0.67167	0.32719	0.0007576	0.00038186
657	0.65536	0.34349	0.00074551	0.00040386
658	0.64858	0.35026	0.00074379	0.00041533
659	0.64699	0.35184	0.00074854	0.00042065
660	0.65089	0.34793	0.0007603	0.00041934
661	0.66029	0.33852	0.00077933	0.00041111
662	0.68046	0.31834	0.00081132	0.00038972
663	0.71714	0.28165	0.0008634	0.00034807
664	0.77168	0.2271	0.00093974	0.00028254
665	0.8643	0.13447	0.0010637	0.00016917
666	0.91258	0.08618	0.0011328	0.00011054
667	0.9169	0.081846	0.0011482	0.00010597
668	0.90047	0.098265	0.0011382	0.00012737
669	0.8899	0.10883	0.001136	0.0001415
670	0.88583	0.11288	0.0011414	0.00014774
671	0.88714	0.11156	0.0011534	0.00014723
672	0.89408	0.10461	0.0011724	0.00013941
673	0.90583	0.092848	0.0011986	0.0001248
674	0.92752	0.071141	0.0012379	9.6881e-05
675	0.95902	0.039633	0.0012919	5.4639e-05
676	0.97403	0.024607	0.0013234	3.4676e-05
677	0.98036	0.018274	0.001344	2.6155e-05
678	0.99051	0.0081088	0.0013708	1.187e-05
679	0.99119	0.0074157	0.0013848	1.0924e-05
680	0.99027	0.0083201	0.0013961	1.2342e-05
681	0.99119	0.0073896	0.0014098	1.1176e-05
682	0.99035	0.0082161	0.0014217	1.2503e-05
683	0.99086	0.0076907	0.0014361	1.18e-05
684	0.99279	0.0057502	0.0014532	8.9032e-06
685	0.99636	0.0021615	0.0014736	3.3528e-06
686	0.99824	0.00027251	0.001491	4.4566e-07
687	0.99842	7.852e-05	0.0015054	1.7587e-07
688	0.99776	0.00072941	0.0015122	1.2959e-06
689	0.99658	0.0018936	0.0015183	3.3488e-06
690	0.99407	0.0044033	0.0015225	7.771e-06
691	0.9929	0.0055606	0.0015293	9.9365e-06
692	0.99333	0.0051213	0.0015385	9.5432e-06
693	0.99509	0.0033533	0.0015503	6.9314e-06
694	0.99588	0.0025552	0.0015601	6.0221e-06
695	0.99598	0.0024455	0.001569	6.4655e-06
696	0.99553	0.0028868	0.0015762	8.4134e-06
697	0.9939	0.0045156	0.0015737	1.1121e-05
698	0.99384	0.0045723	0.0015739	1.1017e-05
699	0.9927	0.0057106	0.0015716	1.3227e-05
700	0.99286	0.0055559	0.0015719	1.3035e-05
701	0.99472	0.0036909	0.0015752	9.8081e-06
702	0.99547	0.0029424	0.0015764	8.8134e-06
703	0.99529	0.0031314	0.0015687	8.2636e-06
704	0.99618	0.0022493	0.0015634	5.5914e-06
705	0.99827	0.00016901	0.001561	4.197e-07
706	0.9973	0.0011481	0.0015522	1.9671e-06
707	0.99719	0.0012623	0.0015452	2.1069e-06
708	0.99793	0.00052797	0.0015399	8.8057e-07
709	0.9117	0.086763	0.0013997	0.00013487
710	0.86125	0.13722	0.0013147	0.00021347
711	0.8261	0.17238	0.0012553	0.00026679
712	0.75797	0.24051	0.0011441	0.00037166
713	0.71026	0.28823	0.0010667	0.00044306
714	0.68322	0.31527	0.0010206	0.00048307
715	0.62852	0.36999	0.00093105	0.00056632
716	0.59175	0.40676	0.00087109	0.00062027
717	0.56671	0.4318	0.00083014	0.00065545
718	0.5511	0.44742	0.00080418	0.00067589
719	0.54511	0.45341	0.00079214	0.00068229
720	0.54694	0.45159	0.00079129	0.00067739
721	0.5383	0.46024	0.00077454	0.00068825
722	0.53515	0.46339	0.00076649	0.00069066
723	0.53713	0.46142	0.00076637	0.00068535
724	0.54745	0.4511	0.00077787	0.0006683
725	0.56547	0.43309	0.00080091	0.00063996
726	0.59378	0.40478	0.00083942	0.0005964
727	0.63645	0.36212	0.00089966	0.00053134
728	0.71008	0.2885	0.0010034	0.00042268
729	0.81799	0.18059	0.0011586	0.00026276
730	0.87432	0.12426	0.001236	0.0001805
731	0.881	0.11759	0.0012411	0.00017044
732	0.89253	0.10606	0.0012535	0.0001533
733	0.91029	0.088303	0.0012754	0.00012698
734	0.9416	0.057006	0.0013158	8.1919e-05
735	0.98646	0.012149	0.0013764	1.6973e-05
736	0.98742	0.01119	0.0013733	1.5494e-05
737	0.99077	0.0078441	0.0013733	1.0773e-05
738	0.99743	0.0011918	0.0013776	1.6306e-06
739	0.99701	0.0016142	0.0013725	2.1832e-06
740	0.99613	0.0024969	0.0013666	3.3743e-06
741	0.99647	0.0021605	0.0013622	2.9255e-06
742	0.9939	0.0047358	0.0013532	6.5605e-06
743	0.99272	0.0059288	0.0013465	8.2116e-06
744	0.99277	0.0058831	0.0013418	8.1184e-06
745	0.9915	0.0071526	0.0013352	9.8706e-06
746	0.98826	0.010399	0.0013261	1.4252e-05
747	0.98676	0.011905	0.0013197	1.6188e-05
748	0.98256	0.016112	0.0013095	2.1818e-05
749	0.98045	0.018221	0.0013025	2.4517e-05
750	0.98088	0.017796	0.0012986	2.39e-05
751	0.9833	0.015382	0.0012977	2.0559e-05
752	0.98898	0.0097029	0.0013009	1.3011e-05
753	0.99804	0.00064782	0.0013089	8.8386e-07
754	0.99829	0.00039926	0.0013054	5.4368e-07
755	0.99848	0.00021974	0.001302	2.9681e-07
756	0.99866	3.9704e-05	0.0012989	5.2171e-08
757	0.99731	0.0013941	0.0012936	1.8255e-06
758	0.99692	0.0017849	0.0012898	2.3123e-06
759	0.99763	0.0010827	0.0012873	1.4076e-06
760	0.9967	0.0020188	0.0012824	2.6534e-06
761	0.99673	0.0019909	0.0012792	2.6175e-06
762	0.99768	0.0010438	0.0012773	1.3714e-06
763	0.99683	0.0018944	0.0012734	2.439e-06
764	0.99712	0.001611	0.0012707	2.0766e-06
765	0.99837	0.00036143	0.0012695	4.5409e-07
766	0.99842	0.00031465	0.0012665	3.9706e-07
767	0.99768	0.0010527	0.0012622	1.3505e-06
768	0.99614	0.0026009	0.0012572	3.308e-06
769	0.99593	0.0028095	0.0012537	3.5912e-06
770	0.99676	0.0019814	0.0012518	2.5345e-06
771	0.99707	0.0016761	0.0012491	2.1702e-06
772	0.99683	0.0019168	0.001246	2.4846e-06
773	0.99588	0.0028714	0.0012421	3.6867e-06
774	0.99593	0.0028244	0.0012398	3.5984e-06
775	0.99731	0.0014461	0.001239	1.8718e-06
776	0.99648	0.0022771	0.0012356	2.9226e-06
777	0.99664	0.0021261	0.0012337	2.714e-06
778	0.99774	0.0010241	0.0012333	1.2908e-06
779	0.99843	0.00033377	0.0012321	4.2216e-07
780	0.99826	0.00051394	0.0012301	6.3617e-07
781	0.99803	0.0007411	0.0012279	9.204e-07
782	0.99855	0.00022343	0.0012268	2.7086e-07
783	0.99851	0.00026086	0.0012249	3.1174e-07
784	0.99761	0.0011709	0.0012217	1.4231e-06
785	0.9977	0.0010771	0.0012196	1.3223e-06
786	0.99861	0.0001722	0.0012187	2.134e-07
787	0.99877	1.5299e-05	0.001217	1.8329e-08
788	0.99842	0.00036248	0.0012146	4.333e-07
789	0.99873	6.0467e-05	0.0012133	4.9967e-08
790	0.99846	0.00031913	0.0012238	4.1007e-07
791	0.99814	0.00062388	0.0012347	8.5059e-07
792	0.99759	0.0011648	0.0012458	1.6385e-06
793	0.99644	0.0023031	0.0012565	3.2886e-06
794	0.9963	0.0024224	0.001269	3.5776e-06
795	0.99712	0.0015912	0.0012834	2.5769e-06
796	0.99746	0.0012353	0.0012978	2.2346e-06
797	0.99739	0.0012982	0.001312	2.5999e-06
798	0.99683	0.0018421	0.0013259	3.9578e-06
799	0.99095	0.0077002	0.00133	1.617e-05
800	0.97905	0.019585	0.0013202	4.186e-05
801	0.9544	0.044224	0.0012811	9.6631e-05
802	0.89828	0.10034	0.0012091	0.00017211
803	0.86578	0.13284	0.0011678	0.00021665
804	0.84431	0.1543	0.0011423	0.00024574
805	0.83079	0.16782	0.0011281	0.00026375
806	0.82522	0.17338	0.0011244	0.00027111
807	0.82592	0.17268	0.0011293	0.00026969
808	0.83308	0.16552	0.0011435	0.00025892
809	0.84868	0.14991	0.0011699	0.00023576
810	0.87301	0.12559	0.0012104	0.00019878
811	0.87104	0.12754	0.0012108	0.0002018
812	0.87467	0.12391	0.0012191	0.00019676
813	0.88251	0.11607	0.0012341	0.0001852
814	0.8821	0.11648	0.0012371	0.00018587
815	0.88565	0.11292	0.0012465	0.00018039
816	0.89369	0.10488	0.0012633	0.00016779
817	0.88059	0.11797	0.0012477	0.00018728
818	0.87484	0.12372	0.0012425	0.00019624
819	0.87302	0.12554	0.0012435	0.0001992
820	0.86415	0.1344	0.0012336	0.000213
821	0.8601	0.13845	0.0012313	0.00021941
822	0.85996	0.13858	0.0012352	0.0002198
823	0.85068	0.14786	0.0012259	0.00023366
824	0.84806	0.15048	0.0012261	0.00023792
825	0.8494	0.14913	0.0012327	0.00023602
826	0.85712	0.14141	0.0012486	0.00022459
827	0.87339	0.12513	0.0012774	0.00020027
828	0.89768	0.10084	0.0013193	0.00016299
829	0.90725	0.091267	0.001339	0.00014818
830	0.92229	0.076223	0.0013681	0.00012428
831	0.9446	0.053898	0.0014098	8.801e-05
832	0.95389	0.044609	0.0014308	7.2642e-05
833	0.95765	0.040844	0.0014422	6.6588e-05
834	0.96452	0.033965	0.001459	5.533e-05
835	0.97769	0.02079	0.0014856	3.4019e-05
836	0.98338	0.015091	0.0015007	2.4605e-05
837	0.99415	0.004322	0.0015238	7.0429e-06
838	0.99316	0.0053012	0.0015273	8.6019e-06
839	0.99374	0.0047203	0.001533	7.7628e-06
840	0.99312	0.0053361	0.0015372	8.7999e-06
841	0.99374	0.0047062	0.0015437	7.815e-06
842	0.99562	0.0028252	0.0015525	4.7723e-06
843	0.99622	0.0022154	0.0015596	3.7657e-06
844	0.99389	0.0045444	0.0015623	7.5146e-06
845	0.99326	0.0051604	0.0015675	8.5878e-06
846	0.99387	0.0045439	0.001575	7.6291e-06
847	0.99325	0.0051589	0.0015809	8.6511e-06
848	0.99146	0.0069472	0.0015845	1.1687e-05
849	0.99102	0.0073773	0.0015908	1.2462e-05
850	0.99189	0.0065009	0.0015995	1.1042e-05
851	0.99417	0.0042127	0.001611	7.2039e-06
852	0.99814	0.00023774	0.0016259	4.0383e-07
853	0.99829	7.1734e-05	0.001634	1.2295e-07
854	0.99582	0.0025338	0.0016381	4.2275e-06
855	0.97873	0.019623	0.001617	3.327e-05
856	0.96713	0.031212	0.0016057	5.2942e-05
857	0.96114	0.037191	0.0016032	6.3513e-05
858	0.95803	0.040294	0.0016061	6.9123e-05
859	0.95844	0.039877	0.0016146	6.8923e-05
860	0.96132	0.036984	0.0016278	6.435e-05
861	0.96703	0.031268	0.0016465	5.4692e-05
862	0.9782	0.020087	0.0016743	3.567e-05
863	0.99527	0.0030077	0.0017135	5.7436e-06
864	0.99528	0.0029917	0.0017231	5.8032e-06
865	0.99029	0.0079718	0.0017237	1.5165e-05
866	0.98748	0.010769	0.0017289	2.0486e-05
867	0.98645	0.011786	0.0017379	2.2518e-05
868	0.98706	0.011169	0.0017504	2.15e-05
869	0.98998	0.008238	0.0017668	1.6301e-05
870	0.99112	0.0070836	0.0017796	1.4445e-05
871	0.99099	0.0072102	0.0017897	1.5119e-05
872	0.98905	0.0091372	0.0017966	1.9415e-05
873	0.98859	0.0095842	0.0018068	2.0765e-05
874	0.98956	0.0086051	0.0018205	1.9274e-05
875	0.98915	0.0090004	0.0018309	2.0715e-05
876	0.99023	0.0079043	0.0018448	1.9095e-05
877	0.99296	0.0051589	0.0018628	1.4078e-05
878	0.99386	0.0042542	0.0018775	1.286e-05
879	0.98185	0.016247	0.001855	4.8533e-05
880	0.9754	0.02268	0.0018473	6.9102e-05
881	0.97186	0.026209	0.0018482	8.1643e-05
882	0.97072	0.02734	0.0018559	8.7887e-05
883	0.97165	0.026395	0.0018694	8.8991e-05
884	0.96894	0.029102	0.001868	9.2751e-05
885	0.96844	0.029599	0.0018721	9.1308e-05
886	0.94969	0.048346	0.001837	0.0001288
887	0.90691	0.09112	0.0017548	0.00021373
888	0.81305	0.18497	0.0015738	0.00039775
889	0.59985	0.39817	0.0011482	0.00082601
890	0.45372	0.5443	0.00086085	0.0011163
891	0.35362	0.6444	0.00066697	0.0013133
892	0.29491	0.70311	0.00055168	0.0014317
893	0.25502	0.74299	0.00047469	0.0015119
894	0.22727	0.77074	0.00042201	0.001568
895	0.17108	0.82693	0.00031258	0.0016808
896	0.13136	0.86664	0.00023622	0.0017607
897	0.10831	0.88968	0.00019118	0.0018092
898	0.095384	0.90261	0.00016537	0.0018384
899	0.087212	0.91078	0.00014921	0.0018581
900	0.082317	0.91567	0.00013956	0.0018715
901	0.08011	0.91787	0.00013516	0.0018798
902	0.081806	0.91618	0.00013772	0.001881
903	0.087803	0.91017	0.00014777	0.0018748
904	0.072358	0.92562	0.00011714	0.0019093
905	0.06212	0.93585	9.6969e-05	0.0019336
906	0.056979	0.94099	8.6204e-05	0.0019485
907	0.054175	0.94379	7.9933e-05	0.001959
908	0.054593	0.94336	7.9152e-05	0.0019639
909	0.057222	0.94073	8.2167e-05	0.0019652
910	0.062161	0.93579	8.8978e-05	0.0019629
911	0.070355	0.92759	0.00010106	0.0019556
912	0.082983	0.91496	0.00012031	0.0019412
913	0.075851	0.92208	0.00010572	0.0019609
914	0.071666	0.92626	9.6714e-05	0.0019752
915	0.071325	0.9266	9.4186e-05	0.0019829
916	0.07473	0.92319	9.7438e-05	0.0019848
917	0.080903	0.91701	0.00010492	0.0019826
918	0.092966	0.90494	0.00012046	0.0019723
919	0.095465	0.90245	0.0001284	0.0019567
920	0.10123	0.89669	0.00014285	0.0019348
921	0.11312	0.88481	0.00016941	0.0019007
922	0.13062	0.86732	0.00020823	0.0018545
923	0.16126	0.83669	0.00027425	0.0017811
924	0.2133	0.78465	0.00038417	0.0016637
925	0.23882	0.75914	0.00043644	0.0016038
926	0.27684	0.72112	0.00051559	0.0015173
927	0.34161	0.65637	0.00064845	0.001377
928	0.45094	0.54705	0.00086939	0.0011485
929	0.61048	0.38751	0.0011961	0.00081453
930	0.67682	0.32118	0.0013309	0.0006728
931	0.79006	0.20795	0.0015591	0.00043747
932	0.84139	0.15662	0.0016608	0.00032905
933	0.91453	0.083488	0.0018093	0.00017402
934	0.92316	0.074861	0.0018208	0.00015566
935	0.93732	0.060709	0.0018443	0.0001257
936	0.96248	0.035555	0.0018893	7.399e-05
937	0.96497	0.033075	0.0018876	6.8818e-05
938	0.96359	0.034457	0.0018786	7.1301e-05
939	0.96545	0.032609	0.0018757	6.7471e-05
940	0.96414	0.033923	0.0018661	7.0155e-05
941	0.96526	0.032807	0.0018618	6.7841e-05
942	0.96877	0.029304	0.0018627	6.0673e-05
943	0.96832	0.029762	0.0018562	6.1315e-05
944	0.96454	0.033544	0.0018427	6.8715e-05
945	0.96416	0.033939	0.0018355	6.9539e-05
946	0.96604	0.032062	0.0018333	6.5781e-05
947	0.96407	0.034034	0.001824	6.9485e-05
948	0.96456	0.033555	0.0018199	6.8237e-05
949	0.96737	0.030749	0.0018208	6.2311e-05
950	0.97428	0.023846	0.0018293	4.8585e-05
951	0.98497	0.013153	0.0018457	2.7245e-05
952	0.98953	0.0086002	0.0018492	1.8431e-05
953	0.99697	0.0011635	0.0018588	3.8975e-06
