#coord	neutral	conserved	gBGC.neutral	gBGC.conserved
1	0.58725	0.16374	0.19428	0.054729
2	0.5933	0.15788	0.19615	0.052667
3	0.60369	0.14766	0.19959	0.049066
4	0.62325	0.12828	0.206	0.042471
5	0.65752	0.094204	0.21712	0.031156
6	0.71572	0.036216	0.23576	0.0123
7	0.72347	0.028652	0.23809	0.0097886
8	0.73504	0.017227	0.2418	0.0059281
9	0.75182	0.00056677	0.24741	0.00020453
10	0.75188	0.00059173	0.24732	0.00021192
11	0.7517	0.00082444	0.24719	0.00029075
12	0.75207	0.00047385	0.24729	0.00016995
13	0.75154	0.0010398	0.24704	0.00037484
14	0.75163	0.00095269	0.24706	0.00035278
15	0.75233	0.00023139	0.24733	0.00011171
16	0.75226	0.00024046	0.24734	0.00015183
17	0.7531	0.00025186	0.2465	0.00014254
18	0.75387	0.00028061	0.24567	0.00017134
19	0.75572	0.0012376	0.24257	0.00046993
20	0.75852	0.0013266	0.23967	0.00048155
21	0.76067	0.0019295	0.23674	0.00066236
22	0.76216	0.0032687	0.23349	0.001087
23	0.76447	0.0036413	0.2307	0.0011879
24	0.76534	0.005331	0.22765	0.0016844
25	0.76717	0.0059376	0.22506	0.0018319
26	0.76997	0.0054561	0.22293	0.0016425
27	0.77437	0.003442	0.22117	0.0010202
28	0.77776	0.0024955	0.219	0.00073608
29	0.78206	0.00052984	0.21724	0.00016157
30	0.78386	0.0011309	0.21466	0.00034378
31	0.78503	0.0022229	0.21209	0.00066187
32	0.78691	0.0024917	0.20986	0.00073708
33	0.7895	0.0019621	0.20796	0.0005873
34	0.79126	0.0021512	0.20595	0.00063942
35	0.78964	0.0057839	0.20289	0.0016847
36	0.78945	0.0078947	0.20039	0.0022705
37	0.77543	0.023881	0.19389	0.0067979
38	0.76673	0.034455	0.18916	0.0096543
39	0.76161	0.041362	0.18561	0.011422
40	0.75927	0.045398	0.18296	0.012375
41	0.75945	0.046833	0.1811	0.012621
42	0.7618	0.046027	0.1799	0.01228
43	0.75954	0.049753	0.17767	0.013046
44	0.75198	0.05882	0.17407	0.015132
45	0.74788	0.06435	0.17147	0.016293
46	0.74663	0.066977	0.16968	0.01672
47	0.71901	0.096	0.16166	0.02333
48	0.70381	0.11265	0.15651	0.027035
49	0.66562	0.15221	0.14635	0.035822
50	0.57914	0.24	0.1259	0.054964
51	0.52833	0.29214	0.11339	0.06614
52	0.49294	0.32881	0.1047	0.07355
53	0.46867	0.35431	0.0987	0.078321
54	0.456	0.36823	0.095137	0.08063
55	0.42572	0.39979	0.087739	0.086748
56	0.40917	0.41765	0.083281	0.089901
57	0.39944	0.42863	0.080456	0.091476
58	0.37605	0.45329	0.074694	0.095965
59	0.32777	0.50287	0.063559	0.1058
60	0.29987	0.53209	0.056808	0.11123
61	0.28087	0.55236	0.052187	0.11458
62	0.26849	0.56597	0.049093	0.11644
63	0.26366	0.57206	0.047486	0.1168
64	0.26481	0.57217	0.047	0.11602
65	0.27219	0.56608	0.047589	0.11414
66	0.28513	0.55438	0.049199	0.11129
67	0.30921	0.53155	0.052556	0.10668
68	0.34514	0.49684	0.057919	0.10011
69	0.34509	0.49812	0.057009	0.099784
70	0.33621	0.50825	0.054344	0.1012
71	0.33432	0.51142	0.052987	0.10128
72	0.33879	0.50825	0.052695	0.10027
73	0.34791	0.50038	0.05321	0.098504
74	0.3665	0.48306	0.055046	0.095394
75	0.39479	0.45599	0.058323	0.090896
76	0.40451	0.44745	0.058866	0.089179
77	0.42412	0.42903	0.060761	0.086087
78	0.45391	0.40039	0.064142	0.08156
79	0.4517	0.40551	0.062599	0.080199
80	0.45385	0.40616	0.061867	0.078129
81	0.46051	0.4022	0.061966	0.075327
82	0.4724	0.39292	0.06302	0.071666
83	0.49517	0.3728	0.065781	0.066252
84	0.52819	0.34233	0.070321	0.059155
85	0.54467	0.32846	0.071628	0.055243
86	0.57438	0.30141	0.074848	0.049368
87	0.62509	0.2534	0.080995	0.040514
88	0.69695	0.18414	0.090301	0.028608
89	0.73543	0.14832	0.093774	0.022474
90	0.80008	0.086391	0.10054	0.012985
91	0.81062	0.078432	0.099467	0.011484
92	0.81417	0.077327	0.097533	0.010966
93	0.81298	0.081041	0.094893	0.01109
94	0.81469	0.081733	0.092757	0.010821
95	0.8193	0.079428	0.091095	0.010181
96	0.82902	0.072059	0.089949	0.0089676
97	0.84323	0.060111	0.089426	0.0072349
98	0.8672	0.038449	0.089874	0.0044724
99	0.90707	0.00096175	0.091852	0.00011871
100	0.89671	0.013492	0.088385	0.0014107
101	0.89203	0.020406	0.085476	0.0020871
102	0.89111	0.023623	0.082899	0.0023708
103	0.89224	0.024672	0.080666	0.0024235
104	0.89611	0.023037	0.078617	0.0022341
105	0.9022	0.019081	0.076879	0.0018441
106	0.89949	0.023823	0.074452	0.0022386
107	0.89015	0.03509	0.071583	0.0031762
108	0.88469	0.042399	0.069198	0.0037158
109	0.88357	0.04541	0.067135	0.0038842
110	0.87604	0.054746	0.064679	0.0045383
111	0.85512	0.07738	0.061331	0.0061644
112	0.69277	0.24137	0.047808	0.018048
113	0.58156	0.35415	0.038781	0.02551
114	0.50303	0.43418	0.032531	0.030255
115	0.44781	0.49085	0.028178	0.033158
116	0.41629	0.52385	0.025431	0.034429
117	0.3994	0.54224	0.023653	0.034705
118	0.38971	0.55338	0.022427	0.034486
119	0.38795	0.55661	0.021665	0.03378
120	0.39347	0.55258	0.021288	0.032663
121	0.40433	0.54316	0.021228	0.031281
122	0.40307	0.54582	0.020535	0.030581
123	0.40651	0.54372	0.020133	0.029639
124	0.40065	0.55094	0.019221	0.029185
125	0.39967	0.55324	0.018606	0.02848
126	0.40342	0.55077	0.018257	0.027555
127	0.39503	0.56039	0.017376	0.027205
128	0.37293	0.58374	0.01588	0.027449
129	0.36196	0.59599	0.014894	0.027163
130	0.33328	0.62596	0.013151	0.027613
131	0.31468	0.6458	0.01195	0.027569
132	0.26749	0.6942	0.0097182	0.028595
133	0.23444	0.72841	0.0081771	0.028969
134	0.21583	0.74821	0.0072093	0.028753
135	0.2042	0.76099	0.0065566	0.028262
136	0.17248	0.79381	0.0052895	0.028421
137	0.15457	0.81285	0.0045129	0.028074
138	0.14311	0.82539	0.0039955	0.027505
139	0.13648	0.83307	0.0036586	0.02679
140	0.1337	0.83687	0.0034556	0.025974
141	0.13438	0.83718	0.0033624	0.025081
142	0.13859	0.83392	0.0033727	0.024116
143	0.14695	0.82649	0.003496	0.023068
144	0.15987	0.81447	0.0037358	0.02193
145	0.18292	0.79232	0.0041968	0.020559
146	0.19037	0.78576	0.0042441	0.01963
147	0.20273	0.77425	0.0044088	0.018609
148	0.22586	0.752	0.0047883	0.017361
149	0.25923	0.71946	0.0053801	0.015928
150	0.27442	0.70513	0.0054989	0.014955
151	0.27872	0.70169	0.0053565	0.014231
152	0.28787	0.69339	0.0053159	0.013432
153	0.30668	0.67543	0.0054252	0.012471
154	0.31134	0.67158	0.0052709	0.011802
155	0.32431	0.65946	0.0052352	0.011003
156	0.3452	0.63936	0.0053264	0.010106
157	0.37703	0.60831	0.0055784	0.0090763
158	0.43232	0.55382	0.0061086	0.0077557
159	0.51345	0.47345	0.0069549	0.0061485
160	0.55461	0.43306	0.0071062	0.0052214
161	0.57086	0.41756	0.0069068	0.0046731
162	0.55369	0.43545	0.0063442	0.0045179
163	0.54348	0.44635	0.0058919	0.0042782
164	0.5416	0.44894	0.0055158	0.0039484
165	0.54745	0.44381	0.0051983	0.0035458
166	0.56256	0.42943	0.0049384	0.0030711
167	0.58676	0.40594	0.0047555	0.0025485
168	0.59691	0.39651	0.0044188	0.0021649
169	0.56892	0.42523	0.0038512	0.0019969
170	0.51098	0.48324	0.0034119	0.0023703
171	0.39907	0.59522	0.0026084	0.0031039
172	0.32251	0.67185	0.0020737	0.003573
173	0.27743	0.71699	0.0017479	0.0038298
174	0.25146	0.74304	0.0015484	0.0039572
175	0.23458	0.75999	0.0014165	0.0040207
176	0.19859	0.79604	0.0011638	0.0042019
177	0.17438	0.82032	0.00099595	0.0043016
178	0.15846	0.83631	0.00088554	0.0043472
179	0.14853	0.8463	0.00081494	0.004356
180	0.1428	0.85209	0.00077101	0.0043408
181	0.14238	0.85257	0.00075439	0.0042957
182	0.14715	0.84786	0.00076241	0.0042232
183	0.15635	0.83873	0.00079322	0.0041309
184	0.17424	0.8209	0.00086107	0.0039989
185	0.16514	0.83006	0.00080072	0.0039981
186	0.16061	0.83465	0.00076625	0.0039743
187	0.16161	0.83371	0.00075697	0.0039227
188	0.16619	0.82919	0.0007657	0.0038556
189	0.17761	0.81783	0.00080238	0.0037578
190	0.17817	0.81733	0.00079171	0.0037099
191	0.17058	0.82498	0.00074261	0.0036978
192	0.16699	0.82863	0.00071411	0.0036675
193	0.16695	0.82872	0.00070305	0.0036221
194	0.17266	0.82307	0.00071443	0.0035517
195	0.18573	0.81007	0.00075284	0.0034516
196	0.18908	0.80678	0.00074865	0.0033902
197	0.19656	0.79936	0.0007618	0.0033138
198	0.20906	0.78693	0.00079493	0.0032199
199	0.22807	0.76797	0.00085318	0.0031032
200	0.26196	0.73414	0.00096065	0.0029346
201	0.31199	0.68418	0.0011266	0.0027104
202	0.33277	0.66345	0.0011848	0.0025967
203	0.36449	0.63178	0.0012841	0.0024447
204	0.41013	0.58619	0.0014351	0.0022436
205	0.47737	0.519	0.0016668	0.0019645
206	0.57271	0.4237	0.0020035	0.001583
207	0.73343	0.26303	0.0025589	0.00097962
208	0.96794	0.028569	0.0033831	0.00011089
209	0.96985	0.026693	0.0033522	0.00010247
210	0.9589	0.037681	0.0032791	0.00013953
211	0.71879	0.27783	0.0023985	0.00098033
212	0.54879	0.44786	0.0017929	0.0015489
213	0.42849	0.5682	0.0013761	0.001931
214	0.34343	0.65329	0.0010894	0.0021854
215	0.29327	0.7035	0.00091481	0.0023249
216	0.25815	0.73864	0.00079498	0.0024115
217	0.23388	0.76295	0.00071345	0.0024617
218	0.22086	0.776	0.00066574	0.0024755
219	0.21358	0.78331	0.00063799	0.0024715
220	0.19118	0.80574	0.00056774	0.0025118
221	0.13891	0.85804	0.00040737	0.0026385
222	0.10805	0.88894	0.00031073	0.0026991
223	0.086343	0.91068	0.00024463	0.0027307
224	0.073943	0.92312	0.00020544	0.0027332
225	0.065596	0.9315	0.00017949	0.0027239
226	0.0603	0.93683	0.00016319	0.0027062
227	0.058754	0.93841	0.00015687	0.0026765
228	0.06046	0.93675	0.00015889	0.0026363
229	0.056929	0.94032	0.00014605	0.0026088
230	0.055744	0.94154	0.00014029	0.0025759
231	0.056511	0.94081	0.0001401	0.0025387
232	0.060741	0.93662	0.000148	0.0024913
233	0.068004	0.92939	0.00016367	0.0024376
234	0.078909	0.91853	0.00018845	0.0023761
235	0.095351	0.90212	0.00022716	0.0023022
236	0.12365	0.87386	0.00029217	0.0021998
237	0.16509	0.83246	0.0003889	0.0020673
238	0.23502	0.76256	0.00054713	0.0018711
239	0.33702	0.6606	0.00078006	0.0016018
240	0.34938	0.64828	0.00079529	0.0015483
241	0.37341	0.62429	0.00083357	0.0014692
242	0.40977	0.58796	0.00089979	0.0013641
243	0.46193	0.53584	0.001001	0.0012256
244	0.48304	0.51478	0.0010262	0.0011591
245	0.52129	0.47657	0.0010821	0.0010592
246	0.57806	0.41984	0.0011759	0.00092354
247	0.60654	0.39141	0.0012048	0.00084993
248	0.64944	0.34855	0.0012626	0.00074969
249	0.64718	0.35085	0.001231	0.00074085
250	0.6334	0.36467	0.0011738	0.00075484
251	0.62636	0.37175	0.0011333	0.00075424
252	0.62458	0.37357	0.0011053	0.00074304
253	0.63047	0.36773	0.0010887	0.00071755
254	0.64282	0.35541	0.0010854	0.00068097
255	0.66342	0.33485	0.0010979	0.00063066
256	0.66928	0.32903	0.0010851	0.00060727
257	0.68151	0.31683	0.001085	0.00057324
258	0.70187	0.2965	0.0011002	0.0005258
259	0.70717	0.29124	0.0010902	0.00050509
260	0.71803	0.2804	0.0010909	0.00047527
261	0.7399	0.25857	0.0011062	0.00042814
262	0.77335	0.22514	0.0011417	0.00036273
263	0.8232	0.17532	0.001205	0.00027129
264	0.90792	0.090637	0.0013169	0.00012852
265	0.91858	0.080012	0.0013018	0.00010824
266	0.9223	0.076191	0.0013875	0.00011665
267	0.92972	0.068679	0.0014828	0.00011914
268	0.92017	0.078129	0.0015521	0.00015229
269	0.9147	0.083485	0.0016322	0.00017877
270	0.91268	0.085393	0.0017229	0.00019909
271	0.91415	0.083817	0.0018257	0.00021238
272	0.8904	0.10744	0.0018653	0.00029373
273	0.87742	0.12031	0.0019238	0.0003517
274	0.8696	0.12801	0.0019986	0.0003981
275	0.86788	0.12961	0.0020845	0.00042898
276	0.8718	0.12558	0.0021811	0.00044459
277	0.88043	0.11683	0.0022969	0.00044638
278	0.86921	0.12793	0.0023407	0.00051568
279	0.86283	0.1342	0.0024048	0.00056949
280	0.86231	0.13461	0.0024841	0.00060355
281	0.86596	0.13083	0.0025834	0.00062319
282	0.87432	0.12235	0.0027055	0.00062587
283	0.87443	0.12225	0.0027108	0.00061215
284	0.86779	0.1289	0.0026863	0.00062483
285	0.86523	0.13147	0.0026794	0.00062259
286	0.86829	0.12842	0.0026901	0.00059934
287	0.87786	0.11886	0.002723	0.00055049
288	0.89665	0.1001	0.0027892	0.00046499
289	0.87578	0.12099	0.002699	0.00053231
290	0.86201	0.13478	0.0026375	0.00057379
291	0.8541	0.14271	0.0025999	0.00059445
292	0.85056	0.14626	0.0025802	0.00059975
293	0.8529	0.14394	0.0025772	0.00058512
294	0.85981	0.13704	0.0025938	0.00055389
295	0.87231	0.12456	0.0026341	0.00050185
296	0.87522	0.12165	0.0026419	0.0004854
297	0.88219	0.11469	0.0026673	0.00045397
298	0.89686	0.10003	0.0027168	0.00039504
299	0.91883	0.078068	0.002797	0.00030812
300	0.95179	0.04511	0.0029237	0.00017771
301	0.94571	0.051183	0.002913	0.00019328
302	0.94402	0.05287	0.0029124	0.0001953
303	0.94522	0.051667	0.0029249	0.00018731
304	0.94207	0.054543	0.0031602	0.00022508
305	0.94189	0.054441	0.0034186	0.00025289
306	0.94577	0.050286	0.0036845	0.00026464
307	0.94439	0.051366	0.0039393	0.00029974
308	0.94565	0.049804	0.0042189	0.00032267
309	0.95122	0.043947	0.0045114	0.00032372
310	0.9516	0.043501	0.0045819	0.00031645
311	0.94729	0.047744	0.0046307	0.00033602
312	0.94687	0.048099	0.0046956	0.00033503
313	0.94108	0.053825	0.0047357	0.00036403
314	0.93966	0.05518	0.004794	0.00037029
315	0.94116	0.053602	0.0048752	0.00035894
316	0.94583	0.048864	0.0049824	0.00032698
317	0.95601	0.038609	0.0051207	0.0002593
318	0.97138	0.023162	0.0053019	0.0001537
319	0.96597	0.028515	0.005335	0.00018344
320	0.96332	0.031089	0.0053895	0.0001974
321	0.96382	0.030527	0.0054569	0.00019367
322	0.94848	0.045799	0.00544	0.00027984
323	0.94037	0.053842	0.0054564	0.00032797
324	0.9203	0.073851	0.0054094	0.0004444
325	0.9095	0.084582	0.0054075	0.00051112
326	0.90493	0.089087	0.0054359	0.00054292
327	0.90525	0.088714	0.0054883	0.00054624
328	0.87538	0.11852	0.0053623	0.00073332
329	0.8557	0.13814	0.0053032	0.00085884
330	0.84287	0.1509	0.0052901	0.0009434
331	0.83761	0.15609	0.0053164	0.0009839
332	0.83845	0.15518	0.0053755	0.00098712
333	0.84554	0.14804	0.0054695	0.00095092
334	0.85836	0.13516	0.0056088	0.00087491
335	0.8824	0.11106	0.0058169	0.00072545
336	0.92416	0.06924	0.0061354	0.00046097
337	0.94294	0.050409	0.0063157	0.00033975
338	0.94244	0.050854	0.0063629	0.00034686
339	0.9458	0.047437	0.0064308	0.00032849
340	0.94426	0.048923	0.0064711	0.0003428
341	0.94645	0.046685	0.0065317	0.00033204
342	0.95151	0.04157	0.0066184	0.00030026
343	0.95259	0.040443	0.0066721	0.00029671
344	0.95644	0.036532	0.0067524	0.00027245
345	0.96508	0.027846	0.006861	0.00021489
346	0.96284	0.03004	0.0068858	0.00023635
347	0.95523	0.037601	0.0068735	0.00030008
348	0.95081	0.041957	0.0068919	0.00033849
349	0.94908	0.043631	0.0069367	0.00035585
350	0.95089	0.041758	0.007003	0.00034679
351	0.95541	0.037175	0.0070965	0.00031591
352	0.95526	0.037262	0.0071599	0.00032082
353	0.95746	0.034985	0.0072486	0.00030618
354	0.96363	0.028745	0.0073633	0.00026036
355	0.95858	0.033719	0.0073915	0.00030684
356	0.95634	0.035879	0.0074504	0.00032938
357	0.95659	0.035538	0.0075377	0.0003304
358	0.9524	0.039632	0.0076017	0.00036791
359	0.93983	0.052093	0.0076016	0.0004762
360	0.93179	0.060021	0.0076454	0.00054745
361	0.92872	0.062981	0.0077231	0.00057907
362	0.92877	0.062808	0.0078364	0.00058289
363	0.93198	0.059479	0.0079874	0.00055717
364	0.94027	0.051067	0.0081788	0.00048487
365	0.95323	0.037982	0.008426	0.00036428
366	0.9764	0.014684	0.0087657	0.0001451
367	0.9748	0.016158	0.0088819	0.0001595
368	0.97491	0.015913	0.0090225	0.00015739
369	0.97751	0.013179	0.0091805	0.00013153
370	0.97805	0.012517	0.0093114	0.00012631
371	0.98036	0.010068	0.0094699	0.00010247
372	0.98089	0.0094055	0.0096036	9.6832e-05
373	0.98305	0.0071124	0.0097639	7.3794e-05
374	0.98793	0.0021015	0.0099456	2.2708e-05
375	0.98625	0.0036465	0.010069	3.9076e-05
376	0.98574	0.0040036	0.010215	4.3032e-05
377	0.98636	0.0032248	0.010383	3.4587e-05
378	0.98593	0.0035021	0.010532	3.7726e-05
379	0.98433	0.0049622	0.010656	5.4375e-05
380	0.97298	0.016188	0.010647	0.00018528
381	0.96546	0.023575	0.010689	0.00027284
382	0.95094	0.037979	0.010638	0.0004474
383	0.94322	0.04558	0.010655	0.00054663
384	0.93906	0.049616	0.010724	0.00060318
385	0.93885	0.049703	0.010832	0.00061477
386	0.94127	0.047158	0.010981	0.00059377
387	0.94662	0.041674	0.011175	0.00053526
388	0.94693	0.04122	0.011319	0.00053638
389	0.94285	0.045153	0.011399	0.00059459
390	0.93124	0.056606	0.011404	0.00074541
391	0.85552	0.13218	0.010565	0.0017328
392	0.8023	0.18525	0.010018	0.0024377
393	0.77168	0.21571	0.0097345	0.0028725
394	0.75096	0.23628	0.0095865	0.0031803
395	0.74077	0.24631	0.0095626	0.0033577
396	0.73627	0.25065	0.0096243	0.0034591
397	0.73866	0.2481	0.0097693	0.0034708
398	0.74593	0.24066	0.0099928	0.0034127
399	0.74295	0.24347	0.010088	0.0034931
400	0.74453	0.24171	0.010258	0.0035082
401	0.75086	0.23518	0.010509	0.0034514
402	0.76595	0.21991	0.010883	0.0032655
403	0.7708	0.21488	0.011099	0.0032302
404	0.78127	0.20421	0.011416	0.0031051
405	0.80232	0.18298	0.011887	0.0028184
406	0.83963	0.14549	0.0126	0.0022824
407	0.89313	0.091801	0.013602	0.001468
408	0.97176	0.012971	0.015062	0.00020728
409	0.98404	0.00050383	0.015452	8.6132e-06
410	0.98202	0.002317	0.015626	3.8792e-05
411	0.98107	0.0030494	0.01583	5.1452e-05
412	0.9792	0.0047107	0.016007	8.0942e-05
413	0.97891	0.0048036	0.016202	8.5139e-05
414	0.98017	0.003355	0.016413	6.389e-05
415	0.9779	0.0054182	0.016574	0.00010605
416	0.97701	0.0060953	0.016775	0.00012262
417	0.97776	0.0051317	0.016995	0.00011014
418	0.9767	0.0059922	0.017169	0.00013485
419	0.9743	0.0082008	0.017302	0.00019261
420	0.97336	0.0089437	0.017478	0.00021952
421	0.97378	0.0083116	0.017694	0.00021782
422	0.97573	0.0061241	0.017958	0.00018357
423	0.97623	0.0056695	0.017942	0.00015811
424	0.97567	0.0062752	0.017891	0.00016027
425	0.97678	0.0052205	0.017868	0.00012813
426	0.97983	0.0022335	0.01788	5.4475e-05
427	0.98122	0.00090027	0.01786	2.1355e-05
428	0.98103	0.0011481	0.017796	2.4924e-05
429	0.98161	0.00062157	0.017756	1.3455e-05
430	0.97841	0.0038588	0.017653	7.4432e-05
431	0.97145	0.010858	0.017491	0.00020347
432	0.96709	0.015237	0.017387	0.00028214
433	0.96497	0.01738	0.017336	0.00031864
434	0.96535	0.01702	0.017322	0.00031117
435	0.96834	0.014056	0.017346	0.00025803
436	0.96842	0.013995	0.017328	0.00025632
437	0.95797	0.024467	0.01711	0.00044811
438	0.95261	0.029865	0.016975	0.00054906
439	0.94986	0.032645	0.0169	0.00059988
440	0.95034	0.032191	0.016874	0.00059371
441	0.9542	0.028371	0.016901	0.00052944
442	0.93054	0.052072	0.016393	0.00099212
443	0.91441	0.068243	0.016048	0.0013013
444	0.90427	0.078411	0.01583	0.0014915
445	0.88298	0.09973	0.015391	0.0018973
446	0.86879	0.11394	0.0151	0.0021624
447	0.86213	0.12063	0.014939	0.0022912
448	0.84295	0.13984	0.014559	0.0026484
449	0.83327	0.14955	0.014345	0.0028337
450	0.82864	0.1542	0.014237	0.0029215
451	0.8284	0.15445	0.014219	0.0029267
452	0.83251	0.15035	0.014292	0.0028505
453	0.84112	0.14173	0.014458	0.0026893
454	0.85584	0.127	0.01475	0.0024101
455	0.87878	0.10404	0.015214	0.0019676
456	0.91866	0.064148	0.015983	0.0012137
457	0.80533	0.17746	0.013981	0.0032249
458	0.72795	0.25483	0.01265	0.0045731
459	0.67361	0.30914	0.011741	0.005506
460	0.56799	0.41474	0.0099155	0.0073511
461	0.50616	0.47656	0.0088258	0.008455
462	0.47025	0.51246	0.0081786	0.0091115
463	0.38385	0.59885	0.0066516	0.010654
464	0.33335	0.64933	0.0057404	0.011577
465	0.29806	0.6846	0.0051181	0.012216
466	0.27822	0.70443	0.0047592	0.012587
467	0.26537	0.71727	0.0045337	0.012831
468	0.26043	0.72219	0.0044413	0.012938
469	0.26207	0.72054	0.0044583	0.012932
470	0.2526	0.73	0.0042862	0.013121
471	0.25032	0.73226	0.0042354	0.013184
472	0.23729	0.74527	0.0040006	0.013438
473	0.23006	0.75248	0.0038759	0.013587
474	0.22718	0.75533	0.0038332	0.01366
475	0.17913	0.80335	0.0029833	0.014537
476	0.14527	0.83718	0.0023962	0.015156
477	0.12153	0.86088	0.0019932	0.015595
478	0.10826	0.87412	0.0017628	0.015859
479	0.099936	0.8824	0.001623	0.016038
480	0.077641	0.90465	0.0012496	0.016455
481	0.061986	0.92026	0.00099256	0.016762
482	0.05109	0.9311	0.00081775	0.016991
483	0.043643	0.93849	0.00070187	0.017166
484	0.038994	0.94307	0.00063374	0.017298
485	0.037324	0.94468	0.00061229	0.017381
486	0.037377	0.94456	0.0006224	0.017438
487	0.03309	0.94879	0.00055464	0.017569
488	0.031522	0.95029	0.00053102	0.017653
489	0.031344	0.95041	0.00053338	0.017716
490	0.026976	0.95471	0.0004599	0.017853
491	0.024411	0.95721	0.00041952	0.017961
492	0.023131	0.95841	0.00040292	0.018051
493	0.017795	0.96368	0.00031166	0.018213
494	0.014946	0.96646	0.00026191	0.01833
495	0.013799	0.96755	0.00024112	0.018414
496	0.013553	0.96772	0.00023781	0.018487
497	0.014678	0.96653	0.00025799	0.018533
498	0.016852	0.96428	0.00029881	0.018564
499	0.021232	0.95984	0.00037818	0.018554
500	0.02906	0.95194	0.00051723	0.01848
501	0.040119	0.94081	0.00071881	0.018349
502	0.059086	0.92178	0.0010585	0.018077
503	0.066655	0.91414	0.001199	0.018009
504	0.080617	0.9001	0.0014519	0.017826
505	0.10062	0.88003	0.0018236	0.01753
506	0.12907	0.8515	0.0023648	0.017069
507	0.17074	0.80974	0.003178	0.016343
508	0.22965	0.75073	0.0043556	0.015258
509	0.32973	0.65057	0.0063213	0.013382
510	0.47565	0.50455	0.0092644	0.010535
511	0.49352	0.48658	0.0096828	0.010221
512	0.52052	0.45946	0.01031	0.0097069
513	0.56789	0.41199	0.011348	0.0087752
514	0.63776	0.342	0.012904	0.0073357
515	0.7402	0.23944	0.015228	0.0051384
516	0.91286	0.066656	0.019046	0.0014393
517	0.91845	0.060961	0.019264	0.0013275
518	0.93028	0.04903	0.019603	0.0010868
519	0.95156	0.027661	0.020128	0.00065347
520	0.93176	0.047359	0.019755	0.0011292
521	0.92086	0.058156	0.019576	0.0014032
522	0.91444	0.064473	0.019518	0.0015681
523	0.91158	0.06722	0.019555	0.0016478
524	0.91187	0.066795	0.01968	0.0016525
525	0.91513	0.063398	0.019886	0.001586
526	0.90182	0.076576	0.019687	0.0019169
527	0.8953	0.082972	0.019635	0.0020927
528	0.89232	0.085812	0.019681	0.0021816
529	0.8498	0.12821	0.018721	0.0032694
530	0.82125	0.15662	0.018127	0.0040019
531	0.80564	0.1721	0.017831	0.0044295
532	0.76729	0.21031	0.016973	0.0054284
533	0.74578	0.23168	0.016512	0.0060243
534	0.73243	0.24488	0.016271	0.0064105
535	0.70325	0.27393	0.015599	0.0072215
536	0.68441	0.29262	0.015207	0.0077627
537	0.6732	0.30367	0.015022	0.0081087
538	0.64367	0.33303	0.014388	0.0089154
539	0.62464	0.35187	0.014028	0.0094586
540	0.6128	0.36352	0.013857	0.0098241
541	0.60675	0.36936	0.01384	0.010047
542	0.60822	0.36769	0.013995	0.01009
543	0.61779	0.35794	0.014341	0.0099356
544	0.59695	0.37859	0.013887	0.010574
545	0.58374	0.39161	0.013644	0.011012
546	0.57657	0.39856	0.01357	0.011292
547	0.55255	0.42239	0.013015	0.012039
548	0.5404	0.43436	0.012757	0.012483
549	0.53677	0.43781	0.012714	0.012705
550	0.53815	0.43624	0.012815	0.012794
551	0.5447	0.42949	0.013065	0.012744
552	0.56076	0.41323	0.013546	0.012456
553	0.58633	0.38746	0.014296	0.011911
554	0.62377	0.3498	0.015388	0.011036
555	0.6776	0.29575	0.016961	0.0096906
556	0.75428	0.21883	0.019225	0.0076683
557	0.78694	0.18592	0.020331	0.0068158
558	0.83402	0.13857	0.021904	0.0055119
559	0.82375	0.14858	0.021708	0.0059584
560	0.8202	0.15189	0.021725	0.0061834
561	0.82251	0.14935	0.021919	0.0062222
562	0.79842	0.17322	0.021074	0.0072909
563	0.78299	0.18841	0.020591	0.0080127
564	0.776	0.19517	0.020407	0.0084261
565	0.6997	0.2716	0.018319	0.010386
566	0.65537	0.31606	0.017061	0.011508
567	0.62477	0.34679	0.016205	0.012238
568	0.60844	0.36325	0.015719	0.012593
569	0.60159	0.37024	0.015484	0.012689
570	0.60233	0.36965	0.015457	0.012571
571	0.61083	0.36129	0.015646	0.012229
572	0.62632	0.34595	0.016063	0.011671
573	0.65552	0.31689	0.016874	0.010713
574	0.64894	0.32361	0.016619	0.010831
575	0.64987	0.32282	0.016567	0.010739
576	0.65623	0.3166	0.016688	0.010484
577	0.65365	0.31931	0.016534	0.010499
578	0.65588	0.31721	0.016531	0.010372
579	0.66318	0.31004	0.016688	0.010095
580	0.67991	0.29344	0.017103	0.0095549
581	0.68376	0.2897	0.017153	0.0093887
582	0.69333	0.28024	0.017384	0.0090521
583	0.69174	0.28192	0.017304	0.0090364
584	0.69725	0.27651	0.017412	0.0088263
585	0.70877	0.26509	0.017709	0.0084372
586	0.72793	0.246	0.018252	0.0078138
587	0.75751	0.21649	0.019132	0.006863
588	0.77007	0.20401	0.019468	0.00645
589	0.7556	0.21857	0.019023	0.0068106
590	0.74754	0.2267	0.018771	0.0069898
591	0.74473	0.22957	0.018676	0.007021
592	0.74677	0.22759	0.018731	0.0069138
593	0.75615	0.21827	0.018981	0.0066047
594	0.77534	0.19914	0.019496	0.006024
595	0.80483	0.16971	0.020331	0.0051333
596	0.84883	0.12575	0.021626	0.0037941
597	0.91162	0.062996	0.023522	0.001863
598	0.94427	0.030385	0.024464	0.00087914
599	0.96143	0.013273	0.02492	0.00037335
600	0.95916	0.015601	0.024807	0.00042801
601	0.95096	0.023865	0.024532	0.00063738
602	0.93452	0.04038	0.024032	0.001064
603	0.92395	0.051015	0.023705	0.0013299
604	0.90264	0.072391	0.023089	0.0018761
605	0.89098	0.084134	0.02271	0.0021782
606	0.88391	0.091268	0.022467	0.0023544
607	0.88222	0.093037	0.022351	0.0023964
608	0.88406	0.091257	0.02234	0.0023437
609	0.88938	0.08599	0.022433	0.0021985
610	0.88801	0.087423	0.022336	0.0022296
611	0.89134	0.084167	0.022346	0.0021459
612	0.88834	0.08723	0.022212	0.002218
613	0.89009	0.08555	0.022186	0.0021739
614	0.89554	0.080163	0.022269	0.0020332
615	0.90545	0.070292	0.02248	0.0017749
616	0.9081	0.067707	0.022487	0.001707
617	0.91402	0.061841	0.02259	0.001554
618	0.91514	0.060773	0.022562	0.0015246
619	0.91919	0.056772	0.022619	0.0014194
620	0.92859	0.047424	0.022797	0.0011861
621	0.93246	0.043623	0.022827	0.0010935
622	0.92188	0.054256	0.022514	0.0013554
623	0.91537	0.060801	0.022316	0.0015112
624	0.91354	0.062678	0.022223	0.0015553
625	0.91586	0.060416	0.022222	0.001501
626	0.92156	0.054767	0.022317	0.0013607
627	0.93144	0.044915	0.02253	0.0011129
628	0.92812	0.048283	0.022407	0.0011938
629	0.92744	0.048995	0.022362	0.001207
630	0.93055	0.045915	0.022399	0.0011307
631	0.93835	0.038167	0.022538	0.00094554
632	0.93367	0.042879	0.022388	0.0010598
633	0.93172	0.044862	0.022317	0.0011048
634	0.93224	0.044355	0.022319	0.001087
635	0.93659	0.040027	0.022403	0.0009789
636	0.946	0.030648	0.022599	0.00075273
637	0.95012	0.026562	0.022656	0.000657
638	0.9574	0.019316	0.022803	0.00048258
639	0.96848	0.0082489	0.023057	0.00021156
640	0.96603	0.010727	0.022968	0.00027545
641	0.95991	0.016865	0.022801	0.00042908
642	0.95629	0.020483	0.022708	0.00051791
643	0.94723	0.029558	0.022466	0.0007462
644	0.94183	0.034957	0.022331	0.00087939
645	0.94017	0.036628	0.022277	0.00092383
646	0.9346	0.042219	0.022114	0.0010694
647	0.93209	0.044736	0.022042	0.0011352
648	0.93315	0.043681	0.022048	0.0011162
649	0.87748	0.099378	0.02056	0.0025821
650	0.84524	0.13165	0.019665	0.0034477
651	0.82393	0.15298	0.019084	0.0040099
652	0.77402	0.20289	0.017787	0.0052971
653	0.74549	0.23145	0.017019	0.0060495
654	0.72705	0.24988	0.016532	0.0065292
655	0.6822	0.29474	0.015397	0.0076661
656	0.65689	0.32005	0.014735	0.0083242
657	0.64095	0.33599	0.014328	0.0087362
658	0.63432	0.34262	0.01414	0.0089236
659	0.63278	0.34415	0.014088	0.0089826
660	0.63659	0.34032	0.014178	0.0089089
661	0.64577	0.33112	0.014409	0.0087024
662	0.66549	0.31138	0.014876	0.0082532
663	0.70137	0.27549	0.015702	0.00744
664	0.75471	0.22213	0.016965	0.0061992
665	0.84529	0.13153	0.019059	0.00412
666	0.89252	0.084295	0.020127	0.0030614
667	0.89674	0.08005	0.020206	0.0030017
668	0.88096	0.096157	0.019585	0.0033028
669	0.87088	0.10654	0.019124	0.0034593
670	0.86718	0.11055	0.018804	0.0034655
671	0.86874	0.10932	0.018603	0.003342
672	0.87584	0.10255	0.018531	0.0030785
673	0.88765	0.091062	0.018601	0.0026887
674	0.90924	0.069804	0.018909	0.0020509
675	0.94045	0.038905	0.019489	0.0011571
676	0.95551	0.024166	0.01958	0.00074223
677	0.96203	0.017953	0.019453	0.00056279
678	0.9723	0.00797	0.019439	0.00028724
679	0.97326	0.0072905	0.019186	0.00026671
680	0.97265	0.0081806	0.018875	0.00029305
681	0.97386	0.0072675	0.018597	0.00027616
682	0.97405	0.0080933	0.017596	0.00026372
683	0.97552	0.0075868	0.016669	0.00022193
684	0.97835	0.0056804	0.015813	0.00015213
685	0.98278	0.0021381	0.015028	5.2097e-05
686	0.98556	0.00026988	0.014165	5.8067e-06
687	0.98669	7.7739e-05	0.013235	1.2525e-06
688	0.98639	0.00072121	0.012875	1.0022e-05
689	0.98558	0.0018728	0.012527	2.4926e-05
690	0.98341	0.0043562	0.01218	5.5582e-05
691	0.98256	0.0055028	0.011865	6.7814e-05
692	0.98331	0.0050697	0.01156	6.1092e-05
693	0.98535	0.0033206	0.011286	3.8901e-05
694	0.98645	0.002531	0.01099	2.9132e-05
695	0.98685	0.0024231	0.010702	2.7072e-05
696	0.98671	0.0028613	0.010398	3.1291e-05
697	0.98537	0.0044769	0.010107	4.6791e-05
698	0.9856	0.0045344	0.0098231	4.6144e-05
699	0.98476	0.0056649	0.0095183	5.6426e-05
700	0.98519	0.005513	0.009242	5.3448e-05
701	0.98733	0.0036635	0.0089712	3.5401e-05
702	0.98835	0.0029214	0.0087046	2.7978e-05
703	0.98841	0.0031098	0.0084546	2.8746e-05
704	0.98952	0.0022343	0.008227	2.0084e-05
705	0.99181	0.00016793	0.0080219	1.5327e-06
706	0.99105	0.0011409	0.0078022	9.4573e-06
707	0.99113	0.0012546	0.0076012	1.0108e-05
708	0.99205	0.00052487	0.0074176	4.1591e-06
709	0.90649	0.086268	0.0066078	0.00063371
710	0.85648	0.13646	0.006071	0.00098347
711	0.82167	0.17146	0.0056736	0.0012024
712	0.75404	0.23927	0.005052	0.0016391
713	0.7067	0.28679	0.0046049	0.0019094
714	0.67992	0.31375	0.0042983	0.0020333
715	0.62559	0.36826	0.0038159	0.0023271
716	0.5891	0.40494	0.0034771	0.0024855
717	0.56427	0.42994	0.0032292	0.0025601
718	0.54881	0.44557	0.0030507	0.0025727
719	0.54294	0.45161	0.0029244	0.0025282
720	0.54485	0.44987	0.0028363	0.0024404
721	0.53634	0.45857	0.0026884	0.0024073
722	0.53329	0.46179	0.0025771	0.0023442
723	0.53535	0.4599	0.002497	0.0022562
724	0.54573	0.44969	0.0024494	0.0021309
725	0.56378	0.4318	0.0024388	0.0019757
726	0.5921	0.40364	0.0024736	0.0017818
727	0.63474	0.36115	0.0025681	0.0015348
728	0.70828	0.28777	0.0027664	0.001179
729	0.81604	0.18017	0.003089	0.00070594
730	0.87237	0.12399	0.0031723	0.0004667
731	0.87918	0.11735	0.0030542	0.0004232
732	0.89082	0.10586	0.0029576	0.00036507
733	0.90868	0.08815	0.0028849	0.00028948
734	0.94006	0.056915	0.0028422	0.00017845
735	0.98499	0.012132	0.0028386	3.4823e-05
736	0.9861	0.011175	0.0026904	3.0043e-05
737	0.9896	0.0078353	0.0025422	1.9582e-05
738	0.99641	0.0011907	0.0023946	2.5251e-06
739	0.99615	0.0016129	0.0022372	2.9987e-06
740	0.99543	0.0024951	0.0020734	4.086e-06
741	0.99593	0.0021594	0.001906	2.7886e-06
742	0.99335	0.0047331	0.0019108	8.1375e-06
743	0.99214	0.0059254	0.0019202	1.0757e-05
744	0.99218	0.0058796	0.0019341	1.0939e-05
745	0.9909	0.0071482	0.0019423	1.3732e-05
746	0.98764	0.010393	0.0019487	2.0394e-05
747	0.98612	0.011897	0.0019606	2.3541e-05
748	0.9819	0.016101	0.0019638	3.2289e-05
749	0.97978	0.018208	0.0019733	3.6733e-05
750	0.9802	0.017784	0.0019847	3.6207e-05
751	0.9826	0.015371	0.0020027	3.1454e-05
752	0.98826	0.0096958	0.0020241	2.0132e-05
753	0.9973	0.00064734	0.0020554	1.3898e-06
754	0.99753	0.00039896	0.0020706	8.6725e-07
755	0.99769	0.00021957	0.0020881	4.7937e-07
756	0.99785	3.9672e-05	0.0021081	8.4794e-08
757	0.99648	0.0013929	0.0021214	3.0034e-06
758	0.99607	0.0017834	0.0021392	3.8359e-06
759	0.99676	0.0010818	0.0021562	2.3635e-06
760	0.99581	0.002017	0.0021663	4.5168e-06
761	0.99583	0.001989	0.0021811	4.5027e-06
762	0.99675	0.0010428	0.0022003	2.3859e-06
763	0.99589	0.0018926	0.0022178	4.265e-06
764	0.99615	0.0016094	0.0022344	3.6754e-06
765	0.99738	0.00036107	0.002256	8.1577e-07
766	0.99742	0.00031433	0.0022697	7.2067e-07
767	0.99667	0.0010517	0.0022783	2.4808e-06
768	0.99511	0.0025982	0.0022888	6.0632e-06
769	0.99489	0.0028066	0.002299	6.6398e-06
770	0.9957	0.0019793	0.0023143	4.7252e-06
771	0.996	0.0016743	0.0023251	4.092e-06
772	0.99574	0.0019147	0.0023374	4.7234e-06
773	0.99477	0.0028682	0.0023506	7.0472e-06
774	0.9948	0.0028212	0.0023686	6.9264e-06
775	0.99617	0.0014444	0.0023865	3.6542e-06
776	0.99532	0.0022744	0.0024017	5.7451e-06
777	0.99545	0.0021235	0.0024222	5.3806e-06
778	0.99653	0.0010228	0.0024477	2.5754e-06
779	0.9972	0.00033336	0.0024686	8.5197e-07
780	0.997	0.00051329	0.0024903	1.2893e-06
781	0.99675	0.00074015	0.0025084	1.8866e-06
782	0.99724	0.00022314	0.0025314	5.5705e-07
783	0.99719	0.00026051	0.0025495	6.4526e-07
784	0.99627	0.0011693	0.0025602	2.9765e-06
785	0.99635	0.0010756	0.00257	2.7928e-06
786	0.99724	0.00017196	0.0025844	4.5564e-07
787	0.99739	1.5277e-05	0.0025994	4.0044e-08
788	0.99703	0.00036197	0.0026097	9.6898e-07
789	0.99731	6.0382e-05	0.0026246	1.6373e-07
790	0.99705	0.00031869	0.0026297	9.2772e-07
791	0.99674	0.00062301	0.0026376	1.8743e-06
792	0.99619	0.0011632	0.0026475	3.5701e-06
793	0.99503	0.0022999	0.0026586	7.1057e-06
794	0.9949	0.002419	0.0026756	7.7117e-06
795	0.99571	0.0015889	0.0026979	5.5743e-06
796	0.99604	0.0012336	0.0027226	4.8542e-06
797	0.99595	0.0012963	0.0027489	5.6609e-06
798	0.99538	0.0018393	0.0027758	8.621e-06
799	0.9896	0.0076897	0.0026883	2.4042e-05
800	0.9778	0.01956	0.0025811	5.5028e-05
801	0.95327	0.044172	0.0024374	0.00011837
802	0.89729	0.10023	0.0022312	0.00025234
803	0.86489	0.1327	0.0020843	0.00032317
804	0.84351	0.15416	0.0019728	0.00036237
805	0.83006	0.16767	0.0018864	0.00038026
806	0.82456	0.17325	0.001815	0.00037938
807	0.82532	0.17256	0.001754	0.00036452
808	0.83255	0.16541	0.0017023	0.00033669
809	0.84821	0.14983	0.0016617	0.00029392
810	0.8726	0.12553	0.0016392	0.00023691
811	0.87071	0.12749	0.001562	0.00023083
812	0.87442	0.12388	0.0014908	0.00021488
813	0.88233	0.11604	0.0014294	0.00019258
814	0.882	0.11646	0.0013575	0.00018416
815	0.88562	0.11291	0.0012951	0.00016971
816	0.89372	0.10489	0.0012421	0.00014932
817	0.8807	0.11799	0.0011539	0.00015835
818	0.87503	0.12374	0.0010734	0.00015614
819	0.87328	0.12557	0.0010014	0.00014834
820	0.86448	0.13445	0.00091858	0.0001479
821	0.8605	0.13851	0.00084542	0.0001411
822	0.86043	0.13866	0.00077928	0.00013007
823	0.85121	0.14796	0.00070811	0.0001267
824	0.84866	0.15058	0.00064016	0.00011676
825	0.85007	0.14925	0.00057782	0.00010375
826	0.85786	0.14154	0.000516	8.692e-05
827	0.87423	0.12525	0.00045418	6.6723e-05
828	0.89861	0.10094	0.00039595	4.5541e-05
829	0.90826	0.091371	0.00033115	3.377e-05
830	0.92339	0.076316	0.00026882	2.1861e-05
831	0.94581	0.053968	0.00020807	1.0579e-05
832	0.95518	0.044671	0.00014389	4.8256e-06
833	0.95896	0.0409	0.00013959	4.4065e-06
834	0.96585	0.034012	0.00013533	3.5776e-06
835	0.97905	0.02082	0.00012997	2.0792e-06
836	0.98476	0.015113	0.00012351	1.4007e-06
837	0.99556	0.0043282	0.00011573	2.793e-07
838	0.99455	0.0053086	0.00014223	5.7964e-07
839	0.99511	0.0047268	0.00016683	6.8237e-07
840	0.99446	0.0053434	0.00019163	9.6324e-07
841	0.99507	0.0047125	0.00021709	1e-06
842	0.99693	0.0028289	0.00024323	6.9487e-07
843	0.99751	0.0022183	0.00026973	6.1738e-07
844	0.99515	0.0045502	0.00029583	1.393e-06
845	0.99451	0.0051669	0.00032013	1.7369e-06
846	0.9951	0.0045495	0.00034549	1.6652e-06
847	0.99446	0.0051652	0.00037096	2.0244e-06
848	0.99265	0.0069556	0.00039361	2.9139e-06
849	0.99219	0.007386	0.00041733	3.2873e-06
850	0.99305	0.0065085	0.00044225	3.0698e-06
851	0.99531	0.0042175	0.00046857	2.1048e-06
852	0.99927	0.00023801	0.00049663	1.2301e-07
853	0.99941	7.1814e-05	0.0005204	3.9258e-08
854	0.99692	0.0025366	0.00054366	1.4032e-06
855	0.97979	0.019644	0.00055579	1.1491e-05
856	0.96816	0.031245	0.00057135	1.8893e-05
857	0.96216	0.037231	0.00058745	2.3376e-05
858	0.95903	0.040336	0.00060598	2.6181e-05
859	0.95943	0.039918	0.0006243	2.6796e-05
860	0.96231	0.037022	0.00064517	2.5644e-05
861	0.96801	0.0313	0.00066903	2.2303e-05
862	0.97918	0.020107	0.00069455	1.4871e-05
863	0.99626	0.0030106	0.00072614	2.4311e-06
864	0.99626	0.0029946	0.00074635	2.4959e-06
865	0.99125	0.0079796	0.00076346	6.6177e-06
866	0.98843	0.010779	0.00078342	9.1036e-06
867	0.98739	0.011797	0.00080606	1.018e-05
868	0.98798	0.011179	0.00083144	9.8538e-06
869	0.99089	0.0082456	0.00085626	7.486e-06
870	0.99203	0.0070901	0.00087696	6.6526e-06
871	0.99188	0.0072167	0.00089389	7.0055e-06
872	0.98994	0.0091453	0.00091042	9.0768e-06
873	0.98947	0.0095927	0.00092947	9.7408e-06
874	0.99043	0.0086126	0.00095111	8.9699e-06
875	0.99001	0.0090082	0.0009687	9.6201e-06
876	0.99109	0.007911	0.00098927	8.7011e-06
877	0.99382	0.0051633	0.0010132	5.9381e-06
878	0.9947	0.0042577	0.0010367	5.0579e-06
879	0.98268	0.01626	0.0010425	1.9173e-05
880	0.97622	0.022699	0.0010516	2.7414e-05
881	0.97267	0.026231	0.0010654	3.2325e-05
882	0.97152	0.027363	0.0010836	3.4442e-05
883	0.97244	0.026417	0.0011057	3.4048e-05
884	0.96971	0.029125	0.0011272	3.7929e-05
885	0.96919	0.029622	0.0011529	3.9122e-05
886	0.9504	0.048382	0.0011521	6.365e-05
887	0.90757	0.091187	0.001122	0.00011922
888	0.81363	0.18511	0.0010274	0.00024101
889	0.60026	0.39844	0.00076236	0.00052923
890	0.45402	0.54467	0.00058279	0.00073337
891	0.35385	0.64481	0.00046164	0.00088027
892	0.29509	0.70355	0.0003889	0.00097659
893	0.25518	0.74343	0.00034136	0.0010487
894	0.2274	0.77119	0.00030991	0.0011055
895	0.17117	0.82739	0.00023521	0.0012036
896	0.13143	0.8671	0.00018298	0.0012798
897	0.10837	0.89015	0.00015187	0.001333
898	0.09543	0.90306	0.00013406	0.0013709
899	0.087253	0.91122	0.00012349	0.0014024
900	0.082354	0.9161	0.00011792	0.0014295
901	0.080145	0.91829	0.00011655	0.0014531
902	0.08184	0.91657	0.00012057	0.0014694
903	0.087839	0.91055	0.00013075	0.0014776
904	0.072386	0.92599	0.00010765	0.0015197
905	0.062143	0.93621	9.2826e-05	0.0015543
906	0.057	0.94134	8.5273e-05	0.0015798
907	0.054194	0.94412	8.1598e-05	0.0016021
908	0.054612	0.94369	8.2624e-05	0.0016177
909	0.057241	0.94104	8.7503e-05	0.0016304
910	0.062181	0.93608	9.6508e-05	0.0016396
911	0.070377	0.92787	0.00011151	0.0016436
912	0.083007	0.91522	0.00013497	0.0016401
913	0.075872	0.92233	0.00012508	0.0016706
914	0.071684	0.9265	0.00012031	0.0016968
915	0.071341	0.92682	0.00012158	0.001715
916	0.074747	0.9234	0.00012906	0.0017251
917	0.08092	0.91721	0.00014214	0.0017303
918	0.092984	0.90513	0.00016565	0.0017231
919	0.095481	0.90261	0.00017294	0.0017342
920	0.10125	0.89682	0.00018723	0.0017393
921	0.11313	0.88492	0.00021309	0.0017308
922	0.13063	0.86741	0.0002516	0.0017105
923	0.16127	0.83675	0.00031623	0.0016621
924	0.21331	0.78469	0.00042312	0.0015693
925	0.23883	0.75916	0.00047614	0.0015283
926	0.27685	0.72114	0.00055703	0.0014607
927	0.34161	0.65637	0.00069042	0.0013383
928	0.45093	0.54703	0.00091021	0.0011273
929	0.61046	0.3875	0.0012401	0.00080774
930	0.67678	0.32116	0.0013866	0.00067336
931	0.79	0.20793	0.0016268	0.00044259
932	0.84132	0.1566	0.0017448	0.00033606
933	0.91443	0.083479	0.0019153	0.00017897
934	0.92305	0.074851	0.0019416	0.0001614
935	0.93718	0.060701	0.0019828	0.00013125
936	0.96233	0.03555	0.0020443	7.7712e-05
937	0.9648	0.03307	0.0020541	7.2861e-05
938	0.96341	0.034451	0.002058	7.6155e-05
939	0.96526	0.032603	0.0020657	7.2606e-05
940	0.96394	0.033916	0.0020632	7.6127e-05
941	0.96506	0.032801	0.0020686	7.4133e-05
942	0.96855	0.029298	0.0020816	6.6708e-05
943	0.96809	0.029755	0.002088	6.785e-05
944	0.9643	0.033536	0.0020838	7.6599e-05
945	0.96391	0.03393	0.0020837	7.7998e-05
946	0.96578	0.032054	0.0020909	7.418e-05
947	0.9638	0.034025	0.0020922	7.8795e-05
948	0.96428	0.033546	0.0021016	7.775e-05
949	0.96707	0.03074	0.0021185	7.1237e-05
950	0.97396	0.023839	0.0021415	5.5557e-05
951	0.98464	0.013149	0.0021759	3.0642e-05
952	0.98919	0.0085973	0.0021907	2.0312e-05
953	0.99662	0.0011631	0.0022151	3.0188e-06
954	0.99635	0.0014235	0.0022268	3.6651e-06
955	0.99226	0.0054941	0.0022319	1.3512e-05
956	0.99003	0.0077038	0.0022441	1.892e-05
957	0.98935	0.0083709	0.0022626	2.0649e-05
958	0.95773	0.039973	0.0022023	9.7926e-05
959	0.88644	0.11124	0.0020492	0.00027062
960	0.83638	0.16128	0.001949	0.00039265
961	0.80154	0.1961	0.0018867	0.00047887
962	0.78221	0.2154	0.0018564	0.00053017
963	0.77292	0.22468	0.0018465	0.00055798
964	0.77093	0.22665	0.0018512	0.00056819
965	0.77385	0.22372	0.0018706	0.00056601
966	0.7821	0.21544	0.0019063	0.00055009
967	0.79688	0.20064	0.0019618	0.00051676
968	0.82452	0.17299	0.0020469	0.0004508
969	0.86459	0.13289	0.0021688	0.00035024
970	0.92191	0.075544	0.0023428	0.00020003
971	0.95142	0.046017	0.0024397	0.00012351
972	0.99373	0.0036843	0.0025765	9.6036e-06
973	0.99334	0.0040499	0.0025951	1.0504e-05
974	0.99441	0.0029683	0.0026139	7.6975e-06
975	0.99723	0.00013242	0.0026339	3.5995e-07
976	0.99543	0.0019313	0.002638	5.4763e-06
977	0.99467	0.0026734	0.0026475	7.6431e-06
978	0.99488	0.0024478	0.0026623	7.1105e-06
979	0.99609	0.0012277	0.0026825	3.7568e-06
980	0.98488	0.012422	0.0026619	3.7736e-05
981	0.9788	0.018494	0.0026525	5.7051e-05
982	0.96684	0.030443	0.0026205	9.5674e-05
983	0.95908	0.038198	0.0026043	0.000121
984	0.95457	0.042693	0.0026007	0.00013622
985	0.94211	0.055138	0.0025753	0.00017581
986	0.93454	0.06269	0.0025679	0.00020036
987	0.91816	0.07906	0.0025286	0.00025335
988	0.90792	0.089277	0.0025114	0.00028712
989	0.90237	0.094812	0.0025115	0.00030652
990	0.88894	0.10823	0.002483	0.00035128
991	0.8811	0.11605	0.0024747	0.00037858
992	0.87921	0.11792	0.0024808	0.00038829
