#coord	neutral	conserved	gBGC.neutral	gBGC.conserved
1	0.75893	0.21161	0.022405	0.0070512
2	0.76654	0.20398	0.022636	0.0068435
3	0.77977	0.19072	0.023038	0.0064649
4	0.80483	0.16564	0.023794	0.0057329
5	0.84884	0.12161	0.025112	0.0044382
6	0.92369	0.046737	0.027343	0.0022306
7	0.93347	0.036968	0.027812	0.0017518
8	0.94822	0.022223	0.028505	0.0010481
9	0.96973	0.00073099	0.029509	3.437e-05
10	0.9697	0.00076309	0.029502	3.0595e-05
11	0.96941	0.0010631	0.029485	3.7651e-05
12	0.96988	0.000611	0.029492	2.0902e-05
13	0.96916	0.0013408	0.029461	4.2708e-05
14	0.96928	0.0012284	0.029455	3.862e-05
15	0.97022	0.00029834	0.029475	9.345e-06
16	0.97022	0.00031011	0.029465	9.5716e-06
17	0.97021	0.00032433	0.029455	9.947e-06
18	0.97018	0.000361	0.029445	1.1044e-05
19	0.96897	0.0015857	0.029399	4.8314e-05
20	0.96887	0.0016931	0.029387	5.1669e-05
21	0.96812	0.0024539	0.029354	7.4898e-05
22	0.96644	0.0041427	0.029294	0.00012631
23	0.96599	0.0045989	0.029272	0.00014015
24	0.96389	0.006711	0.029199	0.0002042
25	0.96315	0.0074508	0.029168	0.00022646
26	0.96379	0.0068253	0.029179	0.0002072
27	0.96633	0.0042923	0.029248	0.00013022
28	0.96753	0.0031024	0.029276	9.4149e-05
29	0.96998	0.00065667	0.029342	1.9948e-05
30	0.96925	0.0013979	0.029311	4.2462e-05
31	0.96791	0.0027401	0.029262	8.3329e-05
32	0.9676	0.0030631	0.029244	9.3206e-05
33	0.96827	0.0024055	0.029255	7.3319e-05
34	0.96805	0.0026308	0.029241	8.0199e-05
35	0.96363	0.0070567	0.029098	0.000215
36	0.96109	0.0096088	0.029012	0.00029264
37	0.94171	0.028997	0.028414	0.00088305
38	0.92897	0.041739	0.028019	0.0012702
39	0.92073	0.049993	0.027761	0.0015204
40	0.91597	0.054752	0.02761	0.0016643
41	0.91437	0.056364	0.027554	0.0017125
42	0.91546	0.055282	0.02758	0.0016788
43	0.91111	0.059643	0.027442	0.0018095
44	0.90037	0.070381	0.027112	0.0021329
45	0.8939	0.076859	0.02691	0.0023272
46	0.89091	0.079855	0.026814	0.002416
47	0.8565	0.11428	0.025772	0.0034515
48	0.83692	0.13387	0.025175	0.0040409
49	0.7902	0.1806	0.023764	0.0054456
50	0.68646	0.28434	0.020643	0.008559
51	0.62524	0.34557	0.018798	0.010397
52	0.58246	0.38835	0.01751	0.011678
53	0.55298	0.41783	0.016624	0.012558
54	0.53723	0.43359	0.016148	0.013028
55	0.50079	0.47004	0.015054	0.014115
56	0.48056	0.49028	0.014444	0.014718
57	0.46843	0.50242	0.014079	0.015077
58	0.44032	0.53053	0.013235	0.015915
59	0.3832	0.58766	0.011519	0.017624
60	0.35001	0.62085	0.01052	0.018616
61	0.32734	0.64353	0.0098384	0.019291
62	0.31245	0.65842	0.0093914	0.019732
63	0.30636	0.66452	0.0092074	0.019909
64	0.30723	0.66366	0.0092314	0.019879
65	0.31528	0.65562	0.0094704	0.019633
66	0.32977	0.64113	0.0099034	0.019194
67	0.35709	0.61382	0.010719	0.018372
68	0.398	0.57292	0.011945	0.01714
69	0.39735	0.57357	0.011923	0.017156
70	0.38653	0.58439	0.011595	0.017477
71	0.38376	0.58717	0.011508	0.017557
72	0.38826	0.58268	0.011639	0.017421
73	0.39811	0.57284	0.011929	0.017124
74	0.41874	0.55221	0.012541	0.016506
75	0.45042	0.52054	0.013483	0.015557
76	0.46086	0.5101	0.013792	0.015242
77	0.48253	0.48844	0.014435	0.014593
78	0.51574	0.45524	0.015425	0.013598
79	0.51177	0.45922	0.015302	0.013715
80	0.5128	0.45819	0.015329	0.013681
81	0.51895	0.45205	0.01551	0.013494
82	0.53096	0.44004	0.015868	0.013131
83	0.555	0.41601	0.016583	0.01241
84	0.59032	0.38069	0.017638	0.011349
85	0.60702	0.364	0.018134	0.010848
86	0.63818	0.33285	0.01906	0.0099158
87	0.69218	0.27885	0.020665	0.0083049
88	0.7691	0.20194	0.022956	0.0060088
89	0.80894	0.1621	0.024138	0.004821
90	0.87695	0.094094	0.026155	0.0027979
91	0.8859	0.08515	0.026415	0.0025321
92	0.88736	0.083703	0.026453	0.0024888
93	0.88358	0.087487	0.026334	0.0026017
94	0.88308	0.087991	0.026314	0.0026164
95	0.8858	0.085276	0.02639	0.0025349
96	0.89394	0.077145	0.026627	0.0022928
97	0.90691	0.064175	0.027008	0.0019062
98	0.93016	0.040932	0.027694	0.001215
99	0.97008	0.0010209	0.028873	3.0425e-05
100	0.95672	0.014386	0.028467	0.00043057
101	0.9494	0.02171	0.028242	0.0006502
102	0.94604	0.025073	0.028135	0.00075143
103	0.94499	0.026125	0.028098	0.00078333
104	0.94679	0.024335	0.028145	0.00073066
105	0.95102	0.02011	0.028265	0.00060526
106	0.94608	0.025052	0.028111	0.00075391
107	0.93432	0.036823	0.027753	0.0011071
108	0.92674	0.044404	0.027521	0.0013341
109	0.92369	0.04746	0.027423	0.0014261
110	0.91405	0.057106	0.02713	0.001715
111	0.89059	0.080569	0.026423	0.0024165
112	0.72025	0.25092	0.021334	0.0075014
113	0.60363	0.36754	0.017855	0.010975
114	0.5213	0.44987	0.015404	0.013422
115	0.46338	0.5078	0.013681	0.01514
116	0.4301	0.54109	0.012689	0.016128
117	0.412	0.55919	0.012148	0.016665
118	0.4014	0.56979	0.01183	0.016978
119	0.39897	0.57223	0.011754	0.01705
120	0.404	0.5672	0.011899	0.016901
121	0.41453	0.55668	0.012206	0.016589
122	0.41264	0.55857	0.012147	0.016644
123	0.41559	0.55562	0.012232	0.016555
124	0.40902	0.5622	0.012034	0.016749
125	0.40747	0.56375	0.011985	0.016793
126	0.41076	0.56047	0.012081	0.016694
127	0.40172	0.56951	0.011812	0.016959
128	0.37877	0.59246	0.01113	0.017637
129	0.36715	0.60409	0.010783	0.01798
130	0.33761	0.63363	0.0099067	0.018853
131	0.31837	0.65287	0.0093367	0.019419
132	0.2703	0.70095	0.0079168	0.020835
133	0.23664	0.73462	0.0069241	0.021824
134	0.21759	0.75367	0.0063611	0.022384
135	0.20563	0.76563	0.0060082	0.022733
136	0.17351	0.79775	0.005063	0.023675
137	0.15531	0.81595	0.0045265	0.024208
138	0.14365	0.82761	0.0041832	0.024548
139	0.13686	0.83442	0.0039834	0.024745
140	0.13394	0.83733	0.0038981	0.024827
141	0.13449	0.83679	0.0039149	0.024807
142	0.13858	0.8327	0.0040363	0.024683
143	0.1468	0.82449	0.0042799	0.024436
144	0.15955	0.81173	0.0046582	0.024055
145	0.18237	0.78891	0.0053329	0.023378
146	0.18963	0.78166	0.0055484	0.023159
147	0.20177	0.76953	0.0059087	0.022797
148	0.22457	0.74673	0.0065836	0.022119
149	0.2575	0.7138	0.00756	0.02114
150	0.27235	0.69895	0.0079993	0.020698
151	0.27637	0.69493	0.0081182	0.020577
152	0.2852	0.68611	0.0083793	0.020313
153	0.30355	0.66776	0.0089213	0.019768
154	0.30792	0.6634	0.0090507	0.019637
155	0.32046	0.65086	0.0094207	0.019264
156	0.34081	0.6305	0.010023	0.01866
157	0.37192	0.5994	0.010945	0.017736
158	0.42607	0.54526	0.012547	0.016131
159	0.50557	0.46576	0.014903	0.013773
160	0.54564	0.42569	0.016088	0.012585
161	0.56119	0.41014	0.016549	0.012123
162	0.54393	0.4274	0.01604	0.01263
163	0.53354	0.43779	0.015734	0.012933
164	0.53132	0.44001	0.015669	0.012997
165	0.53668	0.43466	0.015826	0.012837
166	0.55107	0.42027	0.016249	0.012412
167	0.57435	0.39699	0.016936	0.011723
168	0.58386	0.38748	0.017215	0.011442
169	0.55608	0.41527	0.016396	0.012259
170	0.4994	0.47195	0.014723	0.013931
171	0.39	0.58135	0.011489	0.017162
172	0.31515	0.6562	0.009281	0.019368
173	0.27108	0.70027	0.0079789	0.020668
174	0.24568	0.72568	0.0072267	0.021419
175	0.22917	0.74219	0.0067385	0.021905
176	0.19399	0.77736	0.005698	0.022944
177	0.17033	0.80103	0.0049991	0.023641
178	0.15476	0.8166	0.0045401	0.024098
179	0.14506	0.8263	0.0042546	0.024382
180	0.13945	0.83191	0.00409	0.024545
181	0.13903	0.83234	0.0040775	0.024556
182	0.14368	0.82769	0.0042137	0.024418
183	0.15265	0.81872	0.0044773	0.024153
184	0.1701	0.80127	0.0049896	0.02364
185	0.16121	0.81017	0.0047263	0.023901
186	0.15677	0.8146	0.0045949	0.024031
187	0.15774	0.81364	0.004622	0.024003
188	0.16219	0.80918	0.0047521	0.023872
189	0.17333	0.79804	0.0050776	0.023545
190	0.17386	0.79752	0.0050922	0.023529
191	0.16645	0.80493	0.0048725	0.023747
192	0.16293	0.80845	0.0047681	0.02385
193	0.16289	0.80849	0.0047663	0.023851
194	0.16845	0.80293	0.0049283	0.023688
195	0.18119	0.7902	0.0053	0.023315
196	0.18444	0.78694	0.0053934	0.023221
197	0.19173	0.77966	0.0056052	0.023008
198	0.2039	0.76749	0.005961	0.022651
199	0.22244	0.74895	0.0065041	0.022107
200	0.25547	0.71592	0.0074707	0.02114
201	0.30423	0.66716	0.0089002	0.019709
202	0.32448	0.64691	0.0094947	0.019114
203	0.35539	0.616	0.010404	0.018204
204	0.39988	0.57152	0.011715	0.016893
205	0.46541	0.50598	0.013649	0.014958
206	0.55834	0.41306	0.016396	0.01221
207	0.71498	0.25641	0.02102	0.0075863
208	0.94355	0.027849	0.027778	0.0008277
209	0.94538	0.026018	0.027832	0.00077386
210	0.93467	0.036728	0.027514	0.0010911
211	0.7006	0.2708	0.020595	0.0080099
212	0.53489	0.43651	0.015705	0.012901
213	0.41762	0.55378	0.01225	0.016356
214	0.33471	0.63669	0.0098104	0.018795
215	0.2858	0.68559	0.0083695	0.020236
216	0.25158	0.71981	0.0073627	0.021244
217	0.22791	0.74348	0.0066677	0.021939
218	0.21522	0.75617	0.0062943	0.022313
219	0.20812	0.76328	0.0060857	0.022522
220	0.18629	0.78511	0.0054458	0.023162
221	0.13535	0.83604	0.0039551	0.024654
222	0.10528	0.86611	0.0030736	0.025536
223	0.084127	0.88726	0.0024544	0.026155
224	0.072043	0.89935	0.0021002	0.02651
225	0.063908	0.90748	0.0018622	0.026749
226	0.058747	0.91264	0.0017116	0.026901
227	0.057238	0.91415	0.0016675	0.026946
228	0.058898	0.91249	0.0017159	0.026898
229	0.055456	0.91593	0.0016143	0.027
230	0.054299	0.91709	0.0015801	0.027035
231	0.055045	0.91634	0.0016018	0.027015
232	0.059163	0.91222	0.0017218	0.026896
233	0.066234	0.90515	0.0019286	0.02669
234	0.076852	0.89453	0.0022397	0.02638
235	0.092862	0.87852	0.0027097	0.025911
236	0.12042	0.85096	0.0035172	0.025105
237	0.16077	0.81061	0.0047017	0.023922
238	0.22886	0.74251	0.0066977	0.021927
239	0.32817	0.6432	0.0096138	0.019012
240	0.34019	0.63118	0.0099661	0.018661
241	0.36357	0.6078	0.01065	0.017978
242	0.39896	0.57241	0.011688	0.016942
243	0.44972	0.52165	0.01318	0.015452
244	0.47025	0.50111	0.013784	0.014849
245	0.50747	0.4639	0.014878	0.013757
246	0.56271	0.40866	0.016504	0.012132
247	0.5904	0.38096	0.017319	0.011319
248	0.63214	0.33922	0.018548	0.010092
249	0.62991	0.34145	0.018483	0.010159
250	0.61647	0.35489	0.018085	0.010559
251	0.60959	0.36176	0.017881	0.010764
252	0.60784	0.36351	0.017831	0.010817
253	0.61354	0.35781	0.017999	0.010651
254	0.62554	0.34581	0.018354	0.010297
255	0.64556	0.32579	0.018948	0.0097062
256	0.65123	0.32011	0.019116	0.0095399
257	0.66311	0.30823	0.019469	0.0091895
258	0.6829	0.28844	0.020057	0.0086039
259	0.68803	0.28331	0.020212	0.0084517
260	0.69858	0.27275	0.020528	0.0081383
261	0.71983	0.2515	0.02116	0.0075083
262	0.75235	0.21898	0.022129	0.0065421
263	0.80082	0.1705	0.023575	0.0050994
264	0.8832	0.08812	0.026026	0.0026505
265	0.89354	0.077781	0.026337	0.0023429
266	0.89724	0.074073	0.026449	0.0022332
267	0.90454	0.066774	0.026669	0.0020163
268	0.89534	0.075972	0.026396	0.0022924
269	0.89012	0.08119	0.026242	0.0024492
270	0.88825	0.083056	0.026189	0.0025057
271	0.88977	0.081533	0.026237	0.0024609
272	0.86676	0.10453	0.025556	0.0031452
273	0.85423	0.11707	0.025186	0.003519
274	0.84671	0.12458	0.024966	0.003743
275	0.84513	0.12616	0.024921	0.0037909
276	0.84904	0.12225	0.02504	0.003676
277	0.85754	0.11374	0.025295	0.0034241
278	0.8467	0.12458	0.024974	0.0037493
279	0.84057	0.1307	0.024793	0.0039333
280	0.84015	0.13112	0.024782	0.0039478
281	0.8438	0.12746	0.024893	0.0038407
282	0.85204	0.11922	0.025141	0.0035964
283	0.85214	0.11911	0.025148	0.0035943
284	0.84566	0.12559	0.024956	0.0037895
285	0.84315	0.1281	0.024884	0.0038655
286	0.84613	0.12511	0.024975	0.0037785
287	0.85544	0.1158	0.025254	0.0035036
288	0.87373	0.097511	0.025799	0.0029629
289	0.85337	0.11786	0.025184	0.0035817
290	0.83993	0.1313	0.024779	0.0039904
291	0.83221	0.13901	0.024548	0.0042262
292	0.82875	0.14247	0.024445	0.0043334
293	0.83101	0.14021	0.024512	0.0042701
294	0.83774	0.13348	0.024714	0.004073
295	0.8499	0.12131	0.025078	0.0037133
296	0.85272	0.11848	0.025164	0.0036319
297	0.8595	0.1117	0.025369	0.0034317
298	0.87378	0.097411	0.025797	0.0030082
299	0.89517	0.07602	0.026438	0.0023719
300	0.92727	0.043915	0.027401	0.0014142
301	0.92135	0.049827	0.027215	0.0016055
302	0.91971	0.051468	0.027161	0.0016638
303	0.92088	0.050295	0.027195	0.0016353
304	0.91805	0.053114	0.027103	0.0017322
305	0.91813	0.053034	0.027102	0.0017388
306	0.92215	0.049004	0.027221	0.0016247
307	0.92107	0.050077	0.027182	0.0016692
308	0.92257	0.048576	0.027223	0.0016334
309	0.92826	0.042883	0.027392	0.0014698
310	0.92868	0.04245	0.027398	0.0014694
311	0.92453	0.046593	0.027253	0.0016195
312	0.92418	0.046942	0.027231	0.0016466
313	0.91858	0.052533	0.027034	0.0018494
314	0.91725	0.053859	0.026978	0.0019114
315	0.91878	0.052322	0.027013	0.0018816
316	0.9234	0.047701	0.027145	0.0017555
317	0.9334	0.037692	0.027441	0.0014662
318	0.94847	0.022613	0.027888	0.0010243
319	0.94324	0.027842	0.027643	0.0012751
320	0.94072	0.030357	0.027509	0.0014157
321	0.94126	0.02981	0.02749	0.0014401
322	0.92637	0.044729	0.027024	0.0018782
323	0.91854	0.05259	0.026772	0.0021009
324	0.89901	0.072141	0.026166	0.0026787
325	0.88855	0.082633	0.025833	0.0029828
326	0.88417	0.087042	0.025686	0.0031005
327	0.88456	0.086686	0.025689	0.0030685
328	0.85544	0.11583	0.024791	0.0039378
329	0.8363	0.135	0.024196	0.0045051
330	0.82384	0.14749	0.023803	0.0048698
331	0.81878	0.15258	0.023633	0.0050113
332	0.81968	0.15171	0.023644	0.0049715
333	0.82668	0.14473	0.023843	0.0047442
334	0.83929	0.13215	0.024216	0.0043429
335	0.86287	0.1086	0.024929	0.0036017
336	0.90379	0.067712	0.026178	0.0023242
337	0.92223	0.0493	0.026723	0.001751
338	0.92181	0.04974	0.026675	0.0017705
339	0.92518	0.046401	0.026746	0.0016713
340	0.92375	0.047859	0.026662	0.0017272
341	0.92597	0.045673	0.026693	0.0016675
342	0.931	0.040672	0.026813	0.0015202
343	0.93212	0.039573	0.026806	0.0014986
344	0.93597	0.035749	0.026886	0.0013912
345	0.9445	0.027251	0.027108	0.0011405
346	0.94238	0.0294	0.026978	0.0012429
347	0.935	0.036804	0.02664	0.0015528
348	0.93076	0.04107	0.026422	0.0017432
349	0.92915	0.042713	0.0263	0.0018375
350	0.93101	0.040882	0.026298	0.0018122
351	0.93552	0.036399	0.026381	0.0017021
352	0.93553	0.036493	0.026328	0.0016518
353	0.93785	0.034271	0.026359	0.0015176
354	0.94406	0.028165	0.026542	0.0012317
355	0.93928	0.033045	0.02632	0.0013505
356	0.93726	0.03517	0.026184	0.0013842
357	0.93769	0.034843	0.026127	0.0013395
358	0.93377	0.038865	0.025933	0.0014333
359	0.92164	0.051094	0.025504	0.0017615
360	0.91395	0.058883	0.025203	0.0019622
361	0.91114	0.0618	0.025042	0.0020227
362	0.91139	0.061644	0.024973	0.0019927
363	0.91474	0.05839	0.024996	0.0018698
364	0.92309	0.050144	0.025172	0.0015947
365	0.93603	0.037305	0.025489	0.0011787
366	0.95901	0.014426	0.026116	0.00045315
367	0.95765	0.015877	0.025983	0.00048624
368	0.95799	0.01564	0.025899	0.00047145
369	0.96077	0.012956	0.025885	0.00038672
370	0.96152	0.012308	0.025811	0.00036252
371	0.96402	0.0099019	0.025786	0.00028887
372	0.96477	0.0092522	0.02571	0.00026651
373	0.96712	0.0069982	0.025678	0.00019974
374	0.97215	0.0020681	0.025721	5.8877e-05
375	0.97073	0.0035892	0.025584	9.8523e-05
376	0.97047	0.0039416	0.025478	0.00010684
377	0.97134	0.0031756	0.025403	8.5432e-05
378	0.97116	0.0034495	0.0253	9.1954e-05
379	0.96982	0.0048886	0.025166	0.00012893
380	0.95885	0.015951	0.024783	0.00041589
381	0.95166	0.023236	0.0245	0.00060255
382	0.93755	0.037441	0.02404	0.00096652
383	0.93015	0.044944	0.023755	0.001156
384	0.92625	0.048935	0.023561	0.0012537
385	0.92625	0.049033	0.023467	0.0012519
386	0.92884	0.046532	0.023439	0.0011841
387	0.93434	0.041131	0.023485	0.0010434
388	0.93487	0.040692	0.023406	0.0010283
389	0.93107	0.044587	0.023218	0.0011217
390	0.91984	0.05591	0.022847	0.001399
391	0.84526	0.13059	0.020905	0.0032474
392	0.79288	0.18306	0.019529	0.0045303
393	0.76281	0.21322	0.018711	0.0052552
394	0.74252	0.23361	0.018139	0.0057338
395	0.73262	0.2436	0.017825	0.0059553
396	0.72836	0.24795	0.01765	0.0060374
397	0.73091	0.2455	0.017641	0.0059545
398	0.7383	0.2382	0.017748	0.0057548
399	0.73555	0.24104	0.017611	0.0057996
400	0.73731	0.23937	0.017584	0.0057355
401	0.74381	0.23296	0.01767	0.0055587
402	0.75896	0.2179	0.01796	0.0051778
403	0.76398	0.21297	0.018006	0.0050402
404	0.77459	0.20245	0.018184	0.0047713
405	0.79568	0.18146	0.018605	0.0042593
406	0.83291	0.14432	0.019398	0.0033756
407	0.88623	0.09109	0.02056	0.0021231
408	0.96453	0.012875	0.022295	0.00029849
409	0.977	0.00050014	0.022491	1.1566e-05
410	0.97529	0.0023008	0.02236	5.2792e-05
411	0.97465	0.0030289	0.022255	6.9131e-05
412	0.97309	0.0046804	0.022128	0.00010638
413	0.97308	0.004774	0.022037	0.00010811
414	0.97461	0.003335	0.02198	7.5351e-05
415	0.97265	0.0053876	0.021845	0.00012128
416	0.97206	0.0060627	0.021741	0.0001359
417	0.97311	0.0051055	0.021674	0.00011408
418	0.97234	0.0059637	0.021567	0.00013268
419	0.97022	0.0081645	0.02143	0.00018097
420	0.96957	0.0089073	0.021327	0.00019663
421	0.97028	0.0082809	0.021254	0.00018202
422	0.97255	0.0061041	0.021215	0.00013354
423	0.97309	0.0056508	0.021139	0.00012293
424	0.97257	0.0062545	0.021039	0.00013536
425	0.97371	0.0052033	0.020976	0.0001121
426	0.97677	0.0022261	0.020953	4.7813e-05
427	0.97819	0.00089729	0.020895	1.9197e-05
428	0.97803	0.0011444	0.020803	2.4409e-05
429	0.97864	0.0006196	0.020728	1.3183e-05
430	0.9755	0.003847	0.020573	8.157e-05
431	0.96861	0.010826	0.02034	0.00022836
432	0.96433	0.015192	0.020163	0.00031891
433	0.96227	0.01733	0.020035	0.00036205
434	0.96272	0.016973	0.019959	0.00035313
435	0.96576	0.014017	0.019936	0.00029073
436	0.9659	0.013958	0.019853	0.00028836
437	0.95554	0.024403	0.019555	0.00050146
438	0.95024	0.029789	0.019362	0.00060958
439	0.94755	0.032564	0.019224	0.00066346
440	0.94808	0.032112	0.019151	0.0006517
441	0.95198	0.028303	0.019146	0.00057261
442	0.92842	0.05195	0.018586	0.001048
443	0.91236	0.068087	0.018182	0.0013677
444	0.9023	0.078236	0.017901	0.0015645
445	0.88111	0.099513	0.0174	0.0019814
446	0.867	0.1137	0.017044	0.0022538
447	0.8604	0.12039	0.016838	0.0023763
448	0.84131	0.13956	0.016389	0.0027422
449	0.83169	0.14926	0.016127	0.0029203
450	0.82712	0.15391	0.015967	0.0029982
451	0.82694	0.15418	0.015892	0.0029903
452	0.83111	0.15009	0.015901	0.0028985
453	0.83978	0.1415	0.015997	0.0027209
454	0.85456	0.12681	0.016209	0.0024279
455	0.87755	0.10389	0.016576	0.0019802
456	0.91747	0.06406	0.017258	0.0012167
457	0.80436	0.17724	0.015061	0.0033327
458	0.72715	0.25453	0.013556	0.0047576
459	0.67294	0.30882	0.012492	0.0057414
460	0.56749	0.41435	0.01049	0.0076638
461	0.50577	0.47616	0.009307	0.0087668
462	0.46992	0.51208	0.0086072	0.0093865
463	0.38363	0.59846	0.0069945	0.010919
464	0.33319	0.64898	0.0060457	0.011788
465	0.29795	0.6843	0.0053814	0.012373
466	0.27815	0.70418	0.0049999	0.012675
467	0.26532	0.71709	0.0047474	0.012848
468	0.26041	0.72208	0.0046378	0.012878
469	0.26206	0.7205	0.004645	0.012792
470	0.25262	0.73003	0.0044564	0.012901
471	0.25036	0.73236	0.0043954	0.012883
472	0.23735	0.74545	0.0041459	0.013054
473	0.23014	0.75273	0.0040004	0.013121
474	0.22729	0.75567	0.003932	0.013111
475	0.17923	0.8038	0.0030825	0.013882
476	0.14537	0.83775	0.002486	0.0144
477	0.12163	0.86156	0.0020689	0.014739
478	0.10836	0.87491	0.0018331	0.014897
479	0.10004	0.88331	0.0016836	0.014969
480	0.077733	0.90569	0.0013008	0.015274
481	0.062068	0.92143	0.0010331	0.015465
482	0.051165	0.93241	0.00084733	0.015573
483	0.043714	0.93994	0.00072056	0.015623
484	0.039063	0.94467	0.00064117	0.015626
485	0.037395	0.94641	0.0006111	0.01558
486	0.037454	0.94643	0.00060962	0.015506
487	0.033163	0.9508	0.00053734	0.015502
488	0.031596	0.95244	0.00050955	0.015453
489	0.031423	0.95269	0.00050456	0.015382
490	0.027048	0.95714	0.00043216	0.015379
491	0.02448	0.95978	0.00038936	0.015346
492	0.0232	0.96114	0.00036748	0.015293
493	0.017851	0.96656	0.00028148	0.015303
494	0.014995	0.9695	0.00023529	0.015274
495	0.013847	0.97072	0.00021614	0.015218
496	0.013602	0.97104	0.00021131	0.015148
497	0.014733	0.96998	0.00022773	0.015056
498	0.016918	0.96787	0.00026033	0.014949
499	0.021317	0.96355	0.00032641	0.014808
500	0.02918	0.95576	0.00044442	0.014615
501	0.04029	0.94472	0.00061068	0.014374
502	0.059346	0.92574	0.00089468	0.014016
503	0.066958	0.91821	0.0010039	0.013832
504	0.080994	0.90424	0.0012072	0.013554
505	0.1011	0.88421	0.0014988	0.013188
506	0.12971	0.85568	0.0019132	0.0127
507	0.17161	0.81385	0.0025197	0.01202
508	0.23087	0.75467	0.0033752	0.011091
509	0.33153	0.65408	0.0048231	0.0095691
510	0.47832	0.50736	0.0069277	0.0073912
511	0.49638	0.48938	0.007153	0.0070929
512	0.52364	0.46219	0.0075088	0.0066645
513	0.57139	0.41451	0.0081529	0.0059477
514	0.64182	0.34415	0.0091146	0.0049135
515	0.74506	0.24099	0.010534	0.003422
516	0.91903	0.067087	0.012934	0.00094973
517	0.92482	0.061364	0.012948	0.00086422
518	0.9369	0.04936	0.013048	0.00069206
519	0.95849	0.027844	0.013278	0.00039002
520	0.93872	0.047681	0.012933	0.00066362
521	0.92791	0.058563	0.012714	0.00081087
522	0.92161	0.064936	0.012559	0.00089433
523	0.9189	0.067716	0.012455	0.00092767
524	0.91939	0.0673	0.012395	0.00091716
525	0.92287	0.063888	0.012375	0.00086621
526	0.90964	0.077185	0.012131	0.0010401
527	0.90325	0.083649	0.011979	0.0011212
528	0.90044	0.08653	0.011877	0.0011535
529	0.85773	0.12931	0.011247	0.0017136
530	0.82911	0.158	0.010809	0.0020814
531	0.81352	0.17366	0.010545	0.0022752
532	0.77498	0.21226	0.009986	0.0027647
533	0.75343	0.23389	0.0096512	0.0030297
534	0.74011	0.24727	0.0094261	0.0031853
535	0.71079	0.27666	0.0089978	0.0035442
536	0.69191	0.29562	0.0087071	0.0037656
537	0.68074	0.30685	0.0085172	0.0038867
538	0.65106	0.33661	0.0080974	0.0042379
539	0.63198	0.35575	0.0078147	0.0044524
540	0.62018	0.36763	0.0076252	0.004574
541	0.61423	0.37364	0.0075097	0.0046218
542	0.61588	0.37205	0.0074877	0.0045761
543	0.62573	0.36228	0.0075646	0.0044314
544	0.60479	0.38328	0.0072673	0.0046608
545	0.59156	0.39657	0.0070664	0.0047942
546	0.58447	0.40374	0.0069411	0.0048522
547	0.56028	0.428	0.0066144	0.0051119
548	0.54809	0.44025	0.0064321	0.0052272
549	0.54454	0.44386	0.0063526	0.0052396
550	0.54608	0.4424	0.0063332	0.0051921
551	0.55287	0.43567	0.0063751	0.0050837
552	0.56931	0.4193	0.0065269	0.0048652
553	0.59542	0.39325	0.006788	0.0045378
554	0.63361	0.35513	0.0071843	0.0040754
555	0.68848	0.30032	0.0077659	0.003428
556	0.76662	0.22226	0.0086048	0.0025236
557	0.80006	0.18888	0.008931	0.0021322
558	0.8482	0.1408	0.0094185	0.0015799
559	0.83803	0.15104	0.0092509	0.0016829
560	0.83466	0.15447	0.0091591	0.00171
561	0.83725	0.15195	0.0091327	0.0016716
562	0.81296	0.1763	0.0088134	0.0019261
563	0.79748	0.19185	0.008593	0.0020819
564	0.79058	0.19881	0.0084665	0.0021439
565	0.71281	0.27664	0.0075864	0.0029596
566	0.66763	0.32189	0.0070606	0.0034211
567	0.63643	0.35315	0.0066888	0.0037287
568	0.61976	0.36988	0.0064727	0.0038807
569	0.61275	0.37696	0.0063588	0.0039303
570	0.61346	0.37631	0.0063255	0.0038994
571	0.62207	0.36777	0.0063728	0.0037878
572	0.63779	0.35211	0.0064918	0.0036047
573	0.66747	0.3225	0.0067495	0.003283
574	0.66072	0.32931	0.0066374	0.0033311
575	0.66162	0.32848	0.0066026	0.0033021
576	0.66805	0.32211	0.0066231	0.003218
577	0.66538	0.32485	0.0065525	0.0032249
578	0.6676	0.32268	0.0065308	0.0031832
579	0.67499	0.31536	0.0065596	0.0030913
580	0.69196	0.29845	0.0066798	0.0029079
581	0.69584	0.29463	0.0066717	0.0028527
582	0.70555	0.28499	0.0067193	0.0027422
583	0.70392	0.28668	0.0066583	0.0027405
584	0.70949	0.28117	0.0066653	0.0026708
585	0.72118	0.26954	0.0067293	0.0025443
586	0.74066	0.25012	0.0068648	0.0023466
587	0.77073	0.22012	0.0070965	0.002053
588	0.7835	0.20741	0.0071658	0.0019222
589	0.76875	0.22222	0.0069823	0.0020443
590	0.76054	0.23049	0.0068605	0.0021051
591	0.75769	0.23341	0.0067883	0.0021165
592	0.75976	0.23139	0.006761	0.0020833
593	0.7693	0.22191	0.0067997	0.0019841
594	0.78882	0.20246	0.0069251	0.0017981
595	0.8188	0.17254	0.0071407	0.0015221
596	0.86356	0.12784	0.0074827	0.0011201
597	0.92741	0.064045	0.0079863	0.00055674
598	0.96063	0.030891	0.0082167	0.00026657
599	0.97808	0.013494	0.0083075	0.00011578
600	0.97577	0.015862	0.0082283	0.000135
601	0.96743	0.02427	0.008099	0.00020461
602	0.95069	0.041069	0.0079004	0.00034339
603	0.93993	0.051888	0.0077538	0.00043041
604	0.91824	0.073633	0.0075185	0.00060615
605	0.90636	0.085577	0.0073655	0.00069944
606	0.89916	0.092833	0.0072524	0.00075314
607	0.89742	0.094631	0.0071838	0.00076223
608	0.89929	0.09282	0.0071446	0.00074225
609	0.90471	0.087463	0.0071336	0.00069435
610	0.90331	0.088921	0.0070688	0.00070053
611	0.90668	0.085608	0.0070411	0.00066947
612	0.90362	0.088724	0.0069637	0.00068843
613	0.90539	0.087014	0.0069235	0.00067011
614	0.91093	0.081535	0.0069122	0.0006232
615	0.92103	0.071495	0.0069352	0.00054234
616	0.92371	0.068866	0.0069016	0.00051821
617	0.92974	0.0629	0.006893	0.00046944
618	0.93088	0.061814	0.0068474	0.00045756
619	0.93501	0.057745	0.0068239	0.00042389
620	0.94457	0.048236	0.0068393	0.00035121
621	0.9485	0.04437	0.0068127	0.00032046
622	0.93774	0.055186	0.0066812	0.00039488
623	0.93114	0.061845	0.0065807	0.00043857
624	0.92928	0.063754	0.0065141	0.00044829
625	0.93164	0.061454	0.0064768	0.00042856
626	0.93744	0.055708	0.0064635	0.0003852
627	0.94752	0.045688	0.0064792	0.00031307
628	0.94415	0.049114	0.0064022	0.00033358
629	0.94348	0.04984	0.0063441	0.00033547
630	0.94667	0.046708	0.0063116	0.00031161
631	0.95461	0.038826	0.0063101	0.00025675
632	0.94987	0.04362	0.0062249	0.00028582
633	0.94791	0.045639	0.0061586	0.00029627
634	0.94848	0.045124	0.0061092	0.00029014
635	0.95293	0.040722	0.0060844	0.00025929
636	0.96253	0.031181	0.0060915	0.00019645
637	0.96674	0.027024	0.0060635	0.00016856
638	0.97417	0.019653	0.0060555	0.00012108
639	0.98549	0.008392	0.0060709	5.0325e-05
640	0.98302	0.010913	0.0060012	6.466e-05
641	0.97683	0.017159	0.0059103	0.00010047
642	0.9732	0.02084	0.0058354	0.00012055
643	0.96402	0.030076	0.0057295	0.0001719
644	0.95858	0.035572	0.0056463	0.00020088
645	0.95693	0.037273	0.005585	0.00020782
646	0.9513	0.042964	0.0055015	0.00023681
647	0.94879	0.045528	0.0054364	0.00024778
648	0.94991	0.044456	0.0053916	0.00023841
649	0.89328	0.10115	0.0050399	0.00053606
650	0.86048	0.134	0.0048193	0.00070267
651	0.83882	0.15571	0.0046607	0.00080743
652	0.78805	0.20653	0.0043559	0.0010587
653	0.75903	0.23561	0.0041667	0.0011944
654	0.7403	0.25439	0.004033	0.0012747
655	0.69467	0.30007	0.0037684	0.0014861
656	0.66894	0.32586	0.0036061	0.0015952
657	0.65274	0.34212	0.0034936	0.0016548
658	0.64602	0.34888	0.0034291	0.0016664
659	0.64449	0.35047	0.003391	0.0016516
660	0.64841	0.3466	0.0033807	0.0016094
661	0.65781	0.33725	0.0033977	0.0015401
662	0.67795	0.31717	0.0034678	0.0014176
663	0.71453	0.28063	0.0036186	0.0012144
664	0.76893	0.22629	0.0038555	0.00092533
665	0.86127	0.134	0.0042747	0.00045384
666	0.9094	0.08588	0.0044325	0.00029151
667	0.91372	0.081562	0.0044394	0.0002802
668	0.89736	0.097925	0.0043545	0.00036071
669	0.88684	0.10845	0.0042977	0.00041316
670	0.8828	0.11249	0.004271	0.00043539
671	0.88412	0.11118	0.0042682	0.00043383
672	0.89105	0.10425	0.004289	0.00040859
673	0.90277	0.092534	0.0043295	0.00036366
674	0.92441	0.070901	0.0044095	0.00027921
675	0.95582	0.0395	0.0045285	0.0001559
676	0.97079	0.024525	0.0045829	9.7121e-05
677	0.97711	0.018213	0.0046032	7.2539e-05
678	0.98725	0.008082	0.0046392	3.2317e-05
679	0.98794	0.0073912	0.004637	3.0191e-05
680	0.98704	0.0082929	0.0046281	3.4924e-05
681	0.98798	0.0073656	0.0046273	3.1431e-05
682	0.98716	0.0081896	0.0046189	3.5657e-05
683	0.98768	0.007666	0.0046167	3.3694e-05
684	0.98962	0.0057318	0.0046209	2.5325e-05
685	0.9932	0.0021546	0.0046326	9.5543e-06
686	0.99509	0.00027165	0.0046369	1.2124e-06
687	0.99529	7.8273e-05	0.0046338	3.5794e-07
688	0.99464	0.00072713	0.0046268	3.3887e-06
689	0.99349	0.0018877	0.0046175	8.7921e-06
690	0.99099	0.0043896	0.0046021	2.0409e-05
691	0.98984	0.0055434	0.0045929	2.5731e-05
692	0.99028	0.0051055	0.0045911	2.3681e-05
693	0.99205	0.003343	0.0045956	1.5476e-05
694	0.99285	0.0025473	0.0045954	1.1777e-05
695	0.99296	0.0024381	0.0045921	1.1267e-05
696	0.99252	0.0028781	0.0045862	1.3306e-05
697	0.9909	0.004502	0.0045749	2.0799e-05
698	0.99085	0.0045585	0.0045708	2.106e-05
699	0.98972	0.0056934	0.0045617	2.6281e-05
700	0.98988	0.0055391	0.0045587	2.5535e-05
701	0.99174	0.0036798	0.0045635	1.6958e-05
702	0.99249	0.0029336	0.0045631	1.3528e-05
703	0.99231	0.003122	0.0045585	1.4392e-05
704	0.99319	0.0022425	0.0045589	1.0333e-05
705	0.99527	0.0001685	0.0045647	7.7843e-07
706	0.99429	0.0011446	0.0045566	5.2638e-06
707	0.99418	0.0012585	0.0045525	5.7806e-06
708	0.99492	0.00052638	0.0045523	2.4141e-06
709	0.90895	0.086501	0.0041552	0.000396
710	0.85865	0.13681	0.0039214	0.00062615
711	0.8236	0.17186	0.0037582	0.00078586
712	0.75568	0.23978	0.0034445	0.0010959
713	0.70811	0.28736	0.0032248	0.0013121
714	0.68115	0.31432	0.0030991	0.0014342
715	0.62661	0.36886	0.0028474	0.0016824
716	0.58995	0.40552	0.0026781	0.0018482
717	0.56499	0.43049	0.0025625	0.0019603
718	0.54942	0.44606	0.0024899	0.0020294
719	0.54345	0.45203	0.0024608	0.0020549
720	0.54527	0.45022	0.002467	0.0020452
721	0.53665	0.45884	0.0024258	0.002083
722	0.53352	0.46198	0.0024095	0.0020957
723	0.53549	0.46001	0.0024165	0.0020853
724	0.54578	0.44972	0.002461	0.0020373
725	0.56374	0.43176	0.0025402	0.0019547
726	0.59196	0.40354	0.0026658	0.0018257
727	0.6345	0.36101	0.0028562	0.0016319
728	0.7079	0.28761	0.0031853	0.0012994
729	0.81548	0.18004	0.0036688	0.00081253
730	0.87164	0.12388	0.0039192	0.00055881
731	0.8783	0.11722	0.0039461	0.00052849
732	0.88979	0.10574	0.0039949	0.00047638
733	0.9075	0.088031	0.0040717	0.00039626
734	0.93871	0.05683	0.0042088	0.00025576
735	0.98343	0.012112	0.0044068	5.4451e-05
736	0.98439	0.011155	0.004408	5.0069e-05
737	0.98773	0.00782	0.0044197	3.5051e-05
738	0.99436	0.0011882	0.0044461	5.3274e-06
739	0.99394	0.0016093	0.004441	7.1992e-06
740	0.99307	0.0024892	0.0044337	1.1128e-05
741	0.9934	0.0021539	0.0044319	9.636e-06
742	0.99084	0.0047212	0.0044171	2.1145e-05
743	0.98965	0.0059106	0.0044084	2.6463e-05
744	0.9897	0.005865	0.0044054	2.6248e-05
745	0.98844	0.0071305	0.0043965	3.1871e-05
746	0.98521	0.010367	0.0043789	4.63e-05
747	0.98371	0.011868	0.004369	5.2955e-05
748	0.97952	0.016062	0.0043472	7.1552e-05
749	0.97742	0.018165	0.0043349	8.0805e-05
750	0.97785	0.017741	0.0043336	7.8865e-05
751	0.98026	0.015334	0.0043413	6.8099e-05
752	0.98592	0.0096729	0.0043633	4.2956e-05
753	0.99495	0.00064582	0.0044003	2.8725e-06
754	0.9952	0.00039803	0.0043983	1.7686e-06
755	0.99538	0.00021906	0.0043961	9.7198e-07
756	0.99557	3.9581e-05	0.004394	1.755e-07
757	0.99422	0.0013897	0.0043851	6.1368e-06
758	0.99383	0.0017794	0.0043805	7.8448e-06
759	0.99454	0.0010794	0.0043807	4.759e-06
760	0.9936	0.0020125	0.0043736	8.881e-06
761	0.99364	0.0019847	0.0043709	8.7556e-06
762	0.99458	0.0010406	0.0043722	4.5897e-06
763	0.99374	0.0018885	0.0043657	8.3084e-06
764	0.99402	0.001606	0.0043641	7.066e-06
765	0.99527	0.00036031	0.0043668	1.5861e-06
766	0.99532	0.00031367	0.0043642	1.3776e-06
767	0.99459	0.0010495	0.0043582	4.6077e-06
768	0.99305	0.0025928	0.0043487	1.1365e-05
769	0.99284	0.0028008	0.004345	1.2279e-05
770	0.99367	0.0019753	0.004346	8.6571e-06
771	0.99398	0.0016709	0.0043445	7.3303e-06
772	0.99374	0.0019108	0.0043408	8.3803e-06
773	0.99279	0.0028625	0.004334	1.2535e-05
774	0.99284	0.0028156	0.0043316	1.2314e-05
775	0.99422	0.0014416	0.004335	6.3129e-06
776	0.99339	0.00227	0.0043287	9.9269e-06
777	0.99354	0.0021195	0.0043269	9.2582e-06
778	0.99465	0.0010209	0.0043291	4.449e-06
779	0.99534	0.00033274	0.0043296	1.4461e-06
780	0.99516	0.00051235	0.0043263	2.2257e-06
781	0.99494	0.0007388	0.0043227	3.2123e-06
782	0.99545	0.00022274	0.0043223	9.6691e-07
783	0.99542	0.00026005	0.0043196	1.1295e-06
784	0.99451	0.0011673	0.0043131	5.0605e-06
785	0.99461	0.0010738	0.004311	4.6568e-06
786	0.99552	0.00017167	0.0043123	7.4307e-07
787	0.99567	1.5251e-05	0.0043105	6.6224e-08
788	0.99533	0.00036136	0.0043065	1.5665e-06
789	0.99563	6.0279e-05	0.0043053	2.6135e-07
790	0.99538	0.00031815	0.0043017	1.3823e-06
791	0.99508	0.00062196	0.0042979	2.703e-06
792	0.99454	0.0011612	0.0042932	5.0431e-06
793	0.99341	0.0022961	0.0042859	9.9569e-06
794	0.99329	0.0024151	0.0042831	1.0466e-05
795	0.99412	0.0015863	0.0042844	6.8745e-06
796	0.99448	0.0012316	0.0042836	5.3474e-06
797	0.99442	0.0012943	0.0042811	5.6243e-06
798	0.99388	0.0018366	0.0042765	7.9767e-06
799	0.98804	0.0076774	0.0042491	3.3246e-05
800	0.97619	0.019528	0.0041958	8.4401e-05
801	0.95163	0.044095	0.0040878	0.00019023
802	0.89568	0.10005	0.0038453	0.00043072
803	0.86327	0.13246	0.0037039	0.00057001
804	0.84187	0.15386	0.0036102	0.00066165
805	0.8284	0.16733	0.0035508	0.00071904
806	0.82285	0.17288	0.0035253	0.00074252
807	0.82355	0.17219	0.0035265	0.00073924
808	0.8307	0.16504	0.0035552	0.00070844
809	0.84625	0.14949	0.0036197	0.00064183
810	0.87051	0.12523	0.0037215	0.00053798
811	0.86856	0.12718	0.0037111	0.00054631
812	0.87218	0.12356	0.0037244	0.00053086
813	0.88001	0.11574	0.0037558	0.00049741
814	0.8796	0.11615	0.0037521	0.0004991
815	0.88315	0.1126	0.0037654	0.0004838
816	0.89117	0.10459	0.0037979	0.00044937
817	0.87811	0.11764	0.0037403	0.00050499
818	0.87239	0.12337	0.003714	0.00052933
819	0.87057	0.12518	0.0037046	0.00053686
820	0.86173	0.13403	0.003665	0.00057448
821	0.8577	0.13806	0.0036462	0.00059146
822	0.85757	0.13819	0.003644	0.00059173
823	0.84831	0.14745	0.0036031	0.00063081
824	0.84571	0.15006	0.0035905	0.00064161
825	0.84705	0.14872	0.0035948	0.00063552
826	0.85475	0.14102	0.003626	0.00060246
827	0.87099	0.12479	0.0036934	0.00053322
828	0.89521	0.10056	0.0037949	0.00042992
829	0.90476	0.091017	0.003834	0.00038906
830	0.91976	0.076014	0.0038964	0.00032489
831	0.94203	0.05375	0.0039899	0.00022969
832	0.95129	0.044487	0.0040279	0.00018996
833	0.95505	0.040733	0.0040424	0.00017382
834	0.96191	0.033873	0.0040701	0.00014443
835	0.97505	0.020734	0.0041245	8.8389e-05
836	0.98074	0.015051	0.0041471	6.4091e-05
837	0.99148	0.0043104	0.0041912	1.8352e-05
838	0.99051	0.005287	0.0041854	2.2474e-05
839	0.99109	0.0047076	0.0041861	2.0021e-05
840	0.99047	0.0053219	0.0041818	2.2617e-05
841	0.9911	0.0046937	0.0041829	1.994e-05
842	0.99298	0.0028177	0.0041893	1.1971e-05
843	0.99359	0.0022095	0.0041903	9.3756e-06
844	0.99127	0.0045324	0.0041789	1.9188e-05
845	0.99066	0.0051468	0.0041747	2.1795e-05
846	0.99127	0.004532	0.0041757	1.9198e-05
847	0.99066	0.0051454	0.0041716	2.1779e-05
848	0.98888	0.0069291	0.0041625	2.9322e-05
849	0.98845	0.0073582	0.0041592	3.1129e-05
850	0.98933	0.0064841	0.0041614	2.7426e-05
851	0.99161	0.0042018	0.0041696	1.7772e-05
852	0.99558	0.00023713	0.004185	1.0042e-06
853	0.99574	7.1551e-05	0.0041843	3.0249e-07
854	0.99329	0.0025273	0.0041725	1.0665e-05
855	0.97624	0.019573	0.0040994	8.2446e-05
856	0.96469	0.031133	0.0040495	0.00013101
857	0.95872	0.037098	0.0040231	0.00015608
858	0.95563	0.040193	0.0040089	0.00016904
859	0.95605	0.039777	0.0040093	0.00016728
860	0.95893	0.036892	0.0040201	0.00015512
861	0.96464	0.031191	0.0040429	0.0001311
862	0.97579	0.020037	0.0040884	8.4278e-05
863	0.99283	0.0030002	0.0041588	1.2687e-05
864	0.99285	0.0029843	0.0041577	1.2622e-05
865	0.98788	0.0079524	0.0041356	3.3522e-05
866	0.98509	0.010743	0.0041228	4.5234e-05
867	0.98408	0.011757	0.0041175	4.9466e-05
868	0.98469	0.011142	0.004119	4.6841e-05
869	0.98762	0.0082182	0.0041302	3.4563e-05
870	0.98877	0.0070667	0.004134	2.9745e-05
871	0.98864	0.007193	0.0041323	3.0307e-05
872	0.98672	0.0091155	0.0041231	3.8402e-05
873	0.98628	0.0095616	0.0041202	4.0284e-05
874	0.98726	0.0085849	0.0041233	3.6186e-05
875	0.98686	0.0089794	0.0041206	3.7867e-05
876	0.98796	0.0078859	0.0041242	3.3294e-05
877	0.9907	0.005147	0.0041347	2.181e-05
878	0.9916	0.0042443	0.0041376	1.803e-05
879	0.97964	0.01621	0.0040862	6.8507e-05
880	0.97322	0.022629	0.0040582	9.5646e-05
881	0.9697	0.02615	0.0040425	0.00011053
882	0.96857	0.027279	0.0040369	0.00011533
883	0.96951	0.026337	0.00404	0.00011141
884	0.96681	0.029038	0.0040279	0.00012277
885	0.96632	0.029534	0.0040251	0.00012485
886	0.94761	0.04824	0.003946	0.00020329
887	0.90493	0.090921	0.0037667	0.00038194
888	0.81128	0.18457	0.0033749	0.00077322
889	0.59855	0.3973	0.002487	0.0016605
890	0.45273	0.54312	0.0018795	0.0022675
891	0.35285	0.643	0.0014642	0.0026823
892	0.29427	0.70158	0.0012202	0.0029258
893	0.25447	0.74138	0.0010548	0.0030908
894	0.22678	0.76908	0.00093981	0.0032053
895	0.17071	0.82515	0.00070685	0.0034378
896	0.13108	0.86477	0.00054249	0.0036017
897	0.10808	0.88777	0.00044693	0.0036969
898	0.09518	0.90068	0.0003932	0.0037501
899	0.087026	0.90883	0.0003593	0.0037836
900	0.082142	0.91372	0.00033903	0.0038034
901	0.079941	0.91592	0.00032993	0.0038121
902	0.081633	0.91423	0.00033691	0.0038048
903	0.087617	0.90824	0.0003616	0.0037797
904	0.072205	0.92365	0.00029767	0.0038432
905	0.061989	0.93387	0.00025538	0.0038851
906	0.05686	0.939	0.00023408	0.003906
907	0.054062	0.9418	0.00022248	0.0039173
908	0.054479	0.94138	0.00022413	0.0039153
909	0.057103	0.93876	0.00023494	0.0039041
910	0.062032	0.93383	0.00025533	0.0038834
911	0.070209	0.92565	0.00028924	0.0038492
912	0.082811	0.91305	0.00034157	0.0037966
913	0.075694	0.92017	0.00031226	0.0038256
914	0.071518	0.92434	0.00029516	0.0038425
915	0.071178	0.92468	0.00029385	0.0038435
916	0.074577	0.92129	0.00030799	0.0038291
917	0.080737	0.91513	0.00033365	0.0038033
918	0.092776	0.90309	0.00038363	0.003753
919	0.095269	0.90059	0.00039407	0.0037424
920	0.10103	0.89484	0.00041813	0.0037181
921	0.11289	0.88298	0.00046748	0.0036686
922	0.13035	0.86552	0.00054025	0.0035956
923	0.16092	0.83494	0.00066742	0.0034682
924	0.21286	0.78301	0.00088309	0.0032524
925	0.23832	0.75754	0.00098863	0.0031466
926	0.27626	0.7196	0.0011462	0.0029888
927	0.34089	0.65498	0.0014141	0.0027207
928	0.44998	0.54588	0.0018658	0.0022688
929	0.60918	0.38668	0.0025261	0.0016083
930	0.67538	0.32049	0.002801	0.0013332
931	0.78836	0.2075	0.0032697	0.00086439
932	0.83959	0.15628	0.0034824	0.0006515
933	0.91256	0.083308	0.0037861	0.00034776
934	0.92117	0.074698	0.0038219	0.00031184
935	0.93529	0.060577	0.0038808	0.00025285
936	0.96039	0.035478	0.0039854	0.00014821
937	0.96286	0.033003	0.0039956	0.00013791
938	0.96148	0.034382	0.0039899	0.00014363
939	0.96333	0.032537	0.0039975	0.00013597
940	0.96202	0.033848	0.0039919	0.00014148
941	0.96313	0.032735	0.0039964	0.00013687
942	0.96663	0.029239	0.004011	0.00012231
943	0.96617	0.029696	0.0040091	0.00012419
944	0.9624	0.033469	0.0039934	0.00013992
945	0.962	0.033863	0.0039917	0.00014161
946	0.96388	0.03199	0.0039994	0.00013384
947	0.96191	0.033958	0.0039913	0.00014203
948	0.96239	0.03348	0.0039934	0.00014001
949	0.96519	0.030679	0.0040052	0.00012828
950	0.97207	0.023792	0.0040341	9.9549e-05
951	0.98274	0.013124	0.0040788	5.4987e-05
952	0.98729	0.0085806	0.0040979	3.5978e-05
953	0.99471	0.0011608	0.0041292	4.8969e-06
954	0.99444	0.0014208	0.0041284	5.9803e-06
955	0.99038	0.0054836	0.0041117	2.2951e-05
956	0.98818	0.0076893	0.0041028	3.2157e-05
957	0.98751	0.0083552	0.0041004	3.4932e-05
958	0.95597	0.039899	0.0039691	0.00016658
959	0.88483	0.11104	0.0036731	0.000463
960	0.83488	0.16098	0.0034657	0.00067086
961	0.80012	0.19575	0.0033216	0.00081534
962	0.78084	0.21502	0.0032418	0.00089563
963	0.77158	0.22428	0.0032034	0.00093438
964	0.7696	0.22626	0.0031953	0.0009429
965	0.77253	0.22334	0.0032077	0.00093093
966	0.78078	0.21508	0.0032424	0.0008967
967	0.79555	0.20031	0.0033043	0.00083524
968	0.82316	0.1727	0.0034196	0.00072046
969	0.86318	0.13268	0.0035868	0.00055371
970	0.92044	0.075422	0.0038264	0.00031473
971	0.94991	0.045944	0.0039498	0.00019186
972	0.99218	0.0036786	0.0041268	1.5364e-05
973	0.99181	0.0040436	0.0041259	1.6859e-05
974	0.99289	0.0029637	0.004131	1.2347e-05
975	0.99572	0.00013222	0.0041434	5.5255e-07
976	0.99393	0.0019283	0.0041364	8.0671e-06
977	0.99319	0.0026692	0.0041338	1.117e-05
978	0.99341	0.002444	0.0041354	1.0235e-05
979	0.99463	0.0012257	0.0041411	5.1477e-06
980	0.98345	0.012402	0.0040948	5.2029e-05
981	0.97739	0.018465	0.0040699	7.7533e-05
982	0.96546	0.030394	0.0040202	0.00012779
983	0.95771	0.038138	0.0039882	0.0001604
984	0.95322	0.042626	0.0039699	0.00017932
985	0.9408	0.055053	0.0039184	0.00023149
986	0.93326	0.062594	0.0038875	0.00026313
987	0.91691	0.078941	0.0038195	0.00033179
988	0.9067	0.089144	0.0037774	0.00037461
989	0.90118	0.094672	0.003755	0.00039781
990	0.88778	0.10807	0.0036994	0.00045405
991	0.87997	0.11588	0.0036674	0.00048683
992	0.87809	0.11775	0.0036602	0.00049482
993	0.88163	0.11421	0.0036755	0.00048024
994	0.89159	0.10426	0.0037175	0.00043895
995	0.90782	0.088018	0.0037859	0.00037129
996	0.91369	0.082148	0.0038111	0.00034687
