#coord	neutral	conserved	gBGC.neutral	gBGC.conserved
1	0.77994	0.21746	0.002032	0.00056716
2	0.78777	0.20963	0.002051	0.00054626
3	0.80139	0.19601	0.0020851	0.00051023
4	0.82717	0.17024	0.0021507	0.00044268
5	0.87242	0.12499	0.0022667	0.00032476
6	0.94937	0.048037	0.0024644	0.00012509
7	0.95942	0.037995	0.0024886	9.894e-05
8	0.97457	0.02284	0.0025261	5.9483e-05
9	0.99666	0.00075127	0.0025818	1.9651e-06
10	0.99663	0.00078427	0.0025799	2.0484e-06
11	0.99633	0.0010926	0.0025773	2.8472e-06
12	0.99679	0.00062795	0.0025767	1.6382e-06
13	0.99605	0.001378	0.002573	3.5817e-06
14	0.99616	0.0012625	0.0025716	3.2784e-06
15	0.99712	0.00030661	0.0025724	7.9751e-07
16	0.99711	0.0003187	0.0025707	8.2756e-07
17	0.9971	0.00033331	0.0025691	8.6482e-07
18	0.99706	0.000371	0.0025674	9.6255e-07
19	0.9958	0.0016297	0.0025627	4.2142e-06
20	0.99569	0.00174	0.0025608	4.5088e-06
21	0.99491	0.0025219	0.0025573	6.5357e-06
22	0.99318	0.0042574	0.0025513	1.1018e-05
23	0.99271	0.0047261	0.0025486	1.2222e-05
24	0.99054	0.0068967	0.0025416	1.7797e-05
25	0.98979	0.0076568	0.0025383	1.9728e-05
26	0.99043	0.007014	0.0025386	1.8041e-05
27	0.99303	0.0044109	0.002544	1.1335e-05
28	0.99426	0.0031881	0.0025457	8.1951e-06
29	0.99677	0.00067481	0.0025508	1.7382e-06
30	0.99601	0.0014365	0.0025475	3.7003e-06
31	0.99463	0.0028158	0.0025425	7.2643e-06
32	0.9943	0.0031476	0.0025402	8.1286e-06
33	0.99498	0.0024719	0.0025406	6.403e-06
34	0.99475	0.0027034	0.0025387	7.0094e-06
35	0.9902	0.0072513	0.0025257	1.8736e-05
36	0.98758	0.0098737	0.0025177	2.5483e-05
37	0.96766	0.029796	0.0024651	7.6833e-05
38	0.95457	0.042889	0.0024302	0.00011047
39	0.94609	0.05137	0.0024073	0.00013219
40	0.9412	0.05626	0.0023936	0.00014465
41	0.93955	0.057916	0.0023884	0.0001488
42	0.94066	0.056804	0.0023902	0.00014584
43	0.93618	0.061284	0.0023778	0.00015712
44	0.92515	0.072317	0.0023487	0.00018513
45	0.91849	0.078973	0.0023309	0.00020192
46	0.91542	0.082051	0.0023222	0.00020956
47	0.88005	0.11742	0.0022315	0.00029919
48	0.85992	0.13755	0.0021794	0.00035019
49	0.81191	0.18556	0.0020568	0.00047172
50	0.70532	0.29215	0.0017866	0.00074096
51	0.64241	0.35506	0.0016266	0.00089991
52	0.59846	0.39902	0.001515	0.0010105
53	0.56817	0.42931	0.0014381	0.0010864
54	0.55198	0.44549	0.0013967	0.0011268
55	0.51453	0.48294	0.001302	0.0012205
56	0.49375	0.50373	0.0012492	0.0012724
57	0.48128	0.5162	0.0012174	0.0013031
58	0.4524	0.54508	0.0011443	0.0013753
59	0.39371	0.60377	0.00099589	0.0015227
60	0.35961	0.63787	0.00090939	0.0016082
61	0.33631	0.66117	0.00085038	0.0016662
62	0.32102	0.67647	0.00081168	0.001704
63	0.31476	0.68273	0.00079567	0.001719
64	0.31564	0.68185	0.00079762	0.0017161
65	0.32392	0.67357	0.00081811	0.0016946
66	0.3388	0.65868	0.00085536	0.0016564
67	0.36686	0.63063	0.00092564	0.0015851
68	0.40889	0.5886	0.0010313	0.0014785
69	0.40822	0.58927	0.0010292	0.0014796
70	0.39711	0.60038	0.0010007	0.0015071
71	0.39426	0.60324	0.00099302	0.0015138
72	0.39888	0.59862	0.001004	0.0015018
73	0.409	0.5885	0.0010289	0.0014759
74	0.43019	0.56731	0.0010813	0.0014225
75	0.46273	0.53477	0.0011623	0.0013405
76	0.47346	0.52404	0.0011887	0.0013131
77	0.49571	0.50179	0.0012438	0.001257
78	0.52983	0.46767	0.0013288	0.0011711
79	0.52574	0.47176	0.001318	0.001181
80	0.5268	0.4707	0.0013201	0.0011779
81	0.53311	0.46439	0.0013355	0.0011616
82	0.54545	0.45205	0.0013661	0.0011301
83	0.57014	0.42736	0.0014275	0.0010678
84	0.60643	0.39107	0.0015181	0.00097626
85	0.62358	0.37393	0.0015606	0.00093292
86	0.65558	0.34193	0.00164	0.0008526
87	0.71106	0.28645	0.0017777	0.00071395
88	0.79006	0.20745	0.0019744	0.00051637
89	0.83099	0.16652	0.0020756	0.00041419
90	0.90085	0.096658	0.0022485	0.00024033
91	0.91004	0.08747	0.0022704	0.00021748
92	0.91153	0.085984	0.0022732	0.00021373
93	0.90764	0.08987	0.0022626	0.0002234
94	0.90713	0.090387	0.0022605	0.00022464
95	0.90992	0.087598	0.0022666	0.0002176
96	0.91827	0.079245	0.0022865	0.00019678
97	0.9316	0.065922	0.0023189	0.00016355
98	0.95547	0.042046	0.0023773	0.00010421
99	0.99647	0.0010487	0.002478	2.6126e-06
100	0.98274	0.014778	0.0024426	3.7004e-05
101	0.97522	0.022301	0.0024228	5.5881e-05
102	0.97177	0.025754	0.0024131	6.4585e-05
103	0.97069	0.026835	0.0024094	6.7326e-05
104	0.97253	0.024996	0.0024129	6.2815e-05
105	0.97687	0.020656	0.0024227	5.2061e-05
106	0.97179	0.025733	0.002409	6.4837e-05
107	0.9597	0.037824	0.0023778	9.5172e-05
108	0.95192	0.04561	0.0023575	0.00011466
109	0.94878	0.048749	0.0023487	0.00012255
110	0.93887	0.058657	0.0023231	0.00014734
111	0.91477	0.082757	0.0022621	0.00020751
112	0.7398	0.25773	0.0018253	0.00064352
113	0.62001	0.37752	0.001527	0.00094112
114	0.53545	0.46208	0.0013168	0.0011506
115	0.47596	0.52158	0.0011692	0.0012975
116	0.44177	0.55577	0.0010841	0.0013819
117	0.42318	0.57436	0.0010375	0.0014277
118	0.41229	0.58525	0.0010102	0.0014544
119	0.40979	0.58775	0.0010035	0.0014604
120	0.41496	0.58258	0.0010156	0.0014475
121	0.42577	0.57177	0.0010417	0.0014207
122	0.42382	0.57372	0.0010364	0.0014253
123	0.42685	0.57069	0.0010435	0.0014175
124	0.4201	0.57743	0.0010264	0.001434
125	0.41851	0.57903	0.0010221	0.0014376
126	0.42189	0.57565	0.0010301	0.001429
127	0.41261	0.58494	0.001007	0.0014515
128	0.38903	0.60851	0.00094863	0.0015092
129	0.37709	0.62045	0.00091883	0.0015384
130	0.34675	0.65079	0.00084384	0.0016128
131	0.32699	0.67055	0.00079506	0.001661
132	0.27762	0.71993	0.00067379	0.0017817
133	0.24304	0.7545	0.00058905	0.0018659
134	0.22348	0.77407	0.00054094	0.0019134
135	0.2112	0.78635	0.00051078	0.001943
136	0.1782	0.81934	0.00043017	0.0020231
137	0.15951	0.83803	0.00038437	0.0020684
138	0.14754	0.85001	0.00035507	0.0020972
139	0.14056	0.85699	0.00033802	0.0021138
140	0.13756	0.85999	0.00033073	0.0021206
141	0.13813	0.85942	0.00033214	0.0021187
142	0.14232	0.85523	0.00034246	0.002108
143	0.15077	0.84678	0.0003632	0.0020868
144	0.16387	0.83368	0.00039544	0.0020542
145	0.18731	0.81025	0.00045288	0.0019964
146	0.19476	0.80279	0.00047124	0.0019777
147	0.20722	0.79033	0.00050194	0.0019466
148	0.23064	0.76691	0.00055941	0.0018888
149	0.26446	0.73309	0.0006426	0.0018052
150	0.27971	0.71784	0.00067999	0.0017675
151	0.28384	0.71371	0.00069004	0.001757
152	0.2929	0.70465	0.00071224	0.0017345
153	0.31176	0.6858	0.00075833	0.001688
154	0.31624	0.68132	0.00076929	0.0016767
155	0.32911	0.66844	0.00080072	0.0016449
156	0.35002	0.64754	0.00085195	0.0015934
157	0.38197	0.61559	0.00093043	0.0015146
158	0.43757	0.55998	0.0010668	0.0013779
159	0.51922	0.47834	0.0012674	0.001177
160	0.56037	0.43718	0.0013682	0.0010759
161	0.57635	0.42121	0.0014074	0.0010364
162	0.55862	0.43894	0.0013641	0.0010795
163	0.54794	0.44961	0.0013381	0.0011052
164	0.54567	0.45189	0.0013326	0.0011105
165	0.55116	0.44639	0.001346	0.0010968
166	0.56595	0.43161	0.0013821	0.0010604
167	0.58986	0.4077	0.0014407	0.0010015
168	0.59962	0.39794	0.0014645	0.00097749
169	0.57108	0.42648	0.0013947	0.001047
170	0.51288	0.48468	0.0012522	0.0011893
171	0.40052	0.59704	0.0009767	0.0014645
172	0.32365	0.67391	0.00078867	0.0016523
173	0.2784	0.71916	0.00067773	0.001763
174	0.25231	0.74525	0.00061358	0.0018268
175	0.23535	0.76221	0.00057198	0.0018682
176	0.19923	0.79833	0.00048329	0.0019566
177	0.17492	0.82264	0.00042375	0.0020159
178	0.15894	0.83862	0.00038466	0.0020548
179	0.14897	0.84859	0.00036035	0.0020789
180	0.14321	0.85435	0.00034633	0.0020927
181	0.14278	0.85478	0.00034523	0.0020936
182	0.14756	0.85001	0.00035673	0.0020819
183	0.15676	0.8408	0.00037906	0.0020594
184	0.17468	0.82288	0.00042246	0.0020158
185	0.16555	0.83201	0.00040015	0.0020379
186	0.161	0.83657	0.00038905	0.0020489
187	0.16199	0.83557	0.00039139	0.0020464
188	0.16657	0.831	0.00040249	0.0020351
189	0.17801	0.81956	0.0004302	0.0020073
190	0.17855	0.81901	0.00043148	0.0020059
191	0.17094	0.82663	0.00041284	0.0020244
192	0.16733	0.83024	0.000404	0.0020331
193	0.16728	0.83028	0.00040388	0.0020331
194	0.17299	0.82457	0.00041769	0.0020192
195	0.18607	0.8115	0.0004493	0.0019874
196	0.18942	0.80815	0.00045723	0.0019793
197	0.19689	0.80067	0.00047523	0.0019612
198	0.2094	0.78817	0.0005055	0.0019308
199	0.22843	0.76913	0.00055172	0.0018845
200	0.26235	0.73521	0.00063394	0.0018022
201	0.31243	0.68513	0.0007556	0.0016805
202	0.33323	0.66434	0.00080622	0.0016298
203	0.36497	0.6326	0.00088369	0.0015523
204	0.41065	0.58691	0.00099541	0.0014406
205	0.47795	0.51962	0.0011604	0.0012756
206	0.57338	0.42418	0.0013948	0.0010413
207	0.73424	0.26332	0.0017891	0.00064702
208	0.96897	0.028599	0.0023657	7.0441e-05
209	0.97084	0.026719	0.0023703	6.5838e-05
210	0.95985	0.037718	0.0023435	9.2778e-05
211	0.71947	0.27809	0.0017535	0.00068274
212	0.54929	0.44827	0.0013367	0.0010996
213	0.42887	0.56869	0.0010424	0.001394
214	0.34372	0.65384	0.0008347	0.0016019
215	0.2935	0.70406	0.00071196	0.0017247
216	0.25836	0.73921	0.00062623	0.0018106
217	0.23405	0.76351	0.00056709	0.0018698
218	0.22102	0.77654	0.0005353	0.0019018
219	0.21372	0.78384	0.00051756	0.0019196
220	0.1913	0.80626	0.00046313	0.0019743
221	0.139	0.85856	0.00033635	0.0021012
222	0.10812	0.88944	0.00026134	0.0021764
223	0.086394	0.91117	0.00020868	0.0022293
224	0.073984	0.92358	0.00017853	0.0022596
225	0.06563	0.93193	0.00015829	0.0022801
226	0.06033	0.93723	0.0001455	0.0022931
227	0.058781	0.93878	0.00014176	0.0022971
228	0.060485	0.93708	0.00014588	0.0022932
229	0.056951	0.94061	0.00013723	0.002302
230	0.055763	0.9418	0.00013431	0.0023051
231	0.056529	0.94103	0.00013616	0.0023035
232	0.060757	0.9368	0.00014637	0.0022935
233	0.068019	0.92954	0.00016398	0.0022762
234	0.078923	0.91864	0.00019049	0.0022499
235	0.095365	0.90219	0.00023055	0.0022102
236	0.12366	0.8739	0.00029935	0.0021416
237	0.1651	0.83246	0.00040032	0.002041
238	0.23503	0.76253	0.0005704	0.0018712
239	0.33702	0.66054	0.00081902	0.0016229
240	0.34936	0.6482	0.00084908	0.0015931
241	0.37337	0.62419	0.0009074	0.001535
242	0.40972	0.58784	0.00099592	0.0014468
243	0.46185	0.53571	0.0011232	0.0013199
244	0.48293	0.51462	0.0011748	0.0012686
245	0.52115	0.47641	0.0012682	0.0011756
246	0.57788	0.41968	0.0014071	0.001037
247	0.60632	0.39123	0.0014767	0.0009678
248	0.64918	0.34837	0.0015817	0.00086311
249	0.6469	0.35065	0.0015763	0.00086895
250	0.6331	0.36446	0.0015424	0.00090324
251	0.62604	0.37152	0.0015252	0.00092085
252	0.62423	0.37332	0.001521	0.00092547
253	0.63009	0.36746	0.0015355	0.00091136
254	0.64241	0.35514	0.001566	0.00088128
255	0.66298	0.33458	0.001617	0.00083082
256	0.6688	0.32875	0.0016316	0.00081669
257	0.681	0.31655	0.0016619	0.00078681
258	0.70133	0.29622	0.0017125	0.00073678
259	0.7066	0.29095	0.001726	0.00072382
260	0.71744	0.28011	0.0017533	0.00069704
261	0.73926	0.25829	0.0018077	0.00064316
262	0.77266	0.22489	0.001891	0.00056045
263	0.82244	0.17511	0.0020153	0.00043682
264	0.90705	0.090499	0.0022257	0.00022696
265	0.91767	0.079881	0.0022527	0.00020059
266	0.92147	0.076073	0.0022627	0.00019119
267	0.92897	0.068577	0.0022819	0.00017259
268	0.91952	0.078023	0.0022591	0.00019606
269	0.91416	0.083383	0.0022465	0.00020936
270	0.91224	0.085299	0.0022425	0.0002141
271	0.91381	0.083735	0.0022472	0.00021015
272	0.89018	0.10736	0.0021897	0.00026845
273	0.87731	0.12023	0.0021586	0.00030032
274	0.8696	0.12794	0.0021403	0.00031941
275	0.86797	0.12956	0.002137	0.00032347
276	0.87199	0.12555	0.0021476	0.00031361
277	0.88072	0.11682	0.00217	0.00029198
278	0.86959	0.12794	0.0021431	0.0003197
279	0.8633	0.13423	0.0021282	0.00033538
280	0.86287	0.13466	0.0021278	0.00033658
281	0.86662	0.13091	0.0021378	0.00032735
282	0.87509	0.12244	0.0021596	0.00030633
283	0.8752	0.12234	0.0021608	0.00030606
284	0.86854	0.12899	0.0021451	0.00032264
285	0.86597	0.13156	0.0021395	0.00032904
286	0.86903	0.1285	0.0021479	0.00032149
287	0.8786	0.11893	0.0021724	0.00029782
288	0.89738	0.10015	0.0022198	0.0002513
289	0.87647	0.12105	0.0021681	0.00030379
290	0.86268	0.13485	0.0021343	0.00033845
291	0.85475	0.14278	0.0021152	0.00035839
292	0.8512	0.14632	0.0021071	0.00036738
293	0.85352	0.144	0.0021135	0.00036179
294	0.86043	0.13709	0.0021315	0.0003447
295	0.87292	0.1246	0.0021636	0.00031359
296	0.87583	0.12169	0.0021717	0.00030638
297	0.8828	0.11473	0.0021902	0.00028895
298	0.89747	0.10005	0.0022278	0.00025226
299	0.91944	0.07808	0.0022839	0.00019715
300	0.95241	0.045104	0.002368	0.00011416
301	0.94634	0.051177	0.0023539	0.00012932
302	0.94465	0.052862	0.0023507	0.00013356
303	0.94586	0.051658	0.0023548	0.00013052
304	0.94296	0.054554	0.0023486	0.0001378
305	0.94304	0.054472	0.0023499	0.0001376
306	0.94718	0.050332	0.0023613	0.00012724
307	0.94608	0.051435	0.0023596	0.00013002
308	0.94762	0.049893	0.0023646	0.00012613
309	0.95346	0.044046	0.0023804	0.00011145
310	0.95391	0.043601	0.0023827	0.00011033
311	0.94965	0.047857	0.0023732	0.00012098
312	0.94929	0.048216	0.0023734	0.00012189
313	0.94354	0.053959	0.0023602	0.0001363
314	0.94218	0.055322	0.0023579	0.00013975
315	0.94376	0.053743	0.0023631	0.00013578
316	0.9485	0.048996	0.0023763	0.00012379
317	0.95878	0.038716	0.0024035	9.7852e-05
318	0.97427	0.023228	0.0024439	5.866e-05
319	0.9689	0.028599	0.0024316	7.2139e-05
320	0.96631	0.031182	0.0024264	7.8598e-05
321	0.96687	0.030621	0.0024291	7.718e-05
322	0.95155	0.045944	0.002392	0.00011557
323	0.94347	0.054016	0.0023729	0.00013588
324	0.92339	0.074095	0.0023238	0.00018625
325	0.91262	0.084868	0.0022979	0.00021339
326	0.90809	0.089394	0.0022877	0.00022489
327	0.90846	0.089025	0.0022896	0.00022412
328	0.87854	0.11895	0.0022154	0.00029962
329	0.85884	0.13864	0.002167	0.00034928
330	0.84603	0.15146	0.002136	0.00038161
331	0.84081	0.15667	0.002124	0.0003949
332	0.8417	0.15578	0.0021273	0.00039282
333	0.84887	0.14861	0.0021464	0.00037496
334	0.86179	0.13569	0.0021802	0.00034246
335	0.88597	0.1115	0.0022424	0.00028153
336	0.92796	0.06952	0.0023494	0.00017577
337	0.94686	0.050615	0.0023982	0.00012825
338	0.94641	0.051064	0.0023982	0.00012951
339	0.94984	0.047635	0.0024079	0.00012098
340	0.94834	0.049131	0.0024053	0.00012489
341	0.95058	0.046885	0.0024121	0.00011935
342	0.95572	0.04175	0.0024263	0.00010642
343	0.95685	0.04062	0.0024303	0.00010369
344	0.96077	0.036694	0.0024414	9.3815e-05
345	0.96949	0.027971	0.0024647	7.1781e-05
346	0.96729	0.030176	0.0024602	7.7592e-05
347	0.95969	0.037774	0.0024418	9.7263e-05
348	0.95531	0.042152	0.0024317	0.00010864
349	0.95362	0.043837	0.0024286	0.00011308
350	0.9555	0.041957	0.0024346	0.00010843
351	0.9601	0.037355	0.0024476	9.6767e-05
352	0.96001	0.037445	0.0024486	9.7115e-05
353	0.96229	0.03516	0.0024558	9.1333e-05
354	0.96856	0.02889	0.0024732	7.535e-05
355	0.96356	0.033892	0.0024615	8.841e-05
356	0.96138	0.036067	0.0024573	9.4141e-05
357	0.96172	0.035727	0.0024595	9.3358e-05
358	0.9576	0.039847	0.0024503	0.0001041
359	0.94506	0.052382	0.0024194	0.00013659
360	0.93708	0.060361	0.0024003	0.00015729
361	0.9341	0.063345	0.002394	0.00016515
362	0.93426	0.063178	0.0023959	0.00016483
363	0.9376	0.059836	0.0024061	0.00015627
364	0.94606	0.05138	0.0024295	0.0001345
365	0.95921	0.03822	0.0024652	0.00010046
366	0.98265	0.014778	0.0025274	3.9825e-05
367	0.98117	0.016263	0.0025249	4.3969e-05
368	0.98141	0.016019	0.0025269	4.3551e-05
369	0.98416	0.013268	0.0025355	3.6593e-05
370	0.98482	0.012604	0.0025385	3.5159e-05
371	0.98729	0.010139	0.0025463	2.8975e-05
372	0.98795	0.0094728	0.0025494	2.7588e-05
373	0.99026	0.0071643	0.0025568	2.1822e-05
374	0.9953	0.002117	0.0025715	8.8736e-06
375	0.99375	0.003674	0.0025607	1.2523e-05
376	0.9934	0.0040345	0.0025532	1.2894e-05
377	0.99419	0.0032501	0.002549	1.0073e-05
378	0.99392	0.0035301	0.0025416	1.045e-05
379	0.99245	0.0050026	0.002531	1.4053e-05
380	0.98114	0.016322	0.002495	4.2978e-05
381	0.9737	0.023774	0.0024691	6.1825e-05
382	0.95917	0.038304	0.0024253	9.8652e-05
383	0.95151	0.045976	0.002399	0.00011791
384	0.94744	0.050054	0.002382	0.0001279
385	0.94735	0.05015	0.0023751	0.00012782
386	0.94992	0.047588	0.0023749	0.00012101
387	0.95545	0.04206	0.0023822	0.00010675
388	0.95591	0.041608	0.0023768	0.00010529
389	0.95194	0.045586	0.0023604	0.00011487
390	0.94037	0.057158	0.0023253	0.00014323
391	0.86405	0.13349	0.0021298	0.0003319
392	0.81043	0.18712	0.0019918	0.0004632
393	0.77963	0.21792	0.0019104	0.00053781
394	0.75882	0.23874	0.0018541	0.00058736
395	0.74864	0.24892	0.001824	0.00061071
396	0.74422	0.25335	0.0018081	0.00061982
397	0.74676	0.25082	0.0018092	0.00061201
398	0.75425	0.24334	0.0018223	0.00059217
399	0.75137	0.24622	0.0018104	0.00059745
400	0.75311	0.24449	0.0018098	0.0005915
401	0.75967	0.23793	0.0018208	0.0005739
402	0.77509	0.22253	0.0018529	0.00053518
403	0.78014	0.21748	0.0018599	0.00052155
404	0.79091	0.20672	0.0018806	0.0004943
405	0.81237	0.18526	0.0019266	0.00044178
406	0.8503	0.14733	0.0020111	0.00035058
407	0.90466	0.092985	0.0021343	0.0002208
408	0.98451	0.013141	0.0023176	3.1069e-05
409	0.99715	0.00051045	0.0023409	1.2058e-06
410	0.99532	0.002348	0.0023301	5.503e-06
411	0.99458	0.0030908	0.0023219	7.2123e-06
412	0.9929	0.0047757	0.0023115	1.1111e-05
413	0.99281	0.0048708	0.0023048	1.1308e-05
414	0.99429	0.0034024	0.0023017	7.8951e-06
415	0.9922	0.0054959	0.0022904	1.2725e-05
416	0.99152	0.0061841	0.0022824	1.4275e-05
417	0.9925	0.0052073	0.0022782	1.2002e-05
418	0.99163	0.006082	0.0022698	1.3977e-05
419	0.9894	0.0083258	0.0022583	1.909e-05
420	0.98865	0.0090826	0.0022502	2.0768e-05
421	0.98929	0.0084431	0.0022454	1.9249e-05
422	0.99152	0.0062232	0.0022442	1.4138e-05
423	0.99199	0.0057605	0.0022391	1.3027e-05
424	0.99138	0.0063754	0.0022315	1.4359e-05
425	0.99246	0.0053035	0.0022276	1.1906e-05
426	0.9955	0.0022688	0.0022281	5.0868e-06
427	0.99686	0.00091442	0.0022249	2.0456e-06
428	0.99661	0.0011662	0.002218	2.6058e-06
429	0.99715	0.00063132	0.0022129	1.411e-06
430	0.99387	0.0039195	0.0021993	8.7446e-06
431	0.98677	0.011029	0.0021773	2.4508e-05
432	0.98233	0.015476	0.0021613	3.4269e-05
433	0.98016	0.017652	0.0021505	3.8956e-05
434	0.98053	0.017287	0.0021452	3.8058e-05
435	0.98355	0.014275	0.0021456	3.1401e-05
436	0.98362	0.014214	0.0021397	3.1201e-05
437	0.97299	0.024849	0.0021104	5.432e-05
438	0.96751	0.03033	0.0020925	6.6133e-05
439	0.96469	0.033153	0.0020804	7.2088e-05
440	0.96516	0.03269	0.0020754	7.0937e-05
441	0.96905	0.028811	0.0020778	6.2473e-05
442	0.94499	0.052877	0.0020195	0.00011455
443	0.92858	0.069296	0.0019782	0.00014972
444	0.91826	0.07962	0.0019503	0.00017152
445	0.89662	0.10126	0.0018984	0.00021737
446	0.88219	0.1157	0.0018623	0.0002475
447	0.87541	0.12249	0.0018424	0.0002613
448	0.85592	0.14198	0.0017959	0.00030186
449	0.84607	0.15184	0.0017698	0.00032191
450	0.84135	0.15656	0.0017548	0.00033098
451	0.8411	0.15682	0.0017492	0.0003306
452	0.84528	0.15265	0.001753	0.00032093
453	0.85403	0.1439	0.0017664	0.00030174
454	0.86899	0.12895	0.0017926	0.00026966
455	0.89231	0.10564	0.0018362	0.00022027
456	0.93282	0.065132	0.0019151	0.0001356
457	0.81776	0.18019	0.0016739	0.00037105
458	0.73921	0.25875	0.0015091	0.00053021
459	0.68405	0.31392	0.0013929	0.00064067
460	0.57681	0.42116	0.0011716	0.00085632
461	0.51404	0.48394	0.0010411	0.0009811
462	0.47757	0.52041	0.00096436	0.0010521
463	0.38984	0.60815	0.00078493	0.0012259
464	0.33856	0.65943	0.0006795	0.0013256
465	0.30273	0.69527	0.00060582	0.0013936
466	0.28259	0.71542	0.00056377	0.00143
467	0.26953	0.72848	0.00053618	0.0014519
468	0.26453	0.73349	0.00052466	0.0014577
469	0.26619	0.73183	0.00052633	0.0014504
470	0.25657	0.74146	0.00050579	0.0014653
471	0.25426	0.74377	0.00049969	0.0014657
472	0.24103	0.75701	0.00047207	0.0014876
473	0.2337	0.76435	0.00045625	0.0014978
474	0.23078	0.76727	0.00044921	0.0014992
475	0.18197	0.81609	0.00035264	0.0015901
476	0.14758	0.85048	0.00028482	0.0016523
477	0.12347	0.8746	0.0002374	0.0016942
478	0.10999	0.88808	0.00021067	0.0017153
479	0.10154	0.89654	0.00019381	0.0017266
480	0.078892	0.91919	0.00014997	0.0017649
481	0.062989	0.9351	0.00011929	0.00179
482	0.05192	0.94618	9.8011e-05	0.0018058
483	0.044356	0.95375	8.3501e-05	0.0018148
484	0.039634	0.95847	7.4446e-05	0.0018184
485	0.037939	0.96017	7.1092e-05	0.0018163
486	0.037996	0.96012	7.1065e-05	0.0018109
487	0.033641	0.96448	6.276e-05	0.0018138
488	0.032049	0.96608	5.9627e-05	0.0018115
489	0.031871	0.96626	5.916e-05	0.0018065
490	0.027431	0.97071	5.0765e-05	0.0018094
491	0.024825	0.97332	4.5828e-05	0.001809
492	0.023526	0.97462	4.3343e-05	0.0018061
493	0.0181	0.98006	3.3266e-05	0.0018107
494	0.015203	0.98296	2.786e-05	0.0018107
495	0.014038	0.98413	2.5638e-05	0.0018075
496	0.013789	0.98438	2.5116e-05	0.0018026
497	0.014934	0.98324	2.712e-05	0.0017952
498	0.017148	0.98104	3.1065e-05	0.0017859
499	0.021605	0.97658	3.9029e-05	0.0017725
500	0.029573	0.96862	5.3238e-05	0.0017529
501	0.04083	0.95737	7.3305e-05	0.0017275
502	0.060136	0.93807	0.0001076	0.0016878
503	0.067845	0.93037	0.00012096	0.001669
504	0.082061	0.91615	0.00014573	0.0016388
505	0.10243	0.89579	0.00018128	0.0015979
506	0.1314	0.86683	0.00023188	0.0015419
507	0.17383	0.8244	0.00030606	0.0014624
508	0.23384	0.76439	0.00041092	0.0013523
509	0.33578	0.66246	0.00058846	0.0011694
510	0.48442	0.51383	0.00084719	0.00090535
511	0.50267	0.49558	0.0008766	0.00087067
512	0.53024	0.46801	0.00092222	0.00081981
513	0.57856	0.41971	0.0010035	0.00073325
514	0.64982	0.34845	0.0011245	0.00060709
515	0.7543	0.24398	0.0013027	0.00042369
516	0.93036	0.067914	0.0016032	0.00011793
517	0.93617	0.062116	0.0016084	0.00010755
518	0.94833	0.049962	0.0016244	8.6334e-05
519	0.97011	0.028182	0.0016567	4.8828e-05
520	0.95004	0.048256	0.0016171	8.3239e-05
521	0.93904	0.059266	0.0015932	0.00010194
522	0.9326	0.065711	0.0015773	0.00011268
523	0.9298	0.068518	0.0015677	0.00011715
524	0.93023	0.068093	0.0015637	0.00011609
525	0.93369	0.064637	0.0015648	0.0001099
526	0.92025	0.078084	0.0015374	0.00013224
527	0.91372	0.084618	0.0015217	0.00014288
528	0.91081	0.087526	0.0015122	0.00014735
529	0.86755	0.1308	0.001435	0.00021937
530	0.83855	0.1598	0.0013823	0.00026703
531	0.82273	0.17562	0.0013517	0.00029259
532	0.78371	0.21465	0.0012829	0.00035634
533	0.76186	0.23651	0.0012428	0.00039144
534	0.74835	0.25002	0.0012166	0.00041253
535	0.71865	0.27972	0.001164	0.00046012
536	0.69952	0.29887	0.0011291	0.00049005
537	0.68818	0.3102	0.0011071	0.00050704
538	0.65813	0.34026	0.001055	0.00055416
539	0.6388	0.35959	0.0010207	0.00058359
540	0.62683	0.37157	0.0009984	0.00060098
541	0.62078	0.37763	0.00098577	0.00060876
542	0.62241	0.376	0.00098538	0.00060427
543	0.63232	0.36609	0.00099808	0.00058669
544	0.61112	0.3873	0.00096124	0.00061862
545	0.59772	0.4007	0.00093704	0.00063793
546	0.59052	0.40791	0.0009228	0.00064732
547	0.56604	0.4324	0.00088162	0.00068367
548	0.55369	0.44475	0.00085956	0.00070089
549	0.55008	0.44837	0.00085117	0.00070442
550	0.55159	0.44686	0.00085085	0.00069991
551	0.55841	0.44004	0.0008588	0.00068715
552	0.57498	0.42347	0.00088168	0.00065945
553	0.60132	0.39715	0.00091953	0.00061681
554	0.63985	0.35862	0.00097602	0.00055555
555	0.69522	0.30326	0.0010582	0.00046866
556	0.77406	0.22441	0.0011761	0.00034606
557	0.80778	0.1907	0.0012242	0.00029322
558	0.85633	0.14215	0.0012949	0.00021788
559	0.84602	0.15247	0.0012755	0.00023267
560	0.84257	0.15593	0.0012665	0.00023706
561	0.84513	0.15337	0.0012665	0.0002324
562	0.82056	0.17795	0.0012257	0.0002685
563	0.80489	0.19363	0.0011985	0.00029101
564	0.79787	0.20065	0.0011843	0.00030054
565	0.71935	0.27917	0.0010643	0.00041592
566	0.6737	0.32482	0.00099344	0.00048215
567	0.64219	0.35634	0.00094393	0.00052703
568	0.62533	0.3732	0.00091616	0.00055016
569	0.61822	0.38032	0.00090276	0.00055889
570	0.6189	0.37965	0.00090076	0.00055622
571	0.62755	0.371	0.00091027	0.00054201
572	0.64336	0.35519	0.00093015	0.00051746
573	0.67326	0.3253	0.00097006	0.00047287
574	0.66642	0.33215	0.00095694	0.00048134
575	0.66728	0.33129	0.00095491	0.00047869
576	0.67372	0.32485	0.00096093	0.00046803
577	0.67099	0.32759	0.00095373	0.00047057
578	0.67319	0.32539	0.00095364	0.00046602
579	0.6806	0.31798	0.00096098	0.00045408
580	0.69768	0.30091	0.00098181	0.00042862
581	0.70155	0.29705	0.00098386	0.00042192
582	0.71129	0.28731	0.00099419	0.00040699
583	0.70961	0.289	0.00098847	0.00040812
584	0.71518	0.28342	0.00099286	0.00039912
585	0.72692	0.27169	0.0010058	0.00038157
586	0.74652	0.2521	0.0010297	0.0003532
587	0.77678	0.22184	0.0010682	0.00031017
588	0.7896	0.20903	0.0010824	0.00029145
589	0.77469	0.22394	0.0010584	0.000311
590	0.76638	0.23226	0.0010436	0.00032134
591	0.76346	0.23518	0.0010364	0.00032421
592	0.76551	0.23314	0.001036	0.00032025
593	0.77507	0.22357	0.0010457	0.00030611
594	0.79469	0.20396	0.001069	0.00027845
595	0.82485	0.17381	0.0011064	0.0002366
596	0.86988	0.12878	0.0011639	0.00017477
597	0.93416	0.06451	0.0012472	8.7175e-05
598	0.96756	0.031114	0.0012881	4.19e-05
599	0.98508	0.01359	0.0013074	1.828e-05
600	0.9827	0.015975	0.0012999	2.1393e-05
601	0.97424	0.02444	0.0012844	3.2531e-05
602	0.95733	0.041356	0.0012578	5.4794e-05
603	0.94644	0.052247	0.0012393	6.8939e-05
604	0.92456	0.074139	0.0012064	9.7467e-05
605	0.91254	0.08616	0.0011865	0.00011293
606	0.90524	0.093461	0.001173	0.00012209
607	0.90344	0.095266	0.0011667	0.00012408
608	0.90528	0.093438	0.0011651	0.00012134
609	0.91068	0.08804	0.0011681	0.00011399
610	0.90922	0.089503	0.0011623	0.00011548
611	0.91256	0.086164	0.0011627	0.00011084
612	0.90944	0.089294	0.0011548	0.00011446
613	0.91117	0.087569	0.001153	0.0001119
614	0.91669	0.08205	0.0011561	0.00010453
615	0.9268	0.071943	0.001165	9.1384e-05
616	0.92945	0.069294	0.0011645	8.7703e-05
617	0.93546	0.063287	0.0011682	7.9805e-05
618	0.93657	0.062191	0.0011657	7.8134e-05
619	0.94067	0.058094	0.001167	7.2712e-05
620	0.95024	0.048525	0.0011749	6.0536e-05
621	0.95414	0.044633	0.0011758	5.5504e-05
622	0.94326	0.055511	0.0011584	6.8692e-05
623	0.93657	0.062205	0.0011463	7.6637e-05
624	0.93466	0.064122	0.00114	7.8708e-05
625	0.93698	0.061806	0.0011389	7.5618e-05
626	0.94277	0.056024	0.0011421	6.8317e-05
627	0.95285	0.045944	0.0011504	5.5824e-05
628	0.94941	0.049388	0.0011423	5.9775e-05
629	0.94869	0.050115	0.0011375	6.042e-05
630	0.95184	0.046963	0.0011374	5.6425e-05
631	0.95977	0.039036	0.0011429	4.6776e-05
632	0.95496	0.043854	0.0011332	5.2342e-05
633	0.95294	0.045881	0.0011269	5.4546e-05
634	0.95346	0.045361	0.0011236	5.3712e-05
635	0.95789	0.040934	0.0011249	4.8294e-05
636	0.96749	0.031342	0.0011322	3.6872e-05
637	0.97167	0.027162	0.0011331	3.1872e-05
638	0.97909	0.019752	0.0011377	2.3128e-05
639	0.99041	0.0084339	0.0011468	9.8809e-06
640	0.98788	0.010967	0.0011398	1.2803e-05
641	0.98161	0.017243	0.0011285	2.0031e-05
642	0.97791	0.020941	0.0011203	2.4226e-05
643	0.96864	0.03022	0.0011057	3.4776e-05
644	0.96312	0.03574	0.0010955	4.0941e-05
645	0.96142	0.037448	0.0010897	4.2743e-05
646	0.95571	0.043164	0.0010793	4.9094e-05
647	0.95314	0.045737	0.0010726	5.1832e-05
648	0.95422	0.044658	0.0010699	5.0453e-05
649	0.89728	0.1016	0.0010022	0.00011419
650	0.8643	0.13459	0.00096161	0.00015076
651	0.8425	0.1564	0.00093387	0.00017452
652	0.79147	0.20743	0.00087398	0.00023043
653	0.76228	0.23662	0.00083854	0.0002619
654	0.74343	0.25547	0.00081479	0.00028169
655	0.69758	0.30133	0.00076172	0.00033083
656	0.6717	0.32721	0.0007307	0.00035789
657	0.6554	0.34351	0.00071038	0.00037429
658	0.64863	0.35029	0.00070044	0.00038029
659	0.64705	0.35187	0.00069622	0.00038059
660	0.65096	0.34796	0.00069795	0.00037496
661	0.66037	0.33856	0.0007056	0.00036343
662	0.68055	0.31838	0.00072465	0.00034049
663	0.71724	0.2817	0.00076106	0.00030017
664	0.77181	0.22714	0.00081629	0.00024106
665	0.86446	0.13449	0.00091122	0.00014223
666	0.91275	0.086197	0.00095859	9.0939e-05
667	0.91709	0.081863	0.00095959	8.6049e-05
668	0.90067	0.098287	0.00093893	0.00010284
669	0.89011	0.10885	0.00092454	0.00011339
670	0.88606	0.1129	0.00091692	0.00011714
671	0.88738	0.11159	0.00091483	0.00011535
672	0.89434	0.10464	0.0009185	0.00010778
673	0.9061	0.092876	0.00092708	9.5321e-05
674	0.92782	0.071163	0.00094567	7.2841e-05
675	0.95934	0.039646	0.00097412	4.0512e-05
676	0.97437	0.024616	0.00098569	2.5101e-05
677	0.98071	0.01828	0.00098839	1.8584e-05
678	0.99088	0.0081119	0.00099495	8.2246e-06
679	0.99158	0.0074186	0.00099187	7.4957e-06
680	0.99068	0.0083235	0.00098721	8.3691e-06
681	0.99162	0.0073928	0.00098436	7.4123e-06
682	0.99079	0.0082198	0.00097979	8.2063e-06
683	0.99132	0.0076943	0.00097659	7.652e-06
684	0.99327	0.0057529	0.00097481	5.7014e-06
685	0.99686	0.0021626	0.00097466	2.1375e-06
686	0.99875	0.00027266	0.00097285	2.6887e-07
687	0.99895	7.8562e-05	0.00096938	7.7118e-08
688	0.9983	0.0007298	0.00096512	7.0918e-07
689	0.99714	0.0018946	0.00096039	1.8314e-06
690	0.99464	0.0044058	0.0009544	4.2355e-06
691	0.99348	0.0055638	0.00094976	5.3228e-06
692	0.99392	0.0051243	0.00094662	4.8842e-06
693	0.9957	0.0033553	0.00094477	3.1815e-06
694	0.9965	0.0025567	0.00094196	2.4136e-06
695	0.99661	0.002447	0.00093848	2.3024e-06
696	0.99617	0.0028886	0.00093446	2.7116e-06
697	0.99455	0.0045185	0.00092936	4.226e-06
698	0.99449	0.0045753	0.00092571	4.2671e-06
699	0.99336	0.0057143	0.00092109	5.3088e-06
700	0.99352	0.0055595	0.0009177	5.1419e-06
701	0.99539	0.0036933	0.00091586	3.4047e-06
702	0.99614	0.0029444	0.00091296	2.7089e-06
703	0.99595	0.0031335	0.00090923	2.8733e-06
704	0.99684	0.0022507	0.0009065	2.057e-06
705	0.99893	0.00016912	0.00090489	1.5462e-07
706	0.99795	0.0011488	0.0009005	1.0412e-06
707	0.99784	0.0012631	0.00089694	1.1399e-06
708	0.99858	0.00052831	0.00089415	4.7442e-07
709	0.91229	0.086819	0.00081361	7.7558e-05
710	0.8618	0.13731	0.00076541	0.00012227
711	0.82663	0.17249	0.00073124	0.00015298
712	0.75845	0.24067	0.00066806	0.00021268
713	0.71071	0.28841	0.00062345	0.00025383
714	0.68366	0.31547	0.00059723	0.00027657
715	0.62891	0.37022	0.00054689	0.00032342
716	0.59212	0.40701	0.00051268	0.00035416
717	0.56707	0.43207	0.00048895	0.00037443
718	0.55144	0.4477	0.00047358	0.00038637
719	0.54545	0.45369	0.00046653	0.00038996
720	0.54728	0.45187	0.00046616	0.00038687
721	0.53863	0.46052	0.00045683	0.00039272
722	0.53548	0.46368	0.00045226	0.00039383
723	0.53745	0.4617	0.00045208	0.00039057
724	0.54778	0.45138	0.00045885	0.00038034
725	0.56581	0.43335	0.00047204	0.00036371
726	0.59414	0.40503	0.00049375	0.00033858
727	0.63684	0.36233	0.0005273	0.00030162
728	0.71051	0.28867	0.00058613	0.00023938
729	0.81848	0.1807	0.00067295	0.00014916
730	0.87485	0.12433	0.00071645	0.00010225
731	0.88153	0.11766	0.0007189	9.637e-05
732	0.89306	0.10612	0.00072528	8.6572e-05
733	0.91084	0.088355	0.0007367	7.1762e-05
734	0.94216	0.057039	0.00075889	4.6163e-05
735	0.98704	0.012156	0.00079187	9.7932e-06
736	0.98801	0.011196	0.00078933	8.9715e-06
737	0.99136	0.0078487	0.00078865	6.2575e-06
738	0.99802	0.0011925	0.00079056	9.4795e-07
739	0.9976	0.0016152	0.00078685	1.2759e-06
740	0.99672	0.0024983	0.00078276	1.9651e-06
741	0.99706	0.0021618	0.00077961	1.6962e-06
742	0.99448	0.0047385	0.00077416	3.7107e-06
743	0.99329	0.0059323	0.00076982	4.6274e-06
744	0.99334	0.0058865	0.00076648	4.5736e-06
745	0.99208	0.0071567	0.00076215	5.532e-06
746	0.98883	0.010405	0.00075628	8.0071e-06
747	0.98733	0.011912	0.00075179	9.1238e-06
748	0.98312	0.016121	0.00074528	1.2279e-05
749	0.98101	0.018231	0.00074041	1.3813e-05
750	0.98144	0.017806	0.00073744	1.3432e-05
751	0.98386	0.015391	0.00073599	1.1554e-05
752	0.98955	0.0097084	0.00073694	7.262e-06
753	0.99861	0.00064819	0.00074039	4.8408e-07
754	0.99886	0.00039949	0.00073727	2.9691e-07
755	0.99905	0.00021987	0.00073412	1.6252e-07
756	0.99923	3.9726e-05	0.000731	2.9234e-08
757	0.99788	0.0013949	0.00072677	1.0174e-06
758	0.99749	0.0017859	0.00072327	1.2953e-06
759	0.9982	0.0010834	0.00072054	7.8297e-07
760	0.99726	0.0020199	0.00071662	1.4562e-06
761	0.99729	0.001992	0.00071341	1.4302e-06
762	0.99824	0.0010444	0.00071088	7.4693e-07
763	0.9974	0.0018955	0.00070708	1.3462e-06
764	0.99768	0.0016119	0.00070407	1.1407e-06
765	0.99894	0.00036163	0.00070177	2.5512e-07
766	0.99899	0.00031483	0.00069863	2.2063e-07
767	0.99825	0.0010533	0.00069493	7.3511e-07
768	0.99671	0.0026023	0.00069069	1.8056e-06
769	0.9965	0.0028111	0.00068736	1.9434e-06
770	0.99733	0.0019826	0.00068478	1.3649e-06
771	0.99764	0.0016771	0.00068181	1.1516e-06
772	0.9974	0.0019179	0.00067848	1.3114e-06
773	0.99645	0.002873	0.0006747	1.9534e-06
774	0.9965	0.002826	0.00067162	1.9109e-06
775	0.99788	0.0014469	0.00066941	9.7629e-07
776	0.99705	0.0022784	0.00066574	1.5288e-06
777	0.99721	0.0021273	0.00066274	1.42e-06
778	0.99831	0.0010247	0.0006604	6.7973e-07
779	0.99901	0.00033396	0.00065776	2.2069e-07
780	0.99883	0.00051424	0.00065456	3.373e-07
781	0.99861	0.00074152	0.00065132	4.8451e-07
782	0.99913	0.00022356	0.00064858	1.4516e-07
783	0.99909	0.00026101	0.00064546	1.6887e-07
784	0.99819	0.0011716	0.00064181	7.5297e-07
785	0.99828	0.0010777	0.00063878	6.9015e-07
786	0.99919	0.0001723	0.00063628	1.0962e-07
787	0.99935	1.5308e-05	0.00063329	9.7319e-09
788	0.99901	0.00036269	0.00063	2.2929e-07
789	0.99931	6.0502e-05	0.00062714	3.8095e-08
790	0.99906	0.00031932	0.00062391	2.0077e-07
791	0.99875	0.00062425	0.00062067	3.9098e-07
792	0.99822	0.0011655	0.0006173	7.2628e-07
793	0.99708	0.0023046	0.00061359	1.4274e-06
794	0.99696	0.002424	0.00061053	1.4938e-06
795	0.9978	0.0015922	0.00060808	9.7703e-07
796	0.99816	0.0012362	0.0006053	7.5711e-07
797	0.9981	0.0012991	0.0006023	7.9306e-07
798	0.99756	0.0018434	0.00059901	1.1198e-06
799	0.9917	0.0077059	0.00059255	4.6436e-06
800	0.97981	0.0196	0.00058254	1.1733e-05
801	0.95515	0.044258	0.00056505	2.6318e-05
802	0.89899	0.10042	0.00052918	5.9302e-05
803	0.86647	0.13295	0.00050745	7.8132e-05
804	0.84499	0.15443	0.00049241	9.0285e-05
805	0.83147	0.16795	0.00048215	9.7671e-05
806	0.8259	0.17353	0.00047654	0.00010041
807	0.8266	0.17282	0.00047453	9.951e-05
808	0.83378	0.16565	0.00047619	9.4934e-05
809	0.84939	0.15004	0.00048257	8.5626e-05
810	0.87374	0.12569	0.00049382	7.1456e-05
811	0.87179	0.12765	0.00049012	7.2232e-05
812	0.87542	0.12402	0.00048953	6.9871e-05
813	0.88328	0.11617	0.0004913	6.5173e-05
814	0.88287	0.11658	0.00048846	6.509e-05
815	0.88643	0.11302	0.00048785	6.2803e-05
816	0.89448	0.10498	0.00048971	5.8061e-05
817	0.88138	0.11808	0.00047998	6.4928e-05
818	0.87563	0.12383	0.00047429	6.773e-05
819	0.87381	0.12565	0.00047079	6.8361e-05
820	0.86494	0.13452	0.00046347	7.2795e-05
821	0.86089	0.13857	0.00045882	7.4579e-05
822	0.86076	0.13871	0.0004563	7.4245e-05
823	0.85147	0.148	0.00044896	7.8748e-05
824	0.84886	0.15062	0.00044516	7.9697e-05
825	0.85021	0.14927	0.00044347	7.8545e-05
826	0.85794	0.14155	0.00044507	7.4088e-05
827	0.87423	0.12525	0.00045103	6.5251e-05
828	0.89855	0.10094	0.00046107	5.2355e-05
829	0.90813	0.091356	0.00046345	4.7142e-05
830	0.92319	0.076298	0.00046859	3.9169e-05
831	0.94554	0.053951	0.0004774	2.755e-05
832	0.95484	0.044653	0.00047949	2.2666e-05
833	0.95862	0.040885	0.00047871	2.0631e-05
834	0.9655	0.033999	0.00047949	1.7051e-05
835	0.97869	0.020812	0.00048334	1.038e-05
836	0.9844	0.015107	0.00048344	7.4853e-06
837	0.99519	0.0043265	0.00048598	2.1319e-06
838	0.99421	0.0053067	0.00048268	2.5957e-06
839	0.99479	0.0047252	0.00048013	2.3003e-06
840	0.99418	0.0053418	0.00047701	2.5841e-06
841	0.99481	0.0047113	0.00047452	2.2657e-06
842	0.9967	0.0028283	0.00047263	1.3527e-06
843	0.99731	0.0022178	0.00047014	1.0531e-06
844	0.99498	0.0045494	0.00046625	2.1422e-06
845	0.99437	0.0051661	0.00046316	2.4197e-06
846	0.99499	0.004549	0.00046066	2.1193e-06
847	0.99438	0.0051647	0.0004576	2.3901e-06
848	0.99259	0.0069551	0.00045398	3.1993e-06
849	0.99216	0.0073858	0.00045102	3.3765e-06
850	0.99304	0.0065084	0.00044866	2.9569e-06
851	0.99533	0.0042176	0.00044695	1.9032e-06
852	0.99932	0.00023802	0.00044601	1.0201e-07
853	0.99948	7.1819e-05	0.00044332	2.2073e-08
854	0.99702	0.0025368	0.00044553	1.131e-06
855	0.9799	0.019647	0.00044112	8.8703e-06
856	0.9683	0.03125	0.00043913	1.4207e-05
857	0.96231	0.037236	0.00043961	1.7059e-05
858	0.9592	0.040343	0.0004414	1.8617e-05
859	0.95961	0.039926	0.00044478	1.8564e-05
860	0.9625	0.03703	0.00044934	1.7346e-05
861	0.96822	0.031307	0.00045528	1.477e-05
862	0.97942	0.020111	0.00046383	9.5677e-06
863	0.99651	0.0030114	0.00047531	1.4532e-06
864	0.99652	0.0029954	0.00047869	1.4567e-06
865	0.99153	0.0079818	0.00047966	3.895e-06
866	0.98873	0.010783	0.00048168	5.2932e-06
867	0.98771	0.011801	0.00048458	5.83e-06
868	0.98832	0.011183	0.00048831	5.56e-06
869	0.99125	0.0082485	0.00049318	4.133e-06
870	0.99241	0.0070927	0.00049716	3.5833e-06
871	0.99228	0.0072194	0.00050047	3.6783e-06
872	0.99034	0.009149	0.00050288	4.694e-06
873	0.98989	0.0095967	0.00050606	4.9591e-06
874	0.99087	0.0086163	0.00051	4.4867e-06
875	0.99047	0.0090123	0.0005132	4.7288e-06
876	0.99156	0.0079147	0.00051721	4.1882e-06
877	0.99431	0.0051658	0.00052212	2.7654e-06
878	0.99521	0.0042598	0.00052609	2.3037e-06
879	0.9832	0.016269	0.00052311	8.802e-06
880	0.97675	0.022711	0.00052305	1.2374e-05
881	0.97322	0.026245	0.00052455	1.4397e-05
882	0.97208	0.027378	0.00052737	1.5126e-05
883	0.97302	0.026432	0.00053135	1.4714e-05
884	0.97031	0.029143	0.00053333	1.6322e-05
885	0.96981	0.02964	0.00053655	1.6709e-05
886	0.95103	0.048414	0.00052952	2.7367e-05
887	0.90819	0.091248	0.00050882	5.1721e-05
888	0.8142	0.18523	0.00045887	0.00010533
889	0.6007	0.39873	0.00034031	0.00022758
890	0.45436	0.54507	0.00025885	0.00031275
891	0.35412	0.6453	0.00020297	0.00037235
892	0.29532	0.7041	0.00017023	0.0004088
893	0.25538	0.74403	0.0001481	0.00043465
894	0.22759	0.77183	0.00013282	0.00045366
895	0.17132	0.82809	0.00010053	0.00048969
896	0.13155	0.86786	7.7641e-05	0.00051631
897	0.10847	0.89093	6.4361e-05	0.00053332
898	0.095519	0.90388	5.6969e-05	0.00054442
899	0.087335	0.91206	5.2379e-05	0.00055274
900	0.082433	0.91696	4.9733e-05	0.00055913
901	0.080224	0.91916	4.8703e-05	0.00056391
902	0.081922	0.91746	5.0044e-05	0.00056631
903	0.087927	0.91145	5.4042e-05	0.00056604
904	0.072461	0.92692	4.475e-05	0.00057908
905	0.062208	0.93716	3.8621e-05	0.00058896
906	0.05706	0.94231	3.5608e-05	0.00059572
907	0.054252	0.94511	3.4046e-05	0.00060104
908	0.054671	0.94469	3.4502e-05	0.00060433
909	0.057303	0.94205	3.6384e-05	0.00060621
910	0.06225	0.9371	3.9783e-05	0.00060658
911	0.070455	0.92889	4.5344e-05	0.00060481
912	0.083101	0.91624	5.3883e-05	0.00060006
913	0.075959	0.92338	4.9555e-05	0.0006082
914	0.071768	0.92757	4.7123e-05	0.00061445
915	0.071426	0.92791	4.7195e-05	0.00061819
916	0.074836	0.92449	4.9757e-05	0.00061943
917	0.081018	0.91831	5.4222e-05	0.00061877
918	0.093098	0.90623	6.2709e-05	0.00061409
919	0.0956	0.90372	6.4789e-05	0.00061582
920	0.10138	0.89794	6.9148e-05	0.00061529
921	0.11328	0.88604	7.7755e-05	0.00061051
922	0.1308	0.86851	9.0384e-05	0.00060171
923	0.16148	0.83783	0.0001123	0.00058361
924	0.21359	0.78571	0.00014941	0.00055031
925	0.23914	0.76015	0.00016818	0.00053535
926	0.27721	0.72208	0.00019605	0.00051129
927	0.34206	0.65723	0.00024318	0.00046796
928	0.45153	0.54776	0.00032253	0.0003924
929	0.61127	0.38801	0.00043902	0.00027972
930	0.67769	0.32159	0.00048944	0.00023313
931	0.79106	0.20821	0.00057436	0.00015202
932	0.84245	0.15681	0.00061501	0.00011521
933	0.91567	0.083592	0.00067223	6.1846e-05
934	0.92431	0.074953	0.0006822	5.5752e-05
935	0.93847	0.060784	0.00069641	4.5442e-05
936	0.96366	0.035599	0.00071895	2.6782e-05
937	0.96614	0.033115	0.00072454	2.5053e-05
938	0.96475	0.034498	0.00072726	2.6224e-05
939	0.9666	0.032647	0.0007324	2.4955e-05
940	0.96528	0.033962	0.0007351	2.6103e-05
941	0.96639	0.032845	0.0007397	2.5383e-05
942	0.96989	0.029338	0.00074618	2.28e-05
943	0.96943	0.029796	0.00074963	2.3266e-05
944	0.96564	0.033582	0.00075045	2.6344e-05
945	0.96524	0.033977	0.00075388	2.6799e-05
946	0.96712	0.032098	0.00075913	2.5457e-05
947	0.96514	0.034072	0.00076136	2.7149e-05
948	0.96562	0.033592	0.00076557	2.6894e-05
949	0.96842	0.030782	0.00077168	2.4761e-05
950	0.97533	0.023872	0.00078109	1.9314e-05
951	0.98603	0.013167	0.00079366	1.0725e-05
952	0.99058	0.0086093	0.00080134	7.0531e-06
953	0.99802	0.0011647	0.00081145	9.6627e-07
954	0.99776	0.0014255	0.00081529	1.1853e-06
955	0.99368	0.0055018	0.000816	4.5647e-06
956	0.99146	0.0077148	0.00081825	6.4255e-06
957	0.99079	0.008383	0.0008218	7.0135e-06
958	0.95914	0.040031	0.00079933	3.3597e-05
959	0.88776	0.1114	0.00074327	9.3802e-05
960	0.83764	0.16152	0.00070469	0.00013655
961	0.80276	0.19639	0.00067869	0.00016673
962	0.78342	0.21573	0.00066556	0.00018404
