#coord	neutral	conserved	gBGC.neutral	gBGC.conserved
1	0.78146	0.21789	0.00049261	0.00015476
2	0.78932	0.21004	0.00049607	0.00014972
3	0.80296	0.19639	0.00050329	0.00014095
4	0.82879	0.17057	0.00051813	0.00012456
5	0.87413	0.12523	0.00054501	9.6094e-05
6	0.95123	0.048131	0.00059132	4.8182e-05
7	0.9613	0.038069	0.00059497	3.7475e-05
8	0.97649	0.022885	0.00060325	2.2206e-05
9	0.99863	0.00075276	0.00061781	7.2717e-07
10	0.9986	0.00078582	0.00061107	6.4058e-07
11	0.9983	0.0010948	0.00060417	7.7876e-07
12	0.99877	0.0006292	0.00059783	4.2869e-07
13	0.99803	0.0013807	0.00059079	8.6332e-07
14	0.99815	0.001265	0.00058435	7.7199e-07
15	0.99911	0.00030722	0.00057848	1.8531e-07
16	0.99911	0.00031934	0.00057209	1.875e-07
17	0.9991	0.00033398	0.00056577	1.9269e-07
18	0.99907	0.00037175	0.0005595	2.1175e-07
19	0.99781	0.0016329	0.00055262	9.1337e-07
20	0.99771	0.0017435	0.00054636	9.6933e-07
21	0.99693	0.002527	0.00053979	1.3911e-06
22	0.9952	0.004266	0.00053279	2.3184e-06
23	0.99474	0.0047357	0.00052657	2.5438e-06
24	0.99257	0.0069107	0.00051952	3.6587e-06
25	0.99181	0.0076725	0.00051329	4.0085e-06
26	0.99246	0.0070284	0.00050787	3.6219e-06
27	0.99507	0.00442	0.00050341	2.2501e-06
28	0.99631	0.0031946	0.00049818	1.61e-06
29	0.99883	0.0006762	0.00049364	3.3838e-07
30	0.99807	0.0014394	0.00048742	7.1264e-07
31	0.9967	0.0028216	0.00048088	1.3859e-06
32	0.99637	0.0031542	0.00047491	1.5353e-06
33	0.99705	0.002477	0.0004695	1.1996e-06
34	0.99683	0.002709	0.00046371	1.3e-06
35	0.99227	0.0072664	0.00045596	3.4246e-06
36	0.98965	0.0098944	0.00044922	4.6016e-06
37	0.96969	0.029859	0.00043451	1.3707e-05
38	0.95658	0.042979	0.00042322	1.9466e-05
39	0.94808	0.051478	0.00041421	2.3008e-05
40	0.94319	0.056379	0.00040693	2.4871e-05
41	0.94153	0.058039	0.00040117	2.5274e-05
42	0.94265	0.056924	0.00039667	2.4471e-05
43	0.93817	0.061415	0.00038988	2.6022e-05
44	0.92712	0.072471	0.00038037	3.0253e-05
45	0.92045	0.079141	0.00037284	3.2566e-05
46	0.91737	0.082226	0.00036688	3.3358e-05
47	0.88193	0.11767	0.00034811	4.6935e-05
48	0.86177	0.13784	0.0003356	5.4216e-05
49	0.81366	0.18596	0.00031263	7.2014e-05
50	0.70684	0.29278	0.0002681	0.00011143
51	0.6438	0.35583	0.00024087	0.00013352
52	0.59975	0.39988	0.0002214	0.0001479
53	0.5694	0.43024	0.00020743	0.00015682
54	0.55318	0.44646	0.00019876	0.00016042
55	0.51565	0.48399	0.00018284	0.00017133
56	0.49482	0.50483	0.00017302	0.0001761
57	0.48233	0.51733	0.00016633	0.0001778
58	0.45339	0.54627	0.00015417	0.00018494
59	0.39457	0.6051	0.00013229	0.00020179
60	0.3604	0.63927	0.00011903	0.00021
61	0.33705	0.66262	0.00010969	0.00021433
62	0.32172	0.67796	0.00010318	0.00021587
63	0.31545	0.68424	9.9622e-05	0.00021444
64	0.31634	0.68335	9.8321e-05	0.00021074
65	0.32463	0.67506	9.924e-05	0.0002048
66	0.33956	0.66015	0.00010211	0.00019696
67	0.36768	0.63203	0.00010867	0.0001854
68	0.4098	0.58991	0.00011909	0.00017003
69	0.40913	0.59058	0.00011686	0.0001673
70	0.398	0.60172	0.00011168	0.00016749
71	0.39514	0.60459	0.00010886	0.00016531
72	0.39977	0.59996	0.00010806	0.0001611
73	0.40992	0.58982	0.0001087	0.00015547
74	0.43116	0.56858	0.00011207	0.0001471
75	0.46377	0.53597	0.00011816	0.00013606
76	0.47453	0.52522	0.00011855	0.00013076
77	0.49683	0.50292	0.00012162	0.00012276
78	0.53103	0.46873	0.00012737	0.00011212
79	0.52694	0.47283	0.00012378	0.00011081
80	0.528	0.47177	0.00012145	0.00010827
81	0.53433	0.46545	0.00012034	0.00010456
82	0.54669	0.45309	0.00012054	9.9567e-05
83	0.57144	0.42834	0.00012327	9.2035e-05
84	0.60782	0.39197	0.00012828	8.2261e-05
85	0.62501	0.37478	0.00012894	7.6826e-05
86	0.65709	0.34271	0.00013238	6.8577e-05
87	0.71269	0.28711	0.00014007	5.6059e-05
88	0.79188	0.20792	0.00015183	3.9521e-05
89	0.83291	0.16691	0.00015565	3.0895e-05
90	0.90294	0.096882	0.00016426	1.7455e-05
91	0.91215	0.087673	0.00016147	1.5382e-05
92	0.91364	0.086183	0.00015734	1.4711e-05
93	0.90975	0.090079	0.00015226	1.4956e-05
94	0.90924	0.090598	0.00014782	1.4613e-05
95	0.91204	0.087802	0.00014396	1.3741e-05
96	0.92042	0.07943	0.00014089	1.2049e-05
97	0.93378	0.066076	0.00013853	9.6932e-06
98	0.95771	0.042145	0.00013752	5.9592e-06
99	0.99881	0.0010511	0.00013861	1.0081e-07
100	0.98505	0.014812	0.00013633	2.034e-06
101	0.97751	0.022353	0.00013491	3.0923e-06
102	0.97405	0.025815	0.00013405	3.579e-06
103	0.97296	0.026898	0.00013353	3.7303e-06
104	0.97481	0.025055	0.00013341	3.4815e-06
105	0.97916	0.020705	0.00013364	2.8891e-06
106	0.97407	0.025793	0.00013258	3.5979e-06
107	0.96195	0.037912	0.00013055	5.2766e-06
108	0.95415	0.045717	0.00012915	6.3454e-06
109	0.951	0.048864	0.00012837	6.7728e-06
110	0.94107	0.058794	0.00012668	8.1266e-06
111	0.91692	0.08295	0.00012306	1.1414e-05
112	0.74153	0.25833	9.8923e-05	3.523e-05
113	0.62147	0.3784	8.2476e-05	5.1363e-05
114	0.53671	0.46316	7.091e-05	6.2619e-05
115	0.47707	0.5228	6.2796e-05	7.0431e-05
116	0.4428	0.55707	5.8068e-05	7.4848e-05
117	0.42417	0.5757	5.5426e-05	7.7173e-05
118	0.41325	0.58661	5.3836e-05	7.845e-05
119	0.41074	0.58912	5.3351e-05	7.8616e-05
120	0.41593	0.58394	5.3863e-05	7.7777e-05
121	0.42676	0.57311	5.5119e-05	7.62e-05
122	0.42481	0.57506	5.4713e-05	7.629e-05
123	0.42785	0.57202	5.4967e-05	7.5724e-05
124	0.42109	0.57878	5.3931e-05	7.6442e-05
125	0.41949	0.58038	5.3581e-05	7.6478e-05
126	0.42287	0.577	5.3886e-05	7.5864e-05
127	0.41357	0.5863	5.2562e-05	7.6885e-05
128	0.38994	0.60993	4.938e-05	7.9756e-05
129	0.37797	0.6219	4.7701e-05	8.1117e-05
130	0.34756	0.65231	4.3672e-05	8.4833e-05
131	0.32776	0.67211	4.1036e-05	8.7161e-05
132	0.27826	0.72161	3.4659e-05	9.3235e-05
133	0.24361	0.75626	3.0209e-05	9.7386e-05
134	0.224	0.77588	2.7657e-05	9.9632e-05
135	0.21169	0.78819	2.6047e-05	0.00010094
136	0.17862	0.82125	2.1862e-05	0.00010483
137	0.15989	0.83999	1.9468e-05	0.00010692
138	0.14788	0.85199	1.7931e-05	0.00010816
139	0.14089	0.85899	1.7028e-05	0.00010877
140	0.13788	0.86199	1.6627e-05	0.00010888
141	0.13845	0.86143	1.6672e-05	0.00010855
142	0.14266	0.85722	1.7171e-05	0.00010777
143	0.15112	0.84876	1.8201e-05	0.00010646
144	0.16425	0.83562	1.9804e-05	0.00010458
145	0.18774	0.81213	2.2682e-05	0.00010141
146	0.19522	0.80466	2.3566e-05	0.00010024
147	0.20771	0.79217	2.5072e-05	9.8451e-05
148	0.23118	0.7687	2.7912e-05	9.5321e-05
149	0.26508	0.7348	3.2041e-05	9.0906e-05
150	0.28036	0.71952	3.3845e-05	8.8809e-05
151	0.2845	0.71537	3.4269e-05	8.8085e-05
152	0.29358	0.70629	3.5301e-05	8.6758e-05
153	0.31248	0.68739	3.7507e-05	8.4249e-05
154	0.31697	0.68291	3.7968e-05	8.3491e-05
155	0.32988	0.67	3.9432e-05	8.1723e-05
156	0.35084	0.64904	4.1873e-05	7.8983e-05
157	0.38286	0.61702	4.5659e-05	7.4904e-05
158	0.43859	0.56129	5.2262e-05	6.8e-05
159	0.52043	0.47945	6.2015e-05	5.7951e-05
160	0.56168	0.4382	6.6807e-05	5.2856e-05
161	0.57769	0.42219	6.8569e-05	5.0797e-05
162	0.55992	0.43996	6.6312e-05	5.2763e-05
163	0.54922	0.45066	6.4912e-05	5.3877e-05
164	0.54694	0.45294	6.4499e-05	5.3996e-05
165	0.55245	0.44743	6.4997e-05	5.3196e-05
166	0.56727	0.43262	6.6578e-05	5.1306e-05
167	0.59123	0.40865	6.9246e-05	4.8334e-05
168	0.60101	0.39887	7.0214e-05	4.7056e-05
169	0.57241	0.42747	6.6705e-05	5.026e-05
170	0.51407	0.48581	5.9726e-05	5.6925e-05
171	0.40145	0.59843	4.6419e-05	6.9913e-05
172	0.32441	0.67548	3.7366e-05	7.865e-05
173	0.27905	0.72084	3.1999e-05	8.3696e-05
174	0.25289	0.74699	2.8866e-05	8.6501e-05
175	0.2359	0.76399	2.6821e-05	8.8221e-05
176	0.19969	0.80019	2.2562e-05	9.2151e-05
177	0.17533	0.82456	1.9703e-05	9.4683e-05
178	0.15931	0.84058	1.7823e-05	9.6242e-05
179	0.14932	0.85057	1.6644e-05	9.7103e-05
180	0.14354	0.85634	1.5952e-05	9.748e-05
181	0.14311	0.85678	1.5856e-05	9.7256e-05
182	0.1479	0.85199	1.6336e-05	9.6449e-05
183	0.15713	0.84276	1.7314e-05	9.5149e-05
184	0.17509	0.8248	1.9245e-05	9.289e-05
185	0.16594	0.83395	1.8168e-05	9.3642e-05
186	0.16137	0.83852	1.7612e-05	9.3878e-05
187	0.16237	0.83752	1.7664e-05	9.3499e-05
188	0.16695	0.83293	1.8116e-05	9.2724e-05
189	0.17842	0.82147	1.931e-05	9.1201e-05
190	0.17897	0.82092	1.931e-05	9.0874e-05
191	0.17134	0.82855	1.8411e-05	9.1441e-05
192	0.16772	0.83217	1.7959e-05	9.1564e-05
193	0.16767	0.83222	1.7902e-05	9.1296e-05
194	0.17339	0.8265	1.8459e-05	9.0407e-05
195	0.1865	0.81339	1.9796e-05	8.8732e-05
196	0.18986	0.81003	2.0075e-05	8.8109e-05
197	0.19735	0.80254	2.0797e-05	8.7046e-05
198	0.20988	0.79001	2.2057e-05	8.5449e-05
199	0.22896	0.77093	2.4011e-05	8.3161e-05
200	0.26297	0.73693	2.7513e-05	7.9319e-05
201	0.31316	0.68673	3.2717e-05	7.3779e-05
202	0.33401	0.66589	3.4815e-05	7.135e-05
203	0.36582	0.63407	3.8071e-05	6.7766e-05
204	0.41161	0.58829	4.2802e-05	6.2713e-05
205	0.47906	0.52083	4.9822e-05	5.5375e-05
206	0.57472	0.42518	5.9822e-05	4.5061e-05
207	0.73596	0.26394	7.6623e-05	2.7939e-05
208	0.97123	0.028666	0.00010121	3.0389e-06
209	0.97311	0.026782	0.00010109	2.8325e-06
210	0.96209	0.037806	9.9633e-05	3.9725e-06
211	0.72115	0.27874	7.4189e-05	2.9089e-05
212	0.55058	0.44932	5.6294e-05	4.6663e-05
213	0.42987	0.57003	4.3708e-05	5.8932e-05
214	0.34453	0.65537	3.4861e-05	6.7466e-05
215	0.29419	0.70571	2.9607e-05	7.2401e-05
216	0.25896	0.74094	2.594e-05	7.5752e-05
217	0.2346	0.7653	2.3406e-05	7.7973e-05
218	0.22154	0.77836	2.2013e-05	7.9047e-05
219	0.21423	0.78567	2.1212e-05	7.9533e-05
220	0.19175	0.80815	1.8915e-05	8.1518e-05
221	0.13933	0.86057	1.3689e-05	8.6437e-05
222	0.10837	0.89153	1.0591e-05	8.9221e-05
223	0.086596	0.9133	8.4253e-06	9.1076e-05
224	0.074157	0.92574	7.1782e-06	9.2007e-05
225	0.065784	0.93412	6.3407e-06	9.253e-05
226	0.060471	0.93943	5.8091e-06	9.275e-05
227	0.058919	0.94098	5.6408e-06	9.2601e-05
228	0.060627	0.93928	5.785e-06	9.2134e-05
229	0.057084	0.94282	5.4176e-06	9.2173e-05
230	0.055894	0.94401	5.2816e-06	9.1984e-05
231	0.056662	0.94324	5.3361e-06	9.1606e-05
232	0.0609	0.939	5.7163e-06	9.0897e-05
233	0.068179	0.93172	6.3852e-06	8.9903e-05
234	0.079109	0.9208	7.399e-06	8.8566e-05
235	0.095589	0.90431	8.9375e-06	8.6707e-05
236	0.12395	0.87595	1.1576e-05	8.3743e-05
237	0.16549	0.83442	1.5449e-05	7.9547e-05
238	0.23558	0.76432	2.1949e-05	7.2718e-05
239	0.33781	0.6621	3.1442e-05	6.2901e-05
240	0.35018	0.64972	3.2473e-05	6.1538e-05
241	0.37425	0.62566	3.4566e-05	5.9107e-05
242	0.41068	0.58923	3.7799e-05	5.5541e-05
243	0.46294	0.53697	4.2484e-05	5.0525e-05
244	0.48407	0.51584	4.4284e-05	4.8399e-05
245	0.52238	0.47753	4.7629e-05	4.472e-05
246	0.57924	0.42067	5.2671e-05	3.9349e-05
247	0.60775	0.39215	5.5067e-05	3.6618e-05
248	0.65072	0.34919	5.8776e-05	3.2577e-05
249	0.64843	0.35148	5.8349e-05	3.2678e-05
250	0.63459	0.36532	5.6855e-05	3.3838e-05
251	0.62751	0.3724	5.5997e-05	3.4367e-05
252	0.62571	0.3742	5.563e-05	3.4411e-05
253	0.63158	0.36833	5.5942e-05	3.3766e-05
254	0.64393	0.35598	5.6842e-05	3.2539e-05
255	0.66454	0.33537	5.8485e-05	3.0575e-05
256	0.67039	0.32952	5.8784e-05	2.9947e-05
257	0.68261	0.3173	5.9656e-05	2.875e-05
258	0.70299	0.29692	6.1256e-05	2.6831e-05
259	0.70827	0.29164	6.1514e-05	2.6259e-05
260	0.71913	0.28078	6.2271e-05	2.5192e-05
261	0.74101	0.2589	6.398e-05	2.3166e-05
262	0.77449	0.22542	6.6714e-05	2.012e-05
263	0.82439	0.17552	7.0896e-05	1.5632e-05
264	0.9092	0.090714	7.8085e-05	8.1278e-06
265	0.91984	0.080071	7.8742e-05	7.1626e-06
266	0.92366	0.076253	7.8783e-05	6.8045e-06
267	0.93118	0.06874	7.915e-05	6.1251e-06
268	0.92171	0.078208	7.805e-05	6.9195e-06
269	0.91633	0.083581	7.7316e-05	7.3532e-06
270	0.91441	0.085502	7.6888e-05	7.4861e-06
271	0.91598	0.083934	7.6767e-05	7.3175e-06
272	0.8923	0.10761	7.4524e-05	9.2767e-06
273	0.8794	0.12051	7.3182e-05	1.0325e-05
274	0.87167	0.12825	7.229e-05	1.093e-05
275	0.87004	0.12987	7.1901e-05	1.1023e-05
276	0.87407	0.12585	7.1973e-05	1.0647e-05
277	0.88282	0.1171	7.2445e-05	9.876e-06
278	0.87167	0.12825	7.1249e-05	1.0765e-05
279	0.86537	0.13455	7.0469e-05	1.1243e-05
280	0.86494	0.13498	7.0163e-05	1.1238e-05
281	0.8687	0.13122	7.021e-05	1.0887e-05
282	0.87719	0.12273	7.0649e-05	1.0148e-05
283	0.87729	0.12263	7.0409e-05	1.0094e-05
284	0.87062	0.1293	6.961e-05	1.0592e-05
285	0.86804	0.13188	6.9152e-05	1.0753e-05
286	0.87111	0.12881	6.9137e-05	1.0462e-05
287	0.8807	0.11922	6.963e-05	9.6553e-06
288	0.89953	0.10039	7.0839e-05	8.125e-06
289	0.87858	0.12134	6.8855e-05	9.7783e-06
290	0.86475	0.13517	6.7464e-05	1.0844e-05
291	0.8568	0.14312	6.6557e-05	1.1431e-05
292	0.85325	0.14668	6.6008e-05	1.1665e-05
293	0.85557	0.14435	6.5909e-05	1.144e-05
294	0.8625	0.13742	6.6175e-05	1.0856e-05
295	0.87502	0.1249	6.688e-05	9.8384e-06
296	0.87794	0.12199	6.6842e-05	9.5696e-06
297	0.88492	0.115	6.7123e-05	8.9854e-06
298	0.89963	0.10029	6.7983e-05	7.8149e-06
299	0.92166	0.078268	6.9405e-05	6.0865e-06
300	0.95471	0.045213	7.1675e-05	3.5156e-06
301	0.94862	0.0513	7.0938e-05	3.9571e-06
302	0.94694	0.05299	7.0525e-05	4.0661e-06
303	0.94814	0.051783	7.0338e-05	3.9544e-06
304	0.94524	0.054685	6.9832e-05	4.1535e-06
305	0.94532	0.054603	6.9557e-05	4.1267e-06
306	0.94947	0.050454	6.9574e-05	3.7999e-06
307	0.94837	0.05156	6.9206e-05	3.8632e-06
308	0.94991	0.050014	6.9039e-05	3.7291e-06
309	0.95577	0.044153	6.9178e-05	3.2811e-06
310	0.95622	0.043707	6.8924e-05	3.2317e-06
311	0.95195	0.047973	6.8334e-05	3.5225e-06
312	0.9516	0.048333	6.8018e-05	3.531e-06
313	0.94584	0.054091	6.7323e-05	3.9247e-06
314	0.94447	0.055456	6.6934e-05	4.0035e-06
315	0.94606	0.053874	6.6763e-05	3.8698e-06
316	0.95081	0.049116	6.6825e-05	3.5091e-06
317	0.96112	0.03881	6.7266e-05	2.7602e-06
318	0.97665	0.023284	6.8079e-05	1.6444e-06
319	0.97126	0.028669	6.7403e-05	2.009e-06
320	0.96867	0.031259	6.693e-05	2.1754e-06
321	0.96924	0.030696	6.6667e-05	2.1242e-06
322	0.95388	0.046056	6.5325e-05	3.1572e-06
323	0.94578	0.054148	6.4474e-05	3.6909e-06
324	0.92566	0.074277	6.2825e-05	5.0269e-06
325	0.91486	0.085076	6.1802e-05	5.7279e-06
326	0.91032	0.089613	6.1196e-05	6.0045e-06
327	0.91069	0.089243	6.0911e-05	5.9521e-06
328	0.88069	0.11924	5.8616e-05	7.9146e-06
329	0.86095	0.13898	5.703e-05	9.1729e-06
330	0.84811	0.15183	5.5917e-05	9.9625e-06
331	0.84287	0.15706	5.5299e-05	1.025e-05
332	0.84377	0.15616	5.5072e-05	1.0137e-05
333	0.85096	0.14898	5.5242e-05	9.6199e-06
334	0.86391	0.13603	5.5787e-05	8.7321e-06
335	0.88816	0.11178	5.7035e-05	7.1338e-06
336	0.93025	0.069691	5.9383e-05	4.4277e-06
337	0.9492	0.05074	6.023e-05	3.2139e-06
338	0.94875	0.05119	5.9856e-05	3.2264e-06
339	0.95218	0.047753	5.9716e-05	2.9966e-06
340	0.95069	0.049252	5.9272e-05	3.0751e-06
341	0.95294	0.047001	5.9052e-05	2.9213e-06
342	0.95809	0.041853	5.9015e-05	2.5893e-06
343	0.95922	0.040721	5.8718e-05	2.508e-06
344	0.96315	0.036785	5.8599e-05	2.2552e-06
345	0.9719	0.02804	5.8756e-05	1.7171e-06
346	0.96969	0.030251	5.8239e-05	1.8457e-06
347	0.96207	0.037868	5.74e-05	2.2996e-06
348	0.95768	0.042257	5.6767e-05	2.5517e-06
349	0.956	0.043946	5.6305e-05	2.6381e-06
350	0.95788	0.042061	5.6045e-05	2.5137e-06
351	0.96249	0.037448	5.5949e-05	2.2296e-06
352	0.9624	0.037538	5.558e-05	2.2222e-06
353	0.9647	0.035247	5.5356e-05	2.0755e-06
354	0.97098	0.028962	5.5349e-05	1.7021e-06
355	0.96597	0.033977	5.4694e-05	1.9815e-06
356	0.96379	0.036157	5.4211e-05	2.0939e-06
357	0.96413	0.035816	5.3878e-05	2.0607e-06
358	0.96	0.039947	5.3299e-05	2.2784e-06
359	0.94743	0.052513	5.2259e-05	2.9606e-06
360	0.93943	0.060513	5.1487e-05	3.3798e-06
361	0.93644	0.063504	5.0984e-05	3.5206e-06
362	0.93661	0.063336	5.0662e-05	3.4856e-06
363	0.93996	0.059987	5.0519e-05	3.2764e-06
364	0.94844	0.051509	5.0641e-05	2.7941e-06
365	0.96163	0.038316	5.1017e-05	2.0617e-06
366	0.98513	0.014815	5.1922e-05	7.9156e-07
367	0.98364	0.016304	5.1477e-05	8.6388e-07
368	0.98389	0.016059	5.1128e-05	8.4385e-07
369	0.98665	0.013302	5.0901e-05	6.944e-07
370	0.98731	0.012635	5.0554e-05	6.5556e-07
371	0.98978	0.010165	5.0305e-05	5.2431e-07
372	0.99045	0.0094968	4.9967e-05	4.8603e-07
373	0.99277	0.0071825	4.9718e-05	3.6452e-07
374	0.99783	0.0021224	4.9595e-05	1.0795e-07
375	0.99627	0.0036833	4.9143e-05	1.8498e-07
376	0.99591	0.0040446	4.8756e-05	2.0133e-07
377	0.99669	0.0032583	4.843e-05	1.6094e-07
378	0.99641	0.003539	4.8044e-05	1.7354e-07
379	0.99494	0.0050151	4.7604e-05	2.4343e-07
380	0.98359	0.016362	4.6682e-05	7.8709e-07
381	0.97612	0.023833	4.5958e-05	1.136e-06
382	0.96155	0.038399	4.4895e-05	1.8165e-06
383	0.95386	0.04609	4.4155e-05	2.1653e-06
384	0.94978	0.050178	4.3595e-05	2.3389e-06
385	0.94968	0.050273	4.3213e-05	2.327e-06
386	0.95225	0.047705	4.2956e-05	2.1929e-06
387	0.95779	0.042163	4.2835e-05	1.9259e-06
388	0.95825	0.04171	4.2487e-05	1.8897e-06
389	0.95426	0.045697	4.1947e-05	2.0502e-06
390	0.94266	0.057297	4.1081e-05	2.5402e-06
391	0.86614	0.13381	3.7385e-05	5.852e-06
392	0.81239	0.18757	3.4744e-05	8.1131e-06
393	0.78151	0.21845	3.3106e-05	9.3622e-06
394	0.76064	0.23931	3.1924e-05	1.0159e-05
395	0.75044	0.24952	3.1195e-05	1.0495e-05
396	0.746	0.25396	3.0719e-05	1.0582e-05
397	0.74854	0.25142	3.0524e-05	1.038e-05
398	0.75604	0.24392	3.0534e-05	9.9761e-06
399	0.75315	0.24681	3.0125e-05	9.9944e-06
400	0.75489	0.24507	2.9907e-05	9.8242e-06
401	0.76147	0.2385	2.9883e-05	9.462e-06
402	0.77691	0.22305	3.0194e-05	8.758e-06
403	0.78197	0.21799	3.0081e-05	8.4706e-06
404	0.79276	0.2072	3.0189e-05	7.9655e-06
405	0.81427	0.1857	3.0687e-05	7.0635e-06
406	0.85229	0.14768	3.1775e-05	5.5638e-06
407	0.90676	0.093201	3.3452e-05	3.478e-06
408	0.98679	0.013172	3.604e-05	4.8456e-07
409	0.99945	0.00051163	3.6093e-05	1.8675e-08
410	0.99761	0.0023534	3.5618e-05	8.4151e-08
411	0.99687	0.0030979	3.5187e-05	1.0915e-07
412	0.99518	0.0047866	3.4715e-05	1.6661e-07
413	0.99508	0.004882	3.4292e-05	1.6807e-07
414	0.99656	0.0034101	3.3914e-05	1.1644e-07
415	0.99446	0.0055084	3.3418e-05	1.8596e-07
416	0.99377	0.0061981	3.2975e-05	2.0647e-07
417	0.99475	0.0052191	3.258e-05	1.7195e-07
418	0.99387	0.0060958	3.2127e-05	1.9811e-07
419	0.99162	0.0083446	3.1624e-05	2.6783e-07
420	0.99087	0.009103	3.1172e-05	2.8818e-07
421	0.99151	0.008462	3.0768e-05	2.64e-07
422	0.99373	0.0062371	3.0416e-05	1.9129e-07
423	0.9942	0.0057733	3.0012e-05	1.7367e-07
424	0.99358	0.0063896	2.9568e-05	1.8874e-07
425	0.99466	0.0053152	2.9166e-05	1.5406e-07
426	0.9977	0.0022738	2.8812e-05	6.391e-08
427	0.99906	0.00091643	2.841e-05	2.3902e-08
428	0.9988	0.0011688	2.7956e-05	2.8836e-08
429	0.99934	0.0006327	2.7526e-05	1.2206e-08
430	0.99604	0.003928	2.8048e-05	1.0734e-07
431	0.98892	0.011053	2.846e-05	3.1772e-07
432	0.98446	0.015509	2.8947e-05	4.5724e-07
433	0.98228	0.01769	2.9503e-05	5.3314e-07
434	0.98265	0.017324	3.0125e-05	5.3391e-07
435	0.98566	0.014306	3.0822e-05	4.5181e-07
436	0.98572	0.014244	3.1433e-05	4.5987e-07
437	0.97507	0.024902	3.1697e-05	8.1964e-07
438	0.96957	0.030395	3.2111e-05	1.0207e-06
439	0.96674	0.033223	3.2614e-05	1.1371e-06
440	0.96721	0.03276	3.3219e-05	1.1436e-06
441	0.97109	0.028872	3.3935e-05	1.0302e-06
442	0.94698	0.052988	3.3627e-05	1.9324e-06
443	0.93052	0.069442	3.3582e-05	2.5768e-06
444	0.92018	0.079786	3.3753e-05	3.0098e-06
445	0.89849	0.10148	3.3485e-05	3.8858e-06
446	0.88403	0.11594	3.3476e-05	4.507e-06
447	0.87722	0.12274	3.3739e-05	4.8481e-06
448	0.85768	0.14228	3.3494e-05	5.7022e-06
449	0.84781	0.15215	3.3605e-05	6.1923e-06
450	0.84308	0.15688	3.3922e-05	6.4819e-06
451	0.84282	0.15714	3.4424e-05	6.5907e-06
452	0.847	0.15296	3.5119e-05	6.5123e-06
453	0.85577	0.14419	3.6021e-05	6.231e-06
454	0.87075	0.12921	3.7212e-05	5.6661e-06
455	0.89411	0.10585	3.8802e-05	4.7077e-06
456	0.93469	0.065263	4.1182e-05	2.9507e-06
457	0.8194	0.18055	3.6606e-05	8.1556e-06
458	0.74068	0.25927	3.3566e-05	1.1829e-05
459	0.68541	0.31454	3.1516e-05	1.4517e-05
460	0.57796	0.42199	2.6955e-05	1.9709e-05
461	0.51505	0.4849	2.4341e-05	2.2947e-05
462	0.47851	0.52144	2.29e-05	2.5004e-05
463	0.39061	0.60935	1.8933e-05	2.9591e-05
464	0.33922	0.66073	1.6637e-05	3.2499e-05
465	0.30332	0.69663	1.5061e-05	3.4692e-05
466	0.28314	0.71681	1.4224e-05	3.6138e-05
467	0.27006	0.72989	1.3731e-05	3.7243e-05
468	0.26504	0.73491	1.3633e-05	3.7948e-05
469	0.2667	0.73325	1.3872e-05	3.8309e-05
470	0.25707	0.74288	1.3521e-05	3.9263e-05
471	0.25475	0.7452	1.3544e-05	3.9836e-05
472	0.24149	0.75845	1.2967e-05	4.1004e-05
473	0.23414	0.76581	1.2703e-05	4.1862e-05
474	0.23122	0.76873	1.2679e-05	4.2483e-05
475	0.18232	0.81763	1.0073e-05	4.5679e-05
476	0.14786	0.85209	8.236e-06	4.8108e-05
477	0.1237	0.87624	6.9519e-06	4.9987e-05
478	0.1102	0.88974	6.2449e-06	5.1284e-05
479	0.10173	0.89821	5.8182e-06	5.2302e-05
480	0.079039	0.9209	4.5562e-06	5.4159e-05
481	0.063105	0.93684	3.6693e-06	5.5643e-05
482	0.052016	0.94792	3.0534e-06	5.6858e-05
483	0.044437	0.9555	2.6359e-06	5.7876e-05
484	0.039707	0.96023	2.3825e-06	5.8733e-05
485	0.038008	0.96193	2.3056e-06	5.9409e-05
486	0.038066	0.96187	2.3366e-06	5.9978e-05
487	0.033702	0.96624	2.0904e-06	6.082e-05
488	0.032107	0.96783	2.0109e-06	6.149e-05
489	0.031928	0.96801	2.0211e-06	6.2072e-05
490	0.027481	0.97245	1.7551e-06	6.2924e-05
491	0.02487	0.97506	1.6043e-06	6.3664e-05
492	0.023568	0.97637	1.5371e-06	6.4323e-05
493	0.018133	0.9818	1.1943e-06	6.5252e-05
494	0.01523	0.9847	1.0119e-06	6.6015e-05
495	0.014063	0.98587	9.415e-07	6.666e-05
496	0.013813	0.98612	9.3307e-07	6.7246e-05
497	0.01496	0.98497	1.0187e-06	6.7733e-05
498	0.017178	0.98275	1.1807e-06	6.8146e-05
499	0.021643	0.97829	1.4998e-06	6.8397e-05
500	0.029624	0.97031	2.067e-06	6.8394e-05
501	0.0409	0.95903	2.8781e-06	6.8149e-05
502	0.06024	0.93969	4.2683e-06	6.732e-05
503	0.067962	0.93197	4.8471e-06	6.7296e-05
504	0.082201	0.91773	5.8958e-06	6.6797e-05
505	0.1026	0.89732	7.4091e-06	6.5836e-05
506	0.13162	0.86831	9.5794e-06	6.4221e-05
507	0.17413	0.8258	1.2787e-05	6.1571e-05
508	0.23424	0.76569	1.737e-05	5.7549e-05
509	0.33634	0.66358	2.5144e-05	5.033e-05
510	0.48523	0.51469	3.6612e-05	3.9421e-05
511	0.50351	0.49641	3.8287e-05	3.831e-05
512	0.53113	0.46879	4.0716e-05	3.6449e-05
513	0.57952	0.4204	4.4777e-05	3.2948e-05
514	0.6509	0.34902	5.0724e-05	2.7567e-05
515	0.75554	0.24438	5.9432e-05	1.9432e-05
516	0.93189	0.068026	7.3947e-05	5.4807e-06
517	0.9377	0.062218	7.4948e-05	5.0496e-06
518	0.94988	0.050044	7.6459e-05	4.0988e-06
519	0.97169	0.028227	7.8755e-05	2.3551e-06
520	0.95158	0.048335	7.762e-05	4.0498e-06
521	0.94056	0.059361	7.721e-05	5.0098e-06
522	0.9341	0.065816	7.7184e-05	5.5926e-06
523	0.93129	0.068628	7.747e-05	5.8719e-06
524	0.93171	0.068202	7.8037e-05	5.8771e-06
525	0.93518	0.06474	7.8872e-05	5.6203e-06
526	0.92171	0.078208	7.8239e-05	6.8232e-06
527	0.91516	0.084752	7.8179e-05	7.4433e-06
528	0.91225	0.087664	7.8439e-05	7.7508e-06
529	0.86891	0.131	7.5104e-05	1.1643e-05
530	0.83986	0.16005	7.3012e-05	1.4301e-05
531	0.82401	0.1759	7.205e-05	1.5819e-05
532	0.78492	0.21499	6.8992e-05	1.9439e-05
533	0.76304	0.23687	6.7429e-05	2.1556e-05
534	0.7495	0.25041	6.6615e-05	2.293e-05
535	0.71976	0.28015	6.4283e-05	2.5814e-05
536	0.70059	0.29932	6.2909e-05	2.7747e-05
537	0.68923	0.31068	6.2249e-05	2.8973e-05
538	0.65913	0.34078	5.9851e-05	3.1942e-05
539	0.63977	0.36014	5.8435e-05	3.3938e-05
540	0.62778	0.37213	5.7694e-05	3.5263e-05
541	0.62171	0.3782	5.7504e-05	3.6042e-05
542	0.62334	0.37656	5.8022e-05	3.6106e-05
543	0.63327	0.36664	5.9317e-05	3.5385e-05
544	0.61203	0.38787	5.7624e-05	3.7643e-05
545	0.59861	0.4013	5.6674e-05	3.9164e-05
546	0.59139	0.40852	5.632e-05	4.0095e-05
547	0.56687	0.43303	5.4289e-05	4.2708e-05
548	0.5545	0.4454	5.3401e-05	4.417e-05
549	0.55088	0.44902	5.3347e-05	4.4791e-05
550	0.55239	0.44751	5.3806e-05	4.4904e-05
551	0.55922	0.44068	5.4805e-05	4.4482e-05
552	0.57581	0.42409	5.6774e-05	4.3082e-05
553	0.60218	0.39772	5.9761e-05	4.0672e-05
554	0.64077	0.35913	6.4036e-05	3.6978e-05
555	0.69621	0.30369	7.0109e-05	3.1493e-05
556	0.77517	0.22473	7.8713e-05	2.3482e-05
557	0.80893	0.19097	8.2718e-05	2.0078e-05
558	0.85754	0.14235	8.8353e-05	1.505e-05
559	0.84721	0.15269	8.7824e-05	1.6195e-05
560	0.84375	0.15615	8.7989e-05	1.6637e-05
561	0.84631	0.15359	8.8773e-05	1.645e-05
562	0.8217	0.17819	8.6658e-05	1.9153e-05
563	0.806	0.19389	8.5482e-05	2.0926e-05
564	0.79897	0.20092	8.5201e-05	2.1793e-05
565	0.72033	0.27956	7.7222e-05	3.0366e-05
566	0.67463	0.32527	7.2683e-05	3.5491e-05
567	0.64306	0.35683	6.9653e-05	3.9113e-05
568	0.62618	0.37371	6.8174e-05	4.1175e-05
569	0.61906	0.38083	6.7738e-05	4.2186e-05
570	0.61973	0.38016	6.8146e-05	4.2346e-05
571	0.62839	0.3715	6.9426e-05	4.1624e-05
572	0.64422	0.35566	7.1527e-05	4.0089e-05
573	0.67416	0.32573	7.5197e-05	3.6977e-05
574	0.6673	0.33259	7.478e-05	3.7958e-05
575	0.66816	0.33172	7.5221e-05	3.8073e-05
576	0.67461	0.32528	7.6311e-05	3.7545e-05
577	0.67187	0.32802	7.6342e-05	3.8069e-05
578	0.67407	0.32581	7.6952e-05	3.802e-05
579	0.68149	0.31839	7.8178e-05	3.7361e-05
580	0.69858	0.3013	8.0518e-05	3.558e-05
581	0.70245	0.29743	8.1325e-05	3.5324e-05
582	0.71221	0.28768	8.2838e-05	3.4369e-05
583	0.71051	0.28937	8.3022e-05	3.475e-05
584	0.7161	0.28379	8.4054e-05	3.4273e-05
585	0.72785	0.27203	8.584e-05	3.3051e-05
586	0.74746	0.25242	8.8597e-05	3.0866e-05
587	0.77776	0.22212	9.2685e-05	2.7358e-05
588	0.79059	0.20929	9.4703e-05	2.5927e-05
589	0.77566	0.22422	9.3353e-05	2.7872e-05
590	0.76733	0.23255	9.2809e-05	2.9019e-05
591	0.7644	0.23548	9.2934e-05	2.9506e-05
592	0.76645	0.23343	9.3686e-05	2.9374e-05
593	0.77603	0.22385	9.5368e-05	2.8304e-05
594	0.79566	0.20421	9.831e-05	2.5964e-05
595	0.82585	0.17402	0.00010264	2.2249e-05
596	0.87094	0.12893	0.00010893	1.6571e-05
597	0.93529	0.064588	0.00011781	8.3237e-06
598	0.96872	0.031151	0.00012272	4.0325e-06
599	0.98627	0.013607	0.00012558	1.7775e-06
600	0.98388	0.015994	0.00012586	2.0951e-06
601	0.9754	0.02447	0.00012536	3.2039e-06
602	0.95847	0.041405	0.00012372	5.4347e-06
603	0.94756	0.052309	0.00012288	6.8873e-06
604	0.92564	0.074226	0.00012055	9.813e-06
605	0.91361	0.086261	0.00011948	1.1463e-05
606	0.9063	0.093569	0.00011905	1.2492e-05
607	0.90449	0.095377	0.00011932	1.2801e-05
608	0.90632	0.093546	0.0001201	1.2621e-05
609	0.91173	0.088141	0.00012136	1.1956e-05
610	0.91026	0.089605	0.00012173	1.2207e-05
611	0.9136	0.086262	0.00012272	1.1813e-05
612	0.91047	0.089396	0.00012285	1.2293e-05
613	0.9122	0.087668	0.00012363	1.2116e-05
614	0.91772	0.082142	0.00012495	1.141e-05
615	0.92784	0.072024	0.00012692	1.0057e-05
616	0.93049	0.069371	0.00012788	9.7263e-06
617	0.9365	0.063357	0.00012933	8.9173e-06
618	0.9376	0.06226	0.00013008	8.7967e-06
619	0.9417	0.058158	0.00013127	8.2476e-06
620	0.95128	0.048578	0.00013322	6.9213e-06
621	0.95518	0.044682	0.00013437	6.3971e-06
622	0.94429	0.055571	0.00013342	7.9684e-06
623	0.93759	0.062273	0.00013308	8.9513e-06
624	0.93567	0.064191	0.00013339	9.2629e-06
625	0.93798	0.061872	0.0001343	8.9705e-06
626	0.94377	0.056084	0.00013573	8.1685e-06
627	0.95386	0.045993	0.00013781	6.7259e-06
628	0.95041	0.04944	0.00013791	7.2554e-06
629	0.94969	0.050168	0.00013841	7.3877e-06
630	0.95284	0.047012	0.00013947	6.9531e-06
631	0.96078	0.039077	0.00014122	5.8135e-06
632	0.95595	0.0439	0.00014111	6.5532e-06
633	0.95392	0.045929	0.00014142	6.8793e-06
634	0.95444	0.045408	0.00014212	6.8233e-06
635	0.95887	0.040976	0.0001434	6.1819e-06
636	0.96848	0.031374	0.00014544	4.7596e-06
637	0.97266	0.027189	0.00014667	4.1498e-06
638	0.98008	0.019772	0.0001484	3.0389e-06
639	0.99141	0.0084424	0.00015076	1.314e-06
640	0.98887	0.010978	0.00015098	1.7157e-06
641	0.98259	0.01726	0.00015063	2.702e-06
642	0.97888	0.020962	0.00015069	3.2911e-06
643	0.9696	0.03025	0.00014988	4.7529e-06
644	0.96407	0.035775	0.00014967	5.6334e-06
645	0.96236	0.037484	0.00015003	5.9266e-06
646	0.95664	0.043206	0.00014974	6.8605e-06
647	0.95406	0.045781	0.00014996	7.2986e-06
648	0.95514	0.044701	0.00015074	7.163e-06
649	0.89814	0.1017	0.00014225	1.6312e-05
650	0.86512	0.13472	0.0001375	2.1706e-05
651	0.8433	0.15654	0.00013455	2.5316e-05
652	0.79222	0.20762	0.00012688	3.3658e-05
653	0.763	0.23684	0.00012264	3.8547e-05
654	0.74413	0.25571	0.00012009	4.1773e-05
655	0.69823	0.30161	0.00011313	4.9405e-05
656	0.67232	0.32751	0.00010935	5.3853e-05
657	0.65601	0.34383	0.00010714	5.6745e-05
658	0.64922	0.35061	0.00010645	5.8099e-05
659	0.64765	0.35219	0.00010663	5.8591e-05
660	0.65156	0.34828	0.00010774	5.8166e-05
661	0.66096	0.33887	0.0001098	5.6806e-05
662	0.68116	0.31867	0.00011367	5.3625e-05
663	0.71788	0.28195	0.00012032	4.7645e-05
664	0.77249	0.22734	0.00013011	3.8546e-05
665	0.86522	0.13461	0.00014641	2.2923e-05
666	0.91356	0.086273	0.00015521	1.4789e-05
667	0.91789	0.081935	0.00015657	1.4102e-05
668	0.90146	0.098372	0.00015439	1.6969e-05
669	0.89088	0.10895	0.00015322	1.8842e-05
670	0.88683	0.113	0.00015314	1.9611e-05
671	0.88814	0.11169	0.00015397	1.946e-05
672	0.8951	0.10473	0.00015576	1.8329e-05
673	0.90687	0.092955	0.00015843	1.6338e-05
674	0.9286	0.071224	0.00016284	1.2595e-05
675	0.96014	0.039679	0.00016904	7.0748e-06
676	0.97519	0.024636	0.00017238	4.4254e-06
677	0.98153	0.018295	0.0001742	3.3045e-06
678	0.9917	0.0081186	0.00017674	1.4764e-06
679	0.9924	0.0074247	0.00017756	1.3568e-06
680	0.99149	0.0083303	0.0001781	1.5254e-06
681	0.99242	0.0073988	0.00017897	1.3634e-06
682	0.99159	0.0082265	0.00017952	1.5208e-06
683	0.99212	0.0077004	0.00018034	1.4298e-06
684	0.99406	0.0057575	0.00018143	1.0752e-06
685	0.99765	0.0021643	0.00018284	4.094e-07
686	0.99954	0.00027287	0.00018396	5.6074e-08
687	0.99974	7.8623e-05	0.00018476	2.3785e-08
688	0.99909	0.00073038	0.00018385	1.425e-07
689	0.99792	0.0018961	0.00018286	3.5567e-07
690	0.99541	0.0044092	0.00018163	8.1282e-07
691	0.99425	0.0055681	0.00018067	1.0179e-06
692	0.99469	0.0051283	0.00017999	9.33e-07
693	0.99646	0.0033579	0.00017956	6.0636e-07
694	0.99726	0.0025587	0.00017894	4.5924e-07
695	0.99737	0.0024489	0.00017819	4.3775e-07
696	0.99693	0.0028908	0.00017732	5.1571e-07
697	0.9953	0.0045219	0.00017626	8.0288e-07
698	0.99524	0.0045787	0.00017546	8.1097e-07
699	0.99411	0.0057186	0.00017449	1.0082e-06
700	0.99426	0.0055637	0.00017376	9.7525e-07
701	0.99613	0.0036961	0.00017331	6.4578e-07
702	0.99688	0.0029466	0.00017266	5.1449e-07
703	0.99669	0.0031358	0.00017185	5.4569e-07
704	0.99758	0.0022524	0.00017125	3.9069e-07
705	0.99966	0.00016925	0.00017086	2.9524e-08
706	0.99868	0.0011497	0.00016996	1.978e-07
707	0.99857	0.001264	0.00016921	2.1655e-07
708	0.9993	0.0005287	0.00016863	9.0539e-08
709	0.91295	0.086882	0.00015337	1.4645e-05
710	0.86242	0.13741	0.00014421	2.3098e-05
711	0.82722	0.17261	0.00013773	2.8885e-05
712	0.759	0.24084	0.00012574	4.0161e-05
713	0.71122	0.28862	0.00011729	4.7909e-05
714	0.68414	0.31569	0.0001123	5.2192e-05
715	0.62936	0.37048	0.00010274	6.1038e-05
716	0.59254	0.4073	9.6244e-05	6.682e-05
717	0.56747	0.43237	9.1749e-05	7.0615e-05
718	0.55183	0.44801	8.8838e-05	7.2834e-05
719	0.54583	0.45401	8.7483e-05	7.3489e-05
720	0.54766	0.45218	8.7376e-05	7.2887e-05
721	0.539	0.46084	8.5574e-05	7.3972e-05
722	0.53585	0.46399	8.4677e-05	7.4159e-05
723	0.53782	0.46202	8.4611e-05	7.3524e-05
724	0.54816	0.45168	8.584e-05	7.1584e-05
725	0.5662	0.43364	8.8282e-05	6.8441e-05
726	0.59454	0.4053	9.2334e-05	6.3698e-05
727	0.63727	0.36258	9.8626e-05	5.6722e-05
728	0.71098	0.28886	0.00010964	4.5016e-05
729	0.81903	0.18082	0.00012594	2.803e-05
730	0.87543	0.12442	0.00013407	1.9213e-05
731	0.88211	0.11773	0.00013447	1.8106e-05
732	0.89365	0.10619	0.00013563	1.6262e-05
733	0.91144	0.088413	0.00013773	1.3473e-05
734	0.94277	0.057077	0.00014184	8.6696e-06
735	0.98769	0.012164	0.00014799	1.8379e-06
736	0.98865	0.011204	0.00014747	1.6812e-06
737	0.992	0.0078538	0.0001473	1.1712e-06
738	0.99866	0.0011933	0.0001476	1.776e-07
739	0.99824	0.0016162	0.00014685	2.3848e-07
740	0.99735	0.0024999	0.00014603	3.6716e-07
741	0.99769	0.0021632	0.00014537	3.1739e-07
742	0.99511	0.0047415	0.00014428	6.957e-07
743	0.99392	0.005936	0.0001434	8.676e-07
744	0.99397	0.0058902	0.00014271	8.5752e-07
745	0.9927	0.0071612	0.00014185	1.036e-06
746	0.98945	0.010412	0.00014069	1.4988e-06
747	0.98794	0.011919	0.00013979	1.7067e-06
748	0.98373	0.016131	0.00013853	2.2935e-06
749	0.98162	0.018243	0.00013758	2.5768e-06
750	0.98204	0.017817	0.00013697	2.5046e-06
751	0.98446	0.0154	0.00013665	2.1529e-06
752	0.99015	0.0097143	0.00013677	1.3538e-06
753	0.99921	0.00064858	0.00013737	9.0478e-08
754	0.99946	0.00039973	0.00013675	5.5455e-08
755	0.99964	0.00022	0.00013612	3.0317e-08
756	0.99982	3.975e-05	0.00013551	5.4521e-09
757	0.99847	0.0013957	0.0001347	1.8886e-07
758	0.99808	0.001787	0.00013403	2.4011e-07
759	0.99878	0.001084	0.0001335	1.4524e-07
760	0.99785	0.0020211	0.00013274	2.706e-07
761	0.99787	0.0019931	0.00013211	2.6586e-07
762	0.99882	0.001045	0.00013162	1.389e-07
763	0.99797	0.0018966	0.0001309	2.4968e-07
764	0.99826	0.0016128	0.00013032	2.1172e-07
765	0.99951	0.00036184	0.00012987	4.7417e-08
766	0.99956	0.00031501	0.00012928	4.0914e-08
767	0.99882	0.0010539	0.00012858	1.3636e-07
768	0.99727	0.0026038	0.00012778	3.3446e-07
769	0.99706	0.0028127	0.00012714	3.603e-07
770	0.99789	0.0019837	0.00012665	2.5311e-07
771	0.9982	0.001678	0.00012607	2.1397e-07
772	0.99796	0.0019189	0.00012544	2.4375e-07
773	0.997	0.0028746	0.00012473	3.6263e-07
774	0.99705	0.0028275	0.00012416	3.5443e-07
775	0.99843	0.0014477	0.00012374	1.8154e-07
776	0.9976	0.0022796	0.00012305	2.8399e-07
777	0.99775	0.0021284	0.0001225	2.6365e-07
778	0.99885	0.0010252	0.00012207	1.2602e-07
779	0.99954	0.00033414	0.00012158	4.0974e-08
780	0.99936	0.00051451	0.00012099	6.2486e-08
781	0.99914	0.00074192	0.00012039	8.9899e-08
782	0.99966	0.00022368	0.00011988	2.7088e-08
783	0.99962	0.00026115	0.00011932	3.1369e-08
784	0.99871	0.0011722	0.00011867	1.3925e-07
785	0.9988	0.0010783	0.00011812	1.2777e-07
786	0.99971	0.00017239	0.00011768	2.0255e-08
787	0.99987	1.5315e-05	0.00011714	1.7914e-09
788	0.99952	0.00036288	0.00011653	4.2509e-08
789	0.99982	6.0533e-05	0.00011601	7.0698e-09
790	0.99957	0.00031948	0.00011541	3.7395e-08
791	0.99926	0.00062457	0.00011481	7.2901e-08
792	0.99872	0.0011661	0.0001142	1.3541e-07
793	0.99758	0.0023057	0.00011353	2.6583e-07
794	0.99746	0.0024252	0.00011298	2.7822e-07
795	0.99829	0.001593	0.00011255	1.8211e-07
796	0.99865	0.0012368	0.00011206	1.4157e-07
797	0.99859	0.0012997	0.00011153	1.4857e-07
798	0.99804	0.0018443	0.00011095	2.0984e-07
799	0.99218	0.0077096	0.00010978	8.6765e-07
800	0.98028	0.019609	0.00010796	2.1892e-06
801	0.95561	0.04428	0.00010475	4.9038e-06
802	0.89942	0.10047	9.813e-05	1.1032e-05
803	0.86688	0.13301	9.4123e-05	1.4542e-05
804	0.84539	0.1545	9.137e-05	1.6807e-05
805	0.83186	0.16803	8.9513e-05	1.8184e-05
806	0.82629	0.17361	8.8507e-05	1.87e-05
807	0.82699	0.17291	8.8166e-05	1.8542e-05
808	0.83416	0.16573	8.8498e-05	1.7703e-05
809	0.84979	0.15011	8.9697e-05	1.5987e-05
810	0.87415	0.12575	9.1812e-05	1.3363e-05
811	0.87219	0.12771	9.1138e-05	1.3519e-05
812	0.87582	0.12408	9.1038e-05	1.3092e-05
813	0.88368	0.11622	9.1382e-05	1.2228e-05
814	0.88327	0.11663	9.0874e-05	1.2222e-05
815	0.88683	0.11307	9.0788e-05	1.1802e-05
816	0.89488	0.10502	9.1171e-05	1.0922e-05
817	0.88177	0.11813	8.939e-05	1.2211e-05
818	0.87602	0.12388	8.8358e-05	1.2743e-05
819	0.87419	0.1257	8.7741e-05	1.2867e-05
820	0.86532	0.13458	8.6399e-05	1.3706e-05
821	0.86127	0.13863	8.5563e-05	1.4046e-05
822	0.86113	0.13877	8.5133e-05	1.3988e-05
823	0.85184	0.14806	8.3804e-05	1.4835e-05
824	0.84922	0.15068	8.3129e-05	1.5018e-05
825	0.85057	0.14933	8.2857e-05	1.4805e-05
826	0.8583	0.14161	8.3194e-05	1.3974e-05
827	0.8746	0.1253	8.4343e-05	1.2322e-05
828	0.89893	0.10098	8.6266e-05	9.9028e-06
829	0.90851	0.091394	8.6756e-05	8.924e-06
830	0.92358	0.076329	8.7776e-05	7.4212e-06
831	0.94593	0.053973	8.9497e-05	5.2239e-06
832	0.95523	0.044672	8.9954e-05	4.2981e-06
833	0.959	0.040901	8.986e-05	3.9132e-06
834	0.96589	0.034013	9.0067e-05	3.234e-06
835	0.97909	0.02082	9.0849e-05	1.9703e-06
836	0.98479	0.015113	9.0925e-05	1.4203e-06
837	0.99558	0.0043283	9.1457e-05	4.0482e-07
838	0.9946	0.0053088	9.0877e-05	4.924e-07
839	0.99518	0.0047271	9.0431e-05	4.3704e-07
840	0.99457	0.0053439	8.9883e-05	4.91e-07
841	0.9952	0.0047131	8.9456e-05	4.3075e-07
842	0.99708	0.0028294	8.915e-05	2.5749e-07
843	0.99769	0.0022186	8.8733e-05	2.0038e-07
844	0.99536	0.0045511	8.8044e-05	4.0684e-07
845	0.99474	0.0051681	8.7498e-05	4.6018e-07
846	0.99536	0.0045507	8.707e-05	4.0369e-07
847	0.99475	0.0051666	8.654e-05	4.5536e-07
848	0.99296	0.0069577	8.5898e-05	6.1e-07
849	0.99253	0.0073885	8.5383e-05	6.4431e-07
850	0.9934	0.0065108	8.4987e-05	5.6488e-07
851	0.9957	0.0042191	8.4719e-05	3.6429e-07
852	0.99968	0.00023811	8.4601e-05	2.0375e-08
853	0.99984	7.1845e-05	8.4143e-05	6.1157e-09
854	0.99738	0.0025377	8.3454e-05	2.1478e-07
855	0.98026	0.019654	8.1548e-05	1.6477e-06
856	0.96866	0.031261	8.0126e-05	2.6017e-06
857	0.96267	0.03725	7.9168e-05	3.0837e-06
858	0.95956	0.040358	7.846e-05	3.3212e-06
859	0.95998	0.039941	7.8032e-05	3.2699e-06
860	0.96288	0.037044	7.7812e-05	3.0163e-06
861	0.9686	0.031319	7.7825e-05	2.535e-06
862	0.9798	0.020119	7.8261e-05	1.6229e-06
863	0.99691	0.0030126	7.9169e-05	2.4501e-07
864	0.99692	0.0029966	7.8709e-05	2.4257e-07
865	0.99194	0.007985	7.7857e-05	6.3772e-07
866	0.98913	0.010787	7.719e-05	8.5468e-07
867	0.98812	0.011806	7.6672e-05	9.2878e-07
868	0.98874	0.011188	7.629e-05	8.7398e-07
869	0.99167	0.008252	7.6076e-05	6.4186e-07
870	0.99283	0.0070957	7.5713e-05	5.5013e-07
871	0.9927	0.0072225	7.5241e-05	5.5839e-07
872	0.99077	0.0091529	7.4639e-05	7.0364e-07
873	0.99032	0.0096009	7.4157e-05	7.3424e-07
874	0.99131	0.0086201	7.3789e-05	6.5647e-07
875	0.99091	0.0090163	7.3307e-05	6.8374e-07
876	0.99201	0.0079182	7.2943e-05	5.9896e-07
877	0.99476	0.0051681	7.2708e-05	3.9232e-07
878	0.99567	0.0042617	7.2341e-05	3.2376e-07
879	0.98365	0.016276	7.1021e-05	1.2139e-06
880	0.97721	0.022722	7.011e-05	1.6861e-06
881	0.97367	0.026257	6.9425e-05	1.9381e-06
882	0.97254	0.027391	6.8925e-05	2.0121e-06
883	0.97348	0.026445	6.858e-05	1.9351e-06
884	0.97077	0.029157	6.7981e-05	2.1194e-06
885	0.97028	0.029655	6.7547e-05	2.1434e-06
886	0.95149	0.048437	6.5831e-05	3.4544e-06
887	0.90864	0.091293	6.2463e-05	6.4238e-06
888	0.81461	0.18533	5.5614e-05	1.288e-05
889	0.601	0.39893	4.0691e-05	2.7414e-05
890	0.45459	0.54534	3.055e-05	3.7171e-05
891	0.3543	0.64563	2.3658e-05	4.3682e-05
892	0.29547	0.70446	1.9586e-05	4.7367e-05
893	0.25552	0.74442	1.6828e-05	4.974e-05
894	0.22771	0.77223	1.4909e-05	5.1277e-05
895	0.17141	0.82853	1.1137e-05	5.4661e-05
896	0.13162	0.86832	8.494e-06	5.6918e-05
897	0.10853	0.89141	6.9493e-06	5.807e-05
898	0.09557	0.90437	6.0691e-06	5.8553e-05
899	0.087383	0.91255	5.5082e-06	5.8719e-05
900	0.082478	0.91746	5.1645e-06	5.8668e-05
901	0.080268	0.91967	4.9961e-06	5.8445e-05
902	0.081967	0.91797	5.0707e-06	5.7972e-05
903	0.087976	0.91196	5.4081e-06	5.7232e-05
904	0.072501	0.92744	4.4172e-06	5.7821e-05
905	0.062243	0.93769	3.7621e-06	5.8076e-05
906	0.057093	0.94285	3.4224e-06	5.8011e-05
907	0.054284	0.94566	3.2301e-06	5.7799e-05
908	0.054702	0.94524	3.231e-06	5.7389e-05
909	0.057337	0.9426	3.3649e-06	5.6848e-05
910	0.062286	0.93765	3.6352e-06	5.6171e-05
911	0.070497	0.92944	4.0961e-06	5.5306e-05
912	0.083151	0.91679	4.8145e-06	5.4186e-05
913	0.076004	0.92394	4.3734e-06	5.4226e-05
914	0.071811	0.92813	4.1092e-06	5.4091e-05
915	0.07147	0.92847	4.0657e-06	5.3729e-05
916	0.074882	0.92506	4.234e-06	5.315e-05
917	0.081068	0.91887	4.5594e-06	5.2416e-05
918	0.093156	0.90679	5.2096e-06	5.1351e-05
919	0.095659	0.90428	5.3158e-06	5.0832e-05
920	0.10144	0.8985	5.6054e-06	5.0132e-05
921	0.11335	0.8866	6.2266e-06	4.9094e-05
922	0.13088	0.86906	7.1528e-06	4.7753e-05
923	0.16158	0.83836	8.779e-06	4.5706e-05
924	0.21373	0.78622	1.1531e-05	4.2528e-05
925	0.2393	0.76065	1.2805e-05	4.0822e-05
926	0.27739	0.72255	1.4732e-05	3.8465e-05
927	0.34228	0.65766	1.8025e-05	3.4736e-05
928	0.45183	0.54812	2.3566e-05	2.8753e-05
929	0.61168	0.38827	3.1643e-05	2.0237e-05
930	0.67814	0.3218	3.4805e-05	1.664e-05
931	0.7916	0.20835	4.0281e-05	1.072e-05
932	0.84303	0.15692	4.2543e-05	8.0202e-06
933	0.9163	0.08365	4.5875e-05	4.2527e-06
934	0.92495	0.075005	4.5916e-05	3.7811e-06
935	0.93912	0.060826	4.6232e-05	3.0385e-06
936	0.96433	0.035623	4.7069e-05	1.767e-06
937	0.96681	0.033138	4.6764e-05	1.6302e-06
938	0.96543	0.034523	4.6274e-05	1.6817e-06
939	0.96728	0.03267	4.5932e-05	1.578e-06
940	0.96597	0.033987	4.5429e-05	1.6273e-06
941	0.96708	0.032869	4.5047e-05	1.5601e-06
942	0.97059	0.029359	4.478e-05	1.3817e-06
943	0.97014	0.029818	4.4331e-05	1.3889e-06
944	0.96635	0.033606	4.3722e-05	1.5488e-06
945	0.96595	0.034002	4.326e-05	1.5528e-06
946	0.96783	0.032122	4.2905e-05	1.4538e-06
