#coord	neutral	conserved	gBGC.neutral	gBGC.conserved
1	0.77482	0.21604	0.0071531	0.0019945
2	0.7826	0.20825	0.0072246	0.0019225
3	0.79613	0.19472	0.0073491	0.0017975
4	0.82174	0.16912	0.007585	0.0015611
5	0.86669	0.12417	0.0079995	0.001146
6	0.94313	0.047721	0.0087046	0.00044048
7	0.95311	0.037745	0.0087962	0.00034839
8	0.96817	0.02269	0.0089347	0.00020942
9	0.99011	0.00074633	0.0091367	6.8884e-06
10	0.99008	0.00077911	0.0091359	7.1908e-06
11	0.98977	0.0010855	0.0091326	1.0018e-05
12	0.99023	0.00062381	0.0091364	5.7572e-06
13	0.98949	0.0013689	0.009129	1.2632e-05
14	0.9896	0.0012542	0.0091296	1.1573e-05
15	0.99055	0.00030459	0.0091379	2.8106e-06
16	0.99054	0.0003166	0.0091373	2.9212e-06
17	0.99053	0.00033112	0.0091367	3.0549e-06
18	0.99049	0.00036856	0.0091359	3.4002e-06
19	0.98924	0.0016189	0.0091239	1.4934e-05
20	0.98913	0.0017285	0.0091224	1.5945e-05
21	0.98836	0.0025052	0.0091148	2.311e-05
22	0.98663	0.0042293	0.0090984	3.9011e-05
23	0.98617	0.0046949	0.0090937	4.3303e-05
24	0.98401	0.0068512	0.0090733	6.3184e-05
25	0.98326	0.0076063	0.0090659	7.0143e-05
26	0.9839	0.0069677	0.0090713	6.4248e-05
27	0.98648	0.0043818	0.0090947	4.0401e-05
28	0.9877	0.003167	0.0091055	2.92e-05
29	0.9902	0.00067036	0.009128	6.1807e-06
30	0.98944	0.001427	0.0091206	1.3156e-05
31	0.98807	0.0027972	0.0091075	2.579e-05
32	0.98774	0.0031269	0.009104	2.8829e-05
33	0.98841	0.0024556	0.0091097	2.264e-05
34	0.98818	0.0026855	0.0091072	2.476e-05
35	0.98367	0.0072034	0.0090651	6.6409e-05
36	0.98106	0.0098085	0.0090406	9.0421e-05
37	0.96127	0.029599	0.0088577	0.00027286
38	0.94826	0.042605	0.0087374	0.00039272
39	0.93984	0.051031	0.0086593	0.00047036
40	0.93498	0.055888	0.0086141	0.00051509
41	0.93334	0.057534	0.0085985	0.00053023
42	0.93444	0.056428	0.0086083	0.00052002
43	0.92999	0.060879	0.0085669	0.00056099
44	0.91903	0.071839	0.0084655	0.00066193
45	0.91242	0.078451	0.0084042	0.00072279
46	0.90936	0.081509	0.0083756	0.00075091
47	0.87423	0.11664	0.0080516	0.0010745
48	0.85424	0.13664	0.0078671	0.0012586
49	0.80654	0.18433	0.0074275	0.0016978
50	0.70065	0.29022	0.006452	0.0026727
51	0.63816	0.35271	0.0058763	0.0032481
52	0.5945	0.39638	0.005474	0.00365
53	0.56441	0.42647	0.0051967	0.0039268
54	0.54833	0.44255	0.0050484	0.0040746
55	0.51113	0.47975	0.0047057	0.0044169
56	0.49048	0.5004	0.0045154	0.0046068
57	0.47809	0.51278	0.0044012	0.0047205
58	0.44941	0.54147	0.004137	0.0049844
59	0.3911	0.59978	0.0036001	0.0055208
60	0.35723	0.63365	0.0032881	0.0058323
61	0.33409	0.65679	0.003075	0.006045
62	0.31889	0.67199	0.002935	0.0061846
63	0.31267	0.67821	0.0028776	0.0062415
64	0.31355	0.67733	0.0028855	0.0062331
65	0.32177	0.66911	0.002961	0.0061572
66	0.33656	0.65432	0.003097	0.0060208
67	0.36443	0.62645	0.0033532	0.0057641
68	0.40618	0.5847	0.0037372	0.0053797
69	0.40552	0.58536	0.0037309	0.0053856
70	0.39448	0.5964	0.0036292	0.0054869
71	0.39165	0.59924	0.0036029	0.0055127
72	0.39624	0.59465	0.003645	0.0054702
73	0.40629	0.5846	0.0037372	0.0053775
74	0.42734	0.56355	0.0039306	0.0051836
75	0.45966	0.53122	0.0042277	0.0048861
76	0.47032	0.52057	0.0043256	0.0047878
77	0.49243	0.49846	0.0045286	0.0045843
78	0.52631	0.46457	0.0048401	0.0042724
79	0.52226	0.46863	0.0048026	0.0043095
80	0.5233	0.46758	0.0048119	0.0042997
81	0.52958	0.46131	0.0048694	0.0042418
82	0.54183	0.44906	0.0049819	0.0041289
83	0.56636	0.42453	0.0052072	0.0039032
84	0.60241	0.38848	0.0055384	0.0035715
85	0.61944	0.37145	0.0056948	0.0034147
86	0.65123	0.33966	0.0059867	0.0031223
87	0.70634	0.28455	0.006493	0.0026156
88	0.78482	0.20607	0.0072141	0.001894
89	0.82548	0.16542	0.0075874	0.0015203
90	0.89488	0.096017	0.0082249	0.00088242
91	0.904	0.08689	0.0083083	0.00079851
92	0.90548	0.085413	0.0083215	0.0007849
93	0.90162	0.089273	0.0082856	0.00082035
94	0.90111	0.089787	0.0082805	0.00082503
95	0.90388	0.087016	0.0083055	0.00079953
96	0.91218	0.078719	0.0083814	0.00072325
97	0.92541	0.065484	0.0085026	0.00060161
98	0.94913	0.041767	0.0087201	0.0003837
99	0.98985	0.0010417	0.0090937	9.5722e-06
100	0.97622	0.01468	0.008968	0.00013489
101	0.96874	0.022153	0.0088989	0.00020355
102	0.96531	0.025583	0.0088669	0.00023507
103	0.96424	0.026657	0.0088566	0.00024493
104	0.96607	0.02483	0.008873	0.00022815
105	0.97038	0.020519	0.0089121	0.00018855
106	0.96534	0.025562	0.0088654	0.00023487
107	0.95333	0.037573	0.0087546	0.00034521
108	0.94559	0.045307	0.0086831	0.00041625
109	0.94248	0.048426	0.008654	0.00044488
110	0.93263	0.058267	0.0085632	0.00053526
111	0.9087	0.082207	0.008343	0.0007551
112	0.73489	0.25602	0.0067464	0.0023512
113	0.61589	0.37501	0.0056535	0.0034437
114	0.53189	0.45901	0.004882	0.0042147
115	0.47279	0.51811	0.0043392	0.0047571
116	0.43883	0.55207	0.0040273	0.0050687
117	0.42036	0.57054	0.0038575	0.005238
118	0.40955	0.58136	0.0037581	0.005337
119	0.40706	0.58384	0.003735	0.0053596
120	0.4122	0.57871	0.003782	0.0053123
121	0.42294	0.56797	0.0038803	0.0052135
122	0.42101	0.5699	0.0038624	0.005231
123	0.42402	0.56689	0.0038898	0.0052032
124	0.41731	0.5736	0.0038281	0.0052645
125	0.41573	0.57518	0.0038134	0.0052787
126	0.41908	0.57182	0.003844	0.0052477
127	0.40986	0.58105	0.0037592	0.0053321
128	0.38644	0.60447	0.0035442	0.0055467
129	0.37459	0.61632	0.0034352	0.0056552
130	0.34445	0.64646	0.0031586	0.0059315
131	0.32482	0.66609	0.0029784	0.0061112
132	0.27577	0.71514	0.0025284	0.0065608
133	0.24143	0.74949	0.0022133	0.0068755
134	0.22199	0.76892	0.002035	0.0070534
135	0.20979	0.78112	0.001923	0.0071649
136	0.17702	0.81389	0.0016225	0.0074651
137	0.15845	0.83246	0.0014522	0.0076349
138	0.14656	0.84435	0.0013431	0.0077436
139	0.13962	0.85129	0.0012794	0.0078069
140	0.13665	0.85427	0.0012521	0.0078338
141	0.13721	0.85371	0.0012572	0.0078283
142	0.14138	0.84954	0.0012954	0.0077897
143	0.14976	0.84115	0.0013722	0.0077125
144	0.16278	0.82814	0.0014915	0.0075928
145	0.18606	0.80486	0.0017049	0.007379
146	0.19347	0.79745	0.0017727	0.0073108
147	0.20585	0.78507	0.0018861	0.0071969
148	0.2291	0.76181	0.0020992	0.0069834
149	0.2627	0.72821	0.0024071	0.0066751
150	0.27785	0.71307	0.0025459	0.006536
151	0.28195	0.70896	0.0025834	0.0064981
152	0.29095	0.69997	0.0026658	0.0064153
153	0.30968	0.68124	0.0028373	0.0062434
154	0.31413	0.67679	0.0028779	0.0062023
155	0.32692	0.664	0.002995	0.0060848
156	0.34769	0.64323	0.0031852	0.0058942
157	0.37943	0.6115	0.0034759	0.0056032
158	0.43466	0.55626	0.0039818	0.0050968
159	0.51577	0.47515	0.0047248	0.0043534
160	0.55665	0.43427	0.0050991	0.0039787
161	0.57251	0.41841	0.0052443	0.0038331
162	0.55491	0.43602	0.0050828	0.0039942
163	0.5443	0.44662	0.0049854	0.0040912
164	0.54204	0.44888	0.0049645	0.0041117
165	0.5475	0.44342	0.0050143	0.0040615
166	0.56219	0.42874	0.0051486	0.0039268
167	0.58594	0.40499	0.0053659	0.0037091
168	0.59563	0.3953	0.0054544	0.0036202
169	0.56729	0.42364	0.0051946	0.0038796
170	0.50947	0.48146	0.004665	0.0044088
171	0.39786	0.59307	0.0036427	0.0054307
172	0.3215	0.66943	0.0029434	0.0061296
173	0.27655	0.71438	0.0025316	0.0065409
174	0.25063	0.7403	0.0022942	0.006778
175	0.23378	0.75714	0.0021399	0.0069319
176	0.1979	0.79303	0.0018113	0.0072601
177	0.17376	0.81717	0.0015902	0.0074808
178	0.15788	0.83305	0.0014447	0.0076258
179	0.14798	0.84295	0.0013541	0.0077161
180	0.14226	0.84867	0.0013016	0.0077681
181	0.14183	0.8491	0.0012976	0.0077717
182	0.14658	0.84436	0.001341	0.0077279
183	0.15572	0.83521	0.0014246	0.0076439
184	0.17352	0.81741	0.0015874	0.0074807
185	0.16445	0.82648	0.0015043	0.0075634
186	0.15993	0.83101	0.0014629	0.0076045
187	0.16091	0.83002	0.0014718	0.0075951
188	0.16546	0.82547	0.0015133	0.0075532
189	0.17682	0.81411	0.0016172	0.0074489
190	0.17736	0.81357	0.0016221	0.0074436
191	0.1698	0.82113	0.0015528	0.0075125
192	0.16621	0.82472	0.0015199	0.007545
193	0.16617	0.82476	0.0015195	0.007545
194	0.17184	0.8191	0.0015712	0.0074929
195	0.18483	0.8061	0.00169	0.0073737
196	0.18816	0.80278	0.0017203	0.007343
197	0.19558	0.79535	0.0017881	0.0072748
198	0.208	0.78293	0.0019016	0.0071609
199	0.22691	0.76403	0.0020744	0.0069877
200	0.26061	0.73033	0.0023824	0.0066793
201	0.31035	0.68058	0.0028371	0.0062242
202	0.33101	0.65992	0.0030258	0.0060351
203	0.36254	0.6284	0.003314	0.0057465
204	0.40792	0.58302	0.0037287	0.0053314
205	0.47477	0.51617	0.0043398	0.0047199
206	0.56957	0.42137	0.0052065	0.0038529
207	0.72937	0.26157	0.0066672	0.0023917
208	0.96253	0.028409	0.0087988	0.00025977
209	0.9644	0.026542	0.0088155	0.00024269
210	0.95347	0.037467	0.0087152	0.00034255
211	0.7147	0.27625	0.006532	0.0025254
212	0.54565	0.44529	0.0049865	0.0040705
213	0.42602	0.56492	0.003893	0.0051636
214	0.34144	0.6495	0.0031198	0.0059364
215	0.29156	0.69939	0.0026638	0.006392
216	0.25664	0.7343	0.0023447	0.0067108
217	0.2325	0.75844	0.002124	0.0069311
218	0.21956	0.77139	0.0020056	0.0070491
219	0.21231	0.77864	0.0019393	0.007115
220	0.19004	0.80091	0.0017358	0.0073181
221	0.13808	0.85287	0.0012611	0.0077924
222	0.1074	0.88354	0.00098088	0.0080723
223	0.085821	0.90513	0.00078372	0.008269
224	0.073493	0.91745	0.00067109	0.0083813
225	0.065195	0.92575	0.00059529	0.0084567
226	0.05993	0.93102	0.00054718	0.0085044
227	0.058391	0.93256	0.00053311	0.0085181
228	0.060084	0.93086	0.00054854	0.0085023
229	0.056573	0.93438	0.00051645	0.008534
230	0.055393	0.93556	0.00050565	0.0085444
231	0.056154	0.9348	0.00051258	0.0085371
232	0.060355	0.9306	0.0005509	0.0084984
233	0.067569	0.92338	0.00061673	0.0084322
234	0.0784	0.91255	0.00071559	0.008333
235	0.094734	0.89622	0.00086468	0.0081835
236	0.12284	0.86811	0.0011213	0.0079265
237	0.16401	0.82695	0.001497	0.0075504
238	0.23347	0.75748	0.002131	0.006916
239	0.33478	0.65617	0.0030557	0.005991
240	0.34705	0.6439	0.0031675	0.0058788
241	0.3709	0.62005	0.003385	0.0056609
242	0.407	0.58395	0.0037144	0.0053311
243	0.45879	0.53216	0.0041869	0.0048583
244	0.47974	0.51122	0.0043779	0.0046669
245	0.5177	0.47326	0.0047241	0.0043203
246	0.57406	0.4169	0.0052382	0.0038058
247	0.60231	0.38864	0.0054959	0.0035478
248	0.64489	0.34607	0.0058842	0.0031591
249	0.64262	0.34833	0.0058632	0.0031797
250	0.62891	0.36205	0.0057378	0.0033047
251	0.6219	0.36906	0.0056736	0.0033686
252	0.62011	0.37085	0.005657	0.0033847
253	0.62593	0.36503	0.0057099	0.0033315
254	0.63817	0.35279	0.0058213	0.0032197
255	0.65859	0.33237	0.0060075	0.0030332
256	0.66438	0.32657	0.00606	0.0029802
257	0.6765	0.31446	0.0061704	0.0028695
258	0.69669	0.29427	0.0063543	0.0026852
259	0.70193	0.28903	0.0064019	0.0026373
260	0.7127	0.27826	0.0064998	0.002539
261	0.73438	0.25658	0.0066973	0.0023411
262	0.76756	0.2234	0.0069998	0.0020383
263	0.81701	0.17395	0.0074506	0.0015871
264	0.90106	0.089902	0.008217	0.00082034
265	0.91161	0.079354	0.0083129	0.00072409
266	0.91539	0.075571	0.008347	0.00068956
267	0.92284	0.068124	0.0084146	0.00062161
268	0.91346	0.077508	0.0083287	0.00070717
269	0.90813	0.082832	0.0082798	0.0007557
270	0.90623	0.084737	0.0082621	0.00077303
271	0.90778	0.083183	0.008276	0.00075881
272	0.88432	0.10665	0.0080617	0.00097273
273	0.87153	0.11944	0.0079448	0.0010893
274	0.86387	0.1271	0.0078746	0.0011591
275	0.86226	0.12871	0.0078597	0.0011737
276	0.86624	0.12472	0.0078957	0.0011373
277	0.87492	0.11605	0.0079745	0.0010582
278	0.86387	0.1271	0.0078734	0.0011589
279	0.85762	0.13335	0.0078162	0.0012158
280	0.85719	0.13377	0.007812	0.0012196
281	0.86092	0.13005	0.0078456	0.0011856
282	0.86933	0.12164	0.007922	0.0011089
283	0.86944	0.12153	0.0079227	0.0011079
284	0.86283	0.12814	0.0078621	0.0011681
285	0.86027	0.1307	0.0078385	0.0011913
286	0.86332	0.12765	0.007866	0.0011635
287	0.87282	0.11815	0.0079522	0.0010769
288	0.89148	0.099491	0.008122	0.00090683
289	0.87071	0.12026	0.0079324	0.0010961
290	0.85701	0.13396	0.0078071	0.0012209
291	0.84913	0.14184	0.0077351	0.0012926
292	0.84561	0.14536	0.0077027	0.0013247
293	0.84792	0.14306	0.0077234	0.0013037
294	0.85478	0.13619	0.0077856	0.0012411
295	0.86719	0.12378	0.0078984	0.0011279
296	0.87008	0.12089	0.0079244	0.0011016
297	0.877	0.11397	0.0079871	0.0010385
298	0.89158	0.099393	0.0081197	0.00090563
299	0.91341	0.077568	0.0083182	0.00070676
300	0.94617	0.044809	0.0086163	0.00040829
301	0.94013	0.050841	0.008561	0.00046321
302	0.93846	0.052516	0.0085455	0.00047844
303	0.93966	0.051319	0.0085561	0.00046751
304	0.93678	0.054196	0.0085295	0.00049369
305	0.93686	0.054115	0.00853	0.00049292
306	0.94098	0.050002	0.0085671	0.00045545
307	0.93988	0.051098	0.0085568	0.00046541
308	0.94141	0.049567	0.0085704	0.00045143
309	0.94722	0.043758	0.008623	0.00039852
310	0.94766	0.043316	0.0086267	0.00039448
311	0.94344	0.047544	0.0085879	0.00043294
312	0.94308	0.047901	0.0085844	0.00043617
313	0.93737	0.053607	0.0085321	0.00048809
314	0.93602	0.05496	0.0085195	0.00050039
315	0.93759	0.053392	0.0085335	0.00048608
316	0.9423	0.048676	0.0085761	0.00044313
317	0.95252	0.038463	0.0086687	0.00035014
318	0.96791	0.023076	0.0088085	0.00021005
319	0.96257	0.028412	0.0087596	0.0002586
320	0.96	0.030979	0.0087359	0.00028194
321	0.96056	0.030421	0.0087407	0.00027684
322	0.94534	0.045644	0.0086019	0.00041533
323	0.93732	0.053664	0.0085286	0.00048828
324	0.91737	0.073612	0.0083468	0.00066974
325	0.90667	0.084315	0.0082491	0.00076708
326	0.90217	0.088811	0.0082079	0.00080795
327	0.90254	0.088445	0.0082109	0.0008046
328	0.87281	0.11817	0.0079402	0.001075
329	0.85325	0.13774	0.007762	0.0012529
330	0.84052	0.15047	0.0076459	0.0013687
331	0.83533	0.15565	0.0075985	0.0014158
332	0.83622	0.15476	0.0076063	0.0014076
333	0.84334	0.14765	0.0076707	0.0013428
334	0.85618	0.13481	0.0077872	0.001226
335	0.88021	0.11078	0.0080055	0.0010074
336	0.92192	0.069067	0.0083844	0.00062809
337	0.9407	0.050286	0.0085549	0.0004573
338	0.94026	0.050732	0.0085505	0.00046135
339	0.94366	0.047325	0.0085812	0.00043036
340	0.94218	0.048811	0.0085673	0.00044386
341	0.94441	0.046581	0.0085873	0.00042357
342	0.94951	0.041479	0.0086333	0.00037717
343	0.95063	0.040357	0.0086432	0.00036696
344	0.95453	0.036456	0.0086783	0.00033149
345	0.9632	0.027789	0.0087568	0.0002527
346	0.96101	0.02998	0.0087365	0.00027262
347	0.95346	0.037529	0.0086675	0.00034126
348	0.94911	0.041879	0.0086277	0.0003808
349	0.94744	0.043552	0.0086121	0.00039601
350	0.94931	0.041685	0.0086288	0.00037903
351	0.95388	0.037112	0.00867	0.00033746
352	0.95379	0.037202	0.0086689	0.00033826
353	0.95606	0.034932	0.0086892	0.00031761
354	0.96229	0.028703	0.0087455	0.00026099
355	0.95732	0.033673	0.0087	0.00030616
356	0.95516	0.035833	0.00868	0.00032579
357	0.9555	0.035496	0.0086828	0.0003227
358	0.95141	0.03959	0.0086452	0.0003599
359	0.93895	0.052043	0.0085318	0.00047305
360	0.93102	0.059971	0.0084594	0.00054507
361	0.92806	0.062935	0.0084322	0.00057198
362	0.92823	0.062769	0.0084334	0.00057045
363	0.93155	0.05945	0.0084633	0.00054025
364	0.93995	0.051048	0.0085393	0.00046388
365	0.95302	0.037973	0.0086579	0.00034505
366	0.97631	0.014683	0.0088692	0.0001334
367	0.97484	0.016158	0.0088555	0.0001468
368	0.97508	0.015916	0.0088574	0.00014459
369	0.97782	0.013183	0.0088819	0.00011976
370	0.97848	0.012522	0.0088876	0.00011375
371	0.98093	0.010074	0.0089095	9.1506e-05
372	0.98159	0.0094118	0.0089152	8.5492e-05
373	0.98388	0.0071182	0.0089357	6.4655e-05
374	0.9889	0.0021034	0.0089809	1.9108e-05
375	0.98735	0.0036504	0.0089665	3.3159e-05
376	0.98699	0.0040084	0.008963	3.641e-05
377	0.98777	0.0032291	0.0089697	2.9331e-05
378	0.98749	0.0035073	0.0089669	3.1857e-05
379	0.98603	0.0049702	0.0089533	4.5141e-05
380	0.97479	0.016216	0.0088508	0.00014727
381	0.96738	0.023619	0.0087833	0.0002145
382	0.95295	0.038055	0.0086519	0.00034559
383	0.94533	0.045678	0.0085824	0.0004148
384	0.94127	0.049729	0.0085453	0.00045158
385	0.94118	0.049823	0.0085441	0.00045243
386	0.94373	0.047277	0.0085669	0.00042931
387	0.94922	0.041786	0.0086164	0.00037944
388	0.94967	0.041336	0.0086202	0.00037535
389	0.94572	0.045288	0.0085841	0.00041121
390	0.93422	0.056784	0.0084794	0.00051555
391	0.85839	0.13261	0.0077908	0.0012039
392	0.80512	0.18589	0.0073069	0.0016874
393	0.77451	0.21649	0.0070289	0.0019651
394	0.75383	0.23717	0.006841	0.0021527
395	0.74372	0.24729	0.0067489	0.0022445
396	0.73932	0.25168	0.0067088	0.0022843
397	0.74184	0.24917	0.0067314	0.0022614
398	0.74927	0.24174	0.0067986	0.0021939
399	0.74641	0.2446	0.0067724	0.0022198
400	0.74813	0.24288	0.0067878	0.0022041
401	0.75465	0.23636	0.0068467	0.0021448
402	0.76996	0.22105	0.0069854	0.0020058
403	0.77497	0.21604	0.0070307	0.0019602
404	0.78566	0.20535	0.0071275	0.0018632
405	0.80698	0.18403	0.0073206	0.0016697
406	0.84466	0.14635	0.0076622	0.0013279
407	0.89864	0.092366	0.0081517	0.00083802
408	0.97796	0.013054	0.008871	0.00011842
409	0.9905	0.00050705	0.0089845	4.6001e-06
410	0.98868	0.0023324	0.0089677	2.1156e-05
411	0.98794	0.0030702	0.0089607	2.7846e-05
412	0.98627	0.0047438	0.0089452	4.3024e-05
413	0.98617	0.0048382	0.008944	4.388e-05
414	0.98763	0.0033796	0.0089569	3.0652e-05
415	0.98555	0.0054591	0.0089378	4.9512e-05
416	0.98487	0.0061426	0.0089313	5.5709e-05
417	0.98584	0.0051724	0.0089398	4.691e-05
418	0.98497	0.0060412	0.0089316	5.4787e-05
419	0.98274	0.0082699	0.0089111	7.4998e-05
420	0.98199	0.0090214	0.008904	8.1812e-05
421	0.98263	0.0083863	0.0089094	7.6049e-05
422	0.98483	0.0061812	0.0089291	5.6049e-05
423	0.98529	0.0057216	0.008933	5.1877e-05
424	0.98468	0.0063324	0.0089272	5.741e-05
425	0.98575	0.0052676	0.0089365	4.7755e-05
426	0.98876	0.0022535	0.0089635	2.043e-05
427	0.99011	0.00090822	0.0089754	8.2337e-06
428	0.98986	0.0011583	0.0089729	1.0501e-05
429	0.99039	0.00062703	0.0089774	5.6849e-06
430	0.98712	0.0038929	0.0089475	3.5294e-05
431	0.98006	0.010954	0.0088831	9.9306e-05
432	0.97565	0.015371	0.0088428	0.00013934
433	0.97349	0.017532	0.0088229	0.00015892
434	0.97385	0.017169	0.0088259	0.00015562
435	0.97684	0.014178	0.0088527	0.00012852
436	0.9769	0.014117	0.008853	0.00012796
437	0.96634	0.024679	0.008757	0.00022368
438	0.9609	0.030123	0.0087074	0.00027301
439	0.95809	0.032926	0.0086817	0.00029841
440	0.95855	0.032467	0.0086855	0.00029424
441	0.96241	0.028613	0.0087201	0.00025933
442	0.93851	0.052514	0.0085032	0.00047595
443	0.9222	0.068821	0.0083551	0.00062373
444	0.91195	0.079073	0.008262	0.00071661
445	0.89045	0.10057	0.0080669	0.0009114
446	0.87612	0.1149	0.0079367	0.0010412
447	0.86938	0.12164	0.0078754	0.0011023
448	0.85002	0.14101	0.0076996	0.0012777
449	0.84023	0.15079	0.0076107	0.0013664
450	0.83554	0.15548	0.007568	0.0014088
451	0.83529	0.15573	0.0075654	0.001411
452	0.83943	0.15159	0.0076027	0.0013735
453	0.84812	0.1429	0.0076811	0.0012947
454	0.86297	0.12805	0.0078154	0.0011602
455	0.88612	0.1049	0.0080249	0.00095039
456	0.92635	0.06468	0.008389	0.00058598
457	0.81208	0.17894	0.007354	0.0016207
458	0.73407	0.25696	0.0066473	0.0023271
459	0.67929	0.31174	0.0061511	0.002823
460	0.5728	0.41823	0.0051867	0.0037872
461	0.51046	0.48057	0.004622	0.0043516
462	0.47424	0.51679	0.004294	0.0046793
463	0.38712	0.60391	0.003505	0.005468
464	0.3362	0.65483	0.0030438	0.0059289
465	0.30061	0.69041	0.0027216	0.0062509
466	0.28061	0.71042	0.0025404	0.0064318
467	0.26765	0.72338	0.0024229	0.0065489
468	0.26267	0.72835	0.0023778	0.0065938
469	0.26432	0.72671	0.0023927	0.0065786
470	0.25477	0.73626	0.0023061	0.0066649
471	0.25248	0.73855	0.0022852	0.0066855
472	0.23934	0.75169	0.0021662	0.0068042
473	0.23205	0.75898	0.0021002	0.0068699
474	0.22916	0.76187	0.0020739	0.0068959
475	0.18069	0.81034	0.0016351	0.0073344
476	0.14654	0.84449	0.001326	0.0076433
477	0.1226	0.86843	0.0011093	0.0078597
478	0.10922	0.88182	0.00098814	0.0079805
479	0.10082	0.89021	0.00091217	0.0080562
480	0.078334	0.9127	0.00070866	0.0082594
481	0.062543	0.92849	0.00056577	0.008402
482	0.051552	0.93948	0.00046632	0.0085012
483	0.044042	0.94699	0.00039837	0.0085689
484	0.039353	0.95168	0.00035596	0.008611
485	0.03767	0.95336	0.00034073	0.0086259
486	0.037727	0.95331	0.00034124	0.0086251
487	0.033402	0.95763	0.00030212	0.008664
488	0.031821	0.95921	0.00028781	0.008678
489	0.031644	0.95939	0.00028621	0.0086793
490	0.027236	0.9638	0.00024633	0.0087189
491	0.024649	0.96639	0.00022293	0.008742
492	0.023358	0.96768	0.00021125	0.0087534
493	0.017971	0.97306	0.00016253	0.0088019
494	0.015095	0.97594	0.00013651	0.0088276
495	0.013938	0.9771	0.00012604	0.0088378
496	0.013691	0.97735	0.0001238	0.0088397
497	0.014827	0.97621	0.00013408	0.0088292
498	0.017025	0.97401	0.00015395	0.008809
499	0.021451	0.96959	0.00019396	0.0087687
500	0.029361	0.96168	0.00026548	0.0086969
501	0.040537	0.9505	0.00036652	0.0085956
502	0.059704	0.93133	0.0005398	0.008422
503	0.067357	0.92368	0.00060897	0.0083526
504	0.081471	0.90957	0.00073652	0.0082247
505	0.10169	0.88935	0.00091928	0.0080417
506	0.13045	0.86059	0.0011792	0.0077814
507	0.17258	0.81846	0.0015601	0.0074003
508	0.23216	0.75888	0.0020986	0.0068615
509	0.33336	0.65768	0.0030133	0.0059465
510	0.48092	0.51012	0.0043472	0.0046123
511	0.49904	0.492	0.0045109	0.0044483
512	0.52641	0.46463	0.0047582	0.0042007
513	0.57437	0.41667	0.0051916	0.0037671
514	0.64512	0.34592	0.005831	0.0031274
515	0.74883	0.24221	0.0067684	0.0021896
516	0.92362	0.067422	0.0083483	0.00060956
517	0.92938	0.061666	0.0084	0.0005575
518	0.94144	0.049599	0.0085088	0.00044841
519	0.96307	0.027977	0.008704	0.00025297
520	0.94314	0.047906	0.0085235	0.00043314
521	0.93221	0.058835	0.0084245	0.00053194
522	0.92581	0.065232	0.0083664	0.00058976
523	0.92302	0.068019	0.0083409	0.00061494
524	0.92345	0.067597	0.0083445	0.00061111
525	0.92688	0.064165	0.0083752	0.00058007
526	0.91353	0.077514	0.0082543	0.00070071
527	0.90705	0.084	0.0081954	0.00075931
528	0.90416	0.086887	0.0081691	0.00078539
529	0.86121	0.12984	0.0077806	0.0011736
530	0.83242	0.15863	0.0075201	0.0014337
531	0.81671	0.17434	0.0073779	0.0015757
532	0.77797	0.21308	0.0070276	0.0019257
533	0.75627	0.23477	0.0068313	0.0021217
534	0.74286	0.24819	0.0067099	0.0022429
535	0.71338	0.27767	0.0064433	0.0025092
536	0.69438	0.29667	0.0062714	0.0026808
537	0.68312	0.30792	0.0061695	0.0027824
538	0.65329	0.33776	0.0058998	0.0030519
539	0.6341	0.35695	0.0057263	0.0032251
540	0.62222	0.36883	0.0056188	0.0033324
541	0.6162	0.37485	0.0055643	0.0033865
542	0.61782	0.37323	0.0055788	0.0033718
543	0.62766	0.36339	0.0056674	0.0032829
544	0.60661	0.38444	0.0054771	0.0034729
545	0.59331	0.39774	0.0053568	0.0035929
546	0.58615	0.4049	0.005292	0.0036575
547	0.56185	0.4292	0.0050725	0.0038768
548	0.54959	0.44146	0.0049616	0.0039873
549	0.546	0.44505	0.004929	0.0040197
550	0.5475	0.44355	0.0049424	0.004006
551	0.55427	0.43678	0.0050034	0.0039448
552	0.57072	0.42033	0.0051517	0.0037961
553	0.59685	0.3942	0.0053875	0.0035601
554	0.6351	0.35595	0.0057327	0.0032146
555	0.69005	0.301	0.0062287	0.0027184
556	0.76831	0.22274	0.0069352	0.0020116
557	0.80177	0.18928	0.0072372	0.0017093
558	0.84996	0.14109	0.0076721	0.0012742
559	0.83971	0.15134	0.0075795	0.0013666
560	0.83629	0.15477	0.0075483	0.0013974
561	0.83882	0.15223	0.007571	0.0013745
562	0.81444	0.17662	0.0073506	0.0015946
563	0.79888	0.19218	0.00721	0.001735
564	0.79191	0.19915	0.0071469	0.0017978
565	0.71397	0.27709	0.0064433	0.0025012
566	0.66866	0.32239	0.0060342	0.00291
567	0.63738	0.35368	0.0057517	0.0031922
568	0.62065	0.37041	0.0056005	0.0033432
569	0.61359	0.37747	0.0055366	0.0034068
570	0.61426	0.3768	0.0055425	0.0034007
571	0.62284	0.36822	0.0056197	0.0033231
572	0.63854	0.35252	0.0057611	0.0031814
573	0.6682	0.32286	0.0060286	0.0029137
574	0.66141	0.32965	0.0059671	0.0029749
575	0.66226	0.32879	0.0059746	0.0029672
576	0.66865	0.3224	0.006032	0.0029095
577	0.66594	0.32512	0.0060073	0.0029339
578	0.66812	0.32293	0.0060268	0.0029141
579	0.67547	0.31558	0.006093	0.0028477
580	0.69242	0.29864	0.0062456	0.0026948
581	0.69625	0.29481	0.00628	0.0026602
582	0.70592	0.28514	0.006367	0.0025729
583	0.70425	0.28682	0.0063516	0.002588
584	0.70978	0.28128	0.0064013	0.002538
585	0.72143	0.26963	0.0065062	0.0024329
586	0.74087	0.25019	0.0066814	0.0022575
587	0.7709	0.22016	0.006952	0.0019865
588	0.78362	0.20745	0.0070665	0.0018718
589	0.76882	0.22224	0.0069329	0.0020051
590	0.76057	0.2305	0.0068583	0.0020795
591	0.75766	0.2334	0.0068319	0.0021056
592	0.75969	0.23137	0.00685	0.0020872
593	0.76919	0.22188	0.0069355	0.0020015
594	0.78865	0.20241	0.0071108	0.0018259
595	0.81858	0.17249	0.0073805	0.001556
596	0.86327	0.1278	0.0077835	0.0011528
597	0.92704	0.064019	0.0083586	0.00057745
598	0.96019	0.030877	0.0086573	0.0002785
599	0.97758	0.013487	0.0088138	0.00012165
600	0.97521	0.015853	0.0087923	0.00014299
601	0.96681	0.024254	0.0087163	0.00021873
602	0.95002	0.041041	0.0085646	0.00037009
603	0.93922	0.051848	0.0084669	0.00046753
604	0.91749	0.073572	0.0082708	0.00066339
605	0.90556	0.085502	0.008163	0.00077094
606	0.89832	0.092746	0.0080975	0.00083623
607	0.89653	0.094537	0.0080811	0.00085237
608	0.89834	0.092722	0.0080972	0.000836
609	0.9037	0.087366	0.0081452	0.00078769
610	0.90225	0.088817	0.0081319	0.00080074
611	0.90556	0.085503	0.0081616	0.00077085
612	0.90246	0.088609	0.0081333	0.00079883
613	0.90417	0.086897	0.0081485	0.00078338
614	0.90965	0.08142	0.0081977	0.00073399
615	0.91968	0.071391	0.0082878	0.00064357
616	0.92231	0.068761	0.0083113	0.00061984
617	0.92827	0.0628	0.0083648	0.00056609
618	0.92936	0.061712	0.0083744	0.00055626
619	0.93342	0.057647	0.0084108	0.00051959
620	0.94292	0.048151	0.0084962	0.00043399
621	0.94678	0.044289	0.0085307	0.00039917
622	0.93599	0.055083	0.0084332	0.00049642
623	0.92935	0.061725	0.0083732	0.00055625
624	0.92744	0.063627	0.0083558	0.00057337
625	0.92974	0.061328	0.0083763	0.00055264
626	0.93548	0.055591	0.0084277	0.00050093
627	0.94548	0.045589	0.0085176	0.00041079
628	0.94207	0.049006	0.0084866	0.00044155
629	0.94135	0.049727	0.0084799	0.00044803
630	0.94447	0.046599	0.0085078	0.00041984
631	0.95234	0.038733	0.0085784	0.00034897
632	0.94756	0.043514	0.0085351	0.00039203
633	0.94555	0.045525	0.0085168	0.00041013
634	0.94606	0.045009	0.0085212	0.00040546
635	0.95046	0.040616	0.0085606	0.00036588
636	0.95998	0.031098	0.008646	0.00028014
637	0.96412	0.026951	0.0086832	0.00024277
638	0.97148	0.019598	0.0087491	0.00017655
639	0.98271	0.0083683	0.00885	7.5392e-05
640	0.98019	0.010882	0.0088271	9.8036e-05
641	0.97397	0.017109	0.0087708	0.00015412
642	0.9703	0.020778	0.0087375	0.00018717
643	0.96109	0.029985	0.0086544	0.00027008
644	0.95561	0.035462	0.0086048	0.00031939
645	0.95392	0.037156	0.0085893	0.00033464
646	0.94825	0.042827	0.008538	0.0003857
647	0.9457	0.04538	0.0085148	0.00040868
648	0.94677	0.044309	0.0085242	0.00039903
649	0.89027	0.10081	0.0080152	0.00090776
650	0.85754	0.13354	0.0077202	0.0012025
651	0.8359	0.15517	0.0075252	0.0013973
652	0.78527	0.2058	0.0070692	0.0018531
653	0.75631	0.23477	0.0068082	0.0021138
654	0.73761	0.25347	0.0066397	0.0022821
655	0.69211	0.29897	0.00623	0.0026916
656	0.66643	0.32464	0.0059986	0.0029227
657	0.65026	0.34082	0.0058529	0.0030682
658	0.64354	0.34754	0.0057922	0.0031286
659	0.64197	0.34911	0.005778	0.0031426
660	0.64585	0.34523	0.0058127	0.0031076
661	0.65518	0.3359	0.0058965	0.0030235
662	0.6752	0.31588	0.0060766	0.0028432
663	0.7116	0.27948	0.0064041	0.0025155
664	0.76573	0.22535	0.0068911	0.0020282
665	0.85765	0.13343	0.0077182	0.0012009
666	0.90556	0.085518	0.0081492	0.00076969
667	0.90986	0.081218	0.0081877	0.00073098
668	0.89357	0.097512	0.0080409	0.00087757
669	0.88309	0.10799	0.0079463	0.00097186
670	0.87907	0.11201	0.00791	0.001008
671	0.88037	0.11071	0.0079215	0.00099626
672	0.88727	0.10381	0.0079833	0.00093414
673	0.89894	0.092142	0.0080881	0.00082912
674	0.92048	0.070601	0.0082817	0.00063529
675	0.95175	0.039332	0.0085628	0.00035394
676	0.96666	0.024421	0.0086967	0.00021976
677	0.97295	0.018135	0.0087531	0.0001632
678	0.98304	0.0080476	0.0088436	7.2421e-05
679	0.98372	0.0073598	0.0088496	6.623e-05
680	0.98283	0.0082575	0.0088413	7.4305e-05
681	0.98375	0.0073341	0.0088493	6.5996e-05
682	0.98293	0.0081546	0.0088417	7.3375e-05
683	0.98345	0.0076332	0.0088462	6.8682e-05
684	0.98538	0.0057072	0.0088633	5.1352e-05
685	0.98894	0.0021454	0.0088951	1.9304e-05
686	0.99082	0.00027049	0.0089117	2.4338e-06
687	0.99101	7.7937e-05	0.0089133	7.0124e-07
688	0.99036	0.000724	0.0089072	6.5127e-06
689	0.98921	0.0018796	0.0088966	1.6906e-05
690	0.98672	0.0043707	0.008874	3.931e-05
691	0.98557	0.0055195	0.0088635	4.9639e-05
692	0.986	0.0050835	0.0088672	4.5717e-05
693	0.98776	0.0033286	0.0088827	2.9932e-05
694	0.98855	0.0025363	0.0088896	2.2807e-05
695	0.98866	0.0024275	0.0088904	2.1828e-05
696	0.98822	0.0028656	0.0088862	2.5768e-05
697	0.98661	0.0044824	0.0088715	4.0307e-05
698	0.98655	0.0045387	0.0088708	4.0814e-05
699	0.98542	0.0056686	0.0088604	5.0973e-05
700	0.98557	0.0055151	0.0088615	4.959e-05
701	0.98743	0.0036638	0.008878	3.2943e-05
702	0.98817	0.0029208	0.0088844	2.6264e-05
703	0.98798	0.0031084	0.0088825	2.795e-05
704	0.98886	0.0022327	0.0088902	2.0076e-05
705	0.99092	0.00016777	0.0089085	1.5087e-06
706	0.98995	0.0011396	0.0088996	1.0247e-05
707	0.98984	0.001253	0.0088984	1.1266e-05
708	0.99057	0.00052407	0.0089047	4.7122e-06
709	0.90497	0.086122	0.008135	0.00077422
710	0.85488	0.13621	0.0076845	0.0012245
711	0.81999	0.1711	0.0073707	0.0015382
712	0.75236	0.23873	0.0067625	0.0021461
713	0.705	0.2861	0.0063366	0.0025718
714	0.67816	0.31293	0.0060952	0.002813
715	0.62385	0.36724	0.0056069	0.0033011
716	0.58736	0.40374	0.0052787	0.0036291
717	0.5625	0.42859	0.0050552	0.0038524
718	0.547	0.44409	0.0049158	0.0039916
719	0.54106	0.45004	0.0048622	0.0040449
720	0.54287	0.44823	0.0048784	0.0040286
721	0.53428	0.45681	0.0048011	0.0041057
722	0.53116	0.45993	0.0047729	0.0041336
723	0.53312	0.45798	0.0047904	0.004116
724	0.54336	0.44773	0.0048823	0.0040238
725	0.56124	0.42985	0.0050429	0.003863
726	0.58934	0.40175	0.0052952	0.0036105
727	0.63169	0.35941	0.0056757	0.0032298
728	0.70476	0.28633	0.0063322	0.0025731
729	0.81186	0.17924	0.0072945	0.0016106
730	0.86777	0.12333	0.0077967	0.0011082
731	0.87439	0.1167	0.007856	0.0010487
732	0.88583	0.10527	0.0079586	0.00094588
733	0.90346	0.087639	0.0081168	0.00078747
734	0.93452	0.056577	0.0083957	0.00050837
735	0.97904	0.012058	0.0087955	0.00010834
736	0.97999	0.011105	0.0088039	9.9777e-05
737	0.98331	0.007785	0.0088335	6.9942e-05
738	0.98991	0.0011829	0.0088926	1.0627e-05
739	0.98949	0.0016021	0.0088887	1.4392e-05
740	0.98862	0.002478	0.0088806	2.2261e-05
741	0.98895	0.0021442	0.0088834	1.9263e-05
742	0.9864	0.0047	0.0088602	4.2225e-05
743	0.98521	0.005884	0.0088494	5.2863e-05
744	0.98526	0.0058386	0.0088496	5.2454e-05
745	0.984	0.0070985	0.0088381	6.377e-05
746	0.98078	0.010321	0.0088089	9.2713e-05
747	0.97928	0.011815	0.0087953	0.00010613
748	0.97511	0.01599	0.0087576	0.00014363
749	0.97302	0.018083	0.0087386	0.00016242
750	0.97344	0.017661	0.0087422	0.00015863
751	0.97583	0.015265	0.0087635	0.0001371
752	0.98147	0.0096292	0.0088139	8.6486e-05
753	0.99046	0.0006429	0.0088944	5.7747e-06
754	0.9907	0.00039623	0.0088964	3.5589e-06
755	0.99088	0.00021807	0.0088979	1.9586e-06
756	0.99106	3.9402e-05	0.0088993	3.5383e-07
757	0.98972	0.0013834	0.008887	1.2423e-05
758	0.98933	0.0017713	0.0088833	1.5905e-05
759	0.99003	0.0010745	0.0088894	9.6481e-06
760	0.9891	0.0020034	0.0088808	1.799e-05
761	0.98913	0.0019757	0.0088809	1.7741e-05
762	0.99007	0.0010358	0.0088891	9.3015e-06
763	0.98922	0.0018799	0.0088814	1.6879e-05
764	0.9895	0.0015987	0.0088837	1.4354e-05
765	0.99074	0.00035867	0.0088947	3.2205e-06
766	0.99079	0.00031225	0.0088949	2.8034e-06
767	0.99006	0.0010447	0.0088881	9.3792e-06
768	0.98852	0.002581	0.0088741	2.3171e-05
769	0.98831	0.002788	0.0088721	2.503e-05
770	0.98914	0.0019663	0.0088793	1.7652e-05
771	0.98944	0.0016633	0.0088818	1.4933e-05
772	0.9892	0.0019021	0.0088795	1.7077e-05
773	0.98825	0.0028494	0.0088708	2.558e-05
774	0.9883	0.0028027	0.008871	2.516e-05
775	0.98967	0.001435	0.0088831	1.2882e-05
776	0.98884	0.0022596	0.0088755	2.0285e-05
777	0.98899	0.0021097	0.0088767	1.8939e-05
778	0.99009	0.0010162	0.0088863	9.1218e-06
779	0.99077	0.00033121	0.0088923	2.973e-06
780	0.99059	0.00051	0.0088905	4.5773e-06
781	0.99037	0.00073541	0.0088883	6.6005e-06
782	0.99088	0.00022172	0.0088927	1.9898e-06
783	0.99085	0.00025885	0.0088922	2.3232e-06
784	0.98994	0.0011619	0.0088839	1.0427e-05
785	0.99004	0.0010688	0.0088846	9.5919e-06
786	0.99094	0.00017088	0.0088925	1.5334e-06
787	0.99109	1.5181e-05	0.0088937	1.3623e-07
788	0.99075	0.00035969	0.0088904	3.2279e-06
789	0.99105	6.0002e-05	0.0088929	5.3847e-07
790	0.99079	0.00031668	0.0088904	2.8422e-06
791	0.99049	0.00061909	0.0088875	5.5564e-06
792	0.98995	0.0011558	0.0088825	1.0374e-05
793	0.98882	0.0022855	0.0088722	2.0511e-05
794	0.9887	0.0024039	0.008871	2.1573e-05
795	0.98953	0.001579	0.0088782	1.417e-05
796	0.98988	0.0012259	0.0088812	1.1002e-05
797	0.98982	0.0012883	0.0088805	1.1563e-05
798	0.98928	0.0018281	0.0088754	1.6407e-05
799	0.98347	0.0076419	0.0088231	6.8579e-05
800	0.97167	0.019437	0.0087171	0.00017442
801	0.94722	0.043891	0.0084975	0.00039382
802	0.89152	0.099584	0.0079977	0.00089346
803	0.85927	0.13184	0.0077082	0.0011829
804	0.83797	0.15314	0.0075169	0.0013739
805	0.82455	0.16655	0.0073965	0.0014942
806	0.81903	0.17208	0.0073468	0.0015438
807	0.81972	0.17139	0.0073529	0.0015375
808	0.82684	0.16427	0.0074165	0.0014737
809	0.84232	0.14879	0.0075552	0.0013348
810	0.86647	0.12464	0.0077717	0.0011182
811	0.86452	0.12659	0.0077541	0.0011356
812	0.86813	0.12299	0.0077862	0.0011033
813	0.87591	0.1152	0.0078559	0.0010335
814	0.87551	0.11561	0.0078521	0.0010371
815	0.87904	0.11207	0.0078836	0.0010055
816	0.88701	0.1041	0.007955	0.00093391
817	0.87402	0.11709	0.0078383	0.0010504
818	0.86832	0.12279	0.007787	0.0011016
819	0.86651	0.1246	0.0077706	0.0011177
820	0.85771	0.1334	0.0076916	0.0011967
821	0.8537	0.13742	0.0076554	0.0012326
822	0.85356	0.13755	0.0076541	0.0012338
823	0.84435	0.14676	0.0075713	0.0013164
824	0.84176	0.14936	0.0075479	0.0013397
825	0.84309	0.14802	0.0075598	0.0013276
826	0.85075	0.14036	0.0076284	0.0012589
827	0.86691	0.1242	0.0077731	0.001114
828	0.89102	0.10009	0.0079892	0.00089776
829	0.90052	0.09059	0.0080742	0.00081255
830	0.91546	0.075658	0.008208	0.00067861
831	0.93761	0.053499	0.0084066	0.00047984
832	0.94683	0.044279	0.0084892	0.00039714
833	0.95057	0.040542	0.0085226	0.00036361
834	0.9574	0.033714	0.0085837	0.00030236
835	0.97048	0.020637	0.0087008	0.00018508
836	0.97613	0.01498	0.0087514	0.00013434
837	0.98682	0.0042902	0.0088471	3.8474e-05
838	0.98585	0.0052621	0.0088382	4.7187e-05
839	0.98643	0.0046855	0.0088432	4.2017e-05
840	0.98582	0.0052969	0.0088376	4.7498e-05
841	0.98644	0.0046716	0.008843	4.1891e-05
842	0.98831	0.0028045	0.0088596	2.5148e-05
843	0.98892	0.0021991	0.0088649	1.9719e-05
844	0.9866	0.0045111	0.008844	4.0445e-05
845	0.98599	0.0051226	0.0088384	4.5928e-05
846	0.98661	0.0045107	0.0088437	4.0442e-05
847	0.98599	0.0051212	0.0088381	4.5914e-05
848	0.98422	0.0068965	0.008822	6.183e-05
849	0.98379	0.0073235	0.0088181	6.5658e-05
850	0.98466	0.0064535	0.0088257	5.7857e-05
851	0.98693	0.004182	0.0088459	3.7493e-05
852	0.99088	0.00023601	0.0088812	2.116e-06
853	0.99105	7.1213e-05	0.0088825	6.3843e-07
854	0.9886	0.0025154	0.0088604	2.2549e-05
855	0.97164	0.019481	0.0087082	0.00017462
856	0.96013	0.030986	0.008605	0.00027773
857	0.95419	0.036922	0.0085516	0.00033094
858	0.95111	0.040003	0.0085239	0.00035854
859	0.95153	0.039589	0.0085275	0.00035483
860	0.9544	0.036718	0.0085531	0.0003291
861	0.96007	0.031043	0.0086038	0.00027823
862	0.97118	0.019942	0.0087031	0.00017874
863	0.98813	0.002986	0.008855	2.6769e-05
864	0.98815	0.0029702	0.008855	2.6627e-05
865	0.9832	0.0079147	0.0088105	7.0944e-05
866	0.98043	0.010692	0.0087855	9.5834e-05
867	0.97942	0.011702	0.0087763	0.00010488
868	0.98003	0.011089	0.0087817	9.9386e-05
869	0.98294	0.0081793	0.0088076	7.3308e-05
870	0.98409	0.0070332	0.0088178	6.3038e-05
871	0.98396	0.0071589	0.0088165	6.4167e-05
872	0.98205	0.0090723	0.0087992	8.1317e-05
873	0.9816	0.0095163	0.0087951	8.5296e-05
874	0.98258	0.0085442	0.0088037	7.6584e-05
875	0.98218	0.0089369	0.0088001	8.0105e-05
876	0.98327	0.0078485	0.0088097	7.0352e-05
877	0.986	0.0051226	0.008834	4.5924e-05
878	0.9869	0.0042242	0.0088419	3.7874e-05
879	0.97499	0.016133	0.008735	0.00014462
880	0.9686	0.022522	0.0086777	0.00020188
881	0.96509	0.026026	0.0086461	0.0002333
882	0.96397	0.02715	0.0086359	0.00024337
883	0.96491	0.026212	0.0086442	0.00023497
884	0.96222	0.0289	0.00862	0.00025906
885	0.96173	0.029393	0.0086155	0.00026348
886	0.94311	0.048011	0.0084486	0.0004303
887	0.90063	0.090489	0.0080678	0.00081091
888	0.80743	0.18369	0.0072327	0.001646
889	0.59571	0.39542	0.0053359	0.0035427
890	0.45058	0.54054	0.0040358	0.0048427
891	0.35118	0.63994	0.0031454	0.005733
892	0.29287	0.69825	0.002623	0.0062552
893	0.25326	0.73786	0.0022683	0.0066099
894	0.2257	0.76542	0.0020213	0.0068567
895	0.1699	0.82122	0.0015215	0.0073564
896	0.13046	0.86066	0.0011683	0.0077095
897	0.10757	0.88355	0.00096328	0.0079145
898	0.094728	0.89639	0.00084824	0.0080294
899	0.086612	0.90451	0.00077555	0.008102
900	0.081751	0.90937	0.000732	0.0081454
901	0.07956	0.91156	0.00071238	0.008165
902	0.081245	0.90988	0.00072746	0.0081498
903	0.087201	0.90392	0.00078078	0.0080964
904	0.071862	0.91926	0.00064341	0.0082336
905	0.061695	0.92943	0.00055235	0.0083246
906	0.056589	0.93453	0.00050663	0.0083702
907	0.053805	0.93732	0.00048169	0.0083951
908	0.05422	0.9369	0.00048539	0.0083913
909	0.056831	0.93429	0.00050877	0.0083678
910	0.061737	0.92939	0.00055269	0.0083238
911	0.069875	0.92125	0.00062557	0.0082508
912	0.082417	0.90871	0.00073788	0.0081384
913	0.075334	0.91579	0.00067447	0.0082017
914	0.071178	0.91995	0.00063726	0.0082388
915	0.070839	0.92028	0.00063423	0.0082417
916	0.074222	0.9169	0.00066452	0.0082114
917	0.080353	0.91077	0.00071943	0.0081564
918	0.092334	0.89879	0.00082671	0.008049
919	0.094816	0.89631	0.00084893	0.0080267
920	0.10055	0.89058	0.00090025	0.0079752
921	0.11235	0.87878	0.0010059	0.0078695
922	0.12973	0.8614	0.0011616	0.0077137
923	0.16016	0.83097	0.0014341	0.0074411
924	0.21185	0.77928	0.0018969	0.0069782
925	0.23719	0.75394	0.0021238	0.0067512
926	0.27495	0.71618	0.0024619	0.006413
927	0.33926	0.65186	0.0030378	0.0058371
928	0.44784	0.54329	0.0040098	0.0048649
929	0.60628	0.38484	0.0054284	0.0034462
930	0.67216	0.31896	0.0060183	0.0028562
931	0.78461	0.20651	0.007025	0.0018494
932	0.83559	0.15554	0.0074814	0.0013929
933	0.90821	0.082911	0.0081317	0.00074254
934	0.91678	0.074343	0.0082083	0.00066579
935	0.93084	0.060289	0.0083341	0.00053992
936	0.95582	0.035309	0.0085577	0.00031622
937	0.95828	0.032846	0.0085797	0.00029416
938	0.95691	0.034218	0.0085673	0.00030644
939	0.95874	0.032382	0.0085837	0.00029
940	0.95744	0.033687	0.0085719	0.00030169
941	0.95855	0.032579	0.0085817	0.00029177
942	0.96203	0.0291	0.0086127	0.00026061
943	0.96157	0.029555	0.0086086	0.00026468
944	0.95782	0.03331	0.0085749	0.0002983
945	0.95743	0.033702	0.0085713	0.00030181
946	0.95929	0.031838	0.0085879	0.00028512
947	0.95733	0.033796	0.0085702	0.00030265
948	0.95781	0.03332	0.0085744	0.00029838
949	0.96059	0.030533	0.0085993	0.00027342
950	0.96745	0.023679	0.0086606	0.00021205
951	0.97807	0.013061	0.0087556	0.00011697
952	0.98259	0.0085398	0.008796	7.6479e-05
953	0.98997	0.0011553	0.008862	1.0349e-05
954	0.98971	0.001414	0.0088596	1.2665e-05
955	0.98567	0.0054575	0.0088233	4.887e-05
956	0.98348	0.0076527	0.0088036	6.8524e-05
957	0.98281	0.0083155	0.0087976	7.4457e-05
958	0.95142	0.039709	0.0085164	0.00035553
959	0.88062	0.11051	0.0078825	0.00098936
960	0.83091	0.16022	0.0074375	0.0014344
961	0.79631	0.19482	0.0071277	0.001744
962	0.77713	0.214	0.0069559	0.0019157
963	0.76791	0.22322	0.0068734	0.0019982
964	0.76594	0.22519	0.0068557	0.0020159
965	0.76885	0.22227	0.0068817	0.0019898
966	0.77707	0.21406	0.0069552	0.0019162
967	0.79177	0.19936	0.0070867	0.0017846
968	0.81925	0.17188	0.0073326	0.0015387
969	0.85908	0.13205	0.0076891	0.0011821
970	0.91606	0.075064	0.0081991	0.00067195
971	0.9454	0.045726	0.0084617	0.00040933
972	0.98747	0.0036611	0.0088382	3.2769e-05
973	0.9871	0.0040244	0.0088349	3.6019e-05
974	0.98818	0.0029497	0.0088444	2.6399e-05
975	0.991	0.00013159	0.0088696	1.1779e-06
976	0.98921	0.0019191	0.0088535	1.718e-05
977	0.98847	0.0026566	0.0088468	2.3781e-05
978	0.9887	0.0024324	0.0088487	2.1775e-05
979	0.98991	0.0012199	0.0088595	1.0922e-05
980	0.97879	0.012344	0.0087598	0.00011051
