#coord	neutral	conserved	gBGC.neutral	gBGC.conserved
1	0.78136	0.21786	0.0006112	0.00017098
2	0.78921	0.21001	0.00061652	0.00016453
3	0.80285	0.19637	0.00062649	0.00015347
4	0.82867	0.17055	0.00064586	0.00013298
5	0.87401	0.12521	0.00068022	9.7482e-05
6	0.9511	0.048124	0.00073877	3.7763e-05
7	0.96116	0.038064	0.00074552	2.9895e-05
8	0.97634	0.022881	0.00075634	1.7995e-05
9	0.99847	0.00075263	0.0007727	5.9935e-07
10	0.99844	0.00078569	0.00077168	6.2235e-07
11	0.99813	0.0010946	0.00077049	8.6015e-07
12	0.9986	0.00062909	0.00076994	4.9289e-07
13	0.99785	0.0013805	0.00076841	1.079e-06
14	0.99797	0.0012648	0.0007676	9.8787e-07
15	0.99893	0.00030716	0.00076749	2.4148e-07
16	0.99891	0.00031928	0.00076666	2.5013e-07
17	0.9989	0.00033392	0.00076587	2.6105e-07
18	0.99886	0.00037167	0.00076511	2.9019e-07
19	0.9976	0.0016326	0.00076344	1.2619e-06
20	0.99749	0.0017431	0.00076262	1.3546e-06
21	0.99671	0.0025264	0.00076133	1.963e-06
22	0.99497	0.004265	0.00075927	3.3242e-06
23	0.9945	0.0047346	0.00075823	3.6936e-06
24	0.99233	0.0069091	0.00075593	5.371e-06
25	0.99157	0.0076706	0.00075476	5.9485e-06
26	0.99221	0.0070266	0.00075472	5.4351e-06
27	0.99482	0.0044189	0.00075616	3.4317e-06
28	0.99605	0.0031938	0.00075649	2.5046e-06
29	0.99857	0.00067603	0.00075785	5.8012e-07
30	0.9978	0.001439	0.00075658	1.2671e-06
31	0.99642	0.0028209	0.0007547	2.5401e-06
32	0.99609	0.0031533	0.00075373	2.9432e-06
33	0.99677	0.0024763	0.00075361	2.5287e-06
34	0.99654	0.0027082	0.0007527	2.9469e-06
35	0.99198	0.0072643	0.00074713	7.9942e-06
36	0.98935	0.0098914	0.00074355	1.1094e-05
37	0.9694	0.02985	0.00072053	3.3611e-05
38	0.95628	0.042966	0.00070515	4.8528e-05
39	0.94778	0.051462	0.0006948	5.8448e-05
40	0.94289	0.05636	0.00068825	6.4607e-05
41	0.94123	0.05802	0.00068496	6.7544e-05
42	0.94234	0.056905	0.00068427	6.7908e-05
43	0.93786	0.061394	0.00067811	6.9904e-05
44	0.92681	0.072447	0.00066675	7.7055e-05
45	0.92014	0.079115	0.0006589	8.0774e-05
46	0.91707	0.082199	0.00065398	8.1632e-05
47	0.88163	0.11763	0.00062547	0.00010604
48	0.86148	0.1378	0.0006079	0.00011947
49	0.81338	0.1859	0.00057106	0.00015225
50	0.7066	0.29268	0.00049443	0.00022489
51	0.64358	0.35571	0.00044832	0.00026698
52	0.59954	0.39975	0.00041597	0.00029537
53	0.5692	0.43009	0.00039344	0.000314
54	0.55299	0.44631	0.00038056	0.00032295
55	0.51547	0.48383	0.00035325	0.0003463
56	0.49465	0.50465	0.00033733	0.00035824
57	0.48216	0.51715	0.00032732	0.00036433
58	0.45323	0.54608	0.00030629	0.00038141
59	0.39443	0.60488	0.0002654	0.00041833
60	0.36027	0.63905	0.00024112	0.00043861
61	0.33693	0.66239	0.00022444	0.00045135
62	0.32161	0.67772	0.0002133	0.0004586
63	0.31534	0.68399	0.00020813	0.00045985
64	0.31623	0.68311	0.00020766	0.00045639
65	0.32452	0.67482	0.00021199	0.0004481
66	0.33943	0.65991	0.00022075	0.00043544
67	0.36754	0.6318	0.00023797	0.0004143
68	0.40965	0.5897	0.00026435	0.00038405
69	0.40899	0.59037	0.00026244	0.00038207
70	0.39785	0.60151	0.00025377	0.00038683
71	0.395	0.60437	0.00025037	0.0003863
72	0.39963	0.59974	0.00025165	0.00038106
73	0.40977	0.58961	0.00025645	0.00037236
74	0.431	0.56838	0.00026797	0.00035691
75	0.4636	0.53578	0.00028652	0.00033448
76	0.47435	0.52503	0.00029146	0.00032573
77	0.49665	0.50274	0.00030329	0.00031005
78	0.53083	0.46856	0.0003224	0.00028716
79	0.52674	0.47265	0.00031789	0.00028786
80	0.5278	0.4716	0.00031661	0.00028539
81	0.53413	0.46527	0.00031857	0.00027972
82	0.54649	0.45292	0.00032421	0.00027044
83	0.57123	0.42818	0.00033706	0.00025392
84	0.60759	0.39182	0.00035682	0.00023054
85	0.62477	0.37464	0.00036482	0.0002189
86	0.65684	0.34258	0.00038128	0.00019877
87	0.71242	0.287	0.00041092	0.00016542
88	0.79158	0.20784	0.00045402	0.00011868
89	0.83259	0.16684	0.00047448	9.4537e-05
90	0.90259	0.096845	0.00051078	5.4523e-05
91	0.9118	0.087639	0.00051249	4.9064e-05
92	0.91329	0.08615	0.00050996	4.7922e-05
93	0.9094	0.090044	0.00050437	4.9802e-05
94	0.90889	0.090563	0.00050076	4.9765e-05
95	0.91169	0.087768	0.00049905	4.7885e-05
96	0.92006	0.079399	0.00050029	4.3028e-05
97	0.93341	0.06605	0.00050426	3.5495e-05
98	0.95734	0.042128	0.00051372	2.2445e-05
99	0.99842	0.0010507	0.00053196	5.712e-07
100	0.98466	0.014807	0.00052097	8.0024e-06
101	0.97713	0.022345	0.00051335	1.2031e-05
102	0.97367	0.025805	0.0005079	1.3848e-05
103	0.97259	0.026888	0.00050382	1.4367e-05
104	0.97444	0.025045	0.00050122	1.337e-05
105	0.97879	0.020697	0.00049998	1.1079e-05
106	0.97371	0.025783	0.00049388	1.371e-05
107	0.9616	0.037899	0.00048424	1.9952e-05
108	0.9538	0.0457	0.000477	2.3855e-05
109	0.95066	0.048846	0.00047212	2.5355e-05
110	0.94073	0.058773	0.00046391	3.026e-05
111	0.91659	0.082921	0.00044869	4.2222e-05
112	0.74127	0.25824	0.00035872	0.00012901
113	0.62125	0.37827	0.00029759	0.000187
114	0.53652	0.463	0.0002547	0.00022681
115	0.4769	0.52262	0.00022461	0.00025386
116	0.44265	0.55688	0.00020679	0.00026862
117	0.42402	0.57551	0.0001965	0.00027582
118	0.41311	0.58642	0.00019006	0.00027923
119	0.41061	0.58893	0.00018754	0.00027869
120	0.41579	0.58375	0.00018852	0.00027463
121	0.42662	0.57292	0.00019212	0.00026801
122	0.42467	0.57487	0.0001899	0.00026723
123	0.42771	0.57183	0.00019002	0.00026416
124	0.42095	0.5786	0.00018564	0.00026557
125	0.41936	0.58019	0.00018368	0.00026459
126	0.42274	0.57681	0.000184	0.00026139
127	0.41344	0.58612	0.00017877	0.00026376
128	0.38982	0.60974	0.00016726	0.00027241
129	0.37786	0.62171	0.00016089	0.00027589
130	0.34746	0.65211	0.00014648	0.00028739
131	0.32766	0.67191	0.00013693	0.00029408
132	0.27818	0.72139	0.00011493	0.00031325
133	0.24354	0.75604	9.9598e-05	0.0003258
134	0.22393	0.77565	9.0664e-05	0.00033192
135	0.21163	0.78795	8.494e-05	0.00033488
136	0.17857	0.82102	7.084e-05	0.00034625
137	0.15984	0.83974	6.2682e-05	0.00035166
138	0.14784	0.85175	5.7405e-05	0.00035422
139	0.14085	0.85874	5.4232e-05	0.00035472
140	0.13785	0.86175	5.271e-05	0.0003536
141	0.13841	0.86119	5.2632e-05	0.00035107
142	0.14262	0.85698	5.4012e-05	0.00034712
143	0.15108	0.84853	5.7078e-05	0.00034151
144	0.16421	0.8354	6.1983e-05	0.00033409
145	0.18769	0.81191	7.0831e-05	0.00032272
146	0.19516	0.80445	7.3367e-05	0.00031769
147	0.20765	0.79196	7.7859e-05	0.00031074
148	0.23111	0.7685	8.6485e-05	0.00029963
149	0.26501	0.73461	9.9109e-05	0.00028456
150	0.28029	0.71933	0.00010435	0.00027686
151	0.28443	0.71519	0.00010525	0.00027348
152	0.29351	0.70611	0.00010804	0.00026825
153	0.3124	0.68722	0.00011439	0.00025945
154	0.31689	0.68274	0.00011537	0.00025605
155	0.3298	0.66983	0.00011938	0.0002496
156	0.35075	0.64888	0.00012635	0.00024022
157	0.38276	0.61687	0.00013738	0.00022683
158	0.43849	0.56115	0.00015681	0.00020502
159	0.52031	0.47934	0.00018566	0.00017382
160	0.56155	0.4381	0.00019931	0.00015781
161	0.57755	0.42209	0.0002038	0.00015098
162	0.55979	0.43986	0.0001964	0.0001561
163	0.54909	0.45056	0.00019158	0.00015867
164	0.54681	0.45284	0.00018966	0.00015831
165	0.55232	0.44733	0.0001904	0.00015528
166	0.56714	0.43252	0.00019428	0.00014908
167	0.5911	0.40856	0.00020133	0.00013976
168	0.60088	0.39878	0.00020336	0.00013544
169	0.57229	0.42738	0.00019238	0.00014411
170	0.51396	0.4857	0.00017149	0.00016267
171	0.40137	0.5983	0.00013256	0.00019925
172	0.32434	0.67533	0.00010618	0.00022331
173	0.27899	0.72069	9.0455e-05	0.00023671
174	0.25284	0.74683	8.1159e-05	0.00024366
175	0.23585	0.76383	7.5035e-05	0.00024748
176	0.19965	0.80003	6.272e-05	0.00025747
177	0.17529	0.82439	5.4455e-05	0.00026344
178	0.15928	0.84041	4.8995e-05	0.00026663
179	0.14929	0.8504	4.5531e-05	0.00026786
180	0.14352	0.85617	4.3438e-05	0.00026775
181	0.14308	0.85661	4.2975e-05	0.00026599
182	0.14787	0.85182	4.4068e-05	0.00026267
183	0.1571	0.8426	4.65e-05	0.00025803
184	0.17506	0.82464	5.1445e-05	0.00025087
185	0.16591	0.83379	4.8324e-05	0.00025181
186	0.16134	0.83836	4.6627e-05	0.00025135
187	0.16234	0.83737	4.6549e-05	0.00024925
188	0.16692	0.83278	4.7531e-05	0.00024613
189	0.17839	0.82132	5.0438e-05	0.00024107
190	0.17893	0.82078	5.021e-05	0.00023916
191	0.17131	0.82841	4.7627e-05	0.00023961
192	0.16769	0.83203	4.6235e-05	0.00023888
193	0.16764	0.83207	4.5881e-05	0.00023714
194	0.17336	0.82636	4.7098e-05	0.00023382
195	0.18647	0.81325	5.0278e-05	0.00022853
196	0.18983	0.8099	5.0731e-05	0.00022595
197	0.19732	0.80241	5.231e-05	0.00022227
198	0.20985	0.78988	5.5233e-05	0.00021727
199	0.22893	0.7708	5.9882e-05	0.00021056
200	0.26292	0.73681	6.8328e-05	0.00020005
201	0.31311	0.68662	8.0955e-05	0.00018539
202	0.33395	0.66578	8.5795e-05	0.00017854
203	0.36576	0.63397	9.3478e-05	0.00016888
204	0.41154	0.58819	0.00010476	0.00015565
205	0.47899	0.52075	0.00012162	0.00013687
206	0.57463	0.42511	0.00014571	0.00011088
207	0.73585	0.2639	0.00018615	6.8524e-05
208	0.97109	0.028661	0.00024536	7.4377e-06
209	0.97297	0.026778	0.00024399	6.9055e-06
210	0.96195	0.0378	0.00023941	9.624e-06
211	0.72105	0.2787	0.00017713	7.0018e-05
212	0.5505	0.44925	0.00013357	0.00011172
213	0.42981	0.56994	0.0001031	0.00014035
214	0.34448	0.65528	8.1786e-05	0.00015986
215	0.29415	0.70561	6.9057e-05	0.00017077
216	0.25893	0.74084	6.0179e-05	0.00017785
217	0.23457	0.76519	5.4031e-05	0.00018223
218	0.22151	0.77825	5.0559e-05	0.00018392
219	0.2142	0.78557	4.8492e-05	0.00018422
220	0.19173	0.80804	4.3031e-05	0.00018795
221	0.13931	0.86046	3.0985e-05	0.00019828
222	0.10836	0.89141	2.3835e-05	0.0002037
223	0.086585	0.91319	1.8859e-05	0.00020698
224	0.074148	0.92563	1.5976e-05	0.00020815
225	0.065776	0.934	1.4039e-05	0.00020839
226	0.060464	0.93932	1.2802e-05	0.00020795
227	0.058912	0.94087	1.2373e-05	0.00020669
228	0.06062	0.93916	1.2631e-05	0.00020474
229	0.057078	0.94271	1.1759e-05	0.00020391
230	0.055887	0.9439	1.1404e-05	0.00020258
231	0.056655	0.94313	1.1468e-05	0.00020085
232	0.060893	0.9389	1.2229e-05	0.00019842
233	0.068171	0.93162	1.3607e-05	0.00019539
234	0.0791	0.92069	1.5714e-05	0.00019165
235	0.095579	0.90422	1.893e-05	0.00018681
236	0.12394	0.87586	2.4439e-05	0.00017968
237	0.16547	0.83433	3.2529e-05	0.00016999
238	0.23556	0.76424	4.6045e-05	0.00015486
239	0.33777	0.66203	6.5752e-05	0.00013356
240	0.35015	0.64965	6.7587e-05	0.00013012
241	0.37421	0.62559	7.1592e-05	0.0001245
242	0.41064	0.58917	7.7926e-05	0.00011657
243	0.46289	0.53692	8.7213e-05	0.00010571
244	0.48402	0.51578	9.0505e-05	0.00010087
245	0.52233	0.47748	9.6906e-05	9.2907e-05
246	0.57919	0.42062	0.00010672	8.1552e-05
247	0.6077	0.39212	0.00011105	7.5668e-05
248	0.65065	0.34916	0.00011801	6.7183e-05
249	0.64837	0.35145	0.00011658	6.7107e-05
250	0.63453	0.36528	0.00011298	6.918e-05
251	0.62746	0.37236	0.00011071	6.9955e-05
252	0.62565	0.37417	0.00010945	6.9745e-05
253	0.63152	0.3683	0.00010953	6.8173e-05
254	0.64388	0.35595	0.00011078	6.5463e-05
255	0.66449	0.33534	0.00011349	6.1321e-05
256	0.67033	0.3295	0.00011358	5.9809e-05
257	0.68256	0.31727	0.00011481	5.7189e-05
258	0.70293	0.2969	0.00011747	5.317e-05
259	0.70822	0.29162	0.00011749	5.1806e-05
260	0.71908	0.28076	0.00011848	4.9489e-05
261	0.74095	0.25888	0.0001213	4.5337e-05
262	0.77443	0.2254	0.00012609	3.9237e-05
263	0.82433	0.17551	0.00013365	3.0384e-05
264	0.90913	0.090707	0.0001469	1.5832e-05
265	0.91977	0.080065	0.00014754	1.3912e-05
266	0.92359	0.076248	0.00014699	1.3169e-05
267	0.93111	0.068735	0.00014707	1.1821e-05
268	0.92164	0.078203	0.00014438	1.3259e-05
269	0.91627	0.083575	0.00014241	1.4009e-05
270	0.91435	0.085496	0.00014103	1.419e-05
271	0.91592	0.083928	0.00014024	1.3807e-05
272	0.89224	0.10761	0.00013555	1.7333e-05
273	0.87934	0.12051	0.00013254	1.9175e-05
274	0.87161	0.12824	0.00013038	2.0189e-05
275	0.86999	0.12987	0.00012913	2.027e-05
276	0.87401	0.12584	0.00012872	1.9505e-05
277	0.88276	0.11709	0.00012904	1.8031e-05
278	0.87161	0.12824	0.00012634	1.9554e-05
279	0.86531	0.13454	0.00012442	2.0326e-05
280	0.86488	0.13497	0.00012334	2.0235e-05
281	0.86864	0.13122	0.00012291	1.953e-05
282	0.87713	0.12273	0.00012317	1.8141e-05
283	0.87724	0.12262	0.00012225	1.7968e-05
284	0.87057	0.12929	0.00012039	1.8745e-05
285	0.86799	0.13187	0.00011915	1.8929e-05
286	0.87106	0.1288	0.00011867	1.8331e-05
287	0.88065	0.11921	0.00011907	1.6845e-05
288	0.89948	0.10038	0.00012069	1.4124e-05
289	0.87853	0.12134	0.00011681	1.6886e-05
290	0.8647	0.13517	0.00011397	1.8622e-05
291	0.85676	0.14311	0.00011199	1.953e-05
292	0.8532	0.14667	0.00011063	1.9834e-05
293	0.85553	0.14434	0.00011002	1.9367e-05
294	0.86246	0.13742	0.00011004	1.8298e-05
295	0.87498	0.12489	0.0001108	1.6505e-05
296	0.87789	0.12198	0.00011032	1.5975e-05
297	0.88488	0.115	0.00011038	1.4921e-05
298	0.89959	0.10029	0.00011139	1.2904e-05
299	0.92161	0.078264	0.00011334	9.9709e-06
300	0.95467	0.045211	0.00011669	5.653e-06
301	0.94858	0.051298	0.00011491	6.3463e-06
302	0.94689	0.052988	0.00011365	6.4986e-06
303	0.9481	0.05178	0.00011278	6.2942e-06
304	0.9452	0.054683	0.00011139	6.5877e-06
305	0.94528	0.054601	0.00011039	6.5178e-06
306	0.94943	0.050452	0.00010984	5.978e-06
307	0.94833	0.051558	0.0001087	6.0523e-06
308	0.94987	0.050012	0.00010788	5.8156e-06
309	0.95574	0.044151	0.00010754	5.0963e-06
310	0.95618	0.043705	0.00010659	4.9969e-06
311	0.95192	0.047971	0.00010514	5.4202e-06
312	0.95156	0.048331	0.00010412	5.4082e-06
313	0.9458	0.054089	0.00010252	5.9812e-06
314	0.94444	0.055454	0.0001014	6.0722e-06
315	0.94602	0.053872	0.00010062	5.8397e-06
316	0.95078	0.049114	0.0001002	5.2668e-06
317	0.96109	0.038809	0.00010034	4.1217e-06
318	0.97661	0.023283	0.00010103	2.4393e-06
319	0.97123	0.028668	9.9503e-05	2.9638e-06
320	0.96864	0.031258	9.8293e-05	3.1904e-06
321	0.9692	0.030695	9.7388e-05	3.098e-06
322	0.95385	0.046055	9.4933e-05	4.5748e-06
323	0.94575	0.054147	9.3196e-05	5.3189e-06
324	0.92563	0.074275	9.034e-05	7.2001e-06
325	0.91483	0.085074	8.8392e-05	8.1594e-06
326	0.91029	0.08961	8.7042e-05	8.5073e-06
327	0.91066	0.089241	8.6145e-05	8.3876e-06
328	0.88067	0.11924	8.244e-05	1.1095e-05
329	0.86093	0.13898	7.9773e-05	1.2784e-05
330	0.84808	0.15182	7.7794e-05	1.38e-05
331	0.84285	0.15706	7.6504e-05	1.4115e-05
332	0.84375	0.15616	7.5753e-05	1.3877e-05
333	0.85094	0.14897	7.5538e-05	1.3091e-05
334	0.86389	0.13602	7.5838e-05	1.1808e-05
335	0.88814	0.11177	7.7065e-05	9.5838e-06
336	0.93022	0.06969	7.9729e-05	5.9099e-06
337	0.94918	0.050739	8.0401e-05	4.2448e-06
338	0.94873	0.051189	7.9404e-05	4.2347e-06
339	0.95217	0.047752	7.8711e-05	3.9074e-06
340	0.95067	0.049251	7.763e-05	3.9841e-06
341	0.95292	0.047001	7.6837e-05	3.7595e-06
342	0.95807	0.041852	7.6289e-05	3.3068e-06
343	0.9592	0.04072	7.54e-05	3.1808e-06
344	0.96314	0.036784	7.4748e-05	2.8372e-06
345	0.97188	0.02804	7.4437e-05	2.139e-06
346	0.96967	0.03025	7.3268e-05	2.2838e-06
347	0.96206	0.037867	7.1718e-05	2.8269e-06
348	0.95767	0.042256	7.0442e-05	3.1129e-06
349	0.95598	0.043945	6.9389e-05	3.1916e-06
350	0.95787	0.042061	6.858e-05	3.0135e-06
351	0.96248	0.037447	6.7979e-05	2.6433e-06
352	0.96239	0.037538	6.7059e-05	2.6083e-06
353	0.96468	0.035247	6.632e-05	2.4069e-06
354	0.97097	0.028962	6.5834e-05	1.9402e-06
355	0.96596	0.033976	6.521e-05	2.2876e-06
356	0.96378	0.036156	6.4796e-05	2.436e-06
357	0.96412	0.035816	6.4564e-05	2.4113e-06
358	0.95999	0.039947	6.4044e-05	2.6846e-06
359	0.94742	0.052513	6.2973e-05	3.5183e-06
360	0.93942	0.060512	6.2224e-05	4.0372e-06
361	0.93643	0.063503	6.1798e-05	4.2236e-06
362	0.9366	0.063336	6.1595e-05	4.1969e-06
363	0.93995	0.059986	6.1614e-05	3.9577e-06
364	0.94843	0.051509	6.1955e-05	3.3863e-06
365	0.96162	0.038316	6.2615e-05	2.5044e-06
366	0.98512	0.014815	6.3925e-05	9.6175e-07
367	0.98363	0.016304	6.3591e-05	1.0546e-06
368	0.98388	0.016059	6.3379e-05	1.0336e-06
369	0.98663	0.013302	6.3316e-05	8.529e-07
370	0.9873	0.012635	6.3108e-05	8.0836e-07
371	0.98977	0.010164	6.3025e-05	6.4771e-07
372	0.99044	0.0094967	6.2816e-05	6.0384e-07
373	0.99275	0.0071824	6.2721e-05	4.5481e-07
374	0.99781	0.0021224	6.2786e-05	1.3587e-07
375	0.99625	0.0036833	6.2443e-05	2.3487e-07
376	0.99589	0.0040446	6.2187e-05	2.5684e-07
377	0.99668	0.0032583	6.2012e-05	2.0603e-07
378	0.9964	0.0035389	6.176e-05	2.2318e-07
379	0.99492	0.005015	6.1442e-05	3.1413e-07
380	0.98358	0.016362	6.0499e-05	1.0209e-06
381	0.97611	0.023832	5.9813e-05	1.4786e-06
382	0.96154	0.038398	5.8678e-05	2.3752e-06
383	0.95385	0.04609	5.796e-05	2.8451e-06
384	0.94976	0.050177	5.748e-05	3.0867e-06
385	0.94967	0.050272	5.7233e-05	3.0856e-06
386	0.95224	0.047704	5.7157e-05	2.9212e-06
387	0.95778	0.042163	5.7269e-05	2.5764e-06
388	0.95823	0.041709	5.7082e-05	2.5383e-06
389	0.95424	0.045696	5.6617e-05	2.7692e-06
390	0.94264	0.057296	5.5711e-05	3.4495e-06
391	0.86613	0.13381	5.0922e-05	8.0043e-06
392	0.81237	0.18757	4.7548e-05	1.115e-05
393	0.7815	0.21844	4.5526e-05	1.2936e-05
394	0.76063	0.23931	4.4123e-05	1.411e-05
395	0.75043	0.24952	4.3338e-05	1.4656e-05
396	0.74599	0.25395	4.2907e-05	1.4858e-05
397	0.74853	0.25142	4.2868e-05	1.4657e-05
398	0.75603	0.24391	4.3124e-05	1.4169e-05
399	0.75314	0.24681	4.2793e-05	1.4276e-05
400	0.75488	0.24507	4.2738e-05	1.4113e-05
401	0.76145	0.23849	4.2968e-05	1.3671e-05
402	0.7769	0.22305	4.3689e-05	1.273e-05
403	0.78196	0.21798	4.3801e-05	1.239e-05
404	0.79274	0.2072	4.4247e-05	1.1724e-05
405	0.81425	0.18569	4.5276e-05	1.0465e-05
406	0.85227	0.14767	4.7198e-05	8.3051e-06
407	0.90675	0.093199	5.004e-05	5.2316e-06
408	0.98677	0.013171	5.4316e-05	7.3304e-07
409	0.99943	0.00051162	5.4787e-05	2.8979e-08
410	0.99759	0.0023534	5.4471e-05	1.3016e-07
411	0.99685	0.0030979	5.4224e-05	1.7002e-07
412	0.99516	0.0047865	5.3936e-05	2.5999e-07
413	0.99506	0.0048819	5.3723e-05	2.6402e-07
414	0.99654	0.0034101	5.3586e-05	1.8442e-07
415	0.99444	0.0055083	5.3265e-05	2.9636e-07
416	0.99375	0.006198	5.3029e-05	3.3128e-07
417	0.99473	0.005219	5.2872e-05	2.779e-07
418	0.99385	0.0060956	5.2607e-05	3.2402e-07
419	0.9916	0.0083444	5.2258e-05	4.4365e-07
420	0.99084	0.0091028	5.1998e-05	4.8255e-07
421	0.99149	0.0084619	5.1819e-05	4.468e-07
422	0.99371	0.0062369	5.1733e-05	3.2734e-07
423	0.99417	0.0057732	5.1562e-05	3.0016e-07
424	0.99356	0.0063895	5.1325e-05	3.2975e-07
425	0.99463	0.0053151	5.1166e-05	2.7284e-07
426	0.99768	0.0022738	5.1096e-05	1.1669e-07
427	0.99903	0.00091641	5.0948e-05	4.6802e-08
428	0.99878	0.0011687	5.0707e-05	5.9676e-08
429	0.99932	0.00063269	5.0514e-05	3.2206e-08
430	0.99602	0.003928	5.0135e-05	1.9745e-07
431	0.9889	0.011053	4.9577e-05	5.5005e-07
432	0.98444	0.015509	4.9163e-05	7.6577e-07
433	0.98226	0.01769	4.8871e-05	8.6631e-07
434	0.98263	0.017324	4.8696e-05	8.4207e-07
435	0.98564	0.014306	4.864e-05	6.889e-07
436	0.98571	0.014244	4.8373e-05	6.8636e-07
437	0.97505	0.024902	4.7589e-05	1.2075e-06
438	0.96956	0.030394	4.7052e-05	1.4729e-06
439	0.96673	0.033223	4.6656e-05	1.6039e-06
440	0.96719	0.032759	4.641e-05	1.5766e-06
441	0.97108	0.028871	4.6315e-05	1.3884e-06
442	0.94697	0.052988	4.4848e-05	2.5628e-06
443	0.93051	0.069441	4.378e-05	3.3459e-06
444	0.92017	0.079785	4.3025e-05	3.8227e-06
445	0.89848	0.10147	4.1722e-05	4.8392e-06
446	0.88402	0.11594	4.0786e-05	5.4959e-06
447	0.87721	0.12274	4.0205e-05	5.789e-06
448	0.85768	0.14228	3.9044e-05	6.6684e-06
449	0.8478	0.15215	3.833e-05	7.0932e-06
450	0.84307	0.15688	3.7868e-05	7.2721e-06
451	0.84282	0.15714	3.7623e-05	7.2427e-06
452	0.847	0.15296	3.7587e-05	7.0106e-06
453	0.85576	0.14419	3.7764e-05	6.5717e-06
454	0.87075	0.12921	3.8227e-05	5.854e-06
455	0.89411	0.10585	3.9072e-05	4.7614e-06
456	0.93469	0.065263	4.0658e-05	2.9182e-06
457	0.8194	0.18055	3.5397e-05	7.9151e-06
458	0.74069	0.25927	3.1807e-05	1.1247e-05
459	0.68541	0.31454	2.9279e-05	1.3523e-05
460	0.57796	0.422	2.4545e-05	1.7996e-05
461	0.51506	0.4849	2.1723e-05	2.055e-05
462	0.47851	0.52144	2.0031e-05	2.1968e-05
463	0.39061	0.60935	1.6223e-05	2.5505e-05
464	0.33923	0.66073	1.3965e-05	2.7486e-05
465	0.30332	0.69664	1.239e-05	2.8788e-05
466	0.28314	0.71682	1.147e-05	2.9428e-05
467	0.27006	0.7299	1.0858e-05	2.9764e-05
468	0.26504	0.73492	1.0573e-05	2.9768e-05
469	0.2667	0.73326	1.0551e-05	2.9501e-05
470	0.25707	0.74289	1.0086e-05	2.9682e-05
471	0.25475	0.74521	9.9093e-06	2.9569e-05
472	0.2415	0.75846	9.3105e-06	2.9881e-05
473	0.23414	0.76582	8.955e-06	2.9955e-05
474	0.23122	0.76874	8.7785e-06	2.9852e-05
475	0.18232	0.81764	6.8378e-06	3.1508e-05
476	0.14786	0.8521	5.4838e-06	3.258e-05
477	0.1237	0.87626	4.5425e-06	3.3242e-05
478	0.1102	0.88976	4.0037e-06	3.3497e-05
479	0.10173	0.89823	3.662e-06	3.3557e-05
480	0.07904	0.92092	2.8132e-06	3.4128e-05
481	0.063107	0.93686	2.2236e-06	3.4442e-05
482	0.052017	0.94795	1.8172e-06	3.4575e-05
483	0.044438	0.95553	1.5417e-06	3.4579e-05
484	0.039708	0.96026	1.3707e-06	3.4482e-05
485	0.038009	0.96196	1.3047e-06	3.4275e-05
486	0.038067	0.9619	1.3016e-06	3.4007e-05
487	0.033703	0.96626	1.1449e-06	3.3888e-05
488	0.032108	0.96786	1.0828e-06	3.3669e-05
489	0.031929	0.96804	1.0706e-06	3.3403e-05
490	0.027482	0.97248	9.1329e-07	3.3276e-05
491	0.024871	0.9751	8.208e-07	3.3087e-05
492	0.023569	0.9764	7.738e-07	3.2855e-05
493	0.018133	0.98183	5.9073e-07	3.2753e-05
494	0.015231	0.98474	4.9143e-07	3.2563e-05
495	0.014064	0.9859	4.4878e-07	3.2311e-05
496	0.013814	0.98615	4.3694e-07	3.2031e-05
497	0.014961	0.98501	4.6855e-07	3.1702e-05
498	0.017178	0.98279	5.3387e-07	3.1342e-05
499	0.021644	0.97832	6.6638e-07	3.091e-05
500	0.029625	0.97034	9.0176e-07	3.0369e-05
501	0.040902	0.95907	1.2338e-06	2.9734e-05
502	0.060242	0.93973	1.7963e-06	2.8864e-05
503	0.067964	0.93201	2.006e-06	2.8349e-05
504	0.082205	0.91776	2.3988e-06	2.7645e-05
505	0.10261	0.89736	2.9648e-06	2.6771e-05
506	0.13163	0.86834	3.7717e-06	2.5657e-05
507	0.17414	0.82583	4.956e-06	2.417e-05
508	0.23425	0.76572	6.6279e-06	2.2197e-05
509	0.33636	0.66361	9.4341e-06	1.9084e-05
510	0.48525	0.51472	1.3514e-05	1.4701e-05
511	0.50354	0.49643	1.3882e-05	1.4033e-05
512	0.53116	0.46882	1.4507e-05	1.3114e-05
513	0.57955	0.42043	1.5674e-05	1.1645e-05
514	0.65093	0.34904	1.7452e-05	9.5695e-06
515	0.75558	0.24439	2.0108e-05	6.6196e-06
516	0.93194	0.06803	2.4594e-05	1.8335e-06
517	0.93775	0.062222	2.4474e-05	1.6578e-06
518	0.94993	0.050046	2.4507e-05	1.3208e-06
519	0.97175	0.028229	2.477e-05	7.463e-07
520	0.95164	0.048337	2.3953e-05	1.2568e-06
521	0.94061	0.059365	2.337e-05	1.5256e-06
522	0.93416	0.06582	2.2917e-05	1.6707e-06
523	0.93134	0.068632	2.2564e-05	1.7205e-06
524	0.93177	0.068206	2.2298e-05	1.6889e-06
525	0.93523	0.064744	2.211e-05	1.5836e-06
526	0.92176	0.078213	2.1509e-05	1.8833e-06
527	0.91522	0.084757	2.107e-05	2.014e-06
528	0.91231	0.08767	2.0724e-05	2.0556e-06
529	0.86897	0.13101	1.9441e-05	3.0248e-06
530	0.83992	0.16006	1.8519e-05	3.6388e-06
531	0.82407	0.17591	1.7898e-05	3.9438e-06
532	0.78498	0.215	1.6786e-05	4.7447e-06
533	0.76309	0.23689	1.6059e-05	5.1528e-06
534	0.74955	0.25043	1.5531e-05	5.3667e-06
535	0.71981	0.28017	1.4662e-05	5.9141e-06
536	0.70064	0.29934	1.4038e-05	6.2209e-06
537	0.68928	0.3107	1.359e-05	6.3557e-06
538	0.65917	0.34081	1.2786e-05	6.8515e-06
539	0.63982	0.36017	1.2214e-05	7.1178e-06
540	0.62782	0.37216	1.1799e-05	7.2307e-06
541	0.62176	0.37822	1.1507e-05	7.2246e-06
542	0.62339	0.37659	1.1353e-05	7.0728e-06
543	0.63332	0.36667	1.1342e-05	6.771e-06
544	0.61208	0.3879	1.0761e-05	7.0327e-06
545	0.59866	0.40133	1.0336e-05	7.1421e-06
546	0.59143	0.40855	1.0029e-05	7.1355e-06
547	0.56692	0.43307	9.4417e-06	7.4121e-06
548	0.55455	0.44544	9.0621e-06	7.4747e-06
549	0.55092	0.44906	8.8257e-06	7.3875e-06
550	0.55244	0.44755	8.677e-06	7.2153e-06
551	0.55927	0.44072	8.6139e-06	6.96e-06
552	0.57586	0.42412	8.6902e-06	6.5589e-06
553	0.60223	0.39775	8.9084e-06	6.0191e-06
554	0.64082	0.35916	9.2967e-06	5.3118e-06
555	0.69627	0.30372	9.9138e-06	4.3784e-06
556	0.77523	0.22475	1.0843e-05	3.1355e-06
557	0.809	0.19099	1.1088e-05	2.5799e-06
558	0.85762	0.14237	1.1525e-05	1.8352e-06
559	0.84728	0.1527	1.1148e-05	1.9084e-06
560	0.84383	0.15616	1.0853e-05	1.8922e-06
561	0.84638	0.1536	1.0626e-05	1.8006e-06
562	0.82178	0.17821	1.0081e-05	2.0206e-06
563	0.80608	0.19391	9.654e-06	2.1259e-06
564	0.79905	0.20094	9.3228e-06	2.1284e-06
565	0.7204	0.27958	8.2786e-06	2.8469e-06
566	0.67469	0.3253	7.5981e-06	3.1949e-06
567	0.64312	0.35686	7.0868e-06	3.3761e-06
568	0.62624	0.37375	6.725e-06	3.4014e-06
569	0.61912	0.38087	6.4577e-06	3.3257e-06
570	0.61979	0.3802	6.2609e-06	3.173e-06
571	0.62845	0.37154	6.1314e-06	2.9465e-06
572	0.64429	0.3557	6.065e-06	2.6599e-06
573	0.67423	0.32577	6.1064e-06	2.259e-06
574	0.66737	0.33262	5.8325e-06	2.1763e-06
575	0.66823	0.33176	5.6129e-06	2.0326e-06
576	0.67468	0.32531	5.437e-06	1.8483e-06
577	0.67194	0.32805	5.5221e-06	1.9566e-06
578	0.67415	0.32585	5.6446e-06	2.028e-06
579	0.68156	0.31843	5.8074e-06	2.0598e-06
580	0.69866	0.30134	6.0356e-06	2.0203e-06
581	0.70253	0.29746	6.1777e-06	2.0676e-06
582	0.71228	0.28771	6.3687e-06	2.0672e-06
583	0.71059	0.2894	6.4742e-06	2.153e-06
584	0.71617	0.28382	6.635e-06	2.1776e-06
585	0.72793	0.27206	6.8513e-06	2.148e-06
586	0.74754	0.25245	7.1397e-06	2.0476e-06
587	0.77784	0.22215	7.5288e-06	1.848e-06
588	0.79068	0.20931	7.774e-06	1.7861e-06
589	0.77575	0.22424	7.7522e-06	1.981e-06
590	0.76742	0.23257	7.7948e-06	2.113e-06
591	0.76449	0.2355	7.8917e-06	2.1923e-06
592	0.76654	0.23345	8.0401e-06	2.2215e-06
593	0.77611	0.22387	8.2588e-06	2.1744e-06
594	0.79575	0.20424	8.5747e-06	2.0239e-06
595	0.82595	0.17404	9.0071e-06	1.7585e-06
596	0.87104	0.12895	9.6074e-06	1.327e-06
597	0.93539	0.064596	1.0431e-05	6.74e-07
598	0.96883	0.031155	1.0938e-05	3.3038e-07
599	0.98638	0.013608	1.1278e-05	1.4773e-07
600	0.98399	0.015996	1.1406e-05	1.7846e-07
601	0.97552	0.024472	1.1454e-05	2.8217e-07
602	0.95858	0.04141	1.139e-05	4.9152e-07
603	0.94767	0.052315	1.1398e-05	6.3103e-07
604	0.92575	0.074235	1.126e-05	9.1109e-07
605	0.91372	0.086271	1.1231e-05	1.0744e-06
606	0.90641	0.093581	1.1261e-05	1.1801e-06
607	0.9046	0.095388	1.1353e-05	1.2181e-06
608	0.90643	0.093557	1.1494e-05	1.2093e-06
609	0.91184	0.088152	1.1683e-05	1.1533e-06
610	0.91037	0.089616	1.1786e-05	1.1848e-06
611	0.91371	0.086272	1.1946e-05	1.1537e-06
612	0.91058	0.089407	1.2023e-05	1.2074e-06
613	0.91231	0.087679	1.2157e-05	1.1967e-06
614	0.91783	0.082152	1.2347e-05	1.1333e-06
615	0.92795	0.072033	1.2604e-05	1.0043e-06
616	0.93061	0.06938	1.2763e-05	9.7587e-07
617	0.93662	0.063365	1.2972e-05	8.9868e-07
618	0.93772	0.062267	1.3106e-05	8.9033e-07
619	0.94182	0.058165	1.3286e-05	8.3809e-07
620	0.9514	0.048585	1.3539e-05	7.0627e-07
621	0.9553	0.044688	1.3704e-05	6.5547e-07
622	0.94441	0.055578	1.3657e-05	8.189e-07
623	0.9377	0.062281	1.3672e-05	9.2259e-07
624	0.93579	0.0642	1.3748e-05	9.577e-07
625	0.93811	0.06188	1.388e-05	9.3048e-07
626	0.94389	0.056091	1.4069e-05	8.4986e-07
627	0.95399	0.045999	1.4327e-05	7.0157e-07
628	0.95054	0.049446	1.4373e-05	7.586e-07
629	0.94981	0.050174	1.4463e-05	7.7407e-07
630	0.95297	0.047018	1.4605e-05	7.3019e-07
631	0.9609	0.039082	1.4815e-05	6.1224e-07
632	0.95608	0.043905	1.483e-05	6.9133e-07
633	0.95405	0.045935	1.4891e-05	7.268e-07
634	0.95457	0.045414	1.4994e-05	7.2178e-07
635	0.959	0.040981	1.5152e-05	6.5482e-07
636	0.96861	0.031378	1.5386e-05	5.0513e-07
637	0.97279	0.027193	1.5528e-05	4.4132e-07
638	0.98021	0.019775	1.5726e-05	3.2398e-07
639	0.99154	0.0084435	1.5992e-05	1.4079e-07
640	0.989	0.01098	1.6024e-05	1.8407e-07
641	0.98272	0.017262	1.5997e-05	2.8985e-07
642	0.97902	0.020965	1.6014e-05	3.5309e-07
643	0.96973	0.030254	1.5941e-05	5.0944e-07
644	0.9642	0.03578	1.5932e-05	6.0362e-07
645	0.96249	0.03749	1.598e-05	6.3535e-07
646	0.95677	0.043212	1.5952e-05	7.3581e-07
647	0.9542	0.045788	1.5979e-05	7.8296e-07
648	0.95528	0.044707	1.6061e-05	7.6887e-07
649	0.89827	0.10171	1.5153e-05	1.7483e-06
650	0.86524	0.13474	1.4638e-05	2.3268e-06
651	0.84342	0.15657	1.4319e-05	2.7127e-06
652	0.79233	0.20765	1.3497e-05	3.6026e-06
653	0.76311	0.23687	1.3038e-05	4.1241e-06
654	0.74424	0.25575	1.276e-05	4.4664e-06
655	0.69833	0.30165	1.2016e-05	5.276e-06
656	0.67242	0.32756	1.1605e-05	5.7464e-06
657	0.6561	0.34388	1.1363e-05	6.0497e-06
658	0.64932	0.35066	1.128e-05	6.1885e-06
659	0.64774	0.35224	1.129e-05	6.2349e-06
660	0.65165	0.34833	1.14e-05	6.1831e-06
661	0.66106	0.33892	1.1612e-05	6.0314e-06
662	0.68126	0.31872	1.2011e-05	5.6861e-06
663	0.71799	0.28199	1.27e-05	5.045e-06
664	0.77261	0.22737	1.3722e-05	4.0733e-06
665	0.86535	0.13463	1.5422e-05	2.4168e-06
666	0.9137	0.086286	1.6318e-05	1.5569e-06
667	0.91803	0.081948	1.6433e-05	1.4816e-06
668	0.90159	0.098387	1.6179e-05	1.7779e-06
669	0.89102	0.10896	1.6031e-05	1.9689e-06
670	0.88696	0.11302	1.5993e-05	2.0444e-06
671	0.88828	0.11171	1.6044e-05	2.0237e-06
672	0.89524	0.10474	1.619e-05	1.9013e-06
673	0.90701	0.09297	1.6427e-05	1.6898e-06
674	0.92875	0.071235	1.6837e-05	1.2987e-06
675	0.9603	0.039685	1.7431e-05	7.2523e-07
676	0.97534	0.02464	1.7718e-05	4.5323e-07
677	0.98168	0.018298	1.785e-05	3.3782e-07
678	0.99186	0.0081199	1.8057e-05	1.5067e-07
679	0.99256	0.0074259	1.8093e-05	1.3769e-07
680	0.99165	0.0083317	1.8091e-05	1.5446e-07
681	0.99258	0.0074	1.8116e-05	1.3778e-07
682	0.99175	0.0082278	1.8111e-05	1.533e-07
683	0.99228	0.0077017	1.8134e-05	1.4361e-07
684	0.99422	0.0057585	1.8186e-05	1.0744e-07
685	0.99782	0.0021646	1.8271e-05	4.0201e-08
686	0.99971	0.00027292	1.8317e-05	5.049e-09
687	0.9999	7.8636e-05	1.8324e-05	1.4742e-09
688	0.99925	0.0007305	1.8318e-05	1.3622e-08
689	0.99809	0.0018964	1.8306e-05	3.5253e-08
690	0.99557	0.0044099	1.8272e-05	8.1615e-08
691	0.99441	0.005569	1.8265e-05	1.0281e-07
692	0.99485	0.0051291	1.8281e-05	9.4826e-08
693	0.99662	0.0033584	1.8324e-05	6.1998e-08
694	0.99742	0.0025591	1.8342e-05	4.7326e-08
695	0.99753	0.0024493	1.835e-05	4.5183e-08
696	0.99709	0.0028913	1.8341e-05	5.3375e-08
697	0.99546	0.0045227	1.8313e-05	8.324e-08
698	0.9954	0.0045795	1.8307e-05	8.4364e-08
699	0.99426	0.0057195	1.8273e-05	1.0569e-07
700	0.99442	0.0055646	1.8267e-05	1.0285e-07
701	0.99628	0.0036967	1.8285e-05	6.8794e-08
702	0.99703	0.002947	1.8285e-05	5.508e-08
703	0.99685	0.0031363	1.8271e-05	5.8593e-08
704	0.99773	0.0022527	1.828e-05	4.2116e-08
705	0.99981	0.00016927	1.8315e-05	3.2165e-09
706	0.99883	0.0011498	1.8295e-05	2.1429e-08
707	0.99872	0.0012642	1.8295e-05	2.3551e-08
708	0.99945	0.00052878	1.8313e-05	9.8946e-09
709	0.91309	0.086895	1.6731e-05	1.5996e-06
710	0.86255	0.13743	1.5795e-05	2.5358e-06
711	0.82734	0.17264	1.5149e-05	3.1843e-06
712	0.75911	0.24087	1.3881e-05	4.4474e-06
713	0.71132	0.28866	1.3e-05	5.326e-06
714	0.68424	0.31574	1.2492e-05	5.8254e-06
715	0.62945	0.37053	1.1461e-05	6.8414e-06
716	0.59262	0.40736	1.0772e-05	7.5172e-06
717	0.56755	0.43243	1.0305e-05	7.9723e-06
718	0.55191	0.44808	1.0016e-05	8.2515e-06
719	0.54591	0.45407	9.8972e-06	8.3544e-06
720	0.54773	0.45225	9.9158e-06	8.314e-06
721	0.53907	0.46091	9.7373e-06	8.4649e-06
722	0.53592	0.46406	9.6627e-06	8.5129e-06
723	0.5379	0.46208	9.6844e-06	8.4659e-06
724	0.54823	0.45175	9.8516e-06	8.2675e-06
725	0.56628	0.4337	1.0161e-05	7.9282e-06
726	0.59462	0.40536	1.0662e-05	7.4002e-06
727	0.63735	0.36263	1.1429e-05	6.6073e-06
728	0.71108	0.2889	1.2745e-05	5.2585e-06
729	0.81914	0.18084	1.4694e-05	3.2796e-06
730	0.87555	0.12443	1.5684e-05	2.2529e-06
731	0.88223	0.11775	1.5765e-05	2.1282e-06
732	0.89377	0.10621	1.5936e-05	1.9156e-06
733	0.91156	0.088425	1.6222e-05	1.5897e-06
734	0.9429	0.057084	1.6741e-05	1.0248e-06
735	0.98782	0.012166	1.7506e-05	2.154e-07
736	0.98878	0.011205	1.7472e-05	1.9733e-07
737	0.99213	0.0078548	1.7474e-05	1.376e-07
738	0.99879	0.0011935	1.7526e-05	2.0871e-08
739	0.99837	0.0016164	1.7456e-05	2.8101e-08
740	0.99748	0.0025003	1.7372e-05	4.3391e-08
741	0.99782	0.0021634	1.7301e-05	3.7551e-08
742	0.99524	0.0047421	1.7173e-05	8.2639e-08
743	0.99405	0.0059368	1.7072e-05	1.0307e-07
744	0.99409	0.005891	1.6995e-05	1.0176e-07
745	0.99282	0.0071621	1.6888e-05	1.2327e-07
746	0.98957	0.010413	1.6751e-05	1.7802e-07
747	0.98806	0.011921	1.6645e-05	2.0237e-07
748	0.98385	0.016133	1.6488e-05	2.7235e-07
749	0.98174	0.018245	1.6369e-05	3.0597e-07
750	0.98216	0.017819	1.6285e-05	2.9739e-07
751	0.98458	0.015402	1.6237e-05	2.5545e-07
752	0.99027	0.0097155	1.6235e-05	1.6069e-07
753	0.99934	0.00064866	1.6292e-05	1.0771e-08
754	0.99958	0.00039978	1.6204e-05	6.6043e-09
755	0.99976	0.00022003	1.6119e-05	3.6085e-09
756	0.99994	3.9755e-05	1.6036e-05	6.4901e-10
757	0.99859	0.0013958	1.593e-05	2.2371e-08
758	0.9982	0.0017872	1.5843e-05	2.8386e-08
759	0.9989	0.0010841	1.5766e-05	1.7172e-08
760	0.99796	0.0020214	1.5657e-05	3.2029e-08
761	0.99799	0.0019934	1.5565e-05	3.1447e-08
762	0.99894	0.0010451	1.549e-05	1.6414e-08
763	0.99809	0.0018968	1.5389e-05	2.9385e-08
764	0.99837	0.001613	1.5298e-05	2.4897e-08
765	0.99962	0.00036188	1.5225e-05	5.5434e-09
766	0.99967	0.00031504	1.5127e-05	4.8308e-09
767	0.99893	0.001054	1.5019e-05	1.5998e-08
768	0.99738	0.0026041	1.4902e-05	3.9078e-08
769	0.99717	0.002813	1.4797e-05	4.2058e-08
770	0.998	0.0019839	1.4711e-05	2.9497e-08
771	0.99831	0.0016782	1.461e-05	2.4936e-08
772	0.99807	0.0019191	1.4503e-05	2.8355e-08
773	0.99711	0.0028749	1.4389e-05	4.2035e-08
774	0.99716	0.0028279	1.4291e-05	4.0949e-08
775	0.99854	0.0014478	1.4206e-05	2.0982e-08
776	0.99771	0.0022799	1.4091e-05	3.2704e-08
777	0.99786	0.0021287	1.3993e-05	3.0266e-08
778	0.99896	0.0010253	1.3909e-05	1.4402e-08
779	0.99965	0.00033418	1.3813e-05	4.6712e-09
780	0.99947	0.00051457	1.3708e-05	7.0775e-09
781	0.99924	0.000742	1.3595e-05	1.0154e-08
782	0.99976	0.0002237	1.3494e-05	3.0231e-09
783	0.99973	0.00026117	1.3379e-05	3.5146e-09
784	0.99881	0.0011723	1.3255e-05	1.5552e-08
785	0.99891	0.0010784	1.3138e-05	1.4241e-08
786	0.99981	0.00017241	1.3033e-05	2.2677e-09
787	0.99997	1.5317e-05	1.292e-05	1.9838e-10
788	0.99962	0.00036292	1.2793e-05	4.6797e-09
789	0.99993	6.0539e-05	1.2678e-05	7.745e-10
790	0.99967	0.00031952	1.2548e-05	4.0887e-09
791	0.99936	0.00062463	1.242e-05	7.9317e-09
792	0.99882	0.0011662	1.2291e-05	1.4641e-08
793	0.99768	0.002306	1.2158e-05	2.8541e-08
794	0.99756	0.0024255	1.2039e-05	2.9668e-08
795	0.99839	0.0015932	1.1933e-05	1.9228e-08
796	0.99875	0.0012369	1.1814e-05	1.479e-08
797	0.99869	0.0012999	1.1693e-05	1.5312e-08
798	0.99814	0.0018445	1.1568e-05	2.1322e-08
799	0.99228	0.0077104	1.1375e-05	8.803e-08
800	0.98038	0.019611	1.1109e-05	2.2211e-07
801	0.9557	0.044284	1.0694e-05	4.978e-07
802	0.89951	0.10048	9.9414e-06	1.1134e-06
803	0.86697	0.13302	9.4546e-06	1.4569e-06
804	0.84547	0.15452	9.1004e-06	1.6694e-06
805	0.83194	0.16805	8.8398e-06	1.7899e-06
806	0.82637	0.17362	8.6599e-06	1.8234e-06
807	0.82707	0.17292	8.5405e-06	1.7903e-06
808	0.83424	0.16575	8.4806e-06	1.6917e-06
809	0.84987	0.15012	8.4957e-06	1.5117e-06
810	0.87423	0.12576	8.5943e-06	1.2499e-06
811	0.87227	0.12772	8.4247e-06	1.25e-06
812	0.8759	0.12409	8.3028e-06	1.1961e-06
813	0.88376	0.11623	8.2208e-06	1.1035e-06
814	0.88335	0.11664	8.0622e-06	1.0887e-06
815	0.88691	0.11308	7.9418e-06	1.0372e-06
816	0.89496	0.10503	7.8622e-06	9.4648e-07
817	0.88185	0.11814	7.5971e-06	1.0423e-06
818	0.8761	0.12389	7.3928e-06	1.0711e-06
819	0.87428	0.12572	7.2251e-06	1.0643e-06
820	0.8654	0.1346	6.9939e-06	1.1147e-06
821	0.86135	0.13865	6.8067e-06	1.1227e-06
822	0.86121	0.13878	6.653e-06	1.0979e-06
823	0.85191	0.14808	6.4311e-06	1.1423e-06
824	0.8493	0.15069	6.256e-06	1.1336e-06
825	0.85065	0.14935	6.112e-06	1.0947e-06
826	0.85838	0.14162	6.0068e-06	1.0111e-06
827	0.87468	0.12531	5.9513e-06	8.7148e-07
828	0.89901	0.10099	5.945e-06	6.8364e-07
829	0.90859	0.091402	5.835e-06	6.0068e-07
830	0.92366	0.076336	5.7575e-06	4.86e-07
831	0.94602	0.053978	5.7209e-06	3.312e-07
832	0.95532	0.044676	5.598e-06	2.6352e-07
833	0.95909	0.040905	5.4328e-06	2.3188e-07
834	0.96598	0.034016	5.2846e-06	1.8409e-07
835	0.97917	0.020822	5.1612e-06	1.0536e-07
836	0.98488	0.015114	4.9871e-06	7.1112e-08
837	0.99567	0.0043286	4.829e-06	1.4649e-08
838	0.99469	0.0053093	5.0155e-06	2.1385e-08
839	0.99527	0.0047275	5.2031e-06	2.0855e-08
840	0.99465	0.0053444	5.3863e-06	2.5866e-08
841	0.99528	0.0047135	5.5772e-06	2.4258e-08
842	0.99716	0.0028296	5.7761e-06	1.5362e-08
843	0.99778	0.0022188	5.9696e-06	1.2717e-08
844	0.99544	0.0045515	6.1462e-06	2.7763e-08
845	0.99483	0.0051685	6.3266e-06	3.2822e-08
846	0.99544	0.0045511	6.5163e-06	2.9937e-08
847	0.99483	0.005167	6.6989e-06	3.5064e-08
848	0.99303	0.0069582	6.8666e-06	4.8733e-08
849	0.9926	0.0073891	7.0445e-06	5.322e-08
850	0.99348	0.0065113	7.233e-06	4.8175e-08
851	0.99577	0.0042195	7.4335e-06	3.2052e-08
852	0.99975	0.00023813	7.6492e-06	1.8541e-09
853	0.99992	7.1851e-05	7.8297e-06	5.9547e-10
854	0.99745	0.0025379	7.9897e-06	2.1366e-08
855	0.98034	0.019655	8.0446e-06	1.6394e-07
856	0.96873	0.031263	8.1415e-06	2.6591e-07
857	0.96274	0.037253	8.2756e-06	3.2419e-07
858	0.95963	0.040361	8.4347e-06	3.5889e-07
859	0.96005	0.039944	8.6178e-06	3.6312e-07
860	0.96294	0.037047	8.8256e-06	3.44e-07
861	0.96867	0.031321	9.063e-06	2.967e-07
862	0.97987	0.020121	9.3483e-06	1.9509e-07
863	0.99698	0.0030128	9.6986e-06	3.0425e-08
864	0.99699	0.0029968	9.8858e-06	3.0884e-08
865	0.992	0.0079856	1.0023e-05	8.2841e-08
866	0.9892	0.010788	1.0184e-05	1.1361e-07
867	0.98818	0.011806	1.0365e-05	1.2635e-07
868	0.9888	0.011188	1.0566e-05	1.2164e-07
869	0.99174	0.0082525	1.0786e-05	9.1448e-08
870	0.99289	0.0070962	1.0979e-05	8.027e-08
871	0.99277	0.007223	1.1151e-05	8.3432e-08
872	0.99084	0.0091535	1.1305e-05	1.0748e-07
873	0.99039	0.0096015	1.1477e-05	1.1462e-07
874	0.99137	0.0086207	1.1668e-05	1.0473e-07
875	0.99097	0.0090168	1.1836e-05	1.1145e-07
876	0.99207	0.0079187	1.2025e-05	9.9762e-08
877	0.99482	0.0051684	1.2238e-05	6.6847e-08
878	0.99573	0.004262	1.243e-05	5.6335e-08
879	0.98371	0.016277	1.2446e-05	2.1612e-07
880	0.97726	0.022723	1.2524e-05	3.0655e-07
881	0.97373	0.026259	1.2642e-05	3.5949e-07
882	0.97259	0.027393	1.2795e-05	3.8073e-07
883	0.97354	0.026447	1.2977e-05	3.7367e-07
884	0.97083	0.029159	1.3113e-05	4.1697e-07
885	0.97033	0.029656	1.328e-05	4.2978e-07
886	0.95155	0.04844	1.319e-05	7.0336e-07
887	0.90869	0.091298	1.2752e-05	1.328e-06
888	0.81465	0.18534	1.1564e-05	2.7046e-06
889	0.60103	0.39895	8.61e-06	5.8493e-06
890	0.45461	0.54537	6.5811e-06	8.071e-06
891	0.35432	0.64567	5.1914e-06	9.6551e-06
892	0.29549	0.7045	4.374e-06	1.0661e-05
893	0.25553	0.74446	3.8265e-06	1.1399e-05
894	0.22772	0.77227	3.453e-06	1.1963e-05
895	0.17142	0.82857	2.6233e-06	1.2978e-05
896	0.13163	0.86836	2.0358e-06	1.3752e-05
897	0.10853	0.89145	1.6932e-06	1.4276e-05
898	0.095575	0.90441	1.5023e-06	1.4643e-05
899	0.087387	0.9126	1.386e-06	1.4936e-05
900	0.082482	0.9175	1.3215e-06	1.5177e-05
901	0.080272	0.91971	1.3006e-06	1.5376e-05
902	0.081971	0.91801	1.3423e-06	1.5507e-05
903	0.08798	0.912	1.4552e-06	1.5561e-05
904	0.072504	0.92748	1.2064e-06	1.5978e-05
905	0.062246	0.93774	1.0436e-06	1.631e-05
906	0.057095	0.94289	9.6376e-07	1.6553e-05
907	0.054286	0.9457	9.2391e-07	1.6757e-05
908	0.054705	0.94528	9.3844e-07	1.6902e-05
909	0.057339	0.94264	9.9302e-07	1.7008e-05
910	0.062289	0.93769	1.0905e-06	1.707e-05
911	0.0705	0.92948	1.2498e-06	1.7072e-05
912	0.083154	0.91683	1.4948e-06	1.6989e-05
913	0.076008	0.92397	1.38e-06	1.7266e-05
914	0.071814	0.92817	1.3183e-06	1.7491e-05
915	0.071472	0.92851	1.3255e-06	1.7642e-05
916	0.074885	0.9251	1.4023e-06	1.7718e-05
917	0.081071	0.91891	1.5346e-06	1.7739e-05
918	0.093159	0.90682	1.7812e-06	1.7641e-05
919	0.095663	0.90432	1.846e-06	1.7726e-05
920	0.10144	0.89854	1.978e-06	1.7745e-05
921	0.11335	0.88663	2.2317e-06	1.7636e-05
922	0.13089	0.86909	2.6049e-06	1.7409e-05
923	0.16159	0.83839	3.2468e-06	1.6908e-05
924	0.21374	0.78624	4.3274e-06	1.5964e-05
925	0.23931	0.76067	4.8739e-06	1.5548e-05
926	0.2774	0.72258	5.6897e-06	1.4864e-05
927	0.3423	0.65768	7.06e-06	1.362e-05
928	0.45184	0.54814	9.3545e-06	1.1447e-05
929	0.6117	0.38828	1.2742e-05	8.1824e-06
930	0.67816	0.32181	1.4223e-05	6.8274e-06
931	0.79162	0.20836	1.6698e-05	4.4715e-06
932	0.84305	0.15693	1.7894e-05	3.3976e-06
933	0.91633	0.083652	1.9585e-05	1.8315e-06
934	0.92497	0.075007	1.9892e-05	1.6523e-06
935	0.93915	0.060828	2.0329e-05	1.3469e-06
936	0.96435	0.035624	2.1004e-05	7.958e-07
937	0.96684	0.033139	2.1172e-05	7.4521e-07
938	0.96545	0.034524	2.1258e-05	7.7965e-07
939	0.96731	0.032671	2.1409e-05	7.4261e-07
940	0.96599	0.033987	2.148e-05	7.773e-07
941	0.96711	0.03287	2.1611e-05	7.5646e-07
942	0.97062	0.02936	2.18e-05	6.8023e-07
943	0.97016	0.029819	2.1903e-05	6.9362e-07
944	0.96637	0.033607	2.1921e-05	7.846e-07
945	0.96597	0.034002	2.2009e-05	7.9863e-07
946	0.96785	0.032122	2.2153e-05	7.5931e-07
947	0.96588	0.034098	2.2212e-05	8.0899e-07
