#coord	neutral	conserved	gBGC.neutral	gBGC.conserved
1	0.77692	0.21662	0.0050461	0.0014076
2	0.78473	0.20882	0.0050934	0.0013559
3	0.7983	0.19525	0.0051783	0.0012668
4	0.82398	0.16958	0.0053414	0.0010993
5	0.86906	0.1245	0.0056298	0.00080658
6	0.94572	0.047852	0.0061218	0.00031021
7	0.95572	0.037848	0.0061824	0.00024528
8	0.97082	0.022752	0.006276	0.00014741
9	0.99283	0.00074838	0.0064143	4.8567e-06
10	0.9928	0.00078125	0.0064098	5.0649e-06
11	0.9925	0.0010885	0.0064037	7.0465e-06
12	0.99297	0.00062554	0.0064025	4.0505e-06
13	0.99222	0.0013727	0.0063936	8.8705e-06
14	0.99234	0.0012577	0.0063902	8.1207e-06
15	0.9933	0.00030543	0.0063923	1.973e-06
16	0.99329	0.00031748	0.0063882	2.0486e-06
17	0.99328	0.00033204	0.0063842	2.141e-06
18	0.99325	0.00036958	0.00638	2.3822e-06
19	0.992	0.0016234	0.006368	1.0445e-05
20	0.99189	0.0017333	0.0063634	1.1159e-05
21	0.99112	0.0025122	0.0063544	1.6168e-05
22	0.98939	0.0042411	0.0063395	2.7269e-05
23	0.98893	0.0047081	0.0063327	3.025e-05
24	0.98677	0.0068704	0.006315	4.4083e-05
25	0.98602	0.0076277	0.0063065	4.8891e-05
26	0.98666	0.0069873	0.0063069	4.4736e-05
27	0.98926	0.0043941	0.0063198	2.8112e-05
28	0.99048	0.003176	0.0063238	2.0314e-05
29	0.99299	0.00067225	0.0063361	4.3023e-06
30	0.99223	0.001431	0.0063275	9.1556e-06
31	0.99086	0.0028051	0.0063149	1.7953e-05
32	0.99054	0.0031357	0.006309	2.0071e-05
33	0.99121	0.0024625	0.0063096	1.5779e-05
34	0.99099	0.0026931	0.0063044	1.7258e-05
35	0.98646	0.0072238	0.0062718	4.6201e-05
36	0.98385	0.0098363	0.0062515	6.2855e-05
37	0.96401	0.029684	0.0061212	0.00018954
38	0.95097	0.042727	0.0060345	0.00027258
39	0.94252	0.051176	0.0059773	0.00032623
40	0.93765	0.056048	0.005943	0.00035701
41	0.93601	0.057698	0.0059292	0.00036727
42	0.93712	0.05659	0.005933	0.00035998
43	0.93266	0.061054	0.0059015	0.00038798
44	0.92167	0.072045	0.0058287	0.00045734
45	0.91504	0.078676	0.0057836	0.00049897
46	0.91198	0.081743	0.0057612	0.00051798
47	0.87674	0.11698	0.0055356	0.00074019
48	0.8567	0.13703	0.0054059	0.00086643
49	0.80887	0.18486	0.0051012	0.0011676
50	0.70268	0.29106	0.0044297	0.0018358
51	0.64001	0.35373	0.0040325	0.0022296
52	0.59622	0.39753	0.0037549	0.0025038
53	0.56604	0.4277	0.0035634	0.0026919
54	0.54992	0.44383	0.0034602	0.0027917
55	0.51261	0.48114	0.0032243	0.0030242
56	0.4919	0.50185	0.0030927	0.0031525
57	0.47948	0.51427	0.0030133	0.0032285
58	0.45071	0.54305	0.0028314	0.0034071
59	0.39224	0.60152	0.0024633	0.0037718
60	0.35827	0.6355	0.0022489	0.0039828
61	0.33506	0.65871	0.0021023	0.004126
62	0.31982	0.67395	0.002006	0.0042189
63	0.31359	0.68019	0.001966	0.0042556
64	0.31447	0.67931	0.0019704	0.0042477
65	0.32271	0.67107	0.0020209	0.0041939
66	0.33755	0.65624	0.0021126	0.0040988
67	0.3655	0.62829	0.0022861	0.0039219
68	0.40737	0.58642	0.0025466	0.003658
69	0.40671	0.58709	0.002541	0.0036602
70	0.39564	0.59816	0.0024705	0.0037273
71	0.3928	0.60101	0.0024512	0.0037432
72	0.3974	0.5964	0.0024782	0.0037126
73	0.40749	0.58633	0.0025394	0.003648
74	0.4286	0.56521	0.002669	0.003515
75	0.46102	0.5328	0.0028688	0.0033118
76	0.47171	0.52211	0.0029336	0.0032435
77	0.49389	0.49994	0.0030695	0.0031042
78	0.52788	0.46595	0.0032788	0.0028916
79	0.52381	0.47002	0.0032516	0.0029153
80	0.52486	0.46897	0.0032563	0.0029072
81	0.53116	0.46268	0.0032936	0.0028666
82	0.54345	0.4504	0.0033682	0.0027887
83	0.56805	0.4258	0.0035188	0.0026347
84	0.60421	0.38964	0.0037411	0.0024091
85	0.6213	0.37256	0.0038448	0.002302
86	0.65318	0.34067	0.0040398	0.0021036
87	0.70846	0.2854	0.0043788	0.0017613
88	0.78718	0.20669	0.0048624	0.0012743
89	0.82795	0.16591	0.0051112	0.0010221
90	0.89756	0.096305	0.0055369	0.00059298
91	0.90672	0.087151	0.00559	0.00053641
92	0.90821	0.08567	0.005596	0.00052703
93	0.90434	0.089543	0.005569	0.00055065
94	0.90383	0.090058	0.0055627	0.00055355
95	0.90661	0.087279	0.0055767	0.00053614
96	0.91493	0.078957	0.0056247	0.00048475
97	0.92821	0.065682	0.0057032	0.00040293
98	0.952	0.041894	0.0058459	0.00025678
99	0.99286	0.0010449	0.0060929	6.417e-06
100	0.97918	0.014724	0.0060052	9.0611e-05
101	0.97169	0.02222	0.0059556	0.00013673
102	0.96825	0.025661	0.005931	0.0001579
103	0.96718	0.026738	0.0059209	0.0001645
104	0.96901	0.024906	0.0059287	0.00015328
105	0.97334	0.020582	0.0059517	0.00012679
106	0.96829	0.02564	0.0059172	0.00015787
107	0.95624	0.037687	0.0058399	0.00023181
108	0.94849	0.045446	0.005789	0.0002793
109	0.94536	0.048574	0.0057665	0.00029841
110	0.93549	0.058446	0.0057028	0.00035878
111	0.91148	0.082459	0.0055527	0.00050558
112	0.73714	0.2568	0.0044842	0.0015708
113	0.61779	0.37616	0.0037535	0.0022983
114	0.53353	0.46042	0.0032381	0.0028105
115	0.47425	0.51971	0.0028757	0.0031697
116	0.44018	0.55378	0.0026667	0.0033754
117	0.42166	0.5723	0.0025524	0.0034865
118	0.41081	0.58315	0.002485	0.0035507
119	0.40832	0.58565	0.0024683	0.0035641
120	0.41347	0.5805	0.0024979	0.0035314
121	0.42424	0.56973	0.0025615	0.0034645
122	0.42231	0.57167	0.0025482	0.0034746
123	0.42533	0.56865	0.002565	0.0034546
124	0.41861	0.57538	0.0025227	0.0034937
125	0.41702	0.57696	0.0025117	0.0035016
126	0.42039	0.5736	0.0025306	0.0034795
127	0.41114	0.58285	0.0024735	0.0035335
128	0.38765	0.60635	0.0023302	0.0036736
129	0.37575	0.61825	0.002257	0.0037437
130	0.34552	0.64848	0.0020734	0.0039242
131	0.32584	0.66817	0.0019537	0.0040408
132	0.27663	0.71738	0.0016566	0.0043348
133	0.24218	0.75183	0.0014487	0.0045396
134	0.22269	0.77133	0.0013308	0.0046544
135	0.21045	0.78357	0.0012566	0.0047255
136	0.17757	0.81645	0.001059	0.0049201
137	0.15895	0.83507	0.00094674	0.0050293
138	0.14702	0.84701	0.00087481	0.0050982
139	0.14006	0.85397	0.00083278	0.0051372
140	0.13708	0.85695	0.00081459	0.0051524
141	0.13764	0.8564	0.00081764	0.0051464
142	0.14182	0.85222	0.00084241	0.0051186
143	0.15023	0.84381	0.00089248	0.0050656
144	0.16329	0.83075	0.0009704	0.0049848
145	0.18665	0.8074	0.0011097	0.0048425
146	0.19408	0.79997	0.0011538	0.0047956
147	0.2065	0.78756	0.0012277	0.0047187
148	0.22983	0.76423	0.0013667	0.0045768
149	0.26354	0.73052	0.0015678	0.0043729
150	0.27873	0.71533	0.0016579	0.0042799
151	0.28285	0.71122	0.0016817	0.0042532
152	0.29188	0.70219	0.0017348	0.0041971
153	0.31067	0.6834	0.001846	0.004083
154	0.31513	0.67894	0.0018718	0.0040544
155	0.32797	0.66611	0.0019473	0.0039759
156	0.3488	0.64528	0.0020705	0.0038498
157	0.38064	0.61345	0.0022593	0.0036581
158	0.43605	0.55803	0.0025881	0.0033264
159	0.51742	0.47667	0.0030715	0.0028402
160	0.55843	0.43566	0.003314	0.0025949
161	0.57435	0.41975	0.0034071	0.0024988
162	0.55668	0.43741	0.0033009	0.0026022
163	0.54604	0.44805	0.0032365	0.0026638
164	0.54378	0.45033	0.0032217	0.0026758
165	0.54926	0.44485	0.0032528	0.0026419
166	0.56399	0.43012	0.0033386	0.0025532
167	0.58782	0.40629	0.0034784	0.0024106
168	0.59755	0.39657	0.0035343	0.0023518
169	0.56911	0.425	0.0033646	0.0025187
170	0.51111	0.48301	0.0030199	0.0028605
171	0.39914	0.59498	0.002356	0.0035216
172	0.32254	0.67159	0.0019024	0.0039724
173	0.27744	0.71669	0.0016349	0.004237
174	0.25144	0.74269	0.0014803	0.0043887
175	0.23454	0.75959	0.0013798	0.0044863
176	0.19854	0.79559	0.0011666	0.0046967
177	0.17432	0.81982	0.0010231	0.0048373
178	0.15839	0.83575	0.00092882	0.0049288
179	0.14846	0.84568	0.00086999	0.0049848
180	0.14272	0.85143	0.00083588	0.0050161
181	0.14229	0.85186	0.00083292	0.0050163
182	0.14705	0.8471	0.00086036	0.004986
183	0.15623	0.83793	0.00091372	0.0049299
184	0.17409	0.82007	0.0010178	0.004823
185	0.16499	0.82917	0.00096391	0.0048741
186	0.16045	0.83372	0.00093686	0.0048984
187	0.16144	0.83273	0.00094216	0.0048903
188	0.166	0.82817	0.00096839	0.0048613
189	0.1774	0.81677	0.0010345	0.0047924
190	0.17794	0.81623	0.0010372	0.004787
191	0.17036	0.82382	0.00099222	0.0048291
192	0.16676	0.82742	0.00097069	0.0048479
193	0.16672	0.82747	0.00096999	0.0048458
194	0.1724	0.82178	0.0010027	0.0048104
195	0.18544	0.80875	0.001078	0.0047323
196	0.18878	0.80542	0.0010967	0.0047108
197	0.19623	0.79797	0.0011395	0.0046653
198	0.20869	0.78551	0.0012114	0.0045906
199	0.22766	0.76654	0.0013212	0.0044781
200	0.26147	0.73273	0.001517	0.0042795
201	0.31138	0.68283	0.0018065	0.0039873
202	0.33211	0.6621	0.0019262	0.0038649
203	0.36374	0.63047	0.0021094	0.003679
204	0.40927	0.58494	0.0023736	0.0034121
205	0.47634	0.51787	0.0027633	0.0030198
206	0.57146	0.42276	0.0033166	0.002464
207	0.73178	0.26244	0.0042484	0.0015295
208	0.96572	0.028503	0.005609	0.00016623
209	0.9676	0.02663	0.0056174	0.00015526
210	0.95664	0.037592	0.0055511	0.00021889
211	0.71707	0.27716	0.0041557	0.0016117
212	0.54746	0.44677	0.0031691	0.0025957
213	0.42744	0.5668	0.0024717	0.0032905
214	0.34258	0.65166	0.0019793	0.0037804
215	0.29253	0.70172	0.0016885	0.0040687
216	0.2575	0.73675	0.001485	0.0042695
217	0.23328	0.76097	0.0013445	0.0044076
218	0.22029	0.77396	0.0012688	0.0044807
219	0.21302	0.78124	0.0012262	0.0045207
220	0.19067	0.80359	0.0010969	0.0046475
221	0.13854	0.85572	0.00079648	0.0049455
222	0.10776	0.8865	0.00061894	0.0051205
223	0.086108	0.90815	0.00049417	0.0052428
224	0.073739	0.92053	0.0004228	0.0053117
225	0.065414	0.92885	0.0003748	0.0053572
226	0.060131	0.93414	0.00034435	0.0053852
227	0.058587	0.93569	0.00033535	0.0053917
228	0.060286	0.93399	0.00034492	0.0053797
229	0.056763	0.93751	0.00032447	0.0053976
230	0.055579	0.9387	0.00031749	0.0054021
231	0.056343	0.93794	0.00032171	0.0053954
232	0.060558	0.93373	0.00034564	0.005369
233	0.067796	0.92649	0.00038689	0.0053253
234	0.078665	0.91563	0.00044893	0.0052608
235	0.095053	0.89924	0.00054261	0.0051647
236	0.12326	0.87104	0.0007037	0.0050011
237	0.16456	0.82974	0.00093976	0.0047627
238	0.23426	0.76004	0.0013377	0.0043622
239	0.33592	0.65839	0.0019185	0.0037791
240	0.34822	0.64608	0.0019879	0.0037073
241	0.37216	0.62215	0.0021234	0.0035693
242	0.40838	0.58593	0.0023292	0.003361
243	0.46035	0.53397	0.0026249	0.003063
244	0.48136	0.51295	0.0027438	0.0029417
245	0.51946	0.47486	0.0029599	0.0027232
246	0.57601	0.41831	0.0032814	0.0023993
247	0.60436	0.38996	0.0034416	0.0022367
248	0.64708	0.34724	0.0036838	0.0019921
249	0.64481	0.34952	0.0036691	0.0020044
250	0.63105	0.36328	0.0035888	0.0020823
251	0.62401	0.37032	0.003547	0.0021218
252	0.62222	0.37211	0.0035353	0.0021312
253	0.62806	0.36628	0.003567	0.0020972
254	0.64034	0.354	0.0036355	0.0020263
255	0.66084	0.3335	0.0037509	0.0019087
256	0.66665	0.32769	0.0037824	0.0018749
257	0.67881	0.31553	0.0038501	0.0018049
258	0.69907	0.29527	0.0039641	0.0016887
259	0.70433	0.29002	0.0039925	0.0016579
260	0.71514	0.27922	0.0040527	0.0015956
261	0.73689	0.25746	0.0041751	0.001471
262	0.77019	0.22417	0.0043632	0.0012806
263	0.81981	0.17455	0.0046446	0.00099709
264	0.90415	0.09021	0.0051232	0.00051633
265	0.91474	0.079626	0.0051816	0.00045579
266	0.91853	0.07583	0.0052011	0.00043402
267	0.92601	0.068358	0.0052417	0.0003913
268	0.91659	0.077775	0.0051862	0.00044466
269	0.91125	0.083117	0.005154	0.0004748
270	0.90934	0.085028	0.0051413	0.00048539
271	0.91091	0.083469	0.0051485	0.00047622
272	0.88736	0.10702	0.0050135	0.00060923
273	0.87453	0.11985	0.0049391	0.0006816
274	0.86684	0.12754	0.0048939	0.00072477
275	0.86523	0.12915	0.004883	0.0007336
276	0.86923	0.12515	0.0049039	0.00071068
277	0.87794	0.11645	0.0049514	0.00066111
278	0.86685	0.12754	0.0048869	0.00072362
279	0.86058	0.13381	0.0048497	0.00075876
280	0.86016	0.13424	0.0048455	0.00076093
281	0.8639	0.1305	0.0048649	0.00073951
282	0.87234	0.12206	0.004911	0.00069148
283	0.87245	0.12195	0.00491	0.00069052
284	0.86582	0.12859	0.0048709	0.00072764
285	0.86326	0.13115	0.0048548	0.00074173
286	0.86631	0.1281	0.0048704	0.00072421
287	0.87585	0.11856	0.0049224	0.00067023
288	0.89457	0.099836	0.0050259	0.00056462
289	0.87374	0.12068	0.0049063	0.00068217
290	0.85998	0.13443	0.0048269	0.00075956
291	0.85208	0.14233	0.0047807	0.00080384
292	0.84855	0.14587	0.0047591	0.00082347
293	0.85086	0.14355	0.0047703	0.00081024
294	0.85776	0.13667	0.0048073	0.00077124
295	0.87021	0.12421	0.0048758	0.00070091
296	0.87311	0.12132	0.0048904	0.00068432
297	0.88006	0.11437	0.004928	0.00064491
298	0.89469	0.09974	0.0050086	0.00056241
299	0.91659	0.077838	0.0051302	0.00043898
300	0.94947	0.044965	0.0053136	0.00025374
301	0.94342	0.051019	0.005278	0.00028754
302	0.94174	0.052699	0.0052668	0.00029683
303	0.94294	0.051498	0.0052719	0.00028992
304	0.94005	0.054385	0.0052541	0.00030598
305	0.94014	0.054304	0.0052529	0.00030536
306	0.94427	0.050177	0.0052743	0.00028211
307	0.94317	0.051277	0.0052665	0.00028813
308	0.94471	0.04974	0.0052735	0.00027935
309	0.95054	0.043911	0.0053045	0.00024658
310	0.95098	0.043468	0.0053054	0.00024397
311	0.94674	0.04771	0.0052801	0.00026752
312	0.94639	0.048069	0.0052765	0.00026939
313	0.94066	0.053795	0.0052429	0.0003012
314	0.9393	0.055153	0.0052337	0.00030865
315	0.94088	0.053579	0.005241	0.0002997
316	0.94561	0.048847	0.0052659	0.00027308
317	0.95586	0.038598	0.0053216	0.00021571
318	0.97131	0.023157	0.0054063	0.00012929
319	0.96595	0.028512	0.0053749	0.00015902
320	0.96338	0.031088	0.005359	0.00017323
321	0.96394	0.030528	0.0053605	0.00017001
322	0.94867	0.045805	0.0052741	0.00025472
323	0.94062	0.053853	0.0052278	0.00029931
324	0.9206	0.073871	0.0051153	0.00041021
325	0.90986	0.084612	0.0050541	0.00046965
326	0.90535	0.089124	0.0050275	0.00049456
327	0.90572	0.088757	0.0050279	0.0004924
328	0.87589	0.11859	0.0048609	0.00065773
329	0.85626	0.13822	0.0047507	0.00076626
330	0.84348	0.151	0.0046786	0.00083668
331	0.83828	0.1562	0.0046484	0.00086518
332	0.83918	0.15531	0.004652	0.00085994
333	0.84632	0.14817	0.00469	0.00082014
334	0.85921	0.13529	0.00476	0.00074852
335	0.88332	0.11117	0.0048919	0.00061484
336	0.92518	0.069312	0.0051217	0.00038334
337	0.94403	0.050464	0.0052241	0.00027919
338	0.94359	0.050912	0.0052199	0.00028163
339	0.94701	0.047493	0.005237	0.00026272
340	0.94552	0.048984	0.0052271	0.00027094
341	0.94776	0.046746	0.0052377	0.00025856
342	0.95288	0.041626	0.0052643	0.00023024
343	0.95401	0.0405	0.0052687	0.00022402
344	0.95792	0.036585	0.0052886	0.00020238
345	0.96662	0.027888	0.0053348	0.00015441
346	0.96443	0.030087	0.0053208	0.00016663
347	0.95685	0.037662	0.0052771	0.00020859
348	0.95249	0.042027	0.0052513	0.00023273
349	0.95081	0.043707	0.0052403	0.00024198
350	0.95269	0.041833	0.0052489	0.00023164
351	0.95728	0.037245	0.0052726	0.0002063
352	0.95719	0.037335	0.0052704	0.00020677
353	0.95947	0.035056	0.0052814	0.00019414
354	0.96572	0.028806	0.0053143	0.00015965
355	0.96073	0.033793	0.0052851	0.00018718
356	0.95857	0.035961	0.0052716	0.0001991
357	0.95891	0.035622	0.0052719	0.00019717
358	0.9548	0.039731	0.0052478	0.00021973
359	0.9423	0.052229	0.0051776	0.00028843
360	0.93435	0.060185	0.0051325	0.00033205
361	0.93138	0.06316	0.0051147	0.0003483
362	0.93154	0.062994	0.0051143	0.00034723
363	0.93488	0.059662	0.0051314	0.0003287
364	0.94331	0.051231	0.0051765	0.00028216
365	0.95643	0.038109	0.0052474	0.00020978
366	0.97981	0.014735	0.0053746	8.1089e-05
367	0.97833	0.016216	0.005365	8.9187e-05
368	0.97857	0.015973	0.0053649	8.78e-05
369	0.98132	0.01323	0.0053785	7.2717e-05
370	0.98198	0.012567	0.0053806	6.9074e-05
371	0.98444	0.01011	0.0053926	5.5572e-05
372	0.98511	0.0094456	0.0053948	5.1902e-05
373	0.98741	0.0071437	0.0054061	3.9235e-05
374	0.99245	0.0021109	0.0054322	1.1618e-05
375	0.99089	0.0036635	0.0054223	2.0134e-05
376	0.99054	0.0040228	0.0054189	2.2096e-05
377	0.99132	0.0032407	0.0054219	1.7797e-05
378	0.99104	0.0035199	0.005419	1.9328e-05
379	0.98957	0.0049881	0.0054096	2.7367e-05
380	0.97829	0.016274	0.0053463	8.9242e-05
381	0.97086	0.023704	0.0053043	0.00012991
382	0.95638	0.038192	0.0052235	0.00020929
383	0.94873	0.045842	0.0051802	0.00025122
384	0.94466	0.049908	0.0051566	0.00027345
385	0.94457	0.050003	0.0051546	0.00027399
386	0.94712	0.047448	0.0051672	0.00026003
387	0.95264	0.041936	0.005196	0.00022988
388	0.95309	0.041485	0.0051972	0.00022738
389	0.94913	0.045451	0.0051743	0.00024898
390	0.93759	0.056989	0.0051102	0.00031188
391	0.86149	0.13309	0.0046934	0.00072736
392	0.80802	0.18656	0.0044007	0.0010188
393	0.77731	0.21727	0.004232	0.0011862
394	0.75655	0.23803	0.0041179	0.0012991
395	0.7464	0.24818	0.0040615	0.0013542
396	0.74199	0.25259	0.0040365	0.0013779
397	0.74452	0.25007	0.0040492	0.0013639
398	0.75198	0.24261	0.0040889	0.001323
399	0.74911	0.24548	0.0040724	0.0013383
400	0.75084	0.24376	0.004081	0.0013285
401	0.75738	0.23721	0.0041159	0.0012924
402	0.77274	0.22185	0.0041988	0.0012084
403	0.77778	0.21682	0.0042253	0.0011806
404	0.7885	0.20609	0.0042828	0.0011219
405	0.8099	0.1847	0.0043983	0.0010052
406	0.84771	0.14688	0.0046028	0.00079949
407	0.9019	0.092701	0.0048964	0.00050462
408	0.9815	0.013101	0.0053286	7.1248e-05
409	0.99409	0.00050889	0.0053959	2.7694e-06
410	0.99226	0.0023408	0.0053848	1.2709e-05
411	0.99152	0.0030813	0.0053796	1.6714e-05
412	0.98984	0.004761	0.0053693	2.5818e-05
413	0.98975	0.0048558	0.0053676	2.6334e-05
414	0.99122	0.0033918	0.0053743	1.8411e-05
415	0.98913	0.0054789	0.0053618	2.9741e-05
416	0.98844	0.0061649	0.0053569	3.3454e-05
417	0.98942	0.0051911	0.005361	2.818e-05
418	0.98855	0.0060631	0.0053551	3.2904e-05
419	0.98631	0.0082999	0.0053418	4.5045e-05
420	0.98556	0.0090542	0.0053365	4.913e-05
421	0.9862	0.0084167	0.0053389	4.5659e-05
422	0.98841	0.0062037	0.0053498	3.3635e-05
423	0.98888	0.0057424	0.0053513	3.1101e-05
424	0.98826	0.0063554	0.0053469	3.4394e-05
425	0.98933	0.0052868	0.0053516	2.86e-05
426	0.99236	0.0022617	0.0053668	1.2241e-05
427	0.99371	0.00091153	0.005373	4.934e-06
428	0.99346	0.0011625	0.0053704	6.296e-06
429	0.994	0.00062932	0.0053722	3.4126e-06
430	0.99072	0.003907	0.0053533	2.1193e-05
431	0.98363	0.010994	0.0053138	5.959e-05
432	0.9792	0.015427	0.0052887	8.3572e-05
433	0.97703	0.017596	0.005276	9.528e-05
434	0.9774	0.017231	0.0052768	9.3307e-05
435	0.9804	0.01423	0.0052919	7.7108e-05
436	0.98046	0.014168	0.0052912	7.6788e-05
437	0.96986	0.024769	0.0052328	0.00013413
438	0.9644	0.030233	0.0052021	0.00016371
439	0.96159	0.033046	0.0051859	0.00017891
440	0.96205	0.032585	0.0051873	0.00017645
441	0.96592	0.028718	0.005207	0.00015563
442	0.94193	0.052706	0.0050757	0.00028583
443	0.92557	0.069072	0.0049859	0.00037454
444	0.91528	0.079361	0.0049291	0.00043023
445	0.89371	0.10094	0.0048114	0.00054689
446	0.87932	0.11532	0.0047327	0.00062454
447	0.87256	0.12209	0.0046952	0.00066108
448	0.85312	0.14152	0.0045893	0.00076597
449	0.8433	0.15135	0.0045352	0.000819
450	0.8386	0.15605	0.0045089	0.00084429
451	0.83835	0.1563	0.0045067	0.00084553
452	0.8425	0.15215	0.0045283	0.00082295
453	0.85122	0.14343	0.0045746	0.0007757
454	0.86613	0.12852	0.0046544	0.00069502
455	0.88936	0.10529	0.0047793	0.00056925
456	0.92974	0.064916	0.0049966	0.00035112
457	0.81506	0.1796	0.0043792	0.0009676
458	0.73676	0.2579	0.0039581	0.0013879
459	0.68178	0.31288	0.0036626	0.0016826
460	0.5749	0.41976	0.0030883	0.002256
461	0.51233	0.48233	0.0027517	0.0025918
462	0.47598	0.51868	0.0025559	0.0027868
463	0.38854	0.60612	0.0020859	0.0032559
464	0.33743	0.65723	0.001811	0.00353
465	0.30172	0.69294	0.001619	0.0037211
466	0.28164	0.71302	0.0015108	0.0038284
467	0.26863	0.72603	0.0014408	0.0038976
468	0.26364	0.73103	0.0014137	0.0039238
469	0.26529	0.72937	0.0014222	0.0039144
470	0.25571	0.73896	0.0013705	0.0039652
471	0.2534	0.74126	0.0013578	0.0039771
472	0.24022	0.75445	0.0012866	0.0040473
473	0.2329	0.76176	0.0012471	0.004086
474	0.23	0.76467	0.0012313	0.004101
475	0.18135	0.81331	0.00097003	0.0043614
476	0.14708	0.84759	0.00078613	0.0045444
477	0.12305	0.87162	0.00065734	0.0046723
478	0.10962	0.88505	0.00058523	0.0047436
479	0.10119	0.89348	0.00054004	0.0047879
480	0.078622	0.91605	0.00041929	0.0049079
481	0.062773	0.9319	0.00033459	0.0049918
482	0.051742	0.94293	0.0002757	0.0050499
483	0.044203	0.95047	0.00023552	0.0050893
484	0.039498	0.95518	0.00021048	0.0051135
485	0.037808	0.95687	0.00020149	0.0051217
486	0.037865	0.95681	0.00020186	0.0051206
487	0.033525	0.96115	0.00017873	0.005143
488	0.031938	0.96274	0.00017026	0.0051507
489	0.03176	0.96292	0.00016933	0.0051508
490	0.027336	0.96734	0.00014572	0.0051736
491	0.024739	0.96994	0.00013188	0.0051867
492	0.023444	0.97124	0.00012501	0.0051928
493	0.018037	0.97665	9.6186e-05	0.0052209
494	0.01515	0.97953	8.0779e-05	0.0052355
495	0.013989	0.9807	7.4563e-05	0.0052409
496	0.013741	0.98094	7.3237e-05	0.0052415
497	0.014882	0.9798	7.9305e-05	0.0052346
498	0.017088	0.9776	9.1069e-05	0.0052221
499	0.02153	0.97316	0.00011473	0.0051976
500	0.029469	0.96522	0.00015698	0.0051545
501	0.040686	0.954	0.00021674	0.005094
502	0.059924	0.93477	0.00031911	0.0049908
503	0.067606	0.92709	0.00035987	0.0049492
504	0.081771	0.91292	0.00043502	0.0048733
505	0.10207	0.89263	0.00054281	0.0047646
506	0.13093	0.86376	0.00069627	0.0046104
507	0.17322	0.82148	0.00092131	0.0043846
508	0.23301	0.76168	0.0012398	0.0040653
509	0.33459	0.66011	0.0017803	0.0035241
510	0.48269	0.512	0.0025691	0.0027345
511	0.50088	0.49382	0.0026657	0.0026371
512	0.52835	0.46634	0.0028119	0.0024901
513	0.57649	0.41821	0.0030682	0.0022332
514	0.6475	0.3472	0.0034466	0.001854
515	0.7516	0.2431	0.0040021	0.0012978
516	0.92703	0.067671	0.0049375	0.00036173
517	0.93281	0.061894	0.0049677	0.00033082
518	0.94492	0.049782	0.0050316	0.00026619
519	0.96662	0.02808	0.0051465	0.00015053
520	0.94662	0.048083	0.0050388	0.00025756
521	0.93565	0.059052	0.0049793	0.00031631
522	0.92923	0.065473	0.0049443	0.00035066
523	0.92644	0.068271	0.0049286	0.00036561
524	0.92686	0.067846	0.0049303	0.00036332
525	0.9303	0.064402	0.0049481	0.00034489
526	0.91691	0.077801	0.0048759	0.00041642
527	0.9104	0.08431	0.0048405	0.00045121
528	0.9075	0.087208	0.0048244	0.00046667
529	0.86439	0.13032	0.0045933	0.00069706
530	0.83549	0.15922	0.0044384	0.00085129
531	0.81973	0.17498	0.0043536	0.00093548
532	0.78084	0.21387	0.0041454	0.001143
533	0.75907	0.23564	0.0040286	0.0012592
534	0.7456	0.24911	0.0039561	0.001331
535	0.71602	0.2787	0.0037976	0.0014889
536	0.69695	0.29777	0.0036953	0.0015905
537	0.68565	0.30906	0.0036346	0.0016506
538	0.6557	0.33901	0.0034748	0.0018099
539	0.63645	0.35827	0.003372	0.0019121
540	0.62452	0.3702	0.0033083	0.0019752
541	0.61848	0.37623	0.0032761	0.002007
542	0.62011	0.37461	0.0032844	0.0019981
543	0.62998	0.36474	0.0033365	0.0019455
544	0.60886	0.38586	0.0032237	0.0020577
545	0.5955	0.39921	0.0031523	0.0021285
546	0.58832	0.4064	0.0031139	0.0021665
547	0.56393	0.43079	0.0029842	0.0022956
548	0.55163	0.44309	0.0029185	0.0023608
549	0.54802	0.4467	0.002899	0.0023797
550	0.54953	0.44519	0.0029067	0.0023715
551	0.55633	0.4384	0.0029425	0.0023352
552	0.57283	0.42189	0.0030298	0.0022474
553	0.59906	0.39566	0.0031688	0.0021079
554	0.63745	0.35727	0.0033725	0.0019037
555	0.6926	0.30212	0.0036655	0.0016102
556	0.77115	0.22357	0.0040833	0.001192
557	0.80474	0.18998	0.004262	0.0010129
558	0.85311	0.14162	0.0045195	0.000755
559	0.84283	0.1519	0.0044649	0.00080926
560	0.83939	0.15534	0.0044465	0.00082729
561	0.84193	0.15279	0.0044598	0.00081359
562	0.81745	0.17727	0.0043296	0.00094337
563	0.80184	0.19289	0.0042465	0.001026
564	0.79484	0.19988	0.0042091	0.001063
565	0.71661	0.27811	0.0037943	0.0014774
566	0.67114	0.32359	0.0035529	0.0017184
567	0.63974	0.35499	0.0033863	0.0018846
568	0.62295	0.37178	0.0032969	0.0019735
569	0.61586	0.37887	0.003259	0.002011
570	0.61653	0.3782	0.0032621	0.0020075
571	0.62515	0.36958	0.0033072	0.0019619
572	0.6409	0.35383	0.0033901	0.0018785
573	0.67068	0.32405	0.0035471	0.0017211
574	0.66386	0.33087	0.0035104	0.0017573
575	0.66472	0.33001	0.0035144	0.0017528
576	0.67113	0.3236	0.0035479	0.0017189
577	0.66841	0.32633	0.0035328	0.0017334
578	0.6706	0.32413	0.003544	0.0017218
579	0.67798	0.31675	0.0035826	0.0016827
580	0.69498	0.29975	0.0036721	0.0015928
581	0.69884	0.2959	0.0036919	0.0015726
582	0.70854	0.2862	0.0037427	0.0015213
583	0.70686	0.28788	0.0037334	0.0015302
584	0.71241	0.28233	0.0037622	0.0015009
585	0.7241	0.27063	0.0038237	0.001439
586	0.74362	0.25112	0.0039266	0.0013357
587	0.77376	0.22098	0.004086	0.0011759
588	0.78652	0.20822	0.0041534	0.0011082
589	0.77167	0.22306	0.0040745	0.0011867
590	0.76339	0.23135	0.0040305	0.0012305
591	0.76047	0.23427	0.004015	0.0012457
592	0.76251	0.23223	0.0040259	0.0012346
593	0.77204	0.2227	0.0040763	0.0011838
594	0.79158	0.20316	0.0041798	0.0010801
595	0.82161	0.17313	0.0043391	0.00092055
596	0.86647	0.12827	0.0045773	0.00068208
597	0.93048	0.064257	0.0049177	0.00034151
598	0.96375	0.030991	0.0050943	0.0001647
599	0.9812	0.013537	0.0051867	7.2013e-05
600	0.97883	0.015912	0.0051738	8.4602e-05
601	0.9704	0.024344	0.0051289	0.00012926
602	0.95355	0.041193	0.0050393	0.00021859
603	0.9427	0.052041	0.0049816	0.00027604
604	0.9209	0.073845	0.0048658	0.00039162
605	0.90892	0.085819	0.0048019	0.00045515
606	0.90165	0.09309	0.0047631	0.0004937
607	0.89986	0.094888	0.0047532	0.0005033
608	0.90168	0.093066	0.0047625	0.00049371
609	0.90705	0.08769	0.0047907	0.00046526
610	0.9056	0.089146	0.0047828	0.00047295
611	0.90892	0.08582	0.0048001	0.00045536
612	0.90581	0.088938	0.0047834	0.00047185
613	0.90753	0.087219	0.0047923	0.00046278
614	0.91302	0.081722	0.0048212	0.00043367
615	0.92309	0.071655	0.0048743	0.00038032
616	0.92573	0.069016	0.0048882	0.00036627
617	0.93171	0.063033	0.0049199	0.00033447
618	0.9328	0.061941	0.0049256	0.00032861
619	0.93689	0.057861	0.0049472	0.0003069
620	0.94642	0.04833	0.0049976	0.00025635
621	0.95029	0.044453	0.005018	0.0002358
622	0.93946	0.055287	0.0049606	0.00029304
623	0.93279	0.061954	0.0049253	0.0003282
624	0.93088	0.063863	0.0049151	0.00033826
625	0.93319	0.061556	0.0049272	0.00032605
626	0.93895	0.055797	0.0049575	0.00029556
627	0.94899	0.045758	0.0050106	0.00024235
628	0.94556	0.049187	0.0049924	0.00026045
629	0.94484	0.049911	0.0049885	0.00026423
630	0.94798	0.046772	0.005005	0.0002476
631	0.95587	0.038877	0.0050466	0.00020588
632	0.95107	0.043675	0.0050211	0.00023123
633	0.94905	0.045694	0.0050104	0.00024186
634	0.94957	0.045176	0.0050131	0.00023905
635	0.95398	0.040767	0.0050364	0.0002157
636	0.96353	0.031214	0.0050867	0.0001652
637	0.9677	0.027051	0.0051086	0.00014323
638	0.97508	0.019671	0.0051474	0.00010422
639	0.98635	0.0083993	0.005207	4.4587e-05
640	0.98383	0.010922	0.0051935	5.7976e-05
641	0.97758	0.017172	0.0051603	9.1091e-05
642	0.97389	0.020855	0.0051407	0.00011059
643	0.96465	0.030096	0.0050918	0.00015946
644	0.95916	0.035593	0.0050628	0.0001885
645	0.95746	0.037293	0.0050537	0.00019749
646	0.95176	0.042986	0.0050235	0.00022764
647	0.9492	0.045548	0.00501	0.0002412
648	0.95028	0.044473	0.0050155	0.00023556
649	0.89357	0.10118	0.0047156	0.00053551
650	0.86071	0.13403	0.0045416	0.00070946
651	0.839	0.15575	0.0044267	0.0008243
652	0.78818	0.20657	0.0041582	0.0010928
653	0.75911	0.23563	0.0040044	0.0012466
654	0.74034	0.25441	0.0039053	0.0013458
655	0.69468	0.30007	0.0036643	0.0015868
656	0.6689	0.32585	0.0035281	0.001723
657	0.65267	0.34208	0.0034425	0.0018087
658	0.64592	0.34883	0.0034068	0.0018443
659	0.64435	0.3504	0.0033986	0.0018526
660	0.64824	0.34651	0.0034193	0.001832
661	0.6576	0.33715	0.003469	0.0017823
662	0.6777	0.31705	0.0035754	0.001676
663	0.71423	0.28051	0.0037685	0.001483
664	0.76857	0.22618	0.004056	0.0011955
665	0.86082	0.13393	0.0045436	0.00070796
666	0.90891	0.085834	0.0047976	0.00045402
667	0.91323	0.081519	0.0048204	0.0004312
668	0.89688	0.097872	0.0047342	0.0005175
669	0.88635	0.10839	0.0046789	0.00057294
670	0.88232	0.11243	0.0046577	0.00059421
671	0.88363	0.11112	0.0046646	0.00058731
672	0.89055	0.1042	0.0047012	0.00055079
673	0.90226	0.092483	0.0047631	0.00048892
674	0.92389	0.070862	0.0048773	0.00037482
675	0.95527	0.039478	0.0050431	0.00020902
676	0.97024	0.024511	0.0051223	0.00012988
677	0.97655	0.018203	0.0051558	9.6488e-05
678	0.98667	0.0080774	0.0052096	4.284e-05
679	0.98736	0.007387	0.0052134	3.9186e-05
680	0.98646	0.0082881	0.0052088	4.3945e-05
681	0.98739	0.0073612	0.0052138	3.905e-05
682	0.98656	0.0081847	0.0052096	4.341e-05
683	0.98709	0.0076614	0.0052125	4.0635e-05
684	0.98902	0.0057283	0.005223	3.0388e-05
685	0.99259	0.0021533	0.0052422	1.1429e-05
686	0.99447	0.00027149	0.0052524	1.442e-06
687	0.99467	7.8225e-05	0.0052538	4.1538e-07
688	0.99402	0.00072667	0.0052506	3.8476e-06
689	0.99286	0.0018865	0.0052449	9.9822e-06
690	0.99036	0.0043868	0.005232	2.3195e-05
691	0.9892	0.0055399	0.0052263	2.9279e-05
692	0.98964	0.0051023	0.005229	2.6969e-05
693	0.9914	0.0033408	0.0052388	1.7648e-05
694	0.9922	0.0025457	0.0052433	1.3445e-05
695	0.99231	0.0024365	0.0052443	1.2872e-05
696	0.99187	0.0028762	0.0052423	1.5206e-05
697	0.99024	0.004499	0.005234	2.379e-05
698	0.99019	0.0045555	0.0052341	2.4102e-05
699	0.98905	0.0056895	0.0052284	3.0104e-05
700	0.98921	0.0055354	0.0052296	2.9282e-05
701	0.99106	0.0036773	0.0052398	1.9459e-05
702	0.99181	0.0029316	0.0052441	1.5528e-05
703	0.99162	0.0031198	0.0052435	1.6531e-05
704	0.9925	0.0022409	0.0052485	1.1878e-05
705	0.99457	0.00016839	0.0052599	8.9465e-07
706	0.99359	0.0011438	0.0052552	6.0647e-06
707	0.99348	0.0012576	0.0052551	6.6683e-06
708	0.99421	0.000526	0.0052595	2.7915e-06
709	0.9083	0.086439	0.0048052	0.00045768
710	0.85803	0.13671	0.0045392	0.00072416
711	0.823	0.17173	0.0043542	0.00090972
712	0.75513	0.23961	0.0039948	0.0012696
713	0.70759	0.28715	0.0037435	0.0015215
714	0.68065	0.31408	0.003601	0.0016645
715	0.62614	0.36859	0.0033121	0.001954
716	0.58951	0.40522	0.0031182	0.0021484
717	0.56457	0.43016	0.0029863	0.0022808
718	0.54901	0.44572	0.0029043	0.0023634
719	0.54304	0.45169	0.002873	0.0023953
720	0.54486	0.44987	0.0028828	0.002386
721	0.53624	0.45849	0.0028373	0.002432
722	0.53311	0.46162	0.0028208	0.002449
723	0.53507	0.45966	0.0028315	0.0024389
724	0.54535	0.44937	0.0028862	0.0023848
725	0.5633	0.43143	0.0029816	0.0022899
726	0.5915	0.40323	0.0031315	0.0021406
727	0.634	0.36072	0.0033576	0.0019151
728	0.70734	0.28738	0.0037472	0.0015261
729	0.81483	0.17989	0.0043187	0.00095521
730	0.87095	0.12378	0.004617	0.00065744
731	0.87759	0.11713	0.0046528	0.00062225
732	0.88907	0.10565	0.0047143	0.00056136
733	0.90676	0.08796	0.0048089	0.00046738
734	0.93794	0.056784	0.004975	0.00030185
735	0.98262	0.012102	0.0052131	6.4327e-05
736	0.98358	0.011146	0.0052189	5.9222e-05
737	0.98691	0.0078135	0.0052372	4.1505e-05
738	0.99353	0.0011872	0.005273	6.311e-06
739	0.99311	0.0016079	0.0052714	8.541e-06
740	0.99223	0.0024871	0.0052673	1.3213e-05
741	0.99257	0.002152	0.0052697	1.1444e-05
742	0.99	0.0047172	0.0052565	2.5116e-05
743	0.98881	0.0059055	0.0052508	3.1454e-05
744	0.98886	0.0058599	0.0052516	3.1221e-05
745	0.98759	0.0071244	0.0052455	3.7949e-05
746	0.98436	0.010358	0.0052289	5.5179e-05
747	0.98286	0.011858	0.0052215	6.3168e-05
748	0.97867	0.016048	0.0051999	8.5454e-05
749	0.97657	0.018149	0.0051894	9.6614e-05
750	0.97699	0.017726	0.0051923	9.4374e-05
751	0.97939	0.015321	0.0052058	8.1567e-05
752	0.98505	0.0096643	0.0052365	5.148e-05
753	0.99407	0.00064524	0.0052853	3.4422e-06
754	0.99431	0.00039767	0.0052873	2.1214e-06
755	0.99449	0.00021886	0.005289	1.1672e-06
756	0.99467	3.9545e-05	0.0052908	2.1092e-07
757	0.99332	0.0013885	0.0052844	7.3918e-06
758	0.99293	0.0017778	0.0052832	9.4604e-06
759	0.99363	0.0010784	0.0052877	5.7421e-06
760	0.9927	0.0020107	0.0052835	1.0718e-05
761	0.99272	0.0019829	0.0052845	1.0573e-05
762	0.99366	0.0010396	0.0052903	5.5459e-06
763	0.99282	0.0018868	0.0052867	1.0055e-05
764	0.9931	0.0016045	0.0052891	8.5562e-06
765	0.99434	0.00035997	0.0052966	1.9212e-06
766	0.99439	0.00031338	0.0052977	1.6712e-06
767	0.99365	0.0010485	0.0052947	5.5933e-06
768	0.99211	0.0025903	0.0052874	1.3813e-05
769	0.9919	0.0027981	0.0052871	1.4931e-05
770	0.99272	0.0019734	0.0052925	1.0534e-05
771	0.99303	0.0016693	0.005295	8.9207e-06
772	0.99279	0.001909	0.0052946	1.0205e-05
773	0.99183	0.0028597	0.0052905	1.5283e-05
774	0.99188	0.0028129	0.0052917	1.503e-05
775	0.99325	0.0014402	0.0053	7.7056e-06
776	0.99242	0.0022678	0.0052965	1.2131e-05
777	0.99257	0.0021174	0.0052984	1.1326e-05
778	0.99367	0.0010199	0.0053053	5.4526e-06
779	0.99436	0.00033241	0.00531	1.7784e-06
780	0.99418	0.00051184	0.0053101	2.7357e-06
781	0.99395	0.00073807	0.0053099	3.9477e-06
782	0.99446	0.00022252	0.0053137	1.1913e-06
783	0.99442	0.00025979	0.0053146	1.3902e-06
784	0.99352	0.0011661	0.0053108	6.2328e-06
785	0.99361	0.0010727	0.0053124	5.7377e-06
786	0.99451	0.00017149	0.0053183	9.1668e-07
787	0.99466	1.5236e-05	0.0053203	8.1462e-08
788	0.99432	0.00036099	0.0053195	1.9334e-06
789	0.99462	6.0218e-05	0.0053222	3.2272e-07
790	0.99436	0.00031782	0.0053218	1.7064e-06
791	0.99405	0.00062132	0.0053213	3.3382e-06
792	0.99351	0.00116	0.0053195	6.2332e-06
793	0.99238	0.0022937	0.0053146	1.2321e-05
794	0.99226	0.0024126	0.0053152	1.2962e-05
795	0.99309	0.0015847	0.0053208	8.5182e-06
796	0.99344	0.0012303	0.0053239	6.6244e-06
797	0.99338	0.0012929	0.0053248	6.9688e-06
798	0.99283	0.0018346	0.0053231	9.8909e-06
799	0.987	0.0076693	0.005293	4.1297e-05
800	0.97516	0.019507	0.0052306	0.00010498
801	0.95061	0.044048	0.0051	0.00023692
802	0.89472	0.099941	0.0048011	0.00053718
803	0.86235	0.13231	0.0046282	0.00071139
804	0.84097	0.15369	0.0045146	0.00082644
805	0.82751	0.16715	0.0044435	0.00089889
806	0.82196	0.1727	0.0044148	0.00092894
807	0.82266	0.172	0.0044196	0.00092548
808	0.82979	0.16486	0.004459	0.00088746
809	0.84533	0.14932	0.0045434	0.00080436
810	0.86956	0.12509	0.0046746	0.00067442
811	0.86761	0.12704	0.0046651	0.00068525
812	0.87122	0.12342	0.0046855	0.00066618
813	0.87904	0.11561	0.0047285	0.00062445
814	0.87863	0.11602	0.0047273	0.00062694
815	0.88217	0.11247	0.0047476	0.00060808
816	0.89017	0.10447	0.0047919	0.0005651
817	0.87713	0.11751	0.0047228	0.00063562
818	0.87141	0.12323	0.0046931	0.00066674
819	0.8696	0.12504	0.0046846	0.00067671
820	0.86076	0.13387	0.004638	0.00072468
821	0.85673	0.1379	0.0046174	0.00074665
822	0.8566	0.13804	0.004618	0.00074754
823	0.84735	0.14728	0.0045694	0.00079761
824	0.84474	0.14989	0.0045566	0.00081188
825	0.84608	0.14855	0.0045652	0.00080478
826	0.85377	0.14086	0.004608	0.00076341
827	0.86999	0.12464	0.0046969	0.00067596
828	0.89418	0.10045	0.0048291	0.00054518
829	0.90371	0.090911	0.0048821	0.00049365
830	0.9187	0.075926	0.0049648	0.00041247
831	0.94093	0.053688	0.005087	0.00029178
832	0.95018	0.044435	0.0051389	0.00024151
833	0.95393	0.040685	0.0051608	0.00022117
834	0.96078	0.033833	0.0051996	0.00018393
835	0.97391	0.02071	0.0052724	0.00011263
836	0.97958	0.015033	0.0053049	8.1745e-05
837	0.99031	0.0043053	0.0053647	2.3421e-05
838	0.98933	0.0052807	0.005361	2.8715e-05
839	0.98991	0.004702	0.0053656	2.5589e-05
840	0.98929	0.0053156	0.0053638	2.8931e-05
841	0.98992	0.0046881	0.0053687	2.5524e-05
842	0.99179	0.0028143	0.0053805	1.5331e-05
843	0.9924	0.0022069	0.0053855	1.2019e-05
844	0.99007	0.0045269	0.0053744	2.4634e-05
845	0.98946	0.0051406	0.0053726	2.7992e-05
846	0.99007	0.0045265	0.0053776	2.4666e-05
847	0.98946	0.0051391	0.0053758	2.8006e-05
848	0.98767	0.0069207	0.0053677	3.7728e-05
849	0.98724	0.0073492	0.005367	4.0078e-05
850	0.98812	0.0064761	0.0053734	3.5331e-05
851	0.99039	0.0041967	0.0053875	2.2906e-05
852	0.99435	0.00023684	0.0054108	1.2921e-06
853	0.99451	7.1462e-05	0.0054134	3.9003e-07
854	0.99206	0.0025242	0.0054017	1.3781e-05
855	0.97503	0.019549	0.0053105	0.00010667
856	0.96349	0.031094	0.0052492	0.00016965
857	0.95753	0.037051	0.0052183	0.00020223
858	0.95444	0.040142	0.0052031	0.00021916
859	0.95485	0.039727	0.0052069	0.000217
860	0.95773	0.036846	0.0052243	0.00020134
861	0.96342	0.031151	0.0052571	0.00017028
862	0.97456	0.020012	0.0053196	0.00010948
863	0.99157	0.0029964	0.0054144	1.6453e-05
864	0.99159	0.0029805	0.0054163	1.6376e-05
865	0.98662	0.0079422	0.0053909	4.3574e-05
866	0.98383	0.010729	0.0053775	5.8854e-05
867	0.98282	0.011742	0.0053738	6.4413e-05
868	0.98343	0.011128	0.0053791	6.1044e-05
869	0.98635	0.0082077	0.0053969	4.5059e-05
870	0.9875	0.0070576	0.0054051	3.8783e-05
871	0.98737	0.0071838	0.0054062	3.9519e-05
872	0.98545	0.0091038	0.0053974	5.0103e-05
873	0.985	0.0095493	0.0053968	5.2583e-05
874	0.98597	0.0085738	0.0054041	4.7248e-05
875	0.98558	0.0089678	0.0054038	4.9457e-05
876	0.98667	0.0078756	0.0054117	4.3486e-05
877	0.9894	0.0051403	0.0054287	2.8458e-05
878	0.9903	0.0042388	0.0054356	2.3514e-05
879	0.97835	0.016188	0.0053716	8.9573e-05
880	0.97194	0.022599	0.005338	0.00012511
881	0.96842	0.026115	0.0053205	0.00014465
882	0.96729	0.027243	0.0053162	0.000151
883	0.96823	0.026302	0.0053234	0.0001459
884	0.96553	0.029	0.0053105	0.0001609
885	0.96503	0.029494	0.0053098	0.00016371
886	0.94635	0.048175	0.0052087	0.00026703
887	0.90372	0.090799	0.0049753	0.0005026
888	0.8102	0.18432	0.004461	0.0010191
889	0.59775	0.39677	0.0032906	0.0021918
890	0.45212	0.54239	0.0024889	0.0029958
891	0.35238	0.64213	0.0019403	0.0035468
892	0.29387	0.70064	0.0016182	0.0038711
893	0.25413	0.74038	0.0013997	0.0040919
894	0.22647	0.76804	0.0012479	0.0042461
895	0.17048	0.82403	0.00093933	0.004557
896	0.1309	0.8636	0.00072142	0.0047772
897	0.10794	0.88656	0.00059484	0.0049061
898	0.09505	0.89945	0.00052378	0.0049795
899	0.086907	0.90759	0.00047897	0.0050266
900	0.082029	0.91246	0.00045223	0.0050557
901	0.079831	0.91466	0.00044031	0.00507
902	0.081521	0.91297	0.00044985	0.0050628
903	0.087496	0.90699	0.00048305	0.0050319
904	0.072106	0.92238	0.00039802	0.0051193
905	0.061904	0.93258	0.00034173	0.0051779
906	0.056781	0.9377	0.00031347	0.0052086
907	0.053987	0.94049	0.00029812	0.0052263
908	0.054403	0.94007	0.00030051	0.0052262
909	0.057023	0.93745	0.00031515	0.005214
910	0.061945	0.93252	0.00034261	0.0051889
911	0.070111	0.92436	0.00038815	0.0051457
912	0.082695	0.91177	0.00045837	0.0050779
913	0.075588	0.91887	0.00041922	0.0051195
914	0.071418	0.92304	0.00039637	0.0051448
915	0.071078	0.92338	0.00039476	0.0051489
916	0.074471	0.91998	0.00041389	0.0051322
917	0.080623	0.91383	0.00044846	0.0051
918	0.092644	0.90181	0.00051575	0.0050352
919	0.095133	0.89931	0.00052996	0.0050234
920	0.10088	0.89356	0.00056245	0.0049934
921	0.11272	0.88172	0.00062898	0.0049293
922	0.13016	0.86428	0.00072699	0.0048338
923	0.16069	0.83374	0.00089829	0.0046649
924	0.21255	0.78188	0.001189	0.0043767
925	0.23798	0.75645	0.0013317	0.0042363
926	0.27586	0.71857	0.0015446	0.0040259
927	0.34039	0.65403	0.0019067	0.0036663
928	0.44933	0.54509	0.0025173	0.003058
929	0.6083	0.38612	0.0034096	0.0021681
930	0.67439	0.32003	0.0037822	0.001798
931	0.78722	0.2072	0.004417	0.0011656
932	0.83836	0.15605	0.0047064	0.00087867
933	0.91123	0.083186	0.0051186	0.00046898
934	0.91982	0.074589	0.0051694	0.00042072
935	0.93392	0.060489	0.0052514	0.00034131
936	0.95898	0.035426	0.0053951	0.00020009
937	0.96145	0.032955	0.0054115	0.00018625
938	0.96007	0.034331	0.0054062	0.00019408
939	0.96191	0.032489	0.005419	0.00018378
940	0.9606	0.033798	0.0054139	0.00019131
941	0.96171	0.032686	0.0054226	0.00018513
942	0.96519	0.029196	0.0054448	0.00016548
943	0.96474	0.029652	0.0054447	0.00016812
944	0.96097	0.033419	0.0054259	0.00018952
945	0.96057	0.033812	0.005426	0.00019188
946	0.96244	0.031943	0.0054391	0.0001814
947	0.96047	0.033907	0.0054304	0.00019261
948	0.96094	0.03343	0.0054357	0.00018997
949	0.96374	0.030633	0.0054542	0.00017414
950	0.97061	0.023756	0.0054957	0.00013516
951	0.98126	0.013104	0.0055589	7.465e-05
952	0.9858	0.0085677	0.0055874	4.8851e-05
953	0.9932	0.0011591	0.0056323	6.6355e-06
954	0.99294	0.0014186	0.0056336	8.1144e-06
955	0.98888	0.0054752	0.0056132	3.1228e-05
956	0.98668	0.0076776	0.0056035	4.3788e-05
957	0.98601	0.0083425	0.0056025	4.7593e-05
958	0.95451	0.039838	0.0054257	0.00022719
959	0.88348	0.11087	0.0050237	0.00063207
960	0.8336	0.16074	0.0047422	0.00091648
961	0.79889	0.19545	0.004547	0.0011146
962	0.77964	0.21469	0.0044396	0.0012249
963	0.77039	0.22394	0.004389	0.0012783
964	0.76842	0.22591	0.0043797	0.0012904
965	0.77134	0.22299	0.0043985	0.0012745
966	0.77958	0.21475	0.0044478	0.0012281
967	0.79432	0.2	0.0045345	0.0011443
968	0.82188	0.17243	0.0046944	0.00098731
969	0.86184	0.13247	0.0049257	0.000759
970	0.91901	0.075305	0.005256	0.00043161
971	0.94844	0.045873	0.0054274	0.00026313
972	0.99063	0.0036728	0.0056725	2.1039e-05
973	0.99027	0.0040373	0.0056733	2.3125e-05
974	0.99134	0.0029591	0.0056824	1.6952e-05
975	0.99417	0.00013201	0.0057015	7.5838e-07
976	0.99237	0.0019253	0.005694	1.1086e-05
977	0.99163	0.002665	0.0056926	1.5356e-05
