#coord	neutral	conserved	gBGC.neutral	gBGC.conserved
1	0.7814	0.21787	0.00056623	0.00015796
2	0.78926	0.21002	0.00056742	0.00015106
3	0.80291	0.19638	0.00057268	0.0001401
4	0.82873	0.17056	0.00058638	0.00012069
5	0.87408	0.12522	0.00061344	8.7887e-05
6	0.95118	0.048128	0.00066203	3.3552e-05
7	0.96124	0.038067	0.00066352	2.633e-05
8	0.97643	0.022883	0.00066842	1.5703e-05
9	0.99857	0.0007527	0.0006779	5.1354e-07
10	0.99854	0.00078577	0.00067219	5.3138e-07
11	0.99824	0.0010947	0.0006663	7.3346e-07
12	0.99871	0.00062915	0.00066094	4.1833e-07
13	0.99796	0.0013806	0.00065479	9.0875e-07
14	0.99809	0.0012649	0.00064923	8.2528e-07
15	0.99905	0.0003072	0.00064422	1.9892e-07
16	0.99904	0.00031932	0.00063859	2.0484e-07
17	0.99903	0.00033396	0.00063297	2.1233e-07
18	0.999	0.00037172	0.00062735	2.3428e-07
19	0.99775	0.0016328	0.00062098	1.0185e-06
20	0.99764	0.0017434	0.00061532	1.0791e-06
21	0.99686	0.0025268	0.00060925	1.5503e-06
22	0.99513	0.0042657	0.00060263	2.5922e-06
23	0.99466	0.0047354	0.00059681	2.8506e-06
24	0.9925	0.0069102	0.00058999	4.1178e-06
25	0.99174	0.0076719	0.00058403	4.5264e-06
26	0.99239	0.0070279	0.00057892	4.1043e-06
27	0.995	0.0044197	0.00057492	2.5548e-06
28	0.99623	0.0031944	0.00057009	1.8283e-06
29	0.99876	0.00067615	0.00056598	3.8075e-07
30	0.998	0.0014393	0.00055999	8.0082e-07
31	0.99662	0.0028214	0.00055365	1.553e-06
32	0.9963	0.0031539	0.00054792	1.7138e-06
33	0.99698	0.0024768	0.00054275	1.322e-06
34	0.99675	0.0027088	0.0005371	1.4206e-06
35	0.9922	0.0072659	0.00052922	3.7578e-06
36	0.98958	0.0098936	0.0005224	5.0465e-06
37	0.96962	0.029857	0.00050684	1.5053e-05
38	0.95651	0.042976	0.00049496	2.1406e-05
39	0.94801	0.051475	0.00048552	2.5321e-05
40	0.94312	0.056374	0.00047795	2.7371e-05
41	0.94147	0.058035	0.00047204	2.7783e-05
42	0.94259	0.05692	0.0004675	2.6825e-05
43	0.9381	0.06141	0.00046031	2.8531e-05
44	0.92705	0.072466	0.00045013	3.3211e-05
45	0.92039	0.079136	0.00044209	3.5758e-05
46	0.91731	0.08222	0.00043577	3.6597e-05
47	0.88187	0.11766	0.00041523	5.1648e-05
48	0.86171	0.13783	0.00040168	5.9682e-05
49	0.8136	0.18594	0.00037644	7.9414e-05
50	0.70679	0.29276	0.00032709	0.00012327
51	0.64375	0.3558	0.00029707	0.00014779
52	0.59971	0.39985	0.00027558	0.00016378
53	0.56936	0.43021	0.00026016	0.0001737
54	0.55314	0.44643	0.00025075	0.00017761
55	0.51562	0.48396	0.00023313	0.00018974
56	0.49479	0.50479	0.00022241	0.00019494
57	0.4823	0.51729	0.0002152	0.00019666
58	0.45336	0.54623	0.00020185	0.00020448
59	0.39454	0.60505	0.00017775	0.00022306
60	0.36038	0.63923	0.00016329	0.00023197
61	0.33703	0.66258	0.00015317	0.00023656
62	0.3217	0.67791	0.00014622	0.00023798
63	0.31543	0.68419	0.00014277	0.00023589
64	0.31632	0.68331	0.00014214	0.00023097
65	0.32461	0.67502	0.00014452	0.00022302
66	0.33953	0.6601	0.00014963	0.00021236
67	0.36765	0.63199	0.00016019	0.00019622
68	0.40977	0.58987	0.00017646	0.00017439
69	0.40911	0.59054	0.00017609	0.00017696
70	0.39797	0.60168	0.00017165	0.00018359
71	0.39511	0.60454	0.00017047	0.00018695
72	0.39974	0.5999	0.00017206	0.00018752
73	0.40988	0.58976	0.00017561	0.00018613
74	0.43111	0.56852	0.00018292	0.00018096
75	0.46372	0.53591	0.00019408	0.00017196
76	0.47447	0.52516	0.00019814	0.00017004
77	0.49677	0.50286	0.00020617	0.00016415
78	0.53096	0.46867	0.00021829	0.00015416
79	0.52686	0.47276	0.00021722	0.00015734
80	0.52792	0.47171	0.00021812	0.00015857
81	0.53425	0.46538	0.00022098	0.00015782
82	0.54661	0.45301	0.00022606	0.00015486
83	0.57135	0.42827	0.00023556	0.00014746
84	0.60771	0.3919	0.00024927	0.00013584
85	0.6249	0.37472	0.00025636	0.00013084
86	0.65696	0.34265	0.00026882	0.00012046
87	0.71256	0.28705	0.00028977	0.00010157
88	0.79173	0.20788	0.00031942	7.3983e-05
89	0.83273	0.16687	0.00033568	5.9764e-05
90	0.90274	0.096861	0.00036257	3.4906e-05
91	0.91195	0.087653	0.00036765	3.1842e-05
92	0.91344	0.086163	0.0003699	3.1616e-05
93	0.90954	0.090057	0.00037003	3.3481e-05
94	0.90902	0.090576	0.0003715	3.4016e-05
95	0.91181	0.08778	0.00037428	3.3241e-05
96	0.92018	0.07941	0.00037923	3.0283e-05
97	0.93353	0.066058	0.00038616	2.5347e-05
98	0.95745	0.042133	0.00039722	1.6258e-05
99	0.99853	0.0010508	0.00041503	4.089e-07
100	0.98477	0.014808	0.00041121	6.179e-06
101	0.97723	0.022347	0.00040993	9.3882e-06
102	0.97377	0.025807	0.00041033	1.0904e-05
103	0.97269	0.02689	0.00041173	1.1421e-05
104	0.97453	0.025048	0.00041436	1.0699e-05
105	0.97887	0.020699	0.00041806	8.897e-06
106	0.97379	0.025785	0.00041773	1.1138e-05
107	0.96167	0.037901	0.00041433	1.6444e-05
108	0.95386	0.045703	0.00041277	1.9914e-05
109	0.95072	0.048849	0.00041319	2.1384e-05
110	0.94079	0.058776	0.00041063	2.5838e-05
111	0.91664	0.082925	0.00040177	3.6592e-05
112	0.74131	0.25825	0.00032601	0.00011425
113	0.62127	0.37828	0.00027418	0.00016797
114	0.53654	0.46302	0.00023766	0.00020639
115	0.47692	0.52263	0.00021207	0.00023387
116	0.44266	0.55689	0.00019759	0.00025023
117	0.42403	0.57552	0.00019001	0.00025969
118	0.41312	0.58643	0.00018585	0.00026571
119	0.41061	0.58893	0.00018546	0.00026796
120	0.41579	0.58375	0.00018854	0.00026672
121	0.42662	0.57292	0.00019422	0.00026288
122	0.42467	0.57487	0.0001941	0.00026484
123	0.42771	0.57183	0.00019626	0.00026451
124	0.42095	0.57859	0.00019389	0.00026871
125	0.41935	0.58018	0.00019391	0.00027052
126	0.42273	0.5768	0.00019624	0.00027001
127	0.41343	0.5861	0.00019266	0.00027541
128	0.38981	0.60972	0.00018229	0.00028759
129	0.37784	0.62168	0.00017733	0.00029434
130	0.34744	0.65208	0.0001636	0.00030987
131	0.32764	0.67188	0.00015481	0.00032045
132	0.27817	0.72136	0.00013183	0.00034523
133	0.24352	0.756	0.00011577	0.00036307
134	0.22392	0.7756	0.00010679	0.00037383
135	0.21161	0.78791	0.00010127	0.00038113
136	0.17856	0.82096	8.5688e-05	0.00039848
137	0.15983	0.83968	7.692e-05	0.00040901
138	0.14783	0.85168	7.1367e-05	0.00041632
139	0.14083	0.85868	6.8217e-05	0.00042123
140	0.13783	0.86167	6.7001e-05	0.0004242
141	0.1384	0.86111	6.7529e-05	0.00042543
142	0.1426	0.8569	6.986e-05	0.00042485
143	0.15106	0.84844	7.4317e-05	0.00042214
144	0.16419	0.83531	8.1137e-05	0.00041707
145	0.18767	0.81183	9.3164e-05	0.00040678
146	0.19514	0.80436	9.7251e-05	0.00040443
147	0.20763	0.79187	0.0001039	0.00039951
148	0.23109	0.76841	0.00011612	0.00038901
149	0.26498	0.73452	0.00013373	0.00037312
150	0.28025	0.71924	0.00014196	0.00036659
151	0.28439	0.7151	0.00014455	0.0003657
152	0.29347	0.70602	0.00014969	0.00036225
153	0.31236	0.68713	0.00015988	0.00035374
154	0.31685	0.68264	0.00016273	0.00035257
155	0.32975	0.66973	0.00016993	0.00034704
156	0.3507	0.64879	0.00018135	0.00033728
157	0.3827	0.61678	0.00019863	0.00032167
158	0.43842	0.56106	0.00022838	0.00029358
159	0.52022	0.47926	0.00027203	0.00025158
160	0.56145	0.43802	0.00029457	0.00023068
161	0.57745	0.42202	0.00030394	0.00022295
162	0.55969	0.43978	0.00029553	0.000233
163	0.54899	0.45048	0.00029081	0.00023936
164	0.54671	0.45276	0.0002905	0.00024129
165	0.55222	0.44725	0.00029434	0.00023907
166	0.56703	0.43243	0.00030316	0.00023185
167	0.59098	0.40848	0.00031695	0.00021966
168	0.60076	0.3987	0.00032316	0.00021504
169	0.57217	0.42729	0.00030869	0.00023109
170	0.51386	0.4856	0.00027801	0.00026334
171	0.40128	0.59817	0.00021762	0.0003253
172	0.32427	0.67519	0.0001763	0.00036818
173	0.27893	0.72053	0.00015201	0.00039401
174	0.25278	0.74667	0.00013809	0.00040947
175	0.2358	0.76366	0.00012913	0.00041997
176	0.19961	0.79984	0.00010952	0.0004411
177	0.17525	0.82419	9.6362e-05	0.00045579
178	0.15924	0.84021	8.776e-05	0.00046591
179	0.14925	0.85019	8.2464e-05	0.00047272
180	0.14348	0.85596	7.9487e-05	0.00047722
181	0.14305	0.85639	7.9457e-05	0.00047876
182	0.14783	0.85161	8.2333e-05	0.00047737
183	0.15706	0.84238	8.7715e-05	0.00047349
184	0.17501	0.82443	9.8012e-05	0.00046467
185	0.16586	0.83357	9.3109e-05	0.00047105
186	0.1613	0.83814	9.0777e-05	0.00047487
187	0.16229	0.83714	9.157e-05	0.00047554
188	0.16688	0.83255	9.4408e-05	0.00047417
189	0.17834	0.82109	0.00010116	0.00046887
190	0.17888	0.82054	0.00010173	0.00046975
191	0.17126	0.82817	9.7609e-05	0.00047531
192	0.16764	0.83179	9.5775e-05	0.00047859
193	0.16759	0.83183	9.5991e-05	0.00047981
194	0.17331	0.82611	9.9517e-05	0.00047771
195	0.18641	0.81301	0.00010731	0.00047133
196	0.18977	0.80965	0.00010949	0.00047055
197	0.19726	0.80216	0.00011408	0.00046736
198	0.20978	0.78963	0.00012163	0.00046121
199	0.22885	0.77056	0.00013304	0.00045119
200	0.26284	0.73657	0.00015319	0.00043242
201	0.31301	0.6864	0.00018294	0.00040405
202	0.33384	0.66557	0.00019563	0.00039276
203	0.36564	0.63377	0.00021485	0.00037492
204	0.41141	0.588	0.00024244	0.0003487
205	0.47883	0.52058	0.00028306	0.00030947
206	0.57444	0.42497	0.0003407	0.00025321
207	0.7356	0.26381	0.00043766	0.00015762
208	0.97075	0.028652	0.00057946	1.7179e-05
209	0.97263	0.026769	0.00058191	1.609e-05
210	0.96161	0.037787	0.00057661	2.2744e-05
211	0.72079	0.2786	0.00043279	0.00016791
212	0.5503	0.44909	0.0003309	0.00027114
213	0.42966	0.56974	0.00025876	0.00034462
214	0.34435	0.65504	0.00020775	0.00039697
215	0.29404	0.70535	0.00017768	0.00042836
216	0.25883	0.74056	0.00015668	0.00045069
217	0.23448	0.76491	0.00014222	0.00046648
218	0.22143	0.77796	0.00013456	0.00047545
219	0.21412	0.78527	0.00013039	0.00048094
220	0.19165	0.80773	0.00011694	0.0004957
221	0.13925	0.86013	8.5125e-05	0.00052882
222	0.10832	0.89107	6.6316e-05	0.00054893
223	0.086552	0.91283	5.3081e-05	0.00056346
224	0.074119	0.92526	4.5528e-05	0.0005723
225	0.06575	0.93363	4.0459e-05	0.00057865
226	0.06044	0.93894	3.7266e-05	0.00058313
227	0.058888	0.94049	3.6382e-05	0.00058528
228	0.060595	0.93878	3.7512e-05	0.00058541
229	0.057054	0.94232	3.5373e-05	0.0005888
230	0.055864	0.94351	3.4695e-05	0.00059072
231	0.056632	0.94274	3.5241e-05	0.00059142
232	0.060868	0.9385	3.7953e-05	0.00058994
233	0.068143	0.93123	4.2586e-05	0.00058654
234	0.079066	0.9203	4.9535e-05	0.00058082
235	0.095538	0.90383	6.0017e-05	0.00057157
236	0.12389	0.87548	7.8022e-05	0.00055478
237	0.1654	0.83397	0.00010445	0.00052957
238	0.23546	0.76391	0.00014903	0.0004862
239	0.33763	0.66174	0.00021423	0.0004222
240	0.34999	0.64937	0.00022249	0.00041513
241	0.37405	0.62531	0.0002382	0.0004006
242	0.41046	0.5889	0.00026187	0.0003781
243	0.46268	0.53668	0.00029579	0.00034537
244	0.48381	0.51555	0.00030989	0.00033244
245	0.52209	0.47727	0.00033505	0.00030845
246	0.57892	0.42043	0.00037228	0.00027238
247	0.60742	0.39194	0.00039132	0.0002545
248	0.65035	0.349	0.00041978	0.00022719
249	0.64807	0.35129	0.00041904	0.00022909
250	0.63424	0.36511	0.00041075	0.00023852
251	0.62716	0.37219	0.00040685	0.00024356
252	0.62536	0.37399	0.00040638	0.00024517
253	0.63122	0.36812	0.0004109	0.00024178
254	0.64357	0.35578	0.00041969	0.00023412
255	0.66417	0.33518	0.00043395	0.000221
256	0.67001	0.32934	0.00043852	0.00021755
257	0.68223	0.31712	0.00044732	0.00020987
258	0.70259	0.29676	0.00046153	0.00019677
259	0.70787	0.29147	0.00046583	0.0001936
260	0.71872	0.28062	0.00047385	0.0001867
261	0.74059	0.25875	0.00048918	0.00017248
262	0.77405	0.22529	0.0005123	0.00015047
263	0.82392	0.17542	0.00054648	0.0001174
264	0.90867	0.090661	0.00060405	6.0933e-05
265	0.91931	0.080024	0.00061218	5.3901e-05
266	0.92312	0.076209	0.00061574	5.1431e-05
267	0.93063	0.0687	0.0006218	4.6465e-05
268	0.92117	0.078163	0.00061645	5.2904e-05
269	0.9158	0.083532	0.00061385	5.6599e-05
270	0.91388	0.085452	0.00061357	5.7975e-05
271	0.91544	0.083885	0.00061565	5.6992e-05
272	0.89178	0.10755	0.0006007	7.3042e-05
273	0.87888	0.12044	0.00059295	8.1875e-05
274	0.87115	0.12817	0.00058869	8.7229e-05
275	0.86953	0.1298	0.00058853	8.8462e-05
276	0.87355	0.12578	0.00059218	8.5865e-05
277	0.88229	0.11703	0.00059908	8.003e-05
278	0.87115	0.12817	0.00059239	8.7762e-05
279	0.86485	0.13447	0.00058901	9.2197e-05
280	0.86442	0.1349	0.0005896	9.2636e-05
281	0.86817	0.13114	0.00059308	9.0198e-05
282	0.87666	0.12266	0.00059982	8.4498e-05
283	0.87676	0.12255	0.00060082	8.4537e-05
284	0.87009	0.12922	0.00059714	8.9244e-05
285	0.86752	0.1318	0.00059628	9.1138e-05
286	0.87058	0.12873	0.00059928	8.9148e-05
287	0.88017	0.11915	0.00060678	8.2654e-05
288	0.89898	0.10033	0.00062066	6.9762e-05
289	0.87804	0.12127	0.00060695	8.4437e-05
290	0.86422	0.13509	0.00059818	9.4183e-05
291	0.85628	0.14303	0.00059349	9.985e-05
292	0.85272	0.14659	0.00059185	0.00010247
293	0.85504	0.14426	0.00059428	0.000101
294	0.86197	0.13734	0.00059994	9.6308e-05
295	0.87448	0.12482	0.00060954	8.7679e-05
296	0.87739	0.12191	0.00061244	8.5752e-05
297	0.88437	0.11493	0.00061821	8.0953e-05
298	0.89907	0.10023	0.0006294	7.072e-05
299	0.92108	0.078219	0.00064579	5.5295e-05
300	0.95411	0.045185	0.00067003	3.202e-05
301	0.94803	0.051268	0.00066667	3.6343e-05
302	0.94634	0.052957	0.00066639	3.7579e-05
303	0.94755	0.05175	0.00066816	3.6765e-05
304	0.94464	0.054651	0.000667	3.8865e-05
305	0.94472	0.054569	0.00066796	3.885e-05
306	0.94887	0.050422	0.00067178	3.5952e-05
307	0.94776	0.051527	0.00067189	3.6778e-05
308	0.94931	0.049982	0.00067389	3.5715e-05
309	0.95516	0.044125	0.00067894	3.1578e-05
310	0.95561	0.043679	0.00068015	3.1292e-05
311	0.95135	0.047942	0.000678	3.4366e-05
312	0.95098	0.048302	0.00067862	3.4661e-05
313	0.94523	0.054056	0.00067538	3.8813e-05
314	0.94386	0.05542	0.00067526	3.9836e-05
315	0.94544	0.053839	0.00067725	3.874e-05
316	0.9502	0.049084	0.00068155	3.5353e-05
317	0.9605	0.038785	0.00068982	2.7969e-05
318	0.97601	0.023269	0.00070189	1.6789e-05
319	0.97063	0.02865	0.00069888	2.0679e-05
320	0.96804	0.031238	0.00069788	2.256e-05
321	0.9686	0.030676	0.00069914	2.2175e-05
322	0.95325	0.046026	0.00068891	3.327e-05
323	0.94516	0.054113	0.00068389	3.9151e-05
324	0.92505	0.074228	0.00067016	5.3735e-05
325	0.91426	0.08502	0.00066313	6.1612e-05
326	0.90972	0.089554	0.00066059	6.4974e-05
327	0.91009	0.089185	0.0006616	6.4785e-05
328	0.88011	0.11916	0.00064054	8.6662e-05
329	0.86038	0.13889	0.00062692	0.00010111
330	0.84754	0.15173	0.00061829	0.00011055
331	0.84231	0.15696	0.00061517	0.00011448
332	0.84321	0.15606	0.0006165	0.00011394
333	0.85039	0.14888	0.0006224	0.00010882
334	0.86333	0.13594	0.00063255	9.9453e-05
335	0.88757	0.1117	0.00065097	8.1803e-05
336	0.92962	0.069644	0.00068246	5.1072e-05
337	0.94856	0.050706	0.00069702	3.7249e-05
338	0.94811	0.051156	0.00069739	3.7625e-05
339	0.95154	0.04772	0.00070059	3.5147e-05
340	0.95004	0.049219	0.00070018	3.6294e-05
341	0.95229	0.04697	0.0007025	3.4682e-05
342	0.95744	0.041825	0.00070698	3.0924e-05
343	0.95857	0.040693	0.00070848	3.0129e-05
344	0.9625	0.03676	0.00071206	2.7254e-05
345	0.97124	0.028021	0.00071918	2.0822e-05
346	0.96903	0.03023	0.00071818	2.25e-05
347	0.96142	0.037842	0.00071316	2.8203e-05
348	0.95703	0.042228	0.00071054	3.1506e-05
349	0.95534	0.043916	0.00070993	3.2799e-05
350	0.95722	0.042033	0.00071196	3.1437e-05
351	0.96183	0.037422	0.00071603	2.8034e-05
352	0.96174	0.037512	0.00071661	2.8132e-05
353	0.96403	0.035223	0.00071897	2.6446e-05
354	0.97031	0.028942	0.0007243	2.1776e-05
355	0.9653	0.033953	0.00072118	2.5561e-05
356	0.96312	0.036132	0.00072019	2.7221e-05
357	0.96346	0.035791	0.0007211	2.6989e-05
358	0.95933	0.039919	0.00071865	3.0111e-05
359	0.94677	0.052477	0.00070987	3.9566e-05
360	0.93878	0.06047	0.00070452	4.56e-05
361	0.93579	0.063459	0.0007029	4.7886e-05
362	0.93596	0.063292	0.00070366	4.7793e-05
363	0.9393	0.059945	0.00070683	4.5294e-05
364	0.94777	0.051473	0.00071386	3.8926e-05
365	0.96096	0.038289	0.00072447	2.8971e-05
366	0.98444	0.014805	0.00074288	1.1211e-05
367	0.98295	0.016293	0.00074237	1.2344e-05
368	0.9832	0.016048	0.00074319	1.2165e-05
369	0.98595	0.013293	0.00074588	1.0087e-05
370	0.98662	0.012626	0.00074698	9.5922e-06
371	0.98909	0.010157	0.00074945	7.7259e-06
372	0.98975	0.0094901	0.00075057	7.2233e-06
373	0.99206	0.0071774	0.00075294	5.4662e-06
374	0.99712	0.0021209	0.00075739	1.6208e-06
375	0.99556	0.0036807	0.0007568	2.8113e-06
376	0.9952	0.0040418	0.00075713	3.0885e-06
377	0.99598	0.003256	0.00075834	2.4901e-06
378	0.9957	0.0035365	0.00075872	2.7072e-06
379	0.99423	0.0050115	0.00075819	3.8371e-06
380	0.98289	0.016351	0.00075008	1.2525e-05
381	0.97542	0.023816	0.00074494	1.8251e-05
382	0.96086	0.038371	0.00073434	2.9432e-05
383	0.95318	0.046057	0.00072896	3.5365e-05
384	0.94909	0.050142	0.00072635	3.8534e-05
385	0.949	0.050237	0.00072678	3.8649e-05
386	0.95156	0.04767	0.00072926	3.6716e-05
387	0.9571	0.042133	0.00073404	3.2493e-05
388	0.95755	0.041679	0.00073491	3.217e-05
389	0.95357	0.045664	0.00073238	3.526e-05
390	0.94198	0.057255	0.000724	4.4205e-05
391	0.86552	0.13371	0.00066557	0.00010318
392	0.8118	0.18743	0.00062464	0.00014465
393	0.78094	0.21829	0.00060126	0.00016858
394	0.76009	0.23914	0.00058558	0.00018479
395	0.74989	0.24934	0.00057809	0.0001928
396	0.74546	0.25377	0.00057506	0.00019636
397	0.74799	0.25124	0.00057738	0.00019455
398	0.75549	0.24374	0.00058356	0.00018888
399	0.7526	0.24663	0.00058173	0.00019123
400	0.75434	0.24489	0.00058348	0.00018999
401	0.76091	0.23832	0.000589	0.00018499
402	0.77634	0.22289	0.00060139	0.00017311
403	0.7814	0.21783	0.0006057	0.00016929
404	0.79217	0.20705	0.00061448	0.000161
405	0.81367	0.18556	0.00063158	0.00014438
406	0.85166	0.14757	0.0006615	0.00011493
407	0.90609	0.093132	0.00070429	7.2603e-05
408	0.98606	0.013162	0.00076711	1.0258e-05
409	0.99871	0.00051125	0.00077743	3.9911e-07
410	0.99687	0.0023517	0.00077645	1.8326e-06
411	0.99613	0.0030956	0.00077634	2.4119e-06
412	0.99444	0.0047831	0.00077547	3.7286e-06
413	0.99434	0.0048783	0.00077582	3.8062e-06
414	0.99581	0.0034076	0.00077738	2.6634e-06
415	0.99372	0.0055043	0.00077616	4.3059e-06
416	0.99303	0.0061935	0.00077605	4.8472e-06
417	0.994	0.0052152	0.00077722	4.0863e-06
418	0.99313	0.0060912	0.00077695	4.7749e-06
419	0.99088	0.0083383	0.00077558	6.5417e-06
420	0.99012	0.0090961	0.00077539	7.1402e-06
421	0.99076	0.0084557	0.00077629	6.6405e-06
422	0.99298	0.0062324	0.00077845	4.8952e-06
423	0.99345	0.005769	0.00077923	4.5292e-06
424	0.99283	0.0063848	0.00077915	5.012e-06
425	0.9939	0.0053112	0.00078037	4.1705e-06
426	0.99694	0.0022721	0.00078312	1.7864e-06
427	0.9983	0.00091574	0.00078456	7.2054e-07
428	0.99805	0.0011679	0.00078472	9.2013e-07
429	0.99858	0.00063222	0.0007855	4.9913e-07
430	0.99529	0.0039251	0.00078324	3.102e-06
431	0.98817	0.011045	0.00077797	8.7272e-06
432	0.98372	0.015498	0.0007748	1.2247e-05
433	0.98154	0.017677	0.00077343	1.3971e-05
434	0.9819	0.017311	0.00077405	1.3691e-05
435	0.98492	0.014295	0.00077675	1.1322e-05
436	0.98498	0.014234	0.00077712	1.1283e-05
437	0.97433	0.024883	0.00076901	1.9719e-05
438	0.96884	0.030372	0.00076497	2.4082e-05
439	0.96601	0.033198	0.00076303	2.6335e-05
440	0.96648	0.032735	0.00076368	2.5988e-05
441	0.97036	0.02885	0.00076703	2.2938e-05
442	0.94626	0.052948	0.00074808	4.2155e-05
443	0.92982	0.069389	0.00073525	5.527e-05
444	0.91948	0.079726	0.00072727	6.3523e-05
445	0.89781	0.1014	0.00071029	8.079e-05
446	0.88336	0.11585	0.00069906	9.2309e-05
447	0.87656	0.12265	0.00069388	9.7764e-05
448	0.85704	0.14217	0.00067858	0.00011333
449	0.84717	0.15204	0.00067093	0.00012124
450	0.84244	0.15676	0.00066739	0.00012505
451	0.84219	0.15702	0.00066741	0.0001253
452	0.84636	0.15284	0.00067096	0.00012202
453	0.85512	0.14408	0.00067818	0.00011507
454	0.8701	0.12911	0.00069037	0.00010316
455	0.89344	0.10577	0.00070928	8.4534e-05
456	0.93399	0.065214	0.00074191	5.2171e-05
457	0.81879	0.18042	0.00065056	0.00014378
458	0.74013	0.25908	0.0005883	0.00020632
459	0.6849	0.31431	0.00054466	0.00025023
460	0.57753	0.42168	0.00045949	0.00033566
461	0.51467	0.48454	0.0004096	0.0003858
462	0.47815	0.52105	0.00038062	0.00041502
463	0.39031	0.60889	0.00031078	0.00048509
464	0.33897	0.66023	0.00026992	0.00052617
465	0.30309	0.69611	0.00024141	0.00055491
466	0.28292	0.71628	0.00022538	0.00057115
467	0.26985	0.72935	0.00021502	0.00058172
468	0.26484	0.73436	0.00021107	0.00058587
469	0.2665	0.7327	0.00021242	0.0005847
470	0.25687	0.74233	0.00020478	0.00059253
471	0.25456	0.74464	0.00020296	0.00059453
472	0.24131	0.75789	0.00019238	0.00060527
473	0.23397	0.76524	0.00018654	0.00061128
474	0.23105	0.76815	0.00018424	0.00061374
475	0.18218	0.81702	0.00014519	0.00065295
476	0.14775	0.85145	0.00011769	0.00068059
477	0.12361	0.87559	9.8443e-05	0.00069999
478	0.11012	0.88909	8.7668e-05	0.00071091
479	0.10165	0.89755	8.0923e-05	0.00071779
480	0.07898	0.92022	6.2846e-05	0.00073601
481	0.063059	0.93614	5.0165e-05	0.00074882
482	0.051977	0.94722	4.1349e-05	0.00075777
483	0.044405	0.9548	3.5333e-05	0.00076392
484	0.039678	0.95952	3.1588e-05	0.0007678
485	0.03798	0.96122	3.025e-05	0.00076926
486	0.038038	0.96116	3.0316e-05	0.00076932
487	0.033677	0.96552	2.6849e-05	0.0007729
488	0.032083	0.96712	2.5584e-05	0.00077426
489	0.031905	0.9673	2.5453e-05	0.00077449
490	0.027461	0.97174	2.1909e-05	0.00077812
491	0.024852	0.97435	1.9834e-05	0.00078028
492	0.023551	0.97565	1.8807e-05	0.0007814
493	0.018119	0.98108	1.4474e-05	0.0007858
494	0.015219	0.98398	1.2159e-05	0.00078818
495	0.014053	0.98515	1.1225e-05	0.00078917
496	0.013803	0.9854	1.1028e-05	0.00078942
497	0.01495	0.98425	1.1944e-05	0.00078855
498	0.017165	0.98203	1.3719e-05	0.00078681
499	0.021627	0.97757	1.7287e-05	0.00078327
500	0.029603	0.9696	2.3656e-05	0.00077692
501	0.040871	0.95833	3.2667e-05	0.00076793
502	0.060196	0.939	4.8103e-05	0.0007525
503	0.067912	0.93129	5.4253e-05	0.00074635
504	0.082142	0.91706	6.5588e-05	0.000735
505	0.10253	0.89667	8.1849e-05	0.00071872
506	0.13152	0.86767	0.000105	0.00069555
507	0.174	0.8252	0.00013896	0.00066158
508	0.23407	0.76513	0.00018703	0.00061349
509	0.3361	0.6631	0.0002686	0.00053189
510	0.48488	0.51432	0.00038767	0.00041279
511	0.50315	0.49605	0.0004023	0.00039813
512	0.53075	0.46845	0.00042442	0.00037598
513	0.5791	0.4201	0.00046314	0.00033722
514	0.65043	0.34877	0.00052034	0.00027999
515	0.755	0.2442	0.00060428	0.00019601
516	0.93122	0.067977	0.0007456	5.4642e-05
517	0.93703	0.062173	0.00075022	4.9977e-05
518	0.94919	0.050008	0.00075992	4.0217e-05
519	0.97099	0.028207	0.00077731	2.275e-05
520	0.9509	0.0483	0.00076106	3.8924e-05
521	0.93988	0.059319	0.00075209	4.7805e-05
522	0.93343	0.065769	0.00074682	5.2999e-05
523	0.93062	0.068579	0.00074448	5.5259e-05
524	0.93105	0.068153	0.00074474	5.4915e-05
525	0.93451	0.064693	0.00074745	5.2131e-05
526	0.92105	0.078152	0.00073656	6.2941e-05
527	0.91451	0.084691	0.0007312	6.8199e-05
528	0.9116	0.087602	0.00072876	7.0537e-05
529	0.86829	0.13091	0.00069383	0.00010536
530	0.83927	0.15994	0.00067041	0.00012866
531	0.82343	0.17577	0.00065756	0.00014138
532	0.78437	0.21483	0.00062609	0.00017273
533	0.7625	0.2367	0.00060839	0.00019029
534	0.74897	0.25023	0.00059742	0.00020113
535	0.71925	0.27995	0.00057342	0.00022498
536	0.70009	0.29911	0.00055793	0.00024032
537	0.68874	0.31046	0.00054873	0.00024938
538	0.65866	0.34054	0.00052455	0.00027342
539	0.63932	0.35989	0.000509	0.00028884
540	0.62733	0.37187	0.00049935	0.00029835
541	0.62127	0.37793	0.00049445	0.00030312
542	0.62291	0.3763	0.00049567	0.00030175
543	0.63282	0.36638	0.00050348	0.00029377
544	0.6116	0.3876	0.00048639	0.00031069
545	0.59819	0.40101	0.00047557	0.00032134
546	0.59097	0.40823	0.00046971	0.00032702
547	0.56647	0.43273	0.00045009	0.00034647
548	0.55411	0.44509	0.00044012	0.00035625
549	0.55049	0.44871	0.00043711	0.00035906
550	0.55201	0.4472	0.0004382	0.00035778
551	0.55883	0.44037	0.00044354	0.00035224
552	0.57541	0.42379	0.00045662	0.00033895
553	0.60176	0.39744	0.0004775	0.00031787
554	0.64032	0.35888	0.00050812	0.00028704
555	0.69572	0.30348	0.0005522	0.00024275
556	0.77463	0.22458	0.00061508	0.00017967
557	0.80837	0.19084	0.00064189	0.00015266
558	0.85695	0.14225	0.00068059	0.00011376
559	0.84662	0.15258	0.00067225	0.0001219
560	0.84317	0.15604	0.00066935	0.00012459
561	0.84572	0.15348	0.00067122	0.0001225
562	0.82114	0.17807	0.00065148	0.000142
563	0.80545	0.19376	0.00063884	0.0001544
564	0.79842	0.20078	0.00063306	0.00015993
565	0.71984	0.27937	0.00057054	0.0002222
566	0.67416	0.32504	0.0005341	0.00025838
567	0.64262	0.35659	0.00050893	0.00028329
568	0.62575	0.37346	0.00049537	0.00029658
569	0.61863	0.38058	0.00048953	0.00030213
570	0.61931	0.3799	0.00048985	0.00030151
571	0.62796	0.37125	0.00049646	0.00029458
572	0.64379	0.35542	0.00050876	0.00028198
573	0.6737	0.32551	0.00053213	0.00025828
574	0.66685	0.33236	0.00052646	0.00026363
575	0.66771	0.3315	0.00052687	0.00026288
576	0.67415	0.32506	0.00053171	0.00025771
577	0.67142	0.3278	0.00052926	0.0002598
578	0.67362	0.32559	0.00053074	0.00025798
579	0.68103	0.31818	0.00053633	0.00025204
580	0.69811	0.3011	0.00054952	0.00023849
581	0.70198	0.29723	0.00055227	0.00023537
582	0.71173	0.28748	0.00055965	0.00022762
583	0.71004	0.28917	0.00055803	0.00022887
584	0.71562	0.2836	0.00056212	0.0002244
585	0.72736	0.27185	0.00057107	0.00021507
586	0.74696	0.25225	0.00058621	0.00019955
587	0.77724	0.22197	0.00060976	0.00017563
588	0.79006	0.20915	0.00061957	0.00016545
589	0.77515	0.22407	0.00060755	0.0001771
590	0.76682	0.23239	0.00060074	0.00018354
591	0.7639	0.23532	0.00059819	0.00018573
592	0.76594	0.23327	0.00059956	0.00018399
593	0.77551	0.2237	0.00060682	0.00017635
594	0.79514	0.20408	0.00062195	0.00016083
595	0.82531	0.17391	0.00064538	0.00013701
596	0.87037	0.12885	0.00068054	0.00010147
597	0.93467	0.064546	0.00073085	5.078e-05
598	0.96809	0.031131	0.00075676	2.4476e-05
599	0.98562	0.013598	0.00077013	1.0697e-05
600	0.98324	0.015984	0.00076784	1.256e-05
601	0.97477	0.024454	0.0007608	1.9179e-05
602	0.95784	0.041378	0.00074712	3.2415e-05
603	0.94695	0.052275	0.00073819	4.0911e-05
604	0.92504	0.074178	0.00072064	5.801e-05
605	0.91302	0.086205	0.0007108	6.7387e-05
606	0.90571	0.093509	0.00070467	7.3055e-05
607	0.90391	0.095315	0.00070281	7.4437e-05
608	0.90574	0.093485	0.0007038	7.2978e-05
609	0.91114	0.088085	0.00070757	6.8735e-05
610	0.90968	0.089548	0.00070601	6.983e-05
611	0.91302	0.086207	0.00070816	6.7196e-05
612	0.90989	0.089339	0.00070529	6.9588e-05
613	0.91161	0.087612	0.00070618	6.821e-05
614	0.91714	0.08209	0.00071002	6.3881e-05
615	0.92725	0.071978	0.00071742	5.5988e-05
616	0.9299	0.069327	0.00071904	5.3885e-05
617	0.93591	0.063317	0.00072328	4.9174e-05
618	0.93701	0.06222	0.00072367	4.8283e-05
619	0.94111	0.058121	0.0007264	4.5064e-05
620	0.95068	0.048548	0.00073334	3.7618e-05
621	0.95458	0.044654	0.00073585	3.4581e-05
622	0.94369	0.055536	0.00072697	4.2947e-05
623	0.937	0.062234	0.00072133	4.8069e-05
624	0.93508	0.064151	0.00071936	4.9509e-05
625	0.9374	0.061833	0.00072063	4.7691e-05
626	0.94318	0.056049	0.00072458	4.3202e-05
627	0.95327	0.045965	0.00073184	3.5401e-05
628	0.94982	0.049409	0.00072867	3.8018e-05
629	0.9491	0.050137	0.0007276	3.8541e-05
630	0.95225	0.046983	0.00072948	3.6091e-05
631	0.96018	0.039052	0.000735	2.9989e-05
632	0.95536	0.043872	0.00073076	3.3657e-05
633	0.95334	0.0459	0.00072866	3.5178e-05
634	0.95386	0.04538	0.00072852	3.4743e-05
635	0.95829	0.040951	0.00073136	3.1326e-05
636	0.96788	0.031354	0.00073811	2.3975e-05
637	0.97207	0.027173	0.00074069	2.0771e-05
638	0.97948	0.01976	0.00074575	1.5103e-05
639	0.9908	0.0084372	0.00075379	6.4574e-06
640	0.98827	0.010972	0.00075123	8.3901e-06
641	0.98199	0.017249	0.00074583	1.3171e-05
642	0.97829	0.020949	0.0007424	1.5978e-05
643	0.96901	0.030232	0.00073475	2.3019e-05
644	0.96349	0.035754	0.00072997	2.7186e-05
645	0.96178	0.037462	0.00072807	2.8461e-05
646	0.95606	0.04318	0.00072311	3.2778e-05
647	0.95349	0.045754	0.00072055	3.4701e-05
648	0.95457	0.044674	0.00072074	3.3862e-05
649	0.89761	0.10164	0.00067705	7.6909e-05
650	0.86461	0.13464	0.00065149	0.0001018
651	0.8428	0.15645	0.00063445	0.00011818
652	0.79175	0.2075	0.00059544	0.00015654
653	0.76255	0.2367	0.00057291	0.0001784
654	0.74369	0.25556	0.00055822	0.00019242
655	0.69782	0.30143	0.00052329	0.00022667
656	0.67193	0.32732	0.00050339	0.0002459
657	0.65562	0.34363	0.00049072	0.00025789
658	0.64884	0.35041	0.00048518	0.00026273
659	0.64727	0.35198	0.00048356	0.00026366
660	0.65118	0.34808	0.00048606	0.00026048
661	0.66058	0.33867	0.00049267	0.00025318
662	0.68077	0.31849	0.0005073	0.00023785
663	0.71747	0.28178	0.00053418	0.00021025
664	0.77205	0.22721	0.00057439	0.00016933
665	0.86472	0.13453	0.00064282	0.00010018
666	0.91303	0.086223	0.00067807	6.4183e-05
667	0.91737	0.081888	0.00068062	6.0896e-05
668	0.90094	0.098316	0.00066777	7.3006e-05
669	0.89037	0.10889	0.0006593	8.0744e-05
670	0.88632	0.11294	0.00065565	8.3654e-05
671	0.88764	0.11163	0.00065594	8.2597e-05
672	0.89459	0.10467	0.00066038	7.7379e-05
673	0.90636	0.092903	0.00066837	6.8616e-05
674	0.92808	0.071184	0.00068365	5.2549e-05
675	0.95961	0.039657	0.00070614	2.9276e-05
676	0.97464	0.024623	0.00071645	1.8174e-05
677	0.98098	0.018285	0.00072036	1.3487e-05
678	0.99115	0.0081141	0.00072709	5.9819e-06
679	0.99185	0.0074206	0.00072681	5.4657e-06
680	0.99094	0.0083257	0.00072537	6.1224e-06
681	0.99187	0.0073947	0.00072525	5.4346e-06
682	0.99105	0.0082219	0.00072385	6.0345e-06
683	0.99157	0.0076962	0.00072344	5.6423e-06
684	0.99352	0.0057544	0.00072408	4.2147e-06
685	0.99711	0.0021631	0.00072591	1.5835e-06
686	0.999	0.00027272	0.00072651	1.9958e-07
687	0.9992	7.8581e-05	0.00072586	5.7422e-08
688	0.99854	0.00072998	0.00072461	5.3112e-07
689	0.99738	0.0018951	0.00072298	1.3763e-06
690	0.99487	0.0044068	0.00072038	3.194e-06
691	0.99371	0.0055651	0.00071878	4.0269e-06
692	0.99415	0.0051255	0.00071831	3.7048e-06
693	0.99592	0.0033561	0.00071881	2.4214e-06
694	0.99672	0.0025573	0.00071858	1.8424e-06
695	0.99683	0.0024476	0.00071785	1.7618e-06
696	0.99639	0.0028893	0.0007167	2.079e-06
697	0.99476	0.0045195	0.0007147	3.2486e-06
698	0.99471	0.0045763	0.00071382	3.2873e-06
699	0.99357	0.0057155	0.00071217	4.1008e-06
700	0.99372	0.0055607	0.00071145	3.9838e-06
701	0.99559	0.0036941	0.00071193	2.6442e-06
702	0.99634	0.002945	0.0007116	2.1075e-06
703	0.99615	0.0031341	0.00071061	2.2408e-06
704	0.99704	0.0022512	0.00071038	1.6081e-06
705	0.99912	0.00016916	0.00071101	1.21e-07
706	0.99814	0.001149	0.00070946	8.1896e-07
707	0.99803	0.0012633	0.00070853	8.993e-07
708	0.99876	0.00052841	0.00070821	3.76e-07
709	0.91246	0.086835	0.00064619	6.1551e-05
710	0.86196	0.13733	0.00060962	9.7264e-05
711	0.82677	0.17252	0.000584	0.00012203
712	0.75859	0.24071	0.00053508	0.00017008
713	0.71083	0.28846	0.00050073	0.00020355
714	0.68377	0.31552	0.00048102	0.00022238
715	0.62902	0.37028	0.0004418	0.0002607
716	0.59222	0.40708	0.00041536	0.00028625
717	0.56716	0.43214	0.00039725	0.00030346
718	0.55153	0.44777	0.0003858	0.00031401
719	0.54554	0.45376	0.00038111	0.0003178
720	0.54736	0.45194	0.00038186	0.00031613
721	0.53871	0.46059	0.00037529	0.00032177
722	0.53556	0.46374	0.00037257	0.00032355
723	0.53753	0.46177	0.00037344	0.00032175
724	0.54786	0.45144	0.00038009	0.00031415
725	0.5659	0.43341	0.00039208	0.00030122
726	0.59422	0.40508	0.0004112	0.00028116
727	0.63692	0.36238	0.00044025	0.00025117
728	0.7106	0.28871	0.0004906	0.00019986
729	0.81859	0.18072	0.0005646	0.0001249
730	0.87496	0.12435	0.0006027	8.5838e-05
731	0.88164	0.11767	0.00060644	8.1121e-05
732	0.89318	0.10614	0.00061351	7.307e-05
733	0.91095	0.088366	0.00062486	6.0743e-05
734	0.94227	0.057046	0.00064544	3.917e-05
735	0.98716	0.012158	0.00067528	8.3343e-06
736	0.98812	0.011198	0.00067497	7.6604e-06
737	0.99147	0.0078496	0.00067627	5.3599e-06
738	0.99813	0.0011927	0.00067979	8.1373e-07
739	0.99771	0.0016154	0.00067849	1.0994e-06
740	0.99682	0.0024986	0.00067686	1.698e-06
741	0.99716	0.002162	0.00067605	1.4684e-06
742	0.99458	0.004739	0.00067324	3.2177e-06
743	0.99339	0.0059329	0.00067138	4.023e-06
744	0.99344	0.0058871	0.00067036	3.9867e-06
745	0.99217	0.0071574	0.00066845	4.8375e-06
746	0.98892	0.010406	0.0006652	7.0219e-06
747	0.98742	0.011913	0.00066313	8.0248e-06
748	0.98321	0.016122	0.00065926	1.0837e-05
749	0.9811	0.018233	0.0006568	1.223e-05
750	0.98152	0.017808	0.00065603	1.1926e-05
751	0.98394	0.015392	0.00065659	1.029e-05
752	0.98963	0.0097092	0.00065931	6.4831e-06
753	0.99869	0.00064824	0.00066427	4.3278e-07
754	0.99894	0.00039952	0.00066336	2.6625e-07
755	0.99912	0.00021988	0.0006624	1.4622e-07
756	0.9993	3.9729e-05	0.00066144	2.6377e-08
757	0.99794	0.0013949	0.00065947	9.2253e-07
758	0.99755	0.001786	0.00065814	1.1785e-06
759	0.99826	0.0010834	0.00065752	7.1406e-07
760	0.99732	0.0020201	0.0006558	1.3305e-06
761	0.99735	0.0019921	0.00065472	1.3102e-06
762	0.9983	0.0010445	0.00065425	6.8601e-07
763	0.99745	0.0018956	0.0006526	1.2414e-06
764	0.99774	0.001612	0.00065168	1.0544e-06
765	0.99899	0.00036165	0.00065139	2.3633e-07
766	0.99903	0.00031484	0.00065032	2.0517e-07
767	0.9983	0.0010534	0.00064872	6.8539e-07
768	0.99675	0.0026025	0.0006466	1.6893e-06
769	0.99654	0.0028112	0.00064534	1.8226e-06
770	0.99737	0.0019826	0.00064475	1.2834e-06
771	0.99768	0.0016772	0.0006438	1.0849e-06
772	0.99744	0.0019179	0.00064251	1.2388e-06
773	0.99648	0.0028731	0.00064076	1.8514e-06
774	0.99653	0.0028261	0.00063966	1.8171e-06
775	0.99791	0.0014469	0.0006394	9.2989e-07
776	0.99708	0.0022784	0.00063772	1.4609e-06
777	0.99723	0.0021273	0.00063667	1.3612e-06
778	0.99834	0.0010247	0.00063624	6.54e-07
779	0.99903	0.00033397	0.00063552	2.1289e-07
780	0.99885	0.00051425	0.00063425	3.2678e-07
781	0.99863	0.00074154	0.00063294	4.7064e-07
782	0.99914	0.00022356	0.0006321	1.4174e-07
783	0.99911	0.00026101	0.00063092	1.6507e-07
784	0.9982	0.0011716	0.00062918	7.3841e-07
785	0.99829	0.0010777	0.00062807	6.7838e-07
786	0.9992	0.0001723	0.00062746	1.0815e-07
787	0.99936	1.5308e-05	0.00062637	9.5904e-09
788	0.99901	0.00036269	0.00062495	2.2716e-07
789	0.99932	6.0502e-05	0.00062394	3.7839e-08
790	0.99906	0.00031932	0.00062256	1.9968e-07
791	0.99875	0.00062425	0.00062116	3.8981e-07
792	0.99821	0.0011655	0.00061961	7.263e-07
793	0.99708	0.0023046	0.00061769	1.4324e-06
794	0.99696	0.002424	0.00061642	1.5036e-06
795	0.99779	0.0015922	0.00061573	9.8604e-07
796	0.99815	0.0012361	0.00061473	7.6523e-07
797	0.99809	0.0012991	0.00061348	8.033e-07
798	0.99754	0.0018433	0.00061193	1.1376e-06
799	0.99168	0.0077057	0.00060712	4.7385e-06
800	0.97979	0.0196	0.00059863	1.2018e-05
801	0.95513	0.044258	0.00058238	2.7059e-05
802	0.89898	0.10042	0.00054702	6.1208e-05
803	0.86645	0.13294	0.00052613	8.0877e-05
804	0.84497	0.15442	0.00051205	9.3743e-05
805	0.83145	0.16795	0.00050285	0.00010173
806	0.82588	0.17352	0.00049846	0.00010489
807	0.82658	0.17282	0.00049784	0.00010425
808	0.83375	0.16565	0.0005011	9.9739e-05
809	0.84937	0.15003	0.00050937	9.0191e-05
810	0.87371	0.12569	0.00052285	7.5446e-05
811	0.87176	0.12765	0.00052053	7.6478e-05
812	0.87539	0.12401	0.00052153	7.4174e-05
813	0.88324	0.11616	0.00052505	6.9364e-05
814	0.88283	0.11657	0.00052364	6.9473e-05
815	0.8864	0.11301	0.00052459	6.722e-05
816	0.89444	0.10497	0.0005282	6.2318e-05
817	0.88134	0.11807	0.00051931	6.9922e-05
818	0.87559	0.12382	0.00051476	7.3164e-05
819	0.87377	0.12564	0.00051254	7.4073e-05
820	0.8649	0.13452	0.00050617	7.9124e-05
821	0.86085	0.13857	0.00050265	8.1318e-05
822	0.86072	0.1387	0.00050145	8.1209e-05
823	0.85143	0.14799	0.00049491	8.6427e-05
824	0.84881	0.15061	0.00049226	8.7747e-05
825	0.85016	0.14926	0.00049192	8.6755e-05
826	0.85789	0.14154	0.00049525	8.2083e-05
827	0.87418	0.12524	0.00050348	7.2493e-05
828	0.8985	0.10093	0.0005163	5.8318e-05
829	0.90808	0.09135	0.00052059	5.2668e-05
830	0.92314	0.076293	0.00052801	4.3891e-05
831	0.94548	0.053947	0.00053958	3.0966e-05
832	0.95478	0.04465	0.00054363	2.5563e-05
833	0.95855	0.040882	0.00054448	2.3346e-05
834	0.96544	0.033997	0.0005471	1.9362e-05
835	0.97862	0.02081	0.00055325	1.1824e-05
836	0.98433	0.015106	0.00055514	8.558e-06
837	0.99511	0.0043262	0.00055986	2.4452e-06
838	0.99413	0.0053063	0.00055791	2.9894e-06
839	0.99472	0.0047249	0.00055682	2.6566e-06
840	0.9941	0.0053414	0.00055506	2.995e-06
841	0.99473	0.0047109	0.000554	2.6348e-06
842	0.99662	0.002828	0.00055364	1.5782e-06
843	0.99723	0.0022176	0.00055257	1.2336e-06
844	0.9949	0.004549	0.00054985	2.5209e-06
845	0.99428	0.0051657	0.00054807	2.8564e-06
846	0.9949	0.0045486	0.00054697	2.5097e-06
847	0.99429	0.0051642	0.0005452	2.8411e-06
848	0.9925	0.0069545	0.00054276	3.8162e-06
849	0.99207	0.0073851	0.00054108	4.0419e-06
850	0.99295	0.0065078	0.00054012	3.5526e-06
851	0.99524	0.0042172	0.00053992	2.2964e-06
852	0.99922	0.000238	0.00054063	1.2914e-07
853	0.99939	7.1813e-05	0.00053926	3.8863e-08
854	0.99693	0.0025366	0.00053645	1.369e-06
855	0.97982	0.019645	0.00052577	1.0563e-05
856	0.96822	0.031247	0.00051811	1.6747e-05
857	0.96223	0.037234	0.00051346	1.9902e-05
858	0.95913	0.04034	0.00051037	2.1501e-05
859	0.95955	0.039923	0.00050914	2.1222e-05
860	0.96244	0.037027	0.00050923	1.9629e-05
861	0.96817	0.031305	0.0005108	1.6548e-05
862	0.97936	0.02011	0.00051522	1.0606e-05
863	0.99646	0.0030112	0.00052272	1.5893e-06
864	0.99648	0.0029952	0.00052122	1.5768e-06
865	0.9915	0.0079815	0.0005171	4.1813e-06
866	0.9887	0.010782	0.00051414	5.6289e-06
867	0.98768	0.0118	0.00051212	6.1404e-06
868	0.9883	0.011183	0.00051095	5.7999e-06
869	0.99124	0.0082484	0.00051096	4.2671e-06
870	0.99239	0.0070926	0.00051003	3.6608e-06
871	0.99227	0.0072194	0.00050841	3.7181e-06
872	0.99034	0.009149	0.00050588	4.698e-06
873	0.98989	0.0095967	0.00050412	4.9139e-06
874	0.99088	0.0086164	0.00050308	4.4005e-06
875	0.99048	0.0090124	0.00050133	4.5908e-06
876	0.99158	0.0079148	0.00050033	4.0229e-06
877	0.99433	0.0051659	0.00050017	2.6241e-06
878	0.99524	0.0042599	0.00049907	2.161e-06
879	0.98323	0.016269	0.00049148	8.2011e-06
880	0.97679	0.022712	0.00048669	1.1415e-05
881	0.97326	0.026246	0.00048338	1.3152e-05
882	0.97213	0.02738	0.00048128	1.3681e-05
883	0.97307	0.026434	0.00048022	1.3174e-05
884	0.97036	0.029145	0.00047735	1.4475e-05
885	0.96987	0.029642	0.00047558	1.4676e-05
886	0.95109	0.048417	0.00046485	2.3849e-05
887	0.90826	0.091255	0.00044241	4.4717e-05
888	0.81427	0.18525	0.00039524	9.0331e-05
889	0.60075	0.39877	0.00029046	0.00019354
890	0.4544	0.54512	0.00021889	0.00026355
891	0.35415	0.64537	0.00017001	0.00031087
892	0.29535	0.70417	0.00014126	0.00033804
893	0.25541	0.74411	0.00012174	0.00035599
894	0.22761	0.77191	0.00010812	0.00036802
895	0.17134	0.82819	8.1081e-05	0.00039347
896	0.13157	0.86796	6.2035e-05	0.00041093
897	0.10848	0.89105	5.0953e-05	0.0004204
898	0.095531	0.904	4.4692e-05	0.00042505
899	0.087347	0.91218	4.0709e-05	0.00042741
900	0.082445	0.91709	3.8286e-05	0.00042821
901	0.080236	0.9193	3.7131e-05	0.00042774
902	0.081934	0.9176	3.7786e-05	0.00042545
903	0.087941	0.9116	4.0413e-05	0.00042117
904	0.072472	0.92707	3.3164e-05	0.00042677
905	0.062219	0.93732	2.8358e-05	0.00042992
906	0.05707	0.94247	2.5906e-05	0.00043071
907	0.054262	0.94528	2.4537e-05	0.00043041
908	0.054681	0.94487	2.4631e-05	0.00042864
909	0.057314	0.94223	2.5723e-05	0.00042586
910	0.062262	0.93729	2.7849e-05	0.00042205
911	0.07047	0.92908	3.142e-05	0.00041679
912	0.083118	0.91644	3.6951e-05	0.00040957
913	0.075975	0.92358	3.3652e-05	0.00041117
914	0.071784	0.92777	3.1684e-05	0.00041144
915	0.071442	0.92812	3.1421e-05	0.00041
916	0.074853	0.92471	3.2801e-05	0.0004069
917	0.081037	0.91852	3.5388e-05	0.00040259
918	0.09312	0.90644	4.0521e-05	0.00039572
919	0.095623	0.90394	4.1455e-05	0.00039305
920	0.1014	0.89817	4.3803e-05	0.00038896
921	0.11331	0.88626	4.8766e-05	0.00038224
922	0.13083	0.86874	5.6114e-05	0.00037314
923	0.16152	0.83805	6.9024e-05	0.00035847
924	0.21365	0.78592	9.0941e-05	0.00033477
925	0.23921	0.76036	0.00010139	0.00032253
926	0.27729	0.72229	0.00011705	0.00030509
927	0.34216	0.65742	0.0001438	0.00027653
928	0.45166	0.54792	0.00018895	0.00022956
929	0.61146	0.38813	0.00025471	0.00016199
930	0.6779	0.32169	0.00028119	0.00013369
931	0.79131	0.20828	0.00032679	8.6258e-05
932	0.84272	0.15686	0.00034651	6.4711e-05
933	0.91597	0.08362	0.00037502	3.4372e-05
934	0.92461	0.074978	0.00037687	3.0683e-05
935	0.93879	0.060804	0.00038096	2.4768e-05
936	0.96399	0.035611	0.00038943	1.4447e-05
937	0.96647	0.033127	0.00038864	1.338e-05
938	0.96509	0.034511	0.00038629	1.3872e-05
939	0.96694	0.032659	0.00038522	1.3069e-05
940	0.96563	0.033975	0.00038287	1.3534e-05
941	0.96675	0.032858	0.00038149	1.303e-05
942	0.97026	0.029349	0.00038104	1.1586e-05
943	0.9698	0.029808	0.00037904	1.1708e-05
944	0.96602	0.033595	0.00037571	1.3129e-05
945	0.96562	0.03399	0.00037371	1.3221e-05
946	0.9675	0.032111	0.00037258	1.2432e-05
