#coord	neutral	conserved	gBGC.neutral	gBGC.conserved
1	0.78187	0.218	0.00010291	2.882e-05
2	0.78972	0.21015	0.00010126	2.7049e-05
3	0.80338	0.1965	0.00010037	2.4594e-05
4	0.82922	0.17066	0.00010081	2.0754e-05
5	0.87459	0.1253	0.00010333	1.4805e-05
6	0.95173	0.048156	0.00010908	5.5861e-06
7	0.9618	0.038089	0.00010697	4.3005e-06
8	0.977	0.022897	0.00010541	2.5163e-06
9	0.99914	0.00075314	0.00010457	8.1791e-08
10	0.99911	0.00078622	0.00010137	8.2525e-08
11	0.99881	0.0010954	9.8191e-05	1.1074e-07
12	0.99928	0.00062951	9.5153e-05	6.2071e-08
13	0.99853	0.0013814	9.206e-05	1.3042e-07
14	0.99865	0.0012656	8.9114e-05	1.1552e-07
15	0.99961	0.00030737	8.6296e-05	2.7375e-08
16	0.9996	0.0003195	8.3443e-05	2.7394e-08
17	0.99959	0.00033415	8.0649e-05	2.7658e-08
18	0.99955	0.00037193	7.7905e-05	2.9773e-08
19	0.99829	0.0016337	7.5124e-05	1.2497e-07
20	0.99818	0.0017443	7.2397e-05	1.2993e-07
21	0.9974	0.0025282	6.9673e-05	1.8197e-07
22	0.99566	0.004268	6.6942e-05	2.9494e-07
23	0.9952	0.0047379	6.4357e-05	3.1474e-07
24	0.99302	0.0069139	6.1715e-05	4.388e-07
25	0.99226	0.007676	5.9215e-05	4.6597e-07
26	0.99291	0.0070316	5.685e-05	4.0738e-07
27	0.99552	0.004422	5.4556e-05	2.4455e-07
28	0.99675	0.0031961	5.2142e-05	1.69e-07
29	0.99927	0.0006765	4.9833e-05	3.3763e-08
30	0.99851	0.0014401	4.732e-05	6.8038e-08
31	0.99713	0.0028229	4.4751e-05	1.2677e-07
32	0.9968	0.0031555	4.2277e-05	1.3352e-07
33	0.99748	0.0024781	3.989e-05	9.7807e-08
34	0.99725	0.0027102	3.7508e-05	9.8965e-08
35	0.9927	0.0072695	3.4949e-05	2.4655e-07
36	0.99007	0.0098985	3.2515e-05	3.0994e-07
37	0.9701	0.029871	2.9559e-05	8.6346e-07
38	0.95698	0.042997	2.693e-05	1.1364e-06
39	0.94847	0.0515	2.4516e-05	1.2346e-06
40	0.94358	0.056402	2.2259e-05	1.2143e-06
41	0.94192	0.058063	2.0131e-05	1.1073e-06
42	0.94303	0.056947	1.8097e-05	9.4299e-07
43	0.93854	0.061439	1.6009e-05	8.6939e-07
44	0.92749	0.0725	1.3833e-05	8.5496e-07
45	0.92081	0.079173	1.1785e-05	7.4868e-07
46	0.91773	0.082258	9.8282e-06	5.8508e-07
47	0.88227	0.11772	9.2307e-06	9.3456e-07
48	0.8621	0.13789	8.7904e-06	1.1153e-06
49	0.81396	0.18603	8.0974e-06	1.5502e-06
50	0.7071	0.29289	6.8938e-06	2.4976e-06
51	0.64403	0.35596	6.1291e-06	2.9954e-06
52	0.59997	0.40003	5.5707e-06	3.2873e-06
53	0.5696	0.43039	5.1558e-06	3.4361e-06
54	0.55337	0.44662	4.8645e-06	3.4509e-06
55	0.51583	0.48416	4.42e-06	3.6197e-06
56	0.49499	0.505	4.1152e-06	3.6386e-06
57	0.48249	0.5175	3.8863e-06	3.5822e-06
58	0.45354	0.54645	3.5444e-06	3.6288e-06
59	0.3947	0.60529	3.0159e-06	3.8522e-06
60	0.36052	0.63948	2.6745e-06	3.8787e-06
61	0.33716	0.66283	2.4234e-06	3.8144e-06
62	0.32183	0.67817	2.2352e-06	3.6862e-06
63	0.31555	0.68445	2.1028e-06	3.4929e-06
64	0.31644	0.68356	2.0097e-06	3.2508e-06
65	0.32473	0.67527	1.9522e-06	2.9638e-06
66	0.33966	0.66034	1.9262e-06	2.645e-06
67	0.36778	0.63221	1.9522e-06	2.2647e-06
68	0.40992	0.59008	2.0287e-06	1.8337e-06
69	0.40925	0.59075	2.107e-06	1.9764e-06
70	0.39811	0.60189	2.1326e-06	2.1626e-06
71	0.39525	0.60475	2.1903e-06	2.3076e-06
72	0.39988	0.60012	2.279e-06	2.4126e-06
73	0.41002	0.58997	2.397e-06	2.486e-06
74	0.43127	0.56873	2.5683e-06	2.4971e-06
75	0.46389	0.53611	2.8062e-06	2.4398e-06
76	0.47464	0.52535	2.9446e-06	2.48e-06
77	0.49695	0.50304	3.1443e-06	2.4496e-06
78	0.53115	0.46884	3.4206e-06	2.3411e-06
79	0.52706	0.47294	3.4821e-06	2.4381e-06
80	0.52811	0.47188	3.5747e-06	2.5022e-06
81	0.53444	0.46555	3.7015e-06	2.5302e-06
82	0.54681	0.45318	3.8705e-06	2.5144e-06
83	0.57156	0.42843	4.1183e-06	2.4103e-06
84	0.60794	0.39205	4.4547e-06	2.216e-06
85	0.62513	0.37486	4.6632e-06	2.1399e-06
86	0.65721	0.34278	4.973e-06	1.9528e-06
87	0.71283	0.28716	5.4495e-06	1.5891e-06
88	0.79203	0.20796	6.1156e-06	1.0347e-06
89	0.83306	0.16694	7.571e-06	1.082e-06
90	0.90309	0.096898	9.3613e-06	7.7401e-07
91	0.9123	0.087687	1.0761e-05	8.3521e-07
92	0.91379	0.086197	1.2124e-05	9.5782e-07
93	0.90989	0.090093	1.3397e-05	1.15e-06
94	0.90937	0.090611	1.4732e-05	1.3011e-06
95	0.91217	0.087814	1.6145e-05	1.398e-06
96	0.92054	0.079441	1.7644e-05	1.3867e-06
97	0.9339	0.066084	1.9288e-05	1.2532e-06
98	0.95783	0.04215	2.1167e-05	8.6346e-07
99	0.99893	0.0010513	2.3465e-05	3.1305e-08
100	0.98516	0.014814	2.4431e-05	5.0864e-07
101	0.97762	0.022356	2.5539e-05	8.2224e-07
102	0.97415	0.025818	2.6742e-05	1.0184e-06
103	0.97307	0.026901	2.8042e-05	1.1423e-06
104	0.97491	0.025058	2.9418e-05	1.1694e-06
105	0.97926	0.020707	3.0911e-05	1.1056e-06
106	0.97417	0.025796	3.0974e-05	1.2659e-06
107	0.96205	0.037916	3.0801e-05	1.6704e-06
108	0.95425	0.045722	3.0779e-05	1.9316e-06
109	0.9511	0.048869	3.0899e-05	2.0363e-06
110	0.94117	0.0588	3.0788e-05	2.3799e-06
111	0.91701	0.082959	3.0192e-05	3.2157e-06
112	0.74161	0.25836	2.4431e-05	9.2247e-06
113	0.62153	0.37844	2.0522e-05	1.3389e-05
114	0.53676	0.46321	1.7789e-05	1.6382e-05
115	0.47712	0.52285	1.5895e-05	1.8541e-05
116	0.44284	0.55712	1.4825e-05	1.9865e-05
117	0.42421	0.57576	1.4271e-05	2.0661e-05
118	0.41329	0.58667	1.3988e-05	2.1192e-05
119	0.41078	0.58918	1.3985e-05	2.143e-05
120	0.41597	0.584	1.4243e-05	2.1397e-05
121	0.4268	0.57316	1.4709e-05	2.1159e-05
122	0.42485	0.57511	1.473e-05	2.1371e-05
123	0.42789	0.57207	1.4936e-05	2.1403e-05
124	0.42113	0.57884	1.4775e-05	2.1789e-05
125	0.41953	0.58043	1.4808e-05	2.1987e-05
126	0.42291	0.57705	1.5029e-05	2.2e-05
127	0.41361	0.58636	1.4789e-05	2.2479e-05
128	0.38997	0.60999	1.3999e-05	2.3497e-05
129	0.37801	0.62195	1.3624e-05	2.4088e-05
130	0.34759	0.65237	1.2554e-05	2.5378e-05
131	0.32779	0.67217	1.1884e-05	2.6274e-05
132	0.27829	0.72167	1.0094e-05	2.8294e-05
133	0.24363	0.75633	8.8547e-06	2.9767e-05
134	0.22402	0.77594	8.158e-06	3.0686e-05
135	0.21171	0.78825	7.7391e-06	3.1333e-05
136	0.17864	0.82133	6.5293e-06	3.2773e-05
137	0.1599	0.84006	5.8433e-06	3.368e-05
138	0.1479	0.85206	5.4153e-06	3.4333e-05
139	0.1409	0.85906	5.1798e-06	3.4797e-05
140	0.1379	0.86206	5.0998e-06	3.511e-05
141	0.13846	0.8615	5.1609e-06	3.5286e-05
142	0.14267	0.85729	5.3702e-06	3.5318e-05
143	0.15113	0.84883	5.7567e-06	3.5177e-05
144	0.16426	0.83569	6.3435e-06	3.4839e-05
145	0.18776	0.8122	7.3541e-06	3.4067e-05
146	0.19523	0.80473	7.7194e-06	3.3944e-05
147	0.20772	0.79223	8.3042e-06	3.3605e-05
148	0.23119	0.76876	9.3481e-06	3.2797e-05
149	0.2651	0.73486	1.0859e-05	3.1525e-05
150	0.28038	0.71957	1.1576e-05	3.1037e-05
151	0.28453	0.71543	1.1814e-05	3.1016e-05
152	0.29361	0.70635	1.2273e-05	3.0779e-05
153	0.31251	0.68745	1.3148e-05	3.0116e-05
154	0.317	0.68296	1.3416e-05	3.0064e-05
155	0.3299	0.67005	1.4041e-05	2.9645e-05
156	0.35086	0.64909	1.5035e-05	2.8862e-05
157	0.38288	0.61707	1.6543e-05	2.7571e-05
158	0.43863	0.56133	1.9101e-05	2.5218e-05
159	0.52047	0.47949	2.2884e-05	2.1648e-05
160	0.56172	0.43823	2.4841e-05	1.9891e-05
161	0.57773	0.42222	2.5688e-05	1.925e-05
162	0.55996	0.43999	2.503e-05	2.0122e-05
163	0.54926	0.45069	2.4692e-05	2.068e-05
164	0.54698	0.45298	2.4716e-05	2.0864e-05
165	0.55249	0.44747	2.5084e-05	2.0691e-05
166	0.56731	0.43265	2.5868e-05	2.009e-05
167	0.59127	0.40868	2.7097e-05	1.905e-05
168	0.60106	0.3989	2.7657e-05	1.8667e-05
169	0.57245	0.4275	2.6453e-05	2.0057e-05
170	0.51411	0.48584	2.3831e-05	2.2851e-05
171	0.40148	0.59847	1.8601e-05	2.824e-05
172	0.32443	0.67552	1.5053e-05	3.1954e-05
173	0.27907	0.72089	1.295e-05	3.4212e-05
174	0.25291	0.74704	1.1731e-05	3.5575e-05
175	0.23591	0.76404	1.0955e-05	3.6501e-05
176	0.19971	0.80025	9.239e-06	3.8355e-05
177	0.17534	0.82461	8.097e-06	3.9641e-05
178	0.15932	0.84063	7.3571e-06	4.053e-05
179	0.14933	0.85062	6.9071e-06	4.1133e-05
180	0.14355	0.8564	6.6594e-06	4.1539e-05
181	0.14312	0.85683	6.6573e-06	4.1688e-05
182	0.14791	0.85204	6.8971e-06	4.1586e-05
183	0.15714	0.84281	7.3557e-06	4.1269e-05
184	0.1751	0.82485	8.2236e-06	4.0533e-05
185	0.16595	0.834	7.8013e-06	4.1092e-05
186	0.16138	0.83857	7.6047e-06	4.1431e-05
187	0.16238	0.83757	7.669e-06	4.1498e-05
188	0.16696	0.83299	7.9125e-06	4.139e-05
189	0.17843	0.82152	8.4826e-06	4.0945e-05
190	0.17898	0.82097	8.5299e-06	4.1027e-05
191	0.17135	0.8286	8.1686e-06	4.1508e-05
192	0.16773	0.83222	8.0084e-06	4.1791e-05
193	0.16768	0.83227	8.0281e-06	4.1898e-05
194	0.1734	0.82655	8.3236e-06	4.172e-05
195	0.18651	0.81344	8.9732e-06	4.1176e-05
196	0.18987	0.81008	9.1391e-06	4.1106e-05
197	0.19736	0.80259	9.5146e-06	4.083e-05
198	0.2099	0.79005	1.0146e-05	4.0303e-05
199	0.22898	0.77097	1.1113e-05	3.9445e-05
200	0.26298	0.73697	1.2806e-05	3.785e-05
201	0.31318	0.68677	1.533e-05	3.543e-05
202	0.33402	0.66592	1.6412e-05	3.4458e-05
203	0.36584	0.63411	1.8069e-05	3.2918e-05
204	0.41163	0.58832	2.0468e-05	3.0642e-05
205	0.47909	0.52086	2.4026e-05	2.7213e-05
206	0.57475	0.4252	2.9112e-05	2.2263e-05
207	0.736	0.26395	3.7597e-05	1.3902e-05
208	0.97128	0.028667	5.0105e-05	1.5265e-06
209	0.97316	0.026783	5.0317e-05	1.4315e-06
210	0.96214	0.037808	4.9863e-05	2.0129e-06
211	0.72119	0.27876	3.7208e-05	1.4778e-05
212	0.55061	0.44934	2.8308e-05	2.3799e-05
213	0.42989	0.57005	2.2051e-05	3.0182e-05
214	0.34454	0.6554	1.7658e-05	3.4708e-05
215	0.29421	0.70574	1.5047e-05	3.744e-05
216	0.25897	0.74097	1.3237e-05	3.9376e-05
217	0.23461	0.76533	1.2002e-05	4.0743e-05
218	0.22155	0.7784	1.134e-05	4.1526e-05
219	0.21424	0.78571	1.0985e-05	4.2007e-05
220	0.19176	0.80819	9.8458e-06	4.3279e-05
221	0.13933	0.86061	7.1612e-06	4.6102e-05
222	0.10838	0.89157	5.5612e-06	4.783e-05
223	0.0866	0.91335	4.4439e-06	4.9079e-05
224	0.074161	0.92579	3.8004e-06	4.9845e-05
225	0.065787	0.93416	3.3727e-06	5.0399e-05
226	0.060474	0.93947	3.1071e-06	5.0794e-05
227	0.058921	0.94102	3.0334e-06	5.0988e-05
228	0.06063	0.93932	3.1273e-06	5.1004e-05
229	0.057087	0.94286	2.9382e-06	5.1294e-05
230	0.055896	0.94405	2.8769e-06	5.146e-05
231	0.056664	0.94328	2.9219e-06	5.1524e-05
232	0.060903	0.93904	3.1463e-06	5.1398e-05
233	0.068182	0.93176	3.5364e-06	5.1112e-05
234	0.079112	0.92083	4.1271e-06	5.063e-05
235	0.095593	0.90435	5.0257e-06	4.9844e-05
236	0.12396	0.87599	6.5558e-06	4.8417e-05
237	0.16549	0.83445	8.8195e-06	4.6262e-05
238	0.23559	0.76435	1.261e-05	4.2569e-05
239	0.33782	0.66212	1.8197e-05	3.7086e-05
240	0.3502	0.64975	1.8888e-05	3.6488e-05
241	0.37427	0.62568	2.0199e-05	3.5257e-05
242	0.4107	0.58925	2.2202e-05	3.3341e-05
243	0.46295	0.53699	2.51e-05	3.0538e-05
244	0.48409	0.51585	2.6312e-05	2.9428e-05
245	0.5224	0.47755	2.8454e-05	2.7374e-05
246	0.57926	0.42068	3.1658e-05	2.4267e-05
247	0.60778	0.39217	3.3271e-05	2.2738e-05
248	0.65074	0.34921	3.5716e-05	2.0386e-05
249	0.64845	0.35149	3.5642e-05	2.0561e-05
250	0.63461	0.36533	3.489e-05	2.1401e-05
251	0.62753	0.37241	3.4537e-05	2.185e-05
252	0.62573	0.37421	3.4496e-05	2.1996e-05
253	0.6316	0.36834	3.4874e-05	2.171e-05
254	0.64395	0.35599	3.5637e-05	2.1048e-05
255	0.66456	0.33538	3.6892e-05	1.9903e-05
256	0.67041	0.32954	3.7284e-05	1.9608e-05
257	0.68264	0.31731	3.806e-05	1.8939e-05
258	0.70301	0.29693	3.9327e-05	1.7788e-05
259	0.70829	0.29165	3.9734e-05	1.7506e-05
260	0.71916	0.28079	4.0483e-05	1.6892e-05
261	0.74104	0.25891	4.1862e-05	1.5633e-05
262	0.77452	0.22543	4.3956e-05	1.3669e-05
263	0.82442	0.17553	4.7072e-05	1.0695e-05
264	0.90923	0.090716	5.225e-05	5.6432e-06
265	0.91987	0.080073	5.302e-05	5.0112e-06
266	0.92369	0.076255	5.3361e-05	4.7934e-06
267	0.9312	0.068742	5.3939e-05	4.3486e-06
268	0.92173	0.07821	5.3505e-05	4.9279e-06
269	0.91636	0.083583	5.3329e-05	5.2595e-06
270	0.91444	0.085504	5.3374e-05	5.3818e-06
271	0.916	0.083936	5.3645e-05	5.2899e-06
272	0.89233	0.10762	5.2419e-05	6.7057e-06
273	0.87942	0.12052	5.1805e-05	7.4946e-06
274	0.87169	0.12825	5.1512e-05	7.9722e-06
275	0.87006	0.12988	5.1566e-05	8.0875e-06
276	0.87409	0.12585	5.1943e-05	7.8635e-06
277	0.88284	0.1171	5.2628e-05	7.3441e-06
278	0.87169	0.12825	5.2074e-05	8.0482e-06
279	0.86538	0.13456	5.183e-05	8.4531e-06
280	0.86495	0.13499	5.1924e-05	8.5033e-06
281	0.86871	0.13123	5.2293e-05	8.2915e-06
282	0.8772	0.12274	5.2973e-05	7.7805e-06
283	0.87731	0.12263	5.3151e-05	7.7849e-06
284	0.87064	0.1293	5.2888e-05	8.2136e-06
285	0.86806	0.13188	5.2891e-05	8.3867e-06
286	0.87113	0.12881	5.3227e-05	8.2123e-06
287	0.88072	0.11922	5.395e-05	7.6339e-06
288	0.89955	0.10039	5.5229e-05	6.4839e-06
289	0.87859	0.12135	5.3974e-05	7.8523e-06
290	0.86476	0.13518	5.319e-05	8.7603e-06
291	0.85682	0.14312	5.2797e-05	9.2902e-06
292	0.85326	0.14668	5.2695e-05	9.5392e-06
293	0.85559	0.14435	5.2946e-05	9.4199e-06
294	0.86251	0.13742	5.3506e-05	9.0034e-06
295	0.87504	0.1249	5.4444e-05	8.2214e-06
296	0.87795	0.12199	5.4786e-05	8.0488e-06
297	0.88493	0.115	5.5407e-05	7.6079e-06
298	0.89964	0.10029	5.651e-05	6.6689e-06
299	0.92167	0.078269	5.8115e-05	5.2386e-06
300	0.95472	0.045214	6.0484e-05	3.0578e-06
301	0.94864	0.051301	6.0288e-05	3.4541e-06
302	0.94695	0.052991	6.0356e-05	3.5702e-06
303	0.94815	0.051783	6.0629e-05	3.4941e-06
304	0.94525	0.054686	6.0613e-05	3.6916e-06
305	0.94533	0.054604	6.0808e-05	3.6909e-06
306	0.94948	0.050454	6.1252e-05	3.4245e-06
307	0.94837	0.05156	6.1363e-05	3.5032e-06
308	0.94992	0.050015	6.1664e-05	3.4036e-06
309	0.95578	0.044153	6.2234e-05	3.0185e-06
310	0.95623	0.043707	6.2458e-05	2.9923e-06
311	0.95196	0.047973	6.2383e-05	3.2777e-06
312	0.9516	0.048334	6.2548e-05	3.3073e-06
313	0.94584	0.054091	6.2368e-05	3.695e-06
314	0.94448	0.055456	6.246e-05	3.7945e-06
315	0.94606	0.053874	6.2768e-05	3.6925e-06
316	0.95082	0.049116	6.331e-05	3.3702e-06
317	0.96112	0.038811	6.4212e-05	2.6705e-06
318	0.97665	0.023284	6.5498e-05	1.5998e-06
319	0.97126	0.028669	6.5332e-05	1.9639e-06
320	0.96867	0.031259	6.537e-05	2.1383e-06
321	0.96924	0.030696	6.5602e-05	2.1019e-06
322	0.95388	0.046056	6.4778e-05	3.1355e-06
323	0.94578	0.054148	6.4417e-05	3.6903e-06
324	0.92565	0.074277	6.326e-05	5.0535e-06
325	0.91486	0.085076	6.2703e-05	5.7997e-06
326	0.91032	0.089613	6.255e-05	6.1261e-06
327	0.91069	0.089243	6.2712e-05	6.1202e-06
328	0.88069	0.11924	6.0806e-05	8.198e-06
329	0.86095	0.13898	5.9623e-05	9.5666e-06
330	0.8481	0.15183	5.8926e-05	1.0461e-05
331	0.84287	0.15706	5.8726e-05	1.0841e-05
332	0.84377	0.15616	5.8931e-05	1.0802e-05
333	0.85095	0.14898	5.9552e-05	1.0329e-05
334	0.8639	0.13603	6.0601e-05	9.4428e-06
335	0.88815	0.11178	6.2419e-05	7.7708e-06
336	0.93024	0.069691	6.5454e-05	4.8654e-06
337	0.94919	0.050739	6.6865e-05	3.5675e-06
338	0.94874	0.05119	6.6948e-05	3.6111e-06
339	0.95218	0.047752	6.7286e-05	3.3837e-06
340	0.95068	0.049252	6.7291e-05	3.5013e-06
341	0.95293	0.047001	6.7542e-05	3.356e-06
342	0.95808	0.041853	6.8016e-05	3.0012e-06
343	0.95921	0.040721	6.8185e-05	2.9336e-06
344	0.96314	0.036785	6.8572e-05	2.6623e-06
345	0.97189	0.02804	6.9281e-05	2.0524e-06
346	0.96968	0.03025	6.9187e-05	2.2283e-06
347	0.96206	0.037867	6.8708e-05	2.8018e-06
348	0.95767	0.042256	6.8482e-05	3.135e-06
349	0.95598	0.043945	6.8469e-05	3.2683e-06
350	0.95787	0.042061	6.8695e-05	3.1446e-06
351	0.96248	0.037447	6.9137e-05	2.8186e-06
352	0.96239	0.037538	6.925e-05	2.8339e-06
353	0.96468	0.035247	6.9554e-05	2.6713e-06
354	0.97097	0.028962	7.0132e-05	2.2179e-06
355	0.96595	0.033976	6.9886e-05	2.6008e-06
356	0.96377	0.036156	6.9869e-05	2.7703e-06
357	0.96411	0.035816	7.0057e-05	2.7499e-06
358	0.95998	0.039946	6.9928e-05	3.0608e-06
359	0.94741	0.052512	6.9189e-05	3.9946e-06
360	0.93942	0.060511	6.8803e-05	4.5896e-06
361	0.93642	0.063502	6.8763e-05	4.8207e-06
362	0.93659	0.063335	6.8977e-05	4.8133e-06
363	0.93994	0.059985	6.9449e-05	4.5623e-06
364	0.94842	0.051508	7.029e-05	3.9258e-06
365	0.96161	0.038315	7.1514e-05	2.9189e-06
366	0.98511	0.014815	7.3506e-05	1.127e-06
367	0.98362	0.016304	7.3576e-05	1.2397e-06
368	0.98387	0.016059	7.3791e-05	1.2202e-06
369	0.98662	0.013302	7.4177e-05	1.0123e-06
370	0.98729	0.012635	7.4386e-05	9.6443e-07
371	0.98976	0.010164	7.475e-05	7.7699e-07
372	0.99043	0.0094966	7.4958e-05	7.2824e-07
373	0.99274	0.0071823	7.5309e-05	5.5164e-07
374	0.9978	0.0021223	7.5851e-05	1.6669e-07
375	0.99624	0.0036832	7.5901e-05	2.8889e-07
376	0.99588	0.0040445	7.6061e-05	3.1778e-07
377	0.99667	0.0032582	7.6326e-05	2.5692e-07
378	0.99638	0.0035389	7.6489e-05	2.8038e-07
379	0.99491	0.005015	7.6573e-05	3.9701e-07
380	0.98356	0.016362	7.5855e-05	1.2974e-06
381	0.97609	0.023832	7.5459e-05	1.8904e-06
382	0.96152	0.038398	7.4472e-05	3.0566e-06
383	0.95383	0.046089	7.4003e-05	3.6864e-06
384	0.94975	0.050176	7.3841e-05	4.0264e-06
385	0.94965	0.050272	7.3972e-05	4.0545e-06
386	0.95222	0.047703	7.4331e-05	3.8686e-06
387	0.95776	0.042162	7.4944e-05	3.4424e-06
388	0.95821	0.041708	7.5171e-05	3.417e-06
389	0.95423	0.045695	7.5059e-05	3.7453e-06
390	0.94263	0.057295	7.4357e-05	4.6798e-06
391	0.86611	0.13381	6.8394e-05	1.0858e-05
392	0.81236	0.18756	6.428e-05	1.5201e-05
393	0.78148	0.21844	6.1947e-05	1.7745e-05
394	0.76061	0.23931	6.0439e-05	1.9478e-05
395	0.75041	0.24951	5.9759e-05	2.0367e-05
396	0.74597	0.25395	5.9564e-05	2.0785e-05
397	0.74851	0.25141	5.991e-05	2.0645e-05
398	0.75601	0.24391	6.068e-05	2.0094e-05
399	0.75312	0.2468	6.0627e-05	2.0381e-05
400	0.75486	0.24506	6.0969e-05	2.0284e-05
401	0.76143	0.23849	6.1731e-05	1.9781e-05
402	0.77688	0.22304	6.3208e-05	1.8547e-05
403	0.78194	0.21798	6.3806e-05	1.8174e-05
404	0.79272	0.20719	6.4905e-05	1.7316e-05
405	0.81423	0.18569	6.6877e-05	1.5567e-05
406	0.85225	0.14767	7.0198e-05	1.2454e-05
407	0.90672	0.093196	7.4952e-05	7.9209e-06
408	0.98675	0.013171	8.1951e-05	1.1597e-06
409	0.99941	0.00051161	8.3283e-05	7.9327e-08
410	0.99756	0.0023533	8.1952e-05	2.4914e-07
411	0.99682	0.0030978	8.0747e-05	3.1718e-07
412	0.99513	0.0047864	7.9426e-05	4.7729e-07
413	0.99504	0.0048817	7.8225e-05	4.9588e-07
414	0.99651	0.00341	7.7129e-05	3.8501e-07
415	0.99442	0.0055082	7.27e-05	4.7729e-07
416	0.99373	0.0061979	6.8472e-05	4.5657e-07
417	0.99472	0.0052189	6.4308e-05	3.2029e-07
418	0.99384	0.0060956	6.0109e-05	3.0765e-07
419	0.9916	0.0083444	5.9623e-05	4.4962e-07
420	0.99084	0.0091027	5.924e-05	5.0063e-07
421	0.99148	0.0084618	5.8953e-05	4.6874e-07
422	0.9937	0.0062369	5.877e-05	3.4538e-07
423	0.99417	0.0057732	5.8504e-05	3.1977e-07
424	0.99355	0.0063894	5.816e-05	3.5593e-07
425	0.99463	0.0053151	5.7894e-05	2.9608e-07
426	0.99767	0.0022738	5.7721e-05	1.2752e-07
427	0.99903	0.0009164	5.7466e-05	5.2079e-08
428	0.99877	0.0011687	5.7139e-05	6.7002e-08
429	0.99931	0.00063268	5.6868e-05	3.645e-08
430	0.99602	0.0039279	5.636e-05	2.2744e-07
431	0.98889	0.011053	5.5649e-05	6.3405e-07
432	0.98443	0.015509	5.5108e-05	8.826e-07
433	0.98225	0.01769	5.4713e-05	9.9892e-07
434	0.98262	0.017323	5.4442e-05	9.7365e-07
435	0.98564	0.014306	5.43e-05	8.0355e-07
436	0.9857	0.014244	5.4006e-05	7.9681e-07
437	0.97504	0.024901	5.3135e-05	1.3783e-06
438	0.96955	0.030394	5.2533e-05	1.6741e-06
439	0.96672	0.033223	5.2093e-05	1.8191e-06
440	0.96719	0.032759	5.1815e-05	1.7865e-06
441	0.97108	0.028871	5.17e-05	1.5733e-06
442	0.94696	0.052987	5.0039e-05	2.891e-06
443	0.93051	0.06944	4.8829e-05	3.7679e-06
444	0.92016	0.079785	4.7976e-05	4.3005e-06
445	0.89847	0.10147	4.6502e-05	5.4381e-06
446	0.88401	0.11593	4.5443e-05	6.1713e-06
447	0.87721	0.12274	4.4775e-05	6.4979e-06
448	0.85767	0.14228	4.3465e-05	7.4792e-06
449	0.8478	0.15215	4.2646e-05	7.9523e-06
450	0.84307	0.15688	4.2116e-05	8.1498e-06
451	0.84281	0.15714	4.1829e-05	8.1139e-06
452	0.84699	0.15296	4.1781e-05	7.8514e-06
453	0.85576	0.14419	4.1973e-05	7.3575e-06
454	0.87074	0.12921	4.249e-05	6.551e-06
455	0.8941	0.10585	4.3438e-05	5.3233e-06
456	0.93469	0.065262	4.521e-05	3.257e-06
457	0.8194	0.18055	3.9357e-05	8.7997e-06
458	0.74068	0.25927	3.5371e-05	1.2486e-05
459	0.68541	0.31454	3.2568e-05	1.4998e-05
460	0.57796	0.42199	2.7319e-05	1.9943e-05
461	0.51505	0.4849	2.4181e-05	2.2762e-05
462	0.47851	0.52144	2.2292e-05	2.432e-05
463	0.39061	0.60935	1.8068e-05	2.8219e-05
464	0.33923	0.66073	1.5557e-05	3.0394e-05
465	0.30332	0.69663	1.3808e-05	3.1812e-05
466	0.28314	0.71682	1.2782e-05	3.2496e-05
467	0.27006	0.7299	1.21e-05	3.2842e-05
468	0.26504	0.73492	1.1776e-05	3.2816e-05
469	0.2667	0.73325	1.1744e-05	3.249e-05
470	0.25707	0.74289	1.1222e-05	3.2658e-05
471	0.25475	0.74521	1.1018e-05	3.2498e-05
472	0.2415	0.75846	1.0331e-05	3.281e-05
473	0.23414	0.76581	9.918e-06	3.2853e-05
474	0.23122	0.76874	9.7052e-06	3.2702e-05
475	0.18232	0.81764	7.5388e-06	3.4493e-05
476	0.14786	0.8521	6.0305e-06	3.563e-05
477	0.1237	0.87625	4.9836e-06	3.6309e-05
478	0.1102	0.88976	4.3808e-06	3.6535e-05
479	0.10173	0.89823	3.9973e-06	3.6546e-05
480	0.07904	0.92092	3.0617e-06	3.7114e-05
481	0.063107	0.93685	2.4133e-06	3.7398e-05
482	0.052017	0.94794	1.9672e-06	3.7483e-05
483	0.044438	0.95552	1.6651e-06	3.7427e-05
484	0.039708	0.96025	1.4775e-06	3.726e-05
485	0.038009	0.96195	1.4031e-06	3.6971e-05
486	0.038067	0.9619	1.3971e-06	3.6617e-05
487	0.033703	0.96626	1.2255e-06	3.642e-05
488	0.032108	0.96785	1.1554e-06	3.6111e-05
489	0.031929	0.96803	1.1393e-06	3.5751e-05
490	0.027482	0.97248	9.6787e-07	3.5537e-05
491	0.024871	0.97509	8.6655e-07	3.5256e-05
492	0.023569	0.9764	8.1412e-07	3.493e-05
493	0.018133	0.98183	6.2174e-07	3.4746e-05
494	0.015231	0.98473	5.1728e-07	3.4466e-05
495	0.014063	0.9859	4.7224e-07	3.4117e-05
496	0.013814	0.98615	4.599e-07	3.3738e-05
497	0.014961	0.98501	4.9303e-07	3.3305e-05
498	0.017178	0.98279	5.6176e-07	3.2839e-05
499	0.021644	0.97832	7.0062e-07	3.2294e-05
500	0.029625	0.97034	9.4643e-07	3.1632e-05
501	0.040902	0.95907	1.2928e-06	3.0873e-05
502	0.060242	0.93973	1.8772e-06	2.9866e-05
503	0.067964	0.932	2.0842e-06	2.9226e-05
504	0.082205	0.91776	2.4756e-06	2.8393e-05
505	0.10261	0.89736	3.0409e-06	2.7388e-05
506	0.13163	0.86834	3.8468e-06	2.6146e-05
507	0.17414	0.82583	5.0293e-06	2.4532e-05
508	0.23425	0.76572	6.6957e-06	2.2436e-05
509	0.33636	0.66361	9.481e-06	1.9211e-05
510	0.48525	0.51472	1.3519e-05	1.4739e-05
511	0.50354	0.49643	1.3824e-05	1.4006e-05
512	0.53116	0.46882	1.4379e-05	1.3027e-05
513	0.57955	0.42043	1.5458e-05	1.1512e-05
514	0.65093	0.34904	1.7129e-05	9.4132e-06
515	0.75558	0.24439	1.9645e-05	6.4745e-06
516	0.93194	0.06803	2.3902e-05	1.7817e-06
517	0.93775	0.062222	2.3654e-05	1.6012e-06
518	0.94993	0.050046	2.3546e-05	1.2676e-06
519	0.97175	0.028229	2.3645e-05	7.1121e-07
520	0.95164	0.048337	2.2719e-05	1.1893e-06
521	0.94061	0.059365	2.2012e-05	1.434e-06
522	0.93416	0.06582	2.1433e-05	1.5591e-06
523	0.93135	0.068632	2.0953e-05	1.5936e-06
524	0.93177	0.068206	2.0557e-05	1.552e-06
525	0.93523	0.064744	2.0234e-05	1.4429e-06
526	0.92177	0.078213	1.9531e-05	1.701e-06
527	0.91522	0.084757	1.897e-05	1.803e-06
528	0.91231	0.08767	1.8498e-05	1.8232e-06
529	0.86897	0.13101	1.7198e-05	2.656e-06
530	0.83992	0.16006	1.6233e-05	3.1625e-06
531	0.82407	0.17591	1.5531e-05	3.3918e-06
532	0.78498	0.215	1.442e-05	4.036e-06
533	0.76309	0.23689	1.3643e-05	4.3332e-06
534	0.74955	0.25043	1.3044e-05	4.4592e-06
535	0.71981	0.28017	1.2165e-05	4.8522e-06
536	0.70064	0.29935	1.1501e-05	5.0363e-06
537	0.68928	0.3107	1.0989e-05	5.0739e-06
538	0.65918	0.34081	1.0182e-05	5.3942e-06
539	0.63982	0.36017	9.5758e-06	5.5196e-06
540	0.62783	0.37216	9.1013e-06	5.5171e-06
541	0.62176	0.37823	8.7268e-06	5.4186e-06
542	0.62339	0.37659	8.453e-06	5.2074e-06
543	0.63332	0.36667	8.2769e-06	4.8866e-06
544	0.61208	0.38791	7.6874e-06	4.9695e-06
545	0.59866	0.40133	7.22e-06	4.9341e-06
546	0.59144	0.40855	6.8428e-06	4.8121e-06
547	0.56692	0.43307	6.2869e-06	4.8723e-06
548	0.55455	0.44544	5.8733e-06	4.7787e-06
549	0.55093	0.44906	5.5517e-06	4.5816e-06
550	0.55244	0.44755	5.2873e-06	4.3305e-06
551	0.55927	0.44072	5.0738e-06	4.0316e-06
552	0.57587	0.42412	4.9291e-06	3.6526e-06
553	0.60224	0.39775	4.8524e-06	3.2096e-06
554	0.64083	0.35917	4.8478e-06	2.6976e-06
555	0.69627	0.30372	4.9314e-06	2.1006e-06
556	0.77524	0.22475	5.1245e-06	1.3973e-06
557	0.80901	0.19099	4.9539e-06	1.0613e-06
558	0.85763	0.14237	4.8406e-06	6.7143e-07
559	0.84729	0.1527	4.3801e-06	6.3325e-07
560	0.84383	0.15616	3.945e-06	5.5739e-07
561	0.84639	0.1536	3.5241e-06	4.5519e-07
562	0.82178	0.17821	3.4896e-06	5.782e-07
563	0.80608	0.19391	3.4887e-06	6.6569e-07
564	0.79905	0.20094	3.514e-06	7.1752e-07
565	0.72041	0.27959	3.2217e-06	1.0845e-06
566	0.6747	0.3253	3.0584e-06	1.3131e-06
567	0.64313	0.35687	2.9543e-06	1.4798e-06
568	0.62624	0.37375	2.9071e-06	1.5805e-06
569	0.61912	0.38087	2.8967e-06	1.6353e-06
570	0.6198	0.3802	2.915e-06	1.6522e-06
571	0.62846	0.37154	2.9628e-06	1.6307e-06
572	0.64429	0.3557	3.0427e-06	1.5745e-06
573	0.67423	0.32577	3.1784e-06	1.4535e-06
574	0.66737	0.33262	3.1492e-06	1.4946e-06
575	0.66824	0.33176	3.1489e-06	1.4977e-06
576	0.67468	0.32531	3.1737e-06	1.4732e-06
577	0.67194	0.32805	3.1494e-06	1.4887e-06
578	0.67415	0.32585	3.1472e-06	1.4794e-06
579	0.68157	0.31843	3.1678e-06	1.4445e-06
580	0.69866	0.30134	3.2243e-06	1.3645e-06
581	0.70253	0.29746	3.2138e-06	1.3423e-06
582	0.71229	0.28771	3.2288e-06	1.2923e-06
583	0.71059	0.2894	3.1913e-06	1.2922e-06
584	0.71618	0.28382	3.1787e-06	1.2579e-06
585	0.72793	0.27206	3.1917e-06	1.1957e-06
586	0.74755	0.25245	3.2367e-06	1.0993e-06
587	0.77785	0.22215	3.3247e-06	9.5758e-07
588	0.79068	0.20932	3.335e-06	8.9103e-07
589	0.77575	0.22424	3.2266e-06	9.4049e-07
590	0.76742	0.23257	3.1463e-06	9.5968e-07
591	0.76449	0.2355	3.0879e-06	9.5473e-07
592	0.76654	0.23345	3.0487e-06	9.2826e-07
593	0.77612	0.22388	3.0309e-06	8.7099e-07
594	0.79576	0.20424	3.0425e-06	7.7517e-07
595	0.82595	0.17404	3.0901e-06	6.4102e-07
596	0.87105	0.12895	3.1877e-06	4.5468e-07
597	0.9354	0.064596	3.3472e-06	2.0388e-07
598	0.96884	0.031155	3.373e-06	7.7165e-08
599	0.98639	0.013608	3.8365e-06	4.0515e-08
600	0.984	0.015996	4.2482e-06	5.8036e-08
601	0.97552	0.024473	4.6318e-06	1.0632e-07
602	0.95858	0.04141	4.9512e-06	2.0668e-07
603	0.94768	0.052316	5.2944e-06	2.8667e-07
604	0.92576	0.074235	5.5488e-06	4.4351e-07
605	0.91372	0.086272	5.8375e-06	5.5411e-07
606	0.90641	0.093581	6.1521e-06	6.4114e-07
607	0.9046	0.095388	6.4893e-06	6.9379e-07
608	0.90643	0.093557	6.8565e-06	7.1968e-07
609	0.91184	0.088152	7.2569e-06	7.1504e-07
610	0.91038	0.089616	7.6071e-06	7.6337e-07
611	0.91372	0.086273	7.9866e-06	7.7033e-07
612	0.91058	0.089407	8.3133e-06	8.3386e-07
613	0.91231	0.087679	8.6723e-06	8.53e-07
614	0.91784	0.082153	9.075e-06	8.3231e-07
615	0.92796	0.072033	9.5346e-06	7.5879e-07
616	0.93061	0.06938	9.9264e-06	7.5744e-07
617	0.93662	0.063365	1.0362e-05	7.155e-07
618	0.93772	0.062268	1.0733e-05	7.2625e-07
619	0.94182	0.058165	1.1145e-05	6.995e-07
620	0.9514	0.048585	1.1614e-05	6.0219e-07
621	0.9553	0.044688	1.2006e-05	5.7052e-07
622	0.94441	0.055578	1.2212e-05	7.2758e-07
623	0.93771	0.062281	1.2471e-05	8.3578e-07
624	0.93579	0.0642	1.2778e-05	8.8375e-07
625	0.93811	0.06188	1.313e-05	8.7373e-07
626	0.94389	0.056091	1.354e-05	8.1118e-07
627	0.95399	0.045999	1.4023e-05	6.7947e-07
628	0.95054	0.049446	1.4296e-05	7.4626e-07
629	0.94981	0.050174	1.4612e-05	7.7277e-07
630	0.95297	0.047018	1.4976e-05	7.3892e-07
631	0.9609	0.039082	1.5406e-05	6.2686e-07
632	0.95608	0.043905	1.5619e-05	7.1889e-07
633	0.95405	0.045935	1.588e-05	7.6636e-07
634	0.95457	0.045414	1.6188e-05	7.7097e-07
635	0.959	0.040981	1.6551e-05	7.081e-07
636	0.9686	0.031378	1.6994e-05	5.529e-07
637	0.97279	0.027193	1.7332e-05	4.8893e-07
638	0.98021	0.019775	1.7738e-05	3.6326e-07
639	0.99154	0.0084435	1.8225e-05	1.6003e-07
640	0.989	0.01098	1.8444e-05	2.1198e-07
641	0.98272	0.017262	1.8594e-05	3.3782e-07
642	0.97902	0.020965	1.8797e-05	4.1579e-07
643	0.96973	0.030254	1.8894e-05	6.0572e-07
644	0.9642	0.03578	1.9067e-05	7.2441e-07
645	0.96249	0.037489	1.9301e-05	7.6968e-07
646	0.95677	0.043212	1.9437e-05	8.9965e-07
647	0.95419	0.045787	1.9643e-05	9.6583e-07
648	0.95527	0.044707	1.991e-05	9.5694e-07
649	0.89827	0.10171	1.8938e-05	2.1937e-06
650	0.86524	0.13474	1.8439e-05	2.9443e-06
651	0.84341	0.15657	1.8181e-05	3.46e-06
652	0.79233	0.20765	1.7272e-05	4.6294e-06
653	0.7631	0.23687	1.681e-05	5.3405e-06
654	0.74423	0.25575	1.6577e-05	5.8274e-06
655	0.69833	0.30165	1.5729e-05	6.933e-06
656	0.67242	0.32756	1.5301e-05	7.6062e-06
657	0.6561	0.34388	1.5093e-05	8.065e-06
658	0.64931	0.35066	1.5088e-05	8.3085e-06
659	0.64774	0.35224	1.5209e-05	8.4293e-06
660	0.65165	0.34833	1.5467e-05	8.417e-06
661	0.66106	0.33892	1.5868e-05	8.2662e-06
662	0.68126	0.31872	1.6528e-05	7.845e-06
663	0.71799	0.28199	1.7592e-05	7.0071e-06
664	0.7726	0.22737	1.9136e-05	5.694e-06
665	0.86535	0.13463	2.1646e-05	3.4029e-06
666	0.91369	0.086285	2.3044e-05	2.2101e-06
667	0.91803	0.081947	2.3349e-05	2.1167e-06
668	0.90159	0.098387	2.3129e-05	2.5546e-06
669	0.89101	0.10896	2.306e-05	2.8454e-06
670	0.88696	0.11302	2.3142e-05	2.9722e-06
671	0.88827	0.11171	2.335e-05	2.9599e-06
672	0.89523	0.10474	2.3695e-05	2.7984e-06
673	0.907	0.092969	2.4178e-05	2.5032e-06
674	0.92874	0.071234	2.4916e-05	1.9392e-06
675	0.96029	0.039685	2.5939e-05	1.0965e-06
676	0.97533	0.02464	2.6531e-05	6.899e-07
677	0.98167	0.018298	2.6896e-05	5.1729e-07
678	0.99185	0.0081198	2.738e-05	2.321e-07
679	0.99255	0.0074258	2.7584e-05	2.14e-07
680	0.99164	0.0083316	2.7749e-05	2.408e-07
681	0.99257	0.0073999	2.7953e-05	2.1609e-07
682	0.99174	0.0082277	2.8112e-05	2.4146e-07
683	0.99227	0.0077016	2.8317e-05	2.2749e-07
684	0.99421	0.0057584	2.857e-05	1.714e-07
685	0.99781	0.0021646	2.8879e-05	6.5085e-08
686	0.9997	0.00027291	2.9146e-05	8.1993e-09
687	0.99989	7.8635e-05	2.9348e-05	2.3913e-09
688	0.99924	0.00073049	2.9533e-05	2.201e-08
689	0.99807	0.0018964	2.9709e-05	5.7231e-08
690	0.99556	0.0044099	2.9851e-05	1.3318e-07
691	0.9944	0.005569	3.0041e-05	1.6868e-07
692	0.99484	0.0051291	3.0263e-05	1.5648e-07
693	0.99661	0.0033584	3.0536e-05	1.0261e-07
694	0.99741	0.0025591	3.0764e-05	7.8512e-08
695	0.99752	0.0024493	3.0957e-05	7.5757e-08
696	0.99708	0.0028913	3.1119e-05	9.0487e-08
697	0.99545	0.0045226	3.1249e-05	1.4244e-07
698	0.99539	0.0045794	3.1415e-05	1.4562e-07
699	0.99425	0.0057194	3.1554e-05	1.8287e-07
700	0.9944	0.0055645	3.1743e-05	1.7848e-07
701	0.99627	0.0036966	3.1972e-05	1.1947e-07
702	0.99702	0.002947	3.2151e-05	9.642e-08
703	0.99683	0.0031362	3.2308e-05	1.0335e-07
704	0.99771	0.0022527	3.2509e-05	7.4763e-08
705	0.9998	0.00016927	3.2758e-05	5.6753e-09
706	0.99882	0.0011498	3.2891e-05	3.8577e-08
707	0.9987	0.0012642	3.3061e-05	4.2659e-08
708	0.99944	0.00052877	3.3268e-05	1.8053e-08
709	0.91307	0.086894	3.0551e-05	2.9253e-06
710	0.86254	0.13743	2.8989e-05	4.6642e-06
711	0.82733	0.17264	2.7948e-05	5.8872e-06
712	0.7591	0.24087	2.5737e-05	8.2675e-06
713	0.71131	0.28866	2.4228e-05	9.9516e-06
714	0.68423	0.31574	2.3399e-05	1.0943e-05
715	0.62944	0.37053	2.1569e-05	1.2921e-05
716	0.59261	0.40735	2.0374e-05	1.4272e-05
717	0.56754	0.43243	1.9592e-05	1.5214e-05
718	0.5519	0.44807	1.9143e-05	1.5829e-05
719	0.5459	0.45407	1.9016e-05	1.611e-05
720	0.54772	0.45224	1.915e-05	1.6118e-05
721	0.53907	0.4609	1.8901e-05	1.6497e-05
722	0.53591	0.46405	1.8854e-05	1.6679e-05
723	0.53789	0.46208	1.8997e-05	1.6675e-05
724	0.54822	0.45174	1.9427e-05	1.6372e-05
725	0.56627	0.4337	2.0146e-05	1.5786e-05
726	0.59461	0.40535	2.1256e-05	1.4815e-05
727	0.63734	0.36262	2.2917e-05	1.3298e-05
728	0.71107	0.2889	2.5704e-05	1.0644e-05
729	0.81912	0.18084	2.9814e-05	6.6736e-06
730	0.87553	0.12443	3.2002e-05	4.6117e-06
731	0.88222	0.11775	3.2344e-05	4.3808e-06
732	0.89376	0.10621	3.2879e-05	3.9651e-06
733	0.91154	0.088423	3.3661e-05	3.3084e-06
734	0.94288	0.057083	3.4936e-05	2.1452e-06
735	0.9878	0.012166	3.6747e-05	4.5247e-07
736	0.98876	0.011205	3.6887e-05	4.1665e-07
737	0.99211	0.0078547	3.7101e-05	2.9212e-07
738	0.99877	0.0011934	3.7423e-05	4.4723e-08
739	0.99835	0.0016164	3.7491e-05	6.0597e-08
740	0.99746	0.0025002	3.7527e-05	9.4242e-08
741	0.9978	0.0021634	3.7593e-05	8.2346e-08
742	0.99522	0.004742	3.7533e-05	1.8274e-07
743	0.99403	0.0059367	3.7534e-05	2.296e-07
744	0.99407	0.0058908	3.759e-05	2.2858e-07
745	0.9928	0.0071619	3.7603e-05	2.7761e-07
746	0.98955	0.010413	3.7525e-05	4.0414e-07
747	0.98804	0.01192	3.7521e-05	4.6296e-07
748	0.98383	0.016133	3.7422e-05	6.2484e-07
749	0.98172	0.018244	3.7412e-05	7.0549e-07
750	0.98214	0.017819	3.7483e-05	6.9008e-07
751	0.98456	0.015401	3.7641e-05	5.9661e-07
752	0.99025	0.0097153	3.791e-05	3.7812e-07
753	0.99931	0.00064865	3.8321e-05	2.5565e-08
754	0.99956	0.00039977	3.8397e-05	1.5763e-08
755	0.99974	0.00022002	3.848e-05	8.6604e-09
756	0.99992	3.9754e-05	3.8572e-05	1.5659e-09
757	0.99857	0.0013958	3.8611e-05	5.4178e-08
758	0.99817	0.0017872	3.8698e-05	6.918e-08
759	0.99888	0.0010841	3.8812e-05	4.2094e-08
760	0.99794	0.0020213	3.8847e-05	7.9154e-08
761	0.99797	0.0019933	3.8929e-05	7.8159e-08
762	0.99892	0.0010451	3.9055e-05	4.0673e-08
763	0.99806	0.0018968	3.9085e-05	7.4088e-08
764	0.99835	0.001613	3.9144e-05	6.3462e-08
765	0.9996	0.00036187	3.9251e-05	1.4355e-08
766	0.99965	0.00031504	3.932e-05	1.2454e-08
767	0.99891	0.001054	3.9342e-05	4.1888e-08
768	0.99736	0.002604	3.9341e-05	1.0319e-07
769	0.99715	0.0028129	3.9377e-05	1.1205e-07
770	0.99798	0.0019838	3.9465e-05	7.925e-08
771	0.99828	0.0016782	3.9516e-05	6.7649e-08
772	0.99804	0.0019191	3.9555e-05	7.7597e-08
773	0.99709	0.0028749	3.9575e-05	1.1593e-07
774	0.99713	0.0028278	3.9643e-05	1.1384e-07
775	0.99851	0.0014478	3.9749e-05	5.894e-08
776	0.99768	0.0022798	3.9775e-05	9.2621e-08
777	0.99783	0.0021286	3.9851e-05	8.645e-08
778	0.99893	0.0010253	3.9974e-05	4.1463e-08
779	0.99963	0.00033417	4.0065e-05	1.3581e-08
780	0.99945	0.00051455	4.013e-05	2.0731e-08
781	0.99922	0.00074198	4.0178e-05	3.0042e-08
782	0.99974	0.0002237	4.0266e-05	9.0187e-09
783	0.9997	0.00026117	4.0316e-05	1.0591e-08
784	0.99879	0.0011723	4.0341e-05	4.727e-08
785	0.99888	0.0010784	4.0391e-05	4.3735e-08
786	0.99979	0.0001724	4.0482e-05	6.9511e-09
787	0.99994	1.5317e-05	4.0528e-05	6.1868e-10
788	0.9996	0.00036291	4.0539e-05	1.4852e-08
789	0.9999	6.0538e-05	4.0585e-05	2.487e-09
790	0.99964	0.00031951	4.0594e-05	1.3308e-08
791	0.99933	0.00062462	4.061e-05	2.6121e-08
792	0.99879	0.0011662	4.0626e-05	4.8754e-08
793	0.99765	0.0023059	4.0627e-05	9.6032e-08
794	0.99753	0.0024254	4.0679e-05	1.0101e-07
795	0.99837	0.0015931	4.0779e-05	6.6416e-08
796	0.99872	0.0012369	4.0844e-05	5.2008e-08
797	0.99866	0.0012998	4.0901e-05	5.4813e-08
798	0.99811	0.0018444	4.0923e-05	7.8386e-08
799	0.99225	0.0077101	4.0728e-05	3.2628e-07
800	0.98035	0.019611	4.0289e-05	8.2656e-07
801	0.95568	0.044283	3.9327e-05	1.8578e-06
802	0.89949	0.10047	3.7072e-05	4.1912e-06
803	0.86694	0.13302	3.5767e-05	5.5604e-06
804	0.84545	0.15451	3.4937e-05	6.4633e-06
805	0.83192	0.16804	3.4449e-05	7.0323e-06
806	0.82634	0.17362	3.4273e-05	7.2758e-06
807	0.82704	0.17292	3.4343e-05	7.2598e-06
808	0.83422	0.16574	3.4666e-05	6.9763e-06
809	0.84984	0.15012	3.5321e-05	6.3467e-06
810	0.8742	0.12576	3.6354e-05	5.3481e-06
811	0.87224	0.12772	3.6277e-05	5.4459e-06
812	0.87587	0.12408	3.6418e-05	5.3109e-06
813	0.88373	0.11623	3.6745e-05	4.9969e-06
814	0.88332	0.11664	3.6736e-05	5.0264e-06
815	0.88688	0.11307	3.6907e-05	4.8854e-06
816	0.89493	0.10503	3.7279e-05	4.5515e-06
817	0.88182	0.11814	3.6764e-05	5.1131e-06
818	0.87607	0.12389	3.6543e-05	5.366e-06
819	0.87425	0.12571	3.6499e-05	5.4491e-06
820	0.86537	0.13459	3.6136e-05	5.8365e-06
821	0.86132	0.13864	3.5992e-05	6.0147e-06
822	0.86118	0.13878	3.6024e-05	6.0237e-06
823	0.85189	0.14807	3.5678e-05	6.419e-06
824	0.84927	0.15069	3.5597e-05	6.5341e-06
825	0.85062	0.14934	3.5695e-05	6.4775e-06
826	0.85835	0.14161	3.605e-05	6.1506e-06
827	0.87465	0.12531	3.6752e-05	5.4619e-06
828	0.89897	0.10098	3.7811e-05	4.4237e-06
829	0.90856	0.091399	3.8253e-05	4.0119e-06
830	0.92362	0.076333	3.8945e-05	3.3581e-06
831	0.94598	0.053976	3.997e-05	2.3788e-06
832	0.95528	0.044674	4.0435e-05	1.9673e-06
833	0.95905	0.040903	4.064e-05	1.8008e-06
834	0.96594	0.034015	4.0993e-05	1.4955e-06
835	0.97914	0.020821	4.1603e-05	9.1684e-07
836	0.98484	0.015114	4.1898e-05	6.6369e-07
837	0.99563	0.0043285	4.2399e-05	1.9033e-07
838	0.99465	0.0053091	4.2368e-05	2.3233e-07
839	0.99523	0.0047273	4.239e-05	2.0781e-07
840	0.99461	0.0053442	4.237e-05	2.3469e-07
841	0.99524	0.0047133	4.2414e-05	2.0711e-07
842	0.99713	0.0028295	4.2521e-05	1.2465e-07
843	0.99774	0.0022187	4.2581e-05	9.7383e-08
844	0.99541	0.0045513	4.2499e-05	1.9811e-07
845	0.99479	0.0051683	4.2474e-05	2.2571e-07
846	0.99541	0.0045509	4.2513e-05	1.9945e-07
847	0.99479	0.0051668	4.2508e-05	2.2609e-07
848	0.993	0.006958	4.2436e-05	3.0472e-07
849	0.99257	0.0073888	4.2431e-05	3.2379e-07
850	0.99345	0.0065111	4.2492e-05	2.856e-07
851	0.99574	0.0042193	4.2624e-05	1.8525e-07
852	0.99972	0.00023812	4.2839e-05	9.9407e-09
853	0.99989	7.1848e-05	4.2871e-05	2.1595e-09
854	0.99742	0.0025378	4.5223e-05	1.1678e-07
855	0.9803	0.019655	4.6902e-05	9.5403e-07
856	0.96869	0.031262	4.8824e-05	1.5937e-06
857	0.9627	0.037251	5.095e-05	1.9963e-06
858	0.95959	0.040359	5.3253e-05	2.2667e-06
859	0.96	0.039942	5.5712e-05	2.3493e-06
860	0.96289	0.037045	5.837e-05	2.2772e-06
861	0.96862	0.031319	6.1273e-05	2.0075e-06
862	0.97981	0.02012	6.4531e-05	1.349e-06
863	0.99692	0.0030126	6.8317e-05	2.1598e-07
864	0.99693	0.0029966	7.1016e-05	2.2381e-07
865	0.99194	0.0079851	7.3387e-05	6.109e-07
866	0.98914	0.010787	7.5959e-05	8.5293e-07
867	0.98811	0.011806	7.872e-05	9.6551e-07
868	0.98873	0.011187	8.1672e-05	9.4579e-07
869	0.99166	0.0082519	8.4789e-05	7.2421e-07
870	0.99282	0.0070956	8.7723e-05	6.4713e-07
871	0.99269	0.0072224	9.0506e-05	6.8431e-07
872	0.99075	0.0091528	9.3174e-05	8.9545e-07
873	0.9903	0.0096007	9.6033e-05	9.7e-07
874	0.99128	0.0086199	9.9092e-05	9.0073e-07
875	0.99088	0.009016	0.00010197	9.7352e-07
876	0.99198	0.007918	0.00010507	8.8598e-07
877	0.99472	0.0051679	0.00010843	6.0629e-07
878	0.99563	0.0042616	0.00011166	5.211e-07
879	0.98361	0.016275	0.00011338	2.001e-06
880	0.97716	0.022721	0.00011567	2.8751e-06
881	0.97362	0.026256	0.00011836	3.4161e-06
882	0.97249	0.02739	0.0001214	3.6664e-06
883	0.97343	0.026444	0.00012478	3.6471e-06
884	0.97071	0.029155	0.00012774	4.12e-06
885	0.97021	0.029653	0.00013106	4.2999e-06
886	0.95143	0.048434	0.00013183	7.1061e-06
887	0.90857	0.091286	0.00012903	1.3549e-05
888	0.81454	0.18531	0.00011843	2.7873e-05
889	0.60095	0.3989	8.9183e-05	6.0909e-05
890	0.45455	0.5453	6.8955e-05	8.4995e-05
891	0.35427	0.64557	5.5034e-05	0.00010284
892	0.29545	0.70439	4.6891e-05	0.00011487
893	0.25549	0.74434	4.149e-05	0.00012422
894	0.22768	0.77215	3.7873e-05	0.00013184
895	0.17139	0.82844	2.9077e-05	0.00014462
896	0.1316	0.86822	2.2806e-05	0.00015491
897	0.10851	0.8913	1.9163e-05	0.00016256
898	0.095559	0.90426	1.7174e-05	0.00016854
899	0.087372	0.91244	1.6007e-05	0.00017374
900	0.082467	0.91734	1.5422e-05	0.00017841
901	0.080257	0.91954	1.5339e-05	0.00018263
902	0.081956	0.91784	1.5998e-05	0.00018608
903	0.087964	0.91183	1.7521e-05	0.00018865
904	0.07249	0.9273	1.466e-05	0.00019565
905	0.062234	0.93755	1.2803e-05	0.0002017
906	0.057084	0.9427	1.1935e-05	0.00020674
907	0.054275	0.9455	1.1553e-05	0.00021135
908	0.054693	0.94508	1.1848e-05	0.00021526
909	0.057327	0.94244	1.2662e-05	0.0002187
910	0.062275	0.93749	1.4047e-05	0.00022162
911	0.070484	0.92928	1.6266e-05	0.00022377
912	0.083135	0.91662	1.9662e-05	0.0002248
913	0.07599	0.92376	1.8329e-05	0.00023061
914	0.071797	0.92795	1.7683e-05	0.00023579
915	0.071455	0.92829	1.7953e-05	0.00024003
916	0.074867	0.92487	1.9176e-05	0.00024329
917	0.081051	0.91868	2.119e-05	0.00024582
918	0.093136	0.90659	2.483e-05	0.0002467
919	0.095638	0.90409	2.5976e-05	0.00025013
920	0.10142	0.8983	2.8099e-05	0.00025265
921	0.11332	0.88639	3.2002e-05	0.00025337
922	0.13085	0.86886	3.7713e-05	0.00025234
923	0.16154	0.83816	4.7443e-05	0.00024726
924	0.21368	0.78602	6.3799e-05	0.00023553
925	0.23924	0.76046	7.2483e-05	0.00023144
926	0.27732	0.72237	8.5371e-05	0.00022322
927	0.34219	0.65749	0.00010685	0.00020638
928	0.45171	0.54798	0.00014275	0.00017508
929	0.61151	0.38816	0.00019616	0.00012635
930	0.67796	0.32172	0.00022091	0.00010638
931	0.79137	0.20829	0.00026162	7.0388e-05
932	0.84279	0.15688	0.00028284	5.3998e-05
933	0.91603	0.083625	0.00031232	2.9423e-05
934	0.92467	0.074983	0.00031998	2.6781e-05
935	0.93884	0.060808	0.00032985	2.2029e-05
936	0.96403	0.035612	0.00034377	1.3165e-05
937	0.96651	0.033128	0.0003495	1.2445e-05
938	0.96512	0.034512	0.00035392	1.3132e-05
939	0.96697	0.03266	0.00035948	1.2626e-05
940	0.96565	0.033975	0.00036376	1.3337e-05
941	0.96676	0.032858	0.00036909	1.3102e-05
942	0.97026	0.029349	0.0003755	1.19e-05
943	0.9698	0.029808	0.00038047	1.2242e-05
944	0.96601	0.033594	0.00038399	1.3966e-05
945	0.96561	0.03399	0.0003888	1.435e-05
946	0.96748	0.03211	0.00039466	1.3779e-05
