#coord	neutral	conserved	gBGC.neutral	gBGC.conserved
1	0.78122	0.21782	0.00074609	0.00020832
2	0.78907	0.20997	0.00075198	0.00020035
3	0.80272	0.19633	0.00076343	0.00018685
4	0.82853	0.17052	0.00078635	0.00016186
5	0.87386	0.12519	0.00082755	0.00011857
6	0.95094	0.048116	0.00089836	4.5655e-05
7	0.961	0.038057	0.00090588	3.6068e-05
8	0.97618	0.022878	0.00091823	2.166e-05
9	0.99831	0.00075251	0.00093715	7.1586e-07
10	0.99828	0.00078556	0.00093512	7.449e-07
11	0.99797	0.0010945	0.00093285	1.0333e-06
12	0.99844	0.00062898	0.00093134	5.9404e-07
13	0.99769	0.0013803	0.00092871	1.2956e-06
14	0.99781	0.0012646	0.00092692	1.1839e-06
15	0.99877	0.00030711	0.00092594	2.8754e-07
16	0.99876	0.00031923	0.00092408	2.9735e-07
17	0.99874	0.00033386	0.00092224	3.092e-07
18	0.99871	0.00037161	0.00092034	3.45e-07
19	0.99745	0.0016324	0.00091735	1.5104e-06
20	0.99734	0.0017428	0.00091539	1.6155e-06
21	0.99656	0.002526	0.00091285	2.3396e-06
22	0.99482	0.0042644	0.00090945	3.938e-06
23	0.99435	0.0047339	0.00090725	4.3619e-06
24	0.99218	0.0069081	0.00090352	6.3393e-06
25	0.99142	0.0076695	0.00090112	7.0152e-06
26	0.99207	0.0070256	0.00090003	6.4037e-06
27	0.99468	0.0044182	0.00090069	4.0176e-06
28	0.9959	0.0031933	0.00090007	2.9014e-06
29	0.99842	0.00067593	0.00090065	6.1484e-07
30	0.99766	0.0014388	0.00089822	1.3073e-06
31	0.99628	0.0028205	0.00089522	2.5646e-06
32	0.99595	0.0031528	0.00089319	2.8669e-06
33	0.99663	0.002476	0.0008921	2.2571e-06
34	0.9964	0.0027079	0.00089021	2.4679e-06
35	0.99185	0.0072633	0.00088437	6.6054e-06
36	0.98922	0.00989	0.00088033	8.9782e-06
37	0.96927	0.029846	0.00086056	2.7055e-05
38	0.95615	0.04296	0.0008471	3.8846e-05
39	0.94766	0.051455	0.00083788	4.6419e-05
40	0.94276	0.056353	0.00083195	5.0728e-05
41	0.94111	0.058013	0.00082895	5.2121e-05
42	0.94222	0.056898	0.00082846	5.1034e-05
43	0.93774	0.061386	0.00082304	5.49e-05
44	0.92669	0.072438	0.00081179	6.4581e-05
45	0.92002	0.079104	0.00080448	7.0335e-05
46	0.91694	0.082187	0.00080038	7.2899e-05
47	0.88151	0.11762	0.00076812	0.00010366
48	0.86135	0.13778	0.0007492	0.00012107
49	0.81326	0.18587	0.00070613	0.00016264
50	0.70649	0.29264	0.00061261	0.00025468
51	0.64348	0.35565	0.00055702	0.00030878
52	0.59945	0.39968	0.00051815	0.00034618
53	0.56912	0.43002	0.00049128	0.00037159
54	0.5529	0.44624	0.00047655	0.00038485
55	0.51539	0.48375	0.00044372	0.00041624
56	0.49457	0.50457	0.00042519	0.00043331
57	0.48208	0.51706	0.00041389	0.00044316
58	0.45316	0.54599	0.00038857	0.00046703
59	0.39437	0.60478	0.00033778	0.00051636
60	0.36021	0.63894	0.00030805	0.00054461
61	0.33687	0.66227	0.00028771	0.00056349
62	0.32155	0.6776	0.00027429	0.00057546
63	0.31528	0.68387	0.00026855	0.00057975
64	0.31617	0.68298	0.00026885	0.00057798
65	0.32446	0.6747	0.00027538	0.00056998
66	0.33937	0.65979	0.00028754	0.00055635
67	0.36747	0.63168	0.00031074	0.00053169
68	0.40957	0.58959	0.00034576	0.00049521
69	0.40891	0.59025	0.0003446	0.00049491
70	0.39778	0.60139	0.00033461	0.00050342
71	0.39492	0.60425	0.00033156	0.00050498
72	0.39955	0.59962	0.00033474	0.00050031
73	0.40968	0.58948	0.00034253	0.00049103
74	0.43091	0.56826	0.00035944	0.00047263
75	0.4635	0.53567	0.00038579	0.00044481
76	0.47425	0.52492	0.00039401	0.00043513
77	0.49654	0.50263	0.0004117	0.00041597
78	0.53072	0.46846	0.00043921	0.000387
79	0.52663	0.47255	0.00043502	0.00038973
80	0.52768	0.47149	0.00043512	0.00038818
81	0.53401	0.46517	0.0004396	0.00038226
82	0.54637	0.45281	0.00044908	0.00037137
83	0.5711	0.42808	0.00046864	0.00035038
84	0.60745	0.39173	0.00049776	0.00031985
85	0.62463	0.37456	0.00051098	0.0003052
86	0.65668	0.3425	0.00053623	0.00027851
87	0.71225	0.28693	0.0005804	0.00023289
88	0.79139	0.20779	0.00064371	0.00016814
89	0.83239	0.1668	0.00067575	0.00013466
90	0.90237	0.096821	0.00073092	7.803e-05
91	0.91157	0.087618	0.00073695	7.0518e-05
92	0.91307	0.086129	0.00073681	6.9207e-05
93	0.90917	0.090021	0.0007323	7.2245e-05
94	0.90866	0.09054	0.00073055	7.2543e-05
95	0.91145	0.087746	0.00073149	7.0166e-05
96	0.91982	0.079379	0.00073685	6.3361e-05
97	0.93317	0.066033	0.00074621	5.2576e-05
98	0.95709	0.042117	0.0007639	3.3446e-05
99	0.99815	0.0010504	0.00079504	8.438e-07
100	0.9844	0.014803	0.00078257	1.1882e-05
101	0.97687	0.022339	0.00077509	1.7922e-05
102	0.97341	0.025798	0.00077086	2.069e-05
103	0.97233	0.02688	0.00076857	2.1542e-05
104	0.97417	0.025039	0.00076857	2.0082e-05
105	0.97852	0.020691	0.00077059	1.6635e-05
106	0.97344	0.025776	0.00076512	2.0687e-05
107	0.96133	0.037888	0.00075411	3.0309e-05
108	0.95353	0.045687	0.00074659	3.6454e-05
109	0.95039	0.048832	0.00074275	3.8912e-05
110	0.94046	0.058756	0.00073359	4.6707e-05
111	0.91632	0.082897	0.00071329	6.5654e-05
112	0.74106	0.25817	0.00057461	0.00020302
113	0.62107	0.37816	0.00047996	0.00029635
114	0.53636	0.46286	0.00041333	0.0003617
115	0.47676	0.52246	0.00036653	0.00040723
116	0.44252	0.55671	0.00033938	0.00043309
117	0.42389	0.57533	0.00032434	0.00044683
118	0.41299	0.58624	0.00031536	0.00045453
119	0.41048	0.58875	0.00031283	0.00045576
120	0.41566	0.58357	0.00031616	0.00045113
121	0.42649	0.57274	0.00032383	0.00044218
122	0.42454	0.57469	0.00032175	0.00044298
123	0.42758	0.57166	0.00032352	0.00043995
124	0.42082	0.57842	0.0003177	0.00044447
125	0.41923	0.58001	0.00031588	0.00044501
126	0.42261	0.57663	0.00031787	0.00044175
127	0.41331	0.58593	0.00031027	0.00044809
128	0.38969	0.60955	0.0002918	0.0004653
129	0.37774	0.62151	0.00028216	0.00047366
130	0.34734	0.6519	0.00025866	0.00049589
131	0.32755	0.67169	0.0002433	0.00051
132	0.27809	0.72116	0.00020578	0.00054629
133	0.24346	0.75579	0.00017957	0.00057128
134	0.22386	0.77539	0.0001646	0.00058501
135	0.21156	0.7877	0.00015516	0.00059323
136	0.17851	0.82074	0.00013041	0.00061678
137	0.15979	0.83947	0.00011629	0.00062968
138	0.14779	0.85146	0.00010723	0.00063754
139	0.1408	0.85846	0.00010191	0.00064167
140	0.1378	0.86146	9.9557e-05	0.00064284
141	0.13836	0.8609	9.9847e-05	0.00064138
142	0.14257	0.85669	0.00010283	0.00063725
143	0.15102	0.84824	0.00010894	0.00062999
144	0.16415	0.83511	0.00011851	0.00061929
145	0.18763	0.81164	0.00013561	0.00060105
146	0.1951	0.80417	0.00014095	0.00059459
147	0.20758	0.79169	0.00014998	0.00058444
148	0.23103	0.76823	0.00016699	0.0005663
149	0.26492	0.73435	0.00019167	0.00054051
150	0.28019	0.71908	0.00020257	0.00052848
151	0.28433	0.71494	0.00020529	0.00052464
152	0.29341	0.70587	0.00021162	0.00051719
153	0.31229	0.68698	0.00022502	0.00050266
154	0.31678	0.68249	0.00022797	0.00049859
155	0.32968	0.66959	0.00023696	0.00048847
156	0.35062	0.64865	0.00025181	0.00047251
157	0.38262	0.61665	0.0002747	0.00044853
158	0.43833	0.56095	0.0003146	0.00040752
159	0.52012	0.47916	0.00037341	0.00034762
160	0.56134	0.43794	0.00040259	0.00031733
161	0.57734	0.42194	0.00041356	0.00030527
162	0.55959	0.43969	0.0004003	0.00031746
163	0.54889	0.45039	0.00039216	0.00032454
164	0.54661	0.45267	0.00039001	0.00032562
165	0.55212	0.44717	0.0003934	0.00032114
166	0.56693	0.43236	0.00040339	0.00031006
167	0.59088	0.40841	0.00041995	0.00029243
168	0.60066	0.39863	0.00042628	0.000285
169	0.57207	0.42722	0.0004054	0.00030481
170	0.51377	0.48552	0.00036344	0.00034569
171	0.40122	0.59808	0.00028297	0.00042506
172	0.32421	0.67508	0.00022812	0.00047883
173	0.27888	0.72041	0.00019569	0.00051017
174	0.25274	0.74655	0.00017685	0.0005279
175	0.23576	0.76354	0.00016459	0.00053908
176	0.19957	0.79972	0.00013878	0.00056379
177	0.17523	0.82407	0.00012145	0.00058004
178	0.15921	0.84009	0.00011006	0.00059036
179	0.14923	0.85007	0.00010294	0.00059642
180	0.14346	0.85584	9.8787e-05	0.00059952
181	0.14303	0.85627	9.8326e-05	0.00059893
182	0.14781	0.85149	0.00010145	0.00059473
183	0.15704	0.84227	0.00010766	0.00058747
184	0.17499	0.82432	0.00011982	0.00057425
185	0.16584	0.83347	0.00011331	0.00057971
186	0.16128	0.83803	0.00011	0.00058198
187	0.16227	0.83703	0.00011049	0.00058044
188	0.16686	0.83245	0.00011347	0.00057643
189	0.17832	0.82099	0.00012111	0.00056774
190	0.17886	0.82045	0.00012129	0.00056652
191	0.17124	0.82808	0.00011586	0.00057091
192	0.16762	0.83169	0.0001132	0.00057254
193	0.16758	0.83174	0.00011301	0.00057171
194	0.17329	0.82602	0.0001167	0.00056699
195	0.1864	0.81292	0.00012536	0.00055729
196	0.18975	0.80957	0.00012736	0.00055424
197	0.19724	0.80208	0.00013218	0.00054839
198	0.20976	0.78956	0.0001404	0.00053914
199	0.22883	0.77049	0.00015304	0.00052548
200	0.26282	0.73651	0.00017562	0.00050188
201	0.31298	0.68634	0.00020908	0.00046741
202	0.33382	0.66551	0.0002228	0.00045269
203	0.36561	0.63371	0.00024392	0.00043059
204	0.41137	0.58795	0.00027448	0.00039906
205	0.47879	0.52054	0.00031969	0.00035289
206	0.57439	0.42493	0.00038399	0.00028764
207	0.73554	0.26379	0.00049214	0.00017853
208	0.97068	0.028649	0.0006503	1.9425e-05
209	0.97256	0.026767	0.00065064	1.8132e-05
210	0.96155	0.037784	0.00064233	2.5498e-05
211	0.72075	0.27859	0.00047964	0.00018724
212	0.55027	0.44906	0.0003649	0.00030103
213	0.42963	0.5697	0.00028402	0.00038099
214	0.34433	0.655	0.00022703	0.00043707
215	0.29403	0.70531	0.00019328	0.00046989
216	0.25882	0.74052	0.00016972	0.00049254
217	0.23447	0.76487	0.00015345	0.00050791
218	0.22142	0.77792	0.00014461	0.00051583
219	0.21411	0.78524	0.00013961	0.00051993
220	0.19165	0.8077	0.00012474	0.00053392
221	0.13925	0.86009	9.0445e-05	0.00056734
222	0.10831	0.89103	7.0148e-05	0.00058675
223	0.086548	0.9128	5.592e-05	0.0006001
224	0.074116	0.92523	4.7756e-05	0.00060738
225	0.065748	0.9336	4.2274e-05	0.00061199
226	0.060438	0.93891	3.88e-05	0.0006146
227	0.058886	0.94046	3.7748e-05	0.00061478
228	0.060593	0.93875	3.8789e-05	0.00061286
229	0.057053	0.9423	3.6421e-05	0.00061434
230	0.055863	0.94349	3.559e-05	0.0006143
231	0.05663	0.94272	3.6029e-05	0.00061299
232	0.060866	0.93849	3.8675e-05	0.00060947
233	0.068142	0.93121	4.3275e-05	0.000604
234	0.079065	0.92029	5.0217e-05	0.0005962
235	0.095537	0.90382	6.0726e-05	0.00058485
236	0.12389	0.87547	7.8765e-05	0.00056596
237	0.1654	0.83396	0.00010524	0.00053864
238	0.23545	0.7639	0.00014978	0.00049325
239	0.33762	0.66173	0.00021485	0.00042733
240	0.34999	0.64937	0.00022241	0.00041893
241	0.37405	0.62531	0.00023732	0.00040315
242	0.41046	0.5889	0.0002601	0.00037953
243	0.46268	0.53668	0.00029295	0.00034585
244	0.48381	0.51555	0.00030601	0.00033197
245	0.52209	0.47727	0.00032986	0.00030728
246	0.57893	0.42044	0.00036552	0.0002708
247	0.60742	0.39194	0.00038305	0.00025244
248	0.65036	0.349	0.00040975	0.00022493
249	0.64808	0.35129	0.00040774	0.00022613
250	0.63425	0.36512	0.00039834	0.00023471
251	0.62717	0.37219	0.00039331	0.00023895
252	0.62537	0.374	0.00039166	0.00023981
253	0.63124	0.36813	0.00039484	0.00023584
254	0.64358	0.35579	0.00040213	0.00022776
255	0.66418	0.33519	0.00041466	0.00021445
256	0.67002	0.32935	0.00041781	0.00021053
257	0.68225	0.31713	0.00042501	0.00020256
258	0.70261	0.29676	0.00043737	0.00018945
259	0.70789	0.29148	0.00044023	0.00018586
260	0.71875	0.28063	0.00044663	0.00017873
261	0.74062	0.25876	0.00045991	0.00016472
262	0.77408	0.2253	0.00048054	0.00014336
263	0.82395	0.17543	0.00051159	0.00011161
264	0.90871	0.090665	0.00056447	5.8012e-05
265	0.91935	0.080028	0.00057056	5.1219e-05
266	0.92317	0.076213	0.0005723	4.8763e-05
267	0.93068	0.068703	0.00057639	4.3975e-05
268	0.92121	0.078167	0.00056983	4.9855e-05
269	0.91584	0.083536	0.00056587	5.3145e-05
270	0.91393	0.085457	0.0005641	5.426e-05
271	0.91549	0.083889	0.00056455	5.3181e-05
272	0.89183	0.10756	0.00054936	6.7746e-05
273	0.87893	0.12045	0.00054082	7.5651e-05
274	0.8712	0.12818	0.00053553	8.0323e-05
275	0.86958	0.1298	0.00053399	8.1227e-05
276	0.8736	0.12578	0.00053592	7.8652e-05
277	0.88235	0.11704	0.00054081	7.3136e-05
278	0.8712	0.12818	0.00053335	7.9955e-05
279	0.86491	0.13448	0.00052892	8.3749e-05
280	0.86448	0.13491	0.00052809	8.3937e-05
281	0.86823	0.13115	0.00052988	8.1529e-05
282	0.87672	0.12267	0.0005346	7.6195e-05
283	0.87683	0.12256	0.00053419	7.6016e-05
284	0.87016	0.12923	0.00052958	8.001e-05
285	0.86759	0.13181	0.00052753	8.1475e-05
286	0.87065	0.12874	0.0005289	7.9498e-05
287	0.88024	0.11916	0.00053422	7.3558e-05
288	0.89906	0.10034	0.00054513	6.202e-05
289	0.87811	0.12128	0.00053163	7.4869e-05
290	0.86429	0.1351	0.00052258	8.3289e-05
291	0.85635	0.14304	0.00051718	8.8071e-05
292	0.8528	0.1466	0.0005145	9.0152e-05
293	0.85512	0.14427	0.00051537	8.867e-05
294	0.86205	0.13735	0.00051906	8.438e-05
295	0.87456	0.12483	0.00052618	7.6677e-05
296	0.87748	0.12192	0.00052748	7.4813e-05
297	0.88446	0.11494	0.00053128	7.0461e-05
298	0.89916	0.10024	0.00053973	6.1446e-05
299	0.92117	0.078227	0.00055265	4.7972e-05
300	0.95421	0.04519	0.00057233	2.7755e-05
301	0.94813	0.051274	0.00056819	3.1376e-05
302	0.94644	0.052962	0.00056668	3.2353e-05
303	0.94765	0.051755	0.00056695	3.1569e-05
304	0.94475	0.054657	0.00056471	3.3278e-05
305	0.94483	0.054575	0.0005643	3.3177e-05
306	0.94898	0.050427	0.0005663	3.064e-05
307	0.94787	0.051533	0.00056517	3.1261e-05
308	0.94942	0.049988	0.00056565	3.028e-05
309	0.95527	0.04413	0.0005687	2.6719e-05
310	0.95572	0.043684	0.00056851	2.6409e-05
311	0.95146	0.047948	0.00056554	2.8905e-05
312	0.9511	0.048308	0.00056487	2.9079e-05
313	0.94534	0.054062	0.00056101	3.2456e-05
314	0.94398	0.055427	0.00055975	3.3228e-05
315	0.94556	0.053846	0.00056026	3.2233e-05
316	0.95032	0.04909	0.0005627	2.9333e-05
317	0.96062	0.03879	0.00056842	2.3142e-05
318	0.97614	0.023272	0.00057729	1.3819e-05
319	0.97076	0.028654	0.00057366	1.6963e-05
320	0.96817	0.031242	0.00057171	1.8448e-05
321	0.96873	0.03068	0.0005716	1.8081e-05
322	0.95338	0.046032	0.0005622	2.7021e-05
323	0.94529	0.05412	0.00055703	3.1719e-05
324	0.92517	0.074238	0.00054488	4.3403e-05
325	0.91438	0.085032	0.00053815	4.9656e-05
326	0.90985	0.089566	0.00053507	5.2256e-05
327	0.91022	0.089197	0.00053483	5.1994e-05
328	0.88024	0.11918	0.00051678	6.9526e-05
329	0.86051	0.13891	0.00050482	8.0985e-05
330	0.84767	0.15175	0.00049694	8.8378e-05
331	0.84244	0.15698	0.00049348	9.1341e-05
332	0.84334	0.15608	0.00049357	9.0741e-05
333	0.85052	0.1489	0.00049729	8.6499e-05
334	0.86346	0.13596	0.00050439	7.8885e-05
335	0.8877	0.11172	0.000518	6.4752e-05
336	0.92976	0.069655	0.00054185	4.037e-05
337	0.9487	0.050713	0.00055225	2.9422e-05
338	0.94826	0.051164	0.00055146	2.9677e-05
339	0.95169	0.047728	0.00055291	2.7689e-05
340	0.95019	0.049227	0.00055151	2.8552e-05
341	0.95244	0.046977	0.00055227	2.7252e-05
342	0.95759	0.041832	0.00055472	2.4269e-05
343	0.95872	0.0407	0.00055482	2.3619e-05
344	0.96266	0.036766	0.00055657	2.1341e-05
345	0.9714	0.028026	0.00056106	1.6311e-05
346	0.96919	0.030235	0.0005592	1.7616e-05
347	0.96158	0.037848	0.00055421	2.2062e-05
348	0.95719	0.042235	0.00055114	2.4612e-05
349	0.9555	0.043923	0.00054965	2.5582e-05
350	0.95739	0.04204	0.00055021	2.4497e-05
351	0.962	0.037428	0.00055237	2.1831e-05
352	0.96191	0.037519	0.00055183	2.1876e-05
353	0.9642	0.035229	0.00055268	2.0539e-05
354	0.97048	0.028948	0.00055581	1.6915e-05
355	0.96547	0.033959	0.00055243	1.9813e-05
356	0.96329	0.036138	0.00055071	2.1061e-05
357	0.96363	0.035798	0.00055048	2.0845e-05
358	0.9595	0.039927	0.00054769	2.3197e-05
359	0.94694	0.052486	0.0005401	3.0367e-05
360	0.93895	0.060481	0.00053517	3.4898e-05
361	0.93596	0.063471	0.00053307	3.6576e-05
362	0.93613	0.063304	0.00053281	3.6433e-05
363	0.93948	0.059956	0.00053439	3.4458e-05
364	0.94795	0.051483	0.00053889	2.9562e-05
365	0.96114	0.038296	0.00054611	2.1951e-05
366	0.98462	0.014808	0.00055919	8.4694e-06
367	0.98314	0.016296	0.00055794	9.3041e-06
368	0.98338	0.016051	0.0005577	9.1474e-06
369	0.98614	0.013295	0.00055886	7.5691e-06
370	0.98681	0.012629	0.00055882	7.1863e-06
371	0.98928	0.010159	0.00055982	5.7751e-06
372	0.98994	0.0094919	0.00055977	5.3935e-06
373	0.99226	0.0071788	0.00056068	4.0751e-06
374	0.99731	0.0021213	0.00056312	1.212e-06
375	0.99575	0.0036814	0.00056183	2.0989e-06
376	0.99539	0.0040426	0.00056123	2.3026e-06
377	0.99618	0.0032566	0.00056131	1.8543e-06
378	0.9959	0.0035372	0.00056076	2.0142e-06
379	0.99443	0.0050125	0.00055955	2.8489e-06
380	0.98308	0.016354	0.00055272	9.2854e-06
381	0.97562	0.023821	0.00054813	1.3505e-05
382	0.96106	0.038379	0.00053949	2.1753e-05
383	0.95337	0.046067	0.00053473	2.6115e-05
384	0.94929	0.050152	0.00053204	2.842e-05
385	0.94919	0.050247	0.00053158	2.8483e-05
386	0.95176	0.04768	0.00053263	2.7039e-05
387	0.9573	0.042142	0.00053538	2.3919e-05
388	0.95775	0.041688	0.00053529	2.3653e-05
389	0.95377	0.045673	0.00053273	2.5877e-05
390	0.94217	0.057267	0.00052592	3.2353e-05
391	0.8657	0.13374	0.00048267	7.5262e-05
392	0.81197	0.18747	0.00045233	0.00010528
393	0.78111	0.21833	0.00043475	0.00012252
394	0.76025	0.23919	0.00042284	0.0001341
395	0.75005	0.24939	0.00041686	0.00013975
396	0.74562	0.25383	0.00041414	0.00014214
397	0.74815	0.25129	0.00041528	0.00014067
398	0.75565	0.24379	0.00041921	0.00013641
399	0.75276	0.24668	0.00041738	0.00013793
400	0.7545	0.24494	0.00041815	0.00013685
401	0.76107	0.23837	0.00042165	0.00013306
402	0.77651	0.22293	0.00043006	0.00012436
403	0.78157	0.21787	0.00043264	0.00012146
404	0.79235	0.2071	0.00043844	0.00011537
405	0.81385	0.1856	0.00045015	0.00010334
406	0.85185	0.1476	0.00047095	8.2221e-05
407	0.90629	0.093153	0.00050094	5.1927e-05
408	0.98628	0.013165	0.00054522	7.3526e-06
409	0.99894	0.00051137	0.000552	2.8622e-07
410	0.9971	0.0023522	0.00055072	1.3023e-06
411	0.99635	0.0030963	0.00055006	1.7093e-06
412	0.99466	0.0047842	0.00054887	2.6387e-06
413	0.99457	0.0048794	0.00054854	2.6921e-06
414	0.99604	0.0034084	0.00054905	1.8856e-06
415	0.99394	0.0055056	0.00054762	3.0467e-06
416	0.99325	0.0061949	0.00054698	3.4254e-06
417	0.99423	0.0052164	0.00054724	2.8879e-06
418	0.99336	0.0060926	0.0005465	3.3708e-06
419	0.99111	0.0083403	0.00054498	4.6156e-06
420	0.99035	0.0090982	0.0005443	5.0332e-06
421	0.99099	0.0084577	0.00054442	4.6762e-06
422	0.99322	0.0062338	0.00054542	3.4422e-06
423	0.99368	0.0057704	0.00054547	3.1771e-06
424	0.99307	0.0063863	0.00054491	3.509e-06
425	0.99414	0.0053125	0.00054527	2.9167e-06
426	0.99718	0.0022727	0.00054668	1.2511e-06
427	0.99854	0.00091595	0.00054718	5.0614e-07
428	0.99828	0.0011681	0.00054682	6.4489e-07
429	0.99882	0.00063237	0.0005469	3.4977e-07
430	0.99553	0.003926	0.00054486	2.1692e-06
431	0.98841	0.011047	0.00054073	6.0899e-06
432	0.98395	0.015501	0.00053809	8.533e-06
433	0.98177	0.017681	0.00053672	9.7203e-06
434	0.98214	0.017315	0.00053673	9.5181e-06
435	0.98516	0.014299	0.00053817	7.872e-06
436	0.98522	0.014237	0.00053801	7.8395e-06
437	0.97457	0.024889	0.000532	1.3674e-05
438	0.96908	0.030379	0.00052879	1.6688e-05
439	0.96625	0.033206	0.00052707	1.8233e-05
440	0.96671	0.032743	0.00052712	1.7983e-05
441	0.9706	0.028857	0.00052903	1.5874e-05
442	0.94649	0.052961	0.00051548	2.9198e-05
443	0.93005	0.069406	0.00050622	3.8258e-05
444	0.91971	0.079746	0.00050035	4.3931e-05
445	0.89803	0.10142	0.00048822	5.5861e-05
446	0.88358	0.11588	0.00048011	6.3784e-05
447	0.87678	0.12268	0.00047616	6.7524e-05
448	0.85725	0.14221	0.00046527	7.8222e-05
449	0.84738	0.15208	0.00045965	8.3643e-05
450	0.84266	0.1568	0.00045689	8.6222e-05
451	0.8424	0.15706	0.00045659	8.6343e-05
452	0.84658	0.15288	0.00045874	8.403e-05
453	0.85534	0.14412	0.00046343	7.9198e-05
454	0.87031	0.12914	0.00047156	7.0941e-05
455	0.89366	0.1058	0.00048432	5.8059e-05
456	0.93423	0.06523	0.00050648	3.5772e-05
457	0.81899	0.18046	0.00044379	9.8318e-05
458	0.74032	0.25914	0.00040111	0.00014086
459	0.68507	0.31439	0.00037123	0.00017063
460	0.57767	0.42179	0.00031307	0.00022866
461	0.5148	0.48466	0.00027891	0.00026268
462	0.47828	0.52118	0.00025898	0.00028246
463	0.39041	0.60905	0.00021132	0.00032997
464	0.33906	0.6604	0.00018338	0.00035777
465	0.30317	0.69629	0.00016391	0.0003771
466	0.283	0.71646	0.00015291	0.00038795
467	0.26992	0.72954	0.0001458	0.00039492
468	0.26491	0.73455	0.00014302	0.00039754
469	0.26657	0.73289	0.00014384	0.00039657
470	0.25694	0.74252	0.00013857	0.00040169
471	0.25462	0.74484	0.00013724	0.00040286
472	0.24138	0.75808	0.00012996	0.00040997
473	0.23403	0.76543	0.00012592	0.00041386
474	0.23111	0.76835	0.00012429	0.00041534
475	0.18223	0.81723	9.7762e-05	0.00044171
476	0.14779	0.85168	7.9125e-05	0.0004602
477	0.12364	0.87582	6.6099e-05	0.00047308
478	0.11014	0.88932	5.8784e-05	0.00048025
479	0.10168	0.89778	5.4208e-05	0.00048468
480	0.079001	0.92046	4.2029e-05	0.00049673
481	0.063075	0.93639	3.3504e-05	0.00050513
482	0.051991	0.94747	2.7589e-05	0.00051093
483	0.044416	0.95505	2.3562e-05	0.00051484
484	0.039688	0.95977	2.1063e-05	0.00051724
485	0.03799	0.96147	2.0167e-05	0.00051802
486	0.038047	0.96141	2.0218e-05	0.00051787
487	0.033686	0.96578	1.7898e-05	0.00052008
488	0.032092	0.96737	1.7045e-05	0.00052081
489	0.031913	0.96755	1.6957e-05	0.00052079
490	0.027468	0.97199	1.4578e-05	0.00052305
491	0.024858	0.9746	1.3189e-05	0.00052433
492	0.023557	0.97591	1.2503e-05	0.00052491
493	0.018124	0.98134	9.6263e-06	0.0005277
494	0.015223	0.98424	8.0864e-06	0.00052913
495	0.014056	0.98541	7.4642e-06	0.00052965
496	0.013807	0.98566	7.3365e-06	0.00052967
497	0.014953	0.98451	7.9484e-06	0.00052895
498	0.01717	0.98229	9.1376e-06	0.00052766
499	0.021633	0.97783	1.152e-05	0.00052517
500	0.02961	0.96985	1.5764e-05	0.00052081
501	0.040881	0.95858	2.1777e-05	0.00051469
502	0.060212	0.93925	3.2061e-05	0.00050429
503	0.06793	0.93153	3.6138e-05	0.00050009
504	0.082163	0.9173	4.3649e-05	0.00049245
505	0.10256	0.89691	5.4447e-05	0.00048153
506	0.13156	0.8679	6.9851e-05	0.00046601
507	0.17405	0.82542	9.2489e-05	0.00044326
508	0.23413	0.76533	0.00012459	0.00041107
509	0.33619	0.66328	0.00017896	0.00035659
510	0.48501	0.51446	0.00025847	0.00027698
511	0.50328	0.49618	0.00026822	0.00026714
512	0.53089	0.46858	0.00028303	0.00025226
513	0.57925	0.42021	0.0003089	0.00022629
514	0.6506	0.34886	0.00034721	0.00018791
515	0.7552	0.24427	0.00040356	0.0001315
516	0.93147	0.067995	0.00049826	3.6731e-05
517	0.93728	0.06219	0.00050134	3.3592e-05
518	0.94944	0.050021	0.00050781	2.7047e-05
519	0.97125	0.028215	0.00051941	1.5357e-05
520	0.95115	0.048313	0.00050846	2.6239e-05
521	0.94013	0.059335	0.00050239	3.2226e-05
522	0.93368	0.065787	0.00049882	3.5724e-05
523	0.93087	0.068597	0.00049725	3.7245e-05
524	0.93129	0.068171	0.00049744	3.7012e-05
525	0.93476	0.064711	0.00049929	3.5135e-05
526	0.92129	0.078173	0.000492	4.2386e-05
527	0.91475	0.084714	0.00048841	4.5925e-05
528	0.91184	0.087625	0.0004868	4.7496e-05
529	0.86852	0.13094	0.00046334	7.0901e-05
530	0.83949	0.15998	0.00044766	8.654e-05
531	0.82365	0.17582	0.00043905	9.5101e-05
532	0.78457	0.21489	0.00041797	0.00011614
533	0.7627	0.23677	0.0004061	0.00012796
534	0.74917	0.2503	0.00039877	0.00013525
535	0.71944	0.28003	0.00038267	0.0001513
536	0.70028	0.29919	0.00037232	0.00016162
537	0.68893	0.31054	0.00036621	0.00016771
538	0.65884	0.34063	0.00034998	0.0001839
539	0.63949	0.35998	0.00033958	0.00019428
540	0.6275	0.37197	0.00033316	0.00020069
541	0.62144	0.37803	0.00032994	0.0002039
542	0.62307	0.3764	0.00033081	0.00020303
543	0.63299	0.36648	0.00033608	0.00019774
544	0.61176	0.3877	0.00032461	0.00020917
545	0.59835	0.40112	0.00031738	0.00021638
546	0.59113	0.40834	0.0003135	0.00022024
547	0.56662	0.43284	0.00030042	0.00023332
548	0.55426	0.44521	0.00029379	0.00023994
549	0.55064	0.44883	0.0002918	0.00024191
550	0.55215	0.44732	0.00029258	0.00024112
551	0.55898	0.44049	0.00029624	0.00023746
552	0.57557	0.4239	0.00030506	0.00022862
553	0.60192	0.39755	0.00031916	0.00021453
554	0.64049	0.35898	0.00033985	0.00019385
555	0.69591	0.30356	0.00036967	0.00016405
556	0.77483	0.22464	0.00041225	0.0001215
557	0.80858	0.19089	0.00043054	0.00010325
558	0.85717	0.14229	0.00045695	7.6903e-05
559	0.84684	0.15262	0.00045157	8.2353e-05
560	0.84339	0.15608	0.00044982	8.4155e-05
561	0.84594	0.15352	0.00045128	8.275e-05
562	0.82135	0.17812	0.00043817	9.5886e-05
563	0.80566	0.19381	0.00042987	0.00010424
564	0.79863	0.20084	0.00042616	0.00010798
565	0.72003	0.27944	0.00038434	0.00014985
566	0.67434	0.32513	0.00035997	0.00017426
567	0.64279	0.35668	0.00034321	0.00019107
568	0.62591	0.37355	0.00033422	0.00020009
569	0.61879	0.38067	0.00033042	0.00020391
570	0.61947	0.38	0.00033076	0.00020359
571	0.62812	0.37134	0.00033533	0.00019902
572	0.64395	0.35551	0.00034376	0.0001906
573	0.67387	0.3256	0.00035965	0.00017471
574	0.66702	0.33245	0.00035589	0.00017847
575	0.66788	0.33158	0.00035623	0.0001781
576	0.67433	0.32514	0.00035958	0.00017474
577	0.67159	0.32788	0.00035799	0.0001763
578	0.67379	0.32567	0.00035908	0.0001752
579	0.6812	0.31826	0.00036298	0.0001713
580	0.69829	0.30118	0.00037199	0.00016228
581	0.70216	0.29731	0.00037393	0.00016031
582	0.71191	0.28756	0.00037905	0.00015518
583	0.71022	0.28925	0.00037808	0.00015615
584	0.7158	0.28367	0.00038097	0.00015325
585	0.72755	0.27192	0.00038718	0.00014704
586	0.74715	0.25231	0.00039763	0.0001366
587	0.77744	0.22203	0.00041384	0.00012042
588	0.79026	0.2092	0.00042075	0.00011356
589	0.77534	0.22412	0.00041277	0.00012158
590	0.76702	0.23245	0.00040837	0.00012605
591	0.76409	0.23538	0.0004069	0.0001276
592	0.76614	0.23333	0.00040813	0.00012647
593	0.77571	0.22376	0.00041338	0.00012129
594	0.79534	0.20413	0.00042401	0.00011073
595	0.82551	0.17395	0.00044039	9.4429e-05
596	0.87058	0.12888	0.00046491	7.0004e-05
597	0.9349	0.064562	0.00049998	3.5043e-05
598	0.96833	0.031138	0.0005182	1.692e-05
599	0.98586	0.013601	0.00052777	7.4349e-06
600	0.98348	0.015987	0.00052658	8.7225e-06
601	0.97501	0.02446	0.00052212	1.3286e-05
602	0.95808	0.041388	0.00051307	2.2433e-05
603	0.94718	0.052288	0.0005073	2.8309e-05
604	0.92527	0.074196	0.00049556	4.0153e-05
605	0.91324	0.086226	0.00048911	4.6687e-05
606	0.90593	0.093532	0.00048524	5.0652e-05
607	0.90413	0.095338	0.00048431	5.1665e-05
608	0.90596	0.093508	0.00048537	5.0707e-05
609	0.91136	0.088106	0.00048838	4.7812e-05
610	0.90989	0.089569	0.00048771	4.8607e-05
611	0.91324	0.086227	0.0004896	4.6824e-05
612	0.9101	0.08936	0.00048803	4.8522e-05
613	0.91183	0.087633	0.00048906	4.7611e-05
614	0.91735	0.082109	0.00049216	4.4637e-05
615	0.92747	0.071995	0.00049777	3.9163e-05
616	0.93012	0.069343	0.00049938	3.7716e-05
617	0.93613	0.063332	0.00050283	3.4435e-05
618	0.93723	0.062235	0.00050359	3.3829e-05
619	0.94133	0.058135	0.00050601	3.1588e-05
620	0.9509	0.048559	0.00051136	2.6387e-05
621	0.9548	0.044664	0.00051362	2.4279e-05
622	0.94391	0.055549	0.00050791	3.014e-05
623	0.93721	0.062248	0.00050449	3.3736e-05
624	0.9353	0.064166	0.00050361	3.4769e-05
625	0.93761	0.061848	0.000505	3.3524e-05
626	0.9434	0.056062	0.0005083	3.0391e-05
627	0.95349	0.045975	0.00051396	2.4907e-05
628	0.95004	0.04942	0.00051226	2.6762e-05
629	0.94931	0.050148	0.00051206	2.7141e-05
630	0.95247	0.046994	0.00051393	2.5431e-05
631	0.9604	0.039061	0.00051836	2.1145e-05
632	0.95558	0.043882	0.00051588	2.3765e-05
633	0.95355	0.045911	0.00051493	2.4866e-05
634	0.95407	0.04539	0.00051537	2.4579e-05
635	0.9585	0.04096	0.00051792	2.2186e-05
636	0.9681	0.031361	0.00052323	1.7009e-05
637	0.97228	0.027179	0.00052559	1.4765e-05
638	0.9797	0.019764	0.00052973	1.0762e-05
639	0.99102	0.0084391	0.00053602	4.6234e-06
640	0.98849	0.010974	0.00053481	6.0056e-06
641	0.98221	0.017253	0.00053152	9.445e-06
642	0.9785	0.020954	0.00052965	1.1471e-05
643	0.96922	0.030239	0.00052477	1.6531e-05
644	0.9637	0.035761	0.00052195	1.9535e-05
645	0.96199	0.03747	0.00052119	2.0475e-05
646	0.95627	0.043189	0.00051822	2.3614e-05
647	0.95369	0.045763	0.00051698	2.5029e-05
648	0.95477	0.044684	0.00051771	2.4464e-05
649	0.8978	0.10166	0.00048678	5.5577e-05
650	0.86479	0.13467	0.00046885	7.3674e-05
651	0.84297	0.15648	0.00045709	8.5616e-05
652	0.79191	0.20754	0.00042944	0.00011346
653	0.76271	0.23675	0.00041362	0.00012947
654	0.74384	0.25561	0.00040349	0.0001398
655	0.69796	0.30149	0.0003787	0.00016479
656	0.67207	0.32739	0.00036471	0.00017898
657	0.65576	0.3437	0.00035599	0.00018791
658	0.64898	0.35048	0.00035241	0.00019169
659	0.6474	0.35206	0.0003517	0.00019261
660	0.65131	0.34815	0.00035402	0.00019052
661	0.66071	0.33874	0.00035937	0.0001854
662	0.68091	0.31855	0.0003706	0.00017439
663	0.71761	0.28184	0.00039083	0.00015437
664	0.7722	0.22725	0.00042097	0.00012446
665	0.86489	0.13456	0.0004719	7.3741e-05
666	0.91321	0.08624	0.00049848	4.7364e-05
667	0.91755	0.081904	0.00050105	4.5002e-05
668	0.90112	0.098335	0.0004923	5.3987e-05
669	0.89055	0.10891	0.00048677	5.9757e-05
670	0.88649	0.11296	0.00048477	6.1986e-05
671	0.88781	0.11165	0.00048568	6.1291e-05
672	0.89476	0.10469	0.00048965	5.7516e-05
673	0.90653	0.092921	0.0004963	5.1084e-05
674	0.92826	0.071197	0.00050837	3.9216e-05
675	0.95979	0.039664	0.00052588	2.192e-05
676	0.97482	0.024627	0.00053439	1.3648e-05
677	0.98116	0.018289	0.00053813	1.0149e-05
678	0.99134	0.0081156	0.00054403	4.5128e-06
679	0.99203	0.0074219	0.00054466	4.1309e-06
680	0.99112	0.0083273	0.00054442	4.6301e-06
681	0.99205	0.007396	0.00054518	4.1197e-06
682	0.99123	0.0082234	0.00054498	4.5798e-06
683	0.99175	0.0076976	0.00054555	4.2887e-06
684	0.99369	0.0057554	0.00054692	3.2094e-06
685	0.99729	0.0021635	0.00054922	1.2085e-06
686	0.99918	0.00027277	0.0005506	1.5205e-07
687	0.99937	7.8594e-05	0.00055102	4.3931e-08
688	0.99872	0.00073011	0.00055098	4.0593e-07
689	0.99755	0.0018954	0.00055067	1.0526e-06
690	0.99504	0.0044076	0.00054963	2.4437e-06
691	0.99388	0.0055661	0.00054935	3.0838e-06
692	0.99432	0.0051264	0.00054995	2.8433e-06
693	0.99609	0.0033566	0.0005513	1.8616e-06
694	0.99689	0.0025577	0.00055209	1.4206e-06
695	0.997	0.002448	0.00055249	1.3638e-06
696	0.99656	0.0028897	0.0005526	1.611e-06
697	0.99493	0.0045202	0.00055207	2.5175e-06
698	0.99487	0.004577	0.00055239	2.5532e-06
699	0.99373	0.0057164	0.00055213	3.189e-06
700	0.99388	0.0055616	0.00055261	3.1013e-06
701	0.99575	0.0036947	0.00055402	2.0631e-06
702	0.9965	0.0029454	0.0005548	1.6498e-06
703	0.99631	0.0031346	0.00055507	1.7579e-06
704	0.99719	0.0022515	0.00055596	1.2642e-06
705	0.99927	0.00016918	0.00055754	9.5228e-08
706	0.99829	0.0011492	0.00055739	6.4598e-07
707	0.99818	0.0012635	0.00055774	7.1086e-07
708	0.99891	0.00052849	0.00055858	2.9823e-07
709	0.91259	0.086848	0.00051061	4.8712e-05
710	0.86209	0.13736	0.00048257	7.7176e-05
711	0.82689	0.17255	0.00046319	9.7004e-05
712	0.7587	0.24074	0.00042511	0.00013552
713	0.71093	0.2885	0.00039858	0.00016249
714	0.68387	0.31557	0.0003836	0.0001779
715	0.62911	0.37033	0.00035287	0.00020905
716	0.5923	0.40714	0.00033233	0.00023002
717	0.56724	0.4322	0.00031846	0.00024434
718	0.5516	0.44783	0.00030993	0.00025332
719	0.54561	0.45383	0.00030679	0.00025691
720	0.54743	0.452	0.00030802	0.00025611
721	0.53878	0.46066	0.0003033	0.00026126
722	0.53563	0.46381	0.00030172	0.00026328
723	0.5376	0.46183	0.00030307	0.00026238
724	0.54793	0.4515	0.00030912	0.00025677
725	0.56597	0.43347	0.00031957	0.00024676
726	0.5943	0.40513	0.00033595	0.00023084
727	0.637	0.36243	0.00036062	0.00020665
728	0.71069	0.28874	0.0004029	0.00016483
729	0.81869	0.18074	0.00046502	0.00010319
730	0.87507	0.12437	0.00049759	7.1085e-05
731	0.88175	0.11768	0.00050179	6.7338e-05
732	0.89328	0.10615	0.0005088	6.0793e-05
733	0.91105	0.088376	0.00051943	5.0637e-05
734	0.94238	0.057053	0.0005378	3.2733e-05
735	0.98727	0.012159	0.00056406	6.9486e-06
736	0.98823	0.011199	0.00056508	6.3983e-06
737	0.99158	0.0078505	0.00056745	4.4852e-06
738	0.99823	0.0011928	0.00057169	6.8342e-07
739	0.99781	0.0016155	0.0005719	9.2569e-07
740	0.99693	0.0024989	0.00057183	1.4347e-06
741	0.99726	0.0021622	0.00057245	1.246e-06
742	0.99469	0.0047395	0.00057136	2.744e-06
743	0.99349	0.0059335	0.00057109	3.4406e-06
744	0.99354	0.0058877	0.00057156	3.419e-06
745	0.99227	0.0071581	0.00057128	4.1561e-06
746	0.98902	0.010407	0.00056983	6.0471e-06
747	0.98751	0.011914	0.00056941	6.9261e-06
748	0.9833	0.016124	0.00056744	9.3667e-06
749	0.98119	0.018235	0.0005667	1.0589e-05
750	0.98161	0.017809	0.00056741	1.0351e-05
751	0.98403	0.015393	0.0005693	8.9505e-06
752	0.98971	0.00971	0.00057307	5.6584e-06
753	0.99877	0.0006483	0.00057884	3.8188e-07
754	0.99902	0.00039955	0.00057949	2.3774e-07
755	0.9992	0.0002199	0.00058011	1.3548e-07
756	0.99938	3.9732e-05	0.00058075	3.7407e-08
757	0.99803	0.0013951	0.00057706	8.2046e-07
758	0.99764	0.0017862	0.00057396	1.0374e-06
759	0.99834	0.0010835	0.00057148	6.259e-07
760	0.99741	0.0020202	0.00056803	1.1597e-06
761	0.99744	0.0019923	0.00056516	1.1377e-06
762	0.99839	0.0010446	0.00056284	5.9403e-07
763	0.99754	0.0018958	0.00055953	1.0674e-06
764	0.99783	0.0016122	0.00055685	9.039e-07
765	0.99908	0.00036169	0.00055472	2.0208e-07
766	0.99913	0.00031488	0.00055195	1.7436e-07
767	0.9984	0.0010535	0.00054873	5.8038e-07
768	0.99685	0.0026027	0.00054509	1.4238e-06
769	0.99664	0.0028115	0.00054217	1.5317e-06
770	0.99748	0.0019829	0.00053984	1.074e-06
771	0.99778	0.0016773	0.00053721	9.0493e-07
772	0.99755	0.0019181	0.00053431	1.0286e-06
773	0.99659	0.0028734	0.00053101	1.5345e-06
774	0.99664	0.0028264	0.00052827	1.501e-06
775	0.99803	0.0014471	0.00052621	7.6737e-07
776	0.9972	0.0022787	0.00052301	1.2018e-06
777	0.99735	0.0021276	0.00052035	1.1157e-06
778	0.99846	0.0010248	0.00051822	5.3353e-07
779	0.99915	0.00033401	0.00051584	1.7321e-07
780	0.99897	0.00051431	0.00051304	2.644e-07
781	0.99875	0.00074163	0.0005102	3.7975e-07
782	0.99927	0.00022359	0.00050776	1.1365e-07
783	0.99923	0.00026105	0.00050503	1.3219e-07
784	0.99833	0.0011717	0.00050187	5.887e-07
785	0.99842	0.0010779	0.00049921	5.395e-07
786	0.99933	0.00017232	0.00049698	8.5568e-08
787	0.99949	1.531e-05	0.00049435	7.5627e-09
788	0.99915	0.00036274	0.00049146	1.7899e-07
789	0.99945	6.0511e-05	0.00048891	2.9715e-08
790	0.99919	0.00031937	0.00048607	1.5665e-07
791	0.99889	0.00062434	0.00048323	3.048e-07
792	0.99835	0.0011656	0.0004803	5.6549e-07
793	0.99722	0.0023049	0.00047711	1.1098e-06
794	0.9971	0.0024243	0.00047444	1.1597e-06
795	0.99793	0.0015924	0.00047225	7.5609e-07
796	0.99829	0.0012363	0.00046981	5.8362e-07
797	0.99823	0.0012993	0.00046714	6.117e-07
798	0.99769	0.0018436	0.00046423	8.668e-07
799	0.99183	0.0077069	0.00045886	3.6025e-06
800	0.97994	0.019603	0.00045075	9.0966e-06
801	0.95528	0.044264	0.00043687	2.0382e-05
802	0.89911	0.10043	0.00040881	4.5862e-05
803	0.86658	0.13296	0.00039171	6.0384e-05
804	0.8451	0.15445	0.00037981	6.9717e-05
805	0.83158	0.16797	0.00037163	7.5355e-05
806	0.82601	0.17355	0.00036702	7.7404e-05
807	0.82671	0.17285	0.00036519	7.666e-05
808	0.83389	0.16568	0.00036617	7.3088e-05
809	0.8495	0.15006	0.00037076	6.5893e-05
810	0.87386	0.12571	0.0003791	5.4971e-05
811	0.8719	0.12767	0.00037595	5.5535e-05
812	0.87554	0.12404	0.00037518	5.3694e-05
813	0.88339	0.11618	0.00037621	5.0063e-05
814	0.88298	0.11659	0.00037374	4.9969e-05
815	0.88655	0.11303	0.00037297	4.8183e-05
816	0.89459	0.10499	0.0003741	4.452e-05
817	0.88149	0.11809	0.00036637	4.9737e-05
818	0.87574	0.12384	0.00036174	5.1844e-05
819	0.87392	0.12567	0.00035879	5.2286e-05
820	0.86505	0.13454	0.00035292	5.5632e-05
821	0.861	0.13859	0.0003491	5.695e-05
822	0.86087	0.13873	0.00034692	5.665e-05
823	0.85158	0.14802	0.00034108	6.0027e-05
824	0.84897	0.15064	0.00033793	6.07e-05
825	0.85032	0.14929	0.00033639	5.9774e-05
826	0.85804	0.14156	0.00033735	5.6342e-05
827	0.87434	0.12527	0.0003416	4.9598e-05
828	0.89866	0.10095	0.00034894	3.9783e-05
829	0.90825	0.091367	0.00035047	3.5798e-05
830	0.92331	0.076307	0.00035411	2.9725e-05
831	0.94566	0.053958	0.00036053	2.0894e-05
832	0.95496	0.044659	0.00036185	1.7174e-05
833	0.95873	0.04089	0.00036099	1.5619e-05
834	0.96562	0.034004	0.00036132	1.2896e-05
835	0.97881	0.020814	0.00036396	7.8456e-06
836	0.98452	0.015109	0.00036377	5.6514e-06
837	0.99531	0.0043271	0.00036541	1.6085e-06
838	0.99433	0.0053074	0.00036264	1.9558e-06
839	0.99491	0.0047258	0.00036043	1.7326e-06
840	0.9943	0.0053425	0.0003578	1.9445e-06
841	0.99493	0.0047118	0.00035565	1.7036e-06
842	0.99682	0.0028286	0.00035396	1.0167e-06
843	0.99743	0.0022181	0.00035183	7.907e-07
844	0.9951	0.0045499	0.00034864	1.6057e-06
845	0.99449	0.0051667	0.00034605	1.813e-06
846	0.9951	0.0045495	0.00034391	1.5874e-06
847	0.99449	0.0051653	0.00034135	1.7888e-06
848	0.9927	0.0069559	0.00033839	2.3928e-06
849	0.99227	0.0073866	0.00033591	2.5239e-06
850	0.99315	0.0065092	0.00033389	2.2094e-06
851	0.99545	0.0042181	0.00033237	1.4225e-06
852	0.99943	0.00023805	0.00033142	7.9539e-08
853	0.9996	7.1828e-05	0.00032916	2.3837e-08
854	0.99714	0.0025371	0.00032603	8.3602e-07
855	0.98003	0.019649	0.00031814	6.4124e-06
856	0.96842	0.031254	0.00031215	1.0116e-05
857	0.96244	0.037241	0.00030799	1.1972e-05
858	0.95933	0.040348	0.0003048	1.2876e-05
859	0.95975	0.039931	0.00030272	1.2657e-05
860	0.96265	0.037035	0.00030144	1.1657e-05
861	0.96838	0.031312	0.00030105	9.783e-06
862	0.97958	0.020115	0.0003023	6.2493e-06
863	0.99668	0.0030119	0.00030535	9.3782e-07
864	0.9967	0.0029959	0.00030311	9.2674e-07
865	0.99171	0.0079832	0.00029937	2.4386e-06
866	0.98892	0.010785	0.00029634	3.2653e-06
867	0.9879	0.011803	0.00029387	3.5442e-06
868	0.98852	0.011185	0.00029191	3.331e-06
869	0.99146	0.0082502	0.00029061	2.4411e-06
870	0.99261	0.0070942	0.00028876	2.0871e-06
871	0.99249	0.007221	0.00028652	2.1129e-06
872	0.99056	0.009151	0.00028378	2.6579e-06
873	0.99012	0.0095989	0.00028148	2.7683e-06
874	0.9911	0.0086183	0.00027961	2.4695e-06
875	0.99071	0.0090144	0.00027734	2.5663e-06
876	0.99181	0.0079166	0.0002755	2.2418e-06
877	0.99456	0.005167	0.00027413	1.4613e-06
878	0.99547	0.0042609	0.00027226	1.2013e-06
879	0.98346	0.016273	0.00026684	4.5135e-06
880	0.97701	0.022717	0.00026297	6.2559e-06
881	0.97348	0.026252	0.00025994	7.1761e-06
882	0.97235	0.027386	0.00025759	7.4334e-06
883	0.9733	0.02644	0.00025581	7.1306e-06
884	0.97059	0.029151	0.00025308	7.7962e-06
885	0.97009	0.029649	0.00025096	7.8681e-06
886	0.95131	0.048428	0.00024412	1.2685e-05
887	0.90847	0.091276	0.00023119	2.3597e-05
888	0.81445	0.18529	0.00020547	4.7311e-05
889	0.60089	0.39886	0.00015014	0.00010065
890	0.45451	0.54525	0.00011254	0.00013628
891	0.35424	0.64552	8.6983e-05	0.00015988
892	0.29542	0.70433	7.189e-05	0.000173
893	0.25547	0.74429	6.1644e-05	0.00018128
894	0.22767	0.77209	5.4493e-05	0.00018648
895	0.17138	0.82838	4.0645e-05	0.00019837
896	0.1316	0.86817	3.0943e-05	0.00020611
897	0.10851	0.89126	2.5278e-05	0.00020982
898	0.095554	0.90421	2.2046e-05	0.00021108
899	0.087368	0.9124	1.9974e-05	0.00021119
900	0.082465	0.91731	1.869e-05	0.00021052
901	0.080255	0.91952	1.804e-05	0.00020923
902	0.081954	0.91782	1.8267e-05	0.00020704
903	0.087962	0.91181	1.9438e-05	0.00020391
904	0.07249	0.92729	1.586e-05	0.00020553
905	0.062234	0.93755	1.349e-05	0.00020596
906	0.057084	0.9427	1.2255e-05	0.00020524
907	0.054275	0.94551	1.1546e-05	0.000204
908	0.054694	0.94509	1.1528e-05	0.00020207
909	0.057328	0.94246	1.1979e-05	0.00019967
910	0.062277	0.93751	1.2907e-05	0.0001968
911	0.070487	0.92931	1.4499e-05	0.00019328
912	0.083138	0.91666	1.6983e-05	0.00018887
913	0.075993	0.9238	1.5396e-05	0.00018854
914	0.071801	0.928	1.4432e-05	0.00018759
915	0.071459	0.92834	1.4244e-05	0.00018586
916	0.074872	0.92493	1.4796e-05	0.00018338
917	0.081057	0.91875	1.5887e-05	0.00018037
918	0.093143	0.90666	1.8101e-05	0.00017623
919	0.095646	0.90416	1.8423e-05	0.00017399
920	0.10143	0.89838	1.9371e-05	0.00017113
921	0.11333	0.88648	2.1456e-05	0.00016713
922	0.13087	0.86895	2.4569e-05	0.0001621
923	0.16156	0.83825	3.0063e-05	0.00015469
924	0.2137	0.78611	3.9381e-05	0.00014344
925	0.23927	0.76055	4.3629e-05	0.00013726
926	0.27736	0.72246	5.0061e-05	0.0001289
927	0.34224	0.65758	6.1104e-05	0.00011592
928	0.45177	0.54805	7.9722e-05	9.5359e-05
929	0.6116	0.38822	0.00010677	6.6379e-05
930	0.67806	0.32177	0.00011711	5.411e-05
931	0.7915	0.20833	0.00013519	3.4097e-05
932	0.84293	0.1569	0.0001424	2.4971e-05
933	0.91619	0.08364	0.00015311	1.2351e-05
934	0.92484	0.074996	0.00015285	1.0712e-05
935	0.93902	0.060819	0.00015347	8.1977e-06
936	0.96422	0.035619	0.00015581	3.959e-06
937	0.9667	0.033135	0.00015706	3.8091e-06
938	0.96532	0.034519	0.00015781	4.172e-06
939	0.96717	0.032667	0.000159	4.0685e-06
940	0.96585	0.033983	0.00015975	4.4119e-06
941	0.96697	0.032865	0.00016087	4.3848e-06
942	0.97048	0.029356	0.00016235	3.9977e-06
943	0.97002	0.029814	0.00016328	4.1807e-06
944	0.96623	0.033602	0.00016366	4.8991e-06
945	0.96583	0.033997	0.00016457	5.07e-06
946	0.96771	0.032118	0.00016586	4.8716e-06
