#coord	neutral	conserved	gBGC.neutral	gBGC.conserved
1	0.78145	0.21789	0.00052058	0.00014533
2	0.7893	0.21003	0.00052379	0.00013953
3	0.80295	0.19639	0.00053084	0.00012991
4	0.82877	0.17057	0.00054581	0.00011234
5	0.87412	0.12523	0.0005734	8.2152e-05
6	0.95122	0.04813	0.00062137	3.1561e-05
7	0.96128	0.038069	0.00062544	2.4885e-05
8	0.97647	0.022884	0.00063284	1.4915e-05
9	0.9986	0.00075273	0.0006447	4.8929e-07
10	0.99857	0.00078579	0.00064211	5.0935e-07
11	0.99827	0.0010948	0.00063936	7.0642e-07
12	0.99873	0.00062917	0.00063713	4.0543e-07
13	0.99798	0.0013807	0.00063414	8.8361e-07
14	0.9981	0.0012649	0.00063173	8.0617e-07
15	0.99906	0.0003072	0.00062987	1.9558e-07
16	0.99905	0.00031932	0.00062741	2.0227e-07
17	0.99904	0.00033396	0.00062498	2.1069e-07
18	0.99901	0.00037172	0.00062255	2.3376e-07
19	0.99775	0.0016328	0.00061938	1.0196e-06
20	0.99764	0.0017434	0.00061691	1.0879e-06
21	0.99686	0.0025268	0.00061404	1.5721e-06
22	0.99512	0.0042657	0.00061061	2.6413e-06
23	0.99465	0.0047353	0.00060799	2.9201e-06
24	0.99248	0.0069101	0.00060435	4.2367e-06
25	0.99172	0.0076718	0.00060161	4.6802e-06
26	0.99237	0.0070277	0.00059974	4.2648e-06
27	0.99498	0.0044196	0.00059904	2.6705e-06
28	0.99621	0.0031943	0.00059747	1.9245e-06
29	0.99873	0.00067613	0.0005967	4.0655e-07
30	0.99797	0.0014393	0.00059393	8.6243e-07
31	0.99659	0.0028213	0.00059078	1.6877e-06
32	0.99626	0.0031538	0.00058828	1.8819e-06
33	0.99694	0.0024767	0.0005864	1.4766e-06
34	0.99671	0.0027087	0.000584	1.6098e-06
35	0.99215	0.0072655	0.00057903	4.2993e-06
36	0.98953	0.0098931	0.00057523	5.8306e-06
37	0.96957	0.029855	0.00056125	1.7533e-05
38	0.95645	0.042973	0.00055139	2.5123e-05
39	0.94795	0.051471	0.00054432	2.9958e-05
40	0.94306	0.056371	0.00053938	3.2669e-05
41	0.9414	0.058031	0.00053635	3.3491e-05
42	0.94252	0.056916	0.00053494	3.2713e-05
43	0.93803	0.061405	0.00053036	3.5117e-05
44	0.92698	0.07246	0.00052207	4.1225e-05
45	0.92031	0.079129	0.00051632	4.4802e-05
46	0.91723	0.082213	0.00051264	4.6331e-05
47	0.88179	0.11765	0.00049091	6.5893e-05
48	0.86163	0.13782	0.00047777	7.6852e-05
49	0.81352	0.18593	0.00044932	0.00010314
50	0.70672	0.29273	0.00038894	0.00016137
51	0.64369	0.35577	0.00035286	0.00019529
52	0.59964	0.39981	0.0003275	0.00021851
53	0.5693	0.43016	0.00030981	0.00023407
54	0.55308	0.44638	0.00029984	0.00024189
55	0.51556	0.4839	0.00027854	0.00026107
56	0.49473	0.50473	0.00026629	0.00027118
57	0.48224	0.51723	0.00025862	0.00027673
58	0.4533	0.54616	0.00024222	0.00029099
59	0.39449	0.60498	0.00021006	0.000321
60	0.36033	0.63914	0.00019112	0.00033779
61	0.33698	0.66249	0.00017807	0.00034869
62	0.32166	0.67782	0.00016936	0.00035527
63	0.31538	0.68409	0.00016541	0.00035707
64	0.31627	0.68321	0.0001652	0.00035513
65	0.32456	0.67492	0.00016881	0.00034937
66	0.33948	0.66	0.00017583	0.0003402
67	0.3676	0.63189	0.00018955	0.00032432
68	0.40971	0.58978	0.00021038	0.00030134
69	0.40904	0.59045	0.00020915	0.00030042
70	0.39791	0.60159	0.00020259	0.00030482
71	0.39505	0.60445	0.00020023	0.00030499
72	0.39968	0.59982	0.00020164	0.0003014
73	0.40982	0.58968	0.00020581	0.00029505
74	0.43105	0.56845	0.00021542	0.00028326
75	0.46366	0.53584	0.00023062	0.00026589
76	0.47441	0.52509	0.00023492	0.00025943
77	0.49671	0.5028	0.00024483	0.00024736
78	0.53089	0.46862	0.0002605	0.00022953
79	0.5268	0.47271	0.00025733	0.00023053
80	0.52786	0.47165	0.00025671	0.000229
81	0.53419	0.46533	0.00025865	0.00022491
82	0.54655	0.45297	0.00026352	0.00021792
83	0.57129	0.42823	0.00027424	0.00020506
84	0.60766	0.39187	0.00029048	0.00018669
85	0.62484	0.37468	0.00029738	0.00017766
86	0.65691	0.34262	0.0003112	0.00016168
87	0.7125	0.28703	0.0003359	0.00013482
88	0.79167	0.20787	0.0003715	9.7076e-05
89	0.83267	0.16686	0.00038888	7.7531e-05
90	0.90268	0.096854	0.00041944	4.4795e-05
91	0.91189	0.087648	0.00042168	4.0364e-05
92	0.91338	0.086158	0.00042038	3.9498e-05
93	0.90949	0.090053	0.00041658	4.111e-05
94	0.90897	0.090571	0.00041437	4.1157e-05
95	0.91177	0.087776	0.00041368	3.9691e-05
96	0.92014	0.079406	0.00041546	3.5735e-05
97	0.93349	0.066056	0.00041948	2.9566e-05
98	0.95742	0.042132	0.00042813	1.8753e-05
99	0.9985	0.0010508	0.00044423	4.7056e-07
100	0.98475	0.014808	0.00043592	6.6121e-06
101	0.97721	0.022346	0.00043042	9.9415e-06
102	0.97375	0.025807	0.00042673	1.144e-05
103	0.97267	0.02689	0.00042412	1.1873e-05
104	0.97452	0.025048	0.00042277	1.1031e-05
105	0.97887	0.020698	0.00042253	9.1059e-06
106	0.97379	0.025785	0.00041819	1.1288e-05
107	0.96167	0.037901	0.00041085	1.649e-05
108	0.95387	0.045704	0.00040545	1.9772e-05
109	0.95073	0.04885	0.00040204	2.1037e-05
110	0.9408	0.058777	0.00039579	2.5172e-05
111	0.91665	0.082927	0.00038358	3.5276e-05
112	0.74132	0.25826	0.00030798	0.00010879
113	0.62129	0.37829	0.00025638	0.00015832
114	0.53656	0.46303	0.00022002	0.00019261
115	0.47694	0.52265	0.00019442	0.00021616
116	0.44268	0.55691	0.0001794	0.00022913
117	0.42405	0.57554	0.00017085	0.0002356
118	0.41314	0.58646	0.00016554	0.00023885
119	0.41063	0.58896	0.00016364	0.00023869
120	0.41582	0.58378	0.0001648	0.00023545
121	0.42665	0.57295	0.00016819	0.00022999
122	0.4247	0.5749	0.00016651	0.00022961
123	0.42774	0.57187	0.00016683	0.00022725
124	0.42098	0.57863	0.00016326	0.00022876
125	0.41938	0.58023	0.00016176	0.00022821
126	0.42276	0.57685	0.00016221	0.00022572
127	0.41346	0.58615	0.00015778	0.00022813
128	0.38984	0.60978	0.00014787	0.00023601
129	0.37788	0.62174	0.00014248	0.00023935
130	0.34747	0.65215	0.00013016	0.00024964
131	0.32768	0.67195	0.00012199	0.00025578
132	0.2782	0.72143	0.00010282	0.00027293
133	0.24355	0.75608	8.9411e-05	0.00028433
134	0.22394	0.77569	8.1664e-05	0.00029007
135	0.21164	0.78799	7.6701e-05	0.00029302
136	0.17858	0.82106	6.4239e-05	0.00030349
137	0.15985	0.83979	5.7078e-05	0.00030864
138	0.14785	0.85179	5.2437e-05	0.00031129
139	0.14085	0.85879	4.9648e-05	0.00031209
140	0.13785	0.86179	4.8318e-05	0.00031144
141	0.13842	0.86123	4.8269e-05	0.00030952
142	0.14262	0.85702	4.9514e-05	0.00030631
143	0.15108	0.84856	5.2248e-05	0.00030163
144	0.16421	0.83543	5.6604e-05	0.00029532
145	0.1877	0.81195	6.4508e-05	0.00028547
146	0.19517	0.80448	6.6771e-05	0.00028126
147	0.20766	0.79199	7.0755e-05	0.00027534
148	0.23112	0.76853	7.8451e-05	0.00026569
149	0.26502	0.73464	8.966e-05	0.00025255
150	0.2803	0.71936	9.4364e-05	0.0002459
151	0.28444	0.71522	9.5226e-05	0.00024308
152	0.29352	0.70614	9.7745e-05	0.00023861
153	0.31242	0.68725	0.00010349	0.00023091
154	0.31691	0.68276	0.00010439	0.00022806
155	0.32981	0.66986	0.00010804	0.00022246
156	0.35076	0.64891	0.0001143	0.00021425
157	0.38278	0.6169	0.00012414	0.00020248
158	0.4385	0.56117	0.00014152	0.00018314
159	0.52032	0.47935	0.00016721	0.00015552
160	0.56157	0.43811	0.00017946	0.00014132
161	0.57757	0.42211	0.00018352	0.00013534
162	0.55981	0.43987	0.00017682	0.00014011
163	0.54911	0.45057	0.00017243	0.00014258
164	0.54683	0.45285	0.0001707	0.00014239
165	0.55234	0.44735	0.00017137	0.00013978
166	0.56716	0.43253	0.00017489	0.00013432
167	0.59112	0.40857	0.0001812	0.00012607
168	0.6009	0.39879	0.00018305	0.00012228
169	0.57231	0.42739	0.00017325	0.00013015
170	0.51398	0.48572	0.00015456	0.00014689
171	0.40138	0.59832	0.00011977	0.00017972
172	0.32435	0.67535	9.6096e-05	0.00020146
173	0.279	0.72071	8.2036e-05	0.00021356
174	0.25285	0.74686	7.3775e-05	0.00021986
175	0.23586	0.76385	6.8315e-05	0.00022337
176	0.19966	0.80005	5.7324e-05	0.00023239
177	0.1753	0.82441	4.9916e-05	0.00023785
178	0.15928	0.84043	4.5004e-05	0.00024081
179	0.14929	0.85042	4.1874e-05	0.00024201
180	0.14352	0.8562	3.9975e-05	0.00024197
181	0.14309	0.85663	3.9575e-05	0.00024043
182	0.14788	0.85185	4.0611e-05	0.00023745
183	0.1571	0.84262	4.2857e-05	0.00023327
184	0.17506	0.82466	4.7431e-05	0.00022674
185	0.16591	0.83382	4.4607e-05	0.00022763
186	0.16135	0.83838	4.3063e-05	0.00022724
187	0.16234	0.83739	4.3012e-05	0.00022535
188	0.16693	0.83281	4.3916e-05	0.00022251
189	0.17839	0.82134	4.6601e-05	0.00021789
190	0.17894	0.8208	4.6399e-05	0.00021616
191	0.17131	0.82843	4.4062e-05	0.00021655
192	0.16769	0.83205	4.2798e-05	0.00021588
193	0.16765	0.8321	4.2468e-05	0.00021428
194	0.17337	0.82638	4.3589e-05	0.00021122
195	0.18648	0.81327	4.653e-05	0.00020633
196	0.18983	0.80992	4.6981e-05	0.00020393
197	0.19732	0.80243	4.8451e-05	0.00020051
198	0.20986	0.7899	5.1137e-05	0.00019589
199	0.22893	0.77082	5.5381e-05	0.00018971
200	0.26293	0.73683	6.3133e-05	0.00018001
201	0.31312	0.68664	7.4664e-05	0.00016655
202	0.33396	0.6658	7.9036e-05	0.00016025
203	0.36577	0.63399	8.5949e-05	0.00015142
204	0.41156	0.58821	9.6059e-05	0.0001394
205	0.479	0.52076	0.00011111	0.00012245
206	0.57465	0.42512	0.00013253	9.9138e-05
207	0.73587	0.2639	0.00016866	6.1106e-05
208	0.97111	0.028662	0.00022127	6.5992e-06
209	0.973	0.026779	0.00021985	6.1169e-06
210	0.96197	0.037801	0.00021553	8.5442e-06
211	0.72107	0.27871	0.00015985	6.2316e-05
212	0.55052	0.44926	0.00012078	9.9488e-05
213	0.42982	0.56996	9.3354e-05	0.00012503
214	0.34449	0.6553	7.4097e-05	0.0001424
215	0.29416	0.70563	6.2633e-05	0.00015197
216	0.25893	0.74085	5.4597e-05	0.00015813
217	0.23458	0.76521	4.8998e-05	0.00016185
218	0.22152	0.77827	4.5829e-05	0.00016313
219	0.2142	0.78559	4.3908e-05	0.00016318
220	0.19173	0.80806	3.8931e-05	0.00016628
221	0.13931	0.86049	2.8016e-05	0.00017533
222	0.10836	0.89144	2.1565e-05	0.00017991
223	0.086588	0.91321	1.7059e-05	0.00018255
224	0.07415	0.92565	1.4456e-05	0.00018328
225	0.065778	0.93403	1.2695e-05	0.00018317
226	0.060466	0.93934	1.1557e-05	0.00018244
227	0.058913	0.94089	1.1151e-05	0.00018097
228	0.060621	0.93919	1.1362e-05	0.00017888
229	0.057079	0.94273	1.0579e-05	0.00017778
230	0.055889	0.94392	1.0249e-05	0.00017623
231	0.056657	0.94316	1.0285e-05	0.00017432
232	0.060895	0.93892	1.0942e-05	0.00017178
233	0.068173	0.93165	1.2132e-05	0.00016871
234	0.079102	0.92072	1.3948e-05	0.00016502
235	0.095582	0.90424	1.6709e-05	0.00016039
236	0.12394	0.87588	2.1466e-05	0.00015376
237	0.16547	0.83435	2.8406e-05	0.00014495
238	0.23557	0.76426	4.0035e-05	0.00013144
239	0.33778	0.66205	5.6864e-05	0.00011274
240	0.35016	0.64967	5.8287e-05	0.00010944
241	0.37422	0.62561	6.1575e-05	0.00010427
242	0.41065	0.58918	6.6803e-05	9.7156e-05
243	0.4629	0.53693	7.4469e-05	8.7616e-05
244	0.48404	0.5158	7.6986e-05	8.3232e-05
245	0.52234	0.4775	8.2117e-05	7.6225e-05
246	0.57921	0.42064	9.0026e-05	6.6447e-05
247	0.60772	0.39213	9.3325e-05	6.1269e-05
248	0.65068	0.34917	9.8741e-05	5.3983e-05
249	0.64839	0.35146	9.7181e-05	5.368e-05
250	0.63456	0.3653	9.3887e-05	5.5102e-05
251	0.62748	0.37237	9.1657e-05	5.5468e-05
252	0.62568	0.37418	9.0232e-05	5.5036e-05
253	0.63155	0.36831	8.9903e-05	5.3498e-05
254	0.6439	0.35596	9.0484e-05	5.1058e-05
255	0.66451	0.33535	9.2191e-05	4.7502e-05
256	0.67035	0.32951	9.1763e-05	4.607e-05
257	0.68258	0.31728	9.2197e-05	4.3784e-05
258	0.70295	0.29691	9.3698e-05	4.044e-05
259	0.70824	0.29163	9.3126e-05	3.9178e-05
260	0.7191	0.28077	9.3278e-05	3.7198e-05
261	0.74098	0.25889	9.4802e-05	3.3835e-05
262	0.77446	0.22541	9.7749e-05	2.9059e-05
263	0.82436	0.17551	0.00010267	2.2316e-05
264	0.90917	0.09071	0.00011173	1.1423e-05
265	0.91981	0.080068	0.00011139	9.9445e-06
266	0.92363	0.076251	0.00011017	9.3341e-06
267	0.93114	0.068737	0.00010938	8.2959e-06
268	0.92168	0.078206	0.00010658	9.2734e-06
269	0.91631	0.083578	0.00010431	9.7434e-06
270	0.91439	0.0855	0.00010245	9.802e-06
271	0.91596	0.083932	0.000101	9.4632e-06
272	0.89228	0.10761	9.6801e-05	1.1879e-05
273	0.87938	0.12051	9.3824e-05	1.3062e-05
274	0.87165	0.12825	9.1448e-05	1.3652e-05
275	0.87003	0.12987	8.972e-05	1.3584e-05
276	0.87405	0.12585	8.8561e-05	1.2935e-05
277	0.8828	0.1171	8.7873e-05	1.1824e-05
278	0.87165	0.12825	8.518e-05	1.2706e-05
279	0.86535	0.13455	8.3005e-05	1.3078e-05
280	0.86492	0.13498	8.1396e-05	1.2873e-05
281	0.86869	0.13122	8.0189e-05	1.2276e-05
282	0.87718	0.12273	7.941e-05	1.1258e-05
283	0.87728	0.12263	7.786e-05	1.1019e-05
284	0.87061	0.1293	7.5705e-05	1.1375e-05
285	0.86804	0.13187	7.3933e-05	1.1355e-05
286	0.87111	0.12881	7.2631e-05	1.0854e-05
287	0.8807	0.11922	7.184e-05	9.8306e-06
288	0.89953	0.10039	7.1742e-05	8.104e-06
289	0.87858	0.12134	6.8439e-05	9.5696e-06
290	0.86475	0.13517	6.5772e-05	1.0408e-05
291	0.85681	0.14312	6.3605e-05	1.0754e-05
292	0.85325	0.14668	6.1795e-05	1.075e-05
293	0.85558	0.14435	6.0404e-05	1.0316e-05
294	0.86251	0.13742	5.9333e-05	9.5712e-06
295	0.87503	0.1249	5.8624e-05	8.4715e-06
296	0.87795	0.12199	5.7247e-05	8.0484e-06
297	0.88493	0.115	5.6128e-05	7.3741e-06
298	0.89965	0.10029	5.5452e-05	6.2455e-06
299	0.92167	0.078269	5.5175e-05	4.7251e-06
300	0.95473	0.045214	5.548e-05	2.6306e-06
301	0.94864	0.051301	5.3446e-05	2.8826e-06
302	0.94695	0.052991	5.1659e-05	2.8758e-06
303	0.94816	0.051784	5.004e-05	2.7098e-06
304	0.94526	0.054687	4.8196e-05	2.7568e-06
305	0.94535	0.054605	4.6517e-05	2.6471e-06
306	0.9495	0.050455	4.5019e-05	2.3458e-06
307	0.94839	0.051561	4.3274e-05	2.2971e-06
308	0.94994	0.050016	4.1656e-05	2.1289e-06
309	0.9558	0.044154	4.0202e-05	1.7856e-06
310	0.95625	0.043709	3.8518e-05	1.6795e-06
311	0.95199	0.047975	3.6665e-05	1.7492e-06
312	0.95163	0.048335	3.4955e-05	1.6657e-06
313	0.94587	0.054093	3.3075e-05	1.7588e-06
314	0.94451	0.055458	3.1343e-05	1.6935e-06
315	0.94609	0.053876	2.9713e-05	1.5336e-06
316	0.95085	0.049118	2.8178e-05	1.2869e-06
317	0.96116	0.038812	2.6767e-05	9.042e-07
318	0.97669	0.023285	2.5463e-05	4.2148e-07
319	0.9713	0.02867	2.5322e-05	5.6996e-07
320	0.96871	0.03126	2.5249e-05	6.4771e-07
321	0.96928	0.030697	2.5244e-05	6.4905e-07
322	0.95392	0.046058	2.4838e-05	1.0503e-06
323	0.94582	0.054151	2.461e-05	1.2644e-06
324	0.92569	0.07428	2.4072e-05	1.7869e-06
325	0.91489	0.08508	2.3767e-05	2.0683e-06
326	0.91036	0.089616	2.3615e-05	2.1885e-06
327	0.91073	0.089247	2.358e-05	2.1837e-06
328	0.88073	0.11924	2.2765e-05	2.9564e-06
329	0.86099	0.13898	2.2217e-05	3.4604e-06
330	0.84814	0.15183	2.1846e-05	3.7843e-06
331	0.84291	0.15707	2.1663e-05	3.9127e-06
332	0.84381	0.15617	2.1628e-05	3.8847e-06
333	0.85099	0.14898	2.1744e-05	3.6986e-06
334	0.86394	0.13603	2.2002e-05	3.3679e-06
335	0.88819	0.11178	2.253e-05	2.7591e-06
336	0.93028	0.069694	2.3485e-05	1.7157e-06
337	0.94923	0.050742	2.3857e-05	1.2469e-06
338	0.94878	0.051192	2.375e-05	1.2556e-06
339	0.95222	0.047754	2.3731e-05	1.1684e-06
340	0.95072	0.049254	2.3588e-05	1.2023e-06
341	0.95297	0.047003	2.3529e-05	1.144e-06
342	0.95812	0.041855	2.3538e-05	1.0152e-06
343	0.95925	0.040722	2.3441e-05	9.8453e-07
344	0.96319	0.036786	2.3409e-05	8.8597e-07
345	0.97193	0.028041	2.3484e-05	6.7377e-07
346	0.96972	0.030252	2.3287e-05	7.2495e-07
347	0.96211	0.037869	2.2958e-05	9.0511e-07
348	0.95772	0.042258	2.2707e-05	1.0053e-06
349	0.95603	0.043947	2.2519e-05	1.0397e-06
350	0.95791	0.042063	2.2407e-05	9.8986e-07
351	0.96253	0.037449	2.2356e-05	8.7672e-07
352	0.96244	0.037539	2.2193e-05	8.7328e-07
353	0.96473	0.035249	2.2082e-05	8.1468e-07
354	0.97101	0.028963	2.2053e-05	6.6611e-07
355	0.966	0.033978	2.1764e-05	7.7542e-07
356	0.96382	0.036158	2.1538e-05	8.186e-07
357	0.96416	0.035817	2.1368e-05	8.0434e-07
358	0.96003	0.039949	2.1097e-05	8.8867e-07
359	0.94746	0.052515	2.0641e-05	1.1553e-06
360	0.93946	0.060515	2.0286e-05	1.3175e-06
361	0.93647	0.063506	2.0034e-05	1.3693e-06
362	0.93664	0.063338	1.9849e-05	1.352e-06
363	0.93999	0.059989	1.9729e-05	1.2672e-06
364	0.94847	0.051511	1.9707e-05	1.0766e-06
365	0.96166	0.038317	1.9777e-05	7.912e-07
366	0.98516	0.014816	2.0043e-05	3.0111e-07
367	0.98368	0.016305	1.9786e-05	3.2717e-07
368	0.98392	0.01606	1.9561e-05	3.1789e-07
369	0.98668	0.013302	1.9377e-05	2.5945e-07
370	0.98734	0.012636	1.9144e-05	2.4294e-07
371	0.98982	0.010165	1.8943e-05	1.9204e-07
372	0.99048	0.0094971	1.8698e-05	1.7642e-07
373	0.9928	0.0071827	1.8481e-05	1.3036e-07
374	0.99786	0.0021225	1.8306e-05	3.5346e-08
375	0.9963	0.0036834	1.8009e-05	5.939e-08
376	0.99594	0.0040448	1.7731e-05	6.218e-08
377	0.99672	0.0032584	1.747e-05	4.528e-08
378	0.99644	0.0035391	1.7185e-05	4.4889e-08
379	0.99497	0.0050153	1.6883e-05	5.9116e-08
380	0.98362	0.016363	1.7444e-05	2.6657e-07
381	0.97615	0.023834	1.8061e-05	4.1913e-07
382	0.96158	0.0384	1.8519e-05	7.2094e-07
383	0.95389	0.046091	1.9084e-05	9.0676e-07
384	0.9498	0.050179	1.9714e-05	1.0286e-06
385	0.9497	0.050274	2.0415e-05	1.0708e-06
386	0.95227	0.047706	2.1174e-05	1.0539e-06
387	0.95781	0.042164	2.2005e-05	9.6489e-07
388	0.95827	0.04171	2.2725e-05	9.8703e-07
389	0.95428	0.045698	2.3338e-05	1.1168e-06
390	0.94268	0.057298	2.3753e-05	1.4442e-06
391	0.86616	0.13381	2.2449e-05	3.4816e-06
392	0.8124	0.18757	2.1646e-05	5.018e-06
393	0.78152	0.21845	2.1384e-05	6.0053e-06
394	0.76065	0.23932	2.1361e-05	6.7527e-06
395	0.75045	0.24952	2.1608e-05	7.2217e-06
396	0.74601	0.25396	2.2013e-05	7.5328e-06
397	0.74855	0.25142	2.2616e-05	7.6382e-06
398	0.75605	0.24392	2.3376e-05	7.5847e-06
399	0.75316	0.24681	2.3819e-05	7.8486e-06
400	0.75489	0.24507	2.441e-05	7.965e-06
401	0.76147	0.2385	2.5164e-05	7.9169e-06
402	0.77692	0.22305	2.622e-05	7.5585e-06
403	0.78198	0.21799	2.6931e-05	7.5373e-06
404	0.79276	0.2072	2.7851e-05	7.3058e-06
405	0.81427	0.1857	2.9164e-05	6.6744e-06
406	0.85229	0.14768	3.1099e-05	5.412e-06
407	0.90676	0.093201	3.3701e-05	3.4813e-06
408	0.98679	0.013172	3.7356e-05	4.9989e-07
409	0.99945	0.00051163	3.8499e-05	1.9806e-08
410	0.99761	0.0023534	3.9092e-05	9.2296e-08
411	0.99686	0.0030979	3.9725e-05	1.2333e-07
412	0.99517	0.0047866	4.0311e-05	1.9369e-07
413	0.99508	0.0048819	4.095e-05	2.0088e-07
414	0.99655	0.0034101	4.1646e-05	1.4292e-07
415	0.99445	0.0055084	4.2193e-05	2.3457e-07
416	0.99376	0.0061981	4.2799e-05	2.6784e-07
417	0.99474	0.005219	4.3468e-05	2.2918e-07
418	0.99386	0.0060957	4.4058e-05	2.7151e-07
419	0.99161	0.0083445	4.4574e-05	3.7716e-07
420	0.99085	0.0091028	4.5157e-05	4.1716e-07
421	0.99149	0.0084619	4.5804e-05	3.9302e-07
422	0.99372	0.006237	4.6528e-05	2.933e-07
423	0.99418	0.0057732	4.7171e-05	2.7446e-07
424	0.99356	0.0063895	4.7754e-05	3.0723e-07
425	0.99464	0.0053151	4.841e-05	2.5867e-07
426	0.99768	0.0022738	4.9154e-05	1.1222e-07
427	0.99903	0.00091641	4.9819e-05	4.58e-08
428	0.99878	0.0011687	5.0394e-05	5.9216e-08
429	0.99932	0.00063269	5.1011e-05	3.2525e-08
430	0.99602	0.003928	5.1419e-05	2.045e-07
431	0.98889	0.011053	5.1624e-05	5.8106e-07
432	0.98444	0.015509	5.1964e-05	8.2365e-07
433	0.98226	0.01769	5.2421e-05	9.4903e-07
434	0.98262	0.017323	5.3005e-05	9.3964e-07
435	0.98564	0.014306	5.3724e-05	7.8553e-07
436	0.9857	0.014244	5.4284e-05	7.907e-07
437	0.97504	0.024901	5.4246e-05	1.3942e-06
438	0.96955	0.030394	5.4478e-05	1.7192e-06
439	0.96672	0.033223	5.4857e-05	1.8976e-06
440	0.96718	0.032759	5.5413e-05	1.8905e-06
441	0.97107	0.028871	5.6157e-05	1.6851e-06
442	0.94695	0.052987	5.5244e-05	3.1286e-06
443	0.9305	0.06944	5.4765e-05	4.1382e-06
444	0.92016	0.079784	5.4639e-05	4.7967e-06
445	0.89847	0.10147	5.3803e-05	6.1554e-06
446	0.88401	0.11593	5.3389e-05	7.0926e-06
447	0.8772	0.12274	5.342e-05	7.5753e-06
448	0.85766	0.14227	5.2658e-05	8.8532e-06
449	0.84779	0.15215	5.2469e-05	9.5484e-06
450	0.84306	0.15688	5.2597e-05	9.927e-06
451	0.8428	0.15713	5.3007e-05	1.0025e-05
452	0.84698	0.15296	5.3703e-05	9.8387e-06
453	0.85575	0.14419	5.47e-05	9.3504e-06
454	0.87073	0.1292	5.6115e-05	8.446e-06
455	0.89409	0.10585	5.81e-05	6.9721e-06
456	0.93467	0.065261	6.1236e-05	4.3377e-06
457	0.81938	0.18055	5.4085e-05	1.1992e-05
458	0.74067	0.25927	4.9269e-05	1.7312e-05
459	0.6854	0.31454	4.5953e-05	2.1131e-05
460	0.57795	0.42199	3.9049e-05	2.8531e-05
461	0.51504	0.48489	3.5049e-05	3.3018e-05
462	0.4785	0.52143	3.2784e-05	3.5762e-05
463	0.3906	0.60933	2.6947e-05	4.2079e-05
464	0.33922	0.66071	2.3551e-05	4.5945e-05
465	0.30331	0.69662	2.1199e-05	4.8767e-05
466	0.28313	0.7168	1.9914e-05	5.0515e-05
467	0.27005	0.72988	1.9118e-05	5.1773e-05
468	0.26503	0.7349	1.888e-05	5.2466e-05
469	0.2667	0.73323	1.9112e-05	5.268e-05
470	0.25706	0.74287	1.8533e-05	5.3706e-05
471	0.25474	0.74518	1.8472e-05	5.4205e-05
472	0.24149	0.75844	1.7603e-05	5.5506e-05
473	0.23414	0.76579	1.7161e-05	5.6379e-05
474	0.23121	0.76871	1.7044e-05	5.6926e-05
475	0.18231	0.81761	1.3491e-05	6.0902e-05
476	0.14785	0.85207	1.0987e-05	6.3827e-05
477	0.1237	0.87622	9.2341e-06	6.5999e-05
478	0.1102	0.88973	8.2613e-06	6.7384e-05
479	0.10173	0.8982	7.663e-06	6.8395e-05
480	0.079037	0.92089	5.9774e-06	7.0491e-05
481	0.063104	0.93682	4.7936e-06	7.2084e-05
482	0.052015	0.94791	3.9707e-06	7.3314e-05
483	0.044437	0.95549	3.4108e-06	7.428e-05
484	0.039706	0.96022	3.0664e-06	7.503e-05
485	0.038008	0.96191	2.9522e-06	7.5542e-05
486	0.038065	0.96186	2.9755e-06	7.5915e-05
487	0.033701	0.96622	2.6488e-06	7.6632e-05
488	0.032106	0.96781	2.5362e-06	7.7128e-05
489	0.031928	0.96799	2.5362e-06	7.751e-05
490	0.02748	0.97244	2.1928e-06	7.8228e-05
491	0.02487	0.97505	1.9949e-06	7.88e-05
492	0.023567	0.97635	1.9014e-06	7.9265e-05
493	0.018132	0.98179	1.4704e-06	8.0061e-05
494	0.01523	0.98469	1.2405e-06	8.065e-05
495	0.014063	0.98585	1.1497e-06	8.1092e-05
496	0.013813	0.9861	1.1345e-06	8.1458e-05
497	0.01496	0.98496	1.2336e-06	8.1703e-05
498	0.017177	0.98274	1.4232e-06	8.1856e-05
499	0.021643	0.97827	1.8004e-06	8.1814e-05
500	0.029624	0.97029	2.4723e-06	8.1471e-05
501	0.0409	0.95902	3.4277e-06	8.0843e-05
502	0.060239	0.93968	5.0647e-06	7.9527e-05
503	0.067961	0.93195	5.731e-06	7.9174e-05
504	0.0822	0.91771	6.9485e-06	7.8263e-05
505	0.1026	0.89731	8.6999e-06	7.6817e-05
506	0.13162	0.8683	1.1202e-05	7.4619e-05
507	0.17413	0.82579	1.4885e-05	7.124e-05
508	0.23424	0.76568	2.012e-05	6.6306e-05
509	0.33634	0.66357	2.9002e-05	5.772e-05
510	0.48523	0.51469	4.2029e-05	4.4987e-05
511	0.50351	0.49641	4.377e-05	4.3541e-05
512	0.53112	0.46879	4.6346e-05	4.1259e-05
513	0.57951	0.4204	5.0754e-05	3.7138e-05
514	0.65089	0.34902	5.7236e-05	3.0942e-05
515	0.75553	0.24438	6.6738e-05	2.1728e-05
516	0.93189	0.068025	8.2657e-05	6.0887e-06
517	0.93769	0.062218	8.3439e-05	5.5869e-06
518	0.94987	0.050043	8.4784e-05	4.5131e-06
519	0.97168	0.028227	8.6988e-05	2.5708e-06
520	0.95158	0.048334	8.5414e-05	4.4079e-06
521	0.94055	0.059361	8.4646e-05	5.4306e-06
522	0.93409	0.065816	8.4294e-05	6.0386e-06
523	0.93128	0.068628	8.4275e-05	6.3149e-06
524	0.93171	0.068201	8.4555e-05	6.2947e-06
525	0.93517	0.064739	8.5116e-05	5.9942e-06
526	0.9217	0.078207	8.4108e-05	7.2535e-06
527	0.91516	0.084751	8.3722e-05	7.8816e-06
528	0.91224	0.087664	8.3672e-05	8.1747e-06
529	0.86891	0.131	7.9842e-05	1.2238e-05
530	0.83986	0.16005	7.7337e-05	1.4979e-05
531	0.82401	0.1759	7.6038e-05	1.6505e-05
532	0.78492	0.21499	7.2559e-05	2.0211e-05
533	0.76304	0.23687	7.0665e-05	2.2323e-05
534	0.7495	0.25041	6.9554e-05	2.3655e-05
535	0.71975	0.28015	6.6893e-05	2.6526e-05
536	0.70058	0.29932	6.5228e-05	2.8403e-05
537	0.68923	0.31068	6.43e-05	2.9545e-05
538	0.65913	0.34078	6.16e-05	3.2459e-05
539	0.63977	0.36014	5.9912e-05	3.4362e-05
540	0.62778	0.37213	5.8918e-05	3.5572e-05
541	0.62171	0.37819	5.8485e-05	3.6221e-05
542	0.62334	0.37656	5.8772e-05	3.6142e-05
543	0.63327	0.36664	5.9839e-05	3.5273e-05
544	0.61203	0.38787	5.7921e-05	3.7382e-05
545	0.59861	0.4013	5.6749e-05	3.8745e-05
546	0.59139	0.40852	5.6171e-05	3.9514e-05
547	0.56687	0.43303	5.3937e-05	4.1939e-05
548	0.5545	0.4454	5.285e-05	4.3209e-05
549	0.55088	0.44902	5.2591e-05	4.3642e-05
550	0.55239	0.44751	5.2832e-05	4.3577e-05
551	0.55922	0.44068	5.359e-05	4.2993e-05
552	0.57582	0.42409	5.5287e-05	4.1464e-05
553	0.60218	0.39772	5.7944e-05	3.8974e-05
554	0.64077	0.35913	6.1809e-05	3.5276e-05
555	0.69621	0.30369	6.7348e-05	2.9906e-05
556	0.77517	0.22473	7.523e-05	2.2192e-05
557	0.80893	0.19097	7.8698e-05	1.8894e-05
558	0.85755	0.14235	8.3657e-05	1.4105e-05
559	0.84721	0.15269	8.2804e-05	1.513e-05
560	0.84375	0.15615	8.261e-05	1.5487e-05
561	0.84631	0.15359	8.2999e-05	1.5252e-05
562	0.82171	0.17819	8.0696e-05	1.7699e-05
563	0.80601	0.1939	7.9273e-05	1.9269e-05
564	0.79898	0.20092	7.869e-05	1.9989e-05
565	0.72034	0.27956	7.1037e-05	2.7781e-05
566	0.67463	0.32527	6.66e-05	3.2348e-05
567	0.64307	0.35683	6.3564e-05	3.5514e-05
568	0.62619	0.37372	6.1965e-05	3.7235e-05
569	0.61906	0.38084	6.1322e-05	3.7991e-05
570	0.61974	0.38016	6.1445e-05	3.7973e-05
571	0.6284	0.3715	6.2352e-05	3.7163e-05
572	0.64423	0.35567	6.3979e-05	3.5633e-05
573	0.67416	0.32574	6.6997e-05	3.2705e-05
574	0.66731	0.33259	6.6361e-05	3.343e-05
575	0.66817	0.33173	6.6487e-05	3.3385e-05
576	0.67462	0.32528	6.7177e-05	3.2777e-05
577	0.67188	0.32802	6.6937e-05	3.3091e-05
578	0.67408	0.32582	6.7197e-05	3.2904e-05
579	0.6815	0.3184	6.7985e-05	3.2192e-05
580	0.69859	0.30131	6.9731e-05	3.0512e-05
581	0.70246	0.29743	7.0144e-05	3.0156e-05
582	0.71222	0.28768	7.1154e-05	2.9205e-05
583	0.71053	0.28937	7.1017e-05	2.9401e-05
584	0.71611	0.28379	7.1602e-05	2.8866e-05
585	0.72786	0.27204	7.2814e-05	2.7706e-05
586	0.74748	0.25242	7.4825e-05	2.5748e-05
587	0.77777	0.22213	7.7925e-05	2.2703e-05
588	0.7906	0.2093	7.9267e-05	2.1416e-05
589	0.77568	0.22422	7.7803e-05	2.2936e-05
590	0.76735	0.23255	7.701e-05	2.3786e-05
591	0.76442	0.23548	7.6768e-05	2.4087e-05
592	0.76647	0.23343	7.7035e-05	2.3881e-05
593	0.77604	0.22385	7.8057e-05	2.291e-05
594	0.79568	0.20422	8.0091e-05	2.0918e-05
595	0.82587	0.17403	8.3213e-05	1.7841e-05
596	0.87096	0.12894	8.7873e-05	1.3227e-05
597	0.93531	0.06459	9.4526e-05	6.6198e-06
598	0.96875	0.031152	9.7991e-05	3.1929e-06
599	0.98629	0.013607	9.9814e-05	1.3985e-06
600	0.9839	0.015994	9.9589e-05	1.6421e-06
601	0.97543	0.02447	9.8746e-05	2.5049e-06
602	0.95849	0.041406	9.7029e-05	4.2333e-06
603	0.94759	0.052311	9.5931e-05	5.3437e-06
604	0.92567	0.074228	9.3698e-05	7.5807e-06
605	0.91364	0.086264	9.246e-05	8.8132e-06
606	0.90633	0.093572	9.1709e-05	9.5603e-06
607	0.90452	0.095379	9.1507e-05	9.7489e-06
608	0.90635	0.093549	9.1679e-05	9.5652e-06
609	0.91175	0.088144	9.2217e-05	9.0163e-06
610	0.91029	0.089608	9.206e-05	9.1639e-06
611	0.91363	0.086265	9.2381e-05	8.8244e-06
612	0.9105	0.089399	9.2048e-05	9.1414e-06
613	0.91223	0.087671	9.2197e-05	8.9658e-06
614	0.91775	0.082145	9.2737e-05	8.4022e-06
615	0.92787	0.072027	9.3749e-05	7.3688e-06
616	0.93053	0.069374	9.4004e-05	7.0937e-06
617	0.93654	0.06336	9.4604e-05	6.4744e-06
618	0.93764	0.062262	9.4692e-05	6.3578e-06
619	0.94174	0.05816	9.5089e-05	5.9342e-06
620	0.95132	0.04858	9.6032e-05	4.9554e-06
621	0.95522	0.044684	9.6385e-05	4.5572e-06
622	0.94433	0.055573	9.5243e-05	5.6553e-06
623	0.93762	0.062275	9.4529e-05	6.3267e-06
624	0.93571	0.064194	9.4287e-05	6.5162e-06
625	0.93802	0.061875	9.4463e-05	6.2786e-06
626	0.94381	0.056086	9.4994e-05	5.6886e-06
627	0.9539	0.045995	9.5964e-05	4.6613e-06
628	0.95046	0.049442	9.5554e-05	5.0048e-06
629	0.94973	0.05017	9.5421e-05	5.0724e-06
630	0.95289	0.047014	9.5669e-05	4.7499e-06
631	0.96082	0.039078	9.6386e-05	3.9489e-06
632	0.956	0.043902	9.5823e-05	4.4304e-06
633	0.95397	0.045931	9.5543e-05	4.6288e-06
634	0.95449	0.04541	9.5523e-05	4.5696e-06
635	0.95892	0.040978	9.5885e-05	4.1192e-06
636	0.96852	0.031375	9.6753e-05	3.1534e-06
637	0.97271	0.027191	9.7066e-05	2.7332e-06
638	0.98013	0.019773	9.7705e-05	1.9888e-06
639	0.99146	0.0084428	9.8738e-05	8.5252e-07
640	0.98892	0.010979	9.837e-05	1.1074e-06
641	0.98264	0.017261	9.7629e-05	1.7365e-06
642	0.97894	0.020963	9.7151e-05	2.105e-06
643	0.96965	0.030252	9.6121e-05	3.028e-06
644	0.96412	0.035777	9.547e-05	3.5727e-06
645	0.96241	0.037487	9.5189e-05	3.7387e-06
646	0.95669	0.043208	9.4499e-05	4.3044e-06
647	0.95412	0.045784	9.4126e-05	4.5549e-06
648	0.9552	0.044704	9.4105e-05	4.4443e-06
649	0.8982	0.1017	8.8341e-05	1.0078e-05
650	0.86517	0.13473	8.4945e-05	1.3336e-05
651	0.84335	0.15655	8.2673e-05	1.5471e-05
652	0.79227	0.20764	7.7538e-05	2.0469e-05
653	0.76305	0.23686	7.4548e-05	2.3314e-05
654	0.74418	0.25573	7.259e-05	2.5129e-05
655	0.69827	0.30163	6.8006e-05	2.957e-05
656	0.67237	0.32753	6.5369e-05	3.2054e-05
657	0.65605	0.34385	6.3683e-05	3.3591e-05
658	0.64927	0.35064	6.2917e-05	3.4197e-05
659	0.64769	0.35221	6.2663e-05	3.4292e-05
660	0.6516	0.3483	6.2947e-05	3.3851e-05
661	0.66101	0.33889	6.3767e-05	3.2873e-05
662	0.68121	0.31869	6.5618e-05	3.0856e-05
663	0.71794	0.28197	6.9046e-05	2.7253e-05
664	0.77255	0.22735	7.4201e-05	2.1925e-05
665	0.86528	0.13462	8.2984e-05	1.296e-05
666	0.91363	0.086279	8.745e-05	8.3029e-06
667	0.91796	0.081941	8.7694e-05	7.8702e-06
668	0.90152	0.09838	8.5955e-05	9.4201e-06
669	0.89095	0.10896	8.4786e-05	1.0403e-05
670	0.88689	0.11301	8.4228e-05	1.0764e-05
671	0.88821	0.1117	8.417e-05	1.0616e-05
672	0.89517	0.10474	8.4636e-05	9.936e-06
673	0.90694	0.092963	8.5558e-05	8.8012e-06
674	0.92868	0.071229	8.7399e-05	6.7372e-06
675	0.96022	0.039682	9.0161e-05	3.7542e-06
676	0.97527	0.024638	9.1364e-05	2.3303e-06
677	0.98161	0.018297	9.1748e-05	1.728e-06
678	0.99179	0.0081193	9.2494e-05	7.6604e-07
679	0.99248	0.0074253	9.2335e-05	6.9918e-07
680	0.99158	0.0083311	9.2029e-05	7.8156e-07
681	0.99251	0.0073994	9.1884e-05	6.9328e-07
682	0.99168	0.0082272	9.1577e-05	7.685e-07
683	0.99221	0.0077011	9.1397e-05	7.1753e-07
684	0.99415	0.0057581	9.135e-05	5.3535e-07
685	0.99774	0.0021645	9.1456e-05	2.0102e-07
686	0.99964	0.0002729	9.1406e-05	2.5326e-08
687	0.99983	7.8631e-05	9.1199e-05	7.2727e-09
688	0.99918	0.00073044	9.0916e-05	6.6881e-08
689	0.99801	0.0018963	9.0588e-05	1.7288e-07
690	0.9955	0.0044096	9.0141e-05	4.0019e-07
691	0.99434	0.0055686	8.9819e-05	5.0345e-07
692	0.99478	0.0051288	8.9631e-05	4.6254e-07
693	0.99655	0.0033582	8.9566e-05	3.0156e-07
694	0.99735	0.0025589	8.9402e-05	2.29e-07
695	0.99746	0.0024491	8.9168e-05	2.1871e-07
696	0.99702	0.0028911	8.8874e-05	2.5793e-07
697	0.99539	0.0045223	8.8476e-05	4.0239e-07
698	0.99533	0.0045792	8.8209e-05	4.0678e-07
699	0.99419	0.0057191	8.7849e-05	5.0654e-07
700	0.99435	0.0055642	8.7605e-05	4.9098e-07
701	0.99622	0.0036964	8.7503e-05	3.2542e-07
702	0.99697	0.0029468	8.7291e-05	2.5923e-07
703	0.99678	0.0031361	8.6999e-05	2.752e-07
704	0.99766	0.0022526	8.6803e-05	1.9719e-07
705	0.99974	0.00016926	8.6713e-05	1.4846e-08
706	0.99876	0.0011498	8.6357e-05	9.9947e-08
707	0.99865	0.0012641	8.6078e-05	1.0948e-07
708	0.99939	0.00052874	8.5874e-05	4.5584e-08
709	0.91303	0.086889	7.8188e-05	7.455e-06
710	0.86249	0.13742	7.3595e-05	1.1762e-05
711	0.82729	0.17263	7.0348e-05	1.4723e-05
712	0.75906	0.24086	6.4296e-05	2.0481e-05
713	0.71127	0.28864	6.003e-05	2.4454e-05
714	0.6842	0.31572	5.7524e-05	2.6657e-05
715	0.62941	0.37051	5.2685e-05	3.1185e-05
716	0.59258	0.40733	4.94e-05	3.416e-05
717	0.56751	0.43241	4.7126e-05	3.6124e-05
718	0.55187	0.44805	4.5656e-05	3.7284e-05
719	0.54587	0.45404	4.4984e-05	3.7637e-05
720	0.5477	0.45222	4.4952e-05	3.7343e-05
721	0.53904	0.46088	4.405e-05	3.7911e-05
722	0.53589	0.46403	4.3608e-05	3.8019e-05
723	0.53786	0.46205	4.3588e-05	3.7704e-05
724	0.5482	0.45172	4.4235e-05	3.6714e-05
725	0.56624	0.43368	4.5501e-05	3.5105e-05
726	0.59459	0.40533	4.7589e-05	3.2675e-05
727	0.63731	0.36261	5.0821e-05	2.9102e-05
728	0.71104	0.28888	5.648e-05	2.3092e-05
729	0.81909	0.18083	6.484e-05	1.4384e-05
730	0.87549	0.12443	6.9009e-05	9.8564e-06
731	0.88218	0.11774	6.9212e-05	9.2863e-06
732	0.89372	0.1062	6.9793e-05	8.3382e-06
733	0.9115	0.08842	7.0858e-05	6.9079e-06
734	0.94284	0.057081	7.2949e-05	4.4417e-06
735	0.98776	0.012165	7.6075e-05	9.416e-07
736	0.98872	0.011204	7.5782e-05	8.618e-07
737	0.99207	0.0078544	7.5661e-05	6.0053e-07
738	0.99873	0.0011934	7.5779e-05	9.0937e-08
739	0.99831	0.0016163	7.5358e-05	1.2223e-07
740	0.99742	0.0025001	7.4893e-05	1.8807e-07
741	0.99776	0.0021633	7.4511e-05	1.6222e-07
742	0.99518	0.0047419	7.3901e-05	3.5466e-07
743	0.99399	0.0059365	7.3398e-05	4.4179e-07
744	0.99404	0.0058906	7.2988e-05	4.3615e-07
745	0.99277	0.0071617	7.2482e-05	5.268e-07
746	0.98951	0.010413	7.1824e-05	7.6144e-07
747	0.98801	0.01192	7.1296e-05	8.6637e-07
748	0.9838	0.016132	7.0576e-05	1.164e-06
749	0.98168	0.018244	7.0011e-05	1.3072e-06
750	0.98211	0.017818	6.9618e-05	1.2691e-06
751	0.98453	0.015401	6.9368e-05	1.0898e-06
752	0.99021	0.009715	6.9335e-05	6.8389e-07
753	0.99928	0.00064863	6.9537e-05	4.5534e-08
754	0.99953	0.00039976	6.9118e-05	2.7875e-08
755	0.99971	0.00022001	6.8696e-05	1.5226e-08
756	0.99989	3.9753e-05	6.8274e-05	2.7311e-09
757	0.99854	0.0013958	6.7749e-05	9.4759e-08
758	0.99815	0.0017871	6.7292e-05	1.2033e-07
759	0.99885	0.0010841	6.6899e-05	7.2473e-08
760	0.99791	0.0020213	6.6387e-05	1.3446e-07
761	0.99794	0.0019933	6.5941e-05	1.3156e-07
762	0.99889	0.0010451	6.5556e-05	6.8057e-08
763	0.99804	0.0018967	6.5055e-05	1.2195e-07
764	0.99832	0.001613	6.4618e-05	1.0215e-07
765	0.99957	0.00036186	6.4244e-05	2.0328e-08
766	0.99962	0.00031503	6.3796e-05	1.3894e-08
767	0.99888	0.001054	6.5431e-05	6.4334e-08
768	0.99733	0.002604	6.7017e-05	1.709e-07
769	0.99712	0.0028128	6.8678e-05	1.909e-07
770	0.99795	0.0019838	7.042e-05	1.3844e-07
771	0.99825	0.0016781	7.2116e-05	1.2065e-07
772	0.99801	0.001919	7.378e-05	1.418e-07
773	0.99705	0.0028747	7.5399e-05	2.1766e-07
774	0.9971	0.0028277	7.7099e-05	2.1888e-07
775	0.99847	0.0014477	7.8892e-05	1.1492e-07
776	0.99764	0.0022797	8.0521e-05	1.8485e-07
777	0.99779	0.0021285	8.2236e-05	1.7618e-07
778	0.99889	0.0010253	8.404e-05	8.6466e-08
779	0.99958	0.00033415	8.58e-05	2.8787e-08
780	0.9994	0.00051453	8.7494e-05	4.508e-08
781	0.99917	0.00074194	8.9173e-05	6.6352e-08
782	0.99969	0.00022369	9.0927e-05	2.0349e-08
783	0.99965	0.00026115	9.262e-05	2.4237e-08
784	0.99873	0.0011722	9.4239e-05	1.1055e-07
785	0.99883	0.0010783	9.5939e-05	1.0367e-07
786	0.99973	0.00017239	9.7727e-05	1.6829e-08
787	0.99989	1.5316e-05	9.9433e-05	1.5214e-09
788	0.99954	0.00036288	0.00010108	3.6802e-08
789	0.99984	6.0534e-05	0.00010279	6.2486e-09
790	0.99958	0.00031949	0.00010444	3.3663e-08
791	0.99927	0.00062458	0.00010609	6.6955e-08
792	0.99873	0.0011661	0.00010773	1.2697e-07
793	0.99758	0.0023057	0.0001093	2.5465e-07
794	0.99746	0.0024252	0.00011099	2.7198e-07
795	0.99829	0.001593	0.0001128	1.8154e-07
796	0.99865	0.0012368	0.00011455	1.4362e-07
797	0.99858	0.0012997	0.00011626	1.5352e-07
798	0.99804	0.0018443	0.00011791	2.2108e-07
799	0.99217	0.0077095	0.00011894	9.3417e-07
800	0.98027	0.019609	0.00011921	2.4054e-06
801	0.9556	0.044279	0.00011786	5.498e-06
802	0.89941	0.10047	0.0001125	1.2621e-05
803	0.86687	0.13301	0.00010992	1.6945e-05
804	0.84537	0.1545	0.00010868	1.9948e-05
805	0.83184	0.16803	0.00010841	2.1983e-05
806	0.82626	0.1736	0.00010913	2.3016e-05
807	0.82697	0.1729	0.00011066	2.323e-05
808	0.83414	0.16573	0.00011306	2.2566e-05
809	0.84976	0.1501	0.00011662	2.0724e-05
810	0.87412	0.12574	0.00012147	1.7609e-05
811	0.87215	0.1277	0.00012268	1.8116e-05
812	0.87579	0.12407	0.00012467	1.7834e-05
813	0.88364	0.11622	0.0001273	1.6928e-05
814	0.88323	0.11663	0.00012875	1.7201e-05
815	0.88679	0.11306	0.0001308	1.6883e-05
816	0.89483	0.10502	0.00013355	1.5877e-05
817	0.88172	0.11812	0.00013313	1.8053e-05
818	0.87597	0.12388	0.00013377	1.9149e-05
819	0.87415	0.1257	0.00013502	1.9651e-05
820	0.86527	0.13458	0.00013513	2.1273e-05
821	0.86122	0.13863	0.000136	2.2154e-05
822	0.86108	0.13876	0.00013749	2.2418e-05
823	0.85178	0.14805	0.00013751	2.4164e-05
824	0.84917	0.15067	0.00013857	2.4853e-05
825	0.85051	0.14932	0.0001403	2.4889e-05
826	0.85824	0.1416	0.00014308	2.3856e-05
827	0.87454	0.12529	0.00014732	2.1351e-05
828	0.89886	0.10097	0.00015301	1.7408e-05
829	0.90844	0.091387	0.00015625	1.5924e-05
830	0.9235	0.076323	0.0001605	1.3441e-05
831	0.94586	0.053969	0.00016612	9.6033e-06
832	0.95515	0.044668	0.00016948	8.0236e-06
833	0.95892	0.040898	0.00017186	7.4169e-06
834	0.96581	0.03401	0.00017484	6.2243e-06
835	0.979	0.020818	0.00017898	3.8481e-06
836	0.9847	0.015111	0.00018179	2.8172e-06
837	0.99549	0.0043278	0.00018556	8.148e-07
838	0.9945	0.0053083	0.00018713	1.0073e-06
839	0.99508	0.0047266	0.00018897	9.0654e-07
840	0.99447	0.0053434	0.0001906	1.0339e-06
841	0.99509	0.0047126	0.00019248	9.2038e-07
842	0.99698	0.0028291	0.00019462	5.5799e-07
843	0.99758	0.0022184	0.00019652	4.4098e-07
844	0.99525	0.0045506	0.00019783	9.1029e-07
845	0.99463	0.0051675	0.00019946	1.044e-06
846	0.99525	0.0045502	0.00020135	9.284e-07
847	0.99463	0.005166	0.00020299	1.0627e-06
848	0.99284	0.0069569	0.00020438	1.4439e-06
849	0.9924	0.0073876	0.00020606	1.5467e-06
850	0.99328	0.00651	0.00020803	1.3751e-06
851	0.99557	0.0042186	0.0002103	8.9918e-07
852	0.99955	0.00023808	0.00021296	5.1303e-08
853	0.99971	7.1836e-05	0.00021482	1.558e-08
854	0.99725	0.0025374	0.0002161	5.5378e-07
855	0.98013	0.019651	0.00021416	4.3146e-06
856	0.96852	0.031257	0.00021339	6.913e-06
857	0.96253	0.037245	0.00021382	8.3077e-06
858	0.95942	0.040352	0.00021488	9.0735e-06
859	0.95984	0.039935	0.00021672	9.0565e-06
860	0.96273	0.037038	0.00021914	8.4695e-06
861	0.96846	0.031314	0.00022223	7.2177e-06
862	0.97965	0.020116	0.00022659	4.6807e-06
863	0.99675	0.0030121	0.0002324	7.1266e-07
864	0.99677	0.0029961	0.00023425	7.1502e-07
865	0.99178	0.0079838	0.00023492	1.9115e-06
866	0.98898	0.010785	0.00023611	2.5992e-06
867	0.98796	0.011804	0.00023773	2.8647e-06
868	0.98857	0.011186	0.00023976	2.7339e-06
869	0.99151	0.0082506	0.00024235	2.0342e-06
870	0.99266	0.0070945	0.0002445	1.7656e-06
871	0.99253	0.0072213	0.00024631	1.8144e-06
872	0.9906	0.0091514	0.00024769	2.3173e-06
873	0.99015	0.0095992	0.00024944	2.4502e-06
874	0.99113	0.0086186	0.00025157	2.2189e-06
875	0.99073	0.0090146	0.00025334	2.3408e-06
876	0.99183	0.0079168	0.0002555	2.0755e-06
877	0.99457	0.0051671	0.00025812	1.3729e-06
878	0.99548	0.0042609	0.00026027	1.1454e-06
879	0.98346	0.016273	0.00025898	4.3735e-06
880	0.97702	0.022717	0.00025913	6.1533e-06
881	0.97348	0.026252	0.00026006	7.1651e-06
882	0.97235	0.027386	0.00026164	7.5338e-06
883	0.97329	0.02644	0.00026381	7.3353e-06
884	0.97058	0.029151	0.00026498	8.1419e-06
885	0.97008	0.029648	0.00026677	8.3413e-06
886	0.9513	0.048427	0.00026346	1.366e-05
887	0.90845	0.091274	0.00025332	2.5813e-05
888	0.81443	0.18529	0.0002286	5.257e-05
889	0.60087	0.39885	0.00016962	0.0001136
890	0.45449	0.54523	0.00012909	0.00015618
891	0.35422	0.64549	0.0001013	0.00018604
892	0.29541	0.7043	8.5012e-05	0.00020438
893	0.25546	0.74425	7.4014e-05	0.00021745
894	0.22765	0.77205	6.6429e-05	0.00022711
895	0.17137	0.82834	5.031e-05	0.0002453
896	0.13159	0.86811	3.8889e-05	0.00025879
897	0.1085	0.8912	3.2259e-05	0.00026749
898	0.095547	0.90415	2.8572e-05	0.00027323
899	0.087362	0.91233	2.6288e-05	0.00027759
900	0.082458	0.91724	2.4978e-05	0.00028097
901	0.080248	0.91944	2.448e-05	0.00028355
902	0.081947	0.91774	2.5172e-05	0.00028493
903	0.087954	0.91173	2.7202e-05	0.00028496
904	0.072483	0.9272	2.2543e-05	0.0002917
905	0.062228	0.93746	1.9473e-05	0.00029685
906	0.057078	0.9426	1.7968e-05	0.00030043
907	0.05427	0.94541	1.7194e-05	0.00030328
908	0.054688	0.94499	1.7437e-05	0.00030511
909	0.057321	0.94235	1.8403e-05	0.00030622
910	0.062269	0.9374	2.0139e-05	0.00030658
911	0.070478	0.92919	2.2975e-05	0.00030584
912	0.083128	0.91654	2.733e-05	0.00030359
913	0.075984	0.92368	2.5145e-05	0.00030787
914	0.071792	0.92787	2.3922e-05	0.00031119
915	0.07145	0.92821	2.3968e-05	0.00031325
916	0.074861	0.9248	2.5275e-05	0.00031403
917	0.081045	0.91861	2.7551e-05	0.00031385
918	0.093129	0.90653	3.1867e-05	0.00031162
919	0.095632	0.90402	3.2937e-05	0.00031265
920	0.10141	0.89824	3.5167e-05	0.00031252
921	0.11331	0.88634	3.9558e-05	0.00031023
922	0.13084	0.8688	4.6e-05	0.0003059
923	0.16153	0.83811	5.7168e-05	0.00029683
924	0.21367	0.78598	7.6071e-05	0.00028001
925	0.23923	0.76041	8.5648e-05	0.00027252
926	0.27731	0.72233	9.9875e-05	0.00026038
927	0.34218	0.65746	0.00012391	0.00023843
928	0.45169	0.54795	0.00016436	0.00020005
929	0.61149	0.38815	0.00022378	0.00014271
930	0.67793	0.3217	0.00024959	0.00011901
931	0.79134	0.20829	0.000293	7.7684e-05
932	0.84276	0.15687	0.00031386	5.8926e-05
933	0.916	0.083622	0.00034321	3.1685e-05
934	0.92464	0.07498	0.00034845	2.8583e-05
935	0.93882	0.060806	0.00035585	2.3318e-05
936	0.96401	0.035612	0.00036753	1.3779e-05
937	0.96649	0.033127	0.00037056	1.2893e-05
938	0.9651	0.034511	0.00037212	1.3495e-05
939	0.96695	0.032659	0.00037492	1.2846e-05
940	0.96564	0.033975	0.00037646	1.3438e-05
941	0.96675	0.032858	0.00037898	1.3072e-05
942	0.97026	0.029349	0.00038247	1.1746e-05
943	0.9698	0.029808	0.00038441	1.1987e-05
944	0.96601	0.033594	0.00038499	1.3572e-05
945	0.96561	0.03399	0.0003869	1.3811e-05
