#coord	neutral	conserved	gBGC.neutral	gBGC.conserved
1	0.77978	0.21742	0.0021865	0.00060997
2	0.78762	0.20959	0.0022063	0.00058738
3	0.80124	0.19597	0.0022424	0.00054859
4	0.82701	0.1702	0.0023123	0.00047591
5	0.87225	0.12496	0.0024364	0.00034906
6	0.94919	0.048027	0.0026484	0.00013423
7	0.95923	0.037987	0.0026738	0.00010611
8	0.97439	0.022836	0.0027134	6.3752e-05
9	0.99647	0.00075113	0.0027724	2.1006e-06
10	0.99644	0.00078412	0.0027696	2.1898e-06
11	0.99614	0.0010924	0.0027661	3.0453e-06
12	0.99661	0.00062783	0.0027647	1.7502e-06
13	0.99586	0.0013777	0.00276	3.8309e-06
14	0.99598	0.0012623	0.0027577	3.5059e-06
15	0.99693	0.00030655	0.0027577	8.5169e-07
16	0.99693	0.00031864	0.0027551	8.8395e-07
17	0.99691	0.00033325	0.0027525	9.2354e-07
18	0.99688	0.00037093	0.0027499	1.0273e-06
19	0.99562	0.0016294	0.0027439	4.502e-06
20	0.99551	0.0017397	0.002741	4.8091e-06
21	0.99474	0.0025214	0.0027364	6.9665e-06
22	0.993	0.0042566	0.0027291	1.1745e-05
23	0.99254	0.0047252	0.0027253	1.3025e-05
24	0.99037	0.0068954	0.0027169	1.8974e-05
25	0.98961	0.0076555	0.0027124	2.1035e-05
26	0.99026	0.0070128	0.0027118	1.924e-05
27	0.99286	0.0044101	0.0027165	1.2087e-05
28	0.99409	0.0031875	0.0027174	8.7317e-06
29	0.9966	0.0006747	0.0027219	1.8491e-06
30	0.99584	0.0014362	0.0027174	3.9339e-06
31	0.99447	0.0028153	0.0027111	7.7127e-06
32	0.99414	0.0031471	0.0027078	8.621e-06
33	0.99481	0.0024715	0.0027072	6.777e-06
34	0.99459	0.0027029	0.0027041	7.411e-06
35	0.99004	0.0072501	0.0026893	1.9829e-05
36	0.98742	0.0098721	0.0026798	2.6968e-05
37	0.9675	0.029791	0.0026231	8.1294e-05
38	0.95442	0.042882	0.0025852	0.00011687
39	0.94594	0.051362	0.0025599	0.00013983
40	0.94105	0.056251	0.0025444	0.00015297
41	0.9394	0.057907	0.0025377	0.00015732
42	0.94051	0.056795	0.0025386	0.00015415
43	0.93603	0.061275	0.0025244	0.00016608
44	0.92501	0.072306	0.0024925	0.0001957
45	0.91835	0.078961	0.0024725	0.00021343
46	0.91528	0.082039	0.0024622	0.00022149
47	0.87991	0.1174	0.002365	0.00031637
48	0.8598	0.13753	0.0023089	0.0003702
49	0.81179	0.18553	0.0021781	0.00049872
50	0.70521	0.29211	0.0018908	0.00078374
51	0.64232	0.35501	0.0017208	0.00095157
52	0.59837	0.39896	0.0016018	0.0010683
53	0.56809	0.42924	0.0015197	0.0011481
54	0.5519	0.44543	0.0014752	0.0011903
55	0.51446	0.48288	0.0013743	0.0012891
56	0.49368	0.50366	0.0013178	0.0013433
57	0.48121	0.51613	0.0012836	0.0013753
58	0.45234	0.545	0.0012058	0.0014509
59	0.39365	0.60369	0.0010487	0.0016057
60	0.35956	0.63779	0.00095713	0.001695
61	0.33627	0.66108	0.0008945	0.0017554
62	0.32097	0.67638	0.00085326	0.0017944
63	0.31472	0.68264	0.00083598	0.0018094
64	0.3156	0.68176	0.00083762	0.0018055
65	0.32387	0.67349	0.00085879	0.0017821
66	0.33876	0.6586	0.00089749	0.0017412
67	0.36681	0.63055	0.00097087	0.0016655
68	0.40884	0.58853	0.0010812	0.001553
69	0.40817	0.5892	0.0010785	0.0015534
70	0.39706	0.60031	0.0010482	0.0015814
71	0.39421	0.60316	0.0010397	0.0015876
72	0.39883	0.59854	0.0010508	0.0015742
73	0.40895	0.58843	0.0010764	0.0015463
74	0.43014	0.56724	0.001131	0.0014895
75	0.46267	0.53471	0.0012153	0.001403
76	0.4734	0.52398	0.0012423	0.0013736
77	0.49566	0.50173	0.0012995	0.0013142
78	0.52977	0.46762	0.0013876	0.0012238
79	0.52569	0.4717	0.0013757	0.0012335
80	0.52674	0.47065	0.0013772	0.0012297
81	0.53306	0.46434	0.0013926	0.0012121
82	0.54539	0.45201	0.0014237	0.0011788
83	0.57008	0.42732	0.0014869	0.0011133
84	0.60637	0.39103	0.0015804	0.0010176
85	0.62352	0.37389	0.0016237	0.00097205
86	0.65551	0.34189	0.0017055	0.00088799
87	0.71099	0.28642	0.001848	0.00074325
88	0.78999	0.20743	0.0020515	0.00053752
89	0.83091	0.1665	0.0021557	0.00043101
90	0.90077	0.096649	0.0023345	0.00024997
91	0.90996	0.087462	0.0023561	0.00022605
92	0.91144	0.085976	0.0023579	0.00022203
93	0.90756	0.089862	0.0023457	0.00023191
94	0.90705	0.090379	0.0023423	0.00023306
95	0.90984	0.08759	0.0023474	0.00022565
96	0.91819	0.079238	0.0023669	0.00020395
97	0.93152	0.065916	0.0023991	0.00016947
98	0.95539	0.042043	0.0024584	0.00010796
99	0.99639	0.0010486	0.0025613	2.698e-06
100	0.98266	0.014777	0.0025237	3.8097e-05
101	0.97514	0.022299	0.002502	5.7474e-05
102	0.97169	0.025752	0.0024908	6.6355e-05
103	0.97061	0.026833	0.0024857	6.9108e-05
104	0.97245	0.024994	0.0024881	6.4384e-05
105	0.9768	0.020655	0.0024969	5.3251e-05
106	0.97172	0.025731	0.0024816	6.6282e-05
107	0.95963	0.037821	0.0024484	9.7287e-05
108	0.95185	0.045607	0.0024262	0.00011717
109	0.94871	0.048746	0.002416	0.00012515
110	0.93881	0.058653	0.0023885	0.00015042
111	0.91471	0.082751	0.0023248	0.00021187
112	0.73975	0.25771	0.0018766	0.00065789
113	0.61997	0.37749	0.0015701	0.00096217
114	0.53542	0.46205	0.0013539	0.0011761
115	0.47593	0.52155	0.0012019	0.001326
116	0.44174	0.55573	0.0011142	0.0014115
117	0.42315	0.57433	0.001066	0.0014575
118	0.41227	0.58521	0.0010375	0.0014838
119	0.40976	0.58772	0.0010302	0.001489
120	0.41494	0.58255	0.0010422	0.0014748
121	0.42574	0.57174	0.0010683	0.0014465
122	0.4238	0.57369	0.0010624	0.0014502
123	0.42683	0.57066	0.0010691	0.0014414
124	0.42008	0.57741	0.0010511	0.0014572
125	0.41849	0.579	0.0010461	0.0014601
126	0.42187	0.57563	0.0010537	0.0014504
127	0.41259	0.58491	0.0010295	0.0014724
128	0.38901	0.60849	0.00096951	0.0015302
129	0.37708	0.62042	0.00093871	0.0015589
130	0.34674	0.65077	0.00086198	0.0016335
131	0.32698	0.67052	0.00081189	0.0016814
132	0.27761	0.7199	0.00068814	0.0018031
133	0.24303	0.75448	0.00060155	0.0018875
134	0.22347	0.77404	0.00055234	0.0019346
135	0.21119	0.78633	0.00052137	0.0019635
136	0.1782	0.81932	0.00043916	0.0020436
137	0.15951	0.83801	0.00039244	0.0020882
138	0.14754	0.84998	0.00036248	0.0021161
139	0.14055	0.85697	0.00034493	0.0021316
140	0.13756	0.85997	0.00033729	0.0021371
141	0.13812	0.85941	0.00033844	0.0021339
142	0.14232	0.85521	0.0003486	0.0021217
143	0.15076	0.84677	0.00036923	0.002099
144	0.16387	0.83367	0.00040138	0.0020648
145	0.1873	0.81023	0.00045893	0.0020053
146	0.19476	0.80278	0.00047702	0.0019851
147	0.20722	0.79032	0.00050746	0.0019527
148	0.23064	0.76691	0.00056478	0.0018933
149	0.26446	0.73308	0.00064774	0.0018084
150	0.27971	0.71784	0.00068476	0.0017693
151	0.28384	0.71371	0.00069436	0.0017577
152	0.2929	0.70465	0.00071608	0.0017339
153	0.31176	0.6858	0.00076173	0.0016862
154	0.31624	0.68132	0.00077212	0.0016738
155	0.32911	0.66844	0.00080302	0.0016409
156	0.35002	0.64754	0.00085357	0.0015883
157	0.38197	0.61559	0.00093116	0.0015087
158	0.43758	0.55999	0.0010664	0.0013715
159	0.51922	0.47834	0.0012652	0.0011706
160	0.56038	0.43719	0.0013647	0.0010691
161	0.57635	0.42122	0.0014026	0.0010292
162	0.55863	0.43894	0.0013584	0.0010714
163	0.54795	0.44962	0.0013315	0.0010964
164	0.54568	0.4519	0.001325	0.0011009
165	0.55117	0.4464	0.0013373	0.0010866
166	0.56596	0.43162	0.0013721	0.0010498
167	0.58987	0.40771	0.0014291	0.00099078
168	0.59963	0.39795	0.0014516	0.00096628
169	0.5711	0.42649	0.0013814	0.0010345
170	0.51289	0.48469	0.0012394	0.0011744
171	0.40053	0.59706	0.00096655	0.0014453
172	0.32366	0.67393	0.00078014	0.0016297
173	0.27841	0.71919	0.00067018	0.0017376
174	0.25231	0.74528	0.00060657	0.0017992
175	0.23536	0.76224	0.00056517	0.0018386
176	0.19924	0.79836	0.00047758	0.0019242
177	0.17493	0.82267	0.00041868	0.0019811
178	0.15894	0.83866	0.00037994	0.0020178
179	0.14898	0.84863	0.00035573	0.00204
180	0.14322	0.85439	0.00034166	0.0020521
181	0.14279	0.85482	0.00034033	0.0020514
182	0.14756	0.85005	0.00035142	0.0020384
183	0.15677	0.84084	0.00037308	0.0020147
184	0.17469	0.82292	0.00041544	0.0019704
185	0.16556	0.83206	0.00039329	0.0019905
186	0.16101	0.83661	0.00038212	0.0019997
187	0.162	0.83562	0.00038414	0.0019957
188	0.16658	0.83105	0.0003947	0.0019832
189	0.17802	0.81961	0.0004215	0.0019544
190	0.17856	0.81906	0.00042243	0.0019515
191	0.17095	0.82668	0.00040397	0.001968
192	0.16734	0.83029	0.00039505	0.0019749
193	0.16729	0.83034	0.00039463	0.0019734
194	0.173	0.82463	0.00040777	0.0019582
195	0.18608	0.81155	0.00043826	0.0019258
196	0.18943	0.80821	0.0004457	0.0019163
197	0.19691	0.80073	0.0004629	0.0018972
198	0.20941	0.78823	0.00049194	0.0018662
199	0.22845	0.7692	0.00053636	0.0018198
200	0.26238	0.73527	0.00061565	0.0017385
201	0.31246	0.68519	0.0007329	0.0016193
202	0.33326	0.66439	0.00078122	0.001569
203	0.365	0.63265	0.00085528	0.001493
204	0.41069	0.58697	0.00096211	0.0013843
205	0.47799	0.51966	0.0011198	0.0012247
206	0.57343	0.42422	0.0013437	0.00099889
207	0.73431	0.26334	0.0017208	0.00061988
208	0.96906	0.028602	0.0022714	6.7355e-05
209	0.97094	0.026722	0.002274	6.289e-05
210	0.95994	0.037721	0.0022463	8.8622e-05
211	0.71955	0.27812	0.0016808	0.0006522
212	0.54935	0.44832	0.0012812	0.00105
213	0.42891	0.56876	0.00099881	0.0013304
214	0.34376	0.65391	0.00079947	0.0015279
215	0.29354	0.70414	0.0006817	0.0016438
216	0.25839	0.73929	0.00059932	0.0017243
217	0.23408	0.7636	0.00054238	0.0017794
218	0.22105	0.77663	0.00051164	0.0018082
219	0.21375	0.78393	0.0004943	0.0018237
220	0.19133	0.80636	0.00044201	0.0018741
221	0.13902	0.85867	0.00032081	0.0019935
222	0.10813	0.88955	0.00024919	0.0020633
223	0.086405	0.91128	0.00019887	0.0021117
224	0.073993	0.9237	0.00017008	0.0021387
225	0.065639	0.93205	0.0001507	0.0021562
226	0.060338	0.93736	0.00013841	0.0021667
227	0.058789	0.93891	0.00013474	0.0021685
228	0.060493	0.93721	0.00013854	0.0021628
229	0.056959	0.94074	0.00013026	0.0021692
230	0.055771	0.94193	0.00012741	0.0021703
231	0.056537	0.94117	0.00012906	0.0021668
232	0.060766	0.93694	0.0001386	0.0021554
233	0.068029	0.92968	0.00015509	0.002137
234	0.078935	0.91877	0.00017991	0.0021104
235	0.09538	0.90233	0.0002174	0.0020711
236	0.12368	0.87403	0.00028185	0.0020048
237	0.16513	0.83259	0.0003763	0.0019085
238	0.23507	0.76265	0.00053549	0.0017475
239	0.33707	0.66065	0.00076774	0.0015134
240	0.34942	0.6483	0.0007952	0.0014841
241	0.37343	0.62429	0.0008491	0.0014284
242	0.40978	0.58794	0.00093103	0.0013446
243	0.46193	0.5358	0.0010488	0.001225
244	0.48302	0.51471	0.001096	0.0011761
245	0.52124	0.47649	0.0011819	0.0010884
246	0.57798	0.41975	0.0013098	0.00095863
247	0.60643	0.3913	0.0013732	0.00089339
248	0.6493	0.34843	0.0014693	0.00079548
249	0.64702	0.35072	0.0014629	0.00080008
250	0.63321	0.36452	0.0014303	0.00083088
251	0.62615	0.37159	0.0014131	0.00084629
252	0.62435	0.37339	0.0014079	0.00084972
253	0.63021	0.36753	0.00142	0.00083586
254	0.64254	0.35521	0.0014467	0.00080735
255	0.66311	0.33464	0.0014921	0.00076021
256	0.66894	0.32881	0.001504	0.00074647
257	0.68114	0.31661	0.0015304	0.00071834
258	0.70147	0.29628	0.0015751	0.00067186
259	0.70674	0.29101	0.0015859	0.00065939
260	0.71758	0.28017	0.0016092	0.00063435
261	0.73942	0.25834	0.0016572	0.00058461
262	0.77283	0.22493	0.0017313	0.00050878
263	0.82262	0.17514	0.0018424	0.00039601
264	0.90724	0.090519	0.0020316	0.00020506
265	0.91787	0.079899	0.002054	0.00018096
266	0.92168	0.07609	0.002061	0.00017226
267	0.92918	0.068592	0.0020763	0.00015526
268	0.91973	0.078041	0.0020535	0.00017634
269	0.91437	0.083402	0.00204	0.00018821
270	0.91245	0.085319	0.0020342	0.00019232
271	0.91402	0.083755	0.0020363	0.00018862
272	0.89039	0.10738	0.0019821	0.00024114
273	0.87752	0.12026	0.001952	0.00026965
274	0.86981	0.12797	0.0019334	0.00028661
275	0.86819	0.1296	0.0019284	0.00028998
276	0.8722	0.12558	0.0019359	0.00028082
277	0.88094	0.11685	0.0019539	0.00026114
278	0.86981	0.12798	0.0019277	0.00028571
279	0.86352	0.13427	0.0019123	0.00029946
280	0.86309	0.1347	0.0019099	0.00030021
281	0.86685	0.13094	0.0019168	0.00029165
282	0.87532	0.12247	0.0019343	0.0002726
283	0.87543	0.12237	0.0019331	0.00027212
284	0.86877	0.12902	0.001917	0.00028662
285	0.8662	0.1316	0.00191	0.00029205
286	0.86927	0.12853	0.0019154	0.00028504
287	0.87884	0.11897	0.0019351	0.0002637
288	0.89763	0.10018	0.001975	0.00022209
289	0.87672	0.12109	0.0019272	0.00026822
290	0.86292	0.13489	0.0018953	0.00029853
291	0.85499	0.14282	0.0018764	0.00031581
292	0.85144	0.14637	0.0018672	0.00032339
293	0.85377	0.14404	0.0018709	0.00031808
294	0.86068	0.13713	0.0018847	0.00030266
295	0.87318	0.12464	0.0019107	0.00027496
296	0.87609	0.12173	0.0019158	0.00026835
297	0.88306	0.11476	0.0019297	0.0002528
298	0.89774	0.10008	0.0019606	0.00022038
299	0.91972	0.078103	0.0020074	0.00017196
300	0.9527	0.045118	0.0020785	9.9371e-05
301	0.94663	0.051193	0.0020637	0.00011255
302	0.94495	0.052879	0.0020586	0.00011613
303	0.94615	0.051674	0.0020598	0.00011338
304	0.94326	0.054571	0.002052	0.00011961
305	0.94334	0.054489	0.0020508	0.00011932
306	0.94748	0.050348	0.0020583	0.00011019
307	0.94638	0.051452	0.0020545	0.0001125
308	0.94793	0.04991	0.0020564	0.00010902
309	0.95378	0.04406	0.0020677	9.6201e-05
310	0.95422	0.043616	0.0020672	9.5141e-05
311	0.94997	0.047873	0.0020566	0.00010428
312	0.94961	0.048232	0.0020544	0.00010496
313	0.94386	0.053978	0.0020405	0.0001173
314	0.9425	0.055341	0.0020362	0.00012015
315	0.94408	0.053762	0.0020382	0.00011662
316	0.94883	0.049013	0.0020471	0.00010621
317	0.95912	0.03873	0.0020679	8.3866e-05
318	0.97461	0.023236	0.0021001	5.0244e-05
319	0.96924	0.028609	0.002087	6.1764e-05
320	0.96666	0.031194	0.00208	6.7252e-05
321	0.96722	0.030632	0.0020798	6.5976e-05
322	0.95189	0.045961	0.0020455	9.8792e-05
323	0.94382	0.054036	0.0020268	0.00011604
324	0.92374	0.074123	0.0019823	0.00015895
325	0.91296	0.0849	0.0019579	0.00018191
326	0.90843	0.089427	0.0019468	0.00019148
327	0.9088	0.089059	0.0019462	0.00019057
328	0.87887	0.11899	0.0018808	0.00025446
329	0.85917	0.13869	0.0018374	0.00029632
330	0.84635	0.15151	0.0018088	0.00032342
331	0.84113	0.15674	0.0017964	0.0003343
332	0.84203	0.15584	0.0017971	0.00033213
333	0.8492	0.14867	0.001811	0.00031663
334	0.86213	0.13575	0.0018373	0.00028886
335	0.88633	0.11155	0.0018874	0.00023717
336	0.92833	0.069548	0.0019753	0.00014782
337	0.94724	0.050635	0.0020139	0.00010762
338	0.9468	0.051085	0.0020114	0.00010852
339	0.95023	0.047654	0.0020172	0.0001012
340	0.94873	0.049151	0.0020125	0.00010432
341	0.95098	0.046905	0.0020158	9.9521e-05
342	0.95612	0.041767	0.0020252	8.8588e-05
343	0.95725	0.040637	0.002026	8.6165e-05
344	0.96118	0.03671	0.0020328	7.7812e-05
345	0.96991	0.027983	0.0020497	5.9353e-05
346	0.9677	0.030189	0.0020435	6.403e-05
347	0.9601	0.03779	0.0020258	8.0128e-05
348	0.95573	0.04217	0.0020151	8.9365e-05
349	0.95404	0.043856	0.00201	9.288e-05
350	0.95592	0.041975	0.0020125	8.8879e-05
351	0.96053	0.037371	0.0020207	7.9129e-05
352	0.96044	0.037461	0.002019	7.9278e-05
353	0.96273	0.035175	0.0020224	7.4408e-05
354	0.969	0.028903	0.0020341	6.1172e-05
355	0.964	0.033908	0.0020221	7.1688e-05
356	0.96182	0.036083	0.0020161	7.6223e-05
357	0.96217	0.035743	0.0020154	7.5451e-05
358	0.95804	0.039866	0.0020053	8.4043e-05
359	0.94551	0.052406	0.0019776	0.00011025
360	0.93752	0.06039	0.0019596	0.00012686
361	0.93454	0.063375	0.001952	0.00013301
362	0.93471	0.063208	0.001951	0.00013254
363	0.93805	0.059865	0.0019568	0.00012541
364	0.94651	0.051405	0.0019731	0.00010761
365	0.95968	0.038239	0.0019994	7.9968e-05
366	0.98314	0.014785	0.002047	3.0899e-05
367	0.98165	0.016271	0.0020425	3.3969e-05
368	0.9819	0.016027	0.0020416	3.3425e-05
369	0.98465	0.013275	0.0020459	2.7672e-05
370	0.98532	0.01261	0.0020458	2.6276e-05
371	0.98779	0.010144	0.0020495	2.1132e-05
372	0.98845	0.0094776	0.0020495	1.9728e-05
373	0.99076	0.007168	0.0020529	1.4906e-05
374	0.99582	0.0021181	0.002062	4.4138e-06
375	0.99426	0.0036759	0.0020573	7.644e-06
376	0.9939	0.0040365	0.0020552	8.3853e-06
377	0.99469	0.0032518	0.0020554	6.7508e-06
378	0.99441	0.0035319	0.0020535	7.3286e-06
379	0.99294	0.005005	0.002049	1.0372e-05
380	0.98161	0.01633	0.0020242	3.3805e-05
381	0.97416	0.023785	0.0020074	4.919e-05
382	0.95962	0.038322	0.001976	7.921e-05
383	0.95195	0.045998	0.0019588	9.5043e-05
384	0.94787	0.050077	0.001949	0.00010341
385	0.94778	0.050172	0.0019474	0.00010358
386	0.95034	0.047609	0.0019514	9.8263e-05
387	0.95587	0.042079	0.0019614	8.6841e-05
388	0.95633	0.041626	0.001961	8.5859e-05
389	0.95235	0.045605	0.0019515	9.3974e-05
390	0.94077	0.057182	0.0019265	0.00011765
391	0.86441	0.13354	0.0017686	0.00027422
392	0.81076	0.18719	0.0016576	0.0003839
393	0.77995	0.21801	0.0015933	0.00044678
394	0.75912	0.23884	0.0015497	0.00048908
395	0.74894	0.24902	0.0015278	0.00050961
396	0.74451	0.25345	0.0015177	0.00051832
397	0.74705	0.25092	0.0015218	0.00051284
398	0.75453	0.24343	0.0015361	0.00049724
399	0.75165	0.24632	0.0015292	0.00050277
400	0.75339	0.24458	0.0015318	0.00049886
401	0.75995	0.23802	0.0015443	0.00048509
402	0.77537	0.22261	0.0015747	0.00045334
403	0.78042	0.21755	0.001584	0.00044275
404	0.79118	0.20679	0.0016049	0.00042054
405	0.81265	0.18533	0.0016474	0.00037664
406	0.85059	0.14738	0.0017233	0.00029944
407	0.90496	0.093016	0.0018324	0.00018893
408	0.98483	0.013146	0.0019934	2.666e-05
409	0.99747	0.00051062	0.0020177	1.036e-06
410	0.99563	0.0023488	0.0020126	4.7505e-06
411	0.99489	0.0030918	0.0020098	6.2441e-06
412	0.99321	0.0047772	0.0020051	9.6408e-06
413	0.99311	0.0048723	0.0020036	9.8296e-06
414	0.99458	0.0034034	0.0020052	6.8703e-06
415	0.99249	0.0054975	0.0019996	1.1094e-05
416	0.9918	0.0061859	0.0019969	1.2473e-05
417	0.99278	0.0052088	0.0019976	1.0503e-05
418	0.99191	0.0060837	0.0019945	1.2259e-05
419	0.98967	0.0083281	0.0019886	1.6775e-05
420	0.98891	0.009085	0.0019858	1.8288e-05
421	0.98955	0.0084454	0.0019858	1.6988e-05
422	0.99177	0.0062248	0.001989	1.2508e-05
423	0.99224	0.005762	0.0019886	1.1559e-05
424	0.99162	0.006377	0.0019861	1.2777e-05
425	0.9927	0.0053047	0.001987	1.0619e-05
426	0.99573	0.0022694	0.0019917	4.5435e-06
427	0.99709	0.00091463	0.0019931	1.8306e-06
428	0.99684	0.0011665	0.0019913	2.3351e-06
429	0.99738	0.00063146	0.0019911	1.2654e-06
430	0.99409	0.0039203	0.0019832	7.8555e-06
431	0.98698	0.011031	0.0019676	2.2076e-05
432	0.98253	0.015479	0.0019575	3.0945e-05
433	0.98036	0.017656	0.0019519	3.5263e-05
434	0.98072	0.01729	0.0019513	3.4518e-05
435	0.98374	0.014278	0.001956	2.8517e-05
436	0.9838	0.014217	0.0019548	2.8387e-05
437	0.97316	0.024853	0.0019324	4.9559e-05
438	0.96768	0.030336	0.0019202	6.046e-05
439	0.96486	0.033159	0.0019133	6.6046e-05
440	0.96533	0.032696	0.0019129	6.5109e-05
441	0.96921	0.028816	0.0019193	5.741e-05
442	0.94514	0.052885	0.00187	0.0001054
443	0.92872	0.069307	0.001836	0.00013805
444	0.9184	0.079632	0.0018143	0.00015851
445	0.89675	0.10128	0.0017701	0.00020139
446	0.88232	0.11571	0.0017403	0.00022987
447	0.87553	0.1225	0.0017257	0.00024321
448	0.85603	0.142	0.001686	0.00028165
449	0.84617	0.15186	0.0016653	0.00030102
450	0.84146	0.15658	0.0016549	0.00031017
451	0.8412	0.15683	0.0016533	0.00031048
452	0.84537	0.15266	0.0016605	0.00030206
453	0.85412	0.14392	0.0016767	0.00028459
454	0.86908	0.12896	0.0017052	0.00025487
455	0.89239	0.10565	0.0017502	0.00020865
456	0.9329	0.065138	0.001829	0.00012865
457	0.81783	0.18021	0.0016023	0.00035417
458	0.73927	0.25878	0.0014475	0.0005077
459	0.6841	0.31394	0.0013389	0.00061516
460	0.57686	0.42119	0.0011285	0.00082439
461	0.51407	0.48398	0.001005	0.00094664
462	0.4776	0.52045	0.00093302	0.0010174
463	0.38986	0.60819	0.00076112	0.0011881
464	0.33858	0.65947	0.00066045	0.0012875
465	0.30275	0.69531	0.00059016	0.0013566
466	0.2826	0.71546	0.00055048	0.0013951
467	0.26954	0.72851	0.00052471	0.0014196
468	0.26454	0.73352	0.0005146	0.0014285
469	0.2662	0.73186	0.00051745	0.0014244
470	0.25658	0.74148	0.0004984	0.0014422
471	0.25427	0.74379	0.00049354	0.0014458
472	0.24104	0.75702	0.00046743	0.0014707
473	0.2337	0.76436	0.00045284	0.0014841
474	0.23078	0.76728	0.00044688	0.0014888
475	0.18197	0.81609	0.00035185	0.0015826
476	0.14758	0.85049	0.00028499	0.0016482
477	0.12347	0.8746	0.00023817	0.0016938
478	0.10999	0.88808	0.00021193	0.0017188
479	0.10154	0.89653	0.00019546	0.001734
480	0.078891	0.91918	0.00015167	0.0017766
481	0.062987	0.93509	0.00012097	0.0018061
482	0.051919	0.94616	9.963e-05	0.0018262
483	0.044355	0.95372	8.5067e-05	0.0018396
484	0.039633	0.95844	7.5991e-05	0.0018475
485	0.037938	0.96014	7.2714e-05	0.0018495
486	0.037995	0.96008	7.2817e-05	0.0018482
487	0.033639	0.96444	6.4442e-05	0.0018554
488	0.032047	0.96603	6.136e-05	0.0018573
489	0.031869	0.96621	6.1e-05	0.0018564
490	0.02743	0.97065	5.2466e-05	0.0018638
491	0.024824	0.97326	4.7463e-05	0.0018675
492	0.023524	0.97456	4.4972e-05	0.0018688
493	0.018099	0.97999	3.4587e-05	0.001878
494	0.015202	0.98289	2.9033e-05	0.0018823
495	0.014037	0.98405	2.6785e-05	0.0018834
496	0.013788	0.9843	2.6296e-05	0.0018826
497	0.014933	0.98316	2.846e-05	0.0018792
498	0.017146	0.98095	3.2668e-05	0.0018738
499	0.021603	0.97649	4.1135e-05	0.0018641
500	0.02957	0.96853	5.6255e-05	0.0018478
501	0.040825	0.95727	7.7629e-05	0.0018252
502	0.06013	0.93797	0.00011424	0.0017873
503	0.067837	0.93026	0.00012876	0.0017715
504	0.082051	0.91605	0.00015556	0.0017435
505	0.10242	0.89569	0.000194	0.0017038
506	0.13138	0.86672	0.00024872	0.0016478
507	0.17381	0.82429	0.00032896	0.0015664
508	0.23381	0.76429	0.00044249	0.0014516
509	0.33573	0.66237	0.00063508	0.0012578
510	0.48435	0.51376	0.00091607	0.00097556
511	0.5026	0.49551	0.00095005	0.00094036
512	0.53017	0.46794	0.0010017	0.0008875
513	0.57847	0.41964	0.0010924	0.00079554
514	0.64972	0.34839	0.0012266	0.00066014
515	0.75418	0.24394	0.0014237	0.00046186
516	0.93021	0.067903	0.0017557	0.00012869
517	0.93601	0.062106	0.0017655	0.00011764
518	0.94816	0.049953	0.0017873	9.4611e-05
519	0.96994	0.028177	0.0018272	5.3498e-05
520	0.94987	0.048248	0.001788	9.1479e-05
521	0.93887	0.059255	0.001766	0.00011229
522	0.93242	0.065698	0.0017526	0.00012442
523	0.92962	0.068505	0.0017462	0.00012966
524	0.93005	0.06808	0.0017459	0.00012878
525	0.9335	0.064624	0.0017513	0.00012219
526	0.92006	0.078068	0.0017249	0.00014745
527	0.91353	0.0846	0.0017114	0.00015968
528	0.91062	0.087508	0.0017048	0.00016507
529	0.86736	0.13077	0.0016223	0.00024642
530	0.83837	0.15976	0.0015667	0.00030078
531	0.82255	0.17558	0.001536	0.00033035
532	0.78353	0.2146	0.0014617	0.00040341
533	0.76168	0.23645	0.0014197	0.0004442
534	0.74817	0.24997	0.0013934	0.00046928
535	0.71848	0.27966	0.0013368	0.00052469
536	0.69935	0.29879	0.0013001	0.0005602
537	0.68801	0.31013	0.0012781	0.00058106
538	0.65796	0.34018	0.0012212	0.00063676
539	0.63864	0.3595	0.0011844	0.00067236
540	0.62667	0.37147	0.0011615	0.00069418
541	0.62062	0.37753	0.0011495	0.00070496
542	0.62225	0.3759	0.0011519	0.00070147
543	0.63215	0.36599	0.0011695	0.00068265
544	0.61096	0.38719	0.0011294	0.00072165
545	0.59756	0.40059	0.0011038	0.00074607
546	0.59035	0.4078	0.0010897	0.00075896
547	0.56588	0.43227	0.0010438	0.00080376
548	0.55353	0.44462	0.0010203	0.00082612
549	0.54992	0.44824	0.0010129	0.00083232
550	0.55143	0.44673	0.001015	0.00082902
551	0.55825	0.43991	0.001027	0.00081589
552	0.57481	0.42335	0.0010569	0.00078482
553	0.60113	0.39703	0.0011048	0.00073574
554	0.63965	0.35851	0.0011753	0.00066415
555	0.695	0.30316	0.0012768	0.00056148
556	0.77382	0.22434	0.0014217	0.00041545
557	0.80753	0.19064	0.0014832	0.00035286
558	0.85606	0.14211	0.0015721	0.00026286
559	0.84574	0.15243	0.0015523	0.00028158
560	0.84229	0.15588	0.0015451	0.00028769
561	0.84484	0.15332	0.0015489	0.00028277
562	0.82028	0.17789	0.0015028	0.00032767
563	0.80461	0.19356	0.0014732	0.00035617
564	0.7976	0.20058	0.0014594	0.0003688
565	0.7191	0.27908	0.0013149	0.00051223
566	0.67347	0.32471	0.0012305	0.00059544
567	0.64196	0.35622	0.0011722	0.00065266
568	0.62511	0.37307	0.0011407	0.00068307
569	0.61799	0.38018	0.0011269	0.00069567
570	0.61867	0.37951	0.0011274	0.00069406
571	0.62732	0.37086	0.0011423	0.00067795
572	0.64312	0.35506	0.0011703	0.00064879
573	0.673	0.32518	0.0012238	0.00059414
574	0.66616	0.33202	0.0012104	0.0006063
575	0.66703	0.33116	0.0012111	0.00060444
576	0.67346	0.32472	0.001222	0.00059243
577	0.67073	0.32746	0.0012161	0.00059712
578	0.67293	0.32526	0.0012192	0.00059281
579	0.68033	0.31785	0.0012319	0.00057904
580	0.6974	0.30079	0.0012619	0.00054782
581	0.70126	0.29693	0.001268	0.00054056
582	0.711	0.28719	0.0012847	0.00052266
583	0.70931	0.28888	0.0012808	0.00052544
584	0.71489	0.28331	0.0012899	0.00051511
585	0.72662	0.27157	0.0013103	0.00049362
586	0.7462	0.25199	0.0013448	0.00045794
587	0.77645	0.22175	0.0013986	0.00040298
588	0.78926	0.20894	0.0014209	0.00037956
589	0.77436	0.22384	0.0013931	0.00040622
590	0.76605	0.23216	0.0013773	0.00042093
591	0.76312	0.23508	0.0013713	0.00042589
592	0.76517	0.23304	0.0013742	0.00042185
593	0.77473	0.22348	0.0013907	0.00040429
594	0.79433	0.20387	0.0014252	0.00036867
595	0.82448	0.17373	0.0014787	0.00031403
596	0.86949	0.12872	0.0015591	0.00023255
597	0.93373	0.064481	0.0016742	0.00011636
598	0.96711	0.031099	0.0017334	5.6082e-05
599	0.98463	0.013584	0.0017639	2.451e-05
600	0.98225	0.015967	0.0017585	2.8775e-05
601	0.97378	0.024429	0.0017423	4.3932e-05
602	0.95688	0.041337	0.0017108	7.4243e-05
603	0.94599	0.052223	0.0016903	9.3695e-05
604	0.92411	0.074103	0.00165	0.00013285
605	0.9121	0.086119	0.0016274	0.00015431
606	0.9048	0.093415	0.0016133	0.00016729
607	0.903	0.095219	0.001609	0.00017045
608	0.90483	0.093392	0.0016112	0.0001671
609	0.91023	0.087996	0.0016198	0.00015739
610	0.90877	0.089458	0.0016162	0.00015989
611	0.9121	0.08612	0.0016212	0.00015386
612	0.90898	0.089249	0.0016146	0.00015933
613	0.9107	0.087524	0.0016166	0.00015618
614	0.91622	0.082008	0.0016254	0.00014627
615	0.92632	0.071906	0.0016424	0.0001282
616	0.92897	0.069258	0.0016461	0.00012339
617	0.93498	0.063254	0.0016559	0.0001126
618	0.93607	0.062158	0.0016568	0.00011057
619	0.94017	0.058063	0.0016631	0.0001032
620	0.94974	0.0485	0.0016791	8.6151e-05
621	0.95363	0.044609	0.0016849	7.9201e-05
622	0.94276	0.055481	0.0016647	9.8363e-05
623	0.93607	0.062172	0.0016519	0.0001101
624	0.93415	0.064088	0.0016475	0.00011341
625	0.93647	0.061772	0.0016505	0.00010925
626	0.94225	0.055993	0.0016597	9.8975e-05
627	0.95232	0.045919	0.0016765	8.111e-05
628	0.94888	0.04936	0.0016694	8.7115e-05
629	0.94816	0.050087	0.0016671	8.8322e-05
630	0.95131	0.046936	0.0016717	8.2716e-05
631	0.95923	0.039014	0.0016845	6.8741e-05
632	0.95442	0.043829	0.001675	7.7159e-05
633	0.95239	0.045855	0.0016704	8.0656e-05
634	0.95291	0.045335	0.0016704	7.967e-05
635	0.95734	0.04091	0.0016771	7.1844e-05
636	0.96693	0.031323	0.0016928	5.4994e-05
637	0.97111	0.027146	0.0016991	4.7653e-05
638	0.97851	0.01974	0.001711	3.4658e-05
639	0.98983	0.0084289	0.0017297	1.4822e-05
640	0.9873	0.010961	0.0017242	1.9262e-05
641	0.98103	0.017233	0.0017121	3.0243e-05
642	0.97733	0.020929	0.0017046	3.6694e-05
643	0.96806	0.030202	0.0016873	5.2872e-05
644	0.96254	0.035719	0.0016767	6.2456e-05
645	0.96084	0.037425	0.0016727	6.5397e-05
646	0.95513	0.043137	0.0016617	7.5334e-05
647	0.95256	0.045709	0.0016562	7.9772e-05
648	0.95363	0.04463	0.001657	7.7862e-05
649	0.89673	0.10154	0.0015569	0.00017688
650	0.86376	0.13451	0.0014985	0.0002342
651	0.84197	0.1563	0.0014597	0.00027194
652	0.79097	0.2073	0.0013703	0.00036028
653	0.7618	0.23647	0.0013188	0.00041071
654	0.74296	0.25531	0.0012853	0.00044311
655	0.69714	0.30114	0.0012052	0.00052213
656	0.67127	0.327	0.0011597	0.00056658
657	0.65498	0.34329	0.0011309	0.00059438
658	0.64821	0.35007	0.0011185	0.00060573
659	0.64664	0.35164	0.0011151	0.00060806
660	0.65054	0.34774	0.0011212	0.00060091
661	0.65994	0.33834	0.0011368	0.00058425
662	0.6801	0.31818	0.0011709	0.00054906
663	0.71677	0.28151	0.0012334	0.00048551
664	0.7713	0.22699	0.0013267	0.00039116
665	0.86388	0.1344	0.0014853	0.00023149
666	0.91214	0.086139	0.0015674	0.00014837
667	0.91648	0.081809	0.0015739	0.00014083
668	0.90007	0.098221	0.0015447	0.0001689
669	0.88951	0.10878	0.0015257	0.00018687
670	0.88546	0.11283	0.0015179	0.00019368
671	0.88677	0.11152	0.0015192	0.00019131
672	0.89372	0.10457	0.0015301	0.0001793
673	0.90548	0.092813	0.0015492	0.00015906
674	0.92718	0.071114	0.0015853	0.00012187
675	0.95868	0.039618	0.0016382	6.7929e-05
676	0.9737	0.024599	0.0016629	4.2188e-05
677	0.98003	0.018267	0.0016727	3.1322e-05
678	0.99019	0.0081062	0.0016891	1.3899e-05
679	0.99088	0.0074134	0.0016892	1.2706e-05
680	0.98998	0.0083177	0.0016866	1.4239e-05
681	0.99091	0.0073875	0.0016872	1.2645e-05
682	0.99009	0.008214	0.0016847	1.4048e-05
683	0.99061	0.0076888	0.0016846	1.3141e-05
684	0.99255	0.0057488	0.0016869	9.8211e-06
685	0.99614	0.002161	0.001692	3.6919e-06
686	0.99803	0.00027246	0.0016943	4.6555e-07
687	0.99823	7.8505e-05	0.0016936	1.3401e-07
688	0.99758	0.00072927	0.0016915	1.24e-06
689	0.99641	0.0018933	0.0016886	3.2146e-06
690	0.99391	0.0044025	0.0016834	7.464e-06
691	0.99275	0.0055597	0.0016805	9.4149e-06
692	0.99319	0.0051206	0.0016803	8.6665e-06
693	0.99496	0.0033528	0.0016823	5.6671e-06
694	0.99576	0.0025548	0.0016827	4.3144e-06
695	0.99587	0.0024452	0.001682	4.128e-06
696	0.99543	0.0028865	0.0016802	4.8741e-06
697	0.9938	0.0045151	0.0016765	7.6204e-06
698	0.99375	0.0045718	0.0016754	7.716e-06
699	0.99261	0.00571	0.0016725	9.6312e-06
700	0.99276	0.0055553	0.0016718	9.3618e-06
701	0.99463	0.0036905	0.001674	6.2177e-06
702	0.99538	0.0029421	0.0016743	4.959e-06
703	0.99519	0.0031311	0.001673	5.276e-06
704	0.99607	0.002249	0.0016735	3.7886e-06
705	0.99815	0.00016899	0.0016761	2.8516e-07
706	0.99718	0.0011479	0.0016735	1.931e-06
707	0.99706	0.0012621	0.0016724	2.1214e-06
708	0.9978	0.0005279	0.0016727	8.8635e-07
709	0.91158	0.086751	0.0015272	0.00014547
710	0.86113	0.1372	0.0014417	0.00023003
711	0.82598	0.17235	0.001382	0.00028878
712	0.75785	0.24048	0.001267	0.00040277
713	0.71015	0.28819	0.0011865	0.00048236
714	0.68311	0.31522	0.0011406	0.00052735
715	0.62841	0.36992	0.0010483	0.00061865
716	0.59165	0.40669	0.00098625	0.00067976
717	0.56661	0.43172	0.00094391	0.00072116
718	0.551	0.44734	0.00091737	0.00074676
719	0.54501	0.45333	0.00090687	0.00075632
720	0.54683	0.4515	0.00090934	0.00075289
721	0.53819	0.46015	0.00089435	0.00076691
722	0.53504	0.4633	0.00088856	0.00077174
723	0.53702	0.46132	0.00089132	0.00076803
724	0.54734	0.45101	0.0009079	0.00075048
725	0.56535	0.43299	0.00093728	0.00072015
726	0.59365	0.40469	0.00098375	0.00067273
727	0.63631	0.36203	0.0010541	0.00060145
728	0.70992	0.28843	0.0011756	0.00047897
729	0.8178	0.18055	0.0013541	0.00029958
730	0.87412	0.12423	0.0014467	0.00020605
731	0.88079	0.11756	0.0014569	0.00019489
732	0.89231	0.10604	0.0014751	0.0001757
733	0.91007	0.088281	0.0015037	0.00014618
734	0.94136	0.056991	0.0015545	9.4351e-05
735	0.98621	0.012146	0.0016279	2.0092e-05
736	0.98717	0.011187	0.0016285	1.8484e-05
737	0.99051	0.0078421	0.0016331	1.2944e-05
738	0.99716	0.0011915	0.0016431	1.967e-06
739	0.99674	0.0016138	0.0016415	2.6599e-06
740	0.99586	0.0024962	0.0016391	4.1119e-06
741	0.9962	0.0021599	0.0016386	3.5595e-06
742	0.99362	0.0047344	0.0016334	7.8076e-06
743	0.99243	0.0059272	0.0016304	9.7712e-06
744	0.99248	0.0058814	0.0016295	9.6923e-06
745	0.99121	0.0071505	0.0016265	1.1772e-05
746	0.98797	0.010396	0.0016202	1.7105e-05
747	0.98646	0.011901	0.0016168	1.9567e-05
748	0.98226	0.016107	0.0016089	2.645e-05
749	0.98015	0.018215	0.0016046	2.9881e-05
750	0.98058	0.017791	0.0016043	2.9167e-05
751	0.98299	0.015377	0.0016073	2.5191e-05
752	0.98867	0.0096998	0.0016157	1.5889e-05
753	0.99772	0.00064762	0.0016296	1.0618e-06
754	0.99797	0.00039913	0.001629	6.5391e-07
755	0.99815	0.00021967	0.0016284	3.595e-07
756	0.99833	3.9691e-05	0.0016278	6.4919e-08
757	0.99698	0.0013936	0.0016247	2.2728e-06
758	0.99659	0.0017843	0.0016231	2.9066e-06
759	0.99729	0.0010824	0.0016234	1.763e-06
760	0.99636	0.0020181	0.0016209	3.2888e-06
761	0.99639	0.0019902	0.0016201	3.2423e-06
762	0.99733	0.0010435	0.0016207	1.6995e-06
763	0.99648	0.0018937	0.0016185	3.0787e-06
764	0.99677	0.0016104	0.001618	2.618e-06
765	0.99802	0.0003613	0.0016192	5.8748e-07
766	0.99807	0.00031454	0.0016184	5.1059e-07
767	0.99733	0.0010523	0.0016163	1.7077e-06
768	0.99578	0.0025999	0.0016129	4.214e-06
769	0.99558	0.0028085	0.0016117	4.552e-06
770	0.9964	0.0019807	0.0016121	3.2093e-06
771	0.99671	0.0016755	0.0016117	2.7163e-06
772	0.99647	0.0019161	0.0016105	3.1053e-06
773	0.99552	0.0028703	0.001608	4.6466e-06
774	0.99556	0.0028233	0.0016073	4.566e-06
775	0.99694	0.0014455	0.0016086	2.3397e-06
776	0.99611	0.0022762	0.0016064	3.6804e-06
777	0.99627	0.0021253	0.0016058	3.4335e-06
778	0.99737	0.0010237	0.0016068	1.6516e-06
779	0.99806	0.00033365	0.001607	5.3826e-07
780	0.99788	0.00051375	0.0016059	8.2717e-07
781	0.99765	0.00074082	0.0016047	1.1927e-06
782	0.99817	0.00022335	0.0016047	3.591e-07
783	0.99814	0.00026076	0.0016037	4.1929e-07
784	0.99723	0.0011704	0.0016014	1.8792e-06
785	0.99732	0.0010767	0.0016007	1.7288e-06
786	0.99823	0.00017213	0.0016013	2.7599e-07
787	0.99838	1.5293e-05	0.0016007	2.4561e-08
788	0.99804	0.00036234	0.0015993	5.8139e-07
789	0.99834	6.0443e-05	0.001599	9.698e-08
790	0.99808	0.00031901	0.0015977	5.1252e-07
791	0.99778	0.00062364	0.0015964	1.002e-06
792	0.99724	0.0011643	0.0015947	1.8695e-06
793	0.9961	0.0023023	0.001592	3.6924e-06
794	0.99598	0.0024216	0.001591	3.8816e-06
795	0.99682	0.0015906	0.0015916	2.5492e-06
796	0.99717	0.0012349	0.0015913	1.9814e-06
797	0.99711	0.0012978	0.0015904	2.0831e-06
798	0.99657	0.0018415	0.0015888	2.9545e-06
799	0.99071	0.0076982	0.0015786	1.2324e-05
800	0.97883	0.01958	0.0015589	3.1301e-05
801	0.9542	0.044214	0.0015188	7.0581e-05
802	0.89809	0.10032	0.0014288	0.0001599
803	0.8656	0.13281	0.0013763	0.0002116
804	0.84414	0.15427	0.0013415	0.00024564
805	0.83063	0.16778	0.0013195	0.00026697
806	0.82506	0.17335	0.00131	0.00027569
807	0.82577	0.17265	0.0013105	0.00027447
808	0.83293	0.16549	0.0013211	0.000263
809	0.84853	0.14989	0.0013451	0.00023822
810	0.87285	0.12556	0.001383	0.0001996
811	0.8709	0.12752	0.0013791	0.00020267
812	0.87453	0.12389	0.0013841	0.00019689
813	0.88237	0.11605	0.0013958	0.00018444
814	0.88196	0.11646	0.0013944	0.00018504
815	0.88552	0.1129	0.0013993	0.00017934
816	0.89355	0.10487	0.0014113	0.00016655
817	0.88047	0.11796	0.0013899	0.00018719
818	0.87472	0.1237	0.0013801	0.00019621
819	0.87291	0.12552	0.0013766	0.00019899
820	0.86404	0.13438	0.0013619	0.00021294
821	0.86	0.13843	0.0013548	0.00021923
822	0.85986	0.13856	0.001354	0.00021932
823	0.85058	0.14785	0.0013387	0.00023383
824	0.84797	0.15046	0.001334	0.00023783
825	0.84932	0.14911	0.0013355	0.00023557
826	0.85703	0.1414	0.001347	0.0002233
827	0.87331	0.12512	0.001372	0.00019758
828	0.8976	0.10083	0.0014095	0.00015925
829	0.90717	0.091259	0.0014239	0.00014409
830	0.92222	0.076217	0.001447	0.00012031
831	0.94454	0.053894	0.0014815	8.5043e-05
832	0.95383	0.044606	0.0014955	7.0337e-05
833	0.95759	0.040841	0.0015007	6.4361e-05
834	0.96447	0.033963	0.0015109	5.3481e-05
835	0.97765	0.020789	0.0015309	3.2725e-05
836	0.98335	0.015091	0.0015392	2.3733e-05
837	0.99412	0.0043219	0.0015554	6.7947e-06
838	0.99314	0.005301	0.0015531	8.3233e-06
839	0.99372	0.0047201	0.0015532	7.412e-06
840	0.9931	0.005336	0.0015515	8.3733e-06
841	0.99373	0.0047062	0.0015518	7.3814e-06
842	0.99562	0.0028252	0.001554	4.4305e-06
843	0.99623	0.0022154	0.0015542	3.4705e-06
844	0.9939	0.0045444	0.0015498	7.1064e-06
845	0.99328	0.0051605	0.0015481	8.0693e-06
846	0.9939	0.004544	0.0015483	7.1053e-06
847	0.99329	0.005159	0.0015466	8.061e-06
848	0.9915	0.0069475	0.0015431	1.0851e-05
849	0.99107	0.0073777	0.0015417	1.1518e-05
850	0.99195	0.0065012	0.0015423	1.0146e-05
851	0.99424	0.0042129	0.0015452	6.573e-06
852	0.99821	0.00023776	0.0015507	3.7044e-07
853	0.99838	7.174e-05	0.0015502	1.1174e-07
854	0.99592	0.002534	0.0015457	3.9449e-06
855	0.97883	0.019625	0.0015184	3.0507e-05
856	0.96724	0.031215	0.0014997	4.8479e-05
857	0.96126	0.037196	0.0014897	5.7746e-05
858	0.95815	0.040299	0.0014842	6.2531e-05
859	0.95857	0.039882	0.0014841	6.1866e-05
860	0.96147	0.03699	0.0014879	5.7358e-05
861	0.96718	0.031273	0.0014961	4.847e-05
862	0.97837	0.02009	0.0015127	3.1143e-05
863	0.99545	0.0030082	0.0015384	4.6788e-06
864	0.99547	0.0029922	0.0015378	4.6533e-06
865	0.99048	0.0079733	0.0015294	1.2369e-05
866	0.98769	0.010771	0.0015243	1.6692e-05
867	0.98667	0.011788	0.0015221	1.8254e-05
868	0.98729	0.011171	0.0015224	1.7285e-05
869	0.99022	0.0082399	0.0015263	1.2749e-05
870	0.99138	0.0070853	0.0015274	1.0966e-05
871	0.99125	0.007212	0.0015265	1.1166e-05
872	0.98932	0.0091396	0.0015228	1.4146e-05
873	0.98888	0.0095868	0.0015214	1.4835e-05
874	0.98986	0.0086075	0.0015223	1.332e-05
875	0.98946	0.0090031	0.001521	1.3933e-05
876	0.99056	0.0079067	0.001522	1.2242e-05
877	0.99331	0.0051605	0.0015256	8.0078e-06
878	0.99421	0.0042555	0.0015263	6.613e-06
879	0.98222	0.016252	0.0015071	2.5161e-05
880	0.97578	0.022688	0.0014965	3.5118e-05
881	0.97225	0.026219	0.0014904	4.0571e-05
882	0.97112	0.027351	0.0014881	4.2318e-05
883	0.97206	0.026406	0.0014889	4.0862e-05
884	0.96936	0.029114	0.0014841	4.5024e-05
885	0.96886	0.029611	0.0014828	4.5776e-05
886	0.95011	0.048367	0.0014534	7.4589e-05
887	0.90731	0.09116	0.0013871	0.00014024
888	0.81342	0.18506	0.0012427	0.00028408
889	0.60012	0.39835	0.00091589	0.00061038
890	0.45392	0.54455	0.00069218	0.00083354
891	0.35378	0.64469	0.00053916	0.00098601
892	0.29504	0.70343	0.00044929	0.0010753
893	0.25514	0.74333	0.00038832	0.0011358
894	0.22737	0.7711	0.00034592	0.0011776
895	0.17116	0.82732	0.00026017	0.0012628
896	0.13143	0.86705	0.00019965	0.0013228
897	0.10837	0.89011	0.00016448	0.0013574
898	0.095431	0.90305	0.00014471	0.0013766
899	0.087255	0.91122	0.00013222	0.0013886
900	0.082358	0.91612	0.00012473	0.0013955
901	0.080151	0.91833	0.00012135	0.0013983
902	0.081848	0.91663	0.00012388	0.0013952
903	0.087848	0.91063	0.00013292	0.0013856
904	0.072396	0.92609	0.00010943	0.0014085
905	0.062153	0.93633	9.387e-05	0.0014235
906	0.057009	0.94147	8.6033e-05	0.0014308
907	0.054205	0.94428	8.1754e-05	0.0014345
908	0.054623	0.94386	8.2341e-05	0.0014334
909	0.057253	0.94123	8.6284e-05	0.0014289
910	0.062195	0.93629	9.3731e-05	0.0014209
911	0.070394	0.92809	0.00010611	0.0014079
912	0.08303	0.91546	0.00012522	0.0013883
913	0.075894	0.92259	0.00011444	0.0013985
914	0.071707	0.92678	0.00010812	0.0014043
915	0.071366	0.92712	0.0001076	0.0014042
916	0.074773	0.92372	0.00011272	0.0013985
917	0.08095	0.91754	0.00012205	0.0013887
918	0.09302	0.90547	0.00014026	0.0013699
919	0.09552	0.90297	0.00014401	0.0013656
920	0.10129	0.8972	0.00015272	0.0013563
921	0.11318	0.88531	0.00017066	0.0013378
922	0.13069	0.8678	0.0001971	0.0013108
923	0.16135	0.83715	0.00024336	0.001264
924	0.21342	0.78507	0.00032186	0.0011849
925	0.23895	0.75954	0.00036021	0.001146
926	0.27699	0.7215	0.00041744	0.0010881
927	0.34179	0.65671	0.00051487	0.00099012
928	0.45117	0.54733	0.00067917	0.00082522
929	0.61079	0.38771	0.00091915	0.00058463
930	0.67716	0.32134	0.0010188	0.00048443
931	0.79045	0.20805	0.0011888	0.00031383
932	0.8418	0.15669	0.0012656	0.00023639
933	0.91497	0.083528	0.0013754	0.00012608
934	0.9236	0.074896	0.0013878	0.00011301
935	0.93776	0.060738	0.0014087	9.1606e-05
936	0.96293	0.035572	0.0014461	5.366e-05
937	0.96541	0.03309	0.0014492	4.9908e-05
938	0.96403	0.034473	0.0014466	5.1962e-05
939	0.96588	0.032623	0.0014488	4.9166e-05
940	0.96457	0.033937	0.0014462	5.1136e-05
941	0.96568	0.032821	0.0014473	4.9446e-05
942	0.96919	0.029317	0.001452	4.4162e-05
943	0.96873	0.029775	0.0014508	4.4826e-05
944	0.96495	0.033558	0.0014445	5.049e-05
945	0.96455	0.033952	0.0014433	5.1076e-05
946	0.96643	0.032075	0.0014456	4.8247e-05
947	0.96446	0.034048	0.0014421	5.1185e-05
948	0.96494	0.033568	0.0014422	5.0438e-05
949	0.96775	0.030761	0.0014459	4.6196e-05
950	0.97465	0.023855	0.0014557	3.5828e-05
951	0.98535	0.013158	0.0014712	1.9773e-05
952	0.98991	0.0086034	0.0014775	1.2929e-05
953	0.99735	0.0011639	0.0014881	1.7556e-06
954	0.99709	0.0014245	0.0014872	2.1447e-06
955	0.99301	0.0054981	0.0014806	8.2426e-06
956	0.9908	0.0077097	0.0014767	1.1547e-05
957	0.99013	0.0083774	0.0014753	1.254e-05
958	0.95851	0.040005	0.0014275	5.9801e-05
959	0.88718	0.11133	0.0013206	0.00016621
960	0.8371	0.16141	0.0012455	0.00024078
961	0.80225	0.19627	0.0011932	0.00029257
962	0.78292	0.21559	0.001164	0.00032125
963	0.77363	0.22488	0.0011498	0.00033499
964	0.77165	0.22687	0.0011464	0.00033787
965	0.77459	0.22393	0.0011503	0.00033342
966	0.78286	0.21565	0.0011622	0.000321
967	0.79767	0.20084	0.0011839	0.00029886
968	0.82536	0.17316	0.0012246	0.00025764
969	0.86549	0.13303	0.0012838	0.0001979
970	0.9229	0.075624	0.0013688	0.00011244
