#coord	neutral	conserved	gBGC.neutral	gBGC.conserved
1	0.75429	0.21031	0.027676	0.0077223
2	0.76185	0.20273	0.027977	0.0074493
3	0.77499	0.18955	0.028485	0.0069694
4	0.79989	0.16462	0.029426	0.0060566
5	0.84363	0.12086	0.031061	0.0044502
6	0.91801	0.04645	0.033824	0.0017152
7	0.92769	0.036738	0.034209	0.0013584
8	0.94232	0.022084	0.034778	0.00081773
9	0.96365	0.00072638	0.035597	2.7032e-05
10	0.96359	0.00075826	0.035625	2.824e-05
11	0.96326	0.0010564	0.035642	3.9352e-05
12	0.96368	0.00060709	0.035688	2.2713e-05
13	0.96293	0.0013322	0.03569	4.9829e-05
14	0.96301	0.0012205	0.035724	4.5806e-05
15	0.9639	0.0002964	0.035788	1.1489e-05
16	0.96386	0.00030808	0.035817	1.2474e-05
17	0.96382	0.0003222	0.035845	1.424e-05
18	0.96375	0.00035862	0.035871	1.8427e-05
19	0.96251	0.0015752	0.035835	8.451e-05
20	0.96237	0.0016817	0.035849	0.00010103
21	0.96162	0.0024375	0.035816	0.00012295
22	0.95996	0.004115	0.035746	0.00018252
23	0.95951	0.0045681	0.035723	0.00019486
24	0.95743	0.0066661	0.035636	0.00027113
25	0.9567	0.007401	0.035601	0.00029566
26	0.95733	0.0067797	0.035618	0.00026833
27	0.95986	0.0042636	0.035708	0.00016799
28	0.96105	0.0030816	0.035745	0.00012067
29	0.96349	0.00065229	0.03583	2.5485e-05
30	0.96277	0.0013885	0.035793	5.2776e-05
31	0.96144	0.0027218	0.035732	0.00010259
32	0.96113	0.0030426	0.03571	0.00011452
33	0.9618	0.0023894	0.035725	9.0052e-05
34	0.96158	0.0026132	0.035707	9.8429e-05
35	0.9572	0.0070095	0.035532	0.00026284
36	0.95467	0.0095446	0.035428	0.00035752
37	0.93542	0.028804	0.034698	0.0010777
38	0.92277	0.04146	0.034216	0.00155
39	0.91458	0.049659	0.033902	0.0018554
40	0.90987	0.054387	0.033717	0.0020309
41	0.90827	0.055989	0.033649	0.0020897
42	0.90936	0.054913	0.033681	0.0020487
43	0.90503	0.059245	0.033513	0.0022082
44	0.89438	0.069912	0.033109	0.0026031
45	0.88795	0.076347	0.032863	0.0028404
46	0.88498	0.079323	0.032746	0.002949
47	0.8508	0.11352	0.031472	0.0042135
48	0.83135	0.13298	0.030744	0.0049331
49	0.78494	0.17939	0.02902	0.0066484
50	0.68189	0.28245	0.025209	0.010451
51	0.62108	0.34327	0.022956	0.012696
52	0.57859	0.38577	0.021382	0.014261
53	0.54931	0.41506	0.020299	0.015336
54	0.53366	0.43071	0.019718	0.015909
55	0.49746	0.46692	0.018381	0.017237
56	0.47737	0.48702	0.017637	0.017974
57	0.46532	0.49908	0.01719	0.018412
58	0.4374	0.52701	0.016159	0.019436
59	0.38066	0.58376	0.014063	0.021523
60	0.34769	0.61673	0.012844	0.022734
61	0.32517	0.63926	0.012011	0.023559
62	0.31038	0.65406	0.011465	0.024097
63	0.30433	0.66012	0.01124	0.024314
64	0.30519	0.65927	0.011269	0.024277
65	0.31319	0.65127	0.011561	0.023977
66	0.32759	0.63688	0.01209	0.02344
67	0.35472	0.60976	0.013086	0.022436
68	0.39536	0.56913	0.014582	0.020932
69	0.39472	0.56978	0.014555	0.020952
70	0.38398	0.58052	0.014155	0.021343
71	0.38122	0.58329	0.014049	0.021442
72	0.38569	0.57883	0.014209	0.021275
73	0.39548	0.56905	0.014564	0.020911
74	0.41597	0.54856	0.015311	0.020157
75	0.44744	0.5171	0.016462	0.018998
76	0.45782	0.50673	0.016839	0.018613
77	0.47934	0.48521	0.017625	0.01782
78	0.51233	0.45223	0.018832	0.016605
79	0.50839	0.45618	0.018683	0.016747
80	0.50941	0.45517	0.018716	0.016706
81	0.51552	0.44906	0.018937	0.016478
82	0.52745	0.43714	0.019373	0.016035
83	0.55133	0.41327	0.020247	0.015154
84	0.58643	0.37818	0.021534	0.01386
85	0.60302	0.3616	0.022139	0.013247
86	0.63397	0.33065	0.02327	0.01211
87	0.68762	0.27701	0.02523	0.010142
88	0.76403	0.20061	0.028026	0.0073388
89	0.80361	0.16103	0.02947	0.0058883
90	0.87118	0.093474	0.031934	0.0034173
91	0.88007	0.084589	0.032251	0.0030925
92	0.88151	0.083152	0.032297	0.0030396
93	0.87776	0.086911	0.032152	0.0031773
94	0.87727	0.087412	0.032127	0.0031953
95	0.87997	0.084715	0.03222	0.0030958
96	0.88805	0.076637	0.032509	0.0028
97	0.90095	0.063753	0.032974	0.002328
98	0.92404	0.040663	0.033811	0.0014839
99	0.9637	0.0010142	0.035251	3.7148e-05
100	0.95043	0.014292	0.034756	0.00052536
101	0.94316	0.021568	0.034481	0.00079326
102	0.93982	0.024908	0.034351	0.00091666
103	0.93879	0.025953	0.034305	0.00095549
104	0.94057	0.024175	0.034363	0.00089109
105	0.94478	0.019978	0.034509	0.00073793
106	0.93987	0.024887	0.034322	0.00091916
107	0.92818	0.036582	0.033884	0.0013499
108	0.92066	0.044113	0.033601	0.0016268
109	0.91763	0.047149	0.033483	0.0017389
110	0.90805	0.056731	0.033124	0.0020912
111	0.88475	0.08004	0.032262	0.002947
112	0.71552	0.24927	0.026052	0.0091514
113	0.59967	0.36513	0.021807	0.013391
114	0.51789	0.44692	0.018814	0.016378
115	0.46034	0.50447	0.016711	0.018475
116	0.42728	0.53754	0.0155	0.01968
117	0.4093	0.55553	0.014839	0.020336
118	0.39877	0.56606	0.014452	0.020718
119	0.39635	0.56848	0.014359	0.020805
120	0.40136	0.56349	0.014536	0.020622
121	0.41181	0.55303	0.014911	0.020241
122	0.40994	0.55492	0.014839	0.020308
123	0.41287	0.55199	0.014942	0.020199
124	0.40634	0.55852	0.0147	0.020436
125	0.40481	0.56006	0.014641	0.02049
126	0.40807	0.5568	0.014757	0.020369
127	0.3991	0.56578	0.014429	0.020692
128	0.37629	0.58859	0.013596	0.02152
129	0.36475	0.60014	0.013173	0.021938
130	0.3354	0.62949	0.012103	0.023003
131	0.31629	0.64861	0.011407	0.023694
132	0.26853	0.69637	0.0096724	0.025424
133	0.23509	0.72982	0.0084597	0.026632
134	0.21617	0.74875	0.007772	0.027315
135	0.20429	0.76063	0.0073408	0.027742
136	0.17238	0.79255	0.0061859	0.028892
137	0.1543	0.81063	0.0055305	0.029543
138	0.14272	0.82221	0.005111	0.029958
139	0.13596	0.82897	0.0048667	0.030198
140	0.13307	0.83187	0.0047622	0.030298
141	0.13361	0.83133	0.0047822	0.030274
142	0.13767	0.82727	0.0049299	0.030123
143	0.14584	0.81911	0.0052265	0.029822
144	0.15851	0.80644	0.0056874	0.029357
145	0.18119	0.78377	0.0065097	0.028531
146	0.1884	0.77656	0.006772	0.028265
147	0.20045	0.76451	0.0072107	0.027823
148	0.2231	0.74187	0.0080329	0.026997
149	0.25582	0.70915	0.0092224	0.025804
150	0.27057	0.6944	0.0097574	0.025265
151	0.27457	0.69041	0.0099018	0.025117
152	0.28334	0.68165	0.01022	0.024796
153	0.30158	0.66341	0.01088	0.024132
154	0.30591	0.65908	0.011037	0.023972
155	0.31837	0.64662	0.011487	0.023518
156	0.3386	0.6264	0.012221	0.022781
157	0.3695	0.5955	0.013343	0.021656
158	0.4233	0.54171	0.015295	0.019701
159	0.50228	0.46273	0.018164	0.016828
160	0.54209	0.42292	0.019608	0.015382
161	0.55754	0.40747	0.020168	0.014819
162	0.5404	0.42462	0.019547	0.015436
163	0.53007	0.43495	0.019174	0.015807
164	0.52787	0.43715	0.019094	0.015883
165	0.53319	0.43184	0.019287	0.015688
166	0.54749	0.41754	0.019804	0.015168
167	0.57062	0.39441	0.020643	0.014326
168	0.58007	0.38497	0.020984	0.013983
169	0.55246	0.41257	0.019984	0.01498
170	0.49616	0.46888	0.017943	0.017018
171	0.38746	0.57758	0.014001	0.020958
172	0.3131	0.65194	0.011308	0.023648
173	0.26932	0.69572	0.0097198	0.025233
174	0.24408	0.72097	0.0088027	0.026148
175	0.22768	0.73737	0.0082074	0.02674
176	0.19274	0.77232	0.0069387	0.028006
177	0.16922	0.79583	0.0060863	0.028856
178	0.15376	0.8113	0.0055265	0.029414
179	0.14412	0.82094	0.0051779	0.02976
180	0.13855	0.82652	0.0049768	0.029959
181	0.13813	0.82694	0.0049611	0.029972
182	0.14275	0.82232	0.0051266	0.029805
183	0.15166	0.81341	0.0054472	0.029482
184	0.16899	0.79608	0.0060706	0.028857
185	0.16016	0.80491	0.0057509	0.029174
186	0.15575	0.80932	0.0055916	0.029332
187	0.15672	0.80836	0.0056255	0.029296
188	0.16114	0.80394	0.0057847	0.029135
189	0.17221	0.79287	0.0061827	0.028735
190	0.17274	0.79235	0.0062011	0.028715
191	0.16537	0.79971	0.0059342	0.02898
192	0.16188	0.80321	0.0058075	0.029105
193	0.16184	0.80325	0.0058058	0.029105
194	0.16736	0.79773	0.0060041	0.028905
195	0.18001	0.78508	0.0064583	0.028449
196	0.18325	0.78184	0.0065729	0.028333
197	0.19048	0.77461	0.0068319	0.028072
198	0.20258	0.76252	0.0072666	0.027636
199	0.22099	0.7441	0.0079297	0.026972
200	0.25382	0.71128	0.0091101	0.02579
201	0.30226	0.66284	0.010855	0.024043
202	0.32238	0.64272	0.011581	0.023316
203	0.35309	0.61201	0.012691	0.022206
204	0.39729	0.56782	0.01429	0.020606
205	0.4624	0.50271	0.016649	0.018245
206	0.55472	0.41038	0.02	0.014894
207	0.71035	0.25475	0.025639	0.0092536
208	0.93744	0.027668	0.033881	0.001011
209	0.93926	0.02585	0.033946	0.00094544
210	0.92862	0.036491	0.033558	0.0013331
211	0.69606	0.26905	0.025075	0.0098154
212	0.53142	0.43369	0.019078	0.015812
213	0.41491	0.5502	0.014839	0.02005
214	0.33254	0.63257	0.011847	0.023042
215	0.28395	0.68116	0.010079	0.02481
216	0.24995	0.71516	0.0088428	0.026046
217	0.22644	0.73867	0.0079886	0.0269
218	0.21383	0.75128	0.0075281	0.02736
219	0.20677	0.75834	0.0072687	0.02762
220	0.18508	0.78003	0.0064815	0.028407
221	0.13448	0.83064	0.0046505	0.030238
222	0.1046	0.86051	0.003567	0.031322
223	0.083581	0.88153	0.0028048	0.032084
224	0.071575	0.89354	0.0023666	0.032522
225	0.063493	0.90162	0.0020697	0.03282
226	0.058365	0.90675	0.0018781	0.033012
227	0.056866	0.90824	0.0018128	0.033077
228	0.058515	0.90659	0.0018537	0.033037
229	0.055096	0.91001	0.0017193	0.033172
230	0.053946	0.91116	0.0016631	0.033228
231	0.054687	0.91042	0.0016697	0.033222
232	0.058778	0.90633	0.0017835	0.033109
233	0.065804	0.8993	0.0019883	0.032905
234	0.076353	0.88875	0.0023008	0.032593
235	0.092259	0.87285	0.0027762	0.032118
236	0.11964	0.84547	0.0035975	0.031298
237	0.15972	0.80538	0.0048029	0.030093
238	0.22738	0.73773	0.0068364	0.028061
239	0.32604	0.63906	0.0098066	0.025091
240	0.33799	0.62711	0.010137	0.024763
241	0.36122	0.60388	0.010813	0.024087
242	0.39638	0.56872	0.011852	0.02305
243	0.44681	0.51828	0.013351	0.021551
244	0.46721	0.49788	0.013935	0.020969
245	0.50419	0.46091	0.015021	0.019884
246	0.55907	0.40602	0.016647	0.018259
247	0.58659	0.3785	0.01744	0.017467
248	0.62806	0.33703	0.018656	0.016253
249	0.62588	0.33927	0.018663	0.016191
250	0.61255	0.35265	0.01828	0.016519
251	0.60575	0.35951	0.018115	0.016629
252	0.60403	0.36128	0.018129	0.01656
253	0.60973	0.35563	0.018427	0.016208
254	0.62169	0.34373	0.018982	0.015599
255	0.64162	0.32385	0.019878	0.014648
256	0.64729	0.31823	0.020159	0.014313
257	0.65914	0.30645	0.020694	0.013724
258	0.67885	0.28679	0.021562	0.012802
259	0.68399	0.2817	0.02181	0.012501
260	0.69451	0.27123	0.022276	0.011981
261	0.71568	0.25011	0.02319	0.011015
262	0.74807	0.21778	0.024583	0.0095677
263	0.79632	0.16959	0.026662	0.0074359
264	0.8783	0.087653	0.030197	0.0038486
265	0.88863	0.077374	0.03061	0.0033829
266	0.89237	0.07369	0.030742	0.0031979
267	0.89968	0.066433	0.031019	0.0028685
268	0.89058	0.075586	0.030664	0.0031711
269	0.88544	0.080781	0.030452	0.0033316
270	0.88363	0.082642	0.030361	0.0033706
271	0.88519	0.081131	0.030396	0.0032841
272	0.86235	0.10402	0.029568	0.0040612
273	0.84993	0.11649	0.029101	0.004477
274	0.8425	0.12398	0.02881	0.0047173
275	0.84097	0.12555	0.028726	0.0047496
276	0.8449	0.12167	0.028839	0.0045858
277	0.85341	0.11321	0.029119	0.0042549
278	0.84267	0.124	0.028711	0.0046125
279	0.83663	0.1301	0.028466	0.0048062
280	0.83625	0.13052	0.02842	0.0048015
281	0.83993	0.1269	0.028518	0.004653
282	0.84819	0.11869	0.02878	0.0043409
283	0.84833	0.1186	0.028752	0.0043191
284	0.84193	0.12505	0.028495	0.0045259
285	0.83948	0.12755	0.028376	0.0045952
286	0.84249	0.12459	0.028446	0.0044748
287	0.85181	0.11532	0.028738	0.0041334
288	0.87007	0.097113	0.029343	0.0034777
289	0.84984	0.11739	0.028611	0.0041597
290	0.83651	0.13077	0.028116	0.0046048
291	0.82886	0.13846	0.027817	0.0048547
292	0.82547	0.14191	0.027663	0.0049592
293	0.82776	0.13967	0.027703	0.0048699
294	0.8345	0.13297	0.027896	0.0046279
295	0.84666	0.12086	0.028275	0.0041999
296	0.84953	0.11805	0.028334	0.0040923
297	0.85633	0.1113	0.028527	0.00385
298	0.87061	0.097063	0.028976	0.0033531
299	0.89197	0.075753	0.029666	0.0026141
300	0.924	0.043763	0.030723	0.0015097
301	0.91816	0.049656	0.030482	0.0017021
302	0.91657	0.051294	0.030385	0.001752
303	0.91778	0.050128	0.030382	0.0017074
304	0.91502	0.05294	0.030245	0.0017967
305	0.91514	0.052863	0.030205	0.0017891
306	0.91921	0.048848	0.030296	0.0016502
307	0.91818	0.049921	0.030218	0.0016814
308	0.91972	0.048427	0.030225	0.0016271
309	0.92544	0.042754	0.030371	0.0014342
310	0.92592	0.042324	0.030342	0.0014161
311	0.92183	0.046457	0.030163	0.0015483
312	0.92153	0.046808	0.030108	0.0015561
313	0.916	0.052386	0.029883	0.0017352
314	0.91472	0.053711	0.029797	0.0017748
315	0.91629	0.052181	0.029805	0.0017206
316	0.92095	0.047574	0.029914	0.0015654
317	0.93097	0.037594	0.030198	0.0012349
318	0.94606	0.022556	0.030648	0.00073904
319	0.94089	0.027773	0.030435	0.00090624
320	0.93842	0.030283	0.03031	0.00098515
321	0.93901	0.029739	0.030284	0.00096531
322	0.92417	0.044623	0.029762	0.0014417
323	0.91638	0.052465	0.029467	0.0016911
324	0.89692	0.071971	0.0288	0.0023128
325	0.88649	0.082439	0.028423	0.0026441
326	0.88214	0.086839	0.028241	0.0027808
327	0.88254	0.086485	0.028211	0.0027655
328	0.85351	0.11556	0.027243	0.0036886
329	0.83442	0.1347	0.026595	0.0042913
330	0.822	0.14716	0.026162	0.0046795
331	0.81697	0.15223	0.025963	0.004833
332	0.81788	0.15137	0.025953	0.004798
333	0.82488	0.14441	0.026135	0.0045706
334	0.83747	0.13186	0.026495	0.0041664
335	0.86102	0.10836	0.027198	0.0034182
336	0.90186	0.067565	0.028442	0.002129
337	0.92028	0.049194	0.028977	0.0015493
338	0.91989	0.049633	0.02892	0.0015611
339	0.92326	0.046302	0.028982	0.0014548
340	0.92185	0.047758	0.028893	0.0014987
341	0.92407	0.045578	0.028919	0.0014288
342	0.92911	0.040588	0.029032	0.001271
343	0.93025	0.039491	0.029023	0.0012355
344	0.93411	0.035676	0.029099	0.001115
345	0.94263	0.027196	0.029319	0.00085021
346	0.94053	0.029341	0.029209	0.00091668
347	0.93319	0.036731	0.028935	0.0011464
348	0.92897	0.04099	0.028759	0.0012776
349	0.92738	0.04263	0.028666	0.0013269
350	0.92925	0.040804	0.02868	0.001269
351	0.93376	0.03633	0.028776	0.0011292
352	0.93372	0.036419	0.028732	0.0011306
353	0.93598	0.034198	0.028759	0.0010604
354	0.94212	0.028102	0.028904	0.00087148
355	0.9373	0.032968	0.028712	0.0010204
356	0.93522	0.035085	0.028606	0.0010841
357	0.9356	0.034756	0.028575	0.0010724
358	0.93163	0.038767	0.028411	0.0011934
359	0.91947	0.050964	0.027999	0.0015637
360	0.91175	0.058729	0.027723	0.0017976
361	0.90889	0.061635	0.027595	0.0018832
362	0.90909	0.061475	0.027562	0.0018751
363	0.91238	0.058227	0.027622	0.0017728
364	0.92065	0.05	0.027834	0.0015201
365	0.93349	0.037195	0.028184	0.0011286
366	0.95635	0.014382	0.028835	0.00043577
367	0.95494	0.015828	0.02875	0.00047867
368	0.95522	0.015592	0.028717	0.00047062
369	0.95794	0.012915	0.028757	0.00038936
370	0.95863	0.012268	0.028735	0.00036948
371	0.96107	0.0098697	0.028767	0.00029697
372	0.96176	0.0092217	0.028745	0.00027703
373	0.96404	0.0069747	0.028773	0.00020916
374	0.969	0.0020611	0.028879	6.1937e-05
375	0.96752	0.0035771	0.028793	0.00010714
376	0.96721	0.0039281	0.028742	0.00011744
377	0.96802	0.0031646	0.028725	9.4478e-05
378	0.96778	0.0034373	0.028677	0.00010249
379	0.96639	0.0048712	0.028594	0.00014492
380	0.95541	0.015894	0.028227	0.00047196
381	0.94819	0.023151	0.027973	0.00068618
382	0.93408	0.037302	0.027515	0.0011042
383	0.92665	0.044775	0.027255	0.0013241
384	0.92271	0.048748	0.027099	0.0014397
385	0.92266	0.048843	0.027058	0.0014412
386	0.92519	0.046349	0.027093	0.0013664
387	0.93061	0.040967	0.027213	0.0012069
388	0.93109	0.040528	0.027188	0.0011925
389	0.92725	0.044404	0.027037	0.0013041
390	0.91602	0.055678	0.026672	0.0016311
391	0.8417	0.13004	0.024466	0.0037975
392	0.78949	0.18228	0.022913	0.0053118
393	0.75952	0.2123	0.022009	0.0061774
394	0.73926	0.23259	0.02139	0.0067571
395	0.72937	0.24252	0.021073	0.0070358
396	0.72509	0.24684	0.020919	0.0071509
397	0.72759	0.24438	0.020961	0.0070705
398	0.73491	0.2371	0.021143	0.0068508
399	0.73213	0.23992	0.021033	0.0069219
400	0.73384	0.23824	0.021054	0.006863
401	0.74027	0.23186	0.021211	0.0066686
402	0.75531	0.21685	0.021614	0.0062277
403	0.76026	0.21193	0.021726	0.0060779
404	0.77078	0.20146	0.021997	0.0057688
405	0.79172	0.18055	0.022565	0.0051631
406	0.82872	0.14359	0.023588	0.0041023
407	0.88172	0.090627	0.025066	0.0025868
408	0.95958	0.012808	0.027251	0.00036469
409	0.97192	0.00049754	0.027564	1.4166e-05
410	0.97017	0.0022887	0.027476	6.4863e-05
411	0.96948	0.0030128	0.027418	8.5176e-05
412	0.96788	0.0046553	0.027335	0.00013142
413	0.96782	0.0047482	0.027295	0.00013391
414	0.96929	0.0033168	0.027298	9.3566e-05
415	0.96729	0.0053579	0.027204	0.000151
416	0.96665	0.006029	0.027148	0.00016965
417	0.96764	0.0050769	0.027138	0.00014278
418	0.96683	0.0059299	0.027078	0.00016653
419	0.96467	0.0081178	0.02698	0.00022774
420	0.96397	0.0088559	0.026923	0.00024812
421	0.96463	0.0082327	0.026904	0.00023032
422	0.96683	0.0060682	0.026929	0.00016945
423	0.96732	0.0056173	0.026906	0.00015644
424	0.96676	0.0062171	0.026854	0.00017277
425	0.96784	0.0051719	0.026847	0.00014349
426	0.97083	0.0022126	0.026893	6.1365e-05
427	0.97219	0.00089179	0.026894	2.471e-05
428	0.97198	0.0011374	0.026851	3.1508e-05
429	0.97254	0.00061573	0.026829	1.7071e-05
430	0.96937	0.0038228	0.026705	0.00010592
431	0.96247	0.010758	0.026477	0.00029741
432	0.95817	0.015095	0.026323	0.00041657
433	0.95608	0.017219	0.02623	0.00047434
434	0.95647	0.016862	0.026204	0.00046404
435	0.95944	0.013925	0.02625	0.00038322
436	0.95954	0.013866	0.026217	0.00038127
437	0.9492	0.024241	0.025898	0.00066505
438	0.94388	0.029589	0.025717	0.00081083
439	0.94116	0.032344	0.025607	0.00088516
440	0.94165	0.031894	0.025585	0.00087214
441	0.94547	0.02811	0.025654	0.00076875
442	0.92202	0.051592	0.024976	0.0014109
443	0.90603	0.067614	0.024506	0.0018468
444	0.89599	0.077689	0.024199	0.002119
445	0.8749	0.098812	0.023593	0.0026901
446	0.86085	0.1129	0.02318	0.0030683
447	0.85426	0.11953	0.02297	0.0032442
448	0.83526	0.13856	0.022426	0.0037543
449	0.82567	0.14818	0.022136	0.0040097
450	0.8211	0.15279	0.021983	0.0041289
451	0.82088	0.15305	0.021947	0.0041305
452	0.82497	0.14898	0.022028	0.0040158
453	0.83354	0.14045	0.022229	0.0037811
454	0.84817	0.12586	0.022593	0.0033842
455	0.87095	0.10311	0.023175	0.0027687
456	0.91052	0.063575	0.024204	0.0017063
457	0.79823	0.17589	0.021189	0.0046882
458	0.72157	0.25258	0.01913	0.0067138
459	0.66775	0.30644	0.017683	0.0081279
460	0.56309	0.41114	0.014895	0.010884
461	0.50182	0.47244	0.013257	0.012489
462	0.46623	0.50806	0.012299	0.013414
463	0.38059	0.59373	0.010026	0.015654
464	0.33054	0.64381	0.008694	0.016953
465	0.29557	0.67882	0.0077635	0.017851
466	0.27591	0.69851	0.0072366	0.018345
467	0.26317	0.71128	0.0068933	0.018656
468	0.25829	0.7162	0.006756	0.018761
469	0.25992	0.7146	0.0067889	0.018695
470	0.25054	0.72401	0.0065347	0.018917
471	0.24829	0.72629	0.0064666	0.018953
472	0.23537	0.73924	0.0061202	0.019267
473	0.22822	0.74643	0.0059251	0.01943
474	0.22538	0.7493	0.0058433	0.019479
475	0.17771	0.79699	0.0045968	0.020694
476	0.14413	0.83061	0.0037202	0.021538
477	0.12059	0.85419	0.0031067	0.02212
478	0.10743	0.86738	0.0027622	0.022432
479	0.099176	0.87566	0.0025458	0.022617
480	0.077057	0.89781	0.0019738	0.023157
481	0.061525	0.91338	0.0015731	0.023526
482	0.050715	0.92422	0.0012947	0.023773
483	0.043327	0.93164	0.0011048	0.023932
484	0.038716	0.93628	0.00098636	0.024019
485	0.037061	0.93796	0.00094332	0.024031
486	0.037118	0.93794	0.0009442	0.023999
487	0.032864	0.94222	0.00083513	0.024077
488	0.03131	0.94381	0.00079471	0.024086
489	0.031137	0.94401	0.00078964	0.02406
490	0.0268	0.94838	0.00067874	0.02414
491	0.024255	0.95096	0.00061367	0.024174
492	0.022986	0.95226	0.00058119	0.024176
493	0.017685	0.95759	0.00044674	0.024279
494	0.014855	0.96045	0.00037477	0.02432
495	0.013717	0.96162	0.00034552	0.024319
496	0.013474	0.96189	0.00033902	0.024295
497	0.014593	0.9608	0.0003667	0.024236
498	0.016757	0.95867	0.0004207	0.024152
499	0.021113	0.95434	0.00052944	0.024012
500	0.0289	0.94659	0.00072357	0.023788
501	0.039902	0.93562	0.00099795	0.023483
502	0.058771	0.91678	0.0014676	0.022983
503	0.066307	0.90927	0.001653	0.022767
504	0.080202	0.89541	0.0019957	0.022394
505	0.10011	0.87553	0.0024873	0.021872
506	0.12843	0.84724	0.003187	0.021142
507	0.16991	0.80579	0.0042132	0.020085
508	0.22857	0.74716	0.0056648	0.018604
509	0.32822	0.64755	0.0081261	0.016112
510	0.47352	0.50227	0.011716	0.012492
511	0.49138	0.48444	0.012144	0.012035
512	0.51834	0.45751	0.012798	0.011352
513	0.56558	0.4103	0.01395	0.01017
514	0.63527	0.34064	0.015655	0.0084346
515	0.73742	0.23852	0.018163	0.0058976
516	0.90957	0.066397	0.022388	0.0016431
517	0.91527	0.06073	0.022501	0.0015012
518	0.92718	0.048848	0.022766	0.0012069
519	0.9485	0.027554	0.023261	0.00068269
520	0.9289	0.047183	0.022748	0.0011664
521	0.91817	0.057948	0.022454	0.001431
522	0.91189	0.064252	0.022271	0.0015847
523	0.90917	0.066999	0.022177	0.0016505
524	0.90962	0.066584	0.02216	0.0016384
525	0.91302	0.063206	0.022216	0.0015538
526	0.8999	0.076358	0.021868	0.0018736
527	0.89354	0.082749	0.021685	0.0020279
528	0.89072	0.085596	0.021589	0.0020952
529	0.84843	0.12791	0.02053	0.0031257
530	0.82009	0.15628	0.019814	0.0038125
531	0.80464	0.17176	0.019413	0.0041851
532	0.76649	0.20994	0.018463	0.0051073
533	0.74514	0.23132	0.017921	0.0056207
534	0.73194	0.24454	0.017579	0.0059346
535	0.70292	0.2736	0.016854	0.0066317
536	0.68421	0.29233	0.016381	0.0070766
537	0.67314	0.30343	0.016094	0.0073358
538	0.64376	0.33284	0.015368	0.0080339
539	0.62487	0.35175	0.014896	0.0084776
540	0.61318	0.36348	0.014599	0.0087475
541	0.60727	0.36941	0.014441	0.008878
542	0.60888	0.36783	0.014463	0.0088292
543	0.61859	0.35814	0.014676	0.0085879
544	0.59787	0.3789	0.014164	0.0090732
545	0.58477	0.39202	0.013835	0.0093749
546	0.57773	0.39908	0.013651	0.0095315
547	0.5538	0.42305	0.013068	0.010088
548	0.54173	0.43514	0.012766	0.010362
549	0.5382	0.43869	0.012666	0.010435
550	0.5397	0.43723	0.012686	0.010388
551	0.54639	0.43057	0.012829	0.010218
552	0.56262	0.41436	0.013196	0.0098239
553	0.58839	0.38861	0.013788	0.0092053
554	0.62611	0.35092	0.014661	0.0083059
555	0.68031	0.29675	0.015921	0.007019
556	0.75748	0.21961	0.017722	0.0051915
557	0.7905	0.18662	0.01848	0.0044072
558	0.83803	0.13911	0.01958	0.0032814
559	0.82795	0.14922	0.019323	0.0035124
560	0.82459	0.1526	0.019223	0.0035863
561	0.82711	0.15011	0.01926	0.0035231
562	0.80309	0.17416	0.018678	0.0040796
563	0.78776	0.18951	0.0183	0.0044315
564	0.78091	0.19638	0.018119	0.0045861
565	0.70407	0.27325	0.016316	0.0063639
566	0.65941	0.31793	0.01526	0.0073932
567	0.62858	0.34879	0.014529	0.0080987
568	0.61209	0.36531	0.014131	0.0084715
569	0.60515	0.37228	0.013953	0.0086234
570	0.60582	0.37163	0.013951	0.0085993
571	0.6143	0.36317	0.014128	0.008396
572	0.6298	0.3477	0.014467	0.0080314
573	0.65908	0.31845	0.015121	0.0073524
574	0.6524	0.32516	0.014948	0.0074992
575	0.65326	0.32432	0.014949	0.0074729
576	0.65958	0.31803	0.015075	0.0073211
577	0.65691	0.32072	0.014995	0.0073757
578	0.65909	0.31857	0.015026	0.0073191
579	0.66636	0.31132	0.015174	0.007146
580	0.68309	0.29462	0.015536	0.0067581
581	0.68689	0.29084	0.015603	0.0066658
582	0.69645	0.28131	0.015801	0.0064424
583	0.69481	0.28297	0.015745	0.0064738
584	0.70029	0.27752	0.01585	0.0063438
585	0.7118	0.26603	0.016092	0.0060767
586	0.731	0.24686	0.016508	0.0056355
587	0.76065	0.21723	0.017161	0.0049577
588	0.77321	0.20469	0.017426	0.0046677
589	0.75863	0.2193	0.017077	0.0049926
590	0.75051	0.22745	0.016875	0.0051705
591	0.74766	0.23032	0.016792	0.0052284
592	0.74968	0.22832	0.016821	0.0051761
593	0.75907	0.21896	0.017015	0.0049582
594	0.7783	0.19976	0.017429	0.0045194
595	0.80785	0.17023	0.018076	0.0038481
596	0.85197	0.12613	0.019052	0.0028484
597	0.91494	0.063183	0.020453	0.0014243
598	0.94767	0.030474	0.021167	0.00068614
599	0.96486	0.013311	0.021529	0.00029984
600	0.96255	0.015647	0.021454	0.00035178
601	0.95428	0.02394	0.021245	0.00053657
602	0.93773	0.04051	0.020852	0.00090616
603	0.92709	0.051179	0.020591	0.0011429
604	0.90567	0.072624	0.020091	0.0016196
605	0.89391	0.084401	0.019806	0.0018805
606	0.88678	0.091555	0.019626	0.0020377
607	0.88504	0.093325	0.019564	0.0020754
608	0.88685	0.091536	0.019582	0.0020338
609	0.89216	0.08625	0.019678	0.0019148
610	0.89075	0.087684	0.019625	0.0019444
611	0.89404	0.084415	0.019676	0.0018703
612	0.89099	0.087484	0.019587	0.0019359
613	0.89271	0.085795	0.019603	0.0018968
614	0.89813	0.080389	0.019701	0.0017758
615	0.90806	0.070489	0.019898	0.0015558
616	0.91067	0.067894	0.019934	0.0014967
617	0.91658	0.06201	0.020043	0.0013651
618	0.91768	0.060937	0.020046	0.0013398
619	0.92171	0.056924	0.020113	0.0012499
620	0.93111	0.047549	0.020298	0.001043
621	0.93495	0.043736	0.02036	0.00095845
622	0.92431	0.054395	0.020106	0.0011895
623	0.91777	0.060957	0.019943	0.0013306
624	0.91591	0.062836	0.019881	0.0013699
625	0.9182	0.060567	0.019909	0.0013192
626	0.92389	0.054902	0.020011	0.0011946
627	0.93379	0.045025	0.020205	0.00097857
628	0.93044	0.048401	0.020111	0.0010505
629	0.92975	0.049114	0.020075	0.0010645
630	0.93286	0.046026	0.020121	0.00099653
631	0.94065	0.038258	0.020267	0.00082793
632	0.93595	0.042981	0.020144	0.00092884
633	0.93398	0.044969	0.020081	0.00097046
634	0.93451	0.04446	0.020071	0.00095811
635	0.93887	0.040121	0.020144	0.00086362
636	0.94829	0.03072	0.020325	0.00066087
637	0.95241	0.026623	0.020391	0.00057251
638	0.9597	0.019361	0.020526	0.0004163
639	0.97081	0.008267	0.020742	0.00017809
640	0.96835	0.010751	0.020667	0.00023133
641	0.96222	0.016902	0.020514	0.00036299
642	0.95862	0.020528	0.020415	0.00044019
643	0.94954	0.029625	0.020201	0.00063382
644	0.94415	0.035036	0.020065	0.00074828
645	0.9425	0.036711	0.020009	0.00078319
646	0.93691	0.042315	0.019869	0.00090184
647	0.93441	0.044838	0.019795	0.00095457
648	0.93549	0.043781	0.019797	0.00093142
649	0.87969	0.099607	0.018593	0.0021145
650	0.84736	0.13196	0.017888	0.0027986
651	0.826	0.15333	0.017417	0.0032482
652	0.77599	0.20337	0.016343	0.0043012
653	0.74738	0.23199	0.015723	0.0049013
654	0.72892	0.25048	0.015317	0.0052858
655	0.68397	0.29545	0.014357	0.0062252
656	0.65861	0.32083	0.013809	0.0067524
657	0.64264	0.33682	0.013461	0.0070808
658	0.636	0.34347	0.013308	0.0072132
659	0.63447	0.34503	0.013262	0.0072381
660	0.63832	0.3412	0.01333	0.0071501
661	0.64755	0.33199	0.013511	0.0069491
662	0.66735	0.31221	0.013912	0.0065279
663	0.70334	0.27624	0.014649	0.0057703
664	0.75686	0.22274	0.015752	0.004647
665	0.84773	0.13189	0.01763	0.0027491
666	0.89511	0.084531	0.018597	0.0017618
667	0.89938	0.080282	0.018667	0.0016716
668	0.88329	0.09639	0.018315	0.0020037
669	0.87295	0.10675	0.018083	0.0022158
670	0.86899	0.11073	0.017983	0.0022957
671	0.8703	0.10945	0.017992	0.0022668
672	0.87714	0.10263	0.018115	0.0021238
673	0.88869	0.091092	0.018336	0.0018835
674	0.91	0.069797	0.018756	0.0014429
675	0.94094	0.038885	0.019375	0.00080423
676	0.9557	0.024144	0.01966	0.00049944
677	0.96193	0.01793	0.01977	0.00037072
678	0.97192	0.0079567	0.019956	0.00016448
679	0.97262	0.0072767	0.019951	0.00015031
680	0.97175	0.0081645	0.019914	0.00016836
681	0.97269	0.0072517	0.019913	0.00014949
682	0.97189	0.008063	0.019878	0.000166
683	0.97243	0.0075476	0.019869	0.00015523
684	0.97435	0.0056434	0.01989	0.00011598
685	0.97789	0.0021214	0.019943	4.359e-05
686	0.97976	0.00026747	0.019962	5.4961e-06
687	0.97997	7.7069e-05	0.019948	1.5813e-06
688	0.97935	0.00071595	0.019916	1.4611e-05
689	0.97823	0.0018587	0.019875	3.7857e-05
690	0.97578	0.0043223	0.019806	8.7846e-05
691	0.97467	0.0054584	0.019765	0.00011075
692	0.97511	0.0050274	0.019756	0.00010191
693	0.97687	0.0032919	0.019773	6.6602e-05
694	0.97767	0.0025084	0.019771	5.0682e-05
695	0.9778	0.0024008	0.019755	4.8479e-05
696	0.97738	0.0028341	0.019728	5.7236e-05
697	0.9758	0.0044333	0.019678	8.9458e-05
698	0.97576	0.0044891	0.019659	9.0565e-05
699	0.97466	0.0056068	0.019618	0.00011301
700	0.97483	0.005455	0.019604	0.0001098
701	0.97668	0.0036239	0.019623	7.2906e-05
702	0.97743	0.0028891	0.01962	5.8147e-05
703	0.97727	0.0030747	0.019598	6.1849e-05
704	0.97815	0.0022085	0.019598	4.4403e-05
705	0.98021	0.00016595	0.019621	3.3449e-06
706	0.97927	0.0011273	0.019585	2.2629e-05
707	0.97917	0.0012395	0.019565	2.4857e-05
708	0.97991	0.00051844	0.019562	1.0399e-05
709	0.89525	0.085197	0.017854	0.0017013
710	0.84571	0.13475	0.016849	0.0026897
711	0.81121	0.16927	0.016146	0.0033755
712	0.74432	0.23618	0.014798	0.0047067
713	0.69747	0.28304	0.013853	0.0056349
714	0.67093	0.3096	0.013312	0.0061586
715	0.61721	0.36333	0.01223	0.0072233
716	0.58112	0.39945	0.011502	0.0079344
717	0.55654	0.42404	0.011005	0.008415
718	0.54121	0.43939	0.010692	0.0087109
719	0.53533	0.44528	0.010567	0.0088198
720	0.53713	0.4435	0.010593	0.0087774
721	0.52865	0.452	0.010415	0.0089385
722	0.52557	0.45509	0.010344	0.0089923
723	0.52752	0.45316	0.010373	0.0089466
724	0.53766	0.44304	0.010563	0.00874
725	0.55537	0.42535	0.010902	0.0083847
726	0.58318	0.39755	0.01144	0.0078305
727	0.62509	0.35565	0.012255	0.0069987
728	0.69741	0.28335	0.013666	0.0055722
729	0.80341	0.17737	0.015738	0.0034841
730	0.85875	0.12205	0.01681	0.0023959
731	0.86532	0.11549	0.016924	0.0022656
732	0.87665	0.10417	0.017131	0.002042
733	0.89411	0.086733	0.017458	0.0016984
734	0.92487	0.055993	0.018045	0.001096
735	0.96894	0.011933	0.018891	0.00023333
736	0.9699	0.010991	0.018894	0.00021456
737	0.9732	0.007705	0.018943	0.0001502
738	0.97975	0.0011707	0.019054	2.2824e-05
739	0.97935	0.0015857	0.01903	3.0846e-05
740	0.9785	0.0024527	0.018998	4.7673e-05
741	0.97885	0.0021223	0.018988	4.1271e-05
742	0.97633	0.004652	0.018923	9.0537e-05
743	0.97518	0.0058241	0.018884	0.00011329
744	0.97524	0.0057792	0.018869	0.00011236
745	0.97401	0.0070264	0.01883	0.00013642
746	0.97083	0.010216	0.018752	0.00019816
747	0.96937	0.011695	0.018708	0.00022663
748	0.96525	0.015828	0.018613	0.00030622
749	0.9632	0.0179	0.018558	0.00034582
750	0.96363	0.017483	0.018551	0.00033748
751	0.96602	0.015111	0.018582	0.00029139
752	0.97161	0.0095325	0.018674	0.00018377
753	0.98052	0.00063645	0.01883	1.2284e-05
754	0.98078	0.00039226	0.01882	7.5629e-06
755	0.98097	0.00021589	0.018808	4.1563e-06
756	0.98116	3.9008e-05	0.018797	7.5037e-07
757	0.97985	0.0013697	0.018757	2.6246e-05
758	0.97948	0.0017537	0.018735	3.355e-05
759	0.98018	0.0010638	0.018733	2.0349e-05
760	0.97928	0.0019835	0.018701	3.7963e-05
761	0.97932	0.0019561	0.018687	3.742e-05
762	0.98026	0.0010256	0.01869	1.9612e-05
763	0.97944	0.0018614	0.01866	3.5506e-05
764	0.97974	0.0015829	0.018651	3.019e-05
765	0.98098	0.00035513	0.01866	6.7749e-06
766	0.98104	0.00030917	0.018647	5.885e-06
767	0.98033	0.0010344	0.018619	1.968e-05
768	0.97882	0.0025556	0.018576	4.8542e-05
769	0.97863	0.0027607	0.018557	5.2433e-05
770	0.97946	0.001947	0.018559	3.6961e-05
771	0.97977	0.0016471	0.01855	3.1287e-05
772	0.97955	0.0018835	0.018532	3.5763e-05
773	0.97862	0.0028216	0.0185	5.3494e-05
774	0.97868	0.0027755	0.018488	5.2548e-05
775	0.98005	0.001421	0.018499	2.6932e-05
776	0.97925	0.0022377	0.01847	4.235e-05
777	0.97941	0.0020893	0.018459	3.9498e-05
778	0.98051	0.0010064	0.018466	1.8992e-05
779	0.9812	0.00032801	0.018466	6.19e-06
780	0.98104	0.00050507	0.018449	9.5079e-06
781	0.98083	0.00072832	0.018431	1.3711e-05
782	0.98135	0.00021958	0.018428	4.1352e-06
783	0.98133	0.00025637	0.018414	4.82e-06
784	0.98044	0.0011507	0.018384	2.1575e-05
785	0.98055	0.0010586	0.018372	1.9847e-05
786	0.98145	0.00016924	0.018376	3.1666e-06
787	0.98162	1.5036e-05	0.018366	2.8116e-07
788	0.98129	0.00035626	0.018346	6.6715e-06
789	0.9816	5.943e-05	0.018339	1.1128e-06
790	0.98136	0.00031367	0.018321	5.8836e-06
791	0.98107	0.0006132	0.018302	1.1502e-05
792	0.98055	0.0011449	0.01828	2.1457e-05
793	0.97945	0.0022638	0.018246	4.2363e-05
794	0.97934	0.0023812	0.018231	4.4523e-05
795	0.98017	0.0015641	0.018234	2.9238e-05
796	0.98054	0.0012143	0.018228	2.2733e-05
797	0.98049	0.0012762	0.018214	2.3903e-05
798	0.97996	0.0018109	0.018192	3.3895e-05
799	0.97422	0.00757	0.018072	0.00014129
800	0.96254	0.019255	0.017843	0.00035869
801	0.93833	0.043479	0.017381	0.00080843
802	0.88317	0.098651	0.016347	0.0018305
803	0.85123	0.13061	0.015743	0.002422
804	0.83013	0.15171	0.015342	0.002811
805	0.81686	0.165	0.015087	0.0030544
806	0.81139	0.17048	0.014976	0.0031536
807	0.81209	0.16979	0.014979	0.0031391
808	0.81915	0.16275	0.015098	0.0030076
809	0.8345	0.14741	0.01537	0.0027242
810	0.85843	0.12349	0.0158	0.0022827
811	0.85651	0.12541	0.015753	0.0023176
812	0.86009	0.12185	0.015807	0.0022515
813	0.86782	0.11413	0.015938	0.002109
814	0.86743	0.11454	0.015919	0.0021157
815	0.87093	0.11104	0.015973	0.0020505
816	0.87885	0.10314	0.016108	0.0019041
817	0.86598	0.11602	0.015861	0.0021395
818	0.86034	0.12167	0.015747	0.0022422
819	0.85856	0.12346	0.015704	0.0022737
820	0.84985	0.13218	0.015534	0.0024327
821	0.84589	0.13616	0.015451	0.0025041
822	0.84576	0.13629	0.015439	0.0025048
823	0.83664	0.14542	0.015263	0.0026699
824	0.83408	0.14799	0.015207	0.0027151
825	0.83542	0.14667	0.015222	0.0026889
826	0.84302	0.13908	0.015351	0.0025485
827	0.85904	0.12307	0.015634	0.002255
828	0.88294	0.099182	0.01606	0.0018176
829	0.89236	0.08977	0.016222	0.0016445
830	0.90717	0.074973	0.016483	0.001373
831	0.92914	0.053015	0.016875	0.00097043
832	0.93829	0.043879	0.017032	0.00080247
833	0.942	0.040176	0.01709	0.00073417
834	0.94878	0.03341	0.017204	0.00060993
835	0.96175	0.020451	0.01743	0.00037319
836	0.96736	0.014845	0.017522	0.00027057
837	0.97797	0.0042517	0.017704	7.746e-05
838	0.97701	0.005215	0.017676	9.4852e-05
839	0.9776	0.0046436	0.017676	8.4472e-05
840	0.977	0.0052495	0.017655	9.541e-05
841	0.97763	0.0046299	0.017656	8.4099e-05
842	0.97949	0.0027794	0.017679	5.0477e-05
843	0.9801	0.0021795	0.01768	3.9529e-05
844	0.97782	0.0044709	0.017628	8.0901e-05
845	0.97722	0.0050771	0.017607	9.1865e-05
846	0.97784	0.0044706	0.017608	8.0893e-05
847	0.97725	0.0050757	0.017587	9.1757e-05
848	0.9755	0.0068354	0.017545	0.00012351
849	0.97508	0.0072587	0.017527	0.00013109
850	0.97596	0.0063964	0.017533	0.00011547
851	0.97822	0.0041451	0.017564	7.48e-05
852	0.98214	0.00023393	0.017624	4.214e-06
853	0.98231	7.0585e-05	0.017618	1.271e-06
854	0.9799	0.0024932	0.017564	4.4869e-05
855	0.96309	0.01931	0.017253	0.00034685
856	0.9517	0.030714	0.017039	0.00055107
857	0.94582	0.036598	0.016924	0.00065638
858	0.94278	0.039652	0.01686	0.00071069
859	0.9432	0.039243	0.016858	0.00070312
860	0.94605	0.036397	0.016899	0.00065186
861	0.95169	0.030772	0.016991	0.0005508
862	0.9627	0.019768	0.017178	0.00035395
863	0.97952	0.00296	0.01747	5.3233e-05
864	0.97954	0.0029443	0.017461	5.2945e-05
865	0.97465	0.0078459	0.017364	0.00014063
866	0.97191	0.010599	0.017306	0.00018974
867	0.97091	0.0116	0.017279	0.00020745
868	0.97153	0.010993	0.017281	0.00019641
869	0.97442	0.0081084	0.017324	0.00014488
870	0.97557	0.0069723	0.017335	0.00012463
871	0.97545	0.007097	0.017324	0.00012694
872	0.97356	0.008994	0.017281	0.0001608
873	0.97313	0.0094342	0.017265	0.00016863
874	0.9741	0.0084706	0.017273	0.00015142
875	0.97372	0.0088599	0.017257	0.00015841
876	0.97481	0.007781	0.017268	0.00013922
877	0.97752	0.0050785	0.017308	9.1132e-05
878	0.97842	0.0041879	0.017315	7.5295e-05
879	0.96662	0.015994	0.017096	0.00028617
880	0.9603	0.022329	0.016974	0.00039942
881	0.95683	0.025803	0.016904	0.00046143
882	0.95573	0.026918	0.016876	0.00048131
883	0.95666	0.025988	0.016884	0.00046479
884	0.95401	0.028653	0.016829	0.00051207
885	0.95352	0.029143	0.016812	0.00052059
886	0.93507	0.047601	0.016478	0.0008477
887	0.89296	0.089718	0.015725	0.0015928
888	0.80056	0.18213	0.014085	0.0032245
889	0.59064	0.39206	0.010378	0.0069245
890	0.44676	0.53595	0.0078413	0.0094536
891	0.3482	0.63451	0.006107	0.011181
892	0.29039	0.69233	0.0050881	0.012192
893	0.25112	0.73161	0.004397	0.012876
894	0.22379	0.75895	0.0039166	0.013349
895	0.16846	0.81428	0.0029451	0.014313
896	0.12936	0.85339	0.0022597	0.014992
897	0.10666	0.87609	0.0018612	0.015383
898	0.093929	0.88883	0.0016371	0.0156
899	0.085882	0.89689	0.0014956	0.015734
900	0.081063	0.90171	0.0014108	0.015812
901	0.078891	0.90389	0.0013725	0.015843
902	0.080562	0.90223	0.0014011	0.015807
903	0.086468	0.89633	0.0015033	0.015698
904	0.071259	0.91155	0.0012373	0.015957
905	0.061177	0.92164	0.0010612	0.016126
906	0.056115	0.9267	0.00097247	0.016208
907	0.053355	0.92947	0.00092402	0.01625
908	0.053766	0.92907	0.0009306	0.016236
909	0.056356	0.92648	0.00097518	0.016185
910	0.061221	0.92163	0.0010594	0.016094
911	0.069292	0.91356	0.0011996	0.015947
912	0.08173	0.90113	0.001416	0.015724
913	0.074707	0.90816	0.001294	0.015839
914	0.070586	0.91229	0.0012227	0.015904
915	0.07025	0.91263	0.0012168	0.015903
916	0.073605	0.90928	0.0012749	0.015839
917	0.079686	0.90321	0.0013805	0.015727
918	0.091568	0.89133	0.0015867	0.015514
919	0.094029	0.88888	0.0016293	0.015465
920	0.099712	0.8832	0.0017281	0.01536
921	0.11142	0.8715	0.0019312	0.01515
922	0.12866	0.85427	0.0022309	0.014844
923	0.15883	0.8241	0.002755	0.014314
924	0.2101	0.77284	0.0036439	0.013419
925	0.23523	0.74771	0.0040781	0.012978
926	0.27268	0.71027	0.0047264	0.012323
927	0.33647	0.64649	0.0058296	0.011214
928	0.44415	0.53881	0.0076895	0.0093477
929	0.60129	0.38168	0.010407	0.0066237
930	0.66663	0.31634	0.011536	0.0054888
931	0.77816	0.20482	0.013462	0.003557
932	0.82873	0.15426	0.014333	0.0026798
933	0.90076	0.082231	0.015577	0.0014297
934	0.90927	0.073733	0.015719	0.0012816
935	0.92321	0.059795	0.015956	0.0010389
936	0.94799	0.03502	0.01638	0.00060867
937	0.95044	0.032577	0.016417	0.00056618
938	0.94908	0.033938	0.016388	0.00058947
939	0.95091	0.032117	0.016413	0.00055782
940	0.94962	0.033412	0.016385	0.00058023
941	0.95073	0.032313	0.016398	0.00056112
942	0.95418	0.028863	0.016453	0.00050123
943	0.95374	0.029314	0.016439	0.00050876
944	0.95002	0.033038	0.016369	0.00057304
945	0.94964	0.033427	0.016357	0.00057976
946	0.95149	0.031579	0.016383	0.00054773
947	0.94955	0.033522	0.016345	0.00058109
948	0.95003	0.03305	0.016348	0.00057263
949	0.9528	0.030286	0.01639	0.00052448
950	0.9596	0.023487	0.016503	0.00040685
951	0.97014	0.012955	0.01668	0.00022462
952	0.97463	0.0084706	0.016752	0.0001469
953	0.98196	0.001146	0.016874	1.9973e-05
954	0.98171	0.0014026	0.016865	2.439e-05
955	0.9777	0.0054134	0.01679	9.3631e-05
956	0.97553	0.0075909	0.016748	0.00013115
957	0.97488	0.0082483	0.016732	0.00014242
958	0.94374	0.039389	0.016191	0.00067903
959	0.87352	0.10962	0.014978	0.0018869
960	0.82421	0.15893	0.014127	0.0027333
961	0.7899	0.19325	0.013535	0.0033209
962	0.77087	0.21228	0.013205	0.0036466
963	0.76173	0.22142	0.013044	0.0038029
964	0.75978	0.22338	0.013006	0.0038361
965	0.76268	0.22049	0.013052	0.0037859
966	0.77083	0.21234	0.013188	0.0036453
967	0.78542	0.19776	0.013435	0.0033941
968	0.81267	0.1705	0.013898	0.0029265
969	0.85219	0.13099	0.014572	0.0022482
970	0.90872	0.074462	0.015539	0.0012773
971	0.93783	0.04536	0.016033	0.00077825
972	0.97956	0.0036318	0.016745	6.2123e-05
973	0.9792	0.0039922	0.016735	6.8206e-05
974	0.98027	0.0029261	0.016749	4.9955e-05
975	0.98307	0.00013054	0.016793	2.2356e-06
976	0.98131	0.0019038	0.016758	3.2682e-05
977	0.98058	0.0026353	0.016741	4.5243e-05
978	0.9808	0.002413	0.016741	4.1453e-05
979	0.98201	0.0012101	0.016757	2.0868e-05
980	0.97098	0.012245	0.016564	0.00021034
981	0.965	0.018231	0.016457	0.00031326
982	0.95322	0.030009	0.01625	0.00051601
983	0.94558	0.037655	0.016115	0.00064742
984	0.94116	0.042087	0.016035	0.00072348
985	0.92889	0.054356	0.015821	0.00093366
986	0.92145	0.061802	0.01569	0.0010609
987	0.90531	0.077942	0.01541	0.0013372
988	0.89524	0.088017	0.015234	0.0015093
989	0.88979	0.093475	0.015138	0.0016022
990	0.87656	0.1067	0.014908	0.001828
991	0.86885	0.11442	0.014773	0.0019593
992	0.86701	0.11626	0.014738	0.0019907
993	0.87051	0.11277	0.014794	0.0019312
994	0.88034	0.10294	0.014958	0.0017642
995	0.89637	0.086908	0.015227	0.0014914
996	0.90217	0.081112	0.015322	0.0013926
997	0.90136	0.081925	0.015305	0.0014065
998	0.90397	0.079324	0.015346	0.0013619
999	0.91004	0.073255	0.015447	0.001258
1000	0.90806	0.075242	0.015411	0.0012915
1001	0.90911	0.074191	0.015426	0.0012729
1002	0.91491	0.068395	0.015522	0.0011737
1003	0.90532	0.077985	0.015356	0.0013372
1004	0.82584	0.15747	0.013998	0.0026917
1005	0.77911	0.2042	0.013198	0.0034889
1006	0.7467	0.23662	0.012643	0.0040406
1007	0.72472	0.2586	0.012267	0.004414
1008	0.71051	0.27281	0.012024	0.0046545
1009	0.70496	0.27836	0.011927	0.0047484
1010	0.70653	0.2768	0.011951	0.0047215
1011	0.71348	0.26985	0.012067	0.0046031
