#coord	neutral	conserved	gBGC.neutral	gBGC.conserved
1	0.78194	0.21802	2.528e-05	7.2739e-06
2	0.7898	0.21017	2.4843e-05	6.8002e-06
3	0.80345	0.19651	2.4681e-05	6.1431e-06
4	0.8293	0.17067	2.4803e-05	5.1513e-06
5	0.87466	0.12531	2.5361e-05	3.6702e-06
6	0.95181	0.04816	2.6581e-05	1.4676e-06
7	0.96188	0.038092	2.603e-05	1.1497e-06
8	0.97708	0.022899	2.5712e-05	6.936e-07
9	0.99922	0.0007532	2.5671e-05	4.565e-08
10	0.99919	0.00078628	2.3458e-05	4.2449e-08
11	0.99889	0.0010955	1.6612e-05	2.9569e-08
12	0.99936	0.00062957	1.0487e-05	7.2947e-09
13	0.99861	0.0013815	9.4705e-06	1.4464e-08
14	0.99873	0.0012657	8.5787e-06	1.2077e-08
15	0.99968	0.0003074	7.787e-06	2.7949e-09
16	0.99967	0.00031952	7.0698e-06	2.59e-09
17	0.99966	0.00033417	6.4345e-06	2.4324e-09
18	0.99962	0.00037195	5.8656e-06	2.4334e-09
19	0.99836	0.0016338	5.3552e-06	9.1259e-09
20	0.99825	0.0017444	4.8163e-06	9.1266e-09
21	0.99747	0.0025283	4.3306e-06	1.1952e-08
22	0.99573	0.0042683	3.8075e-06	1.8469e-08
23	0.99526	0.0047382	3.3494e-06	1.8411e-08
24	0.99308	0.0069143	2.9508e-06	2.3108e-08
25	0.99232	0.0076764	2.5983e-06	2.2163e-08
26	0.99297	0.007032	2.2897e-06	1.7277e-08
27	0.99558	0.0044222	1.9617e-06	9.0804e-09
28	0.9968	0.0031962	1.6051e-06	5.3873e-09
29	0.99932	0.00067654	1.2859e-06	7.6568e-10
30	0.99856	0.0014401	1.2279e-06	1.6875e-09
31	0.99718	0.002823	1.1614e-06	3.3185e-09
32	0.99684	0.0031557	1.1043e-06	3.5214e-09
33	0.99752	0.0024782	1.0558e-06	2.5447e-09
34	0.99729	0.0027103	1.0164e-06	2.4488e-09
35	0.99273	0.0072698	1.1176e-06	9.0533e-09
36	0.9901	0.0098989	1.233e-06	1.4001e-08
37	0.97013	0.029872	1.9843e-06	9.9024e-08
38	0.957	0.042998	2.8129e-06	2.1006e-07
39	0.94849	0.051501	3.7302e-06	3.3673e-07
40	0.94359	0.056403	4.7565e-06	4.7015e-07
41	0.94193	0.058064	5.9278e-06	6.0068e-07
42	0.94304	0.056948	7.2554e-06	7.1935e-07
43	0.93855	0.06144	8.6693e-06	9.1276e-07
44	0.92749	0.072501	9.8626e-06	1.2343e-06
45	0.92081	0.079173	1.1243e-05	1.5358e-06
46	0.91773	0.082258	1.2834e-05	1.8123e-06
47	0.88227	0.11772	1.3553e-05	2.8557e-06
48	0.86209	0.13789	1.437e-05	3.7047e-06
49	0.81395	0.18603	1.4468e-05	5.4497e-06
50	0.70709	0.29289	1.2943e-05	7.4794e-06
51	0.64402	0.35595	1.2054e-05	8.8424e-06
52	0.59996	0.40002	1.156e-05	9.8622e-06
53	0.56959	0.43038	1.136e-05	1.0645e-05
54	0.55337	0.44661	1.1366e-05	1.1191e-05
55	0.51582	0.48415	1.0845e-05	1.2235e-05
56	0.49498	0.50499	1.0615e-05	1.2963e-05
57	0.48248	0.51749	1.0615e-05	1.3516e-05
58	0.45353	0.54644	1.0165e-05	1.4492e-05
59	0.39469	0.60528	8.8676e-06	1.6292e-05
60	0.36051	0.63947	8.0973e-06	1.7541e-05
61	0.33715	0.66282	7.6412e-06	1.8522e-05
62	0.32182	0.67816	7.4181e-06	1.9318e-05
63	0.31554	0.68443	7.3861e-06	1.99e-05
64	0.31643	0.68354	7.5115e-06	2.0302e-05
65	0.32472	0.67525	7.8016e-06	2.0519e-05
66	0.33965	0.66032	8.3089e-06	2.057e-05
67	0.36777	0.6322	9.1224e-06	2.0292e-05
68	0.40991	0.59006	1.039e-05	1.9616e-05
69	0.40924	0.59073	1.0491e-05	2.0081e-05
70	0.3981	0.60187	1.021e-05	2.0903e-05
71	0.39524	0.60473	1.0159e-05	2.1473e-05
72	0.39987	0.6001	1.0302e-05	2.1825e-05
73	0.41001	0.58996	1.0642e-05	2.2029e-05
74	0.43125	0.56871	1.124e-05	2.1951e-05
75	0.46387	0.53609	1.2205e-05	2.1562e-05
76	0.47463	0.52534	1.267e-05	2.102e-05
77	0.49694	0.50303	1.3514e-05	2.0082e-05
78	0.53114	0.46883	1.4885e-05	1.8651e-05
79	0.52704	0.47292	1.4789e-05	1.867e-05
80	0.5281	0.47187	1.4902e-05	1.851e-05
81	0.53443	0.46554	1.5242e-05	1.8154e-05
82	0.5468	0.45317	1.586e-05	1.7551e-05
83	0.57155	0.42842	1.6919e-05	1.6488e-05
84	0.60793	0.39204	1.8539e-05	1.4898e-05
85	0.62512	0.37485	1.9301e-05	1.4145e-05
86	0.6572	0.34277	2.0583e-05	1.2854e-05
87	0.71281	0.28716	2.2671e-05	1.0737e-05
88	0.79201	0.20796	2.5806e-05	7.6078e-06
89	0.83304	0.16693	2.735e-05	6.0476e-06
90	0.90307	0.096896	2.9849e-05	3.5101e-06
91	0.91228	0.087686	3.0101e-05	3.189e-06
92	0.91377	0.086195	3.0139e-05	3.1228e-06
93	0.90988	0.090091	2.9956e-05	3.2551e-06
94	0.90936	0.090609	2.9937e-05	3.2601e-06
95	0.91215	0.087813	3.0081e-05	3.1391e-06
96	0.92053	0.07944	3.0385e-05	2.8358e-06
97	0.93388	0.066084	3.0925e-05	2.3338e-06
98	0.95782	0.042149	3.1793e-05	1.4788e-06
99	0.99892	0.0010512	3.3188e-05	7.3621e-08
100	0.98515	0.014814	3.2319e-05	9.7528e-07
101	0.97761	0.022356	3.1785e-05	1.5168e-06
102	0.97415	0.025817	3.1461e-05	1.824e-06
103	0.97307	0.026901	3.1326e-05	1.9852e-06
104	0.97491	0.025058	3.1298e-05	2.0149e-06
105	0.97926	0.020707	3.1425e-05	1.9316e-06
106	0.97417	0.025796	3.0684e-05	2.2166e-06
107	0.96205	0.037916	2.9636e-05	2.8738e-06
108	0.95425	0.045722	2.8893e-05	3.279e-06
109	0.9511	0.048869	2.8335e-05	3.4674e-06
110	0.94117	0.0588	2.7495e-05	3.9943e-06
111	0.91701	0.082959	2.6005e-05	5.2188e-06
112	0.74161	0.25836	1.9666e-05	1.0422e-05
113	0.62153	0.37844	1.5588e-05	1.3481e-05
114	0.53676	0.46321	1.2858e-05	1.5283e-05
115	0.47712	0.52285	1.1019e-05	1.6274e-05
116	0.44285	0.55713	9.8041e-06	1.6604e-05
117	0.42421	0.57576	8.967e-06	1.6519e-05
118	0.4133	0.58668	8.4072e-06	1.6239e-05
119	0.41079	0.58919	8.0148e-06	1.5757e-05
120	0.41597	0.584	7.7546e-06	1.5108e-05
121	0.42681	0.57317	7.6538e-06	1.4373e-05
122	0.42486	0.57512	7.3228e-06	1.3936e-05
123	0.4279	0.57208	7.1352e-06	1.3418e-05
124	0.42113	0.57885	6.7215e-06	1.3097e-05
125	0.41954	0.58044	6.4517e-06	1.2692e-05
126	0.42292	0.57706	6.3089e-06	1.2216e-05
127	0.41362	0.58637	5.9805e-06	1.1975e-05
128	0.38998	0.61	5.4045e-06	1.1958e-05
129	0.37801	0.62197	5.0024e-06	1.1743e-05
130	0.3476	0.65238	4.294e-06	1.1809e-05
131	0.32779	0.67219	3.8224e-06	1.1693e-05
132	0.2783	0.72169	3.0009e-06	1.1973e-05
133	0.24364	0.75635	2.4521e-06	1.2022e-05
134	0.22402	0.77596	2.0933e-06	1.1863e-05
135	0.21171	0.78828	1.8601e-06	1.162e-05
136	0.17864	0.82135	1.427e-06	1.1612e-05
137	0.1599	0.84008	1.1511e-06	1.1432e-05
138	0.1479	0.85209	9.728e-07	1.1191e-05
139	0.1409	0.85909	8.6001e-07	1.0917e-05
140	0.1379	0.86209	7.9399e-07	1.0627e-05
141	0.13846	0.86153	7.6497e-07	1.0329e-05
142	0.14267	0.85732	7.6997e-07	1.0023e-05
143	0.15113	0.84886	8.1189e-07	9.7055e-06
144	0.16427	0.83572	8.9243e-07	9.3705e-06
145	0.18776	0.81223	1.032e-06	8.9662e-06
146	0.19524	0.80475	9.9201e-07	7.6072e-06
147	0.20773	0.79226	9.8702e-07	6.3055e-06
148	0.2312	0.76879	1.0031e-06	4.9478e-06
149	0.26511	0.73489	1.0442e-06	3.6557e-06
150	0.28039	0.7196	8.7832e-07	2.5295e-06
151	0.28454	0.71546	8.5409e-07	2.4252e-06
152	0.29362	0.70638	8.5042e-07	2.3113e-06
153	0.31252	0.68748	8.6694e-07	2.1698e-06
154	0.31701	0.68299	8.4629e-07	2.0775e-06
155	0.32992	0.67008	8.415e-07	1.9621e-06
156	0.35088	0.64912	8.6264e-07	1.8322e-06
157	0.3829	0.6171	9.1705e-07	1.68e-06
158	0.43864	0.56135	1.0147e-06	1.4772e-06
159	0.52049	0.47951	1.1787e-06	1.2192e-06
160	0.56175	0.43825	1.22e-06	1.0761e-06
161	0.57776	0.42224	1.2074e-06	9.9701e-07
162	0.55999	0.44001	1.1294e-06	9.94e-07
163	0.54928	0.45071	1.0754e-06	9.7576e-07
164	0.547	0.453	1.0324e-06	9.3932e-07
165	0.55251	0.44749	9.9809e-07	8.8701e-07
166	0.56733	0.43267	9.7262e-07	8.1842e-07
167	0.5913	0.4087	9.694e-07	7.3771e-07
168	0.60108	0.39892	9.3137e-07	6.8438e-07
169	0.57248	0.42752	8.742e-07	7.1305e-07
170	0.51413	0.48587	7.6731e-07	7.8559e-07
171	0.4015	0.5985	5.7323e-07	9.3959e-07
172	0.32444	0.67555	4.4986e-07	1.0287e-06
173	0.27908	0.72092	3.7082e-07	1.0686e-06
174	0.25292	0.74708	3.1867e-07	1.0767e-06
175	0.23592	0.76407	2.852e-07	1.0713e-06
176	0.19971	0.80028	2.2386e-07	1.0891e-06
177	0.17535	0.82465	1.8454e-07	1.0896e-06
178	0.15933	0.84067	1.5954e-07	1.0802e-06
179	0.14934	0.85066	1.4415e-07	1.0652e-06
180	0.14356	0.85644	1.3505e-07	1.0472e-06
181	0.14313	0.85687	1.3026e-07	1.0209e-06
182	0.14792	0.85208	1.2917e-07	9.8686e-07
183	0.15715	0.84285	1.3333e-07	9.5136e-07
184	0.17511	0.82489	1.4284e-07	9.0648e-07
185	0.16596	0.83404	1.2837e-07	8.8932e-07
186	0.16139	0.83861	1.1991e-07	8.6967e-07
187	0.16239	0.83761	1.1491e-07	8.4262e-07
188	0.16697	0.83303	1.1375e-07	8.1462e-07
189	0.17844	0.82156	1.1581e-07	7.7948e-07
190	0.17899	0.82101	9.2558e-08	5.6344e-07
191	0.17136	0.82864	8.7554e-08	5.656e-07
192	0.16773	0.83226	8.5647e-08	5.663e-07
193	0.16769	0.83231	8.6522e-08	5.6583e-07
194	0.17341	0.82659	8.9586e-08	5.5971e-07
195	0.18652	0.81348	9.5504e-08	5.4726e-07
196	0.18988	0.81012	9.4364e-08	5.3835e-07
197	0.19737	0.80263	9.6211e-08	5.2813e-07
198	0.20991	0.79009	1.015e-07	5.1612e-07
199	0.22899	0.77101	1.1115e-07	5.0135e-07
200	0.26299	0.73701	1.2652e-07	4.7734e-07
201	0.31319	0.68681	1.5162e-07	4.4567e-07
202	0.33404	0.66596	1.6196e-07	4.3095e-07
203	0.36586	0.63414	1.801e-07	4.106e-07
204	0.41165	0.58835	2.0828e-07	3.8207e-07
205	0.47911	0.52089	2.5278e-07	3.3959e-07
206	0.57478	0.42522	3.195e-07	2.7704e-07
207	0.73604	0.26396	4.2212e-07	1.7435e-07
208	0.97133	0.028669	5.8179e-07	1.7845e-08
209	0.97321	0.026785	5.7504e-07	1.5818e-08
210	0.96219	0.03781	5.649e-07	2.058e-08
211	0.72123	0.27877	4.9104e-07	2.3363e-07
212	0.55064	0.44936	4.2484e-07	4.5173e-07
213	0.42992	0.57008	3.6959e-07	6.7147e-07
214	0.34456	0.65544	3.2628e-07	8.9205e-07
215	0.29422	0.70578	2.9457e-07	1.0931e-06
216	0.25899	0.74101	2.7543e-07	1.2937e-06
217	0.23463	0.76537	2.6717e-07	1.4962e-06
218	0.22156	0.77844	2.6643e-07	1.6836e-06
219	0.21425	0.78575	2.7641e-07	1.8749e-06
220	0.19177	0.80823	2.4895e-07	1.8987e-06
221	0.13934	0.86066	1.8237e-07	1.967e-06
222	0.10838	0.89161	1.4037e-07	2.0064e-06
223	0.086605	0.91339	1.1259e-07	2.0359e-06
224	0.074164	0.92583	9.5691e-08	2.0502e-06
225	0.065791	0.93421	8.5542e-08	2.0621e-06
226	0.060477	0.93952	8.0499e-08	2.0731e-06
227	0.058924	0.94107	8.01e-08	2.0753e-06
228	0.060633	0.93937	8.4108e-08	2.0689e-06
229	0.05709	0.94291	7.752e-08	2.0679e-06
230	0.055899	0.9441	7.5691e-08	2.067e-06
231	0.056667	0.94333	7.7784e-08	2.0664e-06
232	0.060906	0.93909	8.4637e-08	2.0568e-06
233	0.068186	0.93181	9.7635e-08	2.0459e-06
234	0.079116	0.92088	1.1828e-07	2.0317e-06
235	0.095598	0.9044	1.5123e-07	2.0101e-06
236	0.12397	0.87603	2.0386e-07	1.9645e-06
237	0.1655	0.83449	2.8577e-07	1.8948e-06
238	0.23561	0.76439	4.1623e-07	1.772e-06
239	0.33784	0.66216	6.1855e-07	1.5831e-06
240	0.35022	0.64978	6.405e-07	1.5693e-06
241	0.37429	0.62571	6.798e-07	1.5329e-06
242	0.41072	0.58928	7.4806e-07	1.4739e-06
243	0.46298	0.53702	8.542e-07	1.3828e-06
244	0.48412	0.51588	9.048e-07	1.3533e-06
245	0.52242	0.47757	9.8428e-07	1.2892e-06
246	0.57929	0.4207	1.1122e-06	1.1838e-06
247	0.60781	0.39219	1.1737e-06	1.1387e-06
248	0.65077	0.34922	1.2754e-06	1.0611e-06
249	0.64848	0.35151	1.2829e-06	1.085e-06
250	0.63465	0.36535	1.2518e-06	1.1407e-06
251	0.62757	0.37243	1.2458e-06	1.1797e-06
252	0.62576	0.37423	1.2595e-06	1.2065e-06
253	0.63163	0.36836	1.2854e-06	1.2143e-06
254	0.64399	0.35601	1.3354e-06	1.2067e-06
255	0.6646	0.3354	1.4162e-06	1.1775e-06
256	0.67044	0.32955	1.4671e-06	1.1869e-06
257	0.68267	0.31732	1.5463e-06	1.1784e-06
258	0.70305	0.29695	1.6629e-06	1.1438e-06
259	0.70833	0.29166	1.745e-06	1.1547e-06
260	0.7192	0.2808	1.858e-06	1.1467e-06
261	0.74108	0.25892	2.0002e-06	1.1001e-06
262	0.77456	0.22544	2.2052e-06	1.0049e-06
263	0.82446	0.17554	2.5033e-06	8.3222e-07
264	0.90928	0.090721	2.9329e-06	5.1711e-07
265	0.91992	0.080077	3.0944e-06	4.8766e-07
266	0.92374	0.07626	3.2139e-06	4.8823e-07
267	0.93125	0.068745	3.3682e-06	4.7072e-07
268	0.92178	0.078215	3.457e-06	5.3896e-07
269	0.91641	0.083588	3.5844e-06	5.8872e-07
270	0.91449	0.085509	3.7499e-06	6.2235e-07
271	0.91605	0.083941	3.9605e-06	6.3775e-07
272	0.89237	0.10762	4.0531e-06	8.0081e-07
273	0.87947	0.12052	4.1748e-06	9.1677e-07
274	0.87174	0.12826	4.3501e-06	1.007e-06
275	0.87011	0.12988	4.5401e-06	1.0643e-06
276	0.87413	0.12586	4.7467e-06	1.0874e-06
277	0.88289	0.11711	5.0171e-06	1.0774e-06
278	0.87173	0.12826	5.1103e-06	1.2205e-06
279	0.86543	0.13456	5.2663e-06	1.3294e-06
280	0.865	0.13499	5.4453e-06	1.3966e-06
281	0.86876	0.13123	5.6896e-06	1.4313e-06
282	0.87725	0.12274	6.0105e-06	1.4257e-06
283	0.87736	0.12264	6.3007e-06	1.4912e-06
284	0.87068	0.12931	6.4937e-06	1.6308e-06
285	0.86811	0.13189	6.7612e-06	1.7343e-06
286	0.87118	0.12882	7.0568e-06	1.7857e-06
287	0.88076	0.11923	7.3917e-06	1.775e-06
288	0.89959	0.1004	7.7913e-06	1.6777e-06
289	0.87864	0.12135	7.6543e-06	2.0029e-06
290	0.86481	0.13518	7.6362e-06	2.236e-06
291	0.85686	0.14313	7.7233e-06	2.396e-06
292	0.8533	0.14669	7.8942e-06	2.5037e-06
293	0.85563	0.14436	8.1121e-06	2.5445e-06
294	0.86256	0.13743	8.4262e-06	2.5254e-06
295	0.87508	0.12491	8.8601e-06	2.4267e-06
296	0.87799	0.12199	9.2137e-06	2.4531e-06
297	0.88498	0.11501	9.6745e-06	2.4172e-06
298	0.89969	0.1003	1.022e-05	2.2688e-06
299	0.92171	0.078273	1.0946e-05	1.9879e-06
300	0.95477	0.045216	1.1949e-05	1.4876e-06
301	0.94868	0.051304	1.2309e-05	1.6909e-06
302	0.94699	0.052994	1.2714e-05	1.8135e-06
303	0.9482	0.051786	1.3247e-05	1.8766e-06
304	0.9453	0.054689	1.3628e-05	2.0534e-06
305	0.94538	0.054607	1.4151e-05	2.162e-06
306	0.94953	0.050457	1.4717e-05	2.1866e-06
307	0.94842	0.051563	1.5215e-05	2.3491e-06
308	0.94996	0.050017	1.5856e-05	2.4445e-06
309	0.95583	0.044155	1.6552e-05	2.4398e-06
310	0.95627	0.043709	1.7175e-05	2.5885e-06
311	0.952	0.047976	1.7201e-05	2.7282e-06
312	0.95164	0.048336	1.7315e-05	2.7602e-06
313	0.94589	0.054093	1.7049e-05	2.8135e-06
314	0.94452	0.055459	1.6868e-05	2.7588e-06
315	0.9461	0.053877	1.6819e-05	2.6114e-06
316	0.95086	0.049118	1.6919e-05	2.352e-06
317	0.96117	0.038812	1.7178e-05	1.9124e-06
318	0.9767	0.023285	1.7677e-05	1.2659e-06
319	0.97131	0.02867	1.7388e-05	1.3859e-06
320	0.96872	0.03126	1.7213e-05	1.4269e-06
321	0.96928	0.030697	1.7095e-05	1.3907e-06
322	0.95392	0.046059	1.6201e-05	1.5619e-06
323	0.94583	0.054151	1.539e-05	1.6004e-06
324	0.9257	0.074281	1.4489e-05	1.8102e-06
325	0.9149	0.085081	1.3696e-05	1.8664e-06
326	0.91037	0.089618	1.2959e-05	1.8195e-06
327	0.91074	0.089248	1.225e-05	1.6954e-06
328	0.88074	0.11925	1.1225e-05	1.9793e-06
329	0.861	0.13899	1.0452e-05	2.093e-06
330	0.84815	0.15184	9.8456e-06	2.1054e-06
331	0.84292	0.15707	9.2946e-06	2.0257e-06
332	0.84382	0.15617	8.775e-06	1.8759e-06
333	0.851	0.14899	8.2768e-06	1.6639e-06
334	0.86396	0.13603	7.9033e-06	1.4038e-06
335	0.88821	0.11178	7.5751e-06	1.059e-06
336	0.9303	0.069695	7.3121e-06	6.0653e-07
337	0.94925	0.050743	6.8793e-06	3.9664e-07
338	0.9488	0.051193	6.2316e-06	3.59e-07
339	0.95224	0.047755	5.5619e-06	2.9853e-07
340	0.95074	0.049255	4.9342e-06	2.7035e-07
341	0.95299	0.047004	4.2819e-06	2.2371e-07
342	0.95814	0.041856	3.7082e-06	1.693e-07
343	0.95927	0.040723	3.0719e-06	1.361e-07
344	0.96321	0.036787	2.5147e-06	9.7901e-08
345	0.97196	0.028042	1.9225e-06	5.5405e-08
346	0.96975	0.030253	1.8058e-06	5.9325e-08
347	0.96213	0.03787	1.6919e-06	7.3499e-08
348	0.95774	0.042259	1.5977e-06	7.958e-08
349	0.95605	0.043948	1.5199e-06	7.9927e-08
350	0.95793	0.042064	1.4389e-06	7.4517e-08
351	0.96255	0.03745	1.372e-06	6.5121e-08
352	0.96246	0.03754	1.307e-06	6.3137e-08
353	0.96475	0.035249	1.2542e-06	5.7604e-08
354	0.97103	0.028964	1.1981e-06	4.7345e-08
355	0.96602	0.033979	1.1344e-06	5.299e-08
356	0.96384	0.036159	1.0837e-06	5.4171e-08
357	0.96418	0.035818	1.044e-06	5.192e-08
358	0.96005	0.039949	1.0062e-06	5.5003e-08
359	0.94748	0.052516	9.6543e-07	6.6985e-08
360	0.93948	0.060516	9.3591e-07	7.3151e-08
361	0.93649	0.063507	9.0552e-07	7.3979e-08
362	0.93666	0.06334	8.8467e-07	7.1311e-08
363	0.94001	0.05999	8.7292e-07	6.5266e-08
364	0.94849	0.051512	8.6004e-07	5.4371e-08
365	0.96168	0.038318	8.5688e-07	3.8693e-08
366	0.98518	0.014816	8.5661e-07	1.4136e-08
367	0.98369	0.016305	8.2364e-07	1.4794e-08
368	0.98394	0.01606	7.9745e-07	1.3824e-08
369	0.9867	0.013303	7.6708e-07	1.0941e-08
370	0.98736	0.012636	7.2859e-07	9.9603e-09
371	0.98983	0.010165	6.9735e-07	7.6271e-09
372	0.9905	0.0094973	6.5849e-07	6.8097e-09
373	0.99282	0.0071828	6.2638e-07	4.8944e-09
374	0.99788	0.0021225	5.8969e-07	1.5849e-09
375	0.99632	0.0036835	5.5409e-07	2.5953e-09
376	0.99595	0.0040448	5.2423e-07	2.7591e-09
377	0.99674	0.0032585	4.9952e-07	2.2417e-09
378	0.99646	0.0035391	4.8763e-07	2.2562e-09
379	0.99498	0.0050154	4.7813e-07	2.8866e-09
380	0.98364	0.016363	4.587e-07	8.5073e-09
381	0.97617	0.023834	4.445e-07	1.1805e-08
382	0.9616	0.038401	4.2215e-07	1.8398e-08
383	0.95391	0.046092	3.9841e-07	2.1467e-08
384	0.94982	0.05018	3.8002e-07	2.2551e-08
385	0.94972	0.050275	3.5862e-07	2.1836e-08
386	0.95229	0.047707	3.4104e-07	2.0045e-08
387	0.95783	0.042165	3.2702e-07	1.7207e-08
388	0.95829	0.041711	3.1338e-07	1.632e-08
389	0.9543	0.045699	3.0083e-07	1.6925e-08
390	0.9427	0.057299	2.8848e-07	1.9729e-08
391	0.86618	0.13382	2.5255e-07	4.1781e-08
392	0.81242	0.18758	2.2758e-07	5.4654e-08
393	0.78154	0.21846	2.061e-07	5.9946e-08
394	0.76068	0.23932	1.899e-07	6.1518e-08
395	0.75047	0.24953	1.7334e-07	5.9467e-08
396	0.74603	0.25397	1.6022e-07	5.5768e-08
397	0.74857	0.25143	1.4531e-07	4.9949e-08
398	0.75607	0.24393	1.3257e-07	4.3282e-08
399	0.75318	0.24682	1.1937e-07	3.8543e-08
400	0.75492	0.24508	1.0794e-07	3.2985e-08
401	0.7615	0.2385	9.795e-08	2.677e-08
402	0.77694	0.22306	8.5678e-08	1.9246e-08
403	0.782	0.218	1.0591e-07	2.4826e-08
404	0.79279	0.20721	1.2909e-07	2.9267e-08
405	0.8143	0.1857	1.5108e-07	3.0864e-08
406	0.85232	0.14768	1.7335e-07	2.8192e-08
407	0.9068	0.093204	2.0248e-07	2.0212e-08
408	0.98683	0.013172	2.4308e-07	3.0575e-09
409	0.99949	0.00051165	2.65e-07	1.3318e-10
410	0.99765	0.0023535	2.8608e-07	6.6226e-10
411	0.9969	0.003098	3.0989e-07	9.1281e-10
412	0.99521	0.0047868	3.2868e-07	1.5008e-09
413	0.99512	0.0048821	3.4332e-07	1.6196e-09
414	0.99659	0.0034102	3.5394e-07	1.2108e-09
415	0.99449	0.0055086	3.6607e-07	2.045e-09
416	0.9938	0.0061983	3.8168e-07	2.3559e-09
417	0.99478	0.0052193	3.932e-07	2.0464e-09
418	0.9939	0.0060959	3.9911e-07	2.4901e-09
419	0.99165	0.0083448	3.9974e-07	3.5688e-09
420	0.9909	0.0091032	4.0347e-07	3.9815e-09
421	0.99154	0.0084623	4.1029e-07	3.7653e-09
422	0.99376	0.0062373	4.2088e-07	2.7914e-09
423	0.99423	0.0057735	4.339e-07	2.543e-09
424	0.99361	0.0063898	4.4088e-07	2.7974e-09
425	0.99468	0.0053154	4.4381e-07	2.3303e-09
426	0.99773	0.0022739	4.4281e-07	1.0385e-09
427	0.99908	0.00091646	4.4376e-07	4.3663e-10
428	0.99883	0.0011688	4.392e-07	5.8898e-10
429	0.99937	0.00063272	4.3765e-07	3.6644e-10
430	0.99607	0.0039282	4.0703e-07	1.773e-09
431	0.98895	0.011053	3.7904e-07	4.4289e-09
432	0.98449	0.01551	3.5545e-07	5.6835e-09
433	0.98231	0.017691	3.3607e-07	5.9293e-09
434	0.98268	0.017324	3.1281e-07	5.2932e-09
435	0.98569	0.014306	2.8546e-07	3.9183e-09
436	0.98575	0.014245	2.5995e-07	3.4336e-09
437	0.9751	0.024903	2.2737e-07	5.2392e-09
438	0.9696	0.030396	1.9158e-07	5.3946e-09
439	0.96678	0.033224	1.5935e-07	4.7288e-09
440	0.96724	0.032761	1.2304e-07	3.413e-09
441	0.97113	0.028873	8.2156e-08	1.7845e-09
442	0.94701	0.05299	8.424e-08	4.525e-09
443	0.93056	0.069444	8.7001e-08	6.6222e-09
444	0.92021	0.079789	9.0626e-08	8.1479e-09
445	0.89852	0.10148	8.9726e-08	1.0891e-08
446	0.88406	0.11594	8.9746e-08	1.2779e-08
447	0.87726	0.12274	8.7519e-08	1.3634e-08
448	0.85772	0.14228	8.4299e-08	1.574e-08
449	0.84784	0.15216	7.9199e-08	1.6474e-08
450	0.84311	0.15689	7.5038e-08	1.6474e-08
451	0.84286	0.15714	7.1606e-08	1.5891e-08
452	0.84703	0.15297	6.8786e-08	1.4787e-08
453	0.8558	0.1442	6.632e-08	1.3183e-08
454	0.87079	0.12921	6.4434e-08	1.1007e-08
455	0.89415	0.10585	6.3202e-08	8.1479e-09
456	0.93473	0.065265	5.9899e-08	4.2195e-09
457	0.81944	0.18056	4.439e-08	9.0961e-09
458	0.74072	0.25928	3.3072e-08	9.7267e-09
459	0.68544	0.31456	2.4019e-08	7.6764e-09
460	0.57799	0.42201	2.8429e-08	1.6775e-08
461	0.51508	0.48492	3.0871e-08	2.4918e-08
462	0.47853	0.52147	3.2174e-08	3.1349e-08
463	0.39062	0.60938	2.9373e-08	4.1333e-08
464	0.33924	0.66076	2.695e-08	4.8166e-08
465	0.30334	0.69666	2.5532e-08	5.335e-08
466	0.28315	0.71685	2.4145e-08	5.5791e-08
467	0.27007	0.72993	2.3395e-08	5.6912e-08
468	0.26505	0.73495	2.2379e-08	5.5612e-08
469	0.26672	0.73328	2.1001e-08	5.1989e-08
470	0.25708	0.74292	1.8944e-08	4.8484e-08
471	0.25476	0.74524	1.6596e-08	4.2599e-08
472	0.24151	0.75849	1.2882e-08	3.5394e-08
473	0.23415	0.76585	9.8065e-09	2.6953e-08
474	0.23123	0.76877	7.0128e-09	1.7417e-08
475	0.18233	0.81767	7.2404e-09	2.8995e-08
476	0.14787	0.85213	7.1878e-09	3.9959e-08
477	0.12371	0.87629	7.0995e-09	5.0094e-08
478	0.1102	0.8898	6.8796e-09	5.7811e-08
479	0.10174	0.89826	6.8884e-09	6.4555e-08
480	0.079043	0.92096	5.7808e-09	7.1786e-08
481	0.063109	0.93689	5.0025e-09	7.7865e-08
482	0.052019	0.94798	4.501e-09	8.2855e-08
483	0.04444	0.95556	4.234e-09	8.6812e-08
484	0.039709	0.96029	4.2088e-09	8.987e-08
485	0.038011	0.96199	4.2872e-09	9.0286e-08
486	0.038068	0.96193	4.6103e-09	8.9801e-08
487	0.033704	0.9663	6.8514e-09	1.7239e-07
488	0.032109	0.96789	8.8514e-09	2.5128e-07
489	0.03193	0.96807	1.1388e-08	3.3339e-07
490	0.027483	0.97252	1.169e-08	4.1372e-07
491	0.024872	0.97513	1.2583e-08	4.9806e-07
492	0.023569	0.97643	1.4136e-08	5.8611e-07
493	0.018134	0.98187	1.2289e-08	6.7337e-07
494	0.015231	0.98477	1.1211e-08	7.5573e-07
495	0.014064	0.98594	1.0909e-08	8.3325e-07
496	0.013814	0.98618	1.149e-08	9.1487e-07
497	0.014961	0.98504	1.3048e-08	9.9137e-07
498	0.017179	0.98282	1.6039e-08	1.0717e-06
499	0.021644	0.97835	2.1181e-08	1.1457e-06
500	0.029626	0.97037	2.9837e-08	1.2119e-06
501	0.040903	0.9591	4.3514e-08	1.2779e-06
502	0.060244	0.93975	6.6257e-08	1.3305e-06
503	0.067966	0.93203	7.8766e-08	1.3992e-06
504	0.082207	0.91779	9.8911e-08	1.4557e-06
505	0.10261	0.89739	1.302e-07	1.5066e-06
506	0.13163	0.86837	1.7857e-07	1.5465e-06
507	0.17414	0.82586	2.5606e-07	1.5647e-06
508	0.23426	0.76574	3.7625e-07	1.5475e-06
509	0.33637	0.66363	5.7338e-07	1.4474e-06
510	0.48527	0.51473	8.917e-07	1.2359e-06
511	0.50355	0.49645	9.8219e-07	1.2637e-06
512	0.53117	0.46883	1.1078e-06	1.2677e-06
513	0.57956	0.42044	1.2796e-06	1.217e-06
514	0.65095	0.34905	1.5379e-06	1.0937e-06
515	0.7556	0.2444	1.9319e-06	8.506e-07
516	0.93197	0.068031	2.5391e-06	3.8325e-07
517	0.93777	0.062223	2.5563e-06	3.5158e-07
518	0.94995	0.050047	2.589e-06	2.9594e-07
519	0.97177	0.02823	2.6475e-06	2.0585e-07
520	0.95166	0.048339	2.405e-06	2.5159e-07
521	0.94063	0.059366	2.1788e-06	2.6562e-07
522	0.93418	0.065822	1.993e-06	2.6318e-07
523	0.93136	0.068634	1.8392e-06	2.5002e-07
524	0.93179	0.068207	1.7123e-06	2.2905e-07
525	0.93525	0.064745	1.607e-06	2.0183e-07
526	0.92178	0.078215	1.6251e-06	2.4829e-07
527	0.91524	0.084759	1.6505e-06	2.7917e-07
528	0.91233	0.087672	1.6941e-06	3.0119e-07
529	0.86899	0.13101	1.6642e-06	4.336e-07
530	0.83993	0.16006	1.6791e-06	5.3533e-07
531	0.82408	0.17591	1.7119e-06	6.0924e-07
532	0.78499	0.21501	1.681e-06	7.5962e-07
533	0.7631	0.23689	1.6812e-06	8.693e-07
534	0.74957	0.25043	1.7169e-06	9.5774e-07
535	0.71982	0.28018	1.6774e-06	1.1117e-06
536	0.70065	0.29935	1.6828e-06	1.2354e-06
537	0.68929	0.31071	1.7244e-06	1.3384e-06
538	0.65918	0.34081	1.706e-06	1.5186e-06
539	0.63982	0.36017	1.7339e-06	1.671e-06
540	0.62783	0.37216	1.7971e-06	1.8061e-06
541	0.62177	0.37823	1.8937e-06	1.9273e-06
542	0.6234	0.3766	2.0062e-06	2.02e-06
543	0.63332	0.36667	2.1408e-06	2.0786e-06
544	0.61209	0.38791	2.1138e-06	2.287e-06
545	0.59866	0.40133	2.1349e-06	2.4658e-06
546	0.59144	0.40855	2.1976e-06	2.6227e-06
547	0.56692	0.43307	2.1768e-06	2.8845e-06
548	0.55455	0.44544	2.1974e-06	3.092e-06
549	0.55093	0.44907	2.2498e-06	3.2554e-06
550	0.55244	0.44755	2.344e-06	3.3979e-06
551	0.55927	0.44072	2.4839e-06	3.5173e-06
552	0.57587	0.42413	2.6657e-06	3.5814e-06
553	0.60224	0.39776	2.9301e-06	3.5892e-06
554	0.64083	0.35917	3.3038e-06	3.5143e-06
555	0.69627	0.30372	3.8375e-06	3.3087e-06
556	0.77524	0.22475	4.6104e-06	2.8969e-06
557	0.80901	0.19099	5.1336e-06	2.7722e-06
558	0.85763	0.14237	5.8532e-06	2.493e-06
559	0.84729	0.1527	5.8345e-06	2.5822e-06
560	0.84383	0.15616	5.864e-06	2.6107e-06
561	0.84639	0.1536	5.9395e-06	2.581e-06
562	0.82178	0.17821	5.7043e-06	2.8499e-06
563	0.80608	0.19391	5.5843e-06	3.0224e-06
564	0.79905	0.20094	5.5331e-06	3.1142e-06
565	0.72041	0.27959	4.8699e-06	3.5371e-06
566	0.67469	0.3253	4.4231e-06	3.7276e-06
567	0.64313	0.35687	4.1145e-06	3.8053e-06
568	0.62624	0.37375	3.8926e-06	3.7817e-06
569	0.61912	0.38087	3.7259e-06	3.6879e-06
570	0.61979	0.3802	3.6002e-06	3.5376e-06
571	0.62845	0.37154	3.5128e-06	3.3329e-06
572	0.64429	0.3557	3.4973e-06	3.0862e-06
573	0.67423	0.32577	3.5486e-06	2.7568e-06
574	0.66737	0.33262	3.3629e-06	2.6908e-06
575	0.66824	0.33176	3.2092e-06	2.5772e-06
576	0.67468	0.32531	3.111e-06	2.4359e-06
577	0.67194	0.32805	2.9399e-06	2.3524e-06
578	0.67415	0.32585	2.8162e-06	2.2456e-06
579	0.68156	0.31843	2.7368e-06	2.1165e-06
580	0.69866	0.30134	2.6861e-06	1.9449e-06
581	0.70253	0.29746	2.5818e-06	1.8485e-06
582	0.71229	0.28771	2.5222e-06	1.7291e-06
583	0.71059	0.2894	2.4217e-06	1.6687e-06
584	0.71618	0.28382	2.3392e-06	1.5783e-06
585	0.72793	0.27206	2.2978e-06	1.4661e-06
586	0.74755	0.25245	2.3031e-06	1.3249e-06
587	0.77785	0.22215	2.3668e-06	1.1416e-06
588	0.79068	0.20932	2.3313e-06	1.047e-06
589	0.77575	0.22424	2.203e-06	1.0597e-06
590	0.76742	0.23257	2.1132e-06	1.0487e-06
591	0.76449	0.2355	2.0547e-06	1.02e-06
592	0.76654	0.23345	2.0247e-06	9.7533e-07
593	0.77612	0.22388	2.0106e-06	9.0605e-07
594	0.79576	0.20424	2.0183e-06	8.0591e-07
595	0.82595	0.17404	2.0733e-06	6.7124e-07
596	0.87105	0.12895	2.1925e-06	4.8459e-07
597	0.9354	0.064596	2.3922e-06	2.2791e-07
598	0.96884	0.031155	2.4509e-06	1.0298e-07
599	0.98639	0.013608	2.4361e-06	4.2029e-08
600	0.984	0.015996	2.3469e-06	4.5517e-08
601	0.97553	0.024473	2.2321e-06	6.364e-08
602	0.95859	0.04141	2.0867e-06	1.0099e-07
603	0.94768	0.052316	1.9738e-06	1.2026e-07
604	0.92576	0.074236	1.8282e-06	1.62e-07
605	0.91373	0.086272	1.6961e-06	1.7997e-07
606	0.90642	0.093582	1.589e-06	1.8562e-07
607	0.90461	0.095389	1.483e-06	1.8019e-07
608	0.90644	0.093558	1.3969e-06	1.6835e-07
609	0.91185	0.088153	1.3268e-06	1.5126e-07
610	0.91038	0.089617	1.2554e-06	1.4542e-07
611	0.91373	0.086273	1.1823e-06	1.3285e-07
612	0.91059	0.089408	1.1105e-06	1.2951e-07
613	0.91232	0.08768	1.0368e-06	1.1984e-07
614	0.91785	0.082153	9.7723e-07	1.0609e-07
615	0.92797	0.072034	9.3117e-07	8.7917e-08
616	0.93062	0.069381	8.8386e-07	7.9261e-08
617	0.93663	0.063366	8.464e-07	6.7421e-08
618	0.93773	0.062268	7.963e-07	6.1381e-08
619	0.94183	0.058166	7.5515e-07	5.2816e-08
620	0.95141	0.048585	7.1123e-07	4.0303e-08
621	0.95531	0.044688	6.5306e-07	3.367e-08
622	0.94442	0.055579	5.9254e-07	3.692e-08
623	0.93772	0.062282	5.4148e-07	3.661e-08
624	0.9358	0.064201	4.8714e-07	3.3184e-08
625	0.93812	0.061881	4.284e-07	2.7544e-08
626	0.94391	0.056092	3.7744e-07	2.0836e-08
627	0.954	0.046	3.3334e-07	1.3204e-08
628	0.95055	0.049447	3.6061e-07	1.6313e-08
629	0.94982	0.050175	3.9219e-07	1.8497e-08
630	0.95298	0.047019	4.2022e-07	1.905e-08
631	0.96092	0.039082	4.4536e-07	1.7404e-08
632	0.95609	0.043906	4.6892e-07	2.1288e-08
633	0.95406	0.045936	4.9748e-07	2.3892e-08
634	0.95458	0.045415	5.3148e-07	2.5138e-08
635	0.95902	0.040982	5.6222e-07	2.4074e-08
636	0.96862	0.031378	5.907e-07	1.979e-08
637	0.97281	0.027193	6.1237e-07	1.8332e-08
638	0.98022	0.019775	6.4108e-07	1.4448e-08
639	0.99156	0.0084436	6.7745e-07	7.2213e-09
640	0.98902	0.01098	6.997e-07	9.9331e-09
641	0.98274	0.017263	7.2372e-07	1.6119e-08
642	0.97903	0.020965	7.5466e-07	2.0333e-08
643	0.96974	0.030255	7.8633e-07	2.9924e-08
644	0.96422	0.035781	8.2755e-07	3.6625e-08
645	0.96251	0.03749	8.6524e-07	4.0287e-08
646	0.95679	0.043212	8.9183e-07	4.8629e-08
647	0.95421	0.045788	9.2813e-07	5.3862e-08
648	0.95529	0.044708	9.6155e-07	5.5445e-08
649	0.89829	0.10171	9.3222e-07	1.2748e-07
650	0.86526	0.13474	9.1966e-07	1.7625e-07
651	0.84343	0.15657	9.2676e-07	2.1215e-07
652	0.79234	0.20766	9.0015e-07	2.8813e-07
653	0.76312	0.23688	8.9023e-07	3.4096e-07
654	0.74425	0.25575	8.997e-07	3.815e-07
655	0.69834	0.30166	8.7555e-07	4.6237e-07
656	0.67243	0.32757	8.6813e-07	5.2003e-07
657	0.65611	0.34389	8.8001e-07	5.659e-07
658	0.64933	0.35067	8.9867e-07	5.9855e-07
659	0.64775	0.35225	9.3098e-07	6.2435e-07
660	0.65166	0.34834	9.7943e-07	6.423e-07
661	0.66107	0.33892	1.0453e-06	6.5084e-07
662	0.68128	0.31872	1.1248e-06	6.3847e-07
663	0.718	0.28199	1.2289e-06	5.9448e-07
664	0.77262	0.22738	1.3833e-06	5.0951e-07
665	0.86537	0.13463	1.6065e-06	3.4792e-07
666	0.91371	0.086287	1.7407e-06	2.6751e-07
667	0.91805	0.081949	1.7028e-06	2.4289e-07
668	0.90161	0.098389	1.6299e-06	2.6247e-07
669	0.89103	0.10897	1.5779e-06	2.6967e-07
670	0.88698	0.11302	1.5303e-06	2.6476e-07
671	0.88829	0.11171	1.485e-06	2.4967e-07
672	0.89525	0.10475	1.4417e-06	2.2446e-07
673	0.90703	0.092971	1.4159e-06	1.9074e-07
674	0.92876	0.071236	1.3976e-06	1.4143e-07
675	0.96031	0.039686	1.4043e-06	7.5934e-08
676	0.97536	0.024641	1.3668e-06	4.6552e-08
677	0.9817	0.018299	1.3227e-06	3.3501e-08
678	0.99188	0.00812	1.2935e-06	1.4474e-08
679	0.99257	0.007426	1.2394e-06	1.2592e-08
680	0.99167	0.0083318	1.1917e-06	1.3016e-08
681	0.9926	0.0074001	1.1389e-06	1.1167e-08
682	0.99177	0.0082279	1.091e-06	1.1629e-08
683	0.9923	0.0077018	1.0517e-06	1.0365e-08
684	0.99424	0.0057586	1.0204e-06	7.4304e-09
685	0.99783	0.0021647	9.9679e-07	2.5936e-09
686	0.99973	0.00027292	9.6414e-07	3.0166e-10
687	0.99992	7.8638e-05	9.2238e-07	8.6947e-11
688	0.99927	0.00073051	8.8653e-07	7.2018e-10
689	0.9981	0.0018965	8.565e-07	1.7564e-09
690	0.99559	0.00441	8.3055e-07	3.8238e-09
691	0.99443	0.0055691	8.1071e-07	4.587e-09
692	0.99487	0.0051292	7.8621e-07	4.0937e-09
693	0.99664	0.0033585	7.6816e-07	2.5014e-09
694	0.99744	0.0025591	7.4336e-07	1.789e-09
695	0.99755	0.0024493	7.1201e-07	1.6328e-09
696	0.99711	0.0028913	6.7421e-07	1.8681e-09
697	0.99548	0.0045227	6.4065e-07	2.7546e-09
698	0.99542	0.0045796	6.0214e-07	2.6331e-09
699	0.99428	0.0057196	5.5691e-07	3.1336e-09
700	0.99443	0.0055647	5.1811e-07	2.8142e-09
701	0.9963	0.0036967	4.7413e-07	1.7334e-09
702	0.99705	0.0029471	4.2337e-07	1.3038e-09
703	0.99686	0.0031363	3.7785e-07	1.2744e-09
704	0.99775	0.0022528	3.3771e-07	8.3343e-10
705	0.99983	0.00016928	3.0229e-07	6.1011e-11
706	0.99885	0.0011499	2.692e-07	3.4012e-10
707	0.99874	0.0012642	2.3982e-07	3.3111e-10
708	0.99947	0.00052879	2.1364e-07	1.1994e-10
709	0.9131	0.086897	1.7413e-07	1.5435e-08
710	0.86257	0.13743	1.4009e-07	2.0943e-08
711	0.82736	0.17264	1.129e-07	2.1433e-08
712	0.75912	0.24088	8.0746e-08	2.275e-08
713	0.71133	0.28867	5.5772e-08	1.84e-08
714	0.68425	0.31575	3.1276e-08	9.6903e-09
715	0.62946	0.37054	3.0063e-08	1.3542e-08
716	0.59263	0.40737	2.9401e-08	1.6155e-08
717	0.56756	0.43244	2.8992e-08	1.7693e-08
718	0.55192	0.44808	2.8876e-08	1.8239e-08
719	0.54592	0.45408	2.7529e-08	1.7288e-08
720	0.54774	0.45226	2.4875e-08	1.4912e-08
721	0.53908	0.46092	3.8696e-08	3.0218e-08
722	0.53593	0.46407	5.3355e-08	4.557e-08
723	0.53791	0.46209	6.9474e-08	6.058e-08
724	0.54824	0.45176	8.4537e-08	7.2994e-08
725	0.56629	0.43371	1.0294e-07	8.3669e-08
726	0.59464	0.40536	1.264e-07	9.123e-08
727	0.63736	0.36264	1.5766e-07	9.3305e-08
728	0.71109	0.28891	1.9666e-07	8.3453e-08
729	0.81915	0.18085	2.5481e-07	5.722e-08
730	0.87556	0.12444	2.9627e-07	4.3058e-08
731	0.88225	0.11775	3.1807e-07	4.3908e-08
732	0.89379	0.10621	3.4483e-07	4.2465e-08
733	0.91157	0.088427	3.7805e-07	3.7554e-08
734	0.94291	0.057085	4.1314e-07	2.583e-08
735	0.98783	0.012166	4.6022e-07	5.3528e-09
736	0.98879	0.011205	4.8189e-07	5.0767e-09
737	0.99214	0.007855	4.9965e-07	3.6217e-09
738	0.99881	0.0011935	5.1402e-07	5.218e-10
739	0.99838	0.0016165	5.3033e-07	6.8125e-10
740	0.9975	0.0025003	5.4131e-07	1.043e-09
741	0.99784	0.0021635	5.4779e-07	8.1814e-10
742	0.99526	0.0047422	7.131e-07	3.1994e-09
743	0.99406	0.0059369	8.9695e-07	5.2208e-09
744	0.99411	0.0058911	1.1021e-06	6.3094e-09
745	0.99284	0.0071622	1.2906e-06	9.1292e-09
746	0.98959	0.010413	1.4612e-06	1.5569e-08
747	0.98808	0.011921	1.6537e-06	2.0157e-08
748	0.98386	0.016133	1.8255e-06	3.0722e-08
749	0.98175	0.018245	2.0213e-06	3.8334e-08
750	0.98218	0.01782	2.2066e-06	4.1277e-08
751	0.9846	0.015402	2.4217e-06	3.8894e-08
752	0.99028	0.0097156	2.6302e-06	2.7259e-08
753	0.99935	0.00064867	2.878e-06	2.497e-09
754	0.9996	0.00039979	3.1335e-06	2.0637e-09
755	0.99978	0.00022003	3.1826e-06	8.6081e-10
756	0.99996	3.9755e-05	3.1873e-06	1.3757e-10
757	0.9986	0.0013959	3.198e-06	4.1468e-09
758	0.99821	0.0017872	3.2239e-06	5.0042e-09
759	0.99891	0.0010841	3.2438e-06	2.5901e-09
760	0.99797	0.0020214	3.6608e-06	7.1396e-09
761	0.998	0.0019934	4.135e-06	8.3699e-09
762	0.99895	0.0010451	4.6687e-06	5.1038e-09
763	0.9981	0.0018968	5.2553e-06	1.0211e-08
764	0.99838	0.001613	5.8091e-06	9.9282e-09
765	0.99963	0.00036188	6.4412e-06	2.6905e-09
766	0.99968	0.00031505	7.1466e-06	2.7154e-09
767	0.99894	0.001054	7.799e-06	1.0468e-08
768	0.99739	0.0026041	8.5186e-06	2.8137e-08
769	0.99718	0.002813	9.2016e-06	3.5303e-08
770	0.99801	0.0019839	9.9853e-06	3.1261e-08
771	0.99831	0.0016782	1.0699e-05	3.4497e-08
772	0.99807	0.0019191	1.0887e-05	3.6859e-08
773	0.99711	0.0028749	1.1098e-05	5.0133e-08
774	0.99716	0.0028279	1.1355e-05	5.0069e-08
775	0.99854	0.0014478	1.1607e-05	3.3255e-08
776	0.99771	0.0022799	1.1554e-05	4.1201e-08
777	0.99786	0.0021287	1.1539e-05	3.5429e-08
778	0.99896	0.0010253	1.156e-05	1.5939e-08
779	0.99965	0.00033418	1.1557e-05	5.0552e-09
780	0.99947	0.00051457	1.1566e-05	6.5968e-09
781	0.99925	0.000742	1.1558e-05	9.3039e-09
782	0.99976	0.0002237	1.1583e-05	2.7307e-09
783	0.99973	0.00026117	1.1586e-05	3.2939e-09
784	0.99882	0.0011723	1.1603e-05	1.4242e-08
785	0.99891	0.0010784	1.1615e-05	1.3867e-08
786	0.99982	0.00017241	1.166e-05	3.3054e-09
787	0.99997	1.5317e-05	1.1411e-05	2.2334e-10
788	0.99963	0.00036292	1.1131e-05	4.3583e-09
789	0.99993	6.0539e-05	1.0897e-05	8.2184e-10
790	0.99967	0.00031952	1.0633e-05	4.9724e-09
791	0.99936	0.00062464	1.0404e-05	1.0681e-08
792	0.99882	0.0011662	1.0204e-05	2.1104e-08
793	0.99768	0.002306	9.4849e-06	3.0568e-08
794	0.99757	0.0024255	8.8592e-06	2.8194e-08
795	0.9984	0.0015932	8.3093e-06	1.6644e-08
796	0.99876	0.0012369	7.7131e-06	1.1855e-08
797	0.99869	0.0012999	7.1826e-06	1.101e-08
798	0.99815	0.0018445	6.705e-06	1.3495e-08
799	0.99228	0.0077104	6.247e-06	4.699e-08
800	0.98038	0.019612	5.7278e-06	1.1099e-07
801	0.95571	0.044284	5.1157e-06	2.3579e-07
802	0.89952	0.10048	4.4377e-06	4.8173e-07
803	0.86697	0.13302	3.8764e-06	5.8205e-07
804	0.84548	0.15452	3.4394e-06	6.0798e-07
805	0.83195	0.16805	3.09e-06	5.9046e-07
806	0.82637	0.17363	2.7511e-06	5.3881e-07
807	0.82707	0.17292	2.4097e-06	4.6496e-07
808	0.83425	0.16575	2.0577e-06	3.7571e-07
809	0.84987	0.15012	1.6882e-06	2.7629e-07
810	0.87424	0.12576	1.3658e-06	1.7916e-07
811	0.87228	0.12772	1.29e-06	1.7755e-07
812	0.87591	0.12409	1.2137e-06	1.6791e-07
813	0.88377	0.11623	1.1519e-06	1.5342e-07
814	0.88336	0.11664	1.0882e-06	1.495e-07
815	0.88692	0.11308	1.0384e-06	1.4065e-07
816	0.89497	0.10503	1.0016e-06	1.2701e-07
817	0.88186	0.11814	9.4708e-07	1.3768e-07
818	0.8761	0.1239	8.9497e-07	1.3923e-07
819	0.87428	0.12572	8.5397e-07	1.3603e-07
820	0.8654	0.1346	7.9935e-07	1.3986e-07
821	0.86135	0.13865	7.5716e-07	1.3811e-07
822	0.86122	0.13878	7.2435e-07	1.3252e-07
823	0.85192	0.14808	6.8887e-07	1.3471e-07
824	0.8493	0.1507	6.5361e-07	1.3078e-07
825	0.85065	0.14935	6.2648e-07	1.2362e-07
826	0.85838	0.14162	5.9827e-07	1.1175e-07
827	0.87468	0.12532	5.6922e-07	9.4761e-08
828	0.89901	0.10099	5.4913e-07	7.3826e-08
829	0.9086	0.091403	5.2347e-07	6.3752e-08
830	0.92366	0.076336	5.0481e-07	5.089e-08
831	0.94602	0.053978	4.9373e-07	3.4343e-08
832	0.95532	0.044676	4.7736e-07	2.6743e-08
833	0.95909	0.040905	4.5193e-07	2.2951e-08
834	0.96598	0.034016	4.3146e-07	1.7745e-08
835	0.97918	0.020822	4.0817e-07	1.0148e-08
836	0.98489	0.015114	3.8472e-07	6.7014e-09
837	0.99567	0.0043287	3.5767e-07	1.7127e-09
838	0.99469	0.0053093	3.202e-07	1.8419e-09
839	0.99527	0.0047275	2.7782e-07	1.4603e-09
840	0.99466	0.0053444	2.394e-07	1.4187e-09
841	0.99529	0.0047135	2.0503e-07	1.0534e-09
842	0.99717	0.0028296	1.7362e-07	4.9534e-10
843	0.99778	0.0022188	1.4427e-07	2.6444e-10
844	0.99545	0.0045515	1.5073e-07	6.0383e-10
845	0.99483	0.0051685	1.5375e-07	7.1162e-10
846	0.99545	0.0045511	1.5797e-07	6.1399e-10
847	0.99483	0.0051671	1.628e-07	6.7041e-10
848	0.99304	0.0069583	2.5704e-07	1.7983e-09
849	0.99261	0.0073891	3.6079e-07	2.8277e-09
850	0.99349	0.0065114	4.7573e-07	3.3408e-09
851	0.99578	0.0042195	6.0384e-07	2.7583e-09
852	0.99976	0.00023813	7.4756e-07	1.8436e-10
853	0.99993	7.1851e-05	8.7774e-07	7.1398e-11
854	0.99746	0.0025379	1.0212e-06	2.7995e-09
855	0.98034	0.019655	1.133e-06	2.5491e-08
856	0.96873	0.031264	1.2631e-06	4.5027e-08
857	0.96275	0.037253	1.3862e-06	5.9863e-08
858	0.95964	0.040361	1.5281e-06	7.1571e-08
859	0.96005	0.039944	1.6631e-06	7.8073e-08
860	0.96295	0.037047	1.8196e-06	7.9581e-08
861	0.96868	0.031321	2.0017e-06	7.3831e-08
862	0.97988	0.020121	2.184e-06	5.4183e-08
863	0.99698	0.0030128	2.4082e-06	1.4403e-08
864	0.997	0.0029968	2.6215e-06	1.7043e-08
865	0.99201	0.0079856	2.6398e-06	3.3362e-08
866	0.98921	0.010788	2.6768e-06	4.261e-08
867	0.98819	0.011807	2.7316e-06	4.6142e-08
868	0.98881	0.011188	2.8051e-06	4.4171e-08
869	0.99174	0.0082526	2.876e-06	3.4844e-08
870	0.9929	0.0070962	2.9306e-06	3.2105e-08
871	0.99277	0.0072231	3.4695e-06	4.6232e-08
872	0.99084	0.0091536	3.6175e-06	5.7793e-08
873	0.99039	0.0096016	3.7929e-06	6.282e-08
874	0.99138	0.0086208	3.9984e-06	6.0823e-08
875	0.99098	0.0090169	4.179e-06	6.7393e-08
876	0.99208	0.0079188	4.3946e-06	6.5763e-08
877	0.99483	0.0051684	4.6504e-06	5.3881e-08
878	0.99573	0.004262	4.9287e-06	5.2934e-08
879	0.98372	0.016277	5.0172e-06	1.723e-07
880	0.97727	0.022723	5.1297e-06	2.5071e-07
881	0.97374	0.026259	5.295e-06	3.0439e-07
882	0.9726	0.027393	5.5107e-06	3.3866e-07
883	0.97355	0.026447	5.774e-06	3.5645e-07
884	0.97083	0.029159	6.0374e-06	4.122e-07
885	0.97034	0.029656	6.3582e-06	4.4879e-07
886	0.95155	0.04844	6.2662e-06	5.9982e-07
887	0.90869	0.091299	6.0088e-06	9.3584e-07
888	0.81466	0.18534	5.3919e-06	1.6513e-06
889	0.60104	0.39896	3.9245e-06	3.2357e-06
890	0.45462	0.54538	2.9653e-06	4.3311e-06
891	0.35432	0.64567	2.3421e-06	5.1095e-06
892	0.29549	0.7045	1.9572e-06	5.6398e-06
893	0.25553	0.74446	1.7175e-06	6.0426e-06
894	0.22772	0.77227	1.569e-06	6.371e-06
895	0.17142	0.82857	1.182e-06	6.9285e-06
896	0.13163	0.86836	9.1955e-07	7.3778e-06
897	0.10853	0.89146	7.5838e-07	7.7172e-06
898	0.095575	0.90442	6.6328e-07	7.9825e-06
899	0.087387	0.9126	6.1068e-07	8.2226e-06
900	0.082483	0.91751	5.8718e-07	8.4503e-06
901	0.080272	0.91972	5.8859e-07	8.6705e-06
902	0.081972	0.91802	6.1727e-07	8.8546e-06
903	0.087981	0.91201	6.7806e-07	8.9981e-06
904	0.072505	0.92749	5.5338e-07	9.3448e-06
905	0.062247	0.93774	4.7724e-07	9.6638e-06
906	0.057095	0.94289	4.3778e-07	9.9371e-06
907	0.054286	0.9457	4.22e-07	1.0206e-05
908	0.054705	0.94528	4.3075e-07	1.0441e-05
909	0.057339	0.94265	4.643e-07	1.0674e-05
910	0.062289	0.9377	5.2547e-07	1.09e-05
911	0.0705	0.92949	6.2855e-07	1.1109e-05
912	0.083154	0.91683	7.9383e-07	1.1284e-05
913	0.076008	0.92398	7.5182e-07	1.1692e-05
914	0.071815	0.92817	7.441e-07	1.2093e-05
915	0.071473	0.92851	7.7167e-07	1.2447e-05
916	0.074885	0.9251	8.3898e-07	1.2749e-05
917	0.081072	0.91891	9.5263e-07	1.3034e-05
918	0.09316	0.90683	1.1404e-06	1.3231e-05
919	0.095663	0.90432	1.2163e-06	1.3574e-05
920	0.10144	0.89854	1.3542e-06	1.3891e-05
921	0.11335	0.88663	1.5792e-06	1.4106e-05
922	0.13089	0.8691	1.9226e-06	1.4237e-05
923	0.16159	0.8384	2.4762e-06	1.4142e-05
924	0.21374	0.78624	3.37e-06	1.3692e-05
925	0.23931	0.76067	3.846e-06	1.3643e-05
926	0.2774	0.72258	4.59e-06	1.3367e-05
927	0.3423	0.65769	5.7731e-06	1.2633e-05
928	0.45184	0.54814	7.6771e-06	1.1159e-05
929	0.6117	0.38828	1.0666e-05	8.647e-06
930	0.67817	0.32181	1.2219e-05	7.627e-06
931	0.79162	0.20836	1.463e-05	5.719e-06
932	0.84305	0.15693	1.6066e-05	4.8491e-06
933	0.91633	0.083652	1.8133e-05	3.4126e-06
934	0.92497	0.075007	1.8536e-05	3.1015e-06
935	0.93915	0.060828	1.918e-05	2.5846e-06
936	0.96435	0.035624	2.0154e-05	1.717e-06
937	0.96684	0.033139	2.032e-05	1.637e-06
938	0.96545	0.034524	2.0398e-05	1.6798e-06
939	0.96731	0.032671	2.0547e-05	1.6316e-06
940	0.96599	0.033987	2.0558e-05	1.6996e-06
941	0.96711	0.03287	2.0687e-05	1.6859e-06
942	0.97062	0.02936	2.0929e-05	1.5929e-06
943	0.97016	0.029819	2.0763e-05	1.5307e-06
944	0.96637	0.033607	2.0456e-05	1.5829e-06
945	0.96598	0.034003	2.0214e-05	1.5449e-06
946	0.96786	0.032122	2.0086e-05	1.4335e-06
